9.999999999999997780e-01 -1.179437378800895267e-19 4.513296021473010816e-20 0.000000000000000000e+00 2.410750703817041256e-18 1.000000000000000000e+00 3.393380551570677611e-19 0.000000000000000000e+00 1.704598014230834765e-20 -9.899396815885539085e-19 1.000000000000000000e+00 5.551115123125782702e-17
9.999792792488056969e-01 2.986490093435098590e-04 -6.430661686224314194e-03 -8.271533221041590597e-03 -2.977227541228743288e-04 9.999999462804117778e-01 1.450017181263552730e-04 -1.697605396888852980e-03 6.430704148012540353e-03 -1.430841779050382769e-04 9.999793129507006384e-01 9.223887328135499386e-02
9.999089976396630108e-01 7.087141716698014664e-04 -1.347232423094615363e-02 -1.854820598477113780e-02 -7.060982745337680616e-04 9.999997335667352161e-01 1.986825029566954360e-04 -3.174546907999731271e-03 1.347246118922786583e-02 -1.891538525723997330e-04 9.999092288410130758e-01 1.860326724517213370e-01
9.997774728683006540e-01 1.167542581802561569e-03 -2.106313034782095542e-02 -2.834307209960505725e-02 -1.174634219037136223e-03 9.999992630476761679e-01 -3.245068385445616004e-04 -5.240083242188060819e-03 2.106273731118423961e-02 3.491727758363777508e-04 9.997781004494222801e-01 2.827846703985537613e-01
9.995386985147550751e-01 1.863359216125170907e-03 -3.031389489820885200e-02 -4.204710509400788609e-02 -1.919914571723505339e-03 9.999964768691447237e-01 -1.836793968331183009e-03 -6.075869650667566069e-03 3.031036538000196623e-02 1.894143404930488271e-03 9.995387471938159685e-01 3.918312034646107000e-01
9.991373141142301240e-01 2.001223134827505388e-03 -4.148056783945149040e-02 -5.556280419953413263e-02 -2.147123466737206523e-03 9.999916716870805855e-01 -3.473181859594463416e-03 -7.671271204979054903e-03 4.147326927480333991e-02 3.559246269201427493e-03 9.991332821813135867e-01 5.058882789420495740e-01
9.984819069479021758e-01 2.010999383458078951e-03 -5.504410022529269975e-02 -7.814784831194364345e-02 -2.252162224539670538e-03 9.999881425653123213e-01 -4.319677680392660681e-03 -8.206627272222863367e-03 5.503475603315917397e-02 4.437085258163805772e-03 9.984745885930490505e-01 6.381361779721059779e-01
9.974574581152797492e-01 2.105619516056317451e-03 -7.123343731884111685e-02 -1.032471532011885462e-01 -2.420793403522817668e-03 9.999876676803107767e-01 -4.338539727191289587e-03 -1.071622684135473125e-02 7.122341717892236024e-02 4.499947755336158872e-03 9.974502458930153415e-01 7.742307258216056809e-01
9.959687948142419422e-01 9.966168835097960043e-04 -8.969499153658208601e-02 -1.338821663589085664e-01 -1.392464911229534044e-03 9.999895778128443657e-01 -4.350838793338049001e-03 -1.211462044176483954e-02 8.968971226414283737e-02 4.458197554890281841e-03 9.959597881714106204e-01 9.231202723515949948e-01
9.939704754654750118e-01 2.852597615966991724e-04 -1.096478065441588573e-01 -1.632476138744442251e-01 -7.776908016082099756e-04 9.999898179127453268e-01 -4.448321291133641373e-03 -1.780663845306802717e-02 1.096454084084503428e-01 4.506774082533055760e-03 9.939605596023665113e-01 1.085808253359386244e+00
9.912486050180169261e-01 4.460774082624389025e-04 -1.320077172322681458e-01 -2.089905532102571684e-01 -1.080905908260828586e-03 9.999882085945774879e-01 -4.737443745031719514e-03 -2.351453412786746328e-02 1.320040315665411967e-01 4.838673182881884915e-03 9.912373813942068068e-01 1.249030925131112468e+00
9.877602142196864055e-01 3.337773952995152886e-03 -1.559444285025204657e-01 -2.671289945620798356e-01 -4.319160118819093293e-03 9.999729605388703035e-01 -5.954803241742061964e-03 -3.018125320577531509e-02 1.559203185808283598e-01 6.555462001917536190e-03 9.877478985656099608e-01 1.423760921707956761e+00
9.834040808106029319e-01 7.550262015915209547e-03 -1.812717780398792333e-01 -3.330207513815673925e-01 -9.078278025048758595e-03 9.999299201508041746e-01 -7.601243160490963983e-03 -3.397445168639515872e-02 1.812016615970699629e-01 9.120724043117044849e-03 9.834036811517654630e-01 1.600544057588960900e+00
9.779942742706981829e-01 1.040025679049512777e-02 -2.083724882437914538e-01 -3.987624593792818417e-01 -1.238583130722067938e-02 9.998894742801756053e-01 -8.226493389165333292e-03 -3.955230938371633032e-02 2.082638751747119543e-01 1.062632078478107159e-02 9.780149652393582693e-01 1.780138327604825932e+00
9.713145254590328515e-01 1.161585385661213776e-02 -2.375147015383754223e-01 -4.821247045892516070e-01 -1.400533703376017833e-02 9.998668654822170376e-01 -8.375449036535155198e-03 -4.836494166625542046e-02 2.373857615094887297e-01 1.146166147433116261e-02 9.713478618498750938e-01 1.971810156550058757e+00
9.632045007031998507e-01 1.337352471999487223e-02 -2.684367949794929098e-01 -5.602831662478231500e-01 -1.604791466389642735e-02 9.998410494070043564e-01 -7.771048927003836558e-03 -5.288628304734535601e-02 2.682901634188085693e-01 1.179295151506582796e-02 9.632659830645574628e-01 2.155047759404809415e+00
9.538591886386929009e-01 1.468949852734482975e-02 -2.998948892196892646e-01 -6.656108442543816617e-01 -1.755620632292568054e-02 9.998223240422499103e-01 -6.866638362490505923e-03 -5.540987572368906433e-02 2.997406953409072483e-01 1.181481413176711445e-02 9.539475697478340122e-01 2.358316232946616076e+00
9.426038386138938518e-01 1.727014429528041239e-02 -3.334663836320793107e-01 -7.712385354739532684e-01 -2.027304998014755819e-02 9.997792296735718010e-01 -5.527188569003747484e-03 -6.248228927536626093e-02 3.332972588638312694e-01 1.197032033763816526e-02 9.427458241347483892e-01 2.552933814158227843e+00
9.299414437682321788e-01 1.966492736621439086e-02 -3.671815499453492948e-01 -8.683448015817030186e-01 -2.319362092497812000e-02 9.997174957784393801e-01 -5.200005735259982838e-03 -6.138530553032052473e-02 3.669755059888282211e-01 1.335196059143870830e-02 9.301347974362415005e-01 2.733059645431936691e+00
9.163089884106665473e-01 2.223525440569267334e-02 -3.998543817477034357e-01 -1.008834779007152571e+00 -2.626076452240773754e-02 9.996446143712669485e-01 -4.590750495445979594e-03 -6.312558879020246927e-02 3.996101412049955504e-01 1.470701621227323182e-02 9.165672235409036972e-01 2.934070230774819432e+00
9.003145304701917206e-01 2.276427826738356211e-02 -4.346442621422352270e-01 -1.139381400426366264e+00 -2.733142015272323200e-02 9.996173818126455890e-01 -4.259380445945072646e-03 -6.063383976788128821e-02 4.343809302723263821e-01 1.571421618499464420e-02 9.005921967531397287e-01 3.126200567932184260e+00
8.818839367605427748e-01 1.896269084320801809e-02 -4.710851900008418136e-01 -1.265434451783019165e+00 -2.396434899451613948e-02 9.997021711413258682e-01 -4.620691640851174765e-03 -6.100837701678561709e-02 4.708571889292280654e-01 1.536415388042300378e-02 8.820756660361146473e-01 3.306728516096212989e+00
8.608406945068628469e-01 1.554329504880508708e-02 -5.086372299854734491e-01 -1.427321472777801192e+00 -2.070741896164439780e-02 9.997755148674002390e-01 -4.494344356505841284e-03 -7.227697681534028806e-02 5.084531057139406451e-01 1.440146915016286659e-02 8.609692576393165320e-01 3.507328407651643332e+00
8.360553583895692364e-01 1.681969177624964215e-02 -5.483873374012602220e-01 -1.581574495330410279e+00 -2.113172667758737161e-02 9.997755364119916832e-01 -1.552518881877134813e-03 -7.916574217649428868e-02 5.482380345752584372e-01 1.288635193968126931e-02 8.362230720871618450e-01 3.680929620080861220e+00
8.075120596110203497e-01 2.165125482389588379e-02 -5.894536832957677497e-01 -1.789825232233306807e+00 -2.533195508100293328e-02 9.996771060556873811e-01 2.016103155340564189e-03 -7.979890127132559241e-02 5.893068961987629750e-01 1.330397462937385651e-02 8.077997321805016062e-01 3.864344337885059932e+00
7.752924557529682348e-01 2.481920059445040169e-02 -6.311147049618097693e-01 -1.996353180537079997e+00 -2.873034233101702875e-02 9.995791772094279048e-01 4.015645248039751043e-03 -8.647127454651261369e-02 6.309486670801107699e-01 1.501882981267937262e-02 7.756792051866414628e-01 4.029646721325969239e+00
7.396156960892521504e-01 2.458805460355188016e-02 -6.725802701765731806e-01 -2.186446150468694949e+00 -2.909997685636369139e-02 9.995662347790393865e-01 4.541590209887146588e-03 -8.152635573619419762e-02 6.724000712739756080e-01 1.621302977263905723e-02 7.400103343347650409e-01 4.185743633164928923e+00
7.005784464490130148e-01 2.158405064038541876e-02 -7.132490137899212268e-01 -2.434325340070174981e+00 -2.434642907126147865e-02 9.996835417226592746e-01 6.338083948927632216e-03 -9.029259900106542669e-02 7.131599641700444581e-01 1.292473347318781780e-02 7.008821760474457374e-01 4.361985655948913632e+00
6.583278011668317609e-01 1.882755739407324450e-02 -7.524959973452095552e-01 -2.669839996963104589e+00 -1.980542719583620534e-02 9.997743509671823681e-01 7.687538078116395134e-03 -9.263293902676880687e-02 7.524707871894313893e-01 9.842577369495366518e-03 6.585520773339437195e-01 4.517714914017188832e+00
6.139930781107969526e-01 1.842233027285864258e-02 -7.890965236626658053e-01 -2.911905389360629481e+00 -1.750906801631921597e-02 9.997995331212120584e-01 9.717680271687876431e-03 -9.268765245054752522e-02 7.891172020348959926e-01 7.849749705421914941e-03 6.141924921298046458e-01 4.649640210501941873e+00
5.664529758172336393e-01 1.859298571624969088e-02 -8.238844231683383201e-01 -3.218441971030180593e+00 -1.517903613358787852e-02 9.998113020083096991e-01 1.212702217307687520e-02 -9.033907289258566453e-02 8.239542710695644256e-01 5.636377338282843284e-03 5.666282553346544404e-01 4.800796591519147505e+00
5.158827427777131769e-01 2.006351751271538003e-02 -8.564243563456755970e-01 -3.511617032347897460e+00 -1.423777442086460177e-02 9.997884791262300341e-01 1.484573504415414094e-02 -9.045853913730735052e-02 8.565408882554303993e-01 4.534911732089670112e-03 5.160592261645732259e-01 4.921125184612725079e+00
4.634425666280526102e-01 2.101311341838129482e-02 -8.858779101101198483e-01 -3.798619947335057478e+00 -1.321186590366887036e-02 9.997715855111494188e-01 1.680295890376802548e-02 -8.503389979132990051e-02 8.860284635287830612e-01 3.916886960472779067e-03 4.636142778976157230e-01 5.014716828632685086e+00
4.091375649693587691e-01 2.309015830411061468e-02 -9.121806511286876251e-01 -4.164107889072879765e+00 -1.212055628072447253e-02 9.997291634778302516e-01 1.986988624751874488e-02 -8.394741905447644648e-02 9.123922097034835588e-01 2.926613071037341592e-03 4.093065696097443196e-01 5.124612459990072644e+00
3.541358085861191496e-01 2.530187651089063974e-02 -9.348518043891748119e-01 -4.481716247306387402e+00 -1.201349233321409235e-02 9.996746044799051933e-01 2.250541877951060116e-02 -7.836745940730374671e-02 9.351168413125816592e-01 3.260853109471279886e-03 3.543244843626722207e-01 5.190089366520322933e+00
2.990990540859527758e-01 2.783216910270320740e-02 -9.538162210260068274e-01 -4.880020490564143998e+00 -1.002469846374659350e-02 9.996110961265924910e-01 2.602489118131983900e-02 -7.638973470502646856e-02 9.541694059325800392e-01 1.777692664385108765e-03 2.992616925529341110e-01 5.270606136209819326e+00
2.454522805474469438e-01 2.949074462576508834e-02 -9.689601318958735998e-01 -5.256144726419948121e+00 -6.107359524036634971e-03 9.995644379017776249e-01 2.887510935849535096e-02 -7.636358825160638464e-02 9.693894307151015299e-01 -1.169680838739044779e-03 2.455254333038577041e-01 5.327917403536255314e+00
1.945788703332565484e-01 3.083567802183344655e-02 -9.804022095550217752e-01 -5.627018503799345872e+00 -3.969652503656004652e-03 9.995223901761712826e-01 3.064919252564418314e-02 -7.810657302433506033e-02 9.808788352731169224e-01 -2.071837079875312512e-03 1.946083008633994749e-01 5.362526639918010041e+00
1.469949343105924622e-01 3.157369150634956045e-02 -9.886333332453511868e-01 -6.064062615594468575e+00 -5.580857280452076324e-03 9.995010524571114052e-01 3.109097769293606844e-02 -7.011334040208183627e-02 9.891214916391634082e-01 9.471958715882676646e-04 1.470977631444964351e-01 5.385903182787155963e+00
1.044431428552226176e-01 3.130727387289050645e-02 -9.940381105559351615e-01 -6.474297478031502351e+00 -7.814588340016845325e-03 9.994994570715372006e-01 3.065820261614839864e-02 -5.648136713491382077e-02 9.945001492257077302e-01 4.565948447632427014e-03 1.046354888343172806e-01 5.391645921863750246e+00
6.626284817233676905e-02 3.008279558550734992e-02 -9.973487615596103861e-01 -6.942369730298437958e+00 -9.178390168855552617e-03 9.995215871229103932e-01 2.953853045807677130e-02 -4.521796163309024785e-02 9.977599795602858368e-01 7.196735912541510349e-03 6.650723778789523200e-02 5.389843992464710354e+00
3.160811732377569183e-02 2.796943467124871421e-02 -9.991090708070781146e-01 -7.405575489091030583e+00 -8.353673121176229469e-03 9.995809548017254853e-01 2.771836521255092653e-02 -3.821749816446599890e-02 9.994654207600663920e-01 7.470091238298857093e-03 3.182850411571004623e-02 5.379185625474378618e+00
4.032271429177435918e-04 2.575909259650108543e-02 -9.996682480325977949e-01 -7.858509913496813937e+00 -7.995787403917145250e-03 9.996363964808940850e-01 2.575504797446042521e-02 -3.613003785894771530e-02 9.999679454434490244e-01 7.982734696121733184e-03 6.090341580937014840e-04 5.356600477667537774e+00
-2.711521018753912729e-02 2.348474124388692449e-02 -9.993565595076934205e-01 -8.365951054709793056e+00 -7.973107959029534716e-03 9.996872019913907170e-01 2.370884424900013970e-02 -2.948563984326693296e-02 9.996005110591086318e-01 8.610832808201135044e-03 -2.691948978046432642e-02 5.320318639529689086e+00
-4.791241739066134930e-02 2.139649689554684250e-02 -9.986224989624822301e-01 -8.861736824660523482e+00 -8.889726636579844965e-03 9.997219064599854876e-01 2.184657169393016893e-02 -2.097816126999255820e-02 9.988119782503745991e-01 9.924185336927021303e-03 -4.770888652482130343e-02 5.280711066388857233e+00
-6.451816590261660878e-02 1.998324260434868396e-02 -9.977165868527961834e-01 -9.413157436744953088e+00 -9.212631570448027996e-03 9.997450448182998439e-01 2.061962099568349568e-02 -1.101015494756022589e-02 9.978740096217862954e-01 1.052191521843327468e-02 -6.431761655255631427e-02 5.230935682158295741e+00
-7.769808434252616081e-02 2.016516707972222655e-02 -9.967731389364914429e-01 -9.952366501030805779e+00 -8.337908853509283860e-03 9.997474176270911839e-01 2.087528362866083662e-02 -7.457158299915125910e-03 9.969420732049830702e-01 9.932955007509292056e-03 -7.751032068691532384e-02 5.174102219268863934e+00
-8.697569863570550619e-02 2.098302848623112213e-02 -9.959895897651794838e-01 -1.051148648562894117e+01 -9.152135534855058291e-03 9.997192354306997375e-01 2.186083563654074233e-02 -5.818299306161733853e-03 9.961684047131769137e-01 1.101677660095517521e-02 -8.675923665710841282e-02 5.117755110412991471e+00
-9.422994531616774028e-02 2.222495428148766813e-02 -9.953025141145108723e-01 -1.108621309859241144e+01 -9.446356036544383342e-03 9.996859207813160175e-01 2.321718252941619084e-02 -5.276314849432917065e-03 9.955056581538349603e-01 1.158971867165117277e-02 -9.399040052179753746e-02 5.050216948918990312e+00
-9.840507068578505101e-02 2.340055620570702724e-02 -9.948714399392692975e-01 -1.166998360239205645e+01 -1.037779572438871957e-02 9.996451049011568779e-01 2.453934798484626312e-02 3.883585258973532017e-03 9.950923463124211610e-01 1.273935174511566133e-02 -9.812729676021743341e-02 4.988333691166571882e+00
-1.000947115003129606e-01 2.396373535102826885e-02 -9.946894570875597363e-01 -1.227860817479921884e+01 -9.187169470472216978e-03 9.996451522300305870e-01 2.500763819280134304e-02 7.596214019522602723e-03 9.949355171629524763e-01 1.164149611153025669e-02 -9.983902963444581113e-02 4.925998078276664138e+00
-9.931394130962775679e-02 2.576816336212912201e-02 -9.947226103599453584e-01 -1.289980169554035072e+01 -6.487359979256137818e-03 9.996267364465026839e-01 2.654292077270240316e-02 1.258426703192219720e-02 9.950350258634774736e-01 9.089189536510033571e-03 -9.910969813276379603e-02 4.868942314313396302e+00
-9.808605931273840783e-02 2.757425955384862348e-02 -9.947960170526503054e-01 -1.354507923047422935e+01 -7.521637614393903229e-03 9.995670855696136003e-01 2.844814929097982947e-02 2.043539742766913025e-02 9.951495386984821057e-01 1.027284506831725557e-02 -9.783618609990374360e-02 4.798064050707328221e+00
-9.644167184552494831e-02 2.775882050169914753e-02 -9.949516484980129860e-01 -1.420335723997902910e+01 -8.551289091663930031e-03 9.995511480999310638e-01 2.871604608319639623e-02 3.313969638007009666e-02 9.953019322018312742e-01 1.127752540742918246e-02 -9.616100249956173462e-02 4.729958488292810515e+00
-9.461079764314195284e-02 2.579322983152785090e-02 -9.951803041578497488e-01 -1.485234505317803944e+01 -1.270566266619084679e-02 9.995517055342164614e-01 2.711445916108573204e-02 4.189270823881174888e-02 9.954332856465002433e-01 1.520972791480354296e-02 -9.424065507400300468e-02 4.664448643549601314e+00
-9.326898221794115151e-02 2.550122044360202470e-02 -9.953144827275023365e-01 -1.554281525766833028e+01 -1.340069117644527956e-02 9.995493542642799323e-01 2.686549184144502306e-02 5.523811647087235877e-02 9.955507939911688586e-01 1.584360064210636396e-02 -9.288520785734871721e-02 4.596615526980216693e+00
-9.162050531410888266e-02 2.803965037786249753e-02 -9.953993151512577908e-01 -1.623126506536078750e+01 -1.288942572536596991e-02 9.994864719154625821e-01 2.934119221806974487e-02 6.596860404438530112e-02 9.957106084760455333e-01 1.551836209056224082e-02 -9.121203019390662636e-02 4.533292466354010841e+00
-8.997040254826586814e-02 3.099541847033789391e-02 -9.954621776818060042e-01 -1.695864848487342513e+01 -1.359345623894600390e-02 9.993844108463917353e-01 3.234614387780598843e-02 7.793706797411008302e-02 9.958517052618292009e-01 1.644194881150363649e-02 -8.949367443372015229e-02 4.465866770872095159e+00
-8.804663170733238731e-02 3.265422051848542589e-02 -9.955811514785025684e-01 -1.767887972303391919e+01 -1.206855589859438110e-02 9.993543455069942016e-01 3.384530572152769784e-02 8.134328099480613028e-02 9.960432829450051040e-01 1.499517382145286112e-02 -8.759568718826046818e-02 4.397420495179300559e+00
-8.636854905809349114e-02 3.215059685283237767e-02 -9.957445203804076161e-01 -1.843507488278852335e+01 -1.516629128444249922e-02 9.993210330178456946e-01 3.358157922116762617e-02 9.651827848518616804e-02 9.961478512363519666e-01 1.800212519313920331e-02 -8.582229418252043662e-02 4.329820534018722356e+00
-8.454293825694617071e-02 2.931266241312147081e-02 -9.959887555751046895e-01 -1.919283984623112360e+01 -1.845235242916148238e-02 9.993498674695908690e-01 3.097789704112548226e-02 1.055467185752328590e-01 9.962490119711644443e-01 2.099727820816758156e-02 -8.394707377377289004e-02 4.259212678625345028e+00
-8.317938683062729710e-02 2.864609112974690966e-02 -9.961229519255939691e-01 -1.994770954356989634e+01 -1.992843782290867893e-02 9.993391915509555190e-01 3.040268529861614097e-02 1.199303106770501087e-01 9.963353573443495259e-01 2.238003106223492369e-02 -8.255353980998857144e-02 4.191560283073967774e+00
-8.163018431105913131e-02 3.066087709692466579e-02 -9.961911304155570690e-01 -2.073590664499300118e+01 -1.661621519538182892e-02 9.993460524006819723e-01 3.211956659896083449e-02 1.370951981266213537e-01 9.965242211669065320e-01 1.917483277584056470e-02 -8.106732353715279116e-02 4.126604374396654507e+00
-8.053634752390041729e-02 3.288921889758906342e-02 -9.962090852405547370e-01 -2.151949701808074877e+01 -1.522211370344454459e-02 9.992984827173023721e-01 3.422182911044173437e-02 1.477329687462235475e-01 9.966354895591488239e-01 1.792048933433066163e-02 -7.997919394160457607e-02 4.066440173520255996e+00
-7.927639714919934577e-02 3.386887189502569423e-02 -9.962773198347063541e-01 -2.232690871640185293e+01 -1.297981968268067249e-02 9.993030171177372800e-01 3.500458704983700625e-02 1.621974723944969998e-01 9.967682302360230118e-01 1.570651812386827939e-02 -7.878151908613653664e-02 3.998297194280305167e+00
-7.855227697920787178e-02 2.991209652433615349e-02 -9.964613178748120692e-01 -2.313051012311241195e+01 -1.388865539692984291e-02 9.994200725632338411e-01 3.109579014109946707e-02 1.706765233227537926e-01 9.968133094072585410e-01 1.628213338134926885e-02 -7.809127368000395863e-02 3.932453225988869594e+00
-7.823989373563193517e-02 2.351502613700998112e-02 -9.966573740881674581e-01 -2.392243294001769982e+01 -1.630178616266880418e-02 9.995581049538416751e-01 2.486320990104316786e-02 1.779389411595870829e-01 9.968013348831462617e-01 1.819256952997479193e-02 -7.782197256030359833e-02 3.868911899252239994e+00
-7.825765866120414083e-02 1.901338140548562705e-02 -9.967520212293891069e-01 -2.475294472772576526e+01 -1.591545361302139014e-02 9.996670422440310233e-01 2.031856725668489475e-02 1.900211656069919486e-01 9.968061863020533098e-01 1.745382319566611551e-02 -7.792898830205682859e-02 3.804110390663318686e+00
-7.886435496441786264e-02 1.998548691558394222e-02 -9.966851874898293717e-01 -2.556932833785803894e+01 -1.544511959690457979e-02 9.996546955615823737e-01 2.126716823209365975e-02 1.918717234118534343e-01 9.967657712072534038e-01 1.707112270468091886e-02 -7.852844279622071821e-02 3.731880517181748846e+00
-7.894824831410685029e-02 2.625903396548312854e-02 -9.965329943589436024e-01 -2.641568349748896338e+01 -1.180265324714708207e-02 9.995585001121890523e-01 2.727381429664585410e-02 2.013088279451413776e-01 9.968089154953254649e-01 1.391493302894877306e-02 -7.860346388579524113e-02 3.659788835261996720e+00
-7.923010185128741278e-02 3.314047056262499347e-02 -9.963055113077360359e-01 -2.726017596443332636e+01 -1.454143708512265799e-02 9.993026525286804462e-01 3.439657382062639990e-02 2.146259950768610314e-01 9.967503650824968142e-01 1.721293719695783306e-02 -7.869293912260823254e-02 3.585879878385202613e+00
-7.956079008711459954e-02 3.781953265240149686e-02 -9.961125119162247410e-01 -2.808851858902403009e+01 -1.500811774094367584e-02 9.991215058828885054e-01 3.913250950049927679e-02 2.291975877245342463e-01 9.967171111727943789e-01 1.806316641600163447e-02 -7.892329777107805200e-02 3.510483405472164975e+00
-8.002991741764975409e-02 3.832950404436429731e-02 -9.960554402632656457e-01 -2.893708156276964161e+01 -1.679997333688190014e-02 9.990668102385208416e-01 3.979522584985871470e-02 2.404066128487751808e-01 9.966509625798715133e-01 1.991849313593028331e-02 -7.931129591972606308e-02 3.435831933495999468e+00
-8.020843051567644322e-02 3.547611804806734270e-02 -9.961467935473166113e-01 -2.976047578502820912e+01 -2.008637714341108063e-02 9.991061899877231589e-01 3.719885572475166435e-02 2.541273916742801675e-01 9.965757957655626553e-01 2.299262129154308262e-02 -7.942414622777298205e-02 3.365419852701481584e+00
-8.074973636910985630e-02 3.290825749098165443e-02 -9.961912034421298578e-01 -3.060384211957671852e+01 -2.234398849177267679e-02 9.991440978024664910e-01 3.481698734267396622e-02 2.653834190041070573e-01 9.964840198783061487e-01 2.507032675501131430e-02 -7.994531015041464461e-02 3.292669006420822608e+00
-8.079930887894065661e-02 3.358876454297708702e-02 -9.961644712335886442e-01 -3.143987275886667376e+01 -2.293653099516101967e-02 9.991049198536771092e-01 3.554831638474617583e-02 2.814488535609276365e-01 9.964665405291449618e-01 2.572081595312976712e-02 -7.995656646262844225e-02 3.218583726884404417e+00
-8.062107865942705343e-02 3.525593289591475582e-02 -9.961213019410347647e-01 -3.227001346280626848e+01 -2.123824985002997073e-02 9.990868064321404285e-01 3.707982315440002535e-02 2.891905087884883985e-01 9.965186263775748232e-01 2.414526802596883570e-02 -7.979866956900234787e-02 3.146450282076673766e+00
-8.049346956790924545e-02 3.400266637433804057e-02 -9.961751921837062040e-01 -3.310808800803713581e+01 -2.171957411842226696e-02 9.991210556921874542e-01 3.585822659414557995e-02 2.991307721795020136e-01 9.965185712298302301e-01 2.452283183785411089e-02 -7.968418987163607137e-02 3.071769726855595462e+00
-8.010599142817464990e-02 2.970547339209805848e-02 -9.963438214372872803e-01 -3.392316912886582259e+01 -2.382913946695341262e-02 9.992133323907154141e-01 3.170689971947517061e-02 3.040727626046453858e-01 9.965015829105069445e-01 2.628190629090109212e-02 -7.933511089725950316e-02 2.999478965785613571e+00
-7.992218726002964235e-02 2.606083733529437549e-02 -9.964605731479827533e-01 -3.476473759522161799e+01 -2.480615969238286755e-02 9.992968045156653822e-01 2.812463086437168650e-02 3.128888203096391596e-01 9.964925007825757852e-01 2.696611987918614423e-02 -7.921951064319082692e-02 2.926306418215688598e+00
-7.939148208339225077e-02 2.622720484347001307e-02 -9.964986322173779998e-01 -3.559465293418725196e+01 -2.378914160512450582e-02 9.993195021319993820e-01 2.819675132762397909e-02 3.218264641694468242e-01 9.965597212469474719e-01 2.594440694175958670e-02 -7.871352611001487809e-02 2.856633840595020679e+00
-7.879585411376033299e-02 2.851265892837027971e-02 -9.964831374903027061e-01 -3.641818206576488848e+01 -2.156972852718536462e-02 9.993083448656282508e-01 3.029911153785552758e-02 3.255358376094814044e-01 9.966575012631710972e-01 2.388129282989545632e-02 -7.812634104883060815e-02 2.787836906169137929e+00
-7.841607078660563224e-02 3.243893631868060429e-02 -9.963930134768450575e-01 -3.726636319137856646e+01 -2.192286618981711607e-02 9.991728912447821465e-01 3.425477715703480891e-02 3.344806753242718367e-01 9.966797544134111675e-01 2.452989321521862817e-02 -7.764005626056209863e-02 2.715413008443439580e+00
-7.786355205490712306e-02 3.730578574650719736e-02 -9.962660050719297500e-01 -3.809896004877611375e+01 -1.904323279004640004e-02 9.990619171431615042e-01 3.889882140350828243e-02 3.505445700017798538e-01 9.967822485428228241e-01 2.200090417773248666e-02 -7.708008678046804341e-02 2.653310032367618199e+00
-7.792760138283519322e-02 4.088600335057104157e-02 -9.961204903007575551e-01 -3.893616872312215804e+01 -2.043905962427154666e-02 9.988834324231438133e-01 4.259838898621462477e-02 3.669785976962094409e-01 9.967496043963054442e-01 2.367933441233848954e-02 -7.700492016748868018e-02 2.581132846746792886e+00
-7.771566041354011078e-02 4.062342785446993593e-02 -9.961477915258050153e-01 -3.976755460003653297e+01 -1.982710822689824279e-02 9.989091762934999563e-01 4.228288341326480460e-02 3.829841444511603576e-01 9.967785156046647943e-01 2.303675032147557700e-02 -7.682544637479846172e-02 2.516012622674215216e+00
-7.757212858635335884e-02 3.683571345785409401e-02 -9.963062330843001080e-01 -4.058271752678634670e+01 -2.160636994905237168e-02 9.990206681214787166e-01 3.861834750956767009e-02 3.925590136041853806e-01 9.967527172298631388e-01 2.452224623865301850e-02 -7.670028151503917313e-02 2.450765924047056732e+00
-7.710828011237216839e-02 3.289823594044598981e-02 -9.964800220539904441e-01 -4.140928665385121121e+01 -2.378706033945604537e-02 9.991105339447998723e-01 3.482574848367566561e-02 4.055298853596109865e-01 9.967390567256645406e-01 2.638866127269297659e-02 -7.625715116514383829e-02 2.379516653787312475e+00
-7.698287244997226164e-02 3.006268359356464512e-02 -9.965792939252248184e-01 -4.222323417148211178e+01 -2.728606884854752057e-02 9.991076737708445288e-01 3.224673327886266871e-02 4.164770456727394099e-01 9.966591063937871864e-01 2.967515385553057619e-02 -7.609389143504106945e-02 2.310491449863977476e+00
-7.730606548680726831e-02 2.778764294314714847e-02 -9.966203073115007527e-01 -4.306522437986591001e+01 -3.010162411591901441e-02 9.990910346597124958e-01 3.019146969709314218e-02 4.289436339556428335e-01 9.965530258391749330e-01 3.233384927790124846e-02 -7.639934785219539004e-02 2.230693623930397607e+00
-7.794235840604002430e-02 2.607120579527726426e-02 -9.966171275003598007e-01 -4.389160885968315284e+01 -2.806435610260082231e-02 9.992047491413711402e-01 2.833373329273588051e-02 4.346616426167993485e-01 9.965629234861343999e-01 3.017779208358871076e-02 -7.714870676830071217e-02 2.162623367588100809e+00
-7.909067122183371934e-02 2.282917542850676149e-02 -9.966061972279217640e-01 -4.470133935472832576e+01 -2.539601514688755862e-02 9.993673969944637525e-01 2.490786320337935386e-02 4.358527065532789568e-01 9.965440290295918269e-01 2.727978245813895281e-02 -7.846087184687050575e-02 2.100561013027105517e+00
-7.984041223901963691e-02 2.172761285832120609e-02 -9.965710398385058122e-01 -4.552763210991806631e+01 -2.325158744632512334e-02 9.994500722506125534e-01 2.365319549436958879e-02 4.385187772728967315e-01 9.965365869957338862e-01 2.506031683851594680e-02 -7.929130708205842093e-02 2.033540736530931703e+00
-8.154560284835131456e-02 2.463366753186425548e-02 -9.963653572225100730e-01 -4.634254115132576857e+01 -2.070433310476953517e-02 9.994372018555748305e-01 2.640412969323380557e-02 4.421158273886462431e-01 9.964546869515374938e-01 2.278219766380033470e-02 -8.098968853279424340e-02 1.965230610721683036e+00
-8.333626027061544206e-02 2.953440413066125633e-02 -9.960839426902803329e-01 -4.716860914624215440e+01 -1.796568755710135565e-02 9.993540200763155745e-01 3.113445242611621866e-02 4.504507798854680001e-01 9.963596751809885577e-01 2.048993929063959440e-02 -8.275182713908917076e-02 1.896475001894901258e+00
-8.518471858670811914e-02 3.290627655731367951e-02 -9.958218606838448173e-01 -4.798333286747994464e+01 -1.531206541175392580e-02 9.992935084354443998e-01 3.433083103905756189e-02 4.566537475035091775e-01 9.962476625920871909e-01 1.817253030594376262e-02 -8.462067911691002753e-02 1.826000167408947217e+00
-8.670129141755783531e-02 3.224882964276570146e-02 -9.957124769675153031e-01 -4.878554903141360910e+01 -1.664012762070898530e-02 9.992899116751188249e-01 3.381363675336987451e-02 4.614904526784705530e-01 9.960955250858252175e-01 1.950044700244875709e-02 -8.610310608725237069e-02 1.755756565344859688e+00
-8.771958364476509229e-02 2.849640939062342629e-02 -9.957377520888727185e-01 -4.960322029258578169e+01 -1.963720110645076136e-02 9.993473279219813321e-01 3.032965962689856618e-02 4.608301962333442026e-01 9.959517864092886086e-01 2.221398475733321262e-02 -8.710274338255648285e-02 1.673330532529856640e+00
-8.896256556835512030e-02 2.514890230071131424e-02 -9.957176495728997656e-01 -5.039711788667492698e+01 -2.517744602842746093e-02 9.993052834601118262e-01 2.748900823127799556e-02 4.667039278378043443e-01 9.957168636434167164e-01 2.751509561587644689e-02 -8.826757453548256249e-02 1.590667459151663410e+00
-9.017317760155270367e-02 2.379112268748695413e-02 -9.956421162950274129e-01 -5.118436542348668894e+01 -2.878595513759409433e-02 9.992349915161007345e-01 2.648406774060105967e-02 4.733519931045353513e-01 9.955101645690352941e-01 3.104863635053636828e-02 -8.941934080022302667e-02 1.509765758941701952e+00
-9.129429409265732431e-02 2.440727038097129445e-02 -9.955250280707220734e-01 -5.198462514586013583e+01 -2.791345695362864796e-02 9.992443639839038161e-01 2.705826147772268445e-02 4.739471238471608672e-01 9.954328279542582480e-01 3.025878466844095574e-02 -9.054401199793717103e-02 1.426602203393386059e+00
-9.214554048432299638e-02 2.573670407921123393e-02 -9.954131144972913070e-01 -5.276419842999494847e+01 -2.722432125600674976e-02 9.992274135546020952e-01 2.835549245906264157e-02 4.730172940172570062e-01 9.953734827965758925e-01 2.971225382945814550e-02 -9.137367539148236184e-02 1.351069946710553138e+00
-9.306290889924305476e-02 2.527945850949824685e-02 -9.953394855194778179e-01 -5.355456525849432836e+01 -2.886830783680229343e-02 9.991891518289869323e-01 2.807638946919073161e-02 4.769619081436365926e-01 9.952418062104437801e-01 3.134661208006681715e-02 -9.225766363667653458e-02 1.269689257396500182e+00
-9.367375915764036831e-02 2.509693893608691204e-02 -9.952868035809574465e-01 -5.433197905530293070e+01 -3.048172802868432882e-02 9.991416126361588601e-01 2.806301063085724426e-02 4.817201033932478893e-01 9.951363883765097507e-01 3.296680465521983905e-02 -9.282834458456426519e-02 1.189552346376250513e+00
-9.414500230551639537e-02 2.680144003857946183e-02 -9.951978985027547520e-01 -5.510211719799730901e+01 -3.183800538039065209e-02 9.990455246368508124e-01 2.991692243313471763e-02 4.892705846270846148e-01 9.950494486907088820e-01 3.450162003337194083e-02 -9.320183515821163500e-02 1.115781210488209663e+00
-9.453054722692771916e-02 2.929078983074809989e-02 -9.950911937999987744e-01 -5.588665408313976712e+01 -3.020043794794844555e-02 9.990229613103631667e-01 3.227548061865275625e-02 4.883708518637118745e-01 9.950639485141791196e-01 3.310318388153336844e-02 -9.355358444683439800e-02 1.035423846076064303e+00
-9.464147255897180366e-02 3.312781349148050808e-02 -9.949603053796217678e-01 -5.664406962599712614e+01 -2.943197104155312327e-02 9.989164925990876576e-01 3.605914249997644455e-02 5.007429466598680712e-01 9.950764313337125966e-01 3.269630833980751577e-02 -9.356390019696950167e-02 9.613764808986555721e-01
-9.516558517433260089e-02 3.505780360154497899e-02 -9.948441787503972122e-01 -5.742020958621863969e+01 -2.943581569244882457e-02 9.988438802051082810e-01 3.801455640045200979e-02 5.085559613296760650e-01 9.950263305920805657e-01 3.290170305279368351e-02 -9.402359379191667366e-02 8.807235051145916316e-01
-9.591566053903204103e-02 3.513518602626297671e-02 -9.947694138590286173e-01 -5.816791800874393914e+01 -2.991927990413548524e-02 9.988238488462105602e-01 3.816321634045067440e-02 5.178932792878381264e-01 9.949398866275528386e-01 3.342321041365926837e-02 -9.475161646248515812e-02 8.077492293318782046e-01
-9.614040025363294883e-02 3.351434591966223620e-02 -9.948036476836793485e-01 -5.890395283498463641e+01 -2.942360460316232468e-02 9.989008851804854761e-01 3.649596431063648061e-02 5.264764783925659497e-01 9.949329793483949747e-01 3.277942194016047334e-02 -9.504860630384860676e-02 7.354122685909876278e-01
-9.628606058631446196e-02 3.010880271126158483e-02 -9.948984596320603613e-01 -5.964750908037181887e+01 -2.974617633528878549e-02 9.990092315787841848e-01 3.311204774743579937e-02 5.311450513513038540e-01 9.949093014753307429e-01 3.278262908126680641e-02 -9.529503028673481924e-02 6.555589919718705083e-01
-9.598589936363108310e-02 2.726505816755740719e-02 -9.950094545439381877e-01 -6.036211707893099998e+01 -2.988464949046128888e-02 9.990955594328675415e-01 3.025992838127534654e-02 5.364205050403649810e-01 9.949341574676398015e-01 3.264001072539048781e-02 -9.508426910817660560e-02 5.837441562222387414e-01
-9.481216586952759262e-02 2.506062587459844879e-02 -9.951799391367427416e-01 -6.107202418329886484e+01 -3.111571110194428363e-02 9.991203812867226475e-01 2.812430174343157757e-02 5.409040697293089339e-01 9.950089622998187222e-01 3.363223276295966568e-02 -9.394897491731145356e-02 5.086198528410281750e-01
-9.247992269135456300e-02 2.433173292454778383e-02 -9.954174624969236440e-01 -6.176230615135910540e+01 -3.220901943791752708e-02 9.991054692082856903e-01 2.741429360069942006e-02 5.447002869400312530e-01 9.951936568854446996e-01 3.459666740519418832e-02 -9.161348347020746574e-02 4.351779687630519811e-01
-8.833072230561966887e-02 2.519392334567829503e-02 -9.957727880491571426e-01 -6.243304336030374202e+01 -3.268202087308995363e-02 9.990689068629500236e-01 2.817641118988324297e-02 5.491839916074267025e-01 9.955550922200512298e-01 3.503268511406491814e-02 -8.742507899060913967e-02 3.739925122263359492e-01
-8.262464903367788827e-02 2.645318796705643793e-02 -9.962298399968715357e-01 -6.310599710953573549e+01 -3.286717558172261300e-02 9.990318755234290915e-01 2.925351874585159842e-02 5.455841867664821265e-01 9.960387993174333321e-01 3.516029817792456352e-02 -8.167520607423042756e-02 3.160124872515679972e-01
-7.531239621288970953e-02 2.786504469472394357e-02 -9.967708267685452261e-01 -6.374902643545585335e+01 -3.015975242453412114e-02 9.990888551153304098e-01 3.020861900063939037e-02 5.448952199927445950e-01 9.967039727554298789e-01 3.233742106965063756e-02 -7.440336306787830034e-02 2.684419422933561061e-01
-6.644846602765469568e-02 2.935043784143068213e-02 -9.973583369237919438e-01 -6.439347020509637787e+01 -3.194083030583177302e-02 9.989927804944245260e-01 3.152658854247059050e-02 5.480345989451269606e-01 9.972786812326728256e-01 3.395132258534364761e-02 -6.544405371098381552e-02 2.205950676790639498e-01
-5.473294154909768422e-02 3.067454664683335122e-02 -9.980299982827541827e-01 -6.500976772381191893e+01 -3.396754573005973665e-02 9.988926481503842547e-01 3.256388433244839647e-02 5.473576855948101283e-01 9.979232932050317029e-01 3.568292180245350581e-02 -5.363039225283358635e-02 1.848633672356898017e-01
-4.005212980045710219e-02 3.195460926171792004e-02 -9.986867530275140847e-01 -6.560337405040975511e+01 -3.716218903245312177e-02 9.987497171910100224e-01 3.344701649849685793e-02 5.542482779857641484e-01 9.985064808683017379e-01 3.845298433926085807e-02 -3.881455406176637785e-02 1.625551907815867558e-01
-2.156346266005385037e-02 3.290424913415702923e-02 -9.992261161428285243e-01 -6.619362474509243555e+01 -3.826565474573487974e-02 9.986991202184352101e-01 3.371268104203582749e-02 5.553996609690066144e-01 9.990351156659150744e-01 3.896297816453592883e-02 -2.027631629237804101e-02 1.490861929854309653e-01
3.385924404200037164e-04 3.366817973224074667e-02 -9.994332610538816386e-01 -6.675054521679042807e+01 -3.840455160672826690e-02 9.986965709259890689e-01 3.363035616601516703e-02 5.588826334599737988e-01 9.992624258117812630e-01 3.837137387242323810e-02 1.631148400443022724e-03 1.587711524348672798e-01
2.601627289577764998e-02 3.390129971422697897e-02 -9.990867630358549745e-01 -6.729400138797799968e+01 -3.808918609988951043e-02 9.987330653692847449e-01 3.289745594701038583e-02 5.623036869424903328e-01 9.989358344918184418e-01 3.719850748746671154e-02 2.727456428049423315e-02 1.805381288932633721e-01
5.486699448342441388e-02 3.388379836052941158e-02 -9.979188372927444428e-01 -6.780722638299785388e+01 -3.730047307536094731e-02 9.987963815347011831e-01 3.186276273931690911e-02 5.618637297224021721e-01 9.977969385081136844e-01 3.547460628730381149e-02 5.606480861887112865e-02 2.331867056359959167e-01
8.914360262107010047e-02 3.396956282203022343e-02 -9.954395969270650735e-01 -6.830713823033229914e+01 -3.624264416759714197e-02 9.988674004718022248e-01 3.084093660335871304e-02 5.627306348027749650e-01 9.953594001767662736e-01 3.332806718971891013e-02 9.027374759966787232e-02 2.919271199935558614e-01
1.265385869240668593e-01 3.396004752678455363e-02 -9.913804539334770682e-01 -6.878448075401996675e+01 -3.533129465673436748e-02 9.989343538652287746e-01 2.970916573559466076e-02 5.655213016236705359e-01 9.913325043708490769e-01 3.126737602416519712e-02 1.276035458931160382e-01 3.773548536368753203e-01
1.665452129911427770e-01 3.406161068120445307e-02 -9.854455850217147539e-01 -6.923650476041822799e+01 -3.437385741031831476e-02 9.989966672983099372e-01 2.872064633318412163e-02 5.604421164996654658e-01 9.854347155875897712e-01 2.909025761219220796e-02 1.675488820643166454e-01 4.901394278018932904e-01
2.119591527071580661e-01 3.433359912808483377e-02 -9.766754945896939377e-01 -6.968534440057671020e+01 -3.308862284798640141e-02 9.990622103878648019e-01 2.793964302173524913e-02 5.663969108937911834e-01 9.767184397692391107e-01 2.639476263418430446e-02 2.128963590341618195e-01 6.061735094915061683e-01
2.586152022092173541e-01 3.279010323763552337e-02 -9.654239916559379520e-01 -7.010538469631150349e+01 -2.949594438045281819e-02 9.992261299932971852e-01 2.603687903033308215e-02 5.691764129462283384e-01 9.655302287360376656e-01 2.174253969546204382e-02 2.593821577576667647e-01 7.771369185567222893e-01
3.091689780696579848e-01 2.869850358959774583e-02 -9.505742645872276020e-01 -7.052412677951824094e+01 -2.232745072820934915e-02 9.994884963421524215e-01 2.291337891296573934e-02 5.580272798444629867e-01 9.507452264909987960e-01 1.413977654204367010e-02 3.096515020784819106e-01 9.435835099048031083e-01
3.591059693502510752e-01 2.393835335314094606e-02 -9.329900041051061299e-01 -7.091277833069172232e+01 -1.661259883358590442e-02 9.996769752139169629e-01 1.925522903298435701e-02 5.477931846048346154e-01 9.331491759412933185e-01 8.584705044239774804e-03 3.593875326078581622e-01 1.163431975725472745e+00
