1.000000000000000000e+00 0.000000000000000000e+00 0.000000000000000000e+00 0.000000000000000000e+00 0.000000000000000000e+00 1.000000000000000000e+00 0.000000000000000000e+00 0.000000000000000000e+00 0.000000000000000000e+00 0.000000000000000000e+00 1.000000000000000000e+00 0.000000000000000000e+00
9.999999995313904044e-01 4.460114181172158135e-05 3.135310953168742704e-05 -1.788648457624473576e-03 -4.460133119631648144e-05 9.999999993380296326e-01 2.853502223576175520e-05 -1.328954466532829230e-05 -3.135252443485564346e-05 -2.853544610062590858e-05 9.999999998704982573e-01 2.288226433261089090e-04
1.000000002817384326e+00 -1.128180606304200500e-05 6.984572844348713649e-05 -1.661997973764473046e-03 1.127941407613486097e-05 1.000000003286913186e+00 5.634683304790506395e-05 -3.552235274329306066e-04 -6.984871149413732824e-05 -5.634432257105050610e-05 9.999999977083933178e-01 -7.227875750760384558e-05
1.000000007572498628e+00 -7.997869002487031353e-06 3.035781005960980810e-05 -9.019281968162204139e-04 8.000363097214492411e-06 1.000000004774032947e+00 4.936744121887219193e-05 -1.496583970369073620e-03 -3.035953341890199387e-05 -4.936716317098300183e-05 1.000000003116879421e+00 -8.247714264918053814e-04
1.000000008626901415e+00 8.527139389250021795e-06 3.017781519085728647e-07 -9.527309364513535756e-04 -8.522289228912796599e-06 1.000000007066487839e+00 1.261553877787587369e-05 -1.886665561573804212e-03 -3.019617498875349695e-07 -1.261601679838139876e-05 1.000000005791298996e+00 -9.316280987398141682e-04
1.000000005334320763e+00 9.924222737711501315e-06 -1.029258087169119271e-04 -1.790820542164910231e-03 -9.920107005701896396e-06 1.000000007208274644e+00 -1.597169128618591426e-05 -2.175028174059555255e-03 1.029254071957560579e-04 1.597192998477938111e-05 1.000000002509367381e+00 -1.379085097011127864e-04
1.000000011743245043e+00 -2.068417370485604157e-05 2.085536286695310860e-05 -1.700425134522375102e-04 2.068972599267462250e-05 1.000000004438065249e+00 8.114786773544441255e-05 -8.300359447375558900e-04 -2.085694715395563316e-05 -8.114861948400050402e-05 1.000000006319058610e+00 3.711513013811312172e-04
9.999999890580025808e-01 -8.965391742758427698e-05 1.999679453348378398e-04 7.017633986838971985e-04 8.963064767661848068e-05 9.999999922773170624e-01 1.550899418116280537e-04 -7.583570059205674795e-05 -1.999814217073954121e-04 -1.550738552014922344e-04 9.999999787183597721e-01 -4.385484645350262527e-04
9.999999478035650480e-01 1.904583679302330928e-05 3.661102242435016461e-04 1.439826853852537239e-03 -1.908486856326868352e-05 1.000000000713668236e+00 1.313880312438889014e-04 -1.968999535315145162e-04 -3.661062822645361745e-04 -1.313975129801753759e-04 9.999999368977284808e-01 3.834258745685017208e-04
9.999999129910676077e-01 4.095768614608915909e-05 4.568544092307462142e-04 3.753889306271469394e-03 -4.096903851360243662e-05 1.000000011542836242e+00 4.590982598288444899e-05 -5.402502607730311386e-03 -4.568513992102319634e-04 -4.593073188570804676e-05 9.999999139493036537e-01 1.366142344233347433e-03
1.000000010789135141e+00 -5.766976280613162094e-05 1.562089614459175556e-04 4.450877398984606423e-03 5.769095672310673486e-05 1.000000010106580683e+00 -6.511770508720626555e-05 -5.893775426700055900e-03 -1.562044541646329414e-04 6.512675873550226888e-05 1.000000011440163261e+00 1.110925882824138466e-03
9.999998426625167358e-01 -2.161488883268879787e-04 -5.653291010607399032e-04 1.030467813909752457e-02 2.161676942659595743e-04 9.999999909006390686e-01 1.551411936001898727e-05 -1.519805626120818978e-03 5.653263185805366270e-04 -1.563620163264449074e-05 9.999998673682387595e-01 -3.133880172393333895e-04
9.999992126570753648e-01 -6.278841386429588698e-04 -1.110433475748922108e-03 2.976412503084631400e-02 6.279179887664685213e-04 9.999998171912416467e-01 2.101403250061462536e-05 7.620208750715684826e-05 1.110420560720034840e-03 -2.171070777331304523e-05 9.999994108852956476e-01 -1.678461336044287681e-03
9.999989706738524609e-01 -1.139817333494551202e-03 -9.020698813962164551e-04 5.955501424233061725e-02 1.139881620366659225e-03 9.999993634396568964e-01 5.926744817492626854e-05 -2.745326441076897418e-03 9.020024128339523004e-04 -6.029580871259760533e-05 9.999996195906043495e-01 -8.218985032145116696e-04
9.999982252342172195e-01 -1.832128169091335477e-03 -4.989694606678911348e-04 9.613120194349136782e-02 1.832125330959621457e-03 9.999983365373524835e-01 -2.688426698936842104e-05 -6.918588645338338144e-03 4.990185477339888600e-04 2.596896406080045159e-05 9.999999039422989844e-01 9.347690654183648520e-04
9.999966158239381731e-01 -2.596766559551351352e-03 -2.863935445967135578e-04 1.348731743583028164e-01 2.596687934807676880e-03 9.999965965431423243e-01 -3.093508308082689264e-04 -6.390285727298332559e-03 2.871960642086176770e-04 3.086046748134666363e-04 9.999999404038244499e-01 2.618061868460478531e-03
9.999933213519088815e-01 -3.661261794889006469e-03 -1.097856317827556076e-04 1.774264901220175550e-01 3.661210003852871393e-03 9.999931614319106377e-01 -5.544670435819339625e-04 -5.357151022926885317e-03 1.118137330028825074e-04 5.540592880491073281e-04 9.999998700893689696e-01 3.701237270014545028e-03
9.999885443545084573e-01 -4.792167342437400439e-03 -9.033201370842538786e-05 2.277817270209505363e-01 4.792122375957066915e-03 9.999883596860823509e-01 -5.942955313743361351e-04 -5.674509160488197708e-03 9.317826960191857041e-05 5.938540208189069247e-04 9.999998492573481945e-01 3.912125087190292984e-03
9.999827418300313298e-01 -5.879586168052992542e-03 -1.284129734995873148e-04 2.841262113929557964e-01 5.879522202826905318e-03 9.999825836519561362e-01 -5.555850914344112991e-04 -4.409623672747376572e-03 1.316795529238470863e-04 5.548217103363066406e-04 9.999998686498069445e-01 5.628287684724815089e-03
9.999731270145160167e-01 -7.335910095769743872e-03 -8.349242002082072896e-05 3.422403373914263969e-01 7.335875371774595866e-03 9.999729921287430212e-01 -5.026107179639018865e-04 1.124587651981723410e-03 8.718111161647667216e-05 5.019864683036130660e-04 9.999999017018058600e-01 7.367741209976809078e-03
9.999606121092353694e-01 -8.876296162288462716e-03 2.571419391807979208e-04 3.981822771213669454e-01 8.876505606030333367e-03 9.999603145574600394e-01 -7.959856470185506377e-04 4.563598120523526362e-03 -2.500642454177468173e-04 7.982373943695415070e-04 9.999996825623270746e-01 7.697948646098970796e-03
9.999471995904397614e-01 -1.026786182802319654e-02 5.035813588366204810e-04 4.538184393000520567e-01 1.026835563832140079e-02 9.999468340996000570e-01 -9.748868084401121669e-04 4.753464883573873569e-03 -4.935440418143304843e-04 9.800052225136732242e-04 9.999994312631121929e-01 9.202869221846869674e-03
9.999345216397116376e-01 -1.143517407585637781e-02 5.323899373818528858e-04 5.110812601528784693e-01 1.143580220941107194e-02 9.999339570194182292e-01 -1.170617905400888909e-03 5.680079079245465429e-03 -5.189656200780186921e-04 1.176624485803861577e-03 9.999992115888070021e-01 9.887591520536987907e-03
9.999158330055584187e-01 -1.297230265266079326e-02 3.887747590070992384e-04 5.679500431630745139e-01 1.297278342634387675e-02 9.999151233373497760e-01 -1.235195425408815943e-03 8.400858735966828042e-03 -3.727137214073851577e-04 1.240135030424601922e-03 9.999992028026930546e-01 9.946045437522013991e-03
9.998976650060610316e-01 -1.430552423498787293e-02 3.424308368824529442e-04 6.243802676329925916e-01 1.430608127512923364e-02 9.998963446764642660e-01 -1.647928456985612222e-03 1.274243434451346156e-02 -3.188147688034017463e-04 1.652658321802175393e-03 9.999986284289306138e-01 8.528916658043504337e-03
9.998785154162038724e-01 -1.558336065153792874e-02 4.757730657367707089e-04 6.837781737845136654e-01 1.558420724847836038e-02 9.998769754861482895e-01 -1.802661083796971856e-03 1.475709866708677445e-02 -4.476178725992079857e-04 1.809859772052818411e-03 9.999983092427536802e-01 9.940042001926873219e-03
9.998573127342210709e-01 -1.685550605665319876e-02 1.168447875388042628e-03 7.406745049601595188e-01 1.685769937325736281e-02 9.998561693835507080e-01 -1.882036554470975119e-03 1.638878962824253868e-02 -1.136552025618263245e-03 1.901469548014934029e-03 9.999975964643021964e-01 1.335799166677961551e-02
9.998388958210024935e-01 -1.786964134448741290e-02 1.726092741054975014e-03 7.899834110709543777e-01 1.787284377036149272e-02 9.998385986078723864e-01 -1.850072138480309382e-03 1.848922428368714524e-02 -1.692749326477768117e-03 1.880629345328974815e-03 9.999968498029969677e-01 1.162976271355837567e-02
9.998197041370683325e-01 -1.890328352976344134e-02 1.830529191601217324e-03 8.351098616869837565e-01 1.890651324484539722e-02 9.998197561091372032e-01 -1.757841270114133322e-03 2.046034885485647700e-02 -1.796968502738333735e-03 1.792136122029901971e-03 9.999968340615562612e-01 1.012946885461226722e-02
9.997998845676969726e-01 -1.993627048129154380e-02 1.693148223765350872e-03 8.769107939237330562e-01 1.993893788862721728e-02 9.998000143890376501e-01 -1.569723030481760210e-03 2.171053766504197138e-02 -1.661513682666496128e-03 1.603171041057595498e-03 9.999973931355023993e-01 1.008948361554683204e-02
9.997821146474560328e-01 -2.081119187935749973e-02 1.660306079194949925e-03 9.122815492182730912e-01 2.081377121745742881e-02 9.997822199450145941e-01 -1.548434236983817561e-03 2.006957548939593966e-02 -1.627719088830067561e-03 1.582652585136670818e-03 9.999974837898777391e-01 1.044215445521083988e-02
9.997664741758649498e-01 -2.153824201102418415e-02 1.802189276203304200e-03 9.416582859846588383e-01 2.154129025561566865e-02 9.997665904616475085e-01 -1.686337186270305379e-03 2.388434895322633089e-02 -1.765444863402041396e-03 1.724762718104792120e-03 9.999970156302128155e-01 1.112944568823220383e-02
9.997570360227786557e-01 -2.198760970078586507e-02 1.601580187672746068e-03 9.665692435137601679e-01 2.199057569161148862e-02 9.997565128353091968e-01 -1.854407319272592496e-03 2.556982729888858039e-02 -1.560412316125934845e-03 1.889172051103699124e-03 9.999970607301258418e-01 1.211922957427778724e-02
9.997407864706902014e-01 -2.275962569192923127e-02 7.170513939644050606e-04 9.931887099767808813e-01 2.276093715597212255e-02 9.997392442302448501e-01 -1.868921911175037281e-03 2.726268911207145942e-02 -6.743244268292926304e-04 1.884754668101628911e-03 9.999980610009242543e-01 1.254969158220981505e-02
9.997193385601048643e-01 -2.369185951863241740e-02 -3.149192346599533456e-04 1.023078872727543942e+00 2.369138156354393121e-02 9.997183167406847870e-01 -1.454846970439412730e-03 3.040147007016465175e-02 3.493031322881005310e-04 1.446975674329480360e-03 9.999989588351543279e-01 1.146142743744241188e-02
9.996941861275038255e-01 -2.471059533928505331e-02 -1.040155762482053914e-03 1.056551035481629208e+00 2.470926913666864760e-02 9.996939261392159271e-01 -1.272082250513538416e-03 3.221996366281910246e-02 1.071276310692361507e-03 1.245990505281974452e-03 9.999987175857426580e-01 9.505462599069959551e-03
9.996735690635419891e-01 -2.552229692843710485e-02 -1.239654286227668059e-03 1.097483344906444502e+00 2.552060783911191608e-02 9.996734307688263099e-01 -1.358662392622049303e-03 3.193747507467465524e-02 1.273931398753844896e-03 1.326582125449864450e-03 9.999983813487196560e-01 9.496269459034581070e-03
9.996480544105877941e-01 -2.651061159695383002e-02 -1.063106631629358919e-03 1.147746854076332923e+00 2.650913082224179082e-02 9.996476766268233005e-01 -1.380295219229960273e-03 3.215763308039980284e-02 1.099330456123043557e-03 1.351627691780847009e-03 9.999985584605634026e-01 1.259972581559706470e-02
9.996210494900991117e-01 -2.752223517394678659e-02 -6.832319934256244958e-04 1.201123369447097522e+00 2.752136808495732334e-02 9.996205033645905180e-01 -1.241190019414070700e-03 3.595608714084298774e-02 7.171388013184949338e-04 1.221915213615545242e-03 9.999990761407515638e-01 1.404295945017192300e-02
9.995950969968537825e-01 -2.845278115340803618e-02 -5.165724823763143212e-04 1.258258073923430809e+00 2.845238344955414167e-02 9.995949219909201489e-01 -7.564719288257322439e-04 4.240683947886974420e-02 5.378926019078507023e-04 7.414671346977990242e-04 9.999996623063107659e-01 1.431633673072470539e-02
9.995550464174371985e-01 -2.982675423489468750e-02 -5.113602710905817148e-04 1.319862281460141507e+00 2.982660083118046299e-02 9.995551036734636741e-01 -3.001495843183288456e-04 4.478366781915251588e-02 5.200922797248991617e-04 2.847627590432733123e-04 9.999999066760835165e-01 9.702574993064136399e-03
9.995186379127912746e-01 -3.102603214185464114e-02 -2.657027013553009691e-04 1.381606161013268386e+00 3.102599724126310632e-02 9.995186321548443775e-01 -1.222387140839880303e-04 4.663350847020319295e-02 2.693738992118822526e-04 1.139326722118263292e-04 1.000000041533801509e+00 1.030697897235623335e-02
9.995026038839862625e-01 -3.153800969823571110e-02 3.071352414273063620e-04 1.446212903452017251e+00 3.153814069913880164e-02 9.995025123933306554e-01 -4.474795042773183377e-04 5.153252212438780289e-02 -2.928615639377008450e-04 4.569411375020056461e-04 9.999999384777885636e-01 1.153740199849692498e-02
9.995083673948562675e-01 -3.134372192521923256e-02 8.955229320775090832e-04 1.515546011562656448e+00 3.134445305956946176e-02 9.995083725456351820e-01 -8.215619005233146125e-04 5.286299701831714826e-02 -8.693207729983335602e-04 8.492303251462322844e-04 9.999993491972514192e-01 1.344317441559718211e-02
9.995238450425165677e-01 -3.084297256600575243e-02 1.005585317530849300e-03 1.587217793195849325e+00 3.084413059896978088e-02 9.995236027569852633e-01 -1.163214329350718878e-03 5.388002066963476500e-02 -9.692165227408901370e-04 1.193677401914910183e-03 9.999989059622528265e-01 1.351989528798169804e-02
9.995575003373314837e-01 -2.974253990775440129e-02 6.417470504497990898e-04 1.654608147271964702e+00 2.974318821558310372e-02 9.995571151492159689e-01 -1.034840141122529656e-03 5.628238681616440364e-02 -6.106712286307180038e-04 1.053467119942510990e-03 9.999993474531078119e-01 1.504153900227603140e-02
9.995952308711970602e-01 -2.845142145041027262e-02 3.566329437383242065e-04 1.723081582813972501e+00 2.845161906672271507e-02 9.995950837900887676e-01 -5.805178451736256505e-04 6.049214531601507933e-02 -3.399613360230814910e-04 5.904242566038424333e-04 9.999998576425191965e-01 1.580845419116782072e-02
9.996286859819818460e-01 -2.725280928395552860e-02 -1.240415277061892934e-04 1.793983151593224967e+00 2.725281663176361280e-02 9.996286502391940054e-01 1.208793313255127132e-04 6.253466237061885979e-02 1.207089712415089136e-04 -1.242220003101744978e-04 1.000000076356825751e+00 1.165253768194477596e-02
9.996678044092199844e-01 -2.577691635121681993e-02 -2.733359645515695134e-04 1.860172741263921514e+00 2.577698341073450181e-02 9.996677668277056394e-01 2.731039768587231612e-04 6.163561205671521520e-02 2.662130301881029471e-04 -2.800661664374353246e-04 1.000000016756489751e+00 9.552421929365373029e-03
9.997224942881165477e-01 -2.355982671589988350e-02 3.425659153603593664e-04 1.922788325319381153e+00 2.355985288178118545e-02 9.997225109820558897e-01 -9.831497960927646287e-05 5.850837467670323699e-02 -3.401451127300417492e-04 1.063533777621519528e-04 1.000000029657293732e+00 1.220810205926246492e-02
9.997838230886694211e-01 -2.077270305758210228e-02 1.029471146191792731e-03 1.993980008270992421e+00 2.077358550860294861e-02 9.997839241213875017e-01 -8.646246237919178942e-04 5.780725583691396358e-02 -1.011274924362061661e-03 8.858222321809934834e-04 9.999991915643224871e-01 1.721765975550211894e-02
9.998443441809383714e-01 -1.761329014514008071e-02 1.149472520112112574e-03 2.069444624009355582e+00 1.761467828001305608e-02 9.998442014584550952e-01 -1.218454419891646951e-03 5.830605351311844708e-02 -1.127817849936738970e-03 1.238511498395882589e-03 9.999986926487191008e-01 2.206699110267883526e-02
9.998958413909342369e-01 -1.443466996390323394e-02 4.644540592754412131e-04 2.140968977735408618e+00 1.443497930032867395e-02 9.998956624001763549e-01 -6.993221843552215695e-04 5.759170995500229040e-02 -4.542988893683186889e-04 7.059495869841757700e-04 9.999997463040390944e-01 2.059269340434847009e-02
9.999405116831060480e-01 -1.091813908528406311e-02 -2.115280235969566080e-04 2.213132177853288862e+00 1.091815547425665882e-02 9.999404843652144326e-01 1.555412668577222334e-04 5.728477067823652819e-02 2.098248122568068745e-04 -1.578494235885004294e-04 1.000000067564901896e+00 1.569448720488483481e-02
9.999796346644043155e-01 -6.403626106076745414e-03 9.094589306305946193e-05 2.290106523084321388e+00 6.403580749610235726e-03 9.999795551573438246e-01 3.029760126712906058e-04 5.520003658010036451e-02 -9.287472830601959729e-05 -3.023922430489261060e-04 1.000000053339255235e+00 1.030616013971530007e-02
9.999995730511779257e-01 -1.882233602549498715e-04 1.052044304514028385e-03 2.376063143131782240e+00 1.882262389972847415e-04 1.000000088139486598e+00 -1.905487102548015726e-05 4.694288148636489855e-02 -1.052031084136931510e-03 1.924908781808500624e-05 9.999995500320881803e-01 1.180968026905918761e-02
9.999695836540741789e-01 7.554775756079280466e-03 2.013752737786396376e-03 2.467887564156065583e+00 -7.554177089254908613e-03 9.999715285624198868e-01 -3.134293971875098755e-04 3.903679477093159600e-02 -2.016051134588349187e-03 2.982060953249555274e-04 9.999980275319242384e-01 2.121378702729367904e-02
9.998661516305052954e-01 1.618749511677892300e-02 2.439010068729754663e-03 2.560681496769681598e+00 -1.618609785606993368e-02 9.998689317455015102e-01 -5.985968452889225836e-04 3.257190130392288718e-02 -2.448366506488149161e-03 5.590379386478625283e-04 9.999969510461972355e-01 2.468980536261695252e-02
9.996712306787690627e-01 2.553653378864289766e-02 2.372704338282622186e-03 2.648640713076482189e+00 -2.553612112228664105e-02 9.996739960980405293e-01 -2.116279541361674120e-04 2.357602009317031830e-02 -2.377323648588375478e-03 1.509648595495479253e-04 9.999972685145177564e-01 2.560028294412201172e-02
9.993464131523580596e-01 3.612256904500429217e-02 1.492463208684004401e-03 2.733215925056953655e+00 -3.612365347448846797e-02 9.993472091295553250e-01 6.941061920677766119e-04 1.160101387170384482e-02 -1.466406801170420980e-03 -7.475696670586543099e-04 9.999987514834932645e-01 2.077586665739382735e-02
9.987932811227037133e-01 4.910869687705861353e-02 8.015021657546938768e-04 2.817734647407825754e+00 -4.910992682213112526e-02 9.987922679715339758e-01 1.571247225996092942e-03 -1.524662391882694243e-03 -7.233620980821758081e-04 -1.608717205701925721e-03 9.999985508866751083e-01 1.548849639234403490e-02
9.979696108512496888e-01 6.369437861834893744e-02 1.061842240707447724e-04 2.912024014767417679e+00 -6.369448364525155670e-02 9.979681752968202479e-01 1.669467584995913906e-03 -1.665249938067207836e-02 3.788026180220695473e-07 -1.672845006947165127e-03 9.999987076157405008e-01 1.204113014702989405e-02
9.968041222413822622e-01 7.988644802277350410e-02 -1.863788831676867251e-04 3.004926675639308709e+00 -7.988631373083336651e-02 9.968038602312092600e-01 7.088120768033733020e-04 -4.144374233177398198e-02 2.424218563253314606e-04 -6.916608960706474530e-04 9.999998392705216066e-01 1.498951453290761800e-02
9.951716452463351681e-01 9.815161543850833836e-02 1.461677804047979115e-05 3.094861102548950083e+00 -9.815163168626316048e-02 9.951715984719270436e-01 1.185269722711583014e-04 -6.927734852986859593e-02 -2.897282680741786610e-06 -1.193931918470638972e-04 1.000000100908151834e+00 2.389309136641561485e-02
9.928980689990962727e-01 1.189687949491707725e-01 4.516590491796069269e-04 3.189119624056890423e+00 -1.189691256587279561e-01 9.928978072000559374e-01 7.546006154505023210e-04 -1.001560892160315297e-01 -3.586595229010229331e-04 -8.029796619204710145e-04 9.999997217839987629e-01 2.855196299372686833e-02
9.899258897884508634e-01 1.415849469636814573e-01 8.910706438755016268e-04 3.297430237786044493e+00 -1.415864158315082444e-01 9.899242834850459083e-01 1.866165360000660934e-03 -1.307384360606343721e-01 -6.178528809339949197e-04 -1.973533253151026588e-03 9.999979702892491940e-01 2.649119416083980591e-02
9.861800673045194587e-01 1.656719781856653695e-01 1.427938856824248828e-03 3.406128560937615291e+00 -1.656750292496431964e-01 9.861777083621698914e-01 2.367608669926831236e-03 -1.683458412392781767e-01 -1.015933648830721252e-03 -2.571464695418100143e-03 9.999962867860801019e-01 2.143075491912657324e-02
9.814919678990389196e-01 1.914928725849059099e-01 2.092128372566563060e-03 3.509904950593392137e+00 -1.914974246185508766e-01 9.814907129921738305e-01 2.240999263244975760e-03 -2.146053444353122064e-01 -1.624244916536041021e-03 -2.600158705325075672e-03 9.999954103483648105e-01 2.103220034641080025e-02
9.757398828869869867e-01 2.189204345594849555e-01 2.432449839695565406e-03 3.612951250121152480e+00 -2.189250196216224187e-01 9.757401794974799314e-01 1.804410402551873561e-03 -2.637446450540371634e-01 -1.978390431817839742e-03 -2.293156345671871089e-03 9.999955238065606489e-01 2.602872743787015136e-02
9.689768749477706278e-01 2.471433006057776050e-01 2.098971371225680227e-03 3.720020048573370541e+00 -2.471462636874706964e-01 9.689775015020000160e-01 1.284976352260756112e-03 -3.154474211365270175e-01 -1.716254627295670443e-03 -1.763864180049586972e-03 9.999970825547512820e-01 2.883952851481254992e-02
9.610916997810233786e-01 2.762216643278356809e-01 2.177705219447715473e-03 3.824609925125633580e+00 -2.762245408410885505e-01 9.610926200741272130e-01 1.143968757484932616e-03 -3.724777981669035731e-01 -1.776958897871722424e-03 -1.700992735457775972e-03 9.999970854837043621e-01 2.868134015355852315e-02
9.519533824643412467e-01 3.062320473493533868e-01 2.665062195692007464e-03 3.930381362779992394e+00 -3.062351004315584935e-01 9.519557451752724830e-01 8.119818568961126911e-04 -4.334111193605063583e-01 -2.288335415042226130e-03 -1.589101868956867064e-03 9.999962306341655394e-01 2.624864092661760226e-02
9.417587446245674343e-01 3.362689107025959578e-01 3.755367296395287994e-03 4.040619545998685780e+00 -3.362733741753653471e-01 9.417644022433486750e-01 6.075335268746993042e-04 -5.001925308342182186e-01 -3.332344922939057315e-03 -1.834974376600102949e-03 9.999928764137256954e-01 2.522995195345211980e-02
9.306808848948299184e-01 3.658046438044094129e-01 4.525129569021603404e-03 4.151267204399218258e+00 -3.658096375497452701e-01 9.306898345664549321e-01 2.991519563480896917e-04 -5.752992205165210482e-01 -4.102027633696438483e-03 -1.933742044604267775e-03 9.999898297906562039e-01 2.435719217685021823e-02
9.185267427871084411e-01 3.953380452231562425e-01 4.108524336711749311e-03 4.255511046323761093e+00 -3.953400070604047301e-01 9.185349756060514625e-01 -3.583395086769942972e-04 -6.538758349614836041e-01 -3.915454257363897191e-03 -1.295110984647273580e-03 9.999916095448431186e-01 2.766128299334708052e-02
9.047572689173929428e-01 4.259159254533110839e-01 3.216350425202739102e-03 4.356235783158834529e+00 -4.259173054508521572e-01 9.047622489134629076e-01 -2.774820478883879274e-04 -7.336563075830401237e-01 -3.028181275255482485e-03 -1.118839755647592837e-03 9.999949052210231892e-01 3.574669279812997535e-02
8.892051297420165978e-01 4.574995741806967553e-01 2.970362257516467180e-03 4.462880014554852615e+00 -4.575037059738094047e-01 8.892074987957045984e-01 8.651051362513298990e-04 -8.187985724953176225e-01 -2.245449400645652127e-03 -2.128203481379222894e-03 9.999953309994173978e-01 3.713789245945831735e-02
8.723858252271716740e-01 4.888001029134605990e-01 4.229287468382201924e-03 4.572973634479937211e+00 -4.888128624922906673e-01 8.723844194529426499e-01 2.789946901054260898e-03 -9.110244298594729617e-01 -2.325808958196045901e-03 -4.501232166638092190e-03 9.999872830663923962e-01 2.717479602184401377e-02
8.541478995882917369e-01 5.200118452602773278e-01 4.417260285954792941e-03 4.678833937512766994e+00 -5.200265603992056951e-01 8.541438883592707976e-01 3.313357439704804532e-03 -1.010868967205317270e+00 -2.049963150149932984e-03 -5.127180559224578382e-03 9.999848732326381828e-01 7.140260277902971305e-03
8.342702888080483214e-01 5.513548889911015216e-01 1.159654032693990724e-03 4.772434531530532098e+00 -5.513560161957509198e-01 8.342694221502329199e-01 1.208960906963928465e-03 -1.120995328319537077e+00 -3.008677676481113280e-04 -1.647974837134986298e-03 9.999987187329701932e-01 8.493652833616041620e-03
8.121248318463283322e-01 5.834701933532087104e-01 -4.033662770983781516e-03 4.861392593288134556e+00 -5.834791471911870975e-01 8.121270031269267609e-01 -1.484854562654343117e-03 -1.240719618211126862e+00 2.409508775751526694e-03 3.559450486468281483e-03 9.999908863440788442e-01 3.265198506733840017e-02
7.872905139912895756e-01 6.165274569147931594e-01 -8.247871499113870394e-03 4.958956848255200001e+00 -6.165673048589268568e-01 7.872947324062701258e-01 -3.486602992083061639e-03 -1.364736567100986564e+00 4.343952231739931814e-03 7.830340818246335141e-03 9.999600329327128501e-01 4.869513286470295715e-02
7.599564390632475019e-01 6.499056746044639121e-01 -9.450681840631754149e-03 5.067889840894522990e+00 -6.499593242005501370e-01 7.599573920940300154e-01 -4.247037020391967142e-03 -1.497940188313839016e+00 4.421974863315666741e-03 9.370128394005158498e-03 9.999464483932596348e-01 4.061548044756706916e-02
7.303005754618911993e-01 6.830624316472885260e-01 -9.342371786163379543e-03 5.172835504744173640e+00 -6.831118433204157459e-01 7.303057439858088307e-01 -3.483085540514720135e-03 -1.643286373306469317e+00 4.443653723384247134e-03 8.925594142278482634e-03 9.999504198486649509e-01 2.653682250606491724e-02
6.983999609186828383e-01 7.156370239737791517e-01 -1.008220623391816763e-02 5.269895076791820898e+00 -7.156915595642969752e-01 6.984100929650797207e-01 -3.057054290642431584e-03 -1.800209673331106153e+00 4.853802402054276099e-03 9.350810081582477951e-03 9.999446275719160449e-01 1.205899787551576417e-02
6.655585726499008148e-01 7.462349156432931396e-01 -1.287436419567296840e-02 5.364049620966359733e+00 -7.463320117650725782e-01 6.655524671250800939e-01 -5.372264153585165278e-03 -1.969302824965875498e+00 4.559624383716106601e-03 1.318412242611146853e-02 9.999028182146005861e-01 1.376898549446197752e-02
6.328688643374329459e-01 7.741010293616026328e-01 -1.565602150946942758e-02 5.456432200923329034e+00 -7.742522801831760448e-01 6.328198510784880382e-01 -8.536569847658281168e-03 -2.146991363593550250e+00 3.299306435144216346e-03 1.752425830318066896e-02 9.998411279812030594e-01 3.225138330920006291e-02
5.997539717822983896e-01 7.999917950302574132e-01 -1.757322560943918449e-02 5.545307320175632881e+00 -8.001786473279076661e-01 5.996905464420880794e-01 -9.263572407967735414e-03 -2.331166309046049268e+00 3.127748038258665840e-03 1.961760325204446945e-02 9.998027973155013681e-01 5.026087104129459832e-02
5.655426827316524241e-01 8.244966302670833080e-01 -1.916504746677006807e-02 5.637533777238144417e+00 -8.247055178657024532e-01 5.655148968079335425e-01 -7.358712867793428154e-03 -2.521820426892288580e+00 4.770918475211697977e-03 1.996720913761061700e-02 9.997893887312935268e-01 4.515909081050249740e-02
5.305740509971189622e-01 8.474206584372148132e-01 -1.923341494401236557e-02 5.732272459942921117e+00 -8.476070842684285678e-01 5.306140285599317830e-01 -3.380722727514566019e-03 -2.721472043359636217e+00 7.340657766448988909e-03 1.809612826781393721e-02 9.998094435730224827e-01 3.049934603932824909e-02
4.947425239542402875e-01 8.688713196179482789e-01 -1.711720635282744374e-02 5.823489456175550139e+00 -8.690077936216640264e-01 4.947975059014941279e-01 -1.153143687160374528e-03 -2.937990025887100121e+00 7.467648863792628912e-03 1.544552291714463947e-02 9.998529707945866818e-01 1.479493684686307257e-02
4.593271848746983688e-01 8.881259400416187111e-01 -1.585537318740488574e-02 5.909028329905610555e+00 -8.882522984818279621e-01 4.593503163432436920e-01 -2.364164437849270491e-03 -3.170694382643716391e+00 5.183525981289127671e-03 1.516952572902293371e-02 9.998716507652951613e-01 8.064425716386557780e-03
4.245649549480203233e-01 9.052175939309257124e-01 -1.806249714458742911e-02 5.983376702304058270e+00 -9.053890319414961141e-01 4.245638622973076370e-01 -4.083905741545056783e-03 -3.404071599071190501e+00 3.971887460837774525e-03 1.808749958471928335e-02 9.998286717230774334e-01 2.603219868364984105e-02
3.877149737889957204e-01 9.215547327149158363e-01 -2.035996221051620744e-02 6.053239559817177096e+00 -9.217633828513862593e-01 3.877444442864541596e-01 -2.638820208251105651e-03 -3.639347272442742920e+00 5.462669027015290037e-03 1.979020869349659706e-02 9.997893880965932345e-01 4.789490778125877340e-02
3.506433093745335294e-01 9.363070747615880318e-01 -1.946503490796081329e-02 6.122495985686863484e+00 -9.364791025868151042e-01 3.507232445778233898e-01 7.465309368142554252e-04 -3.896888925718816399e+00 7.525844963895154081e-03 1.796686573270062787e-02 9.998104212499668852e-01 4.079324112147964670e-02
3.163921045805933585e-01 9.484312739100879686e-01 -1.935768745520041398e-02 6.173603209780203827e+00 -9.486088333298769992e-01 3.164518079794886307e-01 2.347632565594975391e-05 -4.170923835262921209e+00 6.148066448385305222e-03 1.835547779473548774e-02 9.998127860380636722e-01 2.833862990429572267e-04
2.828013414104820766e-01 9.588426358549810846e-01 -2.539234768210461152e-02 6.206625744754006746e+00 -9.591786646707042285e-01 2.827136278938637837e-01 -7.054450182534264049e-03 -4.446450931100978998e+00 4.146794784841647164e-04 2.635083541783600491e-02 9.996528399203897797e-01 -1.670977421714420208e-02
2.493147600303570466e-01 9.677953886376718939e-01 -3.485424526280552632e-02 6.240497951078840089e+00 -9.684111293631953998e-01 2.489738850813316418e-01 -1.386946508603067139e-02 -4.717344897063677323e+00 -4.744985043021629836e-03 3.721112754362188024e-02 9.992963365464802017e-01 2.064111727191217383e-02
2.164846286104210038e-01 9.754188283673045357e-01 -4.114739208533534781e-02 6.280020620865328418e+00 -9.762727770879735534e-01 2.160676522487841311e-01 -1.437736551586274274e-02 -4.986846301940361492e+00 -5.133314304689305836e-03 4.328358319273398203e-02 9.990498194251427044e-01 6.938568058830728302e-02
1.851626614021315564e-01 9.819469823418959242e-01 -3.867186063895863141e-02 6.314252800646456443e+00 -9.827050800049442758e-01 1.849206007097956572e-01 -9.776162431461005511e-03 -5.264570811298112218e+00 -2.448431305729042821e-03 3.981324214391111782e-02 9.992043231453049401e-01 6.973733824177005824e-02
1.552430818541047086e-01 9.873455230557943718e-01 -3.238844604249184467e-02 6.332109683724825189e+00 -9.878759163991813752e-01 1.551225808379303739e-01 -6.215708595944157214e-03 -5.555601175926878632e+00 -1.112856267289779244e-03 3.296074251217901568e-02 9.994562157659740986e-01 1.989219766434279987e-02
1.271341736334123951e-01 9.914282132492870936e-01 -3.012670843213568692e-02 6.338129127836499066e+00 -9.918820915221747692e-01 1.269923188600033392e-01 -6.583644641235023888e-03 -5.847995551533804459e+00 -2.701332337652560724e-03 3.071918067345517922e-02 9.995245976617409545e-01 -2.137567974837039850e-02
1.013492553063650853e-01 9.941943301815963085e-01 -3.614672279494066803e-02 6.346000104545794329e+00 -9.948353104224536558e-01 1.010756993031081824e-01 -9.321240592099077835e-03 -6.134648062015218173e+00 -5.613552551485373812e-03 3.690476711058148646e-02 9.993032157274270855e-01 -5.040998630407593842e-03
7.864208304185224541e-02 9.960837374288576962e-01 -4.041342014100207658e-02 6.365251395844125248e+00 -9.968713221005219838e-01 7.825094796249210116e-02 -1.117307945424303797e-02 -6.421820361762663687e+00 -7.966922670912278404e-03 4.116568284609219835e-02 9.991207694400439099e-01 4.944149945153174242e-02
5.848245359008150124e-02 9.975456901726130754e-01 -3.851027673731764744e-02 6.378285516334609717e+00 -9.982488222917557108e-01 5.809187488005993633e-02 -1.118517900006142825e-02 -6.720034844656138873e+00 -8.920577433492863847e-03 3.909700593168113913e-02 9.991958019546658409e-01 6.064970442485963925e-02
4.138046310231514174e-02 9.986029700800308495e-01 -3.286978652035060788e-02 6.374826163743919416e+00 -9.991034334654547155e-01 4.106102823215720954e-02 -1.033479751188530991e-02 -7.023086049027909894e+00 -8.970673435079167327e-03 3.326800860316284081e-02 9.994064154895816454e-01 2.193206233079533080e-02
2.687802838409545161e-02 9.991510543189207061e-01 -3.123155637249012267e-02 6.359513360673365590e+00 -9.995975780659546173e-01 2.657948801909403719e-02 -9.935276185364152676e-03 -7.327139818035395713e+00 -9.096701357192718551e-03 3.148606545411888197e-02 9.994630040928506043e-01 -1.446658354854134416e-02
1.454893274138660195e-02 9.993335592085561547e-01 -3.348786228520930081e-02 6.353766096075911918e+00 -9.998326988492928225e-01 1.416779460600866951e-02 -1.159079827983906970e-02 -7.626387938434012526e+00 -1.110860430345599233e-02 3.365093010898000808e-02 9.993721200936106497e-01 -5.586703656311037790e-04
4.176351133156529227e-03 9.993405616164114935e-01 -3.607877658838583995e-02 6.361711905072390927e+00 -9.998971362012378794e-01 3.677526497025090761e-03 -1.388142298712328679e-02 -7.924524964993093334e+00 -1.373957098370846668e-02 3.613307511214384343e-02 9.992527460907167924e-01 2.957897855229756068e-02
-4.333693665422622826e-03 9.993487643082886729e-01 -3.583224103311260372e-02 6.363039251439534638e+00 -9.998796769589524125e-01 -4.864750977094678755e-03 -1.474693060447338291e-02 -8.221031519434914614e+00 -1.491162319281639885e-02 3.576405830443377815e-02 9.992492190735239310e-01 3.296707217692173425e-02
-1.117250140468198372e-02 9.993267774176791685e-01 -3.495507121467339440e-02 6.345780026885908143e+00 -9.998377307055948959e-01 -1.165919630268630672e-02 -1.375093760572272325e-02 -8.514053264171607793e+00 -1.414920760473689990e-02 3.479580714447208512e-02 9.992944915879282686e-01 8.316416122170598377e-03
-1.702687581359698873e-02 9.992194441975602581e-01 -3.565501662416169226e-02 6.325431984503708804e+00 -9.997574755116531708e-01 -1.751316869818833263e-02 -1.337143562304004933e-02 -8.804919726213899622e+00 -1.398541043463817982e-02 3.541873728650787867e-02 9.992749128613636067e-01 -3.056509541529362373e-03
-2.240611876842853525e-02 9.990228642445833085e-01 -3.810487896720779477e-02 6.317491366703200661e+00 -9.996533496972098698e-01 -2.291548418819874464e-02 -1.298378116632816805e-02 -9.093863153380159048e+00 -1.384426794833619120e-02 3.780079515226845988e-02 9.991896082208892027e-01 3.231071467509085988e-03
-2.633515673155259820e-02 9.989146348869351044e-01 -3.842808405769983920e-02 6.317114717921870515e+00 -9.995738645490517271e-01 -2.679860125688936917e-02 -1.159528101560461204e-02 -9.385431248122591441e+00 -1.261249849356245456e-02 3.810638981617694293e-02 9.991943093251952623e-01 2.177626329010367776e-02
-2.898355897703009179e-02 9.989581494566637243e-01 -3.526030944229146397e-02 6.311923897208219891e+00 -9.995083398992180568e-01 -2.938626276325636069e-02 -1.095686240152369054e-02 -9.672154122911701180e+00 -1.198159749695331018e-02 3.492545084815255885e-02 9.993183218518582045e-01 1.996957296916178001e-02
-3.172311993259216423e-02 9.989846072958944445e-01 -3.200195729659320587e-02 6.299789701943772080e+00 -9.994090984207555373e-01 -3.212858951136175756e-02 -1.223661442033777483e-02 -9.954651018792910477e+00 -1.325234784112985786e-02 3.159491135853717547e-02 9.994131266545862591e-01 -4.804779735142517840e-04
-3.514766233690573560e-02 9.989008440028821489e-01 -3.102378480691807619e-02 6.286800534041127264e+00 -9.992766298192209407e-01 -3.557862083958578114e-02 -1.345028865005849956e-02 -1.023422208691308910e+01 -1.453926726175667865e-02 3.052864311484127999e-02 9.994283750861461257e-01 -1.243340807524035557e-02
-3.841238861961103479e-02 9.987689253544913548e-01 -3.139851422968497480e-02 6.278163155730126732e+00 -9.991554168854146489e-01 -3.884874495593975546e-02 -1.340745589178214334e-02 -1.051948264457795545e+01 -1.461072475482169328e-02 3.085702934736291383e-02 9.994172554183164969e-01 -5.512254821053550954e-03
-4.073651089431008093e-02 9.986721498028244826e-01 -3.154728546127710115e-02 6.269439718719216792e+00 -9.990748337523973621e-01 -4.114851549376939005e-02 -1.252246527921994923e-02 -1.080099623412123755e+01 -1.380394767156055760e-02 3.100802526770153264e-02 9.994240574413807421e-01 9.705179831702056810e-04
-4.273141652146007774e-02 9.985960402462522589e-01 -3.131676475043871505e-02 6.256062086979874870e+00 -9.989915766495812699e-01 -4.313925720240675832e-02 -1.246495165144057352e-02 -1.107521053006807499e+01 -1.379842362239101436e-02 3.075258738435426853e-02 9.994320278960565629e-01 -2.328737001533113908e-03
-4.490276009992584527e-02 9.984874886462062893e-01 -3.173718548181590077e-02 6.238208790815451543e+00 -9.988786201483087490e-01 -4.535287028745466770e-02 -1.360762316790272396e-02 -1.134933157505508916e+01 -1.502640617184486903e-02 3.109062144167708264e-02 9.994038663960278512e-01 -1.183229096005455373e-02
-4.737070899547395075e-02 9.983591437921661704e-01 -3.218421417780606419e-02 6.223446559840633441e+00 -9.987512865353308511e-01 -4.785261085281838217e-02 -1.437171305026657860e-02 -1.162181751574972388e+01 -1.588822340075516509e-02 3.146327141412192524e-02 9.993788836462882408e-01 -1.274377029726781081e-02
-4.989473107534993235e-02 9.982542772071932857e-01 -3.161806223462981791e-02 6.211275207088788441e+00 -9.986425457094082470e-01 -5.033865242912615584e-02 -1.340317670358835180e-02 -1.189511700214853818e+01 -1.497138319086355543e-02 3.090643900499576505e-02 9.994104183946982412e-01 -1.150291945560683385e-02
-5.215082371211723911e-02 9.981827870605757269e-01 -3.020271072978426494e-02 6.195529171026884718e+00 -9.985700007586478799e-01 -5.248013726038852633e-02 -1.021536381241781866e-02 -1.217231603111851435e+01 -1.178183804555817983e-02 2.962682734421134834e-02 9.994918609161992373e-01 -1.166853878573559725e-02
-5.477113362597130219e-02 9.980793095062324705e-01 -2.895868073943355311e-02 6.177581104849897642e+00 -9.984552861621294184e-01 -5.501773184905894842e-02 -7.788510968467558977e-03 -1.245993900942542076e+01 -9.366789275006918644e-03 2.848740837637465939e-02 9.995505382193333732e-01 -1.257839715315125194e-02
-5.728608808928621621e-02 9.979611750124041114e-01 -2.815299124568704237e-02 6.163165392997602687e+00 -9.983151145023450024e-01 -5.752247731919560292e-02 -7.659640609588918951e-03 -1.275996639402207400e+01 -9.263451784702180641e-03 2.766681325291436844e-02 9.995745540478880864e-01 -1.439025521680767014e-02
-5.978030702654216211e-02 9.978172600810889525e-01 -2.806822660082274046e-02 6.146444937053090030e+00 -9.981640366109326701e-01 -6.002900345818743683e-02 -8.102987254963070485e-03 -1.306285263010082254e+01 -9.770205711483485531e-03 2.753234480092555878e-02 9.995734475598722080e-01 -1.770929239203119371e-02
-6.250114283234878276e-02 9.976811178727302831e-01 -2.695913962261381469e-02 6.128226010185446881e+00 -9.979993401011227894e-01 -6.273435707959762464e-02 -7.893247914115487235e-03 -1.337099161649145174e+01 -9.566208640964801724e-03 2.641191735312402658e-02 9.996056564381213816e-01 -1.954628929093947184e-02
-6.502698975231777090e-02 9.975826556819582525e-01 -2.451824983746284450e-02 6.106402055024152453e+00 -9.978477749562075783e-01 -6.521377088026307500e-02 -6.896949843095897224e-03 -1.368451014836984747e+01 -8.479205634725837937e-03 2.401704494115040195e-02 9.996758787920683176e-01 -1.974497771372236282e-02
-6.727462448097523695e-02 9.974710296065285586e-01 -2.294526333458562356e-02 6.083755016846888353e+00 -9.977008299630660826e-01 -6.744427336099825809e-02 -6.701556136963294878e-03 -1.399954765466787876e+01 -8.232135218125768983e-03 2.244171590950710948e-02 9.997145525750092965e-01 -2.649838180928991427e-02
-6.985742467702996117e-02 9.973007024431236323e-01 -2.262885870914763467e-02 6.063104113010608032e+00 -9.975111126795432881e-01 -7.005444830063324579e-02 -8.034166982842984653e-03 -1.432507380019418797e+01 -9.597732387666792209e-03 2.201134550247501459e-02 9.997119467792799918e-01 -3.014770051110048782e-02
