1.000000000000000000e+00 0.000000000000000000e+00 0.000000000000000000e+00 0.000000000000000000e+00 0.000000000000000000e+00 1.000000000000000000e+00 0.000000000000000000e+00 0.000000000000000000e+00 0.000000000000000000e+00 0.000000000000000000e+00 1.000000000000000000e+00 0.000000000000000000e+00
9.999999923867471940e-01 2.439715774406912465e-06 1.233716062715941751e-04 -3.976314284427484927e-03 -2.431056682896788609e-06 9.999999975339255442e-01 -7.018717080483609253e-05 -3.826302863221110653e-03 -1.233717772040983558e-04 7.018687034711548593e-05 9.999999899266038828e-01 -2.168101461379699606e-03
9.999999763121469876e-01 1.109518480558670424e-04 1.872575577235053451e-04 -4.546176735046425499e-03 -1.109191031700558315e-04 9.999999785592730284e-01 -1.748668238357885176e-04 9.309940689423372830e-04 -1.872769555058354787e-04 1.748460492532044196e-04 9.999999671780999133e-01 -2.486462453614455073e-03
9.999999972205350085e-01 6.750747748021593156e-05 3.164917862651226468e-05 -2.616007545485136282e-03 -6.750390875139261181e-05 9.999999913657264816e-01 -1.127464826862047343e-04 -5.192251586978991612e-03 -3.165678958388550761e-05 1.127443459295637655e-04 9.999999931432800304e-01 -9.811515546588990902e-04
9.999999957163646647e-01 8.681594921948400812e-05 3.209768812987088264e-05 -1.241023793244065438e-03 -8.681559773957475733e-05 9.999999961715577701e-01 -1.095154966763060581e-05 -1.012006677334724089e-02 -3.209863877616656106e-05 1.094876304073710741e-05 9.999999994249010316e-01 -1.786549506015387700e-04
9.999999947639979236e-01 -9.934425856781902786e-05 2.455040349010409462e-05 -1.077022176396904424e-03 9.934382747601648675e-05 9.999999949112241548e-01 1.756005462462027498e-05 -7.883969027921079731e-03 -2.455214785577969426e-05 -1.755761560162701486e-05 9.999999995444610601e-01 6.535361833909700789e-04
9.999999974329931707e-01 6.159416912192247379e-05 3.660836046625511064e-05 -3.230908559694567386e-03 -6.159450233627617973e-05 9.999999980616438577e-01 9.101080392282911557e-06 -3.050649489382586434e-03 -3.660779982181019938e-05 -9.103335242664641646e-06 9.999999992884991418e-01 -3.577565311194261981e-04
9.999999947561594160e-01 6.932454980465490376e-05 -7.537763606384863875e-05 -1.612427034256721852e-03 -6.932416085310797599e-05 9.999999975837539079e-01 5.162639569481114915e-06 -5.006594844427987231e-03 7.537799377938168258e-05 -5.157414051041838552e-06 9.999999971457795844e-01 4.206955132834521555e-04
9.999999997266554308e-01 -2.162702562160480129e-05 -8.885994914391188721e-06 -2.761163133172062426e-03 2.162653313450495666e-05 9.999999982305025625e-01 -5.541920146489635971e-05 -3.301348033730654944e-03 8.887193451157456939e-06 5.541900927648437173e-05 9.999999984248756357e-01 2.969306391408947144e-04
9.999999958153297230e-01 9.142972373718260572e-05 -3.153762493462155981e-06 3.330863962389407195e-03 -9.143001930303511953e-05 9.999999914167393422e-01 -9.384600577419763040e-05 1.886770543498648067e-03 3.145182152010817909e-06 9.384629373004867517e-05 9.999999955914904426e-01 1.230083548285565041e-03
9.999999943382107404e-01 1.030824772589877282e-04 2.641176467647135212e-05 1.783325990747942989e-03 -1.030810897441259333e-04 9.999999933074468217e-01 -5.252994706094509311e-05 -4.266918665182876090e-04 -2.641717941678253898e-05 5.252722421004667441e-05 9.999999982715116476e-01 5.847489497558622327e-04
9.999999919745086174e-01 9.208236649037116275e-05 8.701620752295031634e-05 -1.490960889652636224e-03 -9.208548041789453619e-05 9.999999951199465276e-01 3.578227490796006118e-05 -8.422864917117077119e-03 -8.701291218175462338e-05 -3.579028755006362925e-05 9.999999955739041768e-01 -6.771565327794009390e-04
9.999999988192691536e-01 -2.948018396864997805e-05 3.863133973518431056e-05 -8.406970739976772286e-03 2.948027819373823710e-05 9.999999995624834215e-01 -2.438516983918549542e-06 -5.394735692080395058e-03 -3.863126783035316801e-05 2.439655843681707076e-06 9.999999992508366020e-01 4.088948101019932238e-04
9.999999926406121231e-01 3.255535847441911018e-05 1.168714012065636581e-04 -6.620909090110288497e-03 -3.255342049224068198e-05 9.999999993326221803e-01 -1.658404027793953175e-05 -1.576200816058332711e-03 -1.168719410279424857e-04 1.658023559202415105e-05 9.999999930330225606e-01 -1.695218750644783600e-03
9.999999902945957420e-01 3.517853353991631619e-05 1.348083054540401683e-04 -8.736074572553630081e-04 -3.517168501491360714e-05 9.999999980909538566e-01 -5.080398553787981530e-05 -1.959662766733312727e-03 -1.348100924063941059e-04 5.079924360954977508e-05 9.999999896228378704e-01 -2.868223152698632424e-03
9.999999970086316248e-01 7.704121860551655190e-05 6.883855718478552386e-06 6.140066804979760380e-03 -7.704099690024321704e-05 9.999999965138895996e-01 -3.220101731161491575e-05 -5.208929555401474974e-03 -6.886336500094696044e-06 3.220048687618273179e-05 9.999999994578535611e-01 -2.136018186931593846e-03
9.999999984359336791e-01 4.619114727459586476e-05 3.153586275125595047e-05 -1.020415555889954288e-03 -4.619104382640970384e-05 9.999999989278111068e-01 -3.281055197016868470e-06 -6.267201052494583355e-03 -3.153601427314737241e-05 3.279598517466633765e-06 9.999999994973620687e-01 -9.572848197861811908e-04
9.999999931755270133e-01 1.163587531791386044e-04 -1.046835217639747419e-05 -6.580860193124619603e-03 -1.163585515778287532e-04 9.999999930449331442e-01 1.925671866375866395e-05 -4.878978022150446368e-03 1.047059279136342030e-05 -1.925550045004505989e-05 9.999999997597961432e-01 1.971478579644563717e-03
9.999999968865549427e-01 -5.442477242202137694e-05 -5.713872729999572856e-05 -1.352693215488372019e-03 5.442493221990270475e-05 9.999999985150570536e-01 2.795113883986759711e-06 -4.354806181534019716e-04 5.713857509171096130e-05 -2.798223646644759961e-06 9.999999983636765899e-01 3.483576227015278918e-03
9.999999986436274302e-01 -4.218051085575792307e-05 3.055404572698057117e-05 -2.640090163699513898e-03 4.218134219957039871e-05 9.999999987402070634e-01 -2.720882677864348056e-05 -4.370421810359462027e-03 -3.055289800627548213e-05 2.721011555239656498e-05 9.999999991630650342e-01 -1.571513236611688652e-03
9.999999935712211574e-01 8.389808266825852547e-05 7.628020357566001335e-05 2.057799910101843193e-03 -8.389384727301310650e-05 9.999999949393607590e-01 -5.552567775058129851e-05 -1.113987996075623682e-02 -7.628486168753556454e-05 5.551927795387026247e-05 9.999999955491147841e-01 -3.235935789664982389e-03
9.999999948887716705e-01 3.761074669356589300e-05 9.385035083264665684e-05 -6.328389929700832181e-03 -3.760541690068722057e-05 9.999999976802816937e-01 -5.679145357389626166e-05 -3.983795205970542749e-03 -9.385248658391501480e-05 5.678792400205282621e-05 9.999999939834212093e-01 -2.609927510017795958e-03
9.999999898516238606e-01 1.379180300256572025e-04 -3.571231096501529330e-05 -4.697341350183429839e-03 -1.379178101472788127e-04 9.999999904703701370e-01 6.159324514140232481e-06 -3.733765697182813651e-03 3.571316010659346477e-05 -6.154399087909497891e-06 9.999999993433468237e-01 2.767193535144382623e-03
9.999999864159548890e-01 1.521441193967486716e-04 -6.340549652964996320e-05 1.297694311094508830e-04 -1.521441090625073151e-04 9.999999884260708516e-01 1.678098775102394876e-07 -7.634783740391494662e-03 6.340552132708525434e-05 -1.581631024515330257e-07 9.999999979898573921e-01 1.512772123548079654e-03
9.999999967637198672e-01 7.442332164993872802e-05 3.055698629766942834e-05 -1.454859091663667945e-03 -7.442191266296019163e-05 9.999999961676837579e-01 -4.610869021069155857e-05 -7.569641008341874283e-03 -3.056041774244779653e-05 4.610641595210543002e-05 9.999999984701296585e-01 -2.255597146549654600e-03
9.999999973397180053e-01 -4.222855503587751139e-05 5.947531466383704891e-05 -4.964677803563111473e-04 4.223274379108771942e-05 9.999999966280775920e-01 -7.042897165453420010e-05 6.763806091344428360e-04 -5.947234034958528233e-05 7.043148327289936361e-05 9.999999957512234472e-01 -2.076275192068753085e-03
9.999999967610431195e-01 -7.569573938010939714e-05 2.735084472452748634e-05 -1.452411583793268091e-03 7.569661573697879394e-05 9.999999966216760461e-01 -3.204169468520440121e-05 1.591072697913602577e-03 -2.734841921235728484e-05 3.204376494780593549e-05 9.999999991126305998e-01 7.853606386241624793e-04
9.999999999780093685e-01 -1.800730176188279921e-06 -6.382677453916206900e-06 -4.301807045454747978e-03 1.800781247120931562e-06 9.999999999663666816e-01 8.001493728072875831e-06 -4.249066096310241160e-03 6.382663045170326031e-06 -8.001505221702784668e-06 9.999999999476187895e-01 2.907530049589011900e-03
9.999999928845648700e-01 1.189480628499383209e-04 9.067997804391709875e-06 -3.160434990581487222e-03 -1.189483038080348413e-04 9.999999925724966099e-01 2.657645269547201803e-05 -9.981389446147683267e-03 -9.064836519473575306e-06 -2.657753112932675462e-05 9.999999996057318263e-01 1.864192688739687220e-03
9.999999943159215698e-01 8.133190595468483110e-05 6.894401998177793331e-05 1.553369088110591930e-03 -8.132817754901720049e-05 9.999999952305503870e-01 -5.407981774080648096e-05 -4.488100482984827555e-03 -6.894841806760342202e-05 5.407421034191451764e-05 9.999999961610477328e-01 -1.074883500876248031e-03
9.999999903976426463e-01 3.111327918165829250e-05 1.350432466216470149e-04 -3.066795929998525870e-03 -3.110835010144971722e-05 9.999999988499387316e-01 -3.650195965512110407e-05 -4.002856314036756617e-03 -1.350443821620004670e-04 3.649775833202150598e-05 9.999999902154641518e-01 -2.952759948376935256e-03
9.999999963922725499e-01 4.451764983805051132e-05 7.234385814437024247e-05 -5.370694419328992178e-03 -4.451623030575940662e-05 9.999999988166116127e-01 -1.962350707141512169e-05 -3.116586999113797954e-03 -7.234473165117574506e-05 1.962028652476849926e-05 9.999999971906420315e-01 -4.765704673783431123e-04
9.999999988366116144e-01 -2.158404304917701817e-05 4.313821817480173768e-05 -4.951698679069766601e-03 2.158443169331398162e-05 9.999999997264766849e-01 -9.008831288663763853e-06 2.418312410837555751e-04 -4.313802371600007645e-05 9.009762392106558082e-06 9.999999990289675234e-01 1.326149936592670598e-03
9.999999997839471577e-01 1.233593120029799087e-05 1.673112640058573074e-05 -2.461959154637257535e-03 -1.233585323794530021e-05 9.999999999130564365e-01 -4.659814497332035448e-06 -9.681363928146780040e-03 -1.673118388228211849e-05 4.659608103605485932e-06 9.999999998491777564e-01 -3.535188948872676132e-05
9.999999980392859644e-01 3.667365551912855437e-05 5.075895086844138949e-05 -1.133703901513039578e-03 -3.667462965774207184e-05 9.999999991433449198e-01 1.919066696752323094e-05 -1.056686266552239392e-02 -5.075824703304892155e-05 -1.919252849562073896e-05 9.999999985276235570e-01 -1.041992584222007625e-03
9.999999956391283362e-01 6.837240449722625693e-05 6.361570269464913855e-05 -5.135184135731655185e-03 -6.837043186663355730e-05 9.999999971819255595e-01 -3.101020636867431553e-05 -7.492786024236996502e-03 -6.361782275774874199e-05 3.100585680037604185e-05 9.999999974957047844e-01 -1.199503510005305983e-03
9.999999931339458303e-01 1.101878085444313120e-04 -3.988427299066396196e-05 -2.738305620775018968e-03 -1.101881434686614939e-04 9.999999938940459243e-01 -8.395300929825792104e-06 -8.716598162053914439e-03 3.988334768732088709e-05 8.399695646177638800e-06 9.999999991693818702e-01 -3.290250568719461054e-04
9.999999997081345793e-01 2.406439283927021316e-05 -2.153102698784747673e-06 -2.554720975805209546e-03 -2.406435791749131475e-05 9.999999995789442542e-01 1.621783764345983750e-05 -1.026405117772257770e-02 2.153492970294226552e-06 -1.621778582569243472e-05 9.999999998661729395e-01 -1.013393828035347340e-03
9.999999979326466004e-01 4.005066942613388112e-05 5.030557390558591688e-05 -2.909899339835149683e-03 -4.005078803083278531e-05 9.999999991951902256e-01 2.356679861543454144e-06 -1.175896507151451970e-02 -5.030547947849342891e-05 -2.358694634548626398e-06 9.999999987318975991e-01 -5.588440074586839166e-04
9.999999916874922068e-01 9.704456251067616922e-05 8.489622193857901411e-05 -3.937198764616609871e-03 -9.704088309137828166e-05 9.999999943522149826e-01 -4.334324637958402002e-05 -1.692108595682201158e-03 -8.490042768548609680e-05 4.333500761494490678e-05 9.999999954569972482e-01 -9.186636778124189408e-04
9.999999938955299594e-01 7.212504820517846057e-05 8.370733253222754661e-05 -2.954715237192930347e-03 -7.211941669490642265e-05 9.999999951362802397e-01 -6.727725703926563136e-05 -1.194425772710046383e-03 -8.371218450050559956e-05 6.727121970457831523e-05 9.999999942334265590e-01 -2.107771316741004989e-03
9.999999983196000697e-01 1.828423267777741536e-05 5.501351337715567697e-05 -2.606432853010483535e-03 -1.828250473163503943e-05 9.999999993395864983e-01 -3.140982429703410313e-05 -1.573939090533182190e-03 -5.501408764535982025e-05 3.140881845943441019e-05 9.999999979934681704e-01 -8.419796665524911230e-04
9.999999981343923317e-01 -4.870081232522514326e-05 3.687066967430574580e-05 4.073381398395486275e-05 4.870041638533860744e-05 9.999999987564669457e-01 1.073943556849383323e-05 -1.345923249418600962e-03 -3.687119264769195433e-05 -1.073763993149271527e-05 9.999999992626090739e-01 4.505593991357198709e-04
9.999999984005054632e-01 -5.651307264017177667e-05 -2.293821356587197892e-06 9.952626584509976018e-03 5.651313298922182050e-05 9.999999980568179403e-01 2.631786150318928460e-05 -1.164869844492462912e-02 2.292334048911021528e-06 -2.631799109212539024e-05 9.999999996510542388e-01 3.204749014024025440e-04
9.999999863991836380e-01 -1.117269209662512123e-04 -1.213207633713711444e-04 3.921877992728886597e-02 1.117272070451807466e-04 9.999999937557513263e-01 2.351262809959506982e-06 -2.407405048809757586e-02 1.213204999144599637e-04 -2.364817608028485851e-06 9.999999926378719817e-01 1.360069902159663805e-03
9.999999533448107325e-01 -2.169702693813193391e-04 -2.150215770006053627e-04 5.881022372261709291e-02 2.169753952947270749e-04 9.999999761772371265e-01 2.381602480241922317e-05 -2.319388387477952160e-02 2.150164045088803332e-04 -2.386267808294468583e-05 9.999999765992588774e-01 5.707405882123832777e-03
9.999999674081758716e-01 -1.973867576711655237e-04 -1.619324402723990714e-04 3.963453960754500377e-02 1.973884541107556192e-04 9.999999804641899193e-01 1.046030336931852873e-05 -5.688601413647343535e-03 1.619303723835513388e-04 -1.049226662245390606e-05 9.999999868342333009e-01 5.764180011283152189e-03
9.999999962275429866e-01 -4.890621674402934971e-05 7.178506818080947303e-05 2.476805420532399594e-03 4.890357116089797865e-05 9.999999981250556891e-01 3.685551868407230800e-05 -5.407426712449877639e-03 -7.178687051020147310e-05 -3.685200799884636900e-05 9.999999967442874116e-01 1.354339240741618891e-03
9.999999744687811942e-01 2.164030735414483977e-04 6.505495127771716575e-05 -2.689503215944116440e-02 -2.164060073103379509e-04 9.999999755675247348e-01 4.509312489770423620e-05 -1.598422731461539639e-02 -6.504519139744025327e-05 -4.510720202868357764e-05 9.999999968672317330e-01 8.365245229784994303e-04
9.999999558942879174e-01 2.848870073109797821e-04 8.396913318428287905e-05 -3.995696025982539007e-02 -2.848826322965153585e-04 9.999999580632156215e-01 -5.211000762784213859e-05 -2.213248784358000029e-02 -8.398397512701152574e-05 5.208608398179996450e-05 9.999999951168658807e-01 -7.034266893705576514e-04
9.999999937596448785e-01 -2.031607152669724747e-05 1.098543007120439386e-04 -5.421720224946224159e-02 2.031163951643873283e-05 9.999999989798428190e-01 4.034540528726206460e-05 -2.379302903265923669e-02 -1.098551202601148795e-04 -4.034317371453701421e-05 9.999999931521403873e-01 -2.042336217510183974e-03
9.999999993734165482e-01 -1.891230575427051573e-05 2.992476546296197410e-05 -4.431448873839848729e-02 1.891211543978890060e-05 9.999999998009408975e-01 6.360035376340996500e-06 -2.938522759288602140e-02 -2.992488573993882552e-05 -6.359469431736958074e-06 9.999999995320292268e-01 3.414705382226624567e-03
9.999999652207204326e-01 -2.600801623230677376e-04 -4.378204170332833329e-05 -4.369432076539608856e-02 2.600829234048392677e-04 9.999999641894996572e-01 6.307037698795553253e-05 -3.496386220896778585e-02 4.376563678158671452e-05 -6.308176175581210298e-05 9.999999970526302073e-01 6.388715546712006935e-03
9.999998683677570055e-01 -5.125103408053868249e-04 2.444625181489714676e-05 -6.903332153841278129e-02 5.125092371952065864e-04 9.999998676488065508e-01 4.512927272896259049e-05 -1.870791556893341978e-02 -2.446937779835316109e-05 -4.511673785862525289e-05 9.999999986828647103e-01 5.426442795963977959e-03
9.999999428653112421e-01 -3.165977999122255465e-04 1.184702801233534911e-04 -1.110489624936433634e-01 3.165970252787396640e-04 9.999999498616612970e-01 6.557327878270993368e-06 -8.697931789587018056e-03 -1.184723502190300460e-04 -6.519820165349112267e-06 9.999999929608970328e-01 2.523895848355628760e-03
9.999999726926533938e-01 3.497035482911130960e-05 2.310665852491410196e-04 -1.809567634959337035e-01 -3.497920124120651783e-05 9.999999986555029308e-01 3.828119030733573508e-05 -1.067847067389852186e-03 -2.310652462316643960e-04 -3.828927178656353636e-05 9.999999725713915044e-01 2.335597723812620537e-03
9.999998187962663154e-01 5.775082539017378650e-04 1.699754428305768933e-04 -2.364424968597633181e-01 -5.775131005521262888e-04 9.999998328341351828e-01 2.846612689788975361e-05 -9.334973114247933912e-03 -1.699589749932448599e-04 -2.856428478472809016e-05 9.999999851490141145e-01 6.077312389766365529e-03
9.999992160825582621e-01 1.198202453361151779e-03 3.635177432943363413e-04 -2.826001473079403636e-01 -1.198235809823736033e-03 9.999992779239336160e-01 9.155629556380200519e-05 -2.931900547055268230e-02 -3.634077778289090282e-04 -9.199180376874662227e-05 9.999999297361450434e-01 5.952104078531458842e-03
9.999992438444340603e-01 1.104561129200249238e-03 5.406063926860963211e-04 -3.501569009273887700e-01 -1.104621553128632382e-03 9.999993836909881750e-01 1.114848334029859236e-04 -3.989527481465027919e-02 -5.404829176920323977e-04 -1.120819145762287958e-04 9.999998476579184947e-01 5.446116672519150589e-03
9.999998060808233946e-01 -8.197366263108212461e-06 6.227127096946937293e-04 -4.504759119226499076e-01 8.116334497545105300e-06 9.999999915002241169e-01 1.301294618508211105e-04 -2.318526889051246431e-02 -6.227137711206356604e-04 -1.301243824715752337e-04 9.999997976475817341e-01 4.897419802624715032e-03
9.999996275784718280e-01 -5.343372646621248612e-04 6.777363833953587184e-04 -5.770612582411027702e-01 5.341747695979386524e-04 9.999998285478838289e-01 2.399198170545823892e-04 -5.117389040054629067e-04 -6.778644652948046662e-04 -2.395576980268290974e-04 9.999997415559046532e-01 1.142468708913006205e-02
9.999994105611013095e-01 -3.799773869902342755e-04 1.017101093974903453e-03 -6.912828816661747977e-01 3.796568505109154104e-04 9.999998782164609690e-01 3.153216437810776808e-04 1.962001068014002439e-02 -1.017220785202997994e-03 -3.149353085202455035e-04 9.999994330386521302e-01 1.187055626894127115e-02
9.999993244404519199e-01 -5.717884852686946207e-05 1.160969086235278227e-03 -7.862269050482995070e-01 5.663516167355144774e-05 9.999998887288817917e-01 4.683318081715243304e-04 1.558747708025627794e-02 -1.160995735726469500e-03 -4.682657401136027723e-04 9.999992164077421419e-01 1.526778351566727109e-02
9.999991903763024714e-01 2.118599481233312146e-05 1.272319886349133249e-03 -8.900975883625903418e-01 -2.183957349325946521e-05 9.999998678285341169e-01 5.136788368131734936e-04 -1.723822217700075920e-03 -1.272308835387576595e-03 -5.137062078502791472e-04 9.999990586676367199e-01 1.766205225671743997e-02
9.999989508384926618e-01 -6.520061773874433891e-04 1.293526133763297451e-03 -9.837110053820564692e-01 6.513563763070810524e-04 9.999996615105567477e-01 5.027063189671475158e-04 -1.445028135367424152e-02 -1.293853463543735271e-03 -5.018632450518814179e-04 9.999990370377854765e-01 1.997830770711703577e-02
9.999986053336226144e-01 -6.677763516774405574e-04 1.530818589492507304e-03 -1.119026992262664111e+00 6.671339763944126797e-04 9.999996892237204005e-01 4.201008452065895242e-04 -1.190164655853941274e-02 -1.531098647160149739e-03 -4.190789982133188898e-04 9.999987400540693017e-01 2.024684694384577474e-02
9.999978008403586083e-01 -4.991468719574260844e-04 2.036950379068586895e-03 -1.305751425771898511e+00 4.978629668521015929e-04 9.999996771333742318e-01 6.307658943509583454e-04 -9.196275699567770315e-03 -2.037264566228393168e-03 -6.297503850370066115e-04 9.999977264811854560e-01 1.876768111462469996e-02
9.999971605687902887e-01 5.710527080818928770e-04 2.313601772471340131e-03 -1.483465831794357204e+00 -5.727836412746988102e-04 9.999995565351103011e-01 7.475616916722892073e-04 -2.095321011088646310e-02 -2.313173849341698066e-03 -7.488847622699863977e-04 9.999970441948093924e-01 2.582874397496969995e-02
9.999966436392931923e-01 1.326689359890900104e-03 2.225445009604761805e-03 -1.646471591658926092e+00 -1.328334733938094569e-03 9.999988454178581065e-01 7.380310191634152075e-04 -3.349657835530359118e-02 -2.224463302245302879e-03 -7.409846779698291272e-04 9.999972513485845260e-01 3.754812303542010704e-02
9.999952763258461719e-01 1.915022773168780466e-03 2.404165920360835061e-03 -1.821219232035364177e+00 -1.916448976883312373e-03 9.999979889346684025e-01 5.910583200212063577e-04 -2.611617882987639708e-02 -2.403029195282989101e-03 -5.956629893726297790e-04 9.999969353134487982e-01 3.174939148985894688e-02
9.999929379268774898e-01 2.595214518496187592e-03 2.718263779543198932e-03 -2.065498761686645590e+00 -2.596855240822420075e-03 9.999964480231597896e-01 6.002365549573660626e-04 -6.279334857648179169e-03 -2.716696381711251797e-03 -6.072912535847688892e-04 9.999961253715451415e-01 3.242750710687532234e-02
9.999939346480273272e-01 2.355237350866160820e-03 2.565837909517212478e-03 -2.324841274681297865e+00 -2.357484079635808766e-03 9.999968401004288854e-01 8.729593183271616968e-04 2.262770800357797110e-02 -2.563773775334791689e-03 -8.790029455442510079e-04 9.999963272021806793e-01 4.388764115603049909e-02
9.999906739968660307e-01 3.532793029776774146e-03 2.484208667305644238e-03 -2.522924863985520183e+00 -3.535574262316076074e-03 9.999931270321734678e-01 1.116065881248719900e-03 3.133251657217689390e-02 -2.480248763653351927e-03 -1.124838577041161565e-03 9.999962915452467183e-01 5.410379476946058225e-02
9.999820783645584354e-01 5.324040510035181993e-03 2.738164046515434696e-03 -2.707228698560973701e+00 -5.327459144408444071e-03 9.999850367778605476e-01 1.242738687554797777e-03 1.459549187551664740e-02 -2.731506683642622411e-03 -1.257303872733589152e-03 9.999954790188848586e-01 5.556438822746671141e-02
9.999693688349463594e-01 7.228917307089386540e-03 3.000690988161287907e-03 -2.950503893848018588e+00 -7.233022028959530496e-03 9.999729174339163640e-01 1.359334774994810967e-03 1.299112794907640936e-02 -2.990783203068216219e-03 -1.380997201006425607e-03 9.999945740165608887e-01 5.893136930778901383e-02
9.999565672322281440e-01 8.780710758020771750e-03 3.124542802192306623e-03 -3.223895093636814924e+00 -8.785931999249362370e-03 9.999600230120850863e-01 1.661257528180377658e-03 1.931326872541912210e-02 -3.109830870532927054e-03 -1.688637395756752233e-03 9.999937387082493689e-01 6.773485519146128786e-02
9.999457074576554305e-01 9.779363361640884891e-03 3.598081328991217884e-03 -3.505447109592369159e+00 -9.786676858874391108e-03 9.999500677201474952e-01 2.020649037392131288e-03 4.002778833903021527e-02 -3.578141007424358831e-03 -2.055752590497490848e-03 9.999914853578593110e-01 7.707745534148004174e-02
9.999204257028245779e-01 1.181120653538605784e-02 4.431440224202994743e-03 -3.743404070872356826e+00 -1.182231205984887387e-02 9.999270179728980690e-01 2.488305726186061488e-03 4.002218403178214867e-02 -4.401726915857283144e-03 -2.540497590211836503e-03 9.999870852526808740e-01 9.056123082817513215e-02
9.999019904306781781e-01 1.306941304953159952e-02 5.019957699898652294e-03 -4.001245890055098897e+00 -1.308159812476723284e-02 9.999115466797671159e-01 2.402208770674046142e-03 3.875715956823205105e-02 -4.988118209317521368e-03 -2.467642400460416056e-03 9.999845145889577624e-01 9.864054325043007665e-02
9.998723384425310945e-01 1.474931928512621289e-02 6.145274452002262057e-03 -4.291184757432956687e+00 -1.476252984116886713e-02 9.998888017895545266e-01 2.109921452982451307e-03 3.067452702803643780e-02 -6.113471203303928042e-03 -2.200371894603482016e-03 9.999788916939057470e-01 9.891603808573681822e-02
9.998246429038040173e-01 1.740707448400798801e-02 6.904867861814411797e-03 -4.612191055245856042e+00 -1.741882253302759823e-02 9.998469276855295185e-01 1.644937497398784448e-03 1.109388945327848160e-02 -6.875177368170933521e-03 -1.764923713834767177e-03 9.999748081729062932e-01 1.050721052151749463e-01
9.997966828210548274e-01 1.862162324688148782e-02 7.734867010268586633e-03 -4.964054954905174455e+00 -1.863129158859822346e-02 9.998257263459983113e-01 1.179792540117404614e-03 2.148022360997525401e-02 -7.711549374539941430e-03 -1.323663230693750224e-03 9.999693894924462922e-01 1.009390356673822847e-01
9.997662989141632428e-01 1.988857063663691110e-02 8.473034492294129888e-03 -5.280875184119956600e+00 -1.990251729990872437e-02 9.998007006323826884e-01 1.564870641171700908e-03 4.661148041838358846e-02 -8.440222781593871917e-03 -1.733139644769272122e-03 9.999628787441906530e-01 1.094985527804911152e-01
9.997162071492972091e-01 2.172252462240185922e-02 9.779421611347347693e-03 -5.577769468556502019e+00 -2.174761919380602260e-02 9.997604486465571094e-01 2.467059268888789018e-03 7.337762548236895221e-02 -9.723488181951100637e-03 -2.679038272245277442e-03 9.999491369722317557e-01 1.143725562342068069e-01
9.996660396909904378e-01 2.337492283587285294e-02 1.101916834194241294e-02 -5.934325484071842460e+00 -2.340943618622140510e-02 9.997214194634495010e-01 3.013596427700486902e-03 1.115232306002471308e-01 -1.094565603215741194e-02 -3.270542524232194527e-03 9.999347459537660798e-01 1.329124703380963612e-01
9.996243182932234017e-01 2.505915281967741742e-02 1.110230321907188129e-02 -6.289917902553217921e+00 -2.509478259007399958e-02 9.996803267175735641e-01 3.081600331351514246e-03 1.205284785316583923e-01 -1.102153181572683958e-02 -3.359052516011116606e-03 9.999336190981026329e-01 1.509732557823802446e-01
9.995717374284344148e-01 2.727198752057795675e-02 1.061039259303626220e-02 -6.632784236496009456e+00 -2.730191903547875970e-02 9.996236234308371049e-01 2.686390884532154424e-03 1.102831121690410476e-01 -1.053313587119626693e-02 -2.974924483373434913e-03 9.999400996424919752e-01 1.452143115350636449e-01
9.995198965816287640e-01 2.937199483938874103e-02 9.862162876603210865e-03 -7.001800626541296424e+00 -2.939496578113608496e-02 9.995654703845447964e-01 2.192350713140081304e-03 1.023238515718294661e-01 -9.793483760928404017e-03 -2.481196098354176115e-03 9.999489643685549600e-01 1.464353585310232686e-01
9.994636012354903842e-01 3.137640178069302926e-02 9.382495226799477880e-03 -7.398670389140161063e+00 -3.139293195079415066e-02 9.995058080542021939e-01 1.619718941408784937e-03 1.096600857306241489e-01 -9.327037520949469154e-03 -1.913394160353327740e-03 9.999546716196038298e-01 1.642136839035811535e-01
9.994060461072515889e-01 3.300689528532006756e-02 9.904537742544147413e-03 -7.776681978641550863e+00 -3.302264785499343241e-02 9.994535790652181451e-01 1.431091321526495753e-03 1.263795327985116623e-01 -9.851889814378927968e-03 -1.757315381303723367e-03 9.999499248011051167e-01 1.815971477310412974e-01
9.993387925150186701e-01 3.496890792030298012e-02 9.957572670364319214e-03 -8.160148887021533071e+00 -3.498220034113462551e-02 9.993872578612580382e-01 1.163822945327840216e-03 1.484470624007382944e-01 -9.910773628578896724e-03 -1.511391218951288039e-03 9.999497448685439327e-01 1.964565325321450118e-01
9.992758969127775170e-01 3.675390668735675770e-02 9.840334972999959309e-03 -8.546839995900493037e+00 -3.676753376121490863e-02 9.993231161767603954e-01 1.207450159191790062e-03 1.837037281827183233e-01 -9.789295698960909925e-03 -1.568380689145291692e-03 9.999508537281879272e-01 1.873325513201575809e-01
9.992115394498494174e-01 3.850442558645714164e-02 9.680322335467433231e-03 -8.944985871925224430e+00 -3.852241091213861462e-02 9.992563270343405302e-01 1.678314438760466305e-03 2.309992661374577205e-01 -9.608500808029751469e-03 -2.049900508803585535e-03 9.999517361453630349e-01 1.881906066089434337e-01
9.991356897449983343e-01 4.041449382557587428e-02 9.723279622053491653e-03 -9.368282352006128022e+00 -4.043669610099277778e-02 9.991799003906122190e-01 2.097680586304357699e-03 2.514801487582964401e-01 -9.630528865130248001e-03 -2.489044842643850248e-03 9.999505275610133248e-01 2.123857039746068764e-01
9.990491855566318025e-01 4.243382776942292156e-02 1.000475384330727288e-02 -9.790244266935202333e+00 -4.245655550171334447e-02 9.990961690054112054e-01 2.070259317238956967e-03 2.372319361246752190e-01 -9.907862209384698735e-03 -2.493058271607963370e-03 9.999478081014497866e-01 2.315203745303140992e-01
9.989765424430691043e-01 4.406413595765839436e-02 1.020879869502636268e-02 -1.022531270240673607e+01 -4.408223640172315161e-02 9.990266959604942043e-01 1.554732157240320232e-03 2.494603391350422861e-01 -1.013035450086361214e-02 -2.003167632316744246e-03 9.999466801970610108e-01 2.374314110967484237e-01
9.989108872457006516e-01 4.589332090165221256e-02 8.416795032866646389e-03 -1.067667327390867271e+01 -4.590218400979533681e-02 9.989455666358481034e-01 8.627871784851967336e-04 2.790999465366061361e-01 -8.368323914512709044e-03 -1.248196780336238579e-03 9.999642059392223059e-01 2.332402058377831544e-01
9.988479541952749452e-01 4.740824294677339901e-02 7.431211248100554057e-03 -1.111877419417261770e+01 -4.741761672066120703e-02 9.988745571943317136e-01 1.090235919562222754e-03 3.103768532291298343e-01 -7.371161675520070643e-03 -1.441350244577628862e-03 9.999717938447194587e-01 2.274593114936187266e-01
9.988259082203039263e-01 4.780970769670600529e-02 7.812612740973856953e-03 -1.158677799929340679e+01 -4.782255207614295039e-02 9.988547721493697962e-01 1.465492188672959080e-03 3.553904510490720203e-01 -7.733600766104447438e-03 -1.837390645996990002e-03 9.999684072083500075e-01 2.431891273765868777e-01
9.987805901326707314e-01 4.855193139174505956e-02 8.946660402924888275e-03 -1.203476392082172097e+01 -4.857314931322930657e-02 9.988172714746774705e-01 2.169647361893790784e-03 3.754906100754293319e-01 -8.830738362601030234e-03 -2.601569144098099095e-03 9.999576240511194314e-01 2.770887057990055746e-01
9.987038132230652288e-01 5.002288558836232718e-02 9.402359869871597386e-03 -1.246894771623366616e+01 -5.004775789074632220e-02 9.987438725727160183e-01 2.428770998585304958e-03 3.924927618089326109e-01 -9.269055173975294243e-03 -2.896189888101738819e-03 9.999528472384655586e-01 2.996885867216983468e-01
9.986575799890622385e-01 5.120924087572294170e-02 7.787912385367670200e-03 -1.293550889367149104e+01 -5.123197154054640740e-02 9.986830005380031849e-01 2.747640529502138294e-03 4.106534988681129761e-01 -7.636951123230890232e-03 -3.142942147559895857e-03 9.999658988646557001e-01 3.062220622168916329e-01
9.986939291701208976e-01 5.070223064714897421e-02 6.302352429756626767e-03 -1.344833991385936045e+01 -5.072204251209690845e-02 9.987082293178010106e-01 3.024416688136662493e-03 4.428394846689130970e-01 -6.140866563163988566e-03 -3.340134773591220841e-03 9.999755663302718478e-01 3.079708538530713247e-01
9.987295850505755190e-01 5.009396475337741378e-02 5.459912086552220177e-03 -1.393841969226838629e+01 -5.011555126858459330e-02 9.987358461133012399e-01 3.891170697118745761e-03 4.880361221938088190e-01 -5.258085749716131206e-03 -4.159853799789937218e-03 9.999775238227173180e-01 3.247496949160048052e-01
9.987647794804949131e-01 4.939674193026426241e-02 5.373746919374131070e-03 -1.440437345261651458e+01 -4.942069388042651806e-02 9.987682724924398237e-01 4.419601661310544084e-03 5.217820529458190304e-01 -5.148814004776547902e-03 -4.679716780143726960e-03 9.999757946896524752e-01 3.565610941856565685e-01
9.987876523383019123e-01 4.881897441975047158e-02 6.319277897599478999e-03 -1.490945949347051425e+01 -4.884927328264215829e-02 9.987949499860004909e-01 4.732481613309484116e-03 5.372788545638851332e-01 -6.080627952858415342e-03 -5.035436333260355848e-03 9.999688346866779654e-01 3.796010569094572240e-01
9.987934849537264403e-01 4.859025441706688042e-02 7.110667315745678937e-03 -1.545211811550297121e+01 -4.862345872189110380e-02 9.988067085193697014e-01 4.573650470179120749e-03 5.331627363944531073e-01 -6.879947377055462346e-03 -4.913877530782712576e-03 9.999642594271564988e-01 3.793435166238887657e-01
9.987832804244095586e-01 4.859724393306313894e-02 8.382519118131199001e-03 -1.599824558306140787e+01 -4.863488531160230222e-02 9.988071664219101420e-01 4.346519867891010871e-03 5.540651514752034101e-01 -8.161291281578306883e-03 -4.748914228014679967e-03 9.999554195754291053e-01 3.803234581506697021e-01
9.987831326670387755e-01 4.833554323387972279e-02 9.794343270597655887e-03 -1.650107490312919367e+01 -4.837781133018198565e-02 9.988205884507602716e-01 4.125464553046491109e-03 5.913133400356860303e-01 -9.583385138763474489e-03 -4.594273300846610057e-03 9.999435240962958327e-01 3.862341108977694892e-01
9.988305596245972140e-01 4.713742196565821191e-02 1.075065627975545397e-02 -1.699916320138753534e+01 -4.718558583284627322e-02 9.988770081644592347e-01 4.271188362746324713e-03 6.263340580750121900e-01 -1.053725057237700317e-02 -4.773469477271808682e-03 9.999330879311497666e-01 4.032940529467062829e-01
9.988654319352193722e-01 4.635273421641987468e-02 1.092121401353835820e-02 -1.753626931876766193e+01 -4.640852289383051027e-02 9.989104703643696404e-01 4.911333754330431817e-03 6.556125103539061083e-01 -1.068166127905093542e-02 -5.412598922473006204e-03 9.999283003721937124e-01 4.288777071371320804e-01
9.989047634594481195e-01 4.579262533692468606e-02 9.607757427011656692e-03 -1.811770186020256546e+01 -4.584689814295569987e-02 9.989333004303569963e-01 5.506652520687991756e-03 6.802911329829485210e-01 -9.345344760558527836e-03 -5.941107309769638918e-03 9.999386820076721083e-01 4.497195424297365518e-01
9.989106888573798804e-01 4.596045302826560347e-02 8.066749277854820543e-03 -1.870329560698235838e+01 -4.600652199152984595e-02 9.989253225837633199e-01 5.621373067790734653e-03 7.088393680414699638e-01 -7.799719271746912395e-03 -5.986372721522949247e-03 9.999516626922129170e-01 4.747314743418485916e-01
9.989208930316849644e-01 4.584359724052597396e-02 7.444061850211578305e-03 -1.926527384612528948e+01 -4.588347086537696712e-02 9.989328610591529101e-01 5.276949641739804055e-03 7.246179032515547291e-01 -7.194203647898684932e-03 -5.612814643634200448e-03 9.999583690062546770e-01 4.892047498289471275e-01
9.989463752585386880e-01 4.523198465682024688e-02 7.759311943219760616e-03 -1.982543813988865011e+01 -4.527032617593274716e-02 9.989630535571424330e-01 4.838925057731134106e-03 7.511164245504187154e-01 -7.532391768334418918e-03 -5.185093229138599581e-03 9.999581880671080114e-01 4.831159574795930722e-01
9.989657131704132720e-01 4.464796905028326629e-02 8.605972903314360739e-03 -2.039282316553953933e+01 -4.469089965046495888e-02 9.989890295367801487e-01 4.862340341243321512e-03 7.884705049017091127e-01 -8.380178897834064319e-03 -5.241919958084046392e-03 9.999511462450521027e-01 4.936066142308770943e-01
9.989582408113452106e-01 4.443635281170671414e-02 1.038478039710554086e-02 -2.098173043908874646e+01 -4.449137214036823912e-02 9.989966052952116149e-01 5.128392897421968182e-03 8.205979228825469596e-01 -1.014647328729780147e-02 -5.585083476241672201e-03 9.999329257117167691e-01 5.146626419262978480e-01
9.989501016607433836e-01 4.416975226919181430e-02 1.215431513778736719e-02 -2.156982529347592603e+01 -4.423710794115549155e-02 9.990068431779740576e-01 5.329687099742901925e-03 8.385980784293337598e-01 -1.190683303792327077e-02 -5.861763220809244890e-03 9.999119296512820609e-01 5.434266511617966700e-01
9.988888901412762422e-01 4.363049458113679030e-02 1.781474375157719378e-02 -2.217779432764699266e+01 -4.373901206646918505e-02 9.990264571717688558e-01 5.747755585711770109e-03 8.549353848984136972e-01 -1.754662291662497514e-02 -6.520568489726244824e-03 9.998247837550299222e-01 5.725105930230945939e-01
9.983988399617536036e-01 4.331207967771621981e-02 3.638433889760617213e-02 -2.277041530617508158e+01 -4.361991740466888978e-02 9.990184508242807571e-01 7.709586127934166776e-03 8.675504932070134956e-01 -3.601470767109683085e-02 -9.284323704251761650e-03 9.993081317415165588e-01 6.176099851400744800e-01
9.973286522814284183e-01 4.348293108199259571e-02 5.869236784308647786e-02 -2.333616667116061194e+01 -4.421631387185372825e-02 9.989585853752567246e-01 1.125443435503185007e-02 8.975428604538993049e-01 -5.814186895942722449e-02 -1.381953000592592816e-02 9.982126745660565570e-01 6.578017755148981571e-01
9.966625688478092382e-01 4.343652119214037877e-02 6.911579041297619130e-02 -2.395223009098467770e+01 -4.477199443955723335e-02 9.988370100495319592e-01 1.789122324536359179e-02 9.498923119051034814e-01 -6.825827694565669845e-02 -2.092596430360909796e-02 9.974481999815199007e-01 6.635478162869526964e-01
9.972541068398074193e-01 4.357950872084063315e-02 5.987547754120997601e-02 -2.457623900725884170e+01 -4.499860148369607543e-02 9.987322875111960263e-01 2.255978162937912618e-02 1.007546028722891895e+00 -5.881642845030010669e-02 -2.519214763183047837e-02 9.979508922998400200e-01 7.241239634262921498e-01
9.986014219935820391e-01 4.405650732989237206e-02 2.922711334167115566e-02 -2.520121681809842329e+01 -4.466456233399426767e-02 9.987919250175900654e-01 2.048822567157600541e-02 1.036621533974314557e+00 -2.828916513275874650e-02 -2.176498751545299926e-02 9.993628012161266394e-01 7.802373811635036072e-01
9.989918537028712464e-01 4.415460961217003433e-02 -8.102264208098876319e-03 -2.591405596469462935e+01 -4.403607412432023610e-02 9.989280567722825799e-01 1.426750044222030098e-02 1.033962272922025249e+00 8.723554953019529296e-03 -1.389632480723752665e-02 9.998653868125614297e-01 7.614323251253047875e-01
9.985344678334598933e-01 4.291454555594809150e-02 -3.297360047485523721e-02 -2.666555208643784169e+01 -4.255268137812255602e-02 9.990268909615285242e-01 1.159915700704217296e-02 1.036914956878613570e+00 3.343928611799152489e-02 -1.017904295444757579e-02 9.993889139011151723e-01 6.945755030022573440e-01
9.982964999096803904e-01 4.064243364949011311e-02 -4.186037332762505142e-02 -2.734575337429637898e+01 -4.008035069879355150e-02 9.990958269579535145e-01 1.418076313407431316e-02 1.090740668907045574e+00 4.239886503130795709e-02 -1.247882775944098195e-02 9.990228301204167050e-01 6.811897690058805743e-01
9.986594435027469352e-01 3.846952838876409320e-02 -3.463251778791465868e-02 -2.793766339471099514e+01 -3.780289108265838527e-02 9.990909650567372235e-01 1.970241020257015169e-02 1.155039897478283617e+00 3.535897804768711739e-02 -1.836678871070678010e-02 9.992058865638649978e-01 7.643711284770541292e-01
9.991324908472022370e-01 3.697663143785145934e-02 -1.915709949273814924e-02 -2.858577376332355513e+01 -3.658104946486574749e-02 9.991182624791451472e-01 2.060398992193303996e-02 1.194265528722209702e+00 1.990207410081718323e-02 -1.988532896794439897e-02 9.996041622253890591e-01 8.602303052436331976e-01
9.993352040082138510e-01 3.644689060119622043e-02 8.798837231060678945e-04 -2.928546742667640146e+01 -3.645575896279186490e-02 9.992326702679545924e-01 1.431950793916718367e-02 1.178894041370115886e+00 -3.573070228427987377e-04 -1.434206521660971387e-02 9.998970834525990892e-01 8.777164921192399660e-01
9.990730336199232786e-01 3.579322349521212032e-02 2.391482062038724835e-02 -3.000653713330104111e+01 -3.591443260179903035e-02 9.993440126754875585e-01 4.658096236224801463e-03 1.161607995304782426e+00 -2.373240452154688762e-02 -5.512665550973671127e-03 9.997031476864262078e-01 7.875208991043562978e-01
