1.000000000000000000e+00 0.000000000000000000e+00 -1.355252715606880543e-20 1.734723475976807094e-18 0.000000000000000000e+00 1.000000000000000000e+00 -8.673617379884035472e-19 -6.938893903907228378e-18 -4.743384504624081899e-20 0.000000000000000000e+00 9.999999999999998890e-01 0.000000000000000000e+00
9.999984109161895729e-01 -1.449718185555879703e-03 -1.037536474223158499e-03 4.341900829761537184e-02 1.451151636020122336e-03 9.999979914567981298e-01 1.382478210971698797e-03 -1.794057444966477843e-02 1.035530045013366082e-03 -1.383981750342135053e-03 9.999985061327230085e-01 1.595647547604849725e+00
9.999962088584261055e-01 -2.121355398580803894e-03 -1.755596888278565179e-03 3.664449605914874009e-02 2.125485981105420738e-03 9.999949691683135411e-01 2.354560344167892436e-03 -4.770425804834442507e-02 1.750592958018878887e-03 -2.358283107396765173e-03 9.999956869495426615e-01 3.132008150546079950e+00
9.999948438954491259e-01 -8.570358134820021609e-04 -3.094782211785108029e-03 1.295787855695791982e-02 8.639742735336332358e-04 9.999971148184371161e-01 2.241407739302965149e-03 -6.430659229696070178e-02 3.092851898657329734e-03 -2.244070176173630290e-03 9.999926991763348205e-01 4.691165303533652242e+00
9.999902773844309145e-01 -3.377327974927119350e-04 -4.396712649917827558e-03 -1.652020130603054984e-03 3.475305556873602500e-04 9.999974579008746867e-01 2.227873177318889612e-03 -7.859101287292903637e-02 4.395948455642211677e-03 -2.229379687377545591e-03 9.999878526711373228e-01 6.195618045947439256e+00
9.999835202479051555e-01 4.906502598159799555e-05 -5.740804717067290487e-03 -2.446887052059708995e-03 -3.459955501065870020e-05 9.999968246127401983e-01 2.519835651637313337e-03 -1.058688245456190641e-01 5.740909351878199091e-03 -2.519595697160738335e-03 9.999803465965535487e-01 7.718743994481929604e+00
9.999707965104114304e-01 -3.480586566539474111e-04 -7.634461394388305372e-03 -2.705925489400781703e-02 3.688376626343504994e-04 9.999962313857293505e-01 2.720510709417687557e-03 -1.296805484397081654e-01 7.633484699773546676e-03 -2.723247354294985531e-03 9.999671563659003892e-01 9.225845432846771388e+00
9.999589076545757349e-01 -9.317648692322043000e-04 -9.017474157318119618e-03 -4.010124923909362538e-02 9.516230056407807766e-04 9.999971312350446340e-01 2.198167597170274171e-03 -1.575461057384904273e-01 9.015398901640605048e-03 -2.206658678518024982e-03 9.999569256777962600e-01 1.074906994141534078e+01
9.999421073745211608e-01 -2.295564407732268025e-03 -1.051248362470047666e-02 -5.013083479915482477e-02 2.319669142966152703e-03 9.999947071804783372e-01 2.281392808142472355e-03 -1.794811006869301284e-01 1.050718948717034411e-02 -2.305646397414394533e-03 9.999421397902050757e-01 1.222560719730479306e+01
9.999340638702564066e-01 -2.239165845362452341e-03 -1.126295166292108976e-02 -8.655289317396282212e-02 2.264304783557781128e-03 9.999949727173722547e-01 2.219790696230528222e-03 -2.007577887314206389e-01 1.125792304812888757e-02 -2.245147262705428880e-03 9.999341070508468432e-01 1.371688599756488713e+01
9.999239151060154152e-01 -1.773403697730617859e-03 -1.220733694112214121e-02 -9.731344026947276460e-02 1.802179363974005556e-03 9.999956226154652628e-01 2.346679812367632317e-03 -2.148283847371749711e-01 1.220312025467241990e-02 -2.368501260660501283e-03 9.999227340221459315e-01 1.519684850868455328e+01
9.999146068613525840e-01 -6.089690217948697318e-04 -1.305404858653313148e-02 -1.430952228307507679e-01 6.452488007786562341e-04 9.999959410165205620e-01 2.775177541211734482e-03 -2.429088772302699373e-01 1.305230385058116400e-02 -2.783363886030685089e-03 9.999109411349047516e-01 1.667834166464929169e+01
9.999103688118250455e-01 4.611064255287851410e-04 -1.338064906657344781e-02 -1.725669446959389175e-01 -4.153345439336843942e-04 9.999940541617919898e-01 3.423323431788795508e-03 -2.644980262848868335e-01 1.338214622747267019e-02 -3.417459416970895607e-03 9.999046149920812754e-01 1.816101667498966776e+01
9.999037710276508228e-01 1.562776399398642727e-03 -1.378428326416084905e-02 -1.953844625625349163e-01 -1.502304079924979274e-03 9.999892078020417019e-01 4.396290010943161922e-03 -2.798190630014695257e-01 1.379100306878566426e-02 -4.375159120145416178e-03 9.998953276031288251e-01 1.963784170143249952e+01
9.998947546540194464e-01 1.554422905757751536e-03 -1.442440427590157420e-02 -2.411846817510470697e-01 -1.488059179692661702e-03 9.999882650344209534e-01 4.610366318509210616e-03 -3.159001306622262195e-01 1.443139952804649642e-02 -4.588417093274475833e-03 9.998853339648846594e-01 2.110838245815279635e+01
9.999001732378378637e-01 2.212588085438308913e-03 -1.395521644324453428e-02 -2.565750226996372230e-01 -2.150919564000002351e-03 9.999878633502453651e-01 4.432459767146510084e-03 -3.289199076597051352e-01 1.396485240771908748e-02 -4.402001087160880080e-03 9.998927968678643641e-01 2.257627482369732519e+01
9.998837134025092555e-01 3.092867058273052194e-03 -1.493298050340164523e-02 -2.854706748201895072e-01 -3.014686655860705083e-03 9.999816478846822454e-01 5.255050811680046785e-03 -3.540461037912233655e-01 1.494895761977354381e-02 -5.209421873357550012e-03 9.998746874124028183e-01 2.404983530960022975e+01
9.998811673451806215e-01 3.303104102747736817e-03 -1.505791333580099728e-02 -3.317767370899150636e-01 -3.213884736414209312e-03 9.999771613834566031e-01 5.945389586233887531e-03 -3.611514703909050605e-01 1.507720565163197211e-02 -5.896289148621970504e-03 9.998689472029644865e-01 2.551069296156767052e+01
9.998867305072711709e-01 3.544271505163801295e-03 -1.462752048949256256e-02 -3.408984235056927714e-01 -3.467406486172391542e-03 9.999800660802378172e-01 5.276792002947026938e-03 -3.842067178584356868e-01 1.464592932486474472e-02 -5.225475155904998371e-03 9.998790882419201775e-01 2.695410717506841181e+01
9.998836042831710236e-01 4.169982352072243784e-03 -1.467614377065643017e-02 -3.857787355018574282e-01 -4.124928415849738253e-03 9.999866912686639076e-01 3.098749015321867507e-03 -4.034204429406967884e-01 1.468886821100031000e-02 -3.037850524090178299e-03 9.998874979503589167e-01 2.841519665998183442e+01
9.998920062063548775e-01 2.918457253774936130e-03 -1.440342283585157278e-02 -4.044164356412832673e-01 -2.869798637905042818e-03 9.999901097646526349e-01 3.397738595023942852e-03 -4.325237317516444358e-01 1.441319460538031776e-02 -3.356036996739137149e-03 9.998904923943122691e-01 2.983043639950956205e+01
9.998999397304231262e-01 1.866288162239108234e-03 -1.402239452123773926e-02 -4.084470528759032160e-01 -1.797217637634289378e-03 9.999861994540804044e-01 4.936690595472992618e-03 -4.398499387678004857e-01 1.403141240841368487e-02 -4.910995722188497836e-03 9.998894946595029420e-01 3.126202383561378895e+01
9.999023257860577552e-01 2.028887802946587743e-04 -1.397489793811924549e-02 -4.574401781287937285e-01 -1.101977729667594219e-04 9.999779944938544940e-01 6.633128509529224656e-03 -4.646400172325111932e-01 1.397593432167107581e-02 -6.630941151478896706e-03 9.998803447519869492e-01 3.266357473127154520e+01
9.999066899257479379e-01 -7.277685968394504226e-04 -1.364118176406670449e-02 -4.652605874366378957e-01 8.122620366569502717e-04 9.999805150114986496e-01 6.189494173830279410e-03 -4.889378295274863229e-01 1.363640961218661254e-02 -6.199997341706563712e-03 9.998877978604043815e-01 3.404960511500393494e+01
9.999083760746396710e-01 -1.285331514623375831e-04 -1.353598835377347633e-02 -4.988203952357964099e-01 1.975633348356275326e-04 9.999869828368890268e-01 5.098542321643641587e-03 -5.121291595724706269e-01 1.353515500292679606e-02 -5.100749793786565900e-03 9.998953854661891683e-01 3.543573497966352903e+01
9.999152711561192231e-01 2.132438647420714650e-04 -1.301557065512447264e-02 -5.325719931135610707e-01 -1.615418550540582282e-04 9.999920936053395826e-01 3.973240153228231597e-03 -5.159159751392150550e-01 1.301631326990838888e-02 -3.970801259066071044e-03 9.999073998507582717e-01 3.682365887436856156e+01
9.999260795921320888e-01 9.293152478134399097e-04 -1.212319121924759248e-02 -5.510356259520524658e-01 -8.889255973282533113e-04 9.999940386052251773e-01 3.336550499379298523e-03 -5.500506362301181840e-01 1.212621802790886036e-02 -3.325527505924267754e-03 9.999209447044034027e-01 3.818878684238833898e+01
9.999426562507415239e-01 1.636775046835193745e-03 -1.058325152485006283e-02 -5.850731245710910633e-01 -1.591240816420027779e-03 9.999894482913762594e-01 4.309438734862735404e-03 -5.738009951496961802e-01 1.059019201351018256e-02 -4.292351454326084371e-03 9.999347096252294564e-01 3.950698007857966587e+01
9.999568094428626930e-01 1.715442636269440962e-03 -9.134360113158579084e-03 -6.075837254100411311e-01 -1.666506508849601234e-03 9.999842344013013529e-01 5.362248558320414221e-03 -5.887632369406298194e-01 9.143413505629544719e-03 -5.346794917380790456e-03 9.999439032963846063e-01 4.084773957425328206e+01
9.999717737957325436e-01 1.424672147302038713e-03 -7.377122947718252680e-03 -6.224070338810213654e-01 -1.377165869737202036e-03 9.999783100584743734e-01 6.440716828458144076e-03 -6.238948572176294949e-01 7.386137853848538833e-03 -6.430376028139424618e-03 9.999520464519008334e-01 4.215660534586149311e+01
9.999833907758517437e-01 1.524785263931505847e-03 -5.558166824250181798e-03 -6.550768809413960447e-01 -1.483405732397044194e-03 9.999712129013849093e-01 7.441295791538037052e-03 -6.355503231162444866e-01 5.569352447280583734e-03 -7.432927783049604088e-03 9.999568660070700110e-01 4.341738894357375500e+01
9.999973364003343912e-01 1.647544325930495185e-03 -1.616414658320860977e-03 -6.653231078405159593e-01 -1.636070341234719186e-03 9.999736403376702221e-01 7.074030682236928658e-03 -6.572622761544693049e-01 1.628026606409828034e-03 -7.071367847766466680e-03 9.999736722900691710e-01 4.470475188923492738e+01
9.999986570770145189e-01 4.636846026851871444e-04 1.571890415901877006e-03 -6.703713428869438884e-01 -4.725290326187646384e-04 9.999840342188667242e-01 5.630988486369769945e-03 -6.836590570029844605e-01 -1.569254110977940774e-03 -5.631724150197265494e-03 9.999829104130970592e-01 4.592778952249493329e+01
9.999833282653670663e-01 7.167735558768362908e-04 5.729696653214811503e-03 -6.658898215423496580e-01 -7.401649908129904337e-04 9.999913969610746411e-01 4.081441522912024333e-03 -7.112051489555659689e-01 -5.726721126353226214e-03 -4.085614738004034185e-03 9.999752559015266939e-01 4.718239929987962711e+01
9.999568197671758751e-01 7.417432251969110352e-04 9.263283242625354463e-03 -6.568870516529804471e-01 -7.826697417940651352e-04 9.999899461459150762e-01 4.415318876860190034e-03 -7.253519087763936612e-01 -9.259913840029535340e-03 -4.422378683512594860e-03 9.999473468930779596e-01 4.839206206707125801e+01
9.998917304547735307e-01 8.345514216114985340e-04 1.469118441379148494e-02 -6.484834274698256795e-01 -8.976954701554722832e-04 9.999903862454193604e-01 4.292035041485117025e-03 -7.496929770159568296e-01 -1.468745928664986697e-02 -4.304758919345694733e-03 9.998828669287891380e-01 4.961544083900671609e+01
9.997728805315693190e-01 2.132935944508404513e-03 2.120466857865306240e-02 -6.583623245362520970e-01 -2.210227790165889689e-03 9.999909968983307085e-01 3.622294371351056971e-03 -7.679102969810051027e-01 -2.119674870888478210e-02 -3.668339143193520037e-03 9.997685937752407437e-01 5.082013992410022496e+01
9.995761418753154048e-01 2.996825328646680886e-03 2.895782632986663302e-02 -6.416092579217502756e-01 -3.098188188308988178e-03 9.999892280644934184e-01 3.456151503617160749e-03 -7.960185414146695448e-01 -2.894715303570517817e-02 -3.544403695123168885e-03 9.995746592732051017e-01 5.200935466073078572e+01
9.992952068562297452e-01 3.802058927036102917e-03 3.734479937368405389e-02 -5.969287668892812038e-01 -3.972159325410224220e-03 9.999820677893950238e-01 4.481745944444421627e-03 -8.212796983682880692e-01 -3.732708483360216295e-02 -4.626927143320963901e-03 9.992923897178863646e-01 5.317600158054314363e+01
9.988290515787660029e-01 5.502184942507259979e-03 4.806508019164461992e-02 -5.523840893688445330e-01 -5.742075290883880481e-03 9.999717316503983211e-01 4.854324034670504454e-03 -8.345833714748942533e-01 -4.803700564259662242e-02 -5.124633639904423686e-03 9.988324103561447842e-01 5.436474267630423896e+01
9.981619866039218580e-01 7.873506565374874255e-03 6.008874113226021774e-02 -5.089102098589981527e-01 -8.186615941494822593e-03 9.999541560099031168e-01 4.966404813613401262e-03 -8.557185913872570326e-01 -6.004687535184428243e-02 -5.449200436081897553e-03 9.981806843345951696e-01 5.549205820225667196e+01
9.971063782255279451e-01 1.036448434617418327e-02 7.530902104648592998e-02 -4.198736940564948839e-01 -1.082424216580298373e-02 9.999251736277374736e-01 5.699376388762407604e-03 -8.787870958116840159e-01 -7.524430475771286264e-02 -6.498048223612356254e-03 9.971439561677616359e-01 5.664783074875519020e+01
9.956643129916384893e-01 1.216120597446434734e-02 9.222083254247041839e-02 -3.185810634185239909e-01 -1.281543399629564428e-02 9.998967175773024740e-01 6.505288685716589976e-03 -8.823626888168704108e-01 -9.213218324070801546e-02 -7.658934486013711969e-03 9.957173296332075818e-01 5.775972217496734373e+01
9.938552038754036033e-01 1.271079038894190431e-02 1.099557685873411572e-01 -2.281974569947863296e-01 -1.363249555599203681e-02 9.998779249282514492e-01 7.634805314610534389e-03 -9.056211651214483016e-01 -1.098452865900786529e-01 -9.086863356507240974e-03 9.939071588805553636e-01 5.886995714047149164e+01
9.915955757062892006e-01 1.191572007276529496e-02 1.288263634992352913e-01 -8.378264192780310315e-02 -1.290376125612002073e-02 9.998933642268981181e-01 6.837621763251077248e-03 -9.298651985884657245e-01 -1.287311335532682066e-01 -8.442500931225907501e-03 9.916435939406982314e-01 5.996080270054065409e+01
9.887261324038437715e-01 1.131586786231623953e-02 1.493070294465772274e-01 1.055400461270806223e-01 -1.236464846670851450e-02 9.999049609207607547e-01 6.097913451595152710e-03 -9.404144534971027314e-01 -1.492238162541229818e-01 -7.875296094939903541e-03 9.887720817326685063e-01 6.106940439697277867e+01
9.854441992289932895e-01 8.807832965019021104e-03 1.697708924365203265e-01 2.741745340459801894e-01 -9.849330513650814481e-03 9.999374827023567169e-01 5.293519158986728299e-03 -9.469706363690287843e-01 -1.697136316347180873e-01 -6.888598102200060164e-03 9.854693434346187830e-01 6.212971290839120542e+01
9.814119970013543970e-01 3.536611472073049323e-03 1.918801427168743134e-01 4.771424583877271752e-01 -5.052718408633156272e-03 9.999597608996612097e-01 7.412598322676523799e-03 -9.798535088746762600e-01 -1.918461804397435522e-01 -8.244330113331877971e-03 9.813903756548700841e-01 6.318452002017755831e+01
9.766217054704867673e-01 -1.838734553899362863e-03 2.149573662797776563e-01 6.911636675543925135e-01 -4.565269708793270875e-05 9.999616203422476701e-01 8.761036999551399806e-03 -9.746061059738085897e-01 -2.149651967049151513e-01 -8.566033196784854711e-03 9.765841394427512423e-01 6.421867917006547088e+01
9.710139615783808242e-01 -7.393010324045200601e-03 2.389084282691210093e-01 9.491676817784699960e-01 5.533126306027379843e-03 9.999489503452586581e-01 8.454657340376380698e-03 -9.926320395187702150e-01 -2.389587054271549715e-01 -6.887680619635237408e-03 9.710052984728767544e-01 6.521401748921861952e+01
9.644385467175753401e-01 -1.322027131330417993e-02 2.639763682191065830e-01 1.231213178900549376e+00 1.176161642038559864e-02 9.999055841953626844e-01 7.105425742485432794e-03 -1.029186382611056327e+00 -2.640453449566514399e-01 -3.747958277169746374e-03 9.645029806424390006e-01 6.621891469096000549e+01
9.568976487224211125e-01 -1.718133288598719388e-02 2.899167165282812708e-01 1.504601061553196395e+00 1.556588193313075338e-02 9.998478141938563768e-01 7.877293769465569875e-03 -1.039365656964769347e+00 -2.900078988713685191e-01 -3.024955068111532218e-03 9.570194655285519936e-01 6.718122975949437148e+01
9.479233966398752376e-01 -1.978420116121685363e-02 3.178833631926001324e-01 1.853232434404619822e+00 1.759981702868678582e-02 9.997976465075723018e-01 9.742302303575898353e-03 -1.033532877573851927e+00 -3.180117394472132264e-01 -3.640267909922583443e-03 9.480797798392818221e-01 6.817802938725425577e+01
9.384473924264801203e-01 -2.450617160215791401e-02 3.445518171122727291e-01 2.170498342043161166e+00 2.157340779328240435e-02 9.996910612610658831e-01 1.234382681200086110e-02 -1.043811832666805772e+00 -3.447478254620429117e-01 -4.150875954195935857e-03 9.386861518337895616e-01 6.907639065732587369e+01
9.272907151291333028e-01 -2.790758776446673403e-02 3.733003005813237962e-01 2.560461753122335260e+00 2.507372395343585025e-02 9.996081285877181921e-01 1.244578437954279096e-02 -1.066269051197734408e+00 -3.735012966484618224e-01 -2.180832213437949342e-03 9.276270841339120388e-01 7.000842103157053486e+01
9.148727253542130455e-01 -2.766344573680390787e-02 4.027935593278746396e-01 2.961142136253287482e+00 2.630085600920654271e-02 9.996143209823997733e-01 8.914828563753970231e-03 -1.059573080250842736e+00 -4.028847712017055716e-01 2.437881636620922460e-03 9.152474510729537993e-01 7.092882738044828272e+01
9.018183681872247170e-01 -2.852441129414450341e-02 4.311728344541310154e-01 3.379512121283295922e+00 2.964078864333539662e-02 9.995520803338671101e-01 4.130643837334795065e-03 -1.091667966601180595e+00 -4.310974700835264461e-01 9.055212608344756497e-03 9.022599127367775251e-01 7.175995563704894664e+01
8.875862680352331058e-01 -3.038606927674598890e-02 4.596382614478206063e-01 3.802093860614630394e+00 3.331337933503969451e-02 9.994434372652519771e-01 1.741920638992104121e-03 -1.107036711576325327e+00 -4.594353124800917287e-01 1.376599950477324849e-02 8.881045339843530728e-01 7.258630925914043530e+01
8.712864732780392085e-01 -3.177114847506567336e-02 4.897453493609815744e-01 4.308371654471503831e+00 3.368352496551827585e-02 9.994204872028898956e-01 4.910165732853228812e-03 -1.124790834829800357e+00 -4.896174716632779589e-01 1.221818913009693752e-02 8.718517166700645582e-01 7.344734039723837782e+01
8.537860586925619666e-01 -3.113262125875612338e-02 5.196923719917165840e-01 4.777128165181923514e+00 3.004884846285536121e-02 9.994931832518366699e-01 1.050919639973361269e-02 -1.118984949491884429e+00 -5.197560923815532918e-01 6.643551871837490366e-03 8.542888458539015240e-01 7.424696273116568079e+01
8.338166495026136937e-01 -3.132108961805190467e-02 5.511522697764725809e-01 5.321464628627976090e+00 2.878546473282321549e-02 9.994977721751634459e-01 1.325142711509246993e-02 -1.108493642453844963e+00 -5.512904410372445607e-01 4.815913380955483096e-03 8.342994765630038501e-01 7.506136212457732881e+01
8.128386766131913133e-01 -2.620889706061503566e-02 5.818989811268078238e-01 5.854617196959305048e+00 2.514130130396429602e-02 9.996348398243750655e-01 9.904640200724930746e-03 -1.142966971386360830e+00 -5.819460065039315788e-01 6.578822795030979213e-03 8.132007869926474175e-01 7.580203852978509360e+01
7.907590875278863729e-01 -1.906364267977025267e-02 6.118306076523121195e-01 6.387775988020004014e+00 2.157296372527784528e-02 9.997619320207024041e-01 3.269015411268422211e-03 -1.158064744013517666e+00 -6.117471877316614792e-01 1.061399596356150422e-02 7.909820933550401056e-01 7.657162938208242053e+01
7.680196941593169235e-01 -1.625484790059540316e-02 6.402199492995671593e-01 7.039695809435511542e+00 2.022173790621506484e-02 9.997948857818054202e-01 1.125890941620565425e-03 -1.156391528326192297e+00 -6.401068464812879055e-01 1.208165377732398418e-02 7.681908646957457121e-01 7.729942124410891324e+01
7.444292391498427142e-01 -1.912466166155107894e-02 6.674274598545649750e-01 7.608480847341611231e+00 2.199699331060540192e-02 9.997495792390059810e-01 4.112303251888840827e-03 -1.181816872006000496e+00 -6.673388791326492209e-01 1.162007867815611356e-02 7.446635047290753873e-01 7.796132326536444168e+01
7.196855631023435507e-01 -1.956668243753668240e-02 6.940244224845952825e-01 8.258424708274489490e+00 2.268453755853508391e-02 9.997318017159466663e-01 4.662223730605952535e-03 -1.160094406175047332e+00 -6.939294175745697180e-01 1.238828807130395657e-02 7.199364069152868195e-01 7.861594248022113618e+01
6.944554819790679234e-01 -1.836480751206415185e-02 7.193013179332782281e-01 8.937107488190132898e+00 2.345232022564115032e-02 9.997208021315022730e-01 2.882080760279376319e-03 -1.208226351826281686e+00 -7.191533230124400600e-01 1.486780832365678685e-02 6.946922899828454900e-01 7.927399932774568470e+01
6.683999914856457725e-01 -1.582542181309863280e-02 7.436337006591040577e-01 9.595699040982854200e+00 2.301060189648992255e-02 9.997350451669775317e-01 5.929528858862331830e-04 -1.225205219315845362e+00 -7.434459554029081430e-01 1.671512970477193744e-02 6.685870493486315569e-01 7.989040771778759620e+01
6.410894422034700835e-01 -1.358363978610952448e-02 7.673460040797837056e-01 1.027776507346933954e+01 2.165266146309170053e-02 9.997654767402995857e-01 -3.920540374904839948e-04 -1.216492384506491886e+00 -7.671606152498227083e-01 1.686642528752025846e-02 6.412332149999528941e-01 8.047498879855963594e+01
6.129472212572965040e-01 -1.236569764578127235e-02 7.900271364768327587e-01 1.098885285060612205e+01 2.240597058402238329e-02 9.997474483050133864e-01 -1.735516550401136442e-03 -1.235571860302660196e+00 -7.898060470522303422e-01 1.876510526775957213e-02 6.130694871228261622e-01 8.101304053235990921e+01
5.836430255349398522e-01 -6.611357444651187396e-03 8.119834951001546619e-01 1.172360539096169241e+01 2.134855042662403210e-02 9.997461321821012881e-01 -7.204894376129786920e-03 -1.261573053218438600e+00 -8.117296156885015490e-01 2.153975756633588756e-02 5.836360015617012564e-01 8.151420138983090169e+01
5.533550459599320126e-01 2.525281605555811104e-03 8.329417196532754586e-01 1.251482583832798312e+01 1.980939927321670457e-02 9.996726673943931996e-01 -1.619091296352136861e-02 -1.277467246692578717e+00 -8.327098456656767400e-01 2.545939938547252257e-02 5.531238918554758355e-01 8.201304923993576779e+01
5.226253023643498974e-01 1.058891463249761120e-02 8.524967829715740519e-01 1.327182113620557935e+01 1.879121796815452772e-02 9.995368881702574315e-01 -2.393531236265913908e-02 -1.314362978358100786e+00 -8.523553163498368557e-01 2.852865383876765706e-02 5.221842911992069514e-01 8.251836619918253746e+01
4.910401625049986007e-01 1.569118712224287782e-02 8.709956639150696622e-01 1.405964881186770832e+01 1.652001297770433821e-02 9.994902366821092343e-01 -2.731951325425664018e-02 -1.333009328638849578e+00 -8.709802211159700658e-01 2.780383890826260834e-02 4.905306310573960271e-01 8.295926284603285694e+01
4.583870067570328111e-01 1.522710380640508905e-02 8.886223003255964148e-01 1.489573081366168417e+01 1.469594436527179269e-02 9.995866542597002802e-01 -2.470930444961526654e-02 -1.370116532445297963e+00 -8.886311241081102930e-01 2.438556867381676610e-02 4.579737592216330255e-01 8.339860796553689681e+01
4.249340333129532077e-01 1.412149266198016277e-02 9.051142248678591962e-01 1.569377375588816115e+01 1.082353574839739138e-02 9.997275761238446634e-01 -2.067908435781058707e-02 -1.405523128889844209e+00 -9.051595483476186921e-01 1.858378304788865787e-02 4.246654281238171347e-01 8.376624230276789262e+01
3.907837109529342934e-01 1.473315558011237952e-02 9.203646768738692474e-01 1.657181580438002300e+01 6.311886337871965708e-03 9.998054993872841356e-01 -1.868484474355131333e-02 -1.430929391678392282e+00 -9.204608287216581308e-01 1.311096985973087860e-02 3.906147107630043025e-01 8.414388674707508642e+01
3.560471277707200066e-01 1.734740838724104298e-02 9.343070302731750765e-01 1.743386165503944696e+01 9.071117826242765247e-05 9.998270289087340945e-01 -1.859849375828685758e-02 -1.469896186867203136e+00 -9.344679325720833818e-01 6.706691468682930875e-03 3.559839698069865443e-01 8.449606870963842198e+01
3.198006315802959798e-01 1.956382776571410562e-02 9.472829211040043607e-01 1.832379985857633287e+01 -4.848499985909231896e-03 9.998075041324684387e-01 -1.901175024156877627e-02 -1.478639458599851686e+00 -9.474723886591918109e-01 1.487067125918819111e-03 3.198339280150387376e-01 8.483905749419733411e+01
2.835196149821760936e-01 1.906214375328071226e-02 9.587770259589686317e-01 1.923843850767888597e+01 -7.915588585621002524e-03 9.998148755962619205e-01 -1.753732893208076460e-02 -1.510063594225180772e+00 -9.589337034789129355e-01 -2.617109497690369227e-03 2.836180181987285609e-01 8.508479358883067789e+01
2.463539832062728863e-01 1.854662835192691719e-02 9.690025093539572643e-01 2.018266755249876709e+01 -8.312910971851274547e-03 9.998205394760338871e-01 -1.702305101010170851e-02 -1.545819408581242449e+00 -9.691442019485640991e-01 -3.861537078698316916e-03 2.464639504047899665e-01 8.533209279876444953e+01
2.098213914428093130e-01 1.781204698656689220e-02 9.775775378742678212e-01 2.113586880861754125e+01 -7.970758749861403536e-03 9.998319831409245850e-01 -1.650673833222366868e-02 -1.585265431958434057e+00 -9.777071761107587466e-01 -4.328569900812727356e-03 2.099281149966872595e-01 8.554230401211394508e+01
1.754643631411820226e-01 1.719095212520191721e-02 9.843357446192266824e-01 2.205701447055079356e+01 -5.443959577988308207e-03 9.998491860631540940e-01 -1.649146330214087616e-02 -1.605975795403738804e+00 -9.844706650658802127e-01 -2.465021779519343571e-03 1.755314890864442534e-01 8.568729743360714224e+01
1.402415904602372365e-01 1.562057409765480083e-02 9.899941541282347712e-01 2.296402209945537365e+01 1.686944993896162537e-03 9.998703225694116625e-01 -1.601537421623420998e-02 -1.642586331071469896e+00 -9.901158108536666225e-01 3.916085834986237843e-03 1.401970548247811199e-01 8.583690622907175793e+01
1.064849749038859761e-01 1.828988029473955362e-02 9.941461476147986920e-01 2.394670206271261392e+01 3.950001504738795757e-03 9.998151368596623900e-01 -1.881726685749887662e-02 -1.693426451770452257e+00 -9.943063989169896866e-01 5.930633698750048532e-03 1.063930462966236751e-01 8.596989070001909283e+01
7.364537385354044674e-02 2.460532489277815829e-02 9.969809778497881192e-01 2.492046563689405048e+01 5.141172061260383327e-03 9.996729410637502644e-01 -2.505153004362362101e-02 -1.676899328334718220e+00 -9.972711736730022203e-01 6.970578830311223266e-03 7.349478887306863661e-02 8.598579572169995799e+01
4.469190300229977653e-02 2.677146201274312187e-02 9.986421062834506257e-01 2.593633904099182175e+01 1.027756316598882683e-02 9.995756391448190614e-01 -2.725643419126660624e-02 -1.753091188797687439e+00 -9.989478823594758472e-01 1.148174836706525315e-02 4.439779373157665826e-02 8.607168822801681074e+01
1.874673455274927791e-02 2.608364938367110919e-02 9.994840355147769362e-01 2.693493651423934665e+01 1.341944146632529158e-02 9.995630341974338640e-01 -2.633740939164845585e-02 -1.785012879617893455e+00 -9.997341369205150485e-01 1.390625723171649841e-02 1.838851648281868492e-02 8.602295230842952378e+01
-4.161821175398186003e-03 2.311452537501055768e-02 9.997242280217772947e-01 2.786661748603869526e+01 1.576646522660634861e-02 9.996100684192597008e-01 -2.304624861074565031e-02 -1.805343340684446130e+00 -9.998669730517212306e-01 1.566620232861157258e-02 -4.524631093552287757e-03 8.607371195612036274e+01
-2.309417419463631257e-02 2.115238693838669692e-02 9.995095645998763878e-01 2.885628120365704419e+01 1.671148619489554177e-02 9.996446218262676764e-01 -2.076911593214071650e-02 -1.835346545771505244e+00 -9.995935431100173574e-01 1.622364415163548082e-02 -2.343945323669270261e-02 8.602247782748791849e+01
-4.002358898801348236e-02 2.320730582526541602e-02 9.989292603866279929e-01 2.982897240789841575e+01 1.824217013727665732e-02 9.995805890069896504e-01 -2.249153584172021783e-02 -1.882331880908076016e+00 -9.990321325173505684e-01 1.732244505451020072e-02 -4.043015265941065500e-02 8.599019885099569649e+01
-5.459367730587484646e-02 2.843713454868081886e-02 9.981036988319486047e-01 3.080247949172317590e+01 2.087391385098695540e-02 9.994084304739180302e-01 -2.733255653978517580e-02 -1.910152272221781411e+00 -9.982903768808479850e-01 1.934214552545641258e-02 -5.515497402455878800e-02 8.595556646165219661e+01
-6.629572893946016066e-02 3.262665239197641565e-02 9.972665198330982195e-01 3.180061784172237793e+01 2.461864857096137532e-02 9.992144833669875936e-01 -3.105379439037809358e-02 -1.960675577014541204e+00 -9.974961980495667957e-01 2.249261997156410536e-02 -6.704687500321217242e-02 8.586318254597749444e+01
-7.519421073268919842e-02 3.632651323472460558e-02 9.965070740755974654e-01 3.277901575251074462e+01 3.052835568606790742e-02 9.989516450480228071e-01 -3.411202203114700043e-02 -1.987624484868955266e+00 -9.967014181772858583e-01 2.785669618541396567e-02 -7.622436759151374197e-02 8.580390693564292803e+01
-8.156510637874320180e-02 4.128527236625987445e-02 9.958126295631307690e-01 3.379468106487743029e+01 3.364414475790585002e-02 9.986863124206649678e-01 -3.864868077995804035e-02 -2.044534959413933262e+00 -9.960999306819096066e-01 3.035088106133186636e-02 -8.284696135065598710e-02 8.570741476747728882e+01
-8.478591441607122303e-02 4.630118550995111076e-02 9.953229035872503960e-01 3.474190280301316847e+01 3.582482157463440925e-02 9.984155448989577852e-01 -4.339333373364045315e-02 -2.077647415209374682e+00 -9.957548884663236510e-01 3.197812264405461985e-02 -8.631030500463181265e-02 8.562728916512467947e+01
-8.753997748065622808e-02 4.997504253682244491e-02 9.949067197031482568e-01 3.574194523821224578e+01 3.728668946104100185e-02 9.982053135465881466e-01 -4.685994337417768996e-02 -2.147355940675493180e+00 -9.954628683295752012e-01 3.299466029027791486e-02 -8.924627291050216127e-02 8.555267182054171826e+01
-9.020644535403574138e-02 5.316307426954410692e-02 9.945032016882334736e-01 3.675293334126827460e+01 3.848131963190831034e-02 9.980145966546932756e-01 -4.986032845235873617e-02 -2.203175083537688650e+00 -9.951793066629605056e-01 3.377207342676104979e-02 -9.207313277573760113e-02 8.546161539057237633e+01
-9.304115764908878206e-02 5.647025182807077770e-02 9.940596496333676813e-01 3.777370159182546416e+01 3.931708276226107690e-02 9.978200004854634875e-01 -5.300389645224019147e-02 -2.264462879923014871e+00 -9.948856101136701602e-01 3.415198250214716846e-02 -9.505857187890300042e-02 8.537870587849666038e+01
-9.463200170360017149e-02 6.028812959781669478e-02 9.936851911325612630e-01 3.879422732864343715e+01 4.077336267624443594e-02 9.975617298551610057e-01 -5.664033339660069777e-02 -2.340944961490662113e+00 -9.946769246396816033e-01 3.515589951413650160e-02 -9.685941143172524526e-02 8.525025519413061659e+01
-9.642116534575735642e-02 6.146794547226108740e-02 9.934408809367457627e-01 3.979065706435546446e+01 4.181538869229626393e-02 9.974602814205214552e-01 -5.765812667561426991e-02 -2.411122481329084355e+00 -9.944618139711473015e-01 3.598165383696536046e-02 -9.874658709071336415e-02 8.513285197691408257e+01
-9.943915079721368788e-02 6.113966688892493589e-02 9.931635966477256883e-01 4.081692490794072370e+01 4.321375050869748907e-02 9.974341679117106896e-01 -5.707584206563127982e-02 -2.475974376604806793e+00 -9.941047703526942891e-01 3.724275173755857427e-02 -1.018260792822181099e-01 8.503084149074352638e+01
-1.012046048957293276e-01 6.058340309269160534e-02 9.930193414284207432e-01 4.182887173811894144e+01 4.368897711043583099e-02 9.974518412946361545e-01 -5.640121341567251589e-02 -2.549863874208687875e+00 -9.939058147818649047e-01 3.767593791568448619e-02 -1.035935447500695161e-01 8.496505554188503595e+01
-1.024481439120098342e-01 6.156594811607657425e-02 9.928313779561313002e-01 4.283137933742100500e+01 4.306575951169837324e-02 9.974215799739941657e-01 -5.740671961423580300e-02 -2.627170155445221589e+00 -9.938056075691965585e-01 3.687582657752449394e-02 -1.048353722201602473e-01 8.481878569888966979e+01
-1.052432777370729822e-01 6.340016914634195866e-02 9.924235004292537576e-01 4.384529375470828683e+01 4.123321415740222734e-02 9.973856073880430495e-01 -5.934451558616159889e-02 -2.692284829467786800e+00 -9.935912349159384815e-01 3.467520030223457395e-02 -1.075823215804405930e-01 8.472605487213664333e+01
-1.082935239496689434e-01 6.571987581662583344e-02 9.919443248991834938e-01 4.489101072956881922e+01 3.960124860485578213e-02 9.973056048758380809e-01 -6.175168737671427044e-02 -2.760709483572861167e+00 -9.933298150359696210e-01 3.259492671574493877e-02 -1.106043258866312301e-01 8.461446704365660310e+01
-1.108921636912626602e-01 6.917276721676143825e-02 9.914223062779069506e-01 4.592511919184696012e+01 3.814873462705384299e-02 9.971359022189478782e-01 -6.530440897814708545e-02 -2.833859991658631117e+00 -9.930999294254170273e-01 3.057975983005956772e-02 -1.132134095697183707e-01 8.454401391295128576e+01
-1.126367791288665210e-01 7.312592334221210133e-02 9.909418188793290838e-01 4.694993685008676465e+01 3.455513235282315493e-02 9.969732995278369758e-01 -6.964324898870215275e-02 -2.915932159693340076e+00 -9.930351285985856702e-01 2.639773468532807116e-02 -1.148227356345307981e-01 8.441191710004119386e+01
-1.150979727244110240e-01 7.555622591926119958e-02 9.904765754134245981e-01 4.800739248272963522e+01 3.148842713223574952e-02 9.968795363204799864e-01 -7.238555308933389276e-02 -2.998736801996840118e+00 -9.928548753648450687e-01 2.285711900026122026e-02 -1.171179587352069174e-01 8.428903072270651364e+01
-1.180310659925848243e-01 7.413747019107373715e-02 9.902385752484357262e-01 4.902695245787134581e+01 2.933116459763284931e-02 9.970342727641101632e-01 -7.115013023222151178e-02 -3.099975390260440999e+00 -9.925765553601740843e-01 2.064692468437965764e-02 -1.198555547303555568e-01 8.417386509771948511e+01
-1.212641853497346822e-01 7.070211117371960619e-02 9.900991574670404693e-01 5.010636836000567484e+01 2.792453642869293512e-02 9.973082844979176409e-01 -6.779679425566842443e-02 -3.157812885732750985e+00 -9.922273357128161830e-01 1.942673662007143517e-02 -1.229120986899870371e-01 8.404384451569553960e+01
-1.239141597372032805e-01 6.877866540867921819e-02 9.899065152237763732e-01 5.116003557804087620e+01 2.751379960943095213e-02 9.974495626844871454e-01 -6.585863751195977778e-02 -3.258038134445895739e+00 -9.919113569563461352e-01 1.907527138461486554e-02 -1.254904852091638101e-01 8.391598089651603232e+01
-1.254859986276347927e-01 6.909117288189796369e-02 9.896867214493674236e-01 5.220728189232992378e+01 2.765928285021205385e-02 9.974279446961143991e-01 -6.612456888334471150e-02 -3.338514037322364736e+00 -9.917096835700633939e-01 1.907631702189455797e-02 -1.270742523439793437e-01 8.378770011793172046e+01
-1.267380423684799085e-01 7.158848228519631984e-02 9.893496300338497917e-01 5.324925406726885768e+01 2.779550271951339302e-02 9.972569643739596090e-01 -6.859997377029034005e-02 -3.420814327147583711e+00 -9.915466438625886170e-01 1.880524354916385255e-02 -1.283802316068315130e-01 8.366801745115785138e+01
-1.269530876539485265e-01 7.400986720780448891e-02 9.891438650390503851e-01 5.432047048515147480e+01 2.780258019553620563e-02 9.970862230772236101e-01 -7.103576294061954288e-02 -3.505957425267299588e+00 -9.915189349615185499e-01 1.848254176812556132e-02 -1.286408382929662697e-01 8.350014774157709496e+01
-1.273463428788569052e-01 7.508768711184732325e-02 9.890120731594138626e-01 5.540543000091204817e+01 2.739467087847849425e-02 9.970162040481886923e-01 -7.216799979167203005e-02 -3.609318115322185605e+00 -9.914798582399162452e-01 1.790332892048418501e-02 -1.290233681993330772e-01 8.338776437986400936e+01
-1.267747632026484939e-01 7.361128871239143445e-02 9.891964770674803731e-01 5.646528497468328567e+01 2.424425430798690315e-02 9.971746641067344985e-01 -7.109785342449781442e-02 -3.676633133907087458e+00 -9.916351364623160469e-01 1.496891670546273388e-02 -1.282012310683678658e-01 8.322102693468588086e+01
-1.271129356970899793e-01 7.310437183424209340e-02 9.891906717275990024e-01 5.752191211496399603e+01 2.150932941087880731e-02 9.972489384887249786e-01 -7.093590642506511501e-02 -3.764002960081108906e+00 -9.916549393119309386e-01 1.225995576097884190e-02 -1.283356645611697933e-01 8.311814278380310839e+01
-1.269351255144566537e-01 7.417068373157462147e-02 9.891341244955658141e-01 5.863262094031320970e+01 1.803683211338873854e-02 9.972081078095808016e-01 -7.246145042236706857e-02 -3.865087433526340543e+00 -9.917469510566961910e-01 8.642941606655973191e-03 -1.279185388549887725e-01 8.296345026194603633e+01
-1.272993781826727566e-01 7.443103685999004349e-02 9.890677538541752245e-01 5.970486556108270548e+01 1.331673373151593537e-02 9.972187850107829821e-01 -7.333047679147530751e-02 -3.958164117812679184e+00 -9.917748742855515554e-01 3.836226199692046625e-03 -1.279365079030480856e-01 8.285243221974528183e+01
-1.277114680760557119e-01 7.371706952653192535e-02 9.890681003888366352e-01 6.079723446205107251e+01 9.888187731256495999e-03 9.972790942211573473e-01 -7.305225109127735927e-02 -4.061778433659551268e+00 -9.917620042258546986e-01 4.504789212267570203e-04 -1.280929037905238488e-01 8.270102670575850823e+01
-1.280506388115869587e-01 6.889290644846314537e-02 9.893719896428463390e-01 6.190757357518639736e+01 9.813837066041582527e-03 9.976235834005445779e-01 -6.819731613154315919e-02 -4.144821319817458161e+00 -9.917190080234078442e-01 9.768237455338672076e-04 -1.284224392744159060e-01 8.257323250239041101e+01
-1.278680781638372455e-01 6.103098647693017131e-02 9.899116656218028831e-01 6.302686687338405136e+01 1.302913276358205405e-02 9.981220953533381790e-01 -5.985418985524262880e-02 -4.214955515580645518e+00 -9.917055332373303500e-01 5.244248768688782730e-03 -1.284231333023908295e-01 8.245512779893526556e+01
-1.282506369932990276e-01 5.595488458790049552e-02 9.901620864229642160e-01 6.412337791187243852e+01 2.021247342909570505e-02 9.983471737295517290e-01 -5.379940734243376932e-02 -4.278904082635071937e+00 -9.915357272463785065e-01 1.311381571997755763e-02 -1.291696459585737478e-01 8.227407008967421120e+01
-1.280336645400418083e-01 5.733789940395461054e-02 9.901110434929192294e-01 6.519926341748993082e+01 2.652858646116777394e-02 9.981681724774451592e-01 -5.437401126969915871e-02 -4.365837777172998813e+00 -9.914148895411903917e-01 1.930454213194216645e-02 -1.293202207341443977e-01 8.210933717322602376e+01
-1.271740913743723556e-01 6.244597656008968323e-02 9.899128158539102218e-01 6.628819543050236973e+01 3.077364370868087770e-02 9.977841836865583014e-01 -5.898902516316067990e-02 -4.446510329649655979e+00 -9.914028452923313584e-01 2.296134855285537207e-02 -1.288139855365229014e-01 8.200019398411107829e+01
-1.257522577529224250e-01 6.810436468675495902e-02 9.897213232997773558e-01 6.741197791417251040e+01 3.339850814660050987e-02 9.973659676484898373e-01 -6.438684326576445127e-02 -4.519517169103359322e+00 -9.914992574797170111e-01 2.495842486948297162e-02 -1.276956047640593617e-01 8.184714604550067918e+01
-1.250648259019499497e-01 7.131198170970007300e-02 9.895824994736903690e-01 6.849515855779154094e+01 3.375425220164481044e-02 9.971419811292056012e-01 -6.759082214587841531e-02 -4.661196900601089155e+00 -9.915741565885238806e-01 2.494938296049162979e-02 -1.271144692294915723e-01 8.169471861164294069e+01
-1.249347282876575871e-01 7.023137593275183277e-02 9.896762097625358967e-01 6.966029813726538578e+01 3.308620226442632317e-02 9.972316521733243233e-01 -6.659079857595016916e-02 -4.700325425696610715e+00 -9.916130722811496989e-01 2.442512398543214905e-02 -1.269125533593631061e-01 8.154932066454720996e+01
-1.248931101682201894e-01 6.588348432409053823e-02 9.899804089672350482e-01 7.077838892872919985e+01 3.219863053910162337e-02 9.975364333648306658e-01 -6.232424646009771668e-02 -4.772234538607436960e+00 -9.916475318663990901e-01 2.409214447866159237e-02 -1.267067839895269776e-01 8.142131129090601860e+01
-1.245004011204542266e-01 6.384481470170538797e-02 9.901634321449621634e-01 7.193909444363069383e+01 3.014780048281313907e-02 9.977103437640517658e-01 -6.054072606949868068e-02 -4.865172911532312128e+00 -9.917613767796920055e-01 2.231390479971674667e-02 -1.261401170895287971e-01 8.126726873785281668e+01
