1.000000000000000000e+00 0.000000000000000000e+00 -1.355252715606880543e-20 1.734723475976807094e-18 0.000000000000000000e+00 1.000000000000000000e+00 -8.673617379884035472e-19 -6.938893903907228378e-18 -4.743384504624081899e-20 0.000000000000000000e+00 9.999999999999998890e-01 0.000000000000000000e+00
9.999948071699897856e-01 -1.673433542529437386e-03 -2.754134388979746512e-03 -1.138000009310432929e-02 1.670638052557632189e-03 9.999980874682794507e-01 -1.016871948268710871e-03 -2.600729146217056059e-02 2.755830419096214675e-03 1.012265590091433222e-03 9.999956903476128200e-01 7.412211447194083647e-01
9.999796345813292131e-01 -7.542082392456329887e-04 -6.337318573457964913e-03 -1.359203464027458272e-02 7.424049842383014311e-04 9.999979860105998597e-01 -1.864619750848233934e-03 -3.262986597271620715e-02 6.338711273032814585e-03 1.859877077439124789e-03 9.999781805545777669e-01 1.469275634726546986e+00
9.999440362450227049e-01 -4.523213524500755214e-04 -1.056975942571593448e-02 -8.815112953421876119e-03 4.248820120773145331e-04 9.999965346288683943e-01 -2.598114808257082249e-03 -2.740892755496296407e-02 1.057089656535955408e-02 2.593478728604881045e-03 9.999407632394786694e-01 2.171687104300575655e+00
9.998794938100753482e-01 2.915525889992613001e-04 -1.552136954393635790e-02 -2.683630273825451593e-02 -3.407698095189721360e-04 9.999949225857673873e-01 -3.168386166222567427e-03 -3.362309145200442079e-02 1.552036490715606384e-02 3.173293843865396605e-03 9.998745163417902537e-01 2.893328472856514733e+00
9.998002771459979510e-01 -1.385795209425519023e-04 -1.998466160199185646e-02 -5.485730381894143859e-02 7.780864139200413532e-05 9.999953712339021417e-01 -3.041619625818860022e-03 -4.224245718243248987e-02 1.998498792772320301e-02 3.039457431747137790e-03 9.997956600615159894e-01 3.630134170623823042e+00
9.997074948789517190e-01 1.069189218934602989e-03 -2.416157353633583901e-02 -6.980837351038794714e-02 -1.167173478706314688e-03 9.999911513547788955e-01 -4.041646508671278143e-03 -5.609368193944172520e-02 2.415703522106785878e-02 4.068665409266153908e-03 9.996998967211819798e-01 4.394730606130115902e+00
9.995629971230434174e-01 3.336052217014920732e-03 -2.937151184633745790e-02 -1.231107469846469127e-01 -3.462991172976166709e-03 9.999848784864270312e-01 -4.272057103625632492e-03 -6.789828193694824598e-02 2.935681197141364399e-02 4.371903874807370541e-03 9.995594348991829747e-01 5.184447205017425730e+00
9.994124006847108221e-01 5.025807892574861435e-03 -3.390567554708326381e-02 -1.507169694646853519e-01 -5.152093271293929980e-03 9.999801091412976461e-01 -3.638300903715843172e-03 -6.773942588994408265e-02 3.388671119902780804e-02 3.810848588920374633e-03 9.994184148987391714e-01 5.976223703490420647e+00
9.992685603883787460e-01 5.117102682205792834e-03 -3.789669835415040988e-02 -1.908338273490602088e-01 -5.186412143753049014e-03 9.999850525235957077e-01 -1.730849424301380071e-03 -9.643834272422666110e-02 3.788726988837826798e-02 1.926131503742663231e-03 9.992801631924320693e-01 6.777587434092751550e+00
9.991261624211709158e-01 3.474839245076000692e-03 -4.165137890287003153e-02 -2.465956056783385197e-01 -3.473354626447782215e-03 9.999939620500046811e-01 1.079934994775112386e-04 -9.809891279706763056e-02 4.165149709451518301e-02 3.677092089838292915e-05 9.991321990304965484e-01 7.597322106539234454e+00
9.990112314603956101e-01 4.466225850582366576e-03 -4.423361376296577885e-02 -2.703267081301289898e-01 -4.464349584745577748e-03 9.999900247694289979e-01 1.411823201580069895e-04 -1.108893907662337752e-01 4.423379715000120421e-02 5.643163828576800573e-05 9.990212048166150494e-01 8.390262558796699466e+00
9.989295332632291968e-01 4.012103145651546750e-03 -4.608352168014189648e-02 -3.188780937242277624e-01 -4.012796473712169215e-03 9.999919456954181607e-01 7.744858390822638439e-05 -1.083351213169250760e-01 4.608345506820695631e-02 1.075581674799654455e-04 9.989375872611350182e-01 9.222833276045745876e+00
9.988230578253276537e-01 2.872816647820912624e-03 -4.841741916050713163e-02 -3.572538858666407524e-01 -2.892533829946163093e-03 9.999957597645983132e-01 -3.371842685334514728e-04 -1.235123502167865955e-01 4.841623870428977267e-02 4.768365282764447377e-04 9.988271322241379924e-01 1.003724774290539656e+01
9.987343230449460263e-01 1.367607284815825289e-03 -5.027804732770838059e-02 -3.966394941570974830e-01 -1.363788161559426754e-03 9.999990639604210418e-01 1.102611412398084301e-04 -1.294573772929647482e-01 5.027814432148415558e-02 -4.155293932514916855e-05 9.987352532371801539e-01 1.089152860117818555e+01
9.986576234002048080e-01 -6.130976071197363764e-04 -5.179358817720568914e-02 -4.571260598087462101e-01 6.198441451432780760e-04 9.999998013765035720e-01 1.141991002816273443e-04 -1.506639376711699785e-01 5.179350093149328454e-02 -1.461497221243125352e-04 9.986578049862629980e-01 1.175068875305567673e+01
9.985659138993489004e-01 1.238093059569652168e-03 -5.352180111586912065e-02 -5.054238999662504783e-01 -1.318671272531374630e-03 9.999980497489375786e-01 -1.470237594315330562e-03 -1.468495661306482569e-01 5.351986927288203411e-02 1.538706981751423140e-03 9.985655990013363459e-01 1.261000452136343242e+01
9.984679645171193885e-01 2.898195128021600377e-03 -5.525689822155422509e-02 -5.565249183534384247e-01 -3.097802494672717913e-03 9.999889816933481557e-01 -3.527052027230981497e-03 -1.728817698803580549e-01 5.524605990032974839e-02 3.692823767742018856e-03 9.984659410469063356e-01 1.347271513275962107e+01
9.983844601656522988e-01 6.348732194923089114e-03 -5.646382766765047079e-02 -6.281907085479632169e-01 -6.666126604923423501e-03 9.999630129610773688e-01 -5.434650973210189591e-03 -1.901450851136677889e-01 5.642722854256305293e-02 5.802266630487360605e-03 9.983898542553497624e-01 1.437829406902245566e+01
9.982693657176854307e-01 7.019718185407505633e-03 -5.838662173375638864e-02 -6.910232762274255425e-01 -7.342740195786475951e-03 9.999588911438916927e-01 -5.319788630954052668e-03 -1.909029258931732587e-01 5.834687030113801243e-02 5.739300342235202114e-03 9.982798718916398029e-01 1.524854437049488354e+01
9.982277297688355588e-01 6.410437780007789861e-03 -5.916338724218186962e-02 -7.401888116777558535e-01 -6.676639138787061542e-03 9.999684534028151495e-01 -4.302866184958552623e-03 -2.135928700073446984e-01 5.913392966720010940e-02 4.690253370026574616e-03 9.982390391760299631e-01 1.614556538853022616e+01
9.981478232117158012e-01 6.062406760982705020e-03 -6.053239501706896702e-02 -7.875589980275695678e-01 -6.259875651460354226e-03 9.999756846431828716e-01 -3.073117754892371045e-03 -2.351203473626108098e-01 6.051228455867351669e-02 3.446351402146070192e-03 9.981615027146001351e-01 1.704482622130995395e+01
9.980712281720155454e-01 6.539295614844614982e-03 -6.173379735799019996e-02 -8.614453671414794567e-01 -6.706848836345776985e-03 9.999743654261393777e-01 -2.507317714269470185e-03 -2.436843969242539210e-01 6.171581048355845311e-02 2.916521214421988889e-03 9.980895010164909653e-01 1.796181422371100211e+01
9.980117615368271355e-01 5.551354557488417940e-03 -6.278301473998033899e-02 -9.208437553067447823e-01 -5.768489807603404199e-03 9.999779900581290404e-01 -3.277788857406598207e-03 -2.506688790507651809e-01 6.276342831754855300e-02 3.633435367851585093e-03 9.980218181958753210e-01 1.888029680362467744e+01
9.979335001933878901e-01 5.746228722488070165e-03 -6.399773991070396850e-02 -9.635053506006429069e-01 -5.997665758176258868e-03 9.999750294576914555e-01 -3.737437561084293314e-03 -2.860712073678491896e-01 6.397465711585773041e-02 4.113551596509302036e-03 9.979430451186853679e-01 1.980098371459765616e+01
9.978913060617178310e-01 5.075690660343628625e-03 -6.470841775140617758e-02 -1.035259604370616815e+00 -5.257679224179967470e-03 9.999826868955686843e-01 -2.642479355197640059e-03 -2.964763815106467026e-01 6.469387637636934973e-02 2.977123581851608483e-03 9.979007157220592950e-01 2.073421599284434791e+01
9.978988732440510212e-01 4.838857992378428792e-03 -6.460978955199757345e-02 -1.097298973893491958e+00 -4.825923745010365223e-03 9.999882917020626039e-01 3.562385058380997463e-04 -2.929163401731043614e-01 6.461074821323734008e-02 -4.368803030305005997e-05 9.979105414040058131e-01 2.166521997215501472e+01
9.979290343206536074e-01 5.145777226817342502e-03 -6.411836010747656855e-02 -1.158696473906368318e+00 -4.930101757719693514e-03 9.999816465441184743e-01 3.521457585265058178e-03 -2.998830119055438947e-01 6.413529535562215167e-02 -3.198054930191315988e-03 9.979360879716019372e-01 2.258252236440763028e+01
9.980200927100375541e-01 5.840581937809591340e-03 -6.262413904439226298e-02 -1.190251965130436851e+00 -5.411741281954872071e-03 9.999607487733535027e-01 7.015266415673996996e-03 -3.058391036196747570e-01 6.266264580862068723e-02 -6.662471686845063135e-03 9.980125268031249108e-01 2.355748014787049271e+01
9.981426187050189691e-01 4.169881767926366008e-03 -6.077767198821986544e-02 -1.264888909893729929e+00 -3.688961468910904179e-03 9.999610121432810361e-01 8.022827295279675447e-03 -3.122060261267698977e-01 6.080874848431032376e-02 -7.783719937227520126e-03 9.981190856851636095e-01 2.449703483029659168e+01
9.982421128357882312e-01 2.922920627736496323e-03 -5.919578756834002059e-02 -1.334079663233688429e+00 -2.585677199702887674e-03 9.999799939069348165e-01 5.772872939447340306e-03 -3.145545324688496791e-01 5.921146900222612475e-02 -5.609664087789309125e-03 9.982296995356630953e-01 2.541610530635895771e+01
9.982547130092370713e-01 8.192111962163274586e-03 -5.848433837531579610e-02 -1.402619601242192759e+00 -8.120438664670853735e-03 9.999659583950663011e-01 1.463045102291746745e-03 -3.474053543877236305e-01 5.849432507046533475e-02 -9.855732098589765552e-04 9.982872542646246128e-01 2.637380002213289387e+01
9.983187624212200850e-01 7.842465123580187603e-03 -5.742947760063893403e-02 -1.465425666169798413e+00 -7.967549036827026657e-03 9.999663583840834313e-01 -1.949417947750655897e-03 -3.566378303561089647e-01 5.741224965246220086e-02 2.403712944422543331e-03 9.983476625039375829e-01 2.735051370723546782e+01
9.983720745354938142e-01 6.311472419190457782e-03 -5.668656492312224709e-02 -1.522233160900614335e+00 -6.389896310965008028e-03 9.999788615708429251e-01 -1.202336854922751545e-03 -3.811232568762284445e-01 5.667777055295141614e-02 1.562600993991579944e-03 9.983913000856908804e-01 2.830833054664601534e+01
9.983862370460878655e-01 2.536781360768128150e-03 -5.673171021331842312e-02 -1.551126151048812130e+00 -2.316967091889405445e-03 9.999895537410209423e-01 3.940060098891766741e-03 -3.758146052819691385e-01 5.674110504358812618e-02 -3.802256530492485395e-03 9.983816851865856545e-01 2.926729852808141175e+01
9.983428176248673180e-01 -2.482208344987015154e-03 -5.749310975637599713e-02 -1.625344392775559976e+00 2.899651777578832537e-03 9.999700302687419828e-01 7.178481538619383914e-03 -3.716503513374813106e-01 5.747356050346776740e-02 -7.333296036037554450e-03 9.983200949936427149e-01 3.025355947905992338e+01
9.982220917891798662e-01 -1.118240699352204826e-02 -5.854579231665675565e-02 -1.668179301847803497e+00 1.159579412976188308e-02 9.999101452964787029e-01 6.725986379386009358e-03 -4.025426559559033279e-01 5.846531112999990565e-02 -7.392913711307426243e-03 9.982620656221034006e-01 3.123198528325762169e+01
9.981461171814807187e-01 -1.146931638387507779e-02 -5.977277072113650752e-02 -1.734706379682567023e+00 1.167711747896922614e-02 9.999269263163853561e-01 3.128410384726369557e-03 -4.194707850705158281e-01 5.973251415462960817e-02 -3.820584614478822125e-03 9.982071074215118633e-01 3.222383093956510436e+01
9.980869554099278673e-01 -8.124859790937112580e-03 -6.128961327015736149e-02 -1.787702942684562535e+00 8.137420412697984537e-03 9.999668896501819892e-01 -4.463715233071069433e-05 -4.340773533920706528e-01 6.128793839677012384e-02 -4.541875814846269357e-04 9.981200237044235424e-01 3.322736203175550429e+01
9.979936876303855398e-01 -7.001264364860356436e-03 -6.292521256302020805e-02 -1.858689689813691537e+00 6.925592484518927963e-03 9.999750087489274186e-01 -1.420579226598221896e-03 -4.583397556375972126e-01 6.293357739240032500e-02 9.819348506493264309e-04 9.980172343264528401e-01 3.420202842127809362e+01
9.979401794863067554e-01 -9.124626723087787827e-03 -6.349913383207383966e-02 -1.912081059467501731e+00 9.143027099721617867e-03 9.999582016529925399e-01 -7.746525941812118510e-07 -4.753955766898713131e-01 6.349647822105922157e-02 -5.798012445597253497e-04 9.979818938449653842e-01 3.520162923503423258e+01
9.978798410786957618e-01 -9.320906193958197056e-03 -6.441229802969707097e-02 -2.008060312141463299e+00 9.486652104109210767e-03 9.999524289861236870e-01 2.267862011495723473e-03 -4.618848758197118265e-01 6.438808669981137267e-02 -2.874111033517488638e-03 9.979207950105167813e-01 3.620875207222778158e+01
9.977991551740398313e-01 -6.761834344786344861e-03 -6.596305190138777863e-02 -2.068495629626980303e+00 6.997121228343103350e-03 9.999699532641935784e-01 3.336595700129842915e-03 -4.853812315713457726e-01 6.593849957095149206e-02 -3.790804100501496063e-03 9.978164878298915186e-01 3.720216650070797471e+01
9.976958282197291306e-01 -8.532591253259612027e-03 -6.730698295423709343e-02 -2.146441013745788773e+00 8.936554290620643201e-03 9.999438051993427834e-01 5.703020961112734155e-03 -4.859384681381408999e-01 6.725453007578734155e-02 -6.291373192424956455e-03 9.977160147484238628e-01 3.819735723451908882e+01
9.977060856742324679e-01 -7.408132955892156660e-03 -6.728808874730944634e-02 -2.191365173383711618e+00 8.041974029178585240e-03 9.999257640773020483e-01 9.153851628225521259e-03 -4.957575051294713098e-01 6.721527157800701036e-02 -9.673983278982242404e-03 9.976915959304066828e-01 3.919974690576270859e+01
9.977010679201724352e-01 -1.836904567042186090e-03 -6.774367551379424646e-02 -2.263211380571664044e+00 2.623184871500955362e-03 9.999302066822989277e-01 1.151957813860572145e-02 -5.042510223777295630e-01 6.771777800247313905e-02 -1.167080049422863572e-02 9.976362534629570344e-01 4.021906060564593588e+01
9.976865522486416671e-01 -4.167227717446882196e-03 -6.785409638556068324e-02 -2.346676245209015743e+00 4.928036406977989725e-03 9.999268153219093014e-01 1.104891273697082218e-02 -5.144855752575225871e-01 6.780307806674933102e-02 -1.135773998673983605e-02 9.976340730001265200e-01 4.122827626316445304e+01
9.976913394220038311e-01 -5.644320596321627907e-03 -6.767668435631554735e-02 -2.408656138564653215e+00 6.323462507303249935e-03 9.999317383416944649e-01 9.825095060217736015e-03 -5.219397263478774418e-01 6.761659956860147092e-02 -1.023036401051133706e-02 9.976589268797195764e-01 4.220910843763108033e+01
9.977208381923079461e-01 -2.356719722689204662e-03 -6.743571473706078123e-02 -2.500887447939753816e+00 2.838545422368805339e-03 9.999711193436392476e-01 7.050046218142116267e-03 -5.321789868460475859e-01 6.741714312063668002e-02 -7.225397896862840660e-03 9.976987128950344230e-01 4.320740400113125901e+01
9.976374980766666845e-01 -3.016128023903664503e-03 -6.863181579677464506e-02 -2.575403639395206223e+00 3.549005146925614945e-03 9.999644886401385380e-01 7.643692499813672762e-03 -5.332921207529047747e-01 6.860631502608947885e-02 -7.869209516751744099e-03 9.976127747426520864e-01 4.418599153449816441e+01
9.975658599789927194e-01 -3.921970474250038863e-03 -6.962021192301810768e-02 -2.645642192350917909e+00 4.533409162453148553e-03 9.999525132146733775e-01 8.626675580692813594e-03 -5.528991833442556958e-01 6.958306297679092700e-02 -8.921294624717822364e-03 9.975362685527789930e-01 4.518939477789734127e+01
9.974856928129760547e-01 -4.543790090385899094e-03 -7.072232592224828029e-02 -2.721378694100263562e+00 5.224952758181476524e-03 9.999417015891676197e-01 9.449513551166976305e-03 -5.536865788743869921e-01 7.067525682989801716e-02 -9.795276128026025875e-03 9.974512819401571972e-01 4.621600372466005524e+01
9.974862156015718018e-01 -2.917647987384077053e-03 -7.080069064317104366e-02 -2.797856415352295567e+00 3.432440152955341245e-03 9.999685442717158868e-01 7.150443006832701322e-03 -5.819243940534213344e-01 7.077759158333088441e-02 -7.375488013576739048e-03 9.974648534721706206e-01 4.717835429333671726e+01
9.974731470741732275e-01 -1.837456595052489386e-04 -7.104426712695878499e-02 -2.868664016684948859e+00 3.228508656530097373e-04 9.999980533914921699e-01 1.946531437610453559e-03 -5.883463114606508615e-01 7.104376164017763007e-02 -1.964549642265679338e-03 9.974712645908623276e-01 4.819479782420049219e+01
9.974397501087208795e-01 1.315085508147854215e-03 -7.149976401025018302e-02 -2.942853653314240425e+00 -1.244585907107392114e-03 9.999986944843916037e-01 1.030550743700437907e-03 -6.103583262786715924e-01 7.150101634500924397e-02 -9.389246922942807647e-04 9.974400845576073538e-01 4.912800414607652755e+01
9.974047907170516813e-01 9.178108018477945662e-04 -7.199195710469935561e-02 -3.024379105762566855e+00 -5.891650252942953053e-04 9.999893100672690993e-01 4.586135845371822756e-03 -6.032233216377290708e-01 7.199538706690260248e-02 -4.531819028461509490e-03 9.973946691462657332e-01 5.010414950133851164e+01
9.974026172994447936e-01 -1.543119792398284056e-03 -7.201137821204903200e-02 -3.094296836218350055e+00 2.134914286638907831e-03 9.999645757450433825e-01 8.141830844288086566e-03 -6.415196300270608054e-01 7.199625378254338737e-02 -8.274422130734837913e-03 9.973705793533983455e-01 5.109614871145141990e+01
9.973561356174771575e-01 -1.944759016753846471e-03 -7.264266981528448575e-02 -3.155512487876284133e+00 2.530585165387352377e-03 9.999650104387498573e-01 7.973333720293091648e-03 -6.291824710027148493e-01 7.262461212323717552e-02 -8.136082375235524286e-03 9.973261598115811255e-01 5.201935296559414468e+01
9.973399093472743449e-01 -4.391279160702874287e-03 -7.275866073294741387e-02 -3.234567909009584241e+00 4.932075198370961325e-03 9.999615208401161359e-01 7.254756155796508732e-03 -6.481700991093365394e-01 7.272399362180417826e-02 -7.594309595694825540e-03 9.973231905349394522e-01 5.300488189004784800e+01
9.972516378224338673e-01 -8.151624102132567704e-03 -7.363913856661774560e-02 -3.313063106726302554e+00 8.615640450859531063e-03 9.999449690578067207e-01 5.985783469951924327e-03 -6.707227453044507515e-01 7.358628240078766980e-02 -6.603781194101009111e-03 9.972669894588725992e-01 5.398282117060336560e+01
9.971848663471808427e-01 -8.572418023222054539e-03 -7.449064934836668872e-02 -3.375202749233947586e+00 9.122712847227317651e-03 9.999335321505284924e-01 7.050347461753220073e-03 -6.696975663977681181e-01 7.442524959766071146e-02 -7.710057169383292310e-03 9.971967891894569780e-01 5.491841426351663813e+01
9.971073017205234201e-01 -1.168320231259040859e-02 -7.510347877487572044e-02 -3.447876421361272037e+00 1.254058037353736853e-02 9.998613562787969089e-01 1.095454536849329620e-02 -6.848781692164365165e-01 7.496507190809870158e-02 -1.186469930210265131e-02 9.971155730503487025e-01 5.588367150712434039e+01
9.969947036377057037e-01 -1.395450392833851028e-02 -7.620258300177001898e-02 -3.521186970968509300e+00 1.522832808194265856e-02 9.997534312199310991e-01 1.616090266829567704e-02 -7.074786929385142864e-01 7.595826623228089935e-02 -1.727277366074991827e-02 9.969613794807373752e-01 5.684046490919796923e+01
9.969857791666142388e-01 -1.179622368353634536e-02 -7.668250234649526265e-02 -3.590384797390474780e+00 1.323004376114378725e-02 9.997465190160170767e-01 1.821712523133572209e-02 -6.918725833303609463e-01 7.644816122912273526e-02 -1.917672916826082541e-02 9.968891266279618080e-01 5.776416876019467139e+01
9.969175661831876090e-01 -1.281781028494691221e-02 -7.740200846513002608e-02 -3.695004684583149679e+00 1.401758191082094415e-02 9.997895736414594836e-01 1.497717692611314974e-02 -6.942755681703718373e-01 7.719373605482497680e-02 -1.601600101826241088e-02 9.968874630028506933e-01 5.872296064791130732e+01
9.968018487846556086e-01 -1.141478325062935707e-02 -7.909347606147525134e-02 -3.762142692365499030e+00 1.206457472979582252e-02 9.998972444419176320e-01 7.742518606552775337e-03 -6.994033523790368356e-01 7.899695898713454678e-02 -8.671986665290440377e-03 9.968371362188939155e-01 5.964591661395817823e+01
9.967807009356164372e-01 -9.110408135803247515e-03 -7.965698767188018892e-02 -3.825856247398927490e+00 9.330817398152850897e-03 9.999535983272049844e-01 2.395212143287459884e-03 -7.020100860696055767e-01 7.963145940843342763e-02 -3.130766241149673251e-03 9.968194560672029025e-01 6.057663787591003768e+01
9.966734643145442885e-01 -4.304141893788674192e-03 -8.138477072974600879e-02 -3.894952934040695425e+00 4.544132298163327567e-03 9.999858558740898351e-01 2.763859959979238917e-03 -7.141692277652356147e-01 8.137171265359274819e-02 -3.124489236378584500e-03 9.966789256954544651e-01 6.147432196920366465e+01
9.966963146859653122e-01 -1.567439544409764129e-03 -8.120345087699747111e-02 -4.001356180245447369e+00 2.010415389399636439e-03 9.999835408335870923e-01 5.373667541105966831e-03 -7.339196114951753724e-01 8.119368054686940117e-02 -5.519167685798633330e-03 9.966830609610595193e-01 6.236379573160482437e+01
9.965444979707139828e-01 3.557205504152106262e-03 -8.298440163898550270e-02 -4.053787840625787453e+00 -2.996812817085286323e-03 9.999718655998238726e-01 6.876563403220601473e-03 -7.611420633421384085e-01 8.300651714279440319e-02 -6.604113173170477087e-03 9.965271209236837846e-01 6.323877494170557867e+01
9.964794365704126022e-01 3.005087321144310833e-03 -8.378366799099602746e-02 -4.144618542811977946e+00 -2.388636783566011959e-03 9.999693439848125198e-01 7.456910194199376819e-03 -7.733690917004937271e-01 8.380349694688146722e-02 -7.230529435902945112e-03 9.964560663969516119e-01 6.410615899986613897e+01
9.963505468016004007e-01 4.002430176499235763e-03 -8.526177079591279462e-02 -4.238313762409998020e+00 -3.365045683530314483e-03 9.999653205450171889e-01 7.618016590551140998e-03 -7.771666402772221538e-01 8.528929310840681344e-02 -7.303305763975922842e-03 9.963294621186509215e-01 6.497849018479250560e+01
9.962233408315354088e-01 4.729134785644080463e-03 -8.669885594945316021e-02 -4.312054411812472843e+00 -4.043918608661422123e-03 9.999592009330128262e-01 8.077325773875970033e-03 -8.006758199542314269e-01 8.673350585080392972e-02 -7.696217903153257898e-03 9.962018199323595669e-01 6.581958017664830152e+01
9.960463732357864863e-01 4.181516487819703608e-03 -8.873634255000216464e-02 -4.392463702489465049e+00 -3.482625032126084388e-03 9.999616992965237872e-01 8.029400022840676304e-03 -7.965340786805122919e-01 8.876650705268318564e-02 -7.688619915007196583e-03 9.960227864573093504e-01 6.662525401118571722e+01
9.959750676478141829e-01 3.338594834678260820e-03 -8.956851920390898614e-02 -4.466570668226348850e+00 -2.570316128311924894e-03 9.999589246531868092e-01 8.691518077262703687e-03 -8.073325834097672127e-01 8.959384558927106779e-02 -8.426316506667514902e-03 9.959427387122675723e-01 6.743873180033810399e+01
9.958822095672985597e-01 4.110697448765544652e-03 -9.056339263629917258e-02 -4.550453833740537135e+00 -3.030098895456863339e-03 9.999226095214935883e-01 1.206621204211468651e-02 -8.050323468093849577e-01 9.060597228692277016e-02 -1.174211075476920031e-02 9.958175934197852630e-01 6.825938760128090621e+01
9.957368570813776021e-01 5.928336061062567525e-03 -9.204872393842958300e-02 -4.629549002224400134e+00 -4.554442050186449306e-03 9.998751833081708229e-01 1.512861066919910305e-02 -7.941385833075553791e-01 9.212690985234565921e-02 -1.464488577685542706e-02 9.956395725891361570e-01 6.904816678162949017e+01
9.955308900954067397e-01 1.283472320253068247e-02 -9.356023793513588982e-02 -4.710443860846099007e+00 -1.124266669769941746e-02 9.997832385861207261e-01 1.752364831619210306e-02 -8.103599944807458044e-01 9.376485628974637332e-02 -1.639346788703294894e-02 9.954593937457947295e-01 6.983851816436072113e+01
9.954055546965948631e-01 1.373898998248851422e-02 -9.475770812140152377e-02 -4.792580712700891254e+00 -1.238905946933361972e-02 9.998134257098253430e-01 1.481974805064146562e-02 -8.485951229862634948e-01 9.494362441330848890e-02 -1.357770166795840491e-02 9.953900505978796609e-01 7.056153768467451926e+01
9.952637650794606827e-01 1.350307382948101598e-02 -9.626892734029153520e-02 -4.857940283845739948e+00 -1.286894846734269564e-02 9.998912341252103042e-01 7.204861996764266516e-03 -8.493707990387852069e-01 9.635573144163668557e-02 -5.931858606370125908e-03 9.953292845416028545e-01 7.129129002923158964e+01
9.951601633398609037e-01 1.169075669862250019e-02 -9.756831958409332983e-02 -4.930088103240356290e+00 -1.156349307274651302e-02 9.999313925275988835e-01 1.869711144070842525e-03 -8.712742634489082372e-01 9.758347093712331499e-02 -7.324314283806690126e-04 9.952270737438811965e-01 7.199737004967806797e+01
9.951253414491394444e-01 1.291765588733195282e-02 -9.776855559626612679e-02 -5.005387479442251930e+00 -1.298806471334850755e-02 9.999156479924289354e-01 -8.375661080323257984e-05 -8.493008012173210997e-01 9.775921359368522356e-02 1.353172856276766214e-03 9.952091758264731691e-01 7.270525152215626008e+01
9.950252637432213110e-01 1.704659488747344714e-02 -9.815365327209958635e-02 -5.086452946752854309e+00 -1.672637832942365510e-02 9.998517620837829023e-01 4.084365627259838212e-03 -8.829977353233737780e-01 9.820871455577047382e-02 -2.422291948427001892e-03 9.951628909054003325e-01 7.339228060882997795e+01
9.948823708414141764e-01 1.605343666274089767e-02 -9.975648816875581915e-02 -5.166003561476351535e+00 -1.555653805285408912e-02 9.998624159722464544e-01 5.757011275373752693e-03 -9.158645095986792661e-01 9.983516971496829429e-02 -4.175683667387874477e-03 9.949952266486206121e-01 7.405442416347918311e+01
9.947829046149065935e-01 1.486292429179481012e-02 -1.009260509597563471e-01 -5.228454366188700853e+00 -1.460692696901359951e-02 9.998879496609717199e-01 3.275017695458911672e-03 -8.930165531307101556e-01 1.009634049813334100e-01 -1.783712209411497489e-03 9.948885403384735149e-01 7.466620838854221631e+01
9.948888084481454230e-01 7.750059167109845173e-03 -1.006786817031611742e-01 -5.266416355569482732e+00 -7.918345539316935106e-03 9.999678403557828998e-01 -1.272017220626404585e-03 -9.360521424385995770e-01 1.006655722203876613e-01 2.062724546701871428e-03 9.949181806688113250e-01 7.528525469880342769e+01
9.949703140671253276e-01 5.920801848058905061e-03 -9.999509860427459318e-02 -5.308144345562380906e+00 -6.549547331287708385e-03 9.999607861962288569e-01 -5.960659685712418367e-03 -9.464573936836118140e-01 9.995587214557284661e-02 6.585602698476378594e-03 9.949700759229725966e-01 7.588690606797449334e+01
9.953090227885621477e-01 4.233104655787892426e-03 -9.665418457212610059e-02 -5.401689905289258853e+00 -4.905982080070566201e-03 9.999653514234174700e-01 -6.725121670287637597e-03 -9.579421594540165064e-01 9.662235455843702636e-02 7.167758646655661078e-03 9.952953041444064786e-01 7.647598296819666075e+01
9.956628366351145676e-01 9.352989838171892056e-03 -9.256370051228753060e-02 -5.462946752060921618e+00 -9.830489262257484373e-03 9.999406151062526504e-01 -4.704008103235213754e-03 -9.612364122095135022e-01 9.251419470094668362e-02 5.593553058940978207e-03 9.956956536336024621e-01 7.703348570782085858e+01
9.960799431998859088e-01 1.005502893017675564e-02 -8.788426684866545990e-02 -5.499696607868421516e+00 -1.021168369953850096e-02 9.999469707345047809e-01 -1.333113426257314521e-03 -9.777173322323186033e-01 8.786619015102334340e-02 2.225334145659266585e-03 9.961298004519205662e-01 7.758762977443376485e+01
9.965250428350028722e-01 6.765710804275466839e-03 -8.301846321882765112e-02 -5.538763214269853741e+00 -6.556799378824459956e-03 9.999746151229482738e-01 2.788812573407851471e-03 -9.991619639613089632e-01 8.303521297922729361e-02 -2.234786268129261740e-03 9.965441074416481193e-01 7.814296161210538116e+01
9.971857219411174311e-01 2.761374206900995068e-03 -7.492003500883483158e-02 -5.560277311086947449e+00 -2.320518212326374077e-03 9.999794824079534239e-01 5.970758910686953420e-03 -1.017154987037161007e+00 7.493497528272104191e-02 -5.780102636122832864e-03 9.971716697804892116e-01 7.868964044551162829e+01
9.979593203494117049e-01 6.164589044629657441e-03 -6.355464915793357372e-02 -5.623775713088556394e+00 -5.801733003809558462e-03 9.999658097140715629e-01 5.892307553529029310e-03 -1.047137805749744466e+00 6.358879133834982600e-02 -5.511556527426676039e-03 9.979609650229634976e-01 7.915901484253443243e+01
9.987561109238880519e-01 9.418229042236388182e-03 -4.896456154673318323e-02 -5.643710552388594870e+00 -9.157694842118774964e-03 9.999427072615888479e-01 5.542453758205864549e-03 -1.032217412893293274e+00 4.901394976659247810e-02 -5.087157414216859734e-03 9.987851386309452018e-01 7.968155076486655730e+01
9.994347819623364826e-01 1.445994629465534309e-02 -3.034842332648809982e-02 -5.644399228772887689e+00 -1.427623772516561744e-02 9.998784857802998083e-01 6.261201961938223613e-03 -1.023287637390601246e+00 3.043526813497389114e-02 -5.824402150189009024e-03 9.995197699955188364e-01 8.017384796202767916e+01
9.998765969914881202e-01 1.319680287230373152e-02 -8.522632617626570151e-03 -5.659983617702198266e+00 -1.314220914980252820e-02 9.998929632575034310e-01 6.429954554494840546e-03 -1.038518014984098459e+00 8.606574079233951513e-03 -6.317155357278801675e-03 9.999430085749713149e-01 8.065912936359731589e+01
9.997986493607468050e-01 8.883246252956404979e-03 1.799301866266934252e-02 -5.627015238941143416e+00 -9.017865463356618608e-03 9.999318486639576786e-01 7.414587421109281387e-03 -1.052988034714141374e+00 -1.792592440354270206e-02 -7.575353739835777658e-03 9.998106196801345158e-01 8.113266777017653908e+01
9.988685553937761696e-01 7.531266725634271422e-03 4.695624894393051613e-02 -5.558355388237314010e+00 -7.951043272961548850e-03 9.999300243538612465e-01 8.759411504835029616e-03 -1.047557499622626676e+00 -4.688698740123166397e-02 -9.122852666735258020e-03 9.988585404052359173e-01 8.159062090860039973e+01
9.967965194070810275e-01 7.311826451135179997e-03 7.964444012260113448e-02 -5.517525321078374567e+00 -8.106794348963263300e-03 9.999204527640844775e-01 9.662712477686356133e-03 -1.050859809446895721e+00 -7.956744188682292329e-02 -1.027742017223019950e-02 9.967765025785121358e-01 8.202954445233159220e+01
9.930643713927175265e-01 6.882440663298954042e-03 1.173703027488595813e-01 -5.435038961451467365e+00 -8.179794169534617895e-03 9.999106218945280622e-01 1.057540414059084458e-02 -1.068413917064056307e+00 -1.172870121031253654e-01 -1.146212302711062045e-02 9.930319102920521779e-01 8.246509643990361837e+01
9.872435385709606992e-01 6.833168566580699599e-03 1.590707594914098355e-01 -5.375445634804457917e+00 -8.686068708251585765e-03 9.999022552350811388e-01 1.095591924211578375e-02 -1.071603163984925722e+00 -1.589803262071063650e-01 -1.219786117434304429e-02 9.872063942832134398e-01 8.288910844970276059e+01
9.789598161393504583e-01 6.398307950527700599e-03 2.039528017034603902e-01 -5.264241480620836633e+00 -8.759069269447855924e-03 9.999046630267165447e-01 1.067443407121744861e-02 -1.078657088863923974e+00 -2.038650318205994794e-01 -1.223627993226310100e-02 9.789225285953504496e-01 8.331913175474070954e+01
9.675270717235706641e-01 7.166266521425563446e-03 2.526658233798979580e-01 -5.118174917309110228e+00 -9.778281866172159817e-03 9.999109323328143617e-01 9.083643452446747354e-03 -1.078443306390871381e+00 -2.525781893594721828e-01 -1.125930976188283666e-02 9.675109704970732416e-01 8.375934213065059453e+01
9.522438217077379141e-01 7.409228186403524902e-03 3.052487828254136781e-01 -4.992510112125902566e+00 -1.010291315354214930e-02 9.999227114866794386e-01 7.245838051373630281e-03 -1.092637866489582610e+00 -3.051714636272834791e-01 -9.983707590775523638e-03 9.522450794521988282e-01 8.410389033085957067e+01
9.327413708608346399e-01 6.989870713178584355e-03 3.604784233570446639e-01 -4.762035843889841580e+00 -9.382750950782921609e-03 9.999440316451151389e-01 4.888510405305801498e-03 -1.079455009614884275e+00 -3.604240296039203928e-01 -7.941996198282532532e-03 9.327547516332844735e-01 8.450456581487314622e+01
9.086727381259519509e-01 7.136326935265023541e-03 4.174481412248783330e-01 -4.594000161247191905e+00 -9.326154809036773033e-03 9.999513701884654715e-01 3.206254021901139284e-03 -1.088588462018116321e+00 -4.174049039718144005e-01 -6.806622624402446434e-03 9.086951046808934285e-01 8.483387575848240658e+01
8.799843279628227766e-01 7.255755463417720014e-03 4.749473298777137087e-01 -4.350041655228202409e+00 -9.046875205623991154e-03 9.999579723777070051e-01 1.485764543712709933e-03 -1.086416136241948216e+00 -4.749165249652352316e-01 -5.604239730632234844e-03 8.800129869709278907e-01 8.515786333574359901e+01
8.469976322643423261e-01 5.711523533574267703e-03 5.315660134194907238e-01 -4.061940748846195604e+00 -6.676171762412828892e-03 9.999777084185865750e-01 -1.066526453585795592e-04 -1.107999511612459242e+00 -5.315547018689373848e-01 -3.458492373725956508e-03 8.470168832957751803e-01 8.549274248539973087e+01
8.103465338439892474e-01 5.652833524987407182e-03 5.859237030950200653e-01 -3.815676780753828101e+00 -5.906037207085967564e-03 9.999814649310272419e-01 -1.479357204230613912e-03 -1.121547618268148971e+00 -5.859211269786602783e-01 -2.261696098163716844e-03 8.103649007845659114e-01 8.573661940600881337e+01
7.707726932392877650e-01 4.738660415157986555e-03 6.370926573904410750e-01 -3.519339548642061555e+00 -5.101844132171389629e-03 9.999861847624585964e-01 -1.265485410181945922e-03 -1.133501202058593949e+00 -6.370897671117619065e-01 -2.274946814357729601e-03 7.707862217431893370e-01 8.605824412178701266e+01
7.284786934508244993e-01 3.732533900136513622e-03 6.850583358437282167e-01 -3.221281871128415464e+00 -5.092067438349640041e-03 9.999870347685265726e-01 -3.360535878383155706e-05 -1.126044306913387638e+00 -6.850494875116626137e-01 -3.463883616571364777e-03 7.284882559485262865e-01 8.626950057656752335e+01
6.833455139141734191e-01 2.908983664706429190e-03 7.300893897983551373e-01 -2.924711857848411256e+00 -5.000255666232029939e-03 9.999872566026632992e-01 6.957460682304773825e-04 -1.122044059787513426e+00 -7.300779642050173601e-01 -4.126069861447039140e-03 6.833513525807958233e-01 8.649164883084195310e+01
6.367636508792989813e-01 6.278866015726278921e-04 7.710588418494785934e-01 -2.585416244552343645e+00 -1.375826864620654719e-03 9.999990017440903989e-01 3.218835682376559523e-04 -1.138552917707679191e+00 -7.710577666769897753e-01 -1.265808373885653985e-03 6.367638803053426999e-01 8.672140699751797399e+01
5.903472833962466471e-01 -1.985530547531772633e-03 8.071469687875473253e-01 -2.278653904502639715e+00 2.677817060764251141e-03 9.999962889559641521e-01 5.013723954740692199e-04 -1.167431164431909307e+00 -8.071448607318916224e-01 1.865407119091628402e-03 5.903504107548227520e-01 8.687077845607392135e+01
5.433818906395962989e-01 -1.604641514469009461e-04 8.394856692747496574e-01 -1.917447612150056990e+00 1.497402718802153324e-03 9.999985761780552096e-01 -7.780922537523630653e-04 -1.168297482804202314e+00 -8.394842366170562897e-01 1.679848301661819934e-03 5.433813585679014846e-01 8.706794705405933144e+01
4.964615757060337753e-01 1.624025733747333153e-03 8.680572370032805241e-01 -1.607801019789758090e+00 -4.146963238941710206e-04 9.999985795282395618e-01 -1.633696493988224044e-03 -1.167891600465309931e+00 -8.680585407631056238e-01 4.510861576581849663e-04 4.964615453465411887e-01 8.717292576861298414e+01
4.506463709526730144e-01 3.286019513703756015e-03 8.926965646932738530e-01 -1.260745652571243491e+00 -1.411536088605913966e-03 9.999945980080492403e-01 -2.968418947140932102e-03 -1.173488714075674899e+00 -8.927013769779179597e-01 7.763247938795099848e-05 4.506485763122473065e-01 8.733608916348414652e+01
4.080705556904818954e-01 1.547213295363718266e-03 9.129491436241158331e-01 -8.729973123264148649e-01 5.077699212253973700e-03 9.999792502727548049e-01 -3.964339671069019681e-03 -1.168669899213542696e+00 -9.129362114878074586e-01 6.253410554495450469e-03 4.080542335055924452e-01 8.747822220393881310e+01
3.687575761945345310e-01 -5.650554880407747047e-03 9.295084918859538581e-01 -5.345136454717269725e-01 1.825946269951244857e-02 9.998326023260621920e-01 -1.165892778074438182e-03 -1.204948470223934365e+00 -9.293461818193256008e-01 1.740225739946683198e-02 3.687990246159605356e-01 8.752883117883915531e+01
3.332473951241886612e-01 -9.333296970042618754e-03 9.427932869151117723e-01 -1.674023927105101062e-01 2.423858394174603637e-02 9.997053187643676342e-01 1.329135615962893056e-03 -1.198965245761083986e+00 -9.425277423104225782e-01 2.240904357108287198e-02 3.333754207813201531e-01 8.760367908631366163e+01
2.994030261006931926e-01 -6.498980208434593925e-03 9.541046655258318410e-01 2.113379445016510538e-01 2.126361776522444486e-02 9.997738942452554234e-01 1.374253475903437077e-04 -1.219807889004744794e+00 -9.538897022395605996e-01 2.024657146062054658e-02 2.994735227106953834e-01 8.771491632574668529e+01
2.687261423713465103e-01 1.402334302776201552e-03 9.632156652687378084e-01 5.674710739464022824e-01 1.150595087425630714e-02 9.999229187010436615e-01 -4.665804522950274189e-03 -1.212929343354664180e+00 -9.631478332727902991e-01 1.233653520620743398e-02 2.686892949592358804e-01 8.780559778925939440e+01
2.401312222900947591e-01 5.763622948996753939e-03 9.707233914406838693e-01 9.663402882331174615e-01 5.793618989146038026e-03 9.999560547832220259e-01 -7.370377567882892625e-03 -1.214769051005554878e+00 -9.707230827524478967e-01 7.393858241617757600e-03 2.400872789834098409e-01 8.789017433377399868e+01
2.138456532438345048e-01 7.438450186616742121e-03 9.768392056264304513e-01 1.343319775997039445e+00 6.632341268043564705e-03 9.999369054942340851e-01 -9.066259298335909919e-03 -1.225733848393004255e+00 -9.768448804213910597e-01 8.417510165141410539e-03 2.137828279775387530e-01 8.798967892903576171e+01
1.910193393607663437e-01 8.113167194556202000e-03 9.815528092692047402e-01 1.763965960160962076e+00 1.402502478458444307e-02 9.998412056274348370e-01 -1.099373277742687199e-02 -1.240541395386091317e+00 -9.814860066410400208e-01 1.586631768039555371e-02 1.908752207699489500e-01 8.800225168986246160e+01
1.702215806773841600e-01 1.394556011694403352e-02 9.853071930938194223e-01 2.142683399879668382e+00 2.092308362096676269e-02 9.996232818094678008e-01 -1.776285220990118235e-02 -1.256077985508626371e+00 -9.851835908205823777e-01 2.363928582162663772e-02 1.698656725876318274e-01 8.806881072364973306e+01
1.504841384208730204e-01 2.046881921941669583e-02 9.884005677720412164e-01 2.551729980796082042e+00 2.294530131511838406e-02 9.994440010789417128e-01 -2.419094225533693909e-02 -1.238496681343316919e+00 -9.883460456684460826e-01 2.631950240027330912e-02 1.499308077882474666e-01 8.812408595075341111e+01
1.327153158925532539e-01 2.206875655337934422e-02 9.909085459670706753e-01 3.004787663331622838e+00 2.075764571907500605e-02 9.994709296848678370e-01 -2.503958272388232334e-02 -1.264407406033123626e+00 -9.909367453003702364e-01 2.389206490073831485e-02 1.321870063415460095e-01 8.816601249677032115e+01
1.167587398770704721e-01 1.815063192147046978e-02 9.929945031661695509e-01 3.456345158990950406e+00 2.027917992019193094e-02 9.995809647658928654e-01 -2.065549833973069627e-02 -1.278360102985665048e+00 -9.929531807347669048e-01 2.254882424907236893e-02 1.163417355313347001e-01 8.822892570702613568e+01
1.022451368610042266e-01 1.481858194174414181e-02 9.946489200439218026e-01 3.912177113617830493e+00 1.971650641783993796e-02 9.996624288507548473e-01 -1.692003586560583694e-02 -1.302848155494342075e+00 -9.945637528927090409e-01 2.134099318297289632e-02 1.019184527949424518e-01 8.826413339003781289e+01
8.955267497935290311e-02 1.202280113076370852e-02 9.959095860155704472e-01 4.408080280923446281e+00 2.331332739819853145e-02 9.996278651545941196e-01 -1.416403375981327775e-02 -1.292416134880789658e+00 -9.957091312539765315e-01 2.448639357582738096e-02 8.923905942002441360e-02 8.829031858347747175e+01
