1.000000000000000000e+00 0.000000000000000000e+00 0.000000000000000000e+00 0.000000000000000000e+00 0.000000000000000000e+00 1.000000000000000000e+00 0.000000000000000000e+00 0.000000000000000000e+00 0.000000000000000000e+00 0.000000000000000000e+00 1.000000000000000000e+00 0.000000000000000000e+00
9.999999993940619225e-01 3.459733390902064643e-05 -3.860126603031525450e-06 2.995609462532345529e-03 -3.459764208981698557e-05 9.999999962122538832e-01 -7.986548368212264225e-05 -4.135472558386359132e-03 3.857363455603589542e-06 7.986561718500774000e-05 9.999999968033019826e-01 -3.136188243211885350e-03
9.999999995295134614e-01 1.720961817280333177e-05 -2.539295413354646010e-05 1.282443129461146962e-03 -1.721011662312160390e-05 9.999999996592495721e-01 -1.962938548647719266e-05 -4.226822963672743037e-03 2.539261631066460902e-05 1.962982249294387797e-05 9.999999994849425589e-01 -7.549197413923942543e-04
9.999999976111005884e-01 -6.380751847514608396e-05 2.657817445036204240e-05 8.542994225212213397e-04 6.380794205421032306e-05 9.999999978372863252e-01 -1.593655846007587689e-05 -2.011822441116204244e-03 -2.657715752063268650e-05 1.593825432062027697e-05 9.999999995198133318e-01 4.690299108453519807e-04
9.999999953287287413e-01 -8.911266615368998640e-05 3.743628290279755457e-05 1.240488910868123643e-03 8.911236074071518238e-05 9.999999959962024842e-01 8.159796594243726454e-06 -5.361824870934870290e-04 -3.743700989414004644e-05 -8.156460520580277392e-06 9.999999992659712733e-01 -2.393996046283932268e-04
9.999999966870583012e-01 -8.139863846326441711e-05 3.807929158446626281e-07 4.857191955449864152e-04 8.139864633555938254e-05 9.999999964724856083e-01 -2.071929530594511534e-05 -4.053206874300691151e-04 -3.791063920735878395e-07 2.071932623333118116e-05 9.999999997852828670e-01 1.694922879454089596e-03
9.999999936900265674e-01 -1.060586055419110408e-04 3.703402413225482701e-05 -7.846678778109695759e-03 1.060586587451286156e-04 9.999999943747512887e-01 -1.434642805944872821e-06 1.803995247925078331e-03 -3.703387176771378555e-05 1.438570575819716735e-06 9.999999993132113740e-01 -9.384219950123863334e-04
9.999999914564912107e-01 -1.307171930673352604e-04 1.817878445814968032e-07 -1.402424642270647115e-02 1.307171982675977900e-04 9.999999910387104007e-01 -2.890662798093727816e-05 5.576952764563801630e-03 -1.780092496817334809e-07 2.890665149677096765e-05 9.999999995821868826e-01 -1.857611316726403465e-03
9.999999943573991690e-01 -1.056905609257047419e-04 -1.071013266903021196e-05 -1.988107607158529078e-02 1.056904453897782671e-04 9.999999943565794913e-01 -1.078752642592295091e-05 7.912000783364559614e-03 1.071127274830738495e-05 1.078639440636127057e-05 9.999999998844611993e-01 -2.161518131131674389e-03
9.999999797283348757e-01 -7.685071785209044457e-05 -1.861109804020664343e-04 -2.203454934320223102e-02 7.683844122108420330e-05 9.999999948718876208e-01 -6.597028570663729711e-05 1.066275498228136734e-02 1.861160493114819047e-04 6.595598389168153474e-05 9.999999805053120250e-01 -3.706415043714338803e-03
9.999996889955444779e-01 -1.625441537587438904e-04 -7.717436182494878194e-04 -6.326205614600777065e-03 1.623460426892805574e-04 9.999999538586425984e-01 -2.567615139436185017e-04 2.169386246732666473e-02 7.717853177231914904e-04 2.566361445672501258e-04 9.999996692426016409e-01 4.985979310554551017e-04
9.999984311107265045e-01 -1.840419507314218614e-04 -1.761790182134133137e-03 1.812660928030103077e-02 1.827122634557508624e-04 9.999996983954807517e-01 -7.548676548340174089e-04 2.644481594161058463e-02 1.761928578085991898e-03 7.545445698583390154e-04 9.999981631334018406e-01 3.184646476952491135e-03
9.999960697441792057e-01 -6.963029026825852169e-05 -2.802792860229856662e-03 4.718771473361662444e-02 6.569989182202296419e-05 9.999990145027457533e-01 -1.402382637308274707e-03 1.205325617988500103e-02 2.802887746395291927e-03 1.402192982398034688e-03 9.999950888255008108e-01 1.121496206947486529e-02
9.999757281473978798e-01 -3.879645573571181686e-04 -6.956478964504393334e-03 1.073369463231088478e-01 3.759431581066516336e-04 9.999984340736366439e-01 -1.729311139276265737e-03 1.430703571639683688e-02 6.957138982601269311e-03 1.726653925019971947e-03 9.999743081116634347e-01 2.657548991811809272e-02
9.999495666149940121e-01 -7.168473163195880930e-04 -1.001750250365692277e-02 1.823143720051021710e-01 7.061436395086861375e-04 9.999991760950117659e-01 -1.071993683749318700e-03 1.709132582106845377e-02 1.001826270598194651e-02 1.064865823802422454e-03 9.999492489487310509e-01 1.311857265158545074e-02
9.999513075311361465e-01 -1.191226428007233261e-03 -9.796098527904634548e-03 2.644263764552092222e-01 1.193921492370133295e-03 9.999992510215698349e-01 2.692726673984325051e-04 1.688617372261035088e-02 9.795770426120392962e-03 -2.809553284213000797e-04 9.999519808200102444e-01 -5.411109217451776088e-03
9.999332329750436621e-01 -1.805683534696980903e-03 -1.141354892439875278e-02 3.931163710628353680e-01 1.811879598755098200e-03 9.999982167386626264e-01 5.325521705497510182e-04 9.638968373840850132e-03 1.141256695037250364e-02 -5.531965900712007165e-04 9.999347215139275935e-01 -4.079011137819741478e-02
9.999106195168641076e-01 -2.366371567882878234e-03 -1.315877133336281965e-02 5.544656213188025040e-01 2.373973680775134324e-03 9.999970241237942092e-01 5.621321185060330211e-04 1.539103491403967516e-02 1.315740196102568524e-02 -5.933204516824365071e-04 9.999132616104646765e-01 -3.491738295291744315e-02
9.999028438998790458e-01 -2.537700456165334611e-03 -1.370630648018833844e-02 7.156693809838156062e-01 2.532139631407824987e-03 9.999967046426840867e-01 -4.230516038494148328e-04 1.539250247573334049e-02 1.370733489125907506e-02 3.883042199667281150e-04 9.999059746746249422e-01 -7.320067473779833488e-03
9.999048496318934109e-01 -2.872764225560809487e-03 -1.349217952463354665e-02 8.626577358927927097e-01 2.858590406493850995e-03 9.999953421024815325e-01 -1.069688846690411638e-03 1.543728847813387317e-02 1.349518964329527414e-02 1.031018450451079297e-03 9.999084042338309830e-01 1.799180779369427552e-02
9.999056411697571090e-01 -3.318765120287519525e-03 -1.333021211284069960e-02 1.009514093270141855e+00 3.305903703867804546e-03 9.999940486434037989e-01 -9.867514755258364936e-04 2.434370989869718074e-02 1.333340757637428015e-02 9.425899692136818298e-04 9.999106618926274503e-01 1.823548605749995485e-02
9.998998479213908608e-01 -3.664166846677505834e-03 -1.366996737739650976e-02 1.186365247735741590e+00 3.663042395625883650e-03 9.999932852816352247e-01 -1.072942219003036532e-04 2.567962841985093475e-02 1.367026873134624156e-02 5.720980611073140976e-05 9.999065558740231063e-01 4.227215739048661124e-03
9.998886355168868922e-01 -3.901912639567208223e-03 -1.440457017516442485e-02 1.417617602218791184e+00 3.912980030764939138e-03 9.999920702986420107e-01 7.402209903848924613e-04 1.857198585780110017e-02 1.440156767358628971e-02 -7.965033515040794787e-04 9.998959748048564800e-01 3.622187520600542512e-03
9.998848759894922722e-01 -3.568025828139777082e-03 -1.474801543148865877e-02 1.654975000648458705e+00 3.592015977483233730e-03 9.999922678793139452e-01 1.600500797838673309e-03 1.869649490776543327e-02 1.474219076986881503e-02 -1.653291648834082040e-03 9.998899611647417141e-01 2.292634357958807378e-02
9.998860141130341272e-01 -3.539129643295086704e-03 -1.467764771744122822e-02 1.888022493449159178e+00 3.573852237223754287e-03 9.999908756580191405e-01 2.340124119472340291e-03 3.070025750426107550e-02 1.466923179092376704e-02 -2.392313122481131652e-03 9.998895391374930108e-01 2.262116606263206084e-02
9.998797256374920561e-01 -4.306429380270726005e-03 -1.489929277135159345e-02 2.139377024040675312e+00 4.338049781803647066e-03 9.999884052744034690e-01 2.090607769500554824e-03 3.686186795647033304e-02 1.489011696341912931e-02 -2.154990196739614040e-03 9.998868138114771487e-01 1.887508703351136255e-02
9.998638021153185562e-01 -4.828437004856037974e-03 -1.578174310997516178e-02 2.390971115669934921e+00 4.848156044652899600e-03 9.999875137905246403e-01 1.211464408058355972e-03 3.861200198976261211e-02 1.577569657624686844e-02 -1.287811762422396734e-03 9.998747266224897734e-01 2.662823966142123522e-02
9.998445529219583960e-01 -4.236707278334979343e-03 -1.711491465730687403e-02 2.659470158975356213e+00 4.257059047685031808e-03 9.999902741251824878e-01 1.152867428190369140e-03 4.037583460952930137e-02 1.710986383796543261e-02 -1.225547420609532888e-03 9.998528644720512393e-01 3.461494900456471568e-02
9.998329386234688920e-01 -3.640316206806961524e-03 -1.791208925483209549e-02 2.995216665169758929e+00 3.673371496913466032e-03 9.999916099005732306e-01 1.812862461808032941e-03 3.691375711977794988e-02 1.790533957802187617e-02 -1.878357360628571913e-03 9.998379221594975164e-01 4.168068386605254527e-02
9.998697762580166515e-01 -3.110974246920584965e-03 -1.583516229720441371e-02 3.314720487756082523e+00 3.154065212364912715e-03 9.999913890650929948e-01 2.696973915713576659e-03 2.657133056792995718e-02 1.582663572525622869e-02 -2.746567840212005545e-03 9.998709786601065463e-01 4.236864580232414801e-02
9.999084327714156117e-01 -1.432788339282585260e-03 -1.345634386399957236e-02 3.620044942279352806e+00 1.461980325747650302e-03 9.999965989364099084e-01 2.159798402625402302e-03 1.646951137863417181e-02 1.345320356415192001e-02 -2.179273545857035154e-03 9.999071267276145036e-01 4.258830741525725105e-02
9.999141092971962630e-01 3.955078758830860778e-04 -1.310029014620925532e-02 3.965482013624232582e+00 -3.718704773816138421e-04 9.999982987210271901e-01 1.806728368969944074e-03 2.087265528677212378e-02 1.310098243426060204e-02 -1.801701576650049496e-03 9.999125552420501384e-01 5.881374425009532753e-02
9.999102010236452509e-01 1.655280019045053371e-03 -1.329849378357741627e-02 4.311446955956859561e+00 -1.617389407826617638e-03 9.999946036677904715e-01 2.859490654325317575e-03 3.785040426719567253e-02 1.330315527823182353e-02 -2.837725032006057236e-03 9.999074824083905577e-01 7.505841116027198168e-02
9.999108873962869737e-01 3.261267595650851111e-03 -1.294532348145552465e-02 4.660428140725649371e+00 -3.205490983666178535e-03 9.999855006567487381e-01 4.327043312153991926e-03 3.908106300365283420e-02 1.295924742890577387e-02 -4.285161600357619525e-03 9.999068433089830510e-01 6.496459272382354433e-02
9.999109417029090618e-01 5.187075854218109634e-03 -1.229645911977454362e-02 5.022675313548330855e+00 -5.128695445733276632e-03 9.999754498698487648e-01 4.774530408171683005e-03 2.963840227963556936e-02 1.232092309149820930e-02 -4.711040402737889585e-03 9.999129966914607204e-01 5.076063888378493094e-02
9.999022044689426236e-01 6.960996396386138867e-03 -1.212955181852482141e-02 5.400134143605304082e+00 -6.910540534979833609e-03 9.999673155093462551e-01 4.196706154337493007e-03 1.910516091748721765e-02 1.215836862671880979e-02 -4.112473975717384662e-03 9.999176274224471639e-01 5.538750147448615047e-02
9.998834723150609172e-01 8.133389299986519549e-03 -1.291858233985613419e-02 5.791141086157812090e+00 -8.106159649071846551e-03 9.999648143555827096e-01 2.158755787194174044e-03 1.061533211394217850e-02 1.293568579243239633e-02 -2.053784141493389826e-03 9.999142213228990883e-01 7.947101761628475036e-02
9.998800896327547649e-01 9.015398697791299557e-03 -1.259082770568276458e-02 6.180081618738158866e+00 -9.012114922994899149e-03 9.999593396558982272e-01 3.175209514941873231e-04 5.746274798888234212e-03 1.259317833626834651e-02 -2.040128911810443495e-04 9.999206819733909013e-01 8.929958339392089772e-02
9.999034177948076252e-01 8.593587774683086530e-03 -1.092269799185540714e-02 6.603791930617231465e+00 -8.625213965483316189e-03 9.999587360257174984e-01 -2.851653888383838282e-03 -2.830570419327096184e-03 1.089774133993353343e-02 2.945589076622960340e-03 9.999362793391785020e-01 8.847082104296173644e-02
9.999373415703997070e-01 5.355015223353834855e-03 -9.830399029509702055e-03 7.042185660624940446e+00 -5.430086649156198181e-03 9.999561787822481840e-01 -7.625921202533321626e-03 -1.499625754720275948e-02 9.789131325321579966e-03 7.678823292812535055e-03 9.999226012950869213e-01 8.886485054152466756e-02
9.999595380929439115e-01 -9.747114267649041900e-04 -8.942712931813284749e-03 7.463082234350486566e+00 8.677680347528035978e-04 9.999281621032625189e-01 -1.195481540758423257e-02 -5.716901011982659583e-03 8.953723001307773571e-03 1.194657149252814111e-02 9.998885489263239501e-01 1.358725089187394763e-01
9.999044632828629764e-01 -1.063812510379780543e-02 -8.825791822021172850e-03 7.873232030567705486e+00 1.052968966075227067e-02 9.998696086177020215e-01 -1.224301426657794373e-02 1.202052222419200053e-02 8.954883732241063210e-03 1.214891176029076619e-02 9.998861005136449043e-01 1.660179242182192039e-01
9.997096165917216393e-01 -2.235698790551007495e-02 -8.991528558920113684e-03 8.290357701639646137e+00 2.226634138553014799e-02 9.997014771802362754e-01 -1.005815912364037626e-02 3.405566665202486992e-02 9.213714524339642470e-03 9.855029956642386360e-03 9.999089887830879819e-01 1.454843783804765645e-01
9.993382410142015448e-01 -3.510630275914583542e-02 -9.519850483316650430e-03 8.738014561266734148e+00 3.501286062784023101e-02 9.993387059946825524e-01 -9.810723292847562532e-03 4.885982710981800342e-02 9.857973285465424645e-03 9.470913760381095836e-03 9.999065567117991771e-01 9.854286598155220789e-02
9.987387802124219061e-01 -4.932875559584770642e-02 -9.355360557922354214e-03 9.199084075891766688e+00 4.921187151129903514e-02 9.987121574658263112e-01 -1.233767532033201546e-02 6.382559855381919611e-02 9.951914497170911283e-03 1.186171999836694614e-02 9.998801223129307747e-01 1.079135037062938229e-01
9.977384449224749874e-01 -6.667571058659316208e-02 -8.505594714905660714e-03 9.663979507949537862e+00 6.653460816863812632e-02 9.976571871196514563e-01 -1.591486425800136412e-02 9.990775404098178880e-02 9.546802581343971292e-03 1.531295550433307145e-02 9.998371727207361337e-01 1.490953313764422639e-01
9.961144838956823566e-01 -8.776696672675488031e-02 -7.272862216700749956e-03 1.010278022649780638e+01 8.763115388292433416e-02 9.960034298002520270e-01 -1.726119043639993966e-02 1.633807476479719190e-01 8.758758038994304482e-03 1.655679249489860200e-02 9.998245630008772977e-01 1.907954717478977102e-01
9.937384076962452184e-01 -1.115497299772449102e-01 -6.374544009958249720e-03 1.055477241348374484e+01 1.114426962448600289e-01 9.936543779395555775e-01 -1.521521131074539922e-02 2.403895573184632595e-01 8.031346276123757510e-03 1.440954348890076224e-02 9.998639220081072532e-01 1.854962112519326078e-01
9.906359919547487181e-01 -1.363731053802495208e-01 -6.535103119176982958e-03 1.103018959979319114e+01 1.362830205957524521e-01 9.905888862045074683e-01 -1.267268027731738821e-02 3.126856685178734385e-01 8.201813282965942850e-03 1.166338960425952927e-02 9.998983426337952896e-01 1.568600807686967302e-01
9.867464603992454064e-01 -1.622078250132912292e-01 -4.477096605820711159e-03 1.150790741863527167e+01 1.621593299948886902e-01 9.867175062812323372e-01 -9.639216449231734207e-03 4.104969787629844657e-01 5.981185933337801117e-03 8.785459726379320211e-03 9.999435189610595964e-01 1.610838980722037739e-01
9.821127777394315084e-01 -1.882926505175165077e-01 -6.079161343301246181e-04 1.198633626009244679e+01 1.882859233089804463e-01 9.820966663976534727e-01 -5.877834150510710849e-03 5.293542881577927295e-01 1.703785380477000145e-03 5.658233974002992335e-03 9.999825405994210437e-01 1.587698399078821265e-01
9.768449037968786053e-01 -2.139068189400609998e-01 4.231635264395247967e-03 1.247290025079560749e+01 2.139268560149926446e-01 9.768366715853542548e-01 -5.041559440036987895e-03 6.407023382484371421e-01 -3.055192564719518521e-03 5.830082074103422503e-03 9.999783377360740300e-01 1.405345070630041326e-01
9.710436801877593282e-01 -2.388317373958086798e-01 5.794167749724901326e-03 1.294714601757532257e+01 2.388597854048405134e-01 9.710424426837114265e-01 -4.751570603963565891e-03 7.804635880012675830e-01 -4.491556942308580838e-03 5.997976271243691919e-03 9.999719247043307169e-01 1.728259302570533396e-01
9.646311129220295211e-01 -2.635602192587905845e-01 4.777740790899060591e-03 1.344493750007523047e+01 2.635757839014800652e-01 9.646340952084920817e-01 -2.978003024558869161e-03 9.437162497056404975e-01 -3.823888534863543326e-03 4.131971146104689886e-03 9.999841522198842370e-01 1.981312439346379350e-01
9.569464284053518233e-01 -2.902521059919480062e-01 2.692235034274582158e-03 1.394047790383140573e+01 2.902579791656947905e-01 9.569460725705671855e-01 -2.125963878747310406e-03 1.108270549549110084e+00 -1.959258249416730505e-03 2.815876241173652806e-03 9.999941160567428211e-01 1.670993164361122552e-01
9.476553210934829385e-01 -3.192933020768131125e-01 1.086117899992967029e-03 1.441533753363369641e+01 3.192949831583652975e-01 9.476458744628570852e-01 -4.243859496520932875e-03 1.281665508879660464e+00 3.257807650856126089e-04 4.368508030437424396e-03 9.999904049562081676e-01 1.368629183991258991e-01
9.367662886141379097e-01 -3.499555802369819224e-01 -1.112523760579070076e-04 1.487987668613251202e+01 3.499426574570602133e-01 9.367343359130266833e-01 -8.301831934681085101e-03 1.462901539768604708e+00 3.009486332336574078e-03 7.737944338023412284e-03 9.999655330107318774e-01 1.731075459595617927e-01
9.241613208532917234e-01 -3.820020004031452476e-01 5.698479576814472272e-04 1.534029723876996343e+01 3.819868789638357631e-01 9.241092235722887516e-01 -1.040034653700489843e-02 1.686450038667338891e+00 3.446351428294536397e-03 9.829272435809053785e-03 9.999457525612153175e-01 2.284803342314130348e-01
9.098574925887327192e-01 -4.149044938610738642e-01 3.688380949735620661e-03 1.580950306422717944e+01 4.149205208134144618e-01 9.098325621699137056e-01 -6.757974789471059632e-03 1.925324365560275419e+00 -5.518949802052733247e-04 7.679178941548585671e-03 9.999703623721627466e-01 2.385678420059844651e-01
8.940721801928904755e-01 -4.478881819533926945e-01 5.577909251329043333e-03 1.628306684793750492e+01 4.479083687642467226e-01 8.940741780266210359e-01 -3.075284860520227301e-03 2.178318827904655031e+00 -3.609680883821902043e-03 5.247918873837302718e-03 9.999797145699559353e-01 1.599625152165791708e-01
8.768783928687995388e-01 -4.806861595603925674e-01 5.010002685849434916e-03 1.674291827194534577e+01 4.807053289667197471e-01 8.768741087701668047e-01 -3.766174653885302412e-03 2.445357870737222772e+00 -2.582793609480549257e-03 5.710812166987552264e-03 9.999803577078723027e-01 1.434441234020513434e-01
8.585874274381650739e-01 -5.126442906726410564e-01 4.843623215983981593e-03 1.717139175516272331e+01 5.126662601257304663e-01 8.585654008332724851e-01 -6.225610066419145702e-03 2.727723794718665218e+00 -9.670438514127342646e-04 7.828392730756628809e-03 9.999688900628070920e-01 1.911666217470558427e-01
8.393982399931242400e-01 -5.434886905400938550e-01 5.535155956231251236e-03 1.759869936218591135e+01 5.435166853384886254e-01 8.393629501005852589e-01 -7.710431706783140056e-03 3.035258504012071423e+00 -4.554724008707017649e-04 9.480572422423349382e-03 9.999549546311750081e-01 2.432694810493118420e-01
8.188489501836996309e-01 -5.739851014755250613e-01 5.244050646603650931e-03 1.802486430368468007e+01 5.740090546872005373e-01 8.188140776849515134e-01 -7.557203321894553731e-03 3.368157590922625122e+00 4.381962205687899752e-05 9.198340560846885589e-03 9.999576934104599246e-01 2.406644657993073366e-01
7.968461660032010174e-01 -6.041463743955716170e-01 6.583770248488918751e-03 1.846369968156667696e+01 6.041807712454679846e-01 7.968209934775520864e-01 -6.473021757927218192e-03 3.708318871216129242e+00 -1.335433723793513425e-03 9.135789956694605543e-03 9.999573760709186132e-01 1.877067964802428268e-01
7.746398110117296287e-01 -6.322949497478491665e-01 1.167303384200659398e-02 1.887593579471395344e+01 6.323676966511915243e-01 7.746591576696779669e-01 -3.779638947233919868e-03 4.051663135214380596e+00 -6.652775945292187937e-03 1.030950832337897138e-02 9.999247244719734473e-01 1.787079873946538777e-01
7.529339226965261478e-01 -6.578874193135346715e-01 1.657261481477342868e-02 1.928413303759928610e+01 6.580170409929342323e-01 7.529950824506197460e-01 -3.461151266191191903e-03 4.428754444610199847e+00 -1.020204958450438015e-02 1.351108116183225710e-02 9.998566741639092204e-01 1.910874089802368780e-01
7.308425412863688297e-01 -6.823280635437121155e-01 1.725089988290935683e-02 1.968257537703237148e+01 6.824624572480997298e-01 7.309152111053923706e-01 -2.819329999320642922e-03 4.851961221513639622e+00 -1.068523715074753272e-02 1.383357782525966757e-02 9.998472172445072026e-01 2.583863901318251832e-01
7.087355041583774939e-01 -7.053506360526974328e-01 1.320853381059628427e-02 2.006799720121897579e+01 7.054164539835573455e-01 7.087929245854790450e-01 -4.653029412880733224e-04 5.264983953647278447e+00 -9.033913583503989236e-03 9.647293797672935878e-03 9.999126552493208253e-01 2.526673738534938041e-01
6.871238684220579707e-01 -7.264928833313568646e-01 8.299392363162754263e-03 2.043386481452613523e+01 7.265036524149666164e-01 6.871591043152637246e-01 2.192802854255649497e-03 5.673524579813286728e+00 -7.296058690797275516e-03 4.522811684759550990e-03 9.999631551722516498e-01 2.050976184135198666e-01
6.667601781053833498e-01 -7.452637838672224735e-01 3.571743102116885313e-03 2.079527905233736362e+01 7.452392016810247544e-01 6.667680675562066561e-01 6.235091434036441234e-03 6.103802055567919105e+00 -7.028312080893790031e-03 -1.495507697030194500e-03 9.999741828097471474e-01 1.600933100628011696e-01
6.478239758548195448e-01 -7.617846668251494480e-01 2.866652708369659287e-03 2.116587168852698042e+01 7.617176276845564198e-01 6.478096841426295160e-01 1.135203971267548760e-02 6.568949428691523096e+00 -1.050485517586192616e-02 -5.170543600312395814e-03 9.999314543990560633e-01 1.649806481056455831e-01
6.296385788301684938e-01 -7.768837438185804967e-01 2.628429027347533795e-03 2.151756738927864276e+01 7.767182054376344791e-01 6.295679806753378127e-01 1.878794959856357194e-02 7.054070464449202049e+00 -1.625082737790249643e-02 -9.788069207130834989e-03 9.998200359618375499e-01 2.127555378255894525e-01
6.120796815293366722e-01 -7.907932326977795690e-01 2.127575695854558475e-03 2.186404722634487996e+01 7.905036328003822721e-01 6.119242643299142026e-01 2.554801858641565435e-02 7.529066175829394858e+00 -2.150511539946659348e-02 -1.395556676344803480e-02 9.996713320726801077e-01 2.032639474937692203e-01
5.938691916747955712e-01 -8.045533161176305903e-01 3.653040329526241990e-03 2.221918140242830830e+01 8.040882958877402231e-01 5.936694268959690213e-01 3.160101241039370984e-02 8.017422556982237936e+00 -2.759339768631435472e-02 -1.582950072288775989e-02 9.994938875806039791e-01 1.464474051475851690e-01
5.749145692108359462e-01 -8.181568981418552156e-01 9.619154433575478891e-03 2.256585537087301674e+01 8.175591361999958728e-01 5.748851866593749360e-01 3.322771396789329229e-02 8.525259993943583581e+00 -3.271539278436776804e-02 -1.123886927202391063e-02 9.994015163548887193e-01 9.758831107768660418e-02
5.552144470888158434e-01 -8.315715988368063138e-01 1.501977868872545960e-02 2.289858215936846264e+01 8.308950444363297771e-01 5.553797028703932881e-01 3.415861195574824288e-02 9.048541044421176238e+00 -3.674701178341101271e-02 -6.485495169339792164e-03 9.993035552210340899e-01 1.739938988333275816e-01
5.350848778826784446e-01 -8.447026847216010381e-01 1.271014891330313028e-02 2.320017567500539357e+01 8.439617155880634325e-01 5.351638875327887623e-01 3.644497362388022382e-02 9.583565697304258890e+00 -3.758717976826353446e-02 -8.774275178720326515e-03 9.992548303671873189e-01 1.974992743521680749e-01
5.138552759506870293e-01 -8.578414144284702836e-01 7.801478642215448067e-03 2.350117419999784474e+01 8.571805323831280798e-01 5.137832762713613333e-01 3.561291798270942860e-02 1.011956295201223810e+01 -3.455850519077106886e-02 -1.161261018150449784e-02 9.993352075273600477e-01 1.048714035632894032e-01
4.918170632162608968e-01 -8.706767403443634867e-01 6.163615225367857949e-03 2.380400783277152854e+01 8.700573289396119625e-01 4.917141779819952929e-01 3.489142487716065388e-02 1.065890007713241339e+01 -3.340988907195552998e-02 -1.179749951492085371e-02 9.993721020307676506e-01 2.711253357654053175e-02
4.692284376150213099e-01 -8.830351981900366187e-01 8.573919223386326088e-03 2.409848040240462552e+01 8.824921753235257516e-01 4.692489209057770783e-01 3.182782935601208285e-02 1.121024779257245818e+01 -3.212839594685212158e-02 -7.368106014904673116e-03 9.994565909471183618e-01 1.031422957919749840e-02
4.459435674222663737e-01 -8.949110336878525196e-01 1.638830248811326551e-02 2.438785214292832748e+01 8.944368216864546639e-01 4.462415576995458766e-01 2.917608941095767988e-02 1.178135618865746892e+01 -3.342314596407635480e-02 1.647411794950770459e-03 9.994399328365071167e-01 6.676909342771111810e-02
4.220181556356804586e-01 -9.063765452306878911e-01 1.955082017567160574e-02 2.465302348016227896e+01 9.058871555847803902e-01 4.224415548331608150e-01 3.019261659177062754e-02 1.238284587341365217e+01 -3.562495839119805136e-02 4.969004510414400805e-03 9.993528762823474798e-01 1.343945101922716379e-01
3.966879599554357649e-01 -9.178935669116470297e-01 1.049105564795009028e-02 2.487354374961085668e+01 9.172076306203773566e-01 3.968003717883855086e-01 3.577187834532202099e-02 1.299003318223444836e+01 -3.699763179107638106e-02 -4.567797151016990756e-03 9.993049136630115514e-01 1.094327861073896568e-01
3.709082325015559123e-01 -9.286566830056820487e-01 4.883458964365694314e-03 2.509367156937149801e+01 9.279413489889275501e-01 3.708204785647623014e-01 3.764339933654502202e-02 1.359565505625639759e+01 -3.676868095515163637e-02 -9.430683214142587811e-03 9.992793034557119203e-01 -1.190058753114099088e-01
3.440256787097021318e-01 -9.389009299348092252e-01 1.055349022262591294e-02 2.532743482894502307e+01 9.383946823270334914e-01 3.441867902390521872e-01 3.083623850738609687e-02 1.421975080207327480e+01 -3.258454493582121220e-02 -7.051187764552514607e-04 9.994687339976356943e-01 -1.784793212516480043e-01
3.178817471115706894e-01 -9.479880801183776518e-01 1.642543170719919579e-02 2.552665219273815467e+01 9.477982996042696451e-01 3.181811895719003358e-01 2.095504401965074537e-02 1.481618157236454358e+01 -2.509139534881345279e-02 8.906770238583003665e-03 9.996454828204680565e-01 1.050914501092081559e-02
2.926859967572622012e-01 -9.561423764965243377e-01 1.125447332339622221e-02 2.568825241525676617e+01 9.561114063832413246e-01 2.928037916191109091e-01 1.081287183559059666e-02 1.544839589335336072e+01 -1.363399743540047795e-02 7.595754146326666630e-03 9.998782018990512999e-01 1.372198053253561312e-01
2.657774404001136404e-01 -9.640261219723084141e-01 3.998540908331395423e-03 2.586446591977605536e+01 9.640334337606416559e-01 2.657807999741095273e-01 3.239703512969207286e-04 1.613397788478076933e+01 -1.375051282740297502e-03 3.768623111157888908e-03 9.999919533245335002e-01 -9.333287058574626927e-03
2.383301104255779734e-01 -9.711834954431188827e-01 1.173304486203389846e-03 2.603546700173259509e+01 9.711807425362757318e-01 2.383258613738092058e-01 -2.957892344220597065e-03 1.678715876326921475e+01 2.593027423676423724e-03 1.844445531157218581e-03 9.999949371019148936e-01 -1.759064728044311132e-01
2.123261780784673758e-01 -9.771971618282371264e-01 1.816870229012402518e-03 2.616729632724706889e+01 9.771812879125931772e-01 2.123331420910698486e-01 5.600653820688921043e-03 1.743115920227000260e+01 -5.858724782457611774e-03 5.862461698689428163e-04 9.999826656794364999e-01 -1.791203994677679767e-01
1.888195721754093448e-01 -9.819744606034178647e-01 8.563170331255540516e-03 2.627341845704202328e+01 9.817825872632842676e-01 1.889567162178295012e-01 1.995772388791641760e-02 1.811247536639778488e+01 -2.121604369591666150e-02 4.638762636884932213e-03 9.997641528736123107e-01 -1.021176547100741683e-01
1.668435524141518300e-01 -9.858419363946452352e-01 1.670046297211012776e-02 2.638572540571648872e+01 9.855247277720521337e-01 1.672585898894367595e-01 2.766902705228478643e-02 1.883693810392241019e+01 -3.007058309459614831e-02 1.184232045900959415e-02 9.994776233005404631e-01 -3.887150698155961148e-02
1.469577284553669760e-01 -9.888512295317439804e-01 2.401399385351449603e-02 2.649517156140179353e+01 9.886855626419297494e-01 1.475845777456076813e-01 2.682630490882542337e-02 1.956298872525174914e+01 -3.007131973574203587e-02 1.979995619208978902e-02 9.993516285392954890e-01 -2.604431328555416314e-02
1.299081142414476586e-01 -9.912635236333591227e-01 2.281465687245616547e-02 2.658520493770139126e+01 9.911019881960136946e-01 1.304910514085438900e-01 2.624756171916608344e-02 2.028048097852455811e+01 -2.899535907933660853e-02 1.920188053992828020e-02 9.993950955130761482e-01 -5.250259461040739789e-02
1.159359084094923054e-01 -9.930796920008959638e-01 1.875074602973262131e-02 2.667328411954843759e+01 9.927933827510957432e-01 1.164377165768750721e-01 2.834708669333823802e-02 2.100854320106390816e+01 -3.033421017435800060e-02 1.532917133341013018e-02 9.994222592074527567e-01 -1.537820139491887783e-01
1.048391739884258766e-01 -9.943500532950249049e-01 1.663487630269145853e-02 2.674470623498633870e+01 9.939827302304526935e-01 1.053048892849844653e-01 3.015314736959606376e-02 2.172694481471569361e+01 -3.173451750129491905e-02 1.337354870101537668e-02 9.994068583885651336e-01 -2.218504685775515850e-01
9.670896969822359579e-02 -9.951509517166328145e-01 1.794320142528622528e-02 2.681862656147251656e+01 9.948327376989347659e-01 9.720641886548728183e-02 2.930419993431102044e-02 2.244804427551613912e+01 -3.090629680745827709e-02 1.501650521352294008e-02 9.994094783364931844e-01 -1.940734615349806458e-01
9.201675381353044414e-02 -9.955811711385251783e-01 1.873629344516411846e-02 2.688359903113687110e+01 9.954281505900859361e-01 9.245391333310901127e-02 2.398063640097479812e-02 2.321281543029567374e+01 -2.560691372309253228e-02 1.644401361703257472e-02 9.995368329310035937e-01 -1.349895070392831964e-01
8.954048159746193225e-02 -9.958436495677345235e-01 1.667116585334890710e-02 2.693188584429775290e+01 9.958070309527076169e-01 8.982689850553167432e-02 1.730564676717733993e-02 2.398926543338520290e+01 -1.873123755783361044e-02 1.505170822505491092e-02 9.997112517217457972e-01 -1.469645703659191172e-01
8.848501484646610626e-02 -9.959754760962087339e-01 1.425668834447223025e-02 2.699537085694142391e+01 9.959535083812975920e-01 8.869077155499295595e-02 1.451055422665979526e-02 2.476935080913767706e+01 -1.571659284340766113e-02 1.291503216839942625e-02 9.997930739175401316e-01 -2.390540585850832178e-01
8.882832684750625873e-02 -9.959550794331551993e-01 1.352804866822384690e-02 2.707440600932073593e+01 9.958937049608805880e-01 8.904470476882915542e-02 1.633306376410565211e-02 2.553590802489303258e+01 -1.747159891832697834e-02 1.202165978262941491e-02 9.997750861705385628e-01 -2.925997569512054919e-01
9.123254585897838664e-02 -9.956661653874255835e-01 1.804188678574345645e-02 2.716669250814977943e+01 9.956105900198531922e-01 9.157747295124379905e-02 1.931630109996103351e-02 2.630563185180677976e+01 -2.088481784477793507e-02 1.620041822189740785e-02 9.996506243848528594e-01 -2.840102547638477248e-01
9.541068608748386193e-02 -9.952099476038048786e-01 2.130636455963635933e-02 2.724432101642125659e+01 9.951596472198614984e-01 9.586829014517488090e-02 2.159971041199098760e-02 2.708992244919260273e+01 -2.353885140691698921e-02 1.914239104900643598e-02 9.995396397038839309e-01 -2.098366335601432320e-01
1.013091275663086516e-01 -9.946687290129956338e-01 1.925045961595135344e-02 2.730732396625177216e+01 9.945631736488411700e-01 1.017290919598996951e-01 2.225501001032263032e-02 2.788880684952370359e+01 -2.409469429768056059e-02 1.689116256171416947e-02 9.995669734109940974e-01 -1.822833281183549037e-01
1.074532582804597902e-01 -9.941248047563838730e-01 1.302573809789578027e-02 2.737978548018442737e+01 9.940273121260866374e-01 1.076755231774721711e-01 1.776751124512547172e-02 2.870577891898740219e+01 -1.906567681203087325e-02 1.103876245508626265e-02 9.997572933923309924e-01 -2.505100171314459390e-01
1.123304937153293409e-01 -9.936297214172115089e-01 9.046374855447696442e-03 2.747973142456567786e+01 9.936223674977416875e-01 1.124103314966802408e-01 8.860484241250245543e-03 2.950210393297077971e+01 -9.820946484599180765e-03 7.993377831765444141e-03 9.999198242464168995e-01 -3.386953274966554295e-01
1.173667545926547484e-01 -9.930350474511177028e-01 1.031694965309247307e-02 2.758784151773789972e+01 9.930838116874730614e-01 1.173922423863078268e-01 1.898523582756297262e-03 3.029188739759626969e+01 -3.096430310452633495e-03 1.002277213505510002e-02 9.999449765652415056e-01 -3.665053891586906865e-01
1.222889401016874072e-01 -9.924330173703322933e-01 1.105084440321815221e-02 2.768509525797860604e+01 9.924774336773730665e-01 1.223446271942953550e-01 4.509527454720947681e-03 3.111193965639149539e+01 -5.827415377496956289e-03 1.041624836047662719e-02 9.999287689631252141e-01 -2.927051574066951711e-01
1.277957942101580757e-01 -9.917913401493893000e-01 4.262931722868312269e-03 2.777288504726632112e+01 9.917404742736707357e-01 1.278341675693888124e-01 1.045262116775700495e-02 3.195345826280746238e+01 -1.091176748424160445e-02 2.891920904922277817e-03 9.999362830319987738e-01 -2.053622858633290527e-01
1.321731133740204900e-01 -9.912081296179560130e-01 -6.059032950226441588e-03 2.786492010076928949e+01 9.912117842728069839e-01 1.321351868240712157e-01 6.284196184576554267e-03 3.280016026917306959e+01 -5.428334895415045866e-03 -6.836386636330304273e-03 9.999618977731210556e-01 -2.554322713804083045e-01
1.355638619551480240e-01 -9.906948318032602341e-01 -1.209088789609024349e-02 2.798724910804083876e+01 9.907532295006855616e-01 1.356196618998464221e-01 -3.917338399159604051e-03 3.364546739119868590e+01 5.520649035008580105e-03 -1.144803670860687801e-02 9.999192291829128720e-01 -3.779331144946299625e-01
1.392169680530700449e-01 -9.902005507193379907e-01 -1.102293795818647289e-02 2.811630428653153757e+01 9.902425553348200848e-01 1.392752047830451145e-01 -4.700950606656874656e-03 3.450604287060461672e+01 6.190105821053264006e-03 -1.026093016058574926e-02 9.999281953731296024e-01 -4.013378643686243974e-01
1.436005315943379435e-01 -9.895828808736387705e-01 -1.022786427625667002e-02 2.824622812723378118e+01 9.896091799905221142e-01 1.435132990650178630e-01 8.809305872841734567e-03 3.539634436115606775e+01 -7.249703739468952787e-03 -1.138660938579791511e-02 9.999088893106137244e-01 -3.117599448995291844e-01
1.476574918397356440e-01 -9.890000922116271020e-01 -8.722540283172630290e-03 2.835837201029295329e+01 9.888741253214219373e-01 1.474663925008772303e-01 1.953528480902965575e-02 3.628225477173273106e+01 -1.803411692850767634e-02 -1.151002555037941577e-02 9.997711187759118490e-01 -2.669874150925328204e-01
1.510635587716910033e-01 -9.884894724961136303e-01 -8.268251059764412936e-03 2.847176815996621713e+01 9.883861938103893907e-01 1.508975233884710943e-01 1.796299864269902680e-02 3.715267380782704976e+01 -1.650857644509741429e-02 -1.088577969560643871e-02 9.998044642349698252e-01 -2.642461368496151208e-01
1.538034008780813089e-01 -9.880034322371445965e-01 -1.391875590555557464e-02 2.862440918568362491e+01 9.880700242900447572e-01 1.536708674196460844e-01 1.014354996853393531e-02 3.805726987129253303e+01 -7.882954890571461370e-03 -1.531281796782677472e-02 9.998516773142291925e-01 -2.781977910519873309e-01
1.564314223675525861e-01 -9.874967334895691229e-01 -1.947848668391909815e-02 2.878215809270743719e+01 9.876885566078853484e-01 1.563864860897393738e-01 3.818653471589690887e-03 3.897609583337222716e+01 -7.247357426795336547e-04 -1.983603579183552956e-02 9.998029838133952740e-01 -3.649217351357117445e-01
1.594900840811634135e-01 -9.869810389368085524e-01 -2.076877124437755823e-02 2.892919968182183510e+01 9.871977835112986099e-01 1.594940820141282078e-01 1.474460189195110236e-03 3.988173750738032908e+01 1.857231854780666590e-03 -2.073804671825177359e-02 9.997832185569776042e-01 -3.818239027787950768e-01
1.636751243812300249e-01 -9.862950594475630162e-01 -2.079685957344049041e-02 2.905447805427345642e+01 9.865137886650825472e-01 1.636600191347971356e-01 2.437808537042300897e-03 4.081614576415440609e+01 9.992159197690468619e-04 -2.091539734564848430e-02 9.997807498253901137e-01 -3.121351241837246326e-01
1.682454475729291410e-01 -9.854422398525470861e-01 -2.443483753536270647e-02 2.918795922376518703e+01 9.857449515953207175e-01 1.681786356365403690e-01 4.778798988261902768e-03 4.176695729458276674e+01 -5.998127401000719625e-04 -2.489052891817682828e-02 9.996900028483081124e-01 -2.657057828450299919e-01
1.722717052982014330e-01 -9.845488007633248495e-01 -3.140252329270380033e-02 2.934594546804436632e+01 9.850485918145269748e-01 1.722265744248873964e-01 4.156780735912061868e-03 4.271242796773977801e+01 1.315795526421803530e-03 -3.164910705482704145e-02 9.994981754384371087e-01 -2.976071535942917401e-01
1.774768894013599996e-01 -9.833903357012784285e-01 -3.801843470929216345e-02 2.952647781981951880e+01 9.840912999459613397e-01 1.776578914722531100e-01 -1.409598631296865882e-03 4.363314694155725704e+01 8.140460618763457543e-03 -3.716343965459098508e-02 9.992760437706659227e-01 -3.361283037137532959e-01
1.844851675534152635e-01 -9.818947628420371387e-01 -4.298718013743508398e-02 2.969768978404951909e+01 9.827210228815126403e-01 1.849541469066547927e-01 -7.166221371503804678e-03 4.459408970609610634e+01 1.498713246428827646e-02 -4.092234408500530080e-02 9.990499224838998993e-01 -3.242842626958166163e-01
1.922073277820758597e-01 -9.802833608585418412e-01 -4.583530921413839221e-02 2.987789115225186265e+01 9.812254310066969021e-01 1.927293630934553692e-01 -7.214301581798365781e-03 4.559050758387262903e+01 1.590586975288487206e-02 -4.358812941011670772e-02 9.989229591324504387e-01 -2.990163965552591341e-01
2.000145995302780033e-01 -9.787579207569905293e-01 -4.502324433218084926e-02 3.006991990245294843e+01 9.797134942326559681e-01 2.003721975259923349e-01 -3.528693390531492408e-03 4.658041511117513522e+01 1.247514301249430524e-02 -4.340408983099921375e-02 9.989797073978832209e-01 -2.774760014416542409e-01
2.063012159444819749e-01 -9.773819635738092426e-01 -4.652209776475402236e-02 3.026040261753149707e+01 9.784426147037712518e-01 2.065188429387372071e-01 1.313121962614404413e-04 4.754295245626298083e+01 9.479347629236620221e-03 -4.554629284420746299e-02 9.989172524171728851e-01 -2.170564811818758155e-01
2.120991882956855257e-01 -9.758096007057405208e-01 -5.300525912411723634e-02 3.045048030127315286e+01 9.772223818566508902e-01 2.121752209360970864e-01 4.253471421373293884e-03 4.852596046827371623e+01 7.095824316131099305e-03 -5.270008340811098424e-02 9.985851743772550249e-01 -1.976907262093896001e-01
2.183034885215329457e-01 -9.741069399296528042e-01 -5.881544423207847594e-02 3.066447959464579398e+01 9.758550919900924603e-01 2.183394374586585807e-01 5.893172935243796810e-03 4.952662076528999791e+01 7.101150353086537088e-03 -5.868185095175748600e-02 9.982514783522929980e-01 -2.737726041038637259e-01
2.239510791530253953e-01 -9.729037585922091225e-01 -5.748208993545995960e-02 3.089844485953835473e+01 9.744989665208836360e-01 2.243888121789026358e-01 -1.193825226479741783e-03 5.053442846223736495e+01 1.405981493212306484e-02 -5.574887878777595035e-02 9.983458239097212639e-01 -3.088646429707918029e-01
2.284729513805381640e-01 -9.719871968110677107e-01 -5.514526020274932577e-02 3.113860302525864299e+01 9.732769818953698193e-01 2.293841188079923099e-01 -1.071646169782855540e-02 5.153355355458170095e+01 2.306571048345064726e-02 -5.122319078350733718e-02 9.984208319771027407e-01 -2.139745198535942805e-01
