1.000000000000000000e+00 0.000000000000000000e+00 0.000000000000000000e+00 0.000000000000000000e+00 0.000000000000000000e+00 1.000000000000000000e+00 0.000000000000000000e+00 0.000000000000000000e+00 0.000000000000000000e+00 0.000000000000000000e+00 1.000000000000000000e+00 0.000000000000000000e+00
9.999999819565013048e-01 -1.942606568031462471e-05 1.889699048213371989e-04 3.540995814146961993e-03 1.942496871615933702e-05 9.999999997944758467e-01 5.806801131613336567e-06 -2.125423404380949715e-03 -1.889700175857995175e-04 -5.803130292348878212e-06 9.999999821283278578e-01 -1.235959222645519658e-03
9.999999627370915745e-01 1.118446075973991602e-04 2.490313219407009671e-04 2.275538903294479273e-03 -1.118423657085907476e-04 9.999999937049953713e-01 -9.016345014085251741e-06 -1.693056814843389452e-03 -2.490323288026177252e-04 8.988492425928627151e-06 9.999999689510525869e-01 -4.804644114145365311e-03
9.999999673181507731e-01 8.349497228098159388e-05 2.416449604085802523e-04 2.358575151163272942e-04 -8.351210393090711644e-05 9.999999940003998500e-01 7.088673193526498625e-05 -1.742674867471480545e-03 -2.416390402730890985e-04 -7.090690989760352640e-05 9.999999682913917054e-01 -2.659377018255674845e-03
9.999999783992158386e-01 2.035086647343280512e-04 4.225862421981290475e-05 -3.137300912877687598e-04 -2.035137939831021398e-04 9.999999719210242999e-01 1.214087568189601359e-04 -2.795236460331002037e-03 -4.223391529924673510e-05 -1.214173544093792513e-04 9.999999917370612224e-01 -5.236247245357188423e-04
9.999999885837381752e-01 1.510509345990589905e-04 -4.017300977200647816e-06 1.476754250906414396e-03 -1.510501879101383354e-04 9.999999714380249927e-01 1.852236216127262569e-04 -6.139832242834435626e-05 4.045279063613023167e-06 -1.852230126840973825e-04 9.999999828380354838e-01 -1.124847410065729853e-03
9.999999849660070605e-01 1.733537579094554699e-04 -4.057136285144579943e-06 3.631883966840456900e-03 -1.733531591586860731e-04 9.999999741525447128e-01 1.471176130455876499e-04 -3.520194335880182102e-03 4.082639571354053168e-06 -1.471169075164303094e-04 9.999999891699736798e-01 -2.357027048705352505e-03
9.999999826671917003e-01 1.320641163621150268e-04 1.312428494369363458e-04 -2.514027000536584941e-03 -1.320736906039346285e-04 9.999999886178134734e-01 7.294458959957876619e-05 -7.727963894605767090e-03 -1.312332145803368928e-04 -7.296192206273469940e-05 9.999999887272006394e-01 -4.596153588521926896e-03
9.999999836104003226e-01 -7.217476787848034166e-05 1.660421693254754687e-04 -5.441169892543128855e-03 7.215014452533804600e-05 9.999999864011793749e-01 1.482969914365414707e-04 -2.418852113330675555e-03 -1.660528703684317883e-04 -1.482850090394990017e-04 9.999999752189998592e-01 -2.457717781395750509e-03
9.999999946762212488e-01 -8.938089485805110468e-05 5.156174044388024420e-05 -1.002380991471239421e-02 8.937652696602690547e-05 9.999999924181983690e-01 8.470796639588245376e-05 -2.280269450523477164e-03 -5.156931132678742302e-05 -8.470335753563078642e-05 9.999999950829736584e-01 -4.534806224491373466e-04
9.999999978763802755e-01 4.411305410529657695e-06 6.502137953237833025e-05 -5.748184008553426996e-03 -4.420424368717602444e-06 9.999999901557513615e-01 1.402460589457400926e-04 -9.053329662040816253e-05 -6.502076022409306586e-05 -1.402463460700013626e-04 9.999999880516314832e-01 -2.582036286169186665e-03
9.999999841255171606e-01 1.462057682091995954e-04 1.018471347078595614e-04 7.636266584265103590e-04 -1.462178174878175376e-04 9.999999823115360842e-01 1.183100896820998377e-04 -4.544509824485706991e-05 -1.018298352887913309e-04 -1.183249796697427228e-04 9.999999878149418153e-01 -3.247832497198730080e-03
9.999999675608068905e-01 2.333059207636905565e-04 1.022092584487296316e-04 3.726748531951697748e-03 -2.333130431246336050e-04 9.999999703550186414e-01 6.967772698833855102e-05 -2.257136818423308589e-03 -1.021929991924863326e-04 -6.970157148117348889e-05 9.999999923491409426e-01 -1.438036311245568123e-03
9.999999921597200192e-01 1.189010574729053603e-04 3.928229072705600317e-05 -3.006686969580703219e-03 -1.189000068475076175e-04 9.999999925736992035e-01 -2.674677552197104441e-05 -3.716387636307945386e-03 -3.928547065522745223e-05 2.674210464763240302e-05 9.999999988707558574e-01 3.780480857763411314e-04
9.999999951347322558e-01 -8.312722463136416082e-05 5.310743723067706362e-05 -7.005266580827199281e-03 8.312898989830765951e-05 9.999999959923965287e-01 -3.323820036706959122e-05 -3.721904611479842726e-03 -5.310467401849526477e-05 3.324261497296992525e-05 9.999999980374110198e-01 3.390663376869355525e-04
9.999999892775944810e-01 -1.038422813267371774e-05 1.460718275055461869e-04 -8.617939600780713180e-03 1.036713344274450405e-05 9.999999930982961249e-01 1.170296128478679333e-04 -4.717221378647367541e-03 -1.460730417595997748e-04 -1.170280972469009938e-04 9.999999824835452689e-01 -2.191339742772307683e-03
9.999999897249798320e-01 4.057934523909004118e-05 1.374894795239009991e-04 -3.432960410275116055e-03 -4.059195983332238559e-05 9.999999949673008537e-01 9.174797531019226906e-05 -7.211281266870656591e-03 -1.374857557591927383e-04 -9.175355533491030054e-05 9.999999863394759547e-01 -5.514728041732300766e-03
9.999999996057439278e-01 -1.567802704233210649e-05 2.329617400021733633e-05 -8.429889927760563775e-04 1.567778051847394194e-05 9.999999998211109853e-01 1.058230568665582285e-05 -6.663129305511004789e-03 -2.329633990572463188e-05 -1.058194045018078674e-05 9.999999996726515183e-01 -6.425045583376475054e-04
9.999999719002896637e-01 -2.166584791258929841e-04 -9.622122094537665824e-05 1.013506529584638684e-03 2.166557888197739911e-04 9.999999761389980479e-01 -2.796913580033643626e-05 -6.775674772428348907e-04 9.622727839986689282e-05 2.794828812988669713e-05 9.999999949796020138e-01 3.001148209347221339e-03
9.999997721915274695e-01 -6.199150401447471896e-04 -2.670622326477646992e-04 -9.141429558814515022e-03 6.198985571648137636e-04 9.999998059533755645e-01 -6.179797679468755243e-05 7.193728653203859853e-03 2.671004903205055387e-04 6.163241122389328456e-05 9.999999624293862688e-01 6.123659885257063014e-03
9.999993525105281833e-01 -9.629665085400738707e-04 -6.063613013245791432e-04 -6.521559945861007263e-03 9.629718799021035102e-04 9.999995363057796460e-01 8.566460077395627042e-06 9.944275073900898237e-03 6.063527709441970427e-04 -9.150363412939331093e-06 9.999998161262770857e-01 1.817862104438122163e-03
9.999972107372061547e-01 -2.032707036561630376e-03 -1.202755133513237588e-03 5.226288894045800874e-03 2.033102647300707999e-03 9.999978795216711847e-01 3.277892413363378923e-04 1.436443146290695277e-02 1.202086283599668702e-03 -3.302336516920031310e-04 9.999992229668491772e-01 -5.473770878770150596e-05
9.999924254112178001e-01 -3.522408249568674630e-03 -1.655826172420873802e-03 1.726322082296232602e-02 3.523826018919394999e-03 9.999934265647231202e-01 8.540945685539837445e-04 2.488871260428935847e-02 1.652806818200513355e-03 -8.599229424880302716e-04 9.999982643795711779e-01 4.994665099640823933e-03
9.999848232820079952e-01 -5.124111331600979952e-03 -2.024027843846065364e-03 4.140247635934715675e-02 5.126559558672302147e-03 9.999861315763682867e-01 1.206251226600918132e-03 2.886018800823465444e-02 2.017818808191500918e-03 -1.216609218956112579e-03 9.999972241307800713e-01 1.316331247185317625e-02
9.999657493538542941e-01 -7.752066157854708636e-03 -2.899239463891478252e-03 7.192068783916634456e-02 7.757680233247250812e-03 9.999680458732351784e-01 1.930189074188387328e-03 2.449967842455171713e-02 2.884183867825850910e-03 -1.952614336645893973e-03 9.999939343719385088e-01 1.084473663581049345e-02
9.999185619280653858e-01 -1.197523415927874424e-02 -4.411720587260861519e-03 1.091769472487138237e-01 1.198934094481902621e-02 9.999230523946259774e-01 3.185120644969414733e-03 1.510270235996600749e-02 4.373238550377031054e-03 -3.237754877159157180e-03 9.999851957543856029e-01 8.225689952567885252e-03
9.998230507594806360e-01 -1.794999205644802823e-02 -5.627162266939498073e-03 1.455409524852588898e-01 1.798832492212441500e-02 9.998148195291944873e-01 6.837164346443119593e-03 1.903613969238321033e-02 5.503393180674323246e-03 -6.937177738651936591e-03 9.999607933456797770e-01 7.772944554612222848e-03
9.996774957320226918e-01 -2.465679698818891430e-02 -6.078395284537171928e-03 1.699968225180223391e-01 2.471536678951036931e-02 9.996469166889556668e-01 9.756669448335688818e-03 3.923998117524470086e-02 5.835680886735793507e-03 -9.903752649746322759e-03 9.999339280732706392e-01 8.581103505845769433e-03
9.994262823666316686e-01 -3.321382908461843059e-02 -6.629304062391275232e-03 2.104055211498001010e-01 3.330098809311040492e-02 9.993541712695834800e-01 1.350127986919882894e-02 5.955416768408637596e-02 6.176593465365946486e-03 -1.371429632251212893e-02 9.998868774864194675e-01 -2.326520764405896110e-03
9.990330043490689427e-01 -4.324929488775799968e-02 -7.909153746442139366e-03 2.445533810599415103e-01 4.336946409318574724e-02 9.989355460148972021e-01 1.571192197628997270e-02 8.630999070862398204e-02 7.221205269411938577e-03 -1.603974437548493989e-02 9.998452784280306149e-01 -1.366774361313512036e-02
9.985145419646118681e-01 -5.392522358290580131e-02 -7.796136654452444012e-03 2.919820765508869265e-01 5.404678810293560287e-02 9.984048955985559415e-01 1.632817015445989922e-02 1.014263610535063309e-01 6.903200776281688197e-03 -1.672527148868549474e-02 9.998362921562069516e-01 -1.720668300354179225e-02
9.978801141263752283e-01 -6.492341320881443723e-02 -4.497582511729564941e-03 3.613899385010519993e-01 6.499528583993284536e-02 9.977180050077796292e-01 1.828647866270654773e-02 1.096649128490315983e-01 3.300098440607635453e-03 -1.854003507584968055e-02 9.998226725023136030e-01 -2.508377028316010997e-03
9.971228600899894046e-01 -7.580053200153638593e-02 -5.303152302877314371e-04 4.377585021756923989e-01 7.579708086821668189e-02 9.969458837427590536e-01 1.880711089524750301e-02 1.191040278443305511e-01 -8.968934253502044464e-04 -1.879319655229455543e-02 9.998229900064963260e-01 1.271839472303941485e-03
9.960442309525754379e-01 -8.885508816576093150e-02 8.144281107125830518e-04 5.167610747265671822e-01 8.882577423541526684e-02 9.958819251226459501e-01 1.814312667352882547e-02 1.515775781526998711e-01 -2.423183354949419010e-03 -1.799901444711704546e-02 9.998350682294359082e-01 1.514723756663402705e-02
9.945725138367860207e-01 -1.040368047344748803e-01 -1.363077773545210824e-03 5.855281522252517856e-01 1.040441944200604374e-01 9.944011835674848587e-01 1.846866879517418750e-02 1.748854891740548312e-01 -5.659751378413364637e-04 -1.851025067971579993e-02 9.998285104416243518e-01 2.500733494949729241e-02
9.927099791358493519e-01 -1.204064861847120999e-01 -5.401426547893501372e-03 6.341150764958624064e-01 1.204921161968521420e-01 9.925078693690415621e-01 2.024300311045180989e-02 2.027253735013650748e-01 2.923569480247456380e-03 -2.074626051066109922e-02 9.997804986177305508e-01 2.260993936885597605e-02
9.905016636046457545e-01 -1.372635341569660439e-01 -8.073201791640994412e-03 6.990694048798798965e-01 1.374090697998353316e-01 9.902773052345832383e-01 2.167040087483438141e-02 2.243842943916591337e-01 5.020152704163278849e-03 -2.257389926599877653e-02 9.997325728107269160e-01 -6.935641608078100227e-03
9.878221802847241273e-01 -1.554195140206646730e-01 -7.219058048972246816e-03 7.971663613119843728e-01 1.555453346206441267e-01 9.875683056281996386e-01 2.268238515674001268e-02 2.540894628090482610e-01 3.604027647765068679e-03 -2.352905395946202835e-02 9.997166571606611596e-01 -1.171291565381000696e-02
9.846698770514927812e-01 -1.743508039486904859e-01 -5.199075864353779573e-03 8.945874659604150514e-01 1.744260151582532614e-01 9.843721578880252343e-01 2.422849584446861576e-02 2.943626212279938370e-01 8.935677986668721711e-04 -2.476392410984019909e-02 9.996929276529225028e-01 1.311699675146994933e-02
9.807275845461013164e-01 -1.953329722074884922e-01 -4.293585792578513173e-03 1.004293490971669423e+00 1.953785098479519922e-01 9.803923146381429143e-01 2.565438145928116212e-02 3.398661372041560935e-01 -8.017480673025817158e-04 -2.599883395564342795e-02 9.996616516766977378e-01 2.130771970913384467e-02
9.756254790148838341e-01 -2.193954866388702907e-01 -4.532674648776158222e-03 1.101543787637291771e+00 2.194378856331512251e-01 9.752666230607864861e-01 2.649581650868234120e-02 3.980244735080341600e-01 -1.392496258671413727e-03 -2.684463421436410549e-02 9.996386479963980110e-01 2.711501721674886792e-03
9.697337039652074164e-01 -2.441285893914071636e-01 -4.216068747220888362e-03 1.194727304668897094e+00 2.441624894914995736e-01 9.695010070141156788e-01 2.127148617114201987e-02 4.336221617642500581e-01 -1.105495017148332626e-03 -2.165708291477499645e-02 9.997648466716508864e-01 -4.193250730222702199e-02
9.637406552058637166e-01 -2.668337041356242390e-01 -1.929725533521984811e-03 1.297976933498748320e+00 2.668406714711277772e-01 9.637133969274350731e-01 7.248767579503102333e-03 4.472148356713143147e-01 -7.451315460895698093e-05 -7.500861273625329152e-03 9.999718653681930469e-01 -4.802690602102576561e-02
9.580635925292548816e-01 -2.865515955110150004e-01 1.528325891143977487e-03 1.417474949928121619e+00 2.865519068471836239e-01 9.580100433284697292e-01 -1.023530966930281602e-02 4.894454617048297207e-01 1.468792763093176119e-03 1.024402225081290016e-02 9.999464498941650348e-01 3.259425945587556689e-02
9.519566827299289491e-01 -3.062264426379614490e-01 1.959600757474332967e-03 1.573500058962961079e+00 3.062000000204316286e-01 9.517419742069157529e-01 -2.070687132838115382e-02 5.452985466018286376e-01 4.475957251476169775e-03 2.031207429145987994e-02 9.997836693228496774e-01 1.290797374614877369e-01
9.446923173242730565e-01 -3.279552202792146431e-01 -1.341297918747222590e-03 1.706489267396904319e+00 3.278624596701424920e-01 9.445080122813894752e-01 -2.026875120235034286e-02 6.077675004131929404e-01 7.914109396464506091e-03 1.870797230782658346e-02 9.997936680358554540e-01 1.043742765642168696e-01
9.375447833028418554e-01 -3.478438380788355100e-01 -3.800475261343186448e-03 1.785724356541708024e+00 3.477666927657518392e-01 9.374841601175959438e-01 -1.348246755519370323e-02 6.502862581778172668e-01 8.252678619599971427e-03 1.131873840984629932e-02 9.999018849149206023e-01 -2.890790233828257390e-03
9.318436118206485652e-01 -3.628565044376639293e-01 -1.624898867004809146e-03 1.894176538980503643e+00 3.628283152918838628e-01 9.318118446631690199e-01 -9.071921950475941160e-03 7.162012018368391075e-01 4.805905898135859160e-03 7.864053198051477317e-03 9.999575290660080995e-01 -5.114554491353774657e-02
9.268544139590920716e-01 -3.754045703639959375e-01 3.507687895414375676e-03 2.079944595200988289e+00 3.754209421419560377e-01 9.268112469638686290e-01 -8.945876286033063729e-03 8.036468323946490688e-01 1.073582513786375486e-04 9.608384416878114689e-03 9.999538326458393689e-01 1.091398862475074019e-02
9.212139990188683569e-01 -3.890122625573026460e-01 5.850435172923040654e-03 2.252749055763353603e+00 3.890559234129857269e-01 9.211286313605882015e-01 -1.255121289113167449e-02 9.016326254961509745e-01 -5.064276190809290394e-04 1.383849947854596737e-02 9.999041151346708123e-01 9.393724750962598180e-02
9.154029123574453086e-01 -4.025223091918870844e-01 3.646731459550522914e-03 2.355824069414694133e+00 4.025188080452031802e-01 9.152294713294665263e-01 -1.826537653195475092e-02 9.512299590517183656e-01 4.014625434096769779e-03 1.818805687301594184e-02 9.998265236378798271e-01 9.515014200084043194e-02
9.105984287505091146e-01 -4.132796137532119829e-01 3.234565364925459652e-03 2.455787347525441255e+00 4.132160594255067654e-01 9.102523372922552980e-01 -2.632813489107102209e-02 9.875088689179750689e-01 7.936610735076321185e-03 2.531093261778945627e-02 9.996481215408037357e-01 7.528441205697068185e-03
9.077153713230583509e-01 -4.194554954478289521e-01 1.048293863659362397e-02 2.596277277450920185e+00 4.195362868595260974e-01 9.069371123307931049e-01 -3.813631189829125301e-02 1.025036653311031998e+00 6.489119506037564072e-03 3.901488966662216423e-02 9.992175587490131905e-01 -2.488776614345031626e-02
9.059134584257191314e-01 -4.229853923906847224e-01 2.010382220502730105e-02 2.796627655997488748e+00 4.234551973892133891e-01 9.045897136624997392e-01 -4.902189041702828542e-02 1.111600449987560690e+00 2.549832781812406187e-03 5.292265828636420061e-02 9.985953587878774185e-01 5.486535783080512957e-02
9.040814577508261562e-01 -4.267418271804662155e-01 2.298109409532867256e-02 2.992951993528463639e+00 4.273475153344167832e-01 9.023327262055963471e-01 -5.630055377948605527e-02 1.225907409145463589e+00 3.289207904904719888e-03 6.072120019444168793e-02 9.981493460190739020e-01 1.327759340671111066e-01
9.023449012488407028e-01 -4.306723712382793390e-01 1.717521010694430736e-02 3.142445397178968758e+00 4.309077454258491424e-01 9.005167446950980148e-01 -5.820745189196314950e-02 1.296768890526046603e+00 9.601777035089997456e-03 5.992412849379875894e-02 9.981567535723169238e-01 9.396910664304528038e-02
9.018992043661844260e-01 -4.317956985303205708e-01 1.141489791264567108e-02 3.280577556208065459e+00 4.317403639171250584e-01 9.003374107909135615e-01 -5.470653429913262950e-02 1.327755246761158414e+00 1.334478656075290502e-02 5.426805193690156792e-02 9.984372264747652936e-01 -1.452642271509944558e-02
9.023017746256785099e-01 -4.308538364973736323e-01 1.471322815855714318e-02 3.457626580533963878e+00 4.310151028417292807e-01 9.008912260340856681e-01 -5.119550739210969315e-02 1.401689941266211825e+00 8.802762616638334578e-03 5.253542072065695706e-02 9.985802626429277629e-01 -6.496195096797659219e-02
9.031592892019880692e-01 -4.286751344369923999e-01 2.325784692498690520e-02 3.637507751493703534e+00 4.292957392896041280e-01 9.014450321053897319e-01 -5.569580163984669263e-02 1.497967058111501215e+00 2.909734687540283578e-03 6.028667521052556710e-02 9.981768632041662093e-01 2.049957160211735019e-02
9.042853185438489705e-01 -4.261871868413845688e-01 2.515043614485601431e-02 3.811103115517628037e+00 4.268912301529469433e-01 9.018558992496107374e-01 -6.648168625403250154e-02 1.611246306226840064e+00 5.651573635138623132e-03 7.085491345632072280e-02 9.974706215997261038e-01 1.430571877257810487e-01
9.050488187110338201e-01 -4.249563155192198072e-01 1.728483873490279862e-02 3.979204608997372272e+00 4.250028375070252218e-01 9.021143940923386229e-01 -7.458021240509978000e-02 1.683160700828122636e+00 1.610043045199139114e-02 7.484483864463857550e-02 9.970652066276902703e-01 1.595665489068214260e-01
9.054756024921933877e-01 -4.243022190454515119e-01 9.031068846210762655e-03 4.148046087465840692e+00 4.237223420895434023e-01 9.026280951669124475e-01 -7.564323254266207275e-02 1.738626933083151194e+00 2.394389495364616580e-02 7.231976720411238679e-02 9.970940483053700731e-01 5.379668839558687798e-02
9.074421882762436775e-01 -4.200633901103998924e-01 9.768481221783377119e-03 4.349484014587944536e+00 4.196286224655571551e-01 9.048256844540323307e-01 -7.212697109924154359e-02 1.789159008128395456e+00 2.145912729076573586e-02 6.955019080671073772e-02 9.973476208497561446e-01 -1.910331604600745345e-02
9.109506353894286645e-01 -4.121624264760824774e-01 1.706089343921337459e-02 4.585695830791994609e+00 4.123379965465729935e-01 9.085670892239334773e-01 -6.695685911919103950e-02 1.895970587363644988e+00 1.209613523215719022e-02 6.802924797832733683e-02 9.976099964073879001e-01 5.760891014640149438e-02
9.147889912792519507e-01 -4.034422816447534865e-01 1.988534172610762277e-02 4.829967475250707132e+00 4.038621175611361025e-01 9.126055950923193105e-01 -6.361145970050371967e-02 2.033911061083736538e+00 7.516078320755925982e-03 6.622199927115721141e-02 9.977766059490507100e-01 1.474750430832385828e-01
9.185045937385438730e-01 -3.951514836408244191e-01 1.430441392185926620e-02 5.048593137152098898e+00 3.951816390176240423e-01 9.161424011555074909e-01 -6.719057216876096750e-02 2.144830043578224821e+00 1.344557416166735665e-02 6.736769093175497269e-02 9.976376149454202480e-01 1.200600363823010469e-01
9.227031449496957416e-01 -3.854839452524950749e-01 4.586311427734147614e-03 5.239884658370464798e+00 3.846869337175703452e-01 9.198875225143240408e-01 -7.630798745500157187e-02 2.179479878393494108e+00 2.519661340169441349e-02 7.217391408972080591e-02 9.970737469204848935e-01 3.495794669173055841e-02
9.284504729178941762e-01 -3.714558188379878390e-01 5.422083903982413732e-04 5.456799998828913090e+00 3.702129591845491063e-01 9.252226584784856156e-01 -8.309871894212891852e-02 2.197658221743531204e+00 3.036583920062270459e-02 7.735377747339476640e-02 9.965411727170325751e-01 3.961447585841798569e-03
9.348226447610702428e-01 -3.550882667337673659e-01 4.352662395207708770e-03 5.753664060949372328e+00 3.541578223446810725e-01 9.313337310150671122e-01 -8.479220686848519539e-02 2.302884121426115538e+00 2.605493646108368241e-02 8.080720451521346270e-02 9.963891488692785403e-01 7.599795090804035980e-02
9.402941628691272591e-01 -3.402575356749182323e-01 8.467389838600005922e-03 6.064887270873503766e+00 3.397998098754339003e-01 9.370177108680068923e-01 -8.083253508519451513e-02 2.449072198443514647e+00 1.956978494685265857e-02 7.888357836781979826e-02 9.966917299651993911e-01 1.606722778098037263e-01
9.445854149056955862e-01 -3.281767632145652369e-01 7.642384015874230212e-03 6.327184266352040787e+00 3.278542943741831195e-01 9.419805247442072371e-01 -7.200175458302759957e-02 2.536831283899728895e+00 1.643032585925753228e-02 7.051739564560818851e-02 9.973752259323064306e-01 1.462917081253680696e-01
9.490888058048876363e-01 -3.149541633978715782e-01 5.857785776130307494e-03 6.556768539918190974e+00 3.147077298767793629e-01 9.472056673556032980e-01 -6.132265882388295702e-02 2.595289795557874868e+00 1.376529882190350058e-02 6.004413949565008679e-02 9.981008054603355273e-01 7.473609710436732168e-02
9.543809140112373690e-01 -2.985318875775011538e-01 5.981895225533899810e-03 6.820242916083833151e+00 2.984093018427831367e-01 9.529057848588438073e-01 -5.405972397500364429e-02 2.660564545286278726e+00 1.043836887534578019e-02 5.337862195640743351e-02 9.985197860699892569e-01 4.494817585008863137e-02
9.595274390225997374e-01 -2.815315902650364355e-01 6.859842969830629543e-03 7.147400506689633559e+00 2.814927709804999068e-01 9.581078192958319972e-01 -5.283205930025066527e-02 2.771303808638687638e+00 8.301424483240010463e-03 5.262480676472837404e-02 9.985798496187092699e-01 8.240442025141109239e-02
9.642320197066635012e-01 -2.649642939223102456e-01 7.108805712638084119e-03 7.492728762008401766e+00 2.649689595003343889e-01 9.628539433136338310e-01 -5.199744557856383204e-02 2.862292556941747890e+00 6.932724840823850133e-03 5.202121482277367176e-02 9.986219157091658083e-01 1.428503319141475603e-01
9.685458727616934604e-01 -2.487060435208889586e-01 8.012257639090631170e-03 7.802258235810145770e+00 2.488027397398997198e-01 9.673988458417890346e-01 -4.729344311735305534e-02 2.929090379687111945e+00 4.011116329553762218e-03 4.779934079210991504e-02 9.988489044723584120e-01 1.570424250763675089e-01
9.725840820789205532e-01 -2.323606173611374448e-01 9.420551271268244944e-03 8.113403386697198627e+00 2.325509840419824337e-01 9.716976654071269870e-01 -4.151730799852931808e-02 2.992973491003718234e+00 4.930596405712641198e-04 4.256983135848884520e-02 9.990933721881557483e-01 1.263955225230093682e-01
9.760545258224960774e-01 -2.172622468535297946e-01 1.070881476066824420e-02 8.452158364927173650e+00 2.175130703440693036e-01 9.753499093143408460e-01 -3.715667678901216769e-02 3.076808047319530726e+00 -2.372098420890663903e-03 3.859624972277785754e-02 9.992520716297857986e-01 9.218992794977637351e-02
9.789291922754880249e-01 -2.038878292657755331e-01 1.128669961283769799e-02 8.781502208245768770e+00 2.041606604029315153e-01 9.783292204586828689e-01 -3.450161069493250243e-02 3.151758492662462441e+00 -4.007649523016170584e-03 3.607893393652007730e-02 9.993409074341472742e-01 9.959751377951966966e-02
9.813567936298280836e-01 -1.918854521143063541e-01 1.090031483358714498e-02 9.115693976101246321e+00 1.921318037180164140e-01 9.809081002334978372e-01 -3.007771428103838546e-02 3.220175203699357613e+00 -4.920731311979004499e-03 3.161126639662527327e-02 9.994881261126401517e-01 1.297726120499651803e-01
9.834205290397761701e-01 -1.810661983153529497e-01 9.954641668687709555e-03 9.476037858705936401e+00 1.812547035077938518e-01 9.831576685824729989e-01 -2.340365705991237846e-02 3.291713180698661922e+00 -5.549371084046342793e-03 2.481996243150884698e-02 9.996765346578212474e-01 1.399606273987309968e-01
9.853780855022633567e-01 -1.700837864332990224e-01 1.007641823298678976e-02 9.839953478580532931e+00 1.702297486302634666e-01 9.852739978365390172e-01 -1.603065402536654749e-02 3.346073977437630909e+00 -7.201478540651337808e-03 1.751156131575958702e-02 9.998207258939538766e-01 1.116699194153594477e-01
9.871748104351062425e-01 -1.592216347109753627e-01 1.159157807965709511e-02 1.020748863610973878e+01 1.593497948210675086e-01 9.871595017360372815e-01 -1.112479315503365519e-02 3.390232854255007311e+00 -9.671428689482741009e-03 1.282923116259585862e-02 9.998709288177554111e-01 1.022103937701132753e-01
9.886476616263710770e-01 -1.496075329000066401e-01 1.390637480732904128e-02 1.058422908644019422e+01 1.497485577602104267e-01 9.886763608575266371e-01 -9.717146199105266419e-03 3.467334366367117227e+00 -1.229514576755404674e-02 1.168929343849745180e-02 9.998560845489030680e-01 1.096998553647755975e-01
9.899017851946292357e-01 -1.409795020741750338e-01 1.480660877459002468e-02 1.094734519214441981e+01 1.411287557636803358e-01 9.899450248824057663e-01 -9.566713498820187539e-03 3.538257079477433731e+00 -1.330901818623561085e-02 1.155974504436514325e-02 9.998446090915465989e-01 1.264571813067642270e-01
9.911565375723979665e-01 -1.319881045445796541e-01 1.370614045691675130e-02 1.130614955161318136e+01 1.321127784579892439e-01 9.911971712417144698e-01 -8.624470449463074798e-03 3.566728364152715436e+00 -1.244716014221213495e-02 1.035895656678400938e-02 9.998688715142809436e-01 1.465665850838303308e-01
9.922009813664388611e-01 -1.241206863081408956e-01 1.145721632299133950e-02 1.169933522235878343e+01 1.241830354058471447e-01 9.922472372478557956e-01 -4.898355988231080371e-03 3.601989758184184431e+00 -1.076040393599835866e-02 6.282945518895533162e-03 9.999223661378621175e-01 1.421454755409077009e-01
9.929423544039899241e-01 -1.182099394498931921e-01 9.585981739700112289e-03 1.209856337918173708e+01 1.182163615272157353e-01 9.929878554275356484e-01 -1.041186354883195275e-04 3.653683549418018206e+00 -9.506455592275652594e-03 1.236603685992779689e-03 9.999540480009048160e-01 1.120077410485937203e-01
9.934115429890918447e-01 -1.141388228577898539e-01 1.028763202441390114e-02 1.246983329560509546e+01 1.141281384701571949e-01 9.934647141576489204e-01 1.621645151532865150e-03 3.718088080227639480e+00 -1.040549207718243635e-02 -4.368527199527101851e-04 9.999457659765017548e-01 7.144233441176316146e-02
9.938401790357610510e-01 -1.102301557441670160e-01 1.144601672124800559e-02 1.282577650636915045e+01 1.102570351998248405e-01 9.939015794184857810e-01 -1.742589562692949644e-03 3.752650980406484482e+00 -1.118412817840498674e-02 2.993859391505034745e-03 9.999329737951603292e-01 9.615894446262165940e-02
9.942402947445986294e-01 -1.065038390867317775e-01 1.196530676418593696e-02 1.319758423169510309e+01 1.065587946802114272e-01 9.942981487757089898e-01 -4.051495711274557925e-03 3.790795611499677253e+00 -1.146558251786937606e-02 5.303168956904727796e-03 9.999202052246671801e-01 1.479998099879802353e-01
9.947960511955195040e-01 -1.011811968978602594e-01 1.196586478770872777e-02 1.360369908229635172e+01 1.011886768838116402e-01 9.948672530940912972e-01 -1.978688316511500425e-05 3.834930163051991858e+00 -1.190244497172157287e-02 1.230493938876961674e-03 9.999284062813504903e-01 1.520748968581921157e-01
9.955889341778692003e-01 -9.307508301389975924e-02 1.181960509197024778e-02 1.401224203375296185e+01 9.298682092818476297e-02 9.956367032179606058e-01 7.810655474439312171e-03 3.869430671602016147e+00 -1.249501005378388790e-02 -6.677134656898676447e-03 9.998996402622262192e-01 1.041028939181283114e-01
9.965255933768580876e-01 -8.236289689171109873e-02 1.237315483238771163e-02 1.444269414836400500e+01 8.216698698547265922e-02 9.964966936189229019e-01 1.558607892587433180e-02 3.911717951828113549e+00 -1.361352249162721059e-02 -1.451526169794342506e-02 9.998019699836614427e-01 6.297110063772921873e-02
9.974936250268268134e-01 -6.955866275157265854e-02 1.296381375418495692e-02 1.485782196806709798e+01 6.933557682912883102e-02 9.974497295830426769e-01 1.692969995265474967e-02 3.944725192085891674e+00 -1.410835981296874181e-02 -1.598841427183827352e-02 9.997726365491605982e-01 4.428833293991967651e-02
9.982917071682178012e-01 -5.686480917151808673e-02 1.341867642698649395e-02 1.527802747735399080e+01 5.669091040942617760e-02 9.983071040235115268e-01 1.300256640590903047e-02 3.958809114289314035e+00 -1.413534846106545735e-02 -1.221963723178767260e-02 9.998254209559825911e-01 8.494413966281272321e-02
9.988705352253696157e-01 -4.553199594925068372e-02 1.358275389827563913e-02 1.572292682331065450e+01 4.541711764814077013e-02 9.989306626191468697e-01 8.649664953457357822e-03 3.968921597283435077e+00 -1.396206586142048275e-02 -8.023005929796345539e-03 9.998703376402021670e-01 1.291454359003471886e-01
9.992814951353474751e-01 -3.499978381507921205e-02 1.454333568897481568e-02 1.614207567634869633e+01 3.488717748607283314e-02 9.993598286301310640e-01 7.925766045645484675e-03 3.970739266654588207e+00 -1.481142556001083070e-02 -7.412695410764790632e-03 9.998628274016528872e-01 1.268539274129757144e-01
9.995535129515180639e-01 -2.573174913838374017e-02 1.518722596654151040e-02 1.658267487924667805e+01 2.558913070229231618e-02 9.996272944331230370e-01 9.511499051952802819e-03 3.978142712810107895e+00 -1.542631311041318606e-02 -9.118624380551380859e-03 9.998394268847502486e-01 7.844748898711134677e-02
9.997478931057213192e-01 -1.699895727190604139e-02 1.466920864733551287e-02 1.702328270314208680e+01 1.685035190907195612e-02 9.998060423618736481e-01 1.019525856600841246e-02 3.960700647509286743e+00 -1.483967220701270379e-02 -9.945506943099764741e-03 9.998404227777716313e-01 6.308609898434436314e-02
9.998538296404003711e-01 -9.893734889237192076e-03 1.394393643727496503e-02 1.749148423552125209e+01 9.756372161086390021e-03 9.999035462436548505e-01 9.884908275626165530e-03 3.971661686035869554e+00 -1.404039015411082114e-02 -9.747421161756321048e-03 9.998539169423780182e-01 7.531691811898016953e-02
9.998898252624035532e-01 -3.844867876784232100e-03 1.433716595879685161e-02 1.796375260854202693e+01 3.701909087711307590e-03 9.999433017536534241e-01 9.984445257913032723e-03 4.002118009215107186e+00 -1.437474193946906668e-02 -9.930270339321801282e-03 9.998473666141055594e-01 8.405138181103098682e-02
9.998853233662801099e-01 1.003653509194966107e-03 1.511068484030111785e-02 1.843052148366443532e+01 -1.177465831571993492e-03 9.999332012734090114e-01 1.149811138090238265e-02 3.993959315257554543e+00 -1.509813534595931019e-02 -1.151458513128619278e-02 9.998197140676560180e-01 6.578722313600801619e-02
9.998591743223437245e-01 6.690394235998894587e-03 1.539058635686324505e-02 1.888223605850362219e+01 -6.892678083254680232e-03 9.998900663530394528e-01 1.312806906422447212e-02 3.990557362589197687e+00 -1.530106245597909372e-02 -1.323230265227257237e-02 9.997953708905822356e-01 4.764975036096932848e-02
9.997943498992238887e-01 1.346167508756260928e-02 1.516710959363210855e-02 1.937712830273929399e+01 -1.366547822502927473e-02 9.998166343244787591e-01 1.341463502868302064e-02 3.988653742433030391e+00 -1.498374500816140008e-02 -1.361914211352590991e-02 9.997949821606537668e-01 4.361522304315566811e-02
9.996696860708861321e-01 1.974049960467706005e-02 1.645695677498432499e-02 1.986985646193403099e+01 -1.998345734744849667e-02 9.996917693891728129e-01 1.473185826661656955e-02 3.973531970684693881e+00 -1.616106999485691226e-02 -1.505585902241107776e-02 9.997560407047904052e-01 6.205912301123247404e-02
9.995518763921718008e-01 2.491906059548331526e-02 1.658574146449648054e-02 2.039116317717154203e+01 -2.517182328559838117e-02 9.995674307484501142e-01 1.520955947491515331e-02 3.972566113675851884e+00 -1.619955904853876902e-02 -1.562023706545470278e-02 9.997467591748682159e-01 5.473832973548054676e-02
9.994847707235954282e-01 2.896199222415404145e-02 1.383459786224583953e-02 2.090399505071190944e+01 -2.916491937116998459e-02 9.994665354285962033e-01 1.469870866544863673e-02 3.971931739947068163e+00 -1.340151370835288534e-02 -1.509462039160381491e-02 9.997962551768025952e-01 5.605421919512162260e-02
9.994100294397080253e-01 3.207010433314679693e-02 1.229233352065629142e-02 2.139813621758621665e+01 -3.225499432597905142e-02 9.993648432464048437e-01 1.515009650529732486e-02 3.936886665354265791e+00 -1.179866078642107137e-02 -1.553764754233542475e-02 9.998096684431978520e-01 7.038595556560201492e-03
9.992566171700312250e-01 3.466988877272253466e-02 1.685858399726029855e-02 2.190745433804451636e+01 -3.489520830059009149e-02 9.993030063867995860e-01 1.325993453839273764e-02 3.917907285771027759e+00 -1.638711321630694981e-02 -1.383836113096777870e-02 9.997699546803978654e-01 2.176928271167117429e-02
9.991037785733217769e-01 3.774223428721624335e-02 1.916150807007709761e-02 2.243333101253233153e+01 -3.802388169803800483e-02 9.991708488641664054e-01 1.455332266786068217e-02 3.911862148247541970e+00 -1.859634537010865576e-02 -1.526887458426899428e-02 9.997104767920588220e-01 5.570133449318658003e-02
9.990412961414545379e-01 4.173193458682792484e-02 1.322627081392436545e-02 2.299147621044282985e+01 -4.200837226991042256e-02 9.988888732515681657e-01 2.136154379826380248e-02 3.923692204637270642e+00 -1.232011620217820895e-02 -2.189667851189390849e-02 9.996843252781908440e-01 4.402196896219144617e-02
9.989780862710914144e-01 4.456105189374661574e-02 7.556176564280685064e-03 2.354441029089377579e+01 -4.475983431587219480e-02 9.985890231729821487e-01 2.857481461785879931e-02 3.888049441393379713e+00 -6.272191177207034514e-03 -2.888382683357847147e-02 9.995630966403693529e-01 -2.015932997279944877e-02
9.989908210463068761e-01 4.451379546556640671e-02 5.988445413913172193e-03 2.407334100670376031e+01 -4.464666923531235287e-02 9.987080351383615939e-01 2.426799283553710690e-02 3.843847282599259785e+00 -4.900448083421628069e-03 -2.451086622954780705e-02 9.996875527109752024e-01 -6.744884769220196863e-02
9.990268377269139188e-01 4.373489641437076220e-02 5.712822156049930135e-03 2.458806607669819755e+01 -4.380442363531509425e-02 9.989597541184890295e-01 1.267210012215312827e-02 3.804189196234292858e+00 -5.152666430135392772e-03 -1.291001499427030241e-02 9.999033861036312754e-01 2.620787702071306416e-02
9.990403261370696120e-01 4.293527529718585423e-02 8.659612410057616894e-03 2.517072823915021118e+01 -4.302769135361300679e-02 9.990156765621349688e-01 1.078405118115876096e-02 3.799055403656993679e+00 -8.188072344317575552e-03 -1.114630513912557609e-02 9.999043531023503739e-01 1.029034536458455079e-01
9.989898355452966339e-01 4.257784506434755117e-02 1.436786646853315495e-02 2.577271980609121016e+01 -4.284511719925002821e-02 9.989041260027796687e-01 1.883727652304149208e-02 3.785722854371019519e+00 -1.355007045604242344e-02 -1.943384069862197361e-02 9.997193213229085273e-01 4.314980783641118173e-02
9.989528202536670509e-01 4.185979048348860421e-02 1.846674979316010115e-02 2.636810697695036509e+01 -4.232558552935639096e-02 9.987758921851924709e-01 2.559808585168017042e-02 3.773498816624138552e+00 -1.737261398989450867e-02 -2.635289605245101641e-02 9.995017344421203154e-01 -6.547715241502424788e-02
9.990025908379825959e-01 4.055117135839682307e-02 1.869293985600676763e-02 2.693786310577856469e+01 -4.100149840730025336e-02 9.988617894106441852e-01 2.437217232259254393e-02 3.760709576767498064e+00 -1.768334321768664022e-02 -2.511430183835354490e-02 9.995281742981623196e-01 -9.360059806729849330e-02
9.990956867883878934e-01 3.868505658605524838e-02 1.764298834589270518e-02 2.751156343374682223e+01 -3.898376083331388242e-02 9.990967013825993170e-01 1.691294408730079774e-02 3.734964952050199294e+00 -1.697277325985901975e-02 -1.758543952657661349e-02 9.997012940296349237e-01 -2.434922562822029735e-02
9.991680661258299789e-01 3.690799772475959056e-02 1.734864082048318684e-02 2.810075163477882754e+01 -3.713544688194920368e-02 9.992259867923414252e-01 1.297635941816698869e-02 3.705449918201852544e+00 -1.685628129947184042e-02 -1.360981347486668082e-02 9.997652918350048434e-01 3.320776179317925375e-02
9.991992231890118870e-01 3.562087669934937278e-02 1.822266505330220887e-02 2.871879577233404035e+01 -3.589048620750318747e-02 9.992477771940120324e-01 1.468852520217853348e-02 3.682587114562340336e+00 -1.768573940394114336e-02 -1.533078328056850653e-02 9.997260533294809459e-01 5.922719006782091878e-05
9.991762955792595768e-01 3.580345751985385822e-02 1.910085815171844517e-02 2.934685028237326421e+01 -3.616871677213286812e-02 9.991625309625978835e-01 1.913271145114672084e-02 3.672514344223979599e+00 -1.839984455274781133e-02 -1.980780528073785088e-02 9.996344814833044712e-01 -6.274275408942381338e-02
9.991596488750792426e-01 3.607117663287055104e-02 1.946448756450033790e-02 2.998053784587878923e+01 -3.648343504942020560e-02 9.991081370554456553e-01 2.125769123379698741e-02 3.662900437625802308e+00 -1.868033797400550644e-02 -2.194995867688514721e-02 9.995845358383952384e-01 -7.328246074203181859e-02
9.991392414968505165e-01 3.661995203940490023e-02 1.948730904280699186e-02 3.060478279196764007e+01 -3.699533333274700880e-02 9.991297405792038955e-01 1.926413251957212816e-02 3.644527782599705112e+00 -1.876489841957905066e-02 -1.996849024749700746e-02 9.996244984915778620e-01 -6.913581616666937546e-02
9.991365747905203154e-01 3.652069172127120344e-02 1.980767507980045125e-02 3.124104824417832660e+01 -3.678835622741026545e-02 9.992342861215895988e-01 1.332134697252786507e-02 3.610484271629881281e+00 -1.930600326199702690e-02 -1.403853679260005580e-02 9.997150582654892315e-01 -5.908489953697489139e-02
9.991281945683833099e-01 3.658087280925594043e-02 2.011692230526055183e-02 3.188226486864810383e+01 -3.680228096181481501e-02 9.992647646342490697e-01 1.074812897514321360e-02 3.591500818158729569e+00 -1.970895569355447449e-02 -1.147910732468816579e-02 9.997398597437724410e-01 -4.735509647417977114e-02
9.990758203557559280e-01 3.720647215013912767e-02 2.152170092288537354e-02 3.253423446356457305e+01 -3.751939570019087455e-02 9.991932410774320150e-01 1.432347483919785280e-02 3.575608998338816846e+00 -2.097141213093916406e-02 -1.511771858838352467e-02 9.996657713745713547e-01 -4.815457941871160302e-02
9.990439625941092139e-01 3.754794575868725115e-02 2.239001057531448888e-02 3.321884569662787356e+01 -3.802855280629269252e-02 9.990466175179351094e-01 2.144027046078540027e-02 3.559618624870600989e+00 -2.156362621914558603e-02 -2.227123245972927740e-02 9.995193856194114490e-01 -8.917464512124123610e-02
9.990389424461054713e-01 3.819060797250082434e-02 2.150974055766488938e-02 3.389049907669301831e+01 -3.866921206112333698e-02 9.990033751684215257e-01 2.229234040368865272e-02 3.546812012510625944e+00 -2.063694538295749933e-02 -2.310268090055379170e-02 9.995200761467816220e-01 -1.532640413961314507e-01
9.990675884576336596e-01 3.825291179733105590e-02 2.001670383639271231e-02 3.455828972302590074e+01 -3.862429907252133698e-02 9.990823822345304972e-01 1.850829624065548906e-02 3.532791882906614500e+00 -1.929033992973362699e-02 -1.926417004703408556e-02 9.996283181952151375e-01 -1.434623460110445725e-01
