1.000000000000000000e+00 -1.123966364506625005e-19 0.000000000000000000e+00 0.000000000000000000e+00 0.000000000000000000e+00 1.000000000000000000e+00 0.000000000000000000e+00 0.000000000000000000e+00 0.000000000000000000e+00 0.000000000000000000e+00 1.000000000000000000e+00 0.000000000000000000e+00
9.999999998234945231e-01 -1.293456851508468131e-05 -2.552083844363717746e-05 -5.236997743425675367e-03 1.293477255202846177e-05 1.000000000115530918e+00 -4.319183980216614163e-07 4.351303923245362915e-04 2.551987087746345021e-05 4.317337282267375770e-07 1.000000000004357847e+00 -1.305949160856911817e-05
9.999999990824625096e-01 -8.639023739932222387e-05 2.583753571862358283e-06 -5.046569527948907563e-03 8.638748236459645180e-05 9.999999960808234611e-01 -7.571892063220407956e-05 8.783232117244334225e-04 -2.579193451189083880e-06 7.571537820467131880e-05 1.000000001020096452e+00 1.519504790710168862e-04
9.999999856792821662e-01 -1.160036029799126712e-04 1.589078934349651313e-04 6.795322737256359602e-04 1.160085271304719945e-04 9.999999978269150658e-01 -5.063657295965059806e-05 2.589725197809887580e-04 -1.589017049010769641e-04 5.065192351977000271e-05 9.999999918629358664e-01 9.771458811032029956e-04
1.000000005058371277e+00 -3.525188254726136460e-05 9.237574946953747916e-05 3.120656269887778222e-03 3.525509044213781529e-05 1.000000003386896985e+00 -8.044588207444235703e-05 7.017181051676216197e-05 -9.237526630704071895e-05 8.044112395238127509e-05 1.000000002012685352e+00 6.087326955892535807e-04
1.000000006863027702e+00 7.180213204640076546e-05 5.376560109651532681e-05 5.809486391590290566e-04 -7.180662271583093670e-05 1.000000005914042811e+00 2.626995648002119271e-07 3.500543096169594914e-04 -5.376947814052644606e-05 -2.716908103703370913e-07 1.000000009274146118e+00 -3.387580349856200712e-05
1.000000011248957543e+00 -5.568910377472588487e-06 -4.196297833698361929e-05 -3.517074962659849646e-03 5.565574948196601313e-06 1.000000009499135700e+00 2.578538459682817131e-05 3.691268120942954589e-04 4.195519641290133828e-05 -2.578975524808796294e-05 1.000000009637157294e+00 -3.993976619973693687e-04
1.000000012335930055e+00 -1.671618043190672081e-05 -3.554014281944026997e-05 -2.910608595759089923e-03 1.671867371338345981e-05 1.000000001160841645e+00 1.565841585681771201e-04 7.065987774125710719e-04 3.553142326976988310e-05 -1.565852663504275187e-04 1.000000001994449716e+00 9.301663161662698798e-04
1.000000012390708459e+00 -2.047373550104832247e-05 4.732449244693585254e-05 -5.162874784248039362e-04 2.047096316482293482e-05 1.000000014493663603e+00 -6.319555864304086446e-05 1.937715760546489946e-03 -4.732670417412923825e-05 6.318851793665968507e-05 1.000000015480898785e+00 1.079049821212541005e-03
1.000000000369493103e+00 -1.628862336402391801e-04 3.578180061005890910e-05 1.549407872385444307e-03 1.628841651135455246e-04 9.999999979881685208e-01 -1.097588206351050378e-04 1.117488379116942515e-03 -3.576741822563515898e-05 1.097554481618323878e-04 1.000000012207994837e+00 -1.457521740020784051e-03
9.999999815411090287e-01 -2.425322148494720093e-04 1.207714476750587526e-04 -1.793864326681715582e-03 2.425403625491177537e-04 9.999999828242968070e-01 -1.127509832228885939e-04 -5.060670803853049848e-04 -1.207449382601886268e-04 1.127682227481293780e-04 1.000000008358594039e+00 -1.186445598067464857e-03
1.000000012769693747e+00 -1.311447618995696119e-05 1.329287605528185984e-04 -3.395212455419738262e-03 1.313305274893480229e-05 1.000000005280597071e+00 -1.825231880756400234e-04 1.822601961263027592e-03 -1.329272677782704739e-04 1.825090552860177042e-04 9.999999970072560584e-01 4.580700483496347175e-04
1.000000015847789525e+00 7.112990988515151974e-05 8.776848094018867904e-05 -2.931816641296824955e-03 -7.112708304534733073e-05 1.000000015260716690e+00 -1.031781820124703697e-04 2.631402586027984519e-03 -8.777847047789347267e-05 1.031589684789658375e-04 1.000000014251115399e+00 5.537249473275274170e-04
1.000000021189362931e+00 -6.320727706394957553e-05 1.846889085664485484e-05 -3.302042616695199939e-04 6.319965842652239957e-05 1.000000020884233232e+00 5.714691430417793218e-05 1.416223172393447916e-03 -1.847634362773956522e-05 -5.715276112823886989e-05 1.000000022245313813e+00 4.621739707368899275e-04
1.000000019802653073e+00 -8.856999621153817403e-05 3.074884951163227450e-05 -2.762487568432892004e-04 8.856103227922618865e-05 1.000000019602461210e+00 5.459252889698123953e-05 2.856486026294419861e-03 -3.075726656218592955e-05 -5.459721978608052918e-05 1.000000023205615429e+00 6.939979485676150972e-04
9.999999921031339500e-01 -2.245375703154922826e-04 1.234566004412016743e-04 4.558362362889756270e-04 2.245403042850594583e-04 9.999999972263853287e-01 -8.610906667631164639e-05 1.097617387428487246e-03 -1.234384832937750014e-04 8.612404767726582601e-05 1.000000014631201806e+00 1.032740931056652656e-03
1.000000011622369511e+00 -4.072774178132584211e-05 1.688817007642152762e-04 9.352285970321005948e-04 4.074273473960408898e-05 1.000000017708435829e+00 -1.353156763513608239e-04 1.117093705913740215e-03 -1.688763253789355334e-04 1.353086398879540923e-04 1.000000002899710472e+00 -5.444766830275948877e-04
1.000000020633900588e+00 -1.119477278376075435e-04 -2.054467500309885134e-05 -1.541238229978647567e-03 1.119378635709451092e-04 1.000000018061776963e+00 -8.536080760607665482e-05 7.661761297176224172e-04 2.054790350306585250e-05 8.534631770400591779e-05 1.000000022815262124e+00 -1.722729947533530037e-03
1.000000025781976776e+00 -4.795365272058789939e-05 -6.108868597577243702e-05 -3.718901649107486662e-03 4.794540686723323952e-05 1.000000031473612827e+00 1.635635585249780227e-05 -3.759204676164577819e-04 6.107601604406877945e-05 -1.636873417871516069e-05 1.000000028441706323e+00 -3.889913655934496006e-04
1.000000031222487040e+00 5.827136740848101764e-05 -3.016349776315466118e-05 -2.295220577534173856e-03 -5.828200464142851284e-05 1.000000034679795924e+00 7.460756346769127554e-06 4.064574367684641032e-04 3.015497050408450579e-05 -7.465458854302665161e-06 1.000000031895316388e+00 4.037881773431006849e-04
1.000000021297056785e+00 -1.351700824206476673e-04 9.476433231596057309e-05 -9.090095550923216194e-05 1.351551473868445666e-04 1.000000028031153620e+00 3.888391694353864926e-05 6.529003948587235040e-04 -9.477524668256117788e-05 -3.887730315615862433e-05 1.000000027580654205e+00 5.500781803813303839e-05
1.000000014673936288e+00 -1.869088355395351092e-04 8.524542431956605708e-05 8.428032549023800613e-04 1.869016981875118791e-04 1.000000023951260530e+00 -3.257868122181302781e-05 2.988863328185729917e-04 -8.524790646239584549e-05 3.258644624656329775e-05 1.000000032128511629e+00 -7.143609620896551604e-04
1.000000020116758925e+00 -5.216761270075721948e-05 1.745646258195258850e-04 -3.214737800369960041e-03 5.217904955037884485e-05 1.000000033362144380e+00 -1.254777563203816264e-04 -6.042841447777107244e-04 -1.745633247287746339e-04 1.254758950079094468e-04 1.000000013973469493e+00 -1.710305714515136799e-04
1.000000037304912492e+00 -1.421275992563236844e-05 -2.598064384350663309e-06 -2.972326737284980425e-03 1.420140954338459244e-05 1.000000041353772406e+00 -5.424845779968208751e-05 -6.549740479354325406e-04 2.587652519384162945e-06 5.423978043282002664e-05 1.000000036453554619e+00 -8.789383899532321465e-04
1.000000036276647908e+00 -1.970548404031697854e-05 -7.619216702206518300e-05 -1.482437012947146471e-03 1.969100848913871160e-05 1.000000043932523397e+00 -7.995303052100750314e-06 3.834625994132180582e-04 7.617918423971170670e-05 7.987153369644539651e-06 1.000000037844855028e+00 -1.882129804975374299e-04
1.000000034556543183e+00 -8.645430977663700928e-05 6.325149595393824483e-05 -2.036921255051504787e-03 8.644512268586503762e-05 1.000000037413023346e+00 -8.196545356110420733e-05 3.622889823090801042e-04 -6.325317423040676659e-05 8.196099414571272695e-05 1.000000036216727617e+00 1.067941730282573332e-03
1.000000038692227422e+00 -9.250000737091831394e-05 -2.202293474244631830e-05 -1.460906947580831172e-03 9.248080557314620337e-05 1.000000042806391098e+00 9.015271929911084761e-06 -4.051047823822630234e-04 2.201029131384705934e-05 -9.024334926899240668e-06 1.000000046750812999e+00 4.621917151235166443e-04
1.000000036318173136e+00 -6.570293086326883358e-05 9.995367472231961119e-05 -1.066843625497471137e-03 6.568117301984296996e-05 1.000000044768097895e+00 2.435253898184642143e-05 6.261575757919961294e-04 -9.996295820634566579e-05 -2.435238521602721149e-05 1.000000042061385264e+00 5.787440930189458044e-04
1.000000004657238373e+00 -1.212300820578578940e-04 2.522290474317210132e-04 -1.752367336671944997e-03 1.212545586857256136e-04 1.000000025156096539e+00 -1.768074215313145093e-04 1.973753545253701530e-03 -2.522102560241040975e-04 1.768247783970483555e-04 1.000000001164041752e+00 1.473475182684147455e-03
1.000000014737522980e+00 -1.735721870195771363e-04 1.734934809092175461e-04 -1.271326331130362419e-03 1.735894799738549668e-04 1.000000008884128544e+00 -2.220409791417892224e-04 1.857389244490796620e-03 -1.734605307110862794e-04 2.220559453685023131e-04 1.000000010294956443e+00 -8.210475418124474345e-05
1.000000034626775003e+00 -1.245469006977754879e-04 8.518850780124517027e-05 -2.166173537457849463e-03 1.245376276647796113e-04 1.000000029980483207e+00 -1.551841563415631462e-04 1.122246701291483573e-03 -8.517869198171355101e-05 1.551808881202070304e-04 1.000000035775033158e+00 -5.497538353154141078e-04
1.000000041122528716e+00 -1.020370533843577244e-04 -8.616248402909444675e-06 -6.941754729834492821e-04 1.020137287291314823e-04 1.000000044977597646e+00 -2.598020993089946863e-05 7.915233219014626564e-04 8.605619796761765160e-06 2.596947537814854964e-05 1.000000051842066640e+00 -2.995143467465766207e-05
1.000000043413878048e+00 3.524416549907863338e-06 9.011462338821623567e-05 -1.175219328322096857e-03 -3.546015642392000289e-06 1.000000051136966217e+00 -1.836034852187714024e-05 -2.989065873305191134e-05 -9.012454662099031292e-05 1.835129486477284807e-05 1.000000048427861499e+00 1.187146828646179486e-03
1.000000024981472890e+00 -1.347802544246659942e-04 1.698947104046708771e-04 -2.963166571461339771e-03 1.347742042144862984e-04 1.000000038116183765e+00 -1.032342197822439260e-04 9.094628962938999805e-04 -1.698890474915168490e-04 1.032449704834379319e-04 1.000000033363980467e+00 1.831255076130133830e-03
1.000000030023886488e+00 -5.063745788431483135e-05 1.975816819015235599e-04 -7.246611768563226974e-04 5.063883802831643105e-05 1.000000045293658602e+00 -1.270298345763186637e-04 1.879741719674091899e-03 -1.975820295448563006e-04 1.270276112340193333e-04 1.000000025875878995e+00 2.266390146126173732e-04
1.000000038492420140e+00 -1.527273637238586929e-04 5.466457975357661830e-05 -8.766592933304728774e-04 1.527104467384686123e-04 1.000000035265497855e+00 -1.278664617181252659e-04 8.624701320899055834e-05 -5.465648984645236121e-05 1.278633204393413267e-04 1.000000044220740847e+00 -7.184970687337255413e-04
1.000000046932753683e+00 -8.933091698682327968e-05 4.401915787788874748e-05 -1.477356811441232765e-03 8.930815700560184450e-05 1.000000051137717616e+00 -2.179053428123449529e-05 5.945663226982790539e-04 -4.402925845505924250e-05 2.178677148677522196e-05 1.000000052914958193e+00 4.634546431252495324e-04
1.000000047363720279e+00 -4.963565818271461707e-05 8.295883867279134458e-05 -2.862810165930262940e-03 4.960319764244977558e-05 1.000000049076810615e+00 1.033800811398155047e-04 -2.225301001887794450e-05 -8.297477752145182659e-05 -1.033794755690559922e-04 1.000000045740613963e+00 1.068098351884483321e-03
1.000000049508396716e+00 -3.847778276993312532e-05 6.322638217560304786e-05 -1.916687552674156692e-03 3.844854659819374465e-05 1.000000052674598905e+00 9.048344698932004986e-05 -5.734262318940648584e-04 -6.324187284477741217e-05 -9.048496122708045821e-05 1.000000050340359437e+00 1.050031423454944601e-03
1.000000048084870086e+00 -8.467992850796354299e-05 6.663444016257331340e-05 -2.664371158425327124e-03 8.465480198153151059e-05 1.000000059262945440e+00 2.852251171648862601e-06 1.350139899043329567e-03 -6.665113872562866378e-05 -2.854327978109620874e-06 1.000000058289532978e+00 3.862506047578317947e-04
1.000000041110112203e+00 -1.558889629483559776e-04 6.810997034922635263e-05 7.130216177786419252e-04 1.558695725354924261e-04 1.000000051540516077e+00 -8.438139944737395835e-05 1.344652572740721169e-03 -6.811729857210291231e-05 8.438134009175020302e-05 1.000000057450606938e+00 -8.386056064142444200e-04
1.000000007211968134e+00 -3.084984113250857402e-04 -4.906571870318522741e-05 -2.592538460191251559e-03 3.084744139406712243e-04 1.000000019935528561e+00 2.531022903404990084e-05 -2.065951036833921228e-04 4.903340003217289698e-05 -2.533218540964334123e-05 1.000000062141426671e+00 -1.266184130534364627e-03
1.000000040940590917e+00 -1.588718472143432672e-04 -8.909986781510369496e-05 -1.855441828132464721e-03 1.588476542653651305e-04 1.000000056265645476e+00 1.489546455626028868e-05 2.161733704852605853e-04 8.907209666252815096e-05 -1.491542949075025307e-05 1.000000060078207742e+00 -1.795451608588294334e-04
1.000000058381231627e+00 2.626874049731383714e-05 2.203854528742608769e-05 2.689136332656438810e-05 -2.629707059501485561e-05 1.000000061383931493e+00 1.269194216153682374e-04 9.057864614625509014e-04 -2.205722934532798932e-05 -1.269210867962477065e-04 1.000000056684460459e+00 1.144725425667569851e-03
1.000000056997490061e+00 5.732972788268829250e-05 5.860204898210128550e-05 -3.097300416442516635e-03 -5.736302135248179390e-05 1.000000064739642092e+00 1.006353781832392019e-04 -8.113029241911887124e-05 -5.861772741606783535e-05 -1.006409119414512803e-04 1.000000060442355121e+00 2.079950880299552551e-03
1.000000052236533987e+00 -7.536627271344977365e-05 1.110686090414784652e-04 -2.998904197836438357e-03 7.534611067583525668e-05 1.000000067380148794e+00 -6.892765957817098338e-05 1.501606256087872210e-03 -1.110839320172002132e-04 6.892815173354569197e-05 1.000000059388673534e+00 1.892881083564335043e-03
1.000000053665721200e+00 -1.264589192047600253e-04 -8.631383778024514280e-06 -1.245607850018037865e-03 1.264305322856047742e-04 1.000000064983336046e+00 -2.242560528724429306e-05 1.497309995225199614e-03 8.610167099820607568e-06 2.241832417092085139e-05 1.000000068147733012e+00 -4.529197845051236015e-04
1.000000063374718140e+00 -3.415228441943777741e-05 -1.331312767398335398e-05 -2.046343388587779089e-03 3.412401975468742910e-05 1.000000075015610168e+00 -9.511933461287807055e-06 1.914776314392262202e-04 1.328843743552129633e-05 9.505335296299310523e-06 1.000000068526815777e+00 -1.096778012061205843e-03
1.000000064781485731e+00 1.027233337690547551e-05 8.617931526477994237e-05 -2.176917837087843921e-03 -1.030095088105833362e-05 1.000000076213211520e+00 2.193303312220185175e-05 5.291635396025354265e-05 -8.620113235316139994e-05 -2.193658411119823686e-05 1.000000069078940568e+00 6.923411488430897265e-04
1.000000065525874504e+00 -9.594105212353803828e-05 8.183522206705409502e-05 3.925340332460169890e-04 9.590958305956756580e-05 1.000000075349972484e+00 5.777418544799859101e-05 -6.161169162187223047e-04 -8.186022354202799299e-05 -5.776725867664145173e-05 1.000000068712375567e+00 2.582225228812795592e-03
1.000000054280082429e+00 -1.981171005509495524e-04 -6.867411603477317830e-06 7.118090325497483661e-05 1.980906566700713425e-04 1.000000061812702734e+00 3.424302721137942790e-05 5.699728850873386765e-07 6.838081687294290556e-06 -3.424600081515622813e-05 1.000000073326922756e+00 1.832443035508557472e-03
1.000000073477911977e+00 -9.906235880003976316e-05 -1.857327538050644667e-05 -3.451429550630269460e-03 9.903677909350091374e-05 1.000000079638245554e+00 6.447291411590794338e-05 -5.872649506226783334e-04 1.854260275684035703e-05 -6.447458920496092368e-05 1.000000072082582125e+00 7.666277573987745342e-04
1.000000073770785924e+00 -1.001208912400866651e-04 -1.261189461767488596e-05 -7.952074697721300822e-04 1.000938977893739770e-04 1.000000082234637766e+00 2.940261358860013648e-05 -1.218657706996504470e-03 1.258550383975017651e-05 -2.940461471404305668e-05 1.000000074859233701e+00 -1.714135073240807827e-04
1.000000078437040862e+00 -3.368905296978766341e-05 -6.672477091411693328e-05 -2.871933460829811935e-03 3.366142819370091660e-05 1.000000089449987639e+00 -1.814250637350570120e-05 9.517305520598436097e-04 6.670215826846312673e-05 1.813628964155383113e-05 1.000000074062115774e+00 -2.255826057544485508e-04
1.000000077294716183e+00 -5.866459591372578079e-05 7.680300436493642106e-05 -4.194898169407546007e-03 5.863470343412790359e-05 1.000000087274183214e+00 5.230958228492550065e-05 1.316844643656379238e-03 -7.682435499276339718e-05 -5.230699774975217304e-05 1.000000072917474947e+00 8.546771699846633652e-04
1.000000067425320882e+00 -1.398699901287143814e-04 9.933998766131227830e-05 -1.380037590984262152e-03 1.398530335765500732e-04 1.000000076922301195e+00 -8.936950393715637224e-05 1.686619200653761280e-03 -9.934529907164169732e-05 8.937675000581829412e-05 1.000000068596635039e+00 4.953570656021089036e-04
1.000000068164639710e+00 -1.695363956678099286e-04 1.285149338488625167e-05 3.871473999335073302e-04 1.695103290815002176e-04 1.000000076554889539e+00 -3.810167811694054328e-05 1.920709618670017604e-04 -1.286556202231863579e-05 3.809888108211140450e-05 1.000000077807987608e+00 -6.387849763918040935e-04
1.000000074191069288e+00 -1.316330581049801423e-04 -8.353914918168222310e-06 -8.351893655509368131e-04 1.316075696004836981e-04 1.000000077499050732e+00 1.095793383445507025e-04 -1.681310170015059419e-03 8.317874613634478222e-06 -1.095803102994930142e-04 1.000000073005371970e+00 -3.311792448337236294e-04
1.000000082841822735e+00 3.002671284989071225e-05 -2.667509011974927014e-05 -1.941082637390234567e-03 -3.005262688182165631e-05 1.000000092453979583e+00 2.358092062644213331e-05 8.686960971947266241e-04 2.665405488628268913e-05 -2.358277995973346574e-05 1.000000078713503049e+00 6.483628636646532328e-04
1.000000082766169918e+00 1.570614074913976528e-05 -7.732590417914164281e-05 -4.540166421301394806e-03 -1.572863311620747301e-05 1.000000093452340977e+00 6.410633877032910326e-05 1.005619312249156350e-03 7.730534854686745374e-05 -6.410545952554650415e-05 1.000000075480087514e+00 3.614405170200285511e-04
1.000000079693516453e+00 -1.186814006558670149e-04 3.776521702913844368e-05 -3.241517094747736749e-03 1.186551006399369848e-04 1.000000088958483913e+00 -4.077902129349028344e-05 -4.375394963659628988e-04 -3.777869184817630625e-05 4.077821477814692246e-05 1.000000079584346002e+00 1.262303805048103911e-03
1.000000074858751198e+00 -1.055863014338849482e-04 -1.233446411962152130e-04 -3.172084562374610783e-03 1.055395450349242911e-04 1.000000079777170869e+00 -1.588859297642715624e-04 1.024631049713523034e-03 1.233384690065587050e-04 1.588630697078788465e-04 1.000000062007882162e+00 1.041157403493864209e-03
9.999997490697288827e-01 -8.962373922853932202e-05 -8.194366083443665192e-04 -3.443572567998209877e-03 8.951569396176486948e-05 1.000000089657208990e+00 -1.000444795230870159e-04 1.867846326792359929e-03 8.193991246398397424e-04 9.996303021714929011e-05 9.999997427997453503e-01 -7.511443332819389695e-05
9.999992010228956341e-01 -7.258818973778307878e-05 -1.330686818477348158e-03 -6.014012744692820434e-05 7.274648834774792572e-05 1.000000086462520477e+00 1.385307250336490479e-04 3.217623255453713055e-03 1.330613104770665906e-03 -1.386275670789459478e-04 9.999991887694494874e-01 -5.776454103496586612e-04
9.999990020524476275e-01 -2.393762763500490657e-04 -1.456347017595826469e-03 1.252868955385166849e-02 2.399193270079119644e-04 9.999999981821426909e-01 3.888393154836935128e-04 1.590921105596776464e-03 1.456189305820713899e-03 -3.891819932740685174e-04 9.999989509720108583e-01 4.067778545668865320e-05
9.999992411173161955e-01 -3.580289409020089020e-04 -1.253995767776099795e-03 2.828353763669544385e-02 3.585241222448486142e-04 9.999999533305016230e-01 4.133637207006014445e-04 -2.884215707552099245e-03 1.253789984042720518e-03 -4.138060653066202074e-04 9.999992158613134619e-01 -2.951288416468411668e-04
9.999997209594707614e-01 -4.083617139902126448e-04 -7.583608052127408005e-04 4.616217086461360530e-02 4.083372428576887564e-04 1.000000020162297831e+00 -1.037257093197942602e-06 -2.621256230003959214e-03 7.583197921645062206e-04 7.200945342690556423e-07 9.999998004595808121e-01 -8.091202869240365914e-04
9.999998534513595549e-01 -5.565255651864177292e-04 -4.239322054414672433e-04 6.849058716245659539e-02 5.564112950832622237e-04 9.999999309947018578e-01 -2.083396864554148216e-04 -2.332183315775723104e-03 4.240158159423219257e-04 2.080902482961419697e-04 9.999999810488235941e-01 -3.384946508155906031e-04
9.999997234333120044e-01 -4.184907965759916779e-04 -7.625501335490864714e-04 8.835014473126734380e-02 4.184780566623214418e-04 1.000000022896184504e+00 2.254606995515956192e-05 -1.105330520387286936e-03 7.624941252793741766e-04 -2.287386611631699528e-05 9.999998059194193933e-01 8.396360167095551219e-05
9.999996034847468129e-01 -2.407316430583388337e-04 -9.711608878569018147e-04 1.042000639253215510e-01 2.409728469912209708e-04 1.000000045475046173e+00 2.813460996678450758e-04 -1.083202664840236806e-03 9.710370333699136101e-04 -2.815815544936119824e-04 9.999995881820481491e-01 2.664580929707671686e-03
9.999994814232721074e-01 -2.349782400824615056e-04 -1.091387055887894442e-03 1.274846167265748509e-01 2.351799503262112442e-04 1.000000064344133577e+00 2.145921666833835886e-04 -2.469046377828038735e-03 1.091276437341768667e-03 -2.148525927240805872e-04 9.999994820644810822e-01 2.166880851135699615e-03
9.999993338569177492e-01 -6.252331030987095780e-04 -1.074248468750148159e-03 1.591140337546768091e-01 6.252487223463287086e-04 9.999999199016145202e-01 4.526857264084018341e-05 -3.193151955719373408e-03 1.074159867874896826e-03 -4.595114142467745768e-05 9.999995237465362230e-01 1.686700756388326283e-03
9.999991510721980559e-01 -1.035344331651036820e-03 -9.228739084991775246e-04 1.877483909349575431e-01 1.035248152451226887e-03 9.999995847477847200e-01 -6.871872392738266827e-05 -4.564641441592395821e-03 9.228878371195666473e-04 6.774862222434632276e-05 9.999996743116326137e-01 2.691116401283277781e-03
9.999993294876908800e-01 -7.770057087995341401e-04 -9.820802043112441138e-04 2.150199535217145463e-01 7.770581202766468909e-04 9.999998180406542980e-01 8.683045265760984800e-05 -4.018789018981869937e-03 9.819536392161834926e-04 -8.760284792343448845e-05 9.999996165896680722e-01 4.058972906871405328e-03
9.999994984859220670e-01 -4.897420701944469766e-04 -1.000954102970046632e-03 2.436251119429320156e-01 4.898375931548498013e-04 1.000000001147474116e+00 1.281847814160009071e-04 -4.042084014758751120e-03 1.000830940928774644e-03 -1.286810428065920215e-04 9.999995937389902778e-01 4.521811594955904567e-03
9.999993461819028928e-01 -5.885996092991709928e-04 -1.095813326120469991e-03 2.820355930798148503e-01 5.887816430075248561e-04 9.999999372996660751e-01 1.962112892646324385e-04 -6.484654040315045859e-03 1.095634461014541924e-03 -1.968599285531039210e-04 9.999994839960715254e-01 5.909699980974458811e-03
9.999989096421196821e-01 -7.947796770362752566e-04 -1.339716924003554353e-03 3.210589168465856069e-01 7.949511910768100945e-04 9.999998035867910806e-01 1.525702608112172796e-04 -9.306765638231915064e-03 1.339523781457777193e-03 -1.536383031117449815e-04 9.999991972580190014e-01 7.561717196920447748e-03
9.999980864256886592e-01 -1.061562576142151401e-03 -1.721401838457834637e-03 3.622896475847938724e-01 1.061722752723973616e-03 9.999995652493083309e-01 1.115279173736341610e-04 -9.470327938530616677e-03 1.721197501481141166e-03 -1.133518443166931861e-04 9.999986237520632759e-01 8.606988145403615675e-03
9.999971184657843182e-01 -9.751983699495525831e-04 -2.255170493462713317e-03 4.096718222861390757e-01 9.755144479973365187e-04 9.999996485157667259e-01 1.532655309093039638e-04 -6.867184773526234520e-03 2.254917314521535932e-03 -1.554631777686619316e-04 9.999975619676590988e-01 1.012774282370076939e-02
9.999952515747003723e-01 -1.262454189698144005e-03 -2.859760775293929570e-03 4.582424969927576530e-01 1.262369466925651953e-03 9.999993397270049433e-01 -2.034519315476557123e-05 -6.932136263272655613e-03 2.859660842505728790e-03 1.673158187023321243e-05 9.999960278888397891e-01 1.206006616094690287e-02
9.999934009751842989e-01 -1.321769119046338958e-03 -3.425360509059804416e-03 5.182343592410560973e-01 1.322050455162107618e-03 9.999992609877815797e-01 9.022714771765965301e-05 -1.074767539852379897e-02 3.425094139346929450e-03 -9.475681817750805614e-05 9.999942506615292492e-01 1.117050632398619570e-02
9.999926449341319801e-01 -1.154907083780735326e-03 -3.697030364332552863e-03 5.876760854805767043e-01 1.155774810348852294e-03 9.999994464799989435e-01 2.417098749497958554e-04 -1.570906102729973525e-02 3.696592504997316380e-03 -2.459738903793118087e-04 9.999932608605046624e-01 1.054008977729226082e-02
9.999930740427540599e-01 -1.316324048785998471e-03 -3.523699414116726516e-03 6.625014670254725235e-01 1.314968185068277236e-03 9.999992117094445021e-01 -3.764687048995882181e-04 -1.406586426032768039e-02 3.524039003713990998e-03 3.718173724563577287e-04 9.999938497477827148e-01 1.179451540753673200e-02
9.999944443179074050e-01 -1.505556995593318849e-03 -3.024433633550261281e-03 7.414231001445574787e-01 1.502424852587757806e-03 9.999984962332468807e-01 -1.024431949701937877e-03 -1.296201682049415160e-02 3.025832888268391134e-03 1.019842584755790852e-03 9.999950333932037250e-01 1.509458439419431031e-02
9.999928639948195697e-01 -1.555043116667095783e-03 -3.487409524694660458e-03 8.214380266009946308e-01 1.551316691358141375e-03 9.999983870137795217e-01 -1.058744464127231140e-03 -1.383190141189298908e-02 3.488895686305908475e-03 1.053285593698998542e-03 9.999934938119398042e-01 1.372926578433442124e-02
9.999904783928772467e-01 -1.285086401606488253e-03 -4.207727339502751081e-03 9.133440145886397854e-01 1.282125104702952316e-03 9.999990898348858348e-01 -6.953516086904813504e-04 -1.569468991567491561e-02 4.208436382146726884e-03 6.899194721043129920e-04 9.999910449442084293e-01 1.646557290126393625e-02
9.999891129383186028e-01 -1.233734146199173863e-03 -4.535296546887542489e-03 1.016625238327010905e+00 1.232357122188674006e-03 9.999993529407779080e-01 -2.954954238488083211e-04 -2.040908239460020174e-02 4.535465877101249078e-03 2.898849450332554993e-04 9.999898149019673665e-01 2.097863339154404372e-02
9.999864292165866475e-01 -1.297574905533313387e-03 -5.077791497866136240e-03 1.127834218817226786e+00 1.296543295617335126e-03 9.999992996148073798e-01 -1.957394550192556495e-04 -2.245988639206362644e-02 5.077833676461870373e-03 1.891411203226672322e-04 9.999872374676256337e-01 2.247585478745173226e-02
9.999868731679829592e-01 -1.538674818097104458e-03 -4.921426649793517183e-03 1.243190722341355636e+00 1.535528881887081136e-03 9.999987837809186653e-01 -6.313173584147279641e-04 -2.376475077464789212e-02 4.922188129898966667e-03 6.237222792271621737e-04 9.999878443806889949e-01 2.346598320095982793e-02
9.999894519481731248e-01 -1.578972651419180417e-03 -4.352606767183634512e-03 1.362540030354419507e+00 1.573841509205304960e-03 9.999982425756654969e-01 -1.168349166890525004e-03 -2.325230908526683057e-02 4.354259348286380719e-03 1.161438582774222423e-03 9.999900026417239962e-01 2.727902598323561634e-02
9.999893117682200350e-01 -1.446420512284088758e-03 -4.430530738167840453e-03 1.491023872122033023e+00 1.440641626968745467e-03 9.999982916057444937e-01 -1.293792217944112399e-03 -2.484084113220676182e-02 4.432208207234790941e-03 1.287342741090681574e-03 9.999895076278052519e-01 2.821358412964447560e-02
9.999885003098383240e-01 -1.511644945583349824e-03 -4.589164230487303466e-03 1.619005477109990654e+00 1.506207853654966018e-03 9.999983434836201557e-01 -1.174908330401208895e-03 -2.563013537687490462e-02 4.590742085516957317e-03 1.167933937372804933e-03 9.999889406142483672e-01 3.344188948700366204e-02
9.999842626584569683e-01 -1.759972006925306521e-03 -5.359585327965925294e-03 1.759992036901174339e+00 1.755853878541270910e-03 9.999983375345647962e-01 -7.615529038038919458e-04 -2.943124908176853599e-02 5.360700412297690273e-03 7.520960512068130448e-04 9.999855097660653724e-01 3.709386744002940439e-02
9.999827918152092154e-01 -1.541262285126817396e-03 -5.691390034770214650e-03 1.905544976948557512e+00 1.534030596267653770e-03 9.999981982420109716e-01 -1.263984539027278005e-03 -2.790593558674536734e-02 5.693104305402142858e-03 1.255180915163262067e-03 9.999831709263110602e-01 3.995606237681004202e-02
9.999824540753509128e-01 -1.557690674754706349e-03 -5.746115422258301665e-03 2.069831190563857781e+00 1.546211806561522892e-03 9.999969978595135700e-01 -1.990869544960442369e-03 -2.919042611389531874e-02 5.748973413017307091e-03 1.981874224813684384e-03 9.999816767407883056e-01 4.083449547589279582e-02
9.999820686194270669e-01 -1.911311097494952605e-03 -5.706791654607049243e-03 2.231086008608064830e+00 1.896927108131331655e-03 9.999952194805552530e-01 -2.513934943130204363e-03 -3.389594798250974289e-02 5.711342443707817344e-03 2.502969545998434252e-03 9.999807253392112294e-01 4.368035775740697346e-02
9.999788659403949787e-01 -2.084794650947638731e-03 -6.187399929513089439e-03 2.407093738896744384e+00 2.066497434242860892e-03 9.999936878884645441e-01 -2.952328411513835318e-03 -3.578990154806863111e-02 6.193272436837397518e-03 2.939371669539459116e-03 9.999766719095255496e-01 4.519356450099376588e-02
9.999733521000941927e-01 -2.134327115248088515e-03 -7.007454638826612903e-03 2.581867868692652390e+00 2.115942644789084101e-03 9.999945088123962655e-01 -2.621138151289367172e-03 -3.708908791412046657e-02 7.012738696445056270e-03 2.606143428422276389e-03 9.999721860904238202e-01 4.851783979915236245e-02
9.999707479992980819e-01 -2.024407466183827421e-03 -7.401075960828099390e-03 2.767281513125173120e+00 2.007437599376154548e-03 9.999955475076137690e-01 -2.291440513350670189e-03 -3.956233964195102898e-02 7.405393190506331762e-03 2.276430137911390934e-03 9.999701635191518001e-01 5.855934374356674965e-02
9.999701638233197132e-01 -2.124470418374625139e-03 -7.452660408994450127e-03 2.963277881587567109e+00 2.104904375490093335e-03 9.999945339162060742e-01 -2.623465151403914317e-03 -4.040263857419643806e-02 7.457902534289777112e-03 2.607599789629095992e-03 9.999689719438940028e-01 6.517011278575357558e-02
9.999686373417114860e-01 -2.277565386382510680e-03 -7.611358137982214556e-03 3.166310091858862918e+00 2.254604482584996600e-03 9.999931123116749809e-01 -3.014584584208529917e-03 -4.512302373573834346e-02 7.617870278818055993e-03 2.997211610311488039e-03 9.999666810359282287e-01 6.802705109160211983e-02
9.999684586047803414e-01 -2.115347379602681814e-03 -7.681600824829887784e-03 3.388825917238618146e+00 2.095701899894325017e-03 9.999947418321483150e-01 -2.555135749310574137e-03 -4.658379405355596303e-02 7.686662968890656429e-03 2.538856234968286073e-03 9.999674279646261210e-01 6.923446742447914026e-02
9.999645989491439124e-01 -2.231087586753036003e-03 -8.138171611239709488e-03 3.617199745410306200e+00 2.211208402027842537e-03 9.999947806555675722e-01 -2.441526809826872514e-03 -4.683123041583556190e-02 8.143259479734392750e-03 2.423350451993242210e-03 9.999641052368167804e-01 7.523985932135590637e-02
9.999588471356527508e-01 -2.406969905385861457e-03 -8.770450332908404784e-03 3.848442718040093524e+00 2.382096251617047723e-03 9.999933464194866728e-01 -2.836805190359478149e-03 -4.944219347160463962e-02 8.776881047475438777e-03 2.815689361710856271e-03 9.999577179710893438e-01 7.674306981778933334e-02
9.999587040541756400e-01 -2.402367609885546883e-03 -8.788228138326708086e-03 4.098077130080762132e+00 2.367353476861894582e-03 9.999894745682722519e-01 -3.983583652038602541e-03 -4.940596801067401872e-02 8.797363996087182239e-03 3.962467178385409641e-03 9.999536553019092722e-01 8.204184685780413488e-02
9.999616796969996724e-01 -2.620947185238391239e-03 -8.378473717566182685e-03 4.355023965757608195e+00 2.583483588192930260e-03 9.999868868435287661e-01 -4.469877411619055385e-03 -5.243456879675718885e-02 8.389750792524026946e-03 4.447893447820338610e-03 9.999551233830106245e-01 9.058500630474108917e-02
9.999576725705284774e-01 -2.887253370047596947e-03 -8.760960784104758481e-03 4.624722916264488504e+00 2.842985150794294716e-03 9.999834155577117523e-01 -5.052427591122335936e-03 -6.025736790839411605e-02 8.775059024294136131e-03 5.027120469522913110e-03 9.999490755748304815e-01 9.901479335268081883e-02
9.999539275088407120e-01 -2.743675013195516401e-03 -9.223152320638776033e-03 4.904380566584553236e+00 2.695022194903526520e-03 9.999826848518478251e-01 -5.275100866030875066e-03 -6.525436522293520669e-02 9.237107274276708593e-03 5.249801963757939893e-03 9.999437794745951180e-01 1.088584557398570851e-01
9.999556233291736485e-01 -2.798227435094863703e-03 -9.021224113915940479e-03 5.198561364657012795e+00 2.744575301255029569e-03 9.999787925568073277e-01 -5.945295411286515876e-03 -6.559567382698094917e-02 9.037317288603347390e-03 5.920050887020453234e-03 9.999418672146509479e-01 1.151298580996913401e-01
9.999607378413714054e-01 -2.938453945521105146e-03 -8.387670116701009815e-03 5.511278485971911500e+00 2.879487050923727059e-03 9.999714193300148768e-01 -7.023990479315026826e-03 -6.349597773748358320e-02 8.407739121452824371e-03 6.999302841304653328e-03 9.999403881535215977e-01 1.199870225519199529e-01
9.999617654167156644e-01 -3.064076735918268811e-03 -8.218586878948285629e-03 5.835301307224995071e+00 2.995866949404108956e-03 9.999613986062741988e-01 -8.289125095390273423e-03 -6.223695890166200395e-02 8.243345274370476872e-03 8.263883862307521908e-03 9.999321126727572784e-01 1.211629226069892429e-01
9.999587234920837009e-01 -3.221243182298503052e-03 -8.523225726107658967e-03 6.161933455060355946e+00 3.145248614016065217e-03 9.999556466430331580e-01 -8.905038505068274199e-03 -6.844620671130781375e-02 8.551200900877763134e-03 8.877541633422685041e-03 9.999242687481818548e-01 1.282512369501378480e-01
9.999523263898616454e-01 -3.413049121144623443e-03 -9.174312883370866478e-03 6.504766091670053818e+00 3.331598848901220870e-03 9.999553560404393915e-01 -8.869890135106391418e-03 -8.000921645082732792e-02 9.203822608038548722e-03 8.838581652921890033e-03 9.999188202224654765e-01 1.407412090731785526e-01
9.999513778068903624e-01 -3.417852371393281016e-03 -9.275562523244788860e-03 6.859857849303121924e+00 3.330697773140777612e-03 9.999506434190773563e-01 -9.386682893020147772e-03 -8.397991811778235394e-02 9.306829328644527360e-03 9.354993662224005482e-03 9.999131695494045680e-01 1.537376816886120157e-01
9.999568188796700285e-01 -3.153590033334966684e-03 -8.769109221809449906e-03 7.226979629523112791e+00 3.064310896065479406e-03 9.999438689579557282e-01 -1.016685863363356312e-02 -8.505079307023985513e-02 8.800337695726037635e-03 1.013918530615472158e-02 9.999101138475992023e-01 1.630052598809232922e-01
9.999645396693522814e-01 -2.689224390261296411e-03 -8.010912375967195118e-03 7.596091160927081809e+00 2.596460484211140021e-03 9.999300895592120320e-01 -1.155760280233377423e-02 -8.061267473263424022e-02 8.041120045868916863e-03 1.153598466740142492e-02 9.999013701422442280e-01 1.688288785108760237e-01
9.999695925034501887e-01 -2.475882104178237647e-03 -7.428084487858379291e-03 7.979836587063904751e+00 2.383564533452393712e-03 9.999205236889475712e-01 -1.240041888769153125e-02 -7.918743629734403822e-02 7.457903002788467475e-03 1.238190081811330230e-02 9.998957753146308081e-01 1.748896120644973795e-01
9.999695464876657836e-01 -2.774359169284863584e-03 -7.328580477484023144e-03 8.378405943666999534e+00 2.681200842514717617e-03 9.999162758492429193e-01 -1.267942407940341257e-02 -8.648517037829518694e-02 7.362858318542581104e-03 1.265894595224179194e-02 9.998930145408755354e-01 1.864096591585926443e-01
9.999697149278223840e-01 -3.052228322130077966e-03 -7.194269196502267247e-03 8.791439805990645340e+00 2.962167454755307121e-03 9.999179454234985442e-01 -1.248406649478910231e-02 -9.988110077316125768e-02 7.231504578228571505e-03 1.246194234446948781e-02 9.998964500482059314e-01 2.018369628357112866e-01
9.999715102336537154e-01 -3.264114272617276661e-03 -6.843788495518063168e-03 9.211388324102335545e+00 3.176081753050639077e-03 9.999130120272674560e-01 -1.282243282634014034e-02 -1.025828160358386171e-01 6.884783732118169262e-03 1.279988212670129556e-02 9.998946311669059117e-01 2.185234269692049036e-01
9.999718303827279664e-01 -3.065554780357944778e-03 -6.888780390909888390e-03 9.647424593561861883e+00 2.975557286028184846e-03 9.999110172383309791e-01 -1.302457815047202566e-02 -1.015785049804867474e-01 6.927830321303904762e-03 1.300325772610757755e-02 9.998917103620628133e-01 2.257136549993876695e-01
9.999714890433447634e-01 -3.067303870179559008e-03 -6.937570878377046987e-03 1.010298819066841247e+01 2.971821494808317074e-03 9.999017390244374637e-01 -1.371962151875840384e-02 -1.034874582592183040e-01 6.978703521179015906e-03 1.369813293615693844e-02 9.998820836885227159e-01 2.295929387911430641e-01
9.999727440539706302e-01 -3.515985830194672673e-03 -6.532826352258604488e-03 1.054098672778717294e+01 3.420613914615997821e-03 9.998887249831928115e-01 -1.453962266050858043e-02 -1.087607723689914124e-01 6.582959390344938003e-03 1.451636766701444592e-02 9.998732276236558247e-01 2.383805531141576228e-01
9.999779303611473491e-01 -3.332928032681573352e-03 -5.793794009470895102e-03 1.100254304696343688e+01 3.246403990371969465e-03 9.998845234125298687e-01 -1.486510997873081649e-02 -1.152094154924274694e-01 5.842430728760352431e-03 1.484545243951587538e-02 9.998730028716309448e-01 2.566679268017950655e-01
9.999804572623922638e-01 -3.336330350562186249e-03 -5.338201734328005404e-03 1.148848609901193107e+01 3.260650704729578866e-03 9.998954545007657790e-01 -1.410761003292726121e-02 -1.241737709752059604e-01 5.384490412438732061e-03 1.408943229723080837e-02 9.998865155989653530e-01 2.768742295356316774e-01
9.999788555740997120e-01 -3.467849120437613720e-03 -5.550436105442111377e-03 1.199078556748466085e+01 3.393352894170887160e-03 9.999052837819345507e-01 -1.335995802486118940e-02 -1.242116926515428876e-01 5.596014244497378790e-03 1.334037100149464486e-02 9.998956303731176831e-01 2.868856144700144828e-01
9.999753429127270499e-01 -3.633098644924886902e-03 -6.054843854902264288e-03 1.249482950118398783e+01 3.551546942008597905e-03 9.999040436765677109e-01 -1.341162109608545934e-02 -1.204205715326713971e-01 6.102744331138437207e-03 1.338931468072791266e-02 9.998920124829527856e-01 2.963322750690013940e-01
9.999711787482796765e-01 -3.835990770473448122e-03 -6.594258042445424323e-03 1.300653379111539998e+01 3.750568048260718469e-03 9.999099882244608661e-01 -1.290479045363088217e-02 -1.274057533299363942e-01 6.642905239634202402e-03 1.287923390631770179e-02 9.998952752025259683e-01 3.050479838030601965e-01
9.999714435913314992e-01 -3.715107045011550087e-03 -6.624047925454823980e-03 1.353435787050983485e+01 3.630825190227990329e-03 9.999133466210908816e-01 -1.267732573455066132e-02 -1.343975394872924667e-01 6.670306546953311613e-03 1.265247088023168168e-02 9.998979908956358020e-01 3.179303763181260400e-01
9.999736100226433999e-01 -3.838735454543801707e-03 -6.214933213243819046e-03 1.407569112994105609e+01 3.763540262418694528e-03 9.999205900558691962e-01 -1.205209173571140414e-02 -1.443003098700424147e-01 6.260453752561117614e-03 1.202795687089356844e-02 9.999083546487961272e-01 3.315308440118718281e-01
9.999726983700685246e-01 -4.118716960586981182e-03 -6.182644882516830608e-03 1.462735200809053815e+01 4.042607972758311546e-03 9.999169921845711961e-01 -1.225866816089661061e-02 -1.459949488758324199e-01 6.232370287843110555e-03 1.223290626354805316e-02 9.999060444792869928e-01 3.411929566523279611e-01
