1.000000000000000000e+00 0.000000000000000000e+00 0.000000000000000000e+00 0.000000000000000000e+00 0.000000000000000000e+00 1.000000000000000000e+00 0.000000000000000000e+00 0.000000000000000000e+00 0.000000000000000000e+00 0.000000000000000000e+00 1.000000000000000000e+00 0.000000000000000000e+00
9.999999867005922027e-01 1.017324902564188026e-04 -1.274728044688354075e-04 3.097442564399988281e-03 -1.017516667224105793e-04 9.999999835074596666e-01 -1.504382888724039961e-04 4.603594248036338779e-03 1.274574979047281178e-04 1.504512574419803448e-04 9.999999805595024549e-01 -9.728669504065523598e-04
9.999999460449116029e-01 2.382415282735229737e-04 -2.261661956003469573e-04 1.220573144900173601e-02 -2.382274066587473742e-04 9.999999696729757748e-01 6.246399097032541263e-05 1.978654110191438702e-03 2.261810702580701086e-04 -6.241010861382352234e-05 9.999999724735505469e-01 2.399196722633956287e-03
9.999999336057623367e-01 3.036355443700501384e-04 -2.014793467747153476e-04 1.566468763877976872e-02 -3.036087624193982556e-04 9.999999450738304985e-01 1.329438049886711847e-04 5.175978258177741471e-04 2.015197021728250043e-04 -1.328826252668412525e-04 9.999999708660083364e-01 1.735614225904914473e-03
9.999999906614214229e-01 1.138107261798577247e-04 7.565894283514815665e-05 1.090072456833566204e-02 -1.138090802842097620e-04 9.999999932870392572e-01 -2.175809487109056458e-05 -1.181752878116829573e-03 -7.566141863183020310e-05 2.174948399320154614e-05 9.999999969011548195e-01 1.046579762677460855e-03
9.999999794134541986e-01 5.756427185955425695e-05 1.945750391235553066e-04 -5.667716726045828003e-04 -5.753442013589605240e-05 9.999999865757056572e-01 -1.534222244945989452e-04 -3.544720153257168143e-03 -1.945838681501627782e-04 1.534110265741163871e-04 9.999999693010871438e-01 3.957290236761592563e-03
9.999999656492694067e-01 -2.298315812616619062e-04 1.260115245061969218e-04 -2.643457224566580274e-03 2.298552065553102373e-04 9.999999560046473057e-01 -1.875027666567650173e-04 9.005859921328845529e-05 -1.259684249049237840e-04 1.875317246209017247e-04 9.999999744819038083e-01 1.147587855621676634e-03
9.999999970137358751e-01 -6.484832623734804906e-05 -4.203834839466753939e-05 -1.092658452447992090e-03 6.484861458972171163e-05 9.999999978738128847e-01 6.857943027275928957e-06 3.793185092947663588e-03 4.203790357915939535e-05 -6.860669135449333795e-06 9.999999990928729598e-01 -6.174843165439692716e-04
9.999999809075135193e-01 8.934895947716567268e-05 -1.737864667811451960e-04 3.258425156703539157e-03 -8.932994142826001279e-05 9.999999900217304560e-01 1.094381124181727032e-04 4.846583922358843610e-03 1.737962432285286953e-04 -1.094225859938284501e-04 9.999999789107815173e-01 -3.932060635907868272e-03
9.999999779395346566e-01 1.127188307214712677e-04 -1.772438870031503425e-04 3.266900474038901114e-03 -1.127086402033007515e-04 9.999999919950683935e-01 5.750326536714743362e-05 -5.334730685260815307e-04 1.772503672851600208e-04 -5.748328718111016917e-05 9.999999826389893709e-01 -5.594395396702876331e-04
9.999999966009253116e-01 -1.485562063164656026e-05 -8.110154130906026043e-05 1.459048734683484304e-03 1.485270955401983311e-05 9.999999992454831066e-01 -3.589471736781138598e-05 -8.759526958636409521e-04 8.110207448617168995e-05 3.589351266816511224e-05 9.999999960670545862e-01 1.304573234833151900e-03
9.999999971278912270e-01 -5.065070328923285338e-06 7.562117888196304789e-05 -2.881479054044965710e-03 5.077320150118724486e-06 9.999999868667337477e-01 -1.619899784008952109e-04 1.590129664403075981e-03 -7.562035739817679278e-05 1.619903618885776568e-04 9.999999840203419588e-01 9.149317273019982617e-04
9.999999960179137837e-01 1.187077580815232218e-05 8.844917866420137342e-05 4.934241506777280097e-04 -1.185829648892429040e-05 9.999999899765714684e-01 -1.410894668711063676e-04 1.915161384365508899e-03 -8.845085261906747952e-05 1.410884174526911097e-04 9.999999861352524277e-01 -6.238623706797601998e-04
9.999999911659853691e-01 1.277949104526627817e-04 -3.655803607764857054e-05 -9.971713669143606948e-04 -1.277952201370032904e-04 9.999999917983303233e-01 -8.468822740515909167e-06 3.476646876361457698e-03 3.655695350536787000e-05 8.473494607970525141e-06 9.999999992958945594e-01 -2.250581230183911624e-03
9.999999764078917330e-01 1.277157199972587327e-04 -1.757068891904970862e-04 6.759429530050419313e-03 -1.277060886625558129e-04 9.999999903426921577e-01 5.482490876218273576e-05 4.016322238940368480e-04 1.757138894963379170e-04 -5.480246862917797227e-05 9.999999830606590701e-01 -1.851029957157953720e-03
9.999999883812890067e-01 1.453628665636823379e-04 -4.590271179652706302e-05 1.334846905507104838e-03 -1.453613913773273223e-04 9.999999889185772206e-01 3.213893867889203729e-05 2.445923781003436423e-03 4.590738309611437396e-05 -3.213226582342426359e-05 9.999999984300148581e-01 -1.119611567613978996e-03
9.999999904900428449e-01 1.378342627686794100e-04 -4.650830158658523998e-06 2.821873147978806208e-03 -1.378344754091816214e-04 9.999999894542207501e-01 -4.575167544795776111e-05 2.425060697796136994e-03 4.644523961156093088e-06 4.575231605759642721e-05 9.999999989425769620e-01 1.968003375072210556e-03
9.999999997557424969e-01 7.181269487338480428e-06 -2.090321594744617669e-05 -5.110181562725114868e-03 -7.183404711191454385e-06 9.999999947569064851e-01 -1.021498201908309025e-04 -5.697114963649248373e-04 2.090248227246178738e-05 1.021499703221399663e-04 9.999999945642349397e-01 2.647241519133767922e-03
9.999999993946708798e-01 -3.381997804503520148e-05 -8.177247769939903537e-06 -4.181498242930302249e-03 3.381969626798269127e-05 9.999999988344940860e-01 -3.445634950762395670e-05 -2.069164969470334867e-04 8.178413073393129808e-06 3.445607293473063938e-05 9.999999993729462577e-01 3.067909478611907767e-04
9.999999857327235286e-01 1.193321469498957624e-04 -1.195591541811992053e-04 5.458933943335187756e-03 -1.193232828961487361e-04 9.999999901323201046e-01 7.414387208208383191e-05 -1.344582151233346791e-03 1.195680007488664817e-04 -7.412960483347550745e-05 9.999999901041474182e-01 -2.145801159530375451e-05
9.999998990114140618e-01 3.069699325644206864e-04 -3.282478059594173044e-04 3.835539327386772428e-03 -3.069544736624315586e-04 9.999999517781696934e-01 4.714455955049352636e-05 -1.423817486642268331e-03 3.282622620929732558e-04 -4.704379765692199628e-05 9.999999450153826963e-01 1.138366649269395873e-03
9.999999672786904492e-01 1.618306150934407407e-04 -1.981248847050438866e-04 3.360477470968610634e-03 -1.618257348979959358e-04 9.999999866024611439e-01 2.464769869810441849e-05 3.938628092719481839e-03 1.981288708028989978e-04 -2.461563618653045865e-05 9.999999800695102969e-01 -1.983679849488854605e-03
9.999999972699807893e-01 -4.021404239253116114e-05 6.199087950419075678e-05 7.957400268202775200e-04 4.021552533893573762e-05 9.999999989052498206e-01 -2.392094855896398546e-05 4.596595041192115885e-03 -6.198991747828681734e-05 2.392344148944482315e-05 9.999999977924595163e-01 -4.688415078114607261e-03
9.999999680599088725e-01 -3.333362818752992873e-05 2.505375229453282661e-04 -1.059742161592999200e-03 3.332143051648499174e-05 9.999999982594820480e-01 4.869002125219189036e-05 -3.436147795888808924e-03 -2.505391455243280831e-04 -4.868167142836558729e-05 9.999999674301152108e-01 -3.032664407383946908e-03
9.999999976307578642e-01 8.802223883703778188e-06 6.827155420230817437e-05 8.728895178907167046e-04 -8.796981725897859476e-06 9.999999970134272331e-01 -7.678384388439081964e-05 -1.022363996159081096e-03 -6.827222986699472810e-05 7.678324311885660299e-05 9.999999947216180463e-01 -2.219931680167636263e-03
9.999999707416403760e-01 2.028832970432267149e-04 -1.317387039182741791e-04 2.990859409647511451e-03 -2.028952948897353261e-04 9.999999752702338762e-01 -9.106608023885482490e-05 5.862770912401832693e-03 1.317202248737992074e-04 9.109280673759059105e-05 9.999999871759414072e-01 6.706500127444815339e-05
9.999999925683072943e-01 1.008731245540406599e-04 -6.846895657628836347e-05 -3.662310589062805263e-03 -1.008720975111015755e-04 9.999999947998587935e-01 1.500341302654975639e-05 4.432895891863702746e-03 6.847046966139109061e-05 -1.499650630778475529e-05 9.999999975434498145e-01 -1.434523574222178318e-03
9.999999970330186727e-01 -3.073394973705570184e-05 7.063559312852634602e-05 3.914829960076205264e-04 3.072593436116527693e-05 9.999999930898622047e-01 1.134733117237838598e-04 -2.830140805714755851e-03 -7.063908012348372035e-05 -1.134711410425126284e-04 9.999999910672102699e-01 -2.463369368201751182e-03
9.999999907760277473e-01 1.028785998246752129e-04 8.867884851400547100e-05 3.766710015575969270e-03 -1.028773746024135667e-04 9.999999946126149064e-01 -1.382084875472206289e-05 -2.573561278352259028e-03 -8.868026990582663629e-05 1.381172558012105147e-05 9.999999959725229814e-01 -1.695970040287123667e-03
9.999999703372836057e-01 2.435334787347447863e-04 4.108129677915677000e-06 3.716055095727751906e-03 -2.435333517359241468e-04 9.999999698687725980e-01 -3.088624963299277306e-05 -1.728544165231199318e-04 -4.115651389950879180e-06 3.088524825023287714e-05 9.999999995145814058e-01 -1.040811022507337784e-03
9.999999738020212137e-01 2.131893579727983982e-04 -8.334419303151935116e-05 7.916506369457594963e-03 -2.131902715808337598e-04 9.999999772149681387e-01 -1.095313751627326928e-05 2.421183149371200667e-03 8.334185604016437321e-05 1.097090540047027986e-05 9.999999964668870867e-01 -1.061906863972174233e-03
9.999999899755558364e-01 2.466286669687462686e-05 -1.394296638821757917e-04 1.930619483223433661e-03 -2.467617328111649849e-05 9.999999951416327360e-01 -9.543490479513040128e-05 -3.406594954962940958e-03 1.394273095064401085e-04 9.543834442899499907e-05 9.999999857257737546e-01 -3.768410808362681187e-04
9.999999982746534677e-01 4.301129008571966513e-05 -4.000902344297117266e-05 -2.507779334664569405e-03 -4.301263409598101171e-05 9.999999985107311806e-01 -3.359242464237928341e-05 -4.854359364918216235e-03 4.000757852986599968e-05 3.359414547790660779e-05 9.999999986354135562e-01 -3.736335241541274420e-04
9.999999965400556690e-01 8.306052742498169414e-05 4.564797810633928143e-06 2.804215041722332713e-03 -8.306050530386103082e-05 9.999999965387343925e-01 -4.846000141663604831e-06 -6.766810313044933564e-03 -4.565200306161618103e-06 4.845620970483952566e-06 9.999999999778395043e-01 -1.418070316554840941e-03
9.999999998772399756e-01 1.562876319905320743e-05 1.123298066834858628e-06 -1.469720053776373155e-04 -1.562874381674089007e-05 9.999999997290422993e-01 -1.725276375287462422e-05 -5.747067864776972542e-05 -1.123567705889714919e-06 1.725274619501895572e-05 9.999999998505402221e-01 -2.970669991834105732e-03
9.999999732248926465e-01 2.236529672052820037e-04 -5.941013678137042539e-05 6.518745443497345887e-03 -2.236519760306385034e-04 9.999999748506231967e-01 1.668971441860888207e-05 -3.328197601515268771e-03 5.941386799139403981e-05 -1.667642677725258030e-05 9.999999980959445312e-01 -1.404146023493593786e-03
9.999999593519613983e-01 2.803695799107335678e-04 -5.185532103168950373e-05 1.159099863148320073e-02 -2.803673029208415758e-04 9.999999597329332079e-01 4.391249667465125199e-05 -4.864221880795706505e-03 5.186763067187332354e-05 -4.389795635319463805e-05 9.999999976913591659e-01 4.517256264084215959e-04
9.999999832865391625e-01 1.816196460868378898e-04 -2.100537213848394129e-05 5.935751194088513018e-03 -1.816204194039251220e-04 9.999999828291862292e-01 -3.681915909213285377e-05 -5.231580020540750955e-03 2.099868469516107716e-05 3.682297348125480901e-05 9.999999991015618983e-01 -7.082512879014590671e-05
9.999999828325116802e-01 1.841418972529306971e-04 2.065763759701897366e-05 -1.319176831953616054e-03 -1.841414800003567337e-04 9.999999828419667836e-01 -2.019854912869656702e-05 -2.268060860794400731e-03 -2.066135664173286034e-05 2.019474485397778257e-05 9.999999995826402976e-01 -3.065483091659089963e-03
9.999999989163895764e-01 -4.555589817848422447e-05 -9.585457736190026719e-06 -2.331929887334581192e-03 4.555554528096149698e-05 9.999999982847503910e-01 -3.681292611822931175e-05 1.562014788593335621e-03 9.587134765662466037e-06 3.681248940758449903e-05 9.999999992764637691e-01 -3.081447871182732470e-03
9.999999999312395582e-01 6.695259713264878165e-06 -9.627790857378538746e-06 -1.143486883640246459e-03 -6.695230930518780619e-06 9.999999999731181699e-01 2.989577454473522641e-06 -6.114145105832921286e-04 9.627810873117216987e-06 -2.989512993984817617e-06 9.999999999491839819e-01 -3.485635670633837040e-03
9.999999930517082802e-01 5.694274772970025751e-05 -1.032187336724774802e-04 -3.740499495429123501e-03 -5.693703405784659066e-05 9.999999968468837874e-01 5.535708217288953103e-05 7.612055930969345888e-05 1.032218855313820071e-04 -5.535120481969784946e-05 9.999999931407431708e-01 -4.644121860612048934e-04
9.999999973485251825e-01 6.030587965359929649e-05 -4.081850556537628712e-05 -1.572073142237664228e-02 -6.030433035595165732e-05 9.999999974613674736e-01 3.795593266137363983e-05 8.600431609768154767e-03 4.082079442766031887e-05 -3.795347102809018319e-05 9.999999984465983704e-01 -4.087557494998105348e-03
9.999999282953302426e-01 3.760735701181797054e-04 4.447475978139510139e-05 -8.748604435215207725e-03 -3.760752822273832484e-04 9.999999285427905171e-01 3.849410375560584688e-05 7.262720219443036078e-03 -4.446027998832498962e-05 -3.851082685323563580e-05 9.999999982700998880e-01 -6.521533393104618666e-03
9.999997637380477755e-01 6.622581568079502923e-04 1.842226433655989133e-04 6.755319953957106098e-03 -6.622671445367499937e-04 9.999997795137548495e-01 4.873059533619646062e-05 2.590804452069385335e-03 -1.841903305127924920e-04 -4.885258842699162041e-05 9.999999818436732246e-01 -4.023736278135762665e-03
9.999993085207343757e-01 1.175681532833683244e-03 2.703676165670456782e-05 3.446376013753163492e-02 -1.175680948825127753e-03 9.999993086534982867e-01 -2.160629468112098913e-05 5.361491444735212329e-04 -2.706214508658353785e-05 2.157449313521850236e-05 9.999999994010907445e-01 2.897349108127486150e-03
9.999965367709903186e-01 2.621521298713711673e-03 -2.325340959215872489e-04 5.392907133056951130e-02 -2.621531472325735676e-03 9.999965628362050829e-01 -4.345705189892041056e-05 -1.246221176096292717e-02 2.324193730766793166e-04 4.406649684804484472e-05 9.999999720196890429e-01 7.881861621348400238e-03
9.999924077729462901e-01 3.886871504750571277e-03 -2.768146871700351308e-04 7.932221862061251960e-02 -3.886873370385813056e-03 9.999924460599378673e-01 -6.201999172300257976e-06 -2.688465985606746864e-02 2.767884897546246388e-04 7.277895721407243552e-06 9.999999616675813163e-01 3.070322310893048613e-03
9.999863892593202630e-01 5.216589515018583978e-03 -9.214086536779170233e-05 1.102804285264202822e-01 -5.216585867857044187e-03 9.999863927321969159e-01 3.977853320006715840e-05 -3.839728988702838242e-02 9.234711986157531118e-05 -3.929733104863740987e-05 9.999999949638646024e-01 -1.486237870476136980e-03
9.999680964896269231e-01 7.987265483674408154e-03 9.794388930981358203e-05 1.706721249665869855e-01 -7.987274211269443716e-03 9.999680972521084454e-01 8.904308898825058700e-05 -3.784802964427876060e-02 -9.722955383936983311e-05 -8.982255290237311802e-05 9.999999912391613899e-01 -8.528960625565224765e-04
9.999353656508092048e-01 1.136936695859831585e-02 -4.489703008911232076e-05 2.303947153254577163e-01 -1.136937485686620973e-02 9.999353504096696321e-01 -1.797677816503010190e-04 -3.967841622654395828e-02 4.285028163759455077e-05 1.802666136417716719e-04 9.999999828339005692e-01 1.744981287039734045e-03
9.998832010462048725e-01 1.528323124013668440e-02 -8.431165515585812610e-05 2.840788975498871327e-01 -1.528323732637513858e-02 9.998832019139565208e-01 -7.202166210758126634e-05 -1.298496136706321288e-02 8.320108399961561804e-05 7.330180508792299955e-05 9.999999938522124987e-01 -2.664685346131789867e-03
9.998205591142289572e-01 1.894268446868940456e-02 -1.558128054192732320e-04 3.494964799345910422e-01 -1.894264469419012706e-02 9.998205400227764272e-01 2.529042374932650473e-04 2.721844825682144184e-02 1.605755284283909290e-04 -2.499073495210116930e-04 9.999999558809071765e-01 -6.408580710382673351e-03
9.997290578319201204e-01 2.327651930821225332e-02 -1.207286040218408046e-04 4.539925732312848350e-01 -2.327643183769240523e-02 9.997288349709023692e-01 6.813579290385894964e-04 3.232482986859436941e-02 1.365555076374885596e-04 -6.783631893216832999e-04 9.999997605879596962e-01 -2.016597412849322618e-03
9.996300918487384113e-01 2.719704867854923561e-02 3.695884538163740444e-06 5.604181897298627923e-01 -2.719704817953788253e-02 9.996300231306450845e-01 3.707103261406565885e-04 -6.170196520004439869e-03 6.387709639315483115e-06 -3.706737145191107280e-04 9.999999312800949003e-01 -1.820309428153143083e-04
9.994766622227118091e-01 3.234772386090953300e-02 1.625827965500951532e-04 6.496540437306698168e-01 -3.234776027794489250e-02 9.994766485832662362e-01 2.265872081873537673e-04 -4.345148125136100853e-02 -1.551681281723251999e-04 -2.317278158695794551e-04 9.999999611125349741e-01 9.564786519059403566e-03
9.992731594393898797e-01 3.811881725361383755e-02 3.295378663365638745e-04 7.733755435426353797e-01 -3.811881689766750958e-02 9.992732137629358746e-01 -7.363150579272865367e-06 -4.813634012327016459e-02 -3.295790373420610670e-04 -5.203794844953538428e-06 9.999999456752878269e-01 1.661564544582822683e-02
9.990777003088416874e-01 4.293548955170457121e-02 5.408165603368002413e-04 9.020737759247564602e-01 -4.293528119774345925e-02 9.990777790672314973e-01 -3.911554154507577443e-04 -5.377439360314779926e-02 -5.571122572372483360e-04 3.675745418374356654e-04 9.999997772574197308e-01 1.559058978471592957e-02
9.989222738376267730e-01 4.641194398958918554e-02 4.714723455380583593e-04 1.001838575081758220e+00 -4.641182795314968690e-02 9.989223581607895586e-01 -2.541506135886076822e-04 -6.697701765052298251e-02 -4.827598912552700833e-04 2.319948154373798258e-04 9.999998565606361689e-01 6.913525367847784577e-03
9.988177841289896941e-01 4.861045924651833522e-02 2.394984288993955352e-04 1.095981599958653741e+00 -4.861052961029305869e-02 9.988177651733202156e-01 2.972964527128511012e-04 -8.405622738417733997e-02 -2.247635684170830176e-04 -3.085871295976917684e-04 9.999999271276581725e-01 7.770910557867041421e-03
9.987285865224792003e-01 5.040962953310624411e-02 2.823351655675851272e-04 1.199542206797692412e+00 -5.040975301525293245e-02 9.987285193602259969e-01 4.487955790951624903e-04 -9.125849435003004217e-02 -2.593525629923555545e-04 -4.624574203110317413e-04 9.999998594346813929e-01 8.272990490491115637e-03
9.986238531085919190e-01 5.244249840563249693e-02 4.293757382611008673e-04 1.314385580559940259e+00 -5.244255187710717553e-02 9.986239360762961814e-01 1.142282900438754779e-04 -9.590096532391274853e-02 -4.227944728794620871e-04 -1.365886545661496965e-04 9.999999012941817034e-01 1.317919527553493113e-02
9.984991879893584388e-01 5.476401665387651413e-02 5.235117244431976465e-04 1.461292331642667808e+00 -5.476390794123536104e-02 9.984993069981560332e-01 -2.197981025379851542e-04 -1.010953537584996786e-01 -5.347631210098230956e-04 1.907986790222152712e-04 9.999998388121212889e-01 2.170643944698835356e-02
9.984567159397158553e-01 5.553287295600387030e-02 5.351785962163703057e-04 1.597483204724349681e+00 -5.553296932420077880e-02 9.984568400581922409e-01 1.669102958355723066e-04 -9.661716361614422488e-02 -5.250837217912903386e-04 -1.963727624031645766e-04 9.999998428623992908e-01 1.614547497751310512e-02
9.984964720730303833e-01 5.481579439920039598e-02 1.547323386179336147e-04 1.717142848641131980e+00 -5.481578642435851190e-02 9.984964829673687037e-01 -5.532155317038746763e-05 -1.097338824906482629e-01 -1.575321907957550585e-04 4.675660084361028926e-05 9.999999864987144660e-01 1.279774503167245038e-02
9.985655339946375442e-01 5.354194198897903323e-02 -3.671049620442808688e-04 1.850966855832999913e+00 -5.354179449877301267e-02 9.985655290784328786e-01 4.004724217397855339e-04 -1.274636112096700358e-01 3.880204318240428746e-04 -3.802424992274599179e-04 9.999998524278822520e-01 2.117426794730925196e-02
9.985756650837317450e-01 5.334625386831259863e-02 -9.045998011532269470e-04 1.974781371611525005e+00 -5.334564029401253626e-02 9.985758696352207142e-01 6.893793472297956443e-04 -1.305528952987494162e-01 9.400873387773236176e-04 -6.401409845526264721e-04 9.999993532274484842e-01 3.047642061390814019e-02
9.984662152795780177e-01 5.534436999641703658e-02 -1.489179295773151827e-03 2.133753210660794153e+00 -5.534364959306670162e-02 9.984672299548632557e-01 5.207263982940126814e-04 -1.271184911468339618e-01 1.515716000810838444e-03 -4.375110989742699887e-04 9.999987555937472905e-01 2.515736133122116816e-02
9.984343030015910836e-01 5.591317012793665941e-02 -1.630949407982429768e-03 2.271140284777998897e+00 -5.591288883226744333e-02 9.984356271255407922e-01 2.175979287669059503e-04 -1.601378156549517207e-01 1.640564584979597486e-03 -1.260661434034016299e-04 9.999986463266687942e-01 1.687807325786424770e-02
9.984323096561318334e-01 5.592852374947238081e-02 -2.218843375900351935e-03 2.392834499787716229e+00 -5.593204560971545836e-02 9.984333619050749231e-01 -1.558239019629906750e-03 -1.662453117550515558e-01 2.128217243324269110e-03 1.679900632267067708e-03 9.999963243058600515e-01 1.340927189931536215e-02
9.984550239575549213e-01 5.551218214341233081e-02 -2.441877882890135850e-03 2.540544836100050219e+00 -5.551843717202771533e-02 9.984543468818634082e-01 -2.572999550536437044e-03 -1.611651187109940375e-01 2.295270767022042097e-03 2.704593571696636573e-03 9.999937084330671189e-01 2.613532861930239690e-02
9.984981996959272355e-01 5.474125352772519354e-02 -2.177238205964590612e-03 2.683002046718909295e+00 -5.474489359955023865e-02 9.984990123403424400e-01 -1.648933029137168585e-03 -1.652681784682345500e-01 2.083705537287065031e-03 1.765649334939021608e-03 9.999962703198747027e-01 2.728570002825182403e-02
9.985277501832763303e-01 5.417590301346761339e-02 -2.702525966537301910e-03 2.819281243209068144e+00 -5.418149741409036824e-02 9.985290166508652421e-01 -2.041627836518462424e-03 -1.854563731335057142e-01 2.587943564179100240e-03 2.185048953977781518e-03 9.999942640381380698e-01 1.583783745157449352e-02
9.985115582054640004e-01 5.444990253100925881e-02 -3.142649274063046526e-03 2.959966934388075899e+00 -5.445917860669534372e-02 9.985116529500013272e-01 -2.945638901840421341e-03 -1.972131404862335902e-01 2.977582170190054642e-03 3.112400587901712964e-03 9.999907234404727951e-01 1.784581480590919159e-02
9.984869416471015002e-01 5.490164424038957575e-02 -3.104322779511301065e-03 3.104936013927438676e+00 -5.491271636606231271e-02 9.984846629674216656e-01 -3.601583004000168467e-03 -1.717994924364571463e-01 2.901885855454580752e-03 3.766600395052318272e-03 9.999886958260807424e-01 2.881639526140052782e-02
9.984912799228221614e-01 5.484784170580046803e-02 -2.622628128370176580e-03 3.226413892502749459e+00 -5.485570089269110883e-02 9.984897102727332552e-01 -3.024989098294962944e-03 -1.734537510793040249e-01 2.452753076824404702e-03 3.164291340671753893e-03 9.999919855992124296e-01 3.549718485114981836e-02
9.985341114939518814e-01 5.407409448209416630e-02 -2.370757036379403208e-03 3.378052487410764471e+00 -5.407598529793657821e-02 9.985365486700568116e-01 -7.407996683250882980e-04 -1.844608040452862807e-01 2.327229477584227043e-03 8.679147612502388556e-04 9.999969153587053849e-01 3.825788931154168460e-02
9.984827217542311395e-01 5.468715332798260165e-02 -6.447450592613212378e-03 3.500051940698710062e+00 -5.467485598160430615e-02 9.985020687623129554e-01 2.068526231878532653e-03 -2.134832661398044229e-01 6.550914566172788903e-03 -1.712874269426464292e-03 9.999770755272762157e-01 1.314035866966139533e-02
9.983705734409275001e-01 5.625614567320066234e-02 -9.562644050109380539e-03 3.637976749957620992e+00 -5.623215638696665158e-02 9.984139070677554573e-01 2.759485780187410659e-03 -2.046661161781719307e-01 9.702714842001280635e-03 -2.217261305069143443e-03 9.999504693118553833e-01 -3.163298563086904686e-02
9.983144374781215413e-01 5.736145961230545987e-02 -8.828752680171992120e-03 3.784306096739681546e+00 -5.735250243634979622e-02 9.983531896166341069e-01 1.264613214145332261e-03 -2.250942201205904381e-01 8.886753458394501884e-03 -7.561305699074027768e-04 9.999602261487858801e-01 -2.423487417284143908e-02
9.982706643454262174e-01 5.843831961713145257e-02 -6.375226087539665951e-03 3.906381720645803135e+00 -5.844337651118398230e-02 9.982905389003667862e-01 -6.096589106187506619e-04 -2.455313144279545612e-01 6.328700444265479043e-03 9.811943443054922231e-04 9.999794921938877090e-01 3.067050300662601051e-02
9.981093938032097324e-01 6.124586841957074812e-02 -5.155734993367655852e-03 4.018107901582063768e+00 -6.125101712701430667e-02 9.981220347203448862e-01 -8.465852731773586227e-04 -2.344010478478608939e-01 5.094202851812042708e-03 1.160778726194887540e-03 9.999863507518756967e-01 6.708877526829301607e-02
9.976306046042576758e-01 6.852193686615704049e-02 -6.157996837744155079e-03 4.146682218592122382e+00 -6.852112125444376201e-02 9.976496067743584328e-01 3.435767770509894222e-04 -2.355696817656507680e-01 6.167065669918963405e-03 7.919014018618741196e-05 9.999809803340984349e-01 5.546132225095830315e-02
9.967864708628731973e-01 7.969412635765714403e-02 -8.098007707352583573e-03 4.303591238168291255e+00 -7.968419023979185500e-02 9.968189652688881353e-01 1.542824063818598775e-03 -2.648728509605261516e-01 8.195201679472274500e-03 -8.925829670200735545e-04 9.999660204052334134e-01 2.083107591485302418e-02
9.957535709335504359e-01 9.168524305120447082e-02 -8.285057617459422319e-03 4.423892800664064318e+00 -9.167132391813291592e-02 9.957872188911522926e-01 2.045254048143092199e-03 -3.012129657125647841e-01 8.437674097748331173e-03 -1.277066821374266007e-03 9.999635867151133173e-01 1.385040658568176090e-02
9.944738497432030755e-01 1.047501512055452472e-01 -7.011989685442944313e-03 4.538241999255273385e+00 -1.047399598496951273e-01 9.944980032258801117e-01 1.806208853279246858e-03 -3.020114940376360524e-01 7.162610391303271713e-03 -1.061791953641098461e-03 9.999737844614875470e-01 3.233977300546642120e-02
9.926564607110273109e-01 1.208071673339750490e-01 -6.227305147312968935e-03 4.658377015152570522e+00 -1.208020606917692003e-01 9.926759004403967745e-01 1.191141246746776601e-03 -3.286148920295957621e-01 6.325594144340155635e-03 -4.301227598507078123e-04 9.999799007245758764e-01 4.600103992828098731e-02
9.903066088076649676e-01 1.387532073402470145e-01 -6.353582033550099310e-03 4.788485540658551365e+00 -1.387500419241760041e-01 9.903269890132745390e-01 9.384550821657952581e-04 -3.696403568986816324e-01 6.422337417329767283e-03 -4.779849641415968918e-05 9.999793754360145615e-01 5.168023919214137507e-02
9.871880954664215002e-01 1.594150393388140130e-01 -6.819780200563443570e-03 4.908516488268487521e+00 -1.594111161732763571e-01 9.872116515428912553e-01 1.118525076776542794e-03 -4.245074448804224687e-01 6.910876194073530508e-03 -1.704586644623939202e-05 9.999761194646943352e-01 4.180669995119443844e-02
9.833037237061097446e-01 1.818310892039496918e-01 -7.158347896261149299e-03 5.007052179136215031e+00 -1.818293830871911543e-01 9.833296885525723008e-01 8.939000126563450372e-04 -4.882043500792083157e-01 7.201554820322164131e-03 4.226227708347347401e-04 9.999739791605396499e-01 3.965216013414790686e-02
9.787762186734341174e-01 2.048079936648813382e-01 -7.127376116034555599e-03 5.113329306807997021e+00 -2.048073063225844259e-01 9.788019573532480422e-01 8.340014010493438127e-04 -5.461268645246583064e-01 7.147099846830031952e-03 6.434379657855378732e-04 9.999742521442057663e-01 4.230188333971059145e-02
9.736222837687676934e-01 2.280450257136088787e-01 -7.423934008899326677e-03 5.223940924550497300e+00 -2.280464004575159243e-01 9.736500333847298849e-01 6.721073459584858386e-04 -5.890835930169414647e-01 7.381584332602269573e-03 1.038622738853760621e-03 9.999722163518079965e-01 5.022373842133855126e-02
9.675098725740957084e-01 2.527379177255613119e-01 -6.942003702409074890e-03 5.337912495211516450e+00 -2.527393195606184584e-01 9.675341655680673725e-01 6.890620718811071290e-04 -5.925632796703913518e-01 6.890777872811689950e-03 1.087842934772830211e-03 9.999756665929711019e-01 4.980854033118767288e-02
9.602677199667524199e-01 2.789906439842344543e-01 -7.080011237065139858e-03 5.455763826263146932e+00 -2.789952890530067453e-01 9.602924091774850401e-01 3.428736369776556208e-04 -6.500839259686292948e-01 6.894539584630562587e-03 1.646039295966282697e-03 9.999748776237091796e-01 5.109959956195807979e-02
9.518612621945160557e-01 3.064370025231965555e-01 -7.516715909285432741e-03 5.580227601143948668e+00 -3.064445075987969891e-01 9.518885113319112135e-01 1.604894032698803673e-04 -7.213272124938288066e-01 7.204255408669362794e-03 2.150692659615705427e-03 9.999717362131244069e-01 5.149683834599885074e-02
9.424232166036961011e-01 3.343307971795279609e-01 -7.835742698944022158e-03 5.702414933182613055e+00 -3.343419059387943149e-01 9.424518432195073681e-01 -1.146532485978763219e-04 -7.982174806750652607e-01 7.346478037610639465e-03 2.727869031748610205e-03 9.999692935240503955e-01 5.292252332584317792e-02
9.319839524007776932e-01 3.624090294410962643e-01 -8.099867096918502915e-03 5.798049839819709561e+00 -3.624225256697010678e-01 9.320138770938611872e-01 -2.139898692313759376e-04 -8.843610410543207845e-01 7.471636676125637498e-03 3.135009414954093888e-03 9.999671726418563056e-01 5.406705724654287115e-02
9.199349763310458172e-01 3.919946091615560957e-01 -7.737293524024743858e-03 5.919722895356321679e+00 -3.920095033135078677e-01 9.199610574655185946e-01 -4.495095343466035402e-04 -9.453536174362278111e-01 6.941803418052324391e-03 3.446612134183482841e-03 9.999699656640201884e-01 6.975057318554643560e-02
9.065884871065197359e-01 4.219373572033324749e-01 -8.135210026747191625e-03 6.016499276219104964e+00 -4.219553868242399419e-01 9.066164225031636548e-01 -5.603370157982629244e-04 -1.030025582482522628e+00 7.139087891172283228e-03 3.940690781154875325e-03 9.999667516373978993e-01 6.462161013804565424e-02
8.922025735371476030e-01 4.515627249507550012e-01 -8.103900834754479768e-03 6.097945195744199687e+00 -4.515843221087225690e-01 8.922279240533915745e-01 -9.651761398856509040e-04 -1.134887346345984316e+00 6.794689050743318859e-03 4.520727200821538644e-03 9.999666970585967540e-01 6.099987844505278672e-02
8.758661228330308912e-01 4.824857078358789630e-01 -8.128751905710532646e-03 6.212566819652271199e+00 -4.825084820616065695e-01 8.758907343614337204e-01 -9.930752198958371635e-04 -1.228311598295143803e+00 6.640753875728988564e-03 4.791992685611506930e-03 9.999664680348351320e-01 5.635230506514581073e-02
8.579018050853999267e-01 5.137569772225357712e-01 -7.632901569870391423e-03 6.341977155864102045e+00 -5.137773487724547339e-01 8.579231356413355991e-01 -8.539436082261595614e-04 -1.308316935467838782e+00 6.109723361984102478e-03 4.654211694947477281e-03 9.999705043619729894e-01 7.008050289001660493e-02
8.391289714027091451e-01 5.438761958903954863e-01 -7.826422964771994478e-03 6.463574504224308015e+00 -5.438959095987254688e-01 8.391525572004515654e-01 -4.746216575545865132e-04 -1.392458949607256580e+00 6.309427423022775060e-03 4.655028220638247546e-03 9.999692604464692769e-01 7.195549552307810293e-02
8.193170020402873455e-01 5.732870370983943475e-01 -7.850048576931223376e-03 6.577879941046325563e+00 -5.733082779014403441e-01 8.193395468555932926e-01 -5.704806358915010759e-04 -1.498249741439376059e+00 6.104806090344977107e-03 4.967902315403752329e-03 9.999690251648717387e-01 7.358809004324862180e-02
7.978935131125555191e-01 6.027512477365105648e-01 -7.541557198908093937e-03 6.655765234627016191e+00 -6.027728710379472998e-01 7.979124422907664105e-01 -7.748407933790195466e-04 -1.629100360618994436e+00 5.550466068249913960e-03 5.164086527614837260e-03 9.999712618554398302e-01 7.090456009418000249e-02
7.765333911297497282e-01 6.300355548356151303e-01 -7.147874055229011710e-03 6.688696310138491086e+00 -6.300592574300329929e-01 7.765456128741646813e-01 -1.497749179073745674e-03 -1.778421060233153383e+00 4.607015003922840246e-03 5.666636468528925795e-03 9.999733319663515196e-01 6.837669481968662588e-02
7.542863623083062574e-01 6.565039351335819617e-01 -7.393699332801384645e-03 6.770584766171189095e+00 -6.565322101838078073e-01 7.542950227671998409e-01 -2.115566069322884820e-03 -1.881959889940507002e+00 4.188153157023692674e-03 6.449944399051080364e-03 9.999704283579502473e-01 6.870265668880030929e-02
7.313171628420700454e-01 6.819909932730042756e-01 -7.968213546728171448e-03 6.885589632682271422e+00 -6.820267862024042005e-01 7.313213297236185184e-01 -2.928411463320020058e-03 -1.992364559222537634e+00 3.830174283933327362e-03 7.576132640038868438e-03 9.999639653403392670e-01 7.937662543774574864e-02
7.088474578307011331e-01 7.053123321201758555e-01 -8.354381254837535756e-03 6.951713114371138147e+00 -7.053546647306739859e-01 7.088438649062841490e-01 -3.895141512221507799e-03 -2.115450994179354005e+00 3.174660553656592082e-03 8.653862947867203143e-03 9.999575151907448278e-01 7.630380439259565328e-02
6.874737305283663558e-01 7.261600745038760962e-01 -8.450800550039135398e-03 6.996942385479511195e+00 -7.262067131235934170e-01 6.874555212054247466e-01 -5.358747839277107523e-03 -2.221237101012784265e+00 1.918240766513296938e-03 9.821026458735631140e-03 9.999499326424591272e-01 7.761987756663646376e-02
6.676137487026500006e-01 7.444494486051079774e-01 -9.322071376352717570e-03 7.026299256598822929e+00 -7.445068323650839703e-01 6.675808493101360597e-01 -6.736927791395666207e-03 -2.333782919812207091e+00 1.207934147158323639e-03 1.143801144904230474e-02 9.999338542069609037e-01 7.392711545291211217e-02
6.486295470202861901e-01 7.610461938692740791e-01 -9.402208748466896540e-03 7.093224750317013161e+00 -7.611037988543685184e-01 6.485934049387623856e-01 -6.899452108072396013e-03 -2.428753076370666175e+00 8.474088194813281889e-04 1.163124529162709066e-02 9.999319957033371287e-01 7.379382268591948291e-02
6.301468359655273410e-01 7.764175936270054645e-01 -9.522889744460099129e-03 7.147769283130057438e+00 -7.764755481617675592e-01 6.301121871026252874e-01 -6.659937809682868817e-03 -2.477380467952029708e+00 8.295959965194331896e-04 1.159102977291257171e-02 9.999324776200071430e-01 7.051195569914514572e-02
6.124561978300054887e-01 7.904342700600115457e-01 -1.053899683603263561e-02 7.192099378387646347e+00 -7.905037577729681075e-01 6.124197582182150379e-01 -6.771166129977864746e-03 -2.547319085304882158e+00 1.102128136781511643e-03 1.247815926488277452e-02 9.999215373492713610e-01 7.154002960269517652e-02
5.957437898102122542e-01 8.031156987542892312e-01 -9.721693112597656894e-03 7.218728201667181210e+00 -8.031745362127219456e-01 5.957006863437698252e-01 -7.166356748075673050e-03 -2.639285996744007878e+00 3.580565234461436232e-05 1.207752888514362390e-02 9.999270633471142311e-01 7.368300916426209768e-02
5.805365551382390965e-01 8.141893565783583364e-01 -8.543991031445105980e-03 7.251332351349936367e+00 -8.142338542228831910e-01 5.804948976795124560e-01 -6.993168480832971656e-03 -2.732753552761943094e+00 -7.340201462800513815e-04 1.101659668734337842e-02 9.999390460482344700e-01 6.453535998540312069e-02
5.663215392465990039e-01 8.241415452284337473e-01 -8.404023670387278724e-03 7.267523781174009656e+00 -8.241841816026702627e-01 5.662846428976967550e-01 -6.491379989241817181e-03 -2.773083399945156291e+00 -5.907463919096322003e-04 1.060267167828960778e-02 9.999436155963908890e-01 6.745826480667431457e-02
5.506775373087544612e-01 8.346759260385130386e-01 -8.387395025661338252e-03 7.287666496725520915e+00 -8.347180324725960165e-01 5.506468616430723051e-01 -5.817218210946397371e-03 -2.802745835636858196e+00 -2.369992489486533302e-04 1.020452127178206846e-02 9.999479044315107146e-01 6.989234975313779463e-02
5.345371119947240901e-01 8.451083702642434581e-01 -7.868825176241284886e-03 7.331649792122232334e+00 -8.451446968244706870e-01 5.345058252777126206e-01 -5.827879002249346761e-03 -2.849212043022621543e+00 -7.192564308952591840e-04 9.765513478856261906e-03 9.999520575591016591e-01 7.374526741607080604e-02
5.178999451059982384e-01 8.554088434084636816e-01 -7.440260600195398345e-03 7.357967164485635259e+00 -8.554398514988477142e-01 5.178640952147827159e-01 -6.280076034900716753e-03 -2.935853705738436403e+00 -1.518988753649246721e-03 9.617146456680457367e-03 9.999526004602403706e-01 7.871486964649419826e-02
5.013194403728544746e-01 8.652344679257318871e-01 -6.937882783898413445e-03 7.381167476661742555e+00 -8.652598410933022288e-01 5.012828595142525545e-01 -6.395478747289210127e-03 -3.003639142030081643e+00 -2.055746930153809666e-03 9.209249181627411976e-03 9.999554808260564531e-01 7.758094514262073305e-02
4.838293009930110800e-01 8.751351908836040305e-01 -6.899650551448980457e-03 7.396609770516750615e+00 -8.751604793242948599e-01 4.837967379317747452e-01 -5.903540924244219876e-03 -3.077712164995817012e+00 -1.828367983967447465e-03 8.894607562536937725e-03 9.999587706634827100e-01 7.234548615567253094e-02
4.658194552821872669e-01 8.848714103101845696e-01 -3.849973541660364155e-03 7.427954791044514948e+00 -8.848734556532421580e-01 4.657952572028660754e-01 -5.809117627103569520e-03 -3.186000554438106480e+00 -3.347022691290967456e-03 6.112739400710096895e-03 9.999757156331962049e-01 9.639154068915908868e-02
4.491235061116275462e-01 8.934666859698751074e-01 -2.314588518047742526e-03 7.454269687896228014e+00 -8.934585791091852469e-01 4.491035010332246058e-01 -6.149209371661100432e-03 -3.273165640649466024e+00 -4.454623911726397073e-03 4.829743441372285132e-03 9.999784147190856620e-01 1.021314264429205448e-01
4.334689209634001172e-01 9.011684854499815156e-01 -2.353521026583499799e-04 7.470941656460512448e+00 -9.011523578897751019e-01 4.334595699799003721e-01 -6.101562303102708341e-03 -3.316639203787474788e+00 -5.396520038353612089e-03 2.856925729961779133e-03 9.999813575996550075e-01 8.870588426107936519e-02
4.183827699732707850e-01 9.082653452261979510e-01 3.149674686096322861e-03 7.501041860374705550e+00 -9.082419263164986933e-01 4.183946049178930982e-01 -6.523638286678535084e-03 -3.412834371419113388e+00 -7.243001476490085015e-03 -1.312887474861900447e-04 9.999737605021825626e-01 9.686086555508541251e-02
4.023971125620305900e-01 9.154458775514666691e-01 5.950552559699455631e-03 7.536153693354004091e+00 -9.154201704008069207e-01 4.024332932692927800e-01 -7.304525432160316294e-03 -3.524127822130499244e+00 -9.081598157712880703e-03 -2.507935895641801808e-03 9.999556164312719542e-01 9.741128387826038237e-02
3.858180141132221963e-01 9.225237751264117048e-01 9.713100032590175903e-03 7.577879805633981114e+00 -9.225023541390742210e-01 3.858983262737527009e-01 -8.478701963297462577e-03 -3.631374123916399910e+00 -1.157007318885897897e-02 -5.689121692315448134e-03 9.999168801959362751e-01 1.088802613521842322e-01
3.699220132540592676e-01 9.289745111231019203e-01 1.280866088463981922e-02 7.608500498712400528e+00 -9.289591750111724222e-01 3.700515123867506029e-01 -9.835107667991182384e-03 -3.732790174937807848e+00 -1.387642866972515869e-02 -8.260500219279143935e-03 9.998695959291398205e-01 1.051033115034374493e-01
3.548954946432817947e-01 9.347693968432554401e-01 1.598006906107722613e-02 7.630405844913342506e+00 -9.347633023117766227e-01 3.550881022588729397e-01 -1.140211758290076566e-02 -3.855687912945782170e+00 -1.633268297256766297e-02 -1.089102196713836665e-02 9.998072959862960296e-01 1.076399536611930413e-01
3.400225430813152427e-01 9.402702077681268644e-01 1.663149362501094644e-02 7.659225914418906100e+00 -9.402491544519886446e-01 3.402429866314395368e-01 -1.289331611488854154e-02 -3.980244934862440243e+00 -1.778195008528185919e-02 -1.125372968405447503e-02 9.997785533903809085e-01 1.069548658864527407e-01
