1.000000000000000000e+00 0.000000000000000000e+00 0.000000000000000000e+00 0.000000000000000000e+00 0.000000000000000000e+00 1.000000000000000000e+00 0.000000000000000000e+00 0.000000000000000000e+00 0.000000000000000000e+00 0.000000000000000000e+00 1.000000000000000000e+00 0.000000000000000000e+00
9.999999914283634883e-01 -5.072724146207359289e-05 -1.207063378213643401e-04 -7.412191121762246385e-03 5.072123764431136551e-05 9.999999974765654276e-01 -4.974158464032081892e-05 -9.301080227724739492e-05 1.207088607701445576e-04 4.973546183910822736e-05 9.999999914778773258e-01 2.653623529415552549e-03
9.999999745378618243e-01 -2.117304855108551596e-04 -7.806713202647618747e-05 -7.064063257323232800e-03 2.117244532115289282e-04 9.999999746009865520e-01 -7.727083577250407130e-05 3.297346714936712740e-03 7.808349063522198913e-05 7.725430508418128217e-05 9.999999939673703819e-01 5.368332944841972421e-04
9.999999891523650986e-01 -1.463701301756561665e-04 1.646373706942941449e-05 8.003440860876617725e-04 1.463702989878250542e-04 9.999999892353074182e-01 -1.025283786190551160e-05 -2.886361164085597588e-03 -1.646223618298982817e-05 1.025524755280377942e-05 9.999999998119123434e-01 -1.731350989206918841e-03
9.999999965326055174e-01 5.270089841887105702e-05 6.447793584003865452e-05 9.439373741878113772e-05 -5.270694169044677808e-05 9.999999942185120450e-01 9.372808590780600977e-05 -4.059589187307319560e-03 -6.447299591292581932e-05 -9.373148401761841227e-05 9.999999935288208519e-01 -2.784510060621219873e-03
9.999999957751553037e-01 9.030479068684602929e-05 1.716782544570104942e-05 -1.325257371698662342e-03 -9.030469280641776589e-05 9.999999959062744193e-01 -5.702077344315989860e-06 -7.640037281965129327e-04 -1.716834030032174429e-05 5.700526985022570722e-06 9.999999998363759968e-01 -8.532737685707857773e-04
9.999999965727147666e-01 -3.175430249088105882e-05 7.646067494938102265e-05 -9.113727857334049526e-03 3.175906524076890840e-05 9.999999975556724818e-01 -6.228978048579764050e-05 3.916003649855887350e-03 -7.645869679395446384e-05 6.229220859187687732e-05 9.999999951368742090e-01 2.784693667453976181e-03
9.999999981689613460e-01 5.055768883802871526e-05 3.325653782973825263e-05 -1.096288881876708761e-03 -5.055337180958908690e-05 9.999999902984240130e-01 -1.297979524399693314e-04 2.370883163604329581e-03 -3.326309979158869197e-05 1.297962709721823030e-04 9.999999910232471034e-01 1.325207562636436260e-03
9.999999967158568204e-01 -3.358920023982112297e-05 -7.375670806128674362e-05 4.146706940307506341e-03 3.358479688077085207e-05 9.999999976538925806e-01 -5.970156016209913629e-05 -2.768398216122301952e-03 7.375871321590450169e-05 5.969908286197183337e-05 9.999999954978358030e-01 9.383478166835194966e-04
9.999999892190316597e-01 -1.050738532049725357e-04 -1.025739829526697345e-04 3.280854538059344407e-04 1.050802466009513733e-04 9.999999925367928366e-01 6.232620705493817630e-05 -3.489756467153316138e-03 1.025674333324079295e-04 -6.233698488242479514e-05 9.999999927970109059e-01 4.186755369821701812e-04
9.999999978550792035e-01 -5.501184457757505078e-05 3.554628675498522350e-05 -3.386658459152630269e-03 5.501133502918552516e-05 9.999999983841217910e-01 1.433560404074896078e-05 -2.734157462311311709e-03 -3.554707532556816756e-05 -1.433364856131050507e-05 9.999999992654760028e-01 -1.952010111370927137e-03
9.999999994465426090e-01 -2.961900340197830319e-05 -1.515352611029373653e-05 -4.161135017978922872e-03 2.961827840242440844e-05 9.999999984169690714e-01 -4.784160816898825144e-05 1.215844697576915932e-03 1.515494310706034701e-05 4.784115932115483891e-05 9.999999987407756086e-01 2.809339683310736659e-04
9.999999996835483573e-01 1.786469295459648218e-05 -1.771315935484789165e-05 -4.937496690903438179e-03 -1.786564250381881427e-05 9.999999984034853018e-01 -5.360828471872771262e-05 -3.217300174512539596e-03 1.771220163102225166e-05 5.360860115873593577e-05 9.999999984061979097e-01 1.739674278015318314e-03
9.999999805815922294e-01 -1.968423209143041605e-04 9.482402695405565493e-06 -6.015725241097433229e-04 1.968432101313142982e-04 9.999999762209607068e-01 -9.386601458199878814e-05 -1.785014187529785235e-03 -9.463925665757844997e-06 9.386787930585657584e-05 9.999999955496277071e-01 2.307967171515793933e-03
9.999999901180317563e-01 -1.400642915653011920e-04 -1.208017368679297321e-05 8.906098128994401411e-04 1.400636211952594335e-04 9.999999886522745740e-01 -5.547641551053717325e-05 -1.057123603889582528e-02 1.208794381454754733e-05 5.547472296944975324e-05 9.999999983882184029e-01 9.746755734714308665e-04
9.999999903156545633e-01 -1.332868775959673163e-04 4.004121614741819270e-05 5.091597156654398444e-03 1.332877694334826666e-04 9.999999908691832307e-01 -2.227114494565626417e-05 -1.286986484475482334e-02 -4.003824733043889706e-05 2.227648173436049987e-05 9.999999989503485232e-01 8.939827401693724957e-04
9.999999703145717733e-01 -2.435293051718612569e-04 -8.020796075538860959e-06 7.577984269718169956e-03 2.435290341445092743e-04 9.999999697764546669e-01 -3.377424062193538017e-05 -1.348063292348234028e-02 8.029020850473334451e-06 3.377228632261123796e-05 9.999999993974837409e-01 2.147125117793889388e-03
9.999999308257626618e-01 -3.678943684008959556e-04 5.479236894332947339e-05 1.691063029740730306e-03 3.679003388847607459e-04 9.999999263846667263e-01 -1.089954207337051953e-04 -9.281745288550045936e-03 -5.475226610830155258e-05 1.090155713251326152e-04 9.999999925588972660e-01 4.465537561373258534e-04
9.999998437986108435e-01 -5.528758833951500891e-04 8.204274122345000728e-05 -1.958648277288932166e-03 5.528820129886031229e-04 9.999998443700601758e-01 -7.470833450472905471e-05 -1.117429017411986775e-02 -8.200142401870684082e-05 7.475368279110216198e-05 9.999999938438266511e-01 1.344944183552002201e-03
9.999998314976510372e-01 -5.802093256063771886e-04 -1.902125444114061817e-05 9.551085615506577304e-04 5.802093999240229760e-04 9.999998316708998969e-01 3.901799058275015752e-06 -1.391688811349828768e-02 1.901898737910972422e-05 -3.912834711437803658e-06 9.999999998114839084e-01 1.384657462604512931e-03
9.999998343476115270e-01 -5.705593318113801266e-04 -7.593943965607254066e-05 6.441433934881710122e-03 5.705603397327710076e-04 9.999998371426324084e-01 1.325169770985761721e-05 -1.531435697343557813e-02 7.593186640898457059e-05 -1.329502354717152391e-05 9.999999970287970497e-01 -2.726597019803100549e-04
9.999997809564812323e-01 -6.605760692234660019e-04 -4.154812137149492904e-05 8.835006788441266551e-03 6.605733226529880058e-04 9.999997796378188308e-01 -6.608478816881311929e-05 -1.551127676334099724e-02 4.159176624546429083e-05 6.605732811278422435e-05 9.999999969532772370e-01 -1.931378330473416081e-03
9.999996967841755513e-01 -7.766034474860694170e-04 5.760765922592913382e-05 1.001895484371085124e-02 7.766120029336892995e-04 9.999996873900846017e-01 -1.486389244799104397e-04 -1.542797812948721800e-02 -5.749220771602194527e-05 1.486836182098522194e-04 9.999999872939138168e-01 -2.040355959375574470e-04
9.999997607902864072e-01 -6.791654905039076935e-04 1.309717771435597812e-04 8.923909044105398855e-03 6.791863190207115663e-04 9.999997567042170354e-01 -1.590517239139064187e-04 -1.010979683571012165e-02 -1.308637228365912525e-04 1.591406401064028033e-04 9.999999787744711099e-01 2.734579703141378458e-03
9.999999647499248079e-01 -2.069228312342507377e-04 1.663823640911168955e-04 3.644957512798507101e-03 2.069449716571286743e-04 9.999999697339645444e-01 -1.330633261933029693e-04 -8.005324320634275501e-03 -1.663548252151929860e-04 1.330977534964318239e-04 9.999999773055298080e-01 -8.447673824552515620e-04
9.999999333377629362e-01 3.061077387852964636e-04 1.990540678884555133e-04 -1.271023181783868111e-02 -3.060917964846135409e-04 9.999999499446311502e-01 -8.011583626594282067e-05 -1.394574268774690512e-02 -1.990785820022110126e-04 8.005490210800440235e-05 9.999999769794651883e-01 -2.822427516898859401e-03
9.999996295361975873e-01 8.507315040647512802e-04 1.310853750771057093e-04 -4.342311335328752353e-02 -8.507271531941543175e-04 9.999996375790309866e-01 -3.324330631364350383e-05 -4.435887086210583280e-03 -1.311136086969973775e-04 3.313177611023710410e-05 9.999999908557534178e-01 -1.484868939571566465e-03
9.999989015181697249e-01 1.479431340660840267e-03 9.080397606207932357e-05 -7.079755985100488758e-02 -1.479433218213906413e-03 9.999989054256231968e-01 2.061330654971655049e-05 -7.582574882321962799e-03 -9.077338069862950123e-05 -2.074762232490598673e-05 9.999999956648647492e-01 5.402678858442663042e-04
9.999963503501074769e-01 2.699285632635930673e-03 1.146452724764089869e-04 -9.890808061700545606e-02 -2.699293936242331236e-03 9.999963542832420726e-01 7.233581692880202156e-05 -7.541026837391016924e-03 -1.144495994808569789e-04 -7.264501421720996263e-05 9.999999908119955316e-01 4.424695075850149269e-03
9.999894552855326246e-01 4.588885114494259572e-03 1.773447197194690146e-04 -1.288094161387720316e-01 -4.588885548249952394e-03 9.999894710072039228e-01 2.039001647638639998e-06 -5.999865252253976447e-03 -1.773334957138833577e-04 -2.852794768327576971e-06 9.999999842723462651e-01 5.213679097122402711e-03
9.999730454106426913e-01 7.337823202246894841e-03 2.545639746978258910e-04 -1.588090353638240138e-01 -7.337819153588383964e-03 9.999730777009271376e-01 -1.683462785824201233e-05 -8.255658300664978078e-03 -2.546806507732653213e-04 1.496622967840981597e-05 9.999999674568884611e-01 5.033534940350345432e-03
9.999519214157409630e-01 9.804823242213805273e-03 1.424715998562958458e-04 -1.958897368595499677e-01 -9.804824940559168922e-03 9.999519314856285535e-01 1.122701115441564230e-05 -1.041872804863680675e-02 -1.423546725982432408e-04 -1.262338047120625349e-05 9.999999897878987243e-01 5.056020906315989751e-03
9.999204424561405347e-01 1.261382542654468190e-02 1.290056973256875350e-05 -2.550410440390463718e-01 -1.261382606943032940e-02 9.999204412291325950e-01 5.102966603486358202e-05 -8.363573686944285324e-03 -1.225586408015869753e-05 -5.118833178277306100e-05 9.999999986147742881e-01 5.397802384554699004e-03
9.998702787575587392e-01 1.610630369538425949e-02 1.124213223647722458e-04 -3.286479000812468909e-01 -1.610631186741526971e-02 9.998702823415537289e-01 7.216821366782552951e-05 -1.537572549779341220e-02 -1.112443761675883106e-04 -7.396954479603801732e-05 9.999999910765975386e-01 5.473169714390653355e-03
9.997988490527770500e-01 2.005570727515278498e-02 1.733159995795758527e-04 -3.831197493387880626e-01 -2.005571538898779857e-02 9.997988628903213826e-01 4.520460422148346434e-05 -2.008053409291337896e-02 -1.723745289906041282e-04 -4.867148763245138113e-05 9.999999839590538731e-01 5.443019054991289629e-03
9.996976939105137738e-01 2.458654456793499948e-02 1.503868669980190794e-04 -4.274367978963636294e-01 -2.458655307739804341e-02 9.996977034998562051e-01 5.499896333165637245e-05 -2.550485792568434051e-02 -1.489891711113140076e-04 -5.867983149771616505e-05 9.999999871794520434e-01 4.651849400944369287e-03
9.995642028138790325e-01 2.951907894546384678e-02 1.686157351888364290e-04 -4.829823214669275444e-01 -2.951908228728407010e-02 9.995642167861921168e-01 1.736441767006241370e-05 -2.356621773612638943e-02 -1.680296736658126820e-04 -2.233423206767332591e-05 9.999999856336053705e-01 5.240410093125594942e-03
9.993861167747086771e-01 3.503385363628935129e-02 1.367382882363453727e-04 -5.646892484003037671e-01 -3.503386223578385666e-02 9.993861239654671103e-01 6.100921364759822750e-05 -2.919123132458733075e-02 -1.345169600167989371e-04 -6.576223146718076129e-05 9.999999887902580875e-01 6.562684474310946474e-03
9.991695936675081269e-01 4.074429867544408085e-02 -1.587946878444522112e-04 -6.354802151788232489e-01 -4.074427804084804899e-02 9.991695985285901083e-01 1.310845003013404837e-04 -3.449192505112905899e-02 1.640037705340132985e-04 -1.245056719892546752e-04 9.999999788005502488e-01 6.831158258795618117e-03
9.988818112483778267e-01 4.727587366399778335e-02 -3.448571671420165444e-04 -7.082381209819176293e-01 -4.727585817817832325e-02 9.988818701090611540e-01 5.292392143416126615e-05 -4.058356613333236745e-02 3.469735966588553388e-04 -3.656132397498754134e-05 9.999999391362945911e-01 -2.754303324009132071e-03
9.985267674337174881e-01 5.425967545040652484e-02 -4.270109918458430526e-04 -7.814188214094774931e-01 -5.425972422536223805e-02 9.985268507258715509e-01 -1.034720287229141174e-04 -4.447279508213766719e-02 4.207675822164599986e-04 1.264890890192540735e-04 9.999999034775713946e-01 -1.343393671013410826e-02
9.981591610510212043e-01 6.064664860484838410e-02 -5.227073001106082072e-04 -8.461072089659527062e-01 -6.064694383733245514e-02 9.981591179238559208e-01 -5.687782179228134021e-04 -5.999595109961343431e-02 4.872505648943082496e-04 5.994317890991019120e-04 9.999997016341640732e-01 -2.467288241590826284e-02
9.977684293800157533e-01 6.676739826022534685e-02 -5.252257580643819243e-04 -9.276911973091297448e-01 -6.676784643245450845e-02 9.977681426138814702e-01 -8.878443654137008634e-04 -7.257966667052473397e-02 4.647744707381926675e-04 9.209312707695371586e-04 9.999994679350013849e-01 -2.519105736445963195e-02
9.972857810882123086e-01 7.362374791723474976e-02 -7.839527368202983291e-04 -1.034005218829679773e+00 -7.362438207945978808e-02 9.972857107372655738e-01 -8.133404481443114436e-04 -7.815155329312239996e-02 7.219436901991882309e-04 8.688508999461321599e-04 9.999993619475073814e-01 -2.466212671367047637e-02
9.966769308859559917e-01 8.144602720087336378e-02 -1.280661136176465932e-03 -1.120869744822180269e+00 -8.144703204989857392e-02 9.966773870931079360e-01 -7.530122958330874713e-04 -8.542003988619362165e-02 1.215076135027037341e-03 8.548160325335332635e-04 9.999988964391594015e-01 -3.564234204282307195e-02
9.959563370957463802e-01 8.982103728368928675e-02 -1.776474065705224356e-03 -1.182972391099246678e+00 -8.982270546321746707e-02 9.959573799893942647e-01 -8.825122829183199664e-04 -9.475001304676471114e-02 1.690024287431562099e-03 1.038511407504220030e-03 9.999980326540469644e-01 -4.694804263300678820e-02
9.952069017518655469e-01 9.766863954931129244e-02 -4.905053928270101775e-03 -1.236338679196327783e+00 -9.769228163202781090e-02 9.952049175006493220e-01 -4.836351109487742675e-03 -7.269504038526496126e-02 4.409173956773813560e-03 5.292355913238340308e-03 9.999762747955105446e-01 -1.805309835982720629e-02
9.943902462607795423e-01 1.055596073404665575e-01 -6.723647786179696127e-03 -1.343144652246699211e+00 -1.056106243769818626e-01 9.943773823354401520e-01 -7.747097419159085577e-03 -5.983197172440045397e-02 5.868062723772069465e-03 8.413726751233203960e-03 9.999473861369034822e-01 1.325504478892432919e-02
9.933938047943698946e-01 1.143600798537469793e-01 -9.514238383074732908e-03 -1.441453460163668598e+00 -1.144588539337832028e-01 9.933716566224253253e-01 -1.057934664255589553e-02 -6.254212455669951043e-02 8.241319817252448429e-03 1.159844623486668870e-02 9.998987732228731273e-01 1.923688842620559919e-02
9.922318618039097649e-01 1.239153657893150295e-01 -1.099611487968792968e-02 -1.538373046216313877e+00 -1.240377384659648863e-01 9.922137689847210229e-01 -1.124615816105707655e-02 -7.443939510061831077e-02 9.516924786712252157e-03 1.252272967187533469e-02 9.998762970408735518e-01 -1.553929713056340783e-02
9.908277099693192369e-01 1.347119655147007156e-01 -1.063651748087092105e-02 -1.634468130077357362e+00 -1.348238974055527839e-01 9.908126946544668634e-01 -1.061700522423616143e-02 -9.034493342458839449e-02 9.108558905324354651e-03 1.195367971465552057e-02 9.998870654708699179e-01 -5.021737837095213014e-02
9.890975352992624758e-01 1.469037012821608479e-01 -1.026490207093581734e-02 -1.732267169796813278e+00 -1.470033561787197351e-01 9.890880557429886366e-01 -9.738134253915130961e-03 -9.324280373888362006e-02 8.722324066251356880e-03 1.114093964423423094e-02 9.998998952528832529e-01 -5.996568858180927747e-02
9.868586044194416207e-01 1.612297982372912220e-01 -1.072599849311869219e-02 -1.815298852575120581e+00 -1.613339341528822191e-01 9.868524641745968218e-01 -9.673450432990279152e-03 -7.465419204294806987e-02 9.025329582097733200e-03 1.127679532883415353e-02 9.998956832155272423e-01 -4.633973588143831118e-02
9.841477724211478151e-01 1.770302932253186023e-01 -1.065069570733183715e-02 -1.901770739893281270e+00 -1.771330253612549699e-01 9.841398613424977571e-01 -9.624169737609385156e-03 -6.203983928356310296e-02 8.778004605915462610e-03 1.135819516151312034e-02 9.998969637106672748e-01 -2.554764651793398414e-02
9.809153783087340983e-01 1.941928239430063263e-01 -9.704005692169757197e-03 -1.986386871151682554e+00 -1.942775235880880025e-01 9.809079292332998357e-01 -8.710809131164997179e-03 -6.962460669637471344e-02 7.827159504764934911e-03 1.042983682903133973e-02 9.999149734241440379e-01 -4.313956783757466780e-03
9.771010553801355858e-01 2.126251842778018042e-01 -8.003660778434243395e-03 -2.076347675578369412e+00 -2.126816565985294449e-01 9.770963284846762020e-01 -7.019815401501632718e-03 -5.420682708254948717e-02 6.327758017704468267e-03 8.561300870591042819e-03 9.999433301972030508e-01 8.277415052036935297e-03
9.727899735055706154e-01 2.316532020404914183e-01 -4.057268960581801760e-03 -2.167866772204224635e+00 -2.316659804949000867e-01 9.727906955755581953e-01 -3.022595401011295667e-03 -4.916149788445575708e-02 3.246679591184363327e-03 3.880281691952544489e-03 9.999872011609064471e-01 -1.134402890811377074e-02
9.682137172179309248e-01 2.501231585485887976e-01 7.767552470834616137e-04 -2.264017070571829660e+00 -2.501243132479022968e-01 9.682108404276603686e-01 2.365671285011014102e-03 -7.002170930136851490e-02 -1.603536766906200027e-04 -2.484760761314687861e-03 9.999969001205241126e-01 -6.141325132785761115e-02
9.633061933367523810e-01 2.683976836818349754e-01 1.965012285226398411e-03 -2.368216902731703488e+00 -2.684033181173855476e-01 9.632997333550572527e-01 3.644522143309931496e-03 -7.047311881946470569e-02 -9.147145090064592258e-04 -4.038206569899584902e-03 9.999914280557937740e-01 -7.668259734996506205e-02
9.576354330160408157e-01 2.879831161887447255e-01 3.197223794280514638e-04 -2.470514010759943702e+00 -2.879832924540060013e-01 9.576349407637478883e-01 9.713371008524965614e-04 -3.408794356923556396e-02 -2.644863671118370725e-05 -1.022261528678345462e-03 9.999994771407816341e-01 -3.292110336026233403e-02
9.510125563341514932e-01 3.091504217114558473e-01 -1.065105821669881658e-03 -2.557769916795155751e+00 -3.091519646830417911e-01 9.510107482119987132e-01 -1.902503053776776918e-03 -4.671845392984603183e-03 4.247674630088064734e-04 2.138583849970371754e-03 9.999976230130345201e-01 1.435958487705528419e-02
9.438994887773105580e-01 3.302322460634288803e-01 -6.471057368920643278e-04 -2.658010095335024747e+00 -3.302328584769841924e-01 9.438969060411966927e-01 -2.211322675769223940e-03 -4.465345336294290930e-03 -1.194489510563342575e-04 2.300961920410966866e-03 9.999973456495716562e-01 1.887895376242215012e-02
9.361664039950718941e-01 3.515566142070247202e-01 6.411226319057310207e-04 -2.775775926421486517e+00 -3.515563697456200454e-01 9.361666000968402734e-01 -4.644937068927562575e-04 -6.557435634084967171e-03 -7.634934294720134703e-04 2.094526582255962883e-04 9.999996866036344745e-01 -1.392367890260531003e-02
9.276158367959534967e-01 3.735330992053700894e-01 1.372269424696578866e-03 -2.864198918926175175e+00 -3.735344867997239526e-01 9.276158119958106685e-01 9.447256847796517030e-04 2.733664606764827851e-03 -9.200525037322821028e-04 -1.388932461934495920e-03 9.999986121840402920e-01 -4.582249037214922160e-02
9.181432390629288287e-01 3.962458023970636400e-01 1.502213613502786840e-03 -2.957724712471182738e+00 -3.962468406576580282e-01 9.181439052332278639e-01 4.588593488099121528e-04 2.291126352819111700e-02 -1.197427182739389633e-03 -1.016546007134042605e-03 9.999987664004178489e-01 -4.746294161296932268e-02
9.077666825082436608e-01 4.194713663474172738e-01 1.850119620015492619e-03 -3.059421986851293962e+00 -4.194683081232230548e-01 9.077681362191053482e-01 -1.830121726154644969e-03 4.356690961986420946e-02 -2.447163300296046305e-03 8.852569811041833105e-04 9.999966138501965585e-01 -3.677778745881316730e-02
8.967471346045942093e-01 4.425346404810402978e-01 2.769215189547622608e-03 -3.176646836284615194e+00 -4.425027855274812350e-01 8.967321489726554073e-01 -7.920719620275617004e-03 6.245701933164627545e-02 -5.988437097400550399e-03 5.877497188388715842e-03 9.999647962043118898e-01 -3.203678021679565863e-02
8.854743078212012897e-01 4.646767666905328165e-01 3.279128938702022007e-03 -3.304803920774176174e+00 -4.646026291614239190e-01 8.854244728136370091e-01 -1.295762011271580326e-02 9.749857544525276920e-02 -8.924526029819175241e-03 9.950147774036830622e-03 9.999106697072583927e-01 -1.518470247255000564e-02
8.736046335340712510e-01 4.866284486934800424e-01 2.774381008116716309e-03 -3.414596805343247166e+00 -4.865607429395825689e-01 8.735551945867737755e-01 -1.264774448450158364e-02 1.167521658334311624e-01 -8.578327219367770651e-03 9.699223300908839385e-03 9.999161651705990028e-01 -9.009845996605226996e-04
8.616047595871346720e-01 5.075746719341940327e-01 2.278303687186731315e-03 -3.496505176636376611e+00 -5.075516345186001921e-01 8.615955680181627274e-01 -6.664493150787567828e-03 1.402593733280744770e-01 -5.345704284098209969e-03 4.585802258593051420e-03 9.999751966240723045e-01 4.604982165767415613e-04
8.493234318996042420e-01 5.278538280010007799e-01 4.477085097286146592e-03 -3.615823142970326032e+00 -5.278719741287960510e-01 8.493066639104260851e-01 5.419369586054373703e-03 2.100291069216932982e-01 -9.417832266681831028e-04 -6.966125324207090089e-03 9.999752927659369961e-01 -1.761230215177305922e-02
8.352697414102497886e-01 5.497898570094839066e-01 7.454677320020904573e-03 -3.719671061826857805e+00 -5.498236996875731641e-01 8.350619605159134151e-01 1.911599752010215147e-02 2.754670304470794306e-01 4.284664085300435646e-03 -2.006577256948564175e-02 9.997894810533194399e-01 -7.706791337986958201e-02
8.195547806101372013e-01 5.729285497715171926e-01 9.101562271162419449e-03 -3.810812926638992071e+00 -5.729783262283788536e-01 8.192783884859612398e-01 2.188058117079697343e-02 2.794704959573321990e-01 5.079296368120103482e-03 -2.314733281724882033e-02 9.997191614307752161e-01 -1.161236410554515458e-01
8.037432212921488128e-01 5.949009949191628177e-01 9.467865182301514818e-03 -3.899626587370426112e+00 -5.949724126123141499e-01 8.035784078996109914e-01 1.641860492882013869e-02 2.872265780023590676e-01 2.159272377937753850e-03 -1.882946100441510937e-02 9.998203783385699595e-01 -9.187650564969529476e-02
7.880247321819665585e-01 6.155831810393904702e-01 8.623728367990024513e-03 -3.990176224094306612e+00 -6.156426669650522099e-01 7.879704108967896525e-01 9.313332556209584154e-03 3.498795314491426889e-01 -1.062111904558187599e-03 -1.264827152498020253e-02 9.999194433281776151e-01 -8.856904468127545921e-03
7.719494495766591191e-01 6.356141367335621517e-01 9.418942761334935659e-03 -4.097687790859488643e+00 -6.356828035221211426e-01 7.718911312151860438e-01 9.563203312521728269e-03 4.233091005656343109e-01 -1.191891165001869850e-03 -1.336976947403061347e-02 9.999099102717514675e-01 3.822454454829504744e-02
7.553298879146370659e-01 6.552356740577355287e-01 1.195708430039200271e-02 -4.195910583702329610e+00 -6.553434088395636570e-01 7.551654789592076034e-01 1.581505228733070742e-02 4.707991109743204228e-01 1.333009153086321414e-03 -1.978157805675455003e-02 9.998034368095471969e-01 4.322122182546394090e-03
7.385772692842299536e-01 6.740099136917407918e-01 1.463740215687419841e-02 -4.268638897758536110e+00 -6.741605037871483130e-01 7.382861059957493977e-01 2.100573319575810630e-02 5.100099421745155626e-01 3.351481778012220091e-03 -2.538231547524952628e-02 9.996721990887845744e-01 -5.987322436503539347e-02
7.208444371242879178e-01 6.928873037163360005e-01 1.704352709020767395e-02 -4.360094961207344966e+00 -6.930860495774912033e-01 7.204776657276122931e-01 2.331654066877279427e-02 5.525713259340717665e-01 3.876254382260120677e-03 -2.862022949588608270e-02 9.995828415471960104e-01 -9.299648779547935173e-02
7.027365801400051737e-01 7.112303584042319882e-01 1.768265300564198644e-02 -4.453778224616585568e+00 -7.114434487689479392e-01 7.024051078756793354e-01 2.180100075457119813e-02 6.215138171728867844e-01 3.085147788288434417e-03 -2.790056835161557405e-02 9.996059424337078170e-01 -7.197965164943814775e-02
6.842967366503138749e-01 7.289787559069175193e-01 1.810938005933413614e-02 -4.548470845980486565e+00 -7.292005400264188753e-01 6.840101229165725938e-01 1.991793595818302717e-02 6.785792758691441273e-01 2.132752894701844208e-03 -2.683514829580469982e-02 9.996375974227020844e-01 -1.867616945725906683e-02
6.656543403334505005e-01 7.459766721907017395e-01 2.056948571367839262e-02 -4.623096813186359455e+00 -7.462578631886689351e-01 6.653302300283463477e-01 2.085393582779239419e-02 7.272702167282673047e-01 1.871048989448588322e-03 -2.923165335238474272e-02 9.995709127510489234e-01 4.022411990489702452e-03
6.466016982357764009e-01 7.624325693167294249e-01 2.455241502786750449e-02 -4.690717291649645126e+00 -7.628258866110647629e-01 6.461930914481136545e-01 2.304680630310850659e-02 7.802848271660370871e-01 1.706034774849186919e-03 -3.363132185657682210e-02 9.994328509887626666e-01 -3.017874987835509476e-02
6.271975730595165111e-01 7.782961344058788589e-01 2.963665833252281459e-02 -4.759560208651830493e+00 -7.788592702459459227e-01 6.266839466302807082e-01 2.540606596559722916e-02 8.339636041574683967e-01 1.200624922726497819e-03 -3.901740899600972257e-02 9.992378096804749310e-01 -7.382451806120146620e-02
6.082859947789882593e-01 7.930228950447399949e-01 3.320898207708286587e-02 -4.835887069937180982e+00 -7.937179275175869630e-01 6.077538469543708466e-01 2.543841680116528878e-02 8.825009183363796694e-01 -9.639673771015578677e-06 -4.183239709869025769e-02 9.991246421043042947e-01 -8.395485496519866642e-02
5.901413915596291915e-01 8.065267148741526171e-01 3.532415833918009507e-02 -4.911732535626804008e+00 -8.072993863846420481e-01 5.896254419665373225e-01 2.468884219127950169e-02 9.548474184372887086e-01 -9.158116862559687087e-04 -4.308707903853179616e-02 9.990709008418184878e-01 -7.621706800113427216e-02
5.733741948415271850e-01 8.185191003266500953e-01 3.561621948329016241e-02 -4.981863505688380656e+00 -8.192932360943165904e-01 5.728738700673123851e-01 2.396084898751374773e-02 1.019113832289261223e+00 -7.911889362367702542e-04 -4.291866021384535546e-02 9.990782565072245935e-01 -5.729485607711828909e-02
5.588480125082146976e-01 8.285478718293350919e-01 3.460235545014266056e-02 -5.039936551004755572e+00 -8.292699859857353140e-01 5.583393337293631742e-01 2.384279249310578691e-02 1.059324069801016899e+00 4.350388911319916620e-04 -4.201919201663119330e-02 9.991167090202388579e-01 -5.669365255003047666e-02
5.472205166268756527e-01 8.363353872210425033e-01 3.305792286947545344e-02 -5.087572127679794498e+00 -8.369865253308123032e-01 5.467070219172973644e-01 2.376948886647464732e-02 1.087809366699671987e+00 1.806266112446682772e-03 -4.067618797464528368e-02 9.991707487384637876e-01 -7.348598867514197219e-02
5.380827092951145918e-01 8.422805484152723343e-01 3.210102364251520013e-02 -5.124624215056791776e+00 -8.428865695265830293e-01 5.375515907291733564e-01 2.409394563462599614e-02 1.133823884101095469e+00 3.037905419551685960e-03 -4.002205724102013418e-02 9.991941783581699266e-01 -6.752650331317440469e-02
5.315486100864974528e-01 8.464182599501549609e-01 3.212793703406101320e-02 -5.153274105633350644e+00 -8.470201066525829825e-01 5.309997403546252714e-01 2.441750743969650292e-02 1.165088343393135606e+00 3.607497936211725639e-03 -4.019210079446521033e-02 9.991854587574660052e-01 -5.556009595524361022e-02
5.275537830004350948e-01 8.488980492232074404e-01 3.254394055677476555e-02 -5.160363452809249907e+00 -8.495127026352267130e-01 5.269853343923454059e-01 2.479163965495473354e-02 1.182020571268993736e+00 3.895395143379217634e-03 -4.072541418354085757e-02 9.991627828018094792e-01 -5.586240401314873649e-02
5.258604408387022033e-01 8.499335024201424282e-01 3.292169838808130938e-02 -5.159701700969615779e+00 -8.505613810718239964e-01 5.252777555890260075e-01 2.507222591927623159e-02 1.205706163022591149e+00 4.016688949569308630e-03 -4.118641702291461065e-02 9.991434057544977820e-01 -6.349645292304369193e-02
5.267776880299184228e-01 8.493623611750761304e-01 3.299767890251551622e-02 -5.157289962269456574e+00 -8.499938080105279292e-01 5.261933432232372976e-01 2.512154237530148451e-02 1.205170091964018697e+00 3.974133567924268730e-03 -4.128129075806476894e-02 9.991396605558866550e-01 -6.501908772283704341e-02
5.282548561538019660e-01 8.483873518623361587e-01 3.443411317195255172e-02 -5.162203376819779699e+00 -8.490796911979439088e-01 5.276617842844750772e-01 2.523329944594348076e-02 1.225945363194192561e+00 3.238046499127313332e-03 -4.256691914781918912e-02 9.990883706905673289e-01 -3.550868059547195033e-02
5.286378775789755124e-01 8.480389131723979901e-01 3.704046617112207590e-02 -5.153926156265744574e+00 -8.488450568673184815e-01 5.280292245599644829e-01 2.544027206067693905e-02 1.219199612223908602e+00 2.015892039469413446e-03 -4.489030804060607782e-02 9.989898880485751365e-01 -3.802473768996484510e-02
5.293157412541541484e-01 8.475479127060671081e-01 3.856658823585804030e-02 -5.131308697862105639e+00 -8.484229438268487966e-01 5.286692325804089876e-01 2.621737803490773941e-02 1.188928308938975276e+00 1.831515424216239099e-03 -4.659804921271216982e-02 9.989120418539464419e-01 -6.798929537793758915e-02
5.309882249236509422e-01 8.465197447070509362e-01 3.815529862993825849e-02 -5.111938662922534071e+00 -8.473759870743693412e-01 5.303237072423728771e-01 2.665899597592150463e-02 1.174288357248292280e+00 2.332707047314671114e-03 -4.648749679016257047e-02 9.989161481926378539e-01 -8.205319633331019380e-02
5.323503492419461303e-01 8.457002980407092307e-01 3.733780330755277765e-02 -5.121960516942777986e+00 -8.465211361829135805e-01 5.317130464157546754e-01 2.613813816755850700e-02 1.189575591471383476e+00 2.252034095402342256e-03 -4.552188666051774218e-02 9.989608031235760466e-01 -4.892594925925234511e-02
5.332664019629744789e-01 8.451390134775095264e-01 3.697286079985235424e-02 -5.111665501181739124e+00 -8.459456131807737700e-01 5.326667827332850491e-01 2.534004958117079889e-02 1.189109850410198010e+00 1.721649693798917632e-03 -4.479002646609281379e-02 9.989949396525983349e-01 -3.636900123932310103e-02
5.352057084573242918e-01 8.439060973642831254e-01 3.711264563566978730e-02 -5.098607226425721173e+00 -8.447185877282425981e-01 5.345665256064554560e-01 2.625142372227302207e-02 1.137603852109296598e+00 2.314558510195999577e-03 -4.539965343951424953e-02 9.989662227955832252e-01 -5.017039819821638574e-02
5.383216802138435231e-01 8.419058180011069759e-01 3.747482124882153126e-02 -5.102481212256986254e+00 -8.427325625790885733e-01 5.376051025391144211e-01 2.797466162066937143e-02 1.116408192703933766e+00 3.405375254946138835e-03 -4.664061899026511471e-02 9.989059295447083597e-01 -5.712197854025313076e-02
5.411936879404610767e-01 8.400268892739547466e-01 3.826509414761499611e-02 -5.091208751345317474e+00 -8.408864513503614413e-01 5.403875114337264307e-01 2.985487266528712505e-02 1.115321621403143615e+00 4.400916813484247354e-03 -4.833386786909506933e-02 9.988215401902452717e-01 -7.134301616391473810e-02
5.442442603507205989e-01 8.380398807839594122e-01 3.856608990945908227e-02 -5.048872077329352059e+00 -8.389157790378681812e-01 5.434260361916544158e-01 3.014065145801779477e-02 1.096543977361316813e+00 4.301250583719784699e-03 -4.875757792009609987e-02 9.988013805751280172e-01 -7.919636690005513180e-02
5.480173765252180917e-01 8.356067666539732652e-01 3.792474849632535006e-02 -5.009834571779054002e+00 -8.364580467567526156e-01 5.472388324660899528e-01 2.945498696365014130e-02 1.049087765427782815e+00 3.858891329831444419e-03 -4.786430573238144998e-02 9.988463931928981410e-01 -6.836914154509604602e-02
5.520096920752476377e-01 8.330071618019314617e-01 3.720709934516956696e-02 -4.990998549238633508e+00 -8.338290434512998228e-01 5.512508961735463897e-01 2.918177110718834025e-02 1.002390466702201444e+00 3.798177468309663855e-03 -4.713298053966961249e-02 9.988814023663501462e-01 -5.123804204572941084e-02
5.568961044181672815e-01 8.297456797665991868e-01 3.726708725583481596e-02 -4.953891098472176679e+00 -8.305738209339461608e-01 5.561285735375202099e-01 2.946417611792939012e-02 9.782657525319446989e-01 3.722480766248400033e-03 -4.736155195712316718e-02 9.988708758058558734e-01 -4.492096072431130821e-02
5.619663943185843058e-01 8.262852438701163704e-01 3.803245218325985999e-02 -4.916237571380280613e+00 -8.271520597352061133e-01 5.611643380783737367e-01 3.023335483976008833e-02 9.484880913205914199e-01 3.638919121866497804e-03 -4.844875056761841631e-02 9.988190410860523505e-01 -6.164824645899025929e-02
5.664541118976382794e-01 8.231873697185507766e-01 3.863021421260861427e-02 -4.873120357753545129e+00 -8.240858763311991186e-01 5.656275904443830438e-01 3.078794178767229120e-02 8.787872980695287106e-01 3.493929835813622525e-03 -4.927457015475160407e-02 9.987791593692606495e-01 -6.853654971721191702e-02
5.703909046016240048e-01 8.204520862246702517e-01 3.889203205448539535e-02 -4.823075796133971416e+00 -8.213670118894629280e-01 5.695603862425163699e-01 3.093861992801977615e-02 8.058108722165180371e-01 3.232294466146966219e-03 -4.959173956277090900e-02 9.987643423949527088e-01 -6.075445956667521741e-02
5.746543613775855208e-01 8.174905980281774731e-01 3.849009074102226896e-02 -4.763168137395833668e+00 -8.183893720457044996e-01 5.738213347503973161e-01 3.111127621796203058e-02 7.310474160375326491e-01 3.346740557164286454e-03 -4.937811175820203125e-02 9.987745498393706400e-01 -4.900527521093143296e-02
5.795454754317834745e-01 8.140510031292864657e-01 3.805267678824442168e-02 -4.709604068523321807e+00 -8.149328308833947432e-01 5.787138132933266066e-01 3.122184254449432428e-02 6.607780353504347781e-01 3.394562552746849433e-03 -4.910485319904011464e-02 9.987878605276379052e-01 -4.778086384109826029e-02
5.840886452692283237e-01 8.107902627156564623e-01 3.820476872112599925e-02 -4.641230859610582904e+00 -8.116837737677806697e-01 5.832543926067511597e-01 3.136502681370281764e-02 5.853455200209016773e-01 3.147359155243955892e-03 -4.933014687193752051e-02 9.987775682002179023e-01 -3.871692900543567684e-02
5.877091017799103145e-01 8.081454522796435169e-01 3.871614191498740781e-02 -4.564967700574015019e+00 -8.090656914491222151e-01 5.868373871575162104e-01 3.216501133364284976e-02 5.009741138866120602e-01 3.273928069595855722e-03 -5.022757204832749983e-02 9.987324328373066162e-01 -3.464121551495794732e-02
5.912360582446206658e-01 8.055131157798250952e-01 3.985653946395385089e-02 -4.487498979771610941e+00 -8.064888645506657072e-01 5.902642518341149058e-01 3.411487010807347925e-02 4.094786829851084220e-01 3.954084867790684868e-03 -5.231379658742753985e-02 9.986228677030520862e-01 -4.968201019982991518e-02
5.940038060651592344e-01 8.034146411980842561e-01 4.104135339700944185e-02 -4.422659754865851056e+00 -8.044503089395462769e-01 5.929437619981225982e-01 3.574067087482316052e-02 3.141936555423494037e-01 4.379363786357661978e-03 -5.424582395048847816e-02 9.985180077278322797e-01 -6.078972433021041094e-02
5.947689850607716933e-01 8.028048792138453571e-01 4.188293590739027017e-02 -4.343246008269831648e+00 -8.038831588873107670e-01 5.936491839504237644e-01 3.677653127137327921e-02 2.089689096240928690e-01 4.660608022348896283e-03 -5.554252699903809015e-02 9.984454448929210857e-01 -6.127031976565425891e-02
5.940216170325046674e-01 8.033680095760473705e-01 4.169124234066825391e-02 -4.251653674913198344e+00 -8.044335550112158284e-01 5.928899345729823356e-01 3.698893150743913505e-02 8.666676260448370750e-02 4.997406337850973136e-03 -5.551005919529143628e-02 9.984456215828829695e-01 -5.598424808137596881e-02
5.925141338166228788e-01 8.045116082360742604e-01 4.108617092091090828e-02 -4.165094859192508103e+00 -8.055421545574318332e-01 5.913898153422869619e-01 3.687714116341356263e-02 -2.450630532482418050e-02 5.370145110487440157e-03 -5.494687000021880596e-02 9.984748384504595897e-01 -3.764710764360569561e-02
5.902932243012707358e-01 8.061616763886741976e-01 4.070946899938768238e-02 -4.068313009078678988e+00 -8.071655794016384666e-01 5.891416871589750803e-01 3.736040525333724632e-02 -1.504293303194600695e-01 6.134881679945313609e-03 -5.491287621021838372e-02 9.984723026970223625e-01 -2.626525474664267654e-02
5.879460264476306097e-01 8.079101413743543514e-01 4.000841722578753895e-02 -3.969645690707026997e+00 -8.088641071028407348e-01 5.867332864700397499e-01 3.850852877987532424e-02 -2.937881594289075138e-01 7.637160805316594268e-03 -5.500230915640646340e-02 9.984570194867162796e-01 -3.896913463366600411e-02
5.857293456364002227e-01 8.096007819418646889e-01 3.831067135245794231e-02 -3.882405681728707592e+00 -8.104493160111236882e-01 5.844706976050284553e-01 3.957157841422958428e-02 -4.421627238332758725e-01 9.645716015745986471e-03 -5.422709212389267147e-02 9.984820392186984916e-01 -5.530125425503019942e-02
5.837178629953529985e-01 8.111684925067977892e-01 3.576497147192621295e-02 -3.800280780019372528e+00 -8.118784615434172514e-01 5.824843045643642858e-01 3.956511870402041470e-02 -5.788888121087742977e-01 1.126144315940346731e-02 -5.213167655483991886e-02 9.985767212375566970e-01 -5.408757811649745478e-02
5.815926745898309935e-01 8.128121049526533248e-01 3.296123337928531100e-02 -3.699997356688525141e+00 -8.133816794639203707e-01 5.804142668316175646e-01 3.910910853967457940e-02 -7.163246216086675000e-01 1.265718672925096600e-02 -4.955563439965865458e-02 9.986911608316898503e-01 -3.072616385481038645e-02
5.796146092429707020e-01 8.143327880214303871e-01 3.014987736894460604e-02 -3.585672471228770419e+00 -8.147673689643630812e-01 5.784863055501736628e-01 3.882948315134400474e-02 -8.594299737692813190e-01 1.417883010011356318e-02 -4.707127196236595562e-02 9.987908971015089232e-01 -5.094042530985778798e-04
5.772568341925244928e-01 8.160417416323719753e-01 2.916201796223239287e-02 -3.470057528451026663e+00 -8.164142007156289793e-01 5.761027866895885863e-01 3.966651028703162274e-02 -1.027654977741822906e+00 1.556920832557375650e-02 -4.670604973764785894e-02 9.987873370593057798e-01 1.535629630911274773e-02
5.754873399616809992e-01 8.172724735043204181e-01 2.966522536503324661e-02 -3.346918589482103190e+00 -8.176416063880787011e-01 5.742521187736021604e-01 4.119111053553395352e-02 -1.210878260672513473e+00 1.662904227399896948e-02 -4.796048515349216751e-02 9.987108023932109724e-01 -9.077660297451228127e-03
5.748339413800545028e-01 8.177198019243409055e-01 3.000442264548342300e-02 -3.220891480284262975e+00 -8.180827396002615659e-01 5.735312233387581671e-01 4.245664875703520497e-02 -1.373463281130043345e+00 1.750916918653689161e-02 -4.895162302073633592e-02 9.986476693999906118e-01 -3.762778235033145680e-02
5.749971886034386248e-01 8.176219561127153757e-01 2.953929553253803464e-02 -3.102941515820079488e+00 -8.179513583611408567e-01 5.736727374067145391e-01 4.307163465032957939e-02 -1.551448632828493102e+00 1.827042564655764409e-02 -4.892777573836461918e-02 9.986352008155880977e-01 -3.478638839688533851e-02
5.758516987178587954e-01 8.170325381859511182e-01 2.920021625225372591e-02 -2.984075552379261254e+00 -8.173503823254907319e-01 5.745434122082007100e-01 4.287446793292595121e-02 -1.726292751589062036e+00 1.825304347582345013e-02 -4.855614310856636723e-02 9.986536573659008376e-01 -1.265605028116187705e-02
5.767958512004409677e-01 8.163865718372733671e-01 2.862710886106110270e-02 -2.836933769752013834e+00 -8.166984258962766141e-01 5.755519562965394353e-01 4.175675683970553331e-02 -1.919398457128622670e+00 1.761326705931210573e-02 -4.746483884951774312e-02 9.987176086845003242e-01 9.676535077631467224e-03
