1.000000000000000000e+00 0.000000000000000000e+00 0.000000000000000000e+00 0.000000000000000000e+00 0.000000000000000000e+00 1.000000000000000000e+00 0.000000000000000000e+00 0.000000000000000000e+00 0.000000000000000000e+00 0.000000000000000000e+00 1.000000000000000000e+00 0.000000000000000000e+00
9.999999982572664869e-01 5.659031534023531195e-06 -5.876599639364743749e-05 -3.170804328015606154e-04 -5.646660580513158202e-06 9.999999778267987249e-01 2.105101356452095172e-04 3.548921499512827714e-04 5.876718637411302329e-05 -2.105098034467110986e-04 9.999999761160199840e-01 -1.298900583867658616e-03
9.999999894096148756e-01 -1.453357512500638834e-04 -7.634760353171689143e-06 1.136159975633957550e-04 1.453366042180597058e-04 9.999999831845264309e-01 1.118401462770888573e-04 4.882501927252830970e-03 7.618505853110479292e-06 -1.118412547028023896e-04 9.999999937167460828e-01 6.560117158043591093e-04
9.999999954344437336e-01 -8.580116995261955089e-05 4.206271176941768833e-05 2.155023437940653194e-03 8.580147873650516451e-05 9.999999962921205521e-01 -7.339286545247597872e-06 2.352625422624218289e-03 -4.206208189408202220e-05 7.342895554609153273e-06 9.999999990884316237e-01 4.766196350266072653e-04
9.999999981685012695e-01 -6.005995435317130733e-05 7.469900133423746654e-06 -1.006019520624175205e-03 6.005995606918717298e-05 9.999999981963745288e-01 -2.294999619457796259e-07 -3.213312718973305657e-03 -7.469886336193605294e-06 2.299486033993053925e-07 9.999999999720740052e-01 -1.504501146059863959e-03
9.999999895473447031e-01 1.430836098637860033e-04 -2.079401560643839075e-05 3.294272871623743666e-03 -1.430830190164967771e-04 9.999999893599753609e-01 2.841300519992889404e-05 2.498526207285359604e-04 2.079808082054063176e-05 -2.841002963240710078e-05 9.999999993801550469e-01 -3.398469063373438757e-03
9.999999884476256096e-01 1.503045147468834669e-04 -2.265615763863632745e-05 5.812825913362591919e-03 -1.503026561649202216e-04 9.999999853414330842e-01 8.201368902057565042e-05 4.358208358226088250e-03 2.266848433426036101e-05 -8.201028279245122215e-05 9.999999963802266301e-01 -3.136570778676976614e-03
9.999999893120140593e-01 1.440948032522534146e-04 -2.475195892942276931e-05 4.662285258051572685e-03 -1.440942325441892742e-04 9.999999893526059225e-01 2.305732280545942211e-05 3.657047827988759662e-03 2.475528110627208883e-05 -2.305375594449718599e-05 9.999999994278502280e-01 -2.299848325375811967e-03
9.999999934496538456e-01 -1.113269227295995945e-04 -2.658963167158937625e-05 -4.719949045420688237e-03 1.113290337423395609e-04 9.999999906504217773e-01 7.940404673945853633e-05 -1.830165588830935100e-03 2.658079161481175992e-05 -7.940700641733612511e-05 9.999999964939944030e-01 1.260444762200138395e-03
9.999999832206617478e-01 -1.812741927472160959e-04 -2.642618358799599915e-05 -4.368040862848085633e-03 1.812765249361360806e-04 9.999999796729701629e-01 8.827729429760551344e-05 -2.194754717436738639e-03 2.641018065556846310e-05 -8.828208326309909906e-05 9.999999957543880269e-01 -5.750409200931887828e-04
9.999999967060720918e-01 -7.236117431682857076e-05 3.676569272675551302e-05 -1.610409028499669134e-03 7.235976419261323171e-05 9.999999966465087375e-01 3.835423178595144067e-05 4.591637845558143444e-03 -3.676846796071413541e-05 -3.835157130275927695e-05 9.999999985886183218e-01 -2.020577936119477905e-03
9.999999852082099849e-01 1.635261828519044003e-04 5.331760831547531493e-05 3.300357543775360968e-03 -1.635289348422389359e-04 9.999999852971016567e-01 5.161476376485859272e-05 5.042691117064155432e-03 -5.330916716625466891e-05 -5.162348197308001433e-05 9.999999972465744014e-01 -2.075392778295263429e-03
9.999999984437922818e-01 4.454067824282051906e-05 3.359379999593144000e-05 1.240682085032887311e-03 -4.454212318445464940e-05 9.999999980829564761e-01 4.301263042372919837e-05 -6.156132680656634874e-05 -3.359188411979858254e-05 -4.301412669597027573e-05 9.999999985106851064e-01 -1.584381570727011598e-03
9.999999992649009073e-01 -3.831769735766308319e-05 1.397218354396843219e-06 -5.296128412262408880e-03 3.831762300374575938e-05 9.999999978519871213e-01 5.317692644725543273e-05 -2.301428672791112646e-03 -1.399255968769617136e-06 -5.317687287007897136e-05 9.999999985851311113e-01 -1.240782592265993200e-04
9.999999992872752319e-01 -5.581940528877944068e-06 -3.734021142829372806e-05 -2.351710589057880510e-03 5.582886915825009685e-06 9.999999996632330523e-01 2.534492472369193381e-05 2.660047402684873746e-03 3.734006994185626674e-05 -2.534513317180580273e-05 9.999999989816716894e-01 -9.191794578292405591e-04
9.999999967074376661e-01 8.075846516468595995e-05 -7.949529080382571224e-06 3.059149714823209461e-03 -8.075777752913063838e-05 9.999999930012077876e-01 8.646251075649775107e-05 2.619128124715137604e-03 7.956511604408444504e-06 -8.646186848551360566e-05 9.999999962305196055e-01 -2.994706559750876917e-03
9.999999989762921038e-01 -4.522340150046058144e-05 1.503267912204618738e-06 3.066493181705964074e-03 4.522331573317447918e-05 9.999999973526381147e-01 5.700504757312949800e-05 -2.053358091137486420e-04 -1.505845870378877203e-06 -5.700497953201356396e-05 9.999999983740823772e-01 -1.036767743259783651e-03
9.999999470367343379e-01 -3.172932282679138071e-04 -7.246748106378895181e-05 -3.749821182353677267e-03 3.172963786837191538e-04 9.999999487168494960e-01 4.346615203192237060e-05 -1.372162006048469225e-02 7.245368583172962960e-05 -4.348914339912688602e-05 9.999999964295789301e-01 -7.941328986179334477e-04
9.999998261264640975e-01 -5.833487088938181303e-04 -8.632106056303306594e-05 -6.092859694870584632e-03 5.833515975975321882e-04 9.999998292912166686e-01 3.344325288171046340e-05 -1.922982492161385074e-02 8.630153674888008271e-05 -3.349360259539959034e-05 9.999999957151116670e-01 -1.901529916212502244e-03
9.999991771052950673e-01 -1.282157810532411502e-03 -4.312866274252439116e-05 3.019399745709151067e-02 1.282159155909104366e-03 9.999991775474739164e-01 3.118132020156924410e-05 -1.519197143416965365e-02 4.308864789800761499e-05 -3.123659235244340593e-05 9.999999985838218253e-01 1.310863898602189893e-04
9.999959823081889798e-01 -2.834322481463021591e-03 -4.453707579837460679e-05 6.912818128354396296e-02 2.834321976413717997e-03 9.999959832364311296e-01 -1.139900190142661964e-05 -1.093573151833578984e-02 4.456920535082653246e-05 1.127272369104949314e-05 9.999999989432558634e-01 -1.315138445700454826e-03
9.999876318604584702e-01 -4.971414876075194549e-03 -1.454656046204179994e-04 9.494865972297096557e-02 4.971408256009945091e-03 9.999876414231514410e-01 -4.583573898846475867e-05 -1.840439074206232095e-02 1.456916753472275615e-04 4.511200317787354361e-05 9.999999883694213887e-01 1.052703628110133885e-03
9.999708559342272984e-01 -7.632019060540199025e-03 -1.989151285857184098e-04 1.105340997714580609e-01 7.632010661232975328e-03 9.999708748601235930e-01 -4.295050504709385468e-05 -2.713113619817858480e-02 1.992371342279540861e-04 4.143113091270307202e-05 9.999999792940126309e-01 2.624660088810622065e-03
9.999522677915668734e-01 -9.768779293422218818e-03 -1.819055225590383048e-04 1.441711529624204735e-01 9.768758973755703456e-03 9.999522782342225025e-01 -1.122599705782755160e-04 -1.524007526029601094e-02 1.829934845823623563e-04 1.104776209560868355e-04 9.999999771540396543e-01 1.907949149685615828e-03
9.999266834172007012e-01 -1.210832781924689808e-02 -1.272308883572739594e-04 2.156208563717799676e-01 1.210830144956909563e-02 9.999266706064410259e-01 -2.060240868196827548e-04 -7.425440153291240977e-03 1.297161657752625387e-04 2.044684318877364518e-04 9.999999706831879109e-01 2.008968019727060562e-03
9.998835069714506751e-01 -1.526219662547285971e-02 -1.945267041362411361e-04 3.060277353678990120e-01 1.526216621791304240e-02 9.998835140552213563e-01 -1.568531764561536005e-04 -3.406946853805062347e-03 1.968979685297289877e-04 1.538660052622405202e-04 9.999999687782207269e-01 5.658044462234870266e-04
9.998181185123632408e-01 -1.906842624819899204e-02 -3.535743415765304608e-04 3.744326499320679846e-01 1.906841260908104588e-02 9.998181804130357175e-01 -4.190628081569825852e-05 1.779273999134237854e-03 3.543091416608542426e-04 3.515655740583675185e-05 9.999999366145222446e-01 -8.442340661918157222e-04
9.997364265602084465e-01 -2.295350969182629805e-02 -4.623866911571487804e-04 4.341422848945537538e-01 2.295352603561966534e-02 9.997365326616367565e-01 3.007025435493849739e-05 5.649547452629174148e-03 4.615746494915632563e-04 -4.067573358856238616e-05 9.999998926471580507e-01 -4.429160282264020879e-03
9.996380263732546068e-01 -2.689867551521120739e-02 -5.267676070130571488e-04 5.079128110564407050e-01 2.689865954506254556e-02 9.996381648963943434e-01 -3.737977927638498724e-05 8.458091533132443621e-03 5.275824705549832889e-04 2.319690626170184169e-05 9.999998605593104495e-01 -9.110684705875047402e-04
9.995186734714853749e-01 -3.101604427098645159e-02 -6.529774747265650308e-04 6.002689249258442716e-01 3.101590246637340662e-02 9.995188655718109105e-01 -2.261862876446594400e-04 1.998069906792596107e-02 6.596787086937189659e-04 2.058247325151719325e-04 9.999997612300618455e-01 -1.312216412330747400e-03
9.993764967217224626e-01 -3.529945891264630459e-02 -7.523301745368421748e-04 6.885601161505002787e-01 3.529936866200027862e-02 9.993767742485559769e-01 -1.329082959782586074e-04 3.749159316328181529e-02 7.565528939315167714e-04 1.062686470334828833e-04 9.999997081673041022e-01 -2.925104436383352182e-04
9.992137574811184031e-01 -3.963889991749261488e-02 -7.902365442581207097e-04 7.851563359142169629e-01 3.963887814048919211e-02 9.992140698934034448e-01 -4.320676002026856838e-05 4.741861984938892244e-02 7.913281420028581451e-04 1.184869894842857299e-05 9.999996868296409103e-01 2.323880444544492319e-03
9.990091221438367475e-01 -4.449460203062687719e-02 -1.002129501023386448e-03 8.672983726561663831e-01 4.449457191742781786e-02 9.990096247438974286e-01 -5.233490300667242498e-05 5.532182631625794100e-02 1.003465637443756026e-03 7.693722356317528847e-06 9.999994964986338442e-01 7.975734686196398263e-03
9.988035843162914595e-01 -4.888992705535950833e-02 -1.083969303225016225e-03 9.636584419399386592e-01 4.888983331176943725e-02 9.988041707305680417e-01 -1.128271664238086083e-04 7.449985814197859768e-02 1.088189172941377838e-03 5.969709968260486374e-05 9.999994061401137335e-01 7.444688304116558845e-03
9.986195487359186274e-01 -5.251923380466146790e-02 -8.526212767103977805e-04 1.099316936252230370e+00 5.251912765173952918e-02 9.986199075664762281e-01 -1.464329971138538563e-04 1.007122046251369002e-01 8.591351293498879172e-04 1.014519278277423723e-04 9.999996257970978908e-01 7.822551326190488319e-03
9.984020718145403261e-01 -5.650406820339524266e-02 -7.702421044306640699e-04 1.231988101190027107e+00 5.650399651505460391e-02 9.984023664132216647e-01 -1.145351718540179822e-04 1.221713607059971562e-01 7.754832429368018485e-04 7.083039569018744137e-05 9.999996968043515233e-01 1.247203180865694844e-02
9.981583356183754141e-01 -6.065598008414862380e-02 -8.883217807223297430e-04 1.348453170587954775e+00 6.065597175564198945e-02 9.981587307487221894e-01 -3.633839388957905146e-05 1.344805085451640791e-01 8.888902820383014951e-04 -1.761055007754805876e-05 9.999996047818894285e-01 1.393962018171564406e-02
9.979066368354169159e-01 -6.466315235818778651e-02 -1.010389493855286518e-03 1.453574788346480018e+00 6.466313417601396440e-02 9.979071482404597848e-01 -5.068656637609516181e-05 1.403146098138524089e-01 1.011552451589341423e-03 -1.475449042609497414e-05 9.999994882718403755e-01 1.266009991897638388e-02
9.976267819536562831e-01 -6.884807208843750359e-02 -8.642328951803543652e-04 1.566282298617017954e+00 6.884774761588992320e-02 9.976270985821008574e-01 -3.997785358267919465e-04 1.392040125061787259e-01 8.897061371719988936e-04 3.393292859423001416e-04 9.999995466392098686e-01 2.066161128538841416e-02
9.974353631938295273e-01 -7.156927783844864444e-02 -7.312455648459752731e-04 1.692914395163339192e+00 7.156872830943449004e-02 9.974353872497044859e-01 -7.519243327312859432e-04 1.467562623125070465e-01 7.831848846295097564e-04 6.976616047541675612e-04 9.999994499447095730e-01 2.101337764520732135e-02
9.973062109372239359e-01 -7.334435396184235678e-02 -9.629994585619787266e-04 1.821659179315438859e+00 7.334352156682558133e-02 9.973063549787704041e-01 -8.730195503882099946e-04 1.471669757183125815e-01 1.024436534784257773e-03 8.000380483139025610e-04 9.999991552340968815e-01 2.226919383176918094e-02
9.971466363502774488e-01 -7.546809718028424374e-02 -1.775365684798915376e-03 1.954179205254389373e+00 7.546707120606038766e-02 9.971480903321051636e-01 -6.380522040553781270e-04 1.451565001925349818e-01 1.818455087980134751e-03 5.022499605381854169e-04 9.999982204814517051e-01 1.686032865129052580e-02
9.970728916299430589e-01 -7.642178646479422244e-02 -2.315022728443850292e-03 2.080725251122228059e+00 7.642140105512792991e-02 9.970755761885857771e-01 -2.546153394259047828e-04 1.709518307977913043e-01 2.327710779953091891e-03 7.695277235258233942e-05 9.999972879167201567e-01 1.472600253734032520e-02
9.970850380128621904e-01 -7.625117832459353540e-02 -2.680443060433857373e-03 2.231385685512255357e+00 7.625125322524294036e-02 9.970886323933145778e-01 -7.438823488726602976e-05 2.138523716516540496e-01 2.678311495899786138e-03 -1.302157465467077935e-04 9.999964048392325777e-01 8.667214497633055764e-03
9.970680746977945708e-01 -7.622392412902689873e-02 -6.720700023480561704e-03 2.397013542567505429e+00 7.623735361950946532e-02 9.970881361526940934e-01 1.764838984334557133e-03 2.244446897426796983e-01 6.566607307211732962e-03 -2.272032992522800710e-03 9.999758584758702273e-01 2.168002921566324417e-02
9.971610693224356448e-01 -7.469244558554241631e-02 -9.531023039927595530e-03 2.540212035396121060e+00 7.472542435195156374e-02 9.971991663187445010e-01 3.151769125713240177e-03 2.304317447575993660e-01 9.268914885660013703e-03 -3.855031212820470097e-03 9.999496117061051903e-01 2.667576566308144451e-02
9.973491418516505780e-01 -7.221305039080200272e-02 -8.942292828559548351e-03 2.711381907290634885e+00 7.224724430551358878e-02 9.973803951774758980e-01 3.561320805746766380e-03 2.334924930719192993e-01 8.661693716338228141e-03 -4.197936264106349839e-03 9.999536751235462706e-01 4.031470161906207383e-02
9.975013427763340657e-01 -7.032663944523845356e-02 -6.725692808169524486e-03 2.887978378192279649e+00 7.033822023700857240e-02 9.975220710797768620e-01 1.500827306045646658e-03 2.510459053717808975e-01 6.603478878629781210e-03 -1.970150515043412372e-03 9.999762560049351157e-01 2.583658937353005072e-02
9.975942310840127947e-01 -6.906406684565769005e-02 -5.992059632189819691e-03 3.051509382458061470e+00 6.906705872881900576e-02 9.976119762769307675e-01 2.935768833955279349e-04 2.621107607367188508e-01 5.957474838138935788e-03 -7.067245397780425129e-04 9.999820043550672333e-01 2.871811556213264491e-02
9.977504367837400912e-01 -6.667999765880368301e-02 -6.916922008951703789e-03 3.229396846681492406e+00 6.668502958170607897e-02 9.977739511869562206e-01 4.991617540098421124e-04 2.612866740534559029e-01 6.868240498335020233e-03 -9.592940068703560306e-04 9.999759532246089710e-01 3.373801524051769224e-02
9.979386484135787105e-01 -6.365171155372306711e-02 -8.180074496070990561e-03 3.426512588286015681e+00 6.366565634472449997e-02 9.979702228309556000e-01 1.455522218380529481e-03 2.763132644383722303e-01 8.070824287213390971e-03 -1.973311687087701567e-03 9.999654833224547179e-01 3.572825462515918232e-02
9.981089704491141745e-01 -6.084468552592799812e-02 -8.741129918968120610e-03 3.629100548855742403e+00 6.087405207544681340e-02 9.981405366610748287e-01 3.133505681736389534e-03 2.957495437867882493e-01 8.534218940544062437e-03 -3.659688127779869935e-03 9.999568859655311170e-01 5.774252545287728716e-02
9.982791717346997107e-01 -5.803956696507239083e-02 -8.372809993593842773e-03 3.828965862701910527e+00 5.807538997368989764e-02 9.983037786710714512e-01 4.100557335785989625e-03 3.102146480089644220e-01 8.120613282615174802e-03 -4.579755186372656481e-03 9.999565397967788982e-01 6.543757317342764612e-02
9.984286259545916975e-01 -5.550001837575600783e-02 -7.747698672284283709e-03 4.014745550282944997e+00 5.555591633057120615e-02 9.984296448133228585e-01 7.196146094449073181e-03 3.145895957206685245e-01 7.336145793012901518e-03 -7.615268756441194095e-03 9.999440927605256491e-01 2.131565018263981842e-02
9.985885851884973574e-01 -5.247606566189889910e-02 -8.191462865880481947e-03 4.198801401479864914e+00 5.254449345957450113e-02 9.985834683677539125e-01 8.374539372631342737e-03 3.127514482781044158e-01 7.740396521610232519e-03 -8.793135690701898988e-03 9.999313811589338741e-01 -1.208452806579497774e-02
9.987582437933184565e-01 -4.909241200579496367e-02 -8.479713340646091030e-03 4.400187126924752334e+00 4.914729138063679559e-02 9.987711048948796355e-01 6.389348715495215582e-03 3.096851720987722767e-01 8.155624122839159190e-03 -6.798169644448103129e-03 9.999436337537492836e-01 -8.901313199202254625e-03
9.989053738655115922e-01 -4.595029116218896093e-02 -8.753559545274946022e-03 4.629408252164840754e+00 4.599031109589021143e-02 9.989320777317801658e-01 4.426665084677883395e-03 3.090384854244042079e-01 8.540804874591915313e-03 -4.824398468071161399e-03 9.999518887584118998e-01 3.181144620460102379e-02
9.990410680826389278e-01 -4.277364612432408425e-02 -9.346629420870635613e-03 4.836442242731009422e+00 4.278334231754776784e-02 9.990840206367408438e-01 8.398383558150890674e-04 3.239852756064706685e-01 9.302145152571821007e-03 -1.238913054038644993e-03 9.999559666255334323e-01 9.830560524774135944e-02
9.991806677644569090e-01 -3.933986057799809116e-02 -9.506236662189335856e-03 5.027669131069430364e+00 3.933852391144981864e-02 9.992258869734004234e-01 -3.276258376716109579e-04 3.606249571287596933e-01 9.511766515330949412e-03 -4.660391498182653254e-05 9.999547610396346542e-01 1.206258815171289411e-01
9.992968120912318897e-01 -3.621883590010905457e-02 -9.699343809866978194e-03 5.224818271254179081e+00 3.623009061118417917e-02 9.993429872342994846e-01 9.871169799362223499e-04 3.714164066459694769e-01 9.657218989254456529e-03 -1.337830956311901118e-03 9.999524730354567570e-01 7.046495436949676283e-02
9.993843795547224795e-01 -3.351429588485654171e-02 -1.037563845575575384e-02 5.446937637715989489e+00 3.354261415629376103e-02 9.994339906264854134e-01 2.567375309549576722e-03 3.516541910044676533e-01 1.028372197136187549e-02 -2.913820818164936533e-03 9.999428757237361909e-01 2.109848832559326620e-02
9.994459938154811596e-01 -3.147777522499177472e-02 -1.080995435097017315e-02 5.682090623049912637e+00 3.150286603023595700e-02 9.995013304710135271e-01 2.158661287617727031e-03 3.547897158854105282e-01 1.073661390132708837e-02 -2.498009919625684885e-03 9.999392406883406137e-01 2.324353780820382839e-02
9.995072482736846453e-01 -2.975384446560714810e-02 -9.998469276998822597e-03 5.905383511685291964e+00 2.976912681302223973e-02 9.995558444228567208e-01 1.383101189273020729e-03 3.688321942884108529e-01 9.952875823440723510e-03 -1.680065363617421880e-03 9.999490575240406187e-01 8.562855638577415718e-02
9.995568546794900699e-01 -2.846318561321662527e-02 -8.714432166934339002e-03 6.096397548786570475e+00 2.850906882568506051e-02 9.995800757407824477e-01 5.187020025396291492e-03 3.689095249541657351e-01 8.563133651699810986e-03 -5.433161768168543251e-03 9.999485754253885084e-01 1.138091234512372402e-01
9.996131248032714689e-01 -2.639967737502650277e-02 -8.755441481371414175e-03 6.295034477733817191e+00 2.648315881067947464e-02 9.996035457596973428e-01 9.560000211769770911e-03 3.857137570863244935e-01 8.499589428174497696e-03 -9.788173432015887312e-03 9.999159707897544713e-01 9.120737634840338226e-02
9.996774504319128063e-01 -2.350436518625345292e-02 -9.619766896424308128e-03 6.510472468163878368e+00 2.365112085070096917e-02 9.996010772275100154e-01 1.543732127368478528e-02 4.067018680955881149e-01 9.253084915629079463e-03 -1.565986024179844352e-02 9.998345609133300060e-01 5.444847295224686246e-02
9.997140486788842484e-01 -2.153855933227327712e-02 -1.038803811909227819e-02 6.744864656663539293e+00 2.171774258858436002e-02 9.996117349298624388e-01 1.745620369285594969e-02 4.049643946714464038e-01 1.000802332778855455e-02 -1.767681680621915885e-02 9.997936635209635492e-01 4.022095606663559503e-02
9.997417939060593284e-01 -2.022265169662667422e-02 -1.036290865787365713e-02 6.987502572729980876e+00 2.037422516089024485e-02 9.996838222847783673e-01 1.473588854426931098e-02 4.069912350403636081e-01 1.006163339562008915e-02 -1.494321988236481033e-02 9.998377186888677270e-01 6.988768906815098769e-02
9.997790879878530879e-01 -1.878472774954351165e-02 -9.429168868580408910e-03 7.212311098867383308e+00 1.888082755163001877e-02 9.997696253592840421e-01 1.020835735671997771e-02 4.131839771860947308e-01 9.235235413474025476e-03 -1.038413271931845454e-02 9.999034354449060080e-01 1.078450711291477765e-01
9.998193928663956509e-01 -1.705763292402086642e-02 -8.379666300117693742e-03 7.423947763895382579e+00 1.712790973421725316e-02 9.998181244322571493e-01 8.387655506767630401e-03 4.049258967276315735e-01 8.235068694824281346e-03 -8.529666804340170841e-03 9.999297117436797278e-01 1.345762620344869154e-01
9.998550326238835328e-01 -1.502173756504649946e-02 -8.016304461512507168e-03 7.642146611458207062e+00 1.509992349434172328e-02 9.998381232894938409e-01 9.783635694771270624e-03 3.881274629661813358e-01 7.868039600676985865e-03 -9.903262970851908764e-03 9.999200064682035594e-01 1.147599898529633733e-01
9.998844054753145416e-01 -1.244856417965886121e-02 -8.729773029213211410e-03 7.878520734111816637e+00 1.256182598789472651e-02 9.998360443597076319e-01 1.304166120486986886e-02 4.013860276276134953e-01 8.565991777168409718e-03 -1.314981554994857499e-02 9.998768454844204623e-01 1.115796375307025329e-01
9.998890000798953404e-01 -1.108716791401797783e-02 -9.953000897894144494e-03 8.109220148513923476e+00 1.123566649254304287e-02 9.998245120392693641e-01 1.499016090324518241e-02 4.340063060951336871e-01 9.785055835070995828e-03 -1.510032559527128837e-02 9.998381033193429746e-01 1.094289758010306146e-01
9.998909744954586065e-01 -1.018616661699397151e-02 -1.069023536563868358e-02 8.313653708579995083e+00 1.037222105508024683e-02 9.997931413752966234e-01 1.749547053670016949e-02 4.394151898258952804e-01 1.050981222032365374e-02 -1.760444456854096465e-02 9.997897915954766512e-01 9.916446466276919447e-02
9.999190327195652817e-01 -7.691162333070048623e-03 -1.013775256826459845e-02 8.530295304410083546e+00 7.868784540070037498e-03 9.998141612705544468e-01 1.759900999259956383e-02 4.280124436034306035e-01 1.000051173845347384e-02 -1.767735683930233420e-02 9.997937291362378742e-01 8.932517767407967269e-02
9.999410387022168445e-01 -4.761465727011529418e-03 -9.759485809314226781e-03 8.774569998736614806e+00 4.925270759880636534e-03 9.998462439115796130e-01 1.682944573798685062e-02 4.048116144049438980e-01 9.677852399865171165e-03 -1.687652156211325374e-02 9.998107431873743955e-01 1.088763568044240071e-01
9.999504064700479589e-01 -2.022316706028567772e-03 -9.751658091137734366e-03 9.001900658156442248e+00 2.192599442916934403e-03 9.998447570789203986e-01 1.748297027045612323e-02 4.149138690160783516e-01 9.714788112401354092e-03 -1.750348470834451817e-02 9.997996053784957704e-01 1.453501093804043520e-01
9.999522833658676113e-01 -5.713471381589734551e-04 -9.752156368475034878e-03 9.243494861809830709e+00 7.528792925680789479e-04 9.998263296314238158e-01 1.862105658995107452e-02 4.466242427166186579e-01 9.739823620491947637e-03 -1.862751025239432756e-02 9.997790514396861505e-01 1.391880921913547509e-01
9.999552967933531544e-01 6.914235761786589668e-04 -9.430076794772363283e-03 9.473934083048318300e+00 -4.796004627308974927e-04 9.997479351819273941e-01 2.244629329909118495e-02 4.454111566748861217e-01 9.443219700565491995e-03 -2.244076720860901930e-02 9.997035748504532471e-01 1.097049445443885329e-01
9.999510783498906097e-01 1.994106026355381683e-03 -9.688366634600277180e-03 9.693929040800936647e+00 -1.755278617887762313e-03 9.996959016707964718e-01 2.459721894009126927e-02 4.396652128409384575e-01 9.734469881014005607e-03 -2.457900982075664903e-02 9.996504951093491131e-01 9.318064042454726748e-02
9.999404147854700220e-01 3.859610838427775421e-03 -1.021128213486205243e-02 9.943692677654153655e+00 -3.626357827379968115e-03 9.997343030503436090e-01 2.276340996755966614e-02 4.221520789253395134e-01 1.029642693217710896e-02 -2.272502384199598380e-02 9.996887299973982177e-01 9.590779196849659460e-02
9.999252423078419660e-01 5.370661088445367014e-03 -1.098479836302954440e-02 1.020609681915926892e+01 -5.149845692210520791e-03 9.997860689373925247e-01 2.003236002226625040e-02 4.269242961838607964e-01 1.109003538992452652e-02 -1.997429243273286456e-02 9.997389853140977722e-01 1.080036838388678810e-01
9.999123002141944161e-01 7.012778729195896267e-03 -1.123444768798079543e-02 1.044837674715055442e+01 -6.789015698759053898e-03 9.997802484999025463e-01 1.983340554001984668e-02 4.314312439448889092e-01 1.137106618574716503e-02 -1.975539531288160455e-02 9.997401778511409987e-01 1.208892763649828533e-01
9.998946994967872204e-01 9.134570861355844132e-03 -1.127606019000429970e-02 1.069763137093868544e+01 -8.903742383851324937e-03 9.997531910557291290e-01 2.035387789706976508e-02 4.204513428251003271e-01 1.145920109744743773e-02 -2.025133548844827019e-02 9.997292484073588836e-01 1.200753823101937817e-01
9.998680488090094798e-01 1.167855672731257788e-02 -1.129142522586889380e-02 1.095436107139255988e+01 -1.144206504135418523e-02 9.997184529055395119e-01 2.078687248587448785e-02 4.149853239681774442e-01 1.153100682741393067e-02 -2.065493241144902847e-02 9.997201656706864448e-01 1.233819199671520178e-01
9.998473718654193876e-01 1.289168458419470698e-02 -1.179141392689966525e-02 1.121463638967695076e+01 -1.264092583519481512e-02 9.996974720936544490e-01 2.109908252948429486e-02 4.321994987431298507e-01 1.205984941211751295e-02 -2.094680782693443197e-02 9.997078529620634368e-01 1.334268943099519711e-01
9.998288815505397276e-01 1.419321563272249627e-02 -1.186424238626353905e-02 1.148088345669798116e+01 -1.393341537232835499e-02 9.996674114359853647e-01 2.170083982104032208e-02 4.282183249314310824e-01 1.216830117391636684e-02 -2.153181698973236427e-02 9.996941098674442250e-01 1.412286976121730209e-01
9.998057064370398095e-01 1.557542493317898985e-02 -1.208120499298975629e-02 1.176056565084942207e+01 -1.530552872896135362e-02 9.996381615262441844e-01 2.211982845225514416e-02 4.166075993770426145e-01 1.242135927580685639e-02 -2.193062148187240046e-02 9.996823283799509685e-01 1.341364476280812734e-01
9.997620823911789190e-01 1.726465058117590198e-02 -1.333080842122677523e-02 1.203204466363737701e+01 -1.697447218970279254e-02 9.996229678385494255e-01 2.158215613721243056e-02 4.078133778118353536e-01 1.369839066221119339e-02 -2.135073792541868770e-02 9.996781982634739272e-01 1.343174166876996978e-01
9.996717526745422244e-01 1.952952945285829633e-02 -1.658265310373271614e-02 1.232508661286941987e+01 -1.925929940794088649e-02 9.996816080592555442e-01 1.630220519978714533e-02 3.922842724426386929e-01 1.689574771722410912e-02 -1.597748376342844265e-02 9.997295903001297557e-01 1.745253794368099853e-01
9.996082025173115282e-01 2.149891461306388876e-02 -1.792311721129435237e-02 1.262052527259518619e+01 -2.127737328271128020e-02 9.996959514627695720e-01 1.246105995234536579e-02 3.658352507363699102e-01 1.818556697762739593e-02 -1.207482088512991034e-02 9.997617135369278873e-01 2.169041104196027248e-01
9.996235495208019017e-01 2.305706950583490469e-02 -1.487046701472905311e-02 1.289238736550329989e+01 -2.286127301171084550e-02 9.996514332819106396e-01 1.320507984473443495e-02 3.602490681159246089e-01 1.516975410865541336e-02 -1.286015097986367706e-02 9.998022279816434210e-01 2.085591576867464880e-01
9.996635014312427181e-01 2.383754922430776982e-02 -1.023011012681152541e-02 1.318131547803873538e+01 -2.366253039275846917e-02 9.995771278573352125e-01 1.690118693738552197e-02 3.638606319704272840e-01 1.062866697379165337e-02 -1.665342942037385116e-02 9.998048283174576500e-01 1.856305499704170026e-01
9.996561976075969413e-01 2.489916649134175930e-02 -8.216939378958622656e-03 1.347653110155083134e+01 -2.474472364167111180e-02 9.995246306017107063e-01 1.839052670293167546e-02 3.742204154784712355e-01 8.670942083670030165e-03 -1.818087810174095348e-02 9.997971146361801509e-01 1.730509575814298817e-01
9.995964857461578923e-01 2.685453245174761888e-02 -9.257417065755444915e-03 1.373956915247121202e+01 -2.670939898410503582e-02 9.995236844449312263e-01 1.546002068360776555e-02 3.611867077466371923e-01 9.668179241159898310e-03 -1.520652229892571067e-02 9.998376308129901524e-01 2.082984507707484612e-01
9.995147354722517807e-01 2.891967532631661147e-02 -1.157350218624653669e-02 1.401139706450498501e+01 -2.878664831070456079e-02 9.995194212794779043e-01 1.150023322257042249e-02 3.336178664735436339e-01 1.190052321834756538e-02 -1.116149023016802487e-02 9.998668904824139503e-01 2.338621393282575289e-01
9.994350993536373906e-01 3.089660376269301456e-02 -1.322429793660815506e-02 1.429177316251082352e+01 -3.078102659496108340e-02 9.994869191765174410e-01 8.855890513896900670e-03 3.153170911915105790e-01 1.349112974310652524e-02 -8.443830349135058796e-03 9.998733375519569533e-01 2.486178184468510743e-01
9.994132180408231703e-01 3.213214585932225309e-02 -1.186359168892425590e-02 1.457190399893677046e+01 -3.200468735967548772e-02 9.994295654055943556e-01 1.078164088598046466e-02 3.108608228379516336e-01 1.220326154336214691e-02 -1.039562387065138052e-02 9.998714974495693797e-01 2.533549255340468154e-01
9.994288715608414808e-01 3.294405883998872270e-02 -7.524604824852074506e-03 1.485279455355233758e+01 -3.284422695992810642e-02 9.993755881870154401e-01 1.302653028482330180e-02 2.997373860213676244e-01 7.949053152895513286e-03 -1.277195063426286858e-02 9.998868385127229752e-01 2.199706112073987474e-01
9.993951578842553696e-01 3.428310750670574003e-02 -5.829831660334865509e-03 1.512550391484141166e+01 -3.421559078521550779e-02 9.993504618253262750e-01 1.131140118313258072e-02 2.977134915260843950e-01 6.213834944932369007e-03 -1.110508843687222670e-02 9.999190293549204966e-01 2.082753469963827542e-01
9.993370499893633463e-01 3.560381714593970764e-02 -7.604519918770463044e-03 1.538522333395695973e+01 -3.553896967629233822e-02 9.993321521098176285e-01 8.498905453507161686e-03 2.886505448563259635e-01 7.902034731894162084e-03 -8.223014301250415950e-03 9.999349678268568686e-01 2.309310946990048852e-01
9.992627850761456321e-01 3.714745189615615423e-02 -9.692944830526375316e-03 1.562728031550169305e+01 -3.707879446044380634e-02 9.992866269848739158e-01 7.169388436509828780e-03 2.864610952479849648e-01 9.952354657317280529e-03 -6.804700347272014428e-03 9.999273207038393840e-01 2.450451330790293092e-01
9.991753245830445884e-01 3.895239211674410978e-02 -1.146219406357262306e-02 1.590081395153378452e+01 -3.885647747063449703e-02 9.992088614683637404e-01 8.474982104420063569e-03 2.780025479180982528e-01 1.178324670630559630e-02 -8.022612509624160726e-03 9.998983912306184108e-01 2.540191733429048582e-01
9.990680247850959317e-01 4.112049043146266680e-02 -1.312200894234326690e-02 1.619624847163282766e+01 -4.097766322263433902e-02 9.990997963437262541e-01 1.097397205832351813e-02 2.545722306300823856e-01 1.356145157493514851e-02 -1.042603532511237295e-02 9.998536817047684044e-01 2.574185265785135512e-01
9.990281681491849364e-01 4.216744725303422231e-02 -1.283065222997216079e-02 1.647219100924280966e+01 -4.199353695168801109e-02 9.990262038358761476e-01 1.353465565005861071e-02 2.446430041468793115e-01 1.338887966825923898e-02 -1.298269777207447170e-02 9.998260786055681582e-01 2.572452158640065600e-01
9.990332685728826601e-01 4.295030928666197789e-02 -9.370123625790987773e-03 1.670413354355732238e+01 -4.283426175423375032e-02 9.990070554873495823e-01 1.225271832962621793e-02 2.396548021106749138e-01 9.887077654813702585e-03 -1.183951091369268675e-02 9.998810287613083547e-01 2.410762732981611700e-01
9.990126336050201283e-01 4.394857892215332101e-02 -6.502330988576159911e-03 1.698104413384461608e+01 -4.389399314221246323e-02 9.990016152812205563e-01 8.312041358393225735e-03 2.210466563234115833e-01 6.861141566324265549e-03 -8.018421056261304178e-03 9.999443132795802214e-01 2.568600146023494735e-01
9.989459868920662622e-01 4.548183115433442059e-02 -6.190178275642284345e-03 1.723960919322425767e+01 -4.544949453130577022e-02 9.989527473088966047e-01 5.268025328002712629e-03 2.097912558782982217e-01 6.423295033269686358e-03 -4.981132286567458226e-03 9.999669642553493665e-01 2.822020402461407618e-01
9.988376045403440928e-01 4.712417463960750369e-02 -1.013666220424515145e-02 1.750601851874338877e+01 -4.703343518133476509e-02 9.988526686073025962e-01 9.011236935795103459e-03 1.875678600176844957e-01 1.054967919656234557e-02 -8.524000270156598807e-03 9.999080186138342707e-01 2.874913769124173846e-01
9.986553884431077499e-01 4.889731807314463830e-02 -1.721822925852506056e-02 1.775020833102781737e+01 -4.859587708188596589e-02 9.986650138328441173e-01 1.751087881538979096e-02 1.767333053977823143e-01 1.805147817181841988e-02 -1.665059853274826127e-02 9.996984053724971009e-01 2.659648968627206789e-01
9.984479801924986964e-01 5.122093894672948011e-02 -2.186426909217840248e-02 1.801511895586222423e+01 -5.072894476428065069e-02 9.984591237878368553e-01 2.249338320323273147e-02 1.537861159082805351e-01 2.298271116779610282e-02 -2.134932172787510490e-02 9.995078796333410898e-01 2.517492787280868338e-01
9.984099200555147657e-01 5.235151323898640241e-02 -2.090336327792987822e-02 1.829715138613806857e+01 -5.193442658936119061e-02 9.984497819850305378e-01 2.002119349287642333e-02 1.603315558832913990e-01 2.191909828380560893e-02 -1.890375400901034633e-02 9.995810128322725197e-01 2.693880103594298303e-01
9.984164197093690074e-01 5.343446741787188231e-02 -1.759006954203097550e-02 1.860639462058304616e+01 -5.321343058765528461e-02 9.985010800365846650e-01 1.280327969180739683e-02 1.704835961024522284e-01 1.824783986717034082e-02 -1.184697672582512261e-02 9.997633047289942176e-01 3.184803850692095040e-01
9.983674639242801074e-01 5.530287622110237333e-02 -1.428281691665746547e-02 1.891463902469733682e+01 -5.519348355267673228e-02 9.984440820270158445e-01 7.943200774883548906e-03 1.359806721612902558e-01 1.469987587436474841e-02 -7.141914792486441128e-03 9.998664444326428313e-01 3.431828637770724666e-01
9.982928377884227045e-01 5.665305685614955428e-02 -1.420708165640644470e-02 1.922634978071576128e+01 -5.653224798404962032e-02 9.983622912163989671e-01 8.765866472408123666e-03 1.048668306617465545e-01 1.468042772564316298e-02 -7.947743453085083509e-03 9.998606494986169713e-01 3.416742287276812173e-01
9.981684368275786090e-01 5.859176792712453286e-02 -1.505909865702317885e-02 1.952294143334591681e+01 -5.835714040385353574e-02 9.981742711560078751e-01 1.557461287021314270e-02 1.093750571523469384e-01 1.594414892908686474e-02 -1.466728104817195504e-02 9.997652999487334213e-01 3.163442256129808672e-01
9.980163133798339858e-01 6.062895932915736419e-02 -1.695781584958300919e-02 1.982845483013247900e+01 -6.022898988073852045e-02 9.979154358777997391e-01 2.317868880603210155e-02 9.835914659067850063e-02 1.832776597599620680e-02 -2.211135743197062409e-02 9.995875053575073999e-01 2.845322883911277079e-01
9.979086910896444174e-01 6.259300535963158163e-02 -1.613567252400351093e-02 2.014017542447439979e+01 -6.216683230165195861e-02 9.977352489097049970e-01 2.568380899842354764e-02 7.281809561090488159e-02 1.770675603635620335e-02 -2.462699257193916649e-02 9.995398851609328394e-01 2.765118497207448844e-01
9.978240726893921053e-01 6.446067342002427536e-02 -1.385429694324792800e-02 2.046444524214487615e+01 -6.417493366485317596e-02 9.977349118526722682e-01 2.016490911093013136e-02 3.178440201363570694e-02 1.512275936019635489e-02 -1.923193314717361671e-02 9.997006726499467755e-01 3.092772124556240065e-01
9.977753779527935851e-01 6.565709079267359471e-02 -1.155169164247313134e-02 2.081480294843036205e+01 -6.553198069427972061e-02 9.977909884012787778e-01 1.089508932885776410e-02 9.183857806864495488e-03 1.224151369090915702e-02 -1.011384663922968580e-02 9.998739197762452902e-01 3.539644967262258746e-01
9.976929871658788418e-01 6.687406890337770082e-02 -1.168598598030885956e-02 2.110478473707547309e+01 -6.681337211119658948e-02 9.977502768370968278e-01 5.509843793375327620e-03 -7.621587757221658403e-04 1.202816142045262660e-02 -4.716352383241405669e-03 9.999165361934168050e-01 3.914304254220303814e-01
9.975332541462070823e-01 6.837619303570997842e-02 -1.587775482938051652e-02 2.138825008316819876e+01 -6.830582495213075034e-02 9.976522323909197132e-01 4.933303459467735554e-03 -1.786039410948467993e-02 1.617779806053547612e-02 -3.836591111605075748e-03 9.998617701555324588e-01 3.765203129836225959e-01
9.971919895608734041e-01 7.139607388998611692e-02 -2.259948204545133080e-02 2.167313205144604282e+01 -7.123095210363424024e-02 9.974275262306099288e-01 8.030029881368142691e-03 -6.052768133031432435e-02 2.311465807743655690e-02 -6.397698850488277300e-03 9.997123496443273138e-01 3.632770554390112872e-01
9.966955539878977754e-01 7.462660704013866775e-02 -3.207556986920443581e-02 2.201098042915919706e+01 -7.431748875523511155e-02 9.971769539537208571e-01 1.072536100531317274e-02 -1.047154653395659524e-01 3.278541635961015888e-02 -8.306143825838453384e-03 9.994278985744152743e-01 3.712879943323145748e-01
9.962154061321929488e-01 7.581938545718078237e-02 -4.250041615990959171e-02 2.234858716376342613e+01 -7.530018437163973899e-02 9.970669418502848824e-01 1.368925501689497067e-02 -1.038816965051496954e-01 4.341367087067309061e-02 -1.043715757359057680e-02 9.990026621202352519e-01 3.920024136322667330e-01
9.956227774532981911e-01 7.630080884722241497e-02 -5.397658367699643966e-02 2.263933725371659733e+01 -7.560963656124090881e-02 9.970285983622058090e-01 1.473624466993882220e-02 -1.129621552692744862e-01 5.494058495554298566e-02 -1.059059097288075034e-02 9.984334587280154771e-01 4.213885486181276341e-01
9.950285545811791144e-01 7.683501109462044509e-02 -6.336052902382584284e-02 2.288355904933041174e+01 -7.610536938579851030e-02 9.970035378834767315e-01 1.385345438806083115e-02 -1.306333856334761512e-01 6.423510192052851731e-02 -8.962506229870588134e-03 9.978945461136355943e-01 4.333335836661413865e-01
9.942819001208936802e-01 7.926862256203003054e-02 -7.155409540413125435e-02 2.320410737168753812e+01 -7.869549586086233006e-02 9.968402185376213920e-01 1.079803857560190580e-02 -1.758868951638311307e-01 7.218394574417565102e-02 -5.105309293824617130e-03 9.973782701632396552e-01 4.434207252013401268e-01
9.935025652166526999e-01 8.209046934213788671e-02 -7.882770928498647467e-02 2.354497909860463878e+01 -8.181247934705114522e-02 9.966248472260875735e-01 6.755154673734743535e-03 -2.073379867688740497e-01 7.911618754097769768e-02 -2.621731589374232119e-04 9.968653671054158449e-01 4.821469157575661302e-01
9.928456875768526535e-01 8.287287147621838490e-02 -8.596236288825791216e-02 2.387243567065523564e+01 -8.294205404316233599e-02 9.965505146153303961e-01 2.772632507385045571e-03 -2.300633194764384604e-01 8.589561299127849991e-02 4.377098720163180232e-03 9.962945270730169112e-01 5.028264164191500463e-01
9.921504511119769720e-01 8.220578318246682392e-02 -9.423211538354625549e-02 2.413736186756084123e+01 -8.270460579168772974e-02 9.965731310879479832e-01 -1.393762678877129204e-03 -2.612372025664659314e-01 9.379461892423392178e-02 9.176252226304009579e-03 9.955492784668857897e-01 5.195469417797231593e-01
