1.000000000000000000e+00 0.000000000000000000e+00 0.000000000000000000e+00 0.000000000000000000e+00 0.000000000000000000e+00 1.000000000000000000e+00 0.000000000000000000e+00 0.000000000000000000e+00 0.000000000000000000e+00 0.000000000000000000e+00 1.000000000000000000e+00 0.000000000000000000e+00
9.999999966181045696e-01 -4.097514745733892813e-05 7.188766708855545413e-05 4.113337980704399204e-04 4.098590653717708022e-05 9.999999878289587141e-01 -1.520240993663428246e-04 -3.127192831452913239e-04 -7.188145706040143348e-05 1.520270344954618524e-04 9.999999861247809152e-01 1.971031935399811673e-05
9.999999734406336271e-01 1.646448568927641877e-05 2.304383331443739767e-04 1.558267157390387080e-03 -1.644511009773254204e-05 9.999999968627311109e-01 -8.390527852553296352e-05 -8.656984886668688288e-04 -2.304399387278673376e-04 8.390156150431126337e-05 9.999999704889880325e-01 1.896597586113312861e-04
9.999999948780735615e-01 -3.361507614538437297e-05 1.046020583458520746e-04 1.784055346381892889e-03 3.362330908400973573e-05 9.999999968259429828e-01 -7.996536000780753877e-05 -1.028197894510433832e-03 -1.045995414133429294e-04 7.996934369997942633e-05 9.999999926348532853e-01 -2.403876873028405368e-04
9.999999962221133298e-01 -5.490719093586050745e-05 -8.979812517441961343e-05 9.842954792584558861e-04 5.490583447965162900e-05 9.999999995405496334e-01 -1.664697283857370258e-06 -1.135789034613416304e-04 8.979810991540839577e-05 1.660248931312652507e-06 9.999999984330779634e-01 2.040028124711539426e-04
9.999999985121664769e-01 1.136949931963590312e-04 -4.116518112119417700e-05 2.181334035693529780e-03 -1.137003618183572430e-04 9.999999957704182041e-01 -2.625402698004770209e-05 6.024323295289546552e-04 4.116334600480683599e-05 2.626096475725898431e-05 1.000000006006243725e+00 1.433006935925259292e-04
9.999999928613858557e-01 5.109119673646786512e-05 1.773610517664453358e-04 1.091901255851308178e-03 -5.108127593908272807e-05 9.999999987877724594e-01 -9.523366753690486338e-05 8.779643856416824996e-04 -1.773663617027119261e-04 9.522339970469294768e-05 9.999999903310069493e-01 2.103967570514555510e-04
9.999999852610321760e-01 -1.092947118758919010e-05 2.339999893576781467e-04 1.516909952420461170e-04 1.093075360014215399e-05 1.000000007886498121e+00 -2.974916923011188723e-05 3.447446393512858536e-04 -2.339963995246980611e-04 2.974957377624612269e-05 9.999999855187369224e-01 2.886789178574659790e-04
1.000000008732952139e+00 -4.200399376327645294e-05 9.286040860202039824e-05 -2.265790494356006600e-05 4.200721450322700875e-05 1.000000003371716240e+00 -9.160265971200976041e-05 9.346603951133135670e-05 -9.285327311615604751e-05 9.160432125754774414e-05 1.000000006084299731e+00 -3.144947125132662710e-05
1.000000007121516488e+00 -1.129134074483229054e-04 5.823138608171791818e-05 2.391143374209752357e-04 1.129124107174937937e-04 9.999999998816301305e-01 -7.750667305382439752e-05 -4.655944684784266803e-04 -5.821910760436183524e-05 7.751207283693784206e-05 1.000000010517394733e+00 2.175423712037189794e-04
1.000000008417325281e+00 -1.167694756186582743e-04 2.853420634269112111e-05 -3.641554405637647900e-04 1.167648069914479857e-04 1.000000002506478136e+00 -3.979269813173961422e-05 -8.087018008194220547e-04 -2.852644591881469161e-05 3.979483139207391811e-05 1.000000014643310342e+00 4.139703867606454781e-04
9.999999964958836696e-01 -4.060915838785741233e-05 1.995237537869057310e-04 3.627202371209834624e-04 4.062039308426404623e-05 1.000000006316345225e+00 -8.735194458935031199e-05 -9.917648006810334243e-04 -1.995167067975533244e-04 8.736033498273855968e-05 9.999999929662500842e-01 -4.092346720780784845e-04
9.999999898937600440e-01 6.619146682494216206e-06 2.385842254120485286e-04 1.403264738234139821e-03 -6.585413797713477505e-06 9.999999987298128223e-01 -1.729678678984201772e-04 2.491995497153481356e-04 -2.385796064062331101e-04 1.729670679930899986e-04 9.999999757829810543e-01 -7.919666369877176315e-04
9.999999883326525785e-01 4.157848746668706586e-05 2.460884788817675121e-04 2.202573832122828312e-03 -4.156536972503341835e-05 1.000000012432998631e+00 -9.530051191650808391e-05 6.501639573394974326e-04 -2.460885786389491940e-04 9.529062619682940631e-05 9.999999890029038774e-01 -3.685534350296894432e-04
1.000000018503547361e+00 3.197423363038552770e-05 7.334883096574832165e-05 6.773532475349921828e-04 -3.198277635916696980e-05 1.000000017103850558e+00 -2.924818997098735455e-05 7.334672956851673667e-05 -7.334580409689195920e-05 2.924722028999459574e-05 1.000000022805279221e+00 -2.369973070865325751e-04
1.000000019405979268e+00 -7.412954627345651800e-05 5.914222421133065458e-06 -1.251583588680739911e-03 7.411837859691256609e-05 1.000000015201339298e+00 3.238776650726176950e-05 9.781164589455812301e-05 -5.912558959090490046e-06 -3.238587929345790556e-05 1.000000025676987869e+00 -3.297426579591814432e-04
1.000000020019158331e+00 -7.604866303456610807e-05 8.016015388340208574e-06 -4.990740588313646517e-04 7.603681765471369985e-05 1.000000013682431188e+00 6.754215894438227142e-05 4.077377111050011936e-04 -8.016884341351955857e-06 -6.753995239572194382e-05 1.000000024973522583e+00 -7.766179766737431366e-04
1.000000018294866511e+00 -6.554301344723040918e-05 7.649801440514084267e-05 7.886568239633944682e-04 6.553236554820360000e-05 1.000000017549746989e+00 -2.035528180287666513e-05 -1.017213442417048952e-04 -7.649197887108992162e-05 2.036212895502477523e-05 1.000000025524985681e+00 -7.419847780064259962e-04
1.000000017949107978e+00 -2.940162833048201672e-05 1.024567114765044166e-04 6.739594413341851425e-04 2.940328980084206556e-05 1.000000009992726424e+00 -1.404050205641970957e-04 -1.033777919577862255e-03 -1.024476453073634567e-04 1.404100665763492707e-04 1.000000014089389433e+00 -1.808981289366188975e-04
9.999999990157492080e-01 -2.285275639214462851e-05 2.212906365753854123e-04 -4.377811047666060776e-04 2.285928338015694514e-05 1.000000016523219015e+00 -8.615635443170958766e-05 -6.269898174817001647e-06 -2.212837414471663475e-04 8.616349880592714017e-05 1.000000001305246577e+00 -6.899213613915778742e-05
1.000000014465625142e+00 -7.641416086180471555e-05 1.216342285017519382e-04 -1.229353486653950731e-03 7.638847011997565092e-05 1.000000013545645716e+00 9.780048692977970587e-05 -9.183349343105729531e-04 -1.216361716287587977e-04 -9.778842468502970298e-05 1.000000018715213157e+00 -4.999930991590070773e-04
1.000000027231277233e+00 -6.850468811363339544e-05 -7.095620779863515758e-06 -1.109578615666848185e-03 6.848823967698507186e-05 1.000000002409206390e+00 1.892249504285292705e-04 -6.862734605500399928e-04 7.088009648119828904e-06 -1.892237301101043468e-04 1.000000018975911509e+00 -1.204693981014792574e-03
1.000000024554843936e+00 -5.748619543123423628e-05 9.070902908327357873e-05 -6.707218330689200449e-04 5.746262720712778710e-05 1.000000022494276219e+00 3.861280843640473644e-05 -2.718378636824447694e-04 -9.070498515622183594e-05 -3.860539098752355377e-05 1.000000034787300596e+00 -1.447079672960309860e-03
1.000000009280318958e+00 -2.692128796025351062e-05 2.229472165183848779e-04 -5.329359551722807941e-04 2.690419688767368435e-05 1.000000026359191940e+00 -3.526975955086886677e-05 -5.217808521790234279e-04 -2.229383803447192603e-04 3.528042550322305689e-05 1.000000019526590567e+00 -2.888779661061062942e-04
1.000000012723183396e+00 4.932553902832054725e-05 2.123724939399963048e-04 -2.734331698173120772e-04 -4.936192086980572673e-05 1.000000028786029116e+00 4.722077659569927924e-05 1.020799167800362549e-03 -2.123658123425008876e-04 -4.722739234183243051e-05 1.000000024327098114e+00 7.055752590962195833e-05
1.000000031885321050e+00 4.448872921193653974e-05 9.765733771992825263e-05 6.731923882627784562e-04 -4.452441323764848226e-05 1.000000026189140634e+00 9.274901380379853375e-05 2.063061292181360689e-04 -9.764889320309201267e-05 -9.274870124955087293e-05 1.000000039926143058e+00 -4.285743673077283748e-04
1.000000036606515375e+00 -9.160845155362259929e-06 7.547493188250723882e-05 1.012210767610092609e-03 9.133555468994619889e-06 1.000000034626414402e+00 3.499586291267299727e-05 -1.560804943616799769e-03 -7.547432559931079444e-05 -3.498930081902162248e-05 1.000000048501729522e+00 -9.302190462034193785e-04
1.000000037036347544e+00 -4.825562329982363791e-05 5.480877551337091561e-05 -4.346983928923760405e-04 4.821969949485207640e-05 1.000000015159398625e+00 1.996869648372682116e-04 -1.561574919655757399e-03 -5.481691462577658973e-05 -1.996784046359692164e-04 1.000000031486038221e+00 -2.410713348699962172e-04
1.000000038983478667e+00 -1.977837277090726411e-05 5.640478079666177936e-05 3.650982453836564890e-04 1.974229492207461075e-05 1.000000026212610749e+00 1.585110231112043979e-04 -7.621362098512435420e-04 -5.640464973377494473e-05 -1.585032447788558185e-04 1.000000041710356946e+00 -2.565642188355030280e-04
1.000000037664672492e+00 -2.376642282752677138e-05 8.281581233254950609e-05 3.301883632364710974e-04 2.373237587184094471e-05 1.000000039846283606e+00 5.785179569503376607e-05 -1.031876028123395253e-03 -8.281380575062177697e-05 -5.784311234005051246e-05 1.000000054160163243e+00 -6.822979189677251619e-04
1.000000041014045049e+00 6.914528292162226296e-05 4.645156993656219808e-05 4.551115805024768309e-04 -6.917453521284397269e-05 1.000000042619767271e+00 1.474220086990256670e-05 -6.335015071430036629e-04 -4.644488557682339817e-05 -1.474035970217045868e-05 1.000000058830222249e+00 -1.051794533605093698e-03
1.000000042509642695e+00 1.855258890742694160e-05 1.137687166594581221e-04 2.976922313197296355e-05 -1.857983191194129819e-05 1.000000046273709975e+00 -2.762688644254774516e-05 -3.268518508400407481e-04 -1.137645402727863517e-04 2.762578852220774111e-05 1.000000056976988461e+00 -7.701983862968487171e-04
1.000000033419951251e+00 -1.028241998390978049e-05 1.885326601995030208e-04 -3.026576504744440152e-04 1.026281039295061727e-05 1.000000045703178575e+00 -5.828455326225810300e-05 -1.907679415664060045e-04 -1.885273641362695510e-04 5.828591191828750738e-05 1.000000046301509959e+00 -3.924713627166464083e-04
1.000000027710047368e+00 -1.402582146698130514e-04 1.866532898903511750e-04 -1.812968904726414534e-03 1.402287870208604285e-04 1.000000041955176000e+00 -1.668519787101216460e-05 -1.376773417335065133e-03 -1.866427052619897518e-04 1.671268059575566870e-05 1.000000050597672274e+00 -3.698183998744788547e-04
1.000000049926355050e+00 -9.124659559622805803e-05 6.794902398268988064e-05 -2.086928379144208697e-03 9.121407344270722223e-05 1.000000048566346278e+00 -6.414755729893189256e-06 -4.492018370672220531e-04 -6.794073777049330128e-05 6.420969265952141918e-06 1.000000066819691114e+00 -5.373076020063596902e-04
1.000000049532595803e+00 -1.119819147151663880e-04 4.299084514736989387e-05 -1.619295384682811409e-03 1.119458108541186714e-04 1.000000047491669042e+00 5.578899705878224589e-05 -1.187487114899743023e-03 -4.299003254928406210e-05 -5.578413834173563641e-05 1.000000069207287678e+00 -1.529978589536016989e-03
1.000000045698560935e+00 -1.233428258647559488e-04 9.846357118591246062e-05 -1.099719699926203238e-03 1.233081276144383910e-04 1.000000050225153370e+00 -2.445379885870839934e-05 -1.375132612721059267e-03 -9.845279449665425575e-05 2.446657992029029904e-05 1.000000070336675817e+00 -1.126084947830860742e-03
1.000000041869446354e+00 -1.453397874865847833e-04 1.113447903544212831e-04 -1.176546586055576783e-03 1.453256498388990497e-04 1.000000026982703405e+00 -2.071478430376401045e-04 -6.900385544086813129e-04 -1.113069972611540356e-04 2.071645736941167049e-04 1.000000048752048398e+00 -3.990557379368325102e-04
1.000000053579966908e+00 -6.937963482118510866e-05 7.883708265526665501e-05 -6.209715933991064377e-04 6.935634459595085930e-05 1.000000042284585833e+00 -1.767702652171902538e-04 -1.013350648889742069e-05 -7.881811612842884365e-05 1.767762136089000345e-04 1.000000058659878288e+00 2.924915664682499949e-04
1.000000057418866106e+00 -5.653323217101319779e-05 3.328393065744524590e-05 -9.489397057159434630e-04 5.650001971817769061e-05 1.000000053843431935e+00 -1.243265208207445388e-04 2.687098964170077397e-04 -3.327162570074355740e-05 1.243289067467423265e-04 1.000000071856901318e+00 -9.198242460290933869e-05
1.000000058711147943e+00 -2.382597317834858215e-05 -4.217665858257638352e-05 -8.096146523518422001e-04 2.378807825531572363e-05 1.000000063347336043e+00 -7.556082225978875914e-06 -2.528002128736920814e-05 4.218218960501340199e-05 7.555510682784657774e-06 1.000000079996248292e+00 -5.840406311779523232e-04
1.000000050515227779e+00 6.702839163710905062e-05 -1.438121603838686188e-04 3.117359748202120154e-04 -6.706943448097398962e-05 1.000000062971234671e+00 -2.933551949559012686e-05 -5.685404620050995162e-04 1.438167792301022982e-04 2.934266330616068042e-05 1.000000072136116414e+00 -4.391344068477820678e-04
9.999999687356980749e-01 2.242962552223600327e-04 -3.790515900761081878e-04 1.566949581869441508e-03 -2.243332823901860861e-04 1.000000041413915186e+00 2.338243034213819438e-06 -1.091071851984102073e-03 3.790581107743838489e-04 -2.257988950321381837e-06 1.000000013167396284e+00 3.357803400285533440e-06
9.999995614817223100e-01 8.598513658160581276e-04 -5.218366324438351725e-04 1.242196207909895302e-02 -8.598104019489051725e-04 9.999996871500720363e-01 1.506596083412311041e-04 -3.454279332655201332e-04 5.219729680092786333e-04 -1.502167338879667816e-04 9.999999379857485993e-01 -1.813467091074209619e-03
9.999983515424408775e-01 1.654201505910292717e-03 -8.354517936890559597e-04 3.193409311815305351e-02 -1.654109177716738422e-03 9.999986888716768663e-01 1.556795664442866970e-04 9.662926261695067322e-05 8.357156325247331154e-04 -1.543045128878295564e-04 9.999997250699990126e-01 -1.703044207590872789e-03
9.999964659996616323e-01 2.543976551388581371e-03 -8.581922000982417130e-04 5.067663672685078502e-02 -2.543959679963457218e-03 9.999968325158682392e-01 6.395916296958654469e-05 6.961084804934194363e-04 8.583592414560729626e-04 -6.178216149181904831e-05 9.999997160454524581e-01 -9.219250631407504204e-04
9.999929374555938111e-01 3.673009177266073864e-03 -8.806771553949308213e-04 7.559579484079671785e-02 -3.673090720826810082e-03 9.999933240081404495e-01 -4.874871200371943262e-05 -2.008641327592403970e-03 8.804995379370583698e-04 5.197716055651004324e-05 9.999996974984671771e-01 1.230258597667168493e-03
9.999863543130417254e-01 5.196799264550185787e-03 -6.557504848021554261e-04 1.100293950325996056e-01 -5.196927193196320544e-03 9.999865594766108590e-01 -1.367680307047331107e-04 -4.779833323746343794e-03 6.550383683253943124e-04 1.401674355596690491e-04 9.999998622024931505e-01 1.688786777400827369e-03
9.999726892688529656e-01 7.369202573245265536e-03 -6.800075995937279088e-04 1.495657207053051330e-01 -7.369916340023320057e-03 9.999724174231987561e-01 -9.982319681988969552e-04 -9.003769328730341567e-03 6.726406631648474289e-04 1.003209351094072350e-03 9.999993575071766116e-01 1.930667366496254412e-03
9.999503718613234060e-01 9.944392180418516747e-03 -7.151794927622878197e-04 1.952557523152366192e-01 -9.945719831019874876e-03 9.999489503645205835e-01 -1.824691664119035620e-03 -1.416117317673440922e-02 6.970066251618801771e-04 1.831706827087197995e-03 9.999981668583572958e-01 5.143624011729326130e-03
9.999166903445156906e-01 1.285438115116483218e-02 -1.236503258298655376e-03 2.495475421240161973e-01 -1.285654994096608467e-02 9.999159280654834614e-01 -1.731512987278261469e-03 -1.533306700222237216e-02 1.214150209013049918e-03 1.747257171673552434e-03 9.999978247001092280e-01 9.167482024380493519e-03
9.998698719990743999e-01 1.606976022633288190e-02 -1.468568448468596200e-03 3.103025434509273928e-01 -1.607080261644241656e-02 9.998707061254410444e-01 -6.751863104059494620e-04 -1.415310220306197249e-02 1.457536253598259741e-03 6.986909628074006130e-04 9.999987821051049552e-01 1.053896456558473839e-02
9.998003672406055031e-01 1.995772124341035902e-02 -1.036099179215828336e-03 3.790149033414865753e-01 -1.995687369946527734e-02 9.998005541086211201e-01 8.571346536527281457e-04 -1.594229697920114541e-02 1.053005440569765002e-03 -8.362936491893360746e-04 9.999991849071238059e-01 9.417010622152059002e-03
9.997143553588873077e-01 2.390247114998144198e-02 -2.192843329795337128e-04 4.550075184992340427e-01 -2.390213127979998534e-02 9.997131283029173643e-01 1.586585761013531654e-03 -2.024169473745038306e-02 2.571520573516105149e-04 -1.580894646636331726e-03 9.999988074800526539e-01 8.753828452363636090e-03
9.996019393081573279e-01 2.821017154382186518e-02 5.671021546330833486e-04 5.386112772480147193e-01 -2.821081654937018096e-02 9.996014846247330832e-01 1.092676278336082371e-03 -2.785157698372364710e-02 -5.360427430685680769e-04 -1.108241972115706336e-03 9.999993330952674508e-01 1.074619179910188231e-02
9.994369739255861695e-01 3.352352928812982191e-02 1.443424113974189687e-03 6.357896743522233329e-01 -3.352423390889845700e-02 9.994378956996226027e-01 4.396514638160737057e-04 -3.597095778880358974e-02 -1.427864235083963406e-03 -4.877946086117223787e-04 9.999989533195232649e-01 1.635248019418357804e-02
9.992377033301556022e-01 3.897071884275880860e-02 2.339704326191023587e-03 7.415986071689620873e-01 -3.897030376934149110e-02 9.992404298335275659e-01 -2.393100937135858662e-04 -4.657023567807951070e-02 -2.347242557704957121e-03 1.479485590970824199e-04 9.999973263436972015e-01 2.021201690594109923e-02
9.990529892166392090e-01 4.341828269124089340e-02 2.856039472209998421e-03 8.451837366796038920e-01 -4.341555457941842500e-02 9.990566665271796154e-01 -1.023568181834168906e-03 -5.460226649037989294e-02 -2.897775348542016433e-03 8.986019529835090119e-04 9.999954910416408715e-01 2.276239682152971303e-02
9.988843424891925560e-01 4.713929487013699543e-02 2.853754844937630725e-03 9.504540317328526999e-01 -4.713521294953616769e-02 9.988874927129747228e-01 -1.493847540467136076e-03 -6.261760170082024402e-02 -2.920988090067914295e-03 1.357670314570077726e-03 9.999949091265439849e-01 2.405534130188564934e-02
9.987599968864308009e-01 4.970702061045653014e-02 2.805786390748256452e-03 1.059374905001705169e+00 -4.970249568330391277e-02 9.987627603613030702e-01 -1.672895144405302584e-03 -6.915550677260522139e-02 -2.885458991632381710e-03 1.531368469566529722e-03 9.999947615592993388e-01 2.366139332029260772e-02
9.986671514284273243e-01 5.154627385489589375e-02 2.664393888885856990e-03 1.172935431459938060e+00 -5.154256601638292773e-02 9.986698328970193828e-01 -1.455791671025812722e-03 -7.388057414815886459e-02 -2.735879564115759402e-03 1.316526261477932776e-03 9.999954895876198568e-01 2.378422507812453721e-02
9.985871400429459088e-01 5.309253227287236837e-02 2.260600550603904246e-03 1.292608424924740040e+00 -5.309001938742899385e-02 9.985891379619465935e-01 -1.173996898775328101e-03 -8.252383951129498019e-02 -2.319729912124311819e-03 1.052330927605328462e-03 9.999968560739512791e-01 2.555751337337928628e-02
9.985128579632358559e-01 5.448178788931658939e-02 2.003221356860181504e-03 1.420295022182183953e+00 -5.447971589680591920e-02 9.985143773047695515e-01 -1.093371200704549651e-03 -9.205412264756883400e-02 -2.059802398144633048e-03 9.826189555784655208e-04 9.999974963859723509e-01 2.813947046332113122e-02
9.984687143022072942e-01 5.528670273354001352e-02 1.954087921081754022e-03 1.553229204924030382e+00 -5.528351708592709607e-02 9.984694070153751211e-01 -1.667415485219077807e-03 -1.009709997293374295e-01 -2.043273698462722086e-03 1.556841017780087946e-03 9.999968026262257004e-01 2.816888547278073585e-02
9.984679917805459048e-01 5.530444738497492657e-02 1.821441580441276456e-03 1.687360106139505156e+00 -5.530062184522939461e-02 9.984676358024000553e-01 -2.108385175103133762e-03 -1.022545147447274649e-01 -1.935244744004924319e-03 2.004440632408184108e-03 9.999962235895124563e-01 3.040091988253709396e-02
9.984713930014563754e-01 5.527117885264933028e-02 4.574505596528505172e-04 1.820668940983904305e+00 -5.527076730304327640e-02 9.984710665819638287e-01 -9.472408369837829719e-04 -1.081931110641716764e-01 -5.090978033900103554e-04 9.205237849260941964e-04 9.999995535336377861e-01 3.202966254149990089e-02
9.984351655473835407e-01 5.589813886879203136e-02 -1.691161310933448096e-03 1.962948522448073829e+00 -5.589636727016961126e-02 9.984360841630062211e-01 1.102514565790659734e-03 -1.184368265447802160e-01 1.750152832994854996e-03 -1.006242982004519875e-03 9.999980749628805121e-01 2.918487617641160603e-02
9.983981524925813478e-01 5.645288026000376547e-02 -3.801103790023203661e-03 2.107571388530081080e+00 -5.644416487251096431e-02 9.984030519779263368e-01 2.374330816270279684e-03 -1.266998709037535364e-01 3.929078745931448464e-03 -2.155961087085692465e-03 9.999900731966382406e-01 2.355539308373502325e-02
9.983912714361083962e-01 5.643052946899212996e-02 -5.541970310293877627e-03 2.248073112518252703e+00 -5.642785078944687061e-02 9.984065913676600790e-01 6.469325372303717531e-04 -1.357372266859713794e-01 5.569650780086607932e-03 -3.331538767969016712e-04 9.999845530254189985e-01 2.120273311938510041e-02
9.984080161381371221e-01 5.609916523995232829e-02 -5.879319731172528811e-03 2.381385534289087058e+00 -5.611360446571175137e-02 9.984218348029672008e-01 -2.312228225004187530e-03 -1.472335661598675738e-01 5.740331249893396333e-03 2.638472859852564363e-03 9.999801628763168582e-01 2.574124770942563811e-02
9.983988176681245497e-01 5.631155234821946104e-02 -5.391040697513619501e-03 2.521452346569965197e+00 -5.633069114102567942e-02 9.984063008010103379e-01 -3.457667705360938700e-03 -1.576633373400239957e-01 5.187746490614391151e-03 3.755827477342418841e-03 9.999796117507943061e-01 3.296618842556799794e-02
9.984014124865768780e-01 5.628982840800355464e-02 -5.131914621778139833e-03 2.662074881584353570e+00 -5.630333905728288763e-02 9.984106552633721376e-01 -2.518250054086961561e-03 -1.607224929121187362e-01 4.982010643461719929e-03 2.803183166721659805e-03 9.999837865391444369e-01 3.294774154366409552e-02
9.984443560284300689e-01 5.550086947833589995e-02 -5.365953233030559821e-03 2.801112309681160983e+00 -5.551214076729493047e-02 9.984562028515450161e-01 -1.966361841889968567e-03 -1.671110517539174112e-01 5.248539912226847862e-03 2.261190316784212739e-03 9.999837963418912734e-01 2.770182962877523053e-02
9.984568646452389729e-01 5.519737328619510330e-02 -6.116504582677068959e-03 2.937087672165236807e+00 -5.522352208014173064e-02 9.984653764243160978e-01 -4.184391751553015112e-03 -1.786725885125028113e-01 5.876155875246970479e-03 4.515721210666559168e-03 9.999726662141884548e-01 2.679976425937771398e-02
9.984322373955702989e-01 5.563856440630451233e-02 -6.139729209903200743e-03 3.075806122396763431e+00 -5.567693030149881150e-02 9.984293614843702258e-01 -6.256977746215887197e-03 -1.904412461420581792e-01 5.781963746298954265e-03 6.589022867011396639e-03 9.999617081092818660e-01 3.835455192075891417e-02
9.983964783476938498e-01 5.631052943096804403e-02 -5.820361512569771807e-03 3.214530041239652913e+00 -5.634236904119149791e-02 9.983967616109528098e-01 -5.450304290711244573e-03 -1.950610230585100857e-01 5.504128248581974074e-03 5.769511516587638722e-03 9.999683404928570996e-01 4.820316101613754400e-02
9.983917519199406732e-01 5.629343478097877107e-02 -6.726338629524579275e-03 3.346053828401632124e+00 -5.631397313677866112e-02 9.984090409128916210e-01 -2.896035993626037714e-03 -1.935792106349136510e-01 6.552616652644985620e-03 3.270178897735703805e-03 9.999733194368398692e-01 4.699474240028100186e-02
9.983699889145581929e-01 5.643010492887302887e-02 -8.561394982966114703e-03 3.476081455895454031e+00 -5.642562449316869400e-02 9.984066416281763834e-01 7.705854631848699709e-04 -1.953949997241271608e-01 8.591245267386391632e-03 -2.862324201376975608e-04 9.999631924542620176e-01 4.010431133549541283e-02
9.983042579541145933e-01 5.751844646833927793e-02 -8.973748545388352676e-03 3.609567283607958643e+00 -5.751093796724689178e-02 9.983444066746131051e-01 1.098908888923448741e-03 -2.054120035362644592e-01 9.022107792458003428e-03 -5.809410186808827616e-04 9.999592706191828828e-01 3.479484446917795876e-02
9.982408046749953190e-01 5.874748692729816341e-02 -8.020427794160893409e-03 3.742997202190720962e+00 -5.876787432789699894e-02 9.982691086259245505e-01 -2.322908341580363217e-03 -2.202909172486204881e-01 7.870089702732084580e-03 2.790183290560034699e-03 9.999652805742730299e-01 4.304687877090725839e-02
9.981342915329717291e-01 6.059880840797644830e-02 -7.485142954175446305e-03 3.871692829738722530e+00 -6.063839967153598909e-02 9.981465391703817636e-01 -5.171797383492392035e-03 -2.326602811549285110e-01 7.157875371053427742e-03 5.616054676144118657e-03 9.999587604098967297e-01 5.665133062858057622e-02
9.978800170250260448e-01 6.457414078417503256e-02 -8.121751439013901591e-03 4.000671222620810319e+00 -6.460995941243675988e-02 9.979018131237605838e-01 -4.219695055872003941e-03 -2.403960068049651455e-01 7.832235967138037949e-03 4.735513839493288475e-03 9.999582642268179944e-01 6.140157032118422065e-02
9.974048044948073954e-01 7.139814915339469381e-02 -9.288435989513291885e-03 4.127720248844794604e+00 -7.141303951303037967e-02 9.974461591098791047e-01 -1.274241322019574810e-03 -2.511359795047584109e-01 9.173746085842739151e-03 1.934268140954621077e-03 9.999561999323512973e-01 5.370856026649870746e-02
9.966509579564858390e-01 8.115506425359676757e-02 -1.005213108289140789e-02 4.257553788113997761e+00 -8.115097105341181893e-02 9.967016299631400456e-01 8.212678617366804762e-04 -2.683710287978323117e-01 1.008563314112212103e-02 -2.759649925709956716e-06 9.999492895713002483e-01 4.749940429556547689e-02
9.955793533341829038e-01 9.346195634175517852e-02 -9.324438236798258950e-03 4.383215757653334599e+00 -9.346382252923661482e-02 9.956227998262999757e-01 2.430790940048050742e-04 -2.912075067023571218e-01 9.306345844412484969e-03 6.295098381729925937e-04 9.999566486049282776e-01 5.087342006690474122e-02
9.941546755100373334e-01 1.076678944498225127e-01 -8.027526521115550123e-03 4.504091420029086024e+00 -1.076814107476695842e-01 9.941848071751923088e-01 -1.261761867750331575e-03 -3.164327826695523260e-01 7.844998088850967111e-03 2.118819505755047735e-03 9.999671351322337864e-01 5.988397284018343036e-02
9.923032943135494666e-01 1.235911985731971280e-01 -7.728351435523038264e-03 4.623295678119158758e+00 -1.236069810123145013e-01 9.923301389014718143e-01 -1.588876064756641589e-03 -3.452420688859736964e-01 7.472706501788817061e-03 2.531943267903300279e-03 9.999690268515735170e-01 6.608778617106300657e-02
9.898929473853604888e-01 1.415693355175969281e-01 -8.391501015286201987e-03 4.741486068370337925e+00 -1.415765106904203485e-01 9.899274427786266539e-01 -2.568340148187985873e-04 -3.781777308771872015e-01 8.270618198906152380e-03 1.442295376735321230e-03 9.999649112503224968e-01 6.528083413339316743e-02
9.868015292198842880e-01 1.617179070495828319e-01 -8.391236851514086506e-03 4.857315582846271518e+00 -1.617177034869495822e-01 9.868369682451128000e-01 7.147124374414799003e-04 -4.170595369718109735e-01 8.396368319804800237e-03 6.517537438155712346e-04 9.999646925290374133e-01 6.299576620099370250e-02
9.829418942873860976e-01 1.837125335777308188e-01 -8.677053969952691626e-03 4.968809703026971114e+00 -1.837219693353693006e-01 9.829783741121189689e-01 -2.889926753167971259e-04 -4.587840152678956951e-01 8.476267977729861486e-03 1.878249270527717870e-03 9.999624670989167852e-01 6.207226579859378285e-02
9.783206057775211129e-01 2.068913836630979775e-01 -9.225269912023124907e-03 5.080733413151981459e+00 -2.069142317346707172e-01 9.783579841847092062e-01 -1.577542295449557751e-03 -5.026603917742378247e-01 8.699238331458065618e-03 3.452200364519421045e-03 9.999563581303002602e-01 6.721278525892106226e-02
9.729544718666687242e-01 2.308156229249829494e-01 -9.171230276679908852e-03 5.191163843929216704e+00 -2.308398811034735876e-01 9.729905133972194253e-01 -1.659159755088043635e-03 -5.494206071694942572e-01 8.540562237452632016e-03 3.731393067458876108e-03 9.999567239942297459e-01 7.272186935419258647e-02
9.667816280311558597e-01 2.554465242341146802e-01 -8.985220293355068027e-03 5.307962018391977566e+00 -2.554681311073174199e-01 9.668167600278387841e-01 -1.318593379661320026e-03 -6.032975778941578326e-01 8.350232747774237463e-03 3.570248046754497234e-03 9.999589203090976097e-01 7.286753510192654770e-02
9.595403896129234278e-01 2.814382553848753243e-01 -8.667782540131009975e-03 5.428184904293767765e+00 -2.814600728104069138e-01 9.595721382219263296e-01 -1.376643274439189567e-03 -6.613538464171730968e-01 7.929923555292848342e-03 3.760598902901022157e-03 9.999616443120762366e-01 7.306958980490477207e-02
9.511152923027917927e-01 3.087028276895469880e-01 -9.091493810311615520e-03 5.544857222364774962e+00 -3.087318864892368842e-01 9.511473086910949837e-01 -1.945526823404602253e-03 -7.243614762528390871e-01 8.046762339963106983e-03 4.657273155693217835e-03 9.999569371644161375e-01 7.520932408097459609e-02
9.415244792846965138e-01 3.368096067979325925e-01 -9.557340303378899365e-03 5.658957058308016208e+00 -3.368467015167335155e-01 9.415563165987689276e-01 -2.525320758757764253e-03 -7.926597215198294410e-01 8.148221857754517350e-03 5.597027027933656335e-03 9.999512975082937016e-01 7.956592411728556635e-02
9.307406212933160283e-01 3.655480024461287836e-01 -9.846969421394773797e-03 5.769189717802368556e+00 -3.655914302322959553e-01 9.307708854627110284e-01 -2.974511017746275798e-03 -8.663488906561531699e-01 8.077946795878870531e-03 6.368479164762253994e-03 9.999472531322360913e-01 8.178754263483911657e-02
9.187431690463073730e-01 3.947254587145658244e-01 -1.015970345528347842e-02 5.876777787248702367e+00 -3.947729694538137379e-01 9.187736688931723572e-01 -3.104806152124865541e-03 -9.437224520539712058e-01 8.108920435040868277e-03 6.863307816123785654e-03 9.999437291184686272e-01 8.188012277255457549e-02
9.054153213021362001e-01 4.243967446575729885e-01 -1.053190789333033513e-02 5.984572275643149197e+00 -4.244522634081341339e-01 9.054432071485895017e-01 -3.642750126934811341e-03 -1.025174821187100571e+00 7.990071505731386955e-03 7.768503818016455308e-03 9.999380641566766315e-01 8.143446431690228027e-02
8.907871890060358178e-01 4.542917340948031124e-01 -1.084564059928454921e-02 6.090836820871378343e+00 -4.543588781713250868e-01 8.908065716680844126e-01 -4.696626435345058366e-03 -1.113116851126811468e+00 7.527727283674645088e-03 9.111517039232693016e-03 9.999303159194801172e-01 8.388318229109076318e-02
8.748367048913696653e-01 4.843011994942132414e-01 -1.065445054665553962e-02 6.195182830241115823e+00 -4.843711909352385603e-01 8.748469033965138308e-01 -5.277056954177675695e-03 -1.206049921790943502e+00 6.765325676925904204e-03 9.777281044384718636e-03 9.999294766863268125e-01 8.774906603173485142e-02
8.571436080326080287e-01 5.149706986254041219e-01 -1.050956655068789949e-02 6.298421818329384081e+00 -5.150358592270505298e-01 8.571559736904099669e-01 -4.702033999195380509e-03 -1.299452908236539583e+00 6.586924190269486876e-03 9.443132184287330103e-03 9.999338796166279408e-01 9.047199213737808221e-02
8.380022391123264081e-01 5.455698681247143078e-01 -1.030595311927008303e-02 6.395291013598044749e+00 -5.456255232908756581e-01 8.380222096824880840e-01 -3.461686064868615097e-03 -1.396208474983599901e+00 6.748020904359088024e-03 8.524100124012739046e-03 9.999410624668670922e-01 8.849724276288530034e-02
8.179654284321093982e-01 5.751800590823059611e-01 -1.004553490161748733e-02 6.488649932470728743e+00 -5.752318592752230231e-01 8.179847849996955134e-01 -3.102809186018858512e-03 -1.499871381123657699e+00 6.432415870599836501e-03 8.316510966633510263e-03 9.999448906754944133e-01 8.686565354528595628e-02
7.970756123302563667e-01 6.037966594919826901e-01 -1.002614041795391389e-02 6.581587475789699937e+00 -6.038542868177624312e-01 7.970848777101251503e-01 -4.016543316032831004e-03 -1.611511377732383954e+00 5.566505894237928735e-03 9.255827006518835276e-03 9.999418334469089009e-01 8.820560258951742894e-02
7.751378258600932769e-01 6.317098492666541887e-01 -1.022165707454103165e-02 6.672217941847985223e+00 -6.317787829829385471e-01 7.751263319174586108e-01 -5.931066365809335543e-03 -1.730148439749095601e+00 4.176359449649620637e-03 1.105523080397221442e-02 9.999303311667344651e-01 9.046519489069268505e-02
7.526785989641942010e-01 6.582955368275033026e-01 -1.106266096983182096e-02 6.752070830591367923e+00 -6.583794289375919373e-01 7.526502107359428484e-01 -7.391016461938374957e-03 -1.847930948607929613e+00 3.460836687736596525e-03 1.284649917301572408e-02 9.999116571462234315e-01 9.339952096830404782e-02
7.304350410901451207e-01 6.828902808416331682e-01 -1.122435040845641378e-02 6.825175613815366304e+00 -6.829777912329475509e-01 7.303926409550767218e-01 -8.268449477822370844e-03 -1.963642519434613209e+00 2.551734924743928080e-03 1.370555751043011500e-02 9.999029845366207425e-01 9.412115099099932491e-02
7.083715561814016848e-01 7.057436654705682155e-01 -1.166587453461043027e-02 6.893358396332995852e+00 -7.058364792094561357e-01 7.083241322000057849e-01 -8.499013377721065937e-03 -2.071381432401071088e+00 2.265090322767093420e-03 1.425466997235194828e-02 9.998959977218377926e-01 9.195782268997627906e-02
6.865643937754590809e-01 7.269759758650421455e-01 -1.165089383677004459e-02 6.952329968065233956e+00 -7.270672622163012466e-01 6.865127452809851594e-01 -8.596236319598082529e-03 -2.168195224726830350e+00 1.749225145220457489e-03 1.437286298962120457e-02 9.998953415689696422e-01 9.301454870880514203e-02
6.657859317086299855e-01 7.460499759538721243e-01 -1.179013303860824459e-02 7.002137107302494279e+00 -7.461423680764392996e-01 6.657251388872565956e-01 -9.058464685072077638e-03 -2.261496513933467511e+00 1.090915957731275173e-03 1.482812595068112339e-02 9.998896288424702350e-01 9.373423751969592321e-02
6.465964369894273700e-01 7.627284023716910388e-01 -1.260622493788152512e-02 7.047203725463636381e+00 -7.628324650374754823e-01 6.465179219049037584e-01 -1.008270477695798369e-02 -2.353687336553398790e+00 4.597799046931111194e-04 1.613588847189005235e-02 9.998698690897133146e-01 9.362195800316679140e-02
6.286381068510594750e-01 7.775889536350470976e-01 -1.304016785745030528e-02 7.088715178717683862e+00 -7.776983091795279801e-01 6.285521285317428042e-01 -1.039354065569918564e-02 -2.439524589185084302e+00 1.145198894411855446e-04 1.667509992987362133e-02 9.998611215879940062e-01 9.584384245196210517e-02
6.110470371787058985e-01 7.914868243136388148e-01 -1.306235462208596258e-02 7.128539961984129647e+00 -7.915945513051364513e-01 6.109562150520233548e-01 -1.053741908563369384e-02 -2.516042127566141762e+00 -3.597039693945861503e-04 1.677895481609001371e-02 9.998593261175225955e-01 9.610786889618673501e-02
5.944617310385805764e-01 8.040205408084919458e-01 -1.291205717818331121e-02 7.159003090697592775e+00 -8.041232154249038366e-01 5.943586244224084991e-01 -1.114220028917992794e-02 -2.589852632524320963e+00 -1.284167565922891786e-03 1.700650391661479716e-02 9.998547217359686767e-01 9.472488606517942555e-02
5.796358106970461721e-01 8.147795485927407100e-01 -1.253471198672770001e-02 7.184514413435218572e+00 -8.148738730758980919e-01 5.795306263051055451e-01 -1.119360435123303334e-02 -2.658748584553752181e+00 -1.856072666453754006e-03 1.670243134829331802e-02 9.998589494734858585e-01 9.483969740437304952e-02
5.652233126463035440e-01 8.248511421721423931e-01 -1.198813684740866227e-02 7.212498900472541052e+00 -8.249364823583683615e-01 5.651320091757808806e-01 -1.030024299661181156e-02 -2.720561707621193204e+00 -1.721288154113266057e-03 1.571139634261526155e-02 9.998752545771476541e-01 9.575909213996289249e-02
5.499467773824473493e-01 8.351233299790495890e-01 -1.131741762694153490e-02 7.241564618450337498e+00 -8.351989191285633662e-01 5.498733347434935359e-01 -9.086588266940266376e-03 -2.778729225409962034e+00 -1.365275610650443401e-03 1.444944254765961368e-02 9.998948375675713596e-01 9.577686504201776696e-02
5.333302641279715761e-01 8.458451186662406807e-01 -1.026567645687540692e-02 7.272365374946540229e+00 -8.459057919277405135e-01 5.332659882266103102e-01 -8.441697138441265139e-03 -2.844876111201553925e+00 -1.666031794951690955e-03 1.318601564549312481e-02 9.999118416499886974e-01 9.611467592640819679e-02
5.165115662567044685e-01 8.562320050617400202e-01 -9.114634414016414832e-03 7.295238658227956030e+00 -8.562765175607975898e-01 5.164472051786729301e-01 -8.561269529305045797e-03 -2.922090542462720819e+00 -2.623204777218663634e-03 1.222665025784618574e-02 9.999219804210716100e-01 9.723592593925028948e-02
4.997098427010012722e-01 8.661542831583759483e-01 -8.207250880437326479e-03 7.315378741518496319e+00 -8.661856591567620445e-01 4.996435110600676022e-01 -8.902366473298901905e-03 -2.998487353163818092e+00 -3.610122329963890743e-03 1.155761153807088708e-02 9.999268648914478863e-01 9.848292852838361200e-02
4.824884345318985468e-01 8.758737145079543707e-01 -7.118720171401623185e-03 7.341684611615671763e+00 -8.758920152367316581e-01 4.824265035638399812e-01 -8.850640064486528860e-03 -3.067176635384770922e+00 -4.317783166739480247e-03 1.050557056174768016e-02 9.999356661529387180e-01 1.020328209192118835e-01
4.651367384803556937e-01 8.852190413857425888e-01 -5.966555200052459963e-03 7.368636277748898067e+00 -8.852257212902789885e-01 4.650819012726228330e-01 -8.645209643249902182e-03 -3.139179660191376176e+00 -4.877969503380177180e-03 9.302962880064354415e-03 9.999450033162872176e-01 1.039701755704822844e-01
4.482778599901484085e-01 8.938854897937814625e-01 -4.028830869518312124e-03 7.395987241854282246e+00 -8.938752442009358923e-01 4.482338970200438477e-01 -8.597301594653604037e-03 -3.219470869032101223e+00 -5.879146262029837089e-03 7.455262628623391882e-03 9.999551027979609596e-01 1.061005638113464988e-01
4.323984438637286098e-01 9.016817241138281869e-01 -1.481504143311629298e-03 7.423891431780269556e+00 -9.016511763082161179e-01 4.323687593164349252e-01 -9.105197724415798818e-03 -3.307495079717353015e+00 -7.569435346274084285e-03 5.272884389946705386e-03 9.999576259780444953e-01 1.070238810358558612e-01
4.167014287659639438e-01 9.090430934779329952e-01 1.056647833402222635e-03 7.450292704864591720e+00 -9.089957993655946034e-01 4.166910463120507280e-01 -9.782739131742258093e-03 -3.398746856257220728e+00 -9.333226723994501525e-03 3.116004462493334772e-03 9.999517670206105047e-01 1.106906814859437566e-01
4.008747299357169891e-01 9.161213734884374738e-01 4.650167922404304169e-03 7.486821406869523798e+00 -9.160621459553505153e-01 4.009016196296589229e-01 -1.041775034117047721e-02 -3.493076288068049262e+00 -1.140818265890822421e-02 -8.361739238734501058e-05 9.999350991377957687e-01 1.176081037367939924e-01
3.847695242361663936e-01 9.229764705989038642e-01 8.209534249253306465e-03 7.523258612576758431e+00 -9.229127948230974043e-01 3.848435133396505003e-01 -1.131096902807906396e-02 -3.595149759337378459e+00 -1.359914114617585129e-02 -3.224554959925436150e-03 9.999025077116154847e-01 1.193715830090676250e-01
3.685269691207329057e-01 9.295470864414594470e-01 1.142969503567602303e-02 7.560500968271780309e+00 -9.294797168785968733e-01 3.686560462278674621e-01 -1.267560617144804919e-02 -3.704626491198013571e+00 -1.599619437210878306e-02 -5.952353693457211430e-03 9.998545155780182991e-01 1.180611862738282225e-01
3.527870053684656337e-01 9.356023572604562633e-01 1.378805167357835190e-02 7.592571077630294596e+00 -9.355242513139655491e-01 3.529696605381031360e-01 -1.439760785658989774e-02 -3.821269662961042091e+00 -1.833719448952632683e-02 -7.819754050944710197e-03 9.998014602354732272e-01 1.179849765974637921e-01
3.378341527913507614e-01 9.410953388763233507e-01 1.442943571786285684e-02 7.620218910102509291e+00 -9.409868999900378173e-01 3.380464970670542524e-01 -1.639268645564022006e-02 -3.942538656414399156e+00 -2.030489878946292737e-02 -8.039886265016896877e-03 9.997616903781909592e-01 1.190455074288376269e-01
