1.000000000000000000e+00 4.398956837314658088e-19 2.733407509747682871e-20 -8.673617379884035472e-19 -5.583667658079949532e-19 1.000000000000000000e+00 -6.100159232558060012e-19 0.000000000000000000e+00 4.145284534913582806e-20 -2.210423569125054137e-19 1.000000000000000222e+00 0.000000000000000000e+00
9.999978567525367179e-01 1.793805032322821598e-03 1.033804588193008986e-03 -4.294183178209479840e-02 -1.794912859997197007e-03 9.999978149161464769e-01 1.071659398523786217e-03 -1.194154287375201462e-02 -1.031879998283066107e-03 -1.073512701013827489e-03 9.999988913958623993e-01 8.449288399112595549e-01
9.999884142047867908e-01 4.767812218005781574e-03 6.628836738973772078e-04 -1.742929300409824453e-02 -4.768488398904644973e-03 9.999881082556727474e-01 1.022190983916895736e-03 -2.211902512435356960e-02 -6.580021873306121562e-04 -1.025340106293979496e-03 9.999992578547723943e-01 1.610377955975539344e+00
9.999811251908865550e-01 6.056766886174134827e-03 1.031904442605714820e-03 -4.535577943184267158e-02 -6.057847883102806044e-03 9.999811022894342649e-01 1.047642258299485638e-03 -5.370830539159703043e-02 -1.025539634442515242e-03 -1.053873617386656865e-03 9.999989188082480940e-01 2.323993326032379958e+00
9.999699958965243551e-01 7.597013204478409581e-03 1.514161363240730876e-03 -4.608633250153520294e-02 -7.598370323131197271e-03 9.999707336715222272e-01 8.925150949914473003e-04 -5.598568953102223134e-02 -1.507336626377512754e-03 -9.039934868939093759e-04 9.999984553639011953e-01 3.072255953652182292e+00
9.999682219568349906e-01 7.744806062569191928e-03 1.890249536451124070e-03 -5.682994501759108807e-02 -7.746147927153782670e-03 9.999697506416467263e-01 7.035685001032511389e-04 -7.758614351250944785e-02 -1.884743388794265151e-03 -7.181883048994657306e-04 9.999979659706740298e-01 3.803451457649547507e+00
9.999665126485587363e-01 7.873330439256765942e-03 2.232540536389233249e-03 -6.669311094739691081e-02 -7.876341330288180731e-03 9.999680792424464615e-01 1.343040649301615068e-03 -9.683164512248096378e-02 -2.221895107199356803e-03 -1.360579941705872134e-03 9.999966059950492481e-01 4.516427307468052987e+00
9.999592594038215765e-01 8.669839520721929482e-03 2.512648404877354004e-03 -5.751701859825100044e-02 -8.678343986079330857e-03 9.999565835371072575e-01 3.393729845535601447e-03 -1.149704734464050970e-01 -2.483116262159255731e-03 -3.415397245315671560e-03 9.999910845566152284e-01 5.236634961034787317e+00
9.999560123911528375e-01 8.508221973427718479e-03 3.947585410122251247e-03 -4.956014979372544427e-02 -8.536654736520651182e-03 9.999373339389031612e-01 7.242495106159880201e-03 -1.227828957849231017e-01 -3.885717335929193654e-03 -7.275875769059638246e-03 9.999659808360226165e-01 5.904750938100380431e+00
9.999551552367672569e-01 7.871795747931616821e-03 5.265200751259186199e-03 -5.676267373882288442e-02 -7.930795195735187639e-03 9.999049260867733935e-01 1.128012794627585025e-02 -1.401138590870862066e-01 -5.175905384818948150e-03 -1.132137942522332651e-02 9.999225151820541058e-01 6.530020317683709941e+00
9.999519526464348829e-01 7.263580058986793264e-03 6.582765218586427575e-03 -4.715959874604452873e-02 -7.350009661131929814e-03 9.998858358128466239e-01 1.320199637739293864e-02 -1.549250941428169659e-01 -6.486120045783807034e-03 -1.324974556523308630e-02 9.998911813217836730e-01 7.126356216545705280e+00
9.999458214572253256e-01 7.155078042707992136e-03 7.560357425232268856e-03 -4.826863590693349082e-02 -7.255865730941740525e-03 9.998840392934412735e-01 1.338881577954870172e-02 -1.615143409968115007e-01 -7.463682816644765829e-03 -1.344294745304418920e-02 9.998817833110951181e-01 7.689357036079067953e+00
9.999307488083062356e-01 8.256732571052289790e-03 8.385937611357197063e-03 -5.654897793361741976e-02 -8.353389631210329791e-03 9.998983207077624114e-01 1.155721158817736918e-02 -1.690924223141958005e-01 -8.289660263484828484e-03 -1.162646234677609455e-02 9.998980482524583158e-01 8.257378223746282941e+00
9.999164744467539112e-01 8.624935110194456231e-03 9.625726967367085121e-03 -4.462379210521917605e-02 -8.709684044445317741e-03 9.999233697838988411e-01 8.797498389910521355e-03 -1.715708293292342868e-01 -9.549111651127220601e-03 -8.880600693413273627e-03 9.999149710793439061e-01 8.789005882664708835e+00
9.999129056237963109e-01 6.970155241548708566e-03 1.120705595326837965e-02 -4.210615716524225560e-02 -7.051195487083242348e-03 9.999491614247134619e-01 7.207996920170782820e-03 -1.805469248623391421e-01 -1.115624553216719266e-02 -7.286392348071682630e-03 9.999112193892699674e-01 9.272247449592748936e+00
9.999124498133145078e-01 3.656256211251905815e-03 1.271709507028981161e-02 -3.962973756864525410e-02 -3.721679355588406683e-03 9.999799433531644244e-01 5.124646312580238665e-03 -2.053516807605006989e-01 -1.269810320357211801e-02 -5.171526637365820786e-03 9.999060023189404456e-01 9.749444836908347511e+00
9.998884807509855754e-01 1.996517430995416609e-03 1.479999975978128074e-02 -3.703642059529833191e-02 -2.057855277910422900e-03 9.999893525479348622e-01 4.130378338822723004e-03 -2.379937488293781267e-01 -1.479159605763016340e-02 -4.160374005692660422e-03 9.998819430103438322e-01 1.018066482854422361e+01
9.998414886790792933e-01 5.083428647750958852e-03 1.706330209745759649e-02 -1.025564788548211266e-02 -5.120174771509678965e-03 9.999846646458389055e-01 2.110519520346555277e-03 -2.252983186016282446e-01 -1.705231204404262721e-02 -2.197552076002657478e-03 9.998521837753595598e-01 1.058166834597606254e+01
9.997488533963468926e-01 9.546826763797604601e-03 2.027531095535131320e-02 -2.389046027049022275e-02 -9.569405040672562118e-03 9.999536951892510350e-01 1.016849420537190365e-03 -2.288579933193971849e-01 -2.026466477638786887e-02 -1.210616704179432943e-03 9.997939176388190852e-01 1.097350285632521683e+01
9.996790481508519566e-01 1.002005540728481171e-02 2.326798619844690913e-02 -1.647175286678763742e-02 -1.006426292044530074e-02 9.999477633427342749e-01 1.783596576393662756e-03 -2.228419701274592102e-01 -2.324889942181789307e-02 -2.017199262545980951e-03 9.997276726988724160e-01 1.131104173896467024e+01
9.996278027988216852e-01 6.483472192453910987e-03 2.649944287337847870e-02 1.035872324444910356e-02 -6.550670210054241986e-03 9.999755433020317552e-01 2.449801927241440462e-03 -2.447018256074761644e-01 -2.648291201863493816e-02 -2.622479232951541346e-03 9.996458262550490526e-01 1.163884215224435437e+01
9.995677114779916161e-01 1.471751651791796843e-03 2.936365340459464249e-02 1.246368239588850277e-02 -1.544833880040961775e-03 9.999957653299439420e-01 2.466335897779442857e-03 -2.631476623409382265e-01 -2.935989973148446161e-02 -2.510631692598431879e-03 9.995657522096406122e-01 1.192072557970520919e+01
9.994996543881969897e-01 -1.788677398307087635e-03 3.157913142236189880e-02 4.712308423215862130e-02 1.667320526922387797e-03 9.999911259398021057e-01 3.868860284631309848e-03 -2.683564799708171300e-01 -3.158577187340146086e-02 -3.814271987845713804e-03 9.994937670230958915e-01 1.217416001471426945e+01
9.994238779262059058e-01 -3.153945244768979403e-03 3.379297107042721765e-02 4.374144937321634841e-02 2.993204956829741484e-03 9.999839706743862688e-01 4.806153524933448780e-03 -2.669149812420764656e-01 -3.380758831766049466e-02 -4.702235314946482010e-03 9.994172981935156574e-01 1.240059563578806312e+01
9.993482324214920665e-01 -2.143961514614232088e-03 3.603489721219879649e-02 4.144391323429758023e-02 2.004762473359677621e-03 9.999903909344819430e-01 3.898584550982841027e-03 -2.734243208141359793e-01 -3.604290998608401797e-02 -3.823802170529857439e-03 9.993429277026437685e-01 1.261175391671198653e+01
9.992636204243720011e-01 -9.098954995075684204e-04 3.835868893210772623e-02 4.855436621251950358e-02 8.103622879363280105e-04 9.999962648925979636e-01 2.610270428959818225e-03 -2.820831818595059270e-01 -3.836092139334881107e-02 -2.577263831681524640e-03 9.992606253591027610e-01 1.279436590118257122e+01
9.991754327199475760e-01 9.482783564532497192e-04 4.059009046210344113e-02 5.187808739240468148e-02 -1.019965767492159734e-03 9.999979565213727994e-01 1.745458223422812231e-03 -2.832844249555380167e-01 -4.058835303810562345e-02 -1.785419457888482234e-03 9.991743580811400793e-01 1.298623936215289199e+01
9.990909719533667133e-01 3.649748259834912668e-03 4.247245131121706041e-02 6.130316079966513509e-02 -3.708910787879281072e-03 9.999922583425873146e-01 1.314245918910433332e-03 -2.905465806606928325e-01 -4.246732657163752866e-02 -1.470577742057610927e-03 9.990967738646844287e-01 1.313253706299773604e+01
9.990369471798637990e-01 4.756060432472839113e-03 4.361832273176368541e-02 4.589908826120159269e-02 -4.754303003782639654e-03 9.999886878697838988e-01 -1.440292629464518025e-04 -2.899052088147694439e-01 -4.361851508318002890e-02 -6.348413109151217486e-05 9.990482576349651866e-01 1.328860375375387193e+01
9.989510932687365452e-01 4.353281800702992269e-03 4.558247705516193377e-02 7.361766858438703598e-02 -4.274491272317455098e-03 9.999891974312026255e-01 -1.825856972781187684e-03 -2.978537988345806298e-01 -4.558993390858510908e-02 1.629099972975071777e-03 9.989589100315094949e-01 1.344432956757225028e+01
9.988793846835540835e-01 3.055285018523139651e-03 4.722965286271887941e-02 8.077684081422017992e-02 -2.915206816585564405e-03 9.999911466774147328e-01 -3.034492055643908497e-03 -3.077028084252435569e-01 -4.723850678239727152e-02 2.893407419669389701e-03 9.988794480028959644e-01 1.360575444573478165e+01
9.988181208597628480e-01 2.174981351886002418e-03 4.855544172895157745e-02 7.387642815910130945e-02 -1.977326240998782299e-03 9.999895645422162138e-01 -4.118372496302428326e-03 -3.177365686210891771e-01 -4.856389325887783964e-02 4.017495209136929396e-03 9.988119983140818503e-01 1.373575379272446995e+01
9.987552908055343792e-01 2.757148543362428900e-03 4.980228148970941571e-02 8.356992118875491982e-02 -2.489916658056184201e-03 9.999821732919699224e-01 -5.427100409318414038e-03 -3.174971133221258235e-01 -4.981635786870217825e-02 5.296341810212696830e-03 9.987443512855834760e-01 1.385657331498268796e+01
9.986780097614893492e-01 3.601572300835975855e-03 5.127632509627216839e-02 9.878415285115188516e-02 -3.214677258110730691e-03 9.999657561503186853e-01 -7.625771041967508400e-03 -3.132339597608032600e-01 -5.130203485879875069e-02 7.450853124476769507e-03 9.986553890008007528e-01 1.397981951692125335e+01
9.986310066436240307e-01 3.795430073708068106e-03 5.216998465939227947e-02 9.067880978975483008e-02 -3.289452836688026155e-03 9.999467536438545467e-01 -9.781072770934106514e-03 -3.163983746796427687e-01 -5.220433108872363920e-02 9.596071977238686962e-03 9.985903179942841046e-01 1.409838432315172874e+01
9.986025653107246658e-01 2.987631041934132956e-03 5.276353509534739694e-02 1.172651280367889570e-01 -2.358278411794822310e-03 9.999253840327870790e-01 -1.198602917841674366e-02 -3.267436363964292823e-01 -5.279540885138828826e-02 1.184484853547038835e-02 9.985350992036162721e-01 1.423472630444966747e+01
9.986155665796629943e-01 2.160713966792723005e-03 5.255741167288418420e-02 1.287823348932137790e-01 -1.440808841597022126e-03 9.999046799800459517e-01 -1.373153406399704561e-02 -3.346786322220325904e-01 -5.258207274007982435e-02 1.363679865850777120e-02 9.985234916230149027e-01 1.436245010848424997e+01
9.987300459802267438e-01 1.786142921058333013e-03 5.034982594979781068e-02 1.320638797490806260e-01 -1.034633080218308855e-03 9.998877388728016902e-01 -1.494788243403532071e-02 -3.433587997781123446e-01 -5.037087356209490191e-02 1.487680589735317430e-02 9.986197753481916850e-01 1.450038068969569593e+01
9.988723039941279636e-01 1.663671312641001876e-03 4.744841973855438294e-02 1.271045366322727244e-01 -9.158339008090009715e-04 9.998750931199799075e-01 -1.577844762107464757e-02 -3.390904926010726017e-01 -4.746874409179030474e-02 1.571719964469979816e-02 9.987490615477260247e-01 1.461036813291484826e+01
9.990501184603830520e-01 2.252580621082014498e-03 4.351765973574912849e-02 1.268751650645215390e-01 -1.520244795271026572e-03 9.998568013764908002e-01 -1.685424577778519076e-02 -3.430596990112961264e-01 -4.354939438402868901e-02 1.677207893810011771e-02 9.989104802678964168e-01 1.474644495584621318e+01
9.992755206557334402e-01 2.548635451014521786e-03 3.797286266643839364e-02 1.315426874378638478e-01 -1.864962728913173049e-03 9.998357286236669861e-01 -1.802880156672739126e-02 -3.401081204994936824e-01 -3.801257432993294938e-02 1.794492229719111751e-02 9.991161213436073885e-01 1.488086271044510056e+01
9.995056270335714865e-01 2.397404274770381909e-03 3.134890753214525372e-02 1.418441002791240857e-01 -1.806727637746655558e-03 9.998205625607542446e-01 -1.885678710852771098e-02 -3.485528331174301275e-01 -3.138849026766482586e-02 1.879082608520745920e-02 9.993306097118950238e-01 1.498810266660186841e+01
9.997032939290314557e-01 2.607367598870130761e-03 2.421829392424054012e-02 1.325717155005759762e-01 -2.130095816406409309e-03 9.998034303248686250e-01 -1.971201174540995402e-02 -3.528807922021094945e-01 -2.426493024149360342e-02 1.965457598657611646e-02 9.995123364819460399e-01 1.513020920149658544e+01
9.998675658506108732e-01 2.449754046881247316e-03 1.608879978752926140e-02 1.126942107510904706e-01 -2.113536246209332930e-03 9.997797239100153499e-01 -2.088149006521163378e-02 -3.500858255495139515e-01 -1.613641062347188904e-02 2.084472058612940257e-02 9.996524965496580428e-01 1.524945233396348776e+01
9.999806905789663247e-01 1.530791392387098821e-03 6.022885679015946292e-03 1.034068755655253163e-01 -1.397569525289452759e-03 9.997556352992055251e-01 -2.206165201694356218e-02 -3.535853532705158786e-01 -6.055185810934644343e-03 2.205280882494760689e-02 9.997384699709904732e-01 1.539472747953685960e+01
9.999749736789304011e-01 -4.441322540672337999e-05 -7.074604764132362382e-03 9.573390072402598872e-02 -1.238851953218093828e-04 9.997170445968454056e-01 -2.378687442781083142e-02 -3.601259858963571370e-01 7.073659518564184151e-03 2.378715578075749765e-02 9.996920198598964191e-01 1.555545903500746263e+01
9.997381242528120548e-01 -5.551177235711526924e-04 -2.287738445765698930e-02 7.044539195969720669e-02 -3.036229023970056452e-05 9.996726806561279099e-01 -2.558379618715531795e-02 -3.737664091210726736e-01 2.288409863822419080e-02 2.557779123552238881e-02 9.994108737980408330e-01 1.568389926140205581e+01
9.991130180636080826e-01 -3.862782220995468062e-04 -4.210733707912027446e-02 4.515656353666723521e-02 -7.379944902395342522e-04 9.996437170753467161e-01 -2.668134697468521263e-02 -3.739529181427435622e-01 4.210264208117130147e-02 2.668875629134186481e-02 9.987567661377860784e-01 1.587620327025183009e+01
9.979657521733699133e-01 4.726453182043364142e-04 -6.375056027097172895e-02 6.884985302311425609e-03 -2.156447165239852321e-03 9.996505546660171548e-01 -2.634612485389176140e-02 -3.765721932581916898e-01 6.371583164089020257e-02 2.643000520548715801e-02 9.976180370164020594e-01 1.607936041153653051e+01
9.961697386820322908e-01 1.007492758829741470e-03 -8.743475530921338001e-02 -3.151871062360406262e-02 -3.218360459202549654e-03 9.996785426053333978e-01 -2.514863050069172934e-02 -3.847952050754998021e-01 8.738131318644336287e-02 2.533370138501419774e-02 9.958527551454829929e-01 1.626317592850176652e+01
9.934924337167077013e-01 2.138049961949650517e-03 -1.138780597950093953e-01 -7.192670940347824227e-02 -4.839681290815752747e-03 9.997132326754384346e-01 -2.345271642708601778e-02 -3.955786283738647602e-01 1.137952621565961192e-01 2.385122994894259968e-02 9.932178801848013938e-01 1.649371492793023819e+01
9.895725328612763327e-01 3.072907141226269116e-03 -1.440026349878383849e-01 -1.393364945078021666e-01 -6.265287097782443193e-03 9.997444466296274701e-01 -2.172067271372356972e-02 -3.985869320752272182e-01 1.438990914888853834e-01 2.239639903544188987e-02 9.893388971082476280e-01 1.672356731509208672e+01
9.842265284255200530e-01 3.491579957243023859e-03 -1.768783446901806278e-01 -2.154426666041430738e-01 -6.821842095356933124e-03 9.998106677641457329e-01 -1.822336712561396441e-02 -4.073306082460610988e-01 1.767812306167050873e-01 1.914255751140602271e-02 9.840640018678271650e-01 1.699115037674305739e+01
9.769559818217350422e-01 4.578680194242178668e-03 -2.133917622143713111e-01 -3.107181101473071028e-01 -7.857073339969952372e-03 9.998637420602179970e-01 -1.451770395705028957e-02 -4.130768784073796662e-01 2.132962176465478532e-01 1.585979239664015231e-02 9.768588391348820288e-01 1.726620039931902539e+01
9.673883746127189820e-01 5.934452337947888206e-03 -2.532281845977989998e-01 -4.127245983456481193e-01 -8.442465612046014256e-03 9.999254752467757745e-01 -8.818658874502206813e-03 -4.368658215384861876e-01 2.531569832916729657e-01 1.066893817842042014e-02 9.673663819961245691e-01 1.748588973584607587e+01
9.555867731854219560e-01 1.030717358219066827e-02 -2.945295896342247088e-01 -5.478996100852921991e-01 -1.209697934977559293e-02 9.999177732954223075e-01 -4.255556709634833283e-03 -4.173447378982661493e-01 2.944615137652492609e-01 7.629471863066589199e-03 9.556328845124105742e-01 1.777293026205830273e+01
9.416097786032751049e-01 1.395654978072776754e-02 -3.364167610680504628e-01 -6.881800994598068488e-01 -1.477084578921768546e-02 9.998908955039172985e-01 1.386799045423716195e-04 -4.301725733544983221e-01 3.363819977983178999e-01 4.838577473989944672e-03 9.417131952593432720e-01 1.807052976146097123e+01
9.252101171852911143e-01 1.695426989148211133e-02 -3.790762308293202376e-01 -8.285318706728026505e-01 -1.588382032367414293e-02 9.998561333857429734e-01 5.951202614972273680e-03 -4.283749493729974711e-01 3.791225992731809269e-01 5.150655205672883749e-04 9.253463094478691087e-01 1.831910575047088230e+01
9.061603744786295156e-01 1.986332914121672830e-02 -4.224675374718038223e-01 -1.018076468140189483e+00 -1.582263776119056248e-02 9.997893983516222827e-01 1.306916618139426257e-02 -4.362134887630795266e-01 4.226381695826255669e-01 -5.158210152334199820e-03 9.062838264671075894e-01 1.864719696828973738e+01
8.844662971526896511e-01 2.406234850979298637e-02 -4.659832273858535712e-01 -1.245502464660682262e+00 -1.676291606432987052e-02 9.996633599832165373e-01 1.980331732669211864e-02 -4.301684311664243920e-01 4.663028811888129677e-01 -9.704129544639294308e-03 8.845719061896577529e-01 1.892744832736421401e+01
8.599701688283121204e-01 2.925545789577999392e-02 -5.095050752918605097e-01 -1.455153148730861767e+00 -1.947954614247608685e-02 9.995097200898489520e-01 2.451258362062367149e-02 -4.299218635706520408e-01 5.099724108858578742e-01 -1.115516363091752748e-02 8.601184264927814738e-01 1.918700444132831961e+01
8.324817838919753576e-01 3.291432424166990806e-02 -5.530738836258978219e-01 -1.709379449620750391e+00 -2.104874623317199225e-02 9.993920632329946763e-01 2.779306132237976956e-02 -4.342672205435320620e-01 5.536524491042008611e-01 -1.149570606832014431e-02 8.326684936473018883e-01 1.948400591889529210e+01
8.020119086600538960e-01 3.664521974672102500e-02 -5.961828740837067375e-01 -1.969890533345318273e+00 -2.371716614391233824e-02 9.992828662093456993e-01 2.951693350885800649e-02 -4.145621281907132527e-01 5.968369960546847652e-01 -9.533164549270795735e-03 8.023058804267426680e-01 1.974300426844213874e+01
7.686623148597406807e-01 3.950895786103283264e-02 -6.384334578896816437e-01 -2.275225449791249854e+00 -2.435419192804651883e-02 9.991746090334200359e-01 3.251113702457080618e-02 -4.214111518921819233e-01 6.391909928974341959e-01 -9.441555558997666645e-03 7.689900775728228943e-01 2.003183940854679079e+01
7.321527017204202403e-01 4.388242104009806160e-02 -6.797254929157146019e-01 -2.578667825263739388e+00 -2.606553489465525397e-02 9.989966447288176621e-01 3.641828858893081389e-02 -3.993469977666426751e-01 6.806416212239320140e-01 -8.946340542796020479e-03 7.325619121846709270e-01 2.030187231383323976e+01
6.936118311681358506e-01 4.516137209136585756e-02 -7.189318941436699806e-01 -2.881419617143875289e+00 -2.416752352992834058e-02 9.989298834644534386e-01 3.943372609358163083e-02 -3.849294191058217907e-01 7.199434468855671065e-01 -9.976896254855208840e-03 6.939610252165137050e-01 2.053245967804640770e+01
6.536479868803850568e-01 4.548761299943190894e-02 -7.554304572041194987e-01 -3.275834820470063136e+00 -2.204162476616968944e-02 9.989128390269844671e-01 4.107684048212641853e-02 -3.847275966980930884e-01 7.564776832219770597e-01 -1.019888020321904273e-02 6.539399882631762306e-01 2.082398306003387489e+01
6.113606508151391283e-01 4.478918262272452155e-02 -7.900835855835274257e-01 -3.668895375621918920e+00 -1.753039353052999322e-02 9.989185478647587546e-01 4.306297762780054994e-02 -3.658641473402076683e-01 7.911579172807449156e-01 -1.247653468864102534e-02 6.114846666473058301e-01 2.104739561632135647e+01
5.669807137237325989e-01 4.502345088597457107e-02 -8.224996940493131126e-01 -4.045972176502158568e+00 -1.251447597064025453e-02 9.988607113452476760e-01 4.605070267075962037e-02 -3.674394745759539394e-01 8.236360053037516948e-01 -1.581670850429819572e-02 5.668982050856887778e-01 2.126680732509738903e+01
5.207830571040545919e-01 4.631402031807153180e-02 -8.524318187963555449e-01 -4.532174781494367366e+00 -1.080514417859912250e-02 9.988049134223074832e-01 4.766543582128637130e-02 -3.410191697782342102e-01 8.536206817280007630e-01 -1.561270359619240829e-02 5.206611071342032160e-01 2.152700066166363513e+01
4.715193933434842499e-01 4.643091247270025868e-02 -8.806325101922257703e-01 -4.941882732596265093e+00 -9.859169180299368410e-03 9.988280997325783561e-01 4.738379422801534263e-02 -3.148333869663201279e-01 8.818005848002909985e-01 -1.366007392358163826e-02 4.714245911055028326e-01 2.171062485920596430e+01
4.201279939954856157e-01 4.586551799623399261e-02 -9.063050303950022091e-01 -5.466962119117138030e+00 -5.317701941675044564e-03 9.988291968124970444e-01 4.808282041755166519e-02 -2.976932435716924674e-01 9.074492847676391971e-01 -1.538147982005385814e-02 4.198800072352589785e-01 2.188477744242913658e+01
3.666321104762598759e-01 4.508221978414238273e-02 -9.292730887947123763e-01 -5.955413130748232753e+00 -1.327125878305788088e-04 9.988278210381987821e-01 4.840419688396991466e-02 -2.854783613291901889e-01 9.303659991978571187e-01 -1.762320761093682381e-02 3.662083363203769704e-01 2.205394676560585410e+01
3.128180605049045160e-01 4.401267731500745767e-02 -9.487927746464328571e-01 -6.446013387927755467e+00 2.294795597000457831e-03 9.988878690446122421e-01 4.709308818025305376e-02 -2.899028366766185361e-01 9.498103021867975171e-01 -1.690885498233480125e-02 3.123691670981286750e-01 2.218548794770379118e+01
2.597139906203276283e-01 4.876792010107891540e-02 -9.644533770766989811e-01 -7.048469089506808061e+00 2.918245476861150694e-03 9.986798238721649179e-01 5.128443422652696065e-02 -2.164265295107843934e-01 9.656811806782394925e-01 -1.613379777318238451e-02 2.592288070099247888e-01 2.228832681594417409e+01
2.085109756095143985e-01 5.449359546545098909e-02 -9.765006934319278020e-01 -7.653202724722039996e+00 5.600455389461017099e-03 9.983636322362706705e-01 5.690951305419437306e-02 -1.876379767320993652e-01 9.780040001086753865e-01 -1.733510767903536157e-02 2.078645874003871297e-01 2.238766033102665176e+01
1.601863948946401217e-01 5.650276458389755230e-02 -9.854682843283435467e-01 -8.211245020960388885e+00 1.100236691249868205e-02 9.981961110360316747e-01 5.902094350334498307e-02 -1.893157096072517476e-01 9.870254725517487726e-01 -2.029683685907537199e-02 1.592757736705133764e-01 2.245180439646054893e+01
1.157322281532510433e-01 5.769014761119964363e-02 -9.916036915125914231e-01 -8.867331703895638739e+00 1.373189006750619515e-02 9.981235747620728072e-01 5.967214284249942186e-02 -1.667104490862841848e-01 9.931855332653201085e-01 -2.052258398733717085e-02 1.147228719165772071e-01 2.249822130992489022e+01
7.491758931251436826e-02 5.672579110216005582e-02 -9.955749706308204550e-01 -9.497278258576288934e+00 1.397446352303667767e-02 9.982229370060655693e-01 5.792825164053092002e-02 -1.473787897130221791e-01 9.970918143765642450e-01 -1.825247211041465881e-02 7.399174494553843739e-02 2.253226291067593579e+01
3.947196586184437833e-02 5.214959904596874057e-02 -9.978588907852833367e-01 -1.015842219553707260e+01 1.126938953387980266e-02 9.985504114631187367e-01 5.263151689713254505e-02 -1.023973446222204292e-01 9.991571357925198571e-01 -1.332273096086957279e-02 3.882705501605470538e-02 2.251322791638103382e+01
1.013244690764313581e-02 5.202387268665528697e-02 -9.985944286334840214e-01 -1.081617983892533985e+01 9.246468070618636681e-03 9.985981317851935213e-01 5.211788533420384784e-02 -6.402192286803755350e-02 9.999059223987639689e-01 -9.761554153287469934e-03 9.637206884427885686e-03 2.249990473193822282e+01
-1.111704905861597356e-02 5.594381703302161307e-02 -9.983720164850806711e-01 -1.154715659783349224e+01 7.681504130295130177e-03 9.984090419993986165e-01 5.586035530333863935e-02 -2.890403336632203779e-02 9.999087073547380244e-01 -7.047997380813457446e-03 -1.152909355237277146e-02 2.246671884529370899e+01
-2.430403164242804850e-02 6.189965302221869803e-02 -9.977864149115371895e-01 -1.228521000319836354e+01 8.603702439444530642e-03 9.980572312112004907e-01 6.170688348042970006e-02 1.283706788622458739e-02 9.996675985995562286e-01 -7.084932289246308711e-03 -2.478937931427666747e-02 2.244392138234811185e+01
-3.173334428065598123e-02 6.517815289706939408e-02 -9.973689317645761943e-01 -1.301320080867227880e+01 9.470492893598945333e-03 9.978463098197195569e-01 6.490802473712568854e-02 3.691164802141366774e-02 9.994515105635408680e-01 -7.385827615004866668e-03 -3.228226831285487680e-02 2.240728367294209988e+01
-3.628708028992750495e-02 6.258010521267005910e-02 -9.973800484507623354e-01 -1.377696813560074851e+01 9.724704556630702282e-03 9.980122144684848706e-01 6.226596042740590448e-02 7.315620923489769833e-02 9.992940984859642883e-01 -7.439777324526307585e-03 -3.682352098177130162e-02 2.236450527150095624e+01
-3.582089442743373320e-02 5.779302371468080651e-02 -9.976857284418207961e-01 -1.456055356451918392e+01 1.631998732803432994e-02 9.982271384132312964e-01 5.723843184556729607e-02 1.469986896107394192e-01 9.992249691030007375e-01 -1.423188760821223614e-02 -3.670056894472911724e-02 2.235415334847402136e+01
-3.151224775454899291e-02 5.660503336688326587e-02 -9.978992089535231313e-01 -1.537484536076447306e+01 2.814023351142042051e-02 9.980495275212503126e-01 5.572492968997824064e-02 1.220079768109586377e-01 9.991071628400568505e-01 -2.632510006793713220e-02 -3.304366142860289124e-02 2.233381231657909893e+01
-2.547928966145696431e-02 5.668246800413947323e-02 -9.980670750983888784e-01 -1.620306190489279174e+01 2.980435323110140061e-02 9.979904616209633872e-01 5.591725097041351511e-02 1.771534840210618189e-01 9.992309661249222374e-01 -2.832201293678744333e-02 -2.711747093815942283e-02 2.229959443781925543e+01
-2.045734684163786482e-02 5.533853430935059547e-02 -9.982580459698638942e-01 -1.706466366497821241e+01 2.779390611192023713e-02 9.981125907830987742e-01 5.476088769650016425e-02 2.648636549262132212e-01 9.994043291267616924e-01 -2.662522903311466405e-02 -2.195680807240723426e-02 2.228635114777019410e+01
-1.717127594238913174e-02 5.003644617517716969e-02 -9.985997617093931300e-01 -1.791630312739729902e+01 3.147549419324038866e-02 9.982790729604180680e-01 4.947914382622712465e-02 2.411348825197832113e-01 9.993570222289032134e-01 -3.058180210286509659e-02 -1.871664588907185831e-02 2.226686971909716206e+01
-1.508519023969133281e-02 3.897430500580861823e-02 -9.991263300094656019e-01 -1.879546963446723851e+01 2.925173397718765222e-02 9.988295464922254396e-01 3.852107275500806643e-02 2.647890163184642986e-01 9.994582484648253384e-01 -2.864508101287016259e-02 -1.620759831747014060e-02 2.225164150766756421e+01
-1.436965203265568210e-02 3.045432059963590690e-02 -9.994328542637792578e-01 -1.969924820450143343e+01 2.198511265367060485e-02 9.993040472931669083e-01 3.013429665052031262e-02 3.173566168947222765e-01 9.996550331255142918e-01 -2.153962557119725937e-02 -1.502919169451268425e-02 2.222540393406397996e+01
-1.595797504827826951e-02 2.694345150662707730e-02 -9.995095678272917228e-01 -2.062799981856205989e+01 1.593721017365667958e-02 9.995167293626925353e-01 2.668919288795721517e-02 3.190590480540057006e-01 9.997456505020136941e-01 -1.550348955840265448e-02 -1.637966506876278178e-02 2.218080181739122736e+01
-1.946197496560711504e-02 3.267971551856042878e-02 -9.992763634054825372e-01 -2.156164763240496995e+01 7.059997205345895817e-03 9.994452467623824443e-01 3.254773624432680257e-02 3.528114030302458293e-01 9.997856796865770557e-01 -6.421446004813924358e-03 -1.968189566448314692e-02 2.215839017951599388e+01
-2.368925094786192287e-02 4.114138380843423981e-02 -9.988724586662193206e-01 -2.255140379396473804e+01 1.838043570180722440e-03 9.991529629368745002e-01 4.110934471453792094e-02 4.151665818650148165e-01 9.997176893123836949e-01 -8.621223710019566919e-04 -2.374480352257038809e-02 2.210227831446764313e+01
-2.837420739162172315e-02 5.019005014955185695e-02 -9.983365394475058885e-01 -2.352402579592347109e+01 3.327693083259650316e-04 9.987390880779748459e-01 5.020082843400013040e-02 4.112230105585908402e-01 9.995973244063522944e-01 1.092192115505284233e-03 -2.835513031550803559e-02 2.207010500970695333e+01
-3.059019824841534632e-02 6.012481071677561184e-02 -9.977220202545374894e-01 -2.453503639740240416e+01 -9.946232288950082340e-04 9.981868458347751272e-01 6.018331565215033485e-02 4.913098045395328239e-01 9.995315241838250708e-01 2.833376221620597171e-03 -3.047493056127658848e-02 2.204720035471982698e+01
-3.128838322030656760e-02 6.787256502324021112e-02 -9.972032565124273606e-01 -2.555569192787817556e+01 9.623272667246479195e-04 9.976933195684192235e-01 6.787572435348179778e-02 5.215444729257044942e-01 9.995099440944583691e-01 1.164084937239095487e-03 -3.128152512997724871e-02 2.200834997594434839e+01
-3.255588541604816089e-02 6.974586718359609971e-02 -9.970334052318160500e-01 -2.657744633365825138e+01 2.578145460722488808e-03 9.975647464019299360e-01 6.969885105441273043e-02 5.509072785558258856e-01 9.994666001589752602e-01 -3.013902074223369690e-04 -3.265641716063424210e-02 2.197085149748375699e+01
-3.430746673952782266e-02 6.641981432206033042e-02 -9.972017793824629051e-01 -2.758512553798800937e+01 9.702972749486702330e-04 9.977909043529226141e-01 6.642567017036474231e-02 6.191856843310794556e-01 9.994108632549132398e-01 1.311313450224126141e-03 -3.429612382016578032e-02 2.191843433283241538e+01
-3.726622779988822409e-02 6.175695756696157612e-02 -9.973952522802799203e-01 -2.864750180610819896e+01 -1.278748601324859171e-03 9.980847960850316447e-01 6.184742985795541742e-02 6.746964538469788497e-01 9.993045633892342350e-01 3.580237367610934751e-03 -3.711588234329335489e-02 2.186612208239226263e+01
-4.154122646583437162e-02 5.623330012353130319e-02 -9.975530689037457321e-01 -2.965015523381647711e+01 -1.670991391356189135e-03 9.984096121271885949e-01 5.635116823776419037e-02 6.896206211372339911e-01 9.991354020524714219e-01 4.007798414251165404e-03 -4.138119303515300912e-02 2.181892258727278744e+01
-4.739745398327547404e-02 5.202150380177589239e-02 -9.975205398029860504e-01 -3.068785804099812609e+01 -8.077713609914037498e-04 9.986405913862868022e-01 5.211829531553878458e-02 7.405089335969278208e-01 9.988757911791266153e-01 3.276042207389512524e-03 -4.729099858823476027e-02 2.175229734350946487e+01
-5.402824530505328376e-02 4.938282247189697272e-02 -9.973175363959960738e-01 -3.172115890906599134e+01 -2.604846034113371053e-03 9.987659814553059290e-01 4.959565541875822492e-02 7.767618356239590627e-01 9.985360187926000108e-01 5.277424067156130660e-03 -5.383293739309669146e-02 2.168929779885047537e+01
-6.053680015718920782e-02 5.195525623935597082e-02 -9.968128861780635175e-01 -3.278436812942204881e+01 -1.823025398955988507e-03 9.986370221566132077e-01 5.216104412166558402e-02 8.092421434354872822e-01 9.981643099917104633e-01 4.974877110616748345e-03 -6.035957268240142032e-02 2.163025138174818096e+01
-6.689963868137371872e-02 5.673478532173888839e-02 -9.961453635807696605e-01 -3.383609640649207506e+01 -3.155016272371987882e-03 9.983650176024947420e-01 5.707308878640512950e-02 8.431484542940367310e-01 9.977547301553691961e-01 6.961023063015904337e-03 -6.661125837354876789e-02 2.153552176120523853e+01
-7.297888382946161878e-02 5.995159736179384025e-02 -9.955299450151138263e-01 -3.490322968119628655e+01 -5.543292172445291564e-03 9.981518441526587848e-01 6.051584825635266535e-02 9.063095718074929419e-01 9.973180895537306911e-01 9.934891650484774933e-03 -7.251167685360607185e-02 2.145089671597510517e+01
-7.763778483838780498e-02 6.164747452949847356e-02 -9.950738395738087938e-01 -3.595169919214131227e+01 -8.651653611368397348e-03 9.980071998679853618e-01 6.250422280331237312e-02 9.511867770513146025e-01 9.969441010273119019e-01 1.346172285034823168e-02 -7.694971425101992946e-02 2.135627946630614460e+01
-8.079822718706342055e-02 6.349087356640156776e-02 -9.947062573584340983e-01 -3.703906794092159060e+01 -1.289331075015276613e-02 9.978190725247003678e-01 6.473685979194723772e-02 9.972118239513648730e-01 9.966470921715381293e-01 1.805567969870034220e-02 -7.980340314761288911e-02 2.126029713337526772e+01
-8.203271921022052549e-02 6.436725708105105193e-02 -9.945488787245881923e-01 -3.810541199486259956e+01 -1.668516963540369810e-02 9.976836579500403257e-01 6.594637026683880521e-02 1.068463471444949908e+00 9.964899675374953025e-01 2.200397617576797804e-02 -8.076872336725478274e-02 2.115872015312804777e+01
-8.389247576592614997e-02 6.398239334385524835e-02 -9.944185682281396765e-01 -3.918229927456907546e+01 -1.804458444248085991e-02 9.976753139197271913e-01 6.571423702882742135e-02 1.105356759163258706e+00 9.963114286148754273e-01 2.345679922546935192e-02 -8.254291499351863737e-02 2.105199705058844017e+01
-8.545141528205037196e-02 6.375363006427457735e-02 -9.943005145686759638e-01 -4.026130270324738802e+01 -1.819824234475891575e-02 9.976843405421229605e-01 6.553457556110091342e-02 1.154528120087953802e+00 9.961761374907025512e-01 2.369454332436728844e-02 -8.409333349178807482e-02 2.095711012788954264e+01
-8.607022840347375303e-02 6.304178758916280378e-02 -9.942925282799977005e-01 -4.133320587696787385e+01 -1.954794280486609609e-02 9.976970489876736403e-01 6.494979875557653493e-02 1.196220997228153671e+00 9.960972899356838051e-01 2.502661686577302425e-02 -8.463967422398627205e-02 2.085116968151424643e+01
-8.742823960116190285e-02 6.228225525752666136e-02 -9.942219101380432855e-01 -4.243662925838928857e+01 -2.109936544874667017e-02 9.977039389969158956e-01 6.435578355351460889e-02 1.256376963452280560e+00 9.959473565393111016e-01 2.660396367669227990e-02 -8.591338156363305389e-02 2.074336957955783589e+01
-8.807673677355334907e-02 6.022874483146255231e-02 -9.942911896087049950e-01 -4.350940280980532293e+01 -2.522206643363047313e-02 9.977155245762248104e-01 6.267040278046732971e-02 1.307149900156661548e+00 9.957943327318528048e-01 3.059788243951185732e-02 -8.635643282892913053e-02 2.064945388967436912e+01
-8.814768324302849067e-02 5.522246267873107822e-02 -9.945755117364966091e-01 -4.459358142594955154e+01 -3.148783142226983106e-02 9.978086623953008605e-01 5.819269491528122895e-02 1.339362387346278327e+00 9.956096221432645388e-01 3.644657677780158145e-02 -8.621568491473147189e-02 2.052809988476501601e+01
-8.781713853088826682e-02 5.396621551879761391e-02 -9.946737056698243817e-01 -4.569478800910061267e+01 -3.345531467199860942e-02 9.978083371679812297e-01 5.708996605803379892e-02 1.389866429036064055e+00 9.955746628921127162e-01 3.829059878408413303e-02 -8.581921485109439418e-02 2.041226666644628196e+01
-8.566270467184634863e-02 5.781584209056905843e-02 -9.946452696391051562e-01 -4.681110654156252338e+01 -3.311335669970768419e-02 9.975981561260286457e-01 6.083933367849188312e-02 1.461574925999580055e+00 9.957737815047434937e-01 3.814770497900216162e-02 -8.354247822741087126e-02 2.030422910046966223e+01
-8.422723537534228255e-02 6.182832730653715220e-02 -9.945265274223551444e-01 -4.790602670508508965e+01 -3.317947016315115488e-02 9.973456384137467934e-01 6.481358122890949758e-02 1.518306971775581937e+00 9.958940269319275229e-01 3.845693150691112394e-02 -8.195223329580167415e-02 2.022158706696061259e+01
-8.235322777137824013e-02 6.153708680904949185e-02 -9.947015209585773343e-01 -4.902476584190596753e+01 -3.102638040898457808e-02 9.974497383912958037e-01 6.427583614919767097e-02 1.554392200469101093e+00 9.961201367788987682e-01 3.615530983807143522e-02 -8.023393103083527322e-02 2.011323772882711225e+01
-8.004885636207222099e-02 6.080669970798316393e-02 -9.949345248956583676e-01 -5.012145434511557340e+01 -3.086941299192880531e-02 9.975076348299293238e-01 6.344759892375910482e-02 1.591246800143795603e+00 9.963128410504203947e-01 3.579195195928647905e-02 -7.797227685355294369e-02 2.002118064882618498e+01
-7.608012599580346591e-02 6.123224081659400797e-02 -9.952197797776041188e-01 -5.125006222759235186e+01 -3.484981864597685303e-02 9.973394922338392199e-01 6.402677089333089211e-02 1.648184950141891036e+00 9.964925096940751015e-01 3.955439314604713985e-02 -7.374378034094801471e-02 1.991712496185023440e+01
-7.036925112784245262e-02 6.192710975339521529e-02 -9.955968985984209318e-01 -5.238444425597818110e+01 -4.025634155127079394e-02 9.970817340160944564e-01 6.486480315133562324e-02 1.716789918653144342e+00 9.967083890337157248e-01 4.464357597633748093e-02 -6.767093465343036740e-02 1.982551775580201792e+01
-6.491009681482634575e-02 6.194041313995705955e-02 -9.959668907428854689e-01 -5.350291937924509966e+01 -4.355687239935770311e-02 9.969446223943699836e-01 6.483994744980052516e-02 1.764640476710940709e+00 9.969400661573228906e-01 4.758996962341302539e-02 -6.201383988601164021e-02 1.974568072892881432e+01
-5.864170687238652591e-02 6.118820508036411365e-02 -9.964020958702870523e-01 -5.462444928434619840e+01 -4.522513565124797186e-02 9.969321566243721788e-01 6.388240946212722648e-02 1.820339076830898684e+00 9.972541574917257456e-01 4.880859307257810059e-02 -5.569455702398259933e-02 1.966888948220281819e+01
-5.308856441604509202e-02 6.058219402264164444e-02 -9.967504125688811945e-01 -5.573573955638773469e+01 -4.502624611877936722e-02 9.969976019361255215e-01 6.299538824338359044e-02 1.858769913105126514e+00 9.975741871186909471e-01 4.822426370985861965e-02 -5.020138123268789304e-02 1.961292690497764823e+01
-4.832259878513792822e-02 6.051568409859210684e-02 -9.969968712436713121e-01 -5.687262616128153780e+01 -4.312529262653175266e-02 9.971057540110966899e-01 6.261249472397105442e-02 1.906526171562313188e+00 9.979003722328355641e-01 4.602137984849082042e-02 -4.557298330972893441e-02 1.955066571445316725e+01
-4.246780705583730331e-02 6.105594092346790930e-02 -9.972304850281493716e-01 -5.802605894845152790e+01 -4.239387020626859959e-02 9.971218836858459778e-01 6.285466476967675742e-02 1.961866860278563829e+00 9.981980076387280132e-01 4.494575907975281726e-02 -3.975718072972565797e-02 1.950000276677528177e+01
-3.689538578688084797e-02 6.274067520055678915e-02 -9.973476429996602777e-01 -5.916872992072800486e+01 -4.055878229968427895e-02 9.971108173735407920e-01 6.422618693485802888e-02 2.001920815882844096e+00 9.984957350976562118e-01 4.282085540827657022e-02 -3.424410148884846766e-02 1.945414441835220387e+01
-3.173158446952550199e-02 6.349776492086442459e-02 -9.974773797927408703e-01 -6.030283654181524611e+01 -4.224062194935387232e-02 9.970031204250540124e-01 6.481132429148697693e-02 2.071174294887497158e+00 9.986034516881900913e-01 4.419063045975264725e-02 -2.895430224578692674e-02 1.940980686415420564e+01
-2.528011582446708372e-02 6.332237861140488366e-02 -9.976728797033501683e-01 -6.145829632537767395e+01 -4.177208881485017233e-02 9.970532893015189302e-01 6.434151789467346116e-02 2.116825579935929014e+00 9.988073015634140184e-01 4.330144070048812938e-02 -2.256051320935039892e-02 1.936125173321885384e+01
