9.999999999999997780e-01 -1.179437378800895267e-19 4.513296021473010816e-20 0.000000000000000000e+00 2.410750703817041256e-18 1.000000000000000000e+00 3.393380551570677611e-19 0.000000000000000000e+00 1.704598014230834765e-20 -9.899396815885539085e-19 1.000000000000000000e+00 5.551115123125782702e-17
9.999982910234167521e-01 1.223304571349667809e-03 1.387117500574603680e-03 -8.749224559852809835e-03 -1.217081754090671266e-03 9.999892330202665436e-01 -4.478377682973003204e-03 -2.074786933604835792e-02 -1.392579946838109128e-03 4.476681480327326240e-03 9.999890107013057472e-01 9.607625075944923321e-01
9.999976140807987912e-01 -4.244368343245116999e-04 2.143929428447087851e-03 -3.605071614390555415e-03 4.360652632082352297e-04 9.999851838652891178e-01 -5.426597625132079800e-03 -4.320957648630224107e-02 -2.141592161715711890e-03 5.427519344906562952e-03 9.999829787320588803e-01 1.912616147033716185e+00
9.999949723240368904e-01 -2.012152024802418056e-03 2.452064886418109380e-03 -3.345477058856386257e-03 2.017981577450417632e-03 9.999951434535551131e-01 -2.377551684121064803e-03 -5.841977149246356527e-02 -2.447268862967459050e-03 2.382487772725028034e-03 9.999941706960744359e-01 2.871778974953998809e+00
9.999789500904047168e-01 -6.352444300240051196e-03 1.325024009534242703e-03 -1.689111244737523734e-03 6.349188966965063109e-03 9.999768648344621313e-01 2.445610606915883840e-03 -6.889744889967643060e-02 -1.340523908026374942e-03 -2.437146140596524284e-03 9.999961389125884281e-01 3.820081595789078133e+00
9.999673863965008458e-01 -8.076360179361344663e-03 9.621324104915009081e-05 1.405730981276111582e-03 8.076005525990371733e-03 9.999621594476202358e-01 3.237707494313778536e-03 -9.323268975394574665e-02 -1.223541901813538749e-04 -3.236824298421396226e-03 9.999947621383483698e-01 4.756122568483914570e+00
9.999441585434056812e-01 -1.054541919805838945e-02 -6.978030236756422710e-04 -8.746736316966614161e-04 1.054579456694237048e-02 9.999442615545853785e-01 5.382150550137541683e-04 -1.109752643122522975e-01 6.920905294219992102e-04 -5.455435502484180148e-04 9.999996212380123373e-01 5.702432441840624477e+00
9.999551307303342629e-01 -9.313549441344742830e-03 -1.735676446646629636e-03 -8.301525106268020995e-03 9.308881010665541120e-03 9.999531033298763028e-01 -2.678077077219779677e-03 -1.296955078699395247e-01 1.760541989786117666e-03 2.661799672676305132e-03 9.999949178556960527e-01 6.626532463786412919e+00
9.999545295543278423e-01 -9.159790170685496238e-03 -2.657574635828937031e-03 -1.183904297234540139e-02 9.150173573447379152e-03 9.999516487410683441e-01 -3.608071367962849448e-03 -1.475288417384302830e-01 2.690500353290429646e-03 3.583589991977454477e-03 9.999899697461279713e-01 7.555235786266039533e+00
9.999535975980802238e-01 -9.084575773760704062e-03 -3.209547986806253993e-03 -1.768268150270992101e-02 9.078002199757325211e-03 9.999567026452269580e-01 -2.056493560600108818e-03 -1.662359104962210510e-01 3.228095443276295714e-03 2.027261858692208304e-03 9.999927452115194848e-01 8.490993853849461814e+00
9.999460494818346312e-01 -9.494338109850480878e-03 -4.217692363958336875e-03 -2.845450402093824965e-02 9.495756630650352415e-03 9.999548920291345677e-01 3.166646448036167802e-04 -1.824096221421220299e-01 4.214494998247148190e-03 -3.566973530415300415e-04 9.999910679968023741e-01 9.403686554039230927e+00
9.999397892460760717e-01 -9.604766473994472836e-03 -5.310511213704484194e-03 -3.462608947718585212e-02 9.614222504010946219e-03 9.999522697302108964e-01 1.757998622765067145e-03 -1.984978932705748766e-01 5.293368136311940586e-03 -1.808948259673285588e-03 9.999843705581522579e-01 1.032253023158624927e+01
9.999181711381277537e-01 -1.140015721856804838e-02 -5.808061369569818104e-03 -4.175728643216473912e-02 1.141514401284251905e-02 9.999316222645533436e-01 2.553788576696231546e-03 -2.166554313843754298e-01 5.778547294374216173e-03 -2.619879564357021056e-03 9.999798889571377414e-01 1.124819932170120573e+01
9.999253050857673797e-01 -1.020838842149267116e-02 -6.725075798833514591e-03 -5.053384513040209275e-02 1.022457254579406567e-02 9.999449455371233197e-01 2.376572403559897712e-03 -2.333563732542255909e-01 6.700441597007196839e-03 -2.445156085956909971e-03 9.999745792329063354e-01 1.214698270457490814e+01
9.999145832018232483e-01 -1.079443750029579659e-02 -7.373019076854642195e-03 -5.869860448016740728e-02 1.080212130487745101e-02 9.999411963090190092e-01 1.003149345409330966e-03 -2.472894301717816212e-01 7.361752144038283090e-03 -1.082708205457415121e-03 9.999723341241318897e-01 1.304750912234869986e+01
9.999018709512808023e-01 -1.099056807571285529e-02 -8.689718168379415367e-03 -6.691033642600359432e-02 1.098236086376902683e-02 9.999392451546171845e-01 -9.916724703695545869e-04 -2.679180134031177718e-01 8.700084024317170095e-03 8.961410730582569650e-04 9.999617711493217209e-01 1.395941922784526135e+01
9.998810882939528355e-01 -1.149547839499087676e-02 -1.028232793594636291e-02 -7.844495749960880837e-02 1.147356800503658916e-02 9.999318329650005444e-01 -2.187592743984235685e-03 -2.854614043933916823e-01 1.030676540686525401e-02 2.069359647621122743e-03 9.999447642337009334e-01 1.485578302294683439e+01
9.998661728011153382e-01 -1.109578363784300900e-02 -1.202464368978224153e-02 -9.206549981045866748e-02 1.106213437272284342e-02 9.999347716485351700e-01 -2.861545495476220877e-03 -3.036631272254611269e-01 1.205560249097940330e-02 2.728143082775928187e-03 9.999236294022413318e-01 1.574833704739076978e+01
9.998612324414317687e-01 -1.019855819812197709e-02 -1.317515633315152930e-02 -1.064737905408039143e-01 1.015162187337513566e-02 9.999419584240842873e-01 -3.624716693681463448e-03 -3.247345056691670062e-01 1.321135110529275160e-02 3.490464321462442149e-03 9.999066566976421155e-01 1.664734854553659460e+01
9.998511673373303710e-01 -8.735758299780993150e-03 -1.487988061421157207e-02 -1.267595054153517753e-01 8.680006955114215675e-03 9.999551372861682497e-01 -3.807461990964293094e-03 -3.431067802396947641e-01 1.491246628112254113e-02 3.677737762933685345e-03 9.998820619814348110e-01 1.752869017668804830e+01
9.998203105379445121e-01 -9.477391012151423905e-03 -1.641993976821258874e-02 -1.474367104539394957e-01 9.429111818826899083e-03 9.999510616024438470e-01 -3.015399434809805553e-03 -3.619716552798639686e-01 1.644771061818978142e-02 2.860032295254950896e-03 9.998606609886496743e-01 1.841584133005962087e+01
9.997965146430329852e-01 -1.001665623588614794e-02 -1.751262180118000680e-02 -1.675436937743921273e-01 9.984562548265707785e-03 9.999483782038637303e-01 -1.919255239981659464e-03 -3.822065962749695567e-01 1.753093992925402328e-02 1.744009306728013355e-03 9.998448246595278421e-01 1.931069680384664267e+01
9.997805335422708106e-01 -8.800419710619431651e-03 -1.901421427047827323e-02 -1.890833978387456704e-01 8.777121104238503821e-03 9.999606945633209287e-01 -1.308635355552581567e-03 -4.008939151575258153e-01 1.902497877640593402e-02 1.141460721887829636e-03 9.998183823621149546e-01 2.017974266340163680e+01
9.997439986006936286e-01 -9.273739595352532492e-03 -2.064086500792558510e-02 -2.111238290053055744e-01 9.244227119151834926e-03 9.999561826705368750e-01 -1.524955279769502634e-03 -4.207739121953729677e-01 2.065409619946248151e-02 1.333758388091798490e-03 9.997858172572060553e-01 2.105436709416485641e+01
9.997138767023752148e-01 -9.033411225302465791e-03 -2.215113728717827205e-02 -2.335888400581002111e-01 8.993464330680628338e-03 9.999578232796565436e-01 -1.902484314146859860e-03 -4.397408464319001453e-01 2.216738204263785095e-02 1.702726749906353487e-03 9.997528498938937913e-01 2.192724625302201602e+01
9.996841952823576349e-01 -9.413282612808155161e-03 -2.330277828090291520e-02 -2.577715404308494329e-01 9.378903595882823185e-03 9.999548404242694088e-01 -1.584429679248834742e-03 -4.568917178658685740e-01 2.331663629780751992e-02 1.365373052489768195e-03 9.997272274006986370e-01 2.277760654508373150e+01
9.996598181575488962e-01 -9.463617072861901097e-03 -2.430657756631249625e-02 -2.804967429374227161e-01 9.469728806789822623e-03 9.999552320008724404e-01 1.360466910090909489e-04 -4.695799068757178230e-01 2.430419876672359689e-02 -3.661796392364443276e-04 9.997045732620791769e-01 2.364418381406790459e+01
9.996240807917544657e-01 -1.041927016884799419e-02 -2.536263082447530459e-02 -3.057548553214997078e-01 1.048946459274279798e-02 9.999415942173061067e-01 2.635783781245070855e-03 -4.857331209587885668e-01 2.533368687718526649e-02 -2.900837894697959243e-03 9.996748755811537546e-01 2.448221667973308513e+01
9.996029832519118807e-01 -1.068132041390917365e-02 -2.607526628816615732e-02 -3.299002679656602433e-01 1.079501513363245561e-02 9.999329007198195507e-01 4.222872486588463876e-03 -5.005335206613734655e-01 2.602841120631722502e-02 -4.502683490116798221e-03 9.996511011931873414e-01 2.532165954169738598e+01
9.996032053681637164e-01 -9.628006893032838368e-03 -2.647392704175070138e-02 -3.564656129169379573e-01 9.718952849233582214e-03 9.999473831341885166e-01 3.308286963235145851e-03 -5.150685721657618510e-01 2.644068243782327077e-02 -3.564277482323039391e-03 9.996440685275711502e-01 2.614692596757457466e+01
9.995917967501055656e-01 -7.973129470170968805e-03 -2.743732892962439524e-02 -3.833380690655877054e-01 7.989565639220591944e-03 9.999680508448040017e-01 4.890050497026002555e-04 -5.342020709931454281e-01 2.743255475041706318e-02 -7.080218443164345600e-04 9.996234453155934396e-01 2.695525315426919732e+01
9.995690101323501109e-01 -7.978996785170966791e-03 -2.825369483169375140e-02 -4.107446309349444546e-01 7.943857798963841615e-03 9.999676172367080174e-01 -1.356125127798784918e-03 -5.487305348273578964e-01 2.826359933925988444e-02 1.131091382477794963e-03 9.995999055640896191e-01 2.774987950117639812e+01
9.995514817132998830e-01 -7.408467258021679720e-03 -2.901893869219368191e-02 -4.386378589118626325e-01 7.364099015423710738e-03 9.999716393664244141e-01 -1.635943121649118676e-03 -5.644506166735441255e-01 2.903023224578542630e-02 1.421507922539077921e-03 9.995775651602000211e-01 2.854488225864500706e+01
9.995059847387711693e-01 -8.246482270048725860e-03 -3.033051609120724149e-02 -4.717586548367008747e-01 8.185431017541086596e-03 9.999643133727291744e-01 -2.136885526315120652e-03 -5.839821488533954996e-01 3.034705365892124973e-02 1.887558320459775370e-03 9.995376820797605699e-01 2.932623788591788383e+01
9.994516896076053314e-01 -7.907884663538027048e-03 -3.215510545127704678e-02 -4.997235262551488755e-01 7.817243335653525568e-03 9.999652101079191668e-01 -2.944017014157591060e-03 -6.013433199525283213e-01 3.217726566925275394e-02 2.691031921601533348e-03 9.994785996763771996e-01 3.010129623070881877e+01
9.993921069024988002e-01 -7.326147153124841667e-03 -3.408684339012658243e-02 -5.269662693103178697e-01 7.224944129630084082e-03 9.999692215848992038e-01 -3.091574700936760602e-03 -6.226858652294988694e-01 3.410843958138420201e-02 2.843412609139794617e-03 9.994141380773425842e-01 3.087871259981082872e+01
9.993179412430830411e-01 -7.376190028508262074e-03 -3.618581424197630375e-02 -5.590112673003134747e-01 7.306352328721186021e-03 9.999712847673084548e-01 -2.062173353573423188e-03 -6.354727266426275500e-01 3.619998241968894886e-02 1.796373554032396330e-03 9.993429981816295271e-01 3.163362760962584019e+01
9.992391537645952670e-01 -8.117686564947658792e-03 -3.814954002272665651e-02 -5.909368484687532730e-01 8.122121114250835730e-03 9.999671213200560516e-01 -3.907099279219563843e-05 -6.506085091011298838e-01 3.814860146484524289e-02 -2.708208442690896562e-04 9.992720909355808923e-01 3.237939213381452674e+01
9.991657179207331652e-01 -7.735823760045148524e-03 -4.010238413374106470e-02 -6.278148490202056786e-01 7.801460722458296825e-03 9.999685845581810506e-01 1.480184905319159323e-03 -6.626162517246344530e-01 4.008966716556935928e-02 -1.791813479442184911e-03 9.991945322966205856e-01 3.312745643779006599e+01
9.990883231718722390e-01 -7.023026133326979586e-03 -4.211156942113091634e-02 -6.632755162277407246e-01 7.098975470889110247e-03 9.999735505698768012e-01 1.653965806664947592e-03 -6.802617264771922967e-01 4.209883502044792919e-02 -1.951411524084919894e-03 9.991115990125384316e-01 3.384736833769319730e+01
9.990355182990564575e-01 -3.689488429111480172e-03 -4.375628893557184651e-02 -7.048371211520667590e-01 3.734020006085235401e-03 9.999927108307128387e-01 9.357446360011885270e-04 -6.955255346641125991e-01 4.375251275019963193e-02 -1.098233562507321646e-03 9.990418503614377777e-01 3.456575020376527618e+01
9.989582004829447026e-01 -1.773576665243220118e-03 -4.560227642369402146e-02 -7.459238199402453695e-01 1.787908894490915310e-03 9.999984885731209028e-01 2.732385056452551336e-04 -7.068655708336296639e-01 4.560171985174964887e-02 -3.544894058002224591e-04 9.989596921776480176e-01 3.526488672969876603e+01
9.988892151830209842e-01 -9.325855072446756142e-04 -4.711337483026310086e-02 -7.828932083404315234e-01 9.913422424694714585e-04 9.999988885581306830e-01 1.223438852343501637e-03 -7.188541327254710511e-01 4.711218064142635997e-02 -1.268789474430361518e-03 9.988888582973551866e-01 3.596464598326257089e+01
9.988443045129408171e-01 2.220503105567447118e-04 -4.806466762804991605e-02 -8.161909486226537336e-01 -8.185625501626530383e-05 9.999958692391799353e-01 2.918355523394232116e-03 -7.290661897601409258e-01 4.806511358597772426e-02 -2.911051202174420437e-03 9.988400240718426915e-01 3.665575741795717590e+01
9.988376368430448293e-01 3.207317710596797444e-03 -4.809679448181895800e-02 -8.569133320206405724e-01 -3.042198243401102523e-03 9.999893620039859155e-01 3.505489197421925249e-03 -7.409825562344142247e-01 4.810752147858527589e-02 -3.355094278917241171e-03 9.988365904963815156e-01 3.732386155083425194e+01
9.988784889596821204e-01 6.236825782652583028e-03 -4.693700826897542061e-02 -8.990486955188778939e-01 -6.156946523983135473e-03 9.999794770022800705e-01 1.845851964403282409e-03 -7.568967289355874595e-01 4.694755387821106934e-02 -1.554791875928971528e-03 9.988962097475113655e-01 3.798056738953374634e+01
9.989467848292528096e-01 8.175881778415336823e-03 -4.515189651462220288e-02 -9.305363424585215704e-01 -8.251112325604050349e-03 9.999649999941228051e-01 -1.480392316709668770e-03 -7.719849145054692441e-01 4.513820872056212297e-02 1.851386568880909397e-03 9.989791024319575330e-01 3.865343683187273882e+01
9.990361403693590603e-01 8.613974784910199273e-03 -4.304430857139539268e-02 -9.608872066506849441e-01 -8.754776214128290324e-03 9.999570592620470322e-01 -3.083994923819246420e-03 -7.859358118413267702e-01 4.301589042063062168e-02 3.457863023954421602e-03 9.990684715626464429e-01 3.929092691830450690e+01
9.991489401812874149e-01 9.574927101644099825e-03 -4.012406397916382095e-02 -9.904983740478314758e-01 -9.688338931139860860e-03 9.999497384239854902e-01 -2.633435655547429217e-03 -7.980137511171884190e-01 4.009682925404484122e-02 3.019926862893831075e-03 9.991913033880299722e-01 3.993000465431497048e+01
9.992421696520992214e-01 1.338087502645961095e-02 -3.655501279459385383e-02 -1.016810114608586391e+00 -1.338811957591415705e-02 9.999105162476926711e-01 4.613905644236344434e-05 -8.123120860889212480e-01 3.655235506651127037e-02 4.432979459000229621e-04 9.993317099484161359e-01 4.056681669856455841e+01
9.992993901169010540e-01 1.786478394006180484e-02 -3.289101348539126557e-02 -1.047360787589415088e+00 -1.776666558821381886e-02 9.998369531985963343e-01 3.272468191659842675e-03 -8.207018196341402394e-01 3.294410480526955426e-02 -2.685811274751766665e-03 9.994536570199281655e-01 4.118163405386080456e+01
9.993457411509637511e-01 2.240226452222495238e-02 -2.839861069120232229e-02 -1.074559292311666248e+00 -2.228143380553836497e-02 9.997414762684387890e-01 4.563481822335633056e-03 -8.361192713230152229e-01 2.849349141982888620e-02 -3.927728261743040558e-03 9.995863335037602493e-01 4.177666725469045161e+01
9.993864113877165556e-01 2.638806150783903903e-02 -2.303748045382816856e-02 -1.093142805590908928e+00 -2.628274349424793849e-02 9.996428809227482226e-01 4.861677328519709712e-03 -8.440260906377221595e-01 2.315753587912969258e-02 -4.253199166801429482e-03 9.997228539510010226e-01 4.237018577536333197e+01
9.994015383473334735e-01 3.001767064215644237e-02 -1.719771862282904948e-02 -1.114161978767246541e+00 -2.991034741024192756e-02 9.995318454101385086e-01 6.462997668496948608e-03 -8.511917290861570340e-01 1.738366517897643390e-02 -5.944731716545094066e-03 9.998312940481578481e-01 4.293427697869309867e+01
9.993479553385047343e-01 3.461365513915592995e-02 -1.028684338144519005e-02 -1.124235142120936670e+00 -3.453554042921162109e-02 9.993741577959965872e-01 7.674661579597785721e-03 -8.583433125910716610e-01 1.054604877825681720e-02 -7.314385475470766562e-03 9.999177118052333668e-01 4.348919371005673185e+01
9.992822597737540669e-01 3.776574253288746130e-02 -2.996214507498926646e-03 -1.132125747641023583e+00 -3.774268575390274383e-02 9.992602152438184726e-01 7.404474076833834732e-03 -8.700679630386405350e-01 3.273629913443768229e-03 -7.286065592665872531e-03 9.999681734179739490e-01 4.402800685601191333e+01
9.991627442123317548e-01 4.069870159257889947e-02 4.207000044861430345e-03 -1.135405905437590013e+00 -4.072906910401076497e-02 9.991429205903534783e-01 7.408695595500259211e-03 -8.796350883514453267e-01 -3.901874213921842968e-03 -7.573835487140777485e-03 9.999637844821219756e-01 4.452431886638614600e+01
9.989263355414018664e-01 4.474716288709586209e-02 1.200601533646968207e-02 -1.133664127672542099e+00 -4.483296895633010620e-02 9.989702965614010166e-01 6.976802269234762786e-03 -8.868322149401162147e-01 -1.168146152882744947e-02 -7.507571788404666414e-03 9.999036675022701104e-01 4.501347413729933322e+01
9.986072345035880149e-01 4.893254333102198261e-02 1.973513022281062068e-02 -1.132387926247106158e+00 -4.903161966240107694e-02 9.987869413339207636e-01 4.568548567252356599e-03 -8.927282388262066659e-01 -1.948763797258375868e-02 -5.529826636365036026e-03 9.997948888403027645e-01 4.548682675528819175e+01
9.983550175402540194e-01 5.018756191484080587e-02 2.772634495958473111e-02 -1.121532093194967272e+00 -5.025533009898416892e-02 9.987350304168528536e-01 1.752862500838076954e-03 -9.052140589985545605e-01 -2.760329815577999835e-02 -3.143372796266516445e-03 9.996140984424681797e-01 4.591621844540176767e+01
9.980485705081528769e-01 5.119410827629011784e-02 3.575614984488394849e-02 -1.108952073213017142e+00 -5.127168659824054425e-02 9.986841212697281644e-01 1.255907592102108563e-03 -9.078873113183640875e-01 -3.564479787780823472e-02 -3.086732632762319989e-03 9.993598398084493351e-01 4.634601571943782261e+01
9.978017083188253089e-01 4.992038456366208049e-02 4.358896209262520111e-02 -1.088410551215027944e+00 -5.008145795195004940e-02 9.987418947309226747e-01 2.610773726628805129e-03 -9.182186671253586008e-01 -4.340378150004135099e-02 -4.788031230968059666e-03 9.990462231563432827e-01 4.673473156929929218e+01
9.973519262692142062e-01 5.125735554958341100e-02 5.159566081898240425e-02 -1.067020547362511396e+00 -5.149641321153262258e-02 9.986678553401482361e-01 3.314096381377668911e-03 -9.239353967331913609e-01 -5.135704143899523511e-02 -5.962310198483076508e-03 9.986626476052659074e-01 4.711213304423302617e+01
9.966945551554221572e-01 5.401983651200380904e-02 6.068048383514303146e-02 -1.048914423810864971e+00 -5.432934418450357378e-02 9.985172486941128467e-01 3.461478049501313242e-03 -9.330723605495111483e-01 -6.040350576308019248e-02 -6.746762763433668611e-03 9.981513307295644122e-01 4.747073598693322793e+01
9.958670757658726336e-01 5.862230088699064284e-02 6.937218559347509139e-02 -1.028589935661674337e+00 -5.897194360256470536e-02 9.982553098570583483e-01 3.001435114779867248e-03 -9.395013533970928421e-01 -6.907518476091743798e-02 -7.080037060733137232e-03 9.975864245830209365e-01 4.779026220033416905e+01
9.949453457153134561e-01 6.246142878171558749e-02 7.862977099567503014e-02 -1.010983261117030851e+00 -6.289399038503035166e-02 9.980157829908014033e-01 3.034663791646614525e-03 -9.466123725602406669e-01 -7.828418411884859041e-02 -7.964656368227336289e-03 9.968993607908450683e-01 4.809223911213094027e+01
9.941970421320446283e-01 6.201069359516521440e-02 8.790466840822108718e-02 -9.819536922598373074e-01 -6.254424606819830590e-02 9.980368352818290711e-01 3.326009978417501529e-03 -9.536757147303467352e-01 -8.752582550948130591e-02 -8.804632464776260617e-03 9.961234326913495085e-01 4.838643609518137367e+01
9.933089927465266200e-01 6.055330341784304765e-02 9.834054751207492451e-02 -9.481363208375731544e-01 -6.100215393865403984e-02 9.981366013775772039e-01 1.561333714029199300e-03 -9.617347691674039689e-01 -9.806273026162999618e-02 -7.549866018411675525e-03 9.951516903291465210e-01 4.864436847039387146e+01
9.921828680657147626e-01 5.905716425313727036e-02 1.099351334167997379e-01 -9.086263940403992434e-01 -5.916702930452338860e-02 9.982457188827803529e-01 -2.265224206295503827e-03 -9.718799283841113024e-01 -1.098760272664927595e-01 -4.257015415341231304e-03 9.939362794062244211e-01 4.891232160667233586e+01
9.905590322484512100e-01 5.984654182109220427e-02 1.233350065501331583e-01 -8.659296931174632617e-01 -5.956219636917552823e-02 9.982067903385085650e-01 -5.994519710321042673e-03 -9.819519399804552684e-01 -1.234725601119169430e-01 -1.408175772869970505e-03 9.923470859346817941e-01 4.917670201749907477e+01
9.884631049074885656e-01 6.147772445505320094e-02 1.384251178806003013e-01 -8.230172243248287112e-01 -6.091519675129274114e-02 9.981086246398365169e-01 -8.300542101002663861e-03 -9.843504570148329247e-01 -1.386735643664992468e-01 -2.274098649876751864e-04 9.903382193474677964e-01 4.942990033956573370e+01
9.859608219370443738e-01 6.259939513258558352e-02 1.547995844047798109e-01 -7.739373297397477147e-01 -6.185601529744921140e-02 9.980389256455000080e-01 -9.618926542279920486e-03 -9.920869625324536534e-01 -1.550981055212751203e-01 -9.139565797461006024e-05 9.878991698371215602e-01 4.969485319980709193e+01
9.831279201069195173e-01 6.298118763427297540e-02 1.717358612667136686e-01 -7.193250396867111318e-01 -6.205442931422643776e-02 9.980149073063022680e-01 -1.076479360427485404e-02 -9.996784446288142778e-01 -1.720728783665597394e-01 -7.379578615810161084e-05 9.850843231788307675e-01 4.993147886143832892e+01
9.798692886891057219e-01 6.195553825937958475e-02 1.897841831645492860e-01 -6.592412641868928835e-01 -6.081139971176555137e-02 9.980791041730098234e-01 -1.185179487770121783e-02 -1.007587843620364465e+00 -1.901538530291391194e-01 7.217238836639229473e-05 9.817544061740833827e-01 5.017442342609130179e+01
9.761023713956978876e-01 6.046706785542803331e-02 2.087300796324273733e-01 -5.864699994629365420e-01 -5.919279327977827049e-02 9.981703454212258464e-01 -1.235176722581398864e-02 -1.017149453197004672e+00 -2.090949834269160423e-01 -2.987240779620192136e-04 9.778953969126350509e-01 5.042636640146857729e+01
9.716096415047229540e-01 6.029866769115187902e-02 2.287774710748810003e-01 -5.135215698282478147e-01 -5.876044399623681080e-02 9.981805348105879938e-01 -1.353594388883518594e-02 -1.025065124941110906e+00 -2.291773423279362121e-01 -2.914092740827432782e-04 9.733847500058542268e-01 5.066117723129232076e+01
9.663021350932085030e-01 6.201035300837627606e-02 2.498304664121989149e-01 -4.392874073544206781e-01 -6.005146021478100643e-02 9.980757029455894491e-01 -1.546307885569774346e-02 -1.031358323723645443e+00 -2.503085056587960322e-01 -6.067320581131549311e-05 9.681662362244676245e-01 5.090405908259641876e+01
9.600796682850734065e-01 6.315333492174592112e-02 2.725051498399792549e-01 -3.439889861776264102e-01 -6.070716604003030537e-02 9.980040208613344399e-01 -1.740716257158476596e-02 -1.041891758967386616e+00 -2.730604628985935922e-01 1.692548391816166146e-04 9.619969703486334067e-01 5.115514022624723367e+01
9.528032002155895075e-01 6.393711566930734835e-02 2.967801928905154374e-01 -2.600500225730418280e-01 -6.128479679966553767e-02 9.979538030306873697e-01 -1.824215763736195678e-02 -1.052995434479793380e+00 -2.973391708458047455e-01 -8.069191034639506405e-04 9.547716926075940913e-01 5.138208084173208334e+01
9.441957635645984448e-01 6.597441351501098783e-02 3.227105772057806687e-01 -1.658959695923440392e-01 -6.313632214790851349e-02 9.978191261831593772e-01 -1.926635757266480925e-02 -1.061723082913599514e+00 -3.232777600025404374e-01 -2.183536095110604966e-03 9.463017170066347905e-01 5.162303195784932797e+01
9.343476236147554292e-01 6.781066078578570910e-02 3.498522835590366920e-01 -5.388742989088805835e-02 -6.481259545462779437e-02 9.976914666614746796e-01 -2.028454867096642078e-02 -1.074923540974611402e+00 -3.504200229145273959e-01 -3.722002195249387267e-03 9.365853797480211407e-01 5.187592716080157373e+01
9.231054867051394774e-01 6.799014067178166254e-02 3.784890986404534918e-01 5.870099922208632526e-02 -6.460975665953846980e-02 9.976761444149307989e-01 -2.163997326755487394e-02 -1.084806299344588165e+00 -3.790807141142953918e-01 -4.478097743668816959e-03 9.253528956534826655e-01 5.209904032696173459e+01
9.103836478403275478e-01 6.584795811002391863e-02 4.084924331563275501e-01 1.883541331120884843e-01 -6.166851305057809152e-02 9.978223292931173161e-01 -2.340932839840779295e-02 -1.101183603628846930e+00 -4.091441802739428368e-01 -3.879642612354902882e-03 9.124616232813943517e-01 5.232682728244892445e+01
8.955600268281418419e-01 6.286853370747685910e-02 4.404772466741731507e-01 3.453782903793783943e-01 -5.738057308428167608e-02 9.980196290175848972e-01 -2.578172567978146562e-02 -1.117067188778132714e+00 -4.412256377566212140e-01 -2.185749185035748728e-03 8.973936645038321780e-01 5.256650687534358468e+01
8.782394851990107387e-01 6.146018859273930796e-02 4.742557073647447052e-01 4.954147636155811218e-01 -5.398548271287684219e-02 9.981097219610758353e-01 -2.937615859318126743e-02 -1.130155120350839981e+00 -4.751645224502532017e-01 1.963830385801883401e-04 8.798970766516552855e-01 5.277390659368407455e+01
8.587480587091627093e-01 6.274003767440282375e-02 5.085429150076047344e-01 6.713354965477030811e-01 -5.286494448128190721e-02 9.980277034860419727e-01 -3.385871967363769663e-02 -1.142644525068533090e+00 -5.096640237387523031e-01 2.192024097292924901e-03 8.603708549298164643e-01 5.300992426731454543e+01
8.368463011631843695e-01 6.439921922983393721e-02 5.436372439097202358e-01 8.378522932472419749e-01 -5.203468438626967368e-02 9.979179037613218339e-01 -3.811380810856020152e-02 -1.157212095261980211e+00 -5.449596317900494702e-01 3.607414759832271080e-03 8.384546573411781889e-01 5.322373987237250503e+01
8.122692955585311125e-01 6.641194765130910282e-02 5.794898587925544353e-01 1.039224482526923898e+00 -5.217167632662443599e-02 9.977872050828535677e-01 -4.122164565781030049e-02 -1.173554704053900277e+00 -5.809449542817779477e-01 3.250128617143877366e-03 8.139364955401000579e-01 5.345289360720294525e+01
7.849882735342423867e-01 6.983072071279221305e-02 6.155627895124906601e-01 1.270152921513051369e+00 -5.438298944695733189e-02 9.975586459205818546e-01 -4.381390837062264232e-02 -1.193744321210042481e+00 -6.171193021978799154e-01 9.172734794660136835e-04 7.868692073216587701e-01 5.369200425576004676e+01
7.549729887792546723e-01 7.361510848813283825e-02 6.516111389338662407e-01 1.475838595282835231e+00 -5.728701149407135901e-02 9.972841028625794024e-01 -4.629296586788762824e-02 -1.206039097965692086e+00 -6.532490388953808846e-01 -2.378900864260648489e-03 7.571395202196022911e-01 5.391271906197885500e+01
7.218778647040526852e-01 7.472407197401725876e-02 6.879746693787186507e-01 1.735660306647229367e+00 -5.692812681413031428e-02 9.971960381792641659e-01 -4.857646151051458333e-02 -1.230580789418626253e+00 -6.896751767066963135e-01 -4.098820394395123745e-03 7.241074269990441792e-01 5.414091739206972420e+01
6.857332892158563009e-01 7.174210713524493965e-02 7.243089299396350267e-01 2.048648481515760622e+00 -5.271154714824966697e-02 9.974125691145042660e-01 -4.888853315852625947e-02 -1.254669673200428992e+00 -7.259419103367694692e-01 -4.654937465404541778e-03 6.877404227191152852e-01 5.437133924579119792e+01
6.466502654241308434e-01 6.984291750313301184e-02 7.595827233311132076e-01 2.335422674290961176e+00 -4.945396147435433820e-02 9.975431873091429313e-01 -4.962184404758526735e-02 -1.282043047548433901e+00 -7.611820013153066666e-01 -5.476386468682383456e-03 6.485153671385746055e-01 5.457619733724536815e+01
6.046170991430274144e-01 6.872363782868028126e-02 7.935463107324397525e-01 2.689788384464612658e+00 -4.646438770270869961e-02 9.976176743520794865e-01 -5.099480702015495720e-02 -1.299134120290643679e+00 -7.951600542248146164e-01 -6.039301709199383639e-03 6.063697084256086667e-01 5.479599225525436168e+01
5.587875132768089781e-01 6.794064865899904215e-02 8.265235124894798613e-01 3.025641444964441540e+00 -4.270533086163267461e-02 9.976738422720083932e-01 -5.313750016125702580e-02 -1.326904908422594787e+00 -8.282107498711613891e-01 -5.604379254291406119e-03 5.603889279983893523e-01 5.498793520700668580e+01
5.109009444942860245e-01 6.623084307448887098e-02 8.570847345283676422e-01 3.414325642868180744e+00 -3.886388410903211105e-02 9.977879607275546014e-01 -5.393718134897778488e-02 -1.356443713164212861e+00 -8.587607850962084566e-01 -5.753076244426508744e-03 5.123446266627942336e-01 5.517334603367662282e+01
4.624229607750596216e-01 6.401687554340503017e-02 8.843457441188349311e-01 3.840514218777753008e+00 -3.645034456749978585e-02 9.979197626663708354e-01 -5.317854427705241693e-02 -1.385169551156578471e+00 -8.859100569983484608e-01 -7.643717949706287963e-03 4.637942891176264903e-01 5.535562816398574881e+01
4.126051039361964823e-01 6.151175983778548600e-02 9.088310556562696485e-01 4.237682362444006756e+00 -3.589820129298734730e-02 9.980405751773029355e-01 -5.125203519288665938e-02 -1.415659645842050729e+00 -9.102024983030133631e-01 -1.147853834664858304e-02 4.140046512317849814e-01 5.550792724401522804e+01
3.625884785210032324e-01 6.064890294205006749e-02 9.299741219224136879e-01 4.681487811843976665e+00 -3.779601031502358155e-02 9.980164248767444679e-01 -5.034999703942804467e-02 -1.431538945921821293e+00 -9.311827361390190294e-01 -1.689297058673169122e-02 3.641614112838433837e-01 5.565819675072278727e+01
3.131752113961626116e-01 6.100889739306869508e-02 9.477340178847656338e-01 5.165281225939772014e+00 -3.580179849515481572e-02 9.979837422478624598e-01 -5.241306296896246913e-02 -1.446945287506732569e+00 -9.490204103667455593e-01 -1.751609826900474634e-02 3.147278800894240391e-01 5.578942783322326449e+01
2.660192365128518643e-01 5.715423722074838148e-02 9.622721707839053673e-01 5.628194328694267057e+00 -2.523119283765939275e-02 9.983118220623922179e-01 -5.231966517269900918e-02 -1.493943438430674897e+00 -9.636375724993828662e-01 -1.036122727464631674e-02 2.670121128676047340e-01 5.587615023563670746e+01
2.217588506165698303e-01 5.154566673748295358e-02 9.737384821220913533e-01 6.125112082389523316e+00 -1.183756985425836114e-02 9.986707879432844548e-01 -5.016958451346291425e-02 -1.523980257862942667e+00 -9.750297933359740599e-01 -4.011407132249951478e-04 2.220741679425867754e-01 5.593844206065569580e+01
1.793349400100412161e-01 4.945818528484276916e-02 9.825443731704959216e-01 6.665005808519680386e+00 -2.495355085868451988e-03 9.987553887620141957e-01 -4.981873065105096171e-02 -1.570648425231969458e+00 -9.837850177630197424e-01 6.482447067238471423e-03 1.792350720350456561e-01 5.598959762424986764e+01
1.410083957026879165e-01 5.163097869684253605e-02 9.886614515446658924e-01 7.170982393359223828e+00 1.251063755140343443e-03 9.986292962519831562e-01 -5.232995383006162904e-02 -1.578393011896811915e+00 -9.900077176844519489e-01 8.615842308662130869e-03 1.407504506648508402e-01 5.604178840950731200e+01
1.078453963810607208e-01 5.197826270232164259e-02 9.928082525705370642e-01 7.702138272801362540e+00 8.533438116758610553e-03 9.985473435999795422e-01 -5.320567850840218771e-02 -1.626339879830910995e+00 -9.941311605434257626e-01 1.421005476010231416e-02 1.072451196447135741e-01 5.607182713798303553e+01
7.832033243824947089e-02 5.062970918681867355e-02 9.956420839672499579e-01 8.263988669914121843e+00 1.624458179566880267e-02 9.985123981060303189e-01 -5.205350548028211261e-02 -1.666815103303332712e+00 -9.967959938138546416e-01 2.025063677101637469e-02 7.738131102390458094e-02 5.608021855629235120e+01
5.341506385865052442e-02 4.904835373058282627e-02 9.973673851100907095e-01 8.814341038761304148e+00 2.199745662742203303e-02 9.984930235474460680e-01 -5.028179315179009262e-02 -1.693874674422723325e+00 -9.983301869795354611e-01 2.462535260422724775e-02 5.225558261554428402e-02 5.609138792965152476e+01
3.319667287655675425e-02 4.837584001645606896e-02 9.982777028835667643e-01 9.385402436193801989e+00 2.733707802212341151e-02 9.984104939344866647e-01 -4.929132735543047261e-02 -1.727902416550785469e+00 -9.990750145830573636e-01 2.892630378109599734e-02 3.182141152441660820e-02 5.609623640007072254e+01
1.677986470148146517e-02 4.952767186636567592e-02 9.986320946449889213e-01 9.977579041312075958e+00 2.929275230759308471e-02 9.983195704089168343e-01 -5.000436139484556314e-02 -1.763722348966063391e+00 -9.994301332736745813e-01 3.009174866313872598e-02 1.530082923298091077e-02 5.608555690505216518e+01
3.484029187129540628e-03 4.984863110015258503e-02 9.987510191756510114e-01 1.055867580185809196e+01 3.041028363794385375e-02 9.982897917202677718e-01 -4.993168246123384779e-02 -1.795447785904060067e+00 -9.995315422532643490e-01 3.054626555517778522e-02 1.962127557364575208e-03 5.608326236783384644e+01
-8.376041812288893135e-03 5.073451671570149840e-02 9.986773634467616123e-01 1.116784500323554497e+01 3.102987541547472250e-02 9.982445509094495240e-01 -5.045226786476107034e-02 -1.817932082977429475e+00 -9.994834763276148060e-01 3.056624342601754751e-02 -9.935652968533463178e-03 5.607542986429338328e+01
-1.731813843032254871e-02 5.330636832739600595e-02 9.984283369049150592e-01 1.178299782080883062e+01 3.535212019596425254e-02 9.979862793504422624e-01 -5.266955907595804315e-02 -1.866683080380227011e+00 -9.992249723021527918e-01 3.438441898701619787e-02 -1.916778442729469636e-02 5.605748563250816829e+01
-2.421705983952145841e-02 5.507349667681291777e-02 9.981889016508126433e-01 1.241535340919535813e+01 3.919668121333631794e-02 9.977661874132147668e-01 -5.409921051156718619e-02 -1.916697568235844251e+00 -9.989381354398996216e-01 3.781556591499633802e-02 -2.632168632977513467e-02 5.602853750655177123e+01
-2.878112048496769479e-02 5.482213026580448623e-02 9.980815719893952886e-01 1.304073902605903434e+01 3.968227962095978445e-02 9.977706703352550166e-01 -5.366074545481352986e-02 -1.948442353334712607e+00 -9.987978833046456950e-01 3.806173378200507218e-02 -3.089244805797080815e-02 5.601119236373966004e+01
-3.265820695834727172e-02 5.226774368250478031e-02 9.980992785457406535e-01 1.369989285644099830e+01 3.741266855415282394e-02 9.979959269170085578e-01 -5.103816376970364554e-02 -1.990686873434412973e+00 -9.987662315978969030e-01 3.567474243494631048e-02 -3.454825434797251238e-02 5.599242765267685940e+01
-3.486207018476960434e-02 4.591182265471892288e-02 9.983373125595194075e-01 1.436843693872228478e+01 3.571667518159679644e-02 9.983635418189158450e-01 -4.466578832085675577e-02 -2.018094651003140783e+00 -9.987538277611849313e-01 3.410014993446808945e-02 -3.644485672659029257e-02 5.596977153705871899e+01
-3.611172444592346265e-02 4.022075724192966661e-02 9.985383749583328639e-01 1.504232116732601909e+01 3.665182940984949844e-02 9.985710685312678692e-01 -3.889656532622006585e-02 -2.056491253773640615e+00 -9.986755437157374127e-01 3.519363951396153184e-02 -3.753430776529422669e-02 5.593781151257037010e+01
-3.681653200526421171e-02 3.810026583545835649e-02 9.985957967882130859e-01 1.573123069083904113e+01 3.939489625944481155e-02 9.985517423228658096e-01 -3.664615047843503698e-02 -2.089912134710688818e+00 -9.985453631166013588e-01 3.799039623639959007e-02 -3.826418834489931503e-02 5.590994330527528433e+01
-3.692366730245168205e-02 4.019703626790869372e-02 9.985096387238863169e-01 1.643109107448438522e+01 4.305374475425538527e-02 9.983271456918015874e-01 -3.859760148436693766e-02 -2.136178417125685680e+00 -9.983903450054223416e-01 4.156441387266532339e-02 -3.859254753377302366e-02 5.587792070318565862e+01
-3.583157821343545962e-02 4.701831274605029060e-02 9.982514896513491331e-01 1.712040795669032178e+01 4.359208871278582448e-02 9.980156327649997161e-01 -4.544248169511976021e-02 -2.172049338685512421e+00 -9.984067765833593011e-01 4.188759028187844652e-02 -3.781011805234963524e-02 5.585150215367673354e+01
-3.365316219139620479e-02 5.424278466280175320e-02 9.979608445574563724e-01 1.782119110503808557e+01 4.281782466635335876e-02 9.976878141640904696e-01 -5.278403308705435087e-02 -2.222255339853821621e+00 -9.985160809139761451e-01 4.095416055326724786e-02 -3.589792590666890382e-02 5.583519021167431617e+01
-3.169406060281472481e-02 5.586201634115364745e-02 9.979356657897615612e-01 1.854645353941255337e+01 4.358046255408298819e-02 9.975648636228604538e-01 -5.445715014132724435e-02 -2.256158589093447464e+00 -9.985471968813552923e-01 4.176452682783767661e-02 -3.405139239695473968e-02 5.581306626942213711e+01
-2.951759599099416931e-02 5.183523451576443203e-02 9.982196646403362905e-01 1.928032178772997796e+01 4.401070873287549895e-02 9.977536460346816405e-01 -5.050961696252643379e-02 -2.294599975881551401e+00 -9.985950352505919003e-01 4.244143124831691732e-02 -3.173261490540076057e-02 5.579171982328026758e+01
-2.678348065821505725e-02 4.602688973707599190e-02 9.985814196881892535e-01 2.002087940824239709e+01 4.426304943868304698e-02 9.980145449209351094e-01 -4.481354723986332583e-02 -2.332844142797142251e+00 -9.986609554429629609e-01 4.299999573985226892e-02 -2.876761524010755869e-02 5.576838616658707082e+01
-2.444544149519470300e-02 4.418924035897577041e-02 9.987243930460140140e-01 2.076680696763344969e+01 4.230476291447591436e-02 9.981736680350860036e-01 -4.312938371883734412e-02 -2.371974465135636478e+00 -9.988057913726505754e-01 4.119648263470707811e-02 -2.627023256542376436e-02 5.575336116550172960e+01
-2.098551805081410454e-02 4.903727157627960770e-02 9.985768053942293276e-01 2.147914994268439060e+01 4.848802408909599904e-02 9.976712601767788735e-01 -4.797379531612878251e-02 -2.436899000947333249e+00 -9.986034296458216053e-01 4.741225959269777107e-02 -2.331438948551021670e-02 5.573491403875662087e+01
-1.756125893031359672e-02 5.416262822633616247e-02 9.983780334404511736e-01 2.220669718045355978e+01 5.072354168899474020e-02 9.972944232853713231e-01 -5.321161450524664743e-02 -2.490767482633789331e+00 -9.985584684956720913e-01 4.970680342351293385e-02 -2.026108775972277828e-02 5.571824571980996410e+01
-1.523874170601623168e-02 5.523968839167020528e-02 9.983571723343672710e-01 2.295239021505064869e+01 4.460251633039412356e-02 9.975166882157834314e-01 -5.451236825254070217e-02 -2.530033679571915162e+00 -9.988887287719423469e-01 4.369854081723238692e-02 -1.766475194647299310e-02 5.571414388684796393e+01
-1.188694962416157221e-02 5.237384010104254722e-02 9.985571429074235894e-01 2.368722287741423216e+01 3.964063115684701710e-02 9.978672729975325284e-01 -5.186575903939383975e-02 -2.567347608322952279e+00 -9.991434441774756925e-01 3.896691026903134625e-02 -1.393775372179739333e-02 5.572311074147744137e+01
-6.961858853368744181e-03 4.831244341647054907e-02 9.988083535204316243e-01 2.443048843471017406e+01 4.464376621368141423e-02 9.978515881559660849e-01 -4.795497836153140431e-02 -2.610841570252899757e+00 -9.989788660149033772e-01 4.425670974652146789e-02 -9.103777595774003445e-03 5.571189959819098192e+01
-3.476139740653494750e-03 4.932628299060320964e-02 9.987770126968575912e-01 2.517274538090342517e+01 4.936587808924115112e-02 9.975736709333111740e-01 -4.909502908397589405e-02 -2.670099529579567754e+00 -9.987748683517675419e-01 4.913484023318138300e-02 -5.902768487894318773e-03 5.570187843017406948e+01
