1.000000000000000000e+00 0.000000000000000000e+00 0.000000000000000000e+00 0.000000000000000000e+00 0.000000000000000000e+00 1.000000000000000000e+00 0.000000000000000000e+00 0.000000000000000000e+00 0.000000000000000000e+00 0.000000000000000000e+00 1.000000000000000000e+00 0.000000000000000000e+00
9.999999996547305203e-01 2.531913638168894454e-05 -7.034220935733088966e-06 -7.915941056408417123e-03 -2.531866685865511582e-05 9.999999974523368085e-01 6.674047847636128939e-05 -1.199422557638704862e-03 7.035910729088986006e-06 -6.674030035622136817e-05 9.999999977481141000e-01 7.673544308964376027e-04
9.999999849004516106e-01 -1.719917537619092263e-04 -2.485826151030260761e-05 -8.096940664152570133e-03 1.719918296627658981e-04 9.999999852047500859e-01 3.051239872467767496e-06 -6.041869492896079913e-03 2.485773635442160005e-05 -3.055515244274816067e-06 9.999999996863784268e-01 2.307545516865082240e-03
9.999999902959582077e-01 -1.281252388822136086e-04 5.469923821920450715e-05 -5.543427559308345375e-03 1.281273221750865103e-04 9.999999910664794101e-01 -3.808451812649525008e-05 -7.347081824444746945e-03 -5.469435814256505839e-05 3.809152622383953947e-05 9.999999977787814576e-01 3.873877882776721911e-03
9.999999988757271030e-01 2.038652105847674859e-05 4.281279555233297060e-05 9.324748517495487569e-06 -2.038797246059653558e-05 9.999999992175274688e-01 3.390096655242740703e-05 2.284170604683458117e-03 -4.281210439606461749e-05 -3.390183938041014828e-05 9.999999985088945387e-01 1.079186113370364519e-03
9.999999932994887430e-01 1.107013959201609912e-04 3.385591996376383252e-05 9.233703128288962142e-04 -1.107015212730784362e-04 9.999999938657390119e-01 3.700689039225326157e-06 6.155024157594476790e-03 -3.385551008464027077e-05 -3.704436916272906107e-06 9.999999994200408082e-01 1.844244635895015772e-03
9.999999994913801871e-01 -2.958145536739004936e-05 -1.192380944993877927e-05 -4.199223648370081340e-04 2.958204315152918658e-05 9.999999983473131238e-01 4.929783425978728230e-05 -1.875768274475634809e-03 1.192235112854859205e-05 -4.929818696535910312e-05 9.999999987137730972e-01 7.477199265999596176e-04
9.999999809160059483e-01 -1.810572565727504974e-04 7.339112734768339934e-05 -1.990333874112529700e-03 1.810521247377155593e-04 9.999999811653058623e-01 6.992507486994774442e-05 -9.947179237705381857e-03 -7.340378640760556806e-05 -6.991178591595483504e-05 9.999999948621131063e-01 4.237709390974238322e-03
9.999999615224536287e-01 -1.831567931608968445e-04 2.083474988991491819e-04 -2.109122461988401261e-03 1.831546172602410640e-04 9.999999831724595278e-01 1.046264500038602867e-05 -8.142812989649155300e-03 -2.083494116976794270e-04 -1.042448479139111861e-05 9.999999782409261240e-01 6.417794164242242305e-03
9.999999642351474760e-01 -2.127903839654748941e-04 1.620183822764933578e-04 2.445182362353944764e-03 2.128052095333534430e-04 9.999999731714198647e-01 -9.149372797837416918e-05 -4.057452597723153545e-03 -1.619989089442632564e-04 9.152820306190307580e-05 9.999999826894706567e-01 1.746950254286799668e-03
9.999999973801223518e-01 -3.049871555828472230e-05 6.564741834837665546e-05 6.494077865800939632e-03 3.049722250749885879e-05 9.999999992763066725e-01 2.274436147995478571e-05 4.839106328615071055e-03 -6.564811197467939881e-05 -2.274235935644293183e-05 9.999999975865552226e-01 3.862238532665368887e-03
9.999999599549419527e-01 -1.103168544522881855e-04 -2.606152454158158272e-04 1.376546262944779511e-02 1.103300800683030847e-04 9.999999926266756045e-01 5.073383646950708006e-05 6.883938962849847631e-03 2.606096466969614147e-04 -5.076258813876140632e-05 9.999999647528852176e-01 -2.506755744356535011e-03
9.999997983501558441e-01 -4.526422335481290315e-04 -4.454376005325879294e-04 2.468841742977448753e-02 4.527142302877637959e-04 9.999998844766855299e-01 1.615439301169707426e-04 4.911512502696644767e-04 4.453644274688156753e-04 -1.617455534821287582e-04 9.999998877444450374e-01 -2.887888207824987168e-03
9.999996941846311937e-01 -7.347610920213819502e-04 -2.678745634424648621e-04 4.565249926275335990e-02 7.347699583230819396e-04 9.999997295119582574e-01 3.300179654825717476e-05 4.837869029482655750e-04 2.678502425495283461e-04 -3.319861263761702462e-05 9.999999635770492334e-01 -9.886444015004662317e-04
9.999991312126047527e-01 -1.308368011560447118e-03 -1.604592847548701586e-04 8.028279010578372177e-02 1.308355784305400551e-03 9.999991411926605345e-01 -7.628291518286624327e-05 4.041684926945951668e-03 1.605589530773125632e-04 7.607291107587651157e-05 9.999999842168673103e-01 2.121289015445000040e-03
9.999977574626369714e-01 -2.115839555464525505e-03 -9.106411208612851297e-05 1.177453738883728895e-01 2.115824564483614889e-03 9.999977481265329704e-01 -1.644027844981828755e-04 -1.782709766886896377e-03 9.141175693574046910e-05 1.642097401335013477e-04 9.999999823395258058e-01 6.999377461150293502e-03
9.999952670351719419e-01 -3.072767097750077250e-03 -1.549503734915159254e-04 1.664816508431251896e-01 3.072755372854295546e-03 9.999952761994339578e-01 -7.585009101164463233e-05 -7.322169016112463694e-03 1.551827112008758803e-04 7.537360742315982393e-05 9.999999851185725763e-01 6.497271372552028933e-03
9.999910748641368530e-01 -4.222745508807774530e-03 -1.364274025673069366e-04 2.164728306521253864e-01 4.222751969190971684e-03 9.999910830339090451e-01 4.710070372661833967e-05 -4.639541143100006301e-03 1.362272917636611050e-04 -4.767638242928102805e-05 9.999999895845437248e-01 6.997572146673160243e-03
9.999850550615331235e-01 -5.462849428452216938e-03 -2.166326489521876912e-04 2.745498027413051934e-01 5.462829376455265173e-03 9.999850743074204518e-01 -9.304615328135039777e-05 4.320350712038352470e-03 2.171377126851394240e-04 9.186133551371969213e-05 9.999999722063539487e-01 7.400660587313248259e-03
9.999753491770128067e-01 -7.021458988316926948e-03 1.232829064955919892e-05 3.291709799901149647e-01 7.021460455417468695e-03 9.999753416421560681e-01 -1.232912256403579699e-04 -1.970004095870631772e-03 -1.146230236970365478e-05 1.233747490154575826e-04 9.999999923236434496e-01 7.336246170290710612e-03
9.999639714698979054e-01 -8.487710915764794598e-03 1.205220300406032065e-04 3.866648710975140735e-01 8.487735643962964274e-03 9.999639572695728784e-01 -2.061684116621754397e-04 4.218983820212487273e-03 -1.187677882194129942e-04 2.071839428476081454e-04 9.999999714845126952e-01 6.205973062953758571e-03
9.999526094667670062e-01 -9.735231089937627230e-03 6.400178863608902238e-05 4.423361529372711876e-01 9.735245148455490966e-03 9.999525864802523145e-01 -2.231442426866068031e-04 4.066815887689219540e-03 -6.182639331707640495e-05 2.237567408642699741e-04 9.999999730552086019e-01 1.294640773166813238e-02
9.999411138891840523e-01 -1.085186012573798389e-02 7.671941891978221366e-05 5.050126971531515574e-01 1.085188408547236444e-02 9.999410656543931131e-01 -3.191077439538256874e-04 2.452009069539562696e-04 -7.325198490860609533e-05 3.199215031810752319e-04 9.999999461421877900e-01 1.612093385871329193e-02
9.999225222456765705e-01 -1.244743808581314816e-02 1.038794696862443241e-04 5.742250355089906222e-01 1.244747684268112352e-02 9.999224545032446843e-01 -3.811829712593062551e-04 4.615610766328923954e-03 -9.912666286704830548e-05 3.824464753520562645e-04 9.999999219542961004e-01 2.283180533445100871e-02
9.999016251232735186e-01 -1.402640535301695295e-02 -5.358129308533692174e-06 6.402285010709893864e-01 1.402640101242404701e-02 9.999015038651264398e-01 -4.925879588379926790e-04 4.175853775640297853e-03 1.226683993618356225e-05 4.924643452879070649e-04 9.999998786641892679e-01 1.441837914897087410e-02
9.998874010419088743e-01 -1.500616109293388331e-02 1.915488776269475384e-05 6.961653192204730889e-01 1.500616851014568986e-02 9.998872879013939174e-01 -4.758149221209583891e-04 1.002236460504511706e-02 -1.201257340332756221e-05 4.760487873300433040e-04 9.999998866166186495e-01 1.004937640001774338e-02
9.998713402050454224e-01 -1.603326826194043098e-02 4.871810823193123332e-04 7.440326018588422352e-01 1.603351384367896620e-02 9.998713277120691023e-01 -5.044334728892391467e-04 1.381988444786430570e-02 -4.790306784236782103e-04 5.121797972097942488e-04 9.999997541007019652e-01 1.521223716334487233e-02
9.998507170984800574e-01 -1.726167637245094172e-02 7.602936722333435279e-04 7.995874175092734237e-01 1.726205212685685830e-02 9.998508793820115592e-01 -4.904644613312283442e-04 1.471295089315587286e-02 -7.517140579673993331e-04 5.035154723751597734e-04 9.999995906989882499e-01 1.695667309245873708e-02
9.998282771149868964e-01 -1.850626075712805824e-02 9.667440540839392169e-04 8.460497368273578456e-01 1.850678158500289328e-02 9.998285929934638272e-01 -5.326049900505060945e-04 1.539723028151770805e-02 -9.567218205531198127e-04 5.504048506425739552e-04 9.999993908687436761e-01 2.194095331238970700e-02
9.998074821545279711e-01 -1.960323858096251273e-02 8.436023713726141298e-04 8.950477611266823841e-01 1.960377020395593153e-02 9.998076312832283596e-01 -6.265952526338481677e-04 2.010304851465971945e-02 -8.311567924358878460e-04 6.430124088977292500e-04 9.999994478565618072e-01 1.841499037001150668e-02
9.997969862557942733e-01 -2.014054203783051042e-02 5.872310051984888993e-04 9.242021226309071746e-01 2.014083368587416337e-02 9.997970302791168162e-01 -4.950388840806208305e-04 2.509244192337664950e-02 -5.771414636300833088e-04 5.067657063941277120e-04 9.999997050480814442e-01 1.231503221901264142e-02
9.997823812321520176e-01 -2.085029768863125993e-02 6.747325864684527302e-04 9.524769362606005929e-01 2.085070647713607034e-02 9.997824175795284596e-01 -6.045975832805841090e-04 3.161341514723420981e-02 -6.619797369258907920e-04 6.185346626104792998e-04 9.999995895987653372e-01 1.263304276363453466e-02
9.997707375301226884e-01 -2.140461632238200088e-02 5.610513043226823078e-04 9.786001148414897877e-01 2.140496529174519200e-02 9.997706930342489251e-01 -6.235468521796527948e-04 3.026931870953688403e-02 -5.475758702205229351e-04 6.354131799841532691e-04 9.999996482053166158e-01 2.108471223446785683e-02
9.997557734443858202e-01 -2.209888590341228462e-02 1.808492351462596308e-04 1.007481037484452724e+00 2.209896993723778000e-02 9.997556743129006884e-01 -4.766622182031229806e-04 3.190305896584014894e-02 -1.702713450580829063e-04 4.805423864420495109e-04 9.999998700433334609e-01 2.169832855810784056e-02
9.997340000057413079e-01 -2.306122749210452044e-02 -3.301803717934417501e-04 1.036751445044414188e+00 2.306111076130020615e-02 9.997339948717596236e-01 -3.530838534451403174e-04 3.144270595538651430e-02 3.382350891893876358e-04 3.453756070170151907e-04 9.999998831563504664e-01 1.480920584031973630e-02
9.997177266292043285e-01 -2.375181743532815345e-02 -5.641204253654111744e-04 1.066715128559939441e+00 2.375160028067864124e-02 9.997178154330599309e-01 -3.885741335496970005e-04 4.344313767373883528e-02 5.731905811676404937e-04 3.750656865657702745e-04 9.999997653891167237e-01 1.147361722183472266e-02
9.996944355853252251e-01 -2.471500938980864329e-02 -4.514095698413116164e-04 1.109486747952375341e+00 2.471480080471408561e-02 9.996944359258390644e-01 -4.619524886248010053e-04 4.061329556434498111e-02 4.626887953880430798e-04 4.506548347830371688e-04 9.999997914146274702e-01 1.690695932219242470e-02
9.996650867248022543e-01 -2.587521436700057978e-02 -4.332031341079759239e-04 1.164166240274304043e+00 2.587507198051614346e-02 9.996651294343318339e-01 -3.311239099062861756e-04 3.437823455476696211e-02 4.416259692802724872e-04 3.198038498358941623e-04 9.999998513459893434e-01 2.051947128738100534e-02
9.996405698211027202e-01 -2.680343692946361364e-02 -5.540185100050970535e-04 1.219918712573325514e+00 2.680326823400379019e-02 9.996406798903821889e-01 -3.097099780529387943e-04 4.065509118887571105e-02 5.621207318765191786e-04 2.947491522098512427e-04 9.999997985715897153e-01 1.227461686829918117e-02
9.996165261896169385e-01 -2.768489998438801100e-02 -5.889664314346846480e-04 1.281205032966554969e+00 2.768470593568199759e-02 9.996166488985663845e-01 -3.351149876761774066e-04 5.244526821041776976e-02 5.980182754215712573e-04 3.186811173946794474e-04 9.999997704082175254e-01 7.882115202700804360e-03
9.995828980456326063e-01 -2.887662099110742397e-02 -4.131523089137327737e-04 1.336918163428880479e+00 2.887648582069385350e-02 9.995829330332111073e-01 -3.294774199163268114e-04 7.111173729636922902e-02 4.224941913134839730e-04 3.174096074504254602e-04 9.999998603748899706e-01 1.285027175979091760e-02
9.995370520287966132e-01 -3.042325232047287872e-02 -3.276275746670169746e-04 1.388054470047630273e+00 3.042317324366675471e-02 9.995370784216209836e-01 -2.437009562308459307e-04 6.494490765890331696e-02 3.348900844751832103e-04 2.336206649040814759e-04 9.999999166350046487e-01 1.782063404206806617e-02
9.995253653884178524e-01 -3.080567710600970108e-02 -2.328157856180355912e-04 1.455724800275546071e+00 3.080560104306963656e-02 9.995253424885631732e-01 -3.235235627789737447e-04 6.741900929313093815e-02 2.426716402677658293e-04 3.161979770901384486e-04 9.999999205646540323e-01 1.945760174235423856e-02
9.995343307334380034e-01 -3.051381090862781767e-02 1.703792556146232074e-04 1.534882601347959286e+00 3.051386477232174640e-02 9.995342914101809084e-01 -3.230352985032810121e-04 6.412743219717562115e-02 -1.604428705164152251e-04 3.280838004585867932e-04 9.999999333095503928e-01 1.736286855615427546e-02
9.995414178569285157e-01 -3.028053700283016639e-02 2.075268203408674791e-04 1.611755547682940382e+00 3.028060198895993552e-02 9.995413870043092786e-01 -3.175038390848636694e-04 6.296011537915482958e-02 -1.978174590961549522e-04 3.236422745426789172e-04 9.999999280619629172e-01 1.673675133494501380e-02
9.995607285730659930e-01 -2.963634868454959048e-02 1.916536703517181348e-04 1.663177740735672927e+00 2.963641518402226893e-02 9.995606822962623816e-01 -3.539808902094188168e-04 6.486752749187400802e-02 -1.810787724114327373e-04 3.595053242647544599e-04 9.999999189831967339e-01 1.458017097372630265e-02
9.995955701818252104e-01 -2.843751182020377508e-02 -6.320084984991584129e-05 1.731066797286627823e+00 2.843749647126204635e-02 9.995955457475810269e-01 -2.317672164431518319e-04 7.346495356134766230e-02 6.976617095457540209e-05 2.298762089253591156e-04 9.999999711448045447e-01 1.662396789224483695e-02
9.996351068866530243e-01 -2.700866800040220908e-02 -4.300378515353204222e-04 1.800549371376473529e+00 2.700863912506993800e-02 9.996351975149789792e-01 -7.281346539965414025e-05 7.551439981882374086e-02 4.318475673713652362e-04 6.117215912533301701e-05 9.999999048828182024e-01 1.153992315462229815e-02
9.996760388120173868e-01 -2.544879246938097292e-02 -4.199844808849626378e-04 1.883109153702525518e+00 2.544879666460466913e-02 9.996761269164768926e-01 4.647106238738827789e-06 8.614089085635857901e-02 4.197301959738537302e-04 -1.533370041301200664e-05 9.999999117957162342e-01 1.028494190916321577e-02
9.997253342988696723e-01 -2.343532674753050563e-02 -2.035221111557074486e-04 1.945053052839251562e+00 2.343534015844884674e-02 9.997253526675220492e-01 6.376093181161239379e-05 7.535332926413734755e-02 2.019719560800460601e-04 -6.851302877527130908e-05 9.999999772566466882e-01 1.144055137831648424e-02
9.997869472620116715e-01 -2.064115810833049014e-02 5.173446055930728800e-05 2.006131210445681656e+00 2.064117029235338491e-02 9.997869177830591703e-01 -2.472221926457419277e-04 6.786218682429560889e-02 -4.662048449947017704e-05 2.482373810910949350e-04 9.999999681023660214e-01 1.862632682716695159e-02
9.998422583116949314e-01 -1.776115029124484407e-02 -5.873821896052800864e-06 2.083889723477274192e+00 1.776114690703225335e-02 9.998421900532222795e-01 -3.696621740407839943e-04 5.640942814781689518e-02 1.243852037865867698e-05 3.694995370917466952e-04 9.999999316576853037e-01 2.168586230857863506e-02
9.998979677902329888e-01 -1.428169175548283515e-02 -2.954480724985042374e-04 2.160486931041855740e+00 1.428157945218128805e-02 9.998979412944045686e-01 -3.787922418715824156e-04 5.972369557191810341e-02 3.008277134884325995e-04 3.745341277407204968e-04 9.999998846134303676e-01 2.280216814232075354e-02
9.999454215049389250e-01 -1.043830256774752781e-02 -4.425503521830813055e-04 2.233484338837147476e+00 1.043821256736117593e-02 9.999454993221763566e-01 -2.051919147477732639e-04 7.691565752309936776e-02 4.446680881795090018e-04 2.005612810340200907e-04 9.999998810227248569e-01 1.899124840072424075e-02
9.999829293123518870e-01 -5.838148443299414139e-03 -2.389699599361703563e-04 2.307819975799269230e+00 5.838144766634080843e-03 9.999829577583372320e-01 -1.608015691800710704e-05 7.835590596065492019e-02 2.390597656954418276e-04 1.468474119768691622e-05 9.999999713173930438e-01 1.535275582832332231e-02
9.999999846220545274e-01 1.750263989523359847e-04 -1.102952093588963050e-05 2.394054214551225801e+00 -1.750257920654399956e-04 9.999999831704402542e-01 5.500083089345039246e-05 6.615093181207384876e-02 1.103914734763831452e-05 -5.499889959701270432e-05 9.999999984266291220e-01 1.090487193458532580e-02
9.999691778120370911e-01 7.842469610948147457e-03 3.729561903206593770e-04 2.490095709879946995e+00 -7.842396079293267874e-03 9.999692282939426358e-01 -1.982144101645980561e-04 5.596454238806669590e-02 -3.744992043105663834e-04 1.952834305980721255e-04 9.999999108073598375e-01 2.111785074894893810e-02
9.998626644060260027e-01 1.654545510573672898e-02 9.488109541134018016e-04 2.594649951046458902e+00 -1.654519874355376077e-02 9.998630803478305573e-01 -2.774092358728913140e-04 5.057413711560695274e-02 -9.532709053056416353e-04 2.616728719048416860e-04 9.999995114008252139e-01 2.745807428573573961e-02
9.996579892527917011e-01 2.613724186896028423e-02 8.655117265278845264e-04 2.683935441984302450e+00 -2.613715043637641205e-02 9.996583595050647642e-01 -1.167848835096511802e-04 5.009460672323079455e-02 -8.682684674201912589e-04 9.412293162367221355e-05 9.999996186252984032e-01 2.455338837800901883e-02
9.993277596487241121e-01 3.665986796083622878e-02 2.878828859932640446e-04 2.752873148867009068e+00 -3.665991276162958168e-02 9.993277879243399608e-01 1.519162764973268386e-04 4.620176123635278548e-02 -2.821201370034296134e-04 -1.623679137323289347e-04 9.999999470224429921e-01 1.701692951900399264e-02
9.987627689261565633e-01 4.972850312802085115e-02 -8.592789569769080044e-05 2.828965023102349097e+00 -4.972847048328490893e-02 9.987627137855137338e-01 3.475272493266359244e-04 2.884135293459177615e-02 1.031035882021163325e-04 -3.428242149898681757e-04 9.999999359206017679e-01 9.009827089525029517e-03
9.979434387660716110e-01 6.409931853051673012e-02 -4.127804151642506495e-04 2.915980271856221773e+00 -6.409909574936226151e-02 9.979433966131651124e-01 5.320529044976219637e-04 8.145819262498438240e-03 4.460357181648843942e-04 -5.044998537647582678e-04 9.999997732659920979e-01 -1.806596864361471877e-03
9.967890335720792638e-01 8.007109314558948088e-02 -4.925372173628394558e-04 3.023871972653831453e+00 -8.007094257170384310e-02 9.967891165595549330e-01 3.182202081671698345e-04 -1.562867474910569626e-02 5.164359776967684728e-04 -2.777604945161723116e-04 9.999998280714795795e-01 6.031330204633651715e-03
9.951202778104727420e-01 9.866707892319151463e-02 -6.634961735813314559e-04 3.130060945297219899e+00 -9.866711714528172972e-02 9.951204948985185039e-01 -2.504329993625640130e-05 -6.208572647528453475e-02 6.577876913662201964e-04 9.038635027405387363e-05 9.999997795728060579e-01 1.794213049014964714e-02
9.928267877513128337e-01 1.195611062175145484e-01 -3.337715594971991809e-04 3.215632183961886881e+00 -1.195611114412264836e-01 9.928268432169771174e-01 4.330192350272371120e-06 -8.551274467585844030e-02 3.318950863587449363e-04 3.560696765949035529e-05 9.999999442888961587e-01 1.902927101197932069e-02
9.898855348964011869e-01 1.418683466887938061e-01 3.264041061956535866e-06 3.306163007630438688e+00 -1.418683344350890885e-01 9.898854392950163783e-01 4.390402328620385416e-04 -1.004756692308901855e-01 5.905488524550860509e-05 -4.350626398166670440e-04 9.999999036165053701e-01 9.257150726518767470e-03
9.861416140980169276e-01 1.659051441495611456e-01 4.473129454017469621e-04 3.421018653400690557e+00 -1.659054398658716400e-01 9.861413925598946362e-01 7.341000909212235751e-04 -1.210605283267599114e-01 -3.193228294840553118e-04 -7.981382995351318267e-04 9.999996305040244060e-01 1.622788635641250147e-03
9.813860704481190966e-01 1.920438127944640305e-01 7.447803463829101014e-04 3.536244423419647731e+00 -1.920443912061768343e-01 9.813859111551186398e-01 8.032387481281101985e-04 -1.683430677823497257e-01 -5.766599070706428633e-04 -9.313182068605439833e-04 9.999994000546945649e-01 -2.851113869230436932e-03
9.756099742373378625e-01 2.195106404971317871e-01 5.068305040179556242e-04 3.653675359775631737e+00 -2.195108300467414619e-01 9.756099989547942775e-01 3.541632630971974067e-04 -2.286117812021981333e-01 -4.167263027721954658e-04 -4.567799966160580568e-04 9.999998088455933631e-01 1.243433552643089315e-02
9.688537181779798280e-01 2.476333888595595722e-01 4.213011201295550770e-04 3.768998713615743679e+00 -2.476334746946984022e-01 9.688537738449549686e-01 1.646724596086080199e-04 -2.940516070769738644e-01 -3.674007809379076423e-04 -2.638717850437633352e-04 9.999998976941684159e-01 1.825633242619108948e-02
9.610560732344016754e-01 2.763519600212704375e-01 9.045947570407199267e-04 3.855770037250168869e+00 -2.763524240318218639e-01 9.610562677416547572e-01 4.335507085288256113e-04 -3.609306826519670941e-01 -7.495538729496718832e-04 -6.666534953613857152e-04 9.999994968709278176e-01 2.119198965558161118e-02
9.518665437175592992e-01 3.065104158974861770e-01 1.203286141265568279e-03 3.944401575208699384e+00 -3.065110972242934828e-01 9.518669898563481002e-01 4.253236117102067600e-04 -4.213405278204603865e-01 -1.015002240106000278e-03 -7.736718716741593661e-04 9.999991856008121349e-01 1.360391276467123010e-02
9.415964313474909364e-01 3.367402604732807059e-01 1.468826081227483623e-03 4.078008581124284326e+00 -3.367411483296333663e-01 9.415971750656839667e-01 3.986602108218392695e-04 -4.963273190896482223e-01 -1.248797545514118311e-03 -8.699912131191403627e-04 9.999988418093189724e-01 1.046736047778831086e-02
9.304189342079253189e-01 3.664918484551826783e-01 2.081317681611725024e-03 4.195623624745205227e+00 -3.664932027260273673e-01 9.304206810156412377e-01 2.978153949207432909e-04 -5.575551715080490078e-01 -1.827354100152163473e-03 -1.039881865357061277e-03 9.999977897089067369e-01 1.157011306221138874e-02
9.183836759357543178e-01 3.956851059338696852e-01 2.172721066708755994e-03 4.293618282912222028e+00 -3.956859481901098818e-01 9.183858820298460568e-01 -4.575101420932282855e-05 -6.411280958009998310e-01 -2.013499348158147035e-03 -8.176982108259343504e-04 9.999976385922173527e-01 1.724524566017944516e-02
9.045637428778221523e-01 4.263357127082567644e-01 1.514972081582139545e-03 4.383181519955022587e+00 -4.263360202845447589e-01 9.045648572226873130e-01 -1.299447405037348565e-04 -7.085051053546113087e-01 -1.425790588228054937e-03 -5.283438672665763912e-04 9.999988439863100043e-01 2.896684065687321272e-02
8.889816815334250499e-01 4.579406620219832469e-01 1.385627970222942304e-03 4.490364528342840167e+00 -4.579413562591648779e-01 8.889823777007722638e-01 2.153253309065607951e-04 -7.872026507530868189e-01 -1.133192622992032841e-03 -8.259566267005832244e-04 9.999990168345816999e-01 2.995049517447182647e-02
8.720693498301549385e-01 4.893793683887573964e-01 1.697905248144374176e-03 4.609996465370453045e+00 -4.893814262244297053e-01 8.720691273640324148e-01 1.121055341267788693e-03 -8.902260741771862440e-01 -9.320693932576020434e-04 -1.808561294513860978e-03 9.999979301742030202e-01 1.357297742480801511e-02
8.539528731474257395e-01 5.203478236529828216e-01 1.622609891814210271e-03 4.716889403723460994e+00 -5.203500955093907088e-01 8.539514033270876325e-01 1.666991021474826303e-03 -1.000433192511858138e+00 -5.182148440936698748e-04 -2.267856984479396393e-03 9.999972941353758582e-01 -1.316581091692095758e-02
8.338621268685229015e-01 5.519727810333479034e-01 -4.870949989434957212e-05 4.805978821224008435e+00 -5.519725410296008050e-01 8.338618404629328795e-01 8.631159227060333436e-04 -1.101801695713736207e+00 5.170334894401446306e-04 -6.928333726127752822e-04 9.999996263290744647e-01 -8.412189108915825615e-04
8.118102914916788260e-01 5.839101351609864432e-01 -3.606200836612431185e-03 4.888411076472317873e+00 -5.839157992243421136e-01 8.118139385474371084e-01 -6.845409379481272360e-04 -1.218567849826865723e+00 2.527853712762881747e-03 2.661435022047695890e-03 9.999932633369238433e-01 3.507060488415438687e-02
7.869652283390144998e-01 6.169476969583509440e-01 -7.827426340095425955e-03 4.983722797193179233e+00 -6.169831326416030937e-01 7.869698868166317141e-01 -3.195509282077430881e-03 -1.350421310531574992e+00 4.188486728743715491e-03 7.344144715662978898e-03 9.999642594199646961e-01 5.798301751284942046e-02
7.596620758740075807e-01 6.502355336027361155e-01 -1.035766958145344779e-02 5.106276822923700109e+00 -6.502998144929488245e-01 7.596636342290820076e-01 -4.616719647088776690e-03 -1.483209959956539370e+00 4.866389753171934153e-03 1.024273743823421283e-02 9.999357002230401248e-01 5.365171191871103556e-02
7.300474294109710049e-01 6.833167540764867320e-01 -1.043860186075644750e-02 5.216892368329374641e+00 -6.833794799734776992e-01 7.300518425513331522e-01 -4.097992018357480420e-03 -1.628242302577187495e+00 4.820493917889638776e-03 1.012525485000247485e-02 9.999371190492980510e-01 3.997528118178517859e-02
6.981691192994532447e-01 7.158613946599172717e-01 -1.011654546690075006e-02 5.299728830661478263e+00 -7.159157734017174146e-01 6.981804050182082166e-01 -2.954224641343669664e-03 -1.791508611501464676e+00 4.948358439574912851e-03 9.305142888149538910e-03 9.999444624900848400e-01 1.093487833624461059e-02
6.651640550139361618e-01 7.465822803891319914e-01 -1.310261524967152626e-02 5.397237076653889076e+00 -7.466824657257635778e-01 6.651588885701487097e-01 -5.380365584099941825e-03 -1.961535512677871740e+00 4.698435389729254015e-03 1.336231885145806701e-02 9.998996815380033487e-01 8.496185181970991943e-03
6.323631750591089951e-01 7.745001249576073388e-01 -1.632088446786433486e-02 5.491187385871280746e+00 -7.746640971401432818e-01 6.323118910658594993e-01 -8.786866265253354819e-03 -2.142257309130679133e+00 3.514460301318203094e-03 1.819969388114209621e-02 9.998281950972492949e-01 4.201687187976958088e-02
5.990318558647568237e-01 8.005263920692793356e-01 -1.784184014522768869e-02 5.572195970522483499e+00 -8.007182928116951537e-01 5.989704765076317994e-01 -9.196946718627769385e-03 -2.328741988350915282e+00 3.324336918843537932e-03 1.979555184285475278e-02 9.997985221589832383e-01 6.367436557066055713e-02
5.649375282124764475e-01 8.249231453193666130e-01 -1.863849601176386164e-02 5.675750206618683791e+00 -8.251209294357022550e-01 5.649102289275946820e-01 -7.203128496382982075e-03 -2.519449844704367170e+00 4.587049633495773361e-03 1.944833076065368219e-02 9.998003407712382495e-01 4.835409024574494757e-02
5.300837767350580210e-01 8.477308053132043275e-01 -1.907016951480038774e-02 5.766143314188100888e+00 -8.479169771849800474e-01 5.301157525051114483e-01 -3.753498025242786671e-03 -2.708721922512475455e+00 6.927441359057852355e-03 1.815958889858297967e-02 9.998111021024177480e-01 3.177199233920215832e-02
4.940530129992047326e-01 8.692525140741597101e-01 -1.765466290135163721e-02 5.845919604934713298e+00 -8.694052761654523787e-01 4.940946402827179340e-01 -2.225358300347910802e-03 -2.925105329844259305e+00 6.788676018262762395e-03 1.644850204864726009e-02 9.998416677945937137e-01 1.556209781703320368e-02
4.586701805638413454e-01 8.884527944061318960e-01 -1.653171417211751412e-02 5.939658364951598379e+00 -8.885959976148064543e-01 4.586761554110035943e-01 -3.652051523146527309e-03 -3.160393900629916430e+00 4.338027717765761265e-03 1.636510217860566441e-02 9.998566722016729580e-01 6.327428683832259440e-03
4.242151166141631680e-01 9.053685402498549140e-01 -1.869067045022960311e-02 6.029371053405813363e+00 -9.055556896540321032e-01 4.241956528265465320e-01 -5.190477653428147292e-03 -3.395597664000744587e+00 3.229205977117262719e-03 1.912732205268613886e-02 9.998118411880558831e-01 2.078726252358050267e-02
3.874224458196031118e-01 9.216747993487615087e-01 -2.047956836891136681e-02 6.073471015479883661e+00 -9.218857086192457917e-01 3.874531405200525858e-01 -2.608475558513200388e-03 -3.637885564059379906e+00 5.530706894031037386e-03 1.989040337872998235e-02 9.997868688548993132e-01 6.654386612358945130e-02
3.498168926623046460e-01 9.366150310404207646e-01 -1.950449274503967406e-02 6.132455824149904977e+00 -9.367853345330235948e-01 3.499029503879399483e-01 1.078106518850551615e-03 -3.904245368785645542e+00 7.834450327927636182e-03 1.789438288867564383e-02 9.998091880199404535e-01 5.476846154314193860e-02
3.153478932761025755e-01 9.487705811791008470e-01 -1.975070873146625786e-02 6.216833869080908848e+00 -9.489544157823487369e-01 3.154131834466387119e-01 2.011845880261384190e-04 -4.176102242004712473e+00 6.420511934824934749e-03 1.867907912956223021e-02 9.998049154856992748e-01 -1.011558680353685617e-02
2.817830999320905527e-01 9.591311025573756588e-01 -2.580334667702059021e-02 6.259365577211060128e+00 -9.594780787620582618e-01 2.816900740697667049e-01 -7.246968030765607409e-03 -4.429200221895158052e+00 3.177541991515272536e-04 2.679981861211694349e-02 9.996407698541643905e-01 -2.281769478724470987e-02
2.489284937753535598e-01 9.678889493117855958e-01 -3.500838166584836070e-02 6.267925390359607718e+00 -9.685033890064437267e-01 2.485378029843738068e-01 -1.517056263735450973e-02 -4.710217099324871093e+00 -5.982513666269296745e-03 3.768212159404649847e-02 9.992718685334859297e-01 2.379460976398612565e-02
2.161870111008492579e-01 9.754979560056802335e-01 -4.082785887138404984e-02 6.285064839131226044e+00 -9.763308230134128962e-01 2.157179871683165828e-01 -1.561646714215827320e-02 -4.998158693008721620e+00 -6.426528241078186855e-03 4.323757440919167444e-02 9.990441491215371617e-01 9.025133045974044477e-02
1.843636000105558226e-01 9.820933672649502233e-01 -3.876442912438799598e-02 6.325323167088651388e+00 -9.828533219925338349e-01 1.840961535091108769e-01 -1.039007754498898727e-02 -5.272207707290091250e+00 -3.067643947525794043e-03 4.001530004063186957e-02 9.991943581322251244e-01 8.493966460570646915e-02
1.543934828869270859e-01 9.874550941193163123e-01 -3.309213713039101112e-02 6.358821356544204662e+00 -9.880089897417005940e-01 1.542748298344475966e-01 -6.124791354539566197e-03 -5.560858796455310227e+00 -9.426725988087621003e-04 3.364095684377454987e-02 9.994335382560497472e-01 1.046587328277651975e-02
1.265107570317675068e-01 9.914765698421262874e-01 -3.113261648722733671e-02 6.390975869325600911e+00 -9.919623093096382460e-01 1.263718304582119867e-01 -6.398232234853360074e-03 -5.854574046918414432e+00 -2.409411616821295621e-03 3.169182734921769523e-02 9.994947837857525164e-01 -6.408436117750936079e-02
1.011438795304581140e-01 9.942117672196210121e-01 -3.623365225265373635e-02 6.373748987456143489e+00 -9.948532234560748533e-01 1.008522712831418922e-01 -9.791994489818775863e-03 -6.150915422590534476e+00 -6.081070019763859004e-03 3.703756605218018472e-02 9.992953713934359383e-01 -2.680027502471873241e-02
7.812991929907042721e-02 9.961202759524655503e-01 -4.049829066398812072e-02 6.374038943361500564e+00 -9.969001183918392295e-01 7.768447001559797283e-02 -1.246102197785828487e-02 -6.428633951300579241e+00 -9.266588404464367462e-03 4.134632939911088434e-02 9.991019024026340789e-01 7.626079689550151197e-02
5.779384790972613012e-02 9.975536816694646758e-01 -3.932586084860997810e-02 6.387263166647575652e+00 -9.982779016093136226e-01 5.734931653116686484e-02 -1.234046400724769788e-02 -6.715960204355175378e+00 -1.005496406227188860e-02 3.997134074690054939e-02 9.991502337569668768e-01 8.774523058684931265e-02
4.069358650424347718e-02 9.985828914735110917e-01 -3.429636823082883590e-02 6.394769789656223224e+00 -9.991308006739423320e-01 4.035747818681211657e-02 -1.043633551821376501e-02 -7.029173811607616784e+00 -9.037431165403037037e-03 3.469124977287410538e-02 9.993572144269168289e-01 2.132239141091417031e-02
2.650224964460366414e-02 9.991539819525772081e-01 -3.144759310479625092e-02 6.387137374359846298e+00 -9.996108695489180906e-01 2.621425138775977312e-02 -9.535329246325035396e-03 -7.338835183765771930e+00 -8.702887074505397808e-03 3.168806356483553494e-02 9.994599173474038034e-01 -3.606925161038759819e-02
1.437295171625252964e-02 9.993471482909352943e-01 -3.314657541493589571e-02 6.370934565267555527e+00 -9.998365752373226112e-01 1.400064613564001165e-02 -1.143698935414334122e-02 -7.648565287586718497e+00 -1.096544922310410154e-02 3.330554173948153257e-02 9.993850608312969674e-01 -6.509004196152998016e-04
3.644232496654800039e-03 9.993293334364026226e-01 -3.643628552783260977e-02 6.378331685548085161e+00 -9.998889258437646532e-01 3.114854091174514786e-03 -1.457510408173674950e-02 -7.936045398694128394e+00 -1.445183533372459972e-02 3.648535346609804719e-02 9.992296850263910901e-01 4.599179804378342867e-02
-5.332066743612104073e-03 9.992810368022801981e-01 -3.753636305773156573e-02 6.385750477892388588e+00 -9.998571272752960759e-01 -5.929738403229765052e-03 -1.582918946952415612e-02 -8.221873394139734614e+00 -1.604038967838683494e-02 3.744659784051724422e-02 9.991698845587451139e-01 3.995792299804734604e-02
-1.193422566065703919e-02 9.992777389330970150e-01 -3.607734373035608594e-02 6.370162885484001336e+00 -9.998197851991074137e-01 -1.245787181733591827e-02 -1.432475319836105411e-02 -8.516282616809037975e+00 -1.476385391053561952e-02 3.589988722183651282e-02 9.992463293478579534e-01 6.501453302421984076e-03
-1.760484119035494663e-02 9.992007823193023164e-01 -3.588685245541634733e-02 6.344529408815289706e+00 -9.997472795467821083e-01 -1.809363947391868718e-02 -1.334156098050646132e-02 -8.815672549090434629e+00 -1.398022193926473991e-02 3.564290705150600230e-02 9.992667994942324716e-01 -3.033827814961584119e-03
-2.270407058536018027e-02 9.990285673353467288e-01 -3.776833100283411709e-02 6.320225387490389757e+00 -9.996402259240013688e-01 -2.322519218908592961e-02 -1.341674932282812573e-02 -9.102945294111112418e+00 -1.428089260048430280e-02 3.745012811279398168e-02 9.991964491584569563e-01 4.760178643985302042e-03
-2.704417711256296500e-02 9.988838748718275040e-01 -3.872488870671173672e-02 6.327001370956676141e+00 -9.995382791186656624e-01 -2.755804076565110741e-02 -1.279777190197307034e-02 -9.384958142985407648e+00 -1.385067004879353067e-02 3.836090340700535478e-02 9.991679538641128344e-01 2.875634031451048886e-02
-2.998287643370110486e-02 9.988772352653423336e-01 -3.667827680558927855e-02 6.326107071372105928e+00 -9.994640555285903005e-01 -3.044243813510337168e-02 -1.203576614650516026e-02 -9.673256467826790939e+00 -1.313882898527762161e-02 3.629775239675890608e-02 9.992546443944302359e-01 3.619108102051380588e-02
-3.248072765262089573e-02 9.989019579751600153e-01 -3.376211907668637963e-02 6.316895836440513001e+00 -9.993841783014721925e-01 -3.290804408075410220e-02 -1.217886675643407857e-02 -9.951731829242575600e+00 -1.327653915175584266e-02 3.334574917693737539e-02 9.993556896921038657e-01 7.583480983131229286e-03
-3.561746356085126325e-02 9.988446491645434078e-01 -3.226086057209993918e-02 6.301376360657888753e+00 -9.992677476625467792e-01 -3.604691086102173453e-02 -1.282921271158007394e-02 -1.024141583255478594e+01 -1.397729483529781651e-02 3.178029346526865112e-02 9.993971423695129364e-01 -1.478840608791305751e-02
-3.874496107815143114e-02 9.987320827957077984e-01 -3.214116963646748704e-02 6.292027269705371850e+00 -9.991433241084943795e-01 -3.918888563814707654e-02 -1.329846351533857558e-02 -1.052759659443218254e+01 -1.454117878581662540e-02 3.159838662001412252e-02 9.993948649470493217e-01 -8.031670832939161522e-03
-4.131164537169208090e-02 9.986333838965484322e-01 -3.201113125168758566e-02 6.278681267325573856e+00 -9.990414750245382169e-01 -4.175020687844844397e-02 -1.315490047100073209e-02 -1.079363394801300657e+01 -1.447339412434887375e-02 3.143699719973217649e-02 9.994009385975106685e-01 8.389784060327605715e-04
-4.362231508115489709e-02 9.985220365588707292e-01 -3.241660274127898533e-02 6.271698269654684132e+00 -9.989492298923707825e-01 -4.405149950708277251e-02 -1.264521603678805083e-02 -1.107550078041250075e+01 -1.405452682945924209e-02 3.183092674590151661e-02 9.993944478423406608e-01 -6.413093077842124592e-04
-4.552520854689833668e-02 9.984148391755491847e-01 -3.309477754607433042e-02 6.266887624304881221e+00 -9.988517143669364273e-01 -4.599005398449006882e-02 -1.342265401238573914e-02 -1.135242550390634442e+01 -1.492340755303378334e-02 3.244570616532201773e-02 9.993620805586129752e-01 -1.194108002849393439e-02
-4.788995618314539904e-02 9.982851157794163655e-01 -3.366570525109362916e-02 6.257934250324072245e+00 -9.987271194066531521e-01 -4.839099788567180482e-02 -1.422857284893010339e-02 -1.162342695463911291e+01 -1.583328956549536967e-02 3.294144709793422887e-02 9.993318607973175061e-01 -1.881462925927376850e-02
-5.034058936830199116e-02 9.981916479930500463e-01 -3.285207663102562847e-02 6.245028225190901949e+00 -9.986116517180129160e-01 -5.081814578068177823e-02 -1.386669075285505183e-02 -1.188855075613363610e+01 -1.551109651423596310e-02 3.210840912178852813e-02 9.993640257426689155e-01 -1.363419418809567844e-02
-5.278162794198912322e-02 9.981135755202932280e-01 -3.135905154639928583e-02 6.223247127443524818e+00 -9.985229016548844427e-01 -5.315650410606406751e-02 -1.124281734853430949e-02 -1.216422373380760469e+01 -1.288854617495560802e-02 3.071931694094561655e-02 9.994449504320774835e-01 -9.575626516482586142e-03
-5.538235299220120589e-02 9.980048232832825494e-01 -3.031777828852061027e-02 6.194312496891580366e+00 -9.984083570890285309e-01 -5.567771950603442321e-02 -8.985769048614162396e-03 -1.246427357154100157e+01 -1.065586560702094093e-02 2.977187017827453291e-02 9.994999190966715741e-01 -1.375010807833671952e-02
-5.804705529346084608e-02 9.978932279019239182e-01 -2.897662988060331624e-02 6.181983937280794095e+00 -9.982647995581859224e-01 -5.830746757907730865e-02 -8.223696709540481015e-03 -1.276692244605797733e+01 -9.895925162083971105e-03 2.844898824201685245e-02 9.995462599265688697e-01 3.796870779370038816e-04
-6.050780072323255071e-02 9.977488996617406292e-01 -2.891261446884013653e-02 6.171066117712343591e+00 -9.981178812516203758e-01 -6.076885578511478231e-02 -8.236582564674363796e-03 -1.307664375225085962e+01 -9.975027689904493802e-03 2.835981999861988609e-02 9.995480075675362563e-01 -1.154451859176000052e-02
-6.298294655620863269e-02 9.976140668607039741e-01 -2.827228403833838277e-02 6.161541776711167095e+00 -9.979619716216893144e-01 -6.324527925335023115e-02 -8.481618307633534762e-03 -1.337445861901882260e+01 -1.024947023257324202e-02 2.768046700856873973e-02 9.995642751249862457e-01 -2.462259321485587432e-02
-6.580365239197683014e-02 9.974966010882060363e-01 -2.589227972489097779e-02 6.127976197867150532e+00 -9.977881048392698293e-01 -6.602358458386092810e-02 -7.732019138352795064e-03 -1.368231849326413574e+01 -9.422163930541203880e-03 2.532621361699894519e-02 9.996348361930431636e-01 -1.652139621526161825e-02
-6.829007855364406521e-02 9.973695729282393563e-01 -2.429815153624805338e-02 6.099045460138192709e+00 -9.976258080397414352e-01 -6.848437517069590197e-02 -7.255169917538818042e-03 -1.399843660925654021e+01 -8.900129447940330341e-03 2.374500693663278775e-02 9.996784294668906723e-01 -3.723253058204648719e-02
-7.054932323273446770e-02 9.972388801918261603e-01 -2.318207982808843937e-02 6.077825838307133743e+00 -9.974561835284612155e-01 -7.076412732744744027e-02 -8.579057315443824883e-03 -1.433105287624075075e+01 -1.019582915902459558e-02 2.251786218399781311e-02 9.996944487944415814e-01 -3.123290193717039726e-02
