1.000000000000000000e+00 0.000000000000000000e+00 0.000000000000000000e+00 0.000000000000000000e+00 0.000000000000000000e+00 1.000000000000000000e+00 0.000000000000000000e+00 0.000000000000000000e+00 0.000000000000000000e+00 0.000000000000000000e+00 1.000000000000000000e+00 0.000000000000000000e+00
9.999866971288419171e-01 5.154415478667379903e-03 1.938205947741612214e-04 1.360693331188458366e-01 -5.154264561325723297e-03 9.999864192767556892e-01 -7.712450222513085899e-04 -2.677764716021822228e-02 -1.977932798308418565e-04 7.702357598552467309e-04 9.999996838072963135e-01 -4.067464495188791683e-03
9.999150358292883123e-01 1.303162779619378674e-02 3.127291074220274166e-04 3.331572588350248942e-01 -1.303108258520516670e-02 9.999136698653802169e-01 -1.686328261338992723e-03 -6.402066031940346902e-02 -3.346777117200564465e-04 1.682109785031106518e-03 9.999985292476686327e-01 8.726349945384660745e-04
9.997985069510331169e-01 2.006987751372425050e-02 3.814643745254897014e-04 4.793663344544899507e-01 -2.006945695590791473e-02 9.997980090889924121e-01 -1.076066532283193522e-03 -9.794369079751320817e-02 -4.029838456885040214e-04 1.068193929511960941e-03 9.999993482826621261e-01 -2.810432490904848750e-03
9.997047929280622469e-01 2.429333414128625329e-02 4.011395767377242652e-04 5.883052630634360014e-01 -2.429332397397433729e-02 9.997048731992173032e-01 -3.019987343182251746e-05 -9.064988510886209938e-02 -4.017548453140781643e-04 2.044594451914134736e-05 9.999999190875005217e-01 -1.754244075869950542e-02
9.996248596317243162e-01 2.738560899245888816e-02 4.103978163309637177e-04 6.704083195768003600e-01 -2.738551784519056495e-02 9.996249208048063606e-01 -2.260936430895679446e-04 -7.657693647526095382e-02 -4.164355967536365706e-04 2.147698695142757019e-04 9.999998902276424628e-01 -1.244060969681135692e-02
9.995015172829199157e-01 3.156346805504344627e-02 6.814935650750003843e-04 7.941418511683319137e-01 -3.156267647618931499e-02 9.995011214908171571e-01 -1.142625160784781733e-03 -9.596615133601703318e-02 -7.172187953425574825e-04 1.120545820974962626e-03 9.999991149867397677e-01 -3.516052956656629327e-03
9.993599176226368730e-01 3.576289348938502949e-02 8.777804642379542733e-04 9.253460856176203286e-01 -3.576080828093098490e-02 9.993577626439821282e-01 -2.286227090396865391e-03 -1.250847098303221605e-01 -9.589788167598476678e-04 2.253373577831291850e-03 9.999970013290778725e-01 2.755447733512073408e-03
9.992009266650070387e-01 3.995626853754988272e-02 1.002375352044008105e-03 1.017414306027775828e+00 -3.995327140066012861e-02 9.991974836431631868e-01 -2.850400946490319175e-03 -1.439832307169662262e-01 -1.115462315085956465e-03 2.808075092614393305e-03 9.999954352186303241e-01 4.368996917370848547e-03
9.990076565687895371e-01 4.453271134971393402e-02 7.346678014452669679e-04 1.092307611931177869e+00 -4.453011258572067005e-02 9.990027919366528675e-01 -3.238946723190434546e-03 -1.456914683562286206e-01 -8.781742642907256011e-04 3.203017735774174504e-03 9.999944847284638616e-01 2.046725170604736174e-03
9.987896286059587680e-01 4.917940766127268382e-02 8.146479346125773749e-04 1.172640632746371647e+00 -4.917729126852564414e-02 9.987870820711065578e-01 -2.441047188226131738e-03 -1.393858436269832246e-01 -9.337090883171261964e-04 2.398030435776252536e-03 9.999966888132018061e-01 3.486996784374137709e-03
9.985689533355938119e-01 5.347121808830777867e-02 9.350242827882531121e-04 1.287009887476858516e+00 -5.346956071276158518e-02 9.985680057156300915e-01 -1.715820006211026547e-03 -1.315709935002543074e-01 -1.025432319111944717e-03 1.663369250057963747e-03 9.999980908438259597e-01 1.313061131421597045e-03
9.983299233556787167e-01 5.775382218840280357e-02 1.363875095066289546e-03 1.403725606392955960e+00 -5.775261705405193569e-02 9.983305126140658015e-01 -9.070871758800991107e-04 -1.234732621878325831e-01 -1.413985874264246049e-03 8.268049146983762806e-04 9.999986585178903820e-01 5.467053963296575683e-03
9.980365208882037154e-01 6.260233314253817183e-02 2.012674459711556035e-03 1.524298059498743418e+00 -6.260189918317239643e-02 9.980385388146726378e-01 -2.779556316165192093e-04 -1.438124088992212002e-01 -2.026127347929434358e-03 1.514126279244252041e-04 9.999979359389629119e-01 1.589825451110611979e-02
9.976054454491108947e-01 6.899325122493374374e-02 4.827680156567441296e-03 1.659385702813151564e+00 -6.900145352796363540e-02 9.976153499005576686e-01 1.553400726170819143e-03 -1.637682074462008530e-01 -4.708993662048309263e-03 -1.882797971363872874e-03 9.999871401425569628e-01 3.251483776654108537e-02
9.971010467698062651e-01 7.575118397621281863e-02 7.159654793254607505e-03 1.784727515024681299e+00 -7.577129160514629869e-02 9.971218861391762944e-01 2.579835409375768902e-03 -1.817660502702629077e-01 -6.943622904831456277e-03 -3.114852878314269390e-03 9.999710414769529265e-01 1.415786044015997225e-02
9.964928052160946237e-01 8.305662469974488260e-02 1.018264435420405956e-02 1.920437698596607623e+00 -8.309326566453835439e-02 9.965365436361545148e-01 3.228993482367104473e-03 -1.952956603691892723e-01 -9.879187909991829497e-03 -4.063777945759871647e-03 9.999429420497184529e-01 6.567644768581815465e-03
9.957361856097853847e-01 9.141242519948022949e-02 1.237809300435270023e-02 2.098490258820412624e+00 -9.146524790217383516e-02 9.958011340571627512e-01 3.769593699904151465e-03 -2.060422645325719615e-01 -1.198153134907453156e-02 -4.885686197240520987e-03 9.999162829841872213e-01 -1.116720235309361792e-02
9.948430744763553379e-01 1.006277794573142148e-01 1.270067588449937633e-02 2.272786276312373843e+00 -1.006896355835806001e-01 9.949084753074389775e-01 4.327013689916784506e-03 -2.342282645842777566e-01 -1.220059230032350707e-02 -5.583526029053504508e-03 9.999099808405775835e-01 -1.922529953871704098e-02
9.937313406476038224e-01 1.110737184150484835e-01 1.267484485784291064e-02 2.435965278031174908e+00 -1.111440461826356529e-01 9.937918099816542838e-01 4.983915282166480505e-03 -2.672292111287462579e-01 -1.204257500985655115e-02 -6.361406357259210935e-03 9.999072501468773133e-01 -3.793992165191828470e-03
9.923138258131778411e-01 1.228534652058818899e-01 1.484241176228771018e-02 2.628008940554683370e+00 -1.229652757281569642e-01 9.923872093985013354e-01 6.867866288262598935e-03 -2.974888659815260183e-01 -1.388567841743647453e-02 -8.640179926499756691e-03 9.998662586694908594e-01 1.894906343573552615e-02
9.906012256662063420e-01 1.357064418526520710e-01 1.711646424652163781e-02 2.816394998474526901e+00 -1.358575682884089475e-01 9.906961284248476662e-01 7.993889089676433496e-03 -3.277059514463687706e-01 -1.587239261642658592e-02 -1.024415754030111314e-02 9.998215462715931423e-01 9.735263256546795169e-03
9.886528054309952074e-01 1.490792632863930656e-01 1.846628201368535546e-02 3.038104503511042775e+00 -1.492556242099112029e-01 9.887615560223971256e-01 8.564109637189711022e-03 -3.722200194015847230e-01 -1.698201858238379894e-02 -1.122312746761509536e-02 9.997928047624233816e-01 -1.089529787313336939e-02
9.863464725749165884e-01 1.633426043906004155e-01 2.097211553265853484e-02 3.258281286513172059e+00 -1.635729511855053275e-01 9.864828485534321567e-01 9.771343324768489921e-03 -4.186502563486591555e-01 -1.909255560378627509e-02 -1.306840085098418848e-02 9.997323097808304970e-01 -5.984009021106299203e-03
9.835792697777139271e-01 1.788847628693714109e-01 2.391781086779961457e-02 3.485658794427992646e+00 -1.791135669146551590e-01 9.837976768438149167e-01 7.775678994279804600e-03 -4.761089541383624058e-01 -2.213933627389091247e-02 -1.193200108454132990e-02 9.996836885432661690e-01 -1.145163233988204243e-02
9.804652017369612782e-01 1.948087793378069643e-01 2.715746077624782429e-02 3.723632251907904589e+00 -1.950383984729636977e-01 9.807769236298549131e-01 6.053857964895449292e-03 -5.303673652803836402e-01 -2.545606615330105182e-02 -1.123234472722983192e-02 9.996128366162208012e-01 -2.294143395624850465e-02
9.769877710287304673e-01 2.111379628795523877e-01 3.025980653252127381e-02 3.942838819045428878e+00 -2.114038628144005449e-01 9.773813562223468976e-01 5.838775223971461210e-03 -6.053692855516903393e-01 -2.834258364128053667e-02 -1.210145198059708188e-02 9.995250136002091779e-01 -4.650549897438990832e-02
9.728667972972911970e-01 2.292838228672307577e-01 3.096971565739179907e-02 4.175471125097098835e+00 -2.294554347200462585e-01 9.733169928027615159e-01 2.057911276940905480e-03 -6.809876118369978526e-01 -2.967150474691058332e-02 -9.108243122442535519e-03 9.995182047933276470e-01 -4.468421271931757865e-02
9.680268735825687809e-01 2.490586259597654950e-01 2.989603413483111691e-02 4.467794158715896025e+00 -2.491469037437864242e-01 9.684653782256603671e-01 -7.946905768728901916e-04 -7.519477490859238777e-01 -2.915119854897560772e-02 -6.679222504315926977e-03 9.995526977653034217e-01 -7.088181439080985802e-03
9.624985425097090097e-01 2.694411379182503063e-01 3.159159483160524362e-02 4.756554844983943653e+00 -2.696661253104132294e-01 9.629491746936174046e-01 3.011281612470117358e-03 -8.410639178467649302e-01 -2.960973702609316638e-02 -1.141753713370423362e-02 9.994963248151771396e-01 8.693891066828640310e-03
9.566380847241822138e-01 2.894580507197446195e-01 3.252094292566259232e-02 5.031850294294503811e+00 -2.898599844803296799e-01 9.570329991313870632e-01 8.308307327345025237e-03 -9.284254422583178012e-01 -2.871870909897367499e-02 -1.737456322064948044e-02 9.994365213962216332e-01 -4.161894010493261131e-02
9.496773117311719803e-01 3.114681074994274934e-01 3.317561745890430791e-02 5.291704429918082653e+00 -3.119502521117458183e-01 9.500417289247766739e-01 1.038043876911870153e-02 -1.015876121829756062e+00 -2.828504535037336745e-02 -2.020720941511472066e-02 9.993956298169314190e-01 -1.030299330339626979e-01
9.412337249810023287e-01 3.358061123086238942e-01 3.623989368851288084e-02 5.573155999472961142e+00 -3.363606743668229315e-01 9.416769534902524885e-01 1.029621312974247395e-02 -1.162229461890172955e+00 -3.066874138080960543e-02 -2.188081811735597543e-02 9.992900770550221523e-01 -1.042480881657079778e-01
9.323324974264988185e-01 3.595016482097555532e-01 3.891887944091972779e-02 5.900202791417300752e+00 -3.600405659369569356e-01 9.329055558416829985e-01 7.616742053941156360e-03 -1.320834895543855358e+00 -3.356940753518625892e-02 -2.111371152094532883e-02 9.992133436176414696e-01 -9.000073325477940533e-02
9.230962419943429254e-01 3.825451065727418221e-01 3.940265794551457701e-02 6.196838723156798068e+00 -3.830134877189620979e-01 9.237301842536207452e-01 4.818186809201699047e-03 -1.444178024746955113e+00 -3.455425069767913138e-02 -1.953939958190961321e-02 9.992117971795071441e-01 -5.993293310153500336e-02
9.128661363075143420e-01 4.064836404657009572e-01 3.803244952328663914e-02 6.495212202309921246e+00 -4.069384118450418697e-01 9.134432612855118983e-01 4.747354750093036799e-03 -1.583524066236452033e+00 -3.281076268582760330e-02 -1.981056399598154008e-02 9.992652277579439080e-01 -5.793471873523729082e-02
9.011184725136067719e-01 4.319585196931767790e-01 3.738095449856077696e-02 6.802835826367549465e+00 -4.324946168203002150e-01 9.016071546202635290e-01 7.276342420066250760e-03 -1.759291085809679078e+00 -3.055985792188443267e-02 -2.272390815928817739e-02 9.992745964357157007e-01 -9.611730950587715760e-02
8.881439949556655389e-01 4.580586587251109232e-01 3.718211117114088304e-02 7.131092517277739518e+00 -4.586918395301232132e-01 8.885357265838864649e-01 1.029849175931162042e-02 -1.968763781598290574e+00 -2.832032084321062237e-02 -2.620167458383718118e-02 9.992554386523699872e-01 -1.292741362737420963e-01
8.740593656363386810e-01 4.844962762175686333e-01 3.582713601044345414e-02 7.453347255518154135e+00 -4.851240724282762651e-01 8.743756496444714532e-01 1.103891568104346625e-02 -2.172670076748304702e+00 -2.597806178308704680e-02 -2.702927376231395451e-02 9.992970322511099956e-01 -1.385327541889869729e-01
8.586375752592009247e-01 5.112272315864105909e-01 3.725898599659581423e-02 7.765287940633969654e+00 -5.119657603337230967e-01 8.589013237286534652e-01 1.340060980252745851e-02 -2.371672991545818121e+00 -2.515103574234767853e-02 -3.058159220284756979e-02 9.992157883157301024e-01 -1.202763505116907911e-01
8.421930799027166348e-01 5.378011259796355858e-01 3.848071021969841354e-02 8.118436143039430064e+00 -5.386162053120955306e-01 8.424246959980647986e-01 1.460188165156742907e-02 -2.579843231223188482e+00 -2.456419221498471611e-02 -3.302393779675687896e-02 9.991526509964436809e-01 -1.341164265285151036e-01
8.250578846494955876e-01 5.637207801782420091e-01 3.870877126613104374e-02 8.470803017309680882e+00 -5.645444110810013960e-01 8.252779322622070257e-01 1.435069469473423259e-02 -2.830602830755919008e+00 -2.385570990150801332e-02 -3.369297428619529716e-02 9.991474809000144841e-01 -1.616169717438241393e-01
8.075929663938163916e-01 5.885178329572856581e-01 3.795208719552484178e-02 8.793505868636275480e+00 -5.892556072439519843e-01 8.078651267702462446e-01 1.147894943169438207e-02 -3.121008689718491436e+00 -2.390460128924107655e-02 -3.163379900920108151e-02 9.992136272076396208e-01 -2.020302418168644920e-01
7.908832446195006582e-01 6.109715918089396736e-01 3.489136544449739780e-02 9.106305239137698848e+00 -6.114078329813860124e-01 7.913120758377059083e-01 2.379160025388742279e-03 -3.423797339865537470e+00 -2.615635963081728091e-02 -2.321449193653022519e-02 9.993882790062089683e-01 -2.127770006225670474e-01
7.756534957143869091e-01 6.303168243815798766e-01 3.259379523118069444e-02 9.461655866849923768e+00 -6.303890440647709204e-01 7.762235832671098290e-01 -9.306014349476894945e-03 -3.745198752042647516e+00 -3.116580993903319413e-02 -1.332852885688688357e-02 9.994253561969274058e-01 -1.918448105194686115e-01
7.626360041955733138e-01 6.460201666910692087e-01 3.231515639839449561e-02 9.832199665677169520e+00 -6.458870911465459663e-01 7.632693793447620223e-01 -1.580253286391919421e-02 -4.058891446351291954e+00 -3.487392428252165943e-02 -8.820361846596149608e-03 9.993527958744259365e-01 -1.431468417576713947e-01
7.528102241499823322e-01 6.573471463599547260e-01 3.422711772378214667e-02 1.020193018057760348e+01 -6.574880570323269335e-01 7.534165127295839870e-01 -8.544776547598104469e-03 -4.368041262314469542e+00 -3.140416015608395173e-02 -1.607132598191740244e-02 9.993775518822073378e-01 -1.067965738535215925e-01
7.453452030734841749e-01 6.657777098790805814e-01 3.464923207682218259e-02 1.059769828412557224e+01 -6.663364455667645236e-01 7.456209283522349240e-01 6.721049962735460570e-03 -4.675382966648744087e+00 -2.136046733563929864e-02 -2.809754849302971078e-02 9.993769349969434668e-01 -2.110249349678701425e-01
7.386587640658024423e-01 6.733434896102195033e-01 3.149246367487685411e-02 1.096388156899319810e+01 -6.740107014307465949e-01 7.384445209208260197e-01 2.023027134877022556e-02 -5.052452298432182687e+00 -9.633515745268373537e-03 -3.616952476248447984e-02 9.992992348905515021e-01 -3.204621352601538242e-01
7.304446679119880326e-01 6.825927344038587030e-01 2.275403388432187951e-02 1.133375482475451257e+01 -6.829675822736587243e-01 7.301527513713930162e-01 2.079041192612448782e-02 -5.462622591796184146e+00 -2.422536319399617305e-03 -3.072651304407965703e-02 9.995248934938705254e-01 -3.472510346699364536e-01
7.200336160335271130e-01 6.938071413486457395e-01 1.353670548189799504e-02 1.171493070024300565e+01 -6.939374580539932058e-01 7.199383298787612739e-01 1.181547633158986678e-02 -5.873686111503816143e+00 -1.547931279405367119e-03 -1.790116714072705409e-02 9.998385630309295502e-01 -2.460843608836566221e-01
7.085929879127901287e-01 7.054933019559944674e-01 1.323549681925836538e-02 1.214965539507131354e+01 -7.055868033855307031e-01 7.086123596406234126e-01 3.973242093856465228e-03 -6.292606602050073050e+00 -6.575740947845289293e-03 -1.215420337890649009e-02 9.999045129267148946e-01 -1.659986638655935876e-01
6.982341113546286504e-01 7.155437033097030719e-01 2.159477702241156122e-02 1.261441593166463093e+01 -7.157405045133916621e-01 6.983632159450953170e-01 2.085380957974196023e-03 -6.720489037771756990e+00 -1.358881671550819271e-02 -1.691234072090202004e-02 9.997646306964517171e-01 -2.163932046297079859e-01
6.898371685004169862e-01 7.233614747079660789e-01 2.954416801407519846e-02 1.302907384643901523e+01 -7.237635058670041088e-01 6.900327889390549529e-01 4.597582418258845324e-03 -7.157818301068472167e+00 -1.706073065347319187e-02 -2.455457385714985424e-02 9.995529022379272543e-01 -3.169087445637628342e-01
6.830429716179514665e-01 7.297596419949784474e-01 3.005268438391560382e-02 1.342910887911828333e+01 -7.302293402794316490e-01 6.831560951277996230e-01 7.928447818003142578e-03 -7.616645667890930227e+00 -1.474481327058214768e-02 -2.736082244921939771e-02 9.995168712315555259e-01 -3.328785443129353427e-01
6.766122818623926394e-01 7.358951823792033720e-01 2.557539020318772005e-02 1.385404541375534748e+01 -7.362530128572889465e-01 6.766568802536189198e-01 8.183365078280227523e-03 -8.103704002650857774e+00 -1.128366480940134337e-02 -2.436692341102595499e-02 9.996394009601413666e-01 -2.975460859116602075e-01
6.716527137494275879e-01 7.406068593856490745e-01 1.959877404214301067e-02 1.430543619069243810e+01 -7.407884196980701885e-01 6.717303873657682889e-01 3.286933323136101339e-03 -8.613573093662468594e+00 -1.073076671376502547e-02 -1.672622253709646692e-02 9.998025225640182478e-01 -2.660065315445688805e-01
6.685534758462386984e-01 7.434735182019531763e-01 1.683382506511034785e-02 1.478154532365246432e+01 -7.435670812964489951e-01 6.686605766683222374e-01 -1.014308565919356739e-03 -9.106345065606992861e+00 -1.201022673361678422e-02 -1.183895865339310710e-02 9.998577866435858219e-01 -2.619921910689380629e-01
6.667986866551641745e-01 7.450103300193429146e-01 1.841520131353099540e-02 1.524076125430240936e+01 -7.451242555859691752e-01 6.669249418796262541e-01 -9.826679563369902868e-04 -9.623034548683612854e+00 -1.301365484417832917e-02 -1.306637146750692750e-02 9.998299429024266605e-01 -2.841331926668788643e-01
6.647572843069826654e-01 7.467020180880207247e-01 2.310517569901935145e-02 1.571261168302283551e+01 -7.469419110313623156e-01 6.648832766915847570e-01 2.830180326083041494e-03 -1.016408067587490294e+01 -1.324894356625954533e-02 -1.913960707900691852e-02 9.997290337562669826e-01 -3.208045543373381769e-01
6.624391327264659290e-01 7.487485365891530797e-01 2.345259875172623146e-02 1.620831931235409229e+01 -7.489969042612909522e-01 6.625670044284994731e-01 2.932925100869567328e-03 -1.072270835299210390e+01 -1.334289472379312884e-02 -1.950880822209688156e-02 9.997206477622352372e-01 -3.768769222481880843e-01
6.605252382591934035e-01 7.505467983770448548e-01 1.964467023402492740e-02 1.671544254706802590e+01 -7.506615974344121867e-01 6.606832968731344291e-01 -2.178846039149216762e-03 -1.129927611109271801e+01 -1.461423141504106758e-02 -1.330731673980626098e-02 9.998046506999925809e-01 -3.512963598435123735e-01
6.593991764919004961e-01 7.516265897380762784e-01 1.581757378719220869e-02 1.721130543136719382e+01 -7.516336777442205186e-01 6.595466382115707793e-01 -6.711669279152072953e-03 -1.188637203479391502e+01 -1.547709670774496775e-02 -7.463351963098986859e-03 9.998523680298877503e-01 -3.096953239027795957e-01
6.584777469990049648e-01 7.524204256508464361e-01 1.644870118014408328e-02 1.772181105155932102e+01 -7.524280219788266333e-01 6.586373291478605507e-01 -6.995741133240686478e-03 -1.246091135895078672e+01 -1.609746713445745284e-02 -7.769923833092010068e-03 9.998402371556582846e-01 -3.150320209165541896e-01
6.575896639986318348e-01 7.531741588019899014e-01 1.745051045331330597e-02 1.824004986991075938e+01 -7.532236750994428798e-01 6.577462673573173380e-01 -4.893163312754892150e-03 -1.304569724155696520e+01 -1.516341227611159997e-02 -9.926443997280969683e-03 9.998357548306189280e-01 -3.816451207166549064e-01
6.574454116284831340e-01 7.533123335866387382e-01 1.691327274383292584e-02 1.877321872523144819e+01 -7.533733808632434581e-01 6.575824213096426174e-01 -3.729368744734500897e-03 -1.366256276241815293e+01 -1.393125031506106323e-02 -1.029015309898718283e-02 9.998500052577179442e-01 -4.170439156833006256e-01
6.574044026270339236e-01 7.533887066920159636e-01 1.499693420417096482e-02 1.930547859549537293e+01 -7.534101113225502022e-01 6.575292730420282394e-01 -5.334721151512643311e-03 -1.430261598530617384e+01 -1.388004191402831405e-02 -7.791772696469435704e-03 9.998733083319663040e-01 -4.014266191621852498e-01
6.577120966640580546e-01 7.531496640333171788e-01 1.343061682389483889e-02 1.985428107937427811e+01 -7.531312781307343274e-01 6.578283921303830217e-01 -7.421887113232511317e-03 -1.492153735765607436e+01 -1.442483285640628471e-02 -5.233552680215951096e-03 9.998822601303656299e-01 -3.809029719450657825e-01
6.580504539375452433e-01 7.528364751709175628e-01 1.438199307534240509e-02 2.042449603553081161e+01 -7.528308443053579602e-01 6.581776854726876236e-01 -6.917673618915135339e-03 -1.553397527182361770e+01 -1.467378393845999995e-02 -6.275029724584943805e-03 9.998726439236563790e-01 -3.874993696058517401e-01
6.580150401369748714e-01 7.528218938757387235e-01 1.659527206409727729e-02 2.098752966186429703e+01 -7.528614192751887924e-01 6.581600060676298103e-01 -5.008969954606294454e-03 -1.617254222663421714e+01 -1.469320660999361323e-02 -9.197962513708999449e-03 9.998497422938671386e-01 -4.265863119175163920e-01
6.579256286834171963e-01 7.528645214355609294e-01 1.813503474311395705e-02 2.154461759104800578e+01 -7.529303236604114602e-01 6.580863036649491349e-01 -4.283064467441506998e-03 -1.683898166098161653e+01 -1.515898526148929532e-02 -1.083647969629254575e-02 9.998263728636256342e-01 -4.442002603241586578e-01
6.579253102248227014e-01 7.528662110745588665e-01 1.807634885170367189e-02 2.211540978836847060e+01 -7.529060405652833188e-01 6.581016302755789971e-01 -5.893921354502692708e-03 -1.749469079190487975e+01 -1.633340888727215223e-02 -9.732032206211129605e-03 9.998192373140548650e-01 -4.467166830788221743e-01
6.578288504203804177e-01 7.529397771245922577e-01 1.851743983843574110e-02 2.268845471963232896e+01 -7.529523823473094346e-01 6.580297212678980490e-01 -7.719834558052645831e-03 -1.814966449020049311e+01 -1.799759628705982842e-02 -8.864420548563864063e-03 9.997987340341185636e-01 -4.557587591713356256e-01
6.575979784618679602e-01 7.530945880659831726e-01 2.033322769733635071e-02 2.325743835656085068e+01 -7.530995990049600408e-01 6.578450924440214509e-01 -8.990457490318614145e-03 -1.880577790274988459e+01 -2.014677893443579670e-02 -9.400838954259674654e-03 9.997528352175466537e-01 -4.726046082507170398e-01
6.575974117360040561e-01 7.530631681401703803e-01 2.148275747658575513e-02 2.384562017849521354e+01 -7.531145762687506684e-01 6.578493448983683267e-01 -7.257715090015767929e-03 -1.947048253588192068e+01 -1.959793585172845548e-02 -1.140632313575150499e-02 9.997428752948801511e-01 -4.917151536751208085e-01
6.577114646745295667e-01 7.529832703832932683e-01 2.078036954833864525e-02 2.443412458134637077e+01 -7.530564913329094168e-01 6.579315444966646886e-01 -5.657173994249743883e-03 -2.012364003607970275e+01 -1.793181800746739343e-02 -1.192800398699647886e-02 9.997680594136988397e-01 -5.166195552223686871e-01
6.577597015199595498e-01 7.529909820850182456e-01 1.888798440843571236e-02 2.500329134425277999e+01 -7.530437576953739054e-01 6.579465229940597570e-01 -5.609980040796390226e-03 -2.078377342850392751e+01 -1.665154804829291346e-02 -1.053345995705290070e-02 9.998058672407001968e-01 -5.373081363665077603e-01
6.576569295939829196e-01 7.530820157551646465e-01 1.883721059906257045e-02 2.558351605454812017e+01 -7.531180373842846221e-01 6.578526431480984371e-01 -6.566709183784622504e-03 -2.145977160148534679e+01 -1.733737937113315891e-02 -9.868001276816038350e-03 9.998009991129945817e-01 -5.164788689474371086e-01
6.576093313088644532e-01 7.531103230228429757e-01 1.935997758101691904e-02 2.618256378747070201e+01 -7.531452259091374613e-01 6.578178375600992611e-01 -6.925408148935731020e-03 -2.212743283272710926e+01 -1.795093495566656497e-02 -1.002666166698823642e-02 9.997885926484824104e-01 -5.240134185982533443e-01
6.578158949467480809e-01 7.529058944809478016e-01 2.027220785343418485e-02 2.679526573923149257e+01 -7.529709330333277384e-01 6.580283815769374378e-01 -5.781266829707532029e-03 -2.279912371922603498e+01 -1.769243799844056123e-02 -1.146137404853588698e-02 9.997777825810048036e-01 -5.542220178451993107e-01
6.580985956832103856e-01 7.526244217902742228e-01 2.151088293496909373e-02 2.738164085261963621e+01 -7.527308841941411366e-01 6.583143583460137060e-01 -4.292036321219201353e-03 -2.348507975983739016e+01 -1.739121445135085459e-02 -1.336732285582025760e-02 9.997594012259026774e-01 -5.758642321337306136e-01
6.581590242190819007e-01 7.525440880854737946e-01 2.245204504245654209e-02 2.799512697495112690e+01 -7.526569876262686476e-01 6.583964287458065057e-01 -4.647751297022719233e-03 -2.417822355953938285e+01 -1.827998403545941578e-02 -1.383972912924319280e-02 9.997371174870384181e-01 -5.901407715641697749e-01
6.582507703770088536e-01 7.523745076143648625e-01 2.526902432062700168e-02 2.861531865380768735e+01 -7.524818071623744498e-01 6.585767704343670204e-01 -6.911391602729220068e-03 -2.488917551177991783e+01 -2.184154728313946262e-02 -1.446505223914170031e-02 9.996567956433833890e-01 -6.093437903062887129e-01
6.583939620015253347e-01 7.521479829809014639e-01 2.812121081488876129e-02 2.922081957058553314e+01 -7.522505616635779546e-01 6.588168929105292504e-01 -8.910336275799549469e-03 -2.558506052252020879e+01 -2.522862019147117246e-02 -1.528768502677036768e-02 9.995648070084084402e-01 -6.069358423021192772e-01
6.587049206520918521e-01 7.518763212728526435e-01 2.810382568127560085e-02 2.983784046641756760e+01 -7.519490566164167555e-01 6.591445167976354158e-01 -1.005595491699563804e-02 -2.626917300768342400e+01 -2.608531698872571317e-02 -1.450873822266678798e-02 9.995544271087912769e-01 -5.993410594796380053e-01
6.593080603250008886e-01 7.514313189699212137e-01 2.576537330623997549e-02 3.044414037129256556e+01 -7.515123304716609942e-01 6.596659967117466383e-01 -8.365998526847549452e-03 -2.696428201280258108e+01 -2.328301397024049729e-02 -1.384722547742704354e-02 9.996330104628592395e-01 -6.215515884085177634e-01
6.599622085112207825e-01 7.508893050692204696e-01 2.480191262091096735e-02 3.105645199795857891e+01 -7.510114096748521373e-01 6.602631929753758344e-01 -5.863321597279864787e-03 -2.767793406440621951e+01 -2.077849549855777939e-02 -1.475694868951048754e-02 9.996751905445045994e-01 -6.651150369991281064e-01
6.608681782818138783e-01 7.500810492280215458e-01 2.513305638928276659e-02 3.168012626267479348e+01 -7.502238683507825856e-01 6.611643536531487397e-01 -5.083779617745877097e-03 -2.838569553991824890e+01 -2.043032773267114063e-02 -1.549571061308012941e-02 9.996711882720894504e-01 -6.850708530841479460e-01
6.614978658661725408e-01 7.494904547522975857e-01 2.616546750381724615e-02 3.230603177481451382e+01 -7.496135957633660585e-01 6.618414961022187626e-01 -6.729865072456233527e-03 -2.909257557110882786e+01 -2.236136179251721479e-02 -1.516219879736885844e-02 9.996349719904827902e-01 -6.974415842631848106e-01
6.620182784439293533e-01 7.490271037968040391e-01 2.627159652377094451e-02 3.290859879209416761e+01 -7.491115359117782591e-01 6.623898036440810655e-01 -8.464915371830607910e-03 -2.980869477440676008e+01 -2.374248870764448377e-02 -1.407642732114373386e-02 9.996190016320417593e-01 -6.960529359075562361e-01
6.625194714607991475e-01 7.486268500760299149e-01 2.501578063032850949e-02 3.354791011242938481e+01 -7.486692494210843707e-01 6.628752751968155499e-01 -9.524941155523419106e-03 -3.051358988714933673e+01 -2.371296916401121474e-02 -1.241808672813796144e-02 9.996416789107180900e-01 -6.996735672236902293e-01
6.629584238393724238e-01 7.482836717299686802e-01 2.361514096362071075e-02 3.415957553675281844e+01 -7.483269940272524456e-01 6.632724928348048277e-01 -8.735574328015978385e-03 -3.121173536776848323e+01 -2.219996104842386977e-02 -1.188052486300296418e-02 9.996829571711363105e-01 -7.273540731000379678e-01
6.634636034536839366e-01 7.478741302154144899e-01 2.236810780531142684e-02 3.477958361709480783e+01 -7.479251819456514960e-01 6.637386040226996853e-01 -7.680347750066133031e-03 -3.191223215063968865e+01 -2.059051004265928866e-02 -1.163403990603122454e-02 9.997203008900279464e-01 -7.343662784963217449e-01
6.640410340533866584e-01 7.473756602063397203e-01 2.188898408896174097e-02 3.538551205297432745e+01 -7.474157838871207105e-01 6.643091491436249330e-01 -7.937276640898735178e-03 -3.261135975393981568e+01 -2.047317976548856944e-02 -1.108949481315386204e-02 9.997288992597338497e-01 -7.526683459838650059e-01
6.638265008385656474e-01 7.475669009446466173e-01 2.186562133676228301e-02 3.601271596369200978e+01 -7.475491066299131404e-01 6.641215266101763159e-01 -1.062690311367582227e-02 -3.329387758096938654e+01 -2.246575084978025966e-02 -9.291205787502729990e-03 9.997044380884632098e-01 -7.542610829879565770e-01
6.633494836811547612e-01 7.479720508780982602e-01 2.247829186474777086e-02 3.661997211230470128e+01 -7.479112363271689379e-01 6.636772361235826478e-01 -1.270074119600214484e-02 -3.399081004416598262e+01 -2.441813005762068917e-02 -8.386736944350457745e-03 9.996666532239211200e-01 -7.538615663348355866e-01
6.634473204751731856e-01 7.478778824882086340e-01 2.272280438823557833e-02 3.723311536275962652e+01 -7.477964580749474344e-01 6.637885645047838512e-01 -1.360878110786670897e-02 -3.467012094152381252e+01 -2.526084410458678819e-02 -7.963323278105106234e-03 9.996491760800346738e-01 -7.668033361668868952e-01
6.635212021674141702e-01 7.478255004379774640e-01 2.228531285394187711e-02 3.782423169739342228e+01 -7.477526123298101624e-01 6.638476815507838857e-01 -1.312579344625764734e-02 -3.533889874713196377e+01 -2.460985632331635573e-02 -7.954658656260093011e-03 9.996654832379719968e-01 -7.779774852239284000e-01
6.630943817068242208e-01 7.481971213362818007e-01 2.251463019784506053e-02 3.842177869781453126e+01 -7.481473219484674475e-01 6.634193026548239613e-01 -1.226431923602465564e-02 -3.600039562603847543e+01 -2.411276861292845075e-02 -8.711859106310997081e-03 9.996712849235648291e-01 -7.953617295306714130e-01
6.620861211814841329e-01 7.489691003357351606e-01 2.621554655422109886e-02 3.900508945045594800e+01 -7.490603828776040141e-01 6.624517242497538483e-01 -8.139769148169412327e-03 -3.664729648018637675e+01 -2.346296959283848335e-02 -1.424779915662630417e-02 9.996231736394860512e-01 -8.145422666139939816e-01
6.608215687374623393e-01 7.500303382502050420e-01 2.773708700715523182e-02 3.959540077547586634e+01 -7.502016138259292033e-01 6.611843309703568927e-01 -5.728795008823381329e-03 -3.729259265157078573e+01 -2.263609737412639739e-02 -1.702269613089204756e-02 9.995988369901719350e-01 -8.559248119953823952e-01
6.599973922635705703e-01 7.507862944453698173e-01 2.689576692115451528e-02 4.015556127354697935e+01 -7.509222600271248105e-01 6.603566914000814636e-01 -6.693244272611628687e-03 -3.790843278283130502e+01 -2.278599572197313392e-02 -1.577910631588937476e-02 9.996158353101606275e-01 -8.462754971638974943e-01
6.586778604600287412e-01 7.519501384542904843e-01 2.672948593542527965e-02 4.068629227218952593e+01 -7.519865243064339788e-01 6.590911453199881365e-01 -1.072983794448909879e-02 -3.855219890872569977e+01 -2.568547062694464048e-02 -1.303270652471926958e-02 9.995851165155036355e-01 -8.420115512878585395e-01
6.572695897813809474e-01 7.530778063495267016e-01 2.950430362506934953e-02 4.124044466380487961e+01 -7.529991971453384725e-01 6.578272477139343044e-01 -1.598503248623521847e-02 -3.917819450719660779e+01 -3.144670804855555918e-02 -1.171024119713965153e-02 9.994368288211185059e-01 -8.370444259283078559e-01
6.554684031124331511e-01 7.545288058296159006e-01 3.236438929704404943e-02 4.175181890918813110e+01 -7.544214014192337503e-01 6.561449615874744845e-01 -1.794821617908346628e-02 -3.977987376625590343e+01 -3.477817709248667843e-02 -1.265189933193303778e-02 9.993149692871703405e-01 -8.349646650487604349e-01
6.530233285973334745e-01 7.568089851898210929e-01 2.829650585517843805e-02 4.227065018231427729e+01 -7.566906447386804180e-01 6.535540038059195478e-01 -1.692431015469187186e-02 -4.034010825177783488e+01 -3.130176468857966132e-02 -1.035973190797627105e-02 9.994562899307681825e-01 -8.655773223206781886e-01
6.500813918158923066e-01 7.594923568121553226e-01 2.378116815108358845e-02 4.273880079322740499e+01 -7.594763699232823795e-01 6.504312659647381034e-01 -1.161084767197663632e-02 -4.091776418952268557e+01 -2.428636536960606870e-02 -1.051323924515924942e-02 9.996497607951037034e-01 -8.819009732149954983e-01
6.467077057606027690e-01 7.624825812103841471e-01 1.973465633366083480e-02 4.318939625414505201e+01 -7.624570305959217364e-01 6.469552441668369180e-01 -1.040137201901934066e-02 -4.149941822294865545e+01 -2.069830439208349138e-02 -8.320180032811512125e-03 9.997511464357089483e-01 -8.855475044037373067e-01
6.417889057920859175e-01 7.664941602878883042e-01 2.436601417471192729e-02 4.365757028062687084e+01 -7.664677907029735504e-01 6.421622697081551534e-01 -1.243966149755283690e-02 -4.207478794114319243e+01 -2.518186286000642649e-02 -1.069212831179040986e-02 9.996257060395475902e-01 -8.946834236557016373e-01
6.349797016471828703e-01 7.719089910486977013e-01 3.094007165855118535e-02 4.413014467260735074e+01 -7.718529006604887277e-01 6.355901147759644987e-01 -1.638004093603160835e-02 -4.262699058591588397e+01 -3.230910456890363769e-02 -1.348019054976611585e-02 9.993870152371890914e-01 -9.062730858801677503e-01
6.253803879200603433e-01 7.795726611483927426e-01 3.414434645689233550e-02 4.459545996654930633e+01 -7.794498594303843619e-01 6.261505711099726312e-01 -1.983378260971831869e-02 -4.313944314240854538e+01 -3.684137672385671969e-02 -1.421014738377927161e-02 9.992200882050070732e-01 -9.223190653047376175e-01
6.137605770749855472e-01 7.887875437694129577e-01 3.334913526310863408e-02 4.499618801309642890e+01 -7.887299313646505272e-01 6.144764790127404952e-01 -1.799311283849096971e-02 -4.366947810451289769e+01 -3.468500249523380485e-02 -1.525999784801457086e-02 9.992817836164052947e-01 -9.212524049850139285e-01
6.001143255991978620e-01 7.993763589464337738e-01 2.932972840246574064e-02 4.536525271358139833e+01 -7.994054125181184745e-01 6.006369140264290474e-01 -1.364858767584335372e-02 -4.421244460061191717e+01 -2.852687587796715399e-02 -1.525563064414723648e-02 9.994766045717590197e-01 -9.173362447207289438e-01
5.845621391424673519e-01 8.109004407149883464e-01 2.697370440671067321e-02 4.573949705032814705e+01 -8.109902054345256017e-01 5.849691982834326343e-01 -1.029192639423109207e-02 -4.476199417951706039e+01 -2.412451389041604666e-02 -1.585913956921989817e-02 9.995831608834130355e-01 -9.259711002774455579e-01
5.670194262068284363e-01 8.232363515982624724e-01 2.776472062278248845e-02 4.611391320172489117e+01 -8.233348470735876168e-01 5.674525649987257614e-01 -1.083125434467873544e-02 -4.528623100288133685e+01 -2.467184424381709332e-02 -1.671813038437955368e-02 9.995558034537439518e-01 -9.573183409360076501e-01
5.468289199814084789e-01 8.366911513666155376e-01 3.043106138099351335e-02 4.645583902607609872e+01 -8.367580383957935464e-01 5.473888427823109248e-01 -1.419295520553468665e-02 -4.582165959989225001e+01 -2.853274350619312491e-02 -1.770231686107507849e-02 9.994360962691711814e-01 -9.667530235054946353e-01
5.244675336264252863e-01 8.508227330257044363e-01 3.216338195037039827e-02 4.677357808099116454e+01 -8.508574262362215146e-01 5.251261585173245816e-01 -1.685698251498758335e-02 -4.636008001914022714e+01 -3.123213714249171297e-02 -1.852551234132538555e-02 9.993404620058191634e-01 -9.721513707415055938e-01
4.990000580153758913e-01 8.659693268476859052e-01 3.310690350390895625e-02 4.707118555563469187e+01 -8.660327890556615005e-01 4.996926592754097896e-01 -1.715967793233224431e-02 -4.690340958283903916e+01 -3.140303140022748796e-02 -2.010898369472796654e-02 9.993044973348421678e-01 -9.805704812864944886e-01
4.707740985152669144e-01 8.816204204933525412e-01 3.342427764757419789e-02 4.735504908688822212e+01 -8.817642475862100815e-01 4.714369860008225666e-01 -1.545897503668895549e-02 -4.741192384065130483e+01 -2.938638878566899801e-02 -2.219464799415859016e-02 9.993216888242508755e-01 -9.995566390535689516e-01
4.396325369484511691e-01 8.975746794492237557e-01 3.290786027519834733e-02 4.759040899243813527e+01 -8.978114547706700366e-01 4.402044378142183634e-01 -1.243561865132495996e-02 -4.794193892437525051e+01 -2.564808255682832563e-02 -2.407795133086029424e-02 9.993810224938568521e-01 -1.003802009952593943e+00
4.056093778371749892e-01 9.135066272117415842e-01 3.141137772794967697e-02 4.780725316328251751e+01 -9.137731499588439554e-01 4.060889726604743899e-01 -1.050603149874492458e-02 -4.847258562187735720e+01 -2.235314351119198698e-02 -2.444152867127195872e-02 9.994513238029051339e-01 -1.019159426175305860e+00
3.678795435960166005e-01 9.293568150403767048e-01 3.099276918240649603e-02 4.801507234557673343e+01 -9.296602077442005507e-01 3.683045966391571557e-01 -9.144519204307801838e-03 -4.899759363284471902e+01 -1.991330059524777998e-02 -2.544866268539831139e-02 9.994777766548529341e-01 -1.021847296289048579e+00
3.268905159433723728e-01 9.444001217999905551e-01 3.536948586619358820e-02 4.818439401852201343e+01 -9.448822387034846448e-01 3.273296590570201614e-01 -7.269751323530068698e-03 -4.957368941291921516e+01 -1.844303578500068250e-02 -3.104358622611149560e-02 9.993478624509360975e-01 -9.957408562534532104e-01
2.830469321281878781e-01 9.583838835171983872e-01 3.721244452215676651e-02 4.835020602386442334e+01 -9.589397503539006662e-01 2.835072718773723466e-01 -7.627711573514136048e-03 -5.016128378420141587e+01 -1.786027446653829301e-02 -3.352549190009352503e-02 9.992782655441059259e-01 -1.012922086251536680e+00
2.375848240026319225e-01 9.706151529445278259e-01 3.820571001969834402e-02 4.848105390658729874e+01 -9.712093168222660777e-01 2.380707028861197561e-01 -8.648892700006030609e-03 -5.070942556581178451e+01 -1.749040654947002157e-02 -3.505089587699224823e-02 9.992324656339757194e-01 -1.028447399810658913e+00
1.902720526639824494e-01 9.809267602714528689e-01 3.973961447204253650e-02 4.856013628888300104e+01 -9.815845351619620907e-01 1.907878185245605596e-01 -9.581682186055481137e-03 -5.124248075799364699e+01 -1.698076281884615749e-02 -3.718466466154075195e-02 9.991641278629346257e-01 -1.022319623284594803e+00
1.405567950790033716e-01 9.891514957896020421e-01 4.269784226763317925e-02 4.861792131073870138e+01 -9.899590118684423734e-01 1.410632058169025149e-01 -9.073410886479303661e-03 -5.181382175113009225e+01 -1.499807246201144070e-02 -4.099378418554230213e-02 9.990468294732601784e-01 -1.014582664175323501e+00
8.840969923452102197e-02 9.951401338205798641e-01 4.335711176750256524e-02 4.863884266403460543e+01 -9.959959884540776631e-01 8.889734585212027973e-02 -9.447374441255648042e-03 -5.239648974844265439e+01 -1.325579362566898026e-02 -4.234826985848033631e-02 9.990149688444848186e-01 -1.043670060097788399e+00
3.487627653791824239e-02 9.985425268754837269e-01 4.118819437624437335e-02 4.862183604511398016e+01 -9.993091365957491590e-01 3.537331550343258274e-02 -1.140079236516447145e-02 -5.298444775915273652e+01 -1.284113901138165745e-02 -4.076212177278377979e-02 9.990863599196373457e-01 -1.055673671552384674e+00
-1.851635841991225440e-02 9.990923821161179497e-01 3.836087158037636974e-02 4.858634521573715404e+01 -9.997582630167320961e-01 -1.804646911494142691e-02 -1.255947778572842101e-02 -5.357433300685057276e+01 -1.185580029488037500e-02 -3.858415413125248355e-02 9.991850194280054165e-01 -1.051798182622849076e+00
