1 0 0 0 0 1 0 0 0 0 1 0
1 0.000164088 -3.3536e-05 0.01262 -0.00016409 1 -3.2987e-05 -0.00314081 3.35306e-05 3.29925e-05 1 0.000822139
1 0.00032851 -2.86336e-05 0.0288445 -0.00032851 1 -2.16624e-05 -0.00587036 2.86265e-05 2.16718e-05 1 0.00137813
1 0.000565877 -8.56142e-05 0.0500831 -0.000565877 1 -5.6182e-06 -0.00757626 8.5611e-05 5.66664e-06 1 0.00186416
1 0.000966677 -0.000227866 0.0871026 -0.000966731 1 -0.000241218 -0.00448853 0.000227633 0.000241438 1 -0.00069771
0.999999 0.00166928 -0.000353286 0.144602 -0.00166936 0.999999 -0.000222105 -0.0108552 0.000352914 0.000222694 1 0.00188537
0.999996 0.00265911 -0.00055736 0.253944 -0.00265938 0.999996 -0.000483726 -0.00503112 0.000556072 0.000485206 1 0.000355198
0.999995 0.00316945 -0.000571949 0.325037 -0.00316959 0.999995 -0.000239378 -0.00882648 0.000571187 0.000241189 1 0.00182044
0.999993 0.00368043 -0.000705032 0.407437 -0.00368073 0.999993 -0.00043054 -0.0121454 0.000703443 0.000433132 1 0.00365489
0.99999 0.00448603 -0.000893439 0.514995 -0.00448651 0.99999 -0.00054157 -0.0101539 0.000891001 0.000545573 0.999999 0.00272446
0.999983 0.00562071 -0.00118978 0.658952 -0.00562116 0.999984 -0.000377445 -0.00978155 0.00118764 0.000384127 0.999999 0.00191073
0.999978 0.00653799 -0.0014668 0.770633 -0.00653897 0.999978 -0.000659795 -0.00849064 0.00146245 0.000669372 0.999999 0.00125241
0.999971 0.00745495 -0.0015082 0.874855 -0.00745578 0.999972 -0.000545206 -0.0185246 0.00150409 0.000556435 0.999999 0.00312339
0.999961 0.00868996 -0.00165841 1.03089 -0.00869072 0.999962 -0.000455645 -0.0106454 0.00165438 0.000470039 0.999999 0.00727444
0.999948 0.00997406 -0.00190424 1.18362 -0.00997418 0.99995 -5.43954e-05 -0.0112434 0.0019036 7.33859e-05 0.999998 0.0085026
0.999933 0.0113984 -0.00196026 1.35328 -0.0113984 0.999935 -4.56288e-06 -0.00878063 0.00196009 2.69065e-05 0.999998 0.00817906
0.999914 0.0129302 -0.00203809 1.52946 -0.0129295 0.999916 0.000363398 -0.0170882 0.00204262 -0.000337016 0.999998 0.00925896
0.999895 0.0143571 -0.00212073 1.72946 -0.0143567 0.999897 0.000201639 -0.0121979 0.00212341 -0.000171171 0.999998 0.0102253
0.999868 0.0161055 -0.00229886 1.91566 -0.0161048 0.99987 0.000346647 -0.017738 0.00230414 -0.000309578 0.999997 0.0114736
0.999842 0.01762 -0.00239577 2.14829 -0.0176184 0.999845 0.000710631 -0.0319291 0.00240792 -0.000668309 0.999997 0.0066771
0.999806 0.0195448 -0.00249918 2.3785 -0.0195426 0.999809 0.000903742 -0.0270593 0.00251637 -0.000854726 0.999996 0.00412121
0.999771 0.0213003 -0.00222265 2.62776 -0.0212974 0.999772 0.00131097 -0.0349496 0.00225007 -0.00126333 0.999997 0.0116156
0.99973 0.0231406 -0.00220366 2.89135 -0.0231368 0.999731 0.00172419 -0.0412763 0.00224296 -0.00167274 0.999996 0.012859
0.999685 0.0250188 -0.00210293 3.13885 -0.025014 0.999685 0.00226911 -0.0476061 0.00215904 -0.00221579 0.999995 0.0175953
0.999626 0.0272756 -0.00211628 3.41787 -0.0272695 0.999624 0.00284412 -0.0658037 0.00219306 -0.00278535 0.999994 0.0182957
0.999573 0.0291366 -0.00220045 3.69351 -0.0291295 0.999571 0.00320498 -0.0763609 0.00229289 -0.00313951 0.999992 0.0207241
0.999513 0.0311016 -0.00262318 3.98854 -0.031093 0.999511 0.00326978 -0.0908916 0.00272359 -0.00318663 0.999991 0.023271
0.999457 0.0327749 -0.00347874 4.31246 -0.0327661 0.99946 0.0025597 -0.0871706 0.00356075 -0.00244433 0.999991 0.0214127
0.999393 0.0346462 -0.00365747 4.61932 -0.0346358 0.999396 0.0028596 -0.111774 0.00375433 -0.00273119 0.999989 0.0288491
0.999343 0.0359972 -0.00415333 4.95314 -0.0359822 0.999346 0.00362357 -0.117216 0.00428106 -0.00347175 0.999985 0.029951
0.999301 0.0370953 -0.00453404 5.30396 -0.0370707 0.999298 0.00539349 -0.125791 0.00473093 -0.00522164 0.999975 0.0281354
0.999248 0.0384461 -0.00494743 5.65983 -0.0384098 0.999236 0.00724335 -0.123396 0.00522213 -0.00704788 0.999962 0.0221358
0.999197 0.039762 -0.00492756 6.0219 -0.039718 0.999173 0.00871728 -0.136206 0.0052701 -0.00851457 0.99995 0.0176259
0.999154 0.040873 -0.00456333 6.41721 -0.0408274 0.999119 0.00968367 -0.149839 0.00495511 -0.00948917 0.999943 0.0256785
0.999127 0.0415825 -0.00409347 6.80808 -0.041535 0.999076 0.0110654 -0.174127 0.00454982 -0.0108858 0.99993 0.0163632
0.999128 0.0416876 -0.00232772 7.21532 -0.041661 0.999077 0.0104749 -0.191016 0.00276224 -0.0103688 0.999942 0.0172608
0.999165 0.0408529 -0.000294899 7.63243 -0.040847 0.999102 0.0112952 -0.195193 0.000756074 -0.0112737 0.999936 0.0380465
0.999218 0.0395383 0.000647111 8.03848 -0.0395432 0.999147 0.0119289 -0.203173 -0.000174912 -0.0119451 0.999929 0.0356748
0.999294 0.0375713 0.000664394 8.45191 -0.0375768 0.99921 0.0129694 -0.217101 -0.000176593 -0.0129852 0.999916 0.0272397
0.99937 0.035478 0.000564577 8.87297 -0.0354825 0.999276 0.0137593 -0.230415 -7.60145e-05 -0.0137707 0.999905 0.0332124
0.999436 0.0335858 0.00030812 9.3014 -0.0335867 0.999325 0.014906 -0.245457 0.000192719 -0.014908 0.999889 0.0374346
0.999497 0.0317063 -0.000955516 9.72956 -0.0316861 0.99936 0.0165731 -0.254566 0.00148038 -0.0165345 0.999862 0.042478
0.999564 0.0293813 -0.00302495 10.1739 -0.0293224 0.999409 0.0179557 -0.261113 0.00355072 -0.0178591 0.999834 0.0296325
0.99962 0.027205 -0.00439054 10.6169 -0.0271219 0.99947 0.0179802 -0.270786 0.00487736 -0.0178543 0.999829 0.0267996
0.999678 0.0249005 -0.0048998 11.0682 -0.0248075 0.999527 0.0181922 -0.276679 0.00535048 -0.0180648 0.999823 0.0416362
0.999736 0.0224793 -0.00483173 11.5317 -0.0223898 0.99959 0.0178389 -0.28586 0.00523075 -0.017726 0.999829 0.0423373
0.999801 0.0194457 -0.00444496 12.0078 -0.0193624 0.999649 0.0180884 -0.291578 0.00479514 -0.0179987 0.999827 0.0432364
0.999861 0.0165356 -0.00197771 12.5023 -0.0164959 0.99969 0.0186277 -0.295013 0.00228512 -0.0185925 0.999825 0.0590333
0.9999 0.013344 0.00469403 13.0021 -0.0134616 0.999572 0.0259893 -0.290363 -0.00434522 -0.0260499 0.999651 0.0551088
0.999918 0.00968743 0.00836891 13.5076 -0.00991612 0.999566 0.0277311 -0.292241 -0.00809663 -0.0278118 0.99958 0.0130631
0.999956 0.00518701 0.0078333 14.0178 -0.00537023 0.999708 0.0235523 -0.28829 -0.00770885 -0.0235933 0.999692 0.0339505
0.99998 0.000998733 0.00621362 14.528 -0.00112116 0.999805 0.0197304 -0.302308 -0.0061927 -0.019737 0.999786 0.0686726
0.99999 -0.00354813 0.00281946 15.0552 0.00349531 0.999822 0.018526 -0.295788 -0.00288469 -0.0185159 0.999824 0.082816
0.999962 -0.00758452 -0.00432184 15.576 0.00767133 0.999762 0.0204362 -0.268993 0.00416581 -0.0204686 0.999782 0.0844803
0.999891 -0.0116418 -0.00908236 16.123 0.0118566 0.999642 0.0239682 -0.254991 0.00880008 -0.0240733 0.999671 0.0448127
0.999828 -0.0166813 -0.00814768 16.6762 0.016868 0.999584 0.0234071 -0.246638 0.00775383 -0.0235405 0.999693 0.0230108
0.999752 -0.0214477 -0.00595958 17.2375 0.0215609 0.999575 0.0196307 -0.231185 0.00553601 -0.0197543 0.99979 0.0558663
0.999654 -0.0258749 -0.00473933 17.8132 0.0259629 0.999472 0.0195455 -0.224968 0.00423109 -0.0196617 0.999798 0.0840162
0.999507 -0.0307848 -0.00612967 18.3906 0.030894 0.99935 0.0186024 -0.197793 0.00555301 -0.0187826 0.999808 0.090496
0.999308 -0.0357408 -0.0102621 18.9674 0.0359106 0.999213 0.0168629 -0.182824 0.00965131 -0.0172198 0.999805 0.0823219
0.999109 -0.0400206 -0.0133655 19.5743 0.0401907 0.999111 0.0127105 -0.149296 0.012845 -0.0132364 0.99983 0.0904285
0.998952 -0.0440272 -0.0124908 20.1819 0.0441759 0.998953 0.0118919 -0.123936 0.0119542 -0.0124312 0.999851 0.107759
0.99883 -0.0478134 -0.00726106 20.8129 0.0478969 0.998783 0.0118013 -0.0867915 0.00668796 -0.0121353 0.999904 0.109933
0.998651 -0.0519304 0.000598912 21.4451 0.0519106 0.998482 0.0183945 -0.0416969 -0.00155324 -0.0183386 0.999831 0.112585
0.998441 -0.0554006 0.00676932 22.0886 0.0552782 0.998325 0.0171019 -0.00702576 -0.00770544 -0.0167011 0.999831 0.0681766
0.998228 -0.0587461 0.00943795 22.736 0.0585624 0.998109 0.0186834 0.0345877 -0.0105177 -0.0180976 0.999781 0.146332
0.998098 -0.0610673 0.00840107 23.3958 0.0609008 0.997966 0.0188231 0.083927 -0.00953346 -0.0182756 0.999788 0.106117
0.998044 -0.062503 0.000974743 24.0363 0.0624603 0.997745 0.0245573 0.126109 -0.00250745 -0.0244484 0.999698 0.134971
0.997941 -0.0635437 -0.00865984 24.7161 0.0637331 0.997685 0.023703 0.180489 0.00713362 -0.0242061 0.999682 0.0735471
0.997763 -0.0653287 -0.014155 25.3919 0.0656888 0.997484 0.0266694 0.228818 0.0123771 -0.0275396 0.999544 0.118366
0.997664 -0.0660715 -0.0173748 26.0702 0.0664984 0.997467 0.025262 0.278783 0.0156617 -0.0263584 0.99953 0.100942
0.997634 -0.0669022 -0.0158504 26.7751 0.0672787 0.997432 0.0245521 0.323763 0.0141671 -0.0255604 0.999573 0.113196
0.997633 -0.0680588 -0.00983159 27.4821 0.0682624 0.997422 0.022115 0.372679 0.00830112 -0.0227338 0.999707 0.137784
0.997596 -0.0691474 -0.00453645 28.196 0.0692298 0.997367 0.0216 0.420284 0.00303092 -0.0218622 0.999756 0.156081
0.997563 -0.0696845 -0.00342856 28.9201 0.0697437 0.997317 0.0222213 0.473263 0.00187088 -0.0224062 0.999747 0.156203
0.997484 -0.0707304 -0.00484176 29.6554 0.0708212 0.997241 0.0222576 0.528094 0.00325411 -0.0225445 0.999741 0.160361
0.99743 -0.0714926 -0.00462877 30.3831 0.0715803 0.997172 0.0228856 0.585561 0.00297953 -0.0231581 0.999727 0.166963
0.9974 -0.0719037 -0.00482532 31.1291 0.0719991 0.997118 0.0239073 0.647467 0.00309239 -0.0241926 0.999703 0.178958
0.997336 -0.0726655 -0.00641517 31.8835 0.0728026 0.997041 0.0246595 0.710165 0.0046043 -0.0250608 0.999675 0.166417
0.997257 -0.07352 -0.00861412 32.6212 0.0737092 0.996986 0.0242159 0.763962 0.0068078 -0.0247844 0.99967 0.173419
0.997182 -0.074263 -0.0106081 33.3729 0.074502 0.996926 0.0242621 0.822505 0.00877373 -0.024984 0.999649 0.191745
0.997164 -0.0745443 -0.0103482 34.1309 0.0747741 0.996913 0.0239589 0.875589 0.00853028 -0.0246648 0.999659 0.191421
0.99709 -0.0758948 -0.00717389 34.9107 0.0760436 0.996828 0.0234588 0.938228 0.00537074 -0.0239361 0.999699 0.203601
0.997056 -0.0765665 -0.00409389 35.6646 0.0766397 0.996805 0.0225177 0.996847 0.00235671 -0.0227651 0.999738 0.213577
0.996984 -0.0774812 -0.00438216 36.4296 0.0775591 0.996747 0.0219188 1.06435 0.00266961 -0.0221925 0.99975 0.216361
0.996915 -0.0783608 -0.00446957 37.2005 0.0784384 0.996694 0.0211947 1.12008 0.00279396 -0.0214799 0.999765 0.225231
0.996841 -0.0793834 -0.00261421 37.9772 0.0794174 0.996683 0.0177564 1.18556 0.00119598 -0.0179079 0.999839 0.211907
0.996796 -0.0799724 0.00135471 38.763 0.079937 0.996649 0.0173536 1.2488 -0.00273798 -0.0171897 0.999848 0.252554
0.996741 -0.0805273 0.0047129 39.5522 0.0804381 0.996619 0.0167595 1.32106 -0.00604656 -0.0163258 0.999848 0.238645
0.996671 -0.081431 0.00406088 40.3442 0.0813499 0.996537 0.0172093 1.38769 -0.00544819 -0.0168217 0.999844 0.241568
0.996588 -0.0825258 0.00163538 41.1336 0.0824872 0.996452 0.0167053 1.45046 -0.0030082 -0.0165134 0.999859 0.231219
0.996513 -0.0834172 0.00177123 41.9311 0.0833765 0.99638 0.0165996 1.51621 -0.00314951 -0.016394 0.999861 0.238217
0.996443 -0.084077 0.00566808 42.7497 0.0839735 0.996331 0.0165193 1.584 -0.00703618 -0.0159846 0.999847 0.233337
0.996276 -0.0854461 0.0115275 43.556 0.0852259 0.996192 0.0184037 1.66257 -0.0130561 -0.0173528 0.999764 0.253662
0.996156 -0.0866803 0.0126692 44.3697 0.0864253 0.996068 0.019453 1.74586 -0.0143056 -0.0182833 0.99973 0.22402
0.996087 -0.0877536 0.0104793 45.1815 0.0875326 0.995962 0.0199578 1.82 -0.0121884 -0.0189624 0.999746 0.217049
0.996027 -0.0886153 0.00883562 45.9957 0.0884274 0.995886 0.0197717 1.89044 -0.0105514 -0.0189119 0.999765 0.221658
0.995919 -0.0895754 0.0110558 46.811 0.0893163 0.995759 0.0220487 1.97099 -0.0129839 -0.0209713 0.999696 0.223675
0.995766 -0.0904161 0.0166006 47.6268 0.0900269 0.995677 0.0228613 2.04814 -0.0185959 -0.02127 0.999601 0.193803
0.995586 -0.0912612 0.0218988 48.4382 0.0908052 0.995648 0.0209838 2.12716 -0.0237185 -0.0189027 0.99954 0.18335
0.995469 -0.0922046 0.0232498 49.2459 0.0917959 0.995614 0.0180757 2.20258 -0.0248145 -0.0158595 0.999566 0.19061
0.995391 -0.0927643 0.0243322 50.0474 0.0924064 0.995602 0.0154439 2.26603 -0.0256579 -0.0131243 0.999585 0.184216
0.995197 -0.0938298 0.0279104 50.8542 0.093404 0.995497 0.0161908 2.3504 -0.0293039 -0.0135061 0.999479 0.187239
0.994902 -0.0948546 0.0342495 51.6563 0.094262 0.995375 0.018526 2.42885 -0.0358483 -0.0152031 0.999242 0.150404
0.99456 -0.0961309 0.0401034 52.4632 0.0953731 0.995232 0.0204058 2.51602 -0.0418738 -0.01647 0.998987 0.117152
0.99431 -0.0974057 0.0431279 53.2559 0.096518 0.995083 0.0222135 2.60176 -0.0450796 -0.0179245 0.998823 0.0999567
0.994285 -0.0984443 0.0413105 54.0428 0.0975111 0.994944 0.0240324 2.68801 -0.0434674 -0.0198668 0.998857 0.0676075
0.994308 -0.0996412 0.0377194 54.8295 0.0986217 0.994731 0.0279911 2.7742 -0.0403097 -0.0241119 0.998896 0.0470138
0.994295 -0.100931 0.0345061 55.6258 0.0999194 0.994547 0.0298846 2.85413 -0.0373342 -0.0262663 0.998958 -2.20749e-05
0.994194 -0.102254 0.0335071 56.4081 0.101272 0.994412 0.0298039 2.93112 -0.0363674 -0.0262375 0.998994 -0.0196135
0.994037 -0.10388 0.033152 57.1928 0.102937 0.994265 0.029002 3.01874 -0.0359747 -0.0254165 0.999029 -0.0259085
0.993877 -0.105366 0.0332703 57.9623 0.104453 0.994133 0.0281026 3.10303 -0.0360362 -0.0244553 0.999051 -0.0403169
0.993657 -0.107017 0.0345549 58.7358 0.106074 0.993962 0.0280789 3.18759 -0.0373512 -0.0242354 0.999008 -0.0615773
0.993424 -0.108401 0.0368466 59.4977 0.107419 0.993829 0.0276693 3.26978 -0.0396186 -0.0235294 0.998938 -0.0795228
0.993163 -0.110075 0.0388604 60.2499 0.108992 0.99362 0.028976 3.36869 -0.041802 -0.0245425 0.998824 -0.0954792
0.99293 -0.111473 0.0407985 60.9912 0.110286 0.993439 0.0302755 3.44956 -0.0439057 -0.0255619 0.998709 -0.125996
0.992748 -0.112837 0.0414591 61.7333 0.111669 0.993307 0.0295056 3.5344 -0.0445109 -0.024662 0.998704 -0.16334
0.992566 -0.114338 0.0417158 62.4549 0.113146 0.993128 0.0298985 3.62332 -0.0448477 -0.0249563 0.998682 -0.162386
0.992388 -0.116021 0.0412897 63.1742 0.114831 0.992928 0.0301305 3.71276 -0.0444935 -0.0251598 0.998693 -0.188336
0.992123 -0.117832 0.0425225 63.8861 0.116544 0.992683 0.0316028 3.79662 -0.0459351 -0.0263981 0.998596 -0.218742
0.991795 -0.119892 0.0443652 64.5829 0.118527 0.992428 0.0322131 3.88925 -0.0478913 -0.0266903 0.998496 -0.254899
0.991506 -0.121763 0.0457139 65.276 0.120354 0.992202 0.0324173 3.97176 -0.0493047 -0.0266401 0.998428 -0.272122
0.991258 -0.123512 0.0463875 65.9615 0.122136 0.992016 0.0314316 4.06215 -0.0498993 -0.0254913 0.998429 -0.298414
0.990995 -0.125482 0.0467153 66.6395 0.124067 0.991755 0.0320702 4.15132 -0.0503544 -0.0259856 0.998393 -0.315406
0.990742 -0.127498 0.0466405 67.3132 0.12606 0.991487 0.0325913 4.2459 -0.0503988 -0.0264101 0.99838 -0.350612
0.990491 -0.129346 0.0468776 67.971 0.127898 0.991249 0.0326758 4.32725 -0.0506938 -0.0263695 0.998366 -0.376977
0.99014 -0.131855 0.0472973 68.6377 0.130404 0.990926 0.0325711 4.42326 -0.0511628 -0.0260821 0.99835 -0.395103
0.989753 -0.134282 0.0485454 69.2813 0.132796 0.990606 0.0326439 4.5116 -0.0524729 -0.0258628 0.998287 -0.41353
0.989269 -0.136863 0.0511372 69.9222 0.135258 0.990239 0.0336389 4.60259 -0.055242 -0.0263612 0.998125 -0.436151
0.988809 -0.139476 0.0529489 70.5546 0.137763 0.989856 0.0347463 4.69922 -0.057258 -0.027063 0.997993 -0.475473
0.988338 -0.142263 0.0542997 71.1825 0.140504 0.989463 0.0349631 4.79536 -0.0587015 -0.026926 0.997912 -0.503322
0.987962 -0.144735 0.0546226 71.7975 0.142979 0.989113 0.0348187 4.88055 -0.0590674 -0.0265896 0.9979 -0.52295
0.987572 -0.147204 0.0550602 72.3992 0.145412 0.988742 0.035277 4.97599 -0.0596332 -0.0268321 0.99786 -0.551115
0.987184 -0.14958 0.0556144 72.9896 0.147665 0.988341 0.0370965 5.07498 -0.060515 -0.0284087 0.997763 -0.584338
0.98674 -0.152221 0.0563209 73.5826 0.15021 0.987909 0.0383831 5.16724 -0.0614827 -0.0294142 0.997675 -0.614541
0.986214 -0.154863 0.0583024 74.1504 0.152808 0.987517 0.0382162 5.25952 -0.0634929 -0.0287803 0.997567 -0.643837
0.98568 -0.157681 0.0597598 74.715 0.155634 0.987102 0.0375132 5.35723 -0.0649041 -0.0276753 0.997508 -0.67296
0.985177 -0.160673 0.0600924 75.2686 0.158616 0.986624 0.037595 5.45388 -0.0653291 -0.0275061 0.997485 -0.6918
0.984625 -0.163759 0.0607975 75.8078 0.161655 0.986112 0.0380773 5.54367 -0.0661886 -0.0276636 0.997424 -0.715824
0.984053 -0.167102 0.0609698 76.339 0.164979 0.98555 0.0383781 5.64182 -0.0665018 -0.0277074 0.997402 -0.753109
0.983478 -0.170362 0.0612213 76.8613 0.168167 0.98497 0.0394084 5.72439 -0.0670149 -0.0284619 0.997346 -0.776199
0.982802 -0.173756 0.0625301 77.3708 0.171523 0.984388 0.0395076 5.8199 -0.0684185 -0.0281028 0.997261 -0.805478
0.982123 -0.17719 0.0635404 77.8739 0.174949 0.983793 0.0392956 5.91841 -0.0694734 -0.0274768 0.997205 -0.826867
0.981421 -0.180774 0.0642977 78.3537 0.178485 0.983139 0.0397672 6.01198 -0.0704025 -0.0275522 0.997138 -0.858718
0.980763 -0.184143 0.0647723 78.8313 0.181798 0.982503 0.0404533 6.1016 -0.0710882 -0.0278996 0.99708 -0.891393
0.980118 -0.187453 0.0650451 79.3011 0.185172 0.98191 0.0395464 6.19505 -0.0712815 -0.0267156 0.997098 -0.93549
0.979513 -0.190571 0.0650992 79.7492 0.188359 0.98134 0.0386352 6.28308 -0.0712472 -0.0255817 0.997131 -0.941241
0.978895 -0.193725 0.0650827 80.1958 0.191556 0.980741 0.0381172 6.36934 -0.0712135 -0.0248457 0.997152 -0.972299
0.978235 -0.19696 0.0652887 80.6421 0.194716 0.980077 0.0391818 6.46517 -0.0717052 -0.0256162 0.997097 -0.990646
0.977613 -0.199936 0.0655658 81.0702 0.197664 0.979472 0.0395468 6.55758 -0.0721267 -0.0257015 0.997064 -1.01715
0.976915 -0.203234 0.0658212 81.4974 0.20092 0.978786 0.0401191 6.65436 -0.0725784 -0.0259682 0.997025 -1.05162
0.976222 -0.206399 0.0662546 81.9056 0.20409 0.978135 0.0399775 6.74134 -0.0730573 -0.025505 0.997002 -1.073
0.975483 -0.209396 0.0677244 82.3069 0.207076 0.977518 0.0397153 6.82759 -0.074518 -0.0247175 0.996913 -1.09781
0.974761 -0.212319 0.0690001 82.7085 0.210018 0.976914 0.0391282 6.92022 -0.0757148 -0.0236494 0.996849 -1.1189
0.9741 -0.215078 0.0697882 83.1001 0.212719 0.976306 0.0397151 7.0106 -0.0766765 -0.0238412 0.996771 -1.13456
0.973481 -0.217847 0.0698339 83.4871 0.215436 0.975679 0.0404662 7.10156 -0.0769509 -0.0243483 0.996738 -1.16105
0.972812 -0.220623 0.0704391 83.858 0.218061 0.975018 0.0422939 7.18765 -0.0780104 -0.025784 0.996619 -1.19563
0.972197 -0.223197 0.0708268 84.2367 0.220588 0.974426 0.0428335 7.28094 -0.0785758 -0.026019 0.996569 -1.21351
0.971509 -0.225717 0.0722635 84.5854 0.223041 0.973848 0.0432761 7.3669 -0.0801418 -0.0259254 0.996446 -1.24276
0.970928 -0.227966 0.0730061 84.941 0.2253 0.97334 0.0429898 7.45243 -0.08086 -0.0252917 0.996405 -1.26683
0.970407 -0.230107 0.0732144 85.2796 0.227489 0.972857 0.0424057 7.53449 -0.080985 -0.0244953 0.996414 -1.29543
0.969915 -0.232317 0.0727575 85.6245 0.229697 0.972328 0.0426335 7.61564 -0.0806486 -0.0246387 0.996438 -1.3099
0.969504 -0.234229 0.0721063 85.9536 0.231637 0.971872 0.0425409 7.70033 -0.0800424 -0.0245411 0.996489 -1.33844
0.969045 -0.236343 0.0713743 86.2907 0.23372 0.971343 0.0432288 7.78404 -0.0795457 -0.0252091 0.996512 -1.35006
0.968571 -0.238246 0.0714786 86.6152 0.235607 0.970877 0.0434475 7.86784 -0.0797481 -0.0252411 0.996495 -1.38517
0.968141 -0.239989 0.0714713 86.9393 0.237319 0.97044 0.0438921 7.9509 -0.0798923 -0.0255323 0.996476 -1.41721
0.967656 -0.241978 0.071341 87.2531 0.239358 0.969963 0.0433628 8.0396 -0.0796909 -0.0248842 0.996509 -1.43781
0.967222 -0.243697 0.071372 87.5665 0.241006 0.969512 0.0442996 8.10822 -0.0799918 -0.0256465 0.996466 -1.43971
0.96673 -0.245488 0.0718868 87.8827 0.242808 0.969074 0.0440498 8.20104 -0.0804773 -0.0251296 0.99644 -1.46214
0.966183 -0.247388 0.0727316 88.1875 0.24459 0.968568 0.045284 8.28033 -0.0816483 -0.0259632 0.996323 -1.48739
0.965708 -0.249024 0.0734469 88.4922 0.246195 0.968153 0.0454792 8.36063 -0.0824332 -0.0258374 0.996262 -1.52096
0.965273 -0.250418 0.0744278 88.7924 0.247508 0.967784 0.0461949 8.4405 -0.0835981 -0.0261692 0.996156 -1.54159
0.964867 -0.251896 0.0746963 89.0892 0.249026 0.967419 0.0456699 8.51939 -0.0837667 -0.025464 0.99616 -1.5597
0.964456 -0.253384 0.0749808 89.3769 0.250455 0.967019 0.0463305 8.59171 -0.0842473 -0.0259044 0.996108 -1.56499
0.964166 -0.254558 0.0747321 89.6636 0.251653 0.966716 0.0461655 8.67338 -0.0839965 -0.0257047 0.996134 -1.58672
0.963856 -0.255885 0.0741972 89.9444 0.252921 0.966341 0.0470729 8.75519 -0.0837451 -0.0266054 0.996132 -1.61554
0.963523 -0.257327 0.0735245 90.2181 0.25434 0.965942 0.0476104 8.81932 -0.0832719 -0.0271736 0.996156 -1.63098
0.963252 -0.258209 0.0739776 90.4803 0.255239 0.965721 0.0472938 8.89439 -0.0836534 -0.0266739 0.996138 -1.66819
0.963072 -0.259008 0.0735316 90.7552 0.256063 0.965509 0.0471542 8.973 -0.0832087 -0.0265841 0.996177 -1.68022
0.962833 -0.260074 0.0728975 91.0169 0.257085 0.9652 0.0479232 9.0406 -0.0828243 -0.0274012 0.996187 -1.7115
0.962441 -0.261456 0.0731275 91.2695 0.258357 0.964796 0.0492061 9.1214 -0.0834183 -0.0284649 0.996108 -1.73909
0.962199 -0.262364 0.0730593 91.5233 0.25928 0.964555 0.0490707 9.19204 -0.0833441 -0.0282729 0.99612 -1.74962
0.96188 -0.263451 0.0733511 91.7813 0.260315 0.964248 0.0496202 9.26494 -0.0838012 -0.0286343 0.996071 -1.76402
0.96159 -0.264457 0.073529 92.0216 0.261339 0.963983 0.0493885 9.33248 -0.0839418 -0.0282756 0.996069 -1.78026
0.961224 -0.265648 0.0740295 92.2653 0.262393 0.96362 0.0508659 9.39383 -0.0848487 -0.0294687 0.995958 -1.78876
0.960944 -0.26641 0.0749113 92.5106 0.263124 0.963416 0.0509428 9.46685 -0.0857425 -0.0292422 0.995888 -1.80552
0.960635 -0.267246 0.0758962 92.7389 0.264015 0.963222 0.0499983 9.53403 -0.0864667 -0.0279924 0.995861 -1.82776
0.960365 -0.268197 0.0759532 92.9573 0.265048 0.962986 0.0490707 9.59338 -0.0863025 -0.0269946 0.995903 -1.84035
0.960125 -0.269043 0.0759965 93.1695 0.265832 0.962732 0.0498045 9.64849 -0.0865638 -0.0276162 0.995863 -1.86251
0.959898 -0.269702 0.076533 93.3714 0.266448 0.962544 0.0501431 9.7139 -0.08719 -0.0277402 0.995805 -1.88269
0.959587 -0.270722 0.0768334 93.5898 0.267477 0.962268 0.0499688 9.77704 -0.087462 -0.0273981 0.995791 -1.89085
0.959437 -0.271515 0.0758986 93.7872 0.268347 0.962054 0.0494093 9.8348 -0.086434 -0.027038 0.995891 -1.89574
0.959246 -0.272326 0.0754043 93.9744 0.269115 0.961805 0.0500865 9.88209 -0.0861641 -0.0277529 0.995894 -1.92025
0.959103 -0.273079 0.0744926 94.1741 0.269837 0.961567 0.0507631 9.94079 -0.0854919 -0.0285862 0.995929 -1.9447
0.958848 -0.273977 0.0744834 94.3555 0.270747 0.961317 0.0506545 9.99104 -0.0854803 -0.0284037 0.995935 -1.95722
0.958621 -0.274749 0.0745544 94.5375 0.271487 0.961088 0.0510368 10.0495 -0.0856756 -0.0286845 0.99591 -1.97818
0.958459 -0.275271 0.0747114 94.7229 0.272038 0.960952 0.050662 10.0949 -0.0857399 -0.0282332 0.995917 -1.99122
0.958177 -0.276339 0.0743868 94.9001 0.273124 0.960648 0.0505797 10.1525 -0.0854367 -0.0281475 0.995946 -1.99003
0.957995 -0.276966 0.0744026 95.0803 0.273715 0.960456 0.0510255 10.205 -0.0855928 -0.028517 0.995922 -2.00865
0.957837 -0.277505 0.0744275 95.2452 0.27428 0.960311 0.0507346 10.255 -0.0855526 -0.0281815 0.995935 -2.0269
0.957599 -0.278307 0.0745001 95.411 0.27511 0.960091 0.0504041 10.3106 -0.0855547 -0.0277712 0.995946 -2.03872
0.957384 -0.279099 0.0742984 95.5765 0.275912 0.959862 0.0503758 10.3597 -0.085376 -0.0277292 0.995963 -2.05755
0.957239 -0.279621 0.074195 95.7311 0.276459 0.959717 0.050131 10.4049 -0.0852239 -0.0274755 0.995983 -2.06755
0.957017 -0.280336 0.0743612 95.8964 0.277203 0.959522 0.0497565 10.4541 -0.0852998 -0.0270047 0.995989 -2.07704
0.956815 -0.281005 0.0744413 96.0351 0.277846 0.95932 0.0500569 10.4914 -0.0854793 -0.027212 0.995968 -2.09831
0.956662 -0.28158 0.0742327 96.1932 0.278415 0.959148 0.0502066 10.5362 -0.0853373 -0.0273633 0.995976 -2.10959
0.956537 -0.28202 0.0741714 96.3424 0.278862 0.95902 0.0501642 10.5846 -0.0852791 -0.0273003 0.995983 -2.11429
0.956363 -0.282621 0.0741248 96.4811 0.279509 0.958858 0.0496628 10.6227 -0.0851109 -0.0267771 0.996012 -2.12471
0.956195 -0.283287 0.0737498 96.6178 0.280208 0.958667 0.0494132 10.6623 -0.0846996 -0.0265833 0.996052 -2.12362
0.955955 -0.284025 0.0740338 96.7495 0.280951 0.958456 0.0492843 10.7048 -0.084956 -0.0263137 0.996037 -2.13461
0.955727 -0.284863 0.0737485 96.8685 0.281767 0.958197 0.049661 10.7399 -0.0848121 -0.0266825 0.99604 -2.14712
0.955471 -0.285706 0.0738133 96.9973 0.282668 0.957967 0.0489786 10.7872 -0.0847041 -0.0259329 0.996069 -2.16826
0.955162 -0.286725 0.0738581 97.118 0.283711 0.957671 0.0487272 10.8237 -0.0847031 -0.0255881 0.996078 -2.17229
0.954779 -0.288102 0.0734447 97.2425 0.285133 0.957267 0.0483652 10.8638 -0.0842404 -0.0252366 0.996126 -2.18728
0.954414 -0.289574 0.0724013 97.3623 0.286488 0.956773 0.0501065 10.8865 -0.0837811 -0.0270802 0.996116 -2.18951
0.954029 -0.290946 0.0719658 97.4866 0.287868 0.956354 0.0501974 10.9323 -0.0834295 -0.0271732 0.996143 -2.19065
0.953579 -0.292385 0.072101 97.5876 0.289341 0.955931 0.0497835 10.9708 -0.0834794 -0.0266107 0.996154 -2.20103
0.95307 -0.294057 0.0720258 97.7034 0.29102 0.955421 0.0497832 11.013 -0.083454 -0.026486 0.99616 -2.20815
0.952645 -0.295497 0.0717592 97.8048 0.292462 0.954975 0.0498797 11.0427 -0.0832676 -0.0265308 0.996174 -2.21761
0.952241 -0.296738 0.0719991 97.9082 0.293766 0.954616 0.0490939 11.0824 -0.0832995 -0.0255984 0.996196 -2.22755
0.951894 -0.297919 0.0717129 98.0179 0.294951 0.954246 0.0491723 11.1136 -0.0830811 -0.025655 0.996213 -2.23064
0.951525 -0.299158 0.0714523 98.125 0.296212 0.953864 0.0490183 11.1443 -0.08282 -0.025477 0.996239 -2.24091
0.951034 -0.300803 0.0710713 98.2122 0.297872 0.953347 0.0490107 11.1755 -0.0824981 -0.0254407 0.996266 -2.23664
0.950624 -0.302186 0.0706969 98.3063 0.299219 0.952894 0.0496088 11.1999 -0.0823578 -0.0260054 0.996263 -2.25805
0.950273 -0.303323 0.0705427 98.4114 0.300381 0.95254 0.0493836 11.2368 -0.0821739 -0.0257383 0.996286 -2.26475
0.949922 -0.304487 0.0702566 98.5061 0.301558 0.95217 0.0493491 11.2696 -0.0819224 -0.0256914 0.996308 -2.26473
0.949536 -0.305669 0.0703388 98.5849 0.302793 0.951811 0.0487102 11.2988 -0.0818384 -0.024954 0.996333 -2.28275
0.949163 -0.306761 0.0706213 98.6649 0.303984 0.951495 0.0474532 11.3312 -0.0817526 -0.0235731 0.996374 -2.2759
0.948843 -0.307779 0.0704883 98.7533 0.304989 0.951162 0.047675 11.3576 -0.0817191 -0.0237379 0.996373 -2.29364
0.948502 -0.30887 0.0703129 98.8327 0.30616 0.950829 0.0467951 11.3897 -0.0813092 -0.0228582 0.996427 -2.29518
0.948169 -0.309983 0.0698961 98.9113 0.30718 0.950436 0.0480765 11.4067 -0.0813347 -0.024114 0.996395 -2.29637
0.947894 -0.310716 0.0703733 98.9708 0.308015 0.950234 0.0467068 11.4351 -0.0813837 -0.0225971 0.996427 -2.30547
0.947604 -0.311707 0.069892 99.0561 0.30892 0.94988 0.0479305 11.4601 -0.0813292 -0.0238281 0.996402 -2.30708
0.947334 -0.312411 0.0704109 99.1165 0.30975 0.949692 0.0462649 11.4826 -0.0813223 -0.0220185 0.996445 -2.31971
0.947034 -0.313411 0.0700086 99.1704 0.310653 0.949331 0.0475977 11.498 -0.0813789 -0.0233282 0.99641 -2.32514
0.946786 -0.314192 0.0698522 99.2284 0.311545 0.949103 0.046292 11.5217 -0.0808415 -0.0220665 0.996483 -2.32412
0.946584 -0.314954 0.0691575 99.2898 0.312147 0.948795 0.0484899 11.5398 -0.0808884 -0.0243125 0.996427 -2.32848
0.946371 -0.315443 0.0698478 99.3391 0.312774 0.948684 0.0465981 11.5617 -0.0809625 -0.0222525 0.996469 -2.34017
0.946162 -0.316078 0.0698015 99.383 0.313404 0.948471 0.0466933 11.5771 -0.0809634 -0.0223034 0.996468 -2.33406
0.945946 -0.316776 0.0695685 99.4292 0.314064 0.948225 0.0472552 11.5927 -0.0809359 -0.0228519 0.996457 -2.34184
0.945736 -0.317388 0.0696362 99.4713 0.314704 0.94803 0.0469087 11.6087 -0.0809054 -0.0224484 0.996469 -2.3412
0.945595 -0.317866 0.0693633 99.5084 0.315128 0.947852 0.047663 11.6208 -0.0808965 -0.0232116 0.996452 -2.34454
0.945505 -0.31811 0.0694767 99.5321 0.315385 0.947775 0.0474807 11.6301 -0.0809524 -0.0229813 0.996453 -2.35675
0.94537 -0.318517 0.069444 99.5559 0.315752 0.947627 0.0479996 11.6364 -0.0810957 -0.0234503 0.99643 -2.36095
0.945281 -0.318744 0.0696191 99.568 0.316039 0.947571 0.0472197 11.6473 -0.08102 -0.0226336 0.996455 -2.36518
0.945168 -0.3191 0.0695126 99.5966 0.316372 0.947443 0.047539 11.6545 -0.0810289 -0.0229405 0.996448 -2.36585
0.945141 -0.319169 0.0695664 99.5992 0.316422 0.947416 0.0477615 11.656 -0.0811523 -0.0231291 0.996433 -2.37289
0.945114 -0.319232 0.0696485 99.6063 0.316496 0.947399 0.0476024 11.6597 -0.0811811 -0.0229462 0.996435 -2.37481
0.945082 -0.319455 0.0690503 99.6211 0.316674 0.947302 0.0483381 11.6598 -0.0808534 -0.0238171 0.996441 -2.36095
0.945045 -0.319556 0.0690933 99.6156 0.316784 0.947272 0.0482145 11.6596 -0.0808573 -0.0236772 0.996444 -2.36973
0.94505 -0.319539 0.0691069 99.6204 0.31682 0.947293 0.0475537 11.6625 -0.0806597 -0.0230461 0.996475 -2.36448
0.94504 -0.319626 0.0688357 99.6122 0.316877 0.947251 0.0479999 11.6543 -0.0805467 -0.0235494 0.996473 -2.37111
0.945054 -0.319559 0.0689521 99.6205 0.316821 0.947278 0.047839 11.6647 -0.0806042 -0.0233651 0.996472 -2.37318
0.94509 -0.319448 0.0689792 99.6142 0.316741 0.947325 0.0474394 11.6608 -0.0805001 -0.0229859 0.99649 -2.37453
0.9451 -0.319487 0.0686546 99.6196 0.316749 0.947298 0.0479178 11.6582 -0.0803455 -0.0235409 0.996489 -2.36904
0.945084 -0.31957 0.0684877 99.6196 0.316811 0.947262 0.048226 11.6616 -0.0802873 -0.02388 0.996486 -2.37637
0.945069 -0.319519 0.068939 99.6166 0.316812 0.9473 0.0474583 11.6627 -0.0804698 -0.0230107 0.996491 -2.37375
0.94509 -0.319471 0.0688734 99.6175 0.316797 0.947325 0.0470536 11.6602 -0.0802777 -0.022651 0.996515 -2.3697
0.945119 -0.319511 0.0682907 99.6184 0.316724 0.94727 0.0486348 11.6611 -0.0802291 -0.0243364 0.996479 -2.36479
0.945091 -0.319554 0.068464 99.6227 0.316811 0.947271 0.0480491 11.6639 -0.0802082 -0.0237206 0.996496 -2.3745
0.945092 -0.319687 0.0678307 99.6252 0.316875 0.947195 0.0491059 11.6608 -0.0799475 -0.0249158 0.996488 -2.35433
0.945079 -0.319557 0.0686212 99.62 0.316832 0.947278 0.0477783 11.6614 -0.0802712 -0.0234129 0.996498 -2.37381
0.945081 -0.319561 0.0685806 99.6191 0.316799 0.947265 0.0482403 11.6618 -0.0803797 -0.0238647 0.996479 -2.37425
0.945109 -0.319618 0.0679266 99.622 0.316858 0.947237 0.0484159 11.6565 -0.0798172 -0.0242352 0.996515 -2.34608
0.945114 -0.319568 0.0680903 99.6175 0.31683 0.947263 0.0480862 11.6608 -0.0798662 -0.0238739 0.99652 -2.35355
0.945073 -0.31957 0.068653 99.6131 0.316825 0.947269 0.0480019 11.6582 -0.0803728 -0.0236143 0.996485 -2.37717
0.945071 -0.319564 0.0687014 99.6159 0.316852 0.947281 0.047581 11.6641 -0.0802847 -0.0231993 0.996502 -2.37202
0.945083 -0.31959 0.0684111 99.6155 0.31685 0.947259 0.0480175 11.66 -0.0801489 -0.0237045 0.996501 -2.36274
0.945084 -0.319665 0.0680552 99.6218 0.316892 0.947219 0.0485373 11.656 -0.0799788 -0.0243057 0.9965 -2.35409
0.945097 -0.31961 0.0681292 99.6185 0.316835 0.947238 0.0485477 11.6616 -0.0800509 -0.0242966 0.996495 -2.35894
0.945085 -0.319676 0.0679845 99.6242 0.316916 0.947218 0.0484013 11.659 -0.0798689 -0.0241979 0.996512 -2.35598
0.945056 -0.319653 0.068488 99.6204 0.316896 0.947235 0.0481995 11.6626 -0.0802813 -0.0238476 0.996487 -2.36851
0.945079 -0.319558 0.0686224 99.6128 0.316822 0.947275 0.0479028 11.6619 -0.080312 -0.0235308 0.996492 -2.37287
0.945087 -0.319587 0.0683745 99.6146 0.31686 0.947264 0.0478566 11.6637 -0.080063 -0.0235635 0.996511 -2.36938
0.94509 -0.319546 0.068522 99.6145 0.3168 0.947274 0.0480571 11.6618 -0.0802656 -0.0237105 0.996491 -2.37635
0.945077 -0.319625 0.0683338 99.6171 0.316866 0.947241 0.0482818 11.6614 -0.0801606 -0.0239774 0.996494 -2.37005
0.945087 -0.319598 0.0683259 99.621 0.31689 0.947265 0.0476407 11.6643 -0.0799486 -0.0233728 0.996525 -2.36189
0.945106 -0.319618 0.0679585 99.6252 0.316855 0.947236 0.0484346 11.6609 -0.0798533 -0.0242428 0.996512 -2.36399
0.945069 -0.319723 0.067988 99.6228 0.316958 0.947201 0.0484596 11.6682 -0.0798919 -0.0242483 0.996509 -2.35991
0.945117 -0.319538 0.0681779 99.617 0.31681 0.947277 0.047942 11.663 -0.0799026 -0.0237114 0.996521 -2.36134
0.945098 -0.319631 0.068012 99.6204 0.316824 0.947219 0.0489786 11.659 -0.0800774 -0.0247418 0.996482 -2.36879
0.945093 -0.319598 0.0682345 99.6159 0.316863 0.947256 0.0480053 11.6578 -0.0799779 -0.0237485 0.996514 -2.37102
0.945097 -0.319597 0.0681892 99.6085 0.316816 0.947241 0.0485938 11.657 -0.0801221 -0.0243224 0.996488 -2.37647
0.945109 -0.319611 0.0679574 99.62 0.31682 0.94723 0.048794 11.664 -0.0799664 -0.0245854 0.996494 -2.36714
0.945092 -0.31958 0.0683329 99.6134 0.316822 0.947256 0.0482585 11.6612 -0.0801512 -0.0239593 0.996495 -2.37649
0.945127 -0.319514 0.068154 99.6171 0.316771 0.94728 0.0481365 11.6604 -0.0799412 -0.023906 0.996513 -2.35246
0.945099 -0.319528 0.0684859 99.6148 0.316797 0.947284 0.0478847 11.6607 -0.080176 -0.0235597 0.996502 -2.36658
0.945085 -0.31957 0.0684753 99.6174 0.316834 0.947268 0.0479611 11.6649 -0.0801914 -0.023632 0.996499 -2.36911
0.945096 -0.319563 0.0683591 99.6136 0.316822 0.947267 0.0480438 11.6579 -0.0801074 -0.0237483 0.996503 -2.37224
0.94508 -0.319636 0.0682456 99.6243 0.316881 0.947237 0.0482567 11.6628 -0.0800693 -0.0239807 0.996501 -2.3736
0.945114 -0.31969 0.0675175 99.6232 0.316844 0.947179 0.0496238 11.6586 -0.0798154 -0.0255076 0.996483 -2.36056
0.945112 -0.319612 0.0679047 99.6226 0.316805 0.947224 0.0490078 11.663 -0.0799844 -0.0248053 0.996487 -2.37894
0.945103 -0.319576 0.0681999 99.6187 0.316808 0.947253 0.0484267 11.6604 -0.0800785 -0.0241619 0.996496 -2.36706
0.945119 -0.319503 0.0683251 99.6163 0.316795 0.947297 0.0476375 11.6585 -0.0799444 -0.0233781 0.996525 -2.36459
0.945081 -0.319611 0.068342 99.622 0.316872 0.947251 0.048036 11.6665 -0.0800899 -0.0237423 0.996505 -2.36932
0.945087 -0.319576 0.06842 99.6183 0.316856 0.94727 0.0477679 11.6633 -0.0800777 -0.0234655 0.996512 -2.3704
0.945081 -0.319655 0.0681383 99.6241 0.316902 0.94723 0.048258 11.6648 -0.0799685 -0.0240146 0.996508 -2.36653
0.945103 -0.319633 0.0679393 99.6195 0.316829 0.947218 0.0489578 11.6569 -0.0800019 -0.024745 0.996488 -2.36877
0.945097 -0.3197 0.0676956 99.6203 0.316909 0.947196 0.0488747 11.6586 -0.0797462 -0.024738 0.996508 -2.36762
0.945079 -0.319646 0.0681977 99.62 0.316874 0.947227 0.0484909 11.6595 -0.0800987 -0.0242177 0.996493 -2.37418
0.945093 -0.319497 0.0687138 99.6167 0.316774 0.9473 0.0477123 11.6619 -0.0803365 -0.0233258 0.996495 -2.3798
0.945101 -0.319515 0.0685161 99.6151 0.316751 0.947279 0.0482829 11.6585 -0.080331 -0.0239297 0.996481 -2.37858
0.945095 -0.319544 0.0684689 99.6158 0.316784 0.94727 0.0482394 11.6599 -0.0802731 -0.023901 0.996486 -2.38324
0.945091 -0.319571 0.0683929 99.6146 0.316806 0.947258 0.0483386 11.6614 -0.0802333 -0.0240171 0.996487 -2.37979
0.945085 -0.319598 0.0683454 99.6145 0.316814 0.947243 0.0485774 11.6622 -0.0802649 -0.024257 0.996478 -2.38554
0.945067 -0.319652 0.0683421 99.6156 0.316861 0.947222 0.048675 11.6589 -0.0802942 -0.0243462 0.996474 -2.38738
0.945109 -0.319566 0.0681629 99.6156 0.316763 0.947244 0.0488816 11.6595 -0.0801878 -0.024607 0.996476 -2.37709
0.945057 -0.31965 0.06849 99.6153 0.316916 0.947242 0.0479306 11.6642 -0.0801976 -0.0235916 0.9965 -2.3733
0.945099 -0.319487 0.0686788 99.6137 0.316767 0.947304 0.047684 11.6609 -0.0802941 -0.0233109 0.996499 -2.3767
0.945089 -0.319545 0.0685455 99.6146 0.316812 0.947279 0.0478861 11.6597 -0.0802334 -0.0235406 0.996498 -2.37826
0.945084 -0.319638 0.0681716 99.6175 0.316834 0.94722 0.0488827 11.6616 -0.0801983 -0.0245992 0.996475 -2.37764
0.94507 -0.319634 0.0683906 99.6145 0.316879 0.94724 0.0482035 11.6627 -0.0801897 -0.0238841 0.996493 -2.37829
0.945095 -0.319591 0.0682464 99.6178 0.316817 0.947247 0.0484801 11.6643 -0.08014 -0.0241966 0.99649 -2.37273
0.945097 -0.319586 0.0682314 99.6184 0.316829 0.947253 0.048284 11.6649 -0.0800633 -0.0240153 0.9965 -2.36627
0.94512 -0.319513 0.0682636 99.6162 0.31678 0.947285 0.0479728 11.6592 -0.0799931 -0.0237155 0.996513 -2.36803
0.945072 -0.319646 0.0682968 99.6175 0.316881 0.947231 0.0483665 11.6649 -0.0801531 -0.0240679 0.996492 -2.37101
0.945096 -0.319609 0.0681418 99.6129 0.316865 0.947248 0.0481404 11.6628 -0.0799333 -0.0239055 0.996514 -2.37248
0.945057 -0.319746 0.068043 99.6199 0.316943 0.947182 0.0489172 11.6647 -0.0800902 -0.0246638 0.996482 -2.37851
0.945093 -0.319612 0.0681714 99.6223 0.31683 0.947236 0.0486065 11.6669 -0.0801096 -0.0243389 0.996489 -2.37841
0.945112 -0.319523 0.0683225 99.6154 0.316764 0.947275 0.0482796 11.664 -0.0801466 -0.0239875 0.996494 -2.37378
0.945084 -0.319535 0.0686584 99.6161 0.316809 0.947285 0.0477751 11.6642 -0.0803049 -0.0233999 0.996496 -2.38045
0.94511 -0.319554 0.0682081 99.6164 0.316815 0.947269 0.0480655 11.662 -0.0799709 -0.0238179 0.996513 -2.38185
0.945144 -0.319538 0.0678074 99.6273 0.316843 0.947281 0.0476407 11.6626 -0.0794556 -0.023543 0.99656 -2.38088
0.945149 -0.319862 0.0661855 99.6355 0.317054 0.94711 0.049585 11.6612 -0.0785453 -0.0258808 0.996575 -2.36308
0.945124 -0.320003 0.0658633 99.6423 0.317214 0.947064 0.0494397 11.667 -0.0781977 -0.0258339 0.996603 -2.36035
0.945046 -0.320136 0.0663369 99.6484 0.317354 0.947029 0.0492142 11.6663 -0.0785783 -0.0254575 0.996583 -2.36265
0.944967 -0.320277 0.0667901 99.6623 0.317597 0.947022 0.0477737 11.6821 -0.0785525 -0.0239323 0.996623 -2.37423
0.944916 -0.320484 0.066512 99.675 0.317724 0.946922 0.048881 11.6816 -0.0786472 -0.0250559 0.996588 -2.35754
0.944899 -0.320472 0.066805 99.6834 0.317786 0.946954 0.0478513 11.6898 -0.0785963 -0.0239849 0.996618 -2.37111
0.944792 -0.32092 0.0661701 99.7171 0.318168 0.946772 0.0489041 11.6939 -0.0783424 -0.025151 0.996609 -2.35362
0.944721 -0.321106 0.0662751 99.7389 0.318415 0.946731 0.048095 11.7109 -0.0781883 -0.0243335 0.996642 -2.35892
0.944574 -0.321431 0.066803 99.7616 0.31871 0.94662 0.0483175 11.7209 -0.0787678 -0.0243487 0.996596 -2.3739
0.944479 -0.321666 0.0670114 99.7949 0.319081 0.946584 0.0465416 11.7318 -0.0784028 -0.0225755 0.996666 -2.36372
0.944351 -0.3222 0.0662456 99.8299 0.319433 0.946336 0.0490913 11.735 -0.0785078 -0.0251984 0.996595 -2.37077
0.944293 -0.322381 0.0661868 99.8645 0.319686 0.946296 0.0482095 11.7509 -0.0781742 -0.0243648 0.996642 -2.37641
0.944095 -0.323033 0.0658422 99.9109 0.320262 0.946045 0.0492977 11.7613 -0.0782145 -0.025455 0.996612 -2.37045
0.943932 -0.323396 0.0663851 99.943 0.320706 0.945956 0.0481186 11.7766 -0.0783587 -0.0241306 0.996633 -2.38718
0.943801 -0.323811 0.0662353 99.9976 0.321064 0.945795 0.0488865 11.7907 -0.078475 -0.0248734 0.996606 -2.3784
0.943608 -0.324325 0.066463 100.048 0.321643 0.945643 0.0480122 11.8131 -0.0784218 -0.0239273 0.996633 -2.38283
0.943394 -0.324916 0.0666122 100.102 0.322207 0.945435 0.0483161 11.8324 -0.0786762 -0.0241181 0.996608 -2.39186
0.94321 -0.32541 0.0668001 100.154 0.322704 0.94527 0.0482424 11.8523 -0.0788427 -0.0239461 0.996599 -2.41633
0.943024 -0.325966 0.0667255 100.211 0.323254 0.945076 0.0483553 11.875 -0.0788228 -0.0240309 0.996599 -2.42688
0.942703 -0.326985 0.0662683 100.295 0.324212 0.9447 0.0492864 11.8998 -0.0787195 -0.0249774 0.996584 -2.40989
0.94243 -0.327751 0.0663675 100.36 0.325026 0.944451 0.0486811 11.9216 -0.0786362 -0.0243074 0.996607 -2.4079
0.942224 -0.328312 0.0665169 100.422 0.325567 0.944254 0.0489009 11.9467 -0.0788636 -0.02442 0.996586 -2.42484
0.941958 -0.329084 0.0664765 100.499 0.326344 0.943987 0.0488695 11.9769 -0.0788352 -0.0243388 0.996591 -2.4336
0.941582 -0.330185 0.0663387 100.601 0.327395 0.943586 0.0495733 12.0108 -0.0789646 -0.0249584 0.996565 -2.43467
0.941313 -0.330885 0.0666727 100.681 0.328165 0.943369 0.0486075 12.0382 -0.0789804 -0.0238752 0.99659 -2.43472
0.940956 -0.331903 0.0666432 100.765 0.329126 0.942995 0.04937 12.0706 -0.0792303 -0.024521 0.996555 -2.43797
0.940561 -0.332987 0.0668123 100.87 0.330217 0.942619 0.0492549 12.1078 -0.0793798 -0.0242647 0.996549 -2.45514
0.940269 -0.333755 0.067092 100.971 0.331001 0.942358 0.0489864 12.1429 -0.0795742 -0.0238529 0.996544 -2.47199
