1 0 0 0 0 1 0 0 0 0 1 0
1 7.06882e-06 -2.01972e-05 -0.00106341 -7.06931e-06 1 -2.42858e-05 -0.00238446 2.01971e-05 2.4286e-05 1 -0.000367174
1 1.60183e-05 6.40264e-07 -0.00283537 -1.60183e-05 1 -1.82887e-05 0.000933685 -6.40557e-07 1.82887e-05 1 -0.000560748
1 4.46152e-05 4.4423e-06 -0.00128139 -4.46151e-05 1 -1.97804e-05 -0.000922324 -4.44318e-06 1.97802e-05 1 -0.00021165
1 2.56469e-05 5.43321e-06 -0.000264612 -2.56467e-05 1 -2.91195e-05 -0.00174784 -5.43396e-06 2.91193e-05 1 -0.000846609
1 -5.43312e-06 -2.77619e-06 -0.00434929 5.43308e-06 1 -1.67292e-05 -0.00103907 2.77628e-06 1.67292e-05 1 -0.000751089
1 -5.70107e-05 6.36941e-06 -0.0100595 5.70108e-05 1 -3.00346e-06 -0.00115686 -6.36924e-06 3.00382e-06 1 -0.000558895
1 -6.44454e-05 7.03271e-06 -0.0142399 6.44457e-05 1 -3.26587e-05 0.00213781 -7.03061e-06 3.26592e-05 1 -0.00129252
1 -6.32623e-05 -9.71023e-06 -0.0175468 6.32623e-05 1 -6.46002e-06 0.00231817 9.71064e-06 6.45941e-06 1 -0.000901878
1 -7.43709e-05 -6.32075e-05 -0.0215014 7.43666e-05 1 -6.86405e-05 0.00639635 6.32126e-05 6.86358e-05 1 -0.00283471
1 -0.000172075 -0.000328873 -0.00948801 0.000172004 1 -0.00021385 0.0158439 0.00032891 0.000213793 1 -0.00231739
1 -0.000130075 -0.000788395 0.00734156 0.000129722 1 -0.000447915 0.0153885 0.000788453 0.000447813 1 -0.00465195
0.999999 -6.96785e-05 -0.00110768 0.0271774 6.90347e-05 1 -0.000581318 0.00710071 0.00110772 0.000581241 0.999999 0.00112196
0.999999 -0.000250868 -0.00140663 0.058587 0.000249925 1 -0.000670088 0.0104487 0.0014068 0.000669736 0.999999 0.0081005
0.999999 -0.000364918 -0.00154414 0.110912 0.000363951 1 -0.000626404 0.00925092 0.00154437 0.000625841 0.999999 0.00769359
0.999998 -0.000975956 -0.0016371 0.209544 0.000975351 0.999999 -0.000370522 0.013024 0.00163746 0.000368925 0.999999 0.0129457
0.999997 -0.00146265 -0.00177336 0.312771 0.00146172 0.999999 -0.000523231 0.0115104 0.00177412 0.000520638 0.999998 0.00494729
0.999996 -0.00181894 -0.00199549 0.424169 0.00181792 0.999998 -0.000512803 0.0152112 0.00199642 0.000509173 0.999998 0.0108899
0.999995 -0.00232003 -0.00225559 0.573959 0.00231888 0.999997 -0.000514645 0.0273919 0.00225677 0.000509412 0.999997 0.0125579
0.999994 -0.00256656 -0.00249542 0.726991 0.00256537 0.999997 -0.000478454 0.0275813 0.00249664 0.000472049 0.999997 0.0137679
0.999992 -0.00290888 -0.00271793 0.868815 0.00290773 0.999996 -0.000428906 0.0254866 0.00271917 0.000420999 0.999996 0.0102542
0.99999 -0.00328513 -0.00313006 1.06017 0.00328421 0.999995 -0.000299753 0.0202318 0.00313103 0.00028947 0.999995 0.00968883
0.999988 -0.00337665 -0.00354843 1.25595 0.00337581 0.999994 -0.000244925 0.021164 0.00354924 0.000232944 0.999994 0.0107363
0.999986 -0.0035622 -0.00384396 1.48422 0.00356318 0.999994 0.000248397 0.0195632 0.00384305 -0.000262091 0.999993 0.0209176
0.999985 -0.0035765 -0.0041886 1.7005 0.00357819 0.999994 0.000395247 0.0343208 0.00418716 -0.000410228 0.999991 0.0181044
0.999954 -0.00430031 -0.00862263 1.97983 0.00432618 0.999986 0.00298401 0.0273344 0.00860968 -0.00302118 0.999958 0.0237337
0.999922 -0.00472987 -0.0115213 2.25625 0.00475885 0.999986 0.00248973 0.0267828 0.0115093 -0.00254437 0.999931 -0.00232551
0.999915 -0.00407852 -0.0123892 2.51724 0.00411215 0.999988 0.00268987 0.025894 0.0123781 -0.00274058 0.99992 0.0374388
0.999909 -0.0037929 -0.0129475 2.82261 0.00382233 0.99999 0.00224891 0.0256284 0.0129388 -0.0022982 0.999914 0.03832
0.999904 -0.00358667 -0.013347 3.1396 0.00361909 0.999991 0.00240558 0.0337593 0.0133382 -0.00245365 0.999908 0.0470795
0.999915 -0.0017747 -0.0128828 3.45983 0.00180947 0.999995 0.00268798 0.0236523 0.012878 -0.00271107 0.999913 0.0550072
0.999912 -0.0001453 -0.013246 3.79278 0.000181425 0.999996 0.0027261 0.0209954 0.0132455 -0.00272826 0.999909 0.0571893
0.999918 0.000925501 -0.0127472 4.12273 -0.000880549 0.999993 0.00353162 0.0263734 0.0127504 -0.00352011 0.999913 0.058697
0.999922 0.00261593 -0.012245 4.46683 -0.00256734 0.999989 0.00398224 0.0376587 0.0122553 -0.00395049 0.999917 0.0556142
0.999918 0.00439284 -0.0120064 4.84591 -0.00434052 0.999981 0.0043801 0.0214352 0.0120254 -0.00432762 0.999918 0.0650209
0.999906 0.00574832 -0.0124092 5.21561 -0.00569782 0.999975 0.00410142 0.0248361 0.0124325 -0.00403033 0.999915 0.0622054
0.999894 0.00721111 -0.0126222 5.58936 -0.00717021 0.999969 0.00328264 0.00951684 0.0126455 -0.00319179 0.999915 0.0727602
0.999898 0.00816442 -0.0116916 5.99368 -0.00815224 0.999966 0.00108917 0.0083443 0.0117001 -0.000993744 0.999931 0.0592878
0.99991 0.00788835 -0.0108235 6.41509 -0.00791133 0.999967 -0.00208232 -0.00279022 0.0108068 0.00216777 0.999939 0.0816868
0.999934 0.00553609 -0.0100433 6.83518 -0.00560075 0.999964 -0.00642141 -0.00590314 0.0100074 0.00647723 0.999929 0.0858337
0.999965 0.000479244 -0.00836136 7.23988 -0.000554896 0.999959 -0.00904783 -0.00783063 0.00835668 0.00905216 0.999924 0.12399
0.999935 -0.00749288 -0.00864729 7.66623 0.00740949 0.999926 -0.00963643 -0.008507 0.00871885 0.00957173 0.999916 0.116416
0.999812 -0.0173957 -0.00857936 8.10178 0.0173136 0.999804 -0.00955725 0.00198064 0.00874394 0.00940691 0.999918 0.113128
0.999539 -0.0291498 -0.00844513 8.52689 0.0290527 0.999513 -0.0114045 0.0271831 0.00877345 0.0111539 0.999899 0.107908
0.99905 -0.0427759 -0.0083102 8.97412 0.0426682 0.999008 -0.0127342 0.0566269 0.00884667 0.0123675 0.999884 0.122088
0.998176 -0.0598273 -0.0081159 9.42477 0.0597034 0.998107 -0.0147437 0.0924601 0.00898262 0.0142323 0.999858 0.131986
0.996818 -0.0793633 -0.0074482 9.87211 0.0792428 0.996738 -0.0152767 0.131532 0.00863631 0.0146379 0.999856 0.149141
0.994858 -0.101063 -0.00666787 10.3339 0.100958 0.994786 -0.0144577 0.199463 0.00809424 0.0137102 0.999873 0.152202
0.992201 -0.124494 -0.00614589 10.8059 0.1244 0.992136 -0.0138414 0.275606 0.00782073 0.0129689 0.999885 0.155381
0.98868 -0.149984 -0.00417313 11.2843 0.149929 0.988632 -0.0113047 0.367885 0.00582123 0.0105511 0.999927 0.176913
0.984458 -0.175622 -0.000396749 11.7515 0.175614 0.984431 -0.00746636 0.477546 0.00170183 0.00728064 0.999972 0.154563
0.979576 -0.201055 0.00278752 12.2367 0.201069 0.979552 -0.00695387 0.582225 -0.00133241 0.00737233 0.999972 0.144648
0.974044 -0.226311 0.00474175 12.7166 0.226332 0.974039 -0.00463797 0.71798 -0.00356903 0.0055908 0.999978 0.170659
0.967867 -0.251426 0.00428371 13.1979 0.251441 0.967867 -0.00322156 0.868344 -0.00333608 0.00419514 0.999986 0.164811
0.960566 -0.278019 0.00419094 13.695 0.278032 0.960568 -0.00281164 1.01855 -0.003244 0.00386598 0.999987 0.161151
0.952047 -0.305934 0.00325733 14.1784 0.305947 0.952037 -0.00466324 1.18823 -0.00167446 0.00543619 0.999984 0.160028
0.94194 -0.335777 0.00153347 14.6566 0.335778 0.941911 -0.00758376 1.36835 0.00110205 0.00765835 0.99997 0.181041
0.930221 -0.366994 0.00226217 15.1185 0.367 0.930185 -0.00818606 1.58042 0.0009 0.00844506 0.999964 0.19352
0.916877 -0.399153 0.00367502 15.5851 0.399168 0.916862 -0.00532204 1.81362 -0.00124518 0.0063466 0.999979 0.196216
0.901942 -0.43183 0.00490135 16.0489 0.431852 0.901931 -0.00487734 2.04681 -0.0023145 0.00651573 0.999976 0.152438
0.885407 -0.464783 0.00555158 16.4989 0.464811 0.885392 -0.00567841 2.30772 -0.00227609 0.00760814 0.999968 0.182461
0.867836 -0.496812 0.00618888 16.9428 0.496844 0.867819 -0.00594502 2.58684 -0.00241728 0.00823421 0.999963 0.186043
0.849244 -0.527961 0.00645456 17.3842 0.527996 0.849223 -0.00630819 2.89122 -0.00215089 0.00876517 0.999959 0.195472
0.829098 -0.559074 0.0056705 17.8232 0.559102 0.829072 -0.00666984 3.19247 -0.000972315 0.00870034 0.999962 0.190612
0.807715 -0.589528 0.00736009 18.2536 0.58957 0.80769 -0.00661492 3.52723 -0.00204499 0.00968225 0.999951 0.190322
0.786104 -0.617976 0.0120804 18.6665 0.618058 0.78612 -0.00454241 3.88614 -0.00668952 0.0110372 0.999917 0.19888
0.764334 -0.644648 0.0149058 19.0799 0.644767 0.764364 -0.00478654 4.2493 -0.00830786 0.0132693 0.999877 0.181416
0.742238 -0.669969 0.0150046 19.4878 0.670073 0.74229 -0.00281357 4.63919 -0.00925278 0.0121425 0.999883 0.223772
0.720107 -0.693727 0.0137061 19.8691 0.693802 0.720165 -0.000963809 5.0399 -0.00920203 0.0102034 0.999906 0.197151
0.698521 -0.715505 0.0110345 20.2432 0.715537 0.698574 0.00140645 5.45132 -0.00871471 0.00691314 0.999938 0.210638
0.677936 -0.735087 0.00710658 20.61 0.735069 0.677971 0.0054063 5.88448 -0.00879216 0.0015587 0.99996 0.188147
0.658276 -0.752753 0.0060742 20.9832 0.752689 0.658301 0.00996671 6.33596 -0.0115011 -0.00198886 0.999932 0.183417
0.63941 -0.768855 0.00402529 21.3322 0.768712 0.639378 0.0166447 6.7992 -0.015371 -0.00754847 0.999853 0.196317
0.621109 -0.78372 0.00249737 21.6909 0.783494 0.621001 0.022243 7.27742 -0.0189832 -0.0118587 0.999749 0.160426
0.602615 -0.798019 0.0044611 22.0459 0.797619 0.602474 0.0287762 7.77403 -0.0256517 -0.0137827 0.999576 0.139497
0.584202 -0.811547 0.00993033 22.3908 0.811042 0.584208 0.0301883 8.26703 -0.0303006 -0.00958215 0.999495 0.119053
0.564916 -0.825047 0.0129277 22.724 0.824412 0.565005 0.0333947 8.78143 -0.0348565 -0.00820745 0.999359 0.173659
0.545039 -0.838333 0.0113717 23.0386 0.837643 0.54507 0.0353955 9.3013 -0.0358716 -0.00976651 0.999309 0.117635
0.524021 -0.851657 0.00900709 23.3595 0.851002 0.523989 0.0350991 9.8386 -0.034612 -0.0107276 0.999343 0.0876386
0.50245 -0.864554 0.00952798 23.6612 0.863895 0.502453 0.0350144 10.3775 -0.0350592 -0.0093618 0.999341 0.0694431
0.4803 -0.877035 0.0110215 23.9575 0.876467 0.480392 0.0320756 10.9287 -0.0334261 -0.00574592 0.999425 0.0423241
0.457365 -0.889139 0.0158214 24.2475 0.888609 0.457638 0.0306674 11.508 -0.034508 3.28872e-05 0.999404 0.0517182
0.433578 -0.900962 0.0166323 24.5124 0.900409 0.433895 0.0316021 12.0914 -0.0356889 0.00127386 0.999362 0.0782378
0.4086 -0.912666 0.00933081 24.7505 0.912002 0.408663 0.0353004 12.6836 -0.0360306 -0.00591401 0.999333 0.0511196
0.383564 -0.923458 0.0102 24.9874 0.922798 0.383678 0.0351335 13.2785 -0.0363578 -0.00406343 0.999331 -0.0927129
0.356941 -0.934001 0.0153211 25.2238 0.933501 0.357254 0.0307583 13.906 -0.0342019 0.00332338 0.999409 -0.04575
0.331131 -0.943456 0.0156136 25.4201 0.943157 0.331433 0.0246337 14.4996 -0.0284157 0.00656913 0.999575 0.00733616
0.305867 -0.952037 0.00846398 25.6026 0.951915 0.305966 0.0155689 15.1312 -0.0174118 0.00329499 0.999843 -0.0208467
0.27856 -0.960402 0.00574067 25.7937 0.960395 0.27859 0.00537641 15.7961 -0.0067628 0.00401565 0.999969 -0.101503
0.2516 -0.967816 0.00542925 25.9486 0.967825 0.251615 0.00232225 16.4288 -0.00361359 0.00467028 0.999983 -0.0934664
0.225825 -0.974154 0.00522106 26.0849 0.974138 0.225857 0.0066388 17.0998 -0.00764643 0.00358682 0.999964 -0.0915497
0.201839 -0.979378 0.00888644 26.2176 0.979273 0.201957 0.015436 17.7923 -0.0169124 0.00558667 0.999841 -0.123485
0.178656 -0.983808 0.0142953 26.3309 0.983647 0.178926 0.020581 18.4815 -0.0228055 0.0103846 0.999686 -0.115959
0.157894 -0.987243 0.0205131 26.4509 0.98712 0.158348 0.0228051 19.179 -0.0257623 0.0166481 0.999529 -0.100001
0.139628 -0.989995 0.0203347 26.5414 0.98977 0.140146 0.0267313 19.8955 -0.0293137 0.0163942 0.999436 -0.0850543
0.12425 -0.992041 0.0203998 26.6263 0.991758 0.12481 0.0289603 20.6195 -0.0312759 0.0166334 0.999372 -0.146767
0.11148 -0.993556 0.0204701 26.707 0.993256 0.112059 0.0297445 21.3443 -0.0318467 0.0170161 0.999348 -0.168509
0.102191 -0.994559 0.0202522 26.7721 0.994295 0.102747 0.0286297 22.0791 -0.0305548 0.017211 0.999385 -0.174061
0.0960572 -0.995202 0.0186011 26.8383 0.995039 0.0964942 0.0242245 22.828 -0.0259032 0.0161819 0.999533 -0.187717
0.0918108 -0.99564 0.0164561 26.9056 0.995546 0.0921326 0.0199993 23.5935 -0.0214283 0.0145466 0.999665 -0.225999
0.0895585 -0.995858 0.0157138 26.9722 0.99579 0.0898396 0.0181976 24.3564 -0.0195339 0.0140179 0.999711 -0.257692
0.0893428 -0.995876 0.015766 27.0477 0.995821 0.0896167 0.0176132 25.1221 -0.0189534 0.0141265 0.999721 -0.260626
0.0909311 -0.995668 0.0193905 27.1214 0.995655 0.0912874 0.0183589 25.9042 -0.0200495 0.0176369 0.999643 -0.278215
0.0942101 -0.99535 0.0200873 27.1904 0.995312 0.0946117 0.0200795 26.6789 -0.0218867 0.0181015 0.999597 -0.256212
0.0991158 -0.994908 0.0182746 27.2603 0.994813 0.0994953 0.0211815 27.4722 -0.0228919 0.0160803 0.999609 -0.269645
0.10436 -0.994425 0.0150743 27.3385 0.994346 0.104626 0.0181288 28.2709 -0.0196049 0.0130972 0.999722 -0.293742
0.109264 -0.993926 0.0131348 27.4331 0.993933 0.109412 0.0112041 29.0773 -0.0125732 0.011831 0.999851 -0.318834
0.114566 -0.99333 0.0130521 27.5344 0.993382 0.114661 0.00676078 29.89 -0.00821225 0.0121912 0.999892 -0.326765
0.119847 -0.992732 0.0109752 27.6274 0.992748 0.119939 0.00809992 30.7148 -0.0093574 0.00992484 0.999907 -0.298719
0.124998 -0.992145 0.00493172 27.7183 0.992113 0.125038 0.008782 31.5344 -0.00932967 0.00379509 0.999949 -0.288056
0.129292 -0.991604 -0.00214321 27.8104 0.991603 0.129286 0.00294402 32.3585 -0.00264221 -0.00250585 0.999993 -0.334235
0.133157 -0.99107 -0.00709424 27.9265 0.99109 0.133175 -0.00213212 33.2134 0.00305785 -0.00674713 0.999973 -0.352847
0.137368 -0.990491 -0.00756035 28.0455 0.99052 0.137372 5.43107e-05 34.0754 0.000984785 -0.00749614 0.999971 -0.35081
0.141632 -0.98987 -0.00984896 28.1613 0.989895 0.141551 0.008472 34.9509 -0.00699205 -0.0109493 0.999916 -0.325074
0.145446 -0.989329 -0.00857484 28.2829 0.989314 0.145344 0.0115155 35.8287 -0.0101463 -0.0101581 0.999897 -0.358074
0.148756 -0.988831 -0.00921372 28.4182 0.988821 0.148645 0.0117432 36.7169 -0.0102424 -0.0108576 0.999889 -0.333738
0.15193 -0.988317 -0.0121005 28.5418 0.988356 0.15181 0.0102954 37.6151 -0.00833812 -0.0135238 0.999874 -0.323578
0.154849 -0.987822 -0.0151573 28.6793 0.987925 0.154749 0.00754783 38.5194 -0.00511033 -0.016143 0.999857 -0.370668
0.157714 -0.987344 -0.0166442 28.83 0.987483 0.157658 0.00467255 39.4176 -0.00198933 -0.0171727 0.999851 -0.358215
0.161957 -0.986613 -0.0190771 28.9683 0.986798 0.161919 0.00352687 40.3424 -0.000390703 -0.0193965 0.999812 -0.328717
0.165955 -0.985834 -0.0242859 29.116 0.986133 0.16592 0.00347262 41.2922 0.000606079 -0.0245254 0.999699 -0.335173
0.169885 -0.985033 -0.029148 29.2738 0.985459 0.169903 0.00186951 42.2171 0.00311082 -0.0290418 0.999573 -0.350668
0.175124 -0.983966 -0.0338083 29.4241 0.984519 0.175272 -0.00143733 43.1482 0.00733993 -0.0330332 0.999427 -0.338804
0.181766 -0.982585 -0.038562 29.5913 0.983275 0.182069 -0.00448522 44.1061 0.0114281 -0.0371018 0.999246 -0.324762
0.188942 -0.981071 -0.0424356 29.7785 0.981908 0.189303 -0.00461596 45.0914 0.0125618 -0.0407957 0.999089 -0.317229
0.195852 -0.979657 -0.0437439 29.9667 0.980558 0.196194 -0.00362959 46.0615 0.012138 -0.0421825 0.999036 -0.306606
0.202306 -0.978249 -0.0458413 30.1553 0.979255 0.20262 -0.00226323 47.0398 0.0115024 -0.0444325 0.998946 -0.265156
0.208827 -0.97655 -0.0523625 30.3471 0.977908 0.209031 0.00159784 48.0192 0.00938503 -0.0515393 0.998627 -0.254176
0.215174 -0.975062 -0.0543553 30.5612 0.976539 0.215317 0.00327109 49.0207 0.00851412 -0.0537839 0.998516 -0.299848
0.220787 -0.973866 -0.0532653 30.7813 0.975229 0.22119 -0.00171067 50.0066 0.0134477 -0.0515682 0.998579 -0.266882
0.225515 -0.972677 -0.0551603 31.014 0.974031 0.226278 -0.00791627 51.006 0.0201815 -0.0519426 0.998446 -0.219435
0.22882 -0.971939 -0.0545538 31.2491 0.973262 0.229568 -0.00776826 52.0313 0.0200741 -0.0513176 0.998481 -0.221015
0.230132 -0.971994 -0.0476195 31.4997 0.973088 0.230433 -0.000866293 53.0506 0.0118151 -0.0461385 0.998865 -0.205188
0.230943 -0.972134 -0.0402523 31.7354 0.972935 0.231076 0.00135629 54.0449 0.00798286 -0.0394761 0.999189 -0.14671
0.231303 -0.97198 -0.0418866 31.9797 0.972818 0.231565 -0.00143822 55.0784 0.0110974 -0.0404153 0.999121 -0.107823
0.231273 -0.971845 -0.0450453 32.2217 0.972767 0.231729 -0.00510766 56.1075 0.0154022 -0.0426373 0.998972 -0.139906
0.231302 -0.971783 -0.0462193 32.47 0.97272 0.23187 -0.00724283 57.1491 0.0177553 -0.0432832 0.998905 -0.131037
0.231261 -0.971859 -0.0448184 32.7188 0.972701 0.231882 -0.00911576 58.2061 0.0192518 -0.0414868 0.998954 -0.105491
0.231122 -0.971941 -0.0437319 32.9643 0.972666 0.231863 -0.0126501 59.2523 0.0224349 -0.0396129 0.998963 -0.0704457
0.230993 -0.971934 -0.0445761 33.2105 0.972589 0.23192 -0.0168196 60.3139 0.0266857 -0.039469 0.998864 -0.0275315
0.230598 -0.97194 -0.0464408 33.4605 0.972594 0.231687 -0.0195475 61.384 0.0297587 -0.0406605 0.99873 -0.01122
0.23057 -0.971891 -0.0475882 33.7139 0.972561 0.231737 -0.0205908 62.4623 0.03104 -0.0415348 0.998655 0.0185686
0.230521 -0.971863 -0.0484091 33.9639 0.972504 0.231795 -0.0225227 63.5496 0.03311 -0.0418861 0.998574 0.0762232
0.230688 -0.971784 -0.0491832 34.2207 0.972384 0.232079 -0.0246757 64.633 0.0353939 -0.0421325 0.998485 0.0922822
0.230289 -0.971918 -0.0483971 34.4845 0.972354 0.231798 -0.0282422 65.7406 0.0386675 -0.0405552 0.998429 0.135405
0.230279 -0.971944 -0.0479261 34.7454 0.972267 0.231864 -0.0305867 66.8469 0.0408409 -0.0395535 0.998382 0.194557
0.230328 -0.97197 -0.0471452 35.0041 0.972261 0.231883 -0.0306351 67.963 0.0407086 -0.0387813 0.998418 0.242694
0.230385 -0.97204 -0.0453854 35.266 0.972299 0.231837 -0.0297826 69.0757 0.0394719 -0.0372667 0.998525 0.288658
0.230484 -0.972041 -0.0448651 35.5321 0.972262 0.231932 -0.0302418 70.1978 0.0398019 -0.0366504 0.998535 0.35073
0.230501 -0.971996 -0.0457536 35.7905 0.972149 0.232075 -0.0326619 71.3282 0.0423655 -0.0369508 0.998419 0.38883
0.230335 -0.971943 -0.0476651 36.0592 0.972061 0.232085 -0.0351188 72.4698 0.0451958 -0.0382443 0.998246 0.443838
0.230085 -0.97188 -0.0501041 36.3241 0.972093 0.231948 -0.0351624 73.6167 0.0457951 -0.0406155 0.998125 0.50846
0.229964 -0.971813 -0.0519232 36.5907 0.972246 0.231772 -0.0319204 74.763 0.043055 -0.0431416 0.998141 0.564197
0.229939 -0.971844 -0.0514468 36.8606 0.972372 0.231607 -0.029161 75.9292 0.0402554 -0.0433202 0.99825 0.595812
0.230266 -0.971814 -0.0505526 37.125 0.972368 0.231828 -0.0274959 77.0967 0.0384404 -0.0428243 0.998343 0.655117
0.230052 -0.971875 -0.0503478 37.3978 0.97233 0.231703 -0.0298017 78.2599 0.0406293 -0.0420988 0.998287 0.683302
0.228586 -0.972292 -0.04896 37.6773 0.972173 0.230629 -0.0411192 79.4375 0.0512714 -0.0381983 0.997954 0.719198
0.226419 -0.972743 -0.0500627 37.9534 0.972153 0.228873 -0.0503592 80.6133 0.0604445 -0.0372663 0.997476 0.838751
0.223581 -0.973507 -0.047914 38.2274 0.972681 0.226003 -0.0530496 81.7929 0.0624729 -0.0347442 0.997442 0.914702
0.220068 -0.97453 -0.0431509 38.5044 0.973665 0.222144 -0.0512779 82.9799 0.0595575 -0.0307299 0.997752 0.994118
0.216202 -0.975558 -0.0392797 38.7607 0.974629 0.218034 -0.0505943 84.161 0.0579219 -0.0273445 0.997947 1.06891
0.211847 -0.976483 -0.0400233 39.0167 0.975564 0.213734 -0.0509115 85.3496 0.0582685 -0.0282599 0.997901 1.14773
0.207992 -0.977263 -0.0411995 39.2706 0.976373 0.209957 -0.0511201 86.5673 0.0586079 -0.0295936 0.997842 1.19543
0.20395 -0.978114 -0.0411886 39.5271 0.977253 0.205909 -0.0507765 87.779 0.0581463 -0.0298958 0.99786 1.27746
0.199886 -0.979017 -0.0396374 39.7707 0.978107 0.201764 -0.0509721 88.9951 0.0579 -0.028581 0.997913 1.33781
0.195695 -0.979833 -0.0403875 40.0072 0.978917 0.197639 -0.0515882 90.2129 0.05853 -0.0294405 0.997851 1.44157
0.19133 -0.980648 -0.0414918 40.2349 0.979733 0.193363 -0.0522812 91.4384 0.0592924 -0.0306479 0.99777 1.51752
0.187287 -0.981392 -0.0423396 40.472 0.980584 0.189336 -0.0510669 92.664 0.0581331 -0.0319534 0.997797 1.60579
0.183691 -0.982036 -0.043163 40.6971 0.98145 0.18568 -0.0477455 93.8967 0.0549023 -0.0335919 0.997927 1.6647
0.180128 -0.98272 -0.0426198 40.9214 0.98219 0.182047 -0.0464875 95.1409 0.0534429 -0.0334871 0.998009 1.71853
0.176749 -0.983362 -0.0419343 41.1477 0.982758 0.178669 -0.0475803 96.3876 0.0542811 -0.0328015 0.997987 1.79724
0.173111 -0.983965 -0.0429529 41.358 0.98331 0.175145 -0.0492554 97.6372 0.0559887 -0.0337094 0.997862 1.87793
0.170034 -0.984455 -0.0440068 41.5753 0.983778 0.17217 -0.0503819 98.8788 0.0571753 -0.0347262 0.99776 1.94028
0.167166 -0.984887 -0.0453098 41.7713 0.984234 0.169395 -0.0508731 100.14 0.0577795 -0.0360912 0.997677 2.03898
0.165103 -0.98518 -0.046496 41.9756 0.984612 0.167378 -0.0502412 101.405 0.0572791 -0.0374856 0.997654 2.09447
0.163578 -0.985388 -0.0474658 42.1785 0.984868 0.165906 -0.0501122 102.667 0.0572548 -0.0385502 0.997615 2.16913
0.162289 -0.985566 -0.0481968 42.3894 0.984989 0.164718 -0.0516205 103.943 0.0588142 -0.0390959 0.997503 2.2598
0.161091 -0.985663 -0.0501765 42.5982 0.985148 0.163653 -0.0519708 105.213 0.0594373 -0.0410592 0.997387 2.33638
0.159535 -0.985837 -0.0517094 42.7975 0.985417 0.162169 -0.0515172 106.493 0.0591732 -0.0427365 0.997333 2.40909
0.158519 -0.98601 -0.0515432 43.0037 0.9857 0.16106 -0.0495573 107.795 0.0571656 -0.0429503 0.99744 2.49721
0.157476 -0.986226 -0.0505963 43.1974 0.986131 0.159767 -0.0449388 109.085 0.0524034 -0.0428178 0.997708 2.59035
0.156714 -0.986461 -0.0483316 43.3998 0.986307 0.15886 -0.0442927 110.376 0.051371 -0.0407285 0.997849 2.64983
0.1561 -0.986519 -0.049122 43.5978 0.986361 0.158317 -0.0450308 111.667 0.0522006 -0.0414227 0.997777 2.72863
0.1559 -0.986449 -0.0511332 43.7991 0.986351 0.158243 -0.0455076 112.982 0.0529824 -0.0433406 0.997654 2.79595
0.156834 -0.986255 -0.0520011 44.0132 0.986283 0.159148 -0.0437925 114.299 0.0514664 -0.0444196 0.997686 2.86137
0.157663 -0.986189 -0.0507414 44.2049 0.986141 0.159927 -0.0441601 115.601 0.0516651 -0.0430757 0.997735 2.93427
0.158966 -0.985927 -0.051744 44.4119 0.985872 0.161322 -0.0450759 116.919 0.052789 -0.0438474 0.997643 3.01171
0.16021 -0.985695 -0.0523219 44.6192 0.98564 0.162616 -0.0455027 118.262 0.0533602 -0.0442805 0.997593 3.07544
0.161819 -0.985402 -0.0528891 44.846 0.985485 0.164155 -0.0432648 119.594 0.0513152 -0.0451203 0.997663 3.14704
0.163371 -0.985243 -0.0510465 45.0556 0.985467 0.165411 -0.0386491 120.932 0.0465224 -0.0439904 0.997948 3.22538
0.165064 -0.985087 -0.0485628 45.2821 0.98531 0.166887 -0.0362248 122.269 0.0437891 -0.04187 0.998163 3.31458
0.166499 -0.984904 -0.0473625 45.4951 0.98517 0.168179 -0.0339896 123.625 0.0414418 -0.0410009 0.998299 3.37198
0.167974 -0.984614 -0.0481704 45.724 0.984965 0.169633 -0.0326911 124.987 0.0403594 -0.0419549 0.998304 3.41692
0.16912 -0.984438 -0.0477472 45.9537 0.984857 0.17067 -0.0304787 126.354 0.0381535 -0.0418695 0.998394 3.46838
0.170395 -0.984245 -0.0471903 46.1941 0.984766 0.171779 -0.0269862 127.709 0.0346673 -0.0418731 0.998521 3.52999
0.170718 -0.984279 -0.0452794 46.4238 0.984786 0.171958 -0.0250503 129.092 0.0324427 -0.040314 0.99866 3.58735
0.171171 -0.984233 -0.0445555 46.6593 0.984747 0.172342 -0.0239052 130.46 0.0312071 -0.039784 0.998721 3.64302
0.171211 -0.984209 -0.0449351 46.8971 0.984761 0.172365 -0.0231654 131.854 0.0305449 -0.0402841 0.998721 3.69612
0.171253 -0.984222 -0.0444974 47.1301 0.984783 0.172357 -0.0222508 133.231 0.0295691 -0.0400097 0.998762 3.73805
0.171163 -0.98422 -0.0448912 47.369 0.984839 0.17222 -0.0208106 134.623 0.0282133 -0.0406486 0.998775 3.7859
0.170969 -0.984291 -0.0440501 47.6029 0.984911 0.171952 -0.0195458 136.018 0.0268132 -0.0400438 0.998838 3.80865
0.170653 -0.984336 -0.0442793 47.85 0.985002 0.171585 -0.0181484 137.435 0.0254618 -0.0405181 0.998854 3.86483
0.170295 -0.984496 -0.0420499 48.0964 0.985099 0.171132 -0.0171578 138.837 0.0240878 -0.0385014 0.998968 3.89475
0.169599 -0.984654 -0.0411372 48.3382 0.985223 0.170415 -0.0171826 140.251 0.0239293 -0.0376152 0.999006 3.94499
0.169068 -0.984777 -0.0403789 48.5687 0.985321 0.16986 -0.0170475 141.653 0.0236467 -0.0369039 0.999039 3.98672
0.168422 -0.984961 -0.038548 48.8071 0.985478 0.16911 -0.0153108 143.081 0.0215994 -0.0354095 0.999139 4.01317
0.16779 -0.985118 -0.0372725 49.0547 0.985612 0.168416 -0.0143257 144.512 0.0203898 -0.0343325 0.999202 4.05143
0.166536 -0.985359 -0.0365057 49.2924 0.985837 0.167132 -0.013897 145.94 0.0197948 -0.0336743 0.999237 4.08024
0.165092 -0.985618 -0.0360829 49.5227 0.986078 0.165685 -0.014083 147.372 0.0198588 -0.0332555 0.99925 4.1215
0.163741 -0.985854 -0.0357742 49.767 0.986308 0.164323 -0.0139497 148.812 0.0196309 -0.0330002 0.999263 4.13348
0.162274 -0.986116 -0.0352383 50.0001 0.986555 0.162842 -0.0138787 150.268 0.0194242 -0.0325123 0.999283 4.17329
0.160817 -0.986433 -0.0329788 50.2306 0.986813 0.161322 -0.0132376 151.721 0.0183782 -0.0304151 0.999368 4.20802
0.159414 -0.986716 -0.0312859 50.4624 0.987071 0.159846 -0.011805 153.181 0.0166491 -0.0289996 0.999441 4.24341
0.158269 -0.987007 -0.0277249 50.7075 0.987297 0.158588 -0.00972287 154.645 0.0139934 -0.0258339 0.999568 4.26714
0.157006 -0.987275 -0.0252343 50.9457 0.987527 0.157248 -0.00793076 156.121 0.0117979 -0.0236743 0.99965 4.31272
0.155473 -0.98759 -0.0222208 51.1696 0.987806 0.155615 -0.00481488 157.596 0.00821301 -0.0212012 0.999741 4.32454
0.154189 -0.987852 -0.0193302 51.4032 0.988021 0.154283 -0.00347974 159.064 0.00641979 -0.0185621 0.999807 4.33818
0.152369 -0.988158 -0.0181099 51.6292 0.9883 0.152468 -0.00418226 160.555 0.00689391 -0.0172608 0.999827 4.35183
0.150242 -0.988507 -0.0167446 51.8627 0.988616 0.150354 -0.00561675 162.037 0.00806981 -0.0157101 0.999844 4.36501
0.147569 -0.988951 -0.0141309 52.0787 0.98902 0.147664 -0.0059002 163.521 0.00792163 -0.0131051 0.999883 4.38485
0.144808 -0.989403 -0.0106414 52.3038 0.989434 0.144874 -0.005724 165.008 0.007205 -0.00970008 0.999927 4.41497
0.141479 -0.989915 -0.00726269 52.5241 0.989925 0.141515 -0.00471722 166.503 0.00569742 -0.00652213 0.999962 4.43779
0.137872 -0.990446 -0.00290647 52.7356 0.990441 0.137882 -0.00380636 167.987 0.00417074 -0.0023539 0.999989 4.4605
0.133808 -0.991006 -0.001438 52.941 0.991005 0.133811 -0.00201472 169.478 0.00218902 -0.00115548 0.999997 4.49262
0.129649 -0.99156 0.000154552 53.138 0.99156 0.129649 0.000800578 170.971 -0.000813859 4.94533e-05 1 4.47979
0.126148 -0.992007 0.00297271 53.3338 0.992005 0.126157 0.00310724 172.453 -0.00345743 0.00255698 0.999991 4.46994
0.122516 -0.992453 0.00527271 53.5115 0.992466 0.122517 -0.000139817 173.95 -0.000507234 0.00525012 0.999986 4.49229
0.119567 -0.992805 0.00645673 53.6989 0.992826 0.119564 -0.000891692 175.438 0.000113283 0.00651703 0.999979 4.52004
0.117125 -0.993095 0.00669081 53.8634 0.993117 0.117124 -0.00058073 176.928 -0.000206936 0.00671278 0.999977 4.53989
0.116742 -0.993142 0.00630107 54.0479 0.993162 0.116746 0.000329295 178.413 -0.00106266 0.00621954 0.99998 4.54295
0.117006 -0.993108 0.00673147 54.2196 0.99313 0.117011 0.000425218 179.918 -0.00120994 0.00663547 0.999977 4.52348
0.117451 -0.993042 0.0085141 54.3983 0.993079 0.117451 -0.000422047 181.422 -0.000580883 0.00850474 0.999964 4.54665
0.117491 -0.993026 0.00981122 54.5834 0.993073 0.117499 0.000296696 182.919 -0.00144744 0.0097084 0.999952 4.55418
0.117687 -0.992964 0.0131301 54.7543 0.993043 0.117729 0.00242232 184.408 -0.00395106 0.0127537 0.999911 4.5656
0.117923 -0.992886 0.0164495 54.931 0.99301 0.117989 0.00312761 185.89 -0.00504623 0.0159657 0.99986 4.55472
0.11875 -0.992754 0.0184076 55.1134 0.992911 0.118824 0.00300749 187.389 -0.00517296 0.01792 0.999826 4.58262
0.119423 -0.992668 0.0186847 55.2896 0.992826 0.11951 0.00361499 188.88 -0.0058215 0.018119 0.999819 4.58995
0.120706 -0.992542 0.017025 55.4636 0.992644 0.120845 0.00734906 190.362 -0.00935163 0.0160127 0.999828 4.58185
0.122333 -0.992353 0.0164317 55.6433 0.992422 0.1225 0.00960024 191.867 -0.0115397 0.0151327 0.999819 4.55951
0.12483 -0.992066 0.0149257 55.8367 0.992104 0.124991 0.0103429 193.357 -0.0121264 0.0135167 0.999835 4.55021
0.126943 -0.991813 0.0138836 56.015 0.991844 0.127084 0.00980577 194.855 -0.0114899 0.0125256 0.999856 4.53611
0.129209 -0.991524 0.0135846 56.2138 0.991555 0.129342 0.0094664 196.343 -0.0111432 0.0122467 0.999863 4.52243
0.130049 -0.991391 0.0151937 56.4066 0.991446 0.130196 0.00914327 197.84 -0.0110427 0.0138747 0.999843 4.52964
0.130375 -0.99133 0.0163462 56.6061 0.991404 0.130532 0.00895979 199.324 -0.0110158 0.0150375 0.999826 4.54986
0.130137 -0.991368 0.0159563 56.7898 0.991444 0.130278 0.00817301 200.809 -0.0101812 0.0147562 0.999839 4.53275
0.13029 -0.991369 0.0145297 56.9807 0.991425 0.130418 0.00817882 202.292 -0.0100032 0.0133395 0.999861 4.51781
0.130544 -0.991349 0.0135939 57.1794 0.991391 0.130664 0.00838758 203.784 -0.0100913 0.0123819 0.999872 4.51525
0.130821 -0.991297 0.014682 57.3787 0.991337 0.130972 0.00984806 205.274 -0.0116853 0.0132665 0.999844 4.48245
0.131066 -0.991151 0.0209943 57.5786 0.991261 0.131341 0.0123327 206.766 -0.0149809 0.0191944 0.999704 4.489
0.131591 -0.991009 0.024188 57.7815 0.991199 0.131894 0.0113642 208.26 -0.0144523 0.0224797 0.999643 4.50196
0.131944 -0.990929 0.025521 57.9839 0.991157 0.132253 0.0108106 209.742 -0.0140877 0.0238689 0.999616 4.48877
0.132734 -0.990869 0.0236561 58.183 0.991048 0.133027 0.0112709 211.23 -0.0143149 0.0219483 0.999657 4.47904
0.1335 -0.990791 0.0226087 58.3772 0.990955 0.133766 0.0107087 212.726 -0.0136343 0.0209746 0.999687 4.422
0.134151 -0.990733 0.0212369 58.5824 0.990869 0.1344 0.0107452 214.223 -0.0134998 0.0196015 0.999717 4.43894
0.134615 -0.99067 0.0212723 58.7784 0.990797 0.134877 0.0114037 215.715 -0.0141664 0.0195414 0.999709 4.42425
0.134703 -0.990653 0.021464 58.9723 0.990763 0.134996 0.0128274 217.208 -0.0156051 0.0195378 0.999687 4.42598
0.135246 -0.990574 0.0217345 59.182 0.990697 0.135532 0.0122826 218.694 -0.0151125 0.0198711 0.999688 4.4154
0.135382 -0.990586 0.0202808 59.3767 0.990704 0.135616 0.0106468 220.194 -0.013297 0.0186509 0.999738 4.40015
0.135637 -0.990586 0.0184861 59.5852 0.990678 0.135841 0.0102622 221.685 -0.0126767 0.0169218 0.999776 4.36441
0.135595 -0.990587 0.0187242 59.7887 0.990691 0.135791 0.00963279 223.182 -0.0120847 0.0172437 0.999778 4.36382
0.135459 -0.990587 0.0197005 59.9845 0.990711 0.135662 0.0093486 224.671 -0.0119332 0.0182512 0.999762 4.35388
0.135457 -0.990584 0.0198853 60.1856 0.990712 0.135661 0.00930518 226.154 -0.0119152 0.0184401 0.999759 4.34033
0.135867 -0.990526 0.0199769 60.395 0.990658 0.136068 0.00904984 227.661 -0.0116823 0.0185607 0.999759 4.32891
0.136042 -0.990495 0.0203156 60.5992 0.990647 0.136224 0.00786543 229.163 -0.0105581 0.0190555 0.999763 4.32672
0.136064 -0.990516 0.0191196 60.797 0.990663 0.136201 0.0060188 230.655 -0.00856581 0.0181221 0.999799 4.35059
0.136437 -0.990479 0.0183327 61.0066 0.990619 0.136552 0.00517001 232.155 -0.00762415 0.0174553 0.999819 4.3474
0.136901 -0.990425 0.0177912 61.2138 0.990557 0.13701 0.00508678 233.683 -0.00747566 0.0169268 0.999829 4.34764
0.137391 -0.990371 0.0169765 61.4176 0.990495 0.13748 0.00424094 235.183 -0.00653404 0.0162325 0.999847 4.3464
0.138259 -0.990286 0.0147965 61.6196 0.990377 0.138333 0.00409321 236.679 -0.00610029 0.0140882 0.999882 4.33921
0.139238 -0.990189 0.0117782 61.8176 0.990237 0.139304 0.00496338 238.187 -0.00655543 0.0109721 0.999918 4.34305
0.141294 -0.989913 0.0104109 62.0228 0.989936 0.141366 0.0065478 239.708 -0.0079535 0.00938098 0.999924 4.32593
0.144328 -0.989481 0.00984515 62.2427 0.989478 0.144415 0.00882108 241.233 -0.0101501 0.00846843 0.999913 4.33753
0.147337 -0.989025 0.0109765 62.4612 0.989021 0.147445 0.00984596 242.765 -0.0113563 0.00940535 0.999891 4.33918
0.15031 -0.988574 0.0112943 62.6933 0.988567 0.150427 0.0103077 244.296 -0.0118889 0.00961587 0.999883 4.33239
0.153405 -0.988104 0.0108599 62.9349 0.988102 0.153509 0.00947568 245.841 -0.0110301 0.00927709 0.999896 4.31499
0.156452 -0.98764 0.009482 63.1707 0.987634 0.156535 0.00871512 247.37 -0.0100917 0.00800125 0.999917 4.30283
0.159399 -0.987174 0.0088959 63.4061 0.987169 0.159472 0.00817472 248.906 -0.00948852 0.00747871 0.999927 4.28567
0.162522 -0.98667 0.00834219 63.6511 0.986656 0.162592 0.0085315 250.453 -0.00977415 0.00684431 0.999929 4.27685
0.165651 -0.986147 0.00856872 63.9109 0.986128 0.165728 0.00922253 251.988 -0.0105148 0.00692214 0.999921 4.27586
0.168314 -0.985691 0.00910761 64.1811 0.985647 0.168414 0.0116772 253.554 -0.013044 0.00701146 0.99989 4.25766
0.170057 -0.985374 0.0109053 64.4535 0.985314 0.170199 0.0137418 255.099 -0.0153969 0.00840827 0.999846 4.23479
0.171394 -0.985102 0.0140911 64.7138 0.985067 0.17159 0.0141191 256.65 -0.0163266 0.0114607 0.999801 4.2414
0.172152 -0.984947 0.0155868 64.9794 0.984939 0.172365 0.0135821 258.187 -0.0160642 0.0130139 0.999786 4.2368
0.173284 -0.984748 0.0155972 65.2463 0.984755 0.173485 0.0126655 259.737 -0.0151782 0.0131647 0.999798 4.21534
0.173964 -0.984632 0.0153682 65.5168 0.984621 0.174174 0.0135909 261.291 -0.0160587 0.0127675 0.99979 4.19464
0.174879 -0.984456 0.0162474 65.7881 0.984453 0.175106 0.0137827 262.834 -0.0164134 0.0135845 0.999773 4.16939
0.175525 -0.984346 0.0159532 66.0678 0.984339 0.175747 0.0137657 264.381 -0.0163539 0.0132871 0.999778 4.16229
0.175911 -0.984277 0.0159209 66.3479 0.984271 0.176132 0.0137145 265.944 -0.0163031 0.0132579 0.999779 4.1237
0.175665 -0.984321 0.0159067 66.6319 0.984335 0.175869 0.0124627 267.508 -0.0150648 0.0134682 0.999796 4.12245
0.173626 -0.984674 0.0164414 66.9022 0.984695 0.173838 0.0124879 269.076 -0.0151546 0.0140216 0.999787 4.10741
0.170978 -0.985125 0.0172053 67.1745 0.985147 0.171211 0.0131403 270.636 -0.0158906 0.0147031 0.999766 4.08852
0.167805 -0.985645 0.0186086 67.4404 0.985676 0.168073 0.0139291 272.195 -0.0168568 0.0160047 0.99973 4.07256
0.164583 -0.986159 0.0200725 67.6969 0.986207 0.164886 0.0144707 273.741 -0.0175801 0.017414 0.999694 4.06035
0.161364 -0.986673 0.0209058 67.9582 0.98673 0.161689 0.014886 275.303 -0.0180679 0.0182263 0.999671 4.04792
0.158312 -0.987155 0.02151 68.2089 0.987227 0.158643 0.0146437 276.866 -0.017868 0.018917 0.999661 4.03303
0.155514 -0.987609 0.021051 68.4509 0.987675 0.155836 0.0146087 278.429 -0.0177082 0.0185197 0.999672 4.01819
0.152753 -0.988048 0.020697 68.6952 0.988108 0.153069 0.0146099 279.995 -0.0176033 0.0182191 0.999679 3.99191
0.150322 -0.98843 0.0202388 68.9312 0.988499 0.150611 0.0136185 281.558 -0.0165091 0.0179589 0.999702 3.98314
0.14809 -0.988781 0.0195217 69.1631 0.988838 0.148368 0.0136188 283.106 -0.0163624 0.017287 0.999717 3.97473
0.146644 -0.989003 0.019174 69.3914 0.989055 0.146916 0.0136216 284.676 -0.0162887 0.0169666 0.999723 3.95628
0.145287 -0.989227 0.0179275 69.6215 0.989256 0.145541 0.0137742 286.236 -0.016235 0.0157337 0.999744 3.94845
0.144309 -0.989386 0.0170405 69.8559 0.989398 0.144552 0.0140205 287.805 -0.016335 0.0148366 0.999756 3.93272
0.143548 -0.989504 0.016623 70.0638 0.98949 0.143801 0.0152163 289.353 -0.017447 0.0142641 0.999746 3.91791
0.142745 -0.989635 0.0157258 70.2942 0.989571 0.14301 0.0172206 290.908 -0.0192911 0.0131036 0.999728 3.90047
0.142188 -0.989702 0.0164838 70.5017 0.989616 0.14249 0.0188949 292.452 -0.0210491 0.0136261 0.999686 3.88294
0.141183 -0.989863 0.015428 70.7232 0.98975 0.141471 0.0195037 293.984 -0.0214886 0.0125163 0.999691 3.8781
0.140775 -0.989941 0.0141172 70.9282 0.989791 0.141046 0.0204883 295.508 -0.0222734 0.0110888 0.99969 3.84286
0.14023 -0.990035 0.0129164 71.1472 0.989848 0.140485 0.0215718 297.053 -0.0231714 0.00976025 0.999684 3.82934
0.140495 -0.989989 0.0135106 71.3642 0.989765 0.140782 0.0233778 298.589 -0.0250458 0.0100878 0.999635 3.80588
0.140289 -0.990022 0.0132835 71.5817 0.989786 0.140573 0.0237094 300.122 -0.0253402 0.00982162 0.999631 3.78489
0.140814 -0.989966 0.0117627 71.7832 0.989731 0.141056 0.0231597 301.627 -0.0245865 0.00838074 0.999663 3.77167
0.141353 -0.989889 0.0117585 71.9997 0.989671 0.141589 0.0224333 303.144 -0.0238713 0.008466 0.999679 3.74853
0.142166 -0.989785 0.0107379 72.2059 0.989577 0.142371 0.0216128 304.627 -0.0229207 0.00755343 0.999709 3.74058
0.143333 -0.989622 0.0101634 72.4216 0.989405 0.143526 0.0218632 306.131 -0.023095 0.00692198 0.999709 3.71537
0.145619 -0.989295 0.00949753 72.644 0.989002 0.145814 0.0247811 307.604 -0.0259007 0.00578448 0.999648 3.70875
0.148399 -0.988858 0.0117129 72.8575 0.988474 0.148679 0.0285224 309.103 -0.0299461 0.00734519 0.999525 3.65941
0.153353 -0.988106 0.011401 73.0676 0.987612 0.153644 0.0318881 310.557 -0.0332605 0.00636959 0.999426 3.65597
0.159438 -0.987123 0.0129175 73.3064 0.986611 0.159783 0.0326846 312.053 -0.0343277 0.00753337 0.999382 3.59202
0.166028 -0.986044 0.012342 73.56 0.985528 0.166349 0.0326107 313.489 -0.0342086 0.00674905 0.999392 3.56327
0.171854 -0.985049 0.0120562 73.8036 0.984524 0.172163 0.0327576 314.948 -0.0343434 0.00624006 0.999391 3.53327
0.177372 -0.984058 0.0129841 74.0427 0.983491 0.177719 0.0340708 316.394 -0.0358351 0.00672658 0.999335 3.51081
0.182662 -0.983057 0.0152543 74.3148 0.982485 0.183094 0.0346463 317.843 -0.0368523 0.00865852 0.999283 3.47258
0.186135 -0.982389 0.0162889 74.5886 0.981794 0.18661 0.0354535 319.29 -0.0378688 0.00939319 0.999239 3.4284
0.188721 -0.981868 0.0178527 74.8535 0.981279 0.189257 0.0356983 320.697 -0.0384298 0.0107815 0.999203 3.40059
0.190977 -0.981416 0.0187237 75.1166 0.980823 0.191549 0.0359978 322.1 -0.0389153 0.0114898 0.999176 3.3467
0.193264 -0.980965 0.0188699 75.3958 0.980417 0.193826 0.0348298 323.512 -0.0378243 0.011769 0.999215 3.31628
0.195346 -0.980571 0.0178839 75.6734 0.980028 0.195865 0.0343847 324.914 -0.0372195 0.0108098 0.999249 3.27868
0.197005 -0.980232 0.0182806 75.9486 0.97968 0.197541 0.0347064 326.316 -0.0376315 0.0110718 0.99923 3.22735
0.198483 -0.979942 0.017854 76.237 0.979375 0.199005 0.0349646 327.704 -0.0378163 0.0105458 0.999229 3.20306
0.199721 -0.979678 0.0184855 76.5172 0.97912 0.200266 0.0348933 329.078 -0.0378862 0.0111306 0.99922 3.14225
0.200804 -0.979467 0.0179669 76.7975 0.978894 0.201331 0.0351099 330.459 -0.0380062 0.0105375 0.999222 3.12924
0.20179 -0.979254 0.0184969 77.0731 0.978656 0.202345 0.0359017 331.837 -0.0388997 0.0108575 0.999184 3.06915
0.202306 -0.979144 0.0186779 77.3519 0.978493 0.202883 0.0372912 333.203 -0.0403029 0.010732 0.99913 3.03329
0.203439 -0.978893 0.0195253 77.6397 0.978213 0.20406 0.0381933 334.563 -0.0413715 0.0113298 0.99908 3.00167
0.203968 -0.978754 0.0209339 77.9162 0.977934 0.204691 0.0417839 335.924 -0.0451811 0.0119494 0.998907 2.98659
0.204854 -0.978526 0.0228382 78.2171 0.977513 0.205723 0.0463339 337.276 -0.0500372 0.0128329 0.998665 2.90913
0.20521 -0.978445 0.0231134 78.4803 0.977322 0.206121 0.0485335 338.627 -0.0522515 0.0126297 0.998554 2.84518
0.206097 -0.978279 0.0222442 78.7603 0.977151 0.20696 0.0484084 339.96 -0.0519605 0.0117592 0.99858 2.76816
0.207067 -0.978108 0.0206773 79.0391 0.977007 0.207839 0.0475486 341.292 -0.0508052 0.0103561 0.998655 2.7218
0.207722 -0.977976 0.0203705 79.3134 0.976893 0.208473 0.0471165 342.643 -0.0503255 0.0101126 0.998682 2.66134
0.208601 -0.977791 0.0202612 79.5992 0.9767 0.209347 0.0472316 343.969 -0.0504243 0.00993655 0.998678 2.60144
0.209394 -0.977632 0.0197341 79.8825 0.9766 0.2101 0.0459336 345.29 -0.0490523 0.00965412 0.99875 2.55849
0.210171 -0.977485 0.0187601 80.1565 0.97647 0.210824 0.0453799 346.616 -0.0483132 0.00878117 0.998794 2.5094
0.210884 -0.97734 0.0182923 80.4416 0.976337 0.211511 0.045056 347.949 -0.0479041 0.00835779 0.998817 2.45527
0.211575 -0.977204 0.0175587 80.7225 0.976197 0.212166 0.0449981 349.278 -0.0476977 0.00762027 0.998833 2.40262
0.212276 -0.977049 0.0177057 81.0079 0.976003 0.21288 0.0458324 350.597 -0.0485496 0.00755166 0.998792 2.34183
0.213118 -0.976859 0.0180819 81.302 0.975779 0.213744 0.046564 351.919 -0.0493514 0.00772027 0.998752 2.30357
0.213641 -0.976725 0.0191251 81.5842 0.975575 0.214332 0.0481143 353.242 -0.0510936 0.00837876 0.998659 2.25159
0.214237 -0.976566 0.020535 81.877 0.975335 0.215016 0.0498935 354.563 -0.0531397 0.00933945 0.998543 2.18133
0.214781 -0.976447 0.0205021 82.1594 0.975207 0.215559 0.050048 355.876 -0.0532887 0.00924449 0.998536 2.11148
0.21517 -0.976395 0.0188253 82.4436 0.975203 0.215849 0.0488642 357.182 -0.0517742 0.00784435 0.998628 2.06396
0.215691 -0.976299 0.0178058 82.7307 0.975168 0.216308 0.0475298 358.486 -0.0502548 0.00711186 0.998711 2.00313
0.215943 -0.976252 0.0173172 83.026 0.975085 0.216539 0.0481716 359.792 -0.0507775 0.00648343 0.998689 1.95777
