1 0 0 0 0 1 0 0 0 0 1 0
1 1.79657e-05 3.00739e-05 -0.0044843 -1.79663e-05 1 2.00462e-05 0.000367967 -3.00735e-05 -2.00467e-05 1 0.00213231
1 -8.96449e-07 4.06363e-05 -0.00201462 8.95369e-07 1 2.65717e-05 0.0024201 -4.06363e-05 -2.65717e-05 1 0.000874737
1 -1.12481e-05 -6.17181e-05 -0.00267901 1.12504e-05 1 3.78206e-05 0.000619545 6.17177e-05 -3.78213e-05 1 -0.00244679
1 1.93695e-05 -2.38525e-06 -0.00327297 -1.93694e-05 1 4.46309e-05 0.00154314 2.38611e-06 -4.46308e-05 1 6.96769e-05
1 4.67905e-05 -1.1287e-05 -0.00104667 -4.67898e-05 1 6.57369e-05 0.000142219 1.12901e-05 -6.57364e-05 1 -0.000798596
1 1.85265e-06 -5.01265e-05 -2.62203e-05 -1.85134e-06 1 2.61394e-05 -0.00115938 5.01265e-05 -2.61393e-05 1 -0.00078918
1 7.52781e-05 -3.50535e-05 -0.00371425 -7.5277e-05 1 3.10004e-05 0.0039647 3.50558e-05 -3.09977e-05 1 -0.00134856
1 4.09241e-05 -4.18722e-05 0.00040171 -4.09231e-05 1 2.39079e-05 0.00168165 4.18732e-05 -2.39062e-05 1 -0.00178388
1 6.43956e-05 -6.71948e-05 -0.00191208 -6.43955e-05 1 1.1533e-06 0.00535443 6.71949e-05 -1.14897e-06 1 -0.00116244
1 -4.19783e-05 -4.35095e-05 7.83952e-05 4.19791e-05 1 1.88628e-05 0.00256695 4.35087e-05 -1.88647e-05 1 -0.000790086
1 9.26492e-05 -2.77831e-05 -0.000107044 -9.26493e-05 1 -6.0126e-06 0.00338718 2.77825e-05 6.01517e-06 1 -0.00102824
1 3.26093e-05 5.77702e-06 0.00274807 -3.26094e-05 1 1.44961e-06 0.00645265 -5.77697e-06 -1.4498e-06 1 0.000275072
1 -6.86066e-05 -1.81862e-05 0.00194968 6.86067e-05 1 2.12027e-06 0.00212896 1.8186e-05 -2.12152e-06 1 -0.000973916
1 -7.57961e-05 -3.54215e-05 0.00172807 7.57967e-05 1 1.53313e-05 -0.00033822 3.54203e-05 -1.53339e-05 1 -0.000482283
1 4.83845e-05 1.45944e-05 0.00257364 -4.83849e-05 1 2.87439e-05 0.00556409 -1.4593e-05 -2.87446e-05 1 -0.000316024
1 5.55261e-05 3.65932e-05 0.000763041 -5.55265e-05 1 1.27155e-05 0.000935582 -3.65925e-05 -1.27175e-05 1 0.000149257
1 -7.55204e-05 6.48116e-06 0.00297014 7.55205e-05 1 -9.63602e-06 -0.00196856 -6.48043e-06 9.63651e-06 1 0.000193749
1 8.67753e-05 -1.76405e-05 0.00179362 -8.67749e-05 1 2.19826e-05 -0.000246733 1.76424e-05 -2.1981e-05 1 -0.00176212
1 0.000154033 -3.52542e-05 0.00311613 -0.000154033 1 1.4167e-05 0.00469839 3.52563e-05 -1.41616e-05 1 -0.00148204
1 0.000113029 -5.73121e-05 0.00146432 -0.000113028 1 1.99134e-05 0.00503842 5.73144e-05 -1.99069e-05 1 -0.00167958
1 9.2309e-05 -6.14555e-06 0.00365062 -9.23089e-05 1 3.31733e-06 0.00343499 6.14586e-06 -3.31676e-06 1 -0.000970465
1 0.000166572 -1.40454e-05 0.00407113 -0.000166572 1 1.60756e-05 0.00540118 1.40481e-05 -1.60732e-05 1 -0.000810821
1 0.000162742 -1.43049e-05 0.00541728 -0.000162742 1 3.85208e-05 0.00340168 1.43112e-05 -3.85185e-05 1 -0.000784725
1 0.000149358 -4.55604e-05 0.00288565 -0.000149358 1 6.0507e-06 0.00463084 4.55613e-05 -6.0439e-06 1 -0.00230073
1 0.000129357 -2.9006e-05 0.00575589 -0.000129357 1 1.6716e-05 0.00266985 2.90081e-05 -1.67123e-05 1 -0.00148932
1 8.53253e-05 -6.17202e-05 0.00690743 -8.53239e-05 1 2.23635e-05 0.00099205 6.17221e-05 -2.23582e-05 1 -0.00142103
1 -5.6218e-05 -1.46108e-05 0.00734281 5.62183e-05 1 2.27533e-05 0.000275351 1.46095e-05 -2.27541e-05 1 -0.000155526
1 3.23312e-05 2.9446e-05 0.00571951 -3.23316e-05 1 1.3329e-05 0.00363268 -2.94456e-05 -1.33299e-05 1 0.000240296
1 5.87815e-05 -2.04753e-05 0.00810942 -5.87807e-05 1 3.83644e-05 0.00620673 2.04776e-05 -3.83632e-05 1 -0.00130994
1 6.22631e-05 -2.03977e-05 0.00957839 -6.22618e-05 1 6.18037e-05 0.00480999 2.04015e-05 -6.18025e-05 1 -0.00201898
1 8.39232e-05 3.06529e-06 0.00899915 -8.39233e-05 1 4.28657e-05 0.00622673 -3.0617e-06 -4.2866e-05 1 0.000554878
1 0.000240256 -1.14249e-05 0.00506747 -0.000240255 1 4.67644e-05 0.0102793 1.14362e-05 -4.67616e-05 1 0.000241783
1 0.000214079 -0.000129636 0.0111384 -0.000214072 1 5.48208e-05 0.0104661 0.000129647 -5.47931e-05 1 -0.000554249
1 0.000444092 -0.000174744 0.0252709 -0.000444077 1 8.26697e-05 0.0135633 0.000174781 -8.25921e-05 1 -0.00247289
1 0.000388347 -0.000150377 0.0424026 -0.000388332 1 0.000100302 0.00883442 0.000150416 -0.000100244 1 -0.00300958
1 0.000609539 -0.000237035 0.0611177 -0.000609522 1 7.42678e-05 0.00741337 0.00023708 -7.41233e-05 1 -0.00290235
1 0.000962633 -0.000201405 0.0881946 -0.000962613 1 9.88931e-05 0.00737883 0.0002015 -9.86992e-05 1 -0.00428681
0.999999 0.00132952 -0.000212792 0.12076 -0.00132951 0.999999 6.16656e-05 0.0118888 0.000212874 -6.13826e-05 1 -0.00472414
0.999998 0.0019932 -0.000254197 0.16384 -0.00199318 0.999998 8.27888e-05 0.0139337 0.000254362 -8.2282e-05 1 -0.00464115
0.999996 0.00282986 -0.000233988 0.226778 -0.00282985 0.999996 4.55429e-05 0.0149317 0.000234116 -4.48805e-05 1 -0.0012142
0.999994 0.003524 -0.000438938 0.284509 -0.00352399 0.999994 2.64795e-05 0.0135442 0.000439029 -2.49326e-05 1 -0.00418198
0.999989 0.00465297 -0.000471688 0.348065 -0.00465294 0.999989 6.50845e-05 0.0193532 0.000471986 -6.2889e-05 1 -0.0018303
0.999981 0.00610547 -0.000529621 0.429612 -0.00610542 0.999981 9.63536e-05 0.0168489 0.000530199 -9.31182e-05 1 -0.00229434
0.999971 0.00755109 -0.00061009 0.508658 -0.00755104 0.999971 9.50598e-05 0.00227286 0.000610791 -9.04503e-05 1 -0.00387758
0.999946 0.0103552 -0.000540243 0.582235 -0.0103552 0.999946 7.38595e-05 -0.00163627 0.000540979 -6.82612e-05 1 0.000200445
0.999899 0.0142266 -0.000391832 0.677083 -0.0142266 0.999899 4.5243e-05 -0.00402698 0.000392436 -3.9664e-05 1 0.00542077
0.999819 0.0190131 -0.000483058 0.766867 -0.019013 0.999819 7.94195e-05 -0.00183246 0.00048448 -7.02207e-05 1 0.0053324
0.999696 0.0246332 -0.000790001 0.872211 -0.024633 0.999697 0.000202108 -0.003237 0.000794739 -0.000182587 1 0.00136713
0.999513 0.0312013 -0.000861923 0.978421 -0.0312011 0.999513 0.000254376 -0.00809698 0.00086944 -0.000227359 1 -0.00242582
0.99924 0.038978 -0.00104497 1.08579 -0.0389777 0.99924 0.000307943 -0.020051 0.00105618 -0.000266979 0.999999 -0.00124967
0.998866 0.047593 -0.00131609 1.19494 -0.0475926 0.998867 0.000349861 -0.0269769 0.00133125 -0.000286828 0.999999 0.00315886
0.998323 0.0578648 -0.00153966 1.29302 -0.0578639 0.998324 0.000618217 -0.03621 0.00157286 -0.000528089 0.999999 0.000334024
0.997612 0.0690435 -0.00180424 1.41397 -0.0690426 0.997614 0.000538821 -0.0484698 0.00183714 -0.000412965 0.999998 -0.00396648
0.996703 0.0811144 -0.00177274 1.53362 -0.0811133 0.996705 0.000691133 -0.0763311 0.00182296 -0.000545061 0.999998 -0.00451628
0.995522 0.0945187 -0.00157185 1.64899 -0.0945181 0.995523 0.000480014 -0.105486 0.00161019 -0.000329296 0.999999 0.00352097
0.993993 0.109424 -0.00191622 1.78124 -0.109424 0.993995 0.000206074 -0.141498 0.00192726 4.8445e-06 0.999998 0.001741
0.992048 0.125853 -0.00145422 1.90389 -0.125853 0.992049 -4.84035e-06 -0.178498 0.00144205 0.000187821 0.999999 0.00785907
0.989821 0.142315 -0.00107843 2.03434 -0.142316 0.989821 -0.000694638 -0.219189 0.000968594 0.000841045 0.999999 0.0141118
0.98723 0.159298 -0.000693366 2.15357 -0.159299 0.98723 -0.000749067 -0.250898 0.000565187 0.000849954 0.999999 0.0244982
0.984266 0.17669 -0.00051401 2.30414 -0.17669 0.984266 -0.000403272 -0.287276 0.000434669 0.000487747 1 0.0234147
0.980961 0.194202 -0.000695818 2.44206 -0.194202 0.980962 -8.15971e-07 -0.317824 0.000682413 0.00013593 1 0.0140263
0.9772 0.212319 -0.000776681 2.57939 -0.212319 0.9772 0.000147537 -0.359525 0.000790298 2.07307e-05 1 0.0117674
0.972842 0.23147 -0.000261043 2.72684 -0.23147 0.972842 0.00033637 -0.401713 0.000331813 -0.000266811 1 0.0114877
0.968184 0.250238 5.82885e-05 2.87961 -0.250238 0.968184 0.000239665 -0.463916 3.53933e-06 -0.000246626 1 0.0134747
0.962865 0.269983 0.000255391 3.0101 -0.269983 0.962865 0.000564331 -0.525879 -9.35472e-05 -0.000612326 1 0.0127477
0.956883 0.290474 0.000640891 3.1692 -0.290474 0.956882 0.000843694 -0.592225 -0.000368186 -0.000993479 0.999999 0.0106382
0.950121 0.311874 0.00188344 3.32396 -0.311877 0.950121 0.00138311 -0.650241 -0.00135814 -0.00190152 0.999997 0.00907635
0.942809 0.333299 0.0048195 3.46393 -0.333319 0.942804 0.00433476 -0.731691 -0.00309907 -0.00569328 0.999979 0.0199648
0.934579 0.355713 0.00544438 3.623 -0.35574 0.93457 0.0052079 -0.789501 -0.00323564 -0.00680398 0.999972 0.00130194
0.925538 0.378618 0.00531514 3.76005 -0.378642 0.925533 0.0044035 -0.88061 -0.00325209 -0.00608814 0.999976 0.00823747
0.915249 0.40287 0.00382435 3.90987 -0.402878 0.915252 0.00173622 -0.971187 -0.00280077 -0.00312982 0.999991 -0.00217823
0.903778 0.427981 0.00406837 4.05473 -0.42798 0.903787 -0.00123003 -1.07619 -0.00420337 -0.000629504 0.999991 0.020735
0.891748 0.45251 0.00437817 4.21299 -0.452508 0.891759 -0.00163585 -1.16389 -0.00464452 -0.000522387 0.999989 0.0357556
0.878896 0.476981 0.00551099 4.33963 -0.476988 0.87891 3.88961e-05 -1.26053 -0.00482511 -0.00266287 0.999985 0.0233751
0.864399 0.502776 0.00544065 4.47327 -0.502795 0.864401 0.00277017 -1.37424 -0.00331013 -0.00513007 0.999981 0.0127362
0.849119 0.528166 0.00615125 4.62782 -0.528189 0.849121 0.00301017 -1.48806 -0.00363329 -0.00580501 0.999977 0.00981972
0.832759 0.553577 0.00803191 4.77351 -0.553617 0.832762 0.00389443 -1.6083 -0.00453281 -0.00768972 0.99996 0.0314811
0.815355 0.578853 0.0111591 4.90129 -0.578933 0.815355 0.00584246 -1.72315 -0.00571673 -0.0112241 0.999921 0.0254344
0.797226 0.603524 0.0137513 5.04659 -0.603649 0.79721 0.00801855 -1.84005 -0.0061233 -0.0146936 0.999873 0.00354342
0.778157 0.627964 0.0114887 5.16884 -0.62804 0.778168 0.00456879 -1.98523 -0.00607112 -0.0107706 0.999924 -0.0313281
0.758403 0.651773 0.00417992 5.27257 -0.651776 0.758411 -0.000871703 -2.13306 -0.00373825 -0.00206327 0.999991 0.0113159
0.737647 0.675175 -0.00398226 5.36594 -0.675186 0.737629 -0.00520036 -2.29514 -0.000573726 0.0065248 0.999979 0.0650087
0.715726 0.698318 -0.0093688 5.47696 -0.698372 0.71572 -0.00456597 -2.45388 0.00351693 0.00981089 0.999946 0.0766119
0.692323 0.721512 -0.0104142 5.59796 -0.72157 0.692335 -0.00302641 -2.61126 0.00502655 0.00960985 0.999941 0.0425304
0.668349 0.743785 -0.00968874 5.72277 -0.743831 0.668364 -0.00204874 -2.76074 0.00495179 0.00857606 0.999951 0.0224034
0.643782 0.765135 -0.0106603 5.81985 -0.765192 0.643798 -0.00230531 -2.93385 0.00509917 0.00964126 0.999941 0.0132517
0.617705 0.786305 -0.0128291 5.92047 -0.78639 0.617723 -0.00300138 -3.12988 0.00556484 0.0119427 0.999913 0.0394499
0.589978 0.807298 -0.013999 6.02037 -0.8074 0.589994 -0.00337627 -3.30479 0.00553367 0.0132947 0.999896 0.0641468
0.56122 0.827534 -0.0148508 6.12737 -0.827643 0.561249 -0.00249548 -3.49714 0.00626991 0.0136917 0.999887 0.0538144
0.532003 0.846617 -0.0145891 6.22042 -0.846711 0.532052 -0.000591769 -3.70933 0.00726117 0.0126676 0.999893 0.0369544
0.501926 0.864748 -0.0167698 6.30896 -0.864867 0.502001 0.000325584 -3.92134 0.00870001 0.0143402 0.999859 0.0269697
0.470981 0.881954 -0.0182542 6.39873 -0.882097 0.471068 0.000505554 -4.13139 0.00904482 0.0158638 0.999833 0.0375676
0.439822 0.897888 -0.0188271 6.48999 -0.89803 0.439931 0.0018566 -4.37884 0.00994962 0.0160907 0.999821 0.0386079
0.409247 0.912232 -0.0186911 6.57186 -0.912372 0.409355 0.00221054 -4.62737 0.00966781 0.0161486 0.999823 0.0180371
0.379612 0.924952 -0.018942 6.64056 -0.925105 0.379708 0.00160236 -4.86516 0.00867455 0.0169151 0.999819 0.0125103
0.349387 0.936663 -0.0243106 6.69398 -0.936957 0.349437 -0.00229436 -5.11725 0.00634599 0.0235796 0.999702 0.0196268
0.319018 0.947362 -0.0270688 6.75443 -0.947742 0.318989 -0.00551041 -5.39383 0.00341427 0.0274121 0.999618 0.0483412
0.290558 0.956374 -0.0304186 6.81607 -0.956853 0.290504 -0.00628105 -5.66472 0.00282967 0.0309311 0.999518 0.0539913
0.263817 0.964067 -0.0312425 6.86785 -0.964568 0.263779 -0.00541408 -5.94278 0.00302156 0.0315638 0.999497 0.0660397
0.238095 0.970739 -0.0312555 6.90637 -0.971241 0.238006 -0.00660079 -6.2249 0.00103134 0.0319282 0.99949 0.0566294
0.21309 0.976519 -0.0316631 6.94662 -0.977032 0.212963 -0.00738275 -6.51142 -0.000466344 0.032509 0.999471 0.0636126
0.190025 0.981277 -0.0314096 6.99032 -0.981778 0.189891 -0.00724825 -6.8131 -0.00114816 0.0322146 0.99948 0.0556804
0.167522 0.985366 -0.0314803 7.02102 -0.985867 0.167383 -0.00699907 -7.09307 -0.00162736 0.0322079 0.99948 0.0435137
0.147079 0.988602 -0.03216 7.05267 -0.989122 0.146925 -0.00712528 -7.40563 -0.00231896 0.0328581 0.999457 0.0416392
0.129408 0.991033 -0.0332644 7.07424 -0.991585 0.129212 -0.00798161 -7.7163 -0.00361189 0.0340173 0.999415 0.0505893
0.114001 0.992878 -0.0346 7.09275 -0.99347 0.113774 -0.00847736 -8.03713 -0.00448041 0.0353405 0.999365 0.0474431
0.101186 0.994244 -0.0352078 7.11388 -0.994855 0.100943 -0.00863863 -8.35093 -0.00503494 0.0359007 0.999343 0.0545657
0.0900088 0.99531 -0.0354578 7.13736 -0.995926 0.0897578 -0.00861196 -8.65867 -0.00538895 0.0360885 0.999334 0.0598595
0.0808941 0.996117 -0.0347361 7.15657 -0.996706 0.0806436 -0.00855413 -8.98901 -0.00571968 0.0353136 0.99936 0.0555903
0.0736582 0.996673 -0.0348883 7.1656 -0.997266 0.0734025 -0.00855574 -9.30911 -0.00596638 0.0354231 0.999355 0.0461553
0.0686899 0.996975 -0.036364 7.19151 -0.997624 0.0684468 -0.0078915 -9.62975 -0.00537863 0.0368196 0.999307 0.0512331
0.0651261 0.997202 -0.0366926 7.20658 -0.997865 0.0648979 -0.00737814 -9.945 -0.00497622 0.0370948 0.999299 0.0571066
0.0622377 0.997443 -0.0351135 7.22421 -0.998048 0.0620171 -0.00733807 -10.2672 -0.00514167 0.0355017 0.999356 0.0543668
0.0589917 0.997702 -0.0333313 7.24185 -0.99824 0.0587544 -0.00805398 -10.5851 -0.00607711 0.0337478 0.999412 0.0472425
0.0562 0.997942 -0.0308731 7.27931 -0.998383 0.0559067 -0.0102804 -10.9157 -0.00853326 0.031401 0.99947 0.0402495
0.0533193 0.998092 -0.0311272 7.2837 -0.998533 0.0529968 -0.0110973 -11.2202 -0.00942654 0.0316732 0.999454 0.0268741
0.0506286 0.998215 -0.0316672 7.30345 -0.998669 0.0502874 -0.0114803 -11.5335 -0.00986736 0.0322063 0.999433 0.0474407
0.0477641 0.998365 -0.031404 7.31563 -0.998806 0.0474139 -0.0118054 -11.8507 -0.0102971 0.0319304 0.999437 0.0485846
0.0454586 0.998474 -0.0313644 7.32495 -0.998908 0.0450944 -0.0122237 -12.1731 -0.0107907 0.0318858 0.999433 0.0429065
0.0433868 0.998535 -0.0323264 7.33326 -0.998995 0.042996 -0.0126876 -12.4711 -0.0112791 0.0328444 0.999397 0.0436639
0.0403736 0.998636 -0.0330969 7.34788 -0.999118 0.0399661 -0.0128817 -12.7599 -0.0115414 0.0335878 0.999369 0.0523339
0.0378045 0.998729 -0.0333404 7.35694 -0.999232 0.0374375 -0.0115646 -13.0718 -0.0103017 0.033752 0.999377 0.0431492
0.0359859 0.998804 -0.0331017 7.36806 -0.999313 0.0356721 -0.0100233 -13.3579 -0.00883055 0.0334397 0.999402 0.0521328
0.0332299 0.998926 -0.0322778 7.37092 -0.999406 0.0329169 -0.0101792 -13.6526 -0.00910576 0.0325969 0.999427 0.0484484
0.0309246 0.999014 -0.0318538 7.38516 -0.99947 0.0305844 -0.0111133 -13.956 -0.0101281 0.0321806 0.999431 0.0430152
0.0292196 0.999074 -0.0315957 7.39237 -0.999522 0.0288853 -0.0109876 -14.2434 -0.0100647 0.0319017 0.99944 0.0376653
0.0270706 0.999147 -0.0311994 7.39823 -0.999581 0.0267365 -0.0110767 -14.5223 -0.010233 0.0314862 0.999452 0.0398242
0.0247335 0.999263 -0.0293564 7.40946 -0.999621 0.0243648 -0.0128514 -14.8157 -0.0121266 0.0296631 0.999486 0.0368868
0.022898 0.999285 -0.0300871 7.41429 -0.999662 0.0225141 -0.0130355 -15.1035 -0.0123488 0.0303755 0.999462 0.0231254
0.0212708 0.999283 -0.0313268 7.4204 -0.999695 0.0208655 -0.0132068 -15.3818 -0.0125437 0.0315982 0.999422 0.0321382
0.01895 0.999272 -0.0331066 7.40847 -0.999729 0.0184911 -0.0141135 -15.6547 -0.0134911 0.0333651 0.999352 0.038072
0.0166844 0.999298 -0.0335342 7.41304 -0.999731 0.0161319 -0.016679 -15.9307 -0.0161263 0.0338034 0.999298 0.0433722
0.0148069 0.999336 -0.033302 7.41487 -0.999754 0.0142473 -0.01698 -16.2059 -0.0164942 0.0335452 0.999301 0.0334505
0.0129492 0.999394 -0.0322995 7.41942 -0.999806 0.0124608 -0.0152741 -16.4841 -0.0148624 0.032491 0.999362 0.0433469
0.0107647 0.999457 -0.031142 7.43029 -0.999843 0.0103193 -0.0144286 -16.7487 -0.0140994 0.0312924 0.999411 0.0347619
0.0082087 0.999534 -0.0293911 7.43015 -0.999853 0.007761 -0.0153143 -17.0078 -0.0150791 0.0295124 0.999451 0.0295725
0.00630616 0.999537 -0.0297746 7.42919 -0.999852 0.00582659 -0.016166 -17.2787 -0.0159851 0.0298721 0.999426 0.0207271
0.00431237 0.999548 -0.0297598 7.43812 -0.999874 0.00385484 -0.0154145 -17.5378 -0.0152928 0.0298225 0.999438 0.0314451
0.00204961 0.999598 -0.0282855 7.43748 -0.999873 0.00160081 -0.0158805 -17.8042 -0.0158289 0.0283144 0.999474 0.0323553
-3.63807e-05 0.999654 -0.026316 7.44111 -0.999855 -0.000484957 -0.0170396 -18.0747 -0.0170465 0.0263115 0.999508 0.0231952
-0.00199168 0.999685 -0.0250154 7.44073 -0.999854 -0.00241497 -0.0169024 -18.3182 -0.0169575 0.0249781 0.999544 0.0126007
-0.0046721 0.999717 -0.0233183 7.43428 -0.999868 -0.00503324 -0.0154529 -18.5822 -0.0155659 0.023243 0.999609 0.010106
-0.00694285 0.999708 -0.0231604 7.43193 -0.999868 -0.00728121 -0.0145572 -18.8393 -0.0147216 0.0230562 0.999626 0.0183392
-0.00900227 0.999656 -0.024623 7.43173 -0.99983 -0.00939399 -0.0158393 -19.095 -0.0160651 0.0244763 0.999571 0.0124143
-0.0117919 0.99961 -0.0253017 7.43032 -0.999783 -0.0122206 -0.0168567 -19.3409 -0.0171593 0.0250974 0.999538 0.0140727
-0.0148596 0.999656 -0.0216106 7.43005 -0.999756 -0.0152071 -0.0160071 -19.5896 -0.0163302 0.0213675 0.999638 0.0209635
-0.0170842 0.999675 -0.0189295 7.4203 -0.99974 -0.0173653 -0.0147847 -19.8366 -0.0151086 0.0186719 0.999712 0.00031574
-0.0197086 0.999622 -0.0191505 7.41716 -0.999689 -0.0199953 -0.0148974 -20.0716 -0.0152747 0.0188509 0.999706 -0.00107498
-0.0241762 0.999474 -0.0216179 7.40534 -0.999594 -0.0244945 -0.0145835 -20.3148 -0.0151053 0.0212565 0.99966 0.00436584
-0.0287134 0.99933 -0.0226991 7.39479 -0.999479 -0.0290383 -0.0141131 -20.5691 -0.0147628 0.022282 0.999643 0.0105785
-0.0323598 0.999272 -0.0201884 7.3919 -0.999366 -0.0326495 -0.0141889 -20.8126 -0.0148377 0.0197165 0.999696 0.0166593
-0.0365141 0.999202 -0.0162133 7.38564 -0.999213 -0.036756 -0.0148799 -21.0451 -0.0154639 0.0156573 0.999758 0.00716191
-0.041397 0.999058 -0.0129935 7.38049 -0.999011 -0.0415989 -0.0156727 -21.2919 -0.0161984 0.0123319 0.999793 -0.0147892
-0.0464631 0.998853 -0.0115782 7.36181 -0.998778 -0.0466486 -0.0163027 -21.5303 -0.0168241 0.0108066 0.9998 -0.0108301
-0.0517005 0.998586 -0.0123338 7.34779 -0.998511 -0.051904 -0.0167985 -21.7875 -0.017415 0.011447 0.999783 -0.00917322
-0.057512 0.998272 -0.0120761 7.33316 -0.99816 -0.0577296 -0.0185193 -22.0193 -0.0191844 0.0109888 0.999756 0.00593216
-0.0636432 0.99794 -0.00810258 7.31678 -0.997731 -0.0638045 -0.0214989 -22.2634 -0.0219716 0.00671593 0.999736 0.00973456
-0.0687511 0.997632 -0.00197627 7.3111 -0.99734 -0.0687788 -0.0241347 -22.5077 -0.0242135 0.000311725 0.999707 -0.0249041
-0.0726822 0.997353 0.00188143 7.2939 -0.997061 -0.0726149 -0.0244123 -22.7543 -0.0242111 -0.00365024 0.9997 -0.0358871
-0.0769888 0.997031 0.00114215 7.27368 -0.996758 -0.0769407 -0.023514 -22.9782 -0.0233563 -0.00294877 0.999723 -0.0475772
-0.0821251 0.996615 -0.00361205 7.23839 -0.996364 -0.0821858 -0.0224525 -23.2155 -0.0226734 0.00175501 0.999741 -0.0270639
-0.087377 0.996155 -0.00630402 7.22069 -0.995958 -0.0874883 -0.0203289 -23.4474 -0.0208023 0.00450226 0.999773 -0.0173444
-0.0923318 0.995706 -0.00670718 7.18925 -0.995569 -0.0924355 -0.0172883 -23.6742 -0.0178341 0.00508119 0.999828 -0.0069397
-0.0970522 0.99527 -0.00422442 7.16653 -0.99515 -0.0971072 -0.015726 -23.9013 -0.0160618 0.00267769 0.999867 -0.0119297
-0.1005 0.994934 -0.00240705 7.14209 -0.99483 -0.100524 -0.0144531 -24.1412 -0.0146218 0.000942072 0.999893 -0.0317613
-0.101544 0.994829 -0.00184629 7.12014 -0.994744 -0.10156 -0.0130492 -24.3692 -0.0131692 0.000511512 0.999913 -0.0430311
-0.0995112 0.995034 -0.00234666 7.10006 -0.994966 -0.099532 -0.0117009 -24.5874 -0.0118763 0.00117048 0.999929 -0.0305227
-0.0961407 0.995366 -0.00162194 7.08494 -0.995309 -0.0961526 -0.0107225 -24.8121 -0.0108288 0.000583467 0.999941 -0.0281223
-0.0905751 0.995885 0.00316775 7.08077 -0.99586 -0.0905474 -0.00800014 -25.0432 -0.00768038 -0.00387925 0.999963 -0.0396346
-0.0812128 0.996671 0.00723177 7.08439 -0.996681 -0.0811692 -0.00613321 -25.277 -0.0055258 -0.00770587 0.999955 -0.0582568
-0.0692987 0.997563 0.00811098 7.06727 -0.997584 -0.0692556 -0.00548412 -25.4858 -0.00490902 -0.00847142 0.999952 -0.0603468
-0.0562081 0.998408 0.00468789 7.05996 -0.99841 -0.0561874 -0.00442221 -25.7045 -0.00415176 -0.004929 0.999979 -0.0512297
-0.0401961 0.999191 0.00131541 7.06467 -0.999183 -0.0401901 -0.00436605 -25.9341 -0.00430965 -0.00148983 0.99999 -0.0369104
-0.0216912 0.999764 -0.00152448 7.07249 -0.99975 -0.0216991 -0.00533714 -26.1537 -0.00536896 0.00140833 0.999985 -0.0375572
-0.00100321 0.999995 -0.00309724 7.08104 -0.999981 -0.00102189 -0.00603383 -26.3738 -0.00603696 0.00309113 0.999977 -0.034418
0.022414 0.99974 -0.00411343 7.1019 -0.999728 0.0223866 -0.00661131 -26.5824 -0.00651751 0.00426049 0.99997 -0.0382744
0.0467334 0.998899 -0.0040231 7.13791 -0.998884 0.0467045 -0.00701884 -26.7949 -0.00682321 0.00434663 0.999967 -0.0312218
0.0720677 0.997396 -0.00255957 7.18337 -0.99737 0.0720454 -0.0079219 -27.0001 -0.00771687 0.00312375 0.999965 -0.0356121
0.0989611 0.995091 -0.000566363 7.22684 -0.995056 0.0989528 -0.00852151 -27.2136 -0.00842364 0.00140686 0.999964 -0.0427004
0.127659 0.991818 0.000405304 7.27863 -0.991785 0.127658 -0.00813763 -27.418 -0.00812279 0.000636868 0.999967 -0.0424266
0.157204 0.987566 -0.00058932 7.32963 -0.987538 0.157195 -0.00764899 -27.6041 -0.00746125 0.00178443 0.999971 -0.0476091
0.187195 0.982321 -0.00179051 7.38454 -0.982302 0.187179 -0.00678744 -27.7968 -0.0063323 0.0030294 0.999975 -0.0380491
0.218673 0.975793 -0.00334174 7.45997 -0.975789 0.218654 -0.00513885 -27.9937 -0.00428376 0.00438456 0.999981 -0.0329013
0.251404 0.967857 -0.00704738 7.53479 -0.967882 0.251388 -0.00301537 -28.1837 -0.00114682 0.00757911 0.999971 -0.0386812
0.285796 0.958196 -0.0134231 7.61349 -0.958287 0.285802 -0.00150343 -28.3766 0.00239577 0.0132929 0.999909 -0.0434304
0.321397 0.946796 -0.0167517 7.69707 -0.94693 0.321438 -0.00023596 -28.5607 0.00516123 0.0159385 0.99986 -0.0214497
0.359014 0.933128 -0.0195026 7.81341 -0.933306 0.359082 -2.29249e-05 -28.7534 0.00698163 0.0182101 0.99981 -0.0473108
0.398411 0.916954 -0.0215264 7.92216 -0.917176 0.398481 -0.00114317 -28.9326 0.00752964 0.020199 0.999768 -0.0457774
0.437334 0.898951 -0.0250322 8.03322 -0.899269 0.437379 -0.00394206 -29.0985 0.00740484 0.0242347 0.999679 -0.0367361
0.476095 0.878937 -0.0283333 8.16256 -0.87936 0.476112 -0.00659158 -29.2713 0.00769624 0.0280534 0.999577 -0.0198279
0.513468 0.85756 -0.0306776 8.29797 -0.858065 0.513474 -0.00829702 -29.4414 0.00863696 0.0305837 0.999495 -0.000598532
0.550312 0.834335 -0.0322791 8.45786 -0.834886 0.550364 -0.00806133 -29.617 0.0110394 0.0313856 0.999446 -0.00416008
0.587236 0.808742 -0.0330167 8.61947 -0.809286 0.587383 -0.00605503 -29.7704 0.0144965 0.0302757 0.999436 -0.000467183
0.622759 0.78174 -0.0324638 8.7821 -0.782244 0.622951 -0.00507177 -29.9249 0.0162585 0.0285531 0.99946 -0.00661203
0.656135 0.753949 -0.032355 8.96663 -0.754451 0.656333 -0.00555144 -30.0929 0.0170502 0.0280528 0.999461 -0.00146353
0.68714 0.725709 -0.0344338 9.1515 -0.726258 0.687401 -0.00545909 -30.2409 0.0197081 0.028759 0.999392 0.0106506
0.716216 0.696902 -0.0369031 9.35118 -0.69751 0.716555 -0.00538765 -30.3946 0.0226884 0.029599 0.999304 0.0180342
0.742601 0.668637 -0.0383083 9.55232 -0.669306 0.742956 -0.00678348 -30.5486 0.0239257 0.0306774 0.999243 0.0164421
0.766688 0.640736 -0.0405726 9.76436 -0.641553 0.767008 -0.0103994 -30.6906 0.0244562 0.0340026 0.999122 0.0214287
0.788392 0.61375 -0.0418192 9.9692 -0.614707 0.788617 -0.0147646 -30.8285 0.0239176 0.0373469 0.999016 0.0518727
0.807218 0.588798 -0.0414277 10.1783 -0.589806 0.807349 -0.0177687 -30.9553 0.0229844 0.0387775 0.998983 0.0550359
0.82435 0.564634 -0.0404463 10.4116 -0.565577 0.824524 -0.0167906 -31.0816 0.0238684 0.0367168 0.999041 0.0716549
0.840178 0.540822 -0.0401488 10.6422 -0.541701 0.840439 -0.0148869 -31.1939 0.0256914 0.0342563 0.999083 0.0666608
0.853846 0.519071 -0.0388825 10.856 -0.519884 0.854119 -0.0141914 -31.298 0.025844 0.0323317 0.999143 0.0689136
0.865686 0.499215 -0.0370505 11.0884 -0.499978 0.865912 -0.0147712 -31.4106 0.0247085 0.0313116 0.999204 0.0634293
0.87685 0.479426 -0.0358539 11.3246 -0.480181 0.877019 -0.0162124 -31.5162 0.0236719 0.0314322 0.999226 0.0723434
0.887518 0.459454 -0.0348382 11.5474 -0.460217 0.887622 -0.0180989 -31.6147 0.0226075 0.0320963 0.999229 0.0842469
0.897492 0.439805 -0.0328539 11.7746 -0.440564 0.897477 -0.0209488 -31.7105 0.0202722 0.0332756 0.999241 0.102054
0.906826 0.420279 -0.0321435 12.0107 -0.421028 0.906791 -0.0215918 -31.8015 0.0200729 0.0331134 0.99925 0.123976
0.915768 0.400367 -0.0327985 12.2319 -0.401093 0.91583 -0.0195035 -31.8774 0.0222293 0.0310159 0.999272 0.13307
0.92403 0.380912 -0.0327756 12.4507 -0.381592 0.924162 -0.0176469 -31.9526 0.0235681 0.0288132 0.999307 0.128448
0.931627 0.362073 -0.0312191 12.6745 -0.362669 0.93178 -0.0160177 -32.0148 0.0232898 0.0262447 0.999384 0.157258
0.938806 0.343166 -0.0296742 12.9049 -0.343621 0.939035 -0.0117325 -32.0705 0.0238389 0.0212112 0.999491 0.157167
0.945539 0.324023 -0.0310555 13.1288 -0.324424 0.945872 -0.0087301 -32.1222 0.0265457 0.0183298 0.99948 0.138993
0.951836 0.304832 -0.0329438 13.3419 -0.30525 0.952235 -0.00839547 -32.1821 0.028811 0.0180472 0.999422 0.151061
0.957417 0.28667 -0.034264 13.5602 -0.287171 0.95782 -0.010633 -32.2392 0.0297706 0.0200198 0.999356 0.167411
0.962613 0.268583 -0.0351949 13.7892 -0.269166 0.963007 -0.0129499 -32.2827 0.0304149 0.021939 0.999297 0.179739
0.967718 0.24941 -0.0362714 14.0073 -0.25003 0.968142 -0.0136376 -32.3291 0.0317146 0.0222663 0.999249 0.194716
0.972518 0.229818 -0.0373046 14.2287 -0.230482 0.972968 -0.0145465 -32.3667 0.0329532 0.0227447 0.999198 0.191377
0.977121 0.209441 -0.0370106 14.4534 -0.210119 0.977554 -0.0154439 -32.3929 0.0329452 0.0228672 0.999196 0.19906
0.981209 0.189655 -0.0354805 14.6619 -0.19028 0.981614 -0.0150998 -32.4065 0.0319644 0.0215673 0.999256 0.225692
0.984564 0.171881 -0.0330306 14.8738 -0.172362 0.984957 -0.0122782 -32.4236 0.0304234 0.0177819 0.999379 0.232045
0.987161 0.156762 -0.0306482 15.077 -0.157026 0.987574 -0.0063745 -32.4445 0.0292681 0.0111052 0.99951 0.234879
0.989159 0.143935 -0.0291226 15.2718 -0.144046 0.989569 -0.00175323 -32.4467 0.0285665 0.00592921 0.999574 0.231124
0.990771 0.132432 -0.0288807 15.4728 -0.132453 0.991189 0.00118293 -32.4534 0.0287829 0.00265333 0.999582 0.238568
0.992133 0.121761 -0.0290787 15.6551 -0.121748 0.992559 0.00220123 -32.4625 0.0291303 0.00135637 0.999575 0.244546
0.993326 0.111534 -0.0293902 15.8234 -0.111535 0.993759 0.00159318 -32.4772 0.0293845 0.0016955 0.999567 0.248073
0.994246 0.102764 -0.0302564 15.9932 -0.102812 0.994701 -3.90785e-05 -32.4955 0.030092 0.00314958 0.999542 0.262064
0.994986 0.0948581 -0.0317109 16.1567 -0.0950282 0.995467 -0.00389516 -32.5122 0.0311977 0.00688906 0.999489 0.261426
0.995624 0.0875343 -0.0327167 16.3157 -0.0877783 0.996121 -0.00609493 -32.526 0.0320563 0.00894008 0.999446 0.29131
0.996111 0.0815741 -0.0332937 16.4675 -0.0818428 0.996622 -0.00678879 -32.534 0.0326274 0.00948724 0.999423 0.300261
0.996612 0.0756992 -0.032169 16.6238 -0.0758809 0.997107 -0.00446267 -32.5346 0.0317381 0.00688856 0.999472 0.306988
0.997003 0.0703298 -0.0322345 16.7749 -0.0704353 0.997514 -0.00214982 -32.5353 0.0320032 0.00441382 0.999478 0.290319
0.997302 0.0660902 -0.0319432 16.913 -0.0661687 0.997807 -0.00140684 -32.5453 0.0317802 0.00351668 0.999489 0.290641
0.997499 0.0631468 -0.0317644 17.0565 -0.0632294 0.997998 -0.00160201 -32.5473 0.0315997 0.00360645 0.999494 0.304016
0.997679 0.0603387 -0.0315512 17.2029 -0.0604141 0.998172 -0.00144127 -32.5505 0.0314066 0.00334406 0.999501 0.313546
0.997829 0.0583299 -0.0305775 17.3428 -0.0583811 0.998294 -0.000783287 -32.553 0.0304797 0.00256673 0.999532 0.324767
0.997913 0.0577014 -0.0289773 17.478 -0.057685 0.998334 0.00140331 -32.5578 0.02901 0.000271174 0.999579 0.331851
0.997988 0.0571175 -0.0275333 17.6244 -0.0570762 0.998367 0.00228393 -32.5657 0.0276188 -0.000707839 0.999618 0.315311
0.998072 0.0560381 -0.0266863 17.7577 -0.0560131 0.998429 0.00168223 -32.5742 0.0267386 -0.000184208 0.999642 0.319265
0.998112 0.0553805 -0.0265713 17.8796 -0.0554049 0.998464 -0.000182376 -32.5818 0.0265204 0.00165421 0.999647 0.329729
0.998147 0.0546924 -0.0266802 18.0078 -0.0547423 0.9985 -0.00114526 -32.5919 0.0265775 0.00260368 0.999643 0.348468
0.998182 0.0539558 -0.026855 18.1244 -0.0540049 0.99854 -0.00110659 -32.592 0.0267561 0.00255488 0.999639 0.352439
0.998229 0.0528753 -0.0272456 18.2445 -0.0528979 0.9986 -0.000111734 -32.5975 0.0272016 0.00155277 0.999629 0.351878
0.998253 0.0523687 -0.027353 18.3577 -0.0524006 0.998626 -0.00045055 -32.6049 0.0272918 0.00188308 0.999626 0.346888
0.998303 0.0515209 -0.0271606 18.4787 -0.0515739 0.998668 -0.00125431 -32.6098 0.0270598 0.00265296 0.99963 0.35936
0.998385 0.0503545 -0.0263092 18.5925 -0.0504168 0.998727 -0.00171033 -32.6139 0.0261896 0.003034 0.999652 0.367892
0.99843 0.0496107 -0.0260059 18.6989 -0.0496796 0.998763 -0.00201069 -32.6152 0.025874 0.0032995 0.99966 0.365295
0.998508 0.0486009 -0.0249116 18.8107 -0.0486855 0.99881 -0.00280047 -32.6205 0.0247459 0.00400912 0.999686 0.369769
0.998599 0.0476885 -0.0229112 18.9128 -0.0477869 0.99885 -0.00376384 -32.6243 0.0227053 0.00485342 0.99973 0.387188
0.998663 0.0471008 -0.0212911 19.0081 -0.0471955 0.998878 -0.00396599 -32.627 0.0210804 0.00496553 0.999765 0.392971
0.998689 0.0466758 -0.0210198 19.1043 -0.0467375 0.998904 -0.00245295 -32.6326 0.0208822 0.00343214 0.999776 0.393752
0.998738 0.0455042 -0.0212463 19.1997 -0.0455415 0.998962 -0.00127326 -32.6311 0.0211663 0.00223924 0.999773 0.389279
0.998765 0.044963 -0.0211239 19.2677 -0.0449876 0.998987 -0.000693331 -32.6292 0.0210713 0.00164279 0.999777 0.391641
0.99878 0.0447824 -0.0208286 19.3493 -0.044802 0.998996 -0.000478023 -32.6412 0.0207863 0.00141061 0.999783 0.398626
0.998803 0.0444647 -0.0203885 19.4268 -0.0444791 0.99901 -0.000253464 -32.6375 0.0203571 0.00116002 0.999792 0.400033
0.998838 0.0438171 -0.0200486 19.4999 -0.043807 0.99904 0.000943257 -32.6353 0.0200707 -6.38898e-05 0.999799 0.398957
0.998863 0.0430933 -0.0203664 19.5802 -0.0430553 0.99907 0.00230497 -32.647 0.0204468 -0.00142546 0.99979 0.397701
0.998885 0.0424583 -0.0206622 19.6559 -0.0424054 0.999096 0.00299211 -32.6462 0.0207706 -0.00211259 0.999782 0.394212
0.99891 0.0420875 -0.0202095 19.7415 -0.0420362 0.999112 0.00295819 -32.6492 0.020316 -0.00210543 0.999791 0.402877
0.998901 0.0426791 -0.0193805 19.8349 -0.0426326 0.999087 0.0028032 -32.6531 0.0194825 -0.00197388 0.999808 0.41495
0.998889 0.043101 -0.0190592 19.9419 -0.0430497 0.999068 0.00309106 -32.6518 0.0191747 -0.00226713 0.999814 0.413035
0.99889 0.0433908 -0.0183342 20.0373 -0.0433256 0.999053 0.00393859 -32.6591 0.0184877 -0.00313988 0.999824 0.410557
0.998822 0.0451047 -0.0178844 20.1443 -0.0450229 0.998974 0.00494868 -32.6676 0.0180893 -0.00413764 0.999828 0.408754
0.998765 0.0463377 -0.0179082 20.2645 -0.0462396 0.998913 0.00585211 -32.6692 0.0181599 -0.00501682 0.999823 0.408116
0.998755 0.0467738 -0.0173416 20.3826 -0.0466729 0.998891 0.00617585 -32.6608 0.0176112 -0.00535878 0.999831 0.409847
0.998737 0.0477523 -0.0156159 20.4971 -0.0476722 0.998848 0.00546402 -32.6738 0.0158588 -0.00471267 0.999863 0.415995
0.998686 0.0493179 -0.0139442 20.625 -0.0492649 0.998777 0.0041184 -32.6784 0.0141302 -0.00342603 0.999894 0.41628
0.998639 0.0506465 -0.0124566 20.7605 -0.0506112 0.998714 0.00313368 -32.6876 0.0125993 -0.00249898 0.999918 0.428871
0.998604 0.0516258 -0.0111844 20.8872 -0.051585 0.998661 0.00390204 -32.6986 0.0113709 -0.00331964 0.99993 0.442469
0.99857 0.0526153 -0.00949593 21.031 -0.0525681 0.998604 0.00516256 -32.6999 0.00975431 -0.00465599 0.999942 0.432901
0.998565 0.0529626 -0.00792244 21.1855 -0.0529203 0.998584 0.00546165 -32.7101 0.00820049 -0.00503456 0.999954 0.433056
0.99854 0.0535556 -0.00699288 21.3316 -0.0535174 0.998552 0.00554402 -32.7212 0.00727967 -0.00516169 0.99996 0.436207
0.998585 0.0526604 -0.00737073 21.5063 -0.0526308 0.998605 0.0041557 -32.7327 0.00757929 -0.00376189 0.999964 0.441068
0.998718 0.0501111 -0.00712606 21.6716 -0.0500899 0.99874 0.00312692 -32.7296 0.00727377 -0.00276597 0.99997 0.451058
0.998894 0.0465657 -0.00646302 21.8412 -0.0465531 0.998914 0.00208746 -32.7408 0.0065532 -0.00178428 0.999977 0.44778
0.999112 0.0417872 -0.00538597 22.0301 -0.0417842 0.999126 0.000676197 -32.7458 0.00540952 -0.000450548 0.999985 0.453602
0.999392 0.0343961 -0.00570823 22.2332 -0.0343936 0.999408 0.000525903 -32.7389 0.00572295 -0.000329256 0.999984 0.471699
0.999662 0.0255499 -0.00489615 22.4188 -0.0255418 0.999672 0.00171287 -32.7385 0.00493831 -0.00158723 0.999987 0.497694
0.999902 0.0138502 0.0021703 22.6549 -0.0138608 0.999892 0.00493147 -32.732 -0.00210176 -0.00496107 0.999985 0.419113
0.999952 0.00184347 0.00966461 22.882 -0.00184703 0.999998 0.000359481 -32.7314 -0.00966393 -0.000377314 0.999953 0.417932
0.999896 -0.0126124 0.00701823 23.1186 0.012633 0.999916 -0.00289986 -32.7204 -0.00698107 0.00298822 0.999971 0.458367
0.999484 -0.0320132 -0.00280088 23.3598 0.0319955 0.999469 -0.00614546 -32.6834 0.00299613 0.00605267 0.999977 0.478016
0.99835 -0.0566814 -0.00919048 23.5831 0.0566413 0.998384 -0.00456473 -32.6548 0.00943437 0.00403664 0.999947 0.495887
0.996428 -0.0832975 -0.013917 23.8106 0.0832806 0.996525 -0.00179116 -32.6109 0.0140178 0.000625751 0.999902 0.48297
0.993532 -0.111893 -0.0193316 24.063 0.111939 0.993714 0.00129048 -32.5606 0.0190657 -0.00344609 0.999812 0.480986
0.989303 -0.144028 -0.0231408 24.336 0.144059 0.989569 -0.00033982 -32.4816 0.0229484 -0.00299746 0.999732 0.456437
0.983291 -0.180434 -0.024144 24.6034 0.180381 0.983587 -0.00434301 -32.4126 0.0245313 -8.46833e-05 0.999699 0.475853
0.975278 -0.219774 -0.0230689 24.867 0.219638 0.975546 -0.0082784 -32.3237 0.0243241 0.00300693 0.9997 0.498089
0.964532 -0.26275 -0.0253067 25.1438 0.262366 0.964809 -0.017513 -32.2326 0.0290177 0.0102522 0.999526 0.480496
0.949829 -0.311166 -0.0316216 25.3952 0.310591 0.950293 -0.0218266 -32.1102 0.0368415 0.0109101 0.999262 0.586242
0.931002 -0.363062 -0.0376955 25.6459 0.362704 0.931764 -0.0161818 -31.9498 0.0409983 0.00139297 0.999158 0.542547
0.90743 -0.418623 -0.0363967 25.8858 0.418601 0.90813 -0.00860628 -31.7738 0.0366557 -0.00742608 0.9993 0.497927
0.879669 -0.474398 -0.0336058 26.1172 0.474512 0.880235 -0.00501954 -31.6048 0.0319623 -0.0115308 0.999423 0.494149
0.848355 -0.528553 -0.0304186 26.3553 0.528615 0.848836 -0.00662168 -31.408 0.0293203 -0.0104622 0.999515 0.515658
0.812228 -0.582719 -0.0269185 26.598 0.582744 0.812619 -0.00770902 -31.178 0.0263667 -0.0094251 0.999608 0.559009
0.771409 -0.635916 -0.0232294 26.8172 0.635936 0.771706 -0.00744939 -30.9343 0.0226635 -0.00902591 0.999702 0.573466
0.726249 -0.687136 -0.0201628 27.0181 0.687165 0.726472 -0.00656453 -30.6732 0.0191584 -0.00908766 0.999775 0.579728
0.677244 -0.735559 -0.0171146 27.2171 0.735592 0.677402 -0.00547306 -30.3884 0.0156192 -0.00888273 0.999839 0.58036
0.624163 -0.781163 -0.0143012 27.3932 0.781193 0.624272 -0.00467788 -30.0804 0.012582 -0.0082522 0.999887 0.584128
0.56711 -0.823556 -0.0118901 27.5588 0.823571 0.567192 -0.00494409 -29.7673 0.0108157 -0.00698846 0.999917 0.59911
0.507469 -0.861601 -0.0108839 27.6978 0.861621 0.507535 -0.00429373 -29.4481 0.00922343 -0.00719883 0.999932 0.614236
0.446716 -0.894606 -0.0112239 27.8071 0.894637 0.446778 -0.00369812 -29.0987 0.00832292 -0.00838927 0.99993 0.611983
0.38565 -0.922556 -0.0128599 27.8997 0.922602 0.385729 -0.00425788 -28.7474 0.00888856 -0.0102225 0.999908 0.60913
0.325065 -0.945596 -0.0134496 27.9779 0.945639 0.325164 -0.00589042 -28.3776 0.00994329 -0.0108037 0.999892 0.602217
0.266469 -0.963762 -0.0125417 28.0382 0.963796 0.266563 -0.00643286 -28.0015 0.00954288 -0.0103734 0.999901 0.601031
0.211431 -0.977322 -0.0118089 28.0982 0.977356 0.211512 -0.00614545 -27.6012 0.0085038 -0.0102421 0.999911 0.621258
0.160137 -0.987032 -0.0111509 28.1238 0.987071 0.160201 -0.00512116 -27.1832 0.00684113 -0.0101866 0.999925 0.622543
0.112416 -0.993584 -0.012389 28.1423 0.993647 0.112472 -0.00389726 -26.7531 0.00526567 -0.0118722 0.999916 0.622843
0.0691946 -0.997513 -0.0133955 28.1388 0.997596 0.0692373 -0.00274779 -26.3122 0.00366843 -0.0131732 0.999907 0.63153
0.0312083 -0.999411 -0.0142781 28.1381 0.99951 0.0312383 -0.00188335 -25.8628 0.00232826 -0.0142123 0.999896 0.629368
-0.000321743 -0.999883 -0.0153087 28.1068 0.999999 -0.000304494 -0.001129 -25.3953 0.00112421 -0.0153091 0.999882 0.626863
-0.0263528 -0.999507 -0.0170483 28.0751 0.999653 -0.0263518 -0.000283108 -24.9204 -0.000166285 -0.0170499 0.999855 0.635691
-0.0468542 -0.998717 -0.0191855 28.0382 0.998901 -0.0468651 0.000117292 -24.4224 -0.00101627 -0.0191589 0.999816 0.630941
-0.0621704 -0.99786 -0.0202324 27.997 0.998065 -0.0621822 -4.31551e-05 -23.9116 -0.00121503 -0.0201959 0.999795 0.622613
-0.0741003 -0.99706 -0.0195075 27.9571 0.99725 -0.0741033 -0.000570262 -23.3875 -0.000876984 -0.0194961 0.99981 0.621234
-0.0835502 -0.996334 -0.0183664 27.9047 0.996504 -0.0835387 -0.00139675 -22.8592 -0.000142672 -0.0184189 0.99983 0.628584
-0.0904975 -0.995736 -0.0178758 27.8547 0.995897 -0.0904884 -0.00132096 -22.319 -0.000302229 -0.017922 0.999839 0.637636
-0.0960245 -0.995217 -0.0179513 27.7974 0.995379 -0.0960198 -0.00112457 -21.7662 -0.000604492 -0.0179763 0.999838 0.63701
-0.0997141 -0.994835 -0.0190088 27.7406 0.995016 -0.0997048 -0.00143598 -21.1994 -0.000466701 -0.0190572 0.999818 0.639971
-0.103469 -0.99445 -0.0190652 27.6742 0.994633 -0.103444 -0.00230798 -20.6183 0.000322993 -0.0192017 0.999816 0.631694
-0.106906 -0.994097 -0.018481 27.606 0.994268 -0.106861 -0.0034359 -20.0325 0.00144073 -0.0187424 0.999823 0.638141
-0.109228 -0.993876 -0.0167261 27.5479 0.994013 -0.109165 -0.0046296 -19.4344 0.00277534 -0.0171317 0.999849 0.640482
-0.111377 -0.993656 -0.0156167 27.4762 0.993772 -0.111306 -0.00536847 -18.8137 0.00359619 -0.0161174 0.999864 0.65032
-0.112739 -0.993496 -0.016014 27.4013 0.993619 -0.112671 -0.00507524 -18.1937 0.00323791 -0.016484 0.999859 0.656538
-0.113959 -0.993339 -0.0170493 27.3198 0.993484 -0.113913 -0.00361848 -17.5458 0.00165225 -0.0173505 0.999848 0.651848
-0.114519 -0.993267 -0.0174863 27.2463 0.993421 -0.114495 -0.00235142 -16.883 0.00033349 -0.0176406 0.999844 0.64534
-0.11512 -0.9932 -0.0173415 27.1699 0.993352 -0.11511 -0.00156969 -16.216 -0.000437162 -0.0174069 0.999848 0.652811
-0.115565 -0.993155 -0.0169445 27.0864 0.993299 -0.115571 -0.0005773 -15.5427 -0.00138495 -0.0168977 0.999856 0.651742
-0.11595 -0.993098 -0.0176467 27.0042 0.993253 -0.115969 7.85361e-05 -14.8439 -0.00212447 -0.0175186 0.999844 0.664657
-0.115549 -0.993119 -0.0190296 26.9202 0.993298 -0.115577 0.000383788 -14.148 -0.00258054 -0.0188577 0.999819 0.664121
-0.115154 -0.993145 -0.0200684 26.8313 0.993343 -0.11519 0.000612296 -13.4274 -0.00291977 -0.0198643 0.999798 0.657274
-0.114905 -0.993145 -0.0214568 26.7495 0.993372 -0.11494 0.0004118 -12.6997 -0.00287522 -0.0212672 0.99977 0.661049
-0.114164 -0.993197 -0.0229596 26.6606 0.993456 -0.114211 0.000708929 -11.976 -0.00332634 -0.0227284 0.999736 0.651427
-0.11341 -0.993278 -0.0231772 26.5699 0.993539 -0.113477 0.00158462 -11.2241 -0.00420406 -0.0228478 0.99973 0.655269
-0.112368 -0.993385 -0.023674 26.482 0.993654 -0.112455 0.00236873 -10.4556 -0.00501532 -0.0232576 0.999717 0.657608
-0.111327 -0.993481 -0.0245407 26.3885 0.99377 -0.111422 0.00256814 -9.68611 -0.00528578 -0.0241019 0.999696 0.658471
-0.110366 -0.99357 -0.0252484 26.309 0.993878 -0.110458 0.00225322 -8.90949 -0.00502761 -0.0248451 0.999679 0.652611
-0.109328 -0.993647 -0.0267164 26.2181 0.993994 -0.109419 0.0019521 -8.11881 -0.00486299 -0.0263425 0.999641 0.657602
