1 0 0 0 0 1 0 0 0 0 1 0
1 2.09832e-05 -2.32125e-05 9.55284e-05 -2.09839e-05 1 -2.86119e-05 -0.00271926 2.32119e-05 2.86124e-05 1 -2.23759e-05
1 8.15986e-06 -4.36362e-05 0.000421887 -8.16086e-06 1 -2.29014e-05 -0.0015375 4.3636e-05 2.29018e-05 1 -0.00154595
1 -2.02432e-05 -2.35078e-05 -0.00176035 2.02441e-05 1 3.89403e-05 -0.00197334 2.3507e-05 -3.89408e-05 1 -0.00118037
1 -2.18059e-05 -2.15903e-06 -0.00253056 2.18059e-05 1 3.28457e-06 -0.00165843 2.15896e-06 -3.28462e-06 1 0.000649334
1 2.43841e-05 1.02724e-05 -0.0028514 -2.43842e-05 1 6.23196e-06 -0.00187833 -1.02722e-05 -6.23221e-06 1 0.000301082
1 3.0143e-05 -1.06604e-05 0.003198 -3.01432e-05 1 -2.30466e-05 -0.000945027 1.06597e-05 2.3047e-05 1 -0.000783858
1 1.81342e-05 4.07606e-07 0.000499908 -1.81342e-05 1 2.43016e-05 -0.00448005 -4.07166e-07 -2.43016e-05 1 0.000667804
1 8.16303e-06 -2.09274e-05 0.00277409 -8.16299e-06 1 1.78191e-06 -0.000586549 2.09274e-05 -1.78174e-06 1 -0.000543022
1 -3.77785e-05 -2.37655e-05 0.00211114 3.77787e-05 1 1.00543e-05 5.3642e-05 2.37651e-05 -1.00552e-05 1 -0.00041363
1 -2.41353e-05 -1.55248e-05 0.000710473 2.41352e-05 1 -2.83267e-06 -0.00103399 1.55248e-05 2.83229e-06 1 -0.000743054
1 6.89738e-05 -3.33141e-06 0.00151512 -6.89738e-05 1 4.21597e-06 -0.000594764 3.3317e-06 -4.21574e-06 1 -0.000256369
1 3.10893e-05 -5.15315e-06 0.00129938 -3.10893e-05 1 3.57943e-06 -0.00335578 5.15326e-06 -3.57927e-06 1 -0.000112227
1 -5.44483e-06 -9.06562e-07 0.00169915 5.44485e-06 1 1.89699e-05 -0.0013549 9.06459e-07 -1.89699e-05 1 -0.000785741
1 -6.05394e-05 5.73642e-06 0.0032453 6.05393e-05 1 3.94382e-06 0.000656478 -5.73666e-06 -3.94347e-06 1 -0.00120178
1 8.08582e-05 -6.65435e-06 0.00151088 -8.08581e-05 1 1.96757e-05 -0.00200832 6.65594e-06 -1.96751e-05 1 -0.000488625
1 2.78535e-05 -2.01323e-05 0.00162263 -2.78528e-05 1 3.47636e-05 -0.00273638 2.01333e-05 -3.47631e-05 1 0.0002171
1 1.62416e-05 7.82338e-06 0.00256244 -1.62418e-05 1 2.77522e-05 -0.00153449 -7.82293e-06 -2.77524e-05 1 6.63531e-05
1 -7.597e-05 4.00419e-06 0.000203498 7.597e-05 1 4.69626e-06 0.000500661 -4.00455e-06 -4.69596e-06 1 0.000774153
1 1.8494e-05 -1.52172e-05 0.00340261 -1.84938e-05 1 9.4325e-06 -0.0022222 1.52174e-05 -9.43222e-06 1 0.000400406
1 3.70707e-05 3.34169e-07 0.00238826 -3.70707e-05 1 3.16515e-05 -0.0014157 -3.32996e-07 -3.16516e-05 1 0.000445857
1 -3.29532e-05 1.74361e-06 0.00567609 3.29532e-05 1 -3.12836e-06 0.000893898 -1.74351e-06 3.12842e-06 1 0.000827641
1 -8.60653e-05 -1.63268e-05 0.000923769 8.60653e-05 1 -4.07253e-06 0.00077773 1.63272e-05 4.07112e-06 1 -0.000325134
1 -9.83451e-05 -5.93834e-06 0.000844001 9.83452e-05 1 8.36988e-06 0.00204713 5.93751e-06 -8.37047e-06 1 -0.00019418
1 -2.65383e-05 -1.33937e-05 0.00247034 2.65383e-05 1 8.92836e-07 -0.000211823 1.33937e-05 -8.93191e-07 1 -0.00047379
1 -6.73834e-06 -8.75494e-06 0.00322279 6.73837e-06 1 3.07492e-06 -0.0017351 8.75492e-06 -3.07498e-06 1 -5.34134e-05
1 -2.46431e-05 -1.84441e-05 -0.000377996 2.46433e-05 1 9.45944e-06 -0.00200948 1.84439e-05 -9.4599e-06 1 -0.00096533
1 -9.0269e-05 -2.20827e-05 3.24283e-05 9.02696e-05 1 2.89048e-05 -0.00127522 2.208e-05 -2.89068e-05 1 0.000108672
1 -5.21303e-05 -3.3322e-05 0.00235383 5.21304e-05 1 3.35894e-06 -0.00167527 3.33218e-05 -3.36068e-06 1 -0.000657523
1 -0.000104144 -2.19573e-05 0.00464923 0.000104144 1 1.38157e-05 -0.000113584 2.19558e-05 -1.38179e-05 1 -0.000359785
1 -2.76167e-05 -2.15225e-05 0.00408488 2.7617e-05 1 1.23731e-05 0.0014359 2.15222e-05 -1.23737e-05 1 -0.000101459
1 -7.52075e-05 -3.57741e-05 0.00523259 7.52079e-05 1 1.01423e-05 0.000174742 3.57734e-05 -1.0145e-05 1 -0.0011873
1 -5.06509e-05 -1.68111e-05 0.00346951 5.06512e-05 1 1.95016e-05 -0.00116723 1.68101e-05 -1.95024e-05 1 0.000336861
1 -8.8687e-05 -6.85327e-06 7.86221e-05 8.86868e-05 1 -1.72036e-05 0.00178224 6.8548e-06 1.7203e-05 1 0.000439757
1 -8.70295e-05 -8.97645e-06 0.00401097 8.70294e-05 1 -6.58416e-06 0.000820666 8.97703e-06 6.58338e-06 1 0.000704469
1 -4.47382e-08 -1.49036e-05 0.00746466 4.46724e-08 1 -4.41195e-06 0.000644727 1.49036e-05 4.41195e-06 1 -0.000258516
1 -3.24012e-05 -2.18032e-05 0.00585903 3.24011e-05 1 -3.67815e-06 -5.1795e-05 2.18033e-05 3.67744e-06 1 -0.000627828
1 -6.27717e-05 -8.61184e-08 0.000849733 6.27717e-05 1 4.4038e-06 0.00246946 8.58419e-08 -4.40381e-06 1 -0.00036499
1 -3.58283e-05 -1.9451e-05 0.0019869 3.58283e-05 1 -2.95508e-07 -4.2188e-06 1.94511e-05 2.94811e-07 1 -0.000751955
1 -4.06447e-05 -1.42238e-05 0.001222 4.06446e-05 1 -5.60146e-06 0.00484194 1.42241e-05 5.60088e-06 1 0.000210349
1 -2.29129e-07 -2.27763e-05 0.00051244 2.29181e-07 1 2.2593e-06 0.00710683 2.27763e-05 -2.2593e-06 1 -1.98933e-05
1 0.000149508 -2.37234e-05 -0.00117218 -0.000149507 1 5.08547e-05 0.00381741 2.3731e-05 -5.08512e-05 1 0.0014186
1 0.000352494 -3.23349e-05 -0.000605891 -0.000352494 1 -1.07984e-05 0.00301352 3.23311e-05 1.08098e-05 1 -0.0010496
0.999999 0.00116986 2.15175e-05 -0.0117288 -0.00116986 0.999999 7.37087e-05 0.000898388 -2.14313e-05 -7.37338e-05 1 0.00368689
0.999992 0.00393449 5.17028e-05 -0.0159791 -0.00393449 0.999992 9.3226e-05 -0.00341938 -5.13356e-05 -9.34287e-05 1 0.00408278
0.999974 0.00715597 7.55804e-05 -0.0210648 -0.00715598 0.999974 0.000107527 0.00057055 -7.4809e-05 -0.000108065 1 0.00229692
0.999935 0.0113863 5.75967e-05 -0.040913 -0.0113863 0.999935 0.000184709 -0.00171262 -5.54898e-05 -0.000185353 1 0.00582553
0.999875 0.0158189 9.06896e-05 -0.0609282 -0.0158189 0.999875 0.000249347 0.00693575 -8.67338e-05 -0.00025075 1 0.00407495
0.999785 0.0207332 0.000141556 -0.0808472 -0.0207332 0.999785 0.000274155 -0.00861064 -0.000135842 -0.000277031 1 0.00663703
0.9997 0.0244829 0.000196374 -0.103153 -0.024483 0.9997 0.000253418 0.000618281 -0.000190111 -0.00025815 1 0.00959432
0.999604 0.0281442 0.000212064 -0.141986 -0.0281442 0.999604 0.000189526 -0.00274838 -0.000206646 -0.000195419 1 0.00558898
0.999476 0.032366 0.000222825 -0.16539 -0.032366 0.999476 0.000225873 -0.0129538 -0.000215398 -0.000232967 1 0.00659113
0.999371 0.0354587 0.000206476 -0.204501 -0.0354588 0.999371 0.000245168 -0.0132613 -0.000197652 -0.000252336 1 0.00617624
0.999285 0.0378053 0.000189573 -0.23218 -0.0378054 0.999285 0.00026058 -0.00721928 -0.000179586 -0.00026756 1 0.00414095
0.999215 0.0396102 0.000228109 -0.26543 -0.0396102 0.999215 0.000231273 -0.0153715 -0.000218769 -0.000240127 1 0.0028177
0.999176 0.0405949 0.000321433 -0.302974 -0.040595 0.999176 0.000253581 -0.0106392 -0.000310874 -0.000266421 1 0.00608052
0.999122 0.041894 0.000385815 -0.340038 -0.0418941 0.999122 0.000251616 -0.0214993 -0.000374935 -0.000267559 1 0.00825584
0.99912 0.0419434 0.000480075 -0.362235 -0.0419435 0.99912 0.00028164 -0.0105318 -0.00046784 -0.000301528 1 0.00965567
0.999139 0.0414726 0.000582782 -0.410627 -0.0414728 0.99914 0.000445876 -0.0114096 -0.000563789 -0.000469662 1 0.0110177
0.999193 0.0401626 0.000681142 -0.457143 -0.0401629 0.999193 0.000471681 0.00116018 -0.000661648 -0.000498657 1 0.0133666
0.999252 0.0386731 0.000773659 -0.505968 -0.0386735 0.999252 0.000507283 -0.000240933 -0.000753462 -0.000536823 1 0.0157129
0.999351 0.0360206 0.000926144 -0.549061 -0.0360211 0.999351 0.000514015 0.00825158 -0.000907028 -0.000547042 0.999999 0.0184853
0.999478 0.0322947 0.0010035 -0.602102 -0.0322952 0.999478 0.000456508 0.00134196 -0.00098823 -0.000488678 0.999999 0.0163653
0.999615 0.0277228 0.0010159 -0.658086 -0.0277232 0.999616 0.000390663 0.00484546 -0.00100468 -0.000418676 0.999999 0.0166111
0.999741 0.0227199 0.0011305 -0.709555 -0.0227204 0.999742 0.000381364 0.00279796 -0.00112154 -0.000406951 0.999999 0.0157056
0.999867 0.0162874 0.00124309 -0.751364 -0.0162878 0.999867 0.000361205 0.0115864 -0.00123704 -0.000381404 0.999999 0.0203223
0.999957 0.00919024 0.00153878 -0.818495 -0.00919125 0.999958 0.000653901 0.0240639 -0.00153271 -0.000668016 0.999999 0.0278637
0.999997 0.00179785 0.00187027 -0.856473 -0.00179963 0.999998 0.00094756 0.0281573 -0.00186856 -0.000950923 0.999998 0.030668
0.999976 -0.00665568 0.00198211 -0.914658 0.00665412 0.999978 0.00079344 0.0456593 -0.00198734 -0.000780232 0.999998 0.0320868
0.999873 -0.015822 0.00204064 -0.982132 0.0158204 0.999875 0.000774169 0.0537801 -0.00205263 -0.000741786 0.999998 0.0354027
0.999687 -0.0249163 0.00211035 -1.03508 0.0249144 0.999689 0.000927987 0.0603172 -0.00213281 -0.000875119 0.999997 0.0369536
0.999383 -0.0350517 0.00218414 -1.08152 0.0350497 0.999385 0.000953124 0.0748317 -0.00221621 -0.000875983 0.999997 0.0411216
0.998952 -0.0457147 0.00240563 -1.14338 0.0457121 0.998954 0.00115414 0.0821162 -0.00245587 -0.00104296 0.999996 0.0398264
0.99841 -0.056313 0.00244167 -1.21004 0.0563104 0.998413 0.00113287 0.095657 -0.00250159 -0.000993581 0.999996 0.0406421
0.99772 -0.0674351 0.0025285 -1.24989 0.0674325 0.997723 0.00108747 0.0975385 -0.00259608 -0.000914488 0.999996 0.0382148
0.996861 -0.0791167 0.00282479 -1.31157 0.0791134 0.996865 0.00126124 0.106597 -0.00291571 -0.0010338 0.999995 0.0401388
0.995809 -0.0914152 0.00291002 -1.3739 0.0914116 0.995812 0.00135588 0.108767 -0.00302179 -0.00108419 0.999995 0.0431863
0.99456 -0.10413 0.0028677 -1.4237 0.104126 0.994563 0.00144984 0.124313 -0.00300308 -0.00114335 0.999995 0.0413657
0.993126 -0.117012 0.00315112 -1.47909 0.117006 0.99313 0.00182121 0.133723 -0.00334257 -0.00143999 0.999993 0.0423494
0.99145 -0.13045 0.00310385 -1.54613 0.130445 0.991454 0.00173505 0.139115 -0.00330366 -0.00131534 0.999994 0.0444936
0.98953 -0.144287 0.00335099 -1.60988 0.144281 0.989535 0.00204664 0.151996 -0.00361123 -0.00154172 0.999992 0.0490203
0.98733 -0.158609 0.00479325 -1.67107 0.158579 0.987328 0.00607048 0.152293 -0.00569534 -0.00523346 0.99997 0.0127031
0.984892 -0.173106 0.00459363 -1.73526 0.173073 0.984886 0.00679402 0.15495 -0.00570029 -0.00589635 0.999966 -0.01506
0.982202 -0.187766 0.00483888 -1.79092 0.187733 0.982199 0.00649802 0.162334 -0.00597285 -0.00547395 0.999967 0.00585451
0.979419 -0.201782 0.00473286 -1.84564 0.201751 0.979417 0.00629309 0.161261 -0.00590527 -0.00520872 0.999969 0.00444178
0.976355 -0.216122 0.00480207 -1.90724 0.216088 0.976351 0.00667668 0.158598 -0.00613148 -0.00548114 0.999966 0.00977691
0.973057 -0.230514 0.0047604 -1.96491 0.23048 0.973053 0.00684072 0.169583 -0.006209 -0.00555923 0.999965 0.00763518
0.96957 -0.244773 0.00448069 -2.02951 0.244738 0.969563 0.00707151 0.170549 -0.00607522 -0.00575973 0.999965 0.00978392
0.965909 -0.258843 0.00449423 -2.08714 0.258807 0.965901 0.00731273 0.169871 -0.00623383 -0.0059003 0.999963 0.010685
0.96202 -0.272948 0.00419162 -2.14871 0.272913 0.96201 0.00741533 0.176956 -0.00605638 -0.00598975 0.999964 0.00945612
0.957911 -0.287038 0.00403554 -2.21068 0.287001 0.957898 0.00784336 0.179294 -0.00611697 -0.00635503 0.999961 0.0140253
0.953534 -0.30126 0.0039491 -2.27778 0.301222 0.95352 0.00808192 0.172357 -0.00620031 -0.00651683 0.99996 0.00706853
0.948977 -0.31532 0.00390885 -2.33715 0.315282 0.948963 0.00814847 0.178754 -0.00627873 -0.00650032 0.999959 0.0118462
0.944113 -0.329599 0.00384303 -2.38669 0.32956 0.944099 0.00823849 0.166922 -0.0063436 -0.00651156 0.999959 0.00620527
0.93909 -0.34365 0.00381701 -2.45774 0.343609 0.939074 0.00857868 0.164667 -0.00653252 -0.0067446 0.999956 0.0154501
0.933806 -0.357751 0.00450526 -2.51852 0.357676 0.933765 0.0123159 0.149383 -0.00861289 -0.00988924 0.999914 -0.0174615
0.928261 -0.371897 0.00498134 -2.57818 0.371808 0.928216 0.0132072 0.142567 -0.00953549 -0.0104076 0.9999 -0.0373787
0.922487 -0.385996 0.00502967 -2.63493 0.385908 0.922446 0.0129716 0.127711 -0.0096466 -0.0100252 0.999903 -0.0197926
0.916564 -0.399856 0.0050453 -2.70361 0.399769 0.916526 0.0128488 0.121316 -0.00976184 -0.00975983 0.999905 -0.0154693
0.91034 -0.41383 0.0050709 -2.76067 0.41374 0.910302 0.0129906 0.100855 -0.00999194 -0.00972781 0.999903 -0.0229037
0.903942 -0.427628 0.00482151 -2.83504 0.427543 0.903905 0.0127799 0.0979293 -0.00982323 -0.00949088 0.999907 -0.0265673
0.897391 -0.441207 0.00508404 -2.8889 0.441123 0.897362 0.0123611 0.0813071 -0.010016 -0.00885004 0.999911 -0.0350821
0.890709 -0.454542 0.00535174 -2.94593 0.454458 0.890686 0.0120989 0.0538178 -0.0102662 -0.00834443 0.999912 -0.020258
0.883736 -0.467947 0.00600961 -2.99685 0.467862 0.883725 0.0116238 0.0471028 -0.0107501 -0.00746067 0.999914 -0.0295988
0.876649 -0.481092 0.00611484 -3.0654 0.481007 0.876641 0.0115206 0.0209577 -0.010903 -0.00715823 0.999915 -0.0165043
0.869488 -0.493917 0.00600176 -3.11461 0.493841 0.869485 0.010784 0.00656187 -0.0105448 -0.00641262 0.999924 -0.0253889
0.861683 -0.507411 0.00597224 -3.17966 0.507332 0.861679 0.0110639 -0.00957325 -0.0107601 -0.00650366 0.999921 -0.016895
0.854045 -0.520168 0.00567763 -3.23688 0.520087 0.854037 0.0114001 -0.0283895 -0.0107789 -0.00678337 0.999919 -0.0241951
0.846236 -0.532795 0.00362727 -3.29899 0.532734 0.846213 0.0108728 -0.0475729 -0.00886241 -0.00726857 0.999934 -0.0160182
0.838256 -0.545269 0.00294602 -3.35219 0.545212 0.838227 0.0109287 -0.0604775 -0.00842849 -0.00755481 0.999936 -0.0238018
0.83031 -0.557298 0.00210966 -3.41433 0.557244 0.830272 0.011312 -0.0811719 -0.00805574 -0.00821686 0.999934 -0.0109751
0.822139 -0.569286 0.00142821 -3.47044 0.569234 0.822093 0.0116179 -0.0985938 -0.00778802 -0.00873853 0.999931 -0.0131074
0.813751 -0.581213 0.00110341 -3.52528 0.581162 0.813702 0.0118263 -0.11718 -0.00777142 -0.00898237 0.999929 -0.0104339
0.805202 -0.592999 0.000955844 -3.57894 0.592949 0.805153 0.0118094 -0.143445 -0.00777257 -0.00894219 0.99993 -0.0119752
0.796944 -0.604052 0.000727732 -3.63555 0.604004 0.796895 0.0116831 -0.164246 -0.00763713 -0.00887122 0.999931 -0.0158984
0.788446 -0.615104 0.000355737 -3.68007 0.615059 0.788394 0.0117201 -0.1836 -0.00748953 -0.00902185 0.999931 -0.0144871
0.7799 -0.625904 0.000255671 -3.73417 0.625857 0.779847 0.011923 -0.206613 -0.00766202 -0.00913872 0.999929 -0.0148198
0.770875 -0.636986 0.000156431 -3.78481 0.636938 0.770819 0.0121437 -0.221515 -0.00785595 -0.00926164 0.999926 -0.0136946
0.762289 -0.647237 -4.46222e-05 -3.84202 0.647191 0.762233 0.0120447 -0.254411 -0.00776176 -0.00921041 0.999927 -0.0161414
0.753633 -0.657295 -0.000238757 -3.89614 0.65725 0.753578 0.0119312 -0.271989 -0.00766242 -0.0091487 0.999929 -0.0203286
0.74518 -0.666864 -0.000437488 -3.94937 0.66682 0.745123 0.0120008 -0.300908 -0.00767689 -0.00923445 0.999928 -0.0188197
0.736661 -0.676262 -0.000747556 -3.97649 0.676221 0.736603 0.0118995 -0.318931 -0.00749656 -0.00927144 0.999929 -0.0171664
0.728549 -0.684994 -0.000732037 -4.02112 0.68495 0.728489 0.0120975 -0.341555 -0.00775344 -0.00931504 0.999927 -0.0148746
0.720397 -0.693561 -0.000583648 -4.0649 0.693516 0.720341 0.0120302 -0.365823 -0.00792322 -0.00907126 0.999927 -0.0165021
0.712538 -0.701633 -0.000636826 -4.10463 0.701589 0.712482 0.0119673 -0.39255 -0.00794293 -0.00897395 0.999928 -0.0184274
0.704637 -0.709568 -0.000730212 -4.14366 0.709524 0.70458 0.0119419 -0.420444 -0.00795909 -0.00893279 0.999928 -0.023917
0.696389 -0.717664 -0.000697966 -4.18115 0.717619 0.696334 0.0118947 -0.435025 -0.00805038 -0.00878421 0.999929 -0.0229749
0.688761 -0.724988 -0.000707715 -4.23211 0.724942 0.688706 0.0119137 -0.469003 -0.00814985 -0.00871872 0.999929 -0.0173849
0.681008 -0.732276 -0.000297461 -4.26363 0.732226 0.680957 0.0119101 -0.489103 -0.00851893 -0.00832869 0.999929 -0.0210776
0.67355 -0.739142 -0.00083183 -4.29157 0.739097 0.673496 0.0118192 -0.510317 -0.00817582 -0.00857562 0.99993 -0.0209465
0.666342 -0.745646 -0.000740735 -4.3273 0.745601 0.66629 0.0116822 -0.533337 -0.00821727 -0.00833665 0.999931 -0.0214406
0.659902 -0.751351 -0.000819595 -4.36639 0.751306 0.65985 0.0117248 -0.562563 -0.00826861 -0.00835296 0.999931 -0.0190841
0.653852 -0.756622 -0.000968573 -4.3872 0.756577 0.653798 0.0117722 -0.582237 -0.00827384 -0.00843007 0.99993 -0.0183292
0.648603 -0.761127 -0.0005651 -4.41416 0.761079 0.648553 0.0117665 -0.598201 -0.00858929 -0.00806186 0.999931 -0.0234112
0.64431 -0.764764 -0.000927953 -4.42908 0.764719 0.644257 0.0117396 -0.615732 -0.00838019 -0.00827356 0.999931 -0.0272486
0.640559 -0.767908 -0.0012287 -4.4395 0.767866 0.640505 0.0115848 -0.620658 -0.00810903 -0.00836419 0.999932 -0.0279145
0.638016 -0.770023 -0.00060188 -4.45295 0.769976 0.637968 0.0115804 -0.627662 -0.0085332 -0.00785192 0.999933 -0.0290883
0.636349 -0.771401 -0.000641648 -4.46406 0.771355 0.636301 0.0115433 -0.637019 -0.00849622 -0.00784049 0.999933 -0.0192133
0.634978 -0.77253 -0.000416285 -4.45845 0.772482 0.634932 0.0114796 -0.633721 -0.00860406 -0.0076109 0.999934 -0.0221997
0.634407 -0.772999 -0.000205462 -4.46403 0.77295 0.634363 0.0115073 -0.638523 -0.00876476 -0.00745909 0.999934 -0.0191925
0.63406 -0.773284 0.00011632 -4.45139 0.773234 0.63402 0.0112714 -0.636879 -0.00878974 -0.00705679 0.999936 -0.0259447
0.633997 -0.773335 0.000143994 -4.44575 0.773286 0.633959 0.0111981 -0.643792 -0.00875118 -0.00698823 0.999937 -0.0218988
0.633477 -0.773761 0.000814422 -4.44289 0.773711 0.633447 0.0107743 -0.63997 -0.00885263 -0.00619514 0.999942 -0.0279715
0.633279 -0.773922 0.00143541 -4.44478 0.77387 0.633257 0.0105376 -0.638573 -0.00906424 -0.0055624 0.999943 -0.0192957
0.633084 -0.774082 0.00134204 -4.44423 0.774031 0.63306 0.0105718 -0.639926 -0.00903301 -0.00565404 0.999943 -0.0234383
0.632449 -0.774601 0.00136991 -4.4345 0.774549 0.632425 0.0106245 -0.64161 -0.00909608 -0.00565836 0.999943 -0.0293906
0.631995 -0.77497 0.00174005 -4.43724 0.774919 0.631976 0.0103644 -0.637251 -0.00913177 -0.00520185 0.999945 -0.0323003
0.631809 -0.775121 0.00213554 -4.44067 0.775071 0.631796 0.00991215 -0.632727 -0.00903234 -0.00460739 0.999949 -0.0275062
0.631648 -0.775251 0.00233372 -4.44262 0.775223 0.631647 0.0071824 -0.620218 -0.00704225 -0.0027276 0.999971 -0.0189206
0.631285 -0.77555 0.00105854 -4.43455 0.775532 0.631279 0.00612859 -0.608444 -0.00542126 -0.00304795 0.999981 -0.00685693
0.631083 -0.775715 0.000313487 -4.41754 0.775701 0.631074 0.00571675 -0.593123 -0.00463241 -0.00336457 0.999984 -0.0202665
0.630179 -0.77645 0.000352568 -4.39245 0.776437 0.630171 0.00557077 -0.56014 -0.0045476 -0.00323684 0.999984 -0.0243727
0.628763 -0.777593 0.00252734 -4.37157 0.777573 0.628766 0.0058835 -0.546959 -0.00616407 -0.00173414 0.999979 -0.0247272
0.625957 -0.77985 0.0033543 -4.34022 0.779828 0.625965 0.00602298 -0.519255 -0.00679669 -0.00115436 0.999976 -0.0172609
0.622094 -0.782935 0.00340256 -4.32801 0.782913 0.622102 0.00600672 -0.488576 -0.00681961 -0.00107284 0.999976 -0.0185797
0.616185 -0.787594 0.00336668 -4.30585 0.787572 0.616194 0.00592434 -0.430058 -0.0067405 -0.000998989 0.999977 -0.0243223
0.608653 -0.79343 0.0032947 -4.28709 0.793408 0.608661 0.00596835 -0.404981 -0.00674082 -0.00101861 0.999977 -0.0270619
0.599863 -0.800095 0.00346259 -4.26632 0.800073 0.599873 0.00597892 -0.345456 -0.00686082 -0.000816207 0.999976 -0.0219273
0.589679 -0.80763 0.00339863 -4.2426 0.807609 0.589688 0.00598761 -0.288018 -0.00683991 -0.000786005 0.999976 -0.0194227
0.577361 -0.816482 0.00332108 -4.21455 0.81646 0.57737 0.00603315 -0.23516 -0.00684345 -0.000771768 0.999976 -0.0216149
0.563818 -0.825894 0.00281189 -4.19309 0.825872 0.563824 0.00617007 -0.168027 -0.00668123 -0.00115654 0.999977 -0.0171365
0.549461 -0.835515 0.00270305 -4.16761 0.835494 0.549466 0.00608415 -0.106988 -0.00656864 -0.00108462 0.999978 -0.0243229
0.533434 -0.845838 0.00236866 -4.13961 0.845816 0.533437 0.00628364 -0.038786 -0.00657847 -0.00134846 0.999977 -0.0137673
0.516917 -0.856033 0.00208251 -4.12924 0.856011 0.516919 0.00630522 0.0419961 -0.00647396 -0.00147663 0.999978 -0.0165522
0.499226 -0.866472 -2.73968e-05 -4.09307 0.866457 0.499216 0.00600049 0.12303 -0.00518558 -0.00301934 0.999982 -0.00467138
0.480394 -0.877053 -0.000378894 -4.0685 0.877039 0.480383 0.00585865 0.206312 -0.00495633 -0.00314676 0.999983 -0.00833518
0.4602 -0.887815 -0.000793351 -4.04308 0.887803 0.460189 0.00573872 0.300501 -0.00472983 -0.0033453 0.999983 -0.00458636
0.438697 -0.898635 -0.000736472 -4.02196 0.898622 0.438686 0.00578498 0.388746 -0.00487551 -0.00319966 0.999983 -0.00595398
0.415364 -0.909655 -0.000843373 -4.00559 0.909643 0.415353 0.00566798 0.484818 -0.00480561 -0.00312144 0.999984 -0.00409301
0.390258 -0.920705 -0.0010563 -3.97223 0.920693 0.390246 0.00571537 0.597549 -0.00484996 -0.003203 0.999983 -0.00290124
0.36377 -0.931488 -0.000991437 -3.96636 0.931475 0.363759 0.00575536 0.702686 -0.00500041 -0.00301713 0.999983 -0.00399039
0.335083 -0.942188 -0.000927046 -3.96225 0.942175 0.335073 0.00565752 0.826561 -0.00501982 -0.00276918 0.999984 -0.00198409
0.304995 -0.952354 -0.00088193 -3.94237 0.952341 0.304985 0.00556842 0.950737 -0.00503413 -0.00253824 0.999984 -0.00296397
0.27356 -0.961854 -0.00100558 -3.93989 0.961842 0.273551 0.00553658 1.07953 -0.00505031 -0.00248179 0.999984 -0.0054324
0.241524 -0.970393 -0.00170645 -3.9303 0.970382 0.241511 0.00562902 1.21561 -0.00505024 -0.00301545 0.999983 -0.0095
0.20948 -0.977811 -0.00209714 -3.9348 0.977801 0.209466 0.00539258 1.35711 -0.00483364 -0.00318022 0.999983 -0.0176538
0.177438 -0.98413 -0.00204313 -3.94152 0.984119 0.177425 0.00551444 1.52803 -0.00506442 -0.00298916 0.999983 -0.0151912
0.145848 -0.989305 -0.00212144 -3.94056 0.989295 0.145835 0.00534146 1.69021 -0.00497495 -0.00287777 0.999983 -0.0176363
0.115051 -0.993356 -0.00277706 -3.94468 0.993347 0.115035 0.00543084 1.85484 -0.0050753 -0.0033834 0.999981 -0.00957109
0.0850776 -0.996368 -0.0034608 -3.96446 0.996362 0.0850587 0.00530181 2.03301 -0.00498819 -0.00389927 0.99998 -0.0200609
0.0563235 -0.998405 -0.0038398 -3.97117 0.998401 0.0563037 0.00507735 2.2343 -0.00485306 -0.00411963 0.99998 -0.0241619
0.0287388 -0.999578 -0.00426596 -3.99257 0.999576 0.0287179 0.00487713 2.42567 -0.00475256 -0.00440431 0.999979 -0.0228356
0.0028838 -0.999983 -0.0050059 -4.01793 0.999984 0.00285924 0.00490503 2.64061 -0.00489064 -0.00501996 0.999975 -0.0157136
-0.0214913 -0.99975 -0.00615146 -4.04821 0.999759 -0.0215178 0.00426084 2.85646 -0.00439214 -0.00605841 0.999972 -0.0152624
-0.0423945 -0.999077 -0.0069376 -4.07248 0.99909 -0.0424256 0.0043896 3.0732 -0.00467988 -0.00674519 0.999966 -0.019963
-0.0601707 -0.998163 -0.00709115 -4.1006 0.998175 -0.0602045 0.00465323 3.29814 -0.0050716 -0.00679823 0.999964 -0.0196588
-0.0743808 -0.997202 -0.00747772 -4.12462 0.997218 -0.0744151 0.00442109 3.53253 -0.00496517 -0.00712807 0.999962 -0.013236
-0.0850921 -0.99634 -0.00814285 -4.15662 0.99636 -0.0851299 0.00441089 3.78718 -0.00508794 -0.00773788 0.999957 -0.0153604
-0.0927551 -0.995652 -0.00862512 -4.1897 0.995676 -0.092795 0.00434441 4.06185 -0.00512589 -0.00818485 0.999953 -0.019194
-0.0976539 -0.995182 -0.00877844 -4.20876 0.995206 -0.0976963 0.00453503 4.32518 -0.0053708 -0.00829349 0.999951 -0.0205942
-0.100291 -0.994918 -0.00890805 -4.23252 0.994943 -0.100336 0.00468198 4.60626 -0.00555198 -0.00839344 0.999949 -0.0167245
-0.100029 -0.994945 -0.00886266 -4.28674 0.994967 -0.100077 0.00507389 4.88009 -0.00593519 -0.00831052 0.999948 -0.0178765
-0.0985284 -0.995087 -0.00965366 -4.29474 0.995114 -0.0985831 0.00536978 5.17381 -0.00629508 -0.00907742 0.999939 -0.0237855
-0.0951525 -0.995423 -0.00888143 -4.33299 0.995443 -0.0952036 0.00551806 5.48027 -0.00633835 -0.0083159 0.999945 -0.0261539
-0.0914582 -0.995775 -0.00818076 -4.34963 0.995786 -0.0915082 0.00596128 5.78945 -0.0066847 -0.00760108 0.999949 -0.0140326
-0.0883062 -0.996068 -0.00708696 -4.37964 0.996068 -0.0883529 0.00657281 6.10848 -0.00717312 -0.00647867 0.999953 -0.0138554
-0.0853012 -0.996331 -0.00697485 -4.40023 0.996328 -0.0853484 0.00678055 6.41938 -0.00735096 -0.00637085 0.999953 -0.0100749
-0.082639 -0.996552 -0.00734627 -4.4202 0.996549 -0.0826917 0.00718681 6.73699 -0.00776951 -0.00672701 0.999947 -0.0164963
-0.0799291 -0.996771 -0.00761503 -4.44007 0.996766 -0.0799873 0.0076664 7.06127 -0.00825075 -0.00697764 0.999942 -0.0208441
-0.0774248 -0.996972 -0.00727048 -4.46207 0.99696 -0.0774839 0.00823649 7.40097 -0.0087749 -0.00661067 0.99994 -0.029341
-0.0746942 -0.99718 -0.00729539 -4.49021 0.997167 -0.0747546 0.0083863 7.73243 -0.00890802 -0.00664831 0.999938 -0.021814
-0.0710956 -0.997443 -0.00733289 -4.51168 0.997425 -0.0711598 0.00891037 8.07372 -0.00940939 -0.00668052 0.999933 -0.026804
-0.0677787 -0.997675 -0.00711169 -4.52774 0.997646 -0.0678479 0.0099908 8.42981 -0.0104501 -0.00641779 0.999925 -0.0297293
-0.0642299 -0.997911 -0.00690635 -4.55511 0.997876 -0.0642997 0.0104147 8.78217 -0.0108371 -0.00622275 0.999922 -0.0305815
-0.0609473 -0.998114 -0.00729042 -4.58086 0.998085 -0.0610196 0.0101492 9.14438 -0.0105749 -0.00665789 0.999922 -0.032058
-0.0572033 -0.998332 -0.00778366 -4.60727 0.998314 -0.0572759 0.00945085 9.5031 -0.0098809 -0.00722991 0.999925 -0.0416089
-0.0536639 -0.998525 -0.00823097 -4.61955 0.998516 -0.0537361 0.00881089 9.88023 -0.0092402 -0.00774593 0.999927 -0.0414122
-0.049597 -0.998735 -0.00829526 -4.6379 0.998728 -0.0496685 0.00864724 10.2485 -0.00904831 -0.00785583 0.999928 -0.0382354
-0.0460955 -0.998905 -0.00796046 -4.64466 0.99889 -0.046169 0.00930957 10.6395 -0.00966691 -0.0075225 0.999925 -0.0478413
-0.0421809 -0.999079 -0.00790524 -4.65552 0.999063 -0.0422546 0.00939911 11.0108 -0.00972448 -0.00750136 0.999925 -0.0412984
-0.0383944 -0.999234 -0.00751846 -4.67415 0.999217 -0.0384638 0.00931589 11.3911 -0.00959794 -0.00715489 0.999928 -0.0424238
-0.0345713 -0.99937 -0.00808135 -4.68097 0.999355 -0.0346473 0.00946071 11.7809 -0.00973474 -0.00774907 0.999923 -0.0364595
-0.0305215 -0.999498 -0.00845083 -4.69791 0.999483 -0.0306045 0.0098802 12.1704 -0.0101339 -0.0081449 0.999915 -0.0435723
-0.0264153 -0.999612 -0.0088672 -4.69895 0.999603 -0.0265003 0.00959992 12.564 -0.00983118 -0.00861009 0.999915 -0.0493951
-0.0225799 -0.999701 -0.00936783 -4.7156 0.999703 -0.0226638 0.00894461 12.9627 -0.00915425 -0.00916308 0.999916 -0.0494599
-0.0189403 -0.999782 -0.00880153 -4.715 0.999783 -0.0190154 0.00852936 13.3626 -0.00869486 -0.00863807 0.999925 -0.048891
-0.0151427 -0.999848 -0.0086583 -4.7151 0.99985 -0.0152146 0.00830883 13.7692 -0.0084393 -0.00853118 0.999928 -0.041974
-0.0113427 -0.999898 -0.00865313 -4.71492 0.999899 -0.0114156 0.00842775 14.1844 -0.00852567 -0.00855666 0.999927 -0.0482935
-0.00779936 -0.999931 -0.00881911 -4.7205 0.99993 -0.00787734 0.00884188 14.5934 -0.00891073 -0.00874953 0.999922 -0.0487917
-0.00427076 -0.999948 -0.00925935 -4.72486 0.999948 -0.00435601 0.00920635 15.0185 -0.0092462 -0.00921955 0.999915 -0.0521487
-0.000952606 -0.999949 -0.0100834 -4.72013 0.999952 -0.00105106 0.00976273 15.4448 -0.00977283 -0.0100736 0.999902 -0.0518751
0.00255563 -0.999955 -0.00909772 -4.7224 0.999945 0.00246251 0.0102316 15.8695 -0.0102087 -0.00912336 0.999906 -0.0526673
0.00559577 -0.999945 -0.00884333 -4.71628 0.999927 0.00550045 0.0107669 16.2933 -0.0107177 -0.00890293 0.999903 -0.0445008
0.00881262 -0.999917 -0.00934603 -4.70745 0.999895 0.00870399 0.0116008 16.7077 -0.0115185 -0.00944728 0.999889 -0.0458628
0.0116062 -0.999889 -0.00938965 -4.70367 0.999857 0.0114894 0.0123988 17.1296 -0.0122896 -0.00953221 0.999879 -0.0509432
0.0140846 -0.999855 -0.00953903 -4.70119 0.999824 0.0139649 0.0124967 17.5593 -0.0123617 -0.00971337 0.999876 -0.0574822
0.0159011 -0.999833 -0.00901895 -4.6875 0.99979 0.0157828 0.0130355 17.9685 -0.012891 -0.00922434 0.999874 -0.053228
0.0162644 -0.999834 -0.00822892 -4.68095 0.999771 0.0161478 0.0140448 18.3813 -0.0139096 -0.00845546 0.999868 -0.0596836
0.0155457 -0.999847 -0.00804041 -4.67358 0.999778 0.0154293 0.0143448 18.7868 -0.0142186 -0.00826162 0.999865 -0.0521616
0.013426 -0.999879 -0.00780055 -4.67021 0.999811 0.0133145 0.0141718 19.1885 -0.0140662 -0.00798934 0.999869 -0.0590637
0.0100521 -0.999924 -0.00714942 -4.666 0.999863 0.00995714 0.0131982 19.5839 -0.013126 -0.00728111 0.999887 -0.0581097
0.00538167 -0.999962 -0.00681387 -4.66331 0.999902 0.00529322 0.0129336 19.977 -0.012897 -0.00688281 0.999893 -0.0579786
-0.000745308 -0.999979 -0.00636156 -4.67349 0.999916 -0.000827436 0.0129171 20.3668 -0.0129221 -0.0063514 0.999896 -0.0635933
-0.00885717 -0.999941 -0.00635102 -4.68392 0.999879 -0.00893758 0.0127466 20.7538 -0.0128026 -0.00623735 0.999899 -0.0640181
-0.0194441 -0.999795 -0.00570938 -4.69907 0.999724 -0.0195174 0.0130773 21.1458 -0.0131861 -0.00545352 0.999898 -0.0693506
-0.032401 -0.999464 -0.0046999 -4.71592 0.999378 -0.0324631 0.0138009 21.5296 -0.0139461 -0.00424981 0.999894 -0.0694752
-0.0477266 -0.998856 -0.00290581 -4.73646 0.998758 -0.0477632 0.0142122 21.9056 -0.0143347 -0.0022239 0.999895 -0.0629558
-0.0654459 -0.997855 -0.00133639 -4.76843 0.997751 -0.0654584 0.014439 22.284 -0.0144955 -0.000388411 0.999895 -0.0682794
-0.0851123 -0.996371 -0.00101806 -4.81846 0.996269 -0.0851182 0.0142308 22.6479 -0.0142658 0.000196957 0.999898 -0.0641059
-0.106492 -0.994313 -0.000782134 -4.87534 0.994216 -0.106493 0.0139485 23.0136 -0.0139524 0.000707788 0.999902 -0.074255
-0.129329 -0.991601 -0.00132021 -4.93906 0.991507 -0.129334 0.0136547 23.3754 -0.0137108 0.000456943 0.999906 -0.0745317
-0.153578 -0.988135 -0.00163029 -5.01377 0.988047 -0.153586 0.0131905 23.7316 -0.0132844 0.000414956 0.999912 -0.0762648
-0.179219 -0.983809 -0.00098704 -5.09578 0.983722 -0.179216 0.0131681 24.0848 -0.0131318 0.001389 0.999913 -0.0831571
-0.206647 -0.978416 0.000128412 -5.18783 0.978322 -0.206625 0.0138782 24.4316 -0.0135522 0.00299352 0.999904 -0.0775879
-0.235604 -0.971848 0.001436 -5.28606 0.971755 -0.235561 0.0142281 24.7659 -0.0134893 0.00474764 0.999898 -0.0752564
-0.266525 -0.963826 0.00196878 -5.40269 0.963733 -0.26647 0.0145967 25.0905 -0.013544 0.00578775 0.999892 -0.0743871
-0.298762 -0.954322 0.00325172 -5.53083 0.954225 -0.298679 0.0156867 25.4137 -0.013999 0.00778947 0.999872 -0.0896209
-0.332005 -0.943273 0.00303378 -5.6583 0.943159 -0.331911 0.0168931 25.7238 -0.0149278 0.00846993 0.999853 -0.0702545
-0.365903 -0.930651 0.00199698 -5.80788 0.930523 -0.365815 0.0174771 26.029 -0.0155346 0.00825316 0.999845 -0.072644
-0.400007 -0.916512 0.000678342 -5.96786 0.916375 -0.399934 0.0175682 26.3214 -0.0158301 0.00764901 0.999845 -0.086936
-0.433943 -0.90094 -0.000644564 -6.13541 0.900783 -0.433881 0.0183844 26.5951 -0.0168429 0.00739717 0.999831 -0.0917504
-0.466491 -0.884519 -0.00363323 -6.30117 0.884325 -0.466468 0.019394 26.866 -0.0188492 0.00583418 0.999805 -0.0867161
-0.498099 -0.867088 -0.0075328 -6.49601 0.866859 -0.498143 0.0202432 27.1339 -0.0213051 0.00355324 0.999767 -0.0937486
-0.528968 -0.848563 -0.0115851 -6.69006 0.848322 -0.529094 0.0202274 27.3894 -0.0232938 0.000871797 0.999728 -0.102487
-0.559078 -0.829022 -0.0124136 -6.89427 0.828756 -0.559214 0.0210343 27.6396 -0.0243797 0.001472 0.999702 -0.121137
-0.587751 -0.808938 -0.0129481 -7.0934 0.80863 -0.587887 0.0224852 27.875 -0.0258011 0.00274543 0.999663 -0.113562
-0.61535 -0.788131 -0.0139267 -7.29919 0.787778 -0.615497 0.0238586 28.1051 -0.0273755 0.00371025 0.999618 -0.100584
-0.641977 -0.766579 -0.01489 -7.52094 0.766197 -0.642135 0.0245922 28.3187 -0.0284132 0.00437892 0.999587 -0.106235
-0.667455 -0.744487 -0.015602 -7.74677 0.744104 -0.667622 0.024292 28.521 -0.0285013 0.00460431 0.999583 -0.119842
-0.692029 -0.721675 -0.0167727 -7.97577 0.721287 -0.692217 0.0240852 28.7231 -0.0289921 0.00456975 0.999569 -0.130671
-0.715203 -0.698672 -0.0185088 -8.19352 0.698282 -0.715431 0.0236794 28.9125 -0.0297859 0.0040112 0.999548 -0.122201
-0.73703 -0.675557 -0.0202439 -8.42719 0.675217 -0.737305 0.0215148 29.0848 -0.0294604 0.00218807 0.999564 -0.116115
-0.758011 -0.651905 -0.0209598 -8.68377 0.651667 -0.758301 0.0175997 29.2485 -0.0273671 -0.000318033 0.999625 -0.14143
-0.778254 -0.62754 -0.0226897 -8.92201 0.627365 -0.77858 0.0150399 29.4117 -0.0271039 -0.00252988 0.999629 -0.165176
-0.797229 -0.603226 -0.0233378 -9.15799 0.603075 -0.797564 0.0138461 29.5629 -0.0269657 -0.00303597 0.999632 -0.166081
-0.814914 -0.579076 -0.0242112 -9.40179 0.57893 -0.815267 0.0133727 29.7034 -0.0274824 -0.00311894 0.999617 -0.162403
-0.831424 -0.555068 -0.0251755 -9.65098 0.554913 -0.8318 0.013429 29.829 -0.028395 -0.00280501 0.999593 -0.168359
-0.846405 -0.531941 -0.0252513 -9.8862 0.531775 -0.846779 0.0134569 29.9541 -0.0285406 -0.00203802 0.999591 -0.172688
-0.859692 -0.510166 -0.0257022 -10.1198 0.509993 -0.860074 0.0133832 30.068 -0.0289334 -0.00160255 0.99958 -0.169977
-0.872094 -0.48857 -0.0274143 -10.3496 0.488399 -0.872522 0.0130687 30.1796 -0.0303046 -0.001992 0.999539 -0.170207
-0.883419 -0.467705 -0.0286889 -10.5668 0.467574 -0.883879 0.0115325 30.2692 -0.0307514 -0.00322615 0.999522 -0.174342
-0.89375 -0.447625 -0.0290168 -10.7949 0.447539 -0.894211 0.00978473 30.3542 -0.0303271 -0.00424104 0.999531 -0.184618
-0.903181 -0.428241 -0.0295463 -11.0089 0.428207 -0.903647 0.00779967 30.4276 -0.0300395 -0.00560739 0.999533 -0.19614
-0.911989 -0.409116 -0.0300121 -11.2021 0.409131 -0.912457 0.00590617 30.4961 -0.0298011 -0.00689253 0.999532 -0.200238
-0.919992 -0.390827 -0.0294834 -11.3941 0.390877 -0.920433 0.00431051 30.5592 -0.0288221 -0.00755874 0.999556 -0.200409
-0.927408 -0.372898 -0.0293385 -11.5846 0.372968 -0.927838 0.00324445 30.613 -0.0284312 -0.00793339 0.999564 -0.199323
-0.934034 -0.355955 -0.029596 -11.769 0.356042 -0.934467 0.00244171 30.6682 -0.0285256 -0.00825678 0.999559 -0.206963
-0.939987 -0.339978 -0.0289865 -11.9503 0.340097 -0.94039 0.000872425 30.7139 -0.0275553 -0.00903816 0.999579 -0.21236
-0.945445 -0.324488 -0.0289917 -12.1245 0.324622 -0.945844 0.00011716 30.7625 -0.0274596 -0.00930056 0.99958 -0.216096
-0.950036 -0.310777 -0.0291398 -12.2895 0.310961 -0.950421 -0.00189808 30.7996 -0.0271052 -0.0108646 0.999574 -0.207361
-0.954296 -0.297567 -0.0278093 -12.4625 0.297776 -0.954629 -0.00358254 30.8333 -0.0254815 -0.0116997 0.999607 -0.222287
-0.958119 -0.285025 -0.0277249 -12.6165 0.285264 -0.958436 -0.00501166 30.8631 -0.0251441 -0.0127107 0.999603 -0.221802
-0.96137 -0.273846 -0.0278518 -12.7637 0.274111 -0.961679 -0.00610531 30.895 -0.0251126 -0.0135039 0.999593 -0.226619
-0.964216 -0.263603 -0.0282931 -12.9246 0.263874 -0.964537 -0.00628371 30.9241 -0.0256334 -0.0135247 0.99958 -0.231595
-0.966752 -0.254083 -0.028832 -13.0689 0.254364 -0.967087 -0.00645353 30.9583 -0.0262433 -0.0135728 0.999563 -0.227004
-0.968957 -0.245513 -0.0290861 -13.2086 0.245791 -0.969302 -0.00634019 30.9806 -0.0266366 -0.0132925 0.999557 -0.230808
-0.970905 -0.237623 -0.0296471 -13.3529 0.23793 -0.971255 -0.00723683 31.004 -0.0270753 -0.0140802 0.999534 -0.230696
-0.972566 -0.230636 -0.030371 -13.4822 0.230952 -0.972938 -0.0073039 31.0276 -0.0278645 -0.0141178 0.999512 -0.247573
-0.97398 -0.224464 -0.0312964 -13.6119 0.224775 -0.974387 -0.0067726 31.0537 -0.0289746 -0.013631 0.999487 -0.245003
-0.975183 -0.219071 -0.032032 -13.7362 0.21937 -0.975623 -0.00608071 31.0734 -0.029919 -0.0129566 0.999468 -0.240761
-0.976199 -0.21418 -0.0340842 -13.8645 0.214531 -0.976692 -0.00696564 31.0993 -0.0317979 -0.014112 0.999395 -0.23946
-0.977077 -0.209956 -0.0351992 -13.9859 0.210343 -0.977598 -0.00760928 31.1164 -0.032813 -0.0148387 0.999351 -0.25427
-0.977702 -0.206616 -0.0375237 -14.0992 0.207071 -0.978288 -0.0086515 31.1369 -0.0349214 -0.0162287 0.999258 -0.250925
-0.97801 -0.204646 -0.0401923 -14.2179 0.205221 -0.978657 -0.0106868 31.1564 -0.0371475 -0.0187001 0.999135 -0.248752
-0.97828 -0.202594 -0.04386 -14.3504 0.20338 -0.978997 -0.0142228 31.171 -0.0400574 -0.0228342 0.998936 -0.258793
-0.978471 -0.200971 -0.0469607 -14.4641 0.201971 -0.979234 -0.0175632 31.1904 -0.0424559 -0.0266698 0.998742 -0.282729
-0.978186 -0.201502 -0.0504858 -14.5769 0.20262 -0.979091 -0.0180508 31.2124 -0.0457929 -0.0278864 0.998562 -0.304725
-0.977381 -0.203888 -0.0561705 -14.7096 0.205071 -0.978615 -0.0161072 31.2426 -0.0516852 -0.0272618 0.998291 -0.306796
-0.976239 -0.207611 -0.0620945 -14.8514 0.208792 -0.977872 -0.0131079 31.2808 -0.0579991 -0.0257612 0.997984 -0.29046
-0.974845 -0.212026 -0.068725 -14.9932 0.213429 -0.976863 -0.0136735 31.3067 -0.0642358 -0.0279975 0.997542 -0.271644
-0.973018 -0.218012 -0.0755474 -15.1357 0.219804 -0.97541 -0.0161692 31.3331 -0.0701646 -0.0323386 0.997011 -0.301189
-0.970725 -0.225728 -0.082091 -15.2903 0.227893 -0.973521 -0.0179147 31.3701 -0.0758735 -0.0360982 0.996464 -0.330311
-0.967956 -0.235117 -0.0882175 -15.4431 0.237405 -0.971275 -0.0162622 31.4109 -0.0818599 -0.0366843 0.995968 -0.362067
-0.964795 -0.245627 -0.0940157 -15.5982 0.247904 -0.968695 -0.0131825 31.4628 -0.0878345 -0.0360253 0.995483 -0.351709
-0.960907 -0.258608 -0.0988862 -15.7537 0.260849 -0.965325 -0.0102229 31.5161 -0.0928137 -0.0356177 0.995046 -0.340522
-0.956152 -0.272886 -0.106332 -15.9276 0.27546 -0.96126 -0.0100362 31.5725 -0.0994744 -0.0388865 0.99428 -0.319236
-0.950862 -0.289346 -0.110178 -16.1165 0.292031 -0.956369 -0.00870473 31.6422 -0.102853 -0.0404525 0.993874 -0.411513
-0.944705 -0.308768 -0.110435 -16.2934 0.310757 -0.950489 -0.000845205 31.7338 -0.104706 -0.0351168 0.993883 -0.446304
-0.937477 -0.331418 -0.106299 -16.4575 0.33181 -0.943235 0.0144991 31.8347 -0.10507 -0.0216785 0.994228 -0.451771
-0.928306 -0.357181 -0.10329 -16.6341 0.35648 -0.933947 0.0258123 31.9514 -0.105687 -0.0128591 0.994316 -0.326309
-0.918178 -0.383975 -0.097535 -16.8052 0.383597 -0.923205 0.0233524 32.0368 -0.0990116 -0.0159724 0.994958 -0.299231
-0.906184 -0.41305 -0.0906623 -16.9672 0.413712 -0.910326 0.0122502 32.1279 -0.0875922 -0.0264071 0.995806 -0.351348
-0.891474 -0.444906 -0.0856366 -17.1297 0.446402 -0.894831 0.00186204 32.2308 -0.0774587 -0.0365684 0.996325 -0.428103
-0.87358 -0.480561 -0.0769392 -17.3076 0.482184 -0.876065 -0.00290276 32.348 -0.0660088 -0.0396347 0.997032 -0.469966
-0.853578 -0.516668 -0.0667681 -17.4737 0.518116 -0.855295 -0.00522387 32.4943 -0.0544074 -0.0390526 0.997755 -0.455015
-0.831184 -0.553213 -0.0555831 -17.616 0.554424 -0.832195 -0.00804953 32.6381 -0.0418029 -0.0375072 0.998422 -0.44711
-0.805658 -0.590311 -0.0494718 -17.7625 0.591501 -0.806201 -0.012909 32.7943 -0.0322638 -0.0396629 0.998692 -0.443114
-0.778033 -0.626638 -0.0446018 -17.9318 0.627853 -0.77805 -0.0209509 32.9556 -0.0215738 -0.0443039 0.998785 -0.463294
-0.748232 -0.662135 -0.0415597 -18.0841 0.663369 -0.747588 -0.03247 33.1256 -0.00957001 -0.0518645 0.998608 -0.486363
-0.716989 -0.696225 -0.0345938 -18.2419 0.697084 -0.716071 -0.0362703 33.3337 0.000480678 -0.0501202 0.998743 -0.594289
-0.683725 -0.729201 -0.0280316 -18.3599 0.729739 -0.683171 -0.0275354 33.555 0.000928448 -0.0392824 0.999228 -0.597405
-0.648245 -0.761134 -0.0212998 -18.475 0.761431 -0.648044 -0.0162099 33.7768 -0.00146529 -0.0267263 0.999642 -0.513548
-0.610784 -0.79165 -0.0152947 -18.5916 0.791797 -0.610682 -0.0111645 34.0059 -0.000501847 -0.0189294 0.999821 -0.456847
-0.572635 -0.819766 -0.00850716 -18.7159 0.819794 -0.572529 -0.0121569 34.2569 0.00509525 -0.0139356 0.99989 -0.481603
-0.532584 -0.846377 -0.0011129 -18.8056 0.846311 -0.532525 -0.0132482 34.5059 0.0106204 -0.00799765 0.999912 -0.532909
-0.490831 -0.871245 0.00415612 -18.8871 0.871155 -0.490841 -0.0128213 34.7636 0.0132105 -0.00267245 0.999909 -0.517391
-0.446392 -0.894825 0.00483816 -18.9684 0.89477 -0.446418 -0.00985323 35.0176 0.0109768 -6.93602e-05 0.99994 -0.514918
-0.401262 -0.915959 0.00274502 -19.0663 0.915921 -0.40127 -0.00840512 35.3064 0.00880024 -0.000858431 0.999961 -0.485519
-0.35588 -0.934532 0.000228218 -19.1456 0.934489 -0.355866 -0.00950591 35.5851 0.00896479 -0.0031697 0.999955 -0.493965
-0.308586 -0.951196 -0.00027011 -19.1958 0.951141 -0.308565 -0.0109021 35.8679 0.0102867 -0.00362116 0.999941 -0.511652
-0.260571 -0.965455 0.000260082 -19.2358 0.9654 -0.260559 -0.0105752 36.1833 0.0102777 -0.00250451 0.999944 -0.509739
-0.214829 -0.976647 0.00310262 -19.2693 0.976601 -0.214849 -0.00956385 36.4962 0.0100071 0.000975435 0.999949 -0.50883
-0.171178 -0.985233 0.00361883 -19.2939 0.985195 -0.171205 -0.00897222 36.8104 0.00945929 0.0020294 0.999953 -0.49089
-0.130302 -0.991466 0.00415756 -19.3073 0.99143 -0.130334 -0.0088739 37.1473 0.00934004 0.00296565 0.999952 -0.486645
