1 0 0 0 0 1 0 0 0 0 1 0
1 -0.000433408 -0.00012492 0.0167182 0.000433411 1 2.11997e-05 -0.0111103 0.000124911 -2.12539e-05 1 -0.00347499
0.999996 -0.00270949 -6.83817e-05 0.0822407 0.0027095 0.999996 6.53235e-05 -0.00481124 6.82045e-05 -6.55085e-05 1 7.10288e-06
0.999987 -0.00506505 -0.000135738 0.146573 0.00506506 0.999987 5.05666e-05 0.00593511 0.00013548 -5.12535e-05 1 0.00230052
0.999974 -0.00724888 -0.000171656 0.240911 0.00724888 0.999974 1.64867e-05 -0.0125602 0.000171532 -1.77305e-05 1 0.00257854
0.999947 -0.0102924 -0.000197518 0.366887 0.0102924 0.999947 -6.50176e-06 -0.0111436 0.000197574 4.46849e-06 1 0.000998646
0.9999 -0.0141247 -0.000234184 0.495575 0.0141247 0.9999 -8.65501e-05 0.00685659 0.000235384 8.32337e-05 1 0.00205007
0.999821 -0.0189095 -0.000315208 0.621438 0.0189095 0.999821 -9.12672e-05 0.014313 0.000316878 8.52904e-05 1 0.0060407
0.99971 -0.0240756 -0.000390914 0.764081 0.0240756 0.99971 -0.000152182 0.0351915 0.000394465 0.000142727 1 0.00704056
0.99958 -0.028959 -0.000519821 0.943968 0.0289589 0.999581 -0.000122471 0.0582817 0.00052315 0.000107366 1 0.00575627
0.9994 -0.0346402 -0.000570839 1.14711 0.0346401 0.9994 -0.000157652 0.071879 0.000575957 0.000137784 1 0.00640781
0.99922 -0.0394853 -0.000643556 1.34047 0.0394853 0.99922 -0.000152375 0.0864304 0.000649071 0.000126845 1 0.0071342
0.998974 -0.0452829 -0.00067877 1.57954 0.0452829 0.998974 -5.11494e-05 0.101661 0.00068039 2.03602e-05 1 0.0114011
0.998697 -0.0510247 -0.000820272 1.80548 0.0510251 0.998697 0.000577579 0.117291 0.000789733 -0.000618681 0.999999 0.0180076
0.998474 -0.0552241 -0.000981147 2.04789 0.0552289 0.998457 0.00579595 0.143901 0.000659557 -0.00584129 0.999983 0.0298915
0.998279 -0.0586317 -0.00133514 2.33887 0.058643 0.998216 0.0112011 0.156728 0.000676018 -0.0112601 0.999936 0.000483532
0.998071 -0.0620679 -0.00140661 2.60042 0.06208 0.998005 0.0114857 0.189405 0.000690914 -0.0115509 0.999933 -0.00834521
0.997919 -0.0644679 -0.00137111 2.88181 0.0644787 0.997864 0.0104687 0.21161 0.000693282 -0.0105353 0.999944 0.0200671
0.997778 -0.0666068 -0.00187201 3.18525 0.0666219 0.997731 0.00969632 0.216414 0.00122192 -0.00979949 0.999951 0.0156474
0.997599 -0.0692208 -0.00199345 3.50326 0.0692371 0.997552 0.00982154 0.238031 0.00130871 -0.00993598 0.99995 0.0289852
0.997424 -0.0717096 -0.00196881 3.82997 0.0717253 0.997378 0.00958187 0.260884 0.00127654 -0.0096984 0.999952 0.0317942
0.997278 -0.0737 -0.00212291 4.16797 0.0737166 0.997236 0.00928956 0.293843 0.0014324 -0.00942077 0.999955 0.030609
0.997214 -0.0745618 -0.00227649 4.51526 0.0745793 0.997175 0.00896524 0.322045 0.00160159 -0.00911004 0.999957 0.0274269
0.997073 -0.0764076 -0.00268834 4.88865 0.0764285 0.997036 0.00882149 0.350196 0.00200634 -0.00900114 0.999957 0.0275974
0.99707 -0.0763154 -0.00528144 5.27302 0.0763303 0.997079 0.00266837 0.385309 0.00506238 -0.00306368 0.999982 -0.0075594
0.997034 -0.076852 -0.00399935 5.6966 0.0768598 0.99704 0.00184513 0.403439 0.00384571 -0.00214705 0.99999 0.0230755
0.997014 -0.0771982 -0.00183922 6.11802 0.0772017 0.997014 0.00192135 0.445215 0.00168541 -0.00205761 0.999996 0.0468732
0.997045 -0.0768193 0.000427223 6.53507 0.076819 0.997045 0.00068304 0.488898 -0.000478431 -0.000648203 1 0.00943422
0.997152 -0.0754172 0.000580914 6.97806 0.0754166 0.997152 0.00102878 0.516838 -0.000656848 -0.000982042 0.999999 0.00954518
0.997247 -0.0741518 0.000496545 7.42157 0.0741527 0.997244 -0.00232264 0.551227 -0.000322949 0.00235306 0.999997 0.0162542
0.997274 -0.0737546 0.00204452 7.86534 0.0737629 0.997266 -0.00436203 0.572977 -0.00171721 0.00450095 0.999988 0.033206
0.99733 -0.0730024 0.00181462 8.31173 0.0730114 0.997316 -0.00553779 0.610143 -0.00140547 0.00565549 0.999983 0.0273903
0.997448 -0.0713817 0.00121145 8.78248 0.0713863 0.99744 -0.00423549 0.644936 -0.000906016 0.00431116 0.99999 0.0407189
0.997612 -0.0690625 -0.000309095 9.23558 0.0690612 0.997607 -0.0031346 0.670179 0.000524839 0.00310577 0.999995 0.031203
0.997688 -0.0679647 -5.04296e-05 9.72868 0.0679646 0.997687 -0.0010913 0.703528 0.000124483 0.00108535 0.999999 0.0347168
0.997796 -0.0663559 0.000656496 10.211 0.0663559 0.997796 6.09295e-06 0.741808 -0.000655453 3.74829e-05 1 0.0269786
0.997972 -0.0636615 -0.000178769 10.7205 0.0636616 0.997971 0.000783716 0.782211 0.000128513 -0.000793507 1 0.0336003
0.998066 -0.0620492 -0.00374052 11.227 0.0620588 0.998069 0.00249062 0.825385 0.00357876 -0.00271793 0.99999 0.0401419
0.998157 -0.0603229 -0.00666186 11.7446 0.0603359 0.998177 0.00175874 0.84338 0.00654362 -0.00215745 0.999976 0.0583507
0.998284 -0.0582577 -0.00595755 12.2962 0.0582628 0.998301 0.000689519 0.877399 0.00590726 -0.00103544 0.999982 0.0678349
0.998439 -0.0555437 -0.00590214 12.8362 0.0555545 0.998454 0.00168757 0.921538 0.00579928 -0.00201282 0.999981 0.0616628
0.998514 -0.0543878 -0.00332066 13.3881 0.0544101 0.998494 0.00704093 0.950252 0.00293272 -0.00721115 0.99997 0.0548547
0.998582 -0.0532074 -0.00177517 13.9617 0.0532139 0.998576 0.00382969 0.984549 0.00156888 -0.00391872 0.999991 0.0460059
0.998677 -0.0511804 -0.00500824 14.5233 0.0511512 0.998674 -0.00578912 1.01386 0.00529789 0.00552528 0.999971 0.0653745
0.998589 -0.0490748 -0.0203091 15.0993 0.0488333 0.998732 -0.0122191 1.03422 0.020883 0.0112101 0.999719 0.111293
0.998036 -0.0472271 -0.0411662 15.6585 0.0468701 0.998855 -0.0095953 1.03635 0.0415722 0.00764699 0.999106 0.121502
0.997122 -0.0452374 -0.0608399 16.2057 0.0450638 0.998975 -0.00422253 1.06144 0.0609686 0.0014687 0.998139 0.118724
0.99601 -0.0430771 -0.0781579 16.7971 0.0425686 0.99906 -0.00816188 1.07737 0.078436 0.00480224 0.996908 0.133882
0.99514 -0.0425242 -0.0888121 17.3693 0.0412741 0.999022 -0.0158659 1.09418 0.0894 0.0121232 0.995922 0.192481
0.995041 -0.0406586 -0.0907726 17.9938 0.0395734 0.999122 -0.0137241 1.10591 0.091251 0.0100638 0.995777 0.254706
0.995437 -0.0390248 -0.0870715 18.6095 0.0383967 0.999223 -0.00887777 1.16092 0.0873503 0.00549401 0.996163 0.298762
0.995641 -0.0378558 -0.0852411 19.224 0.0372308 0.999267 -0.00890963 1.17079 0.0855159 0.0056972 0.996321 0.359045
0.995774 -0.0377381 -0.0837226 19.8217 0.036507 0.999202 -0.0161878 1.18333 0.0842667 0.0130629 0.996358 0.415938
0.995477 -0.0372934 -0.0873743 20.4365 0.0354486 0.999117 -0.0225718 1.21337 0.0881389 0.0193724 0.99592 0.503583
0.994945 -0.0351935 -0.0940536 21.0582 0.0335144 0.99925 -0.0193743 1.25731 0.094665 0.0161242 0.995379 0.555315
0.994566 -0.0333718 -0.0986147 21.6637 0.0321432 0.999385 -0.0140221 1.27264 0.099022 0.0107761 0.995027 0.597901
0.994602 -0.0312929 -0.0989299 22.2747 0.0300614 0.999451 -0.0139144 1.27939 0.099311 0.0108653 0.994997 0.65075
0.994849 -0.0284833 -0.0972837 22.894 0.0270935 0.999512 -0.0155776 1.28997 0.0976798 0.0128617 0.995135 0.726296
0.995312 -0.0271572 -0.0928249 23.5281 0.0255812 0.999508 -0.0181264 1.3132 0.0932715 0.0156669 0.995517 0.796882
0.995849 -0.0256109 -0.0873485 24.1607 0.0240756 0.999537 -0.0185848 1.3293 0.087784 0.0164047 0.996004 0.866255
0.996103 -0.0236169 -0.0849814 24.7899 0.0222418 0.999607 -0.0170917 1.33452 0.0853516 0.015135 0.996236 0.935152
0.99629 -0.021594 -0.0833045 25.4442 0.0205078 0.999693 -0.0138729 1.34852 0.0835786 0.0121131 0.996428 0.973682
0.996522 -0.0203913 -0.0807929 26.0702 0.0194041 0.999727 -0.0129845 1.36544 0.0810356 0.0113717 0.996646 1.0149
0.996582 -0.0202791 -0.0800786 26.7121 0.0192845 0.999727 -0.0131744 1.38974 0.0803239 0.0115851 0.996701 1.08846
0.996518 -0.0198744 -0.0809777 27.354 0.0189306 0.999744 -0.0124067 1.39886 0.0812035 0.0108306 0.996639 1.14644
0.996396 -0.0197098 -0.0824994 27.9851 0.0188253 0.999757 -0.0114859 1.42534 0.0827057 0.00989144 0.996525 1.19516
0.996058 -0.0196133 -0.0865032 28.6283 0.0188037 0.999772 -0.0101646 1.43069 0.0866828 0.00849796 0.9962 1.25725
0.995663 -0.0199568 -0.0908663 29.2557 0.0190624 0.999761 -0.0107005 1.43708 0.0910582 0.00892194 0.995806 1.31567
0.995622 -0.0197625 -0.0913526 29.8957 0.0186969 0.999747 -0.0125056 1.44042 0.0915766 0.0107428 0.99574 1.35895
0.995547 -0.0195254 -0.0922207 30.5411 0.0183859 0.999744 -0.0131892 1.45257 0.0924546 0.0114349 0.995651 1.43978
0.995583 -0.0192678 -0.0918842 31.1854 0.0184089 0.999779 -0.0101857 1.47559 0.0920602 0.00844925 0.995718 1.512
0.996009 -0.0197201 -0.0870465 31.8246 0.0192581 0.999796 -0.00614448 1.49897 0.0871498 0.00444361 0.996185 1.5532
0.996169 -0.0204277 -0.0850278 32.4553 0.0198787 0.999776 -0.00729796 1.5132 0.0851578 0.00557976 0.996352 1.60276
0.996026 -0.0211877 -0.0865018 33.0787 0.0200973 0.999707 -0.0134568 1.51555 0.0867616 0.0116649 0.996161 1.67992
0.995937 -0.0221108 -0.0872908 33.7139 0.0207998 0.999657 -0.0159002 1.5222 0.0876125 0.01402 0.996056 1.75296
0.995893 -0.0229504 -0.0875769 34.3507 0.0217219 0.999652 -0.0149545 1.54423 0.0878896 0.0129907 0.996046 1.80635
0.995751 -0.0246002 -0.0887344 34.9763 0.0235147 0.999636 -0.0132577 1.57783 0.0890282 0.0111148 0.995967 1.85705
0.995642 -0.0267307 -0.0893465 35.6125 0.0257112 0.999591 -0.0125431 1.59509 0.0896452 0.0101912 0.995922 1.90312
0.995741 -0.0290988 -0.0874789 36.234 0.0279469 0.999506 -0.0143635 1.60195 0.0878536 0.0118576 0.996063 1.98112
0.995867 -0.0313336 -0.0852528 36.8687 0.03014 0.999429 -0.0152521 1.62399 0.085682 0.0126195 0.996243 2.03428
0.995852 -0.0331227 -0.0847499 37.4857 0.0319971 0.999381 -0.0146053 1.64757 0.0851812 0.011833 0.996295 2.09562
0.995808 -0.0349495 -0.0845261 38.0991 0.0339344 0.999334 -0.0134174 1.67364 0.0849387 0.0104928 0.996331 2.13744
0.995691 -0.0368467 -0.0850989 38.714 0.0357793 0.999261 -0.0140353 1.6992 0.0855532 0.01093 0.996274 2.20917
0.995541 -0.038413 -0.0861595 39.3393 0.0374549 0.999217 -0.0127098 1.72563 0.0865803 0.00942604 0.9962 2.27883
0.995379 -0.0397357 -0.0874134 39.9491 0.0388311 0.999173 -0.0120246 1.75922 0.0878189 0.00857464 0.9961 2.31391
0.995 -0.0417524 -0.0907339 40.5617 0.0409472 0.999104 -0.0107186 1.78959 0.0911001 0.00694967 0.995817 2.37484
0.994548 -0.04378 -0.0946439 41.1754 0.0428834 0.999014 -0.0114873 1.81127 0.0950535 0.00736599 0.995445 2.44089
0.994244 -0.0454916 -0.097005 41.7615 0.0444374 0.998928 -0.0130013 1.83228 0.0974924 0.00861585 0.995199 2.50363
0.994212 -0.0470657 -0.096582 42.3771 0.0457703 0.99883 -0.0155854 1.85346 0.0972026 0.0110746 0.995203 2.57611
0.994379 -0.0481442 -0.0942963 42.9772 0.0469203 0.998784 -0.0151545 1.8876 0.0949112 0.0106449 0.995429 2.63677
0.994328 -0.0483897 -0.0947066 43.5679 0.0475113 0.998804 -0.0115101 1.93003 0.0951504 0.00694521 0.995439 2.69385
0.99416 -0.0482269 -0.0965375 44.1754 0.0476897 0.998831 -0.00786522 1.96427 0.096804 0.00321544 0.995298 2.74281
0.99427 -0.047914 -0.0955623 44.7713 0.047344 0.998845 -0.0082246 1.98552 0.095846 0.00365317 0.995389 2.80365
0.99465 -0.0470683 -0.0919564 45.3645 0.0462085 0.998866 -0.0114579 2.0103 0.0923914 0.00714747 0.995697 2.86311
0.995197 -0.0456559 -0.0865982 45.957 0.0446606 0.998912 -0.0133976 2.03935 0.0871157 0.00946568 0.996153 2.92603
0.99586 -0.0443459 -0.079352 46.5666 0.0435143 0.998979 -0.0121794 2.07061 0.0798111 0.00867604 0.996772 2.98692
0.996685 -0.0430153 -0.0690512 47.1612 0.0422557 0.99903 -0.0124236 2.09741 0.0695186 0.00946457 0.997536 3.0305
0.997474 -0.0418284 -0.0574152 47.7682 0.041225 0.999082 -0.0116558 2.11733 0.05785 0.00925943 0.998282 3.06499
0.998237 -0.0405603 -0.0433216 48.3753 0.0401192 0.999134 -0.011003 2.1423 0.0437304 0.00924555 0.999001 3.11108
0.998908 -0.040095 -0.0239931 49.0058 0.0398212 0.999137 -0.0117827 2.16934 0.0244448 0.0108144 0.999643 3.12509
0.999199 -0.0399712 -0.00208768 49.6291 0.0399294 0.999054 -0.0172023 2.19053 0.0027733 0.0171052 0.99985 3.14051
0.999145 -0.0390237 0.0136832 50.2413 0.0393233 0.998976 -0.022358 2.19889 -0.0127967 0.0228769 0.999656 3.18613
0.998995 -0.0385366 0.0228784 50.8653 0.0390492 0.998986 -0.0223972 2.22446 -0.0219921 0.023268 0.999487 3.19752
0.998962 -0.0384655 0.024392 51.4858 0.0389536 0.999044 -0.0198587 2.252 -0.0236048 0.0207882 0.999505 3.18123
0.9991 -0.0379565 0.0189386 52.0863 0.0383463 0.999051 -0.0206596 2.27707 -0.0181365 0.0213672 0.999607 3.16141
0.99921 -0.0374681 0.0132126 52.7153 0.0377771 0.998999 -0.023973 2.29141 -0.0123011 0.0244532 0.999625 3.15294
0.999255 -0.0372275 0.0101497 53.3281 0.037501 0.998898 -0.0282291 2.32109 -0.00908761 0.0285887 0.99955 3.14472
0.999294 -0.0361559 0.0101761 53.9594 0.036436 0.99892 -0.028835 2.33389 -0.00912257 0.0291855 0.999532 3.14898
0.999309 -0.0355041 0.0110111 54.6047 0.0358176 0.998917 -0.0297137 2.35574 -0.00994423 0.0300875 0.999498 3.15069
0.999302 -0.0352485 0.0123404 55.2419 0.0356295 0.998848 -0.0321554 2.37527 -0.0111928 0.0325726 0.999407 3.14573
0.999327 -0.0340547 0.0136117 55.8793 0.0345029 0.99882 -0.0341736 2.3908 -0.0124318 0.0346202 0.999323 3.13903
0.999341 -0.0329192 0.0153105 56.5336 0.0334495 0.9988 -0.035779 2.41746 -0.0141143 0.0362676 0.999242 3.14164
0.999356 -0.0319481 0.0163299 57.1762 0.0325112 0.998842 -0.0354629 2.44914 -0.015178 0.0359709 0.999238 3.13745
0.99941 -0.0302681 0.0162301 57.8244 0.0308168 0.998923 -0.0346992 2.45611 -0.0151623 0.0351788 0.999266 3.13166
0.999486 -0.0282725 0.0151001 58.4745 0.0287864 0.998974 -0.0349732 2.46809 -0.0140958 0.0353899 0.999274 3.11777
0.999554 -0.0265597 0.0136587 59.109 0.0270625 0.998909 -0.0380476 2.48228 -0.0126332 0.0384003 0.999183 3.12751
0.999613 -0.0244822 0.0132298 59.7581 0.0249792 0.998934 -0.0388117 2.49803 -0.0122655 0.0391271 0.999159 3.14158
0.999675 -0.0221254 0.0126924 60.3963 0.0225843 0.999052 -0.0372249 2.52791 -0.0118567 0.0374995 0.999226 3.12966
0.999745 -0.019852 0.0108007 61.036 0.0202204 0.999178 -0.0351405 2.54075 -0.0100942 0.0353499 0.999324 3.11997
0.999804 -0.0176014 0.00907167 61.6677 0.0179022 0.999254 -0.0342184 2.55443 -0.00846261 0.0343741 0.999373 3.1234
0.999853 -0.01484 0.0085403 62.2963 0.0151215 0.99931 -0.0339097 2.56232 -0.00803119 0.0340339 0.999388 3.12442
0.999892 -0.0120052 0.00843383 62.9326 0.0122769 0.999382 -0.0329499 2.57316 -0.00803305 0.0330498 0.999421 3.13226
0.999917 -0.00894517 0.00930156 63.5659 0.00923013 0.999475 -0.0310583 2.5837 -0.00901886 0.0311416 0.999474 3.13013
0.999936 -0.00489852 0.0101691 64.197 0.00519959 0.999543 -0.0297946 2.586 -0.0100185 0.0298456 0.999504 3.10704
0.999951 -0.000660896 0.00986401 64.8155 0.0009542 0.999557 -0.0297598 2.58287 -0.00983997 0.0297677 0.999508 3.12612
0.999941 0.00396391 0.010072 65.4366 -0.00366225 0.999549 -0.0297949 2.58347 -0.0101855 0.0297563 0.999505 3.14083
0.999905 0.00946589 0.0100479 66.0637 -0.00917456 0.999547 -0.0286548 2.57617 -0.0103146 0.0285599 0.999539 3.12259
0.999832 0.0157405 0.00937324 66.6878 -0.0154857 0.999525 -0.0266578 2.56716 -0.00978839 0.0265082 0.999601 3.13147
0.999706 0.0227364 0.00841696 67.2977 -0.0225129 0.999415 -0.0257574 2.55425 -0.00899766 0.0255604 0.999633 3.1248
0.9995 0.03077 0.00728844 67.9086 -0.0305747 0.999206 -0.0255366 2.54066 -0.00806842 0.025301 0.999647 3.12829
0.999201 0.0395102 0.00604499 68.5246 -0.0393427 0.998895 -0.0256959 2.5034 -0.00705357 0.0254376 0.999652 3.13548
0.998792 0.0488646 0.00509908 69.1298 -0.0487277 0.998519 -0.0241874 2.48826 -0.00627344 0.0239097 0.999694 3.14253
0.998244 0.0590946 0.00414784 69.7292 -0.0589909 0.998021 -0.0217718 2.44223 -0.00542623 0.0214889 0.999754 3.137
0.997506 0.0704292 0.00468431 70.3372 -0.0703204 0.997317 -0.0203441 2.40532 -0.00610456 0.019964 0.999782 3.13031
0.996557 0.082657 0.00643535 70.9419 -0.0825171 0.996397 -0.019609 2.34044 -0.00803299 0.0190105 0.999787 3.13179
0.995416 0.0952757 0.00834593 71.5403 -0.0951042 0.995286 -0.0189746 2.29087 -0.0101144 0.0180939 0.999785 3.1426
0.994 0.108921 0.00999139 72.1305 -0.108722 0.993897 -0.0186642 2.21325 -0.0119633 0.017466 0.999776 3.14209
0.992347 0.12282 0.0127824 72.7284 -0.122594 0.992308 -0.0171671 2.14537 -0.0147926 0.0154686 0.999771 3.12172
0.990354 0.137976 0.0126825 73.307 -0.137749 0.990316 -0.0172959 2.06342 -0.0149461 0.015382 0.99977 3.11959
0.98801 0.15378 0.0136952 73.879 -0.153542 0.987995 -0.0170281 1.96113 -0.0161494 0.0147212 0.999761 3.12727
0.985388 0.169673 0.0148928 74.4629 -0.169416 0.985396 -0.0170984 1.8606 -0.0175764 0.0143254 0.999743 3.12037
0.982376 0.186208 0.0162789 75.0194 -0.185936 0.982417 -0.0169006 1.74848 -0.0191397 0.0135759 0.999725 3.12902
0.978865 0.203727 0.0178293 75.575 -0.203416 0.97893 -0.0178243 1.61922 -0.021085 0.0138209 0.999682 3.11314
0.975017 0.221316 0.0190266 76.1258 -0.220959 0.975094 -0.0191926 1.48681 -0.0228003 0.014509 0.999635 3.10714
0.970811 0.239052 0.0194784 76.6539 -0.238675 0.970897 -0.0198463 1.34473 -0.0236559 0.014618 0.999613 3.10548
0.966229 0.256893 0.0201801 77.1717 -0.256468 0.966315 -0.0214355 1.2039 -0.0250069 0.0155361 0.999567 3.09269
0.961437 0.274317 0.0197395 77.6806 -0.273865 0.961497 -0.0228522 1.04224 -0.0252482 0.016565 0.999544 3.08736
0.956378 0.291538 0.0185962 78.1642 -0.291067 0.95639 -0.0244449 0.88038 -0.0249119 0.0179659 0.999528 3.08181
0.95116 0.308203 0.0174821 78.6337 -0.307728 0.951135 -0.0254173 0.707041 -0.0244615 0.0187962 0.999524 3.09635
0.945874 0.3241 0.0167666 79.0905 -0.323623 0.945829 -0.0259847 0.548679 -0.02428 0.0191522 0.999522 3.07048
0.940426 0.339629 0.0158321 79.5456 -0.339169 0.940365 -0.0260359 0.378249 -0.0237305 0.0191151 0.999536 3.07981
0.934817 0.354786 0.015607 79.974 -0.354298 0.934734 -0.0273145 0.201893 -0.0242792 0.0200046 0.999505 3.07276
0.929161 0.369333 0.0159272 80.3941 -0.36881 0.929071 -0.0283998 0.0184338 -0.0252864 0.0205139 0.99947 3.05711
0.923475 0.383355 0.0152767 80.7995 -0.382799 0.923339 -0.0301549 -0.162975 -0.0256656 0.0219994 0.999428 3.0524
0.917894 0.396549 0.0148285 81.1854 -0.395951 0.917709 -0.0321276 -0.340831 -0.0263484 0.0236183 0.999374 3.056
0.912271 0.409304 0.0152159 81.5507 -0.408675 0.912089 -0.0328408 -0.516724 -0.0273202 0.0237414 0.999345 3.05376
0.906831 0.421215 0.0153149 81.9168 -0.420572 0.906653 -0.0331541 -0.69097 -0.0278503 0.0236242 0.999333 3.04661
0.901651 0.432192 0.0153645 82.2554 -0.43154 0.901477 -0.033342 -0.860912 -0.0282608 0.0234325 0.999326 3.03487
0.89664 0.4425 0.0151783 82.5811 -0.44183 0.896452 -0.0340508 -1.02818 -0.028674 0.0238251 0.999305 3.02902
0.891621 0.452536 0.0149159 82.8951 -0.45181 0.891382 -0.036128 -1.20429 -0.029645 0.0254733 0.999236 3.02279
0.88705 0.461461 0.0139951 83.1957 -0.460665 0.886708 -0.0392084 -1.36882 -0.0305027 0.0283327 0.999133 3.02823
0.882808 0.469535 0.0136665 83.4762 -0.468725 0.882445 -0.0398424 -1.53269 -0.0307674 0.0287673 0.999113 3.03801
0.879106 0.476433 0.0135385 83.7462 -0.475629 0.87875 -0.0396834 -1.68651 -0.0308035 0.0284466 0.999121 3.01848
0.875962 0.482195 0.0133859 83.9976 -0.481384 0.875599 -0.0399485 -1.828 -0.0309836 0.0285496 0.999112 3.00289
0.873203 0.487194 0.0126329 84.2363 -0.486384 0.872803 -0.0405573 -1.96879 -0.0307853 0.0292703 0.999097 3.00616
0.871075 0.491 0.0121216 84.4669 -0.490171 0.870631 -0.0416448 -2.10032 -0.031001 0.0303341 0.999059 2.99905
0.869454 0.493875 0.011675 84.6841 -0.493032 0.868974 -0.0424588 -2.23002 -0.0311147 0.0311598 0.99903 2.99833
0.868368 0.495801 0.0108869 84.8856 -0.494966 0.867849 -0.042966 -2.34755 -0.0307508 0.0319216 0.999017 2.99601
0.867621 0.497119 0.0103555 85.0715 -0.496285 0.867071 -0.0434618 -2.45799 -0.0305847 0.0325691 0.999001 2.98612
0.867125 0.497992 0.00993861 85.2485 -0.497124 0.866511 -0.0450095 -2.56231 -0.0310263 0.0340881 0.998937 2.98096
0.866803 0.498559 0.00959028 85.4165 -0.497664 0.866136 -0.0462564 -2.65727 -0.031368 0.0353224 0.998884 2.98542
0.866767 0.498628 0.00922889 85.5751 -0.497726 0.866067 -0.0468714 -2.75117 -0.0313642 0.0360331 0.998858 2.98607
0.867023 0.498179 0.00939725 85.7196 -0.497263 0.866318 -0.0471388 -2.83139 -0.0316245 0.0361975 0.998844 2.97674
0.867259 0.49777 0.00936475 85.8467 -0.49685 0.866546 -0.0473121 -2.90635 -0.0316655 0.036379 0.998836 2.96759
0.86735 0.497619 0.00887655 85.9698 -0.496718 0.866623 -0.0472813 -2.98502 -0.0312207 0.0366003 0.998842 2.96489
0.867593 0.497204 0.00843945 86.0905 -0.496323 0.866856 -0.0471519 -3.04899 -0.0307599 0.03672 0.998852 2.9662
0.867813 0.496826 0.00803468 86.1899 -0.495967 0.867072 -0.046937 -3.10585 -0.0302862 0.0367476 0.998866 2.96978
0.867901 0.496673 0.00797751 86.2917 -0.495836 0.867182 -0.0462894 -3.1679 -0.0299086 0.0362191 0.998896 2.96469
0.868089 0.496348 0.00772752 86.3866 -0.495534 0.867379 -0.0458296 -3.20904 -0.0294501 0.0359549 0.998919 2.9622
0.868284 0.496015 0.00720299 86.4691 -0.495221 0.86756 -0.0457858 -3.2552 -0.0289595 0.036188 0.998925 2.95909
0.868373 0.495869 0.00658729 86.5391 -0.495097 0.86763 -0.0457985 -3.29785 -0.0284254 0.0365088 0.998929 2.95864
0.868489 0.495667 0.00643174 86.61 -0.494915 0.867758 -0.0453229 -3.34037 -0.0280463 0.0361792 0.998952 2.96079
0.868605 0.495465 0.00630568 86.6701 -0.494729 0.867885 -0.0449325 -3.37453 -0.0277351 0.035909 0.99897 2.95787
0.868664 0.495362 0.00628461 86.7291 -0.494625 0.867942 -0.0449831 -3.40353 -0.0277376 0.0359666 0.998968 2.95434
0.868641 0.495405 0.00601273 86.7751 -0.494676 0.867909 -0.0450525 -3.43456 -0.0275377 0.0361601 0.998967 2.95217
0.868693 0.495315 0.00599221 86.8131 -0.494587 0.867961 -0.0450211 -3.45736 -0.0275006 0.0361458 0.998968 2.95659
0.868761 0.495198 0.00583224 86.8423 -0.49448 0.86803 -0.0448808 -3.47365 -0.0272875 0.0361068 0.998975 2.95538
0.868829 0.49508 0.00572878 86.865 -0.494374 0.868106 -0.044562 -3.48516 -0.0270349 0.0358846 0.99899 2.95432
0.868855 0.495033 0.00570703 86.889 -0.494329 0.868132 -0.044562 -3.49899 -0.0270141 0.0358968 0.99899 2.95099
0.868838 0.495063 0.00572087 86.9 -0.494361 0.868119 -0.0444534 -3.50807 -0.0269736 0.0357946 0.998995 2.9533
0.868905 0.494947 0.00564675 86.9088 -0.494241 0.868177 -0.0446621 -3.51162 -0.0270077 0.0360163 0.998986 2.94686
0.868863 0.49502 0.00565358 86.9098 -0.494324 0.868147 -0.0443163 -3.51447 -0.0268456 0.0357101 0.999002 2.95385
0.868887 0.494982 0.00528641 86.9081 -0.494298 0.868161 -0.0443443 -3.5113 -0.0265391 0.0359171 0.999002 2.94872
0.868916 0.494936 0.00477803 86.906 -0.494276 0.868184 -0.0441254 -3.50916 -0.0259875 0.0359796 0.999015 2.95616
0.868907 0.494953 0.00459711 86.9069 -0.494304 0.868177 -0.0439592 -3.50844 -0.0257489 0.0359241 0.999023 2.95412
0.868895 0.494977 0.00443051 86.9066 -0.494339 0.868166 -0.043777 -3.50927 -0.025515 0.0358474 0.999032 2.95059
0.86892 0.494932 0.00445324 86.908 -0.494292 0.868191 -0.0438222 -3.50897 -0.0255553 0.0358768 0.999029 2.95432
0.868925 0.494925 0.0044056 86.9068 -0.494285 0.868192 -0.0438827 -3.50487 -0.0255435 0.0359531 0.999027 2.95249
0.868914 0.494944 0.0043779 86.9081 -0.494306 0.868182 -0.0438272 -3.50697 -0.0254928 0.0359181 0.99903 2.95408
0.868922 0.49493 0.00426016 86.9085 -0.494299 0.868191 -0.0437368 -3.50737 -0.0253453 0.0358981 0.999034 2.9505
0.868914 0.494945 0.00429148 86.9073 -0.494313 0.868183 -0.0437392 -3.5091 -0.0253743 0.0358843 0.999034 2.95261
0.868918 0.494938 0.0042876 86.9087 -0.494301 0.86818 -0.043922 -3.51065 -0.0254611 0.0360453 0.999026 2.94795
0.868912 0.494948 0.00430442 86.9063 -0.494315 0.868181 -0.0437447 -3.50455 -0.0253884 0.0358826 0.999033 2.95295
0.868916 0.49494 0.00427869 86.9067 -0.494307 0.868182 -0.0438226 -3.50549 -0.0254042 0.0359632 0.99903 2.94887
0.868924 0.494927 0.00432513 86.9069 -0.494292 0.868191 -0.0438218 -3.50713 -0.0254436 0.0359399 0.99903 2.95036
0.868922 0.494931 0.00423011 86.9067 -0.4943 0.868189 -0.0437744 -3.50355 -0.0253378 0.0359456 0.999032 2.95145
0.86892 0.494935 0.00422782 86.9106 -0.494305 0.868187 -0.0437367 -3.50547 -0.0253174 0.0359139 0.999034 2.95076
0.868928 0.49492 0.00428967 86.9068 -0.494285 0.868194 -0.0438412 -3.50582 -0.0254222 0.0359746 0.999029 2.95068
0.868894 0.494978 0.00437125 86.9075 -0.49434 0.868161 -0.0438639 -3.50803 -0.0255066 0.0359522 0.999028 2.95117
0.868905 0.49496 0.00429044 86.9095 -0.494326 0.868171 -0.043829 -3.50409 -0.0254185 0.0359624 0.99903 2.94966
0.868916 0.494942 0.0042157 86.9103 -0.494312 0.868182 -0.0437675 -3.5076 -0.0253224 0.0359464 0.999033 2.95399
0.86892 0.494933 0.00428271 86.9074 -0.494299 0.868187 -0.0438145 -3.50588 -0.0254035 0.0359544 0.999031 2.95287
0.868907 0.494958 0.00426404 86.9052 -0.494324 0.868172 -0.04382 -3.51067 -0.0253909 0.0359676 0.99903 2.94949
0.868914 0.494946 0.00417672 86.9085 -0.49432 0.868184 -0.0436353 -3.50813 -0.0252233 0.0358507 0.999039 2.95477
0.86892 0.494934 0.00432056 86.9088 -0.494301 0.86819 -0.0437409 -3.50753 -0.0253999 0.0358716 0.999034 2.95197
0.868906 0.494959 0.00425842 86.9043 -0.494327 0.868173 -0.0437839 -3.50542 -0.0253683 0.035939 0.999032 2.95179
0.86889 0.494987 0.00424497 86.905 -0.494358 0.86816 -0.043674 -3.50803 -0.0253034 0.0358494 0.999037 2.95036
0.868887 0.494992 0.00429515 86.9054 -0.494359 0.868157 -0.0437376 -3.5078 -0.0253786 0.0358797 0.999034 2.95368
0.868919 0.494937 0.00421203 86.9059 -0.494309 0.868188 -0.0436945 -3.50351 -0.0252828 0.0358849 0.999036 2.95254
0.868919 0.494938 0.00414835 86.9074 -0.494312 0.868186 -0.0436887 -3.50429 -0.0252248 0.0359114 0.999037 2.95189
0.868888 0.494991 0.00412815 86.9068 -0.494362 0.868149 -0.0438641 -3.50604 -0.0252962 0.0360722 0.999029 2.9553
0.868945 0.494892 0.00402065 86.907 -0.494269 0.868207 -0.0437536 -3.50647 -0.0251441 0.0360322 0.999034 2.95384
0.868947 0.494888 0.0042031 86.907 -0.494259 0.868214 -0.0437334 -3.50515 -0.0252923 0.0359246 0.999034 2.95345
0.868929 0.494918 0.00419506 86.9076 -0.494289 0.868196 -0.0437495 -3.50454 -0.0252946 0.0359416 0.999034 2.95238
0.868931 0.494917 0.00404583 86.9092 -0.494293 0.868193 -0.0437656 -3.50445 -0.0251729 0.0360295 0.999034 2.95468
0.86892 0.494934 0.00417098 86.9101 -0.494309 0.86819 -0.0436506 -3.50691 -0.0252254 0.0358671 0.999038 2.95493
0.868965 0.494855 0.00416291 86.9092 -0.494227 0.86823 -0.0437676 -3.50265 -0.025273 0.0359751 0.999033 2.95282
0.868912 0.49495 0.00408551 86.9101 -0.494325 0.868177 -0.0437171 -3.50758 -0.0251847 0.0359668 0.999036 2.95471
0.868903 0.494966 0.00414497 86.9095 -0.494342 0.868174 -0.0435919 -3.50714 -0.0251751 0.0358281 0.999041 2.95402
0.868916 0.494942 0.00416708 86.9097 -0.494319 0.868189 -0.0435526 -3.50334 -0.0251738 0.0357837 0.999042 2.95186
0.868904 0.494964 0.00411285 86.9075 -0.494339 0.868169 -0.0437241 -3.50842 -0.0252125 0.0359589 0.999035 2.95202
0.86891 0.494954 0.00400963 86.9086 -0.494335 0.868175 -0.0436393 -3.50761 -0.0250805 0.0359365 0.999039 2.95265
0.868945 0.494892 0.00409459 86.9115 -0.494268 0.868211 -0.0437011 -3.50388 -0.0251823 0.03595 0.999036 2.9538
0.868916 0.494943 0.00411452 86.9094 -0.494318 0.868183 -0.0436764 -3.50371 -0.0251895 0.0359172 0.999037 2.9531
0.868904 0.494962 0.00415421 86.9082 -0.494338 0.868175 -0.0436162 -3.50854 -0.025195 0.0358448 0.99904 2.95168
0.868919 0.494938 0.00416506 86.9097 -0.494309 0.868183 -0.0437888 -3.5072 -0.0252888 0.0359901 0.999032 2.95281
0.868917 0.494942 0.00406439 86.9099 -0.494318 0.868181 -0.0437278 -3.50467 -0.0251713 0.0359867 0.999035 2.95549
0.868914 0.494946 0.00411355 86.9065 -0.49432 0.868178 -0.0437638 -3.50645 -0.025232 0.0359936 0.999033 2.95491
0.868916 0.494942 0.00414886 86.9049 -0.494317 0.868185 -0.0436643 -3.50689 -0.0252132 0.0358897 0.999038 2.95362
0.868928 0.494923 0.00395188 86.9065 -0.494306 0.868193 -0.0436278 -3.50605 -0.0250234 0.035956 0.99904 2.95727
0.868929 0.49492 0.00402592 86.9081 -0.494297 0.868192 -0.0437414 -3.5101 -0.0251438 0.0360182 0.999035 2.95458
0.868894 0.494981 0.00407395 86.9106 -0.494357 0.868159 -0.0437112 -3.50754 -0.0251731 0.0359665 0.999036 2.95458
0.868914 0.494946 0.00414383 86.9079 -0.494322 0.868183 -0.0436244 -3.50856 -0.0251893 0.0358575 0.999039 2.95535
0.868932 0.494915 0.00409128 86.9086 -0.49429 0.868198 -0.0437049 -3.50526 -0.0251822 0.0359543 0.999036 2.95325
0.868936 0.494908 0.00416212 86.9086 -0.494279 0.868201 -0.043765 -3.50734 -0.0252732 0.0359717 0.999033 2.95607
0.868916 0.494942 0.00415992 86.9069 -0.494311 0.868178 -0.0438644 -3.50686 -0.0253219 0.0360582 0.999029 2.95401
0.868897 0.494976 0.0041901 86.9087 -0.494348 0.868165 -0.0436903 -3.50943 -0.0252634 0.035891 0.999036 2.95733
0.8689 0.494972 0.00400794 86.906 -0.494351 0.868164 -0.0436897 -3.50824 -0.0251047 0.0359806 0.999037 2.95476
0.868919 0.494938 0.00404411 86.9072 -0.494314 0.868182 -0.0437441 -3.50901 -0.0251616 0.036011 0.999035 2.95493
0.868899 0.494973 0.00409998 86.9076 -0.494349 0.868165 -0.0436937 -3.51011 -0.0251867 0.0359386 0.999037 2.95528
0.868884 0.494999 0.00408115 86.9086 -0.494378 0.868155 -0.0435561 -3.50907 -0.0251033 0.0358276 0.999043 2.9572
0.868929 0.49492 0.00401201 86.9069 -0.494298 0.868193 -0.0437038 -3.50863 -0.0251131 0.0359924 0.999036 2.95475
0.868923 0.494929 0.004233 86.9054 -0.494298 0.868189 -0.0437822 -3.50713 -0.0253441 0.035951 0.999032 2.95233
0.868918 0.494939 0.00406003 86.9066 -0.494315 0.868183 -0.043715 -3.5089 -0.0251611 0.0359779 0.999036 2.95324
0.868889 0.494991 0.00403848 86.9094 -0.494369 0.868155 -0.0436574 -3.51041 -0.025116 0.0359369 0.999038 2.95762
0.868891 0.494988 0.00404664 86.9073 -0.494368 0.868159 -0.0435997 -3.50998 -0.0250945 0.0358829 0.999041 2.95688
0.868912 0.49495 0.00404607 86.9092 -0.494329 0.868178 -0.0436626 -3.50923 -0.0251235 0.0359389 0.999038 2.95605
0.868873 0.495018 0.00401546 86.9067 -0.494402 0.868144 -0.0435044 -3.51208 -0.0250215 0.0358146 0.999045 2.95711
0.868885 0.494998 0.00402151 86.9047 -0.494378 0.868151 -0.0436314 -3.50947 -0.0250887 0.0359225 0.99904 2.95601
0.86889 0.494988 0.00414619 86.906 -0.494363 0.868157 -0.0436804 -3.51141 -0.0252208 0.0359037 0.999037 2.95585
0.868905 0.494962 0.00406603 86.9081 -0.494337 0.868168 -0.0437746 -3.51142 -0.0251967 0.036026 0.999033 2.95484
0.868937 0.494905 0.00415625 86.9053 -0.494279 0.868204 -0.0436967 -3.50776 -0.0252342 0.0359153 0.999036 2.95675
0.868933 0.494913 0.00415364 86.9052 -0.494287 0.868201 -0.0436774 -3.5072 -0.0252227 0.0358997 0.999037 2.9531
0.868916 0.494942 0.00406868 86.9065 -0.49432 0.868183 -0.0436504 -3.51006 -0.0251368 0.0359173 0.999039 2.95478
0.868909 0.494955 0.00409855 86.9071 -0.494331 0.868175 -0.0436943 -3.50806 -0.025185 0.0359403 0.999037 2.95663
0.868941 0.494898 0.00418247 86.9048 -0.49427 0.868208 -0.0437295 -3.51062 -0.0252729 0.0359311 0.999035 2.95451
0.868929 0.49492 0.00410175 86.9067 -0.494295 0.868194 -0.0437254 -3.51092 -0.0252017 0.0359668 0.999035 2.953
0.868902 0.494967 0.00411661 86.9068 -0.494344 0.868171 -0.0436167 -3.50946 -0.0251627 0.0358636 0.99904 2.95524
0.868908 0.494957 0.0041296 86.9061 -0.494332 0.868175 -0.0436828 -3.50978 -0.0252063 0.0359149 0.999037 2.95382
0.868934 0.494911 0.00410373 86.9101 -0.49429 0.868206 -0.0435453 -3.50855 -0.0251139 0.0358095 0.999043 2.9554
0.868896 0.494978 0.0040197 86.9067 -0.494359 0.868164 -0.0435956 -3.50827 -0.0250686 0.0358928 0.999041 2.95393
0.868891 0.494988 0.00401945 86.9088 -0.494367 0.868155 -0.0436773 -3.51004 -0.0251092 0.0359637 0.999038 2.95636
0.868886 0.494996 0.00406069 86.9054 -0.494374 0.868151 -0.0436879 -3.50567 -0.0251507 0.0359523 0.999037 2.95532
0.868923 0.494931 0.00401663 86.9103 -0.494311 0.868188 -0.0436574 -3.50798 -0.0250946 0.0359495 0.999038 2.95468
0.868945 0.494892 0.00403925 86.9075 -0.494271 0.868211 -0.0436489 -3.50719 -0.0251084 0.035932 0.999039 2.95783
0.86889 0.494989 0.00402906 86.9079 -0.494369 0.868157 -0.0436166 -3.50831 -0.0250876 0.0359062 0.99904 2.95494
0.868929 0.49492 0.00400085 86.9079 -0.494305 0.868201 -0.043465 -3.50908 -0.0249852 0.0357904 0.999047 2.95558
0.868891 0.494987 0.0040554 86.9064 -0.494368 0.868163 -0.0435151 -3.51113 -0.0250602 0.0358051 0.999045 2.95714
0.868903 0.494966 0.00400139 86.9062 -0.494346 0.868167 -0.0436732 -3.51099 -0.0250906 0.0359697 0.999038 2.95506
0.868935 0.494909 0.0040648 86.9076 -0.494287 0.868203 -0.0436353 -3.51016 -0.0251245 0.035907 0.999039 2.95663
0.868911 0.494951 0.00412965 86.9071 -0.494327 0.86818 -0.0436531 -3.51213 -0.0251914 0.0358893 0.999038 2.95515
0.868918 0.494939 0.00402802 86.9075 -0.49432 0.868187 -0.0435771 -3.51064 -0.0250651 0.0358738 0.999042 2.9557
0.868912 0.494951 0.00390201 86.9094 -0.49434 0.868181 -0.0434686 -3.51228 -0.0249025 0.0358415 0.999047 2.95792
0.868899 0.494973 0.00397394 86.9083 -0.49436 0.868172 -0.0434328 -3.50983 -0.0249481 0.0357742 0.999048 2.95738
0.868892 0.494985 0.00403673 86.9085 -0.494363 0.868157 -0.0436737 -3.50883 -0.0251224 0.0359521 0.999038 2.95313
0.868896 0.494976 0.00420041 86.905 -0.494351 0.868168 -0.0436147 -3.51162 -0.0252349 0.0358202 0.99904 2.95824
0.868916 0.494943 0.00405563 86.9044 -0.494322 0.868184 -0.0436128 -3.50902 -0.0251069 0.035891 0.99904 2.95306
0.86889 0.494988 0.00418571 86.9065 -0.494361 0.868158 -0.0436867 -3.51172 -0.0252583 0.0358897 0.999037 2.95651
0.8689 0.494971 0.0040703 86.9049 -0.494347 0.868165 -0.0437079 -3.51048 -0.0251678 0.0359657 0.999036 2.95731
0.868846 0.495067 0.00400973 86.9068 -0.494446 0.86811 -0.043677 -3.51393 -0.0251039 0.035966 0.999038 2.95549
0.868899 0.494974 0.00407392 86.9073 -0.494352 0.868167 -0.0436158 -3.51061 -0.0251255 0.0358837 0.99904 2.95607
0.868905 0.494961 0.00411665 86.9047 -0.494337 0.868173 -0.0436552 -3.50737 -0.0251816 0.0358972 0.999038 2.95694
0.868905 0.494961 0.00414469 86.9062 -0.494336 0.868173 -0.0436707 -3.51004 -0.0252136 0.0358969 0.999037 2.95611
0.868894 0.494981 0.00408349 86.9085 -0.494361 0.868165 -0.0435534 -3.51088 -0.0251033 0.0358246 0.999043 2.95871
0.868904 0.494964 0.00408567 86.9115 -0.49434 0.86817 -0.0436927 -3.51044 -0.0251734 0.0359451 0.999037 2.95516
0.868903 0.494967 0.00402914 86.9057 -0.494347 0.86817 -0.0435987 -3.51076 -0.0250779 0.0358912 0.999041 2.95938
0.868916 0.494944 0.0040332 86.9083 -0.494323 0.868181 -0.0436562 -3.50912 -0.0251089 0.0359399 0.999038 2.95665
0.868891 0.494988 0.00400488 86.9076 -0.49437 0.868158 -0.0436007 -3.51157 -0.0250587 0.0359043 0.999041 2.95764
0.868916 0.494944 0.00400647 86.9106 -0.494327 0.868186 -0.0435243 -3.50959 -0.0250204 0.0358385 0.999044 2.95775
0.86888 0.495007 0.00407665 86.9062 -0.494385 0.868148 -0.0436083 -3.50894 -0.0251256 0.035875 0.99904 2.95446
0.868871 0.495021 0.0041095 86.9071 -0.4944 0.868141 -0.0435825 -3.51062 -0.0251419 0.0358359 0.999041 2.95564
0.868878 0.49501 0.00408708 86.9054 -0.494389 0.868147 -0.0435843 -3.5132 -0.0251228 0.0358488 0.999041 2.95586
0.868894 0.494981 0.00411518 86.9051 -0.494361 0.868167 -0.0435167 -3.51055 -0.0251126 0.035777 0.999044 2.95515
0.868885 0.494997 0.00412594 86.9056 -0.494378 0.86816 -0.0434707 -3.51432 -0.0250999 0.0357313 0.999046 2.9561
0.868876 0.495011 0.00420406 86.9053 -0.494386 0.868149 -0.0435834 -3.5111 -0.025224 0.0357902 0.999041 2.95676
0.868874 0.495016 0.00412501 86.9045 -0.494394 0.868145 -0.0435804 -3.51228 -0.0251541 0.0358265 0.999041 2.95624
0.868881 0.495004 0.00407503 86.9057 -0.494383 0.868149 -0.0436217 -3.51158 -0.0251306 0.0358874 0.99904 2.95692
0.868877 0.495012 0.00407053 86.9042 -0.494394 0.86815 -0.0434731 -3.51257 -0.0250536 0.0357604 0.999046 2.95724
0.868915 0.494946 0.00404596 86.9077 -0.494327 0.868184 -0.0435625 -3.51549 -0.0250737 0.0358521 0.999043 2.95481
0.868893 0.494983 0.00412193 86.9048 -0.494363 0.868166 -0.0435074 -3.51168 -0.0251139 0.0357655 0.999045 2.95961
0.868895 0.494979 0.00408713 86.9021 -0.494359 0.868167 -0.0435365 -3.51444 -0.025098 0.0358081 0.999043 2.95942
0.868865 0.495033 0.0040852 86.9053 -0.494412 0.868135 -0.0435703 -3.51361 -0.0251152 0.0358369 0.999042 2.9561
0.868883 0.494999 0.00418126 86.904 -0.494372 0.868152 -0.0436729 -3.51242 -0.025248 0.0358796 0.999037 2.95497
0.868889 0.49499 0.00410732 86.9023 -0.494367 0.868158 -0.0436105 -3.51311 -0.0251525 0.0358621 0.99904 2.95383
0.868907 0.494958 0.00411227 86.9039 -0.494338 0.86818 -0.0435246 -3.51051 -0.0251131 0.035786 0.999044 2.95642
0.868891 0.494987 0.00404485 86.9065 -0.494367 0.868159 -0.043603 -3.51159 -0.0250945 0.0358866 0.999041 2.95631
0.868869 0.495025 0.00421664 86.9068 -0.494398 0.86814 -0.0436319 -3.51427 -0.0252595 0.0358257 0.999039 2.95518
0.868868 0.495027 0.00400626 86.9064 -0.494411 0.868138 -0.0435137 -3.51107 -0.0250185 0.0358269 0.999045 2.95644
0.868891 0.494987 0.0040195 86.9068 -0.494369 0.868161 -0.0435383 -3.51468 -0.0250404 0.0358429 0.999044 2.95592
0.868878 0.495008 0.00421136 86.905 -0.494381 0.868149 -0.0436354 -3.5137 -0.025256 0.0358319 0.999039 2.95566
0.868886 0.494996 0.00405957 86.9035 -0.494376 0.868155 -0.0435795 -3.5137 -0.025096 0.0358586 0.999042 2.9569
0.868884 0.495 0.00408583 86.9037 -0.49438 0.868155 -0.043524 -3.51091 -0.0250915 0.0357973 0.999044 2.9592
0.86889 0.494989 0.00394055 86.9084 -0.494374 0.868158 -0.0435387 -3.51398 -0.0249722 0.0358823 0.999044 2.95313
0.868885 0.494997 0.00410492 86.9062 -0.494376 0.868157 -0.0435462 -3.51183 -0.025119 0.0358073 0.999043 2.95836
0.868888 0.494993 0.00403307 86.9039 -0.494375 0.868158 -0.0435325 -3.51495 -0.0250496 0.035831 0.999044 2.95617
0.868886 0.494996 0.00400117 86.9083 -0.494382 0.868159 -0.0434413 -3.5148 -0.0249769 0.0357674 0.999048 2.95909
0.868847 0.495064 0.00405294 86.9076 -0.494446 0.868119 -0.0435138 -3.51415 -0.0250605 0.0358029 0.999045 2.95451
0.868868 0.495028 0.00401682 86.9093 -0.494414 0.868142 -0.0434114 -3.5141 -0.024977 0.0357328 0.999049 2.95648
0.868883 0.495001 0.00402891 86.9029 -0.494384 0.868154 -0.0435184 -3.51341 -0.0250394 0.0358206 0.999045 2.95677
0.868873 0.495018 0.00403535 86.9052 -0.494399 0.868143 -0.0435553 -3.51063 -0.0250639 0.035849 0.999043 2.95837
0.868893 0.494983 0.00414931 86.9064 -0.494357 0.868161 -0.0436738 -3.51156 -0.02522 0.0358966 0.999037 2.95714
0.868866 0.49503 0.00406898 86.9063 -0.49441 0.868135 -0.0435961 -3.51125 -0.0251138 0.0358674 0.999041 2.95665
0.868878 0.495009 0.00400483 86.9059 -0.494394 0.868149 -0.0434955 -3.51085 -0.0250075 0.0358124 0.999046 2.95564
0.868879 0.495007 0.00414207 86.9076 -0.494385 0.868151 -0.0435612 -3.51551 -0.025159 0.0358016 0.999042 2.95669
0.868876 0.495013 0.00403858 86.9069 -0.494395 0.868146 -0.0435497 -3.513 -0.0250638 0.0358426 0.999043 2.95587
0.868894 0.494981 0.00411156 86.9075 -0.494363 0.868169 -0.0434413 -3.51487 -0.0250722 0.0357133 0.999048 2.95957
0.868892 0.494986 0.00405001 86.9076 -0.494366 0.868161 -0.0435628 -3.51364 -0.025079 0.0358492 0.999042 2.95716
0.868888 0.494993 0.00399517 86.907 -0.494375 0.868154 -0.043617 -3.51031 -0.0250585 0.0359231 0.99904 2.95697
0.868892 0.494985 0.00411779 86.9035 -0.494365 0.868164 -0.0435274 -3.51121 -0.0251203 0.0357849 0.999044 2.95801
0.868899 0.494973 0.00404635 86.906 -0.494355 0.86817 -0.0435257 -3.51176 -0.025057 0.0358191 0.999044 2.95763
0.8689 0.494971 0.00406628 86.9054 -0.494353 0.868174 -0.0434669 -3.51454 -0.0250451 0.0357582 0.999047 2.95627
0.8689 0.494971 0.0040497 86.9045 -0.494355 0.868174 -0.043427 -3.5108 -0.025011 0.0357318 0.999048 2.95762
0.868897 0.494976 0.00406257 86.905 -0.494358 0.868169 -0.0435078 -3.51134 -0.0250623 0.0357954 0.999045 2.95611
0.868889 0.49499 0.00411187 86.9038 -0.494369 0.868161 -0.0435308 -3.512 -0.0251171 0.0357906 0.999044 2.95798
0.868871 0.495021 0.0040921 86.9079 -0.494401 0.868143 -0.0435308 -3.51131 -0.0251012 0.0357995 0.999044 2.95767
0.868893 0.494984 0.00402516 86.905 -0.49437 0.868168 -0.0433914 -3.51633 -0.0249725 0.0357125 0.99905 2.95772
0.868881 0.495004 0.0040354 86.9067 -0.494385 0.86815 -0.0435638 -3.51393 -0.0250676 0.0358567 0.999042 2.95677
0.868881 0.495005 0.00406598 86.9032 -0.494386 0.868152 -0.0435186 -3.51408 -0.0250718 0.0358023 0.999044 2.95512
0.868899 0.494972 0.00406893 86.9054 -0.494356 0.868175 -0.0434104 -3.5114 -0.0250195 0.0357078 0.999049 2.95703
0.868887 0.494994 0.00403292 86.9062 -0.494376 0.868158 -0.0435112 -3.51166 -0.025039 0.0358125 0.999045 2.95454
0.86889 0.494988 0.00413844 86.903 -0.494365 0.86816 -0.0436059 -3.51105 -0.0251772 0.0358428 0.99904 2.95506
0.868893 0.494983 0.0040373 86.9071 -0.494366 0.868165 -0.0435056 -3.51281 -0.0250396 0.0358058 0.999045 2.95875
