1 0 0 0 0 1 0 0 0 0 1 0
1 -3.50644e-05 3.28953e-05 -0.00129865 3.50669e-05 1 -7.60261e-05 0.000755869 -3.28926e-05 7.60272e-05 1 0.000766363
1 2.62287e-05 2.42036e-05 -0.0034603 -2.62267e-05 1 -8.44393e-05 0.000405771 -2.42058e-05 8.44387e-05 1 -0.000735284
1 1.64888e-05 4.34251e-05 -0.00275093 -1.6487e-05 1 -4.30027e-05 -0.00121377 -4.34258e-05 4.3002e-05 1 0.000467984
1 3.47598e-05 -2.7741e-06 0.00165058 -3.47597e-05 1 1.60151e-05 -0.000304711 2.77466e-06 -1.6015e-05 1 5.52118e-05
1 3.38801e-05 2.50686e-06 0.000992733 -3.388e-05 1 -9.64439e-06 -0.000272141 -2.50718e-06 9.6443e-06 1 0.000450977
1 6.03995e-05 2.35584e-05 0.00224234 -6.03987e-05 1 -3.39639e-05 0.00178561 -2.35605e-05 3.39624e-05 1 0.00033177
1 5.11224e-05 2.17349e-07 -0.000186795 -5.11224e-05 1 1.44905e-06 -0.000878271 -2.17275e-07 -1.44906e-06 1 -0.001815
1 3.36905e-05 1.31605e-05 0.0016487 -3.36903e-05 1 -1.32331e-05 -0.000209154 -1.3161e-05 1.32327e-05 1 0.00177412
1 5.88335e-05 2.46216e-05 0.00342169 -5.88319e-05 1 -6.74187e-05 0.00201877 -2.46256e-05 6.74172e-05 1 0.000739436
1 6.64457e-05 3.98627e-05 -0.00103869 -6.64451e-05 1 -1.49505e-05 0.000632531 -3.98637e-05 1.49478e-05 1 0.00140259
1 3.95875e-05 1.31637e-05 -0.00383764 -3.9587e-05 1 -3.93485e-05 0.000986782 -1.31653e-05 3.93479e-05 1 0.0010116
1 5.64181e-05 2.07432e-05 -0.00377968 -5.64183e-05 1 6.61002e-06 0.000178662 -2.07428e-05 -6.61119e-06 1 -0.000396145
1 6.06591e-05 2.03544e-05 -0.00190567 -6.06585e-05 1 -3.10795e-05 0.000634854 -2.03563e-05 3.10783e-05 1 -0.00035841
1 1.33966e-05 1.9291e-05 -0.00485231 -1.33958e-05 1 -4.15154e-05 -0.00109497 -1.92915e-05 4.15151e-05 1 -2.79417e-05
1 4.83147e-05 2.02904e-05 -0.00455185 -4.83136e-05 1 -5.48583e-05 0.00156981 -2.02931e-05 5.48573e-05 1 0.000248547
1 8.41272e-06 -8.169e-06 -0.0144744 -8.41334e-06 1 -7.56625e-05 -0.00164483 8.16836e-06 7.56626e-05 1 4.01579e-05
1 4.86634e-05 -0.000111176 -0.0333029 -4.86747e-05 1 -0.00010162 -0.00176578 0.000111171 0.000101625 1 -0.00268015
1 -1.19314e-05 -0.000664984 0.00435362 1.19934e-05 1 9.31593e-05 -0.00659658 0.000664983 -9.31672e-05 1 -0.00817294
0.999999 6.83551e-05 -0.00146255 0.021355 -6.78361e-05 1 0.000354964 -0.00961142 0.00146258 -0.000354864 0.999999 -0.00577708
0.999999 -8.11901e-05 -0.00167932 0.0362649 8.13238e-05 1 7.95448e-05 -0.00445318 0.00167931 -7.96812e-05 0.999999 -0.00124699
0.999998 -3.70334e-05 -0.00215135 0.0920894 3.64348e-05 1 -0.000278314 -0.00708638 0.00215136 0.000278235 0.999998 -0.00111719
0.999973 0.00012014 -0.00739404 0.17841 -0.000102943 0.999997 0.00232624 -0.00838603 0.0073943 -0.00232542 0.99997 -0.00964827
0.999932 2.59593e-05 -0.0116766 0.34369 -2.33681e-05 1 0.000222048 -0.00399938 0.0116766 -0.00022176 0.999932 0.0215461
0.999929 0.000500684 -0.011874 0.487826 -0.000503098 1 -0.000200308 0.000749277 0.0118739 0.000206268 0.999929 0.0260897
0.999922 0.00074967 -0.0124776 0.69092 -0.000750629 1 -7.21355e-05 -0.00470556 0.0124775 8.14959e-05 0.999922 0.00540815
0.99992 0.00120796 -0.0125752 0.866894 -0.0012079 0.999999 1.27237e-05 -0.00210031 0.0125752 2.46689e-06 0.999921 0.00448901
0.999916 0.0020181 -0.0128152 1.10919 -0.00201467 0.999998 0.000280411 -0.000432543 0.0128157 -0.000254569 0.999918 0.000314631
0.999913 0.00246609 -0.0129767 1.3652 -0.00246353 0.999997 0.000213087 -0.00251014 0.0129772 -0.0001811 0.999916 0.0105525
0.99991 0.00300635 -0.0131025 1.63549 -0.00301079 0.999995 -0.000319059 0.00678126 0.0131015 0.000358479 0.999914 0.0101264
0.999909 0.00388206 -0.0129434 1.97612 -0.00388856 0.999992 -0.00047709 -0.00470618 0.0129414 0.000527378 0.999916 0.0118639
0.999907 0.00457752 -0.0128364 2.31605 -0.00458818 0.999989 -0.000801418 0.00233196 0.0128326 0.000860239 0.999917 0.010231
0.999907 0.00540364 -0.0125017 2.658 -0.00542422 0.999984 -0.00161343 -0.00105705 0.0124927 0.00168109 0.999921 0.0136782
0.999904 0.00609212 -0.0124686 3.0355 -0.00611756 0.999979 -0.00200323 -0.0128277 0.0124562 0.00207932 0.99992 0.0206937
0.9999 0.00648611 -0.0125682 3.44141 -0.00651588 0.999976 -0.00232861 -0.0132786 0.0125528 0.00241027 0.999918 0.0195805
0.999897 0.00721077 -0.0124371 3.85764 -0.00724862 0.999969 -0.00300142 -0.0172823 0.0124151 0.00309126 0.999918 0.0199257
0.999894 0.00765975 -0.0123598 4.30247 -0.00770189 0.999965 -0.00336568 -0.0145842 0.0123335 0.00346052 0.999918 0.0227851
0.999898 0.00697565 -0.0124892 4.75098 -0.00702614 0.999967 -0.004003 -0.0256681 0.0124608 0.00409034 0.999914 0.0312783
0.999908 0.00503807 -0.0125628 5.21887 -0.00509548 0.999977 -0.00454194 -0.0184646 0.0125397 0.00460554 0.999911 0.045031
0.999932 0.00273172 -0.0113657 5.70645 -0.00278998 0.999983 -0.00511323 -0.0265776 0.0113515 0.00514459 0.999922 0.0487578
0.999947 -0.000516266 -0.010291 6.20644 0.00045563 0.999983 -0.00589362 -0.0220488 0.0102939 0.00588861 0.99993 0.0478208
0.999958 -0.00492874 -0.00770464 6.72441 0.00489631 0.999979 -0.00422283 -0.0219019 0.00772529 0.00418493 0.999961 0.0646657
0.999904 -0.0110687 -0.00838109 7.20408 0.0110359 0.999931 -0.00395603 -0.016663 0.0084243 0.00386316 0.999957 0.060779
0.999789 -0.0186809 -0.00858031 7.71924 0.0186433 0.999816 -0.0044418 -0.00362014 0.00866171 0.00428089 0.999953 0.0782263
0.999588 -0.0268292 -0.0102322 8.23825 0.0267887 0.999633 -0.00407944 0.0169515 0.0103379 0.00380365 0.999939 0.082668
0.999251 -0.0372757 -0.0103664 8.76568 0.0372327 0.999297 -0.00431092 0.0486134 0.0105199 0.00392172 0.999937 0.0829826
0.998716 -0.0498794 -0.00890767 9.30632 0.0498351 0.998744 -0.00513297 0.0803005 0.00915252 0.00468246 0.999947 0.0847881
0.997847 -0.0650602 -0.00824175 9.86413 0.0650115 0.997866 -0.00605186 0.11909 0.0086179 0.00550302 0.999948 0.0991506
0.996557 -0.0825135 -0.00813421 10.4107 0.0824652 0.996575 -0.00610134 0.181783 0.0086098 0.00540954 0.999948 0.106532
0.994683 -0.102654 -0.00824666 10.9713 0.102612 0.994707 -0.00532449 0.258314 0.0087496 0.00444997 0.999952 0.114131
0.992184 -0.124456 -0.00902817 11.5368 0.124408 0.992215 -0.00563946 0.346001 0.00965975 0.00447221 0.999943 0.118288
0.988995 -0.147501 -0.0114753 12.1098 0.147445 0.989054 -0.00563437 0.431117 0.0121807 0.0038804 0.999918 0.125703
0.985136 -0.171312 -0.0126492 12.701 0.171254 0.985211 -0.00555043 0.547018 0.013413 0.0033017 0.999905 0.118425
0.980358 -0.196896 -0.0114049 13.2929 0.196846 0.98042 -0.00534061 0.686441 0.0122332 0.00299069 0.999921 0.128104
0.974312 -0.225003 -0.00948057 13.8747 0.224959 0.974353 -0.00553001 0.83693 0.0104817 0.00325522 0.99994 0.154216
0.966832 -0.255279 -0.00824267 14.4517 0.255239 0.966861 -0.00568884 1.01334 0.00942176 0.00339631 0.99995 0.161863
0.957621 -0.287935 -0.00742859 15.0432 0.287894 0.957643 -0.00605016 1.20173 0.00885599 0.00365511 0.999954 0.169091
0.94622 -0.323455 -0.00673314 15.6246 0.32342 0.946238 -0.00576083 1.43128 0.00823452 0.00327337 0.999961 0.185473
0.93252 -0.361065 -0.00619077 16.1885 0.361048 0.93254 -0.00362107 1.66938 0.00708058 0.00114156 0.999974 0.200716
0.916429 -0.400161 -0.00548114 16.7387 0.400159 0.916445 -0.00137275 1.93392 0.00557248 -0.000935301 0.999984 0.18466
0.89709 -0.441833 -0.00373065 17.3023 0.44183 0.897097 -0.00172344 2.24462 0.00410823 -0.000102232 0.999992 0.192663
0.874466 -0.485087 -0.000627269 17.8272 0.485087 0.874464 0.00181372 2.55956 -0.000331286 -0.00189031 0.999998 0.21585
0.848977 -0.52842 0.00322525 18.3441 0.528381 0.848966 0.00841238 2.89795 -0.0071834 -0.00543776 0.999959 0.208648
0.820213 -0.572044 0.00388769 18.8343 0.571968 0.820187 0.0120761 3.28771 -0.0100967 -0.00768135 0.99992 0.215928
0.788755 -0.614698 0.00333268 19.3082 0.614622 0.788725 0.0123634 3.67487 -0.0102283 -0.00770337 0.999918 0.194606
0.755311 -0.655366 0.000813942 19.7663 0.655301 0.755252 0.0132148 4.09809 -0.00927526 -0.0094479 0.999912 0.216634
0.720505 -0.693443 -0.00294101 20.1958 0.693394 0.720388 0.0157023 4.55469 -0.00876998 -0.0133529 0.999872 0.216919
0.68418 -0.729286 -0.00634014 20.6191 0.729285 0.684051 0.014744 5.03518 -0.00641561 -0.0147113 0.999871 0.162124
0.645984 -0.763348 -0.00216579 21.0288 0.76334 0.645958 0.00715392 5.53767 -0.00406191 -0.00627455 0.999972 0.15489
0.606936 -0.79475 -0.000857031 21.3925 0.794743 0.606925 0.00510919 6.03741 -0.00354038 -0.00378207 0.999987 0.249235
0.56779 -0.823163 -0.00407445 21.7303 0.82317 0.567767 0.00573377 6.57393 -0.00240649 -0.00660954 0.999975 0.228254
0.530044 -0.847931 -0.00814344 22.0553 0.84797 0.530012 0.00589482 7.13089 -0.000682274 -0.0100299 0.999949 0.179712
0.493664 -0.86961 -0.00866898 22.3721 0.869652 0.493655 0.00330511 7.70585 0.00140532 -0.0091706 0.999957 0.172805
0.46095 -0.887401 -0.00664922 22.6567 0.887422 0.460958 0.00036369 8.28001 0.00274227 -0.0060683 0.999978 0.191935
0.431607 -0.902055 -0.00342818 22.9429 0.90206 0.43161 5.08431e-05 8.89397 0.00143377 -0.00311437 0.999994 0.206818
0.403469 -0.914982 0.00460259 23.2352 0.914985 0.403482 0.00236995 9.55231 -0.00402552 0.0032551 0.999987 0.193216
0.375778 -0.926626 0.012467 23.483 0.926656 0.375867 0.0057403 10.1936 -0.0100051 0.00939556 0.999906 0.219634
0.347679 -0.937425 0.0188247 23.7216 0.937504 0.347875 0.00832327 10.8552 -0.0143511 0.0147544 0.999788 0.199155
0.318801 -0.947532 0.0234417 23.9516 0.947645 0.319121 0.0114031 11.5316 -0.0182855 0.0185791 0.99966 0.199432
0.289131 -0.956861 0.0286436 24.1522 0.957071 0.289575 0.0126908 12.212 -0.0204378 0.0237447 0.999509 0.173039
0.259287 -0.965187 0.0344086 24.3379 0.965532 0.259891 0.0143373 12.9014 -0.0227807 0.0295051 0.999305 0.175864
0.228925 -0.972627 0.039879 24.502 0.973135 0.229693 0.0157972 13.6025 -0.0245247 0.0351913 0.99908 0.157418
0.197507 -0.979414 0.0416943 24.6427 0.980029 0.198277 0.0151657 14.3257 -0.0231205 0.0378663 0.999015 0.14741
0.165641 -0.985346 0.0406985 24.7475 0.985981 0.166306 0.0135244 15.0416 -0.0200947 0.0378878 0.99908 0.136065
0.133294 -0.990207 0.0414944 24.8477 0.990908 0.133927 0.0128526 15.7683 -0.018284 0.039404 0.999056 0.133648
0.100666 -0.993971 0.0434468 24.9098 0.994749 0.101364 0.0141656 16.5201 -0.0184842 0.0417926 0.998955 0.127052
0.0677573 -0.996641 0.0459971 24.9597 0.997527 0.0685371 0.0155912 17.2744 -0.0186913 0.0448269 0.99882 0.106306
0.0343131 -0.998249 0.0481782 24.9762 0.999245 0.0351467 0.0165645 18.0334 -0.0182288 0.0475734 0.998701 0.0978538
0.00190529 -0.998685 0.0512379 24.9857 0.999867 0.0027324 0.0160773 18.7766 -0.0161962 0.0512004 0.998557 0.0800465
-0.029599 -0.99814 0.0532913 24.9519 0.999462 -0.0287999 0.0157006 19.5361 -0.0141367 0.0537274 0.998456 0.0912814
-0.0596154 -0.997062 0.0480988 24.9012 0.99813 -0.0588888 0.0163865 20.3024 -0.0135059 0.0489857 0.998708 0.0851604
-0.0884361 -0.995098 0.0442641 24.8243 0.995967 -0.0876646 0.0190818 21.0792 -0.0151078 0.0457731 0.998838 0.0755537
-0.114986 -0.99244 0.0429185 24.7306 0.993176 -0.114009 0.0245449 21.8414 -0.0194662 0.0454479 0.998777 0.0783092
-0.13795 -0.989497 0.0431975 24.6028 0.990203 -0.136833 0.0278457 22.5903 -0.0216424 0.0466155 0.998678 0.0367864
-0.157358 -0.986614 0.0428001 24.4714 0.987341 -0.156305 0.026946 23.3693 -0.0198955 0.0464984 0.99872 0.0307277
-0.173488 -0.983987 0.0408845 24.3333 0.984706 -0.172641 0.0234338 24.1469 -0.0160002 0.0443247 0.998889 0.0327
-0.186432 -0.98182 0.0356611 24.1882 0.982375 -0.185791 0.0205462 24.9166 -0.0135472 0.038863 0.999153 0.0292999
-0.19701 -0.979796 0.0344525 24.0152 0.980319 -0.196418 0.0198488 25.6977 -0.0126807 0.0376848 0.999209 0.0166634
-0.205826 -0.978017 0.0334454 23.8428 0.978497 -0.205218 0.0207203 26.4846 -0.0134012 0.036991 0.999226 0.0169418
-0.211869 -0.976738 0.033074 23.6704 0.97718 -0.211195 0.0227279 27.2641 -0.0152142 0.0371346 0.999194 -0.00274974
-0.216135 -0.975829 0.0323064 23.4817 0.976232 -0.215445 0.0235364 28.0468 -0.0160072 0.0366256 0.999201 -0.008731
-0.218408 -0.975388 0.0302613 23.3105 0.97572 -0.217752 0.0235471 28.8402 -0.0163781 0.0346694 0.999265 -0.0111869
-0.218678 -0.975421 0.0270758 23.1292 0.975667 -0.218111 0.022418 29.6193 -0.0159615 0.0313192 0.999382 -0.0241684
-0.218188 -0.975575 0.0254599 22.9427 0.975788 -0.217681 0.0212728 30.4173 -0.0152111 0.0294849 0.999449 -0.0318158
-0.216919 -0.975903 0.0236416 22.7599 0.976074 -0.216457 0.0206614 31.2222 -0.0150461 0.0275578 0.999507 -0.0282642
-0.215277 -0.976299 0.0222697 22.5805 0.976428 -0.214828 0.0209155 32.0323 -0.0156356 0.0262473 0.999533 -0.0339176
-0.214093 -0.97653 0.0235229 22.4037 0.976687 -0.213615 0.0212543 32.8339 -0.0157306 0.0275249 0.999497 -0.0361135
-0.213697 -0.976586 0.0247645 22.2249 0.976769 -0.213186 0.0217565 33.6317 -0.0159676 0.0288385 0.999457 -0.0546293
-0.213733 -0.97658 0.024696 22.0406 0.976761 -0.213222 0.0217704 34.4454 -0.0159948 0.0287752 0.999458 -0.0693527
-0.2136 -0.976655 0.0227925 21.8653 0.9768 -0.213148 0.0207379 35.2623 -0.0153956 0.0266934 0.999525 -0.0662974
-0.213306 -0.976721 0.0227472 21.6872 0.976866 -0.212858 0.0206069 36.0748 -0.0152853 0.0266165 0.999529 -0.0838607
-0.213562 -0.97665 0.0233483 21.5121 0.976808 -0.213098 0.0208638 36.9017 -0.0154012 0.0272626 0.99951 -0.0876379
-0.213474 -0.976654 0.0240177 21.3294 0.976821 -0.212983 0.0214462 37.7241 -0.0158301 0.0280391 0.999481 -0.0966359
-0.213593 -0.976579 0.0259214 21.1339 0.976804 -0.213079 0.0212246 38.5545 -0.0152042 0.0298535 0.999439 -0.110656
-0.213518 -0.976539 0.0279687 20.9656 0.976842 -0.213005 0.0202172 39.3899 -0.0137854 0.0316378 0.999404 -0.108946
-0.213677 -0.976506 0.0279118 20.7866 0.976828 -0.213216 0.0185927 40.2182 -0.0122046 0.0312378 0.999437 -0.102937
-0.21374 -0.976518 0.026993 20.5991 0.976839 -0.213363 0.0161866 41.0446 -0.0100472 0.0298276 0.999505 -0.108036
-0.213644 -0.976551 0.0265334 20.4321 0.976876 -0.213327 0.0142868 41.873 -0.00829151 0.0289722 0.999546 -0.108055
-0.213922 -0.976418 0.0290587 20.2429 0.976819 -0.213579 0.014462 42.7086 -0.00791466 0.0314789 0.999473 -0.114057
-0.21382 -0.976432 0.0293574 20.0562 0.976841 -0.213472 0.0145416 43.5429 -0.00793192 0.0317868 0.999463 -0.11415
-0.214022 -0.976347 0.0306683 19.8703 0.97679 -0.21363 0.0155801 44.388 -0.00865986 0.033291 0.999408 -0.114188
-0.214507 -0.976308 0.0284359 19.685 0.976671 -0.214104 0.0165555 45.2356 -0.010075 0.0313238 0.999459 -0.131384
-0.214334 -0.976345 0.0284913 19.502 0.97668 -0.213853 0.0190382 46.0802 -0.012495 0.0319075 0.999413 -0.133898
-0.214502 -0.976303 0.0286715 19.3101 0.976614 -0.213946 0.0212549 46.9208 -0.0146171 0.0325602 0.999363 -0.141501
-0.215009 -0.97616 0.0297152 19.1208 0.976519 -0.214469 0.020325 47.7716 -0.0134675 0.0333876 0.999352 -0.141079
-0.215106 -0.976205 0.0274356 18.9293 0.976516 -0.214656 0.0184392 48.6117 -0.0121112 0.0307577 0.999453 -0.138403
-0.215204 -0.976289 0.0233947 18.7441 0.976508 -0.214861 0.0163132 49.4557 -0.0108998 0.0263558 0.999593 -0.142292
-0.215423 -0.976319 0.0198315 18.5593 0.976448 -0.215115 0.0165849 50.2987 -0.0119261 0.0229372 0.999666 -0.145823
-0.215553 -0.976306 0.019088 18.3617 0.976393 -0.215211 0.0184595 51.1435 -0.0139141 0.0226164 0.999647 -0.165983
-0.215712 -0.976276 0.0188208 18.1703 0.976344 -0.215354 0.0193613 51.9824 -0.0148488 0.022552 0.999635 -0.151661
-0.216015 -0.976249 0.0165853 17.9742 0.976295 -0.215727 0.0175847 52.8233 -0.0135891 0.0199907 0.999708 -0.170387
-0.216172 -0.976285 0.0117103 17.7925 0.976264 -0.215973 0.0162504 53.6614 -0.0133359 0.0149453 0.999799 -0.160691
-0.216348 -0.976244 0.0119044 17.5914 0.976225 -0.216145 0.0163183 54.5001 -0.0133576 0.0151518 0.999796 -0.166814
-0.216388 -0.97626 0.00961426 17.412 0.976203 -0.216211 0.0167255 55.3303 -0.0142497 0.0130047 0.999814 -0.171821
-0.216593 -0.976224 0.00855384 17.2251 0.976155 -0.216432 0.0166905 56.1563 -0.0144423 0.0119649 0.999824 -0.175584
-0.216812 -0.976186 0.00724886 17.0391 0.976106 -0.216672 0.016459 56.9913 -0.0144964 0.0106442 0.999838 -0.170645
-0.217 -0.976147 0.0069113 16.8522 0.976058 -0.216861 0.0168029 57.8234 -0.0149033 0.0103921 0.999835 -0.167031
-0.217007 -0.976142 0.00747341 16.668 0.976047 -0.216852 0.0175213 58.6511 -0.0154826 0.0110966 0.999819 -0.178086
-0.216952 -0.976153 0.0075532 16.4867 0.976044 -0.216784 0.0185375 59.4784 -0.016458 0.011394 0.9998 -0.184122
-0.217011 -0.976132 0.00854592 16.295 0.976019 -0.216816 0.0194543 60.3028 -0.0171371 0.0125628 0.999774 -0.200685
-0.217236 -0.976075 0.00929298 16.1153 0.975921 -0.21699 0.0222348 61.1444 -0.0196863 0.0138994 0.99971 -0.201747
-0.217543 -0.975984 0.0114092 15.9283 0.975761 -0.217178 0.026928 61.9718 -0.0238035 0.0169907 0.999572 -0.214722
-0.217485 -0.97599 0.0119501 15.7509 0.975644 -0.217017 0.031964 62.7976 -0.0286032 0.0186108 0.999418 -0.223487
-0.217682 -0.975866 0.0173369 15.5637 0.975532 -0.216977 0.0354837 63.6202 -0.0308656 0.0246368 0.99922 -0.288875
-0.21744 -0.975868 0.0200576 15.3838 0.975661 -0.216705 0.0335411 64.45 -0.0283851 0.0268626 0.999236 -0.284848
-0.216454 -0.975945 0.0260555 15.217 0.976017 -0.215681 0.0295333 65.2915 -0.0232031 0.0318232 0.999224 -0.291766
-0.215566 -0.9761 0.0275697 15.0394 0.976228 -0.214769 0.029217 66.1356 -0.0225976 0.0332125 0.999193 -0.278066
-0.214594 -0.976203 0.0312561 14.8591 0.976405 -0.213627 0.0315844 66.9615 -0.0241557 0.0372965 0.999012 -0.321123
-0.214044 -0.976155 0.0361425 14.6728 0.976558 -0.212975 0.031251 67.7936 -0.0228084 0.0419844 0.998858 -0.3511
-0.213061 -0.976467 0.0334216 14.4922 0.976901 -0.212331 0.0240948 68.6143 -0.0164314 0.0377833 0.999151 -0.337927
-0.211449 -0.976894 0.0311078 14.32 0.977329 -0.210977 0.017778 69.4469 -0.0108042 0.0341617 0.999358 -0.357159
-0.21045 -0.977171 0.0291188 14.134 0.977525 -0.20996 0.0189995 70.292 -0.012452 0.0324628 0.999395 -0.347306
-0.209034 -0.977581 0.0253206 13.9293 0.977796 -0.208548 0.0205375 71.112 -0.0147965 0.0290514 0.999468 -0.371207
-0.207368 -0.977972 0.0238613 13.7448 0.978177 -0.206964 0.0183226 71.9359 -0.0129805 0.0271401 0.999547 -0.406342
-0.206451 -0.978183 0.0231284 13.5711 0.97841 -0.206153 0.0146633 72.7795 -0.00957542 0.0256563 0.999625 -0.382133
-0.205209 -0.978488 0.0212112 13.3954 0.978681 -0.204963 0.0132051 73.6054 -0.00857353 0.0234688 0.999688 -0.369241
-0.204435 -0.978645 0.0214599 13.2179 0.978838 -0.204175 0.0137195 74.4384 -0.00904491 0.0238105 0.999676 -0.376698
-0.20429 -0.97869 0.0207783 13.0408 0.978867 -0.204035 0.0137163 75.2715 -0.00918451 0.0231413 0.99969 -0.378022
-0.20356 -0.978851 0.0203501 12.873 0.979016 -0.203305 0.0139495 76.0944 -0.0095172 0.0227626 0.999696 -0.365337
-0.203367 -0.978875 0.021105 12.6971 0.97903 -0.203043 0.0165229 76.9281 -0.0118886 0.0240226 0.999641 -0.370453
-0.203259 -0.978858 0.0228498 12.5213 0.979018 -0.202837 0.0195013 77.7704 -0.0144542 0.0263342 0.999549 -0.395732
-0.203711 -0.978744 0.0236828 12.3417 0.978959 -0.203344 0.0170299 78.5979 -0.0118521 0.0266536 0.999574 -0.380751
-0.204446 -0.978659 0.020717 12.1713 0.978838 -0.204202 0.0133151 79.426 -0.00880047 0.0230008 0.999697 -0.386658
-0.205021 -0.978578 0.0187362 12.0088 0.978731 -0.204835 0.0113484 80.2461 -0.00726743 0.0206643 0.99976 -0.381085
-0.205626 -0.978446 0.0189911 11.832 0.97858 -0.205381 0.0141172 81.0789 -0.00991255 0.0214872 0.99972 -0.375254
-0.205783 -0.9784 0.0196575 11.6493 0.97849 -0.205421 0.0189682 81.9077 -0.0145204 0.023138 0.999627 -0.374151
-0.206448 -0.978244 0.0204392 11.4645 0.978309 -0.206007 0.0217308 82.7348 -0.0170474 0.0244821 0.999555 -0.404321
-0.207066 -0.978117 0.0202824 11.2892 0.978194 -0.206652 0.0207516 83.5586 -0.0161061 0.0241371 0.999579 -0.402882
-0.207667 -0.978007 0.0194026 11.1219 0.978086 -0.2073 0.0193664 84.38 -0.0149183 0.0229992 0.999624 -0.384284
-0.207684 -0.97801 0.0190756 10.9501 0.978077 -0.207316 0.0196302 85.2083 -0.0152438 0.0227343 0.999625 -0.395438
-0.207636 -0.978013 0.0194363 10.7599 0.978093 -0.207269 0.0193268 86.0499 -0.0148733 0.0230235 0.999624 -0.408052
-0.207416 -0.978082 0.0183052 10.5898 0.97815 -0.207086 0.0184089 86.8603 -0.0142146 0.0217235 0.999663 -0.417817
-0.206807 -0.978245 0.016326 10.4233 0.978279 -0.206515 0.0179481 87.6829 -0.0141861 0.0196832 0.999706 -0.419824
-0.206141 -0.978401 0.0154323 10.2401 0.978413 -0.205857 0.0181794 88.5112 -0.0146099 0.0188467 0.999716 -0.423674
-0.204865 -0.978697 0.0135451 10.0639 0.978677 -0.204612 0.0180213 89.3432 -0.0148658 0.0169482 0.999746 -0.429242
-0.203751 -0.978962 0.0109024 9.89234 0.978896 -0.203533 0.0183711 90.1769 -0.0157656 0.0144155 0.999772 -0.436407
-0.202324 -0.979278 0.00890504 9.72673 0.97915 -0.202111 0.0204133 90.9933 -0.0181905 0.0128495 0.999752 -0.431061
-0.201043 -0.979543 0.00876212 9.55907 0.979345 -0.20079 0.0237879 91.8287 -0.0215419 0.0133635 0.999679 -0.441519
-0.19984 -0.979787 0.00905208 9.38 0.979518 -0.199536 0.0270051 92.6556 -0.024653 0.0142634 0.999594 -0.463634
-0.198137 -0.980129 0.00942282 9.21571 0.979782 -0.197776 0.0302071 93.4905 -0.0277433 0.0152174 0.999499 -0.469042
-0.196868 -0.98034 0.0132895 9.05157 0.979843 -0.196263 0.0372492 94.329 -0.0339086 0.0203548 0.999218 -0.497324
-0.19595 -0.980396 0.0206479 8.8724 0.97981 -0.194894 0.0445986 95.1676 -0.0397002 0.0289701 0.998792 -0.534677
-0.195443 -0.980306 0.0283192 8.69589 0.979974 -0.194091 0.0444973 95.9948 -0.0381245 0.0364488 0.998608 -0.558529
-0.195001 -0.980358 0.0295301 8.54888 0.980363 -0.193924 0.0357951 96.8211 -0.0293654 0.0359303 0.998923 -0.56733
-0.194313 -0.980695 0.0218944 8.41476 0.980708 -0.193735 0.0260401 97.6516 -0.0212957 0.0265319 0.999421 -0.565978
-0.193549 -0.98096 0.0160008 8.26934 0.980848 -0.193113 0.0253735 98.4801 -0.0218005 0.0206053 0.99955 -0.588694
-0.194059 -0.98071 0.0234323 8.07486 0.980629 -0.193284 0.0317477 99.3198 -0.0266062 0.0291393 0.999221 -0.613522
-0.195444 -0.980186 0.0321937 7.87671 0.980317 -0.194325 0.0348694 100.152 -0.0279225 0.038375 0.998873 -0.630242
-0.196692 -0.979984 0.0307131 7.72449 0.980124 -0.195701 0.0325402 100.975 -0.0258783 0.0365031 0.998998 -0.626343
-0.19761 -0.979973 0.0245668 7.5764 0.980009 -0.196903 0.0285024 101.79 -0.0230943 0.029708 0.999292 -0.634709
-0.198313 -0.97992 0.0207004 7.40644 0.97987 -0.19772 0.02758 102.62 -0.0229333 0.0257532 0.999405 -0.648607
-0.199273 -0.979686 0.0224973 7.21942 0.979633 -0.198579 0.0297606 103.437 -0.0246885 0.0279696 0.999304 -0.673069
-0.199941 -0.979475 0.0255586 7.04334 0.979475 -0.199125 0.0312825 104.259 -0.0255511 0.0312886 0.999184 -0.686499
-0.200512 -0.979384 0.0245358 6.88561 0.979344 -0.199711 0.0316411 105.082 -0.0260887 0.0303734 0.999198 -0.706079
-0.200999 -0.97932 0.0230698 6.7116 0.979239 -0.200239 0.0315425 105.889 -0.0262707 0.0289309 0.999236 -0.729531
-0.201085 -0.979341 0.021341 6.54593 0.979245 -0.200406 0.0302633 106.712 -0.0253612 0.0269835 0.999314 -0.726546
-0.201008 -0.979417 0.018395 6.38752 0.979288 -0.200445 0.0285734 107.515 -0.0242981 0.0237575 0.999422 -0.738742
-0.201031 -0.979456 0.0158895 6.22468 0.979275 -0.200532 0.0284288 108.331 -0.0246584 0.0212752 0.99947 -0.744177
-0.201275 -0.979366 0.0181547 6.04639 0.979162 -0.200653 0.0312956 109.156 -0.0270071 0.0240754 0.999345 -0.765052
-0.201245 -0.979272 0.0229441 5.86703 0.979127 -0.200424 0.0337846 109.969 -0.0284858 0.0292641 0.999166 -0.78056
-0.201416 -0.979171 0.0256012 5.69039 0.979137 -0.200554 0.0326846 110.776 -0.0268694 0.0316503 0.999138 -0.798543
-0.201332 -0.979329 0.0194889 5.54325 0.979189 -0.200704 0.03013 111.582 -0.0255957 0.0251495 0.999356 -0.812004
-0.201098 -0.979428 0.016734 5.39133 0.979226 -0.200545 0.0299734 112.388 -0.0260009 0.0224139 0.999411 -0.826816
-0.2009 -0.979424 0.0191956 5.20834 0.979183 -0.200194 0.0335209 113.2 -0.0289883 0.0255304 0.999254 -0.840161
-0.200931 -0.979345 0.0225739 5.04248 0.979098 -0.200032 0.0367974 114.002 -0.0315219 0.0294958 0.999068 -0.858062
-0.201205 -0.979209 0.0258216 4.87217 0.979051 -0.200192 0.0371806 114.808 -0.0312383 0.0327616 0.998975 -0.878617
-0.201423 -0.979206 0.0241887 4.7136 0.979043 -0.200509 0.0356419 115.605 -0.0300506 0.0308609 0.999072 -0.89007
-0.201625 -0.979238 0.0209955 4.54765 0.979082 -0.200903 0.032177 116.398 -0.0272908 0.0270441 0.999262 -0.907843
-0.202038 -0.979228 0.0171068 4.38399 0.979072 -0.201508 0.0285003 117.2 -0.0244612 0.0225069 0.999447 -0.918287
-0.202952 -0.979079 0.0146805 4.21559 0.978886 -0.202494 0.0279001 117.986 -0.0243437 0.0200329 0.999503 -0.938951
-0.203242 -0.979029 0.0139747 4.05089 0.97874 -0.202739 0.0310566 118.795 -0.0275721 0.0199896 0.99942 -0.953403
-0.203791 -0.978879 0.0162559 3.86831 0.978501 -0.203119 0.0357567 119.59 -0.0316996 0.0231933 0.999228 -0.971606
-0.204519 -0.978694 0.0181467 3.69393 0.978299 -0.203737 0.037718 120.393 -0.0332172 0.0254669 0.999124 -0.994399
-0.205298 -0.978532 0.0181032 3.53331 0.978191 -0.20456 0.036014 121.188 -0.0315377 0.025102 0.999187 -1.01038
-0.207227 -0.978147 0.0168682 3.35852 0.977838 -0.206574 0.0340528 121.975 -0.0298241 0.0235511 0.999278 -1.01987
-0.209456 -0.977685 0.0161135 3.19053 0.977393 -0.208851 0.0329204 122.754 -0.0288205 0.0226446 0.999328 -1.03886
-0.21275 -0.976962 0.0168022 3.02693 0.976692 -0.212127 0.0327871 123.545 -0.0284675 0.0233861 0.999321 -1.04899
-0.216053 -0.976219 0.0178204 2.85672 0.975983 -0.215407 0.0325097 124.333 -0.0278979 0.0244163 0.999313 -1.06886
-0.219161 -0.975533 0.0174566 2.67079 0.975296 -0.21853 0.0322818 125.11 -0.0276772 0.0241002 0.999326 -1.07403
-0.222238 -0.97483 0.0177784 2.49285 0.97458 -0.221577 0.0331405 125.907 -0.0283671 0.0246916 0.999293 -1.10378
-0.225466 -0.97408 0.0182812 2.2985 0.973824 -0.224772 0.0338301 126.699 -0.0288441 0.0254302 0.99926 -1.12731
-0.228882 -0.973296 0.0175237 2.11346 0.973043 -0.228225 0.0331741 127.476 -0.0282889 0.0246443 0.999296 -1.13733
-0.231852 -0.97257 0.018781 1.93538 0.972365 -0.231173 0.0326438 128.251 -0.0274067 0.0258305 0.999291 -1.15471
-0.234979 -0.97185 0.0171205 1.74398 0.97165 -0.234385 0.0309828 129.035 -0.0260978 0.0239154 0.999373 -1.15863
-0.237529 -0.97127 0.0146463 1.55492 0.97101 -0.236995 0.0311774 129.813 -0.0268106 0.0216272 0.999407 -1.18758
-0.238933 -0.970944 0.0133668 1.37149 0.970624 -0.238409 0.0324043 130.584 -0.028276 0.0207166 0.999385 -1.19076
-0.240141 -0.970624 0.0148582 1.15633 0.970298 -0.239544 0.0337676 131.359 -0.0292165 0.0225259 0.999319 -1.20579
-0.240418 -0.970551 0.0151403 0.975208 0.970216 -0.2398 0.0343072 132.128 -0.0296663 0.0229374 0.999297 -1.22109
-0.240924 -0.970423 0.015337 0.776056 0.970093 -0.240301 0.0342811 132.896 -0.0295817 0.0231374 0.999295 -1.24479
-0.240569 -0.970533 0.0138457 0.593423 0.970223 -0.240028 0.0324712 133.658 -0.0281911 0.021245 0.999377 -1.25665
-0.23929 -0.970877 0.0117347 0.400857 0.970571 -0.238843 0.0307648 134.424 -0.0270661 0.018751 0.999458 -1.28584
-0.237607 -0.971304 0.0105637 0.2174 0.970998 -0.237207 0.0299216 135.191 -0.0265572 0.0173669 0.999496 -1.28726
-0.235673 -0.971776 0.0104516 0.0340906 0.971429 -0.235252 0.0313377 135.971 -0.0279944 0.0175385 0.999454 -1.31675
-0.233243 -0.972344 0.0120149 -0.147929 0.971977 -0.232747 0.0329971 136.735 -0.0292881 0.0193745 0.999383 -1.32414
-0.230716 -0.972932 0.0131592 -0.349875 0.972579 -0.230182 0.0332645 137.497 -0.0293351 0.0204731 0.99936 -1.34356
-0.227192 -0.973776 0.0120323 -0.521244 0.973438 -0.226719 0.0318824 138.259 -0.0283184 0.0189561 0.999419 -1.3522
-0.222909 -0.974755 0.0127846 -0.692692 0.974467 -0.222442 0.0305406 139.021 -0.0269258 0.0192659 0.999452 -1.37529
-0.2169 -0.976122 0.011807 -0.855083 0.97583 -0.216473 0.0299066 139.787 -0.0266366 0.0180084 0.999483 -1.39286
-0.209987 -0.977633 0.0117704 -1.01676 0.977329 -0.209558 0.0302252 140.561 -0.0270825 0.0178505 0.999474 -1.39942
-0.203113 -0.979075 0.0125603 -1.18972 0.978757 -0.202648 0.0311144 141.317 -0.027918 0.0186132 0.999437 -1.41019
-0.195281 -0.980657 0.0133017 -1.3467 0.980347 -0.194796 0.0312212 142.076 -0.0280262 0.0191372 0.999424 -1.4431
-0.18629 -0.982419 0.0122091 -1.48426 0.982128 -0.185867 0.0296294 142.838 -0.0268392 0.0175105 0.999486 -1.44205
-0.177215 -0.984109 0.0111826 -1.62036 0.983828 -0.176842 0.0284338 143.605 -0.0260044 0.0160407 0.999533 -1.45333
-0.167224 -0.985856 0.011154 -1.75385 0.985566 -0.166851 0.0286348 144.371 -0.0263687 0.0157815 0.999528 -1.47276
-0.156338 -0.98765 0.0103242 -1.86132 0.987305 -0.155969 0.0300254 145.126 -0.0280443 0.0148873 0.999496 -1.49984
-0.14449 -0.989455 0.0101008 -1.97806 0.989071 -0.144116 0.0311474 145.892 -0.0293633 0.0144909 0.999464 -1.51334
-0.131834 -0.991214 0.0107256 -2.07529 0.990811 -0.131435 0.0319025 146.663 -0.0302125 0.0148329 0.999433 -1.52632
-0.119074 -0.992807 0.0124513 -2.15749 0.992411 -0.11862 0.0324086 147.429 -0.0306985 0.0162158 0.999397 -1.53935
-0.106125 -0.994249 0.014355 -2.24266 0.993864 -0.105609 0.0328879 148.193 -0.0311828 0.0177572 0.999356 -1.55265
-0.0917336 -0.995635 0.0171813 -2.31413 0.995282 -0.091126 0.0333199 148.963 -0.0316088 0.0201568 0.999297 -1.57608
-0.0751882 -0.997002 0.0182443 -2.35711 0.996665 -0.0745556 0.0331793 149.714 -0.0317197 0.0206781 0.999283 -1.59014
-0.0565243 -0.99826 0.0168121 -2.41152 0.997986 -0.0560073 0.0297749 150.479 -0.0287815 0.0184613 0.999415 -1.60273
-0.0355664 -0.99924 0.0159695 -2.43647 0.999051 -0.0351489 0.0257043 151.237 -0.0251234 0.0168686 0.999542 -1.62266
-0.0124135 -0.99984 0.0128728 -2.44656 0.999719 -0.0121499 0.0203577 151.985 -0.0201981 0.0131219 0.99971 -1.63697
0.0121997 -0.999865 0.01099 -2.44092 0.999802 0.0123705 0.0156055 152.739 -0.0157393 0.0107975 0.999818 -1.6318
0.038981 -0.999214 0.00714154 -2.4117 0.999166 0.0390639 0.0118534 153.504 -0.012123 0.00667353 0.999904 -1.64737
0.0674488 -0.99772 0.00215616 -2.36684 0.997677 0.0674662 0.00942924 154.26 -0.00955322 0.00151516 0.999953 -1.63282
0.0970926 -0.995274 -0.00132706 -2.28452 0.995245 0.0970792 0.00792337 155.023 -0.0077571 -0.00209005 0.999968 -1.64235
0.127925 -0.991784 -0.000352729 -2.18329 0.991743 0.127917 0.00914002 155.792 -0.0090198 -0.00151905 0.999958 -1.64698
0.160116 -0.987096 0.00186493 -2.05267 0.987034 0.160127 0.0110868 156.56 -0.0112424 6.55753e-05 0.999937 -1.65986
0.193136 -0.981171 0.00159602 -1.88634 0.981082 0.19314 0.0132248 157.318 -0.013284 -0.000988354 0.999911 -1.67052
0.226485 -0.974013 0.00179542 -1.69809 0.97393 0.22649 0.0127334 158.081 -0.0128092 -0.00113532 0.999917 -1.68356
0.259415 -0.965764 0.00201761 -1.48441 0.965725 0.259423 0.0086248 158.827 -0.00885293 -0.000288946 0.999961 -1.6812
0.292448 -0.956274 0.00382668 -1.24833 0.956256 0.292467 0.00612025 159.558 -0.00697181 0.00186943 0.999974 -1.66842
0.32505 -0.945674 0.00650919 -0.988289 0.945675 0.325082 0.00458638 160.302 -0.00645324 0.00466477 0.999968 -1.68224
0.356986 -0.934098 0.00474551 -0.69032 0.934097 0.357003 0.0033382 161.052 -0.00481236 0.00324108 0.999983 -1.68199
0.38636 -0.922339 0.00395084 -0.362266 0.922345 0.386367 0.000982354 161.785 -0.00243254 0.00326449 0.999992 -1.67765
0.413078 -0.910675 0.00609764 -0.0180244 0.910695 0.413078 -0.0012328 162.516 -0.00139612 0.00606233 0.999981 -1.7033
0.435615 -0.900106 0.00695516 0.340292 0.900133 0.435592 -0.00462311 163.231 0.00113169 0.00827446 0.999965 -1.67834
0.453767 -0.891095 0.00670824 0.707475 0.891119 0.453741 -0.00506954 163.944 0.00147364 0.00827823 0.999965 -1.68572
0.468093 -0.883659 0.00591039 1.08714 0.883677 0.468069 -0.00512732 164.653 0.00176434 0.00762295 0.999969 -1.67848
0.478824 -0.877904 0.00343313 1.47188 0.877901 0.478796 -0.00666619 165.363 0.0042085 0.00620588 0.999972 -1.64996
0.487094 -0.873349 0.000992648 1.85846 0.873333 0.487077 -0.00669098 166.072 0.00536006 0.00412605 0.999977 -1.6428
0.493089 -0.869979 0.000105611 2.26011 0.869963 0.493079 -0.00616703 166.804 0.00531311 0.00313278 0.999981 -1.6419
0.4963 -0.868151 0.00057325 2.68004 0.868134 0.496286 -0.00657536 167.529 0.00542391 0.00376101 0.999978 -1.63491
0.497688 -0.867355 0.00152651 3.09366 0.867343 0.497669 -0.00646647 168.234 0.00484903 0.00454229 0.999978 -1.63709
0.496681 -0.867932 0.00149296 3.51157 0.867918 0.496661 -0.00683628 168.975 0.00519192 0.00469122 0.999976 -1.61972
0.493705 -0.869629 -0.000758227 3.91364 0.8696 0.493695 -0.00775695 169.697 0.00712001 0.00317029 0.99997 -1.60095
0.489066 -0.872239 -0.00364635 4.32279 0.872184 0.489077 -0.0099078 170.438 0.0104253 0.00166528 0.999944 -1.59019
0.483884 -0.875093 -0.008267 4.72716 0.875024 0.483951 -0.0111363 171.188 0.0137461 -0.00184514 0.999904 -1.56975
0.478935 -0.877763 -0.0123601 5.12912 0.877737 0.479052 -0.00931495 171.942 0.0140975 -0.00638768 0.99988 -1.56022
0.473853 -0.880505 -0.0132169 5.51904 0.880516 0.473964 -0.00697002 172.694 0.0124015 -0.00833497 0.999888 -1.55358
0.468892 -0.883146 -0.0139233 5.92625 0.883194 0.468987 -0.00442156 173.46 0.0104347 -0.0102237 0.999893 -1.53687
0.463601 -0.885944 -0.0133388 6.32649 0.885996 0.46368 -0.00350592 174.248 0.00929097 -0.0101927 0.999905 -1.52988
0.458419 -0.888638 -0.0132053 6.71627 0.88869 0.458496 -0.00342796 175.025 0.0091008 -0.010164 0.999907 -1.5251
0.453296 -0.891234 -0.0150194 7.10603 0.891309 0.453386 -0.00308064 175.792 0.00955516 -0.0119905 0.999882 -1.52012
0.448168 -0.893777 -0.01755 7.49468 0.893884 0.448286 -0.00328394 176.592 0.0108025 -0.0142159 0.999841 -1.50124
0.443156 -0.89619 -0.021358 7.88872 0.896384 0.443277 -0.00105128 177.389 0.0104096 -0.0186791 0.999771 -1.48345
0.438447 -0.898512 -0.0210111 8.28529 0.898719 0.438524 0.00103424 178.198 0.00828459 -0.0193365 0.999779 -1.47539
0.434529 -0.900466 -0.0185645 8.66712 0.900649 0.434524 0.00450782 179.009 0.00400757 -0.0186788 0.999818 -1.45575
0.431155 -0.902127 -0.0165029 9.03951 0.902276 0.431121 0.00574664 179.817 0.00193056 -0.0173679 0.999847 -1.46345
0.427641 -0.903721 -0.0202845 9.40703 0.90394 0.427629 0.00513442 180.651 0.00403417 -0.0205317 0.999781 -1.44542
0.425253 -0.904784 -0.0229338 9.82156 0.905048 0.425299 0.00309673 181.469 0.00695184 -0.0220731 0.999732 -1.42443
0.423053 -0.905772 -0.0245735 10.2061 0.906079 0.42309 0.00392427 182.314 0.00684233 -0.0239257 0.99969 -1.40324
0.421451 -0.906619 -0.020512 10.5806 0.906842 0.421438 0.00518131 183.138 0.00394706 -0.0207848 0.999776 -1.41986
0.418995 -0.907806 -0.0182167 10.9558 0.907983 0.418977 0.00499047 183.992 0.00310202 -0.0186315 0.999822 -1.40711
0.417124 -0.908687 -0.0172087 11.3446 0.908845 0.417109 0.00460414 184.829 0.00299417 -0.0175605 0.999841 -1.42679
0.415314 -0.909491 -0.0184505 11.7305 0.909671 0.415304 0.00453556 185.692 0.00353751 -0.0186676 0.999819 -1.41301
0.413089 -0.91046 -0.0204795 12.117 0.910684 0.413065 0.0055578 186.549 0.00339922 -0.0209462 0.999775 -1.41211
0.411243 -0.911311 -0.0197758 12.5096 0.911512 0.41126 0.00341565 187.408 0.00502028 -0.0194306 0.999799 -1.40056
0.409829 -0.911922 -0.0209313 12.8898 0.912131 0.409896 0.0011544 188.274 0.00752695 -0.0195652 0.99978 -1.37757
0.408798 -0.912351 -0.0223617 13.278 0.912589 0.408877 0.0011664 189.149 0.00807902 -0.0208839 0.999749 -1.36047
0.407992 -0.912745 -0.0209561 13.6796 0.912957 0.408053 0.00144462 190.021 0.00723265 -0.0197214 0.999779 -1.36809
0.406601 -0.913394 -0.0196988 14.0796 0.913582 0.406652 0.00150543 190.915 0.0066355 -0.0186086 0.999805 -1.35624
0.405285 -0.913964 -0.0203726 14.4396 0.914162 0.405347 0.00112619 191.798 0.00722868 -0.0190803 0.999792 -1.3425
0.404583 -0.914225 -0.0224888 14.8312 0.914464 0.404666 0.000914262 192.683 0.00826461 -0.0209351 0.999747 -1.31209
0.404192 -0.91434 -0.0247016 15.2225 0.914638 0.404268 0.00207991 193.566 0.00808432 -0.0234337 0.999693 -1.28664
0.40381 -0.914463 -0.026347 15.6143 0.91481 0.403873 0.00312342 194.462 0.0077846 -0.0253638 0.999648 -1.2861
0.403568 -0.914686 -0.0219908 16.003 0.914925 0.403616 0.00236847 195.37 0.00670946 -0.0210758 0.999755 -1.27731
0.403562 -0.91472 -0.0206093 16.385 0.914927 0.403615 0.00168732 196.277 0.00677482 -0.019537 0.999786 -1.26001
0.403554 -0.914645 -0.0238718 16.7992 0.914928 0.403609 0.00267145 197.175 0.00719146 -0.0229191 0.999711 -1.24823
0.40307 -0.914818 -0.0253312 17.1906 0.915137 0.403133 0.00279307 198.075 0.00765668 -0.0243073 0.999675 -1.2347
0.402779 -0.914953 -0.025092 17.5941 0.915267 0.402839 0.0028675 198.988 0.0074844 -0.0241208 0.999681 -1.22032
0.402348 -0.915157 -0.0245681 17.9786 0.915463 0.402385 0.00363432 199.888 0.00655986 -0.0239535 0.999692 -1.21353
0.401801 -0.915398 -0.0245536 18.3806 0.915708 0.401822 0.00429489 200.807 0.00593463 -0.0242096 0.999689 -1.19335
0.401829 -0.915481 -0.0206888 18.7806 0.9157 0.401848 0.00340783 201.715 0.00519395 -0.0203141 0.99978 -1.17731
0.402136 -0.915412 -0.0175382 19.16 0.915568 0.402154 0.00260468 202.634 0.00466871 -0.0171049 0.999843 -1.18251
0.402657 -0.915088 -0.0219287 19.5724 0.915327 0.402703 0.00247205 203.534 0.00656859 -0.0210673 0.999756 -1.15868
0.403064 -0.914895 -0.0224969 19.9702 0.915134 0.403148 0.000889608 204.434 0.00825567 -0.0209462 0.999747 -1.1531
0.404546 -0.91416 -0.0255814 20.3916 0.914489 0.404598 0.00335735 205.347 0.00728102 -0.0247521 0.999667 -1.14648
0.406134 -0.913512 -0.0234875 20.7854 0.9138 0.406134 0.0049556 206.275 0.00501208 -0.0234755 0.999712 -1.13994
0.407104 -0.913144 -0.0208228 21.1833 0.913378 0.407065 0.00628282 207.183 0.00273909 -0.0215768 0.999763 -1.12098
0.407988 -0.912791 -0.0189091 21.5783 0.912985 0.407946 0.00619858 208.104 0.00205588 -0.0197926 0.999802 -1.11495
0.409361 -0.912153 -0.0200206 21.9828 0.912367 0.409337 0.00546352 208.996 0.0032116 -0.0205027 0.999785 -1.10372
0.410674 -0.91148 -0.0234779 22.3915 0.911769 0.410673 0.00508803 209.898 0.00500411 -0.023496 0.999711 -1.08857
0.411494 -0.911045 -0.0258979 22.7903 0.911397 0.411488 0.00579985 210.799 0.00537276 -0.0259899 0.999648 -1.07795
0.412446 -0.910544 -0.0282512 23.2041 0.910967 0.412421 0.00695426 211.714 0.00531924 -0.0286042 0.999577 -1.06645
0.412572 -0.910556 -0.0259484 23.6057 0.910913 0.412547 0.00656059 212.62 0.00473113 -0.0263434 0.999642 -1.04908
0.411955 -0.91091 -0.0231619 24.0049 0.911193 0.411944 0.0054725 213.528 0.00455644 -0.0233594 0.999717 -1.04654
0.410534 -0.911538 -0.0236564 24.408 0.911832 0.410528 0.00536072 214.413 0.00482513 -0.0237715 0.999706 -1.03913
0.408472 -0.912382 -0.0266511 24.8161 0.912751 0.408479 0.00541316 215.306 0.00594754 -0.0265369 0.99963 -1.03064
0.406073 -0.913456 -0.0265111 25.2082 0.91382 0.406086 0.00514218 216.214 0.00606862 -0.0263145 0.999635 -1.01139
0.40362 -0.914573 -0.0254325 25.6064 0.914917 0.403591 0.00648146 217.119 0.00433656 -0.0258847 0.999656 -1.00126
0.400944 -0.915796 -0.0237011 25.9894 0.916096 0.400903 0.00665487 218.026 0.00340734 -0.0243807 0.999697 -0.999888
0.397894 -0.917108 -0.0243573 26.3714 0.917421 0.397876 0.0057715 218.926 0.00439809 -0.0246423 0.999687 -0.980711
0.394988 -0.918313 -0.0261774 26.7565 0.918673 0.394974 0.00594397 219.817 0.00488095 -0.0263963 0.99964 -0.971122
0.392214 -0.919538 -0.0248621 27.1354 0.919868 0.392167 0.00694188 220.722 0.00336679 -0.0255926 0.999667 -0.978013
0.389239 -0.920842 -0.0233277 27.5132 0.921135 0.389167 0.00773516 221.628 0.0019555 -0.0244988 0.999698 -0.950592
0.386549 -0.921997 -0.0223732 27.8888 0.922268 0.386465 0.00815387 222.536 0.0011286 -0.0237859 0.999716 -0.942904
0.383754 -0.92316 -0.0225527 28.2684 0.923435 0.383656 0.00870088 223.433 0.000620185 -0.024165 0.999708 -0.93324
0.380884 -0.924332 -0.023204 28.6266 0.924622 0.380789 0.00856852 224.333 0.00091565 -0.0247185 0.999694 -0.927012
0.378656 -0.925191 -0.0253296 28.9832 0.925535 0.37858 0.00791218 225.235 0.00226903 -0.0264394 0.999648 -0.924468
0.377576 -0.925571 -0.0274612 29.3536 0.925973 0.377506 0.00790246 226.13 0.00305246 -0.0284121 0.999592 -0.918845
0.376396 -0.926077 -0.0266125 29.7175 0.926457 0.3763 0.00870605 227.035 0.00195181 -0.0279322 0.999608 -0.918891
0.374931 -0.926663 -0.0268849 30.0727 0.927052 0.37479 0.0103183 227.947 0.000514598 -0.0287923 0.999585 -0.890987
0.373639 -0.927211 -0.0259676 30.4336 0.927574 0.373492 0.0104839 228.845 -2.20505e-05 -0.0280041 0.999608 -0.889422
0.372012 -0.927844 -0.0266883 30.79 0.928228 0.37187 0.0102665 229.747 0.000398842 -0.0285921 0.999591 -0.879302
0.371079 -0.928185 -0.0277975 31.1418 0.928601 0.370908 0.0112573 230.646 -0.000138504 -0.0299902 0.99955 -0.866808
