1 0 0 0 0 1 0 0 0 0 1 0
1 -9.57334e-05 7.05975e-05 -0.00107362 9.57337e-05 1 -4.45928e-06 0.000958066 -7.0597e-05 4.46603e-06 1 0.00103846
1 -8.92309e-05 7.88143e-06 0.00140243 8.92309e-05 1 -3.8699e-06 -0.00685098 -7.88109e-06 3.87061e-06 1 0.000259614
1 -8.33129e-05 5.02361e-05 0.00883446 8.33117e-05 1 2.49362e-05 -0.0109364 -5.02382e-05 -2.4932e-05 1 0.00130354
1 -7.23962e-05 0.000137091 0.0123472 7.23983e-05 1 -1.48169e-05 -0.0125004 -0.00013709 1.48268e-05 1 0.000491072
1 -0.000152684 0.000243075 -0.00275547 0.000152691 1 -2.79196e-05 -0.00756307 -0.000243071 2.79567e-05 1 0.00154574
1 -0.000126715 0.000200658 -0.0274776 0.000126716 1 -4.2962e-06 -0.00377297 -0.000200657 4.32163e-06 1 0.0022424
1 -8.08113e-05 0.000148703 -0.0502829 8.08087e-05 1 1.76133e-05 0.00226606 -0.000148705 -1.76013e-05 1 0.00202177
1 0.000164181 0.000169358 -0.081413 -0.000164189 1 5.11671e-05 0.000477187 -0.00016935 -5.11949e-05 1 0.00186407
1 0.000639198 0.000191114 -0.115148 -0.000639201 1 1.76395e-05 0.00447301 -0.000191103 -1.77617e-05 1 0.00181727
0.999999 0.00168527 0.000179809 -0.162906 -0.00168528 0.999999 3.64128e-05 0.00245748 -0.000179748 -3.67157e-05 1 0.00234456
0.999996 0.00290225 0.000203122 -0.226488 -0.00290226 0.999996 2.38717e-05 0.0042737 -0.000203051 -2.44611e-05 1 0.00119293
0.999988 0.0049668 0.000168346 -0.286019 -0.00496681 0.999988 4.58825e-05 -0.00185854 -0.000168116 -4.6718e-05 1 0.00173388
0.999972 0.00742936 0.000137949 -0.333997 -0.00742937 0.999972 2.77095e-05 -0.00361384 -0.000137739 -2.87336e-05 1 0.000570173
0.999949 0.0101252 0.000115452 -0.400646 -0.0101252 0.999949 1.90046e-05 -0.00481666 -0.000115253 -2.01726e-05 1 -0.000272757
0.999916 0.0129254 -0.000100906 -0.447225 -0.0129254 0.999916 3.08635e-05 -0.0126687 0.000101297 -2.95567e-05 1 -0.00110191
0.999869 0.0162115 -0.000135703 -0.491412 -0.0162115 0.999869 -3.82121e-05 -0.031256 0.000135065 4.0407e-05 1 -0.00519327
0.999814 0.0193043 -0.000208036 -0.535747 -0.0193044 0.999814 -9.71945e-05 -0.0337503 0.000206121 0.000101192 1 -0.0046596
0.999749 0.0224022 -0.000250871 -0.599277 -0.0224023 0.999749 -0.00017558 -0.0339503 0.000246875 0.000181156 1 -0.00917161
0.99966 0.0260707 -0.000189522 -0.634696 -0.0260707 0.99966 -0.000259002 -0.0486152 0.000182705 0.000263855 1 -0.014049
0.999538 0.0304014 -0.000183189 -0.68532 -0.0304015 0.999538 -0.000209835 -0.0450638 0.000176725 0.000215307 1 -0.0102021
0.999354 0.035951 -0.000141653 -0.737349 -0.035951 0.999354 -0.000168918 -0.0368206 0.000135489 0.000173901 1 -0.00930513
0.999083 0.0428249 -0.000193758 -0.777725 -0.042825 0.999083 -0.000200121 -0.0438277 0.00018501 0.000208235 1 -0.0133687
0.998707 0.050838 -5.21681e-05 -0.841434 -0.050838 0.998707 -0.000322242 -0.0568035 3.57185e-05 0.000324477 1 -0.0170301
0.998216 0.05971 -4.43718e-05 -0.900807 -0.05971 0.998216 -0.000499811 -0.0766497 1.44489e-05 0.000501569 1 -0.0199971
0.997557 0.0698507 -0.000171831 -0.973155 -0.0698507 0.997557 -0.00049748 -0.0798765 0.000136662 0.000508268 1 -0.0226963
0.9967 0.0811748 -0.000391719 -1.04565 -0.081175 0.9967 -0.000717203 -0.094035 0.000332207 0.000746634 1 -0.0351464
0.995594 0.0937683 -0.000862476 -1.11696 -0.0937691 0.995594 -0.000927079 -0.105204 0.000771745 0.00100387 0.999999 -0.048119
0.994222 0.107333 -0.00145308 -1.19881 -0.107335 0.994221 -0.00179952 -0.101839 0.00125154 0.00194509 0.999997 -0.0621861
0.992546 0.121764 -0.00502688 -1.27759 -0.121792 0.992539 -0.00571531 -0.0927159 0.00429345 0.00628495 0.999971 -0.0443665
0.990463 0.137539 -0.00806839 -1.35085 -0.137621 0.990427 -0.0107479 -0.0880688 0.0065129 0.0117558 0.99991 -0.0131185
0.988013 0.15413 -0.00866577 -1.44456 -0.154225 0.987968 -0.0115648 -0.108991 0.00677902 0.0127626 0.999896 -0.0243657
0.985176 0.171273 -0.00969423 -1.55183 -0.171379 0.985139 -0.0114036 -0.117479 0.00759702 0.012896 0.999888 -0.0485821
0.981826 0.189397 -0.0121394 -1.63802 -0.189561 0.981766 -0.0142146 -0.118353 0.00922581 0.0162574 0.999825 -0.0228142
0.978108 0.207708 -0.0127349 -1.71995 -0.20788 0.978052 -0.0141582 -0.105392 0.00951464 0.0164956 0.999819 -0.00174276
0.974243 0.225161 -0.0124077 -1.8078 -0.225319 0.974196 -0.0132066 -0.116362 0.00911395 0.0156621 0.999836 -0.0153337
0.970159 0.24229 -0.00930991 -1.89365 -0.242373 0.97014 -0.00914327 -0.108369 0.00681659 0.0111269 0.999915 -0.0256835
0.965699 0.259607 -0.00542149 -1.98617 -0.259631 0.965699 -0.00422665 -0.10243 0.00413825 0.00548926 0.999976 -0.0493421
0.961008 0.276516 -0.00126414 -2.07206 -0.276517 0.961009 -0.000281146 -0.103576 0.00113711 0.000619739 0.999999 -0.071682
0.955977 0.293442 -0.00010057 -2.15789 -0.293442 0.955977 0.000199316 -0.0817018 0.000154631 -0.00016103 1 -0.0549449
0.950434 0.310926 0.000234495 -2.24847 -0.310925 0.950434 -0.000332253 -0.0612313 -0.000326178 0.000242874 1 -0.0289705
0.944338 0.328977 0.000176399 -2.3335 -0.328977 0.944338 -0.000556175 -0.0572435 -0.000349549 0.000467186 1 -0.0267323
0.937754 0.347301 0.000165202 -2.42958 -0.347301 0.937753 -0.00054057 -0.0400696 -0.00034266 0.000449546 1 -0.0274172
0.930719 0.365736 0.000347108 -2.51726 -0.365735 0.930719 -0.000445623 -0.0200131 -0.00048604 0.0002878 1 -0.0252193
0.92331 0.384056 0.000672095 -2.61687 -0.384056 0.92331 -0.00045971 -0.000771973 -0.000797106 0.000166333 1 -0.028348
0.915235 0.402919 0.00119662 -2.71273 -0.402918 0.915236 -0.000566815 0.020057 -0.00132357 3.66284e-05 0.999999 -0.0271552
0.906675 0.421826 0.00158309 -2.81685 -0.421825 0.906677 -0.000871284 0.0485959 -0.00180288 0.000122186 0.999998 -0.0340203
0.897583 0.44084 0.00204444 -2.91437 -0.440836 0.897585 -0.00195137 0.0531751 -0.0026953 0.000850253 0.999996 -0.0464991
0.887902 0.460026 0.00239966 -3.01496 -0.459999 0.887888 -0.00740287 0.0812214 -0.00553615 0.00546918 0.99997 -0.0470067
0.878067 0.47853 0.00278576 -3.11864 -0.47848 0.878037 -0.0103476 0.112635 -0.00739765 0.00775298 0.999943 -0.0304481
0.867759 0.496975 0.00314694 -3.23879 -0.496916 0.867726 -0.0112582 0.135559 -0.00832571 0.0082056 0.999932 -0.0378582
0.85768 0.514172 0.00348079 -3.33951 -0.514125 0.857665 -0.00930529 0.184568 -0.00776987 0.0061914 0.999951 -0.027214
0.84731 0.531082 0.00418083 -3.41681 -0.531076 0.847321 -0.00249239 0.237168 -0.00486617 -0.000108511 0.999988 -0.00797136
0.83593 0.548806 0.00577091 -3.53165 -0.548834 0.83591 0.00590931 0.301702 -0.0015809 -0.00810704 0.999966 -0.0240854
0.823978 0.566566 0.00797831 -3.62267 -0.566622 0.823891 0.0119689 0.319367 0.000207896 -0.0143828 0.999897 -0.0517785
0.811493 0.584302 0.00833579 -3.70734 -0.584362 0.811408 0.0117305 0.370541 9.04291e-05 -0.0143903 0.999896 -0.0567805
0.798669 0.601712 0.00838153 -3.79873 -0.60177 0.798604 0.0102289 0.42597 -0.000538663 -0.0132133 0.999913 -0.034557
0.785215 0.619163 0.00863682 -3.89413 -0.619223 0.785148 0.010289 0.468501 -0.000410616 -0.0134272 0.99991 -0.0127845
0.771803 0.63577 0.0108392 -3.97773 -0.635862 0.771668 0.014424 0.508545 0.000806106 -0.0180247 0.999837 -0.0388733
0.75812 0.652003 0.0120516 -4.08236 -0.652113 0.757952 0.0160075 0.559293 0.00130237 -0.0199946 0.999799 -0.0489635
0.744285 0.667743 0.0126022 -4.15476 -0.667861 0.744114 0.0159955 0.625702 0.0013034 -0.0203217 0.999793 -0.0288275
0.729953 0.683367 0.0133047 -4.23892 -0.683496 0.729776 0.0161519 0.666519 0.0013282 -0.0208839 0.999781 -0.0255063
0.716052 0.697873 0.0155828 -4.31584 -0.698044 0.715804 0.0189753 0.711302 0.00208817 -0.0244648 0.999699 -0.049054
0.701765 0.712211 0.0167625 -4.40803 -0.712403 0.701481 0.0201607 0.777874 0.00260012 -0.0260897 0.999656 -0.0571374
0.686946 0.726501 0.0173827 -4.4834 -0.726704 0.686655 0.0201631 0.832773 0.00271259 -0.0264831 0.999646 -0.0384855
0.672274 0.740019 0.0204583 -4.55739 -0.740297 0.671905 0.0224815 0.874785 0.00289071 -0.0302589 0.999538 -0.0432466
0.657598 0.753042 0.0221961 -4.6301 -0.753364 0.657208 0.0227855 0.941983 0.00257098 -0.0317054 0.999494 -0.0597134
0.642376 0.766 0.0244187 -4.69524 -0.766388 0.64199 0.0223058 0.998851 0.00140964 -0.0330429 0.999453 -0.0348313
0.627542 0.778073 0.0281738 -4.77034 -0.778582 0.627091 0.0237857 1.05356 0.00083949 -0.0368621 0.99932 -0.0531168
0.612969 0.789512 0.0306539 -4.82923 -0.790107 0.612497 0.0240529 1.10766 0.000214635 -0.0389635 0.999241 -0.0595179
0.599108 0.799959 0.033691 -4.90032 -0.800668 0.598612 0.0243836 1.17376 -0.000661973 -0.0415837 0.999135 -0.0691636
0.585871 0.809637 0.0352559 -4.94815 -0.810404 0.585349 0.0247304 1.2169 -0.000614305 -0.0430604 0.999072 -0.0730412
0.572815 0.818886 0.0361882 -5.00136 -0.819685 0.572288 0.0245674 1.26708 -0.000592173 -0.0437355 0.999043 -0.0661574
0.561524 0.826669 0.0361712 -5.04239 -0.82746 0.560993 0.0244202 1.30076 -0.000104389 -0.0436428 0.999047 -0.0658474
0.552021 0.833063 0.0357741 -5.09666 -0.83383 0.551484 0.0243371 1.35015 0.000545435 -0.0432641 0.999064 -0.0671174
0.544755 0.83785 0.035339 -5.12585 -0.838594 0.544207 0.024463 1.38151 0.00126465 -0.0429614 0.999076 -0.0608722
0.539107 0.84148 0.035708 -5.15453 -0.842236 0.538558 0.0243591 1.40871 0.0012669 -0.0432067 0.999065 -0.0604956
0.53574 0.843627 0.0357221 -5.16527 -0.844382 0.535194 0.0242022 1.41925 0.00129936 -0.0431291 0.999069 -0.059874
0.534477 0.844427 0.0357434 -5.17196 -0.845182 0.533923 0.0243745 1.42063 0.00149831 -0.0432373 0.999064 -0.0610404
0.534826 0.844172 0.0365301 -5.16652 -0.844962 0.534282 0.0241325 1.44379 0.000854636 -0.0437732 0.999041 -0.0444096
0.534113 0.844558 0.0380117 -5.17114 -0.845413 0.533581 0.023829 1.46475 -0.000157324 -0.044863 0.998993 -0.0445434
0.533721 0.844754 0.0391542 -5.17015 -0.845661 0.53314 0.0248869 1.4424 0.000148671 -0.0463938 0.998923 -0.0640108
0.533639 0.844777 0.0397704 -5.17167 -0.845712 0.533011 0.0258934 1.44624 0.000676069 -0.0474521 0.998873 -0.0764294
0.533265 0.845004 0.0399519 -5.17556 -0.845948 0.532642 0.025774 1.44863 0.000499051 -0.0475415 0.998869 -0.0679942
0.53315 0.845065 0.0401917 -5.17702 -0.84602 0.53251 0.0261397 1.44421 0.000687226 -0.0479394 0.99885 -0.063877
0.533061 0.845112 0.0403954 -5.17614 -0.846076 0.532404 0.0264697 1.45255 0.000863201 -0.0482875 0.998833 -0.0648652
0.532877 0.845199 0.0410065 -5.17646 -0.846193 0.532207 0.0267064 1.45724 0.000748289 -0.0489306 0.998802 -0.0616889
0.532669 0.845342 0.0407465 -5.16297 -0.846323 0.531989 0.0269299 1.44416 0.00108834 -0.0488294 0.998807 -0.0713825
0.532369 0.845516 0.0410664 -5.1736 -0.846512 0.53169 0.0269021 1.44795 0.000911607 -0.049085 0.998794 -0.0605914
0.53212 0.845668 0.0411563 -5.17138 -0.846668 0.531441 0.0268959 1.45246 0.000872808 -0.0491576 0.998791 -0.062366
0.531674 0.845934 0.0414522 -5.17337 -0.846949 0.530985 0.027073 1.45122 0.000891455 -0.0495019 0.998774 -0.0620593
0.531543 0.846016 0.0414586 -5.16374 -0.847031 0.530849 0.0271718 1.44751 0.00097958 -0.0495597 0.998771 -0.0626648
0.531192 0.846228 0.0416285 -5.16563 -0.847251 0.53049 0.027314 1.45329 0.00103035 -0.0497788 0.99876 -0.0608074
0.53094 0.84638 0.0417673 -5.16776 -0.847409 0.530234 0.0273858 1.45355 0.00103237 -0.0499342 0.998752 -0.0664572
0.530629 0.846566 0.041941 -5.16661 -0.847604 0.529937 0.0271114 1.45028 0.000725492 -0.0499355 0.998752 -0.0625131
0.530315 0.846767 0.0418543 -5.16353 -0.8478 0.529614 0.0272779 1.44427 0.000931351 -0.04995 0.998751 -0.060447
0.529952 0.846993 0.0418741 -5.16115 -0.848027 0.529246 0.0273526 1.44445 0.00100576 -0.0500059 0.998748 -0.0620842
0.529656 0.847186 0.0417164 -5.15473 -0.848211 0.528941 0.0275399 1.43893 0.00126587 -0.049971 0.99875 -0.0586517
0.52904 0.847575 0.0416201 -5.15067 -0.848596 0.528324 0.0275465 1.43714 0.00135886 -0.0498918 0.998754 -0.0606258
0.527719 0.848393 0.0417382 -5.14498 -0.849417 0.526982 0.0279366 1.40958 0.00170594 -0.0501958 0.998738 -0.0557892
0.526083 0.849414 0.041639 -5.13568 -0.850431 0.525332 0.0281735 1.39278 0.00205664 -0.0502327 0.998735 -0.0560012
0.523849 0.850795 0.0415869 -5.1221 -0.851807 0.523074 0.028599 1.37242 0.00257886 -0.0504056 0.998726 -0.0558895
0.520704 0.852734 0.0413766 -5.11015 -0.853731 0.519909 0.028949 1.34487 0.00317379 -0.0503983 0.998724 -0.0532154
0.516613 0.855237 0.0409976 -5.09116 -0.856211 0.515802 0.0291927 1.29795 0.00382008 -0.0501839 0.998733 -0.0533523
0.51147 0.858361 0.0401792 -5.07469 -0.859287 0.510636 0.0296022 1.25875 0.00489241 -0.0496662 0.998754 -0.0529964
0.505841 0.861723 0.0394731 -5.04961 -0.862606 0.504986 0.0299934 1.21003 0.00591262 -0.0492216 0.99877 -0.0507144
0.499505 0.865479 0.037974 -5.0384 -0.866278 0.498623 0.0306107 1.16272 0.00755818 -0.0481862 0.99881 -0.0624129
0.492203 0.869747 0.0357091 -5.00551 -0.870431 0.491324 0.0308425 1.10561 0.00928043 -0.046263 0.998886 -0.0532538
0.483853 0.874515 0.0332989 -4.97697 -0.875082 0.482995 0.0307742 1.04169 0.0108293 -0.0440295 0.998972 -0.0367181
0.474871 0.879477 0.0318942 -4.94995 -0.879966 0.473995 0.0314448 0.965967 0.0125373 -0.042998 0.998996 -0.036213
0.465879 0.88432 0.0305869 -4.92802 -0.884735 0.464987 0.0321213 0.896576 0.014183 -0.0420259 0.999016 -0.0382578
0.45605 0.88945 0.0299518 -4.89209 -0.889822 0.455146 0.0325403 0.809896 0.0153106 -0.0414918 0.999022 -0.033836
0.446779 0.894151 0.0297244 -4.85011 -0.894494 0.445848 0.0331584 0.715383 0.016396 -0.0414028 0.999008 -0.0302617
0.437641 0.898642 0.0302281 -4.82458 -0.898977 0.436651 0.0342947 0.61698 0.0176196 -0.0421831 0.998955 -0.0332318
0.428242 0.903137 0.0308507 -4.77728 -0.903452 0.427154 0.0362392 0.510434 0.019551 -0.0433913 0.998867 -0.0479412
0.418955 0.907452 0.0317515 -4.73753 -0.907755 0.417758 0.038208 0.394291 0.0214075 -0.04483 0.998765 -0.0512152
0.409676 0.911643 0.0327426 -4.67898 -0.911964 0.408425 0.0388598 0.268943 0.0220534 -0.0457801 0.998708 -0.0365355
0.401283 0.915349 0.0332939 -4.62778 -0.915666 0.399981 0.039622 0.136427 0.022951 -0.0463857 0.99866 -0.0271465
0.393022 0.918896 0.0341198 -4.56926 -0.919231 0.391679 0.0400228 0.00494893 0.0234128 -0.0470938 0.998616 -0.0311371
0.386078 0.921815 0.0346576 -4.51524 -0.922148 0.384685 0.0407541 -0.153716 0.0242355 -0.0476937 0.998568 -0.03757
0.380022 0.924359 0.0338111 -4.46331 -0.924668 0.378695 0.0397432 -0.300087 0.0239329 -0.0463673 0.998638 -0.0308669
0.376124 0.925985 0.0329119 -4.41519 -0.926295 0.374911 0.0376735 -0.456583 0.0225461 -0.044656 0.998748 -0.0281135
0.374054 0.926849 0.0321707 -4.35587 -0.927181 0.372972 0.0350233 -0.628198 0.0204625 -0.0429287 0.998869 -0.0232411
0.373703 0.927078 0.0295473 -4.29288 -0.927383 0.372846 0.0307615 -0.79024 0.0175017 -0.0388974 0.99909 -0.0101181
0.374546 0.926784 0.028047 -4.23758 -0.927081 0.373823 0.0278626 -0.94465 0.015338 -0.0364377 0.999218 0.0148831
0.377104 0.925784 0.0267852 -4.14649 -0.926054 0.376439 0.0267775 -1.11948 0.0147072 -0.0349025 0.999283 0.0164297
0.382465 0.923588 0.0265804 -4.09568 -0.92385 0.381793 0.0271117 -1.27393 0.0148918 -0.0349256 0.999279 0.0124095
0.389228 0.920756 0.026627 -4.01357 -0.92102 0.388546 0.027444 -1.44196 0.0149235 -0.035206 0.999269 0.0084533
0.398227 0.916898 0.0267142 -3.92436 -0.917169 0.397541 0.0275874 -1.60624 0.0146748 -0.0354875 0.999262 0.0170049
0.408801 0.912249 0.0261285 -3.84936 -0.9125 0.408108 0.0281191 -1.75676 0.0149884 -0.0353374 0.999263 0.0175529
0.420866 0.906752 0.0259483 -3.75186 -0.907 0.420166 0.0284972 -1.92915 0.0149373 -0.0355286 0.999257 0.0244197
0.432987 0.90104 0.0254759 -3.66298 -0.90127 0.432271 0.0292321 -2.08351 0.0153268 -0.0356178 0.999248 0.0238618
0.445342 0.895002 0.0253312 -3.56608 -0.895228 0.444611 0.0298134 -2.27198 0.0154205 -0.0359543 0.999234 0.0372183
0.457934 0.88863 0.0251746 -3.46266 -0.888857 0.4572 0.0300416 -2.44656 0.0151861 -0.0361337 0.999232 0.0413613
0.470749 0.881918 0.024831 -3.33579 -0.882143 0.470024 0.0300208 -2.6446 0.0148047 -0.0360367 0.999241 0.0385202
0.484081 0.874667 0.0249679 -3.22547 -0.874907 0.483356 0.0300759 -2.81836 0.014238 -0.0364037 0.999236 0.0476582
0.497522 0.867088 0.0250831 -3.09226 -0.86734 0.496788 0.0303867 -3.00738 0.013887 -0.0368736 0.999223 0.0515965
0.511083 0.859147 0.0256768 -2.96521 -0.859428 0.510331 0.0307677 -3.2015 0.0133303 -0.0377923 0.999197 0.0500386
0.524604 0.850957 0.025735 -2.82629 -0.851245 0.523835 0.0312997 -3.3947 0.0131539 -0.0383267 0.999179 0.0520657
0.538733 0.842078 0.0259012 -2.67934 -0.842383 0.53796 0.0314688 -3.6072 0.0125654 -0.038772 0.999169 0.0598381
0.552708 0.832968 0.026052 -2.52737 -0.833291 0.551938 0.031489 -3.81563 0.0118502 -0.0391131 0.999165 0.0653176
0.566533 0.823627 0.0260402 -2.36648 -0.823962 0.565764 0.0315869 -4.02068 0.0112832 -0.0393512 0.999162 0.0658938
0.580809 0.813615 0.0262863 -2.19742 -0.813977 0.580059 0.0312001 -4.22426 0.0101373 -0.0395177 0.999167 0.0669389
0.59515 0.803173 0.0266386 -2.02777 -0.803565 0.594419 0.0308108 -4.42975 0.00891192 -0.0397429 0.99917 0.070572
0.608898 0.792801 0.0266477 -1.84818 -0.79321 0.608189 0.0304057 -4.64998 0.00789884 -0.0396512 0.999182 0.0724275
0.6223 0.782315 0.0269502 -1.65748 -0.782752 0.621623 0.0297402 -4.87124 0.00651329 -0.0396027 0.999194 0.0894378
0.635795 0.771369 0.0274448 -1.45577 -0.77184 0.635138 0.029385 -5.07942 0.00523546 -0.0398658 0.999191 0.0881794
0.650269 0.759187 0.0280113 -1.25376 -0.759687 0.649571 0.0305334 -5.29483 0.00498524 -0.0411348 0.999141 0.0890718
0.664772 0.74651 0.0282969 -1.04511 -0.747038 0.664112 0.0298112 -5.49206 0.00346203 -0.0409565 0.999155 0.0853046
0.678846 0.733739 0.0282093 -0.814982 -0.734275 0.678187 0.0300361 -5.7031 0.00290748 -0.0411033 0.999151 0.0910978
0.69285 0.72051 0.0287102 -0.599044 -0.721079 0.692184 0.0304469 -5.92687 0.00206453 -0.0417974 0.999124 0.0916688
0.706798 0.706822 0.0289542 -0.377166 -0.707413 0.70611 0.0312429 -6.14367 0.0016383 -0.042565 0.999092 0.0913036
0.720755 0.692613 0.0282555 -0.13836 -0.693188 0.720075 0.0313415 -6.34201 0.00136149 -0.0421759 0.999109 0.0901987
0.734331 0.678235 0.0274796 0.115758 -0.678791 0.733676 0.0310156 -6.55146 0.000874717 -0.0414286 0.999141 0.0975765
0.748605 0.662469 0.0269484 0.360927 -0.663017 0.74796 0.0310625 -6.75123 0.000421625 -0.0411208 0.999154 0.0993957
0.762231 0.646768 0.0263554 0.625343 -0.647305 0.761586 0.0313649 -6.94033 0.000213965 -0.0409673 0.99916 0.107597
0.775487 0.630813 0.0263507 0.894476 -0.631363 0.774807 0.0324689 -7.14557 6.51132e-05 -0.041816 0.999125 0.104089
0.788903 0.613938 0.026692 1.15463 -0.614518 0.788183 0.0336941 -7.33157 -0.000352107 -0.0429841 0.999076 0.0994753
0.802064 0.596666 0.0261426 1.44595 -0.597238 0.801301 0.0349643 -7.52823 -8.61006e-05 -0.0436569 0.999047 0.105699
0.814935 0.578989 0.0255331 1.73387 -0.579552 0.814143 0.035933 -7.72135 1.72279e-05 -0.0440808 0.999028 0.0985126
0.82776 0.560537 0.0247472 2.03212 -0.561083 0.826943 0.036751 -7.90886 0.000135743 -0.0443062 0.999018 0.0969713
0.840245 0.541666 0.0242223 2.35775 -0.542207 0.839417 0.0372952 -8.08718 -0.000131044 -0.0444706 0.999011 0.111848
0.852322 0.522471 0.0238905 2.68441 -0.523017 0.8515 0.0374333 -8.23742 -0.000784949 -0.0444004 0.999014 0.10396
0.86418 0.502635 0.0234795 2.99401 -0.503182 0.863339 0.0381229 -8.42247 -0.00110887 -0.0447595 0.998997 0.11679
0.875608 0.482457 0.0233562 3.32658 -0.48302 0.874736 0.0390907 -8.58129 -0.00157091 -0.0455096 0.998963 0.11164
0.886792 0.461549 0.0239381 3.64988 -0.46216 0.885901 0.0398485 -8.73008 -0.00281471 -0.0464006 0.998919 0.108627
0.897353 0.440652 0.0241494 4.00481 -0.441295 0.896462 0.0401856 -8.87004 -0.00394116 -0.0467177 0.9989 0.101865
0.907447 0.419452 0.0244845 4.34661 -0.420133 0.906562 0.0404114 -9.02626 -0.00524615 -0.0469579 0.998883 0.111668
0.917242 0.397573 0.0245454 4.70575 -0.39828 0.916357 0.040785 -9.14681 -0.00627739 -0.0471857 0.998866 0.10305
0.926467 0.375552 0.0248877 5.06891 -0.376309 0.925522 0.0424263 -9.2755 -0.00710083 -0.048672 0.99879 0.104539
0.934997 0.353799 0.0246441 5.43384 -0.354574 0.934018 0.0434398 -9.40288 -0.00764905 -0.0493542 0.998752 0.0993903
0.942928 0.33209 0.0245687 5.80701 -0.332892 0.941917 0.0444328 -9.50974 -0.00838594 -0.0500756 0.99871 0.105304
0.949937 0.311481 0.0244774 6.17961 -0.312303 0.94893 0.0447167 -9.60776 -0.00929894 -0.0501224 0.9987 0.093126
0.956005 0.292376 0.0238877 6.56387 -0.293203 0.954928 0.0463 -9.72366 -0.00927403 -0.051267 0.998642 0.0960496
0.961243 0.27473 0.0231215 6.95949 -0.275552 0.960098 0.0477798 -9.81317 -0.00907235 -0.0522992 0.99859 0.0867251
0.965904 0.257969 0.0219429 7.36128 -0.258744 0.964793 0.0471798 -9.91166 -0.00899948 -0.0512488 0.998645 0.0775208
0.97006 0.241954 0.0210395 7.76474 -0.242695 0.968988 0.0464993 -10.0083 -0.00913632 -0.0502132 0.998697 0.0868664
0.974052 0.225442 0.0199466 8.18477 -0.226143 0.973001 0.0461396 -10.0951 -0.00900627 -0.0494531 0.998736 0.088667
0.977809 0.208634 0.0190331 8.58859 -0.209311 0.976746 0.0464247 -10.1645 -0.00890478 -0.0493784 0.99874 0.086242
0.981256 0.191817 0.0185202 9.00793 -0.192492 0.980174 0.0469696 -10.2421 -0.00914345 -0.0496541 0.998725 0.0778869
0.9845 0.174403 0.0185495 9.44025 -0.175098 0.983432 0.0469271 -10.2969 -0.0100579 -0.0494477 0.998726 0.0783651
0.987431 0.156898 0.0190696 9.86916 -0.157628 0.986424 0.0460493 -10.3661 -0.0115857 -0.0484764 0.998757 0.0752539
0.990071 0.139171 0.0197516 10.3111 -0.139934 0.989149 0.0447511 -10.4186 -0.0133092 -0.0470707 0.998803 0.0800335
0.992438 0.121163 0.019648 10.7549 -0.121936 0.991533 0.0446554 -10.4526 -0.0140711 -0.0467135 0.998809 0.0888588
0.994506 0.102816 0.0196609 11.2202 -0.103622 0.993567 0.0456942 -10.4815 -0.0148363 -0.0474805 0.998762 0.0725766
0.996255 0.0842356 0.0195085 11.6704 -0.0850515 0.99533 0.0456573 -10.5108 -0.0155714 -0.0471455 0.998767 0.0607307
0.997675 0.0656832 0.0181743 12.1234 -0.0664439 0.996774 0.0450177 -10.5292 -0.0151588 -0.0461206 0.998821 0.0603341
0.998816 0.0465922 0.0140081 12.6038 -0.0471511 0.997977 0.0426401 -10.5406 -0.011993 -0.0432501 0.998992 0.0568119
0.999564 0.0271143 0.0117208 13.0685 -0.0275928 0.998703 0.0428012 -10.5319 -0.0105451 -0.043106 0.999015 0.0589042
0.999907 0.00772471 0.0112288 13.5425 -0.00820414 0.999029 0.0432972 -10.5239 -0.0108834 -0.0433853 0.998999 0.0441235
0.999897 -0.0106021 0.00966425 14.0374 0.0101752 0.999015 0.0431963 -10.5167 -0.0101127 -0.0430935 0.99902 0.0286514
0.999559 -0.0287293 0.00751929 14.5311 0.0283805 0.998672 0.0429869 -10.498 -0.0087443 -0.0427545 0.999047 0.0387384
0.998943 -0.0455573 0.00605328 15.0225 0.0452634 0.998089 0.0420613 -10.4607 -0.00795792 -0.0417429 0.999097 0.0337614
0.998107 -0.061322 0.00474929 15.5428 0.0610774 0.997294 0.0409134 -10.4249 -0.00724533 -0.0405458 0.999151 0.0326821
0.996948 -0.07803 0.0024899 16.0644 0.0778764 0.996216 0.0385835 -10.3705 -0.00549115 -0.0382718 0.999252 0.0394581
0.99544 -0.095383 -0.000646275 16.5794 0.0953411 0.994752 0.0371209 -10.3089 -0.00289782 -0.0370133 0.999311 0.0375398
0.993637 -0.112547 -0.00426487 17.0923 0.112627 0.992955 0.0368279 -10.2506 8.99665e-05 -0.0370739 0.999313 0.0335219
0.991549 -0.129632 -0.00509262 17.624 0.129732 0.990869 0.0367201 -10.1686 0.000286026 -0.0370705 0.999313 0.0329246
0.989232 -0.146271 -0.00498462 18.1618 0.146355 0.98856 0.0364541 -10.0777 -0.000404572 -0.0367911 0.999323 0.0342713
0.986773 -0.162026 -0.00514592 18.6969 0.162106 0.98612 0.0359154 -9.98532 -0.000744742 -0.0362746 0.999342 0.0396254
0.98424 -0.176771 -0.00483505 19.2444 0.176829 0.983555 0.0367484 -9.87258 -0.00174052 -0.0370242 0.999313 0.0472814
0.981726 -0.190262 -0.00387335 19.8013 0.19027 0.980998 0.0379428 -9.75733 -0.0034193 -0.0379864 0.999272 0.039095
0.979061 -0.203561 -0.0018563 20.3644 0.203482 0.978335 0.038164 -9.63237 -0.00595262 -0.0377426 0.99927 0.0353695
0.976338 -0.216247 -0.000825168 20.9214 0.216123 0.97563 0.0378983 -9.49163 -0.00739034 -0.0371799 0.999281 0.0398376
0.973657 -0.228017 -0.000650335 21.486 0.227877 0.97295 0.0379517 -9.35191 -0.00802087 -0.0371001 0.999279 0.0411629
0.970968 -0.239206 -0.0012127 22.062 0.239074 0.970238 0.03849 -9.20412 -0.00803041 -0.0376625 0.999258 0.0366617
0.968333 -0.249653 -0.00226549 22.6491 0.249556 0.967612 0.0380741 -9.05647 -0.00731318 -0.0374337 0.999272 0.0356883
0.965964 -0.258664 -0.00264082 23.2348 0.258581 0.965276 0.0371155 -8.89351 -0.00705131 -0.0365351 0.999307 0.037039
0.963773 -0.266715 -0.00207181 23.8206 0.266617 0.963143 0.0356383 -8.71992 -0.00750984 -0.0348997 0.999363 0.0390787
0.961736 -0.273963 -0.00288554 24.4121 0.273899 0.961147 0.0342847 -8.53022 -0.00661933 -0.0337632 0.999408 0.0342911
0.959896 -0.280332 -0.00371257 25.0108 0.280294 0.959318 0.0338385 -8.35787 -0.0059245 -0.0335221 0.99942 0.0249441
0.958221 -0.285991 -0.00463447 25.6257 0.285992 0.957712 0.0315605 -8.19716 -0.00458754 -0.0315674 0.999491 0.0261571
0.956625 -0.291277 -0.00518654 26.2401 0.291308 0.95625 0.0269426 -8.00162 -0.00288812 -0.0272849 0.999624 0.0257805
0.955072 -0.296331 -0.00506738 26.86 0.296362 0.954736 0.0254843 -7.81025 -0.00271379 -0.0258411 0.999662 0.0526561
0.954042 -0.299638 -0.00457675 27.4656 0.299651 0.953681 0.0264802 -7.61804 -0.0035697 -0.0266347 0.999639 0.0338022
0.953228 -0.302232 -0.00350859 28.0924 0.302215 0.952862 0.0268327 -7.42236 -0.00476648 -0.026638 0.999634 0.0372286
0.952634 -0.304111 -0.00203488 28.7054 0.304065 0.952322 0.0250266 -7.22499 -0.00567302 -0.02446 0.999685 0.0392993
0.952392 -0.304874 -0.00116108 29.3245 0.304823 0.952147 0.0223314 -7.0177 -0.00570275 -0.0216222 0.99975 0.046132
0.952293 -0.305183 -0.0013923 29.9498 0.305149 0.952093 0.0200846 -6.81927 -0.00480389 -0.0195513 0.999797 0.0504297
0.952276 -0.305237 -0.000967012 30.5644 0.3052 0.952097 0.0190871 -6.62392 -0.00490542 -0.0184713 0.999817 0.0539427
0.952315 -0.305116 3.68842e-06 31.1995 0.305064 0.952151 0.0185492 -6.43314 -0.00566318 -0.0176636 0.999828 0.0480063
0.952619 -0.304166 0.000368085 31.8064 0.304116 0.952482 0.0170734 -6.23992 -0.00554375 -0.0161525 0.999854 0.0515391
0.953033 -0.302866 0.000453992 32.4214 0.302831 0.952944 0.0138231 -6.03427 -0.00461918 -0.0130364 0.999904 0.0508393
0.953643 -0.30094 0.00016995 33.0591 0.300919 0.953581 0.0114846 -5.84431 -0.00361824 -0.0109011 0.999934 0.0667803
0.954459 -0.298341 -0.000576639 33.6846 0.29833 0.954402 0.0107493 -5.64147 -0.0026566 -0.0104318 0.999942 0.0629348
0.955487 -0.295031 -0.00138817 34.32 0.295028 0.955421 0.0113698 -5.45211 -0.00202817 -0.0112733 0.999934 0.0680752
0.957063 -0.289877 -0.00136459 34.9574 0.289873 0.956994 0.0116444 -5.2662 -0.00206953 -0.01154 0.999931 0.0694561
0.959104 -0.283052 -0.000583133 35.6007 0.28304 0.959039 0.0115301 -5.08033 -0.00270436 -0.0112236 0.999933 0.0721732
0.961358 -0.2753 2.37329e-05 36.2561 0.275285 0.961305 0.0105328 -4.88054 -0.00292249 -0.0101192 0.999945 0.0726838
0.963971 -0.266008 -0.000537342 36.9066 0.265998 0.963914 0.0106989 -4.71095 -0.00232804 -0.0104564 0.999943 0.0840172
0.966833 -0.255402 -0.0017371 37.563 0.255405 0.966766 0.0115208 -4.53087 -0.00126308 -0.0115824 0.999932 0.082506
0.97017 -0.24239 -0.004102 38.2234 0.242423 0.970093 0.0123094 -4.35763 0.000995632 -0.0129367 0.999916 0.0937811
0.973836 -0.227184 -0.00554065 38.9076 0.227242 0.973728 0.014661 -4.1993 0.00206434 -0.0155365 0.999877 0.101963
0.977717 -0.209865 -0.00506248 39.5941 0.20992 0.977583 0.016283 -4.05494 0.00153176 -0.0169829 0.999855 0.0990811
0.981655 -0.190634 -0.00342861 40.2971 0.190665 0.981521 0.0162295 -3.93128 0.000271356 -0.0165855 0.999862 0.101066
0.985527 -0.169497 -0.00261179 40.9903 0.169517 0.985399 0.0159105 -3.8148 -0.000123132 -0.016123 0.99987 0.10383
0.989141 -0.146923 -0.00381708 41.7165 0.146967 0.988998 0.0168347 -3.71317 0.00130168 -0.0172129 0.999851 0.121334
0.992424 -0.122776 -0.00462338 42.446 0.122841 0.99226 0.0181723 -3.61986 0.00235647 -0.0186025 0.999824 0.121411
0.995307 -0.0967053 -0.0033897 43.1751 0.0967531 0.995119 0.0193917 -3.55964 0.00149787 -0.0196287 0.999806 0.138081
0.997526 -0.0703014 -0.000177002 43.9279 0.0702889 0.997295 0.0214943 -3.51766 -0.00133456 -0.0214536 0.999769 0.136029
0.999035 -0.0437903 0.00336431 44.6827 0.0437104 0.998824 0.0209628 -3.49457 -0.00427833 -0.0207955 0.999775 0.110489
0.999844 -0.0171088 0.00439847 45.446 0.0170186 0.999659 0.0197808 -3.48521 -0.0047354 -0.0197029 0.999795 0.128395
0.999943 0.00949451 0.00486054 46.2127 -0.00958428 0.999777 0.0187919 -3.50544 -0.00468104 -0.0188374 0.999812 0.134331
0.999342 0.0360427 0.00395945 46.9673 -0.0361143 0.999151 0.0198205 -3.54282 -0.0032417 -0.0199505 0.999796 0.12594
0.998141 0.0609347 0.000752169 47.7551 -0.0609369 0.997914 0.0213129 -3.59795 0.000548095 -0.0213191 0.999773 0.128004
0.996355 0.0852904 -0.00148917 48.5311 -0.0852464 0.996175 0.0191871 -3.67327 0.00311995 -0.0189902 0.999815 0.12015
0.994039 0.108929 -0.00447511 49.3216 -0.108847 0.993934 0.0157607 -3.76703 0.00616476 -0.0151796 0.999866 0.153937
0.99132 0.131291 -0.00695344 50.1185 -0.131165 0.991228 0.0162423 -3.88128 0.0090249 -0.0151892 0.999844 0.178621
0.988382 0.15159 -0.0110417 50.9253 -0.151396 0.988332 0.0166808 -4.00582 0.0134416 -0.0148153 0.9998 0.168881
0.985232 0.170737 -0.012881 51.7303 -0.170486 0.985185 0.0185909 -4.13724 0.0158643 -0.0161203 0.999744 0.216507
0.981732 0.190007 -0.00996368 52.5449 -0.189791 0.981632 0.0194404 -4.3003 0.0134745 -0.0171942 0.999761 0.229226
0.977984 0.208594 -0.00600488 53.3951 -0.208433 0.977822 0.0204886 -4.48264 0.0101455 -0.0187859 0.999772 0.214497
0.974064 0.226253 -0.00298414 54.2366 -0.226139 0.973857 0.021549 -4.68249 0.00778166 -0.0203153 0.999763 0.207259
0.970138 0.242532 -0.00320911 55.0922 -0.242402 0.969917 0.0224166 -4.90155 0.00854931 -0.0209693 0.999744 0.208153
0.966174 0.257861 -0.00389698 55.9531 -0.257705 0.965943 0.0232799 -5.13142 0.00976724 -0.0214882 0.999721 0.229174
0.962348 0.271766 -0.00536182 56.8374 -0.271565 0.962115 0.0242451 -5.37711 0.0117477 -0.0218762 0.999692 0.254432
0.958903 0.283673 -0.00583395 57.7213 -0.283442 0.958648 0.0255789 -5.63488 0.0128488 -0.0228741 0.999656 0.269033
0.955707 0.294236 -0.0069542 58.6125 -0.293966 0.955453 0.0263489 -5.91934 0.0143972 -0.0231375 0.999629 0.280778
0.952885 0.303267 -0.0063606 59.5233 -0.303005 0.952619 0.0265482 -6.18649 0.0141104 -0.0233701 0.999627 0.314098
0.950056 0.312016 -0.0063096 60.4316 -0.311749 0.949784 0.0268775 -6.48055 0.014379 -0.0235681 0.999619 0.307581
0.947365 0.320102 -0.00577565 61.363 -0.319816 0.94704 0.0288485 -6.80347 0.0147042 -0.0254829 0.999567 0.333292
0.944674 0.327954 -0.00605194 62.3018 -0.327653 0.944346 0.0292259 -7.12277 0.0152999 -0.025626 0.999555 0.327359
0.941945 0.33571 -0.00616021 63.2549 -0.335403 0.941622 0.0292106 -7.45938 0.0156069 -0.0254486 0.999554 0.374069
0.93916 0.343421 -0.00636844 64.2302 -0.343123 0.938868 0.0281737 -7.814 0.0156546 -0.0242744 0.999583 0.374764
0.936356 0.350983 -0.00688876 65.2074 -0.350663 0.936064 0.0286301 -8.18752 0.016497 -0.0243924 0.999566 0.387738
0.933459 0.35859 -0.00822156 66.1941 -0.358221 0.933172 0.0294435 -8.56025 0.0182303 -0.0245392 0.999533 0.40939
0.930632 0.365839 -0.00925989 67.2067 -0.365404 0.93032 0.0313661 -8.95737 0.0200896 -0.0258067 0.999465 0.442565
0.927581 0.373496 -0.00968925 68.2335 -0.372997 0.927219 0.0337282 -9.36349 0.0215814 -0.0276716 0.999384 0.465417
0.924445 0.381201 -0.00933742 69.269 -0.380662 0.924017 0.0359052 -9.78398 0.022315 -0.029638 0.999312 0.500096
0.921346 0.388658 -0.0081582 70.3262 -0.388099 0.920823 0.0382769 -10.2119 0.0223889 -0.0321001 0.999234 0.508037
0.917953 0.396603 -0.00820901 71.3892 -0.396 0.917383 0.0398982 -10.6768 0.0233546 -0.0333739 0.99917 0.540489
0.914572 0.404372 -0.00650923 72.4502 -0.403792 0.913923 0.0411947 -11.1366 0.0226069 -0.0350471 0.99913 0.576959
0.911154 0.412052 -0.00328526 73.5697 -0.411546 0.910378 0.0429221 -11.6298 0.020677 -0.0377566 0.999073 0.596334
0.907599 0.419837 1.70487e-05 74.6833 -0.419467 0.906797 0.0420375 -12.1294 0.0176335 -0.0381604 0.999116 0.597166
0.903979 0.427573 0.00174166 75.7994 -0.427255 0.903134 0.0424563 -12.6516 0.0165802 -0.0391237 0.999097 0.617481
0.90014 0.435598 0.0016952 76.9339 -0.435222 0.899186 0.0452398 -13.1847 0.0181821 -0.0414599 0.998975 0.664998
0.896269 0.443449 0.00740216 78.0777 -0.44332 0.895272 0.0442253 -13.7423 0.0129847 -0.0429193 0.998994 0.696876
0.891766 0.452037 0.0203856 79.24 -0.452493 0.891037 0.0361061 -14.3314 -0.00184307 -0.0414225 0.99914 0.689293
0.886466 0.461942 0.0280735 80.4059 -0.462639 0.886106 0.0279419 -14.9438 -0.0119685 -0.0377574 0.999215 0.64601
0.880927 0.472593 0.0249801 81.5777 -0.473156 0.880588 0.0262328 -15.5444 -0.00959969 -0.0349287 0.999344 0.630991
0.8757 0.482389 0.0212196 82.7638 -0.482837 0.875202 0.0298352 -16.1863 -0.00417925 -0.0363723 0.99933 0.662153
0.870429 0.491896 0.0197668 83.9613 -0.49229 0.869865 0.0313841 -16.8689 -0.00175671 -0.0370486 0.999312 0.644021
0.864882 0.50169 0.0169075 85.1482 -0.501972 0.864282 0.0322652 -17.5555 0.00157431 -0.0363927 0.999336 0.643608
0.859003 0.511705 0.0164823 86.3571 -0.511957 0.858301 0.0349317 -18.2603 0.00372792 -0.0384447 0.999254 0.661735
0.852497 0.522395 0.0187712 87.5834 -0.522717 0.851652 0.0381456 -18.9927 0.00394052 -0.0423311 0.999096 0.659436
0.845403 0.533677 0.0219606 88.8227 -0.534113 0.844359 0.0421915 -19.7462 0.00397402 -0.0473983 0.998868 0.674869
0.837755 0.54538 0.0269766 90.059 -0.546038 0.836446 0.04691 -20.5277 0.00301928 -0.0540294 0.998535 0.662004
0.830268 0.556377 0.0331629 91.3182 -0.557364 0.828847 0.0485677 -21.3478 -0.000465028 -0.058808 0.998269 0.673298
0.822728 0.566987 0.0405457 92.5827 -0.568433 0.820822 0.0559853 -22.1557 -0.00153785 -0.0691082 0.997608 0.641305
0.814501 0.578431 0.0447925 93.8513 -0.580156 0.81169 0.0676701 -23.0366 0.00278489 -0.0811039 0.996702 0.653119
0.805993 0.589774 0.0504134 95.11 -0.59192 0.802747 0.0723004 -23.9304 0.00217166 -0.0881144 0.996108 0.649345
0.79743 0.601008 0.0538044 96.3842 -0.603411 0.794341 0.0701275 -24.8636 -0.000591869 -0.088388 0.996086 0.622155
0.78913 0.612036 0.0518288 97.662 -0.614226 0.786238 0.0675025 -25.8219 0.000564144 -0.0851029 0.996372 0.629816
0.781794 0.621455 0.0509193 98.9354 -0.623533 0.778888 0.0673812 -26.8199 0.002214 -0.0844281 0.996427 0.648134
0.776066 0.628618 0.0505987 100.213 -0.630643 0.773154 0.0672398 -27.8376 0.00314756 -0.0840923 0.996453 0.64918
0.771609 0.634121 0.0500993 101.51 -0.636086 0.768754 0.0664203 -28.8843 0.00360443 -0.083118 0.996533 0.659899
0.767319 0.639266 0.0505982 102.795 -0.641259 0.764554 0.0651492 -29.9576 0.00296261 -0.0824368 0.996592 0.663904
0.763334 0.644059 0.0500862 104.112 -0.645996 0.760646 0.0640803 -31.045 0.00317362 -0.0812702 0.996687 0.65338
0.759406 0.648725 0.0495869 105.426 -0.650603 0.756674 0.0645001 -32.144 0.00432176 -0.0812431 0.996685 0.672325
0.755902 0.65275 0.0502924 106.753 -0.654668 0.753108 0.0650949 -33.2944 0.00461509 -0.0821303 0.996611 0.689147
0.75283 0.656238 0.0509727 108.085 -0.658203 0.750092 0.0642737 -34.4523 0.0039447 -0.0819376 0.99663 0.68616
0.750187 0.659237 0.0512453 109.426 -0.661214 0.747466 0.0639601 -35.607 0.00386069 -0.0818662 0.996636 0.685677
0.747893 0.661842 0.0511933 110.791 -0.663807 0.745198 0.0635535 -36.803 0.00391327 -0.0815137 0.996665 0.693034
0.746031 0.663988 0.0505645 112.163 -0.665899 0.743408 0.0626338 -38.0087 0.00399806 -0.0803976 0.996755 0.697307
0.744919 0.665321 0.0494329 113.548 -0.66714 0.742357 0.0618797 -39.2374 0.00447307 -0.079074 0.996859 0.705248
0.744414 0.665886 0.0494335 114.928 -0.667705 0.741877 0.0615538 -40.4717 0.00431425 -0.0788285 0.996879 0.730517
0.744294 0.666033 0.0492576 116.339 -0.667842 0.741843 0.0604629 -41.7242 0.00372886 -0.0778984 0.996954 0.731133
0.744295 0.666051 0.0490005 117.767 -0.667842 0.741888 0.0599106 -42.992 0.00355071 -0.0773157 0.997 0.733476
0.744249 0.666069 0.0494517 119.209 -0.66789 0.741758 0.0609648 -44.2807 0.00392555 -0.0784014 0.996914 0.742393
0.744271 0.665981 0.0503004 120.655 -0.667868 0.741753 0.0612748 -45.5637 0.0034974 -0.0791991 0.996853 0.738622
0.744142 0.666146 0.05002 122.118 -0.668014 0.741684 0.0605141 -46.8779 0.00321224 -0.0784451 0.996913 0.751898
0.744317 0.665988 0.0495296 123.584 -0.667819 0.741889 0.0601621 -48.1699 0.00332179 -0.0778565 0.996959 0.761718
0.74466 0.665542 0.0503547 125.079 -0.667437 0.742183 0.0607652 -49.481 0.00306946 -0.078858 0.996881 0.771658
0.744634 0.665551 0.0506095 126.567 -0.667467 0.742172 0.0605657 -50.8273 0.00274861 -0.0788795 0.99688 0.766902
0.744885 0.665251 0.0508673 128.087 -0.667189 0.742437 0.0603838 -52.1763 0.00240463 -0.078917 0.996878 0.773385
0.745523 0.664567 0.0504644 129.615 -0.666474 0.743067 0.0605277 -53.5244 0.0027263 -0.0787581 0.99689 0.789341
0.746851 0.663073 0.050472 131.142 -0.664987 0.744444 0.0599607 -54.8929 0.00218479 -0.078345 0.996924 0.790928
0.748808 0.660868 0.0503951 132.691 -0.662786 0.746519 0.0585098 -56.2615 0.00104637 -0.0772138 0.997014 0.806032
0.751404 0.657968 0.0497008 134.279 -0.659843 0.749313 0.0560118 -57.6231 -0.000387535 -0.0748822 0.997192 0.804482
0.753722 0.655292 0.0499484 135.852 -0.657192 0.751685 0.0553886 -59.0073 -0.00124978 -0.0745733 0.997215 0.812316
0.756335 0.652259 0.0501523 137.46 -0.654183 0.754264 0.0559502 -60.382 -0.00133403 -0.0751259 0.997173 0.806101
0.758809 0.649354 0.0504915 139.061 -0.651311 0.756728 0.056177 -61.7557 -0.00172958 -0.0755133 0.997143 0.80423
0.761245 0.646557 0.049712 140.702 -0.648462 0.75922 0.055516 -63.1554 -0.00184811 -0.0744976 0.997219 0.797214
0.763693 0.643762 0.0484084 142.356 -0.645577 0.761755 0.0544091 -64.5515 -0.00184885 -0.0728032 0.997345 0.804256
0.766231 0.640782 0.0478382 144.035 -0.642562 0.764342 0.0538076 -65.957 -0.00208585 -0.0719681 0.997405 0.812555
0.768391 0.638269 0.046779 145.72 -0.639977 0.766584 0.0527165 -67.3624 -0.00221273 -0.0704443 0.997513 0.809514
0.770755 0.635468 0.0460031 147.41 -0.637127 0.768996 0.0520967 -68.7531 -0.00227047 -0.0694636 0.997582 0.809509
0.772833 0.632951 0.0458583 149.132 -0.634604 0.771113 0.0515942 -70.1742 -0.00270535 -0.0689756 0.997615 0.807169
0.774859 0.630539 0.04487 150.867 -0.632127 0.773218 0.050487 -71.5839 -0.00286022 -0.0674839 0.997716 0.808771
0.776713 0.628281 0.0444928 152.606 -0.629846 0.775121 0.0498083 -72.9984 -0.00319367 -0.0667104 0.997767 0.812398
0.778621 0.625927 0.0443255 154.381 -0.627482 0.777099 0.0488128 -74.4146 -0.00389205 -0.0658201 0.997824 0.807253
0.780305 0.623843 0.0440899 156.15 -0.625386 0.778798 0.0486477 -75.8357 -0.0039886 -0.0655333 0.997842 0.803398
0.78192 0.621841 0.0437465 157.956 -0.623366 0.780411 0.0487143 -77.2767 -0.00384768 -0.0653608 0.997854 0.790312
0.783461 0.619875 0.0440773 159.75 -0.621427 0.781935 0.0490544 -78.7034 -0.00405797 -0.065823 0.997823 0.801127
0.784942 0.617954 0.0447106 161.595 -0.619546 0.78349 0.0480268 -80.1619 -0.00535192 -0.0653985 0.997845 0.791668
0.786515 0.615942 0.0448342 163.433 -0.617541 0.785118 0.0472443 -81.5914 -0.00610036 -0.0648453 0.997877 0.775153
0.78801 0.61402 0.0449352 165.29 -0.615634 0.786573 0.0479403 -83.0391 -0.00590851 -0.0654411 0.997839 0.769317
0.789268 0.612388 0.0451353 167.154 -0.614015 0.787862 0.0475322 -84.495 -0.00645226 -0.0652294 0.997849 0.773287
0.790777 0.61045 0.0449752 169.028 -0.61206 0.789473 0.0459973 -85.935 -0.00742765 -0.0639011 0.997929 0.760787
0.791927 0.608979 0.0446838 170.909 -0.610559 0.790731 0.0442913 -87.3868 -0.0083604 -0.0623576 0.998019 0.759018
0.793057 0.607456 0.0453747 172.814 -0.609076 0.791902 0.0437849 -88.8409 -0.00933489 -0.0623606 0.99801 0.748141
0.794159 0.606016 0.0453466 174.728 -0.607642 0.792973 0.0443181 -90.2805 -0.00910115 -0.0627502 0.997988 0.732721
0.794827 0.605158 0.0451052 176.642 -0.606782 0.793554 0.0456922 -91.7495 -0.00814249 -0.0636864 0.997937 0.734345
0.795823 0.603903 0.0443532 178.563 -0.605482 0.794537 0.0458508 -93.2045 -0.00755086 -0.0633442 0.997963 0.724824
0.796949 0.602411 0.0444333 180.496 -0.603994 0.795697 0.0453622 -94.6551 -0.00802875 -0.0629888 0.997982 0.718065
0.797764 0.601337 0.0443334 182.442 -0.60291 0.796562 0.0445949 -96.1269 -0.00849771 -0.0623052 0.998021 0.704305
