1 0 0 0 0 1 0 0 0 0 1 0
1 -3.21571e-05 9.79688e-06 -0.000383724 3.21568e-05 1 3.70314e-05 -0.000118288 -9.79807e-06 -3.70311e-05 1 0.000530859
1 -3.96242e-05 2.24162e-05 -0.000136622 3.96221e-05 1 9.30064e-05 0.00141422 -2.24199e-05 -9.30055e-05 1 -0.00144826
1 2.82051e-05 3.22106e-05 -0.00194641 -2.82061e-05 1 3.09567e-05 -0.000832536 -3.22097e-05 -3.09576e-05 1 0.00118606
1 1.31358e-05 3.65809e-05 -0.00100169 -1.31342e-05 1 -4.33297e-05 -0.00300851 -3.65815e-05 4.33292e-05 1 -5.45947e-05
1 3.70388e-06 2.97791e-05 -0.000183153 -3.70443e-06 1 1.83671e-05 -0.00225451 -2.97791e-05 -1.83672e-05 1 0.000503334
1 3.45913e-06 1.43012e-05 -0.00225943 -3.46005e-06 1 6.3834e-05 -0.00169736 -1.4301e-05 -6.3834e-05 1 0.000302734
1 1.5621e-05 3.3561e-05 0.000734004 -1.56216e-05 1 1.90917e-05 -0.000355367 -3.35607e-05 -1.90922e-05 1 -0.00181849
1 5.96323e-05 2.86886e-05 -0.00223649 -5.96337e-05 1 4.87473e-05 -0.000551153 -2.86857e-05 -4.8749e-05 1 -0.000582635
1 6.59611e-05 5.15e-05 -0.00128127 -6.59611e-05 1 -1.10293e-06 -0.0015751 -5.15001e-05 1.09954e-06 1 -0.000618431
1 1.08593e-05 3.66762e-05 -0.00634014 -1.08602e-05 1 2.33351e-05 0.000142853 -3.66759e-05 -2.33355e-05 1 -0.00122167
1 -4.0382e-05 1.4442e-05 -0.00751617 4.03814e-05 1 4.64965e-05 -0.00160849 -1.44438e-05 -4.64959e-05 1 6.7652e-06
1 3.79864e-05 1.56555e-05 -0.00440866 -3.79868e-05 1 2.99744e-05 0.000656553 -1.56544e-05 -2.9975e-05 1 -0.000670082
1 1.56078e-05 -6.92313e-05 -0.0125973 -1.56081e-05 1 -4.45712e-06 -0.00146068 6.92312e-05 4.4582e-06 1 -0.00127861
1 7.95371e-05 -0.000351809 -0.00562946 -7.94933e-05 1 0.000124619 0.00371896 0.000351819 -0.000124591 1 -0.00211681
1 0.000109711 -0.000854677 0.0234612 -0.000109492 1 0.000256054 -0.000268855 0.000854705 -0.00025596 1 -0.00675957
0.999999 0.0001848 -0.00123323 0.0403166 -0.000184279 1 0.000422201 -0.00383422 0.00123331 -0.000421973 0.999999 -0.00878188
0.999999 0.000288976 -0.00123936 0.0817718 -0.000288591 1 0.000310473 -0.00264392 0.00123945 -0.000310115 0.999999 -0.0110069
0.999999 0.000365048 -0.00129152 0.146267 -0.000364858 1 0.00014743 -0.00400057 0.00129157 -0.000146958 0.999999 -0.00887267
0.999999 0.000534801 -0.00144172 0.259223 -0.000534494 1 0.000213748 0.0020105 0.00144184 -0.000212977 0.999999 -0.0108603
0.999999 0.000587478 -0.0015477 0.359677 -0.000587273 1 0.000132346 0.00545566 0.00154777 -0.000131437 0.999999 -0.00734558
0.999998 0.000825799 -0.00154011 0.480197 -0.000826024 1 -0.000145699 0.00478186 0.00153999 0.000146971 0.999999 -0.0102085
0.999998 0.00103864 -0.00165405 0.62723 -0.00103849 0.999999 9.43203e-05 0.0012984 0.00165414 -9.26024e-05 0.999999 -0.00859645
0.999998 0.00116407 -0.00177991 0.772384 -0.00116431 0.999999 -0.000136535 0.00393139 0.00177975 0.000138607 0.999998 -0.011662
0.999997 0.00157829 -0.00205512 0.926223 -0.0015779 0.999999 0.000192522 0.0035044 0.00205542 -0.000189279 0.999998 -0.0108001
0.999996 0.00204426 -0.00208208 1.13193 -0.00204383 0.999998 0.000211417 -0.00419986 0.00208251 -0.000207161 0.999998 -0.00963711
0.999995 0.00250523 -0.00209394 1.33805 -0.0025051 0.999997 6.23257e-05 0.000198836 0.00209409 -5.70798e-05 0.999998 -0.00925286
0.999992 0.00306437 -0.00240585 1.56486 -0.00306469 0.999995 -0.000129792 -0.00536326 0.00240544 0.000137164 0.999997 -0.00386204
0.99999 0.00351735 -0.0027945 1.80076 -0.00351731 0.999994 1.87608e-05 0.000152425 0.00279455 -8.93148e-06 0.999996 -0.00350344
0.999987 0.00389132 -0.00333355 2.05785 -0.00388869 0.999992 0.000794446 -0.004247 0.00333662 -0.000781472 0.999994 -0.0196574
0.999986 0.00398379 -0.00345816 2.34641 -0.00398001 0.999991 0.00110015 -0.00838259 0.00346251 -0.00108637 0.999993 -0.0203262
0.999986 0.00404327 -0.00347183 2.63115 -0.00404055 0.999992 0.00078834 -0.007196 0.00347499 -0.000774301 0.999994 -0.011255
0.999986 0.00379488 -0.00365692 2.95136 -0.00379079 0.999992 0.00112347 -0.00445355 0.00366115 -0.00110959 0.999993 -0.00638166
0.999987 0.00361095 -0.00352991 3.26584 -0.00360875 0.999993 0.000630338 -0.00385068 0.00353216 -0.000617591 0.999994 -0.0074676
0.999986 0.00365059 -0.00373126 3.61037 -0.00364775 0.999993 0.000767781 -0.0105222 0.00373404 -0.000754159 0.999993 -0.000830084
0.999988 0.00315263 -0.00371661 3.97896 -0.00315059 0.999995 0.000554107 -0.00989278 0.00371834 -0.00054239 0.999993 0.000647089
0.999987 0.00284082 -0.00416821 4.35001 -0.00283861 0.999996 0.00053639 -0.00785588 0.00416972 -0.000524552 0.999991 0.00520381
0.999987 0.00289652 -0.00425505 4.74739 -0.00289446 0.999996 0.000490431 -0.00864478 0.00425646 -0.000478108 0.999991 -0.00118438
0.999986 0.00312716 -0.00427832 5.14819 -0.00312454 0.999995 0.000619252 -0.0103758 0.00428024 -0.000605875 0.999991 0.0124002
0.999985 0.00346252 -0.00432376 5.57203 -0.00345911 0.999994 0.000795329 -0.00443176 0.00432649 -0.00078036 0.99999 0.017665
0.999981 0.0041058 -0.00450587 6.011 -0.00410186 0.999991 0.000882752 -0.00457901 0.00450946 -0.000864253 0.999989 0.0151637
0.999978 0.00537947 -0.00390306 6.45538 -0.00537744 0.999985 0.000528733 -0.0084794 0.00390585 -0.000507733 0.999992 0.0216599
0.99997 0.00668189 -0.00384431 6.91894 -0.0066823 0.999978 -9.34838e-05 -0.0112815 0.00384359 0.00011917 0.999993 0.0239256
0.999962 0.00778676 -0.0039809 7.39914 -0.00778843 0.99997 -0.000405025 -0.0164887 0.00397762 0.000436015 0.999992 0.030706
0.999949 0.00917707 -0.00429902 7.86594 -0.0091784 0.999958 -0.000290576 -0.0157523 0.00429617 0.000330019 0.999991 0.0343699
0.999934 0.0105247 -0.00451668 8.35443 -0.0105251 0.999945 -7.23224e-05 -0.0167432 0.00451567 0.000119856 0.99999 0.0412478
0.999921 0.011708 -0.00458774 8.83636 -0.0117084 0.999931 -4.77412e-05 -0.0178393 0.00458686 0.000101452 0.999989 0.0519362
0.999898 0.0134545 -0.00486721 9.36845 -0.0134514 0.999909 0.000667651 -0.0265756 0.00487575 -0.000602112 0.999988 0.0677074
0.999868 0.0155722 -0.00455381 9.88903 -0.0155687 0.999878 0.000792997 -0.020034 0.0045656 -0.000721996 0.999989 0.0753486
0.999832 0.0176853 -0.00490715 10.4212 -0.0176788 0.999843 0.00136562 -0.0347679 0.00493053 -0.00127864 0.999987 0.0900951
0.999767 0.0210011 -0.00506146 10.9639 -0.020998 0.999779 0.000673461 -0.0538025 0.00507449 -0.000567023 0.999987 0.084119
0.999701 0.0239054 -0.00513098 11.5229 -0.0239036 0.999714 0.000413438 -0.065446 0.0051394 -0.000290666 0.999987 0.0986474
0.99962 0.0271212 -0.0049593 12.088 -0.027121 0.999632 0.00011408 -0.0839797 0.00496057 2.04647e-05 0.999988 0.100596
0.99953 0.030249 -0.00507627 12.6533 -0.0302471 0.999542 0.000465987 -0.101015 0.00508804 -0.000312225 0.999987 0.115608
0.999438 0.0330915 -0.00540919 13.2448 -0.0330892 0.999452 0.000506243 -0.116213 0.00542298 -0.000326972 0.999985 0.109359
0.999351 0.0355452 -0.00581678 13.8319 -0.0355467 0.999368 -0.00016085 -0.141518 0.00580739 0.000367514 0.999983 0.097641
0.999281 0.0373333 -0.00657912 14.4205 -0.0373406 0.999302 -0.000984883 -0.178285 0.00653776 0.00122984 0.999978 0.0949264
0.999218 0.0389505 -0.00681435 15.0211 -0.038965 0.999239 -0.00200053 -0.215903 0.00673124 0.00226449 0.999975 0.100288
0.999156 0.0405177 -0.00676588 15.6287 -0.0405329 0.999176 -0.00211987 -0.248859 0.00667441 0.00239232 0.999975 0.10785
0.999107 0.041624 -0.00728555 16.2449 -0.0416451 0.999129 -0.00276675 -0.25727 0.00716404 0.00306769 0.99997 0.123507
0.999041 0.0432353 -0.00694243 16.8624 -0.0432601 0.999058 -0.00346986 -0.288645 0.00678587 0.00376686 0.99997 0.129347
0.998974 0.0448095 -0.00663322 17.4915 -0.0448409 0.998983 -0.00466213 -0.321039 0.00641757 0.00495478 0.999967 0.133853
0.998912 0.0461262 -0.00688732 18.1205 -0.0461691 0.998914 -0.00620481 -0.347885 0.00659364 0.00651604 0.999957 0.139813
0.998809 0.0479868 -0.0088599 18.7644 -0.0480753 0.998793 -0.0100615 -0.378425 0.00836638 0.0104754 0.99991 0.164381
0.998673 0.0500609 -0.0120477 19.4035 -0.0501645 0.998705 -0.00845427 -0.401748 0.0116089 0.00904743 0.999892 0.212018
0.998508 0.0528345 -0.0137638 20.0479 -0.0529386 0.998571 -0.0073056 -0.427788 0.0133582 0.00802334 0.999879 0.193769
0.998326 0.0559796 -0.0145258 20.6984 -0.0560923 0.998398 -0.00746473 -0.473978 0.0140846 0.00826702 0.999867 0.181418
0.998118 0.0594603 -0.0150121 21.3609 -0.0595872 0.99819 -0.00815238 -0.516415 0.0145002 0.00903156 0.999854 0.206821
0.997868 0.0635543 -0.0148686 22.0288 -0.0636835 0.997935 -0.00838702 -0.560134 0.0143049 0.00931602 0.999854 0.244192
0.997604 0.067815 -0.0136593 22.6963 -0.0679103 0.997669 -0.00663669 -0.594213 0.0131774 0.00754839 0.999885 0.246465
0.997321 0.0719539 -0.0131455 23.3792 -0.0720429 0.997381 -0.00642974 -0.644059 0.0126484 0.00735956 0.999893 0.250696
0.996998 0.0763468 -0.0128995 24.0551 -0.0764437 0.997048 -0.00719185 -0.700426 0.0123123 0.00815634 0.999891 0.270335
0.996639 0.0809409 -0.0126162 24.7495 -0.081034 0.996686 -0.00704496 -0.757099 0.0120042 0.00804362 0.999896 0.295903
0.996212 0.0859026 -0.0134742 25.4408 -0.0859841 0.996281 -0.00559087 -0.808932 0.0129438 0.00672827 0.999894 0.302025
0.995845 0.0898653 -0.0147285 26.1375 -0.0899472 0.995934 -0.00499944 -0.870725 0.0142193 0.00630346 0.999879 0.301399
0.995464 0.0940192 -0.0145555 26.8371 -0.0941013 0.99555 -0.00506048 -0.939429 0.0140149 0.00640722 0.999881 0.311581
0.994975 0.0988436 -0.0159439 27.5534 -0.0989408 0.995079 -0.00542363 -1.01434 0.0153293 0.00697388 0.999858 0.330444
0.994488 0.103495 -0.0168272 28.2734 -0.103594 0.994607 -0.00511712 -1.08326 0.0162069 0.0068321 0.999845 0.35469
0.994012 0.107914 -0.0171439 29.0076 -0.10802 0.994134 -0.00540368 -1.16265 0.0164602 0.00722321 0.999838 0.368633
0.993511 0.112465 -0.0169627 29.732 -0.11257 0.993629 -0.0053741 -1.25655 0.0162502 0.00724872 0.999842 0.389747
0.99301 0.11694 -0.0160262 30.473 -0.117051 0.993107 -0.00614426 -1.3382 0.0151973 0.0079772 0.999853 0.402342
0.992456 0.121664 -0.0151421 31.2115 -0.121763 0.992542 -0.00579275 -1.42901 0.0143244 0.00759279 0.999869 0.416683
0.991935 0.125869 -0.014875 31.9638 -0.125969 0.992016 -0.00598564 -1.5274 0.0140029 0.00781115 0.999871 0.427285
0.991423 0.129871 -0.0146603 32.6959 -0.129973 0.991498 -0.00621145 -1.62533 0.013729 0.00806361 0.999873 0.448402
0.990903 0.133718 -0.0151925 33.4248 -0.133837 0.990978 -0.00709453 -1.72907 0.0141068 0.00906332 0.999859 0.458798
0.990491 0.136666 -0.0157889 34.1654 -0.136794 0.990572 -0.00734645 -1.83405 0.014636 0.00943642 0.999848 0.475945
0.990223 0.138601 -0.015779 34.895 -0.13873 0.990303 -0.00736875 -1.94083 0.0146047 0.00948573 0.999848 0.497584
0.990014 0.140055 -0.0159991 35.6177 -0.140189 0.990096 -0.00752516 -2.03681 0.0147867 0.00969291 0.999844 0.508192
0.989836 0.14126 -0.0164491 36.3402 -0.141395 0.989926 -0.00737891 -2.13286 0.015241 0.00962972 0.999837 0.527456
0.989609 0.142748 -0.0172226 37.0557 -0.142879 0.989718 -0.00664487 -2.23081 0.016097 0.00903658 0.99983 0.550483
0.989415 0.144117 -0.0169946 37.7819 -0.144246 0.98952 -0.00662853 -2.34062 0.0158612 0.00900976 0.999834 0.574095
0.989241 0.145424 -0.0159621 38.5106 -0.145544 0.98933 -0.00661553 -2.44646 0.0148297 0.00886754 0.999851 0.593156
0.989049 0.146919 -0.0140016 39.2234 -0.147013 0.989117 -0.00594666 -2.54477 0.0129756 0.00793996 0.999884 0.601927
0.988902 0.148115 -0.011585 39.9499 -0.148189 0.988942 -0.00584069 -2.6482 0.0105918 0.00749265 0.999916 0.611301
0.988704 0.149524 -0.0103248 40.6687 -0.14959 0.988731 -0.00589148 -2.76269 0.00932752 0.00736941 0.999929 0.63718
0.988503 0.150854 -0.010242 41.3976 -0.150923 0.988526 -0.00626196 -2.87112 0.00917981 0.00773571 0.999928 0.655245
0.988306 0.152091 -0.010907 42.1163 -0.15216 0.988339 -0.00577424 -2.97443 0.00990163 0.00736633 0.999924 0.668196
0.988102 0.153267 -0.012818 42.8387 -0.153335 0.988164 -0.0044808 -3.08849 0.0119796 0.00639293 0.999908 0.683808
0.987879 0.154444 -0.0155742 43.5583 -0.154516 0.987984 -0.00353902 -3.20014 0.0148405 0.00590259 0.999872 0.692703
0.987719 0.155428 -0.0158982 44.2856 -0.155464 0.987841 -0.00103808 -3.31294 0.0155435 0.00349692 0.999873 0.716674
0.987554 0.156578 -0.0148818 45.0154 -0.156631 0.987654 -0.00252274 -3.42385 0.014303 0.00482229 0.999886 0.71892
0.987432 0.157613 -0.0117101 45.7515 -0.157665 0.987486 -0.00364149 -3.55529 0.0109896 0.00544199 0.999925 0.739009
0.987317 0.158514 -0.00888191 46.4806 -0.158578 0.987322 -0.00701499 -3.66312 0.00765732 0.00833449 0.999936 0.751921
0.987197 0.159283 -0.00843564 47.2173 -0.159357 0.987181 -0.00891079 -3.77219 0.00690816 0.010141 0.999925 0.772451
0.987083 0.159908 -0.0098334 47.9399 -0.159993 0.98708 -0.00863811 -3.89303 0.00832505 0.0100998 0.999914 0.787858
0.987007 0.160209 -0.0122887 48.66 -0.1603 0.987045 -0.00677592 -4.01225 0.0110439 0.00865775 0.999902 0.799131
0.986912 0.160648 -0.0140167 49.4034 -0.160724 0.98699 -0.00441527 -4.13794 0.0131251 0.0066103 0.999892 0.814878
0.986848 0.161172 -0.01245 50.1371 -0.161235 0.986907 -0.00423631 -4.2577 0.0116042 0.00618797 0.999914 0.822179
0.986776 0.161721 -0.0109353 50.872 -0.161798 0.986802 -0.00652567 -4.37247 0.00973569 0.00820869 0.999919 0.839553
0.986741 0.16197 -0.0103576 51.6132 -0.162044 0.986761 -0.0067005 -4.48621 0.00913523 0.00829005 0.999924 0.85634
0.986644 0.162542 -0.0107058 52.3534 -0.162606 0.986676 -0.005427 -4.60624 0.00968105 0.00709534 0.999928 0.871015
0.98663 0.162615 -0.0108677 53.0951 -0.162671 0.98667 -0.00451939 -4.72272 0.00998787 0.00622682 0.999931 0.874798
0.986594 0.162831 -0.0108655 53.8367 -0.162882 0.986637 -0.0039987 -4.84654 0.0100692 0.00571489 0.999933 0.88597
0.986579 0.162916 -0.0109638 54.5786 -0.162957 0.986628 -0.00302379 -4.97027 0.0103246 0.00476985 0.999935 0.908367
0.986524 0.163236 -0.0111972 55.3125 -0.163282 0.986574 -0.00332597 -5.09264 0.010504 0.00510946 0.999932 0.916279
0.986498 0.16339 -0.0112394 56.0537 -0.163433 0.98655 -0.00308618 -5.21008 0.0105839 0.00488139 0.999932 0.929655
0.986435 0.163745 -0.0115591 56.8001 -0.163793 0.986489 -0.00335624 -5.33287 0.0108534 0.00520402 0.999928 0.945078
0.986369 0.164097 -0.0121883 57.5449 -0.164159 0.986425 -0.00427352 -5.45912 0.0113216 0.0062161 0.999917 0.968325
0.986394 0.163997 -0.0114495 58.293 -0.164051 0.986444 -0.0039621 -5.57578 0.0106445 0.0057865 0.999927 0.974809
0.986358 0.164247 -0.0109933 59.038 -0.164314 0.986393 -0.00539379 -5.70467 0.00995785 0.00712656 0.999925 0.984451
0.986346 0.164342 -0.0106619 59.7836 -0.164422 0.986365 -0.00705687 -5.83166 0.00935676 0.00871356 0.999918 1.01108
0.986305 0.164511 -0.011777 60.5213 -0.164624 0.986312 -0.00936707 -5.95273 0.0100748 0.0111776 0.999887 1.01845
0.98622 0.16474 -0.0151795 61.258 -0.164916 0.986245 -0.0111167 -6.07233 0.0131394 0.0134668 0.999823 1.053
0.986154 0.165062 -0.0159803 61.991 -0.165212 0.986221 -0.00851334 -6.21738 0.0143549 0.0110356 0.999836 1.07189
0.986131 0.165315 -0.0147115 62.7375 -0.165446 0.986185 -0.00818326 -6.33367 0.0131555 0.0105037 0.999858 1.07179
0.98621 0.165118 -0.0111925 63.4813 -0.165223 0.986213 -0.00919062 -6.45454 0.00952065 0.0109131 0.999895 1.09033
0.986258 0.16497 -0.00895496 64.2124 -0.165073 0.986204 -0.0123539 -6.57336 0.0067934 0.0136624 0.999884 1.09787
0.98622 0.16512 -0.0102784 64.9334 -0.165251 0.986159 -0.013514 -6.68634 0.00790471 0.0150263 0.999856 1.13077
0.986107 0.165729 -0.0112423 65.6608 -0.165839 0.986105 -0.00974229 -6.8159 0.00947155 0.0114714 0.999889 1.13337
0.986109 0.165755 -0.0106666 66.3864 -0.165838 0.986125 -0.00744905 -6.93575 0.00928384 0.0091145 0.999915 1.13431
0.986093 0.16586 -0.0105178 67.107 -0.16595 0.9861 -0.00826916 -7.05052 0.00900011 0.0098996 0.99991 1.14822
0.986072 0.16597 -0.0107558 67.8211 -0.166072 0.986068 -0.00945204 -7.16667 0.00903716 0.0111066 0.999897 1.17433
0.985986 0.166384 -0.0121604 68.5305 -0.166496 0.986002 -0.00889642 -7.28037 0.01051 0.0107964 0.999886 1.18419
0.98592 0.16658 -0.0145771 69.2351 -0.166696 0.985983 -0.00709956 -7.40158 0.0131901 0.00942953 0.999869 1.2039
0.985882 0.166762 -0.015104 69.9408 -0.16684 0.985975 -0.00408204 -7.52632 0.0142115 0.00654437 0.999878 1.21619
0.985898 0.166789 -0.0136913 70.6341 -0.166872 0.985965 -0.00511402 -7.64839 0.0126462 0.00732659 0.999893 1.22389
0.985877 0.166983 -0.0127535 71.3366 -0.1671 0.985901 -0.00873886 -7.7661 0.0111144 0.0107466 0.99988 1.24173
0.985905 0.166793 -0.0130826 72.0308 -0.166947 0.985896 -0.0117493 -7.88173 0.0109383 0.0137678 0.999845 1.26469
0.985822 0.167217 -0.0139387 72.72 -0.167392 0.985812 -0.0124761 -7.99748 0.0116547 0.0146324 0.999825 1.27935
0.985814 0.167202 -0.0146344 73.4087 -0.167376 0.985825 -0.0115996 -8.11306 0.0124875 0.0138845 0.999826 1.29806
0.985796 0.167319 -0.0145501 74.0922 -0.167495 0.985801 -0.0119186 -8.23531 0.0123493 0.0141864 0.999823 1.30682
0.985781 0.167469 -0.0137542 74.7759 -0.167657 0.985747 -0.0139253 -8.35809 0.0112261 0.0160333 0.999808 1.32045
0.985808 0.167376 -0.0129286 75.4542 -0.167579 0.985718 -0.0166668 -8.46726 0.00995437 0.0185969 0.999778 1.34171
0.985764 0.167709 -0.0119602 76.1191 -0.1679 0.985652 -0.0172885 -8.58418 0.00888917 0.0190505 0.999779 1.3549
0.985748 0.167863 -0.0110957 76.7941 -0.168035 0.985635 -0.0169938 -8.69584 0.00808366 0.018616 0.999794 1.35982
0.985806 0.167549 -0.0106968 77.4683 -0.167713 0.98569 -0.0169457 -8.80942 0.0077045 0.0184992 0.999799 1.3635
0.985818 0.167408 -0.0117506 78.127 -0.167613 0.985662 -0.0194103 -8.92407 0.0083327 0.0211045 0.999743 1.39192
0.985809 0.167303 -0.0137702 78.7774 -0.167547 0.985681 -0.018999 -9.03316 0.0103945 0.0210365 0.999725 1.40371
0.985864 0.166791 -0.0159074 79.4371 -0.167046 0.985813 -0.0163499 -9.14601 0.0129548 0.018776 0.99974 1.41189
0.985926 0.166295 -0.0172132 80.0994 -0.166553 0.985921 -0.0148326 -9.26194 0.0145043 0.0174908 0.999742 1.43469
0.986002 0.165784 -0.0177835 80.7577 -0.166084 0.985965 -0.0170207 -9.36288 0.0147122 0.019736 0.999697 1.44795
0.986075 0.165461 -0.0166689 81.4098 -0.165743 0.986019 -0.0172058 -9.47334 0.0135889 0.019729 0.999713 1.45987
0.986139 0.165168 -0.0157882 82.0758 -0.165457 0.986031 -0.0191546 -9.58588 0.0124039 0.0215014 0.999692 1.46706
0.986208 0.164781 -0.0154917 82.7422 -0.165074 0.986077 -0.0200448 -9.69443 0.011973 0.0223257 0.999679 1.48783
0.986275 0.164464 -0.0146037 83.4134 -0.164743 0.986124 -0.0204881 -9.81523 0.0110315 0.0226128 0.999683 1.49251
0.986381 0.163911 -0.0136362 84.0842 -0.164184 0.986179 -0.0222191 -9.9281 0.0098058 0.0241553 0.99966 1.50398
0.986415 0.163735 -0.0132451 84.7612 -0.164004 0.986199 -0.022673 -10.0401 0.00934992 0.0245373 0.999655 1.51882
0.986504 0.163243 -0.0126882 85.435 -0.163508 0.986256 -0.023763 -10.1469 0.00863462 0.0255169 0.999637 1.53065
0.98653 0.163079 -0.0128304 86.111 -0.163367 0.98622 -0.0261035 -10.2602 0.00839664 0.027848 0.999577 1.53497
0.986575 0.162772 -0.0132397 86.7892 -0.163077 0.986249 -0.0267904 -10.3735 0.0086969 0.0285899 0.999553 1.55528
0.986579 0.162671 -0.0141436 87.4676 -0.163008 0.986245 -0.0273683 -10.4893 0.00949705 0.0293066 0.999525 1.57602
0.986594 0.162533 -0.014686 88.1427 -0.162889 0.986256 -0.0276645 -10.5965 0.00998779 0.0296858 0.999509 1.58246
0.986615 0.162366 -0.0151272 88.818 -0.162738 0.986275 -0.0278895 -10.7156 0.0103913 0.029978 0.999497 1.59029
0.986656 0.16206 -0.0156694 89.4891 -0.162464 0.986278 -0.0293371 -10.8214 0.0107 0.0314913 0.999447 1.61757
0.986661 0.162016 -0.0158429 90.166 -0.162438 0.986247 -0.0305122 -10.9355 0.0106815 0.0326787 0.999409 1.62904
0.986674 0.161974 -0.0154503 90.8304 -0.162384 0.986254 -0.0305816 -11.0452 0.0102845 0.032683 0.999413 1.64433
0.986742 0.161577 -0.0152756 91.4969 -0.161989 0.986297 -0.0312635 -11.1531 0.0100148 0.0333234 0.999394 1.66452
0.986725 0.161692 -0.0151738 92.159 -0.162114 0.98623 -0.0327089 -11.2651 0.00967603 0.0347346 0.99935 1.66823
0.986721 0.161684 -0.015478 92.8178 -0.162125 0.986199 -0.0335688 -11.3728 0.00983689 0.0356325 0.999317 1.67649
0.986765 0.161385 -0.0157733 93.468 -0.16184 0.986236 -0.0338657 -11.4784 0.0100907 0.0359703 0.999302 1.69339
0.986783 0.161286 -0.0156995 94.1246 -0.16174 0.986244 -0.0341034 -11.5871 0.00998319 0.0361919 0.999295 1.70645
0.986795 0.161255 -0.0152412 94.7797 -0.161693 0.986249 -0.0341844 -11.6952 0.00951922 0.0361974 0.999299 1.71761
0.986825 0.161171 -0.0141668 95.4216 -0.161573 0.986261 -0.0343996 -11.7958 0.00842797 0.0362354 0.999308 1.72765
0.986858 0.161083 -0.0127843 96.0725 -0.161432 0.986297 -0.0340216 -11.8985 0.00712881 0.0356383 0.999339 1.737
0.986898 0.160892 -0.0120929 96.718 -0.161223 0.986297 -0.0350024 -12.0043 0.00629564 0.0364934 0.999314 1.74896
0.986899 0.160884 -0.0121228 97.3571 -0.161221 0.98627 -0.0357696 -12.1082 0.0062016 0.0372554 0.999287 1.75981
0.986852 0.161078 -0.0133452 97.9965 -0.161453 0.986264 -0.0348668 -12.2145 0.00754567 0.036563 0.999303 1.77793
0.986816 0.161155 -0.0149314 98.6337 -0.161582 0.986269 -0.0341318 -12.3196 0.00922591 0.0360945 0.999306 1.78963
0.986691 0.161815 -0.016004 99.2692 -0.162272 0.986181 -0.0333746 -12.4293 0.0103824 0.0355274 0.999315 1.79665
0.986485 0.162961 -0.0170809 99.9056 -0.163439 0.986037 -0.0319016 -12.5415 0.0116437 0.0342621 0.999345 1.80978
0.986349 0.163688 -0.0179681 100.537 -0.164209 0.985876 -0.0329261 -12.6448 0.0123247 0.0354271 0.999296 1.82103
0.986224 0.16435 -0.0187259 101.169 -0.164894 0.985772 -0.0326277 -12.753 0.0130971 0.035266 0.999292 1.84586
0.986077 0.165178 -0.0191703 101.796 -0.165732 0.985645 -0.0322132 -12.8583 0.0135742 0.0349419 0.999297 1.85379
0.986019 0.165629 -0.0182584 102.425 -0.166135 0.985616 -0.0309829 -12.9617 0.0128641 0.0335831 0.999353 1.86963
0.986019 0.165742 -0.0172116 103.064 -0.166215 0.985598 -0.0311287 -13.0609 0.0118044 0.0335543 0.999367 1.87994
0.985948 0.166263 -0.0162388 103.669 -0.16671 0.985493 -0.0317915 -13.17 0.0107174 0.0340519 0.999363 1.89133
0.985995 0.166034 -0.0156941 104.299 -0.166479 0.985479 -0.0334023 -13.2727 0.00992024 0.0355473 0.999319 1.90149
0.986006 0.166003 -0.015362 104.907 -0.166438 0.98548 -0.0335739 -13.3714 0.00956561 0.0356609 0.999318 1.92218
0.985989 0.166141 -0.0149427 105.529 -0.166559 0.985468 -0.0333202 -13.4817 0.00918972 0.0353422 0.999333 1.92783
0.986007 0.165997 -0.0153475 106.138 -0.166428 0.985493 -0.0332453 -13.5784 0.00960625 0.0353343 0.999329 1.93809
0.986053 0.165706 -0.0155208 106.752 -0.166134 0.985573 -0.0323273 -13.6851 0.00994007 0.0344549 0.999357 1.95261
0.986085 0.165429 -0.0164425 107.363 -0.165894 0.985601 -0.032697 -13.7826 0.0107967 0.0349697 0.99933 1.96255
0.986082 0.165267 -0.0181507 107.971 -0.165786 0.985634 -0.0322636 -13.8869 0.0125578 0.0348236 0.999315 1.98556
0.986054 0.165266 -0.0196307 108.568 -0.165836 0.985626 -0.0322341 -13.9955 0.0140213 0.03504 0.999288 1.99904
0.986031 0.165269 -0.0207147 109.163 -0.165883 0.985607 -0.0325801 -14.0977 0.015032 0.0355612 0.999254 2.01591
0.985998 0.165443 -0.0208845 109.769 -0.166042 0.985623 -0.0312658 -14.1993 0.0154116 0.0342957 0.999293 2.03125
0.986028 0.165428 -0.0195528 110.37 -0.165965 0.985671 -0.0301337 -14.2987 0.0142877 0.0329578 0.999355 2.04189
0.986127 0.164925 -0.018799 110.97 -0.165459 0.985706 -0.0317224 -14.3881 0.0132985 0.0343928 0.99932 2.04072
0.986185 0.164633 -0.018309 111.554 -0.16516 0.985732 -0.0324789 -14.4884 0.0127007 0.0350542 0.999305 2.05975
0.98621 0.164427 -0.0187772 112.148 -0.164993 0.985704 -0.0341348 -14.579 0.012896 0.0367622 0.999241 2.07722
0.986186 0.164423 -0.0200309 112.73 -0.165029 0.985711 -0.0337495 -14.6842 0.0141955 0.036589 0.99923 2.09694
0.98618 0.164266 -0.0215756 113.325 -0.164908 0.985776 -0.0324324 -14.7761 0.0159412 0.0355421 0.999241 2.11141
0.986165 0.164204 -0.0226963 113.894 -0.164859 0.985834 -0.030872 -14.8772 0.0173055 0.0341866 0.999266 2.12668
0.986221 0.163921 -0.0223271 114.477 -0.164573 0.985864 -0.0314413 -14.9722 0.0168575 0.0346825 0.999256 2.1365
0.986239 0.164033 -0.020658 115.049 -0.164627 0.985855 -0.0314206 -15.074 0.0152118 0.0343891 0.999293 2.14916
0.986259 0.164038 -0.0196113 115.63 -0.164604 0.985842 -0.0319482 -15.1685 0.014093 0.0347373 0.999297 2.15784
0.986294 0.163872 -0.0192364 116.208 -0.164432 0.985856 -0.0324054 -15.2653 0.013654 0.0351243 0.99929 2.17717
0.986316 0.163729 -0.0193271 116.762 -0.164293 0.985875 -0.0325344 -15.358 0.0137273 0.0352645 0.999284 2.18881
0.986306 0.163772 -0.0194582 117.341 -0.164324 0.98591 -0.0312819 -15.4491 0.0140609 0.034051 0.999321 2.20156
0.986296 0.163864 -0.0191806 117.903 -0.164403 0.985904 -0.0310568 -15.5387 0.0138211 0.0337846 0.999334 2.21813
0.986346 0.16362 -0.0187165 118.473 -0.164126 0.98599 -0.0297583 -15.6359 0.0135852 0.0324238 0.999382 2.23541
0.986339 0.163705 -0.0183086 119.025 -0.164192 0.985992 -0.0293287 -15.7276 0.0132509 0.0319342 0.999402 2.24708
0.986316 0.163758 -0.0191048 119.585 -0.16428 0.985958 -0.0299921 -15.8244 0.0139251 0.0327202 0.999368 2.26159
0.986314 0.163569 -0.020712 120.138 -0.164157 0.98595 -0.0309051 -15.9106 0.0153659 0.0338822 0.999308 2.27479
0.986275 0.16362 -0.0221318 120.688 -0.164248 0.985952 -0.0303552 -16.0038 0.0168541 0.0335737 0.999294 2.2892
0.986178 0.163899 -0.024281 121.249 -0.164566 0.985952 -0.0285827 -16.1013 0.0192552 0.0321835 0.999296 2.30817
0.986159 0.163885 -0.0251599 121.784 -0.164532 0.986023 -0.0262154 -16.1979 0.0205119 0.0299922 0.99934 2.3277
0.986204 0.163623 -0.0250776 122.343 -0.164274 0.986058 -0.0265271 -16.2823 0.0203875 0.0302807 0.999333 2.33189
0.986236 0.163498 -0.0246357 122.886 -0.164138 0.986077 -0.0266727 -16.3636 0.0199318 0.0303492 0.999341 2.36317
0.986249 0.163534 -0.0238769 123.424 -0.164172 0.986042 -0.0277453 -16.4512 0.0190063 0.0312837 0.99933 2.37148
0.986311 0.163371 -0.0223679 123.978 -0.163944 0.986107 -0.0267318 -16.5416 0.0176899 0.0300329 0.999392 2.38786
0.986315 0.163453 -0.0216085 124.498 -0.164005 0.986092 -0.0269137 -16.6287 0.0169089 0.0300893 0.999404 2.39569
0.986286 0.163528 -0.0223318 125.038 -0.164086 0.986104 -0.0259865 -16.715 0.0177719 0.0292945 0.999413 2.42526
0.986242 0.16371 -0.0229173 125.568 -0.164275 0.986087 -0.0254325 -16.7992 0.0184348 0.0288474 0.999414 2.43376
0.98621 0.163905 -0.0229217 126.079 -0.164457 0.986076 -0.024679 -16.8968 0.0185575 0.0281083 0.999433 2.44715
0.986256 0.163768 -0.0219018 126.61 -0.164274 0.98613 -0.023715 -16.9784 0.0177142 0.0269869 0.999479 2.46581
0.986255 0.163904 -0.0208861 127.133 -0.164395 0.98609 -0.0245108 -17.0606 0.0165782 0.0276074 0.999481 2.4718
0.986274 0.163989 -0.0192841 127.643 -0.164437 0.986084 -0.0244874 -17.1518 0.015 0.0273222 0.999514 2.499
0.9863 0.163933 -0.0184175 128.149 -0.164371 0.986069 -0.0254904 -17.2307 0.0139822 0.0281684 0.999505 2.50492
0.986302 0.163966 -0.0179599 128.664 -0.164385 0.986079 -0.0250182 -17.3157 0.0136077 0.0276278 0.999526 2.51276
0.986275 0.164135 -0.0179012 129.165 -0.164538 0.98608 -0.0239675 -17.3929 0.0137181 0.026584 0.999552 2.52652
0.986266 0.164189 -0.0179512 129.66 -0.164583 0.986089 -0.0232382 -17.4785 0.013886 0.0258735 0.999569 2.5396
0.986237 0.164386 -0.0177141 130.168 -0.164772 0.98606 -0.0231477 -17.5628 0.013662 0.0257479 0.999575 2.55947
0.986147 0.164934 -0.0176065 130.672 -0.165323 0.985959 -0.0235359 -17.6466 0.0134774 0.0261206 0.999568 2.56559
0.986105 0.165191 -0.0175529 131.153 -0.165567 0.985937 -0.022693 -17.7247 0.0135574 0.0252838 0.999588 2.58168
0.986039 0.165582 -0.0175867 131.637 -0.165958 0.985874 -0.0226094 -17.7995 0.0135945 0.0252124 0.99959 2.59148
0.985948 0.166126 -0.017598 132.133 -0.166499 0.985786 -0.0224437 -17.8886 0.0136194 0.0250583 0.999593 2.59727
0.985867 0.166566 -0.0179514 132.615 -0.166949 0.985708 -0.022531 -17.9674 0.013942 0.0252096 0.999585 2.61146
0.98581 0.166839 -0.0185314 133.106 -0.167231 0.985669 -0.022125 -18.0506 0.0145745 0.0249101 0.999583 2.62925
0.985757 0.167112 -0.0188929 133.573 -0.167515 0.985618 -0.0222617 -18.1326 0.014901 0.0251095 0.999574 2.63693
0.985711 0.167362 -0.0190785 134.036 -0.167783 0.985553 -0.0231224 -18.2026 0.014933 0.0259931 0.999551 2.64013
0.985602 0.167943 -0.0196028 134.517 -0.168373 0.985458 -0.0228884 -18.2897 0.0154738 0.0258594 0.999546 2.65336
0.985513 0.168414 -0.020026 134.98 -0.168854 0.985378 -0.0227722 -18.3732 0.015898 0.0258238 0.99954 2.66482
0.985479 0.168616 -0.0200168 135.452 -0.16906 0.985336 -0.0230578 -18.4512 0.0158353 0.026107 0.999534 2.68449
0.985455 0.168744 -0.0200766 135.907 -0.169202 0.985293 -0.0238327 -18.5242 0.0157597 0.0268831 0.999514 2.68737
0.985362 0.169277 -0.0201752 136.358 -0.169731 0.985211 -0.0234723 -18.6096 0.0159035 0.0265531 0.999521 2.70503
0.98527 0.169762 -0.0205633 136.822 -0.170236 0.98511 -0.0240257 -18.6815 0.0161785 0.0271725 0.9995 2.70908
0.985219 0.169968 -0.0213225 137.277 -0.170466 0.985066 -0.0242351 -18.7619 0.0168849 0.0275116 0.999479 2.73064
0.985168 0.170179 -0.0219869 137.73 -0.170709 0.985005 -0.0249727 -18.8433 0.0174074 0.0283556 0.999446 2.74576
0.985099 0.170528 -0.0223699 138.17 -0.171076 0.98493 -0.0254056 -18.9188 0.0177004 0.0288539 0.999427 2.75206
0.984982 0.171108 -0.0230582 138.604 -0.171676 0.984825 -0.0254365 -18.999 0.0183559 0.0290131 0.99941 2.7656
0.984944 0.171325 -0.0230813 139.053 -0.171888 0.984796 -0.0251245 -19.0717 0.018426 0.0287137 0.999418 2.77433
0.984935 0.171456 -0.0225084 139.479 -0.171997 0.984786 -0.0247638 -19.1464 0.0179201 0.0282621 0.99944 2.78959
0.984914 0.171626 -0.0221107 139.925 -0.172158 0.984754 -0.0249194 -19.2086 0.0174968 0.02835 0.999445 2.7996
0.984852 0.171983 -0.0220791 140.356 -0.172508 0.9847 -0.0246182 -19.2887 0.0175074 0.0280541 0.999453 2.81196
0.984821 0.172248 -0.021403 140.781 -0.172746 0.984671 -0.0241124 -19.3588 0.0169216 0.0274437 0.99948 2.82365
0.984849 0.172214 -0.0203662 141.203 -0.172689 0.984672 -0.0244926 -19.4391 0.0158361 0.0276385 0.999493 2.82982
0.984829 0.172404 -0.0197251 141.618 -0.172858 0.984648 -0.0242468 -19.502 0.015242 0.0272886 0.999511 2.84396
0.984757 0.172844 -0.0194461 142.019 -0.173291 0.984571 -0.0242819 -19.5761 0.0149491 0.0272816 0.999516 2.85506
0.984707 0.173168 -0.019086 142.425 -0.173586 0.98455 -0.0229885 -19.6481 0.0148102 0.02595 0.999554 2.8719
0.984666 0.173523 -0.017969 142.809 -0.173901 0.984513 -0.0222098 -19.7214 0.0138368 0.024994 0.999592 2.88556
0.984676 0.173619 -0.0164521 143.196 -0.173977 0.984466 -0.0236573 -19.7815 0.0120892 0.0261571 0.999585 2.88931
0.984686 0.173687 -0.0150478 143.576 -0.174007 0.984464 -0.0234888 -19.8476 0.0107343 0.0257475 0.999611 2.9032
0.984666 0.173897 -0.0139138 143.937 -0.174187 0.984435 -0.0234003 -19.9128 0.00962802 0.0254651 0.999629 2.91051
0.984663 0.173962 -0.0132988 144.297 -0.174231 0.984441 -0.0228098 -19.9791 0.00912384 0.024777 0.999651 2.92626
0.984771 0.173351 -0.013281 144.638 -0.173622 0.984543 -0.0230216 -20.0317 0.00908486 0.0249769 0.999647 2.92862
0.984854 0.172838 -0.0137382 144.965 -0.173111 0.984656 -0.0220375 -20.0878 0.00971842 0.024082 0.999663 2.94083
0.984908 0.172528 -0.0137968 145.272 -0.172796 0.984726 -0.0213817 -20.1434 0.00989711 0.0234431 0.999676 2.94531
0.984989 0.172024 -0.014263 145.59 -0.17231 0.984796 -0.0220481 -20.2006 0.0102533 0.0241748 0.999655 2.95318
0.985095 0.171405 -0.0144206 145.888 -0.171692 0.984908 -0.0218513 -20.2451 0.0104575 0.0240015 0.999657 2.96364
0.985095 0.171376 -0.0147662 146.162 -0.171677 0.984899 -0.0223716 -20.2975 0.0107093 0.0245732 0.999641 2.96929
0.985113 0.171219 -0.0153913 146.437 -0.171531 0.984933 -0.0220136 -20.3474 0.0113903 0.024326 0.999639 2.9773
0.98522 0.170558 -0.015895 146.692 -0.170874 0.985064 -0.0212591 -20.3929 0.0120317 0.0236609 0.999648 2.97729
0.985296 0.170116 -0.0158801 146.944 -0.170436 0.985133 -0.0215389 -20.43 0.0119799 0.0239287 0.999642 2.98465
0.985299 0.170155 -0.0152519 147.182 -0.170453 0.985142 -0.0210107 -20.4763 0.0114502 0.0233016 0.999663 2.9952
0.985357 0.169858 -0.0148178 147.41 -0.170149 0.985187 -0.0213675 -20.5108 0.0109688 0.0235759 0.999662 3.00095
0.985457 0.169293 -0.0146583 147.618 -0.169582 0.985283 -0.021427 -20.5423 0.0108151 0.0236012 0.999663 3.00736
0.985468 0.169263 -0.0142422 147.828 -0.169542 0.985288 -0.0215042 -20.5864 0.0103929 0.0236063 0.999667 3.01537
0.9855 0.169154 -0.0132791 148.023 -0.169413 0.985306 -0.0216908 -20.6213 0.00941494 0.0236259 0.999677 3.01498
0.985549 0.16891 -0.0127196 148.206 -0.169158 0.985346 -0.0218938 -20.6474 0.00883512 0.023729 0.999679 3.01526
0.985573 0.16881 -0.0121855 148.379 -0.16904 0.985379 -0.0213015 -20.6789 0.00841139 0.023054 0.999699 3.02056
0.985629 0.168512 -0.0117736 148.547 -0.168731 0.985438 -0.0210004 -20.7026 0.00806336 0.0226852 0.99971 3.01949
0.985685 0.168197 -0.0116232 148.701 -0.168411 0.985495 -0.0209227 -20.732 0.00793553 0.0225806 0.999714 3.02858
0.985739 0.167896 -0.0113927 148.85 -0.168108 0.985541 -0.0211842 -20.7573 0.00767125 0.0227973 0.999711 3.03048
0.985773 0.167704 -0.0112774 148.99 -0.167916 0.985564 -0.0216282 -20.7815 0.0074875 0.0232142 0.999702 3.03594
0.985785 0.167653 -0.0110137 149.127 -0.16786 0.985568 -0.0218705 -20.8044 0.00718811 0.0234084 0.9997 3.04138
0.985824 0.167434 -0.0108022 149.244 -0.167637 0.985604 -0.0219775 -20.8256 0.00696694 0.0234769 0.9997 3.04594
0.985855 0.167256 -0.0107056 149.348 -0.167455 0.985639 -0.0217622 -20.8334 0.006912 0.0232471 0.999706 3.04162
0.985877 0.167111 -0.0109739 149.465 -0.167314 0.985672 -0.0213752 -20.8584 0.00724462 0.0229094 0.999711 3.04983
0.985906 0.166925 -0.0111961 149.569 -0.167133 0.985702 -0.0213913 -20.8783 0.00746527 0.0229611 0.999708 3.05337
0.985953 0.166643 -0.0112759 149.667 -0.166851 0.985755 -0.0211591 -20.8896 0.00758921 0.0227433 0.999713 3.05503
0.985942 0.166703 -0.0113138 149.75 -0.166914 0.985741 -0.0212959 -20.9085 0.00760238 0.022885 0.999709 3.05687
0.985948 0.166665 -0.0113928 149.832 -0.166878 0.985745 -0.0213899 -20.9228 0.00766543 0.0229905 0.999706 3.06106
0.98598 0.166473 -0.0114043 149.914 -0.166689 0.985769 -0.0217737 -20.9365 0.00761724 0.0233694 0.999698 3.0618
0.985972 0.166504 -0.0116046 149.977 -0.166726 0.98576 -0.0219026 -20.9476 0.00779249 0.0235301 0.999693 3.06778
0.985975 0.166481 -0.0116784 150.035 -0.166704 0.985765 -0.0218232 -20.9574 0.00787902 0.023464 0.999694 3.06418
0.985988 0.166398 -0.0118007 150.079 -0.166621 0.985787 -0.0214703 -20.968 0.00806035 0.0231357 0.9997 3.07101
0.986009 0.166259 -0.0119767 150.109 -0.166486 0.985811 -0.0214193 -20.9705 0.00824557 0.0231136 0.999699 3.06366
0.986014 0.166229 -0.0119934 150.138 -0.166453 0.985825 -0.0210194 -20.971 0.00832937 0.0227218 0.999707 3.06727
0.985994 0.166334 -0.0121688 150.153 -0.166564 0.985802 -0.0212302 -20.9823 0.00846468 0.0229598 0.999701 3.07208
0.986005 0.166265 -0.0122241 150.16 -0.166496 0.985812 -0.02132 -20.9787 0.0085059 0.0230569 0.999698 3.07336
0.986013 0.166215 -0.0122713 150.169 -0.166447 0.985822 -0.0212125 -20.9787 0.00857147 0.0229583 0.9997 3.06801
0.986006 0.16624 -0.0124987 150.16 -0.166476 0.985819 -0.0211493 -20.9792 0.00880563 0.0229341 0.999698 3.06756
0.986 0.166229 -0.0131226 150.166 -0.166478 0.985822 -0.0209961 -20.9832 0.00944637 0.0228868 0.999693 3.07392
0.98598 0.166308 -0.0136063 150.16 -0.166568 0.985809 -0.0208855 -20.9843 0.00993982 0.0228591 0.999689 3.06827
0.985996 0.166204 -0.0137428 150.166 -0.166463 0.985832 -0.0206266 -20.9835 0.0101199 0.0226254 0.999693 3.06541
0.986005 0.166156 -0.0136775 150.163 -0.166416 0.985837 -0.0207554 -20.9799 0.0100352 0.0227411 0.999691 3.06481
0.985986 0.166262 -0.0137124 150.165 -0.16652 0.985823 -0.0205739 -20.983 0.0100974 0.0225689 0.999694 3.06485
0.985994 0.166206 -0.0138452 150.168 -0.166467 0.985833 -0.0205339 -20.9843 0.0102362 0.0225511 0.999693 3.06942
0.985999 0.166178 -0.0138464 150.164 -0.166439 0.985837 -0.0205856 -20.9831 0.0102294 0.022602 0.999692 3.07057
0.98599 0.166219 -0.0139704 150.165 -0.166484 0.985828 -0.0206279 -20.9838 0.0103437 0.0226648 0.99969 3.07155
0.985995 0.166196 -0.0138663 150.16 -0.166458 0.985834 -0.0205838 -20.9837 0.0102489 0.0226037 0.999692 3.06651
0.985996 0.166193 -0.0138684 150.16 -0.166454 0.985837 -0.0204681 -20.9824 0.0102704 0.0224899 0.999694 3.06917
0.985996 0.166183 -0.0139649 150.158 -0.166447 0.985837 -0.0204917 -20.9801 0.0103617 0.0225291 0.999692 3.07112
0.985994 0.166199 -0.0139214 150.164 -0.166461 0.985836 -0.0204395 -20.9814 0.0103272 0.0224706 0.999694 3.0669
0.985997 0.166183 -0.0139 150.164 -0.166447 0.985834 -0.0206793 -20.9817 0.0102666 0.0227033 0.99969 3.06494
0.985994 0.166192 -0.0139677 150.16 -0.166458 0.985831 -0.0207277 -20.981 0.0103251 0.0227624 0.999688 3.06728
0.985989 0.166221 -0.0140195 150.164 -0.166487 0.985829 -0.0205957 -20.9825 0.0103974 0.0226412 0.99969 3.06659
0.985988 0.166221 -0.0140736 150.164 -0.166488 0.985828 -0.0206268 -20.9834 0.0104455 0.0226808 0.999688 3.0707
0.98599 0.166198 -0.0141957 150.161 -0.166469 0.985829 -0.0207025 -20.9802 0.0105538 0.0227756 0.999685 3.07117
0.98598 0.166264 -0.0141267 150.163 -0.166534 0.985816 -0.0208279 -20.981 0.0104634 0.0228885 0.999683 3.06746
0.985989 0.166216 -0.0140508 150.161 -0.166484 0.985826 -0.0207189 -20.9813 0.0104078 0.0227678 0.999687 3.06821
0.985995 0.166173 -0.0141459 150.161 -0.166442 0.985834 -0.0206816 -20.9789 0.0105088 0.0227464 0.999686 3.07064
0.985981 0.166241 -0.0143064 150.162 -0.166516 0.985819 -0.0207967 -20.9799 0.0106463 0.0228874 0.999681 3.07136
0.985996 0.166161 -0.0142438 150.162 -0.166435 0.985832 -0.020831 -20.9796 0.0105807 0.02291 0.999682 3.06804
0.985995 0.166179 -0.0140889 150.163 -0.166448 0.985831 -0.0207969 -20.9789 0.0104333 0.0228508 0.999684 3.06459
0.985995 0.166184 -0.0140545 150.163 -0.166451 0.985833 -0.020655 -20.9792 0.0104229 0.0227051 0.999688 3.06321
0.985993 0.166187 -0.0141198 150.164 -0.166457 0.98583 -0.0207687 -20.9797 0.0104683 0.0228281 0.999685 3.06453
0.985984 0.166239 -0.0141439 150.162 -0.166509 0.98582 -0.0208025 -20.9791 0.0104852 0.022866 0.999684 3.06739
0.985988 0.166215 -0.0141516 150.158 -0.166488 0.985819 -0.0210471 -20.9776 0.0104525 0.0231082 0.999678 3.064
0.985992 0.166187 -0.0142018 150.159 -0.16646 0.985829 -0.0208039 -20.9797 0.0105432 0.0228765 0.999683 3.06813
0.985988 0.166206 -0.0142837 150.166 -0.166481 0.985824 -0.0208633 -20.9807 0.0106136 0.0229489 0.99968 3.06862
0.985995 0.166161 -0.0143246 150.165 -0.166437 0.98583 -0.0209243 -20.9794 0.0106448 0.0230154 0.999678 3.06797
0.985988 0.166195 -0.0143904 150.16 -0.166472 0.985826 -0.0208533 -20.9769 0.0107207 0.0229567 0.999679 3.07211
0.985989 0.166194 -0.0143558 150.168 -0.166471 0.985823 -0.0209952 -20.9798 0.010663 0.0230909 0.999677 3.06678
0.985983 0.166217 -0.0144749 150.164 -0.166497 0.98582 -0.020927 -20.9823 0.0107912 0.0230437 0.999676 3.07145
0.986 0.166122 -0.0144328 150.167 -0.1664 0.985839 -0.0208177 -20.9782 0.0107701 0.0229278 0.999679 3.06944
0.985988 0.166188 -0.0144634 150.166 -0.166468 0.985824 -0.0209839 -20.9794 0.0107711 0.0230976 0.999675 3.06667
0.985988 0.166192 -0.0144283 150.167 -0.166471 0.985823 -0.0209646 -20.9798 0.0107396 0.0230728 0.999676 3.06824
0.985978 0.166258 -0.0143542 150.163 -0.166537 0.985809 -0.0211 -20.9823 0.0106425 0.0231947 0.999674 3.06506
0.985993 0.166162 -0.0144526 150.163 -0.166445 0.985821 -0.0212634 -20.9768 0.0107145 0.0233712 0.999669 3.06279
0.985994 0.166173 -0.0142434 150.169 -0.166447 0.98583 -0.0208573 -20.9801 0.0105756 0.0229359 0.999681 3.06613
0.986001 0.166132 -0.0142332 150.165 -0.166409 0.985829 -0.0212057 -20.9757 0.0105085 0.0232774 0.999674 3.06312
0.985996 0.166148 -0.0143887 150.165 -0.166427 0.985829 -0.0210487 -20.9774 0.0106876 0.0231486 0.999675 3.06733
0.985993 0.166168 -0.0143179 150.164 -0.166446 0.985825 -0.0210868 -20.9784 0.010611 0.0231746 0.999675 3.06313
0.985991 0.166184 -0.0142947 150.159 -0.166461 0.985822 -0.0211047 -20.9811 0.0105848 0.0231886 0.999675 3.06381
0.985988 0.166195 -0.0143907 150.162 -0.166476 0.985816 -0.0212863 -20.9774 0.0106489 0.0233838 0.99967 3.06322
0.985989 0.166178 -0.0144802 150.164 -0.166461 0.98582 -0.0211983 -20.9779 0.0107521 0.0233116 0.99967 3.06654
0.98599 0.166176 -0.0144359 150.167 -0.166459 0.985817 -0.0213367 -20.9792 0.0106855 0.0234408 0.999668 3.06298
0.985978 0.166264 -0.0143 150.163 -0.166543 0.985805 -0.0212443 -20.9805 0.0105649 0.023328 0.999672 3.06154
