1 0 0 0 0 1 0 0 0 0 1 0
1 -3.42396e-05 -5.91589e-05 0.0017552 3.42378e-05 1 -2.99973e-05 0.00367529 5.91599e-05 2.99953e-05 1 0.00127098
1 -3.7704e-05 -8.33775e-05 0.00436828 3.77132e-05 1 0.000109954 0.00152482 8.33734e-05 -0.000109957 1 0.00161454
1 -2.30654e-05 -6.28556e-05 0.000294042 2.30681e-05 1 4.23343e-05 0.00136746 6.28546e-05 -4.23358e-05 1 -0.000875855
1 -2.33525e-05 -7.14121e-05 0.00046766 2.33609e-05 1 0.000118531 0.00152974 7.14093e-05 -0.000118532 1 4.03424e-06
1 7.63866e-06 -7.17906e-05 0.00214684 -7.63787e-06 1 1.1009e-05 0.000540095 7.17907e-05 -1.10084e-05 1 -0.00246993
1 1.05209e-05 -1.29881e-05 -0.000647091 -1.05204e-05 1 3.91503e-05 0.00109627 1.29885e-05 -3.91501e-05 1 0.000342192
1 -5.85381e-05 -8.36617e-05 -0.00359804 5.85388e-05 1 7.29488e-06 0.000565806 8.36613e-05 -7.29978e-06 1 -0.00282338
1 -0.0001192 -0.000235433 -0.000818017 0.000119258 1 0.000246463 0.00223131 0.000235403 -0.000246491 1 -0.00200568
1 -5.24542e-05 -0.000182773 -0.00156339 5.24782e-05 1 0.000131115 -0.000107108 0.000182766 -0.000131125 1 -0.00200937
1 2.60735e-05 -6.46859e-05 0.00846151 -2.60738e-05 1 -5.1373e-06 0.00571343 6.46858e-05 5.13898e-06 1 -0.0018888
1 0.000170747 -0.000157529 0.0185048 -0.000170737 1 6.29119e-05 0.00408169 0.000157539 -6.2885e-05 1 -0.00144046
1 0.000405382 -0.000204057 0.0287662 -0.000405349 1 0.00016239 0.00729222 0.000204123 -0.000162307 1 -0.00207618
1 0.000589819 -0.000277491 0.05262 -0.000589766 1 0.000190872 0.0107721 0.000277604 -0.000190709 1 -0.00259923
0.999999 0.000903869 -0.000464706 0.085591 -0.000903684 1 0.000398452 0.00938319 0.000465066 -0.000398031 1 -0.00939577
0.999999 0.00138965 -0.000737508 0.119246 -0.00138917 0.999999 0.000657732 -0.000668886 0.000738422 -0.000656707 1 -0.00835667
0.999995 0.00294449 -0.00132496 0.18598 -0.00294288 0.999995 0.00121648 -0.0129665 0.00132853 -0.00121257 0.999998 -0.00469873
0.999991 0.00411411 -0.00131057 0.251508 -0.00411272 0.999991 0.00106159 -0.0103705 0.00131493 -0.00105619 0.999999 -0.00738511
0.999989 0.00462207 -0.00115725 0.316155 -0.00462097 0.999989 0.000952809 -0.0114673 0.00116164 -0.000947451 0.999999 -0.0083451
0.999984 0.00543798 -0.00144365 0.387998 -0.00543669 0.999985 0.000893252 -0.017835 0.00144848 -0.00088539 0.999999 -0.00667053
0.999979 0.00616129 -0.00201095 0.467423 -0.00615816 0.99998 0.00155945 -0.0178679 0.00202052 -0.00154703 0.999997 -0.00418568
0.999976 0.00665853 -0.00197504 0.570477 -0.00665602 0.999977 0.0012754 -0.0217085 0.00198349 -0.00126222 0.999997 -0.000132436
0.999977 0.00663572 -0.00164043 0.681997 -0.0066337 0.999977 0.00123326 -0.0180882 0.00164857 -0.00122234 0.999998 -0.00275389
0.999978 0.00647809 -0.00167785 0.778769 -0.00647636 0.999978 0.00103696 -0.0107303 0.00168453 -0.00102607 0.999998 0.0010429
0.999979 0.00642881 -0.00114014 0.865469 -0.00642806 0.999979 0.000657106 -0.016265 0.00114434 -0.000649763 0.999999 0.00336601
0.999983 0.00572966 -0.0010941 0.982897 -0.00572927 0.999984 0.000359083 -0.0189144 0.00109614 -0.000352809 0.999999 -0.002414
0.999982 0.00583588 -0.00123333 1.07298 -0.00583504 0.999983 0.000687942 -0.0207644 0.00123732 -0.000680733 0.999999 0.00465886
0.999984 0.00541719 -0.00149382 1.17977 -0.00541613 0.999985 0.000712405 -0.0093209 0.00149765 -0.000704303 0.999999 0.000509777
0.999986 0.00513625 -0.00148666 1.26295 -0.00513467 0.999986 0.00106086 -0.012006 0.00149209 -0.00105321 0.999998 0.00450218
0.999989 0.00442752 -0.00142613 1.38528 -0.00442679 0.99999 0.000513214 -0.00186972 0.00142839 -0.000506896 0.999999 -0.000854059
0.999989 0.00442115 -0.00170955 1.49107 -0.00441898 0.999989 0.00127317 -0.00800011 0.00171516 -0.0012656 0.999998 0.00439986
0.99999 0.00410792 -0.00196982 1.59158 -0.00410583 0.999991 0.00106702 -0.0161487 0.00197418 -0.00105892 0.999997 0.00295937
0.999993 0.00318553 -0.00204197 1.70015 -0.00318286 0.999994 0.00131025 -0.011179 0.00204613 -0.00130374 0.999997 0.0137712
0.999992 0.0032577 -0.00247796 1.86067 -0.00325502 0.999994 0.00108183 -0.00814552 0.00248146 -0.00107376 0.999996 0.00784981
0.999992 0.00317479 -0.00253473 1.99952 -0.00317095 0.999994 0.00151953 -0.00857546 0.00253954 -0.00151148 0.999996 0.0116154
0.999993 0.00297833 -0.00231165 2.11693 -0.00297536 0.999995 0.00128779 -0.0136422 0.00231548 -0.0012809 0.999996 0.00253723
0.999994 0.00243031 -0.00235643 2.30465 -0.00242624 0.999996 0.00172534 -0.00912791 0.00236061 -0.00171961 0.999996 0.00723521
0.999994 0.00223402 -0.00247301 2.41508 -0.00223121 0.999997 0.00113824 -0.00890752 0.00247554 -0.00113272 0.999996 0.014877
0.999994 0.00195458 -0.00296133 2.58093 -0.00195181 0.999998 0.000936927 -0.0166634 0.00296316 -0.000931141 0.999995 0.0197263
0.999994 0.000578998 -0.00340347 2.74632 -0.000576093 0.999999 0.000854315 -0.0100068 0.00340396 -0.000852349 0.999994 0.0172824
0.999992 -0.00165317 -0.00358219 2.88351 0.001656 0.999998 0.000785227 -0.00221457 0.00358089 -0.000791153 0.999993 0.0196547
0.999978 -0.00536829 -0.00396781 3.08175 0.00537435 0.999984 0.00151683 0.010238 0.00395961 -0.00153812 0.999991 0.024059
0.999949 -0.00892316 -0.00466704 3.25679 0.00893461 0.999957 0.00243725 0.0191752 0.00464509 -0.00247882 0.999986 0.0227177
0.999886 -0.0143319 -0.00485637 3.41696 0.0143445 0.999894 0.0025819 0.0317306 0.00481885 -0.00265126 0.999985 0.0219979
0.999778 -0.0204615 -0.00505426 3.6175 0.0204751 0.999787 0.00265859 0.0517548 0.00499878 -0.00276149 0.999984 0.0218909
0.999666 -0.0252705 -0.00541908 3.80656 0.0252819 0.999678 0.00205545 0.0568822 0.00536539 -0.00219177 0.999983 0.0197378
0.99952 -0.0303717 -0.00611226 4.0163 0.0303853 0.999536 0.00214285 0.0904224 0.00604434 -0.00232755 0.999979 0.0221977
0.999342 -0.0356823 -0.00646581 4.20768 0.0357043 0.999357 0.00332898 0.0840435 0.00634287 -0.00355765 0.999974 0.0248753
0.999171 -0.0400171 -0.00745092 4.4071 0.0400489 0.999189 0.00417295 0.0847406 0.00727789 -0.00446789 0.999964 0.0260603
0.998998 -0.0437756 -0.00927029 4.65047 0.0438243 0.999026 0.00511878 0.093179 0.00903719 -0.00551992 0.999944 0.0310581
0.998839 -0.0468877 -0.0110515 4.87549 0.0469421 0.998886 0.00471762 0.112625 0.010818 -0.00523092 0.999928 0.0264741
0.998671 -0.0502804 -0.0112795 5.11341 0.0503429 0.998718 0.00532854 0.125855 0.0109971 -0.00588931 0.999922 0.0333107
0.99853 -0.0529172 -0.0116896 5.34446 0.0529963 0.998573 0.00656416 0.130352 0.0113256 -0.00717401 0.99991 0.034441
0.99846 -0.0541989 -0.0118239 5.58774 0.0542828 0.998502 0.0068882 0.14125 0.0114329 -0.00751943 0.999906 0.038237
0.998351 -0.0563294 -0.0110833 5.84267 0.0563994 0.99839 0.00610982 0.165482 0.0107213 -0.00672483 0.99992 0.0330721
0.998336 -0.0563531 -0.0122374 6.10007 0.0564414 0.998381 0.00699253 0.195012 0.0118235 -0.00767159 0.999901 0.054363
0.998338 -0.0561781 -0.0128809 6.36868 0.0562875 0.99838 0.00829315 0.213695 0.0123942 -0.00900439 0.999883 0.0575309
0.998398 -0.0549859 -0.0133705 6.64785 0.0551029 0.998444 0.00854913 0.222337 0.0128796 -0.00927218 0.999874 0.0404479
0.998458 -0.0538383 -0.0135403 6.93899 0.0539625 0.998503 0.00898751 0.238078 0.0130361 -0.00970432 0.999868 0.0646206
0.998498 -0.0529366 -0.0141517 7.23359 0.0530731 0.998546 0.0094505 0.242755 0.0136309 -0.0101874 0.999855 0.0633334
0.998592 -0.0512984 -0.013534 7.54056 0.051428 0.998632 0.00940914 0.268322 0.0130328 -0.0100919 0.999864 0.0700156
0.998669 -0.0501664 -0.0119682 7.81311 0.0502731 0.998697 0.0087875 0.278781 0.0115118 -0.00937748 0.99989 0.0504238
0.998779 -0.0480646 -0.0114126 8.1165 0.0481706 0.998797 0.00919813 0.290559 0.0109567 -0.00973665 0.999893 0.0518957
0.998822 -0.0472071 -0.0112703 8.44594 0.0473263 0.998824 0.0105571 0.29084 0.0107587 -0.0110781 0.999881 0.0605709
0.998897 -0.045681 -0.0108764 8.77004 0.045792 0.998899 0.0101919 0.330066 0.0103989 -0.0106787 0.999889 0.0560769
0.998941 -0.0447976 -0.0104964 9.10798 0.0449169 0.998925 0.0114162 0.329754 0.00997369 -0.0118755 0.99988 0.0767
0.998968 -0.0442643 -0.010164 9.4589 0.0443964 0.998927 0.0131662 0.362761 0.0095703 -0.0136039 0.999862 0.0891937
0.998972 -0.0445749 -0.00822273 9.81888 0.0446759 0.998923 0.0125372 0.372749 0.00765503 -0.0128916 0.999888 0.0742893
0.998919 -0.045997 -0.0067464 10.1706 0.0460973 0.998816 0.0155529 0.368409 0.00602303 -0.0158471 0.999856 0.109459
0.998836 -0.0479649 -0.00515249 10.5348 0.0480404 0.998722 0.0156949 0.407648 0.0043931 -0.0159241 0.999864 0.0968022
0.99866 -0.0516694 -0.00281831 10.9119 0.0517114 0.998505 0.0177275 0.446457 0.00189813 -0.0178494 0.999839 0.103619
0.998397 -0.0565869 -0.00072329 11.2911 0.0565909 0.99824 0.0177124 0.458545 -0.000280276 -0.017725 0.999843 0.0900253
0.998077 -0.0619744 0.000780696 11.6659 0.0619529 0.99794 0.0166562 0.482055 -0.00181135 -0.0165758 0.999861 0.0776031
0.997636 -0.0687171 -0.000980764 12.0374 0.068724 0.997522 0.0150799 0.513466 -5.79139e-05 -0.0151117 0.999886 0.104327
0.996926 -0.0781894 -0.00496784 12.3978 0.0782425 0.996867 0.0115874 0.552668 0.00404627 -0.0119405 0.999921 0.103374
0.996029 -0.0886457 -0.00820801 12.7498 0.0887384 0.995986 0.0117231 0.581076 0.00713587 -0.0124049 0.999898 0.124803
0.994768 -0.101479 -0.0117508 13.1199 0.101614 0.994757 0.0115047 0.652128 0.0105217 -0.0126385 0.999865 0.0990707
0.993174 -0.115526 -0.0161294 13.4675 0.115723 0.993211 0.0118595 0.700682 0.0146498 -0.0136451 0.9998 0.0972525
0.991154 -0.131052 -0.0209661 13.8255 0.131321 0.991267 0.012019 0.75305 0.0192079 -0.0146659 0.999708 0.115678
0.988597 -0.148662 -0.0239796 14.1965 0.148971 0.988773 0.0116392 0.808144 0.02198 -0.0150787 0.999645 0.138106
0.985528 -0.168041 -0.0222894 14.5494 0.168275 0.985699 0.00905167 0.882224 0.0204496 -0.0126714 0.999711 0.134088
0.981736 -0.189235 -0.0196004 14.8962 0.189411 0.981869 0.00755198 0.976026 0.0178159 -0.0111266 0.999779 0.147361
0.977106 -0.21195 -0.0184827 15.25 0.212118 0.977215 0.00758878 1.08086 0.0164531 -0.0113355 0.9998 0.161905
0.971613 -0.235802 -0.0191174 15.6052 0.23598 0.971728 0.0076222 1.17566 0.0167795 -0.0119171 0.999788 0.154914
0.965231 -0.260616 -0.0202046 15.964 0.260818 0.965354 0.00806243 1.29282 0.0174034 -0.0130518 0.999763 0.187659
0.958191 -0.285473 -0.0193628 16.3091 0.285584 0.958348 0.00316549 1.39524 0.0176526 -0.00856285 0.999808 0.196593
0.950212 -0.310967 -0.0198919 16.6637 0.311053 0.950392 0.00128917 1.54942 0.0185042 -0.00741242 0.999801 0.213134
0.940913 -0.337857 -0.0231246 17.0109 0.337978 0.941153 0.0014126 1.69769 0.0212865 -0.00914473 0.999732 0.220632
0.930545 -0.36523 -0.0263369 17.3574 0.365409 0.930845 0.00216865 1.8466 0.0237235 -0.0116418 0.999651 0.226701
0.919052 -0.393104 -0.0285188 17.6937 0.393299 0.91941 0.00134844 2.00023 0.0256904 -0.0124557 0.999592 0.249965
0.906337 -0.421486 -0.0300464 18.0254 0.421598 0.906778 -0.00281382 2.19197 0.0284314 -0.0101172 0.999545 0.250623
0.892195 -0.450597 -0.0308325 18.3653 0.450672 0.892676 -0.00484207 2.37207 0.0297052 -0.00957527 0.999513 0.246308
0.876293 -0.480802 -0.0306695 18.6945 0.480881 0.87677 -0.00524033 2.57202 0.0294097 -0.0101563 0.999516 0.276105
0.859362 -0.51056 -0.0287365 19.025 0.510619 0.859787 -0.00576735 2.78727 0.0276518 -0.00971715 0.99957 0.290578
0.841198 -0.540003 -0.0279921 19.3315 0.540062 0.841603 -0.00604916 3.02106 0.0268248 -0.0100289 0.99959 0.302248
0.82119 -0.569944 -0.0284779 19.6344 0.570022 0.821607 -0.00607145 3.27517 0.026858 -0.0112472 0.999576 0.313061
0.800115 -0.599205 -0.0277305 19.9474 0.599268 0.800519 -0.00688008 3.51506 0.0263214 -0.0111132 0.999592 0.314432
0.778267 -0.627338 -0.0273386 20.2445 0.627384 0.77867 -0.00792704 3.76994 0.0262607 -0.0109825 0.999595 0.349424
0.755387 -0.65473 -0.0268231 20.5115 0.654691 0.75581 -0.0114585 4.05594 0.0277754 -0.00890526 0.999575 0.361399
0.731 -0.681885 -0.0259191 20.7879 0.681791 0.731419 -0.013676 4.3464 0.0282831 -0.00767425 0.99957 0.364156
0.705463 -0.708227 -0.0271348 21.0508 0.708126 0.70593 -0.0148362 4.64368 0.0296627 -0.00874853 0.999522 0.401198
0.679549 -0.733056 -0.0290035 21.3148 0.732961 0.680087 -0.0158154 4.95086 0.0313184 -0.0105111 0.999454 0.421788
0.653012 -0.756798 -0.0288413 21.5527 0.756569 0.653594 -0.0204334 5.26953 0.0343145 -0.00847717 0.999375 0.416682
0.625106 -0.780013 -0.0286632 21.7841 0.77975 0.625704 -0.0219949 5.60503 0.035091 -0.00860097 0.999347 0.426123
0.597156 -0.801632 -0.0281219 22.023 0.801376 0.597747 -0.0222634 5.93946 0.0346568 -0.00924146 0.999357 0.440749
0.56832 -0.822357 -0.027237 22.2268 0.822106 0.568891 -0.0224611 6.29254 0.0339659 -0.00962661 0.999377 0.460227
0.538579 -0.842145 -0.0269022 22.4336 0.8419 0.539151 -0.0228057 6.63358 0.0337101 -0.0103663 0.999378 0.482654
0.509105 -0.860387 -0.0233869 22.631 0.860043 0.509591 -0.0253628 6.99507 0.0337396 -0.00720146 0.999405 0.482711
0.479255 -0.877402 -0.0219211 22.8104 0.876998 0.479717 -0.0273133 7.37514 0.0344807 -0.0061347 0.999387 0.506747
0.448788 -0.893401 -0.0206012 22.9639 0.892925 0.449232 -0.0296044 7.75326 0.0357033 -0.00510927 0.999349 0.520039
0.417454 -0.908498 -0.0190601 23.1176 0.907932 0.417871 -0.0322969 8.12933 0.0373064 -0.00382284 0.999297 0.54187
0.38595 -0.922349 -0.0177453 23.2595 0.9217 0.386347 -0.0347229 8.51923 0.0388824 -0.0029545 0.999239 0.569395
0.353896 -0.935168 -0.0147948 23.3922 0.934364 0.354205 -0.0387636 8.91648 0.0414909 -0.000105475 0.999139 0.579846
0.320173 -0.94725 -0.0143886 23.511 0.946385 0.320495 -0.0404744 9.30968 0.0429509 -0.000658357 0.999077 0.598536
0.284545 -0.958578 -0.0127129 23.605 0.957683 0.284828 -0.0414248 9.72131 0.0433299 -0.00038771 0.999061 0.607348
0.248971 -0.968454 -0.0104919 23.6945 0.967534 0.249191 -0.0422037 10.1155 0.0434868 0.000356161 0.999054 0.628419
0.212261 -0.977164 -0.00974218 23.7608 0.976214 0.212484 -0.0430933 10.5358 0.0441793 -0.000363435 0.999024 0.654898
0.17456 -0.984623 -0.00686985 23.805 0.983678 0.174694 -0.0431255 10.9605 0.0436624 0.000770266 0.999046 0.67577
0.136981 -0.99057 -0.00282041 23.8369 0.98968 0.136978 -0.0420695 11.383 0.0420591 0.00297143 0.999111 0.698164
0.0994746 -0.99504 0.000775287 23.852 0.99415 0.0993526 -0.04236 11.8083 0.0420728 0.00498449 0.999102 0.717145
0.0616434 -0.998092 0.00339346 23.8644 0.997226 0.0614471 -0.0419969 12.2294 0.0417082 0.00597287 0.999112 0.747406
0.0237859 -0.999703 0.00537789 23.8449 0.998753 0.0235264 -0.0440294 12.6529 0.0438898 0.00641846 0.999016 0.769816
-0.0133761 -0.999897 0.00525318 23.8226 0.99886 -0.0136027 -0.045766 13.0719 0.0458327 0.00463502 0.998938 0.784514
-0.0503631 -0.998698 0.0081763 23.7757 0.99754 -0.0507011 -0.0484061 13.5086 0.0487576 0.00571831 0.998794 0.790026
-0.0868815 -0.996153 0.0114744 23.7328 0.994818 -0.0873641 -0.0520076 13.9442 0.0528099 0.00689642 0.998581 0.823118
-0.122715 -0.992348 0.0136494 23.6507 0.991004 -0.123266 -0.0521237 14.3673 0.0534074 0.00713025 0.998547 0.839612
-0.158669 -0.987181 0.0172424 23.5705 0.985767 -0.159376 -0.0535116 14.7912 0.0555737 0.00850641 0.998418 0.877479
-0.194655 -0.980692 0.0187636 23.4489 0.979326 -0.195387 -0.0523917 15.2156 0.0550463 0.00817737 0.99845 0.910986
-0.230427 -0.972877 0.020342 23.3338 0.971596 -0.231181 -0.05057 15.6328 0.0539011 0.00811147 0.998513 0.901867
-0.266001 -0.963721 0.0220347 23.2119 0.962701 -0.266754 -0.0452607 16.0552 0.0494965 0.00917348 0.998732 0.916956
-0.30052 -0.953429 0.0257153 23.0453 0.952668 -0.301361 -0.0400769 16.4558 0.0459601 0.0124543 0.998866 0.940624
-0.334707 -0.94191 0.0278662 22.8743 0.941245 -0.335592 -0.0379039 16.8807 0.0450538 0.0135422 0.998893 0.985095
-0.368472 -0.929149 0.0301586 22.7007 0.928596 -0.369401 -0.0353928 17.2855 0.0440258 0.0149639 0.998918 1.00793
-0.401776 -0.915193 0.0316022 22.496 0.914709 -0.402721 -0.0335236 17.6793 0.0434074 0.0154379 0.998938 1.02966
-0.434329 -0.90009 0.0345709 22.2868 0.899653 -0.435376 -0.0327396 18.0386 0.04452 0.0168821 0.998866 1.0323
-0.467277 -0.883191 0.0403189 22.0743 0.882787 -0.468587 -0.0333788 18.459 0.0483728 0.0199958 0.998629 1.04627
-0.500101 -0.864856 0.0438467 21.8495 0.864579 -0.501525 -0.0312507 18.8141 0.0490176 0.0222804 0.998549 1.07537
-0.532277 -0.845136 0.0492488 21.593 0.845056 -0.533904 -0.0287789 19.1737 0.0506162 0.0262996 0.998372 1.10551
-0.563838 -0.824209 0.0525995 21.3329 0.824246 -0.565587 -0.0270059 19.5345 0.0520081 0.028128 0.99825 1.12882
-0.595816 -0.801199 0.0555355 21.0527 0.801347 -0.59767 -0.0251567 19.8865 0.0533474 0.0295145 0.99814 1.14132
-0.626764 -0.777116 0.057082 20.7611 0.777317 -0.628664 -0.0236648 20.209 0.0542757 0.0295385 0.998089 1.16983
-0.656813 -0.751705 0.0594721 20.4598 0.751992 -0.658805 -0.021996 20.5207 0.055715 0.0302753 0.997988 1.18914
-0.686063 -0.724948 0.0613816 20.1433 0.72536 -0.688096 -0.0194044 20.8396 0.0563037 0.0312111 0.997926 1.22009
-0.714586 -0.696613 0.064006 19.8167 0.697241 -0.716666 -0.0156389 21.1318 0.0567652 0.0334522 0.997827 1.24369
-0.741272 -0.668056 0.0649445 19.4731 0.668861 -0.743297 -0.0116396 21.4044 0.0560489 0.0348107 0.997821 1.26622
-0.767094 -0.638078 0.0664984 19.1242 0.639037 -0.76913 -0.0084772 21.6664 0.056555 0.0359921 0.997751 1.30425
-0.791308 -0.607668 0.0676106 18.756 0.608649 -0.793405 -0.00735351 21.9129 0.0581111 0.0353322 0.997685 1.3275
-0.81406 -0.57672 0.0685542 18.3934 0.577756 -0.81619 -0.00561396 22.1472 0.0591909 0.0350375 0.997632 1.32057
-0.835761 -0.544834 0.0682656 18.0195 0.545847 -0.837873 -0.0044445 22.381 0.0596194 0.0335481 0.997657 1.34436
-0.855419 -0.513087 0.070706 17.6305 0.514224 -0.857653 -0.00245656 22.5934 0.0619016 0.0342573 0.997494 1.37419
-0.87377 -0.481234 0.0702842 17.2543 0.482393 -0.875955 -0.000550883 22.7739 0.0618309 0.0334233 0.997527 1.42574
-0.890823 -0.448791 0.0708539 16.8484 0.450065 -0.892993 0.00228176 22.9597 0.062248 0.0339215 0.997484 1.45028
-0.906585 -0.416071 0.0706292 16.4455 0.417298 -0.908765 0.00291055 23.1286 0.0629743 0.0321121 0.997498 1.49473
-0.921325 -0.382344 0.0705261 16.0322 0.383473 -0.923548 0.00268272 23.2657 0.0641086 0.0295165 0.997506 1.52831
-0.934649 -0.348569 0.0702202 15.6196 0.349762 -0.936825 0.00507702 23.4036 0.0640144 0.0293056 0.997519 1.54695
-0.947189 -0.312934 0.0700433 15.1972 0.314393 -0.949234 0.0105955 23.5235 0.0631718 0.032057 0.997488 1.54063
-0.958285 -0.276673 0.0717122 14.7781 0.278101 -0.960494 0.0105596 23.6245 0.0659576 0.0300623 0.997369 1.62511
-0.967842 -0.240868 0.0725624 14.3568 0.242352 -0.970111 0.0122664 23.6985 0.067439 0.0294576 0.997288 1.64404
-0.976231 -0.204499 0.0717917 13.9365 0.205928 -0.97848 0.0130313 23.7578 0.0675819 0.0275055 0.997335 1.66251
-0.983 -0.168284 0.0734192 13.5106 0.169816 -0.98536 0.0150954 23.8124 0.0698041 0.0273066 0.997187 1.67323
-0.988386 -0.131311 0.0764821 13.0775 0.132938 -0.990986 0.0165569 23.8517 0.0736186 0.026532 0.996933 1.72292
-0.992516 -0.0946199 0.0772012 12.6394 0.09619 -0.99522 0.0168714 23.8678 0.0752358 0.0241711 0.996873 1.76891
-0.995527 -0.0571573 0.0752304 12.2054 0.0587222 -0.998098 0.0187559 23.8779 0.0740152 0.0230897 0.99699 1.77824
-0.99707 -0.020004 0.0738368 11.7608 0.0215888 -0.999552 0.020729 23.8751 0.073389 0.0222623 0.997055 1.83103
-0.997339 0.0172169 0.0708463 11.3204 -0.0155053 -0.999576 0.0246384 23.8398 0.0712405 0.0234743 0.997183 1.84263
-0.996107 0.0549832 0.0689054 10.8755 -0.0532984 -0.998239 0.0260571 23.801 0.0702168 0.0222831 0.997283 1.88184
-0.993408 0.0928493 0.0672258 10.4336 -0.0911762 -0.995454 0.027549 23.7482 0.0694781 0.021238 0.997357 1.94073
-0.989245 0.130642 0.0657801 9.99645 -0.128825 -0.991177 0.0311681 23.6453 0.0692716 0.0223588 0.997347 1.96392
-0.983526 0.168866 0.0645038 9.54117 -0.167036 -0.985404 0.0328225 23.554 0.069105 0.0215073 0.997378 1.99263
-0.975921 0.208499 0.0640768 9.11003 -0.206669 -0.977819 0.0340336 23.4393 0.0697514 0.0199714 0.997364 2.03735
-0.966961 0.246948 0.0632636 8.69093 -0.245164 -0.968861 0.0346772 23.3071 0.0698571 0.0180215 0.997394 2.07183
-0.956423 0.285582 0.0608044 8.25666 -0.283749 -0.958181 0.0370958 23.1561 0.0688555 0.0182261 0.99746 2.06536
-0.944028 0.32429 0.0603869 7.84384 -0.322489 -0.94582 0.0377594 22.9976 0.06936 0.0161718 0.997461 2.138
-0.930344 0.36233 0.0563587 7.43837 -0.360435 -0.931877 0.0411335 22.8127 0.0674232 0.0179547 0.997563 2.11836
-0.915126 0.399362 0.0552697 7.0201 -0.397547 -0.916659 0.0411346 22.6237 0.0670911 0.015671 0.997624 2.16463
-0.898344 0.436191 0.0521112 6.62973 -0.434296 -0.899696 0.0439793 22.3957 0.0660676 0.0168769 0.997672 2.18785
-0.880077 0.472019 0.0516019 6.24473 -0.470098 -0.88145 0.0453247 22.176 0.0668786 0.0156313 0.997639 2.24239
-0.860276 0.507227 0.0514457 5.86362 -0.505202 -0.861681 0.0477098 21.9207 0.0685294 0.0150531 0.997536 2.26698
-0.838791 0.54207 0.0508856 5.51438 -0.539886 -0.840194 0.0509552 21.6562 0.0703751 0.0152684 0.997404 2.27587
-0.816542 0.574978 0.0515697 5.1797 -0.572859 -0.818083 0.0507263 21.3991 0.0713548 0.0118779 0.99738 2.3383
-0.793127 0.606981 0.0502349 4.83876 -0.604768 -0.794629 0.0530953 21.1076 0.072146 0.0117309 0.997325 2.3376
-0.768744 0.637535 0.0508081 4.51349 -0.635209 -0.770352 0.0553835 20.8186 0.0744491 0.0103019 0.997172 2.39039
-0.743125 0.66727 0.0501527 4.19615 -0.664942 -0.744767 0.0563416 20.5071 0.0749472 0.00852022 0.997151 2.41165
-0.717608 0.694885 0.0466317 3.88786 -0.692648 -0.719075 0.0562952 20.1917 0.0726504 0.00809849 0.997325 2.42051
-0.690757 0.721834 0.0425513 3.60904 -0.719665 -0.692015 0.056554 19.8375 0.0702687 0.00844243 0.997492 2.46344
-0.662939 0.747551 0.0409853 3.32665 -0.745499 -0.664174 0.0557209 19.5013 0.0688756 0.00638503 0.997605 2.53325
-0.634544 0.772026 0.0364647 3.05434 -0.770056 -0.63555 0.0555887 19.1373 0.066091 0.00719361 0.997788 2.51577
-0.604922 0.795608 0.0328211 2.80775 -0.793707 -0.605765 0.0554846 18.7611 0.0640259 0.00751348 0.99792 2.52667
-0.574749 0.817774 0.0301418 2.56008 -0.815817 -0.57548 0.0571446 18.3896 0.0640774 0.00825361 0.997911 2.60222
-0.543343 0.839053 0.0277123 2.33031 -0.837121 -0.54399 0.0574732 17.9866 0.0632983 0.00802908 0.997962 2.59703
-0.510908 0.859081 0.0308575 2.10552 -0.857156 -0.511831 0.0575586 17.5957 0.0652414 0.00295752 0.997865 2.65256
-0.478426 0.877652 0.0289112 1.90988 -0.875704 -0.479291 0.0585018 17.1841 0.065201 0.00267111 0.997869 2.63569
-0.444996 0.894994 0.0310401 1.71749 -0.893025 -0.446076 0.0593515 16.7745 0.0669655 -0.00130836 0.997754 2.74321
-0.410948 0.91122 0.0282842 1.57172 -0.909406 -0.411915 0.0574945 16.3329 0.0640408 -0.00209451 0.997945 2.7321
-0.378244 0.925378 0.0246399 1.41803 -0.923767 -0.37904 0.0546241 15.9324 0.0598875 -0.00210033 0.998203 2.76856
-0.344401 0.938606 0.0201638 1.27436 -0.936977 -0.344991 0.055269 15.4843 0.0588321 0.00014172 0.998268 2.80283
-0.309833 0.95058 0.0200522 1.14087 -0.948864 -0.310478 0.057104 15.0337 0.0605077 -0.00133413 0.998167 2.8592
-0.274633 0.961321 0.0209293 1.03652 -0.959645 -0.275393 0.0569297 14.6111 0.0604915 -0.00444998 0.998159 2.88931
-0.23883 0.970859 0.0198297 0.966036 -0.969165 -0.23959 0.0575794 14.1722 0.0606524 -0.00546659 0.998144 2.90359
-0.203781 0.978845 0.0183451 0.891209 -0.977205 -0.204507 0.0569915 13.7364 0.0595375 -0.00631314 0.998206 2.9377
-0.168645 0.985539 0.0164641 0.83675 -0.983807 -0.16933 0.0587499 13.2799 0.0606882 -0.00628962 0.998137 2.96024
-0.132879 0.991025 0.0145631 0.773654 -0.989322 -0.13351 0.0584627 12.838 0.0598823 -0.00663907 0.998183 2.98596
-0.096821 0.995249 0.0102141 0.762834 -0.993496 -0.0972581 0.0592159 12.3993 0.059928 -0.00441435 0.998193 3.00961
-0.0611614 0.998117 0.00468734 0.763678 -0.996305 -0.0613327 0.0601157 11.9575 0.06029 -0.00099326 0.99818 3.04803
-0.0242944 0.999704 0.000891179 0.77992 -0.997831 -0.0243034 0.0611844 11.497 0.0611879 0.000597191 0.998126 3.06112
0.0148688 0.999888 0.00177468 0.789274 -0.997939 0.014729 0.0624546 11.0596 0.0624215 -0.00269965 0.998046 3.10552
0.0548437 0.998495 0.000366989 0.828772 -0.996475 0.0547094 0.0635981 10.6383 0.0634823 -0.00385365 0.997976 3.11624
0.0950832 0.995465 -0.00298843 0.900003 -0.993429 0.09508 0.0637014 10.2051 0.0636966 -0.00308814 0.997965 3.1449
0.134371 0.990915 -0.00569366 0.981791 -0.98907 0.134468 0.0604844 9.77562 0.0607005 -0.00249592 0.998153 3.16295
0.172663 0.98492 -0.0109932 1.07809 -0.983112 0.173012 0.0596534 9.33033 0.0606558 0.000507616 0.998159 3.22284
0.211575 0.977294 -0.0114666 1.21369 -0.975692 0.211885 0.0559493 8.91431 0.0571086 -0.000649656 0.998368 3.23273
0.249386 0.968283 -0.0153435 1.33521 -0.967016 0.249845 0.049582 8.48974 0.0518428 0.00247235 0.998652 3.19882
0.285999 0.958131 -0.0137726 1.47187 -0.956865 0.286329 0.0492352 8.06808 0.0511173 -0.000902702 0.998692 3.28727
0.322262 0.946523 -0.0155304 1.64459 -0.945331 0.322635 0.047494 7.65383 0.0499648 -0.000624172 0.998751 3.31154
0.357325 0.93385 -0.0155727 1.80223 -0.932717 0.357659 0.0460333 7.23281 0.048558 -0.00192398 0.998819 3.35243
0.391942 0.919845 -0.0163639 1.98787 -0.918841 0.392279 0.0429887 6.83499 0.0459622 -0.00181326 0.998942 3.37486
0.425876 0.90463 -0.0165733 2.19822 -0.903829 0.426197 0.0380757 6.44014 0.0415079 -0.00123607 0.999137 3.37629
0.459578 0.887957 -0.0178839 2.42128 -0.887227 0.459925 0.0360227 6.07368 0.0402119 -0.000688218 0.999191 3.3924
0.493463 0.869558 -0.0190664 2.6632 -0.868701 0.493824 0.0386681 5.67615 0.0430396 -0.00251824 0.99907 3.43575
0.52726 0.849502 -0.0185306 2.92124 -0.848611 0.527563 0.0392045 5.30046 0.0430804 -0.00494566 0.999059 3.4484
0.560302 0.828099 -0.0177257 3.18176 -0.827291 0.560549 0.0370802 4.9465 0.0406422 -0.00611182 0.999155 3.45851
0.59231 0.805459 -0.0201124 3.45154 -0.804855 0.592647 0.0312674 4.60447 0.0371042 -0.00233246 0.999309 3.4594
0.623163 0.781789 -0.0217837 3.74668 -0.781282 0.623543 0.028145 4.28953 0.0355865 -0.000519675 0.999366 3.49214
0.652395 0.757538 -0.0227226 4.05382 -0.757069 0.652791 0.0266545 3.95603 0.0350249 -0.000186737 0.999386 3.51064
0.680811 0.732074 -0.023747 4.37735 -0.731606 0.681225 0.0261739 3.63605 0.0353383 -0.000445991 0.999375 3.52027
0.708167 0.705682 -0.0226323 4.69013 -0.70516 0.708521 0.0273413 3.34133 0.0353298 -0.00340281 0.99937 3.52798
0.7339 0.678775 -0.0256008 5.02362 -0.678168 0.734336 0.0289702 3.05491 0.0384638 -0.00389953 0.999252 3.55702
0.759165 0.65028 -0.0283609 5.39727 -0.649734 0.759692 0.0267004 2.79448 0.0389083 -0.00184298 0.999241 3.545
0.783246 0.621076 -0.0281172 5.76596 -0.620597 0.783749 0.0244446 2.54929 0.0372188 -0.00169665 0.999306 3.58251
0.805454 0.591885 -0.0302814 6.12559 -0.591481 0.806023 0.0218689 2.25238 0.0373514 0.000296473 0.999302 3.66054
0.827387 0.560834 -0.0299212 6.52131 -0.560472 0.827928 0.0201649 2.03342 0.0360817 8.58016e-05 0.999349 3.69481
0.848417 0.528593 -0.0279008 6.89223 -0.528251 0.848874 0.0190601 1.80993 0.0337593 -0.00143225 0.999429 3.70179
0.868328 0.495265 -0.0268265 7.28314 -0.494966 0.86874 0.0172907 1.61258 0.0318687 -0.00173581 0.999491 3.70442
0.887242 0.460578 -0.0258802 7.69253 -0.460384 0.887619 0.0133553 1.42688 0.0291229 6.54366e-05 0.999576 3.72743
0.904513 0.425787 -0.0236914 8.0922 -0.425704 0.904821 0.008711 1.27279 0.0251455 0.00220633 0.999681 3.73543
0.920747 0.389486 -0.0229191 8.52274 -0.389456 0.921026 0.00594138 1.12074 0.0234232 0.00345549 0.99972 3.75555
0.935369 0.353019 -0.0215149 8.95332 -0.352977 0.935614 0.00584373 0.994133 0.0221926 0.00212821 0.999751 3.78147
0.94856 0.315912 -0.0208229 9.40203 -0.315865 0.948788 0.00556145 0.86947 0.0215134 0.00130185 0.999768 3.79396
0.96061 0.277142 -0.0205183 9.83625 -0.277097 0.960829 0.00505046 0.758317 0.0211143 0.000834037 0.999777 3.79737
0.971182 0.23748 -0.0202353 10.2785 -0.237438 0.971392 0.00446856 0.667132 0.0207176 0.000464852 0.999785 3.81422
0.980076 0.197739 -0.0187201 10.7366 -0.197707 0.980255 0.00355634 0.611988 0.0190537 0.000215621 0.999818 3.8498
0.987303 0.157986 -0.0165531 11.2063 -0.158006 0.987438 0.000110103 0.553431 0.0163626 0.00250679 0.999863 3.84051
0.992896 0.118007 -0.0152478 11.6558 -0.118063 0.993002 -0.00281675 0.524565 0.0148087 0.00459695 0.99988 3.84779
0.996901 0.0773318 -0.0144003 12.1381 -0.0774685 0.996952 -0.00918451 0.562415 0.0136462 0.0102716 0.999854 3.73167
0.99912 0.0384906 -0.0166413 12.5984 -0.0385959 0.999237 -0.00605701 0.528836 0.0163955 0.00669397 0.999843 3.81026
0.99983 -0.000983465 -0.0184118 13.0433 0.000826827 0.999963 -0.00851315 0.533306 0.0184195 0.00849648 0.999794 3.82074
0.998947 -0.0407729 -0.0210537 13.5333 0.0405454 0.999116 -0.0111232 0.594224 0.0214886 0.0102578 0.999716 3.77993
0.996522 -0.0800942 -0.0229758 13.9968 0.0798515 0.996743 -0.0112919 0.657815 0.0238053 0.00941794 0.999672 3.78844
0.992595 -0.11942 -0.0222226 14.4287 0.119217 0.992816 -0.0102243 0.744546 0.0232839 0.00749929 0.999701 3.84646
0.987368 -0.156863 -0.0223149 14.8822 0.156619 0.987583 -0.0122945 0.814578 0.0239664 0.00864422 0.999675 3.88388
0.980417 -0.195745 -0.0215846 15.36 0.195598 0.980645 -0.00875715 0.930306 0.022881 0.00436375 0.999729 3.92444
0.972104 -0.233761 -0.0192334 15.809 0.233596 0.972278 -0.0104556 1.07765 0.0211443 0.00567106 0.99976 3.8903
0.962518 -0.270588 -0.0184578 16.2485 0.270334 0.962648 -0.0151392 1.17254 0.0218648 0.00958204 0.999715 3.95997
0.951183 -0.308206 -0.0161247 16.6919 0.307937 0.951251 -0.0172052 1.37374 0.0206414 0.0114 0.999722 3.91826
0.938345 -0.345343 -0.0156792 17.1242 0.344893 0.938289 -0.0257439 1.5708 0.0236021 0.018749 0.999546 3.88709
0.923879 -0.382164 -0.0199282 17.5745 0.381769 0.924019 -0.0210172 1.71147 0.0264461 0.0118094 0.99958 4.00239
0.907749 -0.419011 -0.0205258 18.01 0.418487 0.907864 -0.0255152 1.92807 0.0293258 0.0145716 0.999464 3.99887
0.888931 -0.457566 -0.0208445 18.4127 0.457035 0.889074 -0.0258131 2.16817 0.0303435 0.0134194 0.999449 4.03048
0.868287 -0.495725 -0.0183051 18.843 0.495168 0.868346 -0.028007 2.42821 0.0297789 0.015254 0.99944 4.04473
0.846534 -0.532157 -0.0137165 19.245 0.531633 0.846461 -0.0294892 2.74114 0.0273034 0.0176715 0.999471 4.07272
0.823749 -0.566896 -0.00812781 19.6272 0.566382 0.823477 -0.0331139 3.02933 0.0254652 0.0226741 0.999419 4.03878
0.79926 -0.600949 -0.00665696 19.984 0.600435 0.798953 -0.0339346 3.30572 0.0257115 0.0231255 0.999402 4.128
0.772754 -0.634679 -0.00582106 20.3497 0.634112 0.772395 -0.0361521 3.61897 0.0274412 0.0242455 0.999329 4.12353
0.745288 -0.666713 -0.00624406 20.6875 0.666149 0.744988 -0.0351788 3.94431 0.0281059 0.0220589 0.999362 4.13625
0.717189 -0.696859 -0.00519221 20.9965 0.69632 0.716892 -0.0346997 4.27066 0.0279031 0.0212708 0.999384 4.16459
0.687443 -0.726228 -0.00391981 21.3139 0.725642 0.687087 -0.0367993 4.64471 0.0294179 0.022453 0.999315 4.17083
0.656151 -0.754625 -0.00247076 21.6145 0.753995 0.65573 -0.0388598 5.00579 0.0309447 0.023635 0.999242 4.18932
0.624231 -0.781239 -0.000861921 21.8905 0.780667 0.623815 -0.0375904 5.37253 0.0299048 0.0227922 0.999293 4.2112
0.591562 -0.806256 0.00227577 22.1409 0.80571 0.591053 -0.0385672 5.76026 0.02975 0.0246485 0.999253 4.25819
0.557555 -0.830128 0.00448103 22.3886 0.829617 0.557005 -0.038482 6.15307 0.029449 0.0251734 0.999249 4.25872
0.522068 -0.852891 0.00462097 22.6077 0.852394 0.521562 -0.0373882 6.60664 0.0294779 0.0234581 0.99929 4.29047
0.486137 -0.873846 0.00797101 22.8118 0.873462 0.4856 -0.0354432 7.01274 0.0271012 0.0241926 0.99934 4.30346
0.448786 -0.893565 0.011501 23.0027 0.893295 0.448219 -0.0335056 7.43617 0.0247845 0.0253106 0.999372 4.34699
0.410399 -0.911811 0.0132008 23.1866 0.911591 0.409833 -0.0322357 7.88011 0.0239828 0.0252632 0.999393 4.38053
0.37113 -0.928463 0.0148116 23.3299 0.92825 0.370526 -0.0325873 8.34047 0.024768 0.025843 0.999359 4.3982
0.331094 -0.943471 0.0154589 23.4717 0.943299 0.330532 -0.0305687 8.78759 0.023731 0.0247035 0.999413 4.39784
0.29071 -0.95667 0.0164142 23.5797 0.956448 0.290084 -0.0325424 9.25412 0.0263708 0.0251598 0.999336 4.4324
0.249743 -0.968166 0.0168513 23.6852 0.967895 0.249087 -0.0336805 9.7218 0.0284108 0.0247218 0.999291 4.45306
0.208356 -0.977866 0.0191081 23.7579 0.977573 0.207602 -0.0353944 10.2145 0.0306441 0.0260542 0.999191 4.45597
0.166487 -0.985828 0.0206348 23.8218 0.985552 0.165707 -0.0350394 10.6899 0.0311234 0.0261703 0.999173 4.46298
0.125227 -0.991851 0.0234568 23.8647 0.99164 0.124389 -0.0343098 11.1727 0.0311124 0.0275572 0.999136 4.47064
0.0837623 -0.99616 0.0254636 23.8668 0.996028 0.0829225 -0.0324224 11.66 0.0301864 0.0280782 0.99915 4.51947
0.0421305 -0.998788 0.0254477 23.8699 0.998599 0.0412792 -0.033099 12.1246 0.0320085 0.0268066 0.999128 4.5529
-8.344e-05 -0.999639 0.0268627 23.8606 0.999441 -0.000981598 -0.0334237 12.6356 0.033438 0.0268449 0.99908 4.52826
-0.042463 -0.998693 0.0284556 23.8189 0.99862 -0.0433067 -0.0297184 13.1298 0.0309119 0.0271543 0.999153 4.50335
-0.0840888 -0.99593 0.0324536 23.7597 0.995975 -0.0850177 -0.0283895 13.6144 0.0310331 0.0299358 0.99907 4.52428
-0.125628 -0.991478 0.0344774 23.6758 0.991609 -0.126561 -0.0263324 14.1043 0.0304714 0.03088 0.999059 4.54134
-0.166608 -0.985369 0.0359195 23.5682 0.985542 -0.167554 -0.0251561 14.6175 0.0308065 0.031209 0.999038 4.56885
-0.207278 -0.977556 0.0376867 23.4281 0.977819 -0.208211 -0.0227496 15.1149 0.0300858 0.0321353 0.999031 4.55606
-0.247306 -0.968142 0.0392576 23.3038 0.968555 -0.248144 -0.0180694 15.5668 0.0272353 0.0335545 0.999066 4.60043
-0.287269 -0.956889 0.0428908 23.1133 0.957473 -0.288124 -0.0151613 16.0521 0.0268656 0.0367114 0.998965 4.62261
-0.326317 -0.944242 0.0438564 22.9479 0.944883 -0.327146 -0.0130804 16.506 0.0266985 0.0371708 0.998952 4.61155
-0.365622 -0.929636 0.0457905 22.7376 0.930332 -0.366507 -0.0124189 16.9615 0.0283276 0.0380598 0.998874 4.62689
-0.40377 -0.913626 0.0475152 22.53 0.914343 -0.404743 -0.0126354 17.4096 0.0307755 0.0383434 0.998791 4.66495
-0.44012 -0.896641 0.048262 22.2983 0.897369 -0.44112 -0.0119346 17.8195 0.0319903 0.0380561 0.998763 4.65737
-0.4766 -0.877584 0.0519425 22.0416 0.878434 -0.477731 -0.0113043 18.2647 0.0347351 0.0402404 0.998586 4.61858
-0.511978 -0.857321 0.0536568 21.7896 0.858089 -0.513311 -0.0139714 18.6819 0.0395206 0.0388893 0.998462 4.72634
-0.545522 -0.836098 0.0578441 21.4858 0.83696 -0.547076 -0.0143255 19.0916 0.0436227 0.0405983 0.998223 4.74637
-0.579375 -0.813128 0.0561017 21.2113 0.813778 -0.580951 -0.0161414 19.4814 0.0457174 0.0363024 0.998295 4.77133
-0.611983 -0.788741 0.0580102 20.8852 0.789477 -0.613612 -0.0143875 19.8853 0.0469438 0.0369929 0.998212 4.77676
-0.6441 -0.762614 0.0596232 20.5666 0.763463 -0.645743 -0.0118486 20.2477 0.0475372 0.0378885 0.998151 4.81425
-0.675739 -0.734463 0.0627756 20.2071 0.735533 -0.677437 -0.00835171 20.5783 0.0486605 0.0405299 0.997993 4.85679
-0.705949 -0.705525 0.0622068 19.8447 0.706555 -0.707621 -0.00727801 20.9092 0.0491537 0.0388146 0.998037 4.88439
-0.735466 -0.674662 0.0626272 19.479 0.675749 -0.737115 -0.00499289 21.2428 0.0495319 0.0386482 0.998025 4.88806
-0.764227 -0.641454 0.0670397 19.0437 0.642803 -0.766029 -0.00186106 21.5373 0.0525482 0.0416711 0.997749 4.9214
-0.791311 -0.607694 0.0673381 18.6779 0.608905 -0.793237 -0.00314079 21.8224 0.0553237 0.0385172 0.997725 4.96942
-0.816833 -0.572935 0.0673013 18.2427 0.57414 -0.818755 -0.00174336 22.1145 0.0561022 0.0372163 0.997731 4.99388
-0.840332 -0.53799 0.0664048 17.8342 0.539164 -0.842201 -0.000278318 22.3577 0.0560759 0.0355692 0.997793 5.02459
-0.861922 -0.502708 0.066144 17.3819 0.504009 -0.863691 0.00350908 22.5954 0.055364 0.0363617 0.997804 5.05164
-0.882321 -0.465857 0.0669789 16.9212 0.46745 -0.883968 0.0095416 22.829 0.0547622 0.0397281 0.997709 5.04311
-0.90101 -0.428474 0.0677582 16.4717 0.430186 -0.902655 0.0123665 23.0267 0.0558635 0.040291 0.997625 5.06656
-0.918341 -0.389856 0.0682808 16.0045 0.391751 -0.919925 0.0164354 23.1944 0.0564057 0.0418424 0.997531 5.09993
-0.934268 -0.350092 0.0676691 15.5433 0.351893 -0.935896 0.0164466 23.3402 0.0575734 0.0391778 0.997572 5.14587
-0.948523 -0.309152 0.0687693 15.0657 0.310999 -0.950245 0.0177356 23.4944 0.0598646 0.0382098 0.997475 5.15008
-0.961146 -0.267261 0.0690693 14.5765 0.269094 -0.962935 0.0185804 23.6105 0.0615434 0.0364446 0.997439 5.20903
-0.972044 -0.224711 0.0680876 14.0877 0.226833 -0.973609 0.0251336 23.7002 0.0606429 0.0398755 0.997363 5.22762
-0.981524 -0.18081 0.0625915 13.6015 0.182931 -0.982669 0.0299527 23.7867 0.056091 0.0408493 0.99759 5.265
-0.988748 -0.136984 0.0601018 13.131 0.139279 -0.989606 0.0358009 23.7977 0.054573 0.043769 0.99755 5.26075
-0.994186 -0.0921811 0.0556472 12.6413 0.0942789 -0.994883 0.0363254 23.813 0.0520139 0.0413606 0.997789 5.29768
-0.997339 -0.0473554 0.0554229 12.1618 0.0495771 -0.997992 0.0394215 23.8324 0.0534448 0.0420643 0.997684 5.29318
-0.998097 -0.00135096 0.0616516 11.597 0.00388751 -0.99915 0.0410419 23.8101 0.0615437 0.0412035 0.997254 5.42484
-0.997004 0.044103 0.0635413 11.0973 -0.0414021 -0.998208 0.0432139 23.7835 0.0653333 0.0404537 0.997043 5.47269
-0.993842 0.0892531 0.0656696 10.5825 -0.0864985 -0.995295 0.043663 23.7183 0.0692577 0.0377138 0.996886 5.50936
-0.988698 0.134362 0.0665119 10.0746 -0.13158 -0.990302 0.0446053 23.6327 0.0718601 0.0353495 0.996788 5.54811
-0.981921 0.178421 0.06323 9.59933 -0.175735 -0.983371 0.0458133 23.5279 0.0703526 0.0338733 0.996947 5.60561
-0.973101 0.222253 0.0606484 9.11628 -0.219588 -0.974429 0.0476344 23.3923 0.0696844 0.0330354 0.997022 5.63814
-0.962555 0.264949 0.0573598 8.64367 -0.26226 -0.963684 0.0503319 23.2453 0.068612 0.033404 0.997084 5.65881
-0.95022 0.306719 0.0548242 8.16148 -0.303918 -0.951173 0.0538842 23.1018 0.0686746 0.0345398 0.997041 5.73403
-0.936374 0.347148 0.0518775 7.76651 -0.344245 -0.937123 0.057413 22.8516 0.0685464 0.0359015 0.997002 5.77413
-0.920242 0.387918 0.0517195 7.32093 -0.384965 -0.921063 0.0586897 22.642 0.0704037 0.0340985 0.996936 5.81683
-0.902291 0.427238 0.0577827 6.86938 -0.424185 -0.903707 0.058142 22.431 0.0770591 0.0279505 0.996635 5.84561
-0.882595 0.466245 0.0603527 6.40241 -0.462956 -0.884274 0.0610779 22.198 0.0818456 0.0259663 0.996307 5.87035
-0.861931 0.503449 0.0601156 5.98467 -0.5001 -0.863691 0.0627482 21.9381 0.0835119 0.0240208 0.996217 5.93686
-0.839842 0.540266 0.0527065 5.62219 -0.536909 -0.841058 0.0659496 21.6472 0.0799596 0.0270886 0.99643 5.98373
-0.81668 0.574948 0.0496799 5.24045 -0.571603 -0.817755 0.0674292 21.3379 0.0793942 0.0266709 0.996486 6.05712
-0.791153 0.609794 0.0472035 4.86179 -0.606612 -0.792191 0.0667433 21.0508 0.0780939 0.02417 0.996653 6.06685
-0.764597 0.643155 0.0417384 4.53082 -0.640228 -0.765376 0.0656372 20.7031 0.0741604 0.023464 0.99697 6.08657
-0.736574 0.675308 0.0376545 4.14743 -0.67242 -0.737149 0.0668059 20.3854 0.0728715 0.0238878 0.997055 6.10968
-0.706609 0.706705 0.0356557 3.85175 -0.703994 -0.707195 0.0653268 20.0176 0.0713823 0.0210591 0.997227 6.12115
-0.671842 0.739461 0.0427213 3.44876 -0.737168 -0.673152 0.0587344 19.6656 0.0721897 0.00796747 0.997359 6.09636
-0.639042 0.767588 0.0493257 3.04427 -0.765429 -0.640942 0.0575473 19.3014 0.0757876 -0.000980181 0.997124 6.12083
-0.605228 0.794792 0.0447724 2.78897 -0.792649 -0.606881 0.0583304 18.8445 0.0735321 -0.000185624 0.997293 6.13893
-0.570128 0.820365 0.0442058 2.50341 -0.81812 -0.571837 0.0606794 18.4481 0.0750578 -0.00157059 0.997178 6.2251
-0.534442 0.844225 0.0407057 2.25055 -0.842042 -0.535986 0.0606984 18.0217 0.0730607 -0.00183615 0.997326 6.28511
-0.498237 0.866242 0.0372172 2.03582 -0.864191 -0.499619 0.0596174 17.5735 0.0702375 -0.00245913 0.997527 6.3382
-0.463612 0.88567 0.0255396 1.86477 -0.883205 -0.46424 0.0665591 17.0391 0.0708059 0.00830084 0.997456 6.45547
-0.425273 0.90484 0.0201863 1.69929 -0.902344 -0.425617 0.0680067 16.5439 0.0701268 0.0107064 0.997481 6.55103
-0.38631 0.922163 0.0194942 1.52583 -0.919844 -0.386729 0.0657852 16.1303 0.0682036 0.00748185 0.997643 6.5514
-0.344359 0.938502 0.0251205 1.28137 -0.936461 -0.345267 0.061898 15.6031 0.0667647 -0.00220923 0.997766 6.39681
-0.306488 0.95161 0.0224477 1.16859 -0.949439 -0.307305 0.0642624 15.1145 0.068051 -0.001617 0.997681 6.58298
-0.267233 0.963505 0.0156203 1.06523 -0.961316 -0.267679 0.0649571 14.5788 0.0667677 0.00234265 0.997766 6.65871
