1 0 0 0 0 1 0 0 0 0 1 0
1 -7.43332e-05 -9.49333e-06 -0.000390871 7.43331e-05 1 -1.28918e-05 -0.00140727 9.49429e-06 1.28911e-05 1 0.000659096
1 -0.000170497 -5.09866e-06 -0.000290347 0.000170497 1 -9.16999e-06 -0.00173082 5.10023e-06 9.16912e-06 1 -0.000825464
1 -0.00025002 -1.16739e-05 -0.00207298 0.00025002 1 -8.51852e-06 -0.00351192 1.1676e-05 8.5156e-06 1 0.000160205
1 -0.000309438 3.17069e-06 0.00170356 0.000309438 1 -3.27248e-05 -0.00798677 -3.16057e-06 3.27258e-05 1 0.000642122
1 -0.000424433 -1.16385e-06 0.0030931 0.000424433 1 -1.29949e-05 -0.00958055 1.16936e-06 1.29944e-05 1 0.000606924
1 -0.000478415 1.00111e-05 0.00903124 0.000478415 1 -7.52865e-06 -0.00980897 -1.00075e-05 7.53344e-06 1 -0.000845197
1 -0.000245511 0.000131602 0.00999435 0.000245521 1 -7.58186e-05 -0.00866152 -0.000131584 7.58509e-05 1 -0.00149177
1 -1.2497e-05 0.000167306 -0.000479946 1.25149e-05 1 -0.000106463 -0.00838279 -0.000167304 0.000106465 1 8.52427e-05
1 0.000241359 0.000106524 -0.0240555 -0.000241351 1 -7.59551e-05 -0.00477327 -0.000106542 7.59294e-05 1 -0.00157458
1 0.000818144 0.000108435 -0.0486237 -0.000818139 1 -4.10063e-05 -0.00619116 -0.000108469 4.09175e-05 1 -0.000878458
0.999998 0.00213648 0.000159531 -0.0702158 -0.00213647 0.999998 -6.66964e-05 -0.00907526 -0.000159673 6.63555e-05 1 -0.000181535
0.999993 0.00380887 0.000166785 -0.0936916 -0.00380886 0.999993 -6.50789e-05 -0.00710317 -0.000167032 6.44432e-05 1 0.000733353
0.99998 0.00625578 0.000176859 -0.119903 -0.00625577 0.99998 -7.47441e-05 -0.0108521 -0.000177323 7.36363e-05 1 0.000311607
0.999964 0.00850837 0.00017818 -0.150588 -0.00850836 0.999964 -8.0014e-05 -0.0122196 -0.000178854 7.84951e-05 1 -0.000374377
0.999939 0.011014 0.000194725 -0.183002 -0.011014 0.999939 -6.48807e-05 -0.0174462 -0.000195428 6.2732e-05 1 0.000862159
0.999902 0.0139641 0.000221233 -0.216137 -0.0139641 0.999902 -8.17745e-05 -0.0199692 -0.000222354 7.86772e-05 1 0.000153848
0.999848 0.0174137 0.000245192 -0.254901 -0.0174137 0.999848 -0.000113563 -0.023311 -0.000247132 0.000109276 1 -0.00204659
0.999774 0.0212517 0.000260609 -0.293292 -0.0212517 0.999774 -0.000156963 -0.0297715 -0.000263886 0.000151389 1 -0.00213202
0.999677 0.0254225 0.000298606 -0.3324 -0.0254225 0.999677 -0.000160157 -0.0377911 -0.000302581 0.000152514 1 -0.00188623
0.999539 0.0303703 0.000253089 -0.379433 -0.0303703 0.999539 -0.00019606 -0.0420496 -0.000258926 0.000188283 1 -0.00258981
0.999367 0.0355636 0.00025742 -0.428573 -0.0355635 0.999367 -0.000283757 -0.0454405 -0.000267349 0.000274423 1 -0.00788243
0.999171 0.0407199 0.000146329 -0.470903 -0.0407198 0.999171 -0.00028646 -0.053481 -0.000157872 0.000280264 1 -0.00849941
0.99895 0.0458128 2.55429e-05 -0.525027 -0.0458128 0.99895 -0.000385751 -0.0648167 -4.31884e-05 0.000384176 1 -0.0141171
0.998696 0.0510573 -1.97231e-05 -0.556824 -0.0510573 0.998696 -0.000646962 -0.0750418 -1.33348e-05 0.000647125 1 -0.0236526
0.998461 0.0554609 -8.06088e-05 -0.600827 -0.055461 0.998461 -0.000710746 -0.0777153 4.1066e-05 0.000714123 1 -0.0246638
0.99819 0.0601437 -2.02669e-05 -0.646704 -0.0601437 0.998189 -0.000757418 -0.0782669 -2.53237e-05 0.000757266 1 -0.0276915
0.997878 0.0651133 5.98379e-05 -0.694333 -0.0651132 0.997878 -0.000721131 -0.0813368 -0.000106666 0.000715704 1 -0.0272063
0.997444 0.0714523 -3.30847e-05 -0.729102 -0.0714523 0.997444 -0.000734419 -0.0909194 -1.94758e-05 0.000734906 1 -0.0284912
0.996942 0.0781459 5.25299e-05 -0.770791 -0.0781459 0.996942 -0.000836188 -0.0888839 -0.000117714 0.000829526 1 -0.0302909
0.996302 0.0859242 4.83558e-05 -0.828993 -0.0859241 0.996301 -0.000907381 -0.100124 -0.000126143 0.00089987 1 -0.0331937
0.995494 0.0948247 2.65977e-05 -0.884175 -0.0948246 0.995493 -0.00106652 -0.103271 -0.00012761 0.00105919 0.999999 -0.0378927
0.994514 0.104606 -0.000182203 -0.939953 -0.104606 0.994513 -0.00136372 -0.12132 3.85503e-05 0.0013753 0.999999 -0.0486568
0.993385 0.11483 -0.000484886 -1.01097 -0.11483 0.993383 -0.00185227 -0.119342 0.000268982 0.0018957 0.999998 -0.0506821
0.992131 0.1252 -0.00120281 -1.0938 -0.125203 0.992128 -0.00251704 -0.114772 0.000878208 0.00264782 0.999996 -0.070233
0.990712 0.135898 -0.00463337 -1.15763 -0.135924 0.990701 -0.00598964 -0.122785 0.0037763 0.0065638 0.999971 -0.0439395
0.989111 0.146975 -0.0076246 -1.22269 -0.147054 0.989066 -0.011094 -0.105413 0.00591069 0.0120945 0.999909 -0.00465818
0.987365 0.158259 -0.00808278 -1.30992 -0.158347 0.987314 -0.0117374 -0.1093 0.0061227 0.0128689 0.999898 -0.00335656
0.985422 0.169889 -0.00896245 -1.40656 -0.169982 0.985386 -0.0109364 -0.124614 0.00697351 0.0123004 0.9999 -0.045889
0.983241 0.182049 -0.00975852 -1.49777 -0.182148 0.983215 -0.0104963 -0.11899 0.00768389 0.0120978 0.999897 -0.0625935
0.980867 0.194398 -0.010412 -1.5848 -0.194502 0.980851 -0.010064 -0.117502 0.00825622 0.0118966 0.999895 -0.0575056
0.978284 0.207006 -0.0104466 -1.67427 -0.207105 0.978273 -0.00946135 -0.108334 0.00826107 0.0114194 0.999901 -0.0488667
0.975433 0.220092 -0.00952224 -1.76717 -0.22018 0.975414 -0.00942686 -0.0919694 0.00721335 0.0112919 0.99991 -0.0351714
0.972342 0.233412 -0.00832506 -1.85491 -0.233485 0.972316 -0.00926936 -0.068828 0.005931 0.0109568 0.999922 -0.0137804
0.968977 0.247104 -0.00480902 -1.93747 -0.247126 0.968972 -0.00473844 -0.0639581 0.00348892 0.00577988 0.999977 -0.0237591
0.965352 0.260949 -0.000858469 -2.0468 -0.260949 0.965352 0.000510919 -0.0568909 0.000962049 -0.0002692 1 -0.0660934
0.961381 0.275222 -0.000122599 -2.13685 -0.275222 0.96138 0.000982027 -0.026572 0.000388139 -0.00091036 1 -0.0507826
0.956979 0.290158 0.000149261 -2.22379 -0.290158 0.956979 -0.000153378 -0.0188886 -0.000187343 0.000103471 1 -0.0329376
0.952075 0.305865 0.000353075 -2.32808 -0.305865 0.952075 -0.000526675 -0.00414954 -0.000497245 0.000393441 1 -0.0227512
0.946757 0.32195 0.000272209 -2.43443 -0.321949 0.946757 -0.000403174 0.0133712 -0.000387517 0.00029407 1 -0.0282362
0.940865 0.338781 0.000478819 -2.52169 -0.338781 0.940865 -0.000244467 0.0268411 -0.000533325 6.77959e-05 1 -0.0250331
0.934571 0.355775 0.00090477 -2.6238 -0.355775 0.934571 -0.000277278 0.0547931 -0.000944221 -6.27592e-05 1 -0.02561
0.927736 0.373233 0.00141015 -2.73098 -0.373233 0.927737 -0.00041485 0.0803845 -0.00146308 -0.000141442 0.999999 -0.0260553
0.920009 0.391894 0.00175614 -2.82835 -0.391893 0.92001 -0.0011794 0.0861982 -0.00207786 0.000396837 0.999998 -0.0408158
0.911869 0.410475 0.00234527 -2.9324 -0.410469 0.911871 -0.00258114 0.0935312 -0.00319807 0.001391 0.999994 -0.0623201
0.903221 0.429166 0.00289608 -3.0455 -0.429133 0.903205 -0.00807095 0.113846 -0.00607953 0.00604705 0.999963 -0.0524766
0.893879 0.448293 0.00370965 -3.15411 -0.448238 0.893855 -0.0103329 0.133533 -0.00794804 0.00757353 0.99994 -0.0378381
0.884717 0.466113 0.00380766 -3.25845 -0.466059 0.884696 -0.0100749 0.168174 -0.00806466 0.00713883 0.999942 -0.0435068
0.875101 0.483924 0.00389147 -3.35526 -0.483891 0.875099 -0.00718459 0.233943 -0.00688222 0.00440419 0.999967 -0.0110132
0.864609 0.502413 0.00571128 -3.47357 -0.502437 0.864604 0.00402931 0.273726 -0.00291362 -0.00635334 0.999976 -0.0368295
0.852994 0.521873 0.00705815 -3.5835 -0.521921 0.852906 0.0122423 0.314645 0.000368967 -0.0141264 0.9999 -0.078462
0.840875 0.541188 0.00669761 -3.66683 -0.541228 0.840777 0.0129061 0.350653 0.00135343 -0.0144773 0.999894 -0.0664519
0.82824 0.560338 0.00631336 -3.75815 -0.560373 0.828165 0.0111827 0.392886 0.00103761 -0.0127998 0.999918 -0.0409593
0.815381 0.578887 0.00656675 -3.85361 -0.578924 0.815314 0.0104829 0.424774 0.000714457 -0.0123492 0.999923 -0.026474
0.802429 0.596702 0.0073762 -3.93819 -0.596747 0.802353 0.0110513 0.469843 0.000676016 -0.0132696 0.999912 -0.0110214
0.789558 0.613598 0.00975608 -4.03403 -0.613673 0.789408 0.0155276 0.507623 0.00182616 -0.0182469 0.999832 -0.0454408
0.776268 0.630307 0.010976 -4.12571 -0.6304 0.776089 0.0168102 0.556873 0.00207722 -0.0199685 0.999798 -0.0495817
0.762916 0.646396 0.011481 -4.19792 -0.646495 0.762743 0.0163366 0.60561 0.00180288 -0.0198859 0.999801 -0.0322271
0.749423 0.661981 0.0121442 -4.27024 -0.662091 0.749257 0.0157883 0.65253 0.00135236 -0.0198727 0.999802 -0.0246756
0.735994 0.676865 0.0128933 -4.35105 -0.676986 0.73582 0.0160885 0.705288 0.00140264 -0.0205696 0.999787 -0.0200657
0.722647 0.691045 0.0154563 -4.43217 -0.691213 0.722375 0.0199726 0.735255 0.00263674 -0.0251167 0.999681 -0.0460021
0.709042 0.704964 0.01687 -4.49987 -0.705161 0.708743 0.0207746 0.782645 0.00268888 -0.0266261 0.999642 -0.0587291
0.695464 0.718339 0.0178622 -4.5747 -0.718558 0.695169 0.0203582 0.842302 0.00220682 -0.0269934 0.999633 -0.0439167
0.681587 0.731446 0.0206619 -4.64199 -0.731733 0.681212 0.0227366 0.881535 0.00255544 -0.030616 0.999528 -0.0439176
0.667518 0.744236 0.0230576 -4.70373 -0.744591 0.667127 0.0229034 0.932631 0.00166317 -0.032457 0.999472 -0.0506564
0.653144 0.756758 0.0268286 -4.77235 -0.757233 0.652695 0.0242138 0.981213 0.000813102 -0.0361307 0.999347 -0.0630295
0.639077 0.768589 0.0291777 -4.83176 -0.769143 0.638605 0.0245616 1.02527 0.000244763 -0.0381386 0.999272 -0.0684169
0.625386 0.779717 0.0305611 -4.89483 -0.780316 0.624929 0.0239101 1.08302 -0.000455401 -0.0388003 0.999247 -0.0608126
0.612135 0.790123 0.0315705 -4.9343 -0.790753 0.611657 0.0242015 1.11348 -0.000188148 -0.0397791 0.999208 -0.0625614
0.600843 0.798704 0.0325441 -4.99793 -0.799367 0.600335 0.0246921 1.16262 0.000184325 -0.0408508 0.999165 -0.0769536
0.590266 0.806517 0.0334133 -5.03794 -0.807208 0.589728 0.0252124 1.19824 0.000629424 -0.0418535 0.999124 -0.0728241
0.580927 0.813236 0.0342238 -5.0827 -0.813955 0.580374 0.0253585 1.22306 0.000759838 -0.0425881 0.999092 -0.073872
0.573412 0.818551 0.0342451 -5.1145 -0.819267 0.572861 0.0251311 1.2549 0.000953388 -0.0424663 0.999097 -0.0789632
0.568093 0.822263 0.0339692 -5.14508 -0.822963 0.567544 0.0249947 1.27939 0.00127321 -0.0421548 0.99911 -0.0730246
0.564229 0.824917 0.0340253 -5.15731 -0.825617 0.563674 0.0250671 1.30148 0.00149907 -0.0422355 0.999107 -0.0665711
0.56163 0.826671 0.0344587 -5.1689 -0.827387 0.561054 0.0254761 1.29822 0.00172712 -0.0428188 0.999081 -0.0632325
0.56092 0.827136 0.0348533 -5.16114 -0.827868 0.560335 0.0256758 1.3054 0.00170791 -0.043256 0.999063 -0.0644484
0.560901 0.827112 0.0357208 -5.1636 -0.827882 0.560311 0.0257584 1.3319 0.00129037 -0.0440205 0.99903 -0.0457045
0.560444 0.827285 0.0387606 -5.15648 -0.828191 0.559752 0.0278781 1.33042 0.00136681 -0.0477253 0.99886 -0.0722686
0.559866 0.827624 0.039861 -5.15952 -0.828582 0.559143 0.02848 1.31742 0.00128267 -0.0489731 0.998799 -0.0965019
0.559973 0.827564 0.0396017 -5.16182 -0.82851 0.559261 0.0282553 1.32619 0.0012354 -0.0486326 0.998816 -0.0885771
0.559535 0.827883 0.0391304 -5.16296 -0.828807 0.558866 0.0273565 1.33649 0.000779324 -0.0477384 0.99886 -0.0717698
0.559191 0.828115 0.0391248 -5.15653 -0.829038 0.558513 0.0275413 1.32755 0.0009557 -0.0478368 0.998855 -0.0752328
0.559209 0.828105 0.0390883 -5.16386 -0.829026 0.558526 0.0276628 1.3331 0.00107587 -0.0478745 0.998853 -0.0691961
0.559098 0.82816 0.0394926 -5.15916 -0.829101 0.558393 0.0280878 1.33701 0.00120884 -0.0484472 0.998825 -0.0702394
0.558963 0.828246 0.0395994 -5.15616 -0.829192 0.558255 0.0281551 1.33141 0.00121275 -0.0485732 0.998819 -0.0743571
0.558794 0.82837 0.0393848 -5.15631 -0.829305 0.558084 0.0282025 1.31853 0.00138208 -0.0484214 0.998826 -0.0740566
0.558818 0.828356 0.0393451 -5.14865 -0.829288 0.558084 0.0286994 1.30927 0.00181544 -0.0486662 0.998813 -0.0725925
0.558683 0.828453 0.0392451 -5.13962 -0.829379 0.557933 0.0290133 1.30166 0.00214002 -0.0487583 0.998808 -0.0656806
0.557814 0.829028 0.0394556 -5.12551 -0.829962 0.557035 0.0295651 1.27665 0.00253214 -0.0492385 0.998784 -0.063787
0.556547 0.829875 0.0395305 -5.10483 -0.830812 0.555765 0.0295994 1.24794 0.00259414 -0.0493159 0.99878 -0.0692295
0.554349 0.831352 0.0393807 -5.08569 -0.832279 0.553557 0.0297747 1.22119 0.00295383 -0.0492813 0.998781 -0.0633956
0.551744 0.833097 0.0390913 -5.06218 -0.834006 0.55094 0.0299733 1.19273 0.00343364 -0.04914 0.998786 -0.0622943
0.548371 0.835355 0.0383611 -5.04078 -0.836222 0.547529 0.0307422 1.13696 0.00467683 -0.0489365 0.998791 -0.0607243
0.543397 0.838627 0.0377447 -4.99852 -0.839454 0.542507 0.0316718 1.09323 0.00608407 -0.0488953 0.998785 -0.0598235
0.537187 0.842667 0.0366313 -4.98937 -0.843425 0.536247 0.0327569 1.02891 0.00795969 -0.0484924 0.998792 -0.0631356
0.529545 0.847573 0.0346648 -4.94615 -0.848218 0.52856 0.0339173 0.951649 0.0104249 -0.047364 0.998823 -0.0685762
0.520846 0.853058 0.0318023 -4.89528 -0.853555 0.519869 0.0343517 0.854932 0.0127709 -0.045037 0.998904 -0.0693821
0.5109 0.85916 0.0287301 -4.85613 -0.859522 0.50999 0.0336387 0.775911 0.014249 -0.0418801 0.999021 -0.0508823
0.49994 0.865664 0.0261819 -4.81159 -0.865903 0.499045 0.0341403 0.648365 0.0164881 -0.0397391 0.999074 -0.0367545
0.488915 0.871966 0.0252436 -4.76241 -0.872144 0.488006 0.0348681 0.525504 0.0180848 -0.0390636 0.999073 -0.0377627
0.478263 0.87784 0.0257301 -4.69749 -0.878005 0.4773 0.0359368 0.395996 0.0192658 -0.0397784 0.999023 -0.0329919
0.46742 0.883633 0.0266682 -4.62509 -0.883782 0.466351 0.0380391 0.246029 0.0211759 -0.0413491 0.99892 -0.0271248
0.458455 0.888267 0.0282843 -4.54162 -0.888393 0.457196 0.0415912 0.086316 0.0240126 -0.0441953 0.998734 -0.0529675
0.451271 0.891933 0.0284654 -4.46176 -0.892029 0.449957 0.0426887 -0.0789088 0.0252673 -0.0446562 0.998683 -0.0531773
0.445366 0.894902 0.0282705 -4.38642 -0.894987 0.444067 0.0424626 -0.24461 0.0254459 -0.0442132 0.998698 -0.0279991
0.442246 0.896437 0.0286118 -4.28496 -0.896533 0.440938 0.0424662 -0.449465 0.0254523 -0.0444319 0.998688 -0.0248598
0.44148 0.896811 0.0287341 -4.19738 -0.896927 0.440197 0.0418124 -0.64069 0.0248491 -0.0442317 0.998712 -0.028232
0.443368 0.89588 0.0287003 -4.10703 -0.896046 0.442176 0.039765 -0.849929 0.0229341 -0.0433473 0.998797 -0.0454111
0.447927 0.893684 0.0262668 -3.99981 -0.893854 0.446979 0.0351276 -1.05114 0.0196523 -0.0392133 0.999038 -0.0314865
0.455139 0.890099 0.0239346 -3.88339 -0.890259 0.454381 0.031244 -1.26665 0.0169348 -0.0355284 0.999225 0.00140089
0.464223 0.885445 0.0220093 -3.77539 -0.885574 0.463556 0.029593 -1.44987 0.0160004 -0.0332286 0.99932 0.0111472
0.474693 0.879866 0.0224275 -3.64635 -0.880011 0.474008 0.0299552 -1.66688 0.0157257 -0.0339559 0.9993 0.0213189
0.485493 0.873938 0.0229954 -3.50829 -0.874094 0.484762 0.0310704 -1.88063 0.0160063 -0.0351846 0.999253 0.00555246
0.496773 0.867561 0.0235491 -3.3686 -0.867729 0.495996 0.0321775 -2.10949 0.0162357 -0.0364191 0.999205 0.0136507
0.507607 0.861291 0.0226534 -3.23344 -0.861438 0.506852 0.0320286 -2.33089 0.016104 -0.0357724 0.99923 0.0171383
0.518768 0.854617 0.0225551 -3.07269 -0.854773 0.518022 0.0318761 -2.56126 0.0155578 -0.0358158 0.999237 0.0338498
0.530265 0.847533 0.0224953 -2.92376 -0.847696 0.529519 0.0319458 -2.80029 0.0151634 -0.0360089 0.999236 0.0323549
0.541942 0.840106 0.0228415 -2.7434 -0.840287 0.541182 0.0322418 -3.0448 0.0147251 -0.0366666 0.999219 0.05174
0.553504 0.83252 0.0233242 -2.57022 -0.832722 0.552721 0.032754 -3.2757 0.0143765 -0.0375521 0.999191 0.0502297
0.565506 0.824411 0.0234447 -2.385 -0.82463 0.564727 0.0326924 -3.52939 0.0137121 -0.0378209 0.99919 0.0487504
0.577423 0.81608 0.0243966 -2.21035 -0.816352 0.576649 0.0323163 -3.76125 0.0123044 -0.0385764 0.99918 0.0575783
0.589241 0.807599 0.0240471 -2.00815 -0.807882 0.588519 0.0311709 -3.99909 0.0110214 -0.0377943 0.999225 0.0583364
0.601535 0.798462 0.0247787 -1.8122 -0.798792 0.600843 0.0303289 -4.24921 0.00932835 -0.0380369 0.999233 0.0773871
0.614091 0.788839 0.0250195 -1.61222 -0.789195 0.613429 0.0296033 -4.48575 0.0080046 -0.0379244 0.999249 0.0640463
0.627338 0.778315 0.0259304 -1.41272 -0.778721 0.626698 0.0290501 -4.69942 0.00635959 -0.0384167 0.999242 0.0816622
0.640019 0.767889 0.0268867 -1.21967 -0.768341 0.639375 0.0291761 -4.92074 0.0052133 -0.0393315 0.999213 0.0792245
0.6531 0.756757 0.0279152 -0.999233 -0.757261 0.652453 0.0293238 -5.15558 0.00397764 -0.0402905 0.99918 0.080895
0.665762 0.745625 0.0283752 -0.779353 -0.746159 0.665127 0.0292149 -5.36977 0.00291025 -0.0406226 0.99917 0.0807861
0.678199 0.734291 0.0293566 -0.578246 -0.734875 0.677543 0.0299043 -5.56183 0.00206817 -0.0418545 0.999122 0.093595
0.690276 0.722924 0.0299844 -0.366353 -0.723544 0.689601 0.0305558 -5.7621 0.00141225 -0.042787 0.999083 0.09038
0.70216 0.7114 0.0296807 -0.154908 -0.712018 0.701492 0.0306509 -5.95442 0.000984249 -0.0426551 0.999089 0.0884413
0.713067 0.700465 0.0297319 0.0513825 -0.701095 0.712377 0.0313837 -6.1457 0.000802879 -0.0432236 0.999065 0.104264
0.724003 0.689184 0.0290605 0.258741 -0.689796 0.723314 0.0315911 -6.31825 0.000752211 -0.0429179 0.999078 0.0986436
0.734686 0.677784 0.0290811 0.464478 -0.678408 0.733988 0.0320055 -6.50186 0.000347673 -0.0432428 0.999065 0.107491
0.745012 0.66643 0.0287838 0.669806 -0.667051 0.744292 0.0327444 -6.6673 0.000398289 -0.0435952 0.999049 0.109154
0.754815 0.655273 0.0295017 0.879207 -0.655937 0.754069 0.0335596 -6.82021 -0.00025556 -0.0446826 0.999001 0.116304
0.764382 0.644106 0.0291223 1.08686 -0.644764 0.763613 0.0342706 -6.98458 -0.000164307 -0.0449728 0.998988 0.103116
0.773595 0.633017 0.0289763 1.28423 -0.63368 0.772816 0.0347032 -7.12544 -0.000425624 -0.0452079 0.998978 0.112244
0.782629 0.621841 0.0283708 1.48985 -0.622488 0.781806 0.0358961 -7.28016 0.000141195 -0.0457538 0.998953 0.119159
0.791108 0.611031 0.0280924 1.67581 -0.611676 0.790249 0.0368625 -7.41342 0.000324134 -0.0463456 0.998925 0.117041
0.799684 0.59979 0.0275061 1.8934 -0.600421 0.798819 0.0371905 -7.55353 0.000334114 -0.0462559 0.99893 0.112436
0.807817 0.588812 0.0270691 2.07902 -0.589434 0.806937 0.0376918 -7.67981 0.000350362 -0.0464035 0.998923 0.114394
0.815822 0.577718 0.0260018 2.28889 -0.578302 0.814942 0.0378859 -7.80871 0.000697371 -0.045945 0.998944 0.108163
0.824076 0.565901 0.0255882 2.48286 -0.566479 0.823181 0.0384041 -7.93632 0.000669237 -0.046143 0.998935 0.124156
0.83267 0.553207 0.0249568 2.6895 -0.553769 0.83176 0.0389162 -8.05434 0.000770648 -0.0462247 0.998931 0.118379
0.841195 0.540174 0.0245585 2.88749 -0.540732 0.840276 0.0392958 -8.1712 0.000590661 -0.046335 0.998926 0.125195
0.849932 0.526335 0.0242435 3.11479 -0.526893 0.848991 0.0399823 -8.27259 0.000461572 -0.046756 0.998906 0.123674
0.858474 0.5123 0.0238854 3.3094 -0.512857 0.857515 0.0405794 -8.38241 0.000306736 -0.0470862 0.998891 0.120349
0.866837 0.49804 0.0234716 3.53368 -0.498592 0.865851 0.0413163 -8.50108 0.000254257 -0.0475172 0.99887 0.130663
0.87504 0.483483 0.0234297 3.74334 -0.48405 0.874055 0.0415067 -8.58883 -0.000411081 -0.0476612 0.998863 0.127309
0.882858 0.469058 0.0233825 3.95613 -0.46964 0.881818 0.0428346 -8.69589 -0.000527219 -0.0487982 0.998809 0.143183
0.89061 0.454119 0.0242776 4.19872 -0.454765 0.889508 0.0443213 -8.78326 -0.001468 -0.0505136 0.998722 0.123236
0.898048 0.439204 0.024704 4.39703 -0.439892 0.89692 0.0450489 -8.8845 -0.00237185 -0.0513231 0.998679 0.128636
0.905728 0.423155 0.0244104 4.62276 -0.423849 0.904595 0.0453801 -8.96555 -0.00287874 -0.0514483 0.998672 0.128993
0.912918 0.407415 0.0243511 4.84963 -0.408126 0.911785 0.0456239 -9.03104 -0.00361509 -0.0515892 0.998662 0.131224
0.919767 0.391697 0.0245148 5.07556 -0.392439 0.918619 0.0461564 -9.13192 -0.00444047 -0.0520737 0.998633 0.135766
0.926402 0.375768 0.0240345 5.30182 -0.376505 0.925255 0.0463354 -9.20095 -0.00482662 -0.0519743 0.998637 0.12822
0.932919 0.359301 0.0237438 5.53756 -0.360044 0.931782 0.0463866 -9.27228 -0.00545732 -0.0518238 0.998641 0.127306
0.939173 0.342657 0.023238 5.77378 -0.343396 0.938027 0.0467487 -9.34528 -0.00577908 -0.051885 0.998636 0.126212
0.945279 0.32546 0.0228914 6.02178 -0.326206 0.944099 0.0476026 -9.41193 -0.00611905 -0.052465 0.998604 0.129388
0.951204 0.307744 0.0224599 6.27171 -0.308494 0.950006 0.0481626 -9.47867 -0.00651525 -0.0527411 0.998587 0.122424
0.956893 0.289592 0.0221683 6.52518 -0.29035 0.955702 0.0482763 -9.53256 -0.00720586 -0.0526318 0.998588 0.118427
0.962241 0.27135 0.0214892 6.78566 -0.272096 0.961047 0.0484974 -9.59601 -0.00749235 -0.0525133 0.998592 0.125881
0.967205 0.253155 0.0206828 7.05973 -0.253887 0.965977 0.049291 -9.65089 -0.00750089 -0.0529256 0.99857 0.124388
0.971681 0.235456 0.0199324 7.34575 -0.236178 0.970416 0.0501215 -9.70429 -0.00754133 -0.0534097 0.998544 0.119642
0.975701 0.21827 0.0191405 7.63581 -0.218979 0.974388 0.0511499 -9.76017 -0.00748582 -0.0540983 0.998508 0.118033
0.979091 0.20261 0.0181784 7.92937 -0.20329 0.977772 0.0513305 -9.80324 -0.00737421 -0.0539527 0.998516 0.116014
0.982152 0.187255 0.0176974 8.24533 -0.187926 0.980864 0.0508964 -9.85588 -0.00782815 -0.0533138 0.998547 0.117605
0.984955 0.17193 0.0173979 8.5693 -0.172601 0.983707 0.0502897 -9.89292 -0.00846815 -0.052536 0.998583 0.111922
0.9876 0.156116 0.0165559 8.89651 -0.156763 0.986347 0.050452 -9.94095 -0.00845353 -0.0524217 0.998589 0.118503
0.990073 0.139673 0.0157353 9.22925 -0.140303 0.988793 0.0510186 -9.9731 -0.00843304 -0.0527199 0.998574 0.114745
0.992341 0.122588 0.0151979 9.57136 -0.123214 0.991059 0.0511862 -9.99924 -0.00878716 -0.0526668 0.998573 0.106453
0.994334 0.105233 0.0150624 9.91353 -0.105874 0.99306 0.0512112 -10.0236 -0.00956871 -0.0525158 0.998574 0.111414
0.996024 0.0877172 0.0155534 10.2755 -0.0883994 0.9948 0.0505898 -10.0412 -0.0110349 -0.0517636 0.998598 0.100158
0.997339 0.0710544 0.0163347 10.6454 -0.0717869 0.996177 0.0497822 -10.0649 -0.012735 -0.0508224 0.998627 0.100772
0.998366 0.0547926 0.0162318 11.0237 -0.0555288 0.997252 0.0490407 -10.0678 -0.0135001 -0.0498619 0.998665 0.0988772
0.999131 0.0384934 0.0159628 11.4054 -0.0392359 0.99802 0.0491518 -10.0672 -0.0140392 -0.0497355 0.998664 0.100671
0.999621 0.0224356 0.0159271 11.7941 -0.0232038 0.998489 0.0498088 -10.0594 -0.0147856 -0.0501595 0.998632 0.101207
0.999839 0.00707749 0.0164859 12.1908 -0.00789687 0.998709 0.0501792 -10.0516 -0.0161095 -0.0503013 0.998604 0.0857298
0.999842 -0.00794523 0.0159301 12.5844 0.00714777 0.998748 0.049507 -10.0315 -0.0163035 -0.0493853 0.998647 0.0748457
0.999649 -0.0228395 0.0134199 12.9849 0.0221508 0.998534 0.049398 -10.0234 -0.0145284 -0.0490834 0.998689 0.0760909
0.999243 -0.0375358 0.0102308 13.3894 0.0369813 0.998071 0.0498576 -10.0032 -0.0120825 -0.0494415 0.998704 0.078593
0.998563 -0.0528726 0.00877327 13.8131 0.052369 0.997369 0.050123 -9.96875 -0.0114003 -0.0495915 0.998705 0.0749473
0.997662 -0.0677941 0.00864035 14.2192 0.067282 0.996485 0.0499025 -9.93648 -0.0119931 -0.0492045 0.998717 0.0671531
0.996472 -0.0835689 0.00770759 14.6555 0.0831352 0.995498 0.0455128 -9.88327 -0.0114764 -0.0447115 0.998934 0.0491667
0.994977 -0.0999413 0.00567888 15.0909 0.099593 0.994035 0.0444494 -9.82625 -0.0100873 -0.0436605 0.998995 0.065247
0.993161 -0.116661 0.00453893 15.5275 0.116348 0.99222 0.0442915 -9.76359 -0.00967071 -0.0434605 0.999008 0.0539608
0.991067 -0.133325 0.00333368 15.9624 0.133046 0.990106 0.0445932 -9.70238 -0.00924609 -0.0437513 0.999 0.0549729
0.988609 -0.150497 0.00174059 16.4192 0.150285 0.987717 0.0427754 -9.61736 -0.00815675 -0.0420265 0.999083 0.0453689
0.985831 -0.167738 -0.000893766 16.8729 0.167638 0.985032 0.0401065 -9.53001 -0.00584699 -0.0396881 0.999195 0.0532291
0.982697 -0.185168 -0.00442498 17.3201 0.185197 0.981913 0.0393493 -9.43256 -0.00294128 -0.039488 0.999216 0.054473
0.9793 -0.20228 -0.00730788 17.7956 0.20241 0.978513 0.0392692 -9.3302 -0.000792517 -0.0399356 0.999202 0.0425259
0.975655 -0.219185 -0.00744367 18.2651 0.219307 0.974871 0.0391315 -9.21148 -0.00132043 -0.0398113 0.999206 0.0458251
0.971941 -0.235124 -0.00683854 18.7281 0.235212 0.971191 0.0382558 -9.08328 -0.00235332 -0.0387909 0.999245 0.0459297
0.968046 -0.250672 -0.0070296 19.2211 0.250759 0.967342 0.0370001 -8.95175 -0.00247488 -0.0375806 0.999291 0.0548385
0.964448 -0.264189 -0.00665903 19.7001 0.264248 0.963704 0.038036 -8.81196 -0.00363136 -0.0384434 0.999254 0.051327
0.961007 -0.276456 -0.00607224 20.1989 0.276476 0.960206 0.0395694 -8.65805 -0.00510862 -0.0397054 0.999198 0.0566819
0.95783 -0.287291 -0.00510454 20.6985 0.287259 0.95701 0.0401633 -8.49286 -0.00665344 -0.0399359 0.99918 0.045214
0.954891 -0.296924 -0.00434136 21.198 0.296849 0.954054 0.0407596 -8.32135 -0.00796063 -0.0402097 0.99916 0.0402699
0.95252 -0.304448 -0.00406195 21.7092 0.304355 0.951685 0.0407874 -8.1531 -0.00855195 -0.0400871 0.99916 0.0420755
0.950442 -0.310878 -0.00386892 22.2207 0.310766 0.949585 0.0413759 -7.98669 -0.009189 -0.0405278 0.999136 0.0447267
0.948695 -0.316167 -0.00398503 22.7327 0.31606 0.947859 0.0408549 -7.8093 -0.00913973 -0.0400183 0.999157 0.036939
0.947112 -0.320871 -0.00455649 23.2588 0.320795 0.946325 0.0394864 -7.6231 -0.00835812 -0.0388597 0.99921 0.03714
0.945706 -0.324989 -0.00466442 23.7953 0.324926 0.944978 0.0379518 -7.44278 -0.00792616 -0.0374068 0.999269 0.0369566
0.944277 -0.329126 -0.00412594 24.3365 0.329049 0.943594 0.0368323 -7.26058 -0.00822928 -0.0361376 0.999313 0.0486712
0.942976 -0.332832 -0.00438978 24.8735 0.332763 0.942295 0.0367177 -7.07029 -0.00808437 -0.0360847 0.999316 0.0435466
0.941823 -0.336063 -0.00554991 25.4198 0.336034 0.94114 0.0365703 -6.87892 -0.00706668 -0.0363077 0.999316 0.0324368
0.940645 -0.339344 -0.00571191 25.9646 0.339335 0.940046 0.0341246 -6.67271 -0.0062105 -0.0340373 0.999401 0.0246481
0.939357 -0.342893 -0.00567714 26.5202 0.342905 0.9389 0.0297079 -6.46289 -0.00485635 -0.029853 0.999543 0.0380806
0.938265 -0.345879 -0.00513106 27.0674 0.345887 0.937889 0.0269417 -6.25923 -0.00450619 -0.0270532 0.999624 0.0428791
0.937533 -0.347856 -0.00534241 27.6218 0.347867 0.937138 0.0276056 -6.05418 -0.00459618 -0.0277396 0.999605 0.0444206
0.936904 -0.349546 -0.0053592 28.1882 0.349551 0.936474 0.0288182 -5.8451 -0.00505454 -0.0288732 0.99957 0.0406178
0.936566 -0.350456 -0.00486276 28.7354 0.350449 0.936153 0.0283329 -5.64022 -0.00537716 -0.0282398 0.999587 0.0423551
0.936746 -0.349984 -0.00415696 29.2904 0.349974 0.936418 0.0253051 -5.43649 -0.00496373 -0.0251593 0.999671 0.0469854
0.937356 -0.348352 -0.00377453 29.8602 0.348341 0.93707 0.0236339 -5.22284 -0.00469592 -0.0234683 0.999714 0.059861
0.938572 -0.345061 -0.00398289 30.4171 0.345058 0.938296 0.0231586 -5.01119 -0.00425401 -0.0231104 0.999724 0.0580567
0.940323 -0.340261 -0.00389244 30.9906 0.340256 0.940039 0.0235032 -4.80724 -0.0043382 -0.0234251 0.999716 0.0580482
0.942541 -0.334078 -0.00286874 31.5642 0.334054 0.942279 0.0227676 -4.60833 -0.00490299 -0.0224177 0.999737 0.0514268
0.944817 -0.327592 -0.00193903 32.1486 0.327565 0.944622 0.0197384 -4.41336 -0.00463449 -0.0192843 0.999803 0.0566767
0.947228 -0.320559 -0.00116878 32.7358 0.320533 0.947089 0.0167826 -4.23361 -0.00427289 -0.0162716 0.999858 0.0603571
0.949417 -0.314017 -0.000631939 33.3119 0.313996 0.949326 0.0136794 -4.03244 -0.00369566 -0.0131859 0.999906 0.0609506
0.951603 -0.307328 -0.00116033 33.9071 0.307317 0.951519 0.0129489 -3.85014 -0.00287548 -0.0126788 0.999915 0.0712482
0.953796 -0.300452 -0.00159392 34.4989 0.300447 0.953711 0.0128914 -3.6658 -0.00235311 -0.0127746 0.999916 0.0702514
0.956101 -0.293032 -0.0015164 35.0948 0.293028 0.956021 0.0126062 -3.48418 -0.00224432 -0.0124972 0.999919 0.0665034
0.958409 -0.285398 -0.000621736 35.709 0.285384 0.958336 0.0121412 -3.31168 -0.00286924 -0.0118137 0.999926 0.0707881
0.96075 -0.277416 7.6787e-05 36.3105 0.277398 0.96069 0.0111466 -3.14147 -0.00316601 -0.0106878 0.999938 0.0730931
0.963295 -0.268444 -0.000166687 36.932 0.26843 0.963239 0.0107987 -2.97079 -0.00273828 -0.010447 0.999942 0.0818009
0.965895 -0.258933 -0.000934343 37.5487 0.258926 0.965827 0.0116558 -2.80047 -0.00211565 -0.0115002 0.999932 0.082911
0.968567 -0.248736 -0.00298517 38.1817 0.248754 0.968487 0.0124513 -2.64228 -0.000205994 -0.0128025 0.999918 0.08545
0.971368 -0.237522 -0.00530293 38.8055 0.237573 0.97128 0.0132234 -2.48282 0.00200978 -0.0141046 0.999899 0.0953815
0.974124 -0.225942 -0.00576681 39.4448 0.226002 0.97403 0.0137268 -2.3388 0.00251558 -0.0146749 0.999889 0.0974271
0.976961 -0.213365 -0.00468613 40.1044 0.21341 0.976867 0.0136693 -2.20804 0.00166118 -0.0143544 0.999896 0.103768
0.97975 -0.200201 -0.0029309 40.771 0.200222 0.979652 0.0139142 -2.07312 8.56257e-05 -0.0142193 0.999899 0.109043
0.982502 -0.186233 -0.00274623 41.4346 0.186254 0.982388 0.014948 -1.93915 -8.59599e-05 -0.015198 0.999885 0.109441
0.985229 -0.171195 -0.00391042 42.1034 0.171236 0.985093 0.0164328 -1.82373 0.00103892 -0.0168597 0.999857 0.111584
0.987971 -0.154563 -0.00489311 42.7938 0.154626 0.98781 0.0179702 -1.7205 0.00205593 -0.0185107 0.999827 0.119346
0.990785 -0.135381 -0.00419999 43.4968 0.135437 0.990606 0.0188918 -1.62356 0.00160294 -0.0192865 0.999813 0.131516
0.993502 -0.113791 -0.00211408 44.2015 0.113811 0.993278 0.0210954 -1.54905 -0.000300611 -0.021199 0.999775 0.132203
0.995827 -0.091263 -0.000384207 44.9373 0.0912497 0.995589 0.0218192 -1.48783 -0.00160877 -0.0217632 0.999762 0.121267
0.997726 -0.0673948 0.00103471 45.6611 0.0673573 0.9975 0.0213771 -1.44801 -0.00247283 -0.0212588 0.999771 0.121525
0.99908 -0.0428418 0.00212143 46.4124 0.0427937 0.998902 0.0190679 -1.4277 -0.002936 -0.0189595 0.999816 0.132862
0.999838 -0.017883 0.00198787 47.1688 0.0178433 0.99967 0.0184736 -1.42696 -0.00231757 -0.0184352 0.999827 0.131397
0.999976 0.00696592 0.000359836 47.9194 -0.00697175 0.999773 0.0201184 -1.43123 -0.000219611 -0.0201205 0.999798 0.136284
0.999492 0.0317911 -0.00235555 48.6821 -0.031738 0.999298 0.0199219 -1.46919 0.00298723 -0.019837 0.999799 0.106821
0.998413 0.0559955 -0.00597584 49.4556 -0.055879 0.998273 0.0181412 -1.52318 0.00698134 -0.0177785 0.999818 0.152795
0.996819 0.0792875 -0.00809744 50.2516 -0.0791551 0.996741 0.015542 -1.5974 0.00930334 -0.0148516 0.999846 0.168645
0.994789 0.10135 -0.01111 51.021 -0.101168 0.994743 0.0158779 -1.68246 0.0126608 -0.0146712 0.999812 0.175801
0.992458 0.12183 -0.0135759 51.8142 -0.121599 0.992439 0.0166939 -1.76928 0.015507 -0.0149171 0.999768 0.207212
0.989862 0.141465 -0.0127201 52.614 -0.141226 0.989813 0.0180282 -1.89962 0.0151409 -0.0160491 0.999757 0.241903
0.987143 0.15954 -0.00976804 53.4542 -0.159339 0.987046 0.0187326 -2.03757 0.0126301 -0.0169353 0.999777 0.230316
0.984417 0.175675 -0.00777539 54.2865 -0.175499 0.984288 0.0194239 -2.19699 0.0110655 -0.0177566 0.999781 0.2115
0.981979 0.188812 -0.00814634 55.1235 -0.188626 0.981853 0.0195979 -2.34947 0.0116988 -0.0177082 0.999775 0.229749
0.979838 0.199623 -0.0082264 55.9673 -0.199426 0.979704 0.0202099 -2.52453 0.0120938 -0.0181619 0.999762 0.257304
0.977884 0.209004 -0.00770487 56.8246 -0.208797 0.977717 0.0217444 -2.7005 0.0120779 -0.0196547 0.999734 0.274963
0.975828 0.218409 -0.00754866 57.7025 -0.218152 0.975574 0.0257811 -2.87942 0.0129951 -0.0235112 0.999639 0.274196
0.973677 0.2278 -0.00775683 58.5932 -0.227502 0.973365 0.0283307 -3.08738 0.014004 -0.0258203 0.999569 0.279885
0.971413 0.237265 -0.00793013 59.5006 -0.236946 0.971082 0.0292802 -3.31201 0.014648 -0.0265642 0.99954 0.299251
0.96926 0.245889 -0.00858328 60.4278 -0.245525 0.9689 0.0308232 -3.54497 0.0158954 -0.0277682 0.999488 0.312088
0.967235 0.253723 -0.00900917 61.362 -0.253324 0.966852 0.0320011 -3.79402 0.01683 -0.0286704 0.999447 0.338939
0.965443 0.260466 -0.00882275 62.3063 -0.260077 0.965072 0.0315414 -4.0471 0.01673 -0.0281568 0.999464 0.347288
0.963736 0.266736 -0.00798955 63.2628 -0.2664 0.963408 0.0295909 -4.30344 0.0155902 -0.0263894 0.99953 0.374797
0.961879 0.273372 -0.00755776 64.2346 -0.273059 0.961569 0.0286934 -4.57546 0.0151113 -0.0255358 0.99956 0.382887
0.959933 0.280091 -0.00884764 65.2344 -0.279733 0.959631 0.0292967 -4.86536 0.0166962 -0.0256479 0.999532 0.390082
0.957993 0.286585 -0.0108369 66.2341 -0.286149 0.957695 0.0306428 -5.16678 0.0191602 -0.0262547 0.999472 0.42244
0.955838 0.293636 -0.0123427 67.247 -0.293123 0.955526 0.0323836 -5.46592 0.0213027 -0.0273356 0.999399 0.457808
0.953645 0.300655 -0.0129385 68.2932 -0.300082 0.953299 0.0342173 -5.78909 0.0226218 -0.0287485 0.999331 0.478083
0.951382 0.307763 -0.0124417 69.3468 -0.30716 0.950974 0.0360794 -6.13686 0.0229357 -0.0305037 0.999271 0.502095
0.949031 0.314984 -0.0111791 70.4107 -0.314376 0.948544 0.0378482 -6.48004 0.0225255 -0.0324047 0.999221 0.514833
0.946563 0.322325 -0.0111724 71.4956 -0.321674 0.946023 0.0395875 -6.85297 0.0233294 -0.0338782 0.999154 0.536753
0.943942 0.329952 -0.0102706 72.582 -0.3293 0.943345 0.0407706 -7.21939 0.0231411 -0.0351029 0.999116 0.587834
0.941235 0.337684 -0.00685089 73.6948 -0.337103 0.940489 0.0429237 -7.60768 0.0209378 -0.0380918 0.999055 0.613507
0.938297 0.345816 -0.00326877 74.8136 -0.345372 0.937494 0.0427078 -8.00787 0.0178335 -0.0389436 0.999082 0.620992
0.935138 0.354282 -0.000649557 75.9431 -0.353934 0.934298 0.0426291 -8.4196 0.0157096 -0.0396342 0.999091 0.63176
0.931672 0.363299 -0.000637308 77.096 -0.362886 0.930695 0.0460457 -8.85755 0.0173215 -0.0426682 0.998939 0.65959
0.927711 0.373293 0.00202659 78.25 -0.372965 0.926638 0.0473145 -9.32516 0.0157843 -0.04465 0.998878 0.711899
0.923594 0.38311 0.0141714 79.4306 -0.383361 0.922661 0.0415935 -9.79743 0.00285945 -0.0438483 0.999034 0.695294
0.918681 0.394163 0.0257126 80.6107 -0.394851 0.918176 0.0323306 -10.3029 -0.0108652 -0.0398541 0.999146 0.662428
0.913351 0.40643 0.0245969 81.8027 -0.40703 0.912967 0.0285901 -10.8242 -0.0108363 -0.0361245 0.999289 0.643257
0.908001 0.418454 0.0207535 82.992 -0.418928 0.907486 0.0311231 -11.3707 -0.00580994 -0.036954 0.9993 0.675352
0.902591 0.430075 0.0191017 84.2044 -0.430493 0.901932 0.0345544 -11.9401 -0.00236745 -0.0394116 0.99922 0.67772
0.89669 0.442306 0.0176993 85.4074 -0.442659 0.895997 0.0352506 -12.5207 -0.000266995 -0.0394436 0.999222 0.655276
0.890314 0.45509 0.0153143 86.6299 -0.455336 0.889541 0.037234 -13.1345 0.00332213 -0.0401231 0.999189 0.684514
0.883493 0.468147 0.0166839 87.8699 -0.468423 0.882561 0.0408134 -13.7684 0.00438215 -0.0438735 0.999027 0.688281
0.87599 0.481983 0.0182768 89.105 -0.482311 0.874995 0.0419588 -14.4386 0.00423134 -0.0455705 0.998952 0.690329
0.868341 0.495465 0.0223251 90.3536 -0.495949 0.867035 0.047811 -15.1197 0.00433203 -0.0525884 0.998607 0.693874
0.86066 0.50852 0.025926 91.6056 -0.509171 0.859216 0.0499212 -15.8435 0.00310989 -0.0561659 0.998417 0.714219
0.853325 0.520314 0.0333115 92.8728 -0.521379 0.851686 0.0528611 -16.579 -0.000866602 -0.0624756 0.998046 0.699041
0.845836 0.532073 0.0382116 94.1377 -0.533443 0.843527 0.0624533 -17.3316 0.000997141 -0.0732089 0.997316 0.683913
0.838275 0.543563 0.0428273 95.4253 -0.545239 0.835222 0.0715505 -18.1337 0.0031219 -0.0833301 0.996517 0.705586
0.830765 0.554575 0.0477167 96.7241 -0.556624 0.827692 0.0713889 -18.9623 9.57768e-05 -0.0858677 0.996307 0.692084
0.823528 0.565173 0.0488011 97.9812 -0.567275 0.82063 0.0690287 -19.8011 -0.00103447 -0.0845307 0.99642 0.67168
0.81737 0.574334 0.0452535 99.2714 -0.576111 0.814588 0.0674037 -20.6916 0.00184921 -0.0811648 0.996699 0.695797
0.812139 0.581742 0.0447921 100.56 -0.583454 0.809285 0.0681156 -21.6242 0.0033762 -0.0814535 0.996671 0.715494
0.80808 0.587339 0.0451562 101.875 -0.58906 0.805178 0.0685385 -22.5542 0.00389663 -0.0819843 0.996626 0.708491
0.804214 0.592567 0.0458833 103.174 -0.59433 0.801355 0.0678353 -23.4996 0.00342812 -0.0818239 0.996641 0.711828
0.80029 0.597821 0.0463228 104.498 -0.599605 0.7975 0.0668442 -24.4744 0.00301845 -0.0812702 0.996688 0.707387
0.796351 0.60309 0.0459079 105.828 -0.604821 0.793511 0.0673187 -25.4768 0.00417081 -0.0813753 0.996675 0.715983
0.792342 0.608345 0.0459345 107.181 -0.610055 0.78943 0.0680681 -26.5018 0.00514675 -0.0819558 0.996623 0.732551
0.788448 0.613288 0.0471965 108.53 -0.615083 0.785492 0.0683749 -27.5362 0.004861 -0.0829398 0.996543 0.743161
0.785079 0.617534 0.0479912 109.892 -0.619382 0.782175 0.0675872 -28.5892 0.00419987 -0.0827861 0.996558 0.742224
0.782087 0.62133 0.0478468 111.271 -0.623154 0.77921 0.0671624 -29.6667 0.00444724 -0.0823427 0.996594 0.748032
0.779982 0.623972 0.0478224 112.661 -0.625785 0.777124 0.0668678 -30.7673 0.00455963 -0.0820822 0.996615 0.761645
0.778532 0.625836 0.0470871 114.044 -0.627588 0.775759 0.0658166 -31.8808 0.00466218 -0.0807916 0.99672 0.77022
0.777197 0.627564 0.0461393 115.438 -0.629237 0.774482 0.0650985 -33.0013 0.00511945 -0.0796269 0.996812 0.770821
0.776077 0.628934 0.0463396 116.871 -0.63062 0.773394 0.0646562 -34.1464 0.00482572 -0.0794009 0.996831 0.791631
0.775057 0.63017 0.0466203 118.317 -0.631879 0.772449 0.0636566 -35.3105 0.00410265 -0.0787958 0.996882 0.791085
0.774174 0.631281 0.0462519 119.748 -0.63296 0.771624 0.0629108 -36.4861 0.0040253 -0.0779796 0.996947 0.79536
0.774126 0.631387 0.045598 121.212 -0.633013 0.771553 0.0632452 -37.6725 0.00475089 -0.0778239 0.996956 0.79831
0.774553 0.630873 0.0454574 122.684 -0.63249 0.771974 0.0633512 -38.873 0.00487464 -0.0778203 0.996955 0.821399
0.77516 0.630151 0.0451287 124.16 -0.63175 0.772668 0.0622549 -40.0697 0.00436054 -0.0767676 0.997039 0.831653
0.775612 0.629603 0.0450248 125.673 -0.631197 0.77315 0.0618867 -41.2856 0.00415309 -0.0764196 0.997067 0.838316
0.776219 0.628815 0.0455653 127.208 -0.630449 0.773673 0.0629693 -42.5125 0.00434341 -0.0776045 0.996975 0.857159
0.776727 0.628132 0.0463089 128.73 -0.629827 0.774194 0.0627872 -43.7487 0.00358665 -0.0779351 0.996952 0.851833
0.777534 0.627176 0.0457312 130.277 -0.62883 0.775025 0.0625165 -44.9932 0.00376601 -0.0773658 0.996996 0.858301
0.7785 0.62602 0.0451412 131.844 -0.627632 0.776001 0.0624588 -46.2444 0.00407087 -0.0769562 0.997026 0.871694
0.780003 0.624132 0.0453411 133.43 -0.625764 0.777478 0.0628314 -47.5044 0.00396339 -0.0773815 0.996994 0.883789
0.782089 0.621493 0.0456329 135.015 -0.623161 0.779681 0.0613834 -48.7689 0.00257026 -0.0764439 0.997071 0.886248
0.784639 0.618269 0.0456534 136.62 -0.619952 0.782416 0.0590338 -50.0339 0.00077878 -0.0746231 0.997212 0.883333
0.787245 0.615015 0.0447438 138.258 -0.61664 0.785075 0.0584256 -51.3052 0.000805339 -0.0735861 0.997289 0.905901
0.789611 0.611927 0.0453864 139.903 -0.613608 0.787381 0.0593011 -52.5836 0.000551584 -0.0746742 0.997208 0.912002
0.791519 0.609399 0.0461584 141.571 -0.611145 0.789264 0.0597029 -53.8723 -4.82636e-05 -0.0754655 0.997148 0.910818
0.793312 0.607087 0.0458327 143.25 -0.608815 0.791083 0.0594276 -55.1623 -0.000179766 -0.0750483 0.99718 0.908373
0.795075 0.6048 0.045521 144.943 -0.606511 0.792875 0.0591079 -56.4453 -0.000344055 -0.0746042 0.997213 0.907687
0.796877 0.602497 0.0445475 146.667 -0.604142 0.794726 0.0585084 -57.7447 -0.000151902 -0.073537 0.997292 0.910587
0.798304 0.600668 0.0436894 148.389 -0.602255 0.796232 0.0574762 -59.0495 -0.000262835 -0.0721956 0.99739 0.911718
0.800012 0.598434 0.0430969 150.14 -0.599984 0.797999 0.0567176 -60.3507 -0.000449475 -0.0712322 0.99746 0.914962
0.801665 0.596248 0.0426753 151.901 -0.597773 0.7997 0.056111 -61.656 -0.000671361 -0.0704923 0.997512 0.91743
0.803292 0.594057 0.0426373 153.682 -0.595584 0.801371 0.055537 -62.9703 -0.00117613 -0.0700065 0.997546 0.917926
0.804719 0.592145 0.0423277 155.485 -0.593654 0.802845 0.0549179 -64.2995 -0.00146326 -0.0693215 0.997593 0.923314
0.806225 0.590114 0.042029 157.295 -0.591606 0.804405 0.0541705 -65.6292 -0.00184157 -0.0685382 0.997647 0.924481
0.807755 0.588027 0.0419105 159.117 -0.589513 0.806005 0.0532035 -66.9579 -0.00249494 -0.0676822 0.997704 0.920568
0.809481 0.585684 0.0414135 160.961 -0.58714 0.807777 0.0525519 -68.2854 -0.00267407 -0.0668553 0.997759 0.913045
0.811099 0.583419 0.0417322 162.817 -0.584901 0.809402 0.0525285 -69.6281 -0.00313201 -0.067015 0.997747 0.923151
0.812731 0.581041 0.0431307 164.682 -0.58262 0.811084 0.0519354 -70.9687 -0.00480601 -0.0673383 0.997719 0.925367
0.81433 0.578707 0.044328 166.554 -0.580363 0.812793 0.0504682 -72.2937 -0.00682318 -0.0668241 0.997741 0.908204
