1 0 0 0 0 1 0 0 0 0 1 0
1 3.01915e-05 7.96767e-06 -0.00094823 -3.01914e-05 1 -1.43661e-05 -0.000328869 -7.9681e-06 1.43658e-05 1 0.000352178
1 2.9675e-06 1.03143e-05 0.000119107 -2.96711e-06 1 -3.77839e-05 0.0018511 -1.03144e-05 3.77839e-05 1 -0.000719772
1 3.41368e-06 -2.83653e-05 -2.73358e-06 -3.41486e-06 1 -4.17247e-05 0.00184795 2.83652e-05 4.17248e-05 1 0.00039866
1 7.48175e-06 -4.98483e-05 0.000199688 -7.4843e-06 1 -5.13278e-05 0.00142217 4.98479e-05 5.13281e-05 1 -0.00052624
1 2.21793e-05 -3.25182e-05 0.000620619 -2.21796e-05 1 -9.70169e-06 -0.00110751 3.2518e-05 9.70241e-06 1 -0.000152201
1 1.36088e-05 -8.75084e-06 -0.00204516 -1.3609e-05 1 -2.37413e-05 0.000492513 8.75051e-06 2.37414e-05 1 -0.00022301
1 6.01718e-05 -3.95721e-05 0.00109213 -6.0174e-05 1 -5.73866e-05 -0.00138897 3.95687e-05 5.7389e-05 1 0.000336264
1 -7.77789e-06 -3.99247e-05 0.00185817 7.77643e-06 1 -3.66128e-05 0.000397052 3.9925e-05 3.66125e-05 1 -0.00178298
1 6.84835e-05 -4.14038e-05 0.00222246 -6.84854e-05 1 -4.45605e-05 -0.00253119 4.14007e-05 4.45633e-05 1 -7.69583e-05
1 -4.7529e-05 -4.92549e-05 0.00332141 4.75273e-05 1 -3.48468e-05 0.00101847 4.92565e-05 3.48445e-05 1 -0.000696398
1 -3.66975e-06 -3.28455e-05 -0.000145546 3.6686e-06 1 -3.51012e-05 0.00175727 3.28456e-05 3.5101e-05 1 -0.000168637
1 -8.82725e-06 -4.50287e-05 0.000884989 8.8232e-06 1 -8.97763e-05 0.00391551 4.50295e-05 8.97759e-05 1 0.000466301
1 7.89533e-05 -4.45587e-05 0.00250626 -7.89543e-05 1 -2.20568e-05 0.00197699 4.4557e-05 2.20603e-05 1 0.000716453
1 4.90932e-05 -5.23311e-05 -0.000759412 -4.90935e-05 1 -5.7912e-06 0.00292133 5.23309e-05 5.79377e-06 1 -0.00151624
1 5.26925e-05 -5.301e-05 0.00289776 -5.26928e-05 1 -5.87351e-06 -0.000171076 5.30097e-05 5.8763e-06 1 0.000473107
1 6.08817e-05 -6.79843e-05 -0.00131737 -6.0885e-05 1 -4.92229e-05 0.000887246 6.79813e-05 4.9227e-05 1 0.000341224
1 3.55122e-05 -2.16524e-05 0.00213964 -3.55137e-05 1 -6.72123e-05 0.000968259 2.165e-05 6.7213e-05 1 -0.00054021
1 8.24344e-06 -6.92597e-05 -0.000618687 -8.24746e-06 1 -5.80504e-05 0.000541381 6.92592e-05 5.8051e-05 1 0.00166871
1 0.000118759 -6.31107e-05 -0.00304396 -0.000118764 1 -7.07278e-05 -0.000770234 6.31023e-05 7.07353e-05 1 0.000618426
1 -2.73467e-05 -4.85005e-05 0.000185545 2.73461e-05 1 -1.41971e-05 -0.000350582 4.85009e-05 1.41958e-05 1 -3.69014e-05
1 -0.000157317 -6.82411e-05 0.000329929 0.000157311 1 -8.88713e-05 -0.000133485 6.82551e-05 8.88606e-05 1 8.86106e-05
1 -0.000375046 -4.80089e-05 0.000693121 0.000375042 1 -9.79392e-05 -0.00317084 4.80457e-05 9.79212e-05 1 -0.00012824
1 -0.000774456 -6.38289e-05 0.00301295 0.000774451 1 -7.21835e-05 -0.00281307 6.38847e-05 7.2134e-05 1 -0.000115682
0.999999 -0.00149336 -0.000186692 0.000868162 0.00149334 0.999999 -0.000108837 0.000941648 0.000186854 0.000108558 1 -0.000829217
0.999997 -0.00250513 -0.000189557 -0.000498107 0.00250512 0.999997 -5.61474e-05 0.00197855 0.000189697 5.56724e-05 1 0.000180626
0.999994 -0.00334298 -0.00032202 0.00609753 0.00334292 0.999994 -0.000172205 0.00785635 0.000322594 0.000171127 1 0.000130573
0.999991 -0.00424278 -0.000328151 0.0211921 0.00424272 0.999991 -0.000178924 0.00488712 0.000328907 0.00017753 1 0.00086384
0.999983 -0.0059005 -0.00033449 0.047599 0.00590038 0.999983 -0.000337587 0.000578364 0.000336476 0.000335608 1 -0.000587313
0.999963 -0.00858209 -0.000246072 0.0787571 0.00858203 0.999963 -0.000232728 0.00691984 0.00024806 0.000230608 1 -0.000951916
0.999923 -0.0124155 -0.000226798 0.10801 0.0124155 0.999923 -0.000180503 0.0067285 0.000229021 0.000177674 1 -0.000337936
0.999866 -0.0163907 -8.25665e-05 0.144108 0.0163907 0.999866 -3.47899e-05 0.0140898 8.31257e-05 3.34319e-05 1 0.0022061
0.999776 -0.021155 6.9231e-05 0.193226 0.021155 0.999776 6.13482e-05 0.0238016 -7.05133e-05 -5.98699e-05 1 0.00355833
0.999615 -0.0277369 0.000526077 0.249006 0.0277369 0.999615 3.90998e-05 0.0282136 -0.000526959 -2.4493e-05 1 0.00465192
0.999372 -0.0354246 0.00120688 0.284861 0.0354246 0.999372 9.34904e-05 0.0393851 -0.00120943 -5.06786e-05 0.999999 0.00883382
0.999037 -0.0438545 0.00163959 0.327625 0.0438536 0.999038 0.00060424 0.0601011 -0.00166451 -0.000531756 0.999998 0.01308
0.998565 -0.0535012 0.00234902 0.389887 0.0535001 0.998568 0.000517569 0.0646335 -0.00237335 -0.000391153 0.999997 0.00717274
0.99791 -0.0645519 0.00281728 0.43415 0.0645523 0.997914 -4.24136e-05 0.0755847 -0.00280866 0.000224187 0.999996 0.0162191
0.997114 -0.0758487 0.00339382 0.486334 0.0758514 0.997119 -0.000669603 0.0901582 -0.00333326 0.000925096 0.999994 0.0164214
0.996107 -0.0880597 0.0040016 0.562394 0.088065 0.996114 -0.0011703 0.107409 -0.00388299 0.00151815 0.999991 0.0162517
0.994755 -0.102191 0.00438968 0.625823 0.102201 0.994761 -0.0021517 0.126763 -0.0041468 0.00258905 0.999988 0.0168623
0.993118 -0.116996 0.00528877 0.687888 0.117021 0.993118 -0.00471359 0.147066 -0.0047009 0.00530005 0.999975 0.00535778
0.991262 -0.131737 0.00663749 0.769148 0.131803 0.991219 -0.0106649 0.15868 -0.00517423 0.0114466 0.999921 0.00293697
0.989141 -0.146679 0.00924475 0.850384 0.146827 0.988997 -0.0180607 0.174831 -0.0064939 0.019222 0.999794 0.0130302
0.986916 -0.160868 0.0109117 0.927919 0.161085 0.986663 -0.0234071 0.186214 -0.00700072 0.0248586 0.999666 0.0301437
0.984498 -0.175044 0.0110787 1.02019 0.175259 0.984253 -0.023024 0.214901 -0.00687404 0.0246088 0.999674 0.0532448
0.981803 -0.189699 0.00877051 1.10498 0.189845 0.98159 -0.0209718 0.25756 -0.00463071 0.0222552 0.999742 0.0499417
0.978743 -0.205002 0.006079 1.19442 0.205073 0.978631 -0.0150687 0.301955 -0.00285998 0.015995 0.999868 0.0414684
0.975535 -0.219802 0.0042267 1.28101 0.219839 0.975446 -0.0132692 0.350554 -0.00120632 0.0138738 0.999903 0.00631179
0.97254 -0.232643 0.00653567 1.38358 0.232717 0.972428 -0.0150585 0.375394 -0.00285221 0.016166 0.999865 -5.14249e-05
0.969337 -0.245476 0.0112484 1.50144 0.245669 0.969116 -0.0214639 0.400929 -0.00563209 0.0235691 0.999706 0.0179974
0.965752 -0.258979 0.0159072 1.60899 0.259334 0.965403 -0.0272537 0.446544 -0.0082987 0.0304456 0.999502 0.0464555
0.962033 -0.272308 0.0184744 1.72698 0.272784 0.961543 -0.031995 0.47726 -0.00905148 0.0358198 0.999317 0.0549053
0.958291 -0.285084 0.0201271 1.84117 0.285655 0.957643 -0.0363514 0.521015 -0.00891136 0.0405846 0.999136 0.0477061
0.954617 -0.297103 0.0208959 1.96351 0.297723 0.95384 -0.0393632 0.552003 -0.0082364 0.043798 0.999006 0.0461891
0.950749 -0.309303 0.0201951 2.091 0.309907 0.949784 -0.0432309 0.60248 -0.0058095 0.0473603 0.998861 0.0429107
0.94667 -0.32171 0.0178727 2.21428 0.322201 0.945493 -0.0472152 0.654011 -0.00170889 0.0504558 0.998725 0.040671
0.942348 -0.334159 0.0178203 2.33777 0.334633 0.94111 -0.0482922 0.701238 -0.000633583 0.0514713 0.998674 0.0354522
0.938862 -0.343507 0.0232713 2.481 0.344271 0.93744 -0.0518086 0.749706 -0.00401888 0.0566527 0.998386 0.0112951
0.935769 -0.35139 0.0293437 2.65011 0.352538 0.934042 -0.0572903 0.82714 -0.00727707 0.0639553 0.997926 0.0438963
0.932956 -0.358389 0.0339175 2.82062 0.359873 0.93091 -0.0624317 0.885357 -0.00919926 0.070452 0.997473 0.0540409
0.930673 -0.364196 0.0347817 2.97779 0.365758 0.92838 -0.0658148 0.94781 -0.00832119 0.0739737 0.997225 0.0598004
0.929128 -0.368141 0.034551 3.14324 0.369697 0.926621 -0.0685455 1.01223 -0.00678121 0.0764609 0.99705 0.047172
0.928125 -0.370884 0.032079 3.33262 0.37226 0.925226 -0.0733368 1.08938 -0.00248087 0.0800074 0.996791 0.0388074
0.927611 -0.372428 0.0288967 3.51185 0.373546 0.924567 -0.0750965 1.15315 0.00125116 0.0804546 0.996757 0.0412741
0.927826 -0.371909 0.0286709 3.70667 0.373006 0.924611 -0.0772034 1.22107 0.00220327 0.0823258 0.996603 0.0201036
0.928835 -0.369272 0.0300602 3.9204 0.370487 0.92527 -0.0813324 1.29347 0.00222002 0.0866812 0.996234 0.0295266
0.930109 -0.366091 0.0295811 4.13358 0.36725 0.925901 -0.0885128 1.36863 0.00501457 0.0931902 0.995636 0.0435787
0.932033 -0.361278 0.0281652 4.34823 0.362315 0.92766 -0.0904154 1.43737 0.00653737 0.0944748 0.995506 0.0597857
0.933942 -0.35638 0.027293 4.57186 0.357377 0.929847 -0.0875587 1.52942 0.00582589 0.0915286 0.995785 0.0510079
0.936102 -0.350747 0.0262635 4.81058 0.351692 0.932318 -0.0842381 1.61845 0.00506036 0.0880922 0.996099 0.0524105
0.938239 -0.345222 0.0229957 5.05047 0.345914 0.934599 -0.0828742 1.71129 0.00711825 0.0857103 0.996295 0.0447463
0.940833 -0.338324 0.0192238 5.27767 0.338731 0.937306 -0.0819695 1.78652 0.0097137 0.0836313 0.996449 0.0258183
0.943981 -0.32951 0.0179946 5.53436 0.329848 0.940476 -0.0818858 1.8695 0.0100587 0.0832341 0.996479 0.0172932
0.946893 -0.321005 0.0187064 5.81372 0.321447 0.943514 -0.0803364 1.95867 0.00813863 0.0820831 0.996592 0.040995
0.950078 -0.311367 0.0200695 6.07446 0.311986 0.947189 -0.0741516 2.04073 0.00407871 0.0767113 0.997045 0.0631721
0.953446 -0.300872 0.020417 6.36074 0.301563 0.951058 -0.0674367 2.15276 0.000872045 0.0704543 0.997515 0.0537847
0.956685 -0.290406 0.0204323 6.64662 0.291119 0.954712 -0.0614341 2.235 -0.00166613 0.0647213 0.997902 0.0419719
0.959808 -0.279897 0.0206571 6.9366 0.280639 0.957996 -0.0590433 2.32954 -0.00326338 0.0624674 0.998042 0.0412356
0.963154 -0.268136 0.0209006 7.22636 0.2689 0.961559 -0.0556578 2.3932 -0.00517326 0.0592272 0.998231 0.0606467
0.966529 -0.255693 0.0210517 7.54288 0.256449 0.965254 -0.0501802 2.47693 -0.00748955 0.0538993 0.998518 0.0614462
0.969746 -0.243256 0.0204598 7.87101 0.243949 0.968765 -0.0445377 2.55053 -0.00898666 0.0481814 0.998798 0.0567919
0.972858 -0.230468 0.0207863 8.20619 0.231138 0.972117 -0.0395479 2.641 -0.0110922 0.043279 0.999001 0.0444519
0.975789 -0.217649 0.0215608 8.54243 0.218314 0.975219 -0.0358659 2.70787 -0.0132204 0.0397046 0.999124 0.0429113
0.97869 -0.20409 0.0226574 8.88767 0.204739 0.978312 -0.0314366 2.77958 -0.0157501 0.0354056 0.999249 0.0546637
0.981441 -0.190426 0.0226252 9.25792 0.190997 0.981233 -0.0265067 2.84631 -0.017153 0.030336 0.999393 0.0506185
0.984034 -0.176576 0.0222997 9.6104 0.177045 0.983975 -0.0211522 2.90696 -0.0182073 0.0247625 0.999528 0.0353232
0.986205 -0.163976 0.0226004 9.9882 0.16439 0.986233 -0.017878 2.98309 -0.0193577 0.0213467 0.999585 0.0238526
0.988246 -0.150977 0.0239981 10.3596 0.151376 0.988351 -0.0157574 3.02929 -0.0213395 0.0192049 0.999588 0.0288692
0.989971 -0.138973 0.025383 10.7445 0.139367 0.990135 -0.0144568 3.08896 -0.0231235 0.0178493 0.999573 0.0253404
0.991548 -0.127342 0.0248355 11.1171 0.127693 0.991727 -0.0130918 3.13374 -0.0229629 0.0161524 0.999606 0.0241503
0.992902 -0.116511 0.0238729 11.5037 0.116809 0.993088 -0.0114583 3.17528 -0.0223729 0.0141655 0.999649 0.0162716
0.994073 -0.1063 0.0227671 11.8954 0.106511 0.994277 -0.0082411 3.21183 -0.0217608 0.0106172 0.999707 0.0154483
0.995019 -0.0972326 0.0219861 12.2959 0.0973708 0.995234 -0.00530454 3.25863 -0.0213655 0.00741892 0.999744 -0.00696259
0.995854 -0.0882379 0.0221101 12.6842 0.0883643 0.996077 -0.00480656 3.28893 -0.0215992 0.00674037 0.999744 -0.020313
0.996598 -0.0795167 0.0216655 13.0874 0.0796731 0.9968 -0.00645232 3.3139 -0.0210831 0.00815653 0.999744 -0.0180062
0.997236 -0.0709605 0.0220045 13.4983 0.0711247 0.997444 -0.00677067 3.33358 -0.0214678 0.00831702 0.999735 -0.0202651
0.997783 -0.0625175 0.0228011 13.9054 0.0626875 0.99801 -0.00681885 3.35387 -0.0223294 0.00823308 0.999717 -0.0259301
0.99824 -0.0543788 0.023645 14.3187 0.0545337 0.998494 -0.00595651 3.36981 -0.0232854 0.00723548 0.999703 -0.0239761
0.998646 -0.046431 0.0234466 14.7446 0.0465094 0.998914 -0.00281149 3.39347 -0.0232906 0.00389817 0.999721 -0.0265078
0.998972 -0.0389473 0.0231781 15.1805 0.0389838 0.999239 -0.00112209 3.4058 -0.0231168 0.00202451 0.999731 -0.0558923
0.999195 -0.0325446 0.0234583 15.6178 0.0325659 0.999469 -0.000527399 3.41311 -0.0234287 0.00129092 0.999725 -0.0651068
0.999343 -0.0266911 0.0245133 16.0617 0.0267593 0.999639 -0.00245844 3.4239 -0.0244389 0.00311278 0.999696 -0.0757782
0.999421 -0.0222546 0.0257321 16.5116 0.0224153 0.999731 -0.00597693 3.42063 -0.0255921 0.00655027 0.999651 -0.0748846
0.999484 -0.0183751 0.0263298 16.9649 0.018582 0.999798 -0.00763233 3.43613 -0.0261843 0.00811765 0.999624 -0.066654
0.999539 -0.0148127 0.0265123 17.4056 0.0149723 0.999871 -0.00583177 3.44282 -0.0264225 0.00622603 0.999631 -0.0749629
0.99957 -0.0117898 0.0268354 17.8672 0.0119027 0.999921 -0.00405114 3.45259 -0.0267855 0.00436881 0.999632 -0.0974437
0.999623 -0.00970177 0.0256935 18.3385 0.00977125 0.999949 -0.00258012 3.4606 -0.0256672 0.00283021 0.999667 -0.107592
0.999647 -0.00804851 0.0253281 18.8003 0.00810781 0.999965 -0.00223954 3.46375 -0.0253091 0.00244411 0.999677 -0.126868
0.999632 -0.00738059 0.0260855 19.2785 0.00741746 0.999972 -0.00131687 3.47391 -0.026075 0.00150987 0.999659 -0.126999
0.999639 -0.00723275 0.0258654 19.7619 0.00726299 0.999973 -0.00107534 3.48194 -0.0258569 0.00126281 0.999665 -0.134452
0.999671 -0.00778108 0.0244511 20.2439 0.00777429 0.99997 0.000372566 3.49331 -0.0244533 -0.000182354 0.999701 -0.144113
0.999704 -0.00810772 0.0229475 20.7262 0.008058 0.999965 0.00225821 3.49982 -0.022965 -0.00207263 0.999734 -0.149263
0.999708 -0.00841171 0.0226744 21.2407 0.00833416 0.999959 0.0035125 3.5052 -0.0227031 -0.0033225 0.999737 -0.174134
0.999636 -0.0091387 0.0253926 21.7444 0.00897995 0.999939 0.00635867 3.51793 -0.0254492 -0.00612833 0.999657 -0.149057
0.999642 -0.00854494 0.0253384 22.2491 0.00826966 0.999906 0.0109489 3.54351 -0.0254296 -0.0107355 0.999619 -0.182626
0.999681 -0.00849339 0.0237961 22.7852 0.00809556 0.999827 0.0167649 3.55442 -0.0239343 -0.0165669 0.999576 -0.206582
0.999721 -0.00930664 0.0217078 23.2914 0.00896802 0.999837 0.0156444 3.55769 -0.0218499 -0.0154454 0.999642 -0.217884
0.999767 -0.00893667 0.0196564 23.8071 0.00870209 0.99989 0.0119871 3.55446 -0.0197614 -0.0118133 0.999735 -0.210946
0.999846 -0.00735927 0.0159186 24.3492 0.0072029 0.999925 0.00985816 3.55924 -0.01599 -0.00974199 0.999825 -0.186434
0.999861 -0.00627652 0.0154782 24.9021 0.00601055 0.999835 0.0171708 3.56992 -0.0155834 -0.0170754 0.999733 -0.21074
0.999806 -0.00602874 0.0187365 25.4539 0.00562986 0.999758 0.0212692 3.58871 -0.0188602 -0.0211596 0.999598 -0.266633
0.9997 -0.00581968 0.0237994 26.017 0.00538301 0.999817 0.0183712 3.5925 -0.0239019 -0.0182375 0.999548 -0.269166
0.999637 -0.00550661 0.0263841 26.585 0.00514636 0.999893 0.0137027 3.59662 -0.0264567 -0.0135619 0.999558 -0.246406
0.999601 -0.00557851 0.0276802 27.178 0.00527381 0.999925 0.0110686 3.60461 -0.0277399 -0.0109182 0.999556 -0.254894
0.999608 -0.00525024 0.0275096 27.7466 0.00494215 0.999924 0.0112555 3.60909 -0.0275666 -0.0111152 0.999558 -0.266231
0.999615 -0.0052818 0.0272404 28.3466 0.00493121 0.999904 0.0129215 3.62294 -0.027306 -0.0127822 0.999545 -0.28824
0.999593 -0.00541605 0.0280137 28.9507 0.0050277 0.999891 0.0139148 3.6196 -0.028086 -0.0137683 0.999511 -0.306661
0.999577 -0.00534782 0.0285908 29.5494 0.00495884 0.999894 0.0136588 3.62145 -0.0286608 -0.0135112 0.999498 -0.322353
0.999575 -0.00483751 0.0287395 30.1667 0.00444752 0.999897 0.0136182 3.62719 -0.0288024 -0.0134846 0.999494 -0.336997
0.999558 -0.00424405 0.029422 30.8028 0.00391232 0.999928 0.0113233 3.62453 -0.029468 -0.0112032 0.999503 -0.363607
0.999521 -0.00392063 0.0307095 31.433 0.00364836 0.999954 0.00891708 3.63115 -0.030743 -0.00880077 0.999489 -0.350029
0.999512 -0.0029788 0.0310976 32.0612 0.00270721 0.999958 0.00877202 3.64582 -0.0311224 -0.00868355 0.999478 -0.376193
0.999495 -0.00249118 0.03168 32.72 0.00210672 0.999924 0.0121635 3.64514 -0.0317079 -0.0120907 0.999424 -0.380281
0.999515 -0.0022482 0.0310598 33.3661 0.00182255 0.999904 0.0137258 3.66806 -0.0310877 -0.0136626 0.999423 -0.425442
0.999549 -0.00133574 0.029989 34.0181 0.000919636 0.999903 0.0138849 3.64913 -0.0300046 -0.0138511 0.999454 -0.437077
0.999567 -0.000572171 0.0294114 34.6884 0.000162547 0.999903 0.0139279 3.65946 -0.0294166 -0.0139171 0.99947 -0.448135
0.999551 0.000828799 0.0299455 35.3585 -0.00124519 0.999903 0.013889 3.65649 -0.0299311 -0.0139201 0.999455 -0.456406
0.99951 0.00207916 0.0312241 36.0382 -0.00259295 0.999862 0.0164236 3.65756 -0.0311857 -0.0164965 0.999377 -0.473697
0.999451 0.0029079 0.0329959 36.7371 -0.00347652 0.999846 0.0171889 3.67463 -0.0329408 -0.0172942 0.999308 -0.50212
0.999423 0.0035846 0.0337857 37.4282 -0.00416037 0.999847 0.0169871 3.67165 -0.0337196 -0.0171178 0.999285 -0.51382
0.999462 0.00429516 0.0325125 38.1236 -0.00485479 0.999841 0.0171534 3.68557 -0.0324336 -0.017302 0.999324 -0.535273
0.999516 0.0046765 0.0307451 38.8254 -0.00525963 0.999807 0.0189133 3.6726 -0.0306507 -0.0190659 0.999348 -0.550503
0.999522 0.00465354 0.0305609 39.5377 -0.00533336 0.999739 0.0222011 3.68223 -0.0304496 -0.0223534 0.999286 -0.57824
0.999507 0.00526498 0.0309417 40.2515 -0.00595329 0.999736 0.0221957 3.67089 -0.0308167 -0.022369 0.999275 -0.600548
0.999511 0.00541769 0.0308023 40.9734 -0.00608401 0.999749 0.0215795 3.67521 -0.0306776 -0.0217564 0.999293 -0.611969
0.999534 0.00567248 0.029997 41.7038 -0.00633188 0.999739 0.0219329 3.68244 -0.0298648 -0.0221126 0.999309 -0.626916
0.999617 0.00666423 0.0268718 42.4271 -0.0072857 0.999707 0.0230961 3.67948 -0.02671 -0.023283 0.999372 -0.636969
0.999685 0.00734464 0.0240188 43.1809 -0.00792767 0.999674 0.0242693 3.6761 -0.0238327 -0.0244521 0.999417 -0.659944
0.999714 0.00793154 0.0225731 43.8939 -0.00846678 0.999683 0.0237154 3.67522 -0.0223779 -0.0238998 0.999464 -0.67467
0.999702 0.00820523 0.0230049 44.6513 -0.0087446 0.999687 0.0234443 3.67296 -0.0228053 -0.0236384 0.99946 -0.675554
0.99968 0.00897689 0.0236629 45.3946 -0.0095336 0.999678 0.0235199 3.67556 -0.0234441 -0.023738 0.999443 -0.695853
0.999636 0.00971634 0.0251759 46.1516 -0.0103156 0.999664 0.0237848 3.65881 -0.0249363 -0.0240359 0.9994 -0.700202
0.999637 0.0105288 0.0248122 46.8987 -0.011066 0.999705 0.0216146 3.65064 -0.0245773 -0.0218813 0.999458 -0.745069
0.99972 0.0108543 0.0210241 47.6519 -0.0112279 0.99978 0.0177322 3.64867 -0.020827 -0.0179633 0.999622 -0.729147
0.999756 0.0111347 0.0190879 48.4161 -0.0114998 0.999751 0.0191229 3.66063 -0.0188702 -0.0193377 0.999635 -0.728811
0.999731 0.0116578 0.0200462 49.1709 -0.0121018 0.999681 0.022171 3.64357 -0.0197813 -0.0224077 0.999553 -0.749392
0.999658 0.0119607 0.0232371 49.9522 -0.0124721 0.99968 0.0219884 3.65823 -0.0229666 -0.0222707 0.999488 -0.781005
0.999588 0.0125212 0.025834 50.7245 -0.0129326 0.999791 0.0158197 3.62502 -0.0256305 -0.0161473 0.999541 -0.793665
0.999599 0.0129201 0.025215 51.4963 -0.0132267 0.99984 0.0120294 3.62511 -0.0250555 -0.012358 0.99961 -0.798152
0.999698 0.013636 0.0204328 52.2774 -0.0138967 0.999823 0.0126736 3.61904 -0.0202564 -0.0129537 0.999711 -0.801299
0.999766 0.0140959 0.0164155 53.0741 -0.0143482 0.999779 0.0153573 3.60118 -0.0161954 -0.0155892 0.999747 -0.815218
0.999772 0.0143541 0.015785 53.8651 -0.0145624 0.999807 0.0131638 3.59148 -0.015593 -0.0133907 0.999789 -0.834611
0.999747 0.0147922 0.0169164 54.6598 -0.0149621 0.999838 0.00996373 3.58565 -0.0167663 -0.0102143 0.999807 -0.821996
0.999714 0.0158179 0.0179552 55.4638 -0.0159753 0.999835 0.00865778 3.57387 -0.0178153 -0.00894214 0.999801 -0.831297
0.999715 0.0165388 0.0172444 56.2612 -0.0166738 0.999831 0.00771431 3.55339 -0.0171139 -0.00799964 0.999822 -0.855298
0.999757 0.0158335 0.0153414 57.07 -0.0159503 0.999845 0.00751744 3.57375 -0.01522 -0.00776032 0.999854 -0.862627
0.999758 0.0165824 0.0144612 57.8837 -0.0167056 0.999825 0.00843996 3.5392 -0.0143187 -0.0086795 0.99986 -0.865273
0.999721 0.0179632 0.0153054 58.7063 -0.0180845 0.999806 0.00782375 3.52052 -0.0151618 -0.00809836 0.999852 -0.87552
0.999658 0.0186648 0.0183251 59.5287 -0.0187512 0.999814 0.00455588 3.51867 -0.0182366 -0.00489794 0.999822 -0.88829
0.999596 0.0202301 0.0199732 60.3434 -0.0202835 0.999791 0.00247225 3.50387 -0.0199191 -0.00287638 0.999797 -0.88176
0.999556 0.0216886 0.0204418 61.1885 -0.0217348 0.999762 0.00204243 3.49294 -0.0203926 -0.00248582 0.999789 -0.902217
0.999503 0.0238768 0.0205596 62.0122 -0.0239116 0.999713 0.00144417 3.46303 -0.0205193 -0.00193507 0.999788 -0.913839
0.999463 0.02596 0.0200027 62.8514 -0.0259623 0.999663 -0.000143812 3.45449 -0.0199997 -0.000375581 0.9998 -0.92776
0.999437 0.0285022 0.0177032 63.6788 -0.0284542 0.999591 -0.00295511 3.43475 -0.0177801 0.00244971 0.999839 -0.934393
0.999415 0.0305305 0.015429 64.5228 -0.0304576 0.999524 -0.00493852 3.39048 -0.0155725 0.0044657 0.999869 -0.930859
0.999379 0.0323976 0.0138416 65.3735 -0.0322822 0.999443 -0.00848059 3.38099 -0.0141087 0.00802849 0.999868 -0.950597
0.999329 0.0342858 0.0129177 66.2122 -0.0341225 0.999338 -0.0126531 3.33906 -0.0133429 0.0122038 0.999837 -0.952808
0.999289 0.0352394 0.0134123 67.054 -0.035007 0.999239 -0.0171797 3.30589 -0.0140075 0.0166979 0.999762 -0.948119
0.999244 0.0358055 0.0151757 67.917 -0.0354787 0.999144 -0.021285 3.29332 -0.0159249 0.0207305 0.999658 -0.969436
0.999192 0.0369378 0.0158316 68.7657 -0.0365185 0.998995 -0.0260031 3.25618 -0.0167762 0.0254039 0.999536 -0.99637
0.999213 0.0371461 0.0139199 69.6141 -0.0367506 0.998942 -0.0276608 3.22803 -0.0149327 0.0271275 0.99952 -0.983463
0.999214 0.037793 0.0119423 70.4621 -0.0374922 0.998997 -0.0244778 3.19831 -0.0128554 0.0240108 0.999629 -0.982119
0.999207 0.0382221 0.011136 71.3338 -0.0380364 0.999141 -0.0164333 3.15943 -0.0117545 0.0159967 0.999803 -0.978355
0.999231 0.0376 0.0111305 72.196 -0.0374651 0.999225 -0.0120942 3.14426 -0.0115766 0.0116679 0.999865 -1.01359
0.999246 0.0373107 0.0107352 73.0448 -0.0372052 0.999259 -0.00986186 3.12683 -0.0110952 0.00945502 0.999894 -1.00068
0.999257 0.0372759 0.00981934 73.923 -0.0372297 0.999295 -0.00484587 3.12567 -0.00999305 0.0044767 0.99994 -0.985834
0.999228 0.0384102 0.00826776 74.7955 -0.0384077 0.999262 -0.000466463 3.09627 -0.00827958 0.000148558 0.999966 -1.0155
0.999221 0.0385568 0.00836016 75.6857 -0.0385688 0.999255 0.00128289 3.05378 -0.00830447 -0.00160433 0.999964 -1.01792
0.999242 0.0378854 0.00890648 76.5562 -0.037892 0.999282 0.000570989 3.04006 -0.00887845 -0.000908041 0.99996 -1.00782
0.999259 0.0377694 0.00744635 77.4149 -0.0377749 0.999286 0.000600127 3.01919 -0.00741837 -0.000880968 0.999972 -1.01744
0.999258 0.0381911 0.00493286 78.304 -0.0382037 0.999267 0.0024732 2.98938 -0.00483479 -0.00265982 0.999985 -1.008
0.999266 0.0379225 0.00546644 79.1829 -0.0379408 0.999275 0.00327571 2.95335 -0.00533825 -0.0034807 0.99998 -0.98714
0.999244 0.0379908 0.00820513 80.0793 -0.038003 0.999277 0.00132873 2.91778 -0.00814872 -0.00163955 0.999965 -1.01614
0.999262 0.0373799 0.00885858 80.97 -0.0373622 0.999299 -0.00215703 2.89557 -0.008933 0.00182447 0.999958 -1.02276
0.999316 0.0362807 0.00713561 81.8481 -0.0362569 0.999337 -0.00344102 2.87761 -0.00725572 0.00317995 0.999969 -1.00454
0.999388 0.0348242 0.00338915 82.7401 -0.0348061 0.99938 -0.00525173 2.84147 -0.00356993 0.00513056 0.99998 -1.02297
0.999451 0.0331329 0.000516458 83.6367 -0.0331289 0.99943 -0.00642866 2.82575 -0.000729164 0.00640802 0.999979 -0.985485
0.999524 0.0308441 -7.37824e-05 84.5465 -0.0308439 0.999504 -0.00633557 2.79519 -0.000121669 0.00633483 0.99998 -0.982
0.999612 0.0278218 0.00146728 85.4343 -0.0278084 0.999577 -0.00850054 2.77078 -0.00170316 0.00845643 0.999963 -1.00264
0.999696 0.0245089 0.0027771 86.339 -0.0244815 0.999655 -0.00950982 2.75849 -0.00300922 0.00943894 0.999951 -0.980544
0.999767 0.0213655 0.00297972 87.2213 -0.0213383 0.999733 -0.00886421 2.74451 -0.00316831 0.00879856 0.999956 -0.994436
0.999833 0.0180372 0.00278198 88.1519 -0.0180142 0.999805 -0.0081052 2.71973 -0.00292763 0.00805374 0.999963 -0.986401
0.999879 0.015274 0.00304422 89.0219 -0.0152526 0.99986 -0.00693077 2.72841 -0.00314965 0.00688349 0.999971 -0.972369
0.99991 0.0131925 0.00233997 89.9537 -0.0131801 0.999899 -0.00522472 2.70735 -0.00240866 0.00519341 0.999984 -0.978849
0.999939 0.0108582 0.00185392 90.8558 -0.0108547 0.999939 -0.0018837 2.71194 -0.00187426 0.00186346 0.999997 -0.968288
0.999951 0.00945884 0.00298498 91.7648 -0.00945132 0.999952 -0.00252438 2.70602 -0.00300871 0.00249605 0.999992 -0.973105
0.999947 0.00877425 0.00536923 92.6686 -0.00876108 0.999959 -0.00247181 2.7243 -0.00539069 0.00242464 0.999983 -0.958916
0.999936 0.00865443 0.00727786 93.5866 -0.00863501 0.999959 -0.00269652 2.71029 -0.0073009 0.0026335 0.99997 -0.970397
0.999936 0.00799522 0.00795876 94.5076 -0.00796854 0.999963 -0.00337787 2.71021 -0.00798547 0.00331423 0.999963 -0.967659
0.999944 0.00781087 0.0071333 95.4278 -0.00779429 0.999967 -0.00234942 2.70999 -0.00715141 0.00229369 0.999972 -0.960263
0.999946 0.00759103 0.00712699 96.3634 -0.00756417 0.999964 -0.00378803 2.71198 -0.00715549 0.00373392 0.999967 -0.970871
0.999929 0.00761534 0.00919624 97.2605 -0.00758087 0.999964 -0.00377714 2.70022 -0.00922467 0.00370715 0.999951 -0.961101
0.9999 0.00801137 0.0116204 98.1955 -0.00795347 0.999956 -0.00502052 2.70362 -0.0116601 0.0049276 0.99992 -0.991887
0.999884 0.00818756 0.0128221 99.1403 -0.00807597 0.999929 -0.00873122 2.68821 -0.0128926 0.00862666 0.99988 -0.982939
0.999874 0.00808718 0.0136343 100.069 -0.00794741 0.999916 -0.0102747 2.69557 -0.0137162 0.0101651 0.999854 -0.985232
0.999863 0.00835482 0.0142673 101.009 -0.00815811 0.999872 -0.0137908 2.66782 -0.0143807 0.0136725 0.999803 -1.01685
0.999839 0.00892328 0.0155529 101.942 -0.00864109 0.999799 -0.0181175 2.6584 -0.0157114 0.0179802 0.999715 -1.00398
0.999837 0.00908269 0.0156177 102.877 -0.00874202 0.999725 -0.0217448 2.64869 -0.0158109 0.0216047 0.999642 -1.01761
0.999861 0.00910113 0.0139964 103.832 -0.00877457 0.999692 -0.0232191 2.64345 -0.0142034 0.0230931 0.999632 -1.04331
0.999884 0.00938952 0.0120086 104.776 -0.00903501 0.999532 -0.0292425 2.62635 -0.0122776 0.0291306 0.9995 -1.03863
0.999896 0.00977199 0.0106153 105.718 -0.00943076 0.999452 -0.0317331 2.61709 -0.0109196 0.0316297 0.99944 -1.03641
0.99991 0.00946917 0.00948901 106.665 -0.00914816 0.999403 -0.0333205 2.61572 -0.00979886 0.0332307 0.9994 -1.04551
0.99989 0.00894866 0.0118036 107.623 -0.00854308 0.999386 -0.0339752 2.60897 -0.0121004 0.0338707 0.999353 -1.03003
0.999863 0.00939558 0.0136106 108.574 -0.00888724 0.999278 -0.0369403 2.58153 -0.0139478 0.0368143 0.999225 -1.07774
0.99987 0.00915097 0.0132824 109.526 -0.00855338 0.998979 -0.0443707 2.58773 -0.0136749 0.0442514 0.998927 -1.0637
0.999885 0.00931814 0.0119921 110.469 -0.00873407 0.998816 -0.0478675 2.60594 -0.0124239 0.0477572 0.998782 -1.0388
0.99988 0.00990024 0.0119005 111.461 -0.00932288 0.998822 -0.0476282 2.54172 -0.012358 0.0475116 0.998794 -1.06919
0.999888 0.00934972 0.0117067 112.406 -0.0087483 0.99869 -0.0504116 2.5528 -0.0121627 0.0503035 0.99866 -1.0706
0.999904 0.00868454 0.0108397 113.393 -0.00813216 0.998716 -0.0500032 2.55284 -0.01126 0.0499102 0.99869 -1.03757
0.999898 0.00862423 0.0113596 114.338 -0.00807741 0.998846 -0.0473338 2.55207 -0.0117547 0.0472373 0.998815 -1.05426
0.999891 0.00822806 0.0122902 115.317 -0.00770483 0.999087 -0.0420306 2.54818 -0.0126248 0.0419313 0.999041 -1.06748
0.999885 0.00831992 0.0127066 116.279 -0.00782276 0.999221 -0.0386871 2.54143 -0.0130186 0.0385832 0.999171 -1.08308
0.999867 0.00831069 0.0140394 117.261 -0.00780453 0.999331 -0.0357311 2.54011 -0.014327 0.0356167 0.999263 -1.08767
0.999855 0.00829595 0.014859 118.232 -0.00780222 0.999425 -0.0329831 2.52724 -0.015124 0.0328624 0.999345 -1.10114
0.99984 0.00801799 0.0159815 119.204 -0.00748509 0.999423 -0.0331303 2.53713 -0.0162379 0.0330054 0.999323 -1.09871
0.999821 0.00767676 0.0172696 120.186 -0.00713045 0.999479 -0.0314765 2.54765 -0.0175023 0.0313477 0.999355 -1.10138
0.999803 0.00786825 0.0182167 121.172 -0.00730011 0.999491 -0.0310473 2.52326 -0.0184517 0.0309082 0.999352 -1.13854
0.999807 0.0076238 0.0181277 122.157 -0.00698141 0.999355 -0.0352397 2.51508 -0.0183847 0.0351064 0.999214 -1.1361
0.999835 0.00771416 0.0164474 123.122 -0.00708986 0.999265 -0.0376833 2.51576 -0.016726 0.0375605 0.999154 -1.14194
0.999852 0.00819107 0.0151591 124.122 -0.00762809 0.999292 -0.0368305 2.50318 -0.01545 0.0367094 0.999207 -1.14912
0.99985 0.00786179 0.0154561 125.098 -0.00727528 0.999265 -0.0376436 2.49208 -0.0157406 0.0375255 0.999172 -1.16419
0.999823 0.00832008 0.0168873 126.09 -0.00762507 0.999138 -0.0408108 2.49455 -0.0172123 0.0406748 0.999024 -1.16536
0.999777 0.00876212 0.0192115 127.07 -0.0079541 0.999097 -0.0417397 2.49102 -0.0195599 0.0415776 0.998944 -1.16543
0.999752 0.00934167 0.0202007 128.078 -0.00855493 0.999215 -0.0386877 2.49223 -0.0205462 0.0385053 0.999047 -1.17139
0.999775 0.00902183 0.0191867 129.069 -0.00828524 0.999238 -0.0381296 2.47568 -0.0195161 0.037962 0.999089 -1.21284
0.999802 0.00853797 0.0179972 130.052 -0.00790415 0.999356 -0.0349991 2.48636 -0.0182845 0.0348499 0.999225 -1.1941
0.999842 0.00837366 0.015671 131.03 -0.00789859 0.999515 -0.0301358 2.47875 -0.0159157 0.0300072 0.999423 -1.21728
0.999879 0.00789993 0.013394 132.009 -0.0075243 0.999583 -0.0278672 2.48587 -0.0136085 0.0277631 0.999522 -1.23479
0.9999 0.00747794 0.0120404 132.994 -0.00714244 0.999592 -0.0276707 2.4861 -0.0122424 0.0275819 0.999545 -1.22578
0.99988 0.00735368 0.0136433 133.984 -0.00695913 0.999563 -0.0287446 2.47709 -0.0138487 0.0286462 0.999494 -1.23547
0.99988 0.00693231 0.013837 134.961 -0.00650675 0.999512 -0.0305665 2.46743 -0.0140422 0.0304728 0.999437 -1.22865
0.9999 0.00639452 0.0125909 135.928 -0.00599173 0.999477 -0.0317729 2.47679 -0.0127874 0.0316943 0.999416 -1.2289
0.999922 0.00584655 0.0110205 136.905 -0.00548909 0.999467 -0.0321912 2.46769 -0.0112028 0.0321282 0.999421 -1.23624
0.999938 0.00532313 0.00981773 137.867 -0.00501835 0.999513 -0.0308108 2.48574 -0.00997695 0.0307596 0.999477 -1.23948
0.999953 0.00492128 0.00830278 138.823 -0.00468106 0.999577 -0.0287082 2.48967 -0.00844054 0.028668 0.999553 -1.24344
0.999967 0.00455312 0.00667606 139.788 -0.00437071 0.999623 -0.0270882 2.48484 -0.00679689 0.0270581 0.999611 -1.24252
0.999972 0.00429685 0.00617232 140.753 -0.00413757 0.999664 -0.0255903 2.48215 -0.0062802 0.0255641 0.999653 -1.23566
0.999971 0.00364433 0.0066428 141.704 -0.00349029 0.999728 -0.0230547 2.49517 -0.00672502 0.0230308 0.999712 -1.23462
0.999968 0.00315431 0.00739866 142.658 -0.00298092 0.999723 -0.0233306 2.48101 -0.00747021 0.0233078 0.9997 -1.2362
0.999974 0.00278339 0.00672447 143.589 -0.00262238 0.999712 -0.0238348 2.48624 -0.00678888 0.0238166 0.999693 -1.21116
0.999983 0.00182953 0.00547413 144.514 -0.00170843 0.999755 -0.0220465 2.50208 -0.00551312 0.0220368 0.999742 -1.22998
0.999989 0.0012763 0.00454005 145.445 -0.00118222 0.999786 -0.0206643 2.49234 -0.00456545 0.0206587 0.999776 -1.2264
0.999991 0.000594784 0.00414009 146.35 -0.000506884 0.999775 -0.0212002 2.50458 -0.00415177 0.021198 0.999767 -1.22157
0.999996 -0.000431662 0.00295636 147.246 0.000497381 0.999752 -0.0222653 2.51032 -0.00294602 0.0222666 0.999748 -1.20272
0.999996 -0.00146106 0.00233234 148.118 0.00151322 0.999745 -0.0225231 2.52279 -0.00229883 0.0225265 0.999744 -1.18931
0.999992 -0.00273942 0.00289526 149.005 0.00280563 0.999729 -0.0231162 2.52451 -0.00283115 0.0231241 0.999729 -1.18977
0.999981 -0.00389259 0.0048498 149.874 0.00401144 0.999686 -0.0247408 2.52931 -0.00475197 0.0247598 0.999682 -1.16939
0.999969 -0.00534861 0.00581591 150.726 0.00550026 0.999637 -0.0263792 2.54373 -0.0056727 0.0264104 0.999635 -1.17193
0.999957 -0.00599298 0.00707038 151.552 0.00618165 0.999617 -0.0269715 2.53684 -0.00690603 0.027014 0.999611 -1.14731
0.999936 -0.00730204 0.00868398 152.385 0.00751051 0.999678 -0.0242208 2.56579 -0.00850432 0.0242845 0.999669 -1.12969
0.9999 -0.00855507 0.0112542 153.205 0.00880967 0.999702 -0.0227709 2.56312 -0.0110561 0.0228678 0.999677 -1.17793
0.999873 -0.0095961 0.012716 153.985 0.00990124 0.999659 -0.0241551 2.57226 -0.0124799 0.024278 0.999627 -1.15562
0.999888 -0.0105479 0.0106424 154.755 0.0108131 0.999625 -0.0251724 2.59913 -0.0103729 0.0252847 0.999626 -1.15946
0.999897 -0.0110298 0.00916219 155.536 0.011262 0.999607 -0.0256855 2.59166 -0.00887528 0.025786 0.999628 -1.14275
0.999876 -0.0120484 0.0101481 156.285 0.012317 0.999564 -0.0268374 2.59391 -0.00982029 0.0269591 0.999588 -1.14719
0.999838 -0.0130934 0.0123182 157.024 0.0134257 0.999537 -0.0272982 2.62162 -0.011955 0.0274591 0.999551 -1.13622
0.999782 -0.014457 0.0150618 157.731 0.0148909 0.999465 -0.0291094 2.61788 -0.014633 0.0293274 0.999463 -1.14716
0.999755 -0.015801 0.0154991 158.431 0.0162901 0.999357 -0.0319551 2.6394 -0.0149842 0.0321998 0.999369 -1.14857
0.999779 -0.0170825 0.0122675 159.102 0.017532 0.999142 -0.0375267 2.65598 -0.0116159 0.0377335 0.99922 -1.1423
0.999795 -0.017312 0.0105291 159.791 0.0177193 0.999047 -0.0399011 2.6613 -0.00982833 0.0400795 0.999148 -1.10426
0.999796 -0.0179428 0.00932052 160.465 0.0182834 0.999116 -0.0378463 2.68424 -0.00863322 0.038009 0.99924 -1.11971
0.99977 -0.0188423 0.0102603 161.141 0.0191971 0.99918 -0.0356594 2.68751 -0.00957998 0.0358482 0.999311 -1.14717
0.99972 -0.0199087 0.0127575 161.82 0.0203903 0.999039 -0.0388033 2.68998 -0.0119727 0.0390525 0.999165 -1.18003
0.999707 -0.0208794 0.0122352 162.476 0.0214503 0.99859 -0.0485573 2.70825 -0.0112041 0.0488055 0.998745 -1.16676
0.99977 -0.0203971 0.00662368 163.128 0.0207256 0.998323 -0.0540481 2.73458 -0.00551015 0.0541729 0.998516 -1.12417
0.999791 -0.0203947 0.00107652 163.802 0.0204231 0.998358 -0.0535153 2.74403 1.6674e-05 0.0535261 0.998566 -1.11712
0.999787 -0.0205721 -0.00133324 164.442 0.0204737 0.99841 -0.0525102 2.74579 0.00241137 0.0524717 0.998619 -1.14455
0.999771 -0.0213983 0.000455724 165.12 0.0213932 0.99843 -0.0517641 2.75621 0.000652656 0.051762 0.998659 -1.14833
0.999756 -0.0215134 0.00508621 165.774 0.0217619 0.998232 -0.0553065 2.77101 -0.00388739 0.0554036 0.998456 -1.14132
0.999741 -0.0216488 0.00702727 166.425 0.0220219 0.998058 -0.0582712 2.78774 -0.00575213 0.0584108 0.998276 -1.1333
0.999777 -0.0208928 0.00321678 167.047 0.0210313 0.99844 -0.0517173 2.83436 -0.00213125 0.0517734 0.998657 -1.06491
0.999734 -0.0209328 -0.0096506 167.687 0.0206067 0.999252 -0.0327366 2.85817 0.0103286 0.032529 0.999417 -1.11694
0.999566 -0.0217232 -0.0198973 168.327 0.0212475 0.999491 -0.0238136 2.87545 0.0204045 0.0233805 0.999518 -1.15711
0.999462 -0.0224927 -0.0238835 168.943 0.0219425 0.999493 -0.0230544 2.89147 0.02439 0.022518 0.999449 -1.11325
0.999541 -0.0212653 -0.0215883 169.557 0.0207522 0.999503 -0.0237187 2.92822 0.0220819 0.0232598 0.999486 -1.02851
0.999626 -0.0186498 -0.0199805 170.19 0.0183534 0.99972 -0.0149156 2.96324 0.020253 0.0145433 0.999689 -1.04273
0.999635 -0.0176056 -0.0205082 170.83 0.0174458 0.999816 -0.00794563 2.96994 0.0206443 0.00758495 0.999758 -1.06169
0.999684 -0.0166779 -0.0188165 171.454 0.0165861 0.99985 -0.00502139 2.98728 0.0188974 0.00470771 0.99981 -1.04458
0.999743 -0.0158287 -0.0162105 172.097 0.0157501 0.999864 -0.00496203 3.0137 0.0162868 0.00470544 0.999856 -1.02711
0.999807 -0.0142537 -0.0135259 172.736 0.0141546 0.999872 -0.00739204 3.00267 0.0136295 0.00719916 0.999881 -1.01223
0.999839 -0.0138551 -0.0114043 173.388 0.013725 0.999841 -0.0114097 3.01746 0.0115605 0.0112513 0.99987 -0.980273
0.999819 -0.0134865 -0.0134415 174.01 0.0133087 0.999824 -0.0132323 3.03572 0.0136176 0.013051 0.999822 -0.955376
0.999798 -0.0126448 -0.0156299 174.669 0.0124586 0.999851 -0.0119542 3.03941 0.0157788 0.0117571 0.999806 -0.945484
0.999805 -0.0121767 -0.0155359 175.331 0.0119961 0.99986 -0.0116647 3.03625 0.0156758 0.0114761 0.999811 -0.941678
0.999829 -0.0127953 -0.0133143 175.987 0.0126545 0.999864 -0.0106126 3.0601 0.0134482 0.0104423 0.999855 -0.919886
0.999863 -0.013116 -0.0101077 176.658 0.0130203 0.99987 -0.00947336 3.09015 0.0102306 0.00934045 0.999904 -0.929161
0.999874 -0.0132116 -0.00883103 177.34 0.0131022 0.999838 -0.0123268 3.07622 0.00899246 0.0122095 0.999885 -0.938416
0.999878 -0.0133735 -0.00809675 178.012 0.0132525 0.999802 -0.0148182 3.10073 0.00829332 0.0147091 0.999857 -0.891589
0.999891 -0.0128862 -0.00718303 178.696 0.0127666 0.999783 -0.01645 3.10967 0.00739345 0.0163565 0.999839 -0.877055
0.999903 -0.0124528 -0.00622631 179.394 0.0123576 0.99981 -0.0151008 3.11983 0.00641317 0.0150224 0.999867 -0.864983
0.999912 -0.0123943 -0.0046923 180.08 0.0123219 0.999809 -0.0151449 3.12255 0.00487911 0.0150857 0.999874 -0.895332
0.999916 -0.0121675 -0.00445138 180.785 0.0120981 0.99981 -0.0152952 3.14228 0.00463663 0.0152401 0.999873 -0.872254
0.99992 -0.0115104 -0.00521581 181.487 0.0114215 0.999794 -0.0167733 3.14838 0.00540781 0.0167124 0.999846 -0.865993
0.999919 -0.0113176 -0.00576373 182.198 0.01122 0.999798 -0.0167039 3.15803 0.00595162 0.0166379 0.999844 -0.8595
0.999927 -0.0105591 -0.00588202 182.93 0.01046 0.999807 -0.0166348 3.17241 0.00605654 0.016572 0.999844 -0.845741
0.999931 -0.0100795 -0.00599932 183.656 0.00999276 0.999848 -0.0143108 3.17525 0.00614266 0.0142499 0.99988 -0.839104
0.999925 -0.0103135 -0.00657026 184.387 0.0102274 0.999863 -0.0130045 3.18735 0.00670348 0.0129363 0.999894 -0.829354
0.999914 -0.0105796 -0.00768929 185.129 0.0104972 0.999888 -0.0106857 3.20921 0.00780148 0.0106041 0.999913 -0.836816
0.999892 -0.0108706 -0.0098957 185.874 0.0107603 0.99988 -0.0111327 3.21749 0.0100155 0.011025 0.999889 -0.833693
0.999881 -0.0104614 -0.0113315 186.627 0.0103514 0.999899 -0.00972751 3.23523 0.0114321 0.00960906 0.999888 -0.792194
0.999875 -0.0104903 -0.011853 187.387 0.0104082 0.999922 -0.00696565 3.24118 0.0119252 0.0068414 0.999905 -0.788222
0.999851 -0.0103956 -0.0137693 188.151 0.0103227 0.999932 -0.00535164 3.25389 0.013824 0.00520871 0.999891 -0.801551
0.999811 -0.0107189 -0.016224 188.922 0.0106356 0.99993 -0.00521132 3.26446 0.0162787 0.00503779 0.999855 -0.774954
0.999738 -0.0103359 -0.020444 189.679 0.0102366 0.999935 -0.00495442 3.28772 0.0204938 0.00474385 0.999779 -0.750261
0.999657 -0.0100455 -0.0242013 190.461 0.00998703 0.999947 -0.00253429 3.30201 0.0242255 0.00229172 0.999704 -0.722853
0.999604 -0.00954099 -0.026467 191.253 0.00953185 0.999954 -0.000471426 3.3115 0.0264703 0.000218961 0.99965 -0.700979
0.999563 -0.00925626 -0.0280591 192.03 0.00927298 0.999957 0.000465832 3.32455 0.0280536 -0.000725821 0.999606 -0.692048
0.999517 -0.0088287 -0.0297877 192.818 0.00885665 0.99996 0.000806563 3.33757 0.0297794 -0.00106999 0.999556 -0.669923
0.999454 -0.00793635 -0.032088 193.616 0.00800819 0.999966 0.00211107 3.35146 0.0320701 -0.00236688 0.999483 -0.613977
0.999413 -0.0071621 -0.0335049 194.417 0.00732653 0.999962 0.00478736 3.36363 0.0334693 -0.00503003 0.999427 -0.619825
0.999366 -0.00659954 -0.0349903 195.222 0.0067381 0.99997 0.00384328 3.36895 0.0349639 -0.00407661 0.99938 -0.596198
0.999319 -0.00615262 -0.0363903 196.027 0.00617714 0.999981 0.00056131 3.38794 0.0363862 -0.000785716 0.999337 -0.551468
0.99923 -0.00491305 -0.0389291 196.83 0.00490291 0.999988 -0.000356014 3.39437 0.0389304 0.000164874 0.999242 -0.501995
0.999155 -0.00402336 -0.0408984 197.649 0.00404319 0.999992 0.000402081 3.395 0.0408965 -0.000567102 0.999163 -0.487536
0.999096 -0.00357232 -0.0423614 198.47 0.00355415 0.999994 -0.000504124 3.39511 0.042363 0.000353109 0.999102 -0.451398
0.999074 -0.00304236 -0.0429178 199.285 0.00291934 0.999991 -0.00292865 3.4006 0.0429264 0.00280064 0.999074 -0.404423
0.999048 -0.00227078 -0.0435591 200.107 0.00216654 0.999995 -0.00244011 3.41465 0.0435644 0.00234342 0.999048 -0.353287
0.99903 -0.001193 -0.0440145 200.938 0.0011732 0.999999 -0.000475625 3.41954 0.044015 0.000423525 0.999031 -0.299388
0.999083 -0.00100338 -0.0428084 201.771 0.00134449 0.999968 0.00794021 3.433 0.042799 -0.00799048 0.999052 -0.278037
0.999067 -0.000216254 -0.0431892 202.597 0.000779394 0.999915 0.0130225 3.43888 0.0431827 -0.013044 0.998982 -0.282207
0.999026 -3.92255e-05 -0.044117 203.435 0.000562131 0.99993 0.0118403 3.44675 0.0441135 -0.0118536 0.998956 -0.242037
0.998951 0.0013479 -0.045768 204.256 -0.000731063 0.999909 0.0134914 3.46841 0.045782 -0.0134438 0.998861 -0.154139
