1 0 0 0 0 1 0 0 0 0 1 0
1 1.5821e-05 -3.72177e-05 -0.0180642 -1.58217e-05 1 -1.8879e-05 -0.000633247 3.72174e-05 1.88796e-05 1 -0.000662596
1 2.39354e-05 -8.51336e-05 -0.0375901 -2.39321e-05 1 3.84715e-05 2.85371e-05 8.51345e-05 -3.84695e-05 1 0.000481849
1 0.000103775 -0.000116297 -0.040245 -0.000103776 1 -7.38249e-06 0.00379847 0.000116296 7.39456e-06 1 0.000405302
1 6.9642e-05 -7.54134e-05 -0.026997 -6.96459e-05 1 -5.28669e-05 0.00537641 7.54097e-05 5.28722e-05 1 0.000161014
1 5.07936e-05 -6.37059e-05 -0.0245319 -5.07972e-05 1 -5.65115e-05 0.00120699 6.3703e-05 5.65147e-05 1 0.000251435
1 0.000105984 -7.43306e-05 -0.0292214 -0.000105989 1 -6.08377e-05 -0.000320936 7.43242e-05 6.08456e-05 1 0.00163117
1 0.000101459 -7.60613e-05 -0.0274347 -0.000101464 1 -6.25471e-05 0.00171611 7.6055e-05 6.25549e-05 1 -0.000835329
1 0.000106464 -6.99424e-05 -0.0257622 -0.000106465 1 -1.82193e-05 0.00105409 6.99404e-05 1.82267e-05 1 -0.000441063
1 0.000159442 -6.26731e-05 -0.036761 -0.000159443 1 -2.31475e-05 0.00170842 6.26694e-05 2.31575e-05 1 0.000656418
1 0.000119647 -0.000107166 -0.046902 -0.000119647 1 -6.54982e-06 -2.95764e-06 0.000107166 6.56265e-06 1 0.00372394
1 0.000106473 -0.000226179 -0.0356824 -0.000106485 1 -5.49574e-05 -0.00282548 0.000226174 5.49815e-05 1 0.00140031
1 8.97967e-05 -0.000267963 -0.014285 -8.98013e-05 1 -1.73312e-05 -0.00120798 0.000267961 1.73552e-05 1 -0.000137448
1 0.000116166 -0.000260789 -0.0032187 -0.00011619 1 -9.28272e-05 0.000801869 0.000260779 9.28575e-05 1 0.00104682
1 6.69578e-05 -0.000420518 0.0287235 -6.70543e-05 1 -0.000229489 0.00178847 0.000420502 0.000229517 1 0.0027602
1 2.14994e-05 -0.000770258 0.05662 -2.1764e-05 1 -0.000343578 0.00444851 0.00077025 0.000343595 1 0.00465573
1 -4.76737e-05 -0.000979664 0.0926128 4.72998e-05 1 -0.000381663 0.00736494 0.000979682 0.000381616 0.999999 0.00994361
0.999999 -0.000102949 -0.00105171 0.162838 0.000102354 1 -0.00056568 0.00381435 0.00105177 0.000565572 0.999999 0.00975738
0.999999 -0.000384016 -0.000986881 0.28307 0.000383436 1 -0.000588188 0.000738736 0.000987106 0.00058781 0.999999 0.00847124
0.999999 -0.000735537 -0.00107031 0.389477 0.000734724 0.999999 -0.000759961 -0.00229104 0.00107087 0.000759174 0.999999 0.0129097
0.999999 -0.00122506 -0.00121502 0.489411 0.00122406 0.999999 -0.000822415 0.00254994 0.00121603 0.000820927 0.999999 0.0132838
0.999997 -0.00191729 -0.00133821 0.626273 0.00191614 0.999998 -0.0008597 0.000489162 0.00133985 0.000857134 0.999999 0.0120517
0.999995 -0.00266068 -0.0014422 0.773096 0.0026598 0.999996 -0.000606984 -0.000105897 0.00144381 0.000603145 0.999999 0.0145144
0.99999 -0.00424494 -0.00152199 0.921194 0.00424357 0.999991 -0.000902226 0.00343337 0.0015258 0.000895758 0.999998 0.0113456
0.999982 -0.00586303 -0.00148882 1.11348 0.00586214 0.999983 -0.00060049 0.00291472 0.00149231 0.000591751 0.999999 0.0152131
0.999973 -0.00718472 -0.00158916 1.31904 0.007184 0.999974 -0.000456393 0.0103108 0.0015924 0.000444964 0.999999 0.013118
0.999955 -0.00934489 -0.00175401 1.53411 0.00934384 0.999956 -0.000608018 0.0112709 0.00175961 0.000591601 0.999998 0.0127142
0.999932 -0.0114902 -0.00175313 1.76157 0.011489 0.999934 -0.000685062 0.0111594 0.00176089 0.000664874 0.999998 0.0127553
0.999904 -0.0137806 -0.00167021 1.99652 0.0137787 0.999904 -0.00114356 0.0112333 0.00168581 0.00112044 0.999998 0.0190293
0.999873 -0.0158662 -0.00175087 2.26123 0.015864 0.999873 -0.00125781 0.0200216 0.00177061 0.00122987 0.999998 0.0250314
0.999828 -0.0184357 -0.00181053 2.53605 0.0184344 0.99983 -0.000731389 0.0265078 0.00182371 0.000697888 0.999998 0.0204497
0.999781 -0.0208235 -0.00191563 2.83073 0.0208221 0.999783 -0.000774389 0.0417102 0.00193134 0.000734332 0.999998 0.0151538
0.999721 -0.023523 -0.0018998 3.11561 0.0235213 0.999723 -0.000917656 0.0494096 0.00192086 0.000872714 0.999998 0.013996
0.999659 -0.0260469 -0.00181265 3.42353 0.0260444 0.99966 -0.00140561 0.0549983 0.00184864 0.00135792 0.999997 0.0168073
0.999579 -0.0289561 -0.00163083 3.74864 0.0289532 0.999579 -0.00176414 0.0711098 0.00168123 0.00171619 0.999997 0.0159713
0.999488 -0.031971 -0.00124883 4.07076 0.0319691 0.999488 -0.00151438 0.0883243 0.00129661 0.00147368 0.999998 0.0177418
0.999392 -0.0348606 -0.000610291 4.3953 0.0348603 0.999392 -0.000566287 0.114267 0.000629661 0.000544668 1 0.0179949
0.999281 -0.0379072 -0.000536155 4.75507 0.0379072 0.999281 -0.000133994 0.13149 0.000540849 0.000113573 1 0.0196937
0.999155 -0.0410949 0.000135303 5.10221 0.0410949 0.999155 -0.000378254 0.14661 -0.000119644 0.000383495 1 0.0208473
0.999022 -0.0442151 0.000225078 5.48053 0.0442153 0.999022 -0.000750766 0.166614 -0.000191662 0.000759983 1 0.0279879
0.998894 -0.0470112 0.000210467 5.85928 0.0470113 0.998894 -0.000616686 0.180636 -0.000181243 0.000625899 1 0.0236565
0.998711 -0.0507507 -7.89203e-05 6.25636 0.0507506 0.998711 -0.000532772 0.212821 0.000105857 0.00052808 1 0.0258028
0.998522 -0.0543573 0.00012017 6.66724 0.0543573 0.998522 -6.74603e-05 0.231038 -0.000116326 7.38927e-05 1 0.0246553
0.998329 -0.0577852 0.000361937 7.0907 0.0577851 0.998329 0.000351226 0.268782 -0.000381628 -0.000329724 1 0.0270866
0.998121 -0.0612768 0.000200704 7.52605 0.0612766 0.99812 0.000834051 0.307859 -0.000251435 -0.000820185 1 0.0222975
0.997888 -0.0649514 -9.33903e-05 7.95702 0.0649515 0.997888 0.00104267 0.339345 2.54701e-05 -0.00104654 0.999999 0.0236821
0.997613 -0.0690457 -0.00040356 8.40619 0.0690463 0.997612 0.00181 0.370688 0.000277624 -0.00183354 0.999998 0.0302179
0.99733 -0.0730234 -0.000407807 8.85355 0.0730241 0.997328 0.00190986 0.412541 0.000267252 -0.00193454 0.999998 0.0179451
0.997059 -0.0766416 -0.000348484 9.31157 0.0766423 0.997055 0.00281251 0.458777 0.000131902 -0.00283095 0.999996 0.0227567
0.99677 -0.0803097 -0.000547142 9.78418 0.0803111 0.996764 0.00337295 0.50351 0.000274491 -0.00340599 0.999994 0.0307787
0.996469 -0.0839652 -0.000576739 10.2736 0.083967 0.996456 0.0049446 0.550339 0.00015952 -0.00497557 0.999988 0.0368162
0.996182 -0.0873004 -0.000360729 10.7619 0.087301 0.996162 0.006268 0.594428 -0.000187855 -0.00627556 0.99998 0.0331291
0.995907 -0.0903801 -0.00042042 11.2797 0.0903808 0.995883 0.00698745 0.647163 -0.000212837 -0.00699685 0.999975 0.0371527
0.995581 -0.093906 -0.0010355 11.8105 0.0939112 0.995551 0.00763932 0.710096 0.000313513 -0.0077028 0.99997 0.0404849
0.995225 -0.0975986 -0.00159467 12.3367 0.0976091 0.995183 0.00914693 0.762403 0.000694261 -0.0092589 0.999957 0.0488279
0.994878 -0.10105 -0.00246309 12.8699 0.101072 0.99481 0.0116936 0.818978 0.00126867 -0.0118827 0.999929 0.0454693
0.994531 -0.104397 -0.0030368 13.4158 0.104429 0.99444 0.0135345 0.877532 0.00160695 -0.0137777 0.999904 0.0442675
0.994156 -0.107913 -0.00282669 13.9774 0.107944 0.994028 0.0160102 0.948175 0.00108211 -0.0162217 0.999868 0.0415985
0.993705 -0.11203 7.99217e-05 14.5467 0.112011 0.993549 0.0177331 1.02381 -0.00206605 -0.0176126 0.999843 0.0349447
0.993291 -0.115575 0.00390802 15.1089 0.115484 0.993137 0.0185014 1.08915 -0.0060195 -0.017926 0.999821 0.0306212
0.992922 -0.118648 0.00527963 15.7053 0.118529 0.992769 0.0189806 1.16754 -0.00749348 -0.0182205 0.999806 0.067243
0.992586 -0.121543 7.90485e-05 16.2772 0.121514 0.992362 0.0212774 1.23996 -0.00266456 -0.0211101 0.999774 0.0826598
0.992259 -0.123976 -0.0072484 16.8583 0.124094 0.992085 0.0191726 1.32082 0.00481409 -0.0199237 0.99979 0.0572711
0.991904 -0.126314 -0.0131047 17.4596 0.126539 0.991798 0.0180289 1.39461 0.0107199 -0.0195411 0.999752 0.0564309
0.991575 -0.128731 -0.0144072 18.0634 0.128968 0.991505 0.0168971 1.47675 0.0121096 -0.0186128 0.999753 0.045795
0.991321 -0.131277 -0.00697977 18.6834 0.131375 0.9912 0.0162442 1.55933 0.00478585 -0.0170202 0.999844 0.0451181
0.991048 -0.1335 0.00127101 19.3147 0.133465 0.990934 0.0153835 1.64495 -0.00331317 -0.0150761 0.999881 0.0830045
0.990756 -0.13555 0.00542751 19.9477 0.135467 0.990691 0.0134468 1.72866 -0.0071997 -0.0125873 0.999895 0.106733
0.990389 -0.138255 0.00383979 20.5778 0.138201 0.990333 0.0119118 1.82381 -0.00544953 -0.0112666 0.999922 0.120138
0.990033 -0.140823 -0.00170317 21.2127 0.140833 0.989968 0.0113731 1.91862 8.44931e-05 -0.0114996 0.999934 0.10558
0.989599 -0.143659 -0.00750887 21.8571 0.143732 0.989564 0.0101972 2.01133 0.00596558 -0.0111704 0.99992 0.0714938
0.989086 -0.147108 -0.00827283 22.5046 0.147182 0.989068 0.00910349 2.1127 0.00684319 -0.0102217 0.999924 0.0855294
0.988694 -0.149829 -0.00601371 23.15 0.149886 0.988646 0.0106086 2.20683 0.00435596 -0.01139 0.999926 0.113289
0.988278 -0.152632 -0.00331143 23.8155 0.152661 0.988204 0.012103 2.33056 0.00142507 -0.0124666 0.999921 0.105257
0.987768 -0.15593 0.000625579 24.4914 0.155909 0.987682 0.0132768 2.44114 -0.00268812 -0.0130168 0.999912 0.0998657
0.987264 -0.15906 0.00308316 25.1534 0.159019 0.987218 0.0106448 2.54209 -0.00473691 -0.010019 0.999939 0.102303
0.986803 -0.161903 0.00258898 25.8212 0.161859 0.986736 0.0124135 2.65047 -0.00456441 -0.0118306 0.99992 0.15754
0.986363 -0.16458 0.000964842 26.4939 0.164555 0.986286 0.0127006 2.77797 -0.00304188 -0.0123687 0.999919 0.102204
0.985794 -0.167933 0.00284612 27.1811 0.167885 0.985727 0.0125491 2.89419 -0.00491291 -0.0118931 0.999917 0.0960504
0.985231 -0.171122 0.00606353 27.8599 0.171077 0.985231 0.00730378 3.0083 -0.00722381 -0.00615858 0.999955 0.0958812
0.984669 -0.17429 0.00706037 28.5357 0.174245 0.98468 0.00658879 3.11688 -0.00810057 -0.00525754 0.999953 0.157093
0.984127 -0.177391 0.00510367 29.2243 0.177361 0.984129 0.00582196 3.25082 -0.00605543 -0.00482436 0.99997 0.121988
0.98345 -0.181176 0.00124239 29.9075 0.181169 0.983441 0.00466535 3.38636 -0.00206707 -0.00436305 0.999988 0.115928
0.982724 -0.185051 -0.00302603 30.5952 0.185058 0.982725 0.00219804 3.51354 0.00256701 -0.00272005 0.999993 0.135264
0.982 -0.188711 -0.00798861 31.2912 0.188719 0.982031 0.000217682 3.64626 0.00780398 -0.00172137 0.999968 0.138679
0.981231 -0.192629 -0.0088716 31.9843 0.192634 0.981271 -0.000281291 3.78942 0.00875963 -0.00143296 0.999961 0.137674
0.980516 -0.196284 -0.00781821 32.6782 0.196279 0.980547 -0.0012946 3.92351 0.00792023 -0.000265177 0.999969 0.15092
0.979767 -0.200009 -0.00724493 33.3822 0.200003 0.979794 -0.00157585 4.07434 0.00741372 9.49562e-05 0.999973 0.173812
0.978938 -0.203978 -0.00853129 34.0847 0.203973 0.978975 -0.00146384 4.23032 0.00865051 -0.000307147 0.999963 0.186172
0.97804 -0.208179 -0.00999614 34.7859 0.208185 0.978089 -0.000436355 4.38135 0.00986796 -0.00165428 0.99995 0.193672
0.977167 -0.212224 -0.0102706 35.4868 0.212233 0.977219 -0.000260855 4.53876 0.0100919 -0.00192485 0.999947 0.191772
0.976226 -0.216583 -0.00862998 36.199 0.216605 0.976258 0.00166371 4.70522 0.00806476 -0.00349345 0.999961 0.204855
0.975398 -0.22035 -0.00674499 36.9041 0.220369 0.975414 0.00219158 4.86541 0.00609625 -0.00362405 0.999975 0.225471
0.974543 -0.224133 -0.0054959 37.6165 0.224149 0.974552 0.00253157 5.03885 0.00478863 -0.00369903 0.999982 0.237055
0.973614 -0.228149 -0.00497465 38.3159 0.228167 0.973616 0.00335656 5.2081 0.00407761 -0.00440304 0.999982 0.244199
0.972758 -0.231761 -0.00542043 39.0302 0.231781 0.972761 0.00356299 5.37544 0.00444703 -0.00472228 0.999979 0.249655
0.971936 -0.235166 -0.00607991 39.7438 0.235184 0.971948 0.00249157 5.55308 0.00532343 -0.00385154 0.999978 0.25382
0.971052 -0.238775 -0.00669706 40.4584 0.23879 0.97107 0.00152666 5.72933 0.00613879 -0.00308166 0.999976 0.274463
0.970262 -0.241972 -0.00639539 41.1767 0.241985 0.970279 0.00132897 5.90911 0.00588374 -0.00283704 0.999979 0.279169
0.96944 -0.245263 -0.00573592 41.9063 0.245272 0.969454 0.00105479 6.10089 0.00530201 -0.00242942 0.999983 0.290934
0.968505 -0.248946 -0.0048514 42.6267 0.248956 0.968513 0.00157792 6.29557 0.00430582 -0.00273601 0.999987 0.299275
0.967649 -0.252267 -0.00409282 43.3522 0.252273 0.967655 0.0011039 6.48215 0.00368196 -0.0021007 0.999991 0.303018
0.966689 -0.255924 -0.00376579 44.0875 0.25593 0.966695 0.00105136 6.68013 0.0033713 -0.00198012 0.999992 0.308683
0.965807 -0.259237 -0.00365298 44.8219 0.25924 0.965813 0.000142106 6.87598 0.00349126 -0.00108425 0.999993 0.321401
0.96488 -0.262656 -0.00434157 45.564 0.262657 0.964889 -0.000342205 7.08384 0.00427901 -0.000810157 0.999991 0.33188
0.963909 -0.266179 -0.00527392 46.3045 0.266179 0.963923 -0.000548676 7.28968 0.0052297 -0.000874934 0.999986 0.339227
0.962929 -0.269693 -0.00575437 47.0486 0.26969 0.962946 -0.0013626 7.49449 0.00590863 -0.000239808 0.999983 0.344036
0.961836 -0.273576 -0.0052651 47.7964 0.273568 0.96185 -0.00209471 7.72009 0.0056373 0.000574404 0.999984 0.350513
0.960765 -0.277324 -0.00474188 48.5517 0.277306 0.960773 -0.00416998 7.9465 0.0057123 0.00269142 0.99998 0.35463
0.959619 -0.281257 -0.00511018 49.3239 0.281234 0.959627 -0.00480608 8.16405 0.00625562 0.00317485 0.999975 0.378314
0.958404 -0.285342 -0.00639661 50.0792 0.2853 0.958415 -0.0066991 8.3958 0.00804214 0.00459549 0.999957 0.394007
0.957115 -0.289612 -0.00750319 50.8468 0.289576 0.957139 -0.00547644 8.62479 0.00876764 0.00306883 0.999957 0.409137
0.95567 -0.294381 -0.00584697 51.6168 0.294351 0.955682 -0.00545326 8.8729 0.00719318 0.00349046 0.999968 0.394182
0.954205 -0.299125 -0.00411542 52.3915 0.299106 0.954209 -0.00462183 9.11478 0.00530947 0.00317923 0.999981 0.425122
0.952738 -0.303777 -0.00327246 53.1708 0.303766 0.95274 -0.00347407 9.37255 0.00417315 0.00231581 0.999989 0.444245
0.951242 -0.308412 -0.00443984 53.945 0.308401 0.951251 -0.00306952 9.62648 0.00517008 0.0015506 0.999985 0.442995
0.949692 -0.313128 -0.00599183 54.7341 0.313118 0.949711 -0.00259743 9.89177 0.00650383 0.000590608 0.999979 0.443377
0.948112 -0.317867 -0.00662845 55.5266 0.317856 0.948135 -0.0027018 10.1566 0.00714348 0.000454718 0.999974 0.456925
0.946571 -0.322428 -0.00661124 56.3179 0.322414 0.946594 -0.00305168 10.4304 0.0072421 0.00075707 0.999973 0.475372
0.944888 -0.327334 -0.0062162 57.1166 0.327321 0.944909 -0.00297877 10.7124 0.00684879 0.000779916 0.999976 0.485723
0.943196 -0.332189 -0.0057394 57.9084 0.332181 0.943213 -0.00220703 10.9922 0.00614663 0.000175136 0.999981 0.489568
0.941506 -0.336949 -0.00567931 58.716 0.336936 0.941522 -0.00310348 11.2869 0.00639291 0.00100838 0.999979 0.509407
0.939754 -0.341805 -0.0056323 59.522 0.341795 0.939771 -0.00278238 11.5869 0.0062441 0.000689665 0.99998 0.514791
0.938083 -0.34635 -0.00641844 60.3234 0.346341 0.938105 -0.00253676 11.8871 0.00689978 0.000156725 0.999976 0.521284
0.936303 -0.351131 -0.00660411 61.1431 0.351124 0.936326 -0.0022048 12.2006 0.00695777 -0.000254495 0.999976 0.525663
0.934571 -0.355725 -0.0060174 61.9563 0.355716 0.934591 -0.00241197 12.5111 0.0064818 0.000113673 0.999979 0.535122
0.932905 -0.360078 -0.00571612 62.7819 0.36007 0.932922 -0.00236225 12.825 0.00618329 0.000145546 0.999981 0.550865
0.931322 -0.364151 -0.00575067 63.5972 0.364142 0.93134 -0.00263732 13.1547 0.00631621 0.000362132 0.99998 0.561371
0.929757 -0.368131 -0.00563274 64.4302 0.368119 0.929774 -0.00308511 13.4873 0.0063729 0.000794888 0.999979 0.578501
0.928321 -0.371734 -0.00576242 65.2522 0.371721 0.928339 -0.00320429 13.8186 0.00654062 0.000832593 0.999978 0.599449
0.927012 -0.374989 -0.00560337 66.0887 0.374976 0.927029 -0.0032806 14.1568 0.00642468 0.000940021 0.999979 0.595931
0.925586 -0.378507 -0.00475764 66.9209 0.378494 0.925597 -0.00338876 14.4997 0.00568633 0.00133585 0.999983 0.60595
0.924196 -0.381896 -0.00407187 67.753 0.381882 0.924203 -0.0038214 14.8447 0.00522261 0.00197675 0.999984 0.624463
0.922762 -0.38534 -0.00473912 68.5929 0.38532 0.922772 -0.00457785 15.2041 0.00613716 0.00239819 0.999978 0.64034
0.921309 -0.388801 -0.00482664 69.4384 0.388776 0.921316 -0.00545573 15.5585 0.00656805 0.00314994 0.999973 0.650465
0.919627 -0.392775 -0.00383354 70.2862 0.392751 0.919627 -0.00572014 15.9169 0.00577216 0.00375477 0.999976 0.651988
0.917915 -0.39677 -0.00236947 71.125 0.396752 0.917908 -0.0058074 16.2833 0.00447915 0.00439061 0.99998 0.668864
0.916074 -0.401002 -0.00221611 71.9694 0.400982 0.916063 -0.00645806 16.6608 0.00461979 0.00502745 0.999977 0.682888
0.91422 -0.405206 -0.00313321 72.8052 0.405181 0.914213 -0.00651285 17.0371 0.00550347 0.00468466 0.999974 0.691198
0.912075 -0.41001 -0.00346753 73.6581 0.409981 0.912068 -0.0069028 17.4254 0.00599284 0.00487425 0.99997 0.694116
0.909981 -0.414639 -0.00298379 74.5077 0.414616 0.909975 -0.00620439 17.8138 0.00528776 0.00440875 0.999976 0.713073
0.90765 -0.419724 -0.00157476 75.3435 0.419699 0.907627 -0.00816871 18.2005 0.00485789 0.00675341 0.999965 0.71169
0.905157 -0.425076 -0.00134442 76.1895 0.42505 0.905128 -0.00866603 18.5954 0.00490059 0.00727267 0.999962 0.744325
0.902589 -0.4305 -0.00173409 77.0254 0.430467 0.902558 -0.0093444 18.9984 0.00558787 0.00768768 0.999955 0.753951
0.899998 -0.435892 -0.00134997 77.8739 0.435857 0.899958 -0.010194 19.4081 0.00565838 0.00858615 0.999947 0.754201
0.897176 -0.441673 -0.000944815 78.7137 0.441634 0.89712 -0.0116114 19.8205 0.00597603 0.0100002 0.999932 0.763098
0.894145 -0.447776 -0.0011416 79.5504 0.447726 0.894078 -0.0129095 20.2463 0.00680124 0.0110318 0.999916 0.792745
0.890807 -0.454381 -0.00109904 80.3854 0.454326 0.890731 -0.0136486 20.6781 0.00718062 0.0116589 0.999906 0.805048
0.8869 -0.46196 -0.000493307 81.2197 0.46191 0.886818 -0.0138723 21.1188 0.00684593 0.0120755 0.999904 0.810033
0.8827 -0.469936 0.000570677 82.053 0.4699 0.882618 -0.0134088 21.5618 0.00579758 0.0121041 0.99991 0.821481
0.878433 -0.477864 0.00125596 82.8791 0.477836 0.878346 -0.013473 22.0114 0.00533508 0.0124353 0.999908 0.840117
0.874176 -0.485608 0.000929314 83.6981 0.485576 0.874094 -0.0132494 22.4726 0.00562168 0.0120335 0.999912 0.851967
0.869762 -0.493471 0.000141973 84.5223 0.49344 0.869703 -0.0115377 22.9445 0.00557004 0.0101051 0.999933 0.863372
0.865238 -0.501362 -7.49103e-05 85.3356 0.501338 0.865197 -0.00971128 23.4196 0.00493368 0.00836501 0.999953 0.871449
0.860699 -0.509115 0.000576293 86.1463 0.509095 0.860655 -0.00974863 23.9034 0.00446718 0.00868402 0.999952 0.882384
0.856216 -0.516617 -0.000750678 86.9393 0.516594 0.85619 -0.00838433 24.3922 0.00497421 0.00679101 0.999965 0.913727
0.851842 -0.523791 -0.00289104 87.7417 0.523774 0.851842 -0.00515401 24.8857 0.00516233 0.00287615 0.999983 0.923628
0.847859 -0.530213 -0.00293553 88.5325 0.530211 0.847864 -0.00170279 25.3878 0.00339177 -0.000112722 0.999994 0.910376
0.844084 -0.536209 -0.00141275 89.3197 0.536209 0.844085 -0.000841913 25.902 0.00164393 -4.68862e-05 0.999999 0.911183
0.840612 -0.54163 -0.00281485 90.1005 0.541631 0.840616 -0.000332637 26.4138 0.00254638 -0.00124499 0.999996 0.946342
0.8374 -0.546556 -0.00611286 90.8752 0.546567 0.837415 0.000190335 26.9272 0.00501497 -0.00350048 0.999981 0.955357
0.834406 -0.551087 -0.00833522 91.646 0.55112 0.834423 0.00229782 27.4428 0.0056888 -0.00651103 0.999963 0.958751
0.831924 -0.554826 -0.00839405 92.4252 0.554873 0.831921 0.00487185 27.9672 0.00428016 -0.00871064 0.999953 0.971837
0.829949 -0.557791 -0.00732966 93.2 0.557836 0.82992 0.00722976 28.4958 0.00205033 -0.0100891 0.999947 0.986137
0.828599 -0.559786 -0.00797295 93.965 0.559842 0.828538 0.0100605 29.0269 0.000974174 -0.0127997 0.999918 0.999455
0.827499 -0.561389 -0.00933331 94.7325 0.561465 0.827417 0.0117298 29.5575 0.00113758 -0.0149467 0.999888 1.00965
0.826371 -0.563018 -0.0110233 95.4984 0.563124 0.826256 0.0138819 30.0865 0.00129231 -0.0176791 0.999843 1.01177
0.825047 -0.564932 -0.012191 96.2504 0.565062 0.82491 0.0151399 30.6171 0.00150345 -0.0193798 0.999811 1.01893
0.823961 -0.566491 -0.0132322 97.0082 0.566643 0.823812 0.0157885 31.1452 0.00195677 -0.020507 0.999788 1.02949
0.823025 -0.567824 -0.0143504 97.7639 0.568001 0.822859 0.0167067 31.6787 0.00232191 -0.0219011 0.999757 1.04083
0.822255 -0.568921 -0.0150126 98.5223 0.569116 0.822058 0.0180955 32.2118 0.00204627 -0.023423 0.999724 1.05324
0.821837 -0.569524 -0.015067 99.2777 0.56972 0.821625 0.0187541 32.7384 0.00169854 -0.0239968 0.999711 1.05775
0.8217 -0.569699 -0.0158793 100.035 0.569917 0.821471 0.0195164 33.277 0.00192592 -0.0250865 0.999683 1.07678
0.821956 -0.569302 -0.0168452 100.79 0.569545 0.82173 0.0194716 33.803 0.00275693 -0.0255989 0.999668 1.08884
0.822517 -0.568448 -0.0182191 101.541 0.568732 0.822252 0.0210938 34.3296 0.00299 -0.0277118 0.999611 1.09419
0.823201 -0.567416 -0.0194452 102.288 0.567737 0.822927 0.0215796 34.8566 0.00375736 -0.0288041 0.999578 1.09867
0.824088 -0.566042 -0.0218156 103.047 0.566437 0.823801 0.0223803 35.387 0.00530351 -0.0308004 0.999511 1.11658
0.82535 -0.564126 -0.0236442 103.8 0.564589 0.825029 0.0237914 35.9049 0.00608574 -0.0329855 0.999437 1.12646
0.826468 -0.562457 -0.0243278 104.558 0.562951 0.826111 0.0250282 36.4335 0.00602018 -0.0343804 0.999391 1.14056
0.827921 -0.56037 -0.0230648 105.304 0.560827 0.827521 0.026109 36.9508 0.00445593 -0.0345516 0.999393 1.14225
0.829704 -0.557745 -0.0226353 106.059 0.558189 0.829293 0.0264067 37.4647 0.00404308 -0.0345445 0.999395 1.16112
0.831823 -0.554517 -0.0241215 106.823 0.555016 0.831416 0.0265624 37.9781 0.00532572 -0.035483 0.999356 1.16905
0.833754 -0.551549 -0.025466 107.582 0.552097 0.833359 0.0264759 38.4897 0.00661959 -0.036134 0.999325 1.18294
0.835631 -0.548716 -0.0251317 108.348 0.549255 0.835229 0.0266757 38.9892 0.00635334 -0.0360947 0.999328 1.1961
0.837622 -0.545706 -0.0243838 109.115 0.546215 0.837243 0.0259642 39.493 0.00624633 -0.035067 0.999365 1.20801
0.839683 -0.542545 -0.024035 109.874 0.543042 0.839308 0.0258512 39.993 0.00614733 -0.0347588 0.999377 1.22759
0.841464 -0.539765 -0.0243273 110.641 0.540276 0.841084 0.0260927 40.4939 0.00637735 -0.0350995 0.999363 1.2366
0.843332 -0.536807 -0.0250837 111.411 0.537348 0.842948 0.0263939 40.988 0.00697581 -0.0357375 0.999337 1.25674
0.845129 -0.533999 -0.0245413 112.177 0.534516 0.844769 0.0256446 41.4745 0.00703757 -0.0347907 0.99937 1.25669
0.846926 -0.531206 -0.0231537 112.942 0.53167 0.846595 0.0245829 41.9578 0.0065432 -0.03313 0.99943 1.27816
0.848817 -0.528257 -0.0213394 113.716 0.528659 0.848497 0.0239156 42.4416 0.00547283 -0.0315812 0.999486 1.29024
0.850567 -0.525479 -0.0201964 114.496 0.52584 0.85028 0.0227089 42.9236 0.00523956 -0.0299356 0.999538 1.30696
0.852193 -0.522855 -0.0197704 115.261 0.523199 0.851937 0.0215893 43.3991 0.0055551 -0.0287421 0.999571 1.33155
0.853809 -0.520227 -0.0193491 116.035 0.520551 0.853594 0.0201047 43.8634 0.00605721 -0.0272378 0.999611 1.33628
0.855485 -0.517494 -0.0185561 116.807 0.51779 0.855303 0.0186947 44.3311 0.00619666 -0.0256012 0.999653 1.35408
0.857119 -0.51481 -0.0178568 117.581 0.515077 0.856976 0.0169605 44.8024 0.00657141 -0.0237348 0.999697 1.36979
0.858648 -0.512261 -0.0176619 118.349 0.512521 0.858518 0.0164065 45.2631 0.00675864 -0.0231395 0.999709 1.39021
0.860308 -0.509528 -0.0158279 119.123 0.50974 0.860194 0.0151982 45.7188 0.00587117 -0.0211432 0.999759 1.38905
0.861802 -0.507068 -0.0133742 119.898 0.507223 0.861709 0.0135146 46.1802 0.00467182 -0.0184306 0.999819 1.40344
0.863433 -0.504326 -0.0117933 120.675 0.504442 0.863378 0.0108117 46.6315 0.00472946 -0.0152842 0.999872 1.42246
0.864975 -0.501684 -0.0114672 121.444 0.501778 0.864963 0.00759853 47.0723 0.00610667 -0.0123265 0.999905 1.43472
0.866471 -0.499073 -0.0124566 122.211 0.499155 0.866501 0.00454314 47.5087 0.00852628 -0.0101543 0.999912 1.44963
0.868071 -0.496278 -0.0127033 122.986 0.49635 0.868117 0.00309373 47.9506 0.00949263 -0.00899088 0.999915 1.46617
0.869519 -0.493778 -0.01095 123.762 0.493818 0.869565 0.0011063 48.3855 0.00897543 -0.00636923 0.999939 1.47552
0.870967 -0.491274 -0.00813594 124.538 0.491288 0.870997 -0.000224292 48.8284 0.00719656 -0.00380174 0.999967 1.49011
0.872321 -0.488909 -0.00490916 125.307 0.488901 0.872335 -0.00281696 49.2549 0.00565967 5.7202e-05 0.999984 1.5014
0.873405 -0.486982 -0.00355482 126.078 0.48697 0.87341 -0.00383255 49.6868 0.0049712 0.00161628 0.999986 1.52033
0.874427 -0.485151 -0.00229406 126.854 0.485138 0.874426 -0.00455121 50.1171 0.00421401 0.00286677 0.999987 1.53067
0.875238 -0.483692 -0.00114037 127.629 0.483682 0.87523 -0.00485853 50.5389 0.00334812 0.00370079 0.999988 1.54512
0.875833 -0.482614 0.000145674 128.395 0.48261 0.875823 -0.00467025 50.9651 0.00212634 0.00416066 0.999989 1.54891
0.876419 -0.481549 0.000203029 129.16 0.481544 0.876408 -0.00496713 51.3917 0.00221398 0.00445105 0.999988 1.55185
0.876743 -0.480958 -0.00100045 129.934 0.480946 0.876733 -0.00548738 51.8137 0.00351633 0.00432986 0.999984 1.57325
0.877 -0.480486 -0.0021115 130.702 0.480467 0.876992 -0.00609597 52.237 0.0047808 0.00433165 0.999979 1.58551
0.877101 -0.480291 -0.00374175 131.466 0.48028 0.877108 -0.00341528 52.6542 0.00492225 0.00119846 0.999987 1.60798
0.877166 -0.480179 -0.0026917 132.229 0.480177 0.87717 -0.00147674 53.084 0.00307017 2.85467e-06 0.999995 1.60094
0.877142 -0.48023 0.000451777 132.995 0.480229 0.877138 -0.00300232 53.506 0.00104553 0.00285042 0.999995 1.60447
0.877171 -0.480174 0.00184298 133.758 0.480177 0.877158 -0.00491147 53.9253 0.000741774 0.00519316 0.999986 1.62224
0.877407 -0.479745 -0.00110336 134.513 0.479737 0.877401 -0.00447018 54.3414 0.00311264 0.00339285 0.999989 1.633
0.877253 -0.480012 -0.00407352 135.277 0.480003 0.877262 -0.00303539 54.7485 0.00503057 0.000707501 0.999987 1.65274
0.876961 -0.480548 -0.00346356 136.043 0.48054 0.876968 -0.0029676 55.1701 0.00446351 0.000938094 0.99999 1.66414
0.876491 -0.481418 -0.000605311 136.795 0.481412 0.876484 -0.00434584 55.59 0.00262271 0.00351768 0.99999 1.66758
0.875813 -0.482649 0.000898264 137.54 0.482648 0.875801 -0.00483353 56.0121 0.0015462 0.00466682 0.999988 1.66843
0.874618 -0.484812 0.000833631 138.292 0.484809 0.874602 -0.00566744 56.4328 0.00201855 0.00536099 0.999984 1.68179
0.873014 -0.487694 0.000148648 139.034 0.487687 0.872999 -0.00580465 56.8487 0.00270112 0.00514004 0.999983 1.7003
0.871175 -0.490973 0.000122317 139.779 0.490968 0.871164 -0.00496934 57.2737 0.00233325 0.00438922 0.999988 1.7047
0.869409 -0.494093 0.000135481 140.523 0.49409 0.869403 -0.00379982 57.6966 0.00175968 0.00337054 0.999993 1.71921
0.867636 -0.497199 0.00100115 141.27 0.497199 0.867629 -0.00368807 58.1284 0.000965081 0.00369767 0.999993 1.72117
0.865925 -0.500173 0.00126998 142.006 0.500173 0.865913 -0.00473227 58.5491 0.00126726 0.004733 0.999988 1.73072
0.864 -0.503491 0.000572647 142.734 0.503484 0.863981 -0.00630672 58.9803 0.00268062 0.00573733 0.99998 1.74578
0.862056 -0.506812 -0.000593882 143.461 0.506795 0.862036 -0.00725841 59.4166 0.0041906 0.00595619 0.999973 1.7528
0.860184 -0.509984 -0.000908124 144.19 0.509961 0.86016 -0.00809526 59.8492 0.00490958 0.00650031 0.999967 1.76054
0.85817 -0.513365 -0.00122673 144.911 0.513337 0.858143 -0.00870172 60.2832 0.00551987 0.00683783 0.999961 1.77214
0.856219 -0.51661 -0.00183603 145.616 0.51658 0.856198 -0.008351 60.7069 0.00588622 0.00620182 0.999963 1.78541
0.854379 -0.51965 -0.00122533 146.327 0.519623 0.854355 -0.00836434 61.1478 0.00539339 0.0065096 0.999964 1.79718
0.85265 -0.522482 -0.000657818 147.032 0.522462 0.852627 -0.00784712 61.5842 0.00466085 0.00634717 0.999969 1.81337
0.850889 -0.525342 -0.00183498 147.728 0.525322 0.850879 -0.0064722 62.0119 0.00496147 0.00454316 0.999977 1.82472
0.849024 -0.528342 -0.00365633 148.412 0.528318 0.849026 -0.00596627 62.4523 0.00625655 0.0031338 0.999976 1.83603
0.84718 -0.531289 -0.004212 149.086 0.531261 0.847185 -0.00626365 62.8788 0.00689615 0.00306877 0.999972 1.85247
0.845417 -0.534091 -0.00414312 149.756 0.534068 0.845423 -0.00558258 63.3199 0.0064843 0.0025069 0.999976 1.86143
0.843983 -0.536344 -0.00529607 150.422 0.536328 0.843999 -0.00421603 63.7427 0.00673112 0.000717821 0.999977 1.88163
0.84237 -0.538863 -0.00619935 151.08 0.538848 0.842393 -0.00401723 64.167 0.00738703 4.34868e-05 0.999973 1.89068
0.840714 -0.541437 -0.00675929 151.734 0.541429 0.840741 -0.00313415 64.5966 0.00737975 -0.00102475 0.999972 1.90768
0.839116 -0.543921 -0.00586626 152.381 0.543918 0.839135 -0.00227836 65.0156 0.00616183 -0.00127895 0.99998 1.91822
0.837614 -0.546238 -0.00511333 153.015 0.54624 0.837628 -0.00119489 65.4398 0.00493576 -0.00179225 0.999986 1.93367
0.836222 -0.548373 -0.00445314 153.651 0.548373 0.836233 -0.00123562 65.863 0.00440144 -0.00140873 0.999989 1.94516
0.834766 -0.550597 -0.00291884 154.282 0.550593 0.834771 -0.00210587 66.2697 0.00359605 0.000150811 0.999994 1.95702
0.833512 -0.552501 0.000975376 154.907 0.552501 0.833506 -0.00318495 66.6868 0.000946708 0.00319359 0.999994 1.97038
0.832242 -0.554404 0.00294132 155.526 0.554411 0.83224 -0.00225701 67.1008 -0.00119659 0.00350908 0.999993 1.99293
0.830948 -0.556341 0.00314601 156.125 0.556347 0.830948 -0.00163919 67.5103 -0.00170222 0.00311235 0.999994 1.98694
0.829575 -0.558395 0.000460949 156.722 0.558392 0.829568 -0.00383368 67.9219 0.00175832 0.00343772 0.999993 1.9912
0.828066 -0.560617 -0.00388453 157.318 0.560573 0.828061 -0.00856404 68.3145 0.00801778 0.00491403 0.999956 2.00657
0.82684 -0.562374 -0.00848237 157.905 0.562303 0.826878 -0.00943913 68.7041 0.0123222 0.00303499 0.999919 2.02421
0.825827 -0.563843 -0.00952467 158.496 0.563795 0.825881 -0.00739683 69.1212 0.0120369 0.000738537 0.999927 2.0222
0.824701 -0.565527 -0.00682221 159.072 0.565517 0.824729 -0.00351851 69.5361 0.00761628 -0.000956354 0.999971 2.03458
0.82347 -0.567355 -0.00237904 159.653 0.567353 0.823473 -0.00132357 69.9365 0.00271001 -0.000259834 0.999996 2.06892
0.822345 -0.568988 -0.000959772 160.225 0.568988 0.822346 0.000444267 70.3334 0.000536482 -0.000911439 0.999999 2.08584
0.821479 -0.570234 -0.00219035 160.779 0.570235 0.821481 -2.38116e-05 70.7298 0.00181291 -0.00122946 0.999998 2.07799
0.820625 -0.571448 -0.00471882 161.341 0.571439 0.820638 -0.00321918 71.1193 0.00571204 -5.47805e-05 0.999984 2.08946
0.819696 -0.572773 -0.0053505 161.896 0.572757 0.819714 -0.00429199 71.5001 0.00684421 0.000453596 0.999976 2.11355
0.819064 -0.573661 -0.00678199 162.436 0.573665 0.819088 -0.00157528 71.8965 0.00645873 -0.00260034 0.999976 2.12482
0.818386 -0.574602 -0.00873187 162.963 0.574632 0.818411 0.00113005 72.2882 0.00649692 -0.00594243 0.999961 2.12475
0.817458 -0.575921 -0.0087672 163.499 0.575946 0.817488 0.000443754 72.6663 0.00691151 -0.00541219 0.999961 2.12294
0.816673 -0.577033 -0.00885771 164.027 0.577027 0.816718 -0.00344317 73.0293 0.00922107 -0.00229919 0.999955 2.15337
0.816349 -0.577458 -0.0107856 164.557 0.577445 0.816417 -0.00458999 73.3968 0.0114561 -0.00248106 0.999931 2.17647
0.815948 -0.577982 -0.0128826 165.071 0.577996 0.816034 -0.0030026 73.7781 0.0122481 -0.0049961 0.999913 2.18926
0.815425 -0.578719 -0.012894 165.584 0.578762 0.815497 -0.000466341 74.1531 0.0107849 -0.00708227 0.999917 2.18651
0.814949 -0.579427 -0.0111019 166.097 0.579481 0.814983 0.00220636 74.5239 0.00776947 -0.00823144 0.999936 2.20611
0.814478 -0.580118 -0.00939892 166.597 0.580154 0.814505 0.00145655 74.8883 0.0068105 -0.00663915 0.999955 2.21017
0.813809 -0.581039 -0.0103997 167.095 0.581086 0.81384 0.0019894 75.2443 0.00730775 -0.00766209 0.999944 2.23354
0.813451 -0.581532 -0.0108584 167.596 0.58158 0.813488 0.00161514 75.6019 0.00789391 -0.00762886 0.99994 2.23026
0.813205 -0.581877 -0.0108403 168.095 0.58193 0.813235 0.00237052 75.9627 0.00743636 -0.00823601 0.999938 2.25893
0.81295 -0.582252 -0.00974947 168.587 0.582304 0.812964 0.00342456 76.3232 0.00593201 -0.00846115 0.999947 2.27111
0.812752 -0.582553 -0.0081461 169.064 0.582604 0.81273 0.00658871 76.671 0.0027823 -0.0101009 0.999945 2.27724
0.812565 -0.582826 -0.00724443 169.546 0.582868 0.812534 0.00724818 77.0227 0.00166192 -0.0101122 0.999947 2.26927
0.812256 -0.583255 -0.00739022 170.023 0.583297 0.812234 0.00632557 77.3654 0.00231317 -0.00944867 0.999953 2.28585
0.812114 -0.583453 -0.00738165 170.495 0.583492 0.812101 0.00535266 77.6997 0.00287162 -0.0086541 0.999958 2.29901
0.812018 -0.583577 -0.00798869 170.966 0.583625 0.812001 0.00606343 78.0421 0.00294834 -0.00958601 0.99995 2.30944
0.811932 -0.583689 -0.00854376 171.437 0.583742 0.811914 0.00630981 78.3815 0.00325383 -0.0101105 0.999944 2.31092
0.811694 -0.584019 -0.00868645 171.886 0.584074 0.811675 0.0064325 78.7193 0.00329388 -0.0102947 0.999942 2.31913
0.811499 -0.584293 -0.00841438 172.35 0.584347 0.811474 0.00692891 79.0515 0.00277954 -0.0105397 0.999941 2.32571
0.811284 -0.584604 -0.00753184 172.814 0.584649 0.811254 0.00718706 79.3862 0.00190865 -0.0102342 0.999946 2.3367
0.811211 -0.584715 -0.00674368 173.257 0.584753 0.811177 0.00746318 79.7134 0.00110648 -0.0099976 0.999949 2.34333
0.81109 -0.58488 -0.00703226 173.71 0.58492 0.811057 0.00742371 80.0384 0.00136158 -0.0101346 0.999948 2.35202
0.810856 -0.585197 -0.0075007 174.153 0.585243 0.810825 0.00738889 80.3627 0.0017578 -0.0103811 0.999945 2.36003
0.810764 -0.585317 -0.00809162 174.595 0.585369 0.810734 0.00737424 80.6853 0.00224388 -0.0107154 0.99994 2.36369
0.810696 -0.585402 -0.00876368 175.033 0.58546 0.81067 0.00707447 81.007 0.00296305 -0.010866 0.999937 2.36152
0.810588 -0.585544 -0.0092283 175.47 0.585604 0.810575 0.00600033 81.3201 0.00396677 -0.0102679 0.999939 2.37312
0.810437 -0.585749 -0.00953958 175.897 0.585808 0.810433 0.00524731 81.6328 0.00465758 -0.00984097 0.999941 2.38713
0.810453 -0.585724 -0.00969643 176.33 0.585782 0.810455 0.00467967 81.948 0.00511754 -0.00947264 0.999942 2.39837
0.810581 -0.585546 -0.00970119 176.76 0.585604 0.810583 0.00476791 82.2597 0.00507179 -0.00954584 0.999942 2.40278
0.810773 -0.58528 -0.00972363 177.188 0.585338 0.810776 0.00461337 82.5699 0.00518358 -0.009432 0.999942 2.40916
0.810846 -0.585177 -0.00983954 177.611 0.585235 0.810852 0.00436503 82.8779 0.0054241 -0.0092978 0.999942 2.4119
0.810874 -0.585132 -0.0101656 178.032 0.585195 0.810879 0.00476837 83.1845 0.00545298 -0.00981543 0.999937 2.42353
0.810973 -0.585004 -0.0096015 178.453 0.585062 0.810975 0.00474467 83.4917 0.00501093 -0.00946527 0.999943 2.42544
0.811139 -0.584774 -0.00964213 178.868 0.584832 0.81114 0.00482281 83.7919 0.00500087 -0.00955099 0.999942 2.43884
0.811196 -0.584698 -0.00939846 179.284 0.584756 0.811192 0.0052457 84.0954 0.0045568 -0.0097511 0.999942 2.43364
0.811174 -0.584729 -0.00943738 179.695 0.58479 0.811163 0.00587048 84.3935 0.00422262 -0.0102809 0.999938 2.44908
0.811384 -0.584438 -0.00936204 180.106 0.584499 0.811371 0.00609063 84.6862 0.0040365 -0.0104139 0.999938 2.4564
0.811586 -0.584147 -0.0100199 180.511 0.584216 0.811574 0.00624602 84.9817 0.00448328 -0.0109229 0.99993 2.46689
0.811686 -0.584 -0.0105002 180.918 0.584073 0.811678 0.00606184 85.2742 0.0049827 -0.0110532 0.999926 2.4713
0.811717 -0.583952 -0.010781 181.312 0.584031 0.811704 0.00666547 85.5656 0.00485863 -0.0117069 0.99992 2.48065
0.8118 -0.583829 -0.0111732 181.707 0.583914 0.811785 0.00697682 85.8588 0.00499701 -0.012188 0.999913 2.49042
0.811961 -0.583584 -0.0122007 182.103 0.583683 0.811951 0.00703967 86.1391 0.00579814 -0.0128373 0.999901 2.50454
0.812059 -0.583433 -0.0128985 182.494 0.58354 0.812054 0.00699735 86.4215 0.0063918 -0.0132091 0.999892 2.50572
0.812066 -0.583432 -0.0124684 182.882 0.583534 0.812058 0.00706288 86.6948 0.00600431 -0.0130112 0.999897 2.51449
0.81212 -0.583367 -0.0120281 183.256 0.583462 0.812112 0.006763 86.9723 0.00582286 -0.0125103 0.999905 2.52632
0.812301 -0.583111 -0.0121822 183.634 0.583214 0.812281 0.00787361 87.2469 0.0053042 -0.0135006 0.999895 2.53233
0.812492 -0.582848 -0.0120408 184.009 0.582954 0.812458 0.00880551 87.5199 0.00465034 -0.0141736 0.999889 2.537
0.812578 -0.582735 -0.0117068 184.378 0.582837 0.81254 0.0089503 87.7883 0.0042966 -0.014096 0.999891 2.54059
0.812753 -0.582491 -0.0117001 184.739 0.582592 0.812717 0.00885606 88.0439 0.00435032 -0.0140142 0.999892 2.54769
0.8129 -0.582289 -0.0115548 185.103 0.582391 0.812855 0.00933853 88.3053 0.00395463 -0.0143207 0.99989 2.55611
0.813163 -0.581935 -0.010875 185.456 0.582026 0.81312 0.00903825 88.5682 0.00358303 -0.0136791 0.9999 2.5594
0.8132 -0.581881 -0.0109859 185.811 0.581971 0.813163 0.00866114 88.8192 0.00389356 -0.0134367 0.999902 2.5727
0.813334 -0.581689 -0.0112254 186.157 0.581783 0.813296 0.00881045 89.0647 0.0040046 -0.0136966 0.999898 2.57903
0.813514 -0.581434 -0.0113265 186.496 0.581531 0.813474 0.0090291 89.3148 0.003964 -0.013932 0.999895 2.58197
0.813657 -0.581237 -0.0111955 186.831 0.581333 0.813613 0.00924542 89.5595 0.00373499 -0.0140309 0.999895 2.58941
0.81368 -0.581209 -0.0110434 187.164 0.5813 0.813644 0.00860079 89.7961 0.00398651 -0.0134178 0.999902 2.59309
0.813809 -0.581023 -0.0112694 187.485 0.581115 0.813781 0.00807802 90.0215 0.00447732 -0.0131228 0.999904 2.60775
0.813953 -0.580823 -0.0111862 187.807 0.580913 0.813927 0.00794624 90.2555 0.00448935 -0.012966 0.999906 2.60743
0.814096 -0.580625 -0.0110444 188.123 0.580713 0.814071 0.00783304 90.4808 0.00444288 -0.0127905 0.999908 2.61844
0.814167 -0.580515 -0.0115856 188.434 0.580613 0.814136 0.008423 90.7027 0.00454257 -0.0135845 0.999897 2.62413
0.814264 -0.580373 -0.0119177 188.731 0.58048 0.814221 0.00936184 90.9254 0.00427028 -0.014541 0.999885 2.61846
0.814282 -0.580348 -0.0119108 189.029 0.580455 0.814237 0.00952791 91.1448 0.00416871 -0.0146721 0.999884 2.61883
0.814322 -0.580299 -0.0115226 189.332 0.580399 0.814282 0.00908648 91.3555 0.00410973 -0.014087 0.999892 2.61708
0.814456 -0.580119 -0.0111098 189.63 0.580212 0.81442 0.00864222 91.5574 0.00403452 -0.0134847 0.999901 2.63452
0.814747 -0.579721 -0.0105455 189.923 0.579804 0.814713 0.00832853 91.7707 0.00376337 -0.0129 0.99991 2.64506
0.814903 -0.579498 -0.0107712 190.213 0.579586 0.814865 0.00872586 91.9794 0.00372044 -0.0133535 0.999904 2.65097
0.814942 -0.579432 -0.0112934 190.496 0.579529 0.814901 0.00905445 92.1892 0.00395659 -0.0139237 0.999895 2.65313
0.814962 -0.579391 -0.0119517 190.772 0.5795 0.814914 0.0097286 92.3858 0.00410293 -0.0148544 0.999881 2.65445
0.815138 -0.579146 -0.0118185 191.046 0.579252 0.815093 0.0095557 92.5866 0.00409901 -0.0146351 0.999884 2.64975
0.815223 -0.579038 -0.0112695 191.332 0.579134 0.815182 0.00902895 92.7823 0.00395859 -0.0138872 0.999896 2.66154
0.815363 -0.578854 -0.0105915 191.599 0.578939 0.815326 0.00852325 92.9835 0.00370185 -0.0130814 0.999908 2.67534
0.815499 -0.578658 -0.0107408 191.869 0.578744 0.815467 0.00827488 93.1671 0.00397046 -0.0129644 0.999908 2.67945
0.815518 -0.578619 -0.0114576 192.133 0.578716 0.815482 0.00877132 93.358 0.0042682 -0.0137839 0.999896 2.69042
0.815579 -0.578523 -0.0119084 192.395 0.578628 0.815541 0.00907344 93.5504 0.00446262 -0.0142907 0.999888 2.67951
0.815714 -0.578323 -0.0123505 192.656 0.578437 0.815671 0.00952545 93.7364 0.00456514 -0.014914 0.999878 2.67774
0.815982 -0.57795 -0.0120824 192.919 0.578059 0.815944 0.00913633 93.9227 0.00457824 -0.0144394 0.999885 2.6815
0.816091 -0.577798 -0.0120383 193.186 0.577903 0.81606 0.00862789 94.1089 0.0048388 -0.0139981 0.99989 2.68886
0.81605 -0.577861 -0.0117911 193.446 0.577962 0.81602 0.00843043 94.2974 0.00475017 -0.0136945 0.999895 2.70133
0.816135 -0.577747 -0.0115103 193.707 0.577843 0.816106 0.00827339 94.4828 0.00461367 -0.0134033 0.9999 2.70338
0.816318 -0.577483 -0.0117443 193.968 0.577583 0.816289 0.00838498 94.6672 0.00474459 -0.0136281 0.999896 2.7055
0.816569 -0.577106 -0.0128181 194.232 0.577218 0.816552 0.00785879 94.8553 0.00593132 -0.0138161 0.999887 2.70974
0.816619 -0.576992 -0.0146428 194.499 0.577131 0.816612 0.00802203 95.0536 0.00732884 -0.0150018 0.999861 2.71137
0.816882 -0.576589 -0.0157444 194.783 0.576746 0.816883 0.00810586 95.2491 0.00818761 -0.0157021 0.999843 2.71241
0.816805 -0.576696 -0.0158676 195.068 0.576855 0.816807 0.008078 95.4569 0.00830224 -0.0157515 0.999841 2.71781
0.816954 -0.576491 -0.0156413 195.36 0.57664 0.816966 0.00734724 95.6649 0.00854276 -0.0150217 0.999851 2.72985
0.817156 -0.5762 -0.0157787 195.665 0.576352 0.817169 0.00737923 95.8725 0.00864196 -0.0151241 0.999848 2.73768
0.817304 -0.575994 -0.0156378 195.97 0.576143 0.817316 0.00731406 96.0953 0.00856819 -0.0149874 0.999851 2.7461
