1 0 0 0 0 1 0 0 0 0 1 0
1 2.35961e-05 -1.00813e-05 -0.000533529 -2.35958e-05 1 3.17755e-05 -0.00273236 1.0082e-05 -3.17752e-05 1 -0.000784602
1 0.000114761 -6.81007e-06 0.00153397 -0.000114761 1 4.27942e-05 -0.000710602 6.81498e-06 -4.27934e-05 1 -0.00101653
1 6.53391e-05 -3.53752e-05 0.000793296 -6.5336e-05 1 8.55383e-05 -0.00366075 3.53808e-05 -8.5536e-05 1 -0.000962014
1 5.02635e-05 -3.16201e-05 0.0019452 -5.02617e-05 1 5.87138e-05 -0.00232591 3.1623e-05 -5.87122e-05 1 -0.000514855
1 8.96487e-05 -3.56192e-06 -0.000737346 -8.96486e-05 1 3.35388e-05 -0.00210532 3.56493e-06 -3.35385e-05 1 -0.00212743
1 6.72666e-05 -7.06379e-06 -0.00052217 -6.72658e-05 1 0.000102319 -0.00256387 7.07067e-06 -0.000102319 1 -0.0017889
1 7.41958e-05 -9.8006e-06 -0.00159974 -7.41956e-05 1 2.21524e-05 -0.00181123 9.80225e-06 -2.21517e-05 1 -0.00209415
1 8.59668e-05 -2.86554e-05 0.000503431 -8.59641e-05 1 9.65916e-05 -0.000141787 2.86637e-05 -9.65891e-05 1 -0.000967371
1 8.5785e-05 -5.43786e-05 0.000862116 -8.57846e-05 1 7.57735e-06 -0.00154291 5.43792e-05 -7.57269e-06 1 -0.00360215
1 0.00010425 -1.8176e-05 0.00134037 -0.00010425 1 5.11256e-06 -0.000226484 1.81766e-05 -5.11067e-06 1 0.000583655
1 2.17384e-05 -6.48285e-05 -0.00139125 -2.17357e-05 1 4.19033e-05 6.56078e-05 6.48295e-05 -4.19019e-05 1 -0.00194843
1 -5.07791e-05 -3.1384e-05 0.00110396 5.07797e-05 1 1.74076e-05 -0.0018721 3.13831e-05 -1.74092e-05 1 -0.00106818
1 -1.49206e-05 -1.26894e-05 -2.31983e-05 1.49216e-05 1 7.53111e-05 -0.00315642 1.26882e-05 -7.53112e-05 1 -9.35293e-05
1 -9.8634e-05 -4.11706e-05 8.83598e-05 9.86341e-05 1 1.73092e-06 -0.00371938 4.11704e-05 -1.73498e-06 1 0.00111547
1 -9.41245e-05 -2.62012e-05 -0.00219534 9.41259e-05 1 5.31924e-05 -0.00389244 2.61962e-05 -5.31948e-05 1 -0.000803532
1 -0.000255524 -0.000120746 -0.0217226 0.000255524 1 2.06253e-06 -0.00170032 0.000120746 -2.09338e-06 1 -0.00317924
1 -0.000216283 -0.000550351 -0.00814999 0.000216383 1 0.000182258 -0.00271641 0.000550311 -0.000182377 1 -0.00505651
0.999999 1.89008e-05 -0.00136468 0.0346809 -1.82148e-05 1 0.000502675 -0.0100329 0.00136469 -0.000502649 0.999999 -0.00976785
0.999998 -7.51553e-05 -0.00174232 0.0444678 7.64096e-05 1 0.000719839 -0.00821829 0.00174227 -0.000719971 0.999998 -0.00766024
0.999998 -0.000459834 -0.00187331 0.0866851 0.000460806 1 0.00051841 -0.0100695 0.00187307 -0.000519272 0.999998 -0.00508753
0.999999 -0.000583092 -0.00161644 0.142903 0.000583851 1 0.000469306 -0.0133624 0.00161617 -0.000470249 0.999999 -0.00361716
0.999998 -0.000880072 -0.00198555 0.282887 0.000881078 0.999999 0.000505799 -0.0109569 0.0019851 -0.000507547 0.999998 -0.00238534
0.999997 -0.000945872 -0.00224713 0.376938 0.000947714 0.999999 0.000818749 -0.0163462 0.00224636 -0.000820877 0.999997 -0.00597963
0.999996 -0.00178056 -0.00234726 0.493946 0.00178226 0.999998 0.000723981 -0.00577194 0.00234597 -0.000728161 0.999997 -0.00597731
0.999993 -0.00234072 -0.00275773 0.659393 0.00234381 0.999997 0.00111663 -0.0093043 0.0027551 -0.00112308 0.999996 -0.00824407
0.999974 -0.00288766 -0.0066314 0.802763 0.0029004 0.999994 0.0019133 -0.00265882 0.00662584 -0.00193248 0.999976 0.00325378
0.999966 -0.00462119 -0.00686229 0.959803 0.00463833 0.999986 0.0024831 -0.00794368 0.00685072 -0.00251484 0.999973 -0.00301671
0.99996 -0.0055557 -0.00700394 1.16604 0.00557121 0.999982 0.00219744 -0.000388904 0.0069916 -0.00223637 0.999973 -0.00339552
0.999955 -0.00657191 -0.00689137 1.35743 0.00658741 0.999976 0.00222948 -0.00812717 0.00687655 -0.00227478 0.999974 -0.000489112
0.999953 -0.00725336 -0.00638646 1.59166 0.00726439 0.999972 0.00170592 0.0069966 0.00637391 -0.00175223 0.999978 0.00438565
0.999959 -0.00776944 -0.00475521 1.83868 0.00777676 0.999969 0.00152445 0.00863875 0.00474322 -0.00156137 0.999988 -0.00293652
0.999959 -0.00883114 -0.00189541 2.0928 0.00883138 0.999961 0.000117231 0.013004 0.0018943 -0.000133965 0.999998 -0.00979962
0.999958 -0.00913953 -0.001135 2.36622 0.00913951 0.999958 -2.19044e-05 0.0199742 0.00113516 1.15301e-05 0.999999 0.000682116
0.999957 -0.00915211 -0.00115097 2.65628 0.00915186 0.999958 -0.000221432 0.0246499 0.00115295 0.000210889 0.999999 -0.00554345
0.999956 -0.00930517 -0.00131204 2.95914 0.00930494 0.999957 -0.000180716 0.0135725 0.00131366 0.0001685 0.999999 -0.00217314
0.999953 -0.00963668 -0.00126702 3.30375 0.00963598 0.999953 -0.000561401 0.0276642 0.00127238 0.000549165 0.999999 0.00780581
0.999956 -0.00928612 -0.000921928 3.62058 0.00928582 0.999957 -0.000324514 0.0355026 0.000924902 0.000315939 1 0.00365682
0.999957 -0.00927098 -0.000247778 3.99171 0.00927088 0.999957 -0.000415412 0.0418896 0.000251619 0.000413097 1 0.00306858
0.999955 -0.00949966 -0.000655648 4.34529 0.00949881 0.999954 -0.00128599 0.0520541 0.000667834 0.0012797 0.999999 -0.000242748
0.999947 -0.0100139 -0.00249031 4.70547 0.0100001 0.999935 -0.00548563 0.0562976 0.00254508 0.00546044 0.999982 0.0111796
0.99994 -0.0100184 -0.0044517 5.0914 0.00999716 0.999939 -0.00477491 0.0489939 0.00449927 0.00473012 0.999979 0.0189963
0.999931 -0.0104894 -0.00530952 5.48596 0.0104567 0.999926 -0.00613826 0.0435318 0.00537352 0.00608232 0.999967 0.0173513
0.999936 -0.0107574 -0.00336669 5.89902 0.0107343 0.999919 -0.00680805 0.0359412 0.00343965 0.00677147 0.999971 0.0138909
0.999942 -0.0107112 0.00114684 6.32188 0.010717 0.999929 -0.00512629 0.0388605 -0.00109185 0.00513828 0.999986 0.00861051
0.999936 -0.00980067 0.00571457 6.74896 0.00984385 0.999923 -0.00757766 0.0607936 -0.00563986 0.00763342 0.999955 -0.0149877
0.999926 -0.00962492 0.00749625 7.16289 0.00967732 0.999929 -0.00698647 0.0637342 -0.00742848 0.00705849 0.999947 0.00917345
0.999915 -0.00866613 0.00978199 7.56964 0.00871814 0.999948 -0.00528763 0.0689279 -0.00973566 0.00537245 0.999938 0.00914907
0.999911 -0.0073762 0.0110739 7.9858 0.0074433 0.999954 -0.00603018 0.0755687 -0.011029 0.00611208 0.99992 0.0145049
0.999902 -0.00633703 0.0124607 8.39855 0.00643562 0.999948 -0.00788739 0.059045 -0.0124101 0.00796681 0.999891 0.0258714
0.99991 -0.00524216 0.012343 8.79092 0.00534679 0.99995 -0.00845888 0.0617807 -0.012298 0.00852411 0.999888 0.0152416
0.999931 -0.0030491 0.0113655 9.17044 0.00312928 0.99997 -0.00704395 0.0407098 -0.0113437 0.00707903 0.999911 0.0202817
0.999934 -0.000577735 0.0114586 9.54017 0.000651937 0.999979 -0.00647298 0.0480548 -0.0114547 0.00648003 0.999913 0.00532645
0.999934 0.00280733 0.0111801 9.89493 -0.00273839 0.999977 -0.00617674 0.0613406 -0.0111972 0.00614572 0.999918 0.00776101
0.999917 0.00695138 0.0108246 10.2429 -0.00688466 0.999957 -0.00618869 0.0461526 -0.0108672 0.00611366 0.999922 0.00216015
0.999884 0.0108678 0.0106364 10.5678 -0.0108057 0.999924 -0.00588007 0.0428049 -0.0106995 0.00576446 0.999926 0.0128976
0.999817 0.0157898 0.0108223 10.907 -0.0157249 0.999858 -0.00605856 0.0466674 -0.0109164 0.00588728 0.999923 0.00356004
0.99971 0.0212357 0.0113711 11.219 -0.0211697 0.999759 -0.00589277 0.0335579 -0.0114935 0.00565033 0.999918 0.0106806
0.99959 0.0262137 0.0115452 11.5121 -0.0261474 0.999641 -0.00585534 0.0174186 -0.0116945 0.00555106 0.999916 0.00914904
0.999432 0.0313197 0.0124294 11.7965 -0.0312439 0.999492 -0.00624566 0.0109125 -0.0126187 0.00585377 0.999903 0.0134177
0.999252 0.0362773 0.0133751 12.0666 -0.0361927 0.999324 -0.00650872 -0.0181425 -0.0136022 0.00601977 0.999889 0.00353498
0.999057 0.0411438 0.0138985 12.3084 -0.0410486 0.999132 -0.00706813 -0.0385017 -0.0141773 0.00649095 0.999878 0.0050636
0.998827 0.0465834 0.0132093 12.5355 -0.0464912 0.998893 -0.00720112 -0.0453678 -0.0135302 0.00657856 0.999887 0.017576
0.998549 0.0522533 0.0130196 12.7631 -0.0521816 0.998621 -0.00579325 -0.0516625 -0.0133043 0.00510546 0.999898 0.018117
0.998272 0.0573553 0.012761 12.99 -0.0573001 0.998346 -0.00465509 -0.0588038 -0.0130069 0.00391585 0.999908 0.0130826
0.997977 0.06261 0.0110021 13.1867 -0.0625727 0.998034 -0.00370731 -0.0873326 -0.0112126 0.00301138 0.999933 0.0123133
0.997621 0.0681781 0.0101689 13.3956 -0.0681357 0.997666 -0.00446447 -0.0971038 -0.0104495 0.00376099 0.999938 0.0122171
0.99725 0.0735973 0.00874083 13.6006 -0.0735609 0.997281 -0.00441193 -0.121584 -0.00904177 0.00375681 0.999952 0.0201538
0.996866 0.0786961 0.00800978 13.8053 -0.0786613 0.996891 -0.0045619 -0.151076 -0.00834388 0.00391755 0.999958 0.0216732
0.996395 0.0845284 0.00725041 14.0085 -0.0845087 0.996418 -0.00298125 -0.161443 -0.00747644 0.00235778 0.999969 0.0188216
0.995885 0.0904037 0.00638282 14.2134 -0.0903867 0.995903 -0.00289189 -0.179786 -0.0066181 0.00230307 0.999975 0.0125745
0.995301 0.096656 0.00572808 14.412 -0.0966342 0.995312 -0.00396695 -0.207386 -0.00608466 0.00339478 0.999976 0.0160996
0.994632 0.103364 0.00474855 14.6095 -0.103341 0.994635 -0.00474425 -0.245645 -0.00521345 0.00422807 0.999977 0.0241096
0.993882 0.110356 0.00438996 14.8189 -0.110339 0.993886 -0.00411684 -0.262911 -0.00481744 0.00360727 0.999982 0.0257267
0.993051 0.117606 0.00422386 15.025 -0.117597 0.993059 -0.0022774 -0.292924 -0.00446237 0.00176486 0.999988 0.0229441
0.992014 0.126064 0.0040774 15.2304 -0.126069 0.992021 0.000841325 -0.322738 -0.00393881 -0.00134864 0.999991 0.0177778
0.990764 0.135547 0.00379684 15.4415 -0.135553 0.990769 0.0013543 -0.346046 -0.00357822 -0.00185646 0.999992 0.0115206
0.989313 0.145768 0.00345726 15.6499 -0.145775 0.989316 0.0016187 -0.395972 -0.00318437 -0.00210538 0.999993 0.0177671
0.98745 0.157891 0.00366351 15.8675 -0.157897 0.987455 0.0014218 -0.43411 -0.00339306 -0.00198241 0.999992 0.0150804
0.985122 0.17183 0.00299376 16.0797 -0.171836 0.985124 0.00183699 -0.482222 -0.00263357 -0.0023241 0.999994 0.0240966
0.982226 0.187686 0.00232016 16.3173 -0.187693 0.982222 0.00326936 -0.528905 -0.0016653 -0.00364673 0.999992 0.0138999
0.978563 0.205943 0.00134313 16.5485 -0.205946 0.978558 0.00318778 -0.592413 -0.000657832 -0.00339605 0.999994 0.0184663
0.973855 0.227164 0.00146484 16.7884 -0.227169 0.973835 0.00624364 -0.662032 -8.17724e-06 -0.00641317 0.999979 0.0369994
0.96801 0.250904 0.00182513 17.051 -0.250911 0.967982 0.00744716 -0.738482 0.000101832 -0.00766687 0.999971 0.0194981
0.96111 0.276154 0.00246653 17.3164 -0.276163 0.96104 0.0116943 -0.832494 0.000858981 -0.0119206 0.999929 0.0304469
0.952993 0.302974 0.00324724 17.5876 -0.30299 0.952898 0.0135221 -0.919504 0.00100256 -0.0138703 0.999903 0.010068
0.943235 0.332101 0.00400441 17.8447 -0.332124 0.94313 0.0141036 -1.04435 0.000907124 -0.0146329 0.999893 0.0221571
0.931843 0.362829 0.00498848 18.1265 -0.362862 0.931718 0.0152476 -1.17107 0.000884394 -0.0160185 0.999871 0.026502
0.918868 0.394522 0.00588494 18.4026 -0.394565 0.918726 0.0161578 -1.314 0.000967941 -0.0171688 0.999852 0.022101
0.90449 0.426429 0.00750003 18.6905 -0.426494 0.904324 0.0173362 -1.48175 0.000610216 -0.0188792 0.999822 0.0346035
0.888906 0.458039 0.00685525 18.9642 -0.458087 0.88875 0.0167014 -1.65499 0.0015573 -0.0179863 0.999837 -0.000171846
0.870879 0.491459 0.00615287 19.2316 -0.491493 0.870745 0.0154534 -1.82748 0.00223712 -0.0164821 0.999862 0.0375076
0.850997 0.525126 0.00686524 19.5259 -0.525165 0.850849 0.0160483 -2.0422 0.00258609 -0.0172624 0.999848 0.0482856
0.829649 0.558227 0.00805627 19.8067 -0.558278 0.829474 0.0173026 -2.26366 0.00297633 -0.0188527 0.999818 0.0379841
0.806761 0.590825 0.00795148 20.088 -0.590866 0.806587 0.0171723 -2.49352 0.00373229 -0.0185522 0.999821 0.0308565
0.781777 0.623518 0.00703748 20.3551 -0.623542 0.781627 0.0159488 -2.74461 0.00444365 -0.0168565 0.999848 0.0320675
0.754521 0.656259 0.00465039 20.6163 -0.656237 0.754381 0.0161753 -3.02381 0.00710699 -0.0152563 0.999858 0.0366653
0.7252 0.688535 0.0020538 20.8791 -0.688478 0.725095 0.0153613 -3.30941 0.00908758 -0.012554 0.99988 0.0472575
0.694268 0.719716 0.0011374 21.1295 -0.719643 0.694174 0.0153552 -3.60739 0.0102618 -0.0114791 0.999881 0.0714827
0.660646 0.750697 8.05942e-05 21.3765 -0.750559 0.660523 0.0192404 -3.92678 0.0143905 -0.0127716 0.999815 0.0629884
0.624855 0.780741 0.000297353 21.62 -0.780561 0.624703 0.0217248 -4.26899 0.0167757 -0.013807 0.999764 0.0651392
0.58708 0.809529 -0.000177097 21.843 -0.809347 0.586953 0.0210669 -4.6287 0.0171582 -0.0122246 0.999778 0.0554394
0.547027 0.837114 -0.00105375 22.0525 -0.83696 0.54695 0.0185203 -5.00778 0.01608 -0.00924919 0.999828 0.0574175
0.503902 0.863759 -0.00174822 22.2378 -0.863672 0.503878 0.0133446 -5.39848 0.0124074 -0.0052145 0.999909 0.0840876
0.458377 0.888757 -0.00140707 22.424 -0.88869 0.458361 0.0116007 -5.83338 0.0109551 -0.00406704 0.999932 0.106871
0.410515 0.911854 -0.000173793 22.5912 -0.911808 0.410496 0.00994346 -6.27102 0.00913833 -0.00392347 0.999951 0.106167
0.360228 0.932862 0.00201605 22.7367 -0.932833 0.360197 0.00891563 -6.72369 0.00759088 -0.0050923 0.999958 0.105987
0.307548 0.951521 0.00472675 22.8625 -0.951512 0.307504 0.00816685 -7.1941 0.00631743 -0.00700925 0.999955 0.121837
0.252355 0.967627 0.0038714 22.9725 -0.967599 0.252309 0.00962599 -7.68488 0.00833757 -0.00617513 0.999946 0.0912955
0.195566 0.980687 0.00262341 23.0355 -0.980657 0.195537 0.00884165 -8.19958 0.00815792 -0.00430179 0.999957 0.121029
0.138686 0.990335 0.00149423 23.082 -0.990299 0.138667 0.00887443 -8.72097 0.00858146 -0.00271049 0.99996 0.127165
0.0831076 0.99654 0.000544796 23.1015 -0.996501 0.0830994 0.00897601 -9.27612 0.00889968 -0.00128886 0.99996 0.133633
0.0299931 0.99955 0.000888273 23.1012 -0.999515 0.0299846 0.00846489 -9.84408 0.00843445 -0.00114173 0.999964 0.1409
-0.0192745 0.999814 0.000278736 23.078 -0.999765 -0.0192763 0.00990786 -10.4327 0.0099114 -8.77022e-05 0.999951 0.138314
-0.0620592 0.998072 -0.000823537 23.0282 -0.997999 -0.0620445 0.0122188 -11.0184 0.0121441 0.00158018 0.999925 0.142073
-0.0984353 0.995126 -0.00585418 22.938 -0.995047 -0.0983423 0.0144866 -11.614 0.0138403 0.00725118 0.999878 0.139967
-0.128843 0.991624 -0.00896652 22.8245 -0.991549 -0.128685 0.016478 -12.2272 0.0151861 0.0110138 0.999824 0.166098
-0.153473 0.988091 -0.0110613 22.7227 -0.988025 -0.153263 0.0178077 -12.8548 0.0159003 0.0136619 0.99978 0.172858
-0.170645 0.985233 -0.0140288 22.6007 -0.985218 -0.17039 0.0176964 -13.5128 0.0150447 0.0168412 0.999745 0.169406
-0.182207 0.983084 -0.0186065 22.4565 -0.983192 -0.181939 0.015194 -14.1654 0.0115518 0.0210622 0.999711 0.182208
-0.189188 0.98169 -0.0222091 22.308 -0.981902 -0.188931 0.0131459 -14.839 0.00870923 0.0242942 0.999667 0.2008
-0.193716 0.980756 -0.0243167 22.1683 -0.981027 -0.193454 0.0127167 -15.517 0.00776779 0.0263188 0.999623 0.199991
-0.197428 0.979989 -0.0253821 22.0161 -0.980271 -0.197102 0.0147978 -16.2281 0.0094988 0.0278028 0.999568 0.201489
-0.200247 0.979393 -0.026273 21.8579 -0.979675 -0.199838 0.0173861 -16.9531 0.0117774 0.0292205 0.999504 0.209814
-0.201825 0.979028 -0.0277548 21.7013 -0.979341 -0.201362 0.0185856 -17.7064 0.0126071 0.0309324 0.999442 0.216962
-0.201402 0.97903 -0.0306102 21.5432 -0.979426 -0.200883 0.0192339 -18.4757 0.0126815 0.0338542 0.999346 0.226741
-0.198401 0.979594 -0.032119 21.3787 -0.980036 -0.197845 0.0196827 -19.2414 0.0129265 0.0353828 0.99929 0.246753
-0.193659 0.980525 -0.0326687 21.2221 -0.980984 -0.193095 0.0196275 -20.033 0.0129371 0.0358485 0.999273 0.25152
-0.189277 0.98137 -0.0329833 21.062 -0.981831 -0.18869 0.0201103 -20.853 0.0135121 0.0361904 0.999254 0.257968
-0.185372 0.982131 -0.0325055 20.9059 -0.982568 -0.184779 0.0204347 -21.6642 0.0140632 0.0357269 0.999263 0.26737
-0.182409 0.982758 -0.0302225 20.7616 -0.983115 -0.181847 0.0204297 -22.5058 0.0145816 0.0334388 0.999334 0.290697
-0.181422 0.982982 -0.0288415 20.604 -0.983298 -0.180891 0.0201001 -23.3623 0.0145409 0.0320064 0.999382 0.297394
-0.181594 0.982957 -0.0286111 20.4424 -0.983286 -0.181112 0.0186471 -24.2372 0.0131474 0.0315191 0.999417 0.318424
-0.181643 0.982873 -0.0310745 20.2893 -0.983304 -0.181189 0.0168735 -25.1154 0.0109542 0.0336206 0.999375 0.333436
-0.181734 0.982822 -0.0321621 20.1216 -0.983307 -0.181333 0.0150056 -25.9856 0.00891582 0.0343523 0.99937 0.349675
-0.181355 0.982912 -0.0315454 19.9637 -0.983381 -0.18098 0.0144033 -26.866 0.00844804 0.0336333 0.999399 0.363718
-0.181187 0.982955 -0.0311598 19.8021 -0.983415 -0.180828 0.0139876 -27.7615 0.00811461 0.0331774 0.999417 0.366811
-0.181018 0.982961 -0.0319253 19.631 -0.983449 -0.180662 0.013734 -28.6627 0.00773227 0.033883 0.999396 0.382022
-0.180866 0.982925 -0.0338604 19.4676 -0.98348 -0.180493 0.0137954 -29.5661 0.00744829 0.0357961 0.999331 0.393799
-0.180892 0.982958 -0.0327321 19.2992 -0.983476 -0.18054 0.0134256 -30.4816 0.00728735 0.0346198 0.999374 0.399154
-0.180683 0.983035 -0.0315426 19.1309 -0.983512 -0.180337 0.0135087 -31.4145 0.00759123 0.0334634 0.999411 0.417167
-0.180592 0.983078 -0.0307133 18.9534 -0.983529 -0.180258 0.013345 -32.3455 0.00758288 0.0326175 0.999439 0.430715
-0.18076 0.983057 -0.030425 18.7851 -0.983501 -0.180442 0.012904 -33.2802 0.00719544 0.0322556 0.999454 0.444307
-0.181435 0.982935 -0.0303186 18.6104 -0.983382 -0.181142 0.0121819 -34.2165 0.00648201 0.0320249 0.999466 0.45195
-0.183084 0.982584 -0.0317542 18.424 -0.98308 -0.182796 0.0117716 -35.1781 0.005762 0.0333721 0.999426 0.450729
-0.185347 0.982164 -0.0316221 18.2486 -0.982653 -0.185042 0.01233 -36.1421 0.0062587 0.0333589 0.999424 0.475913
-0.188069 0.981691 -0.0301971 18.0711 -0.982134 -0.187774 0.0123682 -37.1061 0.00647157 0.0319837 0.999467 0.47423
-0.190659 0.981206 -0.0297491 17.8857 -0.981635 -0.190368 0.0123378 -38.07 0.00644268 0.0315551 0.999481 0.495675
-0.193014 0.980766 -0.0290476 17.6959 -0.981175 -0.192731 0.0122685 -39.0453 0.00643419 0.0308688 0.999503 0.509012
-0.195445 0.980299 -0.0285344 17.503 -0.980694 -0.195172 0.0121017 -40.0349 0.00629415 0.0303487 0.99952 0.517355
-0.19795 0.979823 -0.0276172 17.2958 -0.980193 -0.197692 0.0118214 -41.0424 0.00612318 0.0294103 0.999549 0.539142
-0.199975 0.979412 -0.0276037 17.1011 -0.979786 -0.199736 0.0112116 -42.0339 0.00546732 0.0292877 0.999556 0.535008
-0.201566 0.979117 -0.0264738 16.9015 -0.979462 -0.201349 0.0106302 -43.0349 0.00507771 0.0280728 0.999593 0.551165
-0.20299 0.978763 -0.0286163 16.6945 -0.979168 -0.202753 0.0109691 -44.0353 0.00493408 0.0302467 0.99953 0.556695
-0.204203 0.978548 -0.0273042 16.4832 -0.978919 -0.203997 0.0101701 -45.055 0.004382 0.0288054 0.999575 0.574478
-0.205717 0.978237 -0.0270811 16.2714 -0.978603 -0.205523 0.00977543 -46.0718 0.00399691 0.0285126 0.999585 0.570971
-0.207112 0.977973 -0.0259359 16.0532 -0.97831 -0.206939 0.00921202 -47.0904 0.00364195 0.0272813 0.999621 0.577931
-0.208503 0.977639 -0.0273644 15.8416 -0.978013 -0.208301 0.0100673 -48.1109 0.00414219 0.0288618 0.999575 0.59133
-0.209764 0.977397 -0.0263571 15.6208 -0.977742 -0.209564 0.0101485 -49.1575 0.00439561 0.0278993 0.999601 0.600829
-0.211161 0.97716 -0.0238812 15.3974 -0.97744 -0.21098 0.0098752 -50.1838 0.00461118 0.0254277 0.999666 0.622588
-0.212657 0.976765 -0.0265825 15.1711 -0.977119 -0.212467 0.0098219 -51.2215 0.0039458 0.028063 0.999598 0.626911
-0.214044 0.976486 -0.0256756 14.9534 -0.97682 -0.213892 0.00855842 -52.2605 0.00286538 0.0269123 0.999634 0.638769
-0.215703 0.976098 -0.0265301 14.7089 -0.976455 -0.215548 0.00862373 -53.3017 0.0026991 0.0277657 0.999611 0.633932
-0.216867 0.97584 -0.0265492 14.4812 -0.976196 -0.216701 0.00899956 -54.3493 0.00302888 0.027869 0.999607 0.652823
-0.218206 0.975509 -0.0277348 14.2516 -0.975894 -0.217998 0.0103544 -55.4175 0.00405472 0.0293256 0.999562 0.661507
-0.219915 0.975151 -0.0267962 14.0067 -0.975506 -0.219685 0.0112761 -56.4676 0.00510915 0.0286196 0.999577 0.679294
-0.221222 0.974861 -0.0266078 13.7697 -0.975206 -0.220971 0.0120495 -57.521 0.005867 0.0286137 0.999573 0.689837
-0.222564 0.974457 -0.0299963 13.5234 -0.974894 -0.222237 0.0138676 -58.5825 0.00684711 0.0323297 0.999454 0.699553
-0.223818 0.974266 -0.0266541 13.272 -0.974603 -0.22352 0.0137072 -59.6474 0.00739668 0.0290451 0.999551 0.74433
-0.225364 0.973892 -0.0272991 13.027 -0.974253 -0.225082 0.0130449 -60.7186 0.00655984 0.0295361 0.999542 0.75769
-0.226823 0.973252 -0.0364953 12.7721 -0.973918 -0.226433 0.0145413 -61.7851 0.00588859 0.0388417 0.999228 0.755114
-0.227984 0.973035 -0.0350215 12.5225 -0.973642 -0.227586 0.0150091 -62.8327 0.006634 0.0375203 0.999274 0.799135
-0.228762 0.973179 -0.0242872 12.2735 -0.973472 -0.228572 0.0103836 -63.9057 0.00455376 0.0260183 0.999651 0.828937
-0.229584 0.972864 -0.0287647 12.0156 -0.973286 -0.229558 0.00425052 -65.0012 -0.002468 0.0289721 0.999577 0.801818
-0.230055 0.97239 -0.0391445 11.7854 -0.973145 -0.230191 0.00105541 -66.0823 -0.00798444 0.038336 0.999233 0.772847
-0.231453 0.972175 -0.036118 11.534 -0.972828 -0.231517 0.00245742 -67.1467 -0.00597289 0.0357053 0.999345 0.790851
-0.232742 0.972136 -0.0279629 11.2742 -0.972538 -0.232662 0.00612621 -68.2239 -0.000550393 0.0286208 0.99959 0.799039
-0.233753 0.972094 -0.0198377 11.0076 -0.972292 -0.233645 0.00764622 -69.3058 0.00279787 0.0210754 0.999774 0.839686
-0.234277 0.971928 -0.021699 10.7422 -0.972165 -0.234148 0.00832857 -70.3988 0.00301399 0.0230462 0.99973 0.853685
-0.234607 0.971753 -0.0255941 10.4903 -0.972089 -0.234489 0.00756611 -71.4904 0.00135086 0.0266548 0.999644 0.872961
-0.234485 0.971688 -0.0289674 10.2413 -0.97212 -0.234397 0.00646712 -72.5648 -0.000505836 0.0296762 0.999559 0.838558
-0.234382 0.971749 -0.0277206 9.98041 -0.972144 -0.234258 0.00769598 -73.6469 0.00098479 0.0287522 0.999586 0.879174
-0.23438 0.971835 -0.0245504 9.71034 -0.972143 -0.234254 0.00794751 -74.7297 0.00197264 0.0257293 0.999667 0.884045
-0.234085 0.97196 -0.0223281 9.44227 -0.972214 -0.233974 0.00750965 -75.8328 0.0020749 0.0234656 0.999722 0.896961
-0.233628 0.972039 -0.0236114 9.18961 -0.972326 -0.233539 0.00650721 -76.9288 0.000811085 0.0244782 0.9997 0.900211
-0.232733 0.972211 -0.0253071 8.92858 -0.972541 -0.232663 0.00572469 -78.0198 -0.000322417 0.0259445 0.999663 0.924826
-0.231456 0.972471 -0.0269703 8.67912 -0.972845 -0.231392 0.00552952 -79.1052 -0.000863391 0.0275177 0.999621 0.930187
-0.230146 0.972749 -0.0281337 8.43134 -0.973156 -0.230069 0.00598748 -80.195 -0.000648355 0.0287565 0.999586 0.932355
-0.228997 0.973046 -0.0272498 8.16785 -0.973426 -0.228865 0.00788472 -81.2946 0.00143565 0.0283313 0.999598 0.947915
-0.228193 0.973341 -0.023138 7.89762 -0.973613 -0.228066 0.00800645 -82.3691 0.00251601 0.0243544 0.9997 0.970742
-0.226849 0.973645 -0.023547 7.64809 -0.973928 -0.226741 0.00723103 -83.4476 0.0017014 0.0245734 0.999697 0.981266
-0.225422 0.973938 -0.0251075 7.41941 -0.974261 -0.22533 0.00649111 -84.5342 0.000664471 0.0259245 0.999664 1.00237
-0.224073 0.974251 -0.0250183 7.17642 -0.974572 -0.223992 0.0060212 -85.6294 0.000262263 0.0257314 0.999669 0.99699
-0.223008 0.974519 -0.0240846 6.92175 -0.974817 -0.222938 0.00558767 -86.7148 7.59142e-05 0.0247241 0.999694 0.992812
-0.221746 0.974829 -0.0231711 6.68447 -0.975104 -0.221691 0.00495612 -87.7999 -0.000305452 0.0236933 0.999719 1.00578
-0.220659 0.975078 -0.0230819 6.43663 -0.975351 -0.220616 0.004417 -88.8818 -0.000785323 0.0234876 0.999724 1.02254
-0.219387 0.975378 -0.022507 6.19947 -0.975638 -0.219342 0.00446596 -89.956 -0.00058075 0.0229385 0.999737 1.02805
-0.218607 0.975602 -0.0203031 5.95833 -0.975813 -0.218554 0.0047882 -91.039 0.000234045 0.0208588 0.999782 1.03954
-0.218682 0.975607 -0.0192257 5.72476 -0.975796 -0.218623 0.00515497 -92.127 0.000826054 0.0198876 0.999802 1.04776
-0.219362 0.975462 -0.0188334 5.47872 -0.975643 -0.219308 0.00487485 -93.1963 0.000624909 0.0194441 0.999811 1.06198
-0.220045 0.975305 -0.0189995 5.24854 -0.97549 -0.219996 0.00468809 -94.2857 0.000392501 0.0195654 0.999809 1.07165
-0.221525 0.974992 -0.0178262 4.99524 -0.975155 -0.221487 0.00410847 -95.3623 5.74591e-05 0.0182934 0.999833 1.08097
-0.223587 0.974534 -0.0171127 4.74548 -0.974684 -0.223558 0.00357436 -96.4499 -0.000342359 0.0174787 0.999847 1.07633
-0.226347 0.973899 -0.0169783 4.4994 -0.974047 -0.226313 0.00394028 -97.5227 -4.95719e-06 0.0174295 0.999848 1.09924
-0.228973 0.973275 -0.0175002 4.26061 -0.973432 -0.228921 0.00494737 -98.5921 0.000808993 0.018168 0.999835 1.10582
-0.231339 0.972711 -0.0177372 4.01189 -0.972872 -0.231277 0.00551096 -99.6613 0.00125837 0.0185309 0.999827 1.12354
-0.232933 0.972338 -0.017355 3.75053 -0.972493 -0.232885 0.00477951 -100.742 0.000605587 0.0179909 0.999838 1.14088
-0.234018 0.972032 -0.0197427 3.50038 -0.972232 -0.233979 0.00429469 -101.824 -0.000444807 0.0201995 0.999796 1.13497
-0.234522 0.971911 -0.019697 3.24786 -0.972109 -0.234516 0.00264998 -102.889 -0.0020437 0.0197691 0.999802 1.14245
-0.235383 0.971707 -0.0194907 2.9905 -0.971895 -0.235412 0.000788936 -103.964 -0.00382173 0.0191286 0.99981 1.14859
-0.236008 0.971574 -0.0185464 2.74103 -0.971741 -0.236048 1.97412e-05 -105.027 -0.00435866 0.018027 0.999828 1.13953
-0.236803 0.971388 -0.0181482 2.48024 -0.971554 -0.236815 0.00154514 -106.094 -0.00279683 0.0179978 0.999834 1.15237
-0.237684 0.971182 -0.0176482 2.22248 -0.971341 -0.237676 0.00259394 -107.163 -0.00167535 0.0177589 0.999841 1.17114
-0.238391 0.971031 -0.0164002 1.95624 -0.971169 -0.238372 0.00315097 -108.236 -0.000849659 0.0166785 0.999861 1.1849
-0.23936 0.970797 -0.0161004 1.69487 -0.970931 -0.239332 0.00371121 -109.286 -0.000250518 0.0165207 0.999863 1.18694
-0.239899 0.970681 -0.0150946 1.43521 -0.970798 -0.239865 0.00400993 -110.361 0.000271684 0.0156158 0.999878 1.19228
-0.240705 0.97048 -0.0151823 1.17295 -0.970598 -0.240667 0.00428986 -111.434 0.000509332 0.0157685 0.999876 1.19416
-0.241464 0.970282 -0.0157305 0.910014 -0.97041 -0.241427 0.00423188 -112.505 0.000308342 0.0162869 0.999867 1.20511
-0.242362 0.970029 -0.0174261 0.652849 -0.970185 -0.242345 0.003111 -113.572 -0.00120536 0.0176605 0.999843 1.20205
-0.244125 0.969577 -0.0179826 0.375888 -0.969743 -0.244112 0.00297873 -114.634 -0.00150165 0.0181657 0.999834 1.21196
-0.245597 0.96921 -0.0177232 0.103971 -0.969372 -0.245559 0.00434085 -115.693 -0.000144887 0.0182465 0.999834 1.25311
-0.246999 0.968842 -0.0183347 -0.158408 -0.969015 -0.246938 0.00554981 -116.762 0.000849362 0.0191374 0.999817 1.25204
-0.248697 0.968299 -0.0233805 -0.44065 -0.968581 -0.248611 0.0065684 -117.827 0.000547525 0.0242795 0.999705 1.24532
-0.249844 0.967981 -0.0243175 -0.714262 -0.968286 -0.249787 0.00540039 -118.899 -0.000846718 0.0248956 0.99969 1.27991
-0.251179 0.967617 -0.0250209 -0.981777 -0.96794 -0.251112 0.00581588 -119.947 -0.000655494 0.0256795 0.99967 1.22255
-0.252121 0.967387 -0.0244512 -1.27334 -0.967684 -0.251915 0.0112368 -121.019 0.00471074 0.0264941 0.999638 1.30204
-0.252983 0.967183 -0.0235921 -1.54403 -0.967458 -0.25278 0.0112404 -122.076 0.00490791 0.025668 0.999658 1.31111
-0.253719 0.966995 -0.0233963 -1.82081 -0.967277 -0.253615 0.00734733 -123.153 0.00117117 0.0244949 0.999699 1.31153
-0.254235 0.966809 -0.0254005 -2.10665 -0.967141 -0.254199 0.00469103 -124.222 -0.00192145 0.0257585 0.999666 1.31603
-0.254888 0.966601 -0.0267304 -2.38193 -0.966968 -0.254856 0.00464587 -125.287 -0.0023217 0.0270317 0.999632 1.3268
-0.255588 0.96642 -0.0266079 -2.66536 -0.966785 -0.255528 0.00567172 -126.36 -0.00131781 0.0271737 0.99963 1.338
-0.25584 0.966357 -0.02645 -2.94999 -0.966719 -0.255745 0.00696973 -127.42 -2.92142e-05 0.0273528 0.999626 1.33557
-0.255652 0.966422 -0.0259072 -3.23033 -0.966769 -0.25554 0.00760312 -128.496 0.000727487 0.02699 0.999635 1.35965
-0.255199 0.966508 -0.0271398 -3.51959 -0.966889 -0.255105 0.0069238 -129.578 -0.000231585 0.0280081 0.999608 1.35856
-0.254332 0.966708 -0.0281176 -3.79162 -0.967117 -0.254252 0.00644022 -130.647 -0.000923163 0.028831 0.999584 1.36904
-0.253287 0.966979 -0.0282287 -4.06918 -0.96739 -0.253224 0.0058543 -131.712 -0.0014872 0.0287909 0.999584 1.36378
-0.252601 0.967195 -0.0269548 -4.34992 -0.96757 -0.25253 0.00608958 -132.788 -0.000917063 0.0276189 0.999618 1.37476
-0.251588 0.967467 -0.0266607 -4.62398 -0.967834 -0.251495 0.00683981 -133.86 -8.77561e-05 0.027524 0.999621 1.38548
-0.250715 0.967698 -0.0264907 -4.89861 -0.968061 -0.25062 0.00691258 -134.937 5.01908e-05 0.0273777 0.999625 1.39439
-0.249735 0.967975 -0.0256224 -5.17927 -0.968314 -0.24966 0.00612538 -136.002 -0.00046769 0.0263403 0.999653 1.42478
-0.248919 0.968145 -0.0271051 -5.45532 -0.968523 -0.248867 0.0053212 -137.082 -0.00159386 0.0275764 0.999618 1.41594
-0.248029 0.968353 -0.0278051 -5.71818 -0.96875 -0.247997 0.00463776 -138.155 -0.0024046 0.0280865 0.999603 1.4117
-0.247221 0.968581 -0.0270644 -5.99236 -0.968956 -0.247192 0.00443798 -139.223 -0.00239157 0.0273214 0.999624 1.42298
-0.246717 0.968711 -0.0270262 -6.26786 -0.969086 -0.246669 0.00516489 -140.298 -0.00166323 0.0274649 0.999621 1.4349
-0.246213 0.96884 -0.0269891 -6.53228 -0.969214 -0.246174 0.00478351 -141.359 -0.00200956 0.0273359 0.999624 1.43198
-0.245648 0.969004 -0.0262362 -6.80051 -0.969357 -0.245608 0.0047991 -142.427 -0.00179348 0.0266112 0.999644 1.44419
-0.245207 0.969103 -0.0266998 -7.07206 -0.96947 -0.245141 0.00575326 -143.494 -0.000969726 0.0272954 0.999627 1.44965
-0.244638 0.969266 -0.0260044 -7.34135 -0.969615 -0.24456 0.00617116 -144.566 -0.000378152 0.026724 0.999643 1.46733
-0.244292 0.969362 -0.0256692 -7.60231 -0.969702 -0.244206 0.00646341 -145.624 -3.20283e-06 0.0264704 0.99965 1.46954
-0.243684 0.969529 -0.0251392 -7.87054 -0.969854 -0.243582 0.00711282 -146.682 0.000772639 0.0261146 0.999659 1.49529
-0.243427 0.969596 -0.0250414 -8.14006 -0.969918 -0.243314 0.0075148 -147.752 0.00119339 0.0261175 0.999658 1.49702
-0.243125 0.969682 -0.0246375 -8.40599 -0.969991 -0.242978 0.00885769 -148.822 0.00260278 0.0260517 0.999657 1.51911
-0.242897 0.969758 -0.0238892 -8.66869 -0.970046 -0.242736 0.00948147 -149.885 0.00339598 0.0254766 0.99967 1.54441
-0.242783 0.969765 -0.0247349 -8.93013 -0.970078 -0.242638 0.00874547 -150.934 0.00247942 0.026118 0.999656 1.55195
-0.242533 0.969788 -0.0262502 -9.19816 -0.970141 -0.242393 0.00842856 -151.988 0.00181106 0.0275106 0.99962 1.55004
-0.242248 0.969845 -0.0267794 -9.46311 -0.970211 -0.242082 0.00931676 -153.049 0.00255299 0.0282386 0.999598 1.57163
-0.242132 0.969881 -0.0265171 -9.72122 -0.970237 -0.241943 0.0101768 -154.102 0.0034547 0.0281921 0.999597 1.59039
-0.241821 0.969957 -0.0265693 -9.98566 -0.970312 -0.24161 0.0109415 -155.154 0.0041934 0.0284264 0.999587 1.60466
-0.241748 0.969999 -0.0256722 -10.2477 -0.970331 -0.241555 0.010406 -156.211 0.00389254 0.0274262 0.999616 1.61326
-0.242332 0.969838 -0.0262501 -10.505 -0.970187 -0.242145 0.0101157 -157.247 0.00345426 0.0279189 0.999604 1.62043
-0.243139 0.969627 -0.02659 -10.7616 -0.969988 -0.24297 0.00945049 -158.273 0.00270287 0.0280898 0.999602 1.64376
-0.244768 0.9692 -0.027219 -11.0263 -0.96958 -0.244621 0.00867068 -159.293 0.0017453 0.0285133 0.999592 1.66168
-0.246699 0.968655 -0.0291153 -11.2807 -0.969091 -0.246547 0.00875636 -160.321 0.00130359 0.0303756 0.999538 1.66149
-0.248655 0.968132 -0.0298599 -11.5293 -0.96859 -0.248476 0.00962738 -161.316 0.0019011 0.031316 0.999508 1.6803
-0.250643 0.967659 -0.028543 -11.7923 -0.968076 -0.250454 0.0100744 -162.319 0.00259985 0.0301568 0.999542 1.70565
-0.252527 0.967178 -0.0282171 -12.0413 -0.967587 -0.252347 0.00980192 -163.304 0.00235968 0.0297778 0.999554 1.71849
-0.254648 0.966551 -0.0305626 -12.2932 -0.967032 -0.254467 0.00975955 -164.281 0.00165593 0.0320403 0.999485 1.71694
-0.257691 0.965664 -0.0329774 -12.5508 -0.966223 -0.257443 0.011641 -165.25 0.00275147 0.0348633 0.999388 1.74582
-0.261521 0.964654 -0.0323809 -12.8165 -0.965185 -0.261199 0.013884 -166.216 0.0049354 0.0348845 0.999379 1.75636
-0.265389 0.963664 -0.0303332 -13.0908 -0.964118 -0.265031 0.0153259 -167.169 0.0067298 0.0333122 0.999422 1.76667
-0.268703 0.96279 -0.0288788 -13.3573 -0.963194 -0.268341 0.0158269 -168.15 0.00748861 0.0320686 0.999458 1.79936
-0.272729 0.961578 -0.0313984 -13.6211 -0.962067 -0.272346 0.0159915 -169.092 0.00682588 0.0345687 0.999379 1.79282
-0.277037 0.960308 -0.0325508 -13.8857 -0.960827 -0.276591 0.0175616 -170.058 0.00786127 0.0361409 0.999316 1.80405
-0.281211 0.959152 -0.0307905 -14.1687 -0.959569 -0.280639 0.0216341 -171.002 0.0121093 0.0356294 0.999292 1.84615
-0.285403 0.958041 -0.0265043 -14.4691 -0.958301 -0.28485 0.0227967 -171.959 0.0142905 0.0319053 0.999389 1.87997
-0.289613 0.956742 -0.0277288 -14.767 -0.957087 -0.28916 0.0192463 -172.911 0.0103957 0.0321129 0.99943 1.88595
-0.293722 0.955212 -0.0360292 -15.043 -0.955864 -0.293221 0.0185921 -173.864 0.00719488 0.0398999 0.999178 1.88074
-0.298229 0.953671 -0.0396446 -15.3288 -0.954456 -0.297586 0.0213733 -174.793 0.00858545 0.0442131 0.998985 1.89957
-0.302755 0.952388 -0.0360032 -15.6325 -0.952988 -0.302021 0.0244479 -175.725 0.0124102 0.0417123 0.999053 1.93092
-0.307945 0.950834 -0.0329481 -15.9369 -0.951296 -0.307202 0.0257432 -176.656 0.0143558 0.0392709 0.999125 1.95509
-0.313717 0.948957 -0.0326083 -16.2243 -0.949389 -0.312926 0.0271657 -177.582 0.0155751 0.0394802 0.999099 1.9678
-0.321438 0.946436 -0.0306124 -16.5388 -0.946774 -0.32063 0.0285572 -178.485 0.0172123 0.0381624 0.999123 2.00213
-0.328908 0.943934 -0.0284172 -16.8502 -0.944175 -0.328095 0.0297841 -179.396 0.0187907 0.036627 0.999152 2.01615
-0.337578 0.940954 -0.025417 -17.1555 -0.941056 -0.336757 0.0317538 -180.3 0.0213195 0.0346382 0.999172 2.03566
-0.347139 0.937534 -0.0229008 -17.4842 -0.937451 -0.346222 0.0362774 -181.187 0.0260826 0.0340617 0.999079 2.07504
-0.357375 0.933763 -0.0192354 -17.8276 -0.933472 -0.356446 0.039694 -182.06 0.0302084 0.0321414 0.999027 2.1227
-0.368868 0.929306 -0.0180912 -18.1785 -0.928933 -0.367911 0.0415306 -182.931 0.0319387 0.0321248 0.998973 2.1552
-0.380831 0.924446 -0.0191832 -18.5273 -0.924065 -0.379775 0.0433059 -183.787 0.0327486 0.0342188 0.998878 2.19177
-0.394005 0.918885 -0.0202529 -18.8775 -0.918467 -0.392812 0.046016 -184.619 0.0343279 0.0367322 0.998735 2.23149
-0.408538 0.912529 -0.0196853 -19.2602 -0.91198 -0.407222 0.0496324 -185.456 0.0372747 0.0382293 0.998574 2.27295
-0.424282 0.905414 -0.014528 -19.6483 -0.904649 -0.423107 0.0508888 -186.289 0.0399285 0.034734 0.998599 2.33735
-0.440809 0.897509 -0.0128326 -20.0482 -0.896701 -0.439682 0.0510502 -187.106 0.0401758 0.0340104 0.998614 2.35965
-0.458662 0.888522 -0.0125629 -20.4606 -0.887684 -0.457493 0.052126 -187.9 0.0405677 0.0350602 0.998561 2.3966
-0.476461 0.879135 -0.0102834 -20.88 -0.878204 -0.475336 0.0530506 -188.698 0.0417505 0.0343075 0.998539 2.45651
-0.49504 0.868822 -0.00915637 -21.3283 -0.86784 -0.493913 0.0538852 -189.474 0.0422942 0.0346216 0.998505 2.49202
-0.513167 0.85826 -0.00702581 -21.7935 -0.857235 -0.512115 0.0537251 -190.227 0.0425121 0.0335927 0.998531 2.5545
-0.53077 0.847478 -0.00806337 -22.2433 -0.846531 -0.52967 0.0532474 -190.969 0.040855 0.035088 0.998549 2.57635
-0.548128 0.836347 -0.00890399 -22.7271 -0.835443 -0.546965 0.0535235 -191.716 0.039894 0.0367765 0.998527 2.62865
-0.564853 0.825149 -0.00835618 -23.227 -0.824235 -0.563682 0.0538474 -192.433 0.0397219 0.0373033 0.998514 2.6704
-0.581129 0.813784 -0.0067794 -23.7294 -0.812807 -0.579977 0.0545181 -193.127 0.040434 0.0371924 0.99849 2.72152
-0.596649 0.802477 -0.00630789 -24.238 -0.801464 -0.595459 0.0555424 -193.832 0.0408154 0.0381949 0.998436 2.75678
-0.612075 0.790785 -0.00483837 -24.7646 -0.789706 -0.610895 0.0563161 -194.482 0.0415781 0.0382905 0.998401 2.81454
-0.626804 0.77917 -0.00334052 -25.3046 -0.778019 -0.625633 0.0571834 -195.16 0.0424656 0.0384418 0.998358 2.84597
-0.640997 0.767542 -0.00175372 -25.8542 -0.766291 -0.639818 0.0585769 -195.808 0.0438382 0.0388915 0.998281 2.8746
-0.654724 0.755868 -0.000162027 -26.4133 -0.754556 -0.653575 0.0590261 -196.47 0.04451 0.0387681 0.998256 2.93332
-0.668369 0.743828 0.00166617 -26.982 -0.742464 -0.667276 0.0590756 -197.109 0.0450538 0.0382472 0.998252 2.96788
-0.681877 0.73146 0.00312091 -27.5705 -0.730071 -0.680832 0.0588567 -197.733 0.0451761 0.0378545 0.998262 3.01012
-0.695133 0.718864 0.0049756 -28.1797 -0.717374 -0.694107 0.0599148 -198.358 0.0465241 0.0380794 0.998191 3.05208
-0.708011 0.706177 0.0058429 -28.7951 -0.704496 -0.706851 0.0636223 -198.963 0.0490587 0.040929 0.997957 3.09057
-0.720611 0.69331 0.00646079 -29.4188 -0.691474 -0.719323 0.0666102 -199.558 0.0508289 0.0435325 0.997758 3.16889
-0.733356 0.679815 0.00644481 -30.0525 -0.677871 -0.731916 0.0692122 -200.147 0.0517685 0.0463884 0.997581 3.20412
-0.745762 0.666162 0.00818677 -30.7113 -0.664025 -0.744253 0.0718288 -200.717 0.0539426 0.048131 0.997383 3.2468
-0.757588 0.652642 0.0108719 -31.3761 -0.650202 -0.756011 0.0753916 -201.275 0.057423 0.0500468 0.997095 3.29896
-0.76919 0.6389 0.0123795 -32.0302 -0.636266 -0.767528 0.0778945 -201.828 0.0592684 0.052039 0.996885 3.35204
-0.780814 0.624609 0.0138621 -32.7147 -0.62179 -0.779069 0.0801811 -202.372 0.0608814 0.0539873 0.996684 3.41421
-0.792178 0.610108 0.0148877 -33.4087 -0.607212 -0.790395 0.0810489 -202.9 0.0612158 0.0551652 0.996599 3.48082
-0.803275 0.595406 0.0155197 -34.1103 -0.592539 -0.801506 0.0805383 -203.418 0.0603921 0.0554984 0.996631 3.52606
-0.814189 0.580366 0.0164501 -34.8222 -0.577533 -0.812472 0.0796496 -203.914 0.0595913 0.0553494 0.996687 3.58331
-0.824881 0.565056 0.0168449 -35.5358 -0.56226 -0.82316 0.0791903 -204.404 0.058613 0.0558514 0.996717 3.62765
-0.835844 0.548653 0.0185712 -36.2574 -0.545896 -0.834265 0.077459 -204.868 0.0579914 0.0546056 0.996823 3.67774
-0.846622 0.531746 0.021836 -36.9939 -0.528988 -0.84531 0.0749871 -205.34 0.0583323 0.0519347 0.996945 3.73941
-0.857598 0.51377 0.0237811 -37.73 -0.511038 -0.856429 0.0732812 -205.791 0.0580165 0.0506928 0.997028 3.79603
-0.868157 0.495623 0.0256939 -38.4917 -0.49292 -0.86713 0.0715251 -206.223 0.0577295 0.04943 0.997108 3.8553
-0.878724 0.476561 0.027106 -39.2539 -0.473866 -0.877767 0.0705371 -206.632 0.057408 0.049138 0.997141 3.90896
-0.888882 0.457287 0.0278704 -40.0364 -0.454626 -0.887955 0.069658 -207.038 0.0566013 0.0492471 0.997182 3.95485
-0.898719 0.43762 0.0281527 -40.8193 -0.435093 -0.897863 0.067353 -207.407 0.0547523 0.0482824 0.997332 4.01407
-0.90817 0.417724 0.0270932 -41.603 -0.415432 -0.907353 0.0642478 -207.763 0.051421 0.0470925 0.997566 4.07688
-0.91749 0.396964 0.0251393 -42.4019 -0.394888 -0.916627 0.0621239 -208.115 0.0477043 0.0470709 0.997752 4.09271
-0.926362 0.375832 0.0245824 -43.2219 -0.373841 -0.925464 0.0613113 -208.445 0.0457929 0.0476065 0.997816 4.16553
-0.934711 0.354657 0.0231028 -44.0438 -0.352847 -0.933802 0.0592624 -208.749 0.0425912 0.0472415 0.997975 4.18822
-0.942529 0.333337 0.0229095 -44.8678 -0.331621 -0.941645 0.0577233 -209.034 0.0408139 0.0468087 0.99807 4.24044
-0.94983 0.311958 0.022472 -45.6896 -0.310321 -0.948936 0.0567627 -209.309 0.039032 0.0469414 0.998135 4.27522
-0.956743 0.290056 0.022599 -46.535 -0.288465 -0.955854 0.0559493 -209.556 0.0378298 0.04701 0.998178 4.31074
-0.963089 0.268303 0.0217649 -47.3868 -0.26683 -0.962209 0.0543606 -209.801 0.0355276 0.0465466 0.998284 4.36582
-0.969046 0.246033 0.0204134 -48.2237 -0.244743 -0.968226 0.051369 -210.003 0.0324033 0.0447829 0.998471 4.3916
-0.97453 0.223431 0.019224 -49.0743 -0.222245 -0.97369 0.0503485 -210.206 0.0299677 0.0447937 0.998547 4.40823
-0.979557 0.200253 0.0191594 -49.9305 -0.199136 -0.978759 0.0487336 -210.367 0.0285114 0.043922 0.998628 4.44397
-0.984169 0.176354 0.0176086 -50.784 -0.175367 -0.983371 0.0471956 -210.525 0.025639 0.0433605 0.99873 4.48023
-0.988202 0.152335 0.0158422 -51.6229 -0.151476 -0.987398 0.045825 -210.657 0.0226232 0.0428847 0.998824 4.49753
-0.991617 0.128336 0.0150417 -52.4789 -0.127542 -0.990798 0.045301 -210.777 0.020717 0.0430028 0.99886 4.53707
-0.994467 0.104104 0.0140434 -53.3191 -0.103377 -0.993614 0.0452168 -210.846 0.018661 0.0435149 0.998878 4.55203
-0.996713 0.0799551 0.013047 -54.169 -0.0792846 -0.995806 0.0456599 -210.907 0.0166431 0.0444754 0.998872 4.57623
-0.998361 0.0559156 0.0122213 -54.9963 -0.0552959 -0.997399 0.0462285 -210.949 0.0147744 0.0454769 0.998856 4.59773
