1 0 0 0 0 1 0 0 0 0 1 0
1 5.21124e-05 1.1177e-05 -0.00042905 -5.21121e-05 1 -2.12304e-05 -0.00203886 -1.11781e-05 2.12298e-05 1 -0.000537932
1 3.28496e-06 -4.02414e-06 0.00144535 -3.28492e-06 1 8.84088e-06 0.000755531 4.02417e-06 -8.84086e-06 1 0.000462674
1 6.26444e-06 -1.16409e-05 -2.3867e-05 -6.26465e-06 1 -1.72269e-05 0.00102535 1.16408e-05 1.72269e-05 1 -0.000870616
1 -1.58422e-05 7.39412e-06 0.000966737 1.58418e-05 1 5.17386e-05 0.000347951 -7.39494e-06 -5.17385e-05 1 0.00122493
1 -3.20502e-05 1.13717e-05 0.000532248 3.20506e-05 1 -3.22813e-05 0.000951242 -1.13707e-05 3.22816e-05 1 -0.00123987
1 5.94905e-06 1.84451e-05 -8.35522e-05 -5.94942e-06 1 2.00863e-05 0.000984389 -1.8445e-05 -2.00864e-05 1 0.000449871
1 7.52957e-05 -9.81457e-06 0.000498973 -7.52957e-05 1 -4.05911e-07 2.57582e-05 9.81454e-06 4.0665e-07 1 0.000786567
1 7.15185e-05 1.02689e-05 0.000643104 -7.15188e-05 1 2.60961e-05 -0.00463823 -1.0267e-05 -2.60968e-05 1 6.18561e-05
1 6.33725e-05 -3.36766e-06 0.00278972 -6.33724e-05 1 2.34178e-05 -0.00423706 3.36914e-06 -2.34176e-05 1 -0.00128279
1 4.65034e-05 8.29451e-06 -0.000338182 -4.6503e-05 1 -4.91644e-05 -0.000379968 -8.2968e-06 4.9164e-05 1 -0.00177573
1 1.69197e-05 5.4277e-06 -0.000590794 -1.69196e-05 1 -1.15436e-05 -5.22407e-05 -5.4279e-06 1.15435e-05 1 0.000112734
1 4.73221e-05 9.47814e-07 0.00158791 -4.73221e-05 1 -1.26311e-07 0.000202622 -9.4782e-07 1.26266e-07 1 -0.000862957
1 1.44124e-05 1.43403e-05 -0.000764574 -1.44125e-05 1 5.07815e-06 0.00131303 -1.43402e-05 -5.07836e-06 1 0.00010724
1 8.09364e-05 1.13417e-05 -0.00216013 -8.09364e-05 1 4.56295e-06 -0.000602711 -1.13413e-05 -4.56387e-06 1 0.000726982
1 5.18579e-05 3.81567e-07 0.00166846 -5.18579e-05 1 -1.10685e-05 -0.000549015 -3.82141e-07 1.10685e-05 1 -0.000268229
1 4.78933e-05 8.48653e-06 0.00271971 -4.78934e-05 1 5.17e-06 0.000821061 -8.48628e-06 -5.1704e-06 1 -0.00112324
1 6.00479e-05 4.14287e-06 -0.000195303 -6.0048e-05 1 1.51497e-05 -0.00198103 -4.14196e-06 -1.515e-05 1 -0.000300433
1 5.92944e-05 1.96255e-05 8.67898e-05 -5.92942e-05 1 -5.84549e-06 -0.00141995 -1.96258e-05 5.84433e-06 1 2.38833e-05
1 9.70494e-06 1.33686e-05 -0.00381393 -9.70503e-06 1 6.46832e-06 4.23714e-05 -1.33685e-05 -6.46845e-06 1 -0.000286841
1 6.71413e-05 1.22668e-05 -0.000436552 -6.71416e-05 1 2.07278e-05 -0.00481706 -1.22654e-05 -2.07286e-05 1 -0.000541215
1 7.80403e-05 1.26312e-06 0.00224117 -7.80403e-05 1 -4.84625e-06 -0.00315087 -1.2635e-06 4.84615e-06 1 -0.00169226
1 3.30869e-05 9.31763e-06 -0.000565712 -3.30871e-05 1 2.0184e-05 -0.00160223 -9.31696e-06 -2.01843e-05 1 0.000689319
1 7.1419e-05 3.27556e-06 -0.00103542 -7.14189e-05 1 -4.93034e-06 -0.00112885 -3.27592e-06 4.93011e-06 1 -0.000192097
1 2.89749e-05 1.21936e-05 -0.000171774 -2.89744e-05 1 -3.55665e-05 -0.000862581 -1.21946e-05 3.55662e-05 1 -0.000385445
1 5.78565e-05 8.94144e-06 0.000513211 -5.78564e-05 1 -1.12275e-05 -0.00188881 -8.94209e-06 1.1227e-05 1 -0.000250128
1 6.58065e-05 6.3177e-06 0.00187442 -6.58065e-05 1 -4.03519e-06 -0.00296711 -6.31797e-06 4.03478e-06 1 -0.000234058
1 5.50949e-05 1.2438e-05 -0.00168992 -5.5095e-05 1 6.42403e-06 -0.00107752 -1.24376e-05 -6.42471e-06 1 -0.00092162
1 1.62252e-06 1.42738e-05 0.000744093 -1.62256e-06 1 3.14851e-06 -0.000421845 -1.42737e-05 -3.14853e-06 1 -0.000577487
1 6.67249e-05 5.77664e-06 5.94021e-05 -6.67247e-05 1 -2.96624e-05 -0.00271351 -5.77862e-06 2.9662e-05 1 -0.00160249
1 5.06784e-05 6.67338e-06 0.00345655 -5.06784e-05 1 1.10872e-05 -0.00243028 -6.67282e-06 -1.10875e-05 1 -6.50567e-05
1 2.13339e-05 -5.5841e-06 0.000990852 -2.13339e-05 1 9.17508e-06 -0.00229161 5.58429e-06 -9.17496e-06 1 0.00013409
1 3.24138e-06 1.72959e-06 0.0012648 -3.24139e-06 1 3.04823e-06 -0.00144775 -1.72958e-06 -3.04824e-06 1 -0.00144386
1 -5.7135e-05 1.34419e-06 0.00253496 5.71349e-05 1 2.76746e-05 5.93781e-05 -1.34577e-06 -2.76745e-05 1 -0.000147195
1 -2.40095e-05 4.08947e-06 -0.000458096 2.40094e-05 1 2.95291e-05 -0.00055017 -4.09018e-06 -2.9529e-05 1 0.000478225
1 -7.86942e-06 2.31812e-06 0.00341737 7.86944e-06 1 -1.08804e-05 -0.000388525 -2.31804e-06 1.08804e-05 1 4.49299e-05
1 7.74709e-05 1.09886e-05 0.00106521 -7.74707e-05 1 -1.67995e-05 -0.000897901 -1.09899e-05 1.67986e-05 1 -0.000150592
1 5.5184e-05 1.74101e-06 0.00216238 -5.5184e-05 1 -3.24268e-06 -0.000360198 -1.74119e-06 3.24258e-06 1 0.000222308
1 3.71039e-05 1.57379e-05 8.8133e-05 -3.71039e-05 1 1.67117e-06 -0.000693745 -1.57379e-05 -1.67175e-06 1 2.3891e-05
1 5.79294e-05 1.16051e-05 -0.00143504 -5.79296e-05 1 1.45284e-05 -0.00250966 -1.16043e-05 -1.4529e-05 1 -0.000395041
1 6.52748e-05 -6.75427e-06 0.000188966 -6.52748e-05 1 -3.01739e-06 -0.00044182 6.75407e-06 3.01783e-06 1 -0.000849315
1 5.93853e-05 -1.26602e-06 -0.00363387 -5.93853e-05 1 -1.0096e-05 -3.40507e-05 1.26542e-06 1.00961e-05 1 -0.000827681
1 6.88761e-05 7.06047e-06 0.00104426 -6.8876e-05 1 -8.18532e-06 -0.00273942 -7.06103e-06 8.18483e-06 1 -0.000428759
1 4.62098e-05 1.19314e-05 3.13251e-05 -4.62099e-05 1 1.19836e-05 -0.00332108 -1.19308e-05 -1.19841e-05 1 -0.000881555
1 6.99349e-05 4.98455e-06 -0.000709711 -6.99349e-05 1 -1.12681e-05 -0.000708592 -4.98533e-06 1.12677e-05 1 -0.000895431
1 4.19808e-06 5.36542e-06 -0.00212484 -4.19798e-06 1 -1.79249e-05 0.000684678 -5.36549e-06 1.79248e-05 1 -0.000263392
1 7.35599e-06 3.46147e-06 -6.44499e-05 -7.35592e-06 1 -2.09187e-05 -0.00240157 -3.46163e-06 2.09186e-05 1 -0.000716681
1 8.16606e-05 1.22181e-05 0.00150632 -8.16605e-05 1 -7.81153e-06 -0.00248862 -1.22187e-05 7.81053e-06 1 -0.00101913
1 7.71265e-05 7.51703e-06 -0.0022206 -7.71264e-05 1 -2.49003e-06 -0.00344121 -7.51723e-06 2.48945e-06 1 -0.000957421
1 5.23888e-05 6.29001e-06 0.000415012 -5.23887e-05 1 -1.54213e-05 -1.57903e-06 -6.29081e-06 1.5421e-05 1 -0.000755381
1 1.18685e-05 2.17144e-06 -0.0016584 -1.18684e-05 1 -3.8343e-05 -0.00152743 -2.17189e-06 3.83429e-05 1 -0.000733021
1 8.63094e-05 4.01713e-06 -0.00195745 -8.63094e-05 1 2.91709e-07 -0.00265468 -4.0171e-06 -2.92056e-07 1 0.000603123
1 7.0328e-05 6.48367e-06 -0.000939151 -7.0328e-05 1 -1.18224e-05 -0.00535571 -6.4845e-06 1.18219e-05 1 -0.000655842
1 9.20272e-05 4.62896e-06 -0.000794569 -9.20272e-05 1 4.54452e-07 -0.00373382 -4.62891e-06 -4.54878e-07 1 0.000264843
1 7.07637e-05 -2.09676e-06 0.000200613 -7.07638e-05 1 -2.91186e-05 -0.00239912 2.0947e-06 2.91187e-05 1 -6.24851e-05
1 8.1517e-05 1.17569e-05 -0.0021915 -8.15167e-05 1 -2.31074e-05 -0.00238528 -1.17588e-05 2.31065e-05 1 0.00010715
1 4.75588e-05 1.88375e-05 -0.00162674 -4.75587e-05 1 -8.74835e-07 -0.0026823 -1.88376e-05 8.73939e-07 1 -0.000165041
1 -9.22838e-06 2.3362e-06 0.000379435 9.22843e-06 1 -2.0971e-05 -0.00137585 -2.33601e-06 2.0971e-05 1 -0.000491123
1 7.85716e-05 6.01147e-06 -0.00157267 -7.85715e-05 1 -1.69036e-05 -0.00178173 -6.0128e-06 1.69031e-05 1 -0.000467347
1 3.43544e-05 -1.14268e-05 -0.00684431 -3.43546e-05 1 -1.23507e-05 -0.00173821 1.14264e-05 1.23511e-05 1 -0.000998938
1 -7.74473e-05 -4.55172e-05 -0.0112523 7.74474e-05 1 2.70356e-06 0.00369576 4.5517e-05 -2.70709e-06 1 0.000526686
1 -9.03755e-05 -0.000115689 -0.00618585 9.03736e-05 1 -1.61413e-05 0.0099296 0.00011569 1.61308e-05 1 0.000180474
1 -0.000130024 -0.000119535 0.00599577 0.000130026 1 1.10742e-05 0.00507971 0.000119533 -1.10898e-05 1 0.000279673
1 -0.000123853 -0.000132079 0.0192223 0.00012385 1 -1.99113e-05 0.0026126 0.000132082 1.9895e-05 1 -0.000743138
1 -0.000193358 -0.000167995 0.0430714 0.000193352 1 -4.13081e-05 0.00280663 0.000168003 4.12756e-05 1 -0.000633658
1 -0.000360037 -0.000217012 0.0698272 0.000360034 1 -1.66193e-05 0.00135439 0.000217018 1.65412e-05 1 0.000267521
1 -0.00037858 -0.000244084 0.0986762 0.000378582 1 1.01725e-05 -0.00282214 0.00024408 -1.02649e-05 1 -0.00102021
1 -0.000406875 -0.000282381 0.137225 0.000406865 1 -3.39528e-05 -0.00433256 0.000282395 3.38379e-05 1 -0.00200507
1 -0.000628116 -0.000326456 0.186317 0.000628085 1 -9.33262e-05 -0.0020388 0.000326515 9.31212e-05 1 -0.00244564
1 -0.000831937 -0.00041905 0.24864 0.000831907 1 -7.25457e-05 -0.00106947 0.00041911 7.21971e-05 1 -0.00252463
0.999999 -0.00106575 -0.000519366 0.307877 0.00106571 0.999999 -7.43549e-05 -0.00664336 0.000519445 7.38014e-05 1 -0.00504452
0.999999 -0.00133433 -0.000663616 0.37641 0.00133422 0.999999 -0.000168794 0.00454265 0.000663841 0.000167909 1 -0.00694716
0.999999 -0.00154588 -0.000757063 0.44321 0.00154571 0.999999 -0.00021772 0.00153204 0.000757398 0.00021655 1 -0.00724239
0.999998 -0.00193744 -0.000912282 0.526738 0.00193722 0.999998 -0.000236856 -0.000796847 0.00091274 0.000235088 1 -0.0104787
0.999996 -0.00245677 -0.0011013 0.620215 0.00245657 0.999997 -0.000186293 -0.000728894 0.00110175 0.000183586 0.999999 -0.00873591
0.999996 -0.00250986 -0.0013095 0.723325 0.00250943 0.999997 -0.000330548 0.00617694 0.00131033 0.00032726 0.999999 -0.0125216
0.999995 -0.00275606 -0.00145483 0.816283 0.00275559 0.999996 -0.000327435 -0.000236517 0.00145573 0.000323424 0.999999 -0.010857
0.999993 -0.00326225 -0.00158337 0.926739 0.00326172 0.999995 -0.0003389 0.00498999 0.00158446 0.000333733 0.999999 -0.0124651
0.999991 -0.00382599 -0.00176206 1.05837 0.00382556 0.999993 -0.000249915 2.19719e-06 0.001763 0.000243172 0.999998 -0.00878781
0.99999 -0.00406999 -0.00193941 1.18612 0.00406944 0.999992 -0.000287526 -0.00264028 0.00194057 0.000279631 0.999998 -0.0117678
0.999988 -0.00431427 -0.00210926 1.33577 0.00431377 0.999991 -0.000243043 0.000191004 0.00211029 0.000233942 0.999998 -0.0089421
0.999988 -0.00425538 -0.00259066 1.48909 0.00425456 0.999991 -0.00032113 -0.0057234 0.00259201 0.000310104 0.999997 -0.0114277
0.999988 -0.00399779 -0.00296546 1.64887 0.00399662 0.999992 -0.000401535 -0.00236242 0.00296704 0.000389678 0.999996 -0.0111676
0.999969 -0.00342349 -0.00710444 1.85983 0.00341268 0.999993 -0.00153314 0.0119328 0.00710964 0.00150885 0.999974 0.00114139
0.999971 -0.00278031 -0.00711557 2.0386 0.00277247 0.999996 -0.00111111 0.0017682 0.00711863 0.00109135 0.999974 0.0241406
0.999968 -0.00187045 -0.00772945 2.26094 0.00185715 0.999997 -0.0017271 -2.82233e-05 0.00773266 0.00171269 0.999969 0.00224009
0.999969 -0.000841769 -0.00778311 2.45662 0.000826988 0.999998 -0.00190211 0.00140333 0.00778469 0.00189561 0.999968 0.0111627
0.999968 0.000478581 -0.00802733 2.68911 -0.000498172 0.999997 -0.00243877 0.00622003 0.00802614 0.00244269 0.999965 0.00362044
0.999968 0.0015659 -0.00786067 2.91741 -0.00158357 0.999996 -0.00224315 0.00221453 0.00785713 0.00225552 0.999967 0.0186921
0.999962 0.00296231 -0.00822042 3.16507 -0.00297553 0.999994 -0.00159586 -0.00300859 0.00821565 0.00162026 0.999965 0.0119777
0.999952 0.00497198 -0.00842016 3.42386 -0.00498527 0.999986 -0.00155875 -0.0112171 0.0084123 0.00160065 0.999963 0.0202365
0.999941 0.00688851 -0.00841404 3.68994 -0.00690052 0.999975 -0.00139905 -0.00584877 0.0084042 0.00145703 0.999964 0.0163761
0.999925 0.00874104 -0.00856186 3.97935 -0.00875425 0.999961 -0.00150733 -0.0149315 0.00854835 0.00158217 0.999962 0.017326
0.999905 0.0106241 -0.00880454 4.26701 -0.0106366 0.999942 -0.00137128 -0.0225726 0.00878947 0.0014648 0.99996 0.0196258
0.999883 0.0125139 -0.00878024 4.57713 -0.0125263 0.999921 -0.00135039 -0.023415 0.00876264 0.00146022 0.999961 0.0249249
0.999857 0.014519 -0.00869457 4.89098 -0.0145281 0.999894 -0.000987635 -0.0305819 0.0086793 0.00111381 0.999962 0.0293397
0.999826 0.0166534 -0.00843075 5.21553 -0.0166603 0.999861 -0.000750173 -0.0398331 0.00841708 0.000890501 0.999964 0.0281615
0.999793 0.0187097 -0.00804582 5.54422 -0.0187146 0.999825 -0.000537545 -0.0507348 0.00803435 0.000688008 0.999967 0.0334123
0.999752 0.0209024 -0.00763782 5.89238 -0.0209035 0.999781 -6.27611e-05 -0.0565262 0.00763484 0.000222403 0.999971 0.0539851
0.999694 0.0235612 -0.00755277 6.24438 -0.0235587 0.999722 0.000415823 -0.0548382 0.00756047 -0.000237762 0.999971 0.0471687
0.999639 0.0257411 -0.0077112 6.62144 -0.0257345 0.999668 0.000960514 -0.0749031 0.00773337 -0.000761723 0.99997 0.051825
0.999581 0.0279409 -0.00757204 6.99614 -0.0279331 0.999609 0.00113663 -0.0807558 0.00760084 -0.000924647 0.999971 0.0648859
0.999501 0.0306957 -0.00740966 7.38216 -0.0306853 0.999528 0.00151118 -0.0867555 0.00745255 -0.00128305 0.999971 0.0668825
0.999425 0.0331689 -0.00705572 7.78217 -0.0331547 0.999448 0.00212804 -0.107734 0.00712241 -0.00189289 0.999973 0.0756806
0.999337 0.0358067 -0.00658132 8.18425 -0.0357915 0.999356 0.00240925 -0.12011 0.00666335 -0.0021721 0.999975 0.0719797
0.999242 0.0386139 -0.0049944 8.57558 -0.038604 0.999252 0.00207411 -0.136165 0.00507075 -0.00187973 0.999985 0.0735902
0.999144 0.0411974 -0.0038523 8.97758 -0.0411878 0.999148 0.00253985 -0.161804 0.00395365 -0.002379 0.999989 0.0859009
0.999033 0.043829 -0.00361385 9.38088 -0.0438169 0.999034 0.00337244 -0.183404 0.00375817 -0.00321082 0.999988 0.0840551
0.998946 0.0457813 -0.00343248 9.77666 -0.0457644 0.998941 0.00483832 -0.177351 0.00365035 -0.00467613 0.999982 0.0973735
0.998841 0.0479743 -0.00400961 10.1815 -0.0479514 0.998834 0.00561353 -0.204086 0.00427424 -0.00541475 0.999976 0.0862637
0.998768 0.0494217 -0.00449111 10.6032 -0.0493947 0.998762 0.00593507 -0.21994 0.00477887 -0.00570592 0.999972 0.105721
0.998728 0.0502113 -0.00460758 11.0171 -0.0501846 0.998723 0.00574125 -0.247623 0.00488997 -0.00550272 0.999973 0.111836
0.99868 0.0511466 -0.00478373 11.4449 -0.0511165 0.998673 0.00621483 -0.267614 0.00509525 -0.0059621 0.999969 0.116543
0.998634 0.0520575 -0.00444325 11.8721 -0.0520276 0.998624 0.00658636 -0.291665 0.00478 -0.0063462 0.999968 0.112711
0.998587 0.0530071 -0.00378596 12.3154 -0.0529823 0.998575 0.0063766 -0.316006 0.00411857 -0.006167 0.999973 0.117387
0.998554 0.0536473 -0.00358636 12.7614 -0.0536264 0.998545 0.00569961 -0.340514 0.00388691 -0.00549904 0.999977 0.117705
0.998541 0.0538991 -0.00338121 13.209 -0.0538818 0.998535 0.00500372 -0.368427 0.00364595 -0.00481423 0.999982 0.124158
0.998544 0.0538645 -0.00306261 13.6641 -0.0538466 0.998533 0.00566402 -0.389812 0.00336321 -0.00549085 0.999979 0.146398
0.998531 0.0540406 -0.00383382 14.1163 -0.0540129 0.998516 0.00700902 -0.397061 0.0042069 -0.00679165 0.999968 0.138264
0.998545 0.0536895 -0.00496923 14.5826 -0.0536517 0.998532 0.0074426 -0.425717 0.00536153 -0.00716517 0.99996 0.139689
0.998571 0.0532017 -0.00510923 15.0388 -0.0531653 0.998561 0.00699996 -0.458502 0.00547429 -0.00671832 0.999962 0.124825
0.998573 0.0529805 -0.00669906 15.5076 -0.0529508 0.998587 0.00452769 -0.48697 0.00692947 -0.00416651 0.999967 0.147429
0.998558 0.0526321 -0.0105565 15.9746 -0.0525878 0.998606 0.004431 -0.502294 0.010775 -0.00386947 0.999934 0.185981
0.998539 0.0523145 -0.0135012 16.4498 -0.0522265 0.998612 0.00679153 -0.527614 0.0138378 -0.00607648 0.999886 0.197833
0.998547 0.0519546 -0.0142878 16.9317 -0.0518108 0.998604 0.0102568 -0.549137 0.0148008 -0.00950165 0.999845 0.171175
0.998529 0.0516356 -0.0165255 17.4072 -0.051455 0.998613 0.0111772 -0.567964 0.0170797 -0.0103105 0.999801 0.178965
0.998564 0.0507528 -0.017152 17.8858 -0.0505739 0.998663 0.0107129 -0.591698 0.0176728 -0.00983011 0.999795 0.188788
0.998633 0.0501324 -0.0147653 18.3761 -0.0500018 0.998708 0.00908755 -0.613612 0.0152018 -0.00833684 0.99985 0.215749
0.99869 0.0496723 -0.0123102 18.8755 -0.0495737 0.998737 0.00819037 -0.646706 0.0127015 -0.00756938 0.999891 0.233056
0.998771 0.0482913 -0.011117 19.3776 -0.0481896 0.998795 0.00924363 -0.670494 0.01155 -0.00869655 0.999895 0.235021
0.998926 0.0450707 -0.0107838 19.8747 -0.0449654 0.99894 0.00981476 -0.682011 0.0112147 -0.00931931 0.999894 0.230755
0.999137 0.0400489 -0.0110379 20.3771 -0.0399628 0.99917 0.00791966 -0.702215 0.0113459 -0.00747172 0.999908 0.228552
0.999408 0.0326614 -0.010847 20.8817 -0.0325996 0.999451 0.00582873 -0.723972 0.0110315 -0.00547167 0.999924 0.252445
0.999668 0.0236532 -0.0101875 21.384 -0.0236457 0.99972 0.000852308 -0.736001 0.0102048 -0.000611135 0.999948 0.254468
0.999862 0.0129535 -0.010357 21.8889 -0.0129744 0.999914 -0.00195439 -0.731736 0.0103307 0.0020885 0.999944 0.287371
0.999942 0.000653414 -0.0107613 22.4014 -0.000685042 0.999995 -0.00293564 -0.744033 0.0107593 0.00294284 0.999938 0.29113
0.999859 -0.0132576 -0.0102901 22.9217 0.0132178 0.999905 -0.0039256 -0.718601 0.0103412 0.00378903 0.999939 0.295276
0.999536 -0.0287848 -0.0100047 23.4344 0.0287359 0.999575 -0.00499638 -0.698322 0.0101443 0.00470657 0.999937 0.295206
0.998916 -0.0455341 -0.00963171 23.9452 0.0454809 0.998949 -0.00566979 -0.66954 0.00987976 0.00522559 0.999938 0.310397
0.997946 -0.0634462 -0.00888895 24.4609 0.0633896 0.997968 -0.00651572 -0.623674 0.00928428 0.00593887 0.999939 0.314475
0.996595 -0.0820714 -0.00785749 24.9821 0.0820277 0.996614 -0.00573039 -0.579194 0.00830118 0.00506635 0.999953 0.344171
0.994794 -0.101668 -0.00694125 25.5095 0.101635 0.99481 -0.0048751 -0.509175 0.00740086 0.00414425 0.999964 0.333712
0.992427 -0.122742 -0.00478021 26.029 0.12273 0.992436 -0.00273554 -0.426533 0.00507982 0.00212815 0.999985 0.355579
0.989437 -0.144963 -0.00092645 26.5469 0.144964 0.989436 0.00120607 -0.328817 0.000741828 -0.00132763 0.999999 0.354332
0.985551 -0.169361 0.0022893 27.0737 0.169362 0.985554 -2.70383e-05 -0.233832 -0.00225165 0.000414368 0.999997 0.309025
0.980269 -0.197617 0.00442201 27.5923 0.197625 0.980277 -0.00133296 -0.110583 -0.00407138 0.00218056 0.999989 0.361051
0.973555 -0.228407 0.00455175 28.0928 0.228415 0.973563 -0.00143081 0.0243292 -0.00410461 0.00243266 0.999989 0.362666
0.965075 -0.261942 0.00394956 28.5935 0.261948 0.965081 -0.00106119 0.179243 -0.00353368 0.00205871 0.999992 0.368169
0.95467 -0.297656 0.00229501 29.0804 0.297659 0.954672 -0.000901998 0.352556 -0.0019225 0.00154424 0.999997 0.366959
0.942315 -0.334727 -6.44256e-05 29.5547 0.334726 0.942314 -0.00153156 0.553825 0.000573362 0.00142164 0.999999 0.364294
0.928565 -0.371168 -0.000898704 30.0238 0.371167 0.928565 -0.00163706 0.75597 0.00144213 0.00118655 0.999998 0.377222
0.91365 -0.406501 0.000995815 30.504 0.4065 0.91365 0.00122703 0.997798 -0.00140861 -0.000716273 0.999999 0.396887
0.89753 -0.440944 0.00285708 30.9653 0.44094 0.897535 0.00172612 1.254 -0.00332545 -0.000289442 0.999994 0.354188
0.8797 -0.475517 0.00341555 31.4299 0.475514 0.879706 0.00161826 1.51918 -0.00377419 0.000200559 0.999993 0.387325
0.860839 -0.508859 0.00425837 31.8709 0.508858 0.860849 0.00159845 1.80017 -0.0044792 0.000790893 0.99999 0.379076
0.84123 -0.54066 0.00429512 32.3008 0.54066 0.84124 0.00123632 2.10879 -0.00428166 0.00128217 0.99999 0.392521
0.820072 -0.572251 0.00325186 32.7332 0.572252 0.820078 0.000660409 2.43139 -0.0030447 0.0013193 0.999994 0.390656
0.797931 -0.602732 0.00453874 33.1455 0.602732 0.797942 0.00151699 2.76861 -0.00453599 0.00152519 0.999989 0.390216
0.776016 -0.630657 0.00839695 33.5391 0.63065 0.776058 0.00388381 3.11619 -0.00896587 0.00228163 0.999957 0.39013
0.754855 -0.655811 0.0103328 33.9435 0.655802 0.754918 0.00466515 3.47918 -0.0108598 0.00325474 0.999936 0.378554
0.733575 -0.679532 0.0102099 34.3341 0.679495 0.733644 0.00723067 3.86996 -0.0124039 0.00163334 0.999922 0.413292
0.713744 -0.700359 0.00815596 34.6957 0.700288 0.713789 0.0100611 4.25694 -0.012868 -0.00146953 0.999916 0.393093
0.695593 -0.718416 0.00543511 35.0589 0.718328 0.695599 0.0121118 4.65704 -0.012482 -0.00452069 0.999912 0.387618
0.678526 -0.734573 0.00208597 35.4245 0.734472 0.678475 0.0149377 5.08964 -0.0123881 -0.00860356 0.999886 0.367786
0.661676 -0.749787 0.00228178 35.7944 0.749636 0.661598 0.0182742 5.51983 -0.0152114 -0.0103811 0.99983 0.362307
0.644599 -0.764518 0.00223104 36.1391 0.764264 0.644455 0.0240573 5.95725 -0.01983 -0.0138022 0.999708 0.383192
0.627206 -0.778852 0.00144574 36.4765 0.778491 0.626969 0.0293614 6.40666 -0.0237747 -0.0172902 0.999568 0.353983
0.609212 -0.793006 0.00183989 36.8075 0.792456 0.608873 0.0358755 6.87239 -0.0295698 -0.0203978 0.999355 0.346138
0.590763 -0.806828 0.00520069 37.1294 0.806093 0.590478 0.0393789 7.34014 -0.034843 -0.0190714 0.999211 0.295434
0.572323 -0.819987 0.00823851 37.4476 0.819094 0.572121 0.0419865 7.81391 -0.0391418 -0.0172817 0.999084 0.332497
0.553666 -0.832704 0.00759314 37.745 0.831701 0.553408 0.0448736 8.29809 -0.0415685 -0.0185297 0.998964 0.312927
0.534497 -0.845156 0.00492594 38.0406 0.84422 0.534163 0.0443077 8.79074 -0.0400782 -0.0195237 0.999006 0.267683
0.514792 -0.857301 0.00486801 38.3366 0.856352 0.514474 0.044467 9.28945 -0.0406261 -0.0187225 0.998999 0.256359
0.495036 -0.868857 0.00519859 38.6086 0.867955 0.494779 0.0429763 9.79833 -0.0399124 -0.0167627 0.999063 0.217457
0.474814 -0.880044 0.00862532 38.8849 0.879265 0.474771 0.0385354 10.3163 -0.0380079 -0.0107132 0.99922 0.198289
0.454494 -0.890676 0.0114464 39.1428 0.889864 0.454578 0.0387383 10.8442 -0.0397066 -0.0074206 0.999184 0.220601
0.433472 -0.90112 0.00923935 39.3852 0.90032 0.433486 0.0389054 11.3985 -0.0390636 -0.00854604 0.9992 0.221843
0.41175 -0.911292 0.00311765 39.6125 0.910426 0.411503 0.042312 11.9408 -0.0398415 -0.0145835 0.9991 0.161404
0.39046 -0.920602 0.00581275 39.8498 0.919708 0.390346 0.0420304 12.4944 -0.0409622 -0.0110651 0.999099 0.0553447
0.367836 -0.929839 0.0097925 40.0535 0.929011 0.367926 0.0396091 13.0717 -0.040433 -0.00547232 0.999167 0.119432
0.346613 -0.937962 0.00928529 40.2384 0.937294 0.346718 0.0355734 13.6011 -0.0365859 -0.00362716 0.999324 0.148011
0.326623 -0.945154 0.000939513 40.416 0.944766 0.326517 0.0283507 14.1846 -0.0271025 -0.00837237 0.999598 0.114995
0.305596 -0.952154 -0.00375209 40.6094 0.95201 0.305476 0.0190026 14.7865 -0.0169472 -0.00937916 0.999812 0.0309847
0.285194 -0.958467 -0.00210343 40.7771 0.958388 0.285141 0.0136938 15.3433 -0.0125253 -0.00592129 0.999904 0.0220665
0.266721 -0.963774 -0.000575904 40.9191 0.963664 0.266681 0.0152781 15.9482 -0.0145711 -0.00462998 0.999883 0.076909
0.247704 -0.968835 0.00085607 41.0792 0.968618 0.247667 0.0209891 16.5809 -0.0205471 -0.00436988 0.999779 0.0328368
0.227843 -0.97368 0.00587064 41.2226 0.973317 0.227919 0.0266046 17.191 -0.0272424 -0.000347686 0.999629 0.00621914
0.20755 -0.978143 0.0125932 41.337 0.977723 0.207838 0.0293415 17.7944 -0.0313175 0.00622287 0.99949 0.00464349
0.18854 -0.981892 0.0184717 41.4463 0.981451 0.189054 0.031808 18.4045 -0.0347242 0.012132 0.999323 0.0431298
0.170983 -0.985136 0.0164681 41.5461 0.984519 0.171482 0.0362779 19.0356 -0.0385627 0.0100103 0.999206 0.0308473
0.154232 -0.987909 0.0157553 41.6439 0.98722 0.154733 0.0381305 19.6692 -0.0401073 0.00967299 0.999149 -0.0489589
0.139249 -0.990114 0.0168358 41.7258 0.989411 0.139812 0.0389749 20.2865 -0.0409434 0.0112303 0.999098 -0.0704804
0.126534 -0.991781 0.0189596 41.801 0.991127 0.127189 0.0386092 20.9123 -0.0407034 0.013906 0.999075 -0.0705388
0.115891 -0.993085 0.0187248 41.8591 0.992509 0.116516 0.0367333 21.5472 -0.038661 0.0143275 0.99915 -0.0699738
0.106722 -0.994158 0.0161566 41.926 0.993737 0.10719 0.0315802 22.1892 -0.0331275 0.0126851 0.999371 -0.0995363
0.0993886 -0.994959 0.013387 41.9881 0.994614 0.0997338 0.0282176 22.8271 -0.0294105 0.0105104 0.999512 -0.133287
0.0949468 -0.995403 0.0125582 42.045 0.995077 0.0952603 0.0273175 23.4614 -0.0283882 0.00990272 0.999548 -0.166981
0.0924328 -0.995631 0.0131965 42.1042 0.995334 0.0927574 0.0265769 24.1171 -0.0276849 0.0106783 0.99956 -0.175075
0.0913978 -0.995682 0.016267 42.1668 0.995449 0.0917945 0.0255884 24.7779 -0.0269711 0.0138543 0.99954 -0.201181
0.0923006 -0.995574 0.0176935 42.2238 0.995341 0.0927475 0.0263661 25.4359 -0.0278904 0.0151774 0.999496 -0.169348
0.0954475 -0.995306 0.0160088 42.2878 0.995036 0.095852 0.0267537 26.1 -0.0281626 0.0133757 0.999514 -0.188186
0.099572 -0.994975 0.0105351 42.348 0.994668 0.099816 0.0259351 26.7861 -0.0268563 0.00789649 0.999608 -0.195977
0.104522 -0.994487 0.00841816 42.4178 0.994261 0.104685 0.0220465 27.4549 -0.0228062 0.0060655 0.999722 -0.270942
0.110484 -0.993843 0.00827899 42.499 0.993704 0.110617 0.0178116 28.1476 -0.0186178 0.00625896 0.999807 -0.26161
0.117231 -0.993057 0.00972719 42.5911 0.992965 0.117373 0.0156516 28.849 -0.0166847 0.0078239 0.99983 -0.261444
0.123835 -0.992263 0.0088313 42.6764 0.99214 0.123971 0.0170144 29.563 -0.0179776 0.0066549 0.999816 -0.240356
0.130579 -0.99143 0.00400327 42.7496 0.991267 0.13063 0.0180304 30.2651 -0.0183989 0.00161391 0.999829 -0.238441
0.1366 -0.990615 -0.00481442 42.8373 0.990544 0.136524 0.0135873 30.9899 -0.0128025 -0.00662492 0.999896 -0.280701
0.142418 -0.989746 -0.0109204 42.9496 0.98979 0.142342 0.00738973 31.7157 -0.00575952 -0.0118613 0.999913 -0.33416
0.147992 -0.988925 -0.0112011 43.0602 0.988977 0.147925 0.00658449 32.4609 -0.00485464 -0.0120521 0.999916 -0.326911
0.153587 -0.988081 -0.0103287 43.1777 0.988084 0.153464 0.011775 33.2054 -0.0100496 -0.0120141 0.999877 -0.293533
0.158671 -0.987255 -0.0123169 43.2861 0.987185 0.15842 0.0191957 33.9684 -0.0169998 -0.0152049 0.99974 -0.288089
0.163277 -0.986499 -0.012655 43.4108 0.986405 0.162992 0.0209453 34.729 -0.0185999 -0.0159028 0.999701 -0.339591
0.167101 -0.985857 -0.0127535 43.5418 0.985772 0.16682 0.0205881 35.4907 -0.0181694 -0.0160123 0.999707 -0.332627
0.17043 -0.985283 -0.0130998 43.6749 0.985207 0.170146 0.0204183 36.2543 -0.0178889 -0.0163859 0.999706 -0.32245
0.172471 -0.984869 -0.0169119 43.8016 0.984874 0.172132 0.0198218 37.0293 -0.0166108 -0.0200748 0.99966 -0.338212
0.173497 -0.984679 -0.0175125 43.936 0.984739 0.173206 0.0169923 37.8024 -0.0136987 -0.0201933 0.999702 -0.37549
0.175117 -0.98437 -0.0186952 44.0687 0.984491 0.17487 0.0140956 38.5642 -0.010606 -0.0208736 0.999726 -0.355564
0.178011 -0.983782 -0.0220222 44.2066 0.983993 0.177769 0.0125101 39.3605 -0.00839235 -0.0238966 0.999679 -0.344551
0.180712 -0.983158 -0.0272652 44.3483 0.983514 0.180455 0.011635 40.1718 -0.00651886 -0.0289183 0.999561 -0.376418
0.182723 -0.982658 -0.0315611 44.4899 0.983153 0.182476 0.010567 40.9782 -0.00462464 -0.0329602 0.999446 -0.389898
0.185861 -0.981987 -0.0340278 44.6343 0.982575 0.185709 0.00759868 41.7809 -0.00114253 -0.0348472 0.999392 -0.385918
0.189828 -0.981117 -0.03708 44.7873 0.981814 0.189794 0.00447817 42.6131 0.00264394 -0.0372558 0.999302 -0.37301
0.193861 -0.980191 -0.0405331 44.9469 0.981016 0.193908 0.00282087 43.4512 0.00509468 -0.0403104 0.999174 -0.36784
0.197665 -0.979302 -0.0435518 45.1117 0.980253 0.197726 0.00294359 44.3005 0.00572867 -0.0432737 0.999047 -0.369604
0.201721 -0.978401 -0.0451688 45.2801 0.979424 0.201787 0.00315065 45.141 0.00603185 -0.0448749 0.998974 -0.365059
0.2056 -0.977473 -0.0477027 45.4583 0.978617 0.205656 0.0037768 46.0158 0.00611865 -0.0474592 0.998854 -0.336063
0.209596 -0.976299 -0.0539474 45.6404 0.977779 0.209508 0.00734982 46.8913 0.00412678 -0.0542892 0.998517 -0.332074
0.213568 -0.975276 -0.0567934 45.8211 0.976925 0.213355 0.00986267 47.782 0.00249833 -0.0575893 0.998337 -0.376133
0.217509 -0.974516 -0.0548407 46.0116 0.976045 0.21746 0.00693532 48.6628 0.00516707 -0.0550355 0.998471 -0.353454
0.221557 -0.973481 -0.0569887 46.2134 0.975066 0.221916 2.87215e-05 49.551 0.0126188 -0.0555741 0.998375 -0.303224
0.225372 -0.972431 -0.0598748 46.4259 0.974147 0.225904 -0.00218679 50.4734 0.0156525 -0.0578341 0.998203 -0.323037
0.228914 -0.971661 -0.0589331 46.6456 0.973387 0.22915 0.0028002 51.4002 0.0107837 -0.0580057 0.998258 -0.334621
0.233108 -0.971065 -0.0519025 46.8589 0.972444 0.232972 0.00874847 52.3221 0.0035965 -0.0525116 0.998614 -0.302505
0.237137 -0.970278 -0.0482274 47.0879 0.971471 0.237 0.00862221 53.2533 0.00306396 -0.0488962 0.998799 -0.255443
0.239844 -0.969495 -0.0505332 47.3164 0.97078 0.239933 0.00438698 54.208 0.0078714 -0.0501088 0.998713 -0.258573
0.241841 -0.968871 -0.0529285 47.5565 0.970243 0.242132 0.000925893 55.168 0.0119186 -0.0515774 0.998598 -0.269889
0.243853 -0.968409 -0.0521576 47.8067 0.969729 0.244182 6.27283e-05 56.1249 0.0126752 -0.050594 0.998639 -0.2632
0.245848 -0.968026 -0.0498495 48.045 0.969215 0.246212 -0.0011947 57.0899 0.01343 -0.0480211 0.998756 -0.240021
0.247069 -0.967765 -0.0488668 48.2943 0.968856 0.247581 -0.00463285 58.0794 0.016582 -0.0462002 0.998795 -0.21939
0.247978 -0.967511 -0.0492788 48.5475 0.968541 0.248695 -0.00888715 59.0697 0.0208538 -0.0455247 0.998746 -0.187882
0.248359 -0.967317 -0.0511429 48.8012 0.968378 0.24923 -0.0113224 60.0708 0.0236987 -0.0467137 0.998627 -0.173497
0.249108 -0.967083 -0.0519247 49.0575 0.968144 0.250068 -0.012798 61.0758 0.0253614 -0.0470825 0.998569 -0.15603
0.249394 -0.966975 -0.0525484 49.3149 0.968027 0.250439 -0.0142503 62.0968 0.0269399 -0.0473144 0.998517 -0.12924
0.249719 -0.966832 -0.0536297 49.5728 0.967877 0.250893 -0.0163056 63.1325 0.0292201 -0.0478352 0.998428 -0.0878298
0.24962 -0.966882 -0.053185 49.843 0.967796 0.25095 -0.0198774 64.1664 0.0325659 -0.0465104 0.998387 -0.0907745
0.249361 -0.966977 -0.0526714 50.1139 0.967756 0.250824 -0.0231694 65.2082 0.0356155 -0.0451955 0.998343 -0.0127863
0.248985 -0.967105 -0.052103 50.3867 0.967819 0.250475 -0.0242484 66.2696 0.0365012 -0.0443888 0.998347 0.0207127
0.248763 -0.967235 -0.0507305 50.6548 0.967914 0.250174 -0.0235687 67.3307 0.0354879 -0.0432397 0.998434 0.0602127
0.248522 -0.967389 -0.0489415 50.9278 0.968006 0.249853 -0.0231867 68.4111 0.0346588 -0.0416132 0.998532 0.0959519
0.248088 -0.967472 -0.0495079 51.2003 0.968076 0.249482 -0.0242192 69.4905 0.0357827 -0.0419189 0.99848 0.145834
0.24771 -0.967528 -0.0502945 51.4814 0.968079 0.249232 -0.0265603 70.5925 0.0382329 -0.0421098 0.998381 0.173194
0.246723 -0.967696 -0.0518928 51.7551 0.968222 0.24841 -0.0289498 71.7002 0.0409052 -0.0431012 0.998233 0.231941
0.24501 -0.968092 -0.0526212 52.0319 0.968699 0.246676 -0.0278225 72.812 0.039915 -0.0441573 0.998227 0.275651
0.242978 -0.968559 -0.0534357 52.3085 0.969341 0.244515 -0.024304 73.9269 0.0366056 -0.045892 0.998275 0.319137
0.240413 -0.969259 -0.0523227 52.5811 0.970092 0.241781 -0.0215109 75.0624 0.0335002 -0.0455863 0.998399 0.341003
0.237839 -0.969916 -0.0519115 52.8497 0.970787 0.239118 -0.0198951 76.189 0.0317095 -0.0456632 0.998453 0.392067
0.235296 -0.970524 -0.0521422 53.1252 0.971301 0.236726 -0.0231158 77.333 0.0347778 -0.0452068 0.998372 0.412048
0.231777 -0.971407 -0.051458 53.3982 0.971759 0.233622 -0.0332395 78.471 0.0443108 -0.0423006 0.998122 0.446664
0.227963 -0.972197 -0.0535252 53.6705 0.972241 0.230261 -0.0415511 79.6052 0.0527207 -0.0425673 0.997702 0.553653
0.224887 -0.972965 -0.0525843 53.9349 0.972854 0.22723 -0.043828 80.7592 0.0545918 -0.0413005 0.997654 0.601787
0.222369 -0.973728 -0.0490554 54.2023 0.973581 0.224451 -0.041979 81.918 0.0518866 -0.0384245 0.997913 0.686991
0.219958 -0.974437 -0.0457219 54.4618 0.974166 0.221872 -0.0421024 83.0842 0.0511705 -0.03528 0.998067 0.753262
0.217366 -0.974971 -0.0467289 54.7125 0.974748 0.219328 -0.0419766 84.2474 0.0511749 -0.0364246 0.998025 0.829882
0.215046 -0.97545 -0.047462 54.9686 0.975248 0.217053 -0.0421811 85.4151 0.0514474 -0.0372163 0.997982 0.864726
0.212622 -0.975966 -0.0477808 55.2255 0.975816 0.214621 -0.0414976 86.5879 0.050755 -0.037802 0.997995 0.943015
0.210395 -0.97652 -0.0462795 55.4699 0.976311 0.212324 -0.0416509 87.7606 0.0504992 -0.0364201 0.99806 0.991879
0.20795 -0.977053 -0.0460876 55.713 0.976812 0.209891 -0.04223 88.9326 0.0509343 -0.0362372 0.998044 1.07669
0.20561 -0.977481 -0.0474906 55.9574 0.977275 0.207639 -0.0426555 90.1077 0.0515558 -0.037641 0.99796 1.14261
0.203258 -0.977946 -0.0480368 56.2034 0.977802 0.205289 -0.0419579 91.2884 0.050894 -0.0384422 0.997964 1.21012
0.201289 -0.978297 -0.0491721 56.4354 0.978317 0.203285 -0.0396263 92.4721 0.0487622 -0.0401295 0.998004 1.27829
0.199178 -0.978755 -0.0486596 56.6744 0.978849 0.201073 -0.0377396 93.6667 0.0467219 -0.0401135 0.998102 1.32512
0.197089 -0.979219 -0.0478201 56.9115 0.979281 0.198947 -0.0377918 94.8489 0.04652 -0.039381 0.998141 1.37705
0.1946 -0.979726 -0.0476308 57.1357 0.979721 0.196502 -0.0391502 96.0313 0.047716 -0.0390463 0.998097 1.45336
0.192325 -0.980131 -0.0485254 57.3637 0.980086 0.194337 -0.0408047 97.2164 0.0494242 -0.0397113 0.997988 1.52552
0.190105 -0.980521 -0.0493926 57.596 0.980483 0.192185 -0.0414461 98.4178 0.0501312 -0.0405495 0.997919 1.58898
0.187647 -0.980938 -0.0504929 57.8144 0.980953 0.189782 -0.0414102 99.6013 0.0502035 -0.0417606 0.997866 1.65624
0.185311 -0.98137 -0.0507297 58.0384 0.9814 0.187457 -0.0413926 100.81 0.050131 -0.0421157 0.997854 1.71569
0.182935 -0.981794 -0.0511474 58.2513 0.981828 0.185118 -0.0417856 102.003 0.0504931 -0.0425739 0.997817 1.79061
0.181023 -0.982111 -0.0518487 58.4688 0.982125 0.183287 -0.0428427 103.199 0.0515795 -0.0431664 0.997736 1.86384
0.178788 -0.982416 -0.0537974 58.6798 0.982499 0.181173 -0.0432707 104.403 0.0522564 -0.0451196 0.997614 1.92639
0.177438 -0.982525 -0.0562227 58.89 0.982779 0.179899 -0.0422038 105.602 0.0515807 -0.047766 0.997526 1.98206
0.176582 -0.982702 -0.0558123 59.1132 0.983094 0.178874 -0.0391081 106.821 0.0484149 -0.0479629 0.997675 2.04075
0.175563 -0.982948 -0.0546969 59.3129 0.98346 0.177626 -0.0354344 108.027 0.0445458 -0.0475712 0.997874 2.11643
0.174662 -0.98324 -0.0522757 59.5295 0.983668 0.17659 -0.0348298 109.243 0.0434774 -0.0453385 0.998025 2.16606
0.173388 -0.983454 -0.0524953 59.7332 0.983856 0.175364 -0.0357038 110.443 0.0443189 -0.0454572 0.997983 2.24581
0.172248 -0.983579 -0.0538738 59.9421 0.984028 0.174306 -0.0361364 111.661 0.0449335 -0.0467889 0.997894 2.29957
0.17159 -0.983653 -0.0546247 60.159 0.984204 0.173612 -0.034674 112.878 0.0435906 -0.0478121 0.997905 2.35057
0.171016 -0.983799 -0.0537873 60.3602 0.984317 0.172995 -0.0345382 114.093 0.0432835 -0.0470371 0.997955 2.41734
0.170743 -0.983822 -0.0542403 60.5603 0.984316 0.17279 -0.0355828 115.306 0.0443793 -0.0473141 0.997894 2.49056
0.170715 -0.983764 -0.0553556 60.7711 0.98427 0.172857 -0.0365029 116.532 0.0454788 -0.0482533 0.997799 2.53322
0.170801 -0.983694 -0.0563381 60.9773 0.984292 0.172939 -0.0355152 117.755 0.0446791 -0.0493871 0.99778 2.59539
0.171404 -0.983626 -0.0556829 61.1934 0.984332 0.173352 -0.0322296 119.001 0.0413546 -0.0492861 0.997928 2.65125
0.171865 -0.983691 -0.0530496 61.3969 0.984422 0.173522 -0.0283627 120.22 0.0371054 -0.0473486 0.998189 2.7202
0.172388 -0.983695 -0.051257 61.6083 0.984429 0.173867 -0.0258968 121.452 0.0343865 -0.0459945 0.99835 2.77165
0.173326 -0.983551 -0.0508455 61.8226 0.984314 0.174724 -0.0244509 122.682 0.0329326 -0.04581 0.998407 2.83119
0.174321 -0.98335 -0.0513372 62.0413 0.984182 0.175667 -0.0229427 123.923 0.0315789 -0.0465258 0.998418 2.84926
0.175332 -0.983158 -0.0515626 62.256 0.984062 0.17659 -0.0209148 125.157 0.029668 -0.0470738 0.998451 2.89403
0.176424 -0.983016 -0.0505441 62.4684 0.983952 0.17752 -0.0180505 126.404 0.0267165 -0.0465484 0.998559 2.93378
0.177735 -0.982828 -0.0495891 62.6928 0.98377 0.178716 -0.0160643 127.656 0.0246507 -0.0459291 0.998641 2.98333
0.178824 -0.982671 -0.0487766 62.9153 0.983605 0.17973 -0.0148116 128.905 0.0233215 -0.0453282 0.9987 3.02136
0.179827 -0.982473 -0.0490901 63.1453 0.983439 0.180702 -0.0139757 130.161 0.0226014 -0.0457639 0.998697 3.04207
0.180673 -0.982297 -0.0495 63.3678 0.983289 0.181542 -0.0136164 131.413 0.0223616 -0.0462127 0.998681 3.09051
0.181259 -0.982222 -0.0488329 63.5916 0.983209 0.18206 -0.0124392 132.668 0.0211086 -0.0457582 0.998729 3.11612
0.181236 -0.982247 -0.0484157 63.8181 0.983237 0.181977 -0.0113381 133.936 0.0199474 -0.0455493 0.998763 3.14244
0.180476 -0.982429 -0.0475458 64.0535 0.983396 0.181164 -0.0105445 135.205 0.0189728 -0.0448533 0.998813 3.16894
0.179162 -0.982722 -0.0464553 64.2744 0.983667 0.179765 -0.00910434 136.47 0.0172981 -0.0440654 0.998879 3.20272
0.17768 -0.983057 -0.045037 64.5093 0.98395 0.178236 -0.00862955 137.734 0.0165106 -0.0427808 0.998948 3.24167
0.175725 -0.983481 -0.0434326 64.726 0.984306 0.176255 -0.00865773 139.021 0.0161699 -0.0412296 0.999019 3.261
0.174272 -0.983755 -0.0430673 64.9648 0.98457 0.174786 -0.00844314 140.296 0.0158336 -0.0409314 0.999036 3.28876
0.172472 -0.984138 -0.0415336 65.1821 0.984912 0.172909 -0.00714908 141.583 0.0142172 -0.0396739 0.999112 3.30593
0.170773 -0.984475 -0.0405544 65.4017 0.985225 0.171157 -0.00615757 142.871 0.0130031 -0.0389036 0.999158 3.34664
0.169041 -0.984785 -0.0402981 65.6134 0.985532 0.169397 -0.00557647 144.172 0.012318 -0.0387724 0.999172 3.34985
0.16742 -0.985075 -0.0399693 65.8341 0.985818 0.167747 -0.00493215 145.468 0.0115633 -0.0385767 0.999189 3.37261
0.165448 -0.985425 -0.0395445 66.0482 0.986143 0.165798 -0.00573408 146.774 0.0122069 -0.0380478 0.999201 3.39297
0.163246 -0.985801 -0.0393385 66.2686 0.986506 0.163611 -0.00620319 148.083 0.0125513 -0.037795 0.999207 3.41211
0.161161 -0.986169 -0.0386953 66.4761 0.986859 0.16149 -0.0055174 149.397 0.01169 -0.0372977 0.999236 3.42388
0.159134 -0.986581 -0.036522 66.6884 0.987199 0.159416 -0.00494243 150.713 0.0106983 -0.035268 0.999321 3.45102
0.157114 -0.986974 -0.0345953 66.8956 0.987533 0.157353 -0.00428162 152.036 0.00966951 -0.0334913 0.999392 3.48119
0.155343 -0.987374 -0.0310152 67.109 0.987827 0.15552 -0.00335991 153.371 0.00814095 -0.0301157 0.999513 3.49696
0.153504 -0.98773 -0.0287489 67.3116 0.988125 0.153632 -0.00228283 154.708 0.00667157 -0.0280571 0.999584 3.5259
0.151921 -0.988045 -0.0262048 67.5218 0.988388 0.151945 0.00107916 156.051 0.00291544 -0.0260645 0.999656 3.52421
0.150507 -0.988339 -0.0230853 67.7294 0.988609 0.150486 0.00268138 157.409 0.000823886 -0.0232259 0.99973 3.528
0.149319 -0.988545 -0.0219803 67.9369 0.988787 0.149321 0.00156373 158.764 0.00173631 -0.0219673 0.999757 3.55382
0.147541 -0.988827 -0.0212921 68.1336 0.989051 0.147571 0.000171431 160.126 0.00297258 -0.0210842 0.999773 3.53538
0.146056 -0.989078 -0.019788 68.3419 0.989271 0.146094 -0.000454493 161.505 0.00334043 -0.0195093 0.999804 3.5558
0.144596 -0.989345 -0.0169892 68.5479 0.989485 0.144631 -0.000835592 162.875 0.00328385 -0.0166897 0.999855 3.5428
0.143146 -0.989583 -0.0152985 68.7464 0.989698 0.143171 -0.000549988 164.26 0.00273456 -0.0150622 0.999883 3.56673
0.141632 -0.989843 -0.0122781 68.9474 0.989917 0.141646 -0.000224675 165.66 0.00196154 -0.0121225 0.999925 3.561
0.140346 -0.990058 -0.00941067 69.1373 0.990102 0.140349 0.000347673 167.058 0.000976563 -0.00936632 0.999956 3.59207
0.139015 -0.990257 -0.00812063 69.3459 0.990289 0.139 0.0024247 168.468 -0.00127231 -0.00837884 0.999964 3.59912
0.137772 -0.990438 -0.00714339 69.5424 0.990449 0.137727 0.00645855 169.887 -0.00541296 -0.00796497 0.999954 3.5803
0.136842 -0.990583 -0.00436539 69.7387 0.990575 0.136811 0.0066813 171.31 -0.00602115 -0.00523852 0.999968 3.57135
0.136481 -0.990638 -0.00293328 69.9333 0.990634 0.136466 0.00464527 172.734 -0.00420149 -0.00353979 0.999985 3.57679
0.136233 -0.990675 -0.00184821 70.1398 0.990674 0.136228 0.00251307 174.17 -0.00223786 -0.00217333 0.999995 3.58482
0.136249 -0.990674 -0.00101712 70.341 0.99067 0.136245 0.00331445 175.624 -0.00314497 -0.00145922 0.999994 3.58893
0.136363 -0.990659 0.000147821 70.5381 0.990648 0.136363 0.00472162 177.078 -0.00469767 -0.000497418 0.999989 3.58001
0.136787 -0.990599 0.00183027 70.7434 0.990587 0.136795 0.00505533 178.534 -0.00525817 0.00112153 0.999986 3.56472
0.137601 -0.990481 0.00376103 70.9449 0.990477 0.137616 0.0041747 180.001 -0.00465254 0.00315077 0.999984 3.57791
0.1388 -0.990308 0.00486921 71.1562 0.9903 0.138827 0.00573446 181.469 -0.00635487 0.00402603 0.999972 3.58181
0.140255 -0.990081 0.00822616 71.3605 0.99007 0.140323 0.00835421 182.94 -0.00942567 0.00697276 0.999931 3.56378
0.14232 -0.989755 0.0114506 71.5835 0.989756 0.142433 0.00975781 184.406 -0.0112888 0.00994454 0.999887 3.56057
0.143635 -0.989542 0.0132766 71.7859 0.989557 0.143775 0.0102681 185.896 -0.0120696 0.0116631 0.999859 3.55746
0.145271 -0.989289 0.0142532 72.0073 0.989303 0.145436 0.0113135 187.365 -0.0132652 0.0124572 0.999834 3.55447
0.146497 -0.9891 0.0147989 72.218 0.989064 0.146717 0.0150769 188.825 -0.0170838 0.0124284 0.999777 3.5399
0.147769 -0.988906 0.0151137 72.4292 0.988816 0.148033 0.0181354 190.294 -0.0201716 0.0122648 0.999721 3.52779
