1 0 0 0 0 1 0 0 0 0 1 0
1 -2.57946e-05 4.49156e-05 -0.00259913 2.5801e-05 1 -0.000142933 0.000698051 -4.49119e-05 0.000142934 1 0.00102778
1 -9.1422e-06 3.96196e-05 0.000437699 9.14228e-06 1 -2.11508e-06 0.000902853 -3.96196e-05 2.11544e-06 1 0.00237106
1 3.80767e-05 -3.53288e-06 0.00315567 -3.80767e-05 1 -5.96546e-06 -2.90145e-05 3.53265e-06 5.9656e-06 1 3.07319e-05
1 -3.10403e-05 9.15091e-06 -0.00291448 3.10402e-05 1 1.37016e-05 -0.000825567 -9.15134e-06 -1.37013e-05 1 0.00059054
1 9.85004e-06 1.38181e-05 -0.00411726 -9.84959e-06 1 -3.24733e-05 -0.00112733 -1.38184e-05 3.24731e-05 1 -0.00167715
1 1.61901e-05 2.66233e-05 -0.000455674 -1.61875e-05 1 -9.78206e-05 -0.000874826 -2.66249e-05 9.78202e-05 1 0.000834067
1 -1.02857e-05 1.92575e-05 -0.000452375 1.02896e-05 1 -0.000199711 -0.00131512 -1.92554e-05 0.000199711 1 0.000647443
1 1.84386e-05 1.06316e-05 6.02013e-05 -1.84367e-05 1 -0.000176303 0.00036389 -1.06348e-05 0.000176302 1 0.000539449
1 2.62298e-05 3.29399e-05 -0.00254813 -2.62233e-05 1 -0.000195638 -0.000129411 -3.2945e-05 0.000195637 1 0.00150022
1 -2.46332e-05 1.7036e-05 -0.00142161 2.46336e-05 1 -2.07418e-05 -0.00218787 -1.70355e-05 2.07423e-05 1 0.000316317
1 -3.77286e-05 1.09238e-06 -0.0031353 3.77285e-05 1 4.46408e-05 0.000500058 -1.09406e-06 -4.46408e-05 1 -0.00018575
1 -3.17817e-05 -6.92774e-07 -0.00215719 3.17817e-05 1 2.97541e-05 -0.00132053 6.91828e-07 -2.97542e-05 1 0.000398345
1 9.80292e-06 2.25689e-05 0.000398845 -9.80006e-06 1 -0.000126727 3.0263e-05 -2.25702e-05 0.000126727 1 0.00206132
1 -7.91079e-06 3.48504e-05 -0.00540403 7.91506e-06 1 -0.00012243 0.00149026 -3.48494e-05 0.00012243 1 0.000453133
1 6.85801e-05 2.30007e-05 -0.0110601 -6.85763e-05 1 -0.000167324 -0.00174213 -2.30122e-05 0.000167322 1 -0.000652368
1 4.24191e-05 3.11061e-05 -0.00660668 -4.24096e-05 1 -0.000306074 0.002136 -3.11191e-05 0.000306073 1 -0.00197539
1 2.50711e-05 2.13907e-05 -0.00868758 -2.50716e-05 1 2.1942e-05 -0.00128567 -2.13902e-05 -2.19425e-05 1 -0.000256632
1 -2.21311e-05 -7.1726e-07 -0.0204626 2.2131e-05 1 -0.000107729 -0.00182499 7.19644e-07 0.000107729 1 0.000555875
1 -3.42103e-05 -0.000173837 -0.020446 3.41889e-05 1 -0.000123134 -0.00326032 0.000173841 0.000123128 1 0.0020666
1 0.000118058 -0.000674219 0.0189747 -0.000117945 1 0.000166619 -0.00405997 0.000674238 -0.000166539 1 0.00272066
0.999999 0.000162486 -0.00133377 0.012704 -0.000162089 1 0.000297273 -0.00200904 0.00133382 -0.000297057 0.999999 0.0110329
0.999999 0.000140089 -0.00114957 0.0536615 -0.000139816 1 0.000237569 -0.00309023 0.00114961 -0.000237409 0.999999 0.0110318
0.999999 8.96542e-05 -0.00113747 0.102651 -8.92584e-05 1 0.000348058 -0.00245642 0.0011375 -0.000347957 0.999999 0.0164274
0.999999 2.64758e-05 -0.00112754 0.181612 -2.59079e-05 1 0.000503643 -0.00202991 0.00112755 -0.000503614 0.999999 0.0174835
0.999999 4.11569e-05 -0.00132101 0.320388 -4.08134e-05 1 0.000260049 -0.00235061 0.00132103 -0.000259995 0.999999 0.0137511
0.999999 0.000106428 -0.00144599 0.456806 -0.000106532 1 -7.22041e-05 0.00272638 0.00144598 7.23581e-05 0.999999 0.0141749
0.999998 5.27978e-06 -0.00173815 0.642199 -5.53779e-06 1 -0.000148432 -0.00459071 0.00173815 0.000148441 0.999998 0.0204298
0.999998 6.47451e-05 -0.00173371 0.809168 -6.56727e-05 1 -0.000534999 -0.00183275 0.00173368 0.000535112 0.999998 0.0243891
0.999999 -4.50245e-06 -0.00172969 0.982338 2.64051e-06 0.999999 -0.00107645 0.00210733 0.0017297 0.00107645 0.999998 0.0216637
0.999998 8.26797e-05 -0.00188989 1.22519 -8.40294e-05 1 -0.000714093 0.00551845 0.00188983 0.00071425 0.999998 0.0257145
0.999998 0.000153546 -0.00191972 1.50369 -0.0001564 0.999999 -0.0014864 0.00583145 0.00191949 0.0014867 0.999997 0.0237422
0.999998 0.000213174 -0.00198694 1.73736 -0.000214634 1 -0.000734364 -0.00206172 0.00198678 0.000734789 0.999998 0.0281646
0.999998 0.000216197 -0.00199519 2.0576 -0.000218378 0.999999 -0.00109272 0.00489007 0.00199495 0.00109316 0.999997 0.0245263
0.999998 0.000146392 -0.00189967 2.39433 -0.000150148 0.999998 -0.00197732 -0.000157956 0.00189938 0.0019776 0.999996 0.0204859
0.999998 0.000148974 -0.00173702 2.74314 -0.000152862 0.999997 -0.00223879 0.00577073 0.00173668 0.00223906 0.999996 0.0209151
0.999999 -0.000472789 -0.00153939 3.11486 0.000470109 0.999998 -0.0017404 -0.00594458 0.00154021 0.00173968 0.999997 0.0131834
0.999999 -0.000446541 -0.00138246 3.49641 0.000444409 0.999999 -0.00154258 -0.000104616 0.00138314 0.00154197 0.999998 0.014786
0.999999 -0.00063241 -0.00139633 3.90612 0.000629178 0.999997 -0.00231405 -0.00104538 0.00139779 0.00231317 0.999996 0.0145653
0.999999 -0.000774259 -0.00139846 4.32319 0.000772053 0.999998 -0.00157737 -0.00213464 0.00139968 0.00157629 0.999998 0.0107242
0.999999 -0.000822713 -0.00137647 4.74945 0.000820027 0.999998 -0.00195057 -0.00240365 0.00137807 0.00194944 0.999997 0.00942094
0.999998 -0.00100641 -0.00147853 5.19962 0.00100271 0.999996 -0.00250393 -0.00509664 0.00148105 0.00250244 0.999996 0.0207385
0.999998 -0.00103492 -0.00166989 5.66025 0.00103076 0.999996 -0.00248592 -0.000399636 0.00167246 0.00248419 0.999996 0.0215353
0.999998 -0.00125379 -0.00177618 6.1316 0.00125068 0.999998 -0.00175391 0.000744227 0.00177837 0.00175168 0.999997 0.0238968
0.999997 -0.00186306 -0.00186751 6.6708 0.00185867 0.999996 -0.00235066 0.00701354 0.00187188 0.00234718 0.999995 0.0184457
0.999994 -0.00321614 -0.0015962 7.16692 0.00321149 0.999991 -0.00290707 0.00464404 0.00160554 0.00290192 0.999995 0.0300325
0.999987 -0.00472948 -0.00193606 7.67247 0.0047245 0.999986 -0.00256691 -0.000614853 0.00194817 0.00255773 0.999995 0.0309444
0.999981 -0.00567564 -0.0025457 8.19854 0.00566962 0.999981 -0.00236628 0.0107194 0.00255908 0.00235181 0.999994 0.033107
0.999974 -0.00648825 -0.00315922 8.75204 0.00648096 0.999976 -0.00231196 0.0179974 0.00317415 0.00229143 0.999992 0.0404981
0.999972 -0.0065821 -0.00343127 9.28738 0.00657746 0.999977 -0.0013613 0.0132282 0.00344016 0.0013387 0.999993 0.0442759
0.999974 -0.00628353 -0.00349487 9.8861 0.00627844 0.999979 -0.00146593 0.0328012 0.00350401 0.00144395 0.999993 0.044753
0.999973 -0.0063464 -0.00371885 10.4708 0.00634442 0.99998 -0.000544606 0.0367326 0.00372223 0.000520997 0.999993 0.0477311
0.999974 -0.00647912 -0.00325347 11.085 0.00647829 0.999979 -0.000263979 0.0352431 0.00325511 0.000242895 0.999995 0.0456668
0.999976 -0.00641627 -0.00277084 11.6809 0.00641253 0.999979 -0.0013586 0.0359441 0.0027795 0.0013408 0.999995 0.0500392
0.999976 -0.00636787 -0.0025575 12.3276 0.00636304 0.999978 -0.00188861 0.0483518 0.00256947 0.00187229 0.999995 0.0615006
0.999976 -0.00651553 -0.00232322 12.9638 0.0065117 0.999977 -0.0016486 0.0489103 0.00233391 0.00163343 0.999996 0.0596272
0.999978 -0.00639033 -0.00179519 13.6279 0.00638746 0.999978 -0.00159482 0.0560793 0.00180534 0.00158332 0.999997 0.0522647
0.999978 -0.00638 -0.00169494 14.2942 0.00637761 0.999979 -0.00140816 0.058095 0.00170389 0.00139732 0.999998 0.0579214
0.999973 -0.00692787 -0.00242654 14.9551 0.00692396 0.999975 -0.00161512 0.0619335 0.00243767 0.00159827 0.999996 0.0719778
0.999972 -0.00694371 -0.00286044 15.6485 0.0069388 0.999974 -0.00172439 0.067794 0.00287234 0.00170449 0.999994 0.0693391
0.999969 -0.00696447 -0.00374064 16.3525 0.00695146 0.99997 -0.00347832 0.0813469 0.00376475 0.00345221 0.999987 0.0793377
0.999959 -0.00739594 -0.00525717 17.0565 0.00737892 0.999967 -0.00324959 0.0875821 0.00528103 0.00321066 0.999981 0.0899731
0.999959 -0.00718671 -0.00551011 17.7545 0.00717948 0.999973 -0.00133143 0.0877618 0.00551953 0.00129181 0.999984 0.0979158
0.999968 -0.00740839 -0.00317301 18.4957 0.00740234 0.999971 -0.00191522 0.0947253 0.0031871 0.00189167 0.999993 0.0856698
0.999965 -0.00801529 -0.00244031 19.2331 0.00800926 0.999965 -0.00246944 0.101442 0.00246002 0.00244981 0.999994 0.0942969
0.999963 -0.00826305 -0.00222356 19.9794 0.00825571 0.999961 -0.00328991 0.104673 0.00225065 0.00327144 0.999992 0.0966322
0.999957 -0.00839279 -0.00402824 20.7225 0.00837978 0.99996 -0.0032365 0.110271 0.00405524 0.0032026 0.999987 0.122044
0.99995 -0.00860288 -0.00516889 21.4736 0.00858875 0.999959 -0.00274967 0.121398 0.00519233 0.00270514 0.999983 0.127574
0.99995 -0.0087668 -0.00490348 22.2379 0.00875972 0.999961 -0.00146328 0.127191 0.00491612 0.00142025 0.999987 0.12349
0.999953 -0.00888811 -0.00386326 23.0031 0.00888339 0.99996 -0.00123693 0.133872 0.0038741 0.00120256 0.999992 0.132167
0.999957 -0.00926293 -0.000303324 23.766 0.00926238 0.999956 -0.00175111 0.144928 0.000319531 0.00174823 0.999998 0.136032
0.999956 -0.00935223 0.00108189 24.513 0.00935497 0.999953 -0.00256101 0.147992 -0.00105788 0.00257101 0.999996 0.147233
0.999953 -0.00963296 0.00144993 25.2737 0.00963677 0.99995 -0.00264579 0.15979 -0.00142438 0.00265963 0.999995 0.153739
0.999951 -0.00982472 0.00151001 26.0293 0.00982507 0.999952 -0.000224697 0.164613 -0.00150773 0.000239522 0.999999 0.164033
0.999946 -0.0100693 0.00253393 26.784 0.0100675 0.999949 0.000713909 0.178693 -0.00254099 -0.00068836 0.999997 0.156615
0.999945 -0.0100972 0.00266752 27.5241 0.0100965 0.999949 0.000274348 0.18494 -0.00267016 -0.000247401 0.999996 0.166051
0.999947 -0.0102486 0.00118822 28.2709 0.0102504 0.999946 -0.00149358 0.19711 -0.00117285 0.00150568 0.999998 0.178062
0.999946 -0.0101477 -0.00206331 29.0115 0.0101467 0.999948 -0.000481469 0.199032 0.00206809 0.000460507 0.999998 0.190247
0.999935 -0.0104535 -0.00455657 29.7483 0.0104598 0.999944 0.00136998 0.214395 0.004542 -0.00141756 0.999989 0.204626
0.999932 -0.0106861 -0.00471188 30.4904 0.010698 0.99994 0.00250553 0.210834 0.00468482 -0.00255577 0.999986 0.201337
0.999932 -0.0111566 -0.00351654 31.2091 0.0111665 0.999934 0.00280409 0.230494 0.00348502 -0.00284317 0.99999 0.214341
0.999934 -0.0113295 -0.0017594 31.9514 0.0113347 0.999931 0.00294231 0.238573 0.00172594 -0.00296205 0.999994 0.224241
0.999935 -0.0113459 -0.000723311 32.662 0.0113477 0.999932 0.00250576 0.249409 0.000694832 -0.00251381 0.999997 0.231011
0.999933 -0.0115141 -0.00136838 33.3715 0.0115186 0.999928 0.00330956 0.266697 0.00133017 -0.0033251 0.999994 0.246239
0.999929 -0.0116779 -0.002469 34.071 0.0116903 0.999919 0.00508864 0.269022 0.00240937 -0.00511714 0.999984 0.254427
0.999929 -0.0117273 -0.00211686 34.7776 0.0117397 0.999913 0.0059525 0.277284 0.00204687 -0.00597693 0.99998 0.263672
0.99993 -0.0118344 0.000361571 35.4922 0.011832 0.999912 0.00601797 0.28992 -0.000432758 -0.00601327 0.999982 0.263197
0.999926 -0.0118999 0.0026926 36.1734 0.0118858 0.999916 0.00517071 0.297606 -0.00275391 -0.00513832 0.999983 0.27727
0.999922 -0.0120574 0.0031123 36.8528 0.0120427 0.999916 0.00472511 0.311348 -0.00316902 -0.00468726 0.999984 0.281086
0.999923 -0.0121309 0.00271195 37.556 0.0121132 0.999906 0.00644759 0.31673 -0.00278991 -0.00641424 0.999976 0.289477
0.999922 -0.0123474 0.0018142 38.2524 0.0123347 0.9999 0.00684628 0.330918 -0.00189855 -0.00682337 0.999975 0.305659
0.999919 -0.0125282 0.00243215 38.9043 0.012508 0.999889 0.00815463 0.335393 -0.00253404 -0.00812354 0.999964 0.304348
0.999914 -0.0127787 0.00303704 39.5737 0.0127559 0.999891 0.0074191 0.354349 -0.00313152 -0.00737972 0.999968 0.300387
0.999913 -0.0128861 0.00290424 40.2673 0.0128638 0.999889 0.0075762 0.364996 -0.00300155 -0.00753818 0.999967 0.305406
0.999915 -0.0129088 0.00205693 40.922 0.0128921 0.999886 0.00790394 0.370274 -0.00215873 -0.00787675 0.999967 0.319643
0.999913 -0.0130894 0.00135188 41.5836 0.0130785 0.999884 0.00780006 0.388466 -0.00145383 -0.00778171 0.999969 0.324237
0.999913 -0.0131934 0.000873102 42.2476 0.0131864 0.999885 0.00753643 0.392268 -0.000972432 -0.00752426 0.999971 0.328395
0.999914 -0.013138 0.000395337 42.8899 0.0131347 0.999886 0.00749014 0.400578 -0.000493697 -0.0074843 0.999972 0.335981
0.99992 -0.012661 0.000123745 43.542 0.0126597 0.99989 0.00776846 0.405617 -0.000222088 -0.00776627 0.99997 0.342452
0.999927 -0.0120948 0.000383822 44.2011 0.0120917 0.9999 0.00729805 0.417756 -0.000472052 -0.00729288 0.999973 0.340518
0.999931 -0.0117413 0.000101562 44.8224 0.0117403 0.999908 0.00675744 0.427318 -0.000180894 -0.00675578 0.999977 0.351508
0.999937 -0.0112626 -0.000366103 45.4725 0.0112647 0.999916 0.00634235 0.425769 0.000294641 -0.00634607 0.99998 0.3581
0.999943 -0.0105362 -0.00149281 46.0934 0.0105445 0.999929 0.00563618 0.432557 0.00143332 -0.00565161 0.999983 0.365531
0.999943 -0.0102729 -0.0027723 46.7326 0.0102852 0.999937 0.00446814 0.44047 0.00272623 -0.0044964 0.999986 0.380759
0.999945 -0.0099918 -0.00308968 47.3412 0.0100071 0.999937 0.00498969 0.449887 0.00303963 -0.00502034 0.999983 0.392431
0.999951 -0.00956831 -0.00248933 47.9825 0.00958226 0.999938 0.00565339 0.45845 0.00243508 -0.00567697 0.999981 0.397273
0.999955 -0.00935843 -0.00144599 48.5929 0.00936624 0.999941 0.00549098 0.466458 0.00139452 -0.00550428 0.999984 0.387932
0.999957 -0.00920403 -0.00116333 49.2033 0.00921126 0.999937 0.00636867 0.473787 0.00110464 -0.00637911 0.999979 0.393587
0.999961 -0.00879633 -0.000792565 49.8214 0.00880129 0.99994 0.00649468 0.482107 0.000735388 -0.00650141 0.999979 0.398976
0.999965 -0.00832409 -0.000251735 50.4158 0.0083255 0.999946 0.00626523 0.492414 0.00019957 -0.0062671 0.99998 0.408113
0.999968 -0.00803386 0.000157984 51.0211 0.00803249 0.999941 0.00729233 0.503773 -0.00021656 -0.00729083 0.999973 0.417877
0.999973 -0.00722651 0.00164045 51.6208 0.00721267 0.99994 0.00829503 0.507565 -0.0017003 -0.00828297 0.999964 0.433931
0.999968 -0.00701302 0.00378151 52.2416 0.00698368 0.999946 0.00771801 0.516901 -0.00383543 -0.00769136 0.999963 0.42838
0.999968 -0.0066957 0.00447432 52.808 0.00665882 0.999944 0.00820736 0.516542 -0.00452903 -0.0081773 0.999956 0.434371
0.999974 -0.00638095 0.00331674 53.3938 0.00634974 0.999936 0.00933532 0.523648 -0.00337609 -0.00931402 0.999951 0.450207
0.999977 -0.00609534 0.00287015 53.9715 0.00606902 0.99994 0.00909084 0.530427 -0.00292539 -0.00907322 0.999955 0.443461
0.999981 -0.00601199 0.00167659 54.5439 0.00599649 0.999941 0.00909923 0.53669 -0.0017312 -0.009089 0.999957 0.452513
0.999985 -0.00545135 0.000448749 55.1128 0.00544685 0.99994 0.00947961 0.53076 -0.000500399 -0.00947703 0.999955 0.46766
0.999988 -0.00495016 0.000427961 55.67 0.00494568 0.999939 0.00991959 0.536651 -0.000477038 -0.00991735 0.999951 0.473786
0.999986 -0.00483988 0.00206122 56.2347 0.00481903 0.999938 0.0100052 0.540199 -0.00210951 -0.00999508 0.999948 0.483593
0.999975 -0.00528391 0.00467088 56.7811 0.0052408 0.999944 0.00919464 0.549363 -0.0047192 -0.00916993 0.999947 0.474567
0.999957 -0.00592809 0.00707324 57.314 0.00585925 0.999936 0.00971315 0.551735 -0.00713036 -0.0096713 0.999928 0.475093
0.999942 -0.00651413 0.00851952 57.8455 0.00643073 0.999931 0.00978059 0.553048 -0.00858265 -0.00972524 0.999916 0.476296
0.999935 -0.00721739 0.00878521 58.3744 0.00713232 0.999928 0.00967662 0.562907 -0.00885442 -0.00961334 0.999915 0.476653
0.999937 -0.00804552 0.00787515 58.8777 0.0079732 0.999926 0.00917248 0.57268 -0.00794836 -0.00910911 0.999927 0.490837
0.999953 -0.0083674 0.00494632 59.3728 0.00831198 0.999904 0.0111198 0.576429 -0.00503889 -0.0110781 0.999926 0.500594
0.999959 -0.00904908 0.00072208 59.8769 0.00903936 0.999881 0.0124951 0.580096 -0.000835064 -0.0124881 0.999922 0.487926
0.999952 -0.00960797 -0.00187077 60.3441 0.00962973 0.999882 0.0119949 0.584093 0.0017553 -0.0120123 0.999926 0.505123
0.999948 -0.00980247 -0.00267799 60.8159 0.00982861 0.999902 0.00992919 0.582652 0.0025804 -0.009955 0.999947 0.514896
0.999948 -0.00952674 -0.00352686 61.2724 0.00955027 0.999932 0.00671598 0.590591 0.00346264 -0.00674931 0.999971 0.519108
0.999952 -0.00894643 -0.00391565 61.7206 0.00897341 0.999936 0.0069256 0.591286 0.00385344 -0.00696041 0.999968 0.537943
0.999964 -0.00819935 -0.00237826 62.1717 0.00821856 0.999933 0.00818029 0.594475 0.00231103 -0.00819954 0.999964 0.529561
0.999967 -0.00812899 0.000312691 62.6 0.0081253 0.999913 0.0103807 0.59704 -0.000397048 -0.0103778 0.999946 0.527967
0.999964 -0.00814622 0.00227692 63.0189 0.00812442 0.999923 0.00942736 0.605514 -0.00235354 -0.00940852 0.999953 0.518859
0.999962 -0.00789565 0.00356454 63.423 0.00786485 0.999932 0.00857227 0.604372 -0.00363199 -0.00854391 0.999957 0.535571
0.999958 -0.00768815 0.00495664 63.8147 0.0076534 0.999946 0.00699222 0.601578 -0.00501013 -0.00695399 0.999963 0.544946
0.999949 -0.00781555 0.00633275 64.188 0.00777749 0.999952 0.00601374 0.610598 -0.00637944 -0.00596418 0.999962 0.553344
0.999951 -0.0074323 0.00659799 64.5418 0.00738991 0.999952 0.00642568 0.614321 -0.00664543 -0.0063766 0.999958 0.56285
0.999958 -0.00713126 0.00576434 64.8866 0.00709089 0.99995 0.00699328 0.610455 -0.00581392 -0.00695211 0.999959 0.557986
0.999966 -0.00705938 0.00424834 65.222 0.00702532 0.999943 0.0079793 0.616523 -0.00430443 -0.00794918 0.999959 0.567333
0.999971 -0.00692172 0.00330897 65.5497 0.00689435 0.999943 0.00821098 0.622295 -0.00336561 -0.00818793 0.999961 0.568506
0.999971 -0.00673072 0.00356861 65.8521 0.00669989 0.999941 0.00858048 0.623887 -0.00362615 -0.00855632 0.999957 0.578936
0.999968 -0.00648031 0.00476884 66.1389 0.0064386 0.999941 0.0087108 0.621631 -0.00482501 -0.00867982 0.999951 0.574098
0.999962 -0.00646286 0.00587236 66.4119 0.00641115 0.999941 0.00878228 0.628208 -0.00592877 -0.0087443 0.999944 0.57164
0.999952 -0.00634951 0.00748484 66.6631 0.00628188 0.99994 0.00902379 0.635314 -0.00754168 -0.00897634 0.999931 0.575111
0.999944 -0.00618641 0.00861132 66.9006 0.00610634 0.999938 0.00929292 0.639633 -0.00866828 -0.00923982 0.99992 0.58035
0.999939 -0.00601205 0.00931754 67.1137 0.00592381 0.999938 0.00946877 0.637843 -0.00937389 -0.00941299 0.999912 0.583246
0.999933 -0.00592733 0.00991574 67.3073 0.00582838 0.999933 0.00997765 0.638518 -0.00997422 -0.0099192 0.999901 0.5873
0.999928 -0.00591457 0.0104479 67.4889 0.00580457 0.999928 0.0105273 0.641595 -0.0105094 -0.0104659 0.99989 0.582639
0.999932 -0.00593073 0.0100449 67.6424 0.00582898 0.999932 0.0101281 0.639912 -0.0101043 -0.0100689 0.999898 0.589365
0.999933 -0.00591854 0.00997072 67.7925 0.00582293 0.999937 0.00959114 0.645377 -0.0100269 -0.00953244 0.999904 0.590121
0.999937 -0.00580281 0.00961961 67.9236 0.00571794 0.999945 0.00882684 0.644309 -0.0096703 -0.00877128 0.999915 0.592897
0.99994 -0.00578094 0.00929927 68.0447 0.00570102 0.999947 0.00859783 0.644583 -0.00934848 -0.0085443 0.99992 0.596835
0.999947 -0.0056161 0.00858696 68.1472 0.00554282 0.999948 0.00853442 0.64087 -0.00863445 -0.00848637 0.999927 0.595026
0.999955 -0.0054439 0.00780601 68.2472 0.00537711 0.999949 0.00855073 0.638117 -0.00785217 -0.00850837 0.999933 0.595766
0.999962 -0.0053655 0.00692313 68.3373 0.00530882 0.999952 0.00818052 0.641536 -0.00696669 -0.00814345 0.999943 0.591788
0.999966 -0.00542753 0.00618585 68.4147 0.00537555 0.99995 0.00839048 0.646141 -0.00623108 -0.00835695 0.999946 0.597961
0.999969 -0.00527537 0.00579729 68.4852 0.0052255 0.999949 0.00858547 0.645627 -0.00584229 -0.00855491 0.999946 0.598322
0.99997 -0.00520345 0.00576953 68.5411 0.00515297 0.999949 0.00873014 0.642281 -0.00581466 -0.00870015 0.999945 0.595834
0.999972 -0.00516994 0.00549207 68.5865 0.0051216 0.999948 0.00878041 0.644338 -0.00553718 -0.00875203 0.999946 0.59219
0.999974 -0.00512742 0.00502224 68.6168 0.0050824 0.999947 0.0089371 0.643272 -0.0050678 -0.00891134 0.999947 0.596353
0.999975 -0.0051511 0.00486227 68.6407 0.0051081 0.999948 0.00881416 0.644022 -0.00490742 -0.0087891 0.999949 0.594384
0.999974 -0.00517675 0.00494587 68.6592 0.00513228 0.999947 0.00896309 0.649392 -0.00499201 -0.00893748 0.999948 0.59285
0.999975 -0.00518467 0.00484144 68.6581 0.00514089 0.999946 0.00901265 0.644885 -0.0048879 -0.00898753 0.999948 0.588818
0.999976 -0.00522169 0.00459489 68.656 0.00518048 0.999947 0.00893659 0.648172 -0.00464131 -0.00891257 0.99995 0.593947
0.999981 -0.00513908 0.00339628 68.6438 0.0051084 0.999947 0.00898138 0.647494 -0.00344225 -0.00896386 0.999954 0.598355
0.999984 -0.00521641 0.00229356 68.6489 0.00519506 0.999944 0.00921814 0.650761 -0.00234152 -0.00920607 0.999955 0.598323
0.999984 -0.00515086 0.00235124 68.6484 0.00512871 0.999943 0.00933291 0.648125 -0.00239918 -0.0093207 0.999954 0.591583
0.999984 -0.00525128 0.00223287 68.6512 0.00523061 0.999944 0.00916633 0.653448 -0.00228088 -0.0091545 0.999955 0.595321
0.999984 -0.00510103 0.0022915 68.6424 0.0050802 0.999947 0.00900935 0.648944 -0.00233733 -0.00899757 0.999957 0.592551
0.999984 -0.0052342 0.00219958 68.643 0.00521428 0.999946 0.00896572 0.651659 -0.00224639 -0.00895411 0.999957 0.596891
0.999984 -0.0052331 0.00215651 68.6472 0.0052134 0.999946 0.00904314 0.651293 -0.00220372 -0.00903175 0.999957 0.59408
0.999984 -0.00523954 0.0021187 68.6489 0.00521969 0.999943 0.00926438 0.650108 -0.00216712 -0.00925317 0.999955 0.592642
0.999984 -0.00521944 0.00207124 68.6476 0.00520017 0.999944 0.00919857 0.65024 -0.00211914 -0.00918765 0.999956 0.594944
0.999984 -0.00533386 0.00194533 68.6481 0.00531591 0.999944 0.00912173 0.65427 -0.00199388 -0.00911124 0.999957 0.594073
0.999984 -0.00529054 0.00206704 68.6451 0.00527149 0.999945 0.00911443 0.655155 -0.00211515 -0.00910339 0.999956 0.591353
0.999984 -0.00528903 0.00211681 68.6455 0.00526945 0.999944 0.00915134 0.652769 -0.00216509 -0.00914004 0.999956 0.592987
0.999984 -0.00521746 0.00200062 68.6455 0.00519882 0.999944 0.0092113 0.648881 -0.00204857 -0.00920076 0.999956 0.596801
0.999984 -0.00522082 0.00212794 68.641 0.00520091 0.999944 0.0092581 0.64922 -0.00217616 -0.00924689 0.999955 0.595748
0.999984 -0.00526004 0.00199965 68.6465 0.00524132 0.999943 0.00925343 0.654989 -0.00204821 -0.0092428 0.999955 0.595113
0.999984 -0.00525298 0.00196606 68.645 0.00523466 0.999944 0.00921371 0.651403 -0.00201435 -0.00920327 0.999956 0.595175
0.999984 -0.00535587 0.00196577 68.6467 0.00533743 0.999943 0.00926593 0.651908 -0.00201529 -0.00925529 0.999955 0.597637
0.999984 -0.00534789 0.00201442 68.6444 0.0053292 0.999944 0.00917267 0.655409 -0.00206336 -0.00916179 0.999956 0.597082
0.999984 -0.00524646 0.0019833 68.6466 0.00522797 0.999944 0.00921312 0.652432 -0.00203153 -0.00920261 0.999956 0.596119
0.999984 -0.00530276 0.00193125 68.6464 0.00528469 0.999943 0.00924404 0.652923 -0.00198016 -0.00923369 0.999955 0.596101
0.999984 -0.00522202 0.00197392 68.6422 0.00520337 0.999943 0.00933769 0.6507 -0.00202257 -0.00932727 0.999954 0.595732
0.999984 -0.00527065 0.00198837 68.6438 0.00525243 0.999945 0.00905984 0.653548 -0.00203601 -0.00904926 0.999957 0.593069
0.999984 -0.005283 0.00187955 68.6447 0.00526517 0.999942 0.00936727 0.652206 -0.00192893 -0.00935723 0.999954 0.598984
0.999985 -0.00521335 0.00183014 68.6426 0.0051961 0.999943 0.00930213 0.65125 -0.00187854 -0.00929248 0.999955 0.598349
0.999984 -0.00526213 0.00189317 68.643 0.00524415 0.999942 0.0093811 0.653342 -0.00194242 -0.00937103 0.999954 0.596104
0.999984 -0.00530222 0.00185737 68.6455 0.00528463 0.999942 0.00934595 0.653959 -0.00190682 -0.00933599 0.999955 0.599931
0.999985 -0.00521914 0.00176787 68.6427 0.00520241 0.999943 0.00933843 0.650931 -0.00181651 -0.00932909 0.999955 0.597952
0.999985 -0.00523347 0.00182777 68.6446 0.00521599 0.999942 0.00943887 0.650226 -0.00187706 -0.00942919 0.999954 0.597647
0.999985 -0.00525547 0.00182057 68.6434 0.00523816 0.999942 0.009383 0.653447 -0.00186978 -0.00937332 0.999954 0.598684
0.999984 -0.00526214 0.00187935 68.6403 0.00524402 0.999941 0.0095201 0.651945 -0.00192934 -0.00951009 0.999953 0.600171
0.999984 -0.00525835 0.00188394 68.6427 0.00524046 0.999942 0.00938043 0.653527 -0.00193316 -0.00937041 0.999954 0.596662
0.999985 -0.00525663 0.00176228 68.6449 0.00523971 0.999941 0.00946827 0.650737 -0.00181195 -0.00945889 0.999954 0.598236
0.999984 -0.00529944 0.00180717 68.6418 0.00528222 0.999942 0.00940338 0.654887 -0.0018569 -0.00939368 0.999954 0.601506
0.999985 -0.00521169 0.00177053 68.6416 0.00519495 0.999943 0.00933182 0.652646 -0.00181907 -0.00932248 0.999955 0.59993
0.999985 -0.00526658 0.00176211 68.6436 0.00524958 0.999941 0.00951815 0.651551 -0.00181214 -0.00950875 0.999953 0.602112
0.999985 -0.00522151 0.00187862 68.6407 0.00520358 0.999942 0.00942813 0.649988 -0.00192774 -0.00941821 0.999954 0.597631
0.999985 -0.00523586 0.00185549 68.641 0.00521802 0.999941 0.00949175 0.647955 -0.00190507 -0.00948192 0.999953 0.59956
0.999984 -0.00529188 0.00173497 68.6424 0.00527519 0.999941 0.00948293 0.655125 -0.00178505 -0.00947363 0.999954 0.600559
0.999985 -0.00525462 0.001804 68.6455 0.00523733 0.999942 0.00945685 0.650159 -0.00185359 -0.00944725 0.999954 0.597438
0.999984 -0.00528448 0.00177598 68.6413 0.00526733 0.999941 0.00952527 0.653049 -0.00182621 -0.00951576 0.999953 0.598116
0.999985 -0.00530457 0.00168219 68.6411 0.00528832 0.999941 0.0095198 0.65774 -0.00173259 -0.00951075 0.999953 0.600703
0.999984 -0.00531337 0.00173878 68.6417 0.00529674 0.999941 0.00943206 0.65663 -0.00178879 -0.00942271 0.999954 0.600955
0.999985 -0.00518852 0.00170346 68.6419 0.00517209 0.999941 0.00951514 0.649942 -0.00175273 -0.00950619 0.999953 0.599679
0.999985 -0.00527075 0.00171547 68.6418 0.00525409 0.99994 0.00957385 0.651473 -0.00176583 -0.00956469 0.999953 0.600039
0.999985 -0.00529507 0.00162384 68.6452 0.0052794 0.999941 0.00950714 0.653482 -0.00167408 -0.00949842 0.999953 0.60156
0.999985 -0.00530584 0.00156531 68.6478 0.00529071 0.999941 0.00952061 0.654961 -0.00161573 -0.00951218 0.999953 0.600824
0.999985 -0.00523871 0.00166121 68.6362 0.00522249 0.99994 0.00962296 0.652265 -0.00171152 -0.00961414 0.999952 0.601848
0.999985 -0.00529378 0.00165443 68.6393 0.00527753 0.999939 0.00967441 0.651663 -0.00170555 -0.00966553 0.999952 0.60021
0.999985 -0.00518295 0.00159454 68.6423 0.00516736 0.99994 0.00962878 0.649025 -0.00164435 -0.0096204 0.999952 0.602319
0.999985 -0.00524523 0.0017586 68.6387 0.00522804 0.99994 0.00964018 0.652473 -0.00180906 -0.00963084 0.999952 0.601007
0.999985 -0.00533117 0.00159933 68.639 0.00531563 0.99994 0.00956637 0.655941 -0.00165023 -0.00955772 0.999953 0.602247
0.999985 -0.00525947 0.00160838 68.6419 0.00524379 0.99994 0.0096068 0.655122 -0.00165881 -0.00959822 0.999953 0.601757
0.999985 -0.00519753 0.00167594 68.6399 0.00518101 0.999939 0.00971456 0.652142 -0.00172634 -0.00970574 0.999951 0.600846
0.999985 -0.00524202 0.00164956 68.6391 0.00522594 0.99994 0.00960222 0.653155 -0.0016998 -0.00959346 0.999953 0.602571
0.999985 -0.00520239 0.00180111 68.6402 0.00518489 0.999941 0.00958892 0.651065 -0.00185089 -0.00957944 0.999952 0.60204
0.999985 -0.00515466 0.00169655 68.6384 0.00513799 0.99994 0.00968781 0.650599 -0.00174639 -0.00967895 0.999952 0.599966
0.999985 -0.00521881 0.0016911 68.6422 0.0052022 0.99994 0.00967913 0.651473 -0.00174152 -0.00967019 0.999952 0.602845
0.999985 -0.00523909 0.00178399 68.6398 0.0052217 0.99994 0.00961906 0.652813 -0.00183428 -0.0096096 0.999952 0.598087
0.999985 -0.00523841 0.00177767 68.6406 0.00522099 0.99994 0.00966801 0.652448 -0.00182821 -0.00965858 0.999952 0.598394
0.999985 -0.00523977 0.00175193 68.6395 0.00522265 0.99994 0.00963991 0.654791 -0.00180234 -0.00963061 0.999952 0.600102
0.999985 -0.00521005 0.00162138 68.6408 0.00519418 0.99994 0.00964359 0.651676 -0.00167153 -0.00963502 0.999952 0.600948
0.999985 -0.00530675 0.00156349 68.6392 0.00529142 0.999939 0.00964739 0.654382 -0.00161459 -0.00963897 0.999952 0.605081
0.999985 -0.00524506 0.00175421 68.6382 0.00522786 0.99994 0.00967046 0.64969 -0.00180483 -0.00966114 0.999952 0.599625
0.999985 -0.00518278 0.00166004 68.6408 0.00516618 0.999938 0.00985005 0.647959 -0.00171099 -0.00984133 0.99995 0.600474
0.999985 -0.00522846 0.0016572 68.6402 0.005212 0.999939 0.00978835 0.653759 -0.00170828 -0.00977957 0.999951 0.600865
0.999985 -0.0052682 0.00163397 68.6433 0.00525186 0.999938 0.00984904 0.651265 -0.00168575 -0.00984031 0.99995 0.603963
0.999985 -0.00526541 0.00159542 68.6412 0.00524969 0.999939 0.00970514 0.649379 -0.00164643 -0.00969662 0.999952 0.60091
0.999985 -0.00516419 0.00170413 68.6369 0.00514742 0.99994 0.00970064 0.649732 -0.00175413 -0.00969172 0.999951 0.600898
0.999985 -0.0052374 0.00155296 68.6446 0.00522204 0.999939 0.00973485 0.652884 -0.00160385 -0.0097266 0.999951 0.602145
0.999985 -0.00522657 0.00150609 68.6399 0.00521159 0.999939 0.00978121 0.652704 -0.00155712 -0.00977322 0.999951 0.60459
0.999985 -0.00523965 0.00158039 68.6425 0.00522409 0.999939 0.00969833 0.651295 -0.00163111 -0.00968993 0.999952 0.602721
0.999985 -0.00530457 0.00155198 68.6426 0.00528898 0.999937 0.0098842 0.656394 -0.00160432 -0.00987584 0.99995 0.604694
0.999985 -0.0052353 0.00163943 68.6395 0.00521907 0.999939 0.00975063 0.653166 -0.00169038 -0.00974193 0.999951 0.603086
0.999985 -0.0052492 0.00163181 68.6409 0.00523295 0.999938 0.00980823 0.651746 -0.00168319 -0.00979954 0.999951 0.603703
0.999985 -0.00522057 0.00154877 68.6365 0.00520518 0.999939 0.00978113 0.651895 -0.00159974 -0.00977293 0.999951 0.605589
0.999985 -0.0052691 0.00148053 68.6393 0.00525446 0.999939 0.00972246 0.655462 -0.00153166 -0.00971453 0.999952 0.603118
0.999985 -0.00519609 0.00156442 68.6412 0.00518053 0.999939 0.00979246 0.650974 -0.00161521 -0.00978421 0.999951 0.603064
0.999985 -0.00523189 0.00158849 68.6434 0.00521621 0.999939 0.00971774 0.654139 -0.00163924 -0.00970931 0.999952 0.601548
0.999985 -0.00519582 0.00154589 68.6414 0.00518042 0.999939 0.00980603 0.648945 -0.00159674 -0.00979788 0.999951 0.605658
0.999985 -0.00524432 0.00155382 68.6399 0.00522896 0.999939 0.00973216 0.657426 -0.00160476 -0.00972389 0.999951 0.601152
0.999985 -0.00524911 0.00166374 68.6404 0.00523257 0.999938 0.00979238 0.651098 -0.00171504 -0.00978353 0.999951 0.602448
0.999985 -0.00521763 0.00160436 68.6399 0.00520157 0.999938 0.00985612 0.649274 -0.00165569 -0.00984763 0.99995 0.600604
0.999985 -0.00520013 0.00154485 68.6402 0.00518472 0.999938 0.00982072 0.649995 -0.00159582 -0.00981256 0.999951 0.60339
0.999985 -0.0052494 0.00156407 68.6384 0.00523398 0.999939 0.00970008 0.652516 -0.0016149 -0.00969175 0.999952 0.603121
0.999985 -0.00528804 0.00157695 68.6401 0.00527257 0.999939 0.00965835 0.652765 -0.00162793 -0.00964989 0.999952 0.60254
0.999985 -0.00516919 0.00154878 68.6395 0.00515386 0.999939 0.00973887 0.646436 -0.00159903 -0.00973074 0.999951 0.602121
0.999985 -0.00518532 0.00157982 68.6424 0.00516937 0.999937 0.00993863 0.646437 -0.00163125 -0.00993031 0.999949 0.602645
0.999985 -0.00516183 0.00163755 68.6414 0.00514536 0.999938 0.00990833 0.646692 -0.00168859 -0.00989976 0.99995 0.601971
0.999985 -0.00514939 0.00157703 68.6405 0.00513374 0.999939 0.00977165 0.648705 -0.00162725 -0.00976341 0.999951 0.602874
0.999985 -0.0051904 0.00148687 68.6385 0.00517544 0.999938 0.00989356 0.647388 -0.00153813 -0.00988572 0.99995 0.603605
0.999986 -0.00513073 0.00154919 68.6413 0.00511508 0.999937 0.00994503 0.647435 -0.00160012 -0.00993697 0.999949 0.606913
0.999985 -0.00521849 0.00157846 68.6416 0.0052026 0.999937 0.00990851 0.650787 -0.00163007 -0.00990015 0.99995 0.601977
0.999986 -0.00512009 0.00148166 68.6396 0.00510506 0.999937 0.00997391 0.646215 -0.00153264 -0.0099662 0.999949 0.605416
0.999985 -0.00521008 0.00141882 68.6408 0.005196 0.999939 0.00975573 0.652848 -0.00146957 -0.00974822 0.999951 0.603686
0.999985 -0.00517328 0.0015078 68.6418 0.00515826 0.999939 0.00979919 0.648265 -0.0015584 -0.00979127 0.999951 0.602951
0.999986 -0.00512987 0.00145205 68.6419 0.00511525 0.999938 0.00989789 0.647606 -0.00150274 -0.00989033 0.99995 0.603653
0.999985 -0.00521086 0.00155792 68.6446 0.00519521 0.999938 0.00988519 0.651127 -0.00160933 -0.00987695 0.99995 0.602677
0.999985 -0.0052121 0.00153564 68.6396 0.00519678 0.999938 0.009815 0.647343 -0.0015867 -0.00980688 0.999951 0.601667
0.999985 -0.00522196 0.00154319 68.6406 0.00520643 0.999937 0.00989884 0.651739 -0.00159478 -0.00989066 0.99995 0.603875
0.999985 -0.00524835 0.00154001 68.6409 0.00523283 0.999937 0.00991696 0.649473 -0.00159196 -0.00990875 0.99995 0.60406
0.999986 -0.00516582 0.00140867 68.6412 0.00515177 0.999939 0.00979922 0.651393 -0.0014592 -0.00979183 0.999951 0.605942
0.999986 -0.00513386 0.0013915 68.6406 0.00511986 0.999938 0.00988469 0.64882 -0.00144216 -0.00987742 0.99995 0.602766
0.999986 -0.00516482 0.00143616 68.641 0.00515027 0.999937 0.00995311 0.649059 -0.00148747 -0.00994557 0.999949 0.605746
0.999985 -0.00519234 0.00145443 68.6424 0.0051778 0.999938 0.00982285 0.650888 -0.00150534 -0.00981518 0.999951 0.603085
0.999985 -0.00524929 0.00149531 68.6384 0.00523437 0.999938 0.00980752 0.652544 -0.0015467 -0.00979955 0.999951 0.604347
0.999986 -0.00518252 0.00141859 68.6391 0.0051683 0.999938 0.00985097 0.650035 -0.00146956 -0.00984349 0.99995 0.606621
0.999985 -0.00521869 0.00141666 68.6401 0.00520427 0.999936 0.00999588 0.649337 -0.00146873 -0.00998836 0.999949 0.603331
0.999985 -0.00518442 0.00147185 68.6397 0.0051697 0.999938 0.00983771 0.649268 -0.00152277 -0.00982996 0.999951 0.604249
0.999985 -0.00523379 0.00147242 68.6395 0.00521901 0.999938 0.00986575 0.649367 -0.00152396 -0.00985792 0.99995 0.605352
0.999985 -0.00523473 0.00155539 68.6401 0.00521917 0.999938 0.0098439 0.650256 -0.00160683 -0.00983564 0.99995 0.603089
0.999985 -0.0051865 0.00149797 68.6406 0.00517139 0.999937 0.00992098 0.649668 -0.00154933 -0.00991309 0.99995 0.60242
0.999985 -0.00524364 0.00141933 68.638 0.00522939 0.999938 0.009864 0.652056 -0.00147097 -0.00985644 0.99995 0.60485
0.999985 -0.00520074 0.00147357 68.6419 0.00518599 0.999938 0.00983717 0.64936 -0.00152463 -0.00982938 0.999951 0.605361
0.999986 -0.00515858 0.00147748 68.6422 0.00514362 0.999937 0.00995805 0.646965 -0.00152876 -0.00995031 0.999949 0.604152
0.999985 -0.00519496 0.00150137 68.6439 0.00517958 0.999936 0.0100737 0.646756 -0.00155361 -0.0100658 0.999948 0.604316
0.999985 -0.0051909 0.00147174 68.6411 0.00517579 0.999936 0.0100868 0.648293 -0.00152401 -0.010079 0.999948 0.60715
0.999985 -0.00517006 0.00154267 68.6389 0.0051545 0.999937 0.00992636 0.647766 -0.0015939 -0.00991826 0.99995 0.602291
0.999985 -0.0052041 0.00149049 68.6375 0.005189 0.999937 0.00996451 0.649837 -0.00154225 -0.00995663 0.999949 0.606305
0.999986 -0.00517286 0.00146378 68.6357 0.00515795 0.999937 0.0100095 0.648875 -0.00151547 -0.0100018 0.999949 0.604559
0.999985 -0.00521103 0.0013983 68.6403 0.0051968 0.999937 0.0099933 0.650597 -0.00145028 -0.00998589 0.999949 0.605396
0.999986 -0.00515647 0.00146573 68.6387 0.00514169 0.999938 0.00991201 0.647568 -0.00151674 -0.00990433 0.99995 0.604831
0.999985 -0.00516957 0.00152548 68.6407 0.00515406 0.999937 0.00999754 0.647658 -0.00157706 -0.00998953 0.999949 0.60271
0.999985 -0.0052674 0.00146661 68.6415 0.00525263 0.999937 0.00990021 0.651654 -0.00151866 -0.00989236 0.99995 0.60452
0.999985 -0.00530636 0.00146965 68.6384 0.0052915 0.999937 0.0099401 0.651776 -0.0015223 -0.00993217 0.99995 0.603784
0.999986 -0.00517981 0.00144899 68.6362 0.00516517 0.999937 0.00993172 0.648127 -0.00150034 -0.00992409 0.99995 0.604181
0.999985 -0.0052119 0.00147946 68.6406 0.00519671 0.999936 0.0100903 0.647443 -0.00153195 -0.0100825 0.999948 0.606124
0.999985 -0.00519482 0.00151221 68.6411 0.00517956 0.999937 0.00992183 0.65107 -0.00156366 -0.00991385 0.99995 0.60253
0.999985 -0.00519542 0.0014393 68.6384 0.00518061 0.999935 0.0101135 0.648075 -0.00149175 -0.0101059 0.999948 0.608718
0.999985 -0.00520979 0.00153737 68.6391 0.00519447 0.999938 0.00980796 0.648086 -0.00158837 -0.00979983 0.999951 0.60292
0.999985 -0.00518039 0.00150334 68.6411 0.00516532 0.999938 0.00986381 0.648283 -0.00155435 -0.0098559 0.99995 0.606566
0.999985 -0.005245 0.00145523 68.6389 0.00523035 0.999937 0.00989014 0.651472 -0.00150701 -0.00988238 0.99995 0.602612
0.999986 -0.00515549 0.0015087 68.6359 0.00513995 0.999935 0.0101296 0.644787 -0.00156083 -0.0101217 0.999948 0.604787
0.999985 -0.00520568 0.00149173 68.6368 0.00519037 0.999936 0.010087 0.649422 -0.00154414 -0.0100791 0.999948 0.602565
0.999986 -0.00511794 0.00153954 68.639 0.00510239 0.999938 0.00994218 0.649382 -0.00159032 -0.00993418 0.999949 0.602307
0.999985 -0.00517501 0.00153475 68.6372 0.00515957 0.999938 0.00989846 0.648173 -0.00158587 -0.0098904 0.99995 0.602836
0.999985 -0.00521092 0.00146346 68.6378 0.00519624 0.999938 0.00986122 0.650992 -0.00151475 -0.00985347 0.99995 0.603753
0.999986 -0.00517123 0.00148882 68.6392 0.00515613 0.999937 0.00997244 0.649768 -0.00154029 -0.00996462 0.999949 0.601611
0.999986 -0.00519818 0.00138992 68.643 0.00518407 0.999937 0.00996653 0.649788 -0.00144164 -0.00995918 0.999949 0.605011
0.999986 -0.00517234 0.00143826 68.6371 0.00515785 0.999938 0.0099009 0.651726 -0.00148939 -0.00989333 0.99995 0.606807
0.999986 -0.00517555 0.00139191 68.6388 0.00516151 0.999938 0.00990842 0.649201 -0.0014431 -0.00990109 0.99995 0.604903
0.999986 -0.0051908 0.00134385 68.6412 0.00517714 0.999937 0.00997765 0.648269 -0.00139556 -0.00997055 0.999949 0.604912
0.999986 -0.00514777 0.00136724 68.6399 0.00513399 0.999938 0.00989668 0.647223 -0.0014181 -0.00988952 0.99995 0.604571
0.999986 -0.00512604 0.00142636 68.6386 0.00511152 0.999937 0.0100032 0.647792 -0.00147755 -0.0099958 0.999949 0.604901
0.999985 -0.00519167 0.00144385 68.6427 0.00517717 0.999938 0.00986899 0.649268 -0.001495 -0.00986137 0.99995 0.602099
0.999985 -0.00520904 0.00143073 68.6389 0.00519446 0.999936 0.0100159 0.651692 -0.00148281 -0.0100083 0.999949 0.608915
0.999986 -0.0051867 0.00136144 68.6399 0.00517285 0.999937 0.00998841 0.651499 -0.00141316 -0.00998123 0.999949 0.603858
0.999986 -0.00510641 0.00149705 68.6399 0.00509117 0.999937 0.0100106 0.646556 -0.00154808 -0.0100028 0.999949 0.604274
0.999986 -0.00517716 0.00141694 68.6406 0.00516276 0.999937 0.00998332 0.646862 -0.00146853 -0.00997586 0.999949 0.604521
0.999986 -0.00515218 0.00144283 68.6392 0.00513768 0.999938 0.00987908 0.645554 -0.00149364 -0.00987152 0.99995 0.601824
0.999986 -0.00513875 0.00142165 68.6367 0.00512424 0.999937 0.0100329 0.647014 -0.00147311 -0.0100255 0.999949 0.603
0.999986 -0.00515066 0.00139751 68.6399 0.00513645 0.999937 0.00998762 0.646637 -0.00144887 -0.0099803 0.999949 0.602057
0.999986 -0.00517237 0.00139658 68.6372 0.00515829 0.999938 0.0098987 0.647591 -0.00144769 -0.00989135 0.99995 0.604277
0.999986 -0.00510268 0.0013763 68.6377 0.00508866 0.999937 0.0100051 0.647033 -0.00142727 -0.00999793 0.999949 0.604996
0.999986 -0.00515994 0.0013956 68.6414 0.00514583 0.999937 0.00993441 0.649034 -0.00144678 -0.00992709 0.99995 0.601586
0.999986 -0.00517293 0.00147946 68.6381 0.00515794 0.999937 0.00996299 0.650871 -0.00153091 -0.00995521 0.999949 0.60305
0.999986 -0.00513977 0.00137827 68.6378 0.00512558 0.999936 0.0101101 0.650668 -0.00143014 -0.0101029 0.999948 0.604577
0.999985 -0.00519782 0.00147502 68.6372 0.0051829 0.999937 0.00994987 0.649709 -0.00152664 -0.00994208 0.999949 0.600982
0.999986 -0.00518656 0.00135055 68.6346 0.00517292 0.999937 0.00991276 0.650211 -0.00140188 -0.00990563 0.99995 0.607608
0.999985 -0.00521249 0.00135479 68.6367 0.00519861 0.999936 0.010052 0.65197 -0.0014071 -0.0100448 0.999949 0.605247
0.999986 -0.00510143 0.0015062 68.6335 0.00508616 0.999937 0.00997313 0.646367 -0.00155699 -0.00996533 0.999949 0.603068
0.999986 -0.00517423 0.00134357 68.638 0.00516055 0.999937 0.00998974 0.65007 -0.00139518 -0.00998266 0.999949 0.603904
0.999986 -0.005171 0.00143524 68.635 0.00515642 0.999937 0.00998894 0.648818 -0.0014868 -0.00998139 0.999949 0.604349
0.999985 -0.00520674 0.00143248 68.636 0.00519216 0.999937 0.0100011 0.648368 -0.00148447 -0.00999349 0.999949 0.604587
0.999986 -0.00508764 0.00140684 68.6378 0.00507328 0.999937 0.0100294 0.645606 -0.00145777 -0.0100222 0.999949 0.605022
0.999985 -0.00520355 0.00141864 68.6389 0.00518931 0.999938 0.00986114 0.650296 -0.00146987 -0.00985363 0.99995 0.60433
0.999986 -0.00515415 0.00151089 68.6384 0.00513893 0.999938 0.00991055 0.64948 -0.00156187 -0.00990264 0.99995 0.604268
0.999986 -0.00510575 0.00145401 68.6377 0.00509095 0.999937 0.0100077 0.649644 -0.00150502 -0.0100001 0.999949 0.604939
