1 0 0 0 0 1 0 0 0 0 1 0
1 3.08014e-05 9.52901e-06 0.00268468 -3.08017e-05 1 3.12591e-05 -0.000896412 -9.52804e-06 -3.12594e-05 1 8.69457e-05
1 4.64555e-05 4.0153e-05 0.00102585 -4.64547e-05 1 -1.88618e-05 -0.00220913 -4.01539e-05 1.886e-05 1 0.000225269
1 -6.49076e-06 -4.98675e-05 7.97474e-05 6.49073e-06 1 -6.33333e-07 -0.000227512 4.98676e-05 6.33009e-07 1 0.00263782
1 6.79454e-06 -6.74763e-06 0.00179537 -6.7947e-06 1 -2.37828e-05 0.000575495 6.74747e-06 2.37828e-05 1 0.000253729
1 1.61511e-05 4.71217e-06 0.00103545 -1.61511e-05 1 1.00774e-05 0.000683272 -4.71201e-06 -1.00775e-05 1 -6.67685e-05
1 -2.33946e-05 -4.53804e-05 0.000990928 2.33937e-05 1 -2.0901e-05 0.00044631 4.53809e-05 2.09e-05 1 0.00102973
1 -3.07368e-05 -6.09552e-06 0.000179737 3.07365e-05 1 -4.54086e-05 0.00152542 6.09691e-06 4.54085e-05 1 0.00141696
1 -2.54257e-05 -2.9409e-06 -9.69456e-05 2.54256e-05 1 -1.52025e-05 0.00223492 2.94129e-06 1.52024e-05 1 0.000667083
1 -5.33072e-06 1.87044e-05 -0.000285522 5.33124e-06 1 -2.80656e-05 -0.000458419 -1.87042e-05 2.80657e-05 1 0.000643821
1 1.36046e-05 3.43609e-05 4.596e-05 -1.36027e-05 1 -5.57346e-05 -0.00133964 -3.43616e-05 5.57342e-05 1 -0.000548285
1 5.78895e-05 7.619e-06 0.00100121 -5.78896e-05 1 1.81529e-05 0.00137401 -7.61794e-06 -1.81533e-05 1 0.000246655
1 4.56958e-05 -1.49766e-05 0.000815247 -4.56965e-05 1 -4.40587e-05 0.00119708 1.49746e-05 4.40594e-05 1 1.0215e-05
1 3.73966e-05 -3.89874e-05 0.00219001 -3.73962e-05 1 9.75678e-06 -0.000231499 3.89878e-05 -9.75532e-06 1 0.00130529
1 4.90631e-05 -6.64362e-05 0.00328024 -4.9065e-05 1 -2.8226e-05 0.00191268 6.64348e-05 2.82292e-05 1 0.00042586
1 2.69857e-06 -5.21655e-06 0.00197407 -2.69841e-06 1 3.16838e-05 0.00138956 5.21663e-06 -3.16838e-05 1 -0.00100286
1 -7.06754e-06 -1.32176e-05 -0.00158245 7.06678e-06 1 -5.75531e-05 0.00330361 1.3218e-05 5.7553e-05 1 0.000726288
1 4.52047e-05 1.32905e-06 7.22354e-05 -4.52046e-05 1 -5.73387e-05 0.000605777 -1.33164e-06 5.73386e-05 1 0.00201909
1 5.85502e-05 -4.13157e-06 0.0021411 -5.85506e-05 1 -7.86494e-05 0.00154002 4.12697e-06 7.86496e-05 1 0.00116081
1 6.8412e-08 -4.01449e-05 0.00100455 -7.16361e-08 1 -8.03117e-05 0.0014437 4.01449e-05 8.03117e-05 1 0.00219562
1 -2.05582e-05 -3.2054e-05 -0.00103246 2.05568e-05 1 -4.42058e-05 0.00306192 3.20549e-05 4.42052e-05 1 0.0011036
1 2.77849e-05 -3.82729e-05 0.00148327 -2.77856e-05 1 -1.886e-05 0.00102213 3.82724e-05 1.88611e-05 1 0.000640444
1 9.02192e-05 -9.67623e-06 0.00252378 -9.02193e-05 1 -1.11276e-05 -0.0011009 9.67523e-06 1.11285e-05 1 -0.000448948
1 -5.7313e-05 3.23961e-07 0.00343948 5.7313e-05 1 -4.74941e-05 0.000488825 -3.21239e-07 4.74941e-05 1 0.000323715
1 -0.000262368 9.04571e-07 0.0024596 0.000262368 1 -9.88477e-05 -0.000665409 -8.78637e-07 9.88479e-05 1 0.00116848
1 -0.000692413 -9.19394e-05 0.00266135 0.000692389 1 -0.00026297 -0.000113321 9.21214e-05 0.000262907 1 -0.00107056
0.999999 -0.0016939 -0.000344116 -5.79899e-05 0.00169376 0.999998 -0.000401842 0.0079131 0.000344797 0.000401259 1 -0.000837185
0.999995 -0.00311423 -0.000980534 0.0035741 0.00311384 0.999995 -0.000399407 0.0126335 0.000981773 0.000396351 0.999999 -0.00207162
0.999986 -0.00508742 -0.00135964 0.0163768 0.00508735 0.999987 -5.6772e-05 0.0116694 0.00135991 4.98542e-05 0.999999 -0.00553153
0.99997 -0.00766238 -0.00139834 0.048732 0.007662 0.999971 -0.000280892 0.0101798 0.00140045 0.00027017 0.999999 -0.00955698
0.999934 -0.0114515 -0.00127442 0.0864659 0.0114505 0.999934 -0.000789072 0.0147454 0.00128337 0.000774427 0.999999 -0.010481
0.999855 -0.0169443 -0.00174756 0.129367 0.0169387 0.999852 -0.00314805 0.0210932 0.00180065 0.00311799 0.999994 -0.0113802
0.999711 -0.0239757 -0.00160271 0.174413 0.0239693 0.999705 -0.00392262 0.0297495 0.00169629 0.00388308 0.999991 -0.00646035
0.999466 -0.0326421 -0.00145285 0.224031 0.0326361 0.999459 -0.00399424 0.0406173 0.00158245 0.0039447 0.999991 -0.00666246
0.999098 -0.0424466 -0.000838902 0.274367 0.0424457 0.999098 -0.0011488 0.0532441 0.000886908 0.00111216 0.999999 -0.00280315
0.998543 -0.0539569 -0.00106859 0.331172 0.053956 0.998543 -0.000842186 0.0752425 0.00111247 0.000783302 0.999999 -0.00951704
0.99778 -0.066594 -0.00103264 0.392871 0.0665946 0.99778 0.000607054 0.0855427 0.00098992 -0.000674475 0.999999 0.000833307
0.996692 -0.0812644 -0.000734439 0.466361 0.0812654 0.996691 0.00144687 0.11536 0.00061443 -0.00150177 0.999999 -7.48247e-05
0.995216 -0.0976994 0.000893312 0.544434 0.0976944 0.995206 0.00457811 0.134369 -0.00133631 -0.00446894 0.999989 0.00523051
0.993245 -0.11602 0.00172942 0.625888 0.116011 0.993237 0.00461698 0.167219 -0.00225338 -0.00438516 0.999988 -0.00962911
0.990855 -0.1349 0.00295477 0.704225 0.134887 0.990851 0.00436341 0.18534 -0.00351636 -0.00392494 0.999986 -0.0117285
0.988077 -0.153906 0.00400426 0.78863 0.153914 0.988083 -0.00172794 0.221765 -0.0036906 0.00232365 0.99999 -0.0144763
0.984992 -0.172556 0.00396356 0.886492 0.172582 0.984964 -0.00782573 0.241846 -0.00255359 0.00839232 0.999962 -0.00484286
0.981554 -0.191165 0.00291546 0.983761 0.191187 0.981386 -0.0181322 0.261025 0.000605063 0.0183551 0.999831 -0.00680459
0.977981 -0.208683 0.00216259 1.07558 0.208675 0.977704 -0.0234357 0.283582 0.00277624 0.0233709 0.999723 0.0295428
0.974346 -0.22505 0.00117784 1.18395 0.225005 0.974016 -0.0257921 0.319167 0.00465729 0.0253955 0.999667 0.02053
0.970365 -0.241643 -0.000357249 1.30606 0.241543 0.970004 -0.0273848 0.365479 0.00696386 0.0264869 0.999625 0.0166216
0.966103 -0.258154 -0.00101238 1.4143 0.257998 0.965643 -0.0311685 0.402253 0.00902384 0.0298508 0.999514 0.00258376
0.962346 -0.271817 0.00240678 1.52739 0.271722 0.961686 -0.0364241 0.436755 0.00758611 0.0357065 0.999334 -0.00370993
0.958887 -0.283702 0.00695287 1.69241 0.283738 0.957976 -0.0421241 0.47969 0.00529002 0.0423651 0.999088 0.017747
0.955349 -0.295285 0.0107087 1.83272 0.295456 0.95419 -0.0471869 0.537479 0.00371545 0.0482439 0.998829 0.0298011
0.952108 -0.305518 0.0121993 1.95912 0.305751 0.951 -0.0459904 0.584739 0.00244934 0.0475178 0.998867 0.0702896
0.949451 -0.313807 0.0082748 2.11978 0.313872 0.948548 -0.0417261 0.658249 0.00524489 0.0422141 0.999095 0.0646182
0.946701 -0.322111 0.00136563 2.28969 0.321935 0.946026 -0.0373161 0.740204 0.010728 0.0357668 0.999303 0.0233159
0.943818 -0.330466 0.000660089 2.45146 0.330214 0.943017 -0.0409591 0.797948 0.0129131 0.0388759 0.999161 -0.0489907
0.941478 -0.336923 0.0101276 2.62195 0.336962 0.939958 -0.0541857 0.829194 0.00873686 0.0544272 0.99848 -0.0315778
0.939465 -0.341961 0.0216523 2.82015 0.342621 0.936766 -0.0712734 0.88567 0.00408952 0.0743774 0.997222 0.0336069
0.937123 -0.347974 0.0267256 3.02513 0.348969 0.93329 -0.0847937 0.943035 0.00456329 0.0887885 0.99604 0.0726012
0.934871 -0.354137 0.024539 3.19835 0.354914 0.931045 -0.084802 1.00685 0.00718464 0.0879882 0.996096 0.0975004
0.933079 -0.358923 0.0231978 3.39559 0.359603 0.929695 -0.0797082 1.09723 0.0070423 0.082716 0.996548 0.0210977
0.93237 -0.360747 0.0234044 3.60424 0.36144 0.929014 -0.0793327 1.18283 0.00687605 0.0824267 0.996573 0.0244919
0.931864 -0.362196 0.0210731 3.82922 0.362631 0.928022 -0.0852846 1.27413 0.0113334 0.0871154 0.996134 0.040845
0.931558 -0.36317 0.017544 4.04831 0.363193 0.927184 -0.0917691 1.34563 0.0170613 0.0918601 0.995626 0.0578193
0.932464 -0.360863 0.0169777 4.26172 0.360785 0.927787 -0.0951087 1.40348 0.0185695 0.0948108 0.995322 0.0440457
0.93442 -0.355627 0.0197365 4.51265 0.355868 0.92989 -0.0930751 1.49529 0.0147472 0.0939948 0.995463 0.0853451
0.937226 -0.348086 0.0210845 4.76669 0.348551 0.933145 -0.0880527 1.59813 0.010975 0.0898743 0.995893 0.0805033
0.940473 -0.339389 0.0180154 5.03456 0.339604 0.936335 -0.0891371 1.70329 0.0133838 0.0899491 0.995856 0.0623225
0.944355 -0.328704 0.0121536 5.29379 0.328376 0.939985 -0.092721 1.77403 0.0190535 0.0915525 0.995618 0.0629979
0.949013 -0.315122 0.00856524 5.55198 0.314447 0.944359 -0.0964824 1.83728 0.0223151 0.0942563 0.995298 0.0510764
0.953694 -0.300667 0.00817453 5.852 0.300036 0.949082 -0.0960321 1.9208 0.0211154 0.0940379 0.995345 0.0783625
0.957988 -0.286665 0.00913029 6.14414 0.286268 0.953739 -0.091833 2.00371 0.0176174 0.0905886 0.995733 0.088992
0.962357 -0.271545 0.0115076 6.43173 0.271525 0.958697 -0.084706 2.09048 0.0119692 0.084642 0.99634 0.0836939
0.967141 -0.253933 0.012513 6.74162 0.25412 0.963989 -0.0784123 2.16002 0.00784912 0.0790156 0.996842 0.0900333
0.97151 -0.236703 0.0117938 7.07746 0.236917 0.968681 -0.0743456 2.23943 0.00617345 0.0750217 0.997163 0.0831794
0.975579 -0.219388 0.0107079 7.39757 0.219593 0.973067 -0.070137 2.31144 0.00496775 0.0707756 0.99748 0.0917283
0.979392 -0.201611 0.0120541 7.73912 0.201968 0.9773 -0.0639841 2.37268 0.00111938 0.0651 0.997878 0.0899992
0.982903 -0.183611 0.013728 8.10055 0.184108 0.981061 -0.0601911 2.441 -0.00241628 0.0616895 0.998092 0.0881699
0.985984 -0.166176 0.0148732 8.45429 0.166753 0.984431 -0.0555864 2.49838 -0.00540446 0.0572875 0.998343 0.0988045
0.988799 -0.148434 0.0155857 8.82977 0.149045 0.987518 -0.0509212 2.55581 -0.0078327 0.0526738 0.998581 0.107652
0.991275 -0.130859 0.0158343 9.20381 0.131453 0.990284 -0.045364 2.59536 -0.00974418 0.0470496 0.998845 0.094879
0.993355 -0.114003 0.0158046 9.60053 0.114555 0.992608 -0.0400846 2.64669 -0.011118 0.0416287 0.999071 0.0897142
0.995119 -0.0972637 0.0166624 9.98009 0.0978088 0.994561 -0.0358144 2.67778 -0.0130883 0.0372693 0.99922 0.0848263
0.996572 -0.0807148 0.0181629 10.4055 0.0812656 0.99618 -0.0319628 2.71039 -0.0155136 0.0333293 0.999324 0.0882044
0.997688 -0.0652876 0.0188718 10.8201 0.065846 0.997359 -0.0306588 2.74077 -0.0168203 0.0318305 0.999352 0.0795887
0.998483 -0.0518667 0.0184622 11.2285 0.0524002 0.998184 -0.0296972 2.75473 -0.0168884 0.0306196 0.999388 0.0814602
0.999043 -0.0401047 0.0174423 11.6528 0.040587 0.998777 -0.0282336 2.77262 -0.0162887 0.0289145 0.999449 0.0822056
0.999422 -0.0297276 0.0165149 12.0801 0.0301362 0.999231 -0.0250673 2.77444 -0.015757 0.0255505 0.999549 0.074716
0.999638 -0.0216544 0.0159458 12.516 0.0220312 0.999473 -0.0238446 2.79398 -0.0154211 0.0241872 0.999588 0.0501952
0.999783 -0.014177 0.0152482 12.9597 0.0145478 0.999594 -0.0244856 2.79517 -0.0148949 0.0247021 0.999584 0.0498499
0.999852 -0.00779468 0.0153128 13.4253 0.00817489 0.999656 -0.0249259 2.78162 -0.0151132 0.0250474 0.999572 0.0487552
0.99986 -0.00205366 0.0165965 13.8998 0.00246912 0.999683 -0.0250515 2.78441 -0.0165398 0.025089 0.999548 0.044439
0.999832 0.00259241 0.0181554 14.3729 -0.00216412 0.99972 -0.0235703 2.79651 -0.0182114 0.0235271 0.999557 0.0593756
0.999805 0.00746046 0.0183087 14.8412 -0.00708908 0.999769 -0.0202658 2.80175 -0.0184557 0.020132 0.999627 0.0407498
0.999759 0.0118489 0.0184925 15.336 -0.0115312 0.999786 -0.0171952 2.79022 -0.0186923 0.0169779 0.999681 0.0255902
0.999684 0.0163658 0.019073 15.8363 -0.0160442 0.999728 -0.0168972 2.78004 -0.0193443 0.0165858 0.999675 0.00840561
0.999594 0.0204088 0.019876 16.3384 -0.0200302 0.999618 -0.0190631 2.76814 -0.0202575 0.0186573 0.999621 -0.000651264
0.999495 0.0241623 0.0206148 16.852 -0.0237223 0.999491 -0.0213283 2.75277 -0.0211197 0.0208285 0.99956 0.0147559
0.999374 0.0284625 0.021002 17.3705 -0.0280352 0.999399 -0.0203674 2.74795 -0.0215691 0.0197658 0.999572 0.0137441
0.999236 0.032893 0.0211029 17.91 -0.0325176 0.999311 -0.01789 2.72773 -0.0216768 0.0171901 0.999617 0.00354314
0.999119 0.0367405 0.0202679 18.4375 -0.0364203 0.999209 -0.0159486 2.70985 -0.0208378 0.0151964 0.999667 -0.028951
0.998957 0.0407193 0.020659 18.9844 -0.0404212 0.999075 -0.0146489 2.68687 -0.0212364 0.0137986 0.999679 -0.0362853
0.99875 0.0452823 0.0211591 19.543 -0.0449956 0.998891 -0.013837 2.6613 -0.0217623 0.0128677 0.99968 -0.0278613
0.998584 0.0493065 0.0199677 20.0931 -0.0490577 0.998714 -0.0127653 2.64157 -0.0205715 0.0117676 0.999719 -0.0473911
0.998399 0.0533577 0.0187671 20.6613 -0.0531575 0.998525 -0.0110134 2.61787 -0.019327 0.00999811 0.999763 -0.0509916
0.998162 0.0573508 0.0195931 21.2316 -0.0571715 0.998318 -0.00959388 2.5782 -0.0201103 0.00845608 0.999762 -0.064286
0.997876 0.0609871 0.0228865 21.8254 -0.060877 0.99813 -0.00547759 2.5595 -0.0231778 0.0040727 0.999723 -0.053767
0.997629 0.0648228 0.0231281 22.4209 -0.0648138 0.997897 -0.00113894 2.53673 -0.0231533 -0.000362781 0.999732 -0.0796695
0.997458 0.0678497 0.0217555 23.0143 -0.0678889 0.997692 0.00106773 2.4891 -0.0216328 -0.00254197 0.999763 -0.118584
0.99738 0.0698116 0.0189579 23.6185 -0.0697956 0.99756 -0.00150671 2.44717 -0.0190168 0.000179587 0.999819 -0.11793
0.997325 0.0717712 0.0138198 24.2222 -0.0717004 0.997411 -0.00555819 2.40119 -0.0141829 0.00455244 0.999889 -0.0939227
0.99728 0.0724648 0.0134947 24.8495 -0.0724684 0.997371 -0.000222028 2.36361 -0.0134753 -0.000756517 0.999909 -0.0953108
0.997202 0.072779 0.0170849 25.4773 -0.0728656 0.997332 0.00449837 2.32346 -0.0167119 -0.00573068 0.999844 -0.142748
0.997124 0.0725325 0.0219522 26.1315 -0.0726181 0.997355 0.00312722 2.28615 -0.0216673 -0.00471236 0.999754 -0.161742
0.997025 0.0730145 0.0247104 26.7761 -0.0729892 0.997331 -0.00192519 2.24077 -0.024785 0.000115867 0.999693 -0.15536
0.996996 0.0731894 0.0253454 27.4411 -0.0730699 0.997311 -0.00560964 2.1959 -0.0256879 0.00374079 0.999663 -0.14269
0.997008 0.0732561 0.0246725 28.0974 -0.0731542 0.997308 -0.00500708 2.1497 -0.0249729 0.0031872 0.999683 -0.161507
0.996975 0.0733183 0.0257768 28.7711 -0.0732626 0.997308 -0.00309903 2.09356 -0.0259347 0.00120118 0.999663 -0.186131
0.99701 0.0727282 0.0261189 29.453 -0.0726865 0.997352 -0.00254524 2.05854 -0.0262349 0.000639132 0.999656 -0.205187
0.996993 0.0727383 0.0267251 30.1521 -0.0726923 0.997351 -0.00269248 2.00293 -0.0268502 0.000741674 0.999639 -0.226173
0.99699 0.0728569 0.0265014 30.8543 -0.0727479 0.997338 -0.00505404 1.95401 -0.0267991 0.0031109 0.999636 -0.240478
0.996993 0.0725508 0.0272298 31.5478 -0.0724068 0.997356 -0.00624025 1.91268 -0.0276105 0.00424986 0.99961 -0.235894
0.996929 0.0732107 0.0277915 32.2608 -0.0730831 0.99731 -0.00558109 1.86275 -0.0281254 0.00353287 0.999598 -0.248738
0.996881 0.0734992 0.0287496 32.9927 -0.0734564 0.997295 -0.00254365 1.81874 -0.0288588 0.000423869 0.999583 -0.276728
0.996908 0.0734067 0.0280514 33.7033 -0.0733801 0.997302 -0.00197704 1.77097 -0.0281209 -8.74922e-05 0.999605 -0.3067
0.996871 0.0741716 0.0273211 34.4415 -0.0741374 0.997245 -0.00226246 1.71762 -0.0274136 0.000229861 0.999624 -0.314666
0.996733 0.0759676 0.0274242 35.1845 -0.075957 0.99711 -0.0014268 1.66451 -0.0274534 -0.000660927 0.999623 -0.322082
0.996578 0.0775577 0.0285773 35.9288 -0.0776113 0.996983 0.000769737 1.61315 -0.0284314 -0.00298503 0.999591 -0.346323
0.996403 0.0789279 0.0308345 36.7024 -0.0790265 0.996871 0.00198861 1.56171 -0.030581 -0.0044182 0.999523 -0.375962
0.996244 0.0804841 0.0319427 37.4707 -0.0805699 0.996748 0.00140614 1.5077 -0.0317256 -0.00397448 0.999489 -0.382132
0.996142 0.082261 0.0305573 38.2271 -0.0823512 0.996602 0.00170212 1.44542 -0.0303135 -0.00421198 0.999532 -0.404329
0.996094 0.0833603 0.0291015 39.0142 -0.0835377 0.996492 0.00493203 1.39647 -0.0285883 -0.00734384 0.999564 -0.414558
0.99594 0.085148 0.0292154 39.7918 -0.0853934 0.996321 0.00725525 1.3094 -0.0284902 -0.0097206 0.999547 -0.44866
0.995848 0.0863123 0.0289432 40.5976 -0.0865299 0.996229 0.00635135 1.26456 -0.0282858 -0.00882943 0.999561 -0.459439
0.995765 0.0874611 0.0283211 41.3852 -0.087644 0.996138 0.00527762 1.18801 -0.0277501 -0.00773745 0.999585 -0.4746
0.995795 0.0881027 0.0251116 42.1752 -0.0882819 0.996077 0.00611654 1.12672 -0.0244742 -0.00830772 0.999666 -0.486668
0.995851 0.0884934 0.0211904 42.9864 -0.0886767 0.996029 0.00786973 1.06805 -0.0204098 -0.00971617 0.999744 -0.516411
0.995882 0.0885793 0.0193061 43.7957 -0.0887555 0.996017 0.00846709 0.997257 -0.0184792 -0.0101457 0.999778 -0.522282
0.995835 0.0890071 0.0197357 44.6198 -0.0891793 0.995983 0.00802332 0.930384 -0.0189423 -0.00974992 0.999773 -0.52905
0.995758 0.0895781 0.0210117 45.4634 -0.0897425 0.99594 0.00701482 0.852766 -0.020298 -0.0088707 0.999755 -0.543514
0.995712 0.0899102 0.0217678 46.3062 -0.090051 0.995922 0.00557474 0.78207 -0.0211778 -0.00751105 0.999748 -0.559281
0.995746 0.0901224 0.0191887 47.1446 -0.0901843 0.995922 0.00238141 0.704258 -0.0188959 -0.0041018 0.999813 -0.587622
0.995816 0.0899032 0.0163774 47.9917 -0.0899608 0.995941 0.00281175 0.642896 -0.0160582 -0.00427331 0.999862 -0.574029
0.995832 0.0897543 0.0162156 48.8407 -0.0898395 0.995946 0.00460393 0.566703 -0.0157367 -0.00604155 0.999858 -0.584112
0.995783 0.0896733 0.019377 49.7254 -0.0897985 0.995944 0.00568428 0.478679 -0.0187887 -0.00740034 0.999796 -0.612831
0.995785 0.0890627 0.0218933 50.588 -0.0890757 0.996025 -0.000385556 0.397766 -0.0218406 -0.00156623 0.99976 -0.630541
0.995821 0.0888565 0.0210757 51.454 -0.0887621 0.996038 -0.00537259 0.336229 -0.0214696 0.00347942 0.999763 -0.618601
0.995953 0.0883131 0.0166709 52.3303 -0.0882432 0.996087 -0.00488271 0.275187 -0.0170368 0.00339186 0.999849 -0.637512
0.996062 0.0877335 0.0127453 53.2239 -0.0877085 0.996143 -0.00250982 0.185571 -0.0129163 0.00138206 0.999916 -0.654271
0.996173 0.0865899 0.0119013 54.1153 -0.0865391 0.996237 -0.00471913 0.100748 -0.0122651 0.00367114 0.999918 -0.651061
0.996252 0.0854615 0.0133869 55.0188 -0.0853728 0.996324 -0.00706223 0.0295591 -0.0139413 0.00589288 0.999885 -0.648795
0.996342 0.0843196 0.01392 55.919 -0.0841988 0.996408 -0.00905168 -0.0332487 -0.0146332 0.00784652 0.999862 -0.667133
0.996464 0.0830846 0.0124683 56.8258 -0.0829538 0.996496 -0.010668 -0.111661 -0.0133109 0.00959597 0.999865 -0.676477
0.996602 0.0815989 0.0112716 57.7449 -0.0814976 0.996631 -0.00917769 -0.153518 -0.0119825 0.00822789 0.999894 -0.674475
0.996656 0.0808521 0.0117977 58.6696 -0.0807482 0.996694 -0.00903616 -0.24666 -0.0124893 0.0080533 0.99989 -0.682421
0.996701 0.0798356 0.0146371 59.5922 -0.079658 0.996746 -0.0123411 -0.311569 -0.0155747 0.0111344 0.999817 -0.693347
0.996769 0.0785474 0.0168086 60.5104 -0.0783187 0.996832 -0.0138605 -0.381784 -0.0178441 0.0124993 0.999763 -0.712254
0.996864 0.0773052 0.0169002 61.4481 -0.0770434 0.996905 -0.0156266 -0.44176 -0.0180559 0.0142756 0.999735 -0.71961
0.996959 0.0762687 0.0160073 62.3827 -0.0760127 0.996978 -0.0160355 -0.513566 -0.0171819 0.01477 0.999743 -0.729538
0.997084 0.0751349 0.0133183 63.3221 -0.0748941 0.997034 -0.0177355 -0.576043 -0.0146113 0.0166863 0.999754 -0.748809
0.997184 0.0742957 0.0102563 64.2606 -0.0740871 0.997063 -0.0194118 -0.65454 -0.0116684 0.0185973 0.999759 -0.734995
0.997325 0.0726737 0.00779527 65.2276 -0.0724878 0.997128 -0.021933 -0.706563 -0.00936683 0.0213093 0.999729 -0.736929
0.997426 0.0713648 0.00696089 66.1686 -0.0711723 0.997155 -0.0248128 -0.786494 -0.00871185 0.0242535 0.999668 -0.754548
0.997505 0.0701322 0.00809219 67.141 -0.0698786 0.997156 -0.0282284 -0.846863 -0.0100489 0.0275925 0.999569 -0.7432
0.997565 0.0690484 0.00978797 68.1003 -0.0687302 0.99719 -0.0297871 -0.914224 -0.0118172 0.0290419 0.999508 -0.753929
0.997641 0.0679459 0.0097604 69.0909 -0.0676336 0.997277 -0.0293921 -0.967236 -0.0117309 0.0286627 0.99952 -0.759563
0.997719 0.0668838 0.00917174 70.059 -0.0666513 0.997496 -0.0236698 -1.02214 -0.0107319 0.0230044 0.999678 -0.750645
0.997791 0.0658019 0.00911267 71.04 -0.0656635 0.997733 -0.0147309 -1.0616 -0.0100613 0.0141 0.99985 -0.762798
0.997814 0.0654307 0.00930084 72.0267 -0.0653605 0.997832 -0.00766834 -1.11678 -0.00978243 0.00704366 0.999927 -0.786174
0.997787 0.0659742 0.00825223 73.0052 -0.0659647 0.997821 -0.00142222 -1.15436 -0.00832808 0.000874721 0.999965 -0.780935
0.997711 0.0672519 0.00708632 74.0089 -0.0672887 0.997721 0.00508673 -1.21679 -0.00672808 -0.00555191 0.999962 -0.778586
0.997584 0.069068 0.00748523 75.0027 -0.0691327 0.997569 0.0087635 -1.28699 -0.00686176 -0.0092598 0.999934 -0.783195
0.997491 0.070241 0.00880318 75.9934 -0.0703274 0.997475 0.00991459 -1.34161 -0.00808454 -0.0105088 0.999912 -0.78724
0.99743 0.0712928 0.00706063 76.9896 -0.0713553 0.99741 0.00902574 -1.4045 -0.00639887 -0.00950636 0.999934 -0.802607
0.997383 0.0721487 0.00470874 78.0047 -0.0721988 0.997324 0.0115073 -1.46074 -0.0038659 -0.0118172 0.999923 -0.773456
0.997249 0.0739731 0.00473404 78.9877 -0.0740327 0.997158 0.0139857 -1.53315 -0.00368602 -0.0142977 0.999891 -0.780485
0.997175 0.0749156 0.00549932 80.0072 -0.0749807 0.997103 0.0127747 -1.60552 -0.00452636 -0.013151 0.999903 -0.780812
0.997072 0.076277 0.00533727 81.0051 -0.0763319 0.997022 0.0109802 -1.66076 -0.00448383 -0.0113555 0.999925 -0.771997
0.996947 0.077998 0.00355674 82.0206 -0.0780342 0.996884 0.011525 -1.74625 -0.00264672 -0.0117674 0.999927 -0.790142
0.996868 0.0790779 0.00036283 83.0327 -0.0790766 0.996798 0.0118978 -1.81197 0.000579188 -0.0118893 0.999929 -0.781977
0.996792 0.0800382 -0.000680377 84.0484 -0.0800247 0.996724 0.0117283 -1.90376 0.00161686 -0.0116363 0.999931 -0.772948
0.996718 0.0809523 0.000267693 85.0552 -0.0809492 0.996639 0.0125515 -1.95455 0.000749281 -0.012532 0.999921 -0.754456
0.996646 0.0818182 0.00158469 86.0736 -0.0818312 0.996577 0.0117863 -2.03028 -0.000614933 -0.0118765 0.999929 -0.76069
0.996522 0.0832854 0.00254697 87.09 -0.0833111 0.996443 0.0126485 -2.10357 -0.00148447 -0.0128167 0.999917 -0.745247
0.996341 0.0854219 0.00277565 88.117 -0.0854529 0.996241 0.0142101 -2.18515 -0.00155136 -0.0143953 0.999895 -0.752892
0.996148 0.0876559 0.00250922 89.136 -0.0876855 0.996012 0.0164639 -2.28943 -0.00105606 -0.0166205 0.999861 -0.749702
0.995984 0.0894968 0.0023222 90.165 -0.089524 0.995826 0.0177864 -2.362 -0.000720681 -0.0179229 0.999839 -0.727975
0.995757 0.0919467 0.0038033 91.2028 -0.0920038 0.995567 0.0195288 -2.4489 -0.00199084 -0.0197958 0.999802 -0.725444
0.99554 0.0941912 0.00529566 92.217 -0.094273 0.995379 0.0182453 -2.52763 -0.00355265 -0.0186632 0.99982 -0.742354
0.995309 0.0965607 0.00603768 93.2419 -0.0966518 0.995168 0.017273 -2.62212 -0.00434062 -0.0177755 0.999833 -0.727579
0.995027 0.0994296 0.00596993 94.282 -0.0995169 0.994895 0.0167478 -2.72413 -0.00427422 -0.0172586 0.999842 -0.716842
0.994784 0.101784 0.00674826 95.3215 -0.101893 0.994621 0.0186197 -2.82199 -0.00481678 -0.0192101 0.999804 -0.718504
0.994575 0.103737 0.00768014 96.3464 -0.103859 0.994434 0.0177082 -2.91651 -0.00580041 -0.0184098 0.999814 -0.733437
0.994313 0.106098 0.00924599 97.392 -0.106237 0.994211 0.0160874 -3.02214 -0.00748563 -0.0169782 0.999828 -0.721675
0.994055 0.108455 0.00960577 98.4307 -0.108568 0.994014 0.0122161 -3.15032 -0.00822337 -0.0131864 0.999879 -0.730189
0.993919 0.109678 0.00975713 99.466 -0.109763 0.993921 0.00856729 -3.24328 -0.00875817 -0.00958616 0.999916 -0.719178
0.993746 0.111279 0.00924878 100.499 -0.111317 0.993778 0.00369914 -3.38131 -0.0087796 -0.00470556 0.99995 -0.716112
0.993658 0.112053 0.00933514 101.552 -0.112046 0.993702 -0.00125218 -3.49003 -0.00941666 0.000198279 0.999956 -0.72816
0.993672 0.11198 0.00871382 102.582 -0.111914 0.993688 -0.00769896 -3.60861 -0.00952095 0.00667505 0.999932 -0.723181
0.993755 0.111338 0.00737796 103.634 -0.111227 0.993697 -0.0139901 -3.73133 -0.00888908 0.0130822 0.999875 -0.724115
0.993832 0.11083 0.00389765 104.674 -0.110723 0.993621 -0.021373 -3.85682 -0.00624156 0.0208096 0.999764 -0.727497
0.993956 0.109769 0.00150996 105.717 -0.109702 0.993678 -0.0238848 -3.97096 -0.00412222 0.0235748 0.999714 -0.710709
0.994064 0.108757 0.00283963 106.768 -0.108654 0.993772 -0.0247117 -4.06709 -0.00550952 0.0242565 0.999691 -0.718438
0.994144 0.107882 0.00624154 107.831 -0.107696 0.993871 -0.024928 -4.19433 -0.00889257 0.0241098 0.99967 -0.736193
0.994267 0.106715 0.00668486 108.884 -0.106461 0.993836 -0.0309187 -4.31649 -0.00994315 0.0300297 0.9995 -0.746748
0.994272 0.10673 0.00572191 109.936 -0.106454 0.993651 -0.036395 -4.4315 -0.00957002 0.0355774 0.999321 -0.724161
0.994443 0.105151 0.00522891 110.997 -0.104885 0.993783 -0.0373427 -4.54105 -0.00912302 0.0365867 0.999289 -0.730359
0.994564 0.104003 0.0051187 112.055 -0.103714 0.993787 -0.0403926 -4.64386 -0.00928785 0.0396421 0.999171 -0.74426
0.994728 0.102387 0.0056792 113.132 -0.102074 0.993944 -0.040702 -4.74622 -0.00981217 0.0399078 0.999155 -0.723281
0.994726 0.102315 0.00718529 114.206 -0.101983 0.994099 -0.0369622 -4.863 -0.0109247 0.0360345 0.999291 -0.734233
0.994838 0.101054 0.00922772 115.274 -0.100706 0.994384 -0.0325484 -4.95285 -0.012465 0.0314511 0.999428 -0.760838
0.994903 0.100321 0.0101792 116.343 -0.0999914 0.994569 -0.0288786 -5.04427 -0.0130211 0.0277136 0.999531 -0.769655
0.994962 0.0996436 0.0110448 117.421 -0.0993399 0.994732 -0.0252894 -5.14166 -0.0135065 0.0240648 0.999619 -0.779139
0.994999 0.0992668 0.0111138 118.505 -0.0989521 0.994753 -0.0259783 -5.2554 -0.0136342 0.0247486 0.999601 -0.789822
0.994963 0.0993865 0.0130426 119.589 -0.0990318 0.994758 -0.0254887 -5.34452 -0.0155075 0.0240686 0.99959 -0.783531
0.994881 0.100089 0.0139332 120.665 -0.099729 0.994713 -0.024498 -5.45411 -0.0163115 0.022983 0.999603 -0.820632
0.994772 0.101305 0.0128756 121.742 -0.100886 0.99445 -0.0298698 -5.55879 -0.0158301 0.0284147 0.999471 -0.812733
0.994587 0.103258 0.0115756 122.825 -0.102851 0.994198 -0.0314982 -5.65266 -0.0147609 0.0301371 0.999437 -0.787533
0.994439 0.104678 0.0115316 123.911 -0.104291 0.994088 -0.0301975 -5.76346 -0.0146245 0.0288269 0.999477 -0.805468
0.994251 0.106232 0.0134181 124.989 -0.105784 0.993919 -0.0305887 -5.87683 -0.016586 0.0289934 0.999442 -0.838084
0.994088 0.107539 0.015002 126.074 -0.107011 0.993729 -0.0324145 -5.99079 -0.0183938 0.0306175 0.999362 -0.842516
0.993874 0.109262 0.0166385 127.168 -0.108659 0.99351 -0.0336187 -6.10347 -0.0202038 0.0316048 0.999296 -0.835788
0.993707 0.110771 0.0166087 128.233 -0.110157 0.993327 -0.0341533 -6.22364 -0.020281 0.0321088 0.999279 -0.863131
0.993697 0.111095 0.0149739 129.318 -0.110504 0.993233 -0.0357343 -6.32626 -0.0188424 0.0338543 0.999249 -0.863317
0.993684 0.111553 0.012133 130.374 -0.111074 0.993204 -0.0347526 -6.44305 -0.0159273 0.0331855 0.999322 -0.855786
0.993796 0.110869 0.00877886 131.443 -0.110502 0.993265 -0.0348271 -6.55387 -0.012581 0.0336409 0.999355 -0.891138
0.993814 0.110845 0.00690757 132.494 -0.110541 0.993259 -0.0349017 -6.67924 -0.0107297 0.0339222 0.999367 -0.879751
0.993907 0.10988 0.0086208 133.568 -0.10949 0.993294 -0.0371371 -6.7932 -0.0126436 0.035967 0.999273 -0.887265
0.993987 0.109091 0.0094227 134.618 -0.108641 0.993298 -0.0394505 -6.89437 -0.0136632 0.0381896 0.999177 -0.889142
0.994095 0.108202 0.00822955 135.673 -0.107764 0.993279 -0.0422444 -7.01195 -0.0127452 0.0411081 0.999073 -0.885726
0.994276 0.106564 0.00776384 136.703 -0.106139 0.993429 -0.0428187 -7.11524 -0.0122757 0.0417495 0.999053 -0.889084
0.994444 0.105008 0.00743906 137.729 -0.104602 0.993607 -0.0424598 -7.21153 -0.0118501 0.0414458 0.99907 -0.889589
0.994627 0.103277 0.00713349 138.75 -0.102892 0.993813 -0.0418143 -7.32182 -0.0114078 0.0408557 0.9991 -0.900401
0.994793 0.101726 0.00617304 139.764 -0.101383 0.993972 -0.041733 -7.4218 -0.0103812 0.0408899 0.99911 -0.887106
0.995043 0.0992959 0.00550182 140.753 -0.0989935 0.994261 -0.0405719 -7.52087 -0.00949887 0.0398262 0.999161 -0.878655
0.995308 0.0966186 0.00525398 141.735 -0.0963288 0.994525 -0.0405117 -7.59957 -0.0091394 0.0398155 0.999165 -0.884191
0.995527 0.0943842 0.00418654 142.692 -0.0941304 0.994693 -0.0415481 -7.69233 -0.00808581 0.0409682 0.999128 -0.86673
0.995747 0.0920975 0.00223407 143.644 -0.0919285 0.994917 -0.0411043 -7.74994 -0.00600832 0.0407242 0.999152 -0.857613
0.995952 0.0898752 0.00112433 144.589 -0.0897609 0.99518 -0.0394957 -7.85981 -0.0046686 0.0392349 0.999219 -0.858133
0.996148 0.0876863 0.000917524 145.513 -0.087579 0.995349 -0.0401235 -7.93478 -0.00443154 0.0398886 0.999194 -0.862402
0.996426 0.0844696 0.000156531 146.412 -0.084392 0.995586 -0.0410595 -8.00288 -0.00362412 0.0408995 0.999157 -0.839161
0.99662 0.0821487 -0.000551343 147.309 -0.0820985 0.995726 -0.0422947 -8.07204 -0.00292547 0.042197 0.999105 -0.824568
0.996828 0.0795858 -0.00050637 148.182 -0.0795352 0.995923 -0.0425703 -8.14555 -0.00288369 0.0424756 0.999093 -0.821061
0.997047 0.076786 0.00133479 149.051 -0.0766512 0.996069 -0.0443949 -8.21419 -0.00473844 0.0441614 0.999013 -0.814933
0.997247 0.0741147 0.00217035 149.89 -0.0739388 0.996218 -0.0456458 -8.26427 -0.00554517 0.0453597 0.998955 -0.802038
0.997396 0.0720519 0.0030299 150.713 -0.0718316 0.996316 -0.0468399 -8.32832 -0.00639365 0.0465003 0.998898 -0.788586
0.997549 0.0698562 0.00412422 151.516 -0.0696038 0.996577 -0.0446028 -8.36642 -0.00722588 0.0442064 0.998996 -0.759998
0.997636 0.0684178 0.00636604 152.317 -0.0680967 0.996816 -0.0414906 -8.4201 -0.00918446 0.040959 0.999119 -0.781753
0.997681 0.0675913 0.00805372 153.085 -0.067185 0.996812 -0.0430411 -8.48245 -0.0109372 0.0424002 0.999041 -0.79001
0.997797 0.0659822 0.00686866 153.85 -0.0656163 0.996865 -0.0442061 -8.50814 -0.00976394 0.043658 0.998999 -0.754299
0.997835 0.0655392 0.0054242 154.578 -0.0652293 0.99685 -0.0451179 -8.57355 -0.00836411 0.0446664 0.998967 -0.760397
0.997938 0.0639147 0.0058204 155.318 -0.0635798 0.99691 -0.0461259 -8.62454 -0.00875054 0.0456607 0.998919 -0.76027
0.998026 0.0624303 0.00685128 155.999 -0.0620326 0.996924 -0.0478942 -8.66493 -0.00982026 0.0473747 0.998829 -0.742246
0.998121 0.0608971 0.00678626 156.695 -0.0605105 0.997049 -0.0472435 -8.68975 -0.00964323 0.0467441 0.99886 -0.738518
0.998233 0.059154 0.00568081 157.369 -0.0588054 0.997063 -0.0490681 -8.73742 -0.0085667 0.0486473 0.998779 -0.761292
0.998334 0.0576246 0.00301051 158.047 -0.0573897 0.996989 -0.0521385 -8.77332 -0.0060059 0.0518788 0.998635 -0.754162
0.998416 0.0562638 5.53192e-05 158.713 -0.0561697 0.996802 -0.0568378 -8.81158 -0.00325305 0.0567446 0.998383 -0.725049
0.998472 0.0552305 0.00165065 159.389 -0.0550466 0.996853 -0.057043 -8.84214 -0.00479597 0.056865 0.99837 -0.706818
0.998507 0.0545325 0.00318529 160.057 -0.0542737 0.996996 -0.0552499 -8.89254 -0.00618864 0.0549945 0.998467 -0.735283
0.998582 0.0530198 0.00475752 160.738 -0.0526952 0.997211 -0.0528523 -8.9192 -0.00754647 0.0525267 0.998591 -0.737433
0.998624 0.0519738 0.00697766 161.407 -0.0514635 0.996872 -0.0599852 -8.96987 -0.0100735 0.0595436 0.998175 -0.767955
0.998695 0.0509797 0.00302485 162.048 -0.0506415 0.996239 -0.0703017 -8.99404 -0.00659743 0.0700568 0.997521 -0.724361
0.998715 0.0505599 -0.00337151 162.716 -0.0506714 0.996124 -0.0719034 -9.02633 -0.000276989 0.0719819 0.997406 -0.69455
0.998683 0.0506905 -0.00792904 163.368 -0.0511183 0.996297 -0.0691295 -9.06789 0.00439546 0.0694438 0.997576 -0.71143
0.998708 0.0500115 -0.00899342 164.02 -0.0505061 0.996436 -0.0675558 -9.10551 0.0055828 0.0679227 0.997675 -0.726372
0.998742 0.0497334 -0.00646968 164.685 -0.0500582 0.996442 -0.0678078 -9.14723 0.00307434 0.0680464 0.997677 -0.704013
0.998764 0.0496589 -0.0019638 165.339 -0.0496725 0.99622 -0.0712624 -9.16866 -0.00158244 0.0712719 0.997456 -0.704223
0.998723 0.0504988 -0.00165887 165.978 -0.0504844 0.99603 -0.0733195 -9.1998 -0.00205026 0.0733096 0.997307 -0.675649
0.998651 0.0514594 -0.00691989 166.611 -0.0517827 0.996853 -0.0600256 -9.19382 0.00380923 0.0603029 0.998173 -0.621667
0.99844 0.0523042 -0.0195463 167.245 -0.0531111 0.997648 -0.0433361 -9.22495 0.0172337 0.0443066 0.998869 -0.720429
0.998225 0.0524971 -0.0281145 167.869 -0.0534842 0.997934 -0.0355881 -9.25534 0.0261882 0.0370286 0.998971 -0.685945
0.998129 0.0527511 -0.0309117 168.496 -0.0539146 0.997818 -0.0380997 -9.29581 0.0288344 0.039695 0.998796 -0.663915
0.998164 0.0542139 -0.0270072 169.116 -0.0551641 0.997836 -0.0357764 -9.29329 0.0250092 0.0372005 0.998995 -0.569316
0.998087 0.0559567 -0.0262935 169.748 -0.0567049 0.997981 -0.0286262 -9.32611 0.0246386 0.0300624 0.999244 -0.621435
0.998117 0.0559792 -0.0250624 170.387 -0.0565152 0.998176 -0.0212157 -9.35456 0.0238291 0.0225922 0.999461 -0.583647
0.998166 0.0560668 -0.0228368 171.005 -0.0565292 0.998198 -0.0201306 -9.3856 0.021667 0.0213846 0.999537 -0.590679
0.998218 0.0562381 -0.0199363 171.649 -0.0566275 0.998204 -0.0195396 -9.40946 0.0188016 0.0206337 0.99961 -0.557885
0.998256 0.0565791 -0.0168505 172.301 -0.0569661 0.998101 -0.0234513 -9.46313 0.0154917 0.0243703 0.999583 -0.555465
0.998287 0.0561922 -0.0162896 172.936 -0.0566056 0.998055 -0.0261335 -9.48328 0.0147894 0.0270108 0.999526 -0.518807
0.998207 0.0568718 -0.0186479 173.577 -0.0573663 0.997984 -0.0271503 -9.51444 0.0170662 0.0281714 0.999457 -0.502508
0.998165 0.0570175 -0.0203932 174.24 -0.057535 0.998011 -0.0257601 -9.55138 0.0188839 0.0268861 0.99946 -0.48751
0.998187 0.0569236 -0.0195373 174.898 -0.0574006 0.998043 -0.0247911 -9.6016 0.0180879 0.0258676 0.999502 -0.472535
0.99823 0.05702 -0.0168849 175.571 -0.0574119 0.998069 -0.0237139 -9.62714 0.0155001 0.0246413 0.999576 -0.461811
0.998268 0.0569506 -0.0147343 176.242 -0.0572802 0.998093 -0.023012 -9.66544 0.0133956 0.0238161 0.999627 -0.462042
0.998281 0.056978 -0.0137051 176.912 -0.0573336 0.997986 -0.0271304 -9.70683 0.0121316 0.0278696 0.999538 -0.453901
0.998284 0.0571077 -0.0129695 177.601 -0.0574735 0.997901 -0.0298401 -9.75012 0.0112381 0.0305343 0.999471 -0.420033
0.998273 0.0575356 -0.0118901 178.289 -0.0578761 0.997854 -0.0306103 -9.7849 0.0101034 0.0312456 0.999461 -0.401129
0.998249 0.0581191 -0.0110451 178.987 -0.0584214 0.99786 -0.0293708 -9.81854 0.00931448 0.0299646 0.999508 -0.397925
0.998288 0.0576231 -0.0100747 179.686 -0.0578993 0.997881 -0.0296964 -9.86383 0.00834213 0.0302289 0.999508 -0.39442
0.99829 0.0575391 -0.0103024 180.388 -0.057821 0.997889 -0.0295532 -9.8934 0.00858016 0.0300984 0.99951 -0.387685
0.998275 0.0576499 -0.0111539 181.104 -0.0579637 0.997861 -0.0302157 -9.94148 0.00938816 0.0308101 0.999481 -0.380389
0.998261 0.0577788 -0.0117273 181.831 -0.058115 0.997837 -0.0307086 -9.97942 0.0099276 0.0313367 0.99946 -0.363373
0.998262 0.0579331 -0.0108214 182.564 -0.0582336 0.997855 -0.0298924 -10.024 0.00906641 0.0304707 0.999495 -0.345682
0.998268 0.0577811 -0.0110785 183.298 -0.0580697 0.997926 -0.0277872 -10.0538 0.00944991 0.0283824 0.999552 -0.353575
0.998279 0.057497 -0.0115509 184.042 -0.0577703 0.998019 -0.0249178 -10.1018 0.0100953 0.0255422 0.999623 -0.328101
0.998256 0.0575669 -0.0130681 184.792 -0.0578604 0.998052 -0.0233179 -10.1307 0.0117003 0.0240333 0.999643 -0.344588
0.998226 0.0578283 -0.0141744 185.553 -0.0581398 0.998052 -0.0226461 -10.1739 0.0128372 0.02343 0.999643 -0.311338
0.998182 0.0585246 -0.0144051 186.31 -0.0588192 0.998049 -0.0209552 -10.2068 0.0131506 0.0217644 0.999677 -0.287579
0.998143 0.0589969 -0.0151476 187.07 -0.0592537 0.998096 -0.0171046 -10.2424 0.0141096 0.0179704 0.999739 -0.302678
0.998099 0.0592014 -0.0171431 187.844 -0.0594974 0.998078 -0.0173041 -10.2916 0.0160858 0.0182912 0.999703 -0.288824
0.997999 0.0596772 -0.0208931 188.598 -0.0600317 0.998056 -0.0167721 -10.3281 0.0198516 0.0179927 0.999641 -0.269332
0.99788 0.0598591 -0.0255315 189.363 -0.0602536 0.998071 -0.0149698 -10.3607 0.0245861 0.0164765 0.999562 -0.232348
0.997773 0.0602238 -0.028663 190.136 -0.0606155 0.998077 -0.0129981 -10.408 0.0278251 0.0147066 0.999505 -0.199052
0.997734 0.0603216 -0.0298003 190.913 -0.0606445 0.998109 -0.0100513 -10.4513 0.0291376 0.0118357 0.999505 -0.194991
0.997667 0.0606149 -0.03142 191.692 -0.060944 0.998095 -0.00962305 -10.4887 0.0307768 0.0115154 0.99946 -0.165315
0.997579 0.0608473 -0.0336792 192.47 -0.0611906 0.998083 -0.00925593 -10.5281 0.0330514 0.0112944 0.99939 -0.137382
0.997475 0.0613633 -0.0357645 193.248 -0.0616275 0.998079 -0.00633284 -10.5627 0.0353071 0.00852092 0.99934 -0.0903621
0.997389 0.061778 -0.0373913 194.045 -0.0620195 0.998061 -0.00533052 -10.6177 0.0369895 0.0076356 0.999286 -0.0922031
0.99732 0.0621772 -0.0385597 194.839 -0.0624725 0.998026 -0.00649997 -10.6656 0.0380795 0.00889148 0.999235 -0.0514356
0.997227 0.0627666 -0.0399856 195.636 -0.0631681 0.997964 -0.00885657 -10.7072 0.0393482 0.0113578 0.999161 -0.0110467
0.997041 0.0641898 -0.0423014 196.427 -0.0645814 0.997881 -0.007954 -10.7534 0.0417012 0.0106623 0.999073 0.0400212
0.996848 0.0652781 -0.0450774 197.236 -0.0656665 0.997816 -0.00718828 -10.8088 0.0445097 0.0101257 0.998958 0.0566604
0.996755 0.0657468 -0.0464319 198.036 -0.0662453 0.99776 -0.00927919 -10.8548 0.0457178 0.012325 0.998878 0.106706
0.99668 0.0665784 -0.0468676 198.849 -0.0671623 0.997681 -0.0109958 -10.9077 0.0460269 0.0141071 0.998841 0.157237
0.996542 0.0680195 -0.0477288 199.658 -0.0685474 0.997603 -0.00951226 -10.9534 0.0469673 0.0127511 0.998815 0.18315
0.996465 0.0693656 -0.0473869 200.475 -0.0697446 0.997544 -0.00638857 -11.003 0.0468274 0.00967097 0.998856 0.270111
0.996462 0.0701829 -0.0462309 201.288 -0.0701701 0.997533 0.00190094 -11.0365 0.0462503 0.00134982 0.998929 0.267888
0.996303 0.0723353 -0.0463453 202.105 -0.0720543 0.997371 0.00770769 -11.0909 0.046781 -0.00433982 0.998896 0.270193
0.996116 0.0741455 -0.0474862 202.928 -0.0739994 0.997247 0.00482958 -11.1505 0.0477135 -0.00129687 0.99886 0.334604
0.995834 0.0771061 -0.048682 203.745 -0.0768192 0.997015 0.00774153 -11.1903 0.0491336 -0.00396956 0.998784 0.418284
0.995607 0.07933 -0.0497398 204.586 -0.0788653 0.996822 0.0112391 -11.2666 0.0504734 -0.00726698 0.998699 0.439421
0.995591 0.0806824 -0.0478343 205.419 -0.0802072 0.996709 0.0117747 -11.3256 0.0486268 -0.00788611 0.998786 0.46142
0.995614 0.081509 -0.0459254 206.251 -0.0812055 0.996662 0.00844004 -11.3929 0.04646 -0.00467363 0.998909 0.523545
0.995515 0.083015 -0.0453793 207.085 -0.0827597 0.996541 0.00747963 -11.4459 0.0458433 -0.00369051 0.998942 0.556914
0.995328 0.0841904 -0.0472698 207.924 -0.0840165 0.996448 0.00565658 -11.5268 0.0475782 -0.00165871 0.998866 0.591147
0.995265 0.084968 -0.0472038 208.763 -0.084837 0.996383 0.00477494 -11.5921 0.0474388 -0.000747702 0.998874 0.671623
0.995202 0.086002 -0.0466566 209.61 -0.0858674 0.996295 0.00488625 -11.6607 0.046904 -0.000856521 0.998899 0.685941
0.995182 0.0865329 -0.0461021 210.464 -0.0865082 0.996248 0.00253554 -11.7409 0.0461485 0.00146489 0.998934 0.718295
0.995165 0.0872872 -0.0450181 211.308 -0.0874204 0.996171 -0.000996541 -11.8061 0.0447588 0.00492723 0.998986 0.788571
0.995024 0.0882842 -0.0461768 212.166 -0.0883763 0.996087 4.77165e-05 -11.8683 0.0460003 0.00403345 0.998933 0.82325
0.994937 0.0888202 -0.0470201 213.02 -0.0889547 0.996035 -0.000771477 -11.9545 0.0467651 0.00495023 0.998894 0.849785
0.994804 0.0897589 -0.0480381 213.876 -0.0899596 0.995943 -0.00202888 -12.0201 0.0476611 0.00633983 0.998843 0.901817
0.994616 0.0912008 -0.0492161 214.735 -0.0914383 0.995807 -0.00259214 -12.0975 0.0487733 0.00707842 0.998785 0.962266
0.994504 0.0925146 -0.0490096 215.608 -0.0926539 0.995698 -0.000572372 -12.1676 0.0487458 0.00511016 0.998798 1.01352
0.994449 0.0940534 -0.0471773 216.473 -0.0939377 0.995567 0.00466764 -12.237 0.0474072 -0.000210008 0.998876 1.05742
0.994398 0.0954206 -0.0454604 217.343 -0.0951284 0.995428 0.00855294 -12.3147 0.0460687 -0.00418046 0.99893 1.07011
0.9943 0.0966751 -0.0449564 218.229 -0.0962844 0.995295 0.0107819 -12.3854 0.0457873 -0.00639185 0.998931 1.10123
0.994056 0.0988364 -0.0456429 219.092 -0.0984016 0.995078 0.0116816 -12.464 0.0465728 -0.00712087 0.99889 1.17049
0.993738 0.100753 -0.0483042 219.978 -0.100111 0.994855 0.0155406 -12.5393 0.0496215 -0.0106075 0.998712 1.21719
0.993539 0.102671 -0.0483655 220.859 -0.101793 0.994599 0.0202918 -12.6242 0.0501876 -0.0152374 0.998624 1.264
0.99342 0.10392 -0.0481374 221.754 -0.103131 0.994494 0.0185921 -12.7158 0.0498044 -0.0135053 0.998668 1.2681
0.99331 0.105688 -0.0465297 222.64 -0.105168 0.994363 0.0134898 -12.8059 0.0476931 -0.00850609 0.998826 1.35173
0.993098 0.107752 -0.0463208 223.532 -0.107505 0.994174 0.00780147 -12.8979 0.0468916 -0.00276789 0.998896 1.40112
0.992931 0.110114 -0.0442987 224.43 -0.109847 0.993913 0.00841829 -12.989 0.044956 -0.0034927 0.998983 1.48626
