1 0 0 0 0 1 0 0 0 0 1 0
1 -6.93021e-05 1.61745e-05 -0.00411102 6.93024e-05 1 -1.63341e-05 0.000335373 -1.61734e-05 1.63352e-05 1 0.00188939
1 -1.15064e-05 8.45056e-07 -0.00170911 1.15064e-05 1 9.90781e-06 0.00195072 -8.4517e-07 -9.9078e-06 1 -0.000149455
1 5.09189e-05 -1.64683e-05 -0.000345345 -5.09184e-05 1 3.31386e-05 -0.00145057 1.647e-05 -3.31378e-05 1 0.00109693
1 6.02704e-05 -1.18137e-05 0.000811215 -6.02699e-05 1 3.58127e-05 -0.00240511 1.18159e-05 -3.5812e-05 1 0.000685371
1 9.42351e-05 1.35279e-05 -0.000392944 -9.42355e-05 1 2.85842e-05 0.000222047 -1.35252e-05 -2.85855e-05 1 -0.000379547
1 -3.64015e-05 2.90176e-05 -0.00278421 3.64011e-05 1 1.57732e-05 0.000965518 -2.90182e-05 -1.57721e-05 1 -0.000166457
1 8.11736e-05 3.95526e-05 -0.000106955 -8.1174e-05 1 1.17871e-05 -0.000924244 -3.95516e-05 -1.17903e-05 1 -0.000272064
1 4.60066e-05 2.0739e-05 -0.0012526 -4.60069e-05 1 1.75443e-05 -0.000193041 -2.07382e-05 -1.75452e-05 1 0.00011972
1 1.84115e-05 -2.0039e-06 -0.00102173 -1.84115e-05 1 2.78781e-05 -0.000973016 2.00441e-06 -2.7878e-05 1 0.000220249
1 0.000101488 1.65081e-05 -0.00139409 -0.000101488 1 2.56648e-05 -0.00249931 -1.65055e-05 -2.56664e-05 1 0.000296058
1 8.32003e-05 5.07959e-06 0.00139055 -8.32004e-05 1 1.14155e-05 -0.00493826 -5.07864e-06 -1.14159e-05 1 0.000728885
1 -6.05607e-06 2.2404e-05 0.000276438 6.05621e-06 1 -5.92845e-06 -0.00661637 -2.24039e-05 5.92859e-06 1 -0.000447008
1 -8.89059e-05 5.84339e-06 0.00169811 8.8906e-05 1 -8.87432e-06 -0.00406805 -5.8426e-06 8.87484e-06 1 0.000175113
1 -0.000142558 2.03534e-05 0.000433038 0.000142558 1 -2.63905e-06 -0.00805404 -2.03531e-05 2.64195e-06 1 -3.13115e-05
1 -4.19457e-05 1.86342e-05 0.00590425 4.19461e-05 1 -2.17134e-05 -0.0111039 -1.86333e-05 2.17142e-05 1 -0.00029004
1 -0.000220713 1.44557e-05 0.00159382 0.000220713 1 -5.4844e-05 -0.00780424 -1.44436e-05 5.48471e-05 1 -0.00109608
1 -0.000317895 3.50196e-05 -0.000195424 0.000317896 1 -4.20422e-05 -0.00966524 -3.50062e-05 4.20534e-05 1 -0.000829174
1 -0.00041782 4.68628e-05 0.00217708 0.000417822 1 -3.13637e-05 -0.00908898 -4.68497e-05 3.13832e-05 1 -0.000627104
1 -0.000448737 9.89247e-06 0.00189105 0.000448737 1 -1.34962e-05 -0.0109004 -9.88641e-06 1.35006e-05 1 0.000141627
1 -0.000493733 1.43553e-05 0.00318541 0.000493733 1 -2.20389e-05 -0.00987828 -1.43445e-05 2.2046e-05 1 0.000425775
1 -0.000537077 3.91369e-05 0.00417175 0.000537079 1 -4.54172e-05 -0.0113642 -3.91125e-05 4.54383e-05 1 -0.00114468
1 -0.000574086 4.46767e-05 0.00752948 0.000574088 1 -3.66217e-05 -0.0159902 -4.46557e-05 3.66473e-05 1 -0.000411196
1 -0.000355797 8.65103e-05 0.0066869 0.000355806 1 -9.81893e-05 -0.0110749 -8.64753e-05 9.82201e-05 1 -0.00159901
1 -0.000144841 0.000128707 0.00037389 0.000144853 1 -9.39185e-05 -0.0140711 -0.000128693 9.39371e-05 1 -0.00188595
1 0.00026105 0.000137759 -0.0121734 -0.000261042 1 -5.93283e-05 -0.0131817 -0.000137774 5.92923e-05 1 -5.56598e-05
1 0.000639644 9.55653e-05 -0.028528 -0.000639641 1 -2.30863e-05 -0.00541694 -9.55801e-05 2.30252e-05 1 0.00138728
0.999999 0.00128903 0.000109938 -0.060694 -0.00128903 0.999999 -1.32452e-05 -0.00497605 -0.000109955 1.31035e-05 1 0.000930334
0.999997 0.00258814 0.000138085 -0.0801404 -0.00258814 0.999997 -3.31968e-05 -0.00368647 -0.00013817 3.28393e-05 1 0.000625284
0.999991 0.00419023 0.000132252 -0.10895 -0.00419022 0.999991 -2.57648e-05 -0.00279614 -0.000132359 2.52104e-05 1 0.00180097
0.999977 0.00677283 0.000169183 -0.143579 -0.00677283 0.999977 -2.26016e-05 -0.0126532 -0.000169332 2.14552e-05 1 0.00204565
0.999961 0.00883509 0.000181808 -0.192783 -0.00883509 0.999961 -6.83735e-06 -0.0143432 -0.000181862 5.23079e-06 1 0.00168867
0.999934 0.0114635 0.000195047 -0.24604 -0.0114635 0.999934 -1.57969e-06 -0.0135153 -0.000195052 -6.56335e-07 1 0.00258676
0.99989 0.0148167 0.000147085 -0.29029 -0.0148167 0.99989 4.83669e-05 -0.0176315 -0.000146352 -5.05409e-05 1 0.00472455
0.999823 0.0187917 0.000175158 -0.346897 -0.0187917 0.999823 2.11857e-05 -0.0227563 -0.000174729 -2.44734e-05 1 0.00314419
0.99974 0.0227972 0.000246808 -0.402922 -0.0227971 0.99974 -3.57937e-05 -0.0248808 -0.00024756 3.01579e-05 1 0.00154593
0.999621 0.0275168 0.000205444 -0.468534 -0.0275168 0.999621 -1.17927e-05 -0.0278358 -0.000205691 6.1351e-06 1 0.00358607
0.999466 0.0326891 0.000172233 -0.531786 -0.0326891 0.999466 2.78586e-05 -0.0306749 -0.00017123 -3.34738e-05 1 0.00594433
0.999264 0.0383692 7.09894e-05 -0.589065 -0.0383692 0.999264 -3.72667e-05 -0.0335135 -7.2367e-05 3.45154e-05 1 0.00139963
0.999013 0.0444159 -0.000107617 -0.669456 -0.0444159 0.999013 -2.50936e-05 -0.0372112 0.000106396 2.98488e-05 1 -0.00184382
0.998708 0.0508079 -0.000364009 -0.751408 -0.050808 0.998708 -0.000224637 -0.051527 0.000352126 0.000242842 1 -0.0158694
0.998364 0.0571667 -0.000546125 -0.817969 -0.0571669 0.998365 -0.000317155 -0.0650747 0.000527101 0.000347857 1 -0.0195273
0.997957 0.0638866 -0.000756261 -0.898566 -0.0638871 0.997957 -0.000704569 -0.075348 0.000709704 0.000751445 0.999999 -0.0345262
0.997484 0.0708888 -0.00099847 -0.982652 -0.0708894 0.997484 -0.000620418 -0.0737642 0.000951977 0.000689638 0.999999 -0.033779
0.996946 0.0780809 -0.00126672 -1.07668 -0.0780818 0.996947 -0.00066762 -0.0762198 0.00121072 0.000764489 0.999999 -0.0415291
0.996297 0.0859662 -0.0015757 -1.1459 -0.0859679 0.996297 -0.00102727 -0.0819332 0.00148156 0.00115892 0.999998 -0.0478819
0.995583 0.093765 -0.00474653 -1.20989 -0.0937873 0.995581 -0.00471582 -0.0712672 0.00428338 0.00514016 0.999978 -0.0162769
0.99479 0.101802 -0.00540928 -1.31383 -0.101833 0.994785 -0.00579376 -0.0651311 0.00479126 0.00631441 0.999969 -0.019364
0.993845 0.110594 -0.00635907 -1.41164 -0.110631 0.993845 -0.00574025 -0.0849177 0.00568509 0.00640843 0.999963 -0.0508417
0.992726 0.120003 -0.00972312 -1.48197 -0.120094 0.992718 -0.00941782 -0.0754548 0.00852214 0.010517 0.999908 -0.043496
0.991446 0.130138 -0.00992677 -1.5836 -0.130244 0.991421 -0.0109923 -0.0825383 0.00841109 0.0121912 0.99989 -0.029245
0.989866 0.14161 -0.0105399 -1.68408 -0.141724 0.989846 -0.0109039 -0.081089 0.00888879 0.0122872 0.999885 -0.0467036
0.987809 0.155296 -0.0107515 -1.77623 -0.155405 0.987799 -0.0101204 -0.0866031 0.00904866 0.0116679 0.999891 -0.0493257
0.985398 0.169943 -0.0105254 -1.85555 -0.170045 0.985389 -0.00965631 -0.0761916 0.00873056 0.0113051 0.999898 -0.043444
0.982506 0.185968 -0.00987601 -1.94604 -0.186054 0.982501 -0.00870426 -0.0735717 0.00808447 0.0103895 0.999913 -0.0285427
0.978905 0.204133 -0.00868423 -2.02654 -0.204198 0.978902 -0.00740575 -0.056355 0.00698925 0.00902282 0.999935 -0.0132121
0.9749 0.222585 -0.00509477 -2.10791 -0.222605 0.974901 -0.00386772 -0.0626973 0.004106 0.00490477 0.99998 -0.0222425
0.970597 0.240707 -0.00121877 -2.21475 -0.240707 0.970598 0.00031333 -0.066541 0.00125836 -1.07506e-05 0.999999 -0.0567004
0.9658 0.259288 -0.000577199 -2.3106 -0.259288 0.9658 0.000712802 -0.0522068 0.00074228 -0.000538763 1 -0.0476798
0.960285 0.279021 -0.000360536 -2.40696 -0.279021 0.960285 2.28869e-05 -0.0450873 0.000352604 7.86191e-05 1 -0.0294002
0.954107 0.299465 -0.000178396 -2.5008 -0.299465 0.954107 -0.000323787 -0.0316956 7.32464e-05 0.000362351 1 -0.0265558
0.947449 0.319907 8.25526e-05 -2.62038 -0.319907 0.947449 -0.000336104 -0.0199044 -0.000185737 0.000292033 1 -0.0234945
0.93999 0.341202 0.000315332 -2.71241 -0.341202 0.93999 -0.000431875 -0.00592776 -0.000443766 0.000298367 1 -0.0268127
0.931774 0.363038 0.000706916 -2.81495 -0.363038 0.931774 -0.000541847 0.00846398 -0.000855398 0.000248242 1 -0.0283801
0.922846 0.385168 0.0012993 -2.92107 -0.385167 0.922847 -0.000750324 0.0212523 -0.00148806 0.000191985 0.999999 -0.029682
0.912851 0.408288 0.00198604 -3.01637 -0.408285 0.912853 -0.00190612 0.0366101 -0.0025912 0.000929135 0.999996 -0.0448675
0.902217 0.431273 0.00276923 -3.11053 -0.431249 0.902209 -0.00656639 0.0373402 -0.00533033 0.00473008 0.999975 -0.0493422
0.891094 0.45381 0.00288011 -3.2398 -0.453765 0.891067 -0.00989296 0.061653 -0.0070559 0.00750866 0.999947 -0.033883
0.879568 0.475765 0.00280543 -3.34532 -0.475717 0.87954 -0.0101728 0.0935608 -0.00730734 0.00761306 0.999944 -0.02491
0.867648 0.497172 0.00268574 -3.43899 -0.497145 0.867639 -0.00710119 0.124834 -0.00586076 0.00482613 0.999971 -0.00742265
0.855487 0.5178 0.00496606 -3.55622 -0.517817 0.855486 0.00309982 0.189366 -0.00264331 -0.00522336 0.999983 -0.01477
0.841656 0.539979 0.00622099 -3.65672 -0.540012 0.841561 0.0127028 0.231503 0.00162391 -0.0140508 0.9999 -0.0622249
0.826796 0.562443 0.00810589 -3.75005 -0.562496 0.82664 0.0162852 0.2502 0.00245884 -0.0180241 0.999835 -0.0843566
0.811886 0.58375 0.00870198 -3.85033 -0.583813 0.811751 0.0149409 0.281093 0.00165792 -0.0172106 0.999851 -0.0776846
0.796051 0.60516 0.00916001 -3.95718 -0.605229 0.795947 0.0129078 0.334201 0.000520393 -0.0158192 0.999875 -0.0398097
0.779853 0.625883 0.00997542 -4.04209 -0.625961 0.77973 0.0139312 0.371158 0.000941137 -0.0171085 0.999853 -0.0273
0.763623 0.645559 0.0115569 -4.13476 -0.645661 0.763459 0.0158997 0.437341 0.00144103 -0.0196032 0.999807 -0.0236347
0.746954 0.664737 0.013605 -4.21812 -0.66487 0.746702 0.0196192 0.475832 0.00288273 -0.0237002 0.999715 -0.0546821
0.729421 0.683893 0.0153228 -4.30988 -0.684059 0.729139 0.0204761 0.527951 0.00283102 -0.0254173 0.999673 -0.0595544
0.711595 0.702397 0.0164613 -4.39697 -0.702586 0.711312 0.0202205 0.58671 0.00249375 -0.0259543 0.99966 -0.040457
0.693376 0.720367 0.0173496 -4.49284 -0.720572 0.693091 0.0200231 0.643605 0.00239911 -0.0263852 0.999649 -0.0345704
0.674799 0.737717 0.0204856 -4.56521 -0.737998 0.674441 0.0221026 0.692938 0.00248916 -0.0300331 0.999546 -0.0349637
0.65601 0.754378 0.0237622 -4.64041 -0.754751 0.655623 0.0225732 0.750267 0.00144973 -0.0327428 0.999463 -0.0507199
0.636894 0.770464 0.02743 -4.71343 -0.770951 0.636451 0.0237583 0.80773 0.000847058 -0.0362787 0.999341 -0.0465451
0.618219 0.785417 0.0304267 -4.78752 -0.786006 0.617753 0.0239937 0.863737 4.88224e-05 -0.0387489 0.999249 -0.0612839
0.599889 0.799394 0.0332051 -4.86421 -0.800083 0.599395 0.0243474 0.929666 -0.000439823 -0.0411726 0.999152 -0.0650148
0.582644 0.811995 0.0344915 -4.93903 -0.812727 0.582119 0.0247332 0.977151 5.08753e-06 -0.0424428 0.999099 -0.0746718
0.567438 0.822683 0.0347286 -5.01266 -0.823416 0.566903 0.0246467 1.02837 0.000588685 -0.0425815 0.999093 -0.0731103
0.554337 0.831603 0.0338686 -5.05372 -0.832291 0.553811 0.024184 1.07639 0.00135469 -0.0415946 0.999134 -0.0788118
0.543866 0.838532 0.0327635 -5.08897 -0.839169 0.543337 0.0241115 1.10131 0.00241665 -0.0406075 0.999172 -0.0607679
0.535925 0.843651 0.0322165 -5.11999 -0.84426 0.53539 0.0241371 1.13578 0.00311494 -0.0401348 0.999189 -0.0565082
0.530605 0.846986 0.0327694 -5.14925 -0.847611 0.530031 0.0249635 1.16234 0.00377499 -0.0410214 0.999151 -0.0565714
0.528214 0.848482 0.0326836 -5.15679 -0.849101 0.527631 0.0251612 1.17594 0.00410397 -0.0410422 0.999149 -0.0638581
0.527547 0.848883 0.0330495 -5.16887 -0.849517 0.526958 0.0252397 1.18822 0.00400983 -0.0413912 0.999135 -0.0595864
0.52791 0.848606 0.0343482 -5.16476 -0.849293 0.527309 0.0254109 1.20717 0.00345174 -0.0425864 0.999087 -0.0489367
0.527855 0.848554 0.0364067 -5.14717 -0.849331 0.527238 0.0256421 1.19826 0.0025637 -0.0444567 0.999008 -0.0528439
0.528918 0.847872 0.0368714 -5.13691 -0.84867 0.52829 0.0258839 1.18984 0.00246743 -0.0449821 0.998985 -0.0613887
0.530456 0.846883 0.0374908 -5.12607 -0.847709 0.529813 0.0262238 1.1874 0.0023454 -0.0456919 0.998953 -0.0611875
0.531602 0.846143 0.037962 -5.13461 -0.846991 0.530942 0.0265825 1.19256 0.002337 -0.0462848 0.998926 -0.0586852
0.532753 0.845414 0.038067 -5.12367 -0.846268 0.532092 0.0266299 1.16982 0.00225809 -0.046402 0.99892 -0.0686903
0.534949 0.84406 0.0373212 -5.10079 -0.84488 0.534291 0.0266501 1.14952 0.00255389 -0.0457884 0.998948 -0.0634661
0.537328 0.842539 0.0375072 -5.09345 -0.843367 0.536621 0.0277365 1.138 0.0032419 -0.0465359 0.998911 -0.0564259
0.539666 0.841016 0.0381005 -5.07159 -0.841872 0.538927 0.0284521 1.11834 0.00339529 -0.0474304 0.998869 -0.0664447
0.54258 0.839141 0.0380648 -5.05009 -0.839996 0.541816 0.0290334 1.08641 0.00373904 -0.0477273 0.998853 -0.0710141
0.546616 0.836539 0.0376044 -5.01941 -0.837375 0.545854 0.0290963 1.06221 0.00381365 -0.0473935 0.998869 -0.0662997
0.550289 0.834123 0.0376903 -4.99853 -0.834965 0.549512 0.029475 1.04121 0.00387448 -0.0476899 0.998855 -0.060319
0.554488 0.831321 0.0380545 -4.95923 -0.832183 0.553695 0.029889 0.986495 0.0037768 -0.0482414 0.998829 -0.0593827
0.559281 0.828091 0.0383385 -4.93639 -0.82897 0.558473 0.0302851 0.950159 0.00366784 -0.0487193 0.998806 -0.0596037
0.563953 0.824916 0.0383429 -4.88322 -0.8258 0.563143 0.0304157 0.894104 0.00349785 -0.0488166 0.998802 -0.060457
0.568266 0.82194 0.038569 -4.83279 -0.822839 0.567453 0.0305536 0.831184 0.00322718 -0.0490986 0.998789 -0.0552321
0.572914 0.818719 0.0383245 -4.78906 -0.819608 0.572082 0.0310687 0.761893 0.00351176 -0.0492108 0.998782 -0.0554889
0.577457 0.815517 0.038395 -4.73304 -0.816414 0.576624 0.0311962 0.695565 0.0033016 -0.0493607 0.998776 -0.0547612
0.581623 0.812539 0.0386784 -4.6661 -0.813453 0.580781 0.0314306 0.61024 0.00307492 -0.0497438 0.998757 -0.0481608
0.585588 0.809682 0.0387576 -4.5989 -0.810602 0.58472 0.0320442 0.537727 0.00328324 -0.0501817 0.998735 -0.0445626
0.589242 0.80698 0.0397024 -4.52217 -0.807946 0.588279 0.0339125 0.443368 0.00401061 -0.0520601 0.998636 -0.0527424
0.591855 0.805037 0.0402869 -4.45706 -0.806033 0.590836 0.034993 0.358129 0.00436776 -0.0531834 0.998575 -0.0547477
0.593437 0.803819 0.0413184 -4.36899 -0.804869 0.592366 0.0359012 0.26133 0.0043825 -0.054561 0.998501 -0.0499871
0.593524 0.803757 0.0412703 -4.28716 -0.804801 0.592423 0.0364697 0.15564 0.00486332 -0.0548601 0.998482 -0.0548017
0.592628 0.80441 0.0414403 -4.20002 -0.805461 0.591518 0.0365905 0.0355292 0.00492105 -0.0550631 0.998471 -0.0437607
0.590686 0.805866 0.0408735 -4.10653 -0.806879 0.589527 0.0374744 -0.103372 0.00610332 -0.0551156 0.998461 -0.0453033
0.588893 0.80721 0.0402094 -4.02498 -0.808177 0.587685 0.0384219 -0.233429 0.00738409 -0.0551227 0.998452 -0.0429567
0.586945 0.808712 0.0384793 -3.93282 -0.809576 0.585714 0.0390627 -0.356433 0.00905257 -0.0540796 0.998496 -0.0541179
0.584602 0.810497 0.0365329 -3.84257 -0.811257 0.583401 0.0387989 -0.505714 0.0101331 -0.0523195 0.998579 -0.0435906
0.582417 0.812169 0.0342389 -3.74095 -0.812806 0.581233 0.0389267 -0.658033 0.0117143 -0.0505011 0.998655 -0.0369234
0.580208 0.813852 0.0316695 -3.63512 -0.814357 0.579047 0.0390912 -0.801531 0.0134763 -0.0484713 0.998734 -0.0245124
0.578051 0.815428 0.0305837 -3.5206 -0.81586 0.576849 0.0402182 -0.969451 0.0151529 -0.0482002 0.998723 -0.00512744
0.576548 0.816509 0.0300806 -3.4087 -0.816902 0.575312 0.0410678 -1.1221 0.0162265 -0.0482505 0.998703 -0.0223335
0.575805 0.817041 0.0298927 -3.29777 -0.817413 0.574542 0.041693 -1.29103 0.0168903 -0.0484417 0.998683 -0.0198294
0.57517 0.817508 0.0293241 -3.16187 -0.817846 0.573899 0.0420401 -1.47093 0.017539 -0.0481628 0.998685 -0.0244264
0.575437 0.817329 0.0290978 -3.02769 -0.817651 0.574156 0.042327 -1.65292 0.0178884 -0.0481484 0.99868 -0.0167294
0.576262 0.816754 0.028904 -2.89164 -0.817069 0.574988 0.0422658 -1.83806 0.0179013 -0.0479727 0.998688 -0.00887768
0.578605 0.815099 0.0288027 -2.75518 -0.815418 0.577348 0.0419825 -2.03474 0.0175907 -0.0477775 0.998703 -0.00912593
0.582099 0.812633 0.0280916 -2.60764 -0.812932 0.58088 0.041467 -2.23866 0.0173796 -0.0469744 0.998745 -0.0155044
0.587278 0.808915 0.027572 -2.4687 -0.809223 0.586137 0.0400222 -2.45027 0.0162136 -0.045816 0.998818 -0.0053916
0.593317 0.804524 0.026755 -2.29853 -0.804842 0.592305 0.0374879 -2.65285 0.0143128 -0.0437757 0.998939 0.000857296
0.601011 0.798808 0.0263075 -2.14133 -0.799147 0.600109 0.0351283 -2.86996 0.0122734 -0.042136 0.999036 0.0156677
0.609063 0.792674 0.0266454 -1.97012 -0.793052 0.60822 0.0337185 -3.07593 0.0105215 -0.0416679 0.999076 0.0157168
0.616831 0.786676 0.0256951 -1.77898 -0.787032 0.616038 0.0328286 -3.27592 0.00999631 -0.0404726 0.999131 0.0236016
0.624684 0.780462 0.0254914 -1.59178 -0.780825 0.623927 0.0320538 -3.51383 0.00911196 -0.0399278 0.999161 0.0331898
0.632831 0.77387 0.0254861 -1.39372 -0.774247 0.632107 0.0313362 -3.74768 0.0081402 -0.0395631 0.999184 0.0360274
0.641363 0.766806 0.0257306 -1.19176 -0.767201 0.640647 0.0311927 -3.97372 0.00743451 -0.0397464 0.999182 0.0390873
0.649288 0.76009 0.0262173 -0.991984 -0.76051 0.648558 0.0315781 -4.19947 0.00699872 -0.0404418 0.999157 0.0371169
0.657555 0.752942 0.0264445 -0.768589 -0.753379 0.656824 0.0316678 -4.44252 0.00647459 -0.0407461 0.999149 0.0420241
0.666048 0.745441 0.0264282 -0.534765 -0.745884 0.665318 0.0317607 -4.67798 0.00609252 -0.0408665 0.999146 0.0432014
0.674538 0.73777 0.0263494 -0.307001 -0.738219 0.673821 0.0316007 -4.91523 0.00555926 -0.0407675 0.999153 0.050429
0.683088 0.729871 0.0260599 -0.0669341 -0.73031 0.682328 0.0327843 -5.15463 0.00614689 -0.0414264 0.999123 0.0561577
0.692044 0.72141 0.0253574 0.182759 -0.721834 0.691327 0.0319906 -5.40187 0.00554809 -0.0404428 0.999166 0.0569609
0.700994 0.712752 0.0243216 0.440926 -0.713142 0.70028 0.0321976 -5.65007 0.00591701 -0.0399151 0.999186 0.0720304
0.710103 0.703683 0.0241629 0.701259 -0.704076 0.709396 0.032145 -5.91154 0.00547885 -0.0398388 0.999191 0.0713561
0.720374 0.693173 0.0239259 0.977875 -0.693566 0.719663 0.032425 -6.16206 0.00525752 -0.0399524 0.999188 0.0667377
0.731429 0.681522 0.0232265 1.27224 -0.681899 0.730739 0.0321618 -6.40402 0.00494649 -0.0393623 0.999213 0.0753917
0.743327 0.668548 0.0225584 1.54789 -0.668914 0.742669 0.0315719 -6.65757 0.00435387 -0.0385579 0.999247 0.07714
0.75617 0.654007 0.0219727 1.86451 -0.654364 0.755526 0.0314429 -6.90688 0.00396292 -0.0381543 0.999264 0.0797212
0.770204 0.637436 0.0214718 2.17976 -0.637787 0.769562 0.0316465 -7.13959 0.00364872 -0.0380687 0.999268 0.0781855
0.785247 0.618823 0.0211134 2.49113 -0.619172 0.784576 0.032641 -7.36439 0.00363393 -0.038704 0.999244 0.0930884
0.799739 0.599977 0.0211148 2.81609 -0.600339 0.799038 0.0336345 -7.57344 0.0033084 -0.0395748 0.999211 0.0947651
0.814119 0.580331 0.020653 3.16417 -0.580683 0.81332 0.0363115 -7.79507 0.0042752 -0.0415547 0.999127 0.0931741
0.828053 0.560256 0.0210137 3.49856 -0.560636 0.827187 0.0380701 -8.00881 0.00394671 -0.0433051 0.999054 0.0851637
0.841835 0.539337 0.0207267 3.85897 -0.539724 0.840948 0.0387883 -8.20471 0.0034899 -0.0438401 0.999032 0.0911355
0.855052 0.518122 0.0208678 4.22975 -0.518536 0.854153 0.0392789 -8.4163 0.00252693 -0.0444062 0.99901 0.0978079
0.867783 0.49649 0.0212124 4.59771 -0.49694 0.866852 0.0402157 -8.60074 0.00157866 -0.0454398 0.998966 0.102213
0.880428 0.473694 0.0214794 4.98598 -0.47418 0.879482 0.0407952 -8.78006 0.000433701 -0.0461024 0.998937 0.103206
0.892581 0.450386 0.0212686 5.38021 -0.450887 0.891634 0.0411089 -8.95727 -0.000448938 -0.0462828 0.998928 0.107799
0.904205 0.426574 0.0211803 5.79421 -0.427098 0.903225 0.0420992 -9.13617 -0.00117217 -0.0471124 0.998889 0.106735
0.915181 0.402518 0.0205669 6.21585 -0.403041 0.914165 0.0431385 -9.3076 -0.00143753 -0.0477688 0.998857 0.102864
0.925919 0.377197 0.0199262 6.64253 -0.377718 0.924885 0.043779 -9.46473 -0.00191614 -0.0480623 0.998843 0.0995054
0.935875 0.35181 0.019188 7.07729 -0.352324 0.934856 0.0437277 -9.60997 -0.00255415 -0.0476841 0.998859 0.0974955
0.945221 0.325933 0.0180513 7.52331 -0.326419 0.944239 0.0431621 -9.75346 -0.00297682 -0.04669 0.998905 0.099694
0.954164 0.298792 0.0171603 7.97852 -0.299263 0.953202 0.0429774 -9.86157 -0.00351591 -0.046143 0.998929 0.102374
0.962388 0.271168 0.0166694 8.4466 -0.271645 0.961434 0.0430494 -9.97396 -0.00435287 -0.0459584 0.998934 0.104152
0.969741 0.243601 0.0161794 8.9092 -0.244085 0.968778 0.0435035 -10.0765 -0.00507677 -0.0461362 0.998922 0.101894
0.976351 0.215648 0.0153483 9.4014 -0.216124 0.975374 0.0439909 -10.1677 -0.00548378 -0.0462677 0.998914 0.102759
0.982336 0.186457 0.0157938 9.88978 -0.186978 0.981402 0.0434735 -10.2406 -0.0073941 -0.0456587 0.99893 0.0955506
0.987484 0.15683 0.0167473 10.3761 -0.157411 0.986626 0.0423161 -10.2926 -0.00988692 -0.0444227 0.998964 0.101652
0.991689 0.127479 0.0173771 10.8811 -0.128101 0.990902 0.0412689 -10.3428 -0.0119581 -0.043152 0.998997 0.0996345
0.994959 0.0987128 0.0176813 11.3873 -0.0993756 0.994177 0.0416607 -10.3722 -0.0134659 -0.0432078 0.998975 0.108511
0.99738 0.0703572 0.0168138 11.8999 -0.0710187 0.996562 0.042664 -10.3773 -0.0137543 -0.0437463 0.998948 0.0899296
0.998918 0.0440973 0.0147682 12.4106 -0.0447073 0.998036 0.0438907 -10.3925 -0.0128037 -0.0445034 0.998927 0.0810526
0.999756 0.0190547 0.0111859 12.9314 -0.0195381 0.998804 0.0448228 -10.3821 -0.0103184 -0.0450304 0.998932 0.0773635
0.999937 -0.0058001 0.00965135 13.4624 0.00536215 0.998982 0.0447996 -10.3681 -0.00990136 -0.044745 0.998949 0.0763986
0.999501 -0.0301779 0.00937439 14 0.0297423 0.998608 0.043564 -10.3558 -0.010676 -0.0432635 0.999007 0.0632171
0.998492 -0.0542301 0.00848648 14.5203 0.0538269 0.997661 0.0421223 -10.3016 -0.0107509 -0.041602 0.999076 0.0707196
0.997026 -0.0766977 0.007521 15.0536 0.0763187 0.996204 0.0418659 -10.2684 -0.0107035 -0.0411674 0.999095 0.0680354
0.995117 -0.0985344 0.00574701 15.5867 0.0982131 0.994297 0.0415739 -10.1868 -0.00981069 -0.0408064 0.999119 0.0592915
0.992835 -0.119448 0.00330117 16.1363 0.119221 0.992059 0.0400733 -10.1049 -0.00806161 -0.0393927 0.999191 0.05822
0.990252 -0.139285 -3.3728e-05 16.6655 0.139182 0.989512 0.0386613 -10.0166 -0.00535155 -0.0382891 0.999252 0.0544615
0.987387 -0.158264 -0.00433902 17.2154 0.158311 0.986604 0.0393633 -9.92063 -0.00194889 -0.0395537 0.999216 0.0688377
0.984367 -0.176037 -0.00577367 17.7571 0.176128 0.983609 0.0386405 -9.81471 -0.00112311 -0.0390533 0.999236 0.055283
0.981237 -0.192737 -0.00523481 18.309 0.192794 0.980477 0.038673 -9.70431 -0.0023211 -0.0389566 0.999238 0.0604961
0.977944 -0.20881 -0.00490789 18.8581 0.208849 0.977268 0.0364636 -9.57692 -0.00281766 -0.0366844 0.999323 0.0596202
0.974396 -0.224805 -0.00383466 19.4124 0.224796 0.973747 0.035833 -9.43375 -0.00432145 -0.0357776 0.99935 0.078356
0.971009 -0.239022 -0.00322101 19.9569 0.238969 0.970281 0.0380719 -9.28455 -0.00597474 -0.0377379 0.99927 0.0784447
0.967904 -0.251308 -0.00251669 20.5124 0.2512 0.967082 0.0406203 -9.12327 -0.00777436 -0.0399488 0.999171 0.0623174
0.965315 -0.26108 -0.00193628 21.0749 0.260925 0.96443 0.0423508 -8.98819 -0.00918953 -0.0413871 0.999101 0.0604776
0.962961 -0.269631 -0.00244306 21.6357 0.269501 0.962125 0.0410463 -8.80424 -0.00871683 -0.0401844 0.999154 0.0544195
0.961088 -0.276233 -0.00243958 22.19 0.276091 0.960227 0.0416937 -8.6374 -0.00917461 -0.0407448 0.999127 0.0687644
0.959723 -0.280933 -0.00295671 22.7721 0.280815 0.958889 0.0409221 -8.48599 -0.0086612 -0.0401042 0.999158 0.0582483
0.958288 -0.285788 -0.00314738 23.3435 0.285685 0.957507 0.0395509 -8.30747 -0.00828951 -0.0388003 0.999213 0.0588716
0.956729 -0.290969 -0.00244598 23.9057 0.290862 0.956071 0.0364472 -8.12243 -0.00826646 -0.0355815 0.999333 0.0599553
0.955226 -0.295868 -0.00235331 24.498 0.295762 0.954601 0.0355254 -7.9399 -0.00826438 -0.0346308 0.999366 0.0669055
0.953768 -0.300524 -0.00354777 25.0675 0.300462 0.953162 0.0347062 -7.75618 -0.00704843 -0.0341676 0.999391 0.052399
0.951991 -0.306091 -0.00465669 25.6519 0.306075 0.951444 0.0327517 -7.56195 -0.00559441 -0.0326046 0.999453 0.048911
0.950289 -0.311316 -0.00566006 26.2438 0.311344 0.949838 0.0295527 -7.36684 -0.0038241 -0.0298459 0.999547 0.0565066
0.948794 -0.315852 -0.00525511 26.836 0.315877 0.94843 0.0265049 -7.18108 -0.0033875 -0.0268077 0.999635 0.053654
0.947156 -0.320732 -0.00520181 27.4363 0.320755 0.946803 0.0260667 -6.96968 -0.00343531 -0.0263577 0.999647 0.0652134
0.94547 -0.325678 -0.00456291 28.0283 0.325683 0.945123 0.0259569 -6.75642 -0.00414106 -0.0260275 0.999653 0.0583163
0.943803 -0.330476 -0.00452611 28.6332 0.330484 0.943488 0.0246898 -6.55071 -0.00388906 -0.0247981 0.999685 0.0692244
0.94222 -0.334967 -0.00428947 29.2469 0.334978 0.94197 0.0219655 -6.33283 -0.00331716 -0.0221332 0.99975 0.0684924
0.94078 -0.338998 -0.00364867 29.8536 0.339001 0.940572 0.020071 -6.11068 -0.0033722 -0.0201193 0.999792 0.0716387
0.939692 -0.34201 -0.00294362 30.4608 0.342002 0.939508 0.0189428 -5.8793 -0.00371305 -0.0188071 0.999816 0.0680168
0.938778 -0.344513 -0.00257556 31.088 0.3445 0.938604 0.0184831 -5.65015 -0.00395024 -0.0182388 0.999826 0.07247
0.938424 -0.34548 -0.00204942 31.7089 0.345462 0.93827 0.017485 -5.42358 -0.00411782 -0.0171164 0.999845 0.0741204
0.938552 -0.345134 -0.00180045 32.35 0.34512 0.938435 0.0152569 -5.19518 -0.00357606 -0.0149407 0.999882 0.0752887
0.93923 -0.343282 -0.00198512 32.9766 0.343277 0.939139 0.0133508 -4.97392 -0.0027188 -0.013221 0.999909 0.0865447
0.940759 -0.339067 -0.00241031 33.6062 0.339069 0.940669 0.0131879 -4.75735 -0.00220427 -0.0132239 0.99991 0.0917873
0.943 -0.33278 -0.00277595 34.2572 0.332787 0.942915 0.0128251 -4.5257 -0.00165045 -0.0130179 0.999914 0.0815457
0.945408 -0.325875 -0.00306417 34.9071 0.325887 0.945327 0.0124424 -4.29294 -0.00115803 -0.0127617 0.999918 0.0887361
0.94809 -0.317995 -0.00199539 35.5614 0.317995 0.948014 0.0121843 -4.07827 -0.00198288 -0.0121863 0.999924 0.0941346
0.951308 -0.30824 -0.00106677 36.2178 0.308231 0.951238 0.0118031 -3.86477 -0.00262343 -0.0115572 0.99993 0.0926862
0.954803 -0.297233 -0.00170879 36.8889 0.297232 0.954731 0.011933 -3.65882 -0.00191547 -0.0119016 0.999927 0.0994634
0.958539 -0.284942 -0.00325742 37.5576 0.284961 0.958456 0.0125986 -3.45556 -0.000467792 -0.0130045 0.999915 0.108616
0.962317 -0.271881 -0.00515303 38.257 0.271926 0.962235 0.012684 -3.26347 0.00150987 -0.0136073 0.999906 0.106885
0.966273 -0.257448 -0.00610267 38.9322 0.257509 0.966178 0.0137727 -3.07181 0.00235051 -0.0148797 0.999887 0.122854
0.970492 -0.241075 -0.00530429 39.6309 0.241129 0.970368 0.01557 -2.90711 0.00139358 -0.0163896 0.999865 0.12387
0.974922 -0.222521 -0.00335046 40.3433 0.222546 0.974792 0.0159318 -2.75781 -0.000279159 -0.0162779 0.999867 0.123075
0.979298 -0.202404 -0.00281455 41.0434 0.202422 0.979153 0.0169012 -2.59859 -0.000664984 -0.017121 0.999853 0.128223
0.983622 -0.180207 -0.00366138 41.7653 0.180244 0.983455 0.0181134 -2.4729 0.000336632 -0.0184767 0.999829 0.12985
0.987746 -0.156027 -0.00367781 42.4941 0.156069 0.987552 0.0195587 -2.36002 0.000580344 -0.019893 0.999802 0.138502
0.991461 -0.130396 -0.00164965 43.2349 0.130401 0.99124 0.0209623 -2.26883 -0.00109819 -0.0209984 0.999779 0.156605
0.994586 -0.10391 0.00133446 43.9989 0.103853 0.994334 0.0226661 -2.20294 -0.00368213 -0.0224048 0.999742 0.146639
0.996992 -0.0774067 0.00397521 44.7318 0.0773065 0.996784 0.0210879 -2.16189 -0.00559477 -0.0207172 0.99977 0.121853
0.998682 -0.0511168 0.00463864 45.4925 0.0510174 0.998508 0.0194805 -2.12675 -0.0056275 -0.0192182 0.999799 0.143082
0.999699 -0.0240827 0.00461058 46.2356 0.0239927 0.999538 0.018678 -2.10996 -0.00505827 -0.0185618 0.999815 0.155386
0.99999 0.00319369 0.00300328 47.0051 -0.0032558 0.999776 0.0209081 -2.11933 -0.00293583 -0.0209176 0.999777 0.14497
0.99953 0.0306429 0.000204241 47.7718 -0.0306397 0.99928 0.0223894 -2.15674 0.000481981 -0.0223851 0.999749 0.132955
0.998362 0.0571741 -0.00227104 48.5515 -0.0571177 0.998168 0.0199465 -2.21307 0.0034073 -0.0197841 0.999798 0.130871
0.996463 0.0838655 -0.00537167 49.3293 -0.0837644 0.996343 0.0168772 -2.2885 0.00676744 -0.0163675 0.999843 0.177395
0.993992 0.109146 -0.00813043 50.1293 -0.108997 0.993897 0.0169526 -2.38886 0.00993113 -0.0159646 0.999823 0.18173
0.991207 0.131741 -0.0123702 50.9304 -0.131511 0.991155 0.017812 -2.50821 0.0146073 -0.0160285 0.999765 0.196828
0.988099 0.153207 -0.0136809 51.7303 -0.152933 0.98805 0.019224 -2.62135 0.0164626 -0.016903 0.999722 0.231125
0.984701 0.173927 -0.0106247 52.557 -0.173694 0.984599 0.0198803 -2.76826 0.0139187 -0.0177307 0.999746 0.256004
0.981087 0.193457 -0.00648179 53.3954 -0.193298 0.980943 0.0196578 -2.94735 0.0101612 -0.0180331 0.999786 0.229314
0.977608 0.210402 -0.00380611 54.252 -0.210285 0.97743 0.0202676 -3.14347 0.00798456 -0.0190134 0.999787 0.225136
0.974273 0.225334 -0.0040042 55.0903 -0.225209 0.974096 0.0204313 -3.33079 0.00850435 -0.0190039 0.999783 0.232741
0.971152 0.238416 -0.00455781 55.9335 -0.238266 0.970956 0.0217461 -3.52308 0.00961005 -0.0200328 0.999753 0.268526
0.967969 0.251022 -0.00485182 56.791 -0.250847 0.967746 0.0233184 -3.73947 0.0105488 -0.0213544 0.999716 0.275659
0.964721 0.263218 -0.00548915 57.6752 -0.262985 0.964427 0.0268282 -3.98122 0.0123555 -0.0244381 0.999625 0.297085
0.961364 0.27522 -0.00566974 58.5547 -0.274964 0.961046 0.0280304 -4.24326 0.0131634 -0.0253884 0.999591 0.287134
0.958141 0.286238 -0.00586096 59.4497 -0.285974 0.95783 0.0279299 -4.50874 0.0136084 -0.0250846 0.999593 0.318439
0.955336 0.29546 -0.00607999 60.3618 -0.295191 0.955035 0.0277535 -4.78763 0.0140067 -0.0247192 0.999596 0.334107
0.952998 0.302918 -0.00597349 61.2698 -0.302648 0.952698 0.0277658 -5.07416 0.0141017 -0.0246529 0.999597 0.347937
0.950974 0.309218 -0.0057483 62.1716 -0.308953 0.950675 0.027661 -5.35702 0.014018 -0.0245289 0.999601 0.363836
0.949048 0.315082 -0.00553957 63.0955 -0.314834 0.94877 0.026746 -5.67543 0.013683 -0.0236392 0.999627 0.378342
0.947351 0.320151 -0.00535944 64.0357 -0.319914 0.947086 0.0261543 -5.99281 0.0134492 -0.0230627 0.999644 0.396694
0.945866 0.3245 -0.00605358 64.9802 -0.324257 0.945631 0.0252823 -6.30403 0.0139286 -0.0219508 0.999662 0.403382
0.9444 0.32872 -0.00723226 65.9329 -0.328435 0.94416 0.0263128 -6.63111 0.015478 -0.0224745 0.999628 0.423101
0.942775 0.333322 -0.00848144 66.8854 -0.332985 0.942527 0.0276407 -6.95819 0.0172072 -0.0232348 0.999582 0.44884
0.941039 0.338179 -0.00892844 67.8677 -0.337789 0.940745 0.0299411 -7.30775 0.0185248 -0.0251598 0.999512 0.468581
0.939005 0.343773 -0.00945006 68.8504 -0.343312 0.938649 0.032799 -7.66904 0.0201457 -0.0275541 0.999417 0.499517
0.93677 0.349847 -0.00827441 69.8438 -0.349374 0.93633 0.0349932 -8.02773 0.0199899 -0.0298897 0.999353 0.518787
0.934112 0.356895 -0.00782045 70.8457 -0.356397 0.933613 0.0367191 -8.41016 0.0204062 -0.0315126 0.999295 0.525266
0.93125 0.364311 -0.00717489 71.8629 -0.3638 0.930695 0.0381698 -8.79967 0.0205833 -0.0329354 0.999246 0.569569
0.928343 0.371696 -0.00461871 72.8935 -0.371238 0.927691 0.0396346 -9.19831 0.0190168 -0.0350798 0.999204 0.598578
0.925381 0.379036 -0.00145585 73.9334 -0.378676 0.924655 0.040218 -9.62664 0.0165903 -0.0366657 0.99919 0.606467
0.922318 0.386431 0.00105144 74.9751 -0.386175 0.9216 0.0390029 -10.0463 0.0141029 -0.0363791 0.999239 0.626351
0.919323 0.393501 0.00176421 76.0256 -0.393247 0.918549 0.0403052 -10.4874 0.0142396 -0.0377473 0.999186 0.637859
0.916069 0.40102 0.000945346 77.0799 -0.400679 0.915187 0.0434631 -10.9499 0.0165644 -0.040194 0.999055 0.687365
0.912872 0.408193 0.00659827 78.165 -0.4081 0.911995 0.0414779 -11.4366 0.0109134 -0.0405568 0.999118 0.704514
0.90941 0.41546 0.019156 79.2614 -0.41589 0.908767 0.0343267 -11.9422 -0.00314692 -0.0391838 0.999227 0.709115
0.905423 0.423702 0.0262075 80.3454 -0.424311 0.905166 0.0252072 -12.4338 -0.0130418 -0.0339433 0.999339 0.666533
0.901421 0.432308 0.0234394 81.4454 -0.432797 0.901201 0.0228613 -12.9565 -0.0112405 -0.0307522 0.999464 0.661
0.897606 0.440368 0.0194834 82.5607 -0.440762 0.897228 0.0266733 -13.5119 -0.005735 -0.0325297 0.999454 0.674426
0.893432 0.44881 0.0186628 83.6841 -0.449186 0.892944 0.029731 -14.0587 -0.00332128 -0.0349457 0.999384 0.670076
0.888357 0.45882 0.0174982 84.8171 -0.459149 0.88787 0.0294758 -14.6371 -0.00201203 -0.0342194 0.999412 0.637268
0.882583 0.4699 0.0155599 85.9593 -0.470154 0.88197 0.0329146 -15.2385 0.00174319 -0.0363654 0.999337 0.67653
0.876097 0.481818 0.0174832 87.1097 -0.482128 0.87531 0.0372074 -15.8586 0.00262391 -0.0410264 0.999155 0.669616
0.868968 0.494481 0.019557 88.284 -0.494863 0.868113 0.0386073 -16.5149 0.00211288 -0.0432266 0.999063 0.661198
0.861582 0.507071 0.0235442 89.4492 -0.507616 0.860523 0.0427419 -17.1644 0.00141285 -0.0487771 0.998809 0.692757
0.854181 0.519214 0.0281335 90.6243 -0.519976 0.85294 0.046034 -17.8626 -9.46799e-05 -0.0539501 0.998544 0.683865
0.846628 0.531008 0.0353875 91.7972 -0.532165 0.845304 0.0475514 -18.5663 -0.00466307 -0.0590904 0.998242 0.670766
0.838593 0.543191 0.0413007 92.9696 -0.544744 0.836719 0.0561715 -19.3005 -0.00404523 -0.0696034 0.997567 0.657258
0.830504 0.555302 0.043625 94.1643 -0.557012 0.82778 0.0672101 -20.0597 0.00121007 -0.0801179 0.996785 0.678801
0.821964 0.567405 0.0492572 95.3519 -0.569539 0.818826 0.0717514 -20.8637 0.000379056 -0.0870309 0.996206 0.672946
0.813972 0.578488 0.0529164 96.5478 -0.580894 0.811087 0.0685527 -21.687 -0.00326293 -0.0865388 0.996243 0.655626
0.806696 0.588781 0.0507842 97.7217 -0.59096 0.80412 0.0644759 -22.5336 -0.00287434 -0.0820239 0.996626 0.642727
0.80062 0.597244 0.0480296 98.9023 -0.599172 0.798061 0.0639621 -23.4017 -0.000129573 -0.0799874 0.996796 0.678236
0.795858 0.603643 0.0471681 100.112 -0.605481 0.793236 0.0645746 -24.2932 0.00156459 -0.0799516 0.996798 0.676895
0.791497 0.609295 0.0478753 101.299 -0.61117 0.788816 0.0651238 -25.2251 0.0019148 -0.0808052 0.996728 0.67309
0.787492 0.614432 0.0482608 102.509 -0.616322 0.784829 0.0647345 -26.1578 0.00189842 -0.0807221 0.996735 0.670895
0.783955 0.618936 0.0483093 103.735 -0.620814 0.781293 0.0645826 -27.1094 0.00222875 -0.0806209 0.996742 0.683765
0.780143 0.62378 0.0477035 104.965 -0.625593 0.777456 0.0647769 -28.0756 0.00331919 -0.0803782 0.996759 0.68523
0.776378 0.62846 0.0476998 106.217 -0.630254 0.773646 0.0652069 -29.0846 0.00407714 -0.0806882 0.996731 0.694522
0.77274 0.632875 0.0483943 107.466 -0.63471 0.770001 0.0651222 -30.101 0.00395055 -0.0810388 0.996703 0.693359
0.769508 0.636739 0.0492083 108.734 -0.638628 0.766796 0.0646376 -31.1285 0.00342454 -0.0811649 0.996695 0.700793
0.766345 0.640513 0.0495894 110.008 -0.642419 0.76361 0.0647948 -32.1884 0.00363495 -0.0815123 0.996666 0.704243
0.763128 0.64432 0.0498694 111.286 -0.646235 0.76037 0.0649405 -33.2559 0.00392325 -0.0817853 0.996642 0.712466
0.76061 0.647334 0.0493065 112.598 -0.649197 0.757919 0.0640504 -34.365 0.00409169 -0.0807269 0.996728 0.718255
0.759128 0.649159 0.0481313 113.906 -0.650927 0.756543 0.0627444 -35.4788 0.00431775 -0.078961 0.996868 0.725188
0.758696 0.649745 0.0470394 115.224 -0.65143 0.756198 0.0616798 -36.612 0.00450507 -0.077439 0.996987 0.739585
0.758767 0.649658 0.0470911 116.553 -0.651352 0.75636 0.0605025 -37.7426 0.00368805 -0.0765802 0.997057 0.738714
0.759007 0.649354 0.0474126 117.914 -0.651075 0.756646 0.0599032 -38.8948 0.0030238 -0.0763362 0.997078 0.734859
0.758953 0.649421 0.0473637 119.287 -0.651135 0.756518 0.0608554 -40.0608 0.00368932 -0.0770266 0.997022 0.747555
0.75886 0.649539 0.0472219 120.675 -0.651237 0.756329 0.0620993 -41.2437 0.0046206 -0.0778774 0.996952 0.754579
0.758599 0.649818 0.047575 122.075 -0.651543 0.756081 0.0619125 -42.4522 0.00426132 -0.077964 0.996947 0.760629
0.759483 0.648847 0.0467301 123.516 -0.650516 0.757084 0.0604381 -43.6581 0.00383647 -0.0763004 0.997077 0.770703
0.760748 0.647365 0.0467019 124.929 -0.649037 0.758374 0.0601672 -44.8672 0.00353262 -0.0760834 0.997095 0.774499
0.76212 0.645737 0.0468696 126.387 -0.647427 0.759725 0.0604659 -46.1026 0.00343708 -0.0764269 0.997069 0.792264
0.763378 0.644249 0.046885 127.842 -0.645946 0.761041 0.0597508 -47.3132 0.00281295 -0.0758976 0.997112 0.785798
0.76453 0.642883 0.0468631 129.323 -0.644582 0.762174 0.0600451 -48.5559 0.0028842 -0.0761134 0.997095 0.788996
0.765627 0.641581 0.0467863 130.829 -0.643276 0.763211 0.0608631 -49.827 0.00334085 -0.0766949 0.997049 0.802776
0.766846 0.64007 0.0475133 132.356 -0.641824 0.764383 0.0614902 -51.079 0.00303977 -0.0776487 0.996976 0.815371
0.767874 0.638773 0.0483642 133.875 -0.640598 0.765459 0.0608786 -52.3449 0.00186684 -0.0777291 0.996973 0.818428
0.768984 0.637407 0.0487438 135.438 -0.639268 0.766694 0.0593048 -53.6407 0.000429767 -0.0767647 0.997049 0.806914
0.770347 0.635778 0.0484944 136.996 -0.637625 0.768103 0.0587567 -54.9124 0.000107447 -0.0761843 0.997094 0.819862
0.771606 0.634184 0.0493478 138.594 -0.636101 0.769308 0.0595024 -56.2067 -0.000228243 -0.0773026 0.997008 0.813342
0.772771 0.632756 0.0494422 140.17 -0.634684 0.770479 0.0594743 -57.5053 -0.000461427 -0.0773402 0.997005 0.806722
0.773827 0.631503 0.0489536 141.781 -0.633397 0.771549 0.0593282 -58.8355 -0.000304194 -0.0769168 0.997037 0.815829
0.775317 0.629735 0.0481483 143.421 -0.631572 0.773108 0.0584781 -60.1603 -0.000398204 -0.0757482 0.997127 0.816769
0.77706 0.627661 0.0471091 145.085 -0.629427 0.774922 0.057597 -61.4975 -0.000354479 -0.0744081 0.997228 0.817557
0.778582 0.625839 0.0462206 146.724 -0.627543 0.776522 0.0565947 -62.8176 -0.000472198 -0.073069 0.997327 0.818636
0.780087 0.624019 0.0454508 148.406 -0.625671 0.778089 0.0557868 -64.1656 -0.000552799 -0.0719558 0.997408 0.817838
0.781741 0.621966 0.0451625 150.101 -0.623603 0.779799 0.055073 -65.5114 -0.000964095 -0.0712163 0.99746 0.819772
0.783386 0.619928 0.0446741 151.813 -0.621534 0.781535 0.0538309 -66.8675 -0.00154313 -0.0699369 0.99755 0.819804
0.785219 0.617659 0.0439098 153.538 -0.619215 0.783463 0.0525263 -68.2272 -0.00195837 -0.0684343 0.997654 0.821011
0.78721 0.615121 0.0439023 155.283 -0.616679 0.785535 0.0514005 -69.6112 -0.00286929 -0.0675366 0.997713 0.815185
0.789248 0.612554 0.043191 157.05 -0.614067 0.787638 0.0504698 -70.9613 -0.00310343 -0.0663554 0.997791 0.811047
0.791167 0.610152 0.0420566 158.823 -0.611593 0.789605 0.0497813 -72.3299 -0.00283396 -0.0651068 0.997874 0.806195
0.793447 0.607192 0.0419566 160.625 -0.608632 0.79189 0.0497697 -73.7158 -0.00300523 -0.0650257 0.997879 0.806804
0.795443 0.604537 0.0424907 162.434 -0.606018 0.793893 0.0497708 -75.0962 -0.0036448 -0.0653399 0.997856 0.82457
0.797644 0.601582 0.043169 164.275 -0.603105 0.796197 0.0483102 -76.4861 -0.00530849 -0.0645698 0.997899 0.784953
0.799797 0.59874 0.0428392 166.129 -0.600249 0.798331 0.0486637 -77.8829 -0.00506293 -0.0646352 0.997896 0.787892
0.801848 0.596012 0.0425434 167.986 -0.597509 0.800358 0.0490904 -79.2864 -0.00479147 -0.0647831 0.997888 0.780805
0.804108 0.592938 0.0428401 169.868 -0.594463 0.802585 0.0497011 -80.6557 -0.0049132 -0.0654319 0.997845 0.782147
0.805989 0.590386 0.0427419 171.784 -0.591909 0.804481 0.0495456 -82.0512 -0.00513406 -0.0652325 0.997857 0.773405
0.807211 0.588695 0.0429825 173.703 -0.590236 0.805721 0.0493525 -83.4759 -0.00557828 -0.0652077 0.997856 0.767783
0.808611 0.586803 0.042565 175.636 -0.588316 0.807159 0.0487718 -84.8619 -0.00573727 -0.0644791 0.997903 0.756882
0.809986 0.58491 0.0424604 177.587 -0.586418 0.808557 0.0484696 -86.2783 -0.00598127 -0.0641593 0.997922 0.753006
0.810971 0.58356 0.0422463 179.545 -0.585053 0.809586 0.0477938 -87.6853 -0.00631148 -0.0634756 0.997963 0.735321
0.812181 0.581955 0.0411061 181.534 -0.583376 0.81083 0.0471909 -89.1132 -0.0058671 -0.0623079 0.99804 0.738777
0.813146 0.580571 0.0416122 183.519 -0.582018 0.811869 0.0460929 -90.553 -0.00702346 -0.0616993 0.99807 0.73055
0.814345 0.578868 0.0418912 185.52 -0.580327 0.813135 0.0450725 -91.968 -0.00797219 -0.0610152 0.998105 0.715463
0.815485 0.577186 0.042897 187.54 -0.578717 0.814226 0.0460594 -93.3834 -0.00834302 -0.062386 0.998017 0.696728
0.816157 0.576167 0.0438087 189.575 -0.577761 0.81488 0.0465095 -94.8228 -0.00890156 -0.0632701 0.997957 0.689869
0.817106 0.574749 0.0447262 191.63 -0.576392 0.815919 0.045266 -96.2752 -0.0104764 -0.0627669 0.997973 0.66668
0.818126 0.573311 0.0445545 193.679 -0.574935 0.816994 0.0443968 -97.7047 -0.0109476 -0.0619381 0.99802 0.649939
0.81883 0.572316 0.0444 195.739 -0.573924 0.817743 0.0436709 -99.1369 -0.0113142 -0.0612413 0.998059 0.631023
