1 0 0 0 0 1 0 0 0 0 1 0
1 -4.87544e-05 -6.12813e-05 -0.00369821 4.87607e-05 1 0.000102808 0.00177069 6.12763e-05 -0.000102811 1 0.00131781
1 -8.48976e-06 1.73848e-05 -0.00238134 8.48904e-06 1 4.13886e-05 -0.00117803 -1.73852e-05 -4.13884e-05 1 0.00229002
1 -4.61961e-06 6.47579e-06 0.000115191 4.61966e-06 1 -7.67694e-06 -3.61847e-05 -6.47575e-06 7.67697e-06 1 0.000479168
1 4.43077e-05 -2.91368e-05 0.000247443 -4.43058e-05 1 6.62819e-05 0.000234284 2.91397e-05 -6.62806e-05 1 0.00235139
1 5.4006e-05 8.5217e-06 -0.00081664 -5.40059e-05 1 -1.47789e-06 0.000625251 -8.52178e-06 1.47743e-06 1 -0.000449415
1 -2.74885e-05 -4.56274e-06 0.000905137 2.74885e-05 1 -1.83398e-06 0.000702695 4.56279e-06 1.83385e-06 1 0.000969412
1 -7.49473e-06 -1.26915e-05 -0.00116379 7.49484e-06 1 9.11347e-06 1.94641e-05 1.26914e-05 -9.11357e-06 1 -0.000530254
1 1.46208e-06 1.02353e-05 0.000245104 -1.46211e-06 1 2.8677e-06 0.000200355 -1.02353e-05 -2.86772e-06 1 -0.00022715
1 1.78938e-05 -1.58671e-05 -0.00179842 -1.7894e-05 1 -1.53455e-05 -0.000677121 1.58668e-05 1.53458e-05 1 0.000342779
1 -1.84912e-06 1.02108e-06 0.00118057 1.84911e-06 1 2.64972e-06 0.00149683 -1.02109e-06 -2.64971e-06 1 0.000483943
1 -3.9478e-06 -2.93873e-05 6.34068e-05 3.95084e-06 1 0.000103379 0.000588676 2.93869e-05 -0.000103379 1 0.000648537
1 -8.85302e-06 -1.37363e-05 -0.000583784 8.85384e-06 1 6.00233e-05 -0.000399774 1.37358e-05 -6.00234e-05 1 0.000634143
1 2.46441e-05 -6.56317e-06 -0.00133692 -2.46441e-05 1 1.06306e-05 0.00101032 6.56343e-06 -1.06305e-05 1 0.00175187
1 5.51081e-06 1.21123e-05 -0.00371493 -5.51087e-06 1 5.45794e-06 0.000298566 -1.21122e-05 -5.45801e-06 1 -0.000135877
1 3.17731e-06 -1.25279e-05 -0.00073023 -3.17742e-06 1 -8.81873e-06 -0.000929568 1.25278e-05 8.81877e-06 1 -1.59332e-06
1 1.38689e-05 -1.4099e-06 -0.00293199 -1.38689e-05 1 8.01786e-06 -0.00112859 1.41001e-06 -8.01784e-06 1 0.000884263
1 4.27039e-06 3.88398e-06 -0.00105971 -4.27017e-06 1 -5.63729e-05 0.000251383 -3.88422e-06 5.63729e-05 1 0.000456411
1 1.62664e-05 5.84135e-06 -0.0023211 -1.62663e-05 1 -1.89183e-05 4.6609e-06 -5.84166e-06 1.89182e-05 1 0.000382749
1 -2.29376e-06 6.62404e-07 0.000317176 2.29377e-06 1 -1.19045e-05 -0.000309025 -6.62376e-07 1.19045e-05 1 0.00136311
1 -1.40117e-05 -7.76882e-06 -0.00379434 1.40115e-05 1 -2.01432e-05 0.00105915 7.76911e-06 2.01431e-05 1 0.000154009
1 -2.3206e-05 -2.15773e-05 0.000975757 2.32073e-05 1 5.78947e-05 -0.00112038 2.1576e-05 -5.78952e-05 1 0.00186538
1 -1.95031e-06 -3.23119e-05 0.000293108 1.95345e-06 1 9.71072e-05 -0.000635501 3.23117e-05 -9.71073e-05 1 0.000653962
1 -4.72962e-05 2.74794e-06 -0.0012364 4.72963e-05 1 -3.2126e-05 -0.000133101 -2.74642e-06 3.21262e-05 1 -0.000109431
1 -2.68827e-05 -1.8783e-05 -0.0122136 2.68821e-05 1 -3.25095e-05 -0.000565916 1.87839e-05 3.2509e-05 1 0.000238249
1 -1.09326e-06 -0.000113372 -0.0321296 1.10358e-06 1 9.09964e-05 -0.00336315 0.000113372 -9.09966e-05 1 -0.00069993
1 9.45722e-05 -0.000467888 -0.013052 -9.45746e-05 1 -5.08419e-06 -0.00370834 0.000467887 5.12844e-06 1 0.000523684
0.999999 5.56557e-05 -0.00114229 0.031075 -5.51795e-05 1 0.000416943 -0.010668 0.00114232 -0.00041688 0.999999 0.00611969
0.999999 4.29877e-05 -0.00154474 0.0344259 -4.2148e-05 1 0.000543635 -0.00502089 0.00154476 -0.000543569 0.999999 0.00989501
0.999999 -6.9999e-05 -0.0014342 0.0703123 7.10107e-05 1 0.000705384 -0.00401949 0.00143415 -0.000705485 0.999999 0.0165009
0.999999 -2.86084e-05 -0.00132395 0.129131 2.92545e-05 1 0.000487963 0.00228207 0.00132393 -0.000488001 0.999999 0.018719
0.999999 -0.000189909 -0.00154998 0.25591 0.000190969 1 0.000683701 -0.000215878 0.00154985 -0.000683996 0.999999 0.0183288
0.999999 0.000331898 -0.001656 0.37315 -0.000331083 1 0.00049205 -0.00125785 0.00165616 -0.000491501 0.999999 0.0221403
0.999999 0.00018228 -0.00165589 0.488029 -0.000181549 1 0.000441699 -0.00267269 0.00165597 -0.000441398 0.999999 0.0223877
0.999998 -5.23181e-07 -0.00190233 0.649003 1.20198e-06 1 0.000356825 0.00565908 0.00190233 -0.000356827 0.999998 0.0214949
0.999998 0.000482047 -0.00189583 0.802951 -0.00048145 1 0.00031528 -0.00132494 0.00189598 -0.000314366 0.999998 0.0299726
0.999998 0.00035753 -0.00192452 0.966739 -0.000357004 1 0.000273367 0.000127509 0.00192461 -0.000272679 0.999998 0.0257285
0.999998 0.000728617 -0.00202429 1.19843 -0.000728442 1 8.72749e-05 0.000393386 0.00202435 -8.58001e-05 0.999998 0.0194765
0.999997 0.000644255 -0.00216155 1.42059 -0.000644128 1 5.93608e-05 0.00440883 0.00216159 -5.79683e-05 0.999998 0.0298904
0.999998 0.000902851 -0.00201839 1.63488 -0.000904023 0.999999 -0.000580066 0.00711008 0.00201786 0.000581889 0.999998 0.0125365
0.999997 0.00113329 -0.00211345 1.89956 -0.00113454 0.999999 -0.000591228 0.00667327 0.00211278 0.000593624 0.999998 0.0181011
0.999997 0.00120337 -0.00205166 2.14818 -0.0012052 0.999999 -0.000890929 0.000577312 0.00205058 0.000893399 0.999997 0.0231595
0.999997 0.00134487 -0.00186274 2.43967 -0.0013475 0.999998 -0.00141299 0.00750044 0.00186084 0.0014155 0.999997 0.0205423
0.999997 0.00134283 -0.00180109 2.75303 -0.00134576 0.999998 -0.00162617 0.00573954 0.0017989 0.00162859 0.999997 0.0238024
0.999997 0.00145475 -0.00188187 3.04682 -0.00145819 0.999997 -0.0018307 0.000134395 0.0018792 0.00183344 0.999997 0.0217741
0.999997 0.001709 -0.00174355 3.33793 -0.00171283 0.999996 -0.00219693 0.00286497 0.00173979 0.00219991 0.999996 0.0247112
0.999997 0.00171882 -0.00192322 3.66057 -0.00172378 0.999995 -0.00258234 0.00022939 0.00191877 0.00258565 0.999995 0.0285578
0.999995 0.00168 -0.00280231 4.01231 -0.00168643 0.999996 -0.00229469 -0.0014811 0.00279844 0.00229941 0.999993 0.0300569
0.999993 0.0020388 -0.00313332 4.3778 -0.0020464 0.999995 -0.00242408 -0.00201167 0.00312837 0.00243047 0.999992 0.0363021
0.999978 0.00190975 -0.00639999 4.76539 -0.00191922 0.999997 -0.00147409 0.000771683 0.00639716 0.00148634 0.999978 0.0293966
0.999974 0.00207601 -0.00695445 5.16053 -0.00208441 0.999997 -0.00120024 0.00299497 0.00695194 0.00121471 0.999975 0.0332127
0.999974 0.00229685 -0.00680051 5.55581 -0.00230963 0.999996 -0.00187237 -0.00312717 0.00679618 0.00188803 0.999975 0.02094
0.999974 0.00233891 -0.00688028 5.98248 -0.00235384 0.999995 -0.00216197 -0.00500972 0.00687519 0.00217811 0.999974 0.0267077
0.999971 0.002252 -0.00725939 6.40443 -0.00226955 0.999995 -0.00241125 -0.00655242 0.00725392 0.00242766 0.999971 0.0380641
0.999975 0.00158696 -0.00689463 6.83684 -0.00160869 0.999994 -0.0031474 -0.00407336 0.00688959 0.00315841 0.999971 0.0350178
0.99998 0.000522482 -0.00631793 7.27428 -0.000544624 0.999994 -0.00350335 -0.00612826 0.00631606 0.00350673 0.999974 0.0438656
0.999977 -0.00230224 -0.00643599 7.72068 0.00227803 0.99999 -0.00376693 -0.00810429 0.0064446 0.00375218 0.999972 0.0436952
0.999948 -0.00802582 -0.00622696 8.21021 0.00799743 0.999958 -0.00457035 -0.00588764 0.00626338 0.00452031 0.99997 0.0485594
0.999858 -0.0161608 -0.00471017 8.67406 0.0161332 0.999853 -0.00583964 0.00809192 0.00480385 0.00576282 0.999972 0.0426388
0.999648 -0.0263854 -0.00281128 9.13714 0.0263658 0.999629 -0.00681071 0.026844 0.00298994 0.00673419 0.999973 0.0642282
0.99923 -0.0391448 -0.00264541 9.61469 0.0391253 0.99921 -0.00703933 0.0688211 0.00291888 0.00693041 0.999972 0.0681207
0.998482 -0.0550048 -0.00267689 10.0984 0.0549848 0.998462 -0.0070679 0.0959169 0.00306154 0.00690999 0.999971 0.07729
0.997182 -0.0749543 -0.00323264 10.5826 0.074925 0.997154 -0.00837783 0.142815 0.00385139 0.00811201 0.99996 0.06843
0.995151 -0.0981859 -0.00580456 11.0765 0.0981295 0.99513 -0.00931925 0.207053 0.00669131 0.00870446 0.99994 0.0845905
0.992199 -0.124432 -0.00761368 11.5674 0.124357 0.99219 -0.00967814 0.287683 0.0087585 0.00865583 0.999924 0.0862244
0.988362 -0.151952 -0.00709625 12.0664 0.151889 0.988359 -0.00878188 0.375919 0.00834807 0.00760184 0.999936 0.0864422
0.983396 -0.181361 -0.00635583 12.5837 0.181308 0.983394 -0.00803364 0.491032 0.00770726 0.00674788 0.999948 0.0853508
0.97719 -0.212267 -0.00649963 13.0882 0.212208 0.977185 -0.00882323 0.612825 0.00822423 0.0072427 0.99994 0.095381
0.969648 -0.244428 -0.00617858 13.5887 0.244371 0.969643 -0.00870202 0.761223 0.00811804 0.00692803 0.999943 0.10661
0.960965 -0.27662 -0.00530732 14.0943 0.276575 0.96096 -0.00789134 0.931551 0.00728303 0.00611543 0.999955 0.104725
0.950852 -0.309619 -0.00391427 14.6004 0.309591 0.950848 -0.00644312 1.11745 0.00571679 0.00491463 0.999972 0.11693
0.939455 -0.342661 -0.00282065 15.0913 0.342644 0.939451 -0.00515973 1.31988 0.0044179 0.00388086 0.999983 0.117805
0.927119 -0.374759 -0.00237168 15.5757 0.374758 0.927122 -0.00098446 1.53291 0.00256778 2.39038e-05 0.999997 0.129094
0.913736 -0.406301 -0.00255337 16.0502 0.406303 0.913738 0.000626546 1.78303 0.00207855 -0.00160994 0.999997 0.132905
0.899276 -0.437355 -0.00488358 16.5328 0.437378 0.899259 0.00583852 2.03887 0.0018381 -0.00738641 0.999971 0.147332
0.884172 -0.467116 -0.00646413 17.0064 0.467157 0.884136 0.00820441 2.30864 0.00188275 -0.0102739 0.999945 0.136722
0.868115 -0.496335 -0.00531825 17.495 0.496363 0.868048 0.0107917 2.60637 -0.000739818 -0.0120082 0.999928 0.132042
0.850962 -0.525225 -0.00190324 17.9574 0.5252 0.850874 0.0133567 2.92921 -0.00539584 -0.0123656 0.999909 0.147847
0.833068 -0.553169 -0.00128832 18.4018 0.553097 0.832917 0.0182417 3.24593 -0.00901771 -0.0159092 0.999833 0.163509
0.813685 -0.581304 -0.00153501 18.8542 0.581229 0.81353 0.0184938 3.61053 -0.00950174 -0.0159403 0.999828 0.143925
0.792588 -0.60975 -0.00303046 19.292 0.609685 0.792407 0.0193638 3.9716 -0.00940575 -0.0171952 0.999808 0.147408
0.770156 -0.637846 -0.00353582 19.72 0.637803 0.770011 0.017035 4.34051 -0.00814308 -0.0153748 0.999849 0.123054
0.746127 -0.665783 -0.00523552 20.1304 0.665762 0.745968 0.0171079 4.73497 -0.00748463 -0.0162503 0.99984 0.154636
0.720574 -0.693357 -0.00540032 20.5349 0.693329 0.72041 0.0174526 5.15526 -0.00821041 -0.0163201 0.999833 0.100668
0.693448 -0.720496 -0.00399714 20.9252 0.720446 0.693307 0.0168375 5.5805 -0.00936012 -0.0145557 0.99985 0.121072
0.664177 -0.747568 -0.00325131 21.2953 0.747529 0.664081 0.0139954 6.01927 -0.0083034 -0.0117259 0.999897 0.124265
0.633698 -0.773578 -0.0019019 21.649 0.773559 0.633659 0.00907437 6.46509 -0.00581458 -0.00722164 0.999957 0.120889
0.602305 -0.798264 -0.00151603 21.9899 0.798251 0.602282 0.00725789 6.93776 -0.00488063 -0.00558164 0.999973 0.144201
0.569525 -0.821974 0.000320587 22.3161 0.82197 0.569523 0.00285328 7.43858 -0.00252791 -0.0013615 0.999996 0.0980635
0.535561 -0.844475 0.00599759 22.6304 0.844482 0.53558 0.00214096 7.94476 -0.00502017 0.00391824 0.99998 0.127671
0.500418 -0.865659 0.0147243 22.9209 0.865738 0.500494 0.00174051 8.45784 -0.00887611 0.0118764 0.99989 0.107984
0.463871 -0.885604 0.0230035 23.1919 0.885807 0.464046 0.00263186 9.00014 -0.0130054 0.0191558 0.999732 0.137189
0.426141 -0.9042 0.0287377 23.4305 0.90443 0.426531 0.0088716 9.55836 -0.0202792 0.0222107 0.999548 0.143473
0.387462 -0.921282 0.0333565 23.6559 0.921518 0.388076 0.0142011 10.1157 -0.0260281 0.0252363 0.999343 0.0981162
0.34781 -0.936842 0.0368145 23.8568 0.937157 0.348549 0.0158263 10.6844 -0.0276584 0.0289964 0.999197 0.106215
0.307765 -0.950548 0.0417046 24.028 0.951012 0.308672 0.0172448 11.2624 -0.029265 0.0343543 0.998981 0.094262
0.267329 -0.962479 0.046576 24.1815 0.963116 0.268422 0.0189236 11.8423 -0.0307156 0.0397992 0.998735 0.0955211
0.22675 -0.972721 0.0489718 24.3032 0.973447 0.227966 0.0207791 12.436 -0.0313762 0.0429598 0.998584 0.0737698
0.187408 -0.9811 0.048168 24.3897 0.981836 0.188576 0.0209116 13.0136 -0.0295997 0.043374 0.99862 0.0530112
0.149505 -0.987678 0.0462714 24.4683 0.988384 0.150577 0.020585 13.5992 -0.0272988 0.0426563 0.998717 0.0431458
0.113226 -0.992571 0.044532 24.5136 0.99326 0.114195 0.0198547 14.2076 -0.0247926 0.0419838 0.998811 0.0362997
0.0790635 -0.995925 0.0433939 24.5431 0.996608 0.079965 0.0194448 14.818 -0.0228355 0.0417093 0.998869 0.024044
0.047432 -0.997994 0.0419236 24.558 0.998655 0.0482594 0.0189489 15.4164 -0.0209341 0.0409684 0.998941 0.0157636
0.0188204 -0.99894 0.0419982 24.5439 0.999626 0.0196345 0.0190562 16.037 -0.0198606 0.0416239 0.998936 0.00417062
-0.00699867 -0.999089 0.0420905 24.5261 0.999797 -0.00619516 0.0191903 16.6542 -0.0189121 0.0422162 0.998929 0.00122672
-0.03043 -0.99863 0.0425675 24.5138 0.999377 -0.0296366 0.0191473 17.2816 -0.0178595 0.0431236 0.99891 -0.0146198
-0.0515365 -0.997767 0.0424756 24.4776 0.998527 -0.0507608 0.0191438 17.9003 -0.0169449 0.0433997 0.998914 -0.0169309
-0.0704175 -0.996601 0.0427595 24.4251 0.997399 -0.0696844 0.0184034 18.5241 -0.0153612 0.0439442 0.998916 -0.0199088
-0.0874895 -0.995239 0.0429553 24.3496 0.996068 -0.0867979 0.0177119 19.1667 -0.0138992 0.044336 0.99892 -0.0212894
-0.10264 -0.993843 0.0417322 24.2854 0.99463 -0.101981 0.0176313 19.8025 -0.0132669 0.0433178 0.998973 -0.0370502
-0.115886 -0.992401 0.0413533 24.2077 0.993192 -0.11528 0.0167418 20.44 -0.0118474 0.0430119 0.999004 -0.0265209
-0.128821 -0.990734 0.0430261 24.1198 0.991593 -0.128158 0.0178311 21.0969 -0.0121517 0.0449614 0.998915 -0.0387177
-0.140818 -0.98907 0.0437209 24.0285 0.989928 -0.140013 0.0209573 21.7415 -0.0146067 0.0462316 0.998824 -0.0459133
-0.151909 -0.987483 0.042428 23.9083 0.988247 -0.151006 0.0237573 22.3837 -0.0170531 0.0455383 0.998817 -0.0653471
-0.16193 -0.98602 0.039295 23.7961 0.986623 -0.161013 0.025509 23.0519 -0.0188254 0.0429 0.998902 -0.0729778
-0.170909 -0.984478 0.0399074 23.68 0.985093 -0.169932 0.0267465 23.7033 -0.0195498 0.0438838 0.998845 -0.0744846
-0.178361 -0.983089 0.0415252 23.5625 0.983804 -0.177408 0.0256297 24.3496 -0.0178294 0.045424 0.998809 -0.0781992
-0.18426 -0.982091 0.0393051 23.4264 0.982745 -0.18343 0.023794 25.0127 -0.0161581 0.0430112 0.998944 -0.082724
-0.189662 -0.981188 0.0360416 23.2997 0.981739 -0.188964 0.0219312 25.6788 -0.0147081 0.0395429 0.99911 -0.0789442
-0.194795 -0.980224 0.0348724 23.1739 0.980735 -0.19412 0.0218244 26.3415 -0.0146234 0.0384519 0.999153 -0.0907989
-0.199677 -0.979177 0.0366275 23.0262 0.979746 -0.19894 0.0228181 27.0114 -0.0150563 0.0404419 0.999068 -0.101244
-0.204406 -0.978122 0.0386717 22.8864 0.978754 -0.203569 0.024494 27.6857 -0.0160858 0.0428568 0.998952 -0.113636
-0.20896 -0.977203 0.0375547 22.7286 0.977786 -0.20813 0.0248347 28.3604 -0.0164522 0.0419099 0.998986 -0.136497
-0.213221 -0.976364 0.0353464 22.5714 0.976867 -0.212446 0.0244506 29.0391 -0.0163635 0.0397421 0.999076 -0.138838
-0.215999 -0.975846 0.0326992 22.4219 0.976272 -0.215321 0.0230333 29.7145 -0.0154361 0.0368984 0.9992 -0.149431
-0.21806 -0.975517 0.0285816 22.264 0.975822 -0.217495 0.0216235 30.3998 -0.0148778 0.0326058 0.999358 -0.137384
-0.219069 -0.975313 0.0277986 22.1104 0.975589 -0.218506 0.0219461 31.0768 -0.0153302 0.0319277 0.999373 -0.145794
-0.220051 -0.975119 0.026837 21.9521 0.975358 -0.219488 0.0223996 31.7649 -0.0159518 0.0311047 0.999389 -0.142156
-0.220542 -0.975027 0.0261635 21.7883 0.975233 -0.219967 0.0231554 32.4491 -0.0168221 0.0306222 0.999389 -0.155173
-0.221469 -0.974814 0.0262691 21.6339 0.975021 -0.220888 0.0232832 33.1436 -0.0168942 0.0307694 0.999384 -0.169502
-0.222426 -0.974568 0.0272687 21.4826 0.974796 -0.221807 0.0239734 33.8236 -0.0173153 0.0319137 0.999341 -0.18539
-0.223074 -0.97441 0.0276242 21.3148 0.974635 -0.222422 0.0247953 34.5138 -0.0180166 0.0324547 0.999311 -0.196966
-0.22364 -0.97432 0.0261889 21.1448 0.974524 -0.223057 0.0234177 35.2007 -0.0169748 0.0307588 0.999383 -0.192161
-0.224578 -0.974141 0.024782 20.9927 0.97433 -0.224066 0.0218291 35.8832 -0.0157119 0.0290482 0.999455 -0.177364
-0.225117 -0.973977 0.0263066 20.8395 0.974214 -0.224588 0.0216033 36.5659 -0.0151329 0.0304916 0.99942 -0.201321
-0.22561 -0.973827 0.027601 20.6721 0.974099 -0.22505 0.0219773 37.265 -0.0151904 0.0318444 0.999377 -0.187603
-0.226056 -0.973703 0.0283189 20.5076 0.973975 -0.225438 0.0234537 37.9649 -0.0164527 0.0328838 0.999324 -0.208229
-0.225948 -0.973725 0.0284051 20.3539 0.974008 -0.225343 0.022988 38.6542 -0.0159831 0.0328609 0.999332 -0.217184
-0.22649 -0.973591 0.0286935 20.184 0.973896 -0.225906 0.0222194 39.3472 -0.0151505 0.0329769 0.999341 -0.217724
-0.227095 -0.973376 0.0310832 20.0361 0.973775 -0.226506 0.0213606 40.0298 -0.0137514 0.0351189 0.999289 -0.222839
-0.227774 -0.973167 0.0326215 19.8667 0.973634 -0.227198 0.0204255 40.7129 -0.0124659 0.0364138 0.999259 -0.223788
-0.22839 -0.973027 0.0325124 19.7058 0.973516 -0.227901 0.0180853 41.4046 -0.0101879 0.0357818 0.999308 -0.225795
-0.229265 -0.972759 0.0343258 19.5573 0.973317 -0.228764 0.0179095 42.1105 -0.00956908 0.0375159 0.99925 -0.214231
-0.230481 -0.97215 0.0424691 19.4002 0.973028 -0.22981 0.0201149 42.7969 -0.00979488 0.0459597 0.998895 -0.227161
-0.232167 -0.971863 0.039749 19.2215 0.972627 -0.231551 0.0195218 43.4834 -0.00976864 0.0431933 0.999019 -0.22883
-0.233296 -0.971773 0.0350749 19.0566 0.972368 -0.232818 0.0171946 44.1722 -0.00854321 0.0381172 0.999237 -0.241448
-0.235738 -0.971216 0.0341719 18.8993 0.971788 -0.235317 0.0159172 44.8665 -0.00741783 0.0369601 0.999289 -0.22816
-0.237825 -0.970567 0.0379456 18.7335 0.971275 -0.237313 0.0175317 45.5577 -0.00801065 0.0410251 0.999126 -0.24534
-0.238377 -0.97045 0.037466 18.5537 0.971103 -0.237721 0.0211336 46.2499 -0.0116027 0.0414211 0.999074 -0.260394
-0.239866 -0.970158 0.0354746 18.3616 0.970692 -0.239118 0.0240685 46.9487 -0.0148676 0.0402081 0.999081 -0.248786
-0.241832 -0.969665 0.0356078 18.1966 0.970213 -0.241104 0.0235642 47.6214 -0.0142642 0.0402457 0.999088 -0.266728
-0.242855 -0.969463 0.0340994 18.025 0.96999 -0.242256 0.0207871 48.2972 -0.0118915 0.0381243 0.999202 -0.27693
-0.243518 -0.969382 0.0315738 17.8474 0.969847 -0.243047 0.0180234 48.9895 -0.00979759 0.0350108 0.999339 -0.256387
-0.244128 -0.969262 0.0305277 17.6756 0.969699 -0.243696 0.0172224 49.6844 -0.00925354 0.0338071 0.999386 -0.255811
-0.244867 -0.969149 0.028101 17.4954 0.969504 -0.244447 0.0175569 50.3788 -0.0101461 0.0315432 0.999451 -0.261272
-0.245263 -0.969114 0.0257534 17.3214 0.96939 -0.244848 0.0182431 51.0486 -0.011374 0.0294394 0.999502 -0.258357
-0.246125 -0.96895 0.0236152 17.13 0.96916 -0.245723 0.0187105 51.7317 -0.0123267 0.027492 0.999546 -0.285995
-0.246493 -0.968897 0.0219106 16.9537 0.969079 -0.246149 0.0172473 52.4186 -0.0113176 0.0254844 0.999611 -0.270524
-0.247232 -0.968714 0.0216573 16.7771 0.968906 -0.246928 0.015743 53.1089 -0.0099027 0.0248761 0.999641 -0.270284
-0.247663 -0.968677 0.0181145 16.6089 0.968802 -0.24743 0.0141829 53.7979 -0.00925658 0.021062 0.999735 -0.254829
-0.248306 -0.968553 0.0157502 16.4229 0.968633 -0.248098 0.0140801 54.4738 -0.00972971 0.0187524 0.999777 -0.258318
-0.248758 -0.968443 0.0154126 16.2424 0.968505 -0.248533 0.015139 55.1742 -0.0108307 0.0186931 0.999767 -0.273301
-0.249602 -0.968246 0.0140638 16.0556 0.96828 -0.249386 0.0155098 55.8821 -0.01151 0.017489 0.999781 -0.264374
-0.249926 -0.968173 0.0133394 15.8629 0.968198 -0.249723 0.0152358 56.5791 -0.0114197 0.016723 0.999795 -0.269393
-0.250001 -0.968169 0.0122084 15.6903 0.968162 -0.249794 0.0162811 57.2762 -0.0127132 0.01589 0.999793 -0.277186
-0.250643 -0.968009 0.0116492 15.5088 0.967981 -0.250428 0.0172505 57.9656 -0.0137813 0.0155999 0.999783 -0.27635
-0.251246 -0.967853 0.0116922 15.3182 0.967823 -0.251028 0.0174335 58.669 -0.013938 0.0156961 0.99978 -0.282022
-0.251561 -0.967776 0.0112466 15.1404 0.967738 -0.251346 0.0175744 59.3831 -0.0141813 0.0153048 0.999782 -0.280738
-0.252135 -0.967629 0.0110946 14.9559 0.967571 -0.251906 0.0186843 60.0946 -0.0152846 0.0154458 0.999764 -0.287012
-0.252833 -0.967421 0.0130922 14.7691 0.96737 -0.252543 0.0204157 60.7904 -0.0164442 0.0178268 0.999706 -0.294529
-0.253423 -0.967241 0.0148658 14.592 0.967166 -0.253039 0.0237062 61.5039 -0.019168 0.0203854 0.999608 -0.304846
-0.254244 -0.966996 0.0166917 14.3995 0.966889 -0.253746 0.0271833 62.2164 -0.0220507 0.0230502 0.999491 -0.295827
-0.25468 -0.966843 0.0187757 14.2117 0.966681 -0.254023 0.0316276 62.9366 -0.0258095 0.026205 0.999323 -0.324454
-0.255055 -0.96671 0.0204703 14.0176 0.966539 -0.254297 0.0336858 63.6587 -0.0273589 0.028377 0.999223 -0.351741
-0.255273 -0.966587 0.0233501 13.8363 0.966501 -0.254435 0.0337469 64.37 -0.0266782 0.0311826 0.999158 -0.373052
-0.255287 -0.96649 0.0269242 13.6538 0.96659 -0.25445 0.0309651 65.0915 -0.0230766 0.0339297 0.999158 -0.388431
-0.254495 -0.966608 0.0300384 13.4732 0.966834 -0.253616 0.0301979 65.8206 -0.0215713 0.0367273 0.999092 -0.378144
-0.253426 -0.966827 0.0319485 13.284 0.967091 -0.252448 0.0317138 66.5366 -0.0225965 0.0389343 0.998986 -0.390633
-0.251208 -0.96739 0.0324207 13.0974 0.967625 -0.250143 0.0336088 67.2424 -0.024403 0.0398139 0.998909 -0.424041
-0.248082 -0.968118 0.0346923 12.9155 0.968498 -0.247063 0.0311647 67.963 -0.0215999 0.0413308 0.998912 -0.44794
-0.244486 -0.969075 0.0334717 12.7343 0.969541 -0.243789 0.0235949 68.6815 -0.0147052 0.0382209 0.999161 -0.425282
-0.240286 -0.970204 0.0310902 12.5564 0.970645 -0.2398 0.0185662 69.4016 -0.0105576 0.0346388 0.999344 -0.418543
-0.236867 -0.971041 0.0311895 12.3915 0.971474 -0.236348 0.019449 70.1258 -0.0115142 0.0349066 0.999324 -0.420451
-0.233548 -0.971887 0.0298316 12.2124 0.972242 -0.232967 0.0217116 70.838 -0.0141514 0.0340742 0.999319 -0.429607
-0.230583 -0.9727 0.0261964 12.0336 0.972971 -0.230132 0.0191573 71.5624 -0.0126057 0.0299057 0.999473 -0.455796
-0.228428 -0.973202 0.0264319 11.8626 0.973528 -0.228114 0.0143725 72.2952 -0.00795783 0.0290153 0.999547 -0.449822
-0.226807 -0.973603 0.0256142 11.7015 0.973924 -0.226577 0.0115744 73.0162 -0.00546525 0.0275714 0.999605 -0.4353
-0.225587 -0.973911 0.0246724 11.5347 0.974201 -0.225338 0.0124665 73.7266 -0.00658167 0.0268482 0.999618 -0.430644
-0.225496 -0.973937 0.0244656 11.3586 0.974209 -0.225203 0.0141884 74.4546 -0.00830893 0.0270341 0.9996 -0.456669
-0.226347 -0.973763 0.0235083 11.1838 0.974015 -0.22608 0.013507 75.1897 -0.00783792 0.0259547 0.999632 -0.456817
-0.226783 -0.973664 0.0234154 11.0137 0.973916 -0.226523 0.0132461 75.9155 -0.00759309 0.0258086 0.999638 -0.458071
-0.226905 -0.973647 0.0229253 10.8463 0.973874 -0.226612 0.0147115 76.6532 -0.00912861 0.0256645 0.999629 -0.44928
-0.226757 -0.97366 0.023834 10.6682 0.973884 -0.226385 0.0173136 77.3905 -0.0114619 0.0271375 0.999566 -0.458107
-0.226184 -0.973766 0.0249159 10.4976 0.974016 -0.22579 0.0176789 78.1153 -0.0115894 0.0282671 0.999533 -0.469206
-0.225287 -0.974022 0.0229515 10.3178 0.974248 -0.224989 0.0148428 78.8548 -0.00929339 0.0257043 0.999626 -0.456411
-0.224373 -0.974266 0.0215223 10.1578 0.974481 -0.224165 0.0116547 79.5855 -0.00653022 0.023588 0.9997 -0.451702
-0.223554 -0.974469 0.0208255 9.99508 0.974672 -0.223365 0.0110333 80.3188 -0.00609996 0.0227646 0.999722 -0.452324
-0.222737 -0.974648 0.0211835 9.82174 0.974842 -0.222487 0.013523 81.0557 -0.00846712 0.0236627 0.999684 -0.436067
-0.221339 -0.974954 0.0217484 9.65274 0.975118 -0.220983 0.017623 81.8063 -0.0123756 0.0251079 0.999608 -0.461346
-0.220436 -0.975182 0.0207113 9.47537 0.975286 -0.220034 0.02005 82.5408 -0.0149952 0.0246192 0.999584 -0.471923
-0.220029 -0.975279 0.020456 9.29498 0.975378 -0.219631 0.0200112 83.2731 -0.0150237 0.0243554 0.99959 -0.492162
-0.219187 -0.975482 0.0197778 9.15179 0.975577 -0.21882 0.01917 84.0255 -0.0143722 0.0234966 0.999621 -0.482546
-0.218485 -0.975602 0.0215713 8.97567 0.97574 -0.218091 0.0191857 84.7635 -0.0140131 0.0252398 0.999583 -0.473644
-0.217946 -0.975707 0.0222358 8.8108 0.975855 -0.217531 0.0196604 85.5138 -0.0143458 0.0259838 0.999559 -0.473632
-0.217417 -0.975821 0.0224347 8.64392 0.975982 -0.217014 0.0191034 86.263 -0.0137728 0.0260492 0.999566 -0.482481
-0.217365 -0.975867 0.0208924 8.47098 0.976006 -0.217015 0.0177841 87.012 -0.0128209 0.0242567 0.999624 -0.490473
-0.217198 -0.975924 0.0199382 8.30769 0.976047 -0.216872 0.0173085 87.7554 -0.0125678 0.02322 0.999651 -0.488891
-0.217182 -0.975937 0.019487 8.13338 0.976044 -0.216854 0.0176662 88.5134 -0.0130152 0.0228569 0.999654 -0.49875
-0.217149 -0.975962 0.0185504 7.96009 0.976045 -0.216827 0.0179328 89.257 -0.0134795 0.0220001 0.999667 -0.502999
-0.217239 -0.975993 0.0156404 7.79843 0.976017 -0.216957 0.0179239 90.0103 -0.0141003 0.019159 0.999717 -0.513163
-0.217286 -0.976015 0.0134808 7.62604 0.975985 -0.217018 0.0188934 90.7735 -0.0155146 0.0172624 0.999731 -0.49886
-0.217572 -0.975951 0.013505 7.45878 0.975863 -0.217245 0.0222646 91.5372 -0.0187953 0.0180232 0.999661 -0.506373
-0.217843 -0.975878 0.0143703 7.27783 0.975734 -0.21743 0.0258425 92.2905 -0.0220946 0.0196512 0.999563 -0.529179
-0.217622 -0.975936 0.0137713 7.10039 0.975735 -0.217186 0.0277624 93.055 -0.0241034 0.0194788 0.99952 -0.527432
-0.217511 -0.975964 0.0135216 6.95146 0.975675 -0.217017 0.0310252 93.837 -0.027345 0.019941 0.999427 -0.53804
-0.217322 -0.97594 0.0176572 6.77306 0.975519 -0.216533 0.038429 94.6117 -0.033681 0.0255764 0.999105 -0.577837
-0.217254 -0.975814 0.024242 6.58556 0.975375 -0.216056 0.0443008 95.3794 -0.0379917 0.0332696 0.998724 -0.621024
-0.21661 -0.975782 0.0304883 6.41416 0.975649 -0.215266 0.0420787 96.141 -0.0344966 0.0388606 0.998649 -0.634418
-0.216216 -0.975877 0.0302483 6.26083 0.976019 -0.215239 0.0325574 96.9245 -0.0252614 0.0365624 0.999012 -0.627772
-0.215514 -0.976243 0.0224533 6.11416 0.976313 -0.214964 0.0245852 97.7101 -0.0191745 0.0272199 0.999446 -0.628284
-0.214433 -0.976546 0.0193738 5.9486 0.97652 -0.213923 0.0254143 98.4885 -0.0206738 0.0243686 0.999489 -0.653799
-0.214549 -0.976349 0.0266607 5.75021 0.976403 -0.213714 0.0310414 99.2815 -0.0246095 0.0326915 0.999162 -0.677213
-0.214199 -0.97626 0.032176 5.55622 0.97646 -0.213154 0.0330471 100.064 -0.0254041 0.0384973 0.998936 -0.691852
-0.213711 -0.976424 0.0303901 5.39509 0.976628 -0.21282 0.0300886 100.852 -0.0229116 0.0361101 0.999085 -0.693743
-0.213151 -0.976679 0.0257875 5.22849 0.976794 -0.21246 0.0271096 101.653 -0.0209985 0.0309675 0.9993 -0.694971
-0.212405 -0.976905 0.0232721 5.06194 0.976964 -0.211794 0.0261772 102.459 -0.0206437 0.0282961 0.999386 -0.709957
-0.211764 -0.977049 0.0230659 4.88507 0.977069 -0.211115 0.027708 103.253 -0.0222025 0.0284045 0.99935 -0.73186
-0.211362 -0.977105 0.0243422 4.69836 0.977124 -0.210636 0.0293382 104.059 -0.0235391 0.0299864 0.999273 -0.742813
-0.210893 -0.977164 0.0259683 4.51809 0.977218 -0.210107 0.0300153 104.876 -0.0238737 0.0317067 0.999212 -0.756971
-0.210539 -0.977258 0.0253123 4.33342 0.977294 -0.209773 0.0298629 105.683 -0.0238739 0.0310249 0.999233 -0.772731
-0.209868 -0.977436 0.0239486 4.16438 0.977449 -0.209157 0.0291124 106.498 -0.0234465 0.0295183 0.999289 -0.794398
-0.20966 -0.977469 0.0244256 3.99225 0.977509 -0.208956 0.028508 107.304 -0.0227618 0.0298533 0.999295 -0.811616
-0.209701 -0.977524 0.021722 3.81871 0.977503 -0.209079 0.0278074 108.131 -0.0226408 0.0270646 0.999377 -0.801722
-0.209514 -0.977607 0.019706 3.65311 0.977498 -0.2089 0.0293029 108.956 -0.0245301 0.0254019 0.999376 -0.819034
-0.210172 -0.977381 0.0235403 3.45262 0.977308 -0.209385 0.0320432 109.783 -0.0263894 0.0297407 0.999209 -0.845968
-0.210653 -0.977202 0.0264815 3.26706 0.977204 -0.209767 0.0327058 110.597 -0.0264052 0.0327674 0.999114 -0.874141
-0.211209 -0.977173 0.0228778 3.10452 0.977136 -0.210502 0.029888 111.425 -0.0243899 0.0286674 0.999291 -0.867187
-0.211958 -0.977061 0.0206321 2.93471 0.976979 -0.211323 0.029215 112.255 -0.0241848 0.0263495 0.99936 -0.880636
-0.212951 -0.976852 0.0203246 2.74613 0.976694 -0.212253 0.0318959 113.082 -0.0268436 0.0266432 0.999285 -0.906039
-0.213937 -0.976546 0.0242642 2.55761 0.976401 -0.213023 0.035522 113.922 -0.0295201 0.031291 0.999074 -0.934463
-0.215208 -0.976085 0.0307117 2.37073 0.976122 -0.214052 0.0369839 114.74 -0.0295255 0.0379376 0.998844 -0.937022
-0.215618 -0.975986 0.0309864 2.19162 0.976055 -0.214482 0.0362546 115.57 -0.0287379 0.0380616 0.998862 -0.95945
-0.21567 -0.976112 0.0263096 2.00844 0.976123 -0.214802 0.0323029 116.394 -0.0258799 0.0326482 0.999132 -0.958715
-0.216008 -0.97616 0.0212636 1.82293 0.97611 -0.215371 0.0287197 117.223 -0.0234555 0.0269593 0.999361 -0.991014
-0.216448 -0.976106 0.0191673 1.63529 0.976016 -0.215875 0.0281244 118.053 -0.0233147 0.024795 0.999421 -1.00761
-0.216579 -0.976104 0.0177526 1.45462 0.975904 -0.215968 0.0311373 118.909 -0.0265592 0.0240685 0.999357 -1.02192
-0.216363 -0.97612 0.0194197 1.25482 0.975822 -0.215581 0.0360087 119.726 -0.0309623 0.0267412 0.999163 -1.04005
-0.216293 -0.97612 0.0201853 1.06698 0.975787 -0.215438 0.0377715 120.565 -0.0325208 0.0278662 0.999083 -1.05569
-0.216099 -0.976171 0.0197964 0.885211 0.975877 -0.2153 0.0361951 121.398 -0.0310705 0.0271406 0.999149 -1.06551
-0.216047 -0.976177 0.0200586 0.708463 0.975937 -0.215282 0.0346434 122.225 -0.0294999 0.0270605 0.999198 -1.08946
-0.215975 -0.976195 0.0199445 0.531547 0.975989 -0.215247 0.0333882 123.036 -0.0283004 0.0266766 0.999243 -1.10933
-0.215725 -0.976259 0.0195178 0.342925 0.976071 -0.215037 0.032317 123.862 -0.0273528 0.0260223 0.999287 -1.1095
-0.215296 -0.976366 0.018908 0.166917 0.976162 -0.214626 0.0322943 124.673 -0.0274729 0.0254101 0.9993 -1.13217
-0.214803 -0.976482 0.0185269 -0.0108733 0.976252 -0.214128 0.0328869 125.502 -0.0281463 0.0251512 0.999287 -1.16506
-0.214337 -0.976587 0.0183611 -0.187956 0.976346 -0.213662 0.0331103 126.33 -0.0284121 0.0250235 0.999283 -1.16572
-0.213605 -0.976734 0.0190773 -0.368552 0.976493 -0.212894 0.0337236 127.159 -0.0288775 0.0258324 0.999249 -1.18687
-0.213239 -0.976765 0.0214261 -0.549702 0.976588 -0.212461 0.0337167 127.967 -0.0283811 0.0281142 0.999202 -1.21159
-0.212619 -0.976953 0.0188789 -0.727683 0.976764 -0.211966 0.0316744 128.782 -0.0269427 0.0251748 0.99932 -1.21708
-0.211118 -0.977299 0.0177806 -0.895661 0.977107 -0.210518 0.0307114 129.609 -0.0262711 0.0238573 0.99937 -1.2275
-0.209282 -0.977727 0.0158309 -1.07022 0.977468 -0.208716 0.0315392 130.431 -0.0275326 0.0220748 0.999377 -1.24571
-0.207435 -0.978079 0.0182112 -1.25623 0.977799 -0.206739 0.0341759 131.241 -0.0296618 0.0248961 0.99925 -1.25663
-0.205907 -0.978329 0.0217986 -1.43641 0.978087 -0.205053 0.0360419 132.058 -0.030791 0.0287422 0.999113 -1.29521
-0.204329 -0.978666 0.0215174 -1.6059 0.978418 -0.203488 0.0359309 132.873 -0.0307858 0.0283947 0.999123 -1.30782
-0.203406 -0.978875 0.0207464 -1.78135 0.978654 -0.202633 0.034307 133.678 -0.0293783 0.0272818 0.999196 -1.33638
-0.203399 -0.978919 0.0186298 -1.95117 0.978698 -0.202738 0.0323623 134.486 -0.0279031 0.0248154 0.999303 -1.35377
-0.204661 -0.978683 0.0171016 -2.10996 0.978452 -0.204063 0.0314715 135.296 -0.0273108 0.023174 0.999358 -1.3655
-0.206108 -0.978352 0.018625 -2.27183 0.978117 -0.205431 0.0329516 136.111 -0.0284121 0.025009 0.999283 -1.37163
-0.207421 -0.978019 0.0213196 -2.44317 0.977746 -0.206564 0.0366588 136.92 -0.0314492 0.028449 0.9991 -1.38375
-0.208325 -0.977823 0.0215349 -2.6256 0.977536 -0.207442 0.0373036 137.729 -0.0320091 0.0288224 0.999072 -1.40825
-0.209591 -0.977539 0.022114 -2.79345 0.977319 -0.208735 0.0357494 138.527 -0.0303305 0.0291052 0.999116 -1.41766
-0.210943 -0.977193 0.0244287 -2.9616 0.977097 -0.210074 0.0339222 139.33 -0.0280167 0.0310248 0.999126 -1.43977
-0.212327 -0.97688 0.0249676 -3.14241 0.976852 -0.211502 0.0320376 140.141 -0.0260162 0.0311921 0.999175 -1.44975
-0.213342 -0.976668 0.0245777 -3.31376 0.976599 -0.212492 0.0331793 140.936 -0.0271826 0.0310812 0.999147 -1.47641
-0.214764 -0.976383 0.0235173 -3.48587 0.976221 -0.213877 0.0353518 141.711 -0.0294871 0.0305504 0.999098 -1.49071
-0.215747 -0.976186 0.022695 -3.67006 0.975999 -0.214883 0.0353667 142.493 -0.0296477 0.0297805 0.999117 -1.47911
-0.216015 -0.976125 0.0227597 -3.85181 0.975964 -0.215174 0.0345543 143.281 -0.028832 0.0296769 0.999144 -1.50662
-0.215581 -0.976246 0.0216635 -4.01748 0.976076 -0.214794 0.0337571 144.034 -0.028302 0.0284225 0.999195 -1.51577
-0.214545 -0.976482 0.0212771 -4.17316 0.976295 -0.213764 0.0339485 144.794 -0.0286019 0.0280562 0.999197 -1.55198
-0.212247 -0.977005 0.0202863 -4.33256 0.976808 -0.211512 0.0333066 145.556 -0.0282499 0.026885 0.999239 -1.54233
-0.208093 -0.977907 0.0198602 -4.4993 0.977711 -0.207386 0.032752 146.304 -0.0279097 0.026233 0.999266 -1.56225
-0.20072 -0.97948 0.0181848 -4.655 0.979234 -0.20006 0.0328015 147.061 -0.0284903 0.0243911 0.999296 -1.58689
-0.190177 -0.981582 0.0181496 -4.81314 0.981303 -0.189501 0.0336616 147.817 -0.0296022 0.0242119 0.999268 -1.59733
-0.175343 -0.984342 0.0180246 -4.93159 0.984027 -0.174656 0.0344417 148.563 -0.0307543 0.0237758 0.999244 -1.62508
-0.155916 -0.98759 0.0188754 -5.05193 0.987268 -0.155199 0.034873 149.331 -0.0315108 0.0240724 0.999213 -1.6482
-0.133015 -0.990923 0.0194472 -5.15638 0.990651 -0.132327 0.0331681 150.091 -0.0302937 0.0236772 0.999261 -1.65687
-0.107153 -0.994077 0.0181237 -5.23125 0.993895 -0.106616 0.0283732 150.838 -0.0262729 0.0210533 0.999433 -1.67138
-0.0800119 -0.996647 0.017113 -5.2871 0.996568 -0.0796168 0.022646 151.599 -0.0212076 0.0188663 0.999597 -1.6619
-0.0522587 -0.99851 0.0157278 -5.33014 0.998508 -0.0519959 0.0166799 152.345 -0.0158373 0.016576 0.999737 -1.67486
-0.0226721 -0.999662 0.0127577 -5.34336 0.999661 -0.0225051 0.0130847 153.091 -0.0127932 0.01305 0.999833 -1.66653
0.00766514 -0.999945 0.00710896 -5.33635 0.999927 0.00773126 0.00932035 153.853 -0.0093748 0.007037 0.999931 -1.67585
0.0396123 -0.999212 0.0025966 -5.31217 0.99918 0.0396325 0.00823947 154.595 -0.00833588 0.00226809 0.999963 -1.69349
0.0727376 -0.997351 -0.000105206 -5.25741 0.997325 0.072735 0.0071992 155.358 -0.00717247 -0.000628576 0.999974 -1.68692
0.107703 -0.994183 0.000585022 -5.16925 0.994137 0.107704 0.00956377 156.118 -0.00957114 -0.000448454 0.999954 -1.67993
0.143733 -0.989614 0.00226512 -5.05588 0.989532 0.14375 0.012749 156.884 -0.0129422 0.000408958 0.999916 -1.69105
0.180453 -0.983579 0.00309537 -4.90418 0.983472 0.180479 0.0144724 157.634 -0.0147934 0.000432619 0.99989 -1.71332
0.21706 -0.976153 0.00324269 -4.72669 0.976064 0.217084 0.0131832 158.383 -0.0135727 0.000303519 0.999908 -1.73084
0.25341 -0.967354 0.00298394 -4.51794 0.967312 0.253427 0.00907352 159.12 -0.00953352 0.000587084 0.999954 -1.71872
0.289695 -0.957102 0.00562142 -4.28678 0.957077 0.289733 0.00764137 159.829 -0.00894228 0.00316647 0.999955 -1.72075
0.325167 -0.945631 0.00690179 -4.01752 0.945624 0.325208 0.00592257 160.57 -0.00784509 0.00460068 0.999959 -1.71823
0.358516 -0.933484 0.0085769 -3.72244 0.933495 0.358561 0.00449506 161.288 -0.00727141 0.00639494 0.999953 -1.72817
0.388295 -0.921485 0.00965551 -3.40146 0.921517 0.388332 0.00221581 161.998 -0.00579138 0.00803733 0.999951 -1.73361
0.414087 -0.910175 0.0106533 -3.067 0.910233 0.414092 -0.00183378 162.707 -0.00274239 0.0104563 0.999942 -1.73963
0.435686 -0.900033 0.0109133 -2.72085 0.900098 0.435667 -0.00413685 163.406 -0.00103126 0.0116254 0.999932 -1.72242
0.452899 -0.891526 0.00798524 -2.36771 0.89156 0.452861 -0.00617725 164.098 0.00189097 0.00991699 0.999949 -1.69716
0.46618 -0.884655 0.00782166 -2.00762 0.884688 0.466143 -0.00614512 164.776 0.00179031 0.00978446 0.999951 -1.70632
0.475947 -0.879439 0.00783332 -1.62657 0.879471 0.475903 -0.00691275 165.47 0.00235144 0.0101793 0.999945 -1.70425
0.481653 -0.876337 0.00661501 -1.25127 0.876355 0.481606 -0.00755967 166.172 0.00343899 0.00943823 0.99995 -1.69138
0.484649 -0.874693 0.00520034 -0.866134 0.874697 0.484602 -0.00818458 166.874 0.00463891 0.00851536 0.999953 -1.67562
0.483975 -0.875063 0.00572206 -0.477373 0.875072 0.48393 -0.00776685 167.574 0.00402741 0.00876618 0.999953 -1.68275
0.481162 -0.876604 0.00695101 -0.0960455 0.876623 0.481107 -0.00824138 168.276 0.00388025 0.0100588 0.999942 -1.67329
0.476124 -0.879354 0.00643226 0.281314 0.879368 0.476071 -0.00822801 168.992 0.00417312 0.00957388 0.999945 -1.66746
0.470417 -0.882437 0.00356629 0.651012 0.882426 0.470376 -0.00843954 169.696 0.00576986 0.00711709 0.999958 -1.66003
0.464643 -0.885497 -0.00107566 1.01597 0.885447 0.464629 -0.0101384 170.414 0.00947734 0.00375831 0.999948 -1.6485
0.459005 -0.88841 -0.00652165 1.38321 0.888351 0.45905 -0.0102467 171.147 0.012097 -0.00109023 0.999926 -1.63381
0.453749 -0.891066 -0.0106654 1.7657 0.891036 0.453842 -0.00907741 171.9 0.012929 -0.00538442 0.999902 -1.62001
0.448877 -0.893523 -0.0112377 2.12795 0.893515 0.448968 -0.00760026 172.649 0.0118364 -0.00662952 0.999908 -1.59198
0.443608 -0.896165 -0.0100275 2.48717 0.896174 0.443672 -0.00527673 173.404 0.00917775 -0.0066456 0.999936 -1.58873
0.438529 -0.898645 -0.0113865 2.85139 0.898677 0.438594 -0.00387439 174.161 0.00847576 -0.00853376 0.999928 -1.57772
0.43332 -0.901165 -0.0116365 3.21609 0.901206 0.43338 -0.00309328 174.927 0.00783056 -0.00914648 0.999928 -1.57717
0.428834 -0.903278 -0.0137983 3.57362 0.903339 0.428914 -0.00338439 175.693 0.00897533 -0.0110132 0.999899 -1.56143
0.424716 -0.905155 -0.0175943 3.92282 0.905275 0.424819 -0.00238645 176.466 0.0096345 -0.0149141 0.999842 -1.5519
0.421476 -0.90658 -0.0217017 4.27835 0.906786 0.421591 -0.000824254 177.243 0.0098965 -0.0193314 0.999764 -1.54425
0.418505 -0.907904 -0.0237365 4.63808 0.908182 0.418569 0.00246903 178.039 0.00769369 -0.0225903 0.999715 -1.55788
0.416487 -0.908919 -0.0201198 5.00243 0.909133 0.416477 0.00488041 178.826 0.00394351 -0.0203242 0.999786 -1.52969
0.414841 -0.90975 -0.0161724 5.35021 0.909893 0.414802 0.00589063 179.618 0.00134934 -0.0171588 0.999852 -1.52575
0.412899 -0.910619 -0.0169589 5.70356 0.910775 0.41286 0.00592189 180.421 0.00160908 -0.0178909 0.999839 -1.51595
0.411134 -0.911357 -0.0199584 6.0537 0.911566 0.41113 0.00447145 181.225 0.00413039 -0.0200317 0.999791 -1.51703
0.409924 -0.911873 -0.0211948 6.42455 0.912106 0.409936 0.00395177 182.03 0.00508499 -0.0209518 0.999768 -1.5055
0.408832 -0.912384 -0.0203194 6.79383 0.9126 0.408831 0.00436875 182.851 0.00432125 -0.0203296 0.999784 -1.48846
0.407998 -0.912788 -0.0188759 7.16987 0.912977 0.40798 0.00496551 183.663 0.00316854 -0.0192592 0.99981 -1.46474
0.407065 -0.913253 -0.0163542 7.50684 0.913396 0.407042 0.0048861 184.493 0.0021946 -0.0169268 0.999854 -1.49146
0.406607 -0.913452 -0.0166553 7.87388 0.9136 0.406585 0.0048005 185.319 0.00238675 -0.0171682 0.99985 -1.48823
0.405725 -0.913802 -0.018818 8.2405 0.913992 0.405693 0.00565301 186.147 0.00246861 -0.0194931 0.999807 -1.47809
0.404606 -0.914284 -0.0194497 8.61028 0.914486 0.404585 0.00521804 186.991 0.00309829 -0.0198977 0.999797 -1.47506
0.403216 -0.914901 -0.0192855 8.97105 0.915092 0.403232 0.00321683 187.841 0.00483347 -0.0189451 0.999809 -1.46156
0.402174 -0.915341 -0.0201603 9.33868 0.915537 0.402233 0.00118576 188.677 0.00702375 -0.0189343 0.999796 -1.44533
0.401669 -0.915484 -0.0234922 9.71879 0.915753 0.401737 0.00194 189.532 0.00766168 -0.0222923 0.999722 -1.41489
0.400995 -0.915859 -0.0201212 10.0939 0.91606 0.401035 0.00220381 190.386 0.00605091 -0.0193159 0.999795 -1.44132
0.400057 -0.916331 -0.017096 10.4568 0.916471 0.400099 0.0010118 191.241 0.00591297 -0.0160728 0.999853 -1.41122
0.398945 -0.916824 -0.0166282 10.815 0.916951 0.399 3.56587e-05 192.102 0.00660195 -0.0152615 0.999862 -1.41172
0.39831 -0.917034 -0.0199222 11.1951 0.917222 0.398376 0.00074927 192.971 0.0072494 -0.0185715 0.999801 -1.3942
0.397922 -0.917144 -0.0224795 11.5714 0.917391 0.397982 0.00195543 193.836 0.00715302 -0.0214006 0.999745 -1.37301
0.397741 -0.91719 -0.0237574 11.9443 0.917472 0.397791 0.00280621 194.7 0.00687664 -0.0229129 0.999714 -1.36788
0.397491 -0.917371 -0.0207465 12.3165 0.917589 0.39752 0.0029108 195.586 0.00557686 -0.0201938 0.999781 -1.36124
0.397153 -0.917556 -0.0190168 12.6831 0.917737 0.39718 0.00245853 196.458 0.00529728 -0.0184289 0.999816 -1.3433
0.397046 -0.917573 -0.0203778 13.0627 0.917778 0.397088 0.00210933 197.336 0.00615632 -0.0195398 0.99979 -1.33221
0.396828 -0.917588 -0.0236404 13.4472 0.917869 0.396871 0.00306852 198.221 0.00656653 -0.0229164 0.999716 -1.31526
