1 0 0 0 0 1 0 0 0 0 1 0
1 1.43981e-05 3.71137e-05 0.00023126 -1.44004e-05 1 6.14544e-05 -0.00166014 -3.71128e-05 -6.1455e-05 1 -0.000758388
1 3.39149e-06 -1.00224e-05 0.00166576 -3.39118e-06 1 3.03916e-05 -0.000975066 1.00225e-05 -3.03916e-05 1 -0.000756116
1 1.59047e-05 9.94297e-05 0.00242601 -1.59115e-05 1 6.85076e-05 -0.000990077 -9.94286e-05 -6.85091e-05 1 -0.000286274
1 0.000106439 3.42229e-05 -0.00204519 -0.00010644 1 3.61566e-05 -0.00158217 -3.42191e-05 -3.61603e-05 1 0.00106886
1 -0.000120787 3.24409e-05 -0.00330654 0.000120785 1 6.10437e-05 0.000560182 -3.24483e-05 -6.10397e-05 1 0.00147092
1 -4.11737e-05 4.92479e-05 -0.000998077 4.11707e-05 1 6.22585e-05 -0.000321956 -4.92504e-05 -6.22565e-05 1 0.00052223
1 4.98451e-06 4.17116e-05 -0.000240442 -4.98593e-06 1 3.39113e-05 0.000565916 -4.17114e-05 -3.39115e-05 1 0.000172527
1 -8.15097e-05 6.67936e-06 -0.000839427 8.15093e-05 1 6.24836e-05 0.000962529 -6.68445e-06 -6.24831e-05 1 0.000819065
1 2.23235e-05 -8.02993e-06 -0.000763374 -2.23232e-05 1 3.31322e-05 -0.0015702 8.03067e-06 -3.3132e-05 1 0.000890333
1 -6.57641e-07 4.56117e-05 -0.00122418 6.54349e-07 1 7.21867e-05 -0.00323768 -4.56118e-05 -7.21867e-05 1 3.35711e-05
1 -2.82157e-05 3.82175e-05 -0.00161528 2.82163e-05 1 -1.52599e-05 -0.000407967 -3.82171e-05 1.5261e-05 1 -0.000399564
1 -8.95554e-06 6.87085e-06 0.000201359 8.95529e-06 1 3.60693e-05 -0.00272235 -6.87118e-06 -3.60692e-05 1 0.00128794
1 2.05265e-06 -3.4008e-05 0.00219866 -2.05332e-06 1 -1.96142e-05 -0.000405289 3.4008e-05 1.96143e-05 1 0.00284165
1 -0.000100861 -2.34209e-05 -0.0019161 0.00010086 1 -3.26717e-05 -0.00178492 2.34242e-05 3.26694e-05 1 0.00325674
1 -7.05042e-06 6.81863e-06 -0.00219694 7.05058e-06 1 -2.40664e-05 -0.00114735 -6.81846e-06 2.40664e-05 1 0.00260203
1 -7.90078e-05 3.34834e-05 -0.000912513 7.9009e-05 1 -3.54132e-05 -0.00157109 -3.34806e-05 3.54159e-05 1 0.000894549
1 -0.000154636 4.81534e-05 -0.00292101 0.000154635 1 9.88694e-06 -0.00259468 -4.81549e-05 -9.8795e-06 1 0.000450475
1 -0.000313858 1.72962e-05 -0.00508096 0.000313858 1 -4.0789e-05 0.000209783 -1.72834e-05 4.07944e-05 1 4.76599e-05
1 -0.00049304 -0.000192165 -0.00965003 0.000493028 1 -6.18578e-05 0.00379217 0.000192196 6.1763e-05 1 0.00335637
1 -0.00082275 -0.000453759 -0.00860617 0.000822762 1 2.44918e-05 0.00716678 0.000453738 -2.48651e-05 1 0.00242819
0.999998 -0.00171365 -0.000873856 -0.00117249 0.00171393 0.999998 0.000311413 0.0131597 0.000873321 -0.000312911 1 0.000277728
0.999996 -0.00264007 -0.00124703 0.0117717 0.00264085 0.999996 0.000624751 0.0169265 0.00124538 -0.000628041 0.999999 -3.97205e-05
0.999989 -0.00428034 -0.00191846 0.0379746 0.00428234 0.99999 0.00104146 0.0197193 0.00191399 -0.00104966 0.999998 0.00472956
0.999967 -0.00712787 -0.00382937 0.0674801 0.00713586 0.999972 0.00207813 0.0162124 0.00381445 -0.00210539 0.999991 0.00875892
0.999927 -0.0110287 -0.00494771 0.0968101 0.011045 0.999934 0.00327781 0.0221643 0.00491123 -0.00333221 0.999982 0.00418748
0.999859 -0.0159563 -0.00520783 0.125547 0.0159898 0.999851 0.00644745 0.030781 0.00510417 -0.00652982 0.999966 0.0111936
0.999745 -0.0218238 -0.00580992 0.161536 0.021869 0.99973 0.00783543 0.0427753 0.00563735 -0.00796049 0.999952 0.0133262
0.999529 -0.0298686 -0.00699069 0.20172 0.0299538 0.999474 0.0124146 0.0509541 0.0066162 -0.0126182 0.999898 0.00655978
0.999208 -0.0389446 -0.0081779 0.230261 0.0390594 0.999133 0.0143773 0.0706648 0.0076109 -0.0146853 0.999863 -0.00897612
0.998777 -0.0488321 -0.00773425 0.274586 0.0489503 0.998674 0.0159122 0.0888415 0.00694697 -0.0162714 0.999843 -0.00944873
0.998206 -0.0596352 -0.00534228 0.339757 0.0597229 0.998051 0.0181167 0.0992716 0.00425147 -0.0184033 0.999822 0.00194572
0.997508 -0.0705056 -0.00261408 0.401923 0.0705418 0.997341 0.0183089 0.114862 0.00131625 -0.0184477 0.999829 -0.00711623
0.996494 -0.0836519 -0.00149856 0.475383 0.0836653 0.996318 0.018729 0.142537 -7.36771e-05 -0.0187887 0.999823 0.0118647
0.995218 -0.0976445 -0.0024348 0.532328 0.0976731 0.99504 0.0188437 0.161168 0.000582736 -0.0189914 0.999819 0.0180078
0.993611 -0.112767 -0.00462895 0.599579 0.112838 0.99341 0.0201003 0.182166 0.0023318 -0.0204942 0.999787 0.017757
0.991593 -0.129243 -0.00630053 0.677301 0.129347 0.991383 0.0207024 0.213119 0.00357059 -0.0213434 0.999766 0.00611931
0.989137 -0.146862 -0.00621188 0.769892 0.146964 0.988903 0.0217506 0.242559 0.00294859 -0.0224273 0.999744 0.0103676
0.986198 -0.165464 -0.00589233 0.854788 0.165559 0.985907 0.024023 0.280348 0.00183434 -0.024667 0.999694 0.0152148
0.982527 -0.186031 -0.00572141 0.947941 0.186117 0.982201 0.0253388 0.325836 0.000905773 -0.0259609 0.999663 0.00428703
0.97792 -0.208904 -0.00559377 1.05536 0.208979 0.977572 0.0260866 0.37176 1.87067e-05 -0.0266796 0.999644 0.00381051
0.972629 -0.232328 -0.00405571 1.14507 0.232362 0.972407 0.0208164 0.401571 -0.000892424 -0.021189 0.999775 -0.027168
0.967068 -0.254509 -0.00236404 1.25715 0.25452 0.967023 0.00933173 0.435412 -8.89281e-05 -0.00962611 0.999954 -0.0153777
0.961401 -0.275153 -0.000341987 1.37123 0.27515 0.961395 -0.00349833 0.462547 0.00129136 0.0032692 0.999994 0.0198258
0.954943 -0.296788 -0.000825977 1.50599 0.29676 0.954883 -0.0114839 0.52351 0.00419701 0.0107214 0.999934 0.0629899
0.948098 -0.317968 -0.00262753 1.61694 0.317899 0.948012 -0.0146046 0.560856 0.00713473 0.0130113 0.99989 0.0426856
0.941443 -0.337167 -0.00194883 1.73062 0.337108 0.94136 -0.0141014 0.610921 0.00658907 0.0126187 0.999899 0.0315185
0.935635 -0.35297 0.000111858 1.85054 0.352938 0.935547 -0.0136807 0.677663 0.00472422 0.0128396 0.999906 0.0386341
0.929863 -0.367898 0.00245979 2.01866 0.367901 0.929792 -0.0116375 0.766707 0.00199431 0.0117262 0.999929 0.0484575
0.923712 -0.383081 0.00223866 2.143 0.383079 0.923636 -0.0120803 0.842499 0.00256001 0.0120163 0.999925 0.0504204
0.918216 -0.396079 0.00094081 2.26073 0.396045 0.918101 -0.0154475 0.899693 0.00525466 0.0145567 0.99988 0.0401386
0.913625 -0.406539 0.00378671 2.40356 0.40651 0.913341 -0.0236159 0.958946 0.00614225 0.0231155 0.999714 0.00791707
0.910264 -0.413875 0.0112711 2.556 0.414006 0.909594 -0.0351841 1.00988 0.00430966 0.0366931 0.999317 0.0301607
0.907463 -0.419803 0.0166444 2.72906 0.42012 0.90641 -0.043816 1.08786 0.00330748 0.046754 0.998901 0.0705269
0.904946 -0.425181 0.0171254 2.88235 0.425488 0.903595 -0.0497558 1.15167 0.00568077 0.052313 0.998615 0.0653208
0.903182 -0.429006 0.0146639 3.03092 0.429153 0.901684 -0.0528625 1.23429 0.00945616 0.0540375 0.998494 0.0430388
0.902766 -0.429892 0.0144006 3.19284 0.430009 0.901197 -0.0541838 1.28991 0.0103154 0.0551077 0.998427 0.0287104
0.902692 -0.429886 0.018608 3.36826 0.43024 0.901095 -0.0540567 1.37443 0.00647066 0.0568025 0.998364 0.0330147
0.903059 -0.428969 0.0216758 3.54257 0.429484 0.901227 -0.0577282 1.44345 0.00522876 0.0614414 0.998097 0.0695452
0.903765 -0.427594 0.0192887 3.70626 0.427924 0.901623 -0.0629046 1.54855 0.00950654 0.065105 0.997833 0.0811628
0.904375 -0.426504 0.0141389 3.89695 0.426434 0.901983 -0.0676835 1.6109 0.0161142 0.0672406 0.997607 0.0675359
0.905396 -0.424385 0.0124667 4.06691 0.424135 0.902759 -0.0716634 1.69021 0.0191584 0.0701714 0.997351 0.0415622
0.907301 -0.420209 0.0151296 4.26954 0.420139 0.904524 -0.0729373 1.7588 0.0169638 0.0725327 0.997222 0.0663743
0.909924 -0.414421 0.0171257 4.48348 0.414565 0.907379 -0.0692777 1.86017 0.0131706 0.0701372 0.99745 0.112959
0.912937 -0.407809 0.0153921 4.69424 0.407912 0.910725 -0.0647134 1.9628 0.0123728 0.065358 0.997785 0.0911204
0.916292 -0.40036 0.0109924 4.90295 0.400165 0.914016 -0.0666512 2.06082 0.0166373 0.0654708 0.997716 0.0576553
0.920828 -0.389908 0.00692352 5.11333 0.389316 0.918112 -0.0741927 2.12435 0.0225717 0.0710141 0.99722 0.0502361
0.926463 -0.376334 0.00630069 5.35361 0.37558 0.923252 -0.080908 2.18402 0.0246313 0.0773246 0.996702 0.0611284
0.932201 -0.361878 0.0067304 5.62845 0.361179 0.928873 -0.0821271 2.27867 0.0234683 0.0789899 0.996599 0.099643
0.937191 -0.348775 0.0054375 5.88658 0.348093 0.934125 -0.0790047 2.37495 0.0224756 0.0759353 0.996859 0.106718
0.941818 -0.336097 0.00426995 6.14283 0.335522 0.939296 -0.0717495 2.45229 0.020104 0.0690076 0.997414 0.094266
0.946971 -0.321269 0.00566165 6.41698 0.320944 0.944867 -0.0649723 2.54551 0.0155241 0.063344 0.997871 0.0836114
0.952278 -0.305143 0.00736814 6.70601 0.305017 0.950424 -0.0604975 2.64402 0.0114575 0.0598579 0.998141 0.10569
0.957151 -0.289511 0.00679361 7.00254 0.289415 0.955492 -0.0572215 2.726 0.010075 0.0567358 0.998338 0.116149
0.961727 -0.273945 0.00587704 7.3065 0.273875 0.960369 -0.0518057 2.81074 0.0085478 0.0514325 0.99864 0.117138
0.966263 -0.257459 0.00715173 7.61276 0.257509 0.965165 -0.0463102 2.89423 0.00502037 0.0465895 0.998902 0.103629
0.97064 -0.240372 0.00893881 7.94664 0.240532 0.969679 -0.0432137 2.96093 0.00171957 0.044095 0.999026 0.111253
0.974262 -0.225213 0.00958596 8.29512 0.225417 0.973432 -0.0402064 3.04199 -0.000276253 0.0413325 0.999145 0.124242
0.977344 -0.211403 0.0103923 8.61257 0.211644 0.976662 -0.0365843 3.10491 -0.00241574 0.0379549 0.999277 0.129152
0.98004 -0.198545 0.0100669 8.95308 0.198766 0.979555 -0.0310352 3.1734 -0.00369919 0.0324167 0.999468 0.132557
0.982385 -0.186625 0.00948861 9.29829 0.186807 0.982088 -0.0246409 3.23485 -0.00472002 0.0259794 0.999651 0.124483
0.984368 -0.175844 0.00992328 9.65541 0.176006 0.984205 -0.019029 3.3036 -0.00642042 0.0204781 0.99977 0.121636
0.986268 -0.164767 0.0112614 10.0284 0.164923 0.986196 -0.0147251 3.36756 -0.00867972 0.0163802 0.999828 0.129013
0.98785 -0.154902 0.0125766 10.4003 0.15505 0.987836 -0.0117984 3.43405 -0.010596 0.0136051 0.999851 0.123143
0.989245 -0.145705 0.0128162 10.7698 0.145834 0.989261 -0.0097993 3.49148 -0.0112508 0.0115629 0.99987 0.126545
0.990534 -0.136699 0.0124994 11.1339 0.136809 0.990562 -0.00839018 3.53614 -0.0112345 0.0100208 0.999887 0.129526
0.991625 -0.128654 0.0112737 11.513 0.12872 0.991667 -0.00527763 3.58528 -0.0105007 0.00668457 0.999923 0.139408
0.992429 -0.122344 0.0107595 11.8831 0.122372 0.992483 -0.00191064 3.64129 -0.0104449 0.00321283 0.99994 0.124263
0.993087 -0.116855 0.0111311 12.2621 0.116875 0.993146 -0.00113642 3.68913 -0.010922 0.0024295 0.999937 0.104713
0.993603 -0.112455 0.0103369 12.6522 0.112489 0.993649 -0.00276554 3.72489 -0.00996029 0.00391064 0.999943 0.121594
0.994092 -0.108054 0.0103127 13.0322 0.10807 0.994143 -0.00106324 3.77067 -0.0101374 0.00217145 0.999946 0.130674
0.99468 -0.102473 0.0105275 13.4177 0.102455 0.994735 0.00231768 3.80648 -0.0107096 -0.00122675 0.999942 0.118412
0.995347 -0.0957149 0.0110518 13.8091 0.0956583 0.995399 0.00553956 3.84458 -0.0115311 -0.0044566 0.999924 0.121486
0.996196 -0.0863245 0.0118824 14.2179 0.0862064 0.996226 0.0101194 3.88828 -0.0127111 -0.00905662 0.999878 0.118668
0.997099 -0.0751553 0.012016 14.6378 0.0750064 0.997106 0.0124013 3.92337 -0.0129132 -0.011464 0.999851 0.0967223
0.997911 -0.0634154 0.012337 15.0682 0.0632574 0.997915 0.0128013 3.93269 -0.0131231 -0.0119941 0.999842 0.100743
0.99857 -0.0518963 0.0128001 15.4903 0.051753 0.998596 0.011283 3.95038 -0.0133677 -0.0106044 0.999854 0.09649
0.99907 -0.0407814 0.0140071 15.9326 0.0406298 0.999114 0.0109368 3.96033 -0.0144407 -0.0103575 0.999842 0.110296
0.999428 -0.0307224 0.0141357 16.3769 0.0305935 0.999489 0.00924311 3.97001 -0.0144125 -0.00880536 0.999857 0.0980082
0.999662 -0.0219767 0.0138613 16.81 0.0218552 0.999722 0.00886211 3.97905 -0.0140523 -0.00855618 0.999865 0.106322
0.999807 -0.014106 0.0136513 17.2633 0.0139808 0.99986 0.00922432 3.97134 -0.0137795 -0.00903168 0.999864 0.0972312
0.999875 -0.0072863 0.0140125 17.7222 0.00714211 0.999921 0.0103132 3.97426 -0.0140865 -0.0102118 0.999849 0.10108
0.999898 -0.0013398 0.0142178 18.1926 0.00117368 0.999931 0.0116853 3.97935 -0.0142325 -0.0116674 0.999831 0.0826055
0.999889 0.00478743 0.0141401 18.6632 -0.00496723 0.999907 0.012708 3.97855 -0.014078 -0.0127768 0.999819 0.0773951
0.999831 0.0108253 0.0148538 19.1395 -0.0110219 0.999852 0.0132158 3.96884 -0.0147085 -0.0133773 0.999802 0.0715451
0.999738 0.0161997 0.0161611 19.6341 -0.0164438 0.999751 0.0150914 3.97712 -0.0159126 -0.0153531 0.999756 0.0797121
0.99965 0.021627 0.015209 20.1289 -0.0218469 0.999657 0.0144391 3.96044 -0.0148915 -0.0147663 0.99978 0.0610022
0.999571 0.026146 0.0132007 20.6292 -0.0263472 0.999536 0.0153057 3.94165 -0.0127944 -0.0156469 0.999796 0.0755068
0.999463 0.0301347 0.012905 21.1397 -0.0303331 0.99942 0.0154601 3.92 -0.0124317 -0.0158433 0.999797 0.0303528
0.9993 0.033108 0.0174308 21.6644 -0.033341 0.999356 0.0132536 3.91395 -0.0169808 -0.0138255 0.99976 0.0681332
0.999205 0.0364032 0.0162696 22.1741 -0.0366507 0.999213 0.015184 3.90498 -0.0157041 -0.0157682 0.999752 0.0819101
0.999134 0.0400016 0.0114685 22.7094 -0.0402522 0.998936 0.0225158 3.89796 -0.0105556 -0.0229579 0.999681 0.0457371
0.999044 0.0425467 0.0100292 23.2507 -0.0427999 0.998731 0.0265505 3.86385 -0.00888679 -0.0269544 0.999597 0.0100367
0.999041 0.0430518 0.00794201 23.8011 -0.0431954 0.998888 0.0188992 3.84202 -0.00711954 -0.0192241 0.99979 -0.00357829
0.999041 0.043408 0.00577235 24.3388 -0.0434872 0.99895 0.0143854 3.81107 -0.00514185 -0.0146226 0.99988 0.070595
0.999019 0.0435866 0.0078184 24.9012 -0.0437251 0.998872 0.0185263 3.79594 -0.00700208 -0.01885 0.999798 0.0501005
0.999006 0.0429902 0.0117593 25.4759 -0.0432413 0.998822 0.022003 3.78022 -0.0107996 -0.0224896 0.999689 0.0157058
0.999009 0.0419913 0.0147566 26.0593 -0.0423035 0.998873 0.0215219 3.76205 -0.0138362 -0.0221248 0.999659 0.0134262
0.999029 0.0409125 0.0163184 26.6344 -0.0412148 0.998976 0.0186386 3.74413 -0.0155392 -0.019293 0.999693 0.0141251
0.999081 0.0394419 0.0167912 27.2326 -0.0397232 0.99907 0.0167637 3.7218 -0.0161144 -0.0174153 0.999718 0.0302168
0.999127 0.038351 0.0165644 27.8155 -0.0386342 0.999107 0.0171261 3.69605 -0.0158928 -0.0177511 0.999716 0.0104329
0.999162 0.0371298 0.0172323 28.4248 -0.037437 0.999139 0.0178655 3.67516 -0.0165542 -0.0184957 0.999692 0.00634279
0.999172 0.0365886 0.0177806 29.0377 -0.036907 0.999158 0.0179241 3.65661 -0.0171098 -0.0185655 0.999681 -0.00544214
0.999176 0.0363125 0.018119 29.6529 -0.036647 0.999157 0.0184829 3.63809 -0.0174325 -0.0191317 0.999665 -0.00755689
0.999173 0.0363659 0.0181632 30.2877 -0.0366879 0.99917 0.0177198 3.62125 -0.0175037 -0.0183716 0.999678 -0.0290071
0.999155 0.0365913 0.0187441 30.9206 -0.0368889 0.999195 0.0157844 3.59152 -0.0181514 -0.0164625 0.9997 -0.0313673
0.999151 0.0365558 0.0190218 31.5658 -0.0368321 0.999218 0.0143851 3.58135 -0.0184811 -0.0150735 0.999716 -0.029416
0.999109 0.0371951 0.0199522 32.2118 -0.0375183 0.999167 0.0160776 3.55228 -0.0193375 -0.0168118 0.999672 -0.0229761
0.999081 0.0376376 0.0205196 32.8792 -0.0380213 0.999103 0.018644 3.53741 -0.0197995 -0.0194071 0.999616 -0.0527572
0.99907 0.0381373 0.0201364 33.5467 -0.0385169 0.999081 0.0188116 3.51009 -0.0194005 -0.0195697 0.99962 -0.0764081
0.999087 0.0380937 0.0193399 34.2074 -0.0384333 0.999108 0.0175016 3.48908 -0.0186559 -0.0182289 0.99966 -0.0679748
0.999048 0.0389312 0.0197035 34.8831 -0.0392922 0.999061 0.0182763 3.4663 -0.0189735 -0.019033 0.999639 -0.0693696
0.99899 0.0401066 0.0202711 35.5792 -0.0405236 0.998966 0.020598 3.44392 -0.019424 -0.0213986 0.999582 -0.0854577
0.99893 0.0408003 0.021759 36.2896 -0.0412964 0.998885 0.0228608 3.42305 -0.020802 -0.0237349 0.999502 -0.10706
0.998873 0.0413953 0.0232219 36.9918 -0.0419186 0.998867 0.0225219 3.39521 -0.0222633 -0.0234699 0.999477 -0.120143
0.998846 0.0423211 0.0226859 37.691 -0.0428166 0.998845 0.0218162 3.37401 -0.0217364 -0.0227624 0.999505 -0.123546
0.998848 0.0431069 0.0210844 38.4033 -0.0435877 0.998787 0.022902 3.34404 -0.0200716 -0.0237947 0.999515 -0.1246
0.998818 0.0439056 0.0208635 39.1308 -0.0444525 0.99866 0.0265167 3.32508 -0.0196713 -0.0274128 0.999431 -0.149892
0.998773 0.0449413 0.0207835 39.857 -0.0455002 0.998593 0.0272493 3.28771 -0.0195297 -0.0281615 0.999413 -0.169403
0.998733 0.0457716 0.0208915 40.5884 -0.0463221 0.99857 0.0266755 3.26161 -0.0196407 -0.0276094 0.999426 -0.166113
0.998715 0.0465121 0.0201416 41.332 -0.0470192 0.998569 0.025481 3.23733 -0.0189276 -0.0263953 0.999472 -0.174141
0.998738 0.0473422 0.0167819 42.0646 -0.0477741 0.998511 0.0263456 3.20105 -0.0155096 -0.0271141 0.999512 -0.181421
0.99877 0.047658 0.0137136 42.8023 -0.0480342 0.998438 0.0285518 3.17892 -0.0123315 -0.0291754 0.999498 -0.195744
0.998775 0.0478969 0.0123925 43.5447 -0.0482315 0.998436 0.0282805 3.13435 -0.0110186 -0.0288435 0.999523 -0.202932
0.998736 0.0483865 0.0136241 44.2917 -0.0487558 0.998412 0.0282205 3.10667 -0.012237 -0.0288491 0.999509 -0.193873
0.998707 0.0487496 0.0144269 45.04 -0.0491293 0.998421 0.0272541 3.08872 -0.0130755 -0.0279277 0.999524 -0.206225
0.998668 0.0493112 0.0152044 45.8013 -0.04971 0.998397 0.0270708 3.0438 -0.0138451 -0.0277905 0.999518 -0.197124
0.998663 0.0498197 0.0137955 46.5599 -0.0501579 0.998419 0.0253648 3.00257 -0.01251 -0.0260229 0.999583 -0.225281
0.998682 0.0504358 0.00951848 47.3131 -0.0506447 0.998448 0.0231587 2.97207 -0.00833568 -0.0236102 0.999686 -0.212755
0.998697 0.0504551 0.00762584 48.0741 -0.0506316 0.998403 0.0250745 2.94342 -0.00634853 -0.0254279 0.999656 -0.206979
0.998672 0.0507044 0.00912791 48.8452 -0.0509231 0.998375 0.0255732 2.92048 -0.0078164 -0.0260041 0.999631 -0.215473
0.998614 0.0511167 0.0125731 49.6294 -0.0514134 0.998376 0.0245333 2.87518 -0.0112987 -0.0251457 0.99962 -0.233756
0.998615 0.0505678 0.0145583 50.4008 -0.0508343 0.998535 0.0185565 2.83044 -0.0135986 -0.0192709 0.999722 -0.229153
0.99868 0.0496057 0.0133595 51.1791 -0.0498116 0.998638 0.0155444 2.79477 -0.0125702 -0.0161893 0.99979 -0.223667
0.998743 0.0493441 0.00877663 51.965 -0.0494786 0.99865 0.0158361 2.76305 -0.00798336 -0.0162505 0.999836 -0.230021
0.99877 0.0493051 0.00518511 52.7455 -0.0493909 0.998618 0.0179796 2.72342 -0.00429146 -0.0182136 0.999825 -0.231579
0.998809 0.0485712 0.00468899 53.5405 -0.0486402 0.998689 0.0159511 2.6823 -0.00390808 -0.0161602 0.999862 -0.238456
0.998821 0.048209 0.00561957 54.3417 -0.04828 0.998746 0.0132715 2.65183 -0.00497271 -0.0135272 0.999896 -0.214185
0.998821 0.0480605 0.0068708 55.1429 -0.0481391 0.998771 0.0117797 2.61433 -0.00629622 -0.0120965 0.999907 -0.224364
0.998852 0.0475033 0.00621359 55.9456 -0.0475688 0.998809 0.0108578 2.57297 -0.00569041 -0.0111409 0.999922 -0.222358
0.998913 0.0464159 0.00428052 56.7548 -0.0464564 0.998871 0.00989016 2.54678 -0.00381663 -0.0100783 0.999942 -0.220637
0.998945 0.0458188 0.0029926 57.5739 -0.0458501 0.998884 0.0113609 2.51029 -0.00246872 -0.0114862 0.999931 -0.208821
0.998942 0.0458071 0.00413433 58.3958 -0.0458485 0.998893 0.0105403 2.47721 -0.00364693 -0.0107187 0.999936 -0.225682
0.998943 0.0454618 0.00684799 59.2274 -0.0455164 0.998931 0.00803992 2.43031 -0.00647516 -0.00834311 0.999944 -0.222322
0.998993 0.0440184 0.00864589 60.0567 -0.0440725 0.999009 0.00617033 2.40778 -0.00836571 -0.00654516 0.999944 -0.21386
0.999016 0.0433816 0.00926453 60.8767 -0.0434303 0.999043 0.00512363 2.37652 -0.00903339 -0.00552094 0.999944 -0.226534
0.999061 0.0424583 0.00859361 61.7209 -0.0424945 0.999088 0.00407642 2.35481 -0.00841269 -0.00443778 0.999955 -0.227672
0.9991 0.0417768 0.00736624 62.5529 -0.0418027 0.99912 0.00340295 2.3305 -0.0072176 -0.00370781 0.999967 -0.231844
0.999115 0.0417846 0.00473144 63.3909 -0.0417868 0.999126 0.000365907 2.29222 -0.00471202 -0.000563295 0.999989 -0.230291
0.999147 0.0412034 0.00276692 64.251 -0.0411977 0.999149 -0.00207805 2.25588 -0.00285019 0.00196229 0.999994 -0.21605
0.999188 0.0402625 0.00157249 65.0835 -0.0402547 0.999179 -0.0046777 2.22638 -0.00175953 0.0046106 0.999988 -0.214426
0.999207 0.0398093 0.00102743 65.9478 -0.0398004 0.999179 -0.00756481 2.18984 -0.00132774 0.00751792 0.999971 -0.213418
0.999231 0.0391761 0.00166194 66.8056 -0.0391548 0.999169 -0.0113633 2.14403 -0.00210572 0.0112894 0.999934 -0.206604
0.999251 0.0385738 0.00311722 67.6556 -0.0385303 0.999173 -0.0129925 2.12343 -0.00361581 0.0128626 0.999911 -0.200326
0.999272 0.0379476 0.0040539 68.5074 -0.0378839 0.999173 -0.0147617 2.09739 -0.00461071 0.0145974 0.999883 -0.218919
0.999309 0.0370815 0.00235471 69.3708 -0.0370491 0.999235 -0.012544 2.06151 -0.00281805 0.0124481 0.999919 -0.180179
0.999325 0.0366973 0.00150496 70.2273 -0.0366878 0.999309 -0.00590984 2.03876 -0.00172079 0.00585064 0.999981 -0.177413
0.999344 0.0361677 0.00173772 71.1016 -0.0361699 0.999345 0.00123608 2.01997 -0.00169188 -0.00129812 0.999998 -0.189062
0.999361 0.0356631 0.0022154 71.9517 -0.0356729 0.999353 0.00456021 2.00026 -0.00205134 -0.00463633 0.999987 -0.194849
0.999379 0.0352328 0.000898574 72.8125 -0.0352396 0.999337 0.00913642 1.98877 -0.000576076 -0.00916241 0.999958 -0.187406
0.999373 0.0353954 -0.000919855 73.6787 -0.0353785 0.99927 0.0143974 1.97459 0.00142879 -0.0143558 0.999896 -0.176674
0.999389 0.0349296 -0.000860163 74.5509 -0.0349082 0.999224 0.0182412 1.94526 0.00149665 -0.0182 0.999833 -0.172946
0.99943 0.0337584 0.000276022 75.4264 -0.0337575 0.999244 0.0192735 1.94141 0.00037483 -0.0192719 0.999814 -0.164913
0.999459 0.032867 0.00097409 76.2849 -0.0328794 0.999291 0.0183675 1.91208 -0.000369715 -0.0183896 0.999831 -0.174171
0.999477 0.0322837 -0.00177281 77.1509 -0.0322464 0.999316 0.0180834 1.89284 0.0023554 -0.0180168 0.999835 -0.153011
0.999491 0.0316908 -0.00366793 78.0143 -0.031606 0.999274 0.021251 1.89457 0.00433873 -0.0211243 0.999767 -0.113594
0.999516 0.0310306 -0.00227123 78.882 -0.0309687 0.999244 0.0235144 1.85594 0.00299918 -0.0234326 0.999721 -0.123831
0.999531 0.0306054 -0.000323677 79.7479 -0.0305906 0.999283 0.0222896 1.82418 0.00100563 -0.0222692 0.999752 -0.135953
0.999553 0.0298889 -0.000528633 80.5994 -0.0298716 0.99934 0.0206925 1.80562 0.00114676 -0.0206675 0.999786 -0.120573
0.999574 0.0290333 -0.00310553 81.4519 -0.0289585 0.999341 0.0218998 1.80906 0.00373931 -0.0218006 0.999755 -0.0982151
0.999568 0.0287535 -0.00601089 82.2993 -0.028607 0.999322 0.0231742 1.78904 0.00667315 -0.0229922 0.999713 -0.100287
0.999555 0.0287458 -0.00800151 83.145 -0.028551 0.999317 0.0234763 1.76909 0.00867088 -0.0232374 0.999692 -0.0722031
0.999555 0.0287906 -0.00783611 83.9893 -0.0285985 0.999312 0.0236161 1.7497 0.00851064 -0.0233815 0.99969 -0.0588336
0.999543 0.0294992 -0.00653662 84.8402 -0.0293279 0.999259 0.0249206 1.73971 0.00726691 -0.0247175 0.999668 -0.0445541
0.999519 0.0306033 -0.00502095 85.6864 -0.0304692 0.999225 0.0249044 1.70432 0.00577922 -0.0247394 0.999677 -0.0394504
0.999474 0.0320723 -0.00483664 86.5298 -0.0319367 0.999154 0.0259117 1.69421 0.00566359 -0.0257436 0.999653 -0.0249782
0.999438 0.0332258 -0.00444651 87.3649 -0.0330914 0.999074 0.0275032 1.68204 0.00535621 -0.0273406 0.999612 -0.0194451
0.999342 0.0359219 -0.00496643 88.2068 -0.035763 0.998938 0.0290461 1.65999 0.00600455 -0.0288493 0.999566 -0.00825189
0.999243 0.0385255 -0.00536491 89.0502 -0.0383515 0.998831 0.02944 1.61504 0.00649283 -0.029212 0.999552 -0.00137556
0.999134 0.0412453 -0.0054075 89.8753 -0.0410596 0.99868 0.0308447 1.58996 0.00667256 -0.030596 0.99951 0.0260698
0.999065 0.0430221 -0.00425502 90.7172 -0.0428651 0.998572 0.0318901 1.56774 0.00562092 -0.0316779 0.999482 0.0215318
0.998986 0.0448813 -0.00359137 91.5405 -0.0447464 0.998503 0.0314707 1.54985 0.00499844 -0.0312781 0.999498 0.0239909
0.998874 0.0473078 -0.00363484 92.3788 -0.047174 0.998413 0.0307686 1.51234 0.00508466 -0.0305624 0.99952 0.0374744
0.998767 0.0495305 -0.00332419 93.2041 -0.0494066 0.998314 0.0304617 1.48616 0.00482737 -0.0302599 0.99953 0.048581
0.998659 0.0516861 -0.00311203 94.0381 -0.0515681 0.998208 0.0303705 1.4411 0.00467618 -0.0301693 0.999534 0.0673476
0.998532 0.0541248 -0.00226353 94.8759 -0.0540239 0.998019 0.0322372 1.39673 0.00400388 -0.0320676 0.999478 0.0691129
0.998447 0.055678 -0.00178916 95.7311 -0.0555938 0.997953 0.0316163 1.3592 0.00354583 -0.0314678 0.999498 0.0633818
0.998318 0.0579787 -0.00065145 96.565 -0.0579333 0.997871 0.0299439 1.30214 0.00238617 -0.0298558 0.999551 0.0791264
0.998232 0.0594365 -0.000449717 97.4126 -0.0593985 0.997813 0.0289964 1.27657 0.00217218 -0.0289184 0.999579 0.109041
0.998139 0.0609849 0.000460346 98.2547 -0.060976 0.997795 0.0262082 1.23067 0.00113897 -0.0261875 0.999656 0.0836921
0.998031 0.0627111 0.000826781 99.1021 -0.062713 0.997745 0.0239142 1.16871 0.00067477 -0.023919 0.999714 0.105488
0.997972 0.0636501 0.000592714 99.9484 -0.0636494 0.997778 0.0196722 1.12658 0.000660742 -0.0196701 0.999806 0.113274
0.99789 0.0649218 0.000758376 100.802 -0.0649253 0.997749 0.0167903 1.06609 0.000333384 -0.0168041 0.999859 0.124729
0.997831 0.0658089 0.001335 101.651 -0.0658204 0.997754 0.0124597 0.999697 -0.000512043 -0.0125205 0.999921 0.117744
0.997772 0.0667058 0.00111447 102.51 -0.0667128 0.997737 0.00837451 0.938373 -0.000553316 -0.0084302 0.999964 0.151084
0.997754 0.0669827 -0.000358981 103.363 -0.0669812 0.997749 0.00329035 0.89322 0.00057857 -0.00325892 0.999995 0.133283
0.997735 0.0672335 -0.00230845 104.213 -0.067238 0.997735 -0.00194011 0.82219 0.00217279 0.00209093 0.999995 0.146218
0.997712 0.0674485 -0.00470799 105.067 -0.0674762 0.997703 -0.00599664 0.767603 0.00429271 0.0063006 0.999971 0.159511
0.997637 0.0684492 -0.00584405 105.936 -0.0684892 0.997628 -0.00693248 0.69363 0.00535567 0.00731635 0.999959 0.181393
0.997657 0.0683471 -0.00310886 106.788 -0.0683707 0.997626 -0.00827229 0.638515 0.0025361 0.00846546 0.999961 0.176974
0.99767 0.0682197 0.000387097 107.655 -0.0682139 0.997634 -0.00856595 0.572173 -0.000970547 0.00851959 0.999963 0.167918
0.997719 0.0675035 0.000276429 108.526 -0.0674922 0.997612 -0.0146959 0.528435 -0.00126779 0.0146437 0.999892 0.156424
0.997758 0.0669146 -0.000831002 109.383 -0.0669182 0.997573 -0.0192501 0.477221 -0.000459132 0.0192626 0.999814 0.189471
0.997726 0.0673678 -0.00189575 110.249 -0.0673932 0.997483 -0.0220533 0.403822 0.000405294 0.022131 0.999755 0.204553
0.997824 0.0659279 -0.00103098 111.134 -0.0659343 0.997565 -0.0227278 0.367334 -0.000469932 0.0227463 0.999741 0.207805
0.997882 0.0650394 -0.000833648 111.987 -0.0650377 0.997504 -0.0274804 0.313304 -0.000955741 0.0274764 0.999622 0.211987
0.9979 0.0647688 -0.00117681 112.865 -0.0647762 0.9975 -0.0282333 0.254611 -0.000654774 0.0282503 0.999601 0.244677
0.997915 0.0645468 6.84413e-05 113.737 -0.0645254 0.99761 -0.0247012 0.207371 -0.00166266 0.0246453 0.999695 0.248035
0.997963 0.0637737 0.00191422 114.613 -0.0637184 0.997739 -0.0213845 0.151462 -0.00327366 0.0212189 0.999769 0.232153
0.997959 0.0637655 0.00336924 115.492 -0.0636921 0.997795 -0.0186467 0.0959363 -0.00455083 0.018394 0.99982 0.240481
0.997994 0.0632103 0.00353391 116.366 -0.0631411 0.997858 -0.0171016 0.049981 -0.00460733 0.0168441 0.999848 0.246959
0.998012 0.0628453 0.00465064 117.248 -0.0627743 0.997928 -0.014095 -0.00193257 -0.00552681 0.013775 0.99989 0.241957
0.998051 0.0622239 0.00478069 118.118 -0.0621499 0.997964 -0.0143238 -0.0544769 -0.00566224 0.0139988 0.999886 0.222206
0.998095 0.0614718 0.00519339 118.994 -0.0613865 0.997998 -0.0152313 -0.0892837 -0.00611929 0.0148835 0.999871 0.252222
0.99806 0.0619392 0.00634799 119.866 -0.0618499 0.997995 -0.0134117 -0.138641 -0.00716597 0.0129931 0.99989 0.265181
0.998034 0.0622376 0.00733064 120.738 -0.0621271 0.997964 -0.0144366 -0.209932 -0.00821421 0.0139528 0.999869 0.228372
0.998021 0.0626588 0.00535027 121.609 -0.0625351 0.997826 -0.0207948 -0.271907 -0.00664161 0.020419 0.999769 0.259086
0.997989 0.0632537 0.00413851 122.471 -0.0631463 0.997755 -0.0223209 -0.302922 -0.0055411 0.0220147 0.999742 0.274378
0.997904 0.0646189 0.00343267 123.355 -0.0645329 0.997694 -0.0210291 -0.39574 -0.00478363 0.0207635 0.999773 0.255621
0.997891 0.0646899 0.00540415 124.213 -0.0645526 0.997659 -0.022579 -0.431255 -0.00685213 0.0221825 0.99973 0.244976
0.997868 0.0650465 0.0053835 125.087 -0.0648884 0.997563 -0.0256365 -0.483266 -0.00703794 0.0252325 0.999657 0.268779
0.997805 0.0658929 0.00664351 125.943 -0.0656875 0.997462 -0.0274593 -0.544843 -0.00843603 0.0269627 0.999601 0.264088
0.997774 0.066233 0.00775226 126.829 -0.0659884 0.997416 -0.0284115 -0.600231 -0.009614 0.0278367 0.999566 0.271773
0.997768 0.0662475 0.00833544 127.687 -0.0660014 0.997455 -0.0269676 -0.661141 -0.0101008 0.0263572 0.999602 0.258521
0.997798 0.0658936 0.00757393 128.556 -0.0656532 0.997435 -0.0285072 -0.707447 -0.00943295 0.0279472 0.999565 0.241855
0.997833 0.0655554 0.00563877 129.42 -0.0653731 0.997468 -0.0280106 -0.772483 -0.00746074 0.0275813 0.999592 0.281983
0.997895 0.064762 0.00337492 130.283 -0.0646569 0.997589 -0.02521 -0.825128 -0.00499943 0.0249387 0.999676 0.269324
0.997959 0.0638502 0.00135998 131.151 -0.0638005 0.997684 -0.0235816 -0.875943 -0.00286252 0.0234467 0.999721 0.255922
0.998052 0.0623757 -0.00135539 132.018 -0.0623902 0.99777 -0.0237293 -0.920891 -0.000127766 0.0237677 0.999718 0.272546
0.998077 0.0619748 -0.000949961 132.885 -0.0619792 0.997763 -0.0250351 -0.975626 -0.000603712 0.0250459 0.999686 0.275013
0.99817 0.0604633 0.000491195 133.749 -0.0604294 0.997825 -0.0263533 -1.02581 -0.00208354 0.0262754 0.999653 0.2776
0.998282 0.0585959 0.000166521 134.606 -0.0585682 0.997891 -0.0279938 -1.0594 -0.00180649 0.0279359 0.999608 0.283997
0.998346 0.0574828 -0.00103692 135.47 -0.057488 0.997894 -0.0300394 -1.11683 -0.000692014 0.0300494 0.999548 0.292644
0.998407 0.056348 -0.00275242 136.328 -0.0564059 0.997938 -0.0306315 -1.16788 0.00102073 0.030738 0.999527 0.306929
0.998481 0.0549756 -0.00354822 137.19 -0.0550586 0.998015 -0.0305834 -1.21606 0.00185984 0.0307323 0.999526 0.306178
0.998569 0.0532807 -0.00467564 138.046 -0.0533956 0.99814 -0.0294303 -1.24709 0.00309887 0.0296379 0.999556 0.331768
0.998661 0.0513838 -0.00602762 138.902 -0.0515375 0.998251 -0.0289576 -1.28363 0.00452913 0.0292294 0.999562 0.326497
0.998733 0.0499169 -0.00637778 139.765 -0.0500772 0.99835 -0.0281057 -1.32916 0.0049643 0.0283895 0.999585 0.344651
0.998832 0.0478148 -0.00692657 140.61 -0.0479866 0.998477 -0.0272223 -1.34671 0.00561439 0.0275229 0.999605 0.348508
0.998898 0.0464025 -0.00710569 141.457 -0.0465731 0.998574 -0.0260909 -1.3899 0.00588487 0.026393 0.999634 0.361765
0.998961 0.0450121 -0.00718751 142.306 -0.0451902 0.998616 -0.0269147 -1.43537 0.00596607 0.0272115 0.999612 0.355076
0.999003 0.0436642 -0.00925904 143.14 -0.0438977 0.998678 -0.0267296 -1.44991 0.00807967 0.0271095 0.9996 0.393747
0.999059 0.0420141 -0.0107318 143.985 -0.0422748 0.998784 -0.0253539 -1.49284 0.00965349 0.0257837 0.999621 0.403666
0.999107 0.0404041 -0.0123404 144.823 -0.0406922 0.998882 -0.0240622 -1.51654 0.0113544 0.0245429 0.999634 0.418975
0.999191 0.0383297 -0.0121327 145.659 -0.0386262 0.998935 -0.0252323 -1.54886 0.0111527 0.0256805 0.999608 0.431016
0.999255 0.0363836 -0.0128999 146.483 -0.0367069 0.998994 -0.0257788 -1.56661 0.011949 0.0262331 0.999584 0.454701
0.999302 0.0350508 -0.0129338 147.314 -0.0353791 0.999033 -0.0260944 -1.62167 0.0120067 0.0265338 0.999576 0.481123
0.99939 0.0327836 -0.0120645 148.123 -0.0330978 0.999092 -0.0268387 -1.62837 0.0111737 0.0272216 0.999567 0.487263
0.999481 0.0305058 -0.0103545 148.946 -0.0307853 0.999134 -0.0280069 -1.65754 0.00949119 0.0283111 0.999554 0.503053
0.999557 0.0286291 -0.00816958 149.741 -0.0288581 0.99915 -0.0294505 -1.67063 0.00731949 0.0296732 0.999533 0.527662
0.999624 0.0263812 -0.00742659 150.524 -0.0265941 0.99919 -0.0301952 -1.69269 0.00662399 0.0303813 0.999516 0.53424
0.99968 0.0244082 -0.00657543 151.3 -0.0245953 0.999246 -0.0300581 -1.70827 0.0058368 0.0302103 0.999527 0.56724
0.999745 0.0220193 -0.00490997 152.061 -0.0221438 0.999392 -0.0269334 -1.70067 0.00431393 0.0270352 0.999625 0.573421
0.999793 0.020139 -0.00291039 152.817 -0.0202106 0.999428 -0.0271253 -1.73127 0.00236245 0.0271785 0.999628 0.563355
0.999839 0.0178524 -0.0015281 153.564 -0.017889 0.999424 -0.0288534 -1.73293 0.00101212 0.0288761 0.999582 0.590282
0.999855 0.0167205 -0.00319208 154.277 -0.0168038 0.999463 -0.0281475 -1.74067 0.00271972 0.028197 0.999599 0.60673
0.999881 0.014946 -0.0038876 154.994 -0.0150502 0.999485 -0.0283391 -1.76213 0.00346205 0.0283942 0.999591 0.612764
0.999904 0.0135317 -0.0030757 155.691 -0.0136187 0.999449 -0.0302767 -1.77124 0.00266431 0.0303156 0.999537 0.619033
0.999924 0.012225 -0.0012428 156.377 -0.0122573 0.999459 -0.0305167 -1.78038 0.000869064 0.0305297 0.999533 0.652313
0.999944 0.0105208 0.000821738 157.048 -0.0104903 0.999467 -0.030914 -1.78144 -0.00114654 0.0309037 0.999522 0.63335
0.99996 0.00885345 0.00119769 157.71 -0.00880914 0.999417 -0.0329792 -1.7743 -0.00148897 0.0329674 0.999455 0.647381
0.999967 0.00749736 -0.00309433 158.352 -0.00760624 0.999293 -0.0368195 -1.78997 0.00281609 0.0368419 0.999317 0.629097
0.99996 0.0061728 -0.00650583 159.008 -0.00642554 0.999196 -0.0395711 -1.79187 0.00625634 0.0396114 0.999196 0.691085
0.999965 0.00596084 -0.0058018 159.661 -0.00618145 0.999229 -0.0387804 -1.79895 0.00556617 0.0388149 0.999231 0.702498
0.999977 0.00549987 -0.0040245 160.305 -0.00564123 0.999336 -0.0359995 -1.79152 0.00382383 0.0360214 0.999344 0.689834
0.999989 0.0045537 -0.00144931 160.957 -0.00460179 0.999372 -0.0351205 -1.79698 0.00128847 0.0351268 0.999382 0.666693
0.999993 0.00353327 0.00105666 161.608 -0.00348454 0.999068 -0.0430275 -1.80854 -0.00120771 0.0430235 0.999073 0.667072
0.999992 0.00349617 -0.00211415 162.232 -0.0036013 0.998643 -0.0519617 -1.80161 0.00192962 0.0519689 0.998647 0.70651
0.999952 0.00422805 -0.00884957 162.873 -0.00469567 0.998557 -0.0535051 -1.80611 0.00861057 0.0535441 0.998528 0.745344
0.999898 0.00469703 -0.0134668 163.511 -0.00538015 0.998677 -0.0511468 -1.82205 0.0132087 0.0512141 0.9986 0.734073
0.999873 0.00467277 -0.0152248 164.146 -0.00543302 0.99872 -0.0502822 -1.82771 0.0149704 0.0503585 0.998619 0.73508
0.999915 0.00425864 -0.0123207 164.783 -0.00488339 0.99868 -0.0511295 -1.83709 0.0120867 0.0511854 0.998616 0.737736
0.999961 0.00463135 -0.00752245 165.411 -0.00503389 0.998506 -0.054405 -1.83024 0.00725925 0.0544407 0.998491 0.758861
0.999967 0.00468354 -0.00666174 166.016 -0.00505353 0.998381 -0.0566514 -1.82392 0.00638563 0.0566832 0.998372 0.762203
0.999915 0.00586632 -0.0116179 166.633 -0.00640917 0.998862 -0.0472524 -1.8073 0.0113275 0.0473228 0.998815 0.855129
0.999692 0.00636427 -0.0239832 167.241 -0.00706605 0.999546 -0.0292909 -1.80216 0.0237859 0.0294514 0.999283 0.779355
0.99945 0.00581422 -0.0326527 167.856 -0.00647972 0.999773 -0.0203123 -1.80836 0.0325272 0.0205127 0.99926 0.760226
0.999338 0.00528854 -0.0360024 168.457 -0.00603093 0.999771 -0.0205432 -1.802 0.0358855 0.0207467 0.999141 0.791033
0.999391 0.00643588 -0.0343002 169.044 -0.0072015 0.999727 -0.0222447 -1.78372 0.0341477 0.0224781 0.999164 0.899888
0.999461 0.0090481 -0.0315476 169.64 -0.0094683 0.999868 -0.0131957 -1.76614 0.031424 0.0134873 0.999415 0.900855
0.999447 0.0104602 -0.031574 170.255 -0.0106696 0.999922 -0.00646916 -1.79507 0.0315039 0.00680246 0.99948 0.882486
0.999495 0.0105595 -0.0299754 170.854 -0.0106272 0.999941 -0.00209848 -1.78482 0.0299515 0.00241597 0.999548 0.906237
0.999535 0.0112793 -0.0283442 171.442 -0.0113563 0.999932 -0.00255802 -1.77899 0.0283134 0.00287872 0.999595 0.931525
0.999612 0.0123738 -0.0249568 172.056 -0.0124715 0.999915 -0.0037637 -1.79155 0.0249081 0.00407348 0.999681 0.954151
0.999669 0.012609 -0.022423 172.657 -0.0127878 0.999887 -0.00784989 -1.79973 0.0223215 0.00813404 0.999718 0.979319
0.999653 0.0128713 -0.0229974 173.247 -0.0130827 0.999873 -0.00906571 -1.79076 0.0228778 0.00936342 0.999694 1.0018
0.999575 0.0140237 -0.0255619 173.854 -0.0142618 0.999856 -0.00915761 -1.80126 0.0254298 0.00951828 0.999631 1.04225
0.999539 0.0150915 -0.0263621 174.462 -0.0153169 0.999848 -0.00837222 -1.81066 0.0262317 0.00877215 0.999617 1.0292
0.999575 0.0150134 -0.0249696 175.083 -0.0152144 0.999853 -0.00787855 -1.82153 0.0248477 0.0082551 0.999657 1.06476
0.999624 0.0156701 -0.0225218 175.682 -0.0158374 0.999848 -0.00726757 -1.82058 0.0224045 0.00762152 0.99972 1.07232
0.999665 0.0161299 -0.0202612 176.3 -0.0162513 0.999851 -0.0058427 -1.83579 0.0201639 0.00617001 0.999778 1.08018
0.999675 0.0158451 -0.0199783 176.907 -0.0160359 0.999827 -0.00942995 -1.84206 0.0198254 0.00974726 0.999756 1.08549
0.999689 0.0158694 -0.0192459 177.52 -0.0161023 0.999798 -0.0120061 -1.8434 0.0190515 0.0123123 0.999743 1.13866
0.999681 0.0168259 -0.0188589 178.142 -0.0170837 0.999762 -0.013593 -1.85908 0.0186257 0.0139108 0.99973 1.15663
0.999696 0.0173478 -0.0175038 178.767 -0.0175652 0.99977 -0.0123444 -1.87547 0.0172856 0.0126481 0.999771 1.17168
0.999729 0.0168133 -0.0161313 179.404 -0.0169989 0.99979 -0.0114337 -1.8841 0.0159356 0.0117048 0.999805 1.15444
0.999736 0.0168874 -0.0156093 180.025 -0.0170779 0.99978 -0.0121499 -1.89377 0.0154007 0.0124133 0.999804 1.18263
0.999735 0.0167531 -0.0157718 180.655 -0.0169675 0.999764 -0.013555 -1.89734 0.015541 0.013819 0.999784 1.1893
0.999724 0.0164965 -0.016726 181.305 -0.0167221 0.99977 -0.0134401 -1.89903 0.0165005 0.0137161 0.99977 1.21886
0.999705 0.0169018 -0.0174662 181.943 -0.0171436 0.999758 -0.0137896 -1.91444 0.0172289 0.014085 0.999752 1.22124
0.999717 0.017088 -0.0165636 182.592 -0.0173046 0.999765 -0.0130221 -1.9206 0.0163372 0.0133051 0.999778 1.25312
0.999717 0.0171279 -0.0165165 183.242 -0.0173083 0.999791 -0.0108438 -1.93069 0.0163273 0.0111266 0.999805 1.24499
0.999711 0.0171161 -0.016865 183.894 -0.0172688 0.999811 -0.0089531 -1.93801 0.0167086 0.00924176 0.999818 1.26649
0.999687 0.0169955 -0.0183685 184.548 -0.0171243 0.99983 -0.00687856 -1.93846 0.0182485 0.00719096 0.999808 1.2663
0.999646 0.0168432 -0.0206136 185.215 -0.0169883 0.999832 -0.00688297 -1.94876 0.0204942 0.00723073 0.999764 1.28437
0.999612 0.0174552 -0.0216916 185.883 -0.0175978 0.999825 -0.00640119 -1.94904 0.021576 0.00678043 0.999744 1.32093
0.999593 0.0177092 -0.022366 186.561 -0.0178178 0.99983 -0.00466526 -1.96238 0.0222796 0.00506188 0.999739 1.3443
0.999554 0.0182348 -0.0236504 187.232 -0.0182546 0.999833 -0.000619635 -1.96091 0.0236351 0.00105109 0.99972 1.33539
0.999498 0.0185926 -0.0256405 187.909 -0.0186145 0.999827 -0.000615502 -1.97607 0.0256246 0.00109248 0.999671 1.34536
0.999417 0.0188128 -0.0284974 188.59 -0.0188356 0.999822 -0.000534754 -1.98252 0.0284823 0.00107121 0.999594 1.38301
0.999271 0.0200335 -0.0325077 189.265 -0.020042 0.999799 6.31016e-05 -1.98843 0.0325025 0.000588465 0.999471 1.4227
0.99914 0.0211211 -0.0356925 189.957 -0.0210459 0.999775 0.00248162 -2.00352 0.0357369 -0.00172831 0.99936 1.44681
0.999082 0.021566 -0.037009 190.642 -0.0214148 0.999761 0.00447561 -2.00571 0.0370966 -0.00367896 0.999305 1.47165
0.999013 0.0222813 -0.0384332 191.343 -0.0220698 0.999739 0.0059167 -2.0171 0.038555 -0.00506264 0.999244 1.48908
0.998926 0.0231179 -0.0401498 192.044 -0.0228995 0.99972 0.00589084 -2.0258 0.0402747 -0.0049651 0.999176 1.52578
0.998786 0.0244839 -0.0427418 192.739 -0.0242551 0.999689 0.00586437 -2.03746 0.0428721 -0.00482055 0.999069 1.56332
0.998706 0.0256013 -0.0439358 193.448 -0.0252385 0.999643 0.00879149 -2.04522 0.0441452 -0.00767124 0.998996 1.60984
0.9986 0.0267435 -0.0456486 194.161 -0.0263422 0.999609 0.00937008 -2.07541 0.0458813 -0.00815447 0.998914 1.60362
0.998563 0.0269874 -0.0463013 194.875 -0.0266367 0.999612 0.00817478 -2.08339 0.0465039 -0.00692971 0.998894 1.65214
0.998457 0.0276346 -0.0481744 195.584 -0.027419 0.999611 0.00513089 -2.09046 0.0482975 -0.00380208 0.998826 1.6926
0.998297 0.0290094 -0.0506126 196.3 -0.0288276 0.999575 0.00431818 -2.1121 0.0507164 -0.00285179 0.998709 1.75474
0.998164 0.0300986 -0.0525618 197.023 -0.0298399 0.999538 0.00570067 -2.12541 0.0527092 -0.00412177 0.998601 1.77816
0.998053 0.0307375 -0.0542695 197.751 -0.0304729 0.999519 0.00569543 -2.15729 0.0544185 -0.00403059 0.99851 1.8049
0.998019 0.0313442 -0.0545456 198.476 -0.031218 0.999508 0.00316522 -2.17616 0.054618 -0.00145615 0.998506 1.85197
