1 0 0 0 0 1 0 0 0 0 1 0
1 -8.55338e-06 2.61306e-05 0.000939444 8.55295e-06 1 1.65087e-05 0.000190734 -2.61307e-05 -1.65085e-05 1 0.000335871
1 -3.08424e-05 -3.23317e-05 0.00112586 3.08433e-05 1 2.70964e-05 2.14028e-05 3.23309e-05 -2.70974e-05 1 -0.000165545
1 2.74084e-05 -1.78541e-05 0.000535064 -2.74088e-05 1 -1.97202e-05 0.000431573 1.78536e-05 1.97206e-05 1 0.000478678
1 -4.07383e-05 1.29841e-05 0.00360112 4.07385e-05 1 -1.18102e-05 0.00252499 -1.29836e-05 1.18107e-05 1 0.000985714
1 -3.26788e-05 9.0614e-06 0.000577423 3.2679e-05 1 -2.75157e-05 0.00289969 -9.0605e-06 2.75159e-05 1 0.000597364
1 6.09073e-05 -1.10504e-05 0.000144507 -6.09075e-05 1 -1.48168e-05 -0.000116112 1.10495e-05 1.48175e-05 1 -0.000118711
1 -5.15326e-05 -1.78015e-05 0.00252589 5.15326e-05 1 1.4824e-06 0.00158907 1.78014e-05 -1.48332e-06 1 -0.000206821
1 3.09527e-05 -9.09031e-06 -0.000129991 -3.09527e-05 1 -5.50058e-06 0.00185398 9.09014e-06 5.50086e-06 1 -0.00136316
1 6.89346e-05 1.29793e-05 0.000749259 -6.89347e-05 1 8.66735e-06 -0.000446862 -1.29787e-05 -8.66824e-06 1 0.00165902
1 3.75491e-05 1.08659e-05 0.00189867 -3.7549e-05 1 -4.3435e-06 -7.28248e-05 -1.08661e-05 4.3431e-06 1 0.00120784
1 -9.64562e-05 3.88675e-05 0.00103163 9.64534e-05 1 7.11421e-05 0.00027628 -3.88744e-05 -7.11383e-05 1 0.00370929
1 -0.000192911 0.00012683 0.0016824 0.000192895 1 0.000119875 0.00199363 -0.000126853 -0.00011985 1 0.00347298
1 -0.000236889 0.000227243 -0.0097246 0.000236853 1 0.000159603 0.00701387 -0.000227281 -0.000159549 1 0.00416601
1 -0.000309822 0.000191409 -0.0216018 0.000309801 1 0.000106271 0.00807274 -0.000191442 -0.000106211 1 0.00522609
1 -0.000800068 0.000225847 -0.0370314 0.000800036 1 0.000143622 0.00888774 -0.000225962 -0.000143441 1 0.00479099
0.999998 -0.00202666 0.000250061 -0.0572675 0.00202659 0.999998 0.000255303 0.0131467 -0.000250578 -0.000254796 1 0.0038662
0.999994 -0.00336977 0.000257501 -0.0911122 0.00336971 0.999994 0.000213952 0.013711 -0.00025822 -0.000213083 1 0.00283758
0.999986 -0.00537539 0.000216351 -0.115189 0.0053753 0.999985 0.000409236 0.0293677 -0.000218548 -0.000408067 1 0.00713659
0.999969 -0.0079024 0.000314114 -0.147871 0.00790219 0.999969 0.000656694 0.0306822 -0.000319294 -0.000654191 1 0.00473885
0.999933 -0.0115868 0.000223027 -0.177752 0.0115867 0.999933 0.000659057 0.0399896 -0.000230648 -0.000656428 1 0.00390668
0.999882 -0.015384 0.00023647 -0.221088 0.0153837 0.999881 0.000970509 0.0379503 -0.000251372 -0.000966756 1 0.00583461
0.999786 -0.0206705 0.000247664 -0.250097 0.0206702 0.999786 0.00114813 0.0417269 -0.000271343 -0.00114277 0.999999 0.00779238
0.999642 -0.026741 8.80824e-05 -0.29687 0.0267408 0.999641 0.00162299 0.0539242 -0.000131451 -0.00162006 0.999999 0.00393072
0.999442 -0.0333991 -0.000238995 -0.340266 0.0333999 0.999429 0.00512141 0.0409823 6.78082e-05 -0.00512653 0.999987 -0.0212373
0.99914 -0.0414406 -0.00110574 -0.373692 0.0414466 0.999123 0.00602442 0.0509218 0.000855119 -0.00606507 0.999981 -0.0229746
0.99876 -0.0497597 -0.00172829 -0.417992 0.049769 0.998744 0.00585562 0.0503336 0.00143475 -0.00593437 0.999981 -0.00475656
0.998237 -0.0593261 -0.00185063 -0.46787 0.0593352 0.998224 0.00536425 0.0670078 0.00152911 -0.0054646 0.999984 -4.02925e-05
0.997576 -0.0695586 -0.00179554 -0.510822 0.0695673 0.997563 0.00535844 0.0714552 0.00141844 -0.00547036 0.999984 0.00462984
0.996788 -0.0800649 -0.00183224 -0.554396 0.080074 0.996773 0.00561611 0.0855451 0.00137667 -0.00574478 0.999983 0.00437224
0.995818 -0.0913376 -0.00187195 -0.598234 0.091347 0.995803 0.00574619 0.0863282 0.00133925 -0.00589315 0.999982 0.000982218
0.99461 -0.103671 -0.00195891 -0.652021 0.10368 0.994595 0.00549572 0.0951812 0.00137858 -0.0056692 0.999983 0.000371917
0.993277 -0.115749 -0.00173431 -0.707206 0.115756 0.993263 0.00542629 0.104093 0.00109454 -0.00559056 0.999984 -0.000652098
0.991753 -0.128151 -0.00193996 -0.752787 0.128159 0.991739 0.00532309 0.101854 0.00124178 -0.00552781 0.999984 0.000264268
0.990026 -0.140876 -0.00177184 -0.806965 0.140884 0.990013 0.00515963 0.104941 0.00102728 -0.00535779 0.999985 0.0015758
0.988068 -0.154008 -0.00157169 -0.857708 0.154015 0.988054 0.00528521 0.11158 0.000738945 -0.00546421 0.999985 0.00183721
0.985998 -0.16675 -0.00147151 -0.914602 0.166755 0.985983 0.00553406 0.120347 0.000528087 -0.00570195 0.999984 0.00104367
0.983688 -0.179875 -0.00140505 -0.957074 0.17988 0.983672 0.00565093 0.126885 0.00036565 -0.0058115 0.999983 0.0019485
0.981173 -0.193128 -0.000641617 -1.02485 0.193128 0.981157 0.00571711 0.122472 -0.000474607 -0.00573339 0.999983 -0.0016139
0.978386 -0.206785 0.000494264 -1.0822 0.206779 0.978371 0.00565873 0.134039 -0.00165371 -0.00543422 0.999984 -0.0032169
0.975396 -0.22046 0.00083474 -1.14236 0.220451 0.97538 0.00600007 0.139784 -0.00213696 -0.00566843 0.999982 -0.00927883
0.972314 -0.233676 0.000752918 -1.1886 0.233668 0.972297 0.00611927 0.1364 -0.00216199 -0.00577392 0.999981 -0.00682197
0.9688 -0.247842 0.00121325 -1.23945 0.247829 0.968781 0.00659908 0.14008 -0.0028109 -0.00609251 0.999977 -0.00580378
0.965052 -0.262056 0.00111364 -1.30984 0.262043 0.965033 0.00670704 0.138539 -0.00283232 -0.00618082 0.999977 -0.00434857
0.961261 -0.275636 0.00171733 -1.36986 0.275617 0.961241 0.00717586 0.136441 -0.00362869 -0.00642455 0.999973 -0.00317359
0.957302 -0.289083 0.0020028 -1.41452 0.28906 0.957279 0.00785254 0.154158 -0.00418728 -0.00693832 0.999967 0.00456665
0.953063 -0.302762 0.00251439 -1.48042 0.302733 0.953041 0.00807245 0.143418 -0.00484034 -0.00693236 0.999964 -0.00389725
0.948598 -0.316476 0.00214381 -1.53463 0.316447 0.948571 0.00867048 0.136615 -0.00477755 -0.0075464 0.99996 0.00397947
0.943998 -0.329945 0.00215646 -1.60194 0.329913 0.943966 0.00927774 0.130413 -0.00509676 -0.00804672 0.999955 -0.00258147
0.939156 -0.343483 0.00218805 -1.64944 0.343448 0.939123 0.0095196 0.124734 -0.00532467 -0.00818891 0.999952 -0.00158097
0.934064 -0.357097 0.00243582 -1.72254 0.357059 0.934031 0.00975175 0.10931 -0.00575745 -0.00823903 0.999949 -0.00678804
0.928807 -0.370555 0.00248408 -1.77728 0.370517 0.928776 0.00965831 0.104769 -0.00588609 -0.00805031 0.99995 -0.00724097
0.923376 -0.383887 0.00273943 -1.83356 0.38385 0.923351 0.00906427 0.0997105 -0.00600911 -0.0073182 0.999955 -0.00321499
0.917559 -0.397586 0.00318924 -1.88885 0.397547 0.91754 0.00876795 0.0913735 -0.00641227 -0.00677724 0.999956 -0.00446343
0.911627 -0.411008 0.00309019 -1.95615 0.410968 0.911606 0.0089477 0.0780432 -0.00649461 -0.00688699 0.999955 0.00777561
0.905598 -0.424127 0.00294799 -2.01211 0.424089 0.905578 0.00876716 0.0755783 -0.00638802 -0.00668931 0.999957 0.00201932
0.899315 -0.437292 0.00296951 -2.06459 0.437242 0.899283 0.0104524 0.0562209 -0.00724119 -0.00810163 0.999941 -0.00492495
0.892582 -0.450874 0.00314999 -2.11835 0.450813 0.892541 0.0117445 0.0383832 -0.00810678 -0.00906284 0.999926 -0.0111817
0.88591 -0.46385 0.00256981 -2.18723 0.463789 0.885862 0.0121946 0.0295049 -0.00793297 -0.00961149 0.999922 -0.00955645
0.878889 -0.477022 0.00200499 -2.24318 0.476963 0.878833 0.0125981 0.0223231 -0.0077716 -0.010116 0.999919 -0.00504817
0.871365 -0.490634 0.00146658 -2.29578 0.490578 0.871304 0.0127131 0.00190898 -0.00751533 -0.0103583 0.999918 -0.00534935
0.863717 -0.503976 0.000842895 -2.36678 0.503919 0.863643 0.0136431 -0.0114187 -0.00760378 -0.0113591 0.999907 -0.00245393
0.85608 -0.516843 4.75354e-05 -2.4242 0.516788 0.85599 0.014511 -0.0336921 -0.00754059 -0.012398 0.999895 -0.00581705
0.848031 -0.529946 -8.3997e-05 -2.48566 0.529886 0.847933 0.0151493 -0.0305655 -0.00795708 -0.0128916 0.999885 -0.0116989
0.839761 -0.542957 -0.000124297 -2.55227 0.542891 0.839656 0.0156983 -0.0628527 -0.00841912 -0.0132503 0.999877 -0.0178505
0.831362 -0.555732 -0.000264345 -2.6015 0.55566 0.831247 0.0164368 -0.0771211 -0.0089147 -0.0138118 0.999865 -0.0227927
0.822833 -0.568283 -0.000475149 -2.66035 0.568211 0.822715 0.0166528 -0.100655 -0.0090726 -0.0139725 0.999861 -0.0265648
0.813902 -0.581002 -0.000663649 -2.72163 0.58093 0.813782 0.016678 -0.132183 -0.00914988 -0.0139598 0.999861 -0.0284691
0.805307 -0.592858 -0.000155136 -2.78744 0.592793 0.805214 0.0150374 -0.162973 -0.0087901 -0.0122017 0.999887 -0.0207226
0.796322 -0.604873 0.000130259 -2.83743 0.604819 0.796253 0.0132504 -0.174412 -0.00811852 -0.0104728 0.999912 -0.00346831
0.78739 -0.616456 0.000477335 -2.89734 0.616401 0.78733 0.0126914 -0.205966 -0.0081995 -0.00969884 0.999919 -0.00411073
0.779181 -0.6268 0.000231987 -2.95163 0.626745 0.779117 0.0129192 -0.244204 -0.00827849 -0.00992099 0.999917 -0.00681209
0.771217 -0.636573 -2.48284e-07 -2.98949 0.63652 0.771153 0.0128767 -0.256395 -0.00819677 -0.00993089 0.999917 -0.0150265
0.763399 -0.645927 -0.000114035 -3.03376 0.645878 0.763339 0.0124277 -0.275131 -0.00794035 -0.00956096 0.999923 -0.0184275
0.755722 -0.654892 0.000369677 -3.07668 0.65484 0.755669 0.0121758 -0.30082 -0.00825318 -0.00895943 0.999926 -0.0133271
0.748153 -0.663525 0.00125606 -3.11109 0.663469 0.748111 0.0118177 -0.31749 -0.00878101 -0.00800808 0.999929 -0.018294
0.740759 -0.67177 0.00100711 -3.13927 0.671718 0.740718 0.011493 -0.341814 -0.00846662 -0.00783701 0.999933 -0.016585
0.733155 -0.680058 0.00216242 -3.19236 0.679999 0.733127 0.0111945 -0.356553 -0.00919827 -0.00673689 0.999935 -0.0275933
0.725016 -0.688728 0.00221149 -3.23067 0.688666 0.724987 0.0115247 -0.377708 -0.00954072 -0.00683264 0.999931 -0.014904
0.716652 -0.697428 0.00197451 -3.27214 0.697369 0.716623 0.0113104 -0.399699 -0.00930315 -0.00672864 0.999934 -0.0208583
0.707895 -0.706315 0.00182597 -3.31915 0.706254 0.707864 0.0115672 -0.43234 -0.0094626 -0.00689874 0.999931 -0.0260733
0.698734 -0.71538 0.00152899 -3.36492 0.715321 0.6987 0.0115715 -0.464484 -0.00934631 -0.00699166 0.999932 -0.0199604
0.689138 -0.72463 0.00117502 -3.41164 0.724573 0.689102 0.0115187 -0.487243 -0.00915651 -0.0070866 0.999933 -0.0215359
0.679878 -0.733325 0.000340961 -3.45669 0.733272 0.679834 0.011729 -0.515425 -0.00883298 -0.00772428 0.999931 -0.0212875
0.669883 -0.742467 -0.000524327 -3.5013 0.742419 0.669831 0.0118028 -0.542442 -0.00841196 -0.00829574 0.99993 -0.0211338
0.659654 -0.751568 -0.000894755 -3.55421 0.751524 0.659602 0.0116963 -0.569618 -0.00820041 -0.00838796 0.999931 -0.0299468
0.649783 -0.760115 -0.00266592 -3.59432 0.760087 0.649718 0.0115371 -0.61326 -0.00703741 -0.00952291 0.99993 -0.0129479
0.639022 -0.769184 -0.0026888 -3.63804 0.769153 0.638955 0.0118349 -0.643338 -0.00738517 -0.00963083 0.999926 -0.0237082
0.628064 -0.778155 -0.00332239 -3.69366 0.77813 0.627994 0.0117657 -0.679614 -0.00706911 -0.00997487 0.999925 -0.0190382
0.617024 -0.786934 -0.00389283 -3.72951 0.786913 0.616949 0.0118982 -0.709738 -0.00696143 -0.0104048 0.999922 -0.0169371
0.605621 -0.795742 -0.00437349 -3.7811 0.795723 0.605539 0.0121605 -0.746378 -0.00702831 -0.0108448 0.999916 -0.0143858
0.594044 -0.804421 -0.00445759 -3.83043 0.804402 0.593963 0.0120937 -0.783637 -0.0070808 -0.0107699 0.999917 -0.0279421
0.582206 -0.813023 -0.00544169 -3.87157 0.813013 0.582117 0.0122178 -0.824669 -0.00676563 -0.0115374 0.999911 -0.0168382
0.570205 -0.821484 -0.0055607 -3.9181 0.821473 0.570114 0.0123119 -0.861467 -0.00694381 -0.0115883 0.999909 -0.0250959
0.557839 -0.829929 -0.00582398 -3.96587 0.829918 0.557744 0.0125339 -0.899522 -0.00715398 -0.0118253 0.999904 -0.0209728
0.545752 -0.837925 -0.00607041 -4.00636 0.837918 0.545659 0.0122335 -0.947862 -0.00693836 -0.0117629 0.999907 -0.0273571
0.533136 -0.846006 -0.00638662 -4.06492 0.846 0.533038 0.012454 -0.984178 -0.0071318 -0.0120427 0.999902 -0.0249643
0.520773 -0.853667 -0.00697942 -4.10488 0.853669 0.520675 0.0121584 -1.03388 -0.0067452 -0.0122899 0.999902 -0.0315347
0.508433 -0.861069 -0.00743808 -4.1403 0.861075 0.508332 0.0121585 -1.07015 -0.00668832 -0.0125866 0.999898 -0.0263921
0.496507 -0.868001 -0.00745097 -4.17976 0.868005 0.496405 0.0121775 -1.10715 -0.0068714 -0.0125137 0.999898 -0.0313672
0.485 -0.874475 -0.008278 -4.22212 0.874489 0.484893 0.0121336 -1.14371 -0.00659657 -0.0131238 0.999892 -0.024688
0.473502 -0.880754 -0.00820539 -4.26377 0.880764 0.473392 0.0124061 -1.19301 -0.00704233 -0.0131013 0.999889 -0.0306558
0.462666 -0.88649 -0.00871756 -4.28799 0.886506 0.462555 0.0122026 -1.2357 -0.00678516 -0.0133739 0.999888 -0.0300637
0.451989 -0.891979 -0.00890451 -4.31411 0.891998 0.451876 0.0121573 -1.26814 -0.0068203 -0.0134378 0.999886 -0.0270504
0.441508 -0.897215 -0.0087459 -4.34812 0.897231 0.441399 0.0120019 -1.29319 -0.00690782 -0.013146 0.99989 -0.0284652
0.432145 -0.90176 -0.00899363 -4.3852 0.901777 0.432033 0.0120406 -1.34171 -0.00697221 -0.0133135 0.999887 -0.0200017
0.422978 -0.90609 -0.00948752 -4.40251 0.906114 0.422862 0.0120806 -1.37993 -0.00693421 -0.0137066 0.999882 -0.0209708
0.41473 -0.909895 -0.0094651 -4.41881 0.909919 0.414618 0.0118563 -1.40712 -0.00686364 -0.0135297 0.999885 -0.0306067
0.407229 -0.913275 -0.00965778 -4.45154 0.913299 0.407113 0.0120177 -1.42729 -0.00704364 -0.0137144 0.999881 -0.0249246
0.400466 -0.916267 -0.00905751 -4.47339 0.916284 0.400357 0.01173 -1.45751 -0.00712153 -0.0129967 0.99989 -0.0240582
0.395332 -0.918489 -0.00953755 -4.49185 0.918513 0.395222 0.0116029 -1.47833 -0.00688771 -0.0133474 0.999887 -0.0150454
0.390807 -0.920426 -0.00931698 -4.50248 0.920447 0.390699 0.0115071 -1.49449 -0.00695127 -0.0130728 0.99989 -0.0249549
0.38811 -0.921565 -0.00940798 -4.50274 0.921588 0.388004 0.0113469 -1.50602 -0.00680658 -0.0130741 0.999891 -0.0240821
0.386061 -0.922427 -0.0092396 -4.50111 0.922448 0.385958 0.0112128 -1.50469 -0.00677693 -0.0128519 0.999894 -0.0228064
0.385191 -0.922795 -0.00882259 -4.50872 0.92281 0.385089 0.0113513 -1.50381 -0.00707739 -0.012514 0.999897 -0.0220486
0.384916 -0.922914 -0.00831499 -4.49781 0.922922 0.384817 0.0114121 -1.50915 -0.00733264 -0.0120668 0.9999 -0.0271099
0.385113 -0.92284 -0.00736685 -4.49698 0.922838 0.385021 0.0113704 -1.50167 -0.00765664 -0.0111773 0.999908 -0.0296481
0.384898 -0.922931 -0.00713019 -4.49673 0.922928 0.384811 0.0111033 -1.4992 -0.00750377 -0.0108543 0.999913 -0.0234578
0.384526 -0.923091 -0.00647152 -4.49592 0.923085 0.384449 0.0106384 -1.50084 -0.00733221 -0.0100645 0.999922 -0.0301752
0.384348 -0.923166 -0.00639651 -4.49664 0.923156 0.384268 0.0110211 -1.50794 -0.00771629 -0.0101409 0.999919 -0.0250917
0.384034 -0.923299 -0.00608912 -4.50539 0.923288 0.383959 0.0106831 -1.50105 -0.00752571 -0.00972467 0.999924 -0.0269268
0.383595 -0.923482 -0.00593922 -4.49723 0.923472 0.383524 0.0104335 -1.4974 -0.00735737 -0.00948696 0.999928 -0.0306655
0.383263 -0.92362 -0.00586789 -4.50613 0.923608 0.383191 0.0106375 -1.4955 -0.00757646 -0.00949659 0.999926 -0.0237908
0.382897 -0.923774 -0.00552485 -4.50092 0.923758 0.382826 0.0107394 -1.50698 -0.00780568 -0.00921569 0.999927 -0.0286854
0.382524 -0.923929 -0.00549773 -4.49537 0.923912 0.382454 0.010743 -1.49958 -0.00782318 -0.0091889 0.999927 -0.0217192
0.382232 -0.92405 -0.00545274 -4.50292 0.924036 0.382165 0.0103753 -1.49758 -0.00750346 -0.0090043 0.999931 -0.0242345
0.382247 -0.924043 -0.00571246 -4.49951 0.924033 0.382181 0.00997986 -1.50156 -0.00703862 -0.00909327 0.999934 -0.0271283
0.382467 -0.92395 -0.00593675 -4.49252 0.923953 0.382414 0.00836464 -1.49187 -0.00545821 -0.00868448 0.999947 -0.0317121
0.382408 -0.923972 -0.00628749 -4.48235 0.923982 0.382361 0.00754615 -1.4621 -0.00456835 -0.00869524 0.999952 -0.0268095
0.382 -0.924145 -0.00567696 -4.47521 0.92415 0.381957 0.00740497 -1.43707 -0.00467491 -0.00807507 0.999956 -0.0292551
0.381451 -0.924374 -0.00532964 -4.45412 0.924378 0.381412 0.00704839 -1.39623 -0.00448256 -0.00761522 0.999961 -0.0281314
0.379749 -0.925076 -0.00502597 -4.43576 0.925081 0.379717 0.00635936 -1.35335 -0.00397445 -0.00706439 0.999967 -0.0323589
0.376484 -0.926411 -0.00479046 -4.42319 0.926416 0.376457 0.00579461 -1.28923 -0.00356478 -0.00661954 0.999972 -0.0305763
0.372085 -0.928187 -0.00470188 -4.38988 0.928192 0.372059 0.00559627 -1.23063 -0.003445 -0.00644654 0.999973 -0.0285705
0.365543 -0.930784 -0.00438884 -4.36984 0.930788 0.36552 0.00534265 -1.14785 -0.00336864 -0.00603805 0.999976 -0.0303717
0.356998 -0.934098 -0.00373073 -4.34481 0.934098 0.356978 0.00527088 -1.06112 -0.00359173 -0.00536656 0.999979 -0.0303917
0.345789 -0.938308 -0.00296285 -4.31768 0.938305 0.345771 0.00516645 -0.954158 -0.00382325 -0.00456655 0.999982 -0.028311
0.331832 -0.943335 -0.00243882 -4.29561 0.94333 0.331817 0.0051845 -0.852333 -0.00408148 -0.004021 0.999984 -0.0290885
0.314793 -0.949154 -0.00340507 -4.26385 0.949153 0.314774 0.00512176 -0.736965 -0.00378951 -0.00484422 0.999981 -0.0242399
0.295237 -0.955418 -0.00356453 -4.24654 0.955417 0.295218 0.00484676 -0.595138 -0.00357836 -0.00483655 0.999982 -0.0370729
0.273501 -0.961864 -0.00386876 -4.2194 0.961865 0.273483 0.00473264 -0.442793 -0.00349412 -0.00501561 0.999981 -0.0312664
0.249433 -0.968386 -0.00353979 -4.2143 0.968384 0.249414 0.00503509 -0.293923 -0.00399303 -0.00468379 0.999981 -0.0301155
0.224059 -0.974568 -0.00377399 -4.19476 0.974567 0.22404 0.00498037 -0.128523 -0.00400819 -0.00479391 0.99998 -0.0329683
0.197802 -0.980235 -0.00369507 -4.18688 0.980233 0.197783 0.00496844 0.0520295 -0.00413942 -0.00460479 0.999981 -0.0325857
0.17091 -0.985278 -0.00405215 -4.17215 0.985277 0.170888 0.00511207 0.239108 -0.00434435 -0.00486619 0.999979 -0.0249919
0.144094 -0.989554 -0.00456447 -4.16379 0.989554 0.144071 0.00507664 0.446641 -0.004366 -0.0052483 0.999977 -0.029746
0.117656 -0.993041 -0.0051134 -4.16559 0.993045 0.117631 0.00493761 0.666022 -0.00430176 -0.00565877 0.999975 -0.0349394
0.0918089 -0.995766 -0.00460923 -4.15964 0.995767 0.0917862 0.00492754 0.884053 -0.00448362 -0.00504211 0.999977 -0.038772
0.066913 -0.997748 -0.00454887 -4.14928 0.997747 0.0668893 0.00518236 1.13765 -0.00486642 -0.00488538 0.999976 -0.0303324
0.0426684 -0.999081 -0.00413231 -4.16823 0.999075 0.0426451 0.00558009 1.392 -0.00539874 -0.00436658 0.999976 -0.0337195
0.0188793 -0.999812 -0.00432973 -4.17991 0.999806 0.0188547 0.0056585 1.65578 -0.0055758 -0.00443572 0.999975 -0.0265067
-0.00470342 -0.999977 -0.00480677 -4.19693 0.999971 -0.00473202 0.00595773 1.94211 -0.00598034 -0.00477861 0.999971 -0.0331103
-0.0274166 -0.999611 -0.00515041 -4.22531 0.999606 -0.0274471 0.0059481 2.20269 -0.00608715 -0.0049853 0.999969 -0.0266956
-0.0497649 -0.998746 -0.0055034 -4.27177 0.998744 -0.049795 0.00548269 2.47209 -0.00574985 -0.00522364 0.99997 -0.034288
-0.0698475 -0.997541 -0.00571581 -4.29618 0.997542 -0.0698772 0.00517309 2.75939 -0.00555978 -0.00534044 0.99997 -0.031317
-0.0882181 -0.996084 -0.0059126 -4.3405 0.996087 -0.0882474 0.0048948 3.05398 -0.0053974 -0.00545765 0.999971 -0.0360504
-0.104598 -0.994496 -0.00606869 -4.38426 0.994499 -0.104629 0.00497939 3.36131 -0.00558695 -0.00551447 0.999969 -0.0402415
-0.117895 -0.993006 -0.00629393 -4.43043 0.993011 -0.117926 0.00474378 3.67589 -0.00545282 -0.00569067 0.999969 -0.0332083
-0.12889 -0.991636 -0.00672048 -4.47322 0.991643 -0.128923 0.00470256 4.01989 -0.00552965 -0.0060582 0.999966 -0.0376405
-0.136899 -0.990563 -0.00666842 -4.53991 0.99057 -0.136931 0.00455785 4.3514 -0.00542795 -0.00598157 0.999967 -0.0475604
-0.142622 -0.989751 -0.00725728 -4.58982 0.989759 -0.14266 0.00497794 4.70613 -0.00596224 -0.006473 0.999961 -0.0358723
-0.146314 -0.989211 -0.00736249 -4.65688 0.989217 -0.146355 0.00542059 5.0632 -0.00643964 -0.00648999 0.999958 -0.0368579
-0.146813 -0.989126 -0.00867793 -4.72037 0.989138 -0.146867 0.00597041 5.43154 -0.00717999 -0.00770714 0.999945 -0.0297501
-0.145101 -0.989375 -0.00912065 -4.75734 0.989386 -0.145164 0.00659075 5.80123 -0.00784471 -0.00806752 0.999937 -0.0468188
-0.141118 -0.989945 -0.00975275 -4.81707 0.989962 -0.141184 0.00644136 6.18674 -0.00775352 -0.00874587 0.999932 -0.0427342
-0.133893 -0.990948 -0.00969447 -4.85824 0.990963 -0.133961 0.00679374 6.58608 -0.00803093 -0.00869723 0.99993 -0.0508914
-0.124802 -0.992127 -0.0104641 -4.90189 0.992136 -0.124891 0.0083107 6.97735 -0.00955213 -0.00934462 0.999911 -0.0372062
-0.114333 -0.993399 -0.009338 -4.94257 0.99339 -0.114418 0.00916525 7.36777 -0.0101732 -0.0082284 0.999914 -0.0589723
-0.102532 -0.994687 -0.00919034 -4.9745 0.994668 -0.102624 0.0101618 7.75977 -0.0110509 -0.00809944 0.999906 -0.0390018
-0.0893787 -0.995954 -0.00935659 -5.00339 0.995941 -0.0894697 0.00980138 8.16801 -0.0105988 -0.00844258 0.999908 -0.0432192
-0.0757388 -0.997078 -0.00998375 -5.02145 0.997068 -0.0758401 0.0101925 8.57529 -0.0109199 -0.00918251 0.999898 -0.0552027
-0.0612271 -0.998075 -0.00986953 -5.05064 0.998062 -0.0613308 0.0105706 8.98979 -0.0111556 -0.00920319 0.999895 -0.062116
-0.0463776 -0.998879 -0.00949195 -5.05909 0.998862 -0.0464782 0.0106719 9.41529 -0.0111011 -0.00898622 0.999898 -0.058994
-0.0310397 -0.99947 -0.00984214 -5.05017 0.999467 -0.0311362 0.00981177 9.83911 -0.010113 -0.00953234 0.999903 -0.0575321
-0.0158485 -0.999822 -0.0102085 -5.05277 0.999823 -0.01595 0.00993694 10.2775 -0.010098 -0.0100492 0.999899 -0.0577003
-0.000539794 -0.999945 -0.0104422 -5.04463 0.999945 -0.000648651 0.0104242 10.7 -0.0104304 -0.010436 0.999891 -0.0625315
0.0147747 -0.999834 -0.010681 -5.03176 0.999835 0.0146606 0.0106808 11.1384 -0.0105224 -0.010837 0.999886 -0.0632273
0.0299483 -0.9995 -0.0101191 -5.00968 0.99949 0.029833 0.0113573 11.5745 -0.0110497 -0.0104541 0.999884 -0.0644894
0.0441661 -0.998982 -0.0091521 -4.98285 0.998958 0.0440559 0.011906 12.0031 -0.0114906 -0.00966841 0.999887 -0.0613672
0.057043 -0.998335 -0.00854368 -4.94879 0.998297 0.0569318 0.0127411 12.431 -0.0122335 -0.00925592 0.999882 -0.0632239
0.0686747 -0.997603 -0.00854596 -4.90709 0.997564 0.0685617 0.0128849 12.8499 -0.012268 -0.00941 0.99988 -0.063114
0.0785702 -0.996869 -0.00890997 -4.88241 0.996836 0.0784538 0.0127296 13.269 -0.0119907 -0.00988195 0.999879 -0.0650258
0.0874164 -0.996134 -0.00871875 -4.82766 0.996102 0.087303 0.0126403 13.6708 -0.0118303 -0.00978974 0.999882 -0.0693078
0.0952748 -0.995415 -0.00847258 -4.79115 0.995377 0.0951607 0.0129879 14.0792 -0.0121221 -0.00967083 0.99988 -0.065536
0.101764 -0.994768 -0.00894831 -4.74026 0.994736 0.101644 0.0129689 14.4805 -0.0119915 -0.010221 0.999876 -0.0679605
0.107595 -0.99415 -0.00945546 -4.68807 0.994122 0.107468 0.013108 14.8766 -0.0120152 -0.0108102 0.999869 -0.0732753
0.112389 -0.993624 -0.00891288 -4.64871 0.993589 0.112266 0.013331 15.2749 -0.0122454 -0.010354 0.999871 -0.077898
0.11628 -0.993177 -0.00884512 -4.59605 0.99314 0.116156 0.0134667 15.6648 -0.0123474 -0.0103503 0.99987 -0.0741416
0.120175 -0.992713 -0.00888798 -4.55015 0.992673 0.120047 0.0137483 16.0477 -0.0125812 -0.0104751 0.999866 -0.0735972
0.12354 -0.992295 -0.00943488 -4.50626 0.992262 0.123407 0.0136367 16.4402 -0.0123673 -0.0110466 0.999863 -0.077354
0.12706 -0.991842 -0.0102446 -4.44072 0.991817 0.126914 0.0138331 16.8253 -0.0124201 -0.0119184 0.999852 -0.0751027
0.129949 -0.991472 -0.00978741 -4.39372 0.991432 0.129799 0.0146432 17.2132 -0.0132479 -0.0116064 0.999845 -0.0782364
0.131442 -0.99128 -0.00936002 -4.34225 0.991238 0.1313 0.0144425 17.5918 -0.0130876 -0.0111763 0.999852 -0.0770307
0.131903 -0.991219 -0.00934493 -4.29319 0.991172 0.131757 0.0147341 17.9731 -0.0133735 -0.0112059 0.999848 -0.0761669
0.131037 -0.991334 -0.00924216 -4.25265 0.991292 0.130898 0.0143328 18.3545 -0.0129988 -0.0110398 0.999855 -0.0857112
0.128961 -0.991607 -0.00922954 -4.19719 0.99157 0.128828 0.0138512 18.7356 -0.012546 -0.010938 0.999861 -0.0841079
0.125557 -0.99205 -0.00855671 -4.14876 0.992006 0.125432 0.0138475 19.109 -0.0126641 -0.010227 0.999868 -0.0849371
0.120495 -0.992681 -0.00813227 -4.10008 0.992636 0.120379 0.0135128 19.4802 -0.0124349 -0.0097006 0.999876 -0.07985
0.114295 -0.993415 -0.00796107 -4.06387 0.993376 0.114187 0.0128694 19.8577 -0.0118756 -0.00937924 0.999885 -0.0831129
0.106958 -0.994229 -0.00826616 -4.02986 0.99419 0.106845 0.013019 20.2251 -0.0120607 -0.00961062 0.999881 -0.0834314
0.0997338 -0.994975 -0.00878138 -4.00644 0.994943 0.0996169 0.0128676 20.5864 -0.0119281 -0.0100203 0.999879 -0.088151
0.0931443 -0.995602 -0.00999293 -3.97994 0.995579 0.0930104 0.0131198 20.9535 -0.0121327 -0.0111708 0.999864 -0.0930879
0.0871686 -0.996143 -0.0100401 -3.9562 0.996115 0.087031 0.0134134 21.3181 -0.0124879 -0.0111703 0.99986 -0.0971191
0.0815714 -0.99662 -0.00974073 -3.92544 0.996583 0.0814329 0.0138533 21.6795 -0.0130132 -0.0108375 0.999857 -0.0924454
0.075149 -0.997129 -0.00933597 -3.90183 0.997082 0.0750126 0.0141879 22.0535 -0.0134469 -0.0103749 0.999856 -0.0922181
0.0683834 -0.997612 -0.00964459 -3.87869 0.997566 0.0682417 0.0143299 22.4066 -0.0136376 -0.010601 0.999851 -0.0887935
0.0616124 -0.998056 -0.00935071 -3.86801 0.998012 0.0614793 0.0139022 22.7624 -0.0133003 -0.0101887 0.99986 -0.0923339
0.055158 -0.998434 -0.00933514 -3.85396 0.998386 0.0550236 0.014093 23.1165 -0.0135573 -0.0100974 0.999857 -0.0952569
0.0477963 -0.998818 -0.00882731 -3.83831 0.998764 0.0476695 0.0140605 23.4706 -0.0136231 -0.00948844 0.999862 -0.0978822
0.0390649 -0.999199 -0.00865008 -3.82854 0.999148 0.0389449 0.013636 23.8193 -0.0132882 -0.0091754 0.99987 -0.099844
0.0293268 -0.999534 -0.00841365 -3.82896 0.999482 0.0292118 0.0134805 24.1683 -0.0132284 -0.00880464 0.999874 -0.100873
0.0170978 -0.99982 -0.00821147 -3.82743 0.99977 0.0169892 0.0131102 24.5194 -0.0129684 -0.00843373 0.99988 -0.0994734
0.00243519 -0.99997 -0.00728795 -3.84312 0.999919 0.00234368 0.0125381 24.8589 -0.0125206 -0.00731789 0.999895 -0.102959
-0.0149388 -0.999869 -0.00630309 -3.85723 0.999813 -0.015015 0.0122188 25.1935 -0.0123118 -0.00611938 0.999905 -0.106713
-0.0359169 -0.999344 -0.0046497 -3.88535 0.999279 -0.035971 0.0121251 25.5275 -0.0122844 -0.00421085 0.999916 -0.10719
-0.0593488 -0.998226 -0.0047012 -3.91985 0.998149 -0.0594056 0.0130279 25.8579 -0.013284 -0.00391931 0.999904 -0.0998515
-0.0852523 -0.996348 -0.00477765 -3.96833 0.996253 -0.0853122 0.0141898 26.182 -0.0145456 -0.00355003 0.999888 -0.112627
-0.113806 -0.993487 -0.00560807 -4.03408 0.993399 -0.113874 0.0137978 26.5012 -0.0143466 -0.00400078 0.999889 -0.100522
-0.144407 -0.989503 -0.00553646 -4.1059 0.989432 -0.144466 0.0123707 26.8016 -0.0130407 -0.00369154 0.999908 -0.113444
-0.1774 -0.984118 -0.00638755 -4.18334 0.984043 -0.17747 0.0127693 27.1073 -0.0137001 -0.00402036 0.999898 -0.121582
-0.212128 -0.977219 -0.00672026 -4.27928 0.977124 -0.212204 0.0141047 27.4105 -0.0152094 -0.00357453 0.999878 -0.12242
-0.248366 -0.968628 -0.00857788 -4.38158 0.96852 -0.248472 0.0152046 27.6993 -0.016859 -0.00453153 0.999848 -0.110465
-0.286321 -0.958095 -0.00863397 -4.50503 0.95797 -0.286427 0.0158986 27.9792 -0.0177054 -0.00371899 0.999836 -0.125763
-0.326078 -0.945303 -0.00870675 -4.62585 0.94516 -0.326183 0.0166372 28.2632 -0.0185672 -0.00280423 0.999824 -0.120181
-0.365809 -0.930642 -0.00945563 -4.74433 0.930486 -0.365922 0.0171996 28.5205 -0.0194667 -0.00250657 0.999807 -0.111911
-0.404483 -0.914462 -0.0123537 -4.89173 0.914308 -0.404649 0.0172947 28.7732 -0.0208143 -0.00429964 0.999774 -0.111797
-0.442381 -0.896682 -0.0161336 -5.05492 0.896528 -0.442627 0.0178774 29.0071 -0.0231715 -0.00655554 0.99971 -0.131507
-0.479276 -0.877476 -0.0181499 -5.22322 0.877319 -0.479565 0.0181251 29.2313 -0.0246084 -0.00723629 0.999671 -0.143423
-0.514712 -0.857173 -0.0180487 -5.39242 0.85701 -0.51499 0.0178371 29.4517 -0.0245844 -0.00628688 0.999678 -0.137442
-0.548848 -0.835733 -0.0177709 -5.56993 0.835555 -0.549113 0.0179495 29.6706 -0.0247592 -0.00499705 0.999681 -0.133948
-0.58188 -0.813061 -0.0186316 -5.76223 0.812884 -0.582158 0.0176726 29.8824 -0.0252154 -0.00486205 0.99967 -0.135294
-0.613792 -0.789239 -0.0189896 -5.95388 0.789055 -0.614071 0.0175856 30.0754 -0.0255402 -0.00418991 0.999665 -0.154984
-0.645317 -0.763668 -0.0194051 -6.15251 0.763476 -0.645599 0.0174871 30.2586 -0.0258823 -0.00353056 0.999659 -0.15904
-0.676265 -0.736401 -0.0194935 -6.35845 0.736181 -0.676542 0.0181285 30.4329 -0.026538 -0.00209102 0.999646 -0.160645
-0.706933 -0.706996 -0.0200807 -6.56961 0.70675 -0.707217 0.0186544 30.589 -0.02739 -0.00100464 0.999624 -0.159927
-0.736507 -0.676121 -0.0204217 -6.76989 0.675887 -0.73679 0.0178225 30.7295 -0.0270967 -0.000676394 0.999633 -0.160236
-0.763859 -0.645037 -0.0211615 -6.97462 0.64482 -0.764151 0.0167405 30.8585 -0.0269688 -0.000857993 0.999636 -0.172895
-0.788865 -0.614193 -0.0214288 -7.19781 0.613986 -0.789156 0.0159509 30.9882 -0.0267076 -0.000573908 0.999643 -0.184599
-0.811337 -0.584152 -0.0223243 -7.41305 0.583972 -0.811643 0.0145623 31.1093 -0.026626 -0.00122183 0.999645 -0.174516
-0.831469 -0.555134 -0.0220472 -7.63346 0.554985 -0.83176 0.0129553 31.2185 -0.0255299 -0.00146395 0.999673 -0.18819
-0.84994 -0.526394 -0.0225982 -7.85713 0.526264 -0.850239 0.0118531 31.3184 -0.0254533 -0.00181823 0.999674 -0.198294
-0.867455 -0.496943 -0.0238593 -8.08413 0.496809 -0.867782 0.0116663 31.4158 -0.0265022 -0.00173352 0.999647 -0.199135
-0.883579 -0.467609 -0.0250851 -8.29429 0.467488 -0.883933 0.0108425 31.4871 -0.0272436 -0.00214672 0.999627 -0.189319
-0.89836 -0.438523 -0.0254488 -8.50622 0.438403 -0.898718 0.0103966 31.5729 -0.0274304 -0.00181698 0.999622 -0.200756
-0.912047 -0.409264 -0.0259508 -8.72289 0.409137 -0.912415 0.0102805 31.6355 -0.0278853 -0.00124117 0.99961 -0.207468
-0.924446 -0.380412 -0.0262054 -8.92517 0.380279 -0.924817 0.0100851 31.6902 -0.0280717 -0.000642188 0.999606 -0.210649
-0.935611 -0.352035 -0.0265197 -9.1264 0.351905 -0.935987 0.00955626 31.7414 -0.0281863 -0.000391497 0.999603 -0.212028
-0.945653 -0.324106 -0.0263698 -9.33241 0.323991 -0.946021 0.00865832 31.779 -0.0277526 -0.000355795 0.999615 -0.215305
-0.954517 -0.296947 -0.0268347 -9.52468 0.296871 -0.954893 0.00685056 31.8154 -0.0276586 -0.00142748 0.999616 -0.2151
-0.962004 -0.271718 -0.0268014 -9.7182 0.271688 -0.962373 0.00482655 31.8382 -0.0271044 -0.00263846 0.999629 -0.220723
-0.968426 -0.247823 -0.0270944 -9.9164 0.247824 -0.968799 0.00336941 31.8675 -0.0270841 -0.00345162 0.999627 -0.23294
-0.973776 -0.22581 -0.0277494 -10.1034 0.22583 -0.974164 0.00245323 31.8923 -0.0275864 -0.00387774 0.999612 -0.232611
-0.978168 -0.205949 -0.0278003 -10.2951 0.20598 -0.978555 0.00178416 31.9042 -0.0275715 -0.0039811 0.999612 -0.236162
-0.981869 -0.187405 -0.0285218 -10.4852 0.187458 -0.982272 0.000823012 31.9317 -0.0281704 -0.00453856 0.999593 -0.232813
-0.984885 -0.170887 -0.0282654 -10.67 0.170975 -0.985275 -0.000733582 31.9485 -0.0277238 -0.00555518 0.9996 -0.231949
-0.98742 -0.15572 -0.0274525 -10.8528 0.155868 -0.987772 -0.00333928 31.953 -0.0265968 -0.00757624 0.999618 -0.242164
-0.989505 -0.142063 -0.0264028 -11.0373 0.142237 -0.989821 -0.00482846 31.9752 -0.0254481 -0.00853325 0.99964 -0.256619
-0.991166 -0.129992 -0.0263116 -11.2129 0.130166 -0.99148 -0.00500934 31.9836 -0.0254362 -0.00838997 0.999641 -0.259526
-0.992542 -0.119242 -0.0253261 -11.3885 0.119382 -0.99284 -0.00409478 32.0057 -0.0246565 -0.00708773 0.999671 -0.262284
-0.993624 -0.109831 -0.0254658 -11.5667 0.109978 -0.993924 -0.00446363 32.0067 -0.0248208 -0.00723585 0.999666 -0.242893
-0.994585 -0.100945 -0.0246936 -11.7405 0.10109 -0.994866 -0.00466867 32.0176 -0.0240956 -0.00713967 0.999684 -0.258291
-0.995281 -0.0936116 -0.02554 -11.8965 0.0937832 -0.995577 -0.00560492 32.0235 -0.0249023 -0.0079737 0.999658 -0.257782
-0.995816 -0.0875269 -0.0262496 -12.0685 0.0877106 -0.996128 -0.00592638 32.027 -0.0256293 -0.00820396 0.999638 -0.270607
-0.996205 -0.0826475 -0.0272911 -12.2377 0.0828432 -0.996544 -0.00611985 32.0346 -0.026691 -0.00835751 0.999609 -0.275081
-0.996553 -0.0781292 -0.0278881 -12.3853 0.078346 -0.996903 -0.00676702 32.0455 -0.027273 -0.00892861 0.999588 -0.274016
-0.996759 -0.0752293 -0.0285005 -12.5369 0.0754551 -0.997125 -0.00693038 32.0485 -0.0278972 -0.00905842 0.99957 -0.280005
-0.996886 -0.0728459 -0.0301798 -12.698 0.0730743 -0.997305 -0.00653631 32.0648 -0.0296223 -0.00872133 0.999523 -0.285597
-0.996904 -0.0719614 -0.0316713 -12.8429 0.0722201 -0.997363 -0.0070983 32.0687 -0.031077 -0.00936363 0.999473 -0.278294
-0.996898 -0.071527 -0.0328448 -12.9854 0.0717773 -0.997399 -0.00650442 32.076 -0.0322941 -0.00884175 0.999439 -0.298803
-0.996751 -0.0727384 -0.034598 -13.1183 0.0729935 -0.997313 -0.00616915 32.0896 -0.0340563 -0.00867454 0.999382 -0.287864
-0.996483 -0.0748965 -0.0375718 -13.2551 0.0751776 -0.997151 -0.00612352 32.1001 -0.0370062 -0.00892654 0.999275 -0.287094
-0.996143 -0.0781003 -0.0400042 -13.4002 0.0785109 -0.996874 -0.00879729 32.1065 -0.0391921 -0.0119041 0.999161 -0.284347
-0.99572 -0.0818633 -0.0429038 -13.5367 0.0824515 -0.996521 -0.012122 32.1145 -0.0417622 -0.0156076 0.999006 -0.308872
-0.99506 -0.087231 -0.0473891 -13.659 0.0879314 -0.996043 -0.0128978 32.125 -0.0460765 -0.0170011 0.998793 -0.331788
-0.994082 -0.0949553 -0.0527688 -13.7973 0.0956544 -0.995355 -0.01088 32.1535 -0.0514906 -0.0158632 0.998547 -0.336881
-0.992774 -0.104044 -0.0597891 -13.949 0.10474 -0.994462 -0.00862052 32.1749 -0.0585611 -0.0148205 0.998174 -0.32372
-0.991278 -0.113498 -0.0669741 -14.1007 0.114289 -0.993415 -0.00808906 32.2022 -0.065615 -0.0156729 0.997722 -0.320644
-0.989468 -0.124375 -0.0740578 -14.2425 0.125386 -0.992066 -0.00913671 32.219 -0.0723338 -0.0183263 0.997212 -0.332876
-0.987154 -0.137623 -0.0811644 -14.3939 0.13894 -0.990242 -0.0107834 32.2546 -0.0788884 -0.0219219 0.996642 -0.354507
-0.984332 -0.152609 -0.0883244 -14.5625 0.15414 -0.987991 -0.0107413 32.283 -0.0856244 -0.0241874 0.996034 -0.377478
-0.980836 -0.170343 -0.0945785 -14.7142 0.172024 -0.985043 -0.00986025 32.3244 -0.0914843 -0.0259411 0.995469 -0.386416
-0.976489 -0.190761 -0.100395 -14.8749 0.192625 -0.98123 -0.00913025 32.3694 -0.0967685 -0.0282541 0.994906 -0.379439
-0.971157 -0.21333 -0.106514 -15.0445 0.215403 -0.976491 -0.0082157 32.4283 -0.102257 -0.0309221 0.994277 -0.394208
-0.964787 -0.23708 -0.113928 -15.2183 0.239607 -0.97083 -0.00882044 32.4845 -0.108514 -0.0358078 0.99345 -0.395255
-0.957536 -0.26331 -0.117442 -15.3789 0.26565 -0.964059 -0.00444976 32.5466 -0.112049 -0.0354591 0.99307 -0.456519
-0.949428 -0.292117 -0.115128 -15.5308 0.29348 -0.95595 0.00531094 32.641 -0.111608 -0.0287454 0.993336 -0.502097
-0.939609 -0.323963 -0.110374 -15.6713 0.323694 -0.945932 0.0208519 32.7487 -0.111161 -0.0161346 0.993671 -0.449563
-0.928384 -0.356794 -0.103929 -15.8238 0.355968 -0.934107 0.0270347 32.8386 -0.106727 -0.0118968 0.994217 -0.354219
-0.91547 -0.390586 -0.096729 -15.971 0.39025 -0.920418 0.0231587 32.9336 -0.0980766 -0.0165474 0.995041 -0.357595
-0.900555 -0.424714 -0.0928358 -16.1151 0.425487 -0.904881 0.0122962 33.0257 -0.0892277 -0.028427 0.995606 -0.408451
-0.882633 -0.461686 -0.0883489 -16.2587 0.463119 -0.886283 0.0047615 33.1329 -0.0805005 -0.0367134 0.996078 -0.486812
-0.861986 -0.500169 -0.0825261 -16.4168 0.501737 -0.865018 0.00199935 33.2531 -0.0723865 -0.039683 0.996587 -0.510677
-0.839649 -0.5382 -0.0730041 -16.5535 0.539508 -0.841978 0.00212193 33.3862 -0.0626099 -0.0376046 0.997329 -0.501441
-0.815524 -0.575198 -0.0637894 -16.6767 0.576376 -0.817185 -8.03949e-05 33.5316 -0.0520815 -0.0368322 0.997963 -0.471722
-0.78841 -0.612491 -0.0571359 -16.7943 0.613723 -0.789503 -0.00528273 33.6739 -0.0418734 -0.0392306 0.998352 -0.477735
-0.758951 -0.648952 -0.0534205 -16.9323 0.650355 -0.759518 -0.0130507 33.8355 -0.0321046 -0.0446472 0.998487 -0.499805
-0.726866 -0.684909 -0.0506545 -17.0586 0.686425 -0.72688 -0.0215678 33.9925 -0.0220478 -0.0504475 0.998483 -0.527878
-0.693316 -0.719124 -0.0466273 -17.1956 0.720571 -0.692656 -0.0316932 34.174 -0.00950535 -0.0555716 0.998409 -0.566257
-0.659018 -0.751129 -0.0387334 -17.3208 0.752125 -0.658262 -0.0316164 34.3801 -0.00174872 -0.0499681 0.998749 -0.6564
-0.623957 -0.780806 -0.0319233 -17.4159 0.781452 -0.623597 -0.0214262 34.6036 -0.00317759 -0.0383155 0.999261 -0.616747
-0.587445 -0.808904 -0.0241287 -17.5028 0.809249 -0.587353 -0.0114677 34.8182 -0.00489578 -0.0262628 0.999643 -0.532762
-0.549799 -0.83508 -0.0190553 -17.6037 0.835292 -0.54973 -0.00912157 35.0479 -0.00285803 -0.0209318 0.999777 -0.502848
-0.511533 -0.859133 -0.0149726 -17.6953 0.859261 -0.511408 -0.0115218 35.2956 0.00224165 -0.0187591 0.999822 -0.54413
-0.471842 -0.881632 -0.00949185 -17.7826 0.881653 -0.471708 -0.0134263 35.5433 0.00735965 -0.0147036 0.999865 -0.585426
-0.43038 -0.902648 0.000584489 -17.8499 0.902579 -0.430355 -0.0121207 35.8061 0.0111922 -0.00468894 0.999926 -0.602752
-0.388458 -0.921443 0.00655792 -17.9047 0.921397 -0.388506 -0.00952157 36.0707 0.0113214 0.00234372 0.999933 -0.55633
-0.34557 -0.938362 0.00757951 -17.9609 0.938349 -0.345621 -0.00683836 36.3471 0.0090365 0.0047491 0.999948 -0.537069
-0.303948 -0.952681 0.00386092 -18.042 0.952658 -0.303968 -0.00678801 36.6369 0.0076404 0.00161494 0.99997 -0.525732
-0.263075 -0.964774 0.0013314 -18.0918 0.964738 -0.263077 -0.00843249 36.9275 0.00848571 -0.000933925 0.999964 -0.555079
-0.223475 -0.974709 0.00101425 -18.1308 0.974659 -0.223474 -0.0099159 37.233 0.00989178 -0.00122741 0.99995 -0.570446
-0.18543 -0.982654 0.00259323 -18.1602 0.982601 -0.185447 -0.010196 37.5421 0.0105 0.000657464 0.999945 -0.566596
-0.149551 -0.988747 0.00363808 -18.1836 0.988704 -0.149579 -0.00949564 37.8634 0.00993297 0.0021769 0.999948 -0.548213
-0.116295 -0.99321 0.00302655 -18.2032 0.993169 -0.116319 -0.00924298 38.201 0.00953227 0.00193096 0.999953 -0.540428
-0.0846496 -0.99641 0.0013534 -18.2001 0.99637 -0.0846583 -0.00892643 38.5413 0.00900896 0.000592868 0.999959 -0.541161
-0.0553071 -0.998469 0.000535012 -18.2015 0.998428 -0.0553097 -0.00903139 38.899 0.00904715 3.46717e-05 0.999959 -0.542148
-0.0277874 -0.999614 0.000184846 -18.2022 0.999574 -0.0277879 -0.0089702 39.2654 0.00897188 -6.44909e-05 0.99996 -0.538902
-0.00236563 -0.999997 -0.000420769 -18.1728 0.999961 -0.00236198 -0.00847021 39.6336 0.00846919 -0.00044079 0.999964 -0.528062
0.0212889 -0.999773 -0.00058642 -18.1547 0.999742 0.0212929 -0.0079205 40.0107 0.00793119 -0.00041765 0.999968 -0.532531
0.0433345 -0.99906 -0.000541983 -18.1237 0.999031 0.0433374 -0.00768553 40.4137 0.0077018 -0.000208409 0.99997 -0.531277
0.0637183 -0.997968 0.000682937 -18.0849 0.997945 0.0637122 -0.00686661 40.8178 0.00680914 0.00111906 0.999976 -0.525033
0.0815076 -0.996672 0.000991546 -18.0303 0.996654 0.0814999 -0.00623354 41.2332 0.00613199 0.00149631 0.99998 -0.525276
0.0965943 -0.995322 0.00196014 -17.9776 0.995306 0.0965807 -0.00611731 41.661 0.00589938 0.00254184 0.999979 -0.52088
0.109689 -0.993963 0.00232396 -17.921 0.993948 0.109673 -0.00627012 42.0801 0.00597739 0.00299766 0.999978 -0.514365
0.121066 -0.992643 0.00188436 -17.8568 0.992627 0.121052 -0.00617078 42.5297 0.00589728 0.00261754 0.999979 -0.506993
0.130834 -0.991402 0.00209307 -17.7998 0.991386 0.130818 -0.00631444 42.9898 0.00598634 0.00290118 0.999978 -0.510543
0.13941 -0.990233 0.00195826 -17.7258 0.990219 0.139396 -0.00593503 43.4413 0.00560409 0.00276651 0.99998 -0.498671
0.147914 -0.988999 0.00179541 -17.658 0.988986 0.147902 -0.00568495 43.9166 0.00535686 0.00261652 0.999982 -0.497575
0.156412 -0.98769 0.00166188 -17.5717 0.98768 0.156402 -0.00522099 44.4112 0.0048968 0.00245803 0.999985 -0.49743
0.164378 -0.986394 0.00256639 -17.4771 0.986388 0.164364 -0.00485992 44.8997 0.00437198 0.00333032 0.999985 -0.496703
0.171527 -0.985172 0.00380921 -17.3843 0.985171 0.171508 -0.00475286 45.4017 0.00402908 0.00456796 0.999981 -0.484747
0.178642 -0.983896 0.00599501 -17.2899 0.983907 0.178614 -0.00497187 45.92 0.00382101 0.00678672 0.99997 -0.486836
0.186044 -0.982514 0.00735901 -17.1829 0.982532 0.186005 -0.00574802 46.4394 0.00427869 0.00829985 0.999956 -0.477598
0.193702 -0.981026 0.00819349 -17.0685 0.981049 0.193652 -0.00652827 46.9741 0.00481772 0.00930276 0.999945 -0.464329
0.201133 -0.979529 0.00830617 -16.9544 0.979551 0.20108 -0.00677687 47.5165 0.00496793 0.00949938 0.999943 -0.467072
0.208988 -0.977883 0.00827776 -16.8366 0.977905 0.208935 -0.00686818 48.0698 0.00498677 0.00953023 0.999942 -0.467099
