1 0 0 0 0 1 0 0 0 0 1 0
1 -4.59005e-05 -1.32212e-05 -0.0033482 4.59012e-05 1 5.34822e-05 0.00188937 1.32187e-05 -5.34828e-05 1 0.00129719
1 -5.06128e-05 -2.14273e-06 -0.00757341 5.06127e-05 1 -5.0543e-05 0.0011397 2.14529e-06 5.05429e-05 1 0.000205081
1 -7.48301e-05 3.96449e-05 -0.00355541 7.48304e-05 1 -6.3323e-06 0.00622691 -3.96444e-05 6.33526e-06 1 -0.00112354
1 -1.14767e-05 3.69546e-05 -0.00441886 1.14775e-05 1 -2.10336e-05 0.0040574 -3.69544e-05 2.10341e-05 1 -0.000395292
1 -6.84598e-05 5.80316e-06 -0.00693216 6.84602e-05 1 -7.64868e-05 0.000404195 -5.79792e-06 7.64872e-05 1 -0.000539815
1 -3.90739e-05 -1.34039e-05 -0.00379311 3.90744e-05 1 4.03952e-05 0.0044399 1.34023e-05 -4.03958e-05 1 -0.00046968
1 -1.87976e-05 -3.62297e-05 -0.00382167 1.87982e-05 1 1.58037e-05 0.00213232 3.62294e-05 -1.58044e-05 1 0.000709698
1 -3.41025e-05 -1.31128e-05 -0.00311137 3.41026e-05 1 2.56908e-06 0.00361643 1.31127e-05 -2.56953e-06 1 0.0020742
1 9.75324e-07 6.04817e-06 -0.00475679 -9.75065e-07 1 -4.29242e-05 -3.62916e-05 -6.04822e-06 4.29242e-05 1 -5.45196e-05
1 -2.55614e-05 -1.70869e-05 -0.00449209 2.55621e-05 1 3.60807e-05 0.000295956 1.7086e-05 -3.60812e-05 1 0.00132069
1 -2.18151e-05 -4.25544e-05 -0.00319198 2.18153e-05 1 5.0335e-06 0.00379021 4.25543e-05 -5.03443e-06 1 0.000152745
1 -1.52995e-05 5.24461e-06 -0.0020644 1.52995e-05 1 3.16897e-06 0.00182989 -5.24466e-06 -3.16889e-06 1 -0.000812484
1 -5.45038e-05 -1.78715e-05 -0.00323998 5.45038e-05 1 -1.97185e-06 0.00284362 1.78716e-05 1.97088e-06 1 0.000610228
1 -5.90552e-05 1.1977e-05 -0.00354716 5.90552e-05 1 7.12562e-06 0.00210552 -1.19774e-05 -7.12491e-06 1 -0.000367346
1 -9.5168e-05 -5.69829e-05 -0.00435502 9.51706e-05 1 4.45598e-05 0.00394471 5.69787e-05 -4.45653e-05 1 -0.00148852
1 -2.09802e-05 -9.08534e-06 -0.00413648 2.09805e-05 1 3.5832e-05 0.00305733 9.08459e-06 -3.58322e-05 1 0.000850059
1 -3.15733e-05 6.29834e-06 -0.00408203 3.15734e-05 1 -1.93904e-05 0.00355796 -6.29773e-06 1.93906e-05 1 0.00101954
1 -4.69449e-05 4.8636e-05 -0.00544103 4.69478e-05 1 -5.99197e-05 0.00421133 -4.86331e-05 5.9922e-05 1 0.00125372
1 -5.20881e-05 -2.06883e-05 -0.00183814 5.20876e-05 1 -2.50372e-05 0.00191532 2.06896e-05 2.50362e-05 1 0.000132144
1 -7.03427e-05 -3.26019e-05 -0.00340142 7.03444e-05 1 5.17553e-05 0.000783767 3.25983e-05 -5.17576e-05 1 0.000208528
1 -4.1584e-05 -4.87233e-05 -0.00369972 4.15834e-05 1 -1.15895e-05 0.0036032 4.87238e-05 1.15875e-05 1 0.000714682
1 -7.14956e-05 1.17151e-05 -0.00499281 7.14955e-05 1 1.34426e-05 0.00182655 -1.1716e-05 -1.34417e-05 1 0.000160319
1 -1.02945e-05 2.34742e-05 -0.00328311 1.02962e-05 1 -7.20335e-05 0.0020816 -2.34735e-05 7.20337e-05 1 0.000940603
1 2.00334e-05 4.05679e-05 -0.00429148 -2.00303e-05 1 -7.78667e-05 0.000610402 -4.05695e-05 7.78659e-05 1 0.000737972
1 -3.01259e-05 4.65799e-06 -0.00288798 3.01261e-05 1 -4.61334e-05 0.000292755 -4.6566e-06 4.61336e-05 1 0.000812473
1 2.86733e-05 2.6779e-05 -0.0029636 -2.86725e-05 1 -3.03691e-05 0.00247894 -2.67798e-05 3.03683e-05 1 0.00163764
1 -4.84268e-05 3.79296e-05 -0.00454189 4.84295e-05 1 -6.89962e-05 0.00155195 -3.79262e-05 6.8998e-05 1 0.000596675
1 -6.0022e-05 -4.04459e-05 -0.00330269 6.00225e-05 1 1.33721e-05 0.00264411 4.04451e-05 -1.33745e-05 1 -0.000500249
1 6.98985e-06 -9.02051e-06 -0.00556583 -6.99026e-06 1 -4.54655e-05 -0.000240454 9.02019e-06 4.54656e-05 1 -0.000732067
1 -5.63346e-05 4.8089e-05 -0.00472157 5.63389e-05 1 -8.95465e-05 0.000606287 -4.8084e-05 8.95492e-05 1 0.000619543
1 -2.68574e-05 -5.40434e-06 -0.00530962 2.68571e-05 1 -5.4539e-05 0.00106376 5.4058e-06 5.45388e-05 1 0.00119043
1 -4.1198e-05 4.95407e-05 -0.00373283 4.12014e-05 1 -6.8919e-05 0.00303275 -4.95379e-05 6.89211e-05 1 0.000470412
1 5.79847e-05 3.15653e-05 -0.00404146 -5.79821e-05 1 -8.25486e-05 0.000329176 -3.15701e-05 8.25468e-05 1 0.000541992
1 -6.37568e-05 1.05896e-05 -0.003364 6.37571e-05 1 -3.38822e-05 0.00217565 -1.05875e-05 3.38829e-05 1 0.00129532
1 4.88984e-05 -2.2844e-06 -0.00372124 -4.88983e-05 1 1.41684e-05 -0.00236645 2.2851e-06 -1.41683e-05 1 0.00113439
1 -5.29997e-05 1.06898e-05 -0.00407095 5.30001e-05 1 -3.83938e-05 0.00173265 -1.06878e-05 3.83944e-05 1 0.000272209
1 -3.14846e-06 1.06292e-05 -0.00369768 3.14858e-06 1 -1.12629e-05 0.00130656 -1.06292e-05 1.1263e-05 1 0.00120937
1 -1.7129e-06 -6.42766e-06 -0.00435664 1.71281e-06 1 -1.51885e-05 0.00139654 6.42769e-06 1.51885e-05 1 9.06573e-05
1 -2.6694e-05 2.26344e-05 -0.00558064 2.6694e-05 1 -1.25308e-06 0.00216581 -2.26344e-05 1.25369e-06 1 -0.000472209
1 -1.24271e-05 3.84464e-05 -0.00541633 1.243e-05 1 -7.4776e-05 0.00380729 -3.84455e-05 7.47765e-05 1 9.29592e-06
1 -3.81187e-05 -1.99027e-05 -0.00472997 3.81192e-05 1 2.29633e-05 -0.000157912 1.99018e-05 -2.29641e-05 1 -0.000156421
1 -3.33449e-05 4.95161e-06 -0.00606492 3.3345e-05 1 -1.32859e-05 -0.000952522 -4.95117e-06 1.32861e-05 1 -0.000812385
1 -4.09935e-05 5.37119e-06 -0.00366891 4.09934e-05 1 7.09325e-06 -9.10947e-05 -5.37148e-06 -7.09303e-06 1 0.000381146
1 3.49563e-05 1.75364e-05 -0.00472686 -3.49554e-05 1 -4.86754e-05 0.000260651 -1.75381e-05 4.86748e-05 1 0.0010013
1 -6.28452e-05 -2.93132e-05 -0.00162802 6.28457e-05 1 1.43402e-05 -0.000816241 2.93123e-05 -1.4342e-05 1 0.00040989
1 1.26147e-06 9.83607e-06 -0.00623861 -1.26121e-06 1 -2.6079e-05 -0.000372665 -9.83611e-06 2.6079e-05 1 -0.00135516
1 -7.74851e-05 3.60484e-05 -0.00578576 7.74856e-05 1 -1.4807e-05 0.00266706 -3.60473e-05 1.48098e-05 1 -0.000724203
1 6.86697e-06 -1.53914e-05 -0.00380417 -6.86683e-06 1 9.37508e-06 -0.000915788 1.53914e-05 -9.37498e-06 1 -0.000620985
1 -5.84992e-05 -5.40356e-05 -0.0040933 5.85031e-05 1 7.32612e-05 -0.00312039 5.40314e-05 -7.32643e-05 1 -0.00164523
1 7.51283e-05 -0.000114641 0.00197593 -7.51171e-05 1 9.80049e-05 0.00111874 0.000114649 -9.79963e-05 1 -0.00196461
1 0.000107284 -5.17966e-05 0.0101936 -0.000107283 1 1.71794e-05 0.000975478 5.17985e-05 -1.71739e-05 1 -0.001213
1 0.000311062 -9.12385e-05 0.0269057 -0.000311056 1 6.48761e-05 0.00165531 9.12586e-05 -6.48478e-05 1 -0.00453457
1 0.000489956 -0.000132243 0.0389451 -0.000489941 1 0.000111482 0.000109568 0.000132297 -0.000111418 1 -0.00473886
0.999999 0.000961323 -0.000364385 0.0726222 -0.000961253 1 0.000191583 0.000861065 0.000364569 -0.000191233 1 -0.00590452
0.999996 0.00286766 -0.000777371 0.117349 -0.00286708 0.999996 0.000738889 -0.00740323 0.000779487 -0.000736657 0.999999 -0.0073939
0.999992 0.00382079 -0.000787175 0.176921 -0.00382026 0.999992 0.000672359 -0.020942 0.000789738 -0.000669347 0.999999 -0.010933
0.999987 0.00496393 -0.00120998 0.242013 -0.00496236 0.999987 0.00129566 -0.0148427 0.0012164 -0.00128964 0.999998 -0.00781027
0.999977 0.00658914 -0.00137249 0.293313 -0.00658757 0.999978 0.00114785 -0.0258022 0.00138003 -0.00113879 0.999998 -0.0120918
0.999971 0.00747286 -0.00149525 0.362756 -0.00747074 0.999971 0.00141779 -0.0309566 0.0015058 -0.00140658 0.999998 -0.00736478
0.999964 0.00825841 -0.00188714 0.424221 -0.00825546 0.999965 0.00156235 -0.0197241 0.00189997 -0.00154672 0.999997 -0.00426706
0.999963 0.00846116 -0.00177597 0.513337 -0.00845848 0.999963 0.00151219 -0.0320191 0.0017887 -0.00149711 0.999997 -0.00174767
0.99996 0.00873151 -0.00174274 0.62539 -0.0087292 0.999961 0.00133299 -0.0280903 0.00175431 -0.00131772 0.999998 -0.00130589
0.999965 0.00823679 -0.00172963 0.719597 -0.0082345 0.999965 0.00132678 -0.0305658 0.0017405 -0.00131249 0.999998 -0.000316454
0.99997 0.00759218 -0.00130641 0.804409 -0.00759115 0.999971 0.000789608 -0.0195183 0.00131237 -0.000779668 0.999999 -0.00287122
0.999972 0.00727434 -0.00159163 0.878582 -0.00727256 0.999973 0.00112105 -0.0288157 0.00159974 -0.00110944 0.999998 -0.00564153
0.999975 0.00688421 -0.00160445 0.999037 -0.00688263 0.999976 0.000991069 -0.0285182 0.00161123 -0.000980001 0.999998 -0.00208277
0.999976 0.00673267 -0.00144017 1.10562 -0.00673158 0.999977 0.000760503 -0.0266464 0.00144525 -0.000750791 0.999999 0.00366
0.999979 0.00635308 -0.00145997 1.19917 -0.00635199 0.99998 0.000753725 -0.0254071 0.00146473 -0.000744435 0.999999 0.00188974
0.999979 0.00622751 -0.00157414 1.29124 -0.00622618 0.99998 0.000849551 -0.0227464 0.0015794 -0.000839732 0.999998 -0.00241266
0.999979 0.00628033 -0.00179453 1.40872 -0.00627826 0.99998 0.00115256 -0.0235917 0.00180173 -0.00114126 0.999998 -0.000638157
0.999976 0.006682 -0.00200946 1.52986 -0.00667942 0.999977 0.0012852 -0.0126607 0.00201801 -0.00127174 0.999997 0.0040376
0.999979 0.00628589 -0.00176569 1.62864 -0.00628401 0.99998 0.00106677 -0.013952 0.00177236 -0.00105565 0.999998 0.00910211
0.999978 0.00634483 -0.00197756 1.71702 -0.00634327 0.99998 0.000792078 -0.0259972 0.00198254 -0.000779516 0.999998 0.0041433
0.999971 0.0073633 -0.00203974 1.84854 -0.00736156 0.999973 0.000860078 -0.0194501 0.00204601 -0.000845037 0.999998 0.00909814
0.999968 0.00779079 -0.00192588 1.97573 -0.00778983 0.99997 0.000508334 -0.0135944 0.00192979 -0.000493315 0.999998 0.0100321
0.999966 0.0080865 -0.00186969 2.07627 -0.00808463 0.999967 0.00100815 -0.0176196 0.00187778 -0.000992999 0.999998 0.00488902
0.999963 0.00844899 -0.00173656 2.19444 -0.008447 0.999964 0.00114993 -0.0261308 0.00174621 -0.00113522 0.999998 0.00733085
0.999961 0.00869272 -0.00184862 2.33084 -0.00868995 0.999961 0.00150468 -0.0190342 0.00186163 -0.00148856 0.999997 0.0167526
0.999959 0.00876117 -0.00225833 2.43814 -0.00875889 0.999961 0.00101727 -0.0294212 0.00226715 -0.00099745 0.999997 0.00981732
0.999956 0.00899588 -0.00271899 2.5689 -0.00899495 0.999959 0.000355782 -0.0425254 0.00272208 -0.000331309 0.999996 0.00824983
0.999966 0.00762332 -0.00298711 2.70927 -0.00762071 0.999971 0.000884232 -0.022173 0.00299376 -0.000861439 0.999995 0.0182585
0.999978 0.00570328 -0.00343492 2.81514 -0.00570027 0.999983 0.000887306 -0.0316869 0.00343992 -0.000867707 0.999994 0.0155095
0.999986 0.00352253 -0.00385485 2.94125 -0.0035173 0.999993 0.00136299 -0.0140125 0.00385962 -0.00134941 0.999992 0.0251242
0.999992 3.01864e-05 -0.00405769 3.13227 -2.2391e-05 0.999998 0.00192118 -0.00756433 0.00405774 -0.00192107 0.99999 0.0316198
0.999986 -0.00310061 -0.00419085 3.25276 0.00310796 0.999994 0.00174691 0.00674776 0.00418541 -0.00175991 0.99999 0.0248815
0.999961 -0.00759814 -0.00448239 3.40512 0.0076071 0.999969 0.00198546 0.0222965 0.00446717 -0.00201948 0.999988 0.0197173
0.999923 -0.0115045 -0.00467755 3.58043 0.0115142 0.999932 0.00206757 0.0572731 0.00465344 -0.00212126 0.999987 0.0181779
0.999866 -0.0155622 -0.00508365 3.74023 0.015572 0.999877 0.001893 0.0325335 0.00505356 -0.00197191 0.999985 0.0232954
0.999793 -0.0196086 -0.00544674 3.90203 0.0196232 0.999804 0.00264207 0.0453116 0.00539386 -0.00274841 0.999982 0.0241381
0.99974 -0.0220156 -0.00594143 4.08985 0.022036 0.999751 0.00338896 0.0678087 0.00586535 -0.00351901 0.999977 0.0312563
0.999673 -0.0247466 -0.00650461 4.27193 0.0247685 0.999688 0.00330468 0.0688171 0.0064208 -0.00346471 0.999973 0.0234465
0.999596 -0.0275382 -0.00698041 4.4782 0.0275686 0.999611 0.00428806 0.0713133 0.0068596 -0.00447877 0.999966 0.0313866
0.999505 -0.0296274 -0.0105765 4.66887 0.029665 0.999554 0.00341712 0.0684653 0.0104706 -0.00372918 0.999938 0.021074
0.999433 -0.0318413 -0.0109876 4.88024 0.0318966 0.999479 0.00489914 0.0732342 0.0108259 -0.00524682 0.999928 0.0283891
0.999372 -0.0336863 -0.0110311 5.07623 0.0337312 0.999423 0.00390315 0.101267 0.0108932 -0.00427279 0.999932 0.0180379
0.999305 -0.0355053 -0.0113141 5.29039 0.035561 0.999356 0.00476065 0.105292 0.0111378 -0.00515968 0.999925 0.0348452
0.999246 -0.0371365 -0.0113143 5.5173 0.0371896 0.999298 0.00451371 0.103029 0.0111387 -0.00493108 0.999926 0.0263444
0.999222 -0.0378437 -0.0111438 5.72785 0.037911 0.999264 0.00588743 0.108398 0.0109128 -0.00630532 0.999921 0.0423812
0.99918 -0.0386982 -0.0119364 5.96239 0.0387753 0.999228 0.00629576 0.115279 0.0116835 -0.00675344 0.999909 0.0488009
0.99921 -0.0376427 -0.0127148 6.1931 0.0377299 0.999266 0.00668752 0.144221 0.0124537 -0.00716197 0.999897 0.0569271
0.999265 -0.0361318 -0.0127952 6.45517 0.0362253 0.999318 0.00715575 0.142046 0.0125279 -0.007614 0.999893 0.045372
0.999338 -0.0339059 -0.0131623 6.69639 0.0340134 0.999389 0.00803122 0.151855 0.012882 -0.0084736 0.999881 0.0457602
0.999421 -0.031189 -0.0136088 6.96594 0.0313101 0.999471 0.00878408 0.158932 0.0133276 -0.00920509 0.999869 0.0619606
0.999511 -0.0281666 -0.0135758 7.22213 0.0282846 0.999563 0.00857503 0.170065 0.0133283 -0.00895482 0.999871 0.0565466
0.999608 -0.0246329 -0.0133036 7.48132 0.0247537 0.999653 0.00899045 0.147395 0.0130775 -0.00931624 0.999871 0.0592
0.999674 -0.0216198 -0.0135914 7.77317 0.0217448 0.999722 0.00911695 0.158022 0.0133905 -0.00940952 0.999866 0.0698064
0.999773 -0.0180783 -0.0112725 8.05283 0.018167 0.999804 0.00781741 0.174412 0.011129 -0.00802043 0.999906 0.0547153
0.999839 -0.0148765 -0.00998912 8.32603 0.0149669 0.999847 0.00903088 0.188449 0.00985324 -0.00917894 0.999909 0.0675308
0.999875 -0.0119526 -0.0103068 8.62829 0.0120597 0.999873 0.0103905 0.177656 0.0101813 -0.0105135 0.999893 0.0726149
0.999905 -0.00928173 -0.0101774 8.92376 0.0093968 0.999892 0.0113176 0.17676 0.0100712 -0.0114121 0.999884 0.0874028
0.999924 -0.00706016 -0.0100899 9.24286 0.0071824 0.999901 0.0121311 0.162672 0.0100032 -0.0122027 0.999876 0.0890066
0.999954 -0.00539598 -0.00791963 9.57121 0.00549894 0.9999 0.0130374 0.16873 0.00784848 -0.0130803 0.999884 0.090952
0.999968 -0.00474801 -0.00644424 9.89625 0.00483229 0.999902 0.0131271 0.167601 0.00638128 -0.0131578 0.999893 0.0848257
0.999978 -0.00494098 -0.00449004 10.2109 0.00499907 0.999903 0.0130199 0.167713 0.00442528 -0.013042 0.999905 0.0933265
0.999975 -0.00619933 -0.00340223 10.5298 0.00624947 0.999869 0.014931 0.186538 0.00330923 -0.0149519 0.999883 0.0975702
0.999952 -0.00946771 -0.00236881 10.874 0.00950721 0.999806 0.0172621 0.193297 0.00220492 -0.0172838 0.999848 0.0883171
0.999909 -0.0134479 -0.000409884 11.1976 0.0134528 0.999775 0.0163818 0.201285 0.00018949 -0.0163858 0.999866 0.0747181
0.999819 -0.0189961 0.000441568 11.525 0.0189875 0.99971 0.0148106 0.206361 -0.000722783 -0.0147995 0.99989 0.0882789
0.999671 -0.0256259 -0.000799225 11.8584 0.0256336 0.9996 0.0119801 0.222458 0.000491905 -0.0119967 0.999928 0.0891425
0.999407 -0.0342476 -0.00357691 12.1892 0.0342835 0.999357 0.010524 0.248546 0.00321419 -0.0106404 0.999938 0.102009
0.999003 -0.044172 -0.00642338 12.512 0.0442456 0.998951 0.0117992 0.25997 0.00589545 -0.0120716 0.99991 0.121381
0.998404 -0.0555764 -0.0100745 12.8449 0.0557107 0.998355 0.0135788 0.291797 0.00930325 -0.0141184 0.999857 0.114631
0.997507 -0.069262 -0.0135157 13.1637 0.0694425 0.997496 0.0133837 0.315445 0.0125548 -0.0142889 0.999819 0.103408
0.996352 -0.083733 -0.0164835 13.4689 0.0839419 0.996393 0.0124147 0.35856 0.0153845 -0.0137531 0.999787 0.100008
0.994672 -0.100991 -0.020703 13.802 0.101208 0.994818 0.00972876 0.404551 0.0196132 -0.0117722 0.999738 0.129896
0.992617 -0.11929 -0.0219594 14.1278 0.119521 0.992786 0.00952239 0.474359 0.0206651 -0.0120767 0.999714 0.130946
0.989991 -0.139512 -0.0212965 14.4438 0.139732 0.990146 0.0092345 0.508404 0.0197983 -0.0121179 0.999731 0.152597
0.986793 -0.160704 -0.0203483 14.7644 0.160907 0.986931 0.00876133 0.583485 0.0186744 -0.0119198 0.999755 0.166463
0.982856 -0.183351 -0.0193877 15.0738 0.183543 0.982974 0.00862919 0.665443 0.0174755 -0.0120397 0.999775 0.162598
0.978262 -0.206506 -0.0189422 15.3923 0.206712 0.978354 0.00965905 0.766447 0.0165376 -0.0133647 0.999774 0.160909
0.972704 -0.23123 -0.0194884 15.7272 0.231425 0.972816 0.00841114 0.846077 0.0170137 -0.0126917 0.999775 0.168513
0.966285 -0.256664 -0.0204287 16.0312 0.256839 0.966433 0.0063874 0.933781 0.0181035 -0.0114189 0.999771 0.190381
0.959123 -0.282262 -0.0202593 16.3514 0.282348 0.959311 0.00146573 1.05201 0.0190213 -0.007126 0.999794 0.194589
0.950911 -0.308702 -0.0217021 16.6694 0.308794 0.951128 0.00095392 1.1711 0.020347 -0.00760859 0.999764 0.207797
0.941437 -0.336315 -0.0242456 16.9725 0.336467 0.941692 0.00236282 1.31023 0.0220373 -0.0103823 0.999703 0.223878
0.930674 -0.36488 -0.0266103 17.2815 0.365083 0.93097 0.00306334 1.46146 0.0236557 -0.012566 0.999641 0.236901
0.919316 -0.392445 -0.0290785 17.5879 0.392669 0.919677 0.00220433 1.61178 0.0258777 -0.0134447 0.999575 0.251489
0.90708 -0.419799 -0.0312026 17.8857 0.42004 0.907505 0.00126896 1.76974 0.0277838 -0.0142574 0.999512 0.265686
0.89394 -0.447029 -0.032187 18.1876 0.447265 0.894401 0.000144231 1.95266 0.0287236 -0.0145251 0.999482 0.267443
0.879825 -0.474202 -0.0322672 18.492 0.474427 0.880295 -0.000767123 2.13225 0.0287684 -0.0146335 0.999479 0.271309
0.86516 -0.500646 -0.0291768 18.7825 0.500744 0.865584 -0.00436532 2.3217 0.0274404 -0.0108334 0.999565 0.281164
0.850199 -0.525722 -0.027893 19.061 0.525808 0.85059 -0.00477061 2.51667 0.0262335 -0.0106104 0.9996 0.303591
0.834195 -0.550759 -0.027982 19.3473 0.550854 0.834587 -0.00486843 2.74574 0.0260348 -0.0113528 0.999597 0.300323
0.817747 -0.574842 -0.0291 19.6092 0.574961 0.818166 -0.00493359 2.95921 0.0266446 -0.0126969 0.999564 0.300283
0.801023 -0.597927 -0.0290748 19.8894 0.598034 0.80145 -0.00583184 3.18026 0.026789 -0.0127162 0.99956 0.310251
0.78377 -0.620381 -0.0288364 20.1605 0.620475 0.784198 -0.00664258 3.40309 0.0267344 -0.012686 0.999562 0.342024
0.765325 -0.642967 -0.0295192 20.4019 0.643051 0.765784 -0.00780065 3.64617 0.0276209 -0.0130123 0.999534 0.370336
0.745986 -0.665327 -0.0290694 20.6542 0.665325 0.74647 -0.0111488 3.88789 0.0291171 -0.0110238 0.999515 0.377759
0.726124 -0.686991 -0.028059 20.895 0.686915 0.726607 -0.0138078 4.1536 0.0298737 -0.00924791 0.999511 0.375846
0.705309 -0.708327 -0.0285142 21.1208 0.708257 0.705812 -0.0142069 4.40817 0.0301888 -0.0101751 0.999492 0.403012
0.684052 -0.72883 -0.0296473 21.3496 0.728753 0.684604 -0.0153734 4.67254 0.0315013 -0.0110894 0.999442 0.419839
0.661734 -0.749132 -0.0301477 21.5564 0.74898 0.662338 -0.0183619 4.95669 0.0337234 -0.0104293 0.999377 0.421881
0.639112 -0.768507 -0.0305538 21.774 0.768302 0.639758 -0.0205329 5.23387 0.0353267 -0.0103518 0.999322 0.431068
0.616491 -0.786762 -0.0307305 21.9751 0.786562 0.617154 -0.0210031 5.51224 0.0354899 -0.0112232 0.999307 0.436891
0.592995 -0.804656 -0.0297568 22.1565 0.804441 0.593637 -0.021665 5.81526 0.0350976 -0.0110903 0.999322 0.458816
0.568872 -0.821917 -0.0289358 22.336 0.821701 0.569496 -0.0219633 6.10553 0.0345308 -0.0112822 0.99934 0.482053
0.54508 -0.837936 -0.0274004 22.5147 0.837688 0.545667 -0.0229174 6.40445 0.0341548 -0.0104612 0.999362 0.475949
0.521194 -0.853072 -0.0250145 22.68 0.852749 0.521727 -0.0248925 6.70806 0.0342859 -0.00835729 0.999377 0.491796
0.496427 -0.867754 -0.0237135 22.8332 0.867346 0.496945 -0.0275 7.02603 0.0356475 -0.0069161 0.99934 0.510638
0.471503 -0.881546 -0.0237046 22.9898 0.881123 0.472038 -0.0283155 7.3362 0.0361509 -0.00753579 0.999318 0.528458
0.446461 -0.894502 -0.0232003 23.1106 0.894009 0.447007 -0.0305324 7.64621 0.037682 -0.00710978 0.999264 0.532041
0.42096 -0.906821 -0.0216605 23.2417 0.906236 0.421478 -0.0330457 7.94844 0.039096 -0.00571859 0.999219 0.549399
0.395106 -0.918408 -0.0204482 23.3616 0.917736 0.395606 -0.0354507 8.28129 0.0406476 -0.00475928 0.999162 0.566661
0.368327 -0.929494 -0.0194082 23.4562 0.928716 0.368817 -0.0382287 8.5948 0.0426915 -0.00394405 0.999081 0.589912
0.339994 -0.940245 -0.0185588 23.5682 0.939365 0.340481 -0.0408212 8.92423 0.0447008 -0.00355451 0.998994 0.604612
0.311063 -0.950234 -0.0171873 23.644 0.949301 0.311521 -0.0422032 9.2494 0.0454571 -0.0031881 0.998961 0.607826
0.281548 -0.959416 -0.0158726 23.7313 0.958494 0.281975 -0.0421755 9.58571 0.0449396 -0.00333938 0.998984 0.63445
0.251931 -0.967634 -0.0146622 23.7947 0.966706 0.252334 -0.0425068 9.92931 0.0448308 -0.00346526 0.998989 0.652302
0.22193 -0.974972 -0.0132952 23.8534 0.973983 0.222305 -0.0440106 10.2782 0.0458647 -0.00318208 0.998943 0.666099
0.19081 -0.981575 -0.0101198 23.905 0.980622 0.191071 -0.0432649 10.6199 0.0444014 -0.00166826 0.999012 0.668992
0.160062 -0.987086 -0.00636117 23.9347 0.986172 0.160188 -0.0424869 10.9641 0.0429572 0.000527339 0.999077 0.703607
0.129232 -0.991605 -0.00424651 23.9561 0.990663 0.129294 -0.0432433 11.3196 0.0434293 0.00138156 0.999056 0.72501
0.0975422 -0.99523 -0.00153289 23.9718 0.994278 0.097516 -0.0436218 11.6653 0.0435633 0.00273085 0.999047 0.743005
0.06639 -0.997793 0.000949785 23.9766 0.996804 0.0662817 -0.0445905 12.0213 0.0444292 0.00390711 0.999005 0.754138
0.0348562 -0.999391 0.00157204 23.967 0.998326 0.0347463 -0.0462349 12.379 0.0461521 0.00318098 0.998929 0.779151
0.00246273 -0.999992 0.00310164 23.9451 0.998858 0.00231192 -0.0477216 12.7359 0.047714 0.00321563 0.998856 0.791094
-0.0299688 -0.999538 0.00500702 23.9165 0.998344 -0.0301783 -0.0489743 13.0947 0.0491028 0.00353103 0.998787 0.802862
-0.0614859 -0.998079 0.00766341 23.8817 0.996694 -0.0618055 -0.0527305 13.4421 0.0531028 0.0043959 0.998579 0.823142
-0.0926684 -0.99566 0.00861548 23.8259 0.99426 -0.0929959 -0.052913 13.8007 0.0534846 0.00366266 0.998562 0.839963
-0.124171 -0.992194 0.0115538 23.7627 0.990721 -0.124619 -0.0542482 14.1743 0.0552645 0.00471052 0.998461 0.849868
-0.155387 -0.987769 0.0129018 23.6892 0.9863 -0.155861 -0.0540301 14.5243 0.0553802 0.00432954 0.998456 0.881099
-0.18555 -0.982527 0.0145249 23.5943 0.981065 -0.186069 -0.0537512 14.8809 0.0555146 0.00427632 0.998449 0.900689
-0.215932 -0.976288 0.0153488 23.4962 0.974927 -0.216444 -0.051672 15.2402 0.0537689 0.00380624 0.998546 0.906979
-0.24582 -0.969151 0.017843 23.4003 0.968008 -0.246402 -0.0474033 15.596 0.0503375 0.00561948 0.998716 0.919478
-0.274771 -0.96125 0.0223497 23.2636 0.960293 -0.275518 -0.0438901 15.9425 0.0483471 0.00940252 0.998786 0.931099
-0.303005 -0.952695 0.0236607 23.1354 0.951836 -0.303766 -0.0416581 16.2926 0.0468748 0.00989853 0.998852 0.963565
-0.330915 -0.94332 0.0253524 22.9895 0.942595 -0.331698 -0.0386053 16.6284 0.0448265 0.011122 0.998933 0.982143
-0.358188 -0.933288 0.0259874 22.8603 0.932586 -0.358969 -0.0377453 16.9655 0.0445559 0.0107155 0.998949 1.00597
-0.385544 -0.922293 0.0270437 22.6936 0.921654 -0.386334 -0.0360546 17.3031 0.0437008 0.0110243 0.998984 1.02673
-0.411304 -0.910975 0.0308827 22.5257 0.910415 -0.412231 -0.0347985 17.623 0.0444313 0.0138033 0.998917 1.00975
-0.438164 -0.898181 0.035831 22.3546 0.897584 -0.439329 -0.0364989 17.9492 0.0485242 0.0161689 0.998691 1.0445
-0.464701 -0.88455 0.0403054 22.172 0.884069 -0.466044 -0.0350031 18.2742 0.0497461 0.0193667 0.998574 1.05763
-0.491313 -0.869855 0.0443212 21.9798 0.869495 -0.492812 -0.0333923 18.5817 0.0508884 0.022131 0.998459 1.09725
-0.51859 -0.853652 0.0483962 21.775 0.853471 -0.520227 -0.0308251 18.9033 0.051491 0.0253192 0.998352 1.11103
-0.546768 -0.83573 0.0509955 21.561 0.835562 -0.548535 -0.0307443 19.1834 0.0536667 0.0257999 0.998226 1.13565
-0.575152 -0.816316 0.0531904 21.3337 0.816172 -0.577019 -0.0302141 19.4813 0.0553561 0.0260348 0.998127 1.15144
-0.602624 -0.796107 0.0553022 21.089 0.796015 -0.604577 -0.0291043 19.7599 0.0566046 0.0264824 0.998045 1.17221
-0.630855 -0.773819 0.056803 20.8406 0.773831 -0.632827 -0.0267383 20.0523 0.0566371 0.0270879 0.998027 1.1774
-0.65865 -0.750125 0.0590921 20.5751 0.750297 -0.660673 -0.0237597 20.311 0.0568634 0.0286873 0.99797 1.20508
-0.684833 -0.726075 0.0617977 20.3073 0.726471 -0.686907 -0.0199752 20.5723 0.0569527 0.0312145 0.997889 1.21925
-0.71066 -0.700763 0.0623937 20.0342 0.701246 -0.712705 -0.0174641 20.8163 0.0567065 0.0313423 0.997899 1.23865
-0.735017 -0.67506 0.0635947 19.7425 0.675654 -0.737068 -0.0149054 21.0534 0.0569357 0.0320123 0.997864 1.24688
-0.757685 -0.649426 0.0644875 19.4343 0.650043 -0.759773 -0.0137692 21.2675 0.0579379 0.0314869 0.997824 1.28682
-0.77915 -0.623398 0.0655772 19.1301 0.624014 -0.781302 -0.0131325 21.4905 0.0594224 0.0306889 0.997761 1.30834
-0.799183 -0.597267 0.0676702 18.8281 0.597982 -0.801428 -0.0113725 21.702 0.0610252 0.0313769 0.997643 1.31743
-0.81836 -0.570592 0.0686437 18.5137 0.571263 -0.820688 -0.0113589 21.9029 0.0628164 0.0299179 0.997577 1.35392
-0.836251 -0.543876 0.0698805 18.1846 0.544564 -0.838654 -0.010468 22.0973 0.0642989 0.0293005 0.9975 1.38037
-0.853057 -0.517108 0.0699419 17.8562 0.517975 -0.855371 -0.00653963 22.2732 0.063208 0.0306495 0.99753 1.37936
-0.868546 -0.490637 0.0700148 17.5205 0.491593 -0.870816 -0.00404566 22.4373 0.062955 0.030905 0.997538 1.41962
-0.883248 -0.463503 0.0709801 17.1771 0.464471 -0.885583 -0.00320192 22.6009 0.0643429 0.0301401 0.997473 1.45665
-0.896922 -0.436525 0.0705437 16.8301 0.437511 -0.899212 -0.00162973 22.7544 0.0641451 0.0294019 0.997507 1.47846
-0.909967 -0.408785 0.0696806 16.4848 0.409731 -0.912206 -0.000773674 22.8718 0.0638794 0.0278463 0.997569 1.49816
-0.922048 -0.380854 0.0691278 16.1322 0.381748 -0.924266 -0.000292547 22.997 0.0640039 0.0261197 0.997608 1.53139
-0.932905 -0.353055 0.0709948 15.7893 0.354057 -0.935222 0.0016485 23.1175 0.0658139 0.0266741 0.997475 1.55666
-0.943284 -0.324145 0.0717295 15.4181 0.325352 -0.945577 0.00550755 23.2223 0.0660405 0.0285325 0.997409 1.57438
-0.952624 -0.295353 0.0726162 15.0718 0.296559 -0.954995 0.00617163 23.33 0.0675252 0.0274142 0.997341 1.62579
-0.96141 -0.265316 0.0727835 14.7012 0.266548 -0.963792 0.00759228 23.393 0.0681338 0.0266996 0.997319 1.65288
-0.969207 -0.235089 0.0732817 14.3439 0.236296 -0.971647 0.00813001 23.4622 0.0692926 0.0251958 0.997278 1.69089
-0.976057 -0.204396 0.0744032 13.9807 0.205665 -0.978574 0.00973453 23.5048 0.0708194 0.0248036 0.997181 1.69778
-0.981772 -0.174202 0.0760157 13.6376 0.175484 -0.984426 0.01048 23.5679 0.0730063 0.0236285 0.997052 1.73507
-0.986666 -0.14285 0.0779983 13.2506 0.144123 -0.9895 0.0109173 23.5878 0.0756198 0.0220131 0.996894 1.76488
-0.990764 -0.111628 0.0769792 12.8986 0.112742 -0.993571 0.0102669 23.6044 0.0753382 0.0188508 0.99698 1.78367
-0.993847 -0.0810832 0.0754563 12.54 0.0823378 -0.996511 0.0136627 23.6211 0.0740852 0.0197915 0.997056 1.79623
-0.995965 -0.0497737 0.0746795 12.1727 0.0511525 -0.998552 0.0166634 23.6152 0.0737419 0.0204162 0.997068 1.84337
-0.997151 -0.0184503 0.073134 11.8004 0.0198037 -0.999645 0.0178245 23.6006 0.0727791 0.0192221 0.997163 1.87477
-0.997358 0.0130158 0.0714607 11.4307 -0.0116516 -0.999742 0.0194734 23.5832 0.0716957 0.0185893 0.997253 1.8811
-0.996605 0.0443095 0.0693919 11.0964 -0.0429876 -0.998867 0.0204287 23.5443 0.0702184 0.0173764 0.99738 1.9231
-0.994833 0.0759381 0.0673857 10.7272 -0.074501 -0.996942 0.0235936 23.4951 0.0689712 0.0184514 0.997448 1.94056
-0.991963 0.106372 0.0685183 10.3763 -0.104985 -0.994195 0.0235541 23.4496 0.070626 0.0161714 0.997372 2.00599
-0.988104 0.137538 0.0688054 9.99632 -0.136098 -0.990374 0.0252247 23.3779 0.0716125 0.0155604 0.997311 2.02474
-0.983545 0.1678 0.0669473 9.65432 -0.16641 -0.985717 0.0258603 23.3085 0.0703304 0.0142941 0.997421 2.04733
-0.977853 0.19867 0.0658254 9.30752 -0.19719 -0.979956 0.02834 23.2001 0.0701363 0.0147323 0.997429 2.05661
-0.971186 0.228861 0.066488 8.95392 -0.22741 -0.973375 0.0287311 23.1087 0.0712932 0.0127831 0.997373 2.09235
-0.963534 0.259364 0.0658256 8.594 -0.257908 -0.965707 0.0298814 22.9979 0.0713184 0.0118148 0.997384 2.1243
-0.95515 0.289192 0.0636961 8.26691 -0.287602 -0.957179 0.0330547 22.8607 0.0705277 0.0132531 0.997422 2.13943
-0.945866 0.318664 0.0615648 7.91499 -0.3171 -0.947784 0.0339455 22.7243 0.0691674 0.0125857 0.997526 2.16201
-0.935619 0.347806 0.0604018 7.57569 -0.346193 -0.937483 0.035716 22.5823 0.0690479 0.0125059 0.997535 2.17183
-0.924681 0.376126 0.0591192 7.24887 -0.374523 -0.926495 0.0366086 22.4303 0.0685431 0.0117097 0.997579 2.21892
-0.912847 0.404328 0.056823 6.91181 -0.40259 -0.914515 0.0397967 22.2471 0.0680564 0.013452 0.997591 2.21434
-0.900326 0.431692 0.0552718 6.58431 -0.429848 -0.901906 0.0423785 22.0825 0.0681445 0.014396 0.997572 2.23133
-0.886569 0.459122 0.0565857 6.26221 -0.457204 -0.888277 0.0439106 21.899 0.0704241 0.0130586 0.997432 2.29807
-0.87225 0.485904 0.0554696 5.94837 -0.483938 -0.873918 0.0455189 21.704 0.0705937 0.01286 0.997422 2.30813
-0.856915 0.512572 0.0544652 5.6429 -0.510547 -0.85855 0.047263 21.4882 0.0709868 0.0126933 0.997396 2.29738
-0.840763 0.538601 0.055014 5.33824 -0.536563 -0.842491 0.0480633 21.2919 0.0722357 0.0108914 0.997328 2.35441
-0.823366 0.564876 0.0546268 5.0245 -0.562701 -0.825102 0.0507309 21.0579 0.0737294 0.0110315 0.997217 2.37985
-0.805228 0.590662 0.0522023 4.74425 -0.588452 -0.806838 0.0523057 20.8238 0.0730138 0.0113994 0.997266 2.38283
-0.785552 0.616679 0.0511359 4.46238 -0.614509 -0.787152 0.0526385 20.5709 0.0727128 0.00992681 0.997304 2.41593
-0.765671 0.64136 0.0490434 4.18605 -0.639243 -0.767186 0.052867 20.3229 0.0715322 0.00912812 0.997397 2.44624
-0.744902 0.665588 0.0459827 3.92456 -0.663517 -0.746264 0.0532525 20.0548 0.0697594 0.00915757 0.997522 2.47278
-0.722513 0.689963 0.0438856 3.65962 -0.687982 -0.723801 0.0528484 19.7758 0.0682279 0.00799119 0.997638 2.49304
-0.699663 0.713281 0.0412586 3.41969 -0.71144 -0.700845 0.0516706 19.4907 0.0657716 0.00679903 0.997812 2.51027
-0.676096 0.735907 0.036545 3.17131 -0.734099 -0.677029 0.0522498 19.2106 0.063193 0.00849824 0.997965 2.50506
-0.651958 0.757506 0.0336905 2.95835 -0.755802 -0.652778 0.0514103 18.9093 0.060936 0.00805399 0.998109 2.53951
-0.626849 0.778493 0.031777 2.74397 -0.776638 -0.627582 0.0545448 18.5968 0.0624054 0.00951218 0.998006 2.55801
-0.601434 0.798271 0.0322456 2.5369 -0.796524 -0.602265 0.0531599 18.2888 0.0618565 0.00628778 0.998065 2.58353
-0.575366 0.817211 0.0334751 2.33032 -0.815378 -0.576323 0.0548647 17.9859 0.0641286 0.00427244 0.997933 2.6392
-0.548909 0.835198 0.0337999 2.1384 -0.833363 -0.549944 0.0553859 17.6589 0.0648463 0.00223425 0.997893 2.64299
-0.522319 0.8521 0.0332866 1.97171 -0.85024 -0.523377 0.056282 17.3311 0.0653794 0.00109546 0.99786 2.67516
-0.494835 0.868347 0.0333499 1.7858 -0.86644 -0.495957 0.057513 16.9932 0.0664813 -0.000436235 0.997788 2.7305
-0.467374 0.883517 0.0309704 1.62803 -0.881716 -0.468398 0.0563975 16.6584 0.0643346 -0.000948329 0.997928 2.74494
-0.439167 0.897954 0.0284787 1.4933 -0.896296 -0.440087 0.0545687 16.3104 0.0615333 -0.00156057 0.998104 2.7543
-0.410072 0.91167 0.0264209 1.35801 -0.910022 -0.410919 0.0548178 15.9687 0.0608326 -0.00156441 0.998147 2.80571
-0.380859 0.92428 0.0255515 1.2281 -0.922609 -0.381707 0.0556055 15.6118 0.0611482 -0.00239617 0.998126 2.83556
-0.351145 0.935993 0.0247754 1.11665 -0.934342 -0.352 0.0556809 15.2556 0.0608379 -0.00359666 0.998141 2.84906
-0.320409 0.946968 0.0242968 1.00542 -0.945289 -0.321292 0.0565595 14.8919 0.0613664 -0.00484538 0.998104 2.87443
-0.289 0.957062 0.022609 0.92441 -0.955393 -0.289836 0.0567375 14.5199 0.0608542 -0.00520336 0.998133 2.90534
-0.257326 0.966076 0.0219005 0.850548 -0.964383 -0.258179 0.0575185 14.1621 0.0612215 -0.0063194 0.998104 2.92373
-0.225402 0.974034 0.021262 0.790608 -0.97241 -0.226265 0.0567739 13.7784 0.0601106 -0.0078784 0.998161 2.95554
-0.193746 0.98085 0.0198957 0.726583 -0.979141 -0.194594 0.0584423 13.4039 0.0611948 -0.00815774 0.998093 2.96748
-0.161134 0.986785 0.0170851 0.68135 -0.985154 -0.161858 0.0572065 13.0103 0.0592159 -0.00761359 0.998216 2.97339
-0.128079 0.991672 0.013535 0.646187 -0.990003 -0.128652 0.0578088 12.6322 0.0590687 -0.00599558 0.998236 3.00639
-0.0953898 0.9954 0.00892473 0.646511 -0.993688 -0.0957497 0.0584478 12.2473 0.0590335 -0.00329308 0.998251 3.03495
-0.0617821 0.998071 0.0061428 0.647478 -0.996306 -0.0620383 0.0593686 11.8668 0.0596351 -0.00245219 0.998217 3.04559
-0.0275406 0.999598 0.00672572 0.648698 -0.99778 -0.0278974 0.0604702 11.48 0.0606335 -0.0050454 0.998147 3.07757
0.00638272 0.999959 0.00642635 0.665159 -0.998098 0.00597652 0.0613567 11.1084 0.0613158 -0.00680575 0.998095 3.0996
0.0400513 0.999183 0.00545399 0.694192 -0.997211 0.0396271 0.0632442 10.7305 0.0629764 -0.0079718 0.997983 3.13272
0.0747552 0.997201 0.00142442 0.764079 -0.995111 0.0745059 0.0648296 10.3436 0.064542 -0.00626381 0.997895 3.15719
0.108725 0.99407 -0.00184244 0.819735 -0.992179 0.108632 0.0614879 9.96237 0.0613234 -0.00485721 0.998106 3.15231
0.141773 0.989894 -0.00331017 0.879439 -0.988037 0.14171 0.0608438 9.59179 0.060698 -0.00535543 0.998142 3.23061
0.174444 0.984654 -0.00518207 0.962196 -0.982814 0.174436 0.060411 9.20583 0.0603879 -0.00544532 0.99816 3.24787
0.207498 0.978222 -0.00516866 1.06705 -0.976496 0.207441 0.0585209 8.82958 0.0583186 -0.00709578 0.998273 3.27401
0.239814 0.970767 -0.0100751 1.18637 -0.969296 0.240006 0.0535066 8.47541 0.0543605 -0.00306592 0.998517 3.23781
0.271934 0.962282 -0.0080555 1.30072 -0.960857 0.271973 0.0527654 8.11309 0.0529661 -0.00660851 0.998574 3.32559
0.303388 0.952814 -0.0100302 1.44724 -0.951569 0.303507 0.0489875 7.75019 0.0497202 -0.00531785 0.998749 3.28569
0.333601 0.942658 -0.0103469 1.56907 -0.941425 0.333699 0.0486275 7.3666 0.0492918 -0.00648138 0.998763 3.35327
0.363666 0.931451 -0.0121066 1.7377 -0.930323 0.363826 0.046158 7.00602 0.0473986 -0.00552304 0.998861 3.38742
0.39451 0.918767 -0.015132 1.90546 -0.917709 0.394784 0.0442112 6.65452 0.0465936 -0.00355499 0.998908 3.41214
0.424504 0.905305 -0.0148163 2.08356 -0.904349 0.424741 0.0418044 6.3155 0.0441388 -0.00434701 0.999016 3.45726
0.453895 0.890933 -0.0147711 2.28714 -0.890031 0.454106 0.0404127 5.99462 0.0427127 -0.00519637 0.999074 3.43018
0.483146 0.875396 -0.0158388 2.48588 -0.874389 0.48336 0.0425183 5.64239 0.0448762 -0.00669326 0.99897 3.46646
0.512769 0.858368 -0.0164829 2.70556 -0.857359 0.512978 0.0422998 5.32335 0.0447642 -0.00755832 0.998969 3.46963
0.541747 0.840407 -0.015063 2.95553 -0.839482 0.541877 0.0404962 5.00928 0.0421956 -0.00929357 0.999066 3.47916
0.569827 0.821616 -0.0156256 3.18151 -0.820755 0.569966 0.0387216 4.69089 0.0407204 -0.0092398 0.999128 3.50398
0.597789 0.801477 -0.0168222 3.42982 -0.800755 0.597981 0.034799 4.38293 0.03795 -0.00733202 0.999253 3.51683
0.624607 0.780729 -0.0181121 3.68368 -0.780095 0.624843 0.0320008 4.10324 0.0363012 -0.00585877 0.999324 3.53115
0.649807 0.759875 -0.0184609 3.92918 -0.759225 0.650033 0.0321775 3.78894 0.036451 -0.00689316 0.999312 3.54139
0.675584 0.737046 -0.0186926 4.23278 -0.73633 0.675783 0.0336981 3.50997 0.0374692 -0.00900199 0.999257 3.55955
0.700181 0.713721 -0.0186725 4.50224 -0.713089 0.700378 0.0312115 3.26699 0.0353541 -0.00853856 0.999338 3.53022
0.723421 0.69014 -0.019194 4.8005 -0.689499 0.723616 0.0311706 3.02056 0.0354011 -0.00931518 0.99933 3.54399
0.746555 0.664786 -0.0267226 5.13883 -0.663993 0.747 0.0332354 2.74679 0.0420562 -0.00706843 0.99909 3.62747
0.768457 0.639286 -0.0280516 5.4667 -0.638472 0.768932 0.0331298 2.51054 0.0427492 -0.00754866 0.999057 3.68212
0.78878 0.614042 -0.0279045 5.77711 -0.613362 0.789249 0.0295502 2.28398 0.0401687 -0.00619306 0.999174 3.67128
0.808498 0.587872 -0.0271535 6.11747 -0.587279 0.808932 0.0270632 2.06304 0.037875 -0.00593389 0.999265 3.6919
0.828156 0.559802 -0.0279263 6.46267 -0.559252 0.828609 0.0253852 1.84796 0.0373507 -0.00540503 0.999288 3.71666
0.84675 0.531303 -0.0270574 6.80929 -0.53082 0.847165 0.0232649 1.66286 0.0352828 -0.00533691 0.999363 3.73731
0.864775 0.501502 -0.0256972 7.16532 -0.501089 0.86514 0.0210476 1.46238 0.0327871 -0.00532492 0.999448 3.73931
0.881714 0.471183 -0.0238077 7.5236 -0.470856 0.882022 0.0182073 1.30649 0.0295779 -0.00484362 0.999551 3.75736
0.89771 0.440031 -0.0221123 7.89155 -0.439797 0.897976 0.0147837 1.16773 0.0263616 -0.0035465 0.999646 3.76233
0.912526 0.40844 -0.0217474 8.26274 -0.408266 0.912783 0.012096 1.00811 0.0247912 -0.00215921 0.99969 3.77696
0.92621 0.37647 -0.0201182 8.64918 -0.376331 0.926426 0.0104446 0.867642 0.0225701 -0.00210276 0.999743 3.78983
0.938671 0.344289 -0.0190067 9.05745 -0.344142 0.938857 0.010638 0.764462 0.0215072 -0.00344458 0.999763 3.82058
0.949991 0.311715 -0.0187418 9.44894 -0.311573 0.950168 0.0101396 0.639275 0.0209685 -0.00379312 0.999773 3.81449
0.960311 0.278254 -0.0194303 9.85717 -0.278078 0.960492 0.0113076 0.544835 0.021809 -0.0054557 0.999747 3.8357
0.96943 0.244631 -0.01902 10.2517 -0.244498 0.969607 0.00906978 0.460971 0.0206607 -0.00414215 0.999778 3.85145
0.977195 0.211711 -0.0163841 10.6727 -0.21161 0.977324 0.00767421 0.384203 0.0176373 -0.00403216 0.999836 3.85681
0.983832 0.178547 -0.0139512 11.0928 -0.178483 0.983926 0.00572795 0.326149 0.0147497 -0.0031453 0.999886 3.86782
0.989482 0.144078 -0.0129422 11.5012 -0.144052 0.989566 0.00289821 0.295985 0.0132248 -0.00100336 0.999912 3.87318
0.993763 0.110627 -0.0140501 11.9302 -0.110609 0.993862 0.00211504 0.279589 0.0141979 -0.000547781 0.999899 3.89537
0.996927 0.0769734 -0.014542 12.338 -0.0769521 0.997033 0.00202047 0.247172 0.0146543 -0.000895226 0.999892 3.91053
0.998939 0.0428748 -0.0167922 12.7613 -0.0428606 0.99908 0.00120358 0.245182 0.0168284 -0.000482573 0.999858 3.9211
0.999787 0.00922597 -0.0184648 13.1769 -0.00925322 0.999956 -0.0013913 0.266298 0.0184512 0.00156186 0.999829 3.91138
0.999514 -0.0244611 -0.0193302 13.5741 0.0244123 0.999698 -0.00275788 0.275661 0.0193918 0.00228465 0.999809 3.92978
0.998032 -0.0589786 -0.0212965 13.9973 0.0589136 0.998256 -0.00366788 0.338375 0.0214757 0.00240601 0.999766 3.96064
0.995455 -0.0930641 -0.0201945 14.4066 0.0929796 0.995655 -0.00508204 0.390657 0.0205797 0.00318127 0.999783 3.95647
0.991695 -0.12703 -0.0201137 14.8324 0.126922 0.991891 -0.0065531 0.513917 0.0207831 0.00394581 0.999776 3.93312
0.987061 -0.159078 -0.0201303 15.2423 0.159016 0.987265 -0.0046443 0.532381 0.0206127 0.00138316 0.999787 3.99107
0.981034 -0.192849 -0.01953 15.6656 0.192718 0.981218 -0.00843823 0.636142 0.0207905 0.00451441 0.999774 3.97996
0.974009 -0.225831 -0.0175345 16.0747 0.225644 0.974135 -0.0120348 0.770851 0.0197988 0.00776546 0.999774 4.02093
0.965624 -0.259353 -0.0174819 16.484 0.259116 0.965735 -0.0146849 0.878565 0.0206915 0.00965027 0.999739 4.03837
0.955933 -0.293074 -0.0172886 16.8717 0.292796 0.956025 -0.0169075 1.00992 0.0214835 0.0111004 0.999708 4.0529
0.944535 -0.327904 -0.01825 17.2635 0.327616 0.944657 -0.017086 1.17214 0.0228425 0.0101593 0.999687 4.06189
0.931939 -0.362079 -0.0197036 17.653 0.361781 0.932105 -0.0171423 1.34792 0.0245727 0.00884722 0.999659 4.08276
0.917634 -0.396867 -0.0210776 18.0291 0.396539 0.917839 -0.0181022 1.53182 0.02653 0.00825314 0.999614 4.09172
0.90233 -0.430567 -0.0203179 18.3991 0.430137 0.902486 -0.0223799 1.73012 0.0279726 0.0114546 0.999543 4.08665
0.885208 -0.464835 -0.0183016 18.772 0.464408 0.885314 -0.0233299 1.948 0.0270473 0.0121524 0.99956 4.12242
0.867533 -0.497168 -0.0145172 19.1418 0.496753 0.867535 -0.0248808 2.16465 0.0249641 0.0143735 0.999585 4.13155
0.8483 -0.529346 -0.0134055 19.4885 0.528992 0.848315 -0.0229785 2.40806 0.0235357 0.0124012 0.999646 4.16099
0.827289 -0.56167 -0.0109912 19.8299 0.561299 0.827233 -0.0250741 2.68837 0.0231756 0.0145742 0.999625 4.17968
0.805922 -0.591963 -0.00830657 20.1792 0.591598 0.805798 -0.0264842 2.92301 0.0223711 0.0164301 0.999615 4.20193
0.783032 -0.62194 -0.00717153 20.4837 0.621524 0.782846 -0.0293426 3.21043 0.0238636 0.0185189 0.999544 4.21599
0.758829 -0.651262 -0.00607071 20.7814 0.650842 0.758619 -0.0300476 3.50618 0.0241742 0.0188499 0.99953 4.21499
0.733729 -0.679423 -0.00516538 21.0847 0.678979 0.733488 -0.0313528 3.82344 0.0250905 0.0194972 0.999495 4.24286
0.707472 -0.706728 -0.00424112 21.3737 0.706279 0.707214 -0.0319144 4.1021 0.0255542 0.0195832 0.999482 4.26565
0.679881 -0.733317 -0.00279798 21.6373 0.732854 0.679578 -0.0331461 4.42969 0.0262081 0.0204849 0.999447 4.28277
0.651722 -0.758457 -0.0013648 21.9109 0.758012 0.651399 -0.0331292 4.75793 0.0260161 0.0205565 0.99945 4.30169
0.62284 -0.782349 0.000434061 22.1483 0.781918 0.622478 -0.0335498 5.10353 0.0259774 0.0212355 0.999437 4.32517
0.592872 -0.805289 0.0034065 22.3661 0.8049 0.592442 -0.0339015 5.45094 0.0252823 0.0228411 0.999419 4.28996
