1 0 0 0 0 1 0 0 0 0 1 0
1 7.75896e-06 -3.0935e-05 0.00288012 -7.7596e-06 1 -2.08539e-05 -0.000640086 3.09348e-05 2.08541e-05 1 0.000691254
1 8.52046e-05 -4.92498e-05 0.00517765 -8.52057e-05 1 -2.29603e-05 -0.000497561 4.92478e-05 2.29645e-05 1 0.000736387
1 1.36173e-05 -1.84698e-06 0.00253255 -1.36174e-05 1 -5.64706e-05 -0.0006031 1.84621e-06 5.64707e-05 1 0.00156637
1 -1.99993e-05 1.14796e-05 0.000359109 1.99996e-05 1 -2.64257e-05 -0.00139269 -1.14791e-05 2.6426e-05 1 0.0018912
1 -1.35054e-05 -4.64831e-05 0.00166117 1.35039e-05 1 -3.32876e-05 -0.00170286 4.64836e-05 3.3287e-05 1 0.000426832
1 5.42239e-06 -5.85536e-05 0.00307837 -5.42208e-06 1 5.18219e-06 0.000158393 5.85536e-05 -5.18187e-06 1 0.000665291
1 -3.22208e-06 -3.77504e-05 0.0019479 3.22092e-06 1 -3.07554e-05 0.00134605 3.77505e-05 3.07553e-05 1 -0.000637703
1 -2.78304e-05 2.4672e-05 -0.000510956 2.78298e-05 1 2.55013e-05 0.00309485 -2.46727e-05 -2.55006e-05 1 -0.00131688
1 -9.88833e-05 -3.64191e-06 -0.000728199 9.88834e-05 1 1.28897e-05 -0.00200145 3.64064e-06 -1.289e-05 1 -8.66064e-05
1 -9.15091e-05 3.80873e-06 -0.000862644 9.15091e-05 1 1.75449e-05 -0.00230157 -3.81034e-06 -1.75445e-05 1 0.000410285
1 5.83632e-05 -3.21573e-05 0.00335677 -5.83636e-05 1 -1.31338e-05 -0.000801928 3.21565e-05 1.31357e-05 1 0.00112505
1 8.14539e-05 -1.24471e-05 0.00278873 -8.14539e-05 1 -1.28886e-06 0.000845287 1.2447e-05 1.28988e-06 1 0.000901395
1 2.40405e-05 -3.3224e-05 0.0012078 -2.4042e-05 1 -4.32616e-05 7.08079e-05 3.3223e-05 4.32624e-05 1 0.00164055
1 -2.85547e-05 -6.52035e-06 -0.000524191 2.85549e-05 1 2.32107e-05 -0.00293409 6.51968e-06 -2.32109e-05 1 0.000413107
1 6.52272e-05 2.23485e-05 0.00227923 -6.52274e-05 1 9.01481e-06 -0.000218561 -2.23479e-05 -9.01627e-06 1 -0.000974083
1 7.353e-05 1.07584e-05 0.0040378 -7.35302e-05 1 1.97065e-05 -0.00267401 -1.07569e-05 -1.97073e-05 1 0.00017219
1 -4.07437e-05 -1.91838e-05 -0.00337303 4.07432e-05 1 -2.27123e-05 -0.00300428 1.91847e-05 2.27116e-05 1 0.000672383
1 -1.84528e-05 -2.58112e-05 -0.00250764 1.84522e-05 1 -2.18982e-05 -0.00286207 2.58116e-05 2.18978e-05 1 0.000460731
1 -2.79754e-05 -3.10689e-06 -0.00122023 2.79754e-05 1 -1.29128e-05 -0.00813415 3.10725e-06 1.29127e-05 1 0.000490439
1 1.72491e-05 -1.61719e-05 -0.00127179 -1.72496e-05 1 -2.84986e-05 -0.00686352 1.61714e-05 2.84989e-05 1 -0.000230971
1 5.40505e-06 3.68477e-05 -0.00581546 -5.4063e-06 1 3.39619e-05 -0.00490663 -3.68475e-05 -3.39621e-05 1 -0.00283414
1 2.70766e-05 -8.4196e-07 -0.0045316 -2.70766e-05 1 6.22634e-06 -0.00964141 8.42128e-07 -6.22632e-06 1 -0.000616423
1 -2.73562e-05 -1.42878e-05 -0.000205243 2.73564e-05 1 1.51729e-05 -0.00810955 1.42874e-05 -1.51733e-05 1 0.000593754
1 -2.3103e-05 1.82369e-05 0.0078516 2.31033e-05 1 -1.97952e-05 -0.00719376 -1.82364e-05 1.97956e-05 1 -0.00295397
1 -0.000115775 -1.17819e-05 0.0149027 0.000115775 1 3.53998e-05 -0.00852571 1.17779e-05 -3.54012e-05 1 -0.00299481
1 2.74446e-05 -1.22995e-05 0.0309859 -2.74438e-05 1 6.63268e-05 -0.00643858 1.23013e-05 -6.63265e-05 1 -0.00122753
1 0.000173963 -1.68065e-05 0.0545608 -0.000173963 1 1.56879e-05 -0.0082902 1.68093e-05 -1.56849e-05 1 -0.00231661
1 0.000659908 9.90923e-06 0.0998526 -0.000659908 1 1.69622e-05 -0.00375166 -9.89803e-06 -1.69688e-05 1 -0.00191043
0.999999 0.00146841 -5.32292e-05 0.143391 -0.00146842 0.999999 -9.63346e-05 -0.0247968 5.30877e-05 9.64127e-05 1 -0.000139704
0.999997 0.00243808 -0.000125947 0.228213 -0.0024381 0.999997 -0.000185494 -0.015581 0.000125494 0.0001858 1 0.00562667
0.999985 0.00539394 -0.000101793 0.297226 -0.00539395 0.999985 -6.10135e-05 -0.0296312 0.000101462 6.15617e-05 1 0.0048369
0.999976 0.00686982 -0.000157548 0.36001 -0.00686983 0.999976 -8.38745e-05 -0.00945549 0.000156968 8.49549e-05 1 0.00670642
0.999965 0.00841885 -0.000177798 0.415996 -0.00841888 0.999965 -0.000135025 0.00640046 0.000176655 0.000136517 1 0.00964629
0.999943 0.0106466 -0.000100205 0.482995 -0.0106466 0.999943 -0.000125653 0.0233495 9.88618e-05 0.000126712 1 0.0110214
0.999927 0.0120843 -0.000122168 0.57787 -0.0120843 0.999927 -0.000216862 0.0177213 0.000119539 0.000218322 1 0.0119093
0.99989 0.0148238 -8.50672e-06 0.69352 -0.0148238 0.99989 -9.70414e-05 0.0121819 7.06726e-06 9.71568e-05 1 0.0198122
0.999847 0.0175156 2.56609e-05 0.790162 -0.0175156 0.999847 -0.000422708 0.00431661 -3.3061e-05 0.000422194 1 0.0249053
0.999797 0.0201234 0.000209396 0.893202 -0.0201233 0.999797 -0.000186761 -0.00375393 -0.000213112 0.000182509 1 0.0231311
0.999751 0.0223189 -8.13769e-05 0.994768 -0.022319 0.999751 -0.00044456 -0.0241584 7.14345e-05 0.000446266 1 0.0261046
0.999729 0.0232734 8.5771e-05 1.09269 -0.0232734 0.999729 -0.000216603 -0.0515901 -9.07888e-05 0.000214548 1 0.025203
0.999715 0.0238734 0.000322937 1.19601 -0.0238734 0.999715 6.31519e-06 -0.0370643 -0.000322695 -1.4023e-05 1 0.0242493
0.999693 0.0247927 0.000322062 1.32285 -0.0247927 0.999693 -8.899e-05 -0.0640485 -0.000324169 8.09779e-05 1 0.0267154
0.999706 0.0242572 0.000299406 1.42101 -0.0242572 0.999706 2.00932e-05 -0.056695 -0.00029883 -2.735e-05 1 0.0310925
0.999721 0.0236116 0.000335853 1.53099 -0.0236117 0.999721 0.000243089 -0.0515614 -0.000330019 -0.000250951 1 0.0292169
0.999744 0.0226148 9.4828e-05 1.68567 -0.0226148 0.999744 -9.07477e-05 -0.0405672 -9.6856e-05 8.858e-05 1 0.0369492
0.999781 0.0209347 -0.000318862 1.81291 -0.0209348 0.999781 -0.000449777 -0.0395608 0.000309377 0.000456354 1 0.0348864
0.99981 0.0194814 -0.000600963 1.93146 -0.0194814 0.99981 -8.10649e-05 -0.0464917 0.00059927 9.27571e-05 1 0.0314599
0.999832 0.0182888 -0.00112878 2.07803 -0.0182891 0.999833 -0.000222212 -0.0594001 0.00112453 0.000242819 0.999999 0.0266051
0.999859 0.0166874 -0.00207509 2.20871 -0.016689 0.99986 -0.000770125 -0.0820139 0.00206195 0.000804648 0.999998 0.0266451
0.999889 0.0146614 -0.00248793 2.34329 -0.0146653 0.999891 -0.00155029 -0.0639497 0.00246493 0.00158661 0.999996 0.0275587
0.999899 0.0140326 -0.00213954 2.4631 -0.0140368 0.9999 -0.00194606 -0.0443019 0.00211202 0.00197589 0.999996 0.0337367
0.999908 0.0134082 -0.00184601 2.61212 -0.0134115 0.999908 -0.00179841 -0.00419734 0.00182173 0.001823 0.999997 0.0278833
0.999931 0.0115876 -0.00177286 2.76142 -0.0115906 0.999931 -0.00167106 -0.0190325 0.00175338 0.00169149 0.999997 0.0271744
0.999946 0.0100937 -0.00262616 2.91094 -0.0101029 0.999943 -0.00351807 -0.0446892 0.0025905 0.00354441 0.99999 0.0267747
0.999957 0.00893648 -0.00233926 3.05555 -0.00894367 0.999955 -0.00308478 -0.0501352 0.00231159 0.00310557 0.999993 0.0311361
0.999974 0.00682325 -0.00234495 3.16412 -0.00683064 0.999972 -0.00316097 -0.0616248 0.00232331 0.0031769 0.999992 0.033859
0.999981 0.00533423 -0.00302596 3.29825 -0.00534447 0.99998 -0.00338548 -0.0466559 0.00300784 0.00340159 0.99999 0.0400034
0.999986 0.00386168 -0.00362245 3.4341 -0.00387264 0.999988 -0.00302307 -0.0498716 0.00361073 0.00303705 0.999989 0.0506923
0.999967 0.00355347 -0.00731136 3.54148 -0.00355751 0.999994 -0.000540013 -0.0446468 0.00730939 0.000566005 0.999973 0.0307538
0.99996 0.00221678 -0.00864809 3.66927 -0.00222311 0.999997 -0.000722406 -0.034513 0.00864647 0.000741603 0.999962 0.0177071
0.999966 0.00198434 -0.0079536 3.78585 -0.00199623 0.999997 -0.0014872 -0.0414709 0.00795063 0.00150303 0.999967 0.0373452
0.99997 0.00204721 -0.00745501 3.92453 -0.00205817 0.999997 -0.00146226 -0.0302429 0.007452 0.00147756 0.999971 0.0481136
0.999968 0.00202301 -0.00777476 4.03032 -0.00203546 0.999997 -0.00159361 -0.044525 0.00777151 0.00160939 0.999969 0.0461381
0.999965 0.00189403 -0.00819517 4.12983 -0.00190936 0.999996 -0.00186295 -0.0455427 0.00819162 0.00187853 0.999965 0.0461837
0.999954 0.00395162 -0.00878823 4.27293 -0.00397134 0.99999 -0.00222754 -0.0458879 0.00877934 0.00226234 0.999959 0.0512712
0.99993 0.00835616 -0.0083176 4.37812 -0.00836956 0.999964 -0.00157709 -0.0455455 0.00830412 0.00164659 0.999964 0.0415973
0.999855 0.0149278 -0.00813382 4.50609 -0.0149404 0.999887 -0.00149119 -0.0400717 0.00811065 0.0016125 0.999966 0.0443493
0.999734 0.0214371 -0.00848598 4.62773 -0.021454 0.999768 -0.00190779 -0.0704621 0.00844311 0.00208934 0.999962 0.0537037
0.999466 0.0315612 -0.00841109 4.76637 -0.0315745 0.9995 -0.00145965 -0.0729566 0.00836081 0.00172445 0.999964 0.0679149
0.998963 0.044844 -0.00788009 4.87223 -0.0448488 0.998994 -0.000443835 -0.0584675 0.00785226 0.000796788 0.999969 0.0626337
0.998069 0.0615303 -0.00845368 5.01593 -0.0615415 0.998104 -0.00107412 -0.107898 0.00837156 0.0015923 0.999964 0.0710636
0.996588 0.0821327 -0.00819776 5.13669 -0.0821403 0.996621 -0.000583804 -0.139185 0.00812211 0.00125518 0.999966 0.0677465
0.994352 0.105811 -0.00822096 5.27378 -0.105819 0.994385 -0.00063163 -0.146197 0.00810797 0.001498 0.999966 0.0694062
0.991372 0.130807 -0.00839199 5.37688 -0.130819 0.991406 -0.000923736 -0.19363 0.00819904 0.0020136 0.999964 0.0746029
0.987004 0.160478 -0.00840834 5.52256 -0.160491 0.987037 -0.000905601 -0.218721 0.00815401 0.0022433 0.999964 0.0750988
0.9814 0.1918 -0.00818733 5.65175 -0.191814 0.981431 -0.000874682 -0.29349 0.00786754 0.00242885 0.999966 0.0778758
0.974358 0.224845 -0.00843364 5.76281 -0.224865 0.974389 -0.00158069 -0.383332 0.00786223 0.00343659 0.999963 0.08469
0.966333 0.257148 -0.00869162 5.89772 -0.257173 0.966364 -0.00181844 -0.434756 0.00793166 0.00399246 0.999961 0.075305
0.956994 0.289978 -0.00862583 5.99576 -0.290005 0.957023 -0.00197305 -0.495096 0.00768298 0.00438973 0.999961 0.0839782
0.946528 0.322495 -0.00905051 6.10678 -0.322527 0.946558 -0.00231993 -0.580971 0.00781866 0.00511491 0.999956 0.0837749
0.934272 0.356451 -0.00889369 6.24526 -0.356483 0.934299 -0.00217882 -0.645865 0.00753273 0.00520606 0.999958 0.0838954
0.921178 0.389037 -0.0090606 6.33817 -0.38907 0.921205 -0.00222921 -0.719606 0.00747943 0.0055787 0.999956 0.0817802
0.906119 0.422927 -0.00898303 6.48247 -0.422961 0.906145 -0.00217319 -0.804625 0.00722083 0.00576864 0.999957 0.091703
0.890123 0.455629 -0.00913918 6.57421 -0.455668 0.890146 -0.00268081 -0.9053 0.00691375 0.00655069 0.999955 0.0873203
0.8728 0.487984 -0.0095503 6.69931 -0.48803 0.872822 -0.00307986 -1.02434 0.00683279 0.00734894 0.99995 0.0878441
0.853914 0.520328 -0.00944886 6.79775 -0.520373 0.853934 -0.00297322 -1.10784 0.00652165 0.00745581 0.999951 0.0971041
0.833985 0.551708 -0.00931729 6.89725 -0.551751 0.834005 -0.00268165 -1.20486 0.00629118 0.00737728 0.999953 0.0931495
0.812561 0.582807 -0.00899863 6.99869 -0.582848 0.812577 -0.00268895 -1.31337 0.00574494 0.00742977 0.999956 0.0916821
0.789192 0.614084 -0.00876299 7.09715 -0.614124 0.789205 -0.00262501 -1.4279 0.00530382 0.00745319 0.999958 0.0904921
0.765915 0.642873 -0.00944203 7.20008 -0.642921 0.765926 -0.00315441 -1.58178 0.005204 0.00848649 0.99995 0.0889839
0.740504 0.671994 -0.0087882 7.28199 -0.672037 0.740511 -0.00312922 -1.68312 0.00440494 0.0082232 0.999956 0.0933998
0.714317 0.699766 -0.00890067 7.36902 -0.699811 0.71432 -0.00337677 -1.82893 0.00399497 0.00864087 0.999955 0.0938073
0.686675 0.726907 -0.00913475 7.44636 -0.726953 0.68668 -0.00312911 -1.96176 0.00399808 0.00878922 0.999953 0.0939518
0.659644 0.751516 -0.00967456 7.50514 -0.75157 0.659642 -0.00381571 -2.0906 0.00351418 0.00978812 0.999946 0.093708
0.632052 0.774854 -0.0106219 7.58873 -0.77492 0.632042 -0.00461687 -2.25257 0.0031361 0.0111492 0.999933 0.090081
0.604362 0.796608 -0.0127313 7.65441 -0.796708 0.604317 -0.00756586 -2.41176 0.00166668 0.0147156 0.99989 0.0927553
0.577522 0.816288 -0.0119305 7.73318 -0.816375 0.577462 -0.00828252 -2.55199 0.000128476 0.0145231 0.999895 0.0995363
0.549967 0.835113 -0.011022 7.79409 -0.835186 0.54991 -0.0079639 -2.69552 -0.000589664 0.0135853 0.999908 0.103153
0.522709 0.852442 -0.0108715 7.86177 -0.85251 0.522644 -0.00840402 -2.85698 -0.00148203 0.0136609 0.999906 0.0969257
0.495158 0.868743 -0.0102057 7.93667 -0.868799 0.495086 -0.00887119 -2.98481 -0.00265408 0.0132594 0.999909 0.113153
0.467523 0.883927 -0.00976585 8.00303 -0.883975 0.467451 -0.00878659 -3.13969 -0.00320165 0.0127407 0.999914 0.0989704
0.440245 0.897826 -0.00958403 8.05568 -0.89787 0.440173 -0.00878831 -3.32443 -0.00367174 0.0124742 0.999915 0.0949695
0.413871 0.910267 -0.0111911 8.05393 -0.910327 0.413783 -0.00944658 -3.50612 -0.00396821 0.0140973 0.999893 0.0814433
0.387582 0.92177 -0.0109585 8.10142 -0.921821 0.387483 -0.0101676 -3.65335 -0.00512597 0.0140426 0.999888 0.0948602
0.362207 0.931998 -0.013643 8.11639 -0.932087 0.362092 -0.010178 -3.79521 -0.00454585 0.016403 0.999855 0.0966012
0.336763 0.941503 -0.012755 8.16667 -0.941572 0.336643 -0.0106578 -3.97607 -0.00574042 0.0155989 0.999862 0.0992965
0.312908 0.949706 -0.0121287 8.20395 -0.949762 0.31279 -0.0107123 -4.16183 -0.00637979 0.0148714 0.999869 0.0941611
0.289002 0.957252 -0.0121066 8.26633 -0.957304 0.288882 -0.0107817 -4.34117 -0.00682342 0.0147056 0.999869 0.0961097
0.2671 0.963596 -0.0118673 8.29321 -0.963641 0.266977 -0.0109508 -4.49141 -0.00738388 0.0143608 0.99987 0.0942496
0.245541 0.969307 -0.0123639 8.33395 -0.969354 0.245408 -0.0113422 -4.65165 -0.0079599 0.01477 0.999859 0.0987715
0.226262 0.974002 -0.0111779 8.34034 -0.974036 0.22615 -0.0104982 -4.81853 -0.00769743 0.013263 0.999882 0.100156
0.205934 0.978502 -0.0111429 8.38359 -0.978534 0.205822 -0.0104705 -5.01529 -0.00795192 0.01306 0.999883 0.094464
0.187452 0.982215 -0.0106995 8.38037 -0.982238 0.187341 -0.0105956 -5.20707 -0.00840272 0.0124956 0.999887 0.096677
0.170899 0.985228 -0.0109595 8.41249 -0.985255 0.17079 -0.0101848 -5.40852 -0.00816258 0.0125385 0.999888 0.0978357
0.154596 0.987917 -0.0109508 8.40042 -0.987944 0.15449 -0.00992735 -5.57593 -0.00811561 0.0123535 0.999891 0.0994021
0.138338 0.990329 -0.0105776 8.40838 -0.990349 0.138233 -0.01007 -5.77426 -0.0085104 0.0118686 0.999893 0.0998975
0.122857 0.992366 -0.0107386 8.43547 -0.992386 0.122751 -0.0100957 -5.96183 -0.00870049 0.0118971 0.999891 0.0987266
0.109171 0.99396 -0.0112084 8.46716 -0.993985 0.109061 -0.00999712 -6.12894 -0.00871433 0.0122324 0.999887 0.0957724
0.0970792 0.995208 -0.0116791 8.47137 -0.99524 0.0969686 -0.00969683 -6.33022 -0.00851786 0.0125649 0.999885 0.0960582
0.0859122 0.996231 -0.0119409 8.48289 -0.996267 0.0858014 -0.00950143 -6.52906 -0.00844107 0.0127126 0.999884 0.0924197
0.075886 0.997048 -0.0116462 8.48369 -0.997081 0.0757796 -0.00932456 -6.72089 -0.00841449 0.0123198 0.999889 0.098675
0.0669536 0.997685 -0.011879 8.50187 -0.997723 0.0668499 -0.00891789 -6.9087 -0.00810314 0.012449 0.99989 0.09372
0.0597391 0.998135 -0.0125677 8.48419 -0.99818 0.059629 -0.00895638 -7.11241 -0.00819027 0.0130799 0.999881 0.088535
0.0530794 0.998503 -0.013202 8.49909 -0.998554 0.0529607 -0.00917988 -7.29948 -0.00846695 0.0136702 0.999871 0.0855326
0.0484148 0.998747 -0.012669 8.48709 -0.998789 0.0482977 -0.0093865 -7.49369 -0.00876285 0.0131081 0.999876 0.089382
0.0454665 0.998897 -0.011764 8.49779 -0.998926 0.045356 -0.00949571 -7.68609 -0.00895167 0.0121831 0.999886 0.0840456
0.0436025 0.998998 -0.0101276 8.49789 -0.999011 0.0435102 -0.00915684 -7.89405 -0.008707 0.0105169 0.999907 0.0785965
0.0425627 0.999047 -0.0097108 8.51237 -0.999057 0.0424755 -0.00901891 -8.07289 -0.00859784 0.0100855 0.999912 0.083042
0.0422629 0.999037 -0.0117896 8.50339 -0.999069 0.042156 -0.00917249 -8.27635 -0.00866666 0.0121662 0.999888 0.0810813
0.0411321 0.999089 -0.0114115 8.52041 -0.999113 0.0410244 -0.00950938 -8.46349 -0.00903256 0.0117926 0.99989 0.0872247
0.0397159 0.999156 -0.0104917 8.54442 -0.999168 0.0396149 -0.00966662 -8.681 -0.00924284 0.0108669 0.999898 0.0841244
0.0379526 0.999239 -0.00902657 8.58466 -0.999236 0.0378654 -0.00963802 -8.87663 -0.00928889 0.00938546 0.999913 0.0861405
0.0367458 0.999289 -0.0084427 8.59345 -0.999283 0.0366656 -0.00947153 -9.07562 -0.00915524 0.00878469 0.99992 0.0833419
0.037444 0.999258 -0.00907376 8.57436 -0.999253 0.0373542 -0.00986542 -9.2899 -0.00951916 0.00943639 0.99991 0.0813533
0.0363535 0.999284 -0.010454 8.57612 -0.999282 0.0362381 -0.0110274 -9.49124 -0.0106407 0.0108474 0.999885 0.0779635
0.0355843 0.999299 -0.0116635 8.57739 -0.999261 0.0354082 -0.0149764 -9.68635 -0.0145529 0.0121878 0.99982 0.0803685
0.0347934 0.99933 -0.0113126 8.59208 -0.999286 0.0346206 -0.015126 -9.8876 -0.0147243 0.0118308 0.999822 0.0837694
0.0341116 0.999356 -0.0111447 8.60264 -0.999315 0.033946 -0.0147176 -10.0971 -0.0143298 0.0116391 0.99983 0.0792197
0.0332425 0.999399 -0.00985121 8.61764 -0.999335 0.0330897 -0.0152938 -10.2897 -0.0149587 0.0103531 0.999835 0.0779681
0.0331981 0.999417 -0.00799035 8.63043 -0.999328 0.0330688 -0.0158053 -10.5013 -0.0155319 0.00850969 0.999843 0.0773917
0.0328873 0.999422 -0.00862036 8.61629 -0.999332 0.0327444 -0.0162169 -10.7086 -0.0159252 0.00914793 0.999831 0.078034
0.03265 0.999412 -0.0104354 8.60228 -0.999336 0.0324749 -0.0165261 -10.9172 -0.0161775 0.010968 0.999809 0.0820409
0.0313464 0.999436 -0.0120208 8.62932 -0.999376 0.0311439 -0.0166828 -11.0831 -0.016299 0.0125363 0.999789 0.0829835
0.0311572 0.999433 -0.0127666 8.63673 -0.999382 0.0309427 -0.0166689 -11.322 -0.0162645 0.0132781 0.99978 0.0797806
0.0313069 0.999441 -0.0117024 8.63661 -0.99938 0.0311117 -0.0165028 -11.5057 -0.0161295 0.0122118 0.999795 0.0740915
0.0307419 0.999473 -0.0104264 8.64361 -0.999405 0.0305732 -0.0159683 -11.7441 -0.0156411 0.0109111 0.999818 0.0736083
0.0302163 0.999499 -0.00941234 8.65204 -0.999428 0.0300684 -0.0154849 -11.9288 -0.0151942 0.00987486 0.999836 0.0759313
0.0297246 0.999503 -0.01045 8.65409 -0.999446 0.0295632 -0.0152753 -12.1346 -0.0149588 0.0108983 0.999829 0.0710118
0.0295073 0.999492 -0.0120102 8.64898 -0.999455 0.0293242 -0.0151503 -12.3525 -0.0147904 0.0124507 0.999813 0.0680892
0.0288659 0.999498 -0.0130276 8.65848 -0.99947 0.0286639 -0.0154313 -12.5613 -0.0150501 0.0134661 0.999796 0.0661491
0.0284015 0.999537 -0.0109158 8.66657 -0.99947 0.0282228 -0.0161972 -12.7863 -0.0158817 0.0113701 0.999809 0.0652969
0.0286662 0.999541 -0.00975918 8.67805 -0.99946 0.0285044 -0.0163298 -12.9805 -0.0160441 0.010222 0.999819 0.0638762
0.0280033 0.999549 -0.0108834 8.67678 -0.999475 0.0278206 -0.0165847 -13.1933 -0.0162744 0.0113421 0.999803 0.0617213
0.0274467 0.999537 -0.0131169 8.67353 -0.999469 0.0272099 -0.0179026 -13.4214 -0.0175374 0.0136013 0.999754 0.0587379
0.0264432 0.999539 -0.0149258 8.68134 -0.999443 0.0261309 -0.0207425 -13.6317 -0.0203429 0.015466 0.999673 0.0580019
0.0262881 0.999543 -0.0149255 8.68473 -0.999418 0.025954 -0.0221547 -13.8538 -0.0217572 0.0154992 0.999643 0.0529877
0.0260472 0.99957 -0.0134908 8.69219 -0.999412 0.0257372 -0.0226674 -14.074 -0.0223104 0.0140733 0.999652 0.0511144
0.0262084 0.999566 -0.0134488 8.69632 -0.999379 0.0258817 -0.0239199 -14.2924 -0.0235615 0.0140673 0.999623 0.0520468
0.0249736 0.999587 -0.0142253 8.71578 -0.999336 0.0245845 -0.0269061 -14.5077 -0.0265453 0.0148877 0.999537 0.0455192
0.0240928 0.999593 -0.0152692 8.71097 -0.999331 0.0236607 -0.0278779 -14.708 -0.0275053 0.0159307 0.999495 0.0474149
0.0234558 0.999597 -0.0160189 8.72122 -0.999362 0.0230125 -0.0273158 -14.9116 -0.0269362 0.0166494 0.999498 0.0426067
0.0230828 0.999643 -0.0134287 8.73348 -0.999404 0.0227283 -0.0259804 -15.1482 -0.0256659 0.0140204 0.999572 0.0475391
0.0222107 0.999672 -0.0127335 8.7443 -0.999486 0.0219086 -0.0233902 -15.3744 -0.0231036 0.0132464 0.999645 0.0381528
0.0213589 0.99968 -0.0135859 8.75543 -0.999523 0.0210483 -0.0226064 -15.5875 -0.0223132 0.0140622 0.999652 0.0282014
0.0215047 0.999668 -0.0141745 8.76617 -0.999518 0.0211796 -0.0227022 -15.7738 -0.0223944 0.0146559 0.999642 0.03476
0.0216817 0.999637 -0.0160041 8.76006 -0.999525 0.0213231 -0.0222499 -16.0161 -0.0219006 0.0164789 0.999624 0.0290731
0.0206912 0.999629 -0.0177372 8.75094 -0.999554 0.0203011 -0.0218967 -16.2696 -0.0215284 0.0181823 0.999603 0.0234635
0.0207971 0.999624 -0.0178434 8.74511 -0.999561 0.0204123 -0.0214825 -16.4686 -0.0211102 0.0182823 0.99961 0.0222118
0.0199812 0.999671 -0.016087 8.76004 -0.999577 0.0196342 -0.0214507 -16.7042 -0.0211278 0.0165088 0.99964 0.0146644
0.0189431 0.999695 -0.0158723 8.77001 -0.999622 0.0186209 -0.0202097 -16.9372 -0.019908 0.0162491 0.99967 0.00360696
0.0190718 0.999685 -0.0163295 8.77137 -0.999634 0.0187525 -0.0194863 -17.1519 -0.019174 0.0166951 0.999677 0.00479118
0.0188882 0.999672 -0.0173084 8.77238 -0.999665 0.0185762 -0.018014 -17.3725 -0.0176866 0.0176429 0.999688 0.00814803
0.018688 0.999673 -0.0174602 8.78492 -0.999675 0.0183794 -0.0176703 -17.6085 -0.0173437 0.0177847 0.999691 0.0074611
0.0177454 0.999712 -0.016127 8.78669 -0.999668 0.0174385 -0.0189715 -17.8403 -0.0186848 0.0164583 0.99969 0.000322817
0.0173492 0.999738 -0.0149551 8.79322 -0.999662 0.0170546 -0.0196063 -18.0528 -0.0193461 0.0152902 0.999696 0.00139966
0.01758 0.999727 -0.0153699 8.79532 -0.999678 0.0172937 -0.0185664 -18.2952 -0.0182955 0.0156913 0.999709 -0.00287013
0.0171512 0.999707 -0.0170599 8.78537 -0.999675 0.0168234 -0.0191792 -18.5174 -0.0188866 0.0173833 0.999671 -0.00503639
0.0161087 0.999694 -0.0187729 8.81448 -0.999684 0.0157406 -0.0195931 -18.7561 -0.0192916 0.0190826 0.999632 -0.00662794
0.0152871 0.999706 -0.0188046 8.8219 -0.999692 0.0149142 -0.0198118 -18.9759 -0.0195256 0.0191017 0.999627 -0.0130164
0.0153895 0.999703 -0.0189017 8.80618 -0.999704 0.0150273 -0.0191547 -19.1974 -0.018865 0.0191909 0.999638 -0.0148582
0.0155827 0.999721 -0.0177376 8.80795 -0.99972 0.0152615 -0.0181052 -19.4348 -0.0178294 0.0180147 0.999679 -0.0109353
0.0152322 0.999718 -0.0181949 8.82448 -0.999724 0.0149022 -0.018136 -19.658 -0.0178598 0.0184661 0.99967 -0.023094
0.0154746 0.999726 -0.0175847 8.82446 -0.999716 0.0151511 -0.0183846 -19.8861 -0.0181131 0.0178642 0.999676 -0.0187074
0.0164101 0.999718 -0.0171846 8.82916 -0.999692 0.0160847 -0.0189065 -20.1145 -0.0186248 0.0174896 0.999674 -0.0161551
0.0169236 0.999711 -0.0170533 8.8294 -0.999671 0.0165891 -0.0195729 -20.3414 -0.0192843 0.017379 0.999663 -0.0185976
0.0154692 0.999736 -0.0169893 8.84271 -0.999696 0.0151375 -0.0194837 -20.5698 -0.0192214 0.0172856 0.999666 -0.023994
0.0159733 0.999727 -0.017041 8.84398 -0.999696 0.0156477 -0.0190757 -20.8081 -0.0188038 0.0173405 0.999673 -0.0273334
0.0165264 0.999726 -0.0165881 8.85144 -0.999684 0.0162064 -0.0192409 -21.0332 -0.0189668 0.0169009 0.999677 -0.0317932
0.0171886 0.99972 -0.0162726 8.85516 -0.999684 0.016885 -0.0186145 -21.2552 -0.0183345 0.0165874 0.999694 -0.0245177
0.0173147 0.999697 -0.0174846 8.86713 -0.999696 0.0170021 -0.0178726 -21.4899 -0.0175699 0.0177887 0.999687 -0.032222
0.0175834 0.999675 -0.0184594 8.87175 -0.999695 0.0172574 -0.0176748 -21.7139 -0.0173505 0.0187645 0.999673 -0.0358212
0.01782 0.999677 -0.0181316 8.87667 -0.999694 0.0175038 -0.0174531 -21.9451 -0.0171301 0.0184371 0.999683 -0.0345457
0.0183938 0.999647 -0.0191485 8.87852 -0.999687 0.0180627 -0.0173221 -22.1759 -0.0169701 0.0194612 0.999667 -0.0366867
0.0188959 0.999637 -0.0191995 8.8644 -0.999665 0.0185495 -0.0180638 -22.4057 -0.0177011 0.0195344 0.999652 -0.0390416
0.0183307 0.999668 -0.0180938 8.86189 -0.999673 0.0180018 -0.0181717 -22.6556 -0.0178399 0.018421 0.999671 -0.0394887
0.0184472 0.999673 -0.0176903 8.88973 -0.999672 0.0181268 -0.0181064 -22.862 -0.0177798 0.0180185 0.99968 -0.042413
0.0189891 0.999649 -0.0184827 8.89459 -0.999666 0.0186588 -0.0178828 -23.0959 -0.0175317 0.0188161 0.999669 -0.0509431
0.0197504 0.999622 -0.0191138 8.89591 -0.999657 0.0194154 -0.017555 -23.3136 -0.0171773 0.019454 0.999663 -0.0467359
0.0201798 0.999621 -0.0187005 8.90151 -0.999652 0.0198552 -0.017388 -23.5653 -0.0170102 0.0190449 0.999674 -0.0476736
0.0218053 0.999613 -0.0172784 8.91539 -0.999628 0.0215161 -0.0167504 -23.7941 -0.0163721 0.0176372 0.99971 -0.0510888
0.0229294 0.999592 -0.0170251 8.91291 -0.999613 0.0226549 -0.0161487 -24.021 -0.0157564 0.0173888 0.999725 -0.0558047
0.0232684 0.999603 -0.0158722 8.92471 -0.999609 0.0230169 -0.0158529 -24.2624 -0.0154812 0.0162349 0.999748 -0.0563481
0.0236644 0.999562 -0.0177898 8.93159 -0.999587 0.023367 -0.0167444 -24.4994 -0.0163213 0.0181787 0.999702 -0.0591751
0.0245991 0.999531 -0.0182568 8.94363 -0.999556 0.0242839 -0.0172923 -24.7175 -0.0168409 0.0186741 0.999684 -0.0503632
0.0252106 0.999514 -0.018309 8.94552 -0.999536 0.0248898 -0.017542 -24.9281 -0.0170778 0.0187428 0.999678 -0.0585003
0.0259183 0.999508 -0.017642 8.95273 -0.999518 0.0256089 -0.0175451 -25.1673 -0.0170847 0.0180883 0.99969 -0.0606086
0.0273108 0.999479 -0.0172086 8.96584 -0.999489 0.027017 -0.0170841 -25.3817 -0.0166103 0.0176664 0.999706 -0.064832
0.0289142 0.99943 -0.0174436 8.95556 -0.999455 0.0286284 -0.016417 -25.6317 -0.0159082 0.0179088 0.999713 -0.0694444
0.0298919 0.99939 -0.0180352 8.97177 -0.99943 0.0295998 -0.0162506 -25.8309 -0.0157068 0.0185107 0.999705 -0.0714164
0.029955 0.999382 -0.0183748 8.9881 -0.999418 0.0296454 -0.0168986 -26.0843 -0.0163434 0.0188703 0.999688 -0.0733553
0.0300573 0.999381 -0.0182847 8.99608 -0.999403 0.029736 -0.0176013 -26.3314 -0.0170467 0.0188029 0.999678 -0.0743325
0.0316832 0.999358 -0.0167449 9.00359 -0.999323 0.0313594 -0.0192614 -26.5576 -0.0187239 0.0173438 0.999674 -0.0727904
0.032118 0.99936 -0.0157768 9.0022 -0.999282 0.0317898 -0.0206292 -26.7944 -0.0201145 0.016428 0.999663 -0.0794804
0.0327603 0.999333 -0.0161364 9.0102 -0.999264 0.0324268 -0.0205114 -27.0207 -0.0199744 0.0167965 0.999659 -0.0801268
0.0337892 0.999287 -0.0168236 9.02822 -0.999233 0.0334448 -0.0203514 -27.2364 -0.0197742 0.0174984 0.999651 -0.0847944
0.0349903 0.99924 -0.0171846 9.0459 -0.999212 0.0346569 -0.0193302 -27.4665 -0.01872 0.0178475 0.999665 -0.0817379
0.0355667 0.999224 -0.0169417 9.05281 -0.99921 0.0352552 -0.0183454 -27.698 -0.0177339 0.0175808 0.999688 -0.0810779
0.0369176 0.999181 -0.0165711 9.06034 -0.999159 0.0366105 -0.0184723 -27.9265 -0.0178505 0.0172391 0.999692 -0.0922005
0.0375648 0.999169 -0.0158378 9.06365 -0.999134 0.0372703 -0.0184963 -28.1593 -0.0178906 0.0165189 0.999703 -0.0853202
0.0382134 0.999133 -0.0165403 9.07585 -0.9991 0.0378968 -0.0190476 -28.3983 -0.0184042 0.0172533 0.999682 -0.0902159
0.0393101 0.999077 -0.0172961 9.08311 -0.999045 0.0389671 -0.0197403 -28.6342 -0.0190481 0.0180555 0.999656 -0.0924803
0.0403092 0.999041 -0.0170676 9.09407 -0.999015 0.0399793 -0.0192463 -28.862 -0.0185455 0.0178266 0.999669 -0.0933262
0.0416653 0.998988 -0.0169284 9.1031 -0.998978 0.0413563 -0.018212 -29.0764 -0.0174935 0.0176699 0.999691 -0.101077
0.0429294 0.998957 -0.0155341 9.12832 -0.99894 0.0426598 -0.0172878 -29.3022 -0.0166071 0.0162597 0.99973 -0.0997755
0.0433336 0.998942 -0.0154132 9.12789 -0.998928 0.0430716 -0.0169416 -29.5308 -0.0162598 0.0161308 0.999738 -0.101917
0.0439422 0.998913 -0.0155391 9.16288 -0.998898 0.0436746 -0.0171627 -29.787 -0.0164654 0.0162761 0.999732 -0.104803
0.0452876 0.998857 -0.0152973 9.173 -0.998846 0.0450314 -0.016695 -29.9999 -0.0159871 0.0160358 0.999744 -0.100219
0.0458001 0.998814 -0.0165244 9.17644 -0.998824 0.0455249 -0.0166636 -30.2265 -0.0158916 0.0172681 0.999725 -0.109635
0.0468326 0.998757 -0.0170874 9.17935 -0.998777 0.0465485 -0.0166611 -30.4602 -0.015845 0.0178467 0.999715 -0.108843
0.0475741 0.998733 -0.0163772 9.19682 -0.998743 0.0473026 -0.0165882 -30.6835 -0.0157926 0.0171458 0.999728 -0.110023
0.0482312 0.998707 -0.0160436 9.20523 -0.998708 0.0479616 -0.0167866 -30.9125 -0.0159954 0.0168325 0.99973 -0.113384
0.0487396 0.998687 -0.0157626 9.21465 -0.998688 0.0484793 -0.0164905 -31.1411 -0.0157047 0.0165456 0.99974 -0.112005
0.0500427 0.998633 -0.0150881 9.22665 -0.998634 0.049804 -0.015804 -31.3773 -0.015031 0.0158583 0.999761 -0.113311
0.0511635 0.998578 -0.0149518 9.245 -0.998573 0.0509228 -0.0160601 -31.619 -0.0152759 0.0157522 0.999759 -0.115718
0.052212 0.998515 -0.0155353 9.25986 -0.998517 0.0519596 -0.0162254 -31.8219 -0.015394 0.0163595 0.999748 -0.11512
0.052311 0.998496 -0.0164346 9.27254 -0.998516 0.0520483 -0.0160273 -32.0586 -0.0151478 0.0172486 0.999736 -0.121422
0.0534336 0.998444 -0.0159529 9.2758 -0.998451 0.0531726 -0.0163654 -32.2858 -0.0154917 0.0168027 0.999739 -0.120559
0.0542541 0.998409 -0.0153661 9.28754 -0.99841 0.0540054 -0.0161644 -32.5233 -0.0153089 0.0162187 0.999751 -0.123161
0.0555975 0.998348 -0.0144878 9.3075 -0.998339 0.0553661 -0.0159142 -32.7596 -0.0150857 0.0153485 0.999768 -0.123645
0.0571345 0.998283 -0.0129351 9.32157 -0.998251 0.056926 -0.0159497 -32.9765 -0.015186 0.0138237 0.999789 -0.124449
0.0578728 0.998252 -0.0119765 9.34836 -0.9982 0.0576726 -0.0164396 -33.2133 -0.0157201 0.0129064 0.999793 -0.124983
0.0582422 0.998241 -0.0111026 9.3561 -0.998167 0.0580477 -0.0171021 -33.4479 -0.0164275 0.0120783 0.999792 -0.124004
0.0588599 0.998212 -0.0103822 9.38025 -0.998122 0.0586713 -0.0176216 -33.679 -0.0169809 0.0113999 0.999791 -0.127273
0.0604727 0.998106 -0.0112881 9.39829 -0.998032 0.0602722 -0.0173285 -33.8963 -0.0166154 0.0123138 0.999786 -0.12832
0.0615079 0.998009 -0.013961 9.40076 -0.997981 0.0612723 -0.0167195 -34.1293 -0.0158308 0.0149612 0.999763 -0.133507
0.0616143 0.997952 -0.0171633 9.41001 -0.997982 0.0613339 -0.0164097 -34.3386 -0.0153234 0.0181397 0.999718 -0.136103
0.0616744 0.997923 -0.0186122 9.4181 -0.997981 0.0613727 -0.0163684 -34.5839 -0.0151922 0.0195841 0.999693 -0.131853
0.0621172 0.997883 -0.0192522 9.43278 -0.997949 0.0617987 -0.0167181 -34.8167 -0.015493 0.0202512 0.999675 -0.136997
0.061228 0.997976 -0.0171539 9.45122 -0.998003 0.0609439 -0.0166246 -35.0435 -0.0155455 0.0181375 0.999715 -0.13393
0.0587774 0.998162 -0.0147409 9.47136 -0.998148 0.0585316 -0.0165866 -35.272 -0.0156933 0.0156886 0.999754 -0.138843
0.055107 0.998388 -0.0135675 9.4879 -0.998352 0.0548765 -0.016812 -35.4977 -0.0160404 0.0144716 0.999767 -0.139272
0.0510598 0.998601 -0.0137557 9.49427 -0.998565 0.0508257 -0.0168625 -35.7327 -0.0161397 0.014597 0.999763 -0.142575
0.0445819 0.998917 -0.0133053 9.49536 -0.998879 0.0443604 -0.0165006 -35.9444 -0.0158925 0.0140261 0.999775 -0.141309
0.0378646 0.999223 -0.0109601 9.51231 -0.999152 0.03768 -0.0165883 -36.1835 -0.0161624 0.0115789 0.999802 -0.144429
0.0294714 0.999525 -0.00906655 9.51434 -0.999423 0.029313 -0.0171305 -36.4213 -0.0168566 0.00956618 0.999812 -0.148233
0.0183523 0.999794 -0.00861455 9.51803 -0.999667 0.0181924 -0.0182827 -36.6494 -0.0181222 0.00894721 0.999796 -0.150877
0.00668813 0.999925 -0.0102706 9.48914 -0.999787 0.00648584 -0.0196045 -36.8841 -0.0195364 0.0103995 0.999755 -0.147302
-0.00740148 0.999888 -0.0130038 9.47828 -0.99975 -0.00767382 -0.0210192 -37.1111 -0.0211167 0.012845 0.999694 -0.149043
-0.0239639 0.999606 -0.014632 9.4531 -0.999469 -0.024279 -0.0217524 -37.3497 -0.0220991 0.014103 0.999656 -0.145334
-0.0427026 0.998978 -0.0147979 9.44361 -0.998846 -0.0430132 -0.0213456 -37.5729 -0.0219603 0.0138693 0.999663 -0.157991
-0.0619791 0.997982 -0.0137816 9.41199 -0.997831 -0.0622649 -0.0213774 -37.7824 -0.0221923 0.0124268 0.999676 -0.15889
-0.0814711 0.996586 -0.0133955 9.37253 -0.996429 -0.0817424 -0.0211387 -38.0116 -0.0221615 0.0116255 0.999687 -0.162061
-0.102684 0.994623 -0.0134504 9.34021 -0.994456 -0.102956 -0.0213647 -38.2193 -0.0226347 0.011182 0.999681 -0.167009
-0.125161 0.992044 -0.0135768 9.28338 -0.991864 -0.125436 -0.021713 -38.4534 -0.0232432 0.0107487 0.999672 -0.170214
-0.149428 0.988677 -0.0137191 9.24299 -0.988493 -0.149702 -0.0217007 -38.6753 -0.0235088 0.0103185 0.99967 -0.16969
-0.174454 0.984575 -0.013366 9.18722 -0.984373 -0.174716 -0.0219841 -38.8918 -0.0239803 0.0093219 0.999669 -0.180181
-0.201283 0.979474 -0.0107457 9.1294 -0.979235 -0.20148 -0.0224591 -39.0982 -0.0241631 0.00600195 0.99969 -0.17872
-0.230276 0.973068 -0.0105871 9.05306 -0.972821 -0.230462 -0.0225056 -39.2994 -0.0243394 0.00511685 0.999691 -0.187306
-0.259768 0.965617 -0.0102169 8.97311 -0.965353 -0.259939 -0.0229268 -39.5007 -0.0247943 0.00390726 0.999685 -0.193594
-0.289511 0.957122 -0.0100719 8.88668 -0.956858 -0.28967 -0.0226891 -39.7079 -0.0246338 0.00306865 0.999692 -0.193067
-0.320991 0.947031 -0.00988164 8.79899 -0.946737 -0.321138 -0.0236707 -39.8987 -0.0255903 0.00175721 0.999671 -0.192557
-0.35283 0.935618 -0.011359 8.69578 -0.935315 -0.353006 -0.0239157 -40.0913 -0.0263858 0.00218607 0.999649 -0.208332
-0.384967 0.92285 -0.0121769 8.57861 -0.922534 -0.385154 -0.0242221 -40.2677 -0.0270433 0.00190888 0.999632 -0.207422
-0.417168 0.908738 -0.0128895 8.46458 -0.908414 -0.417364 -0.0243148 -40.4612 -0.0274754 0.00156566 0.999621 -0.222471
-0.448236 0.893818 -0.0131502 8.33346 -0.893489 -0.448428 -0.0242763 -40.6381 -0.0275955 0.000868062 0.999619 -0.214448
-0.478887 0.877773 -0.0134932 8.21901 -0.877451 -0.479077 -0.0237668 -40.8225 -0.0273262 0.000458026 0.999626 -0.219158
-0.508578 0.860893 -0.0145239 8.09412 -0.860575 -0.508785 -0.0234241 -40.9769 -0.0275552 0.000585892 0.99962 -0.226621
-0.537636 0.843021 -0.0161836 7.95478 -0.842726 -0.537878 -0.0223835 -41.132 -0.0275746 0.00160414 0.999618 -0.234111
-0.566465 0.823909 -0.0170686 7.82438 -0.823634 -0.566719 -0.0213678 -41.2769 -0.0272782 0.00195414 0.999626 -0.228768
-0.593623 0.804542 -0.0179901 7.66933 -0.804253 -0.593894 -0.021606 -41.4244 -0.0280671 0.00164281 0.999605 -0.237768
-0.620314 0.784152 -0.017772 7.52501 -0.783845 -0.620569 -0.0219398 -41.5523 -0.0282329 0.000320957 0.999601 -0.234933
-0.645333 0.763705 -0.017335 7.37631 -0.763369 -0.645564 -0.0227063 -41.7148 -0.0285318 -0.00142015 0.999592 -0.246435
-0.670538 0.741708 -0.0157587 7.21866 -0.741342 -0.67071 -0.0236547 -41.8409 -0.0281144 -0.00417884 0.999596 -0.245705
-0.693965 0.719871 -0.0140872 7.05508 -0.719486 -0.694074 -0.0245118 -41.9698 -0.0274229 -0.00687483 0.9996 -0.255227
-0.716506 0.69745 -0.0135323 6.90715 -0.697045 -0.716581 -0.0253077 -42.0908 -0.0273479 -0.00870051 0.999588 -0.264323
-0.738405 0.674189 -0.0150631 6.73939 -0.673786 -0.738515 -0.0246732 -42.2213 -0.0277588 -0.00806953 0.999582 -0.274364
-0.759212 0.650622 -0.0169864 6.56324 -0.650267 -0.759379 -0.0222821 -42.3227 -0.0273963 -0.00587114 0.999607 -0.275301
-0.777663 0.628416 -0.0182589 6.39579 -0.628094 -0.777864 -0.0206238 -42.4225 -0.0271633 -0.00457009 0.999621 -0.270639
-0.794902 0.606387 -0.0206503 6.21007 -0.606097 -0.795166 -0.0188915 -42.5184 -0.027876 -0.00250081 0.999608 -0.279534
-0.809104 0.587293 -0.0209106 6.03441 -0.586997 -0.809369 -0.0188935 -42.6321 -0.0280204 -0.00301237 0.999603 -0.28002
-0.823354 0.567148 -0.0207781 5.87996 -0.566845 -0.823607 -0.0189121 -42.7199 -0.0278389 -0.00379342 0.999605 -0.287587
-0.835763 0.548681 -0.0211833 5.69482 -0.548381 -0.836023 -0.0185551 -42.8147 -0.0278905 -0.00389121 0.999603 -0.294918
-0.846947 0.531253 -0.0212421 5.51105 -0.530951 -0.847203 -0.0183996 -42.9094 -0.0277712 -0.00430498 0.999605 -0.298976
-0.856945 0.514948 -0.0217549 5.33188 -0.514611 -0.857204 -0.0194157 -42.9961 -0.0286464 -0.00544295 0.999575 -0.293788
-0.865767 0.49997 -0.0218581 5.15633 -0.499562 -0.866007 -0.0216641 -43.0871 -0.0297607 -0.00783654 0.999526 -0.290322
-0.873273 0.486797 -0.020552 4.9835 -0.486298 -0.873434 -0.025024 -43.1635 -0.0301325 -0.0118584 0.999476 -0.288345
-0.879724 0.475121 -0.0186125 4.81847 -0.474591 -0.879795 -0.0269069 -43.2612 -0.0291593 -0.0148373 0.999465 -0.309753
-0.88589 0.463541 -0.0181347 4.66166 -0.463002 -0.885932 -0.0274471 -43.3297 -0.028789 -0.0159187 0.999459 -0.318463
-0.890356 0.454845 -0.0195443 4.48004 -0.454368 -0.890477 -0.0245169 -43.4016 -0.0285552 -0.0129485 0.999508 -0.320864
-0.894488 0.446591 -0.0211564 4.33864 -0.446178 -0.894683 -0.0216123 -43.4639 -0.0285801 -0.00989239 0.999543 -0.3136
-0.897763 0.439941 -0.02178 4.17641 -0.439573 -0.89799 -0.0197515 -43.5403 -0.0282477 -0.00815826 0.999568 -0.313874
-0.900085 0.435113 -0.0228859 4.03584 -0.434747 -0.900345 -0.019339 -43.5896 -0.0290199 -0.00745713 0.999551 -0.321601
-0.901961 0.431209 -0.0229187 3.88654 -0.430847 -0.902222 -0.019132 -43.6429 -0.0289277 -0.00738181 0.999554 -0.325908
-0.903104 0.428767 -0.0237252 3.76811 -0.428402 -0.903388 -0.0190338 -43.714 -0.0295941 -0.00702555 0.999537 -0.329866
-0.903423 0.428085 -0.0238908 3.6294 -0.427728 -0.903714 -0.0187053 -43.7936 -0.0295979 -0.00668 0.99954 -0.337197
-0.904016 0.42677 -0.024934 3.51203 -0.426433 -0.904344 -0.0178272 -43.8378 -0.030157 -0.00548342 0.99953 -0.339739
-0.903627 0.427557 -0.025549 3.3941 -0.427202 -0.903971 -0.0183157 -43.8875 -0.0309265 -0.00563597 0.999506 -0.343804
-0.90276 0.429397 -0.0253309 3.30901 -0.429049 -0.903099 -0.018143 -43.9442 -0.0306669 -0.00551059 0.999514 -0.352457
-0.901234 0.432622 -0.0247965 3.19833 -0.43226 -0.901554 -0.018744 -44.0054 -0.0304645 -0.00617421 0.999517 -0.35346
-0.899898 0.435427 -0.0242385 3.07429 -0.43509 -0.900206 -0.0180483 -44.055 -0.0296784 -0.0056957 0.999543 -0.358368
-0.897345 0.440649 -0.0245062 2.95058 -0.44031 -0.897663 -0.018115 -44.1272 -0.0299807 -0.00546509 0.999536 -0.359828
-0.894414 0.446561 -0.0246412 2.84692 -0.446247 -0.894742 -0.0173572 -44.1779 -0.0297986 -0.00452845 0.999546 -0.362362
-0.890572 0.454137 -0.0253206 2.73554 -0.453816 -0.890922 -0.0175583 -44.2619 -0.0305325 -0.00414608 0.999525 -0.365431
-0.886479 0.462045 -0.0258579 2.62396 -0.461709 -0.886847 -0.0180826 -44.31 -0.031287 -0.00409099 0.999502 -0.371254
-0.881331 0.471795 -0.0257689 2.50912 -0.471441 -0.881697 -0.0188272 -44.396 -0.0316029 -0.00444448 0.999491 -0.36654
-0.875502 0.482486 -0.0265191 2.40805 -0.482114 -0.875894 -0.0193971 -44.4485 -0.0325868 -0.004197 0.99946 -0.372684
-0.868581 0.494826 -0.026735 2.297 -0.494449 -0.868983 -0.0196983 -44.5365 -0.0329795 -0.00389047 0.999448 -0.382656
-0.861368 0.507311 -0.0260788 2.19767 -0.506934 -0.861754 -0.0199521 -44.6141 -0.0325955 -0.00396586 0.999461 -0.382415
-0.852254 0.522484 -0.0259512 2.07426 -0.522115 -0.852642 -0.0199463 -44.7022 -0.0325487 -0.00344982 0.999464 -0.378903
-0.842368 0.538231 -0.0268814 1.97524 -0.537872 -0.842794 -0.0197738 -44.7706 -0.0332984 -0.00219804 0.999443 -0.385779
-0.831629 0.554658 -0.027334 1.86297 -0.554338 -0.832078 -0.018849 -44.853 -0.0331988 -0.000523042 0.999449 -0.387585
-0.819306 0.572698 -0.0274557 1.75457 -0.572416 -0.819766 -0.0179973 -44.9534 -0.0328142 0.000970787 0.999461 -0.393303
-0.805126 0.592507 -0.0265913 1.662 -0.592273 -0.805562 -0.0168196 -45.0595 -0.0313867 0.00220739 0.999505 -0.385232
-0.789455 0.61327 -0.0257011 1.57032 -0.613051 -0.789869 -0.0166227 -45.1807 -0.0304946 0.00263322 0.999531 -0.392924
-0.772149 0.634994 -0.0238495 1.46848 -0.634815 -0.77251 -0.0153921 -45.2972 -0.0281978 0.00325501 0.999597 -0.400081
-0.753165 0.65743 -0.0229835 1.37085 -0.657292 -0.753503 -0.014148 -45.4154 -0.0266195 0.00445105 0.999636 -0.396264
-0.733069 0.679746 -0.0235756 1.25863 -0.67965 -0.73342 -0.0130866 -45.5236 -0.0261864 0.00642981 0.999636 -0.397018
-0.710546 0.703241 -0.0240167 1.16917 -0.70316 -0.710911 -0.0131029 -45.6407 -0.0262883 0.00757737 0.999626 -0.400352
-0.687019 0.726239 -0.0241125 1.08263 -0.726167 -0.687391 -0.0132458 -45.7761 -0.0261944 0.00840957 0.999621 -0.410755
-0.661405 0.749635 -0.0243283 0.981386 -0.749594 -0.661778 -0.0125988 -45.9332 -0.0255444 0.0099034 0.999625 -0.417525
-0.634156 0.772812 -0.0246479 0.90082 -0.772785 -0.63454 -0.0127558 -46.1124 -0.025498 0.0109584 0.999615 -0.421187
-0.606823 0.794456 -0.0246058 0.804794 -0.794458 -0.607198 -0.0120823 -46.2415 -0.0245394 0.0122165 0.999624 -0.417584
-0.576175 0.816928 -0.0254953 0.737261 -0.816969 -0.576565 -0.011572 -46.4304 -0.0241532 0.0141614 0.999608 -0.426068
-0.544821 0.838172 -0.025246 0.655632 -0.838244 -0.54519 -0.0106897 -46.6132 -0.0227236 0.0153384 0.999624 -0.418662
-0.510991 0.859193 -0.0259832 0.5948 -0.859299 -0.511368 -0.010373 -46.7982 -0.0221994 0.0170268 0.999609 -0.421388
-0.476016 0.879031 -0.0267052 0.517468 -0.879161 -0.476407 -0.010548 -46.9915 -0.0219946 0.0184572 0.999588 -0.421169
-0.440154 0.897451 -0.0290912 0.446928 -0.897659 -0.440579 -0.00993444 -47.2095 -0.0217326 0.0217413 0.999527 -0.428799
-0.403402 0.914517 -0.0304101 0.383501 -0.914781 -0.403837 -0.00958083 -47.3887 -0.0210426 0.0239537 0.999492 -0.44096
