1 0 0 0 0 1 0 0 0 0 1 0
1 -7.19902e-05 -2.22777e-05 -8.38212e-05 7.19897e-05 1 -2.27016e-05 0.0016874 2.22793e-05 2.27e-05 1 -0.000131181
1 -0.000170274 1.69897e-05 -0.00211742 0.000170274 1 1.60798e-05 0.00391952 -1.69925e-05 -1.60769e-05 1 0.000351822
1 -0.000190725 -1.58262e-05 -0.00119532 0.000190725 1 -1.71874e-05 0.00173984 1.58294e-05 1.71844e-05 1 -0.00198374
1 -0.00025791 -2.89474e-05 8.6706e-05 0.00025791 1 -1.21086e-05 0.00223439 2.89505e-05 1.21011e-05 1 0.000187901
1 -0.000561893 -7.6179e-05 -0.000567814 0.000561887 1 -8.1132e-05 0.00232595 7.62245e-05 8.10892e-05 1 0.000710669
0.999999 -0.00108722 -6.68682e-05 0.00253892 0.00108722 0.999999 -1.48666e-05 0.00366682 6.68843e-05 1.47939e-05 1 0.00222267
0.999998 -0.00209762 -0.00012194 0.012666 0.00209762 0.999998 -3.29212e-05 0.00949607 0.000122009 3.26654e-05 1 0.00108997
0.999994 -0.00348047 -8.03666e-05 0.038082 0.00348047 0.999994 5.34676e-06 0.0151813 8.03475e-05 -5.62645e-06 1 0.00360057
0.999981 -0.00615739 -1.95725e-06 0.0698282 0.00615739 0.999981 -4.71853e-05 0.0221783 2.24775e-06 4.71723e-05 1 0.0044954
0.999956 -0.00936146 -2.75087e-05 0.108119 0.00936146 0.999956 -4.20717e-06 0.0219109 2.75469e-05 3.94947e-06 1 0.00636812
0.999916 -0.0129665 -9.60909e-05 0.148396 0.0129665 0.999916 2.62334e-05 0.028322 9.57427e-05 -2.74771e-05 1 0.00190604
0.999852 -0.0171888 0.000106361 0.212159 0.0171888 0.999852 4.45346e-05 0.0422901 -0.000107111 -4.26998e-05 1 0.000387823
0.999763 -0.0217488 8.55967e-05 0.26204 0.0217488 0.999763 3.98798e-05 0.0481796 -8.64438e-05 -3.80087e-05 1 -0.00140103
0.999632 -0.0271393 0.000208998 0.324747 0.0271393 0.999632 9.25718e-05 0.0486751 -0.000211433 -8.68656e-05 1 0.000561272
0.999459 -0.0328752 0.000277971 0.399719 0.0328752 0.999459 -8.42888e-05 0.0447458 -0.00027505 9.33816e-05 1 -0.00106598
0.999224 -0.0393758 0.000526841 0.480386 0.0393758 0.999224 2.65937e-05 0.0494889 -0.00052748 -5.82827e-06 1 -0.000489759
0.998939 -0.0460473 0.00107961 0.559966 0.0460473 0.998939 5.2871e-05 0.0553172 -0.0010809 -3.10191e-06 0.999999 -0.00363609
0.998601 -0.0528572 0.00109488 0.645191 0.0528572 0.998602 3.39223e-05 0.0785025 -0.00109514 2.39973e-05 0.999999 -0.00252864
0.998197 -0.0600139 0.00116556 0.726498 0.0600138 0.998198 6.84824e-05 0.0875013 -0.00116757 1.59095e-06 0.999999 -0.00644131
0.997711 -0.067609 0.00116849 0.819906 0.0676088 0.997712 0.000212398 0.105755 -0.00118017 -0.000132912 0.999999 -0.00549525
0.997141 -0.0755375 0.00171958 0.921134 0.0755368 0.997143 0.000486962 0.129664 -0.00175145 -0.000355679 0.999998 -0.008847
0.996526 -0.0831265 0.0050662 1.00959 0.0831197 0.996538 0.00154356 0.148703 -0.00517697 -0.0011171 0.999986 -0.0114934
0.995829 -0.0910029 0.00652744 1.12676 0.0909928 0.99585 0.00183744 0.165114 -0.00666756 -0.00123582 0.999977 -0.0171932
0.995099 -0.0986393 0.00690239 1.24975 0.09863 0.995123 0.00167213 0.173408 -0.00703367 -0.000983154 0.999975 -0.00788503
0.994166 -0.107625 0.00718662 1.37816 0.107619 0.994192 0.00114193 0.195532 -0.00726777 -0.000361848 0.999974 -0.00829592
0.992991 -0.117925 0.00791993 1.50735 0.117932 0.993022 -0.000399759 0.209686 -0.00781752 0.00133097 0.999969 -0.00337696
0.99158 -0.128985 0.0114529 1.6287 0.129009 0.991643 -0.00133051 0.230773 -0.0111855 0.00279682 0.999934 0.00983951
0.989748 -0.142123 0.0141688 1.76691 0.142163 0.989842 -0.00180415 0.284836 -0.0137685 0.00379993 0.999898 -0.0048056
0.987265 -0.158385 0.0148953 1.91133 0.158435 0.987367 -0.00221487 0.311376 -0.0143563 0.0045466 0.999887 0.00328371
0.984011 -0.177455 0.0152103 2.04938 0.177508 0.984117 -0.00216113 0.358493 -0.0145852 0.00482651 0.999882 -0.00366332
0.979833 -0.199226 0.0153448 2.20003 0.199286 0.979938 -0.00249733 0.405562 -0.0145394 0.00550497 0.999879 -0.00752032
0.974265 -0.224919 0.0148242 2.35838 0.224983 0.974359 -0.0027877 0.470857 -0.0138171 0.00605114 0.999886 -0.000376237
0.967058 -0.254141 0.0145521 2.50571 0.254209 0.967144 -0.00303365 0.548547 -0.013303 0.006633 0.99989 -0.00170915
0.957946 -0.286549 0.0151317 2.68471 0.286626 0.958038 -0.00309961 0.614439 -0.0136085 0.00730639 0.999881 -0.0156691
0.946963 -0.32084 0.0179403 2.85618 0.321047 0.947009 -0.0101114 0.697116 -0.0137455 0.0153348 0.999788 -0.0727134
0.933906 -0.356585 0.0258263 3.03413 0.357093 0.933882 -0.0186884 0.776924 -0.0174547 0.0266756 0.999492 4.15627e-05
0.919322 -0.392509 0.028007 3.21911 0.393093 0.919289 -0.0196223 0.896928 -0.0180446 0.0290486 0.999415 0.0489872
0.901737 -0.43154 0.0253634 3.42772 0.431934 0.901816 -0.0126616 1.04016 -0.0174092 0.0223728 0.999598 0.0934608
0.880759 -0.473229 0.0178179 3.59286 0.473129 0.880939 0.00973658 1.23159 -0.0203041 -0.000145421 0.999794 0.0429645
0.85716 -0.514919 0.0116588 3.78278 0.514691 0.857188 0.0179445 1.39945 -0.0192337 -0.0093806 0.999771 -0.138148
0.829915 -0.557833 0.00798937 3.96942 0.557711 0.829926 0.0134656 1.56605 -0.0141421 -0.00671954 0.999877 -0.111052
0.800059 -0.599824 0.010843 4.16165 0.599853 0.80011 0.000726307 1.74095 -0.00911126 0.00592312 0.999941 -0.0636086
0.767579 -0.640813 0.0134696 4.36212 0.640915 0.767596 -0.0049907 1.95875 -0.00714108 0.0124636 0.999897 0.0533067
0.731819 -0.681414 0.0107276 4.55274 0.681477 0.731831 -0.00355825 2.19467 -0.00542614 0.00991461 0.999936 0.0391717
0.692673 -0.721233 0.00516125 4.72774 0.721247 0.692677 -0.00140468 2.43742 -0.00256198 0.00469552 0.999986 -0.0341449
0.649647 -0.760215 0.00566888 4.9056 0.760217 0.64956 -0.0119613 2.70501 0.0054109 0.0120802 0.999912 -0.0958968
0.604509 -0.796581 0.00524318 5.06269 0.796542 0.604376 -0.0158211 2.97615 0.00943398 0.0137404 0.999861 0.0222898
0.558944 -0.829178 0.00670873 5.22876 0.829164 0.558818 -0.0144317 3.28984 0.00821751 0.0136292 0.999873 -0.00299686
0.511795 -0.859094 0.00479357 5.37301 0.859088 0.511738 -0.00960147 3.63023 0.00579551 0.00903208 0.999942 0.0147055
0.463547 -0.886067 0.00314932 5.5024 0.88606 0.463519 -0.0069528 3.96485 0.00470088 0.00601344 0.999971 -0.0311664
0.415409 -0.909634 -0.00119986 5.60805 0.909607 0.415406 -0.00725678 4.31001 0.00709944 0.00192313 0.999973 0.0238379
0.367236 -0.930019 -0.0142491 5.69837 0.930006 0.367393 -0.0105286 4.69782 0.0150268 -0.00938528 0.999843 -0.00424455
0.320319 -0.947136 -0.0181245 5.78159 0.94715 0.320558 -0.0122223 5.07037 0.0173861 -0.0132516 0.999761 -0.0494388
0.275839 -0.961057 -0.0168027 5.86147 0.961115 0.276008 -0.0087664 5.45954 0.0130627 -0.0137312 0.99982 -0.0350703
0.234936 -0.97195 -0.0108824 5.95017 0.971952 0.23503 -0.00833352 5.87876 0.0106575 -0.00861937 0.999906 -0.0335456
0.195159 -0.980744 -0.00732399 6.00185 0.980741 0.195207 -0.00649237 6.2879 0.00779705 -0.00591589 0.999952 0.0233755
0.157402 -0.987511 -0.00683313 6.04107 0.987502 0.157449 -0.00705775 6.71666 0.00804548 -0.00563683 0.999952 0.0348119
0.123887 -0.99223 -0.0114271 6.07285 0.992272 0.123957 -0.00562963 7.13673 0.00700237 -0.0106413 0.999919 0.0397902
0.09466 -0.995403 -0.014599 6.09308 0.995491 0.094738 -0.00475047 7.57896 0.00611172 -0.0140835 0.999882 0.0091632
0.070403 -0.997397 -0.0156003 6.09046 0.997508 0.0704651 -0.00346794 8.04609 0.00455819 -0.0153173 0.999872 0.00718932
0.0505614 -0.99861 -0.0148553 6.12225 0.998716 0.0506046 -0.00254603 8.53456 0.00329424 -0.0147075 0.999886 0.0122158
0.0327793 -0.999383 -0.0125785 6.13257 0.99946 0.0328051 -0.00185517 9.04448 0.00226666 -0.0125109 0.999919 0.015167
0.0157941 -0.99982 -0.0104943 6.13206 0.999873 0.0158148 -0.00189449 9.5619 0.00206012 -0.010463 0.999943 0.0381371
0.000787796 -0.999943 -0.0106915 6.11622 0.999995 0.000819566 -0.00296746 10.0621 0.00297605 -0.0106891 0.999938 0.050884
-0.0118262 -0.999852 -0.0124594 6.09943 0.99992 -0.0117695 -0.00461154 10.5764 0.00446422 -0.0125129 0.999912 0.0402662
-0.0205989 -0.999688 -0.0141142 6.08007 0.999774 -0.0205223 -0.0055518 11.123 0.00526041 -0.0142254 0.999885 0.0369269
-0.026988 -0.999522 -0.0150726 6.05849 0.999621 -0.0269013 -0.00592229 11.6701 0.00551398 -0.0152267 0.999869 0.0328219
-0.0300419 -0.999427 -0.015566 6.03671 0.999532 -0.0299484 -0.0062026 12.2297 0.00573287 -0.015745 0.99986 0.0509252
-0.0309749 -0.999405 -0.0151804 6.02218 0.999499 -0.0308729 -0.0069085 12.8109 0.00643572 -0.0153867 0.999861 0.0472735
-0.0297959 -0.999455 -0.0142428 6.00831 0.999533 -0.029696 -0.00717281 13.3958 0.00674594 -0.0144499 0.999873 0.0563157
-0.027443 -0.999534 -0.013362 5.9891 0.999601 -0.0273501 -0.00708816 14.0021 0.0067194 -0.0135512 0.999886 0.0666247
-0.0235434 -0.999637 -0.0130944 5.97141 0.999704 -0.0234608 -0.00642556 14.6183 0.00611603 -0.0132418 0.999894 0.0694828
-0.0192683 -0.999715 -0.0141296 5.96852 0.999807 -0.0192137 -0.00399218 15.2596 0.00371955 -0.0142038 0.999892 0.0692128
-0.0156116 -0.999792 -0.0131443 5.96933 0.999876 -0.0155861 -0.00204039 15.8947 0.00183509 -0.0131746 0.999912 0.0654365
-0.0114237 -0.999854 -0.0127341 5.95339 0.999935 -0.0114194 -0.000409869 16.5394 0.000264394 -0.0127379 0.999919 0.08354
-0.00731122 -0.999894 -0.0125881 5.95589 0.999973 -0.00731637 0.00036317 17.1948 -0.000455231 -0.0125851 0.999921 0.0804469
-0.00325501 -0.999907 -0.0132087 5.9468 0.999994 -0.00326692 0.000880589 17.8661 -0.00092366 -0.0132058 0.999912 0.0856491
0.00106109 -0.999906 -0.0136915 5.95178 0.999999 0.00104247 0.0013665 18.5422 -0.00135209 -0.013693 0.999905 0.0830554
0.00526381 -0.999884 -0.0143163 5.95575 0.999985 0.00524182 0.00157345 19.2476 -0.00149823 -0.0143244 0.999896 0.0834446
0.0086525 -0.999868 -0.0137202 5.95921 0.999961 0.00862586 0.00199997 19.9535 -0.00188136 -0.013737 0.999904 0.0783358
0.0109025 -0.999864 -0.0123903 5.96823 0.999938 0.0108739 0.00237109 20.6727 -0.00223604 -0.0124154 0.99992 0.0847663
0.0120007 -0.999862 -0.0114508 5.97991 0.999925 0.0119709 0.00266767 21.4032 -0.00253023 -0.011482 0.999931 0.0897489
0.0127505 -0.999851 -0.0116284 5.99228 0.999916 0.0127217 0.00254336 22.1383 -0.00239505 -0.0116598 0.999929 0.0934882
0.0131332 -0.999849 -0.0113769 5.98717 0.999911 0.0131072 0.00235568 22.8903 -0.00220621 -0.0114068 0.999933 0.0855243
0.0133646 -0.999847 -0.0112535 6.001 0.99991 0.0133473 0.00161124 23.6514 -0.00146079 -0.011274 0.999935 0.0836636
0.0129478 -0.999851 -0.0114497 6.00213 0.999916 0.0129357 0.0011362 24.4187 -0.00098792 -0.0114634 0.999934 0.09238
0.0127905 -0.999853 -0.0113769 6.01837 0.999918 0.0127769 0.00126976 25.2055 -0.00112421 -0.0113922 0.999934 0.0908391
0.0120575 -0.999875 -0.0101999 6.026 0.999926 0.0120404 0.00172936 26.0092 -0.00160633 -0.01022 0.999946 0.0928452
0.0108879 -0.999898 -0.00922203 6.04824 0.999938 0.0108653 0.00250487 26.818 -0.00240441 -0.00924873 0.999954 0.0953382
0.00826759 -0.999938 -0.00741222 6.04703 0.999961 0.0082445 0.00313956 27.6393 -0.00307826 -0.00743789 0.999968 0.0979807
0.00504646 -0.999965 -0.00671751 6.05041 0.999979 0.00501892 0.00410973 28.4414 -0.00407587 -0.00673811 0.999969 0.104588
0.00148241 -0.99998 -0.00613472 6.04347 0.999985 0.00145031 0.00523274 29.2798 -0.00522374 -0.00614239 0.999967 0.0999591
-0.00262943 -0.999983 -0.00525615 6.05077 0.999975 -0.00266351 0.00648783 30.1147 -0.00650171 -0.00523896 0.999965 0.0970503
-0.00767081 -0.999965 -0.0033703 6.0385 0.999945 -0.00769457 0.0070922 30.9532 -0.00711788 -0.00331572 0.999969 0.0929592
-0.0133698 -0.99991 -0.000867586 6.0304 0.999888 -0.0133753 0.00664587 31.7892 -0.00665688 -0.000778635 0.999978 0.0957225
-0.0188328 -0.999823 -5.36455e-05 6.01703 0.999807 -0.0188328 0.00557236 32.6371 -0.00557238 5.13079e-05 0.999984 0.104381
-0.0239765 -0.999712 0.000527749 6.00486 0.999703 -0.023974 0.00427335 33.5102 -0.00425947 0.000630053 0.999991 0.101969
-0.0291762 -0.999574 -0.000323639 5.96566 0.999566 -0.0291773 0.00406081 34.3621 -0.00406852 -0.00020502 0.999992 0.0959779
-0.0335708 -0.999436 -0.000589131 5.93952 0.999427 -0.033573 0.00424254 35.2211 -0.00425993 -0.000446368 0.999991 0.0953162
-0.0364964 -0.999332 -0.00167107 5.90558 0.999323 -0.0365035 0.00448537 36.0875 -0.00454337 -0.00150624 0.999989 0.105806
-0.0382426 -0.999263 -0.00336936 5.85512 0.999258 -0.0382577 0.00453126 36.9694 -0.00465683 -0.00319358 0.999984 0.100812
-0.0391117 -0.999221 -0.00523369 5.82639 0.999227 -0.0391314 0.00372128 37.846 -0.00392318 -0.0050841 0.999979 0.106884
-0.0396912 -0.999196 -0.00573164 5.78529 0.99921 -0.039701 0.00162108 38.7118 -0.00184732 -0.00566277 0.999982 0.109075
-0.0403222 -0.99916 -0.00730291 5.75357 0.999187 -0.0403245 0.000157115 39.5907 -0.000451469 -0.00729063 0.999973 0.119908
-0.0404909 -0.999139 -0.00906709 5.71207 0.999179 -0.0404993 0.000741236 40.4714 -0.00110781 -0.00902964 0.999959 0.133387
-0.0397029 -0.999153 -0.0107818 5.66408 0.999206 -0.039736 0.00287242 41.3567 -0.00329842 -0.0106592 0.999938 0.117841
-0.0394639 -0.999169 -0.0101984 5.63704 0.999214 -0.0394989 0.00324964 42.2561 -0.00364976 -0.0100621 0.999943 0.112015
-0.0393043 -0.99917 -0.0106817 5.59036 0.999222 -0.039335 0.00268161 43.1474 -0.00309955 -0.010568 0.999939 0.131105
-0.0394105 -0.999165 -0.0108192 5.54806 0.999222 -0.0394227 0.000915313 44.0359 -0.00134107 -0.0107747 0.999941 0.136323
-0.038889 -0.999172 -0.0119804 5.52297 0.999243 -0.0388725 -0.00160329 44.9217 0.00113626 -0.0120336 0.999927 0.147269
-0.0389091 -0.999157 -0.0130614 5.4837 0.999241 -0.0388813 -0.00237366 45.8104 0.00186381 -0.0131439 0.999912 0.149243
-0.0390431 -0.999145 -0.0135737 5.44547 0.999237 -0.0390347 -0.000885093 46.7126 0.000354491 -0.0135979 0.999907 0.163698
-0.0390569 -0.99919 -0.00966833 5.41873 0.999237 -0.0390599 0.000125072 47.5976 -0.000502615 -0.00965607 0.999953 0.154159
-0.0397754 -0.999171 -0.00868087 5.36291 0.999209 -0.0397768 -1.11582e-05 48.4869 -0.000334148 -0.00867444 0.999962 0.174853
-0.0400718 -0.999159 -0.00872307 5.32226 0.999197 -0.0400663 -0.000797573 49.3748 0.0004474 -0.00874803 0.999962 0.179499
-0.0402633 -0.999155 -0.00825055 5.29519 0.999189 -0.0402598 -0.000587515 50.2521 0.000254853 -0.00826752 0.999966 0.175343
-0.0407005 -0.999146 -0.00714669 5.25689 0.999171 -0.0407005 -0.000145923 51.1445 -0.000145076 -0.00714671 0.999974 0.181602
-0.0412761 -0.999133 -0.00549219 5.22609 0.999147 -0.0412676 -0.0016437 52.0183 0.00141563 -0.00555535 0.999984 0.194591
-0.0422934 -0.999095 -0.00441641 5.18539 0.999098 -0.0422757 -0.00401504 52.8868 0.0038247 -0.00458223 0.999982 0.211671
-0.0430327 -0.99906 -0.00529783 5.15057 0.999057 -0.0430012 -0.00593134 53.7784 0.00569795 -0.00554807 0.999968 0.226476
-0.0434547 -0.999042 -0.00516342 5.10652 0.99904 -0.0434251 -0.00570711 54.6596 0.00547742 -0.00540647 0.99997 0.228715
-0.0436678 -0.999038 -0.00404352 5.05864 0.999036 -0.0436484 -0.00478278 55.544 0.00460169 -0.00424848 0.99998 0.245377
-0.043722 -0.999035 -0.00414063 5.02148 0.999038 -0.0437073 -0.00356578 56.4149 0.00338137 -0.00429255 0.999985 0.259459
-0.0430263 -0.999061 -0.00515682 4.97985 0.999069 -0.04301 -0.00323584 57.2896 0.003011 -0.00529125 0.999981 0.266481
-0.0411942 -0.999127 -0.00689959 4.93858 0.99914 -0.0411607 -0.00493535 58.1546 0.00464705 -0.00709697 0.999964 0.283353
-0.0379978 -0.999238 -0.00890546 4.90183 0.999251 -0.0379301 -0.00765412 59.0227 0.0073105 -0.00918963 0.999931 0.284963
-0.0340919 -0.999377 -0.00912403 4.87771 0.999368 -0.0339965 -0.0104081 59.8914 0.0100915 -0.00947309 0.999904 0.306107
-0.0306878 -0.99948 -0.00988089 4.8595 0.999487 -0.0305941 -0.00950488 60.7754 0.00919764 -0.0101675 0.999906 0.328085
-0.027847 -0.999594 -0.00608392 4.82461 0.999583 -0.0277995 -0.00774949 61.6405 0.00757721 -0.00629719 0.999951 0.332558
-0.0251729 -0.999678 -0.00329729 4.80199 0.999657 -0.0251483 -0.0072897 62.4921 0.00720443 -0.00347966 0.999968 0.365216
-0.0223451 -0.99975 -0.000925362 4.78809 0.999717 -0.0223367 -0.00824016 63.3273 0.00821742 -0.00110923 0.999966 0.380271
-0.0203744 -0.999792 0.00062543 4.7786 0.999763 -0.0203786 -0.00766667 64.1542 0.00767783 0.000469078 0.99997 0.39214
-0.0190962 -0.999811 0.00372209 4.76509 0.999794 -0.0191214 -0.00684874 64.9596 0.00691861 0.00359054 0.99997 0.406862
-0.017865 -0.999818 0.00670994 4.75356 0.999818 -0.0179091 -0.00657881 65.7448 0.00669779 0.00659119 0.999956 0.441025
-0.0164753 -0.999824 0.00894718 4.74727 0.99985 -0.0165221 -0.00517978 66.519 0.0053267 0.0088605 0.999947 0.452487
-0.0145576 -0.999836 0.0107586 4.74299 0.999886 -0.0146002 -0.00388928 67.2651 0.00404572 0.0107007 0.999935 0.464834
-0.0137697 -0.99982 0.0130785 4.72502 0.999898 -0.0138172 -0.00355026 68.0021 0.00373033 0.0130283 0.999908 0.47841
-0.0126757 -0.99981 0.0147927 4.73413 0.999911 -0.0127342 -0.00386599 68.6814 0.00405363 0.0147424 0.999883 0.493948
-0.0110032 -0.999793 0.0170988 4.73372 0.999924 -0.0110953 -0.00530222 69.3805 0.00549084 0.0170392 0.99984 0.500328
-0.00918556 -0.999821 0.0165107 4.71384 0.999929 -0.00930893 -0.00741086 70.0643 0.00756323 0.0164415 0.999836 0.524258
-0.00687579 -0.999861 0.0151908 4.70724 0.999937 -0.00700957 -0.00877116 70.7237 0.00887642 0.0151295 0.999846 0.547416
-0.00408692 -0.999868 0.0157453 4.70815 0.999962 -0.00420771 -0.00764571 71.3724 0.00771095 0.0157135 0.999847 0.551528
-0.00125884 -0.999852 0.0171504 4.71686 0.999984 -0.00135383 -0.00552848 72.0284 0.00555088 0.0171432 0.999838 0.563151
0.00275995 -0.999847 0.017271 4.73148 0.999989 0.00269535 -0.00376228 72.6723 0.00371516 0.0172812 0.999844 0.574469
0.00715003 -0.999834 0.0167448 4.73274 0.99997 0.00709984 -0.00305509 73.2829 0.0029357 0.0167662 0.999855 0.585231
0.0118156 -0.999808 0.0156053 4.72284 0.999923 0.0117559 -0.00391417 73.8871 0.00372996 0.0156503 0.999871 0.599341
0.0168034 -0.999762 0.0139431 4.73443 0.999854 0.0167607 -0.00317489 74.486 0.00294043 0.0139945 0.999898 0.604987
0.0222575 -0.999679 0.0121277 4.76044 0.999752 0.0222505 -0.00070905 75.0741 0.000438974 0.0121405 0.999926 0.613857
0.0272607 -0.999541 0.0131918 4.77128 0.999626 0.0272878 0.00187535 75.6549 -0.00223446 0.0131357 0.999911 0.622174
0.0325052 -0.999356 0.0151987 4.79537 0.999454 0.0325915 0.00546591 76.2138 -0.00595773 0.0150128 0.99987 0.629237
0.0388703 -0.999118 0.0158672 4.82728 0.999199 0.0390147 0.00889861 76.7685 -0.00950982 0.0155086 0.999835 0.632
0.0463468 -0.998818 0.0146404 4.85894 0.998851 0.0465178 0.0115612 77.2974 -0.0122286 0.0140877 0.999826 0.63397
0.0544337 -0.998444 0.0121085 4.87834 0.998427 0.0545877 0.0127801 77.8058 -0.0134212 0.0113938 0.999845 0.626971
0.0640907 -0.997819 0.0158002 4.92113 0.997862 0.0642805 0.0118103 78.2961 -0.0128002 0.0150094 0.999805 0.622865
0.0744402 -0.996988 0.0217799 4.98353 0.997159 0.0746706 0.00996138 78.7823 -0.0115577 0.0209765 0.999713 0.640314
0.0861487 -0.995904 0.0274665 5.029 0.996231 0.0863917 0.00778391 79.2401 -0.0101249 0.0266924 0.999592 0.647795
0.0968435 -0.994931 0.0270863 5.08096 0.995278 0.0969846 0.00394389 79.6826 -0.00655086 0.0265765 0.999625 0.644451
0.107487 -0.993971 0.0216169 5.12857 0.994206 0.107488 -0.00111027 80.0747 -0.00121997 0.021611 0.999766 0.658732
0.117251 -0.992951 0.0173568 5.17278 0.993101 0.117206 -0.00361334 80.4777 0.00155355 0.0176608 0.999843 0.655254
0.126455 -0.991786 0.0192373 5.22738 0.991971 0.126395 -0.00425957 80.8516 0.00179307 0.0196215 0.999806 0.651822
0.135323 -0.990535 0.0229713 5.28227 0.990796 0.135206 -0.00659626 81.1975 0.00342799 0.0236525 0.999714 0.670201
0.143913 -0.989264 0.0254178 5.35275 0.989577 0.143729 -0.00894534 81.5139 0.00519603 0.0264402 0.999637 0.672664
0.153492 -0.987859 0.0239719 5.40811 0.988128 0.15328 -0.0104458 81.8156 0.00664454 0.0252907 0.999658 0.688642
0.163915 -0.986251 0.0210191 5.46589 0.986458 0.163749 -0.00936366 82.127 0.00579306 0.0222693 0.999735 0.68892
0.174721 -0.98447 0.0170918 5.50975 0.984608 0.174615 -0.00752833 82.4242 0.00442692 0.0181441 0.999826 0.688778
0.186186 -0.982393 0.0154678 5.57686 0.982504 0.186087 -0.00764064 82.6984 0.00462774 0.0166198 0.999851 0.677627
0.1978 -0.980126 0.0150808 5.63113 0.98023 0.197695 -0.00818063 82.9682 0.00503666 0.0164008 0.999853 0.69981
0.210477 -0.977482 0.0150952 5.69263 0.977586 0.210372 -0.00826162 83.2225 0.00489997 0.0164958 0.999852 0.711265
0.223974 -0.97448 0.0149983 5.75114 0.974584 0.223874 -0.008109 83.4559 0.00454432 0.0164333 0.999855 0.709277
0.239172 -0.970858 0.0152043 5.8364 0.970967 0.239068 -0.00833322 83.6834 0.00445552 0.0167559 0.99985 0.708221
0.255203 -0.966739 0.0169509 5.91063 0.96688 0.255095 -0.00831649 83.9072 0.0037158 0.0185119 0.999822 0.711163
0.271882 -0.962136 0.0193396 5.98528 0.962327 0.271772 -0.00814434 84.1189 0.00258 0.0208253 0.99978 0.722136
0.289494 -0.956914 0.0225561 6.07503 0.957179 0.289374 -0.00844891 84.3179 0.00155772 0.0240362 0.99971 0.720698
0.306349 -0.951659 0.0222634 6.14595 0.951916 0.306203 -0.00980716 84.4989 0.00251597 0.0241973 0.999704 0.725595
0.323166 -0.946103 0.0212775 6.21636 0.946337 0.323007 -0.0106369 84.6737 0.00319078 0.0235732 0.999717 0.733829
0.340081 -0.940169 0.0206859 6.29879 0.940391 0.339924 -0.0108234 84.8342 0.00314421 0.0231337 0.999727 0.740393
0.356611 -0.934056 0.0191775 6.37434 0.934247 0.356464 -0.010722 84.9885 0.00317883 0.0217401 0.999759 0.744353
0.371414 -0.92833 0.015973 6.42049 0.928463 0.371307 -0.00933279 85.1309 0.00273301 0.0182967 0.999829 0.736291
0.385835 -0.922421 0.0164968 6.50563 0.922564 0.385722 -0.0096689 85.277 0.00255562 0.01895 0.999817 0.7225
0.399786 -0.916392 0.0199248 6.57965 0.916608 0.399657 -0.0102434 85.4009 0.00142393 0.0223584 0.999749 0.733626
0.412455 -0.910711 0.0220448 6.65699 0.910978 0.41235 -0.00932411 85.5219 -0.000598609 0.0239281 0.999714 0.75611
0.423927 -0.905436 0.0217185 6.70871 0.905691 0.423885 -0.0067265 85.6427 -0.00311575 0.0225218 0.999741 0.757538
0.434307 -0.900529 0.0206034 6.79017 0.900754 0.4343 -0.00505017 85.7549 -0.00440025 0.0207519 0.999775 0.730175
0.442606 -0.896505 0.0194887 6.82851 0.896709 0.442584 -0.00564385 85.8451 -0.00356566 0.0199737 0.999794 0.732853
0.450305 -0.892617 0.0214498 6.87526 0.892868 0.450266 -0.00687986 85.9127 -0.00351704 0.0222499 0.999746 0.737401
0.457921 -0.888654 0.0245389 6.92758 0.888982 0.457878 -0.00767172 85.9716 -0.0044183 0.0253276 0.999669 0.745037
0.463028 -0.885955 0.026236 6.97704 0.886329 0.462989 -0.00789775 86.0341 -0.00514993 0.0269106 0.999625 0.751288
0.465379 -0.884749 0.0253317 6.98823 0.885099 0.465335 -0.00796219 86.0711 -0.00474316 0.0261265 0.999647 0.749288
0.4678 -0.88352 0.0235658 6.98248 0.883822 0.467769 -0.00717807 86.0784 -0.00468138 0.0241859 0.999697 0.747322
0.468428 -0.883201 0.0230453 6.99344 0.88349 0.468397 -0.0070394 86.101 -0.00457714 0.0236577 0.99971 0.740985
0.468138 -0.883338 0.0236652 6.98539 0.883645 0.468095 -0.00767194 86.0921 -0.00430066 0.0245032 0.999691 0.742091
0.468439 -0.883219 0.0221226 6.98115 0.883491 0.468373 -0.00836488 86.073 -0.0029736 0.0234635 0.99972 0.749609
0.468732 -0.883102 0.0205089 6.9858 0.883339 0.468643 -0.00924296 86.0792 -0.00144888 0.0224488 0.999747 0.751733
0.468315 -0.88333 0.0202232 6.97135 0.883561 0.468225 -0.00929148 86.0784 -0.00126156 0.0222198 0.999752 0.757191
0.468437 -0.883251 0.020845 6.96867 0.883496 0.468336 -0.00978738 86.0762 -0.00111776 0.0230013 0.999735 0.752959
0.468618 -0.883151 0.0210224 6.97418 0.8834 0.468511 -0.0100729 86.0753 -0.000953319 0.0232916 0.999728 0.753977
0.46841 -0.88326 0.0210632 6.97191 0.883511 0.468298 -0.0102586 86.0739 -0.000802824 0.0234148 0.999726 0.750995
0.468296 -0.883326 0.0208214 6.96763 0.883571 0.46818 -0.0104502 86.0847 -0.000517188 0.023291 0.999729 0.756213
0.468642 -0.883155 0.0202832 6.96351 0.883388 0.468529 -0.0103152 86.0773 -0.000393352 0.022752 0.999741 0.75396
0.468681 -0.88313 0.0204632 6.96947 0.883367 0.468564 -0.0104679 86.0786 -0.000343836 0.0229826 0.999736 0.747107
0.469566 -0.882662 0.0203833 6.95854 0.882897 0.46943 -0.0113093 86.0816 0.000413805 0.0233068 0.999728 0.74389
0.471907 -0.881457 0.0183647 6.96035 0.881641 0.471716 -0.0139274 86.0956 0.00361347 0.0227635 0.999734 0.748555
0.474864 -0.879913 0.0160104 6.97887 0.88003 0.474623 -0.0167355 86.125 0.00712689 0.0220367 0.999732 0.748957
0.479231 -0.877575 0.0141284 7.00923 0.877638 0.478967 -0.0185041 86.1581 0.00947168 0.0212674 0.999729 0.754376
0.485886 -0.873913 0.0138307 7.05567 0.873967 0.485615 -0.0189735 86.2256 0.00986477 0.0213065 0.999724 0.759233
0.493724 -0.869489 0.0149938 7.11975 0.869571 0.493444 -0.0189534 86.3173 0.00908121 0.0223959 0.999708 0.757091
0.502513 -0.864426 0.0157956 7.18192 0.864532 0.502235 -0.0185662 86.4075 0.00811598 0.0229856 0.999703 0.746366
0.512145 -0.858769 0.0149259 7.25481 0.858851 0.511857 -0.0194132 86.5183 0.00903155 0.0227616 0.9997 0.74313
0.522977 -0.852247 0.0130412 7.35536 0.85228 0.522683 -0.0205445 86.6537 0.0106926 0.021859 0.999704 0.755633
0.534854 -0.844862 0.0118469 7.46131 0.844869 0.534565 -0.0208901 86.8058 0.0113163 0.0211822 0.999712 0.760583
0.547805 -0.836524 0.0117469 7.57987 0.83654 0.547532 -0.0202302 86.9797 0.0104913 0.0209089 0.999726 0.779092
0.562275 -0.826869 0.0116128 7.72926 0.826911 0.562055 -0.0176837 87.1693 0.00809507 0.0195459 0.999776 0.762088
0.577732 -0.816186 0.00813741 7.88427 0.816186 0.577576 -0.0156777 87.3875 0.00809591 0.0156991 0.999844 0.757776
0.59426 -0.804261 0.0044545 8.07145 0.80423 0.594162 -0.013628 87.61 0.00831379 0.011681 0.999897 0.75991
0.61219 -0.790707 0.00240276 8.25713 0.790668 0.612122 -0.0123089 87.8409 0.00826193 0.00943515 0.999921 0.755791
0.630233 -0.776402 0.0022905 8.48263 0.776373 0.630177 -0.0110587 88.1025 0.00714259 0.00874785 0.999936 0.750984
0.64841 -0.761279 0.00435782 8.7138 0.761271 0.648341 -0.0109594 88.3511 0.00551783 0.0104237 0.99993 0.751565
0.667859 -0.744274 0.00448068 8.97808 0.744275 0.6678 -0.00986403 88.6157 0.00434934 0.00992263 0.999941 0.772353
0.687542 -0.726141 0.00244549 9.26407 0.726141 0.687522 -0.00578803 88.9063 0.0025216 0.00575528 0.99998 0.791635
0.706493 -0.707713 0.00294668 9.58239 0.707719 0.706485 -0.00357699 89.2053 0.000449698 0.00461254 0.999989 0.729809
0.725546 -0.688172 -0.00157809 9.89837 0.688162 0.725546 -0.00406773 89.4798 0.00394427 0.00186535 0.99999 0.758905
0.744485 -0.667616 -0.00553534 10.2539 0.667607 0.744505 -0.00367541 89.7737 0.00657485 -0.000959142 0.999978 0.772955
0.763549 -0.645689 -0.00885541 10.6213 0.645711 0.763582 -0.000585344 90.0799 0.00713978 -0.00527109 0.999961 0.777071
0.782048 -0.623144 -0.00961243 11.008 0.623186 0.782071 0.00191641 90.3886 0.0063234 -0.00748906 0.999952 0.775336
0.800836 -0.598772 -0.0115731 11.4141 0.598856 0.800834 0.00594517 90.6952 0.00570831 -0.0116917 0.999915 0.780842
0.819087 -0.573529 -0.0126826 11.8588 0.573647 0.81905 0.0093284 90.9895 0.00503759 -0.0149161 0.999876 0.758962
0.83654 -0.547805 -0.0105099 12.3132 0.547901 0.836455 0.0121536 91.2728 0.00213327 -0.0159253 0.999871 0.75625
0.853853 -0.520442 -0.00864846 12.7946 0.520514 0.853736 0.0141415 91.5474 2.36973e-05 -0.0165764 0.999863 0.78206
0.870742 -0.491659 -0.00892499 13.2936 0.49174 0.8706 0.01574 91.8329 3.13649e-05 -0.0180943 0.999836 0.781847
0.886737 -0.462126 -0.0116843 13.8242 0.462269 0.886553 0.0181728 92.0893 0.00196067 -0.0215158 0.999767 0.786328
0.901802 -0.431947 -0.0132282 14.3799 0.432131 0.901622 0.0184521 92.3403 0.00395654 -0.0223564 0.999742 0.775813
0.91533 -0.402492 -0.0131173 14.9516 0.402682 0.915142 0.0190279 92.5897 0.00434567 -0.0226989 0.999733 0.777419
0.927262 -0.374221 -0.0120152 15.5594 0.374396 0.927058 0.019777 92.8281 0.00373781 -0.0228369 0.999732 0.778743
0.93753 -0.347707 -0.011683 16.1951 0.34788 0.937326 0.0199874 93.0643 0.00400097 -0.0228031 0.999732 0.77441
0.945808 -0.324503 -0.0120763 16.8481 0.324683 0.945642 0.0185121 93.2741 0.00541265 -0.0214299 0.999756 0.779774
0.952431 -0.304513 -0.0121099 17.5184 0.304684 0.952311 0.0164539 93.4725 0.00652202 -0.0193609 0.999791 0.793564
0.957776 -0.287299 -0.011141 18.2047 0.287445 0.957678 0.0151109 93.6706 0.00632817 -0.0176753 0.999824 0.789002
0.962034 -0.272744 -0.0100745 18.9158 0.272877 0.96192 0.0157342 93.8738 0.00539946 -0.0178859 0.999825 0.794013
0.965663 -0.259598 -0.0101394 19.6472 0.259739 0.965536 0.0166214 94.0709 0.00547504 -0.0186843 0.99981 0.800725
0.96872 -0.247953 -0.0100052 20.4053 0.248101 0.968564 0.0181624 94.2571 0.00518729 -0.0200766 0.999785 0.793884
0.971278 -0.237794 -0.00857993 21.1917 0.237917 0.971105 0.0187374 94.452 0.00387636 -0.0202406 0.999788 0.78415
0.972969 -0.230856 -0.00609762 21.9946 0.230927 0.972831 0.0165328 94.6468 0.00211524 -0.017494 0.999845 0.794983
0.974038 -0.226336 -0.00458881 22.8122 0.22638 0.97392 0.0152159 94.8223 0.00102524 -0.0158596 0.999874 0.807414
0.974631 -0.223775 -0.00438744 23.6376 0.223815 0.974534 0.0137673 95.0092 0.00119494 -0.0144 0.999896 0.820268
0.975078 -0.221798 -0.0054159 24.4793 0.221853 0.974986 0.0135319 95.1932 0.00227907 -0.0143962 0.999894 0.812339
0.975531 -0.219824 -0.00417516 25.3299 0.21986 0.975447 0.0128262 95.3902 0.00125315 -0.0134303 0.999909 0.786616
0.975867 -0.218361 -0.00150725 26.2288 0.218363 0.97579 0.0123303 95.5957 -0.00122169 -0.0123618 0.999923 0.801529
0.976171 -0.217003 0.000210434 27.1398 0.216988 0.976117 0.0105401 95.7978 -0.00249263 -0.0102433 0.999944 0.805389
0.976424 -0.215861 -0.000551897 28.0578 0.215856 0.976379 0.00946341 96.0033 -0.00150392 -0.00935944 0.999955 0.82755
0.97672 -0.214513 -0.00169814 28.9931 0.214518 0.976661 0.0107405 96.2109 -0.000645464 -0.0108547 0.999941 0.8056
0.977106 -0.212736 -0.00264858 29.9583 0.212752 0.977056 0.00988041 96.4225 0.00048589 -0.0102177 0.999948 0.790748
0.977232 -0.212162 -0.00217212 30.9374 0.212173 0.977185 0.00962183 96.6392 8.11689e-05 -0.00986363 0.999951 0.795757
0.977193 -0.212345 -0.00182715 31.9301 0.212353 0.977156 0.0085059 96.8556 -2.07772e-05 -0.00869991 0.999962 0.812704
0.977041 -0.213048 -0.0013947 32.9391 0.213052 0.977002 0.00869929 97.0743 -0.000490737 -0.0087967 0.999961 0.821845
0.976829 -0.214023 -0.000243822 33.9655 0.214015 0.976783 0.0096137 97.3018 -0.00181939 -0.00944312 0.999954 0.798617
0.976741 -0.214422 0.000885029 35.0126 0.214402 0.976692 0.0101829 97.5314 -0.00304783 -0.00975626 0.999948 0.792702
0.976539 -0.215338 0.000743209 36.0807 0.215317 0.976485 0.0107818 97.779 -0.00304747 -0.0103689 0.999942 0.799814
0.976354 -0.216175 0.0010118 37.1222 0.216148 0.976287 0.0119791 98.0062 -0.00357739 -0.0114771 0.999928 0.766472
0.976198 -0.21688 0.000659699 38.1941 0.216856 0.976129 0.0121074 98.254 -0.0032698 -0.0116762 0.999926 0.80721
0.976056 -0.217516 0.00133124 39.2798 0.217485 0.97599 0.0120282 98.4997 -0.00391561 -0.0114507 0.999927 0.800284
0.975992 -0.217805 0.00068456 40.3754 0.217781 0.975924 0.0119869 98.748 -0.00327889 -0.0115501 0.999928 0.798005
0.975845 -0.218466 -2.39e-05 41.4903 0.21845 0.975774 0.0120451 98.9935 -0.00260813 -0.0117594 0.999927 0.799126
0.975694 -0.219137 -4.13303e-05 42.5995 0.219122 0.975628 0.0116276 99.246 -0.0025077 -0.011354 0.999932 0.78731
0.975474 -0.220115 0.000329334 43.7379 0.220098 0.975415 0.01109 99.5078 -0.00276232 -0.0107456 0.999938 0.783619
0.975296 -0.2209 0.000962741 44.8726 0.220878 0.975242 0.0107668 99.764 -0.00331731 -0.0102882 0.999942 0.783312
0.974949 -0.22241 0.00284052 46.0237 0.222368 0.974903 0.0107974 100.04 -0.00517068 -0.00989526 0.999938 0.780906
0.974678 -0.223579 0.00390248 47.1666 0.223529 0.974641 0.0104642 100.297 -0.00614309 -0.00932687 0.999938 0.795725
0.974416 -0.224719 0.00378924 48.3274 0.224674 0.974385 0.00974316 100.57 -0.00588165 -0.00864255 0.999945 0.80708
0.974174 -0.225783 0.00275724 49.4866 0.225745 0.974134 0.0101405 100.839 -0.00497547 -0.00925616 0.999945 0.807432
0.973831 -0.227266 0.0018591 50.6478 0.227229 0.973768 0.0119485 101.126 -0.00452581 -0.0112133 0.999927 0.788256
0.973566 -0.22839 0.00284286 51.8186 0.228336 0.973497 0.0128541 101.396 -0.00570325 -0.0118652 0.999913 0.786395
0.973293 -0.229544 0.00328215 53.0018 0.229486 0.97323 0.012648 101.678 -0.00609755 -0.011557 0.999915 0.794416
0.973044 -0.230607 0.00248444 54.1711 0.230556 0.97297 0.0131865 101.96 -0.00545819 -0.0122582 0.99991 0.796294
0.972742 -0.23188 0.00220108 55.3617 0.231829 0.97266 0.0136989 102.247 -0.0053174 -0.0128152 0.999904 0.798106
0.972543 -0.232706 0.00280657 56.539 0.23265 0.97247 0.0132567 102.533 -0.00581421 -0.0122398 0.999908 0.796808
0.972295 -0.233733 0.00341572 57.7262 0.233672 0.972229 0.012977 102.822 -0.00635401 -0.0118193 0.99991 0.797393
0.972005 -0.234921 0.00426718 58.9076 0.234851 0.971948 0.0127189 103.115 -0.00713541 -0.0113607 0.99991 0.792512
0.971835 -0.235626 0.00412271 60.1038 0.235561 0.971781 0.0123512 103.401 -0.00691664 -0.0110322 0.999915 0.786169
0.971702 -0.236187 0.00317824 61.3184 0.236138 0.971653 0.0113865 103.695 -0.00577749 -0.0103138 0.99993 0.788036
0.97161 -0.23658 0.002194 62.508 0.23654 0.971552 0.0116338 103.993 -0.00488392 -0.0107846 0.99993 0.795983
0.971595 -0.236633 0.00276352 63.7136 0.236589 0.971546 0.011107 104.289 -0.00531316 -0.0101376 0.999934 0.788572
0.971575 -0.236707 0.00352535 64.9235 0.23666 0.971536 0.0104577 104.586 -0.0059004 -0.00932608 0.999939 0.799276
0.971578 -0.236679 0.00440681 66.1262 0.23663 0.971553 0.00950948 104.882 -0.00653215 -0.00819641 0.999945 0.796141
0.971716 -0.23611 0.00449268 67.3418 0.236064 0.971697 0.00892462 105.186 -0.00647272 -0.00761164 0.99995 0.79992
0.971883 -0.235425 0.00424703 68.5612 0.235389 0.971871 0.007684 105.48 -0.00593657 -0.00646825 0.999961 0.800407
0.972176 -0.234222 0.00382722 69.7634 0.234194 0.972167 0.00662151 105.77 -0.0052716 -0.00554095 0.999971 0.811995
0.972386 -0.233344 0.00396328 71.0033 0.233319 0.972382 0.00603881 106.069 -0.00526295 -0.00494735 0.999974 0.802787
0.972654 -0.232218 0.00442691 72.2244 0.232202 0.97266 0.00388648 106.37 -0.00520839 -0.00275226 0.999983 0.803966
0.972889 -0.231209 0.00536676 73.4616 0.231199 0.972904 0.00234986 106.648 -0.00576465 -0.00104536 0.999983 0.811221
0.973105 -0.230247 0.00732256 74.6914 0.230244 0.973132 0.0013933 106.946 -0.00744662 0.000330145 0.999972 0.806736
0.973344 -0.229228 0.00748684 75.9181 0.229236 0.973371 -0.000162963 107.232 -0.00725012 0.00187487 0.999972 0.806855
0.973608 -0.228149 0.00600733 77.154 0.228155 0.973625 -0.000310205 107.539 -0.00577811 0.00167262 0.999982 0.821025
0.973908 -0.226859 0.00617308 78.4013 0.226866 0.973926 -0.000444314 107.831 -0.00591132 0.00183318 0.999981 0.806757
0.974144 -0.225822 0.00694948 79.6415 0.225835 0.974165 -0.00114981 108.108 -0.00651028 0.00268951 0.999975 0.808229
0.974256 -0.22533 0.00719365 80.9018 0.225347 0.974277 -0.00165186 108.405 -0.00663639 0.00323041 0.999973 0.816291
0.974361 -0.22485 0.00796314 82.1502 0.224866 0.974389 -0.00116952 108.693 -0.00749623 0.00293017 0.999968 0.814341
0.974441 -0.224464 0.00896551 83.4028 0.224478 0.974479 -0.000512863 108.981 -0.00862158 0.00251231 0.99996 0.807723
0.974542 -0.223997 0.00961885 84.6587 0.224008 0.974587 -6.56563e-05 109.269 -0.0093597 0.00221868 0.999954 0.807376
0.974551 -0.22395 0.00986857 85.9251 0.223963 0.974598 -0.000213119 109.565 -0.00957016 0.00241789 0.999951 0.803223
0.974666 -0.223451 0.00978486 87.1958 0.223468 0.974711 -0.00066457 109.866 -0.00938891 0.00283434 0.999952 0.796931
0.974817 -0.222821 0.00906625 88.4633 0.222835 0.974856 -0.000652079 110.149 -0.00869299 0.00265594 0.999959 0.792998
0.974815 -0.222869 0.00799953 89.7249 0.222882 0.974845 -0.000699471 110.457 -0.00764242 0.00246481 0.999968 0.788401
0.974994 -0.222101 0.00759315 91.0041 0.22211 0.975022 -0.00025061 110.733 -0.00734783 0.00193086 0.999971 0.78752
0.975059 -0.221811 0.0076979 92.2776 0.221819 0.975088 -0.000278143 111.034 -0.00744443 0.00197875 0.99997 0.784756
0.975167 -0.221303 0.00864631 93.5695 0.221312 0.975203 -3.62237e-05 111.318 -0.00842389 0.00194886 0.999963 0.783279
0.97524 -0.220934 0.00970782 94.8608 0.220948 0.975286 -0.000381035 111.61 -0.00938372 0.00251652 0.999953 0.773925
0.975292 -0.220705 0.00977768 96.1387 0.220726 0.975335 -0.00110407 111.909 -0.00929284 0.00323498 0.999952 0.770871
0.975376 -0.220363 0.00901388 97.4165 0.220382 0.975413 -0.00111709 112.196 -0.00854609 0.00307608 0.999959 0.777166
0.975477 -0.219932 0.00865663 98.7179 0.219949 0.975511 -0.00102793 112.501 -0.00821856 0.00290674 0.999962 0.761287
0.975631 -0.219259 0.00837545 100.023 0.219274 0.975663 -0.000978515 112.793 -0.00795707 0.00279119 0.999964 0.773084
0.975637 -0.219175 0.00968923 101.324 0.219193 0.975681 -0.000822602 113.087 -0.00927331 0.00292638 0.999953 0.763348
0.975645 -0.21909 0.0108368 102.629 0.219114 0.975699 -0.00110122 113.393 -0.0103322 0.0034489 0.999941 0.757927
0.975746 -0.218615 0.0113048 103.952 0.218653 0.9758 -0.00227987 113.693 -0.0105328 0.0046964 0.999933 0.746958
0.975832 -0.218205 0.0118063 105.26 0.218268 0.975879 -0.00438159 113.984 -0.0105654 0.00685263 0.999921 0.740465
0.975889 -0.217929 0.0121708 106.567 0.218012 0.975928 -0.00596346 114.285 -0.0105782 0.00847306 0.999908 0.742867
0.976024 -0.217289 0.012709 107.891 0.217395 0.976054 -0.00760658 114.569 -0.0107519 0.0101871 0.99989 0.738628
0.97609 -0.217014 0.0123657 109.223 0.217126 0.976106 -0.00859738 114.864 -0.0102045 0.0110767 0.999887 0.737215
0.976241 -0.216327 0.0124787 110.548 0.216442 0.976256 -0.00875259 115.168 -0.010289 0.0112456 0.999884 0.718614
0.976293 -0.216052 0.0131747 111.871 0.216186 0.976304 -0.00967745 115.463 -0.0107717 0.0122962 0.999866 0.713744
0.976402 -0.215526 0.0137075 113.207 0.215696 0.97638 -0.012502 115.746 -0.0106892 0.0151636 0.999828 0.720373
0.976533 -0.214914 0.0139886 114.562 0.215105 0.976491 -0.0139548 116.044 -0.0106607 0.0166363 0.999805 0.719173
0.976615 -0.214558 0.0136777 115.9 0.214755 0.976553 -0.0150081 116.337 -0.0101369 0.0175945 0.999794 0.711476
0.976718 -0.214118 0.0132156 117.243 0.214318 0.976629 -0.0162376 116.63 -0.00943003 0.0186919 0.999781 0.693391
0.976848 -0.21361 0.0117411 118.576 0.213794 0.976719 -0.0176456 116.929 -0.00769846 0.0197473 0.999775 0.70068
0.976962 -0.213097 0.0115932 119.94 0.213285 0.976814 -0.0185418 117.225 -0.0073732 0.0205873 0.999761 0.695295
0.97707 -0.212546 0.0125942 121.299 0.212768 0.976893 -0.0202578 117.527 -0.00799749 0.0224729 0.999715 0.685366
0.977183 -0.211972 0.0134567 122.655 0.212228 0.976977 -0.0217858 117.815 -0.00852893 0.0241446 0.999672 0.688758
0.977306 -0.211353 0.0142474 124.01 0.211646 0.977057 -0.0237806 118.103 -0.0088944 0.0262564 0.999616 0.680607
0.97736 -0.211006 0.015603 125.379 0.211346 0.977093 -0.0249567 118.41 -0.00997954 0.0276893 0.999567 0.688872
0.977641 -0.209626 0.0166129 126.751 0.210024 0.977306 -0.0276393 118.69 -0.0104419 0.0305104 0.99948 0.673394
0.977812 -0.208864 0.0161165 128.114 0.209256 0.977442 -0.0286215 118.989 -0.00977495 0.031359 0.99946 0.669922
0.978177 -0.207167 0.0158466 129.489 0.207556 0.977791 -0.0290663 119.276 -0.00947313 0.031721 0.999452 0.662011
0.978528 -0.205434 0.0167125 130.877 0.205867 0.9781 -0.0306333 119.567 -0.0100534 0.0334161 0.999391 0.653619
0.978966 -0.203302 0.0171415 132.258 0.203768 0.978486 -0.0323162 119.86 -0.0102028 0.0351293 0.999331 0.656024
0.979347 -0.201498 0.0166604 133.659 0.201966 0.978793 -0.0342684 120.148 -0.00940211 0.0369255 0.999274 0.656741
0.979792 -0.199376 0.0160209 135.056 0.199829 0.979208 -0.0349297 120.421 -0.0087236 0.0374252 0.999261 0.653437
0.980132 -0.19773 0.0156387 136.45 0.198176 0.979513 -0.0357774 120.71 -0.00824401 0.0381658 0.999237 0.637631
0.980487 -0.195975 0.0154499 137.843 0.196421 0.979835 -0.0366259 120.989 -0.0079606 0.0389459 0.99921 0.641056
0.980814 -0.194229 0.0166854 139.257 0.194745 0.980089 -0.0387407 121.267 -0.00882861 0.0412468 0.99911 0.63176
0.981068 -0.192843 0.0177897 140.667 0.193434 0.980226 -0.0417172 121.54 -0.00939302 0.0443686 0.998971 0.63192
0.981267 -0.191795 0.0181853 142.076 0.192421 0.980349 -0.0434752 121.807 -0.0094896 0.04616 0.998889 0.635223
0.981434 -0.190839 0.0191692 143.494 0.191535 0.98042 -0.0457258 122.083 -0.0100676 0.0485484 0.99877 0.625079
0.981629 -0.189666 0.0207543 144.92 0.190454 0.980577 -0.0468627 122.351 -0.0114629 0.0499545 0.998686 0.622712
0.981818 -0.188522 0.0221891 146.344 0.189398 0.980726 -0.0480058 122.615 -0.0127112 0.0513356 0.998601 0.6144
