1 0 0 0 0 1 0 0 0 0 1 0
1 -0.000987652 6.79005e-06 0.106017 0.000987654 0.999999 -0.000202272 -0.00851398 -6.59027e-06 0.000202279 1 0.00421721
0.999998 -0.00218586 -1.95636e-06 0.214556 0.00218586 0.999998 -0.000271276 -0.014886 2.54933e-06 0.000271271 1 0.00558406
0.999991 -0.00418083 -0.000234318 0.35133 0.00418077 0.999991 -0.000235785 -0.00795881 0.000235302 0.000234804 1 -0.000971818
0.999985 -0.00540139 -0.000865493 0.487496 0.00540124 0.999985 -0.000177387 -0.00874478 0.000866439 0.00017271 1 -0.00614459
0.999981 -0.0059365 -0.00187491 0.630196 0.00593694 0.999982 0.000229979 -0.00520492 0.00187351 -0.000241106 0.999998 -0.0117812
0.999972 -0.00709205 -0.00238223 0.77574 0.00709313 0.999975 0.000446526 -0.00160963 0.002379 -0.000463411 0.999997 -0.0191635
0.999958 -0.00890904 -0.00235562 0.908339 0.00891001 0.99996 0.000403064 0.016464 0.00235194 -0.000424036 0.999997 -0.0194728
0.999955 -0.009171 -0.00244398 1.05251 0.00917209 0.999958 0.000435769 0.0311537 0.00243988 -0.000458166 0.999997 -0.0178845
0.999942 -0.0104439 -0.00249405 1.23648 0.0104453 0.999945 0.000573231 0.0341986 0.00248793 -0.000599249 0.999997 -0.0111832
0.999923 -0.0121793 -0.00255199 1.38853 0.0121803 0.999926 0.000385352 0.0343006 0.0025471 -0.000416406 0.999997 -0.0128582
0.999902 -0.0137367 -0.00253139 1.53614 0.0137371 0.999906 0.000173267 0.0273306 0.00252877 -0.000208024 0.999997 -0.0116201
0.999893 -0.0143984 -0.00259637 1.69009 0.0143985 0.999896 2.70508e-06 0.0303766 0.00259606 -4.00887e-05 0.999997 -0.005789
0.999881 -0.015218 -0.00268098 1.85922 0.0152181 0.999884 2.99294e-05 0.0343369 0.00268021 -7.07252e-05 0.999996 0.00282274
0.999868 -0.015999 -0.00292439 2.02117 0.016 0.999872 0.000307964 0.0586243 0.00291909 -0.000354713 0.999996 0.00501417
0.99986 -0.0164183 -0.00315822 2.19321 0.0164207 0.999865 0.000706932 0.069261 0.00314619 -0.000758693 0.999995 0.00625425
0.999855 -0.0166918 -0.00323744 2.35317 0.0166938 0.99986 0.000594225 0.0775441 0.00322707 -0.000648184 0.999995 -0.00152795
0.999847 -0.0171682 -0.00330683 2.53492 0.0171696 0.999853 0.000386647 0.0782947 0.0032997 -0.000443364 0.999994 -0.000189668
0.999849 -0.0170614 -0.00329948 2.7076 0.0170622 0.999854 0.000208007 0.0756472 0.00329545 -0.000264272 0.999995 0.00243033
0.999845 -0.0172411 -0.00346755 2.89454 0.0172408 0.999851 -0.000104101 0.0734811 0.00346883 4.43017e-05 0.999994 0.00426813
0.999845 -0.0171205 -0.00399536 3.07432 0.0171199 0.999853 -0.000197463 0.0622076 0.00399816 0.000129032 0.999992 0.0028622
0.999844 -0.0170721 -0.00444912 3.2515 0.0170715 0.999854 -0.000169782 0.0677781 0.00445137 9.38024e-05 0.99999 0.0022478
0.99985 -0.0166508 -0.00486513 3.42515 0.0166509 0.999861 -1.97438e-05 0.0784809 0.00486478 -6.12676e-05 0.999988 -0.00638702
0.999846 -0.0166493 -0.00551807 3.6228 0.0166512 0.999861 0.000296943 0.094341 0.00551236 -0.00038878 0.999985 -0.000440509
0.999832 -0.0158828 -0.0091727 3.81725 0.0159007 0.999872 0.00188518 0.0956189 0.00914159 -0.00203071 0.999956 0.0359334
0.999829 -0.0155867 -0.00999302 4.02423 0.0156086 0.999876 0.00211731 0.0838725 0.00995878 -0.00227292 0.999948 0.0329731
0.999839 -0.0153034 -0.00937846 4.23018 0.0153188 0.999881 0.00157856 0.0855365 0.00935319 -0.00172197 0.999955 0.0419445
0.99985 -0.0146096 -0.00935133 4.4517 0.0146272 0.999891 0.00181713 0.102957 0.00932377 -0.00195364 0.999955 0.0618079
0.999854 -0.0142533 -0.00942458 4.64876 0.0142824 0.999893 0.00302368 0.106097 0.00938048 -0.00315784 0.999951 0.0792654
0.999862 -0.0134817 -0.00969766 4.85044 0.0135647 0.999871 0.00854395 0.117486 0.00958123 -0.00867432 0.999916 0.0674422
0.999869 -0.0132661 -0.0092782 5.07163 0.01339 0.99982 0.0134251 0.125448 0.00909843 -0.0135476 0.999867 0.00419154
0.999883 -0.012331 -0.00905223 5.31731 0.0124544 0.999828 0.013712 0.13393 0.00888159 -0.0138232 0.999865 0.00795033
0.999888 -0.0118584 -0.00910305 5.54239 0.0119739 0.999847 0.0127407 0.127783 0.00895057 -0.0128483 0.999877 0.0265143
0.999895 -0.0114264 -0.00890042 5.77431 0.0115339 0.99986 0.0121223 0.119718 0.00876066 -0.0122237 0.999887 0.0506235
0.999904 -0.0107612 -0.00868631 6.01823 0.0108656 0.999868 0.0120586 0.130993 0.0085554 -0.0121518 0.99989 0.063685
0.999912 -0.00999676 -0.00877604 6.25008 0.0101028 0.999876 0.0121198 0.134222 0.00865379 -0.0122073 0.999888 0.0678838
0.999914 -0.00944158 -0.0090708 6.49349 0.00955252 0.999879 0.0122662 0.146652 0.00895389 -0.0123518 0.999884 0.0617402
0.999915 -0.00864674 -0.00971373 6.74932 0.00877071 0.99988 0.0127931 0.149402 0.00960194 -0.0128773 0.999871 0.064639
0.999926 -0.00752729 -0.00958076 7.00103 0.00765068 0.999887 0.0129083 0.142551 0.00948252 -0.0129807 0.999871 0.0725274
0.999929 -0.00688382 -0.00974727 7.27195 0.00701284 0.999887 0.0132645 0.154013 0.00965487 -0.013332 0.999865 0.0808047
0.999941 -0.00568503 -0.00923503 7.53267 0.00584979 0.999822 0.0179122 0.14934 0.00913156 -0.0179652 0.999797 0.0826949
0.999947 -0.0050243 -0.00893088 7.79322 0.00522567 0.999729 0.0226691 0.155271 0.00881457 -0.0227145 0.999703 0.081731
0.999948 -0.00453987 -0.00916199 8.07034 0.0047561 0.999707 0.0237179 0.159587 0.00905163 -0.0237602 0.999677 0.0899208
0.999945 -0.00407921 -0.00968717 8.37057 0.0042963 0.999738 0.0224955 0.154007 0.00959287 -0.0225359 0.9997 0.0858888
0.999941 -0.00371898 -0.0101918 8.61712 0.00394514 0.999744 0.0222605 0.15162 0.0101064 -0.0222994 0.9997 0.106311
0.999933 -0.0034219 -0.0110159 8.88994 0.00366016 0.999758 0.0216812 0.147603 0.0109391 -0.0217201 0.999704 0.0826997
0.999932 -0.00373634 -0.0110177 9.20757 0.00396748 0.999771 0.0210322 0.141644 0.0109366 -0.0210745 0.999718 0.093164
0.999934 -0.00379407 -0.0108362 9.49561 0.0040165 0.99978 0.0205791 0.147797 0.0107557 -0.0206212 0.99973 0.106544
0.999934 -0.00388253 -0.010786 9.78632 0.00410421 0.999779 0.0206065 0.157164 0.0107036 -0.0206495 0.999729 0.121761
0.999932 -0.00407418 -0.0109163 10.0682 0.00431225 0.999751 0.021875 0.157036 0.0108244 -0.0219206 0.999701 0.120166
0.999927 -0.00438156 -0.0112975 10.3642 0.0046163 0.999772 0.0208358 0.155936 0.0112036 -0.0208864 0.999719 0.112929
0.999918 -0.00479881 -0.0118422 10.6727 0.00500656 0.999833 0.0175759 0.166192 0.0117559 -0.0176338 0.999775 0.124831
0.999916 -0.00505104 -0.0119217 10.9526 0.00521688 0.999889 0.0139203 0.163443 0.0118501 -0.0139813 0.999832 0.13403
0.999921 -0.0055116 -0.0112705 11.2679 0.00564382 0.999915 0.0117328 0.165834 0.0112049 -0.0117954 0.999868 0.163611
0.999941 -0.00575999 -0.00923462 11.5726 0.00586982 0.999912 0.0119114 0.170312 0.00916519 -0.0119649 0.999886 0.163065
0.999958 -0.00640315 -0.00661267 11.8379 0.00648762 0.999897 0.0128326 0.183278 0.00652982 -0.0128749 0.999896 0.137932
0.999955 -0.00701163 -0.00635632 12.128 0.00709699 0.999884 0.0135077 0.187221 0.00626087 -0.0135522 0.999889 0.138018
0.999945 -0.00740959 -0.00748352 12.4292 0.00749555 0.999905 0.0115244 0.187411 0.00739742 -0.0115799 0.999906 0.146916
0.999942 -0.00734936 -0.00790889 12.7092 0.00742811 0.999923 0.00997464 0.183867 0.00783498 -0.0100328 0.999919 0.150686
0.999938 -0.00789988 -0.00791089 12.9931 0.00797134 0.999927 0.00904243 0.190102 0.00783888 -0.00910492 0.999928 0.162277
0.999938 -0.00842053 -0.00731266 13.2724 0.00848748 0.999922 0.00917369 0.188846 0.00723485 -0.00923519 0.999931 0.182446
0.99994 -0.00900154 -0.00631833 13.5744 0.00905879 0.999918 0.00909144 0.195671 0.00623597 -0.00914813 0.999939 0.189717
0.99994 -0.00860767 -0.00672577 13.8357 0.00866569 0.999925 0.00864506 0.196286 0.00665085 -0.00870283 0.99994 0.182992
0.999937 -0.00783959 -0.00798808 14.1151 0.0079084 0.999932 0.00861915 0.188104 0.00791996 -0.00868178 0.999931 0.181544
0.999932 -0.00758478 -0.00884752 14.4078 0.00766896 0.999925 0.00951974 0.192192 0.00877465 -0.00958695 0.999916 0.195685
0.99993 -0.0073618 -0.00928825 14.6968 0.00744685 0.99993 0.0091557 0.195077 0.00922021 -0.00922422 0.999915 0.189929
0.99993 -0.00704607 -0.00952083 14.9705 0.00714093 0.999925 0.0099666 0.190762 0.00944989 -0.0100339 0.999905 0.205918
0.999939 -0.00659681 -0.00886011 15.2612 0.006691 0.999921 0.0106437 0.202193 0.00878919 -0.0107024 0.999904 0.207539
0.999955 -0.00642284 -0.00700727 15.5648 0.00649969 0.999918 0.0110006 0.205747 0.00693605 -0.0110456 0.999915 0.203436
0.999957 -0.00620349 -0.00685919 15.8281 0.00627371 0.999928 0.0102648 0.217426 0.00679502 -0.0103074 0.999924 0.20015
0.999929 -0.00544465 -0.01062 16.1012 0.0055816 0.999901 0.0129085 0.216343 0.0105487 -0.0129669 0.99986 0.213775
0.999881 -0.00485105 -0.0146148 16.4109 0.00505404 0.999891 0.0138844 0.225379 0.0145459 -0.0139566 0.999797 0.214801
0.999855 -0.00466008 -0.0163824 16.6855 0.00488631 0.999893 0.0137963 0.217302 0.0163163 -0.0138744 0.999771 0.23683
0.999852 -0.00434474 -0.0166218 16.9686 0.00455475 0.99991 0.0126179 0.216183 0.0165655 -0.0126917 0.999782 0.253347
0.999882 -0.00399766 -0.0148435 17.2677 0.00416156 0.999931 0.0110275 0.224697 0.0147983 -0.011088 0.999829 0.255985
0.999899 -0.0035211 -0.0137502 17.5845 0.00366971 0.999935 0.0107976 0.228686 0.0137113 -0.010847 0.999847 0.259824
0.999916 -0.00298217 -0.0126412 17.8952 0.00313407 0.999923 0.0120137 0.238028 0.0126044 -0.0120523 0.999848 0.245183
0.999901 -0.00188875 -0.0139708 18.1938 0.00213254 0.999845 0.0174555 0.249325 0.0139356 -0.0174835 0.99975 0.252657
0.9999 -0.00097061 -0.0140819 18.5001 0.00127059 0.999772 0.0213091 0.252112 0.014058 -0.0213249 0.999674 0.247255
0.99992 -0.000238758 -0.0126151 18.8334 0.000488489 0.999804 0.0197969 0.247628 0.0126079 -0.0198014 0.999724 0.259887
0.999933 0.00147673 -0.0114642 19.1673 -0.00130583 0.999888 0.0149001 0.241631 0.0114849 -0.0148841 0.999823 0.283588
0.999919 0.00302361 -0.0123229 19.4965 -0.00289283 0.999939 0.0106164 0.238308 0.0123542 -0.0105799 0.999868 0.305349
0.999878 0.00447464 -0.0149875 19.8203 -0.00437079 0.999966 0.00695497 0.236767 0.0150181 -0.00688861 0.999863 0.30406
0.999767 0.00557434 -0.0208761 20.1365 -0.00546393 0.999971 0.00534242 0.239899 0.0209053 -0.00522711 0.999768 0.309681
0.999584 0.00729473 -0.0279199 20.4574 -0.00711085 0.999952 0.00667951 0.238048 0.0279673 -0.00647819 0.999588 0.305176
0.999214 0.00904964 -0.0385842 20.8066 -0.00870573 0.999921 0.00907213 0.243445 0.0386632 -0.0087291 0.999214 0.300194
0.998658 0.010273 -0.0507654 21.1306 -0.00972263 0.999891 0.0110757 0.238009 0.0508737 -0.0105672 0.998649 0.33453
0.997992 0.0114187 -0.0622956 21.4594 -0.0107448 0.99988 0.0111424 0.21811 0.0624154 -0.0104506 0.997996 0.369089
0.99745 0.0125459 -0.0702555 21.7921 -0.0119517 0.999889 0.00887168 0.205457 0.070359 -0.00800938 0.99749 0.371341
0.996793 0.013316 -0.0789028 22.1442 -0.0130439 0.999907 0.00396288 0.204647 0.0789483 -0.00292097 0.996874 0.393458
0.996003 0.014091 -0.0882064 22.4813 -0.0143029 0.999896 -0.00177096 0.190538 0.0881723 0.00302549 0.996101 0.433508
0.995404 0.0151919 -0.094557 22.8251 -0.0156361 0.99987 -0.00395825 0.166931 0.0944846 0.00541856 0.995512 0.466889
0.995239 0.0168697 -0.0959976 23.1595 -0.0170359 0.999854 -0.000911177 0.164611 0.0959682 0.00254224 0.995381 0.482973
0.995154 0.0186983 -0.0965382 23.5129 -0.0181451 0.999814 0.00660443 0.184323 0.0966437 -0.00482072 0.995307 0.510473
0.995115 0.0196099 -0.0967579 23.8613 -0.0186171 0.999764 0.0111527 0.187297 0.0969538 -0.00929683 0.995245 0.51999
0.995019 0.0205372 -0.097542 24.1938 -0.0198973 0.999774 0.00752859 0.165271 0.0976746 -0.00555027 0.995203 0.555709
0.994834 0.0209284 -0.0993389 24.5434 -0.0210456 0.999779 -0.000131593 0.151703 0.0993141 0.00222156 0.995054 0.618598
0.994678 0.0211552 -0.100836 24.897 -0.0218193 0.999747 -0.00548714 0.133434 0.100694 0.00765811 0.994888 0.673787
0.994716 0.0207489 -0.100547 25.2383 -0.0215128 0.999747 -0.00651907 0.1182 0.100386 0.00864766 0.994911 0.706299
0.994634 0.0215924 -0.101173 25.6048 -0.0222252 0.99974 -0.00513145 0.115678 0.101036 0.00735251 0.994856 0.734419
0.99415 0.0233345 -0.105456 25.9667 -0.0235237 0.999723 -0.000550709 0.124195 0.105413 0.00302819 0.994424 0.783193
0.99374 0.0246208 -0.108975 26.3319 -0.024119 0.999692 0.00592048 0.118885 0.109087 -0.00325506 0.994027 0.800341
0.99353 0.0248822 -0.110811 26.7183 -0.0244514 0.999687 0.00524487 0.110331 0.110907 -0.00250145 0.993828 0.822472
0.993555 0.0239232 -0.110793 27.1182 -0.0242335 0.999705 -0.0014545 0.0937112 0.110726 0.00413004 0.993842 0.882525
0.993503 0.0234725 -0.111359 27.5154 -0.0244431 0.999674 -0.00735803 0.0770822 0.11115 0.0100322 0.993753 0.950254
0.993497 0.0241896 -0.111256 27.9042 -0.0250173 0.999669 -0.00604979 0.0653077 0.111073 0.00879377 0.993773 0.993901
0.993521 0.0247366 -0.110922 28.3144 -0.0250085 0.999687 -0.00106068 0.0643371 0.110861 0.00382781 0.993829 1.01206
0.993742 0.0248958 -0.108889 28.7404 -0.0249836 0.999688 0.000558453 0.0558583 0.108869 0.00216549 0.994054 1.05898
0.994111 0.0245318 -0.105551 29.17 -0.0246031 0.999697 0.000625886 0.0356112 0.105535 0.0019747 0.994414 1.11668
0.994446 0.0243309 -0.1024 29.593 -0.02463 0.999695 -0.00165731 0.0274901 0.102328 0.00417021 0.994742 1.17211
0.994606 0.0245119 -0.100789 30.0341 -0.0248971 0.999687 -0.00256618 0.0290521 0.100694 0.00506168 0.994905 1.22147
0.994566 0.0246318 -0.101151 30.4823 -0.0249256 0.999688 -0.0016414 0.0191053 0.101079 0.00415372 0.99487 1.26982
0.994638 0.0249019 -0.100371 30.9371 -0.025013 0.999687 0.000151901 0.00685535 0.100344 0.0023595 0.99495 1.30869
0.994845 0.0245612 -0.0983873 31.3956 -0.0247012 0.999695 -0.000204831 -0.000205029 0.0983522 0.00263406 0.995148 1.36312
0.994967 0.0240174 -0.0972798 31.8627 -0.0241836 0.999707 -0.000529512 -0.0078596 0.0972387 0.00287942 0.995257 1.42335
0.994957 0.0246989 -0.0972089 32.3326 -0.0247773 0.999693 0.000400659 -0.0182624 0.097189 0.00200994 0.995264 1.46288
0.99489 0.0254679 -0.097697 32.8159 -0.0250589 0.999671 0.00541127 -0.0318833 0.0978027 -0.00293544 0.995201 1.51007
0.994933 0.0252769 -0.0973117 33.299 -0.0247559 0.999672 0.00655799 -0.0368123 0.0974456 -0.00411572 0.995232 1.55078
0.994834 0.0246576 -0.0984749 33.7727 -0.0243679 0.999694 0.00414394 -0.0471433 0.098547 -0.00172291 0.995131 1.5914
0.994443 0.0247823 -0.102321 34.2602 -0.0246927 0.999693 0.0021428 -0.0573256 0.102342 0.000395675 0.994749 1.65599
0.993923 0.0245014 -0.107317 34.7604 -0.0244568 0.999699 0.00173146 -0.0729724 0.107327 0.000903691 0.994223 1.72355
0.993909 0.0243735 -0.107473 35.2539 -0.0242536 0.999703 0.002423 -0.0887919 0.1075 0.000198361 0.994205 1.75559
0.993983 0.0246691 -0.106725 35.7446 -0.0246224 0.999695 0.00175561 -0.103552 0.106735 0.000882763 0.994287 1.82139
0.99391 0.0245618 -0.10742 36.2478 -0.0244449 0.999698 0.00240456 -0.102987 0.107447 0.000235974 0.994211 1.87337
0.994039 0.0246287 -0.106211 36.7664 -0.0239637 0.999684 0.00753342 -0.119464 0.106363 -0.0049433 0.994315 1.92795
0.994551 0.0243443 -0.101365 37.2828 -0.0236336 0.999687 0.00820654 -0.127002 0.101533 -0.00576621 0.994815 1.95672
0.994772 0.0238238 -0.0993037 37.7757 -0.0235399 0.999715 0.00402939 -0.133047 0.0993714 -0.00167072 0.995049 2.0286
0.994622 0.0232773 -0.100927 38.2881 -0.0232133 0.999729 0.00180847 -0.145803 0.100942 0.000544103 0.994892 2.09633
0.994443 0.0234563 -0.102632 38.7996 -0.0232853 0.999725 0.0028634 -0.160242 0.102671 -0.000457666 0.994715 2.15775
0.994563 0.0232976 -0.1015 39.3173 -0.0230264 0.999727 0.00384334 -0.167237 0.101562 -0.00148527 0.994828 2.19066
0.994655 0.0233199 -0.10059 39.8391 -0.0230926 0.999727 0.00342386 -0.180363 0.100642 -0.00108268 0.994922 2.25182
0.994598 0.0231672 -0.101184 40.3413 -0.0230462 0.999732 0.00236537 -0.18988 0.101212 -2.06872e-05 0.994865 2.30595
0.994447 0.0231098 -0.102672 40.8529 -0.0229424 0.999733 0.00281126 -0.19687 0.10271 -0.000440098 0.994711 2.37316
0.994508 0.0230093 -0.1021 41.3762 -0.0227988 0.999735 0.00322845 -0.210149 0.102147 -0.000882964 0.994769 2.42113
0.994749 0.0224152 -0.099856 41.883 -0.0222333 0.999749 0.00293421 -0.212589 0.0998966 -0.000698672 0.994998 2.48207
0.994816 0.0221427 -0.0992477 42.3932 -0.0219498 0.999754 0.00303505 -0.215861 0.0992905 -0.000840855 0.995058 2.53305
0.994768 0.0217134 -0.0998239 42.8887 -0.0215444 0.999764 0.00277162 -0.226575 0.0998605 -0.000606475 0.995001 2.586
0.994781 0.0212223 -0.0998 43.3947 -0.0210296 0.999774 0.00298216 -0.24098 0.0998408 -0.000867839 0.995003 2.63259
0.994829 0.0211975 -0.0993243 43.8992 -0.0211003 0.999775 0.00202916 -0.259573 0.099345 7.71067e-05 0.995053 2.68142
0.994814 0.0210814 -0.0995071 44.3908 -0.021096 0.999777 0.000905731 -0.261145 0.099504 0.00119817 0.995036 2.7368
0.994746 0.0215771 -0.100074 44.8686 -0.0213843 0.999767 0.00299826 -0.272754 0.100115 -0.000842498 0.994975 2.7962
0.994687 0.0216243 -0.100645 45.3659 -0.0213063 0.999764 0.00423392 -0.271696 0.100713 -0.00206706 0.994913 2.82651
0.994507 0.0209045 -0.102566 45.8517 -0.0205706 0.999779 0.0043116 -0.282635 0.102634 -0.00217807 0.994717 2.88555
0.994203 0.0203884 -0.105564 46.3305 -0.0201413 0.999791 0.00340698 -0.299119 0.105611 -0.00126105 0.994407 2.94983
0.993871 0.0202301 -0.108679 46.7958 -0.020161 0.999795 0.0017341 -0.31168 0.108692 0.000467617 0.994075 2.99808
0.993726 0.0197739 -0.110081 47.2793 -0.0198288 0.999803 0.000595796 -0.324009 0.110072 0.00159073 0.993922 3.05759
0.993732 0.018986 -0.110168 47.753 -0.019358 0.99981 -0.00230813 -0.32541 0.110103 0.00442629 0.99391 3.10587
0.994019 0.0187827 -0.107577 48.2399 -0.0192317 0.99981 -0.00313761 -0.339182 0.107497 0.00518772 0.994192 3.16166
0.994243 0.0189032 -0.105471 48.71 -0.0193846 0.999806 -0.00354065 -0.348511 0.105383 0.00556477 0.994416 3.21689
0.99424 0.0188549 -0.105507 49.1697 -0.0193209 0.999808 -0.00339572 -0.360418 0.105423 0.00541465 0.994413 3.27036
0.994106 0.0182715 -0.106858 49.6204 -0.0186961 0.999821 -0.00297324 -0.364026 0.106784 0.00495354 0.99427 3.33238
0.994126 0.0181689 -0.10669 50.0799 -0.0185601 0.999824 -0.00267498 -0.382774 0.106622 0.00463944 0.994289 3.38803
0.994329 0.017655 -0.104871 50.5577 -0.0181483 0.999828 -0.00375105 -0.390106 0.104786 0.005633 0.994479 3.42108
0.994467 0.017644 -0.103555 51.0062 -0.0182198 0.999823 -0.0046169 -0.397511 0.103456 0.00647811 0.994613 3.48983
0.994732 0.017833 -0.100944 51.4634 -0.0183826 0.999821 -0.00451659 -0.395253 0.100846 0.00634842 0.994882 3.5365
0.995402 0.0178424 -0.0941088 51.9134 -0.0183139 0.999824 -0.00414857 -0.400178 0.0940182 0.00585299 0.995553 3.58069
0.996171 0.0179019 -0.0855732 52.3676 -0.0185295 0.999807 -0.00654515 -0.416003 0.0854395 0.00810571 0.99631 3.61966
0.996854 0.0182445 -0.0771263 52.8246 -0.0189069 0.99979 -0.00786807 -0.420843 0.0769666 0.00930154 0.99699 3.65821
0.997454 0.0188709 -0.0687751 53.2866 -0.0195403 0.999768 -0.00907372 -0.428641 0.0685879 0.0103945 0.997591 3.71341
0.998084 0.0197324 -0.0586423 53.7426 -0.020129 0.999778 -0.0061804 -0.438733 0.0585074 0.00734897 0.99826 3.74322
0.998699 0.0205705 -0.0466553 54.2068 -0.0207442 0.99978 -0.00324253 -0.441 0.0465784 0.00420614 0.998906 3.76066
0.999245 0.0207017 -0.0328824 54.6727 -0.0208196 0.999778 -0.00324726 -0.452911 0.0328079 0.0039294 0.999454 3.76932
0.999599 0.0204863 -0.0195254 55.1511 -0.020618 0.999766 -0.00656535 -0.46307 0.0193863 0.0069653 0.999788 3.79179
0.999738 0.0209681 -0.00915258 55.6201 -0.0210641 0.999723 -0.0105194 -0.478295 0.00892947 0.0107094 0.999903 3.79808
0.999765 0.0216871 -0.000229513 56.0988 -0.0216883 0.999684 -0.0127257 -0.489732 -4.65436e-05 0.0127277 0.999919 3.81964
0.99973 0.0223898 0.00625835 56.5744 -0.0223143 0.99968 -0.0118826 -0.496996 -0.00652239 0.0117397 0.99991 3.82886
0.999698 0.0232361 0.00805472 57.055 -0.0231464 0.999671 -0.0110529 -0.514249 -0.0083089 0.0108631 0.999906 3.83832
0.999701 0.0238165 0.00562566 57.5316 -0.023759 0.999667 -0.0100905 -0.520872 -0.0058641 0.00995386 0.999933 3.82865
0.999692 0.0246422 0.00305166 58.0133 -0.0246094 0.999643 -0.010372 -0.532989 -0.00330616 0.0102937 0.999942 3.83779
0.999679 0.0253255 0.00104911 58.4945 -0.0253082 0.99958 -0.0141092 -0.552996 -0.00140599 0.0140781 0.9999 3.84199
0.999666 0.0258568 -0.000418248 58.9809 -0.0258601 0.999506 -0.0178682 -0.564788 -4.39736e-05 0.0178731 0.99984 3.8567
0.999641 0.0267867 -0.000290939 59.4714 -0.0267873 0.999449 -0.0195769 -0.580565 -0.000233623 0.0195777 0.999808 3.86452
0.99962 0.0275704 0.000549856 59.9558 -0.0275543 0.999427 -0.0196376 -0.587468 -0.00109096 0.019615 0.999807 3.85775
0.999611 0.0278615 0.000906269 60.4448 -0.0278388 0.999425 -0.0193516 -0.603883 -0.00144491 0.0193189 0.999812 3.8495
0.999607 0.028017 0.000829333 60.9291 -0.0279949 0.999409 -0.0199599 -0.624205 -0.00138806 0.0199289 0.9998 3.86661
0.999605 0.0280265 0.00183528 61.425 -0.0279752 0.999328 -0.0237026 -0.646228 -0.00249835 0.023642 0.999717 3.86502
0.999606 0.0278772 0.00313815 61.9095 -0.0277826 0.99925 -0.0269727 -0.6746 -0.00388772 0.0268749 0.999631 3.873
0.999631 0.0269815 0.00325904 62.3813 -0.0268761 0.99922 -0.0289311 -0.673635 -0.0040371 0.0288329 0.999576 3.88257
0.999656 0.0261251 0.0023135 62.8674 -0.0260579 0.999337 -0.0254406 -0.685062 -0.0029766 0.0253716 0.999674 3.89866
0.999682 0.0251726 0.00179713 63.3416 -0.0251257 0.99943 -0.0225629 -0.687191 -0.00236407 0.0225106 0.999744 3.87183
0.999713 0.0239256 0.00113404 63.8169 -0.0238925 0.999441 -0.0233982 -0.701623 -0.00169323 0.0233644 0.999726 3.88016
0.99975 0.022361 -0.00010665 64.2919 -0.0223564 0.999419 -0.0257173 -0.718161 -0.000468479 0.0257133 0.999669 3.87556
0.99979 0.0204783 -0.001111 64.7701 -0.0205017 0.999382 -0.0285418 -0.733637 0.000525823 0.0285586 0.999592 3.9043
0.999842 0.0177537 -0.00104449 65.2402 -0.0177762 0.999443 -0.0282586 -0.722011 0.000542212 0.0282727 0.9996 3.91098
0.999874 0.0157895 -0.00129729 65.7136 -0.0158175 0.999547 -0.025624 -0.717421 0.000892111 0.0256413 0.999671 3.91099
0.999903 0.0136364 -0.00297992 66.1868 -0.0137015 0.99964 -0.0230642 -0.732695 0.00266434 0.0231028 0.99973 3.89587
0.999924 0.0111738 -0.00511528 66.6568 -0.0112849 0.999689 -0.0222186 -0.731753 0.00486543 0.0222746 0.99974 3.90156
0.999936 0.00899556 -0.00686708 67.1195 -0.00914781 0.999706 -0.0224719 -0.733139 0.00666292 0.0225333 0.999724 3.91812
0.999948 0.00686554 -0.00752357 67.5899 -0.00703538 0.999716 -0.0227846 -0.739245 0.007365 0.0228364 0.999712 3.92299
0.999958 0.00487931 -0.00771327 68.0558 -0.00505522 0.999724 -0.0229545 -0.737619 0.00759914 0.0229925 0.999707 3.93971
0.999968 0.00329352 -0.00728228 68.5213 -0.00345324 0.999751 -0.0220303 -0.732001 0.00720791 0.0220547 0.999731 3.92773
0.999971 0.00186909 -0.00740359 68.992 -0.00202462 0.999776 -0.0210554 -0.731333 0.00736258 0.0210698 0.999751 3.94064
0.999969 0.00149332 -0.00777687 69.4517 -0.00165211 0.999789 -0.0204513 -0.734155 0.00774469 0.0204635 0.999761 3.95272
0.999967 0.00195589 -0.00791694 69.9249 -0.00211752 0.999788 -0.0204593 -0.728627 0.00787525 0.0204753 0.999759 3.95356
0.999968 0.00295427 -0.00745775 70.4201 -0.00309093 0.999826 -0.0183808 -0.722506 0.00740215 0.0184033 0.999803 3.97339
0.999967 0.00490911 -0.00652242 70.9083 -0.00501363 0.999858 -0.0161055 -0.722968 0.00644243 0.0161376 0.999849 3.97191
0.999945 0.00857399 -0.00599091 71.407 -0.00866127 0.999854 -0.014698 -0.722927 0.00586401 0.0147491 0.999874 3.98064
0.999888 0.0135174 -0.00635798 71.8998 -0.0136065 0.999807 -0.0141756 -0.729158 0.00616514 0.0142605 0.999879 3.98252
0.99978 0.019797 -0.00699321 72.3981 -0.0198829 0.999725 -0.0124365 -0.748844 0.00674508 0.0125728 0.999898 3.99592
0.999584 0.0275258 -0.00861425 72.9066 -0.0276193 0.999559 -0.0109363 -0.760376 0.00830942 0.0111696 0.999903 3.98635
0.999271 0.036483 -0.0112136 73.4112 -0.0365865 0.999288 -0.00916607 -0.789729 0.0108712 0.00956965 0.999895 3.99441
0.998878 0.0456819 -0.0124481 73.9274 -0.0457947 0.998911 -0.00892921 -0.802326 0.0120267 0.00948926 0.999883 4.00662
0.998321 0.0564724 -0.0128918 74.4334 -0.0565843 0.998362 -0.008493 -0.834747 0.0123911 0.00920821 0.999881 4.01763
0.997626 0.0675762 -0.0132346 74.9524 -0.0676647 0.997688 -0.00635678 -0.871532 0.0127744 0.0072372 0.999892 4.03849
0.996823 0.0784695 -0.0136265 75.4722 -0.0785409 0.996899 -0.00478354 -0.914493 0.0132089 0.00583858 0.999896 4.03331
0.995916 0.0895311 -0.0116133 75.991 -0.0895862 0.99597 -0.00431608 -0.962118 0.0111801 0.00533885 0.999923 4.03809
0.994738 0.10209 -0.00864095 76.5035 -0.102143 0.994752 -0.00595941 -1.02482 0.00798721 0.00681066 0.999945 4.04619
0.993375 0.114726 -0.00661777 77.0275 -0.114759 0.993382 -0.00484937 -1.08385 0.00601762 0.00557669 0.999966 4.07456
0.991743 0.128119 -0.0055687 77.5412 -0.128141 0.991749 -0.00375103 -1.15018 0.00504217 0.00443364 0.999977 4.07102
0.989823 0.142261 -0.00347165 78.0627 -0.142272 0.989823 -0.00311348 -1.23167 0.00299339 0.00357571 0.999989 4.05984
0.987594 0.156997 -0.00318784 78.5722 -0.157008 0.987591 -0.00354527 -1.31811 0.00259169 0.0040018 0.999989 4.07744
0.985006 0.172496 -0.00299829 79.0862 -0.172506 0.985002 -0.00351362 -1.41117 0.00234724 0.00397815 0.999989 4.0873
0.98205 0.188613 -0.00149374 79.5931 -0.188617 0.982045 -0.00323486 -1.51105 0.000856787 0.00345854 0.999994 4.08838
0.978668 0.205446 -0.000319053 80.1076 -0.205446 0.978661 -0.00379334 -1.6428 -0.000467081 0.00377797 0.999993 4.08002
0.975006 0.222178 0.000327346 80.608 -0.222175 0.974999 -0.00380776 -1.76094 -0.00116516 0.00363986 0.999993 4.09539
0.971124 0.238574 0.00125341 81.1026 -0.238565 0.971114 -0.00493869 -1.89353 -0.00239545 0.00449706 0.999987 4.09759
0.966939 0.255 0.00195127 81.5934 -0.254983 0.966925 -0.00630443 -2.02949 -0.00349436 0.00559845 0.999978 4.10053
0.962271 0.272087 0.00190257 82.0769 -0.272067 0.962251 -0.00731451 -2.18015 -0.00382093 0.00652091 0.999971 4.1069
0.957349 0.288925 0.00217 82.5639 -0.288902 0.957329 -0.00760192 -2.33695 -0.00427379 0.00665078 0.999969 4.10264
0.952035 0.305987 0.000992775 83.0442 -0.305968 0.952004 -0.00851214 -2.49882 -0.00354973 0.0078001 0.999963 4.10303
0.946343 0.323162 -0.000664686 83.5224 -0.323155 0.946302 -0.00915411 -2.67411 -0.00232927 0.00887772 0.999958 4.11113
0.940343 0.340222 -0.00194018 83.9976 -0.340223 0.940285 -0.0105647 -2.85931 -0.00177004 0.0105946 0.999942 4.12142
0.933867 0.357611 -0.0024909 84.4766 -0.357616 0.933804 -0.0109747 -3.05161 -0.00159866 0.0111397 0.999937 4.12357
0.927109 0.374778 -0.00322725 84.9568 -0.374791 0.927051 -0.0103756 -3.26011 -0.000896721 0.0108289 0.999941 4.11723
0.920019 0.391859 -0.00338852 85.4276 -0.391872 0.919955 -0.0109227 -3.47484 -0.00116287 0.011377 0.999935 4.12267
0.912685 0.408649 -0.00353607 85.8972 -0.40866 0.912601 -0.0124776 -3.69436 -0.00187195 0.0128332 0.999916 4.11726
0.90487 0.42567 -0.00398502 86.3614 -0.425682 0.904761 -0.0142213 -3.92021 -0.00244807 0.0145647 0.999891 4.12617
0.89658 0.442861 -0.0043191 86.8293 -0.442872 0.896453 -0.0153696 -4.16925 -0.00293473 0.0156929 0.999873 4.1302
0.888057 0.459717 -0.00393994 87.2916 -0.459718 0.88792 -0.0160401 -4.41625 -0.00387555 0.0160558 0.999864 4.12494
0.87916 0.476514 -0.00356246 87.7469 -0.476505 0.879019 -0.0163926 -4.67345 -0.00467985 0.0161093 0.999859 4.11883
0.870056 0.492938 -0.00388657 88.1988 -0.492928 0.869903 -0.0170663 -4.94562 -0.00503171 0.0167645 0.999847 4.11967
0.861019 0.508553 -0.00456993 88.6575 -0.508538 0.860817 -0.019592 -5.22915 -0.00602969 0.019193 0.999798 4.12383
0.852238 0.523125 -0.00547848 89.1036 -0.523111 0.851989 -0.0216588 -5.51792 -0.00666266 0.0213243 0.99975 4.11982
0.844077 0.536179 -0.00676266 89.5517 -0.536184 0.843801 -0.0225131 -5.81615 -0.00636473 0.0226289 0.999724 4.1371
0.836684 0.547632 -0.00763772 89.9936 -0.547645 0.836372 -0.0237989 -6.11665 -0.00664507 0.0240949 0.999688 4.12289
0.830525 0.556914 -0.00865904 90.4335 -0.556931 0.83014 -0.0263729 -6.42725 -0.00749925 0.0267259 0.999615 4.12085
0.825211 0.564738 -0.0098382 90.8764 -0.564758 0.824725 -0.029601 -6.74052 -0.00860299 0.0299833 0.999513 4.12845
0.821164 0.570592 -0.0107421 91.3241 -0.570612 0.820585 -0.03229 -7.05556 -0.00960962 0.0326449 0.999421 4.12181
0.818418 0.574494 -0.0121443 91.7646 -0.574554 0.817813 -0.0327077 -7.36622 -0.00885864 0.0337461 0.999391 4.11924
0.816285 0.577496 -0.013325 92.1985 -0.577607 0.815727 -0.0309875 -7.68435 -0.00702559 0.0329912 0.999431 4.12276
0.814514 0.579965 -0.0143803 92.6547 -0.580118 0.813993 -0.0296372 -8.00422 -0.00548315 0.0324822 0.999457 4.11839
0.813275 0.58174 -0.0127579 93.1098 -0.581854 0.812832 -0.027402 -8.33131 -0.0055708 0.0297086 0.999543 4.13068
0.813244 0.581839 -0.00991206 93.5728 -0.581886 0.812883 -0.0250893 -8.64987 -0.00654061 0.0261715 0.999636 4.11751
0.813993 0.580843 -0.00605268 94.0341 -0.580814 0.813712 -0.0229964 -8.96448 -0.0084322 0.0222344 0.999717 4.10875
0.814943 0.579517 -0.00528923 94.497 -0.579478 0.814686 -0.0221643 -9.28658 -0.00853553 0.0211276 0.99974 4.0971
0.816681 0.577042 -0.00737677 94.971 -0.577048 0.816405 -0.0223157 -9.6136 -0.00685467 0.0224816 0.999724 4.09391
0.818804 0.573986 -0.00999903 95.4199 -0.574064 0.818569 -0.0198741 -9.93397 -0.00322258 0.0220131 0.999752 4.12795
0.820938 0.570925 -0.010278 95.8812 -0.571017 0.820784 -0.0159261 -10.2469 -0.000656649 0.0189433 0.99982 4.14953
0.823226 0.567672 -0.00688623 96.362 -0.567713 0.823175 -0.00919196 -10.5579 0.000450557 0.0114765 0.999934 4.12286
0.825853 0.563866 -0.00458993 96.8419 -0.563885 0.82582 -0.0074658 -10.8675 -0.00041926 0.00875385 0.999962 4.09785
0.82856 0.559892 -0.00307747 97.3028 -0.55989 0.8285 -0.0104974 -11.1897 -0.00332771 0.0104207 0.99994 4.11252
0.830934 0.556369 -0.0015937 97.7724 -0.55633 0.830835 -0.0145003 -11.4998 -0.00674344 0.0129354 0.999894 4.12894
0.832901 0.553422 -0.000695588 98.2461 -0.553368 0.832801 -0.0150265 -11.8067 -0.00773673 0.0129005 0.999887 4.15224
0.83501 0.550235 -0.000260929 98.7174 -0.550193 0.834941 -0.0126871 -12.1108 -0.006763 0.0107374 0.999919 4.1427
0.836767 0.547557 0.00106456 99.1841 -0.54752 0.83673 -0.010285 -12.412 -0.00652238 0.0080233 0.999947 4.127
0.838258 0.545271 0.00186785 99.6551 -0.545224 0.838222 -0.010672 -12.7116 -0.0073848 0.00792747 0.999941 4.13388
0.839885 0.542747 0.00431652 100.127 -0.542686 0.839872 -0.0102844 -13.0039 -0.00920714 0.00629518 0.999938 4.14553
0.841122 0.540811 0.00609945 100.594 -0.540741 0.841127 -0.0102096 -13.2955 -0.0106519 0.00528927 0.999929 4.1368
0.842125 0.539219 0.00831825 101.067 -0.539127 0.842152 -0.0110753 -13.598 -0.0129773 0.00484221 0.999904 4.12987
0.84307 0.537737 0.00845523 101.522 -0.537629 0.843093 -0.0121934 -13.8988 -0.0136854 0.00573412 0.99989 4.12596
0.843844 0.536527 0.00816866 101.978 -0.536401 0.843853 -0.0136173 -14.1967 -0.0141992 0.00710924 0.999874 4.1438
0.844044 0.536162 0.0109222 102.445 -0.536029 0.844099 -0.0130104 -14.4829 -0.0161951 0.00512677 0.999856 4.1425
0.843336 0.53721 0.0137966 102.913 -0.537062 0.843441 -0.0131378 -14.7744 -0.0186944 0.00366998 0.999819 4.12005
0.842358 0.538662 0.016647 103.389 -0.538504 0.842519 -0.013221 -15.0676 -0.0211471 0.00217235 0.999774 4.09695
0.841359 0.540219 0.0167047 103.854 -0.539983 0.841509 -0.0167422 -15.3692 -0.0231016 0.00506596 0.99972 4.08603
0.840579 0.541496 0.0144405 104.316 -0.541202 0.840655 -0.0199975 -15.6733 -0.0229681 0.00899427 0.999696 4.11102
0.839245 0.54359 0.0133241 104.772 -0.543339 0.83931 -0.0184812 -15.9738 -0.0212292 0.00827075 0.99974 4.12393
0.838012 0.545504 0.0127193 105.252 -0.545345 0.838095 -0.0140023 -16.2739 -0.0182983 0.00479764 0.999821 4.10962
0.836921 0.547164 0.0131927 105.726 -0.547052 0.837022 -0.0113315 -16.5785 -0.0172428 0.00226646 0.999849 4.05664
0.835748 0.548945 0.0135916 106.201 -0.548807 0.835852 -0.0126979 -16.8848 -0.018331 0.00315304 0.999827 4.02887
0.834483 0.550931 0.0106363 106.675 -0.55065 0.834467 -0.0212226 -17.2161 -0.0205678 0.011853 0.999718 4.04301
0.833205 0.552829 0.012235 107.136 -0.552516 0.833216 -0.0218348 -17.5301 -0.0222654 0.0114328 0.999687 4.13557
0.831044 0.55612 0.0098253 107.612 -0.555983 0.831081 -0.0137115 -17.8335 -0.0157909 0.00593216 0.999858 4.06316
0.828455 0.560024 0.00598495 108.095 -0.559978 0.828471 -0.0077713 -18.1556 -0.00931047 0.00308673 0.999952 4.02627
0.825816 0.563928 0.00348276 108.573 -0.563891 0.825811 -0.00801388 -18.4791 -0.00739535 0.0046541 0.999962 3.99224
0.82337 0.567504 0.00143261 109.039 -0.567432 0.823301 -0.0140105 -18.8181 -0.00913046 0.0107229 0.999901 4.04025
0.820253 0.571981 0.00482452 109.504 -0.571857 0.820206 -0.0155547 -19.155 -0.0128541 0.00999985 0.999867 4.09589
0.81675 0.576957 0.00631526 110.002 -0.576794 0.816708 -0.017223 -19.4854 -0.0150946 0.0104243 0.999832 4.03389
0.814509 0.58013 0.00503021 110.471 -0.579986 0.814453 -0.0168238 -19.818 -0.0138569 0.0107857 0.999846 4.04631
0.812019 0.58362 0.00359877 110.915 -0.583504 0.811955 -0.0158906 -20.1516 -0.0121961 0.0108035 0.999867 4.05151
0.80935 0.587312 0.00428278 111.389 -0.587215 0.809316 -0.0136412 -20.4878 -0.0114778 0.0085256 0.999898 4.04101
0.807067 0.590451 0.00321532 111.862 -0.59038 0.807035 -0.0121097 -20.829 -0.00974505 0.00787507 0.999922 4.01242
0.805402 0.592725 0.00215548 112.32 -0.592657 0.805355 -0.0126831 -21.1683 -0.00925353 0.00893754 0.999917 4.04006
0.803688 0.595044 0.00288543 112.781 -0.594967 0.803647 -0.0128679 -21.5059 -0.00997586 0.00862507 0.999913 4.03365
0.801951 0.597377 0.00383713 113.254 -0.5973 0.801926 -0.0121817 -21.8589 -0.0103542 0.0074772 0.999918 4.03631
0.800689 0.599061 0.00470553 113.72 -0.598986 0.800678 -0.0113674 -22.2023 -0.0105774 0.00628319 0.999924 4.01427
0.7997 0.600393 0.00292912 114.18 -0.600327 0.799669 -0.0116538 -22.5445 -0.00933917 0.00756109 0.999928 4.00439
0.799174 0.601099 0.00117948 114.636 -0.601046 0.799127 -0.0118197 -22.893 -0.00804737 0.00873709 0.999929 4.03054
0.79903 0.601291 -0.000110553 115.103 -0.601249 0.798972 -0.0119866 -23.2369 -0.00711911 0.00964412 0.999928 4.0288
0.799667 0.600443 -0.000446425 115.562 -0.600403 0.799605 -0.0121803 -23.5869 -0.00695662 0.0100082 0.999926 4.02155
0.800633 0.599153 -0.00154729 116.014 -0.599118 0.800553 -0.0131813 -23.9321 -0.00665892 0.0114804 0.999912 4.00993
0.802367 0.596818 -0.00394817 116.495 -0.596808 0.802261 -0.014059 -24.2748 -0.0052232 0.0136368 0.999893 4.0279
0.805066 0.593156 -0.00594239 116.958 -0.593172 0.804941 -0.014713 -24.6191 -0.00394383 0.0153698 0.999874 4.02473
0.808263 0.588779 -0.00700116 117.421 -0.588811 0.808122 -0.0155287 -24.9633 -0.00348516 0.0166736 0.999855 4.03485
0.812154 0.58339 -0.0078558 117.899 -0.583433 0.811991 -0.0166436 -25.3002 -0.00333087 0.0181005 0.999831 4.02129
0.81688 0.576738 -0.00891851 118.378 -0.576797 0.816673 -0.0187352 -25.6363 -0.00352178 0.0204485 0.999785 4.03443
0.821937 0.569509 -0.0088354 118.859 -0.569563 0.821705 -0.0199786 -25.9613 -0.00411791 0.0214535 0.999761 4.03269
0.827508 0.561363 -0.0100981 119.356 -0.561444 0.827257 -0.0206485 -26.2945 -0.00323755 0.0227563 0.999736 4.02266
0.834161 0.551412 -0.0109307 119.857 -0.551517 0.833917 -0.0202863 -26.618 -0.00207079 0.0229505 0.999734 4.04186
0.841092 0.540773 -0.0113326 120.352 -0.540889 0.840838 -0.0207701 -26.9415 -0.00170299 0.0235993 0.99972 4.03139
0.848037 0.52981 -0.0115747 120.861 -0.529935 0.847779 -0.0209737 -27.2534 -0.00129926 0.0239203 0.999713 4.04811
0.855513 0.517638 -0.0121562 121.396 -0.51778 0.85526 -0.0208239 -27.554 -0.000382503 0.0241094 0.999709 4.04256
0.862919 0.50519 -0.0124258 121.909 -0.505342 0.862668 -0.020794 -27.8584 0.000214377 0.0242228 0.999707 4.05653
0.870123 0.492684 -0.0122061 122.448 -0.492835 0.869853 -0.021662 -28.1515 -5.50241e-05 0.0248642 0.999691 4.04045
0.877366 0.479649 -0.0128554 122.998 -0.479821 0.877045 -0.0237506 -28.444 -0.000117174 0.0270063 0.999635 4.05635
0.885004 0.465402 -0.0129819 123.553 -0.465583 0.88465 -0.0250411 -28.7281 -0.000169698 0.0282056 0.999602 4.06935
0.892861 0.450126 -0.0136236 124.109 -0.450332 0.892495 -0.0255671 -29.0019 0.000650566 0.028963 0.99958 4.06554
0.900608 0.434367 -0.0151868 124.666 -0.434627 0.900224 -0.0263777 -29.267 0.00221392 0.0303565 0.999537 4.06153
0.908237 0.418164 -0.0156637 125.233 -0.418448 0.907823 -0.0275349 -29.5248 0.00270578 0.0315627 0.999498 4.07502
0.91539 0.402255 -0.0159012 125.81 -0.402556 0.914962 -0.0281623 -29.7715 0.00322058 0.0321806 0.999477 4.08625
0.922139 0.386534 -0.0158728 126.413 -0.386844 0.921698 -0.0287117 -30.0171 0.00353185 0.0326164 0.999462 4.09122
0.928704 0.370487 -0.0157777 127.015 -0.370801 0.928269 -0.0287012 -30.2396 0.00401251 0.0325053 0.999464 4.09126
0.935008 0.354168 -0.0180124 127.613 -0.354572 0.934541 -0.0301932 -30.4616 0.00613983 0.0346176 0.999382 4.08486
0.940958 0.337999 -0.01885 128.215 -0.338446 0.940475 -0.0309958 -30.6809 0.00725143 0.0355454 0.999342 4.13766
0.94657 0.321945 -0.0189022 128.835 -0.322406 0.946081 -0.0313817 -30.8766 0.00777984 0.0357991 0.999329 4.09349
0.951884 0.305897 -0.0185337 129.472 -0.306389 0.951213 -0.036329 -31.086 0.00651652 0.0402595 0.999168 4.09806
0.956939 0.289714 -0.0182827 130.096 -0.290239 0.95605 -0.0415877 -31.2746 0.00543059 0.0451032 0.998968 4.14198
0.961869 0.273049 -0.0159145 130.73 -0.273496 0.960811 -0.0451886 -31.4483 0.00295209 0.0478181 0.998852 4.19414
0.966466 0.25632 -0.0155858 131.368 -0.256753 0.965611 -0.040917 -31.603 0.00456196 0.0435466 0.999041 4.18072
0.970544 0.240444 -0.0151798 132.023 -0.240848 0.969884 -0.0362904 -31.7554 0.00599684 0.0388775 0.999226 4.1375
0.974069 0.225676 -0.0161245 132.663 -0.226148 0.973302 -0.0392524 -31.9068 0.00683564 0.0418811 0.999099 4.12861
0.977085 0.212255 -0.0158677 133.312 -0.212757 0.976125 -0.0437532 -32.0516 0.00620203 0.0461266 0.998916 4.21516
0.979892 0.199014 -0.0143145 133.991 -0.199439 0.979076 -0.0404239 -32.1643 0.00597009 0.042466 0.99908 4.22266
0.98256 0.185371 -0.0146207 134.668 -0.185793 0.981901 -0.0367566 -32.2918 0.00754247 0.038832 0.999217 4.17372
0.985177 0.17103 -0.0132609 135.334 -0.171391 0.984611 -0.0341406 -32.4008 0.00721774 0.0359073 0.999329 4.19786
0.987731 0.155653 -0.0126445 136.003 -0.156021 0.987062 -0.0369566 -32.5014 0.0067285 0.038476 0.999237 4.19952
0.990159 0.139444 -0.0118712 136.677 -0.139786 0.989527 -0.035995 -32.5838 0.00672762 0.0373002 0.999281 4.24769
0.992411 0.122251 -0.013202 137.36 -0.122655 0.991794 -0.0360731 -32.6657 0.00868363 0.0374187 0.999262 4.23831
0.99443 0.10466 -0.0124353 138.019 -0.105029 0.993882 -0.0341566 -32.7232 0.00878439 0.0352724 0.999339 4.27205
0.996085 0.0875516 -0.012225 138.696 -0.0879266 0.995528 -0.0345455 -32.7732 0.00914577 0.0354852 0.999328 4.25205
0.997428 0.0705356 -0.0127131 139.374 -0.070938 0.99688 -0.0346119 -32.8142 0.010232 0.0354247 0.99932 4.27312
0.998472 0.0534736 -0.0139512 140.056 -0.0539258 0.997954 -0.0343453 -32.8396 0.0120861 0.0350451 0.999313 4.29542
0.999241 0.0368962 -0.012468 140.731 -0.0372914 0.998756 -0.0331152 -32.8552 0.0112307 0.033555 0.999374 4.29792
0.999712 0.021256 -0.0110986 141.409 -0.0216021 0.999253 -0.0320516 -32.8628 0.010409 0.0322821 0.999425 4.31034
0.999933 0.00627551 -0.00971693 142.096 -0.00658336 0.999467 -0.0319808 -32.8609 0.00951106 0.0320426 0.999441 4.32893
0.999931 -0.00696342 -0.00947152 142.774 0.00665097 0.999445 -0.032629 -32.8546 0.00969348 0.0325637 0.999423 4.33938
0.999772 -0.0187513 -0.0101849 143.453 0.0184271 0.999348 -0.0310474 -32.8306 0.0107604 0.0308527 0.999466 4.36576
0.999544 -0.0282623 -0.0106267 144.141 0.0279527 0.99921 -0.0282364 -32.8107 0.0114163 0.0279265 0.999545 4.36807
0.999355 -0.0342845 -0.0107206 144.82 0.0339983 0.999088 -0.0258274 -32.777 0.0115963 0.0254463 0.999609 4.38675
0.999247 -0.0376325 -0.00948603 145.514 0.0373815 0.998979 -0.025378 -32.7419 0.0104314 0.0250043 0.999633 4.3911
0.999226 -0.0384714 -0.00814929 146.216 0.0382499 0.998935 -0.0257879 -32.7131 0.00913271 0.0254563 0.999634 4.41141
0.999262 -0.0377511 -0.00704623 146.915 0.0375596 0.998967 -0.0255745 -32.6871 0.00800441 0.0252909 0.999648 4.42646
0.999355 -0.035269 -0.00680581 147.598 0.035093 0.999085 -0.0244513 -32.653 0.00766195 0.0241967 0.999678 4.43762
0.999499 -0.0309899 -0.00646201 148.289 0.0308268 0.999237 -0.0239688 -32.628 0.00719987 0.0237576 0.999692 4.43576
