1 0 0 0 0 1 0 0 0 0 1 0
0.999986 0.00527214 0.000196509 0.128019 -0.00527203 0.999986 -0.000526601 -0.0206937 -0.000199282 0.000525557 1 -0.00702802
0.999941 0.0109019 0.000231631 0.282358 -0.0109016 0.99994 -0.00102712 -0.0558034 -0.000242815 0.00102453 0.999999 -0.00126988
0.99986 0.0167207 0.000401635 0.407734 -0.0167204 0.99986 -0.000842594 -0.0613735 -0.000415668 0.00083576 1 -0.00572375
0.999776 0.0211831 0.000299429 0.531657 -0.021183 0.999776 -0.000439291 -0.0676612 -0.000308667 0.000432849 1 -0.00398029
0.999664 0.025902 0.000455263 0.643587 -0.0259017 0.999664 -0.000669765 -0.0789843 -0.000472458 0.000657748 1 -0.00242035
0.999538 0.0303964 0.000444133 0.768696 -0.0303959 0.999537 -0.00105895 -0.0939164 -0.000476116 0.00104496 0.999999 -0.00182818
0.999406 0.0344705 0.000582642 0.884937 -0.0344696 0.999405 -0.00143061 -0.110534 -0.000631609 0.00140968 0.999999 -0.0016803
0.999276 0.0380386 0.000649246 0.964761 -0.0380372 0.999274 -0.00212252 -0.118293 -0.000729513 0.00209629 0.999998 0.00487619
0.999099 0.0424273 0.0006036 1.05056 -0.0424255 0.999096 -0.00280261 -0.118541 -0.000721961 0.00277447 0.999996 0.00581109
0.998889 0.0471179 0.000977802 1.14188 -0.0471152 0.998886 -0.00259173 -0.137354 -0.00109883 0.00254278 0.999996 0.011162
0.998667 0.0516033 0.00100324 1.25506 -0.051601 0.998665 -0.00216491 -0.133057 -0.00111361 0.00211026 0.999997 0.00911527
0.998437 0.0558618 0.00150129 1.35881 -0.0558597 0.998438 -0.00142861 -0.124265 -0.00157875 0.00134252 0.999998 0.0144424
0.99812 0.0612573 0.00187412 1.47757 -0.0612565 0.998122 -0.000459987 -0.137531 -0.00189878 0.000344321 0.999998 0.0116851
0.997765 0.0665466 0.0060576 1.5893 -0.0665559 0.997782 0.00134179 -0.151437 -0.00595488 -0.00174197 0.999981 0.00189504
0.997324 0.0728348 0.0063033 1.72724 -0.0728387 0.997344 0.000394685 -0.157338 -0.00625781 -0.000852754 0.99998 -0.0198743
0.996733 0.0799619 0.0113451 1.84912 -0.0800096 0.996787 0.00381115 -0.184484 -0.0110039 -0.00470641 0.999928 -0.00306846
0.996064 0.0879545 0.0110224 2.02284 -0.0879914 0.996117 0.00290313 -0.188933 -0.0107242 -0.00386157 0.999935 -0.0273734
0.995267 0.0963225 0.0128478 2.18598 -0.096391 0.995332 0.00481986 -0.213674 -0.0123236 -0.00603546 0.999906 -0.00464457
0.994244 0.10627 0.0136009 2.34832 -0.10635 0.994315 0.00530035 -0.241481 -0.0129603 -0.0067163 0.999893 -0.0106797
0.992917 0.117725 0.0160037 2.52415 -0.117847 0.993008 0.00688967 -0.264861 -0.0150807 -0.00872685 0.999848 -0.00355592
0.991378 0.129867 0.0174313 2.73009 -0.130006 0.991488 0.00712329 -0.299214 -0.0163578 -0.00932805 0.999823 -0.0260892
0.989595 0.142636 0.0189136 2.93244 -0.142819 0.989711 0.00871099 -0.335101 -0.0174765 -0.0113216 0.999783 -0.0114862
0.987393 0.156856 0.0212626 3.13226 -0.15707 0.987548 0.00877762 -0.379116 -0.019621 -0.0120067 0.999735 -0.0237944
0.984794 0.172038 0.0241513 3.36155 -0.172252 0.985028 0.00706589 -0.435495 -0.0225741 -0.0111186 0.999683 -0.0240813
0.981936 0.187202 0.0275103 3.59363 -0.18747 0.982242 0.00747706 -0.487795 -0.0256221 -0.0124994 0.999594 -0.0195346
0.978592 0.203679 0.0295224 3.82459 -0.203874 0.97899 0.00372179 -0.546701 -0.0281441 -0.00966096 0.999557 -0.0287919
0.97467 0.221531 0.0307089 4.08027 -0.221683 0.975117 0.00160744 -0.634443 -0.0295887 -0.00837438 0.999527 -0.0226945
0.970141 0.240534 0.031148 4.33317 -0.24062 0.970619 -0.00102336 -0.694369 -0.030479 -0.00650204 0.999514 -0.0179293
0.965067 0.259821 0.0337535 4.5904 -0.260123 0.965564 0.00479303 -0.790323 -0.0313459 -0.0134057 0.999419 -0.0239487
0.959514 0.279619 0.0338423 4.87154 -0.280019 0.959964 0.00762011 -0.873434 -0.0303567 -0.0167881 0.999398 -0.0823292
0.952694 0.301878 0.0352676 5.13067 -0.302366 0.953147 0.0092976 -0.975571 -0.0308085 -0.0195215 0.999335 -0.0602693
0.944905 0.325317 0.0363712 5.44401 -0.325804 0.945402 0.00819199 -1.10484 -0.0317204 -0.0195905 0.999305 -0.0720524
0.936622 0.348045 0.0400494 5.73486 -0.348612 0.937233 0.00796678 -1.22051 -0.0347629 -0.0214236 0.999166 -0.0625675
0.927789 0.371031 0.0393034 6.03354 -0.371507 0.928415 0.00533977 -1.34797 -0.0345087 -0.0195557 0.999213 -0.0778198
0.917517 0.395634 0.0404477 6.35214 -0.396209 0.918133 0.00702265 -1.52231 -0.034358 -0.0224692 0.999157 -0.0814041
0.906395 0.420567 0.0396424 6.65528 -0.421144 0.906965 0.0071606 -1.67698 -0.0329428 -0.0231855 0.999188 -0.103154
0.894293 0.445811 0.038644 6.97089 -0.446404 0.894796 0.00791608 -1.84673 -0.0310494 -0.0243301 0.999222 -0.11184
0.880673 0.472244 0.0374335 7.27452 -0.472861 0.881088 0.00928246 -2.0446 -0.0285986 -0.0258756 0.999256 -0.120284
0.865976 0.49857 0.0388974 7.60741 -0.499327 0.866325 0.0123799 -2.24486 -0.0275256 -0.0301431 0.999167 -0.117731
0.850157 0.525036 0.0396328 7.9411 -0.525874 0.850444 0.0141849 -2.46072 -0.0262579 -0.0329012 0.999114 -0.155197
0.833657 0.550867 0.0395241 8.2801 -0.551719 0.833903 0.0145401 -2.70546 -0.0249496 -0.0339276 0.999113 -0.167685
0.816724 0.575754 0.0383204 8.61402 -0.576461 0.817063 0.00998733 -2.96139 -0.02556 -0.0302471 0.999216 -0.183454
0.799717 0.599239 0.0369552 8.95807 -0.599761 0.800169 0.0039516 -3.2644 -0.0272025 -0.0253245 0.999309 -0.19716
0.784203 0.619523 0.0348793 9.31364 -0.619758 0.784778 -0.00493152 -3.56821 -0.0304277 -0.0177494 0.999379 -0.1999
0.770339 0.636709 0.0343347 9.67319 -0.636761 0.770986 -0.0108214 -3.87212 -0.0333616 -0.0135269 0.999352 -0.166268
0.758837 0.650339 0.0349955 10.038 -0.65056 0.759429 -0.00620134 -4.19915 -0.0306096 -0.0180609 0.999368 -0.174409
0.750058 0.660432 0.035258 10.409 -0.660947 0.750422 0.00413716 -4.52039 -0.0237261 -0.0264068 0.99937 -0.22906
0.742054 0.669532 0.0328971 10.7795 -0.670131 0.742155 0.0114494 -4.86974 -0.016749 -0.0305414 0.999393 -0.270945
0.733342 0.679379 0.0255595 11.1507 -0.679774 0.733329 0.011669 -5.24877 -0.0108158 -0.0259321 0.999605 -0.281074
0.724094 0.689446 0.0187665 11.5501 -0.689678 0.724024 0.0115261 -5.65634 -0.00564076 -0.0212888 0.999757 -0.253577
0.713906 0.699968 0.0195777 11.9409 -0.700207 0.713868 0.0101179 -6.06247 -0.00689364 -0.0209317 0.999757 -0.263028
0.704058 0.709739 0.023913 12.3718 -0.710041 0.704127 0.00685717 -6.48945 -0.011971 -0.0218071 0.999691 -0.270213
0.695036 0.718469 0.0269479 12.806 -0.718828 0.695164 0.00583623 -6.9355 -0.0145401 -0.0234273 0.99962 -0.276907
0.68707 0.726113 0.0263682 13.2201 -0.726451 0.687198 0.00528743 -7.38702 -0.0142809 -0.022788 0.999638 -0.291877
0.679863 0.732895 0.0255281 13.6651 -0.733213 0.679979 0.00514452 -7.8645 -0.0135882 -0.0222151 0.999661 -0.296072
0.674196 0.738211 0.0224659 14.1033 -0.73844 0.674313 0.00301938 -8.34295 -0.0129201 -0.0186254 0.999743 -0.308685
0.670952 0.741196 0.0212645 14.5544 -0.741389 0.671072 0.00188524 -8.85355 -0.0128727 -0.0170302 0.999772 -0.306413
0.668052 0.743816 0.0210818 15.0039 -0.743995 0.668184 0.000991251 -9.36657 -0.0133492 -0.016347 0.999777 -0.30987
0.665648 0.745919 0.022759 15.4815 -0.746144 0.66578 0.00226098 -9.89804 -0.013466 -0.0184865 0.999738 -0.329419
0.663369 0.747968 0.0220278 15.9604 -0.748168 0.663508 0.00133091 -10.4378 -0.0136201 -0.0173634 0.999756 -0.353892
0.661649 0.749552 0.0198265 16.4443 -0.749661 0.661816 -0.00265792 -11.0072 -0.0151137 -0.0131045 0.9998 -0.35496
0.66024 0.750829 0.0184331 16.9387 -0.750884 0.660414 -0.00512389 -11.5794 -0.0160206 -0.0104581 0.999817 -0.359377
0.659014 0.751887 0.0191167 17.4572 -0.751951 0.659199 -0.00506161 -12.161 -0.0164074 -0.0110391 0.999804 -0.36627
0.658295 0.752547 0.0178965 17.968 -0.752605 0.658456 -0.00466855 -12.751 -0.0152974 -0.0103957 0.999829 -0.385422
0.65798 0.752857 0.0163931 18.4945 -0.752891 0.658124 -0.00527951 -13.3599 -0.0147634 -0.00886842 0.999852 -0.39678
0.657651 0.753174 0.0149696 19.029 -0.753166 0.657789 -0.00731591 -13.9747 -0.015357 -0.00646327 0.999861 -0.409936
0.657612 0.753212 0.0147458 19.5675 -0.7532 0.657749 -0.00752757 -14.5964 -0.0153689 -0.00615632 0.999863 -0.410077
0.657856 0.752974 0.015982 20.1223 -0.752986 0.658005 -0.00648992 -15.2244 -0.015403 -0.00776482 0.999851 -0.429544
0.657733 0.75305 0.0174033 20.6725 -0.753086 0.657897 -0.00571337 -15.8619 -0.015752 -0.00934832 0.999832 -0.440941
0.65787 0.752924 0.0177029 21.2452 -0.752956 0.658042 -0.00616708 -16.5061 -0.0162926 -0.00927236 0.999824 -0.452826
0.65788 0.752916 0.0176694 21.8215 -0.752926 0.658063 -0.00742078 -17.1679 -0.0172148 -0.00842178 0.999816 -0.46427
0.657708 0.753032 0.0190666 22.3826 -0.753044 0.657921 -0.00805316 -17.8177 -0.0186086 -0.00906134 0.999786 -0.482974
0.657613 0.753104 0.0194626 22.9555 -0.753111 0.657839 -0.00849471 -18.4665 -0.0192007 -0.0090713 0.999774 -0.488974
0.657685 0.753038 0.0196104 23.5267 -0.753046 0.657913 -0.00846311 -19.1184 -0.019275 -0.00920149 0.999772 -0.495775
0.657752 0.752989 0.0192414 24.1098 -0.752999 0.65797 -0.00820452 -19.7737 -0.0188381 -0.00909219 0.999781 -0.516837
0.657654 0.753077 0.019143 24.6814 -0.753096 0.657866 -0.00766908 -20.4367 -0.018369 -0.00937296 0.999787 -0.525868
0.657697 0.753039 0.0191644 25.2791 -0.753063 0.657907 -0.00741148 -21.119 -0.0181895 -0.00955753 0.999789 -0.540559
0.657606 0.753122 0.0189926 25.8654 -0.753148 0.657811 -0.00723033 -21.7882 -0.0179389 -0.00954955 0.999793 -0.547806
0.657649 0.753062 0.0198975 26.4629 -0.753116 0.657859 -0.00616957 -22.4582 -0.0177358 -0.0109277 0.999783 -0.565087
0.657756 0.752921 0.021607 27.0539 -0.753019 0.657981 -0.00481016 -23.1379 -0.0178386 -0.0131065 0.999755 -0.571591
0.657909 0.752691 0.0247508 27.6565 -0.752859 0.658173 -0.00357816 -23.8362 -0.0189836 -0.0162798 0.999687 -0.588446
0.657851 0.752624 0.0280973 28.2636 -0.752815 0.658212 -0.00519207 -24.528 -0.0224017 -0.0177365 0.999592 -0.59412
0.658149 0.75235 0.0284668 28.8768 -0.752479 0.658567 -0.00805561 -25.2225 -0.0248079 -0.0161189 0.999562 -0.60324
0.658299 0.752309 0.0259576 29.5062 -0.752344 0.658688 -0.0104255 -25.9242 -0.0249412 -0.0126659 0.999609 -0.622578
0.65892 0.751706 0.0276098 30.1071 -0.751819 0.659319 -0.00818551 -26.6083 -0.0243567 -0.0153639 0.999585 -0.643574
0.6595 0.751183 0.0279917 30.7135 -0.751349 0.659876 -0.0061974 -27.3085 -0.0231264 -0.0169443 0.999589 -0.670826
0.660101 0.750671 0.0275589 31.3452 -0.75084 0.66046 -0.00572867 -28.0222 -0.0225019 -0.0169108 0.999604 -0.681906
0.660767 0.750051 0.0284778 31.9717 -0.750241 0.661142 -0.00544267 -28.7331 -0.0229101 -0.0177689 0.99958 -0.689024
0.661418 0.749499 0.0278758 32.5824 -0.749636 0.66181 -0.00727938 -29.4251 -0.0239044 -0.016082 0.999585 -0.710586
0.662207 0.748898 0.0251712 33.2116 -0.748948 0.662563 -0.00932558 -30.1333 -0.0236614 -0.0126764 0.99964 -0.717482
0.662825 0.748417 0.0231033 33.8234 -0.748423 0.663144 -0.0101726 -30.8372 -0.0229342 -0.0105484 0.999681 -0.729832
0.663441 0.747818 0.0247897 34.4418 -0.747908 0.663762 -0.00727694 -31.5334 -0.0218963 -0.0137126 0.999666 -0.74677
0.663727 0.74763 0.0227244 35.0696 -0.747666 0.66402 -0.00856618 -32.2352 -0.0214938 -0.0113047 0.999705 -0.767346
0.663615 0.747739 0.0223943 35.6831 -0.747729 0.663921 -0.0105265 -32.9317 -0.0227391 -0.0097593 0.999694 -0.777387
0.663579 0.747774 0.0222957 36.2947 -0.747716 0.663901 -0.0125273 -33.6148 -0.0241697 -0.008358 0.999673 -0.789651
0.66346 0.747895 0.0217825 36.9084 -0.747792 0.663782 -0.0141887 -34.3086 -0.0250705 -0.00687511 0.999662 -0.791824
0.663433 0.747965 0.0201197 37.5018 -0.747842 0.663717 -0.0145885 -34.983 -0.0242655 -0.00536783 0.999691 -0.795387
0.663212 0.748119 0.0216377 38.0978 -0.748028 0.663527 -0.0136398 -35.6449 -0.0245614 -0.0071395 0.999673 -0.800889
0.662426 0.7487 0.0253119 38.6797 -0.748735 0.662794 -0.00998745 -36.2935 -0.0242542 -0.012336 0.99963 -0.821884
0.661385 0.749599 0.0259116 39.2577 -0.749689 0.661742 -0.00804558 -36.9488 -0.0231778 -0.0141044 0.999632 -0.832823
0.66053 0.750262 0.0284072 39.8247 -0.750439 0.660913 -0.0060011 -37.5853 -0.0232771 -0.017354 0.999578 -0.823058
0.658826 0.751724 0.0292973 40.3653 -0.751837 0.659285 -0.00922933 -38.2205 -0.0262532 -0.0159462 0.999528 -0.847962
0.65751 0.752743 0.032536 40.9139 -0.752809 0.658117 -0.0127006 -38.8513 -0.0309728 -0.0161426 0.99939 -0.850194
0.655918 0.754228 0.0301832 41.4477 -0.754116 0.656513 -0.0172946 -39.4369 -0.0328597 -0.0114179 0.999395 -0.871263
0.653612 0.756322 0.0277212 41.9667 -0.756195 0.654126 -0.0169908 -40.0377 -0.0309837 -0.00985719 0.999471 -0.871874
0.650955 0.758743 0.0238173 42.4562 -0.758648 0.651335 -0.0146793 -40.6132 -0.0266509 -0.00851341 0.999609 -0.883964
0.647673 0.761485 0.0256956 42.9275 -0.761532 0.64805 -0.010017 -41.1813 -0.0242798 -0.0130802 0.99962 -0.86827
0.643283 0.765102 0.0283923 43.3999 -0.765147 0.643751 -0.0115764 -41.7507 -0.0271347 -0.0142774 0.99953 -0.884551
0.637032 0.770218 0.0309006 43.8634 -0.770205 0.637621 -0.0149549 -42.3083 -0.0312214 -0.0142731 0.999411 -0.899422
0.629081 0.776784 0.0293873 44.3148 -0.776589 0.629685 -0.020155 -42.8562 -0.0341608 -0.0101427 0.999365 -0.914579
0.61878 0.784941 0.0312663 44.7346 -0.78484 0.619429 -0.0182723 -43.3793 -0.0337099 -0.0132326 0.999344 -0.938179
0.605946 0.794945 0.0298619 45.1291 -0.794934 0.606507 -0.0151652 -43.9228 -0.030167 -0.0145489 0.999439 -0.962269
0.591564 0.80568 0.0305116 45.5271 -0.805791 0.592086 -0.0116089 -44.4584 -0.0274185 -0.0177186 0.999467 -0.933966
0.574916 0.81763 0.0308522 45.8901 -0.817743 0.575455 -0.0121868 -44.992 -0.0277184 -0.0182228 0.99945 -0.963877
0.555682 0.830803 0.0313614 46.2384 -0.830913 0.556248 -0.0130672 -45.5319 -0.028301 -0.0187974 0.999423 -0.957422
0.534386 0.844626 0.0322251 46.562 -0.84472 0.535006 -0.0147067 -46.0662 -0.0296623 -0.0193621 0.999372 -0.97816
0.510813 0.859047 0.0332967 46.8771 -0.859137 0.511492 -0.0161273 -46.5845 -0.0308851 -0.0203684 0.999315 -0.992208
0.483388 0.874721 0.0346377 47.1591 -0.874923 0.484058 -0.0140871 -47.1084 -0.029089 -0.0234958 0.999301 -1.00012
0.453614 0.890553 0.0339249 47.4185 -0.890808 0.454213 -0.0123209 -47.6412 -0.0263815 -0.0246316 0.999348 -1.01096
0.420719 0.906527 0.0346966 47.6571 -0.906889 0.421258 -0.00971954 -48.1679 -0.0234272 -0.0273767 0.999351 -1.00966
0.384914 0.922308 0.0344796 47.8722 -0.922711 0.385399 -0.00848329 -48.707 -0.0211126 -0.0285493 0.999369 -1.01545
0.34549 0.93772 0.0362926 48.0542 -0.938221 0.345959 -0.0073504 -49.2533 -0.0194484 -0.031511 0.999314 -1.0119
0.303884 0.951999 0.0367701 48.2142 -0.952515 0.304375 -0.00846889 -49.8225 -0.0192543 -0.0324505 0.999288 -1.03941
0.259293 0.964991 0.0394793 48.361 -0.965646 0.259762 -0.00717353 -50.3823 -0.0171776 -0.036263 0.999195 -1.02723
0.2126 0.976144 0.0440829 48.4616 -0.977031 0.213033 -0.00531813 -50.947 -0.0145824 -0.0419397 0.999014 -1.02112
0.163964 0.985407 0.0457082 48.5369 -0.986364 0.164437 -0.00675585 -51.5125 -0.0141734 -0.0439772 0.998932 -1.0442
0.113096 0.992587 0.0444918 48.5795 -0.993492 0.113583 -0.00855799 -52.0755 -0.0135481 -0.0432344 0.998973 -1.06401
0.0607202 0.997216 0.0432892 48.5874 -0.998075 0.0612059 -0.00998379 -52.6601 -0.0126056 -0.0425996 0.999013 -1.04258
0.00789311 0.999063 0.0425573 48.5676 -0.999908 0.00835666 -0.0107256 -53.2361 -0.0110711 -0.0424687 0.999036 -1.06163
-0.0449199 0.998227 0.0390579 48.5093 -0.99895 -0.0445315 -0.0107584 -53.8056 -0.00900003 -0.0395002 0.999179 -1.04464
-0.0976756 0.994508 0.0376008 48.4375 -0.995185 -0.0972914 -0.0119209 -54.3569 -0.00819721 -0.0385841 0.999222 -1.04676
-0.150726 0.988038 0.0325876 48.3223 -0.988564 -0.15048 -0.00987733 -54.9088 -0.00485539 -0.0337037 0.99942 -1.09018
-0.204303 0.978477 0.0290282 48.1792 -0.978907 -0.204248 -0.00488503 -55.4522 0.00114907 -0.029414 0.999567 -1.02897
-0.258632 0.965535 0.0291943 48.0088 -0.965966 -0.258647 -0.00335251 -55.9725 0.00431405 -0.0290678 0.999568 -0.992521
-0.313471 0.949091 0.0310146 47.8184 -0.949567 -0.313558 -0.00215426 -56.5089 0.00768027 -0.0301257 0.999517 -1.01384
-0.36747 0.929476 0.0322483 47.5767 -0.929994 -0.36756 -0.00332608 -57.0469 0.00876166 -0.0312129 0.999474 -1.0189
-0.420376 0.906818 0.0310767 47.308 -0.907294 -0.420485 -0.00326751 -57.5588 0.0101043 -0.0295693 0.999512 -1.01892
-0.471941 0.881275 0.0250099 47.0079 -0.881585 -0.472014 -0.00326216 -58.0516 0.00893017 -0.0235879 0.999682 -0.999153
-0.52299 0.852025 0.0231353 46.6938 -0.852296 -0.523043 -0.00418945 -58.5291 0.00853124 -0.0219092 0.999724 -0.985003
-0.572306 0.819657 0.0250682 46.3282 -0.819959 -0.572412 -0.00340659 -59.007 0.0115571 -0.0225045 0.99968 -0.967901
-0.618755 0.78507 0.0284036 45.923 -0.785485 -0.618847 -0.00648538 -59.4684 0.012486 -0.0263234 0.999575 -0.983453
-0.662639 0.748389 0.0287037 45.511 -0.748798 -0.662771 -0.00602776 -59.9199 0.0145129 -0.0254875 0.99957 -0.99824
-0.703102 0.710532 0.0281281 45.0563 -0.710949 -0.703199 -0.00797985 -60.3466 0.0141097 -0.0256083 0.999572 -0.952576
-0.740608 0.671364 0.0277528 44.5762 -0.671689 -0.740826 -0.00340205 -60.7604 0.018276 -0.0211608 0.999609 -0.957369
-0.774265 0.632356 0.0252704 44.0478 -0.632577 -0.774497 -0.000952813 -61.1589 0.0189693 -0.0167232 0.99968 -0.917095
-0.803267 0.595056 0.0258945 43.4972 -0.595226 -0.803557 0.00141289 -61.5531 0.0216485 -0.0142782 0.999664 -0.887214
-0.827133 0.561401 0.0260717 42.9258 -0.561519 -0.827457 0.00322242 -61.9226 0.0233823 -0.0119744 0.999655 -0.894381
-0.845885 0.532846 0.0235175 42.3347 -0.532812 -0.846194 0.00821388 -62.2879 0.0242771 -0.00558239 0.99969 -0.889922
-0.858957 0.511798 0.0159891 41.7096 -0.511585 -0.859089 0.0157053 -62.6501 0.021774 0.00531037 0.999749 -0.857204
-0.867065 0.498147 0.00688501 41.0828 -0.497908 -0.866952 0.0219522 -62.9723 0.0169044 0.0156059 0.999735 -0.830205
-0.871434 0.490505 0.00291086 40.4531 -0.490293 -0.871204 0.024832 -63.2991 0.0147162 0.0202122 0.999687 -0.81431
-0.874389 0.485204 0.00465876 39.8192 -0.484949 -0.874174 0.0253744 -63.6271 0.0163843 0.0199278 0.999667 -0.818918
-0.877328 0.479792 0.0097167 39.1632 -0.479452 -0.877212 0.0250052 -63.975 0.0205209 0.0172791 0.99964 -0.79835
-0.879954 0.474909 0.011898 38.4795 -0.474525 -0.879877 0.0253597 -64.3443 0.0225123 0.0166695 0.999608 -0.793795
-0.881483 0.472057 0.0122288 37.7866 -0.471642 -0.881394 0.0264352 -64.7184 0.0232573 0.0175345 0.999576 -0.760853
-0.881996 0.471148 0.0101733 37.0799 -0.47073 -0.881824 0.0282712 -65.084 0.022291 0.0201462 0.999549 -0.746879
-0.88189 0.471385 0.00815007 36.3773 -0.470984 -0.88165 0.0294644 -65.458 0.0210746 0.0221458 0.999533 -0.717906
-0.881674 0.471801 0.00743267 35.6588 -0.471407 -0.881409 0.0298823 -65.8376 0.0206497 0.0228426 0.999526 -0.70379
-0.88122 0.472651 0.00725049 34.9357 -0.472261 -0.880952 0.0298954 -66.2286 0.0205174 0.0229203 0.999527 -0.696258
-0.880809 0.473396 0.00848965 34.2117 -0.472991 -0.880581 0.0292794 -66.6079 0.0213366 0.021774 0.999535 -0.673386
-0.880359 0.474205 0.00990923 33.4732 -0.473771 -0.880163 0.0292266 -67.0111 0.0225811 0.0210352 0.999524 -0.650394
-0.879774 0.475271 0.0107425 32.7187 -0.474824 -0.879602 0.0290301 -67.4164 0.0232463 0.0204391 0.999521 -0.618707
-0.879242 0.47628 0.0095111 31.9591 -0.475856 -0.879041 0.0291018 -67.8245 0.0222213 0.0210616 0.999531 -0.601292
-0.878537 0.477601 0.00842513 31.1903 -0.477195 -0.878308 0.0293474 -68.2403 0.0214162 0.0217623 0.999534 -0.570914
-0.877773 0.479033 0.00645075 30.4171 -0.478667 -0.8775 0.0295162 -68.6692 0.0197997 0.0228207 0.999543 -0.562153
-0.877417 0.479699 0.00526082 29.6319 -0.47937 -0.877132 0.0290499 -69.0916 0.0185497 0.022967 0.999564 -0.542341
-0.876792 0.480853 0.00414514 28.8601 -0.480555 -0.876496 0.0286599 -69.5262 0.0174144 0.0231368 0.999581 -0.516241
-0.876121 0.482086 0.00213075 28.0783 -0.481822 -0.875772 0.0294978 -69.9627 0.0160865 0.024817 0.999563 -0.504403
-0.875629 0.482979 0.00215876 27.2796 -0.482719 -0.875289 0.0291914 -70.394 0.0159884 0.0245188 0.999572 -0.48732
-0.875009 0.484093 0.00372019 26.4855 -0.483814 -0.874721 0.0280574 -70.8312 0.0168365 0.0227506 0.999599 -0.448126
-0.874499 0.485009 0.00407509 25.6894 -0.484722 -0.874218 0.0280616 -71.2728 0.0171726 0.0225645 0.999598 -0.425179
-0.873879 0.486132 0.0032449 24.8935 -0.485882 -0.87361 0.0269185 -71.7154 0.0159207 0.0219469 0.999632 -0.413225
-0.873289 0.487197 0.00235877 24.107 -0.486966 -0.873005 0.0269478 -72.1496 0.0151881 0.0223846 0.999634 -0.390261
-0.872581 0.488468 0.00130652 23.3017 -0.488227 -0.872229 0.0291674 -72.6183 0.0153869 0.024813 0.999574 -0.338566
-0.872055 0.489408 0.000453005 22.4979 -0.489195 -0.871702 0.0286992 -73.0564 0.0144405 0.0248057 0.999588 -0.339319
-0.871649 0.49013 0.000545539 21.7037 -0.489915 -0.871299 0.0286404 -73.5003 0.0145128 0.0246971 0.99959 -0.329306
-0.871379 0.490605 0.00232462 20.9002 -0.490369 -0.871089 0.0272528 -73.9528 0.0153953 0.0226076 0.999626 -0.288607
-0.871329 0.490692 0.00283546 20.0977 -0.490454 -0.87106 0.0266431 -74.4058 0.0155434 0.0218242 0.999641 -0.271339
-0.871301 0.490737 0.00332502 19.3033 -0.490514 -0.871074 0.0250055 -74.8521 0.0151675 0.0201564 0.999682 -0.25712
-0.871125 0.491049 0.00345593 18.5071 -0.490812 -0.870886 0.02572 -75.3154 0.0156395 0.0207091 0.999663 -0.22022
-0.871208 0.490901 0.00360355 17.6966 -0.490678 -0.870992 0.0246488 -75.7655 0.0152388 0.019706 0.99969 -0.207627
-0.871172 0.490963 0.00369471 16.8997 -0.490749 -0.870973 0.0239089 -76.2146 0.0149564 0.0190156 0.999707 -0.188757
-0.871035 0.491203 0.0040535 16.0991 -0.491001 -0.870863 0.0227076 -76.6628 0.0146841 0.0177889 0.999734 -0.171074
-0.87107 0.491145 0.00376789 15.3037 -0.49095 -0.870897 0.0225027 -77.1187 0.0143335 0.0177516 0.99974 -0.151297
-0.871637 0.49014 0.00339334 14.5048 -0.48996 -0.87147 0.0218993 -77.5673 0.0136909 0.0174257 0.999754 -0.148509
-0.872712 0.488223 0.00343772 13.7216 -0.48805 -0.872554 0.0213921 -78.0171 0.0134437 0.0169914 0.999765 -0.126937
-0.87424 0.485475 0.0041958 12.9147 -0.485303 -0.874107 0.020433 -78.4595 0.0135873 0.0158271 0.999782 -0.099447
-0.875844 0.482579 0.0039236 12.0985 -0.482399 -0.87569 0.0213892 -78.9217 0.0137578 0.0168408 0.999764 -0.0918798
-0.877269 0.479978 0.00452427 11.2952 -0.479782 -0.877117 0.0218053 -79.3675 0.0144344 0.0169584 0.999752 -0.0682935
-0.878361 0.477962 0.00579898 10.4928 -0.47774 -0.878222 0.0221445 -79.8055 0.015677 0.0166805 0.999738 -0.0562356
-0.879039 0.476697 0.0070407 9.67264 -0.476469 -0.878933 0.0213199 -80.2443 0.0163514 0.0153863 0.999748 -0.0294323
-0.879478 0.475881 0.007477 8.83824 -0.475639 -0.879372 0.0217297 -80.6999 0.0169158 0.0155544 0.999736 0.0265102
-0.879887 0.475141 0.00636195 8.01096 -0.47492 -0.879766 0.0215145 -81.145 0.0158195 0.0159089 0.999748 0.016958
-0.880345 0.474296 0.00597947 7.18345 -0.474095 -0.880232 0.0206127 -81.5905 0.0150399 0.0153115 0.99977 0.0311018
-0.880831 0.473393 0.0059537 6.33675 -0.473187 -0.880712 0.0209878 -82.0451 0.015179 0.0156695 0.999762 0.0438754
-0.881205 0.472698 0.00583756 5.4944 -0.472476 -0.881065 0.0221467 -82.5006 0.015612 0.0167576 0.999738 0.0606643
-0.881701 0.471764 0.006464 4.63979 -0.471512 -0.88155 0.0233736 -82.9643 0.0167252 0.0175607 0.999706 0.0925615
-0.882357 0.470513 0.00792585 3.78628 -0.47025 -0.882244 0.0225886 -83.4205 0.0176208 0.0162041 0.999713 0.119615
-0.883311 0.468695 0.0092894 2.92148 -0.468416 -0.883227 0.0222951 -83.8703 0.0186543 0.0153422 0.999708 0.145491
-0.884234 0.466948 0.00949387 2.06319 -0.466636 -0.884129 0.0238151 -84.3292 0.0195142 0.0166279 0.999671 0.16506
-0.88524 0.465021 0.0102524 1.17589 -0.464703 -0.885154 0.0235266 -84.7879 0.0200153 0.0160624 0.999671 0.213844
-0.88628 0.463053 0.00947488 0.289756 -0.46277 -0.886196 0.0223734 -85.2511 0.0187567 0.0154444 0.999705 0.228475
-0.887289 0.461179 0.00565431 -0.585736 -0.460855 -0.887016 0.0285425 -85.7189 0.0181786 0.0227196 0.999577 0.223305
-0.888162 0.459477 0.00705631 -1.47198 -0.459108 -0.887898 0.0292598 -86.1742 0.0197095 0.0227478 0.999547 0.281553
-0.889166 0.457486 0.00953195 -2.38964 -0.457159 -0.889044 0.0246195 -86.6308 0.0197374 0.0175332 0.999651 0.315163
-0.89016 0.455584 0.00761482 -3.29562 -0.455407 -0.890109 0.0176197 -87.0971 0.0148053 0.0122165 0.999816 0.345277
-0.890981 0.45404 -0.00101167 -4.20556 -0.453965 -0.890787 0.0203656 -87.5829 0.00834563 0.0186046 0.999792 0.350121
-0.89186 0.452285 -0.00495726 -5.11405 -0.452267 -0.891564 0.0238136 -88.0655 0.00635079 0.0234804 0.999704 0.333915
-0.892952 0.45015 0.00115263 -6.02042 -0.450034 -0.892775 0.0205462 -88.5201 0.0102779 0.0178281 0.999788 0.365672
-0.894109 0.44776 0.00890604 -6.96235 -0.44763 -0.894117 0.0134782 -88.9616 0.013998 0.00806435 0.99987 0.399285
-0.895051 0.445819 0.0113782 -7.89761 -0.445705 -0.895109 0.0112619 -89.4274 0.0152055 0.00500866 0.999872 0.426341
-0.895876 0.444204 0.00949804 -8.82678 -0.444054 -0.895883 0.0144891 -89.9022 0.0149452 0.00876276 0.99985 0.433597
-0.896681 0.442591 0.00878503 -9.76341 -0.442443 -0.896675 0.0147977 -90.3759 0.0144266 0.00938191 0.999852 0.475385
-0.897641 0.440657 0.00792418 -10.7148 -0.440508 -0.897615 0.015463 -90.8463 0.0139268 0.0103896 0.999849 0.47542
-0.898571 0.438734 0.00910096 -11.6762 -0.438585 -0.89857 0.0146548 -91.323 0.0146074 0.00917685 0.999851 0.501858
-0.899448 0.436912 0.0100545 -12.6487 -0.436761 -0.899465 0.0142075 -91.792 0.0152511 0.00838749 0.999849 0.527724
-0.90037 0.434998 0.010466 -13.6016 -0.434855 -0.900399 0.0135069 -92.2489 0.015299 0.00760997 0.999854 0.552387
-0.90124 0.433201 0.0101997 -14.5784 -0.433064 -0.901267 0.0131928 -92.7223 0.0149078 0.00747276 0.999861 0.572153
-0.901994 0.431645 0.00941297 -15.5568 -0.431507 -0.902005 0.0137143 -93.2009 0.0144102 0.00830842 0.999862 0.597412
-0.902721 0.430148 0.00823161 -16.5412 -0.430013 -0.90271 0.0142344 -93.6801 0.0135537 0.00931001 0.999865 0.615464
-0.903178 0.429208 0.00710805 -17.5185 -0.429062 -0.903135 0.0159033 -94.1423 0.0132454 0.0113137 0.999848 0.628251
-0.90345 0.428612 0.00828727 -18.5201 -0.428432 -0.903407 0.0173903 -94.6082 0.0149405 0.0121607 0.999814 0.660498
-0.903647 0.428162 0.00994657 -19.5203 -0.427967 -0.903633 0.0170473 -95.083 0.016287 0.0111479 0.999805 0.68363
-0.903943 0.427544 0.00961314 -20.5275 -0.427363 -0.90393 0.0164943 -95.5539 0.0157417 0.0108016 0.999818 0.709491
-0.904184 0.427062 0.00828293 -21.5355 -0.42689 -0.904146 0.0168759 -96.0417 0.014696 0.011723 0.999823 0.735737
-0.904397 0.426623 0.00771307 -22.5412 -0.426464 -0.904356 0.0164122 -96.52 0.0139772 0.0115538 0.999836 0.75352
-0.904674 0.426018 0.00857094 -23.5494 -0.425873 -0.904663 0.0147362 -96.9971 0.0140317 0.00968128 0.999855 0.781483
-0.905006 0.425327 0.00780029 -24.5779 -0.425187 -0.904982 0.0149379 -97.4748 0.0134126 0.0102023 0.999858 0.797459
-0.905223 0.42488 0.00691069 -25.5949 -0.424754 -0.905191 0.0145809 -97.9579 0.0124507 0.0102636 0.99987 0.824012
-0.905252 0.424825 0.00652257 -26.6081 -0.424693 -0.905207 0.0153646 -98.4442 0.0124315 0.0111388 0.999861 0.848915
-0.905347 0.424622 0.00653603 -27.626 -0.424484 -0.905297 0.0158379 -98.9331 0.0126422 0.0115644 0.999853 0.867648
-0.905319 0.424674 0.007004 -28.6503 -0.424541 -0.905284 0.0150395 -99.405 0.0127275 0.0106421 0.999862 0.878092
-0.905066 0.425196 0.00802535 -29.6602 -0.425051 -0.905043 0.0150971 -99.881 0.0136825 0.0102527 0.999854 0.920788
-0.904869 0.4256 0.00877943 -30.7042 -0.425462 -0.904867 0.0140608 -100.357 0.0139285 0.00898791 0.999863 0.948718
-0.904474 0.426442 0.00861691 -31.7392 -0.426305 -0.904469 0.014168 -100.854 0.0138356 0.00914119 0.999862 0.972082
-0.904016 0.427426 0.00787042 -32.7577 -0.427291 -0.903998 0.0145166 -101.345 0.0133196 0.00976028 0.999864 0.999108
-0.903611 0.428294 0.00713824 -33.79 -0.428153 -0.903573 0.0155424 -101.831 0.0131066 0.010988 0.999854 1.01653
-0.90315 0.429262 0.00739037 -34.8224 -0.429111 -0.903108 0.0161163 -102.32 0.0135924 0.0113842 0.999843 1.05286
-0.902611 0.430376 0.00834566 -35.8531 -0.430222 -0.90259 0.0155314 -102.819 0.014217 0.0104284 0.999845 1.07993
-0.902102 0.431443 0.0083424 -36.8859 -0.431298 -0.902087 0.0148856 -103.316 0.0139478 0.00983024 0.999854 1.10763
-0.90175 0.432211 0.00637107 -37.9166 -0.43208 -0.901705 0.0153486 -103.811 0.0123787 0.0110878 0.999862 1.12997
-0.901316 0.433137 0.00470358 -38.9429 -0.433042 -0.901268 0.0137783 -104.316 0.0102071 0.0103818 0.999894 1.14755
-0.900952 0.433906 0.0032687 -39.974 -0.43383 -0.900894 0.0134619 -104.819 0.00878597 0.0107105 0.999904 1.16559
-0.900532 0.434776 0.00351115 -41.0192 -0.434703 -0.900483 0.0127814 -105.321 0.00871878 0.00998377 0.999912 1.18672
-0.900066 0.435732 0.00429282 -42.0466 -0.435656 -0.900029 0.0123015 -105.818 0.00922381 0.00920194 0.999915 1.19877
-0.89969 0.4365 0.00506688 -43.0697 -0.43642 -0.899663 0.0120053 -106.316 0.00979882 0.0085898 0.999915 1.23098
-0.899306 0.437283 0.00564841 -44.0859 -0.437191 -0.899281 0.0125813 -106.813 0.0105811 0.00884497 0.999905 1.24536
-0.898906 0.43809 0.0066759 -45.1034 -0.437989 -0.898892 0.012599 -107.311 0.0115204 0.00840134 0.999898 1.2651
-0.898473 0.438957 0.00790309 -46.1425 -0.438849 -0.898475 0.0124025 -107.816 0.0125449 0.00767504 0.999892 1.30583
-0.898233 0.439441 0.00825683 -47.166 -0.439321 -0.898234 0.0131659 -108.322 0.0132022 0.00819861 0.999879 1.32633
-0.898147 0.439624 0.00792038 -48.182 -0.439521 -0.898152 0.0119702 -108.82 0.0123761 0.00726978 0.999897 1.35352
-0.89818 0.43958 0.00644133 -49.2087 -0.439492 -0.898171 0.0116574 -109.326 0.0109098 0.00763949 0.999911 1.37369
-0.898329 0.439287 0.00566099 -50.2376 -0.439194 -0.898303 0.0126293 -109.827 0.0106332 0.00885899 0.999904 1.39255
-0.898367 0.439198 0.00648741 -51.2673 -0.439091 -0.898345 0.0132639 -110.329 0.0116534 0.00906728 0.999891 1.42158
-0.89838 0.439149 0.00782655 -52.2874 -0.439012 -0.898361 0.0146901 -110.82 0.0134822 0.00976133 0.999861 1.44076
-0.898461 0.439023 0.0052107 -53.3257 -0.438864 -0.898357 0.0187688 -111.317 0.012921 0.0145763 0.99981 1.47874
-0.898325 0.439297 0.00558014 -54.3428 -0.439139 -0.898234 0.0182363 -111.845 0.0130234 0.0139316 0.999818 1.5044
-0.898426 0.43906 0.00763298 -55.3804 -0.438832 -0.898325 0.0209433 -112.339 0.0160522 0.0154664 0.999752 1.51718
-0.898487 0.43888 0.0102828 -56.4197 -0.43865 -0.89846 0.0188668 -112.846 0.0175189 0.012441 0.999769 1.58274
-0.898813 0.43826 0.0079853 -57.4537 -0.438101 -0.898781 0.016138 -113.353 0.0142497 0.0110067 0.999838 1.58745
-0.898918 0.438086 0.00526442 -58.4964 -0.437962 -0.898853 0.015906 -113.86 0.0117001 0.0119926 0.99986 1.60646
-0.898939 0.438054 0.00425611 -59.5342 -0.437937 -0.898857 0.0163646 -114.373 0.0109942 0.0128468 0.999857 1.6285
-0.89918 0.437559 0.00416031 -60.5784 -0.437436 -0.899089 0.0169595 -114.884 0.0111613 0.0134298 0.999848 1.63939
-0.899479 0.436925 0.0058876 -61.6108 -0.436774 -0.899402 0.0174569 -115.388 0.0129227 0.0131305 0.99983 1.6741
-0.899782 0.436279 0.00732276 -62.6473 -0.436115 -0.89973 0.0170407 -115.895 0.014023 0.0121394 0.999828 1.70709
-0.900178 0.435474 0.00649022 -63.7052 -0.435324 -0.900118 0.0167351 -116.406 0.0131297 0.0122392 0.999839 1.71418
-0.900635 0.434541 0.00559238 -64.7505 -0.43441 -0.900571 0.0161251 -116.918 0.0120434 0.0120935 0.999854 1.74754
-0.90106 0.433658 0.00571033 -65.8038 -0.433539 -0.90101 0.0150038 -117.429 0.0116516 0.0110437 0.999871 1.76941
-0.901571 0.432568 0.00735178 -66.8414 -0.432436 -0.901546 0.0146318 -117.933 0.0129572 0.0100125 0.999866 1.80371
-0.902125 0.431395 0.00827149 -67.9013 -0.431262 -0.902116 0.0141347 -118.441 0.0135595 0.00918408 0.999866 1.82635
-0.902564 0.430474 0.00840315 -68.9694 -0.430334 -0.902553 0.0145346 -118.944 0.0138411 0.00950228 0.999859 1.84874
-0.902991 0.429588 0.00789263 -70.0374 -0.42946 -0.902979 0.0139154 -119.458 0.0131048 0.00917594 0.999872 1.87245
-0.903413 0.428724 0.00634414 -71.0989 -0.428603 -0.903375 0.0145804 -119.965 0.0119821 0.010453 0.999874 1.87623
-0.903912 0.427673 0.00626175 -72.1617 -0.427553 -0.903872 0.0146555 -120.471 0.0119276 0.01057 0.999873 1.91467
-0.904324 0.426795 0.00665701 -73.2242 -0.426687 -0.904303 0.0132103 -120.973 0.011658 0.00910594 0.999891 1.93019
-0.904651 0.426107 0.00621593 -74.311 -0.425997 -0.904619 0.0138389 -121.491 0.0115199 0.00987138 0.999885 1.95053
-0.905005 0.425348 0.00672762 -75.3728 -0.425234 -0.90498 0.0137051 -121.988 0.0119178 0.00954237 0.999883 1.98115
-0.905108 0.425113 0.00762341 -76.4454 -0.42499 -0.905093 0.0138285 -122.498 0.0127786 0.00927638 0.999875 2.00883
-0.905355 0.424575 0.00823888 -77.5307 -0.424444 -0.905346 0.0139981 -123.007 0.0134023 0.00917636 0.999868 2.01928
-0.905556 0.424136 0.00872668 -78.6054 -0.423998 -0.905553 0.0141558 -123.511 0.0139064 0.00911874 0.999862 2.05749
-0.905694 0.42384 0.00883437 -79.6853 -0.423701 -0.905691 0.0141643 -124.018 0.0140046 0.0090854 0.999861 2.08401
-0.905842 0.423521 0.00895833 -80.7628 -0.423372 -0.905836 0.0147486 -124.528 0.0143611 0.00956721 0.999851 2.1043
-0.905956 0.423264 0.00954604 -81.8405 -0.423105 -0.905955 0.0150854 -125.036 0.0150334 0.00962777 0.999841 2.13276
-0.906055 0.423043 0.00990475 -82.9229 -0.422882 -0.906061 0.0149714 -125.535 0.0153078 0.00937634 0.999839 2.1722
-0.905796 0.423636 0.00814597 -84.0095 -0.42347 -0.905759 0.0165119 -126.041 0.0143733 0.0115069 0.99983 2.19208
-0.905487 0.424318 0.00695263 -85.0829 -0.424149 -0.905417 0.017812 -126.545 0.013853 0.0131795 0.999817 2.21586
-0.905107 0.425119 0.00746648 -86.1411 -0.424936 -0.905039 0.0182649 -127.049 0.0145222 0.0133589 0.999805 2.23419
-0.904783 0.425782 0.00878161 -87.2248 -0.425576 -0.90473 0.0186531 -127.555 0.0158871 0.0131398 0.999787 2.27381
-0.904503 0.426355 0.00977295 -88.303 -0.426137 -0.904467 0.0186381 -128.064 0.0167857 0.0126936 0.999779 2.29715
-0.904124 0.427154 0.00998471 -89.3605 -0.426914 -0.904077 0.0197435 -128.57 0.0174604 0.0135879 0.999755 2.31876
-0.903758 0.427916 0.0104373 -90.4196 -0.427691 -0.903734 0.0185729 -129.078 0.0173803 0.0123215 0.999773 2.36909
-0.903726 0.428008 0.00943692 -91.4817 -0.427778 -0.903672 0.0195903 -129.581 0.0169127 0.0136673 0.999764 2.39089
-0.903731 0.428017 0.008484 -92.5348 -0.427781 -0.903644 0.0207696 -130.072 0.0165563 0.0151409 0.999748 2.42322
-0.903652 0.428179 0.0086738 -93.6059 -0.427922 -0.903552 0.0218555 -130.584 0.0171953 0.016038 0.999724 2.44989
-0.903614 0.428233 0.00994025 -94.6622 -0.427976 -0.903552 0.0207435 -131.075 0.0178646 0.0144899 0.999735 2.49519
-0.903704 0.428044 0.00983614 -95.7247 -0.427805 -0.903654 0.0197922 -131.574 0.0173604 0.0136784 0.999756 2.50879
-0.903947 0.42756 0.0085167 -96.7793 -0.427313 -0.903851 0.0213815 -132.085 0.0168397 0.0156884 0.999735 2.52624
-0.90467 0.426024 0.00868805 -97.8386 -0.425752 -0.904556 0.0226572 -132.582 0.0175113 0.0167983 0.999706 2.56757
-0.905967 0.423225 0.0102336 -98.8874 -0.422914 -0.905867 0.0234075 -133.075 0.0191769 0.0168785 0.999674 2.60724
-0.907576 0.419723 0.0117413 -99.9438 -0.419429 -0.907537 0.0213239 -133.568 0.0196058 0.0144284 0.999704 2.64237
-0.909516 0.415508 0.0115328 -100.989 -0.415179 -0.909442 0.0232751 -134.071 0.0201594 0.0163809 0.999663 2.66659
-0.911812 0.410385 0.013506 -102.036 -0.409963 -0.911731 0.0260192 -134.551 0.0229917 0.0181877 0.99957 2.69535
-0.914402 0.404373 0.0187523 -103.105 -0.403953 -0.914501 0.0225756 -135.007 0.026278 0.0130681 0.999569 2.75954
-0.917283 0.397806 0.0185253 -104.17 -0.397465 -0.917408 0.0195998 -135.46 0.0247922 0.0106154 0.999636 2.79001
-0.920622 0.390245 0.0127893 -105.231 -0.389858 -0.920532 0.0251467 -135.929 0.0215863 0.0181646 0.999602 2.80664
-0.924296 0.381504 0.0115009 -106.289 -0.381029 -0.924062 0.0304329 -136.369 0.0222378 0.0237469 0.999471 2.85289
-0.927866 0.372633 0.0144565 -107.345 -0.372094 -0.9277 0.0303187 -136.793 0.0247091 0.0227526 0.999436 2.88096
-0.931617 0.363007 0.0177673 -108.42 -0.362379 -0.931518 0.0309033 -137.212 0.0277687 0.0223516 0.999364 2.92685
-0.935561 0.352475 0.0220727 -109.487 -0.351817 -0.935623 0.028894 -137.625 0.0308362 0.0192666 0.999339 2.97981
-0.940486 0.338811 0.0263283 -110.521 -0.338244 -0.940759 0.023755 -138.02 0.032817 0.0134359 0.999371 3.02206
-0.945787 0.323363 0.0303778 -111.596 -0.322807 -0.946213 0.0218563 -138.402 0.0358114 0.0108652 0.9993 3.05045
-0.951511 0.305399 0.0368561 -112.657 -0.304799 -0.952183 0.0210806 -138.748 0.0415318 0.00882476 0.999098 3.1076
-0.957064 0.286947 0.0411033 -113.728 -0.28629 -0.957909 0.0211984 -139.079 0.045456 0.00852076 0.99893 3.16792
-0.962599 0.267612 0.0422672 -114.814 -0.266799 -0.963455 0.0239295 -139.379 0.0471264 0.0117577 0.99882 3.24569
-0.968065 0.246995 0.0429478 -115.898 -0.245979 -0.968882 0.0275971 -139.649 0.0484277 0.0161515 0.998696 3.2977
-0.973084 0.226026 0.0449387 -116.971 -0.224773 -0.973909 0.0312842 -139.909 0.0508372 0.0203411 0.9985 3.37459
-0.977631 0.204891 0.0475033 -118.047 -0.203566 -0.978561 0.0312896 -140.147 0.0528959 0.0209196 0.998381 3.44198
-0.981744 0.183592 0.0497293 -119.128 -0.182228 -0.982776 0.0307266 -140.348 0.0545139 0.0211036 0.99829 3.5055
-0.985464 0.161994 0.0511776 -120.194 -0.160551 -0.986535 0.031174 -140.523 0.0555385 0.0225043 0.998203 3.57527
-0.988697 0.140019 0.0535941 -121.269 -0.138499 -0.989874 0.0311217 -140.679 0.057409 0.0233473 0.998078 3.65323
-0.991488 0.118216 0.0545531 -122.338 -0.116729 -0.99272 0.029702 -140.82 0.0576672 0.0230813 0.998069 3.72732
-0.993927 0.095318 0.0549914 -123.405 -0.0937968 -0.995151 0.0296156 -140.916 0.0575477 0.0242777 0.998048 3.78444
-0.995805 0.0720918 0.0563523 -124.481 -0.070533 -0.997083 0.0291797 -141.01 0.0582915 0.0250826 0.997984 3.87131
-0.997166 0.0484519 0.0575476 -125.562 -0.0468105 -0.998467 0.0295368 -141.071 0.0588905 0.0267592 0.997906 3.93151
-0.997983 0.0248098 0.0584358 -126.637 -0.0231 -0.99929 0.0297547 -141.104 0.0591325 0.0283448 0.997848 3.99693
-0.998214 0.00153042 0.0597257 -127.718 0.000164231 -0.999598 0.0283587 -141.113 0.0597451 0.0283179 0.997812 4.07017
-0.997834 -0.0215955 0.0621361 -128.796 0.0233167 -0.99936 0.0271104 -141.092 0.0615109 0.0285005 0.997699 4.14331
-0.996989 -0.0444481 0.0635439 -129.882 0.0461831 -0.998592 0.0260991 -141.043 0.0622944 0.0289552 0.997638 4.23046
-0.995616 -0.0676938 0.0645418 -130.971 0.0693436 -0.997312 0.0236704 -140.981 0.0627659 0.0280422 0.997634 4.30103
-0.993709 -0.0911005 0.0651453 -132.048 0.0927673 -0.995421 0.0230298 -140.87 0.062749 0.0289283 0.99761 4.36013
-0.991187 -0.113976 0.0675182 -133.126 0.115736 -0.99302 0.0227334 -140.763 0.0644559 0.0303473 0.997459 4.41764
-0.988028 -0.137 0.0709357 -134.219 0.139057 -0.989971 0.0249038 -140.619 0.0668125 0.0344698 0.99717 4.50031
-0.984227 -0.160155 0.0751556 -135.287 0.162415 -0.986407 0.0249529 -140.433 0.0701377 0.0367657 0.99686 4.59569
-0.979677 -0.183774 0.0803746 -136.369 0.186339 -0.982152 0.0256081 -140.236 0.074234 0.0400646 0.996436 4.6681
-0.9743 -0.208273 0.0857997 -137.447 0.21108 -0.97715 0.0249526 -140.007 0.0786423 0.0424219 0.996 4.77532
-0.968189 -0.234341 0.0877154 -138.499 0.237212 -0.971168 0.0237344 -139.733 0.0796244 0.0437865 0.995863 4.85994
-0.961353 -0.260829 0.0881412 -139.589 0.263714 -0.964335 0.0226385 -139.461 0.0790929 0.0450077 0.995851 4.94591
-0.953444 -0.288198 0.0888083 -140.658 0.291131 -0.956435 0.0217842 -139.144 0.0786612 0.0466249 0.99581 5.03168
-0.944675 -0.315497 0.0897231 -141.722 0.318453 -0.947719 0.0204208 -138.792 0.0785895 0.0478636 0.995757 5.13923
-0.935064 -0.342888 0.0899015 -142.793 0.345716 -0.938175 0.0175464 -138.408 0.0783269 0.0474874 0.995796 5.22078
-0.924758 -0.369821 0.0897521 -143.838 0.372519 -0.927906 0.0148259 -138.004 0.0777986 0.0471447 0.995854 5.31434
-0.913614 -0.396683 0.089169 -144.868 0.399257 -0.916755 0.0123967 -137.565 0.0768286 0.0469272 0.995939 5.40038
-0.901534 -0.423483 0.0888789 -145.9 0.425913 -0.904715 0.00949103 -137.091 0.0763908 0.0464111 0.995997 5.48996
-0.888772 -0.449764 0.0882991 -146.924 0.452103 -0.891935 0.00742476 -136.579 0.0754177 0.0465192 0.996066 5.59424
-0.875847 -0.475091 0.0847434 -147.937 0.477269 -0.878734 0.00633037 -136.042 0.0714595 0.0459899 0.996383 5.68815
-0.862268 -0.499868 0.081406 -148.935 0.501959 -0.86487 0.0061693 -135.477 0.0673217 0.046182 0.996662 5.75367
