1 0 0 0 0 1 0 0 0 0 1 0
1 -4.31063e-05 3.65459e-05 -0.000695459 4.3105e-05 1 3.49264e-05 -0.00108144 -3.65474e-05 -3.49248e-05 1 0.000734879
1 6.35668e-06 4.8183e-05 0.00359577 -6.35875e-06 1 4.28342e-05 -0.00151823 -4.81828e-05 -4.28345e-05 1 -0.000488982
1 1.56701e-05 2.64359e-05 0.00248404 -1.56717e-05 1 6.26858e-05 0.00239486 -2.64349e-05 -6.26862e-05 1 9.20762e-05
1 6.88346e-05 -3.34689e-05 7.40233e-06 -6.88357e-05 1 -3.19994e-05 0.00111888 3.34667e-05 3.20017e-05 1 0.000883042
1 0.000141984 8.19416e-06 0.00205876 -0.000141984 1 9.7943e-06 -0.000206146 -8.19277e-06 -9.79546e-06 1 0.00138516
1 -3.21032e-05 1.58289e-05 -0.000889715 3.2103e-05 1 1.24446e-05 0.0015138 -1.58293e-05 -1.24441e-05 1 -0.00218373
1 1.48997e-05 8.77117e-06 -0.00132718 -1.48999e-05 1 2.85262e-05 0.00207519 -8.77074e-06 -2.85263e-05 1 0.000663911
1 -8.84931e-07 -1.58371e-05 -0.000427825 8.84612e-07 1 -2.01693e-05 0.00208383 1.58371e-05 2.01693e-05 1 0.00125198
1 -2.42513e-05 -2.52616e-05 -0.00193408 2.4251e-05 1 -1.50003e-05 0.00118938 2.52619e-05 1.49997e-05 1 0.00151002
1 1.71477e-05 -2.03432e-05 -0.00209196 -1.71474e-05 1 1.59472e-05 0.00342048 2.03435e-05 -1.59468e-05 1 -0.000240582
1 4.4578e-05 7.99731e-06 -0.000863492 -4.45783e-05 1 3.1229e-05 0.000291816 -7.99592e-06 -3.12294e-05 1 0.000105134
1 1.17567e-05 1.40393e-05 -0.00111219 -1.17566e-05 1 -3.80009e-06 0.00463104 -1.40393e-05 3.79993e-06 1 -0.000559854
1 3.49999e-05 3.90789e-05 -0.00320981 -3.49998e-05 1 -4.43898e-06 0.000575495 -3.90791e-05 4.43761e-06 1 -0.000455035
1 1.97409e-05 1.85323e-05 -0.00159059 -1.97408e-05 1 -1.76735e-06 0.000778549 -1.85323e-05 1.76699e-06 1 -6.8532e-05
1 6.30748e-05 -3.34495e-05 -0.00109747 -6.3076e-05 1 -3.53133e-05 0.00197793 3.34473e-05 3.53154e-05 1 0.000394024
1 6.04834e-05 -1.37069e-05 0.000455706 -6.04834e-05 1 4.6263e-06 -0.000192907 1.37072e-05 -4.62547e-06 1 0.000477755
1 7.58924e-05 1.10474e-05 -0.0014995 -7.58923e-05 1 -3.62024e-06 0.00244087 -1.10477e-05 3.6194e-06 1 -0.000490749
1 8.04992e-05 4.44167e-05 0.000127508 -8.05014e-05 1 4.97366e-05 0.000788973 -4.44127e-05 -4.97402e-05 1 -0.00163012
1 0.000148807 -9.74382e-06 0.00451658 -0.000148807 1 -1.32203e-05 -0.00165322 9.74185e-06 1.32217e-05 1 -0.000320538
1 0.000124487 1.91616e-05 -0.0031863 -0.000124487 1 3.54087e-05 -0.00242862 -1.91572e-05 -3.54111e-05 1 -0.000257942
1 -2.98381e-05 -1.2766e-05 -0.00101643 2.98379e-05 1 -1.66269e-05 0.00156335 1.27665e-05 1.66266e-05 1 -0.000945264
1 -1.54438e-06 2.29993e-05 -0.00346253 1.54357e-06 1 3.48331e-05 -0.00230297 -2.29994e-05 -3.48331e-05 1 -0.00091833
1 6.98292e-05 2.71497e-05 -0.00266338 -6.98302e-05 1 3.54511e-05 -0.000861975 -2.71472e-05 -3.5453e-05 1 -0.00128639
1 -7.87547e-06 -5.90918e-06 -0.00233343 7.87551e-06 1 6.08726e-06 0.00241213 5.90913e-06 -6.08731e-06 1 -0.00145517
1 5.18254e-05 3.25401e-05 -0.00252446 -5.18263e-05 1 2.97153e-05 0.00183459 -3.25386e-05 -2.9717e-05 1 -0.00118841
1 7.80721e-05 3.44652e-05 -0.00103211 -7.80731e-05 1 2.95837e-05 -0.00182917 -3.44629e-05 -2.95864e-05 1 -0.00128227
1 0.000150005 2.07125e-05 0.00126549 -0.000150006 1 3.40711e-05 -0.00193559 -2.07074e-05 -3.40742e-05 1 -0.000726899
1 9.09997e-05 6.16563e-05 0.000975589 -9.10023e-05 1 4.19743e-05 -0.000456507 -6.16525e-05 -4.19799e-05 1 -0.00296737
1 0.000137015 2.50109e-05 -0.00140793 -0.000137015 1 1.4894e-05 -0.00266715 -2.50089e-05 -1.48974e-05 1 -0.00129249
1 9.98695e-05 1.47231e-05 -0.0023768 -9.98698e-05 1 2.3795e-05 0.00175968 -1.47207e-05 -2.37965e-05 1 -0.00115537
1 6.32872e-05 8.53837e-06 -0.000781691 -6.32871e-05 1 -8.38302e-06 -0.00311978 -8.5389e-06 8.38248e-06 1 -0.00112497
1 7.14459e-05 1.68935e-05 -0.000906763 -7.14464e-05 1 2.60801e-05 -5.75745e-05 -1.68917e-05 -2.60813e-05 1 -0.000486353
1 0.000123048 1.43224e-05 0.000326403 -0.000123048 1 4.04305e-06 -0.000982952 -1.43219e-05 -4.04482e-06 1 -0.000222572
1 3.83738e-05 2.61045e-05 -0.00187363 -3.83738e-05 1 3.11838e-06 0.00104653 -2.61044e-05 -3.11938e-06 1 -0.00122872
1 9.75111e-05 -3.99395e-06 0.00152555 -9.7511e-05 1 1.30139e-05 -0.00266448 3.99521e-06 -1.30135e-05 1 -0.000409469
1 0.000120253 -3.09235e-05 0.00168212 -0.000120255 1 -4.7627e-05 -0.00389673 3.09178e-05 4.76307e-05 1 0.00117609
1 8.91921e-05 2.87313e-05 0.00193236 -8.91926e-05 1 1.73709e-05 -0.0028389 -2.87297e-05 -1.73735e-05 1 -0.000667807
1 9.07822e-05 3.15623e-05 -0.000364098 -9.07827e-05 1 1.7456e-05 -0.00383026 -3.15607e-05 -1.74589e-05 1 -0.000189439
1 0.000120644 4.00221e-05 0.00229521 -0.000120644 1 5.31254e-07 -0.00336307 -4.0022e-05 -5.36083e-07 1 -0.00254006
1 -1.09568e-05 2.40181e-05 -0.000771853 1.09559e-05 1 3.9687e-05 -0.00394924 -2.40185e-05 -3.96867e-05 1 -0.00268528
1 5.491e-05 1.423e-05 -0.00498738 -5.49103e-05 1 2.53833e-05 0.000665085 -1.42286e-05 -2.53841e-05 1 -0.00228383
1 0.000108809 6.57471e-05 -0.0114744 -0.000108813 1 4.85553e-05 0.00460354 -6.57418e-05 -4.85625e-05 1 -0.00494976
1 0.000225083 3.95598e-05 -0.00776721 -0.000225086 1 8.20201e-05 0.00393791 -3.95413e-05 -8.2029e-05 1 -0.00328239
1 0.000334192 3.15845e-05 -0.00349787 -0.000334194 1 7.35532e-05 0.00706167 -3.15599e-05 -7.35637e-05 1 -0.00543358
1 0.000650986 -1.3015e-05 0.00988411 -0.000650985 1 5.04781e-05 0.00343508 1.30478e-05 -5.04696e-05 1 -0.00407064
0.999999 0.00137095 -3.99299e-05 0.0316107 -0.00137095 0.999999 7.58618e-07 -0.000117523 3.99309e-05 -7.03875e-07 1 -0.00393971
0.999995 0.00310101 7.42176e-06 0.0541967 -0.00310101 0.999995 6.58501e-05 -0.0130912 -7.21752e-06 -6.58728e-05 1 -0.00358794
0.999982 0.00606077 2.29844e-05 0.0906323 -0.00606077 0.999982 3.54525e-05 -0.0329072 -2.27691e-05 -3.55911e-05 1 -0.00332579
0.999959 0.00905398 -7.03989e-05 0.151975 -0.00905398 0.999959 -8.89627e-06 -0.0382378 7.03155e-05 9.53329e-06 1 -0.000912905
0.999929 0.011941 -0.000165696 0.210503 -0.011941 0.999929 -0.000116908 -0.0184099 0.000164288 0.000118878 1 -0.000147697
0.999901 0.0140817 -0.000157899 0.273566 -0.0140817 0.999901 2.87241e-06 0.00366059 0.000157924 -6.4865e-07 1 -0.00220746
0.999853 0.0171701 -0.000256522 0.333389 -0.0171701 0.999853 -7.90825e-05 0.00105415 0.000255127 8.34754e-05 1 0.00662022
0.99977 0.0214295 -0.000173627 0.408478 -0.0214295 0.99977 -4.9504e-05 0.00959413 0.000172527 5.32134e-05 1 0.00476194
0.999674 0.0255477 -0.000126008 0.488341 -0.0255477 0.999674 -4.56643e-05 -0.00576856 0.0001248 4.88686e-05 1 0.00645134
0.999527 0.0307443 -5.76466e-05 0.585272 -0.0307443 0.999527 1.54681e-05 -0.0127616 5.80949e-05 -1.36885e-05 1 0.0104238
0.999363 0.0356787 0.000211698 0.710622 -0.0356787 0.999363 5.21549e-05 -0.0291228 -0.000209702 -5.96748e-05 1 0.012294
0.999172 0.0406951 8.68839e-05 0.835641 -0.040695 0.999171 -0.000596557 -0.0409397 -0.000111089 0.000592527 1 0.0171158
0.998976 0.045235 0.000104775 0.930817 -0.0452349 0.998976 -0.000210698 -0.0694469 -0.000114199 0.000205743 1 0.0217439
0.998853 0.0478921 0.000114234 1.04516 -0.0478921 0.998853 -0.000138542 -0.0837482 -0.000120738 0.000132913 1 0.0182205
0.998747 0.0500469 0.000148071 1.14374 -0.0500468 0.998747 -0.000220836 -0.102406 -0.000158938 0.000213149 1 0.0240275
0.998645 0.0520353 -2.08279e-05 1.2642 -0.0520353 0.998645 -0.00057259 -0.103846 -8.9953e-06 0.000572898 1 0.0244765
0.998545 0.0539242 0.000146206 1.3943 -0.0539241 0.998545 -0.000159193 -0.111094 -0.000154577 0.000151077 1 0.0232374
0.9985 0.0547576 0.000131393 1.50366 -0.0547576 0.9985 -0.000118734 -0.11589 -0.000137698 0.000111361 1 0.0234828
0.99851 0.0545697 -5.72519e-05 1.62333 -0.0545697 0.99851 -0.000565805 -0.120493 2.62908e-05 0.000568086 1 0.0246804
0.998513 0.0545089 -0.000289852 1.76832 -0.054509 0.998513 -0.000165629 -0.117178 0.000280393 0.000181182 1 0.0325737
0.998424 0.0561185 -0.000755627 1.92449 -0.0561185 0.998424 3.34854e-06 -0.10531 0.000754624 3.90614e-05 1 0.0302881
0.998417 0.0562269 -0.00134181 2.05601 -0.0562271 0.998418 -0.000151213 -0.132925 0.00133118 0.000226419 0.999999 0.0279014
0.998453 0.0555821 -0.00165218 2.18235 -0.0555832 0.998454 -0.000611364 -0.143468 0.00161565 0.000702252 0.999998 0.0235967
0.998477 0.0551168 -0.00220838 2.30911 -0.0551207 0.998478 -0.00173166 -0.151212 0.00210957 0.00185075 0.999996 0.0305856
0.998448 0.0556316 -0.00259162 2.45663 -0.0556383 0.998448 -0.00257526 -0.157683 0.00244433 0.00271545 0.999993 0.0282526
0.998428 0.0559901 -0.00274601 2.62187 -0.0559968 0.998428 -0.00241556 -0.17205 0.00260645 0.00256553 0.999993 0.0283342
0.998471 0.0552164 -0.00246376 2.74397 -0.0552228 0.998471 -0.00263538 -0.189571 0.00231447 0.00276741 0.999993 0.0241139
0.998475 0.0551407 -0.00278979 2.86282 -0.0551512 0.998471 -0.00382695 -0.201753 0.0025745 0.00397497 0.999989 0.0299502
0.998486 0.0549306 -0.0030098 3.01865 -0.0549437 0.99848 -0.00445075 -0.205198 0.00276074 0.00460938 0.999986 0.0355991
0.99847 0.0552015 -0.00334092 3.13895 -0.0552157 0.998465 -0.00431293 -0.209067 0.00309771 0.0044908 0.999985 0.0412392
0.998519 0.0542858 -0.00362013 3.29818 -0.0542976 0.99852 -0.00323488 -0.211526 0.00343916 0.00342666 0.999988 0.0404177
0.998422 0.0556319 -0.00768513 3.41581 -0.055642 0.99845 -0.00111688 -0.194816 0.00761108 0.00154273 0.99997 0.0294585
0.998333 0.0570418 -0.00883022 3.56432 -0.0570461 0.998372 -0.000245338 -0.205493 0.00880185 0.000748659 0.999961 0.0127223
0.998315 0.0574274 -0.00831594 3.68941 -0.0574437 0.998347 -0.00173681 -0.220506 0.00820246 0.00221159 0.999964 0.0413527
0.998276 0.0582331 -0.00736739 3.80965 -0.0582482 0.9983 -0.00185992 -0.231478 0.00724656 0.00228585 0.999971 0.0391941
0.99807 0.0616114 -0.00773266 3.95094 -0.0616255 0.998098 -0.00159774 -0.243002 0.00761952 0.00207118 0.999969 0.0461704
0.997723 0.066949 -0.00813413 4.06912 -0.0669618 0.997755 -0.00130584 -0.247566 0.00802844 0.00184754 0.999966 0.045441
0.997107 0.075558 -0.00823722 4.19527 -0.0755683 0.99714 -0.000935548 -0.274734 0.00814297 0.00155531 0.999966 0.0451955
0.996254 0.0861135 -0.00789095 4.31008 -0.0861227 0.996284 -0.00082147 -0.30184 0.00779089 0.00149798 0.999969 0.0509452
0.995121 0.0983164 -0.00822237 4.42592 -0.0983308 0.995153 -0.00137145 -0.326923 0.00804768 0.00217327 0.999965 0.0561754
0.993404 0.114379 -0.00812408 4.58609 -0.114391 0.993435 -0.00113436 -0.329958 0.007941 0.00205621 0.999966 0.0615969
0.991318 0.131246 -0.00790532 4.69501 -0.131256 0.991348 -0.000796476 -0.361818 0.00773239 0.00182718 0.999968 0.0534706
0.988532 0.150814 -0.00769623 4.81026 -0.150824 0.98856 -0.000798199 -0.386584 0.0074878 0.00194982 0.99997 0.050137
0.985083 0.171892 -0.00807695 4.92767 -0.171908 0.985112 -0.00141532 -0.43051 0.00771342 0.0027827 0.999966 0.057994
0.980954 0.19407 -0.00814196 5.02576 -0.194086 0.980984 -0.00120068 -0.486043 0.00775412 0.00275806 0.999966 0.066046
0.976121 0.217064 -0.00845549 5.14095 -0.217082 0.976152 -0.00137159 -0.531176 0.00795613 0.00317437 0.999963 0.0627115
0.970391 0.241398 -0.00824145 5.26539 -0.241419 0.970419 -0.00165296 -0.560656 0.00759864 0.00359367 0.999965 0.0627496
0.963574 0.267308 -0.00842911 5.37146 -0.267333 0.963602 -0.00188722 -0.649079 0.00761784 0.00407185 0.999963 0.0663914
0.955886 0.293619 -0.0083711 5.49428 -0.293644 0.955913 -0.00182813 -0.712213 0.00746527 0.00420561 0.999963 0.0659101
0.947128 0.320745 -0.00850546 5.59944 -0.320771 0.947155 -0.0019523 -0.766599 0.00742979 0.00457738 0.999962 0.0683755
0.936925 0.349419 -0.00883226 5.72204 -0.349451 0.936952 -0.00234217 -0.815194 0.007457 0.00528088 0.999958 0.0773345
0.925604 0.378398 -0.00846754 5.83113 -0.378428 0.925628 -0.00227817 -0.90547 0.00697573 0.00531304 0.999962 0.0782194
0.91298 0.407901 -0.00919013 5.93641 -0.407937 0.913007 -0.00248266 -1.00238 0.00737797 0.00601561 0.999955 0.0731954
0.899255 0.437334 -0.00892779 6.05149 -0.437375 0.899274 -0.00311369 -1.09418 0.0066668 0.00670478 0.999955 0.0812936
0.883755 0.467854 -0.00945412 6.15252 -0.467896 0.883779 -0.00279879 -1.18636 0.00704593 0.00689699 0.999951 0.0761395
0.866605 0.498913 -0.00905982 6.26704 -0.498954 0.866624 -0.00286521 -1.23677 0.00642196 0.00700344 0.999955 0.085863
0.848675 0.528828 -0.00954173 6.3765 -0.528872 0.848697 -0.00270341 -1.34284 0.0066684 0.00734067 0.999951 0.0828605
0.82894 0.559266 -0.00893683 6.48241 -0.559307 0.828956 -0.00278788 -1.4305 0.00584907 0.00730941 0.999956 0.0891769
0.808474 0.588466 -0.0088526 6.57607 -0.588507 0.808488 -0.0027647 -1.5555 0.00553029 0.007445 0.999957 0.088575
0.787092 0.616773 -0.00881263 6.66932 -0.616817 0.787099 -0.00341322 -1.68641 0.00483123 0.00812229 0.999955 0.0906774
0.765086 0.643867 -0.00892578 6.76025 -0.643912 0.765091 -0.00349855 -1.80355 0.00457643 0.00842411 0.999954 0.0862741
0.742628 0.669643 -0.00906149 6.82114 -0.669692 0.742628 -0.00396067 -1.91922 0.00407708 0.00900971 0.999951 0.0750604
0.721054 0.692809 -0.00977759 6.88618 -0.692876 0.721015 -0.00769728 -2.05644 0.00171704 0.0123248 0.999923 0.0837952
0.698847 0.7152 -0.0101541 6.95729 -0.71527 0.698802 -0.00801753 -2.15941 0.00136158 0.012866 0.999916 0.090736
0.678213 0.734789 -0.0105955 7.03122 -0.734865 0.678158 -0.00865223 -2.25893 0.00082786 0.0136543 0.999906 0.0847678
0.658853 0.752195 -0.0106892 7.03563 -0.752271 0.658794 -0.00887808 -2.35295 0.000363934 0.0138905 0.999903 0.0935442
0.639729 0.768526 -0.010678 7.08916 -0.7686 0.639667 -0.00888743 -2.41893 1.48193e-07 0.0138927 0.999903 0.0862541
0.621788 0.783109 -0.0109589 7.12472 -0.783186 0.621719 -0.00922196 -2.51136 -0.000408424 0.014317 0.999897 0.0842351
0.605313 0.795913 -0.0108967 7.16481 -0.795987 0.605239 -0.00953065 -2.59873 -0.000990431 0.0144427 0.999895 0.0908036
0.589357 0.8078 -0.0108157 7.20928 -0.807872 0.589285 -0.00927723 -2.63667 -0.00112059 0.0142053 0.999898 0.0872944
0.573956 0.818823 -0.0101459 7.24155 -0.818885 0.573887 -0.00904051 -2.70496 -0.00157997 0.0134972 0.999908 0.0900664
0.55784 0.82989 -0.00991761 7.29869 -0.829947 0.557771 -0.00893434 -2.77177 -0.00188275 0.013215 0.999911 0.0920166
0.54226 0.840156 -0.00959682 7.30543 -0.840208 0.542193 -0.00880497 -2.82085 -0.00219422 0.0128379 0.999915 0.0944277
0.525936 0.850481 -0.00856648 7.3135 -0.85052 0.525873 -0.00861623 -2.91242 -0.00282307 0.0118175 0.999926 0.091026
0.509199 0.860612 -0.0079526 7.36994 -0.860643 0.50914 -0.00839457 -2.95941 -0.00317548 0.0111189 0.999933 0.0891878
0.491332 0.870943 -0.00714517 7.37974 -0.870964 0.491275 -0.00837145 -3.03745 -0.0037808 0.0103364 0.999939 0.0947713
0.474617 0.880172 -0.00603249 7.38604 -0.880181 0.474565 -0.00833935 -3.12549 -0.00447725 0.00926768 0.999947 0.105307
0.458129 0.888874 -0.00451056 7.41703 -0.88887 0.458085 -0.00820532 -3.20628 -0.00522728 0.0077684 0.999956 0.105648
0.441411 0.897299 -0.00328201 7.44995 -0.897285 0.441373 -0.00830169 -3.28902 -0.00600051 0.00660935 0.99996 0.0962896
0.424416 0.905466 0.00112837 7.53532 -0.90543 0.42441 -0.00853847 -3.37403 -0.00821019 0.00260221 0.999963 0.107152
0.409686 0.912215 0.00456115 7.51271 -0.91217 0.409711 -0.0091003 -3.48031 -0.0101702 -0.00043228 0.999948 0.108333
0.39317 0.919434 0.00767999 7.57097 -0.91939 0.393231 -0.00954435 -3.57644 -0.0117954 -0.00330835 0.999925 0.11172
0.377942 0.925751 0.0120192 7.59208 -0.925718 0.378066 -0.010571 -3.67576 -0.0143302 -0.00713113 0.999872 0.108772
0.362307 0.931957 0.0137927 7.61425 -0.931907 0.362475 -0.0126735 -3.79061 -0.0168107 -0.00826183 0.999825 0.105192
0.3474 0.937602 0.0146553 7.63612 -0.937544 0.347594 -0.0137861 -3.90947 -0.0180199 -0.00895069 0.999798 0.114797
0.333049 0.942792 0.0148907 7.65048 -0.942716 0.333259 -0.0149816 -4.02665 -0.019087 -0.00904815 0.999777 0.112849
0.319113 0.947569 0.0167302 7.68298 -0.947494 0.319371 -0.0160249 -4.16861 -0.0205279 -0.010738 0.999732 0.108706
0.308718 0.951023 0.015732 7.72732 -0.950931 0.308962 -0.0165165 -4.28749 -0.0205682 -0.00986115 0.99974 0.102347
0.299051 0.954159 0.0121847 7.73341 -0.954048 0.299222 -0.0160628 -4.43796 -0.0189724 -0.00682122 0.999797 0.0966242
0.290711 0.956785 0.00697199 7.77079 -0.956649 0.290788 -0.016274 -4.57305 -0.0175981 -0.00193871 0.999843 0.0970892
0.281815 0.959468 -0.0011934 7.7899 -0.959376 0.281771 -0.0142369 -4.69901 -0.0133236 0.0051571 0.999898 0.105007
0.274858 0.961443 -0.00897145 7.83435 -0.961456 0.274765 -0.010354 -4.87828 -0.00748975 0.0114715 0.999906 0.0933769
0.267222 0.963575 -0.0107809 7.8744 -0.963611 0.26712 -0.0100139 -4.99957 -0.00676937 0.0130646 0.999892 0.107552
0.259148 0.965761 -0.0121493 7.89717 -0.965812 0.25903 -0.0104782 -5.14843 -0.00697242 0.0144494 0.999871 0.0977096
0.249874 0.968215 -0.0110413 7.92305 -0.968253 0.249769 -0.0100755 -5.3098 -0.00699752 0.0132084 0.999888 0.102361
0.240725 0.970545 -0.00965769 7.93797 -0.970568 0.240635 -0.0096076 -5.47043 -0.00700063 0.0116862 0.999907 0.0941205
0.23088 0.972942 -0.00884624 7.99992 -0.972957 0.230799 -0.00934045 -5.62433 -0.00704601 0.0107635 0.999917 0.0916652
0.221261 0.975173 -0.00902619 8.02994 -0.975187 0.221176 -0.00955837 -5.77325 -0.00732469 0.0109171 0.999914 0.0884428
0.210891 0.977456 -0.0102612 8.05419 -0.977483 0.210796 -0.00964762 -5.93757 -0.00726711 0.0120647 0.999901 0.0926869
0.200649 0.979599 -0.0112278 8.06967 -0.979638 0.200549 -0.0094525 -6.07579 -0.00700793 0.0128958 0.999892 0.0955718
0.190502 0.981619 -0.0115092 8.08898 -0.981666 0.190407 -0.00879253 -6.27404 -0.00643949 0.0129732 0.999895 0.0925065
0.178927 0.983798 -0.011246 8.12378 -0.983843 0.178841 -0.00830623 -6.45979 -0.00616041 0.0125505 0.999902 0.0884303
0.168114 0.985712 -0.0104911 8.15832 -0.985759 0.168058 -0.00605083 -6.66811 -0.00420126 0.011359 0.999927 0.0851103
0.157425 0.987473 -0.0106662 8.17598 -0.987524 0.157374 -0.00545556 -6.86593 -0.00370864 0.0113919 0.999928 0.0887726
0.146942 0.989085 -0.0109379 8.20567 -0.989139 0.146893 -0.00513872 -7.06822 -0.00347593 0.0115742 0.999927 0.0892682
0.137012 0.990496 -0.0120281 8.21925 -0.990563 0.136959 -0.0051575 -7.27983 -0.00346113 0.0126212 0.999914 0.085893
0.127742 0.991732 -0.0122448 8.24476 -0.991799 0.127681 -0.00563489 -7.49379 -0.00402488 0.0128642 0.999909 0.0857814
0.119162 0.992811 -0.0112607 8.29075 -0.992867 0.119108 -0.00530159 -7.72278 -0.00392223 0.0118122 0.999923 0.0925426
0.111465 0.993716 -0.0101738 8.29852 -0.993762 0.111421 -0.00480835 -7.95615 -0.00364456 0.0106463 0.999937 0.0898677
0.103921 0.994534 -0.0100902 8.31001 -0.994578 0.103876 -0.00491151 -8.20471 -0.00383654 0.0105459 0.999937 0.087106
0.0970838 0.995212 -0.0112944 8.32046 -0.99527 0.0970367 -0.00465205 -8.43295 -0.0035338 0.0116926 0.999925 0.0833744
0.0903263 0.995833 -0.01258 8.34007 -0.995903 0.0902637 -0.00546005 -8.69148 -0.00430178 0.0130216 0.999906 0.0887699
0.0842257 0.996374 -0.011997 8.35072 -0.996428 0.0841451 -0.00707288 -8.95306 -0.00603775 0.0125499 0.999903 0.0816767
0.0789411 0.996842 -0.00856504 8.3607 -0.996855 0.0788763 -0.00765686 -9.2054 -0.00695711 0.00914254 0.999934 0.0860775
0.0731464 0.997281 -0.00899546 8.37832 -0.99729 0.0730697 -0.00857866 -9.48374 -0.00789803 0.00959858 0.999923 0.0801784
0.0682932 0.997615 -0.010052 8.40954 -0.99762 0.0681905 -0.0102231 -9.7492 -0.00951327 0.0107263 0.999897 0.0837876
0.0644867 0.997836 -0.012812 8.41321 -0.99784 0.0643153 -0.0133682 -9.99673 -0.0125153 0.0136464 0.999829 0.0809848
0.0613522 0.998015 -0.014183 8.4228 -0.998032 0.0611562 -0.0138693 -10.2502 -0.0129744 0.015006 0.999803 0.0845379
0.0592611 0.998173 -0.0117956 8.43314 -0.998148 0.059089 -0.0144361 -10.5124 -0.0137128 0.0126293 0.999826 0.0849099
0.057315 0.998321 -0.00839039 8.45183 -0.998239 0.0571778 -0.0157704 -10.7791 -0.0152642 0.0092795 0.99984 0.0837524
0.0551891 0.998435 -0.00907175 8.4588 -0.99835 0.0550357 -0.0163715 -11.0504 -0.0158466 0.00996031 0.999825 0.0775137
0.0545342 0.99844 -0.0119799 8.46048 -0.998386 0.0543332 -0.0165073 -11.3032 -0.0158306 0.0128608 0.999792 0.0876478
0.0522502 0.998535 -0.01403 8.46099 -0.998514 0.0520207 -0.0162533 -11.5627 -0.0154996 0.0148584 0.999769 0.0899493
0.048686 0.998738 -0.0123331 8.53004 -0.998703 0.048493 -0.0154969 -11.8039 -0.0148793 0.0130716 0.999804 0.083799
0.0474323 0.998806 -0.0117105 8.54428 -0.998769 0.047254 -0.01506 -12.0432 -0.0144886 0.0124104 0.999818 0.0788374
0.0462617 0.998862 -0.0115586 8.53543 -0.998829 0.0460902 -0.0146833 -12.3039 -0.0141339 0.0122244 0.999825 0.0775756
0.0442999 0.998933 -0.0130733 8.54408 -0.998921 0.0441096 -0.0145024 -12.5561 -0.0139103 0.0137017 0.999809 0.0720544
0.0418426 0.999037 -0.0132316 8.56015 -0.999022 0.0416451 -0.0148661 -12.8128 -0.0143007 0.0138407 0.999802 0.0685293
0.0408725 0.999094 -0.0118427 8.5583 -0.999044 0.0406807 -0.0160052 -13.0956 -0.015509 0.0124855 0.999802 0.0649029
0.0387478 0.999193 -0.010555 8.57475 -0.99912 0.0385713 -0.0164474 -13.335 -0.016027 0.011183 0.999809 0.0654492
0.0367887 0.999247 -0.012314 8.57275 -0.99917 0.0365649 -0.0179334 -13.5745 -0.0174697 0.0129635 0.999763 0.0580242
0.0364438 0.999217 -0.0153884 8.54212 -0.999135 0.0361238 -0.0205832 -13.8502 -0.0200112 0.0161252 0.99967 0.0586115
0.0340648 0.999301 -0.0153691 8.57058 -0.999187 0.0337211 -0.0220953 -14.1117 -0.0215616 0.0161093 0.999638 0.0617127
0.0309288 0.999412 -0.0148225 8.60531 -0.999254 0.030574 -0.0235958 -14.3784 -0.0231288 0.0155412 0.999612 0.054409
0.0291398 0.999469 -0.0145512 8.61155 -0.999247 0.0287539 -0.0260626 -14.6225 -0.0256304 0.0152997 0.999554 0.0483839
0.0274151 0.999517 -0.014649 8.61706 -0.999262 0.0270079 -0.0273079 -14.8687 -0.0268991 0.0153869 0.99952 0.0531257
0.0251388 0.999554 -0.0161378 8.61637 -0.999332 0.0246982 -0.0269407 -15.1156 -0.0265301 0.0168043 0.999507 0.0487055
0.0230975 0.999617 -0.015275 8.60653 -0.999405 0.0226959 -0.0259594 -15.3805 -0.0256027 0.0158655 0.999546 0.0444411
0.0214341 0.99967 -0.0141862 8.61625 -0.9995 0.0210963 -0.0235451 -15.6061 -0.023238 0.0146838 0.999622 0.0439753
0.0204184 0.999687 -0.0144813 8.63837 -0.999542 0.0200878 -0.0226216 -15.8442 -0.0223236 0.0149365 0.999639 0.0387592
0.0186811 0.999711 -0.0151145 8.64668 -0.999582 0.0183406 -0.0223617 -16.0841 -0.022078 0.0155259 0.999636 0.0401205
0.0170376 0.999685 -0.0184059 8.63282 -0.999623 0.0166347 -0.0218255 -16.3111 -0.0215125 0.0187709 0.999592 0.0316227
0.0162996 0.999684 -0.0191602 8.62876 -0.999642 0.0158866 -0.0215165 -16.5876 -0.0212053 0.0195041 0.999585 0.0314976
0.0145283 0.99973 -0.0181105 8.63118 -0.99968 0.0141476 -0.0209735 -16.8534 -0.0207117 0.0184094 0.999616 0.0212328
0.013747 0.999766 -0.0167182 8.64929 -0.9997 0.0134032 -0.0205085 -17.0715 -0.0202796 0.0169951 0.99965 0.0164911
0.0136896 0.999749 -0.0177503 8.63697 -0.999718 0.0133407 -0.0196305 -17.3075 -0.0193888 0.018014 0.99965 0.0131095
0.012817 0.999736 -0.0190878 8.63778 -0.999756 0.0124695 -0.018214 -17.5863 -0.0179712 0.0193166 0.999652 0.0140964
0.0112363 0.99976 -0.0187983 8.65774 -0.999779 0.0108987 -0.0179651 -17.7963 -0.0177559 0.018996 0.999662 0.0133011
0.0106517 0.999799 -0.0169965 8.64763 -0.999762 0.0103248 -0.0192089 -18.0402 -0.0190296 0.017197 0.999671 0.0118898
0.0100611 0.999818 -0.0161863 8.64145 -0.999771 0.00975213 -0.0190575 -18.2825 -0.0188962 0.0163744 0.999687 0.0110506
0.00982582 0.999801 -0.0173556 8.64989 -0.999788 0.00950828 -0.0182852 -18.5231 -0.0181165 0.0175316 0.999682 0.00963706
0.00838534 0.99979 -0.0187135 8.67334 -0.999793 0.00803545 -0.0186944 -18.7733 -0.0185401 0.0188663 0.99965 0.00750646
0.00668082 0.999779 -0.0199497 8.67005 -0.999796 0.00629788 -0.0191968 -18.9926 -0.0190669 0.0200739 0.999617 0.000113732
0.00624814 0.999773 -0.0203803 8.66009 -0.999797 0.00585552 -0.0192677 -19.2482 -0.019144 0.0204966 0.999607 -0.00301687
0.00566256 0.999805 -0.018928 8.66674 -0.999826 0.0053239 -0.0178948 -19.4894 -0.0177905 0.019026 0.999661 -0.00242815
0.00466561 0.999827 -0.0180046 8.66993 -0.999837 0.00434961 -0.0175507 -19.7247 -0.0174694 0.0180835 0.999684 -0.00490994
0.0038826 0.999829 -0.0180886 8.67663 -0.999834 0.00355927 -0.0178733 -19.975 -0.0178059 0.018155 0.999677 -0.0102531
0.00303888 0.999828 -0.0182991 8.68323 -0.999824 0.00269914 -0.0185622 -20.2008 -0.0185096 0.0183523 0.99966 -0.00974995
0.00211514 0.999833 -0.0181341 8.66 -0.999816 0.00176891 -0.0190877 -20.4508 -0.0190524 0.0181711 0.999653 -0.0108935
0.000517504 0.99984 -0.0178877 8.67263 -0.999817 0.000175056 -0.0191406 -20.7044 -0.0191344 0.0178944 0.999657 -0.0158686
-0.000578526 0.999846 -0.0175473 8.66755 -0.999822 -0.000909639 -0.0188677 -20.9267 -0.0188807 0.0175333 0.999668 -0.0164009
-0.000799075 0.99984 -0.0178578 8.66536 -0.999822 -0.00113496 -0.0188067 -21.1779 -0.018824 0.0178396 0.999664 -0.0218508
-0.00149607 0.999843 -0.0176723 8.67749 -0.999831 -0.00181946 -0.0182972 -21.4067 -0.0183265 0.017642 0.999676 -0.0185869
-0.00185778 0.999839 -0.0178459 8.6642 -0.999843 -0.00217143 -0.0175724 -21.661 -0.0176083 0.0178105 0.999686 -0.0234719
-0.00337069 0.999796 -0.0199295 8.66751 -0.999843 -0.00371637 -0.0173337 -21.9065 -0.0174042 0.019868 0.999651 -0.026977
-0.00373371 0.999801 -0.0195782 8.66704 -0.999839 -0.00407639 -0.0174924 -22.1309 -0.0175687 0.0195098 0.999655 -0.0257097
-0.00376998 0.9998 -0.0196221 8.66146 -0.999838 -0.00411419 -0.0175313 -22.3685 -0.0176085 0.0195528 0.999654 -0.0321806
-0.00458874 0.999796 -0.0196793 8.65921 -0.999834 -0.00493387 -0.0175252 -22.6008 -0.0176188 0.0195956 0.999653 -0.0313926
-0.00445599 0.9998 -0.0195178 8.66655 -0.999833 -0.00480043 -0.0176362 -22.831 -0.0177264 0.019436 0.999654 -0.0298743
-0.00388347 0.999822 -0.0184739 8.66397 -0.999834 -0.00421145 -0.0177478 -23.0872 -0.0178225 0.018402 0.999672 -0.0369941
-0.00365149 0.999815 -0.0188821 8.66401 -0.999836 -0.00398567 -0.017691 -23.3107 -0.017763 0.0188144 0.999665 -0.0396711
-0.00368932 0.999805 -0.0194137 8.65959 -0.999844 -0.00402372 -0.0172144 -23.5571 -0.0172892 0.0193472 0.999663 -0.0390453
-0.00351703 0.999801 -0.0196614 8.65307 -0.999849 -0.00385101 -0.0169747 -23.7751 -0.017047 0.0195987 0.999663 -0.0455629
-0.00313381 0.999821 -0.0186326 8.678 -0.999856 -0.00344363 -0.0166188 -24.0162 -0.01668 0.0185779 0.999688 -0.0462583
-0.0036 0.999841 -0.0174718 8.68204 -0.999865 -0.00387886 -0.0159529 -24.2476 -0.0160182 0.017412 0.99972 -0.046066
-0.00278944 0.99982 -0.0187647 8.66205 -0.999865 -0.00309272 -0.0161523 -24.4837 -0.0162074 0.0187171 0.999693 -0.0531292
-0.00220988 0.999807 -0.0195356 8.65737 -0.999858 -0.00253499 -0.0166328 -24.7222 -0.0166791 0.0194961 0.999671 -0.0485013
-0.00189294 0.999807 -0.0195482 8.67173 -0.999847 -0.00223195 -0.0173349 -24.947 -0.0173752 0.0195124 0.999659 -0.0556264
-0.00205256 0.99981 -0.0193914 8.66932 -0.999841 -0.00239487 -0.0176458 -25.1924 -0.0176889 0.0193521 0.999656 -0.0574311
-0.00238977 0.99982 -0.0188198 8.67832 -0.999847 -0.00271521 -0.017286 -25.4148 -0.017334 0.0187756 0.999673 -0.0572155
-0.00260249 0.999822 -0.0186695 8.67034 -0.999859 -0.00291161 -0.0165497 -25.659 -0.0166011 0.0186237 0.999689 -0.0634365
-0.00257876 0.999816 -0.0190231 8.6705 -0.999865 -0.0028868 -0.0161833 -25.8848 -0.0162352 0.0189788 0.999688 -0.0668846
-0.00148168 0.999799 -0.0200169 8.65557 -0.999859 -0.00181554 -0.0166707 -26.1101 -0.0167037 0.0199894 0.999661 -0.0668405
-0.00139591 0.999807 -0.019576 8.66088 -0.999847 -0.0017371 -0.017423 -26.3599 -0.0174536 0.0195487 0.999657 -0.0662129
-0.00173625 0.999816 -0.0191252 8.66482 -0.999831 -0.00208545 -0.018254 -26.5813 -0.0182906 0.0190903 0.99965 -0.0665626
-0.000978859 0.999832 -0.0182978 8.66467 -0.9998 -0.00134399 -0.0199532 -26.8287 -0.0199744 0.0182746 0.999633 -0.0712956
-0.000940066 0.999836 -0.018078 8.66322 -0.99978 -0.00131857 -0.020937 -27.0391 -0.0209574 0.0180543 0.999617 -0.0747049
-0.000389468 0.99984 -0.0178653 8.65357 -0.999785 -0.000759848 -0.0207297 -27.2866 -0.02074 0.0178533 0.999625 -0.077303
-3.55335e-05 0.999832 -0.0183346 8.66108 -0.999802 -0.000399962 -0.0198732 -27.534 -0.0198772 0.0183303 0.999634 -0.078234
-0.000318144 0.999843 -0.0177355 8.66592 -0.999823 -0.000651387 -0.018787 -27.741 -0.0187956 0.0177264 0.999666 -0.0788017
3.08016e-05 0.999856 -0.0169654 8.65996 -0.999833 -0.000279504 -0.0182878 -27.9809 -0.0182899 0.0169632 0.999689 -0.0813004
0.000608656 0.999859 -0.0167947 8.66006 -0.999825 0.00029472 -0.0186887 -28.2006 -0.0186811 0.0168032 0.999684 -0.0844228
0.000296054 0.999854 -0.0170734 8.67346 -0.999824 -2.45958e-05 -0.0187774 -28.4344 -0.0187751 0.017076 0.999678 -0.0789368
0.00156213 0.999846 -0.0174731 8.68199 -0.999815 0.00122689 -0.01918 -28.649 -0.0191556 0.0174999 0.999663 -0.0835859
0.00359099 0.999835 -0.0178318 8.68239 -0.999813 0.0032506 -0.0190813 -28.8896 -0.0190202 0.017897 0.999659 -0.0891579
0.0058396 0.999833 -0.0173016 8.67458 -0.999817 0.00552276 -0.0183044 -29.1195 -0.0182058 0.0174053 0.999683 -0.0922852
0.00784883 0.999829 -0.0167177 8.68423 -0.999819 0.00755678 -0.0174616 -29.3546 -0.0173323 0.0168517 0.999708 -0.0929945
0.00997096 0.999808 -0.016885 8.69238 -0.999811 0.00968626 -0.01686 -29.5783 -0.0166932 0.0170499 0.999715 -0.0963756
0.012767 0.999766 -0.0174757 8.68836 -0.999785 0.0124782 -0.0165389 -29.8002 -0.016317 0.0176831 0.99971 -0.0959811
0.0147255 0.999749 -0.0168765 8.71999 -0.999765 0.014453 -0.0161551 -30.0223 -0.0159071 0.0171104 0.999727 -0.0932963
0.0170546 0.999707 -0.0171524 8.72555 -0.999731 0.0167806 -0.0159972 -30.2638 -0.0157047 0.0174207 0.999725 -0.0970409
0.0202029 0.999648 -0.0171983 8.71537 -0.999672 0.0199264 -0.0161 -30.4994 -0.0157516 0.0175179 0.999722 -0.100413
0.0235855 0.999582 -0.0167156 8.70303 -0.999598 0.0233163 -0.0161243 -30.7342 -0.0157278 0.0170892 0.99973 -0.102739
0.0266511 0.999499 -0.017094 8.72095 -0.999525 0.0263789 -0.0159535 -30.9607 -0.0154946 0.017511 0.999727 -0.105683
0.0286687 0.999442 -0.017166 8.73912 -0.999468 0.0283943 -0.0160165 -31.182 -0.0155201 0.017616 0.999724 -0.105599
0.03093 0.999385 -0.0165373 8.75394 -0.999404 0.0306679 -0.0158757 -31.4173 -0.0153587 0.0170185 0.999737 -0.105807
0.0340425 0.99929 -0.0161201 8.7634 -0.999311 0.0337961 -0.0153198 -31.6289 -0.0147641 0.0166305 0.999753 -0.108601
0.0365053 0.999201 -0.0162992 8.76672 -0.999223 0.0362543 -0.0154377 -31.8711 -0.0148345 0.0168501 0.999748 -0.109182
0.0390032 0.999097 -0.0168622 8.77883 -0.999131 0.0387454 -0.0153525 -32.1026 -0.0146853 0.0174464 0.99974 -0.115271
0.041176 0.999006 -0.0170966 8.79031 -0.999039 0.0409084 -0.0157171 -32.3294 -0.0150021 0.0177273 0.99973 -0.114498
0.0438406 0.998902 -0.0165391 8.81052 -0.998926 0.043581 -0.0157455 -32.552 -0.0150074 0.0172116 0.999739 -0.113561
0.0461985 0.998805 -0.0159329 8.82623 -0.998823 0.0459521 -0.0155018 -32.7714 -0.0147512 0.0166303 0.999753 -0.118933
0.0481161 0.998727 -0.0151154 8.8388 -0.998735 0.0478844 -0.0153334 -33.0173 -0.0145901 0.0158341 0.999768 -0.122307
0.049328 0.998688 -0.013735 8.84592 -0.998674 0.0491147 -0.0154514 -33.2468 -0.0147566 0.014479 0.999786 -0.119424
0.0508993 0.998619 -0.0130419 8.85575 -0.998585 0.0506876 -0.0160725 -33.4696 -0.0153892 0.0138415 0.999786 -0.119263
0.0518009 0.998586 -0.0119264 8.86804 -0.998531 0.0516007 -0.0165267 -33.7112 -0.015888 0.0127649 0.999792 -0.123895
0.0519334 0.99859 -0.010958 8.89104 -0.998521 0.0517467 -0.0166837 -33.9315 -0.0160931 0.0118082 0.999801 -0.127214
0.0524208 0.998532 -0.013603 8.90702 -0.998502 0.052196 -0.0163879 -34.1612 -0.0156538 0.0144417 0.999773 -0.123675
0.0518054 0.99851 -0.0171651 8.90825 -0.998538 0.0515262 -0.0163287 -34.3845 -0.0154199 0.0179859 0.999719 -0.130654
0.0513519 0.998509 -0.018497 8.92214 -0.998566 0.0510561 -0.0161226 -34.6104 -0.0151542 0.0192984 0.999699 -0.123972
0.0511713 0.998522 -0.0183197 8.93467 -0.998572 0.0508742 -0.0163316 -34.8435 -0.0153754 0.0191293 0.999699 -0.129252
0.0503747 0.998577 -0.0174855 8.94803 -0.998607 0.0500855 -0.0165974 -35.0701 -0.015698 0.0182972 0.999709 -0.13216
0.0479907 0.998701 -0.017149 8.95466 -0.998721 0.0477042 -0.0167421 -35.2977 -0.0159023 0.0179306 0.999713 -0.134519
0.0463186 0.998779 -0.0171674 8.96547 -0.998791 0.0460219 -0.0172956 -35.508 -0.0164844 0.0179478 0.999703 -0.135607
0.0434868 0.998913 -0.0167608 8.97443 -0.998911 0.0431901 -0.0176745 -35.7481 -0.0169314 0.0175111 0.999703 -0.136826
0.0390914 0.999102 -0.0163129 8.97999 -0.999092 0.0388039 -0.0175831 -35.987 -0.0169343 0.0169854 0.999712 -0.138774
0.035237 0.999274 -0.01446 8.98458 -0.999242 0.0349891 -0.0170563 -36.2254 -0.016538 0.01505 0.99975 -0.139945
0.0298583 0.999486 -0.011651 8.9863 -0.999417 0.0296591 -0.016907 -36.4393 -0.0165528 0.0121491 0.999789 -0.140661
0.0240931 0.999658 -0.0101281 8.99591 -0.999565 0.023916 -0.0172508 -36.6806 -0.0170027 0.0105394 0.9998 -0.145821
0.0175839 0.99978 -0.0114002 8.98962 -0.999684 0.0173753 -0.0181497 -36.9101 -0.0179476 0.0117157 0.99977 -0.146631
0.00897237 0.999846 -0.0150516 8.96525 -0.999764 0.0086718 -0.0199172 -37.1559 -0.0197836 0.0152267 0.999688 -0.14774
0.000100175 0.999851 -0.0172505 8.98582 -0.999784 -0.000258389 -0.0207822 -37.379 -0.0207835 0.0172489 0.999635 -0.141464
-0.0107831 0.9998 -0.0168545 8.97522 -0.999723 -0.0111316 -0.0207245 -37.5987 -0.020908 0.0166263 0.999643 -0.147318
-0.0225829 0.999623 -0.0155845 8.96149 -0.999535 -0.0228951 -0.0201524 -37.8325 -0.0205016 0.0151222 0.999675 -0.15584
-0.0373375 0.9992 -0.0143575 8.93324 -0.999095 -0.0376187 -0.019841 -38.0572 -0.0203652 0.0136037 0.9997 -0.155937
-0.0535043 0.998476 -0.0135391 8.90472 -0.998351 -0.05377 -0.0200933 -38.2721 -0.0207907 0.0124417 0.999706 -0.151858
-0.0721215 0.997297 -0.014069 8.87858 -0.997172 -0.0723969 -0.0201548 -38.5051 -0.0211188 0.0125756 0.999698 -0.15816
-0.0925923 0.995594 -0.0148052 8.85234 -0.995457 -0.0928902 -0.0208866 -38.7441 -0.0221698 0.012804 0.999672 -0.162809
-0.114887 0.993275 -0.0143242 8.78583 -0.993122 -0.115173 -0.0210847 -38.9637 -0.0225927 0.0118033 0.999675 -0.165466
-0.138867 0.990231 -0.0125741 8.75195 -0.990054 -0.139109 -0.021007 -39.1739 -0.0225509 0.00953183 0.9997 -0.166462
-0.164309 0.986358 -0.0100025 8.70758 -0.986135 -0.164494 -0.0218836 -39.3916 -0.0232304 0.00626815 0.99971 -0.173932
-0.192123 0.981327 -0.00925953 8.64757 -0.981089 -0.192286 -0.0221356 -39.5962 -0.0235027 0.00483167 0.999712 -0.178883
-0.223327 0.974707 -0.00843582 8.57481 -0.974451 -0.223463 -0.0225672 -39.8002 -0.0238815 0.00318044 0.99971 -0.183805
-0.255941 0.966655 -0.00844436 8.50158 -0.966369 -0.256072 -0.0236148 -39.9964 -0.0249898 0.00211636 0.999685 -0.184656
-0.291236 0.956601 -0.0097542 8.39248 -0.956287 -0.291392 -0.0246066 -40.2046 -0.026381 0.00216148 0.99965 -0.194138
-0.327536 0.94478 -0.0104857 8.29856 -0.944442 -0.3277 -0.0253455 -40.3818 -0.0273821 0.00160161 0.999624 -0.196012
-0.364048 0.931311 -0.0113898 8.19711 -0.930963 -0.364223 -0.0254781 -40.5575 -0.0278765 0.00132826 0.99961 -0.206262
-0.400528 0.916199 -0.0125416 8.08781 -0.915842 -0.400723 -0.0255889 -40.7163 -0.0284703 0.00123705 0.999594 -0.199692
-0.435707 0.899965 -0.0149201 7.96779 -0.899612 -0.435956 -0.0253285 -40.8764 -0.0292993 0.00238646 0.999568 -0.217201
-0.470554 0.882238 -0.015351 7.85929 -0.881905 -0.4708 -0.0243222 -41.025 -0.0286852 0.00209322 0.999586 -0.201677
-0.504851 0.863072 -0.0152509 7.74565 -0.862745 -0.50508 -0.0237874 -41.1579 -0.0282332 0.00114854 0.999601 -0.206766
-0.539267 0.841978 -0.0162223 7.62641 -0.841665 -0.53951 -0.0230171 -41.2889 -0.028132 0.00124143 0.999603 -0.216146
-0.573047 0.819337 -0.0174186 7.48906 -0.819031 -0.57331 -0.0224379 -41.4073 -0.0283704 0.00140839 0.999596 -0.212783
-0.604692 0.796227 -0.0192424 7.35526 -0.795938 -0.604994 -0.0215574 -41.5201 -0.0288061 0.00228019 0.999582 -0.225472
-0.634116 0.772971 -0.0203285 7.21646 -0.772682 -0.634437 -0.021261 -41.6196 -0.0293313 0.00222557 0.999567 -0.220358
-0.661222 0.749898 -0.0209351 7.08346 -0.749582 -0.661552 -0.0218204 -41.7303 -0.0302128 0.00126444 0.999543 -0.236482
-0.686595 0.726745 -0.020734 6.96875 -0.726417 -0.686908 -0.0218058 -41.8204 -0.0300896 8.97526e-05 0.999547 -0.232574
-0.709405 0.704512 -0.0201925 6.85835 -0.704169 -0.709691 -0.0220242 -41.9063 -0.0298468 -0.00140513 0.999553 -0.236751
-0.728218 0.68504 -0.0204527 6.73006 -0.684695 -0.728503 -0.021823 -41.9643 -0.0298495 -0.00188806 0.999553 -0.250316
-0.744718 0.667063 -0.0205437 6.63589 -0.666715 -0.744997 -0.0216995 -42.0245 -0.02978 -0.00246322 0.999553 -0.248049
-0.759115 0.650622 -0.0208362 6.54429 -0.650273 -0.759396 -0.0215061 -42.0751 -0.0298152 -0.00277641 0.999552 -0.250191
-0.77086 0.636659 -0.0209786 6.45904 -0.636309 -0.771139 -0.0213383 -42.1184 -0.0297626 -0.00309994 0.999552 -0.250579
-0.781721 0.623243 -0.0219 6.37823 -0.622893 -0.782023 -0.0210775 -42.1591 -0.0302627 -0.00283537 0.999538 -0.258477
-0.789824 0.612926 -0.0223407 6.3136 -0.612587 -0.790136 -0.0205433 -42.1922 -0.0302437 -0.00254 0.999539 -0.25971
-0.796835 0.603779 -0.0224945 6.27645 -0.603446 -0.797148 -0.0201974 -42.2139 -0.0301262 -0.00251973 0.999543 -0.266713
-0.801726 0.597279 -0.0222138 6.23365 -0.596952 -0.802029 -0.0199529 -42.2303 -0.0297335 -0.00273623 0.999554 -0.263172
-0.80576 0.591813 -0.0225323 6.20797 -0.591489 -0.806071 -0.0197685 -42.2633 -0.0298619 -0.00260105 0.999551 -0.266732
-0.808038 0.588723 -0.021905 6.18813 -0.588409 -0.80833 -0.0194188 -42.2608 -0.0291387 -0.00280203 0.999571 -0.263829
-0.810027 0.585993 -0.021665 6.18969 -0.585685 -0.810311 -0.0191965 -42.2685 -0.0288044 -0.00286074 0.999581 -0.25941
-0.811867 0.583456 -0.0212286 6.17183 -0.583151 -0.812138 -0.0191178 -42.2774 -0.0283949 -0.0031416 0.999592 -0.261807
-0.813827 0.580764 -0.019977 6.16098 -0.580469 -0.814063 -0.0188781 -42.2696 -0.0272262 -0.00376747 0.999622 -0.262567
-0.814951 0.579219 -0.0189605 6.15155 -0.578939 -0.815161 -0.0184921 -42.2943 -0.0261669 -0.00409313 0.999649 -0.263572
-0.816813 0.5766 -0.0186765 6.1462 -0.576318 -0.817014 -0.0185808 -42.2986 -0.0259727 -0.00441343 0.999653 -0.263488
-0.819031 0.573444 -0.0187295 6.12786 -0.573181 -0.819236 -0.01779 -42.3031 -0.0255454 -0.0038352 0.999666 -0.267719
-0.8213 0.570193 -0.0185943 6.08983 -0.569937 -0.821502 -0.0175242 -42.3077 -0.0252674 -0.00379505 0.999674 -0.265565
-0.823625 0.566822 -0.0188572 6.06173 -0.566585 -0.823835 -0.0166789 -42.3318 -0.0249892 -0.00305294 0.999683 -0.265352
-0.826335 0.562867 -0.018734 6.04643 -0.562636 -0.826542 -0.0164062 -42.3363 -0.0247189 -0.00301658 0.99969 -0.261386
-0.828648 0.559431 -0.0194635 6.00405 -0.559208 -0.828873 -0.0159679 -42.358 -0.0250658 -0.00234763 0.999683 -0.265705
-0.831583 0.555061 -0.0194109 5.96226 -0.554838 -0.831806 -0.0159148 -42.3734 -0.0249798 -0.00246457 0.999685 -0.261832
-0.83424 0.551045 -0.0198122 5.91717 -0.550829 -0.834473 -0.015565 -42.4069 -0.0251098 -0.00207183 0.999683 -0.269026
-0.837209 0.546556 -0.0189193 5.86546 -0.546328 -0.837417 -0.0160909 -42.4246 -0.0246379 -0.00313532 0.999692 -0.267344
-0.840341 0.541751 -0.0182467 5.83448 -0.541539 -0.840533 -0.0154963 -42.4416 -0.0237321 -0.00314082 0.999713 -0.268527
-0.843444 0.536915 -0.0179953 5.7733 -0.536701 -0.843629 -0.0155629 -42.4902 -0.0235373 -0.00346837 0.999717 -0.260972
-0.84604 0.532804 -0.0183369 5.72069 -0.532586 -0.846232 -0.0155928 -42.5201 -0.0238252 -0.0034261 0.99971 -0.271627
-0.849562 0.527169 -0.018352 5.64522 -0.526946 -0.849752 -0.0157861 -42.5571 -0.0239166 -0.00374074 0.999707 -0.268521
-0.852467 0.522456 -0.0184312 5.55925 -0.522245 -0.85266 -0.0151978 -42.5952 -0.0236558 -0.00333003 0.999715 -0.270337
-0.856155 0.516392 -0.0183968 5.47771 -0.516166 -0.856343 -0.0157738 -42.6425 -0.0238994 -0.00400896 0.999706 -0.269815
-0.860016 0.509934 -0.0184257 5.38408 -0.509703 -0.860203 -0.0159566 -42.6946 -0.0239867 -0.00433126 0.999703 -0.281572
-0.863363 0.504261 -0.0180375 5.29821 -0.504033 -0.863539 -0.0158527 -42.7359 -0.02357 -0.00459512 0.999712 -0.281321
-0.866915 0.498121 -0.0182801 5.18747 -0.497886 -0.867094 -0.0160436 -42.8028 -0.0238422 -0.00480705 0.999704 -0.285306
-0.870638 0.491583 -0.0183118 5.06671 -0.49134 -0.870815 -0.0163067 -42.8533 -0.0239623 -0.00519993 0.999699 -0.279426
-0.874374 0.484847 -0.0198449 4.94979 -0.484525 -0.874571 -0.0189886 -42.9149 -0.0265623 -0.00698775 0.999623 -0.287011
-0.877831 0.478507 -0.021073 4.81509 -0.478111 -0.878042 -0.0212691 -42.9939 -0.0286804 -0.00859539 0.999552 -0.295859
