1 0 0 0 0 1 0 0 0 0 1 0
1 -5.89024e-06 -4.14874e-05 0.0297041 5.88664e-06 1 -8.6632e-05 0.00322294 4.14879e-05 8.66317e-05 1 0.000918585
1 -9.3362e-05 -3.11938e-05 0.0551502 9.33629e-05 1 2.81282e-05 0.00192467 3.11912e-05 -2.81311e-05 1 0.00324043
1 -5.31509e-05 -5.15112e-05 0.0776352 5.31555e-05 1 8.98395e-05 0.00010301 5.15065e-05 -8.98422e-05 1 0.0018027
1 -2.39099e-05 -7.54326e-05 0.101213 2.39214e-05 1 0.000152334 0.00359255 7.54289e-05 -0.000152336 1 0.00375632
1 1.06957e-05 -8.96249e-05 0.122736 -1.07016e-05 1 -6.58164e-05 0.00233185 8.96242e-05 6.58174e-05 1 0.00255851
1 -4.46666e-05 -0.000108026 0.150742 4.46557e-05 1 -0.000100244 0.00315033 0.00010803 0.000100239 1 0.00321121
1 -6.88204e-05 -0.000136944 0.169456 6.88095e-05 1 -8.00166e-05 0.00371105 0.000136949 8.00072e-05 1 0.00511594
1 -0.000126606 -0.00018542 0.206974 0.000126601 1 -2.91363e-05 0.00563109 0.000185424 2.91128e-05 1 0.00358382
1 -8.81321e-05 -0.000236695 0.246546 8.81525e-05 1 8.59501e-05 0.000363195 0.000236688 -8.5971e-05 1 0.00323298
1 -0.000154314 -0.000224536 0.282096 0.000154348 1 0.000151421 0.00096871 0.000224512 -0.000151456 1 0.00629086
1 -0.000144167 -0.000254194 0.309943 0.000144186 1 7.24421e-05 0.00168656 0.000254184 -7.24788e-05 1 0.00427465
1 -0.000113125 -0.000279642 0.332869 0.000113152 1 9.746e-05 0.00259352 0.000279631 -9.74916e-05 1 0.00497382
1 -8.76278e-05 -0.000291534 0.348767 8.76517e-05 1 8.19816e-05 0.00336362 0.000291527 -8.20072e-05 1 0.00356917
1 -0.000127744 -0.000494571 0.381929 0.000127719 1 -4.88795e-05 0.00280369 0.000494577 4.88163e-05 1 0.00357252
0.999999 -0.000189751 -0.00147356 0.425386 0.000190561 1 0.000549966 -0.000119706 0.00147346 -0.000550247 0.999999 0.0204546
0.999998 -0.00031953 -0.00201311 0.466019 0.000320995 1 0.00072743 0.00172554 0.00201288 -0.000728074 0.999998 0.0126695
0.999999 -0.000426657 -0.00165428 0.527816 0.000427976 1 0.000796679 0.00649992 0.00165394 -0.000797385 0.999998 0.0100452
0.999999 -0.000480633 -0.00153033 0.627295 0.00048086 1 0.000148159 0.00740795 0.00153026 -0.000148895 0.999999 0.00943411
0.999998 -0.000713528 -0.00173298 0.740781 0.000713486 1 -2.45181e-05 0.00468212 0.001733 2.32816e-05 0.999998 0.0118496
0.999998 -0.00100789 -0.00187777 0.838055 0.00100755 0.999999 -0.000184693 0.0016932 0.00187796 0.0001828 0.999998 0.0103565
0.999997 -0.00128986 -0.00187569 0.944983 0.0012892 0.999999 -0.000350324 0.00447477 0.00187615 0.000347905 0.999998 0.00142079
0.999996 -0.00212548 -0.00179205 1.12161 0.00212534 0.999998 -8.08367e-05 0.013354 0.00179222 7.70277e-05 0.999998 0.00216158
0.999995 -0.00265179 -0.00176538 1.26124 0.00265168 0.999996 -6.44718e-05 0.015786 0.00176554 5.97902e-05 0.999998 0.00526151
0.999993 -0.00318154 -0.00180296 1.43242 0.00318148 0.999995 -3.74336e-05 0.0114166 0.00180307 3.16973e-05 0.999998 0.0053605
0.999992 -0.00348852 -0.00210761 1.60448 0.00348797 0.999994 -0.000263726 0.0099857 0.00210852 0.000256373 0.999998 0.00460017
0.999989 -0.00398872 -0.00237241 1.76527 0.0039889 0.999992 7.02236e-05 0.0195808 0.00237211 -7.96862e-05 0.999997 0.00471226
0.999985 -0.00478696 -0.0025901 2.00317 0.00478818 0.999988 0.000466017 0.0241015 0.00258784 -0.000478412 0.999997 0.00220293
0.999978 -0.00598011 -0.00271348 2.23321 0.00598157 0.999982 0.000528396 0.0162254 0.00271027 -0.000544616 0.999996 0.00980825
0.999969 -0.00726971 -0.00288939 2.46857 0.00727319 0.999973 0.0011967 0.0293451 0.00288061 -0.00121768 0.999995 0.0165156
0.999958 -0.00858976 -0.00312317 2.7371 0.00859282 0.999963 0.000964739 0.0369661 0.00311476 -0.000991536 0.999995 0.0150162
0.999942 -0.0102972 -0.00303431 3.02895 0.0103024 0.999945 0.00171719 0.0375476 0.00301646 -0.00174835 0.999994 0.0139055
0.999924 -0.0118686 -0.00320497 3.33026 0.0118733 0.999928 0.00143859 0.052551 0.00318766 -0.00147653 0.999994 0.00310917
0.999906 -0.0133235 -0.00312185 3.6302 0.0133285 0.99991 0.00158808 0.0556278 0.00310041 -0.00162954 0.999994 0.0117262
0.999883 -0.014933 -0.00316655 3.95645 0.014938 0.999887 0.00158071 0.065472 0.00314259 -0.00162783 0.999994 0.0114062
0.999854 -0.0167847 -0.00331265 4.29397 0.016792 0.999857 0.00220547 0.0614347 0.00327515 -0.00226077 0.999992 0.0193314
0.999818 -0.0187685 -0.00351198 4.66141 0.0187769 0.999821 0.00236182 0.0752857 0.00346703 -0.00242733 0.999991 0.0122468
0.999778 -0.0208146 -0.00342034 5.0256 0.0208206 0.999782 0.00173701 0.0890441 0.00338344 -0.00180783 0.999993 0.0144915
0.999744 -0.0223316 -0.00364592 5.38946 0.0223389 0.999749 0.0019701 0.092511 0.003601 -0.00205104 0.999991 0.0233453
0.999692 -0.0245083 -0.00382643 5.78743 0.0245157 0.999698 0.00191466 0.104193 0.00377835 -0.00200788 0.999991 0.0205704
0.999631 -0.0268976 -0.00375019 6.19458 0.0269092 0.999633 0.00306982 0.111405 0.00366624 -0.0031696 0.999988 0.0241342
0.999568 -0.0291461 -0.00365092 6.62243 0.0291581 0.999569 0.00326676 0.138697 0.00355413 -0.0033718 0.999988 0.0308488
0.999496 -0.0315117 -0.00380473 7.05595 0.0315223 0.999499 0.00275167 0.147352 0.00371611 -0.00287022 0.999989 0.0331576
0.999419 -0.0338605 -0.00386272 7.50105 0.0338741 0.99942 0.00351551 0.169887 0.00374144 -0.00364432 0.999986 0.0430412
0.999346 -0.0361682 -0.000478914 7.95969 0.0361684 0.999346 0.000475454 0.190666 0.000461404 -0.000492464 1 0.0210588
0.99926 -0.0384704 0.000499367 8.41458 0.0384706 0.99926 -0.000424371 0.208207 -0.000482672 0.000443268 1 0.0384159
0.999179 -0.0405153 -0.00023233 8.88766 0.0405154 0.999179 0.0001488 0.234622 0.00022611 -0.00015809 1 0.04092
0.999122 -0.0419023 -0.000592407 9.36275 0.041903 0.999121 0.00115436 0.254821 0.000543515 -0.00117817 0.999999 0.0257622
0.999045 -0.0436976 -0.000751898 9.86087 0.0436986 0.999044 0.00136627 0.275252 0.000691476 -0.00139782 0.999999 0.035443
0.998944 -0.0459367 -0.0010169 10.3623 0.0459381 0.998943 0.0014336 0.304703 0.000949974 -0.0014788 0.999998 0.0459446
0.998867 -0.0475618 -0.00133505 10.8885 0.0475625 0.998868 0.000496707 0.329234 0.00130991 -0.000559643 0.999999 0.0445014
0.998786 -0.0492434 -0.00151975 11.4184 0.0492438 0.998787 0.000247518 0.361362 0.00150572 -0.000322056 0.999999 0.0488654
0.99871 -0.0507488 -0.00193399 11.9768 0.0507492 0.998711 0.000158033 0.386101 0.00192347 -0.000255977 0.999998 0.0463112
0.998614 -0.0525575 -0.00285104 12.5393 0.0525589 0.998618 0.000407309 0.424944 0.00282569 -0.000556592 0.999996 0.0534891
0.99851 -0.0544513 -0.00349379 13.1059 0.0544502 0.998516 -0.000402056 0.459413 0.0035105 0.000211219 0.999994 0.0489634
0.998407 -0.0563288 -0.00331709 13.6985 0.0563246 0.998412 -0.00135929 0.488727 0.00338839 0.00117029 0.999994 0.0563341
0.998332 -0.0576392 -0.00335501 14.2905 0.0576349 0.998337 -0.00138252 0.522467 0.00342911 0.00118685 0.999993 0.0797084
0.998217 -0.0596465 -0.00217289 14.9117 0.0596442 0.998219 -0.00109757 0.567722 0.00223449 0.000966011 0.999997 0.0573798
0.998098 -0.0616355 -0.00100108 15.5259 0.0616343 0.998098 -0.00123888 0.605913 0.00107554 0.00117482 0.999999 0.0570744
0.997978 -0.0635631 -0.000189211 16.1733 0.0635625 0.997975 -0.00237729 0.64159 0.000339936 0.00236046 0.999997 0.0693512
0.997843 -0.0656384 6.05655e-05 16.8244 0.0656383 0.997839 -0.00292706 0.695064 0.000131693 0.00292472 0.999996 0.0661505
0.99773 -0.0673375 0.000234773 17.4831 0.0673377 0.99773 -0.00100741 0.736488 -0.000166403 0.00102094 0.999999 0.0665789
0.997597 -0.0692779 0.000152208 18.1388 0.069278 0.997597 -0.000645853 0.787695 -0.000107099 0.000654846 1 0.0603939
0.997469 -0.0710759 -0.0017015 18.8011 0.0710732 0.99747 -0.00161562 0.836891 0.00181203 0.0014906 0.999997 0.0811
0.997337 -0.0728125 -0.00417143 19.472 0.0728022 0.997343 -0.00257936 0.887 0.00434816 0.0022688 0.999988 0.0932954
0.99719 -0.074562 -0.00725898 20.165 0.0745435 0.997214 -0.00278568 0.938993 0.00744647 0.00223674 0.99997 0.0943782
0.997026 -0.0767158 -0.00736929 20.8593 0.0766947 0.99705 -0.00310324 0.990834 0.00758562 0.00252882 0.999968 0.088384
0.996865 -0.0789152 -0.00564721 21.5642 0.0788971 0.996877 -0.0033537 1.04375 0.00589424 0.00289763 0.999978 0.109664
0.996674 -0.0814722 -0.00163669 22.268 0.0814636 0.996665 -0.00479695 1.10488 0.00202205 0.00464767 0.999987 0.114257
0.996428 -0.0844421 4.81193e-05 22.9808 0.0844411 0.996414 -0.00546011 1.1732 0.000413116 0.00544467 0.999985 0.130241
0.996162 -0.0874593 0.00336431 23.6917 0.0874756 0.996154 -0.00505069 1.24337 -0.00290964 0.0053256 0.999982 0.11488
0.995895 -0.0903999 0.00467146 24.4077 0.0904184 0.995896 -0.00392858 1.31359 -0.00429715 0.00433483 0.999981 0.122171
0.995606 -0.0935264 0.00456129 25.1411 0.0935428 0.995609 -0.00352105 1.38763 -0.00421195 0.00393226 0.999983 0.123485
0.995308 -0.0966251 0.00514706 25.8747 0.0966403 0.995316 -0.00277665 1.46104 -0.00485465 0.00326104 0.999983 0.139493
0.994994 -0.0998079 0.00505639 26.5868 0.0998181 0.995004 -0.00181706 1.53954 -0.00484977 0.00231269 0.999986 0.129921
0.994661 -0.10311 0.00419066 27.3137 0.103107 0.99467 0.00096947 1.61944 -0.00426828 -0.00053221 0.999991 0.13588
0.994304 -0.106541 0.00280435 28.0429 0.106537 0.994308 0.00154372 1.70314 -0.00295286 -0.00123616 0.999995 0.111873
0.993884 -0.110405 0.00233385 28.7741 0.110397 0.993882 0.00338563 1.79268 -0.00269336 -0.00310728 0.999992 0.130169
0.993498 -0.11382 0.00268428 29.514 0.113805 0.99349 0.00508188 1.87997 -0.00324523 -0.00474335 0.999983 0.146465
0.993097 -0.117214 0.00449848 30.2321 0.11718 0.993085 0.00720357 1.97311 -0.00531173 -0.00662671 0.999964 0.140088
0.992694 -0.12057 0.00470336 30.9626 0.120529 0.992676 0.00821789 2.06783 -0.00565975 -0.00759095 0.999955 0.149586
0.992282 -0.123944 0.00383648 31.6962 0.123901 0.992243 0.010111 2.1646 -0.00505992 -0.00955759 0.999942 0.158557
0.991851 -0.127382 0.00218288 32.4194 0.127346 0.991783 0.0122368 2.26699 -0.0037237 -0.0118591 0.999923 0.160355
0.991354 -0.131201 0.00199171 33.1384 0.131152 0.991232 0.0160843 2.3774 -0.00408452 -0.015684 0.999869 0.15837
0.990868 -0.134793 0.00330043 33.873 0.13471 0.990713 0.0184587 2.48004 -0.00575788 -0.0178456 0.999824 0.14082
0.990352 -0.138385 0.00723683 34.6021 0.138223 0.990211 0.0194155 2.58853 -0.0098528 -0.0182279 0.999785 0.143561
0.989863 -0.141796 0.00804481 35.3147 0.141617 0.989726 0.01967 2.69479 -0.0107513 -0.0183313 0.999774 0.177576
0.989462 -0.144796 -6.04074e-05 36.024 0.144774 0.989308 0.0175857 2.80572 -0.00248657 -0.0174091 0.999845 0.172273
0.988956 -0.147848 -0.0103908 36.7431 0.147999 0.988864 0.0156633 2.91166 0.00795933 -0.0170281 0.999823 0.168108
0.988389 -0.151373 -0.0131962 37.4625 0.151573 0.988321 0.0157207 3.03399 0.0106624 -0.0175383 0.999789 0.155319
0.988039 -0.154076 -0.00635951 38.1839 0.154163 0.987902 0.0168171 3.14296 0.00369146 -0.0175963 0.999838 0.153132
0.987608 -0.156872 0.00467144 38.9061 0.156797 0.987539 0.0134371 3.25741 -0.00672113 -0.0125381 0.999899 0.172263
0.987061 -0.160016 0.0102749 39.607 0.159899 0.987069 0.0113091 3.36276 -0.0119517 -0.00951981 0.999883 0.227889
0.986685 -0.162535 0.00584251 40.3133 0.16246 0.986646 0.0116983 3.48703 -0.00766588 -0.0105934 0.999915 0.231715
0.986177 -0.16566 -0.00338548 41.0155 0.165689 0.986102 0.0122131 3.61923 0.0013152 -0.0126053 0.99992 0.196519
0.985506 -0.169421 -0.00861307 41.7287 0.169501 0.985483 0.00961421 3.74432 0.00685918 -0.0109348 0.999917 0.200767
0.984963 -0.172649 -0.00638081 42.4173 0.172708 0.984918 0.010368 3.86676 0.00449455 -0.0113141 0.999926 0.229867
0.984566 -0.175003 -0.00193851 43.1253 0.175013 0.984467 0.0139383 3.9951 -0.000530849 -0.0140624 0.999901 0.224517
0.98402 -0.178036 0.00261647 43.8353 0.177979 0.983924 0.014725 4.13148 -0.00519599 -0.014024 0.999888 0.206458
0.983424 -0.181262 0.00470258 44.538 0.181191 0.983368 0.0125687 4.2555 -0.0069026 -0.0115083 0.99991 0.230162
0.982909 -0.184063 0.00315011 45.2215 0.184009 0.982841 0.0128456 4.39833 -0.00546044 -0.0120464 0.999913 0.247771
0.982396 -0.186799 0.00216251 45.9225 0.186757 0.982321 0.012929 4.53242 -0.00453941 -0.0122975 0.999914 0.218809
0.981641 -0.190695 0.00404513 46.6259 0.190636 0.98159 0.0118112 4.67527 -0.00622299 -0.0108232 0.999922 0.237236
0.980809 -0.194786 0.00845695 47.3154 0.19473 0.980832 0.0070211 4.7986 -0.00966246 -0.00523953 0.99994 0.230667
0.980001 -0.198796 0.0088272 48.004 0.198748 0.980032 0.00602613 4.94117 -0.00984891 -0.00415123 0.999943 0.273003
0.979284 -0.202433 0.0047824 48.6812 0.20241 0.979289 0.00481463 5.08691 -0.00565799 -0.00374688 0.999977 0.264276
0.978562 -0.205951 0.000277958 49.3587 0.205947 0.978551 0.00493775 5.23593 -0.00128893 -0.00477465 0.999988 0.250604
0.977777 -0.209574 -0.00547583 50.033 0.209586 0.977789 0.00166886 5.38455 0.00500446 -0.00277943 0.999984 0.246787
0.977022 -0.212972 -0.00847144 50.7122 0.212986 0.977055 0.000757249 5.52648 0.00811579 -0.00254415 0.999964 0.254223
0.976358 -0.216013 -0.00799411 51.3982 0.216022 0.976389 0.000171051 5.68354 0.0077684 -0.00189391 0.999968 0.26553
0.975748 -0.218785 -0.00701086 52.0781 0.218785 0.975773 -0.000831523 5.83482 0.00702293 -0.000722514 0.999975 0.294704
0.975025 -0.221967 -0.00751307 52.7471 0.221969 0.975054 -0.000602541 5.99457 0.00745939 -0.00108017 0.999972 0.309383
0.974349 -0.224844 -0.00940803 53.423 0.224851 0.974393 -0.000302304 6.15329 0.00923509 -0.00182086 0.999956 0.316162
0.973658 -0.227769 -0.0105962 54.108 0.227788 0.97371 0.000691469 6.32459 0.0101602 -0.00308695 0.999944 0.318139
0.973003 -0.230548 -0.0105861 54.7887 0.230572 0.973055 0.00105973 6.48679 0.0100566 -0.00347198 0.999943 0.327768
0.972345 -0.233383 -0.00875873 55.4691 0.233411 0.972376 0.00221665 6.65395 0.00799944 -0.00419973 0.999959 0.335994
0.971665 -0.236249 -0.00732753 56.1459 0.23627 0.971685 0.00213061 6.83039 0.0066167 -0.00380151 0.999971 0.343248
0.971094 -0.238611 -0.00644919 56.8339 0.238631 0.971107 0.00243591 6.9952 0.00568162 -0.00390447 0.999976 0.357825
0.970414 -0.241366 -0.00631592 57.523 0.241385 0.970427 0.00234163 7.17629 0.00556395 -0.00379692 0.999977 0.371146
0.969725 -0.244111 -0.00660322 58.2056 0.244129 0.96974 0.00211273 7.34649 0.00588767 -0.00366081 0.999976 0.382658
0.96899 -0.247012 -0.00663529 58.891 0.247025 0.969008 0.00124466 7.52232 0.00612221 -0.00284515 0.999977 0.38348
0.968246 -0.249896 -0.00714869 59.585 0.249903 0.968271 0.000105945 7.69906 0.0068954 -0.00188906 0.999974 0.404864
0.96754 -0.252624 -0.00691269 60.2757 0.252631 0.967563 3.31516e-05 7.88327 0.00668009 -0.00177843 0.999976 0.415874
0.966794 -0.255492 -0.00575978 60.9764 0.255495 0.96681 -0.000250368 8.07106 0.00563258 -0.00122954 0.999983 0.413292
0.965849 -0.25906 -0.00492288 61.6777 0.259062 0.965861 -0.000275335 8.27531 0.00482614 -0.0010094 0.999988 0.422819
0.964856 -0.262745 -0.00426617 62.3803 0.262746 0.964865 -0.000482305 8.46759 0.004243 -0.000655563 0.999991 0.434208
0.963827 -0.266496 -0.0040913 63.0859 0.266496 0.963836 -0.000623955 8.66068 0.00410962 -0.000488928 0.999991 0.441885
0.962796 -0.270199 -0.00397477 63.7932 0.270196 0.962804 -0.00139959 8.86226 0.0042051 0.000273552 0.999991 0.447326
0.961816 -0.273662 -0.00430584 64.5031 0.273658 0.961826 -0.00144604 9.06415 0.00453719 0.000212497 0.99999 0.462344
0.960759 -0.277341 -0.00490501 65.2209 0.277332 0.960771 -0.00243109 9.27428 0.00538683 0.00097538 0.999985 0.470015
0.959482 -0.281716 -0.00548888 65.9376 0.281704 0.959497 -0.00285964 9.48408 0.00607218 0.00119753 0.999981 0.475758
0.958032 -0.286615 -0.00523147 66.6583 0.286598 0.958043 -0.00384167 9.70562 0.00611305 0.00218111 0.999979 0.473391
0.956511 -0.291663 -0.0044306 67.3723 0.291636 0.956512 -0.0057918 9.92658 0.00592717 0.00424779 0.999973 0.485554
0.955003 -0.296572 -0.00377604 68.0888 0.296544 0.954996 -0.00660754 10.1488 0.00556572 0.00519046 0.999971 0.505601
0.953405 -0.301659 -0.0045585 68.8276 0.301618 0.953396 -0.00789644 10.3849 0.00672808 0.00615358 0.999958 0.502031
0.951818 -0.306597 -0.0063402 69.5562 0.306546 0.951823 -0.00788484 10.6221 0.00845221 0.00556138 0.999949 0.54097
0.950045 -0.312055 -0.00596029 70.2806 0.312013 0.950052 -0.0070185 10.8674 0.00785275 0.00480821 0.999958 0.532324
0.948371 -0.317137 -0.0039454 71.0121 0.317107 0.948366 -0.00673075 11.1114 0.00587625 0.00513214 0.99997 0.547762
0.946568 -0.322501 -0.00159681 71.737 0.322485 0.946553 -0.00630555 11.3719 0.00354501 0.00545369 0.999979 0.560787
0.944882 -0.32741 -0.000776013 72.4641 0.327402 0.94487 -0.00535783 11.6261 0.00248744 0.00480844 0.999985 0.571174
0.943135 -0.332402 -0.00233259 73.1845 0.332388 0.943129 -0.00506371 11.8854 0.00388312 0.00400044 0.999984 0.57921
0.941255 -0.337677 -0.00361577 73.9071 0.337661 0.941257 -0.00443048 12.1489 0.00489944 0.0029493 0.999984 0.582559
0.93945 -0.342668 -0.00335895 74.6207 0.342647 0.939447 -0.00562356 12.4107 0.00508257 0.00413212 0.999979 0.588468
0.937588 -0.347729 -0.00360067 75.3348 0.347705 0.937585 -0.00606573 12.6848 0.00548516 0.00443519 0.999975 0.605531
0.93574 -0.352672 -0.00351242 76.0571 0.352646 0.935735 -0.00634022 12.9567 0.00552271 0.00469416 0.999974 0.618291
0.933843 -0.357671 -0.00302906 76.7773 0.35765 0.933837 -0.00580468 13.2335 0.00490482 0.00433731 0.999979 0.636057
0.931927 -0.362638 -0.00228778 77.4828 0.362625 0.931923 -0.00470194 13.5165 0.00383714 0.00355227 0.999986 0.635785
0.93022 -0.366996 -0.00224464 78.1974 0.366982 0.930214 -0.00504091 13.8003 0.00393799 0.00386541 0.999985 0.641845
0.928569 -0.371151 -0.00270851 78.9013 0.371137 0.928567 -0.00446701 14.0909 0.00417297 0.00314269 0.999986 0.665498
0.927224 -0.374491 -0.00362814 79.6045 0.374474 0.927227 -0.00444328 14.3804 0.00502807 0.00276127 0.999984 0.671841
0.925826 -0.377927 -0.00415068 80.3259 0.377916 0.925834 -0.00326139 14.6768 0.00507541 0.00145087 0.999986 0.672855
0.924296 -0.381658 -0.00382137 81.0319 0.381642 0.9243 -0.00426524 14.9718 0.00515996 0.00248395 0.999984 0.683988
0.922876 -0.385079 -0.00364965 81.7289 0.385064 0.922881 -0.00409294 15.2595 0.00494429 0.00237193 0.999985 0.705161
0.921402 -0.388598 -0.00302616 82.4441 0.388586 0.921404 -0.00406094 15.5693 0.00436638 0.00256584 0.999987 0.704968
0.919906 -0.392128 -0.00301888 83.1449 0.392115 0.919908 -0.00394491 15.8745 0.004324 0.0024452 0.999988 0.716367
0.918451 -0.395522 -0.00316649 83.843 0.395507 0.918452 -0.00454148 16.1767 0.00470453 0.00291876 0.999985 0.729882
0.916898 -0.399104 -0.00372364 84.5445 0.399091 0.916904 -0.00366499 16.4856 0.00487693 0.00187435 0.999986 0.740369
0.915391 -0.402554 -0.00314814 85.2484 0.402541 0.915393 -0.00396433 16.7957 0.00447764 0.00236166 0.999987 0.736034
0.913875 -0.405987 -0.00272446 85.952 0.405975 0.913875 -0.00417076 17.1099 0.00418309 0.00270549 0.999988 0.753309
0.912323 -0.409461 -0.00275384 86.6432 0.409448 0.912323 -0.00441436 17.4249 0.0043199 0.00289977 0.999986 0.770716
0.910923 -0.412561 -0.0034822 87.3417 0.412544 0.910925 -0.0047851 17.748 0.00514617 0.0029223 0.999982 0.776435
0.909386 -0.415937 -0.00381711 88.0388 0.415914 0.909387 -0.00555761 18.069 0.00578284 0.00346642 0.999977 0.777488
0.907769 -0.419458 -0.00313475 88.7329 0.419436 0.907765 -0.00594125 18.3875 0.00533772 0.00407846 0.999977 0.794128
0.906243 -0.422755 -0.00161702 89.4291 0.422739 0.906232 -0.00594825 18.7106 0.00398004 0.00470698 0.999981 0.798794
0.904523 -0.426424 -0.00109068 90.1228 0.426411 0.90451 -0.00593892 19.0464 0.00351903 0.00490681 0.999982 0.815946
0.90274 -0.430185 -0.00161231 90.8128 0.430167 0.902726 -0.00647161 19.3836 0.00423947 0.00514862 0.999978 0.822717
0.900812 -0.434202 -0.00270499 91.4996 0.434175 0.9008 -0.00717057 19.7158 0.00555013 0.00528489 0.999971 0.831251
0.898998 -0.437942 -0.00309524 92.1853 0.437913 0.898989 -0.00717091 20.0508 0.00592303 0.00509119 0.999969 0.839619
0.897162 -0.441696 -0.00246058 92.8764 0.441671 0.897151 -0.00688471 20.3982 0.00524846 0.00508993 0.999973 0.848586
0.895147 -0.445766 -0.00190486 93.5603 0.445746 0.895135 -0.00657784 20.7493 0.00463728 0.00503905 0.999977 0.863976
0.893282 -0.449492 -0.0017645 94.2398 0.44947 0.893266 -0.00717597 21.0848 0.00480171 0.00561708 0.999973 0.87662
0.891299 -0.453409 -0.00229989 94.9221 0.453383 0.891285 -0.0074032 21.4401 0.00540653 0.00555573 0.99997 0.88924
0.889388 -0.457142 -0.00319688 95.5977 0.457112 0.88938 -0.0071763 21.79 0.00612383 0.00492118 0.999969 0.892205
0.887377 -0.461035 -0.00290051 96.2845 0.461007 0.887368 -0.00715697 22.1466 0.00587343 0.00501378 0.99997 0.88383
0.885307 -0.465 -0.00252871 96.9598 0.46497 0.885293 -0.00764504 22.5085 0.00579359 0.00559243 0.999968 0.908345
0.883356 -0.468698 -0.00218186 97.629 0.468668 0.883337 -0.00810022 22.8633 0.00572388 0.00613281 0.999965 0.930509
0.881385 -0.472391 -0.00270617 98.3042 0.472355 0.881367 -0.00859163 23.2273 0.00644374 0.00629426 0.999959 0.944815
0.879225 -0.476397 -0.00312996 98.9748 0.476356 0.879208 -0.00886417 23.5973 0.00697475 0.00630261 0.999956 0.954122
0.87707 -0.480356 -0.00261879 99.6343 0.480312 0.877042 -0.0098874 23.9651 0.00704626 0.0074141 0.999948 0.959661
0.874977 -0.484161 -0.00172975 100.315 0.484124 0.874946 -0.0096863 24.3387 0.00620317 0.00763788 0.999952 0.977356
0.872932 -0.487841 -0.000725328 100.98 0.487811 0.872894 -0.00984712 24.7087 0.00543696 0.00824204 0.999951 0.989574
0.870811 -0.491617 -0.000525877 101.65 0.491587 0.870769 -0.0101377 25.0937 0.0054418 0.00856953 0.999948 1.00025
0.86849 -0.495707 -0.000798387 102.307 0.495678 0.868454 -0.00954049 25.4805 0.00542265 0.00789008 0.999954 1.0102
0.866188 -0.499717 -0.00143996 102.964 0.499686 0.866161 -0.0089054 25.8578 0.00569742 0.00699422 0.999959 1.01436
0.863936 -0.503598 -0.0016285 103.622 0.503568 0.863913 -0.00861767 26.2556 0.00574673 0.00662506 0.999962 1.02089
0.861645 -0.50751 -0.0014508 104.278 0.507481 0.86162 -0.00862427 26.6494 0.00562694 0.00669481 0.999962 1.02564
0.859445 -0.511225 -0.00186131 104.93 0.511188 0.859417 -0.00945796 27.033 0.00643479 0.00717711 0.999954 1.04451
0.857345 -0.514732 -0.00328656 105.584 0.514686 0.857328 -0.00926454 27.4259 0.00758642 0.00625136 0.999952 1.06092
0.855187 -0.518302 -0.00434058 106.24 0.518262 0.855186 -0.00778561 27.832 0.0077473 0.00440859 0.99996 1.06585
0.853188 -0.521592 -0.00360564 106.887 0.52156 0.853185 -0.00714936 28.2336 0.00680533 0.00421919 0.999968 1.0694
0.851013 -0.525144 -0.00137249 107.534 0.525127 0.851002 -0.00617451 28.6383 0.00441049 0.00453385 0.99998 1.09131
0.849152 -0.528149 4.15611e-05 108.182 0.528136 0.84913 -0.00711232 29.0364 0.00372107 0.00606139 0.999975 1.11516
0.847292 -0.531124 -0.00173247 108.826 0.531097 0.847275 -0.0078393 29.4521 0.00563151 0.00572207 0.999968 1.12089
0.84526 -0.534343 -0.00347298 109.465 0.534306 0.845253 -0.00798626 29.8567 0.00720295 0.00489483 0.999962 1.12811
0.843342 -0.537367 -0.00330223 110.108 0.537327 0.843332 -0.00845455 30.2682 0.00732807 0.0053557 0.999959 1.12515
0.841359 -0.540469 -0.00276908 110.752 0.540436 0.841348 -0.00785461 30.6748 0.00657493 0.00511204 0.999965 1.14909
0.839423 -0.543478 -0.00113897 111.385 0.543454 0.839402 -0.00794342 31.0958 0.00527313 0.00604891 0.999968 1.15155
0.837511 -0.546421 -0.000344548 112.019 0.546402 0.837486 -0.0078684 31.5198 0.00458801 0.00640161 0.999969 1.16767
0.835802 -0.549031 -0.000141378 112.648 0.549015 0.835778 -0.00754282 31.9372 0.0042594 0.00622668 0.999972 1.17462
0.834111 -0.551596 -0.000399327 113.291 0.551578 0.83409 -0.00742414 32.359 0.0044282 0.0059723 0.999972 1.18853
0.832357 -0.55424 -0.000536298 113.92 0.554225 0.83234 -0.00667976 32.787 0.00414857 0.00526271 0.999978 1.19728
0.83078 -0.5566 -0.000864802 114.545 0.556587 0.83077 -0.00563017 33.2101 0.0038522 0.0041961 0.999984 1.20936
0.829447 -0.558585 -0.000825273 115.169 0.558575 0.82944 -0.00475923 33.6337 0.00334295 0.00348655 0.999988 1.21249
0.828109 -0.560567 -0.000561473 115.785 0.560558 0.828099 -0.00517005 34.0583 0.00336312 0.00396662 0.999986 1.21992
0.826997 -0.562205 -0.000828184 116.402 0.562196 0.82699 -0.00485062 34.4868 0.00341194 0.00354585 0.999988 1.23263
0.826036 -0.563617 -0.000864468 117.026 0.563607 0.826029 -0.00488542 34.9053 0.00346758 0.00354831 0.999988 1.25115
0.824781 -0.565452 -0.000823262 117.644 0.565442 0.824774 -0.00483466 35.3331 0.00341277 0.00352202 0.999988 1.25033
0.823581 -0.567198 -0.000684801 118.254 0.567188 0.823573 -0.00505072 35.7588 0.00342874 0.00377126 0.999987 1.25692
0.822283 -0.569079 -0.000570204 118.861 0.569069 0.822274 -0.00511229 36.1926 0.00337816 0.00387926 0.999987 1.26586
0.821229 -0.570598 -0.000684924 119.471 0.570588 0.821222 -0.0048958 36.617 0.00335601 0.00362977 0.999988 1.27882
0.820345 -0.571868 -0.00116469 120.078 0.571858 0.82034 -0.00466055 37.0401 0.00362066 0.00315722 0.999988 1.28827
0.819478 -0.573103 -0.0029014 120.675 0.573094 0.819482 -0.00356654 37.4718 0.00442164 0.00125992 0.999989 1.29787
0.818892 -0.573915 -0.00614578 121.274 0.573906 0.818914 -0.00338228 37.8989 0.00697401 -0.000757377 0.999975 1.29517
0.818332 -0.574687 -0.00817733 121.875 0.574679 0.818371 -0.00352566 38.3216 0.00871824 -0.00181418 0.99996 1.3155
0.81749 -0.575883 -0.00827816 122.47 0.575882 0.817528 -0.00275957 38.7466 0.00835682 -0.00251132 0.999962 1.33339
0.816966 -0.576635 -0.00764087 123.069 0.576643 0.816995 -0.00141636 39.1753 0.00705928 -0.00324893 0.99997 1.34434
0.816553 -0.577235 -0.00637347 123.665 0.577245 0.816571 -0.000377704 39.602 0.00542241 -0.00337064 0.99998 1.34768
0.816008 -0.578011 -0.00592843 124.254 0.578023 0.81602 0.000492309 40.0255 0.00455316 -0.0038285 0.999982 1.36151
0.81557 -0.578626 -0.00608664 124.844 0.578638 0.815584 0.000342356 40.4508 0.00476607 -0.00380118 0.999981 1.36514
0.815023 -0.579386 -0.00700597 125.434 0.579398 0.815045 -0.000358273 40.8716 0.00591775 -0.00376724 0.999975 1.37356
0.814408 -0.580232 -0.00836865 126.025 0.580248 0.81444 -0.000672502 41.2935 0.00720597 -0.0043082 0.999965 1.39845
0.813948 -0.580871 -0.00873223 126.61 0.580885 0.813985 -0.00110914 41.7088 0.00775217 -0.00416964 0.999961 1.41203
0.813426 -0.581609 -0.0082746 127.193 0.581628 0.813455 -0.000230577 42.1335 0.00686512 -0.00462518 0.999966 1.41614
0.813007 -0.582199 -0.00797158 127.776 0.582216 0.813034 -0.000216865 42.559 0.00660742 -0.00446487 0.999968 1.42627
0.812477 -0.582942 -0.00767981 128.359 0.582953 0.812505 -0.000970472 42.9767 0.00680561 -0.00368848 0.99997 1.44757
0.811941 -0.583685 -0.00799024 128.936 0.583695 0.811972 -0.00119063 43.3906 0.00718281 -0.00369714 0.999967 1.45817
0.811621 -0.584128 -0.00805501 129.506 0.584137 0.811654 -0.00147158 43.8005 0.00739747 -0.00351086 0.999966 1.46439
0.81105 -0.584919 -0.00824492 130.082 0.584926 0.811085 -0.00181348 44.2275 0.00774806 -0.00335185 0.999964 1.47508
0.810469 -0.58573 -0.00770607 130.653 0.585738 0.810499 -0.00142581 44.6427 0.0070809 -0.00335816 0.999969 1.48623
0.809869 -0.586574 -0.00653578 131.226 0.586579 0.809891 -0.00143529 45.0594 0.00613517 -0.00267135 0.999978 1.48318
0.809341 -0.587307 -0.00618038 131.795 0.587313 0.809359 -0.000893817 45.4723 0.00552709 -0.00290642 0.999981 1.51481
0.808934 -0.587881 -0.00475544 132.356 0.587884 0.808945 -0.000808406 45.887 0.00432213 -0.0021417 0.999988 1.50454
0.808559 -0.588394 -0.00497814 132.933 0.588393 0.808573 -0.0018633 46.3029 0.00512155 -0.00142252 0.999986 1.52532
0.808094 -0.589025 -0.00574637 133.49 0.589022 0.808114 -0.00233967 46.7206 0.00602185 -0.00149406 0.999981 1.54375
0.808082 -0.589032 -0.00673745 134.046 0.589036 0.808105 -0.00157672 47.1259 0.00637331 -0.00269448 0.999976 1.54083
0.808189 -0.588879 -0.0072463 134.606 0.588885 0.808215 -0.00150816 47.5436 0.0067447 -0.00304836 0.999973 1.5532
0.808481 -0.588486 -0.00649351 135.171 0.588485 0.808505 -0.00224325 47.9555 0.00657015 -0.00200771 0.999976 1.56612
0.809336 -0.587319 -0.00570848 135.727 0.587315 0.809355 -0.00248611 48.3609 0.00608032 -0.00134058 0.999981 1.57405
0.810483 -0.58573 -0.00611415 136.296 0.585727 0.810505 -0.00253242 48.7708 0.00643886 -0.00152874 0.999978 1.58711
0.811977 -0.583656 -0.00621701 136.854 0.583657 0.811998 -0.00188792 49.1681 0.0061501 -0.00209566 0.999979 1.59187
0.813283 -0.581842 -0.00562056 137.419 0.581841 0.8133 -0.00197601 49.5769 0.00572093 -0.00166321 0.999982 1.59979
0.814604 -0.58 -0.00450575 137.982 0.579994 0.814616 -0.00273156 49.9749 0.00525476 -0.000388166 0.999986 1.61807
0.815889 -0.578197 -0.00357108 138.54 0.578186 0.815896 -0.00374785 50.3731 0.00508062 0.000993083 0.999987 1.63287
0.817393 -0.57607 -0.00347678 139.094 0.576053 0.817399 -0.00471943 50.7653 0.00556063 0.00185482 0.999983 1.64102
0.818826 -0.574031 -0.00343471 139.654 0.574008 0.818829 -0.00582559 51.1607 0.00615651 0.00279859 0.999977 1.63907
0.820463 -0.571683 -0.00443229 140.217 0.571651 0.820469 -0.00673926 51.547 0.00748927 0.00299559 0.999967 1.66086
0.822079 -0.569353 -0.0048203 140.778 0.569317 0.822087 -0.00711797 51.9369 0.00801535 0.00310725 0.999963 1.65777
0.823876 -0.566751 -0.00477931 141.343 0.566702 0.823878 -0.00865302 52.3113 0.00884167 0.00442057 0.999951 1.67656
0.825328 -0.564639 -0.00404315 141.9 0.564592 0.825323 -0.00882095 52.7049 0.00831756 0.00499745 0.999953 1.68623
0.827007 -0.562182 -0.0033721 142.466 0.562141 0.826998 -0.00852104 53.0894 0.0075791 0.00515136 0.999958 1.70415
0.828658 -0.559751 -0.00200422 143.034 0.559715 0.828637 -0.00889284 53.4703 0.00663855 0.00624733 0.999958 1.71896
0.830237 -0.55741 -0.000849785 143.596 0.557385 0.830213 -0.00825951 53.8545 0.00530944 0.0063837 0.999966 1.72082
0.831959 -0.554837 -0.000796494 144.16 0.554816 0.831938 -0.00758269 54.2239 0.00486979 0.00586658 0.999971 1.73031
0.833499 -0.55252 -0.000992597 144.734 0.5525 0.833482 -0.00713236 54.6099 0.00476808 0.0053964 0.999974 1.73694
0.835077 -0.550132 -0.000725152 145.3 0.550114 0.835059 -0.00715133 54.9843 0.00453972 0.005573 0.999974 1.74757
0.836683 -0.547688 -0.000272507 145.874 0.547674 0.836666 -0.00653829 55.3574 0.00380894 0.00532123 0.999979 1.75332
0.838278 -0.545243 -0.000687805 146.436 0.54523 0.838265 -0.0059962 55.7304 0.00384595 0.00465147 0.999982 1.75877
0.839801 -0.542891 -0.00216708 147 0.542873 0.839795 -0.00571432 56.0984 0.00492216 0.00362244 0.999981 1.762
0.841261 -0.540618 -0.00347767 147.58 0.540595 0.841263 -0.00578775 56.4683 0.00605459 0.002989 0.999977 1.77449
0.842812 -0.538192 -0.00420203 148.15 0.538162 0.842816 -0.00657098 56.8359 0.00707798 0.00327672 0.99997 1.79792
0.844414 -0.535669 -0.00479021 148.727 0.535645 0.844425 -0.00542986 57.1978 0.00695359 0.0020192 0.999974 1.81497
0.845944 -0.533249 -0.00492813 149.297 0.533242 0.845958 -0.00270175 57.5739 0.0056097 -0.000342359 0.999984 1.81375
0.847248 -0.53119 -0.0026848 149.878 0.531183 0.847252 -0.00304749 57.9388 0.00389349 0.00115586 0.999992 1.80783
0.848273 -0.529559 -0.000395016 150.466 0.529552 0.848266 -0.00446972 58.3012 0.00270206 0.00358236 0.99999 1.82937
0.849521 -0.527554 0.000441423 151.045 0.527546 0.849503 -0.00633917 58.6598 0.00296926 0.00561813 0.99998 1.83941
0.850784 -0.525511 -0.00211627 151.623 0.525495 0.85078 -0.00534865 59.0144 0.00461125 0.00343847 0.999983 1.85175
0.851667 -0.524062 -0.00480445 152.198 0.524046 0.85168 -0.00418834 59.3716 0.0062868 0.00104932 0.99998 1.84612
0.852228 -0.523141 -0.00550329 152.782 0.523125 0.852246 -0.00415682 59.7326 0.00686476 0.000663651 0.999976 1.85756
0.852844 -0.522152 -0.00383245 153.37 0.522137 0.85285 -0.00443687 60.088 0.00558523 0.00178289 0.999983 1.86544
0.853446 -0.521177 -0.00209338 153.959 0.521163 0.853443 -0.00482421 60.4489 0.00430085 0.00302621 0.999986 1.87742
0.853982 -0.5203 -0.00168697 154.543 0.520287 0.853978 -0.00482139 60.8081 0.00394921 0.00323967 0.999987 1.88735
0.854411 -0.519594 -0.00199311 155.132 0.519581 0.854407 -0.00485877 61.1646 0.00422752 0.00311581 0.999986 1.89968
0.854598 -0.519286 -0.00226763 155.717 0.519272 0.854596 -0.00483443 61.5284 0.00444836 0.00295397 0.999986 1.90551
0.854607 -0.519269 -0.00251587 156.298 0.519253 0.854606 -0.00489052 61.8847 0.00468957 0.0028731 0.999985 1.91907
0.854375 -0.519652 -0.00207992 156.878 0.519639 0.854373 -0.00478503 62.2422 0.00426357 0.0030074 0.999986 1.92158
0.853887 -0.520455 -0.0017788 157.469 0.520444 0.853884 -0.00458901 62.602 0.00390726 0.00299273 0.999988 1.92932
0.853028 -0.521863 -0.00165577 158.065 0.521854 0.853026 -0.00391545 62.9645 0.00345574 0.00247592 0.999991 1.94332
0.852133 -0.523324 -0.000702369 158.643 0.523317 0.852127 -0.00438752 63.3212 0.0028946 0.00337119 0.99999 1.95054
0.850911 -0.52531 -0.000830057 159.231 0.525299 0.850902 -0.00522765 63.6895 0.00345243 0.00401223 0.999986 1.95684
0.849534 -0.527532 -0.00117565 159.822 0.527514 0.849521 -0.0065669 64.0588 0.00446299 0.00495863 0.999978 1.9654
0.847988 -0.530012 -0.00205694 160.406 0.529984 0.847973 -0.00762046 64.4286 0.00578316 0.00537191 0.999969 1.97407
0.846743 -0.531996 -0.00265077 160.991 0.531964 0.84673 -0.00788505 64.7875 0.00643931 0.0052665 0.999965 1.98126
0.845198 -0.534445 -0.00283049 161.565 0.534404 0.845181 -0.00902732 65.1612 0.00721688 0.00611725 0.999955 1.9907
0.843456 -0.537183 -0.00401712 162.148 0.537132 0.843447 -0.00931713 65.5367 0.00839323 0.00570087 0.999949 2.00708
0.84196 -0.539518 -0.0048247 162.732 0.539464 0.841958 -0.00920663 65.9077 0.00902934 0.00514886 0.999946 2.01601
0.840377 -0.541985 -0.00430231 163.308 0.541929 0.840368 -0.00975433 66.2856 0.00890222 0.00586577 0.999943 2.02009
0.838819 -0.544397 -0.00379651 163.886 0.544343 0.838805 -0.00985504 66.6622 0.00854958 0.00619999 0.999944 2.04191
0.837338 -0.54667 -0.00410781 164.464 0.546619 0.83733 -0.00928062 67.0519 0.00851302 0.00552561 0.999948 2.04637
0.835684 -0.549182 -0.00563154 165.032 0.54913 0.835692 -0.00860689 67.4375 0.00943299 0.00410018 0.999947 2.05258
0.833976 -0.551755 -0.00708262 165.61 0.551701 0.834001 -0.00829202 67.8112 0.0104821 0.00300786 0.999941 2.06559
0.832248 -0.554358 -0.00713217 166.187 0.554303 0.832273 -0.00836162 68.1958 0.0105712 0.00300555 0.99994 2.07392
0.830622 -0.556793 -0.00695415 166.753 0.556739 0.830646 -0.00831431 68.5846 0.0104058 0.0030344 0.999941 2.09287
0.828947 -0.559275 -0.00760578 167.314 0.559231 0.82898 -0.00723216 68.9817 0.0103498 0.00174169 0.999945 2.10298
0.827402 -0.561535 -0.00915565 167.882 0.561498 0.827453 -0.00646762 69.3777 0.0112077 0.000210436 0.999937 2.11501
0.825893 -0.563736 -0.0101246 168.459 0.563706 0.825954 -0.00592744 69.7592 0.011704 -0.000811849 0.999931 2.1249
0.824517 -0.565754 -0.00965151 169.021 0.565731 0.824573 -0.00530371 70.1498 0.010959 -0.00108715 0.999939 2.14369
0.823128 -0.567797 -0.00810754 169.575 0.567782 0.823168 -0.004311 70.547 0.00912164 -0.00105481 0.999958 2.1446
0.821958 -0.569491 -0.00807273 170.143 0.569488 0.821994 -0.00293079 70.9395 0.0083048 -0.00218834 0.999963 2.17047
0.821008 -0.57087 -0.00733582 170.706 0.570863 0.821039 -0.00326326 71.3344 0.00788589 -0.00150858 0.999968 2.17715
0.819834 -0.572566 -0.0063331 171.259 0.572552 0.819859 -0.00393913 71.7195 0.00744766 -0.000396601 0.999972 2.19359
0.818724 -0.574183 -0.00209913 171.82 0.574167 0.818721 -0.00532984 72.1112 0.00477891 0.00315842 0.999984 2.1931
0.817834 -0.575454 0.00049541 172.379 0.575449 0.817824 -0.00462772 72.5055 0.00225788 0.00406979 0.999989 2.21543
0.816814 -0.576901 0.000681993 172.929 0.576899 0.816806 -0.00384737 72.9036 0.0016625 0.00353602 0.999992 2.21821
0.815758 -0.578392 -0.000909767 173.482 0.578386 0.815755 -0.00354811 73.2995 0.00279435 0.0023682 0.999993 2.21441
0.81473 -0.579823 -0.00453903 174.033 0.57978 0.814733 -0.00814053 73.6903 0.00841816 0.0040007 0.999957 2.23136
0.813509 -0.581493 -0.00835271 174.572 0.581395 0.813538 -0.0116435 74.0707 0.0135659 0.00461591 0.999897 2.2524
0.812558 -0.582775 -0.0111139 175.116 0.582669 0.812629 -0.0114373 74.4612 0.0156968 0.0028178 0.999873 2.2566
0.811977 -0.583588 -0.0108593 175.66 0.583525 0.812049 -0.00863805 74.8632 0.0138593 0.000677235 0.999904 2.2593
0.811043 -0.584941 -0.00736763 176.203 0.584913 0.811076 -0.00564891 75.2633 0.00927999 0.000272081 0.999957 2.28038
0.809893 -0.586569 -0.00327299 176.746 0.586556 0.809898 -0.00420364 75.6629 0.00511651 0.0014847 0.999986 2.30341
0.809157 -0.587585 -0.00290902 177.284 0.587584 0.809162 -0.00132534 76.0529 0.00313262 -0.000636882 0.999995 2.31528
0.808207 -0.588879 -0.00492768 177.827 0.588872 0.808221 -0.00291831 76.4462 0.00570119 -0.000543179 0.999984 2.30625
0.807025 -0.590477 -0.0068617 178.359 0.590446 0.807054 -0.00609971 76.8384 0.00913949 0.000871155 0.999958 2.32084
0.80646 -0.591246 -0.00710112 178.891 0.591212 0.806491 -0.0064373 77.2313 0.00953301 0.000993164 0.999954 2.34339
0.805818 -0.592105 -0.00828564 179.42 0.592095 0.805859 -0.00393985 77.6269 0.00900987 -0.00173108 0.999958 2.36254
0.804982 -0.593208 -0.0104477 179.939 0.593234 0.80503 -0.000735479 78.0305 0.00884703 -0.0056059 0.999945 2.35772
0.803824 -0.594773 -0.010612 180.467 0.594791 0.803879 -0.00169012 78.4217 0.00953603 -0.0049534 0.999942 2.34723
0.802643 -0.596372 -0.0101974 180.989 0.596342 0.802707 -0.00611603 78.801 0.011833 -0.00117218 0.999929 2.37823
0.802145 -0.597011 -0.0119018 181.511 0.596982 0.80223 -0.00627662 79.1834 0.0132952 -0.00207041 0.999909 2.41871
0.801826 -0.597427 -0.0124975 182.018 0.597428 0.801912 -0.00406655 79.5773 0.0124514 -0.00420571 0.999914 2.4192
0.800921 -0.598653 -0.0117827 182.525 0.598686 0.800983 -0.00094453 79.9652 0.0100032 -0.00629763 0.99993 2.42091
0.800162 -0.599728 -0.0081942 183.017 0.599753 0.800184 0.000852269 80.3367 0.00604575 -0.00559646 0.999966 2.42319
0.79962 -0.600474 -0.00621193 183.502 0.60049 0.799632 0.000944991 80.7029 0.00439981 -0.00448584 0.99998 2.45356
0.798938 -0.60137 -0.00717675 183.983 0.60139 0.798955 0.000769008 81.0643 0.00527145 -0.00493042 0.999974 2.46852
0.798282 -0.602227 -0.00830452 184.444 0.602253 0.798305 0.000805275 81.4189 0.00614458 -0.00564426 0.999965 2.47553
0.79775 -0.602938 -0.00777553 184.899 0.602965 0.797766 0.0014503 81.7649 0.00532861 -0.00584535 0.999969 2.48997
0.797215 -0.603665 -0.00609859 185.345 0.603686 0.797218 0.00244509 82.105 0.00338589 -0.0056309 0.999978 2.49447
0.796466 -0.604667 -0.00447895 185.781 0.604683 0.796454 0.00451072 82.4447 0.000839795 -0.00630098 0.99998 2.50534
0.795916 -0.605398 -0.00348257 186.202 0.605407 0.795895 0.00573088 82.7791 -0.0006977 -0.00666967 0.999978 2.51332
0.795526 -0.605908 -0.00368907 186.622 0.605919 0.79551 0.00516773 83.106 -0.000196478 -0.00634634 0.99998 2.51816
0.794825 -0.606823 -0.00433979 187.035 0.606838 0.794814 0.00424441 83.4162 0.000873721 -0.00600711 0.999982 2.52429
0.794094 -0.607777 -0.00459622 187.437 0.607793 0.794087 0.0037784 83.7183 0.00135337 -0.00579396 0.999982 2.53732
0.79384 -0.608108 -0.00476958 187.827 0.608126 0.793829 0.0043385 84.0224 0.00114796 -0.00634458 0.999979 2.5408
0.793563 -0.608466 -0.00514366 188.216 0.608487 0.793547 0.0051457 84.3332 0.000950754 -0.00721329 0.999974 2.54302
0.793043 -0.609144 -0.00514437 188.594 0.609165 0.793028 0.00499913 84.6203 0.00103444 -0.00709829 0.999974 2.54448
0.792706 -0.609583 -0.00509249 188.961 0.609603 0.79269 0.00508071 84.9016 0.000939655 -0.0071319 0.999974 2.55881
0.792517 -0.609834 -0.00444927 189.322 0.60985 0.792501 0.00505124 85.1831 0.000445639 -0.00671658 0.999977 2.57228
0.79256 -0.60978 -0.00416039 189.676 0.609794 0.792543 0.00520873 85.4599 0.000121111 -0.00666521 0.999978 2.58082
0.792445 -0.609927 -0.00448674 190.02 0.609943 0.792425 0.00559179 85.7229 0.000144826 -0.00716784 0.999974 2.57828
0.792092 -0.610382 -0.00483578 190.365 0.610401 0.792072 0.00561694 85.9962 0.000401809 -0.00740091 0.999973 2.58578
0.791751 -0.610828 -0.00445753 190.694 0.610844 0.79173 0.00565217 86.2561 7.66535e-05 -0.00719797 0.999974 2.59243
0.791562 -0.611075 -0.00404768 191.03 0.611088 0.791541 0.0058487 86.5112 -0.000370084 -0.0071031 0.999975 2.59726
0.791302 -0.611406 -0.00481076 191.346 0.611425 0.791284 0.00547756 86.7604 0.000457661 -0.00727582 0.999973 2.60057
0.790849 -0.611985 -0.00573898 191.655 0.61201 0.790833 0.00512341 87.0075 0.00140313 -0.00756416 0.99997 2.5999
