1 0 0 0 0 1 0 0 0 0 1 0
1 -2.14069e-06 6.13433e-05 -0.00358609 2.14999e-06 1 -0.000151619 9.46775e-05 -6.1343e-05 0.000151619 1 0.00177551
1 3.11217e-05 3.5665e-05 -0.00584349 -3.11196e-05 1 -5.81969e-05 -0.000708808 -3.56668e-05 5.81958e-05 1 0.00156913
1 1.30373e-05 -4.22707e-07 -0.00304383 -1.30373e-05 1 -6.37199e-05 0.00136501 4.21876e-07 6.37199e-05 1 0.000444145
1 6.629e-05 2.93063e-05 -0.00453756 -6.62907e-05 1 2.25867e-05 -0.00186052 -2.93049e-05 -2.25886e-05 1 0.00101709
1 4.6363e-06 1.0966e-05 -0.00276243 -4.63515e-06 1 -0.000104885 0.000516415 -1.09665e-05 0.000104885 1 0.00210081
1 -4.47253e-05 4.3245e-05 -0.0053839 4.47237e-05 1 3.6218e-05 -0.00340514 -4.32466e-05 -3.62161e-05 1 0.00101834
1 0.000110982 4.71585e-05 -0.00511929 -0.00011098 1 -4.05724e-05 -0.00108051 -4.7163e-05 4.05672e-05 1 0.00169037
1 5.22309e-05 5.30483e-05 -0.00295538 -5.2228e-05 1 -5.50066e-05 -0.000229657 -5.30511e-05 5.50038e-05 1 0.00322225
1 3.88946e-05 4.79705e-05 -0.001831 -3.88955e-05 1 2.0737e-05 -0.000311801 -4.79697e-05 -2.07388e-05 1 0.00183007
1 3.98357e-05 1.94756e-05 -0.00330496 -3.98369e-05 1 6.31933e-05 -0.00208086 -1.94731e-05 -6.31941e-05 1 0.00210058
1 2.0002e-05 2.18861e-05 -0.0051422 -2.00021e-05 1 8.01109e-06 -0.00209216 -2.1886e-05 -8.01153e-06 1 0.000977101
1 8.00546e-05 2.23956e-05 -0.00160595 -8.00536e-05 1 -4.44607e-05 -0.0020118 -2.23991e-05 4.44589e-05 1 0.00110251
1 4.32419e-05 4.28728e-05 -0.00205427 -4.3235e-05 1 -0.000160772 0.000542941 -4.28797e-05 0.00016077 1 0.00171805
1 3.24454e-05 3.67998e-05 -0.00441402 -3.24418e-05 1 -9.7866e-05 -0.00011044 -3.6803e-05 9.78648e-05 1 0.00103988
1 9.99465e-05 6.69958e-05 -0.00301019 -9.99516e-05 1 7.67994e-05 -0.000706393 -6.69881e-05 -7.68061e-05 1 0.00187052
1 8.22728e-05 4.81341e-05 -0.00869419 -8.2271e-05 1 -3.85337e-05 -0.000372402 -4.81373e-05 3.85297e-05 1 0.000245429
1 -1.18602e-06 2.5851e-05 -0.00309204 1.18647e-06 1 -1.74095e-05 -0.0012752 -2.5851e-05 1.74095e-05 1 0.00335333
1 2.71057e-05 4.61718e-05 -0.007251 -2.71012e-05 1 -9.76286e-05 0.00101389 -4.61744e-05 9.76274e-05 1 0.00156263
1 7.12883e-05 1.8082e-05 -0.00659255 -7.12876e-05 1 -3.70506e-05 -0.00113028 -1.80846e-05 3.70493e-05 1 0.000823548
1 5.94409e-05 3.38554e-05 -0.00805761 -5.94382e-05 1 -8.13565e-05 -0.000688651 -3.38602e-05 8.13545e-05 1 0.000801357
1 6.32785e-05 6.04174e-05 -0.0163364 -6.32725e-05 1 -9.91464e-05 0.00242799 -6.04237e-05 9.91425e-05 1 0.00122282
1 4.98418e-05 4.42801e-05 -0.0226611 -4.98411e-05 1 -1.63994e-05 0.00493268 -4.42809e-05 1.63972e-05 1 0.000358092
1 5.04548e-05 -4.01457e-05 -0.0300927 -5.04533e-05 1 3.64568e-05 0.00368776 4.01476e-05 -3.64547e-05 1 -0.000502874
1 2.99447e-05 -0.000148223 -0.0238124 -2.99799e-05 1 -0.000237519 0.0106014 0.000148216 0.000237524 1 -0.00561066
1 1.21222e-05 -0.000641679 0.0119475 -1.23031e-05 1 -0.000282017 0.00831061 0.000641676 0.000282025 1 -0.0112536
0.999999 0.000109729 -0.00121927 0.0177895 -0.000109953 1 -0.00018388 0.00931632 0.00121925 0.000184014 0.999999 -0.0152054
0.999999 0.000184928 -0.00123717 0.0536359 -0.000184933 1 -3.72587e-06 0.00763536 0.00123717 3.95466e-06 0.999999 -0.0166878
0.999999 3.83838e-05 -0.00114541 0.106393 -3.84368e-05 1 -4.62007e-05 0.00853802 0.00114541 4.62447e-05 0.999999 -0.0140491
0.999999 -4.47464e-05 -0.00130329 0.243443 4.44998e-05 1 -0.000189265 0.00997106 0.0013033 0.000189206 0.999999 -0.016179
0.999999 0.000302885 -0.0014519 0.363062 -0.000303163 1 -0.000191183 0.0131081 0.00145184 0.000191623 0.999999 -0.0207025
0.999999 0.000548576 -0.00150717 0.456632 -0.000548988 1 -0.000273085 0.00650782 0.00150702 0.000273912 0.999999 -0.0225125
0.999999 0.000745378 -0.00139404 0.628166 -0.000745057 1 0.000230904 0.0132339 0.00139421 -0.000229865 0.999999 -0.0178299
0.999998 0.0010245 -0.00151816 0.773039 -0.00102467 0.999999 -0.000108043 0.00883578 0.00151804 0.000109599 0.999999 -0.022408
0.999998 0.00117344 -0.00144251 0.922461 -0.00117317 0.999999 0.000188839 0.00487513 0.00144273 -0.000187146 0.999999 -0.0152822
0.999997 0.00148185 -0.00168145 1.13635 -0.00148085 0.999999 0.0005913 0.00370109 0.00168232 -0.000588808 0.999998 -0.0155169
0.999996 0.00237102 -0.00165115 1.34632 -0.00236951 0.999997 0.000913711 -0.000474075 0.00165331 -0.000909794 0.999998 -0.0183272
0.999994 0.00275118 -0.00188913 1.5772 -0.00274899 0.999996 0.00116002 0.00321835 0.00189231 -0.00115482 0.999998 -0.0156393
0.999993 0.00320875 -0.00197635 1.80972 -0.00320601 0.999994 0.00138736 0.00208636 0.00198079 -0.00138101 0.999997 -0.0168759
0.999991 0.00360065 -0.00211073 2.07996 -0.00359789 0.999993 0.00131107 -0.0043845 0.00211543 -0.00130346 0.999997 -0.0116807
0.99999 0.00408825 -0.00204943 2.37231 -0.00408681 0.999991 0.000707765 -0.00460547 0.0020523 -0.000699382 0.999998 -0.0215947
0.999988 0.00438953 -0.00223862 2.66933 -0.00439147 0.99999 -0.000860143 0.00355938 0.00223482 0.000869963 0.999997 -0.0209952
0.999987 0.00473747 -0.00211069 2.97558 -0.00473979 0.999988 -0.00109309 -0.00374279 0.00210548 0.00110308 0.999997 -0.0134349
0.999985 0.00500687 -0.00200379 3.26562 -0.00500943 0.999987 -0.00127489 -0.00482899 0.00199738 0.00128491 0.999997 -0.0159388
0.999982 0.0054919 -0.00219973 3.59957 -0.00549302 0.999985 -0.000501906 -0.00372794 0.00219694 0.000513981 0.999997 -0.00948233
0.999975 0.00674641 -0.00223331 3.95737 -0.00674694 0.999977 -0.000228129 -0.00990704 0.00223172 0.000243191 0.999997 -0.00963266
0.999969 0.00760238 -0.00220783 4.3419 -0.00760343 0.999971 -0.000465416 -0.00640385 0.00220423 0.000482189 0.999997 -0.00544091
0.999964 0.00810429 -0.0024922 4.70411 -0.00810282 0.999967 0.000601292 -0.0172288 0.00249699 -0.000581076 0.999997 -0.00926848
0.999961 0.0082973 -0.00295394 5.10464 -0.00829511 0.999965 0.000755441 -0.0159828 0.00296011 -0.000730908 0.999995 -0.0143967
0.999953 0.00916935 -0.00318156 5.49828 -0.00916764 0.999958 0.000551643 -0.0206341 0.00318649 -0.000522449 0.999995 -0.0123079
0.999945 0.00997207 -0.00339918 5.9317 -0.00997106 0.99995 0.000313406 -0.0257478 0.00340214 -0.000279495 0.999994 -0.00166999
0.999932 0.0106749 -0.00462987 6.37128 -0.0106797 0.999942 -0.0010023 -0.0216916 0.00461891 0.00105168 0.999989 -0.0051611
0.999938 0.0105198 -0.00372053 6.81789 -0.0105227 0.999944 -0.000755003 -0.0483639 0.00371239 0.000794106 0.999993 0.000771297
0.99995 0.00972509 -0.00229289 7.26654 -0.00972831 0.999952 -0.00139442 -0.048305 0.00227922 0.00141666 0.999996 0.00429
0.999966 0.00819245 -0.000636641 7.75757 -0.0081928 0.999966 -0.000549186 -0.0362092 0.00063212 0.000554383 1 0.0080864
0.999981 0.00609686 0.000854785 8.23966 -0.00609785 0.999981 0.00115846 -0.0522105 -0.000847706 -0.00116365 0.999999 0.0051342
0.99999 0.0042132 0.0016068 8.71302 -0.00421569 0.99999 0.00154814 -0.0346148 -0.00160026 -0.0015549 0.999998 -0.0032167
0.999994 0.00247386 0.00254579 9.20822 -0.00247822 0.999995 0.00170848 -0.0387774 -0.00254155 -0.00171478 0.999995 0.00145338
0.999994 0.000846 0.00344612 9.70324 -0.000849691 0.999999 0.00106958 -0.0410758 -0.00344521 -0.0010725 0.999993 0.0195715
0.999997 7.34878e-05 0.00248083 10.2286 -7.75221e-05 0.999999 0.00162613 -0.0326457 -0.00248071 -0.00162632 0.999996 0.0226461
0.999998 -0.000680802 0.00167382 10.767 0.000676409 0.999996 0.00262378 -0.027265 -0.0016756 -0.00262264 0.999995 0.0165793
0.999995 -0.00174245 0.00254928 11.2701 0.00173149 0.999989 0.00429298 -0.0230484 -0.00255673 -0.00428854 0.999988 0.00936953
0.999993 -0.00240629 0.00268969 11.8294 0.00239516 0.999989 0.00413384 -0.0100438 -0.00269961 -0.00412737 0.999988 0.0107216
0.999989 -0.00300641 0.00347059 12.3712 0.00299113 0.999986 0.00439863 -0.0172925 -0.00348376 -0.0043882 0.999984 0.0144333
0.999985 -0.00401589 0.00373266 12.9271 0.00399961 0.999983 0.00435855 -0.00884205 -0.00375009 -0.00434355 0.999984 0.0192028
0.999983 -0.00452709 0.00367022 13.4858 0.00451083 0.99998 0.00442743 0.00277136 -0.00369019 -0.0044108 0.999983 0.0194249
0.999974 -0.00515006 0.00499125 14.0216 0.00512819 0.999977 0.0043848 0.00245493 -0.00501372 -0.0043591 0.999978 0.0111674
0.999962 -0.0059078 0.00640396 14.5651 0.00587933 0.999973 0.00445514 -0.00786295 -0.0064301 -0.00441731 0.99997 0.0269484
0.999955 -0.00648467 0.00690202 15.1082 0.00645807 0.999972 0.00387012 0.00312757 -0.00692692 -0.00382537 0.999969 0.0190505
0.999948 -0.00742713 0.00703119 15.658 0.00739978 0.999965 0.00390702 0.005152 -0.00705996 -0.00385478 0.999968 0.0196201
0.999946 -0.0077518 0.00690266 16.1907 0.00773138 0.999966 0.00297899 0.00494556 -0.00692551 -0.00292546 0.999972 0.0229963
0.999941 -0.00842188 0.00688747 16.7301 0.00840212 0.999961 0.00289285 0.00699976 -0.00691156 -0.00283481 0.999972 0.0146632
0.999935 -0.0093421 0.00646373 17.2629 0.00932613 0.999953 0.00249586 0.00308028 -0.00648674 -0.00243542 0.999976 0.0189498
0.999936 -0.00989587 0.00547708 17.797 0.0098858 0.999949 0.00186336 0.00536018 -0.00549525 -0.0018091 0.999983 0.0254316
0.999936 -0.010386 0.00439478 18.3286 0.0103773 0.999944 0.00200213 0.0165674 -0.00441533 -0.00195639 0.999988 0.023087
0.999932 -0.0111193 0.00363304 18.8563 0.0111146 0.999937 0.00130775 0.0244053 -0.00364736 -0.00126728 0.999993 0.0187745
0.999924 -0.0118313 0.00360259 19.3847 0.0118396 0.999927 -0.00229333 0.0305362 -0.0035752 0.00233581 0.999991 0.0169629
0.999914 -0.0119603 0.00543405 19.9199 0.0119759 0.999924 -0.00284308 0.0265938 -0.00539963 0.00290792 0.999981 0.0224622
0.999902 -0.0122538 0.00684054 20.4442 0.0122843 0.999915 -0.00442978 0.0410295 -0.00678567 0.00451337 0.999967 0.0231847
0.999892 -0.0128874 0.00704146 20.9566 0.0129171 0.999908 -0.00418941 0.0506892 -0.00698682 0.00427991 0.999966 0.0290905
0.999896 -0.0132127 0.00576356 21.4907 0.0132364 0.999904 -0.00409577 0.0623411 -0.00570889 0.00417164 0.999975 0.0279996
0.999898 -0.0135007 0.00470123 22.0148 0.0135185 0.999901 -0.00379451 0.0621694 -0.00464954 0.00385767 0.999982 0.0266829
0.999897 -0.0141345 0.00251618 22.52 0.0141445 0.999892 -0.0039905 0.0671613 -0.0024595 0.00402568 0.999989 0.0321512
0.999891 -0.0147486 0.000839542 23.0423 0.0147516 0.999885 -0.00362296 0.0735669 -0.000786011 0.00363494 0.999993 0.0349173
0.999893 -0.0145959 0.000764642 23.5683 0.0145986 0.999887 -0.00365067 0.0870332 -0.00071127 0.00366144 0.999993 0.036825
0.999891 -0.0147562 0.000474152 24.0819 0.0147578 0.999884 -0.00378026 0.102381 -0.000418315 0.00378685 0.999993 0.0550287
0.999886 -0.0150217 -0.00136464 24.586 0.0150169 0.999881 -0.0034584 0.116916 0.00141643 0.00343752 0.999993 0.0661042
0.999882 -0.015253 -0.00195256 25.1129 0.0152517 0.999883 -0.000668791 0.124845 0.00196253 0.000638932 0.999998 0.0584193
0.999884 -0.0152321 -2.1157e-05 25.6214 0.0152321 0.999884 -0.000409059 0.13101 2.73853e-05 0.000408689 1 0.0447792
0.999881 -0.0153997 0.000595019 26.1249 0.0154 0.999881 -0.000470113 0.131577 -0.000587709 0.00047922 1 0.0605857
0.999877 -0.015635 0.000799827 26.6326 0.0156354 0.999878 -0.000467506 0.141138 -0.00079242 0.000479955 1 0.0573482
0.999874 -0.0153469 0.00409678 27.1566 0.0153511 0.999882 -0.000992124 0.141758 -0.00408107 0.00105489 0.999991 0.0566031
0.999854 -0.015508 0.00719398 27.648 0.0155423 0.999868 -0.00473674 0.161444 -0.00711957 0.00484786 0.999963 0.0675441
0.999851 -0.0159273 0.00660806 28.1493 0.0159681 0.999854 -0.00615556 0.168061 -0.00650905 0.00626016 0.999959 0.0973435
0.999865 -0.0156694 0.00496846 28.6543 0.0156876 0.99987 -0.00365495 0.178231 -0.00491054 0.0037324 0.999981 0.0948467
0.999865 -0.0156956 0.00494725 29.1522 0.0157007 0.999876 -0.00100439 0.182378 -0.00493087 0.00108193 0.999987 0.0824775
0.999859 -0.0161344 0.00462043 29.6455 0.0161559 0.999859 -0.00463387 0.202468 -0.00454501 0.00470786 0.999979 0.0819234
0.999864 -0.016508 2.09968e-05 30.1256 0.0165077 0.999839 -0.00710046 0.201638 9.62208e-05 0.00709983 0.999975 0.112507
0.999868 -0.0158743 -0.00333726 30.6243 0.0158475 0.999843 -0.0079035 0.200904 0.0034622 0.00784957 0.999963 0.109162
0.999871 -0.0159121 -0.0022259 31.1239 0.0158965 0.99985 -0.00683559 0.198528 0.00233434 0.00679932 0.999974 0.107928
0.999879 -0.0153119 0.0026591 31.6238 0.0153254 0.99987 -0.00510432 0.205108 -0.00258059 0.00514445 0.999983 0.0967335
0.999887 -0.0137824 0.00607001 32.1289 0.0138169 0.999888 -0.00567808 0.224048 -0.00599108 0.00576131 0.999965 0.108246
0.999899 -0.0119639 0.00770014 32.6234 0.0119929 0.999921 -0.00372444 0.241719 -0.00765497 0.00381641 0.999963 0.11021
0.999916 -0.00954074 0.00873249 33.1234 0.00958242 0.999943 -0.00474298 0.239117 -0.00868674 0.00482626 0.999951 0.110707
0.999948 -0.00608037 0.0081564 33.6275 0.00613323 0.99996 -0.00647116 0.233314 -0.00811673 0.00652085 0.999946 0.124273
0.999978 -0.00157267 0.00646168 34.1127 0.00161812 0.999974 -0.00703438 0.245804 -0.00645045 0.00704468 0.999954 0.132248
0.999975 0.00452286 0.00539622 34.6106 -0.00449158 0.999973 -0.005795 0.229741 -0.00542228 0.00577062 0.999969 0.1189
0.999916 0.0118132 0.00532766 35.1046 -0.0117934 0.999923 -0.00372986 0.228101 -0.00537131 0.00366671 0.999979 0.119916
0.999757 0.0214235 0.0052215 35.6062 -0.0214107 0.999768 -0.00248528 0.208384 -0.00527353 0.00237288 0.999983 0.125545
0.999424 0.0334424 0.00574286 36.0869 -0.0334366 0.99944 -0.00110879 0.186586 -0.00577673 0.000916133 0.999983 0.127603
0.998797 0.0486905 0.00574526 36.5893 -0.0486971 0.998813 0.00102085 0.15321 -0.00568873 -0.0012994 0.999983 0.128218
0.99766 0.068117 0.00592143 37.0808 -0.0681263 0.997676 0.00137889 0.117004 -0.00581375 -0.00177907 0.999982 0.12984
0.995848 0.0908306 0.0060421 37.5735 -0.0908454 0.995863 0.00222504 0.0603802 -0.005815 -0.0027647 0.999979 0.140013
0.993074 0.117289 0.00685037 38.0646 -0.11732 0.993085 0.00432972 -0.00330807 -0.00629517 -0.00510342 0.999967 0.141063
0.989254 0.146026 0.00730593 38.5506 -0.146068 0.989259 0.00560314 -0.080293 -0.00640925 -0.00661009 0.999958 0.138358
0.984247 0.176656 0.00707605 39.0252 -0.176711 0.98423 0.0080437 -0.174719 -0.00554349 -0.0091674 0.999943 0.132669
0.977738 0.209714 0.00703715 39.4878 -0.209772 0.977709 0.00894924 -0.289465 -0.00500352 -0.0102262 0.999935 0.141085
0.969615 0.244519 0.0075245 39.967 -0.244584 0.969583 0.00932367 -0.425747 -0.00501582 -0.0108807 0.999928 0.13628
0.959512 0.281552 0.00802974 40.4232 -0.28163 0.959456 0.011356 -0.564628 -0.00450689 -0.0131576 0.999903 0.144932
0.946931 0.321293 0.00961067 40.8831 -0.321406 0.946832 0.0144132 -0.729829 -0.00446882 -0.0167372 0.99985 0.144488
0.932197 0.361815 0.00989127 41.326 -0.36193 0.932086 0.0148996 -0.943982 -0.0038286 -0.0174693 0.99984 0.130664
0.915091 0.403128 0.00984369 41.7542 -0.403236 0.914977 0.0147777 -1.15515 -0.00304944 -0.0174923 0.999842 0.146397
0.896277 0.443391 0.0095624 42.1904 -0.443491 0.896146 0.0154233 -1.40098 -0.00173074 -0.0180644 0.999835 0.151327
0.875999 0.482194 0.0106992 42.5937 -0.482309 0.875856 0.0159327 -1.66013 -0.00168826 -0.0191174 0.999816 0.169584
0.853873 0.520362 0.0111785 42.994 -0.520479 0.853742 0.0150304 -1.916 -0.00172233 -0.0186522 0.999825 0.136107
0.829809 0.557919 0.0119971 43.3741 -0.558044 0.829696 0.0138299 -2.20251 -0.00223797 -0.0181711 0.999832 0.155466
0.80407 0.59441 0.0121596 43.7548 -0.594531 0.80397 0.0128883 -2.51833 -0.00211505 -0.0175923 0.999843 0.165388
0.77659 0.629882 0.0125255 44.1052 -0.630002 0.776505 0.0117313 -2.83273 -0.00233683 -0.0170015 0.999853 0.146982
0.747895 0.663723 0.0111312 44.4471 -0.663816 0.747815 0.0110271 -3.17672 -0.00100507 -0.0156362 0.999877 0.170679
0.71762 0.696352 0.0107973 44.7692 -0.696434 0.717561 0.00923037 -3.51588 -0.00132015 -0.0141435 0.999899 0.171417
0.685641 0.727887 0.00881904 45.0734 -0.72794 0.6856 0.00754604 -3.87808 -0.000553669 -0.0115936 0.999933 0.158414
0.651409 0.758723 0.00232977 45.3536 -0.758719 0.651386 0.0064163 -4.25302 0.00335061 -0.00594728 0.999977 0.160984
0.615702 0.787978 -0.00171202 45.6157 -0.787953 0.615697 0.00686598 -4.65009 0.00646432 -0.00287841 0.999975 0.22723
0.577973 0.816052 -0.00243595 45.8729 -0.81602 0.577974 0.00761614 -5.03928 0.00762308 -0.00241415 0.999968 0.204505
0.53903 0.842284 -0.00212356 46.1005 -0.842226 0.53902 0.0106073 -5.46456 0.010079 -0.00392913 0.999941 0.208809
0.498886 0.866667 -0.00116731 46.3212 -0.866599 0.498863 0.0118781 -5.89498 0.0108767 -0.00491422 0.999929 0.197924
0.457445 0.889236 -0.00175943 46.523 -0.889182 0.457437 0.0103586 -6.33539 0.0100161 -0.00317403 0.999945 0.186553
0.414907 0.909856 -0.00378799 46.6971 -0.909838 0.414923 0.00585156 -6.79541 0.0068958 0.0010186 0.999976 0.196104
0.370689 0.928737 -0.00616248 46.8431 -0.92873 0.37072 0.00523409 -7.24862 0.00714565 0.00378306 0.999967 0.248488
0.324583 0.945852 -0.00302724 46.9846 -0.945829 0.324597 0.00672374 -7.72207 0.0073423 0.000680833 0.999973 0.245198
0.276966 0.960879 -0.00123172 47.1053 -0.960853 0.276968 0.0071507 -8.20756 0.00721211 -0.000797 0.999974 0.225078
0.229279 0.973361 0.00023716 47.2021 -0.973341 0.229273 0.00634861 -8.71112 0.00612511 -0.00168644 0.99998 0.21546
0.18143 0.983402 -0.0017226 47.2659 -0.983385 0.181437 0.00580849 -9.2178 0.00602463 0.000640138 0.999982 0.217833
0.134055 0.990972 -0.00215784 47.2996 -0.990961 0.134064 0.00472575 -9.73039 0.00497237 0.00150483 0.999987 0.255853
0.0876904 0.996143 -0.00314291 47.3289 -0.996135 0.0877051 0.00487247 -10.2549 0.00512933 0.00270349 0.999983 0.253886
0.0434982 0.999036 -0.00586749 47.3265 -0.999035 0.0435324 0.00584001 -10.777 0.00608981 0.0056078 0.999966 0.253777
0.00233731 0.999972 -0.00707 47.3052 -0.999953 0.00240346 0.00936122 -11.284 0.00937795 0.00704779 0.999931 0.276305
-0.0363468 0.999312 -0.00741423 47.2632 -0.999284 -0.0362659 0.0107764 -11.8194 0.0105001 0.00780061 0.999914 0.259034
-0.0711187 0.997438 -0.0077127 47.2151 -0.997383 -0.0710098 0.0135778 -12.3782 0.0129954 0.00865816 0.999878 0.272401
-0.101197 0.994824 -0.00917562 47.1357 -0.994795 -0.101075 0.0129363 -12.939 0.0119419 0.010437 0.999874 0.257009
-0.125287 0.992003 -0.0152507 47.052 -0.99206 -0.125095 0.0130041 -13.5025 0.0109924 0.0167588 0.999799 0.270886
-0.142577 0.989524 -0.0226611 46.9549 -0.989756 -0.142364 0.0107456 -14.0652 0.00740687 0.023961 0.999685 0.295249
-0.155007 0.987549 -0.0268176 46.8354 -0.987904 -0.154831 0.00854054 -14.6217 0.004282 0.0278171 0.999604 0.309481
-0.16465 0.985944 -0.0283788 46.733 -0.986347 -0.164492 0.00782683 -15.1926 0.00304873 0.02928 0.999567 0.310489
-0.172567 0.984594 -0.0281942 46.64 -0.984991 -0.172387 0.00874317 -15.7707 0.00374818 0.0292798 0.999564 0.299438
-0.178575 0.983533 -0.0278174 46.5245 -0.983905 -0.178316 0.0115491 -16.3695 0.00639866 0.0294321 0.999546 0.309131
-0.182982 0.982675 -0.0294568 46.3964 -0.983087 -0.182664 0.0131582 -16.9684 0.00754954 0.0313663 0.999479 0.314863
-0.186551 0.981952 -0.0311201 46.272 -0.982414 -0.1862 0.0138402 -17.5832 0.00779583 0.0331547 0.99942 0.332696
-0.190495 0.981192 -0.0312113 46.151 -0.981661 -0.190156 0.0135358 -18.2063 0.00734619 0.0332174 0.999421 0.330011
-0.194825 0.980361 -0.0305998 46.0193 -0.980809 -0.194484 0.013772 -18.8388 0.00755034 0.0326957 0.999437 0.332799
-0.198824 0.979591 -0.0294922 45.8912 -0.980001 -0.198476 0.0143093 -19.493 0.00816379 0.0317475 0.999463 0.336359
-0.203541 0.978633 -0.0291416 45.7507 -0.979027 -0.203175 0.0150546 -20.1438 0.00881208 0.0315946 0.999462 0.354088
-0.207734 0.977717 -0.0302615 45.6114 -0.978146 -0.207349 0.0153767 -20.8111 0.00875937 0.0327944 0.999424 0.353361
-0.211658 0.976822 -0.0319303 45.4583 -0.97731 -0.211265 0.0152517 -21.4787 0.00815247 0.0344339 0.999374 0.354768
-0.214341 0.976222 -0.0323796 45.3128 -0.976717 -0.213908 0.0163194 -22.1613 0.00900507 0.0351236 0.999342 0.379047
-0.215762 0.975934 -0.0316296 45.1602 -0.976399 -0.215321 0.0167843 -22.8512 0.00956985 0.0345046 0.999359 0.38713
-0.217066 0.975657 -0.0312508 44.9989 -0.976115 -0.216648 0.0162205 -23.5544 0.00905523 0.0340253 0.99938 0.387588
-0.218409 0.975291 -0.0332564 44.8407 -0.975817 -0.217961 0.0165713 -24.2617 0.00891324 0.0360715 0.999309 0.397562
-0.219001 0.975151 -0.0334512 44.6843 -0.97569 -0.218576 0.0159384 -24.9871 0.0082307 0.0361285 0.999313 0.416308
-0.219278 0.97505 -0.0345765 44.5173 -0.975632 -0.218853 0.015684 -25.712 0.00772548 0.0371731 0.999279 0.423575
-0.219387 0.975042 -0.0341006 44.3464 -0.975609 -0.218975 0.015414 -26.4533 0.00756215 0.0366504 0.9993 0.436876
-0.219524 0.975005 -0.0342653 44.1741 -0.97558 -0.219121 0.0151519 -27.1987 0.00726497 0.0367547 0.999298 0.452912
-0.219706 0.974965 -0.0342377 44.0051 -0.97555 -0.219362 0.0135364 -27.9625 0.00568705 0.0363746 0.999322 0.444014
-0.219841 0.974919 -0.0346743 43.8342 -0.975521 -0.219507 0.0132255 -28.7246 0.00528258 0.0367331 0.999311 0.457863
-0.219931 0.97486 -0.0357495 43.6561 -0.975503 -0.219592 0.0131852 -29.4907 0.00500341 0.0377736 0.999274 0.473911
-0.220249 0.974778 -0.0360391 43.4848 -0.97543 -0.2199 0.0134441 -30.2719 0.00517998 0.0381146 0.99926 0.495135
-0.220582 0.974718 -0.0356084 43.3077 -0.975355 -0.220238 0.0133415 -31.0572 0.00516193 0.0376737 0.999277 0.495621
-0.220764 0.974743 -0.0337433 43.1222 -0.975313 -0.22044 0.0130871 -31.8499 0.00531817 0.0357994 0.999345 0.50407
-0.220796 0.974681 -0.0352905 42.9531 -0.975305 -0.220451 0.0134452 -32.6395 0.00532499 0.0373877 0.999287 0.519095
-0.221056 0.974594 -0.0360771 42.7623 -0.975252 -0.220742 0.0125167 -33.4511 0.00423494 0.0379512 0.999271 0.52016
-0.221215 0.974496 -0.0377057 42.5762 -0.975218 -0.220905 0.0122588 -34.2643 0.00361681 0.0394831 0.999214 0.522403
-0.221424 0.974389 -0.0392219 42.399 -0.97517 -0.221087 0.0127788 -35.0894 0.00378011 0.0410776 0.999149 0.529538
-0.221788 0.974372 -0.037551 42.203 -0.975086 -0.221462 0.0126964 -35.9202 0.00405493 0.0394314 0.999214 0.537477
-0.221968 0.974396 -0.0358247 42.0058 -0.975043 -0.221639 0.0129522 -36.7683 0.00468043 0.0378056 0.999274 0.553677
-0.222253 0.974408 -0.0336536 41.8075 -0.974976 -0.22194 0.0128106 -37.6193 0.00501367 0.0356586 0.999351 0.570096
-0.222248 0.974374 -0.0346454 41.6182 -0.97498 -0.22194 0.0125409 -38.4659 0.00453036 0.0365657 0.999321 0.585146
-0.222558 0.974215 -0.0370553 41.4271 -0.974912 -0.222246 0.01238 -39.3217 0.00382533 0.0388809 0.999237 0.569031
-0.222888 0.974178 -0.0360248 41.2322 -0.974837 -0.222591 0.0121198 -40.1767 0.00378803 0.0378197 0.999277 0.587499
-0.223372 0.974148 -0.0337653 41.0272 -0.974725 -0.223096 0.011798 -41.0538 0.00396007 0.0355473 0.99936 0.590977
-0.223692 0.97414 -0.0318147 40.8271 -0.974652 -0.223444 0.0111856 -41.9359 0.00378754 0.0335104 0.999431 0.597351
-0.223941 0.974032 -0.0333486 40.6389 -0.974597 -0.223695 0.0109727 -42.8054 0.00322786 0.0349587 0.999384 0.601276
-0.224264 0.973895 -0.0351223 40.4394 -0.974524 -0.22401 0.0110685 -43.6907 0.00291177 0.0367098 0.999322 0.620498
-0.224911 0.973785 -0.0340224 40.2356 -0.974376 -0.224688 0.0103086 -44.58 0.00239399 0.0354691 0.999368 0.621117
-0.225699 0.973677 -0.0318272 40.0288 -0.974194 -0.225494 0.00996225 -45.4787 0.00252319 0.0332543 0.999444 0.626836
-0.22659 0.97344 -0.0327416 39.8258 -0.973988 -0.226381 0.0099969 -46.363 0.0023193 0.0341551 0.999414 0.641493
-0.227574 0.973177 -0.0337212 39.6117 -0.973759 -0.227375 0.00966643 -47.2524 0.0017398 0.0350361 0.999385 0.639212
-0.228634 0.972906 -0.0343525 39.3973 -0.973509 -0.2284 0.0106449 -48.1605 0.00251032 0.0358762 0.999353 0.650608
-0.229501 0.97282 -0.0308418 39.1807 -0.973305 -0.229297 0.0100424 -49.0589 0.00269751 0.0323232 0.999474 0.662941
-0.230393 0.972622 -0.0304302 38.9806 -0.973093 -0.230176 0.0104794 -49.9652 0.00318815 0.0320257 0.999482 0.67989
-0.231311 0.972395 -0.0307153 38.7712 -0.972875 -0.231096 0.0104412 -50.88 0.00305478 0.0322973 0.999474 0.695622
-0.232339 0.972123 -0.0315529 38.5562 -0.972632 -0.232142 0.009829 -51.7957 0.00223025 0.032973 0.999454 0.691199
-0.233504 0.971843 -0.0315907 38.3323 -0.972355 -0.233332 0.00908731 -52.7171 0.00146033 0.0328393 0.99946 0.695894
-0.234386 0.97159 -0.0328178 38.1152 -0.972143 -0.234202 0.00940883 -53.644 0.00145554 0.0341088 0.999417 0.698485
-0.235393 0.971326 -0.0333944 37.8856 -0.971898 -0.23518 0.010217 -54.5575 0.00207039 0.0348609 0.99939 0.714455
-0.236642 0.971005 -0.0339232 37.6681 -0.971592 -0.236388 0.0113731 -55.4725 0.00302427 0.0356509 0.99936 0.719626
-0.237781 0.970774 -0.032541 37.4276 -0.971313 -0.237534 0.0113017 -56.404 0.00324175 0.0342948 0.999407 0.730767
-0.23863 0.97052 -0.0338697 37.2037 -0.971103 -0.238347 0.0122255 -57.3245 0.00379232 0.0358083 0.999351 0.737888
-0.239407 0.97034 -0.0335268 36.9645 -0.970908 -0.239093 0.0131158 -58.2503 0.00471073 0.0356914 0.999352 0.770872
-0.240106 0.970198 -0.0326251 36.7387 -0.970734 -0.239798 0.0131109 -59.1819 0.00489673 0.0348183 0.999382 0.789042
-0.240814 0.969955 -0.0345654 36.5026 -0.970565 -0.240529 0.0122389 -60.1008 0.00355718 0.0364953 0.999327 0.769978
-0.241012 0.969793 -0.0376145 36.2769 -0.970517 -0.240705 0.012558 -61.0376 0.00312467 0.0395322 0.999213 0.769978
-0.241488 0.969642 -0.0384566 36.0382 -0.970392 -0.241099 0.0145039 -61.9728 0.00479172 0.0408205 0.999155 0.803945
-0.242052 0.969625 -0.0351813 35.804 -0.970248 -0.241686 0.0143731 -62.9036 0.00543366 0.0376136 0.999278 0.838848
-0.242715 0.969549 -0.0326194 35.5575 -0.970096 -0.242523 0.009804 -63.8377 0.00159451 0.0340236 0.99942 0.843288
-0.24249 0.969443 -0.0371233 35.3319 -0.970141 -0.242509 0.00404531 -64.7841 -0.00508104 0.0369958 0.999303 0.83878
-0.242462 0.969167 -0.0438954 35.1128 -0.970121 -0.242614 0.00192243 -65.7336 -0.00878648 0.04305 0.999034 0.817912
-0.243042 0.969074 -0.0427313 34.8877 -0.969993 -0.243101 0.00390592 -66.6556 -0.00660287 0.0423983 0.999079 0.824234
-0.243861 0.969266 -0.0324743 34.6519 -0.969809 -0.243787 0.00628017 -67.5895 -0.00182964 0.0330253 0.999453 0.850852
-0.244654 0.969251 -0.0264073 34.4152 -0.96961 -0.24454 0.00752263 -68.5299 0.000833669 0.0274452 0.999623 0.854444
-0.245129 0.969142 -0.0259748 34.1785 -0.96949 -0.245007 0.00784799 -69.4758 0.00124181 0.0271061 0.999632 0.877939
-0.245369 0.968944 -0.0306725 33.9443 -0.96943 -0.245243 0.00784643 -70.4208 8.05439e-05 0.0316601 0.999499 0.877614
-0.245748 0.968793 -0.03238 33.7124 -0.969333 -0.245642 0.00724825 -71.361 -0.000931842 0.0331682 0.999449 0.884788
-0.246212 0.968669 -0.0325428 33.4737 -0.969215 -0.246115 0.00702464 -72.298 -0.00120472 0.0332706 0.999446 0.884772
-0.24681 0.968586 -0.0304345 33.2293 -0.969064 -0.246707 0.00716643 -73.2447 -0.000567073 0.0312617 0.999511 0.89343
-0.247331 0.96852 -0.0282353 32.9878 -0.968931 -0.247212 0.00768751 -74.1945 0.000465391 0.0292594 0.999572 0.907322
-0.2476 0.968488 -0.0269129 32.7485 -0.968862 -0.247476 0.00792286 -75.1405 0.00101292 0.0280365 0.999606 0.920631
-0.247961 0.968423 -0.0259191 32.5035 -0.96877 -0.247854 0.00734432 -76.0873 0.000688264 0.0269307 0.999637 0.928291
-0.248218 0.968333 -0.0268178 32.2695 -0.968704 -0.24813 0.00661608 -77.0426 -0.000247737 0.0276208 0.999618 0.93305
-0.248709 0.968136 -0.0292706 32.028 -0.968578 -0.248628 0.00644094 -77.9997 -0.00104177 0.0299527 0.999551 0.94221
-0.249049 0.96801 -0.0305216 31.7903 -0.96849 -0.248953 0.00698074 -78.9564 -0.000841022 0.0312984 0.99951 0.941731
-0.249311 0.968 -0.0286484 31.5459 -0.968423 -0.249173 0.00837103 -79.9231 0.000964756 0.0298307 0.999554 0.952079
-0.249346 0.96807 -0.025844 31.2888 -0.968412 -0.249198 0.00884068 -80.8656 0.00211811 0.027232 0.999627 0.958954
-0.249604 0.968002 -0.0258678 31.0422 -0.968345 -0.249444 0.00928163 -81.8369 0.00253206 0.0273657 0.999622 0.961183
-0.249916 0.96792 -0.0259408 30.7878 -0.968266 -0.249774 0.00864091 -82.8127 0.00188438 0.0272771 0.999626 0.972808
-0.250021 0.967894 -0.0258827 30.5392 -0.96824 -0.249909 0.00751687 -83.7901 0.000807211 0.02694 0.999637 0.986555
-0.250115 0.967885 -0.0253278 30.2982 -0.968216 -0.250012 0.00720991 -84.7679 0.0006461 0.0263261 0.999653 0.995738
-0.250299 0.96787 -0.0240523 30.0466 -0.968168 -0.250205 0.00689057 -85.7493 0.000651161 0.0250114 0.999687 1.00752
-0.250602 0.967782 -0.024417 29.7953 -0.96809 -0.25052 0.00640017 -86.7294 7.70267e-05 0.0252417 0.999681 0.997892
-0.250928 0.967663 -0.0257785 29.5455 -0.968006 -0.250859 0.00592228 -87.7142 -0.000735999 0.0264398 0.99965 0.997435
-0.251138 0.9676 -0.026072 29.2886 -0.967951 -0.251067 0.00601162 -88.7107 -0.000728987 0.0267462 0.999642 1.01464
-0.251005 0.967668 -0.0248152 29.036 -0.967986 -0.250934 0.00599115 -89.6961 -0.000429539 0.0255246 0.999674 1.02173
-0.251149 0.967664 -0.0234605 28.7788 -0.967948 -0.251072 0.00622019 -90.6926 0.000128777 0.0242707 0.999705 1.03273
-0.251372 0.967646 -0.0217443 28.5116 -0.96789 -0.251298 0.00611196 -91.6995 0.000449926 0.0225825 0.999745 1.0409
-0.251488 0.967611 -0.0219643 28.2583 -0.96786 -0.251411 0.00622855 -92.6985 0.000504742 0.0228248 0.999739 1.04471
-0.251716 0.967536 -0.0226549 28.0021 -0.967801 -0.251635 0.00641676 -93.7042 0.0005077 0.0235406 0.999723 1.0599
-0.251957 0.967487 -0.0220346 27.7503 -0.967738 -0.251882 0.00616788 -94.7066 0.000417215 0.0228778 0.999738 1.0626
-0.252533 0.967343 -0.0217975 27.4841 -0.967588 -0.252465 0.00585715 -95.7214 0.000162753 0.0225702 0.999745 1.06456
-0.253031 0.967208 -0.0220166 27.21 -0.967458 -0.252966 0.0057294 -96.7356 -2.79277e-05 0.0227498 0.999741 1.06709
-0.253382 0.967129 -0.0214137 26.9522 -0.967366 -0.25331 0.00603677 -97.7578 0.000414032 0.0222445 0.999752 1.08584
-0.253922 0.966985 -0.0215222 26.675 -0.967224 -0.253829 0.00701089 -98.7645 0.00131648 0.022597 0.999744 1.10171
-0.254081 0.966944 -0.0215106 26.4215 -0.967182 -0.253994 0.00672568 -99.7841 0.00103979 0.0225135 0.999746 1.11102
-0.254936 0.966714 -0.0217147 26.1413 -0.966958 -0.254869 0.00587333 -100.797 0.000143425 0.0224945 0.999747 1.12029
-0.255189 0.966634 -0.0223107 25.8693 -0.966891 -0.255141 0.00501657 -101.844 -0.000843197 0.0228522 0.999738 1.11318
-0.255562 0.966541 -0.0220553 25.6054 -0.96679 -0.255552 0.00330304 -102.875 -0.00244376 0.022167 0.999751 1.11609
-0.256096 0.966381 -0.0228726 25.3471 -0.966645 -0.256109 0.0023886 -103.909 -0.00354958 0.0227214 0.999736 1.1177
-0.256623 0.966271 -0.0215522 25.0643 -0.966506 -0.256632 0.00238452 -104.948 -0.00322689 0.0214423 0.999765 1.11473
-0.25729 0.966125 -0.0200952 24.7914 -0.966332 -0.257281 0.00307047 -105.984 -0.00220363 0.0202086 0.999793 1.12827
-0.25775 0.966008 -0.0198254 24.5156 -0.96621 -0.257727 0.00376718 -107.027 -0.0014704 0.0201265 0.999796 1.13488
-0.258389 0.965838 -0.0198075 24.2319 -0.96604 -0.258359 0.00408237 -108.064 -0.00117453 0.0201896 0.999795 1.1273
-0.258808 0.965739 -0.0191412 23.9584 -0.965929 -0.25876 0.00501715 -109.12 -0.000107718 0.0197876 0.999804 1.15703
-0.259443 0.965565 -0.0193466 23.6729 -0.965758 -0.259384 0.00556736 -110.167 0.000357466 0.0201285 0.999797 1.15359
-0.259823 0.965471 -0.018902 23.4031 -0.965656 -0.259763 0.00560947 -111.221 0.000505741 0.0197103 0.999806 1.15347
-0.26037 0.96531 -0.0195749 23.1179 -0.965509 -0.260317 0.00523368 -112.29 -4.35699e-05 0.0202625 0.999795 1.16412
-0.260918 0.965155 -0.0199424 22.8228 -0.965361 -0.260883 0.00435242 -113.352 -0.00100187 0.0203872 0.999792 1.1675
-0.2614 0.965021 -0.020086 22.5329 -0.96523 -0.261365 0.0043948 -114.416 -0.0010087 0.0205364 0.999789 1.18757
-0.261769 0.964921 -0.020102 22.2436 -0.96513 -0.261722 0.00499083 -115.484 -0.000445365 0.0207075 0.999785 1.18387
-0.262229 0.964784 -0.020685 21.9498 -0.965006 -0.262164 0.00586891 -116.543 0.000239371 0.0215001 0.999769 1.18426
-0.262768 0.964483 -0.0269535 21.6511 -0.964859 -0.26266 0.00751935 -117.618 0.000172665 0.0279822 0.999608 1.19896
-0.262746 0.964504 -0.026407 21.3708 -0.964865 -0.262654 0.00696709 -118.71 -0.000216128 0.0273098 0.999627 1.2406
-0.263348 0.964316 -0.0272381 21.0733 -0.9647 -0.263201 0.00888954 -119.79 0.00140323 0.0286176 0.999589 1.21308
-0.263215 0.964387 -0.0260032 20.772 -0.964729 -0.263008 0.0111361 -120.871 0.00390048 0.0280172 0.9996 1.23855
-0.263597 0.964318 -0.0246504 20.4738 -0.964628 -0.263431 0.00981326 -121.968 0.00296943 0.0263652 0.999648 1.24463
-0.263921 0.964222 -0.0249469 20.1693 -0.964544 -0.263822 0.00725466 -123.069 0.000413561 0.0259771 0.999662 1.25513
-0.263689 0.964227 -0.0270984 19.8798 -0.964607 -0.263622 0.00607705 -124.167 -0.00128406 0.0277417 0.999614 1.26218
-0.263889 0.964142 -0.028162 19.5744 -0.964551 -0.263836 0.00563733 -125.271 -0.00199497 0.0286513 0.999587 1.26171
-0.264001 0.964102 -0.0284871 19.2798 -0.964522 -0.263917 0.00672625 -126.363 -0.00103345 0.0292522 0.999572 1.25315
-0.264124 0.964101 -0.0273409 18.9716 -0.964488 -0.26399 0.00846954 -127.477 0.000947752 0.028607 0.99959 1.27314
-0.264084 0.964149 -0.0260044 18.6625 -0.964498 -0.263939 0.00893698 -128.601 0.00175301 0.0274413 0.999622 1.29531
-0.264136 0.964107 -0.0270174 18.3607 -0.964486 -0.264026 0.0076028 -129.72 0.000196607 0.0280661 0.999606 1.29452
-0.26442 0.964038 -0.0266959 18.056 -0.964407 -0.264347 0.00629727 -130.85 -0.000986186 0.0274109 0.999624 1.30433
-0.264415 0.964048 -0.0263867 17.7534 -0.964408 -0.264356 0.0057914 -131.981 -0.00139228 0.0269789 0.999635 1.29519
-0.26485 0.963974 -0.0246821 17.4464 -0.96429 -0.264771 0.00645409 -133.112 -0.000313528 0.02551 0.999675 1.31896
-0.265538 0.963801 -0.0240249 17.1301 -0.9641 -0.265453 0.00671093 -134.238 9.05176e-05 0.0249444 0.999689 1.31626
-0.266174 0.963627 -0.0239691 16.8151 -0.963925 -0.266097 0.00639032 -135.377 -0.000220239 0.0248054 0.999692 1.33408
-0.267034 0.96335 -0.0254835 16.5067 -0.963686 -0.266985 0.00537871 -136.504 -0.00162213 0.0259944 0.999661 1.3315
-0.267729 0.963157 -0.0254972 16.1915 -0.963491 -0.267701 0.00457417 -137.648 -0.00241998 0.025791 0.999664 1.3461
-0.268463 0.962974 -0.0246612 15.8776 -0.963287 -0.268439 0.00434323 -138.769 -0.00243763 0.0249218 0.999686 1.35039
-0.269386 0.962738 -0.0237943 15.566 -0.963029 -0.269365 0.00413747 -139.912 -0.00242605 0.0240292 0.999708 1.35746
-0.270268 0.962486 -0.0240005 15.2511 -0.962781 -0.270256 0.00382945 -141.063 -0.0028005 0.0241422 0.999705 1.35811
-0.271122 0.962243 -0.0241324 14.9354 -0.962542 -0.271096 0.00438302 -142.199 -0.00232467 0.0244168 0.999699 1.35396
-0.271866 0.962045 -0.0236238 14.6059 -0.962334 -0.271826 0.00494182 -143.347 -0.00166729 0.0240774 0.999709 1.36208
-0.272603 0.96184 -0.0234772 14.2832 -0.962126 -0.272545 0.00567729 -144.493 -0.000937953 0.0241357 0.999708 1.36682
-0.272671 0.961817 -0.0236261 13.9602 -0.962107 -0.272604 0.00607463 -145.638 -0.0005979 0.0243873 0.999702 1.37586
-0.27217 0.96197 -0.0231664 13.6318 -0.962249 -0.272081 0.00697116 -146.789 0.000402915 0.0241892 0.999707 1.4041
-0.271753 0.962078 -0.023601 13.3098 -0.962366 -0.271633 0.00821463 -147.933 0.00149229 0.0249452 0.999688 1.41052
-0.271146 0.962272 -0.0226408 12.9905 -0.962536 -0.271023 0.00839908 -149.095 0.00194603 0.0240699 0.999708 1.42482
-0.270634 0.9624 -0.0233032 12.6607 -0.962682 -0.270522 0.00788281 -150.234 0.00128239 0.0245669 0.999697 1.42349
-0.269572 0.962657 -0.0249612 12.3369 -0.96298 -0.269449 0.0082175 -151.393 0.00118485 0.0262524 0.999655 1.43817
-0.268519 0.962927 -0.0258846 12.0168 -0.963273 -0.268376 0.00891768 -152.549 0.00164028 0.0273285 0.999625 1.45131
-0.267563 0.963186 -0.0261264 11.7003 -0.963537 -0.267392 0.0099109 -153.703 0.00256006 0.0278255 0.99961 1.45787
-0.26663 0.963453 -0.0258255 11.379 -0.963793 -0.266439 0.0106422 -154.863 0.00337238 0.0277279 0.99961 1.46869
-0.265677 0.963726 -0.0254482 11.0653 -0.964053 -0.265468 0.0113162 -156.017 0.00415007 0.0275399 0.999612 1.48376
-0.26468 0.963995 -0.0256505 10.7443 -0.964326 -0.26446 0.0116779 -157.176 0.0044739 0.0278264 0.999603 1.50169
-0.263884 0.964195 -0.0263431 10.4343 -0.964547 -0.263679 0.0110272 -158.34 0.00368624 0.028319 0.999592 1.50758
-0.263294 0.964296 -0.0284668 10.1193 -0.96471 -0.263079 0.0111074 -159.494 0.0032218 0.0303868 0.999533 1.51702
-0.262774 0.964409 -0.0294104 9.80874 -0.964849 -0.262522 0.012209 -160.646 0.0040536 0.0315848 0.999493 1.54584
-0.262135 0.964609 -0.0285317 9.49758 -0.965019 -0.261867 0.0128278 -161.804 0.00490235 0.0308962 0.999511 1.56801
-0.262135 0.964645 -0.027306 9.18077 -0.965022 -0.261905 0.0117516 -162.975 0.00418453 0.0294314 0.999558 1.57034
-0.262269 0.964582 -0.0282317 8.85697 -0.964989 -0.26205 0.0112702 -164.135 0.00347292 0.030199 0.999538 1.57817
-0.262911 0.964322 -0.0310056 8.5542 -0.964813 -0.262652 0.0122253 -165.278 0.00364546 0.0331288 0.999444 1.60658
-0.264219 0.963937 -0.031826 8.23503 -0.96445 -0.263904 0.0137978 -166.432 0.00490125 0.0343402 0.999398 1.62551
-0.266544 0.963397 -0.0286461 7.91276 -0.963806 -0.266246 0.0138041 -167.586 0.00567193 0.0312887 0.999494 1.64448
-0.269867 0.962501 -0.0276439 7.59326 -0.962879 -0.269575 0.0138783 -168.716 0.00590578 0.030363 0.999521 1.64384
-0.274497 0.961167 -0.028432 7.30377 -0.961548 -0.274095 0.0172644 -169.865 0.00880093 0.0320777 0.999447 1.66932
-0.280137 0.959688 -0.0228541 6.95901 -0.959885 -0.279738 0.0191656 -170.984 0.0119998 0.0273063 0.999555 1.72189
-0.287694 0.957517 -0.0198356 6.61524 -0.957654 -0.287365 0.0178653 -172.123 0.0114063 0.0241354 0.999644 1.73852
-0.297999 0.954281 -0.0233077 6.28035 -0.954525 -0.297672 0.016516 -173.262 0.0088229 0.0271696 0.999592 1.73139
-0.310712 0.950134 -0.0265213 5.93833 -0.950458 -0.310301 0.0185348 -174.39 0.00938096 0.0309664 0.999476 1.76377
-0.32587 0.945122 -0.02352 5.55822 -0.945342 -0.325436 0.0204763 -175.52 0.0116984 0.028907 0.999514 1.798
-0.342568 0.939287 -0.0196754 5.15454 -0.939386 -0.342138 0.0222599 -176.63 0.0141767 0.0261083 0.999559 1.81269
-0.359798 0.93288 -0.0167494 4.72848 -0.932895 -0.359382 0.0234815 -177.719 0.015886 0.024074 0.999584 1.84152
-0.377201 0.926016 -0.0146123 4.28791 -0.92596 -0.376781 0.025184 -178.818 0.0178152 0.0230298 0.999576 1.86088
-0.394048 0.919003 -0.0126208 3.85031 -0.918837 -0.39358 0.0288868 -179.915 0.0215798 0.0229792 0.999503 1.87847
-0.411085 0.911544 -0.0098054 3.3692 -0.911185 -0.410553 0.0344701 -180.968 0.0273954 0.0231047 0.999358 1.92906
-0.427712 0.903877 -0.008311 2.86559 -0.903377 -0.427121 0.0384444 -182.025 0.0311992 0.0239511 0.999226 1.97693
-0.444192 0.895883 -0.00934913 2.34181 -0.895356 -0.443508 0.0404676 -183.086 0.0321078 0.0263462 0.999137 2.02017
-0.461264 0.887177 -0.0123766 1.81716 -0.886633 -0.460366 0.0440946 -184.124 0.0334219 0.0313127 0.998951 2.06514
-0.479297 0.877587 -0.0107974 1.25368 -0.876919 -0.478356 0.0467842 -185.13 0.0358921 0.031892 0.998847 2.14478
-0.49731 0.867533 -0.00829332 0.686859 -0.866747 -0.496397 0.0483676 -186.151 0.0378437 0.0312419 0.998795 2.18061
-0.516189 0.85645 -0.00649114 0.100444 -0.855593 -0.515299 0.0492619 -187.133 0.0388455 0.0309822 0.998765 2.22798
-0.535247 0.844682 -0.00484813 -0.510975 -0.843751 -0.534368 0.0503481 -188.114 0.0399375 0.0310393 0.99872 2.27664
-0.554244 0.832348 -0.0033284 -1.13321 -0.831363 -0.553384 0.0510004 -189.066 0.0406082 0.0310338 0.998693 2.34552
-0.572669 0.819785 -0.001504 -1.77656 -0.818761 -0.571859 0.0510703 -190.026 0.0410066 0.0304778 0.998694 2.41004
-0.591309 0.80644 -0.0028254 -2.44471 -0.80549 -0.590434 0.0507314 -190.945 0.0392437 0.0322738 0.998708 2.44817
-0.610133 0.792296 -0.00218329 -3.14167 -0.791324 -0.609242 0.0512895 -191.84 0.0393063 0.0330211 0.998681 2.50338
-0.628479 0.777826 -0.00100103 -3.84582 -0.77681 -0.627591 0.0519164 -192.734 0.0397537 0.0334059 0.998651 2.56606
-0.646165 0.763198 0.000383783 -4.56257 -0.762157 -0.64531 0.0518793 -193.602 0.0398419 0.0332301 0.998653 2.61358
-0.664502 0.747282 0.00271725 -5.29854 -0.746174 -0.663706 0.0521544 -194.429 0.0407775 0.0326291 0.998635 2.65896
-0.682378 0.73098 0.00531107 -6.06335 -0.729831 -0.681681 0.0515504 -195.263 0.0413028 0.0313007 0.998656 2.7204
-0.700125 0.713979 0.0076927 -6.83125 -0.712808 -0.699523 0.0507134 -196.077 0.0415895 0.0300223 0.998684 2.77436
-0.717498 0.696508 0.00860741 -7.61673 -0.695309 -0.716894 0.0510789 -196.868 0.0417475 0.0306642 0.998658 2.81295
-0.734824 0.678182 0.0101336 -8.43326 -0.676878 -0.7342 0.0527933 -197.616 0.0432436 0.0319345 0.998554 2.84951
