1 0 0 0 0 1 0 0 0 0 1 0
0.999919 -0.0127052 0.000128737 0.127248 0.0127052 0.999919 1.35255e-05 0.0234108 -0.000128899 -1.18888e-05 1 -0.00159899
0.999622 -0.0274905 0.000135505 0.188538 0.0274904 0.999622 0.000352808 0.067904 -0.000145152 -0.000348949 1 -0.00334591
0.998949 -0.0458269 0.000217176 0.308114 0.0458267 0.998949 0.000814332 0.0938457 -0.000254266 -0.000803524 1 -0.00300381
0.997692 -0.0678954 0.000250747 0.414151 0.067895 0.997692 0.00133701 0.129785 -0.000340945 -0.0013169 0.999999 -0.00273629
0.995717 -0.0924554 0.000237851 0.545787 0.0924547 0.995714 0.00225462 0.172674 -0.000445284 -0.00222297 0.999997 -0.00365653
0.992747 -0.120218 0.000159238 0.680223 0.120216 0.992733 0.00547814 0.183095 -0.000816655 -0.00541927 0.999985 -0.00658216
0.988761 -0.149507 -0.000213913 0.832581 0.149505 0.988739 0.00660425 0.249044 -0.000775879 -0.006562 0.999978 -0.014681
0.983535 -0.180716 -0.000470473 1.00939 0.180715 0.983509 0.00720111 0.311919 -0.000838643 -0.00716757 0.999974 -0.00490663
0.976917 -0.21362 -0.00042915 1.17984 0.213616 0.976882 0.00833538 0.392567 -0.00136138 -0.00823464 0.999965 -0.00259624
0.968393 -0.249428 -0.000509184 1.37274 0.249416 0.968323 0.0119437 0.459278 -0.00248604 -0.0116932 0.999929 -0.00141817
0.957988 -0.286806 -0.000768137 1.56634 0.28679 0.957899 0.0134538 0.559258 -0.00312283 -0.0131089 0.999909 -0.00592591
0.945369 -0.326002 -0.00033512 1.77699 0.325972 0.945268 0.0144795 0.671107 -0.00440355 -0.0137977 0.999895 -0.00800919
0.930313 -0.366766 0.000818945 1.99272 0.366711 0.930208 0.0153781 0.793618 -0.00640195 -0.0140061 0.999881 -0.00614329
0.912734 -0.408541 0.00341838 2.19929 0.408415 0.912608 0.018563 0.914424 -0.0107034 -0.015547 0.999822 -0.0101577
0.892306 -0.451394 0.00574536 2.40315 0.451213 0.892198 0.0197295 1.06516 -0.0140318 -0.0150123 0.999789 -0.0180828
0.869373 -0.494113 0.00652908 2.59656 0.493855 0.869229 0.0233997 1.24088 -0.0172374 -0.0171187 0.999705 -0.0110535
0.843822 -0.53658 0.00678518 2.81409 0.536265 0.843653 0.0258677 1.41786 -0.0196044 -0.0181891 0.999642 -0.0220826
0.815339 -0.578947 0.00651893 3.01323 0.578531 0.815096 0.0303567 1.61578 -0.0228884 -0.0209796 0.999518 -0.027004
0.783821 -0.62094 0.00763601 3.21197 0.620427 0.783578 0.0328048 1.83442 -0.0263532 -0.0209755 0.999433 -0.0429437
0.748817 -0.662728 0.00811765 3.38966 0.662074 0.74853 0.0368959 2.05069 -0.0305282 -0.0222538 0.999286 -0.0358616
0.711123 -0.703016 0.00858084 3.56864 0.702291 0.710858 0.0383238 2.30361 -0.033042 -0.0212267 0.999229 -0.0594276
0.670237 -0.742094 0.00888924 3.75023 0.741269 0.669979 0.0406133 2.56529 -0.0360945 -0.0206312 0.999135 -0.0669272
0.625809 -0.779902 0.0107235 3.92731 0.778951 0.625632 0.0426494 2.83494 -0.0399713 -0.0183373 0.999033 -0.0831076
0.579768 -0.814684 0.0125766 4.07659 0.813596 0.579688 0.0449784 3.12926 -0.0439337 -0.0158448 0.998909 -0.0885034
0.531525 -0.846927 0.0139968 4.23129 0.845671 0.531531 0.0481098 3.4545 -0.0481852 -0.0137349 0.998744 -0.0929555
0.482507 -0.875772 0.0145197 4.35477 0.874318 0.482567 0.0519297 3.76741 -0.0524853 -0.0123616 0.998545 -0.102569
0.433133 -0.90122 0.0140864 4.45524 0.89947 0.43319 0.0574463 4.1115 -0.0578739 -0.0122116 0.998249 -0.147119
0.384217 -0.923105 0.0159336 4.56142 0.921119 0.384446 0.0611591 4.46952 -0.0625819 -0.00882165 0.998001 -0.17007
0.336799 -0.9414 0.0182361 4.65761 0.939237 0.337264 0.0639237 4.82364 -0.0663281 -0.00440145 0.997788 -0.187812
0.29087 -0.956557 0.019827 4.73958 0.954326 0.291544 0.0652997 5.19326 -0.0682433 -7.22882e-05 0.997669 -0.191974
0.247302 -0.968737 0.019742 4.81269 0.966492 0.248074 0.0659688 5.55673 -0.0688039 0.00276625 0.997626 -0.203038
0.207078 -0.978122 0.0198942 4.86284 0.975832 0.207958 0.0671146 5.94261 -0.0697835 0.00551543 0.997547 -0.25053
0.16999 -0.985225 0.0208518 4.90757 0.982865 0.171037 0.0687193 6.33725 -0.0712704 0.00881292 0.997418 -0.276343
0.136247 -0.990421 0.0224398 4.94995 0.988086 0.137493 0.0691557 6.73271 -0.0715785 0.0127502 0.997353 -0.290406
0.106618 -0.994052 0.022216 4.959 0.991728 0.107922 0.0694822 7.13401 -0.0714665 0.0146241 0.997336 -0.302754
0.0808829 -0.99651 0.0206391 4.9753 0.994091 0.0821561 0.0709514 7.5497 -0.0723994 0.0147784 0.997266 -0.346514
0.0595424 -0.998065 0.0179365 4.99208 0.995416 0.0607125 0.0738997 7.96841 -0.0748457 0.0134541 0.997104 -0.366646
0.0413049 -0.998991 0.0176332 4.98762 0.99625 0.0425216 0.0753513 8.40191 -0.0760251 0.0144547 0.997001 -0.4104
0.0253579 -0.999514 0.0181567 4.9752 0.99669 0.0266812 0.0767943 8.83241 -0.0772414 0.0161493 0.996882 -0.440991
0.0119924 -0.999719 0.0204486 4.99612 0.996742 0.013583 0.0795096 9.27284 -0.079765 0.0194285 0.996624 -0.472713
0.00117 -0.999725 0.023416 4.99481 0.996596 0.00309587 0.0823793 9.71486 -0.0824291 0.02324 0.996326 -0.492442
-0.00744308 -0.999648 0.0254529 4.98345 0.9964 -0.00526442 0.0846156 10.1558 -0.0844519 0.0259911 0.996089 -0.522853
-0.0145683 -0.999489 0.0284408 4.96831 0.996123 -0.0120397 0.0871387 10.6007 -0.0867517 0.0296001 0.99579 -0.561718
-0.0197343 -0.999348 0.0302269 4.96456 0.995946 -0.0169953 0.088333 11.0418 -0.0877617 0.0318476 0.995632 -0.585338
-0.0237946 -0.999248 0.0306079 4.95069 0.99587 -0.0210085 0.0883308 11.4924 -0.0876214 0.0325832 0.995621 -0.610621
-0.0272938 -0.999273 0.0266271 4.93054 0.995826 -0.0248596 0.0878192 11.9462 -0.0870934 0.0289129 0.99578 -0.630328
-0.0307492 -0.999333 0.0197143 4.90204 0.99581 -0.0289294 0.0867511 12.3959 -0.0861229 0.0222992 0.996035 -0.687266
-0.0342193 -0.999288 0.0158985 4.88164 0.995796 -0.0327386 0.0855513 12.8507 -0.0849699 0.0187591 0.996207 -0.762698
-0.0381846 -0.99911 0.0179076 4.86234 0.995731 -0.0365361 0.0847677 13.3027 -0.084038 0.021068 0.99624 -0.80708
-0.0422894 -0.998822 0.0237769 4.85639 0.995454 -0.0400901 0.0863983 13.7678 -0.0853434 0.0273225 0.995977 -0.817153
-0.0455983 -0.998604 0.0266566 4.82563 0.995238 -0.0431108 0.0874256 14.2331 -0.0861544 0.0305161 0.995814 -0.806153
-0.0479024 -0.998642 0.0204794 4.78746 0.995289 -0.0459914 0.0853462 14.6916 -0.0842884 0.0244712 0.996141 -0.821649
-0.049921 -0.998718 0.00836174 4.74916 0.995554 -0.0490898 0.0803874 15.1895 -0.0798739 0.0123376 0.996729 -0.890343
-0.0523969 -0.998626 -0.000933782 4.71757 0.99561 -0.0523112 0.0776189 15.6667 -0.0775611 0.0031373 0.996983 -0.975177
-0.0548764 -0.998493 -0.00098958 4.67286 0.995667 -0.0547955 0.0751246 16.1503 -0.0750656 0.00313728 0.997174 -1.02542
-0.0567801 -0.998387 0.00056516 4.64639 0.995658 -0.0565831 0.07391 16.6384 -0.0737588 0.00475932 0.997265 -1.01936
-0.0585221 -0.998286 0.000662536 4.61479 0.99559 -0.0583153 0.0734896 17.133 -0.073325 0.00496038 0.997296 -1.03913
-0.0599352 -0.998202 -0.00069623 4.57977 0.995587 -0.0598286 0.0723005 17.643 -0.0722122 0.00364019 0.997383 -1.08308
-0.0612714 -0.998117 -0.00284795 4.53203 0.995658 -0.0613203 0.0700367 18.1437 -0.0700795 0.00145567 0.99754 -1.10496
-0.0623696 -0.998029 -0.00700884 4.50574 0.995783 -0.0626996 0.0669768 18.6595 -0.0672842 -0.00280196 0.99773 -1.13744
-0.0637807 -0.99792 -0.0093552 4.47279 0.995778 -0.0642584 0.065555 19.1807 -0.0660198 -0.00513456 0.997805 -1.1866
-0.0648914 -0.997847 -0.00946287 4.43811 0.995749 -0.0653703 0.0648941 19.6949 -0.065373 -0.00521157 0.997847 -1.216
-0.065724 -0.997784 -0.0103429 4.40232 0.995623 -0.0662649 0.0659132 20.2171 -0.0664525 -0.00596553 0.997772 -1.23809
-0.0663661 -0.997736 -0.0108588 4.35917 0.995391 -0.0669573 0.068653 20.747 -0.0692247 -0.00625249 0.997581 -1.27438
-0.0663059 -0.997715 -0.0129357 4.31581 0.995158 -0.0670675 0.0718465 21.2746 -0.07255 -0.00810921 0.997332 -1.2893
-0.0655662 -0.997734 -0.0150684 4.27054 0.99508 -0.0665008 0.0734361 21.8228 -0.0742718 -0.0101793 0.997186 -1.33903
-0.0650807 -0.997734 -0.0170426 4.23572 0.995102 -0.0661636 0.0734452 22.3618 -0.0744064 -0.0121793 0.997154 -1.37855
-0.0648272 -0.997757 -0.0167144 4.19486 0.99518 -0.0658768 0.0726487 22.8947 -0.0735868 -0.0119242 0.997218 -1.41014
-0.0637636 -0.997809 -0.017671 4.16888 0.995232 -0.0648886 0.0728248 23.4407 -0.0738119 -0.0129432 0.997188 -1.43582
-0.0619921 -0.997919 -0.0177566 4.12828 0.995231 -0.0631481 0.0743509 23.9807 -0.0753174 -0.0130628 0.997074 -1.4774
-0.0598869 -0.998062 -0.016928 4.0795 0.995458 -0.0609707 0.0731155 24.5294 -0.0740059 -0.0124725 0.99718 -1.51165
-0.0574864 -0.998178 -0.0183173 4.04735 0.995964 -0.0586063 0.0679733 25.0787 -0.0689229 -0.0143358 0.997519 -1.54099
-0.054595 -0.998305 -0.0201502 4.02482 0.996449 -0.0557668 0.0630814 25.6145 -0.0640982 -0.0166347 0.997805 -1.58463
-0.0509185 -0.99851 -0.019643 4.00742 0.996828 -0.0520176 0.0602293 26.1696 -0.0611613 -0.0165139 0.997991 -1.61691
-0.0465657 -0.998745 -0.018416 3.98504 0.997137 -0.0475745 0.0587763 26.7248 -0.0595787 -0.0156263 0.998101 -1.63637
-0.0419235 -0.99894 -0.0189926 3.96735 0.997108 -0.0430375 0.0626387 27.2836 -0.0633897 -0.0163116 0.997856 -1.67063
-0.0359228 -0.999218 -0.0165124 3.93124 0.996965 -0.0369739 0.0685049 27.8467 -0.0690619 -0.0140014 0.997514 -1.71404
-0.0302014 -0.999456 -0.0132206 3.92213 0.996987 -0.031067 0.0710726 28.4086 -0.0714446 -0.0110343 0.997384 -1.72876
-0.0248006 -0.999615 -0.0124306 3.89955 0.997197 -0.0256149 0.0703038 28.9811 -0.0705951 -0.0106522 0.997448 -1.75926
-0.0190192 -0.999737 -0.0128321 3.89886 0.997555 -0.0198378 0.067017 29.5346 -0.0672539 -0.0115261 0.997669 -1.808
-0.0144822 -0.999812 -0.0128892 3.90509 0.997835 -0.0152782 0.0639624 30.0987 -0.0641473 -0.011935 0.997869 -1.83038
-0.0107569 -0.999841 -0.0142365 3.89851 0.997982 -0.0116258 0.0624318 30.6585 -0.0625874 -0.0135362 0.997948 -1.86074
-0.00748516 -0.999863 -0.0147559 3.88988 0.998013 -0.00839279 0.0624397 31.2185 -0.062555 -0.0142592 0.99794 -1.89424
-0.00438221 -0.999869 -0.0156103 3.87988 0.997974 -0.00536364 0.063394 31.7734 -0.0634694 -0.0153008 0.997866 -1.92109
-0.00226129 -0.999907 -0.0134746 3.88499 0.997928 -0.00312274 0.0642573 32.3142 -0.0642934 -0.0133014 0.997842 -1.97536
-0.00121164 -0.999935 -0.0113186 3.88687 0.997911 -0.00194012 0.0645738 32.8524 -0.0645916 -0.0112167 0.997849 -1.97567
-0.000908855 -0.999956 -0.00928352 3.87941 0.997996 -0.00149437 0.0632591 33.3701 -0.0632702 -0.00920743 0.997954 -2.00765
-0.00178821 -0.99996 -0.00881738 3.8904 0.998086 -0.0023298 0.0618012 33.8933 -0.0618192 -0.00868999 0.99805 -2.0249
-0.00370744 -0.999975 -0.00605411 3.89485 0.997953 -0.00408637 0.0638287 34.4105 -0.0638518 -0.00580507 0.997943 -2.0473
-0.00657068 -0.99997 -0.00408149 3.86776 0.99782 -0.00682444 0.0656344 34.9003 -0.0656603 -0.00364133 0.997835 -2.09316
-0.0114503 -0.999924 -0.00447258 3.86799 0.997942 -0.0117096 0.0630427 35.3975 -0.0630903 -0.00374151 0.998001 -2.11437
-0.0186295 -0.999809 -0.0058877 3.86901 0.997913 -0.0189577 0.0617348 35.8803 -0.0618346 -0.00472532 0.998075 -2.12811
-0.0276842 -0.999617 -0.000343974 3.85566 0.997622 -0.0276507 0.0631289 36.3556 -0.0631142 0.00140452 0.998005 -2.16738
-0.038185 -0.999202 0.011733 3.82031 0.997435 -0.0374009 0.0610284 36.7929 -0.0605408 0.0140333 0.998067 -2.18407
-0.0487618 -0.998743 0.0116059 3.80473 0.997262 -0.0480361 0.0562276 37.2354 -0.0555994 0.0143159 0.998351 -2.15521
-0.0583262 -0.998298 7.6803e-05 3.75801 0.996832 -0.0582364 0.054173 37.6793 -0.0540763 0.00323627 0.998532 -2.20086
-0.0686066 -0.997637 -0.00360074 3.70812 0.996054 -0.0687005 0.0561861 38.1366 -0.0563007 0.000268204 0.998414 -2.26463
-0.079654 -0.996821 0.00190014 3.67048 0.99516 -0.079411 0.0578756 38.5671 -0.0575407 0.00650097 0.998322 -2.27586
-0.0906188 -0.995862 0.00686355 3.63229 0.994201 -0.0900627 0.0587575 38.9952 -0.0578962 0.0121483 0.998249 -2.27654
-0.104127 -0.994503 0.011061 3.5907 0.992919 -0.103309 0.0586401 39.4253 -0.0571751 0.0170887 0.998218 -2.28926
-0.120921 -0.992588 0.0121228 3.52203 0.991112 -0.120041 0.0573256 39.8328 -0.0554454 0.0189469 0.998282 -2.297
-0.140614 -0.990012 0.0101797 3.43578 0.988611 -0.139843 0.0556143 40.2322 -0.0536352 0.0178839 0.9984 -2.32126
-0.162823 -0.986619 0.00844881 3.36939 0.985304 -0.162146 0.0537126 40.6454 -0.0516239 0.0170703 0.998521 -2.34781
-0.188793 -0.981977 0.00888442 3.27593 0.980686 -0.188058 0.0537499 41.055 -0.0511104 0.0188604 0.998515 -2.35749
-0.217098 -0.976114 0.008314 3.17133 0.974756 -0.216325 0.0552592 41.4369 -0.0521408 0.0201008 0.998437 -2.36922
-0.247093 -0.968966 0.00713275 3.0383 0.967504 -0.246299 0.0572023 41.823 -0.0536703 0.0210353 0.998337 -2.38935
-0.279503 -0.960139 0.00332047 2.89875 0.958482 -0.278814 0.0597919 42.2074 -0.0564828 0.0198946 0.998205 -2.40814
-0.313093 -0.949717 0.00322655 2.75541 0.947925 -0.312289 0.0625628 42.5714 -0.0584094 0.0226465 0.998036 -2.43293
-0.348016 -0.937488 0.000310395 2.57723 0.935629 -0.347305 0.0630732 42.9304 -0.0590226 0.0222409 0.998009 -2.43954
-0.383968 -0.923346 -0.000347287 2.39993 0.921628 -0.383276 0.0608381 43.2833 -0.0563078 0.0230398 0.998148 -2.45715
-0.420878 -0.907112 -0.0030939 2.21873 0.905468 -0.420315 0.0588497 43.6177 -0.0546837 0.0219671 0.998262 -2.47163
-0.457822 -0.889035 -0.00400733 2.01302 0.887447 -0.457265 0.0578471 43.9315 -0.0532604 0.0229274 0.998317 -2.49056
-0.495002 -0.868876 -0.00525051 1.78969 0.867415 -0.494504 0.0552861 44.2392 -0.0506331 0.0228124 0.998457 -2.50535
-0.532029 -0.846709 -0.00532021 1.57245 0.845303 -0.531489 0.0546022 44.5508 -0.0490598 0.0245528 0.998494 -2.54446
-0.5685 -0.822658 -0.00639465 1.33549 0.82121 -0.56793 0.0554071 44.8483 -0.0492128 0.0262476 0.998443 -2.55056
-0.602636 -0.797953 -0.0100628 1.08409 0.796409 -0.602174 0.0558498 45.1316 -0.0506251 0.025643 0.998388 -2.55217
-0.635534 -0.771932 -0.0147747 0.80474 0.770328 -0.635267 0.0550515 45.3889 -0.0518819 0.0236057 0.998374 -2.56586
-0.667807 -0.744059 -0.0202479 0.537724 0.742413 -0.667789 0.0536645 45.639 -0.0534509 0.0208052 0.998354 -2.58729
-0.698776 -0.714952 -0.0235632 0.268725 0.713223 -0.698862 0.0538978 45.8827 -0.0550018 0.0208566 0.998268 -2.59716
-0.727708 -0.685414 -0.0254853 -0.0187849 0.683648 -0.727831 0.0537268 46.1087 -0.055374 0.0216744 0.99823 -2.60141
-0.755633 -0.654512 -0.0251693 -0.32151 0.65278 -0.755678 0.0531782 46.3087 -0.0538257 0.0237531 0.998268 -2.61575
-0.782762 -0.621906 -0.0227196 -0.620579 0.620306 -0.782643 0.0518726 46.5209 -0.0500412 0.0265108 0.998395 -2.64365
-0.808269 -0.588469 -0.0201372 -0.918404 0.58702 -0.808003 0.050389 46.7141 -0.0459233 0.0289069 0.998527 -2.63781
-0.831013 -0.555873 -0.0205647 -1.22679 0.55466 -0.830862 0.0449463 46.8866 -0.0420708 0.0259445 0.998778 -2.63031
-0.851494 -0.523936 -0.0211789 -1.56193 0.522956 -0.851473 0.0388554 47.0335 -0.038391 0.0220095 0.99902 -2.67851
-0.869569 -0.493289 -0.0227094 -1.8907 0.492409 -0.869646 0.0353549 47.1968 -0.0371893 0.0195612 0.999117 -2.70849
-0.885221 -0.464621 -0.0225818 -2.23188 0.463762 -0.885276 0.0348 47.3444 -0.03616 0.0203331 0.999139 -2.704
-0.898339 -0.438681 -0.0233693 -2.56365 0.43781 -0.8984 0.0346502 47.4969 -0.0361953 0.0208963 0.999126 -2.69976
-0.909867 -0.414227 -0.0236412 -2.93007 0.413414 -0.909953 0.0327775 47.6207 -0.0350897 0.0200496 0.999183 -2.70653
-0.919234 -0.392962 -0.0242935 -3.2941 0.392187 -0.919354 0.0312692 47.7582 -0.0346219 0.0192162 0.999216 -2.7357
-0.927333 -0.373394 -0.0251227 -3.66818 0.372637 -0.927485 0.0302062 47.8955 -0.0345798 0.0186495 0.999228 -2.74357
-0.934558 -0.354921 -0.0251601 -4.06777 0.35418 -0.934708 0.0296371 48.021 -0.0340361 0.0187864 0.999244 -2.75208
-0.940828 -0.337873 -0.0261617 -4.46695 0.337142 -0.941016 0.028723 48.1509 -0.0343233 0.0182032 0.999245 -2.76422
-0.946281 -0.322184 -0.0273822 -4.87028 0.321463 -0.946517 0.0277026 48.2772 -0.0348431 0.017412 0.999241 -2.77492
-0.951324 -0.306919 -0.0280032 -5.29071 0.306231 -0.951593 0.0263254 48.388 -0.0347274 0.0164685 0.999261 -2.79085
-0.955959 -0.292257 -0.0269721 -5.72058 0.291594 -0.956189 0.025972 48.5114 -0.0333809 0.0169633 0.999299 -2.80586
-0.960296 -0.277874 -0.0248587 -6.1472 0.277242 -0.960445 0.0261106 48.6253 -0.0311308 0.0181821 0.99935 -2.81135
-0.964198 -0.264115 -0.0237659 -6.58095 0.263496 -0.964302 0.0262852 48.7367 -0.0298598 0.0190819 0.999372 -2.81797
-0.967426 -0.25212 -0.0228491 -7.01765 0.251543 -0.967513 0.0253796 48.845 -0.0285055 0.0188053 0.999417 -2.83715
-0.97024 -0.241162 -0.021784 -7.48694 0.240627 -0.970307 0.0245774 48.9429 -0.0270643 0.0186042 0.999461 -2.84956
-0.972718 -0.230986 -0.0215757 -7.95208 0.230464 -0.97278 0.0242138 49.0492 -0.0265815 0.0185808 0.999474 -2.87336
-0.975042 -0.220955 -0.0217117 -8.42147 0.220397 -0.975079 0.0254091 49.1457 -0.0267849 0.0199898 0.999441 -2.88391
-0.977033 -0.211876 -0.0226905 -8.90848 0.211254 -0.977058 0.026997 49.2488 -0.02789 0.0215835 0.999378 -2.88853
-0.978773 -0.203536 -0.0239915 -9.40291 0.202828 -0.978785 0.028988 49.3455 -0.0293826 0.0235065 0.999292 -2.89463
-0.980416 -0.195456 -0.0241157 -9.90198 0.194714 -0.9804 0.030021 49.4398 -0.0295108 0.0247374 0.999258 -2.90509
-0.982001 -0.187458 -0.0231107 -10.4016 0.186706 -0.981917 0.0313055 49.5346 -0.0285613 0.0264271 0.999243 -2.91816
-0.983544 -0.179329 -0.0219541 -10.9074 0.178578 -0.983393 0.0323831 49.6252 -0.0273967 0.0279296 0.999234 -2.93471
-0.984827 -0.172275 -0.0208936 -11.42 0.171539 -0.984623 0.0330363 49.705 -0.0262637 0.0289509 0.999236 -2.93886
-0.985826 -0.166621 -0.0195988 -11.9513 0.165916 -0.985575 0.0333608 49.7951 -0.0248747 0.0296362 0.999251 -2.95321
-0.986591 -0.162066 -0.0193005 -12.4814 0.16137 -0.98633 0.0333724 49.89 -0.0244452 0.0298104 0.999257 -2.95868
-0.987255 -0.157897 -0.0199262 -13.0052 0.157165 -0.986984 0.0340896 49.968 -0.0250494 0.0305234 0.99922 -2.97145
-0.987844 -0.154205 -0.0196092 -13.542 0.153435 -0.987499 0.0361011 50.0445 -0.0249311 0.0326536 0.999156 -2.98013
-0.988476 -0.15005 -0.0200021 -14.0718 0.149256 -0.988122 0.0365606 50.1172 -0.0252505 0.0331538 0.999131 -2.98444
-0.989084 -0.145948 -0.0202883 -14.6119 0.145121 -0.9887 0.0375832 50.1929 -0.0255443 0.0342287 0.999088 -2.99748
-0.989604 -0.142418 -0.0200425 -15.1334 0.141599 -0.989209 0.0376223 50.2766 -0.0251843 0.0343932 0.999091 -3.00069
-0.990024 -0.139475 -0.0199882 -15.659 0.138667 -0.989637 0.0372836 50.3376 -0.0249812 0.0341399 0.999105 -3.00845
-0.990373 -0.137008 -0.0197437 -16.1853 0.136216 -0.989985 0.0370805 50.4127 -0.0246263 0.0340342 0.999117 -3.02986
-0.990687 -0.134764 -0.0194138 -16.711 0.133986 -0.990293 0.0369668 50.4852 -0.0242072 0.0340214 0.999128 -3.03053
-0.990927 -0.132978 -0.0195331 -17.2383 0.132182 -0.990514 0.0375592 50.5413 -0.0243423 0.0346365 0.999103 -3.0468
-0.991133 -0.131563 -0.0185975 -17.7659 0.130797 -0.990692 0.0377149 50.6112 -0.0233863 0.034948 0.999115 -3.04778
-0.991357 -0.129929 -0.0181843 -18.2891 0.129174 -0.990899 0.0378692 50.6837 -0.0229391 0.035193 0.999117 -3.05771
-0.991461 -0.129207 -0.0176058 -18.8117 0.128481 -0.991003 0.0375002 50.749 -0.0222927 0.034918 0.999142 -3.06319
-0.99156 -0.128518 -0.0171089 -19.3373 0.127823 -0.99111 0.0369016 50.8137 -0.0216993 0.0344032 0.999172 -3.0709
-0.991718 -0.127417 -0.0161176 -19.859 0.126762 -0.991256 0.0366443 50.8776 -0.0206458 0.0342977 0.999198 -3.07262
-0.991847 -0.126446 -0.0158609 -20.3841 0.125798 -0.991374 0.0367693 50.9473 -0.0203734 0.0344743 0.999198 -3.08461
-0.99198 -0.125368 -0.0160971 -20.9048 0.124689 -0.991472 0.0379015 51.0149 -0.0207115 0.0355903 0.999152 -3.09156
-0.992058 -0.124707 -0.0163867 -21.4288 0.124012 -0.991547 0.0381447 51.0793 -0.021005 0.0358096 0.999138 -3.08855
-0.99212 -0.124157 -0.0168356 -21.949 0.123463 -0.991644 0.0373979 51.1422 -0.0213381 0.0350246 0.999159 -3.10251
-0.992266 -0.123008 -0.0166263 -22.4777 0.122318 -0.991779 0.0375881 51.2035 -0.0211133 0.0352637 0.999155 -3.10993
-0.992365 -0.122128 -0.0172094 -22.9936 0.121389 -0.991842 0.0389102 51.2686 -0.021821 0.0365241 0.999095 -3.11019
-0.992494 -0.120903 -0.0184026 -23.5 0.120098 -0.991959 0.0399162 51.3326 -0.0230806 0.0374065 0.999034 -3.11955
-0.992643 -0.1195 -0.0194598 -24.005 0.118662 -0.992142 0.0396629 51.3898 -0.0240466 0.037062 0.999024 -3.11761
-0.992686 -0.118911 -0.0208449 -24.4905 0.118036 -0.992237 0.0391498 51.4472 -0.0253385 0.036403 0.999016 -3.12935
-0.992772 -0.118052 -0.0216245 -24.9503 0.117143 -0.992335 0.0393671 51.492 -0.0261061 0.0365494 0.998991 -3.1286
-0.992891 -0.116794 -0.0229667 -25.4069 0.115836 -0.992488 0.0393583 51.544 -0.027391 0.0364181 0.998961 -3.14373
-0.992952 -0.116106 -0.0238067 -25.8186 0.115099 -0.992547 0.0400313 51.5926 -0.0282772 0.037009 0.998915 -3.14968
-0.992947 -0.115757 -0.0256161 -26.2214 0.114673 -0.992583 0.0403705 51.6469 -0.0300993 0.0371483 0.998856 -3.15505
-0.992952 -0.115425 -0.0268928 -26.6091 0.114294 -0.992628 0.040338 51.6782 -0.0313505 0.03698 0.998824 -3.1527
-0.992965 -0.115164 -0.0275313 -26.9684 0.114033 -0.992686 0.0396263 51.7196 -0.0318935 0.036208 0.998835 -3.15215
-0.993022 -0.11486 -0.0267408 -27.3019 0.113818 -0.992787 0.0376819 51.7528 -0.0308761 0.0343754 0.998932 -3.14897
-0.993037 -0.114749 -0.026659 -27.6031 0.113732 -0.992823 0.0369727 51.7883 -0.0307103 0.0336833 0.998961 -3.16271
-0.993018 -0.114858 -0.026891 -27.873 0.113838 -0.992817 0.0368179 51.8156 -0.0309267 0.0334996 0.99896 -3.1642
-0.993009 -0.115013 -0.0265622 -28.1364 0.114 -0.992795 0.0369142 51.8461 -0.0306164 0.033628 0.998965 -3.1726
-0.992985 -0.115485 -0.0253711 -28.3625 0.114516 -0.992739 0.0368173 51.8781 -0.0294387 0.0336536 0.999 -3.16966
-0.992859 -0.11689 -0.0238356 -28.5683 0.116002 -0.992605 0.0357564 51.9013 -0.0278389 0.0327361 0.999076 -3.16313
-0.992672 -0.118827 -0.0219603 -28.7772 0.118016 -0.99239 0.0351266 51.9167 -0.0259671 0.0322775 0.999142 -3.17116
-0.992368 -0.121575 -0.0206145 -28.9531 0.120834 -0.992089 0.0340317 51.9498 -0.0245888 0.031281 0.999208 -3.16707
-0.992002 -0.124659 -0.019783 -29.1245 0.123948 -0.991712 0.0338155 51.9664 -0.0238344 0.031093 0.999232 -3.16472
-0.99151 -0.128435 -0.020292 -29.2792 0.127717 -0.991248 0.0333978 51.9892 -0.0244038 0.0305226 0.999236 -3.18374
-0.990982 -0.132478 -0.0200905 -29.428 0.131773 -0.990727 0.033101 52.0045 -0.0242894 0.0301551 0.99925 -3.18849
-0.99042 -0.13673 -0.0193308 -29.565 0.136049 -0.990153 0.032985 52.0278 -0.0236505 0.030039 0.999269 -3.17086
-0.989742 -0.141596 -0.0190267 -29.6913 0.140932 -0.989482 0.0326071 52.0587 -0.0234436 0.0295912 0.999287 -3.17998
-0.989055 -0.146453 -0.0179223 -29.8158 0.145825 -0.98878 0.0323792 52.0844 -0.0224632 0.0294113 0.999315 -3.17595
-0.988326 -0.151331 -0.0176265 -29.919 0.150711 -0.988046 0.0324142 52.0991 -0.0223211 0.0293793 0.999319 -3.1889
-0.987536 -0.156477 -0.0169459 -30.0186 0.155869 -0.987237 0.0326835 52.122 -0.0218438 0.0296348 0.999322 -3.18989
-0.986702 -0.161707 -0.0164391 -30.1174 0.161107 -0.986388 0.0329027 52.1406 -0.0215359 0.0298168 0.999323 -3.18986
-0.985849 -0.166872 -0.0160105 -30.2103 0.166284 -0.98553 0.0328775 52.1652 -0.0212652 0.0297499 0.999331 -3.18875
-0.985018 -0.171726 -0.0158151 -30.2841 0.171138 -0.984692 0.0330564 52.1793 -0.0212496 0.0298546 0.999328 -3.1873
-0.984187 -0.176459 -0.0154392 -30.3709 0.175887 -0.983865 0.0327607 52.1981 -0.0209711 0.0295271 0.999344 -3.19045
-0.983345 -0.181119 -0.0151378 -30.4527 0.180561 -0.983028 0.0324462 52.2139 -0.0207575 0.0291725 0.999359 -3.187
-0.982489 -0.185711 -0.0150912 -30.5218 0.18515 -0.98217 0.0325911 52.241 -0.0208747 0.0292262 0.999355 -3.19448
-0.981664 -0.190027 -0.0150328 -30.5894 0.189475 -0.981358 0.0321705 52.2545 -0.0208658 0.0287323 0.999369 -3.18461
-0.980807 -0.194403 -0.0149785 -30.6513 0.193844 -0.980494 0.032491 52.2738 -0.0210026 0.0289639 0.99936 -3.18787
-0.979975 -0.198535 -0.0152648 -30.716 0.197967 -0.979669 0.0325248 52.2864 -0.0214117 0.0288515 0.999354 -3.18875
-0.979093 -0.202841 -0.0152595 -30.7756 0.202274 -0.978793 0.0324063 52.2989 -0.0215092 0.0286422 0.999358 -3.19217
-0.978314 -0.206548 -0.0154958 -30.836 0.205973 -0.978021 0.0324018 52.32 -0.0218478 0.0285074 0.999355 -3.1938
-0.977496 -0.210402 -0.0152541 -30.8824 0.209832 -0.9772 0.0324067 52.3359 -0.0217247 0.0284766 0.999358 -3.1844
-0.976742 -0.213868 -0.0153611 -30.9293 0.213292 -0.976447 0.0325117 52.351 -0.0219525 0.0284791 0.999353 -3.19538
-0.976065 -0.216941 -0.0153178 -30.9704 0.21637 -0.975777 0.0322921 52.3529 -0.0219523 0.0282049 0.999361 -3.19947
-0.975321 -0.220256 -0.015377 -31.0137 0.219679 -0.975032 0.0324748 52.3667 -0.0221458 0.0282954 0.999354 -3.20278
-0.97467 -0.223106 -0.0155676 -31.0602 0.222529 -0.974394 0.0321952 52.3745 -0.022352 0.0279155 0.99936 -3.2043
-0.974038 -0.225876 -0.0151869 -31.092 0.225306 -0.973752 0.0323208 52.3923 -0.0220888 0.02806 0.999362 -3.1989
-0.973394 -0.228616 -0.0154778 -31.132 0.228038 -0.973118 0.0322415 52.4022 -0.0224327 0.0278541 0.99936 -3.2031
-0.972843 -0.230945 -0.0155158 -31.1548 0.23037 -0.972576 0.0320381 52.4104 -0.0224893 0.0275936 0.999366 -3.20327
-0.972294 -0.233263 -0.015235 -31.1921 0.232697 -0.972023 0.0319917 52.4152 -0.0222712 0.0275603 0.999372 -3.20264
-0.971819 -0.23523 -0.0153242 -31.2182 0.234664 -0.971554 0.031876 52.4306 -0.0223865 0.0273816 0.999374 -3.2082
-0.971344 -0.237206 -0.0149602 -31.2405 0.23665 -0.971074 0.0318033 52.4365 -0.0220714 0.0273516 0.999382 -3.19714
-0.97091 -0.238957 -0.015304 -31.2622 0.23839 -0.970646 0.0318827 52.4452 -0.0224734 0.0273069 0.999374 -3.21049
-0.970472 -0.24075 -0.0149469 -31.2819 0.240198 -0.970209 0.0316067 52.4399 -0.0221109 0.0270832 0.999389 -3.20347
-0.970018 -0.242576 -0.0148728 -31.3074 0.242023 -0.969752 0.0317121 52.4542 -0.0221155 0.0271617 0.999386 -3.19978
-0.969559 -0.244374 -0.0153507 -31.3219 0.243803 -0.969299 0.0319318 52.4581 -0.0226827 0.0272172 0.999372 -3.21354
-0.96914 -0.246077 -0.0146376 -31.3433 0.245525 -0.968865 0.0319156 52.4654 -0.0220356 0.0273368 0.999383 -3.19226
-0.968677 -0.247913 -0.0142942 -31.3656 0.247365 -0.968389 0.0321497 52.4729 -0.0218127 0.0276068 0.999381 -3.196
-0.96824 -0.249605 -0.0144635 -31.3841 0.249054 -0.967958 0.0320767 52.4862 -0.0220065 0.0274557 0.999381 -3.19084
-0.967794 -0.251328 -0.0144316 -31.4052 0.250781 -0.967519 0.0318733 52.4939 -0.0219735 0.0272276 0.999388 -3.19716
-0.967406 -0.252815 -0.0145043 -31.4221 0.252265 -0.967131 0.031922 52.4988 -0.022098 0.0272226 0.999385 -3.1984
-0.967035 -0.254249 -0.0141395 -31.4404 0.253711 -0.966758 0.0317808 52.5025 -0.0217497 0.0271458 0.999395 -3.19277
-0.96659 -0.255913 -0.0145656 -31.4523 0.255361 -0.96632 0.0318949 52.505 -0.0222374 0.0271098 0.999385 -3.20111
-0.966164 -0.257531 -0.0143094 -31.4646 0.256989 -0.965894 0.031707 52.5114 -0.0219869 0.0269568 0.999395 -3.20085
-0.965504 -0.260063 -0.0130396 -31.4896 0.259562 -0.965217 0.031378 52.5193 -0.0207463 0.026911 0.999423 -3.2029
-0.964822 -0.26262 -0.012173 -31.5151 0.262151 -0.964531 0.03094 52.5298 -0.0198667 0.0266605 0.999447 -3.20812
-0.963994 -0.265653 -0.0120224 -31.549 0.265197 -0.963716 0.0303658 52.5428 -0.019653 0.0260841 0.999467 -3.21088
-0.963007 -0.269224 -0.0116675 -31.5852 0.268776 -0.962722 0.0304327 52.5473 -0.0194257 0.0261709 0.999469 -3.19464
-0.961837 -0.273378 -0.0115897 -31.6342 0.272919 -0.961538 0.0309873 52.5633 -0.0196152 0.0266416 0.999453 -3.19797
-0.960468 -0.278154 -0.0114339 -31.6819 0.277708 -0.960181 0.0304966 52.5875 -0.0194613 0.0261158 0.999469 -3.19331
-0.958882 -0.28356 -0.0117872 -31.7427 0.2831 -0.958601 0.0306335 52.6098 -0.0199857 0.026037 0.999461 -3.21637
-0.957083 -0.28958 -0.0116033 -31.8039 0.289121 -0.956798 0.0307605 52.6339 -0.0200096 0.0260856 0.999459 -3.21071
-0.955123 -0.295979 -0.0116965 -31.8689 0.295518 -0.954845 0.0306817 52.6657 -0.0202495 0.0258483 0.999461 -3.21831
-0.952898 -0.303076 -0.0113787 -31.9373 0.302612 -0.952607 0.0310836 52.6963 -0.0202601 0.0261762 0.999452 -3.21046
-0.950527 -0.310425 -0.0116475 -32.0149 0.309954 -0.950246 0.0309918 52.7193 -0.0206887 0.0258483 0.999452 -3.21327
-0.947941 -0.318217 -0.0120956 -32.0997 0.317731 -0.947674 0.0310089 52.7502 -0.0213303 0.0255514 0.999446 -3.22873
-0.944929 -0.327041 -0.0123679 -32.1779 0.32656 -0.944688 0.0303915 52.7912 -0.0216231 0.0246789 0.999462 -3.23539
-0.9416 -0.336518 -0.0120565 -32.2726 0.336043 -0.941357 0.0303474 52.8325 -0.021562 0.0245236 0.999467 -3.22782
-0.93795 -0.346562 -0.0120103 -32.3703 0.34608 -0.937706 0.0306101 52.8685 -0.0218704 0.0245542 0.999459 -3.21304
-0.933699 -0.357843 -0.012421 -32.4568 0.35734 -0.933461 0.0309712 52.9149 -0.0226774 0.0244793 0.999443 -3.22611
-0.929071 -0.369696 -0.012317 -32.571 0.369193 -0.928838 0.0309206 52.9742 -0.0228717 0.0241801 0.999446 -3.22443
-0.924089 -0.381985 -0.0121236 -32.6636 0.381462 -0.923836 0.0318413 53.0286 -0.0233631 0.0247995 0.999419 -3.23009
-0.918778 -0.394566 -0.0128214 -32.7733 0.394037 -0.918563 0.0312724 53.096 -0.0241163 0.0236803 0.999429 -3.24007
-0.91318 -0.407347 -0.0130649 -32.8828 0.406805 -0.912973 0.0314617 53.1542 -0.0247437 0.0234153 0.99942 -3.25074
-0.907323 -0.42023 -0.0131331 -32.9846 0.419691 -0.907133 0.0311433 53.212 -0.0250008 0.0227452 0.999429 -3.24907
-0.901254 -0.433107 -0.0126582 -33.1004 0.432572 -0.901056 0.031297 53.2789 -0.0249607 0.0227309 0.99943 -3.24751
-0.894681 -0.446524 -0.0127326 -33.2084 0.445977 -0.894486 0.0316188 53.355 -0.0255077 0.0226103 0.999419 -3.24519
-0.888057 -0.459557 -0.0127443 -33.3216 0.459001 -0.887865 0.0318415 53.4404 -0.0259482 0.0224274 0.999412 -3.25438
-0.881222 -0.472532 -0.0127099 -33.4243 0.47196 -0.881026 0.0323604 53.5018 -0.0264891 0.0225182 0.999395 -3.25989
-0.874353 -0.48514 -0.0121119 -33.5283 0.484585 -0.874155 0.0320875 53.5783 -0.0261546 0.0221865 0.999412 -3.26163
-0.867118 -0.497967 -0.011661 -33.6459 0.497418 -0.866914 0.0321754 53.656 -0.0261313 0.0220995 0.999414 -3.2619
-0.859393 -0.511194 -0.01117 -33.7535 0.510657 -0.859189 0.0319903 53.7461 -0.0259504 0.0217882 0.999426 -3.26367
-0.851392 -0.524411 -0.01122 -33.8714 0.523866 -0.851195 0.0321223 53.8227 -0.0263956 0.0214709 0.999421 -3.2678
-0.843206 -0.537478 -0.0109809 -33.9769 0.536921 -0.843 0.032649 53.909 -0.026805 0.0216339 0.999407 -3.27607
-0.83447 -0.550948 -0.0107533 -34.1021 0.550321 -0.834209 0.0352463 54.0033 -0.0283894 0.0234942 0.999321 -3.28136
-0.825001 -0.56503 -0.0106932 -34.2092 0.564324 -0.824686 0.0378463 54.1073 -0.0302028 0.0251888 0.999226 -3.28713
-0.815477 -0.578698 -0.0102963 -34.3335 0.577957 -0.815128 0.0391483 54.2049 -0.0310479 0.0259737 0.99918 -3.2926
-0.805507 -0.592482 -0.0110796 -34.4547 0.59179 -0.805253 0.0367761 54.2999 -0.030711 0.0230666 0.999262 -3.27605
-0.795017 -0.606487 -0.0110637 -34.57 0.605954 -0.794888 0.0311907 54.4034 -0.0277112 0.0180931 0.999452 -3.28604
-0.783738 -0.620969 -0.0123053 -34.69 0.620518 -0.783712 0.0274281 54.5173 -0.0266759 0.0138608 0.999548 -3.29631
-0.771908 -0.635624 -0.0118352 -34.8141 0.635217 -0.771897 0.0259892 54.6268 -0.0256549 0.0125433 0.999592 -3.30829
-0.759251 -0.650672 -0.0128425 -34.9555 0.650273 -0.759283 0.0251728 54.7619 -0.0261303 0.0107613 0.999601 -3.30055
-0.745336 -0.666549 -0.0136386 -35.0808 0.66616 -0.745404 0.0245783 54.8896 -0.026549 0.00923361 0.999605 -3.30251
-0.730971 -0.682212 -0.016376 -35.2253 0.681917 -0.731145 0.0204095 55.0449 -0.0258968 0.00375163 0.999658 -3.30628
-0.715075 -0.698787 -0.0190765 -35.3739 0.698595 -0.715328 0.0164713 55.1934 -0.0251558 -0.0015485 0.999682 -3.31374
-0.69819 -0.715554 -0.0226509 -35.5058 0.715489 -0.698516 0.0122782 55.3534 -0.0246078 -0.00763393 0.999668 -3.32982
-0.67934 -0.733494 -0.0219972 -35.6454 0.733485 -0.679632 0.00999629 55.5238 -0.0222822 -0.00934372 0.999708 -3.3557
-0.657903 -0.75292 -0.0165925 -35.7658 0.752896 -0.658079 0.0089412 55.7017 -0.0176512 -0.00660997 0.999822 -3.35527
-0.632424 -0.774535 -0.0116617 -35.8854 0.774419 -0.632531 0.0134049 55.8775 -0.017759 -0.000553434 0.999842 -3.35138
-0.602205 -0.798229 -0.0134251 -36.009 0.798084 -0.602353 0.0152734 56.1005 -0.0202783 -0.00151662 0.999793 -3.29727
-0.570024 -0.821401 -0.0193123 -36.1456 0.821347 -0.570287 0.0127622 56.3204 -0.0214964 -0.00858734 0.999732 -3.32504
-0.534924 -0.844494 -0.0262119 -36.2569 0.844571 -0.535324 0.0113373 56.546 -0.0236062 -0.0160732 0.999592 -3.35486
-0.497363 -0.867012 -0.0303368 -36.3593 0.867181 -0.497861 0.0114628 56.7793 -0.0250418 -0.0206063 0.999474 -3.38263
-0.455618 -0.889696 -0.0292085 -36.4544 0.889883 -0.456064 0.0106847 57.024 -0.022827 -0.021124 0.999516 -3.39792
-0.412647 -0.910491 -0.0269936 -36.5203 0.910634 -0.413053 0.0115378 57.306 -0.0216548 -0.0198203 0.999569 -3.38694
-0.369115 -0.929027 -0.0257603 -36.59 0.929143 -0.369509 0.0125313 57.5722 -0.0211605 -0.0193095 0.99959 -3.38059
-0.324139 -0.945673 -0.0252262 -36.6432 0.945699 -0.3246 0.0169685 57.8306 -0.024235 -0.0183563 0.999538 -3.3634
-0.27542 -0.960994 -0.0251785 -36.6867 0.960968 -0.275936 0.0199818 58.128 -0.02615 -0.0186924 0.999483 -3.384
-0.225698 -0.973803 -0.0277115 -36.7284 0.97383 -0.226303 0.0210307 58.4249 -0.026751 -0.0222397 0.999395 -3.36176
-0.173592 -0.984307 -0.0317094 -36.7468 0.984492 -0.174272 0.0201038 58.7047 -0.0253143 -0.0277278 0.999295 -3.39033
-0.122351 -0.991836 -0.035928 -36.7546 0.992108 -0.123224 0.023172 59.0247 -0.02741 -0.0328093 0.999086 -3.41549
-0.0715026 -0.996744 -0.0372595 -36.7369 0.997027 -0.0724984 0.026097 59.3352 -0.0287133 -0.0352828 0.998965 -3.43092
-0.0206127 -0.999223 -0.0335807 -36.6971 0.99929 -0.02165 0.0308251 59.6484 -0.0315282 -0.0329215 0.998961 -3.45159
0.028769 -0.999234 -0.0265364 -36.6465 0.999067 0.0278886 0.0329735 59.965 -0.0322082 -0.0274603 0.999104 -3.43162
0.0786017 -0.996617 -0.0240073 -36.5835 0.99635 0.0777307 0.0352809 60.2573 -0.0332954 -0.0266928 0.999089 -3.41655
0.129139 -0.991299 -0.025485 -36.516 0.991122 0.128211 0.0352064 60.569 -0.0316326 -0.0298053 0.999055 -3.41278
0.178115 -0.983596 -0.0285341 -36.4215 0.983636 0.177174 0.0327141 60.8816 -0.0271219 -0.0338941 0.999057 -3.45345
0.224932 -0.973995 -0.0271771 -36.3154 0.974039 0.224035 0.0325057 61.1829 -0.0255717 -0.0337831 0.999102 -3.48122
0.269794 -0.962614 -0.02418 -36.1892 0.962537 0.268896 0.0348977 61.4896 -0.0270911 -0.0326893 0.999098 -3.477
0.312043 -0.949812 -0.0220519 -36.0552 0.949584 0.311059 0.0391491 61.7931 -0.0303249 -0.0331564 0.99899 -3.47477
0.350592 -0.936285 -0.0213456 -35.925 0.935927 0.349459 0.0438188 62.1023 -0.0335675 -0.0353405 0.998811 -3.46248
0.384937 -0.922709 -0.0207802 -35.7692 0.92237 0.383807 0.043889 62.3928 -0.0325211 -0.0360616 0.99882 -3.49296
0.415058 -0.909548 -0.021221 -35.6169 0.90927 0.413913 0.0436348 62.6832 -0.0309042 -0.0374066 0.998822 -3.50217
0.440894 -0.897431 -0.0151832 -35.4397 0.896941 0.4399 0.0445549 62.9669 -0.0333058 -0.0332624 0.998892 -3.52703
0.461965 -0.886879 -0.00590643 -35.2629 0.885952 0.461154 0.0492488 63.264 -0.0409539 -0.027984 0.998769 -3.50894
0.479283 -0.877658 -0.00197914 -35.0962 0.876434 0.478493 0.0539177 63.5419 -0.0463743 -0.0275764 0.998543 -3.47583
0.494052 -0.869428 -0.00282685 -34.9303 0.868202 0.493177 0.054797 63.8256 -0.0462479 -0.0295268 0.998494 -3.49491
0.506247 -0.862368 -0.00586558 -34.7429 0.861291 0.505248 0.0538674 64.1176 -0.04349 -0.0323222 0.998531 -3.52443
0.516228 -0.856425 -0.00668178 -34.5597 0.855332 0.515139 0.0551242 64.4047 -0.0437677 -0.0341718 0.998457 -3.57633
0.524178 -0.851608 -0.00105359 -34.3663 0.850253 0.523273 0.0570576 64.7024 -0.0480394 -0.0308042 0.99837 -3.58532
0.530306 -0.847791 0.00507146 -34.1752 0.846385 0.529754 0.0547061 64.9856 -0.0490659 -0.0247186 0.99849 -3.57059
0.535556 -0.844449 0.00922779 -33.9727 0.843196 0.535304 0.0497105 65.2704 -0.0469177 -0.0188419 0.998721 -3.56457
0.539294 -0.842077 0.00825428 -33.7791 0.840909 0.539018 0.0482905 65.5712 -0.0451135 -0.0191017 0.998799 -3.56841
0.542489 -0.840058 0.00292293 -33.591 0.838946 0.541944 0.0496635 65.8742 -0.0433043 -0.0244897 0.998762 -3.59448
0.545042 -0.838408 -0.000836172 -33.3961 0.837177 0.544187 0.0547307 66.1871 -0.0454316 -0.0305305 0.998501 -3.62643
0.547678 -0.836689 -0.001185 -33.2124 0.835439 0.546781 0.0554351 66.4935 -0.045734 -0.0313505 0.998462 -3.66986
0.550189 -0.835021 0.00570465 -32.9895 0.833982 0.549822 0.0465767 66.7984 -0.042029 -0.0208684 0.998898 -3.67971
0.551797 -0.833894 0.0119006 -32.7632 0.833018 0.55179 0.0401119 67.1002 -0.0400157 -0.0122202 0.999124 -3.66618
0.553589 -0.832564 0.0193745 -32.538 0.83179 0.553915 0.0361024 67.4035 -0.0407894 -0.00387041 0.99916 -3.66619
0.555806 -0.83106 0.0204573 -32.3188 0.830347 0.556178 0.0344821 67.7111 -0.0400346 -0.00217866 0.999196 -3.6488
0.557756 -0.829795 0.0186508 -32.1207 0.829154 0.558061 0.0327414 68.0339 -0.0375769 -0.00279731 0.99929 -3.68368
0.560456 -0.827977 0.018498 -31.9038 0.827482 0.560761 0.0286422 68.3414 -0.034088 -0.000745981 0.999419 -3.72489
0.562325 -0.826743 0.0169455 -31.6829 0.826358 0.56258 0.02521 68.6604 -0.0303753 -0.000173179 0.999539 -3.72326
0.562912 -0.826359 0.0161215 -31.4655 0.826059 0.563143 0.0222947 68.9665 -0.0275022 0.000767329 0.999621 -3.74562
0.564702 -0.825204 0.0122164 -31.2545 0.824939 0.564832 0.0209816 69.2777 -0.0242143 -0.00177057 0.999705 -3.72308
0.565582 -0.824642 0.00907457 -31.049 0.824438 0.565647 0.018605 69.5964 -0.0204754 -0.00304122 0.999786 -3.74988
0.565415 -0.824724 0.0116906 -30.8097 0.824524 0.565535 0.0181563 69.9222 -0.0215854 -0.000626629 0.999767 -3.76931
0.564051 -0.8256 0.0151878 -30.5978 0.82549 0.564237 0.0142443 70.2285 -0.0203296 0.00450287 0.999783 -3.76602
0.562911 -0.826251 0.0209787 -30.3681 0.826242 0.563197 0.0115176 70.5409 -0.0213316 0.0108501 0.999714 -3.78417
0.562194 -0.826691 0.0228235 -30.1434 0.826655 0.562545 0.0136098 70.8608 -0.0240903 0.0112158 0.999647 -3.76865
0.562437 -0.826573 0.0210234 -29.937 0.826355 0.562796 0.0199497 71.1859 -0.0283217 0.00615233 0.99958 -3.7663
0.561825 -0.82704 0.0188948 -29.7254 0.82658 0.562142 0.0275809 71.5164 -0.0334321 0.000122395 0.999441 -3.78442
0.560975 -0.827584 0.0203066 -29.515 0.827079 0.561342 0.0289173 71.8466 -0.0353305 0.000573298 0.999376 -3.80272
0.559925 -0.828219 0.0231617 -29.3067 0.827817 0.560386 0.0261953 72.1541 -0.0346749 0.00450628 0.999388 -3.81721
0.558702 -0.828909 0.0275882 -29.0784 0.828663 0.55929 0.0226472 72.4623 -0.0342023 0.0102083 0.999363 -3.83039
0.558002 -0.829319 0.0293898 -28.868 0.829162 0.558628 0.0206103 72.7689 -0.0335105 0.0128683 0.999356 -3.82345
0.557711 -0.829499 0.0298318 -28.6508 0.829401 0.55833 0.0190253 73.0826 -0.0324375 0.0141319 0.999374 -3.83524
0.557019 -0.830025 0.0280613 -28.4406 0.829918 0.557576 0.0185895 73.403 -0.031076 0.0129338 0.999433 -3.83865
0.556216 -0.830605 0.0268392 -28.2408 0.830492 0.556731 0.0182648 73.7138 -0.030113 0.0121306 0.999473 -3.8497
0.555676 -0.830959 0.027035 -28.0342 0.830883 0.556183 0.0171547 74.0324 -0.0292913 0.0129305 0.999487 -3.87033
0.555261 -0.831184 0.0285938 -27.8161 0.831208 0.555774 0.0144295 74.3401 -0.0278853 0.0157553 0.999487 -3.88543
0.555267 -0.830988 0.0337244 -27.6055 0.831203 0.555859 0.0110676 74.6498 -0.027943 0.0218864 0.99937 -3.89541
0.555065 -0.830845 0.0400059 -27.3807 0.831278 0.555785 0.00893542 74.9595 -0.0296586 0.0282963 0.999159 -3.88331
0.554784 -0.830925 0.0421735 -27.1736 0.831354 0.555633 0.0110861 75.273 -0.0326447 0.0289107 0.999049 -3.88718
0.554999 -0.830782 0.0421613 -26.9634 0.831088 0.555948 0.0146657 75.5788 -0.0356234 0.0269003 0.999003 -3.90068
0.555304 -0.830651 0.04069 -26.7556 0.830816 0.556272 0.0175093 75.8911 -0.0371788 0.0240828 0.999018 -3.9031
0.555821 -0.830394 0.0388474 -26.5538 0.830476 0.556745 0.0185668 76.2048 -0.0370458 0.021942 0.999073 -3.92514
0.555458 -0.830568 0.0402816 -26.3459 0.830666 0.556446 0.0190065 76.5108 -0.0382007 0.0229033 0.999008 -3.94155
0.555037 -0.830589 0.0453432 -26.1441 0.830874 0.556185 0.0175352 76.8024 -0.0397837 0.0279417 0.998818 -3.95811
0.554223 -0.830849 0.0502606 -25.9394 0.831429 0.555455 0.0139694 77.0742 -0.039524 0.0340459 0.998638 -3.95166
0.553191 -0.831505 0.050787 -25.7653 0.832173 0.554382 0.0122364 77.3404 -0.03833 0.0354945 0.998635 -3.94885
0.551239 -0.833061 0.0463067 -25.5929 0.833622 0.552224 0.0110491 77.6241 -0.0347762 0.0325116 0.998866 -3.95362
