1 0 0 0 0 1 0 0 0 0 1 0
1 -5.49582e-05 -7.10623e-06 0.00142804 5.49588e-05 1 8.5136e-05 -0.00147099 7.10155e-06 -8.51364e-05 1 0.000189151
1 -2.4683e-05 -9.28345e-05 0.0012623 2.46826e-05 1 -4.80735e-06 0.00357877 9.28346e-05 4.80506e-06 1 0.00286349
1 2.3173e-05 -3.81898e-05 0.00416062 -2.31721e-05 1 2.45996e-05 0.00318771 3.81904e-05 -2.45987e-05 1 0.000510101
1 5.15082e-05 -3.4354e-05 0.00288773 -5.15085e-05 1 -1.07611e-05 0.000717748 3.43535e-05 1.07629e-05 1 0.00110276
1 2.3356e-05 -5.59104e-05 0.00287255 -2.3355e-05 1 1.87501e-05 0.00300303 5.59108e-05 -1.87488e-05 1 0.00318875
1 2.26432e-05 -7.8857e-05 0.0029231 -2.26473e-05 1 -5.26697e-05 0.000485226 7.88559e-05 5.26715e-05 1 0.00099348
1 3.11805e-05 -1.85761e-05 0.00255192 -3.11801e-05 1 2.52891e-05 0.00194642 1.85769e-05 -2.52885e-05 1 0.000453195
1 4.04873e-05 -6.94974e-05 0.00275169 -4.049e-05 1 -3.77983e-05 -0.000682594 6.94959e-05 3.78011e-05 1 0.00189091
1 2.61327e-05 -2.32325e-05 0.00212408 -2.61319e-05 1 3.59745e-05 0.000395432 2.32334e-05 -3.59739e-05 1 0.000594488
1 8.71506e-05 -5.70025e-05 0.00371107 -8.71521e-05 1 -2.58616e-05 0.0012101 5.70002e-05 2.58666e-05 1 0.00057497
1 6.78391e-05 7.6915e-06 0.00213142 -6.78392e-05 1 2.1557e-05 0.00010111 -7.69003e-06 -2.15576e-05 1 -0.000475184
1 6.38104e-05 -4.95289e-05 -0.00106535 -6.38135e-05 1 -6.15285e-05 0.00183729 4.95249e-05 6.15316e-05 1 0.000848005
1 4.526e-06 -7.70198e-05 -0.000456258 -4.52459e-06 1 1.82406e-05 0.00227983 7.70198e-05 -1.82403e-05 1 0.00310388
1 2.77385e-05 -1.17365e-05 -0.00132735 -2.77385e-05 1 -5.91507e-06 -0.00102146 1.17363e-05 5.91539e-06 1 -0.00119419
1 -5.34988e-05 -4.57154e-05 -0.000732921 5.34985e-05 1 -6.47985e-06 0.00190549 4.57158e-05 6.4774e-06 1 0.00155728
1 2.71175e-05 9.52099e-06 -0.00108204 -2.71177e-05 1 2.59201e-05 -0.00257134 -9.52028e-06 -2.59203e-05 1 0.000416479
1 5.60671e-05 1.14296e-05 0.00223744 -5.60671e-05 1 -3.3852e-06 -0.000260201 -1.14298e-05 3.38456e-06 1 -0.00158177
1 -4.40846e-05 -4.37305e-06 -0.000144274 4.40847e-05 1 2.28835e-05 -0.000366913 4.37204e-06 -2.28837e-05 1 -0.001119
1 4.65655e-05 -2.13392e-05 0.00072226 -4.65651e-05 1 2.17154e-05 0.00194878 2.13402e-05 -2.17144e-05 1 0.000143004
1 6.4263e-05 -4.45418e-05 -0.00174286 -6.42646e-05 1 -3.5999e-05 0.00134225 4.45394e-05 3.60018e-05 1 -0.00049276
1 5.22952e-05 -4.18112e-05 0.00206857 -5.22958e-05 1 -1.37454e-05 -0.000501272 4.18104e-05 1.37476e-05 1 -3.61096e-05
1 -1.02816e-05 -2.82367e-05 0.00170033 1.02818e-05 1 9.22539e-06 0.00161666 2.82366e-05 -9.22568e-06 1 0.000126286
1 2.85825e-05 1.39e-05 0.000514871 -2.85829e-05 1 2.80365e-05 0.000932959 -1.38992e-05 -2.80369e-05 1 0.000380161
1 3.28806e-06 -1.95094e-05 -0.0014614 -3.28795e-06 1 5.64192e-06 0.00145416 1.95094e-05 -5.64186e-06 1 -0.000568547
1 -1.17311e-05 -3.65048e-05 -0.00202252 1.17305e-05 1 -1.71959e-05 0.000600952 3.6505e-05 1.71955e-05 1 -0.00041677
1 8.35048e-05 -2.90726e-05 0.00347932 -8.35049e-05 1 -4.03232e-06 0.000357832 2.90722e-05 4.03475e-06 1 -0.000258344
1 4.31758e-05 -4.02906e-06 0.000592791 -4.31757e-05 1 1.75821e-05 0.000850368 4.02982e-06 -1.75819e-05 1 1.0732e-05
1 -2.93662e-05 -1.75732e-05 -0.00151219 2.93659e-05 1 -1.70037e-05 8.18928e-05 1.75737e-05 1.70032e-05 1 0.000669875
1 -5.55174e-05 5.65204e-06 -0.0024711 5.55171e-05 1 5.01668e-05 0.000659445 -5.65482e-06 -5.01665e-05 1 0.000866769
1 -9.16114e-06 -1.63547e-05 6.00841e-05 9.16134e-06 1 1.21789e-05 -0.00132856 1.63545e-05 -1.21791e-05 1 -0.000145101
1 -7.37799e-06 -2.19864e-06 -0.000418131 7.37806e-06 1 3.20581e-05 -0.000876099 2.1984e-06 -3.20581e-05 1 -0.000317708
1 1.08532e-05 -1.10316e-05 0.00433826 -1.08532e-05 1 1.52061e-06 -0.00307672 1.10316e-05 -1.52049e-06 1 0.000866961
1 -2.778e-05 -2.55643e-06 0.00509182 2.778e-05 1 -4.57673e-06 -0.00378087 2.55656e-06 4.57666e-06 1 0.000131325
1 -4.68091e-06 -1.32994e-05 -0.000685896 4.68111e-06 1 1.525e-05 -0.00286999 1.32993e-05 -1.525e-05 1 0.000723023
1 -0.000138417 -5.43826e-05 -0.00176083 0.000138416 1 -1.68023e-05 -2.60858e-06 5.43849e-05 1.67947e-05 1 0.00193992
1 -8.98637e-05 -2.15549e-05 -0.00169081 8.98631e-05 1 -2.85917e-05 -0.00209867 2.15575e-05 2.85898e-05 1 -0.000619101
1 -2.5189e-05 -5.77783e-05 -0.00110534 2.51872e-05 1 -3.11734e-05 -0.00799011 5.77791e-05 3.11719e-05 1 -0.000594499
1 2.69065e-05 -4.06528e-05 -0.00619523 -2.69062e-05 1 7.15877e-06 -0.008501 4.0653e-05 -7.15767e-06 1 -0.000769699
1 -4.06079e-05 -1.664e-05 -0.0108308 4.06078e-05 1 -7.93522e-06 -0.00663465 1.66403e-05 7.93454e-06 1 -0.00189892
1 -0.000187445 -6.27097e-05 -0.00431279 0.000187445 1 -5.42007e-07 -0.00518857 6.27098e-05 5.30253e-07 1 -0.00243384
1 0.000134909 -3.01632e-05 0.00516389 -0.000134907 1 4.23349e-05 -0.00541913 3.01689e-05 -4.23308e-05 1 -0.00351712
1 0.000397933 -6.64393e-05 0.033271 -0.000397932 1 1.3464e-05 -0.00141054 6.64446e-05 -1.34375e-05 1 -0.00299435
1 0.00080328 -5.52529e-05 0.0556479 -0.000803279 1 1.56721e-05 -0.00727295 5.52655e-05 -1.56277e-05 1 -0.0016058
0.999996 0.00285938 -2.81735e-05 0.0784784 -0.00285938 0.999996 -3.59644e-06 -0.0208999 2.81631e-05 3.67699e-06 1 -0.00191931
0.999992 0.00389294 8.6574e-05 0.144018 -0.00389294 0.999992 5.02395e-05 -0.0209721 -8.63778e-05 -5.05762e-05 1 -0.000224112
0.999983 0.00590746 -3.94225e-05 0.220081 -0.00590746 0.999983 -0.000125714 -0.0415183 3.86792e-05 0.000125945 1 0.00248365
0.999965 0.00841322 -0.000135858 0.289484 -0.00841324 0.999965 -0.000158302 -0.0348207 0.000134521 0.000159439 1 0.00630569
0.999948 0.0102153 -0.000165967 0.350924 -0.0102153 0.999948 -8.70786e-05 -0.0145283 0.000165069 8.87695e-05 1 0.00919157
0.999931 0.0117149 -0.000140906 0.403927 -0.0117149 0.999931 -0.000147951 -0.00376038 0.000139163 0.000149591 1 0.00654469
0.999924 0.0123332 7.24226e-05 0.456938 -0.0123333 0.999924 0.000224396 0.0125247 -6.96496e-05 -0.000225272 1 0.00769197
0.999897 0.014363 -3.99285e-05 0.534818 -0.014363 0.999897 1.50423e-05 0.00459418 4.01404e-05 -1.44672e-05 1 0.0142556
0.999847 0.0175055 0.000327418 0.671733 -0.0175055 0.999847 1.54072e-05 -0.0167338 -0.000327098 -2.11364e-05 1 0.0137296
0.999804 0.0197968 0.000407635 0.775295 -0.0197967 0.999804 -0.000176922 -0.0160077 -0.000411058 0.000168818 1 0.0178495
0.999782 0.0208611 0.000617216 0.866678 -0.0208612 0.999782 7.82091e-05 -0.0198643 -0.00061545 -9.10679e-05 1 0.0221538
0.999748 0.0224262 0.00041648 0.956696 -0.0224262 0.999749 2.83643e-05 -0.0205428 -0.000415739 -3.76972e-05 1 0.0208511
0.99971 0.0240949 0.000261317 1.07068 -0.0240949 0.99971 -0.000138171 -0.0359959 -0.00026457 0.000131834 1 0.0217072
0.999674 0.0255315 0.000530568 1.17156 -0.0255314 0.999674 -0.00015668 -0.0377064 -0.000534395 0.000143083 1 0.0264051
0.999637 0.0269375 0.000824775 1.29448 -0.0269374 0.999637 -4.78177e-05 -0.0523232 -0.000825764 2.5583e-05 1 0.0282851
0.999595 0.0284482 0.000641536 1.40087 -0.0284482 0.999595 -5.2017e-05 -0.0812664 -0.000642756 3.37453e-05 1 0.0211641
0.999554 0.0298491 0.000437072 1.52574 -0.029849 0.999554 -9.44412e-05 -0.0835376 -0.000439696 8.13529e-05 1 0.0261202
0.999502 0.0315385 0.00050061 1.6567 -0.0315384 0.999503 -0.000119166 -0.0970655 -0.00050412 0.000103318 1 0.0267093
0.99947 0.032543 0.000187914 1.80524 -0.032543 0.99947 -0.000142859 -0.0810867 -0.000192463 0.000136668 1 0.0309769
0.999389 0.0349423 -0.000285406 1.93286 -0.0349423 0.999389 0.000150467 -0.0790049 0.000290489 -0.000140402 1 0.0271112
0.99933 0.0365882 -0.000966858 2.07381 -0.0365883 0.99933 -2.44677e-05 -0.061309 0.000965316 5.9827e-05 1 0.0254959
0.999285 0.0377647 -0.00169746 2.19649 -0.037766 0.999286 -0.000780839 -0.0869004 0.00166676 0.000844388 0.999998 0.0315668
0.99924 0.0389384 -0.00191382 2.34761 -0.0389409 0.999241 -0.00127865 -0.0825739 0.00186258 0.0013522 0.999997 0.0252168
0.999191 0.0401705 -0.0021324 2.48408 -0.0401752 0.99919 -0.00220727 -0.07743 0.00204201 0.00229115 0.999995 0.0310062
0.999133 0.0415877 -0.00194066 2.65168 -0.0415907 0.999134 -0.00156701 -0.0903612 0.00187381 0.00164636 0.999997 0.0326631
0.999078 0.0428818 -0.00200081 2.7519 -0.0428854 0.999078 -0.0018293 -0.111659 0.00192052 0.00191342 0.999996 0.0282149
0.999023 0.0440947 -0.00288278 2.90616 -0.0441052 0.99902 -0.00370382 -0.120307 0.00271663 0.00382735 0.999989 0.0330031
0.998948 0.045765 -0.00306381 3.06815 -0.0457786 0.998941 -0.00455484 -0.152579 0.00285211 0.0046903 0.999985 0.0359218
0.998879 0.0472242 -0.00315388 3.19333 -0.0472385 0.998873 -0.0045984 -0.147479 0.00293317 0.00474223 0.999984 0.0388097
0.998888 0.0470543 -0.00290565 3.36197 -0.0470648 0.998885 -0.00365334 -0.1354 0.0027305 0.00378603 0.999989 0.0474212
0.99882 0.0484454 -0.00352658 3.47371 -0.0484581 0.998819 -0.00359274 -0.127551 0.00334836 0.00375939 0.999987 0.0436113
0.998751 0.0497904 -0.00413477 3.64327 -0.049808 0.99875 -0.00425251 -0.168413 0.00391787 0.00445315 0.999982 0.0385729
0.998706 0.0506833 -0.00421976 3.77471 -0.0506988 0.998707 -0.00365488 -0.175736 0.00402906 0.00386408 0.999984 0.0397096
0.99861 0.0521684 -0.00752342 3.90991 -0.0522105 0.998621 -0.00551318 -0.15989 0.00722543 0.00589832 0.999957 0.0330093
0.998479 0.054293 -0.00956027 4.05332 -0.0543423 0.99851 -0.00498014 -0.168521 0.00927564 0.00549209 0.999942 0.0302499
0.998368 0.0563979 -0.00894473 4.20136 -0.0564393 0.998396 -0.00444331 -0.201596 0.00867979 0.00494089 0.99995 0.0374889
0.998065 0.0615957 -0.00844865 4.32676 -0.061629 0.998092 -0.00374234 -0.213564 0.00820202 0.00425578 0.999957 0.0478802
0.997508 0.0700712 -0.00824775 4.47122 -0.0700978 0.997536 -0.00298284 -0.21098 0.00801842 0.00355356 0.999962 0.0489741
0.996636 0.0815804 -0.00781205 4.59351 -0.0815993 0.996663 -0.00212312 -0.235598 0.00761278 0.00275344 0.999967 0.0426937
0.995312 0.0963737 -0.00816726 4.72047 -0.0963939 0.995341 -0.00211825 -0.276845 0.00792507 0.00289559 0.999964 0.0531256
0.993331 0.115037 -0.00773824 4.85388 -0.115052 0.993358 -0.00149716 -0.299531 0.00751461 0.00237748 0.999969 0.0540718
0.990454 0.137631 -0.00769283 4.99907 -0.137652 0.990478 -0.00214779 -0.339146 0.00732398 0.00318622 0.999968 0.0566769
0.986712 0.162294 -0.00773619 5.1366 -0.162316 0.986736 -0.00236216 -0.375386 0.00725021 0.00358648 0.999967 0.0618723
0.981972 0.188861 -0.00795038 5.26306 -0.188885 0.981996 -0.0023609 -0.396544 0.00736137 0.00382005 0.999966 0.0708139
0.975867 0.218222 -0.00785514 5.384 -0.218248 0.97589 -0.00256184 -0.43837 0.0071067 0.00421439 0.999966 0.0712932
0.968851 0.247516 -0.0080227 5.51415 -0.247545 0.968873 -0.00277554 -0.51109 0.00708599 0.00467506 0.999964 0.0616455
0.960121 0.279465 -0.00815727 5.6425 -0.279496 0.960142 -0.00295068 -0.581876 0.00700753 0.00511293 0.999962 0.0644167
0.949871 0.312528 -0.00845958 5.77566 -0.312565 0.94989 -0.00344951 -0.674845 0.0069576 0.00592076 0.999958 0.0684204
0.938098 0.346263 -0.00856052 5.88888 -0.346301 0.938117 -0.00336175 -0.741295 0.00686672 0.00611817 0.999958 0.0700194
0.92536 0.378995 -0.00846083 5.99829 -0.379034 0.925376 -0.00359216 -0.820269 0.00646804 0.00653098 0.999958 0.0685664
0.911253 0.411744 -0.00920305 6.12035 -0.411791 0.91127 -0.00389771 -0.936317 0.00678161 0.00734153 0.99995 0.0723463
0.895823 0.444325 -0.00879646 6.23985 -0.444373 0.895831 -0.00446139 -1.01541 0.00589784 0.00790553 0.999951 0.0749945
0.879255 0.476258 -0.0094744 6.35765 -0.476312 0.879265 -0.00454599 -1.10738 0.00616544 0.00850986 0.999945 0.0779204
0.863977 0.503451 -0.00901082 6.4237 -0.503502 0.863982 -0.00459998 -1.23743 0.00546932 0.00851124 0.999949 0.0770774
0.846582 0.532171 -0.00968385 6.55766 -0.532229 0.846587 -0.00472889 -1.2881 0.00568164 0.00915742 0.999942 0.0828917
0.829209 0.558861 -0.00934175 6.66743 -0.558917 0.829209 -0.00489665 -1.42173 0.00500972 0.0092816 0.999944 0.083799
0.809284 0.587357 -0.00845239 6.79626 -0.587403 0.809283 -0.00448338 -1.49672 0.00420703 0.00859328 0.999954 0.0799511
0.788989 0.614348 -0.00857819 6.86583 -0.614396 0.788983 -0.00484939 -1.60031 0.00378883 0.00909652 0.999951 0.0726984
0.768353 0.639958 -0.00930631 6.93717 -0.640016 0.768341 -0.00561429 -1.75541 0.00355751 0.0102699 0.999941 0.0768361
0.747753 0.663903 -0.00992491 7.0098 -0.663969 0.747734 -0.00623822 -1.85066 0.00327962 0.0112545 0.999931 0.0907611
0.726771 0.686804 -0.0101878 7.07206 -0.686878 0.726728 -0.00812377 -1.94187 0.00182434 0.0129019 0.999915 0.0905159
0.705974 0.708159 -0.0105144 7.11427 -0.708235 0.705933 -0.00785538 -2.03414 0.00185957 0.0129923 0.999914 0.0910263
0.68445 0.72898 -0.0107743 7.19341 -0.729059 0.684394 -0.00877084 -2.14121 0.000980098 0.0138583 0.999903 0.0912394
0.663018 0.74852 -0.0111947 7.2452 -0.748603 0.66295 -0.00948994 -2.26062 0.000318107 0.0146724 0.999892 0.0846233
0.64235 0.766318 -0.0119695 7.28863 -0.766412 0.642269 -0.010209 -2.36679 -0.00013569 0.0157313 0.999876 0.0859152
0.622675 0.782399 -0.0113212 7.34812 -0.782479 0.622583 -0.0107829 -2.44541 -0.00138808 0.0155728 0.999878 0.0958672
0.603524 0.797257 -0.011858 7.35414 -0.797344 0.603438 -0.0102472 -2.51836 -0.00101405 0.0156393 0.999877 0.089483
0.585196 0.810824 -0.0105131 7.42646 -0.810889 0.585106 -0.0105314 -2.61505 -0.00238784 0.0146879 0.999889 0.0928561
0.566987 0.82365 -0.0112084 7.45198 -0.823724 0.5669 -0.0101679 -2.68005 -0.00202075 0.0149977 0.999885 0.0803007
0.549637 0.835335 -0.0106638 7.45678 -0.835399 0.549548 -0.0102486 -2.75086 -0.0027007 0.0145415 0.999891 0.10405
0.532314 0.846481 -0.0105606 7.50657 -0.846542 0.532226 -0.0101161 -2.83307 -0.00294248 0.0143249 0.999893 0.0927163
0.514332 0.857528 -0.0104324 7.52213 -0.857584 0.514241 -0.0102858 -2.89729 -0.00345557 0.014237 0.999893 0.0905134
0.495821 0.868359 -0.0106873 7.54379 -0.868418 0.495731 -0.0100651 -2.97835 -0.00344206 0.0142716 0.999892 0.0955502
0.477006 0.878841 -0.0102335 7.56505 -0.878892 0.476919 -0.0098136 -3.06113 -0.00374402 0.0136753 0.999899 0.0862083
0.457595 0.889103 -0.0101244 7.58124 -0.889152 0.457509 -0.00971239 -3.16871 -0.00400332 0.0134465 0.999902 0.0761206
0.437821 0.898994 -0.0110785 7.62231 -0.899052 0.437724 -0.0101289 -3.24076 -0.00425649 0.0143948 0.999887 0.0777847
0.419831 0.9075 -0.0136513 7.63444 -0.907595 0.41972 -0.0103125 -3.34304 -0.00362887 0.0167194 0.999854 0.0781525
0.40228 0.915406 -0.0142255 7.65451 -0.915507 0.402156 -0.0108078 -3.43781 -0.00417266 0.0173713 0.99984 0.0896783
0.385761 0.922481 -0.0147523 7.69074 -0.922588 0.385631 -0.0109258 -3.50921 -0.00438989 0.0178251 0.999831 0.0820769
0.369907 0.928955 -0.0145358 7.71986 -0.929056 0.369775 -0.0110114 -3.63848 -0.00485413 0.0175778 0.999834 0.0806836
0.354256 0.935036 -0.0145269 7.73581 -0.935132 0.354116 -0.0113739 -3.73797 -0.00549078 0.0176139 0.99983 0.0783334
0.338895 0.940738 -0.0127287 7.73705 -0.940802 0.338765 -0.0113817 -3.85479 -0.0063952 0.0158324 0.999854 0.0907548
0.324247 0.945891 -0.0123761 7.78124 -0.945948 0.324117 -0.0114013 -3.97518 -0.00677309 0.015404 0.999858 0.080182
0.310603 0.950473 -0.0112823 7.81054 -0.950512 0.310483 -0.0112668 -4.05832 -0.00720579 0.0142234 0.999873 0.0821629
0.297187 0.954761 -0.0105624 7.83354 -0.95479 0.297072 -0.0111673 -4.18724 -0.00752434 0.0134036 0.999882 0.0824451
0.283701 0.95884 -0.0118185 7.84673 -0.958886 0.283581 -0.0109064 -4.30766 -0.00710597 0.0144267 0.999871 0.0762485
0.270173 0.962728 -0.012703 7.87584 -0.962782 0.270036 -0.0114771 -4.44319 -0.00761902 0.015331 0.999853 0.0842439
0.258496 0.965928 -0.0127265 7.91325 -0.965983 0.258363 -0.0112076 -4.56117 -0.00753767 0.0151907 0.999856 0.0860647
0.246131 0.969164 -0.0118339 7.94199 -0.969205 0.246006 -0.0110682 -4.69277 -0.00781571 0.0141937 0.999869 0.0836864
0.235065 0.971913 -0.0114092 7.94713 -0.971948 0.234947 -0.010797 -4.84737 -0.00781322 0.0136271 0.999877 0.084498
0.224114 0.974502 -0.0109213 7.99587 -0.974529 0.223998 -0.0108482 -4.99205 -0.00812525 0.0130743 0.999882 0.0773447
0.213814 0.976816 -0.0106573 8.01555 -0.976836 0.213696 -0.0111753 -5.10632 -0.00863877 0.0127999 0.999881 0.0810412
0.204264 0.978851 -0.0112684 8.01103 -0.978877 0.204141 -0.0112068 -5.22987 -0.00866943 0.0133195 0.999874 0.0807199
0.195525 0.980636 -0.0110801 8.04276 -0.980658 0.195402 -0.0113065 -5.39057 -0.00892247 0.0130765 0.999875 0.0903416
0.185521 0.982576 -0.0112064 8.06219 -0.982602 0.185402 -0.0109352 -5.54121 -0.008667 0.0130401 0.999877 0.0807381
0.177317 0.984092 -0.010987 8.08226 -0.984111 0.177195 -0.011254 -5.70413 -0.00912812 0.012808 0.999876 0.0864804
0.169037 0.985543 -0.0114739 8.11816 -0.985567 0.168909 -0.0113078 -5.83472 -0.00920628 0.0132197 0.99987 0.0845442
0.160388 0.98699 -0.0112362 8.12775 -0.98701 0.160263 -0.0112448 -5.99934 -0.00929774 0.0128938 0.999874 0.0833209
0.152931 0.988178 -0.0107744 8.13047 -0.988194 0.152814 -0.0109765 -6.13819 -0.00920027 0.0123259 0.999882 0.0822415
0.145957 0.989228 -0.0111342 8.15207 -0.989248 0.145837 -0.0109358 -6.31638 -0.00919427 0.0126107 0.999878 0.0796162
0.138797 0.990256 -0.0113722 8.20058 -0.990277 0.138674 -0.0109685 -6.47597 -0.0092846 0.0127841 0.999875 0.0844954
0.1339 0.990918 -0.0123726 8.21334 -0.990952 0.133768 -0.0109429 -6.63514 -0.00918847 0.0137259 0.999864 0.0794731
0.129052 0.991564 -0.012123 8.2159 -0.991595 0.128923 -0.0108941 -6.79172 -0.00923931 0.013427 0.999867 0.0809078
0.123638 0.992264 -0.0112103 8.24185 -0.992286 0.123522 -0.0104949 -6.93932 -0.00902899 0.0124214 0.999882 0.07602
0.1188 0.992857 -0.0109951 8.25262 -0.992878 0.118688 -0.0103625 -7.07335 -0.00898348 0.0121479 0.999886 0.0744775
0.114044 0.993403 -0.0119783 8.25047 -0.993431 0.113916 -0.010876 -7.2206 -0.00943972 0.0131399 0.999869 0.0734105
0.109553 0.993911 -0.0118085 8.26835 -0.993933 0.109424 -0.0110693 -7.37479 -0.00970974 0.0129495 0.999869 0.0756213
0.105196 0.994395 -0.0106096 8.27915 -0.994405 0.105082 -0.0107811 -7.50328 -0.00960581 0.0116844 0.999886 0.0776739
0.100244 0.994905 -0.0107127 8.2915 -0.994917 0.10013 -0.0106741 -7.63019 -0.00954702 0.0117282 0.999886 0.0708375
0.0957355 0.995357 -0.00995303 8.30048 -0.99536 0.0956295 -0.0106304 -7.7445 -0.00962921 0.0109246 0.999894 0.0749743
0.091769 0.995739 -0.00901837 8.29922 -0.995732 0.0916717 -0.0106626 -7.87072 -0.00979047 0.00995838 0.999902 0.0736485
0.0873606 0.996132 -0.0094567 8.31351 -0.996131 0.0872613 -0.0104484 -7.99516 -0.0095828 0.0103329 0.999901 0.0707525
0.0835221 0.996455 -0.0100626 8.30141 -0.99646 0.0834165 -0.010493 -8.11341 -0.00961646 0.0109034 0.999894 0.0702162
0.079716 0.996758 -0.0109403 8.30034 -0.996769 0.0795992 -0.0107263 -8.23215 -0.0098207 0.01176 0.999883 0.072043
0.0756913 0.997075 -0.0105627 8.31663 -0.997083 0.0755792 -0.0106406 -8.33866 -0.00981119 0.0113373 0.999888 0.0740686
0.0715873 0.997379 -0.0104723 8.32727 -0.997386 0.0714767 -0.0105759 -8.4371 -0.00979969 0.0112021 0.999889 0.0675942
0.0684908 0.997591 -0.0109638 8.35131 -0.997602 0.0683739 -0.0107084 -8.54574 -0.009933 0.011671 0.999883 0.0666582
0.0650114 0.997831 -0.010321 8.35227 -0.997833 0.0648992 -0.0108563 -8.62871 -0.0101629 0.0110044 0.999888 0.069996
0.0618408 0.998037 -0.00992716 8.35713 -0.998034 0.0617333 -0.0107918 -8.73171 -0.0101578 0.010575 0.999892 0.0677294
0.0588047 0.998224 -0.00958091 8.33576 -0.998218 0.0587017 -0.0106972 -8.84779 -0.0101158 0.0101929 0.999897 0.0686387
0.0563456 0.998368 -0.00929104 8.32622 -0.99836 0.0562454 -0.0107104 -8.93876 -0.0101703 0.00987928 0.999899 0.065011
0.0528254 0.99856 -0.00936436 8.32278 -0.998551 0.0527243 -0.0107317 -9.02436 -0.0102225 0.00991771 0.999899 0.0638459
0.0490027 0.998756 -0.00928158 8.34567 -0.998746 0.0489022 -0.0107602 -9.11318 -0.0102929 0.00979721 0.999899 0.0649151
0.0460809 0.998892 -0.00956214 8.33707 -0.998883 0.0459763 -0.0108889 -9.20888 -0.0104372 0.0100532 0.999895 0.0646844
0.0437186 0.998998 -0.00960282 8.34543 -0.998987 0.043612 -0.0110441 -9.29272 -0.0106142 0.0100759 0.999893 0.0642286
0.0402117 0.999141 -0.0099728 8.35585 -0.999132 0.0400986 -0.0112883 -9.39392 -0.0108787 0.0104181 0.999887 0.062815
0.036889 0.999273 -0.00962089 8.3571 -0.999256 0.0367761 -0.0116579 -9.47813 -0.0112956 0.0100438 0.999886 0.0590938
0.0348303 0.999352 -0.00908709 8.34193 -0.999324 0.0347197 -0.0120543 -9.56672 -0.011731 0.0095008 0.999886 0.0656453
0.0308826 0.99947 -0.0102814 8.34073 -0.999441 0.0307462 -0.0131634 -9.66106 -0.0128403 0.0106822 0.99986 0.0616049
0.028006 0.999535 -0.0120547 8.34515 -0.999511 0.0278336 -0.0142392 -9.7365 -0.0138971 0.0124476 0.999826 0.0657422
0.0251492 0.999619 -0.011359 8.37539 -0.999593 0.0249919 -0.0137809 -9.82475 -0.0134918 0.0117009 0.999841 0.0637549
0.0224347 0.999687 -0.0110905 8.37315 -0.999658 0.0222822 -0.0136843 -9.90588 -0.0134329 0.0113937 0.999845 0.0568797
0.0193055 0.999757 -0.0106501 8.3755 -0.999722 0.0191587 -0.0137184 -10.0035 -0.013511 0.010912 0.999849 0.0615821
0.0165242 0.999803 -0.0109817 8.36504 -0.999766 0.0163679 -0.0141775 -10.0832 -0.013995 0.0112134 0.999839 0.0598211
0.0143409 0.999827 -0.0118316 8.33629 -0.999783 0.0141595 -0.0152703 -10.1813 -0.0151001 0.012048 0.999813 0.0580934
0.011302 0.999866 -0.0118534 8.33281 -0.99981 0.0111118 -0.0159895 -10.2926 -0.0158556 0.0120319 0.999802 0.059527
0.00817516 0.999904 -0.0111443 8.3375 -0.999831 0.00798985 -0.0165727 -10.3876 -0.0164821 0.0112779 0.999801 0.0559616
0.00550384 0.999934 -0.0100927 8.35729 -0.999846 0.00533448 -0.0167311 -10.4544 -0.0166762 0.0101833 0.999809 0.0595874
0.00312794 0.999947 -0.00977363 8.34377 -0.999851 0.0029615 -0.0169976 -10.54 -0.0169677 0.00982534 0.999808 0.0572582
0.00101849 0.999957 -0.00921431 8.35549 -0.999852 0.000860154 -0.0171718 -10.6466 -0.0171631 0.00923043 0.99981 0.0585467
-0.00172858 0.999943 -0.0105268 8.35036 -0.999847 -0.00191169 -0.0174089 -10.733 -0.017428 0.0104951 0.999793 0.0591412
-0.00391182 0.999925 -0.0116352 8.33638 -0.999838 -0.0041157 -0.01755 -10.8332 -0.0175966 0.0115646 0.999778 0.0583716
-0.00658135 0.999904 -0.0122186 8.32759 -0.999821 -0.00679682 -0.017678 -10.9322 -0.0177594 0.0121 0.999769 0.0577851
-0.0088869 0.999889 -0.0119368 8.31995 -0.999801 -0.0090978 -0.0177313 -11.0089 -0.017838 0.0117768 0.999772 0.0609433
-0.0117366 0.999846 -0.0130143 8.32886 -0.999769 -0.0119682 -0.0178574 -11.0949 -0.0180104 0.0128017 0.999756 0.0582401
-0.0145933 0.999811 -0.0128424 8.3303 -0.999729 -0.0148227 -0.0179526 -11.1901 -0.0181395 0.0125769 0.999756 0.0603146
-0.0172017 0.999784 -0.0116834 8.32804 -0.999687 -0.0174099 -0.0179588 -11.2718 -0.0181583 0.0113708 0.99977 0.0587742
-0.0197963 0.999739 -0.011424 8.33458 -0.999638 -0.0200001 -0.0180152 -11.3631 -0.018239 0.0110632 0.999772 0.0569434
-0.0222409 0.999673 -0.012645 8.34797 -0.999589 -0.0224642 -0.0177989 -11.4616 -0.0180771 0.012244 0.999762 0.0555084
-0.0229013 0.999646 -0.0135121 8.31709 -0.999579 -0.0231362 -0.0174897 -11.5555 -0.0177961 0.0131059 0.999756 0.057059
-0.0241483 0.999616 -0.013612 8.3182 -0.999551 -0.0243842 -0.0174357 -11.6395 -0.0177609 0.0131848 0.999755 0.0532005
-0.0255285 0.999588 -0.0130821 8.32 -0.999521 -0.0257517 -0.0171873 -11.7281 -0.0175171 0.0126371 0.999767 0.0541764
-0.0254913 0.999587 -0.0132696 8.30411 -0.999531 -0.0257109 -0.0166478 -11.8132 -0.0169821 0.012839 0.999773 0.0476301
-0.0252251 0.999595 -0.0132089 8.29921 -0.999534 -0.0254466 -0.0168742 -11.8956 -0.0172035 0.0127771 0.99977 0.050086
-0.0252969 0.999603 -0.0124208 8.30441 -0.999534 -0.0255039 -0.0168002 -11.9982 -0.0171103 0.0119901 0.999782 0.0528206
-0.0248358 0.999613 -0.0125239 8.30296 -0.999546 -0.0250438 -0.0167312 -12.0693 -0.0170384 0.0121027 0.999782 0.0498835
-0.0230935 0.999658 -0.0122686 8.29443 -0.99959 -0.0232963 -0.016649 -12.1606 -0.0169291 0.0118791 0.999786 0.0464543
-0.0221817 0.999677 -0.0123841 8.30497 -0.999617 -0.022382 -0.0162762 -12.2504 -0.0165481 0.0120184 0.999791 0.0463876
-0.0210982 0.999697 -0.0126706 8.30961 -0.999667 -0.0212828 -0.014611 -12.3688 -0.0148762 0.0123581 0.999813 0.0447392
-0.0184878 0.999754 -0.0122471 8.30312 -0.999727 -0.0186594 -0.0140496 -12.458 -0.0142747 0.011984 0.999826 0.0501682
-0.0169372 0.999784 -0.0120632 8.30751 -0.99976 -0.017102 -0.0136868 -12.5658 -0.0138902 0.0118285 0.999834 0.0476241
-0.0136679 0.999824 -0.0128356 8.29034 -0.99978 -0.013869 -0.015708 -12.7109 -0.0158833 0.0126181 0.999794 0.0310511
-0.0114699 0.99985 -0.0129744 8.28835 -0.9998 -0.0116801 -0.0162492 -12.8462 -0.0163983 0.0127855 0.999784 0.0320718
-0.00938833 0.999876 -0.0126614 8.29033 -0.999821 -0.00959467 -0.0163362 -12.9462 -0.0164557 0.0125058 0.999786 0.0346578
-0.00686847 0.9999 -0.012334 8.28326 -0.999835 -0.00707414 -0.01671 -13.0498 -0.0167956 0.0122172 0.999784 0.0366814
-0.00416965 0.999909 -0.0128009 8.29608 -0.999845 -0.00438769 -0.0170523 -13.1873 -0.0171069 0.0127278 0.999773 0.0346583
-0.00271741 0.999907 -0.0133608 8.31081 -0.999846 -0.00294862 -0.0173159 -13.3121 -0.0173537 0.0133117 0.999761 0.031091
-0.00117869 0.999911 -0.0133192 8.30397 -0.999842 -0.00141475 -0.017728 -13.4667 -0.0177453 0.0132962 0.999754 0.0292021
0.00112431 0.999912 -0.0132128 8.29571 -0.999829 0.000880323 -0.0184571 -13.6235 -0.0184438 0.0132313 0.999742 0.0275767
0.00360099 0.999895 -0.0140667 8.29835 -0.999788 0.0033147 -0.0203231 -13.7545 -0.0202744 0.0141369 0.999695 0.0275065
0.00474391 0.999889 -0.0141478 8.31955 -0.999736 0.00442443 -0.0225283 -13.8982 -0.0224632 0.0142509 0.999646 0.0222269
0.00648654 0.999885 -0.0137347 8.32021 -0.999715 0.00616888 -0.023046 -14.0465 -0.0229586 0.0138803 0.99964 0.0284857
0.00794106 0.999881 -0.0131899 8.31985 -0.999692 0.00762822 -0.0236013 -14.2182 -0.0234979 0.0133733 0.999634 0.0234425
0.00909389 0.99987 -0.0133428 8.31211 -0.999647 0.0087571 -0.0250862 -14.3706 -0.0249661 0.0135662 0.999596 0.0252743
0.0108579 0.999828 -0.015008 8.31604 -0.999577 0.0104477 -0.0271455 -14.5066 -0.0269841 0.0152964 0.999519 0.023166
0.0126607 0.999782 -0.0166143 8.33099 -0.999514 0.0121806 -0.028687 -14.6835 -0.0284783 0.0169694 0.99945 0.0225977
0.0132976 0.999785 -0.0158811 8.33894 -0.999503 0.0128364 -0.0288003 -14.8433 -0.0285903 0.0162562 0.999459 0.0205699
0.0150707 0.999782 -0.0144408 8.35053 -0.9995 0.0146619 -0.0280119 -15.0102 -0.027794 0.0148557 0.999503 0.0148534
0.0176482 0.999746 -0.0140328 8.32925 -0.999493 0.017268 -0.0267685 -15.1825 -0.0265193 0.0144981 0.999543 0.0143387
0.0186712 0.999727 -0.0140144 8.33782 -0.999498 0.0183044 -0.0258538 -15.3311 -0.0255902 0.0144901 0.999567 0.0127493
0.0194182 0.999724 -0.0132393 8.35008 -0.999509 0.0190852 -0.0248298 -15.5052 -0.0245703 0.0137149 0.999604 0.0127245
0.0199863 0.999728 -0.0120287 8.35156 -0.999506 0.0196871 -0.0244979 -15.6771 -0.0242544 0.0125123 0.999628 0.00866182
0.0209388 0.999679 -0.0142808 8.3408 -0.999495 0.0205891 -0.0242092 -15.8585 -0.0239074 0.0147805 0.999605 0.00909337
0.0209703 0.999657 -0.0157118 8.35576 -0.999498 0.0205884 -0.0240863 -16.0352 -0.0237546 0.0162091 0.999586 0.0060396
0.020531 0.999645 -0.016958 8.35877 -0.999509 0.020121 -0.0240047 -16.1876 -0.023655 0.0174425 0.999568 0.00213011
0.0209033 0.999641 -0.016742 8.36054 -0.999523 0.0205145 -0.0230655 -16.3989 -0.0227137 0.0172162 0.999594 -0.00467109
0.0208927 0.99966 -0.0156231 8.3771 -0.99954 0.0205417 -0.0223 -16.5667 -0.0219715 0.0160818 0.999629 -0.00670737
0.0214521 0.999659 -0.0149182 8.38992 -0.999532 0.021119 -0.0221382 -16.7688 -0.0218156 0.0153861 0.999644 -0.0125045
0.0226304 0.999631 -0.0150551 8.38 -0.999518 0.0223028 -0.0215843 -16.952 -0.0212405 0.0155363 0.999654 -0.0177474
0.0229381 0.999611 -0.015881 8.37861 -0.999538 0.0226137 -0.020312 -17.1405 -0.019945 0.0163396 0.999668 -0.0203942
0.0231391 0.999592 -0.0167602 8.38265 -0.999536 0.0227987 -0.020221 -17.3069 -0.0198306 0.0172203 0.999655 -0.0242148
0.0233657 0.999588 -0.0166563 8.39935 -0.999552 0.0230467 -0.0190955 -17.5202 -0.0187037 0.017095 0.999679 -0.0199739
0.0227329 0.99961 -0.0162401 8.41373 -0.999566 0.0224214 -0.0191132 -17.6895 -0.0187416 0.0166676 0.999685 -0.0228531
0.0235457 0.999602 -0.0155433 8.41268 -0.999539 0.0232404 -0.0195418 -17.8983 -0.0191728 0.0159963 0.999688 -0.0266076
0.0237929 0.999606 -0.0148812 8.41249 -0.999527 0.0234953 -0.0198609 -18.0756 -0.0195034 0.0153467 0.999692 -0.0241576
0.0237014 0.999601 -0.0153842 8.42084 -0.999539 0.023402 -0.0193553 -18.2865 -0.0189876 0.0158359 0.999694 -0.0259414
0.0246137 0.999557 -0.0167049 8.42353 -0.999509 0.024282 -0.0197789 -18.4623 -0.0193645 0.0171836 0.999665 -0.0313979
0.0256105 0.999511 -0.017945 8.42882 -0.999481 0.0252508 -0.0199939 -18.6644 -0.019531 0.0184478 0.999639 -0.0288785
0.0257843 0.999512 -0.0176142 8.42578 -0.999476 0.0254303 -0.0200327 -18.8757 -0.019575 0.0181215 0.999644 -0.0318424
0.0259087 0.999514 -0.0173504 8.44642 -0.999464 0.0255524 -0.0204543 -19.0663 -0.020001 0.0178711 0.99964 -0.043977
0.0259208 0.999494 -0.0184245 8.44512 -0.999477 0.0255548 -0.0198306 -19.2656 -0.0193497 0.0189289 0.999634 -0.0442022
0.0259908 0.999498 -0.0180959 8.4472 -0.999489 0.0256451 -0.0190822 -19.4611 -0.0186086 0.0185826 0.999654 -0.0438653
0.0265771 0.999485 -0.0179922 8.45467 -0.999467 0.0262271 -0.0194139 -19.6833 -0.018932 0.0184986 0.99965 -0.0495228
0.0267705 0.999487 -0.0175734 8.45833 -0.999458 0.0264249 -0.0196077 -19.8906 -0.0191333 0.0180888 0.999653 -0.0486622
0.0273135 0.999483 -0.016941 8.46486 -0.999447 0.0269829 -0.0194447 -20.0824 -0.0189775 0.0174627 0.999667 -0.0471121
0.0273908 0.999488 -0.0165238 8.47426 -0.999438 0.0270623 -0.0197909 -20.2709 -0.0193336 0.0170566 0.999668 -0.0456611
0.0272999 0.999489 -0.0166235 8.47846 -0.999429 0.0269597 -0.0203582 -20.4805 -0.0198997 0.0171698 0.999655 -0.0508363
0.0276416 0.999485 -0.0162698 8.50012 -0.99943 0.0273169 -0.0198475 -20.6872 -0.0193928 0.0168092 0.999671 -0.0515155
0.0274032 0.999502 -0.0156328 8.4982 -0.999446 0.0270992 -0.0193429 -20.893 -0.0189096 0.0161541 0.999691 -0.0564918
0.0261292 0.999527 -0.0162003 8.4995 -0.999471 0.0258067 -0.0198084 -21.0745 -0.019381 0.0167093 0.999673 -0.0621624
0.0242691 0.999557 -0.0172351 8.49558 -0.999519 0.023928 -0.0197273 -21.2959 -0.0193061 0.0177056 0.999657 -0.0637274
0.0219436 0.999606 -0.0175228 8.49604 -0.999583 0.0216075 -0.0191449 -21.532 -0.0187587 0.0179356 0.999663 -0.0681329
0.0209734 0.999617 -0.01803 8.50387 -0.999617 0.0206408 -0.0184392 -21.733 -0.01806 0.0184099 0.999667 -0.0691607
0.0200522 0.999625 -0.018667 8.5101 -0.999644 0.0197167 -0.0179885 -21.956 -0.0176137 0.019021 0.999664 -0.0744603
0.0185264 0.999653 -0.0187464 8.51347 -0.999677 0.0181944 -0.0177301 -22.1739 -0.0173829 0.0190688 0.999667 -0.0724179
0.0170529 0.999663 -0.0195604 8.51522 -0.999705 0.0167086 -0.0176334 -22.395 -0.0173006 0.0198554 0.999653 -0.0799175
0.0155418 0.999707 -0.0185595 8.50958 -0.999728 0.0152143 -0.0176604 -22.6356 -0.0173729 0.0188289 0.999672 -0.0772668
0.0137799 0.999728 -0.0188104 8.52898 -0.999754 0.0134481 -0.0176544 -22.8564 -0.0173966 0.019049 0.999667 -0.0847074
0.0132876 0.999721 -0.0195347 8.53435 -0.99976 0.0129423 -0.0176986 -23.11 -0.0174408 0.0197652 0.999653 -0.0906851
0.0131595 0.999708 -0.02027 8.53055 -0.999768 0.0128088 -0.0173319 -23.361 -0.0170672 0.0204934 0.999644 -0.0883758
0.0129271 0.999706 -0.0205091 8.53141 -0.999776 0.0125787 -0.0170267 -23.6056 -0.0167637 0.0207246 0.999645 -0.0893312
0.0136651 0.999715 -0.019561 8.53814 -0.999776 0.0133442 -0.0164457 -23.8661 -0.01618 0.0197813 0.999673 -0.0956395
0.0142392 0.999746 -0.0174795 8.54346 -0.999781 0.0139676 -0.015562 -24.1266 -0.0153139 0.0176972 0.999726 -0.0951604
0.0143847 0.999747 -0.0172933 8.54823 -0.999781 0.0141182 -0.0154351 -24.3841 -0.0151871 0.0175116 0.999731 -0.0999692
0.0148491 0.999716 -0.0186622 8.54267 -0.999758 0.0145414 -0.0165206 -24.6753 -0.0162446 0.018903 0.999689 -0.100929
0.0146199 0.999715 -0.0188821 8.56256 -0.999746 0.0142909 -0.0174414 -24.94 -0.0171666 0.0191323 0.99967 -0.0989969
0.0152425 0.99969 -0.0196856 8.57231 -0.999716 0.0148759 -0.0186368 -25.2019 -0.0183382 0.019964 0.999633 -0.108372
0.0161283 0.99969 -0.0189473 8.56116 -0.999699 0.0157727 -0.0187669 -25.4723 -0.0184622 0.0192443 0.999644 -0.111314
0.0158546 0.999712 -0.0180209 8.57247 -0.999721 0.0155339 -0.0178 -25.7447 -0.0175149 0.0182981 0.999679 -0.111196
0.0163423 0.99969 -0.0187766 8.57369 -0.999717 0.0160126 -0.0175774 -26.0133 -0.0172713 0.0190586 0.999669 -0.116892
0.0169433 0.999671 -0.0192518 8.58123 -0.999684 0.0165794 -0.0189074 -26.2962 -0.018582 0.0195661 0.999636 -0.118052
0.0174147 0.999664 -0.0191795 8.59424 -0.999647 0.0170226 -0.0204221 -26.5595 -0.0200888 0.0195283 0.999607 -0.118323
0.0179037 0.999692 -0.0171714 8.60634 -0.9996 0.0175207 -0.0222034 -26.8253 -0.0218957 0.017562 0.999606 -0.123413
0.0178298 0.999716 -0.0158009 8.60529 -0.999583 0.0174641 -0.0229914 -27.085 -0.0227089 0.0162043 0.999611 -0.1258
0.0186072 0.999691 -0.0164735 8.60477 -0.999581 0.0182348 -0.0224784 -27.352 -0.0221711 0.0168848 0.999612 -0.128869
0.0195178 0.999647 -0.0180025 8.6198 -0.999581 0.019125 -0.0217383 -27.6026 -0.0213863 0.0184192 0.999602 -0.131758
0.0195023 0.999652 -0.0177749 8.61151 -0.999602 0.0191326 -0.0207373 -27.8768 -0.02039 0.0181723 0.999627 -0.129799
0.0206982 0.999644 -0.0168565 8.616 -0.999579 0.0203485 -0.0206613 -28.0929 -0.0203109 0.0172771 0.999644 -0.136908
0.0213427 0.999626 -0.0171113 8.62046 -0.999559 0.0209813 -0.0210299 -28.3678 -0.020663 0.0175526 0.999632 -0.141648
0.0219084 0.999629 -0.0162065 8.64146 -0.999539 0.0215598 -0.0213816 -28.6286 -0.0210243 0.0166675 0.99964 -0.143001
0.0228001 0.999608 -0.0162714 8.64737 -0.999523 0.0224529 -0.0212168 -28.8646 -0.0208431 0.0167474 0.999642 -0.145174
0.0237278 0.999577 -0.0167984 8.65036 -0.999527 0.0233911 -0.0199659 -29.1252 -0.0195646 0.0172642 0.99966 -0.143935
0.0243555 0.999573 -0.0161591 8.66269 -0.999525 0.024043 -0.0192601 -29.3589 -0.0188633 0.0166205 0.999684 -0.148784
0.025029 0.999553 -0.0163427 8.66793 -0.999519 0.0247222 -0.0187138 -29.6231 -0.0183014 0.0168033 0.999691 -0.151428
0.0257931 0.999542 -0.0158478 8.68387 -0.999507 0.0255014 -0.0183418 -29.9038 -0.0179292 0.016313 0.999706 -0.153767
0.0269559 0.999501 -0.0164567 8.68894 -0.999497 0.026673 -0.0171714 -30.1379 -0.0167239 0.0169113 0.999717 -0.156302
0.0271521 0.999488 -0.0169009 8.68585 -0.999504 0.0268754 -0.0163942 -30.3847 -0.0159316 0.0173377 0.999723 -0.160408
0.0278191 0.99949 -0.0157088 8.70819 -0.999497 0.0275727 -0.0156919 -30.6553 -0.0152507 0.0161374 0.999753 -0.161709
0.0292419 0.999458 -0.0150886 8.7247 -0.999455 0.0290036 -0.0157772 -30.9242 -0.0153311 0.0155417 0.999762 -0.164015
0.0301011 0.999412 -0.0164358 8.73004 -0.99942 0.0298317 -0.0163971 -31.2112 -0.0158971 0.0169198 0.99973 -0.16873
0.0301956 0.999411 -0.0162933 8.73004 -0.99942 0.0299315 -0.0162169 -31.4739 -0.0157197 0.0167736 0.999736 -0.165433
0.0306436 0.999401 -0.0160519 8.75434 -0.999412 0.0303884 -0.0159023 -31.7577 -0.015405 0.0165298 0.999745 -0.170861
0.031603 0.999379 -0.0155552 8.76822 -0.999383 0.0313566 -0.0158364 -32.0619 -0.0153388 0.0160461 0.999754 -0.174163
0.0322225 0.999362 -0.0154293 8.7747 -0.999359 0.0319742 -0.0160745 -32.3323 -0.0155709 0.0159374 0.999752 -0.172866
0.034061 0.999307 -0.0150448 8.79772 -0.999289 0.0338091 -0.0166908 -32.6242 -0.0161706 0.0156026 0.999748 -0.178389
0.0356515 0.999255 -0.0147626 8.78978 -0.999226 0.0353968 -0.0171718 -32.9105 -0.0166364 0.0153634 0.999744 -0.175805
0.0367864 0.999217 -0.0145488 8.78988 -0.999178 0.0365293 -0.0175549 -33.2183 -0.0170097 0.0151826 0.99974 -0.183136
0.0374754 0.999235 -0.0111984 8.81657 -0.999134 0.0372642 -0.0185119 -33.4973 -0.0180805 0.0118825 0.999766 -0.176704
0.0378378 0.999234 -0.00994606 8.82931 -0.999103 0.0376398 -0.0193888 -33.7782 -0.0189996 0.0106708 0.999763 -0.181528
0.0387919 0.999183 -0.0113012 8.83501 -0.999067 0.0385674 -0.0194507 -34.0602 -0.018999 0.0120451 0.999747 -0.186864
0.0396506 0.999092 -0.0155753 8.84309 -0.999051 0.0393581 -0.0186524 -34.3406 -0.0180225 0.0163001 0.999705 -0.189548
0.0405545 0.999016 -0.017947 8.86791 -0.999021 0.0402243 -0.0183917 -34.6082 -0.0176517 0.0186753 0.99967 -0.187026
0.0394616 0.999053 -0.0183262 8.85621 -0.999061 0.0391205 -0.0186129 -34.8778 -0.0178784 0.0190435 0.999659 -0.1869
0.0377301 0.999144 -0.0169853 8.88066 -0.999121 0.0374079 -0.0189019 -35.1539 -0.0182503 0.0176835 0.999677 -0.195889
0.0341345 0.999308 -0.0147857 8.8976 -0.999235 0.0338422 -0.0195864 -35.4338 -0.0190725 0.015443 0.999699 -0.200439
0.0280066 0.999522 -0.013108 8.89948 -0.999409 0.0277373 -0.0202966 -35.7046 -0.0199233 0.0136686 0.999708 -0.202311
0.0202093 0.999726 -0.0117804 8.8803 -0.9996 0.0199709 -0.0200072 -35.9728 -0.0197665 0.0121801 0.99973 -0.201606
0.00948772 0.999902 -0.010341 8.90498 -0.999765 0.00928384 -0.0195885 -36.2346 -0.0194906 0.0105245 0.999755 -0.204577
-0.00246654 0.999967 -0.00767726 8.89994 -0.99981 -0.00261456 -0.0193307 -36.5067 -0.0193502 0.00762812 0.999784 -0.204132
-0.015761 0.999848 -0.00740115 8.88042 -0.999666 -0.0159089 -0.0203755 -36.7739 -0.0204902 0.00707754 0.999765 -0.212037
-0.0304303 0.999488 -0.00990047 8.84934 -0.999285 -0.0306434 -0.0221373 -37.0347 -0.0224294 0.00921975 0.999706 -0.213234
-0.0478635 0.998765 -0.0132992 8.81887 -0.998554 -0.0481709 -0.0238487 -37.2899 -0.0244599 0.0121385 0.999627 -0.212261
-0.0671549 0.997623 -0.0154513 8.79473 -0.997429 -0.067514 -0.0240331 -37.5539 -0.0250192 0.0137976 0.999592 -0.214813
-0.0878669 0.996026 -0.0145455 8.76032 -0.995833 -0.0881892 -0.0232421 -37.7999 -0.0244324 0.0124427 0.999624 -0.218177
-0.108384 0.994016 -0.0136425 8.71178 -0.993817 -0.108674 -0.0227472 -38.0438 -0.0240937 0.0110927 0.999648 -0.221533
-0.129806 0.991457 -0.0128148 8.65893 -0.991234 -0.130076 -0.0231229 -38.2886 -0.0245922 0.00970094 0.99965 -0.227336
-0.152689 0.988186 -0.0131906 8.6115 -0.98796 -0.152964 -0.0231599 -38.5359 -0.024904 0.00949557 0.999645 -0.234626
-0.177723 0.983995 -0.0129709 8.56056 -0.98375 -0.177989 -0.0235638 -38.7802 -0.0254953 0.00857236 0.999638 -0.232839
-0.204224 0.978844 -0.012544 8.48525 -0.978592 -0.204472 -0.0234188 -39.0072 -0.0254883 0.00749278 0.999647 -0.233984
-0.231665 0.972729 -0.0113406 8.40096 -0.97244 -0.23188 -0.0243339 -39.2414 -0.0263 0.00539075 0.99964 -0.240678
-0.261514 0.965136 -0.0110813 8.32776 -0.964827 -0.261715 -0.024769 -39.4656 -0.0268056 0.0042141 0.999632 -0.253312
-0.292305 0.956267 -0.0105254 8.23164 -0.955938 -0.292482 -0.0252504 -39.6959 -0.0272246 0.00268085 0.999626 -0.263565
-0.324581 0.945795 -0.0109283 8.13521 -0.945448 -0.324759 -0.0256843 -39.886 -0.0278412 0.00199552 0.99961 -0.264719
-0.357698 0.933771 -0.011113 8.02587 -0.933401 -0.35787 -0.0263167 -40.0981 -0.0285508 0.000959452 0.999592 -0.265607
-0.391602 0.920061 -0.0116037 7.90574 -0.919674 -0.391774 -0.0266879 -40.3023 -0.0291006 0.000220548 0.999576 -0.278924
-0.424459 0.905372 -0.0116658 7.76405 -0.90497 -0.424619 -0.0269942 -40.5009 -0.0293933 -0.00090075 0.999568 -0.2834
-0.45778 0.888961 -0.0136305 7.64387 -0.888576 -0.457983 -0.026164 -40.6776 -0.0295013 0.000134431 0.999565 -0.28402
-0.489213 0.872028 -0.0154318 7.51435 -0.871664 -0.489455 -0.0252152 -40.857 -0.0295415 0.00111573 0.999563 -0.279597
-0.519752 0.854144 -0.0171946 7.37348 -0.853803 -0.520032 -0.0242192 -41.0189 -0.0296284 0.00209283 0.999559 -0.292746
-0.549363 0.835389 -0.0180482 7.22339 -0.835068 -0.549654 -0.0232671 -41.1925 -0.0293574 0.00228938 0.999566 -0.292223
-0.577086 0.816464 -0.0189288 7.06645 -0.816151 -0.577392 -0.0227108 -41.3473 -0.0294718 0.0023427 0.999563 -0.29324
-0.604095 0.796712 -0.0178647 6.93318 -0.796352 -0.604359 -0.023952 -41.5013 -0.0298795 -0.000242703 0.999553 -0.295344
-0.629417 0.776873 -0.0174055 6.79563 -0.776488 -0.629654 -0.024534 -41.6473 -0.0300192 -0.00192697 0.999547 -0.314147
-0.654438 0.755948 -0.0159203 6.64412 -0.755522 -0.654614 -0.0258442 -41.7814 -0.0299585 -0.0048853 0.999539 -0.315561
-0.6786 0.734377 -0.0138891 6.47821 -0.733945 -0.678698 -0.0263462 -41.9122 -0.0287745 -0.00768468 0.999556 -0.331371
-0.701484 0.712556 -0.0135694 6.31414 -0.712125 -0.70156 -0.0262896 -42.0427 -0.0282526 -0.00877863 0.999562 -0.325371
