1 0 0 0 0 1 0 0 0 0 1 0
1 -5.72773e-06 -3.13013e-06 0.0025857 5.72779e-06 1 1.7985e-05 -0.00268916 3.13003e-06 -1.7985e-05 1 4.20511e-06
1 -7.63673e-05 2.30917e-05 -0.000153351 7.63675e-05 1 -7.80874e-06 -6.29988e-05 -2.30911e-05 7.8105e-06 1 0.000231679
1 -9.41105e-05 4.24309e-06 0.0013971 9.41107e-05 1 -2.73523e-05 0.00101148 -4.24052e-06 2.73527e-05 1 -0.0013593
1 -6.46918e-05 -1.45309e-05 0.00246686 6.46919e-05 1 7.54498e-06 0.000974927 1.45304e-05 -7.54592e-06 1 2.34594e-05
1 -9.91383e-05 2.94949e-05 0.000721542 9.91384e-05 1 -4.77799e-06 -2.0264e-05 -2.94944e-05 4.78092e-06 1 0.00024127
1 -5.64195e-05 9.70379e-06 0.00548147 5.64195e-05 1 7.45076e-07 0.000918243 -9.70383e-06 -7.44528e-07 1 0.000458804
1 5.45248e-06 8.82586e-06 0.00333584 -5.45269e-06 1 2.46193e-05 0.000253489 -8.82572e-06 -2.46193e-05 1 0.000270031
1 -6.33283e-05 1.63044e-05 0.00103799 6.33282e-05 1 8.94197e-06 0.00357439 -1.6305e-05 -8.94094e-06 1 0.000201249
1 -7.32018e-05 1.22683e-06 0.00108281 7.32018e-05 1 3.29997e-06 -0.00116885 -1.22707e-06 -3.29988e-06 1 0.000119342
1 -1.43755e-05 1.59418e-05 0.000807986 1.43757e-05 1 -1.34135e-05 0.000750941 -1.59416e-05 1.34138e-05 1 -0.000210512
1 -3.22184e-05 3.39001e-05 0.00571804 3.22173e-05 1 3.40932e-05 0.000883644 -3.39012e-05 -3.40921e-05 1 0.000630166
1 -0.000103433 4.33407e-05 0.000382499 0.000103432 1 2.39103e-05 0.00174308 -4.33431e-05 -2.39058e-05 1 0.00129313
1 -0.000146689 3.58704e-05 -0.00409208 0.000146688 1 2.30698e-05 0.00599963 -3.58738e-05 -2.30645e-05 1 0.00154141
1 8.02705e-06 3.03926e-05 -0.00360323 -8.02832e-06 1 4.19214e-05 0.00590283 -3.03923e-05 -4.19216e-05 1 0.000487643
1 2.63154e-05 3.48273e-05 -0.00723982 -2.63171e-05 1 4.88877e-05 0.013843 -3.4826e-05 -4.88886e-05 1 0.000347237
1 -7.90624e-06 5.09403e-05 -0.010318 7.90364e-06 1 5.09939e-05 0.0114172 -5.09407e-05 -5.09935e-05 1 0.00126765
1 8.37239e-05 5.97543e-05 -0.0168781 -8.3729e-05 1 8.56656e-05 0.0127737 -5.97471e-05 -8.56706e-05 1 0.00195367
1 0.000141952 8.93192e-05 -0.0174133 -0.000141963 1 0.000113777 0.012737 -8.9303e-05 -0.00011379 1 0.00263159
1 4.02616e-05 8.42049e-05 -0.0210548 -4.0271e-05 1 0.000111844 0.0117823 -8.42004e-05 -0.000111847 1 0.00355345
1 -9.41439e-05 9.96871e-05 -0.0269982 9.41332e-05 1 0.000107739 0.0142831 -9.96973e-05 -0.00010773 1 0.00295108
1 -0.000280552 0.000147162 -0.0408502 0.000280528 1 0.000160952 0.0111134 -0.000147208 -0.00016091 1 0.00445867
1 -0.000724379 0.000158872 -0.0453139 0.000724346 1 0.000208683 0.00909527 -0.000159023 -0.000208568 1 0.005595
0.999997 -0.00226877 0.0002037 -0.0642136 0.00226872 0.999997 0.000211825 0.0191788 -0.00020418 -0.000211362 1 0.0061744
0.999992 -0.00399768 0.000222108 -0.0928116 0.00399762 0.999992 0.000280619 0.020681 -0.000223228 -0.000279729 1 0.00841274
0.999978 -0.00664617 0.000236999 -0.116952 0.0066461 0.999978 0.00031506 0.02756 -0.000239088 -0.000313478 1 0.0101167
0.999951 -0.00991373 0.000257381 -0.14621 0.00991363 0.999951 0.000390588 0.0293708 -0.000261241 -0.000388017 1 0.0101026
0.999897 -0.0143692 0.000304474 -0.180838 0.014369 0.999897 0.000499915 0.0417764 -0.000311626 -0.000495488 1 0.011361
0.999822 -0.0188684 0.000261439 -0.215052 0.0188683 0.999822 0.000530575 0.0470004 -0.000271404 -0.000525548 1 0.0122607
0.999701 -0.0244612 0.000198516 -0.246841 0.0244611 0.999701 0.000665964 0.0543635 -0.000214747 -0.000660909 1 0.0102879
0.999521 -0.0309551 5.64492e-05 -0.279984 0.0309551 0.99952 0.000959507 0.05092 -8.61238e-05 -0.0009573 1 0.00850754
0.999236 -0.0390868 8.99751e-05 -0.319537 0.0390867 0.999235 0.000947742 0.0672009 -0.000126951 -0.000943501 1 0.00486449
0.998844 -0.0480665 2.19646e-05 -0.360868 0.0480665 0.998844 0.000969709 0.0809285 -6.85497e-05 -0.000967532 1 0.00649972
0.998353 -0.0573725 -7.30294e-05 -0.406279 0.0573726 0.998352 0.0010782 0.0811714 1.105e-05 -0.00108061 0.999999 0.00233816
0.997736 -0.0672515 -0.000106259 -0.440621 0.0672516 0.997735 0.00113354 0.0864808 2.97856e-05 -0.00113812 0.999999 -0.00250957
0.996927 -0.0783318 -2.37551e-06 -0.490001 0.0783317 0.996927 0.00103778 0.102541 -7.8923e-05 -0.00103478 0.999999 0.00192598
0.996037 -0.088939 9.75749e-05 -0.539528 0.0889388 0.996037 0.000958084 0.0987672 -0.000182399 -0.000945609 1 -0.000575823
0.99493 -0.100568 3.45444e-05 -0.582526 0.100567 0.99493 0.00090795 0.112528 -0.00012568 -0.000899873 1 -0.00156239
0.993608 -0.112887 -8.54878e-05 -0.641561 0.112887 0.993607 0.000954057 0.10727 -2.27589e-05 -0.000957609 1 -0.00447258
0.992162 -0.124961 0.000225722 -0.686148 0.12496 0.992161 0.000807904 0.111909 -0.000324909 -0.000773365 1 -0.000720177
0.990553 -0.137133 0.0001612 -0.728683 0.137132 0.990552 0.000897974 0.134036 -0.000282818 -0.000867385 1 0.000909156
0.98881 -0.149179 0.000161964 -0.780931 0.149178 0.98881 0.000964688 0.126068 -0.000304062 -0.000929731 1 -0.00296878
0.986817 -0.16184 0.000402288 -0.831525 0.161839 0.986817 0.00106309 0.134348 -0.000569034 -0.000983965 0.999999 0.00288132
0.984631 -0.174645 0.000597714 -0.887074 0.174644 0.984631 0.000932487 0.147613 -0.000751383 -0.000813768 0.999999 0.00536766
0.982239 -0.187634 0.000807516 -0.933749 0.187633 0.982239 0.0010638 0.144041 -0.000992779 -0.000893392 0.999999 0.0153142
0.979724 -0.20035 0.000824152 -0.985467 0.200349 0.979724 0.000959831 0.153519 -0.000999744 -0.000775252 0.999999 0.00985078
0.976995 -0.213262 0.000876462 -1.03914 0.213261 0.976995 0.00123883 0.154892 -0.00112049 -0.00102342 0.999999 0.0131934
0.973973 -0.226664 0.00089839 -1.08732 0.226663 0.973972 0.00132536 0.160807 -0.00117542 -0.00108723 0.999999 0.00800335
0.970704 -0.240276 0.00092769 -1.14652 0.240274 0.970704 0.00148462 0.158924 -0.00125723 -0.00121822 0.999998 0.0120898
0.967315 -0.253573 0.00120106 -1.21077 0.253571 0.967315 0.00180474 0.16852 -0.00161943 -0.0014412 0.999998 0.0216815
0.963801 -0.266618 0.00161908 -1.26587 0.266613 0.9638 0.00274905 0.168635 -0.00229341 -0.00221787 0.999995 0.0202765
0.959894 -0.280343 0.00327261 -1.31046 0.280317 0.959884 0.00671194 0.155535 -0.00502297 -0.00552539 0.999972 -0.0116605
0.955736 -0.294207 0.00326845 -1.37831 0.294178 0.955723 0.00721442 0.147258 -0.00524626 -0.00593358 0.999969 -0.0284783
0.951524 -0.307557 0.00316477 -1.44061 0.307529 0.951512 0.00716707 0.144925 -0.00521559 -0.00584638 0.999969 -0.00724003
0.947028 -0.321133 0.00323437 -1.49667 0.321105 0.947017 0.00708556 0.146883 -0.00533841 -0.00567166 0.99997 -0.00593151
0.942164 -0.335135 0.00344562 -1.55308 0.335106 0.942154 0.00698194 0.140417 -0.0055862 -0.00542348 0.99997 -0.00917245
0.937413 -0.348203 0.00356281 -1.62005 0.348172 0.937404 0.00710108 0.133733 -0.0058124 -0.00541617 0.999968 -0.00233986
0.932329 -0.361591 0.00370209 -1.66747 0.36156 0.932322 0.00704127 0.123784 -0.00599761 -0.00522625 0.999968 -0.00497413
0.926886 -0.375325 0.00371089 -1.72249 0.375294 0.926879 0.00709785 0.118305 -0.00610355 -0.00518622 0.999968 -0.00140754
0.92123 -0.389 0.00375588 -1.79153 0.388969 0.921224 0.00703295 0.10166 -0.00619582 -0.00501804 0.999968 -0.00535988
0.915678 -0.401896 0.00380647 -1.85419 0.401863 0.915672 0.0071208 0.0885333 -0.00634729 -0.00499067 0.999967 -0.00190835
0.909661 -0.415334 0.00381042 -1.90239 0.415302 0.909656 0.00713176 0.091586 -0.00642824 -0.00490501 0.999967 -0.00126289
0.903506 -0.428559 0.00370271 -1.96424 0.428525 0.903499 0.00750033 0.081344 -0.00655972 -0.00518989 0.999965 0.000533567
0.897554 -0.440892 0.00334245 -2.0314 0.440858 0.897544 0.00772806 0.0658031 -0.00640723 -0.0054628 0.999965 -0.0032493
0.891448 -0.453111 0.00324237 -2.08597 0.453075 0.891436 0.0081056 0.0687513 -0.0065631 -0.00575669 0.999962 0.00171575
0.885491 -0.464645 0.00319006 -2.13725 0.464609 0.885478 0.00821193 0.0515194 -0.00664037 -0.00578946 0.999961 -0.00756736
0.879318 -0.476225 0.00301092 -2.1854 0.476187 0.879303 0.00851895 0.0387857 -0.00670444 -0.00605711 0.999959 -0.00266481
0.873133 -0.48748 0.00128761 -2.23122 0.48743 0.873076 0.012265 0.00642861 -0.00710312 -0.0100813 0.999924 -0.000208701
0.866768 -0.498712 0.000511052 -2.28102 0.498665 0.866699 0.0128795 0.0056136 -0.00686611 -0.0109087 0.999917 -0.0217544
0.860163 -0.51002 0.000539635 -2.32548 0.509971 0.860095 0.0128781 -0.0161526 -0.0070322 -0.010802 0.999917 -0.0071818
0.853423 -0.521219 0.000489988 -2.3834 0.521172 0.853356 0.0127845 -0.0307151 -0.00708169 -0.0106553 0.999918 -0.00126254
0.846655 -0.532142 0.00029011 -2.43391 0.532095 0.846588 0.0127529 -0.0329667 -0.00703194 -0.0106429 0.999919 -0.00532322
0.839233 -0.543772 0.000168158 -2.47888 0.543724 0.839164 0.0129205 -0.0449882 -0.00716691 -0.0107519 0.999917 -0.00534088
0.832035 -0.554723 0.000217046 -2.54362 0.554674 0.831966 0.0129989 -0.0695017 -0.00739137 -0.0106952 0.999915 -0.00601212
0.824776 -0.56546 0.000166592 -2.59056 0.565413 0.82471 0.0127398 -0.0838792 -0.00734125 -0.0104133 0.999919 -0.0142949
0.817011 -0.576622 0.000388647 -2.63532 0.576572 0.81695 0.0125181 -0.113304 -0.00753571 -0.0100033 0.999922 -0.0150123
0.809122 -0.58764 0.000729297 -2.6853 0.58759 0.809068 0.0121634 -0.140224 -0.00773776 -0.00941317 0.999926 -0.0139438
0.800925 -0.598764 0.00124328 -2.74707 0.598711 0.800879 0.0117434 -0.172938 -0.00802724 -0.00866121 0.99993 -0.00986387
0.792477 -0.609901 0.00123394 -2.79262 0.609847 0.792431 0.0117788 -0.194603 -0.00816171 -0.00858191 0.99993 -0.0117389
0.783684 -0.621158 0.00132595 -2.84485 0.621105 0.783641 0.0116243 -0.214588 -0.00825962 -0.00828626 0.999932 -0.0131139
0.774809 -0.632195 0.00111411 -2.89517 0.632144 0.774766 0.0114615 -0.24767 -0.00810905 -0.00817617 0.999934 -0.0145036
0.765706 -0.643189 0.00149435 -2.95116 0.643136 0.765669 0.011257 -0.276333 -0.00838454 -0.00765847 0.999936 -0.0214667
0.756325 -0.654194 0.00180425 -3.00157 0.654139 0.756293 0.0110954 -0.293096 -0.00862308 -0.00721149 0.999937 -0.0205218
0.746807 -0.665037 0.00233286 -3.05439 0.664983 0.746783 0.0106153 -0.319204 -0.00880172 -0.00637628 0.999941 -0.022552
0.737087 -0.675794 0.00238492 -3.10862 0.67574 0.737065 0.0105303 -0.348929 -0.00887413 -0.00615014 0.999942 -0.0203034
0.727329 -0.686284 0.00261988 -3.16258 0.686229 0.72731 0.0104872 -0.379795 -0.00910269 -0.00582982 0.999942 -0.0212124
0.717095 -0.696971 0.00234199 -3.20914 0.696914 0.717072 0.0108552 -0.417312 -0.00924514 -0.00615204 0.999938 -0.0239539
0.706789 -0.707422 0.00202778 -3.2613 0.707365 0.706764 0.0109126 -0.442854 -0.00915295 -0.0062785 0.999938 -0.0247331
0.696275 -0.717773 0.00155643 -3.30769 0.717719 0.696247 0.0109219 -0.462764 -0.0089231 -0.00648757 0.999939 -0.0283964
0.68548 -0.728091 0.000910037 -3.36811 0.728038 0.685444 0.0112717 -0.496515 -0.00883063 -0.00706401 0.999936 -0.0265153
0.674587 -0.738195 0.000331299 -3.42378 0.738145 0.674547 0.0113806 -0.531007 -0.00862461 -0.0074327 0.999935 -0.0326312
0.66361 -0.748079 -8.3162e-05 -3.47612 0.748031 0.663566 0.011396 -0.558564 -0.0084699 -0.00762469 0.999935 -0.0364172
0.65241 -0.757866 -0.000215562 -3.52244 0.757818 0.652365 0.011507 -0.598778 -0.00858015 -0.00767064 0.999934 -0.0346869
0.641128 -0.767431 -0.00231837 -3.57012 0.767402 0.64107 0.0110539 -0.628156 -0.00699688 -0.00886609 0.999936 -0.0214456
0.629778 -0.776768 -0.00336616 -3.61985 0.776751 0.629718 0.0106321 -0.663741 -0.00613892 -0.00931052 0.999938 -0.0253661
0.618407 -0.785848 -0.0040611 -3.66019 0.785834 0.618339 0.01101 -0.702152 -0.00614104 -0.01 0.999931 -0.0131093
0.606555 -0.795032 -0.0040081 -3.72151 0.795016 0.606487 0.0111126 -0.735286 -0.00640402 -0.00992691 0.99993 -0.0190343
0.594943 -0.803755 -0.00452984 -3.76916 0.803743 0.59487 0.0112664 -0.780537 -0.00636073 -0.0103437 0.999926 -0.0153907
0.583696 -0.811957 -0.00503079 -3.80938 0.811949 0.583621 0.0111813 -0.81521 -0.00614267 -0.0106112 0.999925 -0.0233328
0.572704 -0.819744 -0.00547242 -3.8565 0.819738 0.572624 0.011462 -0.861453 -0.00626229 -0.0110503 0.999919 -0.0232372
0.562255 -0.826945 -0.00555496 -3.89606 0.82694 0.562175 0.0113503 -0.884917 -0.00626323 -0.0109754 0.99992 -0.0294335
0.551762 -0.833981 -0.00590352 -3.92806 0.833979 0.551682 0.011229 -0.912369 -0.0061079 -0.0111191 0.99992 -0.0286223
0.542129 -0.840273 -0.00613538 -3.96076 0.840272 0.542045 0.011405 -0.956277 -0.00625763 -0.0113384 0.999916 -0.0270826
0.533722 -0.845636 -0.00642192 -4.00535 0.845638 0.533638 0.011302 -0.990834 -0.00613037 -0.0114627 0.999916 -0.0291143
0.525968 -0.85048 -0.00641123 -4.03532 0.850481 0.525884 0.0112993 -1.01714 -0.00623829 -0.0113957 0.999916 -0.0258409
0.518982 -0.854762 -0.00631938 -4.05659 0.854762 0.518899 0.0112661 -1.03874 -0.00635072 -0.0112485 0.999917 -0.0303458
0.513386 -0.858136 -0.00620432 -4.07356 0.858134 0.513304 0.0111331 -1.06332 -0.00636898 -0.0110397 0.999919 -0.0285498
0.508728 -0.860904 -0.00631835 -4.08701 0.860904 0.508646 0.0111585 -1.07064 -0.00639258 -0.0111161 0.999918 -0.0242434
0.5051 -0.86304 -0.0060463 -4.09057 0.863037 0.505021 0.0109962 -1.09007 -0.00643663 -0.0107723 0.999921 -0.0307463
0.502101 -0.864789 -0.00592307 -4.10579 0.864786 0.502025 0.0107941 -1.10319 -0.00636112 -0.0105419 0.999924 -0.0280558
0.500333 -0.865813 -0.00585208 -4.1033 0.865811 0.50026 0.0105518 -1.11128 -0.00620833 -0.0103462 0.999927 -0.0272905
0.498907 -0.866638 -0.00551845 -4.10119 0.866632 0.498836 0.0105964 -1.10826 -0.00643046 -0.0100691 0.999929 -0.0308429
0.497948 -0.86719 -0.00536455 -4.10864 0.867183 0.497878 0.0105483 -1.11856 -0.0064765 -0.00990455 0.99993 -0.0275071
0.497774 -0.86729 -0.00542326 -4.11494 0.867282 0.497702 0.0106576 -1.12225 -0.00654409 -0.0100086 0.999928 -0.0273517
0.49765 -0.867364 -0.00494467 -4.10126 0.867353 0.497583 0.0104821 -1.11015 -0.00663141 -0.00950518 0.999933 -0.0300323
0.49748 -0.867462 -0.00475255 -4.10461 0.86745 0.497416 0.0103912 -1.1028 -0.00664994 -0.009292 0.999935 -0.0259005
0.497392 -0.867514 -0.00456075 -4.10538 0.867502 0.497332 0.0100894 -1.11381 -0.0064845 -0.00897485 0.999939 -0.0295998
0.497139 -0.867659 -0.0045711 -4.10628 0.867651 0.497085 0.00941176 -1.10764 -0.00589398 -0.00864507 0.999945 -0.0336692
0.496815 -0.867847 -0.00400905 -4.10878 0.867833 0.496763 0.00956854 -1.10725 -0.00631248 -0.00823299 0.999946 -0.0329828
0.496481 -0.86804 -0.00380812 -4.1001 0.868023 0.496428 0.00977735 -1.10612 -0.00659667 -0.00815979 0.999945 -0.0328895
0.496274 -0.868158 -0.00370021 -4.09705 0.868141 0.496222 0.00976317 -1.11199 -0.00663985 -0.00805751 0.999945 -0.03633
0.496071 -0.868275 -0.00343378 -4.09503 0.868258 0.496024 0.00937988 -1.1071 -0.00644108 -0.00763449 0.99995 -0.036855
0.49582 -0.86842 -0.00319487 -4.09408 0.868402 0.495776 0.00922885 -1.10178 -0.00643057 -0.00735027 0.999952 -0.0367066
0.495876 -0.868387 -0.00336383 -4.0971 0.868379 0.495841 0.00778732 -1.09684 -0.00509448 -0.00678262 0.999964 -0.0247672
0.495648 -0.868516 -0.00356033 -4.09581 0.868514 0.495619 0.00676806 -1.07915 -0.0041136 -0.00644677 0.999971 -0.0288137
0.495584 -0.868552 -0.00390352 -4.08128 0.868554 0.495559 0.00588013 -1.06057 -0.00317277 -0.00630452 0.999975 -0.032351
0.494935 -0.868924 -0.00323903 -4.05886 0.868923 0.494913 0.00592165 -1.03603 -0.00354242 -0.0057453 0.999977 -0.0306835
0.493649 -0.869658 -0.00254613 -4.04907 0.869652 0.493628 0.00597213 -1.00405 -0.00393687 -0.00516239 0.999979 -0.0235068
0.491578 -0.870831 -0.00227298 -4.02724 0.870825 0.49156 0.00571163 -0.971497 -0.00385655 -0.00478708 0.999981 -0.023159
0.487728 -0.872993 -0.00204991 -4.00984 0.872988 0.487712 0.00541254 -0.929574 -0.00372534 -0.00442939 0.999983 -0.0240147
0.482703 -0.875783 -0.00178778 -3.99194 0.875777 0.482689 0.00511575 -0.882499 -0.00361734 -0.00403508 0.999985 -0.025836
0.475385 -0.879777 -0.00119766 -3.95917 0.87977 0.475374 0.00494856 -0.82149 -0.0037843 -0.00340614 0.999987 -0.0273631
0.465681 -0.884952 -0.00113126 -3.92549 0.884945 0.465672 0.00473403 -0.747941 -0.00366259 -0.00320565 0.999988 -0.0242584
0.453369 -0.891322 -0.00114025 -3.90754 0.891316 0.45336 0.00449548 -0.680236 -0.00348998 -0.00305444 0.999989 -0.0238378
0.43766 -0.89914 -0.00101072 -3.88185 0.899134 0.437653 0.00427038 -0.589922 -0.00339733 -0.00277775 0.99999 -0.0232631
0.419238 -0.907876 -0.000802558 -3.85385 0.90787 0.419232 0.00405438 -0.485221 -0.00334442 -0.00242837 0.999991 -0.0270135
0.39745 -0.917624 -0.00063488 -3.83295 0.917617 0.397444 0.00403613 -0.373272 -0.00345132 -0.00218673 0.999992 -0.0267816
0.372719 -0.927944 -0.000747056 -3.81247 0.927937 0.372713 0.00414813 -0.254793 -0.0035708 -0.00223931 0.999991 -0.0261456
0.345746 -0.938328 -0.000893913 -3.79767 0.938322 0.34574 0.00403197 -0.129058 -0.00347424 -0.00223281 0.999991 -0.0224021
0.316095 -0.948727 -0.000993368 -3.77905 0.948721 0.316089 0.00405626 0.00535968 -0.00353429 -0.00222459 0.999991 -0.0255645
0.284265 -0.958745 -0.000971116 -3.76035 0.958739 0.284259 0.0040862 0.1609 -0.00364157 -0.00209261 0.999991 -0.0270732
0.251423 -0.967876 -0.00151876 -3.75006 0.967871 0.251415 0.00410801 0.323845 -0.00359421 -0.00250281 0.99999 -0.0203238
0.218388 -0.975859 -0.00238938 -3.7351 0.975856 0.218377 0.00404542 0.490215 -0.00342598 -0.00321516 0.999989 -0.0287476
0.185103 -0.982715 -0.00288998 -3.74068 0.982712 0.18509 0.00422742 0.668627 -0.00361944 -0.00362252 0.999987 -0.0311133
0.151939 -0.988386 -0.00289854 -3.73046 0.988383 0.151926 0.00418926 0.869632 -0.00370024 -0.00350138 0.999987 -0.0349818
0.120473 -0.992713 -0.00280673 -3.7371 0.99271 0.120462 0.00397909 1.08236 -0.00361199 -0.00326564 0.999988 -0.0278234
0.0895953 -0.995974 -0.00303057 -3.75112 0.995971 0.0895822 0.00420078 1.30788 -0.00391238 -0.00339472 0.999987 -0.030537
0.0614308 -0.998095 -0.00565001 -3.75247 0.998106 0.0614113 0.00356937 1.54191 -0.0032156 -0.00585858 0.999978 -0.0124924
0.035888 -0.999336 -0.00631484 -3.77012 0.999351 0.0358677 0.00330299 1.79322 -0.0030743 -0.00642928 0.999975 -0.0337348
0.0136755 -0.999882 -0.0069434 -3.77809 0.999902 0.0136546 0.00304225 2.06645 -0.00294708 -0.00698432 0.999971 -0.0271689
-0.00608241 -0.999959 -0.00672195 -3.80137 0.999977 -0.00610334 0.00309686 2.36618 -0.00313776 -0.00670295 0.999973 -0.0327549
-0.0221376 -0.999728 -0.00732614 -3.8241 0.99975 -0.0221607 0.00309187 2.63748 -0.00325338 -0.00725586 0.999968 -0.0178748
-0.0357166 -0.999333 -0.00763223 -3.83953 0.999357 -0.0357394 0.00286886 2.95359 -0.00313971 -0.00752486 0.999967 -0.0322609
-0.0457838 -0.998915 -0.00855088 -3.86569 0.998946 -0.0458108 0.00298825 3.26868 -0.00337673 -0.00840506 0.999959 -0.0311223
-0.0535135 -0.998533 -0.00821475 -3.89428 0.998561 -0.0535399 0.00302537 3.60101 -0.00346075 -0.00804103 0.999962 -0.0415875
-0.0593238 -0.998202 -0.0085949 -3.91125 0.998232 -0.0593518 0.00304831 3.94327 -0.00355295 -0.00839887 0.999958 -0.0256802
-0.0633806 -0.997952 -0.00867167 -3.93457 0.997982 -0.0634104 0.00320137 4.30526 -0.00374469 -0.00845127 0.999957 -0.0319654
-0.0660117 -0.997779 -0.00888039 -3.95691 0.99781 -0.0660458 0.00359702 4.67723 -0.00417554 -0.0086235 0.999954 -0.0250052
-0.0684107 -0.997621 -0.00850966 -3.98152 0.997647 -0.0684464 0.00397217 5.04896 -0.00454517 -0.0082179 0.999956 -0.0284409
-0.070362 -0.997485 -0.00851735 -4.01038 0.997509 -0.0704017 0.004448 5.43832 -0.00503645 -0.00818316 0.999954 -0.0201413
-0.0726725 -0.997321 -0.00835919 -4.04613 0.997342 -0.0727124 0.00457035 5.83326 -0.00516592 -0.00800484 0.999955 -0.0165972
-0.0730695 -0.997279 -0.00976518 -4.08262 0.99731 -0.0731209 0.00501301 6.22421 -0.0057134 -0.00937262 0.99994 -0.0162373
-0.0714955 -0.997375 -0.0114331 -4.09943 0.997424 -0.0715573 0.00508152 6.62979 -0.0058863 -0.0110403 0.999922 -0.0177149
-0.0682085 -0.997599 -0.0119635 -4.14358 0.997648 -0.0682837 0.00598919 7.04263 -0.00679172 -0.0115269 0.99991 -0.0325141
-0.0638525 -0.997899 -0.0109502 -4.16246 0.997933 -0.0639265 0.00654643 7.45939 -0.00723268 -0.0105096 0.999919 -0.0386512
-0.0594758 -0.998188 -0.00911673 -4.18084 0.998198 -0.0595447 0.0074821 7.88474 -0.0080114 -0.00865529 0.99993 -0.0319345
-0.0560996 -0.99839 -0.00837509 -4.19133 0.99839 -0.0561665 0.00797902 8.31711 -0.00843657 -0.00791398 0.999933 -0.0250211
-0.0526736 -0.998572 -0.0089634 -4.21666 0.998572 -0.0527497 0.00847898 8.73711 -0.00893969 -0.00850398 0.999924 -0.0184399
-0.0487822 -0.998758 -0.0100947 -4.232 0.998768 -0.0488696 0.00860769 9.1651 -0.00909033 -0.00966235 0.999912 -0.0334525
-0.0444181 -0.998948 -0.0113963 -4.25209 0.998978 -0.0445092 0.00787528 9.61439 -0.00837424 -0.0110348 0.999904 -0.0347509
-0.0383791 -0.999187 -0.0123477 -4.26729 0.999235 -0.0384678 0.00702675 10.0515 -0.00749603 -0.0120686 0.999899 -0.0393921
-0.0317213 -0.999425 -0.0119627 -4.27919 0.999469 -0.0318078 0.00711007 10.5118 -0.00748648 -0.0117308 0.999903 -0.042886
-0.0245976 -0.999637 -0.0109561 -4.28365 0.999662 -0.0246878 0.00816903 10.9656 -0.00843655 -0.0107514 0.999907 -0.0380855
-0.0174783 -0.999798 -0.00994981 -4.28759 0.99981 -0.0175629 0.00848185 11.4273 -0.00865489 -0.00979967 0.999915 -0.0363258
-0.0106195 -0.999894 -0.00996507 -4.29524 0.999905 -0.0107061 0.00868204 11.8891 -0.00878781 -0.00987192 0.999913 -0.032889
-0.00338955 -0.999929 -0.0114667 -4.30002 0.999953 -0.00349328 0.00903848 12.3561 -0.00907789 -0.0114355 0.999893 -0.0283269
0.00380746 -0.999925 -0.0116114 -4.29539 0.999951 0.00370142 0.00913986 12.8176 -0.0090962 -0.0116456 0.999891 -0.0488887
0.0109993 -0.999868 -0.0119505 -4.27853 0.9999 0.0108919 0.00901444 13.2735 -0.00888308 -0.0120485 0.999888 -0.0418815
0.018254 -0.99977 -0.0112398 -4.26063 0.999796 0.0181553 0.00881671 13.7278 -0.00861062 -0.0113984 0.999898 -0.0430194
0.0251458 -0.999626 -0.0107823 -4.24592 0.999646 0.0250491 0.00901032 14.1903 -0.00873686 -0.011005 0.999901 -0.0354267
0.0323435 -0.999412 -0.0113854 -4.22724 0.999438 0.0322398 0.00917334 14.6451 -0.00880088 -0.0116757 0.999893 -0.0341801
0.0395432 -0.999137 -0.012673 -4.20739 0.999175 0.0394202 0.00981562 15.0989 -0.00930758 -0.0130507 0.999872 -0.0345148
0.0463585 -0.998845 -0.0126657 -4.1873 0.998873 0.0462237 0.0107413 15.5526 -0.0101434 -0.0131494 0.999862 -0.041037
0.0527281 -0.998539 -0.0118376 -4.15918 0.998552 0.0525948 0.011306 15.9974 -0.0106669 -0.0124166 0.999866 -0.0346126
0.0582543 -0.998242 -0.010879 -4.13427 0.998245 0.0581311 0.0113183 16.4435 -0.010666 -0.0115193 0.999877 -0.0300742
0.063247 -0.99794 -0.0107131 -4.0975 0.997932 0.0631155 0.0122028 16.8829 -0.0115015 -0.0114627 0.999868 -0.031263
0.06741 -0.99767 -0.0104852 -4.06886 0.997656 0.0672775 0.0125127 17.3221 -0.0117782 -0.0113041 0.999867 -0.0398267
0.0715957 -0.997368 -0.0114297 -4.03987 0.997366 0.0714524 0.0124911 17.7542 -0.0116416 -0.0122939 0.999857 -0.0448387
0.0754935 -0.997073 -0.0121183 -4.00735 0.997083 0.0753461 0.0121904 18.197 -0.0112416 -0.0130032 0.999852 -0.041308
0.0789258 -0.996809 -0.0119333 -3.96476 0.996819 0.0787821 0.0120678 18.6258 -0.0110891 -0.0128478 0.999856 -0.0484416
0.0806514 -0.996686 -0.0105734 -3.92195 0.996681 0.0805242 0.0119539 19.0694 -0.0110628 -0.0115024 0.999873 -0.048405
0.0813043 -0.996646 -0.00926482 -3.89591 0.996632 0.0811959 0.0115261 19.4778 -0.0107352 -0.0101707 0.999891 -0.038928
0.0795001 -0.996804 -0.0078329 -3.85879 0.996783 0.079413 0.0108637 19.914 -0.010207 -0.00867136 0.99991 -0.044816
0.0757517 -0.997099 -0.0074223 -3.8239 0.997074 0.0756688 0.0108809 20.3413 -0.0102877 -0.00822483 0.999913 -0.0457933
0.0686696 -0.997621 -0.00603429 -3.79903 0.997584 0.0686006 0.0109924 20.7715 -0.0105523 -0.00677456 0.999921 -0.0475471
0.0591082 -0.998236 -0.00551734 -3.77425 0.998189 0.0590418 0.0115203 21.1917 -0.0111742 -0.00618829 0.999918 -0.0436752
0.0460194 -0.998929 -0.00479448 -3.77354 0.998872 0.0459594 0.0119569 21.607 -0.0117237 -0.00533931 0.999917 -0.0442915
0.0295514 -0.999556 -0.00389267 -3.76824 0.999486 0.0295005 0.0125551 22.0195 -0.0124347 -0.00426169 0.999914 -0.0443877
0.00961576 -0.999952 -0.001702 -3.77343 0.999871 0.00959302 0.0129005 22.4403 -0.0128836 -0.00182583 0.999915 -0.0526798
-0.0139252 -0.999903 -0.000738913 -3.79768 0.999815 -0.0139338 0.0132476 22.8372 -0.0132566 -0.0005543 0.999912 -0.0413569
-0.0407784 -0.999168 -0.000619233 -3.8314 0.99908 -0.0407831 0.0132958 23.2453 -0.01331 -7.6482e-05 0.999911 -0.0395583
-0.0701261 -0.997538 0.000663871 -3.87708 0.997453 -0.0701115 0.0130777 23.6418 -0.0129989 0.00157927 0.999914 -0.0505992
-0.102686 -0.994714 0.000452035 -3.9428 0.994631 -0.102672 0.0129363 24.0357 -0.0128215 0.00177799 0.999916 -0.0437218
-0.137943 -0.99044 0.000821991 -4.02215 0.990355 -0.13792 0.0132034 24.4164 -0.0129639 0.00263538 0.999912 -0.0563482
-0.175733 -0.984437 0.00097219 -4.1144 0.984353 -0.175705 0.013329 24.789 -0.0129508 0.00329933 0.999911 -0.0520711
-0.215707 -0.976456 0.00186619 -4.21923 0.976377 -0.215664 0.0133347 25.1585 -0.0126183 0.0046985 0.999909 -0.0533757
-0.256976 -0.966412 0.00318299 -4.33415 0.966337 -0.256911 0.0138012 25.5117 -0.0125199 0.00662243 0.9999 -0.0526096
-0.298842 -0.954298 0.00307887 -4.47053 0.954212 -0.298768 0.0147074 25.8594 -0.0131153 0.00733308 0.999887 -0.0517145
-0.340295 -0.940318 0.00147681 -4.62981 0.940213 -0.340233 0.0155221 26.1931 -0.0140932 0.0066706 0.999878 -0.0464872
-0.380987 -0.92458 -0.000803146 -4.79909 0.924468 -0.380954 0.0152543 26.5143 -0.0144098 0.00506921 0.999883 -0.0535745
-0.420381 -0.907346 -0.00192299 -4.97833 0.907227 -0.420359 0.0154386 26.828 -0.0148165 0.00474552 0.999879 -0.0797386
-0.458636 -0.888611 -0.00483759 -5.17078 0.888459 -0.458649 0.0167602 27.1363 -0.0171121 0.00338886 0.999848 -0.0674251
-0.495728 -0.868454 -0.00640435 -5.38316 0.868253 -0.495754 0.0190996 27.4335 -0.0197621 0.00390762 0.999797 -0.0812858
-0.531465 -0.847038 -0.00849344 -5.59776 0.846794 -0.531519 0.0206888 27.719 -0.0220386 0.0038032 0.99975 -0.071644
-0.566376 -0.824086 -0.0100154 -5.82279 0.823813 -0.56645 0.0215829 27.9859 -0.0234594 0.00397319 0.999717 -0.0801134
-0.599609 -0.800209 -0.0116222 -6.0475 0.799897 -0.599706 0.0227594 28.2502 -0.0251821 0.0043502 0.999673 -0.0884212
-0.63104 -0.775634 -0.0134597 -6.29033 0.775279 -0.631166 0.0239069 28.4962 -0.0270383 0.00465115 0.999624 -0.0778589
-0.661072 -0.750176 -0.0148037 -6.53362 0.749814 -0.661222 0.0237554 28.7307 -0.0276092 0.00460401 0.999608 -0.0843794
-0.689669 -0.723952 -0.0158191 -6.78623 0.723582 -0.689833 0.0236622 28.9536 -0.0280428 0.0048727 0.999595 -0.101758
-0.716162 -0.697703 -0.0179381 -7.04297 0.697311 -0.716372 0.0238458 29.1722 -0.0294877 0.00456901 0.999555 -0.099928
-0.740708 -0.67153 -0.0199744 -7.30499 0.671142 -0.740968 0.023132 29.3597 -0.0303343 0.00372843 0.999533 -0.0919737
-0.763518 -0.645399 -0.0223759 -7.5709 0.645099 -0.763846 0.0196671 29.5434 -0.0297849 0.000581459 0.999556 -0.101915
-0.784814 -0.619288 -0.0234445 -7.84516 0.619081 -0.785161 0.0161218 29.7092 -0.0283917 -0.00186148 0.999595 -0.12829
-0.804821 -0.593002 -0.0247309 -8.10626 0.592849 -0.805193 0.0139093 29.874 -0.0281614 -0.00346724 0.999597 -0.14711
-0.823067 -0.567377 -0.0253802 -8.37087 0.567218 -0.823452 0.0137553 30.0182 -0.0287039 -0.00307457 0.999583 -0.150324
-0.839831 -0.542231 -0.0258837 -8.6367 0.542052 -0.840227 0.0140911 30.1608 -0.0293888 -0.00219616 0.999566 -0.145377
-0.855237 -0.517586 -0.0259798 -8.89784 0.517396 -0.85563 0.0141085 30.298 -0.0295315 -0.00137571 0.999563 -0.139049
-0.869498 -0.493236 -0.0263182 -9.15083 0.493051 -0.869895 0.0135602 30.4142 -0.0295824 -0.00118567 0.999562 -0.148709
-0.88219 -0.470088 -0.0275273 -9.40845 0.469944 -0.882616 0.0118992 30.5269 -0.0298897 -0.0024389 0.99955 -0.148667
-0.893714 -0.447714 -0.0287533 -9.66429 0.447616 -0.894169 0.010149 30.6282 -0.0302542 -0.00380009 0.999535 -0.152822
-0.903995 -0.42653 -0.029424 -9.91589 0.426502 -0.904455 0.00752725 30.7187 -0.0298233 -0.0057448 0.999539 -0.160654
-0.913328 -0.406095 -0.030318 -10.1522 0.406125 -0.913801 0.00545873 30.8005 -0.0299214 -0.00732728 0.999525 -0.172579
-0.921267 -0.387726 -0.0305821 -10.3858 0.387792 -0.921738 0.0039586 30.8792 -0.0297236 -0.00821259 0.999524 -0.175985
-0.928304 -0.370543 -0.0308248 -10.6226 0.370639 -0.928773 0.00273494 30.9464 -0.0296426 -0.00888602 0.999521 -0.18165
-0.934316 -0.355072 -0.0312669 -10.8481 0.355214 -0.934784 0.00108605 31.021 -0.0296134 -0.0100917 0.99951 -0.183524
-0.939534 -0.341051 -0.0309912 -11.0618 0.341229 -0.93998 -0.000462967 31.0761 -0.0289732 -0.0110101 0.99952 -0.195396
-0.943975 -0.328509 -0.0315006 -11.2747 0.328738 -0.944418 -0.0022577 31.1431 -0.0290081 -0.0124867 0.999501 -0.188084
-0.947679 -0.317726 -0.0309055 -11.4711 0.317995 -0.948084 -0.0040901 31.1933 -0.0280015 -0.0137039 0.999514 -0.197641
-0.950923 -0.307882 -0.0308926 -11.6634 0.3082 -0.951302 -0.00603601 31.2462 -0.0275298 -0.0152609 0.999504 -0.195637
-0.953423 -0.300071 -0.0307027 -11.8462 0.30042 -0.953779 -0.00734826 31.294 -0.0270786 -0.0162297 0.999502 -0.207222
-0.955468 -0.293431 -0.0312922 -12.0352 0.293773 -0.95585 -0.00686916 31.3429 -0.027895 -0.0157561 0.999487 -0.214559
-0.957202 -0.287583 -0.0325748 -12.2069 0.287943 -0.957623 -0.00684828 31.3904 -0.029225 -0.0159349 0.999446 -0.203288
-0.958691 -0.282523 -0.0330488 -12.3736 0.282879 -0.959134 -0.00651962 31.4264 -0.0298563 -0.0155991 0.999432 -0.212849
-0.959908 -0.278216 -0.034233 -12.5249 0.278612 -0.960376 -0.00728535 31.4699 -0.0308496 -0.016531 0.999387 -0.215424
-0.960827 -0.274957 -0.0347833 -12.6701 0.275335 -0.961327 -0.00648055 31.5109 -0.0316562 -0.0158037 0.999374 -0.233899
-0.961543 -0.272247 -0.0362919 -12.8104 0.272637 -0.962097 -0.00617204 31.5463 -0.033236 -0.0158292 0.999322 -0.217161
-0.961994 -0.270424 -0.0379243 -12.9468 0.270852 -0.962599 -0.00654579 31.5735 -0.0347357 -0.0165689 0.999259 -0.222064
-0.962437 -0.268589 -0.0396829 -13.0727 0.269073 -0.963092 -0.00731068 31.609 -0.0362547 -0.0177137 0.999186 -0.227601
-0.962637 -0.267456 -0.0424001 -13.1845 0.268071 -0.963353 -0.00945025 31.6375 -0.0383187 -0.0204634 0.999056 -0.227813
-0.962485 -0.267626 -0.0447209 -13.3067 0.268407 -0.963226 -0.0123771 31.6594 -0.0397639 -0.0239161 0.998923 -0.234962
-0.962308 -0.267754 -0.0476477 -13.4355 0.26878 -0.963061 -0.0164896 31.6943 -0.0414725 -0.0286748 0.998728 -0.243428
-0.961982 -0.268354 -0.0507623 -13.5477 0.269547 -0.962815 -0.0182135 31.7205 -0.0439871 -0.0312039 0.998545 -0.273284
-0.961115 -0.27048 -0.0556563 -13.6687 0.271787 -0.962202 -0.0172877 31.7543 -0.0488767 -0.0317422 0.9983 -0.283011
-0.959825 -0.273931 -0.0608085 -13.8069 0.275207 -0.961289 -0.013556 31.799 -0.0547412 -0.0297463 0.998057 -0.286322
-0.95829 -0.277771 -0.0672549 -13.9403 0.279139 -0.96018 -0.0116829 31.8413 -0.0613316 -0.0299691 0.997667 -0.252104
-0.956635 -0.281739 -0.0739778 -14.0855 0.28338 -0.958926 -0.0124923 31.8739 -0.0674197 -0.0329144 0.997182 -0.261078
-0.9546 -0.286825 -0.0804343 -14.2174 0.288859 -0.957259 -0.0146567 31.9178 -0.0727926 -0.0372255 0.996652 -0.281014
-0.952111 -0.29349 -0.0857212 -14.3692 0.295764 -0.955145 -0.0148789 31.9627 -0.0775094 -0.0395196 0.996208 -0.327877
-0.949033 -0.301729 -0.0910799 -14.5285 0.304049 -0.952575 -0.0124376 32.0269 -0.0830077 -0.0394964 0.995766 -0.333445
-0.945086 -0.312109 -0.0969566 -14.6892 0.314389 -0.949254 -0.00879956 32.0821 -0.08929 -0.0387984 0.99525 -0.326392
-0.94018 -0.324597 -0.103433 -14.8598 0.326969 -0.945013 -0.00639815 32.1463 -0.0956687 -0.0398348 0.994616 -0.307898
-0.934516 -0.33819 -0.110939 -15.0548 0.341052 -0.940016 -0.00734439 32.2312 -0.101801 -0.0446995 0.9938 -0.339615
-0.928273 -0.354517 -0.11237 -15.2384 0.356939 -0.934127 -0.00153653 32.3195 -0.104423 -0.0415354 0.993665 -0.429449
-0.920915 -0.374048 -0.109561 -15.41 0.375228 -0.926874 0.0104238 32.4266 -0.105449 -0.0315111 0.993925 -0.43793
-0.911599 -0.397809 -0.103614 -15.5562 0.397277 -0.917313 0.0266157 32.5504 -0.105635 -0.0169006 0.994261 -0.364744
-0.900378 -0.423392 -0.100289 -15.7402 0.422805 -0.905785 0.0280973 32.6431 -0.102737 -0.0171046 0.994562 -0.247845
-0.887729 -0.451069 -0.0920582 -15.9112 0.451268 -0.892168 0.0198313 32.7523 -0.0910767 -0.0239381 0.995556 -0.302076
-0.872234 -0.481126 -0.0878976 -16.0664 0.482481 -0.875882 0.00652748 32.8615 -0.0801285 -0.0367154 0.996108 -0.36641
-0.852628 -0.516173 -0.0811779 -16.2194 0.517943 -0.855415 -0.000872829 32.9791 -0.0689902 -0.0427897 0.996699 -0.450832
-0.82986 -0.553226 -0.0726153 -16.3952 0.555003 -0.831831 -0.00529523 33.1369 -0.0574743 -0.0446961 0.997346 -0.441319
-0.803953 -0.591482 -0.0617151 -16.528 0.592996 -0.805165 -0.00809067 33.2796 -0.0449053 -0.0431013 0.998061 -0.439629
-0.773541 -0.631352 -0.0550422 -16.6478 0.632779 -0.774238 -0.0120677 33.4426 -0.0349968 -0.0441645 0.998411 -0.420132
-0.739174 -0.671612 -0.0505806 -16.7999 0.673058 -0.739351 -0.0187795 33.6228 -0.0247843 -0.047925 0.998543 -0.429717
-0.701968 -0.710574 -0.0482289 -16.9496 0.712088 -0.701487 -0.029119 33.8156 -0.0131408 -0.0547838 0.998412 -0.436656
-0.662637 -0.747725 -0.0426591 -17.0943 0.748939 -0.661696 -0.0353551 34.037 -0.00179142 -0.0553766 0.998464 -0.553153
-0.62165 -0.782504 -0.0351975 -17.2077 0.783295 -0.620988 -0.0286779 34.2739 0.000583327 -0.0453976 0.998969 -0.589267
-0.577703 -0.815775 -0.0277368 -17.2886 0.816244 -0.577451 -0.0171752 34.5123 -0.00200549 -0.0325622 0.999468 -0.503033
-0.532013 -0.846462 -0.0215393 -17.3809 0.846734 -0.531903 -0.0110288 34.7611 -0.00212131 -0.0241055 0.999707 -0.427646
-0.486085 -0.873784 -0.0149587 -17.4863 0.873908 -0.485964 -0.0110955 35.0404 0.00242563 -0.0184659 0.999827 -0.451436
-0.440152 -0.897877 -0.00914323 -17.5667 0.897889 -0.440025 -0.0131551 35.316 0.00778838 -0.0139998 0.999872 -0.484624
-0.393386 -0.919374 -0.000250805 -17.6293 0.919291 -0.393346 -0.0135463 35.6031 0.0123555 -0.00555948 0.999908 -0.524517
-0.346912 -0.937876 0.0063114 -17.6808 0.937792 -0.346966 -0.0126674 35.9025 0.0140703 0.0015243 0.9999 -0.48891
-0.299467 -0.954073 0.00803521 -17.7251 0.954028 -0.299539 -0.0103069 36.2113 0.0122404 0.00457924 0.999915 -0.471583
-0.252913 -0.967482 0.00384231 -17.7915 0.967437 -0.252938 -0.00942141 36.5373 0.0100869 0.0013344 0.999948 -0.457295
-0.207023 -0.978336 0.000604148 -17.8453 0.978275 -0.207017 -0.011012 36.8662 0.0108985 -0.00168872 0.999939 -0.473676
-0.161457 -0.98688 -4.02261e-05 -17.8631 0.986807 -0.161445 -0.0121107 37.2118 0.0119454 -0.00199507 0.999927 -0.491689
-0.117594 -0.993058 0.00268382 -17.8711 0.992988 -0.117618 -0.0118315 37.5782 0.012065 0.00127368 0.999926 -0.48764
-0.077948 -0.996946 0.00484776 -17.8618 0.996888 -0.077999 -0.0113928 37.9524 0.0117362 0.00394462 0.999923 -0.471992
-0.0420771 -0.999099 0.00558565 -17.8514 0.999054 -0.0421354 -0.0107634 38.3256 0.010989 0.00512747 0.999926 -0.459067
-0.00983794 -0.999939 0.00492062 -17.8349 0.999896 -0.00988895 -0.0104529 38.7206 0.0105009 0.00481728 0.999933 -0.451738
0.019049 -0.999808 0.00448599 -17.8141 0.999763 0.0190005 -0.010628 39.1138 0.0105408 0.00468738 0.999933 -0.457383
0.0447067 -0.998991 0.00422196 -17.7728 0.998949 0.0446612 -0.0103165 39.521 0.0101176 0.00467874 0.999938 -0.459431
0.0673688 -0.997717 0.00466353 -17.7293 0.99768 0.0673189 -0.0101254 39.9366 0.00978838 0.00533484 0.999938 -0.450997
0.0866477 -0.996224 0.00538812 -17.6771 0.996198 0.0865934 -0.00959571 40.377 0.0090929 0.00619908 0.999939 -0.444587
0.103173 -0.994642 0.00653275 -17.6194 0.994628 0.103112 -0.00909404 40.8143 0.00837171 0.00743592 0.999937 -0.444308
0.116565 -0.993152 0.00788918 -17.5597 0.993152 0.116495 -0.00883441 41.2677 0.00785486 0.00886493 0.99993 -0.433385
0.127436 -0.991815 0.00792001 -17.4938 0.991821 0.12737 -0.00825434 41.7161 0.00717801 0.00890712 0.999935 -0.426879
0.136935 -0.990547 0.00812788 -17.4249 0.990558 0.136872 -0.00787001 42.1858 0.00668313 0.00912881 0.999936 -0.427941
0.145237 -0.989365 0.00793694 -17.3468 0.989376 0.145178 -0.00760022 42.67 0.00636712 0.00895645 0.99994 -0.425068
0.152468 -0.988276 0.00797006 -17.2623 0.988286 0.152405 -0.00798852 43.1574 0.00668019 0.00909469 0.999936 -0.418703
0.160009 -0.987085 0.00771593 -17.1891 0.987092 0.159946 -0.00815561 43.6473 0.00681615 0.0089213 0.999937 -0.407057
0.168317 -0.985708 0.00700993 -17.0986 0.985711 0.168262 -0.00787275 44.1602 0.00658073 0.00823488 0.999944 -0.401741
0.177388 -0.984114 0.00733256 -16.9994 0.984119 0.17733 -0.00800701 44.6862 0.00657953 0.00863646 0.999941 -0.411456
0.18674 -0.982374 0.00827098 -16.8865 0.982389 0.186676 -0.00798836 45.2132 0.00630357 0.00961707 0.999934 -0.39683
0.19608 -0.980541 0.0096083 -16.7709 0.98057 0.196008 -0.00791103 45.7467 0.00587378 0.0109728 0.999923 -0.393054
0.205495 -0.978604 0.0102851 -16.6486 0.978644 0.205425 -0.00744994 46.2981 0.00517771 0.0115964 0.999919 -0.390528
0.215181 -0.976515 0.0107781 -16.5225 0.976558 0.215101 -0.00814683 46.8586 0.00563711 0.0122785 0.999909 -0.383674
0.224653 -0.974375 0.0111846 -16.3804 0.974419 0.224561 -0.00888686 47.424 0.0061475 0.012895 0.999898 -0.382405
0.233832 -0.9722 0.0122696 -16.238 0.972259 0.233733 -0.00901512 47.9942 0.00589668 0.0140373 0.999884 -0.374158
0.242916 -0.969958 0.0131506 -16.0863 0.970029 0.242805 -0.00949426 48.5783 0.006016 0.0150628 0.999868 -0.367486
0.252003 -0.967617 0.0145475 -15.9256 0.967707 0.251875 -0.010072 49.1674 0.00608168 0.0166159 0.999843 -0.367202
0.260872 -0.965252 0.015307 -15.7541 0.965359 0.260747 -0.00969462 49.768 0.00536649 0.0173058 0.999836 -0.352393
0.269739 -0.962792 0.0164952 -15.5839 0.962921 0.269608 -0.00974365 50.3785 0.00493388 0.0185118 0.999816 -0.351526
0.278368 -0.960328 0.0167413 -15.3983 0.960462 0.278235 -0.00987799 51.0015 0.00482809 0.0188291 0.999811 -0.344246
0.287148 -0.957723 0.0176935 -15.2052 0.957873 0.286997 -0.010599 51.621 0.00507297 0.0199916 0.999787 -0.352655
0.295455 -0.955191 0.0177981 -15.0089 0.95534 0.29529 -0.0113344 52.2431 0.00557095 0.0203521 0.999777 -0.328088
0.304188 -0.952431 0.0185532 -14.8058 0.952593 0.304001 -0.0122418 52.8719 0.00601929 0.0213975 0.999753 -0.330871
0.312526 -0.949729 0.0184961 -14.5828 0.949889 0.312332 -0.0126669 53.5035 0.00625317 0.021528 0.999749 -0.321208
0.320922 -0.946885 0.0204432 -14.3715 0.947085 0.320699 -0.0134906 54.1317 0.00621791 0.0236909 0.9997 -0.325571
0.329147 -0.944027 0.0218092 -14.1385 0.944263 0.328921 -0.0133205 54.759 0.00540136 0.024978 0.999673 -0.305191
0.337011 -0.94121 0.0233835 -13.9054 0.941487 0.336768 -0.0137822 55.3941 0.00509716 0.02666 0.999632 -0.294421
0.344212 -0.938603 0.0232955 -13.6757 0.93888 0.343977 -0.0135931 56.0251 0.00474545 0.0265506 0.999636 -0.285649
0.351251 -0.935961 0.0244803 -13.4418 0.936271 0.351005 -0.0138454 56.6382 0.00436607 0.0277834 0.999604 -0.293034
0.358321 -0.933275 0.0245934 -13.1968 0.933591 0.358091 -0.0133333 57.2586 0.0036369 0.0277378 0.999609 -0.260296
0.365153 -0.930651 0.0235093 -12.9533 0.930941 0.364942 -0.0128639 57.867 0.00339222 0.026583 0.999641 -0.267928
0.37194 -0.927992 0.0221481 -12.7058 0.928248 0.371727 -0.0132248 58.4755 0.0040395 0.0254778 0.999667 -0.263976
0.378422 -0.925401 0.0207342 -12.4698 0.925608 0.378152 -0.0158233 59.0752 0.00680225 0.0251797 0.99966 -0.264375
0.385106 -0.922683 0.0186977 -12.2183 0.922832 0.38482 -0.0171678 59.6556 0.00864518 0.0238662 0.999678 -0.223156
0.392424 -0.919651 0.0156667 -11.9658 0.919731 0.392161 -0.0174446 60.2467 0.00989907 0.0212548 0.999725 -0.226063
0.398692 -0.916985 0.0134969 -11.7096 0.917017 0.398441 -0.0180093 60.8346 0.0111366 0.0195571 0.999747 -0.220682
0.405356 -0.914091 0.0111595 -11.4544 0.914093 0.405149 -0.0169749 61.4109 0.0109953 0.0170816 0.999794 -0.208157
0.411949 -0.91115 0.0101752 -11.1956 0.911129 0.411741 -0.0177077 61.9829 0.0119448 0.0165655 0.999791 -0.209033
0.418156 -0.908333 0.0088135 -10.9381 0.908279 0.417951 -0.0185914 62.5484 0.0132036 0.0157792 0.999788 -0.174265
0.424852 -0.905245 0.00570409 -10.6789 0.905148 0.424689 -0.0185979 63.1048 0.0144132 0.0130644 0.999811 -0.154312
0.432362 -0.901697 0.00227859 -10.4203 0.901574 0.432258 -0.0178025 63.6547 0.0150675 0.00975143 0.999839 -0.147001
0.441188 -0.897413 -0.00163747 -10.1541 0.89729 0.441156 -0.0158899 64.1906 0.0149822 0.00554115 0.999872 -0.13157
0.450764 -0.892636 -0.00349491 -9.88953 0.892529 0.450766 -0.0142194 64.7249 0.0142681 0.00329029 0.999893 -0.130919
