1 0 0 0 0 1 0 0 0 0 1 0
1 1.53665e-05 1.08398e-05 -0.00189228 -1.53676e-05 1 0.000105959 0.00287088 -1.08382e-05 -0.000105959 1 0.000938005
1 3.91069e-05 -2.12284e-05 0.00153854 -3.91055e-05 1 6.69811e-05 -0.000296972 2.1231e-05 -6.69803e-05 1 -0.00181303
1 1.9124e-05 6.31154e-06 -0.00208848 -1.91244e-05 1 7.60349e-05 0.00126564 -6.31008e-06 -7.6035e-05 1 0.000539835
1 -4.08958e-05 -1.61504e-05 -0.00174191 4.08971e-05 1 7.96364e-05 0.000612207 1.61471e-05 -7.9637e-05 1 0.00101458
1 3.95105e-05 5.2487e-06 -0.00541024 -3.95105e-05 1 -4.37854e-06 0.000186259 -5.24887e-06 4.37833e-06 1 0.00113498
1 -5.93636e-05 2.58047e-05 -0.00184261 5.93632e-05 1 1.5392e-05 0.0024054 -2.58057e-05 -1.53904e-05 1 0.00127143
1 -4.1006e-05 1.17911e-05 -0.00239408 4.10057e-05 1 1.8269e-05 0.00170512 -1.17918e-05 -1.82685e-05 1 -5.18034e-05
1 -2.7e-05 1.63578e-06 0.000644343 2.69999e-05 1 7.41069e-05 0.00204052 -1.63778e-06 -7.41068e-05 1 0.00129512
1 -3.13874e-06 -2.20184e-05 0.000264774 3.14017e-06 1 6.46074e-05 -0.000271267 2.20182e-05 -6.46074e-05 1 0.000552201
1 2.31373e-06 1.10121e-05 -0.00355545 -2.314e-06 1 2.48704e-05 0.00206903 -1.1012e-05 -2.48704e-05 1 -9.70995e-05
1 1.06728e-05 -3.20565e-05 0.00100034 -1.06699e-05 1 9.00827e-05 0.00115718 3.20574e-05 -9.00824e-05 1 0.000594926
1 1.90684e-05 -1.13915e-05 -0.000408328 -1.90674e-05 1 8.56229e-05 0.00211939 1.13931e-05 -8.56227e-05 1 -0.00018361
1 2.91837e-06 -1.12492e-05 -0.00177113 -2.91775e-06 1 5.50562e-05 0.00287901 1.12493e-05 -5.50562e-05 1 0.000111077
1 2.18574e-06 -2.04589e-05 -0.00111966 -2.18497e-06 1 3.80129e-05 0.00263538 2.0459e-05 -3.80128e-05 1 0.000622623
1 4.73665e-06 -2.16989e-05 -0.00340095 -4.73422e-06 1 0.000111669 0.00179578 2.16994e-05 -0.000111669 1 0.000857831
1 2.31192e-06 -2.20093e-05 0.000276306 -2.3101e-06 1 8.23242e-05 0.00210097 2.20095e-05 -8.23241e-05 1 0.00139187
1 1.32326e-05 -9.77593e-06 -0.00116225 -1.32321e-05 1 4.63083e-05 -0.000541802 9.77654e-06 -4.63082e-05 1 0.000204345
1 2.82663e-05 -2.14221e-06 -0.00208913 -2.82662e-05 1 4.88964e-05 0.00216025 2.14359e-06 -4.88964e-05 1 0.000369738
1 -3.58548e-05 -1.56104e-05 -0.00250838 3.58565e-05 1 0.000107453 0.00137731 1.56065e-05 -0.000107454 1 0.000234739
1 -4.82657e-07 -2.21965e-05 -0.00130708 4.85026e-07 1 0.000106731 0.00339141 2.21965e-05 -0.000106731 1 0.000726886
1 -1.54265e-05 -2.06369e-05 -0.000707661 1.54281e-05 1 8.17066e-05 0.0031371 2.06357e-05 -8.17069e-05 1 -2.37535e-05
1 1.86302e-05 -1.4578e-05 -0.00141744 -1.86285e-05 1 0.000116583 0.0020304 1.45802e-05 -0.000116582 1 0.00170502
1 -2.12723e-06 -2.59199e-05 -0.00205674 2.12919e-06 1 7.56499e-05 0.00125341 2.59197e-05 -7.56499e-05 1 0.000454973
1 -5.63925e-05 3.2539e-06 -0.00438809 5.63923e-05 1 8.33343e-05 0.000991798 -3.2586e-06 -8.33341e-05 1 0.00107601
1 4.336e-05 9.14848e-06 -0.0189213 -4.33602e-05 1 2.53995e-05 0.000507518 -9.14738e-06 -2.53998e-05 1 -0.000116961
1 3.52922e-05 -2.83805e-05 -0.0294896 -3.52918e-05 1 1.36909e-05 -0.00767169 2.83809e-05 -1.36899e-05 1 0.00181753
1 2.57067e-05 -0.000131662 -0.0263431 -2.56996e-05 1 5.40873e-05 -0.00994804 0.000131664 -5.4084e-05 1 0.00271213
1 6.03252e-05 -0.000240172 -0.0177372 -6.03017e-05 1 9.75627e-05 -0.00566165 0.000240178 -9.75482e-05 1 0.00359646
1 8.39929e-05 -0.000375925 0.0175306 -8.39476e-05 1 0.000120571 -0.00816675 0.000375935 -0.00012054 1 0.00458313
1 6.64786e-05 -0.000571042 0.0608697 -6.63791e-05 1 0.00017439 -0.00468758 0.000571053 -0.000174352 1 0.00260533
1 0.00013296 -0.00076042 0.102127 -0.000132758 1 0.000265498 8.20475e-05 0.000760455 -0.000265397 1 0.00602012
1 9.77069e-05 -0.000850369 0.161104 -9.74949e-05 1 0.000249333 0.00489797 0.000850393 -0.00024925 1 0.00628796
1 0.000186695 -0.000940464 0.271871 -0.000186353 1 0.000363984 0.00295024 0.000940531 -0.000363809 0.999999 0.00929255
0.999999 0.000524325 -0.000987866 0.379672 -0.0005238 1 0.000531505 0.00850094 0.000988145 -0.000530987 0.999999 0.011222
0.999999 0.000668623 -0.00113721 0.478201 -0.000667069 0.999999 0.00136625 0.013702 0.00113812 -0.00136549 0.999998 0.0144458
0.999998 0.000833898 -0.00157448 0.643777 -0.000827644 0.999992 0.0039684 0.0107841 0.00157778 -0.00396709 0.999991 0.0274395
0.999998 0.000880683 -0.00169132 0.776561 -0.000871971 0.999986 0.00514523 0.0144401 0.00169583 -0.00514374 0.999985 0.0116013
0.999995 0.00154235 -0.00259853 0.904157 -0.00152598 0.999979 0.00628996 0.0178335 0.00260818 -0.00628596 0.999977 0.0301809
0.999993 0.00264168 -0.00280723 1.0784 -0.00262734 0.999984 0.00509869 0.0157263 0.00282066 -0.00509128 0.999983 0.0315812
0.99999 0.0033241 -0.00306428 1.25741 -0.00330869 0.999982 0.00502173 0.00542104 0.00308091 -0.00501154 0.999983 0.0446055
0.999988 0.0038165 -0.00322679 1.44331 -0.0038052 0.999987 0.0035009 0.0111834 0.00324011 -0.00348857 0.999989 0.0188468
0.999965 0.00453973 -0.0070321 1.63486 -0.00454321 0.99999 -0.000477956 0.00493615 0.00702985 0.000509888 0.999975 0.0143887
0.999962 0.00553952 -0.00670192 1.85357 -0.00555222 0.999983 -0.00187826 -0.0110946 0.0066914 0.0019154 0.999976 0.0515594
0.999953 0.0060401 -0.00760748 2.06396 -0.00606294 0.999977 -0.00298365 -0.0187646 0.00758929 0.00302963 0.999967 0.0200443
0.999952 0.00642728 -0.00735158 2.28824 -0.00644971 0.999975 -0.00303087 -0.0191872 0.00733191 0.00307814 0.999968 0.0261861
0.999945 0.00723395 -0.00760203 2.52483 -0.00725735 0.999969 -0.00305462 -0.0148916 0.0075797 0.00310962 0.999966 0.016654
0.999938 0.00815857 -0.0075363 2.78568 -0.0081851 0.99996 -0.00349581 -0.0323144 0.00750748 0.00355728 0.999965 0.0244253
0.999932 0.00898631 -0.00746661 3.02511 -0.00901641 0.999951 -0.00400764 -0.0232694 0.00743024 0.00407469 0.999964 0.0273358
0.999914 0.0105384 -0.00786984 3.30041 -0.0105616 0.99994 -0.00290938 -0.0171727 0.00783871 0.00299224 0.999965 0.0320389
0.999885 0.0119396 -0.00938883 3.56375 -0.0119416 0.999929 -0.000162772 -0.0265778 0.00938622 0.000274872 0.999956 0.0383199
0.999861 0.0123164 -0.0112646 3.84317 -0.0122989 0.999923 0.00162366 -0.0134952 0.0112837 -0.00148489 0.999935 0.0139475
0.999868 0.0135648 -0.00898501 4.12141 -0.0135722 0.999908 -0.000770549 -0.0332391 0.00897373 0.000892394 0.999959 0.0143448
0.999865 0.0149161 -0.0068832 4.44043 -0.0149474 0.999878 -0.00452038 -0.0524435 0.00681494 0.00462265 0.999966 0.0272067
0.999853 0.0160583 -0.00600726 4.75666 -0.0161006 0.999845 -0.00705915 -0.0511455 0.00589297 0.00715483 0.999957 0.034492
0.999831 0.0175053 -0.00569118 5.0818 -0.0175544 0.999808 -0.00869454 -0.0555301 0.00553789 0.00879298 0.999946 0.047957
0.999796 0.0194974 -0.00520834 5.4149 -0.0195379 0.999778 -0.00784495 -0.0607363 0.00505423 0.00794512 0.999956 0.0514291
0.999755 0.0215765 -0.00497791 5.77694 -0.0216171 0.999732 -0.00825289 -0.064993 0.0047985 0.00835847 0.999954 0.0362516
0.999691 0.0242304 -0.00556375 6.1587 -0.0242753 0.999672 -0.0081594 -0.0813899 0.00536422 0.00829194 0.999951 0.039425
0.99963 0.0265457 -0.00597742 6.54347 -0.0265961 0.99961 -0.00851545 -0.0983634 0.00574904 0.00867127 0.999946 0.0488923
0.99956 0.0290176 -0.00615949 6.9419 -0.0290708 0.999539 -0.00874262 -0.103887 0.00590296 0.00891783 0.999943 0.0472512
0.999495 0.0313673 -0.00503472 7.34604 -0.0314114 0.999467 -0.00893359 -0.11744 0.00475181 0.00908722 0.999947 0.0561944
0.999403 0.0343056 -0.00403787 7.77766 -0.034341 0.999369 -0.00905754 -0.136313 0.0037246 0.0091908 0.999951 0.0577132
0.99932 0.0366367 -0.00420588 8.20866 -0.0366732 0.999287 -0.00896313 -0.151396 0.0038745 0.00911127 0.999951 0.0564222
0.999223 0.0392247 -0.00386725 8.63375 -0.0392595 0.999185 -0.00937897 -0.176406 0.00349621 0.00952351 0.999949 0.062223
0.999111 0.0421303 -0.00140498 9.08437 -0.0421422 0.999063 -0.00989703 -0.186814 0.000986701 0.00994744 0.99995 0.0730775
0.998992 0.0448926 -3.80979e-05 9.53061 -0.0448913 0.998956 -0.00851311 -0.212548 -0.000344117 0.00850624 0.999964 0.0641459
0.998858 0.047769 -0.00102268 10.0033 -0.0477761 0.99882 -0.00873536 -0.230839 0.000604195 0.00877424 0.999961 0.0618621
0.998726 0.0504367 -0.00158673 10.4496 -0.0504485 0.99869 -0.00853011 -0.248565 0.00115442 0.00859929 0.999962 0.0644774
0.998608 0.0527134 -0.00193712 10.9324 -0.052729 0.998567 -0.0091228 -0.28623 0.00145345 0.00921224 0.999957 0.0703363
0.998534 0.0540852 -0.00233915 11.4253 -0.0541059 0.998486 -0.00992103 -0.320442 0.00179903 0.010033 0.999948 0.069593
0.998508 0.0545292 -0.00282155 11.9206 -0.0545559 0.998456 -0.0104237 -0.352786 0.0022488 0.0105621 0.999942 0.0797659
0.998538 0.0539694 -0.00293329 12.4356 -0.0539994 0.998476 -0.0113487 -0.383106 0.00231634 0.0114905 0.999931 0.0816296
0.998615 0.0525425 -0.00268004 12.9622 -0.0525723 0.998537 -0.0126327 -0.404534 0.00201237 0.0127561 0.999917 0.0857788
0.998741 0.050125 -0.00171821 13.4895 -0.0501428 0.998662 -0.012636 -0.432615 0.00108253 0.0127063 0.999919 0.0844522
0.998874 0.0474316 -0.000184915 14.0304 -0.0474298 0.998785 -0.0134031 -0.462814 -0.000451039 0.0133967 0.99991 0.0858552
0.999036 0.0438477 0.0021889 14.5944 -0.0438117 0.998935 -0.0144532 -0.478581 -0.00282031 0.0143433 0.999893 0.0871139
0.999254 0.0385126 0.00298024 15.1745 -0.0384619 0.999139 -0.0155353 -0.495801 -0.00357598 0.0154091 0.999875 0.0849565
0.999456 0.0328377 0.00319483 15.7363 -0.0327771 0.99931 -0.0174765 -0.504765 -0.00376651 0.0173623 0.999842 0.0874727
0.999676 0.0253255 0.002614 16.3377 -0.025273 0.99951 -0.0184554 -0.515183 -0.00308011 0.0183833 0.999826 0.0907751
0.999866 0.0163605 -0.00048586 16.9274 -0.0163669 0.999668 -0.0199104 -0.520744 0.000159955 0.0199157 0.999802 0.0887776
0.999978 0.00536717 -0.00381176 17.5482 -0.00544293 0.999782 -0.0201524 -0.518518 0.00370277 0.0201727 0.99979 0.0995597
0.999968 -0.00625298 -0.0050277 18.1508 0.0061453 0.999757 -0.0211544 -0.505415 0.00515876 0.0211228 0.999764 0.090514
0.99979 -0.0196257 -0.0059802 18.7817 0.0194846 0.99955 -0.0228123 -0.499714 0.00642522 0.022691 0.999722 0.098235
0.999398 -0.0340487 -0.006675 19.4233 0.0338786 0.999135 -0.0241175 -0.465179 0.0074904 0.0238769 0.999687 0.109368
0.998772 -0.0491097 -0.0065195 20.0787 0.04894 0.998512 -0.0240428 -0.422008 0.00769054 0.0236942 0.99969 0.123814
0.997902 -0.0643699 -0.00692795 20.7343 0.0641874 0.997651 -0.0239457 -0.368695 0.00845305 0.0234507 0.999689 0.115108
0.996759 -0.0801263 -0.00716323 21.4125 0.0799322 0.996507 -0.0241977 -0.311971 0.00907708 0.0235467 0.999682 0.126174
0.995333 -0.0962463 -0.00692734 22.0894 0.0960511 0.995076 -0.0244725 -0.244478 0.00924862 0.023693 0.999677 0.130882
0.993625 -0.112565 -0.00628751 22.7764 0.112366 0.993324 -0.0260878 -0.153611 0.0091821 0.0252149 0.99964 0.138712
0.991511 -0.129891 -0.00587363 23.4811 0.129699 0.991218 -0.0257982 -0.056311 0.00917299 0.0248174 0.99965 0.16023
0.988957 -0.148087 -0.0058732 24.1687 0.147899 0.988688 -0.0249579 0.0616551 0.0095027 0.0238136 0.999671 0.166248
0.985928 -0.167022 -0.00697299 24.8732 0.166811 0.985691 -0.0242503 0.18939 0.0109236 0.0227459 0.999682 0.168825
0.982346 -0.186946 -0.00683678 25.5825 0.186721 0.982089 -0.0252473 0.32655 0.0114342 0.023525 0.999658 0.16998
0.978143 -0.207826 -0.00665413 26.2923 0.207581 0.977849 -0.0268577 0.484052 0.0120885 0.0248894 0.999617 0.18875
0.973422 -0.228927 -0.00641489 26.9999 0.228675 0.973117 -0.0273954 0.661596 0.012514 0.0252004 0.999604 0.215853
0.968176 -0.250198 -0.00601233 27.7 0.249957 0.967888 -0.0267326 0.85265 0.0125077 0.0243791 0.999625 0.228278
0.962082 -0.272711 -0.00521128 28.4162 0.272474 0.961771 -0.0274469 1.06586 0.0124971 0.0249862 0.99961 0.215788
0.955229 -0.295857 -0.0023595 29.1132 0.295662 0.954836 -0.0295178 1.29218 0.010986 0.0274986 0.999561 0.252918
0.94745 -0.319903 0.000137924 29.809 0.319777 0.947065 -0.0284589 1.54373 0.00897347 0.0270075 0.999595 0.271906
0.938945 -0.344067 0.000665003 30.4943 0.343947 0.938562 -0.02832 1.79394 0.00911981 0.0268196 0.999599 0.268493
0.929541 -0.368718 0.000818711 31.1721 0.368591 0.929159 -0.0283715 2.07883 0.00970037 0.0266742 0.999597 0.272836
0.919621 -0.392801 0.00195419 31.8432 0.392698 0.919238 -0.0280927 2.36961 0.0092385 0.0266021 0.999603 0.306303
0.909231 -0.416286 0.0020338 32.5054 0.416183 0.908874 -0.0272046 2.68387 0.00947644 0.0255817 0.999628 0.311116
0.8981 -0.439787 0.00214095 33.1567 0.43969 0.897776 -0.02588 3.02339 0.00945957 0.0241841 0.999663 0.330297
0.886281 -0.463131 0.00408747 33.8002 0.463074 0.885945 -0.0257762 3.36944 0.00831649 0.0247378 0.999659 0.32014
0.874044 -0.485787 0.00761593 34.4314 0.485819 0.87372 -0.0243358 3.72955 0.00516782 0.0249705 0.999675 0.370845
0.861206 -0.508131 0.0112277 35.0618 0.508253 0.860925 -0.0220791 4.11418 0.00155286 0.0247212 0.999693 0.354684
0.847918 -0.529991 0.0120516 35.6774 0.530127 0.847646 -0.0215111 4.50971 0.00118523 0.0246285 0.999696 0.355354
0.8339 -0.551816 0.0104891 36.274 0.551902 0.833595 -0.0228908 4.92064 0.00388784 0.0248776 0.999683 0.367557
0.819476 -0.573075 0.00669551 36.8608 0.573042 0.819131 -0.0254329 5.34691 0.00909046 0.0246785 0.999654 0.383434
0.80475 -0.593613 0.000971812 37.4314 0.593401 0.804417 -0.0280673 5.78252 0.0158794 0.0231638 0.999606 0.394995
0.789929 -0.613191 -0.00289715 38.0022 0.612855 0.789637 -0.0296871 6.23224 0.0204916 0.0216752 0.999555 0.423054
0.775732 -0.631048 -0.00441714 38.5564 0.630674 0.77548 -0.0296721 6.69718 0.0221499 0.0202318 0.99955 0.438284
0.762757 -0.646659 -0.00577523 39.1059 0.646315 0.762592 -0.0270396 7.18207 0.0218895 0.016892 0.999618 0.465973
0.751535 -0.659649 -0.00764815 39.6483 0.65935 0.751467 -0.023577 7.67989 0.0212999 0.0126761 0.999693 0.475687
0.742405 -0.669888 -0.00917249 40.1888 0.669647 0.742412 -0.0199386 8.18733 0.0201664 0.00866017 0.999759 0.481355
0.735179 -0.677808 -0.00934181 40.73 0.677577 0.735196 -0.0193865 8.69508 0.0200084 0.00792274 0.999768 0.497192
0.729658 -0.683719 -0.0113114 41.2661 0.683465 0.729714 -0.0198115 9.20953 0.0217996 0.00672471 0.99974 0.538898
0.725141 -0.688476 -0.0131141 41.8112 0.688215 0.72524 -0.0196764 9.73365 0.0230576 0.00524282 0.99972 0.554433
0.72105 -0.69275 -0.0135936 42.3489 0.692484 0.721162 -0.0198054 10.2626 0.0235234 0.00486734 0.999711 0.577129
0.717206 -0.696733 -0.0133584 42.8865 0.696475 0.717315 -0.0195276 10.7826 0.0231878 0.00470153 0.99972 0.593454
0.713903 -0.700137 -0.0122314 43.424 0.699877 0.713986 -0.0199306 11.3091 0.0226872 0.00566809 0.999727 0.60717
0.710637 -0.703489 -0.00986783 43.9615 0.70325 0.710671 -0.0196408 11.8453 0.0208299 0.00701793 0.999758 0.640212
0.707536 -0.706644 -0.00683355 44.4987 0.706422 0.707508 -0.0200112 12.3833 0.0189756 0.0093313 0.999776 0.66179
0.704426 -0.709758 -0.00524285 45.0317 0.709568 0.704378 -0.0191209 12.9233 0.0172642 0.00974909 0.999803 0.694055
0.701293 -0.712867 -0.00294135 45.5602 0.712706 0.701212 -0.0187677 13.4669 0.0154414 0.0110653 0.99982 0.700502
0.698285 -0.715815 -0.00273031 46.0825 0.715646 0.698194 -0.019361 14.0148 0.0157652 0.0115656 0.999809 0.710948
0.695243 -0.718773 -0.00142422 46.6188 0.718603 0.695119 -0.0204782 14.5569 0.0157092 0.0132139 0.999789 0.729372
0.692039 -0.72186 -0.000182522 47.1473 0.721711 0.691901 -0.0201718 15.114 0.0146875 0.0138279 0.999797 0.758106
0.689099 -0.724667 0.00102177 47.672 0.724541 0.688952 -0.0196427 15.6723 0.0135304 0.0142761 0.999807 0.768429
0.685858 -0.727735 0.000956033 48.1975 0.727608 0.685714 -0.019564 16.2458 0.0135819 0.0141138 0.999808 0.789712
0.682174 -0.731188 0.00193967 48.7261 0.731065 0.682006 -0.0202982 16.8098 0.013519 0.015265 0.999792 0.789642
0.677774 -0.735263 0.00327964 49.247 0.735155 0.677583 -0.0206673 17.3812 0.0129737 0.0164188 0.999781 0.816225
0.672604 -0.739996 0.00308785 49.7617 0.739877 0.672408 -0.0211952 17.9575 0.013608 0.0165406 0.999771 0.839536
0.666692 -0.745333 -0.000266887 50.2784 0.74513 0.666519 -0.0231024 18.5414 0.0173969 0.0152033 0.999733 0.846267
0.659813 -0.751418 -0.0042714 50.791 0.751103 0.659683 -0.0257608 19.1286 0.0221749 0.013789 0.999659 0.867171
0.652344 -0.757891 -0.00694925 51.3025 0.75751 0.652264 -0.0270102 19.7238 0.0250035 0.0123558 0.999611 0.896218
0.645002 -0.764152 -0.00671468 51.8072 0.763778 0.644922 -0.0268242 20.3316 0.0248282 0.0121731 0.999618 0.916529
0.63717 -0.770707 -0.00495701 52.3048 0.770373 0.637061 -0.0260442 20.9507 0.0232304 0.0127758 0.999649 0.940864
0.628913 -0.777466 -0.00387106 52.8038 0.777131 0.628775 -0.0266382 21.5701 0.0231444 0.0137448 0.999638 0.964134
0.620474 -0.784223 -0.00251363 53.2963 0.783881 0.620293 -0.0277181 22.194 0.0232963 0.015228 0.999613 0.982145
0.611784 -0.791023 -0.001541 53.7825 0.790685 0.611578 -0.0281151 22.8318 0.0231821 0.0159819 0.999604 1.00561
0.603431 -0.797415 -0.000101108 54.2672 0.797079 0.603181 -0.028956 23.4721 0.023151 0.0173924 0.999581 1.02915
0.594851 -0.803835 0.00104543 54.7451 0.803522 0.594582 -0.0287128 24.1143 0.0224587 0.0179198 0.999587 1.0602
0.586142 -0.810201 0.00342758 55.2208 0.809915 0.585811 -0.0293791 24.7791 0.0217951 0.0199964 0.999562 1.08012
0.577059 -0.816687 0.00507927 55.6901 0.816441 0.576705 -0.0288883 25.4514 0.0206634 0.0208171 0.99957 1.10344
0.568109 -0.822927 0.00659578 56.145 0.822706 0.567723 -0.0290646 26.1132 0.0201735 0.0219382 0.999556 1.12408
0.559151 -0.829035 0.00717251 56.5997 0.828823 0.558757 -0.0290185 26.7907 0.0200496 0.0221704 0.999553 1.15404
0.549978 -0.835138 0.00832786 57.0483 0.834948 0.549564 -0.0290075 27.4827 0.0196486 0.0229068 0.999545 1.17737
0.541134 -0.840879 0.00982221 57.4882 0.840712 0.540682 -0.0294333 28.1732 0.0194391 0.024185 0.999518 1.19175
0.532379 -0.84644 0.0105378 57.9207 0.846272 0.531898 -0.0301326 28.8554 0.0199004 0.0249599 0.99949 1.22194
0.524324 -0.851454 0.0105364 58.3406 0.85127 0.523832 -0.0306352 29.5594 0.0205651 0.0250321 0.999475 1.24068
0.517205 -0.855794 0.010707 58.7688 0.855621 0.516723 -0.0301649 30.2694 0.0202824 0.0247626 0.999488 1.26207
0.511079 -0.859458 0.0114225 59.1908 0.859297 0.510581 -0.0302624 30.978 0.0201772 0.0252818 0.999477 1.2877
0.506355 -0.862246 0.0117353 59.6103 0.862078 0.505836 -0.0308414 31.6873 0.0206567 0.0257334 0.999455 1.30879
0.502844 -0.864299 0.0116342 60.0251 0.864119 0.502319 -0.031206 32.3963 0.0211273 0.0257451 0.999445 1.33721
0.500151 -0.865868 0.0110104 60.4341 0.865678 0.499649 -0.0308503 33.1144 0.0212109 0.0249613 0.999463 1.34972
0.498067 -0.867057 0.0119293 60.8529 0.8669 0.49756 -0.0302994 33.8439 0.0203358 0.0254326 0.99947 1.36706
0.495927 -0.868237 0.014856 61.2644 0.868158 0.495363 -0.0302934 34.559 0.0189427 0.0279206 0.999431 1.39645
0.493724 -0.869453 0.0169714 61.6668 0.869443 0.493138 -0.0297324 35.2865 0.0174816 0.0294353 0.999414 1.4312
0.492052 -0.870408 0.016567 62.0695 0.870406 0.491509 -0.0285023 35.996 0.0166658 0.0284447 0.999456 1.44977
0.490156 -0.871499 0.0154172 62.4758 0.871465 0.489633 -0.0284378 36.7321 0.0172347 0.0273745 0.999477 1.45585
0.48888 -0.872242 0.0138036 62.8779 0.872156 0.488375 -0.0288815 37.4511 0.0184503 0.0261584 0.999488 1.48993
0.487627 -0.872955 0.013033 63.2785 0.872841 0.487126 -0.0292712 38.1847 0.0192037 0.0256491 0.999487 1.50285
0.486102 -0.873827 0.0114579 63.6849 0.873697 0.485662 -0.0280196 38.9068 0.0189196 0.0236311 0.999542 1.53249
0.48476 -0.874561 0.0122413 64.0853 0.874479 0.484346 -0.0263584 39.6463 0.017123 0.0234823 0.999578 1.54733
0.483945 -0.87497 0.0150062 64.4986 0.874976 0.483518 -0.0250526 40.3823 0.0146645 0.0252542 0.999573 1.56179
0.48267 -0.875635 0.0170864 64.8998 0.875702 0.482228 -0.0245547 41.1172 0.0132614 0.0268144 0.999552 1.58688
0.481571 -0.876215 0.0183326 65.3 0.876316 0.481115 -0.0244466 41.8502 0.0126004 0.0278379 0.999533 1.60391
0.480316 -0.876919 0.0176036 65.6927 0.877003 0.479876 -0.024185 42.5838 0.0127607 0.0270548 0.999552 1.623
0.478166 -0.878104 0.0170525 66.0993 0.878175 0.477741 -0.0239104 43.3285 0.0128492 0.0264082 0.999569 1.63706
0.475765 -0.879391 0.0178345 66.4948 0.879493 0.475354 -0.0230248 44.0668 0.0117701 0.0266398 0.999576 1.65193
0.473345 -0.880677 0.0187856 66.8868 0.880805 0.472925 -0.0229094 44.7915 0.0112916 0.0273905 0.999561 1.67007
0.471147 -0.88186 0.0185297 67.273 0.881973 0.470715 -0.0234597 45.5336 0.011966 0.0273956 0.999553 1.69351
0.46884 -0.883099 0.0180068 67.6601 0.883185 0.468387 -0.0244694 46.2655 0.0131748 0.0273756 0.999538 1.70822
0.466383 -0.884426 0.0166405 68.0471 0.88447 0.46594 -0.024756 47.0003 0.0141414 0.0262638 0.999555 1.7238
0.463991 -0.885681 0.0168024 68.4311 0.885738 0.463566 -0.0239553 47.7355 0.0134277 0.0259976 0.999572 1.74109
0.461683 -0.886861 0.018069 68.8062 0.886966 0.461274 -0.0227408 48.4734 0.0118332 0.0265256 0.999578 1.76188
0.458948 -0.888243 0.0197609 69.1875 0.888397 0.458529 -0.0223989 49.2119 0.0108347 0.0278354 0.999554 1.77732
0.456134 -0.889689 0.019874 69.5662 0.889839 0.4557 -0.0228728 49.9531 0.0112931 0.0281178 0.999541 1.80157
0.453174 -0.891212 0.0193344 69.9364 0.891338 0.452726 -0.023576 50.6905 0.012258 0.0279175 0.999535 1.80951
0.450032 -0.892802 0.0193701 70.3169 0.892919 0.449566 -0.0241953 51.4378 0.0128935 0.0281846 0.99952 1.82131
0.446908 -0.894375 0.019164 70.6942 0.894491 0.446459 -0.0236557 52.1966 0.0126011 0.027714 0.999536 1.84108
0.444043 -0.8958 0.0191708 71.0696 0.895932 0.443631 -0.0223041 52.9498 0.0114753 0.0270797 0.999567 1.85575
0.440811 -0.897375 0.0200794 71.4341 0.897551 0.440444 -0.0202508 53.7145 0.00932869 0.026949 0.999593 1.87409
0.437637 -0.898902 0.0212065 71.7988 0.899117 0.437289 -0.0191532 54.4718 0.00794346 0.0274492 0.999592 1.88717
0.434439 -0.900465 0.0206334 72.1607 0.900666 0.434103 -0.0188833 55.2448 0.00804675 0.0267874 0.999609 1.89959
0.431888 -0.901752 0.0177902 72.5342 0.901876 0.431568 -0.0192081 56.0143 0.00964323 0.0243403 0.999657 1.91415
0.43004 -0.902669 0.0159668 72.8973 0.902736 0.429711 -0.0204138 56.7898 0.0115658 0.0231925 0.999664 1.92287
0.428646 -0.903368 0.0137227 73.2563 0.903385 0.428343 -0.0204546 57.5631 0.0126 0.0211647 0.999697 1.94301
0.427648 -0.90387 0.0116825 73.6243 0.903842 0.427368 -0.0206456 58.3497 0.0136682 0.0193882 0.999719 1.95527
0.426812 -0.904275 0.0108322 73.9946 0.904225 0.426536 -0.0210773 59.1314 0.0144393 0.0187908 0.999719 1.97251
0.425872 -0.904719 0.0107881 74.3603 0.90466 0.425587 -0.0215935 59.9193 0.0149448 0.0189556 0.999709 2.00431
0.425136 -0.905059 0.0113108 74.7223 0.905002 0.424834 -0.0220871 60.7067 0.0151849 0.0196263 0.999692 2.01318
0.42461 -0.905312 0.0108169 75.0853 0.905251 0.424322 -0.0217197 61.504 0.0150732 0.0190144 0.999706 2.03071
0.424565 -0.905342 0.00999976 75.4588 0.90527 0.424293 -0.0215008 62.3026 0.0152228 0.018181 0.999719 2.05324
0.424813 -0.905232 0.00938557 75.831 0.905157 0.424561 -0.0209607 63.1004 0.0149896 0.0173998 0.999736 2.07116
0.425261 -0.905026 0.00901984 76.2075 0.904955 0.425026 -0.0202107 63.898 0.0144575 0.0167574 0.999755 2.07999
0.425957 -0.904694 0.00942663 76.5853 0.904643 0.425731 -0.0193253 64.7034 0.0134703 0.0167595 0.999769 2.10978
0.427096 -0.904139 0.0110131 76.9685 0.904125 0.426863 -0.0185912 65.5218 0.012108 0.0178974 0.999767 2.12638
0.428398 -0.903505 0.0123979 77.3408 0.903523 0.428159 -0.0180739 66.3188 0.0110216 0.0189446 0.99976 2.14056
0.429923 -0.902794 0.0113807 77.7233 0.90279 0.429691 -0.018332 67.1219 0.0116598 0.0181557 0.999767 2.15663
0.431347 -0.902126 0.0103548 78.1056 0.902092 0.431109 -0.0193749 67.9237 0.0130145 0.0176983 0.999759 2.17069
0.432635 -0.901519 0.009486 78.4864 0.901471 0.432409 -0.0192784 68.7287 0.0132781 0.0168919 0.999769 2.18804
0.434081 -0.900824 0.00944953 78.8715 0.900796 0.433881 -0.0177137 69.5413 0.011857 0.0162013 0.999798 2.20718
0.435668 -0.90005 0.0101282 79.263 0.90004 0.435471 -0.0170876 70.3627 0.0109692 0.0165603 0.999803 2.22611
0.437075 -0.899371 0.00987696 79.6518 0.899356 0.43688 -0.0171365 71.1614 0.011097 0.0163729 0.999804 2.24792
0.438144 -0.898867 0.00819291 80.0328 0.898829 0.437971 -0.0169426 71.9531 0.0116409 0.0147873 0.999823 2.26893
0.439129 -0.898399 0.00672935 80.4249 0.898349 0.438983 -0.0161777 72.7649 0.01158 0.0131494 0.999846 2.27933
0.439838 -0.898047 0.00738375 80.8112 0.898001 0.439678 -0.0166601 73.5623 0.011715 0.0139583 0.999834 2.29078
0.440558 -0.897688 0.00806063 81.2042 0.897636 0.440372 -0.0179316 74.3665 0.0125473 0.0151354 0.999807 2.31567
0.441194 -0.897385 0.0069668 81.5997 0.897312 0.441016 -0.0183405 75.1659 0.013386 0.0143431 0.999808 2.33338
0.441609 -0.89717 0.00815982 81.9905 0.897103 0.441401 -0.0192768 75.9613 0.0136929 0.015833 0.999781 2.34077
0.441786 -0.897074 0.00906958 82.3835 0.897017 0.441559 -0.0196644 76.7566 0.0136357 0.016823 0.999765 2.3758
0.441939 -0.896991 0.00989753 82.7731 0.896962 0.441721 -0.0184721 77.55 0.0121973 0.0170412 0.99978 2.39358
0.441598 -0.897147 0.010883 83.1645 0.897152 0.441394 -0.0170179 78.3548 0.0104639 0.0172787 0.999796 2.40636
0.441214 -0.897316 0.0124307 83.552 0.897352 0.441002 -0.0166087 79.1495 0.00942129 0.0184827 0.999785 2.42517
0.440913 -0.897475 0.0116129 83.9337 0.897483 0.440686 -0.0178692 79.9382 0.0109195 0.0183012 0.999773 2.43896
0.440476 -0.897726 0.00830611 84.3255 0.897662 0.440267 -0.01921 80.735 0.0135884 0.0159176 0.999781 2.47048
0.440001 -0.897971 0.00682788 84.7051 0.897885 0.439813 -0.0191333 81.5198 0.0141782 0.0145493 0.999794 2.4872
0.438964 -0.898484 0.00608794 85.0858 0.89842 0.438819 -0.01674 82.3089 0.0123691 0.0128178 0.999841 2.49523
0.438089 -0.898896 0.0079956 85.4754 0.898863 0.437927 -0.0162985 83.1111 0.0111492 0.0143271 0.999835 2.52127
0.436921 -0.899458 0.00868814 85.8447 0.899423 0.436736 -0.0173219 83.901 0.0117859 0.0153826 0.999812 2.53293
0.436256 -0.89979 0.00769363 86.2368 0.899719 0.43606 -0.0189207 84.6935 0.0136697 0.0151764 0.999791 2.56241
0.435173 -0.900313 0.00780006 86.6189 0.900245 0.434977 -0.0188134 85.4867 0.0135451 0.015209 0.999793 2.57346
0.434395 -0.900687 0.00799609 86.9988 0.900637 0.434213 -0.0176773 86.2759 0.0124497 0.0148805 0.999812 2.58826
0.433363 -0.901172 0.00924126 87.3688 0.901146 0.433175 -0.0171662 87.0655 0.0114666 0.0157669 0.99981 2.62166
0.432776 -0.901442 0.0103991 87.7413 0.90145 0.432599 -0.0156563 87.8552 0.00961459 0.0161499 0.999823 2.63248
0.43248 -0.901591 0.00974854 88.113 0.901608 0.432343 -0.0134722 88.6384 0.00793169 0.0146158 0.999862 2.65983
0.432138 -0.901757 0.00950815 88.4916 0.901789 0.432039 -0.0108834 89.4326 0.00570631 0.0132775 0.999896 2.65701
0.431942 -0.901853 0.0092789 88.8636 0.901887 0.431855 -0.0100251 90.2225 0.00503407 0.0126988 0.999907 2.6682
0.431851 -0.901906 0.00839373 89.2323 0.901925 0.431762 -0.0105889 91.0173 0.00592605 0.0121433 0.999909 2.68332
0.432171 -0.901765 0.00691649 89.6039 0.901757 0.432074 -0.0121016 91.7883 0.00792439 0.011467 0.999903 2.68604
0.432614 -0.901568 0.00454882 89.9688 0.901507 0.43251 -0.0148411 92.5564 0.0114129 0.0105213 0.99988 2.71692
0.433212 -0.901285 0.00350383 90.344 0.901203 0.433111 -0.0157673 93.3467 0.0126933 0.00998824 0.99987 2.73029
0.434278 -0.900767 0.00456532 90.7156 0.900684 0.434153 -0.0167291 94.1229 0.013087 0.011377 0.99985 2.75294
0.435213 -0.900312 0.00534326 91.0957 0.900242 0.435082 -0.0163717 94.9025 0.0124149 0.0119354 0.999852 2.77516
0.43583 -0.900006 0.00640867 91.4726 0.899955 0.435693 -0.015885 95.6881 0.0115044 0.0126907 0.999853 2.78971
0.4369 -0.899479 0.00739248 91.8422 0.899457 0.436771 -0.0143915 96.4544 0.00971603 0.0129369 0.999869 2.81235
0.437797 -0.89903 0.00882434 92.2198 0.899044 0.437681 -0.0124922 97.2353 0.00736864 0.0134025 0.999883 2.81413
0.438573 -0.898638 0.0101257 92.6016 0.898674 0.438457 -0.0118303 98.0108 0.00619144 0.0142881 0.999879 2.82654
0.439255 -0.8983 0.0105671 92.9739 0.898342 0.439134 -0.0119597 98.7815 0.00610302 0.0147462 0.999873 2.84678
0.439761 -0.898066 0.00935626 93.3442 0.898091 0.43965 -0.0118358 99.5541 0.00651586 0.0136077 0.999886 2.85413
0.439825 -0.898038 0.00901245 93.7129 0.898059 0.439716 -0.011859 100.314 0.00668697 0.0133096 0.999889 2.87003
0.439991 -0.897954 0.00936613 94.0821 0.897975 0.439872 -0.0123712 101.085 0.00698885 0.0138538 0.99988 2.89305
0.440133 -0.897875 0.0101856 94.4542 0.897907 0.440006 -0.0125811 101.855 0.0068145 0.014683 0.999869 2.89796
0.440468 -0.897709 0.0103307 94.83 0.897739 0.440331 -0.0131619 102.614 0.00726663 0.0150717 0.99986 2.90782
0.440652 -0.897627 0.00958337 95.204 0.897642 0.440515 -0.0135846 103.375 0.00797227 0.0145885 0.999862 2.91836
0.440684 -0.897609 0.00978895 95.5772 0.897624 0.440539 -0.0140019 104.143 0.00825579 0.0149572 0.999854 2.93105
0.440737 -0.897589 0.00917608 95.9518 0.89759 0.440588 -0.0146251 104.908 0.00908445 0.0146822 0.999851 2.9619
0.441059 -0.897436 0.00871811 96.3168 0.897429 0.440911 -0.014803 105.662 0.00944084 0.0143529 0.999852 2.97235
0.441117 -0.897412 0.00826295 96.6915 0.897411 0.440993 -0.01335 106.423 0.0083365 0.0133041 0.999877 2.9929
0.441106 -0.89742 0.00794761 97.0553 0.897434 0.441016 -0.0108389 107.182 0.00622203 0.0119136 0.99991 3.00142
0.441259 -0.897337 0.0087184 97.4266 0.897369 0.441187 -0.00906449 107.953 0.00428746 0.0118234 0.999921 3.00076
0.441367 -0.897273 0.00983993 97.7897 0.89732 0.441292 -0.0088713 108.706 0.00361769 0.0127451 0.999912 3.01651
0.441749 -0.897097 0.00866696 98.1666 0.897121 0.441658 -0.0105711 109.469 0.00565549 0.0124451 0.999907 3.03525
0.442018 -0.896986 0.00604818 98.5383 0.896965 0.441923 -0.0125735 110.222 0.00860539 0.0109827 0.999903 3.04513
0.44182 -0.897103 0.000492551 98.8994 0.897028 0.441776 -0.0132521 110.972 0.0116709 0.00629687 0.999912 3.06989
0.441789 -0.897119 -0.000688009 99.2737 0.89704 0.44176 -0.0129501 111.72 0.0119217 0.00510403 0.999916 3.06548
0.441824 -0.897101 0.00112896 99.6327 0.897037 0.441776 -0.0125813 112.468 0.0107879 0.00657144 0.99992 3.10601
0.442098 -0.896965 0.00189517 99.9889 0.896926 0.442056 -0.0105396 113.218 0.00861592 0.00635938 0.999943 3.11037
0.442491 -0.896771 0.00153885 100.355 0.896738 0.442458 -0.00959246 113.964 0.00792136 0.00562453 0.999953 3.10379
0.44241 -0.896812 0.000941276 100.728 0.896765 0.442376 -0.0108148 114.715 0.00928247 0.0056287 0.999941 3.13514
0.44236 -0.896837 0.00130273 101.093 0.896791 0.442322 -0.0108492 115.456 0.00915372 0.00596752 0.99994 3.15258
0.442286 -0.896871 0.00244897 101.46 0.89684 0.442243 -0.00992553 116.204 0.00781888 0.00658625 0.999948 3.1648
0.442319 -0.89685 0.00364935 101.831 0.896837 0.442277 -0.00861246 116.948 0.00611006 0.00708232 0.999956 3.16535
0.442186 -0.896909 0.00504833 102.19 0.896905 0.442133 -0.0089604 117.693 0.00580463 0.00849003 0.999947 3.17645
0.442075 -0.896963 0.00530938 102.557 0.896958 0.442017 -0.00939349 118.435 0.00607877 0.00891491 0.999942 3.2074
0.441912 -0.897039 0.00587059 102.928 0.897043 0.441857 -0.00871227 119.183 0.00522129 0.00911623 0.999945 3.21644
0.44158 -0.897196 0.00681097 103.281 0.897215 0.441534 -0.00728301 119.925 0.00352701 0.00932694 0.99995 3.23358
0.441258 -0.897343 0.00818211 103.652 0.897377 0.441212 -0.00677717 120.667 0.0024714 0.0103329 0.999944 3.23387
0.440824 -0.897564 0.00726035 104.014 0.897587 0.440775 -0.00739432 121.418 0.00343669 0.00977639 0.999946 3.24821
0.440561 -0.897705 0.00570534 104.368 0.897711 0.440513 -0.00792143 122.149 0.00459783 0.00861161 0.999952 3.24786
0.440622 -0.89768 0.00481139 104.732 0.897678 0.440578 -0.00803582 122.878 0.0050938 0.00785984 0.999956 3.25577
0.440162 -0.8979 0.00578297 105.09 0.897901 0.440105 -0.00898484 123.626 0.00552236 0.00914732 0.999943 3.26647
0.439726 -0.898108 0.00660436 105.446 0.898109 0.43965 -0.0104503 124.358 0.0064819 0.0105267 0.999924 3.29161
0.439407 -0.898258 0.00737171 105.802 0.89826 0.439313 -0.0115544 125.094 0.00714034 0.0116988 0.999906 3.30192
0.439031 -0.898444 0.00715272 106.163 0.898437 0.438929 -0.0123781 125.829 0.00798151 0.0118606 0.999898 3.31579
0.438443 -0.898722 0.00812016 106.522 0.898718 0.438319 -0.0134875 126.569 0.00856234 0.0132113 0.999876 3.33241
0.437939 -0.898954 0.00949388 106.875 0.89897 0.437805 -0.0133961 127.299 0.00788598 0.0144014 0.999865 3.34658
0.437511 -0.899152 0.0104568 107.234 0.899185 0.437375 -0.0130382 128.037 0.00714981 0.0151069 0.99986 3.36034
0.436871 -0.899457 0.0109537 107.587 0.8995 0.436738 -0.0126187 128.779 0.00656609 0.0153656 0.99986 3.36567
0.436228 -0.899769 0.0110152 107.93 0.899809 0.436086 -0.013145 129.502 0.00702388 0.0156458 0.999853 3.38053
0.435704 -0.900026 0.0107642 108.278 0.900055 0.435552 -0.0139576 130.234 0.00787382 0.0157698 0.999845 3.39415
0.435196 -0.900294 0.00866493 108.632 0.900293 0.435061 -0.0139546 130.966 0.0087935 0.013874 0.999865 3.42673
0.434623 -0.90057 0.00872136 108.987 0.900567 0.434485 -0.0142042 131.696 0.00900254 0.0140276 0.999861 3.42972
0.434083 -0.900817 0.0100102 109.332 0.900832 0.433931 -0.0143413 132.423 0.00857511 0.0152428 0.999847 3.44127
0.433649 -0.901017 0.0107833 109.677 0.901042 0.433486 -0.014607 133.145 0.0084867 0.0160505 0.999835 3.45759
0.433117 -0.901278 0.0103628 110.03 0.901301 0.432966 -0.0140398 133.875 0.00816706 0.0154209 0.999848 3.47785
0.432495 -0.901572 0.0107905 110.378 0.90161 0.432359 -0.0128921 134.605 0.00695779 0.0153046 0.999859 3.48094
0.43188 -0.901853 0.0118387 110.722 0.901914 0.431754 -0.0118137 135.337 0.00554279 0.0157796 0.99986 3.49643
0.431328 -0.902104 0.0128658 111.068 0.902186 0.431215 -0.0106608 136.049 0.00406925 0.0162057 0.99986 3.50509
0.430836 -0.902325 0.0137744 111.409 0.902425 0.43073 -0.0100162 136.77 0.00310482 0.0167456 0.999855 3.51342
0.430349 -0.902546 0.0145277 111.74 0.902658 0.430243 -0.00993551 137.481 0.00271682 0.0173893 0.999845 3.53414
0.430127 -0.902645 0.0149359 112.072 0.902766 0.430024 -0.00967811 138.175 0.0023131 0.0176464 0.999842 3.54111
0.429512 -0.902937 0.0149615 112.396 0.903058 0.429405 -0.00989062 138.862 0.00250605 0.0177593 0.999839 3.54821
0.429039 -0.903164 0.0148215 112.714 0.903281 0.428923 -0.0104606 139.529 0.00309041 0.017876 0.999835 3.56682
0.428619 -0.903352 0.015512 113.029 0.903482 0.428508 -0.0100657 140.189 0.00244582 0.0183291 0.999829 3.57915
0.428311 -0.903466 0.0172886 113.339 0.903631 0.428225 -0.00859279 140.851 0.000359901 0.0193029 0.999814 3.58677
0.428241 -0.903463 0.0191023 113.647 0.903664 0.428172 -0.00775884 141.502 -0.00116924 0.0205847 0.999787 3.59505
0.427941 -0.903574 0.0205192 113.949 0.903805 0.427875 -0.00773996 142.155 -0.00178604 0.0218576 0.999759 3.59795
0.427877 -0.903598 0.0207979 114.251 0.903836 0.427796 -0.00842494 142.784 -0.00128449 0.0224027 0.999748 3.60942
0.427797 -0.903655 0.0199314 114.554 0.903874 0.427709 -0.00872628 143.415 -0.000639275 0.0217485 0.999763 3.62119
0.427913 -0.903612 0.0194041 114.857 0.90382 0.427809 -0.00942562 144.061 0.000215834 0.0215712 0.999767 3.62298
0.427381 -0.903862 0.0194827 115.144 0.90407 0.427248 -0.0107457 144.702 0.00138867 0.0222062 0.999752 3.63214
0.427266 -0.903926 0.0190063 115.442 0.904124 0.427124 -0.0111829 145.309 0.00199045 0.0219621 0.999757 3.65076
0.427127 -0.90398 0.019576 115.732 0.90419 0.426992 -0.0108388 145.935 0.00143922 0.02233 0.99975 3.65342
0.426902 -0.904083 0.0197047 116.026 0.904298 0.426792 -0.00970739 146.564 0.000366482 0.021963 0.999759 3.65953
0.426636 -0.904211 0.0196042 116.305 0.904423 0.426544 -0.00887116 147.171 -0.000340681 0.0215153 0.999768 3.66444
0.426219 -0.904403 0.0198322 116.592 0.90462 0.426106 -0.00978938 147.775 0.000402928 0.022113 0.999755 3.66833
0.425604 -0.90471 0.018971 116.875 0.904907 0.425463 -0.0111725 148.381 0.00203642 0.021922 0.999758 3.68055
0.425479 -0.904794 0.0177531 117.158 0.904962 0.425319 -0.012165 148.965 0.00345608 0.0212419 0.999768 3.69225
0.425011 -0.905027 0.0170842 117.432 0.905179 0.424843 -0.0126584 149.569 0.00419811 0.0208442 0.999774 3.70419
0.424711 -0.905157 0.0176231 117.703 0.90532 0.424537 -0.0128508 150.159 0.00415032 0.0214124 0.999762 3.71525
0.424468 -0.905247 0.0188557 117.974 0.905438 0.424301 -0.0123007 150.731 0.00313473 0.0222939 0.999747 3.71386
0.42389 -0.905501 0.0196116 118.244 0.90571 0.423731 -0.0118768 151.317 0.00244441 0.0227969 0.999737 3.72722
0.4235 -0.905699 0.0189082 118.51 0.905891 0.423334 -0.0122529 151.878 0.00309299 0.0223178 0.999746 3.74258
0.42312 -0.905888 0.0183367 118.773 0.906063 0.42293 -0.0134117 152.448 0.00439436 0.022289 0.999742 3.74362
0.422803 -0.906063 0.0169555 119.033 0.906203 0.422598 -0.0143946 153.009 0.00587709 0.0214512 0.999753 3.75867
0.422515 -0.906223 0.0154935 119.292 0.906332 0.422318 -0.0145072 153.571 0.00660356 0.0201717 0.999775 3.77418
0.422213 -0.906366 0.0153529 119.543 0.90648 0.422043 -0.013159 154.118 0.0054473 0.0194731 0.999796 3.7764
0.421704 -0.90659 0.0160982 119.798 0.906724 0.421555 -0.0119387 154.665 0.00403718 0.0196312 0.999799 3.7902
0.421419 -0.906717 0.0164738 120.041 0.906861 0.421283 -0.0111377 155.193 0.00315865 0.019633 0.999802 3.80155
0.421451 -0.906719 0.0154712 120.284 0.906847 0.421335 -0.0103189 155.744 0.00283784 0.0183789 0.999827 3.80748
0.421547 -0.906695 0.0142385 120.531 0.906801 0.421435 -0.0102586 156.277 0.00330081 0.0172359 0.999846 3.81883
0.421531 -0.906707 0.0139453 120.777 0.906806 0.421411 -0.0107949 156.799 0.00391112 0.017196 0.999844 3.82795
0.421296 -0.90682 0.0136594 121.017 0.906914 0.421177 -0.010843 157.317 0.00407966 0.016956 0.999848 3.83222
0.421301 -0.906814 0.0139175 121.245 0.906913 0.421183 -0.0106946 157.826 0.00383622 0.0171276 0.999846 3.8347
0.42152 -0.906718 0.0135269 121.487 0.906812 0.421408 -0.0104034 158.341 0.00373259 0.0166516 0.999854 3.85329
0.421247 -0.906849 0.0132551 121.721 0.906937 0.421133 -0.0106374 158.841 0.00406434 0.0165025 0.999856 3.85837
0.420874 -0.907025 0.013021 121.947 0.907111 0.420766 -0.0102988 159.342 0.00386252 0.016146 0.999862 3.86588
0.420867 -0.90704 0.0122587 122.177 0.907114 0.420768 -0.00992579 159.845 0.00384504 0.0152974 0.999876 3.88358
0.42085 -0.907047 0.0122648 122.396 0.907121 0.420744 -0.0103282 160.322 0.00420782 0.0154723 0.999871 3.89036
0.4204 -0.907259 0.0120372 122.62 0.907328 0.420293 -0.0104459 160.808 0.00441799 0.0153131 0.999873 3.89767
0.420275 -0.907314 0.0122453 122.849 0.907388 0.420173 -0.0101069 161.287 0.004025 0.015359 0.999874 3.90465
0.420248 -0.907322 0.0126129 123.06 0.907402 0.420148 -0.00985563 161.763 0.00364292 0.0155868 0.999872 3.90295
0.419957 -0.907463 0.0121426 123.277 0.907537 0.419862 -0.00961953 162.225 0.00363114 0.0150597 0.99988 3.9157
0.419494 -0.907681 0.0118537 123.489 0.907749 0.419396 -0.00987965 162.692 0.00399619 0.0149046 0.999881 3.9244
0.419151 -0.907848 0.0111776 123.695 0.907908 0.419061 -0.00958784 163.148 0.00402023 0.0141669 0.999892 3.93534
0.418884 -0.907976 0.0107119 123.899 0.908032 0.418804 -0.0089791 163.603 0.00366663 0.0134879 0.999902 3.9403
0.418362 -0.908222 0.010322 124.106 0.908273 0.418286 -0.00875591 164.045 0.00363478 0.0130383 0.999908 3.94998
0.417434 -0.908654 0.00984977 124.303 0.9087 0.417365 -0.00837633 164.494 0.00350024 0.0124471 0.999916 3.96151
0.416895 -0.9089 0.00993558 124.5 0.908949 0.416829 -0.0080498 164.924 0.00317502 0.0123869 0.999918 3.96053
0.41636 -0.909146 0.00984154 124.692 0.909192 0.416289 -0.00856089 165.343 0.00368618 0.0125123 0.999915 3.97631
0.415906 -0.909357 0.00956173 124.879 0.909395 0.415824 -0.00954526 165.755 0.00470405 0.0126653 0.999909 3.98201
0.415243 -0.909668 0.00877158 125.061 0.909696 0.415162 -0.00969954 166.161 0.00518174 0.0120071 0.999914 3.98529
0.414798 -0.909882 0.0076036 125.242 0.909897 0.414726 -0.00948394 166.564 0.00547585 0.0108524 0.999926 3.99525
0.414315 -0.910107 0.00699555 125.413 0.910117 0.414249 -0.00916946 166.955 0.00544729 0.0101658 0.999933 4
0.413848 -0.910307 0.00837722 125.581 0.910334 0.413778 -0.00889779 167.334 0.00463342 0.0113084 0.999925 4.00069
0.4132 -0.910598 0.00882475 125.749 0.910635 0.413145 -0.00744592 167.702 0.00313434 0.0111128 0.999933 4.00563
0.412371 -0.910965 0.0096175 125.911 0.911012 0.412316 -0.00722164 168.066 0.00261321 0.0117397 0.999928 4.01957
0.411914 -0.911167 0.0100509 126.065 0.91122 0.411863 -0.00679052 168.424 0.0020477 0.0119557 0.999926 4.02304
