1 0 0 0 0 1 0 0 0 0 1 0
1 5.53442e-05 1.22622e-05 0.00788908 -5.53443e-05 1 7.78275e-06 0.00129771 -1.22618e-05 -7.78343e-06 1 -0.000939215
1 0.000114444 -7.76273e-05 0.0153257 -0.000114438 1 6.829e-05 0.000553433 7.76351e-05 -6.82811e-05 1 -0.000442267
1 0.000208147 -3.69377e-06 0.0258996 -0.000208147 1 -5.38259e-05 -0.00167971 3.68256e-06 5.38266e-05 1 -0.00512606
1 0.000274245 2.99463e-05 0.039457 -0.000274243 1 -8.04266e-05 0.00103777 -2.99684e-05 8.04184e-05 1 -0.00230041
1 0.000253168 -0.000103576 0.0568475 -0.000253161 1 6.38332e-05 0.00511871 0.000103592 -6.3807e-05 1 -0.00467676
1 0.000359641 3.25266e-05 0.0756632 -0.000359637 1 -0.000110232 0.00409947 -3.25662e-05 0.00011022 1 -0.00318994
1 0.000557272 -0.000114986 0.115515 -0.000557265 1 5.73537e-05 0.00611718 0.000115018 -5.72897e-05 1 -0.0085811
0.999999 0.00102591 -0.000470274 0.183516 -0.0010257 0.999999 0.000441516 -0.00654633 0.000470727 -0.000441033 1 -0.00880086
0.999999 0.00138601 -0.000734245 0.251106 -0.00138562 0.999999 0.000535947 -0.0102898 0.000734987 -0.000534929 1 -0.00699991
0.999998 0.00176909 -0.000813783 0.309611 -0.00176849 0.999998 0.000732564 -0.00891367 0.000815077 -0.000731123 0.999999 -0.00858008
0.999998 0.0019281 -0.00101117 0.384877 -0.0019273 0.999998 0.000790055 -0.00515419 0.00101269 -0.000788105 0.999999 -0.00795482
0.999997 0.00240113 -0.000927442 0.461584 -0.00240039 0.999997 0.000802492 -0.00347226 0.000929366 -0.000800263 0.999999 -0.008708
0.999996 0.00279234 -0.000845305 0.545412 -0.00279187 0.999996 0.000558144 -0.00663731 0.00084686 -0.000555782 0.999999 -0.00510429
0.999993 0.00363215 -0.000745419 0.663852 -0.00363187 0.999993 0.000383777 -0.0105644 0.000746808 -0.000381067 1 -0.00135188
0.999993 0.00380956 -0.000610283 0.735872 -0.00380944 0.999993 0.000199834 -0.0130777 0.00061104 -0.000197507 1 -0.00414082
0.999991 0.00416242 -0.000620943 0.819521 -0.00416236 0.999991 0.000101841 -0.0117359 0.000621362 -9.92559e-05 1 0.00314404
0.999989 0.00476722 -0.000520913 0.892357 -0.00476731 0.999989 -0.00016155 -0.0146509 0.000520137 0.000164032 1 0.00277138
0.999987 0.00511063 -0.000783135 0.994109 -0.00511048 0.999987 0.000185005 -0.0139607 0.00078407 -0.000181 1 0.00329577
0.999984 0.00565112 -0.000765396 1.09462 -0.00565105 0.999984 0.000105739 -0.00702177 0.000765981 -0.000101412 1 0.00352582
0.99998 0.00621193 -0.0008905 1.19057 -0.00621168 0.999981 0.000284978 -0.0113105 0.000892253 -0.000279441 1 0.00415769
0.999975 0.00704476 -0.000934921 1.27792 -0.00704441 0.999975 0.00037254 -0.0157593 0.000937522 -0.000365945 0.999999 0.000915667
0.99997 0.00769243 -0.00107228 1.39236 -0.00769202 0.99997 0.000387162 -0.00739675 0.00107523 -0.000378902 0.999999 0.00823241
0.999963 0.0085549 -0.00132285 1.49483 -0.00855414 0.999963 0.000581203 -0.0226539 0.00132777 -0.000569866 0.999999 0.00876452
0.999951 0.0097015 -0.00170435 1.59356 -0.00969996 0.999953 0.000908281 -0.0482562 0.00171308 -0.000891705 0.999998 0.00891177
0.999942 0.0105756 -0.00181088 1.70813 -0.0105746 0.999944 0.000535998 -0.0384188 0.00181645 -0.000516818 0.999998 0.00834975
0.999928 0.0118492 -0.0019079 1.84308 -0.0118476 0.999929 0.000853545 -0.0234551 0.00191788 -0.000830879 0.999998 0.00791212
0.999917 0.0127671 -0.00198898 1.98017 -0.0127657 0.999918 0.000729281 -0.0207093 0.00199813 -0.000703829 0.999998 0.0043494
0.999918 0.0126697 -0.00191695 2.11788 -0.0126683 0.999919 0.000725101 -0.0128085 0.00192598 -0.000700757 0.999998 0.0121051
0.999925 0.0120315 -0.00209366 2.27368 -0.0120302 0.999927 0.000630631 -0.0131908 0.00210109 -0.000605397 0.999998 0.0128202
0.999944 0.0102723 -0.00249751 2.41255 -0.0102712 0.999947 0.00045355 -0.0261333 0.00250204 -0.000427872 0.999997 0.0144134
0.999971 0.00720458 -0.00249828 2.55419 -0.00720367 0.999974 0.000375814 -0.0230436 0.00250093 -0.000357806 0.999997 0.0166313
0.999987 0.00405978 -0.00309031 2.73308 -0.00405592 0.999991 0.00125264 -0.0293739 0.00309537 -0.00124009 0.999994 0.0126797
0.999994 0.000534999 -0.00340153 2.9022 -0.000527723 0.999998 0.00213955 -0.0229173 0.00340266 -0.00213774 0.999992 0.0186811
0.999988 -0.00327234 -0.00377482 3.10402 0.00327945 0.999993 0.00187777 0.00229454 0.00376864 -0.00189013 0.999991 0.0156606
0.999975 -0.00617095 -0.00349923 3.24959 0.00617552 0.99998 0.00129784 0.00752138 0.00349115 -0.00131942 0.999993 0.0207745
0.999935 -0.0106648 -0.00391314 3.46392 0.0106721 0.999941 0.00184597 0.0255444 0.00389323 -0.00188762 0.999991 0.0230897
0.999887 -0.0144253 -0.00417636 3.65806 0.014433 0.999894 0.0018059 0.0233088 0.00414987 -0.00186598 0.99999 0.0163676
0.999842 -0.0171215 -0.00484197 3.83984 0.0171334 0.99985 0.00243598 0.0363266 0.00479954 -0.00251856 0.999985 0.0161045
0.999786 -0.0199899 -0.00530653 4.04458 0.0200096 0.999793 0.00366983 0.0296016 0.00523207 -0.00377523 0.999979 0.0239462
0.999743 -0.022015 -0.0054427 4.23941 0.0220319 0.999753 0.00307572 0.0394952 0.00537364 -0.00319484 0.99998 0.0148004
0.999696 -0.0238903 -0.00609322 4.46782 0.0239123 0.999708 0.00356134 0.0309242 0.00600635 -0.00370596 0.999975 0.0235981
0.999646 -0.0257269 -0.00675766 4.67506 0.025753 0.999661 0.00380795 0.0359686 0.0066574 -0.00398063 0.99997 0.0193195
0.999581 -0.0281541 -0.00665255 4.88495 0.0281717 0.9996 0.00257325 0.050678 0.00657744 -0.00275959 0.999975 0.0154792
0.999535 -0.0297494 -0.00666738 5.11067 0.0297679 0.999553 0.00268877 0.0739101 0.00658441 -0.002886 0.999974 0.0214837
0.999498 -0.0309408 -0.00680879 5.3407 0.0309606 0.999517 0.00280964 0.0955899 0.00671856 -0.00301904 0.999973 0.0222355
0.999505 -0.0306867 -0.0070007 5.55014 0.0307109 0.999523 0.00337731 0.0969557 0.00689372 -0.00359063 0.99997 0.0363336
0.999518 -0.0301612 -0.00738277 5.79438 0.0301905 0.999537 0.0038959 0.102625 0.00726184 -0.00411691 0.999965 0.0327477
0.999535 -0.029392 -0.0080656 6.04102 0.0294269 0.999558 0.00424457 0.117082 0.00793728 -0.00447994 0.999958 0.0324185
0.999597 -0.0271396 -0.00837103 6.27771 0.0271846 0.999616 0.00530898 0.112554 0.00822373 -0.0055344 0.999951 0.03475
0.999644 -0.0252852 -0.00847175 6.52447 0.0253399 0.999658 0.00641593 0.103826 0.00830663 -0.00662832 0.999944 0.0424699
0.999694 -0.0229916 -0.00908515 6.76899 0.0230508 0.999713 0.00646379 0.105493 0.00893393 -0.00667123 0.999938 0.0444558
0.999752 -0.0204205 -0.00883857 7.02899 0.0204765 0.999771 0.00629559 0.118084 0.00870798 -0.00647501 0.999941 0.0533718
0.999803 -0.0180586 -0.00828111 7.28739 0.0181219 0.999807 0.00763491 0.117232 0.00814164 -0.00778347 0.999937 0.0734581
0.999852 -0.014804 -0.00878869 7.55273 0.0148669 0.999864 0.00714127 0.13545 0.00868178 -0.00727087 0.999936 0.0711896
0.999886 -0.0121928 -0.0089395 7.81541 0.0122608 0.999896 0.00758898 0.141513 0.00884604 -0.00769771 0.999931 0.0682255
0.999933 -0.00982071 -0.00618198 8.09301 0.00986638 0.999924 0.00740098 0.152992 0.00610883 -0.00746148 0.999954 0.0631948
0.99996 -0.00709677 -0.00549765 8.34946 0.00713759 0.999947 0.00744241 0.142931 0.00544454 -0.00748135 0.999957 0.0594473
0.99997 -0.00522219 -0.00573878 8.61535 0.00527264 0.999947 0.008812 0.135857 0.00569246 -0.00884199 0.999945 0.0707329
0.999972 -0.00403812 -0.00624405 8.90019 0.00410142 0.99994 0.0101574 0.126533 0.00620265 -0.0101827 0.999929 0.0742281
0.999977 -0.00282317 -0.00611321 9.1954 0.00288978 0.999936 0.0109144 0.125753 0.006082 -0.0109318 0.999922 0.0798453
0.999982 -0.00231126 -0.00558009 9.4967 0.00237409 0.999934 0.0112797 0.119673 0.00555365 -0.0112928 0.999921 0.0881423
0.999993 -0.00247119 -0.00284558 9.79455 0.00250103 0.999941 0.0105313 0.121208 0.00281939 -0.0105383 0.99994 0.0710084
0.999987 -0.00451323 -0.00220029 10.0887 0.00453952 0.999917 0.0120947 0.136301 0.00214552 -0.0121046 0.999924 0.08026
0.999974 -0.00695727 -0.00183674 10.3929 0.0069825 0.999876 0.0141089 0.143709 0.00173835 -0.0141213 0.999899 0.0759616
0.999943 -0.0107002 -0.000319792 10.7268 0.010704 0.999811 0.0162168 0.162752 0.000146208 -0.0162193 0.999868 0.0662879
0.999874 -0.0158411 0.00110347 11.0334 0.0158216 0.999749 0.015831 0.167611 -0.00135397 -0.0158116 0.999874 0.0576852
0.999775 -0.0210822 0.00244917 11.345 0.0210476 0.999689 0.0133956 0.17715 -0.00273082 -0.013341 0.999907 0.0618103
0.999612 -0.0278305 0.0012473 11.6728 0.0278146 0.999549 0.0113305 0.183895 -0.00156207 -0.0112914 0.999935 0.06317
0.999333 -0.0364823 -0.00149143 11.9874 0.0364953 0.999285 0.00987774 0.202566 0.00113 -0.00992559 0.99995 0.0802093
0.998861 -0.0475275 -0.00424571 12.3079 0.0475679 0.998818 0.00997824 0.232864 0.00376646 -0.0101688 0.999941 0.0822053
0.998169 -0.0599732 -0.00790713 12.6248 0.0600671 0.998119 0.01223 0.264755 0.00715879 -0.0126826 0.999894 0.0920454
0.99716 -0.0745481 -0.0107211 12.9482 0.0746659 0.997147 0.0110448 0.297881 0.00986716 -0.0118139 0.999882 0.0737538
0.995703 -0.0915378 -0.0140045 13.2668 0.0916861 0.995734 0.0103365 0.342009 0.0129986 -0.0115761 0.999849 0.0799473
0.993751 -0.110001 -0.0189431 13.5912 0.110172 0.993879 0.00822156 0.393195 0.0179227 -0.0102572 0.999787 0.0840593
0.991203 -0.130645 -0.0211834 13.9265 0.130846 0.991367 0.00840788 0.440621 0.0199021 -0.0111057 0.99974 0.113798
0.988063 -0.152661 -0.0206259 14.2605 0.152849 0.988218 0.00785469 0.514937 0.0191838 -0.0109136 0.999756 0.110113
0.984317 -0.175325 -0.0195478 14.5958 0.175497 0.984452 0.00746169 0.594916 0.0179356 -0.0107752 0.999781 0.129624
0.97995 -0.198409 -0.0182435 14.9244 0.198568 0.98006 0.00733483 0.696778 0.0164244 -0.0108103 0.999807 0.126801
0.974794 -0.222396 -0.0177926 15.2706 0.222595 0.974859 0.0100915 0.774705 0.0151009 -0.0137976 0.999791 0.152564
0.968897 -0.246821 -0.0178089 15.5899 0.246997 0.96898 0.00840792 0.880092 0.0151812 -0.0125451 0.999806 0.149909
0.962202 -0.271807 -0.0169515 15.9231 0.271931 0.962302 0.00541066 0.989276 0.0148418 -0.00981578 0.999842 0.157781
0.955035 -0.29605 -0.0162249 16.2441 0.29612 0.955149 0.00204805 1.10778 0.0148908 -0.00676047 0.999866 0.173463
0.946976 -0.320789 -0.0182117 16.563 0.320887 0.947114 0.00264991 1.23639 0.0163985 -0.00835329 0.999831 0.192087
0.937963 -0.346098 -0.0210156 16.8763 0.346226 0.938147 0.00266175 1.36515 0.0187945 -0.00977276 0.999776 0.194003
0.927914 -0.372035 -0.0237717 17.1895 0.372213 0.928141 0.00342432 1.52646 0.0207895 -0.0120256 0.999712 0.202595
0.917166 -0.397727 -0.0248972 17.4847 0.397895 0.917429 0.00202438 1.65191 0.0220362 -0.0117632 0.999688 0.217223
0.905627 -0.42323 -0.0267486 17.7743 0.423403 0.905941 0.000861757 1.81175 0.023868 -0.0121059 0.999642 0.224675
0.892987 -0.449269 -0.0270375 18.0522 0.449351 0.893349 -0.00328445 2.00773 0.0256295 -0.00921634 0.999629 0.223146
0.879466 -0.475138 -0.0279888 18.3541 0.47522 0.879857 -0.00406978 2.17029 0.0265598 -0.0097216 0.9996 0.226087
0.865359 -0.500369 -0.0280173 18.6539 0.500462 0.865749 -0.00409212 2.36022 0.0263035 -0.0104804 0.999599 0.248847
0.850492 -0.525308 -0.0267498 18.9298 0.525397 0.850847 -0.00415107 2.5485 0.0249406 -0.0105238 0.999634 0.261079
0.834162 -0.550869 -0.0267626 19.1989 0.550976 0.834512 -0.003884 2.76452 0.0244733 -0.0115057 0.999634 0.273485
0.81681 -0.576261 -0.0272843 19.4676 0.576359 0.817182 -0.00492407 2.9807 0.0251338 -0.0117035 0.999616 0.280819
0.799022 -0.600727 -0.02629 19.7155 0.600812 0.799372 -0.00540443 3.2141 0.0242621 -0.0114771 0.99964 0.282729
0.780661 -0.624392 -0.0265201 19.9784 0.624471 0.781024 -0.00622143 3.41413 0.0245975 -0.0117042 0.999629 0.303046
0.761433 -0.64771 -0.0262817 20.2118 0.647708 0.761826 -0.00973531 3.66103 0.0263277 -0.00961006 0.999607 0.312968
0.741503 -0.670416 -0.0267421 20.4551 0.670377 0.741928 -0.0117242 3.90845 0.0277008 -0.00923374 0.999574 0.331259
0.720569 -0.692877 -0.0264911 20.6848 0.692803 0.721003 -0.0133669 4.16723 0.0283618 -0.00872139 0.99956 0.328933
0.699098 -0.714469 -0.0282071 20.9277 0.714416 0.699587 -0.0137039 4.41032 0.0295243 -0.0105712 0.999508 0.37466
0.677864 -0.734646 -0.0281879 21.1348 0.73451 0.678387 -0.0168962 4.68729 0.031535 -0.00925092 0.99946 0.367997
0.655294 -0.754786 -0.029789 21.3263 0.754598 0.655899 -0.0194582 4.96403 0.0342253 -0.00972783 0.999367 0.366648
0.63297 -0.773579 -0.0304136 21.5582 0.773358 0.633618 -0.0210912 5.22771 0.0355863 -0.0101705 0.999315 0.361657
0.610668 -0.791315 -0.0300854 21.754 0.791084 0.611318 -0.02182 5.53497 0.0356582 -0.0104753 0.999309 0.382949
0.587361 -0.80884 -0.028024 21.9409 0.808554 0.58796 -0.0233001 5.83792 0.0353231 -0.00897339 0.999336 0.392263
0.563525 -0.825665 -0.0267848 22.1257 0.825359 0.564096 -0.0240222 6.13496 0.0349435 -0.00856995 0.999353 0.422914
0.539625 -0.84153 -0.0251245 22.3014 0.841211 0.540152 -0.0245061 6.43369 0.0341936 -0.00791093 0.999384 0.425969
0.514943 -0.856927 -0.0225986 22.4628 0.856553 0.515404 -0.026009 6.75257 0.0339352 -0.00596373 0.999406 0.453608
0.489967 -0.871474 -0.0215608 22.6193 0.871012 0.490419 -0.0287532 7.07694 0.0356315 -0.00469162 0.999354 0.466191
0.463988 -0.885598 -0.0207604 22.7795 0.88509 0.464432 -0.0303071 7.40937 0.0364817 -0.00431274 0.999325 0.470422
0.437876 -0.898832 -0.0191394 22.9104 0.898221 0.438286 -0.0332403 7.72519 0.038266 -0.00263625 0.999264 0.479968
0.411424 -0.911257 -0.0184404 23.0426 0.910576 0.411831 -0.0353 8.0492 0.0397617 -0.00226813 0.999207 0.510557
0.384539 -0.922932 -0.018074 23.1746 0.922181 0.384957 -0.0372893 8.38838 0.0413732 -0.00232831 0.999141 0.523359
0.356567 -0.934116 -0.0169495 23.2729 0.933249 0.356967 -0.0402589 8.7196 0.0436569 -0.00146307 0.999046 0.538127
0.327037 -0.944889 -0.0151956 23.3751 0.943949 0.327389 -0.0421544 9.07705 0.0448061 -0.000557888 0.998996 0.549325
0.296991 -0.954797 -0.0126356 23.4725 0.953807 0.297258 -0.0434809 9.42081 0.0452714 0.000861565 0.998974 0.568881
0.266779 -0.963688 -0.0115786 23.5592 0.962739 0.26703 -0.0427547 9.77011 0.044294 0.000258903 0.999019 0.585201
0.236125 -0.971672 -0.00989701 23.6132 0.970674 0.236331 -0.044034 10.1265 0.0451256 0.000790765 0.998981 0.60035
0.204668 -0.978802 -0.00760922 23.661 0.977807 0.204803 -0.0441539 10.4856 0.0447763 0.00159654 0.998996 0.619353
0.172584 -0.984986 -0.00417516 23.7099 0.984038 0.172602 -0.0433414 10.8611 0.0434113 0.00337153 0.999052 0.649777
0.140835 -0.990031 -0.00204625 23.7395 0.989125 0.140794 -0.0425392 11.2132 0.0424032 0.00396703 0.999093 0.661868
0.108746 -0.994069 0.00124105 23.7536 0.993108 0.108586 -0.0441071 11.575 0.0437108 0.00602897 0.999026 0.684527
0.0763286 -0.997076 0.00379229 23.7635 0.996083 0.0760811 -0.0450688 11.9358 0.0446485 0.00721747 0.998977 0.70356
0.0439149 -0.999024 0.00484008 23.7448 0.997911 0.0436352 -0.0476341 12.2897 0.0473764 0.00692181 0.998853 0.72956
0.0111225 -0.999922 0.00559692 23.7474 0.99875 0.0108364 -0.0487897 12.6537 0.0487253 0.00613259 0.998793 0.73976
-0.0216886 -0.999731 0.00822221 23.708 0.998497 -0.0220745 -0.0501731 13.0136 0.0503411 0.00712167 0.998707 0.75303
-0.0535896 -0.9985 0.0112415 23.6646 0.997129 -0.0541124 -0.0529733 13.3712 0.0535022 0.0083704 0.998533 0.773795
-0.0858943 -0.996215 0.0133286 23.6142 0.994782 -0.0864946 -0.0540986 13.7452 0.0550466 0.00861233 0.998447 0.796726
-0.118374 -0.992855 0.015075 23.5534 0.991353 -0.119034 -0.0552359 14.092 0.0566356 0.00840615 0.99836 0.813923
-0.150797 -0.988431 0.0162328 23.4779 0.986893 -0.151477 -0.0556473 14.4506 0.0574625 0.00762858 0.998319 0.843499
-0.182691 -0.983013 0.0176047 23.3922 0.981527 -0.183391 -0.0545254 14.8098 0.0568277 0.00731817 0.998357 0.852741
-0.214498 -0.976542 0.0188549 23.2912 0.975125 -0.215212 -0.0530555 15.1709 0.0558688 0.00700559 0.998414 0.860406
-0.24647 -0.968864 0.0235584 23.1815 0.967598 -0.247378 -0.0505749 15.5434 0.054828 0.0103298 0.998442 0.878827
-0.278073 -0.960165 0.0275568 23.0622 0.959137 -0.279108 -0.046425 15.89 0.0522669 0.0135212 0.998542 0.903575
-0.309203 -0.950525 0.0299377 22.9183 0.949683 -0.310277 -0.042784 16.2272 0.0499562 0.0152024 0.998636 0.95161
-0.340396 -0.939773 0.0309432 22.7702 0.939044 -0.341451 -0.0400795 16.5696 0.0482312 0.0154141 0.998717 0.948338
-0.370763 -0.928202 0.0312456 22.6227 0.927458 -0.371805 -0.0397893 16.9282 0.0485498 0.0142266 0.998719 0.988122
-0.400304 -0.91582 0.0320962 22.435 0.915185 -0.401325 -0.037081 17.2636 0.0468405 0.0145303 0.998797 0.971455
-0.429608 -0.90226 0.0369218 22.2788 0.901658 -0.430844 -0.0372264 17.5942 0.0494954 0.0172981 0.998625 0.971744
-0.458704 -0.887588 0.0421681 22.075 0.88701 -0.460201 -0.0377914 17.9413 0.0529489 0.0200685 0.998396 1.02121
-0.486494 -0.872471 0.0460235 21.8893 0.872001 -0.488151 -0.0363665 18.2538 0.0541951 0.0224405 0.998278 1.04989
-0.513012 -0.856952 0.0495216 21.6623 0.856656 -0.514784 -0.0337417 18.5754 0.054408 0.025113 0.998203 1.05342
-0.539012 -0.840662 0.0524722 21.4449 0.84037 -0.540946 -0.0339878 18.8969 0.0569569 0.0257763 0.998044 1.09289
-0.564198 -0.82375 0.0558242 21.2135 0.823542 -0.566294 -0.033022 19.2263 0.0588148 0.0273426 0.997894 1.10882
-0.588866 -0.806149 0.0579621 20.9694 0.806114 -0.590998 -0.0300096 19.5244 0.0584477 0.0290525 0.997868 1.12259
-0.614009 -0.787032 0.0597765 20.7078 0.787114 -0.616182 -0.0277591 19.8312 0.0586805 0.0300066 0.997826 1.13351
-0.639113 -0.766558 0.0626321 20.4503 0.766862 -0.641352 -0.0242937 20.1316 0.0587917 0.0325038 0.997741 1.16419
-0.663969 -0.744886 0.0655003 20.1654 0.745399 -0.666284 -0.0211379 20.4173 0.0593872 0.0347889 0.997629 1.20271
-0.689001 -0.721697 0.0665655 19.8907 0.7224 -0.691261 -0.0172214 20.6923 0.0584428 0.0362214 0.997633 1.21557
-0.713498 -0.697397 0.067513 19.5956 0.698247 -0.715721 -0.0139724 20.9631 0.0580648 0.0371714 0.997621 1.23437
-0.737546 -0.671817 0.0684701 19.2873 0.672727 -0.73979 -0.0122148 21.2045 0.0588596 0.0370527 0.997578 1.25704
-0.760436 -0.645531 0.0708996 18.9606 0.646477 -0.762843 -0.0117636 21.4413 0.061679 0.0368895 0.997414 1.28938
-0.782709 -0.618245 0.0716992 18.65 0.619227 -0.785144 -0.0102751 21.679 0.0626468 0.0363557 0.997373 1.29679
-0.804012 -0.590084 0.0732502 18.3159 0.591084 -0.806554 -0.00949618 21.9015 0.0646838 0.035662 0.997268 1.33532
-0.824915 -0.560389 0.0740207 17.9659 0.561578 -0.827405 -0.00561005 22.1118 0.0643889 0.0369406 0.997241 1.34629
-0.844459 -0.530613 0.0730617 17.638 0.531979 -0.846757 -0.000901975 22.2845 0.0623441 0.0381056 0.997327 1.35631
-0.862619 -0.500506 0.0733714 17.2817 0.501867 -0.864945 0.000141986 22.4701 0.0633911 0.0369452 0.997305 1.39511
-0.879631 -0.469924 0.0736249 16.9356 0.471235 -0.882008 0.00049149 22.6453 0.0647067 0.035127 0.997286 1.43257
-0.895652 -0.438659 0.0733846 16.5565 0.439938 -0.898027 0.0014152 22.7879 0.0652806 0.0335522 0.997303 1.45416
-0.91062 -0.406767 0.0728832 16.1888 0.407948 -0.913004 0.00144217 22.9343 0.065956 0.0310458 0.997339 1.50433
-0.924167 -0.374932 0.0730865 15.819 0.376218 -0.926522 0.00418358 23.0555 0.0661477 0.0313628 0.997317 1.50447
-0.936469 -0.342845 0.0740467 15.4316 0.344302 -0.938829 0.0074955 23.1801 0.0669474 0.0325137 0.997227 1.53055
-0.947533 -0.310736 0.0750008 15.0625 0.31216 -0.949998 0.0077844 23.2868 0.0688317 0.0307882 0.997153 1.58553
-0.957672 -0.277732 0.0756915 14.6646 0.279168 -0.960201 0.00889031 23.3863 0.07021 0.0296447 0.997092 1.61928
-0.966829 -0.243916 0.0758127 14.2814 0.245375 -0.969372 0.010419 23.4633 0.0709494 0.0286759 0.997068 1.64163
-0.97472 -0.209769 0.0769278 13.8844 0.211265 -0.977358 0.0117615 23.5143 0.0727188 0.0277163 0.996967 1.66352
-0.981313 -0.175319 0.0793031 13.4927 0.176902 -0.984138 0.0133389 23.5787 0.0757067 0.0271184 0.996761 1.70721
-0.987047 -0.139182 0.0797959 13.0837 0.140699 -0.989958 0.0136848 23.6067 0.0770899 0.0247348 0.996717 1.74478
-0.991696 -0.102214 0.0780444 12.6885 0.103738 -0.99448 0.0157194 23.6312 0.0760069 0.0236851 0.996826 1.76234
-0.994858 -0.0654464 0.0772894 12.3025 0.0670379 -0.997585 0.0181774 23.6359 0.0759131 0.0232653 0.996843 1.79927
-0.996692 -0.0273636 0.0765227 11.8829 0.0289378 -0.99939 0.0195389 23.6168 0.0759414 0.0216886 0.996876 1.85724
-0.997163 0.00988972 0.0746211 11.4743 -0.00839801 -0.999759 0.0202779 23.5967 0.0748037 0.0195937 0.997006 1.85789
-0.996278 0.0478309 0.0717036 11.0857 -0.0463035 -0.998667 0.0228155 23.558 0.0726993 0.0194105 0.997165 1.89191
-0.993953 0.0852668 0.0691846 10.6879 -0.0836567 -0.996159 0.0258505 23.4951 0.0711231 0.0199065 0.997269 1.91038
-0.990213 0.121495 0.0686835 10.3024 -0.119823 -0.992401 0.0279693 23.4204 0.0715597 0.0194657 0.997246 1.94778
-0.985092 0.157929 0.0682029 9.90026 -0.156268 -0.987287 0.0290715 23.3251 0.071927 0.0179802 0.997248 1.97307
-0.978735 0.193688 0.067544 9.50446 -0.192067 -0.98093 0.0297823 23.2476 0.0720244 0.0161761 0.997272 2.0086
-0.97119 0.228732 0.0668703 9.11733 -0.227116 -0.973376 0.0309527 23.1368 0.0721697 0.0148736 0.997281 2.03431
-0.962087 0.264414 0.0668867 8.71606 -0.262798 -0.964318 0.0320674 23.0047 0.0729791 0.0132739 0.997245 2.05278
-0.951779 0.299883 0.064703 8.34069 -0.298273 -0.953893 0.0334726 22.8577 0.0717576 0.0125593 0.997343 2.06716
-0.940141 0.334836 0.0633941 7.96755 -0.333131 -0.942189 0.0361101 22.693 0.0718202 0.0128301 0.997335 2.11386
-0.927499 0.368817 0.0609872 7.58378 -0.367034 -0.929404 0.0386393 22.5297 0.0709326 0.0134535 0.99739 2.13624
-0.913557 0.40227 0.0599419 7.22134 -0.400531 -0.915445 0.0391782 22.3423 0.0706337 0.0117829 0.997433 2.18643
-0.898431 0.435282 0.0578968 6.85181 -0.433376 -0.900194 0.0428399 22.1449 0.0707658 0.0133976 0.997403 2.1821
-0.882394 0.466985 0.0575018 6.50638 -0.465032 -0.884177 0.0444465 21.9318 0.0715977 0.0124791 0.997356 2.23513
-0.865014 0.498654 0.0556361 6.14949 -0.496553 -0.866693 0.047726 21.7044 0.0720182 0.0136574 0.99731 2.21984
-0.846682 0.529063 0.0567652 5.79457 -0.526932 -0.848506 0.0487894 21.4688 0.0739782 0.0113977 0.997195 2.27649
-0.827325 0.558778 0.0574389 5.4453 -0.556668 -0.82927 0.0493152 21.2245 0.0751886 0.00882534 0.99713 2.32824
-0.806847 0.588215 0.0547865 5.10951 -0.58599 -0.808644 0.0520645 20.9558 0.0749279 0.00990378 0.99714 2.33578
-0.785287 0.616726 0.0545269 4.79843 -0.614461 -0.787132 0.0534808 20.6959 0.0759029 0.00849314 0.997079 2.388
-0.763056 0.644172 0.0527924 4.47378 -0.641955 -0.764846 0.0538933 20.389 0.0750946 0.00723325 0.99715 2.3992
-0.740388 0.670217 0.05132 4.16818 -0.668067 -0.742144 0.0539342 20.0787 0.0742344 0.00564703 0.997225 2.44837
-0.716763 0.695674 0.0478479 3.86933 -0.693599 -0.718337 0.0539644 19.7634 0.0719125 0.00549243 0.997396 2.49486
-0.692579 0.720037 0.0433653 3.57903 -0.718093 -0.693912 0.0531751 19.4284 0.0683798 0.0056876 0.997643 2.48691
-0.667659 0.743458 0.0387441 3.29893 -0.741588 -0.668748 0.0531394 19.0911 0.065417 0.0067469 0.997835 2.49457
-0.641514 0.766173 0.0379283 3.02549 -0.76434 -0.642613 0.0532189 18.7516 0.0651482 0.00515051 0.997862 2.58269
-0.614495 0.788158 0.0346825 2.77693 -0.786221 -0.615434 0.0556505 18.3946 0.0652062 0.00692879 0.997848 2.57097
-0.586665 0.809071 0.035046 2.54339 -0.807165 -0.587694 0.0556836 18.0225 0.0656484 0.00437972 0.997833 2.61918
-0.558027 0.829074 0.0352423 2.3039 -0.827201 -0.559135 0.0557399 17.6724 0.0659178 0.00195189 0.997823 2.65724
-0.528795 0.848165 0.0314907 2.09616 -0.846225 -0.529719 0.0574484 17.2698 0.065407 0.00373024 0.997852 2.64498
-0.498656 0.866252 0.0308244 1.88387 -0.864336 -0.499604 0.0576187 16.8723 0.0653123 0.0020893 0.997863 2.70447
-0.466527 0.884097 0.0269171 1.71754 -0.88236 -0.467298 0.0554288 16.4702 0.0615827 0.00210843 0.9981 2.70792
-0.43392 0.900529 0.0275744 1.53469 -0.898848 -0.434794 0.0550059 16.0823 0.0615236 -0.000917047 0.998105 2.77946
-0.400321 0.916018 0.0255924 1.36238 -0.914375 -0.401135 0.054856 15.666 0.0605151 -0.00144103 0.998166 2.81954
-0.366077 0.930293 0.0232801 1.23248 -0.928596 -0.366815 0.0561808 15.2464 0.0608041 -0.0010513 0.998149 2.84935
-0.331028 0.943353 0.022464 1.11661 -0.941657 -0.331781 0.0566069 14.8335 0.0608535 -0.00241493 0.998144 2.87855
-0.295474 0.95509 0.0223192 1.01141 -0.953384 -0.296283 0.0572351 14.4142 0.0612775 -0.0043673 0.998111 2.90331
-0.259771 0.965422 0.0219128 0.909422 -0.96378 -0.260615 0.0566344 13.9893 0.0603869 -0.00640721 0.998154 2.92061
-0.222977 0.974611 0.0203569 0.848008 -0.972918 -0.223798 0.0578399 13.5497 0.0609272 -0.00690864 0.998118 2.94132
-0.186602 0.982303 0.0161638 0.763491 -0.980591 -0.187234 0.0581861 13.1227 0.0601828 -0.00499249 0.998175 2.95614
-0.148382 0.98884 0.0133349 0.727377 -0.987133 -0.148912 0.0582545 12.6842 0.0595901 -0.00451938 0.998213 3.00262
-0.109848 0.993893 0.0105013 0.688406 -0.9922 -0.110275 0.0581282 12.262 0.0589312 -0.00403417 0.998254 2.99927
-0.0717816 0.997383 0.00859033 0.679744 -0.99562 -0.0721666 0.0594389 11.8089 0.0599033 -0.00428608 0.998195 3.05796
-0.0328521 0.999428 0.00802656 0.680356 -0.997555 -0.033284 0.0614486 11.3681 0.0616806 -0.00598822 0.998078 3.09428
0.0067541 0.999966 0.00476143 0.729735 -0.998001 0.00644151 0.0628622 10.9276 0.0628294 -0.00517649 0.998011 3.12068
0.0454416 0.998965 0.0017628 0.77454 -0.996959 0.0452383 0.0634548 10.5015 0.0633094 -0.00464093 0.997983 3.13694
0.0845048 0.996422 -0.00134205 0.827136 -0.994499 0.0844252 0.0619995 10.0524 0.061891 -0.00390459 0.998075 3.15513
0.123089 0.992386 -0.00443886 0.902891 -0.990514 0.123129 0.0610024 9.62143 0.0610845 -0.00311195 0.998128 3.204
0.161566 0.986841 -0.00638597 0.988239 -0.98526 0.161669 0.0559122 9.18183 0.0562089 -0.00274169 0.998415 3.20972
0.199639 0.979839 -0.00773856 1.08164 -0.978442 0.199768 0.052378 8.74008 0.0528679 -0.00288496 0.998597 3.23055
0.237815 0.971282 -0.00748637 1.222 -0.969827 0.237871 0.0534128 8.31104 0.0536597 -0.0054419 0.998544 3.27897
0.274853 0.961449 -0.00841159 1.3625 -0.960091 0.274915 0.0514533 7.88351 0.0517822 -0.00606623 0.99864 3.29864
0.311545 0.950178 -0.0100864 1.50288 -0.949029 0.311667 0.046991 7.45934 0.0477934 -0.00506754 0.998844 3.3291
0.347993 0.937418 -0.012186 1.6646 -0.93642 0.348187 0.0433912 7.03565 0.0449187 -0.00368861 0.998984 3.37746
0.384059 0.923203 -0.0139932 1.86039 -0.922353 0.384307 0.0396726 6.6304 0.0420035 -0.00232991 0.999115 3.39317
0.419569 0.90763 -0.0130283 2.08188 -0.906844 0.419751 0.0379927 6.24983 0.039952 -0.00412595 0.999193 3.40486
0.454551 0.890604 -0.0144205 2.31571 -0.889765 0.454754 0.0389474 5.84102 0.0412445 -0.00487279 0.999137 3.41484
0.489594 0.871809 -0.0157068 2.55393 -0.870904 0.48981 0.040148 5.44517 0.0426948 -0.0059771 0.99907 3.44203
0.524016 0.851575 -0.0150872 2.8105 -0.850752 0.524184 0.0381123 5.05757 0.0403639 -0.00713599 0.99916 3.44681
0.558028 0.82969 -0.0147926 3.0904 -0.829021 0.558184 0.0339915 4.69853 0.0364594 -0.00670485 0.999313 3.46576
0.591695 0.80597 -0.0175941 3.37817 -0.805416 0.591946 0.0300943 4.34193 0.0346698 -0.00363611 0.999392 3.48613
0.624587 0.780714 -0.0194055 3.67448 -0.780259 0.624886 0.0267112 4.00637 0.0329801 -0.0015422 0.999455 3.52072
0.656283 0.754227 -0.0208661 4.00717 -0.753795 0.656613 0.0255444 3.68828 0.0329673 -0.00103558 0.999456 3.52128
0.686878 0.7265 -0.0199292 4.31433 -0.725999 0.687153 0.0272968 3.33023 0.0335255 -0.00428097 0.999429 3.54929
0.717175 0.696556 -0.0216627 4.67501 -0.696075 0.717493 0.0261278 3.04336 0.0337423 -0.00365938 0.999424 3.50944
0.74572 0.665783 -0.0252114 5.0439 -0.665224 0.746136 0.027536 2.76137 0.0371441 -0.00376291 0.999303 3.56742
0.773141 0.633747 -0.0248509 5.3847 -0.633218 0.773526 0.0263142 2.48501 0.0358994 -0.00460853 0.999345 3.58253
0.799444 0.600238 -0.0245687 5.75672 -0.599793 0.799812 0.0234271 2.22842 0.0337122 -0.00399253 0.999424 3.60099
0.824045 0.565905 -0.026491 6.15993 -0.565505 0.824466 0.0214315 1.99855 0.0339691 -0.00267972 0.999419 3.66376
0.846487 0.531797 -0.0255465 6.56689 -0.531442 0.846867 0.0196631 1.76786 0.0320912 -0.00306811 0.99948 3.68222
0.868058 0.495878 -0.0240785 6.98354 -0.495569 0.868384 0.0178852 1.55005 0.0297783 -0.0035929 0.99955 3.68151
0.888317 0.458695 -0.022157 7.39028 -0.458485 0.888591 0.0140676 1.34824 0.0261412 -0.00233785 0.999656 3.69476
0.906568 0.421575 -0.0202352 7.80188 -0.421499 0.906793 0.00807805 1.21849 0.0217546 0.00120582 0.999763 3.70933
0.923355 0.383468 -0.0191662 8.23073 -0.383411 0.923554 0.00671197 1.05978 0.0202748 0.00115099 0.999794 3.73975
0.93807 0.345946 -0.0185708 8.67678 -0.345861 0.938254 0.00772265 0.91379 0.0200957 -0.00082148 0.999798 3.77013
0.951233 0.308068 -0.0158168 9.12943 -0.308007 0.951364 0.00616547 0.801699 0.0169469 -0.000993105 0.999856 3.7495
0.962612 0.270375 -0.0165769 9.57785 -0.270315 0.962755 0.00578295 0.701331 0.0175231 -0.00108575 0.999846 3.76546
0.972541 0.232108 -0.0170162 10.0604 -0.232032 0.972688 0.00633763 0.600835 0.0180225 -0.00221531 0.999835 3.79721
0.980677 0.19493 -0.0165676 10.5119 -0.194874 0.980816 0.00491351 0.498843 0.0172076 -0.00158997 0.999851 3.81291
0.98732 0.15813 -0.0139425 10.9873 -0.158123 0.987418 0.00157831 0.469568 0.0140166 0.000646336 0.999902 3.83052
0.992563 0.120978 -0.0135482 11.4922 -0.121025 0.992646 -0.00268896 0.46495 0.0131233 0.00430863 0.999905 3.72957
0.996189 0.0862179 -0.0132172 11.9714 -0.0862608 0.996269 -0.00271062 0.457198 0.0129342 0.00384042 0.999909 3.73303
0.998524 0.0522116 -0.0149365 12.4469 -0.0522922 0.998619 -0.00506136 0.44426 0.0146516 0.00583496 0.999876 3.72705
0.999706 0.0171838 -0.0170893 12.9119 -0.0172947 0.99983 -0.00636679 0.401937 0.016977 0.00666048 0.999834 3.79031
0.999651 -0.0176834 -0.019621 13.3734 0.0175357 0.999817 -0.00767688 0.43098 0.0197531 0.00733013 0.999778 3.81866
0.998351 -0.0534713 -0.0208903 13.8771 0.053274 0.998531 -0.00989008 0.476606 0.0213885 0.00876086 0.999733 3.8247
0.995779 -0.0894973 -0.02036 14.332 0.0893 0.99595 -0.0104067 0.523199 0.0212089 0.00854458 0.999739 3.84014
0.991755 -0.126543 -0.0202075 14.8263 0.126343 0.991927 -0.0108746 0.607576 0.0214205 0.00823187 0.999737 3.78663
0.986253 -0.164151 -0.0189673 15.2869 0.163944 0.986397 -0.0120092 0.679973 0.0206806 0.00873458 0.999748 3.86484
0.979037 -0.203129 -0.0150253 15.7684 0.202857 0.979046 -0.0178144 0.869472 0.0183291 0.0143929 0.999728 3.84561
0.970256 -0.241818 -0.011238 16.2089 0.241588 0.970199 -0.0186637 0.991448 0.0154163 0.0153937 0.999763 3.86819
0.960028 -0.27951 -0.0148536 16.6663 0.279122 0.959961 -0.0237888 1.11561 0.0209081 0.0186919 0.999607 3.89709
0.947638 -0.31894 -0.0160929 17.1144 0.318517 0.947606 -0.0242635 1.27575 0.0229883 0.0178671 0.999576 3.93708
0.93336 -0.358535 -0.0170739 17.5549 0.358067 0.93335 -0.025396 1.46065 0.0250413 0.01759 0.999532 3.93963
0.916672 -0.399264 -0.0173323 17.9936 0.398809 0.9167 -0.0247407 1.70057 0.0257666 0.0157668 0.999544 3.91836
0.898739 -0.438153 -0.017041 18.4105 0.437594 0.898712 -0.0287785 1.89484 0.0279243 0.0184073 0.999441 3.97394
0.878615 -0.477348 -0.0132011 18.8163 0.476787 0.878454 -0.031513 2.16186 0.0266392 0.0213937 0.999416 3.98784
0.856903 -0.515397 -0.00917355 19.2181 0.514883 0.856632 -0.032823 2.41758 0.0247752 0.0234028 0.999419 4.01183
0.833071 -0.553128 -0.00649679 19.6017 0.552681 0.832775 -0.0320786 2.69202 0.0231539 0.0231331 0.999464 4.0518
0.807755 -0.589499 -0.00487566 19.9795 0.58907 0.807434 -0.0323464 2.99135 0.0230049 0.0232558 0.999465 4.08068
0.780952 -0.624576 -0.00428852 20.3675 0.624122 0.780614 -0.0333767 3.30543 0.024194 0.0233891 0.999434 4.08266
0.752902 -0.658125 -0.00307546 20.688 0.657605 0.752478 -0.0365144 3.6304 0.0263453 0.0254694 0.999328 4.08943
0.72394 -0.689846 -0.00487053 21.0161 0.689372 0.723673 -0.0326003 3.93856 0.0260138 0.020243 0.999457 4.11426
0.693152 -0.720789 -0.00174861 21.3124 0.72023 0.692706 -0.0377922 4.31447 0.0284515 0.0249364 0.999284 4.11499
0.661744 -0.74973 0.000627042 21.6107 0.749176 0.661222 -0.0390019 4.67544 0.0288263 0.0262791 0.999239 4.15861
0.628879 -0.777493 0.00388471 21.8692 0.776974 0.628259 -0.0400124 5.04324 0.0286688 0.0281813 0.999192 4.18036
0.595018 -0.803698 0.00485037 22.1463 0.803183 0.594396 -0.0398797 5.42954 0.0291682 0.0276249 0.999193 4.18983
0.560932 -0.827845 0.00531235 22.3771 0.827399 0.560392 -0.0370505 5.80787 0.027695 0.0251782 0.999299 4.19507
0.526363 -0.850238 0.00613328 22.5956 0.849831 0.525854 -0.0355673 6.25567 0.0270154 0.0239335 0.999348 4.21826
0.491704 -0.870713 0.00928375 22.8155 0.870372 0.491136 -0.0351813 6.68074 0.0260733 0.0253791 0.999338 4.2401
0.455695 -0.890063 0.0114212 23.0132 0.88979 0.455122 -0.0337368 7.08583 0.0248298 0.0255361 0.999365 4.29861
0.419569 -0.907614 0.0141042 23.1986 0.907415 0.418971 -0.0325698 7.5256 0.0236516 0.0264636 0.99937 4.33304
0.383128 -0.92355 0.016361 23.3546 0.923382 0.382477 -0.0328289 7.99627 0.0240614 0.0276851 0.999327 4.34559
0.345946 -0.938104 0.0167892 23.5029 0.937944 0.345316 -0.0318917 8.44398 0.0241202 0.0267802 0.99935 4.36071
0.30765 -0.951333 0.0178254 23.622 0.951138 0.306962 -0.0333382 8.91989 0.026244 0.0272109 0.999285 4.37216
0.269137 -0.962931 0.0181616 23.7328 0.962687 0.268419 -0.0344143 9.35478 0.0282637 0.0267461 0.999243 4.38959
0.230502 -0.972874 0.0196045 23.8178 0.972617 0.229731 -0.035201 9.83901 0.0297424 0.0271816 0.999188 4.41434
0.191276 -0.981271 0.0228017 23.8911 0.981091 0.190438 -0.0345599 10.3233 0.0295703 0.028981 0.999142 4.42704
0.151748 -0.988061 0.0266103 23.9416 0.987993 0.150837 -0.0334234 10.7865 0.0290105 0.0313627 0.999087 4.45797
0.1116 -0.993373 0.0274781 23.9796 0.993304 0.110676 -0.0331251 11.252 0.0298644 0.0309909 0.999073 4.49222
0.0719317 -0.997027 0.0276178 23.9809 0.996958 0.0710385 -0.0320662 11.7314 0.0300089 0.0298404 0.999104 4.47586
0.0318959 -0.999109 0.0276536 23.9966 0.998968 0.0309715 -0.0332348 12.2487 0.0323487 0.0286851 0.999065 4.48155
-0.00795243 -0.999504 0.0304591 23.96 0.99943 -0.00894346 -0.0325395 12.7005 0.0327958 0.030183 0.999006 4.52943
-0.0468165 -0.998345 0.0334072 23.9205 0.998382 -0.0478469 -0.0307405 13.1891 0.032288 0.0319139 0.998969 4.5614
-0.0857226 -0.995683 0.0355957 23.8602 0.995789 -0.0867873 -0.0295275 13.6749 0.0324893 0.0329147 0.99893 4.57337
-0.12373 -0.991665 0.0359276 23.7876 0.991785 -0.124767 -0.0282245 14.1366 0.0324718 0.0321402 0.998956 4.59197
-0.162187 -0.986049 0.037447 23.6833 0.986339 -0.16311 -0.0230339 14.6006 0.0288205 0.0331996 0.999033 4.59182
-0.200921 -0.978786 0.0401081 23.5745 0.979239 -0.2018 -0.0191743 15.043 0.0268613 0.0354229 0.999011 4.59473
-0.240443 -0.969652 0.0443038 23.4387 0.970267 -0.241399 -0.017585 15.5224 0.0277462 0.0387583 0.998863 4.61771
-0.2799 -0.95894 0.0457226 23.2807 0.959607 -0.280872 -0.016304 15.9612 0.0284767 0.0393122 0.998821 4.64342
-0.3196 -0.946354 0.0476487 23.1164 0.947078 -0.320627 -0.0155537 16.3987 0.0299968 0.0401561 0.998743 4.63883
-0.359751 -0.931797 0.0483018 22.9448 0.932382 -0.360969 -0.0191266 16.8139 0.0352575 0.0381549 0.99865 4.74963
-0.398298 -0.915732 0.0528594 22.7137 0.916305 -0.399847 -0.0225243 17.2648 0.0417619 0.039464 0.998348 4.7766
-0.436505 -0.898068 0.0541912 22.5141 0.898464 -0.438271 -0.0260815 17.7184 0.0471734 0.0373042 0.99819 4.81019
-0.474053 -0.878711 0.0560405 22.2447 0.87909 -0.475932 -0.0262636 18.1231 0.0497496 0.0368144 0.998083 4.83595
-0.511739 -0.857215 0.0575044 22.0118 0.857677 -0.513627 -0.0240344 18.5293 0.0501384 0.0370209 0.998056 4.86962
-0.548576 -0.834099 0.057818 21.7182 0.834502 -0.55049 -0.0237954 18.9026 0.051676 0.0351957 0.998044 4.89305
-0.585299 -0.808759 0.0577392 21.4292 0.809088 -0.587216 -0.0235209 19.2844 0.0529281 0.0329494 0.998055 4.91942
-0.620375 -0.782133 0.0583321 21.0967 0.782589 -0.622221 -0.0199134 19.6406 0.0518704 0.0332962 0.998099 4.92864
-0.654006 -0.75411 0.0599579 20.7652 0.754714 -0.655845 -0.0165548 20.0045 0.0518073 0.0344241 0.998064 4.97286
-0.686329 -0.724677 0.061603 20.412 0.725358 -0.688217 -0.0146146 20.3296 0.0529871 0.0346538 0.997994 5.01533
-0.717247 -0.694139 0.0610575 20.0458 0.694733 -0.719124 -0.0143614 20.6443 0.0538767 0.032118 0.998031 5.03946
-0.745853 -0.663191 0.062297 19.6578 0.663748 -0.74782 -0.0142786 20.983 0.0560564 0.0306998 0.997956 5.06747
-0.773253 -0.630834 0.0642446 19.2885 0.631395 -0.77534 -0.0137444 21.2499 0.0584818 0.0299359 0.99784 5.08966
-0.798658 -0.598213 0.0654795 18.9072 0.598751 -0.800826 -0.0132458 21.5169 0.0603615 0.0286271 0.997766 5.12335
-0.822172 -0.565513 0.065018 18.4814 0.565993 -0.824314 -0.0125645 21.8019 0.0607006 0.0264695 0.997805 5.1745
-0.844012 -0.532415 0.0646382 18.058 0.533047 -0.846043 -0.00847508 22.0435 0.059199 0.0273021 0.997873 5.1909
-0.864785 -0.497896 0.0651684 17.6172 0.498689 -0.866769 -0.00463879 22.2655 0.0587956 0.0284872 0.997863 5.22358
-0.884208 -0.462538 0.0650831 17.2099 0.463379 -0.886157 -0.00242424 22.4755 0.0587951 0.0280146 0.997877 5.25847
-0.902382 -0.425805 0.0663034 16.7466 0.426776 -0.904357 0.000531852 22.6573 0.0597355 0.0287767 0.997799 5.29519
-0.918891 -0.388992 0.0657645 16.3119 0.389982 -0.920819 0.00241566 22.8338 0.0596176 0.0278667 0.997832 5.32497
-0.933856 -0.351525 0.0659036 15.8668 0.352487 -0.935811 0.00320448 22.9602 0.0605468 0.0262227 0.997821 5.33603
-0.947296 -0.31329 0.0669259 15.3936 0.314333 -0.949298 0.00538725 23.128 0.0618448 0.0261403 0.997743 5.36657
-0.959229 -0.274692 0.0665078 14.9378 0.275759 -0.9612 0.00724821 23.226 0.0619362 0.0252928 0.99776 5.40061
-0.96956 -0.235881 0.0656812 14.4528 0.237172 -0.971387 0.0125076 23.3429 0.0608516 0.0277046 0.997762 5.4203
-0.97862 -0.196213 0.0616689 13.9919 0.197526 -0.980168 0.0159205 23.3931 0.0573221 0.0277614 0.99797 5.45381
-0.98598 -0.155735 0.059916 13.5241 0.157337 -0.987277 0.0229879 23.447 0.0555737 0.0320926 0.997939 5.47823
-0.991744 -0.114958 0.0568211 13.0559 0.116463 -0.992907 0.0239296 23.453 0.0536671 0.0303497 0.998098 5.5083
-0.995768 -0.0731842 0.0555961 12.5921 0.074802 -0.996817 0.0275955 23.5069 0.0533995 0.0316374 0.998072 5.51772
-0.997936 -0.0299949 0.0567737 12.0986 0.0316549 -0.99909 0.0285683 23.4867 0.0558652 0.0303065 0.997978 5.57025
-0.997939 0.0137493 0.0626749 11.5951 -0.0118791 -0.999476 0.0301154 23.4737 0.0630561 0.0293089 0.99758 5.66282
-0.996333 0.0564083 0.0643261 11.1191 -0.0544757 -0.998021 0.0314132 23.4047 0.0659708 0.0277938 0.997434 5.70173
-0.992863 0.0996555 0.0655119 10.6248 -0.0977019 -0.994689 0.0323846 23.3699 0.0683912 0.0257529 0.997326 5.73639
-0.987711 0.142398 0.0644249 10.1584 -0.14043 -0.989502 0.0341296 23.2552 0.0686086 0.0246629 0.997339 5.77307
-0.980736 0.184726 0.0635125 9.67895 -0.182827 -0.982537 0.0345634 23.1444 0.0687882 0.0222858 0.997382 5.81089
-0.971943 0.227187 0.0609315 9.20128 -0.225095 -0.973543 0.0393254 23.0093 0.0682536 0.0245067 0.997367 5.83266
-0.961468 0.269231 0.0556166 8.74789 -0.267039 -0.962689 0.0438081 22.8942 0.065336 0.0272683 0.997491 5.88766
-0.949056 0.310161 0.0556056 8.31278 -0.307768 -0.950269 0.0476114 22.6776 0.0676075 0.0280723 0.997317 5.95628
-0.935073 0.349904 0.0566159 7.86297 -0.347568 -0.936467 0.0471923 22.5003 0.0695316 0.0244504 0.99728 6.00222
-0.919064 0.389634 0.0592162 7.39124 -0.387352 -0.920756 0.0465584 22.3021 0.0726644 0.0198526 0.997159 6.03444
-0.901213 0.429049 0.0610915 6.95284 -0.426551 -0.903082 0.0499751 22.0719 0.0766124 0.0189796 0.99688 6.05153
-0.882094 0.467311 0.0594204 6.54278 -0.464729 -0.883895 0.0524971 21.8293 0.0770539 0.018693 0.996852 6.11333
-0.861598 0.504116 0.0592935 6.11593 -0.501367 -0.863444 0.0556335 21.5667 0.0792424 0.0182059 0.996689 6.16021
-0.840316 0.539745 0.0504455 5.71879 -0.537262 -0.841608 0.0551856 21.2916 0.0722415 0.0192709 0.997201 6.20904
-0.816876 0.574765 0.0485712 5.32876 -0.5722 -0.818093 0.057548 20.9703 0.0728124 0.0192171 0.99716 6.26539
-0.791463 0.609478 0.0460746 4.92472 -0.607029 -0.792613 0.0572675 20.651 0.0714226 0.0173565 0.997295 6.30167
-0.76393 0.643706 0.0453245 4.57633 -0.641212 -0.765109 0.0587786 20.3219 0.0725144 0.0158401 0.997242 6.32682
-0.734819 0.6769 0.0429767 4.22035 -0.674523 -0.735944 0.0583512 19.9727 0.0711263 0.0138888 0.997371 6.35925
-0.704266 0.708687 0.0421071 3.84537 -0.706224 -0.705407 0.0604031 19.5947 0.0725095 0.0128028 0.997286 6.42268
-0.672908 0.738539 0.0419008 3.52033 -0.736002 -0.674121 0.0621417 19.211 0.0741403 0.0109766 0.997187 6.47409
