1 0 0 0 0 1 0 0 0 0 1 0
1 0.000130361 1.16313e-05 0.00350093 -0.000130361 1 -9.36583e-06 -0.00236307 -1.16325e-05 9.36431e-06 1 0.00132908
1 0.000126154 8.13113e-06 0.00530996 -0.000126154 1 -5.0584e-05 0.000378054 -8.13751e-06 5.0583e-05 1 0.00174847
1 7.77136e-05 2.51832e-06 0.00199163 -7.77136e-05 1 5.87791e-06 7.861e-05 -2.51786e-06 -5.8781e-06 1 0.000746229
1 2.58898e-06 -1.59665e-05 0.00357893 -2.58884e-06 1 9.00873e-06 -0.00105848 1.59666e-05 -9.00869e-06 1 0.000555525
1 -3.12173e-05 -2.10448e-05 -0.000588406 3.1218e-05 1 2.89669e-05 -2.76218e-05 2.10439e-05 -2.89676e-05 1 -0.00033026
1 -5.64102e-05 -3.38347e-05 0.00069753 5.64106e-05 1 1.35687e-05 0.00402463 3.38339e-05 -1.35706e-05 1 0.00123452
1 6.74241e-05 -5.20289e-06 0.0021178 -6.74242e-05 1 -1.567e-05 0.000136178 5.20184e-06 1.56704e-05 1 0.00112019
1 4.10839e-05 9.76268e-06 0.000477398 -4.1084e-05 1 9.22205e-06 0.00132712 -9.7623e-06 -9.22245e-06 1 0.000765341
1 5.7912e-05 -4.82779e-06 0.00357962 -5.7912e-05 1 -2.43448e-06 -0.000517347 4.82765e-06 2.43476e-06 1 0.000985441
1 -3.65453e-05 5.53479e-06 0.00216306 3.65454e-05 1 -8.03424e-06 0.000870861 -5.5345e-06 8.03444e-06 1 -8.50046e-05
1 7.93495e-05 3.78968e-05 -0.000239082 -7.93486e-05 1 -2.42782e-05 0.00047285 -3.78987e-05 2.42752e-05 1 0.00153601
1 6.80724e-05 -3.6861e-06 0.0019301 -6.80725e-05 1 -1.59348e-05 0.00224197 3.68502e-06 1.5935e-05 1 0.000411256
1 7.17372e-05 2.06624e-05 0.00206812 -7.17371e-05 1 -4.13558e-06 -0.000744514 -2.06627e-05 4.1341e-06 1 0.00111784
1 5.34666e-05 1.17295e-05 0.0010446 -5.34665e-05 1 -1.46475e-05 -7.52877e-05 -1.17303e-05 1.46469e-05 1 0.000190078
1 7.29338e-05 1.8248e-06 0.00274076 -7.29338e-05 1 1.38605e-05 -0.00129673 -1.82379e-06 -1.38606e-05 1 -0.000468151
1 6.77523e-05 2.09981e-05 0.00245323 -6.7752e-05 1 -1.16769e-05 -0.00549603 -2.09989e-05 1.16755e-05 1 -0.000405388
1 -0.000138319 -1.4922e-05 0.00200942 0.000138319 1 -9.03286e-06 -0.0107451 1.49233e-05 9.03079e-06 1 0.00121844
1 -0.000390076 -4.09246e-05 0.00416286 0.000390076 1 -1.4889e-05 -0.0115498 4.09304e-05 1.4873e-05 1 0.000290657
1 -0.000863216 8.36548e-06 0.0266241 0.000863217 1 -5.36969e-05 -0.0129255 -8.31912e-06 5.37041e-05 1 0.00108612
0.999996 -0.00274822 -4.21134e-05 0.0526303 0.00274822 0.999996 -3.33227e-05 -0.00905892 4.22048e-05 3.32069e-05 1 0.00030511
0.999991 -0.00415694 -8.42862e-05 0.0731103 0.00415695 0.999991 2.56533e-05 -0.0163382 8.41788e-05 -2.60035e-05 1 0.000556193
0.999979 -0.0065463 -0.000103836 0.109921 0.00654629 0.999979 -5.74854e-05 -0.00895501 0.00010421 5.68044e-05 1 -0.00108862
0.999965 -0.00841261 -7.18266e-05 0.158373 0.0084126 0.999965 -0.000130037 0.000392471 7.2918e-05 0.000129429 1 0.0017396
0.999937 -0.0111847 -0.000144983 0.20283 0.0111846 0.999937 -0.000136385 0.00240664 0.000146499 0.000134755 1 -0.00139935
0.999899 -0.0141883 -0.00023394 0.262744 0.0141883 0.999899 -6.71901e-05 0.00139961 0.00023487 6.38641e-05 1 0.000289865
0.999843 -0.0177066 -0.000258024 0.329876 0.0177066 0.999843 -0.000128168 0.0105149 0.000260253 0.000123579 1 0.00248855
0.999773 -0.0213095 -0.000318243 0.38797 0.0213094 0.999773 -0.000138496 0.0180796 0.000321122 0.000131683 1 0.00294894
0.999683 -0.0251709 -0.000367051 0.47511 0.0251709 0.999683 -0.000145499 0.0163616 0.000370597 0.000136214 1 -0.000428916
0.999575 -0.029154 -0.000507479 0.55662 0.0291539 0.999575 -0.000160833 0.0255364 0.000511952 0.00014597 1 0.000912627
0.999441 -0.0334193 -0.000710962 0.644488 0.0334193 0.999441 -6.76439e-05 0.0319307 0.000712826 4.38462e-05 1 0.000370297
0.999283 -0.0378545 -0.000743335 0.725902 0.0378544 0.999283 -0.000138331 0.0605872 0.000748039 0.000110093 1 -0.00233623
0.999098 -0.0424516 -0.000977178 0.818846 0.0424515 0.999099 -7.39643e-05 0.0515138 0.000979437 3.24149e-05 1 0.00501728
0.998899 -0.0469136 -0.000896704 0.918316 0.0469135 0.998899 -0.000156757 0.0856322 0.000903071 0.000114517 1 0.00460237
0.998692 -0.0511291 -0.000766321 1.03222 0.051129 0.998692 -0.000143982 0.0897816 0.000772681 0.000104612 1 0.00729255
0.998494 -0.0548549 -0.000809357 1.1481 0.0548547 0.998494 -0.00022745 0.106898 0.000820615 0.00018271 1 0.00984822
0.998265 -0.0588665 -0.000861301 1.27268 0.0588664 0.998266 -0.000156094 0.120016 0.000868996 0.000105122 1 0.0132032
0.998025 -0.0628156 -0.000905947 1.38396 0.0628154 0.998025 -0.000269885 0.12989 0.000921111 0.000212444 1 0.0124229
0.997766 -0.066803 -0.000788464 1.50728 0.0668027 0.997766 -0.000411301 0.121507 0.000814179 0.000357711 1 0.0151503
0.997574 -0.0696064 -0.000856013 1.62965 0.0696059 0.997574 -0.000610614 0.135395 0.00089644 0.000549549 0.999999 0.0193587
0.997389 -0.0722136 -0.00111028 1.75881 0.0722129 0.997389 -0.000619459 0.146625 0.00115212 0.000537665 0.999999 0.0184614
0.997197 -0.0748012 -0.00160554 1.87356 0.0748004 0.997198 -0.000578847 0.161096 0.00164434 0.000457129 0.999999 0.0203158
0.997148 -0.0754395 -0.00196896 2.0138 0.0754389 0.99715 -0.000381532 0.182595 0.00199213 0.000231908 0.999998 0.0208805
0.997107 -0.0759732 -0.00256737 2.16667 0.0759732 0.99711 -0.000108044 0.201185 0.00256816 -8.73204e-05 0.999997 0.0123769
0.997072 -0.076158 -0.00685104 2.30754 0.0761725 0.997093 0.00188376 0.208017 0.00668766 -0.00240011 0.999975 0.0267625
0.997136 -0.0752117 -0.00798313 2.45612 0.0752376 0.997161 0.00299609 0.219517 0.00773513 -0.00358814 0.999964 0.0280321
0.997311 -0.0728977 -0.00757267 2.63665 0.0729217 0.997333 0.00294564 0.228383 0.00733775 -0.00348993 0.999967 0.0446298
0.997435 -0.071201 -0.00729726 2.80483 0.0712136 0.99746 0.0014767 0.244398 0.00717358 -0.00199258 0.999972 0.0222071
0.997555 -0.0694631 -0.007703 2.96896 0.0694777 0.997582 0.00164587 0.250611 0.00757005 -0.00217703 0.999969 0.0361508
0.9977 -0.0673489 -0.00764227 3.1448 0.0673598 0.997728 0.00117931 0.257631 0.00754548 -0.00169138 0.99997 0.0196154
0.997863 -0.0648732 -0.00780755 3.32602 0.0648869 0.997891 0.00151955 0.283697 0.00769251 -0.00202291 0.999968 0.0441314
0.998025 -0.0622665 -0.00828161 3.53193 0.0622915 0.998054 0.00279293 0.285943 0.00809159 -0.00330328 0.999962 0.0731734
0.998166 -0.059933 -0.00847241 3.71488 0.0599618 0.998196 0.00317828 0.303884 0.00826664 -0.00368047 0.999959 0.0641343
0.998324 -0.0572103 -0.00869694 3.91383 0.0572426 0.998354 0.00351465 0.321774 0.00848156 -0.0040066 0.999956 0.0711154
0.998514 -0.0537554 -0.00893109 4.10618 0.0537858 0.998547 0.00319951 0.318994 0.00874613 -0.00367512 0.999955 0.0644647
0.998681 -0.0505702 -0.00884413 4.32477 0.0505916 0.998717 0.00221598 0.334339 0.00872072 -0.0026605 0.999958 0.0645912
0.998815 -0.0477584 -0.00931516 4.53387 0.0477763 0.998857 0.00170635 0.329422 0.00922302 -0.00214938 0.999955 0.0609066
0.998966 -0.0444507 -0.00956389 4.7022 0.0444718 0.999009 0.00200141 0.336173 0.00946545 -0.00242467 0.999952 0.0747621
0.999104 -0.0411173 -0.01005 4.92971 0.0411407 0.999151 0.002132 0.351009 0.00995379 -0.00254355 0.999947 0.0690521
0.999207 -0.0376634 -0.0129397 5.14843 0.0377138 0.999282 0.00367288 0.341614 0.0127921 -0.00415797 0.99991 0.0972497
0.999304 -0.0347767 -0.0134813 5.35634 0.0348273 0.999387 0.00353683 0.348264 0.01335 -0.00400388 0.999903 0.0958552
0.999385 -0.0326031 -0.0129068 5.57465 0.0326401 0.999464 0.00266706 0.347764 0.0128129 -0.0030867 0.999913 0.100193
0.999464 -0.0309799 -0.0105603 5.78361 0.030998 0.999518 0.00156226 0.372666 0.0105068 -0.00188877 0.999943 0.0888974
0.999526 -0.0291885 -0.00979144 5.98441 0.0292497 0.999553 0.00615963 0.368994 0.00960728 -0.00644311 0.999933 0.0849486
0.999584 -0.0269835 -0.0101489 6.20756 0.0270958 0.999571 0.0111033 0.37223 0.00984498 -0.0113737 0.999887 0.0759934
0.999639 -0.0246007 -0.0107846 6.426 0.0247482 0.999599 0.0137592 0.392148 0.0104418 -0.0140211 0.999847 0.0755302
0.999671 -0.023207 -0.0108783 6.64223 0.0233647 0.99962 0.0146021 0.399442 0.0105353 -0.0148515 0.999834 0.0811765
0.999713 -0.02161 -0.0103069 6.86371 0.0217454 0.999676 0.0132087 0.415615 0.0100181 -0.0134291 0.99986 0.0723824
0.999755 -0.019678 -0.0100996 7.08829 0.0197997 0.999731 0.0120959 0.407078 0.00985881 -0.0122929 0.999876 0.089656
0.999792 -0.0177751 -0.00996162 7.33192 0.01789 0.999773 0.0115679 0.398023 0.00975374 -0.0117437 0.999883 0.105978
0.999834 -0.015536 -0.00948547 7.52555 0.0156419 0.999815 0.0111895 0.392269 0.00930987 -0.011336 0.999892 0.113712
0.999848 -0.0144868 -0.00969032 7.77292 0.0145988 0.999826 0.0115897 0.411019 0.00952074 -0.0117294 0.999886 0.119614
0.999865 -0.0127081 -0.0104049 8.00636 0.0128484 0.999826 0.013532 0.412491 0.0102311 -0.0136639 0.999854 0.125557
0.999886 -0.0107006 -0.0106312 8.20996 0.0108793 0.999798 0.0168922 0.412512 0.0104483 -0.0170059 0.999801 0.096634
0.999907 -0.00814501 -0.0109359 8.44279 0.00833295 0.999816 0.0172511 0.431384 0.0107934 -0.0173406 0.999791 0.103298
0.999922 -0.00609524 -0.0109031 8.66548 0.00628109 0.999834 0.0170936 0.421102 0.0107971 -0.0171608 0.999794 0.126483
0.999937 -0.0037254 -0.0106057 8.8878 0.00391146 0.999838 0.0175776 0.418345 0.0105385 -0.017618 0.999789 0.128509
0.999946 -0.00136491 -0.0102716 9.13237 0.00155803 0.999822 0.0188164 0.431312 0.0102441 -0.0188314 0.99977 0.131208
0.999953 0.000325111 -0.00969809 9.36114 -0.000108003 0.99975 0.0223788 0.422021 0.00970293 -0.0223767 0.999703 0.128537
0.999947 0.00121376 -0.0102312 9.60415 -0.000979428 0.999738 0.0228779 0.44224 0.0102563 -0.0228667 0.999686 0.116662
0.999938 0.00372005 -0.0104569 9.83037 -0.00348842 0.99975 0.022083 0.438777 0.0105364 -0.0220452 0.999701 0.124062
0.999928 0.00465289 -0.0111014 10.0879 -0.00440918 0.999751 0.0218772 0.434001 0.0112005 -0.0218267 0.999699 0.129014
0.99991 0.0062008 -0.0118622 10.3063 -0.00593713 0.999737 0.0221356 0.415851 0.0119963 -0.0220632 0.999685 0.126999
0.999881 0.00799211 -0.0131859 10.5803 -0.00769802 0.999724 0.022205 0.420026 0.0133597 -0.0221009 0.999666 0.150882
0.999862 0.00990441 -0.0133086 10.8359 -0.00961682 0.999723 0.0215018 0.422274 0.0135179 -0.0213709 0.99968 0.152173
0.999851 0.0116562 -0.0127501 11.0964 -0.0113878 0.999716 0.0209251 0.425062 0.0129904 -0.0207768 0.9997 0.158202
0.999817 0.0135818 -0.0134828 11.3722 -0.0132841 0.999671 0.0219291 0.415026 0.0137762 -0.021746 0.999669 0.165277
0.999784 0.0152963 -0.0140646 11.6352 -0.0149789 0.999637 0.0223962 0.423752 0.0144021 -0.0221807 0.99965 0.166185
0.999749 0.0166427 -0.0150315 11.8955 -0.0163158 0.999633 0.0216152 0.401165 0.0153857 -0.0213645 0.999653 0.158111
0.999696 0.0184013 -0.0164115 12.1846 -0.0181028 0.999671 0.0181552 0.393945 0.0167402 -0.0178526 0.9997 0.174054
0.999653 0.0205209 -0.0165321 12.4643 -0.0202646 0.999674 0.0155215 0.380052 0.0168452 -0.0151811 0.999743 0.194535
0.999638 0.0221317 -0.0153197 12.7614 -0.0218957 0.999642 0.015405 0.370315 0.0156552 -0.015064 0.999764 0.201162
0.999633 0.0234015 -0.0136635 13.0459 -0.0231764 0.999597 0.016409 0.372008 0.014042 -0.0160863 0.999772 0.216621
0.999651 0.0243751 -0.0102309 13.3196 -0.0241952 0.999557 0.0173502 0.368375 0.0106493 -0.0170966 0.999797 0.202943
0.999612 0.0259351 -0.0101843 13.5996 -0.0257866 0.999563 0.01445 0.353775 0.0105546 -0.0141817 0.999844 0.202097
0.999547 0.0277582 -0.011633 13.8763 -0.0276188 0.999547 0.0119764 0.349354 0.0119601 -0.0116497 0.999861 0.220173
0.999488 0.0296047 -0.0121171 14.1594 -0.0294679 0.999502 0.0113165 0.338189 0.0124461 -0.0109536 0.999863 0.231641
0.999458 0.0309094 -0.0112931 14.4319 -0.0307766 0.999457 0.0117477 0.33117 0.0116501 -0.0113938 0.999867 0.236396
0.999423 0.0325184 -0.00979294 14.692 -0.0324104 0.999414 0.0109902 0.318145 0.0101446 -0.0106665 0.999892 0.239676
0.999387 0.0336607 -0.00958166 14.977 -0.0335627 0.999384 0.0102175 0.310856 0.00991969 -0.00988962 0.999902 0.245127
0.99934 0.0348982 -0.0100447 15.2509 -0.0348008 0.999347 0.00971023 0.295343 0.010377 -0.00935427 0.999902 0.249089
0.999281 0.0363779 -0.0106952 15.5149 -0.0362749 0.999295 0.00966379 0.284271 0.0110392 -0.00926887 0.999896 0.254058
0.999222 0.0377828 -0.0112683 15.7807 -0.037673 0.999242 0.00980553 0.287084 0.0116302 -0.00937339 0.999888 0.250882
0.999121 0.0399293 -0.0127252 16.0467 -0.0397884 0.999146 0.0111414 0.259744 0.0131592 -0.0106253 0.999857 0.265118
0.99908 0.0410487 -0.012452 16.3083 -0.0409013 0.999093 0.0118692 0.267915 0.0129279 -0.0113489 0.999852 0.269828
0.999049 0.042121 -0.0112841 16.5736 -0.041996 0.999056 0.0110986 0.248067 0.0117409 -0.0106142 0.999875 0.278763
0.99902 0.0435067 -0.00811498 16.8431 -0.0434252 0.999007 0.00996041 0.234313 0.00854027 -0.00959825 0.999917 0.266508
0.998957 0.044896 -0.00830247 17.1191 -0.0448222 0.998956 0.00887495 0.226217 0.00869225 -0.00849356 0.999926 0.279829
0.998838 0.0466155 -0.0122255 17.3485 -0.0464972 0.99887 0.00978957 0.208242 0.012668 -0.00920975 0.999877 0.29256
0.998691 0.048232 -0.0170446 17.6321 -0.047989 0.998744 0.014387 0.2024 0.0177171 -0.0135502 0.999751 0.29746
0.998582 0.0496677 -0.0191349 17.9083 -0.0493503 0.998642 0.0167134 0.175812 0.019939 -0.0157454 0.999677 0.298167
0.998509 0.0511077 -0.0191544 18.1732 -0.050796 0.998574 0.01642 0.171317 0.0199663 -0.0154226 0.999682 0.306932
0.998406 0.0531591 -0.0189408 18.4623 -0.0528859 0.998493 0.0146467 0.151468 0.0196908 -0.0136217 0.999713 0.322334
0.998352 0.0544103 -0.0182448 18.7793 -0.0541843 0.998451 0.0126637 0.139206 0.0189056 -0.0116543 0.999753 0.332991
0.998317 0.055512 -0.0167542 19.0787 -0.055291 0.998381 0.0133791 0.12192 0.0174698 -0.0124302 0.99977 0.340417
0.998204 0.0577487 -0.0159039 19.3641 -0.0575277 0.998245 0.014019 0.117822 0.0166855 -0.0130789 0.999775 0.323327
0.998044 0.0600073 -0.0175484 19.6791 -0.0596654 0.99803 0.0193937 0.0953903 0.0186776 -0.0183087 0.999658 0.330917
0.99797 0.0615595 -0.0163257 19.9855 -0.0611944 0.997884 0.0219902 0.0725487 0.0176449 -0.0209465 0.999625 0.32931
0.997909 0.0629488 -0.0146436 20.2956 -0.0626552 0.997841 0.0197079 0.0442061 0.0158525 -0.0187492 0.999699 0.348101
0.997823 0.0643602 -0.0144191 20.6182 -0.0641434 0.997828 0.0150235 0.0323218 0.0153547 -0.0140658 0.999783 0.3753
0.997696 0.066232 -0.0147253 20.943 -0.0660591 0.997744 0.0119398 0.00798713 0.0154829 -0.0109395 0.99982 0.390265
0.997557 0.067907 -0.016407 21.2594 -0.0677587 0.997657 0.00943308 -0.0284655 0.0170091 -0.00829831 0.999821 0.388701
0.997319 0.0698311 -0.0218956 21.5693 -0.0696888 0.997543 0.00720045 -0.0446839 0.0223446 -0.00565526 0.999734 0.399762
0.996962 0.0722549 -0.0290761 21.8495 -0.0720595 0.997371 0.0077119 -0.0648363 0.0295568 -0.00559326 0.999547 0.404708
0.996531 0.0740248 -0.0380373 22.1658 -0.0736396 0.997219 0.01143 -0.086694 0.0387776 -0.00858926 0.999211 0.395064
0.995911 0.0756459 -0.0493906 22.4773 -0.0750399 0.997082 0.0140125 -0.111381 0.0503065 -0.0102489 0.998681 0.422633
0.995202 0.0780013 -0.0590594 22.762 -0.077281 0.996906 0.0143859 -0.146471 0.0599988 -0.00975268 0.998151 0.444037
0.994569 0.0796819 -0.06696 23.0782 -0.0790115 0.996794 0.012606 -0.154466 0.0677498 -0.00724695 0.997676 0.460066
0.993851 0.081104 -0.0753835 23.3842 -0.080655 0.996702 0.00898616 -0.199494 0.0758636 -0.00285084 0.997114 0.483038
0.993119 0.0817332 -0.0838735 23.6888 -0.0815531 0.996653 0.00557724 -0.2279 0.0840487 0.00130128 0.996461 0.499794
0.992458 0.0819708 -0.0911521 23.9885 -0.0821371 0.996619 0.00193155 -0.258127 0.0910023 0.00556999 0.995835 0.524562
0.992004 0.0816877 -0.0961998 24.2747 -0.082071 0.996626 -2.71792e-05 -0.292656 0.095873 0.00792217 0.995362 0.56525
0.99183 0.0816018 -0.0980528 24.5873 -0.0817492 0.99665 0.00251937 -0.311617 0.0979299 0.00551696 0.995178 0.584588
0.991735 0.0815671 -0.0990361 24.8999 -0.0809741 0.996666 0.0099989 -0.32793 0.0995215 -0.0018969 0.995034 0.615635
0.991778 0.0808889 -0.0991635 25.1864 -0.0797861 0.996698 0.0150431 -0.338357 0.100053 -0.00700758 0.994957 0.623592
0.991817 0.0802885 -0.099258 25.4687 -0.079391 0.996759 0.0129652 -0.368667 0.0999773 -0.00497896 0.994977 0.657021
0.991775 0.0797991 -0.100069 25.7844 -0.0795696 0.996809 0.00628817 -0.396654 0.100252 0.00172602 0.994961 0.704929
0.991803 0.0788053 -0.100584 26.0583 -0.0792163 0.996857 -9.23926e-05 -0.42728 0.10026 0.00805951 0.994929 0.743124
0.991905 0.0775625 -0.100543 26.3428 -0.0780376 0.99695 -0.000794727 -0.447005 0.100174 0.00863441 0.994932 0.778753
0.991936 0.0768503 -0.100785 26.6276 -0.0772935 0.997008 -0.000494819 -0.477283 0.100445 0.00828082 0.994908 0.801918
0.9919 0.0766339 -0.101298 26.9112 -0.0770174 0.99703 0.00012476 -0.495891 0.101007 0.00767799 0.994856 0.825661
0.991535 0.0771119 -0.104461 27.1838 -0.0773664 0.997001 0.0016194 -0.501442 0.104273 0.0064761 0.994528 0.859404
0.99125 0.0774534 -0.106884 27.4576 -0.0772987 0.996992 0.00559552 -0.507505 0.106996 0.00271543 0.994256 0.883736
0.991206 0.0768894 -0.107693 27.7337 -0.0761822 0.997037 0.0106717 -0.537705 0.108194 -0.00237355 0.994127 0.916253
0.991201 0.0759171 -0.108433 28.0265 -0.0753822 0.997114 0.00902958 -0.5637 0.108805 -0.000776227 0.994063 0.942009
0.99111 0.074994 -0.109891 28.2917 -0.0749233 0.997178 0.00477808 -0.593839 0.109939 0.00349775 0.993932 0.981715
0.991063 0.0739488 -0.11102 28.557 -0.074346 0.997232 0.000564133 -0.621945 0.110754 0.00769477 0.993818 1.01541
0.991068 0.0733388 -0.11138 28.8375 -0.074017 0.997255 -0.00196047 -0.634449 0.11093 0.010187 0.993776 1.04204
0.991195 0.07273 -0.110647 29.1046 -0.073255 0.997313 -0.000681636 -0.647426 0.1103 0.00878106 0.99386 1.07547
0.991173 0.072745 -0.110836 29.3856 -0.0729706 0.997332 0.00202563 -0.667307 0.110688 0.00608002 0.993837 1.10045
0.991221 0.0723956 -0.110637 29.6637 -0.072233 0.997373 0.00548235 -0.685213 0.110743 0.00255741 0.993846 1.12732
0.991438 0.0711828 -0.10947 29.9252 -0.0710189 0.99746 0.00540068 -0.705207 0.109577 0.00242001 0.993975 1.15543
0.991749 0.0703951 -0.107139 30.2038 -0.0705938 0.997503 0.00194137 -0.725446 0.107009 0.00563802 0.994242 1.18579
0.991946 0.0705109 -0.105222 30.475 -0.0709376 0.997481 -0.00031327 -0.735589 0.104935 0.00777495 0.994449 1.23378
0.992107 0.0697082 -0.104232 30.757 -0.0700083 0.997546 0.000781519 -0.748633 0.104031 0.00652176 0.994553 1.27552
0.992344 0.0690025 -0.102428 31.0385 -0.0689712 0.997611 0.00385184 -0.7726 0.102449 0.00324223 0.994733 1.2973
0.992417 0.0690025 -0.101723 31.2772 -0.0688389 0.997615 0.00512197 -0.79212 0.101834 0.00191936 0.9948 1.31559
0.992411 0.0680717 -0.102407 31.5587 -0.0679416 0.997678 0.00476138 -0.801626 0.102493 0.00223242 0.994731 1.33659
0.992492 0.066987 -0.102335 31.8311 -0.0668812 0.997751 0.00446818 -0.826116 0.102404 0.00240965 0.99474 1.37645
0.992677 0.0664357 -0.100891 32.102 -0.0663957 0.997786 0.00375795 -0.840415 0.100917 0.00296829 0.99489 1.40905
0.992823 0.0663023 -0.0995283 32.3869 -0.0663311 0.997793 0.0030242 -0.847879 0.0995091 0.00359932 0.99503 1.44124
0.99285 0.0655908 -0.0997349 32.661 -0.0655902 0.997841 0.00328901 -0.868942 0.0997353 0.00327614 0.995009 1.47289
0.992905 0.064688 -0.0997747 32.9441 -0.0646447 0.997902 0.00367019 -0.888794 0.0998027 0.00280575 0.995003 1.50191
0.992988 0.0644963 -0.0990743 33.2332 -0.0644227 0.997915 0.00394535 -0.903883 0.0991222 0.00246496 0.995072 1.52901
0.992973 0.0642887 -0.0993551 33.5175 -0.0641283 0.99793 0.00481039 -0.913583 0.0994587 0.00159488 0.99504 1.56019
0.992931 0.0641429 -0.0998711 33.8072 -0.0637216 0.99794 0.00740547 -0.932601 0.10014 -0.000989172 0.994973 1.59387
0.99301 0.0638804 -0.0992461 34.1084 -0.0631926 0.997951 0.0100614 -0.950984 0.0996854 -0.00371944 0.995012 1.61842
0.99324 0.0628539 -0.09759 34.4172 -0.0621155 0.998013 0.0105898 -0.968034 0.0980617 -0.00445632 0.99517 1.65112
0.993207 0.0616387 -0.098691 34.7081 -0.0610835 0.998095 0.00864024 -0.987633 0.0990356 -0.00255316 0.995081 1.69186
0.993026 0.061113 -0.100824 35.0128 -0.0606339 0.998129 0.00781223 -1.01493 0.101113 -0.00164437 0.994874 1.71014
0.992804 0.0608128 -0.103163 35.3188 -0.0602749 0.998147 0.00832642 -1.03263 0.103478 -0.00204837 0.99463 1.7526
0.992495 0.0603626 -0.10635 35.6314 -0.0597169 0.998173 0.00924871 -1.04098 0.106714 -0.00282843 0.994286 1.78679
0.992159 0.0593929 -0.10997 35.9453 -0.0587898 0.998232 0.00872158 -1.05581 0.110294 -0.00218807 0.993897 1.81909
0.9922 0.0589284 -0.10985 36.2528 -0.0584034 0.998261 0.00799331 -1.07724 0.11013 -0.00151535 0.993916 1.84644
0.992498 0.0579805 -0.107635 36.5918 -0.0577004 0.998318 0.00571761 -1.09862 0.107786 0.000535866 0.994174 1.89149
0.992611 0.0568789 -0.107186 36.9061 -0.056722 0.99838 0.00451445 -1.10533 0.107269 0.00159871 0.994229 1.92459
0.992437 0.0562597 -0.109106 37.2444 -0.0558176 0.998416 0.00710438 -1.12162 0.109332 -0.000960639 0.994005 1.97091
0.992406 0.0554725 -0.109783 37.5662 -0.0545687 0.998447 0.0112224 -1.13441 0.110235 -0.00514648 0.993892 1.99001
0.992608 0.0541847 -0.108593 37.8948 -0.053067 0.998504 0.0131585 -1.16203 0.109144 -0.00729852 0.993999 2.02089
0.992968 0.0525017 -0.106105 38.2278 -0.0516323 0.998606 0.0109254 -1.17821 0.106531 -0.00537012 0.994295 2.06489
0.993236 0.0512998 -0.104162 38.5614 -0.0508516 0.998682 0.00695606 -1.19602 0.104382 -0.00161219 0.994536 2.10356
0.993271 0.0492166 -0.104837 38.8825 -0.0491469 0.998786 0.00324992 -1.20926 0.10487 0.00192435 0.994484 2.14309
0.993328 0.0472806 -0.105181 39.2092 -0.0470747 0.998882 0.00444061 -1.21297 0.105274 0.000540397 0.994443 2.18002
0.993436 0.0466843 -0.104426 39.5526 -0.0460619 0.998904 0.00836498 -1.23074 0.104702 -0.00350003 0.994498 2.22267
0.993501 0.0457264 -0.104232 39.8892 -0.0448344 0.998935 0.0108861 -1.24102 0.104619 -0.0061422 0.994493 2.24196
0.993526 0.0442783 -0.104621 40.2208 -0.0433666 0.998999 0.0109745 -1.24908 0.105003 -0.00636633 0.994452 2.28394
0.993713 0.0428384 -0.103442 40.5616 -0.0421063 0.99907 0.00925148 -1.26778 0.103742 -0.00483775 0.994592 2.32432
0.993872 0.041154 -0.102594 40.8845 -0.0406458 0.999149 0.00703988 -1.27706 0.102796 -0.00282673 0.994698 2.36028
0.99389 0.0400793 -0.102839 41.2263 -0.0396659 0.999195 0.00606234 -1.29243 0.102999 -0.00194609 0.99468 2.39825
0.993899 0.0389716 -0.103177 41.5601 -0.038547 0.999238 0.00610671 -1.30421 0.103336 -0.00209231 0.994644 2.42851
0.993841 0.0375765 -0.10425 41.8947 -0.0370732 0.99929 0.00676173 -1.3122 0.10443 -0.00285521 0.994528 2.46351
0.993781 0.0367312 -0.105119 42.2249 -0.0360997 0.999317 0.00790425 -1.32347 0.105337 -0.00406035 0.994428 2.50605
0.993924 0.0356226 -0.104149 42.5695 -0.0349264 0.999354 0.00850167 -1.33092 0.104384 -0.00481247 0.994525 2.53643
0.994081 0.0342132 -0.103112 42.9169 -0.0336087 0.999406 0.00759476 -1.33488 0.103311 -0.00408434 0.994641 2.59046
0.994123 0.0331803 -0.10305 43.2547 -0.0325811 0.999441 0.00749345 -1.34168 0.103241 -0.00409193 0.994648 2.61905
0.994036 0.0333089 -0.103838 43.5779 -0.0324607 0.999424 0.0098479 -1.34592 0.104106 -0.00641853 0.994546 2.65392
0.994019 0.033698 -0.103879 43.9194 -0.0326512 0.999398 0.0117615 -1.3669 0.104212 -0.00829938 0.99452 2.67418
0.993957 0.0342279 -0.104299 44.2615 -0.0331773 0.99938 0.0117916 -1.38619 0.104638 -0.00825993 0.994476 2.71839
0.993971 0.0347411 -0.103996 44.6037 -0.0339335 0.999379 0.00952582 -1.39542 0.104263 -0.00593943 0.994532 2.75787
0.994005 0.035061 -0.103557 44.9439 -0.0344932 0.999378 0.00726967 -1.40443 0.103748 -0.00365408 0.994597 2.80978
0.993993 0.0354844 -0.103531 45.2922 -0.034959 0.999365 0.0068857 -1.41499 0.103709 -0.00322501 0.994602 2.8456
0.993948 0.0362817 -0.10369 45.6281 -0.0356921 0.999334 0.00753633 -1.42056 0.103895 -0.00378979 0.994581 2.87832
0.993963 0.0370309 -0.103274 45.9718 -0.0362598 0.999299 0.00933422 -1.42602 0.103547 -0.00553318 0.994609 2.91952
0.994029 0.0376816 -0.102402 46.3164 -0.0367754 0.999266 0.010724 -1.441 0.102731 -0.00689414 0.994685 2.95805
0.994017 0.0380376 -0.102388 46.6241 -0.0371054 0.999251 0.0109946 -1.44851 0.102729 -0.0071297 0.994684 2.98678
0.993943 0.0383144 -0.102998 46.9417 -0.0375421 0.999251 0.00942744 -1.47619 0.103282 -0.00550359 0.994637 3.01892
0.993855 0.038305 -0.103847 47.2586 -0.0376961 0.999259 0.00782 -1.48388 0.104069 -0.00385733 0.994563 3.05496
0.993667 0.0383471 -0.105615 47.5473 -0.0377714 0.999259 0.00744688 -1.49186 0.105822 -0.00341049 0.994379 3.0954
0.993415 0.0386068 -0.107868 47.8254 -0.0379736 0.999247 0.00791867 -1.50659 0.108093 -0.00377038 0.994134 3.13215
0.993232 0.0389156 -0.109437 48.116 -0.0383299 0.999237 0.00745109 -1.51924 0.109644 -0.00320595 0.993966 3.16913
0.993216 0.0389809 -0.109555 48.396 -0.0384917 0.999237 0.00657756 -1.53258 0.109728 -0.00231598 0.993959 3.1869
0.993201 0.0394904 -0.109513 48.6599 -0.0391516 0.99922 0.00524265 -1.55056 0.109635 -0.000919381 0.993972 3.21573
0.993104 0.0396674 -0.110319 48.9103 -0.0394987 0.999213 0.00371448 -1.55702 0.110379 0.000668581 0.993889 3.24819
0.993158 0.0394952 -0.109901 49.172 -0.0393907 0.999219 0.00312285 -1.56449 0.109938 0.00122759 0.993938 3.27004
0.993299 0.0399123 -0.108467 49.4125 -0.0398733 0.999202 0.00252938 -1.58 0.108481 0.00181251 0.994097 3.31443
0.993444 0.040194 -0.107018 49.6449 -0.0402786 0.999188 0.00137216 -1.58755 0.106986 0.00294736 0.994256 3.33696
0.993494 0.0404207 -0.106469 49.8703 -0.0405013 0.999178 0.00140589 -1.59125 0.106438 0.00291538 0.994315 3.36774
0.993535 0.0407754 -0.105953 50.075 -0.0407746 0.999166 0.00217506 -1.60257 0.105954 0.00215921 0.994369 3.38199
0.99347 0.0411102 -0.106426 50.2898 -0.0410571 0.999153 0.00269143 -1.61677 0.106446 0.00169568 0.994317 3.41179
0.99337 0.0411098 -0.107362 50.4802 -0.0410804 0.999153 0.00248658 -1.6283 0.107374 0.0019404 0.994217 3.43163
0.993327 0.0408485 -0.107852 50.64 -0.0408943 0.999162 0.00178794 -1.63272 0.107834 0.0026345 0.994165 3.44809
0.993348 0.0399652 -0.107997 50.811 -0.0400758 0.999196 0.00114753 -1.63158 0.107956 0.00318816 0.994151 3.4673
0.993361 0.0387584 -0.108314 50.9826 -0.0388542 0.999244 0.0012266 -1.65086 0.108279 0.00298997 0.994116 3.49902
0.993467 0.0365843 -0.1081 51.148 -0.0366329 0.999328 0.00153679 -1.66312 0.108083 0.00243326 0.994139 3.51376
0.993644 0.0328574 -0.10767 51.2971 -0.0328805 0.999458 0.00156091 -1.65229 0.107663 0.00198925 0.994185 3.5274
0.99386 0.0279212 -0.107062 51.443 -0.027961 0.999608 0.00113052 -1.64685 0.107051 0.00186997 0.994252 3.54449
0.994058 0.0220478 -0.106591 51.5912 -0.0222465 0.999752 -0.0006756 -1.64659 0.10655 0.00304287 0.994303 3.56
0.994198 0.0151305 -0.106498 51.7288 -0.0153867 0.99988 -0.00158385 -1.64304 0.106461 0.00321331 0.994312 3.57987
0.994215 0.0075166 -0.107147 51.8577 -0.00775905 0.999968 -0.00184609 -1.63193 0.107129 0.00266677 0.994242 3.59458
0.994146 -0.000510583 -0.108047 51.9874 0.000352015 0.999999 -0.00148664 -1.63412 0.108048 0.0014399 0.994145 3.60069
0.993975 -0.00869715 -0.109258 52.1214 0.00867403 0.999962 -0.000686848 -1.62542 0.109259 -0.000264994 0.994013 3.61098
0.993752 -0.0172714 -0.110268 52.2639 0.0174341 0.999848 0.000510993 -1.60969 0.110242 -0.00243022 0.993902 3.62295
0.99358 -0.0261445 -0.110074 52.4208 0.026451 0.999649 0.00132492 -1.60078 0.11 -0.00422797 0.993923 3.63859
0.993371 -0.0353501 -0.109386 52.5868 0.0357167 0.999361 0.00139275 -1.57436 0.109267 -0.00529044 0.993998 3.66508
0.993163 -0.0448589 -0.107772 52.7597 0.0453445 0.998969 0.00205883 -1.55802 0.107569 -0.00693163 0.994173 3.67786
0.992862 -0.0549648 -0.105849 52.9446 0.0556234 0.998446 0.0032777 -1.53345 0.105505 -0.00914201 0.994377 3.70782
0.992441 -0.0653206 -0.10389 53.1198 0.0661448 0.9978 0.0045048 -1.50958 0.103367 -0.0113426 0.994579 3.72903
0.991823 -0.0756676 -0.102773 53.3171 0.0764713 0.997064 0.00389726 -1.50044 0.102176 -0.0117246 0.994697 3.7464
0.991197 -0.0874593 -0.0993917 53.514 0.0877997 0.996138 -0.000952478 -1.47285 0.0990911 -0.00778247 0.995048 3.77652
0.99063 -0.0985959 -0.0945082 53.7123 0.098581 0.995117 -0.00483734 -1.45552 0.0945237 -0.0045247 0.995512 3.80031
0.989932 -0.10926 -0.0899873 53.9345 0.109284 0.994 -0.00467835 -1.41432 0.0899585 -0.00520293 0.995932 3.82763
0.989025 -0.120262 -0.0858279 54.1413 0.120721 0.992686 0.000157481 -1.37072 0.0851812 -0.010517 0.99631 3.83936
0.988019 -0.130775 -0.0819569 54.3652 0.131646 0.991283 0.00529319 -1.32373 0.0805502 -0.0160191 0.996622 3.84178
0.987026 -0.140237 -0.0781838 54.5886 0.141247 0.989946 0.00750388 -1.28041 0.0763454 -0.0184497 0.996911 3.8534
0.986115 -0.149555 -0.0721899 54.8143 0.150321 0.988623 0.00526206 -1.24927 0.0705816 -0.0160407 0.997377 3.87683
0.985243 -0.15808 -0.0656338 55.0515 0.158578 0.987343 0.00241742 -1.20787 0.064421 -0.0127899 0.997841 3.92462
0.984382 -0.165722 -0.0594075 55.2838 0.166147 0.986098 0.00225716 -1.15415 0.0582076 -0.0120923 0.998231 3.93846
0.983578 -0.172515 -0.0530447 55.529 0.173006 0.984909 0.00478106 -1.1086 0.0514194 -0.0138796 0.998581 3.94137
0.982845 -0.178584 -0.0460724 55.7868 0.179119 0.983797 0.00772464 -1.05151 0.0439464 -0.0158446 0.998908 3.96297
0.982456 -0.18262 -0.0378124 56.0366 0.183051 0.983069 0.00824021 -1.00484 0.0356674 -0.0150172 0.999251 3.96665
0.982039 -0.186373 -0.0293974 56.3013 0.186553 0.982439 0.00350742 -0.961014 0.0282274 -0.0089286 0.999562 3.98011
0.9818 -0.188607 -0.0222887 56.5669 0.188621 0.982049 -0.00148708 -0.922594 0.0221691 -0.00274409 0.99975 4.01164
0.981895 -0.188644 -0.017219 56.8294 0.188632 0.982045 -0.0023208 -0.866291 0.0173476 -0.000969272 0.999849 4.05404
0.98212 -0.187723 -0.0141529 57.1085 0.187757 0.982215 0.00106322 -0.806398 0.0137016 -0.00370152 0.999899 4.03045
0.982305 -0.186923 -0.0116626 57.3903 0.186986 0.982351 0.00465048 -0.743127 0.0105875 -0.00674893 0.999921 4.0247
0.982787 -0.184537 -0.00868666 57.6771 0.184576 0.98281 0.00394557 -0.706894 0.00780923 -0.00548101 0.999954 4.01892
0.983457 -0.181041 -0.00604689 57.9762 0.181042 0.983475 -0.000434769 -0.653979 0.00602568 -0.000667162 0.999982 4.0481
0.984209 -0.176929 -0.00545762 58.2711 0.176912 0.984221 -0.00344958 -0.612899 0.00598184 0.00242959 0.999979 4.06701
0.985109 -0.171785 -0.0070965 58.5617 0.171763 0.985132 -0.00360078 -0.561656 0.00760954 0.00232824 0.999968 4.07415
0.986236 -0.165082 -0.00933327 58.8815 0.165076 0.98628 -0.00146094 -0.498813 0.00944639 -9.98631e-05 0.999955 4.05381
0.98755 -0.156912 -0.0111049 59.2035 0.156915 0.987612 -0.000653345 -0.452914 0.0110698 -0.00109731 0.999938 4.04222
0.98899 -0.147482 -0.0121329 59.5424 0.14747 0.989065 -0.00186335 -0.426398 0.012275 5.35961e-05 0.999925 4.04487
0.990463 -0.137237 -0.0122024 59.8797 0.137182 0.990532 -0.00524284 -0.380306 0.0128064 0.00351889 0.999912 4.06008
0.992005 -0.125628 -0.0119713 60.2322 0.125558 0.992065 -0.00643124 -0.33716 0.0126843 0.00487672 0.999908 4.08896
0.993614 -0.1122 -0.0119628 60.6013 0.112135 0.993675 -0.00592929 -0.316996 0.0125525 0.00454997 0.999911 4.09145
0.995101 -0.0981937 -0.0115267 60.9902 0.0981366 0.995158 -0.00541841 -0.283999 0.0120029 0.00426068 0.999919 4.08723
0.99644 -0.0835804 -0.0110583 61.3722 0.0835243 0.996491 -0.00544087 -0.253135 0.0114742 0.00449786 0.999924 4.10115
0.997618 -0.0681527 -0.010619 61.7633 0.0680992 0.997664 -0.00532315 -0.237534 0.0109569 0.00458733 0.999929 4.10434
0.998555 -0.0528034 -0.0100295 62.1643 0.0527443 0.99859 -0.00606528 -0.226722 0.0103356 0.00552752 0.999931 4.10293
0.999267 -0.0371272 -0.00929511 62.5517 0.0370656 0.99929 -0.00670542 -0.226321 0.00953747 0.00635597 0.999934 4.11043
0.999732 -0.0213506 -0.00893041 62.9607 0.0212871 0.999748 -0.00715092 -0.222986 0.00908084 0.00695891 0.999935 4.11722
0.999945 -0.00559078 -0.00884329 63.3757 0.0055238 0.999956 -0.0075797 -0.238756 0.00888527 0.00753043 0.999932 4.12519
0.999918 0.00964752 -0.00843125 63.7942 -0.00971679 0.999919 -0.00821426 -0.255045 0.00835132 0.00829551 0.999931 4.11926
0.999671 0.0244399 -0.00780866 64.2026 -0.0245254 0.999638 -0.0110521 -0.265037 0.00753572 0.0112399 0.999908 4.14102
0.99921 0.0391996 -0.00657783 64.6153 -0.0392816 0.999146 -0.0128359 -0.288455 0.00606905 0.0130842 0.999896 4.1437
0.998528 0.0539193 -0.0058451 65.038 -0.0539911 0.998458 -0.0129256 -0.324276 0.00513915 0.0132221 0.999899 4.14524
0.997672 0.0679498 -0.00573074 65.4578 -0.0680166 0.997607 -0.0124064 -0.36777 0.00487401 0.0127673 0.999907 4.15451
0.996651 0.0815516 -0.00603011 65.8737 -0.081624 0.996579 -0.01294 -0.415146 0.0049542 0.0133889 0.999898 4.15318
0.995464 0.0948917 -0.00679499 66.3027 -0.0949814 0.995375 -0.0143879 -0.456451 0.00539828 0.014968 0.999873 4.163
0.994098 0.108257 -0.00700443 66.725 -0.108352 0.993997 -0.0151244 -0.506762 0.00532507 0.0157941 0.999861 4.16627
0.992538 0.121762 -0.00648031 67.1469 -0.121855 0.992408 -0.016684 -0.579369 0.00439963 0.0173492 0.99984 4.17167
0.990917 0.134292 -0.00695276 67.5964 -0.134395 0.990775 -0.0173827 -0.641944 0.00455427 0.0181592 0.999825 4.1826
0.989179 0.146511 -0.00777478 68.0206 -0.146624 0.989048 -0.0168871 -0.720368 0.00521549 0.0178443 0.999827 4.18531
0.98747 0.157562 -0.0087698 68.4575 -0.157691 0.987346 -0.0167645 -0.802294 0.00601739 0.0179373 0.999821 4.19654
0.985862 0.167335 -0.00866647 68.8952 -0.167465 0.985722 -0.0175368 -0.873955 0.0056082 0.0187402 0.999809 4.19387
0.984305 0.176219 -0.00951002 69.328 -0.17637 0.98415 -0.0185061 -0.964099 0.00609815 0.0198929 0.999784 4.20428
0.982776 0.184492 -0.0106562 69.7728 -0.184666 0.982625 -0.0186356 -1.05124 0.00703288 0.0202825 0.99977 4.20521
0.981405 0.191627 -0.0110762 70.217 -0.191801 0.981272 -0.0177952 -1.14954 0.0074587 0.0195887 0.99978 4.22119
0.980078 0.198302 -0.0111433 70.6573 -0.198476 0.979948 -0.0176022 -1.23056 0.0074293 0.0194632 0.999783 4.2197
0.97879 0.204578 -0.0108439 71.1201 -0.204742 0.978666 -0.0171278 -1.32424 0.0071086 0.0189847 0.999795 4.23553
0.977549 0.210446 -0.0105437 71.5814 -0.210598 0.977437 -0.0162825 -1.42819 0.00687919 0.0181374 0.999812 4.23068
0.976495 0.215262 -0.0109074 72.0526 -0.215426 0.976369 -0.0171608 -1.5346 0.00695555 0.0191071 0.999793 4.23522
0.975656 0.219033 -0.0109607 72.5116 -0.219207 0.9755 -0.0186516 -1.65152 0.0066069 0.0206002 0.999766 4.25342
0.974991 0.222004 -0.0103032 72.9769 -0.222168 0.974817 -0.0193075 -1.75284 0.00575736 0.0211137 0.999761 4.24942
0.974308 0.224991 -0.0101554 73.4411 -0.225148 0.974148 -0.0185326 -1.86306 0.00572318 0.0203429 0.999777 4.26151
0.973685 0.227618 -0.0112543 73.9184 -0.227789 0.973555 -0.0173879 -1.96928 0.00699886 0.019494 0.999785 4.26087
0.973218 0.229556 -0.0122871 74.3934 -0.229734 0.973125 -0.015828 -2.08184 0.0083235 0.0182269 0.999799 4.27296
0.973042 0.230236 -0.0134237 74.871 -0.230435 0.972958 -0.0158694 -2.1931 0.00940701 0.0185349 0.999784 4.27034
0.972929 0.230674 -0.0140984 75.3436 -0.230894 0.972837 -0.0166283 -2.31499 0.00987969 0.0194334 0.999762 4.28334
0.972864 0.230865 -0.0154069 75.8341 -0.231102 0.972799 -0.0159448 -2.41576 0.0113067 0.0190727 0.999754 4.30828
0.972739 0.23139 -0.015415 76.3209 -0.231605 0.972708 -0.0140684 -2.53075 0.0117391 0.0172551 0.999782 4.30166
0.97259 0.231985 -0.0158826 76.8057 -0.232181 0.972601 -0.0118127 -2.64742 0.0127071 0.0151766 0.999804 4.31571
0.972413 0.232815 -0.0145041 77.2935 -0.232975 0.972426 -0.0105166 -2.76327 0.0116558 0.0136055 0.99984 4.3222
0.972109 0.234181 -0.0127825 77.7927 -0.234316 0.972106 -0.0102885 -2.87644 0.0100166 0.0129967 0.999865 4.32602
0.971589 0.236415 -0.0110342 78.2845 -0.236517 0.971585 -0.00903293 -2.98358 0.00858516 0.0113861 0.999898 4.34381
0.97068 0.240188 -0.00952554 78.7752 -0.240259 0.970682 -0.00719256 -3.09029 0.0075187 0.00927027 0.999929 4.34088
0.969356 0.245569 -0.0066637 79.2548 -0.245606 0.969354 -0.00556688 -3.22936 0.00509243 0.00703293 0.999962 4.35416
0.96769 0.252061 -0.00641431 79.7574 -0.252094 0.96769 -0.00499757 -3.34634 0.00494737 0.00645311 0.999967 4.34001
0.965568 0.260076 -0.00631719 80.2356 -0.260107 0.965568 -0.00482996 -3.48902 0.00484352 0.0063068 0.999968 4.36752
0.963093 0.269117 -0.00529222 80.7217 -0.269141 0.963091 -0.00442072 -3.62046 0.0039072 0.00568191 0.999976 4.36811
0.960213 0.279242 -0.00379288 81.2022 -0.279256 0.960209 -0.00387082 -3.76282 0.00256106 0.004776 0.999985 4.36716
0.957046 0.289923 -0.00288447 81.6821 -0.289932 0.957041 -0.00355569 -3.91204 0.00172968 0.00423926 0.99999 4.373
0.953368 0.301807 -0.00165154 82.1455 -0.301811 0.953362 -0.00346746 -4.06425 0.000528015 0.00380421 0.999993 4.38069
0.949212 0.314635 -0.00110685 82.6176 -0.314637 0.949203 -0.00408301 -4.22581 -0.000234036 0.0042239 0.999991 4.38928
0.944475 0.328583 -0.000458823 83.0678 -0.328582 0.944466 -0.00425666 -4.38808 -0.000965324 0.00417107 0.999991 4.38175
0.939174 0.343442 -0.000264442 83.5211 -0.34344 0.939165 -0.00428237 -4.5707 -0.00122239 0.00411271 0.999991 4.39407
0.933228 0.359284 -0.000255102 83.9737 -0.359281 0.933217 -0.00493104 -4.74676 -0.00153358 0.00469344 0.999988 4.38646
0.926804 0.375545 -0.000780792 84.4172 -0.375542 0.926783 -0.00639023 -4.949 -0.00167619 0.00621571 0.999979 4.39169
0.920158 0.391543 -0.00191639 84.8522 -0.391544 0.920117 -0.00887788 -5.15441 -0.00171277 0.0089194 0.999959 4.4044
0.913496 0.406836 -0.00303177 85.278 -0.406845 0.913443 -0.00993998 -5.34743 -0.00127459 0.0103136 0.999946 4.4143
0.906613 0.421944 -0.00411089 85.698 -0.421963 0.906556 -0.0101871 -5.55714 -0.000571627 0.0109704 0.99994 4.41358
0.8996 0.436685 -0.0051418 86.1114 -0.436715 0.899554 -0.00910305 -5.77213 0.000650158 0.0104346 0.999945 4.40477
0.892959 0.4501 -0.00585352 86.5218 -0.450137 0.892905 -0.009868 -5.99118 0.000785059 0.0114466 0.999934 4.40829
0.886876 0.461975 -0.00556911 86.9174 -0.462008 0.886799 -0.0116758 -6.21194 -0.000455229 0.0129279 0.999916 4.4167
0.880918 0.473239 -0.00529786 87.302 -0.473262 0.88079 -0.0152313 -6.42197 -0.00254176 0.0159248 0.99987 4.42107
0.874772 0.484508 -0.00496524 87.6694 -0.48452 0.874624 -0.0165359 -6.63775 -0.00366908 0.0168709 0.999851 4.42328
0.868648 0.49541 -0.00438069 88.0541 -0.495409 0.868498 -0.0167606 -6.85882 -0.00449875 0.0167293 0.99985 4.42442
0.862687 0.50572 -0.00434979 88.4103 -0.505713 0.862522 -0.0176279 -7.09182 -0.00516297 0.0174071 0.999835 4.42202
0.857213 0.514943 -0.00437694 88.7535 -0.514924 0.857017 -0.0193952 -7.30699 -0.00623631 0.0188796 0.999802 4.43358
0.851554 0.524251 -0.004183 89.0881 -0.524208 0.851311 -0.0217939 -7.51595 -0.00786444 0.0207514 0.999754 4.4455
0.846064 0.533068 -0.00380477 89.4092 -0.532989 0.845763 -0.0246338 -7.73397 -0.00991355 0.0228697 0.999689 4.43006
0.841385 0.540425 -0.00353328 89.7256 -0.54032 0.841051 -0.0262041 -7.94698 -0.0111897 0.0239569 0.99965 4.43852
0.837115 0.547015 -0.00376033 90.0137 -0.546902 0.836756 -0.027167 -8.14203 -0.0117143 0.0247984 0.999624 4.43574
0.833395 0.552659 -0.00459632 90.292 -0.552553 0.833001 -0.028199 -8.34004 -0.0117557 0.0260406 0.999592 4.43416
0.830327 0.557251 -0.00539431 90.5564 -0.557148 0.829889 -0.029502 -8.52009 -0.0119633 0.0275017 0.99955 4.43651
0.827722 0.561102 -0.00645165 90.8143 -0.560999 0.827205 -0.0318199 -8.69831 -0.0125174 0.0299574 0.999473 4.43961
0.826096 0.563485 -0.00705897 91.0522 -0.563373 0.825508 -0.0338605 -8.86925 -0.0132526 0.0319489 0.999402 4.44803
0.824737 0.565464 -0.00768722 91.2682 -0.56536 0.824113 -0.0347303 -9.01717 -0.0133036 0.0329894 0.999367 4.43941
0.823663 0.567022 -0.00814932 91.4862 -0.566948 0.823075 -0.0334276 -9.16781 -0.0122467 0.0321533 0.999408 4.4419
0.822485 0.56872 -0.00875373 91.6946 -0.568687 0.821954 -0.0314188 -9.31472 -0.0106733 0.0308196 0.999468 4.44611
0.821456 0.570215 -0.00807441 91.8955 -0.57017 0.820959 -0.0305486 -9.45671 -0.0107905 0.0296981 0.999501 4.44203
0.820327 0.571835 -0.00825847 92.0862 -0.57179 0.819817 -0.0309276 -9.58806 -0.010915 0.0300929 0.999488 4.43902
0.8193 0.573289 -0.00930691 92.2686 -0.573272 0.818768 -0.0312826 -9.72261 -0.0103138 0.0309652 0.999467 4.43877
0.818481 0.574427 -0.0110305 92.4372 -0.574457 0.817909 -0.0319998 -9.84488 -0.00935962 0.0325278 0.999427 4.44902
0.817607 0.575639 -0.0126115 92.5964 -0.575713 0.816994 -0.0327813 -9.96912 -0.00856665 0.0340629 0.999383 4.45209
0.816878 0.576649 -0.0136357 92.7528 -0.576754 0.81624 -0.0332723 -10.0805 -0.00805641 0.0350439 0.999353 4.4579
0.816394 0.577333 -0.0136878 92.902 -0.577439 0.815752 -0.0333609 -10.1871 -0.00809446 0.0351395 0.99935 4.45273
