1 0 0 0 0 1 0 0 0 0 1 0
1 9.93426e-06 -5.12135e-06 -0.000675243 -9.93399e-06 1 5.33112e-05 0.000190748 5.12188e-06 -5.33111e-05 1 -0.000364363
1 -1.7059e-05 1.89109e-05 0.000904781 1.7059e-05 1 2.36159e-06 0.00193021 -1.89109e-05 -2.36127e-06 1 -0.00109628
1 -1.45537e-05 3.85243e-06 0.000400877 1.45536e-05 1 2.26392e-05 0.00110707 -3.85276e-06 -2.26392e-05 1 -0.000148166
1 4.50762e-05 6.47179e-06 -0.00134399 -4.50762e-05 1 2.16324e-06 0.000917486 -6.47169e-06 -2.16353e-06 1 -0.000224837
1 -2.21191e-05 4.27157e-06 0.000990851 2.21191e-05 1 2.09813e-06 0.00139034 -4.27161e-06 -2.09803e-06 1 -0.000499031
1 5.167e-05 1.04973e-06 -0.00181092 -5.16701e-05 1 2.8353e-05 -0.000708933 -1.04826e-06 -2.8353e-05 1 0.00048969
1 2.27605e-05 8.35081e-06 -0.00057851 -2.27605e-05 1 -1.07186e-06 0.00194756 -8.35084e-06 1.07167e-06 1 -0.000709818
1 3.78929e-05 3.05525e-06 -0.00176464 -3.7893e-05 1 1.88069e-05 0.000241319 -3.05454e-06 -1.8807e-05 1 0.000343209
1 1.00855e-05 -5.83601e-06 0.00069694 -1.00855e-05 1 -6.26651e-06 -0.00184481 5.83595e-06 6.26656e-06 1 -0.000606767
1 1.82357e-05 -5.97489e-06 -0.000862683 -1.82357e-05 1 1.18116e-05 0.000907931 5.97511e-06 -1.18115e-05 1 -0.000395406
1 6.14417e-05 2.96205e-06 0.000586091 -6.14417e-05 1 1.94023e-05 0.000738018 -2.96085e-06 -1.94025e-05 1 -0.000361851
1 -4.10873e-05 1.9964e-06 -0.000127309 4.10873e-05 1 9.98897e-06 -0.000642242 -1.99681e-06 -9.98889e-06 1 -0.000619478
1 3.97596e-05 -4.33615e-06 -0.000553095 -3.97596e-05 1 -1.46527e-06 0.00142106 4.33609e-06 1.46544e-06 1 -0.000159332
1 2.85182e-05 -2.70759e-06 -0.000730246 -2.85181e-05 1 1.46402e-05 -0.00148857 2.70801e-06 -1.46401e-05 1 -0.00043042
1 1.39351e-05 7.95876e-06 -0.000709585 -1.39351e-05 1 1.26761e-07 -0.000460553 -7.95876e-06 -1.26872e-07 1 -0.000456368
1 -2.50003e-05 1.20811e-05 -0.00377002 2.50003e-05 1 7.06544e-06 -6.23129e-05 -1.20813e-05 -7.06513e-06 1 -0.000552064
1 7.93086e-05 -1.03211e-07 -1.03915e-05 -7.93086e-05 1 3.9381e-06 -0.000211502 1.03523e-07 -3.93809e-06 1 -0.000291536
1 -2.45117e-06 5.76902e-06 -0.000857184 2.45114e-06 1 5.61869e-06 0.00100514 -5.76903e-06 -5.61868e-06 1 -9.96476e-06
1 -6.34275e-06 3.68292e-06 0.000305629 6.34273e-06 1 5.03969e-06 -0.000268049 -3.68295e-06 -5.03967e-06 1 -0.000578268
1 2.74353e-05 1.49171e-06 -0.00122601 -2.74353e-05 1 1.95474e-05 -0.00112218 -1.49117e-06 -1.95474e-05 1 -0.000340907
1 1.95873e-05 -1.85394e-06 0.000139784 -1.95873e-05 1 7.68587e-07 -4.57253e-05 1.85396e-06 -7.68551e-07 1 -5.46863e-05
1 3.8961e-05 -4.65868e-06 -0.00161113 -3.8961e-05 1 4.005e-06 0.000318532 4.65883e-06 -4.00482e-06 1 -0.000104943
1 7.24139e-05 4.36732e-06 -0.00199151 -7.2414e-05 1 9.31599e-06 -0.000140721 -4.36665e-06 -9.3163e-06 1 -0.000870347
1 -4.93765e-05 7.3998e-06 -0.00587257 4.93764e-05 1 6.9693e-06 0.00352537 -7.40015e-06 -6.96893e-06 1 -0.00035414
1 -7.16687e-05 6.31427e-06 -0.00740783 7.16688e-05 1 -6.21569e-06 0.00154211 -6.31382e-06 6.21614e-06 1 -0.000484538
1 -2.45829e-05 4.20449e-06 -0.0102569 2.45829e-05 1 4.30873e-06 -0.000455452 -4.2046e-06 -4.30862e-06 1 -0.000561306
1 -5.72762e-05 -6.60333e-05 -0.0157481 5.72721e-05 1 -6.24808e-05 0.00744506 6.60369e-05 6.2477e-05 1 -0.0015939
1 -1.89688e-05 -0.000392322 4.81512e-05 1.89035e-05 1 -0.000166418 0.0198533 0.000392325 0.000166411 1 -0.000304324
1 4.78966e-05 -0.000842934 0.0210292 -4.80841e-05 1 -0.00022237 0.0130617 0.000842923 0.00022241 1 0.00383049
1 4.68109e-05 -0.000908918 0.0390557 -4.6921e-05 1 -0.000121167 0.0141934 0.000908912 0.00012121 1 0.00360269
1 4.40731e-05 -0.000786884 0.0789218 -4.41489e-05 1 -9.62963e-05 0.0139038 0.00078688 9.6331e-05 1 0.00188014
1 0.000115876 -0.000793159 0.129612 -0.00011593 1 -6.86102e-05 0.0119457 0.000793151 6.87022e-05 1 0.00378462
0.999999 0.000152204 -0.000995333 0.233111 -0.000152238 1 -3.43944e-05 0.0121924 0.000995328 3.45459e-05 1 0.00353232
0.999999 0.000443869 -0.00100693 0.327442 -0.000443777 1 9.18616e-05 0.0131164 0.00100697 -9.14147e-05 0.999999 0.00454564
0.999999 0.000439183 -0.00119941 0.423818 -0.000438917 1 0.000222022 0.0111676 0.0011995 -0.000221496 0.999999 0.00592102
0.999999 0.000394408 -0.00127393 0.51625 -0.000393887 1 0.000409179 0.00909933 0.00127409 -0.000408677 0.999999 0.00907269
0.999999 0.000600778 -0.00142288 0.659593 -0.000600263 1 0.000362479 0.011221 0.00142309 -0.000361625 0.999999 0.00535715
0.999998 0.000766806 -0.00159088 0.784765 -0.000766063 1 0.000467719 0.00779811 0.00159123 -0.0004665 0.999999 0.00592616
0.999998 0.000969471 -0.001885 0.911181 -0.000968789 0.999999 0.000362897 0.0122616 0.00188535 -0.00036107 0.999998 0.00494508
0.999996 0.0013065 -0.00230598 1.08746 -0.00130588 0.999999 0.00026841 0.00591943 0.00230633 -0.000265397 0.999997 0.00325908
0.999995 0.00172164 -0.00269596 1.23539 -0.00172053 0.999998 0.000412428 0.0144383 0.00269667 -0.000407787 0.999996 0.00992546
0.999993 0.00242827 -0.00295572 1.42995 -0.00242595 0.999997 0.000786631 0.00893612 0.00295762 -0.000779455 0.999995 0.0135588
0.999992 0.00216798 -0.00321486 1.6231 -0.00216575 0.999997 0.00069778 0.0148964 0.00321637 -0.000690812 0.999995 0.0060827
0.999994 0.00198328 -0.00286005 1.81715 -0.00198171 0.999998 0.000554354 0.0152364 0.00286115 -0.000548683 0.999996 0.0144996
0.999992 0.00325737 -0.00238993 2.03943 -0.00325672 0.999995 0.000274131 0.00625533 0.00239081 -0.000266346 0.999997 0.0187198
0.99999 0.00369296 -0.00239915 2.30169 -0.00369147 0.999993 0.000623756 0.00851579 0.00240144 -0.000614893 0.999997 0.0274246
0.99999 0.00377769 -0.00248393 2.51008 -0.00377638 0.999993 0.000530124 0.00749058 0.00248592 -0.000520738 0.999997 0.0223258
0.999986 0.0046531 -0.00231508 2.77301 -0.00465171 0.999989 0.000603654 0.01144 0.00231786 -0.000592876 0.999997 0.0270659
0.999983 0.00556725 -0.00198568 3.04283 -0.00556592 0.999984 0.00067735 0.00420874 0.00198942 -0.000666286 0.999998 0.0177783
0.999982 0.00576935 -0.00177528 3.31514 -0.00576799 0.999983 0.000772446 0.0103163 0.00177971 -0.000762192 0.999998 0.0188408
0.999979 0.0063129 -0.00152419 3.57513 -0.00631134 0.99998 0.00102957 0.00899611 0.00153065 -0.00101993 0.999998 0.0239613
0.999976 0.0068308 -0.00143541 3.8749 -0.00682881 0.999976 0.00138215 0.0110923 0.00144482 -0.00137231 0.999998 0.0214707
0.999973 0.00725472 -0.00147148 4.15779 -0.00725294 0.999973 0.00121514 -0.00107304 0.00148026 -0.00120443 0.999998 0.0180644
0.999975 0.00685386 -0.00165094 4.46621 -0.00685278 0.999976 0.000659659 -0.0141201 0.00165542 -0.00064833 0.999998 0.0246119
0.999979 0.00620601 -0.00157885 4.78683 -0.00620583 0.999981 0.000114022 -0.0125609 0.00157953 -0.000104222 0.999999 0.023413
0.999989 0.0042544 -0.00179397 5.11684 -0.00425594 0.999991 -0.000859117 -0.0193839 0.0017903 0.000866743 0.999998 0.0234245
0.999998 0.000822854 -0.00158675 5.45441 -0.000830902 0.999987 -0.00507815 -0.00928864 0.00158255 0.00507946 0.999986 0.036015
0.999995 -0.00287776 -0.00148361 5.79194 0.00286852 0.999977 -0.00619886 -0.00791901 0.00150141 0.00619457 0.99998 0.0527881
0.999971 -0.00756008 -0.00130391 6.14054 0.00755151 0.999951 -0.00645951 -0.0111713 0.00135268 0.00644947 0.999978 0.0358783
0.999916 -0.0129027 -0.00106353 6.50616 0.0128959 0.999897 -0.0062281 0.00850789 0.00114378 0.00621386 0.99998 0.0358
0.999811 -0.0193887 -0.00117047 6.88862 0.0193804 0.999789 -0.0067369 0.00862785 0.00130085 0.00671295 0.999977 0.022052
0.99962 -0.0275514 -0.000446542 7.26593 0.027545 0.999563 -0.0107074 0.0186216 0.000741351 0.010691 0.999943 0.0305263
0.999304 -0.0372979 -0.000397183 7.65989 0.0372904 0.999231 -0.012104 0.040665 0.000848332 0.0120808 0.999927 0.0659221
0.998838 -0.0481903 0.000217937 8.05375 0.0481893 0.998764 -0.0121998 0.0646723 0.000370245 0.0121962 0.999926 0.0550211
0.998182 -0.0602652 0.00108146 8.46042 0.0602737 0.998115 -0.0115838 0.0938458 -0.000381318 0.0116279 0.999932 0.0507308
0.997322 -0.0731056 0.00197175 8.86203 0.0731233 0.997259 -0.0113152 0.136458 -0.00113914 0.0114291 0.999934 0.0557573
0.996118 -0.0879811 0.00281535 9.27403 0.0880075 0.996055 -0.0113224 0.184254 -0.00180809 0.0115262 0.999932 0.0526599
0.994468 -0.104994 0.00319273 9.68469 0.105024 0.994406 -0.0112719 0.243341 -0.00199139 0.0115448 0.999931 0.0641868
0.992341 -0.123435 0.00487212 10.0906 0.123478 0.9923 -0.0097227 0.311563 -0.00363448 0.0102498 0.999941 0.0764651
0.989676 -0.143142 0.00725761 10.5241 0.143179 0.989685 -0.00485982 0.381267 -0.0064871 0.00584878 0.999962 0.0731971
0.986267 -0.164894 0.00933991 10.969 0.164943 0.986291 -0.00480973 0.472664 -0.00841878 0.00628424 0.999945 0.0109631
0.981804 -0.189555 0.0113656 11.3979 0.189642 0.981827 -0.00712854 0.579743 -0.00980783 0.00915423 0.99991 0.0514825
0.976312 -0.216047 0.0118092 11.8195 0.216146 0.97633 -0.00780495 0.690719 -0.0098434 0.0101726 0.9999 0.0784289
0.96958 -0.244488 0.0118628 12.272 0.244573 0.96961 -0.0063272 0.825415 -0.00995539 0.00903605 0.99991 0.0624599
0.961228 -0.275521 0.0113833 12.7121 0.275599 0.961254 -0.00595741 0.96693 -0.00930081 0.00886365 0.999917 0.0439728
0.951358 -0.307916 0.0103166 13.1497 0.307989 0.951368 -0.0064285 1.13037 -0.00783546 0.00929321 0.999926 0.0452756
0.939942 -0.34121 0.00921593 13.5795 0.34128 0.939931 -0.00759033 1.31636 -0.00607244 0.0102797 0.999929 0.047352
0.927377 -0.374024 0.00877767 14.0043 0.374094 0.927351 -0.00853408 1.5026 -0.00494803 0.011198 0.999925 0.0591175
0.913898 -0.405805 0.010636 14.443 0.405879 0.913908 -0.00594222 1.72611 -0.00730895 0.00974752 0.999926 0.073864
0.899351 -0.437071 0.011734 14.8818 0.437143 0.899381 -0.0044624 1.95778 -0.00860298 0.00914271 0.999921 0.0278018
0.883379 -0.468484 0.0127931 15.3154 0.468575 0.883409 -0.0051723 2.20691 -0.00887841 0.0105636 0.999905 0.0368505
0.866388 -0.499164 0.0143892 15.7282 0.499276 0.866426 -0.00539768 2.47154 -0.00977286 0.0118607 0.999882 0.051265
0.848899 -0.528342 0.0149847 16.1486 0.528466 0.848935 -0.00574164 2.74156 -0.00968749 0.012793 0.999871 0.047277
0.830228 -0.557239 0.0143608 16.5598 0.557357 0.830252 -0.00585871 3.05156 -0.00865836 0.0128681 0.99988 0.0391662
0.810509 -0.585554 0.014212 16.9656 0.585671 0.810528 -0.00585006 3.35563 -0.00809372 0.0130651 0.999882 0.0316265
0.790038 -0.612795 0.0179194 17.3614 0.612954 0.790104 -0.0047493 3.68787 -0.0112478 0.0147359 0.999828 0.0246756
0.769868 -0.637871 0.0205764 17.7481 0.638057 0.769981 -0.00345925 4.03501 -0.0136369 0.0157921 0.999782 0.0431535
0.749676 -0.661446 0.0217871 18.137 0.661659 0.749796 -0.00370516 4.39797 -0.0138851 0.0171933 0.999756 0.0384472
0.72889 -0.684264 0.022401 18.5109 0.684462 0.729046 -0.0016948 4.77476 -0.0151716 0.0165679 0.999748 0.0396072
0.708437 -0.705429 0.0220628 18.8646 0.705605 0.708605 -0.000257992 5.15395 -0.0154518 0.0157504 0.999757 0.0225378
0.688292 -0.725156 0.0200522 19.2245 0.725284 0.688448 0.00124847 5.5584 -0.0147102 0.0136842 0.999798 0.0300727
0.668519 -0.74351 0.0165877 19.5705 0.743552 0.668662 0.00468397 5.98217 -0.0145741 0.0092025 0.999851 0.00596863
0.648533 -0.761019 0.0159639 19.9168 0.761 0.648696 0.00857846 6.41101 -0.0168841 0.0065851 0.999836 0.00820959
0.628845 -0.777425 0.0128242 20.235 0.777265 0.628976 0.0157454 6.85362 -0.0203069 6.63791e-05 0.999794 0.0421476
0.609273 -0.792945 0.00498564 20.5556 0.792674 0.60921 0.0230363 7.31593 -0.0213038 -0.0100834 0.999722 -0.00100257
0.590547 -0.806987 0.00520028 20.8728 0.806589 0.590438 0.0282293 7.7756 -0.0258511 -0.0124762 0.999588 -0.0760779
0.57289 -0.819526 0.0131907 21.2043 0.818973 0.573001 0.0308717 8.25061 -0.0328585 -0.00688327 0.999436 -0.0832587
0.555086 -0.831492 0.0223918 21.5199 0.830867 0.555537 0.0322333 8.74392 -0.0392412 0.000712409 0.99923 -0.0207306
0.536822 -0.843423 0.0214535 21.8054 0.84257 0.537245 0.037981 9.23666 -0.0435598 -0.00231288 0.999048 -0.00443577
0.51895 -0.854631 0.0172213 22.0908 0.853779 0.519209 0.0385103 9.72644 -0.0418535 -0.00528173 0.99911 -0.0801711
0.500787 -0.865451 0.0143744 22.3597 0.864567 0.500937 0.0398355 10.2241 -0.0416763 -0.00752142 0.999103 -0.120665
0.483252 -0.875362 0.0144468 22.6284 0.874486 0.483423 0.0397019 10.7305 -0.0417374 -0.00655252 0.999107 -0.142529
0.465636 -0.88481 0.0171922 22.8917 0.884049 0.465949 0.0367267 11.2359 -0.0405068 -0.00190254 0.999177 -0.168201
0.448204 -0.893685 0.0209854 23.1443 0.892907 0.44869 0.0373253 11.7562 -0.042773 0.00200869 0.999083 -0.128369
0.430809 -0.902227 0.0197218 23.3765 0.901366 0.43126 0.0394248 12.2778 -0.0440753 0.00079197 0.999028 -0.115115
0.412714 -0.910782 0.0119964 23.5842 0.909859 0.412841 0.0414571 12.7917 -0.042711 -0.00619487 0.999068 -0.170415
0.394517 -0.918826 0.010758 23.8083 0.917953 0.394617 0.040496 13.3113 -0.0414541 -0.00610105 0.999122 -0.28132
0.3751 -0.92679 0.0189695 24.0225 0.926155 0.375551 0.0346039 13.8426 -0.0391946 0.00458874 0.999221 -0.305856
0.354874 -0.934627 0.0231911 24.2101 0.9343 0.35543 0.027432 14.3528 -0.0338815 0.0119325 0.999355 -0.199429
0.336519 -0.941461 0.0201279 24.3756 0.941301 0.336912 0.0210399 14.8561 -0.0265896 0.0118661 0.999576 -0.184443
0.316849 -0.948431 0.00921158 24.5439 0.948348 0.316951 0.0133419 15.4198 -0.0155735 0.00450841 0.999869 -0.228932
0.294352 -0.955677 0.00621926 24.6928 0.955663 0.294391 0.00657461 15.9604 -0.0081141 0.00400826 0.999959 -0.348554
0.272786 -0.962012 0.0110328 24.8425 0.962046 0.272849 0.00467184 16.4747 -0.00750466 0.00933966 0.999928 -0.336832
0.253052 -0.967319 0.0160732 24.9758 0.967352 0.25323 0.0102477 17.0515 -0.013983 0.0129553 0.999818 -0.255196
0.231865 -0.972589 0.0176067 25.1091 0.972521 0.232164 0.0174094 17.6405 -0.0210199 0.0130862 0.999693 -0.277513
0.209613 -0.97759 0.0195104 25.2215 0.97741 0.210043 0.0234859 18.216 -0.0270576 0.0141468 0.999534 -0.310277
0.187514 -0.982022 0.0217229 25.3225 0.981834 0.188039 0.0253653 18.7862 -0.028994 0.0165719 0.999442 -0.324385
0.166006 -0.985796 0.0254631 25.4089 0.985651 0.166671 0.0267097 19.3738 -0.0305743 0.0206638 0.999319 -0.333905
0.145264 -0.989057 0.0257744 25.49 0.988829 0.146012 0.0299794 19.9723 -0.0334147 0.0211315 0.999218 -0.312985
0.12528 -0.991779 0.0260722 25.5517 0.991534 0.126066 0.0310967 20.5708 -0.0341278 0.0219556 0.999176 -0.35602
0.10584 -0.994069 0.024988 25.6081 0.993823 0.10659 0.0308795 21.1791 -0.0333598 0.0215654 0.999211 -0.373717
0.0877734 -0.995812 0.0255697 25.6529 0.995654 0.0885036 0.0289787 21.7825 -0.0311204 0.022915 0.999253 -0.40785
0.0713114 -0.997102 0.0264869 25.6923 0.997014 0.072044 0.0278147 22.3957 -0.0296423 0.0244243 0.999262 -0.402684
0.0574806 -0.99798 0.0270407 25.7161 0.998022 0.058132 0.023952 23.0107 -0.0254756 0.0256104 0.999347 -0.402335
0.044672 -0.998688 0.0250258 25.739 0.998772 0.0451846 0.0203067 23.658 -0.0214109 0.0240879 0.999481 -0.415517
0.0346831 -0.999165 0.0216173 25.7461 0.999198 0.0351011 0.0192664 24.2806 -0.0200091 0.0209318 0.999581 -0.448623
0.0286344 -0.999362 0.0213549 25.7637 0.999413 0.0290253 0.018224 24.9286 -0.0188322 0.0208205 0.999606 -0.469822
0.0252682 -0.999393 0.0239964 25.783 0.999525 0.025681 0.0170536 25.6015 -0.0176595 0.0235541 0.999567 -0.488971
0.0246151 -0.999313 0.0276923 25.8016 0.999512 0.025134 0.018549 26.2703 -0.0192323 0.0272222 0.999444 -0.459505
0.0262489 -0.999262 0.0280356 25.8137 0.999443 0.0268105 0.0198498 26.9552 -0.0205868 0.0274989 0.99941 -0.46376
0.0297146 -0.999283 0.02346 25.8289 0.999346 0.030184 0.0199132 27.6503 -0.020607 0.0228529 0.999526 -0.464228
0.035403 -0.999191 0.0190966 25.8479 0.999233 0.0357121 0.0160944 28.3318 -0.0167633 0.0185121 0.999688 -0.515045
0.0435473 -0.998906 0.0170676 25.8819 0.998986 0.0437335 0.0106892 29.0277 -0.011424 0.0165848 0.999797 -0.534303
0.054062 -0.998379 0.017788 25.929 0.998503 0.0541989 0.00730333 29.7608 -0.00825558 0.0173665 0.999815 -0.540258
0.0653544 -0.997703 0.0177989 25.9766 0.997821 0.0655037 0.00793922 30.5022 -0.00908689 0.0172412 0.99981 -0.520163
0.0763708 -0.99699 0.0133715 26.0294 0.997017 0.0765091 0.0101526 31.2321 -0.0111451 0.0125563 0.999859 -0.50656
0.0867661 -0.996208 0.00637647 26.0843 0.996197 0.0868129 0.00746544 31.9673 -0.00799069 0.00570447 0.999952 -0.522429
0.0965993 -0.995323 0.000240257 26.1495 0.995322 0.0965996 0.00147961 32.7184 -0.0014959 9.62038e-05 0.999999 -0.561504
0.106066 -0.994358 -0.0013152 26.2367 0.994359 0.106066 -3.53846e-05 33.4819 0.000174683 -0.00130403 0.999999 -0.572293
0.11545 -0.993312 -0.00141998 26.3331 0.993301 0.115441 0.00520638 34.2481 -0.00500763 -0.00201155 0.999985 -0.537327
0.12364 -0.992324 -0.0025347 26.4095 0.992258 0.123601 0.0120978 35.02 -0.0116916 -0.00401084 0.999924 -0.529726
0.13101 -0.991378 -0.00232019 26.5053 0.9913 0.130969 0.0130817 35.7797 -0.012665 -0.00401383 0.999912 -0.559349
0.137721 -0.990468 -0.00257138 26.6193 0.990406 0.137682 0.011788 36.5566 -0.0113216 -0.00417018 0.999927 -0.553596
0.144369 -0.989518 -0.00334858 26.7323 0.989474 0.144326 0.0105569 37.3396 -0.00996294 -0.00483741 0.999939 -0.540495
0.149581 -0.988724 -0.00713578 26.8494 0.988713 0.149509 0.00971914 38.1532 -0.00854268 -0.00850904 0.999927 -0.549734
0.153623 -0.988096 -0.00811223 26.976 0.988112 0.153565 0.00728587 38.9509 -0.00595338 -0.00913507 0.999941 -0.598417
0.157488 -0.987484 -0.00856809 27.1063 0.987517 0.157456 0.004285 39.7519 -0.00288227 -0.00913597 0.999954 -0.56951
0.161543 -0.986807 -0.0107429 27.2307 0.986866 0.161526 0.00238808 40.5747 -0.000621316 -0.0109876 0.999939 -0.548783
0.164622 -0.986232 -0.0156988 27.366 0.986355 0.164631 0.000759401 41.434 0.00183556 -0.0156096 0.999876 -0.570534
0.166653 -0.985825 -0.0193721 27.5021 0.986007 0.166699 -0.00079952 42.2702 0.00401751 -0.0189678 0.999812 -0.579673
0.168718 -0.985419 -0.0219919 27.6374 0.985637 0.168838 -0.00374412 43.1287 0.00740261 -0.0210444 0.999751 -0.57044
0.171417 -0.984867 -0.0255655 27.7806 0.985132 0.171649 -0.00716877 44.0085 0.0114486 -0.0239566 0.999647 -0.555691
0.174229 -0.98426 -0.0296158 27.9364 0.984612 0.174546 -0.00848126 44.9124 0.0135171 -0.0276824 0.999525 -0.549628
0.177079 -0.98366 -0.0325131 28.0945 0.984104 0.177418 -0.00785226 45.8193 0.0134924 -0.0306058 0.99944 -0.536734
0.179758 -0.983117 -0.0341861 28.2555 0.983615 0.180117 -0.00768315 46.7465 0.0137109 -0.0322449 0.999386 -0.527848
0.182633 -0.982397 -0.039254 28.4246 0.983096 0.182997 -0.00584215 47.6874 0.0129227 -0.0375235 0.999212 -0.479212
0.186148 -0.981503 -0.0447208 28.5922 0.982465 0.186432 -0.00223672 48.645 0.0105327 -0.0435202 0.998997 -0.515456
0.189941 -0.980781 -0.0446118 28.7744 0.981731 0.190255 -0.00285373 49.6144 0.0112865 -0.0432548 0.999 -0.525021
0.194007 -0.979953 -0.0453071 28.9597 0.980841 0.194599 -0.00901972 50.5828 0.0176556 -0.0426892 0.998932 -0.474752
0.197664 -0.979104 -0.0478016 29.1588 0.980021 0.198478 -0.0128773 51.5897 0.0220958 -0.0443012 0.998774 -0.466023
0.200951 -0.978439 -0.0476974 29.3691 0.979437 0.201571 -0.00853517 52.6061 0.0179656 -0.0450015 0.998825 -0.475234
0.204809 -0.97797 -0.0403495 29.587 0.978735 0.205102 -0.00321646 53.6357 0.0114213 -0.0388327 0.99918 -0.438517
0.208598 -0.97732 -0.036516 29.8067 0.977944 0.208846 -0.00309524 54.664 0.0106513 -0.0350649 0.999328 -0.369638
0.21151 -0.976597 -0.0390073 30.026 0.977267 0.211914 -0.00648627 55.7153 0.0146007 -0.0367486 0.999218 -0.372674
0.213784 -0.976022 -0.0409665 30.2614 0.976713 0.214336 -0.00954485 56.7867 0.0180966 -0.037972 0.999115 -0.396316
0.215826 -0.975598 -0.0403456 30.4993 0.976229 0.21644 -0.0114677 57.86 0.0199203 -0.0369115 0.99912 -0.37095
0.218165 -0.975145 -0.0386918 30.7432 0.975674 0.218816 -0.0134133 58.944 0.0215463 -0.0348243 0.999161 -0.341437
0.219777 -0.974831 -0.0374372 30.99 0.975215 0.220546 -0.0177719 60.0506 0.0255813 -0.0326034 0.999141 -0.309283
0.220649 -0.974555 -0.0394542 31.2319 0.974918 0.221578 -0.0209218 61.1611 0.0291316 -0.0338482 0.999002 -0.269736
0.22179 -0.974269 -0.0401145 31.4896 0.974584 0.222817 -0.0232047 62.2761 0.0315458 -0.0339484 0.998926 -0.257004
0.222463 -0.97407 -0.0412087 31.7383 0.974369 0.223582 -0.0248359 63.4208 0.0334054 -0.0346274 0.998842 -0.211711
0.223357 -0.97383 -0.0420456 32.0001 0.974073 0.224588 -0.0272311 64.5764 0.0359614 -0.0348732 0.998745 -0.176059
0.223769 -0.973772 -0.0411664 32.2732 0.973852 0.225088 -0.0307727 65.7398 0.0392317 -0.033204 0.998678 -0.156879
0.223557 -0.97385 -0.0404717 32.5435 0.973786 0.224946 -0.0337804 66.9111 0.042001 -0.0318589 0.998609 -0.0729861
0.22306 -0.974022 -0.039052 32.8068 0.97387 0.224421 -0.0348181 68.0953 0.0426777 -0.030265 0.99863 -0.0346887
0.222572 -0.974194 -0.0375167 33.084 0.974034 0.223842 -0.0339374 69.2949 0.0414594 -0.028989 0.99872 0.0299291
0.221985 -0.974363 -0.0366093 33.3483 0.974185 0.223213 -0.0337681 70.5032 0.0410741 -0.0281682 0.998759 0.0756288
0.221499 -0.974436 -0.0375961 33.6209 0.974177 0.222843 -0.0363453 71.7126 0.0437941 -0.0285747 0.998632 0.124905
0.220831 -0.974509 -0.039565 33.8997 0.974192 0.22234 -0.0389353 72.9578 0.0467397 -0.0299457 0.998458 0.183384
0.220012 -0.974586 -0.042141 34.1795 0.974366 0.221632 -0.0386056 74.2063 0.0469643 -0.032567 0.998366 0.251503
0.219338 -0.974676 -0.0435711 34.4538 0.974668 0.220901 -0.035001 75.4787 0.0437395 -0.0347903 0.998437 0.296444
0.218467 -0.974967 -0.041371 34.7364 0.975003 0.219842 -0.0322116 76.7427 0.0405003 -0.0332997 0.998624 0.328342
0.217041 -0.975329 -0.0403317 35.0085 0.975356 0.218356 -0.0316399 78.0373 0.039666 -0.0324706 0.998685 0.398812
0.214513 -0.975915 -0.0396696 35.2982 0.975612 0.216028 -0.0389046 79.3197 0.0465374 -0.0303566 0.998455 0.418001
0.21006 -0.97694 -0.0382541 35.5771 0.975929 0.211868 -0.0517236 80.6322 0.0586356 -0.0264682 0.997929 0.499438
0.204917 -0.978016 -0.0386517 35.8672 0.976636 0.20692 -0.0580186 81.9291 0.0647409 -0.0258597 0.997567 0.608704
0.200108 -0.979171 -0.0343537 36.1398 0.977811 0.201802 -0.0562266 83.2537 0.0619882 -0.0223401 0.997827 0.687823
0.195197 -0.980305 -0.0299972 36.4049 0.97891 0.196617 -0.0554743 84.5862 0.0602797 -0.0185362 0.998009 0.781865
0.190269 -0.981262 -0.0303871 36.6616 0.979884 0.191718 -0.0554142 85.942 0.0602016 -0.0192322 0.998001 0.866406
0.18562 -0.982112 -0.0316312 36.9231 0.98075 0.187156 -0.0557013 87.3107 0.0606249 -0.020683 0.997946 0.92794
0.18056 -0.983054 -0.0316739 37.1724 0.981709 0.182103 -0.0555511 88.6952 0.0603776 -0.0210642 0.997953 1.00787
0.17572 -0.983967 -0.0305093 37.4173 0.982563 0.177214 -0.0562651 90.0776 0.0607697 -0.0200904 0.99795 1.09736
0.170524 -0.984844 -0.0316749 37.6583 0.983439 0.172107 -0.0568022 91.4827 0.0613928 -0.0214642 0.997883 1.19338
0.165504 -0.98567 -0.0325924 37.8935 0.984333 0.167137 -0.0561564 92.8918 0.0607991 -0.0227876 0.99789 1.27885
0.160939 -0.986396 -0.0334796 38.1204 0.985256 0.162563 -0.0533341 94.3206 0.0580511 -0.0244024 0.998015 1.36676
0.156506 -0.987138 -0.0326397 38.3465 0.986069 0.158051 -0.0518426 95.7593 0.0563345 -0.0240713 0.998122 1.42416
0.151978 -0.987877 -0.0316623 38.5715 0.986727 0.153499 -0.0529881 97.1987 0.0572059 -0.023189 0.998093 1.51898
0.147917 -0.988445 -0.0331296 38.775 0.987261 0.149559 -0.054294 98.6636 0.0586214 -0.0246766 0.997975 1.60747
0.144723 -0.988813 -0.0361018 38.9885 0.987676 0.146561 -0.0549099 100.126 0.0595868 -0.0277102 0.997838 1.69144
0.142866 -0.988955 -0.0394527 39.192 0.987928 0.144903 -0.0547767 101.606 0.0598886 -0.0311507 0.997719 1.77075
0.142449 -0.988954 -0.0409709 39.403 0.987968 0.144582 -0.0549052 103.106 0.0602223 -0.0326567 0.997651 1.86033
0.142015 -0.98898 -0.0418393 39.6114 0.987943 0.144244 -0.0562254 104.624 0.0616409 -0.03335 0.997541 1.9546
0.141414 -0.988981 -0.0437959 39.8217 0.988009 0.143768 -0.0562944 106.127 0.0619706 -0.0353099 0.997453 2.0547
0.141089 -0.988954 -0.0454328 40.0272 0.988123 0.143496 -0.054976 107.646 0.0608882 -0.0371366 0.997454 2.15006
0.141757 -0.988871 -0.0451573 40.2443 0.988326 0.143957 -0.0498847 109.19 0.0558302 -0.0375587 0.997734 2.2481
0.142687 -0.98881 -0.0435456 40.4575 0.988325 0.144715 -0.0476557 110.744 0.0534241 -0.0362374 0.997914 2.3342
0.144041 -0.98864 -0.042928 40.6768 0.988162 0.146015 -0.0470605 112.29 0.052794 -0.0356411 0.997969 2.42179
0.145106 -0.98846 -0.0434787 40.8978 0.988043 0.147079 -0.046252 113.846 0.052113 -0.0362474 0.997983 2.5052
0.146539 -0.988288 -0.0425884 41.1222 0.987907 0.148415 -0.0448544 115.393 0.0506499 -0.0355005 0.998085 2.58727
0.147611 -0.988171 -0.0415913 41.3429 0.987741 0.149445 -0.045096 116.949 0.0507782 -0.0344248 0.998116 2.6634
0.149201 -0.987861 -0.0432357 41.5814 0.987419 0.151165 -0.0463994 118.513 0.0523719 -0.0357689 0.997987 2.76398
0.150486 -0.987602 -0.044683 41.8115 0.987321 0.152445 -0.0442559 120.098 0.0505189 -0.0374566 0.99802 2.82586
0.152232 -0.987383 -0.0436026 42.0456 0.987277 0.153969 -0.0397193 121.656 0.0459316 -0.0370013 0.998259 2.92188
0.15407 -0.987225 -0.040602 42.2846 0.987188 0.15553 -0.035647 123.226 0.0415065 -0.0345897 0.998539 3.01439
0.155794 -0.98701 -0.0392478 42.5202 0.987034 0.157106 -0.032888 124.807 0.0386268 -0.0336151 0.998688 3.09231
0.157396 -0.98676 -0.0391237 42.7628 0.986875 0.158616 -0.0303135 126.379 0.0361178 -0.033839 0.998774 3.14679
0.158944 -0.986518 -0.0389726 43.0221 0.986728 0.16006 -0.0273804 127.954 0.0332492 -0.0341033 0.998865 3.19427
0.160364 -0.986344 -0.0375297 43.2713 0.986595 0.161338 -0.0245173 129.535 0.0302374 -0.0330949 0.998995 3.26178
0.16116 -0.986256 -0.0364314 43.5226 0.986514 0.162053 -0.0230135 131.126 0.028601 -0.0322312 0.999071 3.34462
0.161367 -0.98625 -0.0356535 43.7818 0.986554 0.162155 -0.020416 132.694 0.0259167 -0.0318796 0.999156 3.37799
0.160678 -0.986391 -0.0348627 44.025 0.9867 0.161409 -0.0192554 134.27 0.0246205 -0.0313051 0.999207 3.43227
0.160064 -0.986495 -0.0347344 44.2786 0.986831 0.160752 -0.0179804 135.838 0.0233212 -0.031399 0.999235 3.48363
0.158836 -0.986742 -0.0333499 44.5308 0.98707 0.159444 -0.016427 137.402 0.0215266 -0.0303095 0.999309 3.52929
0.157642 -0.986953 -0.0327399 44.7708 0.987299 0.158186 -0.0147339 138.963 0.0197207 -0.0300014 0.999355 3.56875
0.156527 -0.987175 -0.031385 45.0132 0.987483 0.157042 -0.0146612 140.51 0.0194019 -0.0286973 0.9994 3.6043
0.155287 -0.987388 -0.0308436 45.2525 0.987689 0.155779 -0.0142496 142.068 0.0188747 -0.0282511 0.999423 3.64794
0.15409 -0.987619 -0.0293993 45.4926 0.987898 0.154531 -0.0133225 143.627 0.0177007 -0.0269907 0.999479 3.67478
0.152816 -0.987841 -0.0285847 45.7289 0.988111 0.153223 -0.0126165 145.175 0.0168429 -0.0263169 0.999512 3.73634
0.151428 -0.988091 -0.0272963 45.9626 0.988331 0.15181 -0.0125068 146.726 0.0165017 -0.0250839 0.999549 3.77538
0.149526 -0.98841 -0.0262411 46.2005 0.988617 0.149899 -0.0128822 148.271 0.0166664 -0.0240162 0.999573 3.81188
0.147042 -0.988799 -0.0255832 46.4215 0.988983 0.147417 -0.0134321 149.824 0.0170531 -0.0233263 0.999582 3.83449
0.144593 -0.989178 -0.0248895 46.6495 0.989348 0.144955 -0.0133808 151.373 0.0168438 -0.0226896 0.999601 3.86761
0.142046 -0.989591 -0.0230621 46.8727 0.989729 0.142367 -0.0129263 152.932 0.016075 -0.0209892 0.99965 3.9127
0.139628 -0.990007 -0.0197692 47.0898 0.990105 0.139868 -0.0113353 154.482 0.0139871 -0.0179908 0.99974 3.93801
0.13713 -0.990424 -0.0160047 47.3173 0.99049 0.137286 -0.00910257 156.042 0.0112126 -0.0146043 0.99983 3.96496
0.134412 -0.990838 -0.0131922 47.5236 0.990892 0.134505 -0.00647165 157.612 0.00818679 -0.0122022 0.999892 3.99667
0.131758 -0.991235 -0.00965064 47.7436 0.991269 0.1318 -0.0038521 159.177 0.00509029 -0.00905883 0.999946 4.01043
0.128731 -0.991652 -0.00738443 47.9398 0.991668 0.128763 -0.00390445 160.741 0.0048227 -0.00682028 0.999965 4.04099
0.125637 -0.992058 -0.0059975 48.1384 0.992062 0.125665 -0.00455791 162.295 0.00527539 -0.00537726 0.999972 4.04613
0.122595 -0.992446 -0.00453568 48.3405 0.992444 0.122616 -0.00459681 163.855 0.00511824 -0.00393786 0.999979 4.05054
0.11939 -0.992846 -0.00187015 48.5276 0.992835 0.119397 -0.00479743 165.423 0.0049864 -0.00128399 0.999987 4.07784
0.116319 -0.993212 0.000349812 48.7158 0.993204 0.116317 -0.00410407 166.965 0.00403552 0.000824817 0.999992 4.11004
0.113447 -0.993536 0.0040654 48.8922 0.99354 0.113434 -0.00332449 168.51 0.00284185 0.00441629 0.999986 4.13922
0.110335 -0.993879 0.00550028 49.0656 0.993894 0.110333 -0.000622695 170.06 1.20201e-05 0.00553541 0.999985 4.15027
0.107687 -0.99416 0.00697587 49.23 0.994179 0.107709 0.00282569 171.6 -0.00356055 0.00663097 0.999972 4.17168
0.106197 -0.994301 0.00934274 49.4016 0.994329 0.106243 0.00464524 173.14 -0.00561137 0.00879645 0.999946 4.1483
0.105078 -0.994406 0.0107279 49.5628 0.994453 0.105121 0.00346644 174.665 -0.00457477 0.0103041 0.999936 4.15205
0.10361 -0.994544 0.0121272 49.7224 0.994617 0.103622 0.000412058 176.176 -0.00166646 0.0120193 0.999926 4.17916
0.102418 -0.994646 0.0137728 49.8755 0.994736 0.102452 0.00174384 177.702 -0.00314555 0.0135217 0.999904 4.2076
0.101725 -0.994705 0.0146443 50.0328 0.994803 0.101779 0.00296077 179.201 -0.00443557 0.014267 0.999888 4.19489
0.101292 -0.994729 0.0159659 50.1831 0.994852 0.10133 0.00162528 180.709 -0.00323454 0.015719 0.999871 4.20043
0.101202 -0.994701 0.0181104 50.3429 0.994861 0.101241 0.00122777 182.203 -0.00305477 0.0178931 0.999835 4.23795
0.100679 -0.994722 0.0198232 50.4936 0.994901 0.100777 0.00400705 183.695 -0.00598361 0.0193187 0.999795 4.22426
0.100601 -0.994663 0.0228907 50.6422 0.994892 0.100764 0.00607181 185.178 -0.00834596 0.0221629 0.99972 4.23045
0.101479 -0.994509 0.0255724 50.7932 0.994786 0.101701 0.00753825 186.633 -0.0100976 0.0246741 0.999645 4.25436
0.102321 -0.994383 0.0270738 50.9464 0.994683 0.102596 0.00895837 188.09 -0.0116857 0.0260132 0.999593 4.24574
0.103189 -0.994292 0.0271333 51.0926 0.99457 0.103511 0.0107368 189.546 -0.0134841 0.0258781 0.999574 4.27151
0.104482 -0.994162 0.0269303 51.2439 0.994366 0.104914 0.0151515 190.963 -0.0178884 0.0251955 0.999522 4.24396
0.106052 -0.994003 0.0266832 51.3887 0.994171 0.106518 0.0166964 192.371 -0.0194385 0.024757 0.999504 4.24202
0.107963 -0.993811 0.0261341 51.5426 0.99397 0.108413 0.0164324 193.77 -0.0191639 0.0242024 0.999523 4.22484
0.109778 -0.993645 0.0248484 51.6889 0.993786 0.110188 0.0157633 195.155 -0.0184011 0.0229635 0.999567 4.22081
0.111636 -0.993466 0.023707 51.8325 0.993592 0.11201 0.0151036 196.515 -0.0176604 0.021869 0.999605 4.20541
0.113114 -0.9933 0.0236558 51.9818 0.993422 0.113491 0.0152531 197.862 -0.0178356 0.0217749 0.999604 4.20942
0.115243 -0.993056 0.0236305 52.1405 0.993167 0.115631 0.0157474 199.196 -0.0183705 0.0216542 0.999597 4.2151
0.116946 -0.992852 0.0238305 52.2876 0.992967 0.117338 0.0157773 200.519 -0.0184607 0.0218178 0.999592 4.19758
0.118529 -0.992685 0.0229524 52.4373 0.992785 0.118899 0.0155181 201.818 -0.0181337 0.0209474 0.999616 4.19335
0.120332 -0.992494 0.0218187 52.5804 0.992577 0.120674 0.0151125 203.104 -0.017632 0.0198382 0.999648 4.18719
0.122333 -0.992287 0.0200474 52.741 0.992323 0.122657 0.0158014 204.382 -0.0181385 0.0179604 0.999674 4.16955
0.123953 -0.992097 0.0194485 52.892 0.992098 0.124289 0.0171332 205.651 -0.0194151 0.0171711 0.999664 4.15626
0.125997 -0.991727 0.0245614 53.0658 0.991786 0.126477 0.019061 206.896 -0.0220097 0.021958 0.999517 4.13396
0.127843 -0.991348 0.0297522 53.2326 0.991532 0.128442 0.0191631 208.144 -0.0228187 0.0270504 0.999374 4.19366
0.129111 -0.991158 0.0306047 53.3874 0.991418 0.129661 0.016706 209.354 -0.0205265 0.0281852 0.999392 4.15669
0.129573 -0.991081 0.0311234 53.5462 0.991349 0.130143 0.0170212 210.551 -0.0209199 0.0286487 0.999371 4.14134
0.130446 -0.990943 0.0318867 53.6997 0.991189 0.131088 0.0189539 211.753 -0.0229622 0.0291333 0.999312 4.14627
0.131377 -0.990815 0.0320416 53.8597 0.991089 0.131992 0.0179023 212.922 -0.0219671 0.0294041 0.999326 4.10554
0.131442 -0.990845 0.0308002 54.0102 0.991115 0.131988 0.0164387 214.095 -0.0203535 0.0283658 0.99939 4.1054
0.131905 -0.990798 0.0303224 54.1621 0.99105 0.132447 0.0166308 215.253 -0.0204939 0.0278573 0.999402 4.10177
0.131922 -0.990775 0.0309926 54.3161 0.99102 0.132514 0.017862 216.399 -0.0218042 0.0283579 0.99936 4.09734
0.132179 -0.990732 0.0312894 54.462 0.990951 0.13282 0.0193836 217.54 -0.0233598 0.0284441 0.999322 4.11048
0.132169 -0.990741 0.0310591 54.6124 0.990942 0.132817 0.019833 218.653 -0.0237745 0.0281565 0.999321 4.08918
0.131704 -0.990824 0.0303466 54.755 0.991056 0.132276 0.0176482 219.749 -0.0215003 0.0277508 0.999384 4.0847
0.130271 -0.99104 0.029478 54.9032 0.991269 0.130797 0.0166671 220.837 -0.0203734 0.0270494 0.999426 4.06293
0.128175 -0.991303 0.0298386 55.0427 0.991543 0.128707 0.0166386 221.909 -0.0203343 0.0274536 0.999416 4.04421
0.125624 -0.99162 0.0301266 55.1853 0.991884 0.126142 0.0159641 222.984 -0.0196306 0.0278766 0.999419 4.04805
0.122801 -0.991965 0.0304298 55.2973 0.992276 0.123266 0.013896 224.03 -0.0175353 0.0284883 0.99944 4.03376
0.119653 -0.992368 0.0298 55.4205 0.992701 0.120042 0.0116156 225.067 -0.0151042 0.0281927 0.999488 4.05504
0.117149 -0.992672 0.0296335 55.5453 0.993005 0.117527 0.0113515 226.118 -0.0147511 0.0280964 0.999496 4.04936
0.114454 -0.992959 0.0305457 55.6634 0.99331 0.11486 0.0119082 227.148 -0.0153329 0.0289784 0.999462 4.04916
0.111807 -0.993265 0.0303864 55.7791 0.993629 0.112178 0.0108029 228.178 -0.0141388 0.028985 0.99948 4.05797
0.109344 -0.993529 0.0307237 55.8903 0.99392 0.109684 0.0096076 229.211 -0.0129153 0.0294863 0.999482 4.03413
0.106677 -0.993853 0.0296088 55.9891 0.994222 0.106979 0.00879138 230.226 -0.0119049 0.0284999 0.999523 4.05922
0.104801 -0.99409 0.0283221 56.0923 0.994428 0.105077 0.00844239 231.228 -0.0113685 0.0272795 0.999563 4.03621
0.103637 -0.994252 0.026879 56.1976 0.994548 0.103906 0.00880297 232.239 -0.0115453 0.0258201 0.9996 4.01755
0.103166 -0.994329 0.0258182 56.3066 0.994601 0.103418 0.00861303 233.259 -0.0112342 0.0247902 0.99963 4.03907
0.10291 -0.994369 0.025291 56.4116 0.994642 0.103123 0.00726296 234.272 -0.00983014 0.024408 0.999654 4.05065
0.102492 -0.994445 0.0239658 56.5137 0.994692 0.102678 0.00667462 235.269 -0.0090983 0.0231545 0.99969 4.04645
0.102219 -0.994499 0.022882 56.6073 0.994726 0.102383 0.00612394 236.266 -0.00843298 0.0221353 0.999719 4.04271
0.102173 -0.994524 0.0219537 56.7062 0.994728 0.102338 0.00653645 237.246 -0.00874735 0.0211701 0.999738 4.05156
0.102448 -0.994514 0.0211455 56.8041 0.994696 0.102617 0.00704248 238.244 -0.00917373 0.0203118 0.999752 4.05901
0.10291 -0.994488 0.0201044 56.902 0.994637 0.103094 0.00834243 239.219 -0.0103691 0.0191381 0.999763 4.0403
0.103618 -0.994419 0.0198641 56.9965 0.994549 0.103823 0.0096023 240.195 -0.0116111 0.0187609 0.999757 4.04223
0.105243 -0.994259 0.0193363 57.0968 0.994354 0.105478 0.0115774 241.16 -0.0135505 0.0180087 0.999746 4.04006
0.106604 -0.994108 0.0196399 57.2003 0.994195 0.10686 0.0125047 242.132 -0.0145297 0.0181928 0.999729 4.02996
0.107788 -0.99395 0.0210912 57.3209 0.99406 0.108072 0.0128176 243.114 -0.0150194 0.0195843 0.999695 4.03857
0.107517 -0.99395 0.0224497 57.417 0.994079 0.107834 0.0134054 244.067 -0.0157451 0.0208754 0.999658 4.03239
0.106448 -0.994066 0.0223982 57.5193 0.994204 0.10675 0.0127424 245.019 -0.0150578 0.0209119 0.999668 4.02345
0.104946 -0.994243 0.0216186 57.6183 0.994371 0.105229 0.0123819 245.961 -0.0145855 0.0201974 0.99969 4.00781
0.10296 -0.994446 0.0218345 57.7035 0.994593 0.103225 0.0114042 246.908 -0.0135947 0.0205423 0.999697 4.00759
0.100822 -0.994661 0.0220046 57.8013 0.994817 0.101082 0.0110023 247.846 -0.0131678 0.0207813 0.999697 3.9987
0.0985347 -0.994888 0.0221031 57.888 0.995069 0.0987578 0.00923898 248.792 -0.0113746 0.0210837 0.999713 4.01064
0.0966295 -0.99509 0.0214057 57.9812 0.995269 0.0968211 0.00810329 249.734 -0.010136 0.0205214 0.999738 3.99744
0.0945134 -0.9953 0.0210773 58.0698 0.995486 0.0946722 0.00666192 250.695 -0.00862605 0.0203525 0.999756 3.98977
0.0926653 -0.995472 0.0211791 58.1581 0.995671 0.0927977 0.0053554 251.656 -0.00729652 0.0205911 0.999761 3.98906
0.0904508 -0.995676 0.0211667 58.2353 0.995875 0.0905806 0.00525574 252.632 -0.0071503 0.020604 0.999762 3.98341
0.0888332 -0.995823 0.0211081 58.3321 0.996019 0.0889674 0.00550651 253.618 -0.00736144 0.0205349 0.999762 3.98264
0.0869208 -0.995971 0.0220754 58.4286 0.996179 0.0870854 0.00660804 254.624 -0.00850386 0.0214167 0.999734 3.97299
0.0850601 -0.996095 0.0236543 58.514 0.996331 0.0852583 0.00749863 255.626 -0.00948607 0.0229297 0.999692 3.97499
0.0833021 -0.996202 0.0253545 58.5959 0.996475 0.0835235 0.00779948 256.642 -0.00988755 0.0246154 0.999648 3.96944
0.081263 -0.996344 0.0263575 58.6744 0.996645 0.0814894 0.00762923 257.676 -0.00974919 0.0256491 0.999623 3.95143
0.0791858 -0.99649 0.0271559 58.7594 0.99681 0.0794251 0.00784664 258.709 -0.00997596 0.0264479 0.9996 3.93689
0.0772193 -0.996639 0.0273372 58.836 0.99696 0.0774726 0.0083295 259.747 -0.0104194 0.0266109 0.999592 3.93433
0.0752501 -0.996806 0.0267596 58.9112 0.997105 0.0755122 0.00892167 260.807 -0.0109138 0.0260108 0.999602 3.92752
0.0733747 -0.996937 0.0270744 58.9886 0.997235 0.0736619 0.00976533 261.856 -0.0117298 0.026283 0.999586 3.91503
0.0719615 -0.997061 0.0262752 59.0727 0.997333 0.0722525 0.0102971 262.926 -0.0121653 0.0254642 0.999602 3.92534
0.0705695 -0.997196 0.0248832 59.1428 0.997438 0.0708352 0.0099629 264.001 -0.0116976 0.0241163 0.999641 3.90954
0.0699239 -0.997276 0.0234931 59.2126 0.997475 0.0701915 0.0107652 265.08 -0.0123849 0.022681 0.999666 3.8878
0.0701159 -0.997291 0.0222486 59.2853 0.99747 0.0703562 0.0102055 266.163 -0.0117432 0.0214768 0.9997 3.89651
0.0706323 -0.997289 0.0206519 59.3594 0.997439 0.070846 0.00980408 267.257 -0.0112406 0.0199066 0.999739 3.88162
0.0712523 -0.997275 0.0191115 59.4333 0.997397 0.0714473 0.00972185 268.363 -0.0110608 0.0183691 0.99977 3.87043
0.0723615 -0.997217 0.0179528 59.5122 0.997303 0.0725659 0.0110087 269.467 -0.0122809 0.0171078 0.999778 3.86842
0.0751741 -0.997025 0.0170079 59.5842 0.997075 0.0753923 0.0125693 270.562 -0.0138142 0.0160133 0.999776 3.86537
0.0792941 -0.996736 0.0151607 59.6744 0.996727 0.0795153 0.0145887 271.649 -0.0157466 0.0139543 0.999779 3.85456
0.083925 -0.996367 0.0144602 59.7512 0.996301 0.0841703 0.0172846 272.745 -0.018439 0.0129561 0.999746 3.83558
0.0892084 -0.995894 0.0154146 59.8508 0.995791 0.0895046 0.0197309 273.819 -0.0210295 0.0135895 0.999686 3.83021
0.0945234 -0.995385 0.0165537 59.9487 0.995241 0.0948793 0.0222249 274.871 -0.0236929 0.0143742 0.999616 3.82898
0.100161 -0.994826 0.0169887 60.0483 0.994646 0.100551 0.0238453 275.887 -0.0254302 0.0145094 0.999571 3.8253
0.105567 -0.994261 0.0173599 60.1547 0.994078 0.105969 0.0240876 276.907 -0.0257889 0.0147142 0.999559 3.80485
0.110859 -0.993658 0.0188141 60.2723 0.993526 0.111277 0.0228647 277.891 -0.0248133 0.0161575 0.999562 3.78588
0.116514 -0.993014 0.0186399 60.3777 0.992916 0.116902 0.0212558 278.869 -0.0232863 0.0160312 0.9996 3.79896
0.121976 -0.992361 0.0185029 60.4992 0.992269 0.122352 0.0207844 279.839 -0.0228895 0.0158246 0.999613 3.78242
0.126813 -0.991735 0.0194887 60.6149 0.99167 0.127203 0.0202625 280.79 -0.0225741 0.0167568 0.999605 3.76129
0.131332 -0.991114 0.0211098 60.7369 0.991104 0.131735 0.0189547 281.723 -0.0215671 0.0184326 0.999597 3.75189
0.135382 -0.990556 0.0217082 60.8725 0.990589 0.135766 0.0173328 282.664 -0.0201164 0.0191574 0.999614 3.75303
0.138599 -0.990137 0.0204732 60.9995 0.990143 0.138962 0.0174918 283.591 -0.0201643 0.0178471 0.999637 3.7422
0.14169 -0.989702 0.0203379 61.1335 0.989689 0.142063 0.0182511 284.519 -0.0209524 0.0175422 0.999627 3.72718
0.144927 -0.989252 0.0194252 61.2651 0.989208 0.145292 0.0189356 285.436 -0.0215544 0.0164713 0.999632 3.71591
0.148473 -0.988746 0.0183513 61.3982 0.988714 0.148792 0.0174781 286.356 -0.0200119 0.0155491 0.999679 3.71432
0.151606 -0.988307 0.0162954 61.5378 0.988263 0.151871 0.0164596 287.266 -0.018742 0.0136088 0.999732 3.70276
0.154857 -0.987826 0.0148014 61.678 0.987773 0.155086 0.0158892 288.166 -0.0179912 0.0121599 0.999764 3.69208
0.158027 -0.987317 0.0152296 61.8117 0.987278 0.158258 0.0153814 289.075 -0.0175965 0.0126051 0.999766 3.68186
