1 0 0 0 0 1 0 0 0 0 1 0
1 -2.84776e-05 2.44629e-05 -0.00350389 2.84763e-05 1 5.29735e-05 0.000277213 -2.44644e-05 -5.29728e-05 1 0.00056723
1 -6.24889e-05 4.48587e-06 0.000388088 6.24888e-05 1 1.49137e-05 0.00105966 -4.4868e-06 -1.49134e-05 1 0.00125559
1 -6.28128e-05 1.99789e-05 -0.00181282 6.28128e-05 1 -3.22983e-06 -0.000958912 -1.99787e-05 3.23108e-06 1 -1.00995e-05
1 1.81887e-05 4.38982e-06 -0.00130913 -1.81887e-05 1 -8.72142e-07 0.0020607 -4.38984e-06 8.72062e-07 1 0.00109592
1 4.3658e-05 1.20142e-05 -0.00303351 -4.36576e-05 1 -3.30103e-05 0.00219349 -1.20157e-05 3.30097e-05 1 0.000611173
1 2.43868e-05 2.15004e-05 -0.000654631 -2.43873e-05 1 2.1235e-05 0.00089883 -2.14999e-05 -2.12355e-05 1 -0.000639504
1 -1.5659e-05 -2.81682e-06 8.1584e-05 1.56591e-05 1 8.51691e-06 -0.000144809 2.81669e-06 -8.51695e-06 1 0.000218494
1 3.64211e-05 5.83136e-05 0.00292904 -3.64221e-05 1 1.61198e-05 -0.00111774 -5.8313e-05 -1.61219e-05 1 0.00176457
1 -6.82902e-05 0.000104847 0.00337435 6.82905e-05 1 -2.51578e-06 -0.00160576 -0.000104847 2.52294e-06 1 0.000180117
1 2.71959e-05 1.92211e-05 0.00396718 -2.71963e-05 1 1.88493e-05 0.000197056 -1.92206e-05 -1.88498e-05 1 0.000317282
1 -0.000130953 -7.35133e-05 0.0128576 0.000130955 1 2.64048e-05 0.00235709 7.35098e-05 -2.64144e-05 1 0.000586739
1 -0.000246284 -0.000198537 0.0199414 0.000246299 1 7.7572e-05 -4.73608e-05 0.000198518 -7.76209e-05 1 -0.000666825
1 -0.000532049 -0.000158265 0.0433954 0.000532047 1 -1.25967e-05 0.00195779 0.000158271 1.25125e-05 1 -0.000987951
0.999999 -0.00115856 -0.000191563 0.0684489 0.00115856 0.999999 -2.43669e-06 0.000792929 0.000191565 2.21475e-06 1 0.000175182
0.999998 -0.0020447 -0.000134819 0.105353 0.00204469 0.999998 -2.09027e-05 -0.00186678 0.000134862 2.0627e-05 1 0.00263569
0.999996 -0.00296757 -3.84882e-05 0.146023 0.00296757 0.999996 -7.92063e-05 -0.00428009 3.87231e-05 7.90918e-05 1 0.00603085
0.999992 -0.00403493 -8.84424e-05 0.1911 0.00403492 0.999992 -0.000125052 -0.00336582 8.89462e-05 0.000124694 1 0.00545444
0.999987 -0.00514027 -0.00010097 0.255142 0.00514026 0.999987 -7.94254e-05 -0.00108327 0.000101377 7.89054e-05 1 0.00510359
0.999978 -0.00657287 -5.30906e-05 0.311511 0.00657287 0.999978 -0.000118246 -0.00144913 5.38666e-05 0.000117895 1 0.00730922
0.999968 -0.00802301 -6.92434e-05 0.374556 0.008023 0.999968 -0.000235416 -0.00252646 7.113e-05 0.000234853 1 0.00462245
0.999955 -0.00946679 0.000136493 0.430106 0.00946682 0.999955 -0.000205506 -0.00159471 -0.000134541 0.000206789 1 0.012069
0.999942 -0.010767 0.000139885 0.488063 0.0107671 0.999942 -0.000263626 -0.0035321 -0.000137038 0.000265117 1 0.00741846
0.999927 -0.0121076 0.000166366 0.548714 0.0121077 0.999927 -0.000351144 -0.00127229 -0.000162102 0.000353132 1 0.0112976
0.999908 -0.0135581 0.000110281 0.609697 0.0135581 0.999908 -0.000485289 -0.00599571 -0.000103692 0.000486739 1 0.0108225
0.999891 -0.0147918 0.000171329 0.665154 0.0147919 0.999891 -0.000408953 -0.0017082 -0.000165261 0.000411442 1 0.0129484
0.999874 -0.0158376 0.000497476 0.724311 0.0158379 0.999874 -0.000559051 0.00855034 -0.00048856 0.000566859 1 0.0118874
0.999859 -0.0167822 0.000520803 0.782261 0.0167825 0.999859 -0.000532627 0.0114002 -0.000511791 0.000541292 1 0.014243
0.999836 -0.0181223 0.000719994 0.830235 0.0181227 0.999836 -0.000488932 0.0119558 -0.000711016 0.0005019 1 0.0190188
0.999817 -0.0191466 0.000595398 0.873977 0.0191469 0.999817 -0.000520516 0.0195355 -0.000585322 0.000531821 1 0.0169317
0.999801 -0.0199547 0.000582103 0.909763 0.019955 0.999801 -0.000453302 0.0206215 -0.000572942 0.000464828 1 0.0180819
0.999785 -0.0207313 0.000599543 0.941509 0.0207316 0.999785 -0.000512629 0.0212356 -0.000588786 0.000524948 1 0.0174562
0.999771 -0.0213757 0.000525006 0.968946 0.021376 0.999771 -0.000522946 0.0221394 -0.000513708 0.000534049 1 0.0191169
0.999764 -0.021719 0.000182925 1.00117 0.0217191 0.999764 -0.000461939 0.0315778 -0.000172849 0.000465803 1 0.0165434
0.999744 -0.022622 -0.000141878 1.02783 0.0226219 0.999744 -0.000466398 0.0356811 0.000152392 0.000463069 1 0.012815
0.999724 -0.0234851 -0.00029125 1.05114 0.0234849 0.999724 -0.000549682 0.0485388 0.000304079 0.00054269 1 0.0143185
0.9997 -0.0244987 -0.000416938 1.09152 0.0244985 0.9997 -0.000449996 0.0517992 0.000427837 0.000439647 1 0.0146587
0.999673 -0.0255741 -0.000505137 1.14039 0.0255739 0.999673 -0.000505517 0.045931 0.000517899 0.000492433 1 0.014675
0.999653 -0.0263376 -0.000430141 1.18457 0.0263374 0.999653 -0.000477469 0.0506957 0.000442567 0.000465975 1 0.0169766
0.999618 -0.0276178 -0.000538361 1.24218 0.0276175 0.999618 -0.000401623 0.0523027 0.000549248 0.000386601 1 0.0123016
0.999588 -0.0287166 -0.00035875 1.30058 0.0287165 0.999588 -0.000406354 0.0636655 0.000370272 0.000395884 1 0.0133488
0.999547 -0.0300874 -0.000352338 1.37333 0.0300873 0.999547 -0.000358235 0.0577503 0.000362957 0.000347472 1 0.0171503
0.999541 -0.0302789 -0.000218258 1.42992 0.0302788 0.999541 -0.000345302 0.0688954 0.000228613 0.000338535 1 0.0132979
0.999527 -0.0307419 7.8468e-05 1.50492 0.0307419 0.999527 -0.000420947 0.0628045 -6.54902e-05 0.000423161 1 0.0178857
0.999532 -0.0305756 3.10241e-05 1.56565 0.0305756 0.999532 -0.000427625 0.0636229 -1.79348e-05 0.000428374 1 0.0179123
0.999556 -0.0298038 -3.39211e-05 1.63225 0.0298038 0.999556 -0.000412117 0.0669337 4.61886e-05 0.000410923 1 0.0213436
0.99959 -0.028649 -0.000132581 1.70255 0.028649 0.999589 -0.000380184 0.0806601 0.000143418 0.00037623 1 0.0161087
0.999614 -0.0277726 -0.000319705 1.76812 0.0277726 0.999614 -0.000228832 0.0827632 0.000325937 0.000219864 1 0.0132617
0.999657 -0.0261862 -0.000343221 1.83712 0.0261861 0.999657 -0.000302819 0.0842332 0.000351033 0.000293728 1 0.0163299
0.999708 -0.0241732 -0.000301226 1.90518 0.0241731 0.999708 -0.00028149 0.0807408 0.000307942 0.000274126 1 0.0156945
0.999764 -0.0217437 -0.000246695 1.98137 0.0217436 0.999764 -0.000250151 0.0751084 0.000252076 0.000244728 1 0.0140661
0.999822 -0.0188706 -0.000173574 2.06375 0.0188705 0.999822 -0.000386911 0.0742133 0.000180844 0.000383567 1 0.0187414
0.999877 -0.0156579 -0.000115806 2.12753 0.0156578 0.999877 -0.000391355 0.0708481 0.00012192 0.000389494 1 0.0194089
0.999927 -0.0120508 -0.000492752 2.19654 0.0120507 0.999927 -0.000241672 0.0797857 0.000495629 0.000235716 1 0.0125242
0.999971 -0.00759911 -0.000382976 2.27453 0.00759905 0.999971 -0.000169391 0.0788563 0.000384252 0.000166476 1 0.0137303
0.999998 -0.00192888 -4.74063e-05 2.35731 0.00192888 0.999998 -0.000156973 0.0698853 4.77089e-05 0.000156881 1 0.010607
0.999989 0.00476419 0.000131884 2.43397 -0.00476416 0.999989 -0.00022178 0.0512125 -0.00013294 0.000221149 1 0.0158144
0.999921 0.0125448 0.000446508 2.52608 -0.0125447 0.999921 -0.000264126 0.0544874 -0.000449786 0.000258504 1 0.0186667
0.999765 0.0216886 0.000557213 2.62568 -0.0216885 0.999765 -0.000237066 0.0550211 -0.000562224 0.000224925 1 0.0215755
0.999489 0.0319539 0.000394727 2.70509 -0.0319539 0.999489 -2.88746e-05 0.0506358 -0.000395449 1.62468e-05 1 0.0136894
0.999027 0.0440925 0.000261436 2.79105 -0.0440926 0.999027 0.000224603 0.0333378 -0.000251278 -0.000235912 1 0.0104975
0.998323 0.05789 -0.000404821 2.88541 -0.0578899 0.998323 0.000185931 0.0312723 0.000414906 -0.000162184 1 0.0116693
0.997326 0.0730773 -0.000575324 2.97281 -0.0730773 0.997326 8.27777e-05 -0.0099408 0.000579835 -4.05133e-05 1 0.0109964
0.995904 0.09041 -0.000635911 3.06233 -0.0904101 0.995905 -4.52662e-05 -0.0442292 0.000629214 0.000102574 1 0.0178955
0.993907 0.110219 -0.000549071 3.15872 -0.110219 0.993907 0.000206961 -0.0552185 0.000568537 -0.000145182 1 0.0118377
0.991339 0.131327 -0.00022794 3.25974 -0.131327 0.991339 0.000295138 -0.091824 0.000264726 -0.000262647 1 0.0127642
0.987931 0.154893 -4.49294e-05 3.36948 -0.154893 0.987931 0.000446445 -0.126225 0.000113538 -0.000434097 1 0.00898209
0.983672 0.179969 0.000445432 3.47596 -0.17997 0.983672 0.000581316 -0.160979 -0.00033354 -0.000651989 1 0.0066556
0.978452 0.206475 0.000659645 3.58994 -0.206476 0.978452 0.000360995 -0.210635 -0.000570894 -0.000489417 1 0.0114362
0.972311 0.23369 0.000679266 3.69591 -0.233691 0.972311 0.000417373 -0.256698 -0.000562922 -0.000564555 1 0.0139281
0.96492 0.262542 0.0008013 3.79322 -0.262543 0.96492 0.000324286 -0.319111 -0.000688052 -0.000523285 1 0.017019
0.956403 0.292049 0.00118329 3.90463 -0.292049 0.956403 0.000218768 -0.380233 -0.00106781 -0.000554808 0.999999 0.0217656
0.94679 0.321848 0.00177197 4.02367 -0.321849 0.946791 0.000294345 -0.44534 -0.00158295 -0.00084899 0.999998 0.0164266
0.936243 0.351349 0.0018511 4.13571 -0.35135 0.936244 0.00017837 -0.521252 -0.00167042 -0.000817383 0.999998 0.0134707
0.924528 0.381109 0.00191284 4.24287 -0.381109 0.92453 -1.16037e-05 -0.593127 -0.0017729 -0.000718274 0.999998 0.0185715
0.911382 0.411557 0.00172363 4.33307 -0.411558 0.911384 -0.000161461 -0.674785 -0.00163734 -0.000562221 0.999999 0.0328655
0.896741 0.442554 0.00144807 4.44028 -0.442555 0.896742 0.000284622 -0.759114 -0.00117258 -0.000896083 0.999999 0.0252778
0.880688 0.473691 0.0020593 4.55466 -0.473694 0.880689 0.000828993 -0.837516 -0.00142092 -0.00170556 0.999998 0.0145318
0.863106 0.50502 0.00172997 4.65086 -0.505022 0.863106 0.00108668 -0.942623 -0.000944349 -0.00181159 0.999998 0.00295624
0.84387 0.536548 8.49779e-06 4.74821 -0.536548 0.84387 0.000561442 -1.04054 0.000294069 -0.000478343 1 0.00975115
0.822563 0.56867 -0.00235359 4.83839 -0.568672 0.822564 -0.000365589 -1.16008 0.00172808 0.00163914 0.999997 0.0295765
0.798873 0.601467 -0.00634476 4.94613 -0.601492 0.798872 -0.00327794 -1.27352 0.00309708 0.00643498 0.999974 0.0293854
0.773154 0.63417 -0.00781964 5.04503 -0.634208 0.773153 -0.00391104 -1.41581 0.00356551 0.00798312 0.999962 0.0363326
0.74481 0.667217 -0.00892402 5.1343 -0.667263 0.744814 -0.00354171 -1.55891 0.00428365 0.00859257 0.999954 0.0371297
0.714093 0.699974 -0.0103964 5.24569 -0.700033 0.714102 -0.00348867 -1.70676 0.00498209 0.00976905 0.99994 0.0165698
0.682071 0.731151 -0.0140286 5.35551 -0.73127 0.682058 -0.00643044 -1.87723 0.00486672 0.0146447 0.999881 0.0161402
0.649538 0.760182 -0.0149662 5.44615 -0.76032 0.649502 -0.00778274 -2.04543 0.00380426 0.0164343 0.999858 0.0438167
0.616166 0.787452 -0.0160718 5.53349 -0.787607 0.61613 -0.0076962 -2.22656 0.0038419 0.0174004 0.999841 0.031125
0.582426 0.812686 -0.0179254 5.62803 -0.812869 0.582405 -0.00691414 -2.4266 0.00482081 0.018598 0.999815 0.0272168
0.547751 0.836433 -0.0186848 5.72492 -0.836621 0.547756 -0.00530206 -2.60235 0.00579992 0.0185363 0.999811 0.0313089
0.512345 0.858586 -0.0182303 5.82049 -0.858762 0.512354 -0.00453823 -2.82115 0.00544388 0.0179806 0.999824 0.0184978
0.477386 0.87851 -0.0179417 5.90352 -0.878682 0.477385 -0.00461512 -3.04895 0.00451069 0.0179683 0.999828 0.0110077
0.442357 0.896644 -0.0186886 5.97313 -0.896829 0.442356 -0.00440371 -3.26611 0.00431847 0.0187085 0.999816 0.011483
0.405172 0.914044 -0.0189688 6.03636 -0.914221 0.405211 -0.00189961 -3.51494 0.00595004 0.0181113 0.999818 0.0402594
0.368847 0.9293 -0.0188237 6.11478 -0.929467 0.368905 -0.000421798 -3.77328 0.00655218 0.0176516 0.999823 0.0229483
0.334716 0.942091 -0.0207229 6.1832 -0.942305 0.334751 -0.00186692 -4.04054 0.00517819 0.0201522 0.999784 -0.00486643
0.299653 0.953688 -0.0262105 6.21395 -0.954048 0.299564 -0.00733872 -4.29645 0.000852862 0.0272051 0.99963 0.00881538
0.265793 0.963498 -0.0320382 6.25462 -0.964027 0.265557 -0.0114712 -4.5736 -0.00254454 0.0339347 0.999421 0.0348314
0.232841 0.971862 -0.0356364 6.28699 -0.972511 0.232581 -0.0113195 -4.85441 -0.00271268 0.0372925 0.999301 0.0448442
0.201358 0.978873 -0.0355349 6.32272 -0.979514 0.201123 -0.0100967 -5.13162 -0.00273646 0.0368399 0.999317 0.0328675
0.170576 0.984744 -0.0343909 6.34592 -0.985338 0.170348 -0.00947562 -5.40693 -0.00347264 0.035503 0.999364 0.0200961
0.141703 0.989303 -0.0346252 6.36702 -0.9899 0.141464 -0.00925952 -5.69933 -0.00426225 0.0355876 0.999357 0.0067225
0.114938 0.992653 -0.037812 6.3686 -0.993356 0.114632 -0.010186 -5.9862 -0.00577667 0.0387315 0.999233 0.0200652
0.0910939 0.995145 -0.0372608 6.38159 -0.995819 0.090771 -0.0102697 -6.29141 -0.00683764 0.0380405 0.999253 0.0395734
0.0695563 0.996929 -0.0359706 6.39363 -0.997546 0.069218 -0.0105675 -6.58701 -0.00804519 0.0366174 0.999297 0.0245561
0.050867 0.998122 -0.0341439 6.39475 -0.998666 0.0505297 -0.0106701 -6.88047 -0.00892483 0.0346411 0.99936 0.00978353
0.0351544 0.998769 -0.035001 6.37928 -0.999335 0.0347911 -0.0109342 -7.18231 -0.00970298 0.0353621 0.999327 0.0113452
0.0214338 0.999147 -0.0352861 6.37966 -0.999699 0.0209975 -0.0126868 -7.48145 -0.0119351 0.0355474 0.999297 0.036461
0.0096769 0.999317 -0.0356571 6.38237 -0.99987 0.0092097 -0.0132437 -7.775 -0.0129062 0.0357806 0.999276 0.0228028
0.000248056 0.99941 -0.0343438 6.37595 -0.999908 -0.000218083 -0.0135683 -8.07176 -0.0135678 0.034344 0.999318 0.0145507
-0.00732959 0.99936 -0.0350221 6.36039 -0.999878 -0.0078074 -0.013526 -8.3673 -0.0137908 0.0349187 0.999295 0.00963311
-0.013891 0.999231 -0.0366683 6.34585 -0.999794 -0.0144223 -0.0142651 -8.66453 -0.014783 0.0364626 0.999226 0.0182069
-0.0195518 0.999094 -0.0378099 6.33364 -0.999705 -0.0200821 -0.0136957 -8.95607 -0.0144426 0.0375309 0.999191 0.0190151
-0.0242331 0.999019 -0.037063 6.32825 -0.999617 -0.02471 -0.0124653 -9.24439 -0.0133689 0.0367467 0.999235 0.0206802
-0.0276374 0.998989 -0.035452 6.32741 -0.999532 -0.0280836 -0.0121492 -9.52753 -0.0131325 0.0350996 0.999298 0.00736071
-0.0305153 0.998949 -0.0342066 6.32079 -0.999438 -0.0309707 -0.0128619 -9.81685 -0.0139078 0.0337949 0.999332 0.00728908
-0.0341297 0.998852 -0.0336144 6.31024 -0.999316 -0.034587 -0.0131178 -10.0978 -0.0142653 0.0331437 0.999349 0.00331513
-0.0368588 0.998792 -0.0325078 6.29955 -0.999218 -0.0373008 -0.0130989 -10.3872 -0.0142957 0.0319996 0.999386 0.00662864
-0.0393415 0.998719 -0.0318249 6.29206 -0.999125 -0.0397703 -0.0129534 -10.6589 -0.0142025 0.0312874 0.99941 -0.00380932
-0.041972 0.998613 -0.0317753 6.28073 -0.999015 -0.0424045 -0.0130598 -10.932 -0.0143891 0.0311959 0.99941 -0.00727373
-0.0441446 0.998492 -0.0326342 6.2646 -0.998905 -0.0446218 -0.0140418 -11.2152 -0.0154768 0.0319787 0.999369 -0.0125808
-0.0465001 0.998365 -0.0332468 6.25735 -0.998793 -0.0469954 -0.0142741 -11.4863 -0.0158132 0.0325429 0.999345 -0.00120819
-0.0489753 0.998268 -0.0325817 6.24108 -0.998687 -0.0494346 -0.013442 -11.7551 -0.0150293 0.0318806 0.999379 -0.00908532
-0.0512842 0.998199 -0.0311249 6.22733 -0.998597 -0.0516657 -0.0115798 -12.0266 -0.0131671 0.0304873 0.999448 -0.0112915
-0.053752 0.998083 -0.030671 6.20581 -0.998482 -0.0540929 -0.0103966 -12.3194 -0.0120358 0.0300656 0.999475 -0.0140654
-0.0559604 0.997995 -0.0295544 6.19302 -0.998365 -0.0562786 -0.0100464 -12.6098 -0.0116895 0.0289439 0.999513 -0.0169841
-0.0586877 0.997847 -0.0292797 6.17833 -0.998216 -0.0589819 -0.00928694 -12.9084 -0.0109939 0.0286825 0.999528 -0.0201582
-0.061418 0.997722 -0.0278976 6.15593 -0.998058 -0.0616821 -0.00870522 -13.2151 -0.0104062 0.0273088 0.999573 -0.0129884
-0.0641051 0.997595 -0.0263402 6.13065 -0.9979 -0.0643264 -0.00764256 -13.5362 -0.00931856 0.025795 0.999624 -0.0174753
-0.0661263 0.997497 -0.0250416 6.10958 -0.997767 -0.066339 -0.0077618 -13.8489 -0.00940361 0.0244724 0.999656 -0.0246824
-0.0688776 0.997338 -0.0239379 6.08993 -0.99757 -0.0691066 -0.0088731 -14.1591 -0.0105037 0.0232685 0.999674 -0.0258895
-0.0715878 0.997167 -0.0230904 6.07149 -0.997366 -0.0718355 -0.0100794 -14.4938 -0.0117096 0.022308 0.999683 -0.0356565
-0.074222 0.997 -0.0219579 6.04121 -0.997171 -0.0744607 -0.0102592 -14.8244 -0.0118634 0.0211343 0.999706 -0.0365113
-0.0764325 0.996848 -0.0212574 6.02223 -0.996995 -0.0766784 -0.0110008 -15.1571 -0.0125961 0.0203527 0.999714 -0.0326373
-0.079033 0.996655 -0.0207982 5.99129 -0.99679 -0.0792766 -0.011159 -15.5016 -0.0127705 0.0198495 0.999721 -0.0434966
-0.0805278 0.996535 -0.0208153 5.96339 -0.996666 -0.0807776 -0.0114513 -15.8481 -0.013093 0.0198238 0.999718 -0.0293902
-0.0820178 0.996424 -0.0203136 5.93372 -0.99653 -0.0822821 -0.0125346 -16.1935 -0.0141612 0.019215 0.999715 -0.0355986
-0.083202 0.996353 -0.0189252 5.90961 -0.99643 -0.0834514 -0.0127935 -16.5453 -0.0143262 0.0177931 0.999739 -0.0499599
-0.0834159 0.996337 -0.0188159 5.87654 -0.996428 -0.0836427 -0.0116108 -16.8999 -0.013142 0.0177802 0.999756 -0.0497046
-0.0824993 0.996406 -0.0192213 5.84793 -0.996477 -0.0827664 -0.0135422 -17.2499 -0.0150844 0.0180363 0.999724 -0.0440598
-0.0817924 0.996454 -0.019752 5.83209 -0.996498 -0.0821096 -0.0158192 -17.6058 -0.0173849 0.0183889 0.99968 -0.0503707
-0.080395 0.996615 -0.0171791 5.81543 -0.996605 -0.0806768 -0.0163943 -17.9556 -0.0177247 0.0158028 0.999718 -0.0466952
-0.079189 0.996764 -0.0138207 5.79116 -0.996698 -0.0794185 -0.0169317 -18.3049 -0.0179745 0.0124342 0.999761 -0.0594548
-0.0782322 0.996864 -0.011905 5.76021 -0.996757 -0.0784384 -0.0179695 -18.6564 -0.018847 0.0104606 0.999768 -0.0717302
-0.0771551 0.99693 -0.0133357 5.73341 -0.99683 -0.0773942 -0.0184558 -18.9969 -0.0194313 0.0118695 0.999741 -0.0748039
-0.0759812 0.997008 -0.0142418 5.71011 -0.996895 -0.0762534 -0.0196519 -19.345 -0.0206791 0.0127044 0.999705 -0.0674084
-0.0746009 0.997085 -0.0160035 5.68565 -0.996985 -0.0749177 -0.0202007 -19.69 -0.0213407 0.0144483 0.999668 -0.0747644
-0.0734654 0.997174 -0.0156926 5.66582 -0.997096 -0.0737583 -0.0189791 -20.0265 -0.0200829 0.0142527 0.999697 -0.0673365
-0.0725331 0.997281 -0.0130413 5.6445 -0.997184 -0.0727635 -0.0181614 -20.3653 -0.019061 0.0116873 0.99975 -0.0716631
-0.0715563 0.997382 -0.0104648 5.62526 -0.997245 -0.071744 -0.018823 -20.7101 -0.0195245 0.00908909 0.999768 -0.0822403
-0.0705053 0.997473 -0.00872484 5.60392 -0.997311 -0.0706637 -0.0194183 -21.0501 -0.0199858 0.00733229 0.999773 -0.0869743
-0.0693373 0.997563 -0.00776762 5.58495 -0.997408 -0.0694724 -0.0187399 -21.3807 -0.0192339 0.0064481 0.999794 -0.0980587
-0.0681629 0.997645 -0.00766102 5.56824 -0.997515 -0.0682874 -0.0173652 -21.7076 -0.0178474 0.00645832 0.99982 -0.100117
-0.0667345 0.997745 -0.00722006 5.55126 -0.997627 -0.066846 -0.0164923 -22.0442 -0.0169377 0.00610233 0.999838 -0.098564
-0.0657636 0.997806 -0.00758763 5.52504 -0.997691 -0.0658815 -0.0165016 -22.3771 -0.0169653 0.0064849 0.999835 -0.102172
-0.0647477 0.997869 -0.00804514 5.50851 -0.99776 -0.0648723 -0.0163355 -22.7094 -0.0168226 0.00696943 0.999834 -0.102241
-0.0641396 0.997909 -0.00799654 5.48994 -0.997788 -0.0642679 -0.0169792 -23.0293 -0.0174576 0.00688981 0.999824 -0.101339
-0.0628178 0.998002 -0.0067411 5.47416 -0.997877 -0.0629232 -0.016774 -23.3505 -0.0171647 0.00567309 0.999837 -0.113848
-0.0617313 0.998073 -0.00631579 5.45873 -0.997956 -0.0618265 -0.0161883 -23.6633 -0.0165475 0.00530356 0.999849 -0.115477
-0.0611948 0.998112 -0.00527616 5.43842 -0.997977 -0.061276 -0.0169255 -23.9761 -0.0172169 0.00422973 0.999843 -0.109931
-0.0608475 0.998134 -0.00503569 5.42257 -0.997971 -0.0609308 -0.0184915 -24.3024 -0.0187638 0.00390031 0.999816 -0.11672
-0.0601894 0.998177 -0.00437307 5.41014 -0.997998 -0.0602628 -0.019203 -24.5993 -0.0194315 0.0032085 0.999806 -0.122455
-0.0596621 0.99821 -0.00421672 5.39617 -0.998032 -0.0597322 -0.0191065 -24.9052 -0.0193242 0.00306848 0.999809 -0.121789
-0.0597025 0.998206 -0.00453779 5.38047 -0.998024 -0.0597796 -0.0193673 -25.2137 -0.0196038 0.00337255 0.999802 -0.133219
-0.0600089 0.998174 -0.00688064 5.35139 -0.997999 -0.0601331 -0.0195442 -25.4998 -0.0199223 0.00569405 0.999785 -0.13128
-0.0606427 0.998126 -0.00815146 5.33148 -0.997952 -0.0607946 -0.0198985 -25.7932 -0.0203568 0.00692807 0.999769 -0.119628
-0.0620001 0.998055 -0.00649788 5.3248 -0.997842 -0.0621252 -0.0212334 -26.0735 -0.0215957 0.00516739 0.999753 -0.121241
-0.0633859 0.997989 -0.00108055 5.3164 -0.997732 -0.0633941 -0.02262 -26.3654 -0.022643 -0.000355687 0.999744 -0.128513
-0.0656531 0.997842 0.00139286 5.29505 -0.997566 -0.065602 -0.023648 -26.6523 -0.0235056 -0.00294204 0.999719 -0.168756
-0.0685787 0.997645 0.00109369 5.26987 -0.997387 -0.0685359 -0.0228552 -26.9282 -0.0227264 -0.00265821 0.999738 -0.152567
-0.072423 0.997374 -0.000317771 5.24916 -0.997131 -0.0724124 -0.022062 -27.1907 -0.0220271 -0.00128094 0.999757 -0.14074
-0.0762598 0.997086 -0.00184181 5.22559 -0.996855 -0.0762818 -0.0214546 -27.4697 -0.0215326 0.00019989 0.999768 -0.144188
-0.080057 0.996788 -0.00228512 5.20637 -0.996571 -0.0800873 -0.0207956 -27.7217 -0.0209118 0.000612451 0.999781 -0.141399
-0.0837325 0.996485 -0.00235795 5.17534 -0.99629 -0.0837628 -0.0197487 -27.9759 -0.0198768 0.000695588 0.999802 -0.154416
-0.0864489 0.996255 -0.00172775 5.14859 -0.996075 -0.0864661 -0.0189217 -28.2276 -0.0190002 8.52045e-05 0.999819 -0.150658
-0.0879682 0.996122 -0.00171347 5.12986 -0.995964 -0.0879847 -0.0177209 -28.4701 -0.0178029 0.000147679 0.999842 -0.158187
-0.0885392 0.996073 -0.000227973 5.11213 -0.995934 -0.0885307 -0.0166948 -28.7094 -0.0166494 -0.0012511 0.999861 -0.151177
-0.0871715 0.99619 0.00268964 5.10728 -0.996091 -0.0871236 -0.0145341 -28.9354 -0.0142443 -0.00394609 0.999891 -0.164273
-0.0838337 0.99647 0.00440456 5.08166 -0.99641 -0.0837747 -0.0122144 -29.1574 -0.0118023 -0.00541272 0.999916 -0.174878
-0.0780723 0.99694 0.00383302 5.07297 -0.99689 -0.0780257 -0.0110905 -29.3815 -0.0107574 -0.00468696 0.999931 -0.176182
-0.0706546 0.9975 0.000964051 5.06155 -0.997435 -0.0706388 -0.0115552 -29.5912 -0.0114582 -0.00177801 0.999933 -0.171463
-0.0608863 0.998143 -0.00206751 5.04869 -0.998071 -0.0609068 -0.0120092 -29.8087 -0.0121128 0.00133233 0.999926 -0.17124
-0.0467063 0.998902 -0.0035214 5.05541 -0.99884 -0.046744 -0.0115287 -30.0211 -0.0116807 0.00297886 0.999927 -0.16036
-0.0289218 0.999572 -0.00428483 5.04845 -0.99952 -0.0289676 -0.0110228 -30.2203 -0.0111422 0.00396397 0.99993 -0.168305
-0.00878684 0.999949 -0.00488009 5.07183 -0.999901 -0.00883988 -0.0109543 -30.4061 -0.0109969 0.00478336 0.999928 -0.176266
0.0128364 0.999902 -0.00552956 5.09471 -0.999864 0.0127782 -0.0104204 -30.6038 -0.0103487 0.00566257 0.99993 -0.169904
0.0359089 0.999346 -0.00419746 5.12895 -0.999307 0.0358658 -0.00992873 -30.8065 -0.00977169 0.00455108 0.999942 -0.161187
0.060369 0.998176 -0.000742566 5.15969 -0.998123 0.0603581 -0.0103678 -31.012 -0.0103041 0.00136707 0.999946 -0.169723
0.0873007 0.996181 0.0012187 5.20121 -0.996128 0.0873086 -0.0103467 -31.2133 -0.0104136 -0.000310703 0.999946 -0.18323
0.116662 0.993171 0.000928245 5.25145 -0.993125 0.116665 -0.00956137 -31.4049 -0.00960438 0.000193585 0.999954 -0.182937
0.147799 0.989015 -0.00212631 5.30398 -0.988976 0.147773 -0.00942614 -31.5907 -0.00900838 0.00349605 0.999953 -0.187213
0.180024 0.983648 -0.00530801 5.35939 -0.983624 0.179967 -0.00979862 -31.7846 -0.00868313 0.00698507 0.999938 -0.178876
0.213455 0.976897 -0.0104712 5.42303 -0.976925 0.213356 -0.00983046 -31.9807 -0.00736925 0.0123279 0.999897 -0.173666
0.248847 0.968431 -0.0146985 5.49976 -0.968525 0.248721 -0.00987634 -32.169 -0.00590873 0.0166936 0.999843 -0.163192
0.285756 0.958165 -0.0162342 5.57802 -0.958291 0.285629 -0.00971511 -32.3402 -0.00467171 0.0183333 0.999821 -0.16134
0.322425 0.946446 -0.0168039 5.6714 -0.946592 0.322331 -0.00809979 -32.5209 -0.0022496 0.018518 0.999826 -0.15634
0.357506 0.933742 -0.0177821 5.76913 -0.933911 0.35746 -0.00577091 -32.6836 0.000967862 0.01867 0.999825 -0.165847
0.391385 0.920032 -0.0189296 5.87932 -0.920219 0.391383 -0.00394212 -32.852 0.00378184 0.0189623 0.999813 -0.176311
0.425466 0.904707 -0.0220205 5.9935 -0.904955 0.425489 -0.00386071 -33.0317 0.00587666 0.0215701 0.99975 -0.184046
0.458663 0.888273 -0.0244682 6.09614 -0.888593 0.458653 -0.00635992 -33.1934 0.00557309 0.0246594 0.99968 -0.171177
0.490547 0.870995 -0.0270549 6.21441 -0.871401 0.490476 -0.00964989 -33.3533 0.00486476 0.0283094 0.999587 -0.151165
0.520827 0.853201 -0.0280526 6.33398 -0.853646 0.520738 -0.0109679 -33.5092 0.00525023 0.0296594 0.999546 -0.133159
0.550157 0.834581 -0.0283196 6.46714 -0.835033 0.550099 -0.0105146 -33.6537 0.00680327 0.0294325 0.999544 -0.133197
0.57894 0.814864 -0.028729 6.6158 -0.815302 0.578986 -0.00754024 -33.796 0.0104894 0.0277882 0.999559 -0.146722
0.607039 0.79409 -0.0303947 6.75352 -0.79455 0.607173 -0.00568572 -33.9359 0.0139399 0.0276016 0.999522 -0.159194
0.633698 0.772968 -0.0307999 6.89411 -0.773439 0.633841 -0.00611424 -34.0679 0.0147961 0.0276964 0.999507 -0.151678
0.658867 0.751629 -0.0307837 7.04104 -0.752114 0.658991 -0.00736248 -34.2015 0.0147524 0.0280038 0.999499 -0.131139
0.683376 0.729301 -0.0334401 7.19658 -0.729909 0.683464 -0.0104988 -34.3301 0.0151983 0.0315828 0.999386 -0.143735
0.706669 0.706614 -0.0362659 7.3356 -0.707369 0.706707 -0.0139653 -34.4454 0.0157613 0.0355222 0.999245 -0.119505
0.727418 0.685084 -0.0390233 7.47809 -0.685964 0.72747 -0.0155106 -34.56 0.0177623 0.0380513 0.999118 -0.0983923
0.746802 0.663815 -0.0404461 7.64051 -0.664741 0.746919 -0.0151692 -34.6735 0.0201404 0.0382146 0.999067 -0.0968483
0.765137 0.642561 -0.0409944 7.80116 -0.643505 0.765291 -0.0152026 -34.7687 0.021604 0.0380122 0.999044 -0.110427
0.781617 0.622436 -0.0405961 7.95719 -0.62336 0.781788 -0.0151711 -34.8701 0.0222944 0.037164 0.99906 -0.100665
0.796142 0.603814 -0.0395805 8.11405 -0.604716 0.79628 -0.0160162 -34.9603 0.0218464 0.0366861 0.999088 -0.0947556
0.810414 0.584486 -0.0400703 8.2787 -0.585434 0.810532 -0.017448 -35.0535 0.0222802 0.0375986 0.999045 -0.096286
0.823966 0.565114 -0.041553 8.41444 -0.566149 0.824087 -0.0188832 -35.1287 0.0235721 0.0390843 0.998958 -0.0756199
0.836411 0.54651 -0.0417396 8.55899 -0.547544 0.836569 -0.0186477 -35.2008 0.0247269 0.0384515 0.998954 -0.0634931
0.848055 0.528352 -0.0405805 8.72043 -0.529311 0.848246 -0.017565 -35.2747 0.0251418 0.0363758 0.999022 -0.0696161
0.859514 0.509638 -0.0387796 8.88395 -0.510509 0.85971 -0.0167321 -35.3462 0.0248119 0.0341788 0.999108 -0.0697016
0.870504 0.490661 -0.0384097 9.04211 -0.491524 0.870696 -0.0171002 -35.4145 0.0250528 0.0337651 0.999116 -0.0774287
0.880997 0.471617 -0.0377192 9.19688 -0.472482 0.881151 -0.0182703 -35.4815 0.0246197 0.0339177 0.999121 -0.0518869
0.891274 0.452012 -0.0362633 9.36276 -0.452852 0.891375 -0.0193812 -35.5359 0.0235637 0.0336959 0.999154 -0.0430607
0.901119 0.432184 -0.0346489 9.53598 -0.43295 0.901226 -0.0185813 -35.6039 0.023196 0.0317452 0.999227 -0.0373473
0.91028 0.412544 -0.0346108 9.70277 -0.413277 0.91044 -0.0173451 -35.6567 0.0243555 0.0300927 0.99925 -0.0394475
0.918794 0.393157 -0.0352816 9.86547 -0.393883 0.919013 -0.0164721 -35.7108 0.0259481 0.0290313 0.999242 -0.0366416
0.926553 0.374496 -0.0353977 10.0335 -0.375228 0.926781 -0.0167477 -35.76 0.0265339 0.0287998 0.999233 -0.0270512
0.933768 0.356151 -0.0351161 10.2019 -0.356897 0.933975 -0.0177396 -35.806 0.0264796 0.0290975 0.999226 -0.0140061
0.94034 0.338451 -0.0348146 10.3759 -0.339185 0.940552 -0.0177791 -35.8472 0.0267276 0.028527 0.999236 0.00508704
0.946075 0.322103 -0.0345166 10.5398 -0.322743 0.946372 -0.0147682 -35.8847 0.0279086 0.0251118 0.999295 0.0274755
0.951574 0.305449 -0.0347364 10.7336 -0.305937 0.952003 -0.00958976 -35.9324 0.03014 0.0197525 0.99935 0.00872707
0.956687 0.288933 -0.0356076 10.9087 -0.289339 0.957203 -0.0067099 -35.9622 0.032145 0.0167219 0.999343 -0.00725088
0.961412 0.272663 -0.0366382 11.0765 -0.273107 0.961954 -0.00761506 -36.0064 0.0331679 0.0173273 0.9993 -0.00142033
0.965453 0.258038 -0.0362958 11.2524 -0.258596 0.965917 -0.0115449 -36.0359 0.0320797 0.020532 0.999274 0.0295087
0.969195 0.243702 -0.0356537 11.4366 -0.244294 0.96961 -0.0132723 -36.0795 0.0313357 0.0215734 0.999276 0.0548973
0.972526 0.22995 -0.0362922 11.6186 -0.230542 0.972975 -0.0130279 -36.0995 0.0323157 0.0210368 0.999256 0.0527627
0.975462 0.217012 -0.0371423 11.7948 -0.217568 0.975976 -0.0115811 -36.127 0.0337368 0.0193779 0.999243 0.0496431
0.977879 0.205651 -0.0382185 11.9771 -0.20621 0.978443 -0.0112628 -36.1517 0.0350784 0.0188947 0.999206 0.0475372
0.980039 0.195008 -0.0386693 12.1653 -0.195578 0.980621 -0.0115172 -36.1851 0.035674 0.0188501 0.999186 0.0600857
0.981863 0.185625 -0.0385678 12.3487 -0.18619 0.982445 -0.0115824 -36.2129 0.0357407 0.0185533 0.999189 0.068558
0.98328 0.17816 -0.0376732 12.5403 -0.178673 0.98385 -0.0106936 -36.2338 0.0351596 0.017246 0.999233 0.0800356
0.984519 0.171551 -0.0359578 12.7359 -0.171982 0.985057 -0.0092281 -36.2575 0.0338374 0.0152693 0.999311 0.100952
0.985411 0.166833 -0.0336432 12.9258 -0.167121 0.985919 -0.005911 -36.2829 0.0321833 0.0114472 0.999416 0.104685
0.986012 0.16361 -0.0318028 13.1293 -0.163781 0.986493 -0.00283044 -36.3026 0.0309101 0.00799955 0.99949 0.111852
0.986445 0.161048 -0.0314679 13.3233 -0.161115 0.986935 0.000396252 -36.3281 0.0311206 0.00467909 0.999505 0.11492
0.986798 0.158741 -0.0321159 13.5096 -0.158775 0.987314 0.00152973 -36.351 0.0319513 0.00358965 0.999483 0.10685
0.987121 0.156646 -0.0324785 13.7017 -0.156744 0.987639 -0.000450909 -36.386 0.0320064 0.0055359 0.999472 0.104713
0.987437 0.154412 -0.0335342 13.8922 -0.154658 0.987956 -0.00485315 -36.4243 0.032381 0.00997853 0.999426 0.129466
0.987691 0.152532 -0.0346437 14.0785 -0.152954 0.988184 -0.00984795 -36.4542 0.0327322 0.0150256 0.999351 0.154509
0.987976 0.1507 -0.034551 14.2653 -0.151113 0.988469 -0.00965721 -36.4734 0.0326973 0.0147622 0.999356 0.182144
0.988224 0.149399 -0.0330771 14.4462 -0.149689 0.988712 -0.00646052 -36.493 0.0317385 0.0113357 0.999432 0.173246
0.988531 0.147669 -0.0316363 14.6297 -0.147833 0.989008 -0.00290296 -36.5146 0.0308598 0.00754654 0.999495 0.163805
0.988762 0.146043 -0.0319514 14.8081 -0.146185 0.989255 -0.0021425 -36.5392 0.0312952 0.00678925 0.999487 0.150052
0.988966 0.144681 -0.0318243 14.9765 -0.144836 0.989452 -0.00262232 -36.5697 0.0311092 0.00720269 0.99949 0.177141
0.989154 0.143522 -0.0312388 15.1439 -0.143683 0.989619 -0.00297445 -36.5888 0.0304876 0.00743067 0.999508 0.19276
0.989444 0.141817 -0.0298092 15.3237 -0.141932 0.989875 -0.00175366 -36.6117 0.0292586 0.00596601 0.999554 0.207868
0.989788 0.139722 -0.028239 15.4941 -0.139794 0.99018 -0.000608949 -36.6365 0.0278767 0.00455039 0.999601 0.19225
0.990087 0.137788 -0.0272407 15.6588 -0.137888 0.990446 -0.0017959 -36.6596 0.026733 0.00553426 0.999627 0.188309
0.990338 0.135912 -0.0275469 15.8275 -0.13607 0.990692 -0.00392217 -36.6773 0.0267574 0.00763257 0.999613 0.205891
0.99071 0.132995 -0.0284042 15.9983 -0.133197 0.991075 -0.00531847 -36.6974 0.0274434 0.0090524 0.999582 0.220417
0.991215 0.12904 -0.0290033 16.1603 -0.12925 0.991597 -0.00546363 -36.7135 0.0280545 0.00916429 0.999564 0.227849
0.991731 0.125047 -0.0288678 16.3266 -0.125249 0.992111 -0.00531909 -36.7348 0.0279749 0.00889078 0.999569 0.230185
0.992332 0.120421 -0.0278588 16.5009 -0.120621 0.992683 -0.00562598 -36.7504 0.0269775 0.0089432 0.999596 0.226258
0.993051 0.11485 -0.0256588 16.6611 -0.115077 0.993328 -0.0075533 -36.7685 0.0246201 0.0104536 0.999642 0.237721
0.993764 0.109102 -0.0230309 16.823 -0.109313 0.993974 -0.00809695 -36.7847 0.0220087 0.010564 0.999702 0.264476
0.994408 0.103271 -0.0220765 16.9915 -0.103454 0.994608 -0.00729073 -36.7897 0.0212046 0.00953386 0.99973 0.268406
0.995121 0.0961115 -0.0223024 17.1546 -0.0962552 0.995342 -0.00545899 -36.791 0.0216738 0.00757907 0.999736 0.262978
0.995812 0.0887761 -0.0218398 17.3029 -0.0888682 0.996038 -0.0032799 -36.7974 0.0214621 0.00520703 0.999756 0.26473
0.9965 0.0809585 -0.0208311 17.4744 -0.0810168 0.996711 -0.00196769 -36.8015 0.0206032 0.00364847 0.999781 0.256619
0.997285 0.0712034 -0.0187946 17.6355 -0.0712654 0.997454 -0.0026453 -36.8045 0.0185584 0.00397752 0.99982 0.260621
0.99799 0.0610162 -0.0171199 17.7798 -0.0610891 0.998125 -0.00376906 -36.8093 0.0168579 0.00480733 0.999846 0.273236
0.998544 0.0512316 -0.0168998 17.9347 -0.0513131 0.998673 -0.00442707 -36.8046 0.0166506 0.0052878 0.999847 0.286953
0.999077 0.0395063 -0.016854 18.1049 -0.0395825 0.999207 -0.00421123 -36.8048 0.0166743 0.00487447 0.999849 0.288249
0.999528 0.0263034 -0.015879 18.2528 -0.0263651 0.999646 -0.00368682 -36.797 0.0157764 0.00410373 0.999867 0.285057
0.999822 0.0132748 -0.013421 18.3955 -0.0133184 0.999906 -0.0031661 -36.7804 0.0133778 0.00334428 0.999905 0.285647
0.99993 -3.7583e-05 -0.0118035 18.5459 8.99873e-06 0.999997 -0.00242173 -36.7729 0.0118035 0.00242146 0.999927 0.28955
0.999844 -0.0137935 -0.0110207 18.6884 0.0137727 0.999903 -0.00196087 -36.7558 0.0110467 0.00180878 0.999937 0.294427
0.999562 -0.0278652 -0.00995622 18.8186 0.0278408 0.999609 -0.00258186 -36.7428 0.0100243 0.00230354 0.999947 0.298653
0.99912 -0.041333 -0.00709388 18.9538 0.0413193 0.999144 -0.00206436 -36.7189 0.00717314 0.00176943 0.999973 0.306403
0.998522 -0.0540978 -0.00521527 19.0914 0.0540857 0.998533 -0.00242748 -36.7081 0.00533894 0.00214182 0.999983 0.293031
0.997682 -0.0678933 -0.00456975 19.2292 0.0678808 0.997689 -0.00283548 -36.6926 0.0047517 0.00251871 0.999986 0.320742
0.996647 -0.0817046 -0.00431443 19.3514 0.0816904 0.996652 -0.0033696 -36.672 0.0045753 0.00300586 0.999985 0.31989
0.995492 -0.0947339 -0.0045958 19.4806 0.0947195 0.995499 -0.00326926 -36.6401 0.00488482 0.00281921 0.999984 0.323141
0.994078 -0.108544 -0.00523265 19.6225 0.108528 0.994088 -0.00329248 -36.6064 0.00555909 0.00270509 0.999981 0.317577
0.992444 -0.122563 -0.00573402 19.7478 0.12255 0.992459 -0.00253038 -36.5814 0.00600091 0.00180855 0.99998 0.322512
0.990564 -0.13693 -0.00581077 19.8861 0.13692 0.99058 -0.00217025 -36.5519 0.0060532 0.00135416 0.999981 0.312262
0.98823 -0.152868 -0.0057308 20.0314 0.152846 0.988242 -0.00409714 -36.5213 0.00628974 0.00317299 0.999975 0.307331
0.985343 -0.170533 -0.00429593 20.1815 0.17047 0.985287 -0.0122463 -36.4897 0.00632112 0.0113344 0.999916 0.263073
0.982054 -0.188591 0.00159744 20.3339 0.188582 0.981828 -0.0212517 -36.4533 0.00243946 0.0211716 0.999773 0.354334
0.978252 -0.207362 0.00482976 20.4982 0.207409 0.978161 -0.0134996 -36.3817 -0.00192499 0.0142077 0.999897 0.45825
0.973195 -0.229971 0.00221392 20.6954 0.229953 0.973182 0.00624218 -36.2899 -0.00359006 -0.00556576 0.999978 0.345642
0.966766 -0.255605 -0.00534139 20.8647 0.255657 0.966655 0.0147562 -36.2079 0.00139152 -0.0156314 0.999877 0.239128
0.959644 -0.28098 -0.0115637 21.0277 0.281105 0.959612 0.0111757 -36.1518 0.00795655 -0.0139753 0.999871 0.245283
0.951514 -0.307348 -0.0125776 21.2491 0.307377 0.951588 0.000385399 -36.0678 0.0118503 -0.00423278 0.999921 0.308827
0.941399 -0.337106 -0.011317 21.4574 0.337054 0.941464 -0.00630682 -35.9658 0.0127806 0.00212281 0.999916 0.388047
0.929904 -0.367589 -0.0125444 21.6418 0.367555 0.929988 -0.00502993 -35.8655 0.0135151 6.65931e-05 0.999909 0.416253
0.917567 -0.397186 -0.0177485 21.8527 0.397241 0.917714 -0.00045296 -35.7407 0.016468 -0.00663481 0.999842 0.380945
0.903112 -0.428821 -0.0223739 22.0769 0.428972 0.903315 0.00218117 -35.5881 0.0192754 -0.0115676 0.999747 0.33912
0.886496 -0.462127 -0.0237454 22.28 0.462288 0.886729 0.00144689 -35.4547 0.0203871 -0.0122599 0.999717 0.327237
0.868095 -0.495816 -0.0240204 22.4957 0.495811 0.868406 -0.00660671 -35.3181 0.0241351 -0.0061743 0.99969 0.303299
0.848253 -0.529055 -0.0238328 22.6963 0.528754 0.848583 -0.0180534 -35.1666 0.0297754 0.00271219 0.999553 0.40007
0.827452 -0.561049 -0.0233897 22.9019 0.560759 0.827781 -0.018131 -34.9824 0.0295339 0.00188655 0.999562 0.441422
0.805241 -0.592489 -0.0233065 23.1101 0.592363 0.80557 -0.0127419 -34.7882 0.0263244 -0.00354562 0.999647 0.420778
0.781907 -0.622538 -0.0326693 23.2995 0.622751 0.782408 -0.00445378 -34.5793 0.0283334 -0.0168624 0.999456 0.439376
0.756525 -0.652671 -0.0411159 23.5056 0.653098 0.757264 -0.00388898 -34.3553 0.0336738 -0.0239106 0.999147 0.33668
0.727874 -0.684493 -0.040855 23.7037 0.684911 0.72861 -0.00488822 -34.1246 0.0331133 -0.0244241 0.999153 0.354013
0.699458 -0.7138 -0.0353237 23.8791 0.71402 0.700078 -0.00817168 -33.9066 0.0305623 -0.0195061 0.999343 0.387802
0.670115 -0.741651 -0.0300019 24.0825 0.741724 0.670618 -0.0107943 -33.646 0.0281254 -0.0150197 0.999492 0.44318
0.637802 -0.769693 -0.0279614 24.2796 0.769742 0.638254 -0.0113091 -33.3776 0.026551 -0.0143101 0.999545 0.463436
0.603743 -0.796691 -0.0278828 24.441 0.796757 0.604192 -0.0114195 -33.0997 0.0259444 -0.0153214 0.999546 0.462538
0.568876 -0.821933 -0.0283892 24.6131 0.822022 0.569338 -0.0115774 -32.811 0.0256789 -0.0167505 0.99953 0.45497
0.533006 -0.845675 -0.0271687 24.7702 0.845764 0.533432 -0.0115435 -32.4986 0.0242547 -0.0168256 0.999564 0.45843
0.496628 -0.867603 -0.0250299 24.9163 0.867691 0.496988 -0.0107344 -32.1783 0.0217528 -0.0163872 0.999629 0.467285
0.460088 -0.887586 -0.0225885 25.0642 0.887661 0.460385 -0.0101481 -31.8367 0.0194067 -0.0153819 0.999693 0.48616
0.423965 -0.905405 -0.0222396 25.1974 0.905506 0.424236 -0.00907689 -31.4922 0.0176531 -0.0162898 0.999711 0.502848
0.389063 -0.920946 -0.0220764 25.3233 0.921072 0.389309 -0.00803346 -31.1178 0.0159929 -0.0172084 0.999724 0.490984
0.354861 -0.934682 -0.0210427 25.4414 0.934816 0.355066 -0.00685466 -30.7378 0.0138785 -0.0172386 0.999755 0.494429
0.321735 -0.946637 -0.0191279 25.5563 0.946754 0.321898 -0.0061141 -30.3475 0.0119451 -0.0161423 0.999798 0.505742
0.289229 -0.95711 -0.0169547 25.6567 0.957211 0.289348 -0.00504249 -29.9373 0.00973202 -0.0147707 0.999844 0.520965
0.257751 -0.966076 -0.0161688 25.7522 0.966178 0.257844 -0.00394587 -29.5209 0.00798103 -0.0146049 0.999861 0.531806
0.228034 -0.973514 -0.0164848 25.829 0.973628 0.228116 -0.00328408 -29.0971 0.00695754 -0.0153012 0.999859 0.525518
0.19966 -0.979735 -0.0159983 25.8979 0.979845 0.199735 -0.00321682 -28.647 0.00634704 -0.0150335 0.999867 0.521948
0.171411 -0.985093 -0.0144734 25.9692 0.985179 0.171484 -0.00397109 -28.1788 0.00639385 -0.0135782 0.999887 0.531049
0.143601 -0.989544 -0.0134523 26.0153 0.989614 0.143674 -0.00463731 -27.7163 0.00652158 -0.0126467 0.999899 0.545103
0.117365 -0.993003 -0.0130289 26.0528 0.993068 0.117437 -0.00489937 -27.2429 0.00639516 -0.0123635 0.999903 0.549518
0.093486 -0.995515 -0.0144722 26.08 0.995603 0.0935614 -0.0046164 -26.7611 0.00594974 -0.013977 0.999885 0.553397
0.0727444 -0.997223 -0.015955 26.102 0.997335 0.0728239 -0.00445757 -26.2587 0.00560709 -0.0155882 0.999863 0.548367
0.0541395 -0.998387 -0.0171011 26.1209 0.99852 0.0542204 -0.00429849 -25.7405 0.00521879 -0.0168431 0.999845 0.545679
0.0379471 -0.999148 -0.0162549 26.1343 0.999264 0.0380316 -0.00492401 -25.2157 0.00553801 -0.0160561 0.999856 0.548879
0.0230781 -0.999621 -0.0150317 26.139 0.999716 0.0231653 -0.00565219 -24.6775 0.00599826 -0.014897 0.999871 0.560862
0.00989011 -0.999851 -0.0141641 26.133 0.99993 0.00998001 -0.00629046 -24.1355 0.00643088 -0.0141009 0.99988 0.5714
-0.00233141 -0.999898 -0.0140911 26.1299 0.999977 -0.00224042 -0.00646926 -23.5786 0.00643703 -0.0141058 0.99988 0.572615
-0.0122388 -0.999809 -0.0152565 26.1108 0.999907 -0.0121461 -0.00615437 -23.022 0.00596788 -0.0153304 0.999865 0.57469
-0.0209908 -0.999655 -0.0158187 26.0917 0.999769 -0.0209145 -0.00497214 -22.4457 0.00463958 -0.0159194 0.999863 0.572516
-0.0280598 -0.999466 -0.0167271 26.0786 0.999601 -0.0280031 -0.00361482 -21.862 0.00314448 -0.0168218 0.999854 0.588761
-0.0334961 -0.999296 -0.0169107 26.0475 0.999435 -0.0334468 -0.00318923 -21.2674 0.00262138 -0.017008 0.999852 0.592887
-0.0377799 -0.999132 -0.0175386 26.0247 0.999283 -0.0377334 -0.0029774 -20.662 0.00231303 -0.0176385 0.999842 0.594578
-0.0408799 -0.999003 -0.0179609 26.0016 0.999163 -0.0408461 -0.00224448 -20.0469 0.00150861 -0.0180376 0.999836 0.594897
-0.0433292 -0.99889 -0.0184688 25.9658 0.999061 -0.043311 -0.00138238 -19.4212 0.00058094 -0.0185114 0.999828 0.604496
-0.0448827 -0.998808 -0.0191824 25.9351 0.998992 -0.044872 -0.000984613 -18.7941 0.000122687 -0.0192072 0.999816 0.61128
-0.0458873 -0.998738 -0.020434 25.8985 0.998947 -0.0458751 -0.00106825 -18.1546 0.000129494 -0.0204614 0.999791 0.616733
