1.000000000000000000e+00 0.000000000000000000e+00 0.000000000000000000e+00 0.000000000000000000e+00 0.000000000000000000e+00 1.000000000000000000e+00 0.000000000000000000e+00 0.000000000000000000e+00 0.000000000000000000e+00 0.000000000000000000e+00 1.000000000000000000e+00 0.000000000000000000e+00
9.999999975366727911e-01 -3.080637173685328437e-05 -6.306839080085761709e-05 7.391390689248951819e-04 3.080944451317908241e-05 9.999999983385238211e-01 4.872094526426727233e-05 -6.966229602536767439e-04 6.306688978051980786e-05 -4.872288824633855459e-05 9.999999968243238335e-01 3.981335682713349304e-03
9.999999896729425686e-01 -1.034545959015133307e-04 -9.975600919314528035e-05 3.950223418161286082e-03 1.034600327632522777e-04 9.999999931629960370e-01 5.449797625912389232e-05 1.129553046886303588e-03 9.975037044500171255e-05 -5.450829645629961357e-05 9.999999935393545369e-01 3.089198568758741957e-03
9.999999999012998408e-01 -2.989126584584264880e-06 -1.372827540672444553e-05 5.457506755226836787e-03 2.988570367989868789e-06 9.999999991747622330e-01 -4.051597204673641143e-05 -2.726595019951678391e-04 1.372839650276449800e-05 4.051593101482038736e-05 9.999999990849952614e-01 3.982371764538628761e-05
9.999999950753173383e-01 9.919744286168199739e-05 -3.038519406780529521e-06 3.239381664364908084e-03 -9.919739635640279624e-05 9.999999949628691764e-01 1.530157230244715363e-05 -8.064660262006970344e-05 3.040037268319275721e-06 -1.530127081387783471e-05 9.999999998783146715e-01 2.126657934241411776e-03
9.999999926705535058e-01 1.196903835320718793e-04 -1.825116454323555867e-05 6.800364042157956744e-04 -1.196901661415628021e-04 9.999999927661880061e-01 1.191167574525721365e-05 -2.428254794082330189e-03 1.825259012424852340e-05 -1.190949117303476745e-05 9.999999997625035331e-01 2.131865769383102516e-05
9.999999954271237002e-01 9.380994804635966067e-05 -1.858618244628462010e-05 2.235552849354012495e-03 -9.380915537961543346e-05 9.999999946906463766e-01 4.264445665473273880e-05 -2.724108926015960785e-03 1.859018282186725052e-05 -4.264271290564790198e-05 9.999999989180020643e-01 3.427043998542119059e-04
9.999999953136026187e-01 1.802181287392265222e-05 -9.512102273066427415e-05 3.767934599273600055e-03 -1.801147052232345293e-05 9.999999939268953142e-01 1.087280841064685818e-04 -7.006461557257769729e-04 9.512298163017025800e-05 -1.087263703274285963e-04 9.999999895650972803e-01 2.274963428910390349e-03
9.999999992987637087e-01 1.921147648445186966e-05 -3.214640988942901202e-05 3.814443883971218099e-03 -1.921273380631087623e-05 9.999999990505413772e-01 -3.911250528972435583e-05 -1.919603840455339416e-03 3.214565844993170227e-05 3.911312288271328534e-05 9.999999987184101657e-01 1.939838149902146838e-03
9.999999954890150811e-01 9.418460647803390871e-05 -1.229754942358437293e-05 -1.041638599275859518e-03 -9.418594272881960323e-05 9.999999896561594381e-01 -1.087045962432844356e-04 1.382601560817250941e-05 1.228731099676095465e-05 1.087057540092053570e-04 9.999999940160404499e-01 9.812306304765731121e-04
9.999999952479046161e-01 9.219863243343210833e-05 -3.167969165738161611e-05 9.795878869055339028e-05 -9.220050934684014140e-05 9.999999939942382232e-01 -5.925022900308827195e-05 7.879515365932809358e-04 3.167422867703548694e-05 5.925314960523229930e-05 9.999999977429037123e-01 -1.464120057369436284e-05
9.999999983101762746e-01 4.994623849373931008e-05 -2.974929917399435082e-05 9.288147884073249139e-04 -4.994554119302452798e-05 9.999999984780160167e-01 2.343951339792917736e-05 -5.365784020211457686e-04 2.975046984424274725e-05 -2.343802751347317384e-05 9.999999992827841577e-01 -5.399079888144639634e-04
9.999999979121007021e-01 3.919951552066990318e-06 -6.450141490347970779e-05 1.685679362739760795e-03 -3.915674293465441506e-06 9.999999977936516737e-01 6.631262484247387541e-05 1.095547520330209142e-04 6.450167470344380174e-05 -6.631237213748757142e-05 9.999999957211016532e-01 8.652880858895384015e-04
9.999999967151452784e-01 7.911425630537255742e-05 -1.762508956966674854e-05 1.902784197450678883e-03 -7.911566748843461879e-05 9.999999936639192288e-01 -8.008041305720204120e-05 -1.005095808217926082e-04 1.761875395566911000e-05 8.008180721487538113e-05 9.999999966382417949e-01 5.723656624392892134e-05
9.999999984457335067e-01 5.502123042102221543e-05 -9.010945907626896040e-06 1.670770559601884604e-03 -5.502258411294963470e-05 9.999999871917802929e-01 -1.502962225663262213e-04 -1.229744021087184145e-03 9.002676309119490662e-06 1.502967181382549840e-04 9.999999886649241221e-01 -1.062502850387522227e-03
9.999999999486344215e-01 6.116264514141245304e-06 -8.082234343360632803e-06 3.816902296075030433e-03 -6.116939140427052767e-06 9.999999964974305433e-01 -8.347288207534401682e-05 1.556295812195967240e-03 8.081723772825516087e-06 8.347293150959197170e-05 9.999999964834777044e-01 1.728004345193900372e-03
9.999999995607108394e-01 1.512244735200658407e-05 -2.549293834642340581e-05 6.711400791335382816e-03 -1.512332831677256469e-05 9.999999992885365563e-01 -3.455736916489716634e-05 -1.114136366039924879e-03 2.549241573629029215e-05 3.455775468779286454e-05 9.999999990779491199e-01 2.319925956496765498e-03
9.999999990486152512e-01 2.614671417883864592e-06 -4.354231146244171848e-05 1.310042916813098507e-03 -2.614421036300000416e-06 9.999999999800490702e-01 5.750361214397204400e-06 -1.160853423459065007e-03 4.354232649687811505e-05 -5.750247370991342915e-06 9.999999990355001867e-01 -3.422782637485547938e-04
9.999999980791426379e-01 1.450373604301070494e-05 -6.026073580137169785e-05 -3.753025807025980876e-04 -1.450368273379831043e-05 9.999999998944298918e-01 8.850794805225191682e-07 -2.268905930292936315e-03 6.026074863196913576e-05 -8.842054762290394047e-07 9.999999981839301499e-01 -1.810902060646296229e-03
9.999999970930856241e-01 7.134747398814831134e-05 -2.689547925660843092e-05 1.409535007615852781e-03 -7.134793028044912968e-05 9.999999973108339990e-01 -1.696481253724963737e-05 6.276187096198584600e-04 2.689426878776080384e-05 1.696673142471323580e-05 9.999999994944142045e-01 1.013505371479882927e-03
9.999999965504603461e-01 7.394334597927552271e-05 -3.783465124098906406e-05 1.972855779950858160e-03 -7.394556674380154467e-05 9.999999955432669063e-01 -5.869854540152988045e-05 2.870654734943752819e-03 3.783031070551902061e-05 5.870134290377549611e-05 9.999999975615099235e-01 2.311505734054576829e-03
9.999999986867503798e-01 2.466505231480650749e-05 -4.492365079392201101e-05 4.939751221752282373e-03 -2.466782655484012194e-05 9.999999977889062475e-01 -6.175504720378094425e-05 2.694816515254988901e-03 4.492212750312162808e-05 6.175615529150714803e-05 9.999999970840898200e-01 1.733524875834854470e-03
9.999999993510432228e-01 3.477581270447636659e-05 9.410442854124819153e-06 2.283152494277590309e-03 -3.477613648988269000e-05 9.999999988033185794e-01 3.440905584340962406e-05 7.666471198733882005e-04 -9.409246239982169610e-06 -3.440938307992475809e-05 9.999999993637301854e-01 1.078347206681869869e-03
9.999999990567262076e-01 -4.335740260772553110e-05 -2.585179528108045935e-06 -2.682810426178154064e-04 4.335747037617552178e-05 9.999999987163227244e-01 2.621992329927688175e-05 -2.521144348467893766e-03 2.584042697018679550e-06 -2.622003536138912307e-05 9.999999996529161939e-01 -1.252576995288719099e-03
9.999999976348511455e-01 -4.673328991303896395e-05 -5.046084863072585321e-05 -7.929687239940844470e-03 4.672854308322690534e-05 9.999999944839551569e-01 -9.406664132475530890e-05 -1.291214174336388805e-03 5.046524439600171924e-05 9.406428314033443336e-05 9.999999943025849047e-01 -3.039798496195667693e-03
9.999999871823055386e-01 -1.985770880368914633e-05 -1.588743537207082791e-04 -4.145055093417569086e-02 1.984670680790701547e-05 9.999999974052076190e-01 -6.925094193530216611e-05 2.804800250806487212e-03 1.588757284735016538e-04 6.924778791494716370e-05 9.999999849816232356e-01 2.716906496990894454e-04
9.999996214696430519e-01 7.977948181664953539e-05 -8.664270338573250557e-04 -3.757036430276945727e-02 -7.964787349623785680e-05 9.999999852865638639e-01 1.519311962523838975e-04 -7.250956507593463163e-03 8.664391421013149710e-04 -1.518621296710275274e-04 9.999996131104784691e-01 -1.776568855604987104e-03
9.999981965465993827e-01 1.073819103166876246e-04 -1.896146796569208844e-03 3.490016944411284544e-02 -1.064274067369845361e-04 9.999998675880678034e-01 5.034849093186268042e-04 -1.191956153002921362e-02 1.896200610668125888e-03 -5.032821993207033584e-04 9.999980755632842389e-01 -6.813252164328395186e-05
9.999977844990016740e-01 5.712483129617618014e-05 -2.104218106988051378e-03 7.137395737185805999e-02 -5.609090996721984116e-05 9.999998776838844305e-01 4.914122769411984797e-04 -1.178543466098139203e-02 2.104245921451682998e-03 -4.912931607084178873e-04 9.999976653873409171e-01 8.896991524524007489e-03
9.999986585513207515e-01 8.676999962470169106e-06 -1.637931704547417391e-03 9.369166922331556568e-02 -7.965091196302053663e-06 9.999999055101878032e-01 4.346448811416080637e-04 -2.715903750699039804e-03 1.637935321193175874e-03 -4.346312518124062605e-04 9.999985641307483908e-01 1.454300551078948484e-02
9.999992295385057295e-01 -1.207775466691734563e-04 -1.235449383464381351e-03 1.511981232781810236e-01 1.212301935650638422e-04 9.999999255586208280e-01 3.663140632054044687e-04 4.877001925852287798e-04 1.235405048981961032e-03 -3.664635547424212477e-04 9.999991697390693268e-01 1.621222545186491032e-02
9.999988432425153118e-01 -2.858677996385707238e-04 -1.493918750297356258e-03 2.506662336837813809e-01 2.867066383037384942e-04 9.999998013605652103e-01 5.613182106250374798e-04 -5.630679626315679420e-03 1.493757990744411495e-03 -5.617458777387926688e-04 9.999987265635061906e-01 1.060535096334504213e-02
9.999983291303624622e-01 9.004692395025653911e-05 -1.825822563901421166e-03 4.321101701427774167e-01 -8.907775691507552654e-05 9.999998551128296276e-01 5.308855553768574960e-04 -4.618854212237623671e-03 1.825870103974387530e-03 -5.307220281577847707e-04 9.999981922646121735e-01 7.357623553988631646e-03
9.999978453276863188e-01 3.860695666495074334e-04 -2.039678963553814492e-03 6.025134876010194152e-01 -3.853604708614730319e-04 9.999998651854199450e-01 3.480322533348379345e-04 4.233174426117467838e-03 2.039813053236576301e-03 -3.472454917935761183e-04 9.999978592893468132e-01 1.287539321877816806e-02
9.999979220939542168e-01 1.611027201657654995e-04 -2.032204145095135254e-03 7.238627133395314495e-01 -1.609511624267318929e-04 9.999999842542282025e-01 7.474133152764188173e-05 5.238757991126002586e-03 2.032216154128330208e-03 -7.441409060273574555e-05 9.999979322778852486e-01 1.863263385080263582e-02
9.999982583198849806e-01 2.402697630138598986e-04 -1.850845114411463644e-03 8.544353075041694057e-01 -2.404572859146741437e-04 9.999999659799873042e-01 -1.010955879907642530e-04 3.905204655316914242e-04 1.850820761232720938e-03 1.015404611074487531e-04 9.999982820745466627e-01 2.354616095920814695e-02
9.999983579088823626e-01 4.094617899360419953e-04 -1.765366982067396572e-03 1.046892666639468228e+00 -4.096897452769081944e-04 9.999999077867299802e-01 -1.287666264829039043e-04 -1.165646591493952125e-04 1.765314094263770867e-03 1.294896677855737386e-04 9.999984334480602755e-01 1.783436050617285065e-02
9.999981296070999948e-01 8.155453318200619724e-04 -1.753758282489713705e-03 1.293704848651132222e+00 -8.159125809812768854e-04 9.999996453650710215e-01 -2.087016829124456073e-04 9.216617400738540307e-04 1.753587454862527446e-03 2.101322060049831187e-04 9.999984403865308513e-01 7.214594729949732124e-03
9.999975373207513618e-01 8.520061812594735638e-04 -2.049253010140516043e-03 1.511871963617044790e+00 -8.526878715983494603e-04 9.999995814151909634e-01 -3.318024058664835073e-04 6.012246072118914743e-03 2.048969454653580720e-03 3.335489619311671249e-04 9.999978452323103895e-01 1.091828726266109648e-02
9.999974890200351574e-01 1.052452804328525169e-03 -1.978458167200061301e-03 1.735323805026267152e+00 -1.053780028893184324e-03 9.999992203803819146e-01 -6.699151283286865297e-04 3.058289790439686420e-03 1.977751570699788890e-03 6.719983058898172049e-04 9.999978184561211236e-01 1.618912027767002021e-02
9.999975948942287918e-01 1.295120897923648495e-03 -1.769990852439713583e-03 2.014907932251432499e+00 -1.297243812031841949e-03 9.999984400515883332e-01 -1.198771405217857917e-03 -3.211483301089986930e-03 1.768435537446563658e-03 1.201064631726513066e-03 9.999977150371396339e-01 1.275047528794549107e-02
9.999972780942472106e-01 1.442660767109544195e-03 -1.833721355003794986e-03 2.291504273679245252e+00 -1.445138589277838006e-03 9.999980436611229928e-01 -1.350647394622240226e-03 2.190490018766713676e-05 1.831769241616998129e-03 1.353293699779425582e-03 9.999974066054410082e-01 1.554394386095174323e-02
9.999972976300012251e-01 1.424248266894501645e-03 -1.837457365212445161e-03 2.572107021008452676e+00 -1.426895018762792174e-03 9.999979452743302799e-01 -1.439936707956497846e-03 1.378070485383066021e-02 1.835402762380885285e-03 1.442554675476348872e-03 9.999972751626416967e-01 1.424465136414353184e-02
9.999978262748498992e-01 1.226982511185539587e-03 -1.685811226796386959e-03 2.886692012759567660e+00 -1.229859405369385225e-03 9.999977875495504875e-01 -1.706558480453734686e-03 1.013226350172145851e-02 1.683713579612748298e-03 1.708628081657598231e-03 9.999971228451911553e-01 1.443476601887698843e-02
9.999978875078098239e-01 1.297462271081690176e-03 -1.594230715039232551e-03 3.185402515161242842e+00 -1.300545334575727106e-03 9.999972833829706698e-01 -1.934375483538051292e-03 5.878763544317574911e-03 1.591716604916927277e-03 1.936444766503631022e-03 9.999968583050228288e-01 1.780909109792868511e-02
9.999974418152685063e-01 1.538162270240870299e-03 -1.658438949458200138e-03 3.503967634055794811e+00 -1.541822442179875815e-03 9.999963737902543004e-01 -2.207983219753911416e-03 2.675027590367262849e-03 1.655036699128768470e-03 2.210534589716210870e-03 9.999961871879072817e-01 2.044916624844510949e-02
9.999967673505335553e-01 1.782355749445304000e-03 -1.813421204614434510e-03 3.825945314210460690e+00 -1.787357944589224165e-03 9.999945923190446395e-01 -2.760558683618357430e-03 8.661039223091006323e-03 1.808491100569694027e-03 2.763790992496755698e-03 9.999945453947680640e-01 2.192116647808806454e-02
9.999951435922669329e-01 1.911125398341896207e-03 -2.461786260689143978e-03 4.174038260175966464e+00 -1.917816527793316352e-03 9.999944658243947737e-01 -2.718510685849995223e-03 4.101752847429513890e-03 2.456577221914283109e-03 2.723218738032322228e-03 9.999932746314135201e-01 3.058185936656960743e-02
9.999932183633029048e-01 1.962275052721388757e-03 -3.116521140798808077e-03 4.533905175322535008e+00 -1.970301934814436186e-03 9.999947446278750762e-01 -2.574611993390480205e-03 -2.609632064069400143e-03 3.111452665435410561e-03 2.580735020940911131e-03 9.999918293011510473e-01 3.123518538822004503e-02
9.999918414376153253e-01 2.028321610326664672e-03 -3.493274917928141689e-03 4.924958648410376227e+00 -2.036346868073446968e-03 9.999952923818609118e-01 -2.295322537105729064e-03 -1.021673787467083580e-03 3.488602820619092146e-03 2.302417330012059959e-03 9.999912642242423377e-01 4.118158042102170596e-02
9.999920360390494034e-01 1.968982952137433330e-03 -3.471449929159720667e-03 5.321889770557997501e+00 -1.977467769370794617e-03 9.999950620535745793e-01 -2.442435196421584038e-03 8.046237495922144850e-03 3.466623674062497499e-03 2.449280425310953416e-03 9.999909917322759023e-01 3.374039415710856915e-02
9.999921993110466589e-01 2.110174803405602279e-03 -3.338933865027501977e-03 5.741809638138632543e+00 -2.120898736949710425e-03 9.999925939709254363e-01 -3.211509278761296143e-03 7.234636826368398207e-03 3.332132290825273822e-03 3.218565767393437044e-03 9.999892688068194868e-01 2.656408166492137124e-02
9.999917324702101151e-01 2.350167363775980487e-03 -3.318388854559532319e-03 6.157989840602437148e+00 -2.363772145720712068e-03 9.999887935879552270e-01 -4.101862960770971851e-03 3.458411029460600403e-04 3.308711602865617874e-03 4.109672963639826766e-03 9.999860814109668983e-01 2.445217816717883477e-02
9.999903864173317336e-01 2.445919635086476421e-03 -3.639306260017266970e-03 6.590980637171289125e+00 -2.461510310075078981e-03 9.999877869044616618e-01 -4.285674848880724128e-03 -9.317846844924366004e-03 3.628779396559746791e-03 4.294591838071829329e-03 9.999841940956044617e-01 3.387507215010640560e-02
9.999917801886519797e-01 1.758834161284559411e-03 -3.653225632763628349e-03 7.018536929425925663e+00 -1.775391051440044794e-03 9.999881460637983777e-01 -4.533841472961813203e-03 -1.221138087252747646e-02 3.645208052395553650e-03 4.540290109737522666e-03 9.999830489683183554e-01 4.057463471363045165e-02
9.999925814775947330e-01 2.404225253033577070e-04 -3.844370791882538007e-03 7.478353022485568324e+00 -2.579342345522033170e-04 9.999895912591091340e-01 -4.555309360557837500e-03 -1.129205683801806984e-02 3.843235577843073705e-03 4.556267161730822440e-03 9.999822348271213412e-01 3.867753798954159938e-02
9.999885933805549021e-01 -3.197604192991373041e-03 -3.548018630741900988e-03 7.951333115576034061e+00 3.181885191400954296e-03 9.999851376626778254e-01 -4.427195543922912008e-03 -1.587080146263897956e-02 3.562122317926625596e-03 4.415855656648160973e-03 9.999839056221914158e-01 4.258212387879528604e-02
9.999511988229332626e-01 -9.405118751833745072e-03 -3.023857444137001936e-03 8.422806594970568383e+00 9.389808476258108827e-03 9.999432228815223755e-01 -5.038105804088037661e-03 -1.051872200654561593e-02 3.071069741596387653e-03 5.009466496334657147e-03 9.999827367390220489e-01 3.669533214987117514e-02
9.998156520698053829e-01 -1.911306132975049837e-02 -1.831055115272755152e-03 8.909577220027490085e+00 1.910126952444341636e-02 9.997979917978753184e-01 -6.254366433955286554e-03 1.195677134419698834e-02 1.950225316351847805e-03 6.218237977177572089e-03 9.999787648433713372e-01 3.195010038230450267e-02
9.995115992710106312e-01 -3.122942728733223844e-02 -1.133928574438005819e-03 9.370961706168861483e+00 3.122090249641633342e-02 9.994887883212855151e-01 -6.886019703561243287e-03 3.160883183306752164e-02 1.348395348539428067e-03 6.847254293057760018e-03 9.999756481728093727e-01 4.330886227777708264e-02
9.989831914621958298e-01 -4.506753294450589753e-02 -1.225010327142694779e-03 9.835690232441868019e+00 4.505918407628643763e-02 9.989653711684262083e-01 -6.152815348104750601e-03 6.481401887887072721e-02 1.501035104541429289e-03 6.091361147101190601e-03 9.999803209128620418e-01 5.402361297033165394e-02
9.980535312046847629e-01 -6.233172214346433676e-02 -1.976174205184527168e-03 1.031525921932901113e+01 6.231998077863511870e-02 9.980408934125605258e-01 -5.531281226668225727e-03 1.028491870593880725e-01 2.317076953799266509e-03 5.397359621880068285e-03 9.999827496829644113e-01 5.600609497634403966e-02
9.964733246739904127e-01 -8.387609425456697687e-02 -2.390402845346864362e-03 1.081664887863127511e+01 8.385851418774332988e-02 9.964551975815872931e-01 -6.692444311601685077e-03 1.515828958802016846e-01 2.943265429433041674e-03 6.468386602456324859e-03 9.999747482628613682e-01 5.288389822744854474e-02
9.940316329842351362e-01 -1.090366141208441025e-01 -3.482729928821488852e-03 1.131026687616251181e+01 1.090033293955637167e-01 9.940039052745311965e-01 -8.631945300054210887e-03 2.203001920276547732e-01 4.403045239059294458e-03 8.200797524816364967e-03 9.999566791179405056e-01 6.826314082804627037e-02
9.905692562772300258e-01 -1.368950070401210861e-01 -5.683798541516297403e-03 1.178815445317117572e+01 1.368324976997600251e-01 9.905414360735707024e-01 -1.022404003089755729e-02 3.135470323146534177e-01 7.029658001674619905e-03 9.349891378696894087e-03 9.999315793791023754e-01 8.803462151331757635e-02
9.860782685883785481e-01 -1.661973743835079842e-01 -5.299147645947818383e-03 1.227936523675625047e+01 1.661442413487358716e-01 9.860580480188402275e-01 -9.252945689221688669e-03 4.305651750060397465e-01 6.763082462788781377e-03 8.243705799139085244e-03 9.999431493991539632e-01 8.473037860679033528e-02
9.805767930423716638e-01 -1.961113536653405209e-01 -3.080569798826390034e-03 1.280668576591424035e+01 1.960870462290139893e-01 9.805626556019340079e-01 -6.837305029281263297e-03 5.511632865221447464e-01 4.361564847419509630e-03 6.100442806110925598e-03 9.999718802794662631e-01 7.363970568418559681e-02
9.738830017641531001e-01 -2.270390497993983181e-01 -2.273486535892180801e-03 1.333408119328810137e+01 2.270214208447848825e-01 9.738698105384342441e-01 -6.234308257485454002e-03 6.922864306551687053e-01 3.629511324907039403e-03 5.555356696073250264e-03 9.999779820873666569e-01 6.085008469477914267e-02
9.656777722806568764e-01 -2.597282421746934800e-01 -2.771342618947928490e-03 1.383053375923347694e+01 2.597038965971365521e-01 9.656625283813345950e-01 -7.054599381390165048e-03 8.412372361775003471e-01 4.508460416999354042e-03 6.092741338006865161e-03 9.999712757312864131e-01 7.804363781765936980e-02
9.561323347699488551e-01 -2.929235812632729474e-01 -2.594985022151996557e-03 1.431229860595325931e+01 2.928985568402402984e-01 9.561155009183881504e-01 -7.320130086561233221e-03 1.013539246255350967e+00 4.625344124599118333e-03 6.238945702473181268e-03 9.999698404193251289e-01 9.257065022642549379e-02
9.453476578684937293e-01 -3.260601669997854057e-01 -1.604137969597115975e-03 1.482828025661603277e+01 3.260461707699260914e-01 9.453358088549559390e-01 -5.839779346374377768e-03 1.210523535175370702e+00 3.420568493924763202e-03 4.997598685190036451e-03 9.999816616911333389e-01 9.395542333828815762e-02
9.333677043809349705e-01 -3.589211037237307056e-01 -6.080463818933896317e-04 1.533249993515865128e+01 3.589158524145565354e-01 9.333609726419435093e-01 -4.087252673554215426e-03 1.432234383820683465e+00 2.034528003205277047e-03 3.596672159675283822e-03 9.999914622861436619e-01 8.223696377076107622e-02
9.204866951520334073e-01 -3.907738762898369522e-01 -1.471648829649099572e-04 1.580873819334897412e+01 3.907736183245311690e-01 9.204864123267132436e-01 -8.625215647517481786e-04 1.651454284438695019e+00 4.725141703824668662e-04 7.364314708291931893e-04 9.999996171994505190e-01 9.458854948142525476e-02
9.066047689149547839e-01 -4.219790947175078855e-01 -1.198583352963233104e-03 1.629478057650981526e+01 4.219806454226418535e-01 9.066031932207321287e-01 1.727695187934380960e-03 1.907203531134077590e+00 3.575882437853342513e-04 -2.072115673488987911e-03 9.999977892311980865e-01 1.077795224296733967e-01
8.916851639639558069e-01 -4.526457480948245515e-01 -3.065142451787719949e-03 1.676033059484685950e+01 4.526560227887210242e-01 8.916599456427878323e-01 6.713148992649669439e-03 2.182217580079384156e+00 -3.056135959014875947e-04 -7.373470551732383763e-03 9.999727688954098692e-01 1.008226114250707489e-01
8.759628134142051215e-01 -4.823582586916500548e-01 -4.433935884696228562e-03 1.723287911099378178e+01 4.823784979752322455e-01 8.759185744853519306e-01 8.811104511230790498e-03 2.469566326048759919e+00 -3.663422297048588364e-04 -9.857035229122568243e-03 9.999513511415755174e-01 8.666939746967193547e-02
8.596374357149235701e-01 -5.108969702803112245e-01 -2.786552685550887625e-03 1.771194701994973641e+01 5.108924505257494975e-01 8.595666919928857119e-01 1.157609658746284326e-02 2.758386671571937399e+00 -3.518964800224148089e-03 -1.137487471607503617e-02 9.999291120434129487e-01 9.586746709752283491e-02
8.419829828253710957e-01 -5.395037620610434459e-01 -5.893678578685192064e-04 1.819413953374768056e+01 5.394588012812482347e-01 8.418976559326574183e-01 1.387582989574413783e-02 3.083182343489507371e+00 -6.989875012451499461e-03 -1.200115232291555645e-02 9.999035523440410467e-01 1.036567497934801768e-01
8.235346710935289583e-01 -5.672658166545667680e-01 3.725078530821632899e-04 1.864328588896382044e+01 5.671574143832645021e-01 8.233897861892853776e-01 1.901913008665040775e-02 3.415800453020851890e+00 -1.109562152216633617e-02 -1.545164244960314445e-02 9.998190505929792637e-01 1.456301392511579751e-01
8.037942036261127576e-01 -5.949074340954446649e-01 -1.519046988693152980e-04 1.908668737562042494e+01 5.947874738646256043e-01 8.036269420318473689e-01 2.028790216555665174e-02 3.779594851717361870e+00 -1.194734911185810211e-02 -1.639764917651674245e-02 9.997941677918926739e-01 1.289131626392555907e-01
7.820435084336950782e-01 -6.232222903030701922e-01 -1.388447374901774674e-03 1.950986356449496739e+01 6.231301250626020138e-01 7.818853418923816800e-01 1.908296028658470339e-02 4.163808658371995541e+00 -1.080731956514319886e-02 -1.578888860018695661e-02 9.998169396647507146e-01 1.146715540082826057e-01
7.585033855245641998e-01 -6.516641232114920301e-01 -2.546500887819893710e-03 1.992369246175386266e+01 6.516138130491112568e-01 7.583823461195716709e-01 1.598923818610579681e-02 4.542974836416822093e+00 -8.488391565667914931e-03 -1.378722644956515732e-02 9.998689212069031829e-01 1.016403447489084011e-01
7.334202912534155683e-01 -6.797626705227951538e-01 -4.169909048542378739e-03 2.032928823648784800e+01 6.797312971176240337e-01 7.332889223977745452e-01 1.589716979537574362e-02 4.927264676057172998e+00 -7.748554481156559419e-03 -1.449372458785770645e-02 9.998649368044785213e-01 1.433121674483608388e-01
7.070932517549453067e-01 -7.071026175232246747e-01 -5.002160975207138420e-03 2.072134128655086016e+01 7.070683808033506601e-01 7.069379034840285181e-01 1.712032376254375016e-02 5.346319242710179331e+00 -8.569608552637185406e-03 -1.564253526161193952e-02 9.998409237973027164e-01 9.613395957333799313e-02
6.795848148971401770e-01 -7.335932147182817609e-01 -2.339803520963033671e-03 2.111139974799072050e+01 7.335246968972835013e-01 6.794696663223424027e-01 1.620159219191139727e-02 5.789516021679007807e+00 -1.029555258197030129e-02 -1.272665969929266498e-02 9.998660078880221569e-01 6.271409645720019133e-02
6.498493480371512199e-01 -7.600624199784872248e-01 -9.708718428700696332e-04 2.147946069142899006e+01 7.600048806028930626e-01 6.497832902163587221e-01 1.320065208183687257e-02 6.254917050474174012e+00 -9.402463266176452200e-03 -9.316302488068134782e-03 9.999123962590318326e-01 7.743381471570037755e-02
6.180099269195298284e-01 -7.861702513553397997e-01 2.571240935115006940e-04 2.181397012276607938e+01 7.861523820592234424e-01 6.179980214486437973e-01 6.548104166133141002e-03 6.711255310585483080e+00 -5.306826879246722035e-03 -3.844654658574527244e-03 9.999785278789889986e-01 9.276147491159608682e-02
5.855987501919812654e-01 -8.106010694374976566e-01 1.000018740487676689e-04 2.213632395742942549e+01 8.105990103211020426e-01 5.855975322067721311e-01 2.185117797371650787e-03 7.171579844620478816e+00 -1.829819674055379979e-03 -1.198540831028907039e-03 9.999976076270566949e-01 1.248459692374393054e-01
5.525701927539876657e-01 -8.334653579367791165e-01 1.295839163481744003e-03 2.246953716469184315e+01 8.334656652740143334e-01 5.525710758658151089e-01 4.369506155558963711e-04 7.668092586209334094e+00 -1.080226441909156289e-03 8.385915646177387068e-04 9.999990649370738005e-01 9.202498674486828123e-02
5.184984325524850668e-01 -8.550431539801107705e-01 7.783332985360106454e-03 2.277922921133904310e+01 8.550633119234126722e-01 5.185220878036125303e-01 1.255811430011005876e-03 8.194566475029471775e+00 -5.109603035560530970e-03 6.004106222222552365e-03 9.999689208496888027e-01 6.253168829112068505e-02
4.827738496072641050e-01 -8.755518466919386400e-01 1.839494196019157007e-02 2.306478865134728551e+01 8.756742684933539467e-01 4.828953919240152048e-01 2.572150303054060623e-03 8.729556356388492588e+00 -1.113488365509443523e-02 1.486621044139455061e-02 9.998274901967337813e-01 6.511713195922855246e-02
4.456121320579754519e-01 -8.947451033188058567e-01 2.934327605713501000e-02 2.333336809029853853e+01 8.950830205867954525e-01 4.458875584423429572e-01 3.266723671307507001e-03 9.272645520725243173e+00 -1.600668672661361910e-02 2.480897646711699434e-02 9.995640553094584657e-01 1.099113663225224080e-01
4.070461004525609550e-01 -9.127611521370948555e-01 3.435915097505961441e-02 2.356621776292662318e+01 9.131344955763671667e-01 4.075562123517431079e-01 9.128349357604471220e-03 9.841010668281084506e+00 -2.233528810777396859e-02 2.765886698446176281e-02 9.993678611914026400e-01 1.741107407221041958e-01
3.677548014544969046e-01 -9.291826246627460373e-01 3.709522923522502041e-02 2.376179129639529464e+01 9.294739235772769836e-01 3.685240003357886929e-01 1.637945561884080609e-02 1.041194477806807406e+01 -2.888998783359968472e-02 2.845542481422357745e-02 9.991774904398199597e-01 9.416015450974923873e-02
3.277947825281752880e-01 -9.439142333047806366e-01 3.970517235769752823e-02 2.395535420536878490e+01 9.442214361071318285e-01 3.287265465124986630e-01 1.961471931361392571e-02 1.098461390138671057e+01 -3.156675693022779200e-02 3.106087221270907237e-02 9.990188997583047126e-01 -2.738916246340324101e-03
2.876138709250841696e-01 -9.567427660172350690e-01 4.383538439638745565e-02 2.412413972255040306e+01 9.572469027999778168e-01 2.886406752394677921e-01 1.910308030538207524e-02 1.154548545118370306e+01 -3.092940884237552202e-02 3.646697507326469162e-02 9.988561114583356382e-01 -5.613711662562359539e-04
2.467089291326534095e-01 -9.678366958575123080e-01 4.926291138202063685e-02 2.426381400076184036e+01 9.686140123762386756e-01 2.478614767838780431e-01 1.875055612292909207e-02 1.214003403406819181e+01 -3.035785424932748583e-02 4.309081663334452666e-02 9.986098248100947483e-01 5.112126567998401261e-02
2.058628794248239524e-01 -9.770892993922296599e-01 5.400903524524514054e-02 2.434486079148964777e+01 9.780673992540617201e-01 2.072288855547879116e-01 2.098455403663294916e-02 1.272983842257367293e+01 -3.169601538547349440e-02 4.850453592111080015e-02 9.983199249758373250e-01 5.957225417766339598e-02
1.669693073346654177e-01 -9.845439449613203609e-01 5.286275482967742884e-02 2.442505775459860118e+01 9.854788054008142284e-01 1.683259350474497484e-01 2.231375576154063720e-02 1.330736004463897970e+01 -3.086704576026014918e-02 4.836941213620729596e-02 9.983524555264196021e-01 2.312158047562737351e-02
1.294912916569129768e-01 -9.903894540661948298e-01 4.858739198072387078e-02 2.447731628309008656e+01 9.912109022913986323e-01 1.306253726145519822e-01 2.092747495472648683e-02 1.391394368766473555e+01 -2.707309667724687452e-02 4.545042688219395194e-02 9.985996726078627539e-01 -2.966453407257538255e-02
9.404063300309772888e-02 -9.947366784415850871e-01 4.068537707062929581e-02 2.453236224088525219e+01 9.953225426218200722e-01 9.484695695323741571e-02 1.836003555405149590e-02 1.452655485629709631e+01 -2.212228499075079985e-02 3.876848358800386030e-02 9.990033078959622559e-01 3.989755666402722278e-03
6.124924737528891772e-02 -9.973571477756638659e-01 3.908003936479025053e-02 2.456463676937342200e+01 9.979316400175198831e-01 6.195623441164765932e-02 1.714254559487745147e-02 1.513289530369132940e+01 -1.951849245982260894e-02 3.794923975947155081e-02 9.990890268908841909e-01 5.592467176241316951e-03
3.103255477885324964e-02 -9.985979512759125543e-01 4.288487205819525860e-02 2.456949629047826988e+01 9.993256753238436429e-01 3.184046530548478859e-02 1.828604406847680192e-02 1.573663305212226149e+01 -1.962588042462111437e-02 4.228849106648906869e-02 9.989126630195844792e-01 -1.692614901792774407e-02
3.380349368968582624e-03 -9.988871693442725741e-01 4.704249310496060044e-02 2.454420767105111523e+01 9.997942764784436553e-01 4.316766235985980416e-03 1.981843208251158478e-02 1.636008809823149690e+01 -1.999944896963380681e-02 4.696582213323220040e-02 9.986962669361794109e-01 -4.401921994899599816e-02
-2.045038561286571799e-02 -9.987216750023508727e-01 4.622550820470886640e-02 2.452858846072616927e+01 9.996154067641245256e-01 -1.955875529122130807e-02 1.965944178382710711e-02 1.696881369144688634e+01 -1.873019722476677168e-02 4.660977335234137847e-02 9.987375574894361563e-01 -3.759561568765022732e-02
-4.224741772251849881e-02 -9.981872942724844266e-01 4.286351885642962489e-02 2.449122959436473224e+01 9.989736086524990677e-01 -4.150138060579244836e-02 1.814840553924194563e-02 1.761140695940596501e+01 -1.633661261041144050e-02 4.358624738136596122e-02 9.989160896329719597e-01 -2.906128336104507603e-02
-6.266331160534077682e-02 -9.971758165698559884e-01 4.139686252475600903e-02 2.444719683069363114e+01 9.979235762829291589e-01 -6.198339603919622576e-02 1.750984049434899104e-02 1.825702621126900382e+01 -1.489447136830827564e-02 4.240812968865446952e-02 9.989893419146016473e-01 -4.729332485309757639e-02
-8.052077145693492533e-02 -9.958182547520314509e-01 4.315563539792641873e-02 2.440493786845098256e+01 9.966556361631083716e-01 -7.983248261051012484e-02 1.744470190495299444e-02 1.887486346785297897e+01 -1.392653109320925869e-02 4.441596810676658180e-02 9.989160492798424551e-01 -6.290704085076677388e-02
-9.645143079851670187e-02 -9.943079485650455629e-01 4.526394721287167744e-02 2.432362982003146357e+01 9.952509729792627935e-01 -9.574296224918610321e-02 1.757230672341028588e-02 1.949754682329920641e+01 -1.313857986045871215e-02 4.674386163039584430e-02 9.988204989481987983e-01 -5.918606504083852304e-02
-1.102004812454047133e-01 -9.929045434442272944e-01 4.468133325105694276e-02 2.425353586856761368e+01 9.938296333324071474e-01 -1.095107725319910408e-01 1.760825402531319972e-02 2.011642120480762230e+01 -1.259022810177099286e-02 4.634607110918186057e-02 9.988460981798387150e-01 -5.737487763594924239e-02
-1.225632027168153115e-01 -9.915352343442264127e-01 4.285020879456172271e-02 2.416480401962576963e+01 9.923905013516151064e-01 -1.219266952589974640e-01 1.717480160904698294e-02 2.076248307728086218e+01 -1.180483658876305825e-02 4.462913887988719658e-02 9.989338745862772484e-01 -5.984540809903352021e-02
-1.348888747760885742e-01 -9.899338942845232747e-01 4.284712835557685090e-02 2.406840506924676504e+01 9.907989587225387584e-01 -1.342714484019253973e-01 1.698827649828370256e-02 2.142630760741847240e+01 -1.106412472696171462e-02 4.474441966019505890e-02 9.989371962507446190e-01 -6.582189231727395007e-02
-1.469716887936405314e-01 -9.881189531181463481e-01 4.494727112788803047e-02 2.397190277671409575e+01 9.890598174090791117e-01 -1.462267714598375346e-01 1.945273490159717469e-02 2.208566934447982888e+01 -1.264912170328999150e-02 4.731454107492803762e-02 9.987999468977780682e-01 -7.591845008941075501e-02
-1.576172619054723167e-01 -9.864595909510019967e-01 4.532410142743300424e-02 2.387824700547442092e+01 9.873556479753574644e-01 -1.566425854791639871e-01 2.432950524702908596e-02 2.271558860247365885e+01 -1.690038936191159968e-02 4.858575753433546501e-02 9.986760240459517934e-01 -1.116903071055149327e-01
-1.670357034461495971e-01 -9.850698510686749509e-01 4.167088059770994446e-02 2.375701598206766363e+01 9.857433913026566463e-01 -1.659843614776674858e-01 2.755282649727242711e-02 2.338395168240345612e+01 -2.022474418596618279e-02 4.567910091485628127e-02 9.987514102429205787e-01 -1.184149628226329465e-01
-1.752594862486365201e-01 -9.837063678254069909e-01 4.007361201101949238e-02 2.363580266428077081e+01 9.843005041110284292e-01 -1.742108950204628304e-01 2.833869550535172976e-02 2.403495661001024786e+01 -2.089569540933725739e-02 4.441110171922071914e-02 9.987947857079777503e-01 -1.058275096835902540e-01
-1.820729171963526571e-01 -9.824447629642499846e-01 4.064161103756271792e-02 2.351835198832712592e+01 9.831353256610512181e-01 -1.811684067386394315e-01 2.495876273218312902e-02 2.468403363254875416e+01 -1.715762981733386788e-02 4.450051824306419657e-02 9.988620122995718331e-01 -8.579354239904965485e-02
-1.874457055643439229e-01 -9.814971505364921134e-01 3.908261703407076709e-02 2.337265800813704786e+01 9.821874653416456935e-01 -1.867495327576242925e-01 2.079410831371521218e-02 2.534890991720922671e+01 -1.311069758780077955e-02 4.228422286805792740e-02 9.990195964570492970e-01 -8.713234715917808626e-02
-1.920806923201412442e-01 -9.807590852271850235e-01 3.488014309245571903e-02 2.326081626874756125e+01 9.813095680978980440e-01 -1.915225373647611029e-01 1.872563058698741012e-02 2.601667714638717754e+01 -1.168499881608290464e-02 3.782505024053035847e-02 9.992160559043121726e-01 -1.029368912819307869e-01
-1.968917816067305981e-01 -9.798095830180043597e-01 3.473913300317661018e-02 2.313290115876519693e+01 9.803415895267800773e-01 -1.962885487389856021e-01 2.002931546632220200e-02 2.668502231587818230e+01 -1.280602123354908882e-02 3.799982447364379928e-02 9.991956861196600315e-01 -1.371451866088768679e-01
-2.016480296736387068e-01 -9.788750047331641335e-01 3.379049033955203174e-02 2.297608069642360817e+01 9.793502586889514250e-01 -2.009940025934913166e-01 2.178260148218728182e-02 2.736810406993856049e+01 -1.453075822603344495e-02 3.748514412531594314e-02 9.991915337087683424e-01 -9.513904371715629915e-02
-2.063115345407975365e-01 -9.778523145281642348e-01 3.521933683836168255e-02 2.281998171125278674e+01 9.783426673618339509e-01 -2.055307480239785267e-01 2.455069929831677975e-02 2.804453647108578096e+01 -1.676830148684710364e-02 3.952167239144307315e-02 9.990780057015716809e-01 -9.929548663411227882e-02
-2.107594012062983246e-01 -9.767660846280734610e-01 3.883929355054628607e-02 2.268176451493728507e+01 9.773861765807001500e-01 -2.098601339170689251e-01 2.598049309135671420e-02 2.871875869827731265e+01 -1.722604516778921194e-02 4.343662179144259367e-02 9.989076650297686877e-01 -1.459307323732155215e-01
-2.149329309668357446e-01 -9.758549554554335481e-01 3.887082580907401386e-02 2.252696465195497666e+01 9.764927981829861769e-01 -2.140684819157543384e-01 2.522895453732420384e-02 2.938986596098659376e+01 -1.629878163444747202e-02 4.337961460592226065e-02 9.989257023191836504e-01 -1.648552107622210938e-01
-2.178484397627362679e-01 -9.753459687695874569e-01 3.524625508982129340e-02 2.235383240832814522e+01 9.758817426572109488e-01 -2.171646390134374105e-01 2.223384605705442524e-02 3.006718276912015853e+01 -1.403145185883505029e-02 3.923978551264956094e-02 9.991313014772654766e-01 -1.513940602446953443e-01
-2.187928112546229098e-01 -9.753463962723873948e-01 2.879432273498763739e-02 2.220044121742411747e+01 9.756872676621624052e-01 -2.182913262432206736e-01 1.957683858339304139e-02 3.075722141090694350e+01 -1.280864806462286322e-02 3.237752562262109085e-02 9.993936333443960152e-01 -1.428280556981671445e-01
-2.188810955706463890e-01 -9.753816514389470615e-01 2.686447539085471542e-02 2.205311936651374438e+01 9.756608987172203928e-01 -2.184025348646321252e-01 1.965053380976300446e-02 3.145467968901582623e+01 -1.329950059585229688e-02 3.051174857223692277e-02 9.994459247417868397e-01 -1.614425547971820307e-01
-2.192617116571213831e-01 -9.752397769506652159e-01 2.883884974138420723e-02 2.188533414171018521e+01 9.755547252252106949e-01 -2.186943284816846855e-01 2.158167696701301236e-02 3.214967010919936286e+01 -1.474041695315484943e-02 3.286591156748556314e-02 9.993510654244009972e-01 -1.805879019853573464e-01
-2.198565773402882950e-01 -9.750588576290195597e-01 3.038600927080864489e-02 2.172309275977799459e+01 9.753947569146723673e-01 -2.191960801098629119e-01 2.362512746713257145e-02 3.283294213653540083e+01 -1.637539567709905136e-02 3.483249379045916250e-02 9.992589973539173220e-01 -1.838157596480567146e-01
-2.210682762571929416e-01 -9.747851097676547560e-01 3.037773869027717705e-02 2.157230162438871801e+01 9.751047183408627639e-01 -2.203733741579321226e-01 2.462446408827714470e-02 3.351412078746492540e+01 -1.730911615479656385e-02 3.506516415916763330e-02 9.992351218609313301e-01 -1.868967713171245382e-01
-2.222417845871422770e-01 -9.745399628514310741e-01 2.967237754299568986e-02 2.141283933988187371e+01 9.748497009549392800e-01 -2.215873374561141418e-01 2.381412243136770551e-02 3.419421708558746076e+01 -1.663279085385950540e-02 3.421860144193524661e-02 9.992759566725147868e-01 -1.890086620887840574e-01
