9.999999999999997780e-01 -1.179437378800895267e-19 4.513296021473010816e-20 0.000000000000000000e+00 2.410750703817041256e-18 1.000000000000000000e+00 3.393380551570677611e-19 0.000000000000000000e+00 1.704598014230834765e-20 -9.899396815885539085e-19 1.000000000000000000e+00 5.551115123125782702e-17
9.999968350270648232e-01 -2.024736116152424988e-03 -1.494685337429244422e-03 1.417895406001914820e-02 2.028059120938586861e-03 9.999954693836244912e-01 2.225304058326489469e-03 -2.433681560563701052e-02 1.490173560047182476e-03 -2.228327602072915827e-03 9.999964071220128758e-01 1.402115263572083492e+00
9.999947331284816388e-01 -2.480238758309437873e-03 -2.097354189812076272e-03 -1.120885056134646347e-02 2.487286515719429845e-03 9.999912458104299740e-01 3.365518087874244842e-03 -5.557181234634255007e-02 2.088989449324574373e-03 -3.370716755672130936e-03 9.999921439318785188e-01 3.064807423841020118e+00
9.999912592062892847e-01 -1.407073770836441773e-03 -3.939564366015463164e-03 -3.652176966084801774e-02 1.419169249863596032e-03 9.999942846548116604e-01 3.069654416615454160e-03 -7.567780537207355329e-02 3.935223581925844163e-03 -3.075218950785550773e-03 9.999875356562721862e-01 4.589297706773944441e+00
9.999877595545160203e-01 -9.547675139205042717e-04 -4.856809110699764585e-03 -4.140812311146972041e-02 9.667948703761462511e-04 9.999964729944668118e-01 2.475105336216111389e-03 -9.591567693191269117e-02 4.854429774299689852e-03 -2.479770824761413743e-03 9.999851501834289280e-01 6.100736110912720278e+00
9.999772506891082546e-01 -1.041764796633517110e-03 -6.666320920231615620e-03 -6.682511125244680605e-02 1.061282352945524783e-03 9.999951621641457455e-01 2.925434040587037831e-03 -1.228343570512827748e-01 6.663242502896600875e-03 -2.932439990494419783e-03 9.999735115133432384e-01 7.624678626048585706e+00
9.999628339368050733e-01 -1.648764217831475126e-03 -8.464519251048546744e-03 -8.500695446574414726e-02 1.673595902720139686e-03 9.999943197672467310e-01 2.927592487149430298e-03 -1.427365210439286436e-01 8.459644694558166728e-03 -2.941644110267235650e-03 9.999599042754377942e-01 9.131055853551719892e+00
9.999484501949987836e-01 -2.465608988774220696e-03 -9.851734740743144786e-03 -8.950126225314179729e-02 2.489608980384423308e-03 9.999939673977067400e-01 2.424842851048625639e-03 -1.724951886997256045e-01 9.845696656595135168e-03 -2.449239481817303693e-03 9.999485461300653411e-01 1.056364237027145059e+01
9.999278478224395972e-01 -3.610475400909098596e-03 -1.145884849299844827e-02 -1.116156373764961712e-01 3.637301794474735468e-03 9.999906983449809994e-01 2.321350124974854053e-03 -1.918404393627106130e-01 1.145036041200833861e-02 -2.362856094591846926e-03 9.999316665376718483e-01 1.205219366771316203e+01
9.999107131844531260e-01 -3.500027873096263429e-03 -1.289802268071733177e-02 -1.419729566454908387e-01 3.532286253551774561e-03 9.999906967081648723e-01 2.479288241730109085e-03 -2.199097616845492875e-01 1.288922388265509138e-02 -2.524620286101405143e-03 9.999137594013621788e-01 1.354106392086168142e+01
9.999065071022991136e-01 -3.080503833466860259e-03 -1.332445713162937542e-02 -1.669834273432152516e-01 3.110794383765956572e-03 9.999926316053608932e-01 2.253370861811943623e-03 -2.394514923328425748e-01 1.331741615728132370e-02 -2.294601802344734334e-03 9.999087072391560360e-01 1.502491188717800874e+01
9.998921167737837568e-01 -2.064271246425545669e-03 -1.454471026723971189e-02 -1.990921911070036854e-01 2.103326776486622810e-03 9.999942317240685385e-01 2.670585504964203324e-03 -2.666019199912885718e-01 1.453911163834597023e-02 -2.700881453173442810e-03 9.998906746402334011e-01 1.651909471064140078e+01
9.998881474819134585e-01 -3.675731142292694886e-04 -1.495394687426328251e-02 -2.271248102391058843e-01 4.184691604062373729e-04 9.999941415516793164e-01 3.400588025361462891e-03 -2.860619923269141496e-01 1.495260633431895123e-02 -3.406453568756337858e-03 9.998824248626307920e-01 1.799837879850433708e+01
9.998876372572008675e-01 -2.209226069364419109e-04 -1.499124356090523850e-02 -2.550495330126477667e-01 2.796901126267521361e-04 9.999922962050261654e-01 3.918136124372410822e-03 -3.075545731116102188e-01 1.499025957656239562e-02 -3.921877426510110912e-03 9.998799773754384335e-01 1.946745353208202545e+01
9.998766633166760176e-01 4.218566991626321620e-04 -1.570209818129850859e-02 -2.880919023330756334e-01 -3.565698769663544552e-04 9.999912939829800340e-01 4.160390181835852720e-03 -3.307348112109692595e-01 1.570371332433014369e-02 -4.154265710353726229e-03 9.998680885537424290e-01 2.093881834094177208e+01
9.998746364901469619e-01 7.356458427344178888e-04 -1.581955807812160039e-02 -3.163686306594420961e-01 -6.724759060867614626e-04 9.999917937592841533e-01 3.998275568178584830e-03 -3.524374329158790342e-01 1.582236532583503746e-02 -3.987126615569291412e-03 9.998669048188645325e-01 2.239834571702792942e+01
9.998660607110742005e-01 2.023118228457000244e-03 -1.624383822758789300e-02 -3.498195537342362882e-01 -1.946852248544942007e-03 9.999870310720958555e-01 4.709610744267971397e-03 -3.721581426479539378e-01 1.625314846611892669e-02 -4.677344122618780527e-03 9.998570055943611923e-01 2.386080110828411094e+01
9.998703713036414253e-01 2.184327594165951913e-03 -1.595530865131879195e-02 -3.827172924442337476e-01 -2.098575211189522560e-03 9.999832922523843592e-01 5.389361249971517942e-03 -3.890422354262212390e-01 1.596680728033668742e-02 -5.355170163198306674e-03 9.998582221091207867e-01 2.530880601228958326e+01
9.998754208105340435e-01 2.773948323516876088e-03 -1.554199532191692656e-02 -4.085364434033030845e-01 -2.705638924061745752e-03 9.999866128123531261e-01 4.414597138469940514e-03 -4.111388321941918389e-01 1.555402602813678141e-02 -4.371987601279880842e-03 9.998695127815988570e-01 2.673844215192445617e+01
9.998774292346546133e-01 2.847324621381957643e-03 -1.539895078600564231e-02 -4.418067998107627625e-01 -2.813367546802804202e-03 9.999935829582428104e-01 2.226588272010652115e-03 -4.355937421698548584e-01 1.540518286703978362e-02 -2.182985338812802167e-03 9.998789937950627316e-01 2.817647899622297558e+01
9.998871629456964616e-01 1.448234865797423838e-03 -1.495577705159178983e-02 -4.695635867155019683e-01 -1.417709125428282414e-03 9.999969105233277311e-01 2.051702511068641266e-03 -4.594093325088983160e-01 1.495869336010967852e-02 -2.030262303212927982e-03 9.998860955162809372e-01 2.960691037289047856e+01
9.998980751237819264e-01 1.934453918141334269e-04 -1.427990072214862030e-02 -4.867222872808819045e-01 -1.356326826170254371e-04 9.999918126814910657e-01 4.049515954152940744e-03 -4.807859442112428772e-01 1.428055851561888662e-02 -4.047160480884987380e-03 9.998898833081991677e-01 3.102911825201198326e+01
9.998947470542121074e-01 -1.357546914087984832e-03 -1.444878819461908187e-02 -5.165614822065941469e-01 1.436854778656996299e-03 9.999839734388623613e-01 5.480156586678618796e-03 -5.020525349344282517e-01 1.444110890723464442e-02 -5.500333934573688882e-03 9.998806408998557327e-01 3.244696369024728000e+01
9.998998254086971516e-01 -2.172650897383534164e-03 -1.399059625933511859e-02 -5.381515884638228275e-01 2.235835765968407444e-03 9.999873887857843036e-01 4.502656903717651773e-03 -5.255274470932853603e-01 1.398062712918300178e-02 -4.533480908285770702e-03 9.998920406181424081e-01 3.383989869017572971e+01
9.999048309691126457e-01 -1.698705827273272895e-03 -1.369538222750094417e-02 -5.687524957217614530e-01 1.742205056611014196e-03 9.999934990041885463e-01 3.165421463228440709e-03 -5.463932456885339795e-01 1.368990717325468086e-02 -3.188974260907362357e-03 9.999012560039114428e-01 3.521706804533699398e+01
9.999160972265278557e-01 -1.228184164267955795e-03 -1.290020143187601415e-02 -5.953426186896387806e-01 1.255285891469147281e-03 9.999970479666719925e-01 2.093562701323270058e-03 -5.661126830578117053e-01 1.289758349371287680e-02 -2.109572373397428525e-03 9.999146517463627371e-01 3.657892438116984124e+01
9.999306192867740695e-01 -4.758196387522253671e-04 -1.177549296573604867e-02 -6.124258479261586174e-01 4.894941443109341195e-04 9.999992365711359854e-01 1.159044762949101382e-03 -5.986410019709750285e-01 1.177492405017906141e-02 -1.164717774635269350e-03 9.999300521553046162e-01 3.793931760767826944e+01
9.999397843361744753e-01 -2.045965486962288224e-06 -1.098003529388705615e-02 -6.465928652426043977e-01 2.257672442161103151e-05 9.999982806945466596e-01 1.870227343594797493e-03 -6.263465171475766091e-01 1.098000344407003975e-02 -1.870351632885619260e-03 9.999380281910144053e-01 3.928472352460159556e+01
9.999540997860095759e-01 8.003028188746309681e-05 -9.588045940524968572e-03 -6.671231843048167631e-01 -4.537310270342173634e-05 9.999934993187978849e-01 3.614806851435602500e-03 -6.502622689126390521e-01 9.588262242168495500e-03 -3.614193584568167229e-03 9.999475655762067872e-01 4.060505914193868904e+01
9.999705910694797195e-01 -2.550029910349924014e-04 -7.674311476441348680e-03 -6.805256837552778881e-01 2.919757860261844437e-04 9.999883920712662189e-01 4.816665655248632619e-03 -6.807625042891278788e-01 7.672983218031974827e-03 -4.818751454133094435e-03 9.999590202652380855e-01 4.191024380992721632e+01
9.999841545937915299e-01 3.261521578410142834e-05 -5.642715223477572789e-03 -6.981328969926223760e-01 -2.370583035494955855e-06 9.999856767771089228e-01 5.358900553110363708e-03 -7.004060490013989115e-01 5.642798404113597704e-03 -5.358787992464007950e-03 9.999697935700073703e-01 4.317834044709995567e+01
9.999983466401848320e-01 -3.445638513944213684e-04 -1.830003072741395124e-03 -7.054094857852670764e-01 3.533218616376399002e-04 9.999885256297343927e-01 4.784942210231281530e-03 -7.223590834879703992e-01 1.828323215482067707e-03 -4.785567124275436415e-03 9.999869557700595823e-01 4.445328709745367490e+01
9.999991209013392446e-01 -8.480855154357366766e-04 1.098669956052402428e-03 -7.144773612872081792e-01 8.446413245154161999e-04 9.999947752859431604e-01 3.132263321386799700e-03 -7.464284625191102140e-01 -1.101331356620934053e-03 -3.131320662815188522e-03 9.999945735947111114e-01 4.569347367386340864e+01
9.999833785291695198e-01 -8.722467228697988739e-04 5.714893495077938250e-03 -7.101817412584635614e-01 8.628412542536639546e-04 9.999983075184440962e-01 1.647977212521745333e-03 -7.699459760417468601e-01 -5.716331225676189384e-03 -1.643007066672746248e-03 9.999823996580411434e-01 4.693156074041989001e+01
9.999615775465512391e-01 -9.280370542099993826e-04 8.727094132275110480e-03 -7.256605398820761277e-01 9.111575626018460824e-04 9.999977486599531673e-01 1.937874889557833231e-03 -7.893859743079686409e-01 -8.728879501516793524e-03 -1.929836757036911769e-03 9.999601314135870833e-01 4.812752332812865319e+01
9.998963638314343205e-01 -5.623930098315265509e-04 1.439229240579661256e-02 -7.065445664034259998e-01 5.321802656626480662e-04 9.999976886341179760e-01 2.103017412272661316e-03 -8.179532331607610729e-01 -1.439344735507700444e-02 -2.095129600987803188e-03 9.998943113452160025e-01 4.935614510977035962e+01
9.997815167676230574e-01 7.102272266642385007e-04 2.089539668774541975e-02 -6.940617803888707860e-01 -7.226489648080503978e-04 9.999996084047874101e-01 5.869194247482685490e-04 -8.468040700322464476e-01 -2.089497594020053861e-02 -6.018801913427620056e-04 9.997815976457723464e-01 5.057764225666979740e+01
9.995765956481303949e-01 2.226833801594696547e-03 2.901521050371482988e-02 -6.632789075011651381e-01 -2.244243713139958043e-03 9.999973625012751333e-01 5.674836787833362076e-04 -8.683066764055927811e-01 -2.901387321072773640e-02 -6.323493539783269423e-04 9.995789158262446961e-01 5.177447338339251104e+01
9.993158318686756747e-01 3.100726268635516439e-03 3.685750646087571775e-02 -6.385281896321486350e-01 -3.156621945560164101e-03 9.999939963011902355e-01 1.458471276089776504e-03 -8.920407103921044190e-01 -3.685276435011403118e-02 -1.573808350885599764e-03 9.993195788250606171e-01 5.294231175690656244e+01
9.988501414241672816e-01 4.942095980772597333e-03 4.768865151066101205e-02 -5.877356007914837921e-01 -5.043606397213993425e-03 9.999853059512286979e-01 2.008571834772255888e-03 -9.135343649740692573e-01 -4.767802370236063486e-02 -2.246776059460504037e-03 9.988603487131664238e-01 5.410921303260395376e+01
9.981609326797439286e-01 7.082851348128581769e-03 6.020659719212525379e-02 -5.425699433716489883e-01 -7.220616429359076952e-03 9.999718286801332345e-01 2.071014402917905131e-03 -9.366741379874822249e-01 -6.019022969822281771e-02 -2.501925923523210925e-03 9.981839140685297984e-01 5.526615429043535244e+01
9.971550263278163850e-01 9.331171225817155856e-03 7.480002180706164794e-02 -4.673020435597524114e-01 -9.546949712022688092e-03 9.999512743110617885e-01 2.527756849251397864e-03 -9.579986625696771396e-01 -7.477278501719837600e-02 -3.234667867494261852e-03 9.971954815872718925e-01 5.639521945975359074e+01
9.957384856663016315e-01 1.074259234841600311e-02 9.159549618531573345e-02 -3.713808736662990717e-01 -1.111230685343145459e-02 9.999320772545737812e-01 3.527383705165899018e-03 -9.743724646596182426e-01 -9.155137341489159863e-02 -4.530179366086405611e-03 9.957901853544204318e-01 5.752696592622064742e+01
9.939755499770906999e-01 1.092778873040760150e-02 1.090571751856815458e-01 -2.652464115671424039e-01 -1.147320233316620995e-02 9.999246525281905162e-01 4.374957344652544849e-03 -1.000437377474741263e+00 -1.090011382582999622e-01 -5.599827483840553490e-03 9.940259907381350235e-01 5.865294031515283990e+01
9.917153002499080605e-01 1.035788508708232296e-02 1.280381411790531276e-01 -1.361451596342598824e-01 -1.093289090147786698e-02 9.999330985845638065e-01 3.788916212801902647e-03 -1.025471638533403063e+00 -1.279903155727623865e-01 -5.157346070631191153e-03 9.917621520159616288e-01 5.973730755254818803e+01
9.888503411384407249e-01 9.460163731337532800e-03 1.486129405909972501e-01 1.712733220518640465e-02 -9.948918377787214010e-03 9.999473109210900157e-01 2.545721846483908497e-03 -1.040558609196603479e+00 -1.485810094366998013e-01 -3.995870471353571082e-03 9.888923148099946214e-01 6.082395376735902914e+01
9.855895594230921208e-01 6.948129190320898735e-03 1.690125672065908025e-01 1.932419543394393591e-01 -7.420329796004781001e-03 9.999701740541592221e-01 2.162436379616448738e-03 -1.055419232913653360e+00 -1.689924797374917076e-01 -3.385398751052513550e-03 9.856116775173736633e-01 6.188390916760162241e+01
9.815589906298090028e-01 2.404485479912933654e-03 1.911451829649863376e-01 4.057248240401566952e-01 -3.240283007352018785e-03 9.999865512744586793e-01 4.060144694722812170e-03 -1.083434037124534566e+00 -1.911328239907707505e-01 -4.604632824320495539e-03 9.815535375555509701e-01 6.294250991571684040e+01
9.768476986850882504e-01 -3.177689976894650277e-03 2.139130711597343193e-01 6.293144233086716000e-01 2.084573104788105865e-03 9.999836373146578916e-01 5.335474895739503176e-03 -1.094017845419122503e+00 -2.139264956838621279e-01 -4.766027760374734468e-03 9.768382948846517921e-01 6.395834224771114407e+01
9.713473449098001256e-01 -8.156647786452581386e-03 2.375250366228442434e-01 8.834487383239932878e-01 7.227837035729744661e-03 9.999624935704987116e-01 4.780975203415589736e-03 -1.112720084749554639e+00 -2.375550905707407012e-01 -2.927195712422715063e-03 9.713698238470892532e-01 6.497318575843731026e+01
9.647742612874328216e-01 -1.310651880953132668e-02 2.627531090787942891e-01 1.169385194270108785e+00 1.259134355799168895e-02 9.999141284153466591e-01 3.644441504350335800e-03 -1.137917005454560426e+00 -2.627782733894726830e-01 -2.076501476982508252e-04 9.648563990398378865e-01 6.597381465866789085e+01
9.571041597489639008e-01 -1.684131445405831831e-02 2.892548359741483055e-01 1.458475493451159011e+00 1.632612115455393462e-02 9.998579686212711870e-01 4.193959627164074722e-03 -1.148500596201290191e+00 -2.892843408752404089e-01 7.083497340824590352e-04 9.572431294113824540e-01 6.693406697088285284e+01
9.484188330326488447e-01 -1.992657384513748728e-02 3.163937756559094816e-01 1.794234375795533687e+00 1.888978794800367372e-02 9.998014902163514517e-01 6.343953382395453242e-03 -1.158679383987011313e+00 -3.164573326837747946e-01 -4.011861697508911905e-05 9.486069262938947588e-01 6.789529646466971258e+01
9.385096923721270024e-01 -2.514762763357035469e-02 3.443363768269722125e-01 2.135612038940384316e+00 2.353763988064167673e-02 9.996837725324388968e-01 8.855794456813321711e-03 -1.174002041563773302e+00 -3.444501359352334924e-01 -2.063912035666668561e-04 9.388047799725431908e-01 6.885081676401077289e+01
9.274297395840441771e-01 -2.815375982971427687e-02 3.729367834746926125e-01 2.517184157925310473e+00 2.675064022782050119e-02 9.996022264939165014e-01 8.937758032861883861e-03 -1.197164420131836993e+00 -3.730400111154954512e-01 1.687145951422312166e-03 9.278139181410961500e-01 6.976557016171236114e+01
9.154577411932907083e-01 -2.810244233173743444e-02 4.014321685991520949e-01 2.911888082104913789e+00 2.847247691676058762e-02 9.995818906071927135e-01 5.045279945522866336e-03 -1.198144825180196049e+00 -4.014060452827103997e-01 6.811019439531753629e-03 9.158750805718766097e-01 7.065903076976711361e+01
9.021861494934190207e-01 -2.865181054435361752e-02 4.303947541174064639e-01 3.325147045683361835e+00 3.142314989106950729e-02 9.995059933514397477e-01 6.694293685417898902e-04 -1.217082888152210884e+00 -4.302012458593380551e-01 1.292039994131630697e-02 9.026407488009247082e-01 7.152336700897592436e+01
8.878369206598646368e-01 -3.062649410236784400e-02 4.591383793916375966e-01 3.766976180749300518e+00 3.518270798290632634e-02 9.993800050968691950e-01 -1.369979445364200065e-03 -1.232302353079302470e+00 -4.588116825127009912e-01 1.737003842565012016e-02 8.883639440642432383e-01 7.237433596293958260e+01
8.719260876549240757e-01 -3.165035219855422133e-02 4.886139523855383415e-01 4.240943487406047652e+00 3.531138781988032993e-02 9.993749225490836663e-01 1.722507852833025195e-03 -1.254399015395542882e+00 -4.883629658221002035e-01 1.575172304982015020e-02 8.724986386575072084e-01 7.321407690914035982e+01
8.541817926469109645e-01 -3.116320274336195281e-02 5.190402403633207484e-01 4.728939071008253947e+00 3.223072467873785291e-02 9.994562327788998335e-01 6.965458684977163424e-03 -1.261138548452883645e+00 -5.189749796499965040e-01 1.077925896048172183e-02 8.547216833142798897e-01 7.403317536259756082e+01
8.342283097702483108e-01 -3.149282849165527254e-02 5.505195721645814722e-01 5.265220231486040348e+00 3.126476174205786163e-02 9.994631627158799825e-01 9.797958070151732354e-03 -1.268255616402582220e+00 -5.505325023116862670e-01 9.038110999219440070e-03 8.347650353032335380e-01 7.484761221653667462e+01
8.130971737660372956e-01 -2.609756269698123785e-02 5.815431037864089436e-01 5.790425616128048070e+00 2.756387542633368520e-02 9.996001187396915677e-01 6.319414141154482828e-03 -1.285045926789850634e+00 -5.814753752276933252e-01 1.089126498561321550e-02 8.134913368516432097e-01 7.561673199523572464e+01
7.910883126844837632e-01 -1.952596887363434314e-02 6.113906364729666532e-01 6.351689034648573262e+00 2.435010584672636647e-02 9.997034551899772747e-01 4.204904713292048667e-04 -1.298970052069468473e+00 -6.112174338604394741e-01 1.455476397088895438e-02 7.913291357808066584e-01 7.635146958968336151e+01
7.685876379041380879e-01 -1.711750126556465038e-02 6.395158588301801394e-01 6.960885646138668115e+00 2.359996097093579326e-02 9.997202499964791267e-01 -1.604245173041997201e-03 -1.304992200812852499e+00 -6.393093800934243065e-01 1.632553429394060368e-02 7.687765554879255614e-01 7.706204182856697571e+01
7.448733992438547613e-01 -1.934433532216186732e-02 6.669257301010419470e-01 7.570468086526434881e+00 2.500643810127993819e-02 9.996867819363168817e-01 1.067031761798854653e-03 -1.325992692403497486e+00 -6.667373491541062069e-01 1.588261553145920921e-02 7.451237802662756815e-01 7.775107980531812757e+01
7.205057590053911554e-01 -2.004760775642509471e-02 6.931594857290777068e-01 8.196617035685788366e+00 2.620134888451150501e-02 9.996553418016528303e-01 1.677046961112366955e-03 -1.330278050010167412e+00 -6.929540676929981657e-01 1.695337762103115223e-02 7.207826601938037703e-01 7.841368923505552857e+01
6.948271360807081187e-01 -1.846363137113249397e-02 7.189401076252778244e-01 8.862289412822965673e+00 2.681476382344621587e-02 9.996404547048440836e-01 -2.429236794759716408e-04 -1.364027254433564762e+00 -7.186769897709159860e-01 1.944698501517733852e-02 6.950723690264306587e-01 7.903819830982627082e+01
6.685297991185733535e-01 -1.625227281693167672e-02 7.435081131111116459e-01 9.517988297480659554e+00 2.645985329607153033e-02 9.996480618539445029e-01 -1.940339827168351735e-03 -1.376151556326822512e+00 -7.432147641570264751e-01 2.097027765386377807e-02 6.687245070836764782e-01 7.964320433219479867e+01
6.417099545323783349e-01 -1.414784852530598380e-02 7.668172805017292593e-01 1.022236022780972498e+01 2.552000232550246522e-02 9.996701377617250861e-01 -2.912386566329405995e-03 -1.380321699903706900e+00 -7.665229822499205481e-01 2.143807552913290157e-02 6.418592895424064526e-01 8.022583741311768790e+01
6.132188989696935044e-01 -1.257063243162986031e-02 7.898133584872900625e-01 1.092940364688469046e+01 2.599531812688815266e-02 9.996530058420097786e-01 -4.272609104872367863e-03 -1.400021605717687079e+00 -7.894854336468587475e-01 2.315148081702524466e-02 6.133328487527651696e-01 8.077931931665365539e+01
5.843977284114978410e-01 -6.727456607557938568e-03 8.114398461455323286e-01 1.166264201539106971e+01 2.491081256939595145e-02 9.996431464839578007e-01 -9.652937580059221465e-03 -1.423473902625361553e+00 -8.110851808634776949e-01 2.585476622827702353e-02 5.843567286036162045e-01 8.131057737939337926e+01
5.547577297663564000e-01 1.694913545208254560e-03 8.320105663355908954e-01 1.242500604189746483e+01 2.363752873308154825e-02 9.995622499895523427e-01 -1.779699136014119623e-02 -1.441203402708513659e+00 -8.316763502694665133e-01 2.953967715826041895e-02 5.544747831512455427e-01 8.180166521229050147e+01
5.235085452581760279e-01 9.532753608330800377e-03 8.519674458756266722e-01 1.319055861171956501e+01 2.250059749633979977e-02 9.994340630374308754e-01 -2.500873277384120519e-02 -1.476846358381122215e+00 -8.517235160378572312e-01 3.226204668408480525e-02 5.229977442333486604e-01 8.229363911417647159e+01
4.914386207038544119e-01 1.423518587225948255e-02 8.707962149085400894e-01 1.399995327522825228e+01 2.047904521266263184e-02 9.994011400603133310e-01 -2.789500687169754745e-02 -1.503341026685725446e+00 -8.706716433759866813e-01 3.154174268656895902e-02 4.908527616134059079e-01 8.274981610644020691e+01
4.592429387967074117e-01 1.412530553423881757e-02 8.881987474948054295e-01 1.482614077755778936e+01 1.869311153187064659e-02 9.994985673876467525e-01 -2.556062535980773570e-02 -1.535602230966973458e+00 -8.881142444472784891e-01 2.834172120142348233e-02 4.587485829154484551e-01 8.317538927561636797e+01
4.252333897708567845e-01 1.305586097827678843e-02 9.049899070507937404e-01 1.566395862621240020e+01 1.547195232050688381e-02 9.996450746895054751e-01 -2.169132488529257677e-02 -1.570929375907277548e+00 -9.049517121589875090e-01 2.322582237853579312e-02 4.248804374006929230e-01 8.358867866486598075e+01
3.915243484532463514e-01 1.404841911297377913e-02 9.200608446997740053e-01 1.652234049099487123e+01 1.104370400009854931e-02 9.997397801255303307e-01 -1.996461120859720217e-02 -1.605217987552347347e+00 -9.201017015690091672e-01 1.797749969763574179e-02 3.912672973106677277e-01 8.395005267872161880e+01
3.558319984441420947e-01 1.652369190243451608e-02 9.344041912317142540e-01 1.738642149526484815e+01 4.760786327742121127e-03 9.997987459372933428e-01 -1.949308509510339071e-02 -1.642997878318682048e+00 -9.345380368829190321e-01 1.138475126053602009e-02 3.556817009564724463e-01 8.430520417305326930e+01
3.200129089411672401e-01 1.841609858542427036e-02 9.472345166047031473e-01 1.826827803131603645e+01 -1.756280233228771240e-04 9.998122853942112975e-01 -1.937899135799137779e-02 -1.660701758752746837e+00 -9.474133880276947028e-01 6.035154422886280720e-03 3.199560571930202268e-01 8.461007113400405899e+01
2.839874301371526633e-01 1.826318373971906259e-02 9.586543923446214643e-01 1.919311627558858646e+01 -2.938431477420389709e-03 9.998305573093413390e-01 -1.817716700674473773e-02 -1.694312148008923824e+00 -9.588237218266371098e-01 2.345134980641183729e-03 2.839929629558408664e-01 8.487923731714531073e+01
2.469762312991712339e-01 1.787866561112485403e-02 9.688569283585862779e-01 2.010985440784444123e+01 -3.328114498648638946e-03 9.998396306625089158e-01 -1.760202718634179542e-02 -1.726493157029060699e+00 -9.690160449671716414e-01 1.122804689023394363e-03 2.469961178875310914e-01 8.512335307262910078e+01
2.109100074711237061e-01 1.697025877610559494e-02 9.773585007466943919e-01 2.103587803724203553e+01 -2.906496858105696475e-03 9.998558566017958782e-01 -1.673368883776888902e-02 -1.759861203677413055e+00 -9.775013848282471107e-01 6.886012127413719932e-04 2.109289257482654112e-01 8.533281886187785403e+01
1.759167433481879927e-01 1.627982749916032784e-02 9.842707622905252363e-01 2.199653545328824578e+01 -4.411221862941451044e-04 9.998645451196551681e-01 -1.645891529678131238e-02 -1.773028850449741345e+00 -9.844051740356482005e-01 2.461202880197728513e-03 1.759000944919602294e-01 8.550141694395996694e+01
1.406462236709808966e-01 1.500083683061601177e-02 9.899466099170359801e-01 2.293005071308674303e+01 6.599174684554866971e-03 9.998488949209168863e-01 -1.608846762891777415e-02 -1.812911653220406594e+00 -9.900381513223707186e-01 8.795599517151128643e-03 1.405259796996043142e-01 8.562347807942637701e+01
1.070112647433719977e-01 1.792259640548973798e-02 9.940966013493532927e-01 2.390645980541087923e+01 8.532119670581343393e-03 9.997842487433595826e-01 -1.894359783263021429e-02 -1.854658280364957834e+00 -9.942214285625539105e-01 1.050891604899750059e-02 1.068352635059380135e-01 8.571082746842411382e+01
7.407542661732206823e-02 2.384316802993386233e-02 9.969679204225101454e-01 2.486419639958785766e+01 9.671793884550859352e-03 9.996500498106556387e-01 -2.462593410833770202e-02 -1.859830672343747882e+00 -9.972059774183047454e-01 1.146662961893588593e-02 7.381890514635250367e-02 8.578178343692808028e+01
4.508867426380879645e-02 2.604264214479116990e-02 9.986438296962547589e-01 2.583530165928308975e+01 1.473523626841698880e-02 9.995341519321826462e-01 -2.673115324083603916e-02 -1.919457035220551777e+00 -9.988745491042592128e-01 1.592050933377454555e-02 4.468393515708736496e-02 8.581748933134223023e+01
1.914377458953964509e-02 2.523019233441173292e-02 9.994987106297456014e-01 2.682131886679290034e+01 1.812874291524534803e-02 9.995085469268917278e-01 -2.557766288194839033e-02 -1.953194876902957011e+00 -9.996526191273882311e-01 1.860929313160831697e-02 1.867698633469324840e-02 8.583326351125897702e+01
-2.746637719676610963e-03 2.244964474477576313e-02 9.997445687809332071e-01 2.779038254198656333e+01 1.978354981310620833e-02 9.995536293608938694e-01 -2.239100017322542477e-02 -1.978799201005661645e+00 -9.998007682180615197e-01 1.971698177090162180e-02 -3.189531996073760155e-03 8.584966795208667634e+01
-2.229215280863568877e-02 2.055007712027914074e-02 9.995406427813947614e-01 2.876967274345342318e+01 2.139802609504755718e-02 9.995696000467324538e-01 -2.007343970857502005e-02 -2.013021549430121571e+00 -9.995227375875528342e-01 2.094070190537579076e-02 -2.272227448082438789e-02 8.582428857063078453e+01
-3.914915187150284220e-02 2.237155053541504263e-02 9.989832890914104313e-01 2.974524836615231038e+01 2.226361630506008826e-02 9.995207893625170925e-01 -2.151109224382026161e-02 -2.053407370227831041e+00 -9.989855887417443681e-01 2.139882538916412433e-02 -3.962844660734932828e-02 8.579047283649781264e+01
-5.340657125254733018e-02 2.771912598564687732e-02 9.981884324522062313e-01 3.073281770063143625e+01 2.532711509631339550e-02 9.993307789528792506e-01 -2.639575281504002308e-02 -2.080871458394706774e+00 -9.982518778699823736e-01 2.387151217376632523e-02 -5.407285853089445482e-02 8.572754037343850086e+01
-6.565881742041314306e-02 3.164877155054384578e-02 9.973404868607821383e-01 3.172083604662495659e+01 2.852609122602675629e-02 9.991480113659243489e-01 -2.982813949583287827e-02 -2.125483344029276189e+00 -9.974345753039940421e-01 2.649173089503871481e-02 -6.650567416637595541e-02 8.565025317271826566e+01
-7.457250690532078730e-02 3.612791276289194914e-02 9.965613394246343182e-01 3.271726462242637723e+01 3.423079751869898685e-02 9.988474266435128923e-01 -3.364929816729660128e-02 -2.170085804851411559e+00 -9.966281958465037505e-01 3.160376187116412799e-02 -7.572322468300374254e-02 8.557371632666649930e+01
-8.043659169476154169e-02 4.061222120199409896e-02 9.959324310038181194e-01 3.369363957543566812e+01 3.721589602299971850e-02 9.985953916854106716e-01 -3.771505764939227928e-02 -2.216240639991299055e+00 -9.960650158985199232e-01 3.403083316545149617e-02 -8.183501041574335610e-02 8.548496030397858192e+01
-8.439265303858246858e-02 4.607300989118886386e-02 9.953672560149009474e-01 3.468611562783880942e+01 3.952142423095362372e-02 9.982992860348489650e-01 -4.285787565732990939e-02 -2.262344300552318721e+00 -9.956488000739006639e-01 3.572142799032385768e-02 -8.606997630468649074e-02 8.540042862201852358e+01
-8.775258931885671077e-02 4.951685712717121546e-02 9.949112455455717541e-01 3.569877775735518100e+01 4.080349749181832325e-02 9.981043054109327572e-01 -4.607684138965659204e-02 -2.323110201529165586e+00 -9.953065658814744809e-01 3.655248274681362208e-02 -8.960667787676643292e-02 8.530018523412779530e+01
-8.999580996496621410e-02 5.263720778464404254e-02 9.945506094154057397e-01 3.669172447618340271e+01 4.154958973454463134e-02 9.979315160990978040e-01 -4.905635743502580193e-02 -2.378273352441643951e+00 -9.950753750156391408e-01 3.690828971235458195e-02 -9.199668897273420576e-02 8.520631636700225897e+01
-9.299830206717511760e-02 5.604019611056827721e-02 9.940883584503875658e-01 3.769821824692000689e+01 4.246088393807822409e-02 9.977298191011185757e-01 -5.227319537039228081e-02 -2.443439125686851288e+00 -9.947607861007274899e-01 3.734853839290523669e-02 -9.516667456081830123e-02 8.510961091289871661e+01
-9.431727048173230155e-02 5.967683104446915021e-02 9.937523812397103251e-01 3.869351734546070531e+01 4.344407381525795808e-02 9.974976609619050638e-01 -5.577844385209083239e-02 -2.507917776364058327e+00 -9.945941445844309614e-01 3.791176792335871487e-02 -9.667384043138473049e-02 8.500745804389111981e+01
-9.634038820993436059e-02 6.085046593905343165e-02 9.934871054507217192e-01 3.970228618359130479e+01 4.522029810071614975e-02 9.973665846534908175e-01 -5.670296876662366675e-02 -2.580263053376900206e+00 -9.943210312966609399e-01 3.946298317554993579e-02 -9.883833896354193849e-02 8.490824970451586751e+01
-9.929148762006595463e-02 6.028273581110345919e-02 9.932311270954369276e-01 4.071975559743208350e+01 4.594489468136327831e-02 9.973764840766874418e-01 -5.594129226551610573e-02 -2.638565358121942150e+00 -9.939974510877026548e-01 4.007939111001451032e-02 -1.018006552031753692e-01 8.480287699260676959e+01
-1.009048671630441846e-01 5.979170736047536433e-02 9.930982047211905916e-01 4.173759851992337389e+01 4.644012914197539338e-02 9.973875723547231953e-01 -5.533134341062365819e-02 -2.712325055801421136e+00 -9.938119505502905904e-01 4.053639300184477823e-02 -1.034179713808525414e-01 8.470458435668363961e+01
-1.034025822270210199e-01 6.078588057810144218e-02 9.927808760988278136e-01 4.275377638756325638e+01 4.529498511843482733e-02 9.973832067789125677e-01 -5.634998222854422506e-02 -2.785305518130780200e+00 -9.936080445011861162e-01 3.914124744928978994e-02 -1.058852694194411526e-01 8.458480332976422744e+01
-1.058925209414929014e-01 6.283356331540837503e-02 9.923908518453404826e-01 4.377195874414025667e+01 4.400344176191280099e-02 9.973201490605501096e-01 -5.845028667359387919e-02 -2.851108949213335020e+00 -9.934038193895039504e-01 3.747915108103887227e-02 -1.083736119465404657e-01 8.448935332610116689e+01
-1.084204087091246299e-01 6.505216010211534172e-02 9.919748579351183038e-01 4.479617035650013435e+01 4.250027204348102300e-02 9.972477421700760569e-01 -6.075275541042698263e-02 -2.922316939875675423e+00 -9.931965723725234563e-01 3.557234868078994194e-02 -1.108867139000070667e-01 8.437564984928100387e+01
-1.115030539657624331e-01 6.883916690348930445e-02 9.913773913100966118e-01 4.583012122178222114e+01 4.062267929208611406e-02 9.970798937584650634e-01 -6.466616960599057273e-02 -3.000593216634282800e+00 -9.929338162232941301e-01 3.306191716619816950e-02 -1.139738560584573207e-01 8.425507870381535724e+01
-1.128140130552537646e-01 7.268006614278600674e-02 9.909548481481644799e-01 4.686293646251370149e+01 3.714122832431263760e-02 9.969327470466664565e-01 -6.889019580233972373e-02 -3.074086355505484924e+00 -9.929220698986277460e-01 2.903348849893626349e-02 -1.151673820738244314e-01 8.415413173930657820e+01
-1.153795436353630133e-01 7.493869707483233333e-02 9.904911202317938645e-01 4.791187147521249301e+01 3.443131093068314136e-02 9.968527743257590279e-01 -7.140918341994498264e-02 -3.160033492224826990e+00 -9.927249192534575162e-01 2.586473670767909863e-02 -1.175966262415700236e-01 8.403591776838874239e+01
-1.185628744505459603e-01 7.338434683714334383e-02 9.902315371004182243e-01 4.896445493856383280e+01 3.220659239763990628e-02 9.970248510981903900e-01 -7.003159192087836382e-02 -3.250491425630474662e+00 -9.924244602959541028e-01 2.358882422225267936e-02 -1.205735618201494302e-01 8.391170534718693830e+01
-1.212184744337618386e-01 7.023545905174684301e-02 9.901383635137975814e-01 5.000705489035434681e+01 3.086342341333544320e-02 9.972780926887859776e-01 -6.696341509619098409e-02 -3.319147821131023690e+00 -9.921462908023402916e-01 2.244184301341779417e-02 -1.230562042755010133e-01 8.379972619999675487e+01
-1.231991249862638693e-01 6.795136982000597736e-02 9.900532841542565299e-01 5.105253259005613842e+01 3.063668551203152512e-02 9.974379934698183181e-01 -6.464585732778321825e-02 -3.407654368838025860e+00 -9.919093217075978242e-01 2.236762471455444601e-02 -1.249652612946266089e-01 8.367372120826486537e+01
-1.259702538430733654e-01 6.855099325634844698e-02 9.896631635398202009e-01 5.209976089522931630e+01 3.071035717083010416e-02 9.974010994161613963e-01 -6.517795807892655391e-02 -3.487591426658170235e+00 -9.915589271467440957e-01 2.218241247733533997e-02 -1.277480631483327300e-01 8.354523098383288016e+01
-1.267325918063705315e-01 7.117152658012007582e-02 9.893808109233818149e-01 5.316724433592681720e+01 3.125514967715270487e-02 9.972140264935277498e-01 -6.773143173582080179e-02 -3.572042773725883524e+00 -9.914447574491355164e-01 2.233945182727348558e-02 -1.286039628564962511e-01 8.340115283103678223e+01
-1.273514260405844423e-01 7.348297426345737349e-02 9.891323455460042657e-01 5.423219104658475942e+01 3.052041871207088197e-02 9.970700537114858264e-01 -7.014312663770830292e-02 -3.656927676124959614e+00 -9.913883522965510897e-01 2.125589226926416497e-02 -1.292209922867111616e-01 8.325892838001669816e+01
-1.281660598064094381e-01 7.423595056463301589e-02 9.889708905814902362e-01 5.529193002216582897e+01 2.969827714229791166e-02 9.970347670952383057e-01 -7.099247712537552768e-02 -3.745551944138236777e+00 -9.913083414003883709e-01 2.027189124787842633e-02 -1.299906652261344497e-01 8.312829086287190705e+01
-1.279390081841721705e-01 7.331499960267401361e-02 9.890689890419962493e-01 5.637082649124328526e+01 2.750901721158612381e-02 9.971427498900524711e-01 -7.035507849433332572e-02 -3.824591422764421544e+00 -9.914008398656499743e-01 1.820714319335446640e-02 -1.295902458007617830e-01 8.300478365369330902e+01
-1.282600305396486284e-01 7.291084221097757223e-02 9.890572907863345309e-01 5.744619422094454819e+01 2.424553422165115837e-02 9.972264644288129087e-01 -7.036890132044959500e-02 -3.913245068318094155e+00 -9.914445466988351940e-01 1.495469229863088424e-02 -1.296720264294476399e-01 8.286621041185482284e+01
-1.279020693584594914e-01 7.350436337858894109e-02 9.890597184177066792e-01 5.852532616045554903e+01 2.010418898061520562e-02 9.972372169076357817e-01 -7.151227223068941374e-02 -4.003850548894555494e+00 -9.915834104934782012e-01 1.073766420782657979e-02 -1.290264165361002247e-01 8.273895015122467100e+01
-1.284384959741834420e-01 7.382755683821970449e-02 9.889661278879159356e-01 5.961302103491972559e+01 1.588164358616993982e-02 9.972505570545673326e-01 -7.238341556645525032e-02 -4.093842323684645734e+00 -9.915906981444264634e-01 6.409579423830823186e-03 -1.292578310029808275e-01 8.261472077297797512e+01
-1.289792681359187287e-01 7.281763042719111012e-02 9.889706268334290673e-01 6.069852107314417111e+01 1.227364755349269823e-02 9.973412679615798471e-01 -7.183324486020806199e-02 -4.185030568755307101e+00 -9.915717298155568571e-01 2.873265994255541026e-03 -1.295300492789239755e-01 8.248916737032540425e+01
-1.291567393849974432e-01 6.809634492624046243e-02 9.892837747576680441e-01 6.178873140672583730e+01 1.181157170066393994e-02 9.976743301198482961e-01 -6.713181804445805811e-02 -4.269663204049653160e+00 -9.915542420075209584e-01 3.014458888723245411e-03 -1.296606530124777279e-01 8.234512191774669532e+01
-1.294582359842322838e-01 6.045047194185657058e-02 9.897410129563641856e-01 6.288849800262852341e+01 1.535104443787438724e-02 9.981426960726418329e-01 -5.895569503346360235e-02 -4.348398984615596596e+00 -9.914664448642428463e-01 7.561245069143793414e-03 -1.301457372977019022e-01 8.219849714641593152e+01
-1.293591025997221089e-01 5.554831045415691698e-02 9.900412005045112762e-01 6.398484177211278734e+01 2.299695374481339552e-02 9.983293601079963331e-01 -5.300853965981167787e-02 -4.419611332949644478e+00 -9.913315153055989315e-01 1.591078095457481092e-02 -1.304203983079728346e-01 8.205960561933933661e+01
-1.286712149034276442e-01 5.717482162114375516e-02 9.900382469389231721e-01 6.508640563424675918e+01 2.912456739506825640e-02 9.981239940409364353e-01 -5.385656756291567343e-02 -4.499536573299754316e+00 -9.912599509967900957e-01 2.190463092779053669e-02 -1.300949846082386230e-01 8.189405473354784704e+01
-1.284071365046085544e-01 6.232154613343440785e-02 9.897618965720174078e-01 6.620810803611369977e+01 3.323688564945827956e-02 9.977334325778624002e-01 -5.851147865209968546e-02 -4.579676998327561144e+00 -9.911648371899544063e-01 2.538329803925137504e-02 -1.301874283794424159e-01 8.172481822889257330e+01
-1.270261222954477132e-01 6.804947656523190058e-02 9.895628414359840530e-01 6.731986715136666533e+01 3.679676322803557970e-02 9.972806023355877958e-01 -6.385675167267140795e-02 -4.647055302357800954e+00 -9.912170219110233438e-01 2.830121992798468461e-02 -1.291846494999367434e-01 8.157827178576621918e+01
-1.262003702745987388e-01 7.087010647988618850e-02 9.894705077207938126e-01 6.843837799375509690e+01 3.635434403085694571e-02 9.971053403664880133e-01 -6.678019345119419470e-02 -4.755934590153589880e+00 -9.913388232284633395e-01 2.754385090627071639e-02 -1.284114616163440359e-01 8.142156345192529443e+01
-1.265768635205906656e-01 7.025729029269722758e-02 9.894661202278172141e-01 6.955511564322070228e+01 3.532835609057559390e-02 9.971752386698065074e-01 -6.628532113302934570e-02 -4.820026623154047840e+00 -9.913279179108548389e-01 2.656600796669010209e-02 -1.287013505632149113e-01 8.130074751646731102e+01
-1.257681732129887209e-01 6.613167922248491815e-02 9.898535054370183328e-01 7.068333700295156063e+01 3.490369820171543291e-02 9.974530624557172986e-01 -6.220463432556957994e-02 -4.902750076196441320e+00 -9.914458829631683789e-01 2.672617033746571558e-02 -1.277560503902435973e-01 8.115688693102106299e+01
-1.254163842738233170e-01 6.378035861762215708e-02 9.900524198281437371e-01 7.180852655641757565e+01 3.396414850215488668e-02 9.976226076786292030e-01 -5.996558263552950740e-02 -4.985223696691122086e+00 -9.915230763647633339e-01 2.610560592547045422e-02 -1.272844236943385388e-01 8.103306330637612120e+01
