1 0 0 0 0 1 0 0 0 0 1 0
1 -6.2226e-05 -8.85328e-05 0.00549282 6.22281e-05 1 2.4458e-05 0.000800485 8.85312e-05 -2.44635e-05 1 -0.000637437
1 -0.000117666 -8.52129e-05 0.00876524 0.000117665 1 -1.92988e-05 0.00295544 8.52152e-05 1.92888e-05 1 -5.87057e-05
1 -4.37128e-05 -6.3459e-05 0.00485644 4.3709e-05 1 -6.1077e-05 -0.0017716 6.34617e-05 6.10742e-05 1 0.000698095
1 5.20952e-05 -8.08085e-05 0.00416313 -5.20877e-05 1 9.30864e-05 -0.00159497 8.08133e-05 -9.30822e-05 1 0.000469097
1 -1.01618e-05 -1.35961e-05 0.00398687 1.01624e-05 1 4.27199e-05 -0.00140854 1.35957e-05 -4.272e-05 1 -2.47328e-05
1 -6.27829e-06 -1.99572e-05 0.00900852 6.27616e-06 1 -0.000106935 0.000877319 1.99579e-05 0.000106934 1 -2.67711e-05
1 -2.70578e-05 -9.7961e-05 0.00603419 2.70565e-05 1 -1.29154e-05 0.00235635 9.79614e-05 1.29128e-05 1 0.00112907
1 -5.95904e-05 -6.85078e-05 0.00703283 5.95914e-05 1 1.5094e-05 0.00092115 6.85069e-05 -1.50981e-05 1 0.000796259
1 -5.43437e-05 4.41494e-06 0.00671039 5.43437e-05 1 -7.46833e-08 0.000702332 -4.41493e-06 7.49232e-08 1 -0.00240851
1 -5.22055e-05 3.11713e-06 0.00162324 5.22058e-05 1 -9.79092e-05 0.00344025 -3.11202e-06 9.79094e-05 1 -0.000921591
1 -4.79295e-05 -5.03052e-05 0.00615554 4.79309e-05 1 2.85351e-05 0.00241449 5.03038e-05 -2.85375e-05 1 0.00134169
1 -6.14679e-05 -9.07423e-05 0.00863297 6.14689e-05 1 1.1495e-05 0.000829941 9.07416e-05 -1.15005e-05 1 0.000274882
1 -4.58893e-06 -3.71398e-05 0.00390574 4.58722e-06 1 -4.6075e-05 0.000304828 3.714e-05 4.60748e-05 1 0.000200963
1 7.9796e-05 -9.13729e-05 0.00513823 -7.97917e-05 1 4.75655e-05 -0.000338988 9.13767e-05 -4.75582e-05 1 0.00270438
1 -3.10598e-05 -9.72036e-05 0.00498215 3.10637e-05 1 4.06528e-05 0.00133247 9.72023e-05 -4.06558e-05 1 0.00253458
1 -6.46624e-05 -9.49401e-05 0.0115521 6.46689e-05 1 6.74811e-05 0.000994387 9.49357e-05 -6.74872e-05 1 -0.000490231
1 -5.64575e-05 -5.38653e-05 0.00827929 5.64573e-05 1 -4.92052e-06 0.0027131 5.38656e-05 4.91748e-06 1 -0.00124813
1 -2.04593e-05 -5.85685e-05 0.00420101 2.04576e-05 1 -3.00812e-05 0.00342597 5.85691e-05 3.008e-05 1 -0.000116531
1 5.29133e-05 -3.27198e-05 0.00634806 -5.29127e-05 1 2.10181e-05 -0.00255603 3.27209e-05 -2.10164e-05 1 -0.000811237
1 -2.25826e-05 -9.43874e-05 0.00294158 2.2592e-05 1 9.94922e-05 -0.00151946 9.43852e-05 -9.94944e-05 1 0.00181845
1 -6.43049e-05 -0.000103946 0.00341649 6.43156e-05 1 0.000102949 0.00368241 0.00010394 -0.000102956 1 0.00160376
1 -7.6433e-05 -9.10559e-05 0.00850047 7.64336e-05 1 6.93685e-06 0.00368471 9.10554e-05 -6.94381e-06 1 0.00160396
1 -3.03665e-05 -6.90514e-05 0.00665349 3.03635e-05 1 -4.2746e-05 0.00202408 6.90527e-05 4.2744e-05 1 0.000829292
1 2.47262e-06 -3.03245e-05 0.00350222 -2.47291e-06 1 -9.53908e-06 0.00139458 3.03245e-05 9.53916e-06 1 0.000226391
1 3.39569e-05 -8.10135e-05 0.0036651 -3.39603e-05 1 -4.1531e-05 0.000684443 8.10121e-05 4.15338e-05 1 0.00167155
1 -5.73467e-05 -5.58078e-05 0.002157 5.73514e-05 1 8.47114e-05 0.00058251 5.58029e-05 -8.47146e-05 1 0.00118513
1 -0.000144865 -6.42748e-05 0.00455208 0.000144865 1 6.75533e-06 0.0021017 6.42738e-05 -6.76464e-06 1 0.00244975
1 -1.37078e-05 -4.80643e-05 0.00680983 1.37065e-05 1 -2.66158e-05 0.00180356 4.80647e-05 2.66151e-05 1 0.00171036
1 1.10026e-05 -3.65263e-05 0.00161384 -1.10052e-05 1 -7.12283e-05 0.00190882 3.65256e-05 7.12287e-05 1 0.00142702
1 -1.65422e-05 -5.01651e-05 0.00373984 1.65425e-05 1 6.50539e-06 0.000163204 5.0165e-05 -6.50622e-06 1 0.000802632
1 -7.2879e-05 -8.5298e-05 0.0073917 7.28819e-05 1 3.42326e-05 -0.000805857 8.52955e-05 -3.42389e-05 1 0.00149679
1 -6.41506e-06 -6.73061e-05 0.00305176 6.41557e-06 1 7.57331e-06 -0.0013686 6.73061e-05 -7.57374e-06 1 0.000551506
1 -3.82605e-05 -8.84069e-05 0.00283483 3.826e-05 1 -5.81506e-06 0.00127883 8.84071e-05 5.81168e-06 1 0.00167887
1 -2.18191e-05 -8.19017e-05 0.00638361 2.18248e-05 1 6.93109e-05 -0.000793488 8.19002e-05 -6.93127e-05 1 0.00197805
1 -0.000118341 -0.000116462 0.00745428 0.000118351 1 8.166e-05 0.00403013 0.000116452 -8.16738e-05 1 0.00263522
1 -6.27383e-05 -9.9265e-05 0.00498679 6.27344e-05 1 -3.93511e-05 0.0037626 9.92675e-05 3.93448e-05 1 0.00324228
1 1.23417e-05 -0.00010231 0.00442346 -1.2341e-05 1 7.0636e-06 0.00114978 0.00010231 -7.06233e-06 1 0.00290986
1 -1.75989e-06 -0.000101279 0.00713718 1.76648e-06 1 6.50476e-05 0.00207169 0.000101279 -6.50478e-05 1 0.00314146
1 -4.0142e-05 -0.000100927 0.00135042 4.01406e-05 1 -1.35283e-05 0.003263 0.000100927 1.35242e-05 1 0.00190139
1 -4.83292e-05 -9.78325e-05 0.00521819 4.83368e-05 1 7.70356e-05 0.00127022 9.78288e-05 -7.70403e-05 1 0.0027127
1 -5.11063e-05 -2.64953e-05 0.00469162 5.11062e-05 1 -3.28055e-06 0.000695753 2.64954e-05 3.2792e-06 1 -0.000160733
1 -3.32603e-05 -4.90233e-05 0.0059242 3.3258e-05 1 -4.55207e-05 0.00461749 4.90248e-05 4.55191e-05 1 0.00155735
1 1.77896e-05 -8.14455e-05 0.00684685 -1.7789e-05 1 6.27902e-06 -0.00167094 8.14456e-05 -6.27757e-06 1 0.00117772
1 -7.22258e-05 -8.72704e-05 0.00772764 7.22257e-05 1 -1.12981e-06 0.00280148 8.72705e-05 1.12351e-06 1 0.000961658
1 -4.06658e-05 -4.9063e-05 0.00578793 4.06629e-05 1 -5.92506e-05 0.00147316 4.90655e-05 5.92486e-05 1 0.000351421
1 -4.70776e-05 -4.51621e-05 0.00493861 4.70735e-05 1 -9.1056e-05 0.00398117 4.51664e-05 9.10539e-05 1 0.00208641
1 -4.18262e-05 -6.88532e-05 0.00551768 4.18275e-05 1 1.98443e-05 0.00106171 6.88524e-05 -1.98472e-05 1 0.00150859
1 1.46914e-05 -6.18707e-05 0.00531934 -1.46837e-05 1 0.0001253 -0.00221892 6.18725e-05 -0.000125299 1 0.000743393
1 -4.95176e-05 -5.55129e-05 0.0079624 4.95154e-05 1 -4.07005e-05 -0.000147333 5.55149e-05 4.06978e-05 1 -0.000203093
1 -9.16182e-05 -5.40035e-05 0.00631164 9.16145e-05 1 -6.82521e-05 0.0039579 5.40097e-05 6.82472e-05 1 -2.34277e-05
1 -6.55523e-05 -9.46781e-05 0.00495285 6.55522e-05 1 -3.87855e-07 0.0039099 9.46781e-05 3.81649e-07 1 0.00202605
1 -2.55746e-05 -8.71123e-05 0.00332848 2.55779e-05 1 3.77461e-05 -0.000506819 8.71113e-05 -3.77483e-05 1 0.00265038
1 -0.000113089 -0.00010592 0.00668254 0.000113089 1 -3.9423e-06 0.00531988 0.000105921 3.93032e-06 1 0.00298118
1 -6.54873e-05 -9.49076e-05 0.0055333 6.54845e-05 1 -2.9406e-05 0.00261592 9.49095e-05 2.93998e-05 1 0.00198899
1 -6.35854e-06 -0.000107241 0.00790139 6.35565e-06 1 -2.69392e-05 -0.0015059 0.000107241 2.69385e-05 1 0.00272624
1 -5.44419e-05 -7.41276e-05 0.00643855 5.44391e-05 1 -3.75775e-05 0.00264233 7.41296e-05 3.75734e-05 1 0.00137504
1 -2.89277e-05 -8.00103e-05 0.00669146 2.89262e-05 1 -1.93199e-05 0.0028311 8.00109e-05 1.93176e-05 1 0.0016154
1 -3.08832e-05 -7.83857e-05 0.00669197 3.0887e-05 1 4.79883e-05 -0.000779451 7.83842e-05 -4.79907e-05 1 0.00175159
1 -4.58101e-05 -6.4561e-05 0.00573537 4.58073e-05 1 -4.39523e-05 0.000298741 6.4563e-05 4.39493e-05 1 0.000973643
1 1.20655e-05 -5.30872e-05 0.00651423 -1.2065e-05 1 1.00527e-05 1.88865e-05 5.30874e-05 -1.00521e-05 1 -0.00011334
1 -8.38906e-05 -0.000144692 0.0146274 8.38943e-05 1 2.54829e-05 0.00255372 0.00014469 -2.5495e-05 1 0.00427367
1 -0.000280848 -7.90255e-05 0.019427 0.000280853 1 6.64057e-05 0.00831639 7.90068e-05 -6.64278e-05 1 0.00603759
1 -0.000202572 -2.03212e-05 0.0257328 0.000202573 1 8.37415e-05 0.00800713 2.03043e-05 -8.37456e-05 1 0.00740882
1 -4.89668e-05 -3.87569e-06 0.0129079 4.89675e-05 1 0.000164863 0.000981356 3.86762e-06 -0.000164863 1 0.00461792
1 8.51978e-05 -3.74956e-05 -0.00230329 -8.51991e-05 1 -3.4307e-05 -0.00113942 3.74927e-05 3.43102e-05 1 0.00466882
1 -2.58459e-05 -2.64732e-05 -0.0140222 2.58455e-05 1 -1.38292e-05 0.00323336 2.64735e-05 1.38286e-05 1 0.00374081
1 -6.2417e-05 -4.68423e-05 -0.0263178 6.24188e-05 1 3.95805e-05 0.000385994 4.68398e-05 -3.95834e-05 1 0.00336689
1 -0.000144445 -0.000116862 -0.0394452 0.000144438 1 -5.54875e-05 -0.000256326 0.00011687 5.54706e-05 1 0.00664877
1 -0.000246421 1.86945e-06 -0.0535915 0.000246421 1 -1.23074e-05 0.00210702 -1.86641e-06 1.23079e-05 1 0.00515163
1 -0.000313378 -1.43167e-05 -0.0776921 0.000313379 1 1.43095e-05 0.00577692 1.43122e-05 -1.4314e-05 1 0.00839977
1 -0.000471754 -5.65523e-05 -0.0935205 0.00047176 1 0.00011157 0.00743355 5.64996e-05 -0.000111596 1 0.00686892
1 -0.000431391 -6.69235e-05 -0.125908 0.000431382 1 -0.00012579 0.00787879 6.69777e-05 0.000125761 1 0.00791094
1 -0.000387554 -2.26228e-05 -0.153849 0.000387553 1 -2.24716e-05 0.00623566 2.26315e-05 2.24629e-05 1 0.00729733
1 -0.000272336 4.73464e-05 -0.177549 0.000272335 1 2.01656e-05 -0.00448112 -4.73519e-05 -2.01527e-05 1 0.00534143
1 -0.000463001 0.000132745 -0.227463 0.000462974 1 0.000203428 -0.00509572 -0.00013284 -0.000203366 1 0.00419374
1 -0.000385977 0.000191149 -0.27516 0.000385915 1 0.000321192 -0.00509324 -0.000191273 -0.000321118 1 0.00786518
1 -0.00034333 0.000163466 -0.315912 0.000343263 1 0.000408576 -0.000107883 -0.000163607 -0.00040852 1 0.0136734
1 -0.000635391 0.000479653 -0.365953 0.000635334 1 0.000117601 0.0106298 -0.000479728 -0.000117296 1 0.0125008
0.999999 -0.000818014 0.000663095 -0.40863 0.000818092 1 -0.000117141 0.0104315 -0.000662999 0.000117683 1 0.0105024
0.999999 -0.000801466 0.000805331 -0.449273 0.000801593 1 -0.000156354 0.00804538 -0.000805206 0.000156999 1 0.0155996
0.999999 -0.000847501 0.000752367 -0.507423 0.000847138 1 0.000483904 0.00241026 -0.000752777 -0.000483267 1 0.0149453
0.999999 -0.000847531 0.000548821 -0.574226 0.00084733 1 0.000365949 0.00936933 -0.000549131 -0.000365484 1 0.0206184
0.999999 -0.000706226 0.000749537 -0.68266 0.000705992 1 0.000313401 0.00578314 -0.000749758 -0.000312871 1 0.0177144
1 -0.000437511 0.000772496 -0.754624 0.000437259 1 0.000325609 0.00755994 -0.000772638 -0.000325271 1 0.0262224
0.999999 -0.000582098 0.000907446 -0.839019 0.00058144 1 0.000725661 0.00356502 -0.000907868 -0.000725133 0.999999 0.0235587
0.999999 -0.000680418 0.000986051 -0.941893 0.000679883 1 0.000543122 0.0112107 -0.00098642 -0.000542452 0.999999 0.0348838
0.999999 -0.000652534 0.0012418 -1.05524 0.000651364 0.999999 0.000942005 0.015093 -0.00124242 -0.000941195 0.999999 0.0291132
0.999999 -0.000627825 0.00143862 -1.16325 0.000626406 0.999999 0.000986788 0.0126936 -0.00143924 -0.000985886 0.999998 0.025021
0.999999 -0.000530221 0.00143769 -1.27356 0.000529041 1 0.000821434 0.0137424 -0.00143813 -0.000820673 0.999999 0.0303294
0.999999 -0.000740006 0.00128841 -1.39962 0.000738542 0.999999 0.00113605 0.0149352 -0.00128925 -0.0011351 0.999999 0.0364168
0.999999 -0.00061418 0.00146367 -1.54221 0.000612 0.999999 0.00148891 0.0160358 -0.00146458 -0.00148801 0.999998 0.0409045
0.999998 -0.000767241 0.00174364 -1.68939 0.000764566 0.999999 0.00153431 0.00764319 -0.00174482 -0.00153298 0.999997 0.04742
0.999998 -0.0005183 0.00198765 -1.85608 0.000514891 0.999998 0.00171496 0.0109135 -0.00198854 -0.00171394 0.999997 0.0450667
0.999998 -0.000620041 0.00212069 -1.9931 0.000614947 0.999997 0.00240208 0.0162118 -0.00212218 -0.00240077 0.999995 0.0453216
0.999997 -0.00063269 0.00249919 -2.14561 0.000626875 0.999997 0.00232697 0.00679862 -0.00250065 -0.00232539 0.999994 0.0483741
0.999996 -0.000388989 0.00279091 -2.33217 0.000379731 0.999994 0.00331706 0.00119821 -0.00279218 -0.00331599 0.999991 0.0494253
0.999997 -0.000519463 0.00251898 -2.50032 0.000511708 0.999995 0.00307809 0.0204184 -0.00252057 -0.00307679 0.999992 0.0590218
0.999995 -0.00032425 0.00320173 -2.71052 0.000312487 0.999993 0.00367398 0.0202102 -0.0032029 -0.00367296 0.999988 0.060633
0.999994 2.05267e-05 0.00348787 -2.88923 -3.52025e-05 0.999991 0.00420767 0.00482419 -0.00348775 -0.00420777 0.999985 0.0760853
0.999994 -0.000352498 0.00345611 -3.10115 0.000338166 0.999991 0.00414651 0.00783311 -0.00345754 -0.00414532 0.999985 0.0811868
0.999994 -0.00013085 0.00335029 -3.3138 0.000117959 0.999993 0.00384766 0.00439009 -0.00335077 -0.00384725 0.999987 0.0807102
0.999991 -0.000265497 0.00426891 -3.54622 0.000250379 0.999994 0.00354158 0.011953 -0.00426982 -0.00354048 0.999985 0.0726299
0.999989 -0.000117735 0.00466136 -3.74974 0.000100296 0.999993 0.00374112 0.0162437 -0.00466177 -0.00374061 0.999982 0.0773331
0.99999 -0.000550409 0.00443572 -4.01541 0.00052916 0.999988 0.00479018 0.013712 -0.00443831 -0.00478778 0.999979 0.0948561
0.999989 -0.000449686 0.0045848 -4.29112 0.000425331 0.999986 0.00531188 0.00384505 -0.00458712 -0.00530987 0.999975 0.108641
0.999988 -0.000524876 0.00487964 -4.51013 0.000494427 0.99998 0.00623913 0.0290851 -0.00488281 -0.00623665 0.999969 0.109264
0.999986 -0.000386158 0.00524163 -4.80887 0.00035102 0.999977 0.00670291 0.0289128 -0.0052441 -0.00670098 0.999964 0.112284
0.999986 -0.000152653 0.00523016 -5.1069 0.000114363 0.999973 0.00732051 0.00934165 -0.00523113 -0.00731981 0.99996 0.11209
0.999987 -0.000280477 0.00506728 -5.4092 0.000239043 0.999967 0.00817551 0.0170493 -0.0050694 -0.0081742 0.999954 0.121321
0.999986 3.3738e-05 0.00537634 -5.71889 -7.83716e-05 0.999966 0.00830187 0.0228027 -0.00537587 -0.00830217 0.999951 0.131132
0.999983 -0.000371359 0.00587642 -6.05765 0.000321954 0.999965 0.008406 0.0477868 -0.00587934 -0.00840396 0.999947 0.131417
0.999982 -0.000468682 0.00604043 -6.38615 0.000413082 0.999958 0.00920272 0.0434304 -0.00604449 -0.00920005 0.999939 0.144222
0.999983 -0.000329304 0.00580168 -6.73633 0.00026184 0.999932 0.0116252 0.032358 -0.00580512 -0.0116235 0.999916 0.147338
0.999982 -0.000199028 0.00600786 -7.10106 0.000126971 0.999928 0.0119917 0.036533 -0.00600981 -0.0119907 0.99991 0.161495
0.999984 0.000396449 0.00568242 -7.50033 -0.000467153 0.999922 0.0124465 0.0441321 -0.00567705 -0.012449 0.999906 0.158716
0.999985 0.000990107 0.00533537 -7.88306 -0.00105691 0.999921 0.0125335 0.0369143 -0.00532254 -0.0125389 0.999907 0.171273
0.999986 0.000546438 0.00529839 -8.3012 -0.000613897 0.999919 0.0127386 0.0554646 -0.005291 -0.0127417 0.999905 0.18093
0.999984 0.000484042 0.00561311 -8.6866 -0.000556615 0.999916 0.0129348 0.0544287 -0.00560638 -0.0129377 0.999901 0.188806
0.999989 0.000734757 0.00459401 -9.09754 -0.000796981 0.999908 0.0135574 0.0511556 -0.00458362 -0.0135609 0.999898 0.204009
0.999989 0.00107887 0.00454705 -9.54231 -0.00114282 0.9999 0.0140844 0.0427449 -0.0045314 -0.0140895 0.99989 0.206912
0.99999 0.000797675 0.00429483 -9.981 -0.000857853 0.999901 0.0140281 0.0400732 -0.00428322 -0.0140317 0.999892 0.212834
0.99999 0.00050758 0.00448892 -10.426 -0.00057313 0.999893 0.0146133 0.0472792 -0.00448102 -0.0146157 0.999883 0.230267
0.99999 0.000389844 0.00445777 -10.8536 -0.000458575 0.999881 0.0154277 0.0600483 -0.00445122 -0.0154296 0.999871 0.238025
0.999989 0.000954273 0.0045241 -11.3283 -0.00102631 0.999872 0.0159478 0.0590833 -0.0045083 -0.0159523 0.999863 0.243863
0.999989 0.000811407 0.00466495 -11.8374 -0.000883523 0.99988 0.0154779 0.0375908 -0.00465183 -0.0154819 0.999869 0.244241
0.999988 0.000978542 0.00482699 -12.3474 -0.00104553 0.999903 0.0138946 0.0353523 -0.00481293 -0.0138995 0.999892 0.264272
0.999986 0.00102823 0.0051517 -12.8624 -0.00110134 0.999898 0.0142096 0.0449213 -0.00513656 -0.014215 0.999886 0.271226
0.999988 0.000910028 0.00490349 -13.3877 -0.000979665 0.999898 0.0142178 0.0590054 -0.00489006 -0.0142225 0.999887 0.282512
0.999986 0.000718272 0.00532382 -13.9426 -0.00079502 0.999896 0.014428 0.0706077 -0.0053129 -0.0144321 0.999882 0.279217
0.999988 0.000203817 0.00489498 -14.4863 -0.000272379 0.999902 0.0140099 0.0662057 -0.00489164 -0.014011 0.99989 0.301727
0.999987 0.00073707 0.00499783 -15.0498 -0.000810264 0.999892 0.0146591 0.0685195 -0.00498649 -0.014663 0.99988 0.303028
0.999986 0.0013291 0.00502944 -15.6223 -0.00139918 0.999902 0.0139556 0.0548124 -0.00501039 -0.0139625 0.99989 0.311768
0.999985 0.00147006 0.00518578 -16.2045 -0.00153249 0.999926 0.0120561 0.0628035 -0.00516767 -0.0120639 0.999914 0.334103
0.999985 0.00153092 0.00531511 -16.8023 -0.00159381 0.999929 0.0118488 0.0670365 -0.0052966 -0.0118571 0.999916 0.347162
0.999984 0.00148966 0.00553156 -17.4023 -0.00155636 0.999926 0.0120719 0.0705558 -0.00551316 -0.0120803 0.999912 0.355232
0.999984 0.0012829 0.00554088 -18.0089 -0.00135312 0.999919 0.0126869 0.069772 -0.00552416 -0.0126942 0.999904 0.367456
0.999986 0.00132886 0.00519847 -18.6134 -0.00139789 0.999911 0.0132984 0.0558717 -0.00518034 -0.0133055 0.999898 0.378297
0.999986 0.00249101 0.00467068 -19.2366 -0.00254527 0.999929 0.0116485 0.0522327 -0.00464133 -0.0116602 0.999921 0.405116
0.999986 0.00253974 0.00454235 -19.9281 -0.00258887 0.999938 0.0108435 0.0721491 -0.00451453 -0.0108551 0.999931 0.418415
0.999988 0.00270508 0.00416188 -20.5724 -0.00275147 0.999934 0.0111797 0.0716571 -0.00413137 -0.011191 0.999929 0.428631
0.999987 0.00290831 0.00416688 -21.2074 -0.00295509 0.999932 0.0112642 0.081569 -0.00413384 -0.0112764 0.999928 0.441363
0.999986 0.00274071 0.00458213 -21.8767 -0.00279048 0.999937 0.0108917 0.0853611 -0.00455199 -0.0109043 0.99993 0.453924
0.999984 0.00343296 0.00455319 -22.5864 -0.00347986 0.999941 0.0103329 0.0831428 -0.00451745 -0.0103485 0.999936 0.474019
0.999983 0.00335291 0.0047197 -23.3048 -0.00340131 0.999941 0.0102829 0.0928968 -0.00468495 -0.0102988 0.999936 0.476536
0.999979 0.00433895 0.00482444 -23.998 -0.00438388 0.999947 0.00934181 0.0661878 -0.00478365 -0.00936276 0.999945 0.476598
0.999979 0.00447508 0.00474422 -24.7137 -0.00451357 0.999957 0.00813307 0.0748678 -0.00470762 -0.00815432 0.999956 0.491073
0.999979 0.00454898 0.00450968 -25.4515 -0.00458817 0.999951 0.00871894 0.0891672 -0.0044698 -0.00873945 0.999952 0.501859
0.999977 0.00490596 0.00466304 -26.1929 -0.00494335 0.999955 0.00804082 0.10026 -0.00462339 -0.00806369 0.999957 0.528497
0.999971 0.00536746 0.00535254 -26.944 -0.00540972 0.999954 0.00791149 0.105081 -0.00530983 -0.00794022 0.999954 0.530914
0.99997 0.00570395 0.00526074 -27.7097 -0.00574108 0.999959 0.00707049 0.105599 -0.0052202 -0.00710048 0.999961 0.550091
0.999969 0.00588037 0.00531621 -28.4709 -0.00591878 0.999956 0.00723751 0.0921642 -0.00527342 -0.00726875 0.99996 0.575745
0.999966 0.00604593 0.00558113 -29.2645 -0.00608671 0.999955 0.00731846 0.10368 -0.00553663 -0.00735218 0.999958 0.597669
0.999962 0.00649925 0.00576008 -30.0539 -0.00652957 0.999965 0.00526028 0.123674 -0.00572569 -0.00529769 0.99997 0.615561
0.999962 0.00597754 0.00641908 -30.8621 -0.00600788 0.999971 0.00471819 0.142588 -0.00639069 -0.00475658 0.999968 0.622038
0.999957 0.0061992 0.00689773 -31.6802 -0.00623231 0.999969 0.00478877 0.155402 -0.00686783 -0.00483155 0.999965 0.632737
0.999954 0.00651399 0.00701326 -32.5042 -0.00654799 0.999967 0.00483641 0.160101 -0.00698152 -0.00488211 0.999964 0.643075
0.999947 0.00769184 0.00690651 -33.3118 -0.0077161 0.999964 0.00349305 0.139509 -0.00687939 -0.00354616 0.99997 0.661885
0.999942 0.00813537 0.0070064 -34.1552 -0.00815904 0.999961 0.00335635 0.138694 -0.00697882 -0.00341333 0.99997 0.673773
0.999946 0.00756664 0.00708203 -35.0334 -0.0075829 0.999969 0.00227094 0.166017 -0.00706462 -0.00232452 0.999972 0.691903
0.999938 0.00846697 0.00722284 -35.9296 -0.00847647 0.999963 0.0012855 0.168581 -0.00721169 -0.00134664 0.999973 0.721112
0.999927 0.00921396 0.00776429 -36.7932 -0.00922942 0.999955 0.00195778 0.180051 -0.0077459 -0.0020293 0.999968 0.734451
0.999927 0.00932055 0.00769448 -37.6396 -0.00933887 0.999954 0.00234907 0.175602 -0.00767223 -0.00242075 0.999968 0.751436
0.999937 0.00881509 0.00696133 -38.4944 -0.00883925 0.999955 0.00344827 0.17939 -0.00693062 -0.00350959 0.99997 0.759918
0.999931 0.00974263 0.0065021 -39.4352 -0.00978025 0.999935 0.00577949 0.210255 -0.00644537 -0.00584269 0.999962 0.767999
0.999929 0.0101668 0.00617702 -40.3732 -0.0102178 0.999913 0.00828937 0.225365 -0.00609221 -0.0083519 0.999947 0.808989
0.999927 0.0106729 0.00560305 -41.2884 -0.0107209 0.999906 0.00860153 0.246433 -0.00551071 -0.00866098 0.999947 0.852824
0.999915 0.0112075 0.00672882 -42.2021 -0.0112608 0.999905 0.00794032 0.257049 -0.00663919 -0.00801541 0.999946 0.869619
0.999902 0.011536 0.00791922 -43.1493 -0.0115998 0.9999 0.00805147 0.262034 -0.00782555 -0.00814254 0.999936 0.892015
0.999895 0.0120266 0.00812917 -44.1199 -0.0120903 0.999896 0.00783501 0.266446 -0.0080341 -0.00793247 0.999936 0.90382
0.999904 0.0122379 0.00655792 -45.0751 -0.0122841 0.9999 0.00705244 0.292028 -0.00647095 -0.00713231 0.999954 0.910936
0.999907 0.0131586 0.00360152 -46.0392 -0.0131805 0.999894 0.00612413 0.284055 -0.00352055 -0.00617103 0.999975 0.933755
0.999919 0.0121103 0.00379549 -47.0001 -0.0121281 0.999915 0.00470569 0.306695 -0.00373819 -0.00475134 0.999982 0.966041
0.999902 0.0127019 0.0058771 -48.0046 -0.0127229 0.999913 0.00355896 0.31461 -0.00583138 -0.00363339 0.999976 0.99535
0.999891 0.0126579 0.00761775 -48.9924 -0.0126913 0.99991 0.00435771 0.337951 -0.00756191 -0.00445391 0.999961 1.01
0.999896 0.0123772 0.00736302 -49.9872 -0.0124111 0.999913 0.0045672 0.34747 -0.00730585 -0.00465811 0.999962 1.03269
0.999913 0.0120769 0.00527102 -50.9721 -0.0120979 0.999919 0.00396809 0.382679 -0.00522267 -0.00403152 0.999978 1.05043
0.999925 0.0121289 0.00170371 -52.0231 -0.012133 0.999924 0.0023982 0.3905 -0.0016745 -0.00241869 0.999996 1.08489
0.999937 0.0111257 0.00158419 -53.0711 -0.0111276 0.999937 0.00115844 0.401359 -0.0015712 -0.00117599 0.999998 1.10001
0.999938 0.0107403 0.00281121 -54.1027 -0.0107433 0.999942 0.0010681 0.416872 -0.00279957 -0.00109824 0.999995 1.11154
0.999938 0.0104457 0.00391928 -55.1293 -0.0104523 0.999944 0.0016721 0.446642 -0.0039016 -0.00171296 0.999991 1.13307
0.999931 0.0107778 0.00464831 -56.1704 -0.0107864 0.99994 0.00184459 0.447296 -0.00462815 -0.00189461 0.999987 1.16436
0.99994 0.00989215 0.0047354 -57.2334 -0.00990167 0.999949 0.00199032 0.467672 -0.00471547 -0.00203709 0.999987 1.19156
0.999952 0.00859706 0.00460065 -58.3017 -0.00861161 0.999958 0.00315196 0.499282 -0.00457336 -0.00319143 0.999984 1.21078
0.999957 0.00834771 0.00396583 -59.3763 -0.00835995 0.99996 0.00307902 0.509524 -0.00393997 -0.00311204 0.999987 1.24568
0.999953 0.00868195 0.00429475 -60.4429 -0.0086938 0.999958 0.0027474 0.496501 -0.00427072 -0.0027846 0.999987 1.2618
0.999947 0.00890659 0.00518625 -61.509 -0.00892089 0.999956 0.00274153 0.508694 -0.00516161 -0.00278765 0.999983 1.28517
0.999945 0.0086817 0.0058185 -62.6042 -0.00869668 0.999959 0.00255556 0.516965 -0.00579607 -0.00260602 0.99998 1.32397
0.999939 0.0088243 0.00661778 -63.7105 -0.00883552 0.99996 0.00166673 0.526458 -0.00660281 -0.0017251 0.999977 1.35581
0.999931 0.00962432 0.00677219 -64.7814 -0.00963345 0.999953 0.00131626 0.508886 -0.00675921 -0.00138141 0.999976 1.37125
0.99993 0.00969435 0.00679419 -65.8842 -0.00969962 0.999953 0.000743709 0.532249 -0.00678666 -0.000809558 0.999977 1.3894
0.999928 0.00962712 0.00718666 -66.9827 -0.00962625 0.999954 -0.000155641 0.540908 -0.00718782 8.64488e-05 0.999974 1.42462
0.999923 0.00952775 0.0080078 -68.0853 -0.00951833 0.999954 -0.00121415 0.553747 -0.008019 0.00113784 0.999967 1.47205
0.999917 0.00963319 0.00852482 -69.1678 -0.00962138 0.999953 -0.00142559 0.549525 -0.00853815 0.00134345 0.999963 1.49718
0.999924 0.00975512 0.00755794 -70.2834 -0.00974452 0.999951 -0.00143717 0.565393 -0.00757159 0.00136341 0.99997 1.52871
0.999937 0.00988445 0.00531056 -71.4003 -0.0098733 0.999949 -0.00212237 0.606945 -0.00533126 0.0020698 0.999984 1.55087
0.999936 0.0100002 0.00523201 -72.521 -0.00998892 0.999948 -0.00218057 0.603998 -0.00525354 0.00212817 0.999984 1.5757
0.999919 0.0102214 0.00762281 -73.6314 -0.0102068 0.999946 -0.00194517 0.602 -0.00764228 0.00186721 0.999969 1.61725
0.9999 0.0101533 0.0098829 -74.7732 -0.0101327 0.999946 -0.00212618 0.612996 -0.00990396 0.00202583 0.999949 1.65356
0.999884 0.0100409 0.0114249 -75.9096 -0.0100108 0.999946 -0.00268441 0.61181 -0.0114513 0.00256973 0.999931 1.69015
0.999879 0.0100742 0.0118478 -77.0316 -0.0100238 0.99994 -0.00430832 0.633485 -0.0118905 0.00418904 0.999921 1.73769
0.999877 0.0101725 0.0119547 -78.1632 -0.01009 0.999925 -0.00693979 0.654836 -0.0120244 0.00681831 0.999904 1.76794
0.999863 0.0105932 0.0127073 -79.3148 -0.0104822 0.999907 -0.00877115 0.651179 -0.0127991 0.00863675 0.999881 1.81023
0.999829 0.0100666 0.0155409 -80.4776 -0.00992244 0.999907 -0.00932565 0.675223 -0.0156333 0.00916984 0.999836 1.84606
0.999818 0.0099558 0.0162441 -81.6263 -0.00981417 0.999913 -0.00877565 0.686595 -0.0163301 0.00861463 0.99983 1.89036
0.999827 0.0105715 0.01533 -82.7953 -0.0104135 0.999892 -0.0103474 0.689976 -0.0154378 0.010186 0.999829 1.9292
0.999826 0.0104541 0.0154727 -83.9676 -0.0102568 0.999866 -0.0127719 0.704895 -0.0156042 0.012611 0.999799 1.95513
0.999818 0.0102356 0.0161272 -85.1361 -0.0100137 0.999855 -0.0137769 0.715397 -0.0162658 0.0136129 0.999775 1.98528
0.999812 0.0103035 0.0164461 -86.328 -0.0100923 0.999866 -0.0128691 0.735018 -0.0165765 0.0127007 0.999782 2.01564
0.999829 0.00986825 0.0156365 -87.5226 -0.00969266 0.99989 -0.0112655 0.769506 -0.0157459 0.011112 0.999814 2.05931
0.999849 0.0103015 0.0140036 -88.7099 -0.0101323 0.999875 -0.0120993 0.777995 -0.0141265 0.0119555 0.999829 2.11315
0.999833 0.0103388 0.0150787 -89.9042 -0.0101432 0.999864 -0.0129922 0.778473 -0.015211 0.0128371 0.999802 2.15284
0.999818 0.00944909 0.0165743 -91.0727 -0.00923425 0.999873 -0.0129916 0.778954 -0.016695 0.0128361 0.999778 2.18757
0.999822 0.00938413 0.016382 -92.2458 -0.00916113 0.999865 -0.0136348 0.793687 -0.0165078 0.0134823 0.999773 2.24104
0.999827 0.0101931 0.0155393 -93.4579 -0.00994578 0.999824 -0.0159113 0.806333 -0.0156988 0.015754 0.999753 2.28672
0.999854 0.0102853 0.0136683 -94.6622 -0.0100373 0.999786 -0.0180916 0.823767 -0.0138515 0.0179517 0.999743 2.31843
0.999875 0.0100157 0.01226 -95.8729 -0.00978553 0.999777 -0.0186909 0.825878 -0.0124445 0.0185686 0.99975 2.34232
0.99993 0.00961352 0.00683421 -97.0713 -0.00948533 0.999783 -0.0185484 0.845808 -0.00701105 0.0184823 0.999805 2.37128
0.999951 0.00945548 0.002917 -98.3048 -0.00940372 0.999807 -0.017276 0.867773 -0.00307979 0.0172477 0.999847 2.38654
0.999956 0.00932847 -9.04156e-05 -99.5261 -0.00932877 0.999841 -0.0151656 0.899652 -5.10703e-05 0.0151658 0.999885 2.42539
0.999957 0.00927346 -0.000698393 -100.75 -0.00928168 0.999874 -0.0128573 0.928072 0.000579073 0.0128632 0.999917 2.46243
0.999951 0.00984333 0.000407094 -101.978 -0.00983873 0.999901 -0.0100773 0.92736 -0.000506248 0.0100728 0.999949 2.48331
0.999951 0.00967229 0.00225529 -103.202 -0.00964645 0.999891 -0.0112021 0.935044 -0.00236339 0.0111798 0.999935 2.52027
0.999943 0.00946247 0.0049599 -104.434 -0.00939914 0.999876 -0.012639 0.953616 -0.00507888 0.0125916 0.999908 2.53713
0.999909 0.0100153 0.00908253 -105.695 -0.00989505 0.999864 -0.0131879 0.961791 -0.00921338 0.0130968 0.999872 2.55721
0.999875 0.00979328 0.0124399 -106.935 -0.00963926 0.999877 -0.0123819 0.978646 -0.0125596 0.0122604 0.999846 2.59391
0.999834 0.00971849 0.0154067 -108.167 -0.00953374 0.999882 -0.0120201 1.00451 -0.0155217 0.0118712 0.999809 2.64107
0.999846 0.00975251 0.0145788 -109.419 -0.00959014 0.999892 -0.011166 1.00899 -0.0146861 0.0110245 0.999831 2.68757
0.99989 0.00939445 0.0114446 -110.685 -0.00928545 0.999911 -0.00954045 1.03715 -0.0115332 0.00943313 0.999889 2.7158
0.999926 0.00978603 0.00725962 -111.957 -0.00973171 0.999925 -0.00748101 1.05429 -0.00733229 0.00740981 0.999946 2.76138
0.999931 0.00983913 0.0064828 -113.208 -0.00979419 0.999928 -0.00692801 1.06318 -0.0065505 0.00686403 0.999955 2.80342
0.999919 0.00984296 0.00803215 -114.466 -0.00978904 0.999929 -0.00672526 1.06777 -0.00809778 0.00664609 0.999945 2.83391
0.999905 0.00999713 0.00944653 -115.721 -0.00993529 0.999929 -0.00657059 1.08483 -0.00951154 0.00647611 0.999934 2.86718
0.999905 0.00978079 0.00975839 -116.99 -0.00971896 0.999933 -0.00636381 1.09656 -0.00981997 0.00626836 0.999932 2.89342
0.999911 0.00961211 0.00920808 -118.251 -0.00955191 0.999933 -0.00655921 1.11207 -0.00927051 0.00647068 0.999936 2.9291
0.999925 0.00931812 0.00800177 -119.524 -0.00926597 0.999936 -0.00652975 1.13083 -0.0080621 0.00645511 0.999947 2.94903
0.999937 0.00937309 0.00618204 -120.804 -0.00933343 0.999936 -0.00641223 1.14864 -0.00624175 0.00635413 0.99996 2.98889
0.999951 0.00941005 0.00310605 -122.07 -0.00939361 0.999942 -0.00526708 1.15043 -0.00315544 0.00523764 0.999981 3.02801
0.999955 0.00928209 0.00172706 -123.331 -0.00927381 0.999946 -0.004738 1.17566 -0.00177095 0.00472178 0.999987 3.05809
0.999954 0.00924023 0.00272598 -124.597 -0.00922982 0.99995 -0.00380737 1.19517 -0.00276103 0.00378203 0.999989 3.08366
0.999949 0.00925736 0.00397814 -125.847 -0.00924621 0.999953 -0.00281423 1.19766 -0.004004 0.0027773 0.999988 3.12588
0.999941 0.00926637 0.00564608 -127.099 -0.00925553 0.999955 -0.00194403 1.20656 -0.00566384 0.00189166 0.999982 3.14979
0.999941 0.00903483 0.00599511 -128.344 -0.00902632 0.999958 -0.00144448 1.24744 -0.00600791 0.00139028 0.999981 3.18532
0.999942 0.00965974 0.00482749 -129.613 -0.00965553 0.999953 -0.000894725 1.25679 -0.00483591 0.000848061 0.999988 3.22599
0.999942 0.00985346 0.00430779 -130.9 -0.00984884 0.999951 -0.00109223 1.26317 -0.00431834 0.00104974 0.99999 3.25229
0.999947 0.00971716 0.0034884 -132.155 -0.00971446 0.999953 -0.000788515 1.26893 -0.0034959 0.000754585 0.999994 3.28107
0.999942 0.0100939 0.00382171 -133.405 -0.0100936 0.999949 -0.000105563 1.28805 -0.00382258 6.6982e-05 0.999993 3.30874
0.999933 0.0102018 0.00540992 -134.649 -0.0102005 0.999948 -0.000271321 1.29457 -0.00541241 0.000216119 0.999985 3.34561
0.999917 0.00991354 0.00817541 -135.905 -0.00990598 0.99995 -0.000964386 1.31681 -0.00818456 0.000883321 0.999966 3.39639
0.9999 0.0100299 0.00999134 -137.149 -0.0100201 0.999949 -0.00103148 1.3327 -0.0100012 0.000931259 0.99995 3.43486
0.999893 0.0103125 0.0103848 -138.4 -0.0102903 0.999945 -0.00218636 1.35139 -0.0104068 0.00207926 0.999944 3.45947
0.9999 0.0104844 0.00952836 -139.662 -0.010451 0.999939 -0.0035488 1.35397 -0.00956499 0.00344886 0.999948 3.49326
0.999911 0.0108743 0.00772788 -140.932 -0.0108468 0.999935 -0.00358428 1.36259 -0.00776635 0.00350014 0.999964 3.52393
0.999909 0.0113453 0.00723205 -142.193 -0.0113274 0.999933 -0.00250048 1.38758 -0.00725993 0.00241833 0.999971 3.56393
0.999904 0.0115696 0.00766827 -143.437 -0.0115617 0.999933 -0.00107304 1.39199 -0.00768017 0.000984276 0.99997 3.60656
0.999899 0.0115467 0.00823245 -144.683 -0.011544 0.999933 -0.000372401 1.40617 -0.0082362 0.000277328 0.999966 3.64997
0.999886 0.0115774 0.00967788 -145.894 -0.0115615 0.999932 -0.00169632 1.41404 -0.00969686 0.00158424 0.999952 3.68808
0.99988 0.011471 0.0104421 -147.156 -0.011428 0.999926 -0.0041723 1.44193 -0.0104892 0.00405247 0.999937 3.71802
0.999874 0.0123358 0.0100314 -148.421 -0.012306 0.99992 -0.00302263 1.45296 -0.0100679 0.0028988 0.999945 3.73983
0.999896 0.012012 0.00792961 -149.671 -0.0120046 0.999927 -0.000983284 1.47554 -0.00794085 0.000887991 0.999968 3.78586
0.999898 0.0121981 0.00737355 -150.916 -0.0121993 0.999926 0.000123073 1.4927 -0.0073715 -0.000213013 0.999973 3.83968
0.999882 0.0123102 0.00919038 -152.154 -0.0123151 0.999924 0.000472459 1.48879 -0.00918387 -0.000585584 0.999958 3.85853
0.999877 0.011961 0.0101684 -153.431 -0.0119693 0.999928 0.000760325 1.52412 -0.0101585 -0.00088194 0.999948 3.89717
0.999879 0.0123738 0.00939486 -154.657 -0.012381 0.999923 0.000706178 1.54333 -0.0093854 -0.000822411 0.999956 3.94208
0.999887 0.0126727 0.00809339 -155.924 -0.0126862 0.999918 0.00161456 1.5528 -0.00807226 -0.00171706 0.999966 3.97035
0.999888 0.0131045 0.00724297 -157.169 -0.0131225 0.999911 0.00244375 1.55292 -0.0072103 -0.00253852 0.999971 4.01193
0.999874 0.0135781 0.00820264 -158.405 -0.0136046 0.999902 0.00318565 1.56684 -0.00815858 -0.00329685 0.999961 4.04448
0.999858 0.0141927 0.00911672 -159.655 -0.014227 0.999892 0.00371095 1.56502 -0.00906307 -0.00384013 0.999952 4.08002
0.999847 0.0139108 0.0105823 -160.936 -0.0139397 0.999899 0.00266097 1.59813 -0.0105442 -0.00280807 0.99994 4.11223
0.999827 0.0141732 0.0120402 -162.197 -0.0141872 0.999899 0.00108113 1.61813 -0.0120236 -0.00125176 0.999927 4.14344
0.999819 0.0144663 0.012331 -163.438 -0.0144868 0.999894 0.00157583 1.63391 -0.0123069 -0.00175418 0.999923 4.19489
0.999831 0.0138401 0.0121272 -164.688 -0.0138763 0.9999 0.00290456 1.66099 -0.0120858 -0.00307235 0.999922 4.244
0.999813 0.0142964 0.0130073 -165.951 -0.0143396 0.999892 0.00323435 1.65958 -0.0129596 -0.00342026 0.99991 4.28132
0.999812 0.0140328 0.0133792 -167.189 -0.0140673 0.999898 0.00248636 1.69337 -0.0133429 -0.0026741 0.999907 4.33103
0.999798 0.0147823 0.0136442 -168.435 -0.0148204 0.999887 0.00269747 1.72429 -0.0136028 -0.00289914 0.999903 4.36459
0.999799 0.015347 0.0129216 -169.735 -0.0153934 0.999875 0.00349987 1.71937 -0.0128663 -0.00369808 0.99991 4.39778
0.999798 0.0161779 0.0119565 -170.983 -0.0162285 0.99986 0.00414978 1.73972 -0.0118876 -0.00434297 0.99992 4.44157
0.999814 0.0152689 0.0117728 -172.239 -0.0153292 0.99987 0.0050527 1.78167 -0.0116941 -0.00523223 0.999918 4.49472
0.999812 0.0149224 0.0123484 -173.492 -0.0149826 0.999876 0.00479609 1.81298 -0.0122753 -0.0049802 0.999912 4.52516
0.99981 0.015345 0.0120248 -174.745 -0.0153976 0.999872 0.00428883 1.83288 -0.0119575 -0.00447317 0.999919 4.55523
0.999803 0.0159471 0.0117779 -175.985 -0.0160101 0.999858 0.0052697 1.84615 -0.0116922 -0.00545723 0.999917 4.58613
0.999806 0.0162651 0.0111241 -177.261 -0.0163182 0.999856 0.00470684 1.86397 -0.0110459 -0.00488745 0.999927 4.64491
0.999782 0.0171088 0.011976 -178.539 -0.0171741 0.999838 0.00537362 1.87557 -0.0118821 -0.00557812 0.999914 4.67826
0.99976 0.0174975 0.0131591 -179.808 -0.0175661 0.999833 0.0051227 1.89229 -0.0130673 -0.00535262 0.9999 4.71721
0.999748 0.0173743 0.0141968 -181.075 -0.0174604 0.99983 0.00596402 1.92677 -0.0140907 -0.0062104 0.999881 4.76805
0.999735 0.0172764 0.0152337 -182.355 -0.0173734 0.99983 0.00625196 1.94961 -0.0151231 -0.00651496 0.999864 4.8091
0.999743 0.0173109 0.0146584 -183.604 -0.0174081 0.999827 0.00653374 1.96902 -0.0145428 -0.00678724 0.999871 4.83847
0.999754 0.0172033 0.013997 -184.886 -0.017297 0.999829 0.00660078 1.99482 -0.013881 -0.00684126 0.99988 4.87984
0.999747 0.0176796 0.0139103 -186.146 -0.0177689 0.999822 0.00632207 2.01516 -0.013796 -0.00656764 0.999883 4.93138
0.999748 0.0176379 0.0138972 -187.413 -0.0177078 0.999831 0.00492292 2.03288 -0.0138081 -0.00516777 0.999891 4.97434
0.999728 0.0183896 0.0143706 -188.693 -0.0184582 0.999819 0.00465629 2.04235 -0.0142824 -0.00492028 0.999886 5.00227
0.999715 0.0187088 0.0148461 -190.012 -0.0187916 0.999809 0.00545906 2.06582 -0.0147411 -0.00573648 0.999875 5.03372
0.999723 0.0184529 0.0146164 -191.319 -0.0185427 0.99981 0.0060282 2.10082 -0.0145023 -0.00629755 0.999875 5.08642
0.999727 0.0185028 0.0142694 -192.615 -0.0186067 0.999801 0.00718423 2.12064 -0.0141337 -0.00744777 0.999872 5.12478
0.999741 0.0187725 0.0128815 -193.903 -0.0188702 0.999794 0.00750445 2.13339 -0.012738 -0.00774559 0.999889 5.17207
0.999729 0.0192276 0.013128 -195.219 -0.0193226 0.999788 0.00715437 2.15177 -0.0129877 -0.0074061 0.999888 5.21645
0.999712 0.0193956 0.0141317 -196.504 -0.0194864 0.99979 0.00631571 2.18902 -0.0140062 -0.00658927 0.99988 5.26421
0.999703 0.0185255 0.0158529 -197.819 -0.018634 0.999804 0.00672267 2.22345 -0.0157252 -0.00701607 0.999852 5.30367
0.999682 0.0185691 0.0170532 -199.143 -0.0186901 0.999801 0.00696341 2.24568 -0.0169205 -0.00727992 0.99983 5.33312
0.999678 0.0186888 0.0171376 -200.476 -0.0188088 0.9998 0.00686933 2.2704 -0.0170058 -0.00718946 0.99983 5.38487
0.99969 0.0186327 0.0165399 -201.806 -0.0187162 0.999813 0.00490813 2.29822 -0.0164454 -0.00521617 0.999851 5.43938
0.999704 0.0184573 0.0158583 -203.121 -0.0185193 0.999821 0.00377235 2.32608 -0.0157859 -0.00406492 0.999867 5.48682
0.999696 0.0187671 0.0160088 -204.452 -0.0188243 0.999817 0.00343255 2.33316 -0.0159414 -0.00373286 0.999866 5.53722
0.999689 0.0183989 0.0168179 -205.795 -0.0184552 0.999825 0.00320019 2.38474 -0.016756 -0.00350957 0.999853 5.59144
0.999679 0.0180472 0.0177669 -207.107 -0.0181164 0.999829 0.00374407 2.41957 -0.0176963 -0.00406474 0.999835 5.63639
0.99967 0.0184545 0.0178674 -208.421 -0.0185257 0.999821 0.00382416 2.44799 -0.0177936 -0.0041539 0.999833 5.69412
0.999654 0.0189495 0.0182275 -209.753 -0.0190309 0.99981 0.00430335 2.4618 -0.0181425 -0.00464874 0.999825 5.74779
0.999638 0.0191931 0.0188309 -211.124 -0.0192705 0.999807 0.00393382 2.47945 -0.0187518 -0.00429528 0.999815 5.78616
0.999635 0.0190861 0.0190962 -212.467 -0.0191611 0.999809 0.00374784 2.51052 -0.019021 -0.00411238 0.999811 5.83835
0.999632 0.019346 0.0190256 -213.771 -0.0193875 0.99981 0.00199954 2.54874 -0.0189834 -0.00236766 0.999817 5.89743
0.999638 0.0190757 0.0189676 -215.127 -0.0191116 0.999816 0.00171736 2.58086 -0.0189313 -0.00207924 0.999819 5.94949
0.999624 0.0196691 0.0191042 -216.476 -0.0197128 0.999803 0.00210497 2.59482 -0.019059 -0.00248078 0.999815 6.00218
0.999616 0.0194925 0.0197059 -217.828 -0.0195324 0.999808 0.00183417 2.63069 -0.0196664 -0.00221837 0.999804 6.0568
0.999598 0.0193776 0.0206915 -219.199 -0.0194308 0.999808 0.00237319 2.66192 -0.0206416 -0.00277429 0.999783 6.10928
0.999569 0.019801 0.0216948 -220.57 -0.0198735 0.999798 0.00313557 2.67761 -0.0216283 -0.00356537 0.99976 6.15367
0.999546 0.0206853 0.0219128 -221.954 -0.0207755 0.999777 0.00389954 2.70826 -0.0218273 -0.00435302 0.999752 6.20492
0.999564 0.0205283 0.021206 -223.318 -0.0206091 0.999781 0.00359449 2.74329 -0.0211276 -0.00402996 0.999769 6.27303
0.999613 0.01933 0.0199916 -224.69 -0.019406 0.999805 0.00361283 2.7875 -0.0199179 -0.00399939 0.999794 6.32149
0.999623 0.0200699 0.0187203 -226.05 -0.0201497 0.999789 0.00408306 2.81363 -0.0186344 -0.00445873 0.999816 6.37494
0.999636 0.0198053 0.0183267 -227.436 -0.0198779 0.999795 0.00378974 2.84797 -0.0182479 -0.00415266 0.999825 6.43966
0.999607 0.0195165 0.0201018 -228.816 -0.0195812 0.999804 0.00302733 2.87208 -0.0200388 -0.00341976 0.999793 6.50296
0.999534 0.0202854 0.0227945 -230.217 -0.0203248 0.999792 0.00149556 2.89513 -0.0227594 -0.00195816 0.999739 6.55264
0.999499 0.0208258 0.0238335 -231.595 -0.0208507 0.999782 0.000798552 2.90099 -0.0238117 -0.0012951 0.999716 6.60207
0.999489 0.0213479 0.0237754 -232.986 -0.021368 0.999772 0.000592617 2.9031 -0.0237573 -0.00110035 0.999717 6.6553
0.999508 0.0208859 0.023381 -234.385 -0.0208962 0.999782 0.000195819 2.96206 -0.0233718 -0.000684296 0.999727 6.71487
0.999516 0.0209728 0.0229803 -235.789 -0.0209673 0.99978 -0.000478799 3.00796 -0.0229853 -3.26784e-06 0.999736 6.78793
0.999508 0.02056 0.0236772 -237.168 -0.0205758 0.999788 0.000424204 3.03808 -0.0236635 -0.000911173 0.99972 6.8471
0.9995 0.0205081 0.024083 -238.566 -0.0205402 0.999788 0.00108787 3.07112 -0.0240556 -0.001582 0.999709 6.91802
0.999506 0.0207943 0.0235824 -239.964 -0.0208271 0.999782 0.00114708 3.10212 -0.0235534 -0.00163767 0.999721 6.97405
0.999521 0.0209101 0.0228193 -241.374 -0.0209813 0.999776 0.00288945 3.11971 -0.0227537 -0.00336685 0.999735 7.01766
0.999531 0.021041 0.0222606 -242.802 -0.021113 0.999773 0.00300682 3.1534 -0.0221922 -0.0034754 0.999748 7.07862
0.999516 0.0213131 0.0226651 -244.215 -0.0213676 0.999769 0.00216769 3.19043 -0.0226137 -0.00265094 0.999741 7.12971
0.999514 0.0210149 0.0230401 -245.655 -0.0210627 0.999776 0.00183218 3.21918 -0.0229964 -0.00231658 0.999733 7.19526
0.999495 0.0214531 0.0234505 -247.048 -0.0214923 0.999768 0.00142218 3.23583 -0.0234145 -0.00192547 0.999724 7.2605
0.999504 0.0214638 0.0230499 -248.409 -0.0214973 0.999768 0.0012054 3.27042 -0.0230186 -0.00170031 0.999734 7.32679
0.999527 0.0213036 0.0221889 -249.825 -0.0213184 0.999773 0.000429719 3.32771 -0.0221747 -0.000902548 0.999754 7.38405
0.999519 0.0218796 0.0219674 -251.23 -0.0219132 0.999759 0.00129133 3.34653 -0.0219339 -0.00177208 0.999758 7.44251
0.999502 0.022806 0.0217986 -252.644 -0.0228515 0.999737 0.0018407 3.36401 -0.0217509 -0.00233791 0.999761 7.5086
0.999474 0.023168 0.0227125 -254.062 -0.0232199 0.999728 0.00202551 3.37696 -0.0226594 -0.00255182 0.99974 7.5734
