1 0 0 0 0 1 0 0 0 0 1 0
1 2.94143e-05 -1.94252e-06 -0.00190921 -2.94144e-05 1 -1.24435e-05 -0.00099458 1.94216e-06 1.24436e-05 1 7.82889e-05
1 6.13832e-05 1.86957e-05 -0.00231179 -6.13824e-05 1 -4.18741e-05 0.000415223 -1.86983e-05 4.18729e-05 1 0.000262518
1 1.97156e-05 2.7152e-05 -0.00175894 -1.97154e-05 1 -6.71316e-06 -0.00310479 -2.71522e-05 6.71263e-06 1 0.000321636
1 -1.71685e-05 3.39498e-05 -0.00308156 1.71684e-05 1 4.2226e-06 -0.00294283 -3.39499e-05 -4.22202e-06 1 0.00082497
1 -8.64361e-06 1.80533e-05 -0.00137401 8.64374e-06 1 -7.3197e-06 -0.000486054 -1.80533e-05 7.31985e-06 1 -0.000548459
1 5.7839e-05 -7.60964e-06 0.000190224 -5.7839e-05 1 -7.00511e-07 -0.0028767 7.6096e-06 7.00951e-07 1 0.00128748
1 4.42936e-05 -8.73674e-06 -0.00330608 -4.42935e-05 1 4.97471e-06 -0.005386 8.73696e-06 -4.97432e-06 1 0.00138534
1 5.41849e-05 3.20979e-05 -0.0077301 -5.41851e-05 1 6.11391e-06 -0.000863926 -3.20976e-05 -6.11565e-06 1 0.00133838
1 5.57928e-05 -3.49891e-05 -0.0030687 -5.57932e-05 1 -9.90895e-06 0.00258445 3.49886e-05 9.91091e-06 1 0.000976869
1 5.66358e-05 -3.80557e-05 0.000181664 -5.66364e-05 1 -1.64492e-05 -0.00228533 3.80547e-05 1.64514e-05 1 0.00144526
1 6.60259e-05 1.89322e-05 -0.00306155 -6.60263e-05 1 2.07844e-05 -0.00256643 -1.89308e-05 -2.07856e-05 1 0.00170749
1 -3.28819e-05 1.81962e-05 -0.00281292 3.28818e-05 1 3.87751e-06 0.000190785 -1.81964e-05 -3.87692e-06 1 0.000721895
1 3.05675e-05 3.30312e-05 -0.00191279 -3.05675e-05 1 -4.80691e-07 0.000638819 -3.30312e-05 4.79682e-07 1 -2.65007e-05
1 3.86604e-05 2.64271e-05 -0.00409948 -3.86605e-05 1 4.12813e-06 -0.00451376 -2.64269e-05 -4.12916e-06 1 0.000554757
1 7.68454e-05 2.94423e-06 -0.00404521 -7.68454e-05 1 1.10227e-05 -0.00200982 -2.94338e-06 -1.1023e-05 1 0.000680363
1 6.20436e-05 1.02482e-05 -0.00340054 -6.20436e-05 1 -3.10887e-06 -0.00243518 -1.02484e-05 3.10823e-06 1 0.0013032
1 2.83908e-05 6.07385e-06 -0.00310581 -2.83909e-05 1 1.31643e-05 -1.31921e-05 -6.07347e-06 -1.31645e-05 1 0.0011426
1 3.62742e-05 -2.5046e-05 0.00100138 -3.62737e-05 1 1.83535e-05 -0.00191821 2.50466e-05 -1.83526e-05 1 0.000838627
1 5.51787e-05 -1.94331e-05 -0.00462475 -5.51785e-05 1 1.0561e-05 -0.00693062 1.94337e-05 -1.056e-05 1 0.00165668
1 5.74896e-05 -2.21605e-05 -0.000166315 -5.74892e-05 1 1.78885e-05 -0.00801768 2.21615e-05 -1.78872e-05 1 0.00149133
1 -3.58115e-05 5.4343e-05 -0.00463634 3.58119e-05 1 -8.39977e-06 -0.000213431 -5.43427e-05 8.40171e-06 1 -0.000499229
1 6.86409e-05 1.11727e-06 -0.00271191 -6.86409e-05 1 1.56615e-06 -0.00357091 -1.11716e-06 -1.56623e-06 1 0.000356959
1 3.47331e-05 -5.13815e-06 -0.0020043 -3.4733e-05 1 2.08544e-05 -0.00521021 5.13887e-06 -2.08542e-05 1 0.00109956
1 7.12239e-06 -8.27044e-06 -0.00194762 -7.12235e-06 1 4.12572e-06 -0.00351896 8.27047e-06 -4.12566e-06 1 0.000739856
1 -5.89677e-06 1.21236e-05 -0.00337292 5.89693e-06 1 -1.34006e-05 0.004198 -1.21235e-05 1.34007e-05 1 0.000788225
1 -7.51643e-06 1.40923e-05 -0.00357196 7.51649e-06 1 -4.63648e-06 0.00265202 -1.40922e-05 4.63659e-06 1 0.000585804
1 4.76535e-05 2.63107e-05 -0.00491402 -4.76536e-05 1 5.38826e-06 -0.00440651 -2.63104e-05 -5.38952e-06 1 0.000793314
1 5.83562e-05 3.37377e-05 -0.0019876 -5.83561e-05 1 -2.17468e-06 -0.00429785 -3.37378e-05 2.17271e-06 1 -0.000420006
1 3.50727e-05 1.31165e-05 -0.00101562 -3.50726e-05 1 -7.64666e-06 -0.00221937 -1.31168e-05 7.6462e-06 1 5.74432e-05
1 3.35839e-05 1.52828e-05 -0.0050009 -3.35842e-05 1 1.45408e-05 -0.0016643 -1.52823e-05 -1.45413e-05 1 0.000506734
1 7.73305e-05 2.65836e-06 -0.00522688 -7.73306e-05 1 7.10474e-06 -0.00188671 -2.65781e-06 -7.10495e-06 1 0.0011456
1 4.06313e-05 1.34375e-05 -0.00247868 -4.06313e-05 1 -9.00613e-07 0.00106445 -1.34375e-05 9.00067e-07 1 0.000934441
1 6.55245e-05 2.05262e-05 -0.00398317 -6.55248e-05 1 1.30628e-05 -0.00864797 -2.05253e-05 -1.30641e-05 1 0.000247446
1 5.2895e-05 2.00825e-05 -0.00212984 -5.28951e-05 1 5.50599e-06 -0.00287818 -2.00822e-05 -5.50705e-06 1 0.000633674
1 9.44112e-06 1.67824e-05 -0.00210989 -9.44104e-06 1 -4.69471e-06 0.00107705 -1.67824e-05 4.69455e-06 1 0.000501354
1 1.50874e-05 -7.08822e-06 -3.89282e-05 -1.50874e-05 1 -8.28174e-06 0.000163226 7.08809e-06 8.28185e-06 1 5.86616e-05
1 4.42431e-05 1.48642e-05 -0.00200355 -4.42431e-05 1 -3.38831e-07 -0.00343267 -1.48642e-05 3.38173e-07 1 -0.000360273
1 8.12983e-05 3.83197e-06 -0.00143046 -8.12983e-05 1 1.64343e-05 -0.00442202 -3.83064e-06 -1.64346e-05 1 0.000442674
1 7.40912e-05 4.55422e-06 -0.00203204 -7.40913e-05 1 1.08392e-05 -0.00270452 -4.55342e-06 -1.08395e-05 1 0.000754049
1 2.3667e-05 4.17463e-05 -0.00209667 -2.36669e-05 1 -4.18302e-06 -0.00142118 -4.17464e-05 4.18203e-06 1 -0.000903291
1 2.08249e-05 2.54772e-05 -0.00116875 -2.08244e-05 1 -1.83696e-05 0.000358924 -2.54776e-05 1.83691e-05 1 1.58788e-05
1 -1.21651e-05 -1.43351e-06 0.000769735 1.21651e-05 1 -4.04879e-08 0.000875078 1.43351e-06 4.04705e-08 1 0.000849393
1 2.82583e-05 -2.02693e-05 0.00788495 -2.82585e-05 1 -9.64796e-06 -0.003195 2.0269e-05 9.64853e-06 1 2.79037e-06
1 2.19855e-05 -0.000130379 0.0232531 -2.19867e-05 1 -8.96827e-06 -0.00628382 0.000130379 8.97113e-06 1 0.00277303
1 -8.89246e-05 -0.000137568 0.0299715 8.89262e-05 1 1.15708e-05 -0.00641294 0.000137567 -1.15831e-05 1 0.0036142
1 -0.000130949 -6.84673e-05 0.0207205 0.000130951 1 3.06269e-05 -0.00416333 6.84633e-05 -3.06359e-05 1 0.00174376
1 -7.59614e-05 -1.96555e-05 0.00633161 7.59618e-05 1 2.04752e-05 -0.00503779 1.96539e-05 -2.04767e-05 1 0.00109706
1 -1.25202e-06 2.60908e-05 -0.0123392 1.25113e-06 1 3.39752e-05 -0.00931902 -2.60908e-05 -3.39751e-05 1 0.00136767
1 8.57458e-05 3.88779e-05 -0.0227123 -8.57473e-05 1 3.84445e-05 -0.0192959 -3.88746e-05 -3.84479e-05 1 0.00229117
1 9.12937e-05 6.47214e-05 -0.035705 -9.12965e-05 1 4.43092e-05 -0.0205679 -6.47174e-05 -4.43151e-05 1 0.00171004
1 -1.60394e-05 1.01026e-05 -0.0407394 1.60389e-05 1 5.0308e-05 -0.0193599 -1.01034e-05 -5.03078e-05 1 0.00326745
1 -0.000107289 -3.0528e-05 -0.0580161 0.000107289 1 1.6801e-05 -0.0121884 3.05262e-05 -1.68043e-05 1 0.00440743
1 -0.00014965 5.2366e-05 -0.0849132 0.000149649 1 1.99583e-05 -0.00378747 -5.2369e-05 -1.99505e-05 1 0.00323912
1 7.02653e-05 0.000151394 -0.121597 -7.02762e-05 1 7.18238e-05 -0.00289215 -0.000151389 -7.18345e-05 1 0.00330288
1 0.000212134 0.000279511 -0.193101 -0.000212176 1 0.000149672 -0.00464283 -0.000279479 -0.000149731 1 0.0056041
1 0.000548816 0.000434544 -0.254732 -0.000548892 1 0.00017589 -0.00665634 -0.000434447 -0.000176128 1 0.00358433
0.999999 0.000859681 0.000549028 -0.321149 -0.000859731 1 9.0489e-05 -0.0106451 -0.00054895 -9.0961e-05 1 0.00525615
1 -0.000406305 0.000551351 -0.407023 0.000406241 1 0.000116386 -0.00102409 -0.000551398 -0.000116162 1 0.00624504
0.999999 -0.000805222 0.000639251 -0.468863 0.000805141 1 0.00012794 0.0039139 -0.000639354 -0.000127425 1 0.00824018
0.999999 -0.000645267 0.000934035 -0.557746 0.000645069 1 0.000211689 0.00302299 -0.000934172 -0.000211086 1 0.00953749
0.999999 -0.000539428 0.00120835 -0.670932 0.000539074 1 0.00029338 0.0136103 -0.00120851 -0.000292729 0.999999 0.0104376
0.999999 -0.000333813 0.00140434 -0.782721 0.000333328 1 0.000345626 0.0167609 -0.00140446 -0.000345157 0.999999 0.0120474
0.999998 -0.000809246 0.00161827 -0.893971 0.000808577 1 0.000414529 0.00741192 -0.0016186 -0.00041322 0.999999 0.0120307
0.999998 -0.00110907 0.00178323 -1.02877 0.00110837 0.999999 0.00039045 0.00450753 -0.00178366 -0.000388472 0.999998 0.0152696
0.999998 -0.000893869 0.00200989 -1.15869 0.000893001 1 0.000432712 0.00116982 -0.00201028 -0.000430916 0.999998 0.0172364
0.999997 -0.000767892 0.00213633 -1.29019 0.000766695 1 0.000561103 0.00544896 -0.00213676 -0.000559464 0.999998 0.0225872
0.999997 -0.000402073 0.00256273 -1.45911 0.000400442 1 0.000637275 -0.0118927 -0.00256298 -0.000636247 0.999997 0.0234759
0.999996 0.000255858 0.00271625 -1.64252 -0.000257369 1 0.000556121 -0.0157381 -0.00271611 -0.000556818 0.999996 0.029044
0.999996 0.000974835 0.00277243 -1.84158 -0.000976197 0.999999 0.000490178 0.00220619 -0.00277196 -0.000492882 0.999996 0.0323883
0.999994 0.00175164 0.00290827 -2.04308 -0.00175365 0.999998 0.0006876 0.0182899 -0.00290706 -0.000692696 0.999996 0.0348848
0.999994 0.00228016 0.00277169 -2.2676 -0.00228293 0.999997 0.00099471 0.0189048 -0.00276942 -0.00100103 0.999996 0.0444914
0.999991 0.00340627 0.00268445 -2.46472 -0.00340915 0.999994 0.00106728 0.0190931 -0.0026808 -0.00107643 0.999996 0.0501141
0.999984 0.00487724 0.00294206 -2.69418 -0.00488063 0.999987 0.00114456 0.0300942 -0.00293644 -0.0011589 0.999995 0.0536023
0.999973 0.0065082 0.00329714 -2.92678 -0.00651297 0.999978 0.00144038 0.037256 -0.0032877 -0.00146182 0.999994 0.0580356
0.999962 0.00796521 0.00341667 -3.15188 -0.00797158 0.999967 0.00185651 0.0360814 -0.00340177 -0.00188367 0.999992 0.068977
0.999951 0.00906071 0.00393281 -3.42519 -0.0090691 0.999957 0.00212038 0.0458707 -0.00391342 -0.00215595 0.99999 0.0808953
0.999932 0.0105409 0.00508115 -3.70076 -0.0105535 0.999941 0.00245128 0.0511005 -0.00505501 -0.00250473 0.999984 0.0874172
0.999912 0.0121542 0.00534596 -3.96448 -0.0121683 0.999923 0.00260551 0.0469049 -0.00531388 -0.00267033 0.999982 0.0970048
0.999884 0.0140297 0.00597323 -4.24731 -0.0140438 0.999899 0.00232838 0.047034 -0.00593996 -0.002412 0.999979 0.107594
0.999847 0.0160568 0.00693382 -4.55467 -0.0160693 0.999869 0.00174618 0.0540482 -0.00690488 -0.00185734 0.999974 0.105448
0.999824 0.0170191 0.00791954 -4.89619 -0.0170307 0.999854 0.00139428 0.0501965 -0.00789466 -0.00152891 0.999968 0.103275
0.999783 0.0188963 0.00879649 -5.20663 -0.0189121 0.99982 0.00172195 0.0533564 -0.00876237 -0.00188793 0.99996 0.111952
0.999739 0.0207243 0.00966373 -5.52407 -0.0207492 0.999782 0.0024878 0.0816147 -0.00961006 -0.00268766 0.99995 0.126912
0.999697 0.0220566 0.0109513 -5.86504 -0.0220908 0.999751 0.00300843 0.119548 -0.0108822 -0.00324944 0.999936 0.135496
0.999658 0.0236218 0.0111859 -6.19432 -0.0236566 0.999716 0.00298561 0.13085 -0.0111122 -0.00324921 0.999933 0.143697
0.999601 0.0261694 0.0106672 -6.53659 -0.0262001 0.999653 0.00274445 0.122174 -0.0105917 -0.00302284 0.999939 0.154049
0.999541 0.028532 0.0101862 -6.91161 -0.0285587 0.999589 0.00249427 0.110408 -0.0101108 -0.00278403 0.999945 0.16486
0.999498 0.0299974 0.010189 -7.30339 -0.0300188 0.999547 0.00195468 0.136304 -0.0101257 -0.00225956 0.999946 0.171003
0.999441 0.0318396 0.0102368 -7.6693 -0.031856 0.999491 0.00145198 0.146483 -0.0101853 -0.00177727 0.999947 0.180657
0.999373 0.0339027 0.0102173 -8.06369 -0.0339163 0.999424 0.00116268 0.144373 -0.010172 -0.00150849 0.999947 0.183889
0.999317 0.0355748 0.00999908 -8.45714 -0.0355884 0.999366 0.00118398 0.17938 -0.00995062 -0.00153902 0.999949 0.185863
0.999246 0.0375521 0.00988404 -8.8487 -0.0375709 0.999292 0.00172995 0.209476 -0.00981209 -0.0021 0.99995 0.20039
0.99919 0.0389708 0.0100661 -9.27801 -0.0389919 0.999238 0.0019079 0.253377 -0.00998405 -0.00229885 0.999948 0.218127
0.999098 0.0412167 0.0102123 -9.69315 -0.0412368 0.999148 0.00176696 0.266206 -0.0101307 -0.00218648 0.999946 0.226603
0.999013 0.043127 0.0106175 -10.1056 -0.0431456 0.999068 0.00153539 0.272355 -0.0105414 -0.00199197 0.999942 0.232588
0.998892 0.0457389 0.0110417 -10.5418 -0.0457579 0.998951 0.00147309 0.271984 -0.0109628 -0.00197671 0.999938 0.235958
0.998853 0.0465182 0.0113438 -11.0193 -0.0465374 0.998916 0.00143499 0.321431 -0.0112648 -0.00196126 0.999935 0.242463
0.998843 0.0467001 0.0114406 -11.4554 -0.0467197 0.998907 0.00144806 0.366658 -0.0113604 -0.00198088 0.999934 0.252075
0.998773 0.0480514 0.0120167 -11.8781 -0.0480729 0.998843 0.00151456 0.405132 -0.01193 -0.00209038 0.999927 0.261783
0.998718 0.049152 0.0120895 -12.3446 -0.0491736 0.998789 0.001498 0.4153 -0.0120012 -0.00209057 0.999926 0.276305
0.998696 0.0495365 0.0123419 -12.8581 -0.0495579 0.99877 0.00142836 0.448408 -0.012256 -0.00203813 0.999923 0.279416
0.998683 0.0498232 0.0122797 -13.3652 -0.0498427 0.998756 0.00128442 0.496318 -0.0122004 -0.00189478 0.999924 0.289429
0.99867 0.0500236 0.0124889 -13.8483 -0.0500457 0.998746 0.00146242 0.541757 -0.0124001 -0.00208549 0.999921 0.308359
0.998697 0.0494717 0.0124844 -14.3463 -0.0494957 0.998773 0.00161914 0.556299 -0.012389 -0.00223496 0.999921 0.336107
0.998715 0.0490309 0.0127825 -14.8327 -0.049056 0.998795 0.00166261 0.554793 -0.0126856 -0.00228753 0.999917 0.345645
0.998746 0.0483415 0.0130446 -15.3454 -0.0483645 0.998829 0.0014557 0.5707 -0.012959 -0.00208477 0.999914 0.34888
0.998746 0.0481204 0.0138242 -15.8666 -0.0481477 0.998839 0.0016472 0.593044 -0.0137289 -0.00231074 0.999903 0.366824
0.998757 0.0476713 0.0145247 -16.3872 -0.0477012 0.99886 0.00171454 0.618674 -0.0144264 -0.00240525 0.999893 0.38648
0.998776 0.0469047 0.0156844 -16.9063 -0.0469427 0.998895 0.00206845 0.635359 -0.0155701 -0.00280219 0.999875 0.410093
0.998787 0.0464428 0.0163662 -17.4641 -0.0464853 0.998916 0.00222395 0.683777 -0.0162452 -0.00298204 0.999864 0.423045
0.998813 0.0460169 0.0159569 -18.0322 -0.0460588 0.998936 0.00226775 0.728953 -0.0158355 -0.00300001 0.99987 0.435794
0.998847 0.045567 0.0151128 -18.5911 -0.0456103 0.998956 0.0025329 0.7438 -0.0149816 -0.00321928 0.999883 0.469387
0.998867 0.0453345 0.0144938 -19.1332 -0.0453735 0.998967 0.00237169 0.769187 -0.0143713 -0.00302663 0.999892 0.488219
0.998889 0.0448643 0.0144288 -19.7021 -0.0449043 0.998988 0.002462 0.775115 -0.0143038 -0.00310718 0.999893 0.495357
0.998888 0.0448821 0.0144079 -20.2871 -0.0449228 0.998987 0.00251404 0.799359 -0.0142805 -0.00315849 0.999893 0.517885
0.998889 0.0445185 0.01543 -20.8478 -0.0445644 0.999003 0.00264111 0.813234 -0.0152971 -0.0033258 0.999877 0.534801
0.99887 0.0444178 0.0168823 -21.4524 -0.0444693 0.999007 0.00268529 0.83639 -0.0167463 -0.003433 0.999854 0.550156
0.998736 0.0444338 0.0234799 -22.0715 -0.0445287 0.999002 0.00353175 0.857876 -0.0232996 -0.00457282 0.999718 0.572637
0.998186 0.0444478 0.0405999 -22.6648 -0.0446761 0.99899 0.00473191 0.888599 -0.0403486 -0.00653717 0.999164 0.619146
0.997301 0.0437249 0.0589818 -23.2615 -0.044281 0.998986 0.00815334 0.935612 -0.0585655 -0.0107431 0.998226 0.645632
0.996731 0.0438063 0.0678893 -23.863 -0.0448723 0.998891 0.0142573 0.979442 -0.0671894 -0.0172571 0.997591 0.669162
0.997025 0.0443227 0.0630598 -24.4949 -0.0455352 0.998802 0.0179218 1.02215 -0.0621899 -0.0207399 0.997849 0.745714
0.998222 0.0443093 0.0398633 -25.139 -0.0449663 0.998865 0.0157366 1.03968 -0.0391207 -0.0175012 0.999081 0.798053
0.998956 0.0447156 0.0093137 -25.8295 -0.044825 0.998924 0.0118895 1.04843 -0.00877203 -0.0122946 0.999886 0.789007
0.998947 0.0435276 -0.014479 -26.5165 -0.043371 0.998999 0.0109559 1.08184 0.0149414 -0.0103164 0.999835 0.772334
0.998761 0.0415121 -0.0274472 -27.205 -0.0411698 0.999069 0.0129181 1.12143 0.0279579 -0.0117721 0.99954 0.775141
0.99886 0.039944 -0.0261353 -27.8665 -0.0395324 0.999089 0.0160801 1.16876 0.0267537 -0.0150286 0.999529 0.824797
0.99912 0.0386389 -0.0163162 -28.5212 -0.0383788 0.999136 0.0159612 1.18921 0.0169188 -0.015321 0.999739 0.86995
0.999296 0.0374977 0.00108795 -29.2052 -0.0375073 0.999239 0.0107289 1.20043 -0.000684809 -0.0107622 0.999942 0.891741
0.999054 0.0366739 0.023366 -29.9115 -0.0367705 0.999317 0.00371871 1.20015 -0.0232136 -0.00457437 0.99972 0.873286
0.998657 0.0347885 0.0383975 -30.6268 -0.0348258 0.999393 0.000303808 1.23097 -0.0383637 -0.00164063 0.999262 0.839565
0.998677 0.034181 0.0384096 -31.3154 -0.0342395 0.999413 0.0008662 1.26409 -0.0383574 -0.00218018 0.999262 0.87623
0.998948 0.0327059 0.0321355 -32.1074 -0.0327892 0.99946 0.0020684 1.31489 -0.0320505 -0.00311992 0.999481 0.943216
0.999258 0.0321358 0.021249 -32.8779 -0.0322377 0.99947 0.00447171 1.32545 -0.021094 -0.0051534 0.999764 0.9942
0.999357 0.0331878 0.0135666 -33.6218 -0.0332248 0.999445 0.00251279 1.34234 -0.0134757 -0.00296193 0.999905 1.04457
0.999294 0.0342124 0.0155567 -34.3886 -0.0342383 0.999413 0.00140314 1.35128 -0.0154996 -0.00193479 0.999878 1.03286
0.999196 0.0345667 0.0203302 -35.1344 -0.0346083 0.9994 0.00169856 1.37593 -0.0202593 -0.00240079 0.999792 1.04278
0.999109 0.0346443 0.0241049 -35.9107 -0.0347304 0.999392 0.0031594 1.41945 -0.0239807 -0.00399375 0.999704 1.07371
0.999107 0.0340917 0.0249424 -36.7016 -0.0342003 0.999407 0.00394286 1.46275 -0.0247932 -0.00479238 0.999681 1.12627
0.999096 0.0344393 0.0249139 -37.5171 -0.0345514 0.999395 0.00408283 1.49073 -0.0247582 -0.00493995 0.999681 1.16498
0.999118 0.0337848 0.0249388 -38.3204 -0.0338868 0.999419 0.00367815 1.49136 -0.0248 -0.00452 0.999682 1.20307
0.999138 0.0316133 0.0269068 -39.1482 -0.03171 0.999492 0.00317692 1.53233 -0.0267927 -0.0040274 0.999633 1.24565
0.999125 0.030354 0.0287836 -39.9675 -0.0304431 0.999533 0.0026621 1.53957 -0.0286894 -0.00353603 0.999582 1.27357
0.99918 0.0289021 0.0283388 -40.7726 -0.0289789 0.999577 0.00230554 1.54294 -0.0282602 -0.00312488 0.999596 1.30387
0.999262 0.0268448 0.0274861 -41.6248 -0.0269148 0.999635 0.00217991 1.54357 -0.0274176 -0.00291808 0.99962 1.3316
0.99933 0.0251543 0.0265834 -42.502 -0.0252099 0.999681 0.00175725 1.56784 -0.0265308 -0.00242624 0.999645 1.34565
0.999372 0.0234598 0.0265417 -43.3552 -0.02351 0.999722 0.00157783 1.57096 -0.0264973 -0.00220083 0.999646 1.37206
0.999399 0.0215768 0.0271367 -44.2186 -0.0216311 0.999765 0.00171188 1.59602 -0.0270934 -0.00229785 0.99963 1.40679
0.999423 0.020409 0.0271552 -45.1108 -0.0204657 0.999789 0.00180867 1.62429 -0.0271126 -0.00236338 0.99963 1.43966
0.999415 0.020503 0.0273908 -45.9585 -0.0205613 0.999787 0.00184942 1.62772 -0.0273471 -0.00241153 0.999623 1.46997
0.999412 0.0189792 0.0285423 -46.8589 -0.0190402 0.999817 0.00186778 1.64026 -0.0285016 -0.00241013 0.999591 1.51157
0.999422 0.0171411 0.0293579 -47.7529 -0.0172084 0.99985 0.00203948 1.65602 -0.0293185 -0.00254351 0.999567 1.5525
0.999469 0.0154977 0.0286617 -48.6441 -0.0155684 0.999876 0.00224614 1.66866 -0.0286233 -0.00269116 0.999587 1.59103
0.999549 0.0141135 0.0265117 -49.5169 -0.0141571 0.999899 0.00145672 1.68991 -0.0264884 -0.00183139 0.999647 1.63866
0.999631 0.0127248 0.0240187 -50.4158 -0.0127441 0.999919 0.000651252 1.69754 -0.0240084 -0.000957107 0.999711 1.68785
0.99968 0.0107173 0.0229248 -51.3326 -0.0107209 0.999943 3.50572e-05 1.71941 -0.0229231 -0.00028082 0.999737 1.71989
0.999685 0.00807087 0.0237829 -52.2068 -0.00807716 0.999967 0.000168094 1.73819 -0.0237807 -0.000360139 0.999717 1.75411
0.999682 0.00595403 0.0245045 -53.0611 -0.00596872 0.999982 0.00052654 1.73059 -0.024501 -0.000672634 0.9997 1.80247
0.99968 0.00390966 0.0250036 -53.9701 -0.00392499 0.999992 0.000563989 1.75536 -0.0250012 -0.000661947 0.999687 1.83363
0.999688 0.00229964 0.0248619 -54.8789 -0.00231574 0.999997 0.000619072 1.74062 -0.0248604 -0.000676453 0.999691 1.85902
0.999674 0.000452971 0.0255338 -55.7558 -0.000468746 1 0.000611795 1.72012 -0.0255336 -0.000623565 0.999674 1.90607
0.999573 -0.00150482 0.0291873 -56.6316 0.0014853 0.999999 0.00069063 1.7075 -0.0291883 -0.000646983 0.999574 1.96512
0.999404 -0.00433586 0.0342584 -57.4989 0.00430746 0.99999 0.000902857 1.68449 -0.034262 -0.000754752 0.999413 2.02153
0.999353 -0.00630787 0.0354062 -58.3442 0.00627246 0.99998 0.001111 1.70836 -0.0354125 -0.0008882 0.999372 2.06255
0.999435 -0.00806972 0.0326138 -59.2177 0.00803485 0.999967 0.00120034 1.69083 -0.0326224 -0.000937613 0.999467 2.0882
0.999515 -0.00936111 0.0296849 -60.1229 0.00933296 0.999956 0.00108673 1.67593 -0.0296937 -0.000809159 0.999559 2.11896
0.999622 -0.0104105 0.0254466 -60.9651 0.010471 0.999943 -0.00224197 1.66383 -0.0254218 0.00250757 0.999674 2.21188
0.999521 -0.0126479 0.0282375 -61.8179 0.0127055 0.999918 -0.00186177 1.65718 -0.0282116 0.00221965 0.9996 2.26755
0.999405 -0.0149855 0.031057 -62.6785 0.015043 0.999886 -0.00161675 1.65247 -0.0310292 0.00208298 0.999516 2.32028
0.999354 -0.0166742 0.0318277 -63.519 0.016724 0.999859 -0.0012992 1.62291 -0.0318016 0.00183065 0.999493 2.37383
0.999347 -0.0175282 0.0315969 -64.3864 0.0175758 0.999845 -0.00123073 1.58559 -0.0315704 0.00178527 0.9995 2.39834
0.999361 -0.016591 0.0316732 -65.2468 0.0166374 0.999861 -0.00120378 1.56294 -0.0316489 0.00172997 0.999498 2.41709
0.999361 -0.017432 0.031216 -66.1492 0.0174713 0.999847 -0.000985576 1.55818 -0.031194 0.00153033 0.999512 2.4528
0.999342 -0.0185618 0.0311491 -66.9974 0.0185855 0.999827 -0.000472447 1.53438 -0.031135 0.00105106 0.999515 2.50293
0.99932 -0.0198338 0.0310838 -67.812 0.0198461 0.999803 -8.52432e-05 1.52821 -0.0310759 0.000702075 0.999517 2.54556
0.999314 -0.0201292 0.0310809 -68.6613 0.0201192 0.999797 0.000634698 1.53535 -0.0310873 -8.93929e-06 0.999517 2.58943
0.999334 -0.0207412 0.0300254 -69.5207 0.0206917 0.999784 0.00195876 1.53696 -0.0300596 -0.00133618 0.999547 2.65215
0.999344 -0.0215455 0.0290934 -70.3397 0.0214678 0.999765 0.00298223 1.50317 -0.0291508 -0.0023557 0.999572 2.71086
0.999224 -0.0226784 0.0322131 -71.1869 0.022623 0.999742 0.00208057 1.46845 -0.032252 -0.0013502 0.999479 2.75281
0.998963 -0.0231641 0.0391887 -72.0323 0.0231611 0.999732 0.000530009 1.44127 -0.0391904 0.000378194 0.999232 2.79569
0.998762 -0.0254517 0.0427295 -72.8892 0.0254682 0.999676 0.000157956 1.41912 -0.0427197 0.000930483 0.999087 2.82186
0.998608 -0.0259471 0.0459144 -73.691 0.0259731 0.999663 2.95473e-05 1.40754 -0.0458997 0.00116303 0.998945 2.89386
0.997987 -0.026579 0.057574 -74.5158 0.0264273 0.999645 0.00339615 1.37133 -0.0576439 -0.00186779 0.998335 2.95849
0.997056 -0.0283929 0.0712297 -75.3493 0.0280306 0.999589 0.00608125 1.35184 -0.0713731 -0.00406673 0.997441 3.04407
0.996772 -0.0304871 0.074277 -76.1699 0.0300458 0.999524 0.00705274 1.34134 -0.0744566 -0.00479826 0.997213 3.10632
0.998046 -0.0311818 0.0541546 -77.0167 0.0309404 0.999507 0.00529205 1.31623 -0.0542929 -0.00360615 0.998519 3.11902
0.999355 -0.0327312 0.0148025 -77.8948 0.0326836 0.99946 0.00344377 1.2964 -0.0149072 -0.00295775 0.999885 3.129
0.999132 -0.0352783 -0.0221503 -78.7516 0.0353358 0.999373 0.00220606 1.26135 0.0220585 -0.00298684 0.999752 3.1987
0.998775 -0.0358789 -0.0340696 -79.5962 0.0358594 0.999356 -0.0011837 1.22006 0.0340902 -3.94633e-05 0.999419 3.25686
0.999308 -0.0365127 -0.00704906 -80.4176 0.0364781 0.999322 -0.00497995 1.17514 0.00722611 0.00471937 0.999963 3.29371
0.998364 -0.0389011 0.0419082 -81.2172 0.0391127 0.999226 -0.00424122 1.14913 -0.0417107 0.00587342 0.999112 3.2856
0.996503 -0.0413088 0.0726249 -82.0374 0.0415093 0.999137 -0.00125277 1.11256 -0.0725105 0.004263 0.997359 3.30871
0.996721 -0.0436483 0.0681276 -82.9059 0.0438827 0.999035 -0.00194724 1.09763 -0.0679769 0.00493047 0.997675 3.36582
0.998145 -0.0436643 0.0424236 -83.7539 0.0439355 0.999019 -0.00548118 1.05064 -0.0421426 0.00733491 0.999085 3.46052
0.998592 -0.0441758 0.0293633 -84.6225 0.0444709 0.998966 -0.00947406 0.98767 -0.0289144 0.0107665 0.999524 3.55558
0.998283 -0.0465379 0.0355585 -85.4769 0.0469458 0.99884 -0.0107234 0.935837 -0.0350183 0.0123743 0.99931 3.58098
0.997732 -0.0491483 0.045986 -86.3382 0.0496384 0.998721 -0.0095756 0.890327 -0.0454565 0.0118366 0.998896 3.59898
0.997535 -0.0511691 0.0480266 -87.206 0.0516725 0.998621 -0.00929745 0.875406 -0.0474846 0.0117562 0.998803 3.62652
0.997868 -0.0520547 0.0393762 -88.0551 0.0524414 0.998585 -0.00885159 0.826167 -0.0388597 0.0108977 0.999185 3.69993
0.998144 -0.0529749 0.0300215 -88.9328 0.0532521 0.998545 -0.00850982 0.77709 -0.029527 0.0100927 0.999513 3.76967
0.998164 -0.0542508 0.0269305 -89.8028 0.0545067 0.998474 -0.00886038 0.720111 -0.0264087 0.010312 0.999598 3.81405
0.998045 -0.0557336 0.0282852 -90.6908 0.0560029 0.998392 -0.00882176 0.673574 -0.0277481 0.0103886 0.999561 3.85107
0.997872 -0.0573759 0.0309814 -91.5761 0.0576611 0.998301 -0.00839205 0.625909 -0.0304472 0.0101606 0.999485 3.90057
0.997831 -0.0562963 0.0341037 -92.3767 0.0565907 0.998368 -0.00772748 0.572016 -0.033613 0.00964068 0.999388 3.93776
0.997877 -0.0547205 0.035304 -93.2126 0.0550111 0.998459 -0.00731192 0.55769 -0.0348495 0.00923851 0.99935 3.96921
0.99793 -0.0550063 0.0333162 -94.114 0.0552347 0.998456 -0.00597471 0.556489 -0.0329361 0.00780255 0.999427 4.05632
0.997939 -0.0555152 0.0321849 -95.0447 0.0557052 0.998435 -0.00503441 0.510946 -0.031855 0.00681689 0.999469 4.12936
0.997823 -0.0566769 0.0337131 -95.9405 0.0568533 0.998373 -0.00429464 0.438965 -0.0334149 0.006202 0.999422 4.18874
0.997537 -0.05837 0.0389042 -96.8058 0.0585807 0.998273 -0.0042958 0.383902 -0.0385863 0.00656425 0.999234 4.24744
0.997239 -0.0596226 0.0442589 -97.6794 0.0599091 0.99819 -0.00517444 0.333607 -0.0438703 0.00781167 0.999007 4.29103
0.997079 -0.0607443 0.0462986 -98.5498 0.0610775 0.998116 -0.00581339 0.2697 -0.0458583 0.00862421 0.998911 4.32209
0.997005 -0.0623764 0.0457244 -99.4686 0.0627245 0.998012 -0.00621508 0.167849 -0.0452458 0.0090645 0.998935 4.35048
0.99712 -0.0635901 0.0413306 -100.379 0.0641471 0.997865 -0.0122917 0.140242 -0.0404607 0.0149076 0.99907 4.44835
0.997232 -0.0635991 0.0385196 -101.261 0.0641415 0.997856 -0.0130115 0.0937095 -0.0376095 0.0154462 0.999173 4.46612
0.997204 -0.0651336 0.0366324 -102.178 0.0656578 0.997754 -0.0132915 0.0229685 -0.0356844 0.0156595 0.99924 4.51004
0.997131 -0.0663255 0.0364769 -103.074 0.0668595 0.997669 -0.0136187 -0.037417 -0.0354887 0.0160185 0.999242 4.57552
0.997014 -0.0671815 0.0380726 -103.952 0.0677356 0.997613 -0.0134541 -0.0702358 -0.0370779 0.0159928 0.999184 4.62138
0.996826 -0.0686076 0.0403825 -104.883 0.0691992 0.997512 -0.0134367 -0.130254 -0.0393602 0.0161885 0.999094 4.66311
0.996699 -0.0698954 0.0413018 -105.805 0.0704958 0.997424 -0.0132615 -0.197468 -0.0402685 0.0161293 0.999059 4.71917
0.996631 -0.0708607 0.0412893 -106.705 0.0714643 0.997354 -0.0133313 -0.253766 -0.0402354 0.0162371 0.999058 4.7714
0.996558 -0.072027 0.0410321 -107.609 0.0726286 0.99727 -0.0133628 -0.343758 -0.0399576 0.0162969 0.999068 4.81823
0.996512 -0.0727622 0.0408662 -108.53 0.0733711 0.997212 -0.0136008 -0.43256 -0.0397626 0.0165517 0.999072 4.85895
0.996506 -0.072832 0.04087 -109.467 0.0734459 0.997205 -0.0137233 -0.510223 -0.0397563 0.0166771 0.99907 4.90483
0.996648 -0.0712051 0.0402839 -110.376 0.0718028 0.997326 -0.0135885 -0.571766 -0.0392086 0.0164354 0.999096 4.94564
0.996734 -0.0708337 0.0387922 -111.331 0.0713891 0.997362 -0.0131239 -0.609866 -0.0377602 0.0158504 0.999161 5.00269
0.996836 -0.0704025 0.0368912 -112.251 0.0709297 0.997394 -0.0131799 -0.665377 -0.0358672 0.0157549 0.999232 5.06234
0.996927 -0.0686232 0.0377773 -113.13 0.0691512 0.997523 -0.0128514 -0.726572 -0.0368018 0.0154242 0.999204 5.11648
0.996972 -0.0661993 0.0407866 -114.016 0.0667574 0.997691 -0.0124752 -0.779949 -0.0398666 0.0151602 0.99909 5.16441
0.996884 -0.0657868 0.0435238 -114.974 0.0663729 0.997721 -0.0121607 -0.837116 -0.0426246 0.0150116 0.998978 5.22246
0.996901 -0.0656031 0.0434079 -115.917 0.0661854 0.997734 -0.0121141 -0.903173 -0.0425148 0.0149495 0.998984 5.27116
0.996965 -0.0652066 0.0425308 -116.883 0.0657786 0.99776 -0.0121895 -0.977557 -0.0416407 0.0149501 0.999021 5.31317
0.997165 -0.0628196 0.0414189 -117.799 0.0633663 0.997918 -0.0120212 -1.03483 -0.0405775 0.0146117 0.99907 5.35433
0.997284 -0.0623374 0.0392311 -118.767 0.0628392 0.997955 -0.0116908 -1.08175 -0.0384221 0.0141243 0.999162 5.40836
0.997412 -0.0619377 0.0365162 -119.726 0.0623726 0.997994 -0.010891 -1.13869 -0.0357684 0.0131404 0.999274 5.47353
0.997531 -0.0602984 0.0359955 -120.603 0.0606998 0.998104 -0.0101635 -1.19554 -0.0353145 0.0123233 0.9993 5.53134
0.997473 -0.0602712 0.0376128 -121.518 0.0606796 0.998109 -0.00981157 -1.25866 -0.0369503 0.0120691 0.999244 5.59439
0.99734 -0.0601019 0.0412285 -122.465 0.0605507 0.998118 -0.00972332 -1.3003 -0.0405665 0.0121939 0.999102 5.65721
0.997275 -0.0591993 0.0440226 -123.36 0.0596841 0.998169 -0.00978037 -1.35925 -0.043363 0.0123812 0.998983 5.71575
0.997261 -0.0591917 0.0443521 -124.262 0.0596796 0.99817 -0.0097572 -1.43827 -0.0436933 0.0123774 0.998968 5.75727
0.997321 -0.0587837 0.0435446 -125.185 0.0592528 0.998197 -0.00956087 -1.52285 -0.042904 0.0121154 0.999006 5.80076
0.997476 -0.0582012 0.0406719 -126.113 0.0586219 0.998238 -0.00922964 -1.57285 -0.040063 0.0115906 0.99913 5.83255
0.997617 -0.057916 0.03749 -127.006 0.0582641 0.998267 -0.00825879 -1.58821 -0.0369468 0.0104234 0.999263 5.88507
0.997639 -0.0580885 0.0366476 -127.871 0.0583911 0.998268 -0.00723938 -1.6167 -0.0361636 0.00936218 0.999302 5.95387
0.997603 -0.057307 0.0387871 -128.745 0.0576 0.998319 -0.00647657 -1.68892 -0.0383508 0.00869518 0.999227 6.0237
0.997393 -0.0576027 0.0434557 -129.66 0.0579299 0.998301 -0.00630716 -1.74021 -0.0430185 0.00880811 0.999035 6.10223
0.99717 -0.0579149 0.0479406 -130.535 0.0582796 0.998281 -0.00624392 -1.77611 -0.0474966 0.00902021 0.998831 6.15974
0.997035 -0.0577679 0.0508349 -131.374 0.0581767 0.998284 -0.00659937 -1.84071 -0.0503665 0.00953722 0.998685 6.21585
0.996336 -0.0573947 0.063408 -132.232 0.0579345 0.998298 -0.00670585 -1.88366 -0.0629152 0.0103548 0.997965 6.31084
0.994621 -0.0576018 0.08609 -133.099 0.0578871 0.998323 -0.000819356 -1.93594 -0.0858984 0.00579845 0.996287 6.37238
0.993557 -0.0588889 0.0968367 -133.967 0.0588909 0.99826 0.00284006 -1.97065 -0.0968355 0.00288104 0.995296 6.4832
0.99508 -0.0598049 0.0789882 -134.836 0.0600619 0.998194 -0.000879518 -1.98711 -0.0787929 0.00561937 0.996875 6.55622
0.997611 -0.0599175 0.0343815 -135.749 0.0600589 0.99819 -0.00309228 -2.06288 -0.0341339 0.0051498 0.999404 6.56677
0.998076 -0.0610368 -0.0108961 -136.692 0.0609699 0.998119 -0.0063717 -2.13613 0.0112646 0.0056951 0.99992 6.62421
0.997618 -0.0611752 -0.0318624 -137.592 0.0608937 0.998097 -0.00973223 -2.18479 0.0323971 0.00776884 0.999445 6.66539
0.998036 -0.0615218 -0.0118065 -138.48 0.0614157 0.99807 -0.00914978 -2.2507 0.0123466 0.00840671 0.999888 6.69857
0.997317 -0.0634108 0.0365755 -139.293 0.0636544 0.997957 -0.0055333 -2.31563 -0.0361499 0.00784665 0.999316 6.73817
0.994885 -0.0663506 0.0761632 -140.123 0.0666826 0.997773 -0.00182148 -2.34376 -0.0758727 0.00689092 0.997094 6.75812
0.994662 -0.0688407 0.0768633 -140.986 0.0691888 0.997602 -0.00187173 -2.39722 -0.0765501 0.00717982 0.99704 6.792
0.99639 -0.0692155 0.0491498 -141.885 0.0694742 0.997577 -0.0035732 -2.46257 -0.0487834 0.00697494 0.998785 6.87358
0.997239 -0.0692821 0.0267447 -142.812 0.0694643 0.997567 -0.00594674 -2.51505 -0.0262676 0.00778812 0.999625 6.97619
0.997241 -0.0700513 0.0245407 -143.748 0.0702034 0.997518 -0.00539118 -2.58934 -0.0241021 0.00709915 0.999684 7.02064
0.996787 -0.0714451 0.0362098 -144.612 0.0716117 0.997427 -0.00332336 -2.66116 -0.0358792 0.00590573 0.999339 7.04165
0.996119 -0.0725308 0.04987 -145.465 0.0727254 0.99735 -0.00209713 -2.72437 -0.0495857 0.00571581 0.998754 7.08356
0.995458 -0.0745122 0.0592543 -146.395 0.0747313 0.997203 -0.00148754 -2.78398 -0.0589777 0.00590893 0.998242 7.15268
0.995423 -0.0756266 0.0584309 -147.296 0.0758847 0.997114 -0.00220779 -2.85533 -0.0580953 0.0066317 0.998289 7.21203
0.995874 -0.0766778 0.0485433 -148.209 0.0769626 0.997026 -0.00402236 -2.92404 -0.0480905 0.00774178 0.998813 7.26979
0.996106 -0.0775198 0.0419908 -149.124 0.0778013 0.996956 -0.00510901 -3.00406 -0.0414669 0.00835605 0.999105 7.33238
0.996112 -0.0790813 0.0388265 -150.024 0.0793378 0.996835 -0.00510979 -3.09185 -0.0382995 0.00817033 0.999233 7.38844
0.99579 -0.081142 0.0426303 -150.931 0.0813712 0.996677 -0.00366676 -3.13452 -0.0421911 0.0071202 0.999084 7.45272
0.995339 -0.0834783 0.048289 -151.838 0.0836907 0.996489 -0.00239113 -3.21486 -0.0479198 0.00642132 0.998831 7.51029
0.994938 -0.0855301 0.0527514 -152.726 0.0857586 0.996314 -0.00208061 -3.31232 -0.052379 0.00659396 0.998606 7.57668
0.994717 -0.0872178 0.0541426 -153.618 0.0874798 0.996163 -0.00248207 -3.3797 -0.0537183 0.00720533 0.99853 7.64462
0.994651 -0.0892076 0.0520677 -154.535 0.0894899 0.995983 -0.00311046 -3.47693 -0.051581 0.00775335 0.998639 7.69501
0.994733 -0.0909746 0.0472283 -155.47 0.0912512 0.995821 -0.00372827 -3.54354 -0.0466918 0.00801827 0.998877 7.74961
0.994593 -0.093102 0.0460172 -156.423 0.0933642 0.995626 -0.00357546 -3.59846 -0.045483 0.00785248 0.998934 7.80255
0.994383 -0.0951978 0.0462502 -157.374 0.0954252 0.995433 -0.00273006 -3.62928 -0.0457791 0.00712816 0.998926 7.87035
0.994151 -0.0974508 0.0465562 -158.289 0.0976371 0.995221 -0.00174092 -3.72454 -0.046164 0.00627634 0.998914 7.96461
0.993994 -0.0982184 0.0482548 -159.16 0.0983861 0.995148 -0.00110793 -3.85133 -0.0479118 0.00584888 0.998834 8.0504
0.99362 -0.0989378 0.0541412 -160.08 0.0991585 0.995071 -0.00139712 -3.96192 -0.0537361 0.00675677 0.998532 8.11858
0.993309 -0.100031 0.0577214 -161.014 0.100311 0.994954 -0.00196267 -4.06487 -0.0572339 0.00773964 0.998331 8.15446
0.993285 -0.100987 0.0564535 -161.937 0.101243 0.99486 -0.00169513 -4.14143 -0.0559922 0.00739928 0.998404 8.19277
0.993454 -0.101799 0.0518326 -162.858 0.101994 0.994784 -0.00112185 -4.24881 -0.051448 0.00640111 0.998655 8.25204
0.993557 -0.102944 0.047395 -163.803 0.103119 0.994668 -0.00125684 -4.34047 -0.0470129 0.00613607 0.998875 8.34534
0.993471 -0.103849 0.0472373 -164.734 0.104013 0.994575 -0.00101177 -4.42252 -0.046876 0.00591846 0.998883 8.41032
0.993248 -0.104959 0.0494109 -165.65 0.105117 0.99446 -0.000595495 -4.52307 -0.0490746 0.00578538 0.998778 8.4707
0.993002 -0.106548 0.0509343 -166.582 0.106708 0.99429 -0.000424604 -4.62086 -0.0505982 0.00585675 0.998702 8.5187
0.992722 -0.108961 0.0512859 -167.525 0.109119 0.994029 -0.000288659 -4.6962 -0.0509482 0.00588283 0.998684 8.5774
0.992483 -0.111174 0.0511617 -168.448 0.111315 0.993785 9.08742e-05 -4.8186 -0.0508538 0.00560486 0.99869 8.64806
0.992291 -0.112623 0.0517132 -169.36 0.112777 0.99362 -6.0707e-05 -4.96495 -0.0513764 0.00589229 0.998662 8.71052
0.991929 -0.114352 0.0547752 -170.33 0.114531 0.99342 -0.000115731 -5.08416 -0.0544015 0.00638824 0.998499 8.75849
0.991241 -0.116402 0.0623797 -171.264 0.116155 0.993202 0.00759031 -5.15794 -0.0628392 -0.000278123 0.998024 8.81376
0.990583 -0.11846 0.0686441 -172.185 0.117701 0.992936 0.0150086 -5.23732 -0.0699371 -0.00678781 0.997528 8.94149
0.990449 -0.120263 0.0674353 -173.127 0.119544 0.992721 0.0146179 -5.35009 -0.0687025 -0.00641686 0.997617 9.08084
0.990957 -0.122181 0.0554622 -174.074 0.121891 0.992506 0.00858091 -5.46269 -0.056095 -0.00174295 0.998424 9.12106
0.991586 -0.124459 0.0355852 -175.015 0.124528 0.992216 0.000287182 -5.61356 -0.035344 0.00414659 0.999367 9.13407
0.99191 -0.125814 0.0168888 -175.983 0.125916 0.992028 -0.00513916 -5.74223 -0.0161076 0.00722416 0.999844 9.1741
0.991863 -0.12621 0.0166998 -176.957 0.126317 0.991975 -0.00547415 -5.87597 -0.0158749 0.00753908 0.999846 9.24464
0.99135 -0.12695 0.0333068 -177.903 0.12715 0.991876 -0.00395807 -6.00728 -0.0325337 0.00815878 0.999437 9.36477
0.989828 -0.12909 0.0598071 -178.83 0.129368 0.991596 -0.000788569 -6.12157 -0.0592027 0.00851768 0.99821 9.39345
0.988548 -0.131672 0.0737224 -179.777 0.131901 0.991261 0.00178403 -6.24526 -0.0733131 0.00796044 0.997277 9.38145
0.988845 -0.133842 0.0653582 -180.725 0.134035 0.990975 0.00144088 -6.34443 -0.0649612 0.00733552 0.997861 9.45905
0.989773 -0.134624 0.0471733 -181.678 0.134795 0.990873 -0.000445889 -6.50016 -0.0466827 0.00680005 0.998887 9.58865
0.99015 -0.135488 0.0352941 -182.644 0.135672 0.99075 -0.00284518 -6.63289 -0.0345822 0.00760557 0.999373 9.65761
0.990007 -0.137006 0.0334131 -183.621 0.137166 0.990545 -0.00252368 -6.78761 -0.0327515 0.00708159 0.999438 9.70078
0.989536 -0.138901 0.0390599 -184.564 0.139011 0.990291 -0.000107614 -6.90021 -0.0386657 0.00553626 0.999237 9.73994
0.988962 -0.140973 0.0456225 -185.521 0.140915 0.990011 0.00452003 -7.02543 -0.045804 0.00195873 0.998949 9.79049
0.988735 -0.142284 0.0464657 -186.499 0.142089 0.989826 0.00749399 -7.17263 -0.0470592 -0.000807297 0.998892 9.86939
0.98861 -0.14358 0.0451139 -187.489 0.143423 0.989639 0.00673521 -7.31834 -0.0456135 -0.000188146 0.998959 9.93511
0.988427 -0.145114 0.0442047 -188.489 0.145012 0.989415 0.00551448 -7.47479 -0.044537 0.000959568 0.999007 9.95655
0.988175 -0.146363 0.0456859 -189.428 0.146312 0.989228 0.0044716 -7.61328 -0.0458483 0.00226567 0.998946 10.0207
0.987424 -0.148063 0.0554222 -190.371 0.147997 0.988974 0.00532607 -7.7595 -0.0555997 0.00294322 0.998449 10.1369
0.986247 -0.151232 0.0666688 -191.346 0.151131 0.988492 0.00659679 -7.90631 -0.0668993 0.00356963 0.997753 10.2376
0.98582 -0.153995 0.0666724 -192.298 0.153933 0.988062 0.00609806 -8.04961 -0.0668156 0.00425149 0.997756 10.2842
0.986315 -0.1558 0.0539305 -193.26 0.155883 0.987772 0.00269086 -8.22239 -0.0536902 0.00575281 0.998541 10.3443
0.98668 -0.157321 0.0413781 -194.213 0.15753 0.987512 -0.00182806 -8.38282 -0.0405738 0.008322 0.999142 10.4458
0.986377 -0.159907 0.0386099 -195.162 0.160179 0.98708 -0.00404441 -8.53365 -0.0374643 0.0101738 0.999246 10.5175
0.985845 -0.162217 0.0423838 -196.075 0.162523 0.986697 -0.00385107 -8.67633 -0.0411953 0.0106849 0.999094 10.5561
0.985268 -0.164329 0.0473661 -197.006 0.16466 0.986345 -0.00316084 -8.83582 -0.0462 0.0109136 0.998873 10.6214
0.984842 -0.166371 0.0490631 -197.936 0.166702 0.986004 -0.00271693 -8.99799 -0.0479243 0.0108547 0.998792 10.6872
0.984548 -0.168293 0.0483939 -198.868 0.168606 0.985681 -0.00243089 -9.1585 -0.0472918 0.0105528 0.998825 10.748
0.984237 -0.170345 0.0475437 -199.783 0.170661 0.985326 -0.00263372 -9.32741 -0.0463974 0.010706 0.998866 10.7991
0.983842 -0.172289 0.0487001 -200.712 0.172656 0.984976 -0.0033988 -9.48685 -0.0473829 0.0117522 0.998808 10.8709
0.98322 -0.17436 0.0536408 -201.607 0.174776 0.984603 -0.00311712 -9.65969 -0.0522714 0.0124399 0.998555 10.9486
0.98258 -0.176931 0.0568475 -202.499 0.177343 0.984147 -0.00223636 -9.79922 -0.0555506 0.0122789 0.99838 11.0163
0.982253 -0.179441 0.0545897 -203.424 0.179804 0.983701 -0.00177272 -9.96262 -0.0533819 0.0115567 0.998507 11.0518
0.982405 -0.181176 0.0453288 -204.318 0.181383 0.983412 -0.000445647 -10.1314 -0.0444962 0.00865967 0.998972 11.153
0.982207 -0.182283 0.0451802 -205.194 0.182633 0.983174 -0.00370353 -10.323 -0.0437449 0.011889 0.998972 11.2724
0.980737 -0.183816 0.0660744 -206.066 0.184159 0.982896 0.000917156 -10.4894 -0.0651129 0.0112687 0.997814 11.2888
0.978034 -0.187352 0.0913718 -206.938 0.186787 0.982289 0.014781 -10.6546 -0.0925228 0.00261074 0.995707 11.3664
0.976907 -0.189944 0.0978475 -207.796 0.188741 0.981792 0.0214938 -10.7905 -0.100148 -0.00252961 0.994969 11.5165
0.978745 -0.191657 0.0729845 -208.73 0.191226 0.981461 0.0129139 -10.97 -0.0741065 0.00131708 0.997249 11.5775
0.980664 -0.193539 0.0289957 -209.656 0.193616 0.981077 0.000156252 -11.1593 -0.0284773 0.00546079 0.99958 11.559
0.980626 -0.195651 -0.00970491 -210.56 0.19556 0.980645 -0.00961558 -11.3375 0.0113984 0.0075314 0.999907 11.6045
0.980175 -0.197183 -0.0194053 -211.443 0.196946 0.980322 -0.0134614 -11.5317 0.0216778 0.00937277 0.999721 11.6969
0.97993 -0.199148 0.00875964 -212.314 0.199229 0.979906 -0.00956489 -11.7154 -0.00667879 0.0111181 0.999916 11.7683
0.977868 -0.20128 0.0571084 -213.155 0.201619 0.979464 -0.000169749 -11.9066 -0.0559014 0.0116801 0.998368 11.805
0.975031 -0.203196 0.0895908 -214.02 0.203597 0.979043 0.00472918 -12.0774 -0.0886742 0.0136294 0.995967 11.8352
0.975297 -0.20528 0.0815812 -214.934 0.205671 0.978614 0.00367274 -12.2332 -0.0805905 0.0131969 0.99666 11.8591
0.977336 -0.206104 0.0483194 -215.83 0.206367 0.978474 -0.000474574 -12.4414 -0.0471815 0.0104354 0.998832 11.9401
0.978097 -0.206837 0.0233173 -216.729 0.206991 0.978333 -0.00434236 -12.6381 -0.0219139 0.00907371 0.999719 12.0591
0.977867 -0.207573 0.026264 -217.65 0.207755 0.978171 -0.00434716 -12.8487 -0.0247884 0.00970742 0.999646 12.1135
0.977048 -0.20862 0.0430572 -218.556 0.208919 0.97793 -0.00249517 -13.0494 -0.0415864 0.0114334 0.999069 12.1569
0.97588 -0.210751 0.0569427 -219.443 0.210968 0.97749 0.00224999 -13.238 -0.0561351 0.00981735 0.998375 12.1915
