1 0 0 0 0 1 0 0 0 0 1 0
1 5.92363e-05 -3.37491e-05 0.000871115 -5.92361e-05 1 6.66308e-06 0.00178979 3.37495e-05 -6.66108e-06 1 0.00175037
1 4.17259e-05 -7.95884e-05 0.00115385 -4.1723e-05 1 3.64279e-05 -0.00388104 7.95899e-05 -3.64246e-05 1 0.00189567
1 3.18532e-06 -4.45067e-05 0.00250991 -3.18444e-06 1 1.98396e-05 -0.00101169 4.45067e-05 -1.98394e-05 1 0.000989659
1 3.62386e-05 -6.00593e-05 0.00399019 -3.62383e-05 1 5.04477e-06 -0.00113414 6.00595e-05 -5.04259e-06 1 0.00339965
1 7.6384e-05 -3.99133e-05 0.00361952 -7.63842e-05 1 -5.00893e-06 -0.00166503 3.9913e-05 5.01197e-06 1 0.00284346
1 4.90911e-05 -6.28631e-05 0.00382151 -4.90912e-05 1 -1.38466e-06 -0.00200268 6.2863e-05 1.38775e-06 1 0.00256907
1 -1.96868e-05 -1.19397e-05 0.000263334 1.96868e-05 1 -1.59883e-06 0.00156297 1.19397e-05 1.5986e-06 1 0.000525051
1 2.91573e-05 -1.08808e-05 -0.000908161 -2.91573e-05 1 -4.8808e-06 -0.00221976 1.08807e-05 4.88112e-06 1 0.000927769
1 6.64392e-05 -5.96167e-05 0.00143257 -6.64395e-05 1 -5.05702e-06 -3.65809e-05 5.96163e-05 5.06098e-06 1 0.00381741
1 3.06926e-05 -5.72218e-05 0.00179912 -3.06924e-05 1 3.71725e-06 0.000659111 5.72219e-05 -3.71549e-06 1 0.00319738
1 1.50203e-05 -4.27087e-05 -0.000418203 -1.50201e-05 1 5.20917e-06 -0.00177233 4.27088e-05 -5.20853e-06 1 0.00275449
1 5.80756e-05 -5.20367e-05 0.00294689 -5.80756e-05 1 4.43698e-08 -2.27951e-05 5.20367e-05 -4.13478e-08 1 0.00253693
1 4.95675e-05 -5.78821e-05 0.00435845 -4.95673e-05 1 4.10596e-06 -0.000190762 5.78823e-05 -4.10309e-06 1 0.00290376
1 2.49586e-05 -6.69084e-05 0.00236816 -2.49575e-05 1 1.64785e-05 0.00107551 6.69088e-05 -1.64769e-05 1 0.00237515
1 -2.41558e-05 -3.03309e-05 -0.00287382 2.41558e-05 1 5.95582e-07 0.00262832 3.03309e-05 -5.96315e-07 1 0.00214533
1 3.7626e-05 -4.6078e-05 -0.0024222 -3.76265e-05 1 -9.77778e-06 0.000768293 4.60776e-05 9.77952e-06 1 0.00347859
1 2.84283e-05 -1.13546e-06 -0.000609351 -2.84283e-05 1 -1.06481e-05 0.000601222 1.13516e-06 1.06481e-05 1 0.000464775
1 7.60257e-07 -1.67717e-05 -0.000418616 -7.60485e-07 1 -1.35677e-05 0.00277715 1.67717e-05 1.35677e-05 1 0.000547952
1 -8.75407e-07 -5.12675e-05 -2.20691e-05 8.74977e-07 1 -8.39122e-06 0.00464452 5.12676e-05 8.39118e-06 1 0.0028147
1 8.02996e-06 -3.93505e-05 -0.00254719 -8.02928e-06 1 1.73322e-05 -0.000117897 3.93506e-05 -1.73319e-05 1 0.00195013
1 1.26478e-06 -2.79182e-05 -0.00209418 -1.26448e-06 1 1.07899e-05 -0.000242633 2.79183e-05 -1.07899e-05 1 0.00110105
1 4.48426e-05 -5.82211e-05 0.00103647 -4.48425e-05 1 1.06113e-06 -0.0005426 5.82212e-05 -1.05852e-06 1 0.00279018
1 4.15684e-06 -3.54491e-05 -0.000409954 -4.15686e-06 1 -3.98551e-07 0.00492166 3.54491e-05 3.98698e-07 1 0.00169157
1 3.98051e-05 -4.12524e-05 0.00188595 -3.98046e-05 1 1.28471e-05 -0.00110167 4.12529e-05 -1.28454e-05 1 0.000859362
1 1.18645e-05 -2.30846e-05 -0.00239684 -1.18647e-05 1 -8.6675e-06 0.000729845 2.30845e-05 8.66777e-06 1 0.00160998
1 -4.15246e-05 -5.50331e-06 -0.0080055 4.15246e-05 1 -1.11764e-06 0.00286261 5.50336e-06 1.11741e-06 1 0.0008164
1 3.0047e-05 -7.43063e-05 -0.00246472 -3.00462e-05 1 1.1408e-05 -0.00178136 7.43067e-05 -1.14057e-05 1 0.00339747
1 1.75963e-05 -5.4635e-05 0.00260611 -1.75952e-05 1 2.06178e-05 0.000854228 5.46353e-05 -2.06169e-05 1 0.00158193
1 1.1358e-05 -3.00026e-05 0.00135175 -1.13577e-05 1 1.02424e-05 -0.000278454 3.00027e-05 -1.02421e-05 1 0.000148089
1 6.4058e-06 -5.71161e-05 -0.00107897 -6.40523e-06 1 1.00545e-05 -0.000280494 5.71161e-05 -1.00542e-05 1 0.00221495
1 2.1305e-05 -3.13544e-05 -0.000394338 -2.13052e-05 1 -6.66993e-06 0.00112346 3.13542e-05 6.6706e-06 1 0.0019817
1 1.41307e-05 -4.92051e-05 0.000729857 -1.41306e-05 1 1.74829e-06 -0.00122342 4.92051e-05 -1.74759e-06 1 0.00246109
1 1.07712e-05 -2.28065e-05 -0.000469597 -1.07708e-05 1 1.78841e-05 -0.00177472 2.28067e-05 -1.78838e-05 1 -6.18393e-05
1 1.68017e-06 -1.05981e-05 -0.00260646 -1.68022e-06 1 -4.33056e-06 0.00149698 1.05981e-05 4.33058e-06 1 0.000486883
1 3.46527e-06 -3.73313e-05 -0.00171656 -3.46495e-06 1 8.53228e-06 0.00167217 3.73313e-05 -8.53215e-06 1 0.00114063
1 1.89634e-05 -7.31212e-05 0.000588489 -1.89618e-05 1 2.16793e-05 -0.00150499 7.31216e-05 -2.16779e-05 1 0.00283055
1 -1.8939e-06 -9.95094e-06 -0.00286236 1.89408e-06 1 1.81405e-05 -0.000873341 9.95091e-06 -1.81406e-05 1 -0.000250841
1 -6.53426e-06 -1.32391e-05 -0.00239725 6.53404e-06 1 -1.6961e-05 0.0043907 1.32392e-05 1.69609e-05 1 0.000907273
1 -1.30261e-06 -3.92688e-05 -0.00163023 1.30245e-06 1 -4.07216e-06 0.00465553 3.92688e-05 4.07211e-06 1 0.00186057
1 1.86191e-05 -5.79937e-05 0.00298038 -1.86183e-05 1 1.42455e-05 9.09958e-06 5.79939e-05 -1.42445e-05 1 0.00225104
1 1.76406e-05 -4.1063e-05 0.0027667 -1.76399e-05 1 1.57068e-05 -0.00043957 4.10632e-05 -1.57061e-05 1 0.000598449
1 4.10657e-05 -3.64137e-05 0.0014566 -4.10657e-05 1 5.1661e-07 -0.000685389 3.64137e-05 -5.15115e-07 1 0.00134737
1 -1.85513e-05 -4.34918e-05 -0.00221922 1.85519e-05 1 1.40711e-05 0.00278623 4.34915e-05 -1.4072e-05 1 0.00108916
1 2.30059e-05 -2.65546e-05 0.000824741 -2.30061e-05 1 -6.89987e-06 0.00225669 2.65544e-05 6.90049e-06 1 0.00139708
1 3.02465e-05 -3.59452e-05 0.00036431 -3.02462e-05 1 8.40154e-06 -0.00146162 3.59454e-05 -8.40045e-06 1 0.00129468
1 2.64051e-05 -5.42796e-05 0.00373555 -2.64042e-05 1 1.59646e-05 0.000356267 5.42801e-05 -1.59632e-05 1 0.0011343
1 1.45696e-05 -3.5781e-05 0.00252362 -1.45694e-05 1 4.91222e-06 0.00107546 3.57811e-05 -4.9117e-06 1 0.000723734
1 -2.41926e-05 -2.43113e-05 -0.00309121 2.41926e-05 1 -1.06316e-06 0.00112526 2.43114e-05 1.06258e-06 1 0.000904023
1 3.18075e-05 -6.35755e-05 0.00040914 -3.18065e-05 1 1.62661e-05 -0.00301228 6.3576e-05 -1.62641e-05 1 0.00182754
1 3.69047e-05 -4.92382e-05 0.000728678 -3.69038e-05 1 1.83463e-05 -0.00367386 4.92389e-05 -1.83445e-05 1 0.00143234
1 2.59034e-05 -9.25893e-06 -0.000672802 -2.59034e-05 1 -6.78574e-06 0.00207625 9.25876e-06 6.78598e-06 1 0.000737728
1 6.73802e-05 -4.13309e-05 0.00211242 -6.73805e-05 1 -7.64806e-06 -0.00191958 4.13304e-05 7.65085e-06 1 0.00269026
1 6.15112e-05 -3.68142e-05 0.00155152 -6.15109e-05 1 8.6406e-06 -0.00369536 3.68147e-05 -8.63834e-06 1 0.00226533
1 4.29149e-05 -8.29363e-06 -0.000434277 -4.29149e-05 1 2.63227e-06 -0.00215594 8.29374e-06 -2.63192e-06 1 0.00135266
1 1.27425e-05 -3.88216e-05 0.000969363 -1.27424e-05 1 4.51989e-06 0.00157434 3.88217e-05 -4.51939e-06 1 0.00123847
1 1.72378e-05 -3.67597e-05 -8.47129e-07 -1.72377e-05 1 2.59486e-06 0.0021898 3.67597e-05 -2.59423e-06 1 0.001124
1 3.82563e-05 -3.29309e-05 0.000998501 -3.82557e-05 1 1.82396e-05 -0.00268049 3.29316e-05 -1.82383e-05 1 0.000363396
1 -2.24195e-05 -6.02078e-06 -0.00406013 2.24194e-05 1 -2.56173e-06 0.000901272 6.02084e-06 2.5616e-06 1 0.000354971
1 2.84917e-05 -3.6969e-05 0.00177081 -2.84915e-05 1 4.61518e-06 -0.00145276 3.69692e-05 -4.61412e-06 1 0.00172428
1 4.06615e-05 -1.41082e-05 0.00157572 -4.06614e-05 1 7.03585e-06 -9.23859e-05 1.41085e-05 -7.03527e-06 1 0.00054785
1 6.7265e-05 -2.72946e-05 0.00250523 -6.7265e-05 1 1.63912e-06 -0.00358764 2.72947e-05 -1.63728e-06 1 0.00144867
1 6.23098e-05 -7.86773e-05 0.0108041 -6.23094e-05 1 4.75129e-06 0.000353098 7.86776e-05 -4.74639e-06 1 0.00242905
1 0.000119492 -6.67402e-05 0.017296 -0.000119492 1 -6.6387e-07 -0.00118719 6.67401e-05 6.71845e-07 1 0.00418886
1 0.00011508 -1.55043e-05 0.0108665 -0.00011508 1 3.26472e-06 -0.00171033 1.55047e-05 -3.26294e-06 1 0.00206839
1 6.08583e-05 2.87386e-06 0.000688341 -6.08582e-05 1 -1.72073e-05 0.00123788 -2.87491e-06 1.72071e-05 1 0.00208405
1 -7.69309e-05 -3.82658e-06 -0.0138586 7.69309e-05 1 -8.07718e-06 0.00354632 3.8272e-06 8.07689e-06 1 0.0021036
1 -0.000134897 -1.66025e-05 -0.0240809 0.000134897 1 -1.21468e-06 -0.00139541 1.66026e-05 1.21244e-06 1 0.00362248
1 -0.000171973 5.51406e-05 -0.0352224 0.000171975 1 -3.14447e-05 0.00254271 -5.51352e-05 3.14542e-05 1 0.00265352
1 -0.000296444 5.47302e-05 -0.0451933 0.000296446 1 -2.54758e-05 0.00690278 -5.47227e-05 2.5492e-05 1 0.00266211
1 -0.000339523 5.22178e-05 -0.052068 0.000339525 1 -5.08679e-05 0.00291127 -5.22005e-05 5.08856e-05 1 0.0084626
1 -0.0004437 0.000258538 -0.0757973 0.000443725 1 -9.68213e-05 0.000163799 -0.000258495 9.6936e-05 1 0.00730283
1 -0.000492922 0.000397591 -0.0923369 0.000492987 1 -0.000165362 -0.00276462 -0.000397509 0.000165558 1 0.0105036
1 -0.000811723 0.000413944 -0.131479 0.000811783 1 -0.000145755 0.00671046 -0.000413825 0.000146091 1 0.00753659
0.999999 -0.00140951 0.00042456 -0.217165 0.00140957 0.999999 -0.000149712 0.016907 -0.000424348 0.00015031 1 0.00837375
0.999998 -0.00204208 0.000554018 -0.318279 0.00204218 0.999998 -0.000181295 0.0260947 -0.000553647 0.000182426 1 0.00881375
0.999997 -0.00228619 0.000699214 -0.375605 0.00228631 0.999997 -0.000175366 0.0234125 -0.000698811 0.000176964 1 0.00740651
0.999996 -0.00262227 0.00095626 -0.438 0.00262251 0.999997 -0.000250859 0.0351742 -0.000955599 0.000253366 1 0.00479911
0.999993 -0.00344814 0.00115581 -0.507408 0.0034485 0.999994 -0.000310012 0.056109 -0.00115474 0.000313996 0.999999 0.00182129
0.999989 -0.00451733 0.00137701 -0.618115 0.00451785 0.99999 -0.000375051 0.067312 -0.0013753 0.000381268 0.999999 0.000627566
0.999984 -0.00542191 0.00140217 -0.725643 0.00542249 0.999985 -0.000411624 0.0733797 -0.00139991 0.00041922 0.999999 0.00985796
0.999978 -0.00649404 0.00143734 -0.834501 0.00649464 0.999979 -0.000409441 0.0974964 -0.00143465 0.000418767 0.999999 0.0129819
0.999971 -0.00745277 0.00156013 -0.952286 0.00745346 0.999972 -0.000437922 0.133759 -0.00155682 0.000449537 0.999999 0.0094785
0.999962 -0.00853032 0.00155707 -1.06726 0.00853101 0.999964 -0.000438325 0.160465 -0.00155327 0.000451592 0.999999 0.0129768
0.999952 -0.00969016 0.0017509 -1.18202 0.00969107 0.999953 -0.000509741 0.184561 -0.00174588 0.000526685 0.999998 0.0162344
0.999939 -0.0108918 0.0020338 -1.32555 0.0108929 0.999941 -0.000529229 0.220394 -0.00202791 0.00055135 0.999998 0.012721
0.999923 -0.0122132 0.00208167 -1.47958 0.0122145 0.999925 -0.000624254 0.248805 -0.00207389 0.000649633 0.999998 0.017097
0.999903 -0.0137337 0.00213047 -1.62385 0.013735 0.999905 -0.000615971 0.285289 -0.00212181 0.000645174 0.999998 0.017423
0.999884 -0.0150906 0.00227187 -1.75398 0.0150921 0.999886 -0.000628763 0.307371 -0.00226212 0.000662977 0.999997 0.0141914
0.999856 -0.0167883 0.00259955 -1.9532 0.0167899 0.999859 -0.000595447 0.340976 -0.00258918 0.000639007 0.999996 0.00686857
0.999903 -0.0136955 0.00264001 -2.17886 0.0136968 0.999906 -0.000478914 0.295949 -0.00263321 0.000515027 0.999996 0.00527046
0.999966 -0.00784878 0.00247821 -2.40291 0.00784938 0.999969 -0.000230597 0.189139 -0.00247633 0.000250041 0.999997 0.00513577
0.999994 -0.00255452 0.00244079 -2.62142 0.00255469 0.999997 -6.67587e-05 0.103151 -0.00244061 7.29937e-05 0.999997 0.00390022
0.999998 0.000743809 0.00182948 -2.85861 -0.000744192 1 0.000208529 0.0483491 -0.00182932 -0.00020989 0.999998 0.000377139
0.999991 0.00382828 0.00171753 -3.07936 -0.00382901 0.999993 0.00042394 0.00823119 -0.00171589 -0.000430513 0.999998 -0.00934861
0.999994 0.00287813 0.00199861 -3.22648 -0.00287906 0.999996 0.000464229 0.0264985 -0.00199727 -0.00046998 0.999998 -0.0190047
0.999997 -0.000624967 0.00227552 -3.41019 0.000624116 1 0.000374649 0.0846023 -0.00227575 -0.000373228 0.999997 -0.0168695
0.999992 -0.00310527 0.00233233 -3.58949 0.00310455 0.999995 0.000309241 0.121449 -0.00233328 -0.000301998 0.999997 -0.011598
0.999988 -0.00417419 0.00245849 -3.75264 0.00417333 0.999991 0.000351154 0.112102 -0.00245994 -0.000340889 0.999997 -0.00854928
0.999983 -0.0052973 0.00259362 -3.94471 0.00529643 0.999986 0.000340733 0.165947 -0.00259539 -0.00032699 0.999997 -0.00716133
0.999973 -0.00676439 0.00269395 -4.09737 0.00676367 0.999977 0.000276322 0.184415 -0.00269576 -0.000258093 0.999996 0.00258063
0.99996 -0.0085045 0.00286249 -4.27804 0.0085039 0.999964 0.000221689 0.198997 -0.00286427 -0.000197338 0.999996 0.00711617
0.999939 -0.0106184 0.00295967 -4.5205 0.010618 0.999944 0.000156181 0.227823 -0.00296116 -0.000124746 0.999996 0.0179402
0.999928 -0.0116387 0.00305203 -4.6969 0.0116384 0.999932 0.000132789 0.241863 -0.00305337 -9.72584e-05 0.999995 0.0216855
0.999912 -0.0127895 0.0035332 -4.87925 0.0127887 0.999918 0.000248512 0.267607 -0.00353609 -0.000203305 0.999994 0.00768762
0.99994 -0.0103463 0.00350259 -5.12725 0.010346 0.999946 0.000118049 0.22768 -0.00350362 -8.18042e-05 0.999994 0.0228162
0.99998 -0.00528854 0.00349502 -5.38074 0.00528787 0.999986 0.000200025 0.156183 -0.00349603 -0.000181539 0.999994 0.0244198
0.999993 -0.00166701 0.00343495 -5.66376 0.00166641 0.999999 0.00017538 0.0874768 -0.00343524 -0.000169654 0.999994 0.04178
0.999991 0.00160544 0.0038556 -5.92075 -0.00160712 0.999999 0.000430648 0.0560963 -0.00385491 -0.000436841 0.999992 0.023843
0.999993 -6.27355e-05 0.00379588 -6.10021 6.11502e-05 1 0.000417775 0.0874496 -0.0037959 -0.00041754 0.999993 0.0227728
0.999985 -0.00398763 0.00375617 -6.2746 0.00398655 0.999992 0.00029505 0.139366 -0.00375732 -0.000280072 0.999993 0.0263256
0.999971 -0.00653866 0.00387224 -6.45415 0.00653759 0.999979 0.000289231 0.163463 -0.00387405 -0.000263908 0.999992 0.0223817
0.999963 -0.00748194 0.00431209 -6.6318 0.00748032 0.999972 0.00039162 0.162283 -0.0043149 -0.000359349 0.999991 0.0160834
0.999954 -0.00844105 0.00446491 -6.83814 0.00843957 0.999964 0.000351048 0.163734 -0.00446771 -0.00031335 0.99999 0.0209668
0.999939 -0.0100833 0.004477 -7.0283 0.0100817 0.999949 0.000385888 0.179419 -0.00448066 -0.000340729 0.99999 0.0215662
0.999907 -0.012851 0.00465036 -7.25536 0.0128498 0.999917 0.000276646 0.198417 -0.00465354 -0.000216864 0.999989 0.0333702
0.999881 -0.0147065 0.00473929 -7.45463 0.0147062 0.999892 0.000105162 0.22831 -0.00474033 -3.54522e-05 0.999989 0.0520468
0.999864 -0.015803 0.00475965 -7.6398 0.0158026 0.999875 0.000124843 0.226959 -0.00476103 -4.96116e-05 0.999989 0.0568187
0.99983 -0.0177702 0.00489686 -7.86495 0.0177701 0.999842 7.07458e-05 0.244504 -0.00489734 1.62838e-05 0.999988 0.0591067
0.999789 -0.0197979 0.0055381 -8.08562 0.0197978 0.999804 7.94364e-05 0.254159 -0.00553859 3.02228e-05 0.999985 0.0486775
0.999835 -0.0173555 0.00538718 -8.34182 0.0173563 0.999849 -9.53121e-05 0.191901 -0.00538471 0.000188798 0.999985 0.0669359
0.999904 -0.0126668 0.00554488 -8.63866 0.0126679 0.99992 -0.000160887 0.120221 -0.0055424 0.000231114 0.999985 0.0873756
0.999945 -0.00881951 0.00559417 -8.90063 0.00882122 0.999961 -0.000281522 0.0663636 -0.00559147 0.000330854 0.999984 0.11031
0.99996 -0.00649955 0.00614072 -9.14219 0.0065009 0.999979 -0.000199386 0.0278749 -0.00613929 0.000239298 0.999981 0.109477
0.999944 -0.00846789 0.00640824 -9.35894 0.00846989 0.999964 -0.000284462 0.0317373 -0.0064056 0.000338723 0.999979 0.117908
0.999907 -0.0119949 0.00647545 -9.54135 0.011997 0.999928 -0.00029402 0.0551758 -0.00647145 0.000371679 0.999979 0.122959
0.99988 -0.0140167 0.00664326 -9.72352 0.01402 0.999902 -0.000443357 0.0654744 -0.00663639 0.000536442 0.999978 0.142153
0.99986 -0.0152038 0.00693661 -9.94088 0.0152079 0.999884 -0.000532864 0.0555943 -0.00692771 0.000638281 0.999976 0.151838
0.999839 -0.0164501 0.00722568 -10.1663 0.0164554 0.999864 -0.000668263 0.0605246 -0.00721371 0.000787057 0.999974 0.155512
0.99982 -0.0174277 0.0075411 -10.3077 0.0174332 0.999848 -0.000659669 0.0580719 -0.00752846 0.000791015 0.999971 0.14965
0.999782 -0.019336 0.0079327 -10.5003 0.0193411 0.999813 -0.000572156 0.0782055 -0.00792015 0.000725458 0.999968 0.142577
0.999739 -0.0213709 0.00806944 -10.6993 0.0213763 0.999771 -0.000581522 0.0881607 -0.00805517 0.000753865 0.999967 0.14847
0.999693 -0.0233987 0.00816559 -10.9057 0.0234046 0.999726 -0.000635519 0.0965835 -0.00814848 0.000826436 0.999966 0.156738
0.999655 -0.0249051 0.00836575 -11.0835 0.0249117 0.999689 -0.000684102 0.108784 -0.00834611 0.00089227 0.999965 0.160525
0.999608 -0.02661 0.00872813 -11.2808 0.0266169 0.999645 -0.000676549 0.118252 -0.00870703 0.0009086 0.999962 0.157668
0.999551 -0.0286317 0.00887713 -11.4827 0.0286388 0.99959 -0.000673005 0.118454 -0.00885422 0.000926933 0.99996 0.155812
0.999499 -0.0303152 0.00904747 -11.6741 0.0303225 0.99954 -0.000662184 0.130343 -0.00902323 0.000936194 0.999959 0.153698
0.999438 -0.032167 0.00939735 -11.8784 0.0321738 0.999482 -0.000575146 0.144185 -0.00937399 0.000877172 0.999956 0.14518
0.99938 -0.0338628 0.00961794 -12.0736 0.0338693 0.999426 -0.000508029 0.145095 -0.00959521 0.000833467 0.999954 0.144287
0.999293 -0.0362769 0.00983331 -12.2918 0.0362843 0.999341 -0.000577113 0.138903 -0.00980589 0.0009335 0.999951 0.153929
0.999232 -0.0378821 0.0100553 -12.448 0.03789 0.999282 -0.000588906 0.144702 -0.0100258 0.000969449 0.999949 0.153713
0.999173 -0.0393233 0.010301 -12.6174 0.0393313 0.999226 -0.000573643 0.156786 -0.0102705 0.000978321 0.999947 0.146936
0.999107 -0.040877 0.0106549 -12.8142 0.0408849 0.999164 -0.000520812 0.161814 -0.0106247 0.000955973 0.999943 0.140008
0.999027 -0.0428011 0.0106642 -13.0138 0.0428103 0.999083 -0.000639564 0.180679 -0.0106271 0.00109548 0.999943 0.152428
0.998963 -0.0441932 0.0109201 -13.1659 0.0442022 0.999022 -0.0005837 0.174151 -0.0108837 0.00106579 0.99994 0.150006
0.998893 -0.0456724 0.0112468 -13.336 0.0456811 0.998956 -0.000510094 0.172347 -0.0112118 0.0010233 0.999937 0.145993
0.998813 -0.0473793 0.0113407 -13.5326 0.0473887 0.998876 -0.000562337 0.180428 -0.0113013 0.00109909 0.999936 0.152959
0.99873 -0.0490257 0.0115778 -13.7098 0.049036 0.998797 -0.000608811 0.192513 -0.011534 0.00117577 0.999933 0.155588
0.998655 -0.0504478 0.011995 -13.8703 0.0504584 0.998726 -0.000578955 0.203003 -0.0119505 0.00118342 0.999928 0.150905
0.998603 -0.0514192 0.0121994 -14.0316 0.0514312 0.998676 -0.000671862 0.201549 -0.0121487 0.00129835 0.999925 0.165216
0.998532 -0.0527055 0.0124576 -14.2159 0.0527182 0.998609 -0.000688779 0.211911 -0.012404 0.00134451 0.999922 0.176968
0.998665 -0.0501266 0.0124872 -14.4529 0.0501392 0.998742 -0.000701056 0.169489 -0.0124364 0.00132622 0.999922 0.1902
0.998892 -0.0453377 0.0126282 -14.7151 0.0453491 0.998971 -0.000620895 0.0849535 -0.012587 0.00119288 0.99992 0.198927
0.999075 -0.0411054 0.0126093 -14.9764 0.0411152 0.999154 -0.000520414 -0.0215302 -0.0125772 0.00103836 0.99992 0.206255
0.999194 -0.0381944 0.0123399 -15.1929 0.0382059 0.99927 -0.000698024 -0.0811465 -0.0123043 0.00116892 0.999924 0.228654
0.999283 -0.0358031 0.0122882 -15.426 0.0358155 0.999358 -0.000791676 -0.130128 -0.012252 0.00123122 0.999924 0.239384
0.999237 -0.0369781 0.012584 -15.6132 0.0369922 0.999315 -0.000892884 -0.109167 -0.0125424 0.00135771 0.99992 0.240488
0.99913 -0.0396645 0.0128996 -15.7578 0.0396805 0.999212 -0.000992578 -0.0543396 -0.0128501 0.00150358 0.999916 0.238463
0.999063 -0.0412897 0.0130108 -15.8951 0.0413068 0.999146 -0.00105165 -0.0267588 -0.0129563 0.0015881 0.999915 0.238695
0.999004 -0.0426252 0.0131908 -16.0551 0.0426422 0.99909 -0.00100655 -0.0596838 -0.0131359 0.00156803 0.999912 0.22868
0.998957 -0.0436202 0.013479 -16.1879 0.0436368 0.999047 -0.00094314 -0.0689074 -0.013425 0.00153034 0.999909 0.222834
0.998895 -0.0449738 0.0136107 -16.3306 0.0449908 0.998987 -0.000947245 -0.0591212 -0.0135543 0.00155855 0.999907 0.225955
0.998833 -0.0463243 0.013663 -16.4671 0.0463429 0.998925 -0.00104339 -0.0541338 -0.0136 0.00167535 0.999906 0.236703
0.998756 -0.0479129 0.0138379 -16.6254 0.0479318 0.99885 -0.00103821 -0.0550665 -0.0137722 0.00170019 0.999904 0.236979
0.998705 -0.0489483 0.0138662 -16.7397 0.0489676 0.9988 -0.00105297 -0.0569025 -0.013798 0.00173059 0.999903 0.243022
0.998634 -0.0503128 0.0140798 -16.8803 0.0503313 0.998732 -0.000966369 -0.072366 -0.0140133 0.0016737 0.9999 0.242156
0.998547 -0.0519548 0.014279 -17.0498 0.0519713 0.998648 -0.000790511 -0.0971815 -0.0142186 0.00153146 0.999898 0.235854
0.998455 -0.0537391 0.0141349 -17.2266 0.0537556 0.998554 -0.000793649 -0.109211 -0.0140718 0.00155225 0.9999 0.241585
0.998396 -0.0547992 0.0142514 -17.3276 0.0548148 0.998496 -0.000708861 -0.11163 -0.0141912 0.00148891 0.999898 0.231778
0.998316 -0.0561652 0.014545 -17.4438 0.0561817 0.99842 -0.000727333 -0.144301 -0.0144812 0.00154327 0.999894 0.241323
0.998225 -0.057747 0.014578 -17.573 0.0577637 0.99833 -0.000727667 -0.15737 -0.0145116 0.00156845 0.999893 0.253165
0.998132 -0.0593521 0.01451 -17.7175 0.0593692 0.998236 -0.00075371 -0.177628 -0.0144397 0.00161375 0.999894 0.265376
0.998065 -0.0604292 0.0146381 -17.838 0.0604468 0.998171 -0.000760995 -0.200358 -0.0145653 0.00164435 0.999893 0.268147
0.997972 -0.0618947 0.0148614 -17.9713 0.0619129 0.998081 -0.000769034 -0.232626 -0.0147853 0.00168759 0.999889 0.26869
0.997843 -0.0639876 0.0146576 -18.1324 0.0640069 0.997949 -0.000852612 -0.290674 -0.0145729 0.00178896 0.999892 0.283122
0.997734 -0.0656003 0.0149745 -18.276 0.0656209 0.997844 -0.000887867 -0.310242 -0.0148839 0.00186849 0.999887 0.288842
0.997599 -0.0676694 0.0147613 -18.4511 0.0676897 0.997706 -0.000874979 -0.334917 -0.0146682 0.00187206 0.999891 0.29208
0.997476 -0.0694916 0.01455 -18.5869 0.0695125 0.997581 -0.000933754 -0.371304 -0.0144499 0.0019428 0.999894 0.303599
0.997345 -0.0713959 0.0143258 -18.7216 0.0714188 0.997446 -0.00109309 -0.400216 -0.0142112 0.00211332 0.999897 0.320369
0.996902 -0.0772901 0.0146053 -18.8106 0.0773135 0.997006 -0.00104028 -0.382146 -0.0144811 0.00216624 0.999893 0.31339
0.996297 -0.0845978 0.015342 -18.8506 0.0846226 0.996413 -0.000973123 -0.351136 -0.0152047 0.0022678 0.999882 0.30484
0.995698 -0.091351 0.015482 -18.8687 0.0913778 0.995816 -0.00103258 -0.34057 -0.0153229 0.00244286 0.99988 0.301698
0.995098 -0.0976142 0.0158488 -18.9541 0.0976444 0.995221 -0.00114176 -0.325568 -0.0156616 0.00268371 0.999874 0.305243
0.994491 -0.103579 0.0160651 -19.0966 0.103616 0.994616 -0.00148336 -0.295857 -0.015825 0.0031398 0.99987 0.32385
0.994227 -0.106034 0.0164337 -19.2647 0.106079 0.994356 -0.00193565 -0.32879 -0.0161357 0.00366775 0.999863 0.343929
0.99407 -0.10752 0.0162776 -19.4851 0.107563 0.994197 -0.00181811 -0.395573 -0.0159876 0.0035582 0.999866 0.334503
0.993933 -0.108804 0.0160937 -19.6885 0.108844 0.994058 -0.00162614 -0.466523 -0.0158211 0.00336797 0.999869 0.338391
0.9936 -0.111862 0.0156918 -19.8897 0.1119 0.993718 -0.00157606 -0.5508 -0.0154169 0.00332189 0.999876 0.359781
0.992771 -0.118991 0.0157254 -19.9922 0.119027 0.99289 -0.00139081 -0.573612 -0.0154481 0.0032525 0.999875 0.353187
0.991739 -0.127254 0.0161299 -20.0475 0.127298 0.991863 -0.00174015 -0.547981 -0.0157772 0.00377908 0.999868 0.360072
0.99071 -0.134962 0.016719 -20.1778 0.135016 0.990841 -0.00217133 -0.53098 -0.0162728 0.00440849 0.999858 0.362257
0.989833 -0.141228 0.016914 -20.3422 0.141287 0.989966 -0.00231054 -0.571516 -0.016418 0.00467678 0.999854 0.361414
0.988934 -0.147356 0.0171737 -20.4816 0.147412 0.989073 -0.00205746 -0.609219 -0.0166829 0.00456631 0.99985 0.362263
0.987873 -0.154289 0.0173876 -20.6382 0.154344 0.988015 -0.0018743 -0.610149 -0.01689 0.00453524 0.999847 0.370646
0.987107 -0.159096 0.017582 -20.8798 0.159152 0.987253 -0.00179748 -0.665525 -0.0170719 0.0045725 0.999844 0.388179
0.986093 -0.165246 0.0177467 -21.0634 0.165302 0.986242 -0.00172116 -0.713285 -0.0172182 0.00463079 0.999841 0.393893
0.984804 -0.172719 0.018143 -21.2211 0.172777 0.98496 -0.00164472 -0.754303 -0.0175861 0.00475443 0.999834 0.393602
0.983135 -0.181952 0.0184381 -21.4489 0.182014 0.983294 -0.00176266 -0.806747 -0.0178093 0.00508893 0.999828 0.404513
0.981665 -0.189683 0.0188411 -21.6576 0.189746 0.981832 -0.00161411 -0.854177 -0.0181926 0.00515955 0.999821 0.407875
0.980267 -0.196754 0.0190918 -21.8796 0.196818 0.980439 -0.00147795 -0.899165 -0.0184275 0.00520638 0.999817 0.411893
0.978463 -0.205506 0.0194178 -22.136 0.205573 0.978641 -0.00149751 -0.965508 -0.0186953 0.00545702 0.99981 0.415953
0.976656 -0.2139 0.0197478 -22.3725 0.213968 0.97684 -0.00138219 -1.02752 -0.0189948 0.00557533 0.999804 0.423611
0.974625 -0.22294 0.0200971 -22.6257 0.223009 0.974815 -0.00128157 -1.10563 -0.0193052 0.00573089 0.999797 0.435024
0.972762 -0.23089 0.0205817 -22.8605 0.230961 0.972962 -0.00113265 -1.1762 -0.0197637 0.00585538 0.999788 0.44883
0.970577 -0.239865 0.0211159 -23.131 0.239944 0.970786 -0.00121772 -1.26587 -0.020207 0.00624852 0.999776 0.464886
0.968395 -0.248499 0.0214111 -23.4043 0.248576 0.968612 -0.000965143 -1.33246 -0.0204992 0.00625692 0.99977 0.466306
0.965957 -0.257793 0.0216712 -23.7072 0.257865 0.966181 -0.000540844 -1.40955 -0.0207989 0.00611067 0.999765 0.463655
0.96373 -0.26598 0.021882 -23.9654 0.266033 0.963964 0.000546765 -1.49634 -0.0212389 0.0052944 0.99976 0.474034
0.961079 -0.275378 0.0222354 -24.2441 0.275399 0.961327 0.0021708 -1.58294 -0.0219733 0.00403731 0.99975 0.490725
0.958246 -0.285093 0.0220451 -24.5473 0.284928 0.958493 0.0103578 -1.68939 -0.024083 -0.00364406 0.999703 0.507356
0.954984 -0.295885 0.0213703 -24.8743 0.295474 0.955133 0.0204119 -1.7986 -0.0264511 -0.0131787 0.999563 0.555775
0.951434 -0.307173 0.0204577 -25.1531 0.306523 0.951399 0.0297144 -1.89632 -0.0285909 -0.0220005 0.999349 0.586256
0.948419 -0.31637 0.0202681 -25.4512 0.315723 0.948386 0.0297181 -2.00701 -0.0286239 -0.0217862 0.999353 0.60108
0.945604 -0.324614 0.0214222 -25.7766 0.324079 0.945698 0.0250666 -2.13166 -0.0283959 -0.0167606 0.999456 0.635998
0.942893 -0.332283 0.0232608 -26.0959 0.331781 0.943077 0.0229637 -2.27176 -0.0295672 -0.0139348 0.999466 0.64663
0.940953 -0.337596 0.0252418 -26.4145 0.337285 0.94127 0.0158196 -2.39142 -0.0291 -0.00637184 0.999556 0.649047
0.939413 -0.341792 0.0261046 -26.7412 0.341512 0.939763 0.0146644 -2.5055 -0.0295443 -0.00486089 0.999552 0.621581
0.93765 -0.346635 0.0256284 -27.0769 0.34622 0.937955 0.0192818 -2.6224 -0.030722 -0.00920652 0.999486 0.606591
0.935999 -0.351211 0.0236073 -27.4233 0.350499 0.936093 0.0296617 -2.75603 -0.0325161 -0.019489 0.999281 0.663603
0.934506 -0.355258 0.0221363 -27.7787 0.354296 0.934354 0.0381607 -2.90449 -0.03424 -0.0278186 0.999026 0.766741
0.93407 -0.356378 0.0225466 -28.0787 0.35545 0.933968 0.0368603 -3.03352 -0.034194 -0.0264159 0.999066 0.817205
0.934523 -0.355046 0.0246968 -28.4618 0.354225 0.934604 0.0322392 -3.19515 -0.0345282 -0.0213801 0.999175 0.77772
0.935315 -0.352843 0.0262293 -28.8579 0.352284 0.935594 0.023674 -3.3285 -0.0328932 -0.0129025 0.999376 0.734331
0.936179 -0.350484 0.0270071 -29.2241 0.350165 0.936553 0.0158988 -3.42595 -0.0308659 -0.00542723 0.999509 0.716976
0.937665 -0.346674 0.0245087 -29.551 0.34637 0.937964 0.0158589 -3.5438 -0.0284862 -0.00638129 0.999574 0.751356
0.939927 -0.340556 0.0236396 -29.9058 0.340173 0.940175 0.0187913 -3.67372 -0.0286248 -0.00962093 0.999544 0.818203
0.942592 -0.333065 0.0242697 -30.277 0.332644 0.942844 0.0198085 -3.82086 -0.02948 -0.0105982 0.999509 0.851633
0.945249 -0.325362 0.0253754 -30.6773 0.324949 0.945538 0.0191227 -3.96772 -0.0302152 -0.00983005 0.999495 0.846731
0.947232 -0.319472 0.0262427 -31.0502 0.31906 0.947549 0.0187446 -4.10026 -0.0308546 -0.00938253 0.99948 0.839444
0.949491 -0.312662 0.0266345 -31.4483 0.312246 0.949818 0.0186532 -4.22991 -0.03113 -0.00939452 0.999471 0.863939
0.953128 -0.301357 0.02705 -31.8726 0.300927 0.953461 0.0188468 -4.34893 -0.0314708 -0.00982333 0.999456 0.896013
0.955904 -0.292404 0.0273346 -32.3128 0.291967 0.956242 0.0189077 -4.4494 -0.0316672 -0.0100931 0.999448 0.915277
0.958787 -0.282765 0.0277627 -32.7217 0.282307 0.95913 0.0193037 -4.52765 -0.0320865 -0.0106705 0.999428 0.915773
0.961674 -0.272744 0.0281801 -33.137 0.272277 0.962025 0.0193344 -4.63637 -0.0323833 -0.0109206 0.999416 0.941634
0.964603 -0.262154 0.0285827 -33.5587 0.261683 0.964963 0.0192067 -4.74011 -0.0326164 -0.0110472 0.999407 0.969946
0.967734 -0.250288 0.029095 -34.0345 0.249806 0.968105 0.0192213 -4.85966 -0.0329779 -0.011333 0.999392 0.983158
0.970511 -0.239229 0.0296477 -34.4873 0.238734 0.970893 0.0192883 -4.92665 -0.0333991 -0.0116416 0.999374 0.998
0.973141 -0.22825 0.0299676 -34.9301 0.227735 0.973525 0.0196547 -5.00979 -0.0336604 -0.0123022 0.999358 1.0132
0.975864 -0.216246 0.0304442 -35.3873 0.215715 0.976255 0.0198154 -5.10307 -0.0340063 -0.0127698 0.99934 1.03682
0.978424 -0.204299 0.0307808 -35.8311 0.20375 0.978817 0.0200859 -5.19064 -0.0342324 -0.013381 0.999324 1.05894
0.980745 -0.19279 0.0311488 -36.284 0.192238 0.981147 0.0198609 -5.26699 -0.0343905 -0.0134904 0.999317 1.08221
0.983055 -0.180539 0.0317498 -36.751 0.179976 0.983471 0.0198172 -5.36044 -0.0348028 -0.0137672 0.999299 1.09092
0.985095 -0.16901 0.0319916 -37.252 0.168439 0.985514 0.019775 -5.41639 -0.0348703 -0.0140916 0.999292 1.1014
0.986933 -0.157936 0.0319395 -37.7552 0.157353 0.987339 0.0200361 -5.47399 -0.0346996 -0.0147485 0.999289 1.11156
0.988643 -0.146866 0.0318527 -38.2599 0.146264 0.989033 0.0204879 -5.51537 -0.0345124 -0.0155963 0.999283 1.12244
0.990288 -0.135376 0.031655 -38.7434 0.134763 0.99066 0.0207732 -5.58018 -0.0341716 -0.0163055 0.999283 1.1514
0.991695 -0.125431 0.0284172 -39.2595 0.124871 0.991957 0.0207093 -5.61917 -0.0307862 -0.0169889 0.999382 1.1869
0.992963 -0.115349 0.0268323 -39.7391 0.114827 0.993179 0.0202614 -5.68599 -0.0289864 -0.0170377 0.999435 1.22742
0.993719 -0.10837 0.0279078 -40.2312 0.107827 0.993963 0.0202674 -5.73189 -0.0299357 -0.0171309 0.999405 1.23942
0.994332 -0.102297 0.028973 -40.7459 0.101733 0.994604 0.0203311 -5.7651 -0.0308965 -0.0172683 0.999373 1.26594
0.994936 -0.0960343 0.0296698 -41.2734 0.095451 0.995223 0.0204894 -5.80965 -0.0314957 -0.0175536 0.99935 1.28929
0.995545 -0.0892451 0.0304158 -41.8139 0.0886384 0.995848 0.0207439 -5.85196 -0.0321408 -0.0179555 0.999322 1.29006
0.996064 -0.0830062 0.0310872 -42.3798 0.082376 0.996379 0.0210328 -5.89661 -0.0327205 -0.0183892 0.999295 1.30896
0.996514 -0.0771253 0.0318055 -42.9416 0.0764785 0.996848 0.0210755 -5.94693 -0.0333307 -0.0185696 0.999272 1.32575
0.996932 -0.0712603 0.0323742 -43.4929 0.070608 0.997286 0.0208653 -5.99072 -0.0337732 -0.0185154 0.999258 1.34543
0.997028 -0.069505 0.0332318 -44.0162 0.0688406 0.997412 0.020737 -6.00484 -0.0345872 -0.0183877 0.999233 1.37046
0.997155 -0.0674276 0.0337103 -44.5199 0.0667504 0.997552 0.0208277 -6.00453 -0.0350321 -0.0185183 0.999215 1.39092
0.997328 -0.0645327 0.0342368 -45.1131 0.0638463 0.997743 0.0207774 -6.05945 -0.0355003 -0.018536 0.999198 1.41422
0.997405 -0.0629254 0.0349722 -45.6865 0.0622226 0.997845 0.0208349 -6.11253 -0.0362079 -0.0186047 0.999171 1.43422
0.997432 -0.0623546 0.0352433 -46.2504 0.0616497 0.997882 0.0207471 -6.11799 -0.0364623 -0.0185211 0.999163 1.46757
0.997463 -0.0621488 0.0347181 -46.8124 0.0614704 0.997903 0.0202779 -6.14334 -0.0359055 -0.0180923 0.999191 1.50593
0.997473 -0.0618267 0.0350045 -47.3819 0.0611546 0.997929 0.0199567 -6.17462 -0.0361659 -0.0177656 0.999188 1.54226
0.997443 -0.0619529 0.0356154 -47.9759 0.0612803 0.997927 0.0196785 -6.21577 -0.0367607 -0.0174457 0.999172 1.57602
0.997373 -0.0626932 0.0362931 -48.5546 0.062002 0.997878 0.0198664 -6.24487 -0.0374616 -0.0175639 0.999144 1.58753
0.997395 -0.0626202 0.035811 -49.1301 0.0619369 0.997882 0.0198816 -6.30724 -0.0369801 -0.0176118 0.999161 1.60778
0.997364 -0.0628502 0.0362572 -49.7189 0.0621531 0.997865 0.0200443 -6.33575 -0.0374396 -0.017738 0.999141 1.63659
0.997309 -0.0631416 0.037242 -50.2778 0.0624231 0.997846 0.0201511 -6.37557 -0.0384342 -0.0177721 0.999103 1.66721
0.997238 -0.0635409 0.0384462 -50.887 0.0628005 0.997822 0.0201701 -6.41138 -0.0396441 -0.0177 0.999057 1.7004
0.997168 -0.0640092 0.0394846 -51.479 0.0632401 0.997789 0.0204317 -6.46169 -0.0407052 -0.0178768 0.999011 1.71985
0.997112 -0.0642529 0.0404792 -52.0707 0.0634575 0.997771 0.0206398 -6.50513 -0.0417152 -0.0180115 0.998967 1.74564
0.997038 -0.0648606 0.0413211 -52.6561 0.0640442 0.997731 0.0207864 -6.5518 -0.0425755 -0.0180784 0.99893 1.77822
0.996969 -0.065374 0.0421852 -53.2616 0.064536 0.997696 0.0209307 -6.58687 -0.0434563 -0.0181448 0.998891 1.8066
0.996934 -0.0654758 0.0428491 -53.8525 0.0646311 0.997692 0.0208121 -6.62392 -0.0441129 -0.0179789 0.998865 1.8434
0.996854 -0.0660735 0.0437683 -54.4511 0.0652165 0.997656 0.0207282 -6.67601 -0.0450353 -0.0178086 0.998827 1.87904
0.996702 -0.0679855 0.0443094 -55.0073 0.067109 0.997525 0.0209786 -6.68356 -0.045626 -0.0179359 0.998798 1.8978
0.996606 -0.0690826 0.0447647 -55.5688 0.0681933 0.997449 0.0210987 -6.7189 -0.046108 -0.0179745 0.998775 1.93246
0.996589 -0.0688757 0.0454684 -56.1769 0.0679715 0.997463 0.0211433 -6.78201 -0.0468093 -0.0179806 0.998742 1.96587
0.996551 -0.0690521 0.0460171 -56.8062 0.0681446 0.997454 0.0210092 -6.83873 -0.0473507 -0.0178009 0.99872 2.00634
0.996516 -0.0697208 0.0457687 -57.4049 0.068841 0.997416 0.0205291 -6.86796 -0.0470817 -0.0173069 0.998741 2.04687
0.996456 -0.0703924 0.0460503 -57.995 0.0695278 0.997377 0.0201176 -6.90319 -0.0473457 -0.0168445 0.998737 2.08958
0.996378 -0.071051 0.0467127 -58.5941 0.0701878 0.997336 0.0198699 -6.95823 -0.0480001 -0.0165193 0.998711 2.12639
0.99628 -0.0721479 0.0471299 -59.1928 0.0712977 0.997265 0.0194809 -6.99174 -0.0484065 -0.0160481 0.998699 2.17389
0.996165 -0.0730751 0.0481076 -59.7856 0.0722116 0.9972 0.0194503 -7.03791 -0.0493943 -0.0159018 0.998653 2.21147
0.996087 -0.0733823 0.0492555 -60.4029 0.0724935 0.997176 0.0195978 -7.08426 -0.0505545 -0.0159504 0.998594 2.25322
0.996033 -0.0734473 0.0502425 -61.0329 0.0725417 0.997172 0.0196191 -7.13554 -0.0515414 -0.0158966 0.998544 2.29469
0.995967 -0.0737417 0.0511077 -61.6527 0.0728282 0.997154 0.019514 -7.19467 -0.0524012 -0.0157133 0.998502 2.33343
0.995852 -0.0746248 0.0520603 -62.2565 0.073704 0.997092 0.0193896 -7.23433 -0.0533558 -0.0154721 0.998456 2.37027
0.99556 -0.0778594 0.0528994 -62.8271 0.0769206 0.996845 0.0195607 -7.26533 -0.0542555 -0.0154048 0.998408 2.40618
0.995391 -0.0797567 0.0532518 -63.45 0.0788137 0.996697 0.0195816 -7.31869 -0.0546377 -0.0152944 0.998389 2.4389
0.995184 -0.0824316 0.053041 -64.0678 0.0814905 0.99648 0.0196716 -7.37741 -0.0544758 -0.0152546 0.998399 2.47353
0.994906 -0.0856667 0.0531386 -64.7043 0.084733 0.996211 0.0195858 -7.45218 -0.0546152 -0.0149835 0.998395 2.52764
0.994512 -0.0897859 0.0537149 -65.3124 0.0888365 0.995849 0.0198132 -7.49809 -0.0552709 -0.0149326 0.99836 2.57608
0.994097 -0.0939767 0.0542202 -65.9083 0.0930125 0.995463 0.0200456 -7.54809 -0.0558581 -0.0148841 0.998328 2.62201
0.993777 -0.0975667 0.0537438 -66.5169 0.0966004 0.995116 0.020298 -7.62401 -0.0554618 -0.01498 0.998348 2.6653
0.993332 -0.102331 0.0531116 -67.1565 0.101386 0.994642 0.0201897 -7.68483 -0.054893 -0.0146703 0.998384 2.71138
0.99282 -0.107168 0.0531281 -67.7547 0.106211 0.994132 0.0205296 -7.7528 -0.0550164 -0.0147394 0.998377 2.73873
0.992375 -0.111475 0.0525799 -68.3686 0.110573 0.993671 0.0197716 -7.82843 -0.0544512 -0.0138069 0.998421 2.77649
0.991892 -0.115955 0.0520031 -69 0.11507 0.993162 0.0197081 -7.90116 -0.0539328 -0.0135643 0.998452 2.82938
0.99122 -0.121576 0.0519736 -69.5991 0.12071 0.992496 0.0195049 -7.97002 -0.0539549 -0.0130599 0.998458 2.87911
0.990429 -0.127539 0.052765 -70.201 0.126676 0.991754 0.0194081 -8.05546 -0.0548052 -0.0125382 0.998418 2.93483
0.989611 -0.133268 0.0539441 -70.7853 0.132392 0.991005 0.0195111 -8.14371 -0.0560591 -0.0121666 0.998353 2.97897
0.988718 -0.139404 0.0548092 -71.3766 0.138528 0.990167 0.0194947 -8.22784 -0.0569878 -0.0116822 0.998307 3.02106
0.987759 -0.145716 0.0556696 -71.9884 0.144832 0.989262 0.0196259 -8.31972 -0.0579316 -0.0113229 0.998256 3.04971
0.98678 -0.15191 0.0564715 -72.5951 0.151002 0.98833 0.0200484 -8.43352 -0.0588581 -0.011256 0.998203 3.08732
0.985845 -0.158634 0.0542663 -73.1904 0.157779 0.987278 0.0197142 -8.52906 -0.0567033 -0.0108731 0.998332 3.13876
0.98481 -0.164999 0.0540732 -73.7781 0.164153 0.986237 0.0197659 -8.63236 -0.0565903 -0.0105894 0.998341 3.18761
0.983652 -0.171487 0.0549671 -74.3751 0.170633 0.985134 0.0198998 -8.74179 -0.0575625 -0.0101953 0.99829 3.23143
0.982528 -0.177623 0.0555774 -74.9695 0.176763 0.984049 0.0200611 -8.85175 -0.0582542 -0.00988661 0.998253 3.26673
0.981328 -0.184164 0.0554952 -75.5599 0.183294 0.982846 0.0204102 -8.96101 -0.058302 -0.00985716 0.99825 3.30521
0.980122 -0.190522 0.0553423 -76.1447 0.189632 0.981631 0.0209715 -9.07845 -0.0583213 -0.01006 0.998247 3.35253
0.978815 -0.197101 0.0554311 -76.7107 0.196182 0.980329 0.0216073 -9.19319 -0.0585996 -0.010275 0.998229 3.40192
0.977506 -0.20354 0.0552657 -77.2761 0.202615 0.979013 0.0219136 -9.31911 -0.0585662 -0.010223 0.998231 3.45945
0.976195 -0.209747 0.0552297 -77.8599 0.208852 0.977709 0.0215703 -9.46138 -0.0585229 -0.00952198 0.998241 3.50026
0.974845 -0.215993 0.0549992 -78.4195 0.215104 0.976351 0.0216759 -9.5917 -0.0583804 -0.00930012 0.998251 3.53694
0.973511 -0.222059 0.0544588 -78.9844 0.221161 0.974987 0.0220774 -9.72952 -0.0579991 -0.00944839 0.998272 3.59038
0.972182 -0.22771 0.0548576 -79.5456 0.226818 0.973687 0.0220539 -9.86426 -0.0584361 -0.0089977 0.998251 3.63842
0.970732 -0.233859 0.05467 -80.0999 0.233007 0.972236 0.0215599 -10.0163 -0.0581941 -0.00819036 0.998272 3.67477
0.969135 -0.240249 0.0552917 -80.6461 0.239402 0.970681 0.0215579 -10.1783 -0.0588499 -0.0076556 0.998237 3.71171
0.967494 -0.246545 0.0563114 -81.1886 0.245694 0.969105 0.0216699 -10.3349 -0.0599143 -0.00713013 0.998178 3.75234
0.965827 -0.25274 0.057449 -81.7302 0.251867 0.96751 0.022085 -10.4849 -0.0611642 -0.00686083 0.998104 3.79518
0.964138 -0.258899 0.0583854 -82.2743 0.258003 0.965881 0.0225237 -10.6363 -0.0622247 -0.0066523 0.99804 3.83947
0.962423 -0.265005 0.0592889 -82.8071 0.264088 0.964226 0.0229314 -10.7859 -0.0632448 -0.00641218 0.997977 3.89167
0.96047 -0.271835 0.0600304 -83.334 0.270934 0.962327 0.0228167 -10.949 -0.0639712 -0.00565047 0.997936 3.94274
0.958665 -0.278144 0.0599851 -83.8492 0.277314 0.96053 0.0219011 -11.097 -0.0637092 -0.00436112 0.997959 3.99169
0.956778 -0.284914 0.0583006 -84.3675 0.284251 0.958551 0.0195459 -11.2519 -0.061453 -0.00212913 0.998108 4.05383
0.954914 -0.291502 0.0562614 -84.8948 0.290961 0.95657 0.0177613 -11.442 -0.0589954 -0.000590642 0.998258 4.08648
0.953089 -0.29765 0.0550092 -85.4237 0.297218 0.954675 0.0160612 -11.6076 -0.0572965 0.00104191 0.998357 4.12267
0.951106 -0.303955 0.0548552 -85.92 0.303545 0.952685 0.015852 -11.7804 -0.0570781 0.00157408 0.998368 4.16332
0.94898 -0.310558 0.0546856 -86.4185 0.310169 0.950552 0.0156676 -11.9443 -0.0568472 0.00209353 0.998381 4.21748
0.946817 -0.317113 0.0545698 -86.9309 0.316733 0.948385 0.0157142 -12.1228 -0.0567363 0.00240559 0.998386 4.25279
0.944548 -0.323779 0.0547427 -87.4271 0.323356 0.946131 0.0166451 -12.2926 -0.057183 0.00197926 0.998362 4.28674
0.942232 -0.331028 0.0511841 -87.9239 0.330443 0.943619 0.019753 -12.4708 -0.0548371 -0.00169848 0.998494 4.31305
0.940085 -0.337698 0.0468952 -88.4018 0.337152 0.941251 0.0193387 -12.6536 -0.0506708 -0.00236917 0.998713 4.42922
0.937933 -0.343365 0.0487977 -88.8832 0.343348 0.939165 0.0090053 -12.8508 -0.0489212 0.00830821 0.998768 4.44737
0.93489 -0.350934 0.0531561 -89.3739 0.351072 0.936322 0.00703325 -13.0258 -0.0522394 0.0120863 0.998561 4.39788
0.93171 -0.359009 0.0550341 -89.8675 0.358998 0.93328 0.0104202 -13.2228 -0.0551031 0.0100486 0.99843 4.44306
0.928135 -0.368213 0.0546378 -90.3312 0.367628 0.929741 0.0207752 -13.4086 -0.0584487 0.000804203 0.99829 4.51781
0.924803 -0.376597 0.0539782 -90.7974 0.375781 0.926373 0.0249424 -13.5968 -0.0593972 -0.00278286 0.998231 4.62039
0.922232 -0.382684 0.0551504 -91.2458 0.382031 0.923879 0.0223545 -13.83 -0.0595071 0.000453124 0.998228 4.67133
0.919295 -0.38908 0.0592696 -91.7422 0.388958 0.921148 0.0140445 -14.0433 -0.0600605 0.0101423 0.998143 4.67068
0.915591 -0.39782 0.0585876 -92.2051 0.397981 0.917346 0.00939341 -14.2624 -0.057482 0.0147162 0.998238 4.63643
0.911808 -0.406703 0.0565544 -92.6505 0.406795 0.91346 0.0103911 -14.4548 -0.0558863 0.0135314 0.998345 4.66372
0.908156 -0.415015 0.0549174 -93.0997 0.414929 0.909754 0.0135029 -14.6518 -0.0555652 0.010524 0.9984 4.75515
