1 0 0 0 0 1 0 0 0 0 1 0
1 -4.60364e-06 -1.42538e-05 -0.000715523 4.60352e-06 1 -8.74205e-06 0.00117281 1.42538e-05 8.74198e-06 1 0.000228887
1 8.72492e-06 -8.59819e-06 0.00289995 -8.72501e-06 1 -1.02221e-05 0.000989302 8.5981e-06 1.02222e-05 1 -0.000221444
1 -3.16959e-05 -1.31194e-05 0.00113429 3.16959e-05 1 -1.07947e-06 -0.00011297 1.31194e-05 1.07906e-06 1 -0.000822548
1 -3.4137e-05 -1.28888e-05 -0.000634564 3.41369e-05 1 -4.19083e-06 0.000466874 1.2889e-05 4.19039e-06 1 -0.000127238
1 3.75447e-05 -9.03986e-06 0.002782 -3.75448e-05 1 -8.51014e-06 0.00177427 9.03954e-06 8.51048e-06 1 0.000225788
1 2.2258e-05 -9.81022e-06 0.00303592 -2.22581e-05 1 -9.0739e-06 -0.000236925 9.81002e-06 9.07411e-06 1 -0.000477708
1 1.158e-05 -1.49064e-05 0.00490599 -1.15801e-05 1 -4.35131e-06 0.00109597 1.49064e-05 4.35148e-06 1 -4.33222e-05
1 6.74003e-06 -1.99458e-05 0.000697808 -6.74003e-06 1 5.14418e-08 0.00110058 1.99458e-05 -5.13074e-08 1 0.000575949
1 2.01265e-05 -9.62036e-06 0.00187082 -2.01265e-05 1 -5.03821e-06 0.000370173 9.62025e-06 5.03841e-06 1 0.000544368
1 -9.03723e-06 -2.64126e-05 0.00362691 9.03693e-06 1 -1.13227e-05 -0.00386761 2.64127e-05 1.13225e-05 1 0.000824334
1 2.16505e-05 -1.10725e-05 0.00269937 -2.16504e-05 1 6.48621e-06 -0.00513052 1.10726e-05 -6.48597e-06 1 -0.000199174
1 7.61079e-06 -1.72246e-06 0.00163703 -7.6108e-06 1 -8.01048e-06 -0.00198914 1.7224e-06 8.01049e-06 1 0.000768856
1 -1.08306e-05 -1.7565e-05 0.000498433 1.08303e-05 1 -1.64046e-05 0.00227622 1.75652e-05 1.64044e-05 1 0.000897608
1 7.8494e-06 -2.10689e-05 0.00307411 -7.84954e-06 1 -6.72101e-06 0.00112121 2.10689e-05 6.72117e-06 1 -0.000219729
1 1.23177e-05 1.06621e-07 -0.00037436 -1.23177e-05 1 -7.18383e-06 -0.000841789 -1.0671e-07 7.18383e-06 1 -0.00036586
1 2.40554e-05 -3.07313e-06 0.00103491 -2.40555e-05 1 -8.2536e-06 -0.00142613 3.07293e-06 8.25368e-06 1 -0.000146227
1 -7.73407e-08 -1.38995e-05 0.00215566 7.73105e-08 1 -2.16888e-06 -0.00112507 1.38995e-05 2.16888e-06 1 -2.10502e-05
1 -1.96298e-05 -5.04363e-06 0.000839054 1.96298e-05 1 5.78307e-06 -0.00167336 5.04352e-06 -5.78317e-06 1 -0.00121046
1 -6.44974e-06 -9.73667e-06 -0.00157016 6.44961e-06 1 -1.36582e-05 0.000558169 9.73676e-06 1.36581e-05 1 0.000593555
1 1.53024e-05 -4.38369e-06 0.000484663 -1.53024e-05 1 -2.08139e-06 0.00312014 4.38366e-06 2.08146e-06 1 -0.000123331
1 -2.81044e-05 -7.64576e-06 0.000783757 2.81044e-05 1 -1.63394e-06 0.0023214 7.6458e-06 1.63373e-06 1 -0.000457305
1 -1.161e-05 -1.57498e-06 0.000697721 1.161e-05 1 -5.26611e-06 0.00309331 1.57504e-06 5.26609e-06 1 -0.000771506
1 -1.83369e-05 3.50983e-06 -2.37424e-06 1.8337e-05 1 -6.71653e-06 0.0040212 -3.50971e-06 6.7166e-06 1 -0.000364676
1 -3.42917e-05 -1.98821e-06 -0.00190613 3.42917e-05 1 9.74843e-08 0.00430863 1.9882e-06 -9.75525e-08 1 -0.000503408
1 -3.64331e-05 -1.00457e-05 -0.0010323 3.6433e-05 1 -4.96524e-06 0.00415002 1.00458e-05 4.96487e-06 1 9.8651e-05
1 -4.18527e-05 -8.71221e-06 -0.0018252 4.18526e-05 1 -1.50431e-05 0.00492766 8.71284e-06 1.50428e-05 1 0.000621432
1 -3.57614e-05 -8.61722e-06 0.00100081 3.57613e-05 1 -1.47367e-05 0.0049505 8.61775e-06 1.47364e-05 1 -4.97315e-05
1 -5.78319e-05 -1.29099e-05 -0.00158963 5.78318e-05 1 -9.84978e-06 0.0062243 1.29105e-05 9.84903e-06 1 -0.000314001
1 -3.21364e-05 -1.1458e-05 0.00133741 3.21363e-05 1 -9.07335e-06 0.00558088 1.14583e-05 9.07298e-06 1 -0.000314534
1 -3.1119e-05 -3.67189e-06 -0.000571789 3.11189e-05 1 -5.56437e-06 0.00321355 3.67206e-06 5.56425e-06 1 -2.89073e-05
1 -3.05357e-05 -2.92798e-06 -0.0020318 3.05356e-05 1 -6.32815e-06 0.00286587 2.92818e-06 6.32807e-06 1 0.000108005
1 -1.09669e-05 -1.27509e-05 -0.00205186 1.09669e-05 1 4.64236e-07 0.00282665 1.27509e-05 -4.64375e-07 1 0.000331411
1 -3.54604e-05 -1.10211e-05 -0.00185785 3.54604e-05 1 -4.03996e-06 0.00606287 1.10212e-05 4.03957e-06 1 0.000211278
1 -4.30681e-05 -5.65046e-06 0.00289391 4.30681e-05 1 -5.98049e-06 0.00555133 5.65071e-06 5.98025e-06 1 -0.000363222
1 -1.20695e-05 -7.82978e-06 0.00024125 1.20695e-05 1 -2.71489e-06 -0.00275095 7.82981e-06 2.7148e-06 1 -0.000418719
1 -4.27506e-05 -2.16525e-06 -0.00526091 4.27506e-05 1 -1.18139e-06 0.00170057 2.1653e-06 1.1813e-06 1 -0.00074462
1 -2.46983e-05 -1.03512e-05 0.00187079 2.46983e-05 1 -3.33056e-06 0.00571639 1.03513e-05 3.3303e-06 1 2.77205e-05
1 -2.67412e-05 -9.09222e-06 0.000798388 2.67412e-05 1 6.76747e-07 0.00364691 9.0922e-06 -6.7699e-07 1 -0.000279679
1 -4.70313e-05 -4.31083e-06 -0.0010497 4.70313e-05 1 -1.05943e-05 0.0034726 4.31133e-06 1.05941e-05 1 -0.000326281
1 -3.33435e-05 -1.01116e-05 -0.00145932 3.33434e-05 1 -1.26457e-05 0.00420607 1.01121e-05 1.26453e-05 1 2.82503e-05
1 -2.99737e-05 -2.34736e-06 0.000882569 2.99737e-05 1 -8.00517e-06 0.00605103 2.3476e-06 8.0051e-06 1 -0.000978723
1 -3.67469e-05 -9.59355e-06 0.000259739 3.67468e-05 1 -5.43614e-06 0.00556436 9.59375e-06 5.43579e-06 1 -6.72328e-05
1 -1.05533e-06 -2.60989e-05 0.00185888 1.05539e-06 1 2.41598e-06 0.00133229 2.60989e-05 -2.41601e-06 1 0.000486657
1 -4.86695e-06 -2.23353e-05 0.00476463 4.86708e-06 1 5.64122e-06 0.00187364 2.23353e-05 -5.64133e-06 1 0.000771154
1 2.00865e-05 -2.97883e-05 0.0147265 -2.00867e-05 1 -9.74103e-06 0.00309751 2.97881e-05 9.74163e-06 1 0.00138539
1 1.81504e-05 -1.95842e-05 0.024866 -1.81504e-05 1 -2.09219e-06 0.00491001 1.95842e-05 2.09255e-06 1 0.00148907
1 3.29726e-05 2.39872e-05 0.0190778 -3.29724e-05 1 -9.93265e-06 -6.9666e-05 -2.39875e-05 9.93186e-06 1 0.000978958
1 3.31813e-05 1.38965e-05 0.00913081 -3.31812e-05 1 -3.25959e-06 -0.00170081 -1.38966e-05 3.25913e-06 1 0.00109891
1 2.80807e-05 4.46814e-05 -0.00353035 -2.80804e-05 1 -7.7304e-06 -0.000227586 -4.46816e-05 7.72914e-06 1 0.000367911
1 2.06827e-06 7.8536e-05 -0.0210555 -2.06678e-06 1 -1.88906e-05 6.60312e-05 -7.8536e-05 1.88904e-05 1 0.001414
1 -1.89123e-05 9.32702e-05 -0.0440666 1.89137e-05 1 -1.51183e-05 -0.00450551 -9.32699e-05 1.51201e-05 1 0.00292058
1 -1.97539e-05 9.93962e-05 -0.0685373 1.97557e-05 1 -1.77479e-05 -0.00219158 -9.93959e-05 1.77498e-05 1 0.00300022
1 1.02373e-05 0.000128242 -0.0996709 -1.02333e-05 1 -3.15923e-05 -0.00640687 -0.000128243 3.1591e-05 1 0.00338486
1 -8.59707e-05 0.000172341 -0.134197 8.59784e-05 1 -4.49919e-05 -0.0094404 -0.000172337 4.50067e-05 1 0.0042403
1 -0.00038417 0.000303524 -0.20111 0.00038419 1 -6.59058e-05 -0.0126066 -0.000303499 6.60224e-05 1 0.00493822
0.999998 -0.00180525 0.000420881 -0.330389 0.00180528 0.999998 -7.9042e-05 -0.0034201 -0.000420738 7.98017e-05 1 0.00942853
0.999998 -0.00214882 0.000526762 -0.4038 0.00214886 0.999998 -7.51169e-05 -0.0051035 -0.000526599 7.62486e-05 1 0.0103725
0.999998 -0.00210512 0.00057976 -0.477583 0.00210519 0.999998 -0.000109157 -0.013888 -0.000579529 0.000110377 1 0.0123118
0.999998 -0.00194538 0.000656534 -0.573212 0.00194547 0.999998 -0.000131651 -0.0181379 -0.000656277 0.000132928 1 0.0157103
0.999993 -0.00352902 0.000844904 -0.743199 0.00352915 0.999994 -0.000150465 0.0096423 -0.000844368 0.000153446 1 0.0182542
0.999993 -0.00368745 0.00106751 -0.872969 0.00368762 0.999993 -0.000154628 -0.000370448 -0.00106693 0.000158563 0.999999 0.0234686
0.999993 -0.00338375 0.00127685 -0.991951 0.00338395 0.999994 -0.000148569 -0.0124935 -0.00127634 0.000152889 0.999999 0.0267576
0.999993 -0.00339733 0.00140407 -1.11286 0.00339761 0.999994 -0.000192764 -0.0209822 -0.0014034 0.000197534 0.999999 0.0285652
0.999988 -0.00453896 0.0017127 -1.30114 0.00453948 0.99999 -0.000300065 -0.0263488 -0.00171132 0.000307836 0.999998 0.0328892
0.999986 -0.00490903 0.00217108 -1.47247 0.00491005 0.999988 -0.000465849 -0.0328203 -0.00216876 0.000476502 0.999998 0.0353017
0.999983 -0.00508938 0.00276676 -1.63647 0.00509152 0.999987 -0.000769282 -0.037544 -0.00276281 0.000783356 0.999996 0.0419886
0.999977 -0.00606996 0.00316272 -1.85218 0.00607286 0.999981 -0.000908016 -0.0445594 -0.00315715 0.000927201 0.999995 0.0420995
0.999971 -0.00679362 0.00340969 -2.04213 0.00679685 0.999976 -0.000936997 -0.0370658 -0.00340324 0.000960145 0.999994 0.0468636
0.999962 -0.00789654 0.00376742 -2.2589 0.00789984 0.999968 -0.000862233 -0.0294074 -0.00376049 0.000891962 0.999993 0.0528459
0.999955 -0.00848027 0.00436143 -2.49154 0.00848365 0.999964 -0.000757062 -0.0257422 -0.00435485 0.000794028 0.99999 0.061602
0.999943 -0.00958336 0.00480298 -2.74163 0.0095862 0.999954 -0.000569514 -0.024942 -0.0047973 0.000615524 0.999988 0.0647984
0.999933 -0.0103382 0.00519124 -2.99882 0.0103398 0.999947 -0.000272814 -0.023341 -0.00518814 0.000326472 0.999986 0.0705639
0.999924 -0.010732 0.0060724 -3.27357 0.010735 0.999942 -0.0004584 -0.0318544 -0.00606713 0.000523552 0.999981 0.0965944
0.999917 -0.011135 0.00645385 -3.55023 0.0111411 0.999938 -0.00090665 -0.0512126 -0.00644336 0.000978478 0.999979 0.103755
0.999914 -0.0115679 0.00622223 -3.8512 0.011576 0.999932 -0.00126541 -0.0795315 -0.00620716 0.00133733 0.99998 0.0957572
0.999918 -0.0114997 0.00557385 -4.18032 0.0115067 0.999933 -0.00123912 -0.0843675 -0.00555923 0.00130316 0.999984 0.0852018
0.999928 -0.0110851 0.00461876 -4.49819 0.0110892 0.999938 -0.000855099 -0.0720393 -0.004609 0.000906255 0.999989 0.08893
0.999931 -0.0109389 0.00422874 -4.82471 0.01094 0.99994 -0.000248019 -0.0557568 -0.00422577 0.000294265 0.999991 0.105912
0.999921 -0.0117873 0.0042661 -5.1709 0.0117875 0.999931 -3.95954e-05 -0.0496055 -0.00426534 8.98791e-05 0.999991 0.123471
0.999914 -0.0122356 0.00474533 -5.52544 0.0122371 0.999925 -0.000291002 -0.0660925 -0.00474141 0.000349046 0.999989 0.13017
0.99991 -0.0125601 0.00478868 -5.8846 0.0125633 0.999921 -0.000656827 -0.0874171 -0.00478005 0.00071693 0.999988 0.126267
0.9999 -0.0133316 0.00468228 -6.27302 0.0133359 0.999911 -0.000881114 -0.101977 -0.00467012 0.000943468 0.999989 0.122992
0.999889 -0.0140588 0.00490105 -6.67432 0.0140632 0.999901 -0.000858531 -0.104898 -0.00488849 0.00092736 0.999988 0.132142
0.999881 -0.0146478 0.00483211 -7.06326 0.0146498 0.999893 -0.000381315 -0.0987741 -0.00482601 0.000452059 0.999988 0.138516
0.999871 -0.0153931 0.00460584 -7.48356 0.0153931 0.999882 1.93102e-05 -0.0717179 -0.00460559 5.15907e-05 0.999989 0.160374
0.999858 -0.0161756 0.00482829 -7.91856 0.0161756 0.999869 5.43085e-05 -0.0766173 -0.00482853 2.37995e-05 0.999988 0.174905
0.999852 -0.0163031 0.00552939 -8.33555 0.0163064 0.999867 -0.000563979 -0.115866 -0.00551946 0.00065406 0.999985 0.180657
0.999842 -0.0165583 0.0064483 -8.76723 0.0165675 0.999862 -0.00137848 -0.134882 -0.00642458 0.0014851 0.999978 0.181376
0.99983 -0.0170025 0.00719215 -9.23105 0.0170131 0.999854 -0.00142148 -0.142443 -0.00716693 0.0015436 0.999973 0.178839
0.999817 -0.0176935 0.00732303 -9.71338 0.0177023 0.999843 -0.00114119 -0.146491 -0.00730169 0.00127062 0.999973 0.189654
0.999806 -0.0182689 0.00730905 -10.1893 0.0182752 0.999833 -0.000793559 -0.138825 -0.00729333 0.000926979 0.999973 0.203398
0.999802 -0.0183977 0.00757424 -10.6621 0.0184033 0.99983 -0.000678667 -0.143305 -0.00756047 0.000817924 0.999971 0.214587
0.999796 -0.0186219 0.00785932 -11.1505 0.0186285 0.999826 -0.000760617 -0.181558 -0.00784379 0.000906868 0.999969 0.219834
0.999791 -0.0188918 0.00785605 -11.6909 0.0188992 0.999821 -0.000870203 -0.219718 -0.0078382 0.00101849 0.999969 0.215822
0.99979 -0.0190199 0.00765011 -12.2206 0.0190275 0.999819 -0.00092514 -0.25125 -0.00763112 0.00107051 0.99997 0.215186
0.999776 -0.0197461 0.0075939 -12.7544 0.0197527 0.999805 -0.0007882 -0.238625 -0.00757685 0.000938024 0.999971 0.227458
0.999764 -0.0203108 0.00776908 -13.2897 0.0203164 0.999793 -0.000650825 -0.226562 -0.00775426 0.000808512 0.99997 0.244408
0.99976 -0.0203045 0.0081926 -13.8117 0.0203096 0.999794 -0.000539074 -0.229336 -0.00817996 0.000705333 0.999966 0.258413
0.999757 -0.0202746 0.00864624 -14.3536 0.0202801 0.999794 -0.000551402 -0.247261 -0.00863328 0.000726615 0.999962 0.267641
0.999747 -0.0206537 0.00888069 -14.9269 0.0206609 0.999786 -0.000724979 -0.270332 -0.00886382 0.000908279 0.99996 0.27662
0.999735 -0.0212886 0.00874218 -15.5191 0.021296 0.999773 -0.000760149 -0.278056 -0.00872402 0.000946121 0.999961 0.278505
0.99973 -0.0217973 0.00810275 -16.1192 0.0218039 0.999762 -0.000723583 -0.28196 -0.00808505 0.000900059 0.999967 0.284832
0.999733 -0.0218315 0.00751913 -16.7217 0.0218366 0.999761 -0.0006008 -0.281472 -0.00750422 0.000764832 0.999972 0.297006
0.999747 -0.0212365 0.00746459 -17.3276 0.0212422 0.999774 -0.000682972 -0.305056 -0.0074484 0.000841363 0.999972 0.320576
0.999773 -0.0198008 0.0078302 -17.9097 0.0198094 0.999803 -0.00101585 -0.318174 -0.00780854 0.00117074 0.999969 0.335001
0.999785 -0.0189069 0.0084869 -18.5246 0.0189163 0.999821 -0.00102659 -0.332478 -0.00846597 0.00118691 0.999963 0.348878
0.999792 -0.0183035 0.0090257 -19.1393 0.0183112 0.999832 -0.000772806 -0.325414 -0.00901004 0.000937917 0.999959 0.361231
0.999803 -0.0175861 0.00924567 -19.7712 0.017593 0.999845 -0.000668741 -0.339409 -0.00923247 0.000831268 0.999957 0.379832
0.999821 -0.0166375 0.0089717 -20.4007 0.0166456 0.999861 -0.000828547 -0.355195 -0.00895667 0.000977738 0.999959 0.399321
0.999844 -0.0150713 0.00915893 -21.0494 0.0150792 0.999886 -0.000795116 -0.373064 -0.00914591 0.000933103 0.999958 0.407406
0.999854 -0.0141046 0.0096576 -21.6968 0.0141124 0.9999 -0.000735573 -0.363398 -0.00964626 0.000871758 0.999953 0.417438
0.999862 -0.0132207 0.0100269 -22.348 0.0132273 0.999912 -0.000601353 -0.371461 -0.0100181 0.0007339 0.99995 0.441573
0.999875 -0.0119196 0.0103703 -23.0086 0.0119262 0.999929 -0.000570914 -0.389694 -0.0103627 0.00069452 0.999946 0.461609
0.999885 -0.0109848 0.0104657 -23.6993 0.0109926 0.999939 -0.00069583 -0.406325 -0.0104574 0.000810795 0.999945 0.469251
0.999895 -0.0103716 0.0101285 -24.4037 0.0103776 0.999946 -0.000549233 -0.395275 -0.0101222 0.000654285 0.999949 0.478229
0.999909 -0.00926304 0.00983521 -25.1171 0.00926522 0.999957 -0.000175793 -0.385394 -0.00983316 0.000266902 0.999952 0.500322
0.999921 -0.00800926 0.00971565 -25.8311 0.00800958 0.999968 5.57528e-06 -0.379024 -0.00971538 7.22434e-05 0.999953 0.520946
0.999924 -0.00719958 0.00996659 -26.5321 0.00719905 0.999974 8.8663e-05 -0.373655 -0.00996697 -1.69064e-05 0.99995 0.5397
0.999925 -0.0063803 0.0104301 -27.2329 0.00637841 0.99998 0.00021433 -0.380026 -0.0104313 -0.000147786 0.999946 0.568499
0.999924 -0.005437 0.0110495 -27.932 0.00543425 0.999985 0.000279053 -0.390711 -0.0110509 -0.000218986 0.999939 0.59053
0.999925 -0.00400757 0.0115301 -28.651 0.00400532 0.999992 0.000217601 -0.391187 -0.0115309 -0.000171403 0.999934 0.610896
0.999923 -0.00241889 0.0121685 -29.3842 0.0024169 0.999997 0.000178152 -0.403748 -0.0121688 -0.000148729 0.999926 0.635264
0.999921 -0.00179575 0.0124623 -30.142 0.00179371 0.999998 0.000174721 -0.414242 -0.0124626 -0.000152354 0.999922 0.65878
0.999934 -0.00078425 0.011495 -30.8936 0.000783593 1 6.16593e-05 -0.406519 -0.011495 -5.26479e-05 0.999934 0.678448
0.999935 0.000484443 0.0113908 -31.6626 -0.000484545 1 6.20837e-06 -0.421694 -0.0113908 -1.17273e-05 0.999935 0.687306
0.999929 0.00170538 0.0118114 -32.435 -0.00170386 0.999999 -0.000139057 -0.451945 -0.0118117 0.000118923 0.99993 0.701925
0.999917 0.00313345 0.0124599 -33.191 -0.00313078 0.999995 -0.000234301 -0.445551 -0.0124606 0.000195273 0.999922 0.722014
0.999904 0.00424407 0.0132177 -33.9476 -0.0042381 0.999991 -0.000479251 -0.421244 -0.0132196 0.000423187 0.999913 0.750703
0.999888 0.00505184 0.0140797 -34.7073 -0.00504889 0.999987 -0.000245515 -0.408908 -0.0140808 0.000174401 0.999901 0.76503
0.999885 0.00600734 0.0139158 -35.4748 -0.0060091 0.999982 8.45194e-05 -0.389706 -0.013915 -0.000168131 0.999903 0.784073
0.999892 0.0068473 0.0130141 -36.2667 -0.00685017 0.999977 0.000176269 -0.36713 -0.0130126 -0.000265398 0.999915 0.814829
0.9999 0.00741949 0.0120087 -37.0665 -0.00742525 0.999972 0.000435243 -0.349936 -0.0120051 -0.000524367 0.999928 0.831678
0.999926 0.00669616 0.0101243 -37.8733 -0.00670922 0.999977 0.00125676 -0.346102 -0.0101157 -0.00132459 0.999948 0.86678
0.999935 0.00633732 0.00942618 -38.6604 -0.00635192 0.999979 0.00151967 -0.350103 -0.00941634 -0.00157944 0.999954 0.902059
0.999928 0.00604899 0.0103808 -39.4455 -0.00606422 0.999981 0.00143616 -0.349127 -0.0103719 -0.00149901 0.999945 0.931973
0.999909 0.00535372 0.0124162 -40.2621 -0.00536917 0.999985 0.0012115 -0.344868 -0.0124095 -0.00127806 0.999922 0.942964
0.999893 0.00495746 0.0137475 -41.0606 -0.00497411 0.999987 0.0011772 -0.331685 -0.0137415 -0.00124546 0.999905 0.957809
0.999894 0.00437617 0.0138633 -41.8843 -0.00439542 0.999989 0.00135829 -0.298152 -0.0138572 -0.00141908 0.999903 0.979341
0.999899 0.00395719 0.0136693 -42.6938 -0.00397838 0.999991 0.00152355 -0.280089 -0.0136631 -0.00157777 0.999905 1.00655
0.9999 0.00432895 0.013434 -43.4881 -0.00435181 0.999989 0.00167278 -0.2997 -0.0134266 -0.00173107 0.999908 1.04362
0.999904 0.00428785 0.0131398 -44.2988 -0.00431067 0.999989 0.00170945 -0.311593 -0.0131323 -0.00176592 0.999912 1.0645
0.999919 0.00357383 0.0122493 -45.1545 -0.00359488 0.999992 0.00169705 -0.300749 -0.0122431 -0.00174095 0.999924 1.07822
0.999956 0.00302904 0.00887513 -45.988 -0.00305098 0.999992 0.00245918 -0.286722 -0.00886761 -0.00248615 0.999958 1.09884
0.999985 0.00323485 0.00451441 -46.7647 -0.00324865 0.99999 0.00305303 -0.292688 -0.00450449 -0.00306765 0.999985 1.14733
0.999982 0.00356284 0.00491259 -47.5544 -0.00357792 0.999989 0.00306385 -0.304351 -0.00490162 -0.00308137 0.999983 1.19125
0.999939 0.00286513 0.0106922 -48.3903 -0.00288798 0.999994 0.00212251 -0.285813 -0.010686 -0.00215326 0.999941 1.20141
0.999864 0.00240524 0.0163096 -49.2182 -0.00242697 0.999996 0.00131269 -0.277787 -0.0163064 -0.0013521 0.999866 1.2048
0.999837 0.00244613 0.0178801 -50.012 -0.00246978 0.999996 0.00130109 -0.274513 -0.0178769 -0.00134504 0.999839 1.22723
0.999874 0.0020375 0.0157597 -50.8057 -0.00207195 0.999995 0.00216998 -0.266436 -0.0157552 -0.00220236 0.999873 1.25775
0.999937 0.00202659 0.0110031 -51.5965 -0.00205828 0.999994 0.00286976 -0.272931 -0.0109972 -0.00289223 0.999935 1.30468
0.999947 0.00223289 0.0100286 -52.4197 -0.00226204 0.999993 0.00289713 -0.271502 -0.0100221 -0.00291966 0.999946 1.33122
0.999936 0.00236317 0.0110595 -53.227 -0.00239448 0.999993 0.00281892 -0.268406 -0.0110527 -0.00284522 0.999935 1.34428
0.999927 0.00196264 0.0119072 -54.0108 -0.0019975 0.999994 0.0029171 -0.260188 -0.0119014 -0.00294068 0.999925 1.36673
0.99992 0.00205542 0.0124878 -54.7721 -0.00209315 0.999993 0.00300885 -0.26523 -0.0124816 -0.00303475 0.999917 1.39747
0.99991 0.00206421 0.0132692 -55.5626 -0.00210518 0.999993 0.00307507 -0.257664 -0.0132627 -0.00310273 0.999907 1.42939
0.999893 0.00189092 0.0145089 -56.351 -0.00193089 0.999994 0.00274181 -0.261769 -0.0145036 -0.00276953 0.999891 1.45736
0.999865 0.00205942 0.0163065 -57.1111 -0.00209991 0.999995 0.00246653 -0.268616 -0.0163014 -0.00250044 0.999864 1.47835
0.999865 0.00217954 0.0163154 -57.8778 -0.00221793 0.999995 0.0023353 -0.279794 -0.0163103 -0.00237117 0.999864 1.50012
0.999889 0.00193127 0.0147954 -58.653 -0.00196991 0.999995 0.00259727 -0.261387 -0.0147903 -0.00262612 0.999887 1.5143
0.999921 0.00235458 0.0123421 -59.4224 -0.0023889 0.999993 0.00276653 -0.247611 -0.0123355 -0.00279579 0.99992 1.54604
0.99993 0.00250908 0.0115234 -60.1893 -0.00254125 0.999993 0.00277772 -0.244462 -0.0115164 -0.00280681 0.99993 1.57324
0.999922 0.00252801 0.0122227 -60.9306 -0.00256426 0.999992 0.00295142 -0.236808 -0.0122152 -0.00298253 0.999921 1.59706
0.999907 0.00273962 0.0133453 -61.6744 -0.00277918 0.999992 0.00294652 -0.231534 -0.0133372 -0.00298333 0.999907 1.63817
0.999886 0.00286209 0.0148163 -62.4383 -0.00290276 0.999992 0.00272417 -0.230578 -0.0148084 -0.00276687 0.999887 1.66994
0.999852 0.00361422 0.0168333 -63.1765 -0.00365375 0.999991 0.00231798 -0.240107 -0.0168247 -0.00237914 0.999856 1.68819
0.99982 0.00410605 0.0185134 -63.9157 -0.00413793 0.99999 0.0016841 -0.2278 -0.0185063 -0.0017604 0.999827 1.70764
0.999817 0.00555835 0.0183063 -64.6533 -0.00559135 0.999983 0.00175186 -0.240275 -0.0182962 -0.0018539 0.999831 1.72591
0.999837 0.00694844 0.0166862 -65.3936 -0.00698295 0.999974 0.00201102 -0.23578 -0.0166718 -0.00212721 0.999859 1.74738
0.999844 0.00789044 0.015784 -66.1296 -0.00792014 0.999967 0.00182028 -0.231938 -0.0157691 -0.00194501 0.999874 1.7751
0.999829 0.00871454 0.0162995 -66.8333 -0.00874489 0.99996 0.00179159 -0.229837 -0.0162833 -0.00193382 0.999866 1.7936
0.999802 0.0098624 0.0172987 -67.5558 -0.00989462 0.999949 0.00177841 -0.215435 -0.0172803 -0.00194922 0.999849 1.81957
0.999782 0.0108935 0.0178047 -68.2713 -0.010924 0.999939 0.00161571 -0.202587 -0.017786 -0.00180986 0.99984 1.85327
0.999769 0.011724 0.0179877 -69.0068 -0.0117497 0.99993 0.00132394 -0.206614 -0.0179709 -0.00153498 0.999837 1.87761
0.999785 0.0120892 0.0168371 -69.7415 -0.0120993 0.999927 0.000497317 -0.199919 -0.0168299 -0.000700927 0.999858 1.90691
0.999816 0.0126056 0.0144739 -70.4766 -0.012581 0.999919 -0.00179056 -0.17839 -0.0144953 0.00160813 0.999894 1.97659
0.999812 0.0135604 0.0138602 -71.177 -0.0135305 0.999906 -0.00225064 -0.173187 -0.0138894 0.00206268 0.999901 2.00887
0.999799 0.0141657 0.0141708 -71.9061 -0.0141386 0.999898 -0.00201009 -0.153242 -0.0141978 0.00180933 0.999898 2.03859
0.999781 0.0147732 0.0147979 -72.6158 -0.014745 0.999889 -0.00201041 -0.153697 -0.014826 0.00179177 0.999888 2.06497
0.999762 0.0151715 0.0156533 -73.3373 -0.0151361 0.999883 -0.00237653 -0.15263 -0.0156876 0.00213903 0.999875 2.08114
0.999746 0.0159308 0.0159149 -74.0454 -0.0158931 0.999871 -0.00249628 -0.170026 -0.0159526 0.00224271 0.99987 2.09004
0.99974 0.0167298 0.0155087 -74.7965 -0.0166925 0.999857 -0.00253229 -0.146484 -0.0155488 0.00227275 0.999877 2.10594
0.999761 0.0165139 0.0142918 -75.5375 -0.0164823 0.999861 -0.00232134 -0.109396 -0.0143282 0.00208522 0.999895 2.1208
0.999828 0.0167312 0.00795689 -76.2601 -0.0167138 0.999858 -0.00225548 -0.0814409 -0.0079935 0.0021221 0.999966 2.11789
0.999838 0.0176445 0.00352393 -77.0046 -0.0176519 0.999842 0.00209834 -0.0757955 -0.00348635 -0.0021602 0.999992 2.19493
0.999817 0.0187111 0.00394846 -77.7185 -0.0187259 0.999818 0.00374216 -0.0661338 -0.00387772 -0.00381541 0.999985 2.25218
0.999791 0.0189034 0.00776044 -78.4168 -0.0189205 0.999819 0.00213533 -0.057072 -0.00771867 -0.00228172 0.999968 2.28697
0.999668 0.0188223 0.0175899 -79.1467 -0.018819 0.999823 -0.000356079 -0.0393691 -0.0175935 2.49378e-05 0.999845 2.29583
0.999435 0.0192451 0.0275583 -79.8694 -0.0191973 0.999814 -0.00199563 -0.0140337 -0.0275915 0.00146546 0.999618 2.3132
0.999386 0.0196118 0.0290421 -80.5793 -0.0195673 0.999807 -0.0018169 -0.0173956 -0.0290721 0.00124751 0.999577 2.33528
0.999467 0.0199101 0.025858 -81.3043 -0.0198557 0.9998 -0.00235815 0.00458622 -0.0258998 0.00184346 0.999663 2.3824
0.999631 0.0204809 0.0178618 -82.0486 -0.0203913 0.999779 -0.00518432 0.0242407 -0.017964 0.00481818 0.999827 2.42693
0.999625 0.02177 0.0166266 -82.8013 -0.0216748 0.999748 -0.00588084 -0.00165359 -0.0167505 0.00551825 0.999844 2.4378
0.999564 0.0223931 0.0192414 -83.5466 -0.0222881 0.999736 -0.00565575 -0.000441192 -0.0193629 0.00522443 0.999799 2.45911
0.999276 0.022103 0.0309803 -84.2449 -0.02204 0.999754 -0.00237272 0.0439758 -0.0310251 0.0016882 0.999517 2.51768
0.998532 0.022209 0.0493972 -84.9448 -0.0224631 0.999737 0.00459519 0.0782197 -0.0492822 -0.00569807 0.998769 2.55448
0.998061 0.022748 0.0579317 -85.6828 -0.0234101 0.999668 0.0107762 0.108798 -0.0576673 -0.0121115 0.998262 2.62274
0.998729 0.0237105 0.044482 -86.4481 -0.0242263 0.999645 0.0110943 0.134391 -0.0442031 -0.0121578 0.998949 2.66711
0.999619 0.025077 0.0115313 -87.2203 -0.0251507 0.999664 0.00629192 0.155826 -0.0113696 -0.00657954 0.999914 2.65618
0.99943 0.0264581 -0.0209794 -87.9811 -0.0264044 0.999647 0.00283221 0.169033 0.0210469 -0.00227665 0.999776 2.65887
0.999106 0.0280659 -0.0316015 -88.6992 -0.028075 0.999606 0.000157221 0.191379 0.0315934 0.00073013 0.999501 2.72197
0.999457 0.029721 -0.0142503 -89.426 -0.0297445 0.999556 -0.00144115 0.209683 0.0142012 0.00186423 0.999897 2.77512
0.999357 0.0313105 0.0174533 -90.1572 -0.0312616 0.999507 -0.00306336 0.229856 -0.0175407 0.00251577 0.999843 2.76706
0.998741 0.0325131 0.0381907 -90.8842 -0.0323934 0.999468 -0.00374816 0.269514 -0.0382922 0.00250631 0.999263 2.75036
0.998747 0.0346453 0.0361117 -91.6254 -0.0345026 0.999394 -0.00456757 0.279472 -0.0362481 0.0033159 0.999337 2.77602
0.999027 0.03692 0.0241081 -92.3816 -0.036812 0.99931 -0.00490515 0.313941 -0.0242725 0.00401291 0.999697 2.82653
0.999154 0.038701 0.0139007 -93.1808 -0.0386449 0.999244 -0.00428248 0.380609 -0.0140559 0.00374167 0.999894 2.87481
0.999114 0.039818 0.0136045 -93.9513 -0.039773 0.999202 -0.00355798 0.423077 -0.0137353 0.00301374 0.999901 2.91408
0.998983 0.0414949 0.0176167 -94.7008 -0.0414379 0.999135 -0.00358681 0.455885 -0.0177503 0.00285316 0.999838 2.93608
0.998864 0.0434801 0.0194763 -95.4438 -0.0434265 0.999052 -0.00316859 0.487473 -0.0195956 0.0023192 0.999805 2.95567
0.998814 0.0448977 0.0188379 -96.239 -0.0448706 0.998991 -0.00186362 0.535723 -0.0189025 0.00101614 0.999821 2.98704
0.998744 0.0470328 0.0173001 -97.0305 -0.0470364 0.998893 -0.000201856 0.572506 -0.0172904 -0.000612129 0.99985 3.04098
0.998674 0.0488056 0.0163512 -97.7891 -0.0488068 0.998808 -0.000328399 0.594295 -0.0163478 -0.000470086 0.999866 3.095
0.998587 0.0504228 0.0167662 -98.5631 -0.0504013 0.998728 -0.00169926 0.635406 -0.0168306 0.000851817 0.999858 3.10696
0.998495 0.0518224 0.0179523 -99.3479 -0.0517918 0.998656 -0.00216603 0.686226 -0.0180404 0.00123299 0.999836 3.10764
0.998417 0.0530849 0.0185967 -100.117 -0.0530732 0.99859 -0.00112151 0.734274 -0.01863 0.000132748 0.999826 3.13952
0.998287 0.0554302 0.0187145 -100.908 -0.0554465 0.998462 0.000350597 0.787346 -0.0186662 -0.00138765 0.999825 3.1882
0.998146 0.0578174 0.0190121 -101.711 -0.0578372 0.998326 0.000494244 0.825146 -0.0189517 -0.00159294 0.999819 3.24304
0.998021 0.0595932 0.0200706 -102.517 -0.0596028 0.998222 -0.000123462 0.874576 -0.0200423 -0.00107305 0.999799 3.27451
0.997866 0.0618068 0.0210557 -103.336 -0.0617979 0.998088 -0.00107321 0.917489 -0.0210818 -0.000230276 0.999778 3.29996
0.997731 0.0636669 0.0218793 -104.139 -0.0636441 0.997971 -0.00173907 0.967324 -0.0219456 0.000342642 0.999759 3.32453
0.997615 0.0654186 0.0220156 -104.943 -0.0653992 0.997858 -0.00159811 1.01664 -0.022073 0.000154495 0.999756 3.35241
0.997523 0.0671351 0.0210126 -105.775 -0.0671238 0.997744 -0.00124073 1.0677 -0.0210484 -0.00017279 0.999778 3.38068
0.997474 0.0697336 0.0135163 -106.605 -0.0697041 0.997564 -0.00264366 1.13046 -0.0136678 0.00169484 0.999905 3.39987
0.997347 0.0720815 0.0101651 -107.44 -0.0720521 0.997396 -0.00322654 1.20265 -0.0103712 0.00248556 0.999943 3.4399
0.997143 0.0745798 0.0120105 -108.271 -0.0745368 0.99721 -0.00398664 1.25879 -0.0122744 0.00308002 0.99992 3.47547
0.99696 0.0762745 0.0158946 -109.075 -0.0762015 0.997079 -0.00514794 1.32921 -0.0162408 0.0039211 0.99986 3.51892
0.996649 0.0780001 0.0246186 -109.889 -0.0778428 0.996939 -0.00728325 1.41119 -0.0251113 0.00534247 0.99967 3.56068
0.996289 0.0803721 0.0307987 -110.707 -0.0801585 0.996749 -0.0081083 1.47102 -0.0313502 0.00560944 0.999493 3.57448
0.996116 0.0830132 0.0293542 -111.555 -0.0828123 0.996533 -0.00799663 1.5368 -0.0299163 0.00553468 0.999537 3.61688
0.996069 0.0856508 0.0226054 -112.396 -0.0854858 0.996306 -0.0081683 1.61049 -0.0232215 0.00620375 0.999711 3.65768
0.995961 0.0884472 0.0154534 -113.222 -0.0883529 0.996067 -0.00668665 1.70197 -0.015984 0.00529429 0.999858 3.6823
0.995803 0.0902418 0.0152358 -114.078 -0.0901608 0.99591 -0.00592536 1.81532 -0.0157082 0.00452682 0.999866 3.70819
0.995562 0.0924657 0.0175043 -114.92 -0.0923871 0.995709 -0.00525261 1.90594 -0.0179148 0.00361213 0.999833 3.7386
0.995329 0.0946273 0.0191053 -115.781 -0.0945399 0.995506 -0.0054269 1.98895 -0.019533 0.00359534 0.999803 3.7788
0.994936 0.0972115 0.0255373 -116.638 -0.0969848 0.995236 -0.00997484 2.05148 -0.0263853 0.00744759 0.999624 3.82365
0.994552 0.0986403 0.033706 -117.484 -0.0983883 0.995107 -0.0090578 2.13877 -0.0344345 0.00569219 0.999391 3.85874
0.99441 0.0994396 0.0355084 -118.323 -0.0992704 0.995039 -0.00650099 2.23097 -0.0359787 0.00293971 0.999348 3.91346
0.99432 0.101397 0.0323586 -119.187 -0.101287 0.994845 -0.00502852 2.32631 -0.0327016 0.00172246 0.999464 3.97327
0.994265 0.103366 0.0274225 -120.079 -0.103285 0.994642 -0.00436643 2.4231 -0.0277269 0.00150905 0.999614 4.02332
0.994123 0.104638 0.02777 -120.94 -0.104528 0.994507 -0.00537998 2.51681 -0.0281804 0.00244562 0.9996 4.0594
0.993887 0.105851 0.0313595 -121.78 -0.10567 0.994374 -0.00739368 2.59548 -0.0319657 0.00403474 0.999481 4.1094
0.993723 0.10671 0.0335656 -122.626 -0.106503 0.994281 -0.00789181 2.69088 -0.0342158 0.00426744 0.999405 4.13645
0.993676 0.108108 0.0303572 -123.493 -0.107985 0.994136 -0.00566595 2.80307 -0.0307917 0.00235199 0.999523 4.18194
0.993829 0.10916 0.0197005 -124.364 -0.109142 0.994024 -0.00197953 2.90354 -0.0197989 -0.000182845 0.999804 4.2298
0.993717 0.111506 0.00962054 -125.26 -0.111498 0.993764 -0.00133327 3.01467 -0.00970921 0.000252227 0.999953 4.26293
0.993543 0.113005 0.0100817 -126.118 -0.112983 0.993593 -0.00272534 3.11032 -0.0103251 0.00156868 0.999945 4.26658
0.993373 0.113829 0.0158866 -126.962 -0.113793 0.9935 -0.00313438 3.21156 -0.0161402 0.00130582 0.999869 4.28286
0.993061 0.115169 0.0237802 -127.832 -0.115153 0.993346 -0.00204717 3.31564 -0.0238578 -0.000705397 0.999715 4.35989
0.992835 0.116696 0.025712 -128.695 -0.116686 0.993167 -0.00192808 3.40874 -0.0257613 -0.00108595 0.999668 4.42312
0.992696 0.118295 0.0236864 -129.562 -0.118252 0.992978 -0.00319921 3.51895 -0.0238985 0.000374878 0.999714 4.46593
0.992589 0.119776 0.0205241 -130.429 -0.11971 0.992799 -0.00442148 3.62801 -0.0209058 0.00193177 0.99978 4.47448
0.992473 0.121247 0.017228 -131.317 -0.121182 0.992619 -0.00472656 3.73769 -0.0176739 0.00260325 0.99984 4.49572
0.992301 0.122845 0.0157164 -132.209 -0.122827 0.992426 -0.00209885 3.86567 -0.0158552 0.000152293 0.999874 4.53751
0.992129 0.124008 0.0173782 -133.076 -0.124028 0.992279 5.55135e-05 3.98803 -0.0172371 -0.00221046 0.999849 4.5959
0.991906 0.125256 0.0208416 -133.938 -0.125285 0.992121 0.000113234 4.10182 -0.0206632 -0.00272346 0.999783 4.63882
0.991694 0.126602 0.022701 -134.813 -0.126624 0.991951 -0.000476073 4.2327 -0.0225786 -0.00240237 0.999742 4.64577
0.991554 0.127651 0.0229299 -135.7 -0.127669 0.991817 -0.000664813 4.37511 -0.0228271 -0.00226825 0.999737 4.65409
0.991441 0.128632 0.0223065 -136.606 -0.128651 0.99169 -0.000618476 4.48299 -0.0222007 -0.00225656 0.999751 4.67808
0.991313 0.129821 0.0210815 -137.497 -0.129837 0.991535 -0.000619761 4.59017 -0.0209835 -0.00212278 0.999778 4.72363
0.991215 0.130675 0.020412 -138.377 -0.130688 0.991423 -0.000701814 4.70584 -0.0203287 -0.00197196 0.999791 4.76627
0.991252 0.130333 0.0207795 -139.276 -0.130345 0.991468 -0.000782867 4.82262 -0.0207042 -0.00193249 0.999784 4.79016
0.991295 0.129941 0.0211904 -140.174 -0.129954 0.99152 -0.000768582 4.93517 -0.0211106 -0.00199189 0.999775 4.81685
0.991217 0.130351 0.0223137 -141.046 -0.130364 0.991466 -0.000883794 5.03362 -0.0222384 -0.00203287 0.999751 4.85089
0.991179 0.130349 0.0239443 -141.908 -0.130356 0.991466 -0.00128448 5.14793 -0.0239074 -0.00184812 0.999712 4.8758
0.991249 0.129623 0.0249703 -142.798 -0.129631 0.991561 -0.0013137 5.27859 -0.0249298 -0.00193472 0.999687 4.90273
0.991269 0.129384 0.0254055 -143.705 -0.1294 0.991592 -0.00102424 5.41099 -0.0253245 -0.00227217 0.999677 4.94362
0.991197 0.129907 0.0255553 -144.59 -0.129923 0.991524 -0.0010299 5.51388 -0.0254724 -0.00229939 0.999673 4.99233
0.991057 0.130773 0.0265267 -145.456 -0.130789 0.99141 -0.00114819 5.60622 -0.0264489 -0.00233147 0.999647 5.02624
0.990998 0.131028 0.0274584 -146.334 -0.131043 0.991376 -0.00127343 5.71278 -0.0273885 -0.00233627 0.999622 5.04474
0.991139 0.130061 0.0269673 -147.272 -0.130073 0.991504 -0.00133004 5.83885 -0.0269112 -0.00218946 0.999635 5.06686
0.991145 0.130189 0.0261155 -148.174 -0.130194 0.991487 -0.00149694 5.95303 -0.0260881 -0.0019164 0.999658 5.09317
0.991078 0.13051 0.0270455 -149.038 -0.130514 0.991445 -0.00163897 6.06943 -0.0270281 -0.00190547 0.999633 5.13168
0.991119 0.129872 0.0285918 -149.917 -0.129878 0.991529 -0.00162112 6.19133 -0.0285601 -0.00210674 0.99959 5.17218
0.991154 0.129534 0.0288793 -150.782 -0.129547 0.991572 -0.00142587 6.3155 -0.0288206 -0.00232799 0.999582 5.20938
0.991278 0.128775 0.0280265 -151.684 -0.128785 0.991671 -0.00144349 6.43719 -0.027979 -0.00217851 0.999606 5.24496
0.991285 0.12861 0.0285118 -152.56 -0.128623 0.991693 -0.00137082 6.54316 -0.0284512 -0.0023084 0.999593 5.28456
0.991248 0.128538 0.0301035 -153.414 -0.128573 0.9917 -0.000783003 6.65798 -0.0299543 -0.00309435 0.999546 5.359
0.991273 0.128248 0.0304909 -154.273 -0.128309 0.991734 5.73605e-05 6.79811 -0.0302315 -0.00396911 0.999535 5.43147
0.991375 0.128035 0.0279929 -155.165 -0.128139 0.991754 0.0019558 6.92648 -0.0275117 -0.00552592 0.999606 5.52696
0.991388 0.127973 0.0277863 -156.025 -0.128089 0.99176 0.002405 7.03278 -0.0272495 -0.0059434 0.999611 5.57473
0.991429 0.12731 0.0293251 -156.872 -0.127425 0.991846 0.00207093 7.16691 -0.0288223 -0.00578993 0.999568 5.5975
0.991449 0.12683 0.0307135 -157.715 -0.126945 0.991908 0.00182771 7.28875 -0.0302331 -0.00571101 0.999527 5.63407
0.991431 0.126759 0.0315619 -158.578 -0.126879 0.991916 0.00183623 7.39911 -0.031074 -0.00582505 0.9995 5.68036
0.991458 0.126476 0.0318645 -159.446 -0.126599 0.991952 0.00188749 7.50382 -0.0313694 -0.00590539 0.99949 5.72461
0.991413 0.126724 0.032268 -160.261 -0.126848 0.99192 0.00183443 7.59804 -0.0317748 -0.00591181 0.999478 5.76435
0.991497 0.126141 0.0319832 -161.117 -0.126264 0.991995 0.00183966 7.70435 -0.0314951 -0.00586233 0.999487 5.80032
0.991557 0.125834 0.0313115 -161.979 -0.125947 0.992036 0.00163975 7.79505 -0.0308558 -0.00556949 0.999508 5.81806
0.99154 0.126191 0.0304059 -162.83 -0.12631 0.991989 0.0020195 7.92012 -0.0299075 -0.00584299 0.999536 5.84458
0.991584 0.125992 0.0297798 -163.676 -0.126124 0.992011 0.00258106 8.03941 -0.0292167 -0.00631528 0.999553 5.89039
0.991629 0.125721 0.0294167 -164.504 -0.125861 0.992044 0.00293945 8.13228 -0.0288131 -0.00661726 0.999563 5.94251
0.991646 0.125507 0.0297791 -165.328 -0.12564 0.992072 0.00262863 8.23477 -0.0292132 -0.00634811 0.999553 5.97987
0.991604 0.125545 0.0309939 -166.136 -0.125682 0.992067 0.00249672 8.34022 -0.0304346 -0.00637113 0.999516 6.02382
0.991583 0.125437 0.0320602 -166.958 -0.125589 0.992079 0.00273663 8.45619 -0.0314629 -0.00673999 0.999482 6.07564
0.991657 0.124771 0.0323714 -167.778 -0.124934 0.99216 0.0030696 8.57977 -0.0317346 -0.00708829 0.999471 6.1266
0.991637 0.124901 0.0324888 -168.595 -0.125075 0.992142 0.00335038 8.67185 -0.0318151 -0.00738589 0.999466 6.1669
0.99161 0.124961 0.033074 -169.406 -0.12514 0.992133 0.00339231 8.77495 -0.0323899 -0.00750272 0.999447 6.21057
0.991608 0.124606 0.0344588 -170.207 -0.124797 0.992176 0.003465 8.87939 -0.0337575 -0.0077363 0.9994 6.26802
0.991586 0.124441 0.03567 -171.003 -0.124656 0.992193 0.00385618 8.97912 -0.0349116 -0.00827021 0.999356 6.34206
0.991574 0.124373 0.0362163 -171.799 -0.124597 0.992199 0.00399123 9.07521 -0.0354374 -0.00847006 0.999336 6.39725
0.991577 0.124398 0.0360597 -172.607 -0.12461 0.992199 0.00368907 9.16823 -0.0353195 -0.00815139 0.999343 6.42927
0.991592 0.124542 0.0351265 -173.415 -0.124717 0.992188 0.00281106 9.25672 -0.034502 -0.00716829 0.999379 6.44387
0.991638 0.124329 0.0345977 -174.223 -0.124483 0.992219 0.00232043 9.35734 -0.03404 -0.00660785 0.999399 6.46592
0.991709 0.124122 0.0332762 -174.999 -0.124239 0.992251 0.00145155 9.48048 -0.0328382 -0.00557371 0.999445 6.52193
0.991723 0.124091 0.0329691 -175.771 -0.124193 0.992258 0.00105072 9.56524 -0.0325834 -0.00513655 0.999456 6.58132
0.991682 0.124193 0.0338059 -176.549 -0.124306 0.992243 0.00127025 9.64962 -0.033386 -0.00546198 0.999428 6.64045
0.991674 0.124015 0.0346793 -177.324 -0.124138 0.992264 0.00138907 9.74571 -0.0342388 -0.00568252 0.999398 6.69091
0.991659 0.123865 0.0356312 -178.107 -0.123988 0.992283 0.00123187 9.84789 -0.0352036 -0.00563942 0.999364 6.74039
0.99166 0.123633 0.0364035 -178.884 -0.123762 0.992311 0.0012912 9.94809 -0.0359639 -0.00578578 0.999336 6.7879
0.991668 0.123302 0.0373068 -179.653 -0.123429 0.992353 0.00112971 10.0337 -0.0368822 -0.00572504 0.999303 6.84864
0.991692 0.122768 0.0384019 -180.441 -0.12286 0.992424 3.52536e-05 10.1368 -0.0381066 -0.00475302 0.999262 6.89857
0.991649 0.122996 0.0387726 -181.227 -0.123051 0.9924 -0.000974243 10.2144 -0.0385978 -0.0038049 0.999248 6.94205
0.991626 0.122972 0.039437 -182.015 -0.122782 0.992407 -0.00720863 10.3142 -0.040024 0.00230611 0.999196 6.97089
0.991404 0.122311 0.04646 -182.8 -0.122051 0.992488 -0.00840077 10.4183 -0.0471385 0.00265807 0.998885 7.0066
0.990815 0.121916 0.0584941 -183.556 -0.121791 0.992539 -0.00570511 10.513 -0.0587532 -0.00147137 0.998271 7.07428
0.990398 0.121369 0.0661877 -184.314 -0.121795 0.992552 0.00241463 10.6224 -0.0654017 -0.0104528 0.997804 7.15298
0.990894 0.120863 0.0593382 -185.096 -0.121558 0.99255 0.00823731 10.7366 -0.0579006 -0.0153754 0.998204 7.24483
0.991829 0.121588 0.0386209 -185.906 -0.121948 0.992511 0.00709488 10.8448 -0.037469 -0.0117466 0.999229 7.30535
0.992337 0.123164 0.00990848 -186.736 -0.123224 0.992362 0.0057304 10.9354 -0.00912703 -0.00690745 0.999934 7.2699
0.992221 0.124244 -0.00782728 -187.547 -0.124191 0.992234 0.00690483 11.0277 0.00862438 -0.00587904 0.999946 7.28145
0.992237 0.124361 -0.000889311 -188.335 -0.124349 0.992203 0.00835619 11.1429 0.00192156 -0.00818074 0.999965 7.35426
0.991691 0.12567 0.0274943 -189.082 -0.125828 0.992044 0.00408342 11.2352 -0.0267624 -0.00750903 0.999614 7.49076
0.990343 0.125854 0.0581415 -189.864 -0.125965 0.992033 -0.00177614 11.3211 -0.0579018 -0.0055648 0.998307 7.49982
0.989622 0.125856 0.0693416 -190.659 -0.126013 0.992026 -0.00212526 11.4348 -0.0690562 -0.00663475 0.997591 7.47084
0.990453 0.126103 0.0556813 -191.461 -0.126417 0.991975 0.00212443 11.555 -0.0549665 -0.00914319 0.998446 7.53402
0.991191 0.127232 0.036768 -192.281 -0.127565 0.991807 0.00683472 11.6718 -0.0355971 -0.0114648 0.9993 7.61357
0.991461 0.128022 0.0248228 -193.111 -0.128328 0.991669 0.0111333 11.7678 -0.0231907 -0.0142237 0.99963 7.67198
0.991479 0.128353 0.0222542 -193.916 -0.128609 0.99164 0.0105044 11.8784 -0.0207198 -0.013277 0.999697 7.7498
0.991312 0.128322 0.0288889 -194.711 -0.128569 0.991677 0.00683847 11.9748 -0.0277709 -0.0104933 0.999559 7.78714
0.991044 0.127711 0.0390051 -195.518 -0.127978 0.991767 0.00440441 12.0812 -0.0381215 -0.00935675 0.999229 7.77962
0.990963 0.126867 0.0435609 -196.332 -0.127288 0.991841 0.00703656 12.1941 -0.0423128 -0.0125178 0.999026 7.80578
0.991057 0.126845 0.0414393 -197.157 -0.12733 0.991817 0.00928238 12.33 -0.0399228 -0.0144758 0.999098 7.88127
0.991239 0.127666 0.033869 -197.981 -0.128058 0.991719 0.00967786 12.4372 -0.032353 -0.0139303 0.999379 7.93403
0.9911 0.128226 0.0357485 -198.82 -0.128626 0.991651 0.00910345 12.5265 -0.0342827 -0.0136206 0.999319 7.94526
0.990746 0.128146 0.0447423 -199.631 -0.128635 0.991658 0.00822746 12.6274 -0.0433148 -0.0139068 0.998965 8.00689
0.990567 0.127459 0.0503165 -200.423 -0.128025 0.991737 0.00819106 12.7458 -0.0488567 -0.0145556 0.9987 8.08418
0.990648 0.127315 0.0490702 -201.261 -0.127876 0.991754 0.00845067 12.8597 -0.0475897 -0.0146465 0.99876 8.13631
0.990965 0.127261 0.0423384 -202.139 -0.127803 0.991746 0.0103349 12.9804 -0.0406737 -0.0156525 0.99905 8.18664
0.99118 0.127699 0.0354218 -202.985 -0.128176 0.991684 0.0115279 13.0837 -0.0336552 -0.0159664 0.999306 8.25898
0.99118 0.128106 0.0339298 -203.811 -0.12851 0.991658 0.0100056 13.1891 -0.032365 -0.0142777 0.999374 8.32553
