1 0 0 0 0 1 0 0 0 0 1 0
1 -6.92888e-05 1.81421e-05 0.00234813 6.92888e-05 1 3.65163e-06 0.00278243 -1.81424e-05 -3.65037e-06 1 -0.000932522
1 -3.74444e-05 2.11282e-05 0.000155931 3.74442e-05 1 1.19854e-05 -0.000633209 -2.11286e-05 -1.19846e-05 1 -0.000665966
1 1.06424e-05 4.83663e-05 0.000315228 -1.06434e-05 1 2.22439e-05 -0.000489341 -4.8366e-05 -2.22444e-05 1 -0.00217064
1 1.77317e-05 2.93268e-05 0.00379858 -1.7732e-05 1 1.06999e-05 0.000946912 -2.93266e-05 -1.07004e-05 1 -0.00397158
1 -4.31101e-05 1.38758e-05 -0.0011955 4.311e-05 1 1.23155e-05 0.00128615 -1.38764e-05 -1.23149e-05 1 -0.00177361
1 -9.73706e-06 1.64734e-05 -0.00133287 9.73698e-06 1 4.84437e-06 0.00219853 -1.64734e-05 -4.84421e-06 1 0.000444161
1 -5.39764e-05 4.67236e-05 -0.00275424 5.39746e-05 1 3.77621e-05 0.00255659 -4.67257e-05 -3.77595e-05 1 -0.002726
1 -1.30667e-05 2.28226e-05 -0.00112157 1.30665e-05 1 5.9836e-06 -8.26611e-05 -2.28227e-05 -5.98331e-06 1 -0.000860504
1 -1.56541e-05 1.10549e-05 -0.000335818 1.56544e-05 1 -2.74456e-05 0.00111147 -1.10544e-05 2.74458e-05 1 -0.000417295
1 -4.87794e-05 2.60433e-05 0.00127979 4.87793e-05 1 6.04295e-06 0.00192781 -2.60436e-05 -6.04168e-06 1 -0.000830433
1 -3.15892e-05 5.63045e-05 -0.00147163 3.15871e-05 1 3.66244e-05 -0.00173245 -5.63057e-05 -3.66226e-05 1 -0.00218583
1 -2.75218e-06 3.58328e-05 -0.00243449 2.75203e-06 1 4.38439e-06 -5.66657e-05 -3.58328e-05 -4.38429e-06 1 -0.00186804
1 -1.26093e-05 4.44656e-05 -0.00229799 1.26086e-05 1 1.50379e-05 0.000270942 -4.44658e-05 -1.50374e-05 1 -0.00246679
1 -3.50681e-06 3.00233e-05 0.00221732 3.50626e-06 1 1.83676e-05 -0.000485221 -3.00233e-05 -1.83675e-05 1 -0.00192946
1 -2.16213e-05 4.67811e-05 -0.00213247 2.16206e-05 1 1.33363e-05 0.00193856 -4.67813e-05 -1.33353e-05 1 -0.00241533
1 -2.43048e-05 4.0618e-05 -0.00262541 2.43039e-05 1 2.15362e-05 0.000940515 -4.06186e-05 -2.15353e-05 1 -0.00254555
1 -3.0622e-05 1.28061e-05 -0.000318038 3.06218e-05 1 1.87497e-05 0.00103467 -1.28067e-05 -1.87493e-05 1 -0.00163543
1 -1.90658e-05 1.91382e-05 0.00067336 1.90655e-05 1 1.71177e-05 0.00171688 -1.91385e-05 -1.71174e-05 1 -0.00142734
1 -2.02765e-05 -5.56501e-06 0.002541 2.02765e-05 1 -2.86288e-06 0.00472778 5.56507e-06 2.86277e-06 1 -0.000529946
1 -2.26861e-05 1.68147e-05 -0.00334323 2.26858e-05 1 1.36574e-05 0.00175505 -1.6815e-05 -1.3657e-05 1 -0.000984408
1 1.73362e-06 3.2694e-05 -0.00224137 -1.73411e-06 1 1.51695e-05 0.00284609 -3.2694e-05 -1.51696e-05 1 -0.00180928
1 -6.57214e-06 3.69248e-05 -0.00289532 6.57155e-06 1 1.60353e-05 -0.00227504 -3.69249e-05 -1.6035e-05 1 -0.00155249
1 -7.37584e-05 3.3446e-05 -0.00528801 7.37586e-05 1 -5.51529e-06 0.00533135 -3.34455e-05 5.51776e-06 1 -0.00127057
1 -5.29524e-05 1.82875e-05 0.000414584 5.29523e-05 1 8.1965e-06 0.00306283 -1.82879e-05 -8.19553e-06 1 -0.00187156
1 -5.97773e-05 3.38993e-05 -0.0021939 5.97772e-05 1 1.9386e-06 0.00650802 -3.38994e-05 -1.93657e-06 1 -0.00282519
1 -1.75991e-05 2.90314e-05 0.000968292 1.75988e-05 1 9.35319e-06 0.00230659 -2.90316e-05 -9.35268e-06 1 -0.00315181
1 -5.07118e-06 1.18136e-05 0.00258958 5.07092e-06 1 2.14652e-05 -0.00120285 -1.18137e-05 -2.14651e-05 1 -0.00198109
1 -1.32148e-05 6.28758e-06 0.00183082 1.32148e-05 1 2.60493e-06 -0.000486354 -6.28762e-06 -2.60485e-06 1 -0.000658937
1 -1.83335e-05 2.0317e-05 0.00224207 1.83333e-05 1 8.94866e-06 0.000483142 -2.03172e-05 -8.94829e-06 1 -0.0012201
1 -4.07262e-05 1.50314e-05 -0.00184776 4.07262e-05 1 -1.01869e-06 0.00268303 -1.50314e-05 1.0193e-06 1 -0.000780293
1 -3.75436e-05 1.07055e-05 8.12521e-05 3.75436e-05 1 -8.05607e-07 0.00475363 -1.07054e-05 8.06009e-07 1 -0.000465168
1 -6.96298e-06 2.77226e-05 1.95838e-05 6.96274e-06 1 8.65613e-06 0.00218254 -2.77227e-05 -8.65593e-06 1 -0.00110276
1 -2.42891e-05 1.17153e-05 -0.00171245 2.42891e-05 1 3.1868e-06 0.000763411 -1.17154e-05 -3.18651e-06 1 -0.000506534
1 -7.50572e-07 3.21126e-05 -0.00258376 7.50116e-07 1 1.42111e-05 -0.00124435 -3.21126e-05 -1.4211e-05 1 -0.00156081
1 -4.76956e-05 3.61588e-05 -0.00501438 4.76951e-05 1 1.48834e-05 0.00171295 -3.61595e-05 -1.48817e-05 1 -0.00167993
1 -3.8088e-05 2.99797e-05 0.000977475 3.80875e-05 1 1.67551e-05 0.00219858 -2.99804e-05 -1.67539e-05 1 -0.00280847
1 -7.44136e-07 2.66638e-05 0.00401662 7.43618e-07 1 1.94228e-05 -0.0033627 -2.66638e-05 -1.94228e-05 1 -0.00195824
1 -7.47726e-06 2.60717e-05 0.000735738 7.47685e-06 1 1.59341e-05 -0.000319798 -2.60718e-05 -1.59339e-05 1 -0.00135871
1 -9.6289e-06 1.40604e-05 0.000553765 9.62862e-06 1 1.94793e-05 -7.29346e-05 -1.40606e-05 -1.94791e-05 1 -0.000979865
1 -4.61982e-05 2.14008e-05 -0.00123963 4.61981e-05 1 2.42181e-06 0.00393954 -2.14009e-05 -2.42082e-06 1 -0.00107605
1 -8.56548e-05 3.16363e-05 -0.0044212 8.56547e-05 1 3.63782e-06 0.00512112 -3.16366e-05 -3.63511e-06 1 -0.00164029
1 -3.9823e-05 2.86917e-05 -0.00184538 3.98228e-05 1 8.12012e-06 0.00145858 -2.8692e-05 -8.11898e-06 1 -0.0016999
1 -4.48446e-05 2.87082e-05 0.00044609 4.48444e-05 1 5.9969e-06 0.00463682 -2.87085e-05 -5.99561e-06 1 -0.00192638
1 -8.46511e-06 1.28896e-05 0.00483141 8.46509e-06 1 2.27357e-06 0.00304909 -1.28896e-05 -2.27346e-06 1 -0.00160463
1 -2.85519e-05 3.14445e-05 -0.00373262 2.85515e-05 1 1.4251e-05 0.00162064 -3.14449e-05 -1.42501e-05 1 -0.00166825
1 -4.56132e-05 3.18268e-05 -0.00347616 4.56129e-05 1 9.04204e-06 0.0045865 -3.18272e-05 -9.04059e-06 1 -0.0019549
1 -1.18269e-05 1.75132e-05 -0.000132831 1.18267e-05 1 1.10385e-05 -0.000435829 -1.75133e-05 -1.10382e-05 1 -0.00102487
1 -5.2361e-06 3.24329e-05 0.00234015 5.23478e-06 1 4.06876e-05 -0.00364446 -3.24331e-05 -4.06874e-05 1 -0.00359902
1 -4.06493e-05 4.0083e-05 -0.00316579 4.06488e-05 1 1.0478e-05 0.00210266 -4.00835e-05 -1.04764e-05 1 -0.00235513
1 -3.09924e-05 2.04903e-05 -2.7465e-05 3.09927e-05 1 -1.08031e-05 0.00343293 -2.049e-05 1.08037e-05 1 0.000100531
1 -2.21562e-05 3.79618e-05 -0.00169635 2.21555e-05 1 1.89729e-05 -0.00035989 -3.79622e-05 -1.8972e-05 1 -0.00165039
1 -3.02833e-05 2.23873e-05 -0.00326477 3.02834e-05 1 -3.34536e-06 0.00197982 -2.23872e-05 3.34604e-06 1 -0.000862312
1 -3.03661e-05 1.26698e-05 0.000990747 3.03662e-05 1 -9.14638e-06 0.00414413 -1.26695e-05 9.14677e-06 1 -0.00149369
1 -3.41533e-05 2.38742e-05 -0.000501739 3.4153e-05 1 1.19782e-05 0.00314358 -2.38746e-05 -1.19773e-05 1 -0.0020115
1 -3.55303e-05 2.2811e-05 -0.00227815 3.55303e-05 1 -3.02497e-07 0.00237913 -2.28109e-05 3.03308e-07 1 -0.000738486
1 7.52456e-06 2.86121e-05 0.000414078 -7.52499e-06 1 1.499e-05 -0.00358862 -2.8612e-05 -1.49903e-05 1 -0.000880969
1 -1.4565e-05 3.89079e-05 -0.00108909 1.45643e-05 1 1.7628e-05 -0.000326135 -3.89082e-05 -1.76274e-05 1 -0.00150124
1 -4.9964e-05 2.84671e-05 0.000310291 4.99637e-05 1 1.16868e-05 0.00426204 -2.84677e-05 -1.16853e-05 1 -0.00165305
1 -4.37964e-05 2.28254e-05 0.0013091 4.37963e-05 1 4.07382e-06 0.00437555 -2.28256e-05 -4.07282e-06 1 -0.00173515
1 -2.0503e-05 2.66706e-05 -0.000667675 2.05027e-05 1 9.69356e-06 0.00118939 -2.66708e-05 -9.69302e-06 1 -0.00156227
1 -1.4834e-05 1.57825e-05 -0.00185988 1.48339e-05 1 5.97022e-06 0.00128935 -1.57826e-05 -5.96999e-06 1 -0.00114997
1 -2.63442e-05 2.11778e-05 -0.00289952 2.63441e-05 1 6.99811e-06 0.000751782 -2.1178e-05 -6.99755e-06 1 -0.000744807
1 -5.04631e-05 3.23837e-05 -0.00509714 5.0463e-05 1 3.51369e-06 -0.000247882 -3.23839e-05 -3.51205e-06 1 -0.000862823
1 9.98076e-06 2.16621e-05 0.00314033 -9.98108e-06 1 1.5123e-05 -0.00166758 -2.16619e-05 -1.51232e-05 1 -0.00140146
1 -4.47117e-05 4.1134e-05 0.000370289 4.47109e-05 1 1.98339e-05 0.0043153 -4.11349e-05 -1.98321e-05 1 -0.00338001
1 -6.83932e-05 3.33352e-05 -0.0020153 6.83932e-05 1 1.87042e-06 0.00790269 -3.33354e-05 -1.86814e-06 1 -0.00203067
1 2.97043e-05 2.86296e-05 0.00376839 -2.97051e-05 1 2.56558e-05 -0.0024922 -2.86289e-05 -2.56567e-05 1 -0.00257558
1 8.2064e-06 4.55094e-05 0.00288718 -8.20761e-06 1 2.67091e-05 -0.000337239 -4.55091e-05 -2.67095e-05 1 -0.00343287
1 -5.21261e-05 4.95854e-05 -0.00290079 5.21255e-05 1 1.21874e-05 0.00527244 -4.9586e-05 -1.21848e-05 1 -0.00241738
1 -7.15686e-05 2.74384e-05 -0.00262202 7.15685e-05 1 6.29003e-06 0.00630133 -2.74388e-05 -6.28807e-06 1 -0.00220632
1 -3.83878e-05 1.90215e-05 -0.000639851 3.83876e-05 1 1.3511e-05 0.00250823 -1.9022e-05 -1.35103e-05 1 -0.00221912
1 -9.22994e-06 2.22128e-05 0.00511501 9.22958e-06 1 1.62105e-05 -0.000669825 -2.22129e-05 -1.62103e-05 1 -0.00207924
1 -5.00492e-05 3.12587e-05 -0.0015907 5.00487e-05 1 1.48164e-05 0.00323899 -3.12594e-05 -1.48149e-05 1 -0.0011301
1 -7.27281e-05 2.47449e-05 -0.0045316 7.27282e-05 1 -6.49339e-06 0.00690033 -2.47444e-05 6.49519e-06 1 -0.000362794
1 -2.75484e-05 3.27161e-05 0.000567031 2.75476e-05 1 2.45778e-05 0.000342281 -3.27167e-05 -2.45769e-05 1 -0.0020482
1 -2.68325e-05 2.13244e-05 0.00219495 2.68321e-05 1 2.12178e-05 0.00238337 -2.13249e-05 -2.12173e-05 1 -0.00271921
1 -1.86017e-06 2.83581e-05 0.00338622 1.85976e-06 1 1.46918e-05 0.000445249 -2.83581e-05 -1.46917e-05 1 -0.00226178
1 -2.07477e-05 4.49748e-05 -0.00252151 2.07467e-05 1 2.20652e-05 -0.00137526 -4.49752e-05 -2.20643e-05 1 -0.00146477
1 -3.71952e-05 1.75988e-05 0.000784678 3.71952e-05 1 7.96513e-07 0.00550516 -1.75988e-05 -7.95859e-07 1 -0.00128036
1 -4.02017e-05 2.45072e-05 0.0018997 4.02011e-05 1 2.55839e-05 0.00259746 -2.45083e-05 -2.55829e-05 1 -0.00249852
1 -2.05973e-05 2.45985e-05 0.00145509 2.05969e-05 1 1.60576e-05 0.00131513 -2.45988e-05 -1.60571e-05 1 -0.00183835
1 -4.85118e-05 3.40098e-05 -0.002942 4.85114e-05 1 1.01317e-05 0.00326049 -3.40103e-05 -1.013e-05 1 -0.00205608
1 1.02202e-06 1.06105e-05 0.000540881 -1.02196e-06 1 -5.70176e-06 -0.00172653 -1.06105e-05 5.70175e-06 1 3.91412e-05
1 -2.63977e-06 1.60576e-05 0.00375399 2.63962e-06 1 9.28919e-06 0.00119336 -1.60576e-05 -9.28915e-06 1 -0.00187156
1 -8.81902e-06 6.94281e-06 0.00213523 8.81905e-06 1 -4.72444e-06 0.00227382 -6.94277e-06 4.7245e-06 1 -0.00105281
1 -5.34724e-05 4.2066e-05 -0.00537547 5.34715e-05 1 2.04242e-05 0.00215791 -4.20671e-05 -2.0422e-05 1 -0.00221883
1 -1.55744e-05 1.25688e-05 0.00339353 1.55745e-05 1 -7.19787e-06 0.0036822 -1.25686e-05 7.19807e-06 1 -0.00143196
1 -4.79859e-06 -1.6726e-05 0.0107444 4.7981e-06 1 -2.94427e-05 0.00608882 1.67262e-05 2.94426e-05 1 -0.000227914
1 4.64358e-05 -1.87564e-05 0.0219298 -4.64363e-05 1 -2.33467e-05 0.0034207 1.87554e-05 2.33475e-05 1 -0.00031811
1 9.16878e-05 -7.2898e-05 0.0277736 -9.16918e-05 1 -5.54385e-05 0.00093297 7.28929e-05 5.54452e-05 1 0.00184915
1 1.66483e-05 -3.91603e-05 0.0148592 -1.66499e-05 1 -4.02587e-05 0.00122592 3.91596e-05 4.02594e-05 1 0.00174755
1 -6.83137e-05 1.46901e-05 -0.00150788 6.83137e-05 1 -1.32448e-06 0.00294904 -1.469e-05 1.32548e-06 1 0.000395207
1 -0.000180038 4.41077e-05 -0.0198721 0.000180038 1 1.36034e-06 0.00888691 -4.41079e-05 -1.3524e-06 1 -0.000274945
1 -0.000215207 6.14845e-05 -0.0316623 0.000215208 1 -1.04846e-05 0.00866224 -6.14822e-05 1.04978e-05 1 -0.000745958
1 -0.000244661 0.000103478 -0.0434384 0.000244659 1 1.49551e-05 0.00368158 -0.000103482 -1.49298e-05 1 -0.000728591
1 -0.000306143 0.00012584 -0.0530744 0.000306138 1 4.06812e-05 0.00927649 -0.000125852 -4.06427e-05 1 -0.000880691
1 -0.000405768 0.00011892 -0.0609782 0.000405766 1 1.29893e-05 0.0152974 -0.000118925 -1.29411e-05 1 0.0021622
1 -0.000522946 0.000155282 -0.0800832 0.000522948 1 -1.52856e-05 0.0218248 -0.000155274 1.53668e-05 1 0.0043158
1 -0.000622231 0.000175295 -0.103969 0.00062223 1 8.69178e-06 0.0138949 -0.0001753 -8.5827e-06 1 0.00634251
1 -0.000787484 0.00022241 -0.13507 0.000787473 1 4.97141e-05 0.0195931 -0.000222449 -4.9539e-05 1 0.00423385
0.999999 -0.00105922 0.000395929 -0.190233 0.0010592 0.999999 5.37945e-05 0.0302811 -0.000395986 -5.33751e-05 1 0.00652622
0.999999 -0.00141765 0.000537656 -0.262589 0.00141758 0.999999 0.000118656 0.0385798 -0.000537824 -0.000117893 1 0.00585703
0.999998 -0.00175806 0.000608842 -0.328563 0.00175797 0.999998 0.000156231 0.038454 -0.000609115 -0.000155161 1 0.00434792
0.999998 -0.00200195 0.000712607 -0.38578 0.00200181 0.999998 0.000195415 0.0367324 -0.000712997 -0.000193988 1 0.00390788
0.999997 -0.00229094 0.000802354 -0.436085 0.00229076 0.999997 0.000225105 0.0508465 -0.000802867 -0.000223266 1 0.00417428
0.999996 -0.0028604 0.000880813 -0.494289 0.00286017 0.999996 0.000258962 0.0583532 -0.00088155 -0.000256441 1 0.00578954
0.999992 -0.00377438 0.000897929 -0.572566 0.00377419 0.999993 0.000215009 0.0686001 -0.000898734 -0.000211618 1 0.00987704
0.999981 -0.0060987 0.00103073 -0.714858 0.00609867 0.999981 3.33046e-05 0.0319453 -0.00103092 -2.70178e-05 0.999999 0.0166324
0.99997 -0.00764433 0.00121001 -0.845228 0.00764424 0.999971 7.75203e-05 0.0129035 -0.00121057 -6.82683e-05 0.999999 0.0212186
0.999963 -0.00852369 0.00134778 -0.956357 0.00852347 0.999964 0.000166788 0.019307 -0.00134916 -0.000155294 0.999999 0.0234224
0.999949 -0.0100397 0.00146 -1.0896 0.0100396 0.99995 0.000113875 -0.000238236 -0.00146107 -9.92111e-05 0.999999 0.0265271
0.999921 -0.0124207 0.00175412 -1.26141 0.0124206 0.999923 2.36095e-05 -0.0265963 -0.00175428 -1.82039e-06 0.999998 0.0260345
0.999897 -0.0141765 0.00211353 -1.41563 0.0141761 0.999899 0.000166773 -0.0613168 -0.00211568 -0.000136794 0.999998 0.0267974
0.999872 -0.0158435 0.00235211 -1.54892 0.0158425 0.999874 0.000433961 -0.0765273 -0.00235869 -0.000396642 0.999997 0.0309419
0.999757 -0.0218661 0.00261213 -1.69025 0.0218638 0.999761 0.00088444 -0.0363193 -0.00263084 -0.000827115 0.999996 0.0308565
0.999652 -0.0262337 0.00264939 -1.86941 0.0262319 0.999656 0.000694337 -0.0484422 -0.0026667 -0.000624597 0.999996 0.0461527
0.999506 -0.0312809 0.00313603 -2.05467 0.0312788 0.99951 0.000727518 -0.0441029 -0.00315725 -0.000629068 0.999995 0.0409808
0.999397 -0.0345683 0.00333644 -2.23925 0.0345662 0.999402 0.000685671 -0.0691182 -0.00335815 -0.000569929 0.999994 0.0449164
0.999303 -0.0371427 0.00376683 -2.48438 0.0371397 0.99931 0.000844996 -0.106293 -0.00379561 -0.000704508 0.999993 0.0498111
0.999074 -0.0428181 0.00414335 -2.67466 0.0428132 0.999082 0.00127207 -0.103142 -0.00419402 -0.0010935 0.999991 0.0588562
0.998842 -0.0478911 0.00468277 -2.90556 0.0478845 0.998852 0.00151566 -0.133931 -0.00474998 -0.00128967 0.999988 0.0625446
0.99851 -0.0543089 0.00538585 -3.14141 0.0543005 0.998523 0.00169063 -0.157272 -0.00546972 -0.00139565 0.999984 0.0613745
0.998229 -0.0591795 0.00607078 -3.39186 0.0591707 0.998247 0.00161514 -0.201512 -0.00615572 -0.00125307 0.99998 0.0630151
0.997842 -0.0652952 0.00696692 -3.63811 0.065283 0.997865 0.00196792 -0.216554 -0.00708054 -0.00150885 0.999974 0.0667141
0.997343 -0.0723997 0.00808164 -3.89042 0.0723801 0.997373 0.00269907 -0.201399 -0.00825583 -0.00210694 0.999964 0.0766108
0.99688 -0.0784542 0.00869796 -4.15297 0.0784302 0.996915 0.00306237 -0.259674 -0.00891138 -0.00237063 0.999957 0.0892578
0.996251 -0.0860232 0.00914529 -4.46418 0.0859963 0.99629 0.00330084 -0.306385 -0.00939531 -0.002502 0.999953 0.1024
0.995478 -0.0944998 0.00962566 -4.73427 0.0944697 0.995521 0.00353863 -0.323624 -0.00991695 -0.0026133 0.999947 0.106266
0.994587 -0.103421 0.0100251 -5.02144 0.103389 0.994634 0.00365676 -0.366751 -0.0103495 -0.00260048 0.999943 0.116352
0.993615 -0.112334 0.0105168 -5.32319 0.1123 0.993667 0.00373796 -0.430299 -0.0108701 -0.00253306 0.999938 0.120221
0.992482 -0.12194 0.0105198 -5.62892 0.121907 0.992535 0.0036622 -0.478817 -0.0108879 -0.00235222 0.999938 0.131754
0.991133 -0.13248 0.0102488 -5.94003 0.132446 0.991183 0.00392588 -0.525355 -0.0106785 -0.00253366 0.99994 0.148523
0.989682 -0.142901 0.010443 -6.26294 0.142862 0.989733 0.0044036 -0.588574 -0.0109651 -0.00286625 0.999936 0.161605
0.988012 -0.153986 0.0109416 -6.57371 0.153945 0.988069 0.00455733 -0.659687 -0.0115128 -0.00281829 0.99993 0.171534
0.986113 -0.165733 0.0107034 -6.89497 0.165699 0.986168 0.00401438 -0.726364 -0.0112207 -0.00218509 0.999935 0.183668
0.984093 -0.177348 0.0103977 -7.24728 0.177323 0.984147 0.00328009 -0.801885 -0.0108146 -0.00138417 0.999941 0.198205
0.981979 -0.188727 0.00997464 -7.5999 0.188713 0.98203 0.00226804 -0.886231 -0.0102234 -0.000344823 0.999948 0.216517
0.979712 -0.200129 0.010642 -7.96072 0.200123 0.979769 0.00163132 -0.98075 -0.0107532 0.000531496 0.999942 0.213893
0.977126 -0.212364 0.0112431 -8.2947 0.212354 0.977191 0.00207504 -1.06603 -0.0114273 0.000359932 0.999935 0.216387
0.974411 -0.224479 0.0115535 -8.65324 0.224459 0.974479 0.00297416 -1.16048 -0.0119262 -0.00030477 0.999929 0.230796
0.971722 -0.235884 0.0107329 -9.04457 0.235867 0.971781 0.00282833 -1.27682 -0.0110972 -0.000216808 0.999938 0.24452
0.968961 -0.246999 0.0102622 -9.40089 0.246996 0.969015 0.00160726 -1.4052 -0.0103412 0.000977349 0.999946 0.252902
0.965997 -0.258367 0.00977928 -9.77726 0.258386 0.966041 -0.000737306 -1.51866 -0.00925669 0.00323907 0.999952 0.294179
0.962984 -0.269387 0.00957894 -10.1396 0.269418 0.963021 -0.00208721 -1.63575 -0.00866245 0.00459069 0.999952 0.307779
0.960076 -0.279558 0.010067 -10.4666 0.27959 0.960117 -0.00197232 -1.76755 -0.00911416 0.00470823 0.999947 0.309316
0.95715 -0.289396 0.0106938 -10.8574 0.289427 0.957199 -0.00144863 -1.89251 -0.00981686 0.00448164 0.999942 0.318136
0.954418 -0.298261 0.0112355 -11.2675 0.298291 0.954474 -0.00106195 -2.032 -0.0104073 0.00436501 0.999936 0.322623
0.951698 -0.306813 0.0116397 -11.6586 0.306844 0.951759 -0.000921691 -2.16204 -0.0107954 0.00444874 0.999932 0.325905
0.949912 -0.312302 0.011565 -12.0927 0.312333 0.949972 -0.000955125 -2.30105 -0.0106882 0.00451942 0.999933 0.341298
0.94809 -0.317807 0.0111489 -12.4962 0.317834 0.948146 -0.000774547 -2.44477 -0.0103247 0.00427785 0.999938 0.348988
0.946443 -0.322698 0.0106019 -12.8985 0.322726 0.946492 -0.00101004 -2.58748 -0.00970865 0.00437744 0.999943 0.364732
0.945177 -0.32639 0.0105176 -13.304 0.326419 0.945224 -0.00117186 -2.73834 -0.00955897 0.00454075 0.999944 0.367356
0.944362 -0.328744 0.0103839 -13.7386 0.328771 0.944409 -0.00101008 -2.8989 -0.0094746 0.00436781 0.999946 0.372807
0.943784 -0.330402 0.0103429 -14.1954 0.330426 0.943832 -0.000674758 -3.03348 -0.00953897 0.00405438 0.999946 0.388134
0.943485 -0.331252 0.0103712 -14.6426 0.331271 0.943536 -6.67322e-05 -3.17403 -0.00976345 0.00349862 0.999946 0.388241
0.94353 -0.33119 0.00805544 -15.1117 0.33119 0.943563 0.00136879 -3.33011 -0.00805414 0.00137639 0.999967 0.407521
0.943487 -0.331378 0.00451728 -15.5372 0.331356 0.943492 0.00511014 -3.49007 -0.00595541 -0.00332453 0.999977 0.48114
0.943477 -0.331415 0.00391917 -15.9762 0.331389 0.943474 0.006165 -3.66527 -0.00574081 -0.00451776 0.999973 0.519513
0.943557 -0.331154 0.00602697 -16.4632 0.331127 0.943572 0.00509452 -3.82321 -0.00737396 -0.00281127 0.999969 0.508877
0.943748 -0.330581 0.00740776 -16.9239 0.330556 0.943776 0.00447212 -3.98246 -0.00846966 -0.00177188 0.999963 0.49756
0.943847 -0.330282 0.00817631 -17.3915 0.330249 0.94388 0.00508195 -4.14728 -0.00939593 -0.00209637 0.999954 0.511201
0.943812 -0.330358 0.00908689 -17.8725 0.330311 0.943851 0.00633549 -4.30647 -0.0106696 -0.00297801 0.999939 0.528487
0.943933 -0.329999 0.0095523 -18.3563 0.329936 0.943972 0.00764857 -4.46593 -0.0115411 -0.0040681 0.999925 0.53978
0.9442 -0.329252 0.00888272 -18.8585 0.329201 0.944236 0.00674356 -4.64963 -0.0106077 -0.00344307 0.999938 0.567102
0.944522 -0.328354 0.00793367 -19.3674 0.328321 0.944552 0.00513898 -4.84493 -0.00918116 -0.00224908 0.999955 0.589636
0.944649 -0.327971 0.00854876 -19.8685 0.327945 0.944687 0.00437493 -5.01808 -0.00951075 -0.00132925 0.999954 0.609938
0.944716 -0.327746 0.009737 -20.3511 0.327713 0.944765 0.00488759 -5.18353 -0.0108011 -0.00142645 0.999941 0.620869
0.9448 -0.32747 0.010774 -20.8881 0.327426 0.94486 0.00571263 -5.37038 -0.0120507 -0.0018696 0.999926 0.636785
0.944822 -0.327384 0.0114316 -21.4027 0.327331 0.944889 0.00626153 -5.53144 -0.0128515 -0.00217412 0.999915 0.662384
0.944401 -0.328568 0.0122462 -21.9054 0.328505 0.944477 0.00687699 -5.70742 -0.0138258 -0.00247171 0.999901 0.681653
0.943888 -0.330034 0.0123931 -22.418 0.329974 0.943966 0.006659 -5.91822 -0.0138963 -0.00219596 0.999901 0.698482
0.943134 -0.332202 0.0118245 -22.9537 0.332158 0.943207 0.00556006 -6.10653 -0.0130001 -0.00131627 0.999915 0.710036
0.942213 -0.334821 0.0114242 -23.4994 0.334789 0.942282 0.00458613 -6.29872 -0.0123003 -0.00049642 0.999924 0.714203
0.941362 -0.337212 0.0111744 -24.0319 0.337182 0.941429 0.00456671 -6.48982 -0.0120598 -0.000531142 0.999927 0.730328
0.940551 -0.339469 0.0111523 -24.568 0.33944 0.940617 0.0044637 -6.68836 -0.0120054 -0.000412791 0.999928 0.752453
0.939843 -0.341459 0.010066 -25.1163 0.341436 0.939897 0.00402485 -6.87728 -0.0108353 -0.000345847 0.999941 0.767308
0.938925 -0.344006 0.00890794 -25.6772 0.343987 0.938968 0.00357293 -7.08842 -0.00959338 -0.000290493 0.999954 0.781085
0.937929 -0.346791 0.00501967 -26.2482 0.346762 0.937935 0.00586422 -7.27396 -0.00674178 -0.0037596 0.99997 0.779632
0.936778 -0.349924 0.000286818 -26.8042 0.349913 0.936754 0.00733822 -7.48427 -0.0028365 -0.00677392 0.999973 0.871071
0.935414 -0.353554 0.000258723 -27.3558 0.353554 0.935413 -0.00144443 -7.71358 0.000268673 0.00144262 0.999999 0.925155
0.934103 -0.356985 0.00372075 -27.9217 0.357001 0.934087 -0.00570245 -7.947 -0.00143982 0.00665499 0.999977 0.859614
0.932306 -0.361599 0.00715112 -28.4866 0.36163 0.932315 -0.00363725 -8.16593 -0.00535187 0.00597709 0.999968 0.851783
0.930104 -0.367153 0.0102174 -29.0849 0.367112 0.930159 0.00566368 -8.40604 -0.0115832 -0.00151689 0.999932 0.842478
0.928065 -0.372337 0.00783306 -29.6368 0.372261 0.928078 0.00968151 -8.60617 -0.0108745 -0.00606913 0.999922 0.971919
0.926328 -0.376641 0.00763018 -30.1765 0.376586 0.92635 0.00771675 -8.82249 -0.00997465 -0.00427482 0.999941 1.02136
0.924225 -0.381786 0.00688198 -30.8129 0.38179 0.924249 0.000681553 -9.10876 -0.00662086 0.00199756 0.999976 1.02025
0.921505 -0.388313 0.006475 -31.4217 0.38833 0.921519 -0.00143697 -9.37777 -0.00540884 0.00383861 0.999978 0.986754
0.918346 -0.395718 0.00692098 -32.0241 0.395726 0.918369 0.000240407 -9.63686 -0.00645115 0.00251804 0.999976 1.00721
0.914972 -0.403439 0.00794658 -32.6118 0.403436 0.915006 0.00201044 -9.89519 -0.00808226 0.00136644 0.999966 1.05429
0.911557 -0.41108 0.00872182 -33.2194 0.411075 0.911598 0.0024185 -10.1899 -0.008945 0.00138072 0.999959 1.09375
0.907526 -0.419887 0.00960887 -33.8082 0.419895 0.907572 0.00123029 -10.4888 -0.00923733 0.0029182 0.999953 1.11136
0.903465 -0.428531 0.0105978 -34.4194 0.428552 0.903517 0.00031748 -10.7823 -0.00971135 0.00425488 0.999944 1.12061
0.898896 -0.438008 0.0116304 -35.0252 0.438033 0.898959 0.000458351 -11.0779 -0.010656 0.0046825 0.999932 1.14114
0.893999 -0.447908 0.0119894 -35.6506 0.447929 0.894069 0.000986272 -11.4091 -0.0111611 0.00448867 0.999928 1.1575
0.888459 -0.4588 0.0119251 -36.2679 0.458817 0.88853 0.00145433 -11.7427 -0.0112631 0.00417933 0.999928 1.18204
0.882676 -0.469845 0.0113796 -36.8673 0.469862 0.882739 0.00131674 -12.0762 -0.0106639 0.00418457 0.999934 1.20776
0.876795 -0.480747 0.0105996 -37.4744 0.480767 0.876848 0.000717709 -12.4398 -0.00963929 0.00446667 0.999944 1.22256
0.871211 -0.490826 0.00899728 -38.1041 0.490855 0.87124 -0.00120349 -12.8035 -0.00724809 0.00546485 0.999959 1.24561
0.865288 -0.501215 0.00784087 -38.7395 0.501238 0.865308 -0.00127452 -13.1745 -0.00614596 0.00503297 0.999968 1.2378
0.858577 -0.512621 0.00808073 -39.3644 0.512644 0.858601 -0.000906829 -13.5265 -0.00647326 0.00492112 0.999967 1.25333
0.852346 -0.522916 0.00807245 -39.9427 0.522937 0.852371 -0.000628137 -13.9322 -0.00655226 0.00475678 0.999967 1.28249
0.846073 -0.533002 0.00835139 -40.5546 0.533026 0.846099 -0.000778126 -14.3599 -0.00665136 0.00510986 0.999965 1.2944
0.839239 -0.54369 0.00889356 -41.2103 0.543715 0.83927 -0.000416919 -14.7586 -0.00723742 0.00518546 0.99996 1.29736
0.832278 -0.554294 0.00846912 -41.8498 0.554314 0.832308 -8.09705e-07 -15.1668 -0.00704846 0.00469523 0.999964 1.31772
0.8253 -0.564642 0.00765111 -42.4514 0.564655 0.825327 0.000634779 -15.5877 -0.00667309 0.00379635 0.999971 1.35422
0.818552 -0.574379 0.00784692 -43.0595 0.574389 0.818581 0.00105935 -16.0378 -0.00703181 0.00364006 0.999969 1.38487
0.811679 -0.584048 0.00811916 -43.6817 0.584062 0.811709 0.000737532 -16.5129 -0.00702114 0.00414345 0.999967 1.3941
0.805299 -0.592823 0.0073562 -44.3025 0.592835 0.805324 0.000692294 -16.9827 -0.00633453 0.00380351 0.999973 1.40766
0.79942 -0.600742 0.0060573 -44.9193 0.60075 0.799437 0.000704788 -17.4685 -0.00526583 0.0030755 0.999981 1.4425
0.794413 -0.607341 0.00664821 -45.5288 0.607348 0.794435 0.00119821 -17.9479 -0.0060093 0.0030859 0.999977 1.4757
0.790625 -0.612226 0.00953857 -46.1469 0.612233 0.790673 0.00258069 -18.4259 -0.00912186 0.00379947 0.999951 1.49319
0.786947 -0.616872 0.0135769 -46.7825 0.616862 0.787053 0.00537408 -18.9153 -0.0140008 0.00414595 0.999893 1.51172
0.783133 -0.621635 0.0165375 -47.3859 0.621608 0.783294 0.0073254 -19.3966 -0.0175075 0.00454312 0.999836 1.54706
0.779276 -0.626468 0.0163351 -47.9852 0.626431 0.779436 0.0079442 -19.8853 -0.0177089 0.00404208 0.999835 1.58404
0.775872 -0.630706 0.0152528 -48.6206 0.630673 0.776012 0.00748044 -20.4048 -0.0165543 0.00381567 0.999856 1.60918
0.772849 -0.634439 0.0138069 -49.2374 0.634433 0.772959 0.00537899 -20.9554 -0.0140848 0.00460239 0.99989 1.63302
0.769255 -0.638825 0.0122203 -49.8445 0.638852 0.769327 0.00201774 -21.458 -0.0106904 0.00625478 0.999923 1.67198
0.766092 -0.642614 0.0122367 -50.4618 0.642642 0.766164 0.00202462 -21.9558 -0.0106763 0.00631277 0.999923 1.68638
0.76345 -0.645733 0.0131448 -51.0935 0.645759 0.763536 0.00275006 -22.4798 -0.0118123 0.00638884 0.99991 1.71787
0.761264 -0.648274 0.0147747 -51.6968 0.648319 0.761366 0.00218781 -23.019 -0.0126673 0.00791323 0.999888 1.75531
0.758915 -0.650971 0.0168551 -52.324 0.651042 0.75904 0.00166527 -23.5606 -0.0138778 0.0097096 0.999857 1.78348
0.757053 -0.653143 0.016606 -52.9171 0.653228 0.757161 0.000361161 -24.0957 -0.0128093 0.0105741 0.999862 1.81373
0.755198 -0.655299 0.0161273 -53.5446 0.655401 0.755279 -0.00148363 -24.6469 -0.0112084 0.0116903 0.999869 1.8343
0.753866 -0.65688 0.0139331 -54.1675 0.656985 0.753889 -0.00461911 -25.1827 -0.00746981 0.012636 0.999892 1.86001
0.753605 -0.657208 0.012549 -54.7857 0.657306 0.753598 -0.0062775 -25.7321 -0.00533125 0.0129793 0.999902 1.88177
0.753593 -0.657217 0.0127563 -55.4089 0.657316 0.753592 -0.00588487 -26.2615 -0.00574538 0.0128197 0.999901 1.90405
0.753897 -0.656855 0.0134739 -56.0372 0.656959 0.753907 -0.0053771 -26.7911 -0.00662611 0.0129056 0.999895 1.93078
0.754736 -0.655888 0.0135596 -56.6702 0.655987 0.754759 -0.00444722 -27.3391 -0.00731732 0.0122514 0.999898 1.95364
0.75545 -0.655067 0.0135202 -57.2947 0.655165 0.755473 -0.00434887 -27.8899 -0.00736534 0.0121433 0.999899 1.97726
0.756057 -0.654383 0.0126953 -57.9208 0.654475 0.756067 -0.00501879 -28.4337 -0.0063143 0.0121033 0.999907 1.99626
0.756748 -0.653607 0.0114657 -58.5375 0.653691 0.756736 -0.00623784 -28.9819 -0.00459939 0.0122155 0.999915 2.01451
0.757406 -0.652862 0.0103774 -59.1449 0.652937 0.757378 -0.00718133 -29.5121 -0.00317121 0.012215 0.99992 2.02428
0.759115 -0.650895 0.00891317 -59.7825 0.650953 0.759085 -0.00710316 -30.0578 -0.00214244 0.0111942 0.999935 2.03653
0.760326 -0.649503 0.00707264 -60.4308 0.649541 0.760291 -0.00733611 -30.5778 -0.00061244 0.0101718 0.999948 2.08424
0.761407 -0.648233 0.00724797 -61.0391 0.648272 0.761381 -0.00650619 -31.1076 -0.00130094 0.00965252 0.999953 2.10831
0.762612 -0.6468 0.00857719 -61.6623 0.646851 0.762594 -0.00589031 -31.6187 -0.00273106 0.0100402 0.999946 2.13623
0.764242 -0.644853 0.00987994 -62.2843 0.644916 0.764234 -0.00545845 -32.1328 -0.00403068 0.0105433 0.999936 2.14919
0.766592 -0.642052 0.0103067 -62.8884 0.642118 0.76659 -0.0050217 -32.6512 -0.00467686 0.0104677 0.999934 2.1672
0.769173 -0.638969 0.00963637 -63.5093 0.639025 0.769172 -0.00459168 -33.1671 -0.00447809 0.00968968 0.999943 2.195
0.77156 -0.636086 0.00950051 -64.1352 0.63614 0.771562 -0.00421897 -33.6798 -0.00464661 0.00929883 0.999946 2.21786
0.774205 -0.632856 0.0100302 -64.7568 0.632912 0.774215 -0.00371173 -34.1963 -0.00541651 0.00922186 0.999943 2.24059
0.777033 -0.629372 0.0104973 -65.3969 0.629429 0.777051 -0.00321375 -34.6996 -0.00613429 0.0091045 0.99994 2.2571
0.779947 -0.625763 0.010197 -66.0285 0.625818 0.779962 -0.00329213 -35.2084 -0.00589318 0.00894916 0.999943 2.28243
0.784068 -0.620592 0.0101461 -66.6788 0.620648 0.784082 -0.00350595 -35.7345 -0.00577964 0.00904609 0.999942 2.30039
0.786855 -0.617039 0.011094 -67.3076 0.61711 0.786865 -0.00446116 -36.2257 -0.00597679 0.0103565 0.999929 2.3154
0.790257 -0.612664 0.0116649 -67.9758 0.612738 0.790276 -0.00403629 -36.7204 -0.00674563 0.0103373 0.999924 2.33095
0.793374 -0.608617 0.0119746 -68.6004 0.608697 0.79339 -0.00445946 -37.1839 -0.0067864 0.0108269 0.999918 2.35949
0.797217 -0.603594 0.0108956 -69.2385 0.603661 0.797231 -0.00407471 -37.6598 -0.00622686 0.00982569 0.999932 2.3849
0.801176 -0.598343 0.0100966 -69.8965 0.598403 0.801184 -0.00433223 -38.1827 -0.00549703 0.00951269 0.99994 2.41332
0.804742 -0.593535 0.0103319 -70.5515 0.593597 0.804751 -0.00424471 -38.6612 -0.00579527 0.0095489 0.999938 2.42722
0.807693 -0.589508 0.0105985 -71.2046 0.589572 0.807705 -0.00412169 -39.1091 -0.00613066 0.00957762 0.999935 2.43089
0.811201 -0.584672 0.0105762 -71.8592 0.584736 0.811212 -0.0043825 -39.5624 -0.00601722 0.00973938 0.999934 2.48144
0.815732 -0.578344 0.0100163 -72.521 0.578401 0.815742 -0.00405041 -40.0646 -0.00582822 0.00909751 0.999942 2.51645
0.820031 -0.572222 0.0105393 -73.207 0.572285 0.820044 -0.00417241 -40.5408 -0.00625514 0.00945299 0.999936 2.5319
0.823929 -0.566578 0.0114087 -73.871 0.56665 0.823947 -0.00432148 -40.997 -0.00695173 0.0100254 0.999926 2.54675
0.827818 -0.560871 0.011873 -74.5514 0.560944 0.827844 -0.00394186 -41.4426 -0.0076181 0.00992322 0.999922 2.57045
0.832433 -0.553988 0.0123628 -75.2426 0.554064 0.832467 -0.00362044 -41.8912 -0.00828592 0.00986354 0.999917 2.60424
0.837067 -0.546961 0.0123561 -75.9242 0.547034 0.837104 -0.00326467 -42.3326 -0.0085577 0.00949195 0.999918 2.63141
0.841181 -0.540613 0.0123474 -76.6296 0.540683 0.841221 -0.00302189 -42.7492 -0.00875321 0.00921798 0.999919 2.65091
0.845536 -0.533786 0.0118778 -77.3294 0.533848 0.845577 -0.00254593 -43.1825 -0.0086846 0.00849361 0.999926 2.67666
0.849896 -0.526828 0.0113725 -78.0124 0.526883 0.849935 -0.00227446 -43.6013 -0.0084676 0.00792501 0.999933 2.71026
0.854412 -0.519471 0.0114153 -78.7092 0.519525 0.854452 -0.0022859 -44.0063 -0.00856633 0.00788362 0.999932 2.73694
0.858954 -0.511926 0.0114055 -79.4389 0.511982 0.858993 -0.00242242 -44.4217 -0.00855711 0.00792014 0.999932 2.76077
0.863534 -0.50416 0.0114851 -80.1471 0.504216 0.863575 -0.00239001 -44.8158 -0.00871327 0.00785481 0.999931 2.78794
0.868744 -0.495119 0.0118907 -80.8554 0.495173 0.868793 -0.00187627 -45.2268 -0.00940158 0.00751795 0.999928 2.79238
0.873193 -0.487214 0.0124969 -81.5695 0.487265 0.873254 -0.00122835 -45.6249 -0.0103145 0.00716189 0.999921 2.81816
0.878002 -0.478467 0.0135054 -82.3028 0.47852 0.878076 -0.000829032 -46.004 -0.0114621 0.00719049 0.999908 2.8606
0.882304 -0.470435 0.015182 -83.0304 0.4705 0.8824 -0.000769661 -46.3702 -0.0130345 0.00782218 0.999884 2.89261
0.886541 -0.462383 0.0157113 -83.7509 0.462454 0.886643 -0.00103031 -46.737 -0.0134539 0.00817916 0.999876 2.91556
0.89108 -0.453588 0.0152927 -84.4871 0.453656 0.891176 -0.00112273 -47.0951 -0.0131192 0.00793804 0.999882 2.94852
0.895268 -0.445264 0.0153392 -85.2553 0.44533 0.895366 -0.00101098 -47.4645 -0.0132841 0.00773612 0.999882 2.97228
0.899862 -0.435889 0.0157652 -86.0093 0.435959 0.899966 -0.00114141 -47.8117 -0.0136906 0.00790007 0.999875 3.01677
0.903933 -0.427318 0.0174319 -86.7313 0.427403 0.90406 -0.00130122 -48.1542 -0.0152035 0.00862668 0.999847 3.07884
0.907799 -0.418943 0.0196919 -87.481 0.419065 0.907953 -0.0023223 -48.4871 -0.0169064 0.0103604 0.999803 3.14407
0.911551 -0.410682 0.0203687 -88.2375 0.410808 0.911719 -0.00220719 -48.8151 -0.0176641 0.0103796 0.99979 3.16281
0.915194 -0.402539 0.01953 -88.9922 0.402647 0.915354 -0.00175611 -49.1429 -0.01717 0.00947088 0.999808 3.18448
0.919078 -0.39362 0.0189437 -89.755 0.393724 0.919227 -0.00197741 -49.4543 -0.0166352 0.00927599 0.999819 3.21967
0.923296 -0.383586 0.0196362 -90.5544 0.383697 0.923457 -0.00208181 -49.7801 -0.0173346 0.00945646 0.999805 3.25875
0.927415 -0.373466 0.0206151 -91.3371 0.373582 0.927595 -0.00197256 -50.0988 -0.0183857 0.0095308 0.999786 3.29077
0.930703 -0.365177 0.020897 -92.1188 0.365294 0.93089 -0.00189937 -50.3853 -0.0187593 0.0094013 0.99978 3.32019
0.934124 -0.356333 0.0209313 -92.8854 0.356449 0.934313 -0.0019466 -50.6735 -0.0188627 0.0092793 0.999779 3.34634
0.937742 -0.346697 0.0209997 -93.6706 0.346814 0.937932 -0.0020671 -50.9605 -0.0189796 0.00922138 0.999777 3.37048
0.940854 -0.338139 0.0213557 -94.4777 0.33826 0.94105 -0.00226733 -51.2284 -0.0193301 0.00935702 0.999769 3.40726
0.943951 -0.329354 0.0219855 -95.2855 0.329487 0.944157 -0.00263839 -51.4941 -0.0198888 0.00973443 0.999755 3.45596
0.946873 -0.320858 0.0219674 -96.0691 0.320983 0.947082 -0.00233468 -51.7482 -0.0200558 0.00926179 0.999756 3.46923
0.949608 -0.312719 0.0212616 -96.8631 0.312835 0.949805 -0.00226824 -52.0113 -0.019485 0.0088053 0.999771 3.48421
0.952055 -0.305198 0.021111 -97.6854 0.305316 0.952248 -0.002542 -52.2686 -0.0193271 0.00886564 0.999774 3.53908
0.954309 -0.298026 0.0217861 -98.4716 0.298152 0.954514 -0.0027384 -52.4983 -0.019979 0.00910886 0.999759 3.58388
0.956436 -0.291056 0.0227175 -99.2621 0.291188 0.956662 -0.00263902 -52.7374 -0.0209649 0.0091391 0.999738 3.62854
0.958473 -0.284247 0.0231089 -100.072 0.284378 0.958709 -0.00254403 -52.9712 -0.0214316 0.00901005 0.99973 3.65944
0.960368 -0.277809 0.0226883 -100.897 0.277934 0.960597 -0.00247087 -53.2031 -0.0211079 0.0086788 0.99974 3.67635
0.962029 -0.272055 0.0220432 -101.714 0.272167 0.962248 -0.00216473 -53.4108 -0.0206221 0.00808196 0.999755 3.68466
0.963992 -0.265044 0.0216973 -102.567 0.265143 0.964207 -0.00175477 -53.6285 -0.0204556 0.00744448 0.999763 3.70476
0.965846 -0.258235 0.0213427 -103.364 0.258319 0.966059 -0.0012285 -53.845 -0.020301 0.00669976 0.999771 3.73929
0.967563 -0.251686 0.0217995 -104.179 0.25178 0.967783 -0.00161379 -54.0425 -0.020691 0.00705011 0.999761 3.78408
0.969425 -0.244317 0.0229173 -105.022 0.244415 0.969669 -0.0015351 -54.2548 -0.0218471 0.00708949 0.999736 3.80185
0.971059 -0.237709 0.0232291 -105.845 0.23779 0.971316 -0.000755481 -54.4449 -0.0223832 0.00625726 0.99973 3.82041
0.972613 -0.231345 0.0224355 -106.672 0.231417 0.972855 -0.000628557 -54.6222 -0.0216811 0.0058033 0.999748 3.86581
0.974369 -0.224605 0.0125463 -107.515 0.22463 0.974444 -0.000563016 -54.8112 -0.0120992 0.00336685 0.999921 3.96814
0.976048 -0.217445 0.00697459 -108.361 0.217463 0.976066 -0.00202502 -55.0082 -0.00636734 0.00349324 0.999974 3.98076
0.97781 -0.209321 0.00849902 -109.213 0.209349 0.977838 -0.00248474 -55.1957 -0.00779055 0.00420886 0.999961 3.98014
0.979216 -0.202325 0.0141641 -110.019 0.202379 0.979304 -0.00246109 -55.3357 -0.013373 0.00527645 0.999897 4.03389
0.980673 -0.194865 0.0175494 -110.869 0.194932 0.980814 -0.0021936 -55.4874 -0.0167853 0.00557214 0.999844 4.0762
0.982207 -0.186985 0.0175051 -111.736 0.187055 0.982346 -0.00244736 -55.655 -0.0167384 0.00567822 0.999844 4.11164
0.983622 -0.179533 0.0159785 -112.564 0.179599 0.983736 -0.00277126 -55.7947 -0.0152211 0.00559559 0.999868 4.14692
0.984869 -0.172633 0.0152253 -113.412 0.172689 0.984974 -0.00241522 -55.9188 -0.0145796 0.00500792 0.999881 4.1557
0.986233 -0.164644 0.015393 -114.267 0.164699 0.986341 -0.00237085 -56.0552 -0.0147924 0.00487342 0.999879 4.18695
0.987558 -0.156458 0.0158207 -115.143 0.156515 0.987673 -0.00241222 -56.1875 -0.0152483 0.00485838 0.999872 4.21719
0.988814 -0.148291 0.0160261 -116.016 0.148348 0.988932 -0.00242581 -56.3114 -0.015489 0.00477612 0.999869 4.24702
0.990022 -0.139934 0.0165645 -116.906 0.13999 0.99015 -0.00229481 -56.4318 -0.0160802 0.00459078 0.99986 4.26567
0.991051 -0.132452 0.0165361 -117.772 0.132504 0.99118 -0.00207223 -56.5407 -0.0161158 0.00424479 0.999861 4.28996
0.992013 -0.125043 0.0165832 -118.612 0.125091 0.992144 -0.00184364 -56.6165 -0.0162223 0.00390331 0.999861 4.31832
0.992929 -0.117563 0.0164533 -119.465 0.117602 0.99306 -0.00137309 -56.7145 -0.0161777 0.00329832 0.999864 4.33505
0.993835 -0.109633 0.0165023 -120.344 0.109667 0.993968 -0.00117386 -56.7907 -0.0162741 0.00297638 0.999863 4.34517
0.99467 -0.101738 0.016747 -121.204 0.101772 0.994807 -0.00118592 -56.8651 -0.0165394 0.00288398 0.999859 4.3691
0.995467 -0.0936175 0.0167748 -122.086 0.0936516 0.995604 -0.00125299 -56.9492 -0.0165838 0.0028183 0.999859 4.39195
0.996151 -0.0860196 0.0168527 -122.961 0.0860531 0.99629 -0.00126909 -57.0176 -0.016681 0.00271443 0.999857 4.41811
0.996792 -0.078162 0.0172001 -123.844 0.0781955 0.996937 -0.00128632 -57.0753 -0.0170469 0.00262717 0.999851 4.44866
0.997396 -0.0699146 0.0177076 -124.744 0.0699489 0.99755 -0.00132411 -57.1442 -0.0175716 0.00255929 0.999842 4.47783
0.997924 -0.0618901 0.0178217 -125.635 0.0619274 0.998079 -0.00154603 -57.2002 -0.0176918 0.00264647 0.99984 4.51438
0.998392 -0.0540122 0.0171871 -126.527 0.0540537 0.998536 -0.00196044 -57.2338 -0.017056 0.00288631 0.99985 4.56553
0.998782 -0.046652 0.0160618 -127.372 0.0466941 0.998907 -0.0022603 -57.255 -0.0159388 0.00300754 0.999868 4.61106
0.999112 -0.0391626 0.0155446 -128.26 0.0392093 0.999227 -0.00270833 -57.2862 -0.0154265 0.00331541 0.999876 4.65408
0.999381 -0.0312256 0.0161761 -129.165 0.0312808 0.999506 -0.00316828 -57.3028 -0.0160692 0.00367232 0.999864 4.69169
0.999594 -0.0228698 0.0169972 -130.08 0.0229313 0.999731 -0.00342841 -57.3121 -0.0169142 0.00381678 0.99985 4.72143
0.999759 -0.0149744 0.0160808 -130.958 0.0150381 0.99988 -0.00384419 -57.3232 -0.0160213 0.00408509 0.999863 4.76781
0.999853 -0.00760737 0.0153692 -131.841 0.00766924 0.999963 -0.0039703 -57.3322 -0.0153384 0.00408759 0.999874 4.79976
0.999883 -0.000477601 0.0153056 -132.733 0.000539899 0.999992 -0.00406641 -57.3411 -0.0153036 0.0040742 0.999875 4.83099
0.999853 0.00673116 0.0157984 -133.665 -0.0066659 0.999969 -0.00417968 -57.3326 -0.015826 0.00407375 0.999866 4.86034
0.999769 0.0140636 0.0162363 -134.593 -0.0139923 0.999892 -0.00449742 -57.3019 -0.0162978 0.0042692 0.999858 4.89922
0.999645 0.0204796 0.0170319 -135.487 -0.0204055 0.999782 -0.00451695 -57.2557 -0.0171207 0.0041678 0.999845 4.92118
0.999516 0.0256453 0.017617 -136.337 -0.0255697 0.999663 -0.00450277 -57.2249 -0.0177265 0.00405013 0.999835 4.95108
0.999316 0.032222 0.0181189 -137.228 -0.0321401 0.999472 -0.00479376 -57.2102 -0.0182638 0.00420814 0.999824 4.99675
0.999038 0.0397874 0.0184496 -138.173 -0.0396971 0.999198 -0.0052323 -57.1786 -0.018643 0.00449487 0.999816 5.03877
0.998751 0.0464121 0.0185077 -139.112 -0.0463222 0.998913 -0.00526019 -57.1204 -0.0187317 0.0043963 0.999815 5.06801
0.998428 0.052917 0.018473 -140.04 -0.0528278 0.99859 -0.00528591 -57.0594 -0.0187267 0.00430171 0.999815 5.09397
0.998008 0.0599284 0.0197288 -140.945 -0.0598379 0.998195 -0.00514449 -57.0044 -0.0200015 0.00395371 0.999792 5.13332
0.997619 0.0659726 0.0200876 -141.836 -0.0658828 0.997814 -0.00510195 -56.9296 -0.0203803 0.00376638 0.999785 5.16204
0.997154 0.0728889 0.0192397 -142.759 -0.0728058 0.997334 -0.00498845 -56.8632 -0.019552 0.0035735 0.999802 5.17153
0.996578 0.0809008 0.016973 -143.729 -0.0808334 0.996717 -0.0046202 -56.7981 -0.0172911 0.0032324 0.999845 5.18381
0.995894 0.0887874 0.0176667 -144.647 -0.0887151 0.996045 -0.00483527 -56.7028 -0.0180262 0.00324811 0.999832 5.21729
0.995128 0.0963915 0.0207161 -145.563 -0.0963029 0.995338 -0.00523582 -56.6023 -0.0211242 0.00321529 0.999772 5.25447
0.99434 0.10375 0.0228964 -146.494 -0.103655 0.994599 -0.00528282 -56.4896 -0.0233209 0.00287958 0.999724 5.28665
