1 0 0 0 0 1 0 0 0 0 1 0
1 -2.34783e-05 -3.32678e-06 0.00374497 2.34782e-05 1 -1.90878e-05 -0.00602373 3.32723e-06 1.90877e-05 1 0.000172451
1 3.89571e-05 5.07222e-05 0.00608776 -3.89573e-05 1 4.58581e-06 -0.00581486 -5.07221e-05 -4.58778e-06 1 -0.00301877
1 8.75932e-05 -2.61195e-05 0.00474634 -8.75937e-05 1 -1.90256e-05 -0.0052664 2.61178e-05 1.90278e-05 1 0.00288172
1 5.67956e-05 -8.32311e-05 0.000598041 -5.67987e-05 1 -3.75481e-05 -0.00624792 8.3229e-05 3.75529e-05 1 0.00625237
1 -3.2012e-05 5.24083e-05 0.00449372 3.20104e-05 1 3.17515e-05 0.000177036 -5.24093e-05 -3.17498e-05 1 -0.000713261
1 1.91974e-05 6.45063e-05 0.00153765 -1.91978e-05 1 6.2465e-06 -0.0102726 -6.45062e-05 -6.24774e-06 1 -0.00179196
1 4.13997e-05 -2.17665e-05 0.00227134 -4.14001e-05 1 -1.70691e-05 -0.00732899 2.17658e-05 1.707e-05 1 0.000129055
1 6.25251e-06 -2.98423e-05 -0.000770922 -6.2527e-06 1 -6.17379e-06 -0.000693893 2.98422e-05 6.17397e-06 1 -0.000305608
1 -1.4672e-05 1.88373e-05 -0.000470699 1.46717e-05 1 1.5336e-05 0.00311031 -1.88375e-05 -1.53357e-05 1 -0.00042952
1 2.83204e-05 7.41117e-05 -4.76264e-06 -2.83238e-05 1 4.48543e-05 -0.00548884 -7.41104e-05 -4.48564e-05 1 -0.00161192
1 9.51711e-05 3.86297e-05 -0.00047348 -9.51722e-05 1 2.84557e-05 -0.00900703 -3.8627e-05 -2.84594e-05 1 -0.000250435
1 6.8181e-05 -1.22113e-05 0.00137919 -6.81815e-05 1 -3.85584e-05 -0.00714929 1.22087e-05 3.85592e-05 1 0.000602882
1 5.63345e-06 2.01062e-05 0.00055597 -5.63327e-06 1 -9.19778e-06 -0.00526422 -2.01062e-05 9.19767e-06 1 -0.00145353
1 -3.84729e-06 -1.86996e-05 -0.000545993 3.84755e-06 1 1.34928e-05 -0.00358778 1.86995e-05 -1.34929e-05 1 -0.000166748
1 -1.30351e-05 2.8675e-05 0.00162262 1.30349e-05 1 5.88938e-06 -0.00276806 -2.86751e-05 -5.88901e-06 1 3.47159e-05
1 4.44977e-05 3.86963e-05 0.00425738 -4.44993e-05 1 4.19328e-05 -0.00556452 -3.86944e-05 -4.19345e-05 1 -0.00024021
1 5.09026e-05 2.02518e-05 0.0019782 -5.09026e-05 1 7.30863e-07 -0.00423834 -2.02518e-05 -7.31894e-07 1 -1.17112e-05
1 5.85332e-05 3.47892e-06 0.00529241 -5.85332e-05 1 -6.10986e-06 -0.00614035 -3.47928e-06 6.10966e-06 1 -0.000213824
1 -7.95338e-06 -3.19587e-05 0.00502265 7.9529e-06 1 -1.50066e-05 -0.00190864 3.19588e-05 1.50064e-05 1 0.00104548
1 5.97351e-05 4.83528e-06 0.00415966 -5.97352e-05 1 2.03639e-05 -0.00466449 -4.83406e-06 -2.03642e-05 1 -0.000557142
1 4.97723e-05 2.23989e-05 0.00797984 -4.97724e-05 1 4.23021e-06 -0.00290632 -2.23987e-05 -4.23132e-06 1 -8.76243e-05
1 6.96122e-05 2.59245e-05 0.00175953 -6.96122e-05 1 -5.24338e-07 -0.00915606 -2.59245e-05 5.22533e-07 1 0.000183518
1 6.73432e-05 5.18972e-05 0.00110961 -6.73435e-05 1 6.36005e-06 -0.00961178 -5.18967e-05 -6.36354e-06 1 -0.00293148
1 1.82091e-05 2.0275e-05 0.00553909 -1.82094e-05 1 1.27359e-05 -0.00139997 -2.02748e-05 -1.27363e-05 1 -0.00239139
1 -3.15332e-05 3.25825e-05 0.00780501 3.15328e-05 1 1.19339e-05 -0.00235972 -3.25829e-05 -1.19329e-05 1 -0.00172441
1 -2.92321e-06 1.64907e-05 0.00144015 2.9229e-06 1 1.84055e-05 -0.00214209 -1.64907e-05 -1.84055e-05 1 0.00030473
1 2.13287e-05 6.51815e-06 0.00212765 -2.13287e-05 1 1.0917e-06 -0.00321548 -6.51813e-06 -1.09184e-06 1 -0.000164455
1 3.71973e-05 1.16118e-05 0.00295804 -3.71971e-05 1 -1.62049e-05 -0.00420585 -1.16124e-05 1.62045e-05 1 -0.00101307
1 -3.69037e-05 1.32221e-05 0.00659967 3.69035e-05 1 1.15386e-05 -0.000644604 -1.32226e-05 -1.15381e-05 1 -0.000797367
1 -2.36815e-05 5.83045e-06 0.00647942 2.36813e-05 1 2.49893e-05 -0.00197131 -5.83104e-06 -2.49891e-05 1 -0.000751984
1 1.26381e-05 -7.6511e-06 0.0080606 -1.26381e-05 1 -7.32403e-07 -0.00346659 7.65109e-06 7.325e-07 1 0.00171596
1 2.0313e-05 -4.12044e-05 0.00293296 -2.03136e-05 1 -1.45649e-05 -0.00833727 4.12041e-05 1.45657e-05 1 0.0031916
1 4.07281e-05 4.07018e-05 0.00431766 -4.0729e-05 1 2.18389e-05 -0.00615939 -4.07009e-05 -2.18405e-05 1 -0.00240751
1 1.4541e-05 3.94434e-05 0.00642303 -1.45416e-05 1 1.63206e-05 -0.0104667 -3.94431e-05 -1.63211e-05 1 -0.0033251
1 -2.10917e-05 9.02674e-05 0.00554426 2.10874e-05 1 4.79487e-05 -0.0038515 -9.02684e-05 -4.79468e-05 1 -0.00647119
1 3.26654e-06 1.96426e-05 0.00416257 -3.26629e-06 1 -1.26437e-05 0.00223263 -1.96426e-05 1.26436e-05 1 -0.00116235
1 3.98069e-05 -1.32331e-05 0.00246157 -3.98072e-05 1 -2.43812e-05 -0.00174036 1.32321e-05 2.43817e-05 1 0.00179216
1 1.72216e-05 -7.11768e-06 0.00405452 -1.72217e-05 1 -1.46453e-05 -0.000576577 7.11742e-06 1.46454e-05 1 0.00135767
1 2.54372e-05 -2.45488e-05 0.00619675 -2.54367e-05 1 1.99322e-05 -0.00161472 2.45493e-05 -1.99316e-05 1 -0.000685367
1 3.04415e-05 -1.37451e-05 0.00300288 -3.04414e-05 1 1.0803e-05 -0.0025977 1.37454e-05 -1.08026e-05 1 0.000231813
1 1.94936e-05 4.57183e-05 0.00253986 -1.94948e-05 1 2.65259e-05 -0.00145283 -4.57178e-05 -2.65268e-05 1 -0.00166983
1 1.29707e-05 8.06343e-06 0.00841727 -1.29704e-05 1 -2.52971e-05 -0.00353464 -8.06376e-06 2.5297e-05 1 0.00142764
1 5.11321e-05 9.81602e-07 0.0077851 -5.11321e-05 1 -8.64177e-06 -0.00686846 -9.82044e-07 8.64172e-06 1 0.000846299
1 5.42253e-05 3.16649e-05 -0.00185762 -5.42263e-05 1 2.93388e-05 -0.00854857 -3.16633e-05 -2.93405e-05 1 -0.00129453
1 2.83462e-05 2.94315e-05 0.0021603 -2.83471e-05 1 2.78744e-05 -0.00750254 -2.94307e-05 -2.78753e-05 1 -0.00199759
1 -1.2894e-05 1.39886e-05 0.00694269 1.28939e-05 1 4.02265e-06 -0.00430089 -1.39887e-05 -4.02247e-06 1 -0.000453359
1 -1.48762e-05 2.46821e-05 0.0113459 1.48762e-05 1 1.10759e-06 0.000642096 -2.46822e-05 -1.10723e-06 1 -0.00051359
1 2.12998e-06 5.95305e-05 0.00476579 -2.13111e-06 1 1.89102e-05 -0.00228072 -5.95304e-05 -1.89103e-05 1 -0.00141962
1 8.55726e-05 0.000122237 0.00270594 -8.55766e-05 1 3.3358e-05 -0.010516 -0.000122234 -3.33685e-05 1 -0.00605716
1 4.94551e-05 3.55645e-05 0.00330275 -4.94558e-05 1 1.93107e-05 -0.00471964 -3.55635e-05 -1.93124e-05 1 -0.00224771
1 -1.81968e-05 -4.11853e-05 0.0106833 1.81979e-05 1 2.80268e-05 0.00293151 4.11848e-05 -2.80275e-05 1 0.00108144
1 3.18714e-06 -5.08791e-05 0.00938053 -3.18681e-06 1 6.41871e-06 -0.0010177 5.08791e-05 -6.41854e-06 1 0.000912681
1 3.41969e-05 4.57966e-05 0.00490596 -3.41981e-05 1 2.71936e-05 -0.00561497 -4.57956e-05 -2.71951e-05 1 -0.00322561
1 4.93349e-05 1.14818e-05 0.00995492 -4.9335e-05 1 7.37904e-06 -0.00558929 -1.14815e-05 -7.37961e-06 1 -0.00028036
1 -5.84994e-07 -3.35098e-06 0.0237569 5.85166e-07 1 5.11176e-05 -0.00342742 3.35096e-06 -5.11176e-05 1 0.000287947
1 -3.54222e-05 5.16689e-05 0.0330958 3.54209e-05 1 2.62262e-05 -0.00355421 -5.16698e-05 -2.62244e-05 1 0.0017663
1 -1.19749e-05 0.000127691 0.0398468 1.1981e-05 1 -4.73122e-05 0.00062588 -0.00012769 4.73138e-05 1 0.00285077
1 1.15353e-05 7.93918e-05 0.0325134 -1.15299e-05 1 -6.78677e-05 -0.00611066 -7.93926e-05 6.78668e-05 1 0.00641019
1 2.04423e-05 -1.10848e-05 0.000577543 -2.04432e-05 1 -8.2405e-05 -0.00413234 1.10831e-05 8.24052e-05 1 0.0080571
1 2.59996e-05 -4.4241e-06 -0.0246421 -2.6e-05 1 -9.34653e-05 -0.00634088 4.42167e-06 9.34654e-05 1 0.00430513
1 -2.86574e-05 0.00011636 -0.0263219 2.8661e-05 1 -3.09274e-05 -0.00204314 -0.000116359 3.09308e-05 1 0.000447199
1 -1.13383e-05 0.000197786 -0.0225601 1.13395e-05 1 -5.95048e-06 -0.00266842 -0.000197786 5.95272e-06 1 0.00253453
1 -1.06552e-05 0.000131966 -0.0350549 1.06763e-05 1 -0.000159826 -0.00317814 -0.000131964 0.000159828 1 0.0131651
1 -1.91977e-05 0.000152061 -0.0568135 1.92108e-05 1 -8.5727e-05 -0.00624068 -0.00015206 8.57299e-05 1 0.0134097
1 -0.000155374 0.000260742 -0.121656 0.000155387 1 -5.02985e-05 -0.0029213 -0.000260735 5.0339e-05 1 0.00926597
1 -0.000817864 0.000386024 -0.225355 0.000817854 1 2.52998e-05 0.0049569 -0.000386045 -2.49841e-05 1 0.00671858
0.999997 -0.00226661 0.000369909 -0.379065 0.00226658 0.999997 8.15699e-05 0.0213755 -0.000370093 -8.07313e-05 1 0.0109705
0.999997 -0.00251653 0.000406403 -0.461704 0.00251643 0.999997 0.000253117 -0.00334802 -0.000407039 -0.000252094 1 0.0110512
0.999997 -0.00255754 0.000396166 -0.544085 0.00255742 0.999997 0.000287114 -0.00979234 -0.000396899 -0.0002861 1 0.0109603
0.999993 -0.00385667 0.000342071 -0.654728 0.00385662 0.999993 0.000135773 -0.0128909 -0.000342592 -0.000134453 1 0.0213563
0.999982 -0.00599339 0.000617506 -0.769775 0.00599334 0.999982 8.17203e-05 -0.000680703 -0.000617984 -7.80179e-05 1 0.0277726
0.999973 -0.00730722 0.00106729 -0.905672 0.00730722 0.999973 6.18746e-06 -0.00981715 -0.0010673 1.61159e-06 0.999999 0.0350613
0.999957 -0.00908023 0.00180098 -1.08588 0.0090805 0.999959 -0.000142777 -0.00332187 -0.00179961 0.000159125 0.999998 0.0213734
0.999931 -0.0114962 0.00235848 -1.2678 0.0114961 0.999934 4.10116e-05 -0.00398669 -0.00235879 -1.38954e-05 0.999997 0.0220504
0.999898 -0.0141022 0.0024719 -1.44049 0.0141011 0.9999 0.000474174 -0.00711577 -0.00247835 -0.000439269 0.999997 0.0446129
0.99984 -0.0177117 0.00239697 -1.60419 0.0177096 0.999843 0.000889929 -0.0188337 -0.00241235 -0.000847338 0.999997 0.0565841
0.999788 -0.0204718 0.00217572 -1.7605 0.0204702 0.99979 0.000763551 -0.0502494 -0.00219089 -0.000718852 0.999997 0.0573577
0.999728 -0.0232739 0.00172513 -1.97094 0.0232736 0.999729 0.000173579 -0.0673865 -0.0017287 -0.000133382 0.999998 0.0557115
0.999644 -0.0266221 0.00181329 -2.19125 0.0266222 0.999646 -4.88381e-05 -0.0711072 -0.00181135 9.70946e-05 0.999998 0.0468347
0.999522 -0.0308345 0.00211166 -2.44961 0.0308347 0.999524 -5.59167e-05 -0.0548368 -0.00210894 0.000121002 0.999998 0.0562512
0.999399 -0.0345835 0.00220811 -2.67602 0.0345828 0.999402 0.000358431 -0.0803267 -0.00221918 -0.000281853 0.999997 0.0670201
0.999256 -0.0384832 0.00250928 -2.93746 0.0384811 0.999259 0.000903857 -0.116999 -0.0025422 -0.000806625 0.999996 0.085681
0.999114 -0.0420376 0.0021372 -3.19132 0.0420363 0.999116 0.000668538 -0.123094 -0.00216341 -0.000578106 0.999997 0.086755
0.998941 -0.0459673 0.00217982 -3.46749 0.045967 0.998943 0.000208435 -0.129044 -0.0021871 -0.000108014 0.999998 0.0829587
0.998677 -0.0513463 0.00275774 -3.76772 0.0513455 0.998681 0.000358015 -0.164381 -0.00277249 -0.000215943 0.999996 0.0866371
0.998397 -0.0565376 0.00280339 -4.08786 0.0565351 0.9984 0.000965503 -0.183335 -0.00285349 -0.000805465 0.999996 0.0995795
0.998126 -0.061151 0.00223781 -4.39049 0.0611481 0.998128 0.00136793 -0.195534 -0.00231728 -0.00122853 0.999997 0.109939
0.997776 -0.0666097 0.00261882 -4.71401 0.0666057 0.997778 0.00157952 -0.209862 -0.00271821 -0.00140158 0.999995 0.127922
0.997419 -0.071739 0.00301641 -5.03765 0.0717351 0.997423 0.00139685 -0.257729 -0.00310884 -0.00117686 0.999994 0.15865
0.997053 -0.0766376 0.00332641 -5.3786 0.0766349 0.997059 0.000918225 -0.313451 -0.00338699 -0.000660601 0.999994 0.145924
0.996657 -0.0816691 0.0020593 -5.74004 0.0816696 0.996659 -0.000172049 -0.359028 -0.00203837 0.000339655 0.999998 0.138567
0.996235 -0.0866916 0.000986985 -6.13484 0.0866931 0.996234 -0.00158082 -0.366974 -0.000846224 0.00166043 0.999998 0.140181
0.995903 -0.0904275 0.000683963 -6.49372 0.0904288 0.9959 -0.00224064 -0.424225 -0.000478544 0.00229331 0.999997 0.153648
0.995507 -0.0946752 0.0014578 -6.89915 0.0946795 0.995502 -0.00326339 -0.487729 -0.00114228 0.00338676 0.999994 0.171709
0.995097 -0.0988702 0.0024268 -7.30766 0.0988783 0.995094 -0.00346126 -0.535033 -0.00207268 0.00368425 0.999991 0.195274
0.994655 -0.103203 0.00312971 -7.73219 0.103212 0.994655 -0.00283623 -0.571274 -0.00282028 0.00314409 0.999991 0.210552
0.994028 -0.109029 0.00465136 -8.17979 0.109038 0.994036 -0.00171019 -0.597981 -0.00443716 0.00220714 0.999988 0.220095
0.993558 -0.113184 0.00557467 -8.57738 0.113197 0.99357 -0.0020408 -0.659283 -0.00530784 0.00265869 0.999982 0.233818
0.993229 -0.11594 0.00739246 -9.02322 0.115985 0.993232 -0.00610999 -0.733144 -0.00663404 0.00692604 0.999954 0.255575
0.992722 -0.120093 0.0089407 -9.50227 0.120164 0.992722 -0.00792629 -0.802608 -0.00792375 0.00894295 0.999929 0.268131
0.992181 -0.124471 0.00917629 -9.97185 0.124543 0.992184 -0.00774939 -0.86459 -0.00813999 0.00883164 0.999928 0.271752
0.991665 -0.128561 0.0085176 -10.4178 0.128623 0.991668 -0.0071346 -0.938031 -0.0075294 0.00817069 0.999938 0.285252
0.990868 -0.134577 0.00836862 -10.9276 0.134635 0.990872 -0.00682061 -0.996121 -0.00737433 0.00788503 0.999942 0.28311
0.989889 -0.141592 0.0084122 -11.4389 0.141651 0.989893 -0.00688539 -1.05172 -0.00735226 0.00800737 0.999941 0.284428
0.989158 -0.14662 0.00834284 -11.9556 0.146679 0.98916 -0.00690812 -1.12671 -0.00723954 0.00805694 0.999941 0.286377
0.988433 -0.15143 0.00834734 -12.4522 0.151489 0.988435 -0.00693234 -1.24059 -0.00720104 0.00811668 0.999941 0.29979
0.987847 -0.15521 0.00828945 -12.945 0.15527 0.987846 -0.00712734 -1.33515 -0.00708247 0.00832782 0.99994 0.324134
0.987417 -0.157915 0.00840728 -13.4409 0.157976 0.987416 -0.007228 -1.42374 -0.00716008 0.0084652 0.999939 0.339461
0.987168 -0.159454 0.00858446 -13.9959 0.159517 0.987169 -0.00722633 -1.52248 -0.00732205 0.00850297 0.999937 0.34695
0.986882 -0.16121 0.00866762 -14.5499 0.161274 0.986883 -0.00728764 -1.5959 -0.00737909 0.00858991 0.999936 0.361552
0.98662 -0.1628 0.00874946 -15.0924 0.162863 0.986623 -0.0071094 -1.67851 -0.00747501 0.00843924 0.999936 0.371086
0.986984 -0.160582 0.00871547 -15.6638 0.160643 0.986989 -0.00680464 -1.76174 -0.00750937 0.00811614 0.999939 0.370121
0.987305 -0.158603 0.00860141 -16.2973 0.15866 0.987312 -0.00645049 -1.84775 -0.00746921 0.0077333 0.999942 0.362146
0.987671 -0.156368 0.00735877 -16.8814 0.156411 0.987675 -0.00572989 -1.9309 -0.00637211 0.00681024 0.999957 0.391937
0.988276 -0.152554 0.00623474 -17.4733 0.152588 0.988275 -0.00545754 -2.00816 -0.00532907 0.0063449 0.999966 0.426284
0.988813 -0.149011 0.00673299 -18.0818 0.149049 0.988815 -0.00550124 -2.10676 -0.00583793 0.00644324 0.999962 0.421026
0.989188 -0.146476 0.00723255 -18.6835 0.146515 0.989195 -0.00513306 -2.20282 -0.00640253 0.00613724 0.999961 0.446445
0.98945 -0.144666 0.00774406 -19.3135 0.144706 0.989463 -0.0048544 -2.27793 -0.0069602 0.0059238 0.999958 0.46941
0.989868 -0.141771 0.007916 -19.9459 0.141811 0.989882 -0.00474468 -2.34084 -0.00716325 0.00581919 0.999957 0.485234
0.990533 -0.137057 0.00773183 -20.5496 0.137096 0.990546 -0.00474594 -2.44366 -0.00700827 0.00576101 0.999959 0.491338
0.991232 -0.131927 0.00741834 -21.2788 0.131964 0.991243 -0.00477768 -2.51212 -0.00672308 0.00571475 0.999961 0.486409
0.991847 -0.127262 0.0066938 -21.9947 0.127295 0.991853 -0.0047816 -2.58907 -0.00603075 0.0055947 0.999966 0.498662
0.992397 -0.122887 0.00685848 -22.6147 0.122921 0.992405 -0.00475069 -2.66587 -0.00622259 0.00555762 0.999965 0.509477
0.992986 -0.117999 0.00745328 -23.2391 0.118036 0.992998 -0.00468613 -2.75357 -0.00684813 0.00553301 0.999961 0.5284
0.993629 -0.112398 0.0082063 -23.9032 0.11244 0.993647 -0.00487377 -2.8223 -0.00760636 0.00576544 0.999954 0.568406
0.994401 -0.105311 0.00874464 -24.602 0.105355 0.994424 -0.00468309 -2.87073 -0.00820269 0.00557816 0.999951 0.592266
0.995094 -0.0985609 0.00856163 -25.2543 0.0986005 0.995118 -0.00432745 -2.90162 -0.00809332 0.0051504 0.999954 0.595766
0.99591 -0.0899521 0.00843601 -25.9589 0.0899895 0.995934 -0.00417095 -2.95903 -0.00802653 0.00491305 0.999956 0.59581
0.996669 -0.0811626 0.00793336 -26.6408 0.081199 0.996688 -0.00438324 -3.02704 -0.00755133 0.00501282 0.999959 0.64053
0.997399 -0.0716048 0.00820749 -27.3403 0.0716497 0.997416 -0.00530499 -3.07774 -0.00780642 0.00587926 0.999952 0.694116
0.997918 -0.0637679 0.00962727 -28.0725 0.0638297 0.997941 -0.00625304 -3.1132 -0.0092087 0.00685453 0.999934 0.739927
0.998355 -0.0559036 0.0126983 -28.7831 0.0559945 0.998407 -0.0069196 -3.14898 -0.0122913 0.00761926 0.999895 0.755471
0.998756 -0.0480639 0.0132555 -29.471 0.0481561 0.998817 -0.00672601 -3.16098 -0.0129165 0.00735598 0.99989 0.769061
0.999168 -0.0391824 0.0112763 -30.2009 0.0392712 0.999198 -0.00776811 -3.18633 -0.0109629 0.00820449 0.999906 0.810878
0.999495 -0.0300287 0.0103825 -30.9452 0.0301138 0.999513 -0.00814428 -3.235 -0.0101328 0.00845282 0.999913 0.824869
0.999716 -0.0211373 0.0109962 -31.679 0.0212258 0.999743 -0.00799695 -3.27932 -0.0108243 0.00822808 0.999908 0.8249
0.999826 -0.0144188 0.0118075 -32.4046 0.0145113 0.999864 -0.00778046 -3.2639 -0.0116937 0.00795045 0.9999 0.845621
0.999879 -0.00989258 0.0119978 -33.1746 0.0099833 0.999922 -0.00752479 -3.20847 -0.0119224 0.00764366 0.9999 0.878301
0.999918 -0.00492942 0.0118284 -33.9277 0.00501545 0.999961 -0.00725392 -3.19117 -0.0117922 0.00731265 0.999904 0.908056
0.99993 -0.000342439 0.0118516 -34.7045 0.000429828 0.999973 -0.0073718 -3.21211 -0.0118488 0.00737637 0.999903 0.917357
0.999925 0.00493026 0.0112057 -35.4712 -0.00484948 0.999962 -0.00722422 -3.22564 -0.0112409 0.00716934 0.999911 0.940595
0.999903 0.00832876 0.0111949 -36.2261 -0.00825083 0.999942 -0.00698974 -3.19293 -0.0112524 0.0068967 0.999913 0.959196
0.999882 0.00992329 0.0117249 -37.0471 -0.00984353 0.999928 -0.00684135 -3.1439 -0.0117919 0.00672513 0.999908 0.988563
0.999856 0.0119522 0.0120744 -37.8526 -0.0118732 0.999908 -0.00659776 -3.13631 -0.0121521 0.00645344 0.999905 1.03248
0.999827 0.0138827 0.0124098 -38.6522 -0.0138043 0.999884 -0.00637879 -3.12699 -0.0124969 0.00620637 0.999903 1.06392
0.999806 0.0152481 0.012442 -39.4598 -0.0151716 0.999866 -0.00621915 -3.10004 -0.0125352 0.00602918 0.999903 1.07681
0.999787 0.0169097 0.0118217 -40.255 -0.0168489 0.999844 -0.00522512 -3.09078 -0.0119082 0.00502483 0.999916 1.11298
0.999785 0.0171727 0.0116561 -41.0786 -0.0171176 0.999842 -0.00481118 -3.05977 -0.0117369 0.00461062 0.99992 1.14737
0.999757 0.017843 0.0129407 -41.9309 -0.0177818 0.99983 -0.00483105 -3.0587 -0.0130247 0.00459977 0.999905 1.16605
0.999653 0.0178561 0.0193908 -42.7617 -0.0178806 0.99984 0.00109209 -3.03973 -0.0193681 -0.00143843 0.999811 1.17462
0.999624 0.0175943 0.0210119 -43.6189 -0.0176589 0.99984 0.00289264 -3.02896 -0.0209577 -0.00326261 0.999775 1.23977
0.999684 0.016826 0.0186613 -44.5311 -0.0168445 0.999858 0.000836825 -2.99799 -0.0186446 -0.0011509 0.999826 1.29285
0.999811 0.0164016 0.0104136 -45.4137 -0.0163668 0.99986 -0.00342201 -2.98194 -0.0104683 0.00325092 0.99994 1.30249
0.999858 0.0146416 0.00838583 -46.257 -0.0146723 0.999886 0.00361961 -2.9648 -0.00833188 -0.00374214 0.999958 1.26765
0.999873 0.0127771 0.00950001 -47.0908 -0.0128565 0.999883 0.00834407 -2.94784 -0.00939228 -0.00846515 0.99992 1.35633
0.999873 0.0111339 0.0114461 -48.0181 -0.0112201 0.999909 0.00749473 -2.94173 -0.0113616 -0.0076222 0.999906 1.42447
0.999884 0.0107774 0.0107999 -48.9565 -0.0108301 0.99993 0.00483065 -2.91657 -0.0107471 -0.00494705 0.99993 1.40457
0.999918 0.00964833 0.00837949 -49.8922 -0.00967674 0.999948 0.00335691 -2.91923 -0.00834666 -0.00343773 0.999959 1.39452
0.999943 0.00770122 0.00746053 -50.8235 -0.00773654 0.999959 0.00471718 -2.88528 -0.0074239 -0.00477463 0.999961 1.43823
0.999941 0.00668839 0.00859696 -51.7339 -0.00673611 0.999962 0.0055343 -2.85759 -0.00855961 -0.00559189 0.999948 1.49488
0.999926 0.00697848 0.00993334 -52.6884 -0.00703708 0.999958 0.00587674 -2.86519 -0.00989191 -0.00594621 0.999933 1.51905
0.999877 0.00570958 0.0146346 -53.6568 -0.00589211 0.999905 0.0124601 -2.84892 -0.014562 -0.0125448 0.999815 1.52918
0.999852 0.00551519 0.0163197 -54.5946 -0.00575135 0.999879 0.014459 -2.83846 -0.016238 -0.0145507 0.999762 1.58582
0.999832 0.0057537 0.0173802 -55.5364 -0.00596567 0.999908 0.0121688 -2.8386 -0.0173086 -0.0122705 0.999775 1.61874
0.999863 0.00522315 0.01569 -56.5093 -0.00538336 0.999934 0.0101863 -2.83281 -0.0156358 -0.0102694 0.999825 1.65474
0.999953 0.00536587 0.00803718 -57.5003 -0.00540317 0.999975 0.0046269 -2.8183 -0.00801215 -0.00467011 0.999957 1.68411
0.999984 0.00549693 -0.00132852 -58.4787 -0.00549826 0.999984 -0.000999013 -2.81728 0.00132301 0.0010063 0.999999 1.7173
0.999985 0.00537402 0.00039357 -59.5047 -0.00537302 0.999982 -0.00250299 -2.81685 -0.000407014 0.00250084 0.999997 1.7379
0.999904 0.00517603 0.0128576 -60.4664 -0.00514798 0.999984 -0.00221363 -2.8138 -0.0128689 0.00214722 0.999915 1.79407
0.999673 0.00360809 0.0253147 -61.4483 -0.0035696 0.999992 -0.00156552 -2.80598 -0.0253201 0.00147465 0.999678 1.82925
0.999655 0.00268556 0.0261155 -62.4429 -0.00264656 0.999995 -0.00152755 -2.80229 -0.0261194 0.0014579 0.999658 1.84601
0.999768 0.00169207 0.0214688 -63.5056 -0.00165509 0.999997 -0.00174025 -2.78546 -0.0214717 0.00170431 0.999768 1.87513
0.999852 0.00114056 0.0171529 -64.5704 -0.00112592 0.999999 -0.000862957 -2.78548 -0.0171539 0.000843517 0.999853 1.90223
0.999942 0.000942489 0.0106827 -65.593 -0.000961779 0.999998 0.00180075 -2.77212 -0.0106809 -0.00181092 0.999941 1.99601
0.999959 0.00116067 0.0089268 -66.5959 -0.00118502 0.999996 0.00272241 -2.76518 -0.0089236 -0.00273288 0.999956 2.07064
0.999922 0.00084097 0.0124713 -67.6581 -0.000857869 0.999999 0.0013497 -2.76213 -0.0124702 -0.00136029 0.999921 2.10795
0.999794 0.00152159 0.0202215 -68.7381 -0.00149733 0.999998 -0.00121443 -2.76168 -0.0202233 0.00118391 0.999795 2.06454
0.999731 0.00162358 0.0231334 -69.7922 -0.00156409 0.999995 -0.00258938 -2.74731 -0.0231375 0.0025525 0.999729 2.08091
0.999763 0.00183668 0.0216744 -70.8738 -0.00178053 0.999995 -0.00260945 -2.75082 -0.0216791 0.00257024 0.999762 2.15404
0.999818 0.00160694 0.0190243 -71.9797 -0.00155255 0.999995 -0.00287333 -2.75883 -0.0190288 0.00284327 0.999815 2.22812
0.999826 0.00124821 0.0185949 -73.066 -0.00119348 0.999995 -0.00295425 -2.76774 -0.0185985 0.00293155 0.999823 2.25379
0.99981 0.00135068 0.0194303 -74.1416 -0.0012934 0.999995 -0.00296029 -2.75747 -0.0194342 0.0029346 0.999807 2.26965
0.999796 0.00143265 0.0201513 -75.2319 -0.00137392 0.999995 -0.00292781 -2.75274 -0.0201554 0.00289952 0.999793 2.30302
0.999793 0.00196325 0.0202656 -76.3408 -0.00190818 0.999994 -0.00273607 -2.75572 -0.0202709 0.00269683 0.999791 2.34301
0.999797 0.00250591 0.0200156 -77.4586 -0.00245387 0.999994 -0.00262414 -2.74504 -0.0200221 0.00257449 0.999796 2.39072
0.999795 0.00295775 0.0200215 -78.537 -0.00291086 0.999993 -0.00237038 -2.72799 -0.0200283 0.00231162 0.999797 2.4308
0.999787 0.00373203 0.0202864 -79.6674 -0.00368553 0.99999 -0.00232891 -2.72534 -0.0202949 0.00225365 0.999791 2.46268
0.999775 0.00452813 0.0207351 -80.8303 -0.00447063 0.999986 -0.00281866 -2.72922 -0.0207476 0.00272532 0.999781 2.5063
0.999767 0.00576544 0.0207953 -81.9647 -0.00570279 0.999979 -0.00307086 -2.71484 -0.0208125 0.00295155 0.999779 2.54996
0.999745 0.00895565 0.020744 -83.0692 -0.00889351 0.999956 -0.00308627 -2.68763 -0.0207707 0.00290099 0.99978 2.58653
0.99971 0.0117823 0.0209868 -84.2057 -0.0117228 0.999927 -0.00295361 -2.66854 -0.02102 0.00270673 0.999775 2.62474
0.999655 0.0141565 0.0221093 -85.3452 -0.0140986 0.999897 -0.00277246 -2.63577 -0.0221463 0.00245979 0.999752 2.65861
0.9996 0.0166299 0.0228882 -86.5109 -0.0165745 0.999859 -0.00260814 -2.62351 -0.0229283 0.00222773 0.999735 2.72791
0.999521 0.0189052 0.0245199 -87.6733 -0.0188276 0.999817 -0.00339012 -2.60575 -0.0245795 0.00292684 0.999694 2.79652
0.999419 0.0217014 0.0262939 -88.8209 -0.021595 0.999757 -0.0043227 -2.58402 -0.0263813 0.00375237 0.999645 2.84053
0.999311 0.0254968 0.0269562 -89.9761 -0.0253594 0.999664 -0.00542577 -2.54307 -0.0270855 0.00473845 0.999622 2.89681
0.999183 0.0294644 0.0276606 -91.1448 -0.0292733 0.999545 -0.00728752 -2.49529 -0.0278628 0.00647184 0.999591 2.92551
0.999083 0.0339012 0.0261373 -92.3185 -0.0337179 0.999404 -0.00742335 -2.46107 -0.0263733 0.00653525 0.999631 2.98535
0.99898 0.038224 0.0240344 -93.4989 -0.0380672 0.999251 -0.00694752 -2.42612 -0.0242819 0.00602552 0.999687 3.06763
0.998804 0.0425678 0.0240497 -94.652 -0.0424204 0.999078 -0.00660481 -2.39213 -0.0243086 0.00557671 0.999689 3.1162
0.998603 0.0465227 0.0250503 -95.8429 -0.0463665 0.998901 -0.00678317 -2.3239 -0.0253383 0.0056122 0.999663 3.16234
0.998458 0.04946 0.0251985 -97.0771 -0.0493001 0.99876 -0.00692963 -2.25124 -0.02551 0.00567665 0.999658 3.19799
0.998283 0.0530787 0.0247916 -98.2818 -0.0529242 0.998575 -0.00684602 -2.17264 -0.0251197 0.00552218 0.999669 3.22823
0.998051 0.05725 0.0248361 -99.4579 -0.0571023 0.998346 -0.00661638 -2.09673 -0.0251739 0.00518528 0.99967 3.27811
0.997782 0.0618068 0.0247326 -100.665 -0.0616942 0.998081 -0.00529387 -2.00972 -0.0250123 0.00375627 0.99968 3.33381
0.997552 0.0654895 0.0245047 -101.924 -0.065591 0.997841 0.00336133 -1.9218 -0.0242316 -0.00496039 0.999694 3.38901
0.997318 0.0689254 0.0246392 -103.121 -0.0691123 0.997586 0.00681576 -1.82655 -0.0241099 -0.00850035 0.999673 3.46857
0.997042 0.0723112 0.0260432 -104.341 -0.072455 0.997361 0.00462186 -1.72932 -0.0256403 -0.00649515 0.99965 3.5152
0.996667 0.0764322 0.0285222 -105.582 -0.0764666 0.997072 0.000116991 -1.64119 -0.0284298 -0.0022976 0.999593 3.57961
0.996205 0.0801756 0.033872 -106.837 -0.0799383 0.996765 -0.00830589 -1.55019 -0.0344284 0.0055667 0.999392 3.61859
0.995817 0.0838125 0.0363731 -108.043 -0.083419 0.99644 -0.0122065 -1.45685 -0.0372667 0.00912127 0.999264 3.68768
0.995549 0.0873095 0.035484 -109.247 -0.0869856 0.996153 -0.0105749 -1.34141 -0.0362708 0.00744122 0.999314 3.76456
0.995269 0.0914558 0.0327922 -110.51 -0.0912275 0.995795 -0.0083951 -1.20212 -0.033422 0.00536383 0.999427 3.8499
0.994971 0.0954607 0.0303194 -111.769 -0.0952335 0.995416 -0.00885353 -1.07687 -0.0310256 0.00592159 0.999501 3.92187
0.994735 0.0988176 0.027138 -113.013 -0.09854 0.995068 -0.0113851 -0.9631 -0.0281292 0.00865095 0.999567 4.00406
0.994436 0.101958 0.0264697 -114.201 -0.101648 0.994738 -0.0128216 -0.854544 -0.0276377 0.0100597 0.999567 4.07279
0.993942 0.105932 0.029304 -115.406 -0.10559 0.994325 -0.0129991 -0.708543 -0.0305147 0.00982613 0.999486 4.11873
0.993419 0.110066 0.0316801 -116.624 -0.109711 0.993882 -0.0127364 -0.564434 -0.0328882 0.00917692 0.999417 4.18034
0.99291 0.114353 0.0324382 -117.837 -0.114006 0.993403 -0.0123597 -0.427559 -0.0336375 0.00857397 0.999397 4.24739
0.992627 0.116833 0.032285 -119.069 -0.116606 0.993139 -0.00884614 -0.269272 -0.0330971 0.0050163 0.99944 4.34097
0.992332 0.119703 0.0308081 -120.289 -0.119595 0.992809 -0.00531315 -0.107776 -0.0312226 0.0015879 0.999511 4.43655
0.991815 0.12412 0.0299617 -121.5 -0.124023 0.992266 -0.00508239 0.034716 -0.0303608 0.00132485 0.999538 4.5082
0.991388 0.127335 0.030595 -122.738 -0.127253 0.99186 -0.00462067 0.22273 -0.0309343 0.000687586 0.999521 4.54979
0.990886 0.131133 0.030805 -123.975 -0.131041 0.991364 -0.00500048 0.39303 -0.0311947 0.000918187 0.999513 4.63496
0.99035 0.134647 0.0328192 -125.221 -0.13451 0.990892 -0.00634486 0.546919 -0.0333746 0.00186912 0.999441 4.70472
0.989688 0.138741 0.0356167 -126.409 -0.138594 0.990327 -0.00657995 0.72206 -0.0361851 0.00157585 0.999344 4.77987
0.989118 0.142672 0.0359158 -127.603 -0.14254 0.98977 -0.00621303 0.910533 -0.0364348 0.00102598 0.999336 4.84617
0.988665 0.145989 0.0350394 -128.835 -0.145858 0.989286 -0.00628865 1.09106 -0.035582 0.00110659 0.999366 4.9073
0.988154 0.149484 0.0347163 -130.062 -0.149347 0.988763 -0.00653021 1.27517 -0.0353024 0.00126809 0.999376 4.96468
0.987518 0.153467 0.0354353 -131.305 -0.153321 0.988153 -0.0068033 1.46906 -0.0360596 0.0012854 0.999349 5.02884
0.98693 0.156979 0.0364309 -132.519 -0.156826 0.987601 -0.00704572 1.68467 -0.0370853 0.00124031 0.999311 5.11138
0.986325 0.16062 0.0369478 -133.726 -0.160468 0.987016 -0.00703905 1.89096 -0.0375986 0.00101384 0.999292 5.18521
0.985599 0.164983 0.0370711 -134.96 -0.164831 0.986296 -0.00715594 2.08237 -0.0377437 0.000942441 0.999287 5.25833
0.984909 0.169057 0.0370626 -136.188 -0.168903 0.985606 -0.00726554 2.2766 -0.0377574 0.000895899 0.999287 5.3356
0.98436 0.172097 0.037654 -137.439 -0.17193 0.985079 -0.00766425 2.49874 -0.0384112 0.00107054 0.999261 5.42477
0.983791 0.175119 0.0385961 -138.656 -0.174958 0.984547 -0.00752591 2.73497 -0.0393176 0.000651217 0.999227 5.49308
0.983238 0.178116 0.0389522 -139.917 -0.177962 0.984009 -0.00740619 3.00761 -0.0396485 0.000350012 0.999214 5.54881
0.982575 0.181722 0.0390356 -141.156 -0.18157 0.98335 -0.0074426 3.22308 -0.0397381 0.000225235 0.99921 5.62549
0.98175 0.186054 0.0393874 -142.381 -0.185901 0.982539 -0.00755027 3.43093 -0.0401045 9.03023e-05 0.999195 5.71115
0.980915 0.190438 0.0392262 -143.612 -0.190295 0.981699 -0.0073968 3.67547 -0.039917 -0.000208921 0.999203 5.78544
0.980219 0.194216 0.0380813 -144.913 -0.194082 0.980959 -0.00721554 3.94423 -0.0387576 -0.000318101 0.999249 5.85417
0.979638 0.197342 0.0369484 -146.174 -0.197233 0.980334 -0.00661298 4.21885 -0.0375268 -0.000809128 0.999295 5.96185
0.978835 0.201173 0.0375707 -147.387 -0.201113 0.979553 -0.00540881 4.47159 -0.0378906 -0.00226163 0.999279 6.05806
0.978016 0.204928 0.0385981 -148.598 -0.204839 0.978775 -0.00630022 4.73315 -0.0390699 -0.00174466 0.999235 6.14127
0.977122 0.208939 0.0397087 -149.847 -0.208823 0.977928 -0.00709337 4.98108 -0.0403144 -0.001361 0.999186 6.20393
0.97628 0.212776 0.0400547 -151.099 -0.212666 0.9771 -0.00704458 5.25983 -0.0406363 -0.00164079 0.999173 6.2621
0.975322 0.217298 0.0390934 -152.332 -0.217205 0.976103 -0.00666656 5.55751 -0.0396078 -0.00198921 0.999213 6.32762
0.9744 0.221647 0.0376405 -153.572 -0.221533 0.975126 -0.0072292 5.86262 -0.0383066 -0.00129447 0.999265 6.4114
0.973345 0.226257 0.0375127 -154.828 -0.226086 0.974068 -0.00879408 6.15618 -0.0385297 7.8572e-05 0.999257 6.52515
0.972041 0.231582 0.0388042 -156.106 -0.231349 0.972815 -0.0104458 6.44167 -0.0401683 0.00117647 0.999192 6.61589
0.970581 0.237467 0.039765 -157.343 -0.237147 0.971391 -0.0126638 6.74972 -0.0416346 0.00286108 0.999129 6.71108
0.969452 0.241985 0.0400727 -158.565 -0.241644 0.970275 -0.0132136 7.05612 -0.0420791 0.00312666 0.999109 6.78039
0.968472 0.245913 0.0398696 -159.825 -0.245595 0.969289 -0.0127626 7.37402 -0.0417837 0.00256843 0.999123 6.84352
0.96721 0.2509 0.0394107 -161.082 -0.250609 0.968011 -0.0122347 7.73662 -0.0412196 0.00195681 0.999148 6.9181
0.96582 0.256207 0.0393764 -162.367 -0.255944 0.966621 -0.0116578 8.07426 -0.0410489 0.00118114 0.999156 7.00735
0.964446 0.261221 0.0400944 -163.606 -0.260995 0.965279 -0.0108707 8.41412 -0.041542 1.97938e-05 0.999137 7.0938
0.963088 0.266069 0.040859 -164.843 -0.265869 0.963954 -0.0103357 8.76055 -0.0421362 -0.000908922 0.999111 7.20738
0.961706 0.27105 0.0406587 -166.09 -0.270824 0.962565 -0.0110601 9.10798 -0.0421345 -0.000374794 0.999112 7.30564
0.960489 0.275377 0.0403457 -167.354 -0.275105 0.961336 -0.0122553 9.47182 -0.0421607 0.000671793 0.999111 7.38015
0.959487 0.27877 0.0408934 -168.58 -0.278474 0.960357 -0.0128906 9.8309 -0.0428658 0.000980638 0.99908 7.45839
0.958457 0.282175 0.0416875 -169.822 -0.28182 0.959361 -0.0142781 10.201 -0.0440223 0.00193661 0.999029 7.5647
0.957441 0.285425 0.0428923 -171.027 -0.285004 0.958397 -0.0157634 10.564 -0.0456071 0.0028681 0.998955 7.66134
0.956522 0.288495 0.0428551 -172.235 -0.288037 0.957475 -0.0166415 10.9169 -0.0458337 0.00357409 0.998943 7.72955
0.9557 0.291483 0.0409237 -173.465 -0.291092 0.956572 -0.0153322 11.3148 -0.0436156 0.00274037 0.999045 7.78939
0.954472 0.29595 0.0373639 -174.679 -0.295719 0.955203 -0.0117083 11.6815 -0.0391552 0.00012607 0.999233 7.88981
0.95356 0.298928 0.0369457 -175.89 -0.298731 0.954275 -0.0108743 12.0992 -0.038507 -0.000667494 0.999258 7.97563
0.95202 0.303362 0.0403561 -177.11 -0.303138 0.952875 -0.0117122 12.4928 -0.0420074 -0.00108321 0.999117 8.06428
0.950104 0.30891 0.043336 -178.313 -0.308671 0.95109 -0.0122541 12.8842 -0.0450018 -0.0017339 0.998985 8.14694
0.948318 0.314273 0.0438724 -179.539 -0.314051 0.94933 -0.0120297 13.2749 -0.04543 -0.00237016 0.998965 8.24077
0.946748 0.319209 0.0421138 -180.752 -0.318969 0.947683 -0.0124858 13.6593 -0.0438961 -0.0016121 0.999035 8.32801
0.945446 0.323155 0.0412702 -181.984 -0.32282 0.946346 -0.0147351 14.0654 -0.0438176 0.000608348 0.999039 8.38397
0.943575 0.328407 0.0425986 -183.15 -0.328055 0.944536 -0.0152027 14.4892 -0.0452286 0.000370173 0.998977 8.47539
0.940912 0.335282 0.0476441 -184.336 -0.334875 0.942118 -0.0165172 14.9189 -0.0504243 -0.000413599 0.998728 8.59134
0.938093 0.342351 0.0527004 -185.53 -0.342074 0.939562 -0.0144755 15.3926 -0.054471 -0.00444809 0.998505 8.65867
0.935812 0.348413 0.0535105 -186.718 -0.348331 0.937305 -0.0111535 15.8352 -0.0540417 -0.00820183 0.998505 8.77005
0.933591 0.354488 0.0524026 -187.906 -0.354465 0.935015 -0.010043 16.283 -0.0525574 -0.00919885 0.998576 8.87523
0.930972 0.361438 0.0515116 -189.102 -0.361422 0.932349 -0.00994484 16.7516 -0.0516212 -0.00935908 0.998623 8.95891
0.928632 0.367733 0.0491409 -190.283 -0.367791 0.929872 -0.00818412 17.232 -0.0487044 -0.0104736 0.998758 9.05081
0.925958 0.374907 0.0452389 -191.483 -0.375003 0.927 -0.00666012 17.6833 -0.0444334 -0.0107977 0.998954 9.14352
0.923585 0.380726 0.0451571 -192.665 -0.380851 0.924616 -0.00613239 18.1905 -0.0440878 -0.0115344 0.998961 9.23848
0.921005 0.386608 0.0477988 -193.844 -0.386801 0.922147 -0.00551523 18.702 -0.0462097 -0.0134091 0.998842 9.31136
0.919048 0.391081 0.0490594 -195.027 -0.391315 0.920242 -0.00513822 19.2272 -0.047156 -0.0144754 0.998783 9.4113
0.917368 0.394914 0.0497851 -196.214 -0.395111 0.918612 -0.00623216 19.7579 -0.0481943 -0.0139535 0.998741 9.51195
0.91591 0.398146 0.050884 -197.365 -0.39828 0.91723 -0.007916 20.2779 -0.049824 -0.0130157 0.998673 9.6023
0.913826 0.402705 0.0524528 -198.568 -0.40278 0.915246 -0.00959392 20.8094 -0.0518708 -0.0123598 0.998577 9.69819
0.911276 0.40855 0.0515995 -199.754 -0.408547 0.91267 -0.0110886 21.29 -0.0516236 -0.010976 0.998606 9.7977
0.909787 0.412237 0.0484542 -200.924 -0.412102 0.911042 -0.0132093 21.8213 -0.0495891 -0.00795043 0.998738 9.90385
0.908232 0.41588 0.046453 -202.113 -0.415682 0.909397 -0.0143196 22.3795 -0.0481995 -0.00630417 0.998818 10.0072
0.906341 0.419944 0.0468344 -203.259 -0.419825 0.907514 -0.0128178 22.9396 -0.0478857 -0.00804499 0.99882 10.0815
0.904216 0.424388 0.0478308 -204.406 -0.424313 0.905433 -0.0122162 23.4782 -0.048492 -0.00924911 0.998781 10.1712
0.902239 0.428467 0.0487846 -205.587 -0.428405 0.903504 -0.012252 24.0459 -0.0493266 -0.00984529 0.998734 10.266
0.900512 0.432023 0.0493438 -206.761 -0.431963 0.901806 -0.0124091 24.6013 -0.0498595 -0.0101402 0.998705 10.3711
0.898299 0.436599 0.0493967 -207.914 -0.436544 0.899596 -0.0124765 25.1535 -0.0498843 -0.0103562 0.998701 10.4724
0.896342 0.440628 0.0491838 -209.07 -0.440539 0.897636 -0.0132076 25.7392 -0.0499688 -0.00982884 0.998702 10.5596
0.894125 0.445053 0.049682 -210.253 -0.444956 0.895449 -0.0135989 26.3007 -0.05054 -0.0099472 0.998673 10.6497
0.892293 0.448678 0.0500187 -211.394 -0.448507 0.89365 -0.0152314 26.8853 -0.0515332 -0.00884283 0.998632 10.7566
0.890489 0.452182 0.0506092 -212.52 -0.451982 0.891884 -0.0159932 27.4892 -0.0523694 -0.0086327 0.99859 10.8368
0.888791 0.455545 0.0502979 -213.672 -0.455376 0.890165 -0.0154367 28.08 -0.0518055 -0.00918446 0.998615 10.9282
0.887285 0.458694 0.0482197 -214.846 -0.458589 0.88854 -0.013864 28.6864 -0.0492045 -0.0098117 0.998741 11.0233
0.886032 0.461334 0.0460301 -215.984 -0.461277 0.887168 -0.0124966 29.3008 -0.0466015 -0.0101602 0.998862 11.098
0.884185 0.464871 0.0459566 -217.14 -0.464858 0.885309 -0.0116125 29.9037 -0.0460841 -0.0110957 0.998876 11.1855
0.88226 0.468258 0.0484973 -218.295 -0.468292 0.883501 -0.0113597 30.5398 -0.0481667 -0.0126888 0.998759 11.2894
0.879851 0.471829 0.0569142 -219.449 -0.471851 0.881569 -0.0139007 31.1673 -0.0567325 -0.0146245 0.998282 11.4003
0.877737 0.47524 0.0610329 -220.555 -0.475257 0.879716 -0.0151794 31.7697 -0.0609055 -0.0156827 0.99802 11.52
0.875937 0.478655 0.0601989 -221.708 -0.478705 0.877856 -0.0145178 32.4014 -0.059795 -0.0161008 0.998081 11.6201
0.874191 0.482105 0.0580078 -222.884 -0.482338 0.875918 -0.010844 33.0662 -0.056038 -0.0184996 0.998257 11.7108
0.872737 0.485445 0.0517071 -224.008 -0.48577 0.874059 -0.00694932 33.7178 -0.0485686 -0.0190528 0.998638 11.8206
0.87109 0.488594 0.0497806 -225.136 -0.48891 0.87231 -0.00644635 34.3678 -0.0465738 -0.0187229 0.998739 11.905
0.869035 0.491949 0.0525761 -226.257 -0.492281 0.870406 -0.00734309 35.0089 -0.0493749 -0.0195008 0.99859 11.9951
0.866445 0.495859 0.0582788 -227.408 -0.496285 0.868123 -0.00793843 35.6602 -0.0545296 -0.0220447 0.998269 12.0941
0.864406 0.499122 0.0606576 -228.522 -0.499634 0.866204 -0.00749323 36.3247 -0.0562819 -0.0238294 0.998131 12.2104
0.862338 0.50284 0.0593733 -229.649 -0.50335 0.864053 -0.00711597 36.9806 -0.0548799 -0.0237492 0.99821 12.3152
0.860525 0.506262 0.0565334 -230.785 -0.506697 0.862092 -0.00740742 37.6667 -0.0524871 -0.0222711 0.998373 12.4226
0.858313 0.510042 0.0561737 -231.895 -0.510461 0.859866 -0.0076879 38.3411 -0.052223 -0.0220759 0.998391 12.5022
0.856062 0.513761 0.0566415 -233.007 -0.514182 0.857644 -0.00798784 39.0036 -0.0526821 -0.022286 0.998363 12.6068
0.853615 0.517642 0.0582181 -234.136 -0.518086 0.855288 -0.00835356 39.6521 -0.0541174 -0.0230313 0.998269 12.7147
0.851132 0.521354 0.0613578 -235.243 -0.521522 0.853114 -0.0145154 40.3538 -0.0599129 -0.0196449 0.99801 12.8388
0.848779 0.524933 0.0633968 -236.36 -0.52496 0.850945 -0.017577 41.0629 -0.0631739 -0.0183617 0.997834 12.9323
0.846487 0.52858 0.0637418 -237.477 -0.528677 0.848658 -0.016714 41.765 -0.0629297 -0.0195506 0.997826 13.039
0.844595 0.531915 0.0610317 -238.571 -0.532161 0.846535 -0.0135106 42.4495 -0.058852 -0.0210677 0.998044 13.1507
0.843294 0.534681 0.05452 -239.667 -0.534951 0.844815 -0.0107349 43.1716 -0.0517991 -0.0201129 0.998455 13.2614
0.841262 0.538219 0.0509707 -240.766 -0.538442 0.842598 -0.0104412 43.8823 -0.0485675 -0.018661 0.998646 13.3656
0.839198 0.54117 0.0536873 -241.864 -0.541309 0.84072 -0.0131689 44.601 -0.0522627 -0.0180101 0.998471 13.4677
0.836782 0.544587 0.0567607 -242.967 -0.544698 0.838501 -0.0148477 45.3262 -0.0556798 -0.0184932 0.998277 13.5557
0.834685 0.547757 0.0571194 -244.059 -0.547945 0.836402 -0.0137223 46.0596 -0.0552912 -0.0198445 0.998273 13.6332
0.832962 0.550232 0.0584705 -245.147 -0.550831 0.834589 -0.00678643 46.753 -0.052533 -0.0265545 0.998266 13.6977
0.831866 0.551875 0.0585986 -246.223 -0.55264 0.833412 -0.0036995 47.4847 -0.0508785 -0.0293064 0.998275 13.868
0.830529 0.55409 0.0566276 -247.294 -0.554555 0.832103 -0.00858045 48.2237 -0.0518743 -0.0242768 0.998358 14.0171
0.829133 0.556318 0.0552127 -248.37 -0.556597 0.830701 -0.011599 48.9429 -0.052318 -0.0211142 0.998407 14.0624
0.827396 0.558972 0.0544687 -249.443 -0.55927 0.828912 -0.0110234 49.6526 -0.0513115 -0.021342 0.998455 14.1425
0.825661 0.56118 0.0579751 -250.48 -0.561596 0.827346 -0.0103974 50.353 -0.0538003 -0.0239739 0.998264 14.2595
0.824067 0.563047 0.0623848 -251.524 -0.563566 0.826003 -0.010623 51.0624 -0.0575112 -0.0264038 0.997996 14.3881
0.822448 0.565005 0.0659423 -252.592 -0.565736 0.824539 -0.00879671 51.7946 -0.0593422 -0.0300711 0.997785 14.5067
0.821351 0.566828 0.0639361 -253.645 -0.567588 0.82328 -0.00734072 52.5527 -0.0567983 -0.0302601 0.997927 14.6018
0.819699 0.56902 0.0656439 -254.684 -0.570111 0.821564 -0.002555 53.2746 -0.0553845 -0.03533 0.99784 14.682
0.817726 0.5714 0.0694655 -255.697 -0.572691 0.81977 -0.00161365 53.9739 -0.0578678 -0.0384627 0.997583 14.8201
0.816691 0.573563 0.0635758 -256.743 -0.574504 0.818491 -0.00416576 54.7318 -0.0544256 -0.0331224 0.997968 14.9567
0.815824 0.575827 0.0534244 -257.777 -0.576405 0.817146 -0.0054382 55.4644 -0.046787 -0.0263575 0.998557 15.0002
0.814206 0.578326 0.0510689 -258.782 -0.578694 0.815498 -0.0087462 56.1888 -0.0467047 -0.0224321 0.998657 15.0893
0.811449 0.581403 0.0593372 -259.81 -0.581599 0.813324 -0.0156924 56.9137 -0.057384 -0.0217769 0.998115 15.2108
0.808874 0.583986 0.0684402 -260.84 -0.584064 0.811437 -0.0209464 57.6372 -0.0677673 -0.0230305 0.997435 15.3183
0.807339 0.585816 0.0708674 -261.863 -0.585889 0.810094 -0.0219403 58.3807 -0.0702623 -0.0238072 0.997244 15.4084
0.80606 0.587969 0.0675342 -262.862 -0.588082 0.808546 -0.0202977 59.1221 -0.0665389 -0.0233545 0.99751 15.5227
0.804706 0.590331 0.0629075 -263.901 -0.590522 0.806832 -0.0174909 59.8899 -0.0610812 -0.0230732 0.997866 15.6287
