1 0 0 0 0 1 0 0 0 0 1 0
1 9.17177e-05 -1.81452e-05 0.00385641 -9.17171e-05 1 3.12629e-05 -0.00416951 1.8148e-05 -3.12612e-05 1 0.00067331
1 -4.64815e-05 4.50765e-05 -0.000580834 4.64784e-05 1 6.96252e-05 -0.001227 -4.50798e-05 -6.96231e-05 1 -0.00228798
1 -7.32346e-05 6.3724e-05 0.000942845 7.32263e-05 1 0.00012968 0.00616531 -6.37335e-05 -0.000129675 1 -0.00479189
1 -8.57953e-05 2.90384e-06 -4.65039e-05 8.57952e-05 1 2.99176e-05 0.00877952 -2.90641e-06 -2.99174e-05 1 -0.00180218
1 -5.42044e-05 -4.54521e-06 -0.00157366 5.42044e-05 1 -1.61655e-05 0.00272079 4.54608e-06 1.61652e-05 1 -0.000414971
1 5.36249e-05 3.31763e-06 -2.40983e-05 -5.36251e-05 1 4.89624e-05 -0.00326141 -3.31501e-06 -4.89626e-05 1 -0.000738278
1 -8.54217e-05 3.79573e-05 -0.000778239 8.54213e-05 1 1.09989e-05 0.000195753 -3.79582e-05 -1.09957e-05 1 0.000148392
1 -0.00013013 -7.96215e-06 0.000502663 0.00013013 1 -2.48335e-06 0.00273675 7.96248e-06 2.48232e-06 1 0.000679974
1 -5.7951e-05 1.1581e-05 0.00453173 5.79496e-05 1 0.000119625 -0.000482817 -1.15879e-05 -0.000119624 1 -0.00253058
1 -1.16049e-05 3.66161e-05 0.00381631 1.16016e-05 1 8.85007e-05 0.00253158 -3.66171e-05 -8.85002e-05 1 -0.0034532
1 6.78991e-05 7.67101e-06 0.00657259 -6.78991e-05 1 3.28569e-06 0.00330035 -7.67079e-06 -3.28621e-06 1 -0.000844264
1 5.98712e-05 -1.23797e-05 0.00256978 -5.98709e-05 1 2.9644e-05 0.00227774 1.23815e-05 -2.96433e-05 1 -0.000809088
1 7.06689e-05 -2.82315e-05 0.00535219 -7.06678e-05 1 4.05506e-05 -0.00101699 2.82343e-05 -4.05486e-05 1 0.000494602
1 -8.66353e-05 -1.39105e-05 -0.000131591 8.66355e-05 1 1.84368e-05 0.00137692 1.39089e-05 -1.84381e-05 1 0.0011169
1 8.60912e-06 9.48832e-06 0.00153281 -8.6098e-06 1 7.15361e-05 -0.00289984 -9.48771e-06 -7.15362e-05 1 -0.00131166
1 7.59644e-05 3.94313e-05 0.00437572 -7.59682e-05 1 9.55784e-05 -0.00259316 -3.9424e-05 -9.55814e-05 1 -0.00313551
1 3.08674e-05 3.01719e-05 0.00608913 -3.08698e-05 1 8.13289e-05 -0.000978324 -3.01694e-05 -8.13298e-05 1 -0.00215403
1 -1.50737e-05 8.26555e-06 0.00308345 1.50735e-05 1 2.52983e-05 0.00115009 -8.26593e-06 -2.52981e-05 1 0.000348128
1 1.77666e-05 6.75495e-06 0.00196533 -1.77666e-05 1 1.05902e-05 -0.00106716 -6.75476e-06 -1.05903e-05 1 -0.000693718
1 7.97965e-06 3.1695e-05 0.00290656 -7.98347e-06 1 0.000120397 -0.00205971 -3.1694e-05 -0.000120397 1 -0.00445757
1 0.000117571 7.61596e-06 0.0102342 -0.000117572 1 0.000117301 -0.00254691 -7.60217e-06 -0.000117302 1 -0.00308025
1 3.33973e-05 -3.38089e-05 0.00266539 -3.33946e-05 1 7.86249e-05 -0.00274309 3.38115e-05 -7.86238e-05 1 -0.000283876
1 3.70763e-05 -1.62763e-05 0.000828847 -3.70758e-05 1 2.73025e-05 -0.00283979 1.62774e-05 -2.73019e-05 1 0.000757015
1 1.99287e-05 3.23645e-05 -0.000748679 -1.99305e-05 1 5.77019e-05 -0.00203937 -3.23634e-05 -5.77026e-05 1 -0.00115221
1 -1.27395e-05 5.08338e-05 0.000265748 1.27386e-05 1 1.62137e-05 0.000351523 -5.0834e-05 -1.62131e-05 1 -0.00123548
1 3.02363e-05 3.55269e-05 0.00127441 -3.02394e-05 1 8.71915e-05 0.000221867 -3.55242e-05 -8.71926e-05 1 -0.00281542
1 1.52973e-05 3.80929e-05 0.00389409 -1.5302e-05 1 0.000123773 -0.00251996 -3.8091e-05 -0.000123774 1 -0.00295532
1 0.000129667 1.49846e-05 0.00730342 -0.000129668 1 6.57343e-05 -0.00374397 -1.4976e-05 -6.57362e-05 1 -0.00178027
1 3.71862e-05 3.70279e-05 0.00344924 -3.71876e-05 1 3.67677e-05 -0.000699172 -3.70265e-05 -3.67691e-05 1 -0.00079391
1 2.75755e-05 3.24373e-05 0.00240642 -2.75779e-05 1 7.68987e-05 -0.00039714 -3.24352e-05 -7.68996e-05 1 -0.00352497
1 -1.95233e-05 1.0454e-05 -0.000496202 1.95218e-05 1 0.00014469 -0.000269129 -1.04569e-05 -0.00014469 1 -0.00439769
1 -6.73953e-05 3.88337e-05 -0.00355872 6.73931e-05 1 5.74718e-05 0.000794102 -3.88376e-05 -5.74692e-05 1 -0.00221454
1 2.88626e-05 2.12421e-05 0.000623781 -2.88627e-05 1 5.38983e-06 0.00222832 -2.1242e-05 -5.39045e-06 1 -0.0010145
1 -5.45455e-05 1.2775e-05 -0.00110972 5.45445e-05 1 7.8044e-05 0.00288509 -1.27793e-05 -7.80433e-05 1 -0.0015698
1 -5.56314e-05 2.51511e-05 0.00235214 5.56282e-05 1 0.000129465 0.00266286 -2.51584e-05 -0.000129464 1 -0.00350738
1 1.23094e-05 -5.33324e-06 0.00212783 -1.2309e-05 1 7.251e-05 -0.00433672 5.33413e-06 -7.25099e-05 1 -0.00141361
1 9.77208e-05 6.98732e-06 0.00504771 -9.77214e-05 1 8.71369e-05 -0.00331268 -6.9788e-06 -8.71376e-05 1 -0.00236449
1 9.97721e-05 -4.74058e-06 0.00407111 -9.97718e-05 1 4.87614e-05 -0.00135392 4.74545e-06 -4.8761e-05 1 -0.00211575
1 -1.95611e-05 1.26261e-05 0.00223511 1.95605e-05 1 4.9052e-05 0.00064603 -1.2627e-05 -4.90517e-05 1 -0.00185154
1 2.65003e-05 -2.40633e-05 0.00822585 -2.64991e-05 1 5.2014e-05 -0.00104337 2.40647e-05 -5.20133e-05 1 -0.00108286
1 7.28368e-05 2.72782e-05 0.00364829 -7.28397e-05 1 0.000104763 -0.0025507 -2.72706e-05 -0.000104765 1 -0.00203065
1 9.47656e-05 7.10281e-06 0.00258467 -9.47657e-05 1 1.70576e-05 -2.66212e-05 -7.1012e-06 -1.70583e-05 1 -1.98442e-05
1 1.4265e-05 3.29414e-06 0.00231017 -1.42649e-05 1 -1.35147e-05 -0.000142362 -3.29434e-06 1.35146e-05 1 0.000339455
1 0.000107278 -1.55228e-05 0.00492771 -0.000107276 1 0.000104613 -0.000835044 1.55341e-05 -0.000104612 1 -0.00205256
1 6.98387e-05 -1.80385e-05 0.00411896 -6.98377e-05 1 5.75381e-05 0.00010718 1.80425e-05 -5.75369e-05 1 -0.000329701
1 6.28278e-05 3.50981e-07 0.00288283 -6.28279e-05 1 8.50149e-05 -0.00322165 -3.45639e-07 -8.50149e-05 1 -0.00280719
1 2.54821e-06 5.45198e-06 0.00436851 -2.54876e-06 1 0.000100906 -0.000193552 -5.45172e-06 -0.000100906 1 -0.0030326
1 -4.44535e-05 1.45835e-05 0.00256203 4.4452e-05 1 9.99965e-05 5.41552e-05 -1.45879e-05 -9.99959e-05 1 -0.00161289
1 -1.27872e-05 3.239e-05 0.00202769 1.27866e-05 1 1.93097e-05 0.00015226 -3.23903e-05 -1.93093e-05 1 -0.000793492
1 3.83719e-05 3.96185e-05 0.00216507 -3.83741e-05 1 5.55666e-05 0.000182699 -3.96164e-05 -5.55681e-05 1 -0.00245888
1 0.000103141 1.17879e-05 0.00419849 -0.000103142 1 3.98229e-05 -0.00241194 -1.17838e-05 -3.98241e-05 1 -0.000632393
1 7.54461e-05 -6.75355e-06 0.00332401 -7.54459e-05 1 1.9565e-05 -0.00183117 6.75503e-06 -1.95645e-05 1 0.000554231
1 5.75262e-05 8.29388e-06 0.0027739 -5.75264e-05 1 2.69023e-05 0.00246824 -8.29233e-06 -2.69028e-05 1 -9.04715e-05
1 -1.68561e-05 4.29807e-05 -3.67679e-05 1.68508e-05 1 0.000121717 -0.00134928 -4.29827e-05 -0.000121716 1 -0.00278087
1 0.00010544 1.54309e-05 0.00631755 -0.000105442 1 0.000122805 -0.00291764 -1.54179e-05 -0.000122806 1 -0.00267188
1 2.80194e-05 3.94753e-06 0.0044986 -2.80196e-05 1 4.81662e-05 -0.00108142 -3.94619e-06 -4.81663e-05 1 -0.000906631
1 6.59989e-05 1.26968e-05 0.00399295 -6.6e-05 1 8.50315e-05 -0.00125854 -1.26912e-05 -8.50323e-05 1 -0.0027209
1 0.000187525 3.04627e-06 0.0157034 -0.000187526 1 7.29044e-05 -0.00436951 -3.0326e-06 -7.29049e-05 1 -0.00128418
1 0.000354062 3.26147e-05 0.0316463 -0.000354059 1 -0.000100999 -0.00357947 -3.26504e-05 0.000100987 1 0.006042
1 0.000298663 4.82165e-05 0.028818 -0.000298656 1 -0.000131045 0.0018601 -4.82557e-05 0.00013103 1 0.00782787
1 0.000273192 7.59349e-05 0.0130035 -0.000273186 1 -8.5134e-05 0.00042398 -7.59581e-05 8.51133e-05 1 0.00411915
1 -0.000130742 7.70827e-05 -0.0119835 0.000130753 1 -0.000147385 0.00200272 -7.70634e-05 0.000147395 1 0.00442265
1 -0.0002847 0.00011464 -0.0284243 0.000284715 1 -0.00013479 0.00459925 -0.000114602 0.000134823 1 0.00479581
1 -0.00046822 0.000106761 -0.0390236 0.00046824 1 -0.000185699 0.00557561 -0.000106674 0.000185749 1 0.00763972
1 -0.000454594 0.0001336 -0.0411271 0.000454625 1 -0.000236589 -0.000197381 -0.000133492 0.00023665 1 0.00989284
1 -0.000603066 0.000350946 -0.0585549 0.000603135 1 -0.000194958 -0.0127793 -0.000350828 0.00019517 1 0.0106992
0.999999 -0.00127524 0.00054619 -0.107159 0.00127541 0.999999 -0.000300755 -0.0131387 -0.000545806 0.000301451 1 0.0119425
0.999996 -0.00275703 0.000610771 -0.178026 0.0027573 0.999996 -0.000438069 -0.0123977 -0.000609561 0.000439751 1 0.0140476
0.99999 -0.0044391 0.00063282 -0.251585 0.00443932 0.99999 -0.000354239 -0.0173973 -0.000631242 0.000357045 1 0.0129432
0.999978 -0.00662091 0.000668978 -0.328771 0.00662105 0.999978 -0.000205136 -0.0172122 -0.000667605 0.000209561 1 0.0103388
0.999964 -0.00848454 0.000847697 -0.42486 0.00848477 0.999964 -0.00027566 -0.0267243 -0.000845328 0.000282842 1 0.0122442
0.99995 -0.00993259 0.00111923 -0.505034 0.00993312 0.999951 -0.000469201 -0.0373438 -0.00111451 0.000480295 0.999999 0.0135671
0.999911 -0.0132562 0.00130753 -0.627783 0.0132572 0.999912 -0.000805309 -0.0473121 -0.00129674 0.000822572 0.999999 0.0176389
0.999866 -0.0162792 0.00159962 -0.746849 0.0162799 0.999867 -0.000436171 -0.0468167 -0.0015923 0.000462154 0.999999 0.00434743
0.999826 -0.0185547 0.00174072 -0.872643 0.0185555 0.999828 -0.000412987 -0.0557111 -0.00173276 0.000445215 0.999998 -0.000367079
0.99977 -0.0213501 0.0017991 -1.0276 0.0213514 0.999772 -0.000712787 -0.0762271 -0.00178347 0.000751037 0.999998 0.00100767
0.999729 -0.0232163 0.00175095 -1.17573 0.0232178 0.99973 -0.000852044 -0.083984 -0.00173069 0.000892467 0.999998 -0.00102205
0.999678 -0.0252949 0.001875 -1.32194 0.0252967 0.99968 -0.000946429 -0.0936942 -0.00185046 0.000993556 0.999998 0.0014474
0.999619 -0.0274799 0.00239811 -1.5045 0.0274823 0.999622 -0.000992869 -0.0722112 -0.00236992 0.0010584 0.999997 0.0176216
0.999579 -0.0288912 0.00251996 -1.67398 0.0288936 0.999582 -0.000929078 -0.0662045 -0.00249206 0.0010015 0.999996 0.0442958
0.999518 -0.0309206 0.00262141 -1.89178 0.0309214 0.999522 -0.000270359 -0.084538 -0.0026118 0.000351286 0.999997 0.0508644
0.999454 -0.0329451 0.00258641 -2.10481 0.0329462 0.999457 -0.000409367 -0.0888503 -0.00257152 0.000494356 0.999997 0.0592583
0.999418 -0.0340391 0.00238233 -2.3 0.0340413 0.99942 -0.000892462 -0.107009 -0.00235057 0.00097304 0.999997 0.053505
0.999387 -0.034903 0.00258137 -2.52199 0.0349084 0.999388 -0.00207791 -0.132126 -0.00250727 0.00216675 0.999995 0.0441286
0.999335 -0.0362934 0.00349882 -2.77126 0.0363036 0.999337 -0.0028763 -0.142471 -0.00339211 0.00300141 0.99999 0.0542895
0.999308 -0.0369503 0.00432008 -3.02237 0.0369603 0.999314 -0.00226741 -0.137463 -0.00423333 0.00242551 0.999988 0.0618073
0.999285 -0.0374892 0.0049397 -3.29192 0.0374965 0.999296 -0.00140039 -0.152921 -0.00488372 0.00158461 0.999987 0.0773329
0.999256 -0.0381945 0.00537664 -3.55678 0.038201 0.999269 -0.00110918 -0.146111 -0.00533035 0.00131375 0.999985 0.0896872
0.999255 -0.0381891 0.00555994 -3.84024 0.0381964 0.99927 -0.00121311 -0.149254 -0.00550955 0.00142457 0.999984 0.0863762
0.999258 -0.0382117 0.00484668 -4.14797 0.0382217 0.999267 -0.00199199 -0.166066 -0.00476702 0.00217576 0.999986 0.10132
0.999248 -0.0385126 0.00452679 -4.47789 0.03852 0.999257 -0.00156085 -0.182411 -0.00446331 0.00173405 0.999989 0.0956295
0.999237 -0.0387702 0.00470497 -4.7788 0.038777 0.999247 -0.0013573 -0.1971 -0.00464881 0.00153871 0.999988 0.099113
0.999191 -0.0400424 0.00381976 -5.1043 0.040048 0.999197 -0.001415 -0.2086 -0.00376003 0.00156683 0.999992 0.1106
0.999155 -0.0410191 0.00265931 -5.4756 0.0410239 0.999157 -0.00177674 -0.224275 -0.00258419 0.00188433 0.999995 0.130073
0.999096 -0.0424813 0.00142432 -5.8427 0.0424839 0.999095 -0.00182414 -0.251543 -0.00134554 0.00188301 0.999997 0.131793
0.999025 -0.0441332 0.00139158 -6.21233 0.0441355 0.999024 -0.00159771 -0.274286 -0.00131971 0.00165757 0.999998 0.129926
0.999007 -0.0445201 0.00188674 -6.57487 0.0445238 0.999006 -0.0019457 -0.304941 -0.00179824 0.00202777 0.999996 0.137621
0.998973 -0.0452265 0.00265648 -6.95669 0.0452332 0.998973 -0.00254464 -0.322794 -0.00253867 0.00266218 0.999993 0.165356
0.998885 -0.0470926 0.00340939 -7.3839 0.0471003 0.998888 -0.00220695 -0.325033 -0.00330167 0.00236507 0.999992 0.161813
0.998799 -0.0488452 0.00396072 -7.81071 0.0488531 0.998804 -0.0019053 -0.335262 -0.00386292 0.00209651 0.99999 0.174701
0.998776 -0.0492759 0.00429441 -8.19283 0.0492859 0.998782 -0.00225602 -0.371846 -0.00417802 0.00246491 0.999988 0.195941
0.998728 -0.0501927 0.004892 -8.60859 0.0502084 0.998734 -0.00314202 -0.397605 -0.0047281 0.00338365 0.999983 0.20282
0.998659 -0.0514184 0.00603214 -9.0734 0.0514411 0.998669 -0.0036703 -0.424399 -0.00583539 0.00397567 0.999975 0.196891
0.998618 -0.0522271 0.00586818 -9.51679 0.0522512 0.998626 -0.0040377 -0.459841 -0.00564923 0.00433874 0.999975 0.216782
0.998528 -0.053978 0.00531714 -9.98624 0.0540006 0.998532 -0.00419874 -0.47626 -0.0050827 0.00447969 0.999977 0.232701
0.998489 -0.0546688 0.00561348 -10.4205 0.0546957 0.998492 -0.00475845 -0.50257 -0.00534487 0.00505829 0.999973 0.241902
0.998473 -0.0548958 0.00610932 -10.8948 0.0549288 0.998476 -0.00537224 -0.544425 -0.00580509 0.00569961 0.999967 0.240489
0.998408 -0.0560321 0.0064313 -11.3944 0.0560665 0.998413 -0.00530968 -0.596412 -0.00612358 0.00566181 0.999965 0.237317
0.99834 -0.0572737 0.00614513 -11.9168 0.0573043 0.998345 -0.00491823 -0.628438 -0.00585328 0.00526221 0.999969 0.2576
0.998266 -0.0585972 0.00558873 -12.4452 0.0586253 0.998268 -0.00499804 -0.651551 -0.00528618 0.00531701 0.999972 0.274669
0.998192 -0.0598387 0.00567617 -12.9955 0.0598718 0.998189 -0.00585002 -0.676131 -0.00531584 0.00617928 0.999967 0.2936
0.998161 -0.0603164 0.00611772 -13.53 0.0603551 0.998157 -0.00636155 -0.719693 -0.00572274 0.00671908 0.999961 0.285876
0.998108 -0.0611368 0.00653322 -14.1075 0.0611794 0.998105 -0.00653325 -0.75704 -0.00612142 0.00692059 0.999957 0.294857
0.998077 -0.061646 0.00646611 -14.6799 0.0616895 0.998073 -0.00675505 -0.775534 -0.00603723 0.00714095 0.999956 0.303343
0.998076 -0.0617464 0.00562108 -15.2387 0.0617865 0.998063 -0.00726045 -0.820817 -0.00516189 0.00759379 0.999958 0.320276
0.998045 -0.0622864 0.00518433 -15.8168 0.0623222 0.998031 -0.00704759 -0.863211 -0.00473515 0.00735691 0.999962 0.328522
0.998003 -0.0629414 0.00527591 -16.4406 0.062981 0.997985 -0.00770511 -0.906463 -0.0047803 0.008022 0.999956 0.356549
0.997943 -0.0638178 0.00612147 -17.0532 0.0638673 0.997924 -0.00825623 -0.953956 -0.00558187 0.00863021 0.999947 0.365998
0.997869 -0.0649037 0.00667952 -17.697 0.0649597 0.997851 -0.00853175 -0.980185 -0.00611143 0.00894747 0.999941 0.382659
0.997827 -0.0655044 0.00710996 -18.3138 0.0655662 0.997809 -0.00883204 -1.01797 -0.00651585 0.00927902 0.999936 0.406291
0.997804 -0.0657384 0.00813621 -18.9623 0.0658136 0.997788 -0.00934839 -1.06613 -0.00750367 0.00986333 0.999923 0.423343
0.997781 -0.0660473 0.00836071 -19.62 0.0661337 0.997755 -0.0105208 -1.12291 -0.00764708 0.0110504 0.99991 0.43685
0.997797 -0.0658864 0.00779968 -20.2969 0.0659719 0.997758 -0.0112622 -1.14906 -0.00704017 0.0117519 0.999906 0.445801
0.997888 -0.0644565 0.00809955 -20.9658 0.0645428 0.997856 -0.0108843 -1.19064 -0.00738062 0.011384 0.999908 0.446332
0.998019 -0.0623436 0.00840911 -21.6526 0.0624314 0.997993 -0.0106159 -1.23984 -0.0077304 0.0111199 0.999908 0.465822
0.99809 -0.0612438 0.00811832 -22.3478 0.0613306 0.998058 -0.0109139 -1.27552 -0.00743415 0.0113909 0.999907 0.495497
0.998182 -0.0597437 0.00797332 -23.0558 0.0598316 0.998145 -0.0112904 -1.32169 -0.007284 0.0117469 0.999904 0.525096
0.998223 -0.0590496 0.00803632 -23.8082 0.0591418 0.99818 -0.011768 -1.35476 -0.00732681 0.0122224 0.999898 0.550056
0.998289 -0.0578897 0.00824764 -24.5438 0.0579855 0.998247 -0.0118921 -1.39062 -0.00754475 0.01235 0.999895 0.560365
0.998455 -0.0549223 0.00849369 -25.2664 0.0550261 0.998407 -0.0125058 -1.43603 -0.00779331 0.0129538 0.999886 0.572847
0.998599 -0.0522511 0.00840153 -25.982 0.0523517 0.998554 -0.0122368 -1.49463 -0.00774999 0.0126595 0.99989 0.581681
0.998666 -0.0509497 0.00837088 -26.7617 0.0510525 0.998617 -0.0125686 -1.51965 -0.00771894 0.0129792 0.999886 0.596205
0.998708 -0.050089 0.0085545 -27.5564 0.0501978 0.998654 -0.0130143 -1.53544 -0.00789111 0.0134269 0.999879 0.615061
0.998828 -0.0476915 0.0081976 -28.3337 0.0477914 0.99878 -0.0124621 -1.55596 -0.00759326 0.0128393 0.999889 0.646185
0.998931 -0.0456088 0.00755264 -29.1193 0.0457026 0.998874 -0.012763 -1.59827 -0.00696203 0.0130946 0.99989 0.682013
0.999017 -0.0437743 0.00694576 -29.896 0.0438611 0.998955 -0.0128726 -1.63268 -0.00637501 0.0131646 0.999893 0.695927
0.999064 -0.0427404 0.00660521 -30.709 0.0428278 0.998988 -0.0137192 -1.65942 -0.00601217 0.0139892 0.999884 0.726741
0.999065 -0.0426307 0.0071273 -31.5366 0.0427242 0.998995 -0.0135195 -1.6781 -0.00654379 0.0138113 0.999883 0.749999
0.999062 -0.042676 0.00734635 -32.3728 0.0427688 0.999001 -0.0129704 -1.69573 -0.00678549 0.0132724 0.999889 0.775066
0.999057 -0.0428056 0.00733431 -33.205 0.042896 0.998999 -0.0126492 -1.73709 -0.00678552 0.0129518 0.999893 0.805187
0.999051 -0.0429305 0.00736042 -34.0149 0.043018 0.999 -0.0121849 -1.78703 -0.00682995 0.01249 0.999899 0.830509
0.999044 -0.0430572 0.0075961 -34.8874 0.0431478 0.998994 -0.0121966 -1.83065 -0.00706331 0.0125127 0.999897 0.857653
0.999027 -0.0434608 0.00749475 -35.7992 0.0435452 0.998985 -0.0114942 -1.83952 -0.0069876 0.0118094 0.999906 0.874084
0.999026 -0.0436142 0.00663036 -36.6548 0.0436811 0.998992 -0.0102982 -1.87349 -0.00617453 0.0105778 0.999925 0.893409
0.999048 -0.0432628 0.00555875 -37.5076 0.0433144 0.999016 -0.00953199 -1.9315 -0.0051409 0.00976369 0.999939 0.922033
0.999032 -0.0436035 0.00588511 -38.3893 0.0436569 0.999004 -0.00926316 -1.96753 -0.00547534 0.00951111 0.99994 0.945937
0.998975 -0.0447587 0.00672151 -39.296 0.0448294 0.998937 -0.0107609 -1.9975 -0.00623272 0.0110511 0.99992 0.982965
0.998909 -0.0461629 0.00708306 -40.2188 0.0462343 0.998878 -0.0102725 -2.03624 -0.00660091 0.0105887 0.999922 0.998852
0.998815 -0.0482215 0.00664385 -41.1347 0.0482861 0.998784 -0.00993704 -2.07526 -0.00615659 0.0102461 0.999929 1.01493
0.99875 -0.0495745 0.00636613 -42.031 0.0496328 0.998724 -0.009347 -2.1236 -0.00589463 0.00965129 0.999936 1.03658
0.99861 -0.0522941 0.00663841 -43.0008 0.0523559 0.998583 -0.00951072 -2.15827 -0.00613165 0.00984506 0.999933 1.0706
0.998429 -0.055561 0.00729267 -43.9673 0.0556296 0.998406 -0.00956412 -2.19516 -0.00674965 0.00995478 0.999928 1.11012
0.998251 -0.0585809 0.0079591 -44.9208 0.058657 0.998231 -0.00969239 -2.24915 -0.00737724 0.0101423 0.999921 1.15316
0.998101 -0.0610672 0.00808562 -45.8464 0.0611373 0.998091 -0.00872432 -2.31679 -0.00753742 0.00920208 0.999929 1.1715
0.997916 -0.0640345 0.00791295 -46.8207 0.0641006 0.997908 -0.00840591 -2.38536 -0.00735813 0.00889562 0.999933 1.1931
0.997733 -0.0669174 0.00708689 -47.8102 0.0669713 0.997725 -0.00766432 -2.47273 -0.00655789 0.00812157 0.999946 1.21688
0.997491 -0.0704862 0.00651987 -48.7993 0.0705281 0.997489 -0.00644714 -2.54267 -0.00604907 0.0068908 0.999958 1.25557
0.997223 -0.0741271 0.00712704 -49.7859 0.0741751 0.997223 -0.00673162 -2.60096 -0.00660825 0.00724158 0.999952 1.29454
0.996878 -0.078513 0.00833162 -50.7928 0.078578 0.996878 -0.00777595 -2.67714 -0.00769509 0.00840636 0.999935 1.32827
0.996486 -0.0832481 0.00922951 -51.7965 0.083316 0.996497 -0.00724148 -2.7684 -0.00859434 0.007985 0.999931 1.32423
0.996064 -0.0881795 0.00902389 -52.8128 0.0882455 0.996073 -0.00719344 -2.87628 -0.00835414 0.00796144 0.999933 1.35065
0.99561 -0.0932152 0.00850666 -53.8526 0.093277 0.995614 -0.00717568 -2.96995 -0.00780047 0.00793766 0.999938 1.36929
0.995113 -0.0984505 0.0075428 -54.8907 0.0985021 0.995114 -0.00681215 -3.05375 -0.00683528 0.00752184 0.999948 1.39417
0.994576 -0.10381 0.00647738 -55.9285 0.103851 0.994573 -0.00632999 -3.15416 -0.0057851 0.00696834 0.999959 1.42909
0.994018 -0.109087 0.00533514 -56.9684 0.109122 0.994005 -0.00685184 -3.29369 -0.00455571 0.00739303 0.999962 1.45947
0.993413 -0.114468 0.00534711 -57.9982 0.114508 0.993391 -0.00786536 -3.41831 -0.00441144 0.00842583 0.999955 1.48042
0.992785 -0.11978 0.0055627 -59.0686 0.119822 0.992764 -0.00788847 -3.56921 -0.00457757 0.00849808 0.999953 1.49638
0.99207 -0.125533 0.00613858 -60.1546 0.125578 0.992054 -0.00766433 -3.69775 -0.00512768 0.00837443 0.999952 1.53189
0.991401 -0.130622 0.00788815 -61.2022 0.130692 0.99138 -0.00926168 -3.82269 -0.00661038 0.010213 0.999926 1.57764
0.990708 -0.135637 0.00999192 -62.2684 0.135742 0.990686 -0.0107404 -3.98092 -0.00844206 0.0119969 0.999892 1.60323
0.990099 -0.139923 0.0111793 -63.379 0.140049 0.990079 -0.0114085 -4.17823 -0.00947205 0.0128612 0.999872 1.61169
0.98947 -0.144284 0.0114645 -64.4822 0.144426 0.989434 -0.0126901 -4.32924 -0.00951237 0.0142123 0.999854 1.63559
0.989128 -0.146579 0.0118488 -65.5654 0.146734 0.989083 -0.0135571 -4.49564 -0.00973222 0.0151483 0.999838 1.66504
0.988744 -0.149167 0.0115665 -66.6792 0.149317 0.988699 -0.0133983 -4.6488 -0.00943725 0.0149746 0.999843 1.70376
0.988449 -0.15116 0.0108832 -67.7958 0.151294 0.988406 -0.01279 -4.81253 -0.00882371 0.0142889 0.999859 1.73846
0.988112 -0.153374 0.0105178 -68.9329 0.153501 0.988068 -0.0126445 -4.97633 -0.00845299 0.0141087 0.999865 1.78302
0.987955 -0.154362 0.0107825 -70.0483 0.154494 0.987912 -0.0127198 -5.15286 -0.00868867 0.0142324 0.999861 1.83531
0.987842 -0.15506 0.0111993 -71.1943 0.155191 0.987812 -0.0119744 -5.33521 -0.00920607 0.0135669 0.999866 1.85874
0.987777 -0.155472 0.0111931 -72.3216 0.155603 0.987748 -0.0119366 -5.50913 -0.00920014 0.0135324 0.999866 1.88732
0.987767 -0.155521 0.0113673 -73.4878 0.155655 0.987738 -0.0120575 -5.70813 -0.00935276 0.0136793 0.999863 1.90285
0.987938 -0.154422 0.0115432 -74.659 0.154569 0.987893 -0.0132249 -5.89195 -0.00936122 0.0148496 0.999846 1.93586
0.988236 -0.152513 0.011339 -75.8344 0.152672 0.988167 -0.0147483 -6.06771 -0.00895548 0.0163059 0.999827 1.96953
0.988531 -0.150568 0.0116115 -77.0186 0.150733 0.988462 -0.0148875 -6.25334 -0.00923597 0.016467 0.999822 1.99262
0.988873 -0.148301 0.0117146 -78.1948 0.148467 0.988806 -0.0148513 -6.42772 -0.00938096 0.0164252 0.999821 2.02803
0.989187 -0.146127 0.0124942 -79.3628 0.146315 0.989113 -0.0157357 -6.58595 -0.0100588 0.0173936 0.999798 2.06896
0.989509 -0.143825 0.0136304 -80.5598 0.144036 0.989443 -0.0160039 -6.76292 -0.0111847 0.0177992 0.999779 2.10473
0.989935 -0.140714 0.0151272 -81.7571 0.140951 0.989888 -0.0159648 -6.93301 -0.0127278 0.0179363 0.999758 2.16903
0.990277 -0.138132 0.016446 -82.9769 0.138379 0.990267 -0.0149409 -7.09417 -0.0142221 0.0170714 0.999753 2.22095
0.990639 -0.135394 0.01738 -84.1793 0.135628 0.990673 -0.0131002 -7.24198 -0.0154442 0.0153348 0.999763 2.26435
0.990951 -0.132976 0.0182613 -85.406 0.133192 0.991027 -0.011187 -7.39627 -0.0166098 0.013518 0.999771 2.29856
0.991364 -0.130035 0.0169805 -86.6357 0.130218 0.991434 -0.0101225 -7.55902 -0.0155188 0.0122462 0.999805 2.34542
0.99175 -0.127484 0.0134255 -87.8706 0.127621 0.991773 -0.00995303 -7.73248 -0.0120462 0.0115843 0.99986 2.39646
0.992106 -0.124877 0.0114452 -89.1061 0.124992 0.992108 -0.00990031 -7.88057 -0.0101185 0.0112527 0.999885 2.4362
0.992388 -0.122558 0.0120346 -90.3553 0.122707 0.992364 -0.0125393 -8.03357 -0.010406 0.0139206 0.999849 2.48398
0.992696 -0.119837 0.0139353 -91.6144 0.120025 0.992679 -0.0135237 -8.18534 -0.0122126 0.0150975 0.999811 2.50799
0.992891 -0.11789 0.0164073 -92.8981 0.118093 0.992931 -0.0119583 -8.31532 -0.0148816 0.0138109 0.999794 2.55961
0.99306 -0.116542 0.0158271 -94.1803 0.116721 0.993105 -0.0109178 -8.46808 -0.0144456 0.0126894 0.999815 2.60987
0.993226 -0.115736 0.0103193 -95.4618 0.115838 0.993219 -0.00989051 -8.62266 -0.00910462 0.0110189 0.999898 2.64042
0.993331 -0.115069 0.00726672 -96.7638 0.115142 0.993291 -0.010693 -8.76538 -0.00598754 0.0114584 0.999916 2.69216
0.993467 -0.113822 0.00824036 -98.03 0.11392 0.99341 -0.0125671 -8.9126 -0.00675564 0.0134237 0.999887 2.74277
0.993653 -0.112008 0.0103611 -99.2923 0.112141 0.993603 -0.013297 -9.05933 -0.00880546 0.0143745 0.999858 2.77163
0.993731 -0.11117 0.0118475 -100.57 0.111336 0.993679 -0.0143527 -9.20347 -0.010177 0.0155818 0.999827 2.82428
0.993764 -0.110688 0.0134277 -101.835 0.110876 0.993733 -0.0141946 -9.35134 -0.0117724 0.0155949 0.999809 2.87724
0.993765 -0.110484 0.0150131 -103.106 0.110663 0.993789 -0.0117092 -9.4848 -0.0136262 0.0132975 0.999819 2.936
0.993796 -0.110158 0.0153385 -104.398 0.110334 0.993832 -0.0111356 -9.60526 -0.0140172 0.0127589 0.99982 2.99406
0.993848 -0.109799 0.014475 -105.655 0.10998 0.993856 -0.0124284 -9.74407 -0.0130215 0.0139439 0.999818 3.03516
0.99389 -0.109517 0.0137139 -106.911 0.109697 0.993879 -0.0130766 -9.8912 -0.0121978 0.0145011 0.99982 3.07202
0.993925 -0.109174 0.0139619 -108.179 0.109365 0.993907 -0.0137015 -10.0274 -0.012381 0.0151452 0.999809 3.11987
0.993979 -0.108693 0.0138388 -109.429 0.108893 0.993946 -0.0146179 -10.1662 -0.0121661 0.0160369 0.999797 3.16803
0.994047 -0.108095 0.0136425 -110.684 0.108306 0.993992 -0.0157943 -10.3028 -0.0118532 0.0171779 0.999782 3.19818
0.994206 -0.106655 0.0133954 -111.942 0.106876 0.994127 -0.0169737 -10.4538 -0.0115064 0.018307 0.999766 3.24043
0.994356 -0.105177 0.0139458 -113.214 0.105425 0.994255 -0.0184842 -10.5768 -0.0119216 0.0198501 0.999732 3.29882
0.994496 -0.103603 0.0156534 -114.469 0.103894 0.994405 -0.0190963 -10.6926 -0.0135874 0.0206174 0.999695 3.35909
0.994614 -0.101932 0.0187933 -115.726 0.102266 0.994598 -0.0177627 -10.8306 -0.0168812 0.0195889 0.999666 3.41104
0.994721 -0.100253 0.0218834 -116.977 0.100632 0.994779 -0.0169603 -10.9689 -0.0200688 0.019073 0.999617 3.46431
0.994799 -0.0993913 0.0222627 -118.224 0.0997609 0.99488 -0.016151 -11.0903 -0.0205434 0.018288 0.999622 3.51123
0.994937 -0.0983909 0.0205022 -119.478 0.0987156 0.994995 -0.0154763 -11.2048 -0.0188768 0.0174218 0.99967 3.57135
0.99506 -0.0975542 0.0184175 -120.746 0.0978375 0.995087 -0.0151644 -11.3215 -0.0168476 0.0168914 0.999715 3.63269
0.995089 -0.0973752 0.0178016 -122.015 0.097651 0.995102 -0.0153445 -11.455 -0.0162202 0.0170075 0.999724 3.70128
0.995116 -0.0969328 0.0186835 -123.227 0.097221 0.995147 -0.0151889 -11.5836 -0.0171205 0.0169312 0.99971 3.75105
0.995059 -0.0973013 0.0197681 -124.47 0.0976128 0.995104 -0.0154525 -11.6826 -0.0181678 0.0173058 0.999685 3.7933
0.995027 -0.0976519 0.0196233 -125.716 0.0979609 0.99507 -0.0154515 -11.815 -0.0180177 0.017297 0.999688 3.83642
0.995 -0.0980389 0.0190374 -126.976 0.0983439 0.995027 -0.0158077 -11.9361 -0.0173929 0.0176009 0.999694 3.89541
0.994961 -0.0983985 0.0192336 -128.224 0.0987122 0.994986 -0.0161002 -12.0554 -0.0175529 0.0179176 0.999685 3.95605
0.994921 -0.0985915 0.0203056 -129.469 0.0989165 0.994972 -0.0156748 -12.1814 -0.0186581 0.0176038 0.999671 4.02131
0.99489 -0.0987101 0.0212331 -130.712 0.0990421 0.994967 -0.0151982 -12.304 -0.019626 0.0172235 0.999659 4.07647
0.994819 -0.0994596 0.0210372 -131.949 0.0997911 0.99489 -0.0153415 -12.436 -0.0194038 0.0173613 0.999661 4.11774
0.994854 -0.0993831 0.0197052 -133.188 0.09972 0.994872 -0.0169183 -12.5488 -0.0179227 0.0187962 0.999663 4.19129
0.9949 -0.0989949 0.0193596 -134.415 0.0993351 0.994901 -0.0174763 -12.6705 -0.0175308 0.0193102 0.99966 4.25083
0.994903 -0.0987836 0.0202479 -135.673 0.0991349 0.994926 -0.017145 -12.7862 -0.0184515 0.0190649 0.999648 4.29164
0.994932 -0.0982047 0.0216076 -136.935 0.0985916 0.994972 -0.017632 -12.9128 -0.0197674 0.019673 0.999611 4.34559
0.995028 -0.0970235 0.022501 -138.185 0.0974376 0.995077 -0.0181006 -13.0586 -0.0206341 0.020203 0.999583 4.41523
0.995147 -0.0958417 0.0223096 -139.432 0.0962576 0.995187 -0.0183781 -13.1697 -0.0204408 0.0204364 0.999582 4.47315
0.995223 -0.0952479 0.0214088 -140.669 0.0956566 0.995234 -0.0189529 -13.2633 -0.0195016 0.0209103 0.999591 4.52201
0.995315 -0.0944485 0.0206741 -141.92 0.0948462 0.995307 -0.0191828 -13.3805 -0.0187653 0.0210538 0.999602 4.58679
0.995392 -0.0933281 0.0220349 -143.15 0.0937375 0.995428 -0.0183375 -13.4938 -0.0202228 0.0203185 0.999589 4.65616
0.995467 -0.09208 0.0238002 -144.386 0.092505 0.99556 -0.0174151 -13.61 -0.0220909 0.0195378 0.999565 4.70928
0.995534 -0.0908309 0.0257163 -145.608 0.0913085 0.995659 -0.0180455 -13.7209 -0.0239655 0.020313 0.999506 4.77551
0.995569 -0.0900808 0.0269752 -146.841 0.090589 0.995721 -0.0182494 -13.8333 -0.0252158 0.0206122 0.99947 4.84443
0.995539 -0.0905865 0.0263977 -148.09 0.0910743 0.995683 -0.0178986 -13.9454 -0.0246624 0.0202229 0.999491 4.89783
0.995492 -0.0916954 0.024243 -149.348 0.0921356 0.995589 -0.0177125 -14.0405 -0.0225119 0.0198663 0.999549 4.97252
0.995453 -0.0925237 0.0226218 -150.597 0.0929371 0.99551 -0.017963 -14.1576 -0.0208582 0.0199838 0.999583 5.03426
0.995488 -0.0922931 0.0220461 -151.827 0.0926997 0.995528 -0.0181917 -14.2755 -0.0202686 0.0201533 0.999591 5.08406
0.995515 -0.0923329 0.0205993 -153.058 0.0927277 0.995508 -0.0191077 -14.3894 -0.0187425 0.0209321 0.999605 5.14826
0.995574 -0.0917433 0.0204087 -154.298 0.0921355 0.995562 -0.0191826 -14.5064 -0.0185583 0.0209781 0.999608 5.1912
0.995718 -0.0899465 0.0213323 -155.537 0.090361 0.995721 -0.0193332 -14.6193 -0.0195021 0.021178 0.999585 5.2354
0.995813 -0.0886028 0.0224741 -156.768 0.0890442 0.995838 -0.0194624 -14.7486 -0.0206562 0.0213821 0.999558 5.30268
0.995871 -0.0876533 0.0235996 -158.003 0.0881166 0.995922 -0.0193642 -14.8498 -0.0218061 0.0213638 0.999534 5.35635
0.995908 -0.0871712 0.0238465 -159.261 0.0876393 0.995964 -0.0193438 -14.9465 -0.0220641 0.0213545 0.999528 5.40253
0.996064 -0.0857397 0.0224657 -160.48 0.0861902 0.99608 -0.0199161 -15.061 -0.02067 0.0217741 0.999549 5.46379
0.996174 -0.0846278 0.0218162 -161.713 0.0850684 0.996172 -0.0201307 -15.1778 -0.0200291 0.0219095 0.999559 5.5144
0.996165 -0.0846542 0.0220975 -162.963 0.0851 0.99617 -0.0200745 -15.2671 -0.0203135 0.021878 0.999554 5.57794
0.996139 -0.0847543 0.0229084 -164.188 0.085201 0.996177 -0.0192823 -15.3616 -0.0211866 0.0211596 0.999552 5.63736
0.996106 -0.0850172 0.0233327 -165.402 0.0854386 0.996186 -0.0176989 -15.4763 -0.021739 0.0196235 0.999571 5.70789
0.996058 -0.0854187 0.0239316 -166.64 0.0858456 0.996156 -0.0174181 -15.5921 -0.0223518 0.0194038 0.999562 5.76221
0.995983 -0.0859752 0.0250241 -167.88 0.0864404 0.996092 -0.018141 -15.7025 -0.0233667 0.0202312 0.999522 5.81571
0.995955 -0.0861791 0.025431 -169.123 0.0866555 0.996071 -0.018261 -15.8064 -0.0237574 0.0203909 0.99951 5.85279
0.995983 -0.0861982 0.0242414 -170.341 0.0866566 0.996066 -0.0185383 -15.9138 -0.0225481 0.0205645 0.999534 5.89438
0.995947 -0.0871444 0.0222431 -171.576 0.0875826 0.995965 -0.0195545 -16.0203 -0.0204493 0.0214233 0.999561 5.95029
0.995918 -0.087708 0.0213428 -172.834 0.0881232 0.995921 -0.0193575 -16.1233 -0.019558 0.0211593 0.999585 6.0064
0.995878 -0.0880512 0.0217795 -174.063 0.0884718 0.995894 -0.0191682 -16.2217 -0.0200023 0.0210161 0.999579 6.07102
0.995837 -0.0880947 0.0234233 -175.292 0.0885362 0.995901 -0.018529 -16.3291 -0.021695 0.0205257 0.999554 6.12524
0.995711 -0.0884781 0.0270431 -176.548 0.0889809 0.995871 -0.0179888 -16.4376 -0.0253398 0.0203179 0.999472 6.18629
0.995664 -0.0886311 0.0282397 -177.788 0.0891479 0.995863 -0.0175961 -16.5436 -0.0265633 0.0200373 0.999446 6.22415
0.995768 -0.087878 0.0269105 -179.005 0.0883777 0.995925 -0.0179778 -16.6506 -0.025221 0.02028 0.999476 6.27571
0.995818 -0.0880166 0.0244789 -180.265 0.088479 0.995906 -0.0184952 -16.7564 -0.0227508 0.0205837 0.999529 6.34657
0.99585 -0.0880506 0.0230198 -181.516 0.0884859 0.995903 -0.0186268 -16.8638 -0.0212854 0.0205864 0.999561 6.41253
0.995831 -0.0881323 0.0235216 -182.74 0.0885711 0.995901 -0.0183152 -16.9782 -0.0218111 0.0203222 0.999556 6.46937
0.99573 -0.0887814 0.0252765 -183.995 0.0892623 0.995835 -0.018577 -17.0885 -0.0235219 0.0207539 0.999508 6.52486
0.995706 -0.0886624 0.0266006 -185.23 0.0891649 0.995848 -0.0183399 -17.196 -0.0248641 0.020633 0.999478 6.57068
0.995719 -0.0886246 0.0262684 -186.467 0.0891256 0.995848 -0.0185536 -17.3024 -0.024515 0.0208153 0.999483 6.61703
0.995776 -0.0886321 0.0239832 -187.715 0.0891552 0.995781 -0.0216991 -17.4111 -0.0219588 0.0237457 0.999477 6.69073
0.995872 -0.0879487 0.0224334 -188.956 0.0884679 0.995806 -0.0233052 -17.5348 -0.0202897 0.0251936 0.999477 6.7264
0.99599 -0.0866001 0.0224612 -190.197 0.0871486 0.995889 -0.0247098 -17.6682 -0.020229 0.0265682 0.999442 6.78185
0.996012 -0.0858691 0.0242017 -191.456 0.0865873 0.995781 -0.0303796 -17.768 -0.0214909 0.032354 0.999245 6.87091
0.99597 -0.0856634 0.0265609 -192.72 0.0864764 0.995767 -0.0311411 -17.8674 -0.0237808 0.0333125 0.999162 6.89483
0.996008 -0.0845889 0.0284945 -193.951 0.085415 0.995919 -0.0291405 -17.9819 -0.0259133 0.031458 0.999169 6.95077
0.99596 -0.0847157 0.0297836 -195.2 0.0855146 0.99598 -0.026654 -18.0742 -0.0274059 0.0290932 0.999201 7.04297
0.996004 -0.0842485 0.0296308 -196.44 0.0850494 0.996014 -0.0268937 -18.1792 -0.0272469 0.0293063 0.999199 7.10537
0.996097 -0.0836767 0.0281 -197.687 0.0844529 0.996043 -0.0276748 -18.287 -0.0256731 0.0299399 0.999222 7.15151
0.996228 -0.0824407 0.0270624 -198.938 0.0831955 0.996138 -0.0280607 -18.3914 -0.0246445 0.0302064 0.99924 7.2033
0.996276 -0.0817756 0.0273277 -200.197 0.0825298 0.996203 -0.0277135 -18.5045 -0.0249576 0.0298656 0.999242 7.25519
0.996269 -0.0815604 0.028199 -201.464 0.0823362 0.996224 -0.0275401 -18.6131 -0.0258463 0.0297592 0.999223 7.31122
0.996229 -0.0819313 0.0285603 -202.733 0.0827294 0.996179 -0.0279813 -18.7155 -0.0261586 0.0302386 0.9992 7.36577
0.996157 -0.0829546 0.0280904 -203.988 0.0837433 0.996089 -0.0281699 -18.8175 -0.0256437 0.0304141 0.999208 7.40445
0.996137 -0.0840056 0.0255803 -205.224 0.0847478 0.995967 -0.0294602 -18.9233 -0.0230023 0.0315142 0.999239 7.47548
0.996143 -0.0845335 0.0235352 -206.476 0.085338 0.995717 -0.0355814 -19.0336 -0.0204265 0.0374525 0.99909 7.58966
0.996046 -0.0850659 0.0256088 -207.742 0.0860707 0.995441 -0.0410902 -19.1341 -0.0219967 0.0431319 0.998827 7.65093
0.995977 -0.0853494 0.0273032 -208.998 0.0864449 0.995378 -0.0418346 -19.2503 -0.0236064 0.0440265 0.998751 7.67365
0.995979 -0.0853582 0.027209 -210.244 0.086456 0.995365 -0.0421083 -19.369 -0.0234886 0.0442914 0.998742 7.72451
0.995967 -0.0854658 0.0272957 -211.509 0.0865777 0.995336 -0.0425446 -19.4808 -0.0235323 0.0447362 0.998722 7.77564
0.995948 -0.0852946 0.0285175 -212.776 0.0864753 0.995321 -0.0431096 -19.5894 -0.0247071 0.0454009 0.998663 7.85121
0.995925 -0.0852446 0.0294562 -214.048 0.0864624 0.995331 -0.0428909 -19.6978 -0.0256625 0.0452629 0.998645 7.91155
0.995932 -0.0854388 0.0286431 -215.299 0.0866384 0.995283 -0.0436453 -19.819 -0.024779 0.0459493 0.998636 7.98323
0.995907 -0.0857271 0.0286219 -216.565 0.0869241 0.995261 -0.0435838 -19.9076 -0.02475 0.0458934 0.99864 8.03748
0.995972 -0.0850008 0.0285495 -217.82 0.0861611 0.995386 -0.0422213 -20.0244 -0.024829 0.0445111 0.9987 8.10896
0.996067 -0.0837129 0.0290382 -219.085 0.0848699 0.99554 -0.0412076 -20.1558 -0.025459 0.04351 0.998729 8.17893
0.996109 -0.083078 0.0294173 -220.343 0.0842506 0.995594 -0.0411589 -20.2681 -0.0258683 0.0434772 0.998719 8.23716
0.996152 -0.0826585 0.0291449 -221.601 0.0838306 0.995611 -0.0415962 -20.3737 -0.0255787 0.0438794 0.998709 8.28837
0.996131 -0.0829421 0.029044 -222.867 0.0841516 0.995514 -0.043247 -20.4457 -0.0253267 0.0455238 0.998642 8.3727
0.996201 -0.0817143 0.0301195 -224.105 0.0830449 0.995486 -0.0459476 -20.5571 -0.0262289 0.0482743 0.99849 8.44506
0.996261 -0.08025 0.0320121 -225.319 0.0816764 0.995594 -0.046066 -20.6746 -0.0281743 0.0485084 0.998425 8.49467
0.996347 -0.0787431 0.0330411 -226.545 0.0801933 0.995757 -0.0451363 -20.7773 -0.0293467 0.0476211 0.998434 8.57448
0.996554 -0.0771197 0.0305387 -227.788 0.0784703 0.995863 -0.045818 -20.8711 -0.0268789 0.0480565 0.998483 8.63751
0.996836 -0.07605 0.023134 -229.017 0.0771575 0.995688 -0.0514947 -20.9615 -0.019118 0.0531168 0.998405 8.68997
0.997123 -0.0741123 0.0159402 -230.244 0.0748838 0.995675 -0.0549916 -21.0825 -0.0117957 0.056027 0.99836 8.71897
0.997297 -0.0718559 0.0153264 -231.477 0.0726149 0.99575 -0.0566411 -21.1843 -0.0111913 0.0576009 0.998277 8.77289
0.997343 -0.0707459 0.0173945 -232.702 0.0715955 0.99595 -0.0543768 -21.2479 -0.0134771 0.0554776 0.998369 8.80393
0.997361 -0.0702436 0.0183267 -233.915 0.0710988 0.996157 -0.0511573 -21.3155 -0.0146628 0.0523253 0.998522 8.85918
0.997398 -0.0699643 0.0173838 -235.123 0.0706873 0.996474 -0.0452044 -21.3959 -0.0141598 0.0463156 0.998826 8.91178
0.997454 -0.0696426 0.0153396 -236.337 0.0702372 0.996628 -0.0424104 -21.4927 -0.0123343 0.0433799 0.998983 8.9828
0.997529 -0.0686622 0.0148719 -237.543 0.0692371 0.996699 -0.0423989 -21.5794 -0.0119116 0.0433238 0.99899 9.03046
0.997529 -0.0680764 0.0173773 -238.766 0.0687867 0.996651 -0.0442121 -21.6622 -0.0143094 0.0452982 0.998871 9.06416
0.99751 -0.0677634 0.0195287 -239.995 0.0685774 0.99665 -0.0445633 -21.7297 -0.0164435 0.0457916 0.998816 9.10014
0.997488 -0.0679489 0.0200073 -241.22 0.0687603 0.996701 -0.0431236 -21.8096 -0.0170111 0.044391 0.998869 9.14537
0.99749 -0.0685498 0.0177447 -242.431 0.0692074 0.996818 -0.0395623 -21.8975 -0.0149762 0.040691 0.99906 9.22216
0.997459 -0.069504 0.0156674 -243.632 0.0700619 0.996802 -0.0384375 -21.9812 -0.0129457 0.0394375 0.999138 9.28798
0.997394 -0.0702874 0.0162652 -244.853 0.0708744 0.996727 -0.0388736 -22.0681 -0.0134797 0.0399251 0.999112 9.32826
0.997329 -0.0708456 0.0177953 -246.085 0.0715225 0.996603 -0.0408224 -22.1603 -0.0148428 0.0419862 0.999008 9.36249
0.997276 -0.0713205 0.0188188 -247.304 0.0721085 0.996373 -0.045177 -22.2438 -0.0155285 0.0464109 0.998802 9.42175
0.997206 -0.0721482 0.0193778 -248.513 0.0730295 0.996103 -0.0494581 -22.3291 -0.015734 0.050735 0.998588 9.47426
0.997203 -0.071773 0.0208731 -249.708 0.0727864 0.995954 -0.0527102 -22.429 -0.0170055 0.0540821 0.998392 9.50378
0.997273 -0.0704164 0.0221069 -250.915 0.0714934 0.996062 -0.052442 -22.5352 -0.0183271 0.0538795 0.998379 9.5485
0.99729 -0.0700118 0.0226187 -252.159 0.0710929 0.996156 -0.0511746 -22.6216 -0.018949 0.0526439 0.998434 9.61092
0.997231 -0.0709336 0.022319 -253.365 0.0719641 0.996185 -0.0493709 -22.692 -0.0187318 0.0508404 0.998531 9.67985
0.99702 -0.0738494 0.022298 -254.567 0.0748472 0.996047 -0.0478379 -22.7679 -0.018677 0.0493642 0.998606 9.74531
0.996878 -0.0760635 0.0211659 -255.782 0.076972 0.995969 -0.0460564 -22.8445 -0.0175774 0.0475418 0.998715 9.81664
0.996744 -0.0781888 0.0197009 -257.016 0.0789857 0.995923 -0.0435747 -22.9376 -0.0162135 0.0449889 0.998856 9.86241
0.996624 -0.07973 0.0195781 -258.22 0.0804608 0.995958 -0.0399143 -23.0483 -0.0163166 0.0413548 0.999011 9.89201
0.996454 -0.0817192 0.0200199 -259.433 0.0823678 0.99602 -0.034056 -23.1356 -0.0171572 0.0355842 0.999219 9.94256
0.996341 -0.0832352 0.0193887 -260.653 0.0837758 0.996063 -0.0289701 -23.2203 -0.0169011 0.0304884 0.999392 10.0131
0.996256 -0.0842441 0.0194097 -261.895 0.0847722 0.996001 -0.028212 -23.3202 -0.0169553 0.0297518 0.999414 10.088
0.99612 -0.0856149 0.0203683 -263.106 0.0861779 0.99587 -0.0285842 -23.4402 -0.017837 0.0302286 0.999384 10.1405
0.996085 -0.0857401 0.02154 -264.296 0.0863495 0.995838 -0.0291599 -23.54 -0.0189502 0.0309057 0.999343 10.1819
0.996099 -0.0852244 0.0228719 -265.494 0.0859017 0.995837 -0.0304741 -23.6498 -0.0201796 0.03232 0.999274 10.2357
0.996053 -0.0854569 0.0240023 -266.717 0.0861904 0.995784 -0.0313971 -23.7498 -0.021218 0.033342 0.999219 10.2881
0.996058 -0.0856248 0.0231604 -267.901 0.0863445 0.995748 -0.0320996 -23.852 -0.0203134 0.0339729 0.999216 10.328
0.99618 -0.0845858 0.0216896 -269.086 0.0852754 0.995807 -0.0331278 -23.9585 -0.0187965 0.0348509 0.999216 10.3813
0.996286 -0.0833682 0.0215308 -270.282 0.0840331 0.995946 -0.0320824 -24.0581 -0.0187688 0.0337725 0.999253 10.4211
0.996391 -0.0823363 0.0206106 -271.463 0.0829436 0.996085 -0.0305862 -24.1387 -0.0180116 0.0321853 0.99932 10.5049
0.996547 -0.0804593 0.0205203 -272.646 0.0810501 0.996264 -0.0297987 -24.2295 -0.0180461 0.031359 0.999345 10.5751
0.996699 -0.078786 0.0195888 -273.84 0.079335 0.996425 -0.0290374 -24.325 -0.0172311 0.0304957 0.999386 10.6234
0.996804 -0.0779141 0.0176563 -275.034 0.0783835 0.996539 -0.0276704 -24.4205 -0.0154392 0.0289659 0.999461 10.6931
0.996924 -0.0764699 0.0171549 -276.234 0.0769164 0.99667 -0.0270785 -24.5143 -0.0150271 0.0283147 0.999486 10.7512
