1 0 0 0 0 1 0 0 0 0 1 0
1 -4.36073e-05 6.67487e-05 0.00101144 4.36079e-05 1 -9.51091e-06 0.00243032 -6.67483e-05 9.51382e-06 1 -0.00193725
1 4.29521e-05 1.63877e-05 0.00596156 -4.29525e-05 1 2.28577e-05 -0.000279702 -1.63868e-05 -2.28584e-05 1 -0.00270931
1 0.000125623 -1.2327e-05 0.00802597 -0.000125623 1 -1.77415e-06 -0.00529601 1.23268e-05 1.7757e-06 1 7.235e-06
1 -1.16438e-05 3.24204e-05 -0.00443383 1.16443e-05 1 -1.73449e-05 -0.00378622 -3.24202e-05 1.73452e-05 1 -0.000612072
1 8.4667e-06 9.88051e-06 -0.0054055 -8.46655e-06 1 -1.58889e-05 -0.00273068 -9.88064e-06 1.58888e-05 1 -7.08704e-06
1 5.78738e-05 -2.83109e-05 -0.00445481 -5.78753e-05 1 -5.0571e-05 -0.000269749 2.83079e-05 5.05726e-05 1 0.00210381
1 3.48631e-05 -2.10076e-05 0.00153821 -3.48628e-05 1 1.6751e-05 -0.00119504 2.10081e-05 -1.67503e-05 1 -0.00109659
1 4.40865e-05 -1.52947e-05 0.00379899 -4.40864e-05 1 8.72402e-06 -0.00308385 1.52951e-05 -8.72334e-06 1 -0.000868995
1 2.09086e-06 -2.02885e-05 -0.000379396 -2.09037e-06 1 2.4011e-05 -0.00026618 2.02886e-05 -2.4011e-05 1 -0.000998032
1 4.66219e-05 -3.54662e-06 -0.00130031 -4.66217e-05 1 5.85742e-05 -0.00443284 3.54935e-06 -5.8574e-05 1 -0.00177141
1 8.18253e-05 1.48543e-05 0.000921498 -8.18245e-05 1 -5.41601e-05 -0.00262485 -1.48588e-05 5.41589e-05 1 0.000355179
1 4.4821e-06 -3.59964e-06 0.00192965 -4.48205e-06 1 1.48902e-05 -0.000479743 3.59971e-06 -1.48902e-05 1 -0.000442836
1 3.94193e-05 -2.3276e-05 0.00248455 -3.94195e-05 1 -9.31621e-06 0.000933001 2.32757e-05 9.31713e-06 1 -7.61233e-05
1 -2.01117e-07 -2.64706e-05 -0.000952337 2.01602e-07 1 1.83273e-05 0.00110892 2.64706e-05 -1.83273e-05 1 -0.000408602
1 2.16026e-06 -2.23753e-05 0.00203196 -2.1611e-06 1 -3.75657e-05 0.0014766 2.23753e-05 3.75657e-05 1 0.000833253
1 -1.22576e-06 4.24368e-06 -0.000127524 1.22588e-06 1 -2.77881e-05 0.00197046 -4.24365e-06 2.77881e-05 1 0.000424381
1 2.46825e-05 7.11408e-06 0.00147166 -2.46826e-05 1 1.9667e-05 -0.00098891 -7.11359e-06 -1.96672e-05 1 -0.00141677
1 4.29731e-05 1.69182e-07 0.00239221 -4.29731e-05 1 4.71718e-05 -0.00313908 -1.67155e-07 -4.71719e-05 1 -0.000942596
1 -4.07447e-05 -7.99553e-06 -0.00254591 4.07446e-05 1 -1.56707e-05 0.00253413 7.99617e-06 1.56703e-05 1 0.00101863
1 3.14661e-05 5.36958e-06 -0.00016686 -3.14661e-05 1 2.23253e-06 -0.00032918 -5.36951e-06 -2.2327e-06 1 -3.26651e-05
1 5.3313e-05 3.20632e-05 -0.001513 -5.33117e-05 1 -4.28482e-05 -0.00132222 -3.20655e-05 4.28464e-05 1 -0.000488833
1 5.35916e-05 2.72734e-06 0.00433445 -5.35916e-05 1 -5.23669e-06 -0.00188661 -2.72762e-06 5.23655e-06 1 0.000117289
1 4.5119e-05 -6.98977e-06 0.000952511 -4.51191e-05 1 -2.01725e-05 -0.000792475 6.98886e-06 2.01728e-05 1 0.000240414
1 0.000107006 -3.77438e-05 0.00601215 -0.000107006 1 1.17345e-05 -0.00206995 3.77451e-05 -1.17305e-05 1 0.000529126
1 0.000128452 -5.32999e-05 0.00576829 -0.000128451 1 1.59097e-05 -0.00826711 5.3302e-05 -1.59029e-05 1 0.000729029
1 5.61772e-05 -3.52214e-05 -0.000799369 -5.61775e-05 1 -8.32988e-06 -0.0042567 3.5221e-05 8.33186e-06 1 0.00150031
1 3.06633e-05 1.04255e-05 -0.00179423 -3.0663e-05 1 -2.88029e-05 -0.00313549 -1.04264e-05 2.88026e-05 1 9.43823e-05
1 3.18792e-05 -8.45136e-06 -0.00156212 -3.1879e-05 1 2.16084e-05 -0.00556504 8.45205e-06 -2.16082e-05 1 -0.00107902
1 9.7559e-05 -3.94446e-05 0.00663664 -9.75593e-05 1 -6.92061e-06 -0.00513368 3.9444e-05 6.92446e-06 1 -0.00098512
1 8.48481e-05 -1.4436e-05 0.00394163 -8.48482e-05 1 -1.14242e-05 -0.00363278 1.44351e-05 1.14255e-05 1 -0.00072452
1 9.76266e-05 -7.12455e-06 -0.000498633 -9.76269e-05 1 -3.53027e-05 -0.0012059 7.1211e-06 3.53034e-05 1 0.000806668
1 3.50032e-05 1.66919e-05 0.00425644 -3.50032e-05 1 5.85242e-07 0.00377481 -1.66919e-05 -5.85826e-07 1 -0.0012703
1 3.74766e-05 -6.47711e-06 0.00345497 -3.74766e-05 1 2.18245e-06 -0.000855398 6.47719e-06 -2.18221e-06 1 -0.000990124
1 7.00004e-05 -1.81676e-05 -0.000676555 -7.00003e-05 1 9.3932e-06 -0.00495657 1.81682e-05 -9.39193e-06 1 0.00047748
1 0.00010123 -1.74615e-05 0.00426113 -0.00010123 1 1.35575e-05 -0.00243537 1.74629e-05 -1.35557e-05 1 -0.00043781
1 6.35053e-05 -2.57162e-05 0.000896914 -6.35053e-05 1 -4.21756e-07 -0.00269201 2.57162e-05 4.23389e-07 1 0.000701321
1 5.6379e-05 -4.65617e-05 0.00127599 -5.63784e-05 1 1.29101e-05 -0.00409236 4.65624e-05 -1.29075e-05 1 0.0015373
1 2.4032e-07 -2.68085e-05 0.00374571 -2.40633e-07 1 -1.16755e-05 0.000108543 2.68085e-05 1.16755e-05 1 -8.51237e-05
1 4.28051e-05 -1.11551e-05 0.00923627 -4.28055e-05 1 -3.58166e-05 -0.000647961 1.11536e-05 3.58171e-05 1 9.51459e-05
1 0.000153175 -4.6412e-05 0.0202845 -0.000153174 1 3.52612e-05 -0.00340847 4.64174e-05 -3.52541e-05 1 0.00124386
1 0.000321673 -3.41205e-05 0.0304269 -0.000321674 1 -4.71544e-05 -0.00329502 3.41054e-05 4.71654e-05 1 0.00552276
1 0.000145279 3.98693e-05 0.0190319 -0.000145274 1 -0.000134422 -0.00260467 -3.98889e-05 0.000134417 1 0.00521253
1 0.000224343 6.90395e-05 0.00310439 -0.000224334 1 -0.000123575 -0.012179 -6.90672e-05 0.00012356 1 0.00395802
1 0.000153206 5.88658e-05 -0.0188128 -0.0001532 1 -9.3654e-05 -0.00825712 -5.88802e-05 9.3645e-05 1 0.00395329
1 5.73179e-05 3.86914e-05 -0.0305816 -5.73161e-05 1 -4.65237e-05 -0.00453469 -3.86941e-05 4.65215e-05 1 0.00235149
1 3.22142e-05 3.72827e-05 -0.0424447 -3.22144e-05 1 6.35467e-06 -0.00615506 -3.72825e-05 -6.35587e-06 1 0.00315809
1 -7.39969e-05 0.000137394 -0.0700804 7.40081e-05 1 -8.16305e-05 -0.00880802 -0.000137388 8.16407e-05 1 0.00276925
1 -2.54889e-05 0.000171603 -0.0917918 2.55209e-05 1 -0.000186961 -0.00935971 -0.000171598 0.000186966 1 0.00462766
1 1.19253e-05 0.00018542 -0.124676 -1.18841e-05 1 -0.000222187 -0.0147609 -0.000185423 0.000222184 1 0.00833341
1 7.29298e-05 0.000219136 -0.153161 -7.28884e-05 1 -0.000188928 -0.0203952 -0.00021915 0.000188912 1 0.0105838
1 -0.00019066 0.00031346 -0.195029 0.00019073 1 -0.000223721 -0.0205181 -0.000313417 0.00022378 1 0.0113438
1 -0.000453981 0.000455681 -0.253714 0.000454126 1 -0.000319138 -0.0199361 -0.000455536 0.000319345 1 0.012552
0.999999 -0.00110706 0.000724812 -0.330214 0.00110737 0.999999 -0.00041905 -0.0156698 -0.000724347 0.000419852 1 0.0138801
0.999998 -0.00167517 0.000854697 -0.398407 0.00167563 0.999998 -0.000536619 -0.00446401 -0.000853797 0.000538051 0.999999 0.0162889
0.999997 -0.00217862 0.000939965 -0.46097 0.00217915 0.999997 -0.00057197 0.000246892 -0.000938716 0.000574016 0.999999 0.0205503
0.999997 -0.00217816 0.00105723 -0.514182 0.00217892 0.999997 -0.000712145 -0.00651295 -0.00105568 0.000714446 0.999999 0.0257985
0.999996 -0.00254373 0.00119434 -0.60717 0.00254445 0.999997 -0.000605939 -0.0163602 -0.00119279 0.000608976 0.999999 0.025282
0.999994 -0.00329606 0.00134626 -0.711866 0.00329691 0.999994 -0.000625043 -0.0222144 -0.0013442 0.000629478 0.999999 0.0283194
0.999989 -0.00434548 0.00151189 -0.830385 0.00434659 0.99999 -0.000731001 -0.00900631 -0.0015087 0.000737565 0.999999 0.0318255
0.999987 -0.0047842 0.00177967 -0.926818 0.0047857 0.999988 -0.000839575 -0.0160115 -0.00177563 0.000848081 0.999998 0.0340985
0.999984 -0.00535212 0.00198231 -1.04087 0.0053538 0.999985 -0.0008406 -0.0152407 -0.00197778 0.000851199 0.999998 0.0370829
0.999979 -0.00619142 0.00211032 -1.17688 0.00619376 0.99998 -0.00110056 -0.0185932 -0.00210347 0.00111361 0.999997 0.0425777
0.999971 -0.00724054 0.00222839 -1.31819 0.00724353 0.999973 -0.00133366 -0.0327664 -0.00221868 0.00134976 0.999997 0.040792
0.999961 -0.00852406 0.00208603 -1.47712 0.00852628 0.999963 -0.00106029 -0.0426492 -0.00207691 0.00107804 0.999997 0.047842
0.999954 -0.0093657 0.002115 -1.64292 0.00936797 0.999956 -0.00106954 -0.0459744 -0.00210489 0.00108931 0.999997 0.0506732
0.999945 -0.0103126 0.00212125 -1.81681 0.0103154 0.999946 -0.00131129 -0.0339386 -0.00210761 0.0013331 0.999997 0.0528932
0.999942 -0.0106295 0.00191508 -1.98877 0.0106322 0.999942 -0.00140764 -0.0407939 -0.0019 0.00142792 0.999997 0.052057
0.999935 -0.0112847 0.00179298 -2.18922 0.011287 0.999935 -0.00127822 -0.0355816 -0.00177844 0.00129837 0.999998 0.0606157
0.999934 -0.0113354 0.00173429 -2.36742 0.0113374 0.999935 -0.00110511 -0.0468064 -0.00172165 0.0011247 0.999998 0.0663847
0.999929 -0.0117221 0.00193476 -2.57167 0.0117244 0.999931 -0.0011602 -0.0469769 -0.00192103 0.0011828 0.999997 0.0732044
0.999926 -0.0120028 0.00196007 -2.77649 0.0120057 0.999927 -0.00147894 -0.0400811 -0.00194218 0.00150236 0.999997 0.0839224
0.999919 -0.0125443 0.00192754 -2.98957 0.0125463 0.999921 -0.0010493 -0.0432558 -0.00191422 0.00107339 0.999998 0.0796945
0.999901 -0.0139542 0.00204381 -3.22746 0.0139555 0.999902 -0.00064513 -0.0418725 -0.00203461 0.000673588 0.999998 0.0695508
0.999896 -0.0142403 0.0024471 -3.45517 0.0142427 0.999898 -0.000948992 -0.0477328 -0.00243334 0.000983746 0.999997 0.0706194
0.999891 -0.0145378 0.00270497 -3.69406 0.0145409 0.999894 -0.00111942 -0.0616887 -0.00268841 0.00115863 0.999996 0.0854997
0.999883 -0.0150023 0.0029215 -3.95224 0.0150062 0.999887 -0.00131856 -0.0763782 -0.00290139 0.00136224 0.999995 0.0981223
0.999867 -0.0159659 0.00321961 -4.22179 0.0159702 0.999872 -0.0013156 -0.0856871 -0.00319819 0.00136684 0.999994 0.106998
0.999861 -0.0163761 0.00327101 -4.49683 0.0163802 0.999865 -0.00122001 -0.0778287 -0.00325059 0.00127342 0.999994 0.109981
0.999852 -0.0168533 0.0034979 -4.77579 0.0168587 0.999857 -0.00151434 -0.0931096 -0.00347188 0.00157309 0.999993 0.123137
0.999846 -0.0171452 0.00370094 -5.06595 0.0171528 0.999851 -0.00205027 -0.100194 -0.00366524 0.00211344 0.999991 0.141898
0.999823 -0.0184422 0.00378057 -5.37625 0.0184511 0.999827 -0.00234696 -0.0872359 -0.00373663 0.0024163 0.99999 0.134093
0.999806 -0.0193298 0.00388668 -5.6933 0.0193393 0.99981 -0.00240965 -0.0922836 -0.00383936 0.00248435 0.99999 0.136935
0.999794 -0.0197016 0.00482571 -6.01333 0.0197154 0.999802 -0.00284195 -0.120616 -0.00476876 0.00293651 0.999984 0.152587
0.999776 -0.020457 0.00542601 -6.34342 0.0204738 0.999786 -0.00305939 -0.129158 -0.00536226 0.00316979 0.999981 0.169307
0.999766 -0.0208988 0.00557928 -6.69783 0.0209188 0.999775 -0.003549 -0.127388 -0.00550386 0.00366489 0.999978 0.176455
0.999746 -0.0218902 0.00531387 -7.05425 0.0219072 0.999755 -0.00316137 -0.127678 -0.00524337 0.00327698 0.999981 0.175679
0.999737 -0.0224896 0.00454401 -7.42737 0.0225011 0.999744 -0.00248444 -0.135644 -0.00448697 0.00258604 0.999987 0.18292
0.999719 -0.0234059 0.00381713 -7.77856 0.0234139 0.999724 -0.00206415 -0.150244 -0.00376776 0.00215295 0.999991 0.20099
0.999697 -0.0242801 0.00393986 -8.1618 0.0242891 0.999702 -0.002256 -0.162159 -0.00388391 0.00235102 0.99999 0.213695
0.999675 -0.0251844 0.00392114 -8.55798 0.0251928 0.99968 -0.00211514 -0.189203 -0.00386662 0.00221324 0.99999 0.204267
0.999643 -0.0263919 0.00406174 -8.9837 0.0264026 0.999648 -0.00260113 -0.191077 -0.00399166 0.00270744 0.999988 0.215566
0.999612 -0.0275467 0.00413525 -9.37565 0.0275555 0.999618 -0.00209475 -0.187022 -0.00407597 0.00220789 0.999989 0.233925
0.999587 -0.0284634 0.00407736 -9.7667 0.0284698 0.999594 -0.00150895 -0.200497 -0.00403275 0.00162441 0.999991 0.259645
0.999535 -0.0301845 0.00423586 -10.2136 0.0301917 0.999543 -0.00164541 -0.227647 -0.00418425 0.00177253 0.99999 0.268024
0.999494 -0.0314567 0.00475538 -10.6368 0.0314648 0.999504 -0.00162745 -0.242701 -0.00470183 0.00177626 0.999987 0.256166
0.999446 -0.032859 0.00528349 -11.0845 0.0328681 0.999458 -0.00165605 -0.256141 -0.00522621 0.00182879 0.999985 0.26754
0.999396 -0.0343334 0.00540919 -11.5345 0.0343434 0.999409 -0.00177495 -0.269955 -0.00534505 0.00195965 0.999984 0.294548
0.999325 -0.036294 0.00564038 -12.0311 0.0363051 0.999339 -0.00189336 -0.296542 -0.00556793 0.00209686 0.999982 0.312764
0.999251 -0.0382193 0.0060617 -12.5175 0.0382354 0.999265 -0.00255594 -0.31837 -0.00595956 0.00278579 0.999978 0.321379
0.999176 -0.0400874 0.00633127 -13.0017 0.0401044 0.999192 -0.00257877 -0.348513 -0.00622278 0.00283056 0.999977 0.328273
0.999066 -0.0427545 0.00625945 -13.51 0.0427707 0.999082 -0.00247677 -0.354481 -0.00614781 0.00274218 0.999977 0.342565
0.998979 -0.0447631 0.00613112 -14.0125 0.0447751 0.998995 -0.00183977 -0.370725 -0.00604261 0.00211241 0.99998 0.351225
0.998884 -0.0468899 0.00573815 -14.543 0.0468981 0.998899 -0.00130184 -0.38365 -0.00567079 0.0015695 0.999983 0.376389
0.99879 -0.0488297 0.005844 -15.0579 0.0488384 0.998806 -0.0013449 -0.426936 -0.00577135 0.00162869 0.999982 0.399811
0.998697 -0.0506598 0.0061414 -15.6004 0.05067 0.998714 -0.00150628 -0.459978 -0.00605719 0.0018155 0.99998 0.413231
0.998579 -0.0529131 0.00628376 -16.1659 0.0529289 0.998595 -0.00238373 -0.505308 -0.0061488 0.00271294 0.999977 0.432036
0.998417 -0.0558452 0.0067165 -16.7359 0.055865 0.998434 -0.00279321 -0.529096 -0.00654999 0.00316401 0.999974 0.43639
0.998272 -0.0582704 0.00761826 -17.2811 0.0582944 0.998295 -0.00297232 -0.566434 -0.00743207 0.00341128 0.999967 0.444787
0.998124 -0.0607286 0.00783847 -17.8289 0.0607516 0.998149 -0.00273543 -0.605486 -0.00765784 0.00320649 0.999966 0.476062
0.997945 -0.0636225 0.00758109 -18.3983 0.0636326 0.997973 -0.00108793 -0.63386 -0.0074965 0.0015681 0.999971 0.504369
0.997776 -0.06616 0.00809809 -18.9881 0.0661627 0.997809 -6.72211e-05 -0.683691 -0.00807589 0.000602863 0.999967 0.522293
0.997652 -0.0679698 0.00838156 -19.5927 0.0679838 0.997685 -0.00139755 -0.731783 -0.00826717 0.00196407 0.999964 0.527075
0.997471 -0.0705713 0.00849735 -20.2217 0.0705969 0.997501 -0.00275562 -0.769454 -0.00828165 0.00334854 0.99996 0.537021
0.997355 -0.0721286 0.00899501 -20.814 0.072152 0.997391 -0.00231467 -0.819711 -0.00880459 0.00295755 0.999957 0.539005
0.997242 -0.0737073 0.00868418 -21.452 0.0737266 0.997277 -0.00192412 -0.865168 -0.00851871 0.00255906 0.99996 0.559864
0.997088 -0.0757939 0.00840517 -22.1145 0.0758114 0.997121 -0.00178363 -0.901574 -0.00824578 0.00241564 0.999963 0.591385
0.997011 -0.0767825 0.00855704 -22.7372 0.0768006 0.997045 -0.00179621 -0.954018 -0.00839383 0.00244803 0.999962 0.608005
0.996937 -0.0777294 0.00865843 -23.3629 0.0777559 0.996969 -0.0027715 -1.01206 -0.00841675 0.00343626 0.999959 0.616542
0.996849 -0.0788445 0.00865397 -24.0106 0.0788786 0.996877 -0.00367086 -1.07312 -0.00833752 0.00434191 0.999956 0.632852
0.99679 -0.0795836 0.00874984 -24.6964 0.0796206 0.996817 -0.00396719 -1.12239 -0.00840627 0.00465112 0.999954 0.653395
0.99671 -0.0806378 0.00821987 -25.3586 0.0806647 0.996737 -0.00300322 -1.16923 -0.00795087 0.0036564 0.999962 0.671897
0.996613 -0.0818451 0.00800145 -26.0345 0.0818711 0.996638 -0.00297601 -1.217 -0.00773098 0.00362102 0.999964 0.700434
0.996547 -0.0826572 0.00781813 -26.7092 0.0826823 0.996572 -0.00294109 -1.26885 -0.00754823 0.00357736 0.999965 0.720151
0.996497 -0.0833043 0.00734363 -27.3938 0.0833303 0.996516 -0.00330831 -1.3282 -0.00704245 0.00390867 0.999968 0.74279
0.996424 -0.0840728 0.00845356 -28.112 0.0841129 0.996446 -0.00450824 -1.3905 -0.0080445 0.00520317 0.999954 0.779527
0.996341 -0.0848897 0.00996427 -28.8085 0.0849437 0.996373 -0.00512144 -1.45153 -0.00949337 0.0059491 0.999937 0.791536
0.996249 -0.0858919 0.0105351 -29.5034 0.0859527 0.996284 -0.0054637 -1.51554 -0.0100267 0.00634873 0.99993 0.817885
0.996259 -0.0857902 0.0103629 -30.2236 0.085853 0.996291 -0.00577293 -1.57924 -0.00982922 0.00664103 0.99993 0.833835
0.996393 -0.0842315 0.0102997 -30.9669 0.0842971 0.996422 -0.00610424 -1.65162 -0.00974872 0.00695046 0.999928 0.845417
0.996564 -0.082234 0.00992451 -31.7304 0.0823022 0.996585 -0.00667273 -1.72754 -0.00934189 0.00746661 0.999928 0.855074
0.996747 -0.0799741 0.010018 -32.4679 0.0800472 0.996766 -0.00711959 -1.78816 -0.00941619 0.00789834 0.999924 0.879479
0.996897 -0.0779943 0.0106616 -33.2071 0.0780739 0.996921 -0.00726371 -1.84824 -0.0100623 0.00807356 0.999917 0.909954
0.99703 -0.0762209 0.011069 -33.9614 0.0762988 0.997062 -0.00679605 -1.89562 -0.0105184 0.00762042 0.999916 0.931368
0.997164 -0.074476 0.0108596 -34.7181 0.0745609 0.997187 -0.00763273 -1.94158 -0.0102606 0.00842078 0.999912 0.963073
0.997361 -0.0719012 0.0100438 -35.513 0.0719827 0.997374 -0.00800812 -1.99925 -0.0094416 0.00870996 0.999917 0.966248
0.997578 -0.0689653 0.00904506 -36.2954 0.0690439 0.997576 -0.00868043 -2.05581 -0.00842449 0.00928391 0.999921 0.985464
0.997766 -0.06623 0.00878938 -37.0839 0.0663029 0.997765 -0.00827829 -2.09454 -0.00822147 0.00884255 0.999927 1.01326
0.997929 -0.0635803 0.00972083 -37.8641 0.0636637 0.997935 -0.00853017 -2.12798 -0.00915841 0.00913137 0.999916 1.05728
0.998099 -0.0604484 0.0119894 -38.6605 0.0605591 0.998123 -0.00909801 -2.17288 -0.0114169 0.00980678 0.999887 1.09186
0.998271 -0.057221 0.0134148 -39.466 0.0573395 0.998318 -0.00862046 -2.2283 -0.012899 0.00937475 0.999873 1.10806
0.998434 -0.0543044 0.0134143 -40.2795 0.0544318 0.998474 -0.00931979 -2.26232 -0.0128877 0.0100354 0.999867 1.14787
0.998581 -0.0516528 0.0129327 -41.1236 0.0517675 0.998621 -0.00869073 -2.29522 -0.012466 0.0093479 0.999879 1.17803
0.998761 -0.0482007 0.0123868 -41.9572 0.0483033 0.9988 -0.00812503 -2.32341 -0.0119803 0.00871328 0.99989 1.20461
0.998916 -0.0447002 0.0129611 -42.7928 0.0448116 0.99896 -0.00843672 -2.35664 -0.0125705 0.00900839 0.99988 1.24025
0.999045 -0.0412527 0.0143972 -43.617 0.0413737 0.99911 -0.00820915 -2.40289 -0.0140457 0.00879698 0.999863 1.27734
0.999121 -0.0386545 0.0162262 -44.4628 0.038769 0.999225 -0.00679952 -2.43081 -0.0159508 0.00742262 0.999845 1.29468
0.999218 -0.0357627 0.016859 -45.3237 0.0358569 0.999343 -0.00531729 -2.43843 -0.0166578 0.00591765 0.999844 1.33419
0.999342 -0.0321734 0.0167561 -46.1879 0.0322539 0.999469 -0.00455462 -2.45362 -0.0166007 0.00509207 0.999849 1.3695
0.999466 -0.0289081 0.0152283 -47.0434 0.0289742 0.999572 -0.00413631 -2.47536 -0.0151022 0.00457533 0.999875 1.40675
0.999555 -0.0261819 0.0142645 -47.9195 0.0262346 0.99965 -0.0035226 -2.50536 -0.0141673 0.00389525 0.999892 1.4362
0.999635 -0.0228967 0.0143054 -48.8025 0.0229364 0.999734 -0.00261372 -2.51403 -0.0142417 0.00294088 0.999894 1.46973
0.999699 -0.0196059 0.0147239 -49.6749 0.0196408 0.999805 -0.00222906 -2.52958 -0.0146773 0.00251758 0.999889 1.49282
0.999746 -0.0163501 0.0154941 -50.5667 0.0164041 0.99986 -0.00336338 -2.5443 -0.0154369 0.00361669 0.999874 1.53076
0.999785 -0.0131046 0.0160499 -51.4649 0.0131568 0.999908 -0.00315219 -2.55718 -0.0160071 0.00336268 0.999866 1.55466
0.999826 -0.00939958 0.0160822 -52.385 0.00944426 0.999952 -0.0027044 -2.56387 -0.016056 0.00285582 0.999867 1.58429
0.999854 -0.00620184 0.0159338 -53.298 0.00624356 0.999977 -0.00256984 -2.5662 -0.0159175 0.00266895 0.99987 1.62189
0.999863 -0.00315501 0.0162711 -54.217 0.00318922 0.999993 -0.00207695 -2.55862 -0.0162644 0.00212856 0.999865 1.65104
0.999871 -0.00162702 0.0160078 -55.125 0.00163505 0.999999 -0.000488332 -2.54289 -0.0160069 0.000514443 0.999872 1.68625
0.999881 -0.00128485 0.0153446 -56.0675 0.00127055 0.999999 0.000941628 -2.54151 -0.0153458 -0.00092202 0.999882 1.73036
0.999892 -0.000995274 0.0146601 -57.0024 0.000974791 0.999999 0.00140424 -2.53473 -0.0146615 -0.00138979 0.999892 1.77119
0.999891 -0.000846005 0.0147659 -57.9417 0.000826015 0.999999 0.00135987 -2.53172 -0.0147671 -0.00134752 0.99989 1.80137
0.999883 -0.00148613 0.0151938 -58.8805 0.00147451 0.999999 0.000776138 -2.54942 -0.0151949 -0.000753644 0.999884 1.83345
0.999875 -0.00225247 0.0156205 -59.8375 0.00225196 0.999997 4.98956e-05 -2.56683 -0.0156206 -1.47126e-05 0.999878 1.87234
0.999866 -0.0032372 0.0160303 -60.7998 0.00326495 0.999993 -0.00170469 -2.56404 -0.0160247 0.0017568 0.99987 1.90281
0.999852 -0.00343966 0.0168831 -61.7649 0.00349657 0.999988 -0.00334261 -2.58352 -0.0168715 0.00340115 0.999852 1.93054
0.999839 -0.00363873 0.0175857 -62.7461 0.00371834 0.999983 -0.00449638 -2.60374 -0.0175691 0.00456104 0.999835 1.96402
0.999829 -0.00387275 0.0180865 -63.7324 0.00396823 0.999978 -0.00524576 -2.59876 -0.0180658 0.00531663 0.999823 2.01133
0.999823 -0.00394861 0.0184166 -64.6986 0.00405297 0.999976 -0.0056325 -2.59833 -0.0183939 0.00570615 0.999815 2.04052
0.999807 -0.00471886 0.0190826 -65.6908 0.00484554 0.999966 -0.00659778 -2.59246 -0.0190509 0.00668897 0.999796 2.07753
0.999804 -0.00459712 0.019273 -66.6546 0.00472123 0.999968 -0.00639917 -2.58534 -0.019243 0.00648891 0.999794 2.12686
0.999809 -0.00451611 0.0189919 -67.6715 0.00462361 0.999974 -0.0056201 -2.58623 -0.0189661 0.00570684 0.999804 2.17184
0.999814 -0.00403055 0.0188622 -68.6768 0.00413868 0.999975 -0.00569667 -2.5769 -0.0188388 0.00577368 0.999806 2.22081
0.999811 -0.00340822 0.0191408 -69.6848 0.00353782 0.999971 -0.00674111 -2.59314 -0.0191173 0.00680755 0.999794 2.25639
0.999807 -0.002607 0.0194904 -70.6958 0.00273327 0.999975 -0.00645481 -2.59862 -0.0194731 0.00650683 0.999789 2.28727
0.999844 -0.002564 0.0174744 -71.7092 0.00260763 0.999994 -0.00247408 -2.59827 -0.0174679 0.00251926 0.999844 2.32689
0.999875 -0.00236488 0.0156358 -72.7558 0.00236578 0.999997 -3.91554e-05 -2.58414 -0.0156357 7.61414e-05 0.999878 2.36816
0.99987 -0.00181172 0.0160502 -73.79 0.00179815 0.999998 0.000860113 -2.57488 -0.0160517 -0.000831141 0.999871 2.4101
0.999822 -0.00124691 0.018843 -74.8361 0.00123569 0.999999 0.000607072 -2.57658 -0.0188438 -0.000583679 0.999822 2.46322
0.999715 -0.00115681 0.0238491 -75.8742 0.00111965 0.999998 0.00157125 -2.58642 -0.0238509 -0.00154409 0.999714 2.49419
0.999663 -0.000950752 0.0259405 -76.8982 0.000880287 0.999996 0.00272772 -2.56873 -0.025943 -0.00270396 0.99966 2.54006
0.999658 -0.000826479 0.0261408 -77.9294 0.000734296 0.999993 0.00353582 -2.56804 -0.0261436 -0.00351542 0.999652 2.59393
0.999656 -0.000742953 0.026232 -78.9822 0.000656965 0.999994 0.00328646 -2.565 -0.0262343 -0.00326809 0.99965 2.63867
0.999676 -0.000298813 0.0254607 -80.0394 0.000221982 0.999995 0.00302039 -2.57824 -0.0254615 -0.00301375 0.999671 2.68744
0.999709 -5.11508e-05 0.0241271 -81.1035 -5.57342e-05 0.99999 0.00442938 -2.57807 -0.0241271 -0.00442944 0.999699 2.72353
0.999756 0.000421146 0.022065 -82.1576 -0.00051779 0.99999 0.00437446 -2.55872 -0.0220629 -0.00438482 0.999747 2.79724
0.99975 0.00103789 0.0223133 -83.2395 -0.00114548 0.999988 0.00480928 -2.53903 -0.0223081 -0.00483364 0.999739 2.85285
0.99971 0.00167467 0.0240373 -84.3223 -0.00176375 0.999992 0.00368492 -2.52317 -0.0240309 -0.00372625 0.999704 2.91777
0.999643 0.00242765 0.0266118 -85.3855 -0.0024875 0.999994 0.00221623 -2.53651 -0.0266062 -0.00228164 0.999643 2.96005
0.999585 0.00194214 0.0287421 -86.4932 -0.00196378 0.999998 0.000724609 -2.54147 -0.0287406 -0.000780752 0.999587 3.01915
0.999584 0.00202751 0.0287727 -87.5568 -0.00204374 0.999998 0.000534928 -2.5309 -0.0287715 -0.000593509 0.999586 3.04863
0.999686 0.00253425 0.0249228 -88.6515 -0.00255996 0.999996 0.000999742 -2.53158 -0.0249202 -0.00106323 0.999689 3.09094
0.999836 0.00376655 0.0177356 -89.742 -0.00380543 0.99999 0.00215886 -2.50495 -0.0177273 -0.00222599 0.99984 3.1536
0.999903 0.00391586 0.0133984 -90.868 -0.00394623 0.99999 0.0022406 -2.5011 -0.0133895 -0.00229326 0.999908 3.22289
0.999865 0.00560461 0.0154684 -91.9514 -0.00564741 0.99998 0.00272422 -2.49334 -0.0154528 -0.00281121 0.999877 3.2675
0.999788 0.00764995 0.0191164 -93.0103 -0.0077126 0.999965 0.00320603 -2.49108 -0.0190912 -0.00335279 0.999812 3.30526
0.999753 0.00938425 0.0201232 -94.0872 -0.00943811 0.999952 0.00258319 -2.47505 -0.020098 -0.00277248 0.999794 3.34891
0.999766 0.0109383 0.0186594 -95.1635 -0.0109733 0.999938 0.0017739 -2.46487 -0.0186388 -0.00197824 0.999824 3.3965
0.999777 0.0117422 0.0175469 -96.2358 -0.0117688 0.99993 0.00141191 -2.4446 -0.0175291 -0.0016181 0.999845 3.43642
0.999766 0.0126939 0.0175444 -97.3339 -0.0127108 0.999919 0.000853255 -2.41569 -0.0175322 -0.00107606 0.999846 3.49313
0.999706 0.0144632 0.0194743 -98.3975 -0.0144678 0.999895 9.55456e-05 -2.40486 -0.0194708 -0.000377268 0.99981 3.55283
0.999639 0.0165847 0.0211435 -99.4333 -0.0165733 0.999862 -0.000713215 -2.39654 -0.0211524 0.00036254 0.999776 3.61653
0.999607 0.0175017 0.0219195 -100.474 -0.0174865 0.999847 -0.000882754 -2.36394 -0.0219316 0.000499111 0.999759 3.65531
0.999582 0.018581 0.022162 -101.546 -0.0185591 0.999827 -0.00119387 -2.35015 -0.0221804 0.000782059 0.999754 3.69249
0.999565 0.0190533 0.0225287 -102.601 -0.0190171 0.999818 -0.0018188 -2.32323 -0.0225593 0.00138957 0.999745 3.74931
0.999573 0.0184451 0.0226559 -103.633 -0.0184127 0.999829 -0.00163663 -2.29565 -0.0226822 0.00121878 0.999742 3.82264
0.999562 0.0183062 0.0232402 -104.659 -0.0182761 0.999832 -0.00150415 -2.28474 -0.0232638 0.00107875 0.999729 3.86346
0.999563 0.0182799 0.0232347 -105.707 -0.0182174 0.99983 -0.00289792 -2.25957 -0.0232838 0.00247337 0.999726 3.92102
0.999572 0.0178353 0.0231835 -106.764 -0.017742 0.999834 -0.00422603 -2.23252 -0.023255 0.0038129 0.999722 3.97159
0.999593 0.0171942 0.0227761 -107.807 -0.0170981 0.999844 -0.00440941 -2.20519 -0.0228484 0.00401819 0.999731 4.00605
0.99961 0.017135 0.0220563 -108.822 -0.0170392 0.999845 -0.00452503 -2.18914 -0.0221304 0.00414744 0.999746 4.05361
0.999621 0.0169419 0.021712 -109.834 -0.0168519 0.999849 -0.0043208 -2.17243 -0.021782 0.00395327 0.999755 4.11235
0.999651 0.0154 0.0214476 -110.857 -0.0153463 0.999879 -0.00266647 -2.15033 -0.021486 0.0023364 0.999766 4.17123
0.99971 0.0115558 0.021149 -111.871 -0.0115967 0.999931 0.00181082 -2.12899 -0.0211266 -0.00205555 0.999775 4.2168
0.999742 0.0074995 0.0214259 -112.879 -0.00758649 0.999963 0.00398129 -2.12472 -0.0213952 -0.00414281 0.999763 4.2645
0.999756 0.00238147 0.0219394 -113.912 -0.00244996 0.999992 0.00309541 -2.1288 -0.0219318 -0.0031484 0.999755 4.31457
0.999739 -0.00218331 0.0227523 -114.93 0.00215019 0.999997 0.00147986 -2.13215 -0.0227554 -0.00143055 0.99974 4.35925
0.999707 -0.00621366 0.0233802 -115.938 0.0062002 0.999981 0.000648174 -2.13913 -0.0233838 -0.000503023 0.999726 4.39928
0.999669 -0.0105429 0.0234801 -116.94 0.010535 0.999944 0.000459829 -2.13879 -0.0234836 -0.000212314 0.999724 4.44752
0.999613 -0.0153133 0.0232111 -117.936 0.0153134 0.999883 0.000170487 -2.1504 -0.023211 0.00018502 0.999731 4.51472
0.999515 -0.0209989 0.0229855 -118.946 0.0209895 0.999779 0.000651255 -2.16828 -0.0229941 -0.000168486 0.999736 4.56794
0.999381 -0.0264781 0.0231446 -119.986 0.0264723 0.999649 0.000558806 -2.18138 -0.0231513 5.42311e-05 0.999732 4.62375
0.999234 -0.0307353 0.0242297 -120.984 0.0307371 0.999527 0.000298979 -2.23682 -0.0242275 0.000446001 0.999706 4.67524
0.999029 -0.0356293 0.0258988 -121.975 0.0356512 0.999364 -0.000385928 -2.29519 -0.0258685 0.00130888 0.999664 4.72177
0.998802 -0.0407384 0.0271274 -122.98 0.0407613 0.999169 -0.000290239 -2.33811 -0.027093 0.00139564 0.999632 4.7608
0.998615 -0.045577 0.0262826 -123.979 0.0456175 0.998959 -0.000945829 -2.3647 -0.0262121 0.00214347 0.999654 4.81727
0.998427 -0.0499439 0.0254848 -125.009 0.0499893 0.998749 -0.00114356 -2.39434 -0.0253958 0.00241572 0.999675 4.8618
0.998282 -0.0529592 0.0250568 -126.031 0.0530224 0.998592 -0.00186332 -2.46254 -0.0249229 0.00318869 0.999684 4.90994
0.998117 -0.0556437 0.0258115 -127.03 0.0557148 0.998445 -0.00204033 -2.52458 -0.0256578 0.00347457 0.999665 4.95912
0.99793 -0.0585445 0.026626 -128.036 0.0586249 0.998278 -0.00224735 -2.57436 -0.0264486 0.00380364 0.999643 5.01789
0.997755 -0.0612107 0.0271602 -129.036 0.0613061 0.998115 -0.00269296 -2.63287 -0.0269442 0.00435201 0.999627 5.07044
0.997658 -0.0627694 0.0271721 -130.027 0.0629185 0.998008 -0.00466608 -2.71728 -0.0268251 0.00636478 0.99962 5.12182
0.997615 -0.063708 0.0265709 -131.028 0.0639229 0.997928 -0.00731877 -2.80856 -0.0260496 0.00899981 0.99962 5.17198
0.997613 -0.0639694 0.0260155 -132.057 0.0642682 0.997874 -0.010818 -2.88635 -0.0252681 0.0124642 0.999603 5.21451
0.997582 -0.0645344 0.0257819 -133.083 0.064841 0.997832 -0.0112408 -2.93134 -0.0250006 0.0128854 0.999604 5.25815
0.997558 -0.064993 0.0255672 -134.106 0.0652401 0.997829 -0.00895108 -2.98077 -0.0249299 0.0105972 0.999633 5.30913
0.997539 -0.0651397 0.0259278 -135.148 0.0653355 0.99784 -0.0067778 -3.02912 -0.0254303 0.00845513 0.999641 5.3684
0.997463 -0.0659775 0.0267219 -136.161 0.0661822 0.997784 -0.00684814 -3.10567 -0.0262109 0.00859928 0.999619 5.42401
0.997428 -0.0662301 0.0274058 -137.172 0.0664671 0.997758 -0.00782624 -3.15937 -0.026826 0.0096277 0.999594 5.47323
0.997445 -0.0660766 0.0271645 -138.196 0.0663377 0.997758 -0.00882607 -3.23354 -0.0265204 0.0106055 0.999592 5.51503
0.997562 -0.064816 0.0258605 -139.212 0.065121 0.997815 -0.011133 -3.33363 -0.0250824 0.0127899 0.999604 5.56319
0.997737 -0.0622671 0.02538 -140.195 0.0626278 0.997943 -0.0136722 -3.39175 -0.0244765 0.0152308 0.999584 5.60974
0.997915 -0.0590076 0.0261404 -141.223 0.0594151 0.998119 -0.0150953 -3.44635 -0.0252005 0.016617 0.999544 5.6653
0.99806 -0.0560258 0.0271595 -142.219 0.056425 0.998306 -0.014159 -3.50873 -0.0263203 0.015664 0.999531 5.7199
0.998139 -0.0542794 0.0277937 -143.234 0.0546621 0.998418 -0.0132023 -3.54401 -0.0270331 0.0146969 0.999526 5.78063
0.998268 -0.0515595 0.0283233 -144.259 0.0519129 0.998581 -0.0118874 -3.58651 -0.0276702 0.0133372 0.999528 5.83833
0.998396 -0.0486305 0.0289828 -145.289 0.0489874 0.99873 -0.0117335 -3.65178 -0.0283754 0.0131345 0.999511 5.8859
0.998551 -0.0451144 0.0293336 -146.293 0.0455117 0.998879 -0.0130202 -3.70713 -0.0287133 0.0143364 0.999485 5.92963
0.998644 -0.0427755 0.0296573 -147.312 0.0431979 0.998972 -0.0137502 -3.75034 -0.0290387 0.0150127 0.999466 5.97725
0.998754 -0.0404115 0.0292687 -148.301 0.0408792 0.999043 -0.0155611 -3.79564 -0.0286118 0.0167382 0.99945 6.04259
0.998846 -0.0379765 0.0294025 -149.31 0.0384285 0.999149 -0.0149623 -3.83698 -0.0288093 0.0160749 0.999456 6.07809
0.998954 -0.035185 0.0291947 -150.328 0.0356386 0.99925 -0.0151645 -3.85015 -0.0286392 0.0161891 0.999459 6.12872
0.999066 -0.0324446 0.0285417 -151.282 0.0328744 0.999351 -0.0147208 -3.89114 -0.0280455 0.0156453 0.999484 6.19018
0.99915 -0.0299803 0.0282961 -152.265 0.0303949 0.999435 -0.014339 -3.91644 -0.0278503 0.0151869 0.999497 6.24693
0.999197 -0.0283005 0.0283655 -153.268 0.0287056 0.99949 -0.0139781 -3.94195 -0.0279554 0.0147811 0.9995 6.29985
0.999242 -0.026324 0.0286899 -154.224 0.0267254 0.999549 -0.0136976 -3.95381 -0.0283164 0.014454 0.999495 6.34219
0.999282 -0.025009 0.0284656 -155.204 0.0253717 0.999601 -0.0124545 -3.95147 -0.0281427 0.0131678 0.999517 6.39795
0.999308 -0.0235745 0.0287677 -156.188 0.0239131 0.999648 -0.0114847 -3.9659 -0.0284868 0.0121646 0.99952 6.45807
0.999328 -0.0222891 0.0291014 -157.173 0.0226349 0.999676 -0.0116101 -3.98118 -0.0288332 0.012261 0.999509 6.50347
0.999361 -0.0203864 0.029364 -158.14 0.020733 0.999718 -0.0115502 -3.99953 -0.0291202 0.0121516 0.999502 6.55067
0.999393 -0.0189851 0.0292255 -159.101 0.0193293 0.999747 -0.0115385 -4.01156 -0.028999 0.0120964 0.999506 6.61753
0.999422 -0.0172813 0.02929 -160.05 0.0176018 0.999788 -0.0107219 -4.01723 -0.0290985 0.0112313 0.999513 6.67222
0.999447 -0.0149849 0.0296942 -160.995 0.0152656 0.999841 -0.00924692 -4.05047 -0.0295509 0.00969511 0.999516 6.71736
0.999454 -0.0135204 0.030148 -161.938 0.0137883 0.999867 -0.00869444 -4.05652 -0.0300265 0.00910538 0.999508 6.77472
0.999451 -0.0118788 0.0309342 -162.88 0.012143 0.999891 -0.00836792 -4.07346 -0.0308315 0.00873896 0.999486 6.83331
0.999456 -0.0101126 0.0313967 -163.838 0.0103615 0.999916 -0.00777522 -4.07644 -0.0313154 0.0080963 0.999477 6.88238
0.999457 -0.00928339 0.0316282 -164.788 0.00953449 0.999924 -0.00779768 -4.05531 -0.0315534 0.008095 0.999469 6.93596
0.999489 -0.00705056 0.0311912 -165.712 0.00730633 0.999941 -0.00809361 -4.0862 -0.0311323 0.00831736 0.999481 6.98743
0.999484 -0.00510758 0.0317145 -166.644 0.00537296 0.999951 -0.00828838 -4.10112 -0.0316706 0.00845451 0.999463 7.02976
0.999479 -0.0030126 0.0321352 -167.591 0.0033109 0.999952 -0.00923368 -4.10656 -0.0321058 0.00933527 0.999441 7.08834
0.999478 -0.000604818 0.0322947 -168.507 0.000932735 0.999948 -0.0101398 -4.11031 -0.0322869 0.0101646 0.999427 7.13984
0.999468 0.00119304 0.0325837 -169.44 -0.000852506 0.999945 -0.010463 -4.10397 -0.0325944 0.0104296 0.999414 7.18916
0.999467 0.00330968 0.0324736 -170.38 -0.00293622 0.999929 -0.0115415 -4.10688 -0.0325095 0.01144 0.999406 7.2514
0.999464 0.00487186 0.0323645 -171.325 -0.00449745 0.999922 -0.011631 -4.10442 -0.0324187 0.0114792 0.999408 7.30716
0.999445 0.00698663 0.0325575 -172.235 -0.00659566 0.999905 -0.0121005 -4.09197 -0.032639 0.011879 0.999397 7.36256
0.999433 0.0081885 0.0326514 -173.161 -0.00777186 0.999887 -0.0128666 -4.08518 -0.032753 0.0126056 0.999384 7.42142
0.999423 0.00904539 0.0327375 -174.073 -0.00857415 0.999858 -0.0145066 -4.08293 -0.032864 0.0142175 0.999359 7.46716
0.999399 0.00983251 0.0332414 -174.984 -0.00931882 0.999835 -0.015573 -4.06907 -0.0333891 0.0152539 0.999326 7.49725
0.999401 0.0105466 0.0329577 -175.879 -0.0100132 0.999817 -0.0163054 -4.06717 -0.0331236 0.0159656 0.999324 7.56244
0.999386 0.0114273 0.0331079 -176.772 -0.0108785 0.999801 -0.0167082 -4.06681 -0.0332922 0.0163378 0.999312 7.62649
0.999362 0.0125805 0.0334378 -177.694 -0.0120569 0.999802 -0.0158129 -4.06721 -0.0336301 0.0153996 0.999316 7.67024
0.999343 0.0126677 0.0339704 -178.62 -0.0120932 0.999781 -0.0170655 -4.04185 -0.0341792 0.0166434 0.999277 7.72325
0.999313 0.0132698 0.0346085 -179.497 -0.0126485 0.999756 -0.0181108 -4.02558 -0.0348404 0.0176606 0.999237 7.77314
0.999316 0.0139523 0.0342503 -180.37 -0.0133188 0.999737 -0.0186529 -4.0233 -0.0345016 0.018184 0.999239 7.838
0.999334 0.0148006 0.0333523 -181.288 -0.0142296 0.999749 -0.0172949 -4.0136 -0.0335999 0.0168088 0.999294 7.88026
0.999404 0.015871 0.0306455 -182.209 -0.0154115 0.999766 -0.015172 -3.99256 -0.0308791 0.0146907 0.999415 7.92398
0.999474 0.0159209 0.0282425 -183.1 -0.0155689 0.999799 -0.0126417 -3.98002 -0.0284381 0.0121953 0.999521 7.97835
0.999475 0.0164456 0.0279115 -183.965 -0.0160896 0.999787 -0.0129332 -3.95886 -0.0281182 0.0124773 0.999527 8.03367
0.999396 0.0171724 0.0302197 -184.846 -0.0167537 0.999761 -0.0140555 -3.9426 -0.0304538 0.0135407 0.999444 8.09867
0.999271 0.017167 0.0341134 -185.738 -0.0166894 0.999759 -0.0142361 -3.93037 -0.0343496 0.0136564 0.999317 8.14658
0.999156 0.0173868 0.0372232 -186.619 -0.0168677 0.999757 -0.0142157 -3.91794 -0.0374613 0.0135758 0.999206 8.18567
0.999135 0.0180245 0.0374731 -187.469 -0.0174905 0.999741 -0.0145288 -3.90087 -0.0377253 0.0138609 0.999192 8.22808
0.999175 0.0184548 0.0361767 -188.327 -0.01794 0.999734 -0.0145038 -3.89842 -0.0364347 0.0138428 0.99924 8.27397
0.999197 0.0184807 0.0355622 -189.2 -0.0179563 0.999726 -0.0150076 -3.88559 -0.0358298 0.014357 0.999255 8.31261
0.999195 0.0182775 0.0357068 -190.104 -0.0177154 0.999715 -0.0159954 -3.87808 -0.0359889 0.01535 0.999234 8.37157
0.999183 0.0177556 0.0363146 -190.987 -0.0171694 0.999718 -0.0163912 -3.84276 -0.0365954 0.0157543 0.999206 8.43274
0.99916 0.0173565 0.037119 -191.814 -0.0167648 0.999728 -0.0161919 -3.83899 -0.03739 0.015556 0.99918 8.48785
0.999163 0.0162834 0.0375381 -192.643 -0.0156528 0.999732 -0.0170325 -3.82513 -0.0378054 0.0164307 0.99915 8.54514
0.99919 0.0153685 0.0371931 -193.503 -0.0147259 0.999739 -0.0174896 -3.8002 -0.0374521 0.0169277 0.999155 8.58793
0.999238 0.0154423 0.0358472 -194.328 -0.0148373 0.999744 -0.0170824 -3.79107 -0.0361018 0.0165375 0.999211 8.63686
0.999329 0.0157345 0.0330668 -195.194 -0.0151633 0.999733 -0.0174543 -3.76257 -0.0333326 0.0169411 0.999301 8.69427
0.999399 0.0157533 0.0308643 -196.004 -0.0151921 0.999716 -0.018336 -3.76403 -0.0311444 0.0178561 0.999355 8.75471
0.999433 0.0150754 0.0301191 -196.853 -0.0145285 0.999727 -0.0182973 -3.75554 -0.0303867 0.0178494 0.999379 8.80647
0.999409 0.015073 0.0309093 -197.691 -0.0145245 0.999734 -0.0178924 -3.74089 -0.0311708 0.0174329 0.999362 8.84908
0.999386 0.0152272 0.0315688 -198.528 -0.0146852 0.999742 -0.0173296 -3.73549 -0.0318246 0.0168554 0.999351 8.88675
0.999382 0.0158223 0.0313921 -199.327 -0.0153307 0.999757 -0.0158381 -3.73168 -0.0316351 0.0153471 0.999382 8.93732
0.999393 0.0151622 0.0313776 -200.152 -0.0147027 0.999782 -0.0148246 -3.71681 -0.0315955 0.0143542 0.999398 8.98606
0.999392 0.0149454 0.0314882 -200.967 -0.0144829 0.999785 -0.0148647 -3.69206 -0.0317036 0.0143997 0.999394 9.03037
0.999377 0.0152066 0.0318367 -201.772 -0.0147148 0.99977 -0.0156263 -3.67131 -0.032067 0.0151481 0.999371 9.0773
0.999357 0.0151876 0.0324839 -202.596 -0.0146812 0.999768 -0.0157722 -3.66025 -0.0327159 0.0152852 0.999348 9.12847
0.999364 0.0151753 0.032264 -203.389 -0.0147004 0.999781 -0.014908 -3.65701 -0.0324832 0.0144242 0.999368 9.18115
0.999376 0.0153749 0.0317842 -204.183 -0.0149497 0.999796 -0.0135715 -3.65454 -0.0319864 0.0130879 0.999403 9.22498
0.999361 0.01614 0.0318856 -204.992 -0.0157309 0.999791 -0.0130401 -3.63243 -0.0320894 0.0125302 0.999406 9.27614
0.999354 0.0155097 0.0324204 -205.774 -0.0150656 0.99979 -0.0138963 -3.60619 -0.0326291 0.0133989 0.999378 9.32786
0.999332 0.0151013 0.0332723 -206.561 -0.0146369 0.999793 -0.0141576 -3.58975 -0.0334792 0.0136611 0.999346 9.36476
0.999335 0.0148968 0.0332935 -207.364 -0.01444 0.999799 -0.0139175 -3.58686 -0.0334941 0.0134275 0.999349 9.40789
0.999319 0.0152548 0.0336005 -208.151 -0.0148162 0.999802 -0.0132644 -3.58267 -0.0337962 0.0127575 0.999347 9.45
0.999315 0.0148434 0.0339128 -208.922 -0.0144196 0.999815 -0.0127081 -3.57614 -0.0340951 0.0122104 0.999344 9.48616
0.999301 0.0148444 0.03431 -209.67 -0.0144166 0.999816 -0.0126823 -3.55299 -0.0344919 0.0121788 0.999331 9.52161
0.999286 0.0147079 0.0347994 -210.448 -0.0142801 0.99982 -0.0125111 -3.53969 -0.0349771 0.0120052 0.999316 9.55774
0.999275 0.0141187 0.0353535 -211.224 -0.0136535 0.999817 -0.0133653 -3.51844 -0.0355358 0.0128729 0.999285 9.60862
0.999251 0.0144595 0.0359061 -211.933 -0.0139494 0.999799 -0.0144153 -3.52347 -0.0361073 0.0139036 0.999251 9.6543
0.999251 0.0142633 0.0359649 -212.675 -0.0137247 0.999791 -0.0151798 -3.51447 -0.0361738 0.0146748 0.999238 9.71268
0.999252 0.013878 0.0361043 -213.422 -0.0133406 0.999797 -0.0150827 -3.5038 -0.0363063 0.0145898 0.999234 9.75634
0.999233 0.0143082 0.0364633 -214.161 -0.013724 0.999774 -0.0162227 -3.4939 -0.0366872 0.0157098 0.999203 9.80482
0.999228 0.0150774 0.0362889 -214.896 -0.0144562 0.999745 -0.0173214 -3.48297 -0.0365408 0.0167834 0.999191 9.84993
0.999241 0.0157279 0.0356314 -215.61 -0.0151266 0.99974 -0.0170814 -3.4727 -0.0358907 0.0165295 0.999219 9.89435
0.999238 0.0163475 0.0354525 -216.297 -0.0157557 0.999733 -0.0169083 -3.46006 -0.0357194 0.0163368 0.999228 9.92847
0.999235 0.0168549 0.0352816 -216.998 -0.0162502 0.999717 -0.017357 -3.43677 -0.0355642 0.0167704 0.999227 9.96892
0.999222 0.0172403 0.0354686 -217.723 -0.0165972 0.999694 -0.0183469 -3.4271 -0.0357741 0.0177439 0.999202 10.0165
0.999173 0.018272 0.0363344 -218.426 -0.0176411 0.999689 -0.0176101 -3.42242 -0.0366449 0.0169546 0.999185 10.0406
0.99914 0.018974 0.0368566 -219.099 -0.0183939 0.999703 -0.0160161 -3.41183 -0.0371495 0.0153244 0.999192 10.0702
0.999132 0.0195065 0.0368065 -219.769 -0.0189569 0.999704 -0.0152233 -3.39309 -0.0370926 0.0145123 0.999206 10.1175
0.99912 0.02053 0.0365684 -220.45 -0.0200062 0.999693 -0.0146338 -3.37782 -0.0368576 0.0138893 0.999224 10.1574
0.999107 0.0210803 0.036608 -221.13 -0.0205219 0.999668 -0.0155624 -3.35614 -0.0369239 0.0147972 0.999209 10.2015
0.999094 0.0218033 0.0365533 -221.781 -0.0212711 0.999663 -0.0148846 -3.34393 -0.0368655 0.0140936 0.999221 10.2344
0.99911 0.0222535 0.0358287 -222.425 -0.0217333 0.999654 -0.0148426 -3.33208 -0.0361466 0.0140507 0.999248 10.2769
0.999114 0.0229561 0.0352795 -223.047 -0.0224771 0.999651 -0.0139134 -3.32536 -0.0355866 0.0131081 0.999281 10.3272
0.999105 0.0231722 0.0353888 -223.684 -0.0226982 0.999648 -0.0137356 -3.29432 -0.0356946 0.01292 0.999279 10.3752
0.999089 0.0235077 0.0356198 -224.331 -0.0230561 0.999649 -0.0130355 -3.26911 -0.0359137 0.0122024 0.99928 10.4144
