1 0 0 0 0 1 0 0 0 0 1 0
1 3.20721e-05 1.1415e-05 0.00016088 -3.20723e-05 1 1.56665e-05 -0.000162915 -1.14145e-05 -1.56669e-05 1 -0.00168086
1 1.64775e-05 -4.68662e-05 0.00157245 -1.64777e-05 1 -2.87737e-06 -0.00137218 4.68661e-05 2.87815e-06 1 -0.00152168
1 8.58657e-06 -1.90788e-05 -0.000153951 -8.58653e-06 1 2.15765e-06 0.000643934 1.90788e-05 -2.15749e-06 1 0.000272513
1 -1.15318e-06 6.83992e-06 -0.00129746 1.15304e-06 1 2.15665e-05 0.00036484 -6.83994e-06 -2.15665e-05 1 0.000287959
1 1.31693e-05 -3.73603e-06 -0.00258455 -1.31693e-05 1 2.84357e-06 0.00134764 3.73607e-06 -2.84352e-06 1 -0.000574112
1 5.03826e-05 1.90751e-05 0.000428492 -5.03828e-05 1 8.69029e-06 -0.00343108 -1.90746e-05 -8.69125e-06 1 -0.0007639
1 7.06837e-05 1.3691e-05 0.00194791 -7.06838e-05 1 1.25207e-05 -0.000311076 -1.36901e-05 -1.25216e-05 1 -0.0015772
1 1.84466e-05 -4.91385e-06 -0.000323855 -1.84466e-05 1 -6.54485e-06 -0.000382816 4.91373e-06 6.54494e-06 1 -0.000758039
1 1.20825e-05 -1.10942e-05 0.000510042 -1.20824e-05 1 4.85942e-06 -0.00099309 1.10942e-05 -4.85929e-06 1 -0.000970608
1 4.55348e-05 -6.86968e-06 -0.000348132 -4.55349e-05 1 -4.40592e-06 -0.00216823 6.86948e-06 4.40624e-06 1 -0.000298041
1 1.72303e-05 -5.03572e-07 -0.00148476 -1.72303e-05 1 1.11025e-05 -0.00386211 5.03763e-07 -1.11025e-05 1 -0.00126846
1 -1.19681e-05 1.0638e-05 -0.00201295 1.19679e-05 1 1.42451e-05 0.00159946 -1.06382e-05 -1.4245e-05 1 -0.0019024
1 1.66784e-06 2.0365e-05 -0.00204857 -1.66819e-06 1 1.75285e-05 3.44425e-06 -2.0365e-05 -1.75285e-05 1 -0.00192926
1 2.08379e-05 6.29825e-06 -0.00172955 -2.08379e-05 1 4.59049e-06 0.00264083 -6.29816e-06 -4.59062e-06 1 -0.00123556
1 4.08065e-05 -1.24534e-05 0.00223671 -4.08066e-05 1 -2.66002e-06 -0.00163874 1.24533e-05 2.66053e-06 1 -0.00161547
1 2.31596e-05 -2.79681e-05 0.00278301 -2.31595e-05 1 2.93515e-06 -0.0015714 2.79682e-05 -2.9345e-06 1 -0.00130344
1 2.97681e-05 -4.349e-06 0.00341085 -2.97681e-05 1 6.75706e-06 0.00166901 4.3492e-06 -6.75693e-06 1 -0.000919035
1 5.07821e-05 3.24602e-06 0.00018135 -5.07821e-05 1 9.51451e-06 0.00174504 -3.24553e-06 -9.51468e-06 1 -0.000873492
1 2.68536e-05 -1.05347e-05 -0.00242326 -2.68535e-05 1 5.48404e-06 -0.00189277 1.05348e-05 -5.48376e-06 1 -0.00100833
1 1.06436e-05 -2.06096e-05 0.00132507 -1.06437e-05 1 -4.87902e-06 -0.00202606 2.06095e-05 4.87924e-06 1 -0.000949215
1 -1.08651e-07 -1.7183e-06 -0.00205483 1.0865e-07 1 -9.56631e-07 0.00167166 1.7183e-06 9.5663e-07 1 -0.000863496
1 1.32671e-05 5.60938e-06 -0.00250729 -1.32672e-05 1 5.76827e-06 0.00147785 -5.6093e-06 -5.76835e-06 1 -0.000107521
1 1.50785e-05 -2.02014e-06 -0.0013509 -1.50785e-05 1 1.91818e-05 0.00159806 2.02043e-06 -1.91817e-05 1 -0.000738757
1 7.36411e-06 -2.27393e-07 -0.0032036 -7.36411e-06 1 1.08756e-05 -0.00236595 2.27473e-07 -1.08756e-05 1 -0.000978914
1 1.88428e-05 -1.13323e-05 -0.00326061 -1.88428e-05 1 -2.18939e-06 -0.00548981 1.13322e-05 2.18961e-06 1 -0.000433657
1 1.49901e-05 9.75168e-06 -0.00491499 -1.49901e-05 1 6.67375e-06 0.00199961 -9.75158e-06 -6.67389e-06 1 -0.000443224
1 2.19592e-05 1.58072e-05 -0.00169646 -2.19592e-05 1 4.19731e-06 0.000361453 -1.58071e-05 -4.19766e-06 1 -0.00063398
1 2.40238e-05 -2.71228e-06 -0.000787895 -2.40238e-05 1 1.51771e-06 0.00124325 2.71232e-06 -1.51765e-06 1 -0.000638404
1 1.19129e-06 -4.23461e-06 -0.00255172 -1.19129e-06 1 -2.61391e-07 0.00204296 4.23461e-06 2.61396e-07 1 -0.000778787
1 -1.84657e-05 -6.07979e-06 -0.00137891 1.84656e-05 1 -7.49908e-06 0.00412137 6.07992e-06 7.49897e-06 1 -0.000660725
1 -1.11757e-05 -7.0423e-06 -0.00122334 1.11757e-05 1 2.42941e-07 0.00280817 7.0423e-06 -2.4302e-07 1 -0.000322379
1 8.75585e-06 -1.29381e-05 -0.00118245 -8.75576e-06 1 7.37491e-06 -0.0012042 1.29381e-05 -7.3748e-06 1 -0.000672637
1 -1.27884e-06 -2.52897e-05 -0.00142564 1.27893e-06 1 3.48108e-06 0.000423724 2.52897e-05 -3.48111e-06 1 -0.000918518
1 1.68182e-05 -2.04651e-05 -0.00356566 -1.68183e-05 1 -6.9746e-06 0.00503639 2.0465e-05 6.97495e-06 1 -0.000784698
1 -3.81909e-06 3.27267e-06 -0.00205561 3.81908e-06 1 3.20838e-06 0.0052453 -3.27269e-06 -3.20837e-06 1 -0.000892057
1 -3.19104e-05 -5.38843e-06 -0.00173152 3.19104e-05 1 -6.49453e-06 0.00382669 5.38864e-06 6.49436e-06 1 -0.000589609
1 -6.99499e-07 -2.06504e-05 -2.941e-06 6.99378e-07 1 -5.84069e-06 -0.00059447 2.06504e-05 5.84067e-06 1 -0.00015393
1 -2.32511e-05 4.54454e-07 -0.00620932 2.32511e-05 1 6.9464e-06 0.00541784 -4.54615e-07 -6.94639e-06 1 -0.000849123
1 4.68783e-06 -4.69893e-06 -0.00229843 -4.68785e-06 1 -3.46085e-06 0.00468637 4.69891e-06 3.46087e-06 1 -0.000671966
1 -6.33937e-06 -2.2722e-05 0.000349348 6.33933e-06 1 -1.76944e-06 0.00120981 2.2722e-05 1.7693e-06 1 -0.000508986
1 -1.24651e-05 -1.99479e-05 0.00146081 1.24652e-05 1 4.7937e-06 -0.00175136 1.99478e-05 -4.79395e-06 1 -0.000251659
1 3.12798e-05 -2.14139e-05 0.000600912 -3.12797e-05 1 3.22397e-06 0.00497203 2.1414e-05 -3.2233e-06 1 -0.000811413
1 2.93689e-05 -2.38793e-05 0.001292 -2.93692e-05 1 -1.39744e-05 0.00473232 2.38789e-05 1.39751e-05 1 -0.000440199
1 1.35336e-05 -5.0477e-06 -9.76755e-05 -1.35336e-05 1 -2.26939e-06 0.0016839 5.04767e-06 2.26946e-06 1 -0.000758957
1 1.02652e-05 -1.6864e-06 -0.00205963 -1.02652e-05 1 2.45569e-06 0.0034602 1.68642e-06 -2.45568e-06 1 -0.000935204
1 2.63529e-05 -1.78956e-05 0.000156753 -2.6353e-05 1 -2.74796e-06 -0.00134099 1.78955e-05 2.74844e-06 1 -0.000803131
1 1.98076e-05 -9.00518e-06 0.00140734 -1.98075e-05 1 1.59979e-05 0.00116473 9.0055e-06 -1.59977e-05 1 -0.000972118
1 2.95347e-06 -3.14084e-05 0.010412 -2.95349e-06 1 -6.69678e-07 0.000674694 3.14084e-05 6.69771e-07 1 0.000436598
1 3.33063e-05 2.0386e-05 0.0186996 -3.33064e-05 1 5.97883e-06 -0.00705868 -2.03858e-05 -5.97951e-06 1 0.00035314
1 5.25858e-05 3.35982e-05 0.0187287 -5.25862e-05 1 1.11853e-05 -0.00492951 -3.35976e-05 -1.11871e-05 1 0.000208668
1 2.8498e-05 4.27198e-05 0.00884832 -2.84981e-05 1 4.01557e-06 0.000367167 -4.27197e-05 -4.01679e-06 1 0.00100345
1 2.60361e-06 4.07649e-05 0.00238265 -2.60388e-06 1 6.66635e-06 -0.00640849 -4.07649e-05 -6.66646e-06 1 0.000127728
1 1.09423e-05 4.54835e-05 -0.00553455 -1.09427e-05 1 8.01277e-06 -0.00786018 -4.54834e-05 -8.01327e-06 1 0.000643805
1 -2.50772e-05 6.43623e-05 -0.0171066 2.50765e-05 1 1.07331e-05 -0.0104196 -6.43626e-05 -1.07315e-05 1 0.000749994
1 -0.000159341 0.000154782 -0.0384402 0.000159341 1 5.8235e-06 -0.0151028 -0.000154783 -5.79884e-06 1 0.00188066
1 -0.000242221 0.000269613 -0.0755133 0.000242216 1 2.12818e-05 -0.0161357 -0.000269619 -2.12165e-05 1 0.00327064
1 -0.000433865 0.000316528 -0.127143 0.000433862 1 7.85469e-06 -0.0113299 -0.000316531 -7.71736e-06 1 0.00331668
0.999999 -0.00119735 0.000286416 -0.214982 0.00119734 0.999999 7.78729e-06 -0.00745954 -0.000286425 -7.44435e-06 1 0.00296717
0.999999 -0.00145717 0.000392522 -0.306653 0.00145716 0.999999 2.35389e-05 -0.00115218 -0.000392556 -2.29669e-05 1 0.00297155
0.999999 -0.00112737 0.000492108 -0.383058 0.00112737 0.999999 -5.73649e-06 0.00435335 -0.000492101 6.29127e-06 1 0.00429977
1 -0.000285982 0.000436749 -0.481255 0.000285979 1 7.17134e-06 -0.0050154 -0.000436751 -7.04644e-06 1 0.00316908
1 -6.87071e-05 0.000558333 -0.582066 6.86915e-05 1 2.8006e-05 -0.0104853 -0.000558335 -2.79677e-05 1 0.00580006
1 -0.000672385 0.000710789 -0.702032 0.000672387 1 -2.88524e-06 -0.0129067 -0.000710787 3.36317e-06 1 0.00863901
1 -0.000538018 0.000756001 -0.845819 0.000538042 1 -3.03901e-05 -0.0274063 -0.000755984 3.07969e-05 1 0.00893684
1 -0.000361904 0.000696018 -0.988547 0.000361992 1 -0.000125898 -0.036931 -0.000695972 0.00012615 1 0.00621808
1 -0.000253648 0.000671514 -1.14472 0.000253871 1 -0.000332388 -0.0421723 -0.00067143 0.000332559 1 0.0115081
1 -0.000521973 0.000721742 -1.31829 0.000522322 1 -0.000483618 -0.0372861 -0.000721489 0.000483995 1 0.0142069
0.999999 -0.000642581 0.000797845 -1.53135 0.000643098 1 -0.000647363 -0.0538913 -0.000797428 0.000647876 0.999999 0.0151328
0.999999 -0.000731738 0.000950267 -1.71772 0.000732425 0.999999 -0.000722483 -0.0548447 -0.000949737 0.000723179 0.999999 0.0172344
0.999999 -0.000229807 0.00101002 -1.9429 0.000230905 0.999999 -0.00108736 -0.0401941 -0.00100977 0.00108759 0.999999 0.0268828
0.999999 0.000317925 0.000968725 -2.15691 -0.000316616 0.999999 -0.00135095 -0.0503699 -0.000969154 0.00135065 0.999999 0.0338997
1 -2.34548e-05 0.000865733 -2.40791 2.47953e-05 0.999999 -0.00154846 -0.0532577 -0.000865695 0.00154849 0.999998 0.0352514
1 -0.000225882 0.0008283 -2.67761 0.0002272 0.999999 -0.00159209 -0.0438861 -0.00082794 0.00159228 0.999998 0.0365367
0.999999 -0.000416096 0.00150775 -2.90808 0.00041844 0.999999 -0.00155463 -0.0409241 -0.0015071 0.00155525 0.999998 0.0481724
0.999994 -0.000642333 0.00340795 -3.17871 0.000646489 0.999999 -0.00121842 -0.0329443 -0.00340717 0.00122061 0.999993 0.0542588
0.999937 -0.000412552 0.0112192 -3.48748 0.000416838 1 -0.000379717 -0.0242369 -0.0112191 0.000384369 0.999937 0.0686805
0.999841 -0.000237653 0.0178287 -3.79529 0.000201826 0.999998 0.00201134 -0.00798987 -0.0178292 -0.00200742 0.999839 0.060837
0.999789 0.000867741 0.0205095 -4.06364 -0.000947035 0.999992 0.00385677 -0.0130663 -0.020506 -0.00387538 0.999782 0.0780285
0.999766 0.00142395 0.0216056 -4.39625 -0.00157843 0.999973 0.00713442 0.00259861 -0.0215948 -0.00716685 0.999741 0.0923667
0.999765 0.00112636 0.0216557 -4.76836 -0.00137732 0.999932 0.0115771 0.0104857 -0.0216412 -0.0116042 0.999698 0.103618
0.99981 0.00163799 0.0194191 -5.10903 -0.00190725 0.999902 0.0138553 0.0051065 -0.0193946 -0.0138897 0.999715 0.126952
0.999834 0.00188867 0.0181006 -5.48121 -0.00212924 0.99991 0.0132803 0.0223717 -0.0180739 -0.0133167 0.999748 0.147556
0.999894 0.00267756 0.0142849 -5.87278 -0.00282091 0.999946 0.0100239 0.00235361 -0.0142573 -0.0100631 0.999848 0.147418
0.999982 0.00406311 0.00432726 -6.26615 -0.00408565 0.999978 0.00521257 0.00355986 -0.00430599 -0.00523015 0.999977 0.126067
0.999939 0.00357869 -0.010433 -6.69159 -0.00355473 0.999991 0.00231477 -0.00640364 0.0104412 -0.00227754 0.999943 0.0978906
0.999744 0.0029425 -0.022439 -7.11577 -0.00287554 0.999991 0.00301556 0.0221671 0.0224477 -0.00295027 0.999744 0.0815186
0.999608 0.00280682 -0.0278633 -7.55412 -0.00256659 0.999959 0.0086535 0.0289538 0.0278865 -0.00857859 0.999574 0.0964847
0.999618 0.00271876 -0.0274928 -7.96879 -0.00235289 0.999908 0.0133313 0.021483 0.0275265 -0.0132615 0.999533 0.143933
0.999682 0.00293035 -0.0250496 -8.38656 -0.0025997 0.999909 0.0132223 0.0362153 0.0250861 -0.013153 0.999599 0.200094
0.999788 0.00309514 -0.0203383 -8.87409 -0.00295686 0.999972 0.00682575 0.0247797 0.0203588 -0.00676417 0.99977 0.203505
0.999896 0.0041172 -0.0138302 -9.31714 -0.00414236 0.99999 -0.00179123 0.0110965 0.0138227 0.00184833 0.999903 0.156938
0.999978 0.00497384 -0.00434862 -9.81315 -0.00499911 0.999971 -0.00581809 0.0292405 0.00431956 0.0058397 0.999974 0.101772
0.999986 0.00534448 0.00057326 -10.3103 -0.00534197 0.999976 -0.00430155 0.015523 -0.000596236 0.00429842 0.999991 0.093248
0.999986 0.00521084 -0.000866813 -10.7937 -0.00521242 0.999985 -0.00183124 0.0464857 0.000857258 0.00183574 0.999998 0.128
0.999979 0.00547653 -0.00339734 -11.3331 -0.00548096 0.999984 -0.00129434 0.0803073 0.0033902 0.00131293 0.999993 0.160222
0.999969 0.00685186 -0.00381248 -11.8774 -0.0068598 0.999974 -0.00207478 0.0484342 0.00379816 0.00210087 0.999991 0.159107
0.999965 0.00789315 -0.00283819 -12.3756 -0.00790213 0.999964 -0.00316504 0.00922882 0.0028131 0.00318735 0.999991 0.148629
0.999964 0.00820524 -0.00202636 -12.9181 -0.00821215 0.99996 -0.00342494 0.00990528 0.00199818 0.00344146 0.999992 0.152118
0.999961 0.00867997 -0.00146856 -13.4809 -0.00868415 0.999958 -0.00287011 0.0292371 0.00144358 0.00288276 0.999995 0.154366
0.999957 0.00917099 -0.00165755 -14.0331 -0.00917513 0.999955 -0.00250502 0.0518189 0.0016345 0.00252012 0.999995 0.168344
0.999949 0.00989756 -0.00205845 -14.6067 -0.00990275 0.999948 -0.00252602 0.0587887 0.00203334 0.00254627 0.999995 0.177059
0.999942 0.0105274 -0.00233805 -15.172 -0.0105334 0.999941 -0.00255683 0.058737 0.00231099 0.00258131 0.999994 0.174329
0.999937 0.0108296 -0.0027853 -15.7536 -0.0108339 0.99994 -0.00153667 0.0890898 0.00276849 0.00156675 0.999995 0.171396
0.999915 0.0119743 -0.00509394 -16.315 -0.0119488 0.999916 0.00499825 0.0884197 0.00515337 -0.00493696 0.999975 0.199379
0.999875 0.013448 -0.00835538 -16.8997 -0.013391 0.999887 0.00684765 0.0995233 0.00844652 -0.0067349 0.999942 0.240974
0.999855 0.0142197 -0.00938052 -17.5079 -0.0141788 0.99989 0.00441146 0.123526 0.00944221 -0.00427781 0.999946 0.257808
0.99985 0.0152626 -0.00819846 -18.094 -0.0152568 0.999883 0.000766454 0.101328 0.0082092 -0.000641257 0.999966 0.261534
0.999853 0.0163272 -0.0051413 -18.6664 -0.0163482 0.999858 -0.0040726 0.119343 0.00507407 0.00415605 0.999978 0.224466
0.999855 0.0166826 -0.0032982 -19.265 -0.0166967 0.999851 -0.00427701 0.130178 0.00322636 0.00433146 0.999985 0.193019
0.99984 0.0172862 -0.00451072 -19.8505 -0.0172818 0.99985 0.00101086 0.16267 0.00452752 -0.000932749 0.999989 0.241417
0.999795 0.0190092 -0.00702924 -20.4444 -0.0189645 0.9998 0.00637223 0.195371 0.00714897 -0.00623761 0.999955 0.277846
0.999748 0.0211727 -0.00746008 -21.0535 -0.0211261 0.999757 0.00626654 0.209635 0.00759095 -0.00610736 0.999953 0.288111
0.999714 0.0230322 -0.00646681 -21.6553 -0.0230118 0.99973 0.00321656 0.196095 0.00653915 -0.00306682 0.999974 0.291099
0.999696 0.0242061 -0.00474445 -22.2748 -0.0242119 0.999706 -0.00116179 0.211054 0.00471493 0.00127631 0.999988 0.313393
0.999686 0.0250083 -0.00165443 -22.8814 -0.0250155 0.999677 -0.00447823 0.244146 0.0015419 0.00451821 0.999989 0.284766
0.999664 0.0259186 0.000473579 -23.4619 -0.0259161 0.999653 -0.00465228 0.250441 -0.000593995 0.00463844 0.999989 0.278298
0.999644 0.0266815 0.0001773 -24.05 -0.0266808 0.999639 -0.0031166 0.268895 -0.000260392 0.00311076 0.999995 0.313049
0.999595 0.0284376 -0.00105133 -24.6447 -0.0284403 0.999592 -0.00265015 0.285759 0.00097554 0.00267898 0.999996 0.344165
0.999551 0.029828 -0.00293399 -25.2411 -0.0298374 0.99955 -0.00324256 0.294447 0.00283595 0.00332864 0.99999 0.340453
0.999464 0.0313798 -0.00927484 -25.834 -0.0314306 0.999491 -0.00538294 0.315093 0.00910121 0.00567158 0.999942 0.337219
0.999342 0.033852 -0.0129905 -26.4426 -0.0339367 0.999404 -0.00635961 0.348936 0.0127675 0.00679628 0.999895 0.34633
0.999263 0.0358266 -0.013767 -27.0434 -0.0359035 0.999341 -0.00537824 0.371231 0.0135652 0.00586855 0.999891 0.366665
0.999207 0.0377893 -0.0125759 -27.6347 -0.0378534 0.999271 -0.00490127 0.396723 0.0123815 0.00537342 0.999909 0.387839
0.99918 0.0393377 -0.0096155 -28.2157 -0.0393935 0.999208 -0.00567601 0.429262 0.0093846 0.00605015 0.999938 0.392693
0.999146 0.0409936 -0.00525461 -28.7861 -0.0410294 0.999134 -0.00688848 0.458661 0.00496768 0.00709819 0.999962 0.397756
0.999096 0.042517 -0.000266512 -29.3618 -0.0425178 0.999063 -0.0080264 0.487058 -7.49959e-05 0.00803047 0.999968 0.413324
0.999022 0.0441139 0.00298689 -29.9523 -0.0440872 0.998992 -0.00848707 0.497229 -0.00335828 0.00834709 0.99996 0.41904
0.998931 0.0461324 0.00302906 -30.5428 -0.0461047 0.998899 -0.0086501 0.529261 -0.00342478 0.0085012 0.999958 0.431647
0.998834 0.0482356 0.002054 -31.1279 -0.0482165 0.998801 -0.0085077 0.545193 -0.00246191 0.00839874 0.999962 0.437033
0.998754 0.0498911 0.00132653 -31.7329 -0.0498781 0.99872 -0.00844523 0.571919 -0.00174617 0.00836854 0.999963 0.452073
0.998662 0.0517036 0.000925328 -32.3325 -0.051694 0.998627 -0.00843261 0.591451 -0.00136006 0.0083735 0.999964 0.468769
0.998574 0.053375 0.000757388 -32.9171 -0.053367 0.998541 -0.00824478 0.646158 -0.00119635 0.0081926 0.999966 0.472602
0.998473 0.0552406 0.000834502 -33.5025 -0.0552323 0.998442 -0.00792857 0.698705 -0.00127118 0.00787037 0.999968 0.47487
0.998357 0.0572991 0.000556496 -34.081 -0.0572935 0.998331 -0.00725179 0.748248 -0.000971088 0.007208 0.999974 0.482179
0.998244 0.0592364 -0.000112278 -34.6408 -0.0592359 0.998223 -0.00645692 0.787337 -0.000270406 0.00645223 0.999979 0.502961
0.998124 0.061224 -3.34599e-05 -35.1869 -0.0612229 0.998103 -0.00641791 0.822371 -0.000359534 0.00640792 0.999979 0.51883
0.998006 0.0631102 0.00142585 -35.7734 -0.0630977 0.997979 -0.00755533 0.83309 -0.00189978 0.00745029 0.99997 0.532184
0.997884 0.064938 0.00324368 -36.3132 -0.0649046 0.997846 -0.00951366 0.867571 -0.00385449 0.009283 0.999949 0.556394
0.997753 0.0663581 0.00923298 -36.8773 -0.0662475 0.997733 -0.0118148 0.913016 -0.00999606 0.0111766 0.999888 0.548493
0.997619 0.0674905 0.0142208 -37.452 -0.0673565 0.997682 -0.00969999 0.9503 -0.0148425 0.00871903 0.999852 0.560139
0.997532 0.0689239 0.0133604 -38.0119 -0.068851 0.99761 -0.00584366 1.02952 -0.0137312 0.00490936 0.999894 0.602288
0.997386 0.0716577 0.009337 -38.556 -0.0716237 0.997424 -0.00393177 1.06679 -0.00959469 0.00325274 0.999949 0.66292
0.997229 0.0739777 0.00788096 -39.1318 -0.0739304 0.997245 -0.00613887 1.09423 -0.00831338 0.00553921 0.99995 0.672406
0.997051 0.0762082 0.00905185 -39.6849 -0.0761328 0.997062 -0.00839853 1.12107 -0.0096653 0.00768462 0.999924 0.65381
0.996854 0.0785079 0.0109193 -40.2337 -0.0784195 0.996886 -0.00829757 1.1781 -0.0115367 0.00741518 0.999906 0.656631
0.996646 0.0806815 0.0136658 -40.8038 -0.0805873 0.996721 -0.00730892 1.2344 -0.0142107 0.00618312 0.99988 0.692276
0.996473 0.0826082 0.0147187 -41.3659 -0.0825129 0.996566 -0.00696519 1.29066 -0.0152435 0.00572615 0.999867 0.71327
0.996302 0.08467 0.0145939 -41.9158 -0.0845667 0.996389 -0.00755435 1.31696 -0.0151809 0.00629226 0.999865 0.725782
0.996095 0.0871036 0.0143904 -42.4897 -0.0869958 0.996177 -0.00795637 1.35169 -0.0150284 0.0066734 0.999865 0.729928
0.995916 0.0892557 0.0135982 -43.0875 -0.0891615 0.99599 -0.00738399 1.42831 -0.0142028 0.0061414 0.99988 0.744478
0.995826 0.0911368 0.00500769 -43.6433 -0.0911197 0.995834 -0.00354915 1.49971 -0.00531028 0.00307804 0.999981 0.767145
0.99561 0.0935754 -0.00197661 -44.1985 -0.0935784 0.995611 -0.00146297 1.53716 0.00183103 0.00164152 0.999997 0.793681
0.995373 0.0959022 -0.00602551 -44.7759 -0.0959282 0.995379 -0.00419275 1.59995 0.00559558 0.00475136 0.999973 0.807616
0.995132 0.0983823 -0.00576504 -45.3513 -0.0984185 0.995125 -0.00636539 1.65592 0.00511069 0.00690179 0.999963 0.788498
0.99498 0.100026 -0.00308184 -45.9234 -0.100042 0.994967 -0.0056764 1.72742 0.00249854 0.00595621 0.999979 0.785594
0.994835 0.1015 0.000968719 -46.4866 -0.101499 0.994834 -0.0017312 1.79583 -0.00113943 0.00162394 0.999998 0.818176
0.994665 0.103092 0.00364501 -47.0581 -0.103093 0.994672 1.4227e-05 1.8531 -0.00362413 -0.000389925 0.999993 0.865494
0.994526 0.104415 0.00399536 -47.6379 -0.104413 0.994534 -0.000590925 1.91277 -0.00403522 0.000170521 0.999992 0.876569
0.994392 0.105712 0.00315595 -48.2074 -0.105706 0.994395 -0.0021526 1.96935 -0.00336582 0.00180693 0.999993 0.870493
0.994287 0.106723 0.00197887 -48.79 -0.106715 0.994283 -0.00364434 2.02764 -0.00235649 0.00341234 0.999991 0.879186
0.994154 0.107953 0.00215795 -49.4024 -0.107942 0.994147 -0.00454261 2.10725 -0.00263571 0.00428312 0.999987 0.901288
0.993977 0.109553 0.00276379 -49.987 -0.109542 0.993974 -0.00392747 2.17123 -0.0031774 0.00360106 0.999988 0.905619
0.993836 0.11084 0.00195374 -50.5701 -0.110834 0.993835 -0.00271622 2.2417 -0.00224276 0.00248294 0.999994 0.923621
0.993708 0.111999 0.000656465 -51.1675 -0.111997 0.993707 -0.00194525 2.30368 -0.000870199 0.00185948 0.999998 0.930541
0.993551 0.113377 0.00109684 -51.7694 -0.113375 0.99355 -0.00204293 2.37878 -0.00132139 0.0019054 0.999997 0.929155
0.993407 0.114621 0.00192674 -52.3774 -0.114616 0.993407 -0.00221898 2.47476 -0.00216838 0.00198352 0.999996 0.938415
0.993191 0.116467 0.00270935 -52.9747 -0.116461 0.993193 -0.0021341 2.55551 -0.00293946 0.00180403 0.999994 0.950352
0.993008 0.117994 0.00355415 -53.5684 -0.117987 0.993013 -0.00192209 2.62027 -0.00375611 0.00148931 0.999992 0.967165
0.992866 0.119151 0.00445806 -54.1853 -0.119144 0.992875 -0.00171769 2.68409 -0.00463096 0.00117429 0.999989 0.974595
0.992663 0.120812 0.00506436 -54.793 -0.120806 0.992675 -0.00147514 2.74979 -0.00520548 0.000852514 0.999986 0.987079
0.992511 0.122067 0.00457791 -55.4422 -0.122062 0.992522 -0.00118212 2.83439 -0.00468798 0.000614477 0.999989 1.00877
0.992335 0.123536 0.00333394 -56.0537 -0.123534 0.99234 -0.000786228 2.93332 -0.00340553 0.000368347 0.999994 1.03715
0.992172 0.124851 0.00249535 -56.678 -0.12485 0.992175 -0.000829111 3.01278 -0.00257934 0.000511077 0.999997 1.05837
0.992071 0.125636 0.00334058 -57.3265 -0.125633 0.992076 -0.00111505 3.08685 -0.0034542 0.000686525 0.999994 1.06252
0.992125 0.12518 0.00420849 -57.9708 -0.125177 0.992134 -0.000978384 3.18052 -0.00429786 0.000443873 0.999991 1.07458
0.992221 0.124418 0.00429416 -58.6073 -0.124415 0.99223 -0.00104377 3.24748 -0.00439065 0.000501391 0.99999 1.08018
0.992272 0.124017 0.00403754 -59.2488 -0.124012 0.99228 -0.00134842 3.32303 -0.0041736 0.000837294 0.999991 1.0856
0.992318 0.123661 0.0036229 -59.8967 -0.123656 0.992324 -0.00150212 3.40439 -0.00378085 0.00104259 0.999992 1.09825
0.992352 0.123373 0.00405 -60.5366 -0.123366 0.99236 -0.00182624 3.48049 -0.00424437 0.00131264 0.99999 1.1197
0.992349 0.123299 0.00632631 -61.1843 -0.123285 0.992368 -0.00250429 3.55171 -0.00658681 0.00170519 0.999977 1.13006
0.99241 0.122705 0.00806711 -61.849 -0.122687 0.992442 -0.00268228 3.63682 -0.00833526 0.00167219 0.999964 1.127
0.992403 0.122742 0.00843426 -62.483 -0.122725 0.992438 -0.00245766 3.72711 -0.00867214 0.00140389 0.999961 1.13462
0.992456 0.122315 0.00839314 -63.1465 -0.1223 0.992491 -0.00224704 3.81701 -0.00860496 0.00120361 0.999962 1.14388
0.992512 0.121832 0.00877568 -63.8401 -0.121818 0.99255 -0.00213936 3.91001 -0.00897094 0.00105431 0.999959 1.16587
0.992501 0.121882 0.00930951 -64.5089 -0.121866 0.992544 -0.00233977 4.00518 -0.00952528 0.00118771 0.999954 1.18515
0.99247 0.122068 0.0101192 -65.2053 -0.122046 0.992521 -0.00278198 4.05317 -0.0103831 0.00152603 0.999945 1.18836
0.992519 0.121657 0.0102443 -65.9165 -0.121632 0.99257 -0.00309849 4.12832 -0.0105451 0.00182928 0.999943 1.18411
0.992577 0.121267 0.00926665 -66.6109 -0.121244 0.992618 -0.00301678 4.21414 -0.00956408 0.00187086 0.999953 1.20256
0.992617 0.121036 0.00781224 -67.319 -0.121016 0.992646 -0.00292474 4.31957 -0.00810879 0.00195774 0.999965 1.22729
0.992619 0.121058 0.00730352 -68.0152 -0.121041 0.992644 -0.00273385 4.4021 -0.00758075 0.00182964 0.99997 1.25303
0.99255 0.121545 0.00842208 -68.7098 -0.121522 0.992584 -0.00319441 4.48189 -0.00874789 0.00214714 0.999959 1.27426
0.992507 0.121736 0.0104576 -69.413 -0.121704 0.99256 -0.00360982 4.57615 -0.0108192 0.00231005 0.999939 1.2811
0.992496 0.121744 0.0114462 -70.1274 -0.12171 0.992559 -0.00356037 4.65677 -0.0117945 0.00214053 0.999928 1.29225
0.99247 0.121991 0.0110476 -70.8336 -0.121962 0.992529 -0.00323026 4.75435 -0.0113591 0.00185854 0.999934 1.31817
0.992441 0.122277 0.0104325 -71.5449 -0.122249 0.992494 -0.00323473 4.8392 -0.0107497 0.00193491 0.99994 1.33693
0.992409 0.122461 0.0112654 -72.2661 -0.122431 0.992471 -0.00331311 4.93368 -0.0115863 0.00190873 0.999931 1.35215
0.992377 0.122577 0.0127961 -72.9792 -0.122547 0.992458 -0.00313585 5.02898 -0.013084 0.00154383 0.999913 1.37437
0.992369 0.122521 0.0138624 -73.7002 -0.122497 0.992466 -0.00257639 5.14076 -0.0140736 0.000858624 0.999901 1.40504
0.992338 0.122795 0.0136545 -74.4514 -0.122783 0.992432 -0.00169628 5.24375 -0.0137595 6.74415e-06 0.999905 1.44415
0.992362 0.122707 0.0127034 -75.2029 -0.122701 0.992443 -0.00121685 5.32183 -0.0127568 -0.000351177 0.999919 1.4732
0.992561 0.121263 0.0108434 -75.9662 -0.12127 0.99262 -4.5075e-05 5.40749 -0.0107689 -0.00127025 0.999941 1.50668
0.992697 0.120198 0.0102707 -76.7025 -0.120213 0.992748 0.000788083 5.50674 -0.0101015 -0.00201699 0.999947 1.55446
0.9928 0.11925 0.0113097 -77.4363 -0.119269 0.992861 0.00102744 5.60826 -0.0111064 -0.00236893 0.999936 1.58949
0.992946 0.117892 0.012616 -78.204 -0.117914 0.993023 0.00101823 5.69608 -0.0124079 -0.00249865 0.99992 1.60843
0.993085 0.116616 0.0135398 -78.97 -0.116634 0.993175 0.000541366 5.75512 -0.0133843 -0.00211682 0.999908 1.61992
0.993207 0.115533 0.0138792 -79.7078 -0.115549 0.993302 0.000342018 5.84946 -0.0137468 -0.00194343 0.999904 1.63339
0.99338 0.114139 0.0129702 -80.4672 -0.114156 0.993463 0.000587498 5.95424 -0.0128184 -0.00206423 0.999916 1.65414
0.993533 0.112973 0.0113417 -81.2611 -0.112986 0.993596 0.00054704 6.02362 -0.0112073 -0.00182496 0.999936 1.67674
0.993691 0.11171 0.00994574 -82.0324 -0.111719 0.99374 0.000320671 6.11317 -0.00984766 -0.00142977 0.99995 1.68317
0.993808 0.11059 0.0107106 -82.7966 -0.110602 0.993865 0.00049447 6.21488 -0.0105902 -0.00167602 0.999943 1.69755
0.993981 0.108916 0.0118137 -83.5677 -0.108932 0.994049 0.000749128 6.31478 -0.0116618 -0.00203151 0.99993 1.72826
0.99407 0.108068 0.0120508 -84.3296 -0.108087 0.994141 0.000949021 6.39308 -0.0118777 -0.00224594 0.999927 1.75136
0.994168 0.107169 0.0120383 -85.0884 -0.107185 0.994239 0.000706432 6.45333 -0.0118932 -0.00199264 0.999927 1.75584
0.994316 0.105762 0.0122426 -85.8597 -0.105776 0.99439 0.000462169 6.53362 -0.012125 -0.00175451 0.999925 1.76688
0.994416 0.10476 0.0127467 -86.6188 -0.104776 0.994496 0.000562537 6.61737 -0.0126176 -0.00189494 0.999919 1.79076
0.994548 0.103465 0.0130438 -87.3995 -0.103485 0.994631 0.00090744 6.7036 -0.0128799 -0.00225234 0.999915 1.81955
0.994649 0.102517 0.012816 -88.1777 -0.10254 0.994728 0.00116515 6.79248 -0.012629 -0.00247307 0.999917 1.84257
0.994756 0.101495 0.0126464 -88.9624 -0.101518 0.994833 0.00116051 6.86861 -0.0124633 -0.00243826 0.999919 1.85682
0.994872 0.100269 0.0132769 -89.715 -0.100291 0.994958 0.000985451 6.95496 -0.0131111 -0.00231195 0.999911 1.87465
0.994976 0.0990662 0.014471 -90.4525 -0.0990936 0.995077 0.00118669 7.02838 -0.0142822 -0.00261471 0.999895 1.91302
0.995029 0.0983093 0.0158884 -91.2034 -0.098347 0.995151 0.00161035 7.11674 -0.0156531 -0.00316492 0.999872 1.96159
0.994987 0.098668 0.0163147 -91.9434 -0.0987081 0.995115 0.00166468 7.16006 -0.0160708 -0.00326674 0.999866 1.98971
0.994916 0.0994935 0.0156028 -92.7041 -0.0995241 0.995034 0.00119689 7.21779 -0.0154063 -0.00274366 0.999878 2.00732
0.994854 0.100098 0.0156887 -93.4761 -0.100126 0.994974 0.00104546 7.26477 -0.0155052 -0.00261093 0.999876 2.02128
0.99482 0.100375 0.0160737 -94.2423 -0.100409 0.994945 0.0012866 7.34035 -0.0158633 -0.00289387 0.99987 2.043
0.994762 0.10091 0.0162922 -94.9837 -0.100946 0.994891 0.00142373 7.41958 -0.0160653 -0.00306091 0.999866 2.06235
0.994733 0.101183 0.016396 -95.7226 -0.101216 0.994864 0.00122888 7.4915 -0.0161874 -0.00288195 0.999865 2.07975
0.994667 0.101796 0.0165675 -96.4479 -0.101823 0.994802 0.000771098 7.56422 -0.0164029 -0.00245393 0.999862 2.10065
0.994616 0.102299 0.0165278 -97.1739 -0.10231 0.994753 -0.00018054 7.63606 -0.0164595 -0.00151139 0.999863 2.13332
0.994566 0.102688 0.0171543 -97.9031 -0.102694 0.994713 -0.000511506 7.69992 -0.0171161 -0.00125291 0.999853 2.16079
0.99451 0.103156 0.0175919 -98.6312 -0.103162 0.994664 -0.000580517 7.76443 -0.0175579 -0.00123749 0.999845 2.19272
0.994499 0.103123 0.0183481 -99.3555 -0.103131 0.994668 -0.000466711 7.85627 -0.0182984 -0.00142813 0.999832 2.22464
0.994508 0.103015 0.0185065 -100.076 -0.103006 0.99468 -0.00144101 7.9366 -0.0185565 -0.000473189 0.999828 2.27871
0.994418 0.103751 0.0191972 -100.789 -0.103685 0.9946 -0.00441864 7.99463 -0.019552 0.00240352 0.999806 2.30633
0.994414 0.103776 0.0192707 -101.488 -0.103682 0.994594 -0.00581893 8.06754 -0.0197704 0.00378841 0.999797 2.31674
0.994423 0.103764 0.0188832 -102.212 -0.103597 0.994573 -0.00959743 8.15394 -0.0197766 0.00758765 0.999776 2.35171
0.99422 0.104164 0.0259992 -102.905 -0.103876 0.994515 -0.0121939 8.22384 -0.0271268 0.00942277 0.999588 2.39066
0.993802 0.104187 0.0387532 -103.597 -0.103895 0.994543 -0.00947226 8.28461 -0.0395286 0.00538729 0.999204 2.44597
0.993431 0.103538 0.0487295 -104.308 -0.103548 0.994622 -0.00233572 8.35508 -0.0487092 -0.00272545 0.998809 2.47716
0.993613 0.102942 0.0462099 -105.007 -0.103189 0.994657 0.00298611 8.4675 -0.0456557 -0.00773539 0.998927 2.54635
0.994234 0.103391 0.0284442 -105.709 -0.103512 0.994624 0.00280902 8.54998 -0.0280009 -0.00573715 0.999591 2.60513
0.994619 0.103501 0.00442903 -106.46 -0.103504 0.994629 0.000507157 8.61669 -0.00435275 -0.000962852 0.99999 2.57415
0.994419 0.103793 -0.0189229 -107.18 -0.103781 0.994599 0.00160865 8.67323 0.0189877 0.000364166 0.99982 2.53187
0.994336 0.102936 -0.0264782 -107.881 -0.102833 0.994685 0.00521462 8.75857 0.0268743 -0.00246225 0.999636 2.57254
0.994614 0.103007 -0.0115183 -108.545 -0.102949 0.994672 0.00546608 8.84061 0.01202 -0.00425084 0.999919 2.66818
0.994501 0.103361 0.0168763 -109.214 -0.103406 0.994638 0.00180335 8.90578 -0.0165994 -0.00353853 0.999856 2.70961
0.993844 0.102878 0.0411105 -109.888 -0.102806 0.994694 -0.00387832 8.97462 -0.0412913 -0.000371934 0.999147 2.70423
0.993575 0.102808 0.04732 -110.574 -0.102671 0.994701 -0.0053105 9.04893 -0.0476152 0.000417987 0.998866 2.67984
0.994139 0.102694 0.0337741 -111.297 -0.102721 0.99471 -0.000944802 9.13178 -0.0336924 -0.00253003 0.999429 2.71446
0.994529 0.103053 0.017116 -112.009 -0.103109 0.994667 0.00246811 9.20155 -0.0167704 -0.00421942 0.99985 2.78615
0.994585 0.103508 0.00929576 -112.727 -0.103544 0.994619 0.00348202 9.27962 -0.00888532 -0.00442569 0.999951 2.81405
0.994573 0.103667 0.00886352 -113.441 -0.103711 0.994596 0.00471715 9.34574 -0.00832661 -0.0056108 0.99995 2.83156
0.994566 0.103491 0.0113487 -114.141 -0.103544 0.994616 0.00424969 9.41014 -0.0108478 -0.00540169 0.999927 2.87361
0.994469 0.103816 0.0159466 -114.85 -0.103854 0.994591 0.00156906 9.47355 -0.0156975 -0.0032165 0.999872 2.92473
0.994376 0.103715 0.0214141 -115.562 -0.103755 0.994603 0.000765475 9.54647 -0.0212191 -0.002983 0.99977 2.92026
0.994436 0.102673 0.0235845 -116.258 -0.102756 0.994704 0.00232926 9.64982 -0.0232205 -0.00473975 0.999719 2.92238
0.994515 0.102452 0.0210709 -116.973 -0.102586 0.994709 0.00540645 9.74706 -0.0204055 -0.00753838 0.999763 2.9451
0.994532 0.103429 0.0144381 -117.71 -0.103568 0.994579 0.00927682 9.79823 -0.0134003 -0.0107214 0.999853 3.03666
0.994472 0.104255 0.0124723 -118.448 -0.104364 0.994504 0.00838137 9.86754 -0.01153 -0.0096367 0.999887 3.07528
0.994363 0.104259 0.0192731 -119.147 -0.104383 0.994522 0.00556233 9.93948 -0.0185876 -0.00754277 0.999799 3.05965
0.994238 0.103374 0.0283638 -119.842 -0.103614 0.994592 0.00710852 10.0157 -0.0274755 -0.0100064 0.999572 3.0621
0.994178 0.102886 0.0320195 -120.546 -0.103234 0.994613 0.00940956 10.1154 -0.0308789 -0.0126603 0.999443 3.13685
0.994251 0.102921 0.0295227 -121.281 -0.103248 0.994608 0.00976472 10.1956 -0.0283585 -0.0127567 0.999516 3.1874
0.994385 0.103175 0.0235029 -122.04 -0.103411 0.994597 0.00905222 10.2673 -0.0224419 -0.0114319 0.999683 3.19995
0.994539 0.102727 0.0184133 -122.783 -0.102906 0.99465 0.0090481 10.3435 -0.0173853 -0.0108935 0.99979 3.21617
0.994609 0.102201 0.0175325 -123.509 -0.102374 0.994703 0.00924411 10.4279 -0.0164949 -0.0109892 0.999804 3.25652
0.994588 0.102052 0.0194928 -124.243 -0.102238 0.994721 0.00878529 10.4915 -0.0184934 -0.0107306 0.999771 3.29533
0.994589 0.101596 0.021678 -125.017 -0.101783 0.994777 0.00766939 10.5612 -0.0207856 -0.00983434 0.999736 3.31989
0.994668 0.100607 0.0226587 -125.771 -0.100801 0.994878 0.00756375 10.6484 -0.0217817 -0.00980744 0.999715 3.32861
0.994896 0.0984803 0.022004 -126.514 -0.0986761 0.995088 0.00799277 10.7403 -0.0211088 -0.0101232 0.999726 3.34701
0.995153 0.09639 0.0194673 -127.249 -0.0965688 0.99529 0.00846152 10.8243 -0.01856 -0.0103004 0.999775 3.38138
0.995335 0.0946804 0.0185459 -128.006 -0.0948454 0.995458 0.00822873 10.8708 -0.0176825 -0.00994934 0.999794 3.40393
0.995525 0.0924866 0.0193972 -128.762 -0.0926409 0.995673 0.00721233 10.9326 -0.0186462 -0.00897702 0.999786 3.43438
0.995728 0.0900101 0.0205925 -129.483 -0.0901629 0.995905 0.00661026 11.0012 -0.0199131 -0.0084387 0.999766 3.46087
0.995929 0.0874569 0.0218299 -130.218 -0.0875924 0.996142 0.00532873 11.0676 -0.0212797 -0.00721917 0.999747 3.50748
0.996129 0.0850449 0.0222128 -130.97 -0.0851677 0.996356 0.00464008 11.1257 -0.0217372 -0.00651393 0.999742 3.53853
0.996305 0.0830218 0.0220089 -131.714 -0.0831499 0.996525 0.00496517 11.1834 -0.0215202 -0.00677687 0.999745 3.55946
0.996543 0.0805294 0.0204056 -132.47 -0.080668 0.996723 0.00605709 11.2622 -0.019851 -0.00768224 0.999773 3.59464
0.996759 0.0783026 0.0184603 -133.202 -0.0784504 0.99689 0.00741983 11.3106 -0.0178219 -0.00884399 0.999802 3.6369
0.996909 0.0765191 0.0178252 -133.931 -0.0766769 0.997021 0.00834141 11.3462 -0.0171338 -0.00968241 0.999806 3.67948
0.997036 0.0744734 0.0193132 -134.665 -0.0746359 0.99718 0.00783516 11.3974 -0.0186752 -0.00925339 0.999783 3.70831
0.997146 0.0722742 0.0218399 -135.395 -0.0724443 0.997347 0.00710046 11.452 -0.0212688 -0.00866237 0.999736 3.72051
0.997285 0.0697342 0.0236794 -136.119 -0.0699202 0.997527 0.0071158 11.5071 -0.0231246 -0.00875214 0.999694 3.74359
0.99748 0.0669523 0.0234747 -136.846 -0.0671465 0.997714 0.00758324 11.5575 -0.0229133 -0.00914037 0.999696 3.77361
0.997699 0.0645975 0.0205768 -137.584 -0.0647847 0.997862 0.00856804 11.6113 -0.0199793 -0.00988138 0.999752 3.80601
0.99786 0.0629683 0.0176447 -138.296 -0.0631382 0.997962 0.00924583 11.6392 -0.0170265 -0.0103401 0.999802 3.85292
0.997952 0.0615162 0.017523 -139.005 -0.0616733 0.99806 0.00857046 11.6753 -0.0169617 -0.00963361 0.99981 3.88073
0.998019 0.0596983 0.0198707 -139.722 -0.0598675 0.998174 0.00803046 11.717 -0.019355 -0.00920415 0.99977 3.89754
0.998056 0.057417 0.0242221 -140.426 -0.0575685 0.998326 0.00560425 11.7718 -0.0238598 -0.00698779 0.999691 3.96796
0.997652 0.0561189 0.0392653 -141.112 -0.0562996 0.998408 0.00351114 11.8089 -0.0390058 -0.00571352 0.999223 4.00033
0.99703 0.05458 0.054329 -141.802 -0.0548529 0.998488 0.0035427 11.8411 -0.0540535 -0.00651228 0.998517 4.04009
0.9968 0.0529724 0.059863 -142.5 -0.0534186 0.998555 0.00587677 11.8672 -0.0594652 -0.00905576 0.998189 4.06259
0.997539 0.0510935 0.0480082 -143.212 -0.0515751 0.99863 0.0088469 11.9206 -0.0474904 -0.0113012 0.998808 4.09524
0.998545 0.05059 0.0186716 -143.942 -0.0508021 0.998647 0.0110641 11.9714 -0.0180866 -0.0119965 0.999764 4.11471
0.99865 0.0500549 -0.0138789 -144.699 -0.0499317 0.998711 0.00908625 11.999 0.0143159 -0.00838099 0.999862 4.13772
0.998305 0.0494934 -0.0306154 -145.453 -0.0492817 0.998756 0.00763126 12.0188 0.030955 -0.00610955 0.999502 4.15107
0.998636 0.0488759 -0.0183675 -146.151 -0.0487316 0.998778 0.0082219 12.0507 0.0187469 -0.00731561 0.999797 4.18795
0.998783 0.0470074 0.0149292 -146.856 -0.0471624 0.998835 0.010204 12.0931 -0.0144322 -0.0108957 0.999836 4.23403
0.997892 0.0456822 0.0460936 -147.555 -0.0462969 0.998851 0.0123586 12.1446 -0.0454761 -0.0144665 0.998861 4.23698
0.997435 0.0451873 0.055509 -148.286 -0.0459292 0.998871 0.0121637 12.1873 -0.0548967 -0.014682 0.998384 4.25371
0.998143 0.0451505 0.0408895 -149.045 -0.0456207 0.998902 0.0106379 12.2246 -0.0403643 -0.0124835 0.999107 4.26968
0.998738 0.0462536 0.0195958 -149.813 -0.0464786 0.998857 0.0111875 12.2498 -0.0190559 -0.0120842 0.999745 4.31299
0.998826 0.0476084 0.00897575 -150.568 -0.0477146 0.998789 0.0120127 12.2685 -0.00839298 -0.0124269 0.999888 4.38951
0.998808 0.0470818 0.0128825 -151.312 -0.0472597 0.998786 0.0138662 12.3254 -0.0122141 -0.0144585 0.999821 4.41727
0.998626 0.0472509 0.0226448 -152.066 -0.0475973 0.998754 0.0150135 12.3849 -0.0219071 -0.0160707 0.999631 4.44698
0.998388 0.0476484 0.0308301 -152.827 -0.0481645 0.998708 0.0162208 12.4208 -0.0300173 -0.0176796 0.999393 4.47048
0.998293 0.0484321 0.0326398 -153.562 -0.048947 0.998686 0.0151634 12.4453 -0.0318625 -0.0167351 0.999352 4.50152
0.998343 0.0490663 0.0300688 -154.34 -0.0494802 0.998688 0.0131799 12.4756 -0.0293826 -0.0146458 0.999461 4.55261
0.998341 0.049974 0.0285835 -155.162 -0.0503442 0.998655 0.0123809 12.488 -0.0279263 -0.0137993 0.999515 4.57683
0.998345 0.0511779 0.0262206 -155.95 -0.0514788 0.998614 0.0109309 12.5261 -0.0256248 -0.0122626 0.999596 4.61943
0.998384 0.0512984 0.0244704 -156.734 -0.0515557 0.99862 0.0100018 12.5696 -0.0239236 -0.0112472 0.999651 4.65326
0.998407 0.0515056 0.0230268 -157.512 -0.051739 0.998614 0.00966108 12.6285 -0.0224973 -0.0108371 0.999688 4.68292
0.998404 0.0519402 0.0221954 -158.289 -0.0521582 0.998595 0.00935884 12.6762 -0.0216782 -0.0105016 0.99971 4.71573
0.998395 0.0522842 0.0217545 -159.087 -0.0524792 0.998586 0.00848911 12.7061 -0.0212799 -0.00961715 0.999727 4.75022
0.998332 0.0534685 0.0217799 -159.868 -0.0536531 0.998528 0.00798104 12.747 -0.0213211 -0.00913629 0.999731 4.77818
0.998246 0.0547456 0.0225533 -160.668 -0.054941 0.998456 0.00813986 12.7802 -0.0220728 -0.00936468 0.999713 4.80807
0.998154 0.0560746 0.0233159 -161.465 -0.0562855 0.998379 0.00848761 12.8295 -0.0228022 -0.00978429 0.999692 4.84623
0.998096 0.0569407 0.0237163 -162.263 -0.0571558 0.998329 0.00849186 12.8874 -0.0231932 -0.00983122 0.999683 4.87936
0.99804 0.057659 0.0243209 -163.072 -0.0578895 0.998283 0.00888138 12.9442 -0.0237671 -0.0102719 0.999665 4.92019
0.997953 0.0586017 0.0255923 -163.863 -0.0588609 0.998221 0.00949224 12.985 -0.0249905 -0.0109792 0.999627 4.95641
0.997848 0.059725 0.0270579 -164.674 -0.0600204 0.998145 0.01024 13.0399 -0.0263961 -0.011842 0.999581 5.00145
0.997733 0.0611656 0.0280762 -165.48 -0.061487 0.99805 0.0107315 13.1094 -0.0273651 -0.0124335 0.999548 5.03524
0.997629 0.0625897 0.0286105 -166.295 -0.0629245 0.997958 0.0109526 13.174 -0.0278665 -0.0127269 0.999531 5.07533
0.997505 0.0643273 0.0290713 -167.12 -0.064661 0.99785 0.0106872 13.2253 -0.0283213 -0.0125403 0.99952 5.10987
0.997285 0.0677527 0.0288325 -167.925 -0.0680693 0.997629 0.0101445 13.2496 -0.0280768 -0.0120796 0.999533 5.13865
0.997063 0.070969 0.0287897 -168.791 -0.0712791 0.997407 0.00988868 13.3177 -0.0280133 -0.0119117 0.999537 5.16361
0.996847 0.0741452 0.0282727 -169.625 -0.0744533 0.997174 0.0100023 13.4012 -0.0274511 -0.0120757 0.99955 5.20208
0.996607 0.077222 0.0284888 -170.43 -0.077541 0.996936 0.0102655 13.4897 -0.0276088 -0.0124397 0.999541 5.24616
0.996306 0.0806308 0.0295451 -171.254 -0.0809686 0.996662 0.0104207 13.5527 -0.0286062 -0.0127744 0.999509 5.28659
0.996023 0.0837637 0.0303557 -172.085 -0.084115 0.996401 0.0104866 13.6207 -0.029368 -0.0129983 0.999484 5.33124
0.995738 0.0870841 0.0303733 -172.897 -0.0874309 0.996118 0.0102789 13.6862 -0.0293603 -0.0128907 0.999486 5.36422
0.995457 0.0905025 0.0295776 -173.741 -0.0908353 0.995815 0.0101072 13.7905 -0.0285391 -0.012748 0.999511 5.39284
0.995181 0.0939121 0.0281992 -174.58 -0.0942424 0.995493 0.010618 13.8776 -0.027075 -0.0132244 0.999546 5.43979
0.994905 0.0970119 0.0274424 -175.4 -0.0973529 0.995185 0.0113724 13.967 -0.026207 -0.013986 0.999559 5.48003
0.99464 0.0994205 0.0284197 -176.226 -0.0997801 0.994943 0.0115261 14.072 -0.0271301 -0.0143 0.99953 5.51546
0.994396 0.101493 0.0295886 -177.054 -0.10187 0.994731 0.0115083 14.1714 -0.0282647 -0.014458 0.999496 5.5482
0.994199 0.103251 0.0301159 -177.875 -0.103642 0.994546 0.0116994 14.2693 -0.0287436 -0.0147528 0.999478 5.58864
0.99409 0.104172 0.0305606 -178.685 -0.104578 0.994444 0.0120062 14.3606 -0.0291401 -0.0151312 0.999461 5.6329
0.994129 0.103903 0.030184 -179.525 -0.104306 0.994472 0.0121041 14.4578 -0.0287595 -0.0151814 0.999471 5.67777
0.994059 0.104635 0.02996 -180.333 -0.105037 0.994394 0.0121718 14.5241 -0.0285184 -0.0152464 0.999477 5.7229
0.99396 0.105396 0.0305791 -181.127 -0.105804 0.994314 0.0120185 14.5972 -0.0291385 -0.0151813 0.99946 5.75444
0.993999 0.10488 0.0310747 -181.895 -0.105291 0.99437 0.0119053 14.6876 -0.0296511 -0.0151057 0.999446 5.78955
0.993987 0.104826 0.0316504 -182.686 -0.105247 0.994374 0.0119472 14.7682 -0.0302199 -0.0152065 0.999428 5.83215
