1.000000000000000000e+00 0.000000000000000000e+00 0.000000000000000000e+00 0.000000000000000000e+00 0.000000000000000000e+00 1.000000000000000000e+00 0.000000000000000000e+00 0.000000000000000000e+00 0.000000000000000000e+00 0.000000000000000000e+00 1.000000000000000000e+00 0.000000000000000000e+00
9.999999996681949721e-01 6.206578630443586526e-05 1.146793480110515772e-05 -5.056941121676712019e-04 -6.206577681382606981e-05 9.999999997619881675e-01 3.257073835644896763e-06 -3.891224258926470554e-05 -1.146826622106147779e-05 -3.257366645683811350e-06 1.000000000027054137e+00 -2.606843802709917922e-04
1.000000004433592382e+00 2.530285017358062670e-05 8.834753194122813946e-05 5.060682096463780914e-04 -2.530416267295071574e-05 1.000000007028701399e+00 2.537076409726882447e-05 1.415921114092728427e-03 -8.834594386379157702e-05 -2.537593128601625350e-05 9.999999972809872073e-01 -7.985987469450450682e-04
1.000000010964112951e+00 -3.537029624867624053e-05 6.476503902223571343e-05 2.663182030993722395e-03 3.537296582483428646e-05 1.000000008596819923e+00 1.502243792475009371e-05 2.538732127126768455e-03 -6.476584916115340183e-05 -1.501999324002706971e-05 1.000000003652829372e+00 -7.576361072811298430e-04
1.000000015758114591e+00 1.603217033321799098e-05 5.501462098868889570e-05 2.505535777240369862e-03 -1.602594876321537774e-05 1.000000013308038671e+00 -2.898334622098073152e-05 2.037591789570106400e-03 -5.501169418886861214e-05 2.898057560297025612e-05 1.000000005426238125e+00 -1.286859263572115962e-03
1.000000015405198672e+00 4.478596763943233866e-05 5.243667013241984229e-05 1.197681746491305755e-03 -4.477775274076286434e-05 1.000000011218767915e+00 -6.664989068341449269e-05 1.856030843864295548e-03 -5.243586151157234222e-05 6.664539474068490550e-05 1.000000004116906815e+00 -1.804129563666154569e-03
1.000000016422733840e+00 6.640919411043382935e-05 3.698519866518264836e-06 -1.554472172396961663e-04 -6.640455569988982739e-05 1.000000008935559181e+00 -8.649214953144288985e-05 1.330518777138120501e-03 -3.700280472279694788e-06 8.648949071910477370e-05 1.000000005101236544e+00 -1.390703007308869083e-03
1.000000021346546086e+00 2.069800412508901502e-06 3.381343938640668344e-05 3.904791359336415535e-05 -2.061695045847963642e-06 1.000000015790409869e+00 -7.083527368402655440e-05 1.774437615521292592e-03 -3.380700664854476207e-05 7.083027289965034446e-05 1.000000007227286325e+00 -1.405312731351705900e-03
1.000000021949170259e+00 2.104451252439652319e-05 1.519673401590462860e-05 3.857495094016849058e-04 -2.103776950093308164e-05 1.000000015701836276e+00 -7.459206588106727777e-05 1.482952841039794937e-03 -1.519201460198385366e-05 7.458650997346645800e-05 1.000000007676257407e+00 -1.590180674382746327e-03
1.000000021488642199e+00 4.193983723010588768e-05 -3.758268397464618096e-05 -6.086046405361127598e-05 -4.193748515431976225e-05 1.000000013890371964e+00 -9.087666009926430007e-05 1.717086419500343797e-03 3.758518261547088158e-05 9.087246661718128855e-05 1.000000006483032999e+00 -1.999878145035185757e-03
9.999999994957102789e-01 -7.070233418959270291e-06 -2.187290591455388347e-04 1.139863540165746191e-03 7.052375119241940218e-06 1.000000013050993397e+00 -1.088532082328810211e-04 1.487142076324436462e-03 2.187361824694545860e-04 1.088459574455206990e-04 9.999999818871011525e-01 -2.087213559722064793e-03
9.999999631227526331e-01 -1.203927214816549187e-05 -3.510008046515410022e-04 1.552725432200691277e-03 1.206091991992569769e-05 1.000000018213670350e+00 4.305187812775616347e-05 5.431729841825472770e-04 3.510065782124956852e-04 -4.306147867828259907e-05 9.999999507256943643e-01 -1.989081606904517276e-03
9.999999441144926671e-01 3.361204753500879599e-05 -4.096217365470330952e-04 1.310795724817516786e-03 -3.355820541095238006e-05 1.000000013855782299e+00 1.181320926282009671e-04 2.505591966225576158e-04 4.096301917787286057e-04 -1.181227845263600323e-04 9.999999263244340186e-01 -3.624351175265337448e-03
9.999994745127942508e-01 3.906620917617440310e-05 -1.055273256743294611e-03 4.141578387737185167e-03 -3.909716938668057355e-05 1.000000020910262855e+00 -3.225040328736636310e-05 4.058303358997336825e-04 1.055276355999996149e-03 3.228709579575143564e-05 9.999994641504345028e-01 -5.190199698585376553e-03
9.999952701434589031e-01 5.770566756901893460e-05 -3.085858249714653820e-03 1.442177999271702926e-02 -5.839364793692968354e-05 9.999999954584821715e-01 -2.239757226167032194e-04 7.284555440335677926e-04 3.085849604440144521e-03 2.241502507618203799e-04 9.999952361536038614e-01 -5.411137262820338301e-03
9.999820415793980732e-01 1.645741960429128199e-04 -5.996614115129845698e-03 4.302237251096976967e-02 -1.649270456223116620e-04 1.000000006950150677e+00 -5.897369548179629147e-05 2.328105357692369665e-03 5.996608643152697392e-03 5.995728665258397551e-05 9.999820428090854252e-01 -4.719009320442414494e-03
9.999689360238147584e-01 2.138941292876323939e-04 -7.883667991268591968e-03 9.265250825571393067e-02 -2.128318998943795495e-04 9.999999907031993374e-01 1.351287021375562243e-04 3.384978317759388105e-03 7.883701086263159713e-03 -1.334504954804082127e-04 9.999689390922723575e-01 -5.291716508487766778e-03
9.999702831128293168e-01 3.340101923262908342e-04 -7.707005862559400920e-03 1.588968953423449681e-01 -3.350034636466878873e-04 9.999999582628652517e-01 -1.280201872825246774e-04 2.452245880225934274e-03 7.706967105197192434e-03 1.305948558315397955e-04 9.999703200592293673e-01 -5.730670408125100763e-03
9.999773659916552093e-01 5.850404619724878207e-04 -6.709035868704658900e-03 2.405499813448557789e-01 -5.915406557015100066e-04 9.999993801307834884e-01 -9.671698981664480447e-04 1.336865610180845482e-04 6.708470171561928957e-03 9.711127830531708031e-04 9.999770589704480850e-01 -4.135163085301718673e-03
9.999798669162388576e-01 8.452443048529273938e-04 -6.296127576540929902e-03 3.365853394380379782e-01 -8.552680673954297973e-04 9.999983933538076908e-01 -1.589801501860047504e-03 -1.529967621428201998e-03 6.294778012649847321e-03 1.595150038100458592e-03 9.999789499175351093e-01 -2.381177829454828173e-04
9.999756992387716092e-01 1.050278339803679311e-03 -6.898489262516978478e-03 4.477837898958156870e-01 -1.062374653380765335e-03 9.999979275615700214e-01 -1.750187329165834183e-03 -1.059464803993692130e-03 6.896641684182986537e-03 1.757469926271498957e-03 9.999747087693844350e-01 2.494282036699452948e-03
9.999700175525788604e-01 1.323004782089921057e-03 -7.636160984332807447e-03 5.757114647481355041e-01 -1.337153012552714723e-03 9.999974235726700744e-01 -1.847668952606343427e-03 -9.407527040679142347e-05 7.633702085424060209e-03 1.857821258957585795e-03 9.999691763122583454e-01 2.274910268439797080e-03
9.999671417848934318e-01 1.656044938349807323e-03 -7.941703315503543040e-03 7.216915956135592225e-01 -1.672269287261273678e-03 9.999965530656771406e-01 -2.036438864329600737e-03 -1.083105151898557756e-03 7.938308497463854654e-03 2.049649790191691336e-03 9.999664299768900033e-01 1.268673731462345014e-03
9.999647882098767759e-01 2.102857563503884690e-03 -8.130088285869949832e-03 8.843820102756788648e-01 -2.120212545675584370e-03 9.999955176170260973e-01 -2.126362940733443532e-03 -3.849367832850669746e-03 8.125584792256080116e-03 2.143522784490972319e-03 9.999647299633330766e-01 3.369716589873444391e-03
9.999625997315505499e-01 2.576080249223264979e-03 -8.262022290984362416e-03 1.062331776095427838e+00 -2.590774543958063170e-03 9.999951070746215809e-01 -1.768055525307225383e-03 -4.360035397278420183e-03 8.257431700842862016e-03 1.789391668723542888e-03 9.999643464602419041e-01 7.165305279461436916e-03
9.999593639659135613e-01 2.879993593707210961e-03 -8.548381749871988150e-03 1.260549132610455869e+00 -2.894856616727800678e-03 9.999943464951408512e-01 -1.726483003790621040e-03 -1.082208503564682876e-03 8.543366151271644671e-03 1.751156694489341276e-03 9.999620129952360159e-01 9.341595308429963274e-03
9.999585030915141282e-01 3.286860852212128078e-03 -8.502256974801728623e-03 1.474220553549168145e+00 -3.302951914079779467e-03 9.999928073909928328e-01 -1.878809223466129446e-03 -2.205201390646197197e-03 8.496025502874225699e-03 1.906811441355459134e-03 9.999621322340310758e-01 9.267612747755175212e-03
9.999554399247949643e-01 4.031810427855026836e-03 -8.541863092071656088e-03 1.703456587368341157e+00 -4.051144810209794667e-03 9.999892984740392787e-01 -2.246952862574392099e-03 -5.756051675421159849e-03 8.532718847880867846e-03 2.281454959785051383e-03 9.999610365823621283e-01 1.026766689070135116e-02
9.999455400440568908e-01 4.445679505847644278e-03 -9.447472240500732338e-03 1.950261256031327051e+00 -4.465427033110847509e-03 9.999879168634866478e-01 -2.069762834523805259e-03 -7.487473583544478062e-03 9.438163073651409038e-03 2.111835385529609813e-03 9.999532735232492531e-01 1.583278924114535011e-02
9.999356399701193610e-01 4.538848152429317273e-03 -1.040282330417659218e-02 2.216389257378512667e+00 -4.554617791333508657e-03 9.999885438621971545e-01 -1.492273967614234304e-03 -5.438057127814585785e-03 1.039593797813883821e-02 1.539558149136736279e-03 9.999448202899953175e-01 1.919941694433778198e-02
9.999342422092912797e-01 4.562097859210813809e-03 -1.052628379411780016e-02 2.501565817279311155e+00 -4.572521562235419210e-03 9.999891093766580807e-01 -9.659708309526431969e-04 -3.731112360918219326e-03 1.052176958479769490e-02 1.014038343674995455e-03 9.999441754794281545e-01 1.916581504462473370e-02
9.999383105039335584e-01 4.488201726923126550e-03 -1.016543175772476743e-02 2.804369361175748310e+00 -4.493356622393054195e-03 9.999898183568053378e-01 -4.839554637403054851e-04 -5.189271390213709076e-03 1.016316372641462920e-02 5.296017456466961754e-04 9.999482594098938470e-01 2.403340672454985436e-02
9.999458132727153670e-01 4.204894629005959984e-03 -9.528744463641632481e-03 3.122863148128590005e+00 -4.206352062663895781e-03 9.999911752929988573e-01 -1.325998714283665959e-04 -6.250724371287702009e-03 9.528110500430004084e-03 1.726726277764388680e-04 9.999546390178754018e-01 2.576678670572388544e-02
9.999499215757718940e-01 4.016632319515981396e-03 -9.172210867009667271e-03 3.457201931180533538e+00 -4.024311586440157754e-03 9.999915989258665316e-01 -8.185498962580767734e-04 -7.899131550571508731e-03 9.168853021582904980e-03 8.554190108845035343e-04 9.999576472472831989e-01 2.924211858175529422e-02
9.999465424484086373e-01 3.881432448340027194e-03 -9.589395033838406593e-03 3.806157156878641423e+00 -3.892595205920372763e-03 9.999917996157926536e-01 -1.145374546957447000e-03 -9.859845583857279258e-03 9.584877497904055119e-03 1.182639626598679713e-03 9.999534133290689519e-01 3.783936095633156499e-02
9.999458578213982207e-01 3.746043803907755151e-03 -9.714550863538206835e-03 4.170838015928142184e+00 -3.757613934927888939e-03 9.999922883409568808e-01 -1.172971906331057596e-03 -8.960845674232055871e-03 9.710089725812746583e-03 1.209414759150143591e-03 9.999521788080352191e-01 4.145265403367491552e-02
9.999408848018117579e-01 3.430838013764469455e-03 -1.032386042235228577e-02 4.551418867498091103e+00 -3.444902492105695723e-03 9.999931981887431043e-01 -1.344828805510539516e-03 -9.203162018993986046e-03 1.031918407318562457e-02 1.380316774807589537e-03 9.999458583170115489e-01 4.477755241016784932e-02
9.999395295454029942e-01 3.088064997817997672e-03 -1.056083587526106607e-02 4.948310844504629991e+00 -3.105863368949324591e-03 9.999938208712878529e-01 -1.669547461284829519e-03 -8.089362075298962493e-03 1.055562115784330554e-02 1.702251672217742519e-03 9.999428967785124467e-01 5.076847514624165114e-02
9.999446474796903628e-01 3.346606066569013122e-03 -9.981630661241113964e-03 5.362445562058732129e+00 -3.362697278193573641e-03 9.999931104778867486e-01 -1.596006846315372457e-03 -7.549397790409032721e-03 9.976226865321234302e-03 1.629488443825961560e-03 9.999489668273584542e-01 5.712982787664315498e-02
9.999501934944060588e-01 3.982066674798256586e-03 -9.158862681425869109e-03 5.790651379495440843e+00 -3.980709110685235960e-03 9.999921014913509820e-01 1.661005703099037391e-04 -7.997157532200762156e-03 9.159458010908876763e-03 -1.296287322485395401e-04 9.999581016930861876e-01 6.327552866472335724e-02
9.999516660985272587e-01 4.857353643575834136e-03 -8.555922458468621233e-03 6.237499399637897568e+00 -4.850441587182309326e-03 9.999879326345002539e-01 8.279546972225718809e-04 -6.486005423675336549e-03 8.559846853169201381e-03 -7.864095271877117373e-04 9.999631143021970869e-01 5.804398036460826221e-02
9.999481252109941876e-01 6.264519507370266971e-03 -8.039597248568728857e-03 6.697275765101164069e+00 -6.257861536679171569e-03 9.999800950202331062e-01 8.525210004369067687e-04 -1.126874722338183470e-02 8.044784012369604609e-03 -8.021609410563188122e-04 9.999673782235569686e-01 6.236052158016096997e-02
9.999365603798836544e-01 7.747554047852205084e-03 -8.184509293336458824e-03 7.165646841003831646e+00 -7.753545960513123607e-03 9.999697368491868854e-01 -7.016781993022210614e-04 -1.842006051260029406e-02 8.178831936858539653e-03 7.650974171079178224e-04 9.999663245769140341e-01 7.331004730394098667e-02
9.999217951496712775e-01 8.867527014500945631e-03 -8.826468314940593210e-03 7.637663261173460505e+00 -8.888846256324358167e-03 9.999577032472000138e-01 -2.380100839313374021e-03 -2.440029185093522263e-02 8.804996018392024712e-03 2.458376460391125361e-03 9.999582781754075000e-01 9.064341022298091910e-02
9.999041725434342220e-01 9.938380950419182722e-03 -9.644384495871951776e-03 8.116588836872026036e+00 -9.962484190678086785e-03 9.999474012458814398e-01 -2.455315711421021934e-03 -2.674733926564384218e-02 9.619481947281753945e-03 2.551167855108144467e-03 9.999505440090006303e-01 1.004416348853996305e-01
9.998865018647129510e-01 1.126942093746534021e-02 -1.000616913213350952e-02 8.606564871823994878e+00 -1.127665892124104889e-02 9.999362398947532204e-01 -6.680741893743769120e-04 -2.955989136164314385e-02 9.998008989883311673e-03 7.808400222778370033e-04 9.999497846252437538e-01 1.006778186151622984e-01
9.998684313047113692e-01 1.278407540638982695e-02 -9.991407744842740329e-03 9.107905156160914117e+00 -1.277398483378393811e-02 9.999178851933226975e-01 1.072028963174266949e-03 -3.359784591905107254e-02 1.000429772163055099e-02 -9.442519479817919250e-04 9.999495849495758648e-01 9.626356526416006421e-02
9.998520912060112620e-01 1.441958667463912394e-02 -9.381632488158805905e-03 9.621654498852484139e+00 -1.439065628955198128e-02 9.998915661756436757e-01 3.142313248944584442e-03 -3.830566624097170303e-02 9.425931780907429239e-03 -3.006834768601873448e-03 9.999511347935166050e-01 1.020014943604940494e-01
9.998330445560442703e-01 1.646679454403330786e-02 -7.929726563682380075e-03 1.015061830857038139e+01 -1.643324578050220017e-02 9.998558805979067543e-01 4.275152184469660846e-03 -4.515117173729241151e-02 7.998987201776519909e-03 -4.144120361937662401e-03 9.999595060522656897e-01 1.098807375275878406e-01
9.997943451857763675e-01 1.908852491060711656e-02 -6.859437163457015631e-03 1.068908686101934791e+01 -1.905590315452401762e-02 9.998070139883352692e-01 4.787327695873432737e-03 -5.536367011931846160e-02 6.949501833270345375e-03 -4.655622144716547658e-03 9.999651012453140142e-01 1.210542724412729948e-01
9.997175761657177695e-01 2.248347158811001001e-02 -7.708424196314383331e-03 1.123725989811898884e+01 -2.246287264872756650e-02 9.997439650768454866e-01 2.745725793373149804e-03 -6.978389143617201584e-02 7.768190208966482477e-03 -2.571789370242758433e-03 9.999666100085663478e-01 1.262732262729666932e-01
9.996288024347085299e-01 2.584350680561583319e-02 -8.633052142823572847e-03 1.179962638690250287e+01 -2.583603676792579212e-02 9.996657786944356250e-01 9.730854092996037022e-04 -8.784779131360678783e-02 8.655320776890114073e-03 -7.496727503768061025e-04 9.999623520184216519e-01 1.419956460259620690e-01
9.995496827327471356e-01 2.885318054122313833e-02 -8.251800158430992391e-03 1.237156580196286804e+01 -2.884704447184915921e-02 9.995835300171556081e-01 8.589437665847843989e-04 -1.061142671723265957e-01 8.273153244296069589e-03 -6.205067335506918129e-04 9.999656760727584359e-01 1.526943804044551822e-01
9.994589089849932328e-01 3.190599708333659301e-02 -8.003966758833610043e-03 1.294786603974355899e+01 -3.188488032610390516e-02 9.994878298182552356e-01 2.749259918017306261e-03 -1.209647543664285202e-01 8.087591546039239743e-03 -2.492556438528314728e-03 9.999642816350582386e-01 1.572677885042552126e-01
9.993560355892341374e-01 3.488223720127365396e-02 -8.420854576642438846e-03 1.353230652791782340e+01 -3.484787694090880905e-02 9.993839072648292854e-01 4.190567097156280493e-03 -1.378231927310949179e-01 8.561849312155716055e-03 -3.894409112771362279e-03 9.999558583075879303e-01 1.511356087143714277e-01
9.992622765260370521e-01 3.708803553441610695e-02 -9.977395919541014527e-03 1.412399199252274506e+01 -3.707653297632827055e-02 9.993116073156322887e-01 1.332939925190673421e-03 -1.624411441270089684e-01 1.001997024532688858e-02 -9.620190746869514403e-04 9.999494342013443005e-01 1.496895077609937674e-01
9.991876528323185847e-01 3.841495761992093361e-02 -1.218587971779550028e-02 1.472022970704326816e+01 -3.846183311151354922e-02 9.992535157214434971e-01 -3.638147355614566435e-03 -1.952009544742354663e-01 1.203702988411551981e-02 4.103893535939455092e-03 9.999192312615846623e-01 1.727717586351207035e-01
9.991293979310954532e-01 3.965162497567708416e-02 -1.297558216888388544e-02 1.532414611594969855e+01 -3.974463190775295168e-02 9.991854745397312776e-01 -6.992422526622797327e-03 -2.263503385332513440e-01 1.268775749096486341e-02 7.502055046885787448e-03 9.998914672892325051e-01 2.057450575601572629e-01
9.990777482868276049e-01 4.115970005423602585e-02 -1.223546466482307825e-02 1.593561482215550207e+01 -4.124882581637034223e-02 9.991235662992993261e-01 -7.125971864082098449e-03 -2.530576454679492326e-01 1.193144398418754214e-02 7.624108349570765664e-03 9.998998585379623716e-01 2.162001204473977256e-01
9.990198982615695611e-01 4.262845232610801977e-02 -1.192616482013051857e-02 1.655622549608373362e+01 -4.269654898240327762e-02 9.990729250084735558e-01 -5.517485561256463104e-03 -2.767505052279143896e-01 1.167991209633958624e-02 6.021294012639338313e-03 9.999137660629446867e-01 2.109373415954480524e-01
9.989617466435980475e-01 4.403646821662560856e-02 -1.167888182758161641e-02 1.718142311784429666e+01 -4.409646921461486679e-02 9.990151697708258283e-01 -4.933877754734104781e-03 -3.021174311590640871e-01 1.145011537796021377e-02 5.443762531273201206e-03 9.999197380339109875e-01 2.037660059277491831e-01
9.988989938765366894e-01 4.544648499037534650e-02 -1.164453643612410431e-02 1.780790324754891074e+01 -4.553426647692294243e-02 9.989355137762665482e-01 -7.390727354675827483e-03 -3.334202240848379017e-01 1.129626405408101601e-02 7.912825388233846180e-03 9.999049983278752718e-01 2.148458696242408761e-01
9.988175837029084070e-01 4.699536537651042428e-02 -1.245187295946867910e-02 1.844312141374507164e+01 -4.714283492028657069e-02 9.988181829828604030e-01 -1.182998796008475142e-02 -3.710454787952376932e-01 1.188120805213924158e-02 1.240302622584215503e-02 9.998526050886130667e-01 2.428212837548978931e-01
9.987180275450029399e-01 4.872839350037921208e-02 -1.371247034651470673e-02 1.908416439009377541e+01 -4.890994816523607652e-02 9.987155853805872452e-01 -1.323460178362085952e-02 -4.061674061487721143e-01 1.304996241870759466e-02 1.388832110131783294e-02 9.998185089377129575e-01 2.782422378080055547e-01
9.985634729650163521e-01 5.111986910194643574e-02 -1.606039237761756888e-02 1.972768257131989245e+01 -5.127234358769854755e-02 9.986421154968737612e-01 -9.232253293616215703e-03 -4.325373356010421833e-01 1.556663783595521600e-02 1.004245459369013452e-02 9.998285208405455204e-01 2.933865023742858180e-01
9.983579088506604471e-01 5.402474022503164774e-02 -1.905256727041279227e-02 2.037651133623237953e+01 -5.411137730071152036e-02 9.985267233010272081e-01 -4.063186088375482161e-03 -4.599305503742702195e-01 1.880498985245733154e-02 5.087484647264843909e-03 9.998103507838502768e-01 2.772216512223519280e-01
9.981204760760511441e-01 5.747952077849667607e-02 -2.125576916060542901e-02 2.103626065149554947e+01 -5.758735002254009028e-02 9.983304252468631068e-01 -4.497562710561315603e-03 -5.041320699343158074e-01 2.096176802241961346e-02 5.713182873894929320e-03 9.997640788662123246e-01 2.634893711793304116e-01
9.978751566077793678e-01 6.151905430435498229e-02 -2.146545930959332590e-02 2.169800466004877393e+01 -6.172360641187870506e-02 9.980527702966451864e-01 -9.002007859897420000e-03 -5.602390813031715711e-01 2.086987084793619218e-02 1.030781534950075441e-02 9.997291885572945347e-01 2.995473088258280847e-01
9.976445446315787002e-01 6.580884274429067704e-02 -1.935847656407132036e-02 2.236455014886429282e+01 -6.601643861151608450e-02 9.977655701481958905e-01 -1.028936448468583016e-02 -6.033244916219134835e-01 1.863809495118357723e-02 1.154311581674137901e-02 9.997597894834053811e-01 3.628972791790180397e-01
9.974059969497922618e-01 7.011816554244430788e-02 -1.627614508625321518e-02 2.303611771005074615e+01 -7.023196801366153597e-02 9.975093936944448014e-01 -6.531205241432736647e-03 -6.354082898597029905e-01 1.577765633583073576e-02 7.657378982048534781e-03 9.998463342681819244e-01 3.777881776911411471e-01
9.971254032664830236e-01 7.422127951475900043e-02 -1.524229244711833992e-02 2.371194389305463446e+01 -7.428413428279141695e-02 9.972307018034094472e-01 -3.602366237877477340e-03 -6.783301992390083912e-01 1.493271461363933697e-02 4.724281572395736158e-03 9.998774754316086533e-01 3.486316560003274168e-01
9.967841249544421300e-01 7.846605875145715170e-02 -1.626909061583458813e-02 2.439777775021822137e+01 -7.854948372479124419e-02 9.968998974898964915e-01 -4.556153209777476058e-03 -7.427846941813142090e-01 1.586115616147495619e-02 5.819439998825560491e-03 9.998574066253350656e-01 3.460301603015662475e-01
9.964018883529369708e-01 8.311788533113392829e-02 -1.657987594622168867e-02 2.509320609153590453e+01 -8.323193801379982770e-02 9.965102936893068808e-01 -6.313983761321228724e-03 -8.104440613882267774e-01 1.599721693200067615e-02 7.671250539425626680e-03 9.998427472763712354e-01 3.890534831863182164e-01
9.959420704543406888e-01 8.821654614806809236e-02 -1.781672170799673480e-02 2.578901063806694438e+01 -8.832759968786638161e-02 9.960761279650466316e-01 -5.547087495882428027e-03 -8.655021851764456153e-01 1.725747110046367550e-02 7.098295784990430422e-03 9.998260231610106574e-01 4.303372256922881056e-01
9.955100499267544034e-01 9.256223473647397226e-02 -1.980352204143285416e-02 2.649426116595708081e+01 -9.264995440813406091e-02 9.956924740108729077e-01 -3.559647406793046281e-03 -9.219502250523273768e-01 1.938873361882793162e-02 5.378470136422913543e-03 9.997976975115985265e-01 4.330752435034372905e-01
9.951332311663853014e-01 9.633840899477411068e-02 -2.071163801982955910e-02 2.720107291361700064e+01 -9.641451724919489208e-02 9.953376783857170729e-01 -2.708379454215275543e-03 -9.964836738282649709e-01 2.035415725477203452e-02 4.692111881182724556e-03 9.997819669694838485e-01 4.283635694297152630e-01
9.946567239355138534e-01 1.009773029275391754e-01 -2.148943970503133100e-02 2.791074242553510487e+01 -1.010875949499968202e-01 9.948691406815522997e-01 -4.109462286586234268e-03 -1.079359946462248532e+00 2.096422232019430967e-02 6.259830939742546882e-03 9.997607786682680686e-01 4.455320809669954252e-01
9.941298787192024422e-01 1.059630211738110395e-01 -2.185939462127135455e-02 2.863616443797780420e+01 -1.060874457185281561e-01 9.943462100930884340e-01 -4.612525410727245749e-03 -1.155630740827524594e+00 2.124705519627244354e-02 6.904467883554359954e-03 9.997505687210743730e-01 4.814180328237878670e-01
9.936080415590791137e-01 1.107487144907443322e-01 -2.186320644360391016e-02 2.936815796467326578e+01 -1.108790122360370223e-01 9.938222351523889886e-01 -4.839138818576189244e-03 -1.232878322020701134e+00 2.119221835074007812e-02 7.232389664158620120e-03 9.997494179741294174e-01 5.055705178202332117e-01
9.931147243709640415e-01 1.151485053749913834e-01 -2.154517327728851586e-02 3.009926890754188378e+01 -1.152833939121621076e-01 9.933195228531065402e-01 -5.125769784220168476e-03 -1.320162056313209709e+00 2.081102268959643398e-02 7.574289257375076655e-03 9.997548997895723266e-01 5.185024246911752455e-01
9.926316348165349357e-01 1.194653099385239864e-01 -2.026599464407444900e-02 3.083947230370585402e+01 -1.195938760922524574e-01 9.928091010772484015e-01 -5.254094396648955820e-03 -1.413884387210397886e+00 1.949258818152722547e-02 7.639080243722578926e-03 9.997809856566337583e-01 5.373011247428797210e-01
9.921031969547899898e-01 1.240061950118862832e-01 -1.881360763753970461e-02 3.158580416492624821e+01 -1.241190072752784562e-01 9.922550940199463820e-01 -4.951312263581341896e-03 -1.506093250902566183e+00 1.805391086651577173e-02 7.247350222158285317e-03 9.998109219140662862e-01 5.559605414198897089e-01
9.915370383314621172e-01 1.285389494465082050e-01 -1.822867402733783712e-02 3.233247202802049003e+01 -1.286522868500424577e-01 9.916763117044630205e-01 -5.186386824671961222e-03 -1.598942581245230254e+00 1.741029764447729264e-02 7.487666264636027094e-03 9.998205680003293683e-01 5.725161704819412556e-01
9.910110546320791691e-01 1.325119459087871487e-01 -1.838271545464294915e-02 3.306922522023379685e+01 -1.326361576211735616e-01 9.911484617437483768e-01 -5.709576839449033783e-03 -1.698310369064161662e+00 1.746341790294907159e-02 8.096478522036598680e-03 9.998149025423626046e-01 5.916692607519150604e-01
9.904924241212742508e-01 1.361493013419238229e-01 -1.970729987387891471e-02 3.379616872585552301e+01 -1.363101671038242368e-01 9.906411572242882491e-01 -7.061299285311234755e-03 -1.803974272083773922e+00 1.856147595983297788e-02 9.680480853836555266e-03 9.997810400609491444e-01 6.132626397729872281e-01
9.900875339542342113e-01 1.388183737204158885e-01 -2.136325418929689232e-02 3.452792256153922779e+01 -1.390129813046749874e-01 9.902591011468787618e-01 -7.907867974841812156e-03 -1.908514399695862673e+00 2.005740372171152183e-02 1.079926330330302497e-02 9.997406921787039824e-01 6.391156424483183107e-01
9.898737241849965285e-01 1.403095629193101823e-01 -2.152887807208197363e-02 3.525996059092965851e+01 -1.405050267999525815e-01 9.900489783124741816e-01 -7.848755164611975754e-03 -2.011902988175751528e+00 2.021339368236290540e-02 1.079420410626201997e-02 9.997376127611141694e-01 6.618458881588341614e-01
9.897787162601424660e-01 1.410609305545075798e-01 -2.098010741945736946e-02 3.598534356367758136e+01 -1.412462579736158408e-01 9.899452330246520937e-01 -7.627581607510472081e-03 -2.111599626855555023e+00 1.969320910575347167e-02 1.051299150254144353e-02 9.997509950455042427e-01 6.749102425453001874e-01
9.896578242512651391e-01 1.418284466137318400e-01 -2.150221154064437326e-02 3.670354036222694560e+01 -1.420189618359766759e-01 9.898348546856237107e-01 -7.604784784665005563e-03 -2.211540102134331942e+00 2.020507240863636533e-02 1.057986983870824738e-02 9.997400778956054834e-01 6.961954362119414652e-01
9.894254731283602666e-01 1.433042441997108563e-01 -2.239172396885776711e-02 3.741719835435759478e+01 -1.434911773384144051e-01 9.896271634097953962e-01 -6.972909515755498430e-03 -2.314001111227340424e+00 2.116021941181728955e-02 1.011220247596250101e-02 9.997251595802564283e-01 7.201503569622577094e-01
9.891717118291591948e-01 1.450792567230993479e-01 -2.217221616498735171e-02 3.814404074110854026e+01 -1.452645804301279375e-01 9.893683192573392571e-01 -6.985195169572333204e-03 -2.422821249599093729e+00 2.092309024208985346e-02 1.013040767600504807e-02 9.997299717554496423e-01 7.432766139052081611e-01
9.889906300693458441e-01 1.465937992732937456e-01 -2.020067851160122635e-02 3.887291942773665454e+01 -1.467487653826002325e-01 9.891531498419813273e-01 -6.411756632495405235e-03 -2.529877095026532796e+00 1.904165007678678551e-02 9.305604424233124630e-03 9.997755963857748451e-01 7.652039631351379434e-01
9.888390709652531418e-01 1.479365892490543954e-01 -1.767305043382392735e-02 3.959802507900152335e+01 -1.480569126930511570e-01 9.889625281086715791e-01 -5.703842310771987771e-03 -2.633675710179459895e+00 1.663418685114350856e-02 8.256812041014712986e-03 9.998277626574718635e-01 7.834365700472373240e-01
9.886907518544829632e-01 1.491946076340964211e-01 -1.522665745669454090e-02 4.031730465189636448e+01 -1.492865389712479396e-01 9.887810069521169032e-01 -5.090872750611317651e-03 -2.737768346187158031e+00 1.429630832595813611e-02 7.306446362099231970e-03 9.998713242773488163e-01 7.949928193871624860e-01
9.885490248521529022e-01 1.502990343620907443e-01 -1.346526384020296785e-02 4.103795002361891164e+01 -1.503808276078751338e-01 9.886141576996033686e-01 -5.284359379189456501e-03 -2.844754539772293089e+00 1.251772551585974766e-02 7.248778014029879681e-03 9.998955951733830005e-01 8.084006885807526466e-01
9.883403310356561056e-01 1.516509123361977351e-01 -1.362659431698772655e-02 4.176222632972403659e+01 -1.517474288581017461e-01 9.883990179387800445e-01 -6.354060277181138201e-03 -2.955509575417663459e+00 1.250492303108181533e-02 8.347786409599614044e-03 9.998871890044083166e-01 8.311906900735172021e-01
9.880898042338509546e-01 1.530819430296662953e-01 -1.564465401302146327e-02 4.248700815322137458e+01 -1.531922726313844907e-01 9.881776209608696959e-01 -6.114897065456489401e-03 -3.066982458952484336e+00 1.452362618192558179e-02 8.438719100734974957e-03 9.998591431510076566e-01 8.568287425594749429e-01
9.878344084731034425e-01 1.543696280749888294e-01 -1.880160670030396608e-02 4.320698949614212836e+01 -1.544679689421873947e-01 9.879902703542567943e-01 -3.892005485584914756e-03 -3.174965744228559483e+00 1.797500627154008726e-02 6.748914273040015899e-03 9.998158875184296468e-01 8.760420679989456838e-01
9.876116676412388662e-01 1.554167989390185800e-01 -2.165916969633682743e-02 4.392383489722307388e+01 -1.554661116776753504e-01 9.878411808363923852e-01 -6.057506812340541450e-04 -3.285555114149299349e+00 2.130168484012526925e-02 3.965524566940051114e-03 9.997654616909554814e-01 8.846862724884509976e-01
9.874794845640595398e-01 1.561827736862004823e-01 -2.217016559172824836e-02 4.464235533934251521e+01 -1.561904509356140114e-01 9.877261204170192377e-01 1.391482484505911178e-03 -3.400144982424697204e+00 2.211538634844696302e-02 2.088719072711011857e-03 9.997534784213530923e-01 8.965807816841909750e-01
9.873687783928639661e-01 1.571794652868894471e-01 -1.994548437767997701e-02 4.537339490941801046e+01 -1.572145844353863287e-01 9.875645889648442255e-01 -1.998627819207876718e-04 -3.516969892381704099e+00 1.966604890839722050e-02 3.333070211332617681e-03 9.998012863765488589e-01 9.144090261241105688e-01
9.872474247500078182e-01 1.584673527760232514e-01 -1.519667160881403578e-02 4.611664533488578854e+01 -1.585602394544266547e-01 9.873362034772135143e-01 -5.114242690984295570e-03 -3.638617808429396305e+00 1.419379304265831060e-02 7.458621588184197876e-03 9.998716859080770680e-01 9.385906204584736345e-01
9.871222392872538443e-01 1.595798358571222098e-01 -1.114826041648131136e-02 4.686559431539127729e+01 -1.596910405429573798e-01 9.871172930824158032e-01 -9.924991348887163278e-03 -3.758206992581387240e+00 9.420821925979086173e-03 1.157746755987596951e-02 9.998888430844802278e-01 9.674206391717173892e-01
9.869974419523565023e-01 1.603918063654595494e-01 -1.052854826148332500e-02 4.759976548789594375e+01 -1.605067538045722164e-01 9.869715950246563674e-01 -1.117751938853955851e-02 -3.874643695032150337e+00 8.598605328351964158e-03 1.272209689267263591e-02 9.998823479823747418e-01 9.863945997479561800e-01
9.869084375584737945e-01 1.606433792167891728e-01 -1.434507204408337795e-02 4.831571966978211918e+01 -1.607745650111873648e-01 9.869545729026529823e-01 -8.514408937805079472e-03 -3.989163138203227987e+00 1.279016054362653101e-02 1.070927597304892516e-02 9.998611050770014330e-01 9.995193510879992749e-01
9.868484132902101136e-01 1.605271048296115777e-01 -1.901591550802760044e-02 4.902285720977791783e+01 -1.606277217258772760e-01 9.870075722370607041e-01 -3.882326498303104254e-03 -4.105616007723810412e+00 1.814564315888576862e-02 6.885762156723768644e-03 9.998118998516069000e-01 1.010024686963074458e+00
9.867790803980135417e-01 1.607436016925779254e-01 -2.070968093885530020e-02 4.974525343133990418e+01 -1.607987670903999744e-01 9.869868300737272282e-01 -1.019886421140113898e-03 -4.227313218345554624e+00 2.027625123133722576e-02 4.336505235815811370e-03 9.997852696749394141e-01 1.018748892109033521e+00
9.867366327517733682e-01 1.613601133470380644e-01 -1.772253208221933815e-02 5.049505401886745659e+01 -1.614265350828986700e-01 9.868820094505477147e-01 -2.379014096136700639e-03 -4.349432775679050955e+00 1.710617937111518286e-02 5.208358792523904747e-03 9.998403750901349030e-01 1.036437034907332855e+00
9.866604712036777247e-01 1.621959233296322300e-01 -1.392703843197669149e-02 5.126057080083280937e+01 -1.623065247134652389e-01 9.867141463424610182e-01 -7.216096762841641386e-03 -4.466543621085627969e+00 1.257159389158492638e-02 9.380298027860365512e-03 9.998772413566218153e-01 1.063086040443328217e+00
9.865702021889356521e-01 1.628088059299745149e-01 -1.314897716717909441e-02 5.200643968900656233e+01 -1.629369337933722905e-01 9.865923763554896864e-01 -9.344822205180390931e-03 -4.581931945897316893e+00 1.145127086814425738e-02 1.136178841311769223e-02 9.998701479843561390e-01 1.091215465234528503e+00
9.865076303804366509e-01 1.630500263120049920e-01 -1.475666046148120004e-02 5.272992606473654575e+01 -1.631537196487010954e-01 9.865818419322268662e-01 -6.117244060905543609e-03 -4.699348948275517301e+00 1.356124591757522369e-02 8.442323571501129248e-03 9.998726734686167461e-01 1.105887615010572977e+00
9.864619220409750477e-01 1.631603085674368514e-01 -1.649150769609614847e-02 5.345145387510496704e+01 -1.632057018990849540e-01 9.865911567707911223e-01 -1.441151276347585114e-03 -4.820198029834881659e+00 1.603524628134553667e-02 4.113160815860830537e-03 9.998632416051203009e-01 1.107875763755191700e+00
9.864560714637029548e-01 1.632145567480392800e-01 -1.630361920650119992e-02 5.419037063676496047e+01 -1.632254327736524790e-01 9.865887239539010700e-01 6.652707956155493865e-04 -4.944353008980528763e+00 1.619355895135181009e-02 2.004916756292236552e-03 9.998671434676076331e-01 1.118383762744470156e+00
9.864385893675505779e-01 1.634201059512661591e-01 -1.526975683232819660e-02 5.494747553455133726e+01 -1.634588852496405009e-01 9.865494102075619276e-01 -1.323792762953051715e-03 -5.065171781593808653e+00 1.484804549824533457e-02 3.801829439571740611e-03 9.998828168977119679e-01 1.140235106280829136e+00
9.863919935487265311e-01 1.637125550332352020e-01 -1.514669556500216306e-02 5.570123567849425683e+01 -1.637938214042302665e-01 9.864854314119591017e-01 -4.286956950842870338e-03 -5.185143109538008055e+00 1.424017610523214267e-02 6.709566722413863246e-03 9.998763762750086936e-01 1.168228936815998820e+00
9.863455312925322183e-01 1.639336234979854590e-01 -1.576889962095599784e-02 5.644048639606461393e+01 -1.640275046286627791e-01 9.864439788124262920e-01 -4.853385464131162313e-03 -5.307223838628532420e+00 1.475951324436346711e-02 7.373659880665499149e-03 9.998641735176987400e-01 1.189696747091719242e+00
9.862812980271280505e-01 1.642286045695165730e-01 -1.669041403728329861e-02 5.717574921405769572e+01 -1.643017415495490186e-01 9.864053923012142677e-01 -3.105037218173204924e-03 -5.430296132738243742e+00 1.595358863815085279e-02 5.804715959221428204e-03 9.998561764033885302e-01 1.203141898498576889e+00
9.862055449034724530e-01 1.646142325017767305e-01 -1.735470104554479032e-02 5.791726700326089627e+01 -1.646733816515514037e-01 9.863462157210006742e-01 -2.030827980699909108e-03 -5.556988016223568749e+00 1.678345025030441792e-02 4.860682116912476078e-03 9.998476293229369150e-01 1.211548257119599903e+00
9.862093113331327210e-01 1.646739444964429033e-01 -1.655612220185319339e-02 5.866293791292211779e+01 -1.647358636296847034e-01 9.863348453758290502e-01 -2.443853567502586761e-03 -5.682547730011549447e+00 1.592745106528187238e-02 5.137548852529712218e-03 9.998602529038661535e-01 1.227473061474970706e+00
9.862446040930544777e-01 1.646142389126736549e-01 -1.497200745523190844e-02 5.940848527034114568e+01 -1.647057123485524688e-01 9.863297547206451021e-01 -5.093892061318355813e-03 -5.804825599254382240e+00 1.392881925032247656e-02 7.489808986527931103e-03 9.998752437511493341e-01 1.247379599090285618e+00
9.862850748403129142e-01 1.644371328552615974e-01 -1.423419624226109417e-02 6.015136031321381438e+01 -1.645739774491398466e-01 9.863234406421345080e-01 -9.043337316715588034e-03 -5.930403307378058209e+00 1.255247083392192417e-02 1.126189636542371079e-02 9.998581011855811607e-01 1.269799360105070551e+00
9.862691222173510797e-01 1.643781876063226399e-01 -1.592062333634351040e-02 6.088656872325481828e+01 -1.645728397040582547e-01 9.862944949111464021e-01 -1.180065567606729260e-02 -6.054359631640687134e+00 1.376266260779943247e-02 1.425873363995310006e-02 9.998039305239098118e-01 1.292151950114121206e+00
9.861341847094324820e-01 1.646965843976816724e-01 -2.036793757476199410e-02 6.161567123620792330e+01 -1.649620485225745947e-01 9.862256436747706134e-01 -1.211645773765092707e-02 -6.179993404999441609e+00 1.809185258350990214e-02 1.530839915911521958e-02 9.997194465733756363e-01 1.314665288906396556e+00
9.860208274856026023e-01 1.650664398301220359e-01 -2.272558876625705923e-02 6.234504753438830704e+01 -1.652781949431396946e-01 9.862165416039492261e-01 -7.769020427947121062e-03 -6.308351744748888379e+00 2.112995624482219212e-02 1.141646989326994786e-02 9.997118731995471297e-01 1.337559712315730565e+00
9.860131465486720037e-01 1.654809062107434892e-01 -1.986471067495494333e-02 6.308857199022740758e+01 -1.656108057679129553e-01 9.861782836344201719e-01 -5.075466576789143189e-03 -6.431344457159774208e+00 1.875026294781726235e-02 8.294296873796886890e-03 9.997901182726276481e-01 1.336570011377922196e+00
9.861433817310862882e-01 1.653586344130684171e-01 -1.335003619156037782e-02 6.383373518848029704e+01 -1.654685519200929655e-01 9.861859611982620732e-01 -7.597024370314808296e-03 -6.550754397052481082e+00 1.190939455327272474e-02 9.700775899553161150e-03 9.998823521683455340e-01 1.335805540526754154e+00
9.862764530373631100e-01 1.648406940282383659e-01 -9.315590105625600609e-03 6.457267216005449484e+01 -1.649564353112190351e-01 9.862093080762956987e-01 -1.344922957460676846e-02 -6.669570046459396551e+00 6.970151509334548447e-03 1.480133383250288245e-02 9.998664911879953099e-01 1.366095639836244935e+00
9.861852932057884047e-01 1.652049962336564481e-01 -1.209801693885859120e-02 6.529760208925650034e+01 -1.653806898995372199e-01 9.861105220739601052e-01 -1.534836771194058973e-02 -6.789285580025341105e+00 9.394364793311899345e-03 1.713712154546434205e-02 9.998093501320292065e-01 1.412794017120512446e+00
9.859977079101168718e-01 1.658477993335105150e-01 -1.742174884872454629e-02 6.602007334930223692e+01 -1.660382053782742118e-01 9.860676021394241264e-01 -1.011460104241793459e-02 -6.912001594593168541e+00 1.550154740520452538e-02 1.286565847007745643e-02 9.997974060191857637e-01 1.434294493448530661e+00
9.859438920766733228e-01 1.661148106944107805e-01 -1.791665326499016289e-02 6.673883391211002447e+01 -1.661957922161660939e-01 9.860879810067885165e-01 -3.124040906113582840e-03 -7.036508122967576107e+00 1.714845648105049747e-02 6.057810942752758082e-03 9.998349440194955751e-01 1.421754276444395337e+00
9.859905176870931154e-01 1.661564678153171493e-01 -1.467065560970794331e-02 6.745785407504345699e+01 -1.662027476388977243e-01 9.860897475569001536e-01 -1.990918021744583072e-03 -7.155420381706508515e+00 1.413578886877784463e-02 4.401339133280220833e-03 9.998907417459327318e-01 1.413154169524689197e+00
