1.000000000000000000e+00 0.000000000000000000e+00 0.000000000000000000e+00 0.000000000000000000e+00 0.000000000000000000e+00 1.000000000000000000e+00 0.000000000000000000e+00 0.000000000000000000e+00 0.000000000000000000e+00 0.000000000000000000e+00 1.000000000000000000e+00 0.000000000000000000e+00
9.999999984048315582e-01 2.859868191219401535e-05 -9.684949644992148980e-05 8.774483462485581104e-04 -2.859931745679816903e-05 9.999999998670273671e-01 -1.028411839752517913e-05 3.490348677417729872e-04 9.684928358839299675e-05 1.028502002363715438e-05 9.999999985241259104e-01 -1.515332015044761104e-03
9.999999974183989560e-01 3.711745830320094247e-05 -1.203188176819930605e-04 2.199464511288013163e-03 -3.712028767263540464e-05 9.999999995450276069e-01 -2.335860949580519766e-05 1.142358058540366133e-03 1.203179105670096853e-04 2.336025252382262614e-05 9.999999974988296181e-01 -2.866372196228755310e-03
1.000000003481665845e+00 8.118362953791067780e-05 -1.553327081086144584e-05 2.967468171436477443e-03 -8.118342693999450535e-05 9.999999969375084063e-01 -3.111474471233329137e-05 1.268573180803105613e-03 1.553090038298298993e-05 3.111239598584713607e-05 1.000000005929788660e+00 -2.773012711625449152e-03
1.000000001713989617e+00 8.270687245344841159e-05 7.562975791330488759e-05 1.984095900198897151e-03 -8.271808907145605176e-05 9.999999850785166178e-01 1.680176024857044342e-04 8.474078354898132923e-04 -7.561517230929081868e-05 -1.680266911733369821e-04 9.999999916725460514e-01 -2.570079376838422733e-03
1.000000007688973458e+00 6.043283787719304920e-05 3.456820449663536944e-05 8.108363897919269262e-04 -6.043011339500948311e-05 9.999999983691878480e-01 1.086028685993521405e-04 4.887108775883272594e-04 -3.456246775949152591e-05 -1.086066054559081976e-04 1.000000007350340114e+00 -2.003122084910858268e-03
1.000000009322705941e+00 4.529984447986011245e-05 -2.237444761600923643e-05 1.448170926216596022e-04 -4.529230711010115667e-05 1.000000005891504173e+00 -2.963042102456449846e-06 -1.331962607223115280e-04 2.237326891820846228e-05 2.962603229247459385e-06 1.000000014847934438e+00 -9.389625914060682147e-04
1.000000010627457581e+00 2.131215976918037050e-05 -1.011840174115674497e-05 -9.497815068118490721e-05 -2.130402214249686247e-05 1.000000007245004152e+00 3.057801575076550337e-05 -7.925081751114490319e-04 1.011885813400964916e-05 -3.057939280753944531e-05 1.000000015349655325e+00 -7.233823538359339216e-04
1.000000010792417626e+00 1.696571509419497677e-05 4.168170604780072294e-06 9.171011707322765968e-05 -1.695856008317486898e-05 9.999999951539847443e-01 1.594566854958525044e-04 -1.051830526607424243e-03 -4.165686480579067156e-06 -1.594583747297722404e-04 1.000000003187567987e+00 -8.947896862807568335e-04
1.000000010432671393e+00 2.171092413530021297e-05 2.529965302558973521e-05 -2.138903864827968566e-04 -2.170364823759278372e-05 1.000000008502787363e+00 2.517538149779303088e-05 -4.328025156823997574e-04 -2.529913791046023899e-05 -2.517758542693000957e-05 1.000000016298778549e+00 -1.088505828312779939e-03
1.000000011708205072e+00 8.980737326388545371e-06 -1.891258595478918024e-05 4.602400061951806513e-04 -8.971740773565975132e-06 1.000000009101353449e+00 -4.765123420861278514e-05 -1.896539844930195454e-04 1.891190736981166772e-05 4.764988451162846154e-05 1.000000017726669244e+00 -2.468547328868401017e-04
1.000000008264860796e+00 2.422526017950341247e-05 -8.525506098787770794e-05 -2.685461431183372091e-04 -2.421064607226966497e-05 1.000000008718768818e+00 6.024034251635934309e-05 -8.201641883902479170e-04 8.525601900061776847e-05 -6.023984450204609672e-05 1.000000014312778074e+00 1.007815348742180329e-03
1.000000012192401533e+00 3.061160857908419678e-05 -4.258611755228860417e-05 -7.105850280149703492e-05 -3.059598024745629308e-05 1.000000005501432199e+00 1.049193119095298099e-04 -1.000198378598128861e-03 4.258857616205296296e-05 -1.049191474826050431e-04 1.000000015301520051e+00 1.130525348687523037e-04
1.000000013669029242e+00 5.286037068024149839e-06 -3.980979232020319186e-06 4.741957612813029257e-04 -5.275555712754665919e-06 1.000000009391198486e+00 -7.096076960397609953e-05 2.187469964384220313e-04 3.979934210219575513e-06 7.095969460538781141e-05 1.000000019749310853e+00 -4.992961408175906456e-04
1.000000013345902827e+00 -5.959275859688017215e-05 -5.354238088240442935e-05 5.094759383479907904e-04 5.959961356576655656e-05 1.000000014302433460e+00 -1.528995575227364473e-05 5.403950627769596752e-04 5.354628385542847975e-05 1.528845452143515801e-05 1.000000024390284237e+00 -6.404270008569447770e-04
9.999999939052471865e-01 -9.505802042247631545e-05 -1.928382455379320810e-04 1.020638839638254901e-03 9.509108745762644241e-05 1.000000003180579355e+00 1.323171335663121044e-04 1.669724024958681911e-04 1.928284960527383324e-04 -1.323335616466637422e-04 9.999999990228572999e-01 -1.829455882961980671e-03
9.999993621147112988e-01 -9.802433361838876940e-05 -1.142089220082566966e-03 3.203026914442070987e-03 9.807226759104905613e-05 1.000000011489139418e+00 3.637568771541760940e-05 -7.166780360362959073e-04 1.142088937870760525e-03 -3.648494324435937408e-05 9.999993756178034987e-01 -2.857539122797294988e-03
9.999932282582766341e-01 -4.141092817151092098e-05 -3.685467331929114833e-03 1.964637054200969041e-02 4.238095044095743379e-05 9.999999819809417545e-01 2.616476955514505801e-04 6.065577755493661285e-04 3.685459683119417674e-03 -2.617993893043688578e-04 9.999932043848347440e-01 -4.042118914893302536e-03
9.999761900652675006e-01 -4.625136706372402209e-05 -6.904060351573714643e-03 5.436917438273282388e-02 5.051854874641576576e-05 9.999998254004427434e-01 6.172340222077790520e-04 1.660587043016087698e-03 6.904033805643212257e-03 -6.175655570127484666e-04 9.999760101770154286e-01 -6.102917452013273403e-03
9.999668696164635273e-01 -2.357091123335613059e-04 -8.139624768454239295e-03 1.007363482885345052e-01 2.417758252248422448e-04 9.999997113619191191e-01 7.437968873410692391e-04 7.185665613391001121e-04 8.139450284059638122e-03 -7.457378276578781112e-04 9.999666302647343130e-01 -6.033897772325483820e-03
9.999719260506657603e-01 -5.630398662810568583e-04 -7.475796918848179665e-03 1.633813026169262383e-01 5.649902266983020810e-04 9.999998249244850257e-01 2.585736108161167134e-04 -3.212657388264311274e-04 7.475653779653830718e-03 -2.627863180135879984e-04 9.999720611061616582e-01 -4.696968452573837063e-03
9.999800144400836643e-01 -8.303694623463639575e-04 -6.272181595659078422e-03 2.464491634163772926e-01 8.294312628095252757e-04 9.999996624878813023e-01 -1.523529705688809826e-04 -4.818398740300486056e-04 6.272309727681262687e-03 1.471512712771068582e-04 9.999803576771310043e-01 -1.554443888430986085e-03
9.999824391004960011e-01 -1.049966471134309784e-03 -5.837900318992467023e-03 3.450990156601709269e-01 1.046954799806079335e-03 9.999993356885434892e-01 -5.188888784607246368e-04 1.503382590186262491e-05 5.838445186501237463e-03 5.127718753080246026e-04 9.999828660040954720e-01 2.232574406656370985e-04
9.999803768500092893e-01 -1.311180278379443310e-03 -6.130983544793050521e-03 4.588492094065184101e-01 1.310336450304117615e-03 9.999991529890488451e-01 -1.414890221520691195e-04 2.036662433490667688e-03 6.131167139062882604e-03 1.334566419681345261e-04 9.999812398103419264e-01 1.216081709049904661e-03
9.999752042913914174e-01 -1.898272867740128126e-03 -6.786005000361364052e-03 5.857554567495438791e-01 1.903071158433901951e-03 9.999979659153404032e-01 7.009326587106550627e-04 5.835151300113390962e-03 6.784663767309536027e-03 -7.138255300519695101e-04 9.999767746604099061e-01 4.187292690490289956e-04
9.999650032797088306e-01 -2.857415484913133387e-03 -7.867335621492742292e-03 7.277279333963692087e-01 2.869822658028250116e-03 9.999946789825296944e-01 1.566979244607576626e-03 9.789533586784823424e-03 7.862818725598727521e-03 -1.589498995578634243e-03 9.999678744678887066e-01 1.239525721547242746e-03
9.999502258780533781e-01 -3.980407351923820856e-03 -9.153135231735673796e-03 8.846627207563925177e-01 3.995982479449454450e-03 9.999906221755476832e-01 1.684722084277529659e-03 1.302727793810441563e-02 9.146345784272627913e-03 -1.721211859495489155e-03 9.999567457576891139e-01 1.987526088548278828e-03
9.999399944983581312e-01 -5.091097404303223870e-03 -9.704020786777978538e-03 1.058621714092775612e+00 5.105907056959319880e-03 9.999858632958160687e-01 1.502486926268553104e-03 1.208318020106626325e-02 9.696236379213013859e-03 -1.551942516758647106e-03 9.999518448617418231e-01 5.182839373786173737e-03
9.999436695176308065e-01 -6.053489440762758328e-03 -8.723169048572015569e-03 1.251646620028856516e+00 6.062085493379874325e-03 9.999811923371062505e-01 9.599910841519818149e-04 1.016270726787180979e-02 8.717195817657749299e-03 -1.012815500148166398e-03 9.999615512327224565e-01 4.321913135069398518e-03
9.999474664334359053e-01 -6.861404956074147569e-03 -7.620254019110520374e-03 1.462880963374194820e+00 6.859676942269499721e-03 9.999764693143892158e-01 -2.518427417660541300e-04 9.560652158590364144e-03 7.621804399959685415e-03 1.995586724275453562e-04 9.999709954497906228e-01 4.620540310464040130e-03
9.999500863146543184e-01 -7.655345358610129471e-03 -6.427072364086682497e-03 1.692488742339141705e+00 7.650748306857369126e-03 9.999704890914991040e-01 -7.383304128215296058e-04 1.183915931612621562e-02 6.432536558903640365e-03 6.891241895421679284e-04 9.999791372117757815e-01 8.773946454829512076e-03
9.999566090150885378e-01 -8.297477478370462317e-03 -4.244964882642911393e-03 1.939983857725303906e+00 8.295867428485339395e-03 9.999655398954633290e-01 -3.950326651599206005e-04 1.604639955187557240e-02 4.248098075362882232e-03 3.598024417984783843e-04 9.999909763923398032e-01 1.203772073622271302e-02
9.999562512558161087e-01 -9.036995390029748873e-03 -2.433655169741913080e-03 2.212008425610667572e+00 9.035314876205300175e-03 9.999589668003243670e-01 -6.974675889901517985e-04 2.235361407969546979e-02 2.439860104918527284e-03 6.754515148211312362e-04 9.999968629813761334e-01 7.517719697345854636e-03
9.999501632757569203e-01 -9.810930867222572224e-03 -1.875048231606739899e-03 2.499102945853468150e+00 9.808512716104902940e-03 9.999510911343570951e-01 -1.291797381234473588e-03 2.215799757941454631e-02 1.887632435389459927e-03 1.273344197451815570e-03 9.999974784164228359e-01 7.543096045560726201e-03
9.999511230841227061e-01 -9.688151055274768150e-03 -1.997924687536900990e-03 2.800631442427777174e+00 9.684896006810052652e-03 9.999518021873894380e-01 -1.629907461613419465e-03 2.035828102132807016e-02 2.013621336507880315e-03 1.610480805101781104e-03 9.999967472711351890e-01 9.947506219564127353e-03
9.999543837232869326e-01 -9.174837198174553080e-03 -2.674870291526656313e-03 3.120267890924860676e+00 9.168521445769612851e-03 9.999552083142649872e-01 -2.362493411452012016e-03 2.406184517970198083e-02 2.696428183127110544e-03 2.337863679691222062e-03 9.999937046694892251e-01 1.168954963454199233e-02
9.999523618829367910e-01 -9.288339355364843078e-03 -3.017319847096877530e-03 3.453200225174667626e+00 9.282298339375940135e-03 9.999549342257257889e-01 -2.008252340505621396e-03 3.091705313856867032e-02 3.035839222948917820e-03 1.980151388690718373e-03 9.999935062095434146e-01 1.674290496132118528e-02
9.999548073418557115e-01 -9.376439924654207669e-03 -1.603052017743034682e-03 3.795493009824081554e+00 9.375479446297156280e-03 9.999559005576722504e-01 -6.029634185226809013e-04 3.522551430262168409e-02 1.608636937303661862e-03 5.879092255501607543e-04 9.999986093272531518e-01 1.885178456753206291e-02
9.999578961106849739e-01 -9.182234108752565169e-03 -3.851243275187339837e-05 4.152643783017324175e+00 9.182229110882416181e-03 9.999578719426537310e-01 -9.928178653371447454e-05 4.261199414764344634e-02 3.942366029154268644e-05 9.892751496625446363e-05 1.000000073689697455e+00 1.605116664544429389e-02
9.999553122961146734e-01 -9.386751737330334411e-03 -1.171147580872737700e-03 4.520544383924050003e+00 9.383529618943533407e-03 9.999522914758289804e-01 -2.726419473927733754e-03 4.888400327531840922e-02 1.196685166015474004e-03 2.715311627350927917e-03 9.999956772392706306e-01 9.563649042655244376e-03
9.999361879271343456e-01 -1.023789894453573657e-02 -4.787223736899281351e-03 4.894886091869964595e+00 1.020797918463535632e-02 9.999285053909501286e-01 -6.233031806119862690e-03 4.129322086142588749e-02 4.850695862676741160e-03 6.183769519381955397e-03 9.999691965862560483e-01 2.141795139297477182e-02
9.999113066006042327e-01 -1.073816021291442747e-02 -7.885997310329091042e-03 5.280458747256615126e+00 1.067458332743752292e-02 9.999105727479337125e-01 -8.060356369301789961e-03 3.185667285352226930e-02 7.971846718836324980e-03 7.975464857225229853e-03 9.999365030952562794e-01 3.330072886279333150e-02
9.999077944578487198e-01 -1.061158278059673790e-02 -8.480332285753133109e-03 5.685323823228850770e+00 1.053892147747206506e-02 9.999077950137503779e-01 -8.567688135730897395e-03 3.667209037698261620e-02 8.570467729242765148e-03 8.477528041006378648e-03 9.999274229184608176e-01 3.077443516054275546e-02
9.999302045130459282e-01 -1.057638288033163447e-02 -5.277108761755298569e-03 6.103410459922524289e+00 1.052928680082268129e-02 9.999052218212950427e-01 -8.874357301960780417e-03 4.828776269234803797e-02 5.370467883358529849e-03 8.818177094236314892e-03 9.999467850214832643e-01 2.813915508360188486e-02
9.999450235760716232e-01 -1.035238482642182600e-02 1.705723998007660155e-03 6.528140899984093082e+00 1.036687327569701944e-02 9.999083214431178090e-01 -8.714904197789761012e-03 5.416078305112062563e-02 -1.615346828333766955e-03 8.732110987291987272e-03 9.999606621719788757e-01 2.514179379791500746e-02
9.999228233493215878e-01 -9.598698425569903228e-03 7.896010558750657035e-03 6.952208109763891919e+00 9.661723266686990733e-03 9.999214992720621975e-01 -7.982470851440453055e-03 5.856725107750163778e-02 -7.818768641423104113e-03 8.058146790793006137e-03 9.999370588951075334e-01 2.127871817415082772e-02
9.999120961801875040e-01 -8.942507469923127034e-03 9.796282882932341729e-03 7.370082739071207811e+00 9.008434668182683722e-03 9.999369728489982956e-01 -6.706416756020822968e-03 6.407093494317243898e-02 -9.735692285944109320e-03 6.794079468693138731e-03 9.999296228027531042e-01 1.977009804823791697e-02
9.999257258644285162e-01 -8.264241119177151082e-03 8.965570518139395068e-03 7.779296032924961857e+00 8.311982236979955502e-03 9.999514443554320398e-01 -5.300834359117535116e-03 6.772752316697182307e-02 -8.921326896893632535e-03 5.374965344689755682e-03 9.999458562909977477e-01 2.662351084641487869e-02
9.999373758367414711e-01 -6.879924228600466617e-03 8.834839945963731539e-03 8.191999495590552627e+00 6.933613877583992384e-03 9.999576342500022808e-01 -6.060834133925255621e-03 6.976291710079861319e-02 -8.792766644609668197e-03 6.121714779514223458e-03 9.999427057023281273e-01 3.462511846324253795e-02
9.999232084017474209e-01 -5.459969040514492215e-03 1.113146272929260543e-02 8.601830318435814249e+00 5.565585044395107879e-03 9.999396220183153217e-01 -9.479268207085125852e-03 6.980416577123611799e-02 -1.107903315632044645e-02 9.540496185767983334e-03 9.998932131949666013e-01 3.418660110527696472e-02
9.999145006146689107e-01 -4.369665015050002051e-03 1.233049453456284451e-02 8.989478913264557391e+00 4.516916081691389057e-03 9.999185611684390240e-01 -1.193949343738289447e-02 6.243710654784584424e-02 -1.227731795991651720e-02 1.199417124916981117e-02 9.998527963521112172e-01 3.637564276536840724e-02
9.999436975219728740e-01 -2.660520583610246487e-03 1.027968714610677167e-02 9.356859267591852714e+00 2.765952536776645609e-03 9.999436227214653083e-01 -1.025627236581198691e-02 5.655812762879267042e-02 -1.025181944712437107e-02 1.028413117022895784e-02 9.998946724654756979e-01 3.792697261275874976e-02
9.999626062235459356e-01 2.208594302911553347e-04 8.653718226488341450e-03 9.717630451649190704e+00 -1.526624751024702740e-04 9.999689771006851080e-01 -7.881291590409046643e-03 6.091378654336026405e-02 -8.655189499979462978e-03 7.879678844865123377e-03 9.999316083620584106e-01 3.139652716370026908e-02
9.999506463212132212e-01 4.263894370213960026e-03 8.981888440116495703e-03 1.007208523187170179e+01 -4.206198424749328126e-03 9.999705111276064873e-01 -6.433238977619350034e-03 6.393977892788561823e-02 -9.009054735972622102e-03 6.395145292730748145e-03 9.999390835703745317e-01 2.782145678030516558e-02
9.999175000012052728e-01 9.003321275606756061e-03 9.169837319959392441e-03 1.041696532286516685e+01 -8.942102512215653956e-03 9.999376507845739726e-01 -6.696125951514048796e-03 6.116634952910716960e-02 -9.229552925873319227e-03 6.613579842881548050e-03 9.999356542647438451e-01 2.775484084870174020e-02
9.998708774386604325e-01 1.337562809581537525e-02 8.914807347722911515e-03 1.074830963626316205e+01 -1.331042324771665453e-02 9.998845655845080005e-01 -7.334706378504126344e-03 5.227653878716875119e-02 -9.011884192875995944e-03 7.215103417207720249e-03 9.999334828795841679e-01 3.396387024767524854e-02
9.997974160284218703e-01 1.797034482993110568e-02 9.074649198394697108e-03 1.106176044714351292e+01 -1.789940241731136084e-02 9.998091080506943396e-01 -7.840507415981894795e-03 3.752828549356977683e-02 -9.213812828573373151e-03 7.676492501623105938e-03 9.999282108381382095e-01 3.597903368848848205e-02
9.996759481105494949e-01 2.330616858478927814e-02 1.024601384166221388e-02 1.136459195718682302e+01 -2.322351409339368233e-02 9.996974232645184921e-01 -8.114556179785046425e-03 2.412153928769987174e-02 -1.043203207886167667e-02 7.873982578730438428e-03 9.999147102049079638e-01 3.393505865399721461e-02
9.995242798423021879e-01 2.874863922520389317e-02 1.117587803754159503e-02 1.165591400532711930e+01 -2.866258368169280826e-02 9.995588737350951103e-01 -7.786547636575742205e-03 1.584241511805587962e-02 -1.139480008909492768e-02 7.462519094856265994e-03 9.999073632797225164e-01 3.435767540876340925e-02
9.993509370888131738e-01 3.396642054398912175e-02 1.200673841733603323e-02 1.193076797380258292e+01 -3.388312106771237259e-02 9.994008180919452533e-01 -7.075111526922553580e-03 6.799371810185870883e-03 -1.223986006344630374e-02 6.663699102083444487e-03 9.999030219639637451e-01 3.529739353458846013e-02
9.991531846431191966e-01 3.902618000476124061e-02 1.304019707002389630e-02 1.218871969581258519e+01 -3.892474715607125574e-02 9.992106222518959413e-01 -7.944598282527661620e-03 -7.982927404275096811e-03 -1.333995033632647334e-02 7.430289900375153418e-03 9.998835490693639416e-01 3.228108997497811800e-02
9.989554233903128466e-01 4.384997600928627892e-02 1.286150243460853354e-02 1.242712730735732940e+01 -4.372175523897592342e-02 9.989928794092531872e-01 -1.008740906816924313e-02 -2.903156929417036874e-02 -1.329088169039137693e-02 9.514550193270540288e-03 9.998665422345411891e-01 3.275252271512454211e-02
9.987308673892800748e-01 4.903006544641672765e-02 1.152760673668501087e-02 1.265005332965070828e+01 -4.891459030222972820e-02 9.987520046807483176e-01 -1.009542298960329487e-02 -5.057351171793628836e-02 -1.200819935147968281e-02 9.518748013647096093e-03 9.998827310052236239e-01 4.032808264780368690e-02
9.984354892420089778e-01 5.487424370504644100e-02 1.075036551889485548e-02 1.287083772123586556e+01 -5.479912907421691931e-02 9.984717708294333915e-01 -7.162593791023831591e-03 -6.124134221429685526e-02 -1.112697827361496319e-02 6.562282786272653767e-03 9.999167012801589705e-01 4.305080745811672160e-02
9.981075424441760990e-01 6.057806211967359244e-02 1.057411125664185249e-02 1.308993852510133493e+01 -6.054041025276402782e-02 9.981584006820910515e-01 -3.846741926793780485e-03 -6.361130196061437481e-02 -1.078766638068773612e-02 3.199306637406817283e-03 9.999368385198870168e-01 3.647388168732231678e-02
9.978018875367214990e-01 6.564140851741702420e-02 9.098504335910632956e-03 1.329771014557040054e+01 -6.561718578737550656e-02 9.978406125244061453e-01 -2.937607490685984531e-03 -7.513291026255888849e-02 -9.271686122804071936e-03 2.334137561502403185e-03 9.999544406505037619e-01 2.946979381879355833e-02
9.974711760909422686e-01 7.074961311959430954e-02 6.777413338059500893e-03 1.349789328002058930e+01 -7.071801786449929961e-02 9.974848889535490315e-01 -4.795150882086922361e-03 -1.021610708288939046e-01 -7.099622775198493815e-03 4.303745016402038027e-03 9.999656872257958184e-01 3.286896347403969743e-02
9.970893913477862913e-01 7.607311915293590854e-02 5.080848370630295339e-03 1.369995315454602647e+01 -7.603558927771270071e-02 9.970790843872892051e-01 -7.213017803630623372e-03 -1.318206900082509181e-01 -5.614724762911266903e-03 6.805703667854482407e-03 9.999612313106508443e-01 4.323499770700298811e-02
9.966713564216271859e-01 8.138405202597853716e-02 4.799279237938452840e-03 1.390479278825606535e+01 -8.134722749526063224e-02 9.966582185888791523e-01 -7.427275712704283286e-03 -1.539846692469777900e-01 -5.387703272790649207e-03 7.012150317621436077e-03 9.999610550875670523e-01 4.937306738971160985e-02
9.961869883270525472e-01 8.708418541703638605e-02 5.293482449905924543e-03 1.410833939105678958e+01 -8.705834506934131967e-02 9.961910763711321337e-01 -4.932193300325580891e-03 -1.691885230131499607e-01 -5.702836344473397913e-03 4.452550334281263691e-03 9.999739827236776568e-01 4.352506749462285718e-02
9.956213058980208919e-01 9.335256357958912621e-02 4.868991220897372907e-03 1.430916865270286387e+01 -9.333634146559531553e-02 9.956286945546372058e-01 -3.460634456507591470e-03 -1.856824323060900228e-01 -5.170767105204004087e-03 2.991033049615772575e-03 9.999823172906476820e-01 3.050403398222131107e-02
9.950006129187691783e-01 9.980428485963373231e-02 3.616354188856872424e-03 1.450718983825421127e+01 -9.978640975262452473e-02 9.949972446692906258e-01 -4.827558895087913533e-03 -2.119288627597452068e-01 -4.080074286135355367e-03 4.442566518103441449e-03 9.999819690297878649e-01 2.883566897136906337e-02
9.942862349986294479e-01 1.067204114769862572e-01 2.414477610378918358e-03 1.470704910359670592e+01 -1.067002185216434640e-01 9.942641893873307435e-01 -7.344611163304841893e-03 -2.489478840494233347e-01 -3.184449297423929022e-03 7.045025923708269494e-03 9.999702781380670480e-01 3.872717257640673205e-02
9.934923885583939462e-01 1.138808472292919954e-01 2.054528594656377868e-03 1.491367952810876218e+01 -1.138636566358719737e-01 9.934709118303687303e-01 -7.125668753029264745e-03 -2.827986489272508175e-01 -2.852592764655410319e-03 6.845367223610709581e-03 9.999726682068454942e-01 4.869222652643361016e-02
9.926250177729031288e-01 1.212034217780720430e-01 2.345057148605887796e-03 1.512209473415677508e+01 -1.211938774094731691e-01 9.926214394882850733e-01 -3.857889924232195313e-03 -3.073443875688062210e-01 -2.795344679091369463e-03 3.545237201449928047e-03 9.999899760336488086e-01 4.615552120086444804e-02
9.915576756053645635e-01 1.296395727823055899e-01 2.674294289681870742e-03 1.532637990445116394e+01 -1.296410477312537335e-01 9.915609996073406762e-01 3.833899929037504683e-04 -3.303729871915603300e-01 -2.602024616124706032e-03 -7.268458566310457723e-04 9.999965194357485210e-01 3.638375517926506486e-02
9.901817080279750050e-01 1.397691120285873556e-01 2.230953884143882602e-03 1.553615800318974038e+01 -1.397743342033890279e-01 9.901806011554054043e-01 2.383625301252340675e-03 -3.609862013477999620e-01 -1.875893258505381385e-03 -2.672047693338871436e-03 9.999948415848188832e-01 2.935323870139880734e-02
9.885487904627442424e-01 1.508918843254002662e-01 1.767743977715234300e-03 1.575128898782873499e+01 -1.508936992590507176e-01 9.885496369336822520e-01 9.380061225055296098e-04 -4.045706446320060934e-01 -1.605968388925371878e-03 -1.194001726351484475e-03 9.999981706110668833e-01 3.427605729494367232e-02
9.865921937321561197e-01 1.631975868209385172e-01 1.608855003703693566e-03 1.596819974456331970e+01 -1.631962131820352824e-01 9.865932611258700913e-01 -9.573743718991868873e-04 -4.596679876203434989e-01 -1.743529667989696715e-03 6.819836197143538817e-04 9.999984260568224315e-01 4.247582483839237172e-02
9.840615290253872383e-01 1.778247513008400227e-01 1.212182083603202719e-03 1.618879636850639869e+01 -1.778244679063426537e-01 9.840622588591125819e-01 -3.460878693401230771e-04 -5.133540952385382550e-01 -1.254409133753721156e-03 1.250206718066193057e-04 9.999993839951567542e-01 4.955692466369084753e-02
9.808308041118860565e-01 1.948612860075232545e-01 4.666559475099905626e-04 1.642056064339633892e+01 -1.948618013486400624e-01 9.808259324279433589e-01 3.092176675850994826e-03 -5.639830862291763669e-01 1.448335513687034617e-04 -3.123831077311123305e-03 9.999952903180829855e-01 4.379474548460612210e-02
9.767562499280636468e-01 2.143510849924189776e-01 -1.025440957145319458e-03 1.666108642627684588e+01 -2.143444858558979094e-01 9.767477546002888422e-01 4.523174911415523379e-03 -6.242348434990327988e-01 1.971140612071863377e-03 -4.198238660418489830e-03 9.999894278303206319e-01 3.810016620014557848e-02
9.716063021759977492e-01 2.366019695650423693e-01 -9.562391751212159265e-04 1.690834427716080768e+01 -2.365951575629508530e-01 9.715971671360753570e-01 4.676683575176112523e-03 -7.019062890771664565e-01 2.035587850097052374e-03 -4.317650600383356012e-03 9.999887918346599402e-01 5.085106748435423707e-02
9.651523615394760336e-01 2.616884041019696960e-01 5.605078695942043894e-04 1.716813373470473536e+01 -2.616868449833325005e-01 9.651333947116642609e-01 6.141766281972885905e-03 -7.938482446906947043e-01 1.066260170543807673e-03 -6.074414440510107760e-03 9.999811687063753229e-01 5.598191534433132749e-02
9.575470545402070544e-01 2.882713521148950742e-01 1.866074374621263165e-03 1.744004230921600396e+01 -2.882750555737893516e-01 9.574930491500127649e-01 1.023471386336658601e-02 -8.918980284668251990e-01 1.163617405151045128e-03 -1.033815947378106080e-02 9.999460697724409375e-01 4.692968126796645545e-02
9.488249237782735435e-01 3.157922059547036975e-01 2.600584055478017981e-03 1.770868891972751413e+01 -3.157939944526023113e-01 9.487039728558745999e-01 1.533371684281142379e-02 -9.921761786081086942e-01 2.375079436196744949e-03 -1.537025827647280421e-02 9.998792376399978643e-01 3.080440707470667727e-02
9.383610305462530832e-01 3.456460331358368610e-01 2.759283675207595092e-03 1.797562472552567314e+01 -3.456448620679871686e-01 9.382309617155029091e-01 1.589019063956378236e-02 -1.109218148918585722e+00 2.903533320781409056e-03 -1.586446460202686412e-02 9.998701279083843652e-01 2.957656685730554458e-02
9.260567762391611613e-01 3.773679858552402289e-01 3.531006533182843524e-03 1.824697908679518576e+01 -3.773775905523296670e-01 9.259425520264337184e-01 1.472256974065023691e-02 -1.250031206484983004e+00 2.286314699674689942e-03 -1.496645496126578802e-02 9.998855762823420923e-01 4.827887059808189801e-02
9.120421454707685616e-01 4.100723973001693112e-01 4.469006217098898948e-03 1.852585517542287619e+01 -4.100921243446826736e-01 9.119258429566676760e-01 1.469435864794427921e-02 -1.405055622595032139e+00 1.950347051631091391e-03 -1.523457466869272345e-02 9.998822429381611920e-01 5.265832129327328859e-02
8.967324571409457379e-01 4.425289148154358809e-01 6.267438239335094453e-03 1.881179870781600272e+01 -4.425705905753148928e-01 8.965873908241414059e-01 1.620311816202469474e-02 -1.575595299014227901e+00 1.551040434713778270e-03 -1.730364132016769252e-02 9.998492771658714640e-01 5.185820230270318798e-02
8.804754865868233971e-01 4.740485379945080791e-01 6.412880824673246501e-03 1.909632032592904594e+01 -4.740865240425756744e-01 8.803203327760532604e-01 1.668226513911073849e-02 -1.750963119085378494e+00 2.262812230770841135e-03 -1.772858158177244986e-02 9.998404769201663100e-01 3.282732848748762255e-02
8.620158471705166026e-01 5.068656097961724560e-01 4.020542775088616766e-03 1.936765134490053342e+01 -5.068655917728400739e-01 8.618985879047766918e-01 1.477548069894747164e-02 -1.935195794321935114e+00 4.023880782645625903e-03 -1.477456894457318884e-02 9.998829586342024012e-01 4.058268314800579646e-02
8.410053526020976333e-01 5.410114674120618528e-01 4.101813180559191890e-03 1.964125415594998358e+01 -5.410098325407461939e-01 8.408940051057608445e-01 1.434767685933374670e-02 -2.146446082028410807e+00 4.313065282178509333e-03 -1.428558892601653092e-02 9.998888589343774003e-01 6.763915099276625320e-02
8.183795085310574535e-01 5.746418292733832534e-01 6.479781010341190139e-03 1.992899352421781956e+01 -5.746647468783088186e-01 8.182304427034848837e-01 1.611192649772152236e-02 -2.385489735510287534e+00 3.956630083817817313e-03 -1.690936666166836452e-02 9.998494052026116741e-01 6.968339452598869277e-02
7.945751482106451213e-01 6.071163617692931780e-01 7.765185811246383407e-03 2.021264535448013433e+01 -6.071499914526721220e-01 7.943962334680750859e-01 1.742805425384918311e-02 -2.635964550437825515e+00 4.412219228089558735e-03 -1.856252581002189317e-02 9.998181750543777557e-01 4.575180239197074172e-02
7.689706387419918965e-01 6.392596382798537702e-01 5.614025795599231379e-03 2.047260518668423046e+01 -6.392591636805456945e-01 7.688328876962561287e-01 1.561849936169511753e-02 -2.890399993943060686e+00 5.668024912257913980e-03 -1.559897943879835422e-02 9.998624747091253706e-01 3.912383990549467977e-02
7.408724336948875333e-01 6.716451309246505019e-01 1.052122080249586877e-03 2.071875463717024601e+01 -6.715983358940406101e-01 7.408003307644747126e-01 1.306792892477043680e-02 -3.160074543208520215e+00 7.997594306383234986e-03 -1.038826648930899453e-02 9.999142723765737095e-01 6.431333985629490713e-02
7.104212954811863767e-01 7.037723009649258232e-01 -2.527924406619312409e-03 2.096980724712053146e+01 -7.037002265479317398e-01 7.103923600586122822e-01 1.220293839881249863e-02 -3.457911656224387897e+00 1.038390392046165123e-02 -6.890321420738235517e-03 9.999225645471103707e-01 9.337996323078598393e-02
6.780803908909949218e-01 7.349816470536675306e-01 -3.036875104849605204e-03 2.122521887368126059e+01 -7.348839136738801736e-01 6.780481446461610329e-01 1.402047349094900745e-02 -3.773961870193458079e+00 1.236393357144496830e-02 -7.275252753023906532e-03 9.998973164242175304e-01 1.016211362166298121e-01
6.434547752503695373e-01 7.654831533047498082e-01 -1.325410568180361223e-03 2.147413105781340192e+01 -7.653248555191760616e-01 6.433551127075364251e-01 1.929488337284984353e-02 -4.100089369495500513e+00 1.562261286908844631e-02 -1.140101057182551537e-02 9.998131793871456452e-01 8.861592195550903328e-02
6.066270471515923246e-01 7.949867093411926433e-01 1.639976330247505199e-04 2.170808894106279752e+01 -7.947662427536038576e-01 6.064539305791378787e-01 2.367446846550900000e-02 -4.447778809318869264e+00 1.872142492822652729e-02 -1.449190816173579442e-02 9.997199333927504483e-01 7.155118976509078355e-02
5.678488866523523360e-01 8.231328543397966602e-01 -4.643479477953587893e-04 2.192237410020280919e+01 -8.229198918527941276e-01 5.677146247460903572e-01 2.243188034740096343e-02 -4.820441043143928184e+00 1.872802874446618387e-02 -1.235579293918865305e-02 9.997484932917122258e-01 6.918152815445333115e-02
5.266689655848600937e-01 8.500644893286670722e-01 -3.230360476495516917e-03 2.211613219849648360e+01 -8.499299591086263428e-01 5.266471373157969316e-01 1.618926256035240277e-02 -5.207775595807398794e+00 1.546317106527688411e-02 -5.780798309586020201e-03 9.998639558655467718e-01 8.802533817936805671e-02
4.824765589891455431e-01 8.758934827580037163e-01 -5.219920411348270839e-03 2.230113354479916055e+01 -8.758445311620682849e-01 4.825047767979793178e-01 9.259331937918601277e-03 -5.617971841608755845e+00 1.062881869634707890e-02 1.044313572439145891e-04 9.999437372813148039e-01 1.159955683507119112e-01
4.353532070529261833e-01 9.002482260326354346e-01 -4.581700925754568672e-03 2.247745265256716252e+01 -9.002234542522526972e-01 4.353757248534307345e-01 6.778595706704615073e-03 -6.051052431065669701e+00 8.097173695345539005e-03 1.173474114345594062e-03 9.999667619148001618e-01 1.309696195623045456e-01
3.861514154635701246e-01 9.224341313324507796e-01 -1.625339869497986799e-03 2.263523289013586748e+01 -9.224033119235550693e-01 3.861520481225379497e-01 7.679029368954939060e-03 -6.501283272694533544e+00 7.711020492368423664e-03 -1.466046601361892503e-03 9.999694338478549716e-01 1.267857461403733288e-01
3.348817182533272985e-01 9.422576024830573438e-01 2.266056223465227459e-03 2.277020416370259781e+01 -9.422296158120366805e-01 3.348504316964489580e-01 8.875917535625275565e-03 -6.960070703688393756e+00 7.604604058529348086e-03 -5.107525500041099585e-03 9.999582828220968667e-01 1.131411765773396721e-01
2.812372062515448579e-01 9.596198656581801378e-01 5.970469656055280364e-03 2.288354043864175225e+01 -9.596176168493757430e-01 2.811847145003206760e-01 8.332428363557988632e-03 -7.435223454825131029e+00 6.317151826648217776e-03 -8.072754760174015443e-03 9.999477082141309259e-01 1.139532865126476197e-01
2.249691884757396843e-01 9.743554981226798528e-01 4.531275908492314770e-03 2.297370793987711934e+01 -9.743406359308828257e-01 2.249273387362086818e-01 8.262171106673607893e-03 -7.930522035679699933e+00 7.031077001061866900e-03 -6.273738919075700152e-03 9.999558526065494002e-01 1.123854912700858466e-01
1.670188901301790096e-01 9.859538060410624194e-01 3.032487884599759597e-04 2.302279060912256625e+01 -9.859216166768418610e-01 1.670109395091296245e-01 8.133776438188636965e-03 -8.452379801937045301e+00 7.968874808643189658e-03 -1.657473071712709575e-03 9.999671282550934848e-01 1.347104560598248735e-01
1.093571488622864241e-01 9.940002755334426121e-01 -2.187965203934467886e-03 2.304485412720861248e+01 -9.939679217225623198e-01 1.093714583858542838e-01 8.118039298396302964e-03 -8.995946347105677532e+00 8.308627022443421106e-03 1.287001909010556137e-03 9.999649149950220473e-01 1.503972886330031122e-01
5.411164042786967276e-02 9.985318832946104006e-01 -2.516240335628651924e-03 2.304672702125087014e+01 -9.985027530536020324e-01 5.412997613043286915e-02 7.902368586516111612e-03 -9.552709968027546239e+00 8.026964752775559916e-03 2.084863206131589396e-03 9.999658715863147807e-01 1.545192276469412596e-01
2.401500579518317871e-03 9.999968250409698722e-01 -9.557684891996821343e-04 2.303173095717255592e+01 -9.999697478685064533e-01 2.408520014148516925e-03 7.412982648274208004e-03 -1.011923172335676391e+01 7.415254632068758039e-03 9.379374782907093540e-04 9.999723323558430410e-01 1.474320402371273320e-01
-4.468530383437727821e-02 9.990012547142675947e-01 -2.181190890206665333e-04 2.299892120458093459e+01 -9.989597437732243845e-01 -4.468145521000162212e-02 9.124119406606245181e-03 -1.070314087175904660e+01 9.105254335497199591e-03 6.256060766324902976e-04 9.999586171351225738e-01 1.384190474319658692e-01
-8.525053720514379207e-02 9.963557619062993753e-01 -2.807071845524600380e-03 2.293882808360683612e+01 -9.962806133187337432e-01 -8.520794393529501631e-02 1.283742734768212983e-02 -1.130414843362912691e+01 1.255145343965894354e-02 3.891028249686703539e-03 9.999139278542436005e-01 1.443138924149002522e-01
-1.181753297970062067e-01 9.929602950924999449e-01 -8.049645541742816643e-03 2.284049211193650564e+01 -9.928908631038692034e-01 -1.180431141958321606e-01 1.529089100483830253e-02 -1.190330931327305208e+01 1.423303601821045324e-02 9.799424651136996040e-03 9.998509636880366092e-01 1.651973738938094793e-01
-1.446682563519402220e-01 9.893934986636564455e-01 -1.311324067693489526e-02 2.272246979440221182e+01 -9.893696367649706946e-01 -1.444411278012757149e-01 1.687414653274534743e-02 -1.250495083974841570e+01 1.480107316365037069e-02 1.541499428269176367e-02 9.997719078203497478e-01 1.830935684601127933e-01
-1.655747816158956720e-01 9.860786463428680149e-01 -1.530541620685953522e-02 2.260069554486586085e+01 -9.860791170337341871e-01 -1.652946594324142260e-01 1.805296359024258224e-02 -1.314278827299942520e+01 1.527173302055466128e-02 1.808146376747761172e-02 9.997201595523282913e-01 1.898859996136187944e-01
-1.804256365200769263e-01 9.834494570309478823e-01 -1.655652015759474099e-02 2.248316456475980019e+01 -9.834916250874030652e-01 -1.801456974704395697e-01 1.708839658318659846e-02 -1.381610869764002381e+01 1.382298365993942305e-02 1.936638020025088086e-02 9.997171782335972923e-01 1.839031303264234973e-01
-1.892316548877253923e-01 9.817094288601379004e-01 -2.093668667458094268e-02 2.235507585151307097e+01 -9.818808592771635091e-01 -1.889597658827982252e-01 1.429855024541151244e-02 -1.449555187154412828e+01 1.008082533277896917e-02 2.326306637685793266e-02 9.996788381798531464e-01 1.808440329488369136e-01
-1.931926613674424809e-01 9.808092432308354036e-01 -2.627157953359464046e-02 2.221129489531188383e+01 -9.811459562572852899e-01 -1.929722600060592153e-01 1.070455555413272856e-02 -1.516242853645764299e+01 5.429435943583814199e-03 2.784429114657154328e-02 9.995978187119929359e-01 1.939347092251819393e-01
-1.951593718940784206e-01 9.803375164093676153e-01 -2.918138521726681284e-02 2.206223078020089190e+01 -9.807640502389938231e-01 -1.949540690054185066e-01 9.749736372394681230e-03 -1.584008597410656627e+01 3.868996024533281636e-03 3.052280092183994736e-02 9.995268778493900941e-01 2.107877493517407996e-01
-1.979070210131440855e-01 9.797968550434932311e-01 -2.883251918352017565e-02 2.191297343399582687e+01 -9.801906531678312717e-01 -1.975840401596108131e-01 1.367871348567267775e-02 -1.655561667256474934e+01 7.705508186257168345e-03 3.096847390696108940e-02 9.994909591291964990e-01 2.170295727047493461e-01
-2.013635660664689908e-01 9.791535169455152232e-01 -2.667370207088828535e-02 2.175971690121971847e+01 -9.794263861234809854e-01 -2.009004961273252732e-01 1.905849219769763583e-02 -1.730745177452524075e+01 1.330242292846756103e-02 2.996260831919612261e-02 9.994628019387173934e-01 2.200359772253812907e-01
-2.036994183797413149e-01 9.786781952637720883e-01 -2.638030104304388626e-02 2.160097343523958813e+01 -9.789098605016725019e-01 -2.031712715308305051e-01 2.138231925784003090e-02 -1.808026168092711572e+01 1.556668352750362368e-02 3.017949757672885869e-02 9.994235765095298429e-01 2.243117984064109671e-01
-2.028376450530980923e-01 9.787291659695745993e-01 -3.076524442850647051e-02 2.144397855331486724e+01 -9.791195029935373384e-01 -2.022851550809276477e-01 2.014949874516389766e-02 -1.885805842879628713e+01 1.349754290836555071e-02 3.420992214290793226e-02 9.993238301085221043e-01 2.335734256748098203e-01
-1.979238465853346285e-01 9.795269300271642887e-01 -3.679047795982465924e-02 2.128838785571925030e+01 -9.801610305645690469e-01 -1.973699037744016671e-01 1.815942293475829306e-02 -1.963684990080535897e+01 1.052630371614791775e-02 3.965476983254860588e-02 9.991583068379275012e-01 2.468782948128181443e-01
-1.907584711797815913e-01 9.808760381739116685e-01 -3.864974660156435954e-02 2.113039862522468226e+01 -9.815866005642709391e-01 -1.902011220197925290e-01 1.765137514370867383e-02 -2.042075720668070105e+01 9.962578008688794187e-03 4.130521605754769454e-02 9.990972220850466989e-01 2.602566374196695342e-01
-1.847312138899949441e-01 9.821593240441788275e-01 -3.518299183765458832e-02 2.096954864207113189e+01 -9.827075622145067246e-01 -1.841359171140072581e-01 1.949625787085027331e-02 -2.123001333329052542e+01 1.266997109318755872e-02 3.817615297470119268e-02 9.991910174713244386e-01 2.693062662616636516e-01
-1.816077319586910099e-01 9.829115684350314686e-01 -3.006467296858407121e-02 2.081024924644174945e+01 -9.832492104037617864e-01 -1.810187205037556424e-01 2.129568232050540674e-02 -2.207312064166470478e+01 1.548949592701325852e-02 3.342852015590110776e-02 9.993213937642763112e-01 2.808717878710860205e-01
-1.809841900462432485e-01 9.831057184961224937e-01 -2.735464118594385999e-02 2.065938863193683517e+01 -9.833589208455978392e-01 -1.804433462573479530e-01 2.111221027502160549e-02 -2.293829552101347602e+01 1.581956365502739520e-02 3.072040044455112001e-02 9.994031422041612656e-01 2.921854233025994452e-01
