1 0 0 0 0 1 0 0 0 0 1 0
1 -6.92888e-05 1.81421e-05 0.00234813 6.92888e-05 1 3.65163e-06 0.00278243 -1.81424e-05 -3.65037e-06 1 -0.000932522
1 -3.74444e-05 2.11282e-05 0.000155931 3.74442e-05 1 1.19854e-05 -0.000633209 -2.11286e-05 -1.19846e-05 1 -0.000665966
1 1.06424e-05 4.83663e-05 0.000315228 -1.06434e-05 1 2.22439e-05 -0.000489341 -4.8366e-05 -2.22444e-05 1 -0.00217064
1 1.77317e-05 2.93268e-05 0.00379858 -1.7732e-05 1 1.06999e-05 0.000946912 -2.93266e-05 -1.07004e-05 1 -0.00397158
1 -4.31101e-05 1.38758e-05 -0.0011955 4.311e-05 1 1.23155e-05 0.00128615 -1.38764e-05 -1.23149e-05 1 -0.00177361
1 -9.73706e-06 1.64734e-05 -0.00133287 9.73698e-06 1 4.84437e-06 0.00219853 -1.64734e-05 -4.84421e-06 1 0.000444161
1 -5.39764e-05 4.67236e-05 -0.00275424 5.39746e-05 1 3.77621e-05 0.00255659 -4.67257e-05 -3.77595e-05 1 -0.002726
1 -1.30667e-05 2.28226e-05 -0.00112157 1.30665e-05 1 5.9836e-06 -8.26611e-05 -2.28227e-05 -5.98331e-06 1 -0.000860504
1 -1.56541e-05 1.10549e-05 -0.000335818 1.56544e-05 1 -2.74456e-05 0.00111147 -1.10544e-05 2.74458e-05 1 -0.000417295
1 -4.87794e-05 2.60433e-05 0.00127979 4.87793e-05 1 6.04295e-06 0.00192781 -2.60436e-05 -6.04168e-06 1 -0.000830433
1 -3.15892e-05 5.63045e-05 -0.00147163 3.15871e-05 1 3.66244e-05 -0.00173245 -5.63057e-05 -3.66226e-05 1 -0.00218583
1 -2.75218e-06 3.58328e-05 -0.00243449 2.75203e-06 1 4.38439e-06 -5.66657e-05 -3.58328e-05 -4.38429e-06 1 -0.00186804
1 -1.26093e-05 4.44656e-05 -0.00229799 1.26086e-05 1 1.50379e-05 0.000270942 -4.44658e-05 -1.50374e-05 1 -0.00246679
1 -3.50681e-06 3.00233e-05 0.00221732 3.50626e-06 1 1.83676e-05 -0.000485221 -3.00233e-05 -1.83675e-05 1 -0.00192946
1 -2.16213e-05 4.67811e-05 -0.00213247 2.16206e-05 1 1.33363e-05 0.00193856 -4.67813e-05 -1.33353e-05 1 -0.00241533
1 -2.43048e-05 4.0618e-05 -0.00262541 2.43039e-05 1 2.15362e-05 0.000940515 -4.06186e-05 -2.15353e-05 1 -0.00254555
1 -3.0622e-05 1.28061e-05 -0.000318038 3.06218e-05 1 1.87497e-05 0.00103467 -1.28067e-05 -1.87493e-05 1 -0.00163543
1 -1.90658e-05 1.91382e-05 0.00067336 1.90655e-05 1 1.71177e-05 0.00171688 -1.91385e-05 -1.71174e-05 1 -0.00142734
1 -2.02765e-05 -5.56501e-06 0.002541 2.02765e-05 1 -2.86288e-06 0.00472778 5.56507e-06 2.86277e-06 1 -0.000529946
1 -2.26861e-05 1.68147e-05 -0.00334323 2.26858e-05 1 1.36574e-05 0.00175505 -1.6815e-05 -1.3657e-05 1 -0.000984408
1 1.73362e-06 3.2694e-05 -0.00224137 -1.73411e-06 1 1.51695e-05 0.00284609 -3.2694e-05 -1.51696e-05 1 -0.00180928
1 -6.57214e-06 3.69248e-05 -0.00289532 6.57155e-06 1 1.60353e-05 -0.00227504 -3.69249e-05 -1.6035e-05 1 -0.00155249
1 -7.37584e-05 3.3446e-05 -0.00528801 7.37586e-05 1 -5.51529e-06 0.00533135 -3.34455e-05 5.51776e-06 1 -0.00127057
1 -5.29524e-05 1.82875e-05 0.000414584 5.29523e-05 1 8.1965e-06 0.00306283 -1.82879e-05 -8.19553e-06 1 -0.00187156
1 -5.97773e-05 3.38993e-05 -0.0021939 5.97772e-05 1 1.9386e-06 0.00650802 -3.38994e-05 -1.93657e-06 1 -0.00282519
1 -1.75991e-05 2.90314e-05 0.000968292 1.75988e-05 1 9.35319e-06 0.00230659 -2.90316e-05 -9.35268e-06 1 -0.00315181
1 -5.07118e-06 1.18136e-05 0.00258958 5.07092e-06 1 2.14652e-05 -0.00120285 -1.18137e-05 -2.14651e-05 1 -0.00198109
1 -1.32148e-05 6.28758e-06 0.00183082 1.32148e-05 1 2.60493e-06 -0.000486354 -6.28762e-06 -2.60485e-06 1 -0.000658937
1 -1.83335e-05 2.0317e-05 0.00224207 1.83333e-05 1 8.94866e-06 0.000483142 -2.03172e-05 -8.94829e-06 1 -0.0012201
1 -4.07262e-05 1.50314e-05 -0.00184776 4.07262e-05 1 -1.01869e-06 0.00268303 -1.50314e-05 1.0193e-06 1 -0.000780293
1 -3.75436e-05 1.07055e-05 8.12521e-05 3.75436e-05 1 -8.05607e-07 0.00475363 -1.07054e-05 8.06009e-07 1 -0.000465168
1 -6.96298e-06 2.77226e-05 1.95838e-05 6.96274e-06 1 8.65613e-06 0.00218254 -2.77227e-05 -8.65593e-06 1 -0.00110276
1 -2.42891e-05 1.17153e-05 -0.00171245 2.42891e-05 1 3.1868e-06 0.000763411 -1.17154e-05 -3.18651e-06 1 -0.000506534
1 -7.50572e-07 3.21126e-05 -0.00258376 7.50116e-07 1 1.42111e-05 -0.00124435 -3.21126e-05 -1.4211e-05 1 -0.00156081
1 -4.76956e-05 3.61588e-05 -0.00501438 4.76951e-05 1 1.48834e-05 0.00171295 -3.61595e-05 -1.48817e-05 1 -0.00167993
1 -3.8088e-05 2.99797e-05 0.000977475 3.80875e-05 1 1.67551e-05 0.00219858 -2.99804e-05 -1.67539e-05 1 -0.00280847
1 -7.44136e-07 2.66638e-05 0.00401662 7.43618e-07 1 1.94228e-05 -0.0033627 -2.66638e-05 -1.94228e-05 1 -0.00195824
1 -7.47726e-06 2.60717e-05 0.000735738 7.47685e-06 1 1.59341e-05 -0.000319798 -2.60718e-05 -1.59339e-05 1 -0.00135871
1 -9.6289e-06 1.40604e-05 0.000553765 9.62862e-06 1 1.94793e-05 -7.29346e-05 -1.40606e-05 -1.94791e-05 1 -0.000979865
1 -4.61982e-05 2.14008e-05 -0.00123963 4.61981e-05 1 2.42181e-06 0.00393954 -2.14009e-05 -2.42082e-06 1 -0.00107605
1 -8.56548e-05 3.16363e-05 -0.0044212 8.56547e-05 1 3.63782e-06 0.00512112 -3.16366e-05 -3.63511e-06 1 -0.00164029
1 -3.9823e-05 2.86917e-05 -0.00184538 3.98228e-05 1 8.12012e-06 0.00145858 -2.8692e-05 -8.11898e-06 1 -0.0016999
1 -4.48446e-05 2.87082e-05 0.00044609 4.48444e-05 1 5.9969e-06 0.00463682 -2.87085e-05 -5.99561e-06 1 -0.00192638
1 -8.46511e-06 1.28896e-05 0.00483141 8.46509e-06 1 2.27357e-06 0.00304909 -1.28896e-05 -2.27346e-06 1 -0.00160463
1 -2.85519e-05 3.14445e-05 -0.00373262 2.85515e-05 1 1.4251e-05 0.00162064 -3.14449e-05 -1.42501e-05 1 -0.00166825
1 -4.56132e-05 3.18268e-05 -0.00347616 4.56129e-05 1 9.04204e-06 0.0045865 -3.18272e-05 -9.04059e-06 1 -0.0019549
1 -1.18269e-05 1.75132e-05 -0.000132831 1.18267e-05 1 1.10385e-05 -0.000435829 -1.75133e-05 -1.10382e-05 1 -0.00102487
1 -5.2361e-06 3.24329e-05 0.00234015 5.23478e-06 1 4.06876e-05 -0.00364446 -3.24331e-05 -4.06874e-05 1 -0.00359902
1 -4.06493e-05 4.0083e-05 -0.00316579 4.06488e-05 1 1.0478e-05 0.00210266 -4.00835e-05 -1.04764e-05 1 -0.00235513
1 -3.09924e-05 2.04903e-05 -2.7465e-05 3.09927e-05 1 -1.08031e-05 0.00343293 -2.049e-05 1.08037e-05 1 0.000100531
1 -2.21562e-05 3.79618e-05 -0.00169635 2.21555e-05 1 1.89729e-05 -0.00035989 -3.79622e-05 -1.8972e-05 1 -0.00165039
1 -3.02833e-05 2.23873e-05 -0.00326477 3.02834e-05 1 -3.34536e-06 0.00197982 -2.23872e-05 3.34604e-06 1 -0.000862312
1 -3.03661e-05 1.26698e-05 0.000990747 3.03662e-05 1 -9.14638e-06 0.00414413 -1.26695e-05 9.14677e-06 1 -0.00149369
1 -3.41533e-05 2.38742e-05 -0.000501739 3.4153e-05 1 1.19782e-05 0.00314358 -2.38746e-05 -1.19773e-05 1 -0.0020115
1 -3.55303e-05 2.2811e-05 -0.00227815 3.55303e-05 1 -3.02497e-07 0.00237913 -2.28109e-05 3.03308e-07 1 -0.000738486
1 7.52456e-06 2.86121e-05 0.000414078 -7.52499e-06 1 1.499e-05 -0.00358862 -2.8612e-05 -1.49903e-05 1 -0.000880969
1 -1.4565e-05 3.89079e-05 -0.00108909 1.45643e-05 1 1.7628e-05 -0.000326135 -3.89082e-05 -1.76274e-05 1 -0.00150124
1 -4.9964e-05 2.84671e-05 0.000310291 4.99637e-05 1 1.16868e-05 0.00426204 -2.84677e-05 -1.16853e-05 1 -0.00165305
1 -4.37964e-05 2.28254e-05 0.0013091 4.37963e-05 1 4.07382e-06 0.00437555 -2.28256e-05 -4.07282e-06 1 -0.00173515
1 -2.0503e-05 2.66706e-05 -0.000667675 2.05027e-05 1 9.69356e-06 0.00118939 -2.66708e-05 -9.69302e-06 1 -0.00156227
1 -1.4834e-05 1.57825e-05 -0.00185988 1.48339e-05 1 5.97022e-06 0.00128935 -1.57826e-05 -5.96999e-06 1 -0.00114997
1 -2.63442e-05 2.11778e-05 -0.00289952 2.63441e-05 1 6.99811e-06 0.000751782 -2.1178e-05 -6.99755e-06 1 -0.000744807
1 -5.04631e-05 3.23837e-05 -0.00509714 5.0463e-05 1 3.51369e-06 -0.000247882 -3.23839e-05 -3.51205e-06 1 -0.000862823
1 9.98076e-06 2.16621e-05 0.00314033 -9.98108e-06 1 1.5123e-05 -0.00166758 -2.16619e-05 -1.51232e-05 1 -0.00140146
1 -4.47117e-05 4.1134e-05 0.000370289 4.47109e-05 1 1.98339e-05 0.0043153 -4.11349e-05 -1.98321e-05 1 -0.00338001
1 -6.83932e-05 3.33352e-05 -0.0020153 6.83932e-05 1 1.87042e-06 0.00790269 -3.33354e-05 -1.86814e-06 1 -0.00203067
1 2.97043e-05 2.86296e-05 0.00376839 -2.97051e-05 1 2.56558e-05 -0.0024922 -2.86289e-05 -2.56567e-05 1 -0.00257558
1 8.2064e-06 4.55094e-05 0.00288718 -8.20761e-06 1 2.67091e-05 -0.000337239 -4.55091e-05 -2.67095e-05 1 -0.00343287
1 -5.21261e-05 4.95854e-05 -0.00290079 5.21255e-05 1 1.21874e-05 0.00527244 -4.9586e-05 -1.21848e-05 1 -0.00241738
1 -7.15686e-05 2.74384e-05 -0.00262202 7.15685e-05 1 6.29003e-06 0.00630133 -2.74388e-05 -6.28807e-06 1 -0.00220632
1 -3.83878e-05 1.90215e-05 -0.000639851 3.83876e-05 1 1.3511e-05 0.00250823 -1.9022e-05 -1.35103e-05 1 -0.00221912
1 -9.22994e-06 2.22128e-05 0.00511501 9.22958e-06 1 1.62105e-05 -0.000669825 -2.22129e-05 -1.62103e-05 1 -0.00207924
1 -5.00492e-05 3.12587e-05 -0.0015907 5.00487e-05 1 1.48164e-05 0.00323899 -3.12594e-05 -1.48149e-05 1 -0.0011301
1 -7.27281e-05 2.47449e-05 -0.0045316 7.27282e-05 1 -6.49339e-06 0.00690033 -2.47444e-05 6.49519e-06 1 -0.000362794
1 -2.75484e-05 3.27161e-05 0.000567031 2.75476e-05 1 2.45778e-05 0.000342281 -3.27167e-05 -2.45769e-05 1 -0.0020482
1 -2.68325e-05 2.13244e-05 0.00219495 2.68321e-05 1 2.12178e-05 0.00238337 -2.13249e-05 -2.12173e-05 1 -0.00271921
1 -1.86017e-06 2.83581e-05 0.00338622 1.85976e-06 1 1.46918e-05 0.000445249 -2.83581e-05 -1.46917e-05 1 -0.00226178
1 -2.07477e-05 4.49748e-05 -0.00252151 2.07467e-05 1 2.20652e-05 -0.00137526 -4.49752e-05 -2.20643e-05 1 -0.00146477
1 -3.71952e-05 1.75988e-05 0.000784678 3.71952e-05 1 7.96513e-07 0.00550516 -1.75988e-05 -7.95859e-07 1 -0.00128036
1 -4.02017e-05 2.45072e-05 0.0018997 4.02011e-05 1 2.55839e-05 0.00259746 -2.45083e-05 -2.55829e-05 1 -0.00249852
1 -2.05973e-05 2.45985e-05 0.00145509 2.05969e-05 1 1.60576e-05 0.00131513 -2.45988e-05 -1.60571e-05 1 -0.00183835
1 -4.85118e-05 3.40098e-05 -0.002942 4.85114e-05 1 1.01317e-05 0.00326049 -3.40103e-05 -1.013e-05 1 -0.00205608
1 1.02202e-06 1.06105e-05 0.000540881 -1.02196e-06 1 -5.70176e-06 -0.00172653 -1.06105e-05 5.70175e-06 1 3.91412e-05
1 -2.63977e-06 1.60576e-05 0.00375399 2.63962e-06 1 9.28919e-06 0.00119336 -1.60576e-05 -9.28915e-06 1 -0.00187156
1 -8.81902e-06 6.94281e-06 0.00213523 8.81905e-06 1 -4.72444e-06 0.00227382 -6.94277e-06 4.7245e-06 1 -0.00105281
1 -5.34724e-05 4.2066e-05 -0.00537547 5.34715e-05 1 2.04242e-05 0.00215791 -4.20671e-05 -2.0422e-05 1 -0.00221883
1 -1.55744e-05 1.25688e-05 0.00339353 1.55745e-05 1 -7.19787e-06 0.0036822 -1.25686e-05 7.19807e-06 1 -0.00143196
1 -4.79859e-06 -1.6726e-05 0.0107444 4.7981e-06 1 -2.94427e-05 0.00608882 1.67262e-05 2.94426e-05 1 -0.000227914
1 4.64358e-05 -1.87564e-05 0.0219298 -4.64363e-05 1 -2.33467e-05 0.0034207 1.87554e-05 2.33475e-05 1 -0.00031811
1 9.16878e-05 -7.2898e-05 0.0277736 -9.16918e-05 1 -5.54385e-05 0.00093297 7.28929e-05 5.54452e-05 1 0.00184915
1 1.66483e-05 -3.91603e-05 0.0148592 -1.66499e-05 1 -4.02587e-05 0.00122592 3.91596e-05 4.02594e-05 1 0.00174755
1 -6.83137e-05 1.46901e-05 -0.00150788 6.83137e-05 1 -1.32448e-06 0.00294904 -1.469e-05 1.32548e-06 1 0.000395207
1 -0.000180038 4.41077e-05 -0.0198721 0.000180038 1 1.36034e-06 0.00888691 -4.41079e-05 -1.3524e-06 1 -0.000274945
1 -0.000215207 6.14845e-05 -0.0316623 0.000215208 1 -1.04846e-05 0.00866224 -6.14822e-05 1.04978e-05 1 -0.000745958
1 -0.000244661 0.000103478 -0.0434384 0.000244659 1 1.49551e-05 0.00368158 -0.000103482 -1.49298e-05 1 -0.000728591
1 -0.000306143 0.00012584 -0.0530744 0.000306138 1 4.06812e-05 0.00927649 -0.000125852 -4.06427e-05 1 -0.000880691
1 -0.000405768 0.00011892 -0.0609782 0.000405766 1 1.29893e-05 0.0152974 -0.000118925 -1.29411e-05 1 0.0021622
1 -0.000522946 0.000155282 -0.0800832 0.000522948 1 -1.52856e-05 0.0218248 -0.000155274 1.53668e-05 1 0.0043158
1 -0.000622231 0.000175295 -0.103969 0.00062223 1 8.69178e-06 0.0138949 -0.0001753 -8.5827e-06 1 0.00634251
1 -0.000787484 0.00022241 -0.13507 0.000787473 1 4.97141e-05 0.0195931 -0.000222449 -4.9539e-05 1 0.00423385
0.999999 -0.00105922 0.000395929 -0.190233 0.0010592 0.999999 5.37945e-05 0.0302811 -0.000395986 -5.33751e-05 1 0.00652622
0.999999 -0.00141765 0.000537656 -0.262589 0.00141758 0.999999 0.000118656 0.0385798 -0.000537824 -0.000117893 1 0.00585703
0.999998 -0.00175806 0.000608842 -0.328563 0.00175797 0.999998 0.000156231 0.038454 -0.000609115 -0.000155161 1 0.00434792
0.999998 -0.00200195 0.000712607 -0.38578 0.00200181 0.999998 0.000195415 0.0367324 -0.000712997 -0.000193988 1 0.00390788
0.999997 -0.00229094 0.000802354 -0.436085 0.00229076 0.999997 0.000225105 0.0508465 -0.000802867 -0.000223266 1 0.00417428
0.999996 -0.0028604 0.000880813 -0.494289 0.00286017 0.999996 0.000258962 0.0583532 -0.00088155 -0.000256441 1 0.00578954
0.999992 -0.00377438 0.000897929 -0.572566 0.00377419 0.999993 0.000215009 0.0686001 -0.000898734 -0.000211618 1 0.00987704
0.999981 -0.0060987 0.00103073 -0.714858 0.00609867 0.999981 3.33046e-05 0.0319453 -0.00103092 -2.70178e-05 0.999999 0.0166324
0.99997 -0.00764433 0.00121001 -0.845228 0.00764424 0.999971 7.75203e-05 0.0129035 -0.00121057 -6.82683e-05 0.999999 0.0212186
0.999963 -0.00852369 0.00134778 -0.956357 0.00852347 0.999964 0.000166788 0.019307 -0.00134916 -0.000155294 0.999999 0.0234224
0.999949 -0.0100397 0.00146 -1.0896 0.0100396 0.99995 0.000113875 -0.000238236 -0.00146107 -9.92111e-05 0.999999 0.0265271
0.999921 -0.0124207 0.00175412 -1.26141 0.0124206 0.999923 2.36095e-05 -0.0265963 -0.00175428 -1.82039e-06 0.999998 0.0260345
0.999897 -0.0141765 0.00211353 -1.41563 0.0141761 0.999899 0.000166773 -0.0613168 -0.00211568 -0.000136794 0.999998 0.0267974
0.999872 -0.0158435 0.00235211 -1.54892 0.0158425 0.999874 0.000433961 -0.0765273 -0.00235869 -0.000396642 0.999997 0.0309419
0.999757 -0.0218661 0.00261213 -1.69025 0.0218638 0.999761 0.00088444 -0.0363193 -0.00263084 -0.000827115 0.999996 0.0308565
0.999652 -0.0262337 0.00264939 -1.86941 0.0262319 0.999656 0.000694337 -0.0484422 -0.0026667 -0.000624597 0.999996 0.0461527
0.999506 -0.0312809 0.00313603 -2.05467 0.0312788 0.99951 0.000727518 -0.0441029 -0.00315725 -0.000629068 0.999995 0.0409808
0.999397 -0.0345683 0.00333644 -2.23925 0.0345662 0.999402 0.000685671 -0.0691182 -0.00335815 -0.000569929 0.999994 0.0449164
0.999303 -0.0371427 0.00376683 -2.48438 0.0371397 0.99931 0.000844996 -0.106293 -0.00379561 -0.000704508 0.999993 0.0498111
0.999074 -0.0428181 0.00414335 -2.67466 0.0428132 0.999082 0.00127207 -0.103142 -0.00419402 -0.0010935 0.999991 0.0588562
0.998842 -0.0478911 0.00468277 -2.90556 0.0478845 0.998852 0.00151566 -0.133931 -0.00474998 -0.00128967 0.999988 0.0625446
0.99851 -0.0543089 0.00538585 -3.14141 0.0543005 0.998523 0.00169063 -0.157272 -0.00546972 -0.00139565 0.999984 0.0613745
0.998229 -0.0591795 0.00607078 -3.39186 0.0591707 0.998247 0.00161514 -0.201512 -0.00615572 -0.00125307 0.99998 0.0630151
0.997842 -0.0652952 0.00696692 -3.63811 0.065283 0.997865 0.00196792 -0.216554 -0.00708054 -0.00150885 0.999974 0.0667141
0.997343 -0.0723997 0.00808164 -3.89042 0.0723801 0.997373 0.00269907 -0.201399 -0.00825583 -0.00210694 0.999964 0.0766108
0.99688 -0.0784542 0.00869796 -4.15297 0.0784302 0.996915 0.00306237 -0.259674 -0.00891138 -0.00237063 0.999957 0.0892578
0.996251 -0.0860232 0.00914529 -4.46418 0.0859963 0.99629 0.00330084 -0.306385 -0.00939531 -0.002502 0.999953 0.1024
0.995478 -0.0944998 0.00962566 -4.73427 0.0944697 0.995521 0.00353863 -0.323624 -0.00991695 -0.0026133 0.999947 0.106266
0.994587 -0.103421 0.0100251 -5.02144 0.103389 0.994634 0.00365676 -0.366751 -0.0103495 -0.00260048 0.999943 0.116352
0.993615 -0.112334 0.0105168 -5.32319 0.1123 0.993667 0.00373796 -0.430299 -0.0108701 -0.00253306 0.999938 0.120221
0.992482 -0.12194 0.0105198 -5.62892 0.121907 0.992535 0.0036622 -0.478817 -0.0108879 -0.00235222 0.999938 0.131754
0.991133 -0.13248 0.0102488 -5.94003 0.132446 0.991183 0.00392588 -0.525355 -0.0106785 -0.00253366 0.99994 0.148523
0.989682 -0.142901 0.010443 -6.26294 0.142862 0.989733 0.0044036 -0.588574 -0.0109651 -0.00286625 0.999936 0.161605
0.988012 -0.153986 0.0109416 -6.57371 0.153945 0.988069 0.00455733 -0.659687 -0.0115128 -0.00281829 0.99993 0.171534
0.986113 -0.165733 0.0107034 -6.89497 0.165699 0.986168 0.00401438 -0.726364 -0.0112207 -0.00218509 0.999935 0.183668
0.984093 -0.177348 0.0103977 -7.24728 0.177323 0.984147 0.00328009 -0.801885 -0.0108146 -0.00138417 0.999941 0.198205
0.981979 -0.188727 0.00997464 -7.5999 0.188713 0.98203 0.00226804 -0.886231 -0.0102234 -0.000344823 0.999948 0.216517
0.979712 -0.200129 0.010642 -7.96072 0.200123 0.979769 0.00163132 -0.98075 -0.0107532 0.000531496 0.999942 0.213893
0.977126 -0.212364 0.0112431 -8.2947 0.212354 0.977191 0.00207504 -1.06603 -0.0114273 0.000359932 0.999935 0.216387
0.974411 -0.224479 0.0115535 -8.65324 0.224459 0.974479 0.00297416 -1.16048 -0.0119262 -0.00030477 0.999929 0.230796
0.971722 -0.235884 0.0107329 -9.04457 0.235867 0.971781 0.00282833 -1.27682 -0.0110972 -0.000216808 0.999938 0.24452
0.968961 -0.246999 0.0102622 -9.40089 0.246996 0.969015 0.00160726 -1.4052 -0.0103412 0.000977349 0.999946 0.252902
0.965997 -0.258367 0.00977928 -9.77726 0.258386 0.966041 -0.000737306 -1.51866 -0.00925669 0.00323907 0.999952 0.294179
0.962984 -0.269387 0.00957894 -10.1396 0.269418 0.963021 -0.00208721 -1.63575 -0.00866245 0.00459069 0.999952 0.307779
0.959914 -0.280124 0.0097485 -10.4936 0.280156 0.959952 -0.00211327 -1.76073 -0.00876612 0.00475967 0.99995 0.319332
0.956976 -0.289984 0.0103587 -10.8853 0.290014 0.957021 -0.0015546 -1.88699 -0.00946273 0.0044919 0.999945 0.324753
0.954427 -0.298297 0.00939953 -11.2994 0.298323 0.954464 -0.00155443 -2.02499 -0.00850782 0.00428769 0.999955 0.324874
0.951895 -0.306312 0.00825377 -11.6892 0.306338 0.951921 -0.00196132 -2.15563 -0.00725616 0.00439542 0.999964 0.338505
0.949842 -0.312636 0.00764796 -12.1003 0.312659 0.949863 -0.00209411 -2.29224 -0.00660982 0.00438028 0.999969 0.346172
0.948075 -0.317967 0.00713351 -12.512 0.317989 0.948092 -0.00211784 -2.44137 -0.00608982 0.00427624 0.999972 0.356193
0.946553 -0.322478 0.00675613 -12.9195 0.3225 0.946566 -0.00248086 -2.57951 -0.00559511 0.00452712 0.999974 0.374961
0.94531 -0.326107 0.0066029 -13.3245 0.32613 0.945321 -0.00263387 -2.71526 -0.00538294 0.00464323 0.999975 0.379316
0.944385 -0.328788 0.00595869 -13.7564 0.328808 0.944393 -0.00272722 -2.87517 -0.00473067 0.00453481 0.999979 0.390076
0.943735 -0.330663 0.00518876 -14.2012 0.330678 0.943741 -0.00240374 -3.02404 -0.00410202 0.00398431 0.999984 0.405325
0.943543 -0.331217 0.0047136 -14.6526 0.331227 0.94355 -0.00144169 -3.1664 -0.00397001 0.00292157 0.999988 0.41161
0.943534 -0.331274 0.00136641 -15.0876 0.331269 0.943532 0.00295569 -3.33069 -0.00226839 -0.00233614 0.999995 0.434639
0.943524 -0.331304 -0.000267119 -15.5382 0.331303 0.943517 0.00377609 -3.49635 -0.000999005 -0.00365133 0.999993 0.479573
0.943515 -0.331328 0.00068009 -15.9825 0.331324 0.94351 0.00366511 -3.66306 -0.00185603 -0.00323276 0.999993 0.48573
0.943511 -0.331334 0.00231725 -16.4494 0.331329 0.943513 0.00221295 -3.80627 -0.00291958 -0.00132017 0.999995 0.492115
0.943657 -0.330906 0.00339312 -16.904 0.330898 0.943662 0.00289866 -3.9609 -0.00416115 -0.00161257 0.99999 0.508387
0.943794 -0.330498 0.00496681 -17.3793 0.330477 0.943803 0.00449843 -4.1285 -0.00617441 -0.00260417 0.999978 0.516569
0.943882 -0.330227 0.00605441 -17.8737 0.330194 0.943895 0.0058191 -4.30566 -0.00763635 -0.00349341 0.999965 0.52333
0.943998 -0.329901 0.00581483 -18.3571 0.329864 0.944006 0.00656685 -4.45778 -0.00765564 -0.00428099 0.999962 0.531594
0.944234 -0.32925 0.00405346 -18.8461 0.329228 0.944236 0.00520294 -4.62524 -0.00554049 -0.00357828 0.999978 0.562424
0.944612 -0.328171 0.00334978 -19.3539 0.328158 0.944615 0.00378676 -4.81358 -0.00440696 -0.00247776 0.999987 0.57724
0.944646 -0.328067 0.00411117 -19.8474 0.328055 0.944653 0.0031622 -4.9985 -0.00492104 -0.00163847 0.999987 0.593143
0.944656 -0.328014 0.00572148 -20.3507 0.327998 0.944672 0.00353025 -5.16696 -0.00656289 -0.00145824 0.999977 0.605839
0.944779 -0.327635 0.00686905 -20.8684 0.327609 0.944802 0.00471082 -5.34077 -0.00803332 -0.00220032 0.999965 0.610171
0.944636 -0.32803 0.00767032 -21.387 0.327991 0.944663 0.0058477 -5.5011 -0.00916409 -0.00300815 0.999953 0.629207
0.944369 -0.328781 0.00839479 -21.9096 0.328736 0.944401 0.00628615 -5.6831 -0.00999481 -0.00317678 0.999945 0.650199
0.943869 -0.330216 0.00825515 -22.4295 0.330176 0.943901 0.00584236 -5.88546 -0.00972129 -0.00278878 0.999949 0.674658
0.943072 -0.332491 0.00802985 -22.9544 0.332465 0.943105 0.00449242 -6.07286 -0.00906668 -0.00156703 0.999958 0.684296
0.942181 -0.335037 0.00677779 -23.4901 0.335023 0.942205 0.00310251 -6.26322 -0.00742553 -0.000652413 0.999972 0.68874
0.941404 -0.337231 0.00590613 -24.0377 0.337219 0.941422 0.00292964 -6.45909 -0.00654812 -0.000766314 0.999978 0.711521
0.940581 -0.339524 0.00557212 -24.5599 0.339517 0.940598 0.00210864 -6.64881 -0.00595706 -9.15163e-05 0.999982 0.734384
0.939811 -0.341667 0.00438296 -25.0987 0.341664 0.939821 0.00152985 -6.84696 -0.0046419 5.97319e-05 0.999989 0.747072
0.938856 -0.3443 0.00276208 -25.6571 0.344298 0.93886 0.00123526 -7.05064 -0.0030185 -0.000208754 0.999995 0.759731
0.937893 -0.346925 -0.00018295 -26.2171 0.346922 0.937884 0.00440291 -7.2625 -0.00135589 -0.00419293 0.99999 0.751279
0.936633 -0.350283 -0.00463588 -26.7775 0.350306 0.936617 0.00592566 -7.46186 0.00226639 -0.00717414 0.999972 0.826715
0.935341 -0.353717 -0.00473582 -27.3346 0.353707 0.935352 -0.00266406 -7.68723 0.00537198 0.00081671 0.999985 0.883261
0.933962 -0.357371 -0.00140419 -27.8879 0.357352 0.933942 -0.00717634 -7.91903 0.00387605 0.00620063 0.999973 0.821355
0.932255 -0.361794 0.00247983 -28.4619 0.361802 0.932242 -0.00484962 -8.15101 -0.000557241 0.00541829 0.999985 0.796183
0.930095 -0.367289 0.00477003 -29.0468 0.367273 0.930105 0.00392148 -8.37967 -0.00587695 -0.00189545 0.999981 0.79738
0.928091 -0.37234 0.00317043 -29.6145 0.372307 0.928076 0.00792207 -8.59854 -0.0058921 -0.00617203 0.999964 0.907318
0.926507 -0.376258 0.00397257 -30.1856 0.376246 0.926514 0.00344982 -8.83937 -0.00497866 -0.00170162 0.999986 0.940308
0.924295 -0.381651 0.00453778 -30.7973 0.381666 0.924296 -0.00284411 -9.10783 -0.00310879 0.00436071 0.999986 0.913198
0.921502 -0.388362 0.00303503 -31.3975 0.388373 0.921491 -0.00464403 -9.36973 -0.000993188 0.00545821 0.999985 0.890088
0.918383 -0.395687 0.00218365 -31.9846 0.395691 0.918381 -0.00224135 -9.63579 -0.00111855 0.00292247 0.999995 0.917753
0.91509 -0.403237 0.00326883 -32.584 0.403238 0.915095 0.000300393 -9.89871 -0.00311242 0.00104323 0.999995 0.961489
0.911438 -0.411411 0.00470798 -33.1813 0.411412 0.911449 0.000725134 -10.1768 -0.00458941 0.00127601 0.999989 0.998538
0.907565 -0.419867 0.00614268 -33.7785 0.419883 0.907577 -0.00158162 -10.4716 -0.00491088 0.00401463 0.99998 1.01331
0.903597 -0.428319 0.00743043 -34.3961 0.428351 0.903606 -0.00330103 -10.7773 -0.00530029 0.00616563 0.999967 1.01789
0.89909 -0.437677 0.00870206 -35.0085 0.437719 0.899104 -0.00365599 -11.0719 -0.00622391 0.00709612 0.999955 1.02439
0.894208 -0.44757 0.00858143 -35.6227 0.447604 0.894228 -0.00245453 -11.4019 -0.00657519 0.00603595 0.99996 1.04283
0.888564 -0.458681 0.00805535 -36.2284 0.458704 0.888588 -0.00117456 -11.723 -0.00661914 0.00473869 0.999967 1.07326
0.882797 -0.469705 0.00687771 -36.8368 0.469726 0.882811 -0.00164179 -12.0609 -0.00530056 0.00468001 0.999975 1.10226
0.876937 -0.480567 0.00601725 -37.4514 0.480588 0.876942 -0.00264375 -12.4185 -0.00400628 0.00521022 0.999978 1.12376
0.871092 -0.491102 0.00425264 -38.0634 0.491118 0.871081 -0.00457063 -12.7806 -0.00145975 0.00606999 0.999981 1.13928
0.865271 -0.501296 0.00278671 -38.6801 0.501304 0.865258 -0.00483161 -13.1451 1.08489e-05 0.00557764 0.999984 1.13198
0.859058 -0.511875 0.00164967 -39.3109 0.511877 0.859048 -0.00432455 -13.5238 0.000796485 0.00455947 0.999989 1.14476
0.852664 -0.522457 0.00143903 -39.918 0.522458 0.852653 -0.0044593 -13.9137 0.0011028 0.00455412 0.999989 1.17931
0.8462 -0.532862 0.00197579 -40.5287 0.532865 0.846185 -0.00511822 -14.3231 0.00105542 0.00538386 0.999985 1.1897
0.839472 -0.5434 0.00199757 -41.1612 0.543403 0.839462 -0.00404798 -14.7364 0.000522786 0.00448366 0.99999 1.18785
0.832708 -0.553713 0.000229891 -41.7954 0.553711 0.832704 -0.00274377 -15.1514 0.00132783 0.00241205 0.999996 1.21049
0.826025 -0.563633 -0.000336892 -42.4044 0.563632 0.826024 -0.0015836 -15.5828 0.00117085 0.00111821 0.999999 1.24492
0.818976 -0.573827 0.000627113 -43.0114 0.573827 0.818975 -0.00156179 -16.0333 0.000382607 0.00163892 0.999999 1.26369
0.811895 -0.583802 0.00126282 -43.6192 0.583803 0.811891 -0.00241606 -16.4878 0.000385227 0.00269883 0.999996 1.25806
0.805407 -0.592722 0.000131245 -44.245 0.592719 0.805404 -0.00298264 -16.9524 0.00166217 0.00248003 0.999996 1.26822
0.799581 -0.600555 -0.00179286 -44.8634 0.600549 0.799582 -0.00303657 -17.4316 0.00325716 0.00135128 0.999994 1.30163
0.794577 -0.607163 0.000101301 -45.4664 0.607161 0.794574 -0.00275685 -17.9039 0.00159337 0.00225204 0.999996 1.32974
0.790596 -0.612325 0.00392188 -46.0822 0.612332 0.7906 -0.000771167 -18.389 -0.00262844 0.00301117 0.999992 1.34058
0.78727 -0.616562 0.00757289 -46.7088 0.61657 0.787299 0.0014379 -18.866 -0.00684868 0.00353721 0.99997 1.34964
0.783554 -0.621246 0.00983123 -47.3173 0.621241 0.78361 0.00395035 -19.3654 -0.010158 0.00301225 0.999944 1.38205
0.779928 -0.62579 0.00991991 -47.9273 0.625776 0.779988 0.00481768 -19.857 -0.0107523 0.0024502 0.999939 1.41071
0.776454 -0.630134 0.00713768 -48.5467 0.630127 0.776484 0.00350774 -20.3695 -0.00775264 0.00177405 0.999968 1.43617
0.772868 -0.634541 0.00574669 -49.1634 0.634548 0.772883 0.000713588 -20.8859 -0.00489432 0.00309504 0.999983 1.46382
0.769356 -0.638798 0.00534007 -49.7744 0.638816 0.769354 -0.00281743 -21.391 -0.00230864 0.00557894 0.999982 1.48762
0.766428 -0.642302 0.00603432 -50.388 0.642325 0.766426 -0.00313813 -21.9054 -0.00260923 0.00628115 0.999977 1.49746
0.763788 -0.64542 0.00782364 -51.0054 0.645452 0.763796 -0.00246082 -22.4352 -0.00438741 0.00692933 0.999966 1.52419
0.761313 -0.648316 0.00939841 -51.6132 0.648358 0.761333 -0.00201746 -22.9631 -0.00584737 0.00762945 0.999954 1.55607
0.7591 -0.650895 0.0101147 -52.2292 0.650946 0.75912 -0.00252494 -23.4902 -0.00603476 0.00850078 0.999946 1.57543
0.757269 -0.653033 0.00956721 -52.8436 0.653088 0.757269 -0.00436541 -24.0356 -0.00439421 0.00955402 0.999945 1.60297
0.755099 -0.655549 0.00903752 -53.4627 0.655606 0.755076 -0.00641011 -24.5736 -0.00262188 0.0107653 0.999939 1.61261
0.753976 -0.656857 0.00770567 -54.0835 0.656902 0.753922 -0.00895361 -25.1145 7.17642e-05 0.0118127 0.99993 1.63922
0.753833 -0.657032 0.00665545 -54.6924 0.657064 0.753765 -0.0102863 -25.65 0.00174178 0.0121272 0.999925 1.6539
0.753704 -0.657187 0.00593726 -55.3151 0.65721 0.753639 -0.0102004 -26.196 0.00222904 0.0115901 0.99993 1.66924
0.754218 -0.656587 0.00696927 -55.9467 0.656623 0.754156 -0.00975533 -26.7384 0.0011493 0.0119338 0.999928 1.69471
0.755222 -0.655424 0.00776108 -56.5769 0.65547 0.755174 -0.00849738 -27.2748 -0.000291576 0.0115046 0.999934 1.71133
0.755796 -0.654768 0.00706801 -57.2017 0.654806 0.755747 -0.00867448 -27.8194 0.000338146 0.0111843 0.999937 1.73194
0.756259 -0.654252 0.0050727 -57.8257 0.654266 0.756197 -0.0100805 -28.3627 0.0027592 0.0109423 0.999936 1.75642
0.757307 -0.653049 0.00351008 -58.4466 0.653033 0.757219 -0.0129492 -28.9065 0.00579858 0.0120987 0.99991 1.77494
0.757849 -0.652422 0.00309912 -59.0681 0.652385 0.757733 -0.0153316 -29.4308 0.00765438 0.0136409 0.999878 1.78307
0.758887 -0.651222 0.000913966 -59.6827 0.651156 0.758789 -0.0153052 -29.9609 0.00927355 0.01221 0.999882 1.78908
0.76014 -0.649759 -0.000353909 -60.3139 0.649681 0.760057 -0.0150714 -30.4798 0.0100618 0.0112265 0.999886 1.82863
0.761563 -0.648091 0.000303583 -60.9305 0.64803 0.761485 -0.0140871 -31.0147 0.00889851 0.0109249 0.999901 1.84104
0.762918 -0.646491 0.00219296 -61.558 0.646457 0.762832 -0.0134082 -31.539 0.00699546 0.0116471 0.999908 1.85009
0.764271 -0.644884 0.00372201 -62.17 0.644873 0.764185 -0.0126672 -32.0375 0.00532455 0.0120814 0.999913 1.85782
0.766613 -0.642097 0.0040122 -62.7809 0.642091 0.766529 -0.0123453 -32.5541 0.00485143 0.0120403 0.999916 1.87157
0.769104 -0.639116 0.00297821 -63.4073 0.639101 0.76903 -0.0119761 -33.0666 0.00536378 0.0111142 0.999924 1.89257
0.771706 -0.635972 0.003177 -64.0402 0.635959 0.771631 -0.0119301 -33.586 0.00513575 0.011227 0.999924 1.91853
0.774372 -0.632719 0.00380312 -64.6599 0.632719 0.774306 -0.0108057 -34.0911 0.00389217 0.0107739 0.999934 1.92632
0.777111 -0.629348 0.00446239 -65.2951 0.629356 0.777047 -0.010409 -34.5961 0.00308342 0.0108974 0.999936 1.94986
0.780038 -0.625717 0.00439717 -65.9217 0.625721 0.779961 -0.011615 -35.0924 0.00383806 0.0118115 0.999923 1.96987
0.783123 -0.621852 0.00434583 -66.5611 0.621849 0.783029 -0.0129952 -35.5906 0.00467818 0.0128793 0.999906 1.96916
0.786577 -0.617469 0.00538814 -67.1951 0.617476 0.786463 -0.0141034 -36.0857 0.00447081 0.0144204 0.999886 1.986
0.790149 -0.612884 0.00609623 -67.852 0.612903 0.790037 -0.0138283 -36.584 0.0036589 0.0146628 0.999886 2.0019
0.793409 -0.608666 0.00538711 -68.4889 0.608672 0.793289 -0.0144993 -37.0577 0.00455168 0.0147828 0.99988 2.02394
0.796999 -0.603965 0.00431265 -69.1363 0.603959 0.79689 -0.0141533 -37.5486 0.00511142 0.0138849 0.999891 2.03977
0.800732 -0.599014 0.00337306 -69.7868 0.598987 0.80061 -0.0154208 -38.0419 0.00653675 0.0143683 0.999875 2.0651
0.804532 -0.593902 0.00276494 -70.4325 0.593863 0.804403 -0.0162296 -38.5141 0.00741466 0.0146992 0.999864 2.07851
0.807698 -0.589586 0.00347232 -71.103 0.589561 0.807571 -0.0157411 -38.9805 0.00647658 0.0147612 0.99987 2.08606
0.81141 -0.584465 0.00372809 -71.7695 0.584443 0.811277 -0.0159797 -39.4426 0.00631508 0.015145 0.999865 2.11788
0.815201 -0.579167 0.00346051 -72.4315 0.579142 0.815069 -0.0160373 -39.9115 0.00646771 0.0150777 0.999865 2.12962
0.819057 -0.573698 0.00397847 -73.1154 0.573682 0.818923 -0.0159165 -40.3758 0.00587323 0.0153189 0.999865 2.13883
0.823174 -0.567776 0.00396311 -73.7714 0.567762 0.823045 -0.0155854 -40.8287 0.00558722 0.0150796 0.999871 2.16006
0.827189 -0.561901 0.00511362 -74.4507 0.561911 0.827073 -0.0143202 -41.2832 0.00381721 0.0147189 0.999884 2.17535
0.831713 -0.555168 0.00653461 -75.1282 0.555203 0.831615 -0.0128996 -41.7353 0.00172718 0.0143568 0.999895 2.18256
0.836376 -0.548109 0.00718506 -75.8202 0.548156 0.836303 -0.0110642 -42.1737 5.55191e-05 0.0131924 0.999913 2.20746
0.840506 -0.541766 0.00630748 -76.5169 0.541803 0.840449 -0.00971988 -42.6037 -3.5216e-05 0.011587 0.999933 2.2301
0.844778 -0.535095 0.00481998 -77.1949 0.535116 0.844734 -0.00867862 -43.0284 0.000572281 0.00991076 0.999951 2.25135
0.849167 -0.52811 0.00402412 -77.888 0.528124 0.849125 -0.00846589 -43.4511 0.00105394 0.00931418 0.999956 2.27666
0.853644 -0.520847 0.00331084 -78.6022 0.520853 0.853594 -0.0094791 -43.8673 0.00211105 0.00981624 0.99995 2.29806
0.858544 -0.512731 0.00295044 -79.3138 0.512733 0.858491 -0.00986521 -44.2809 0.00252527 0.00998251 0.999947 2.31409
0.863615 -0.504147 0.00229055 -80.0253 0.504145 0.863568 -0.00939982 -44.6883 0.00276084 0.00927259 0.999953 2.32987
0.868369 -0.495911 0.00281025 -80.7388 0.495915 0.868327 -0.00873047 -45.0862 0.00188932 0.00897491 0.999958 2.34148
0.872902 -0.487873 0.00470923 -81.4535 0.487896 0.872872 -0.0071933 -45.467 -0.000601138 0.00857666 0.999963 2.36642
0.877485 -0.479541 0.00775397 -82.1818 0.479574 0.877497 -0.00294268 -45.85 -0.00539294 0.00630076 0.999966 2.39462
0.882222 -0.470711 0.0107646 -82.9193 0.470741 0.882271 -0.000362472 -46.2304 -0.00932666 0.00538711 0.999942 2.42489
0.886569 -0.462445 0.011846 -83.6446 0.462483 0.886628 -0.000447739 -46.6084 -0.0102959 0.00587551 0.99993 2.44747
0.890952 -0.453962 0.0111233 -84.3826 0.453998 0.891003 -0.000824393 -46.968 -0.00953661 0.00578443 0.999938 2.46201
0.8951 -0.44576 0.00971136 -85.1348 0.445791 0.895136 -0.00115592 -47.3218 -0.00817772 0.0053639 0.999952 2.49423
0.899496 -0.436828 0.00940923 -85.8857 0.436855 0.899531 -0.000973734 -47.6711 -0.00803854 0.00498634 0.999955 2.53326
0.903798 -0.427781 0.0123364 -86.6228 0.427818 0.903865 -0.000450579 -48.0215 -0.0109577 0.00568498 0.999924 2.57222
0.907691 -0.419327 0.0161806 -87.3741 0.419389 0.907806 -0.000474908 -48.3619 -0.0144897 0.00721705 0.999869 2.62054
0.911441 -0.41105 0.0177179 -88.1423 0.411105 0.911588 0.00053986 -48.6919 -0.0163733 0.00679186 0.999843 2.6343
0.915352 -0.402309 0.0166562 -88.9065 0.402358 0.915482 0.000457015 -49.0146 -0.0154323 0.00628341 0.999861 2.66921
0.919249 -0.393394 0.0149256 -89.6718 0.393443 0.919349 -0.000432784 -49.3379 -0.0135516 0.00627022 0.999889 2.70415
0.923118 -0.384203 0.0155418 -90.4501 0.384266 0.923222 -0.00117581 -49.6535 -0.0138968 0.00705759 0.999879 2.73763
0.926808 -0.37511 0.0178627 -91.2238 0.375187 0.926948 -0.00103315 -49.9596 -0.0161703 0.00765938 0.99984 2.77175
0.930347 -0.366171 0.0193448 -91.9938 0.366247 0.930517 -0.000456757 -50.2546 -0.0178334 0.00750991 0.999813 2.80117
0.933878 -0.357098 0.0187855 -92.7763 0.357171 0.934039 -0.000565083 -50.5446 -0.0173446 0.00723735 0.999823 2.83537
0.937341 -0.347979 0.0174028 -93.5647 0.348056 0.937473 -0.0015185 -50.82 -0.0157862 0.00748049 0.999847 2.87228
0.940686 -0.338831 0.0174241 -94.3436 0.338915 0.940815 -0.0019879 -51.0931 -0.0157193 0.00777529 0.999846 2.90982
0.943855 -0.329843 0.0184625 -95.1475 0.329938 0.944 -0.00230186 -51.367 -0.0166694 0.00826411 0.999827 2.94225
0.946744 -0.321471 0.018228 -95.9483 0.321566 0.946884 -0.0024635 -51.6188 -0.0164679 0.00819382 0.999831 2.96221
0.949367 -0.313745 0.0163372 -96.7402 0.313836 0.949471 -0.00328099 -51.8732 -0.0144823 0.00824206 0.999861 2.99048
0.951906 -0.305982 0.0158026 -97.5501 0.306077 0.951999 -0.00392054 -52.1311 -0.0138445 0.0085688 0.999867 3.03775
0.954189 -0.298715 0.0171074 -98.3498 0.29882 0.954302 -0.00385801 -52.3673 -0.0151731 0.00879329 0.999846 3.07031
0.956273 -0.291855 0.0190566 -99.1435 0.291957 0.956428 -0.00273502 -52.608 -0.017428 0.00817912 0.999815 3.10469
0.958386 -0.284763 0.0201486 -99.9583 0.284863 0.958566 -0.00220988 -52.8447 -0.0186844 0.00785749 0.999795 3.13914
0.960503 -0.277716 0.0175563 -100.79 0.277805 0.960633 -0.00280089 -53.0756 -0.0160873 0.00756751 0.999842 3.16679
0.962283 -0.271685 0.0140935 -101.607 0.271752 0.962362 -0.00305394 -53.2826 -0.0127334 0.00676871 0.999896 3.17513
0.964172 -0.265058 0.0107952 -102.423 0.265093 0.964221 -0.0019136 -53.5026 -0.00990175 0.00470678 0.99994 3.21382
0.966044 -0.258223 0.00893595 -103.235 0.258238 0.966081 -0.000576949 -53.7175 -0.00848387 0.00286496 0.99996 3.26979
0.967872 -0.251252 0.00979141 -104.057 0.251278 0.967914 -0.00151256 -53.9218 -0.00909721 0.00392433 0.999951 3.30009
0.969597 -0.244365 0.0129502 -104.886 0.244391 0.969677 -0.000405004 -54.1242 -0.0124586 0.00355761 0.999916 3.30537
0.971286 -0.237455 0.0147973 -105.717 0.237446 0.971398 0.00240797 -54.3114 -0.0149459 0.00117473 0.999888 3.33385
0.973009 -0.230453 0.0120361 -106.552 0.230422 0.973083 0.00388325 -54.4977 -0.012607 -0.00100505 0.99992 3.40465
0.974626 -0.223821 0.0027588 -107.4 0.22382 0.97463 0.000377149 -54.6911 -0.00277323 0.000249897 0.999996 3.45036
0.97625 -0.21661 -0.00396337 -108.233 0.216593 0.976252 -0.00437912 -54.8771 0.00481781 0.00341668 0.999983 3.42441
0.977743 -0.209789 -0.00273939 -109.07 0.209774 0.977737 -0.00492362 -55.0504 0.00371132 0.00423938 0.999984 3.42758
0.979329 -0.202169 0.00654178 -109.904 0.202186 0.979345 -0.00201479 -55.2063 -0.00599933 0.0032958 0.999977 3.46487
0.980915 -0.193962 0.0136094 -110.748 0.193965 0.981008 0.00109114 -55.3654 -0.0135626 0.00156944 0.999907 3.51028
0.982341 -0.186421 0.0159189 -111.594 0.186395 0.98247 0.0031224 -55.5213 -0.016222 -0.000100045 0.999868 3.56239
0.983812 -0.178729 0.0130571 -112.443 0.178725 0.983898 0.00147643 -55.6674 -0.0131107 0.000881102 0.999914 3.59059
0.985227 -0.17099 0.00950907 -113.302 0.170993 0.985272 0.000572406 -55.8051 -0.0094669 0.00106203 0.999955 3.58587
0.986589 -0.16302 0.00810179 -114.165 0.163025 0.986622 0.000120177 -55.9338 -0.00801299 0.00120223 0.999967 3.61155
0.987817 -0.155383 0.00858476 -115.028 0.155387 0.987854 0.000208127 -56.0634 -0.00851283 0.00112837 0.999963 3.65332
0.989042 -0.147343 0.00928957 -115.897 0.147342 0.989085 0.000737092 -56.1841 -0.00929679 0.000639735 0.999957 3.68135
0.990182 -0.13943 0.00999071 -116.753 0.139421 0.990232 0.00157346 -56.2936 -0.0101125 -0.000165095 0.999949 3.70342
0.991169 -0.132127 0.0112011 -117.613 0.132106 0.991232 0.00257689 -56.3986 -0.0114433 -0.0010744 0.999934 3.73883
0.992103 -0.124922 0.0112479 -118.465 0.12488 0.992162 0.00438149 -56.4913 -0.0117071 -0.00294225 0.999927 3.76567
0.993072 -0.117 0.0109123 -119.34 0.116926 0.993114 0.00723286 -56.5924 -0.0116834 -0.00590683 0.999914 3.80556
0.994059 -0.108302 0.0108715 -120.221 0.1082 0.994083 0.00959228 -56.6833 -0.011846 -0.008359 0.999895 3.85079
0.994875 -0.100585 0.0102849 -121.102 0.100479 0.994886 0.0102888 -56.7581 -0.0112672 -0.00920263 0.999894 3.88203
0.995615 -0.0930148 0.00993653 -121.971 0.0929179 0.995625 0.00980957 -56.8298 -0.0108055 -0.00884327 0.999903 3.89604
0.996316 -0.0851482 0.0101732 -122.838 0.0850505 0.99633 0.00968407 -56.8994 -0.0109604 -0.00878316 0.999901 3.90707
0.996948 -0.0773494 0.0106079 -123.734 0.0772418 0.99696 0.0102043 -56.9571 -0.011365 -0.00935375 0.999892 3.94789
0.997511 -0.0696117 0.0112313 -124.605 0.0694931 0.997526 0.0106221 -57.0145 -0.0119429 -0.00981517 0.999881 3.98525
0.998017 -0.0619745 0.0110211 -125.481 0.061863 0.998033 0.0101853 -57.058 -0.0116307 -0.0094833 0.999887 4.0284
0.998486 -0.0541116 0.00990789 -126.383 0.0540286 0.998504 0.0084634 -57.0968 -0.010351 -0.00791528 0.999915 4.05415
0.998903 -0.0461806 0.00777968 -127.249 0.0461264 0.998911 0.00700447 -57.1299 -0.00809468 -0.00663794 0.999945 4.0751
0.999246 -0.0381346 0.00722565 -128.138 0.0380926 0.999257 0.00586877 -57.159 -0.00744408 -0.00558911 0.999957 4.11324
0.999513 -0.0302497 0.00770821 -129.03 0.0302111 0.999531 0.00507004 -57.1737 -0.00785795 -0.00483469 0.999957 4.15013
0.999717 -0.0224757 0.00784588 -129.922 0.0224375 0.999736 0.00492448 -57.1866 -0.00795449 -0.00474704 0.999957 4.17168
0.999866 -0.0147259 0.00710714 -130.809 0.0146939 0.999882 0.00452852 -57.1953 -0.00717298 -0.00442348 0.999964 4.20627
0.999957 -0.00747702 0.00554978 -131.706 0.00745434 0.999964 0.00409759 -57.2012 -0.00558021 -0.00405605 0.999976 4.22624
0.99999 -0.000539005 0.0043759 -132.607 0.000522888 0.999993 0.00368349 -57.192 -0.00437785 -0.00368117 0.999984 4.25355
0.999972 0.00611539 0.00433553 -133.523 -0.00612994 0.999976 0.00335071 -57.1808 -0.00431493 -0.00337719 0.999985 4.28373
0.999901 0.0132426 0.00473401 -134.426 -0.013255 0.999909 0.00259148 -57.1665 -0.00469926 -0.00265397 0.999985 4.31343
0.999775 0.0203453 0.00603796 -135.336 -0.0203621 0.999789 0.00273441 -57.1306 -0.00598106 -0.00285674 0.999978 4.32714
0.999612 0.0268174 0.00752911 -136.215 -0.0268453 0.999633 0.0036214 -57.099 -0.00742923 -0.00382212 0.999965 4.36521
0.999426 0.0331101 0.00715337 -137.103 -0.0331343 0.999446 0.00328677 -57.0651 -0.00704058 -0.00352191 0.999969 4.4024
0.999202 0.0393655 0.00681628 -138.014 -0.0393828 0.999221 0.00242003 -57.0311 -0.0067157 -0.00268654 0.999974 4.42767
0.998906 0.0462307 0.00706744 -138.938 -0.0462488 0.998927 0.00242375 -56.9808 -0.00694781 -0.00274796 0.999972 4.4387
0.998568 0.053097 0.00655996 -139.864 -0.0531163 0.998584 0.00281291 -56.9157 -0.00640132 -0.00315732 0.999975 4.45594
0.99817 0.0598209 0.00879314 -140.782 -0.0598559 0.9982 0.00377223 -56.8546 -0.00855165 -0.00429165 0.999954 4.49551
0.997738 0.0666427 0.00876888 -141.695 -0.0666781 0.997767 0.00381322 -56.7842 -0.00849518 -0.00438929 0.999954 4.53399
0.997275 0.0735057 0.00624648 -142.627 -0.0735313 0.997285 0.00396681 -56.7142 -0.00593794 -0.00441531 0.999973 4.53277
0.996742 0.0806464 -0.00144712 -143.559 -0.080637 0.996727 0.00566136 -56.6401 0.00189896 -0.00552622 0.999983 4.57078
0.99608 0.0884166 -0.00284313 -144.452 -0.088397 0.996065 0.00641722 -56.5477 0.00339933 -0.00614073 0.999975 4.62752
0.995333 0.096379 0.00485413 -145.389 -0.0964039 0.995329 0.00517791 -56.4492 -0.00433242 -0.0056217 0.999975 4.62611
