1 0 0 0 0 1 0 0 0 0 1 0
1 2.94143e-05 -1.94252e-06 -0.00190921 -2.94144e-05 1 -1.24435e-05 -0.00099458 1.94216e-06 1.24436e-05 1 7.82889e-05
1 6.13832e-05 1.86957e-05 -0.00231179 -6.13824e-05 1 -4.18741e-05 0.000415223 -1.86983e-05 4.18729e-05 1 0.000262518
1 1.97156e-05 2.7152e-05 -0.00175894 -1.97154e-05 1 -6.71316e-06 -0.00310479 -2.71522e-05 6.71263e-06 1 0.000321636
1 -1.71685e-05 3.39498e-05 -0.00308156 1.71684e-05 1 4.2226e-06 -0.00294283 -3.39499e-05 -4.22202e-06 1 0.00082497
1 -8.64361e-06 1.80533e-05 -0.00137401 8.64374e-06 1 -7.3197e-06 -0.000486054 -1.80533e-05 7.31985e-06 1 -0.000548459
1 5.7839e-05 -7.60964e-06 0.000190224 -5.7839e-05 1 -7.00511e-07 -0.0028767 7.6096e-06 7.00951e-07 1 0.00128748
1 4.42936e-05 -8.73674e-06 -0.00330608 -4.42935e-05 1 4.97471e-06 -0.005386 8.73696e-06 -4.97432e-06 1 0.00138534
1 5.41849e-05 3.20979e-05 -0.0077301 -5.41851e-05 1 6.11391e-06 -0.000863926 -3.20976e-05 -6.11565e-06 1 0.00133838
1 5.57928e-05 -3.49891e-05 -0.0030687 -5.57932e-05 1 -9.90895e-06 0.00258445 3.49886e-05 9.91091e-06 1 0.000976869
1 5.66358e-05 -3.80557e-05 0.000181664 -5.66364e-05 1 -1.64492e-05 -0.00228533 3.80547e-05 1.64514e-05 1 0.00144526
1 6.60259e-05 1.89322e-05 -0.00306155 -6.60263e-05 1 2.07844e-05 -0.00256643 -1.89308e-05 -2.07856e-05 1 0.00170749
1 -3.28819e-05 1.81962e-05 -0.00281292 3.28818e-05 1 3.87751e-06 0.000190785 -1.81964e-05 -3.87692e-06 1 0.000721895
1 3.05675e-05 3.30312e-05 -0.00191279 -3.05675e-05 1 -4.80691e-07 0.000638819 -3.30312e-05 4.79682e-07 1 -2.65007e-05
1 3.86604e-05 2.64271e-05 -0.00409948 -3.86605e-05 1 4.12813e-06 -0.00451376 -2.64269e-05 -4.12916e-06 1 0.000554757
1 7.68454e-05 2.94423e-06 -0.00404521 -7.68454e-05 1 1.10227e-05 -0.00200982 -2.94338e-06 -1.1023e-05 1 0.000680363
1 6.20436e-05 1.02482e-05 -0.00340054 -6.20436e-05 1 -3.10887e-06 -0.00243518 -1.02484e-05 3.10823e-06 1 0.0013032
1 2.83908e-05 6.07385e-06 -0.00310581 -2.83909e-05 1 1.31643e-05 -1.31921e-05 -6.07347e-06 -1.31645e-05 1 0.0011426
1 3.62742e-05 -2.5046e-05 0.00100138 -3.62737e-05 1 1.83535e-05 -0.00191821 2.50466e-05 -1.83526e-05 1 0.000838627
1 5.51787e-05 -1.94331e-05 -0.00462475 -5.51785e-05 1 1.0561e-05 -0.00693062 1.94337e-05 -1.056e-05 1 0.00165668
1 5.74896e-05 -2.21605e-05 -0.000166315 -5.74892e-05 1 1.78885e-05 -0.00801768 2.21615e-05 -1.78872e-05 1 0.00149133
1 -3.58115e-05 5.4343e-05 -0.00463634 3.58119e-05 1 -8.39977e-06 -0.000213431 -5.43427e-05 8.40171e-06 1 -0.000499229
1 6.86409e-05 1.11727e-06 -0.00271191 -6.86409e-05 1 1.56615e-06 -0.00357091 -1.11716e-06 -1.56623e-06 1 0.000356959
1 3.47331e-05 -5.13815e-06 -0.0020043 -3.4733e-05 1 2.08544e-05 -0.00521021 5.13887e-06 -2.08542e-05 1 0.00109956
1 7.12239e-06 -8.27044e-06 -0.00194762 -7.12235e-06 1 4.12572e-06 -0.00351896 8.27047e-06 -4.12566e-06 1 0.000739856
1 -5.89677e-06 1.21236e-05 -0.00337292 5.89693e-06 1 -1.34006e-05 0.004198 -1.21235e-05 1.34007e-05 1 0.000788225
1 -7.51643e-06 1.40923e-05 -0.00357196 7.51649e-06 1 -4.63648e-06 0.00265202 -1.40922e-05 4.63659e-06 1 0.000585804
1 4.76535e-05 2.63107e-05 -0.00491402 -4.76536e-05 1 5.38826e-06 -0.00440651 -2.63104e-05 -5.38952e-06 1 0.000793314
1 5.83562e-05 3.37377e-05 -0.0019876 -5.83561e-05 1 -2.17468e-06 -0.00429785 -3.37378e-05 2.17271e-06 1 -0.000420006
1 3.50727e-05 1.31165e-05 -0.00101562 -3.50726e-05 1 -7.64666e-06 -0.00221937 -1.31168e-05 7.6462e-06 1 5.74432e-05
1 3.35839e-05 1.52828e-05 -0.0050009 -3.35842e-05 1 1.45408e-05 -0.0016643 -1.52823e-05 -1.45413e-05 1 0.000506734
1 7.73305e-05 2.65836e-06 -0.00522688 -7.73306e-05 1 7.10474e-06 -0.00188671 -2.65781e-06 -7.10495e-06 1 0.0011456
1 4.06313e-05 1.34375e-05 -0.00247868 -4.06313e-05 1 -9.00613e-07 0.00106445 -1.34375e-05 9.00067e-07 1 0.000934441
1 6.55245e-05 2.05262e-05 -0.00398317 -6.55248e-05 1 1.30628e-05 -0.00864797 -2.05253e-05 -1.30641e-05 1 0.000247446
1 5.2895e-05 2.00825e-05 -0.00212984 -5.28951e-05 1 5.50599e-06 -0.00287818 -2.00822e-05 -5.50705e-06 1 0.000633674
1 9.44112e-06 1.67824e-05 -0.00210989 -9.44104e-06 1 -4.69471e-06 0.00107705 -1.67824e-05 4.69455e-06 1 0.000501354
1 1.50874e-05 -7.08822e-06 -3.89282e-05 -1.50874e-05 1 -8.28174e-06 0.000163226 7.08809e-06 8.28185e-06 1 5.86616e-05
1 4.42431e-05 1.48642e-05 -0.00200355 -4.42431e-05 1 -3.38831e-07 -0.00343267 -1.48642e-05 3.38173e-07 1 -0.000360273
1 8.12983e-05 3.83197e-06 -0.00143046 -8.12983e-05 1 1.64343e-05 -0.00442202 -3.83064e-06 -1.64346e-05 1 0.000442674
1 7.40912e-05 4.55422e-06 -0.00203204 -7.40913e-05 1 1.08392e-05 -0.00270452 -4.55342e-06 -1.08395e-05 1 0.000754049
1 2.3667e-05 4.17463e-05 -0.00209667 -2.36669e-05 1 -4.18302e-06 -0.00142118 -4.17464e-05 4.18203e-06 1 -0.000903291
1 2.08249e-05 2.54772e-05 -0.00116875 -2.08244e-05 1 -1.83696e-05 0.000358924 -2.54776e-05 1.83691e-05 1 1.58788e-05
1 -1.21651e-05 -1.43351e-06 0.000769735 1.21651e-05 1 -4.04879e-08 0.000875078 1.43351e-06 4.04705e-08 1 0.000849393
1 2.82583e-05 -2.02693e-05 0.00788495 -2.82585e-05 1 -9.64796e-06 -0.003195 2.0269e-05 9.64853e-06 1 2.79037e-06
1 2.19855e-05 -0.000130379 0.0232531 -2.19867e-05 1 -8.96827e-06 -0.00628382 0.000130379 8.97113e-06 1 0.00277303
1 -8.89246e-05 -0.000137568 0.0299715 8.89262e-05 1 1.15708e-05 -0.00641294 0.000137567 -1.15831e-05 1 0.0036142
1 -0.000130949 -6.84673e-05 0.0207205 0.000130951 1 3.06269e-05 -0.00416333 6.84633e-05 -3.06359e-05 1 0.00174376
1 -7.59614e-05 -1.96555e-05 0.00633161 7.59618e-05 1 2.04752e-05 -0.00503779 1.96539e-05 -2.04767e-05 1 0.00109706
1 -1.25202e-06 2.60908e-05 -0.0123392 1.25113e-06 1 3.39752e-05 -0.00931902 -2.60908e-05 -3.39751e-05 1 0.00136767
1 8.57458e-05 3.88779e-05 -0.0227123 -8.57473e-05 1 3.84445e-05 -0.0192959 -3.88746e-05 -3.84479e-05 1 0.00229117
1 9.12937e-05 6.47214e-05 -0.035705 -9.12965e-05 1 4.43092e-05 -0.0205679 -6.47174e-05 -4.43151e-05 1 0.00171004
1 -1.60394e-05 1.01026e-05 -0.0407394 1.60389e-05 1 5.0308e-05 -0.0193599 -1.01034e-05 -5.03078e-05 1 0.00326745
1 -0.000107289 -3.0528e-05 -0.0580161 0.000107289 1 1.6801e-05 -0.0121884 3.05262e-05 -1.68043e-05 1 0.00440743
1 -0.00014965 5.2366e-05 -0.0849132 0.000149649 1 1.99583e-05 -0.00378747 -5.2369e-05 -1.99505e-05 1 0.00323912
1 7.02653e-05 0.000151394 -0.121597 -7.02762e-05 1 7.18238e-05 -0.00289215 -0.000151389 -7.18345e-05 1 0.00330288
1 0.000212134 0.000279511 -0.193101 -0.000212176 1 0.000149672 -0.00464283 -0.000279479 -0.000149731 1 0.0056041
1 0.000548816 0.000434544 -0.254732 -0.000548892 1 0.00017589 -0.00665634 -0.000434447 -0.000176128 1 0.00358433
0.999999 0.000859681 0.000549028 -0.321149 -0.000859731 1 9.0489e-05 -0.0106451 -0.00054895 -9.0961e-05 1 0.00525615
1 -0.000406305 0.000551351 -0.407023 0.000406241 1 0.000116386 -0.00102409 -0.000551398 -0.000116162 1 0.00624504
0.999999 -0.000805222 0.000639251 -0.468863 0.000805141 1 0.00012794 0.0039139 -0.000639354 -0.000127425 1 0.00824018
0.999999 -0.000645267 0.000934035 -0.557746 0.000645069 1 0.000211689 0.00302299 -0.000934172 -0.000211086 1 0.00953749
0.999999 -0.000539428 0.00120835 -0.670932 0.000539074 1 0.00029338 0.0136103 -0.00120851 -0.000292729 0.999999 0.0104376
0.999999 -0.000333813 0.00140434 -0.782721 0.000333328 1 0.000345626 0.0167609 -0.00140446 -0.000345157 0.999999 0.0120474
0.999998 -0.000809246 0.00161827 -0.893971 0.000808577 1 0.000414529 0.00741192 -0.0016186 -0.00041322 0.999999 0.0120307
0.999998 -0.00110907 0.00178323 -1.02877 0.00110837 0.999999 0.00039045 0.00450753 -0.00178366 -0.000388472 0.999998 0.0152696
0.999998 -0.000893869 0.00200989 -1.15869 0.000893001 1 0.000432712 0.00116982 -0.00201028 -0.000430916 0.999998 0.0172364
0.999997 -0.000767892 0.00213633 -1.29019 0.000766695 1 0.000561103 0.00544896 -0.00213676 -0.000559464 0.999998 0.0225872
0.999997 -0.000402073 0.00256273 -1.45911 0.000400442 1 0.000637275 -0.0118927 -0.00256298 -0.000636247 0.999997 0.0234759
0.999996 0.000255858 0.00271625 -1.64252 -0.000257369 1 0.000556121 -0.0157381 -0.00271611 -0.000556818 0.999996 0.029044
0.999996 0.000974835 0.00277243 -1.84158 -0.000976197 0.999999 0.000490178 0.00220619 -0.00277196 -0.000492882 0.999996 0.0323883
0.999994 0.00175164 0.00290827 -2.04308 -0.00175365 0.999998 0.0006876 0.0182899 -0.00290706 -0.000692696 0.999996 0.0348848
0.999994 0.00228016 0.00277169 -2.2676 -0.00228293 0.999997 0.00099471 0.0189048 -0.00276942 -0.00100103 0.999996 0.0444914
0.999991 0.00340627 0.00268445 -2.46472 -0.00340915 0.999994 0.00106728 0.0190931 -0.0026808 -0.00107643 0.999996 0.0501141
0.999984 0.00487724 0.00294206 -2.69418 -0.00488063 0.999987 0.00114456 0.0300942 -0.00293644 -0.0011589 0.999995 0.0536023
0.999973 0.0065082 0.00329714 -2.92678 -0.00651297 0.999978 0.00144038 0.037256 -0.0032877 -0.00146182 0.999994 0.0580356
0.999962 0.00796521 0.00341667 -3.15188 -0.00797158 0.999967 0.00185651 0.0360814 -0.00340177 -0.00188367 0.999992 0.068977
0.999951 0.00906071 0.00393281 -3.42519 -0.0090691 0.999957 0.00212038 0.0458707 -0.00391342 -0.00215595 0.99999 0.0808953
0.999932 0.0105409 0.00508115 -3.70076 -0.0105535 0.999941 0.00245128 0.0511005 -0.00505501 -0.00250473 0.999984 0.0874172
0.999912 0.0121542 0.00534596 -3.96448 -0.0121683 0.999923 0.00260551 0.0469049 -0.00531388 -0.00267033 0.999982 0.0970048
0.999884 0.0140297 0.00597323 -4.24731 -0.0140438 0.999899 0.00232838 0.047034 -0.00593996 -0.002412 0.999979 0.107594
0.999847 0.0160568 0.00693382 -4.55467 -0.0160693 0.999869 0.00174618 0.0540482 -0.00690488 -0.00185734 0.999974 0.105448
0.999824 0.0170191 0.00791954 -4.89619 -0.0170307 0.999854 0.00139428 0.0501965 -0.00789466 -0.00152891 0.999968 0.103275
0.999783 0.0188963 0.00879649 -5.20663 -0.0189121 0.99982 0.00172195 0.0533564 -0.00876237 -0.00188793 0.99996 0.111952
0.999739 0.0207243 0.00966373 -5.52407 -0.0207492 0.999782 0.0024878 0.0816147 -0.00961006 -0.00268766 0.99995 0.126912
0.999697 0.0220566 0.0109513 -5.86504 -0.0220908 0.999751 0.00300843 0.119548 -0.0108822 -0.00324944 0.999936 0.135496
0.999658 0.0236218 0.0111859 -6.19432 -0.0236566 0.999716 0.00298561 0.13085 -0.0111122 -0.00324921 0.999933 0.143697
0.999601 0.0261694 0.0106672 -6.53659 -0.0262001 0.999653 0.00274445 0.122174 -0.0105917 -0.00302284 0.999939 0.154049
0.999541 0.028532 0.0101862 -6.91161 -0.0285587 0.999589 0.00249427 0.110408 -0.0101108 -0.00278403 0.999945 0.16486
0.999498 0.0299974 0.010189 -7.30339 -0.0300188 0.999547 0.00195468 0.136304 -0.0101257 -0.00225956 0.999946 0.171003
0.999441 0.0318396 0.0102368 -7.6693 -0.031856 0.999491 0.00145198 0.146483 -0.0101853 -0.00177727 0.999947 0.180657
0.999373 0.0339027 0.0102173 -8.06369 -0.0339163 0.999424 0.00116268 0.144373 -0.010172 -0.00150849 0.999947 0.183889
0.999317 0.0355748 0.00999908 -8.45714 -0.0355884 0.999366 0.00118398 0.17938 -0.00995062 -0.00153902 0.999949 0.185863
0.999246 0.0375521 0.00988404 -8.8487 -0.0375709 0.999292 0.00172995 0.209476 -0.00981209 -0.0021 0.99995 0.20039
0.99919 0.0389708 0.0100661 -9.27801 -0.0389919 0.999238 0.0019079 0.253377 -0.00998405 -0.00229885 0.999948 0.218127
0.999098 0.0412167 0.0102123 -9.69315 -0.0412368 0.999148 0.00176696 0.266206 -0.0101307 -0.00218648 0.999946 0.226603
0.999013 0.043127 0.0106175 -10.1056 -0.0431456 0.999068 0.00153539 0.272355 -0.0105414 -0.00199197 0.999942 0.232588
0.998938 0.0450329 0.00975376 -10.5434 -0.0450475 0.998984 0.00128037 0.289226 -0.00968619 -0.0017184 0.999952 0.234915
0.998889 0.0463274 0.00868338 -11.0011 -0.0463408 0.998925 0.00134606 0.322001 -0.00861169 -0.00174696 0.999961 0.244556
0.998861 0.0469758 0.00834416 -11.446 -0.0469915 0.998894 0.00170456 0.355333 -0.00825486 -0.00209472 0.999964 0.256997
0.998814 0.0479133 0.00865025 -11.8866 -0.0479345 0.998848 0.00225654 0.392852 -0.00853217 -0.00266851 0.99996 0.2743
0.998758 0.0490452 0.00882793 -12.3434 -0.0490677 0.998793 0.00235438 0.406647 -0.0087018 -0.00278462 0.999958 0.28806
0.998736 0.0496271 0.00800703 -12.8467 -0.049649 0.998763 0.0025616 0.434321 -0.00787001 -0.0029559 0.999965 0.29426
0.99873 0.0498577 0.00726583 -13.3354 -0.0498806 0.998751 0.0030037 0.457984 -0.007107 -0.00336231 0.999969 0.312493
0.998745 0.0495959 0.00702622 -13.8077 -0.0496223 0.998761 0.00363399 0.501393 -0.00683729 -0.00397808 0.999969 0.331659
0.998779 0.0489783 0.00652729 -14.2937 -0.0490054 0.99879 0.00406435 0.534834 -0.00632033 -0.00437926 0.99997 0.35644
0.998798 0.0485546 0.00663484 -14.7917 -0.0485837 0.99881 0.00428869 0.533186 -0.0064187 -0.00460589 0.999969 0.369033
0.998809 0.0482295 0.00735792 -15.3174 -0.0482618 0.998826 0.0042766 0.54601 -0.00714302 -0.00462662 0.999964 0.377108
0.99883 0.0476369 0.00836696 -15.8278 -0.0476742 0.998854 0.0043091 0.567219 -0.00815209 -0.00470295 0.999956 0.390329
0.998849 0.0470164 0.00948693 -16.3491 -0.0470592 0.998883 0.00434507 0.601593 -0.00927204 -0.00478651 0.999946 0.406476
0.998859 0.0464866 0.0109456 -16.8781 -0.0465369 0.998907 0.0043872 0.626861 -0.0107297 -0.00489157 0.99993 0.417537
0.998875 0.0461581 0.0108869 -17.421 -0.0462126 0.99892 0.00480356 0.657668 -0.0106534 -0.00530127 0.999929 0.431611
0.99891 0.0455915 0.00999329 -17.9653 -0.0456458 0.998944 0.00526976 0.693458 -0.00974248 -0.00572016 0.999936 0.444612
0.998952 0.0449331 0.00867885 -18.5226 -0.0449834 0.998972 0.00569315 0.71554 -0.00841411 -0.00607759 0.999946 0.467904
0.998972 0.0446278 0.00796591 -19.0564 -0.0446741 0.998985 0.0057281 0.729117 -0.00770219 -0.00607808 0.999952 0.487727
0.998986 0.0443604 0.00771937 -19.6291 -0.0444034 0.998999 0.00548643 0.753297 -0.00746826 -0.00582363 0.999955 0.49192
0.999018 0.0435768 0.00802957 -20.2182 -0.0436223 0.999033 0.0055746 0.784191 -0.00777888 -0.0059194 0.999952 0.507385
0.999008 0.0434474 0.00980734 -20.7917 -0.0435058 0.999036 0.00582546 0.80096 -0.00954479 -0.00624635 0.999935 0.526305
0.999008 0.0430011 0.0115912 -21.3921 -0.0430697 0.999056 0.00573636 0.831497 -0.0113336 -0.0062299 0.999916 0.544385
0.998926 0.0428358 0.0176897 -21.9896 -0.0429445 0.999061 0.00580828 0.85567 -0.0174243 -0.00656171 0.999827 0.56192
0.998481 0.0425632 0.0349988 -22.5881 -0.0428533 0.999053 0.00758089 0.874366 -0.034643 -0.00906918 0.999359 0.599536
0.997713 0.0420073 0.0529608 -23.1679 -0.0426387 0.999032 0.0108482 0.919158 -0.0524538 -0.0130816 0.998538 0.631845
0.99723 0.0419736 0.0614092 -23.757 -0.0431157 0.998919 0.017392 0.959043 -0.0606128 -0.0199915 0.997961 0.65229
0.997491 0.0424139 0.056687 -24.397 -0.0436446 0.998834 0.020652 1.00634 -0.055745 -0.0230743 0.998178 0.726492
0.998528 0.042533 0.0336482 -25.0492 -0.0431833 0.998889 0.0188419 1.02226 -0.0328094 -0.0202672 0.999256 0.766347
0.999088 0.0425647 0.00334742 -25.7377 -0.0426099 0.998981 0.0148599 1.03753 -0.00271151 -0.014989 0.999884 0.760146
0.998917 0.0417915 -0.0204322 -26.4211 -0.0415152 0.999043 0.0137633 1.05904 0.0209879 -0.0129001 0.999697 0.738069
0.998641 0.039708 -0.0337621 -27.0956 -0.0391975 0.999109 0.0156515 1.09799 0.0343535 -0.0143069 0.999307 0.7405
0.998746 0.038118 -0.0324641 -27.7482 -0.0375065 0.999111 0.0192419 1.14388 0.0331687 -0.0180001 0.999288 0.777593
0.999078 0.036855 -0.0220307 -28.4093 -0.0364409 0.999157 0.0189142 1.16843 0.0227092 -0.018094 0.999578 0.810175
0.999354 0.0355959 -0.00487839 -29.0973 -0.0355271 0.999277 0.0135206 1.17609 0.00535615 -0.0133386 0.999897 0.83254
0.999251 0.0345511 0.0174518 -29.7925 -0.0346704 0.999377 0.00657864 1.17329 -0.0172136 -0.00717878 0.999826 0.816042
0.99895 0.0322533 0.0325244 -30.5198 -0.0323743 0.999471 0.0032021 1.20075 -0.0324039 -0.0042517 0.999466 0.78657
0.998969 0.0306971 0.0334604 -31.2184 -0.0308548 0.999515 0.00420731 1.22787 -0.033315 -0.00523539 0.999431 0.802951
0.99926 0.0294548 0.024722 -31.9708 -0.0296273 0.999539 0.006641 1.2705 -0.0245149 -0.00736854 0.999672 0.861217
0.999473 0.0294134 0.0137362 -32.7161 -0.0295302 0.999529 0.00837881 1.27994 -0.0134833 -0.00878003 0.999871 0.92203
0.999518 0.0301648 0.00739428 -33.4787 -0.0302127 0.999523 0.00646324 1.3013 -0.00719578 -0.00668352 0.999952 0.965256
0.999485 0.030751 0.00921349 -34.2367 -0.0307965 0.999514 0.00483799 1.31512 -0.00906024 -0.00511924 0.999946 0.954115
0.999413 0.030954 0.0146598 -35.0089 -0.0310313 0.999506 0.0050751 1.34005 -0.0144954 -0.00552703 0.99988 0.955595
0.999344 0.0311962 0.0184136 -35.7881 -0.0313299 0.999484 0.00701922 1.37753 -0.0181851 -0.00759151 0.999806 0.981746
0.999329 0.0312375 0.0191157 -36.5648 -0.0313987 0.999473 0.00818759 1.41304 -0.0188499 -0.00878231 0.999784 1.02842
0.999341 0.0312928 0.0183996 -37.3714 -0.0314531 0.999469 0.00849133 1.43968 -0.0181241 -0.00906446 0.999795 1.06162
0.999364 0.0304971 0.01848 -38.1751 -0.0306479 0.999499 0.00793289 1.447 -0.0182288 -0.00849421 0.999798 1.09813
0.999371 0.0285927 0.0209682 -38.9906 -0.028737 0.999565 0.00661273 1.47718 -0.02077 -0.00721113 0.999758 1.1277
0.999369 0.027064 0.0230091 -39.795 -0.0271956 0.999615 0.00542662 1.49374 -0.0228533 -0.00604894 0.999721 1.14348
0.999423 0.0253545 0.0225983 -40.6213 -0.025472 0.999663 0.0049256 1.51817 -0.0224658 -0.00549838 0.999732 1.17191
0.999536 0.0235917 0.0192818 -41.46 -0.0236687 0.999713 0.00377802 1.54105 -0.0191872 -0.00423264 0.999807 1.20192
0.999628 0.0221183 0.015968 -42.3156 -0.0221598 0.999752 0.00242451 1.56231 -0.0159104 -0.00277745 0.99987 1.23625
0.999666 0.0208166 0.0153379 -43.1923 -0.020847 0.999781 0.00182677 1.57657 -0.0152965 -0.00214591 0.999881 1.27004
0.999695 0.0196026 0.0150248 -44.06 -0.0196308 0.999806 0.00173573 1.59755 -0.0149878 -0.00203015 0.999886 1.29453
0.99973 0.0181893 0.0144505 -44.9169 -0.018222 0.999832 0.00213284 1.61189 -0.0144093 -0.00239558 0.999893 1.31838
0.999752 0.0168788 0.0145179 -45.7934 -0.0169156 0.999854 0.00241174 1.6207 -0.0144751 -0.00265673 0.999892 1.35461
0.999756 0.0156764 0.0155704 -46.666 -0.0157148 0.999874 0.0023483 1.63006 -0.0155316 -0.00259241 0.999876 1.38757
0.999756 0.0143573 0.0167826 -47.5719 -0.0144017 0.999893 0.00252532 1.65031 -0.0167445 -0.0027664 0.999856 1.41169
0.999793 0.0127709 0.0158479 -48.461 -0.0128152 0.999914 0.00269617 1.65707 -0.0158121 -0.0028987 0.999871 1.43949
0.999837 0.0110312 0.0142869 -49.3427 -0.0110639 0.999936 0.00221014 1.66971 -0.0142616 -0.00236785 0.999895 1.47249
0.999874 0.00964571 0.0125901 -50.2517 -0.00966951 0.999952 0.00183089 1.67541 -0.0125718 -0.0019524 0.999919 1.50115
0.99991 0.00800171 0.0107896 -51.1575 -0.00801017 0.999968 0.000741701 1.69218 -0.0107833 -0.000828061 0.999942 1.53331
0.999929 0.00575216 0.0104427 -52.0271 -0.00576489 0.999983 0.0011894 1.69851 -0.0104357 -0.00124951 0.999945 1.55875
0.999935 0.00400088 0.0106668 -52.8978 -0.00401802 0.999991 0.00158525 1.69853 -0.0106603 -0.001628 0.999942 1.60884
0.999941 0.00194807 0.0107028 -53.7875 -0.00197334 0.999995 0.00235134 1.6957 -0.0106982 -0.00237233 0.99994 1.6294
0.999965 -7.27688e-05 0.0083831 -54.6729 5.02164e-05 0.999996 0.0026904 1.69491 -0.00838327 -0.00268988 0.999961 1.65243
0.999958 -0.00220865 0.00887621 -55.5438 0.00219582 0.999997 0.00145446 1.69406 -0.00887939 -0.00143491 0.99996 1.70006
0.999887 -0.00412709 0.0144332 -56.4108 0.00412497 0.999991 0.000176365 1.68456 -0.0144338 -0.000116809 0.999896 1.7289
0.999738 -0.0064746 0.0219736 -57.2851 0.00647378 0.999979 0.000108299 1.67515 -0.0219739 3.39817e-05 0.999759 1.75798
0.999699 -0.00846568 0.0230058 -58.1387 0.00845475 0.999964 0.000572183 1.682 -0.0230098 -0.000377503 0.999735 1.78144
0.9998 -0.0101571 0.0172155 -58.9884 0.0101487 0.999948 0.000578781 1.67081 -0.0172205 -0.000403951 0.999852 1.82676
0.999861 -0.0118229 0.0117559 -59.8606 0.0118264 0.99993 -0.000223351 1.6552 -0.0117525 0.00036235 0.999931 1.8698
0.999849 -0.0131925 0.0112699 -60.7327 0.0132073 0.999912 -0.00124058 1.64161 -0.0112526 0.00138924 0.999936 1.89551
0.999778 -0.0147091 0.0151068 -61.5931 0.0147307 0.999891 -0.00132181 1.63378 -0.0150858 0.00154405 0.999885 1.93418
0.99968 -0.0165379 0.0191298 -62.4578 0.0165647 0.999862 -0.00124154 1.61815 -0.0191067 0.00155802 0.999816 1.97108
0.999644 -0.0177782 0.0199148 -63.2967 0.0178104 0.99984 -0.00144207 1.60311 -0.0198859 0.00179624 0.999801 2.01135
0.999664 -0.0178748 0.0187633 -64.145 0.0179111 0.999838 -0.00176854 1.58612 -0.0187287 0.00210402 0.999822 2.04336
0.999686 -0.0184133 0.0170145 -65.0057 0.0184507 0.999828 -0.00204349 1.56848 -0.0169739 0.00235677 0.999853 2.07206
0.999692 -0.0194723 0.0153716 -65.8743 0.0194962 0.999809 -0.00140262 1.54828 -0.0153413 0.00170188 0.999881 2.10427
0.999692 -0.0202725 0.0142847 -66.7378 0.0202868 0.999794 -0.000858733 1.52734 -0.0142644 0.00114826 0.999898 2.14181
0.999676 -0.0208026 0.0146892 -67.5682 0.0208167 0.999783 -0.000804989 1.51606 -0.0146693 0.00111051 0.999892 2.17121
0.99965 -0.021891 0.0148279 -68.4052 0.0218837 0.99976 0.00065825 1.50292 -0.0148388 -0.00033353 0.99989 2.19954
0.999656 -0.0224717 0.0135036 -69.2575 0.0224369 0.999745 0.00272645 1.49655 -0.0135614 -0.00242254 0.999905 2.24001
0.999647 -0.0231989 0.0129463 -70.0847 0.023158 0.999726 0.00330261 1.46925 -0.0130194 -0.00300164 0.999911 2.29302
0.999572 -0.0240388 0.0166938 -70.9376 0.0240216 0.999711 0.00122838 1.44385 -0.0167185 -0.000826847 0.99986 2.33205
0.999383 -0.0253871 0.0242846 -71.7701 0.02542 0.999676 -0.00105003 1.4277 -0.0242501 0.0016667 0.999705 2.34416
0.999215 -0.02673 0.0292554 -72.6104 0.0267683 0.999641 -0.000916407 1.40293 -0.0292204 0.0016988 0.999572 2.35808
0.999069 -0.0283438 0.0325145 -73.4266 0.0283648 0.999598 -0.000185271 1.3734 -0.0324962 0.00110736 0.999471 2.42143
0.998623 -0.0289786 0.0437273 -74.249 0.0289152 0.99958 0.00208158 1.35402 -0.0437693 -0.000814331 0.999041 2.49186
0.997894 -0.0307513 0.0571112 -75.0578 0.0305339 0.999523 0.00467436 1.33396 -0.0572276 -0.00292069 0.998357 2.55176
0.997799 -0.0325543 0.0577732 -75.8799 0.0322777 0.999463 0.00571508 1.31035 -0.0579282 -0.00383771 0.998313 2.60737
0.998751 -0.0338309 0.036773 -76.7308 0.0337506 0.999426 0.00280261 1.28794 -0.0368468 -0.00155799 0.99932 2.63212
0.999361 -0.0357116 -0.00141344 -77.6056 0.0357142 0.99936 0.00189021 1.26675 0.00134504 -0.00193949 0.999997 2.62612
0.998638 -0.0374991 -0.036289 -78.4483 0.0375697 0.999293 0.00126502 1.22343 0.0362159 -0.00262666 0.999341 2.66546
0.998199 -0.0385079 -0.0459883 -79.2849 0.0384964 0.999258 -0.00113586 1.18152 0.0459979 -0.000636575 0.998941 2.70083
0.999033 -0.0395316 -0.0192691 -80.0874 0.0394437 0.99921 -0.0049239 1.1434 0.0194486 0.00415909 0.999802 2.71886
0.998712 -0.0416318 0.0290104 -80.9006 0.0417807 0.999116 -0.00454488 1.10454 -0.0287956 0.0057511 0.999569 2.71006
0.997415 -0.0444262 0.0564819 -81.7351 0.0446929 0.998995 -0.00346746 1.07845 -0.0562711 0.00598284 0.998398 2.7283
0.997676 -0.0463884 0.0499011 -82.582 0.0466627 0.998901 -0.00434515 1.03962 -0.0496448 0.00666358 0.998745 2.77562
0.998548 -0.0468591 0.0265713 -83.4281 0.0470699 0.998864 -0.00736255 0.992664 -0.0261962 0.00860257 0.99962 2.84191
0.99869 -0.0480857 0.0174752 -84.2891 0.0482827 0.998773 -0.0110323 0.932003 -0.0169233 0.0118616 0.999786 2.92332
0.998453 -0.0499699 0.0243847 -85.1458 0.0502967 0.99865 -0.0129743 0.878457 -0.0237035 0.0141807 0.999618 2.94003
0.998126 -0.051837 0.0325241 -85.9945 0.0522812 0.998548 -0.0129602 0.835036 -0.0318051 0.0146364 0.999387 2.95332
0.998018 -0.0533887 0.0333054 -86.8525 0.0538074 0.998482 -0.0118044 0.815575 -0.0326246 0.0135731 0.999376 2.98047
0.998194 -0.0545585 0.0251383 -87.7026 0.0548327 0.998442 -0.0103518 0.761906 -0.0245344 0.0117115 0.99963 3.03121
0.998298 -0.05614 0.0158115 -88.5669 0.056307 0.99836 -0.0103213 0.704561 -0.0152062 0.011194 0.999822 3.08803
0.998273 -0.0574223 0.0124002 -89.4225 0.0575538 0.998287 -0.0105275 0.644756 -0.0117744 0.011223 0.999868 3.12204
0.998192 -0.0584727 0.0139376 -90.3073 0.0586248 0.998222 -0.0107603 0.597825 -0.0132837 0.011558 0.999845 3.14725
0.998121 -0.0589235 0.0168269 -91.1679 0.0591079 0.998194 -0.0106818 0.555308 -0.0161671 0.0116563 0.999801 3.16839
0.998008 -0.0598045 0.0200722 -92.0254 0.0599986 0.998156 -0.00921148 0.5111 -0.0194843 0.0103974 0.999756 3.192
0.997982 -0.0599247 0.0210055 -92.9101 0.0600599 0.998178 -0.00586426 0.470883 -0.0206158 0.00711401 0.999762 3.22328
0.998035 -0.0597562 0.0188641 -93.8004 0.0598158 0.998206 -0.00261365 0.423161 -0.0186741 0.00373689 0.999819 3.27583
0.998062 -0.0596826 0.0176291 -94.6868 0.0597148 0.998215 -0.00130502 0.368623 -0.0175198 0.00235521 0.999844 3.32292
0.997958 -0.0604672 0.0205878 -95.559 0.0604893 0.998169 -0.000450585 0.322037 -0.0205229 0.00169501 0.999788 3.34764
0.997756 -0.0618115 0.0257175 -96.4206 0.0618455 0.998086 -0.000531553 0.265688 -0.0256354 0.00212087 0.999669 3.39507
0.997498 -0.0635119 0.0310394 -97.3044 0.063592 0.997975 -0.00159678 0.211207 -0.0308751 0.00356664 0.999517 3.44314
0.997364 -0.0647842 0.0326895 -98.1995 0.0649568 0.997879 -0.00424467 0.150712 -0.0323452 0.00635688 0.999457 3.48931
0.997325 -0.0660808 0.0312578 -99.1027 0.0663162 0.997777 -0.00655359 0.0793074 -0.0307553 0.00860896 0.99949 3.52157
0.997351 -0.0672045 0.0278271 -99.9903 0.0674968 0.997672 -0.00969925 0.012671 -0.0271104 0.0115518 0.999566 3.56748
0.997369 -0.0684549 0.0238501 -100.88 0.068737 0.997572 -0.0112156 -0.039608 -0.0230245 0.0128255 0.999653 3.59821
0.99733 -0.0698256 0.0213608 -101.783 0.0700916 0.997469 -0.0119665 -0.107953 -0.0204712 0.0134317 0.9997 3.64093
0.99725 -0.0709438 0.0214163 -102.679 0.0712114 0.997389 -0.012003 -0.179994 -0.0205089 0.0134951 0.999699 3.68705
0.997122 -0.0720139 0.0236845 -103.575 0.0722992 0.997318 -0.0114146 -0.252214 -0.022799 0.0130941 0.999654 3.73263
0.996963 -0.0730871 0.026899 -104.505 0.0734205 0.997233 -0.0116188 -0.306032 -0.0259754 0.0135584 0.999571 3.76294
0.996832 -0.074234 0.0285381 -105.424 0.0746028 0.99714 -0.0120833 -0.376017 -0.0275595 0.014174 0.99952 3.80145
0.996767 -0.075189 0.028325 -106.303 0.0755682 0.997061 -0.0125636 -0.435694 -0.0272972 0.0146634 0.99952 3.84723
0.996727 -0.0761381 0.0271777 -107.2 0.0765152 0.996982 -0.0131142 -0.517322 -0.0260972 0.0151508 0.999545 3.88405
0.996692 -0.0769742 0.0260817 -108.108 0.0773521 0.996908 -0.0138028 -0.600951 -0.0249386 0.0157746 0.999565 3.93111
0.996715 -0.0769845 0.0251355 -109.033 0.07736 0.9969 -0.0143258 -0.668997 -0.0239547 0.0162232 0.999581 3.96952
0.996798 -0.076285 0.0239503 -109.954 0.076649 0.99695 -0.0146629 -0.736378 -0.0227587 0.0164517 0.999606 4.00363
0.996887 -0.0756969 0.0220554 -110.89 0.0760108 0.997012 -0.0137577 -0.795412 -0.0209481 0.0153913 0.999662 4.05104
0.997009 -0.0746839 0.0199008 -111.787 0.0749528 0.997101 -0.0131262 -0.863313 -0.0188628 0.0145785 0.999716 4.09631
0.997043 -0.0738585 0.0212345 -112.728 0.0741441 0.997163 -0.012994 -0.93177 -0.0202146 0.0145299 0.99969 4.13535
0.996978 -0.0731619 0.0261344 -113.639 0.0735019 0.997219 -0.0122934 -0.994545 -0.0251623 0.0141772 0.999583 4.17018
0.996913 -0.0724556 0.0302288 -114.575 0.0728444 0.997272 -0.0119646 -1.0555 -0.0292794 0.0141297 0.999471 4.21497
0.997004 -0.0714153 0.0297231 -115.508 0.0718113 0.99734 -0.0124761 -1.12311 -0.028753 0.0145732 0.99948 4.26255
0.99714 -0.0704226 0.0274168 -116.439 0.0707953 0.997408 -0.0128667 -1.18658 -0.0264397 0.0147709 0.999541 4.29992
0.997273 -0.0696993 0.0242704 -117.383 0.0700269 0.997461 -0.0129192 -1.25081 -0.0233083 0.0145835 0.999622 4.33261
0.997377 -0.0689758 0.0219475 -118.317 0.0692711 0.997513 -0.012991 -1.31213 -0.0209968 0.0144773 0.999675 4.38183
0.997491 -0.0679423 0.0198712 -119.24 0.0681895 0.9976 -0.0120373 -1.37093 -0.0190057 0.0133621 0.99973 4.42233
0.997547 -0.0673923 0.0189132 -120.173 0.0676147 0.997647 -0.0113811 -1.43883 -0.0181017 0.012632 0.999756 4.46376
0.997555 -0.0666089 0.0211331 -121.087 0.066843 0.997708 -0.0105694 -1.50054 -0.0203807 0.0119562 0.999721 4.50443
0.997513 -0.0659729 0.024807 -121.988 0.066242 0.997752 -0.0101877 -1.54995 -0.0240791 0.0118057 0.99964 4.54931
0.997414 -0.0662989 0.0277445 -122.893 0.0666172 0.997721 -0.0107076 -1.61611 -0.0269714 0.0125282 0.999558 4.59665
0.997391 -0.066638 0.0277464 -123.796 0.0669894 0.997682 -0.0119347 -1.67237 -0.0268868 0.0137623 0.999544 4.64149
0.997476 -0.0665325 0.024804 -124.708 0.0668562 0.997685 -0.01246 -1.73883 -0.0239176 0.0140869 0.999615 4.67401
0.997583 -0.0662582 0.0209247 -125.63 0.0665426 0.997696 -0.0131991 -1.79756 -0.020002 0.0145596 0.999694 4.7163
0.997664 -0.066038 0.0174982 -126.519 0.0662558 0.997728 -0.0121747 -1.84797 -0.0166545 0.0133056 0.999773 4.75396
0.997696 -0.0657042 0.0169102 -127.398 0.0658862 0.997772 -0.0104426 -1.90154 -0.0161865 0.0115327 0.999802 4.8017
0.997657 -0.0655097 0.0197204 -128.27 0.0656969 0.997799 -0.0089959 -1.95976 -0.0190877 0.0102704 0.999765 4.84608
0.99752 -0.0654949 0.0257784 -129.146 0.0657206 0.997806 -0.00800665 -2.02135 -0.0251975 0.00968097 0.999636 4.8927
0.997377 -0.0658504 0.0300539 -130.038 0.0661122 0.997782 -0.00779963 -2.08033 -0.0294736 0.0097661 0.999518 4.92489
0.997304 -0.0654683 0.0331545 -130.888 0.0657742 0.997801 -0.00822115 -2.13712 -0.0325434 0.0103797 0.999416 4.96864
0.99674 -0.0656762 0.0468656 -131.747 0.0660689 0.997791 -0.00687845 -2.19669 -0.0463103 0.00995238 0.998878 5.0385
0.995496 -0.0658764 0.0681727 -132.595 0.066156 0.997808 -0.00184997 -2.25139 -0.0679014 0.00635167 0.997672 5.09825
0.994751 -0.0668064 0.0775096 -133.443 0.0669588 0.997756 0.000634607 -2.292 -0.077378 0.00455867 0.996991 5.19877
0.995866 -0.0676973 0.0605658 -134.318 0.0678949 0.997692 -0.00120722 -2.34517 -0.0603443 0.00531433 0.998163 5.23302
0.997575 -0.068044 0.0146202 -135.23 0.0681187 0.997666 -0.0046712 -2.39893 -0.0142682 0.00565578 0.999882 5.26175
0.99714 -0.0691759 -0.030447 -136.147 0.0689604 0.997587 -0.00807117 -2.4632 0.0309319 0.00594844 0.999504 5.28908
0.996372 -0.0695488 -0.049045 -137.043 0.0691482 0.997558 -0.00981853 -2.5343 0.0496081 0.00639153 0.998748 5.28643
0.997144 -0.0703883 -0.027378 -137.911 0.0701794 0.997498 -0.00851697 -2.59334 0.027909 0.00657127 0.999589 5.2955
0.997176 -0.072125 0.0209204 -138.733 0.0722254 0.99738 -0.00407928 -2.66419 -0.0205714 0.00557875 0.999773 5.32551
0.995559 -0.0745243 0.0575181 -139.557 0.0748144 0.997193 -0.00290336 -2.71893 -0.0571403 0.00719365 0.99834 5.35528
0.995386 -0.0770824 0.0571331 -140.427 0.0774278 0.996991 -0.00385376 -2.77678 -0.0566641 0.00825967 0.998359 5.37906
0.996537 -0.0775234 0.0300747 -141.335 0.0777047 0.996964 -0.00490389 -2.85346 -0.0296032 0.00722385 0.999536 5.43163
0.996954 -0.0774122 0.00946396 -142.275 0.0774661 0.99698 -0.00547406 -2.90731 -0.00901161 0.00619053 0.99994 5.51053
0.9969 -0.0784044 0.0065607 -143.172 0.078432 0.996911 -0.00406244 -2.99253 -0.00622192 0.00456441 0.99997 5.54614
0.99666 -0.0797636 0.0175202 -144.051 0.07981 0.996808 -0.00196584 -3.0809 -0.0173075 0.00335756 0.999845 5.56483
0.996188 -0.0816294 0.030768 -144.927 0.0817013 0.996656 -0.00108641 -3.14796 -0.0305764 0.00359605 0.999526 5.59869
0.995762 -0.0832063 0.0391827 -145.816 0.0833176 0.996522 -0.00121304 -3.20559 -0.0389455 0.00447252 0.999231 5.64983
0.995687 -0.0846715 0.0379097 -146.709 0.0847987 0.996397 -0.00175814 -3.29223 -0.0376242 0.00496525 0.99928 5.69453
0.995911 -0.0855628 0.0289783 -147.62 0.0857095 0.996313 -0.00385736 -3.37122 -0.0285414 0.0063253 0.999573 5.74406
0.995975 -0.0869071 0.0219455 -148.538 0.087034 0.996193 -0.00489329 -3.45109 -0.0214367 0.00678359 0.999747 5.78522
0.9959 -0.0882462 0.0199012 -149.452 0.088356 0.996078 -0.00470787 -3.52522 -0.0194077 0.00644696 0.999791 5.82326
0.995652 -0.0902044 0.0232405 -150.354 0.0902927 0.995911 -0.00277932 -3.60164 -0.0228948 0.00486568 0.999726 5.86421
0.995314 -0.092304 0.0288093 -151.242 0.0923884 0.995722 -0.00161244 -3.68091 -0.0285372 0.00426653 0.999584 5.91832
0.994973 -0.0944656 0.0332379 -152.144 0.094561 0.995518 -0.00130429 -3.76226 -0.0329657 0.00444074 0.999447 5.95879
0.994771 -0.0961117 0.0345349 -153.032 0.0962353 0.995357 -0.00193077 -3.86159 -0.034189 0.00524415 0.999402 6.00311
0.994668 -0.0979921 0.0321453 -153.954 0.0981456 0.995167 -0.00323109 -3.95994 -0.0316733 0.00636878 0.999478 6.0435
0.994618 -0.0997656 0.0279686 -154.89 0.0999104 0.994989 -0.00382345 -4.03331 -0.027447 0.00659722 0.999601 6.08585
0.994519 -0.101589 0.0247375 -155.816 0.101705 0.994808 -0.00349996 -4.1176 -0.0242535 0.00599671 0.999688 6.12737
0.994343 -0.103485 0.0239451 -156.731 0.103534 0.994626 -0.000838431 -4.21461 -0.0237296 0.00331283 0.999713 6.17304
0.994132 -0.105349 0.0245631 -157.646 0.105334 0.994435 0.00193799 -4.32248 -0.0246306 0.000660697 0.999696 6.23943
0.993891 -0.106677 0.0282903 -158.546 0.106651 0.994294 0.00242041 -4.41573 -0.0283871 0.000611577 0.999597 6.31569
0.993577 -0.107764 0.0345136 -159.457 0.107793 0.994173 0.00101598 -4.52125 -0.034422 0.00271088 0.999404 6.35442
0.993349 -0.108699 0.0379863 -160.374 0.10878 0.994066 -8.24479e-05 -4.62196 -0.0377519 0.00421406 0.999278 6.36203
0.99332 -0.109697 0.035807 -161.301 0.109784 0.993955 -0.000452555 -4.72795 -0.035541 0.00438055 0.999359 6.3996
0.993413 -0.110497 0.0303431 -162.234 0.110545 0.993871 9.86179e-05 -4.82306 -0.030168 0.0032563 0.99954 6.46309
0.993412 -0.111475 0.026571 -163.164 0.111511 0.993763 0.000123788 -4.92932 -0.0264191 0.00283999 0.999647 6.53589
0.993292 -0.112519 0.0266459 -164.092 0.112546 0.993646 0.000505605 -5.03696 -0.0265335 0.00249667 0.999645 6.57346
0.993114 -0.113551 0.0288371 -165.014 0.113569 0.99353 0.00103493 -5.13269 -0.0287681 0.0022472 0.999584 6.60832
0.992827 -0.11547 0.0309934 -165.948 0.115461 0.99331 0.0020661 -5.23753 -0.0310246 0.00152726 0.999517 6.6428
0.992561 -0.117749 0.0309506 -166.878 0.117711 0.993043 0.00302866 -5.33638 -0.0310919 0.00063711 0.999516 6.69438
0.99232 -0.119902 0.0303949 -167.805 0.119856 0.992786 0.00335311 -5.46503 -0.0305776 0.000315635 0.999532 6.76087
0.992037 -0.122064 0.0310207 -168.739 0.122058 0.992521 0.00207869 -5.59157 -0.0310424 0.0017242 0.999517 6.8184
0.991718 -0.123495 0.0352627 -169.674 0.123495 0.992343 0.00218463 -5.70139 -0.0352624 0.00218823 0.999376 6.82986
0.991146 -0.125716 0.0427263 -170.604 0.125401 0.992056 0.00999177 -5.81302 -0.043643 -0.00454538 0.999037 6.85781
0.99069 -0.127449 0.0478469 -171.535 0.12674 0.99178 0.0175895 -5.92028 -0.0496954 -0.0113616 0.9987 6.9771
0.990632 -0.128689 0.0456917 -172.464 0.128056 0.991629 0.0165156 -6.03366 -0.0474346 -0.0105098 0.998819 7.09715
0.990813 -0.130936 0.0338417 -173.417 0.130663 0.991375 0.0101633 -6.15633 -0.0348805 -0.00564812 0.999376 7.10545
0.990947 -0.133466 0.0145021 -174.364 0.133457 0.991053 0.00162811 -6.29313 -0.0145897 0.000322038 0.999894 7.09747
0.990831 -0.13506 -0.00351479 -175.315 0.135049 0.990834 -0.0032062 -6.42015 0.0039156 0.00270214 0.999989 7.12109
0.990692 -0.135977 -0.00630774 -176.279 0.135954 0.990707 -0.0039222 -6.55754 0.00678245 0.00302813 0.999972 7.19173
0.990544 -0.136615 0.0125702 -177.217 0.136656 0.990616 -0.00244066 -6.7065 -0.0121188 0.00413538 0.999918 7.27528
0.989581 -0.138534 0.0392223 -178.149 0.138623 0.990345 0.000451784 -6.83416 -0.0389062 0.00499003 0.99923 7.27865
0.988637 -0.141337 0.0512006 -179.092 0.141435 0.989946 0.00173366 -6.96106 -0.0509308 0.00552756 0.998687 7.26927
0.988775 -0.143265 0.0424135 -180.026 0.14332 0.989675 0.00175548 -7.07438 -0.0422271 0.00434293 0.999099 7.32714
0.989226 -0.144151 0.0255551 -180.99 0.144197 0.989549 2.94643e-05 -7.2348 -0.0252922 0.00365583 0.999673 7.42293
0.989325 -0.145048 0.0140233 -181.959 0.145086 0.989417 -0.00175036 -7.37383 -0.013621 0.00376627 0.9999 7.47847
0.989115 -0.146623 0.0123871 -182.928 0.146656 0.989186 -0.00182734 -7.51863 -0.0119852 0.00362409 0.999922 7.49257
0.988724 -0.14868 0.0178825 -183.875 0.148688 0.988884 0.000902463 -7.65695 -0.0178178 0.00176662 0.99984 7.50992
0.988358 -0.150268 0.0238316 -184.834 0.150186 0.988644 0.00518849 -7.786 -0.0243407 -0.0015489 0.999703 7.55595
0.988064 -0.152032 0.0248091 -185.79 0.151884 0.988368 0.00775044 -7.93481 -0.0256989 -0.00388983 0.999662 7.60856
0.987963 -0.153264 0.0209617 -186.761 0.153138 0.988176 0.00747777 -8.07669 -0.0218599 -0.00417772 0.999752 7.65785
0.987799 -0.154754 0.0174547 -187.749 0.154667 0.987947 0.00621052 -8.22721 -0.0182054 -0.00343507 0.999828 7.68898
0.987521 -0.156247 0.0197437 -188.69 0.156178 0.987716 0.00499217 -8.38647 -0.0202812 -0.00184634 0.999793 7.75772
0.986884 -0.158093 0.0326602 -189.651 0.157988 0.987424 0.00578 -8.54533 -0.0331633 -0.000544265 0.99945 7.80966
0.985914 -0.161383 0.0439274 -190.618 0.161255 0.986892 0.00645667 -8.70882 -0.0443936 0.000717817 0.999014 7.85742
0.985542 -0.163994 0.0425765 -191.569 0.1639 0.98646 0.00569144 -8.85876 -0.0429334 0.00136915 0.999077 7.8792
0.985703 -0.166025 0.0287216 -192.52 0.16603 0.986118 0.00224659 -9.02275 -0.0286959 0.00255416 0.999585 7.95505
0.985696 -0.167647 0.0172576 -193.462 0.167703 0.985836 -0.00181549 -9.19206 -0.0167088 0.00468367 0.999849 8.02587
0.985344 -0.169949 0.0146516 -194.415 0.170019 0.985434 -0.00370649 -9.35586 -0.0138083 0.00614322 0.999886 8.06423
0.984845 -0.172476 0.0182464 -195.337 0.172571 0.98499 -0.00376113 -9.51079 -0.0173238 0.00685294 0.999826 8.09343
0.984355 -0.174661 0.0232217 -196.273 0.17478 0.984602 -0.00321323 -9.66965 -0.0223029 0.00722165 0.999725 8.13257
0.983868 -0.17702 0.0258495 -197.199 0.177117 0.984189 -0.0015092 -9.83788 -0.0251736 0.00606324 0.999665 8.16689
0.983508 -0.179166 0.0247092 -198.123 0.179234 0.983806 -0.000534583 -10.017 -0.0242132 0.00495448 0.999695 8.21866
0.98328 -0.180737 0.0222384 -199.033 0.180805 0.983518 -0.00105642 -10.1861 -0.0216809 0.00505956 0.999752 8.27207
0.982839 -0.182973 0.023415 -199.953 0.183084 0.983094 -0.00267564 -10.3507 -0.0225296 0.00691664 0.999722 8.33161
0.982271 -0.185059 0.0299649 -200.855 0.185219 0.982694 -0.00265622 -10.5333 -0.0289547 0.00815921 0.999547 8.35852
0.981709 -0.187433 0.0333984 -201.744 0.187584 0.982248 -0.00141438 -10.6948 -0.0325404 0.00765351 0.999441 8.3934
0.981427 -0.189619 0.0290734 -202.643 0.189713 0.98184 -0.000462569 -10.8559 -0.0284577 0.00596958 0.999577 8.4309
0.98125 -0.191652 0.0204424 -203.547 0.191697 0.981454 -0.000231166 -11.0352 -0.020019 0.00414557 0.999791 8.50871
0.980939 -0.193133 0.0214155 -204.429 0.193217 0.981154 -0.00193497 -11.2322 -0.0206382 0.00603593 0.999769 8.58227
0.979985 -0.194574 0.0420774 -205.281 0.194584 0.980878 0.003886 -11.3931 -0.0420289 0.00437937 0.999107 8.58411
0.977943 -0.197906 0.0667843 -206.159 0.197255 0.980217 0.016277 -11.5582 -0.0686844 -0.00274447 0.997635 8.65106
0.976919 -0.200761 0.0729643 -207.024 0.199707 0.979619 0.0215466 -11.7097 -0.075803 -0.00647781 0.997102 8.78054
0.978092 -0.202565 0.0479867 -207.928 0.202199 0.979266 0.0124248 -11.8883 -0.0495086 -0.0024498 0.998771 8.82253
0.9789 -0.204295 0.00421787 -208.832 0.204299 0.978909 -0.000348686 -12.0978 -0.00405767 0.00120303 0.999991 8.79163
0.977876 -0.206476 -0.0335536 -209.74 0.206288 0.97845 -0.00899113 -12.2882 0.034687 0.00187049 0.999396 8.80399
0.977048 -0.208307 -0.0445612 -210.626 0.207949 0.978059 -0.0125806 -12.4742 0.0462041 0.00302534 0.998927 8.8623
0.977604 -0.209809 -0.0164675 -211.481 0.209698 0.977732 -0.00822969 -12.667 0.0178274 0.00459217 0.999831 8.90144
0.976728 -0.211996 0.0325539 -212.318 0.212067 0.977254 0.00128095 -12.8684 -0.032085 0.00565247 0.999469 8.92287
0.974553 -0.214438 0.0652861 -213.184 0.214584 0.976693 0.00484747 -13.0446 -0.064804 0.00928526 0.997855 8.948
0.974585 -0.216455 0.0577179 -214.079 0.216655 0.976244 0.00284547 -13.2349 -0.0569627 0.00973172 0.998329 8.9575
0.975801 -0.217294 0.0243922 -214.995 0.217377 0.976088 -0.000760298 -13.4313 -0.0236437 0.00604419 0.999702 9.00584
0.976029 -0.217636 -0.00112351 -215.893 0.217632 0.976026 -0.00314234 -13.6369 0.00178046 0.00282251 0.999994 9.09106
0.975912 -0.218166 -0.000501714 -216.789 0.218162 0.975905 -0.0038133 -13.8514 0.00132156 0.00361199 0.999993 9.14218
0.975467 -0.219369 0.0184987 -217.679 0.219447 0.975622 -0.00226837 -14.0635 -0.0175502 0.0062722 0.999826 9.14763
0.974549 -0.221574 0.0340409 -218.569 0.221665 0.975122 0.00111783 -14.2589 -0.0334417 0.00645629 0.99942 9.16215
