1 0 0 0 0 1 0 0 0 0 1 0
1 -4.60364e-06 -1.42538e-05 -0.000715523 4.60352e-06 1 -8.74205e-06 0.00117281 1.42538e-05 8.74198e-06 1 0.000228887
1 8.72492e-06 -8.59819e-06 0.00289995 -8.72501e-06 1 -1.02221e-05 0.000989302 8.5981e-06 1.02222e-05 1 -0.000221444
1 -3.16959e-05 -1.31194e-05 0.00113429 3.16959e-05 1 -1.07947e-06 -0.00011297 1.31194e-05 1.07906e-06 1 -0.000822548
1 -3.4137e-05 -1.28888e-05 -0.000634564 3.41369e-05 1 -4.19083e-06 0.000466874 1.2889e-05 4.19039e-06 1 -0.000127238
1 3.75447e-05 -9.03986e-06 0.002782 -3.75448e-05 1 -8.51014e-06 0.00177427 9.03954e-06 8.51048e-06 1 0.000225788
1 2.2258e-05 -9.81022e-06 0.00303592 -2.22581e-05 1 -9.0739e-06 -0.000236925 9.81002e-06 9.07411e-06 1 -0.000477708
1 1.158e-05 -1.49064e-05 0.00490599 -1.15801e-05 1 -4.35131e-06 0.00109597 1.49064e-05 4.35148e-06 1 -4.33222e-05
1 6.74003e-06 -1.99458e-05 0.000697808 -6.74003e-06 1 5.14418e-08 0.00110058 1.99458e-05 -5.13074e-08 1 0.000575949
1 2.01265e-05 -9.62036e-06 0.00187082 -2.01265e-05 1 -5.03821e-06 0.000370173 9.62025e-06 5.03841e-06 1 0.000544368
1 -9.03723e-06 -2.64126e-05 0.00362691 9.03693e-06 1 -1.13227e-05 -0.00386761 2.64127e-05 1.13225e-05 1 0.000824334
1 2.16505e-05 -1.10725e-05 0.00269937 -2.16504e-05 1 6.48621e-06 -0.00513052 1.10726e-05 -6.48597e-06 1 -0.000199174
1 7.61079e-06 -1.72246e-06 0.00163703 -7.6108e-06 1 -8.01048e-06 -0.00198914 1.7224e-06 8.01049e-06 1 0.000768856
1 -1.08306e-05 -1.7565e-05 0.000498433 1.08303e-05 1 -1.64046e-05 0.00227622 1.75652e-05 1.64044e-05 1 0.000897608
1 7.8494e-06 -2.10689e-05 0.00307411 -7.84954e-06 1 -6.72101e-06 0.00112121 2.10689e-05 6.72117e-06 1 -0.000219729
1 1.23177e-05 1.06621e-07 -0.00037436 -1.23177e-05 1 -7.18383e-06 -0.000841789 -1.0671e-07 7.18383e-06 1 -0.00036586
1 2.40554e-05 -3.07313e-06 0.00103491 -2.40555e-05 1 -8.2536e-06 -0.00142613 3.07293e-06 8.25368e-06 1 -0.000146227
1 -7.73407e-08 -1.38995e-05 0.00215566 7.73105e-08 1 -2.16888e-06 -0.00112507 1.38995e-05 2.16888e-06 1 -2.10502e-05
1 -1.96298e-05 -5.04363e-06 0.000839054 1.96298e-05 1 5.78307e-06 -0.00167336 5.04352e-06 -5.78317e-06 1 -0.00121046
1 -6.44974e-06 -9.73667e-06 -0.00157016 6.44961e-06 1 -1.36582e-05 0.000558169 9.73676e-06 1.36581e-05 1 0.000593555
1 1.53024e-05 -4.38369e-06 0.000484663 -1.53024e-05 1 -2.08139e-06 0.00312014 4.38366e-06 2.08146e-06 1 -0.000123331
1 -2.81044e-05 -7.64576e-06 0.000783757 2.81044e-05 1 -1.63394e-06 0.0023214 7.6458e-06 1.63373e-06 1 -0.000457305
1 -1.161e-05 -1.57498e-06 0.000697721 1.161e-05 1 -5.26611e-06 0.00309331 1.57504e-06 5.26609e-06 1 -0.000771506
1 -1.83369e-05 3.50983e-06 -2.37424e-06 1.8337e-05 1 -6.71653e-06 0.0040212 -3.50971e-06 6.7166e-06 1 -0.000364676
1 -3.42917e-05 -1.98821e-06 -0.00190613 3.42917e-05 1 9.74843e-08 0.00430863 1.9882e-06 -9.75525e-08 1 -0.000503408
1 -3.64331e-05 -1.00457e-05 -0.0010323 3.6433e-05 1 -4.96524e-06 0.00415002 1.00458e-05 4.96487e-06 1 9.8651e-05
1 -4.18527e-05 -8.71221e-06 -0.0018252 4.18526e-05 1 -1.50431e-05 0.00492766 8.71284e-06 1.50428e-05 1 0.000621432
1 -3.57614e-05 -8.61722e-06 0.00100081 3.57613e-05 1 -1.47367e-05 0.0049505 8.61775e-06 1.47364e-05 1 -4.97315e-05
1 -5.78319e-05 -1.29099e-05 -0.00158963 5.78318e-05 1 -9.84978e-06 0.0062243 1.29105e-05 9.84903e-06 1 -0.000314001
1 -3.21364e-05 -1.1458e-05 0.00133741 3.21363e-05 1 -9.07335e-06 0.00558088 1.14583e-05 9.07298e-06 1 -0.000314534
1 -3.1119e-05 -3.67189e-06 -0.000571789 3.11189e-05 1 -5.56437e-06 0.00321355 3.67206e-06 5.56425e-06 1 -2.89073e-05
1 -3.05357e-05 -2.92798e-06 -0.0020318 3.05356e-05 1 -6.32815e-06 0.00286587 2.92818e-06 6.32807e-06 1 0.000108005
1 -1.09669e-05 -1.27509e-05 -0.00205186 1.09669e-05 1 4.64236e-07 0.00282665 1.27509e-05 -4.64375e-07 1 0.000331411
1 -3.54604e-05 -1.10211e-05 -0.00185785 3.54604e-05 1 -4.03996e-06 0.00606287 1.10212e-05 4.03957e-06 1 0.000211278
1 -4.30681e-05 -5.65046e-06 0.00289391 4.30681e-05 1 -5.98049e-06 0.00555133 5.65071e-06 5.98025e-06 1 -0.000363222
1 -1.20695e-05 -7.82978e-06 0.00024125 1.20695e-05 1 -2.71489e-06 -0.00275095 7.82981e-06 2.7148e-06 1 -0.000418719
1 -4.27506e-05 -2.16525e-06 -0.00526091 4.27506e-05 1 -1.18139e-06 0.00170057 2.1653e-06 1.1813e-06 1 -0.00074462
1 -2.46983e-05 -1.03512e-05 0.00187079 2.46983e-05 1 -3.33056e-06 0.00571639 1.03513e-05 3.3303e-06 1 2.77205e-05
1 -2.67412e-05 -9.09222e-06 0.000798388 2.67412e-05 1 6.76747e-07 0.00364691 9.0922e-06 -6.7699e-07 1 -0.000279679
1 -4.70313e-05 -4.31083e-06 -0.0010497 4.70313e-05 1 -1.05943e-05 0.0034726 4.31133e-06 1.05941e-05 1 -0.000326281
1 -3.33435e-05 -1.01116e-05 -0.00145932 3.33434e-05 1 -1.26457e-05 0.00420607 1.01121e-05 1.26453e-05 1 2.82503e-05
1 -2.99737e-05 -2.34736e-06 0.000882569 2.99737e-05 1 -8.00517e-06 0.00605103 2.3476e-06 8.0051e-06 1 -0.000978723
1 -3.67469e-05 -9.59355e-06 0.000259739 3.67468e-05 1 -5.43614e-06 0.00556436 9.59375e-06 5.43579e-06 1 -6.72328e-05
1 -1.05533e-06 -2.60989e-05 0.00185888 1.05539e-06 1 2.41598e-06 0.00133229 2.60989e-05 -2.41601e-06 1 0.000486657
1 -4.86695e-06 -2.23353e-05 0.00476463 4.86708e-06 1 5.64122e-06 0.00187364 2.23353e-05 -5.64133e-06 1 0.000771154
1 2.00865e-05 -2.97883e-05 0.0147265 -2.00867e-05 1 -9.74103e-06 0.00309751 2.97881e-05 9.74163e-06 1 0.00138539
1 1.81504e-05 -1.95842e-05 0.024866 -1.81504e-05 1 -2.09219e-06 0.00491001 1.95842e-05 2.09255e-06 1 0.00148907
1 3.29726e-05 2.39872e-05 0.0190778 -3.29724e-05 1 -9.93265e-06 -6.9666e-05 -2.39875e-05 9.93186e-06 1 0.000978958
1 3.31813e-05 1.38965e-05 0.00913081 -3.31812e-05 1 -3.25959e-06 -0.00170081 -1.38966e-05 3.25913e-06 1 0.00109891
1 2.80807e-05 4.46814e-05 -0.00353035 -2.80804e-05 1 -7.7304e-06 -0.000227586 -4.46816e-05 7.72914e-06 1 0.000367911
1 2.06827e-06 7.8536e-05 -0.0210555 -2.06678e-06 1 -1.88906e-05 6.60312e-05 -7.8536e-05 1.88904e-05 1 0.001414
1 -1.89123e-05 9.32702e-05 -0.0440666 1.89137e-05 1 -1.51183e-05 -0.00450551 -9.32699e-05 1.51201e-05 1 0.00292058
1 -1.97539e-05 9.93962e-05 -0.0685373 1.97557e-05 1 -1.77479e-05 -0.00219158 -9.93959e-05 1.77498e-05 1 0.00300022
1 1.02373e-05 0.000128242 -0.0996709 -1.02333e-05 1 -3.15923e-05 -0.00640687 -0.000128243 3.1591e-05 1 0.00338486
1 -8.59707e-05 0.000172341 -0.134197 8.59784e-05 1 -4.49919e-05 -0.0094404 -0.000172337 4.50067e-05 1 0.0042403
1 -0.00038417 0.000303524 -0.20111 0.00038419 1 -6.59058e-05 -0.0126066 -0.000303499 6.60224e-05 1 0.00493822
0.999998 -0.00180525 0.000420881 -0.330389 0.00180528 0.999998 -7.9042e-05 -0.0034201 -0.000420738 7.98017e-05 1 0.00942853
0.999998 -0.00214882 0.000526762 -0.4038 0.00214886 0.999998 -7.51169e-05 -0.0051035 -0.000526599 7.62486e-05 1 0.0103725
0.999998 -0.00210512 0.00057976 -0.477583 0.00210519 0.999998 -0.000109157 -0.013888 -0.000579529 0.000110377 1 0.0123118
0.999998 -0.00194538 0.000656534 -0.573212 0.00194547 0.999998 -0.000131651 -0.0181379 -0.000656277 0.000132928 1 0.0157103
0.999993 -0.00352902 0.000844904 -0.743199 0.00352915 0.999994 -0.000150465 0.0096423 -0.000844368 0.000153446 1 0.0182542
0.999993 -0.00368745 0.00106751 -0.872969 0.00368762 0.999993 -0.000154628 -0.000370448 -0.00106693 0.000158563 0.999999 0.0234686
0.999993 -0.00338375 0.00127685 -0.991951 0.00338395 0.999994 -0.000148569 -0.0124935 -0.00127634 0.000152889 0.999999 0.0267576
0.999993 -0.00339733 0.00140407 -1.11286 0.00339761 0.999994 -0.000192764 -0.0209822 -0.0014034 0.000197534 0.999999 0.0285652
0.999988 -0.00453896 0.0017127 -1.30114 0.00453948 0.99999 -0.000300065 -0.0263488 -0.00171132 0.000307836 0.999998 0.0328892
0.999986 -0.00490903 0.00217108 -1.47247 0.00491005 0.999988 -0.000465849 -0.0328203 -0.00216876 0.000476502 0.999998 0.0353017
0.999983 -0.00508938 0.00276676 -1.63647 0.00509152 0.999987 -0.000769282 -0.037544 -0.00276281 0.000783356 0.999996 0.0419886
0.999977 -0.00606996 0.00316272 -1.85218 0.00607286 0.999981 -0.000908016 -0.0445594 -0.00315715 0.000927201 0.999995 0.0420995
0.999971 -0.00679362 0.00340969 -2.04213 0.00679685 0.999976 -0.000936997 -0.0370658 -0.00340324 0.000960145 0.999994 0.0468636
0.999962 -0.00789654 0.00376742 -2.2589 0.00789984 0.999968 -0.000862233 -0.0294074 -0.00376049 0.000891962 0.999993 0.0528459
0.999955 -0.00848027 0.00436143 -2.49154 0.00848365 0.999964 -0.000757062 -0.0257422 -0.00435485 0.000794028 0.99999 0.061602
0.999943 -0.00958336 0.00480298 -2.74163 0.0095862 0.999954 -0.000569514 -0.024942 -0.0047973 0.000615524 0.999988 0.0647984
0.999933 -0.0103382 0.00519124 -2.99882 0.0103398 0.999947 -0.000272814 -0.023341 -0.00518814 0.000326472 0.999986 0.0705639
0.999924 -0.010732 0.0060724 -3.27357 0.010735 0.999942 -0.0004584 -0.0318544 -0.00606713 0.000523552 0.999981 0.0965944
0.999917 -0.011135 0.00645385 -3.55023 0.0111411 0.999938 -0.00090665 -0.0512126 -0.00644336 0.000978478 0.999979 0.103755
0.999914 -0.0115679 0.00622223 -3.8512 0.011576 0.999932 -0.00126541 -0.0795315 -0.00620716 0.00133733 0.99998 0.0957572
0.999918 -0.0114997 0.00557385 -4.18032 0.0115067 0.999933 -0.00123912 -0.0843675 -0.00555923 0.00130316 0.999984 0.0852018
0.999928 -0.0110851 0.00461876 -4.49819 0.0110892 0.999938 -0.000855099 -0.0720393 -0.004609 0.000906255 0.999989 0.08893
0.999931 -0.0109389 0.00422874 -4.82471 0.01094 0.99994 -0.000248019 -0.0557568 -0.00422577 0.000294265 0.999991 0.105912
0.999921 -0.0117873 0.0042661 -5.1709 0.0117875 0.999931 -3.95954e-05 -0.0496055 -0.00426534 8.98791e-05 0.999991 0.123471
0.999914 -0.0122356 0.00474533 -5.52544 0.0122371 0.999925 -0.000291002 -0.0660925 -0.00474141 0.000349046 0.999989 0.13017
0.99991 -0.0125601 0.00478868 -5.8846 0.0125633 0.999921 -0.000656827 -0.0874171 -0.00478005 0.00071693 0.999988 0.126267
0.9999 -0.0133316 0.00468228 -6.27302 0.0133359 0.999911 -0.000881114 -0.101977 -0.00467012 0.000943468 0.999989 0.122992
0.999889 -0.0140588 0.00490105 -6.67432 0.0140632 0.999901 -0.000858531 -0.104898 -0.00488849 0.00092736 0.999988 0.132142
0.999881 -0.0146478 0.00483211 -7.06326 0.0146498 0.999893 -0.000381315 -0.0987741 -0.00482601 0.000452059 0.999988 0.138516
0.999871 -0.0153931 0.00460584 -7.48356 0.0153931 0.999882 1.93102e-05 -0.0717179 -0.00460559 5.15907e-05 0.999989 0.160374
0.999858 -0.0161756 0.00482829 -7.91856 0.0161756 0.999869 5.43085e-05 -0.0766173 -0.00482853 2.37995e-05 0.999988 0.174905
0.999852 -0.0163031 0.00552939 -8.33555 0.0163064 0.999867 -0.000563979 -0.115866 -0.00551946 0.00065406 0.999985 0.180657
0.999842 -0.0165583 0.0064483 -8.76723 0.0165675 0.999862 -0.00137848 -0.134882 -0.00642458 0.0014851 0.999978 0.181376
0.99983 -0.0170025 0.00719215 -9.23105 0.0170131 0.999854 -0.00142148 -0.142443 -0.00716693 0.0015436 0.999973 0.178839
0.999817 -0.0176935 0.00732303 -9.71338 0.0177023 0.999843 -0.00114119 -0.146491 -0.00730169 0.00127062 0.999973 0.189654
0.999806 -0.0182689 0.00730905 -10.1893 0.0182752 0.999833 -0.000793559 -0.138825 -0.00729333 0.000926979 0.999973 0.203398
0.999802 -0.0183052 0.0077573 -10.6623 0.0183102 0.999832 -0.000575387 -0.144655 -0.00774547 0.00071731 0.99997 0.220237
0.999795 -0.0185575 0.00806685 -11.1659 0.0185634 0.999827 -0.000664053 -0.171676 -0.00805313 0.000813665 0.999967 0.232681
0.99979 -0.0190952 0.00741837 -11.6907 0.0191025 0.999817 -0.000922364 -0.198145 -0.0073994 0.00106388 0.999972 0.231173
0.999803 -0.0191858 0.00501069 -12.2002 0.0192021 0.99981 -0.00322488 -0.210058 -0.00494787 0.00332046 0.999982 0.28247
0.999794 -0.0197815 0.00446335 -12.7355 0.0197994 0.999796 -0.00400285 -0.206451 -0.00438325 0.00409039 0.999982 0.306849
0.999781 -0.0203539 0.00488296 -13.2756 0.0203705 0.999787 -0.00336092 -0.202735 -0.00481351 0.00345965 0.999982 0.312487
0.999773 -0.0205735 0.00557375 -13.7996 0.0205906 0.999783 -0.00301655 -0.217992 -0.00551049 0.00313063 0.99998 0.33587
0.999767 -0.0206878 0.00611254 -14.3535 0.02071 0.999779 -0.00358805 -0.22594 -0.00603696 0.00371381 0.999975 0.367818
0.999764 -0.0207344 0.0064243 -14.9153 0.0207605 0.999776 -0.00401465 -0.235121 -0.00633962 0.00414707 0.999971 0.376121
0.999757 -0.0212532 0.0058655 -15.5035 0.0212774 0.999765 -0.00408984 -0.24759 -0.0057772 0.00421365 0.999974 0.371867
0.999748 -0.0219565 0.00470975 -16.0919 0.0219751 0.999751 -0.00394355 -0.26621 -0.00462199 0.00404605 0.999981 0.379455
0.999751 -0.0220403 0.00357763 -16.6784 0.0220534 0.99975 -0.00366536 -0.26456 -0.00349595 0.00374334 0.999987 0.391183
0.999764 -0.0214931 0.00328506 -17.295 0.0215063 0.999761 -0.00401898 -0.279907 -0.00319789 0.00408868 0.999987 0.416875
0.999785 -0.020326 0.00402209 -17.8844 0.020344 0.999783 -0.00450523 -0.293393 -0.00392965 0.00458609 0.999982 0.425983
0.999803 -0.0191859 0.00513276 -18.4967 0.0192094 0.999805 -0.00457084 -0.314559 -0.00504406 0.00466854 0.999976 0.435203
0.999811 -0.0184991 0.00595725 -19.1186 0.0185247 0.999819 -0.00426538 -0.312613 -0.00587727 0.00437493 0.999973 0.451568
0.999823 -0.0177205 0.00626335 -19.7522 0.0177462 0.999834 -0.0040761 -0.320317 -0.00619008 0.00418653 0.999972 0.469906
0.999843 -0.0167563 0.00581456 -20.3855 0.0167809 0.99985 -0.00421008 -0.324719 -0.00574314 0.00430699 0.999974 0.487555
0.999868 -0.0152905 0.00554347 -21.0343 0.0153152 0.999873 -0.00445028 -0.331714 -0.00547471 0.00453459 0.999975 0.500452
0.999876 -0.0145387 0.00606252 -21.6963 0.0145646 0.999885 -0.00426269 -0.341015 -0.00599985 0.00435046 0.999973 0.510135
0.999881 -0.0139008 0.006621 -22.3421 0.0139279 0.999895 -0.00406348 -0.349764 -0.00656382 0.00415521 0.99997 0.534417
0.999894 -0.0127513 0.00708531 -23.0139 0.012781 0.99991 -0.00416424 -0.35759 -0.00703157 0.00425435 0.999966 0.552157
0.99991 -0.011451 0.00692074 -23.6862 0.0114832 0.999923 -0.00463625 -0.364874 -0.00686712 0.00471531 0.999965 0.56078
0.999923 -0.0108952 0.00589865 -24.3855 0.0109213 0.999931 -0.00440196 -0.365155 -0.00585029 0.00446604 0.999973 0.567067
0.999939 -0.010021 0.00462853 -25.0848 0.0100381 0.999943 -0.00368792 -0.361378 -0.00459131 0.00373416 0.999982 0.59891
0.999954 -0.00875004 0.00387174 -25.7964 0.00876164 0.999957 -0.00298888 -0.359249 -0.00384542 0.00302267 0.999988 0.624716
0.999963 -0.00769269 0.00386918 -26.5001 0.00770246 0.999967 -0.00251716 -0.36088 -0.00384969 0.00254687 0.999989 0.640655
0.999965 -0.00672547 0.00494076 -27.1978 0.00673633 0.999975 -0.00218651 -0.375208 -0.00492593 0.00221971 0.999985 0.666194
0.999963 -0.00599422 0.00613445 -27.9143 0.00600683 0.99998 -0.00203816 -0.37119 -0.00612211 0.00207493 0.999979 0.690586
0.999966 -0.00487654 0.00667496 -28.634 0.00489249 0.999985 -0.00237567 -0.37124 -0.00666328 0.00240825 0.999975 0.714329
0.999969 -0.00331157 0.00714512 -29.3649 0.003331 0.999991 -0.00270886 -0.375264 -0.00713608 0.00273258 0.999971 0.730279
0.999968 -0.00248291 0.00762332 -30.1139 0.00250459 0.999993 -0.00283504 -0.372748 -0.00761623 0.00285404 0.999967 0.741728
0.99998 -0.00152336 0.0061055 -30.8563 0.00154366 0.999993 -0.00332141 -0.370249 -0.0061004 0.00333077 0.999976 0.758992
0.999993 9.1403e-05 0.00384641 -31.6088 -7.68497e-05 0.999993 -0.00378357 -0.372426 -0.00384673 0.00378325 0.999985 0.777793
0.999997 0.0011537 0.00217522 -32.3617 -0.00114261 0.999986 -0.0050935 -0.377718 -0.00218107 0.005091 0.999985 0.80613
0.99999 0.00256959 0.00368813 -33.1089 -0.00254737 0.999979 -0.00601799 -0.370419 -0.00370352 0.00600853 0.999975 0.822625
0.999976 0.00379505 0.00571901 -33.8751 -0.00375457 0.999968 -0.00707206 -0.365867 -0.00574567 0.00705042 0.999959 0.844882
0.999959 0.00479705 0.0076335 -34.6423 -0.00474876 0.999969 -0.00633178 -0.357714 -0.00766364 0.00629527 0.999951 0.853641
0.999961 0.00558283 0.00684678 -35.4041 -0.00555036 0.999973 -0.00475175 -0.342931 -0.00687312 0.00471357 0.999965 0.870806
0.99997 0.00613666 0.00466511 -36.193 -0.00611813 0.999973 -0.00397461 -0.331667 -0.00468938 0.00394595 0.999981 0.896435
0.999973 0.00676961 0.00277084 -36.9733 -0.00676032 0.999972 -0.00334844 -0.323585 -0.00279343 0.00332962 0.999991 0.915444
0.999981 0.00621408 0.000516813 -37.7748 -0.00621296 0.999978 -0.00214517 -0.327261 -0.000530132 0.00214192 0.999998 0.94384
0.999984 0.00569702 -0.000321055 -38.5647 -0.00569768 0.999982 -0.00211643 -0.320772 0.000308991 0.00211822 0.999998 0.977728
0.999985 0.0053296 0.00121123 -39.3542 -0.00532719 0.999984 -0.00198626 -0.300371 -0.00122179 0.00197977 0.999997 0.993309
0.999981 0.00476671 0.00401826 -40.1709 -0.00475637 0.999985 -0.00257776 -0.299254 -0.00403049 0.0025586 0.999989 1.00496
0.999973 0.00471331 0.00565179 -40.9708 -0.00469946 0.999986 -0.00246086 -0.302708 -0.00566331 0.00243424 0.999981 1.00824
0.999977 0.00436227 0.00511273 -41.7777 -0.0043533 0.999989 -0.00176406 -0.286558 -0.00512036 0.00174176 0.999985 1.03232
0.999984 0.00392978 0.00403355 -42.585 -0.00392568 0.999992 -0.001023 -0.280412 -0.00403754 0.00100715 0.999991 1.06659
0.999987 0.00405275 0.0032215 -43.3961 -0.00404996 0.999991 -0.000871048 -0.278202 -0.003225 0.00085799 0.999994 1.10256
0.999991 0.00358965 0.00246615 -44.2116 -0.00358741 0.999993 -0.000913694 -0.28186 -0.00246942 0.000904839 0.999997 1.11416
0.999996 0.00292255 0.000490172 -45.0313 -0.00292213 0.999995 -0.0008561 -0.277593 -0.000492671 0.000854664 1 1.12089
0.999993 0.00227372 -0.00293432 -45.8478 -0.00227455 0.999997 -0.000277808 -0.259931 0.00293368 0.000284481 0.999996 1.13301
0.999979 0.00249896 -0.00590793 -46.6537 -0.00249883 0.999997 2.93436e-05 -0.263356 0.00590799 -1.45801e-05 0.999983 1.16685
0.999986 0.00241741 -0.00465236 -47.4711 -0.00241764 0.999997 -4.24023e-05 -0.264385 0.00465224 5.36494e-05 0.999989 1.19505
0.999998 0.00194772 -0.000270914 -48.2854 -0.00194799 0.999998 -0.000993379 -0.264225 0.000268978 0.000993905 0.999999 1.21155
0.999983 0.00183509 0.00561113 -49.085 -0.00182442 0.999997 -0.00190564 -0.262031 -0.0056146 0.00189537 0.999982 1.21871
0.999964 0.00153748 0.00828965 -49.8903 -0.00152107 0.999997 -0.00198631 -0.2505 -0.00829267 0.00197363 0.999964 1.22744
0.999985 0.00116513 0.00535503 -50.6834 -0.00115983 0.999999 -0.000993366 -0.238992 -0.00535618 0.00098714 0.999985 1.24508
0.999999 0.0011658 -0.000369539 -51.4807 -0.00116585 0.999999 -0.000132743 -0.248853 0.000369384 0.000133173 1 1.29699
0.999992 0.00136931 -0.00362954 -52.2778 -0.0013694 0.999999 -2.41815e-05 -0.249072 0.0036295 2.91516e-05 0.999993 1.3233
0.999993 0.00121628 -0.00362754 -53.0753 -0.0012157 0.999999 0.000162859 -0.244903 0.00362773 -0.000158448 0.999993 1.33102
0.999998 0.00086699 -0.00173984 -53.8634 -0.000865795 0.999999 0.000687698 -0.234378 0.00174044 -0.00068619 0.999998 1.34379
1 0.000666358 0.000330707 -54.6376 -0.000666571 1 0.000645266 -0.231697 -0.000330277 -0.000645486 1 1.36702
0.999997 0.00091167 0.00230189 -55.4182 -0.000913235 0.999999 0.000679183 -0.226134 -0.00230126 -0.000681283 0.999997 1.39857
0.999991 0.000643719 0.00415604 -56.1946 -0.000643392 1 -7.99464e-05 -0.232501 -0.00415609 7.72717e-05 0.999991 1.42348
0.999983 0.000960888 0.00572912 -56.9543 -0.000956613 0.999999 -0.000748976 -0.231764 -0.00572983 0.000743483 0.999983 1.4314
0.999986 0.000830638 0.0052625 -57.7207 -0.000825769 0.999999 -0.000927349 -0.235113 -0.00526327 0.00092299 0.999986 1.44998
0.999996 0.000740818 0.0026611 -58.4931 -0.000739804 1 -0.000381963 -0.22609 -0.00266139 0.000379993 0.999996 1.46525
0.999997 0.00100445 -0.00208628 -59.2633 -0.00100506 0.999999 -0.000289301 -0.223801 0.00208599 0.000291397 0.999998 1.50367
0.999992 0.0010105 -0.00394207 -60.0139 -0.00101112 0.999999 -0.000156665 -0.222019 0.00394191 0.000160649 0.999992 1.53852
0.999995 0.00114514 -0.00291647 -60.76 -0.0011437 0.999999 0.000494957 -0.217361 0.00291703 -0.000491619 0.999996 1.5488
0.999999 0.00130253 -0.000758043 -61.5176 -0.00130231 0.999999 0.000284043 -0.208099 0.000758412 -0.000283056 1 1.58233
0.999993 0.00170128 0.00339641 -62.259 -0.00169849 0.999998 -0.00082623 -0.211878 -0.00339781 0.000820455 0.999994 1.60819
0.999972 0.00231244 0.007053 -62.9956 -0.00229263 0.999993 -0.00281582 -0.21253 -0.00705947 0.00279958 0.999971 1.62475
0.999957 0.00310998 0.00871664 -63.7351 -0.0030724 0.999986 -0.00432123 -0.207289 -0.00872996 0.00429426 0.999953 1.63882
0.999959 0.00403411 0.00808654 -64.4647 -0.00399906 0.999983 -0.00434661 -0.208717 -0.00810393 0.00431409 0.999958 1.65332
0.999974 0.00540404 0.00484249 -65.1979 -0.00538469 0.999977 -0.00400126 -0.205584 -0.004864 0.00397508 0.99998 1.68229
0.999977 0.00650024 0.00214612 -65.9304 -0.00649082 0.999969 -0.00437159 -0.19935 -0.00217447 0.00435756 0.999988 1.71325
0.99997 0.00731326 0.00272172 -66.6476 -0.00730054 0.999963 -0.00465431 -0.18964 -0.00275565 0.0046343 0.999985 1.73025
0.999954 0.00825868 0.0049002 -67.3668 -0.0082369 0.999956 -0.00444864 -0.177361 -0.00493673 0.00440807 0.999978 1.74926
0.999943 0.00889682 0.00583526 -68.0846 -0.00886941 0.99995 -0.0047071 -0.169905 -0.00587685 0.00465508 0.999972 1.77899
0.999936 0.00999081 0.00534894 -68.8109 -0.00996129 0.999935 -0.00551687 -0.173763 -0.00540371 0.00546324 0.99997 1.79297
0.999936 0.0108255 0.00324073 -69.5388 -0.0108019 0.999916 -0.00719167 -0.165974 -0.00331831 0.0071562 0.999969 1.81773
0.999935 0.0113167 0.00150757 -70.269 -0.0113037 0.999901 -0.00837844 -0.146365 -0.00160224 0.00836086 0.999964 1.82692
0.999927 0.0120714 0.00106014 -70.9911 -0.012062 0.999892 -0.00839945 -0.131757 -0.00116142 0.00838604 0.999964 1.84686
0.999919 0.0126486 0.00141693 -71.709 -0.012637 0.999889 -0.0079054 -0.130153 -0.00151676 0.00788685 0.999968 1.87472
0.999912 0.0130946 0.00227535 -72.424 -0.0130751 0.99988 -0.00835808 -0.126982 -0.00238452 0.00832759 0.999962 1.90722
0.999896 0.0137646 0.00422655 -73.1442 -0.0137215 0.999855 -0.0100553 -0.117132 -0.00436434 0.00999622 0.999941 1.92471
0.999887 0.0142792 0.00469872 -73.8599 -0.014227 0.999839 -0.0109637 -0.110628 -0.00485451 0.0108956 0.999929 1.92753
0.999893 0.0144008 0.00268857 -74.594 -0.0143711 0.999839 -0.0107489 -0.0928284 -0.00284293 0.0107091 0.999939 1.93231
0.999893 0.0145765 -0.00128647 -75.3241 -0.0145884 0.999846 -0.00974605 -0.0808158 0.0011442 0.00976377 0.999952 1.95161
0.999861 0.0152925 -0.00659973 -76.0335 -0.0153499 0.999844 -0.00872608 -0.0634334 0.00646526 0.00882617 0.99994 1.95674
0.999822 0.0159078 -0.0101749 -76.7667 -0.0159741 0.999852 -0.00646033 -0.0436487 0.0100706 0.00662171 0.999927 1.98913
0.99981 0.0167764 -0.00990618 -77.4899 -0.0168303 0.999844 -0.00538521 -0.0224653 0.00981429 0.00555092 0.999936 2.02599
0.999841 0.0172191 -0.00452976 -78.2065 -0.0172472 0.999832 -0.0062492 -0.0153077 0.00442139 0.00632633 0.99997 2.05376
0.999837 0.0174103 0.00472344 -78.9152 -0.0173717 0.999816 -0.00809147 0.000614931 -0.00486345 0.0080081 0.999956 2.06395
0.999758 0.0174269 0.013419 -79.6326 -0.017298 0.999804 -0.00966086 0.0114686 -0.0135847 0.0094264 0.999863 2.07505
0.999709 0.0178737 0.016226 -80.356 -0.0177124 0.999793 -0.0100302 0.020615 -0.0164019 0.00973985 0.999818 2.08255
0.999753 0.0184662 0.0123304 -81.0879 -0.018336 0.999776 -0.0105875 0.0359547 -0.0125231 0.0103588 0.999868 2.11602
0.999808 0.0189236 0.00507339 -81.818 -0.0188602 0.999747 -0.01227 0.0471999 -0.0053043 0.012172 0.999912 2.15176
0.999805 0.0196435 0.00219764 -82.5593 -0.0196121 0.999717 -0.013499 0.0532774 -0.00246218 0.0134533 0.999906 2.1693
0.999783 0.0201176 0.00537936 -83.2891 -0.0200405 0.999701 -0.0140206 0.0627889 -0.00565981 0.0139097 0.999887 2.1888
0.999592 0.0203834 0.0200223 -83.9911 -0.0201935 0.99975 -0.00964025 0.0934984 -0.0202138 0.00923199 0.999753 2.21629
0.999091 0.0203721 0.0374322 -84.6893 -0.0202828 0.99979 -0.00276243 0.123487 -0.0374807 0.00200069 0.999295 2.24995
0.998854 0.0209914 0.0430201 -85.4162 -0.0211113 0.999774 0.00233406 0.15624 -0.0429614 -0.0032396 0.999071 2.3246
0.999308 0.022458 0.0296445 -86.1631 -0.0225332 0.999744 0.0022053 0.173682 -0.0295874 -0.00287176 0.999558 2.34365
0.999706 0.024094 -0.00264265 -86.9392 -0.0240999 0.999707 -0.00219071 0.195289 0.00258909 0.00225375 0.999994 2.32377
0.999112 0.0251428 -0.0338181 -87.6939 -0.0253117 0.999669 -0.00457636 0.218384 0.0336919 0.00542829 0.999418 2.31441
0.998627 0.0262195 -0.0453466 -88.4128 -0.026565 0.999622 -0.00703235 0.236187 0.0451451 0.00822733 0.998947 2.38352
0.999171 0.0276005 -0.0299105 -89.1384 -0.0278977 0.999565 -0.00956565 0.246765 0.0296335 0.0103922 0.999507 2.43834
0.999569 0.0291948 0.00302274 -89.8603 -0.0291604 0.999516 -0.0108433 0.263189 -0.00333785 0.0107504 0.999937 2.40688
0.999229 0.0307981 0.0243501 -90.6017 -0.0304965 0.999455 -0.0126617 0.30433 -0.0247267 0.0119094 0.999623 2.38279
0.999185 0.0329457 0.0233056 -91.3348 -0.0326323 0.999373 -0.0137023 0.331394 -0.0237425 0.0129306 0.999634 2.39071
0.999324 0.0351975 0.0106568 -92.0926 -0.0350518 0.999293 -0.0135689 0.364411 -0.0111269 0.0131862 0.999851 2.42356
0.999323 0.0367653 0.00162761 -92.8751 -0.0367438 0.999256 -0.0116981 0.392142 -0.00205648 0.0116304 0.99993 2.46915
0.999269 0.0382107 0.000854815 -93.6242 -0.0382004 0.999221 -0.00987906 0.425044 -0.00123163 0.00983919 0.999951 2.51186
0.999202 0.0395972 0.00516402 -94.3656 -0.039547 0.999173 -0.00949833 0.453162 -0.00553585 0.00928654 0.999942 2.5284
0.999109 0.0413045 0.00861466 -95.1277 -0.0412286 0.999111 -0.00880904 0.486299 -0.00897085 0.00844603 0.999924 2.53194
0.999044 0.0428548 0.00864344 -95.905 -0.0427983 0.999062 -0.006621 0.529767 -0.00891907 0.00624474 0.999941 2.54184
0.998973 0.0449836 0.00541033 -96.6702 -0.044957 0.998977 -0.00493634 0.577571 -0.00562685 0.00468803 0.999973 2.583
0.998893 0.0469931 0.00213058 -97.4452 -0.0469798 0.998878 -0.00592578 0.614054 -0.00240666 0.00581913 0.99998 2.63308
0.998812 0.0486871 0.00226882 -98.219 -0.0486671 0.998782 -0.00815151 0.65018 -0.00266293 0.0080314 0.999964 2.64241
0.99875 0.0497863 0.00446422 -99.0017 -0.0497451 0.998722 -0.00890697 0.690171 -0.00490197 0.00867376 0.99995 2.62994
0.998673 0.0511317 0.00617289 -99.776 -0.0510884 0.99867 -0.0069898 0.73452 -0.00652208 0.00666516 0.999957 2.64779
0.998544 0.0535815 0.00625608 -100.558 -0.0535537 0.998555 -0.00452823 0.78906 -0.00648967 0.0041866 0.99997 2.6906
0.998425 0.0557061 0.00659843 -101.368 -0.0556775 0.998439 -0.00444362 0.837029 -0.00683566 0.00406924 0.999968 2.74129
0.998294 0.0578168 0.00811643 -102.166 -0.0577703 0.998313 -0.0058544 0.872609 -0.00844122 0.00537552 0.99995 2.76062
0.998156 0.0597953 0.0104424 -102.97 -0.0597076 0.99818 -0.00851448 0.925306 -0.0109325 0.00787529 0.999909 2.78296
0.998034 0.0613458 0.0128014 -103.764 -0.0612109 0.998068 -0.0106714 0.978591 -0.0134313 0.00986679 0.999861 2.7962
0.997937 0.062979 0.0124572 -104.55 -0.0628451 0.997964 -0.0108625 1.03683 -0.0131159 0.0100573 0.999863 2.81537
0.997863 0.0648072 0.0082936 -105.381 -0.0647229 0.997853 -0.0100595 1.08671 -0.00892772 0.00950123 0.999915 2.84413
0.997708 0.067647 0.00175907 -106.198 -0.0676264 0.997662 -0.00988447 1.14184 -0.00242362 0.00974285 0.99995 2.87179
0.997542 0.0700165 -0.00277008 -107.019 -0.0700413 0.997492 -0.0101833 1.21387 0.00205013 0.0103523 0.999944 2.90274
0.997394 0.0721323 -0.00140308 -107.842 -0.0721438 0.997326 -0.0116783 1.26537 0.00055695 0.0117491 0.999931 2.92133
0.997222 0.0742914 0.00536843 -108.66 -0.0742138 0.997152 -0.01344 1.33152 -0.00635162 0.0130042 0.999895 2.9382
0.996999 0.0762658 0.0133141 -109.475 -0.0760643 0.99699 -0.015036 1.40155 -0.0144207 0.0139782 0.999798 2.96952
0.996745 0.078432 0.0186605 -110.295 -0.0781459 0.99682 -0.0155955 1.46553 -0.0198243 0.0140865 0.999704 2.99434
0.99655 0.0812054 0.0171375 -111.132 -0.080939 0.996595 -0.0157091 1.5368 -0.0183548 0.0142678 0.99973 3.02736
0.996447 0.0835595 0.0105236 -111.981 -0.0833847 0.996388 -0.016081 1.61805 -0.0118293 0.0151463 0.999815 3.05333
0.996247 0.0864495 0.00439763 -112.825 -0.086377 0.996155 -0.0146355 1.70057 -0.00564595 0.0142007 0.999883 3.06489
0.99605 0.0887883 0.00137034 -113.667 -0.088764 0.995972 -0.0126835 1.77987 -0.00249097 0.0125118 0.999919 3.09026
0.995813 0.0914009 0.00131061 -114.505 -0.0913837 0.995767 -0.00985072 1.85881 -0.00220543 0.00968971 0.999951 3.12198
0.995608 0.0935277 0.00417154 -115.362 -0.0934816 0.995569 -0.0101413 1.93743 -0.00510155 0.00970678 0.99994 3.18224
0.995311 0.09602 0.0116475 -116.209 -0.0958481 0.99529 -0.0145206 2.02131 -0.0129869 0.0133361 0.999827 3.21535
0.995044 0.0973651 0.0201884 -117.062 -0.097057 0.995155 -0.0157204 2.11141 -0.0216212 0.0136831 0.999673 3.20534
0.994895 0.0984999 0.0219412 -117.908 -0.0982262 0.995076 -0.0132212 2.19586 -0.0231354 0.0109985 0.999672 3.24018
0.994776 0.100524 0.0177406 -118.76 -0.100343 0.994894 -0.0107985 2.28798 -0.0187355 0.00896193 0.999784 3.30442
0.994696 0.102026 0.0130226 -119.63 -0.101906 0.994748 -0.0095475 2.37678 -0.0139283 0.00816978 0.99987 3.34267
0.994528 0.103607 0.0134327 -120.489 -0.103461 0.994571 -0.0111331 2.46491 -0.0145133 0.00968241 0.999848 3.3746
0.994346 0.104773 0.0172984 -121.334 -0.104546 0.994428 -0.0135427 2.55117 -0.0186209 0.0116576 0.999759 3.40984
0.994198 0.105787 0.0195056 -122.182 -0.105516 0.994313 -0.0143969 2.64775 -0.0209176 0.0122552 0.999706 3.42035
0.994114 0.107132 0.0161057 -123.05 -0.106942 0.99419 -0.0122634 2.75203 -0.017326 0.0104688 0.999795 3.45391
0.994078 0.108503 0.0059416 -123.921 -0.108449 0.994063 -0.00877286 2.84138 -0.00685821 0.00807655 0.999944 3.4989
0.993857 0.110629 -0.00312021 -124.802 -0.110651 0.993829 -0.00780091 2.95467 0.00223794 0.00809825 0.999965 3.53082
0.993651 0.112435 -0.00392493 -125.646 -0.112465 0.99362 -0.00842542 3.04662 0.00295257 0.00881334 0.999957 3.53556
0.993526 0.113573 0.00268392 -126.505 -0.113545 0.993494 -0.00874052 3.1447 -0.00365914 0.00837919 0.999958 3.54465
0.993368 0.114614 0.0091814 -127.36 -0.114542 0.993385 -0.00809946 3.25118 -0.010049 0.00699409 0.999925 3.59261
0.993166 0.116169 0.0112182 -128.219 -0.116076 0.993203 -0.00857386 3.34664 -0.012138 0.0072131 0.9999 3.6386
0.99299 0.117794 0.00972436 -129.092 -0.117693 0.992996 -0.0103463 3.4575 -0.010875 0.00912933 0.999899 3.67016
0.992824 0.119396 0.00668888 -129.96 -0.119319 0.992796 -0.0109278 3.57547 -0.00794543 0.0100513 0.999918 3.66519
0.992684 0.120709 0.00294549 -130.843 -0.120673 0.99264 -0.0101396 3.67585 -0.00414775 0.00970997 0.999944 3.68174
0.99253 0.121993 0.00109048 -131.723 -0.121982 0.992504 -0.00743666 3.79119 -0.00198953 0.00724809 0.999972 3.71055
0.992345 0.123471 0.0026583 -132.594 -0.123456 0.992337 -0.00516645 3.90684 -0.00327583 0.00479872 0.999983 3.74751
0.992156 0.124837 0.00656423 -133.47 -0.124804 0.992168 -0.00515797 4.0317 -0.00715672 0.00429827 0.999965 3.7898
0.991934 0.126373 0.0098652 -134.351 -0.126328 0.991975 -0.00508388 4.14363 -0.0104285 0.00379661 0.999938 3.80545
0.991808 0.12745 0.0086102 -135.226 -0.127414 0.991839 -0.00462453 4.26554 -0.00912932 0.00348959 0.999952 3.82806
0.991722 0.12831 0.0048428 -136.103 -0.128291 0.991728 -0.00415056 4.3764 -0.0053353 0.00349492 0.99998 3.85666
0.991576 0.129493 0.00279121 -137.005 -0.129481 0.991572 -0.0043738 4.49973 -0.00333407 0.00397555 0.999987 3.89319
0.991494 0.130132 0.00248084 -137.885 -0.130118 0.991485 -0.00515329 4.61439 -0.00313032 0.00478665 0.999984 3.92833
0.991483 0.130199 0.0031017 -138.766 -0.130181 0.991476 -0.00527267 4.7268 -0.00376176 0.00482398 0.999981 3.9388
0.991514 0.129964 0.00313382 -139.652 -0.129946 0.991506 -0.0054452 4.84041 -0.00381488 0.00499177 0.99998 3.96245
0.991536 0.129744 0.00471971 -140.537 -0.129715 0.991533 -0.00602149 4.9582 -0.005461 0.00535831 0.999971 3.99395
0.991535 0.129649 0.00707791 -141.411 -0.129596 0.991538 -0.00755752 5.06977 -0.00799784 0.00657628 0.999946 4.02106
0.991563 0.129316 0.00892346 -142.304 -0.12925 0.991583 -0.0075671 5.19006 -0.0098269 0.0063499 0.999932 4.02549
0.991596 0.129055 0.00900936 -143.206 -0.129002 0.991624 -0.0063 5.31446 -0.00974695 0.00508484 0.99994 4.06429
0.991595 0.129094 0.00858671 -144.089 -0.129042 0.991619 -0.00639314 5.42089 -0.00934006 0.00523135 0.999943 4.12582
0.991579 0.129205 0.00878149 -144.974 -0.129145 0.9916 -0.00712254 5.52979 -0.00962799 0.00592848 0.999936 4.1545
0.991652 0.128678 0.00831051 -145.86 -0.128615 0.991664 -0.00775569 5.64889 -0.00923922 0.00662209 0.999935 4.15742
0.991737 0.12813 0.00638334 -146.765 -0.128077 0.991732 -0.00805206 5.77295 -0.00736227 0.00716797 0.999947 4.18429
0.991768 0.127948 0.00503842 -147.655 -0.127902 0.991751 -0.0084706 5.88892 -0.00608064 0.00775644 0.999951 4.22812
0.991717 0.128293 0.00617429 -148.514 -0.128234 0.991701 -0.00918144 6.00018 -0.00730097 0.00831363 0.999939 4.27518
0.991758 0.127834 0.00865294 -149.405 -0.12775 0.991759 -0.00965895 6.11113 -0.00981638 0.00847392 0.999916 4.29319
0.99179 0.127593 0.00846895 -150.297 -0.127517 0.991796 -0.00899392 6.23295 -0.00954703 0.00784015 0.999924 4.31471
0.991858 0.127173 0.00672986 -151.184 -0.12711 0.991847 -0.00907022 6.35587 -0.00782848 0.00814094 0.999936 4.35945
0.991891 0.126884 0.00727004 -152.06 -0.126818 0.991886 -0.00895714 6.4659 -0.00834756 0.00796254 0.999933 4.38487
0.991887 0.126717 0.010154 -152.916 -0.12665 0.991923 -0.00698484 6.57249 -0.010957 0.00564217 0.999924 4.39642
0.991952 0.126152 0.0108061 -153.793 -0.126102 0.992004 -0.00518557 6.68851 -0.0113738 0.00378117 0.999928 4.43381
0.991958 0.126304 0.00816753 -154.665 -0.126276 0.991988 -0.00385912 6.81277 -0.00858951 0.00279672 0.999959 4.49214
0.991976 0.126281 0.00598257 -155.524 -0.126263 0.991991 -0.0033579 6.91835 -0.0063587 0.00257559 0.999976 4.52031
0.992034 0.125808 0.00646958 -156.384 -0.12579 0.992052 -0.0030045 7.02788 -0.00679615 0.00216675 0.999975 4.53633
0.992071 0.125427 0.00795824 -157.237 -0.125405 0.9921 -0.0031983 7.1346 -0.00829653 0.00217493 0.999963 4.57393
0.992071 0.12532 0.0095229 -158.093 -0.125293 0.992114 -0.00333022 7.25013 -0.00986515 0.00211066 0.999949 4.60188
0.99209 0.125085 0.0104943 -158.939 -0.125055 0.992144 -0.00354578 7.3609 -0.0108553 0.00220538 0.999939 4.6272
0.992123 0.124826 0.010543 -159.778 -0.124793 0.992176 -0.00370854 7.45858 -0.0109235 0.00236363 0.999938 4.66239
0.992162 0.124627 0.00912479 -160.627 -0.124599 0.9922 -0.00366496 7.56763 -0.00951037 0.00249929 0.999952 4.69106
0.992199 0.124413 0.0078935 -161.476 -0.124383 0.992226 -0.00413884 7.66441 -0.00834706 0.00312473 0.99996 4.70855
0.992195 0.124532 0.00634424 -162.325 -0.12451 0.992211 -0.00374545 7.7774 -0.00676126 0.0029263 0.999973 4.73267
0.992236 0.124267 0.00499727 -163.164 -0.124254 0.992247 -0.00277461 7.89879 -0.00530331 0.00213214 0.999984 4.76666
0.99229 0.123874 0.00407651 -163.99 -0.123866 0.992297 -0.00215833 8.00381 -0.00431247 0.00163675 0.999989 4.81212
0.992319 0.123634 0.00419172 -164.815 -0.123623 0.992325 -0.00276434 8.09394 -0.00450132 0.00222492 0.999987 4.83903
0.992328 0.123486 0.00594785 -165.648 -0.123467 0.992343 -0.00347782 8.19842 -0.00633177 0.00271678 0.999976 4.85282
0.992325 0.123433 0.00746151 -166.468 -0.12341 0.99235 -0.00349104 8.31305 -0.00783534 0.00254342 0.999966 4.87287
0.992377 0.123012 0.00747435 -167.282 -0.122992 0.992403 -0.00301652 8.42801 -0.00778863 0.00207424 0.999968 4.91116
0.992383 0.123002 0.00680557 -168.102 -0.122991 0.992406 -0.00212926 8.52214 -0.00701579 0.00127602 0.999975 4.94187
0.992348 0.123247 0.00751542 -168.908 -0.123234 0.992375 -0.00218074 8.61003 -0.00772688 0.0012379 0.999969 4.97406
0.992333 0.123182 0.0100181 -169.707 -0.123164 0.992383 -0.00245943 8.71465 -0.0102448 0.00120671 0.999947 4.99498
0.992371 0.12272 0.0118422 -170.512 -0.122701 0.992441 -0.0022633 8.81857 -0.0120304 0.000792977 0.999927 5.03694
0.992366 0.122737 0.012094 -171.311 -0.122718 0.992439 -0.00227868 8.91256 -0.0122822 0.000777128 0.999924 5.07899
0.992389 0.122657 0.0109366 -172.108 -0.122635 0.992448 -0.00269248 9.01346 -0.0111843 0.00133078 0.999937 5.10949
0.992441 0.122366 0.0093237 -172.911 -0.122328 0.992479 -0.00450326 9.11293 -0.00980463 0.00332867 0.999946 5.12535
0.992476 0.122137 0.00862131 -173.711 -0.122092 0.992503 -0.00552714 9.21259 -0.00923175 0.00443296 0.999948 5.13471
0.992487 0.12215 0.00706591 -174.493 -0.122108 0.992499 -0.00601479 9.31964 -0.00774761 0.00510679 0.999957 5.18123
0.992467 0.122318 0.00696093 -175.279 -0.122277 0.992478 -0.0060417 9.41354 -0.00764758 0.00514502 0.999958 5.21338
0.992436 0.12252 0.00776078 -176.064 -0.12247 0.99245 -0.00659703 9.50287 -0.00851046 0.00559666 0.999948 5.24621
0.992482 0.12209 0.00857078 -176.835 -0.122025 0.992497 -0.00768229 9.59464 -0.0094444 0.00657868 0.999934 5.27219
0.992478 0.121961 0.0106348 -177.611 -0.121874 0.992509 -0.00850042 9.69523 -0.0115918 0.00714038 0.999907 5.30057
0.99251 0.121536 0.0123459 -178.389 -0.121434 0.992561 -0.00870235 9.79122 -0.0133117 0.00713796 0.999886 5.33376
0.992529 0.121286 0.0132817 -179.157 -0.121174 0.992591 -0.00896592 9.88273 -0.0142708 0.00728953 0.999872 5.37406
0.992534 0.121103 0.0144862 -179.94 -0.12095 0.992597 -0.0110366 9.97907 -0.0157155 0.00920208 0.999834 5.40201
0.992563 0.12087 0.0144497 -180.718 -0.120685 0.992605 -0.0130372 10.0628 -0.0159187 0.0111964 0.999811 5.41789
0.992615 0.120567 0.0133565 -181.496 -0.120348 0.992601 -0.016144 10.1469 -0.0152041 0.0144174 0.99978 5.45584
0.992535 0.120283 0.020166 -182.282 -0.11995 0.992634 -0.0170163 10.2419 -0.0220642 0.0144703 0.999652 5.48178
0.99223 0.120013 0.0328224 -183.039 -0.11958 0.992713 -0.014853 10.344 -0.0343658 0.0108127 0.999351 5.51439
0.99196 0.119627 0.0412812 -183.8 -0.119398 0.992814 -0.00796732 10.4492 -0.0419376 0.00297438 0.999116 5.56906
0.992254 0.119388 0.0343353 -184.583 -0.119373 0.992846 -0.00249705 10.5612 -0.0343878 -0.00162099 0.999407 5.65343
0.992724 0.11971 0.012981 -185.376 -0.119674 0.992807 -0.00346875 10.6594 -0.0133029 0.00189002 0.99991 5.70501
0.992585 0.120703 -0.0143388 -186.205 -0.120776 0.99267 -0.00435842 10.7402 0.0137077 0.00605789 0.999888 5.63565
0.992095 0.121287 -0.0322032 -187.022 -0.12143 0.992597 -0.00250887 10.8385 0.0316605 0.00639945 0.999478 5.61851
0.992141 0.122209 -0.0268493 -187.797 -0.122278 0.992495 -0.000935308 10.9434 0.0265335 0.00421104 0.999639 5.6944
0.992383 0.12317 0.00216312 -188.563 -0.123159 0.992376 -0.00457167 11.0432 -0.00270972 0.00427044 0.999987 5.77968
0.991765 0.123415 0.0342102 -189.323 -0.123088 0.992329 -0.0115127 11.1324 -0.0353686 0.00720707 0.999348 5.77822
0.991279 0.123521 0.0459271 -190.105 -0.123037 0.992314 -0.0132247 11.2375 -0.0472076 0.00745864 0.998857 5.74332
0.991834 0.123542 0.0316685 -190.919 -0.123327 0.992328 -0.00865 11.3525 -0.0324942 0.00467378 0.999461 5.78485
0.992165 0.124393 0.0116187 -191.738 -0.124369 0.992232 -0.00276646 11.4666 -0.0118725 0.00129979 0.999929 5.84133
0.992085 0.125566 -0.000664539 -192.559 -0.125565 0.992084 0.00169011 11.5605 0.000871499 -0.00159329 0.999998 5.88846
0.992028 0.12598 -0.00311833 -193.368 -0.125978 0.992033 0.00107415 11.6631 0.00322881 -0.000672747 0.999995 5.94051
0.992029 0.125953 0.00378312 -194.163 -0.125943 0.992033 -0.00288185 11.7609 -0.00411596 0.00238242 0.999989 5.95484
0.992035 0.12509 0.014823 -194.973 -0.12502 0.992139 -0.00557028 11.8647 -0.0154033 0.00367273 0.999875 5.92409
0.992065 0.124267 0.0190822 -195.782 -0.124226 0.992248 -0.00334154 11.9787 -0.0193495 0.000944521 0.999812 5.94481
0.992092 0.124717 0.0141432 -196.585 -0.124744 0.992188 0.00106548 12.0864 -0.0138998 -0.00282133 0.999899 6.00809
0.992075 0.125429 0.00738453 -197.419 -0.125451 0.992096 0.00264861 12.195 -0.00699395 -0.00355402 0.999969 6.06229
0.991986 0.125954 0.010007 -198.264 -0.125975 0.992032 0.00149294 12.3003 -0.00973918 -0.0027416 0.999949 6.07115
0.991909 0.125519 0.0190043 -199.074 -0.125557 0.992086 0.000848565 12.392 -0.0187474 -0.00322782 0.999819 6.09243
0.991876 0.124751 0.0249045 -199.879 -0.124814 0.99218 0.00101452 12.4961 -0.0245832 -0.00411473 0.999689 6.14414
0.991893 0.124983 0.02297 -200.701 -0.125049 0.99215 0.00145021 12.6103 -0.0226084 -0.00431083 0.999735 6.17314
0.992026 0.124986 0.0162254 -201.552 -0.125041 0.992149 0.00241467 12.7271 -0.0157962 -0.00442426 0.999865 6.20361
0.992045 0.125462 0.010319 -202.393 -0.125496 0.99209 0.00270428 12.8365 -0.00989813 -0.00397776 0.999943 6.24075
