1 0 0 0 0 1 0 0 0 0 1 0
1 3.20721e-05 1.1415e-05 0.00016088 -3.20723e-05 1 1.56665e-05 -0.000162915 -1.14145e-05 -1.56669e-05 1 -0.00168086
1 1.64775e-05 -4.68662e-05 0.00157245 -1.64777e-05 1 -2.87737e-06 -0.00137218 4.68661e-05 2.87815e-06 1 -0.00152168
1 8.58657e-06 -1.90788e-05 -0.000153951 -8.58653e-06 1 2.15765e-06 0.000643934 1.90788e-05 -2.15749e-06 1 0.000272513
1 -1.15318e-06 6.83992e-06 -0.00129746 1.15304e-06 1 2.15665e-05 0.00036484 -6.83994e-06 -2.15665e-05 1 0.000287959
1 1.31693e-05 -3.73603e-06 -0.00258455 -1.31693e-05 1 2.84357e-06 0.00134764 3.73607e-06 -2.84352e-06 1 -0.000574112
1 5.03826e-05 1.90751e-05 0.000428492 -5.03828e-05 1 8.69029e-06 -0.00343108 -1.90746e-05 -8.69125e-06 1 -0.0007639
1 7.06837e-05 1.3691e-05 0.00194791 -7.06838e-05 1 1.25207e-05 -0.000311076 -1.36901e-05 -1.25216e-05 1 -0.0015772
1 1.84466e-05 -4.91385e-06 -0.000323855 -1.84466e-05 1 -6.54485e-06 -0.000382816 4.91373e-06 6.54494e-06 1 -0.000758039
1 1.20825e-05 -1.10942e-05 0.000510042 -1.20824e-05 1 4.85942e-06 -0.00099309 1.10942e-05 -4.85929e-06 1 -0.000970608
1 4.55348e-05 -6.86968e-06 -0.000348132 -4.55349e-05 1 -4.40592e-06 -0.00216823 6.86948e-06 4.40624e-06 1 -0.000298041
1 1.72303e-05 -5.03572e-07 -0.00148476 -1.72303e-05 1 1.11025e-05 -0.00386211 5.03763e-07 -1.11025e-05 1 -0.00126846
1 -1.19681e-05 1.0638e-05 -0.00201295 1.19679e-05 1 1.42451e-05 0.00159946 -1.06382e-05 -1.4245e-05 1 -0.0019024
1 1.66784e-06 2.0365e-05 -0.00204857 -1.66819e-06 1 1.75285e-05 3.44425e-06 -2.0365e-05 -1.75285e-05 1 -0.00192926
1 2.08379e-05 6.29825e-06 -0.00172955 -2.08379e-05 1 4.59049e-06 0.00264083 -6.29816e-06 -4.59062e-06 1 -0.00123556
1 4.08065e-05 -1.24534e-05 0.00223671 -4.08066e-05 1 -2.66002e-06 -0.00163874 1.24533e-05 2.66053e-06 1 -0.00161547
1 2.31596e-05 -2.79681e-05 0.00278301 -2.31595e-05 1 2.93515e-06 -0.0015714 2.79682e-05 -2.9345e-06 1 -0.00130344
1 2.97681e-05 -4.349e-06 0.00341085 -2.97681e-05 1 6.75706e-06 0.00166901 4.3492e-06 -6.75693e-06 1 -0.000919035
1 5.07821e-05 3.24602e-06 0.00018135 -5.07821e-05 1 9.51451e-06 0.00174504 -3.24553e-06 -9.51468e-06 1 -0.000873492
1 2.68536e-05 -1.05347e-05 -0.00242326 -2.68535e-05 1 5.48404e-06 -0.00189277 1.05348e-05 -5.48376e-06 1 -0.00100833
1 1.06436e-05 -2.06096e-05 0.00132507 -1.06437e-05 1 -4.87902e-06 -0.00202606 2.06095e-05 4.87924e-06 1 -0.000949215
1 -1.08651e-07 -1.7183e-06 -0.00205483 1.0865e-07 1 -9.56631e-07 0.00167166 1.7183e-06 9.5663e-07 1 -0.000863496
1 1.32671e-05 5.60938e-06 -0.00250729 -1.32672e-05 1 5.76827e-06 0.00147785 -5.6093e-06 -5.76835e-06 1 -0.000107521
1 1.50785e-05 -2.02014e-06 -0.0013509 -1.50785e-05 1 1.91818e-05 0.00159806 2.02043e-06 -1.91817e-05 1 -0.000738757
1 7.36411e-06 -2.27393e-07 -0.0032036 -7.36411e-06 1 1.08756e-05 -0.00236595 2.27473e-07 -1.08756e-05 1 -0.000978914
1 1.88428e-05 -1.13323e-05 -0.00326061 -1.88428e-05 1 -2.18939e-06 -0.00548981 1.13322e-05 2.18961e-06 1 -0.000433657
1 1.49901e-05 9.75168e-06 -0.00491499 -1.49901e-05 1 6.67375e-06 0.00199961 -9.75158e-06 -6.67389e-06 1 -0.000443224
1 2.19592e-05 1.58072e-05 -0.00169646 -2.19592e-05 1 4.19731e-06 0.000361453 -1.58071e-05 -4.19766e-06 1 -0.00063398
1 2.40238e-05 -2.71228e-06 -0.000787895 -2.40238e-05 1 1.51771e-06 0.00124325 2.71232e-06 -1.51765e-06 1 -0.000638404
1 1.19129e-06 -4.23461e-06 -0.00255172 -1.19129e-06 1 -2.61391e-07 0.00204296 4.23461e-06 2.61396e-07 1 -0.000778787
1 -1.84657e-05 -6.07979e-06 -0.00137891 1.84656e-05 1 -7.49908e-06 0.00412137 6.07992e-06 7.49897e-06 1 -0.000660725
1 -1.11757e-05 -7.0423e-06 -0.00122334 1.11757e-05 1 2.42941e-07 0.00280817 7.0423e-06 -2.4302e-07 1 -0.000322379
1 8.75585e-06 -1.29381e-05 -0.00118245 -8.75576e-06 1 7.37491e-06 -0.0012042 1.29381e-05 -7.3748e-06 1 -0.000672637
1 -1.27884e-06 -2.52897e-05 -0.00142564 1.27893e-06 1 3.48108e-06 0.000423724 2.52897e-05 -3.48111e-06 1 -0.000918518
1 1.68182e-05 -2.04651e-05 -0.00356566 -1.68183e-05 1 -6.9746e-06 0.00503639 2.0465e-05 6.97495e-06 1 -0.000784698
1 -3.81909e-06 3.27267e-06 -0.00205561 3.81908e-06 1 3.20838e-06 0.0052453 -3.27269e-06 -3.20837e-06 1 -0.000892057
1 -3.19104e-05 -5.38843e-06 -0.00173152 3.19104e-05 1 -6.49453e-06 0.00382669 5.38864e-06 6.49436e-06 1 -0.000589609
1 -6.99499e-07 -2.06504e-05 -2.941e-06 6.99378e-07 1 -5.84069e-06 -0.00059447 2.06504e-05 5.84067e-06 1 -0.00015393
1 -2.32511e-05 4.54454e-07 -0.00620932 2.32511e-05 1 6.9464e-06 0.00541784 -4.54615e-07 -6.94639e-06 1 -0.000849123
1 4.68783e-06 -4.69893e-06 -0.00229843 -4.68785e-06 1 -3.46085e-06 0.00468637 4.69891e-06 3.46087e-06 1 -0.000671966
1 -6.33937e-06 -2.2722e-05 0.000349348 6.33933e-06 1 -1.76944e-06 0.00120981 2.2722e-05 1.7693e-06 1 -0.000508986
1 -1.24651e-05 -1.99479e-05 0.00146081 1.24652e-05 1 4.7937e-06 -0.00175136 1.99478e-05 -4.79395e-06 1 -0.000251659
1 3.12798e-05 -2.14139e-05 0.000600912 -3.12797e-05 1 3.22397e-06 0.00497203 2.1414e-05 -3.2233e-06 1 -0.000811413
1 2.93689e-05 -2.38793e-05 0.001292 -2.93692e-05 1 -1.39744e-05 0.00473232 2.38789e-05 1.39751e-05 1 -0.000440199
1 1.35336e-05 -5.0477e-06 -9.76755e-05 -1.35336e-05 1 -2.26939e-06 0.0016839 5.04767e-06 2.26946e-06 1 -0.000758957
1 1.02652e-05 -1.6864e-06 -0.00205963 -1.02652e-05 1 2.45569e-06 0.0034602 1.68642e-06 -2.45568e-06 1 -0.000935204
1 2.63529e-05 -1.78956e-05 0.000156753 -2.6353e-05 1 -2.74796e-06 -0.00134099 1.78955e-05 2.74844e-06 1 -0.000803131
1 1.98076e-05 -9.00518e-06 0.00140734 -1.98075e-05 1 1.59979e-05 0.00116473 9.0055e-06 -1.59977e-05 1 -0.000972118
1 2.95347e-06 -3.14084e-05 0.010412 -2.95349e-06 1 -6.69678e-07 0.000674694 3.14084e-05 6.69771e-07 1 0.000436598
1 3.33063e-05 2.0386e-05 0.0186996 -3.33064e-05 1 5.97883e-06 -0.00705868 -2.03858e-05 -5.97951e-06 1 0.00035314
1 5.25858e-05 3.35982e-05 0.0187287 -5.25862e-05 1 1.11853e-05 -0.00492951 -3.35976e-05 -1.11871e-05 1 0.000208668
1 2.8498e-05 4.27198e-05 0.00884832 -2.84981e-05 1 4.01557e-06 0.000367167 -4.27197e-05 -4.01679e-06 1 0.00100345
1 2.60361e-06 4.07649e-05 0.00238265 -2.60388e-06 1 6.66635e-06 -0.00640849 -4.07649e-05 -6.66646e-06 1 0.000127728
1 1.09423e-05 4.54835e-05 -0.00553455 -1.09427e-05 1 8.01277e-06 -0.00786018 -4.54834e-05 -8.01327e-06 1 0.000643805
1 -2.50772e-05 6.43623e-05 -0.0171066 2.50765e-05 1 1.07331e-05 -0.0104196 -6.43626e-05 -1.07315e-05 1 0.000749994
1 -0.000159341 0.000154782 -0.0384402 0.000159341 1 5.8235e-06 -0.0151028 -0.000154783 -5.79884e-06 1 0.00188066
1 -0.000242221 0.000269613 -0.0755133 0.000242216 1 2.12818e-05 -0.0161357 -0.000269619 -2.12165e-05 1 0.00327064
1 -0.000433865 0.000316528 -0.127143 0.000433862 1 7.85469e-06 -0.0113299 -0.000316531 -7.71736e-06 1 0.00331668
0.999999 -0.00119735 0.000286416 -0.214982 0.00119734 0.999999 7.78729e-06 -0.00745954 -0.000286425 -7.44435e-06 1 0.00296717
0.999999 -0.00145717 0.000392522 -0.306653 0.00145716 0.999999 2.35389e-05 -0.00115218 -0.000392556 -2.29669e-05 1 0.00297155
0.999999 -0.00112737 0.000492108 -0.383058 0.00112737 0.999999 -5.73649e-06 0.00435335 -0.000492101 6.29127e-06 1 0.00429977
1 -0.000285982 0.000436749 -0.481255 0.000285979 1 7.17134e-06 -0.0050154 -0.000436751 -7.04644e-06 1 0.00316908
1 -6.87071e-05 0.000558333 -0.582066 6.86915e-05 1 2.8006e-05 -0.0104853 -0.000558335 -2.79677e-05 1 0.00580006
1 -0.000672385 0.000710789 -0.702032 0.000672387 1 -2.88524e-06 -0.0129067 -0.000710787 3.36317e-06 1 0.00863901
1 -0.000538018 0.000756001 -0.845819 0.000538042 1 -3.03901e-05 -0.0274063 -0.000755984 3.07969e-05 1 0.00893684
1 -0.000361904 0.000696018 -0.988547 0.000361992 1 -0.000125898 -0.036931 -0.000695972 0.00012615 1 0.00621808
1 -0.000253648 0.000671514 -1.14472 0.000253871 1 -0.000332388 -0.0421723 -0.00067143 0.000332559 1 0.0115081
1 -0.000521973 0.000721742 -1.31829 0.000522322 1 -0.000483618 -0.0372861 -0.000721489 0.000483995 1 0.0142069
0.999999 -0.000642581 0.000797845 -1.53135 0.000643098 1 -0.000647363 -0.0538913 -0.000797428 0.000647876 0.999999 0.0151328
0.999999 -0.000731738 0.000950267 -1.71772 0.000732425 0.999999 -0.000722483 -0.0548447 -0.000949737 0.000723179 0.999999 0.0172344
0.999999 -0.000229807 0.00101002 -1.9429 0.000230905 0.999999 -0.00108736 -0.0401941 -0.00100977 0.00108759 0.999999 0.0268828
0.999999 0.000317925 0.000968725 -2.15691 -0.000316616 0.999999 -0.00135095 -0.0503699 -0.000969154 0.00135065 0.999999 0.0338997
1 -2.34548e-05 0.000865733 -2.40791 2.47953e-05 0.999999 -0.00154846 -0.0532577 -0.000865695 0.00154849 0.999998 0.0352514
1 -0.000225882 0.0008283 -2.67761 0.0002272 0.999999 -0.00159209 -0.0438861 -0.00082794 0.00159228 0.999998 0.0365367
0.999999 -0.000416096 0.00150775 -2.90808 0.00041844 0.999999 -0.00155463 -0.0409241 -0.0015071 0.00155525 0.999998 0.0481724
0.999994 -0.000642333 0.00340795 -3.17871 0.000646489 0.999999 -0.00121842 -0.0329443 -0.00340717 0.00122061 0.999993 0.0542588
0.999937 -0.000412552 0.0112192 -3.48748 0.000416838 1 -0.000379717 -0.0242369 -0.0112191 0.000384369 0.999937 0.0686805
0.999841 -0.000237653 0.0178287 -3.79529 0.000201826 0.999998 0.00201134 -0.00798987 -0.0178292 -0.00200742 0.999839 0.060837
0.999789 0.000867741 0.0205095 -4.06364 -0.000947035 0.999992 0.00385677 -0.0130663 -0.020506 -0.00387538 0.999782 0.0780285
0.999766 0.00142395 0.0216056 -4.39625 -0.00157843 0.999973 0.00713442 0.00259861 -0.0215948 -0.00716685 0.999741 0.0923667
0.999765 0.00112636 0.0216557 -4.76836 -0.00137732 0.999932 0.0115771 0.0104857 -0.0216412 -0.0116042 0.999698 0.103618
0.99981 0.00163799 0.0194191 -5.10903 -0.00190725 0.999902 0.0138553 0.0051065 -0.0193946 -0.0138897 0.999715 0.126952
0.999834 0.00188867 0.0181006 -5.48121 -0.00212924 0.99991 0.0132803 0.0223717 -0.0180739 -0.0133167 0.999748 0.147556
0.999894 0.00267756 0.0142849 -5.87278 -0.00282091 0.999946 0.0100239 0.00235361 -0.0142573 -0.0100631 0.999848 0.147418
0.999982 0.00406311 0.00432726 -6.26615 -0.00408565 0.999978 0.00521257 0.00355986 -0.00430599 -0.00523015 0.999977 0.126067
0.999939 0.00357869 -0.010433 -6.69159 -0.00355473 0.999991 0.00231477 -0.00640364 0.0104412 -0.00227754 0.999943 0.0978906
0.999744 0.0029425 -0.022439 -7.11577 -0.00287554 0.999991 0.00301556 0.0221671 0.0224477 -0.00295027 0.999744 0.0815186
0.999608 0.00280682 -0.0278633 -7.55412 -0.00256659 0.999959 0.0086535 0.0289538 0.0278865 -0.00857859 0.999574 0.0964847
0.999618 0.00271876 -0.0274928 -7.96879 -0.00235289 0.999908 0.0133313 0.021483 0.0275265 -0.0132615 0.999533 0.143933
0.999682 0.00293035 -0.0250496 -8.38656 -0.0025997 0.999909 0.0132223 0.0362153 0.0250861 -0.013153 0.999599 0.200094
0.999788 0.00309514 -0.0203383 -8.87409 -0.00295686 0.999972 0.00682575 0.0247797 0.0203588 -0.00676417 0.99977 0.203505
0.999896 0.0041172 -0.0138302 -9.31714 -0.00414236 0.99999 -0.00179123 0.0110965 0.0138227 0.00184833 0.999903 0.156938
0.999978 0.00497384 -0.00434862 -9.81315 -0.00499911 0.999971 -0.00581809 0.0292405 0.00431956 0.0058397 0.999974 0.101772
0.999986 0.00534448 0.00057326 -10.3103 -0.00534197 0.999976 -0.00430155 0.015523 -0.000596236 0.00429842 0.999991 0.093248
0.999987 0.00503955 -0.000414878 -10.7982 -0.00504 0.999987 -0.00108852 0.0285512 0.000409386 0.0010906 0.999999 0.123417
0.999976 0.00564672 -0.00394763 -11.301 -0.00564732 0.999984 -0.000140732 0.0552266 0.00394677 0.000163022 0.999992 0.161255
0.999958 0.00715138 -0.0057279 -11.8354 -0.00715678 0.999974 -0.000922516 0.0387622 0.00572116 0.000963471 0.999983 0.173389
0.999958 0.00793588 -0.00455228 -12.3639 -0.00794824 0.999965 -0.00270283 0.0157934 0.00453067 0.0027389 0.999986 0.169973
0.999965 0.00792388 -0.00254229 -12.9059 -0.00793262 0.999963 -0.00344309 0.0189175 0.00251491 0.00346314 0.999991 0.163981
0.999964 0.00830009 -0.00167581 -13.4561 -0.00830449 0.999962 -0.00263624 0.0467749 0.00165386 0.00265006 0.999995 0.160435
0.99996 0.00864709 -0.00213514 -14.0109 -0.00865104 0.999961 -0.0018484 0.0619996 0.00211907 0.0018668 0.999996 0.177548
0.999946 0.00998442 -0.00291541 -14.5858 -0.00999014 0.999948 -0.00195452 0.0593971 0.00289575 0.00198354 0.999994 0.192233
0.999938 0.0105859 -0.00347624 -15.1544 -0.0105928 0.999942 -0.00197617 0.0655655 0.00345512 0.00201287 0.999992 0.190817
0.999926 0.0112185 -0.00478405 -15.7242 -0.0112175 0.999937 0.000231189 0.0846641 0.00478634 -0.000177507 0.999989 0.184593
0.999903 0.0121719 -0.00679377 -16.2801 -0.0121372 0.999913 0.00512318 0.101198 0.00685554 -0.00504023 0.999964 0.214017
0.999869 0.0134274 -0.00898929 -16.8653 -0.0133666 0.999888 0.00678908 0.118629 0.00907944 -0.00666803 0.999937 0.239247
0.999844 0.0143777 -0.0102597 -17.4664 -0.0143295 0.999886 0.00475077 0.12898 0.0103268 -0.00460301 0.999936 0.258604
0.999838 0.015251 -0.00954536 -18.0488 -0.0152441 0.999883 0.000792586 0.11965 0.00955633 -0.000646947 0.999954 0.270422
0.999845 0.0160883 -0.00711362 -18.6236 -0.0161101 0.999866 -0.0030148 0.128049 0.00706416 0.00312893 0.99997 0.2489
0.999844 0.0167983 -0.00540809 -19.2138 -0.016814 0.999854 -0.00288313 0.145425 0.00535887 0.00297362 0.999981 0.222929
0.999836 0.0172335 -0.0056096 -19.8112 -0.0172232 0.99985 0.00188937 0.170311 0.00564131 -0.00179245 0.999982 0.248986
0.999788 0.0190125 -0.00793986 -20.3896 -0.018961 0.999799 0.00650357 0.197043 0.00806192 -0.00635164 0.999947 0.277273
0.999737 0.0209777 -0.00924648 -20.9857 -0.0209202 0.999761 0.0062759 0.208029 0.00937593 -0.00608081 0.999938 0.308999
0.999703 0.0228885 -0.00837437 -21.5981 -0.0228694 0.999736 0.00237281 0.208141 0.00842647 -0.00218059 0.999962 0.324256
0.999693 0.0239943 -0.00610584 -22.2024 -0.0240065 0.99971 -0.00193446 0.223488 0.00605766 0.00208045 0.999979 0.313779
0.999682 0.0250343 -0.00290987 -22.7813 -0.025048 0.999675 -0.00479855 0.24639 0.0027888 0.00486992 0.999984 0.294904
0.999683 0.0251613 9.90362e-05 -23.361 -0.0251606 0.999673 -0.00451988 0.265324 -0.00021273 0.00451596 0.99999 0.302554
0.999655 0.026256 0.000611247 -23.9606 -0.0262542 0.999652 -0.00268422 0.275145 -0.000681511 0.00266725 0.999996 0.333857
0.999599 0.0282546 -0.00185276 -24.5684 -0.0282595 0.999597 -0.00264729 0.291432 0.00177722 0.00269858 0.999995 0.365303
0.999537 0.0299364 -0.0054514 -25.1638 -0.0299586 0.999543 -0.00403797 0.316223 0.00532803 0.00419942 0.999977 0.363289
0.999457 0.0313482 -0.0101157 -25.7468 -0.0314101 0.999488 -0.00601482 0.326479 0.00992194 0.00632929 0.999931 0.355379
0.999324 0.0339388 -0.0141022 -26.3551 -0.034037 0.999398 -0.00678148 0.354183 0.0138635 0.00725689 0.999878 0.359321
0.999227 0.0359513 -0.0158861 -26.9478 -0.0360519 0.999331 -0.00609053 0.386205 0.0156566 0.00665855 0.999855 0.38409
0.999183 0.0377958 -0.0143043 -27.5346 -0.0378782 0.999267 -0.00553282 0.402288 0.0140847 0.00607013 0.999882 0.397833
0.999166 0.0394216 -0.0106081 -28.1119 -0.0394893 0.9992 -0.00625261 0.433882 0.0103531 0.0066663 0.999924 0.404934
0.999145 0.040943 -0.00574772 -28.6871 -0.0409848 0.999133 -0.00734025 0.464081 0.0054422 0.00756954 0.999957 0.412575
0.999091 0.0425982 -0.00140877 -29.2698 -0.0426083 0.999058 -0.00821354 0.490559 0.00105756 0.0082661 0.999965 0.424472
0.999013 0.0443819 0.00184178 -29.8484 -0.0443636 0.998975 -0.00900374 0.510147 -0.0022395 0.00891314 0.999958 0.43248
0.998936 0.0460629 0.00215723 -30.4309 -0.0460408 0.998896 -0.00937575 0.54455 -0.00258672 0.00926645 0.999954 0.442131
0.998847 0.0480076 -0.000528576 -31.0072 -0.0480105 0.998805 -0.0091086 0.574392 9.06623e-05 0.00912347 0.999958 0.450829
0.998753 0.0497715 -0.00393565 -31.5909 -0.0498053 0.998718 -0.00900713 0.598649 0.00348231 0.00919191 0.999952 0.467789
0.998641 0.0517373 -0.00621481 -32.1711 -0.0517948 0.998613 -0.00947228 0.619988 0.00571612 0.00978131 0.999936 0.481612
0.998535 0.053548 -0.0077429 -32.7516 -0.0536194 0.998518 -0.0093396 0.674353 0.00723131 0.00974109 0.999926 0.479006
0.998422 0.0555062 -0.00853419 -33.3226 -0.0555772 0.99842 -0.00831817 0.716812 0.00805899 0.00877935 0.999929 0.482482
0.998326 0.0570535 -0.00947881 -33.8849 -0.0571153 0.998347 -0.00637305 0.754482 0.00909954 0.00690376 0.999935 0.486617
0.998188 0.0593147 -0.010159 -34.4502 -0.0593654 0.998225 -0.00476368 0.783782 0.00985842 0.00535814 0.999937 0.515452
0.998071 0.0613739 -0.00940502 -35.0167 -0.0614235 0.998099 -0.00508203 0.826884 0.00907523 0.00564991 0.999943 0.539392
0.997988 0.0630343 -0.00686246 -35.5804 -0.0630853 0.99798 -0.00748747 0.862387 0.00637663 0.00790532 0.999948 0.545206
0.997903 0.0646674 -0.0027394 -36.1317 -0.064694 0.997843 -0.0110948 0.893633 0.00201602 0.0112487 0.999935 0.551142
0.997802 0.0662084 0.00259409 -36.6954 -0.0661723 0.997734 -0.0121439 0.938198 -0.00339224 0.0119456 0.999923 0.540628
0.997701 0.0675272 0.00564969 -37.274 -0.0674723 0.997677 -0.00939754 0.961487 -0.00627115 0.00899474 0.99994 0.553223
0.997599 0.0691262 0.00429581 -37.8281 -0.0691051 0.997597 -0.00487547 1.02314 -0.00462251 0.0045669 0.999979 0.578519
0.99743 0.0716382 0.00102826 -38.375 -0.071634 0.997424 -0.00363918 1.07494 -0.00128631 0.00355617 0.999993 0.631442
0.997245 0.0741758 -0.000325152 -38.928 -0.0741764 0.997225 -0.00636109 1.11503 -0.000147589 0.00636769 0.99998 0.642464
0.997071 0.0764749 0.000769661 -39.4893 -0.076465 0.997032 -0.00894555 1.15673 -0.00145149 0.00886049 0.99996 0.621943
0.996906 0.0785503 0.00272244 -40.0449 -0.0785239 0.996874 -0.00873747 1.20568 -0.00340026 0.00849667 0.999958 0.62525
0.996718 0.0807148 0.00613251 -40.6067 -0.0806686 0.996713 -0.00745457 1.25566 -0.00671405 0.00693541 0.999953 0.656053
0.996529 0.082688 0.00960957 -41.1691 -0.0826217 0.996556 -0.00709939 1.3025 -0.0101635 0.00628079 0.999929 0.683883
0.996344 0.0848017 0.0103194 -41.7179 -0.0847162 0.996369 -0.00846088 1.33767 -0.0109994 0.00755573 0.999911 0.708066
0.996152 0.0871849 0.00889499 -42.2823 -0.0871026 0.996156 -0.00925412 1.391 -0.00966762 0.00844373 0.999918 0.698541
0.99598 0.0894606 0.00447608 -42.8636 -0.0894262 0.995966 -0.00738506 1.46058 -0.00511869 0.00695509 0.999963 0.69775
0.995806 0.0914556 -0.00267266 -43.4191 -0.0914659 0.9958 -0.00402922 1.52956 0.00229294 0.00425677 0.999988 0.720133
0.995539 0.0939679 -0.00855102 -43.9772 -0.0939937 0.995569 -0.00266267 1.57807 0.00826293 0.00345453 0.99996 0.750002
0.995248 0.0965803 -0.0124067 -44.5473 -0.0966409 0.99531 -0.00438204 1.62715 0.0119253 0.00556022 0.999913 0.767983
0.995018 0.0988323 -0.0131064 -45.1315 -0.0989221 0.995075 -0.00638907 1.68582 0.0124104 0.00765375 0.999894 0.743002
0.994896 0.100357 -0.0105286 -45.6987 -0.100418 0.99493 -0.00552182 1.75344 0.00992111 0.0065509 0.999929 0.730208
0.994801 0.101686 -0.00563818 -46.2639 -0.101701 0.994812 -0.00252061 1.82033 0.00535262 0.00308091 0.999981 0.756534
0.994649 0.103273 -0.00278246 -46.8293 -0.103275 0.994653 -0.000708512 1.88303 0.00269441 0.00099208 0.999996 0.796959
0.994519 0.104527 -0.00231027 -47.4149 -0.10453 0.994521 -0.00121579 1.94743 0.00217053 0.00145062 0.999997 0.806869
0.994368 0.105936 -0.00314166 -47.9898 -0.105946 0.994367 -0.00309 2.01195 0.00279662 0.00340544 0.99999 0.808645
0.994233 0.10715 -0.00440922 -48.566 -0.10717 0.99423 -0.00467411 2.06649 0.00388295 0.00511969 0.999979 0.807504
0.994094 0.108431 -0.00448255 -49.1542 -0.108457 0.994084 -0.00587677 2.13347 0.00381881 0.00632822 0.999973 0.819964
0.993961 0.109659 -0.0039977 -49.7503 -0.109679 0.993953 -0.00530187 2.20334 0.00339213 0.00570831 0.999978 0.816768
0.99381 0.11096 -0.00543883 -50.3439 -0.11098 0.993816 -0.00350956 2.27617 0.00501577 0.00409144 0.999979 0.836804
0.993651 0.112298 -0.00683092 -50.9382 -0.112317 0.99367 -0.00237171 2.34336 0.00652133 0.00312388 0.999974 0.84628
0.993478 0.113834 -0.00664048 -51.5263 -0.113849 0.993496 -0.00190476 2.41701 0.00638047 0.00264834 0.999976 0.843275
0.993292 0.115451 -0.00650389 -52.134 -0.115462 0.993311 -0.00146463 2.49615 0.00629129 0.00220576 0.999978 0.852109
0.993139 0.116777 -0.00613273 -52.7434 -0.116785 0.993157 -0.000876107 2.5704 0.00598845 0.00158631 0.999981 0.870317
0.99297 0.118268 -0.00474317 -53.3429 -0.118273 0.992981 -0.000672936 2.64995 0.00463029 0.00122919 0.999989 0.893697
0.992798 0.119765 -0.00300467 -53.9406 -0.119767 0.992802 -0.000485074 2.71419 0.00292495 0.00084144 0.999995 0.89635
0.992639 0.12108 -0.0027008 -54.548 -0.121081 0.992643 8.6332e-05 2.79206 0.00269138 0.000241317 0.999996 0.901957
0.992509 0.122106 -0.0039479 -55.1831 -0.122103 0.992517 0.000989245 2.88015 0.00403915 -0.000499783 0.999992 0.909156
0.99232 0.123553 -0.00603375 -55.799 -0.123544 0.992337 0.00187295 2.97018 0.00621892 -0.00111314 0.99998 0.93221
0.992131 0.125013 -0.0068819 -56.4148 -0.125006 0.992155 0.00137541 3.04676 0.00699986 -0.000504311 0.999975 0.943256
0.992053 0.125711 -0.00532826 -57.0636 -0.12571 0.992067 0.000652411 3.12716 0.00536801 2.25881e-05 0.999986 0.93997
0.992096 0.125417 -0.00407202 -57.7092 -0.125415 0.992104 0.000936359 3.20977 0.00415731 -0.000418266 0.999991 0.949149
0.992197 0.124593 -0.0046444 -58.3342 -0.12459 0.992208 0.00103543 3.27805 0.00473722 -0.000448711 0.999989 0.965007
0.992266 0.123999 -0.00577529 -58.9762 -0.123999 0.992282 0.00036437 3.36723 0.0057759 0.000354579 0.999983 0.977392
0.992317 0.123562 -0.00632221 -59.6326 -0.123565 0.992337 -3.02956e-05 3.45154 0.00627002 0.000811265 0.99998 0.973646
0.992378 0.123112 -0.00543646 -60.2762 -0.123117 0.992392 -0.000574665 3.53638 0.00532435 0.00123961 0.999985 0.989889
0.992406 0.122972 -0.00288837 -60.9232 -0.122977 0.992408 -0.00176927 3.60443 0.00264887 0.00211104 0.999994 1.01712
0.992459 0.122578 -0.000525434 -61.578 -0.122579 0.992455 -0.00254134 3.68016 0.000209958 0.00258658 0.999997 1.02192
0.99251 0.122165 -0.000346644 -62.2493 -0.122165 0.992508 -0.00204717 3.77109 9.39558e-05 0.00207418 0.999998 1.01441
0.992499 0.122243 -0.00167396 -62.9205 -0.122245 0.992499 -0.00116398 3.85531 0.00151911 0.00135988 0.999998 1.02116
0.992556 0.121773 -0.00216561 -63.6011 -0.121774 0.992558 -0.000200138 3.94344 0.00212512 0.000462363 0.999998 1.04615
0.99256 0.121737 -0.00211793 -64.2759 -0.12174 0.992561 -0.00106469 4.02976 0.00197257 0.0013146 0.999997 1.08499
0.992584 0.121559 -0.000276603 -64.9663 -0.121559 0.99258 -0.00300606 4.0921 -9.08614e-05 0.00301739 0.999995 1.08729
0.992635 0.121144 0.000274037 -65.6643 -0.121142 0.992627 -0.00398476 4.17762 -0.000754747 0.00392221 0.999992 1.07664
0.992674 0.120819 -0.00137054 -66.3471 -0.120823 0.992668 -0.00347344 4.27124 0.00094083 0.00361358 0.999993 1.08544
0.992711 0.120454 -0.00389019 -67.0506 -0.120467 0.992713 -0.00305105 4.36179 0.00349433 0.00349745 0.999988 1.12515
0.992706 0.120473 -0.00466879 -67.7472 -0.120488 0.99271 -0.00313239 4.44574 0.00425739 0.00367207 0.999984 1.14872
0.992643 0.121034 -0.00341047 -68.4525 -0.121048 0.992638 -0.00422027 4.53512 0.00287456 0.00460205 0.999985 1.16645
0.992628 0.121202 8.4935e-06 -69.1641 -0.1212 0.992614 -0.00528059 4.61596 -0.000648448 0.00524063 0.999986 1.16045
0.99262 0.121256 0.00157477 -69.865 -0.121247 0.99261 -0.00501642 4.70028 -0.0021714 0.00478846 0.999986 1.15998
0.992653 0.120991 0.000678475 -70.5748 -0.120987 0.992646 -0.00402924 4.80522 -0.00116099 0.00391756 0.999992 1.17843
0.992622 0.121245 -0.000826123 -71.309 -0.121248 0.992615 -0.00389364 4.8945 0.000347936 0.00396508 0.999992 1.20943
0.992582 0.121577 -0.000887171 -72.0403 -0.121579 0.992574 -0.00403094 4.98544 0.000390514 0.0041089 0.999991 1.21969
0.992555 0.121795 0.00104106 -72.7571 -0.121791 0.99255 -0.0033419 5.0707 -0.00144033 0.00319023 0.999994 1.22979
0.99257 0.121641 0.00269314 -73.4913 -0.121638 0.992573 -0.00146542 5.16727 -0.00285139 0.00112694 0.999995 1.24531
0.992644 0.121061 0.00150694 -74.2417 -0.121062 0.992645 0.000744755 5.26739 -0.00140569 -0.00092171 0.999999 1.27581
0.99266 0.120936 -0.000906465 -74.9814 -0.120934 0.992659 0.00169727 5.35854 0.00110507 -0.00157519 0.999998 1.30598
0.992712 0.12049 -0.00209763 -75.7166 -0.120486 0.992713 0.00213714 5.43974 0.00233985 -0.00186884 0.999996 1.312
0.992834 0.119494 -0.00159837 -76.4695 -0.119489 0.992832 0.00252941 5.53097 0.00188916 -0.00232029 0.999996 1.31757
0.993014 0.117999 -0.000226288 -77.2114 -0.117998 0.99301 0.00270809 5.6261 0.000544258 -0.00266247 0.999996 1.33796
0.993212 0.116312 0.00106422 -77.9717 -0.116315 0.993209 0.00261983 5.71097 -0.000752273 -0.00272583 0.999996 1.35937
0.993365 0.114996 0.00163236 -78.7362 -0.115 0.993363 0.00203584 5.7995 -0.00138741 -0.00221005 0.999997 1.37258
0.99348 0.113994 0.00175527 -79.4787 -0.113998 0.993479 0.00184299 5.88701 -0.00153373 -0.00203107 0.999997 1.37591
0.993594 0.113008 0.000532852 -80.2365 -0.113008 0.993592 0.00191947 5.97737 -0.000312523 -0.00196739 0.999998 1.39715
0.993747 0.111649 -0.00119474 -81.0269 -0.111647 0.993746 0.00205492 6.05827 0.0014167 -0.00190868 0.999997 1.40906
0.993935 0.109938 -0.00270819 -81.8015 -0.109935 0.993938 0.001371 6.14278 0.00284249 -0.00106496 0.999995 1.4194
0.994057 0.108809 -0.00330755 -82.5607 -0.108804 0.994062 0.00186994 6.23162 0.00349138 -0.00149895 0.999993 1.43254
0.994149 0.10794 -0.00403059 -83.3051 -0.107929 0.994155 0.0027958 6.31476 0.00430881 -0.00234442 0.999988 1.4535
0.994282 0.106701 -0.00420938 -84.0751 -0.106688 0.994287 0.00329554 6.4005 0.00453697 -0.0028276 0.999986 1.47372
0.994402 0.105574 -0.00427552 -84.8434 -0.105564 0.99441 0.00237131 6.48569 0.00450197 -0.0019067 0.999988 1.48659
0.994536 0.104336 -0.0035083 -85.6123 -0.104331 0.994541 0.00160405 6.55664 0.00365651 -0.00122926 0.999993 1.49091
0.994652 0.103243 -0.00281935 -86.3714 -0.103239 0.994655 0.00166935 6.63678 0.00297663 -0.00136935 0.999995 1.49668
0.994758 0.102217 -0.0029718 -87.1491 -0.10221 0.99476 0.00246265 6.71115 0.00320795 -0.00214599 0.999993 1.51716
0.99486 0.10118 -0.00401882 -87.9155 -0.101167 0.994864 0.00322682 6.79671 0.00432467 -0.00280366 0.999987 1.54508
0.994959 0.100151 -0.00505084 -88.6822 -0.100135 0.994968 0.00328072 6.87249 0.00535399 -0.00275842 0.999982 1.55522
0.995088 0.0989105 -0.00397444 -89.4344 -0.0989004 0.995094 0.00267426 6.95316 0.00421946 -0.00226805 0.999989 1.56517
0.995208 0.0977754 -0.00131124 -90.1889 -0.0977719 0.995206 0.00253069 7.021 0.0015524 -0.00239036 0.999996 1.58091
0.995294 0.0968997 0.000639353 -90.9375 -0.0969011 0.99529 0.00285246 7.08998 -0.000359939 -0.00290099 0.999996 1.60555
0.995276 0.0970885 0.000538509 -91.6856 -0.0970895 0.995273 0.00237006 7.1651 -0.000305857 -0.00241115 0.999997 1.63522
0.995178 0.0980805 -0.000628962 -92.4302 -0.0980797 0.995178 0.00120452 7.23833 0.000744069 -0.00113702 0.999999 1.64948
0.99512 0.0986433 -0.00251967 -93.1923 -0.0986449 0.995123 -0.000516227 7.31192 0.00245646 0.000762261 0.999997 1.66168
0.995082 0.0989704 -0.00402625 -93.9448 -0.0989755 0.995089 -0.00109844 7.38265 0.00389777 0.00149154 0.999991 1.67177
0.99507 0.0990727 -0.00455345 -94.684 -0.0990793 0.995079 -0.00123285 7.45626 0.0044089 0.00167793 0.999989 1.69482
0.995047 0.0993237 -0.00408378 -95.4136 -0.0993296 0.995054 -0.00125591 7.5317 0.00393884 0.00165533 0.999991 1.71264
0.994961 0.100193 -0.00376132 -96.1359 -0.1002 0.994966 -0.00184388 7.60547 0.00355764 0.00221147 0.999991 1.72696
0.994906 0.100739 -0.00367178 -96.8611 -0.100751 0.994906 -0.00323441 7.67664 0.00332725 0.00358787 0.999988 1.74379
0.994887 0.100949 -0.00302658 -97.592 -0.100961 0.994882 -0.00406514 7.74658 0.00260072 0.00434992 0.999987 1.75201
0.994861 0.101233 -0.00206641 -98.3202 -0.101241 0.994851 -0.00460198 7.82079 0.0015899 0.00478754 0.999987 1.76646
0.994859 0.101262 -0.00102965 -99.0579 -0.101265 0.994848 -0.00475556 7.90157 0.000542787 0.00483538 0.999988 1.78549
0.994843 0.10142 -0.000778483 -99.7688 -0.101423 0.994831 -0.00502369 7.96836 0.000264956 0.00507674 0.999987 1.82361
0.99479 0.101943 -0.000395039 -100.463 -0.101943 0.994762 -0.00746249 8.03345 -0.000367778 0.00746388 0.999972 1.83868
0.994784 0.101998 -0.000629491 -101.176 -0.101999 0.994743 -0.00913408 8.11242 -0.000305474 0.00915064 0.999958 1.84
0.994788 0.101952 -0.00145423 -101.892 -0.101962 0.994711 -0.0123888 8.18197 0.000183486 0.0124725 0.999922 1.86408
0.994729 0.102371 0.00594692 -102.589 -0.102276 0.99465 -0.0145548 8.2395 -0.00740509 0.0138699 0.999876 1.88233
0.994542 0.102386 0.0200885 -103.283 -0.102156 0.994694 -0.012169 8.30971 -0.0212279 0.0100505 0.999724 1.90754
0.994396 0.101481 0.0296267 -103.978 -0.101358 0.994834 -0.00560486 8.40684 -0.0300424 0.00257054 0.999545 1.92514
0.994463 0.101509 0.0271876 -104.67 -0.101541 0.994831 -0.000207804 8.49713 -0.0270681 -0.00255401 0.99963 1.98804
0.99475 0.101841 0.0100842 -105.387 -0.101843 0.9948 -0.000362352 8.56822 -0.0100686 -0.000666553 0.999949 2.03104
0.994687 0.101903 -0.0146282 -106.106 -0.101951 0.994786 -0.00252977 8.62985 0.0142941 0.00400768 0.99989 1.9955
0.994078 0.101687 -0.0383146 -106.833 -0.101809 0.994803 -0.00123912 8.6937 0.0379895 0.00513256 0.999265 1.93428
0.993745 0.101327 -0.046952 -107.532 -0.101309 0.994851 0.00276853 8.77735 0.0469908 0.00200544 0.998893 1.95723
0.994311 0.101492 -0.0323134 -108.209 -0.101435 0.994836 0.00338166 8.85782 0.0324897 -8.47007e-05 0.999472 2.04484
0.994837 0.101441 -0.00316526 -108.884 -0.101443 0.994841 -0.0007721 8.91262 0.00307061 0.00108921 0.999995 2.08072
0.99463 0.100996 0.0225918 -109.553 -0.100865 0.994876 -0.00687037 8.97386 -0.0231699 0.00455475 0.999721 2.0565
0.994465 0.100764 0.0297675 -110.234 -0.100539 0.994893 -0.00894375 9.05511 -0.0305167 0.00590144 0.999517 2.01947
0.994774 0.100832 0.0160258 -110.945 -0.100773 0.994899 -0.00445234 9.13165 -0.016393 0.0028141 0.999862 2.03463
0.994885 0.100991 -0.00221834 -111.667 -0.100992 0.994887 -0.000213823 9.2055 0.0021854 0.000436763 0.999998 2.10143
0.994754 0.10168 -0.0111846 -112.379 -0.101671 0.994817 0.00131175 9.28091 0.0112601 -0.000167705 0.999937 2.11856
0.994723 0.101935 -0.0116493 -113.069 -0.101918 0.994791 0.00204521 9.34965 0.0117971 -0.000847135 0.99993 2.11415
0.994793 0.101603 -0.00796334 -113.759 -0.101603 0.994825 0.000427057 9.42024 0.00796552 0.000384263 0.999968 2.1412
0.994795 0.101869 -0.00248752 -114.455 -0.101876 0.994792 -0.00304754 9.48752 0.00216412 0.00328509 0.999992 2.15798
0.994817 0.101631 0.00336119 -115.171 -0.101616 0.994814 -0.0043501 9.55187 -0.00378587 0.003986 0.999985 2.13905
0.994906 0.100666 0.00534774 -115.886 -0.100662 0.99492 -0.00100205 9.6442 -0.00542145 0.000458633 0.999985 2.14392
0.994912 0.10074 0.00108091 -116.576 -0.100743 0.994905 0.0037571 9.73094 -0.00069691 -0.00384688 0.999992 2.17085
0.994785 0.101863 -0.00522556 -117.304 -0.101832 0.994784 0.00593161 9.80863 0.00580252 -0.00536855 0.999969 2.23593
0.994701 0.102631 -0.00615101 -118.039 -0.102609 0.994715 0.0037101 9.8712 0.00649927 -0.00305929 0.999974 2.23749
0.994735 0.102477 0.00116647 -118.751 -0.102479 0.994734 0.00172581 9.93406 -0.000983472 -0.00183627 0.999998 2.20881
0.994803 0.101349 0.00972024 -119.456 -0.101388 0.99484 0.0036089 10.006 -0.00930433 -0.00457566 0.999946 2.22355
0.994817 0.100863 0.0128983 -120.152 -0.100948 0.994873 0.00609425 10.102 -0.0122175 -0.00736471 0.999898 2.28533
0.994842 0.100939 0.0100427 -120.886 -0.101006 0.994865 0.00644081 10.1876 -0.00934104 -0.00742197 0.999929 2.3154
0.994879 0.100985 0.00422696 -121.631 -0.101009 0.994868 0.00592902 10.2583 -0.00360652 -0.00632563 0.999973 2.30916
0.994909 0.10078 -0.000525658 -122.376 -0.100775 0.994891 0.00607736 10.3284 0.00113545 -0.00599345 0.999981 2.31123
0.994975 0.100106 -0.00177983 -123.097 -0.100093 0.994959 0.00611888 10.3944 0.00238339 -0.00590998 0.99998 2.34638
0.995031 0.0995602 0.000297528 -123.829 -0.0995606 0.995021 0.00452467 10.4708 0.000154431 -0.00453182 0.99999 2.37728
0.995092 0.0988816 0.00376969 -124.588 -0.09889 0.995096 0.00210499 10.539 -0.00354306 -0.00246744 0.999991 2.38028
0.995184 0.097906 0.0047697 -125.325 -0.0979155 0.995193 0.00180589 10.6149 -0.00456996 -0.00226422 0.999987 2.37129
0.995356 0.0962242 0.00262139 -126.077 -0.0962327 0.995353 0.00333101 10.7012 -0.00228869 -0.0035678 0.999991 2.39335
0.995537 0.0943665 -0.0011371 -126.819 -0.0943603 0.995527 0.00461432 10.7762 0.00156745 -0.00448643 0.999989 2.43382
0.995734 0.0922416 -0.00242138 -127.57 -0.0922316 0.99573 0.00398702 10.8297 0.00277881 -0.00374669 0.999989 2.44484
0.995976 0.0896088 -0.00109104 -128.319 -0.0896057 0.995974 0.00260642 10.8871 0.0013202 -0.00249817 0.999996 2.45831
0.99618 0.0873269 0.00052984 -129.05 -0.0873277 0.996178 0.00175889 10.9514 -0.000374217 -0.00179844 0.999998 2.46562
0.996376 0.0850236 0.00223969 -129.794 -0.0850255 0.996379 0.000723973 11.0196 -0.00217003 -0.00091178 0.999997 2.49003
0.996588 0.0824889 0.00295318 -130.542 -0.0824892 0.996592 -2.75702e-05 11.0733 -0.00294539 -0.000216129 0.999996 2.50616
0.99679 0.0800241 0.00236287 -131.289 -0.0800256 0.996793 0.000549229 11.1301 -0.00231134 -0.000736556 0.999997 2.51605
0.996969 0.0778016 0.00042162 -132.029 -0.0778023 0.996967 0.00197391 11.1828 -0.000266768 -0.00200073 0.999998 2.53719
0.997105 0.0760193 -0.00168349 -132.748 -0.0760141 0.997102 0.00300631 11.2407 0.00190715 -0.00286964 0.999994 2.56073
0.997249 0.0740705 -0.00272209 -133.481 -0.0740608 0.997247 0.00353776 11.3012 0.00297664 -0.00332643 0.99999 2.58231
0.997431 0.0716275 -0.000976767 -134.222 -0.0716244 0.997428 0.0028441 11.3546 0.00117797 -0.00276683 0.999995 2.60412
0.997616 0.0689756 0.00198626 -134.941 -0.0689793 0.997616 0.0019052 11.404 -0.00185012 -0.00203767 0.999996 2.60871
0.997764 0.0667125 0.00395725 -135.649 -0.066722 0.997769 0.0023171 11.4413 -0.00379385 -0.00257596 0.999989 2.62297
0.997947 0.0639566 0.00327937 -136.384 -0.0639666 0.997947 0.00304417 11.4861 -0.00307795 -0.00324769 0.99999 2.64705
0.998069 0.0621145 -0.000218769 -137.107 -0.0621131 0.998061 0.00407746 11.5457 0.000471614 -0.00405599 0.999992 2.66802
0.998182 0.0601824 -0.00338171 -137.821 -0.0601674 0.998179 0.00438035 11.5757 0.00363917 -0.00416892 0.999985 2.69202
0.998296 0.0582347 -0.00371229 -138.517 -0.0582227 0.998298 0.00325648 11.6134 0.00389561 -0.00303479 0.999988 2.70201
0.998422 0.0561426 -0.00106717 -139.231 -0.0561394 0.998419 0.00285897 11.6544 0.00122599 -0.00279455 0.999995 2.71198
0.998516 0.0543215 0.00393126 -139.937 -0.0543273 0.998522 0.00136807 11.7006 -0.00385114 -0.00157962 0.999991 2.7557
0.998416 0.0529091 0.0191248 -140.624 -0.0529121 0.998599 -0.000353643 11.7264 -0.0191168 -0.000658851 0.999817 2.77737
0.998084 0.0513338 0.0345467 -141.315 -0.0513152 0.998681 -0.00142788 11.7625 -0.0345745 -0.000347625 0.999402 2.80553
0.997989 0.0493685 0.039759 -142.006 -0.049416 0.998778 0.000212509 11.7948 -0.0396999 -0.00217681 0.999209 2.8141
0.998467 0.0481392 0.0273143 -142.709 -0.0482216 0.998834 0.00236527 11.8352 -0.0271686 -0.00367879 0.999624 2.8463
0.998859 0.0476884 -0.00237817 -143.44 -0.0476785 0.998855 0.00404206 11.8806 0.00256821 -0.00392406 0.999989 2.85634
0.998257 0.0466895 -0.0361046 -144.188 -0.0465845 0.998907 0.00374517 11.9126 0.03624 -0.00205672 0.999341 2.86728
0.99756 0.0461219 -0.0524185 -144.934 -0.0459809 0.998935 0.0038928 11.939 0.0525422 -0.00147305 0.998618 2.85583
0.998159 0.045544 -0.0400573 -145.648 -0.0453622 0.998956 0.00543522 11.9608 0.040263 -0.00360812 0.999183 2.87864
0.998982 0.0446067 -0.0067748 -146.332 -0.0445618 0.998985 0.00664723 11.9978 0.00706444 -0.00633856 0.999955 2.90324
0.998771 0.0430547 0.0245327 -147.027 -0.0432235 0.999045 0.00639222 12.0471 -0.0242341 -0.00744476 0.999679 2.90604
0.998502 0.0426136 0.0343114 -147.753 -0.0427953 0.999073 0.00457733 12.0779 -0.0340845 -0.00603884 0.999401 2.90734
0.998904 0.0426698 0.0192482 -148.515 -0.0427453 0.99908 0.00352893 12.1146 -0.0190799 -0.00434784 0.999809 2.90381
0.999066 0.0431488 -0.00226472 -149.27 -0.0431359 0.999054 0.00547704 12.1462 0.0024989 -0.00537424 0.999982 2.93459
0.998952 0.0441272 -0.0121814 -150.021 -0.0440292 0.998997 0.00820615 12.1694 0.0125313 -0.00766121 0.999892 2.98241
0.998976 0.0443554 -0.00886755 -150.773 -0.0442637 0.998967 0.0102911 12.2139 0.00931486 -0.00988809 0.999908 3.00188
0.99901 0.0444718 0.00097023 -151.534 -0.0444798 0.99895 0.0109724 12.2494 -0.000481249 -0.0110047 0.999939 3.01195
0.998961 0.0446802 0.00898725 -152.287 -0.0447755 0.99894 0.0107063 12.2915 -0.00849936 -0.0110975 0.999902 3.02647
0.998912 0.0452752 0.0111919 -153.043 -0.045381 0.998926 0.00939101 12.3216 -0.0107547 -0.00988869 0.999893 3.04818
0.998889 0.0462511 0.00899112 -153.815 -0.0463212 0.998897 0.00774327 12.3572 -0.00862306 -0.00815115 0.99993 3.07595
0.998906 0.0464604 0.00532794 -154.591 -0.0464924 0.9989 0.00604644 12.3901 -0.00504116 -0.00628753 0.999968 3.08747
0.998893 0.0469393 0.0030649 -155.375 -0.046953 0.998887 0.00453773 12.4269 -0.00284849 -0.00467662 0.999985 3.09915
0.998864 0.0476126 0.00196568 -156.179 -0.047619 0.99886 0.00333054 12.4683 -0.00180486 -0.00342035 0.999993 3.11933
0.998847 0.0480046 0.000860187 -156.953 -0.0480072 0.998842 0.00330277 12.5112 -0.000700642 -0.00334026 0.999994 3.13393
0.998827 0.0484302 -0.000228159 -157.744 -0.0484294 0.998823 0.00275454 12.5479 0.000361293 -0.00274026 0.999996 3.16354
0.998812 0.0487169 -0.000696289 -158.529 -0.0487157 0.998811 0.00157198 12.5819 0.000772043 -0.00153619 0.999999 3.1771
0.998784 0.0492982 -0.000699816 -159.311 -0.0492976 0.998784 0.000782897 12.6166 0.00073756 -0.000747445 0.999999 3.18372
0.998727 0.0504386 0.000103296 -160.113 -0.0504387 0.998726 0.00117348 12.6608 -4.39759e-05 -0.0011772 0.999999 3.20043
0.998631 0.0522967 0.000776123 -160.9 -0.0522979 0.99863 0.00163433 12.7015 -0.000689589 -0.00167268 0.999998 3.228
0.998605 0.0527763 0.00135463 -161.687 -0.0527785 0.998605 0.00169622 12.7522 -0.00126322 -0.00176535 0.999998 3.23875
0.998539 0.0540043 0.00190158 -162.484 -0.0540087 0.998538 0.00234294 12.8049 -0.00177227 -0.00244222 0.999995 3.2534
0.998506 0.0545839 0.00260769 -163.28 -0.054592 0.998504 0.00314304 12.8418 -0.00243223 -0.00328071 0.999992 3.27685
0.998408 0.0562126 0.00455721 -164.09 -0.0562315 0.998409 0.00413749 12.8967 -0.00431738 -0.00438716 0.999981 3.30172
0.998335 0.0573308 0.00641625 -164.912 -0.0573621 0.998342 0.00480147 12.9537 -0.00613034 -0.00516153 0.999968 3.3267
0.998267 0.0584095 0.00711105 -165.713 -0.0584468 0.998277 0.00514533 13.0029 -0.00679827 -0.00555203 0.999961 3.34833
0.998147 0.0603985 0.00744933 -166.529 -0.0604346 0.998161 0.00472165 13.0561 -0.00715045 -0.0051631 0.999961 3.37476
0.997942 0.0637621 0.00683816 -167.347 -0.0637888 0.997956 0.00376191 13.0993 -0.00658432 -0.00419036 0.99997 3.39554
0.997716 0.0672979 0.00573106 -168.172 -0.0673186 0.997725 0.00350706 13.1553 -0.00548201 -0.00388485 0.999977 3.39955
0.997512 0.0703721 0.00412125 -168.996 -0.0703878 0.997512 0.00381487 13.2236 -0.00384254 -0.00409546 0.999984 3.42125
0.997255 0.0739199 0.00437328 -169.804 -0.0739389 0.997253 0.00436737 13.3017 -0.00403843 -0.00467873 0.999981 3.44948
0.997026 0.0768799 0.00543654 -170.631 -0.0769054 0.997028 0.00464285 13.3728 -0.00506344 -0.00504714 0.999974 3.47584
0.996773 0.0799933 0.00669555 -171.45 -0.0800232 0.996784 0.00432879 13.4358 -0.00632774 -0.00485062 0.999968 3.49809
0.996504 0.0832913 0.00652678 -172.27 -0.0833179 0.996515 0.00390673 13.4966 -0.00617864 -0.00443687 0.999971 3.51565
0.996235 0.0865252 0.00533488 -173.11 -0.0865475 0.996239 0.00409403 13.5835 -0.00496058 -0.00454034 0.999977 3.53183
0.995955 0.0897767 0.00379022 -173.935 -0.0897933 0.99595 0.0044575 13.6835 -0.00337469 -0.0047798 0.999983 3.55293
0.995626 0.0933769 0.00298463 -174.762 -0.0933924 0.995614 0.00555544 13.7657 -0.00245279 -0.00580988 0.99998 3.57551
0.995315 0.0966347 0.00307765 -175.574 -0.0966543 0.995293 0.00703664 13.8334 -0.00238318 -0.00730114 0.999971 3.60992
0.995132 0.0984407 0.00460409 -176.394 -0.0984735 0.995111 0.00753153 13.9246 -0.00384017 -0.00794825 0.999961 3.63237
0.994964 0.100121 0.00471511 -177.206 -0.100157 0.994939 0.00805411 14.0177 -0.00388486 -0.0084858 0.999956 3.64625
0.994892 0.100855 0.00428735 -178.021 -0.100891 0.994854 0.00927252 14.1095 -0.00333011 -0.00965771 0.999948 3.66461
0.994894 0.100862 0.00343342 -178.835 -0.100892 0.994847 0.00997364 14.1914 -0.00240977 -0.0102691 0.999944 3.68875
