1 0 0 0 0 1 0 0 0 0 1 0
1 -2.34783e-05 -3.32678e-06 0.00374497 2.34782e-05 1 -1.90878e-05 -0.00602373 3.32723e-06 1.90877e-05 1 0.000172451
1 3.89571e-05 5.07222e-05 0.00608776 -3.89573e-05 1 4.58581e-06 -0.00581486 -5.07221e-05 -4.58778e-06 1 -0.00301877
1 8.75932e-05 -2.61195e-05 0.00474634 -8.75937e-05 1 -1.90256e-05 -0.0052664 2.61178e-05 1.90278e-05 1 0.00288172
1 5.67956e-05 -8.32311e-05 0.000598041 -5.67987e-05 1 -3.75481e-05 -0.00624792 8.3229e-05 3.75529e-05 1 0.00625237
1 -3.2012e-05 5.24083e-05 0.00449372 3.20104e-05 1 3.17515e-05 0.000177036 -5.24093e-05 -3.17498e-05 1 -0.000713261
1 1.91974e-05 6.45063e-05 0.00153765 -1.91978e-05 1 6.2465e-06 -0.0102726 -6.45062e-05 -6.24774e-06 1 -0.00179196
1 4.13997e-05 -2.17665e-05 0.00227134 -4.14001e-05 1 -1.70691e-05 -0.00732899 2.17658e-05 1.707e-05 1 0.000129055
1 6.25251e-06 -2.98423e-05 -0.000770922 -6.2527e-06 1 -6.17379e-06 -0.000693893 2.98422e-05 6.17397e-06 1 -0.000305608
1 -1.4672e-05 1.88373e-05 -0.000470699 1.46717e-05 1 1.5336e-05 0.00311031 -1.88375e-05 -1.53357e-05 1 -0.00042952
1 2.83204e-05 7.41117e-05 -4.76264e-06 -2.83238e-05 1 4.48543e-05 -0.00548884 -7.41104e-05 -4.48564e-05 1 -0.00161192
1 9.51711e-05 3.86297e-05 -0.00047348 -9.51722e-05 1 2.84557e-05 -0.00900703 -3.8627e-05 -2.84594e-05 1 -0.000250435
1 6.8181e-05 -1.22113e-05 0.00137919 -6.81815e-05 1 -3.85584e-05 -0.00714929 1.22087e-05 3.85592e-05 1 0.000602882
1 5.63345e-06 2.01062e-05 0.00055597 -5.63327e-06 1 -9.19778e-06 -0.00526422 -2.01062e-05 9.19767e-06 1 -0.00145353
1 -3.84729e-06 -1.86996e-05 -0.000545993 3.84755e-06 1 1.34928e-05 -0.00358778 1.86995e-05 -1.34929e-05 1 -0.000166748
1 -1.30351e-05 2.8675e-05 0.00162262 1.30349e-05 1 5.88938e-06 -0.00276806 -2.86751e-05 -5.88901e-06 1 3.47159e-05
1 4.44977e-05 3.86963e-05 0.00425738 -4.44993e-05 1 4.19328e-05 -0.00556452 -3.86944e-05 -4.19345e-05 1 -0.00024021
1 5.09026e-05 2.02518e-05 0.0019782 -5.09026e-05 1 7.30863e-07 -0.00423834 -2.02518e-05 -7.31894e-07 1 -1.17112e-05
1 5.85332e-05 3.47892e-06 0.00529241 -5.85332e-05 1 -6.10986e-06 -0.00614035 -3.47928e-06 6.10966e-06 1 -0.000213824
1 -7.95338e-06 -3.19587e-05 0.00502265 7.9529e-06 1 -1.50066e-05 -0.00190864 3.19588e-05 1.50064e-05 1 0.00104548
1 5.97351e-05 4.83528e-06 0.00415966 -5.97352e-05 1 2.03639e-05 -0.00466449 -4.83406e-06 -2.03642e-05 1 -0.000557142
1 4.97723e-05 2.23989e-05 0.00797984 -4.97724e-05 1 4.23021e-06 -0.00290632 -2.23987e-05 -4.23132e-06 1 -8.76243e-05
1 6.96122e-05 2.59245e-05 0.00175953 -6.96122e-05 1 -5.24338e-07 -0.00915606 -2.59245e-05 5.22533e-07 1 0.000183518
1 6.73432e-05 5.18972e-05 0.00110961 -6.73435e-05 1 6.36005e-06 -0.00961178 -5.18967e-05 -6.36354e-06 1 -0.00293148
1 1.82091e-05 2.0275e-05 0.00553909 -1.82094e-05 1 1.27359e-05 -0.00139997 -2.02748e-05 -1.27363e-05 1 -0.00239139
1 -3.15332e-05 3.25825e-05 0.00780501 3.15328e-05 1 1.19339e-05 -0.00235972 -3.25829e-05 -1.19329e-05 1 -0.00172441
1 -2.92321e-06 1.64907e-05 0.00144015 2.9229e-06 1 1.84055e-05 -0.00214209 -1.64907e-05 -1.84055e-05 1 0.00030473
1 2.13287e-05 6.51815e-06 0.00212765 -2.13287e-05 1 1.0917e-06 -0.00321548 -6.51813e-06 -1.09184e-06 1 -0.000164455
1 3.71973e-05 1.16118e-05 0.00295804 -3.71971e-05 1 -1.62049e-05 -0.00420585 -1.16124e-05 1.62045e-05 1 -0.00101307
1 -3.69037e-05 1.32221e-05 0.00659967 3.69035e-05 1 1.15386e-05 -0.000644604 -1.32226e-05 -1.15381e-05 1 -0.000797367
1 -2.36815e-05 5.83045e-06 0.00647942 2.36813e-05 1 2.49893e-05 -0.00197131 -5.83104e-06 -2.49891e-05 1 -0.000751984
1 1.26381e-05 -7.6511e-06 0.0080606 -1.26381e-05 1 -7.32403e-07 -0.00346659 7.65109e-06 7.325e-07 1 0.00171596
1 2.0313e-05 -4.12044e-05 0.00293296 -2.03136e-05 1 -1.45649e-05 -0.00833727 4.12041e-05 1.45657e-05 1 0.0031916
1 4.07281e-05 4.07018e-05 0.00431766 -4.0729e-05 1 2.18389e-05 -0.00615939 -4.07009e-05 -2.18405e-05 1 -0.00240751
1 1.4541e-05 3.94434e-05 0.00642303 -1.45416e-05 1 1.63206e-05 -0.0104667 -3.94431e-05 -1.63211e-05 1 -0.0033251
1 -2.10917e-05 9.02674e-05 0.00554426 2.10874e-05 1 4.79487e-05 -0.0038515 -9.02684e-05 -4.79468e-05 1 -0.00647119
1 3.26654e-06 1.96426e-05 0.00416257 -3.26629e-06 1 -1.26437e-05 0.00223263 -1.96426e-05 1.26436e-05 1 -0.00116235
1 3.98069e-05 -1.32331e-05 0.00246157 -3.98072e-05 1 -2.43812e-05 -0.00174036 1.32321e-05 2.43817e-05 1 0.00179216
1 1.72216e-05 -7.11768e-06 0.00405452 -1.72217e-05 1 -1.46453e-05 -0.000576577 7.11742e-06 1.46454e-05 1 0.00135767
1 2.54372e-05 -2.45488e-05 0.00619675 -2.54367e-05 1 1.99322e-05 -0.00161472 2.45493e-05 -1.99316e-05 1 -0.000685367
1 3.04415e-05 -1.37451e-05 0.00300288 -3.04414e-05 1 1.0803e-05 -0.0025977 1.37454e-05 -1.08026e-05 1 0.000231813
1 1.94936e-05 4.57183e-05 0.00253986 -1.94948e-05 1 2.65259e-05 -0.00145283 -4.57178e-05 -2.65268e-05 1 -0.00166983
1 1.29707e-05 8.06343e-06 0.00841727 -1.29704e-05 1 -2.52971e-05 -0.00353464 -8.06376e-06 2.5297e-05 1 0.00142764
1 5.11321e-05 9.81602e-07 0.0077851 -5.11321e-05 1 -8.64177e-06 -0.00686846 -9.82044e-07 8.64172e-06 1 0.000846299
1 5.42253e-05 3.16649e-05 -0.00185762 -5.42263e-05 1 2.93388e-05 -0.00854857 -3.16633e-05 -2.93405e-05 1 -0.00129453
1 2.83462e-05 2.94315e-05 0.0021603 -2.83471e-05 1 2.78744e-05 -0.00750254 -2.94307e-05 -2.78753e-05 1 -0.00199759
1 -1.2894e-05 1.39886e-05 0.00694269 1.28939e-05 1 4.02265e-06 -0.00430089 -1.39887e-05 -4.02247e-06 1 -0.000453359
1 -1.48762e-05 2.46821e-05 0.0113459 1.48762e-05 1 1.10759e-06 0.000642096 -2.46822e-05 -1.10723e-06 1 -0.00051359
1 2.12998e-06 5.95305e-05 0.00476579 -2.13111e-06 1 1.89102e-05 -0.00228072 -5.95304e-05 -1.89103e-05 1 -0.00141962
1 8.55726e-05 0.000122237 0.00270594 -8.55766e-05 1 3.3358e-05 -0.010516 -0.000122234 -3.33685e-05 1 -0.00605716
1 4.94551e-05 3.55645e-05 0.00330275 -4.94558e-05 1 1.93107e-05 -0.00471964 -3.55635e-05 -1.93124e-05 1 -0.00224771
1 -1.81968e-05 -4.11853e-05 0.0106833 1.81979e-05 1 2.80268e-05 0.00293151 4.11848e-05 -2.80275e-05 1 0.00108144
1 3.18714e-06 -5.08791e-05 0.00938053 -3.18681e-06 1 6.41871e-06 -0.0010177 5.08791e-05 -6.41854e-06 1 0.000912681
1 3.41969e-05 4.57966e-05 0.00490596 -3.41981e-05 1 2.71936e-05 -0.00561497 -4.57956e-05 -2.71951e-05 1 -0.00322561
1 4.93349e-05 1.14818e-05 0.00995492 -4.9335e-05 1 7.37904e-06 -0.00558929 -1.14815e-05 -7.37961e-06 1 -0.00028036
1 -5.84994e-07 -3.35098e-06 0.0237569 5.85166e-07 1 5.11176e-05 -0.00342742 3.35096e-06 -5.11176e-05 1 0.000287947
1 -3.54222e-05 5.16689e-05 0.0330958 3.54209e-05 1 2.62262e-05 -0.00355421 -5.16698e-05 -2.62244e-05 1 0.0017663
1 -1.19749e-05 0.000127691 0.0398468 1.1981e-05 1 -4.73122e-05 0.00062588 -0.00012769 4.73138e-05 1 0.00285077
1 1.15353e-05 7.93918e-05 0.0325134 -1.15299e-05 1 -6.78677e-05 -0.00611066 -7.93926e-05 6.78668e-05 1 0.00641019
1 2.04423e-05 -1.10848e-05 0.000577543 -2.04432e-05 1 -8.2405e-05 -0.00413234 1.10831e-05 8.24052e-05 1 0.0080571
1 2.59996e-05 -4.4241e-06 -0.0246421 -2.6e-05 1 -9.34653e-05 -0.00634088 4.42167e-06 9.34654e-05 1 0.00430513
1 -2.86574e-05 0.00011636 -0.0263219 2.8661e-05 1 -3.09274e-05 -0.00204314 -0.000116359 3.09308e-05 1 0.000447199
1 -1.13383e-05 0.000197786 -0.0225601 1.13395e-05 1 -5.95048e-06 -0.00266842 -0.000197786 5.95272e-06 1 0.00253453
1 -1.06552e-05 0.000131966 -0.0350549 1.06763e-05 1 -0.000159826 -0.00317814 -0.000131964 0.000159828 1 0.0131651
1 -1.91977e-05 0.000152061 -0.0568135 1.92108e-05 1 -8.5727e-05 -0.00624068 -0.00015206 8.57299e-05 1 0.0134097
1 -0.000155374 0.000260742 -0.121656 0.000155387 1 -5.02985e-05 -0.0029213 -0.000260735 5.0339e-05 1 0.00926597
1 -0.000817864 0.000386024 -0.225355 0.000817854 1 2.52998e-05 0.0049569 -0.000386045 -2.49841e-05 1 0.00671858
0.999997 -0.00226661 0.000369909 -0.379065 0.00226658 0.999997 8.15699e-05 0.0213755 -0.000370093 -8.07313e-05 1 0.0109705
0.999997 -0.00251653 0.000406403 -0.461704 0.00251643 0.999997 0.000253117 -0.00334802 -0.000407039 -0.000252094 1 0.0110512
0.999997 -0.00255754 0.000396166 -0.544085 0.00255742 0.999997 0.000287114 -0.00979234 -0.000396899 -0.0002861 1 0.0109603
0.999993 -0.00385667 0.000342071 -0.654728 0.00385662 0.999993 0.000135773 -0.0128909 -0.000342592 -0.000134453 1 0.0213563
0.999982 -0.00599339 0.000617506 -0.769775 0.00599334 0.999982 8.17203e-05 -0.000680703 -0.000617984 -7.80179e-05 1 0.0277726
0.999973 -0.00730722 0.00106729 -0.905672 0.00730722 0.999973 6.18746e-06 -0.00981715 -0.0010673 1.61159e-06 0.999999 0.0350613
0.999957 -0.00908023 0.00180098 -1.08588 0.0090805 0.999959 -0.000142777 -0.00332187 -0.00179961 0.000159125 0.999998 0.0213734
0.999931 -0.0114962 0.00235848 -1.2678 0.0114961 0.999934 4.10116e-05 -0.00398669 -0.00235879 -1.38954e-05 0.999997 0.0220504
0.999898 -0.0141022 0.0024719 -1.44049 0.0141011 0.9999 0.000474174 -0.00711577 -0.00247835 -0.000439269 0.999997 0.0446129
0.99984 -0.0177117 0.00239697 -1.60419 0.0177096 0.999843 0.000889929 -0.0188337 -0.00241235 -0.000847338 0.999997 0.0565841
0.999788 -0.0204718 0.00217572 -1.7605 0.0204702 0.99979 0.000763551 -0.0502494 -0.00219089 -0.000718852 0.999997 0.0573577
0.999728 -0.0232739 0.00172513 -1.97094 0.0232736 0.999729 0.000173579 -0.0673865 -0.0017287 -0.000133382 0.999998 0.0557115
0.999644 -0.0266221 0.00181329 -2.19125 0.0266222 0.999646 -4.88381e-05 -0.0711072 -0.00181135 9.70946e-05 0.999998 0.0468347
0.999522 -0.0308345 0.00211166 -2.44961 0.0308347 0.999524 -5.59167e-05 -0.0548368 -0.00210894 0.000121002 0.999998 0.0562512
0.999399 -0.0345835 0.00220811 -2.67602 0.0345828 0.999402 0.000358431 -0.0803267 -0.00221918 -0.000281853 0.999997 0.0670201
0.999256 -0.0384832 0.00250928 -2.93746 0.0384811 0.999259 0.000903857 -0.116999 -0.0025422 -0.000806625 0.999996 0.085681
0.999114 -0.0420376 0.0021372 -3.19132 0.0420363 0.999116 0.000668538 -0.123094 -0.00216341 -0.000578106 0.999997 0.086755
0.998941 -0.0459673 0.00217982 -3.46749 0.045967 0.998943 0.000208435 -0.129044 -0.0021871 -0.000108014 0.999998 0.0829587
0.998677 -0.0513463 0.00275774 -3.76772 0.0513455 0.998681 0.000358015 -0.164381 -0.00277249 -0.000215943 0.999996 0.0866371
0.998397 -0.0565376 0.00280339 -4.08786 0.0565351 0.9984 0.000965503 -0.183335 -0.00285349 -0.000805465 0.999996 0.0995795
0.998126 -0.061151 0.00223781 -4.39049 0.0611481 0.998128 0.00136793 -0.195534 -0.00231728 -0.00122853 0.999997 0.109939
0.997776 -0.0666097 0.00261882 -4.71401 0.0666057 0.997778 0.00157952 -0.209862 -0.00271821 -0.00140158 0.999995 0.127922
0.997419 -0.071739 0.00301641 -5.03765 0.0717351 0.997423 0.00139685 -0.257729 -0.00310884 -0.00117686 0.999994 0.15865
0.997053 -0.0766376 0.00332641 -5.3786 0.0766349 0.997059 0.000918225 -0.313451 -0.00338699 -0.000660601 0.999994 0.145924
0.996657 -0.0816691 0.0020593 -5.74004 0.0816696 0.996659 -0.000172049 -0.359028 -0.00203837 0.000339655 0.999998 0.138567
0.996235 -0.0866916 0.000986985 -6.13484 0.0866931 0.996234 -0.00158082 -0.366974 -0.000846224 0.00166043 0.999998 0.140181
0.995903 -0.0904275 0.000683963 -6.49372 0.0904288 0.9959 -0.00224064 -0.424225 -0.000478544 0.00229331 0.999997 0.153648
0.995507 -0.0946752 0.0014578 -6.89915 0.0946795 0.995502 -0.00326339 -0.487729 -0.00114228 0.00338676 0.999994 0.171709
0.995097 -0.0988702 0.0024268 -7.30766 0.0988783 0.995094 -0.00346126 -0.535033 -0.00207268 0.00368425 0.999991 0.195274
0.994655 -0.103203 0.00312971 -7.73219 0.103212 0.994655 -0.00283623 -0.571274 -0.00282028 0.00314409 0.999991 0.210552
0.994028 -0.109029 0.00465136 -8.17979 0.109038 0.994036 -0.00171019 -0.597981 -0.00443716 0.00220714 0.999988 0.220095
0.993558 -0.113184 0.00557467 -8.57738 0.113197 0.99357 -0.0020408 -0.659283 -0.00530784 0.00265869 0.999982 0.233818
0.993229 -0.11594 0.00739246 -9.02322 0.115985 0.993232 -0.00610999 -0.733144 -0.00663404 0.00692604 0.999954 0.255575
0.992722 -0.120093 0.0089407 -9.50227 0.120164 0.992722 -0.00792629 -0.802608 -0.00792375 0.00894295 0.999929 0.268131
0.992181 -0.124471 0.00917629 -9.97185 0.124543 0.992184 -0.00774939 -0.86459 -0.00813999 0.00883164 0.999928 0.271752
0.991627 -0.128841 0.00866862 -10.4466 0.128905 0.99163 -0.00731676 -0.933308 -0.00765336 0.00837292 0.999936 0.27972
0.990753 -0.135454 0.00774822 -10.9398 0.135508 0.990752 -0.00692792 -0.983481 -0.00673816 0.0079138 0.999946 0.283074
0.989867 -0.14183 0.00691353 -11.4454 0.141876 0.989862 -0.00665802 -1.05578 -0.00589914 0.00757142 0.999954 0.297385
0.98918 -0.146569 0.00636642 -11.9515 0.146611 0.989172 -0.00666252 -1.14558 -0.00532096 0.00752382 0.999958 0.307954
0.988445 -0.151467 0.00590454 -12.4579 0.151505 0.988434 -0.0067376 -1.24052 -0.00481573 0.00755431 0.99996 0.33345
0.987766 -0.155823 0.00607484 -12.9625 0.155865 0.987752 -0.00724365 -1.31357 -0.0048717 0.00810189 0.999955 0.356897
0.987305 -0.158687 0.00688942 -13.4699 0.158737 0.987292 -0.00759181 -1.40134 -0.00559715 0.00858904 0.999947 0.354403
0.98713 -0.159745 0.00745286 -14.0287 0.159802 0.987119 -0.0077504 -1.50625 -0.00611876 0.00884164 0.999942 0.360302
0.986891 -0.161215 0.00751918 -14.5814 0.161272 0.986879 -0.00780533 -1.60069 -0.00616219 0.00891564 0.999941 0.378445
0.986707 -0.162316 0.00787037 -15.1324 0.162375 0.986701 -0.00750251 -1.68727 -0.00654793 0.00868073 0.999941 0.382518
0.986856 -0.161447 0.00703436 -15.7031 0.161494 0.986851 -0.0066789 -1.74508 -0.00586358 0.00772712 0.999953 0.395425
0.987193 -0.159404 0.0063883 -16.3015 0.159443 0.987189 -0.00603231 -1.82634 -0.00534488 0.00697362 0.999961 0.398926
0.987656 -0.156579 0.00430834 -16.87 0.156592 0.987659 -0.00278656 -1.92574 -0.00381885 0.00342682 0.999987 0.435141
0.988092 -0.153859 0.00143612 -17.4629 0.153857 0.988093 0.00102147 -2.00796 -0.00157618 -0.000788344 0.999998 0.471698
0.988648 -0.150247 0.00132557 -18.0642 0.150245 0.988647 0.00169651 -2.11696 -0.00156542 -0.00147809 0.999998 0.483928
0.989104 -0.147177 0.00347531 -18.6799 0.147172 0.98911 0.001673 -2.21277 -0.00368369 -0.0011433 0.999993 0.475192
0.989443 -0.14483 0.00512226 -19.3168 0.144822 0.989456 0.00197217 -2.28897 -0.00535388 -0.00120954 0.999985 0.502285
0.989891 -0.14172 0.00556434 -19.9457 0.141708 0.989905 0.00247609 -2.36666 -0.00585908 -0.00166255 0.999981 0.520734
0.990495 -0.137467 0.00478365 -20.5929 0.137456 0.990505 0.00247269 -2.4563 -0.00507815 -0.00179164 0.999986 0.53437
0.991153 -0.132702 0.00228553 -21.2743 0.132696 0.991154 0.00244191 -2.53039 -0.00258936 -0.00211702 0.999994 0.539853
0.991765 -0.128071 -0.000311397 -21.9516 0.128071 0.991762 0.00261287 -2.6085 -2.57998e-05 -0.00263123 0.999997 0.556054
0.992361 -0.123366 -0.00116021 -22.6008 0.123368 0.992358 0.00258879 -2.67707 0.000831978 -0.00271215 0.999996 0.589432
0.992925 -0.118746 0.000441012 -23.2234 0.118744 0.992923 0.00208706 -2.74771 -0.000685721 -0.00201993 0.999998 0.614423
0.993525 -0.113568 0.00322356 -23.9049 0.113569 0.99353 5.92215e-05 -2.81351 -0.00320943 0.000307258 0.999995 0.637507
0.994359 -0.10591 0.00579888 -24.6003 0.10591 0.994376 0.00034811 -2.88349 -0.00580314 0.000268011 0.999983 0.641145
0.995143 -0.0983124 0.00505653 -25.2661 0.0982981 0.995152 0.00299823 -2.9336 -0.00532678 -0.00248662 0.999983 0.646195
0.995903 -0.0903583 0.003673 -25.962 0.0903437 0.995903 0.00397235 -2.97926 -0.00401689 -0.00362424 0.999985 0.66254
0.996686 -0.0813208 0.00185682 -26.6582 0.0813172 0.996686 0.00193181 -3.04823 -0.00200776 -0.00177442 0.999996 0.711957
0.997407 -0.0719031 0.00304422 -27.3509 0.0719107 0.997408 -0.0024444 -3.09194 -0.00286057 0.00265698 0.999992 0.746841
0.997938 -0.0638314 0.00675682 -28.0518 0.0638648 0.997947 -0.00485511 -3.11167 -0.00643303 0.00527662 0.999965 0.743522
0.99838 -0.0561283 0.00937084 -28.7498 0.0561752 0.998409 -0.00482346 -3.14911 -0.0090852 0.00534205 0.999944 0.751776
0.998829 -0.0475837 0.00868469 -29.4527 0.0476199 0.998857 -0.00401095 -3.1778 -0.00848391 0.00441982 0.999954 0.777909
0.999228 -0.0387848 0.00630056 -30.1923 0.0388121 0.999237 -0.00427883 -3.19438 -0.0061298 0.00452006 0.999971 0.81629
0.999538 -0.0301397 0.0040362 -30.9278 0.0301623 0.999529 -0.00564887 -3.21466 -0.00386405 0.005768 0.999976 0.835167
0.999761 -0.0214552 0.00416705 -31.6518 0.0214815 0.999749 -0.00636316 -3.23149 -0.00402948 0.00645116 0.999971 0.831795
0.999875 -0.0146715 0.00591375 -32.4001 0.0147027 0.999878 -0.0052708 -3.22782 -0.0058357 0.00535709 0.999969 0.841688
0.999929 -0.00952851 0.00719902 -33.1668 0.00955386 0.999948 -0.00349522 -3.20898 -0.00716535 0.00356375 0.999968 0.880062
0.999964 -0.00502722 0.00690111 -33.9112 0.00504816 0.999983 -0.00302062 -3.19601 -0.00688581 0.00305535 0.999972 0.919521
0.999981 -0.000509054 0.0061862 -34.6829 0.000528512 0.999995 -0.00314407 -3.19963 -0.00618457 0.00314727 0.999976 0.938709
0.999979 0.00437761 0.00475622 -35.4533 -0.00436301 0.999986 -0.00307464 -3.20314 -0.00476961 0.00305382 0.999984 0.942083
0.999955 0.00833296 0.00446932 -36.2453 -0.00832315 0.999963 -0.0022092 -3.18182 -0.00448756 0.0021719 0.999988 0.968844
0.99993 0.0108378 0.00466101 -37.0329 -0.0108307 0.99994 -0.00154092 -3.15092 -0.00467743 0.00149033 0.999988 1.01138
0.999906 0.0123512 0.00588237 -37.8387 -0.0123436 0.999923 -0.00133905 -3.13871 -0.00589845 0.00126632 0.999982 1.0415
0.999882 0.0138719 0.00657065 -38.649 -0.0138673 0.999904 -0.000742068 -3.12945 -0.00658031 0.000650864 0.999978 1.05257
0.999856 0.0156501 0.00658669 -39.4476 -0.015653 0.999877 0.000384971 -3.11456 -0.00657986 -0.000488017 0.999978 1.06458
0.999832 0.0171081 0.00656249 -40.2623 -0.0171219 0.999851 0.00204394 -3.09256 -0.00652654 -0.00215596 0.999976 1.07833
0.999819 0.0177609 0.00681157 -41.0806 -0.0177871 0.999835 0.00380867 -3.07758 -0.0067428 -0.00392914 0.99997 1.09869
0.999798 0.0176368 0.00965249 -41.9251 -0.0176922 0.999827 0.00568246 -3.06146 -0.00955061 -0.00585208 0.999937 1.12001
0.999764 0.0175958 0.0127642 -42.7666 -0.0176969 0.999813 0.00784904 -3.03953 -0.0126237 -0.00807307 0.999888 1.15451
0.999745 0.017676 0.0140715 -43.6291 -0.0178018 0.999802 0.00886486 -3.02039 -0.013912 -0.00911309 0.999862 1.2138
0.999792 0.016931 0.0114086 -44.5076 -0.0170127 0.99983 0.00710471 -2.99411 -0.0112864 -0.00729732 0.99991 1.2494
0.999851 0.0160669 0.00623855 -45.3676 -0.0161047 0.999852 0.00606494 -2.9891 -0.00614018 -0.00616451 0.999962 1.22548
0.999884 0.0147059 0.00392128 -46.2432 -0.0147475 0.999833 0.0108023 -2.98149 -0.00376176 -0.0108589 0.999934 1.24041
0.999907 0.0130781 0.00374686 -47.1217 -0.013133 0.999801 0.0150285 -2.95428 -0.00354957 -0.0150763 0.99988 1.31292
0.999911 0.0123695 0.0049613 -48.0261 -0.0124333 0.999838 0.013037 -2.92621 -0.00479924 -0.0130975 0.999903 1.37892
0.999921 0.0115921 0.00491727 -48.9278 -0.0116398 0.999884 0.00978361 -2.91261 -0.00480329 -0.00984007 0.99994 1.36374
0.999943 0.0103235 0.00286441 -49.8451 -0.0103475 0.999911 0.00847775 -2.91202 -0.00277664 -0.0085069 0.99996 1.35696
0.999964 0.00841193 0.000869172 -50.7675 -0.00842063 0.999909 0.0105547 -2.89831 -0.000780307 -0.0105617 0.999944 1.38702
0.999971 0.00732135 0.00205827 -51.6799 -0.00734493 0.999905 0.0116912 -2.88476 -0.00197248 -0.011706 0.99993 1.42444
0.999956 0.00736856 0.00581588 -52.6075 -0.00744338 0.999888 0.0129495 -2.87485 -0.00571981 -0.0129923 0.999899 1.42588
0.999935 0.00704931 0.00900596 -53.5595 -0.00720777 0.999818 0.0176848 -2.86927 -0.00887965 -0.0177486 0.999803 1.45326
0.999926 0.00710085 0.00990095 -54.5029 -0.00728494 0.999799 0.0186824 -2.86167 -0.0097663 -0.0187531 0.999776 1.51395
0.999909 0.00696494 0.0115261 -55.4616 -0.0071587 0.999832 0.0168552 -2.84826 -0.0114068 -0.0169362 0.999792 1.53249
0.99992 0.00618599 0.0110199 -56.4588 -0.00634355 0.999877 0.0143208 -2.83704 -0.01093 -0.0143896 0.999837 1.55661
0.99998 0.00574274 0.00282618 -57.4498 -0.00577002 0.999936 0.00974185 -2.81876 -0.00277005 -0.00975796 0.999949 1.59315
0.999957 0.00648049 -0.0066258 -58.4111 -0.00644158 0.999962 0.0058783 -2.82417 0.00666365 -0.00583537 0.999961 1.60273
0.999956 0.00722881 -0.00599976 -59.3757 -0.0072066 0.999967 0.00371642 -2.83044 0.00602642 -0.00367302 0.999975 1.63465
0.999957 0.00659019 0.00655317 -60.3889 -0.00661582 0.999971 0.00389788 -2.82409 -0.00652729 -0.00394107 0.999971 1.67166
0.999799 0.00529234 0.0193203 -61.3842 -0.00538059 0.999975 0.00451889 -2.80994 -0.0192959 -0.00462194 0.999803 1.69305
0.999729 0.00448883 0.0228451 -62.377 -0.00460306 0.999977 0.00495029 -2.8038 -0.0228224 -0.00505411 0.999727 1.72498
0.999846 0.00399066 0.0171096 -63.4126 -0.00409171 0.999974 0.00587554 -2.79002 -0.0170857 -0.00594464 0.999836 1.77316
0.999955 0.00332542 0.00888966 -64.4632 -0.00339341 0.999965 0.00764395 -2.77828 -0.00886393 -0.00767377 0.999931 1.79762
0.999989 0.00289772 0.00377552 -65.5015 -0.00293374 0.99995 0.00957026 -2.76572 -0.0037476 -0.00958123 0.999947 1.82743
0.999992 0.00292626 0.00267439 -66.535 -0.00295241 0.999947 0.00982698 -2.76605 -0.00264549 -0.00983479 0.999948 1.881
0.999968 0.00313717 0.00731878 -67.5753 -0.00319709 0.999961 0.00819018 -2.76229 -0.00729281 -0.00821332 0.99994 1.92224
0.99991 0.00364933 0.0128807 -68.6476 -0.00373742 0.99997 0.00682159 -2.74319 -0.0128555 -0.00686912 0.999894 1.93903
0.999867 0.00350208 0.0159497 -69.7016 -0.00359147 0.999978 0.0055796 -2.73827 -0.0159298 -0.00563614 0.999857 1.96152
0.999873 0.00390985 0.0154479 -70.7759 -0.00397699 0.999983 0.00431804 -2.74557 -0.0154308 -0.00437893 0.999871 1.99958
0.99992 0.00406242 0.0119426 -71.8398 -0.00409623 0.999988 0.00280771 -2.74177 -0.0119311 -0.0028564 0.999925 2.04354
0.999948 0.00357088 0.00955632 -72.9374 -0.00359032 0.999992 0.00201745 -2.72589 -0.00954903 -0.00205165 0.999952 2.08596
0.999953 0.00358416 0.00901282 -74.0354 -0.00360419 0.999991 0.00220678 -2.7148 -0.00900483 -0.00223916 0.999957 2.12031
0.99994 0.00429487 0.01007 -75.1203 -0.0043176 0.999988 0.0022366 -2.71409 -0.0100603 -0.00227995 0.999947 2.15678
0.99993 0.00493003 0.0107863 -76.2095 -0.00495658 0.999985 0.002436 -2.70813 -0.0107742 -0.00248929 0.999939 2.17968
0.999924 0.00520185 0.0111928 -77.3228 -0.00522963 0.999983 0.00245476 -2.70031 -0.0111798 -0.0025131 0.999934 2.22085
0.999917 0.00544019 0.0116688 -78.4312 -0.00547282 0.999981 0.00276657 -2.67798 -0.0116536 -0.0028302 0.999928 2.25812
0.999925 0.00657013 0.010318 -79.536 -0.00660219 0.999973 0.00307673 -2.6708 -0.0102975 -0.00314463 0.999942 2.30035
0.999915 0.00779246 0.0104864 -80.6666 -0.00781221 0.999968 0.00184342 -2.66862 -0.0104717 -0.00192518 0.999943 2.33305
0.999909 0.00896559 0.0101011 -81.8155 -0.0089713 0.99996 0.000519973 -2.65705 -0.010096 -0.000610545 0.999949 2.37635
0.999881 0.0118308 0.00990951 -82.9472 -0.0118311 0.99993 -2.21453e-05 -2.61979 -0.00990908 -9.50979e-05 0.999951 2.39999
0.999833 0.0145752 0.0110119 -84.0845 -0.0145854 0.999893 0.000841395 -2.60796 -0.0109985 -0.00100187 0.999939 2.43058
0.999773 0.0171659 0.0126524 -85.2261 -0.0171913 0.99985 0.0019015 -2.57544 -0.0126179 -0.00211858 0.999918 2.47375
0.99972 0.019238 0.0137828 -86.368 -0.0192735 0.999811 0.00245043 -2.53823 -0.0137331 -0.00271538 0.999902 2.54439
0.999654 0.0217676 0.0147388 -87.5312 -0.0217841 0.999762 0.000962629 -2.51295 -0.0147143 -0.00128337 0.999891 2.6102
0.999547 0.025154 0.0165421 -88.7017 -0.0251377 0.999683 -0.0011937 -2.49099 -0.0165669 0.00077733 0.999862 2.64038
0.999437 0.0287436 0.0173229 -89.8576 -0.028696 0.999584 -0.00299337 -2.45938 -0.0174018 0.00249458 0.999845 2.66354
0.999324 0.0327302 0.0167229 -91.017 -0.0326481 0.999454 -0.00516398 -2.41347 -0.0168827 0.00461452 0.999847 2.70673
0.999215 0.0368905 0.0144436 -92.1985 -0.0368121 0.999306 -0.00565549 -2.37098 -0.0146422 0.00511935 0.99988 2.76144
0.999099 0.0407993 0.0116912 -93.3795 -0.0407387 0.999155 -0.00537735 -2.32018 -0.0119007 0.00489622 0.999917 2.8216
0.998917 0.044873 0.0123372 -94.555 -0.0448134 0.998983 -0.00506832 -2.25906 -0.0125521 0.00450995 0.999911 2.85254
0.998724 0.0487331 0.0132607 -95.736 -0.0486715 0.998803 -0.00493044 -2.20316 -0.0134851 0.00427872 0.9999 2.8959
0.998542 0.0525868 0.0121673 -96.9303 -0.0525248 0.998605 -0.00535503 -2.13549 -0.0124319 0.00470814 0.999912 2.94229
0.998333 0.0566065 0.0112227 -98.1361 -0.056553 0.998387 -0.00502566 -2.05655 -0.0114891 0.0043826 0.999924 2.96205
0.998087 0.0608465 0.0109639 -99.3511 -0.0608123 0.998143 -0.00342247 -1.96891 -0.0111518 0.00274919 0.999934 2.98579
0.997855 0.0646015 0.0105678 -100.565 -0.0645971 0.997911 -0.000760955 -1.88609 -0.0105949 7.66704e-05 0.999944 3.0281
0.997624 0.0681192 0.0103097 -101.797 -0.0681739 0.997661 0.00504692 -1.78391 -0.00994182 -0.00573779 0.999934 3.07882
0.997292 0.0728492 0.0100534 -102.988 -0.0729393 0.997297 0.00890061 -1.6837 -0.00937785 -0.0096098 0.99991 3.15397
0.996989 0.076756 0.0109791 -104.204 -0.0768403 0.997015 0.00747902 -1.59192 -0.0103723 -0.00830014 0.999912 3.21168
0.996691 0.0799882 0.0144721 -105.454 -0.0800043 0.996794 0.000531859 -1.4984 -0.0143832 -0.00168793 0.999895 3.26199
0.996304 0.0837523 0.0190593 -106.685 -0.0836398 0.996474 -0.00662679 -1.40715 -0.0195471 0.00500818 0.999796 3.28541
0.995901 0.08733 0.0235354 -107.9 -0.0870895 0.996139 -0.0110583 -1.28973 -0.0244102 0.00896325 0.999662 3.30708
0.995535 0.0913446 0.0237846 -109.104 -0.0911237 0.995787 -0.010212 -1.1748 -0.0246172 0.00799906 0.999665 3.35164
0.995255 0.0949849 0.0210879 -110.369 -0.0948346 0.995461 -0.00801978 -1.04194 -0.021754 0.00598186 0.999745 3.44332
0.994941 0.0992422 0.015574 -111.616 -0.0991269 0.995043 -0.00800739 -0.915723 -0.0162915 0.00642309 0.999847 3.52661
0.99464 0.102582 0.0129377 -112.863 -0.102461 0.99469 -0.00968903 -0.798066 -0.0138629 0.0083115 0.999869 3.57853
0.994271 0.106129 0.0127447 -114.049 -0.105982 0.994299 -0.0117135 -0.669303 -0.0139152 0.0102956 0.99985 3.61314
0.993848 0.109734 0.0150169 -115.243 -0.10954 0.993895 -0.0131967 -0.52011 -0.0163733 0.0114706 0.9998 3.65566
0.993344 0.113701 0.0184439 -116.474 -0.113476 0.993458 -0.0127914 -0.377231 -0.0197776 0.0106133 0.999748 3.71646
0.992799 0.117921 0.0210872 -117.699 -0.117707 0.992986 -0.0111172 -0.233694 -0.0222502 0.00855508 0.999716 3.75769
0.99238 0.121456 0.0207661 -118.926 -0.121337 0.992587 -0.00689509 -0.0772723 -0.0214497 0.00432284 0.999761 3.82295
0.992093 0.124222 0.0178811 -120.141 -0.12416 0.992252 -0.00455587 0.0903553 -0.0183085 0.00229973 0.99983 3.90392
0.991647 0.127864 0.0169418 -121.352 -0.127804 0.991789 -0.00456574 0.248662 -0.0173865 0.00236236 0.999846 3.95804
0.991056 0.132243 0.0178814 -122.575 -0.132205 0.991217 -0.00327608 0.423064 -0.0181576 0.000882773 0.999835 3.99758
0.990525 0.136163 0.0179003 -123.815 -0.136129 0.990686 -0.00313489 0.603879 -0.0181604 0.000668436 0.999835 4.06814
0.990027 0.139489 0.0197158 -125.029 -0.139424 0.990222 -0.00465204 0.767424 -0.0201719 0.0018568 0.999795 4.10525
0.989403 0.143352 0.0230571 -126.222 -0.143271 0.98967 -0.00511616 0.941592 -0.0235523 0.00175853 0.999721 4.14938
0.988872 0.146868 0.0237073 -127.434 -0.146791 0.989155 -0.00498207 1.13891 -0.0241819 0.00144661 0.999707 4.22359
0.988318 0.150749 0.0224028 -128.671 -0.150666 0.98857 -0.00534243 1.32628 -0.0229521 0.00190468 0.999735 4.28763
0.987809 0.154188 0.0214309 -129.913 -0.154102 0.988039 -0.005611 1.51722 -0.0220397 0.00224006 0.999755 4.34041
0.98721 0.157947 0.02168 -131.135 -0.157857 0.987445 -0.00581091 1.70697 -0.0223256 0.00231425 0.999748 4.38924
0.986595 0.161596 0.0227494 -132.337 -0.161506 0.986855 -0.00577444 1.92128 -0.0233835 0.00202288 0.999725 4.43764
0.985957 0.165249 0.0241338 -133.557 -0.165156 0.98625 -0.00584107 2.14163 -0.0247672 0.00177321 0.999692 4.50104
0.985345 0.168943 0.0235116 -134.803 -0.168841 0.985623 -0.00624382 2.35476 -0.0242285 0.00218259 0.999704 4.57332
0.984668 0.172869 0.0233587 -136.033 -0.172766 0.984942 -0.00638005 2.5528 -0.0241099 0.00224664 0.999707 4.63471
0.984025 0.176351 0.0243819 -137.251 -0.176238 0.984325 -0.00671624 2.77316 -0.0251841 0.00231195 0.99968 4.68868
0.983388 0.179719 0.0254939 -138.474 -0.179636 0.983718 -0.00551948 3.02394 -0.0260708 0.000848154 0.99966 4.74525
0.9827 0.183496 0.0250816 -139.724 -0.183425 0.98302 -0.00511709 3.27533 -0.0255947 0.000427967 0.999672 4.81172
0.981973 0.187426 0.0245049 -140.928 -0.187351 0.982278 -0.00535074 3.49119 -0.0250735 0.000663267 0.999685 4.88065
0.981189 0.191433 0.0249171 -142.172 -0.191344 0.981505 -0.00593612 3.72128 -0.0255926 0.00105673 0.999672 4.95399
0.980442 0.195213 0.0250228 -143.43 -0.195131 0.980761 -0.00568216 3.98931 -0.0256506 0.000688308 0.999671 5.01736
0.979791 0.198653 0.0233886 -144.679 -0.1986 0.98007 -0.00460566 4.24728 -0.0238374 -0.000132384 0.999716 5.07713
0.979182 0.201745 0.0223894 -145.931 -0.20172 0.979437 -0.00341311 4.51601 -0.0226176 -0.00117433 0.999743 5.1432
0.978328 0.205678 0.0238817 -147.17 -0.205667 0.978618 -0.00293552 4.78655 -0.0239748 -0.00203978 0.99971 5.21378
0.977463 0.209488 0.0260951 -148.404 -0.209439 0.977811 -0.00460948 5.0545 -0.0264817 -0.000959732 0.999649 5.28771
0.97652 0.213537 0.0284676 -149.656 -0.213467 0.976935 -0.00551185 5.31659 -0.028988 -0.000694475 0.99958 5.32761
0.975566 0.217947 0.0277501 -150.894 -0.217879 0.97596 -0.00549899 5.59545 -0.0282815 -0.000681532 0.9996 5.37423
0.974803 0.221704 0.0246145 -152.136 -0.221653 0.975114 -0.00478969 5.8921 -0.0250638 -0.000786883 0.999686 5.44492
0.973836 0.226132 0.022548 -153.399 -0.226073 0.974097 -0.00517882 6.19361 -0.023135 -5.41718e-05 0.999732 5.52546
0.972639 0.231177 0.0230273 -154.644 -0.23107 0.97291 -0.00725764 6.49545 -0.0240813 0.00173815 0.999708 5.60649
0.9713 0.236476 0.0255862 -155.882 -0.23632 0.971633 -0.00903117 6.78436 -0.0269961 0.00272545 0.999632 5.6658
0.970058 0.24136 0.0270704 -157.125 -0.241142 0.970427 -0.0110891 7.09609 -0.0289463 0.00422921 0.999572 5.73372
0.968919 0.245843 0.0275277 -158.385 -0.245581 0.969294 -0.0125849 7.41132 -0.0297764 0.0054335 0.999542 5.78623
0.967698 0.25068 0.0268525 -159.637 -0.250429 0.968056 -0.0123781 7.74683 -0.0290976 0.00525363 0.999563 5.83637
0.96641 0.255688 0.0259978 -160.884 -0.255499 0.966753 -0.0104087 8.0969 -0.0277948 0.00341663 0.999608 5.90451
0.965123 0.260608 0.0249308 -162.144 -0.26047 0.965443 -0.00867507 8.43693 -0.02633 0.00187878 0.999652 5.99903
0.963769 0.265505 0.025605 -163.383 -0.265417 0.964109 -0.00687052 8.78645 -0.0265101 -0.000174382 0.999649 6.07355
0.962319 0.270584 0.0269669 -164.635 -0.270502 0.962696 -0.00670284 9.14584 -0.0277746 -0.00084433 0.999614 6.14829
0.960911 0.275574 0.0266168 -165.858 -0.275441 0.961279 -0.00860204 9.48866 -0.0279567 0.000934418 0.999609 6.21586
0.959717 0.279722 0.0264377 -167.105 -0.279535 0.960077 -0.0105873 9.85215 -0.0283437 0.00277056 0.999594 6.28532
0.958523 0.283669 0.0276502 -168.328 -0.283464 0.958918 -0.01115 10.2167 -0.0296772 0.00284969 0.999555 6.35636
0.957517 0.286872 0.0294107 -169.558 -0.286614 0.957961 -0.0127414 10.5913 -0.0318294 0.00377056 0.999486 6.44528
0.956762 0.289164 0.0314847 -170.775 -0.28883 0.957266 -0.0147873 10.9755 -0.0344152 0.0050542 0.999395 6.5194
0.955818 0.292376 0.0304724 -171.979 -0.292011 0.956282 -0.0159111 11.3435 -0.0337923 0.00630986 0.999409 6.56913
0.954947 0.295526 0.0272118 -173.2 -0.295259 0.955323 -0.0134325 11.7175 -0.0299657 0.00479278 0.999539 6.61996
0.953757 0.299609 0.0241092 -174.416 -0.299447 0.954059 -0.0101348 12.1004 -0.0260381 0.00244675 0.999658 6.70279
0.952536 0.30354 0.0232132 -175.621 -0.303418 0.952818 -0.00868536 12.5141 -0.0247543 0.00122981 0.999693 6.77951
0.951058 0.307857 0.0267081 -176.842 -0.307713 0.951432 -0.00946441 12.9013 -0.0283246 0.000782795 0.999598 6.85179
0.949182 0.313061 0.0323503 -178.037 -0.312865 0.949733 -0.0110769 13.2935 -0.0341919 0.000392708 0.999415 6.91886
0.947555 0.317852 0.033306 -179.24 -0.317649 0.94814 -0.0113462 13.6952 -0.0351852 0.000171512 0.999381 6.9941
0.946105 0.322547 0.0291481 -180.45 -0.322312 0.94655 -0.0125582 14.1113 -0.0316407 0.00248665 0.999496 7.08136
0.944708 0.326797 0.0270191 -181.667 -0.326484 0.945077 -0.015406 14.5279 -0.0305697 0.0057329 0.999516 7.12668
0.942778 0.332085 0.029812 -182.847 -0.33178 0.943241 -0.0148062 14.9377 -0.0330368 0.00406797 0.999446 7.19979
0.940033 0.339241 0.0353987 -184.034 -0.338908 0.940697 -0.0152073 15.3643 -0.0384584 0.00229844 0.999258 7.28369
0.937361 0.346069 0.0398702 -185.236 -0.345821 0.938208 -0.013191 15.8265 -0.0419716 -0.00142321 0.999118 7.35392
0.935035 0.352275 0.0401569 -186.422 -0.352139 0.935887 -0.0106388 16.2959 -0.0413302 -0.00419317 0.999137 7.44434
0.932956 0.35784 0.0392864 -187.608 -0.357765 0.933767 -0.00914562 16.7724 -0.039957 -0.00552285 0.999186 7.53529
0.930477 0.364338 0.0383531 -188.789 -0.36428 0.931248 -0.00874038 17.2403 -0.0389007 -0.00583856 0.999226 7.61728
0.927797 0.371417 0.0352579 -189.952 -0.371425 0.92844 -0.00656087 17.708 -0.0351716 -0.00700851 0.999357 7.68887
0.925101 0.378413 0.031487 -191.136 -0.378432 0.925612 -0.0055805 18.1879 -0.0312565 -0.00675317 0.999489 7.75971
0.922624 0.384423 0.0313819 -192.333 -0.384467 0.923126 -0.00484784 18.6898 -0.0308331 -0.00759258 0.999496 7.83722
0.919912 0.390658 0.0338989 -193.517 -0.390753 0.920487 -0.00403505 19.1987 -0.0327798 -0.00953422 0.999417 7.90023
0.917834 0.395382 0.0354038 -194.707 -0.395517 0.918452 -0.0034062 19.727 -0.0338634 -0.0108765 0.999367 7.98136
0.916188 0.399137 0.0359061 -195.885 -0.399257 0.91683 -0.00407576 20.2429 -0.0345466 -0.0106016 0.999347 8.06607
0.914494 0.402787 0.0382554 -197.056 -0.402845 0.915245 -0.00652198 20.7674 -0.03764 -0.00944666 0.999247 8.14869
0.912538 0.406957 0.040753 -198.216 -0.406905 0.913416 -0.00994975 21.2942 -0.0412736 -0.00750308 0.99912 8.22827
0.910465 0.41171 0.039355 -199.395 -0.411583 0.911298 -0.0116449 21.8056 -0.0406585 -0.00559558 0.999157 8.3107
0.908628 0.416092 0.0355427 -200.585 -0.4159 0.909318 -0.0129765 22.3542 -0.037719 -0.00299142 0.999284 8.3979
0.90672 0.420378 0.0337737 -201.754 -0.420172 0.907347 -0.0133086 22.9113 -0.0362391 -0.00212358 0.999341 8.46837
0.904883 0.424254 0.0345741 -202.906 -0.424099 0.905536 -0.0120498 23.4689 -0.0364203 -0.00375919 0.999329 8.53573
0.902964 0.42825 0.0354527 -204.054 -0.428123 0.903647 -0.0114881 23.9966 -0.0369565 -0.00480482 0.999305 8.62275
0.90088 0.432531 0.0364895 -205.229 -0.432433 0.9016 -0.0109515 24.5643 -0.0376357 -0.00591326 0.999274 8.69916
0.899018 0.436229 0.0383587 -206.412 -0.436156 0.899808 -0.0106996 25.1434 -0.039183 -0.00711124 0.999207 8.78862
0.897 0.440348 0.0385363 -207.556 -0.440261 0.8978 -0.011165 25.7207 -0.0395144 -0.00695107 0.999195 8.87932
0.895044 0.444392 0.037572 -208.706 -0.444252 0.895815 -0.0124553 26.2907 -0.0391926 -0.00554338 0.999216 8.96082
0.893022 0.448404 0.0380282 -209.873 -0.44823 0.893817 -0.0134612 26.8698 -0.0400263 -0.00502421 0.999186 9.03575
0.890608 0.45314 0.0384917 -211.018 -0.452893 0.891432 -0.0154183 27.4621 -0.0412993 -0.00370096 0.99914 9.12673
0.888708 0.456845 0.0386033 -212.16 -0.456558 0.889541 -0.016471 28.0617 -0.0418639 -0.0029867 0.999119 9.19519
0.887157 0.459937 0.0375448 -213.308 -0.459648 0.887948 -0.016505 28.6654 -0.0409291 -0.00261491 0.999159 9.28706
0.886006 0.462303 0.0356413 -214.48 -0.462115 0.886712 -0.0138297 29.2732 -0.0379971 -0.00421717 0.999269 9.37131
0.884298 0.465775 0.0327297 -215.625 -0.4657 0.884882 -0.0103405 29.8827 -0.0337783 -0.00609817 0.999411 9.43197
0.882292 0.469626 0.0318094 -216.764 -0.469602 0.882836 -0.00868955 30.4941 -0.0321633 -0.00727104 0.999456 9.51877
0.880204 0.4733 0.0350338 -217.897 -0.473295 0.880858 -0.00897177 31.1315 -0.0351062 -0.00868435 0.999346 9.60877
0.877941 0.476934 0.0418782 -219.04 -0.476856 0.878893 -0.0124887 31.7567 -0.0427627 -0.00900557 0.999045 9.7021
0.87571 0.480464 0.0478178 -220.181 -0.480382 0.876948 -0.0139427 32.3727 -0.0486327 -0.0107611 0.998759 9.78014
0.873909 0.483696 0.0481755 -221.329 -0.48363 0.875164 -0.0137924 32.9951 -0.0488328 -0.0112458 0.998744 9.86128
0.872002 0.48744 0.0448848 -222.472 -0.487531 0.873052 -0.00963509 33.6401 -0.0438833 -0.013481 0.998946 9.94323
0.870187 0.491212 0.0385493 -223.6 -0.491411 0.870914 -0.00477122 34.3082 -0.0359168 -0.0147917 0.999245 10.0359
0.868537 0.494349 0.0355187 -224.737 -0.494598 0.86912 -0.00201715 34.9594 -0.0318672 -0.0158155 0.999367 10.1201
0.866618 0.497431 0.0391868 -225.855 -0.497704 0.867341 -0.00313431 35.6235 -0.0355474 -0.0167872 0.999227 10.2036
0.864067 0.501335 0.0453025 -226.975 -0.501634 0.865063 -0.00532644 36.2768 -0.0418599 -0.0181229 0.998959 10.2804
0.861408 0.505692 0.0474559 -228.093 -0.50602 0.862503 -0.00572438 36.9342 -0.0438256 -0.0190826 0.998857 10.3641
0.859541 0.508985 0.0460736 -229.235 -0.509322 0.860562 -0.00499141 37.6109 -0.0421897 -0.0191759 0.998926 10.4484
0.857906 0.512051 0.0424368 -230.356 -0.512352 0.858765 -0.00428871 38.2884 -0.0386393 -0.0180632 0.99909 10.5415
0.855799 0.515642 0.0414988 -231.451 -0.515935 0.856618 -0.00412817 38.9632 -0.0376772 -0.0178778 0.99913 10.6076
0.853494 0.519411 0.041951 -232.574 -0.519715 0.854329 -0.00415113 39.6478 -0.0379961 -0.0182596 0.999111 10.7
0.851115 0.523057 0.044882 -233.717 -0.523309 0.852115 -0.00688202 40.3474 -0.0418443 -0.0176297 0.998969 10.8028
0.848684 0.526685 0.0483525 -234.813 -0.526812 0.849909 -0.0111186 41.0323 -0.0469512 -0.0160365 0.998768 10.9043
0.846537 0.529949 0.0502985 -235.914 -0.529974 0.847899 -0.0139351 41.7218 -0.050033 -0.0148603 0.998637 10.9682
0.844558 0.533034 0.0509436 -237.013 -0.533086 0.84595 -0.0137153 42.4312 -0.0504065 -0.0155739 0.998607 11.0603
0.84246 0.536615 0.0480193 -238.117 -0.536797 0.843651 -0.010101 43.1407 -0.0459319 -0.017267 0.998795 11.1422
0.840371 0.540366 0.042203 -239.226 -0.540602 0.841253 -0.00659492 43.8582 -0.0390671 -0.0172729 0.999087 11.2432
0.838559 0.543448 0.0385124 -240.318 -0.54363 0.8393 -0.00647474 44.5792 -0.0358422 -0.0155071 0.999237 11.3455
0.836359 0.546707 0.0401942 -241.405 -0.546783 0.837214 -0.0100652 45.2972 -0.0391539 -0.0135594 0.999141 11.4187
0.834231 0.549686 0.0436341 -242.495 -0.549637 0.835283 -0.0141801 46.0173 -0.0442414 -0.0121534 0.998947 11.4897
0.832109 0.552717 0.0458007 -243.592 -0.552784 0.833233 -0.0123505 46.7617 -0.044989 -0.0150409 0.998874 11.5351
0.830211 0.555563 0.0458229 -244.688 -0.555925 0.831214 -0.00559367 47.4877 -0.0411963 -0.0208302 0.998934 11.6349
0.828866 0.557638 0.0449539 -245.746 -0.558126 0.829754 -0.00201195 48.2129 -0.0384226 -0.0234223 0.998987 11.7956
0.827733 0.559456 0.0432233 -246.805 -0.559777 0.828626 -0.00540458 48.9324 -0.0388395 -0.0197218 0.999051 11.8933
0.826195 0.561854 0.0415054 -247.876 -0.562014 0.827081 -0.00881196 49.659 -0.0392793 -0.0160462 0.999099 11.9187
0.824697 0.564074 0.0411854 -248.943 -0.564245 0.825564 -0.00844953 50.3773 -0.0387673 -0.0162703 0.999116 11.98
0.823078 0.5661 0.0455429 -249.977 -0.566334 0.824128 -0.00881848 51.1054 -0.0425254 -0.0185342 0.998923 12.0927
0.821429 0.567986 0.051446 -251.037 -0.56831 0.82276 -0.00951623 51.8458 -0.0477328 -0.0214204 0.99863 12.2036
0.819661 0.570226 0.0547549 -252.079 -0.570706 0.821116 -0.00796225 52.5934 -0.0495004 -0.0247226 0.998468 12.3038
0.818353 0.572314 0.0524937 -253.129 -0.572845 0.819643 -0.00578691 53.3368 -0.046338 -0.025335 0.998604 12.3771
0.816953 0.574271 0.0529262 -254.155 -0.575043 0.818123 -0.000775096 54.049 -0.0437452 -0.0298016 0.998598 12.4486
0.815138 0.576512 0.0564336 -255.155 -0.577418 0.816448 -0.000298292 54.7817 -0.0462471 -0.0323426 0.998406 12.5843
0.813648 0.57904 0.0518532 -256.194 -0.57969 0.814832 -0.00302004 55.5412 -0.0440003 -0.0276015 0.99865 12.6832
0.812401 0.581552 0.0424497 -257.223 -0.581938 0.813224 -0.0038968 56.2738 -0.0367873 -0.0215373 0.999091 12.7242
0.810777 0.584056 0.0389867 -258.231 -0.584298 0.811516 -0.00604443 57.0058 -0.0351686 -0.0178792 0.999221 12.794
0.808381 0.586853 0.0460968 -259.262 -0.586944 0.809524 -0.0129537 57.7361 -0.0449183 -0.0165847 0.998853 12.8996
0.805713 0.589773 0.054724 -260.277 -0.589684 0.807399 -0.0194811 58.4605 -0.0556735 -0.0165736 0.998311 13.0026
0.803923 0.591837 0.0586273 -261.284 -0.591693 0.805872 -0.0216436 59.2133 -0.0600556 -0.0172896 0.998045 13.0896
