1 0 0 0 0 1 0 0 0 0 1 0
1 9.17177e-05 -1.81452e-05 0.00385641 -9.17171e-05 1 3.12629e-05 -0.00416951 1.8148e-05 -3.12612e-05 1 0.00067331
1 -4.64815e-05 4.50765e-05 -0.000580834 4.64784e-05 1 6.96252e-05 -0.001227 -4.50798e-05 -6.96231e-05 1 -0.00228798
1 -7.32346e-05 6.3724e-05 0.000942845 7.32263e-05 1 0.00012968 0.00616531 -6.37335e-05 -0.000129675 1 -0.00479189
1 -8.57953e-05 2.90384e-06 -4.65039e-05 8.57952e-05 1 2.99176e-05 0.00877952 -2.90641e-06 -2.99174e-05 1 -0.00180218
1 -5.42044e-05 -4.54521e-06 -0.00157366 5.42044e-05 1 -1.61655e-05 0.00272079 4.54608e-06 1.61652e-05 1 -0.000414971
1 5.36249e-05 3.31763e-06 -2.40983e-05 -5.36251e-05 1 4.89624e-05 -0.00326141 -3.31501e-06 -4.89626e-05 1 -0.000738278
1 -8.54217e-05 3.79573e-05 -0.000778239 8.54213e-05 1 1.09989e-05 0.000195753 -3.79582e-05 -1.09957e-05 1 0.000148392
1 -0.00013013 -7.96215e-06 0.000502663 0.00013013 1 -2.48335e-06 0.00273675 7.96248e-06 2.48232e-06 1 0.000679974
1 -5.7951e-05 1.1581e-05 0.00453173 5.79496e-05 1 0.000119625 -0.000482817 -1.15879e-05 -0.000119624 1 -0.00253058
1 -1.16049e-05 3.66161e-05 0.00381631 1.16016e-05 1 8.85007e-05 0.00253158 -3.66171e-05 -8.85002e-05 1 -0.0034532
1 6.78991e-05 7.67101e-06 0.00657259 -6.78991e-05 1 3.28569e-06 0.00330035 -7.67079e-06 -3.28621e-06 1 -0.000844264
1 5.98712e-05 -1.23797e-05 0.00256978 -5.98709e-05 1 2.9644e-05 0.00227774 1.23815e-05 -2.96433e-05 1 -0.000809088
1 7.06689e-05 -2.82315e-05 0.00535219 -7.06678e-05 1 4.05506e-05 -0.00101699 2.82343e-05 -4.05486e-05 1 0.000494602
1 -8.66353e-05 -1.39105e-05 -0.000131591 8.66355e-05 1 1.84368e-05 0.00137692 1.39089e-05 -1.84381e-05 1 0.0011169
1 8.60912e-06 9.48832e-06 0.00153281 -8.6098e-06 1 7.15361e-05 -0.00289984 -9.48771e-06 -7.15362e-05 1 -0.00131166
1 7.59644e-05 3.94313e-05 0.00437572 -7.59682e-05 1 9.55784e-05 -0.00259316 -3.9424e-05 -9.55814e-05 1 -0.00313551
1 3.08674e-05 3.01719e-05 0.00608913 -3.08698e-05 1 8.13289e-05 -0.000978324 -3.01694e-05 -8.13298e-05 1 -0.00215403
1 -1.50737e-05 8.26555e-06 0.00308345 1.50735e-05 1 2.52983e-05 0.00115009 -8.26593e-06 -2.52981e-05 1 0.000348128
1 1.77666e-05 6.75495e-06 0.00196533 -1.77666e-05 1 1.05902e-05 -0.00106716 -6.75476e-06 -1.05903e-05 1 -0.000693718
1 7.97965e-06 3.1695e-05 0.00290656 -7.98347e-06 1 0.000120397 -0.00205971 -3.1694e-05 -0.000120397 1 -0.00445757
1 0.000117571 7.61596e-06 0.0102342 -0.000117572 1 0.000117301 -0.00254691 -7.60217e-06 -0.000117302 1 -0.00308025
1 3.33973e-05 -3.38089e-05 0.00266539 -3.33946e-05 1 7.86249e-05 -0.00274309 3.38115e-05 -7.86238e-05 1 -0.000283876
1 3.70763e-05 -1.62763e-05 0.000828847 -3.70758e-05 1 2.73025e-05 -0.00283979 1.62774e-05 -2.73019e-05 1 0.000757015
1 1.99287e-05 3.23645e-05 -0.000748679 -1.99305e-05 1 5.77019e-05 -0.00203937 -3.23634e-05 -5.77026e-05 1 -0.00115221
1 -1.27395e-05 5.08338e-05 0.000265748 1.27386e-05 1 1.62137e-05 0.000351523 -5.0834e-05 -1.62131e-05 1 -0.00123548
1 3.02363e-05 3.55269e-05 0.00127441 -3.02394e-05 1 8.71915e-05 0.000221867 -3.55242e-05 -8.71926e-05 1 -0.00281542
1 1.52973e-05 3.80929e-05 0.00389409 -1.5302e-05 1 0.000123773 -0.00251996 -3.8091e-05 -0.000123774 1 -0.00295532
1 0.000129667 1.49846e-05 0.00730342 -0.000129668 1 6.57343e-05 -0.00374397 -1.4976e-05 -6.57362e-05 1 -0.00178027
1 3.71862e-05 3.70279e-05 0.00344924 -3.71876e-05 1 3.67677e-05 -0.000699172 -3.70265e-05 -3.67691e-05 1 -0.00079391
1 2.75755e-05 3.24373e-05 0.00240642 -2.75779e-05 1 7.68987e-05 -0.00039714 -3.24352e-05 -7.68996e-05 1 -0.00352497
1 -1.95233e-05 1.0454e-05 -0.000496202 1.95218e-05 1 0.00014469 -0.000269129 -1.04569e-05 -0.00014469 1 -0.00439769
1 -6.73953e-05 3.88337e-05 -0.00355872 6.73931e-05 1 5.74718e-05 0.000794102 -3.88376e-05 -5.74692e-05 1 -0.00221454
1 2.88626e-05 2.12421e-05 0.000623781 -2.88627e-05 1 5.38983e-06 0.00222832 -2.1242e-05 -5.39045e-06 1 -0.0010145
1 -5.45455e-05 1.2775e-05 -0.00110972 5.45445e-05 1 7.8044e-05 0.00288509 -1.27793e-05 -7.80433e-05 1 -0.0015698
1 -5.56314e-05 2.51511e-05 0.00235214 5.56282e-05 1 0.000129465 0.00266286 -2.51584e-05 -0.000129464 1 -0.00350738
1 1.23094e-05 -5.33324e-06 0.00212783 -1.2309e-05 1 7.251e-05 -0.00433672 5.33413e-06 -7.25099e-05 1 -0.00141361
1 9.77208e-05 6.98732e-06 0.00504771 -9.77214e-05 1 8.71369e-05 -0.00331268 -6.9788e-06 -8.71376e-05 1 -0.00236449
1 9.97721e-05 -4.74058e-06 0.00407111 -9.97718e-05 1 4.87614e-05 -0.00135392 4.74545e-06 -4.8761e-05 1 -0.00211575
1 -1.95611e-05 1.26261e-05 0.00223511 1.95605e-05 1 4.9052e-05 0.00064603 -1.2627e-05 -4.90517e-05 1 -0.00185154
1 2.65003e-05 -2.40633e-05 0.00822585 -2.64991e-05 1 5.2014e-05 -0.00104337 2.40647e-05 -5.20133e-05 1 -0.00108286
1 7.28368e-05 2.72782e-05 0.00364829 -7.28397e-05 1 0.000104763 -0.0025507 -2.72706e-05 -0.000104765 1 -0.00203065
1 9.47656e-05 7.10281e-06 0.00258467 -9.47657e-05 1 1.70576e-05 -2.66212e-05 -7.1012e-06 -1.70583e-05 1 -1.98442e-05
1 1.4265e-05 3.29414e-06 0.00231017 -1.42649e-05 1 -1.35147e-05 -0.000142362 -3.29434e-06 1.35146e-05 1 0.000339455
1 0.000107278 -1.55228e-05 0.00492771 -0.000107276 1 0.000104613 -0.000835044 1.55341e-05 -0.000104612 1 -0.00205256
1 6.98387e-05 -1.80385e-05 0.00411896 -6.98377e-05 1 5.75381e-05 0.00010718 1.80425e-05 -5.75369e-05 1 -0.000329701
1 6.28278e-05 3.50981e-07 0.00288283 -6.28279e-05 1 8.50149e-05 -0.00322165 -3.45639e-07 -8.50149e-05 1 -0.00280719
1 2.54821e-06 5.45198e-06 0.00436851 -2.54876e-06 1 0.000100906 -0.000193552 -5.45172e-06 -0.000100906 1 -0.0030326
1 -4.44535e-05 1.45835e-05 0.00256203 4.4452e-05 1 9.99965e-05 5.41552e-05 -1.45879e-05 -9.99959e-05 1 -0.00161289
1 -1.27872e-05 3.239e-05 0.00202769 1.27866e-05 1 1.93097e-05 0.00015226 -3.23903e-05 -1.93093e-05 1 -0.000793492
1 3.83719e-05 3.96185e-05 0.00216507 -3.83741e-05 1 5.55666e-05 0.000182699 -3.96164e-05 -5.55681e-05 1 -0.00245888
1 0.000103141 1.17879e-05 0.00419849 -0.000103142 1 3.98229e-05 -0.00241194 -1.17838e-05 -3.98241e-05 1 -0.000632393
1 7.54461e-05 -6.75355e-06 0.00332401 -7.54459e-05 1 1.9565e-05 -0.00183117 6.75503e-06 -1.95645e-05 1 0.000554231
1 5.75262e-05 8.29388e-06 0.0027739 -5.75264e-05 1 2.69023e-05 0.00246824 -8.29233e-06 -2.69028e-05 1 -9.04715e-05
1 -1.68561e-05 4.29807e-05 -3.67679e-05 1.68508e-05 1 0.000121717 -0.00134928 -4.29827e-05 -0.000121716 1 -0.00278087
1 0.00010544 1.54309e-05 0.00631755 -0.000105442 1 0.000122805 -0.00291764 -1.54179e-05 -0.000122806 1 -0.00267188
1 2.80194e-05 3.94753e-06 0.0044986 -2.80196e-05 1 4.81662e-05 -0.00108142 -3.94619e-06 -4.81663e-05 1 -0.000906631
1 6.59989e-05 1.26968e-05 0.00399295 -6.6e-05 1 8.50315e-05 -0.00125854 -1.26912e-05 -8.50323e-05 1 -0.0027209
1 0.000187525 3.04627e-06 0.0157034 -0.000187526 1 7.29044e-05 -0.00436951 -3.0326e-06 -7.29049e-05 1 -0.00128418
1 0.000354062 3.26147e-05 0.0316463 -0.000354059 1 -0.000100999 -0.00357947 -3.26504e-05 0.000100987 1 0.006042
1 0.000298663 4.82165e-05 0.028818 -0.000298656 1 -0.000131045 0.0018601 -4.82557e-05 0.00013103 1 0.00782787
1 0.000273192 7.59349e-05 0.0130035 -0.000273186 1 -8.5134e-05 0.00042398 -7.59581e-05 8.51133e-05 1 0.00411915
1 -0.000130742 7.70827e-05 -0.0119835 0.000130753 1 -0.000147385 0.00200272 -7.70634e-05 0.000147395 1 0.00442265
1 -0.0002847 0.00011464 -0.0284243 0.000284715 1 -0.00013479 0.00459925 -0.000114602 0.000134823 1 0.00479581
1 -0.00046822 0.000106761 -0.0390236 0.00046824 1 -0.000185699 0.00557561 -0.000106674 0.000185749 1 0.00763972
1 -0.000454594 0.0001336 -0.0411271 0.000454625 1 -0.000236589 -0.000197381 -0.000133492 0.00023665 1 0.00989284
1 -0.000603066 0.000350946 -0.0585549 0.000603135 1 -0.000194958 -0.0127793 -0.000350828 0.00019517 1 0.0106992
0.999999 -0.00127524 0.00054619 -0.107159 0.00127541 0.999999 -0.000300755 -0.0131387 -0.000545806 0.000301451 1 0.0119425
0.999996 -0.00275703 0.000610771 -0.178026 0.0027573 0.999996 -0.000438069 -0.0123977 -0.000609561 0.000439751 1 0.0140476
0.99999 -0.0044391 0.00063282 -0.251585 0.00443932 0.99999 -0.000354239 -0.0173973 -0.000631242 0.000357045 1 0.0129432
0.999978 -0.00662091 0.000668978 -0.328771 0.00662105 0.999978 -0.000205136 -0.0172122 -0.000667605 0.000209561 1 0.0103388
0.999964 -0.00848454 0.000847697 -0.42486 0.00848477 0.999964 -0.00027566 -0.0267243 -0.000845328 0.000282842 1 0.0122442
0.99995 -0.00993259 0.00111923 -0.505034 0.00993312 0.999951 -0.000469201 -0.0373438 -0.00111451 0.000480295 0.999999 0.0135671
0.999911 -0.0132562 0.00130753 -0.627783 0.0132572 0.999912 -0.000805309 -0.0473121 -0.00129674 0.000822572 0.999999 0.0176389
0.999866 -0.0162792 0.00159962 -0.746849 0.0162799 0.999867 -0.000436171 -0.0468167 -0.0015923 0.000462154 0.999999 0.00434743
0.999826 -0.0185547 0.00174072 -0.872643 0.0185555 0.999828 -0.000412987 -0.0557111 -0.00173276 0.000445215 0.999998 -0.000367079
0.99977 -0.0213501 0.0017991 -1.0276 0.0213514 0.999772 -0.000712787 -0.0762271 -0.00178347 0.000751037 0.999998 0.00100767
0.999729 -0.0232163 0.00175095 -1.17573 0.0232178 0.99973 -0.000852044 -0.083984 -0.00173069 0.000892467 0.999998 -0.00102205
0.999678 -0.0252949 0.001875 -1.32194 0.0252967 0.99968 -0.000946429 -0.0936942 -0.00185046 0.000993556 0.999998 0.0014474
0.999619 -0.0274799 0.00239811 -1.5045 0.0274823 0.999622 -0.000992869 -0.0722112 -0.00236992 0.0010584 0.999997 0.0176216
0.999579 -0.0288912 0.00251996 -1.67398 0.0288936 0.999582 -0.000929078 -0.0662045 -0.00249206 0.0010015 0.999996 0.0442958
0.999518 -0.0309206 0.00262141 -1.89178 0.0309214 0.999522 -0.000270359 -0.084538 -0.0026118 0.000351286 0.999997 0.0508644
0.999454 -0.0329451 0.00258641 -2.10481 0.0329462 0.999457 -0.000409367 -0.0888503 -0.00257152 0.000494356 0.999997 0.0592583
0.999418 -0.0340391 0.00238233 -2.3 0.0340413 0.99942 -0.000892462 -0.107009 -0.00235057 0.00097304 0.999997 0.053505
0.999387 -0.034903 0.00258137 -2.52199 0.0349084 0.999388 -0.00207791 -0.132126 -0.00250727 0.00216675 0.999995 0.0441286
0.999335 -0.0362934 0.00349882 -2.77126 0.0363036 0.999337 -0.0028763 -0.142471 -0.00339211 0.00300141 0.99999 0.0542895
0.999308 -0.0369503 0.00432008 -3.02237 0.0369603 0.999314 -0.00226741 -0.137463 -0.00423333 0.00242551 0.999988 0.0618073
0.999285 -0.0374892 0.0049397 -3.29192 0.0374965 0.999296 -0.00140039 -0.152921 -0.00488372 0.00158461 0.999987 0.0773329
0.999256 -0.0381945 0.00537664 -3.55678 0.038201 0.999269 -0.00110918 -0.146111 -0.00533035 0.00131375 0.999985 0.0896872
0.999255 -0.0381891 0.00555994 -3.84024 0.0381964 0.99927 -0.00121311 -0.149254 -0.00550955 0.00142457 0.999984 0.0863762
0.999258 -0.0382117 0.00484668 -4.14797 0.0382217 0.999267 -0.00199199 -0.166066 -0.00476702 0.00217576 0.999986 0.10132
0.999248 -0.0385126 0.00452679 -4.47789 0.03852 0.999257 -0.00156085 -0.182411 -0.00446331 0.00173405 0.999989 0.0956295
0.999237 -0.0387702 0.00470497 -4.7788 0.038777 0.999247 -0.0013573 -0.1971 -0.00464881 0.00153871 0.999988 0.099113
0.999191 -0.0400424 0.00381976 -5.1043 0.040048 0.999197 -0.001415 -0.2086 -0.00376003 0.00156683 0.999992 0.1106
0.999155 -0.0410191 0.00265931 -5.4756 0.0410239 0.999157 -0.00177674 -0.224275 -0.00258419 0.00188433 0.999995 0.130073
0.999096 -0.0424813 0.00142432 -5.8427 0.0424839 0.999095 -0.00182414 -0.251543 -0.00134554 0.00188301 0.999997 0.131793
0.999025 -0.0441332 0.00139158 -6.21233 0.0441355 0.999024 -0.00159771 -0.274286 -0.00131971 0.00165757 0.999998 0.129926
0.999007 -0.0445201 0.00188674 -6.57487 0.0445238 0.999006 -0.0019457 -0.304941 -0.00179824 0.00202777 0.999996 0.137621
0.998973 -0.0452265 0.00265648 -6.95669 0.0452332 0.998973 -0.00254464 -0.322794 -0.00253867 0.00266218 0.999993 0.165356
0.998885 -0.0470926 0.00340939 -7.3839 0.0471003 0.998888 -0.00220695 -0.325033 -0.00330167 0.00236507 0.999992 0.161813
0.998799 -0.0488452 0.00396072 -7.81071 0.0488531 0.998804 -0.0019053 -0.335262 -0.00386292 0.00209651 0.99999 0.174701
0.998776 -0.0492759 0.00429441 -8.19283 0.0492859 0.998782 -0.00225602 -0.371846 -0.00417802 0.00246491 0.999988 0.195941
0.998728 -0.0501927 0.004892 -8.60859 0.0502084 0.998734 -0.00314202 -0.397605 -0.0047281 0.00338365 0.999983 0.20282
0.998659 -0.0514184 0.00603214 -9.0734 0.0514411 0.998669 -0.0036703 -0.424399 -0.00583539 0.00397567 0.999975 0.196891
0.998618 -0.0522271 0.00586818 -9.51679 0.0522512 0.998626 -0.0040377 -0.459841 -0.00564923 0.00433874 0.999975 0.216782
0.998528 -0.053978 0.00531714 -9.98624 0.0540006 0.998532 -0.00419874 -0.47626 -0.0050827 0.00447969 0.999977 0.232701
0.998452 -0.0553527 0.00539627 -10.448 0.0553776 0.998455 -0.00458843 -0.49162 -0.00513395 0.00488016 0.999975 0.24134
0.998419 -0.0559222 0.00571125 -10.9222 0.0559517 0.99842 -0.00514783 -0.538501 -0.00541435 0.00545925 0.99997 0.237953
0.998357 -0.0570196 0.00565561 -11.4164 0.0570512 0.998356 -0.0055782 -0.586867 -0.00532824 0.00589169 0.999968 0.243264
0.998279 -0.0584006 0.00527631 -11.9349 0.058429 0.998277 -0.0054033 -0.61648 -0.00495166 0.00570229 0.999971 0.259617
0.998184 -0.06005 0.00480274 -12.4834 0.0600764 0.998178 -0.00555474 -0.643049 -0.00446043 0.00583319 0.999973 0.278021
0.998121 -0.0610861 0.00485413 -13.0244 0.0611168 0.99811 -0.00646851 -0.668853 -0.00444982 0.00675302 0.999967 0.299287
0.998083 -0.0616728 0.00516979 -13.5522 0.0617093 0.998068 -0.00721301 -0.702016 -0.00471495 0.0075182 0.999961 0.292788
0.998017 -0.0627082 0.00551843 -14.1094 0.0627532 0.997994 -0.00840501 -0.735463 -0.0049803 0.00873464 0.999949 0.311381
0.997982 -0.0632358 0.00575502 -14.6876 0.0632809 0.997964 -0.00802321 -0.766036 -0.00523595 0.00837121 0.999951 0.310617
0.997986 -0.0632775 0.00445278 -15.2634 0.0633155 0.997953 -0.00898773 -0.808917 -0.00387495 0.00925156 0.99995 0.340241
0.997959 -0.0637495 0.00359977 -15.838 0.0637826 0.997914 -0.00997706 -0.852563 -0.00295622 0.0101863 0.999944 0.371637
0.997903 -0.0646217 0.00376898 -16.4519 0.0646572 0.997855 -0.0102158 -0.895897 -0.00310074 0.010438 0.999941 0.389477
0.997831 -0.0656471 0.00487252 -17.0566 0.0656959 0.997783 -0.0106382 -0.935926 -0.00416335 0.0109352 0.999932 0.395463
0.997779 -0.0663514 0.00583518 -17.6874 0.0664113 0.997734 -0.0107614 -0.971407 -0.00510792 0.0111251 0.999925 0.405048
0.997758 -0.0666435 0.00621361 -18.3024 0.0667095 0.997711 -0.0110965 -1.00958 -0.00545987 0.0114861 0.999919 0.436396
0.997704 -0.0673445 0.0072348 -18.9732 0.0674272 0.997654 -0.0118652 -1.05417 -0.00641877 0.0123258 0.999903 0.447291
0.997679 -0.0676974 0.00738596 -19.6246 0.0677922 0.997609 -0.0134574 -1.10773 -0.00645727 0.0139268 0.999882 0.460422
0.99768 -0.0677556 0.00661486 -20.2894 0.0678456 0.997591 -0.0144804 -1.13741 -0.0056178 0.0148956 0.999873 0.477416
0.997764 -0.0665237 0.0064381 -20.9637 0.0666112 0.997674 -0.0144899 -1.18125 -0.0054592 0.0148863 0.999874 0.487098
0.997853 -0.0651774 0.0064206 -21.6664 0.0652625 0.997769 -0.0140736 -1.23125 -0.00548899 0.0144624 0.99988 0.499051
0.997926 -0.0640782 0.00612908 -22.3606 0.0641569 0.997846 -0.0136519 -1.2731 -0.00524109 0.0140168 0.999888 0.526742
0.998007 -0.0627927 0.00618768 -23.0638 0.0628733 0.997926 -0.0138268 -1.30392 -0.00530662 0.0141883 0.999885 0.550346
0.998105 -0.0612256 0.00611199 -23.7881 0.0613092 0.998012 -0.0145938 -1.34132 -0.00520632 0.0149409 0.999875 0.57118
0.998209 -0.0595153 0.00607015 -24.5038 0.0596014 0.998107 -0.0151599 -1.3998 -0.00515641 0.0154945 0.999867 0.586568
0.998311 -0.0577313 0.00650999 -25.2469 0.0578298 0.998196 -0.01612 -1.44207 -0.00556762 0.0164692 0.999849 0.607042
0.998433 -0.0556077 0.00634772 -25.9989 0.0557054 0.998312 -0.0164105 -1.48982 -0.00542446 0.0167384 0.999845 0.617008
0.998543 -0.0535907 0.00631617 -26.7485 0.0536889 0.99842 -0.0165608 -1.51373 -0.00541869 0.0168758 0.999843 0.632276
0.998629 -0.0519715 0.00631121 -27.5278 0.05207 0.998505 -0.0166151 -1.54132 -0.00543826 0.016921 0.999842 0.655167
0.998726 -0.0501464 0.00556666 -28.303 0.0502287 0.998613 -0.0157824 -1.57057 -0.0047675 0.016042 0.99986 0.679122
0.998843 -0.0478844 0.00447728 -29.0832 0.0479486 0.998729 -0.015535 -1.61639 -0.00372771 0.0157317 0.999869 0.708042
0.998918 -0.0463712 0.00362166 -29.8752 0.046423 0.998796 -0.0158345 -1.65153 -0.00288303 0.0159855 0.999868 0.721216
0.998979 -0.0450658 0.00310168 -30.6842 0.0451118 0.99884 -0.0168303 -1.67973 -0.00233962 0.016953 0.999854 0.754312
0.999017 -0.0442076 0.00320021 -31.494 0.0442537 0.99889 -0.0161605 -1.72408 -0.00248224 0.0162863 0.999864 0.778286
0.999017 -0.0442367 0.00297174 -32.3169 0.044276 0.99891 -0.0147943 -1.74575 -0.00231404 0.0149113 0.999886 0.798265
0.998975 -0.0451179 0.00356691 -33.1542 0.045161 0.998894 -0.0131121 -1.77675 -0.00297137 0.0132597 0.999908 0.805748
0.998957 -0.0455018 0.00387822 -33.9963 0.0455488 0.998877 -0.0130544 -1.82179 -0.00327986 0.0132174 0.999907 0.834182
0.998971 -0.0451916 0.00385021 -34.846 0.045239 0.998888 -0.0132627 -1.85715 -0.00324656 0.0134232 0.999905 0.859188
0.998967 -0.0453104 0.00357169 -35.7316 0.0453516 0.998893 -0.0124527 -1.89389 -0.0030035 0.0126018 0.999916 0.867623
0.998956 -0.0456162 0.00226257 -36.5892 0.0456392 0.998892 -0.0114615 -1.93233 -0.00173723 0.0115528 0.999932 0.890843
0.998944 -0.0459064 0.00173226 -37.4677 0.0459219 0.998891 -0.0103819 -1.97486 -0.00125375 0.0104505 0.999945 0.910867
0.99892 -0.0464133 0.00213447 -38.3455 0.0464333 0.998866 -0.0105369 -2.01436 -0.001643 0.0106246 0.999942 0.933603
0.99887 -0.0474284 0.00294743 -39.2513 0.0474594 0.998807 -0.0115344 -2.05197 -0.00239686 0.0116612 0.999929 0.961346
0.99877 -0.0494396 0.00388467 -40.1647 0.0494814 0.998709 -0.0115247 -2.08421 -0.00330987 0.0117028 0.999926 0.975842
0.998673 -0.0513776 0.00354649 -41.0923 0.0514146 0.998614 -0.0112801 -2.14146 -0.00296203 0.0114474 0.99993 0.994677
0.998602 -0.0528106 0.00243556 -42.0091 0.0528338 0.998546 -0.0107387 -2.19267 -0.0018649 0.0108523 0.999939 1.01741
0.998465 -0.055331 0.00237009 -42.9461 0.0553516 0.998419 -0.00977203 -2.24527 -0.00182564 0.00988822 0.999949 1.04248
0.998237 -0.0592765 0.00315534 -43.9162 0.0593033 0.998197 -0.00924246 -2.29867 -0.00260179 0.00941328 0.999952 1.07309
0.998055 -0.0621746 0.0044202 -44.8581 0.0622109 0.998026 -0.00860597 -2.34584 -0.0038764 0.00886422 0.999953 1.09565
0.997865 -0.0651327 0.00477964 -45.7956 0.065169 0.997843 -0.00787615 -2.40698 -0.00425634 0.00817082 0.999958 1.11116
0.99767 -0.0680908 0.00417613 -46.7695 0.0681196 0.997651 -0.00720191 -2.47511 -0.00367594 0.00746961 0.999965 1.12269
0.997458 -0.0711897 0.00321772 -47.7482 0.0712084 0.997443 -0.0061433 -2.57023 -0.00277215 0.00635681 0.999976 1.1493
0.997194 -0.0748163 0.00257848 -48.7345 0.0748294 0.997182 -0.00543098 -2.63495 -0.00216489 0.00560869 0.999982 1.19021
0.996927 -0.0782625 0.00334657 -49.7218 0.0782802 0.996916 -0.0055498 -2.69205 -0.0029019 0.00579472 0.999979 1.21686
0.996562 -0.0827035 0.00501441 -50.7089 0.0827344 0.996552 -0.00630224 -2.7823 -0.00447591 0.00669544 0.999968 1.22952
0.996153 -0.0874349 0.00578198 -51.7131 0.0874721 0.996146 -0.00652965 -2.88374 -0.00518878 0.0070103 0.999962 1.24014
0.995713 -0.092374 0.00483689 -52.7317 0.0924057 0.995698 -0.00679718 -2.97532 -0.0041882 0.00721499 0.999965 1.2679
0.995286 -0.0969515 0.00264685 -53.7595 0.0969695 0.995256 -0.00785582 -3.07546 -0.00187266 0.00807545 0.999966 1.30403
0.994734 -0.102482 0.00136103 -54.8025 0.102489 0.994707 -0.00730365 -3.18773 -0.000605342 0.00740468 0.999972 1.3228
0.994183 -0.107706 4.77126e-05 -55.8408 0.107704 0.994161 -0.00655364 -3.29029 0.00065843 0.00652065 0.999979 1.35695
0.993542 -0.113465 -0.000998086 -56.8925 0.113456 0.993523 -0.00637821 -3.4212 0.00171532 0.00622378 0.999979 1.37345
0.992846 -0.119393 -0.00114635 -57.9233 0.11938 0.992818 -0.0077974 -3.55199 0.00206907 0.00760476 0.999969 1.39132
0.992177 -0.124835 -0.000676681 -58.9623 0.124824 0.99214 -0.00874066 -3.68124 0.0017625 0.00858782 0.999962 1.40637
0.991503 -0.130085 0.000153812 -60.0415 0.130081 0.991465 -0.00867114 -3.82373 0.000975482 0.00861746 0.999962 1.43773
0.990774 -0.135508 0.00197847 -61.1057 0.135521 0.990729 -0.00951225 -3.97024 -0.000671138 0.00969261 0.999953 1.47255
0.990153 -0.139912 0.00459938 -62.1625 0.139955 0.990096 -0.0110665 -4.11528 -0.00300548 0.0116013 0.999928 1.49731
0.989479 -0.144542 0.00622308 -63.2535 0.144614 0.989399 -0.0132971 -4.29212 -0.00423511 0.0140571 0.999892 1.51706
0.98882 -0.148994 0.00598593 -64.3676 0.14907 0.988705 -0.0155357 -4.44577 -0.00360359 0.0162544 0.999861 1.54129
0.988427 -0.151592 0.0056935 -65.4448 0.151668 0.988289 -0.0168119 -4.61611 -0.00307827 0.0174808 0.999842 1.57108
0.987985 -0.154442 0.00569107 -66.5508 0.154515 0.98786 -0.0160513 -4.78708 -0.00314298 0.0167378 0.999855 1.60787
0.987678 -0.156435 0.00455938 -67.671 0.156487 0.987566 -0.0150012 -4.96808 -0.00215597 0.0155298 0.999877 1.62819
0.987464 -0.157796 0.00394472 -68.7838 0.157837 0.987358 -0.0145717 -5.13905 -0.00159549 0.0150116 0.999886 1.65845
0.987208 -0.159364 0.00473317 -69.9003 0.159416 0.987112 -0.0140468 -5.32841 -0.0024336 0.0146217 0.99989 1.69923
0.987033 -0.160427 0.00533569 -71.0461 0.160485 0.986946 -0.0135006 -5.50352 -0.00310019 0.0141818 0.999895 1.72801
0.986863 -0.16148 0.0051199 -72.1969 0.161536 0.986773 -0.0136112 -5.68504 -0.00285424 0.0142595 0.999894 1.75207
0.986855 -0.161538 0.00469604 -73.3498 0.161591 0.986748 -0.0147241 -5.87268 -0.0022553 0.0152894 0.999881 1.77505
0.986994 -0.160703 0.00428812 -74.5032 0.160752 0.98686 -0.0163319 -6.07016 -0.00160718 0.0168088 0.999857 1.80182
0.987267 -0.159026 0.00372292 -75.6665 0.159068 0.987094 -0.0185048 -6.26236 -0.000732121 0.0188614 0.999822 1.83512
0.987667 -0.156527 0.00357611 -76.8487 0.156567 0.987482 -0.0191099 -6.4464 -0.000540135 0.0194341 0.999811 1.86186
0.988091 -0.153823 0.00394877 -78.0281 0.15387 0.98791 -0.0189223 -6.6175 -0.000990347 0.0193046 0.999813 1.88295
0.988308 -0.152396 0.00481361 -79.1918 0.152463 0.988104 -0.0201573 -6.79431 -0.00168444 0.0206555 0.999785 1.91974
0.988569 -0.150642 0.00615523 -80.3777 0.150739 0.988357 -0.0206938 -6.97755 -0.0029662 0.0213851 0.999767 1.95531
0.988957 -0.147971 0.00831077 -81.5874 0.148102 0.988803 -0.0182977 -7.15737 -0.00551019 0.0193264 0.999798 1.98029
0.989432 -0.14468 0.00955775 -82.7976 0.14483 0.989302 -0.0175024 -7.32436 -0.00692324 0.0187017 0.999801 2.02062
0.989815 -0.141958 0.0106709 -83.9975 0.142107 0.989742 -0.0147353 -7.49051 -0.00846968 0.0161016 0.999834 2.04894
0.990079 -0.140031 0.0116281 -85.2277 0.14017 0.990053 -0.0121669 -7.65684 -0.00980866 0.0136761 0.999858 2.07635
0.990507 -0.137089 0.0101045 -86.4434 0.137194 0.990487 -0.0106464 -7.81619 -0.00854883 0.0119317 0.999892 2.11569
0.990873 -0.134628 0.00670672 -87.6936 0.134695 0.990829 -0.0107262 -7.9857 -0.00520116 0.0115317 0.99992 2.1617
0.991235 -0.13203 0.00456035 -88.9153 0.132078 0.991159 -0.0125876 -8.14861 -0.00285808 0.0130796 0.99991 2.20204
0.991446 -0.13043 0.00487059 -90.1644 0.130491 0.991325 -0.0157385 -8.31509 -0.00277555 0.0162395 0.999864 2.23994
0.99176 -0.127935 0.00671846 -91.4439 0.128027 0.991646 -0.0157318 -8.46994 -0.00464968 0.0164623 0.999854 2.24763
0.992017 -0.125766 0.00925034 -92.71 0.125883 0.991955 -0.0133553 -8.61586 -0.00749628 0.0144131 0.999868 2.29045
0.992266 -0.1239 0.00754895 -93.9707 0.123985 0.99221 -0.0121033 -8.76725 -0.00599055 0.0129456 0.999898 2.34047
0.992437 -0.122725 0.0026515 -95.2398 0.122748 0.992372 -0.0114749 -8.92435 -0.00122302 0.0117136 0.999931 2.37134
0.992574 -0.121638 -0.00041679 -96.5151 0.121622 0.992491 -0.0130422 -9.07372 0.00200008 0.0128946 0.999915 2.41251
0.992685 -0.120731 0.000645948 -97.8034 0.120727 0.992569 -0.0152146 -9.23421 0.00119573 0.0151813 0.999884 2.4559
0.992775 -0.119949 0.00320322 -99.0883 0.119983 0.992667 -0.0147018 -9.3969 -0.00141626 0.0149799 0.999887 2.45572
0.992929 -0.118636 0.00413597 -100.344 0.118687 0.992802 -0.016028 -9.5406 -0.00220471 0.0164055 0.999863 2.49841
0.992981 -0.118139 0.00562395 -101.608 0.118215 0.992862 -0.0158156 -9.68862 -0.00371536 0.0163694 0.999859 2.54338
0.992967 -0.118171 0.00721027 -102.884 0.118262 0.992885 -0.0138943 -9.84627 -0.00551706 0.0146493 0.999877 2.59876
0.992929 -0.118446 0.0078909 -104.15 0.118539 0.99287 -0.0125635 -9.99652 -0.00634654 0.01341 0.99989 2.64235
0.992899 -0.118773 0.00672254 -105.407 0.118859 0.99281 -0.014195 -10.1375 -0.00498821 0.0148933 0.999877 2.67656
0.993023 -0.117787 0.00555454 -106.665 0.117858 0.992919 -0.0148901 -10.2855 -0.00376133 0.0154409 0.999874 2.70702
0.993078 -0.117346 0.00505393 -107.93 0.117411 0.992965 -0.0153296 -10.4318 -0.00321951 0.0158168 0.99987 2.74903
0.993076 -0.117362 0.00511507 -109.179 0.117434 0.992934 -0.0170823 -10.5766 -0.00307411 0.0175647 0.999841 2.79506
0.993196 -0.116335 0.00531248 -110.431 0.116414 0.993034 -0.0181809 -10.717 -0.00316039 0.0186757 0.999821 2.81418
0.993375 -0.114806 0.00503343 -111.67 0.114883 0.993184 -0.0196652 -10.8755 -0.00274145 0.0201132 0.999794 2.8518
0.993531 -0.113452 0.00503294 -112.925 0.113533 0.993317 -0.0207595 -11.0229 -0.00264411 0.0211966 0.999772 2.8861
0.993685 -0.111929 0.00787089 -114.179 0.11207 0.993486 -0.0206271 -11.1496 -0.00551084 0.021379 0.999756 2.92804
0.993787 -0.110683 0.0117121 -115.443 0.110897 0.993639 -0.0195663 -11.2797 -0.00947197 0.0207436 0.99974 2.96995
0.993854 -0.10977 0.0142862 -116.69 0.110029 0.993752 -0.0187517 -11.4253 -0.0121386 0.0202083 0.999722 3.02084
0.993983 -0.108582 0.0144012 -117.915 0.108833 0.993897 -0.0179783 -11.5668 -0.0123612 0.0194374 0.999735 3.07086
0.994123 -0.107584 0.0120079 -119.187 0.107784 0.99402 -0.0175237 -11.6864 -0.0100508 0.018715 0.999774 3.11429
0.994286 -0.106322 0.00950891 -120.45 0.10648 0.994153 -0.0179651 -11.8247 -0.00754321 0.018875 0.999793 3.16891
0.994243 -0.106723 0.0095902 -121.705 0.106874 0.994129 -0.0168784 -11.9671 -0.00773259 0.0178061 0.999812 3.20945
0.994207 -0.106901 0.0111228 -122.935 0.107074 0.994117 -0.0163095 -12.0839 -0.00931382 0.017406 0.999805 3.24605
0.994067 -0.10812 0.0119024 -124.185 0.108297 0.994 -0.0153589 -12.2196 -0.0101704 0.0165568 0.999811 3.26887
0.994062 -0.108254 0.0109988 -125.434 0.108423 0.993974 -0.0161379 -12.3623 -0.00918553 0.0172346 0.999809 3.32399
0.994063 -0.108351 0.00997874 -126.682 0.108503 0.993963 -0.0162375 -12.4983 -0.00815916 0.0172238 0.999818 3.37274
0.99403 -0.108612 0.0103684 -127.916 0.10877 0.993935 -0.0162011 -12.6203 -0.00854593 0.0172321 0.999815 3.4185
0.993941 -0.109227 0.0122543 -129.154 0.109408 0.99388 -0.0152659 -12.7532 -0.0105118 0.0165141 0.999808 3.46669
0.993813 -0.110247 0.0134772 -130.403 0.110446 0.993768 -0.0150581 -12.8858 -0.0117331 0.0164534 0.999796 3.50643
0.993759 -0.110734 0.0134486 -131.663 0.110937 0.993708 -0.0153957 -13.0329 -0.0116591 0.0167916 0.999791 3.55126
0.993782 -0.11076 0.0113888 -132.902 0.110944 0.993679 -0.0171162 -13.1641 -0.00942103 0.0182733 0.999789 3.60396
0.993742 -0.111195 0.0105649 -134.125 0.111369 0.993623 -0.0176359 -13.3124 -0.00853655 0.0187021 0.999789 3.65297
0.993741 -0.111084 0.0118076 -135.37 0.111278 0.993639 -0.0172591 -13.4406 -0.00981532 0.018465 0.999781 3.693
0.99376 -0.110718 0.013514 -136.636 0.110941 0.993681 -0.0170407 -13.584 -0.0115419 0.0184336 0.999763 3.73281
0.993906 -0.109248 0.014713 -137.876 0.109498 0.993834 -0.0174375 -13.7171 -0.0127173 0.0189423 0.99974 3.78837
0.993989 -0.108543 0.0143063 -139.123 0.108796 0.993895 -0.0183086 -13.8543 -0.0122317 0.019755 0.99973 3.84168
0.99403 -0.108336 0.0129573 -140.366 0.10856 0.993926 -0.0180398 -13.9732 -0.0109243 0.0193387 0.999753 3.86814
0.994107 -0.10774 0.0119758 -141.616 0.10794 0.994003 -0.0175419 -14.0997 -0.010014 0.0187312 0.999774 3.91907
0.994267 -0.106104 0.0132671 -142.836 0.106314 0.994199 -0.0162961 -14.2307 -0.0114611 0.0176132 0.999779 3.97275
0.994369 -0.104802 0.0157287 -144.057 0.105047 0.994345 -0.0156145 -14.3708 -0.0140033 0.0171789 0.999754 4.03041
0.994345 -0.104467 0.0191079 -145.295 0.104764 0.99438 -0.0152655 -14.4979 -0.0174058 0.017181 0.999701 4.0829
0.994344 -0.104155 0.0207664 -146.528 0.104467 0.994422 -0.014536 -14.6205 -0.0191366 0.0166232 0.999679 4.11841
0.994326 -0.10463 0.0191795 -147.765 0.104917 0.994373 -0.0146497 -14.7419 -0.0175388 0.0165789 0.999709 4.16632
0.994273 -0.105662 0.0160253 -149.016 0.105886 0.994282 -0.0138621 -14.8722 -0.014469 0.0154795 0.999775 4.22237
0.994223 -0.106497 0.0133888 -150.267 0.106679 0.994199 -0.0137275 -15.0096 -0.0118492 0.0150764 0.999816 4.27003
0.994263 -0.106229 0.0125266 -151.497 0.106409 0.994214 -0.0146913 -15.1412 -0.0108935 0.01594 0.999814 4.33059
0.994281 -0.106073 0.0123925 -152.721 0.106256 0.994222 -0.0152157 -15.2713 -0.010707 0.0164454 0.999807 4.37947
0.994295 -0.105982 0.0120598 -153.958 0.106157 0.994236 -0.0150146 -15.3888 -0.0103991 0.0162092 0.999815 4.39848
0.994369 -0.105221 0.0125952 -155.196 0.10541 0.994309 -0.0154149 -15.5205 -0.0109016 0.0166558 0.999802 4.44898
0.994519 -0.103559 0.0143725 -156.412 0.10378 0.994479 -0.0155317 -15.6549 -0.0126847 0.0169382 0.999776 4.50668
0.994542 -0.10301 0.0166098 -157.649 0.103272 0.994528 -0.0157588 -15.7741 -0.0148956 0.0173882 0.999738 4.55793
0.994587 -0.102522 0.0168902 -158.896 0.102797 0.994569 -0.0163049 -15.8938 -0.0151269 0.0179529 0.999724 4.59966
0.994743 -0.101357 0.0146114 -160.108 0.101598 0.994683 -0.0168197 -16.0133 -0.0128289 0.0182158 0.999752 4.65388
0.994925 -0.0997673 0.0130562 -161.333 0.0999885 0.994834 -0.0175611 -16.1355 -0.0112367 0.0187775 0.999761 4.70892
0.994946 -0.0994883 0.0136127 -162.586 0.0997211 0.994859 -0.0176507 -16.2535 -0.0117867 0.018919 0.999752 4.7644
0.99491 -0.0996133 0.0152284 -163.83 0.0998496 0.99488 -0.0156374 -16.3854 -0.0135927 0.0170784 0.999762 4.80009
0.994783 -0.100668 0.0165292 -165.053 0.100892 0.994808 -0.0133526 -16.5084 -0.0150992 0.0149506 0.999774 4.83349
0.994656 -0.101755 0.0174656 -166.275 0.101998 0.994691 -0.0136788 -16.6222 -0.015981 0.0153871 0.999754 4.8919
0.994508 -0.102814 0.0195786 -167.494 0.103097 0.994573 -0.0140076 -16.7381 -0.0180322 0.0159491 0.99971 4.94123
0.994474 -0.10298 0.0204046 -168.737 0.10329 0.994542 -0.014758 -16.8679 -0.0187735 0.0167841 0.999683 4.987
0.994518 -0.102983 0.0181468 -169.98 0.103269 0.994532 -0.0155505 -17.0111 -0.0164461 0.0173393 0.999714 5.02309
0.994523 -0.103479 0.0147166 -171.201 0.10372 0.994467 -0.0166855 -17.1371 -0.0129086 0.0181205 0.999752 5.08006
0.99445 -0.104348 0.0134634 -172.445 0.104563 0.994382 -0.0164413 -17.2453 -0.0116721 0.0177578 0.999774 5.14089
0.994356 -0.105125 0.0143435 -173.692 0.10535 0.994307 -0.0159749 -17.3773 -0.0125825 0.0173958 0.99977 5.19846
0.994337 -0.104891 0.0170589 -174.906 0.10515 0.994342 -0.0150546 -17.5122 -0.0153833 0.0167631 0.999741 5.23142
0.994229 -0.105208 0.0209755 -176.137 0.105532 0.994303 -0.0149625 -17.6314 -0.0192818 0.0170897 0.999668 5.2791
0.994154 -0.105662 0.0222169 -177.366 0.106003 0.994256 -0.0147889 -17.7519 -0.0205267 0.0170575 0.999644 5.31832
0.994209 -0.105652 0.0196447 -178.598 0.105952 0.994259 -0.0149575 -17.8864 -0.0179516 0.0169523 0.999695 5.36339
0.99429 -0.1055 0.0160479 -179.853 0.105747 0.994274 -0.0153902 -18.0209 -0.0143323 0.0169993 0.999753 5.43581
0.994319 -0.105518 0.0139938 -181.097 0.105727 0.994281 -0.0150835 -18.1451 -0.0123222 0.0164774 0.999788 5.49323
0.994297 -0.105637 0.0146397 -182.316 0.105851 0.994273 -0.0147465 -18.276 -0.012998 0.016212 0.999784 5.54274
0.99416 -0.106414 0.0179383 -183.554 0.106684 0.994182 -0.0148588 -18.4017 -0.0162527 0.0166857 0.999729 5.5904
0.994117 -0.106425 0.020114 -184.79 0.106733 0.994176 -0.0149088 -18.5326 -0.0184102 0.016968 0.999687 5.62862
0.994138 -0.106391 0.0192751 -186.034 0.106703 0.994163 -0.015932 -18.662 -0.0174676 0.0178953 0.999687 5.67624
0.994122 -0.10693 0.0169714 -187.291 0.107247 0.994051 -0.0189967 -18.7973 -0.0148392 0.0207051 0.999675 5.7327
0.994238 -0.106282 0.0139711 -188.531 0.10658 0.994045 -0.0226881 -18.9384 -0.0114766 0.0240464 0.999645 5.78832
0.994331 -0.105451 0.0136627 -189.759 0.10578 0.994046 -0.0261441 -19.0667 -0.0108244 0.0274411 0.999565 5.85783
0.9944 -0.104462 0.0160159 -191 0.104892 0.994062 -0.0289386 -19.2006 -0.0128978 0.0304565 0.999453 5.88402
0.994354 -0.104418 0.0189112 -192.25 0.104948 0.994036 -0.0296412 -19.3342 -0.0157033 0.0314585 0.999382 5.91814
0.994376 -0.103874 0.020649 -193.483 0.104433 0.994133 -0.0281788 -19.461 -0.0176008 0.0301768 0.99939 5.97398
0.994402 -0.103393 0.0217833 -194.723 0.103944 0.994245 -0.0259354 -19.5874 -0.0189764 0.0280545 0.999426 6.04642
0.99443 -0.103046 0.0221396 -195.976 0.103606 0.994282 -0.0258729 -19.7073 -0.0193469 0.0280226 0.99942 6.0966
0.99449 -0.10289 0.0200636 -197.224 0.103401 0.99429 -0.0263787 -19.8347 -0.017235 0.028308 0.999451 6.13557
0.994602 -0.102386 0.0168227 -198.478 0.10282 0.994325 -0.0273094 -19.9627 -0.0139311 0.0288917 0.999485 6.19622
0.99462 -0.102137 0.017289 -199.731 0.102588 0.994341 -0.02761 -20.0944 -0.0143711 0.0292351 0.999469 6.25685
0.994649 -0.10152 0.0191525 -200.992 0.10202 0.994408 -0.0272745 -20.224 -0.0162765 0.0290825 0.999444 6.29269
0.99456 -0.10214 0.0204177 -202.248 0.10269 0.99432 -0.0279658 -20.3428 -0.0174453 0.0299104 0.9994 6.33126
0.994452 -0.103346 0.0196121 -203.493 0.103875 0.994189 -0.0282458 -20.4773 -0.016579 0.0301263 0.999409 6.36699
0.994415 -0.104335 0.0159044 -204.74 0.104784 0.994022 -0.0306621 -20.6102 -0.0126102 0.0321574 0.999403 6.44491
0.994406 -0.104659 0.0142269 -205.995 0.105109 0.993817 -0.0357721 -20.7475 -0.0103951 0.0370673 0.999259 6.51349
0.994294 -0.105461 0.0160361 -207.264 0.106035 0.993535 -0.0405637 -20.8889 -0.0116545 0.0420327 0.999048 6.5635
0.99414 -0.106456 0.0187748 -208.508 0.107159 0.993372 -0.0415885 -21.0247 -0.014223 0.0433567 0.998958 6.59127
0.994112 -0.106882 0.0177992 -209.759 0.107568 0.993244 -0.0435277 -21.1544 -0.0130266 0.045186 0.998894 6.63611
0.994108 -0.106914 0.0178541 -211.017 0.107615 0.993196 -0.0444973 -21.2894 -0.0129752 0.0461565 0.99885 6.67673
0.994072 -0.106917 0.019736 -212.275 0.107701 0.993199 -0.0442326 -21.429 -0.0148726 0.0460959 0.998826 6.73757
0.994004 -0.107298 0.0210689 -213.539 0.108128 0.993194 -0.0432811 -21.5617 -0.0162815 0.0452997 0.998841 6.78097
0.994018 -0.107386 0.0199037 -214.786 0.108171 0.993166 -0.0438107 -21.7077 -0.015063 0.0457017 0.998842 6.83187
0.994016 -0.10743 0.0197585 -216.05 0.108213 0.99315 -0.0440705 -21.848 -0.0148887 0.045945 0.998833 6.87799
0.994013 -0.107476 0.0196677 -217.306 0.108238 0.993197 -0.042942 -21.9744 -0.0149186 0.0448137 0.998884 6.93488
0.994064 -0.106851 0.020466 -218.558 0.107626 0.993325 -0.0414889 -22.1075 -0.0158963 0.0434453 0.998929 6.99321
0.994092 -0.1066 0.0204499 -219.808 0.107364 0.993379 -0.0408732 -22.2453 -0.0159575 0.0428273 0.998955 7.05509
0.994101 -0.106502 0.0205283 -221.068 0.107277 0.993368 -0.0413631 -22.3809 -0.0159869 0.0433213 0.998933 7.11107
0.994176 -0.105862 0.020165 -222.314 0.106643 0.99338 -0.0427115 -22.4964 -0.01551 0.0446132 0.998884 7.16381
0.994255 -0.104952 0.0210326 -223.541 0.105815 0.993352 -0.0453227 -22.6401 -0.0161361 0.0472879 0.998751 7.21834
0.994305 -0.104053 0.0230116 -224.769 0.105021 0.993413 -0.045845 -22.7763 -0.0180897 0.0480006 0.998683 7.26179
0.994442 -0.102387 0.0245403 -225.986 0.103409 0.99363 -0.0447883 -22.8988 -0.0197982 0.047077 0.998695 7.32439
0.99465 -0.100746 0.0228276 -227.226 0.101702 0.993773 -0.045509 -23.0254 -0.0181006 0.0475872 0.998703 7.39294
0.994882 -0.0999278 0.0149977 -228.466 0.10057 0.993621 -0.0510168 -23.1576 -0.00980407 0.052264 0.998585 7.43938
0.995091 -0.0987594 0.0063056 -229.678 0.0989572 0.993555 -0.0552749 -23.2857 -0.000806052 0.0556275 0.998451 7.45417
0.995277 -0.0969452 0.00494271 -230.91 0.0970696 0.993681 -0.0563589 -23.4047 0.000552252 0.0565725 0.998398 7.49023
0.995413 -0.0953888 0.00728004 -232.123 0.0956431 0.993959 -0.0538257 -23.5112 -0.0021017 0.0542751 0.998524 7.51529
0.995523 -0.094164 0.00820177 -233.351 0.0944587 0.994258 -0.0502933 -23.6206 -0.00341885 0.0508428 0.998701 7.55426
0.995527 -0.0941447 0.00786632 -234.553 0.0944052 0.99451 -0.0451428 -23.7331 -0.00357318 0.0456835 0.99895 7.60023
0.995529 -0.0942092 0.00689853 -235.752 0.0944184 0.994623 -0.0425507 -23.8466 -0.00285276 0.0430118 0.99907 7.65249
0.9956 -0.0935183 0.00593606 -236.96 0.0936866 0.994694 -0.0424995 -23.9457 -0.00193008 0.0428686 0.999079 7.6854
0.995648 -0.0928961 0.00750448 -238.17 0.0931348 0.994716 -0.0431913 -24.0638 -0.00345253 0.0437022 0.999039 7.71352
0.995605 -0.0931074 0.0100455 -239.403 0.093456 0.994695 -0.0429869 -24.1849 -0.00598976 0.0437368 0.999025 7.73799
0.995521 -0.0939181 0.0108076 -240.619 0.0942812 0.994728 -0.0403436 -24.3028 -0.00696168 0.0411818 0.999127 7.7608
0.99547 -0.0946452 0.00901934 -241.822 0.0949167 0.994796 -0.0370312 -24.411 -0.00546758 0.0377196 0.999273 7.81835
0.995393 -0.0956807 0.00621098 -243.045 0.0958433 0.994744 -0.0360439 -24.5131 -0.00272962 0.0364731 0.999331 7.87218
0.995327 -0.096383 0.00579963 -244.263 0.0965323 0.994642 -0.0370088 -24.6366 -0.00220153 0.0373957 0.999298 7.91057
0.995209 -0.0974664 0.00767346 -245.466 0.0976964 0.994416 -0.0399017 -24.7586 -0.00374153 0.0404602 0.999174 7.93876
0.995146 -0.0979935 0.00907218 -246.674 0.0982994 0.994189 -0.0438853 -24.8613 -0.00471898 0.0445641 0.998995 7.97729
0.995129 -0.0981094 0.00967791 -247.895 0.0984623 0.993991 -0.0478142 -24.9994 -0.00492874 0.0485342 0.998809 8.00809
0.995109 -0.0981423 0.0112516 -249.099 0.0985912 0.993826 -0.0508909 -25.1404 -0.00618759 0.0517513 0.998641 8.02939
0.99516 -0.0974448 0.0127252 -250.285 0.0979623 0.993944 -0.0497812 -25.2531 -0.00779725 0.0507869 0.998679 8.05934
0.995173 -0.0973987 0.0120407 -251.524 0.0978673 0.994051 -0.0478015 -25.3699 -0.00731328 0.0487491 0.998784 8.11275
0.99507 -0.0984289 0.0121637 -252.741 0.0988803 0.994086 -0.0448936 -25.4909 -0.00767295 0.045875 0.998918 8.16161
0.994862 -0.100523 0.0120169 -253.934 0.10095 0.993967 -0.0428898 -25.6039 -0.00763304 0.0438826 0.999008 8.19621
0.994636 -0.102823 0.0112348 -255.15 0.103205 0.993792 -0.0415468 -25.7143 -0.00689311 0.0424834 0.999073 8.2463
0.994421 -0.105011 0.00995025 -256.37 0.105324 0.993662 -0.0392778 -25.825 -0.0057626 0.0401066 0.999179 8.28886
0.99421 -0.107039 0.00948838 -257.565 0.107312 0.993587 -0.0356316 -25.9623 -0.00561355 0.0364435 0.99932 8.31672
0.994021 -0.108771 0.00958738 -258.767 0.109015 0.993579 -0.0302869 -26.097 -0.00623148 0.031151 0.999495 8.34629
0.993849 -0.110377 0.00899516 -259.989 0.11057 0.993556 -0.0249027 -26.2224 -0.00618851 0.0257441 0.999649 8.40985
0.993651 -0.112227 0.00787309 -261.205 0.112375 0.993423 -0.0219764 -26.3528 -0.00535496 0.0227216 0.999727 8.45945
0.993483 -0.113645 0.00875714 -262.388 0.113814 0.993255 -0.0221742 -26.4866 -0.00617808 0.0230264 0.999716 8.49514
0.993394 -0.114259 0.0106295 -263.579 0.11448 0.993154 -0.0232063 -26.6228 -0.00790517 0.0242699 0.999674 8.52155
0.993432 -0.113746 0.0124207 -264.785 0.114033 0.993147 -0.0256085 -26.7694 -0.00942271 0.0268566 0.999595 8.56297
0.993437 -0.113622 0.0131263 -265.997 0.113949 0.9931 -0.0277121 -26.9053 -0.00988707 0.029026 0.99953 8.61486
0.993396 -0.114174 0.0113075 -267.176 0.114455 0.993018 -0.028554 -27.0348 -0.00796841 0.0296596 0.999528 8.65619
0.99352 -0.113212 0.0100138 -268.353 0.113462 0.993104 -0.0295105 -27.1768 -0.00660381 0.0304554 0.999514 8.69841
0.993663 -0.111947 0.0100637 -269.552 0.112191 0.993282 -0.0283711 -27.3141 -0.00682001 0.0293203 0.999547 8.72105
0.99383 -0.110521 0.00929837 -270.73 0.110733 0.993489 -0.0267754 -27.4284 -0.0062786 0.0276398 0.999598 8.77716
0.994008 -0.108935 0.00901792 -271.915 0.109132 0.993703 -0.0253799 -27.5558 -0.00619636 0.026212 0.999637 8.82439
0.994123 -0.108003 0.00745551 -273.107 0.108152 0.99385 -0.0237787 -27.6894 -0.00484149 0.0244453 0.999689 8.85404
0.994285 -0.106625 0.00534816 -274.282 0.106717 0.994053 -0.021675 -27.8117 -0.00300526 0.0221219 0.999751 8.90534
0.994438 -0.10519 0.00526352 -275.477 0.10528 0.994209 -0.0215647 -27.9414 -0.00296465 0.0219989 0.999754 8.94906
