1 0 0 0 0 1 0 0 0 0 1 0
1 -4.36073e-05 6.67487e-05 0.00101144 4.36079e-05 1 -9.51091e-06 0.00243032 -6.67483e-05 9.51382e-06 1 -0.00193725
1 4.29521e-05 1.63877e-05 0.00596156 -4.29525e-05 1 2.28577e-05 -0.000279702 -1.63868e-05 -2.28584e-05 1 -0.00270931
1 0.000125623 -1.2327e-05 0.00802597 -0.000125623 1 -1.77415e-06 -0.00529601 1.23268e-05 1.7757e-06 1 7.235e-06
1 -1.16438e-05 3.24204e-05 -0.00443383 1.16443e-05 1 -1.73449e-05 -0.00378622 -3.24202e-05 1.73452e-05 1 -0.000612072
1 8.4667e-06 9.88051e-06 -0.0054055 -8.46655e-06 1 -1.58889e-05 -0.00273068 -9.88064e-06 1.58888e-05 1 -7.08704e-06
1 5.78738e-05 -2.83109e-05 -0.00445481 -5.78753e-05 1 -5.0571e-05 -0.000269749 2.83079e-05 5.05726e-05 1 0.00210381
1 3.48631e-05 -2.10076e-05 0.00153821 -3.48628e-05 1 1.6751e-05 -0.00119504 2.10081e-05 -1.67503e-05 1 -0.00109659
1 4.40865e-05 -1.52947e-05 0.00379899 -4.40864e-05 1 8.72402e-06 -0.00308385 1.52951e-05 -8.72334e-06 1 -0.000868995
1 2.09086e-06 -2.02885e-05 -0.000379396 -2.09037e-06 1 2.4011e-05 -0.00026618 2.02886e-05 -2.4011e-05 1 -0.000998032
1 4.66219e-05 -3.54662e-06 -0.00130031 -4.66217e-05 1 5.85742e-05 -0.00443284 3.54935e-06 -5.8574e-05 1 -0.00177141
1 8.18253e-05 1.48543e-05 0.000921498 -8.18245e-05 1 -5.41601e-05 -0.00262485 -1.48588e-05 5.41589e-05 1 0.000355179
1 4.4821e-06 -3.59964e-06 0.00192965 -4.48205e-06 1 1.48902e-05 -0.000479743 3.59971e-06 -1.48902e-05 1 -0.000442836
1 3.94193e-05 -2.3276e-05 0.00248455 -3.94195e-05 1 -9.31621e-06 0.000933001 2.32757e-05 9.31713e-06 1 -7.61233e-05
1 -2.01117e-07 -2.64706e-05 -0.000952337 2.01602e-07 1 1.83273e-05 0.00110892 2.64706e-05 -1.83273e-05 1 -0.000408602
1 2.16026e-06 -2.23753e-05 0.00203196 -2.1611e-06 1 -3.75657e-05 0.0014766 2.23753e-05 3.75657e-05 1 0.000833253
1 -1.22576e-06 4.24368e-06 -0.000127524 1.22588e-06 1 -2.77881e-05 0.00197046 -4.24365e-06 2.77881e-05 1 0.000424381
1 2.46825e-05 7.11408e-06 0.00147166 -2.46826e-05 1 1.9667e-05 -0.00098891 -7.11359e-06 -1.96672e-05 1 -0.00141677
1 4.29731e-05 1.69182e-07 0.00239221 -4.29731e-05 1 4.71718e-05 -0.00313908 -1.67155e-07 -4.71719e-05 1 -0.000942596
1 -4.07447e-05 -7.99553e-06 -0.00254591 4.07446e-05 1 -1.56707e-05 0.00253413 7.99617e-06 1.56703e-05 1 0.00101863
1 3.14661e-05 5.36958e-06 -0.00016686 -3.14661e-05 1 2.23253e-06 -0.00032918 -5.36951e-06 -2.2327e-06 1 -3.26651e-05
1 5.3313e-05 3.20632e-05 -0.001513 -5.33117e-05 1 -4.28482e-05 -0.00132222 -3.20655e-05 4.28464e-05 1 -0.000488833
1 5.35916e-05 2.72734e-06 0.00433445 -5.35916e-05 1 -5.23669e-06 -0.00188661 -2.72762e-06 5.23655e-06 1 0.000117289
1 4.5119e-05 -6.98977e-06 0.000952511 -4.51191e-05 1 -2.01725e-05 -0.000792475 6.98886e-06 2.01728e-05 1 0.000240414
1 0.000107006 -3.77438e-05 0.00601215 -0.000107006 1 1.17345e-05 -0.00206995 3.77451e-05 -1.17305e-05 1 0.000529126
1 0.000128452 -5.32999e-05 0.00576829 -0.000128451 1 1.59097e-05 -0.00826711 5.3302e-05 -1.59029e-05 1 0.000729029
1 5.61772e-05 -3.52214e-05 -0.000799369 -5.61775e-05 1 -8.32988e-06 -0.0042567 3.5221e-05 8.33186e-06 1 0.00150031
1 3.06633e-05 1.04255e-05 -0.00179423 -3.0663e-05 1 -2.88029e-05 -0.00313549 -1.04264e-05 2.88026e-05 1 9.43823e-05
1 3.18792e-05 -8.45136e-06 -0.00156212 -3.1879e-05 1 2.16084e-05 -0.00556504 8.45205e-06 -2.16082e-05 1 -0.00107902
1 9.7559e-05 -3.94446e-05 0.00663664 -9.75593e-05 1 -6.92061e-06 -0.00513368 3.9444e-05 6.92446e-06 1 -0.00098512
1 8.48481e-05 -1.4436e-05 0.00394163 -8.48482e-05 1 -1.14242e-05 -0.00363278 1.44351e-05 1.14255e-05 1 -0.00072452
1 9.76266e-05 -7.12455e-06 -0.000498633 -9.76269e-05 1 -3.53027e-05 -0.0012059 7.1211e-06 3.53034e-05 1 0.000806668
1 3.50032e-05 1.66919e-05 0.00425644 -3.50032e-05 1 5.85242e-07 0.00377481 -1.66919e-05 -5.85826e-07 1 -0.0012703
1 3.74766e-05 -6.47711e-06 0.00345497 -3.74766e-05 1 2.18245e-06 -0.000855398 6.47719e-06 -2.18221e-06 1 -0.000990124
1 7.00004e-05 -1.81676e-05 -0.000676555 -7.00003e-05 1 9.3932e-06 -0.00495657 1.81682e-05 -9.39193e-06 1 0.00047748
1 0.00010123 -1.74615e-05 0.00426113 -0.00010123 1 1.35575e-05 -0.00243537 1.74629e-05 -1.35557e-05 1 -0.00043781
1 6.35053e-05 -2.57162e-05 0.000896914 -6.35053e-05 1 -4.21756e-07 -0.00269201 2.57162e-05 4.23389e-07 1 0.000701321
1 5.6379e-05 -4.65617e-05 0.00127599 -5.63784e-05 1 1.29101e-05 -0.00409236 4.65624e-05 -1.29075e-05 1 0.0015373
1 2.4032e-07 -2.68085e-05 0.00374571 -2.40633e-07 1 -1.16755e-05 0.000108543 2.68085e-05 1.16755e-05 1 -8.51237e-05
1 4.28051e-05 -1.11551e-05 0.00923627 -4.28055e-05 1 -3.58166e-05 -0.000647961 1.11536e-05 3.58171e-05 1 9.51459e-05
1 0.000153175 -4.6412e-05 0.0202845 -0.000153174 1 3.52612e-05 -0.00340847 4.64174e-05 -3.52541e-05 1 0.00124386
1 0.000321673 -3.41205e-05 0.0304269 -0.000321674 1 -4.71544e-05 -0.00329502 3.41054e-05 4.71654e-05 1 0.00552276
1 0.000145279 3.98693e-05 0.0190319 -0.000145274 1 -0.000134422 -0.00260467 -3.98889e-05 0.000134417 1 0.00521253
1 0.000224343 6.90395e-05 0.00310439 -0.000224334 1 -0.000123575 -0.012179 -6.90672e-05 0.00012356 1 0.00395802
1 0.000153206 5.88658e-05 -0.0188128 -0.0001532 1 -9.3654e-05 -0.00825712 -5.88802e-05 9.3645e-05 1 0.00395329
1 5.73179e-05 3.86914e-05 -0.0305816 -5.73161e-05 1 -4.65237e-05 -0.00453469 -3.86941e-05 4.65215e-05 1 0.00235149
1 3.22142e-05 3.72827e-05 -0.0424447 -3.22144e-05 1 6.35467e-06 -0.00615506 -3.72825e-05 -6.35587e-06 1 0.00315809
1 -7.39969e-05 0.000137394 -0.0700804 7.40081e-05 1 -8.16305e-05 -0.00880802 -0.000137388 8.16407e-05 1 0.00276925
1 -2.54889e-05 0.000171603 -0.0917918 2.55209e-05 1 -0.000186961 -0.00935971 -0.000171598 0.000186966 1 0.00462766
1 1.19253e-05 0.00018542 -0.124676 -1.18841e-05 1 -0.000222187 -0.0147609 -0.000185423 0.000222184 1 0.00833341
1 7.29298e-05 0.000219136 -0.153161 -7.28884e-05 1 -0.000188928 -0.0203952 -0.00021915 0.000188912 1 0.0105838
1 -0.00019066 0.00031346 -0.195029 0.00019073 1 -0.000223721 -0.0205181 -0.000313417 0.00022378 1 0.0113438
1 -0.000453981 0.000455681 -0.253714 0.000454126 1 -0.000319138 -0.0199361 -0.000455536 0.000319345 1 0.012552
0.999999 -0.00110706 0.000724812 -0.330214 0.00110737 0.999999 -0.00041905 -0.0156698 -0.000724347 0.000419852 1 0.0138801
0.999998 -0.00167517 0.000854697 -0.398407 0.00167563 0.999998 -0.000536619 -0.00446401 -0.000853797 0.000538051 0.999999 0.0162889
0.999997 -0.00217862 0.000939965 -0.46097 0.00217915 0.999997 -0.00057197 0.000246892 -0.000938716 0.000574016 0.999999 0.0205503
0.999997 -0.00217816 0.00105723 -0.514182 0.00217892 0.999997 -0.000712145 -0.00651295 -0.00105568 0.000714446 0.999999 0.0257985
0.999996 -0.00254373 0.00119434 -0.60717 0.00254445 0.999997 -0.000605939 -0.0163602 -0.00119279 0.000608976 0.999999 0.025282
0.999994 -0.00329606 0.00134626 -0.711866 0.00329691 0.999994 -0.000625043 -0.0222144 -0.0013442 0.000629478 0.999999 0.0283194
0.999989 -0.00434548 0.00151189 -0.830385 0.00434659 0.99999 -0.000731001 -0.00900631 -0.0015087 0.000737565 0.999999 0.0318255
0.999987 -0.0047842 0.00177967 -0.926818 0.0047857 0.999988 -0.000839575 -0.0160115 -0.00177563 0.000848081 0.999998 0.0340985
0.999984 -0.00535212 0.00198231 -1.04087 0.0053538 0.999985 -0.0008406 -0.0152407 -0.00197778 0.000851199 0.999998 0.0370829
0.999979 -0.00619142 0.00211032 -1.17688 0.00619376 0.99998 -0.00110056 -0.0185932 -0.00210347 0.00111361 0.999997 0.0425777
0.999971 -0.00724054 0.00222839 -1.31819 0.00724353 0.999973 -0.00133366 -0.0327664 -0.00221868 0.00134976 0.999997 0.040792
0.999961 -0.00852406 0.00208603 -1.47712 0.00852628 0.999963 -0.00106029 -0.0426492 -0.00207691 0.00107804 0.999997 0.047842
0.999954 -0.0093657 0.002115 -1.64292 0.00936797 0.999956 -0.00106954 -0.0459744 -0.00210489 0.00108931 0.999997 0.0506732
0.999945 -0.0103126 0.00212125 -1.81681 0.0103154 0.999946 -0.00131129 -0.0339386 -0.00210761 0.0013331 0.999997 0.0528932
0.999942 -0.0106295 0.00191508 -1.98877 0.0106322 0.999942 -0.00140764 -0.0407939 -0.0019 0.00142792 0.999997 0.052057
0.999935 -0.0112847 0.00179298 -2.18922 0.011287 0.999935 -0.00127822 -0.0355816 -0.00177844 0.00129837 0.999998 0.0606157
0.999934 -0.0113354 0.00173429 -2.36742 0.0113374 0.999935 -0.00110511 -0.0468064 -0.00172165 0.0011247 0.999998 0.0663847
0.999929 -0.0117221 0.00193476 -2.57167 0.0117244 0.999931 -0.0011602 -0.0469769 -0.00192103 0.0011828 0.999997 0.0732044
0.999926 -0.0120028 0.00196007 -2.77649 0.0120057 0.999927 -0.00147894 -0.0400811 -0.00194218 0.00150236 0.999997 0.0839224
0.999919 -0.0125443 0.00192754 -2.98957 0.0125463 0.999921 -0.0010493 -0.0432558 -0.00191422 0.00107339 0.999998 0.0796945
0.999901 -0.0139542 0.00204381 -3.22746 0.0139555 0.999902 -0.00064513 -0.0418725 -0.00203461 0.000673588 0.999998 0.0695508
0.999896 -0.0142403 0.0024471 -3.45517 0.0142427 0.999898 -0.000948992 -0.0477328 -0.00243334 0.000983746 0.999997 0.0706194
0.999891 -0.0145378 0.00270497 -3.69406 0.0145409 0.999894 -0.00111942 -0.0616887 -0.00268841 0.00115863 0.999996 0.0854997
0.999883 -0.0150023 0.0029215 -3.95224 0.0150062 0.999887 -0.00131856 -0.0763782 -0.00290139 0.00136224 0.999995 0.0981223
0.999867 -0.0159659 0.00321961 -4.22179 0.0159702 0.999872 -0.0013156 -0.0856871 -0.00319819 0.00136684 0.999994 0.106998
0.999861 -0.0163761 0.00327101 -4.49683 0.0163802 0.999865 -0.00122001 -0.0778287 -0.00325059 0.00127342 0.999994 0.109981
0.999852 -0.0168533 0.0034979 -4.77579 0.0168587 0.999857 -0.00151434 -0.0931096 -0.00347188 0.00157309 0.999993 0.123137
0.999846 -0.0171452 0.00370094 -5.06595 0.0171528 0.999851 -0.00205027 -0.100194 -0.00366524 0.00211344 0.999991 0.141898
0.999823 -0.0184422 0.00378057 -5.37625 0.0184511 0.999827 -0.00234696 -0.0872359 -0.00373663 0.0024163 0.99999 0.134093
0.999806 -0.0193298 0.00388668 -5.6933 0.0193393 0.99981 -0.00240965 -0.0922836 -0.00383936 0.00248435 0.99999 0.136935
0.999794 -0.0197016 0.00482571 -6.01333 0.0197154 0.999802 -0.00284195 -0.120616 -0.00476876 0.00293651 0.999984 0.152587
0.999776 -0.020457 0.00542601 -6.34342 0.0204738 0.999786 -0.00305939 -0.129158 -0.00536226 0.00316979 0.999981 0.169307
0.999766 -0.0208988 0.00557928 -6.69783 0.0209188 0.999775 -0.003549 -0.127388 -0.00550386 0.00366489 0.999978 0.176455
0.999746 -0.0218902 0.00531387 -7.05425 0.0219072 0.999755 -0.00316137 -0.127678 -0.00524337 0.00327698 0.999981 0.175679
0.999737 -0.0224896 0.00454401 -7.42737 0.0225011 0.999744 -0.00248444 -0.135644 -0.00448697 0.00258604 0.999987 0.18292
0.999719 -0.0234059 0.00381713 -7.77856 0.0234139 0.999724 -0.00206415 -0.150244 -0.00376776 0.00215295 0.999991 0.20099
0.999697 -0.0242801 0.00393986 -8.1618 0.0242891 0.999702 -0.002256 -0.162159 -0.00388391 0.00235102 0.99999 0.213695
0.999675 -0.0251844 0.00392114 -8.55798 0.0251928 0.99968 -0.00211514 -0.189203 -0.00386662 0.00221324 0.99999 0.204267
0.999643 -0.0263919 0.00406174 -8.9837 0.0264026 0.999648 -0.00260113 -0.191077 -0.00399166 0.00270744 0.999988 0.215566
0.999612 -0.0275467 0.00413525 -9.37565 0.0275555 0.999618 -0.00209475 -0.187022 -0.00407597 0.00220789 0.999989 0.233925
0.999587 -0.0284634 0.00407736 -9.7667 0.0284698 0.999594 -0.00150895 -0.200497 -0.00403275 0.00162441 0.999991 0.259645
0.999535 -0.0301845 0.00423586 -10.2136 0.0301917 0.999543 -0.00164541 -0.227647 -0.00418425 0.00177253 0.99999 0.268024
0.99949 -0.031626 0.00434778 -10.6648 0.0316337 0.999498 -0.0017202 -0.2471 -0.00429119 0.00185686 0.999989 0.264269
0.999442 -0.0330782 0.00459122 -11.1085 0.0330873 0.999451 -0.00191049 -0.262518 -0.0045255 0.00206133 0.999988 0.277365
0.999382 -0.034829 0.00464669 -11.5502 0.0348367 0.999392 -0.00159069 -0.279364 -0.00458846 0.00175159 0.999988 0.30154
0.999306 -0.0368761 0.00527699 -12.0368 0.0368851 0.999318 -0.00161391 -0.29826 -0.00521388 0.00180743 0.999985 0.312751
0.999221 -0.0390141 0.00594225 -12.5275 0.0390288 0.999235 -0.00238573 -0.317779 -0.00584463 0.00261579 0.999979 0.321667
0.99912 -0.0415141 0.00601805 -13.0202 0.04153 0.999134 -0.00253878 -0.334923 -0.00590745 0.00278647 0.999979 0.334165
0.999028 -0.0437155 0.00566997 -13.5226 0.0437293 0.999041 -0.00232945 -0.355146 -0.0055627 0.00257513 0.999981 0.342038
0.998946 -0.0455905 0.00529148 -14.0261 0.0456006 0.998958 -0.00181188 -0.378968 -0.00520336 0.00205127 0.999984 0.35849
0.998856 -0.0475634 0.00498195 -14.5338 0.0475686 0.998868 -0.000937463 -0.403084 -0.00493172 0.00117337 0.999987 0.379614
0.998732 -0.0501003 0.00494709 -15.0674 0.0501032 0.998744 -0.000464822 -0.434 -0.00491759 0.000712098 0.999988 0.399663
0.998634 -0.0519926 0.005193 -15.606 0.0519981 0.998647 -0.000942926 -0.475468 -0.00513695 0.00121166 0.999986 0.419012
0.998516 -0.0541977 0.0052789 -16.1665 0.0542052 0.998529 -0.001302 -0.519795 -0.00520057 0.00158621 0.999985 0.429512
0.998334 -0.0573976 0.00594204 -16.7335 0.0574113 0.998348 -0.00215491 -0.527806 -0.00580854 0.00249246 0.99998 0.43983
0.998201 -0.0595954 0.00660397 -17.2845 0.0596142 0.998218 -0.00267661 -0.560459 -0.00643269 0.00306548 0.999975 0.457891
0.998037 -0.0622395 0.00702425 -17.8184 0.0622558 0.998058 -0.00212012 -0.607567 -0.00687866 0.00255326 0.999973 0.47757
0.997861 -0.0649709 0.00716961 -18.3956 0.0649756 0.997887 -0.000423779 -0.640779 -0.00712692 0.000888722 0.999974 0.496234
0.997702 -0.0673477 0.0074721 -18.9948 0.0673489 0.997729 9.53629e-05 -0.687879 -0.00746156 0.000408094 0.999972 0.524048
0.997528 -0.0698595 0.00762972 -19.6067 0.0698667 0.997556 -0.000684606 -0.732386 -0.00756325 0.00121598 0.999971 0.527114
0.997361 -0.0722148 0.00743772 -20.1979 0.0722344 0.997385 -0.00239385 -0.776283 -0.0072454 0.0029248 0.999969 0.54099
0.997252 -0.0737262 0.00724507 -20.7923 0.0737473 0.997273 -0.00269158 -0.827895 -0.00702688 0.00321849 0.99997 0.550194
0.997129 -0.0754965 0.00583028 -21.4195 0.0755136 0.997141 -0.00276295 -0.871214 -0.00560502 0.00319528 0.999979 0.576145
0.996975 -0.0775355 0.0054334 -22.0604 0.0775469 0.996987 -0.00192032 -0.916928 -0.00526814 0.00233586 0.999983 0.601437
0.996864 -0.0789038 0.00598518 -22.6999 0.0789157 0.99688 -0.00178349 -0.972945 -0.00582578 0.00225022 0.99998 0.619632
0.996768 -0.0800831 0.00634757 -23.3508 0.0801033 0.996782 -0.00299425 -1.01548 -0.00608736 0.00349303 0.999975 0.625421
0.996712 -0.0807769 0.00630505 -23.9882 0.080804 0.996721 -0.0041667 -1.08501 -0.00594781 0.00466247 0.999971 0.639301
0.996648 -0.0815599 0.0063139 -24.6587 0.0815918 0.996653 -0.00496393 -1.14162 -0.00588792 0.00546246 0.999968 0.662486
0.996566 -0.0826266 0.00540594 -25.3157 0.0826473 0.996572 -0.00372515 -1.18955 -0.00507961 0.00415915 0.999978 0.681202
0.996462 -0.0839067 0.00491006 -25.9999 0.0839237 0.996466 -0.00337692 -1.23323 -0.00460937 0.00377704 0.999982 0.712461
0.996392 -0.0847467 0.0045769 -26.6739 0.0847621 0.996396 -0.00327711 -1.29619 -0.00428268 0.00365324 0.999984 0.73105
0.996354 -0.0851974 0.00458075 -27.361 0.0852158 0.996355 -0.00397231 -1.35637 -0.00422562 0.00434818 0.999982 0.753604
0.996299 -0.0857499 0.00586033 -28.0595 0.0857775 0.996304 -0.0046409 -1.4245 -0.00544071 0.00512641 0.999972 0.772941
0.996141 -0.0874613 0.00738485 -28.7641 0.0874971 0.996154 -0.00467624 -1.49103 -0.00694746 0.00530435 0.999962 0.778456
0.996072 -0.0881608 0.00823624 -29.4738 0.0882065 0.996088 -0.00536324 -1.54881 -0.00773119 0.00606867 0.999952 0.80486
0.996092 -0.0879536 0.00801465 -30.1991 0.0879994 0.996105 -0.00555944 -1.60315 -0.00749446 0.006243 0.999952 0.824919
0.99618 -0.087025 0.00719465 -30.9301 0.08707 0.996183 -0.00620101 -1.66472 -0.00662755 0.00680376 0.999955 0.842434
0.996349 -0.0851856 0.00568577 -31.6678 0.0852324 0.996324 -0.00858028 -1.72923 -0.00493396 0.00903357 0.999947 0.872056
0.996542 -0.0828921 0.0057733 -32.4121 0.0829443 0.996509 -0.00948785 -1.78818 -0.00496668 0.0099339 0.999938 0.897
0.996698 -0.0809222 0.00668177 -33.1541 0.0809793 0.996677 -0.00876909 -1.85782 -0.00594995 0.00928122 0.999939 0.913852
0.996821 -0.079358 0.00714469 -33.915 0.079411 0.996814 -0.00745948 -1.91065 -0.00652996 0.00800313 0.999947 0.927027
0.996978 -0.0773963 0.00671791 -34.6645 0.0774554 0.996955 -0.00902857 -1.95572 -0.00599868 0.00952162 0.999937 0.960586
0.99716 -0.0750905 0.00575391 -35.4412 0.075148 0.997117 -0.0105282 -2.01201 -0.00494675 0.0109307 0.999928 0.974026
0.997386 -0.0721101 0.00465085 -36.2371 0.0721573 0.997333 -0.010955 -2.07005 -0.00384848 0.0112619 0.999929 0.992053
0.997588 -0.0692692 0.00445974 -37.0277 0.0693111 0.997544 -0.0100691 -2.11988 -0.00375131 0.010354 0.999939 1.01451
0.997783 -0.0663234 0.00546784 -37.8049 0.0663734 0.997749 -0.00954726 -2.16211 -0.00482232 0.00988902 0.999939 1.05249
0.997943 -0.0635622 0.0083239 -38.6063 0.0636387 0.99793 -0.00927605 -2.20558 -0.00771706 0.00978669 0.999922 1.069
0.998092 -0.0608982 0.0102259 -39.4163 0.0609978 0.99809 -0.00973718 -2.25997 -0.00961336 0.0103424 0.9999 1.08634
0.998283 -0.0576546 0.0103354 -40.2281 0.057749 0.99829 -0.0090836 -2.30047 -0.00979401 0.00966487 0.999905 1.10321
0.998478 -0.054469 0.00862656 -41.0464 0.0545364 0.998481 -0.00778099 -2.3386 -0.00818964 0.00823961 0.999933 1.13026
0.998669 -0.0511048 0.00693373 -41.8743 0.0511536 0.998666 -0.00704961 -2.37431 -0.00656421 0.00739491 0.999951 1.17066
0.998806 -0.0482067 0.00788415 -42.7081 0.0482614 0.998811 -0.00690335 -2.41221 -0.00754199 0.00727561 0.999945 1.19526
0.998921 -0.0452634 0.010391 -43.5417 0.0453343 0.998949 -0.00669438 -2.44646 -0.0100771 0.00715823 0.999924 1.21775
0.999025 -0.0423561 0.0124621 -44.3858 0.0424291 0.999084 -0.00564721 -2.47875 -0.0122115 0.00617046 0.999906 1.24204
0.999161 -0.0389929 0.0125027 -45.2397 0.039054 0.999226 -0.00468073 -2.49254 -0.0123105 0.00516509 0.999911 1.28782
0.999292 -0.0356566 0.0120092 -46.1047 0.0357036 0.999355 -0.00372282 -2.51156 -0.0118688 0.00414895 0.999921 1.32216
0.999408 -0.0326597 0.0108055 -46.981 0.0326984 0.999459 -0.00342168 -2.53717 -0.0106879 0.00377297 0.999936 1.3501
0.999511 -0.0296251 0.0100086 -47.8485 0.0296517 0.999557 -0.002517 -2.56657 -0.0099296 0.00281254 0.999947 1.37094
0.999583 -0.0270443 0.0101347 -48.729 0.0270669 0.999631 -0.00209318 -2.59167 -0.0100743 0.00236662 0.999946 1.40327
0.999682 -0.0231245 0.0100705 -49.5999 0.0231451 0.99973 -0.00193457 -2.59474 -0.0100231 0.00216704 0.999947 1.43445
0.999743 -0.020014 0.0106074 -50.4892 0.0200402 0.999796 -0.00236356 -2.60105 -0.0105579 0.00257553 0.999941 1.46158
0.999795 -0.0170261 0.010938 -51.4026 0.0170491 0.999853 -0.00201267 -2.62299 -0.0109021 0.00219874 0.999938 1.48414
0.999849 -0.0138928 0.0104081 -52.3056 0.0139048 0.999903 -0.00107911 -2.6364 -0.0103921 0.00122367 0.999945 1.50517
0.999887 -0.0108694 0.0103454 -53.2037 0.0108806 0.99994 -0.00103237 -2.63827 -0.0103336 0.00114482 0.999946 1.53902
0.999916 -0.00776588 0.010389 -54.1156 0.00777556 0.999969 -0.000891574 -2.63103 -0.0103818 0.00097228 0.999946 1.57834
0.99993 -0.00585572 0.0102759 -55.0361 0.00585148 0.999983 0.000442831 -2.62907 -0.0102783 -0.00038267 0.999947 1.61506
0.999941 -0.00519905 0.00951739 -55.9689 0.00518131 0.999985 0.00188695 -2.63461 -0.00952706 -0.00183753 0.999953 1.65171
0.999953 -0.00468726 0.00844301 -56.9011 0.00466909 0.999987 0.00217052 -2.6325 -0.00845307 -0.002131 0.999962 1.67903
0.999946 -0.0055112 0.00884143 -57.8502 0.00550102 0.999984 0.00117631 -2.63545 -0.00884777 -0.00112761 0.99996 1.71348
0.999932 -0.00605536 0.00998506 -58.7893 0.00605061 0.999982 0.000506506 -2.64291 -0.00998794 -0.000446056 0.99995 1.74477
0.999919 -0.00739679 0.0103343 -59.7443 0.00739677 0.999973 3.93769e-05 -2.6439 -0.0103343 3.70668e-05 0.999947 1.76336
0.999924 -0.00759311 0.00973287 -60.6914 0.00760563 0.99997 -0.00125085 -2.64481 -0.00972309 0.00132478 0.999952 1.79346
0.999917 -0.00751394 0.0104821 -61.6579 0.00754877 0.999966 -0.00328728 -2.66587 -0.010457 0.00336613 0.99994 1.82543
0.999902 -0.00814205 0.011426 -62.6224 0.00819874 0.999954 -0.00492341 -2.68619 -0.0113854 0.0050166 0.999923 1.85471
0.999884 -0.00911864 0.0121714 -63.603 0.00919043 0.999941 -0.00585527 -2.68392 -0.0121173 0.00596646 0.999909 1.88651
0.999884 -0.00969275 0.0117889 -64.5864 0.00977506 0.999928 -0.00694507 -2.69007 -0.0117207 0.0070595 0.999906 1.92485
0.999873 -0.00980183 0.0125444 -65.5691 0.00989581 0.999923 -0.00745213 -2.69674 -0.0124704 0.00757532 0.999894 1.95925
0.999871 -0.00962852 0.0128917 -66.5546 0.00972287 0.999926 -0.0072765 -2.70233 -0.0128207 0.0074009 0.99989 2.00253
0.999872 -0.00997235 0.012473 -67.5689 0.010047 0.999932 -0.00593949 -2.71632 -0.012413 0.00606405 0.999905 2.03809
0.99988 -0.00934411 0.0123324 -68.5694 0.00941132 0.999941 -0.00540344 -2.71618 -0.0122812 0.00551885 0.999909 2.07294
0.999883 -0.00869172 0.0125539 -69.5603 0.00878066 0.999937 -0.00704693 -2.72246 -0.0124918 0.00715634 0.999896 2.109
0.999878 -0.00834385 0.0131963 -70.5711 0.00843142 0.999943 -0.00659426 -2.73321 -0.0131406 0.00670472 0.999891 2.1279
0.999904 -0.00861914 0.0108914 -71.5983 0.00863799 0.999961 -0.00168468 -2.73613 -0.0108764 0.00177859 0.999939 2.15783
0.999941 -0.00811296 0.00721028 -72.6202 0.00811531 0.999967 -0.000296429 -2.72934 -0.00720764 0.000354925 0.999974 2.21316
0.999945 -0.00756579 0.00724467 -73.6509 0.00755572 0.99997 0.00141572 -2.7378 -0.00725516 -0.00136091 0.999973 2.25557
0.999912 -0.00717238 0.0112022 -74.6783 0.00715323 0.999973 0.00174891 -2.74306 -0.0112145 -0.00166862 0.999936 2.29089
0.999849 -0.00652465 0.016123 -75.7016 0.00649908 0.999978 0.00163795 -2.74719 -0.0161334 -0.00153291 0.999869 2.32187
0.999798 -0.0066851 0.0189567 -76.7377 0.00663955 0.999975 0.00246493 -2.74458 -0.0189727 -0.00233857 0.999817 2.36061
0.99979 -0.0066981 0.019355 -77.7888 0.0066254 0.999971 0.00381772 -2.73981 -0.01938 -0.00368869 0.999805 2.40163
0.999792 -0.0066031 0.0193054 -78.848 0.00655384 0.999975 0.00261378 -2.74563 -0.0193222 -0.00248671 0.99981 2.45524
0.999816 -0.00628659 0.0181024 -79.9056 0.00623101 0.999976 0.00312501 -2.75946 -0.0181216 -0.00301164 0.999831 2.49231
0.999851 -0.00613072 0.0161369 -80.9577 0.00607608 0.999976 0.00343241 -2.76617 -0.0161575 -0.00333385 0.999864 2.53421
0.999874 -0.0063641 0.0145601 -82.0241 0.00632051 0.999975 0.00303784 -2.76228 -0.014579 -0.00294543 0.999889 2.59692
0.999863 -0.00586912 0.0154949 -83.1043 0.00579091 0.99997 0.00508777 -2.75748 -0.0155243 -0.00499734 0.999867 2.63039
0.999832 -0.00553616 0.0174856 -84.1851 0.005451 0.999973 0.00491449 -2.76668 -0.0175123 -0.00481835 0.999835 2.68415
0.999772 -0.00494744 0.0207543 -85.2403 0.0048919 0.999984 0.00272572 -2.77445 -0.0207675 -0.00262358 0.999781 2.72852
0.999726 -0.00512581 0.0228518 -86.3236 0.00511309 0.999987 0.000615277 -2.77931 -0.0228547 -0.000498265 0.999739 2.76938
0.999735 -0.00505544 0.022454 -87.4052 0.00505791 0.999987 -5.31074e-05 -2.78023 -0.0224534 0.000166664 0.999748 2.8014
0.999815 -0.00508957 0.0185433 -88.5129 0.00508346 0.999987 0.000376727 -2.7848 -0.018545 -0.000282394 0.999828 2.84887
0.999929 -0.00393146 0.0112294 -89.6022 0.00390152 0.999989 0.00268622 -2.77384 -0.0112399 -0.00264222 0.999933 2.90154
0.999977 -0.00321827 0.00600568 -90.7055 0.00320041 0.99999 0.00298143 -2.77567 -0.00601522 -0.00296214 0.999978 2.95391
0.999964 -0.00187719 0.00824791 -91.7913 0.00184929 0.999993 0.00338978 -2.77612 -0.00825421 -0.0033744 0.99996 2.99336
0.999917 -0.000328064 0.0128873 -92.8729 0.000275713 0.999992 0.00406385 -2.77583 -0.0128885 -0.00405996 0.999909 3.02049
0.999903 0.00113276 0.0138994 -93.9551 -0.00117688 0.999994 0.00316627 -2.76276 -0.0138957 -0.00318232 0.999898 3.06469
0.999931 0.0028893 0.0114263 -95.0193 -0.00292023 0.999992 0.00269085 -2.75346 -0.0114184 -0.00272403 0.999931 3.10646
0.999949 0.00386914 0.00929525 -96.0964 -0.00389228 0.999989 0.00247198 -2.75503 -0.00928559 -0.00250804 0.999954 3.1495
0.999945 0.00451586 0.00944968 -97.1841 -0.00453786 0.999987 0.00230832 -2.74949 -0.00943913 -0.00235108 0.999953 3.19164
0.999907 0.0060398 0.0122387 -98.2318 -0.00605834 0.999981 0.00147883 -2.72485 -0.0122296 -0.00155284 0.999924 3.24213
0.999864 0.00741766 0.0147563 -99.281 -0.00743488 0.999972 0.00111209 -2.71846 -0.0147476 -0.00122165 0.999891 3.28135
0.999838 0.00856193 0.0158351 -100.337 -0.00857648 0.999963 0.000851104 -2.7183 -0.0158272 -0.000986775 0.999874 3.31591
0.99983 0.0095208 0.0157854 -101.403 -0.00953039 0.999954 0.000532201 -2.70432 -0.0157796 -0.000682552 0.999875 3.35423
0.999827 0.0105084 0.0153672 -102.435 -0.0105048 0.999945 -0.000320343 -2.67715 -0.0153697 0.000158859 0.999882 3.41163
0.999826 0.0101007 0.0157029 -103.481 -0.0101153 0.999948 0.000850099 -2.66572 -0.0156935 -0.00100879 0.999876 3.45873
0.999829 0.00891318 0.0162107 -104.53 -0.00892898 0.99996 0.000902196 -2.66289 -0.016202 -0.00104679 0.999868 3.49431
0.999833 0.00873136 0.0160323 -105.569 -0.00871609 0.999961 -0.00102205 -2.64918 -0.0160406 0.000882142 0.999871 3.54996
0.999833 0.00851045 0.0161871 -106.611 -0.00847758 0.999962 -0.00209831 -2.63186 -0.0162044 0.00196073 0.999867 3.58504
0.999849 0.00831576 0.0152308 -107.642 -0.00828089 0.999963 -0.00235108 -2.6193 -0.0152498 0.00222461 0.999881 3.62082
0.999879 0.00770785 0.0135122 -108.668 -0.00767971 0.999968 -0.0021336 -2.61463 -0.0135282 0.00202957 0.999906 3.66252
0.999898 0.00687695 0.0125551 -109.694 -0.00686035 0.999976 -0.00136494 -2.61322 -0.0125642 0.00127867 0.99992 3.71618
0.999902 0.00555894 0.0128687 -110.717 -0.00557144 0.999984 0.000935385 -2.60026 -0.0128633 -0.00100699 0.999917 3.76254
0.999914 0.00242569 0.0128976 -111.72 -0.00247004 0.999991 0.00342343 -2.58597 -0.0128891 -0.003455 0.999911 3.81043
0.999905 -0.00176102 0.013655 -112.726 0.00168892 0.999985 0.00528958 -2.58519 -0.0136641 -0.00526601 0.999893 3.8424
0.999874 -0.007106 0.0141936 -113.753 0.00703622 0.999963 0.00495969 -2.6002 -0.0142283 -0.0048592 0.999887 3.88895
0.999818 -0.0118448 0.0149719 -114.762 0.0117907 0.999924 0.00369433 -2.6165 -0.0150145 -0.00351713 0.999881 3.93307
0.999754 -0.0160017 0.0153867 -115.766 0.0159674 0.99987 0.00234886 -2.63314 -0.0154222 -0.00210259 0.999879 3.96902
0.999666 -0.0202586 0.0160613 -116.769 0.0202195 0.999792 0.00259061 -2.6508 -0.0161104 -0.00226499 0.999868 4.00457
0.999549 -0.0254774 0.0158671 -117.766 0.0254384 0.999673 0.00265576 -2.67292 -0.0159296 -0.00225093 0.999871 4.05665
0.999393 -0.0310231 0.0158732 -118.772 0.0309628 0.999512 0.00403482 -2.70702 -0.0159906 -0.00354089 0.999866 4.10086
0.999224 -0.0359853 0.016015 -119.796 0.0359178 0.999345 0.00448464 -2.7316 -0.0161659 -0.00390594 0.999862 4.14503
0.999022 -0.0406868 0.0173063 -120.808 0.0406293 0.999168 0.00366155 -2.77942 -0.0174409 -0.00295483 0.999844 4.18939
0.998727 -0.0466599 0.0191596 -121.809 0.0466302 0.99891 0.00199456 -2.8326 -0.0192318 -0.0010986 0.999814 4.24574
0.99844 -0.0519631 0.0204073 -122.802 0.0519271 0.998648 0.00228876 -2.89064 -0.0204987 -0.00122549 0.999789 4.27783
0.998261 -0.0556567 0.0194418 -123.803 0.055629 0.99845 0.00196132 -2.94648 -0.0195208 -0.000876374 0.999809 4.32888
0.998065 -0.0597693 0.0171628 -124.835 0.0597502 0.998212 0.00162073 -3.00105 -0.017229 -0.000592109 0.999851 4.3644
0.997907 -0.0627127 0.0157915 -125.845 0.0627234 0.998031 -0.000177909 -3.05895 -0.0157493 0.00116803 0.999875 4.41624
0.997671 -0.0660474 0.017028 -126.841 0.0660498 0.997816 0.000426491 -3.1318 -0.0170189 0.000699195 0.999855 4.45264
0.997392 -0.0697234 0.0186485 -127.85 0.0697175 0.997566 0.000970056 -3.19458 -0.0186708 0.000332602 0.999826 4.49561
0.997164 -0.0726657 0.0196117 -128.851 0.0726768 0.997356 0.000146315 -3.27023 -0.0195705 0.00127941 0.999808 4.5449
0.997063 -0.0741026 0.0193308 -129.845 0.0741651 0.997243 -0.00253614 -3.35284 -0.0190896 0.00396236 0.99981 4.58739
0.99705 -0.0744768 0.0185357 -130.853 0.0746036 0.997194 -0.00624271 -3.43626 -0.0180187 0.00760712 0.999809 4.63186
0.996999 -0.0751515 0.0185729 -131.883 0.0753279 0.997118 -0.00898282 -3.5241 -0.0178443 0.0103549 0.999787 4.66297
0.996952 -0.0760027 0.0175989 -132.91 0.0761761 0.99705 -0.00939835 -3.59121 -0.0168327 0.0107103 0.999801 4.70253
0.99696 -0.0761264 0.0166261 -133.913 0.0762581 0.99706 -0.00743258 -3.67044 -0.0160115 0.00867786 0.999834 4.76145
0.996931 -0.0763544 0.0172968 -134.927 0.0764478 0.997062 -0.00480797 -3.73653 -0.0168789 0.00611552 0.999839 4.8144
0.996887 -0.0766071 0.0186376 -135.941 0.0766992 0.997045 -0.00427997 -3.81261 -0.0182546 0.00569614 0.999817 4.85891
0.996855 -0.0768357 0.0194125 -136.953 0.0769612 0.997017 -0.00580344 -3.88399 -0.0189087 0.00727919 0.999795 4.90641
0.996824 -0.0773774 0.0188506 -137.976 0.0775239 0.996965 -0.00716714 -3.96569 -0.0182388 0.00860574 0.999797 4.94166
0.996915 -0.0766506 0.0168858 -138.99 0.0768343 0.996988 -0.0105139 -4.04535 -0.0160291 0.0117789 0.999802 4.99094
0.997101 -0.0743495 0.0161851 -139.986 0.0745726 0.997122 -0.013645 -4.11272 -0.0151241 0.0148124 0.999776 5.03667
0.997381 -0.0702883 0.0170221 -140.985 0.0705201 0.99742 -0.013418 -4.19814 -0.0160351 0.0145833 0.999765 5.06787
0.997531 -0.0676996 0.0186496 -141.993 0.0679426 0.997608 -0.0127187 -4.26069 -0.0177439 0.0139544 0.999745 5.11383
0.997653 -0.0656505 0.0194665 -143.008 0.0658756 0.997765 -0.0111574 -4.3083 -0.0186905 0.0124135 0.999748 5.15583
0.997779 -0.0634665 0.0202444 -144.014 0.0636929 0.997912 -0.0107403 -4.35846 -0.0195205 0.0120058 0.999737 5.21483
0.997974 -0.0602611 0.0203998 -145.019 0.0604945 0.998108 -0.0110239 -4.43096 -0.0196969 0.0122356 0.999731 5.25548
0.99815 -0.0572587 0.020454 -146.018 0.0575357 0.998256 -0.0132214 -4.48813 -0.0196613 0.0143737 0.999703 5.30579
0.998267 -0.0548616 0.0212845 -147.026 0.0551526 0.998389 -0.013333 -4.53342 -0.0205188 0.0144838 0.999685 5.33615
0.998407 -0.0524383 0.0208332 -148.015 0.0527616 0.99849 -0.0152808 -4.5832 -0.0200004 0.0163557 0.999666 5.38805
0.998551 -0.0496764 0.0207062 -149.026 0.0499944 0.998635 -0.0151322 -4.63316 -0.0199262 0.0161455 0.999671 5.42532
0.998696 -0.047126 0.0196237 -150.026 0.0474306 0.998757 -0.0153544 -4.66529 -0.0188757 0.0162652 0.99969 5.46932
0.998793 -0.0453385 0.0188823 -151.002 0.0456285 0.998843 -0.0152172 -4.70968 -0.0181705 0.0160604 0.999706 5.53005
0.998914 -0.0426396 0.0187656 -151.985 0.0429082 0.998979 -0.0141515 -4.76172 -0.018143 0.0149413 0.999724 5.5712
0.999005 -0.0403749 0.0189536 -152.975 0.0406509 0.99907 -0.0144095 -4.7986 -0.0183542 0.0151656 0.999717 5.62324
0.999084 -0.0380815 0.0195114 -153.931 0.0383535 0.999169 -0.0137623 -4.82806 -0.0189712 0.014498 0.999715 5.65763
0.999158 -0.0364572 0.018829 -154.898 0.0366951 0.999249 -0.012445 -4.85806 -0.0183612 0.0131255 0.999745 5.69734
0.999218 -0.0348139 0.0187468 -155.881 0.0350398 0.999316 -0.0118566 -4.88686 -0.0183212 0.0125042 0.999754 5.75055
0.999272 -0.0333719 0.0184781 -156.854 0.0335783 0.999376 -0.0109703 -4.90831 -0.0181005 0.0115828 0.999769 5.78805
0.999331 -0.0316374 0.018338 -157.826 0.031836 0.999436 -0.0106411 -4.94188 -0.017991 0.0112178 0.999775 5.83329
0.9994 -0.0293326 0.0184434 -158.792 0.0295269 0.99951 -0.0103534 -4.97704 -0.0181307 0.0108918 0.999776 5.88066
0.999427 -0.0283961 0.0184141 -159.728 0.0285837 0.999541 -0.0100029 -4.98624 -0.0181216 0.0105235 0.99978 5.92865
0.999462 -0.0266729 0.0190856 -160.668 0.0268425 0.999602 -0.00868415 -5.01438 -0.0188463 0.00919178 0.99978 5.96505
0.999488 -0.024982 0.0199829 -161.629 0.0251423 0.999653 -0.00781023 -5.03364 -0.0197808 0.00830865 0.99977 6.01265
0.999516 -0.0233878 0.0204926 -162.579 0.02354 0.999697 -0.00722056 -5.04894 -0.0203175 0.00769947 0.999764 6.05962
0.999549 -0.0217874 0.0206627 -163.526 0.0219269 0.999738 -0.00654948 -5.0588 -0.0205146 0.0069996 0.999765 6.10784
0.999578 -0.0203354 0.0207325 -164.476 0.020454 0.999776 -0.00552278 -5.06957 -0.0206156 0.00594452 0.99977 6.14549
0.99963 -0.0181577 0.0202681 -165.385 0.0183023 0.999808 -0.00697038 -5.09855 -0.0201376 0.00733875 0.99977 6.19299
0.999644 -0.0162129 0.0211873 -166.326 0.0163797 0.999836 -0.00772625 -5.11056 -0.0210585 0.00807055 0.999746 6.23512
0.999663 -0.014553 0.0215005 -167.262 0.0147555 0.999848 -0.00928947 -5.10885 -0.021362 0.00960359 0.999726 6.29038
0.999686 -0.0122892 0.0218409 -168.191 0.0125141 0.99987 -0.0101915 -5.12485 -0.0217128 0.0104616 0.99971 6.323
0.999704 -0.010401 0.0219853 -169.123 0.0106369 0.999887 -0.0106423 -5.14489 -0.0218722 0.010873 0.999702 6.37218
0.999736 -0.007929 0.0215698 -170.055 0.00817805 0.999901 -0.0114827 -5.16116 -0.0214766 0.011656 0.999701 6.42872
0.999749 -0.0063596 0.021464 -170.988 0.00660406 0.999914 -0.0113374 -5.16214 -0.0213901 0.0114763 0.999705 6.46581
0.999749 -0.00495961 0.0218629 -171.887 0.00523254 0.999909 -0.0124442 -5.14074 -0.0217992 0.0125555 0.999684 6.52514
0.999757 -0.00390556 0.0216775 -172.807 0.00419154 0.999905 -0.0131628 -5.147 -0.021624 0.0132505 0.999678 6.56539
0.999757 -0.00300179 0.0218594 -173.738 0.00333426 0.999879 -0.0151891 -5.15422 -0.0218112 0.0152583 0.999646 6.60634
0.999751 -0.00189126 0.0222342 -174.647 0.0022611 0.999859 -0.0166205 -5.15935 -0.0221996 0.0166666 0.999615 6.64546
0.999747 -0.00150565 0.0224375 -175.543 0.00189076 0.999851 -0.0171523 -5.15705 -0.0224083 0.0171904 0.999601 6.69338
0.999758 -0.000704395 0.0220049 -176.454 0.00109348 0.999843 -0.0176748 -5.16243 -0.021989 0.0176946 0.999602 6.74448
0.999752 0.000364924 0.0222452 -177.362 7.09862e-06 0.99986 -0.0167213 -5.16785 -0.0222482 0.0167174 0.999613 6.77982
0.999741 0.000784639 0.0227494 -178.267 -0.00038949 0.999849 -0.0173688 -5.1511 -0.0227596 0.0173555 0.99959 6.82003
0.999723 0.00112659 0.0235079 -179.162 -0.000691733 0.999829 -0.0184981 -5.15156 -0.0235247 0.0184768 0.999552 6.86586
0.999726 0.00133029 0.0233805 -180.064 -0.000879196 0.999813 -0.0192933 -5.14661 -0.0234018 0.0192675 0.99954 6.92086
0.99976 0.00168953 0.0218218 -180.957 -0.00130609 0.999845 -0.0175736 -5.14439 -0.0218481 0.0175408 0.999607 6.95477
0.99982 0.00288298 0.018737 -181.872 -0.0025894 0.999874 -0.0156738 -5.14175 -0.0187799 0.0156225 0.999702 6.99544
0.999869 0.00367904 0.0157874 -182.764 -0.00346189 0.999899 -0.0137596 -5.13749 -0.0158364 0.0137032 0.999781 7.0372
0.999879 0.00410303 0.0150018 -183.638 -0.00388251 0.999884 -0.0146989 -5.13235 -0.0150603 0.0146389 0.999779 7.09145
0.999827 0.0044172 0.018072 -184.531 -0.00414589 0.999879 -0.0150225 -5.12689 -0.0181362 0.014945 0.999724 7.1361
0.999723 0.00464928 0.0230805 -185.415 -0.00430752 0.999881 -0.0148354 -5.12273 -0.0231467 0.0147319 0.999624 7.17199
0.999664 0.00492463 0.0254377 -186.271 -0.00452887 0.999868 -0.0155925 -5.11387 -0.0255111 0.015472 0.999555 7.20952
0.999674 0.00574419 0.0248635 -187.134 -0.00533929 0.999853 -0.0163208 -5.10821 -0.0249536 0.0161827 0.999558 7.24775
0.999719 0.00601029 0.0229282 -188.002 -0.005625 0.999843 -0.0168321 -5.11365 -0.0230257 0.0166984 0.999595 7.289
0.999766 0.0057549 0.0208458 -188.87 -0.00538668 0.999829 -0.0176773 -5.1086 -0.0209439 0.0175608 0.999626 7.33524
0.999764 0.00539177 0.0210383 -189.752 -0.00500465 0.999818 -0.0184101 -5.1054 -0.0211338 0.0183005 0.999609 7.37992
0.99974 0.00435366 0.0223899 -190.607 -0.0039147 0.9998 -0.0196122 -5.08518 -0.0224708 0.0195195 0.999557 7.43445
0.999701 0.00391377 0.0241321 -191.449 -0.00343817 0.9998 -0.0197184 -5.08958 -0.0242044 0.0196295 0.999514 7.46534
0.999693 0.00371 0.0245057 -192.291 -0.00321245 0.999789 -0.0203117 -5.09144 -0.0245758 0.0202267 0.999493 7.51056
0.999724 0.00364856 0.0231904 -193.13 -0.0031675 0.99978 -0.020747 -5.08616 -0.023261 0.0206678 0.999516 7.55434
0.999773 0.00294483 0.0211166 -193.992 -0.00251085 0.999786 -0.0205489 -5.08077 -0.0211726 0.0204912 0.999566 7.59574
0.999826 0.00226196 0.0184923 -194.84 -0.00188841 0.999794 -0.0201931 -5.06992 -0.0185342 0.0201547 0.999625 7.63071
0.999857 0.00262505 0.0166884 -195.669 -0.00229237 0.999799 -0.019923 -5.07492 -0.0167374 0.0198819 0.999662 7.676
0.999865 0.00239062 0.0162616 -196.507 -0.00206066 0.999792 -0.0202772 -5.07923 -0.0163067 0.0202409 0.999662 7.71692
0.999852 0.00195625 0.0170705 -197.335 -0.00160306 0.999785 -0.0206791 -5.07242 -0.0171073 0.0206486 0.99964 7.74767
0.999839 0.00217873 0.0177923 -198.158 -0.00182727 0.999803 -0.0197461 -5.07606 -0.0178319 0.0197105 0.999647 7.77508
0.999842 0.00244372 0.0175803 -198.965 -0.00212433 0.999833 -0.0181629 -5.08414 -0.0176218 0.0181226 0.99968 7.82396
0.999855 0.00188295 0.0169073 -199.78 -0.00158425 0.999843 -0.0176633 -5.06447 -0.0169379 0.0176339 0.999701 7.86568
0.999861 0.00194601 0.0165845 -200.594 -0.00164709 0.999836 -0.0180188 -5.05355 -0.0166168 0.0179889 0.9997 7.90823
0.999853 0.00201215 0.0170188 -201.409 -0.00169041 0.99982 -0.0188986 -5.05679 -0.0170538 0.018867 0.999677 7.94261
0.999843 0.00187681 0.0176258 -202.227 -0.00154807 0.999825 -0.0186459 -5.05624 -0.0176578 0.0186157 0.999671 7.97719
0.999832 0.00155993 0.0182733 -203.033 -0.00124411 0.99985 -0.0172818 -5.05318 -0.0182975 0.0172562 0.999684 8.00688
0.999843 0.00191244 0.0176088 -203.826 -0.00160113 0.999842 -0.0176768 -5.0546 -0.0176399 0.0176459 0.999689 8.06252
0.999845 0.00241358 0.0174471 -204.624 -0.00211529 0.999852 -0.0170953 -5.04537 -0.0174857 0.0170557 0.999702 8.09467
0.999838 0.00228647 0.0178524 -205.401 -0.00198346 0.999854 -0.0169722 -5.03618 -0.0178886 0.016934 0.999697 8.1196
0.999824 0.00209312 0.0186561 -206.186 -0.00178108 0.999859 -0.0167265 -5.03144 -0.0186885 0.0166904 0.999686 8.14418
0.999833 0.00214984 0.0181555 -206.986 -0.00183484 0.999848 -0.017349 -5.03985 -0.0181901 0.0173128 0.999685 8.19313
0.999831 0.00260706 0.0182076 -207.755 -0.00228946 0.999845 -0.0174421 -5.04403 -0.0182503 0.0173975 0.999682 8.22937
0.999835 0.0017802 0.0181004 -208.519 -0.00146498 0.999847 -0.0174134 -5.03675 -0.0181287 0.017384 0.999685 8.26163
0.999841 0.00122802 0.0178006 -209.283 -0.000903513 0.999833 -0.0182266 -5.02816 -0.0178201 0.0182076 0.999675 8.2995
0.999837 0.00112409 0.0180077 -210.054 -0.000793277 0.999831 -0.0183671 -5.02906 -0.0180253 0.0183498 0.999669 8.33572
0.999824 0.00119991 0.0187228 -210.811 -0.000850565 0.999826 -0.0186558 -5.02989 -0.0187419 0.0186366 0.999651 8.36242
0.999808 0.00137166 0.0195241 -211.543 -0.00098348 0.999802 -0.0198778 -5.03646 -0.0195475 0.0198548 0.999612 8.39966
0.9998 0.00130344 0.0199455 -212.283 -0.000896187 0.999791 -0.0204137 -5.034 -0.0199679 0.0203917 0.999593 8.4344
0.999803 0.000381463 0.0198423 -213.032 2.80999e-05 0.999787 -0.0206365 -5.02294 -0.019846 0.020633 0.99959 8.478
0.999816 0.000497307 0.0191867 -213.767 -7.443e-05 0.999757 -0.0220345 -5.02469 -0.019193 0.022029 0.999573 8.52403
0.999822 0.00182165 0.0187671 -214.492 -0.00138631 0.99973 -0.0231843 -5.02912 -0.0188043 0.0231541 0.999555 8.55071
0.999823 0.00256734 0.0186398 -215.21 -0.00213162 0.999725 -0.0233582 -5.02621 -0.0186947 0.0233144 0.999553 8.57759
0.999821 0.0029888 0.0186629 -215.899 -0.00255346 0.999725 -0.0233069 -5.02013 -0.0187274 0.0232551 0.999554 8.60546
0.999847 0.00342339 0.0171687 -216.602 -0.00302341 0.999725 -0.0232689 -5.02004 -0.0172436 0.0232134 0.999582 8.64192
0.999842 0.00395454 0.0173334 -217.314 -0.0035177 0.999677 -0.0251605 -5.02416 -0.0174273 0.0250956 0.999533 8.68265
0.99982 0.00495939 0.0182903 -218.007 -0.00450268 0.999679 -0.0249273 -5.03366 -0.0184081 0.0248405 0.999522 8.70529
0.999811 0.00582342 0.0185341 -218.681 -0.00538511 0.999707 -0.0236116 -5.02358 -0.0186662 0.0235074 0.999549 8.73143
0.999827 0.00635291 0.0174615 -219.359 -0.00595521 0.999724 -0.022734 -5.00994 -0.0176011 0.0226261 0.999589 8.77283
0.999849 0.00721197 0.0158156 -220.045 -0.00685658 0.999725 -0.022411 -5.00841 -0.0159729 0.0222991 0.999624 8.81232
0.999857 0.00777107 0.0150131 -220.7 -0.00741925 0.9997 -0.0233498 -5.00192 -0.0151901 0.0232351 0.999615 8.83478
0.99986 0.00803632 0.0146971 -221.358 -0.00770554 0.999719 -0.0224263 -4.9955 -0.0148732 0.0223099 0.99964 8.86265
0.999858 0.00853011 0.014535 -222.011 -0.0082011 0.999712 -0.022547 -4.98922 -0.0147232 0.0224246 0.99964 8.88797
0.999858 0.00914698 0.0141493 -222.654 -0.00884587 0.999736 -0.0211991 -4.98638 -0.0143395 0.0210709 0.999675 8.91404
0.999858 0.00995982 0.0135732 -223.27 -0.00966755 0.999724 -0.0214304 -4.97211 -0.0137829 0.0212961 0.999678 8.96037
