1 0 0 0 0 1 0 0 0 0 1 0
1 5.92363e-05 -3.37491e-05 0.000871115 -5.92361e-05 1 6.66308e-06 0.00178979 3.37495e-05 -6.66108e-06 1 0.00175037
1 4.17259e-05 -7.95884e-05 0.00115385 -4.1723e-05 1 3.64279e-05 -0.00388104 7.95899e-05 -3.64246e-05 1 0.00189567
1 3.18532e-06 -4.45067e-05 0.00250991 -3.18444e-06 1 1.98396e-05 -0.00101169 4.45067e-05 -1.98394e-05 1 0.000989659
1 3.62386e-05 -6.00593e-05 0.00399019 -3.62383e-05 1 5.04477e-06 -0.00113414 6.00595e-05 -5.04259e-06 1 0.00339965
1 7.6384e-05 -3.99133e-05 0.00361952 -7.63842e-05 1 -5.00893e-06 -0.00166503 3.9913e-05 5.01197e-06 1 0.00284346
1 4.90911e-05 -6.28631e-05 0.00382151 -4.90912e-05 1 -1.38466e-06 -0.00200268 6.2863e-05 1.38775e-06 1 0.00256907
1 -1.96868e-05 -1.19397e-05 0.000263334 1.96868e-05 1 -1.59883e-06 0.00156297 1.19397e-05 1.5986e-06 1 0.000525051
1 2.91573e-05 -1.08808e-05 -0.000908161 -2.91573e-05 1 -4.8808e-06 -0.00221976 1.08807e-05 4.88112e-06 1 0.000927769
1 6.64392e-05 -5.96167e-05 0.00143257 -6.64395e-05 1 -5.05702e-06 -3.65809e-05 5.96163e-05 5.06098e-06 1 0.00381741
1 3.06926e-05 -5.72218e-05 0.00179912 -3.06924e-05 1 3.71725e-06 0.000659111 5.72219e-05 -3.71549e-06 1 0.00319738
1 1.50203e-05 -4.27087e-05 -0.000418203 -1.50201e-05 1 5.20917e-06 -0.00177233 4.27088e-05 -5.20853e-06 1 0.00275449
1 5.80756e-05 -5.20367e-05 0.00294689 -5.80756e-05 1 4.43698e-08 -2.27951e-05 5.20367e-05 -4.13478e-08 1 0.00253693
1 4.95675e-05 -5.78821e-05 0.00435845 -4.95673e-05 1 4.10596e-06 -0.000190762 5.78823e-05 -4.10309e-06 1 0.00290376
1 2.49586e-05 -6.69084e-05 0.00236816 -2.49575e-05 1 1.64785e-05 0.00107551 6.69088e-05 -1.64769e-05 1 0.00237515
1 -2.41558e-05 -3.03309e-05 -0.00287382 2.41558e-05 1 5.95582e-07 0.00262832 3.03309e-05 -5.96315e-07 1 0.00214533
1 3.7626e-05 -4.6078e-05 -0.0024222 -3.76265e-05 1 -9.77778e-06 0.000768293 4.60776e-05 9.77952e-06 1 0.00347859
1 2.84283e-05 -1.13546e-06 -0.000609351 -2.84283e-05 1 -1.06481e-05 0.000601222 1.13516e-06 1.06481e-05 1 0.000464775
1 7.60257e-07 -1.67717e-05 -0.000418616 -7.60485e-07 1 -1.35677e-05 0.00277715 1.67717e-05 1.35677e-05 1 0.000547952
1 -8.75407e-07 -5.12675e-05 -2.20691e-05 8.74977e-07 1 -8.39122e-06 0.00464452 5.12676e-05 8.39118e-06 1 0.0028147
1 8.02996e-06 -3.93505e-05 -0.00254719 -8.02928e-06 1 1.73322e-05 -0.000117897 3.93506e-05 -1.73319e-05 1 0.00195013
1 1.26478e-06 -2.79182e-05 -0.00209418 -1.26448e-06 1 1.07899e-05 -0.000242633 2.79183e-05 -1.07899e-05 1 0.00110105
1 4.48426e-05 -5.82211e-05 0.00103647 -4.48425e-05 1 1.06113e-06 -0.0005426 5.82212e-05 -1.05852e-06 1 0.00279018
1 4.15684e-06 -3.54491e-05 -0.000409954 -4.15686e-06 1 -3.98551e-07 0.00492166 3.54491e-05 3.98698e-07 1 0.00169157
1 3.98051e-05 -4.12524e-05 0.00188595 -3.98046e-05 1 1.28471e-05 -0.00110167 4.12529e-05 -1.28454e-05 1 0.000859362
1 1.18645e-05 -2.30846e-05 -0.00239684 -1.18647e-05 1 -8.6675e-06 0.000729845 2.30845e-05 8.66777e-06 1 0.00160998
1 -4.15246e-05 -5.50331e-06 -0.0080055 4.15246e-05 1 -1.11764e-06 0.00286261 5.50336e-06 1.11741e-06 1 0.0008164
1 3.0047e-05 -7.43063e-05 -0.00246472 -3.00462e-05 1 1.1408e-05 -0.00178136 7.43067e-05 -1.14057e-05 1 0.00339747
1 1.75963e-05 -5.4635e-05 0.00260611 -1.75952e-05 1 2.06178e-05 0.000854228 5.46353e-05 -2.06169e-05 1 0.00158193
1 1.1358e-05 -3.00026e-05 0.00135175 -1.13577e-05 1 1.02424e-05 -0.000278454 3.00027e-05 -1.02421e-05 1 0.000148089
1 6.4058e-06 -5.71161e-05 -0.00107897 -6.40523e-06 1 1.00545e-05 -0.000280494 5.71161e-05 -1.00542e-05 1 0.00221495
1 2.1305e-05 -3.13544e-05 -0.000394338 -2.13052e-05 1 -6.66993e-06 0.00112346 3.13542e-05 6.6706e-06 1 0.0019817
1 1.41307e-05 -4.92051e-05 0.000729857 -1.41306e-05 1 1.74829e-06 -0.00122342 4.92051e-05 -1.74759e-06 1 0.00246109
1 1.07712e-05 -2.28065e-05 -0.000469597 -1.07708e-05 1 1.78841e-05 -0.00177472 2.28067e-05 -1.78838e-05 1 -6.18393e-05
1 1.68017e-06 -1.05981e-05 -0.00260646 -1.68022e-06 1 -4.33056e-06 0.00149698 1.05981e-05 4.33058e-06 1 0.000486883
1 3.46527e-06 -3.73313e-05 -0.00171656 -3.46495e-06 1 8.53228e-06 0.00167217 3.73313e-05 -8.53215e-06 1 0.00114063
1 1.89634e-05 -7.31212e-05 0.000588489 -1.89618e-05 1 2.16793e-05 -0.00150499 7.31216e-05 -2.16779e-05 1 0.00283055
1 -1.8939e-06 -9.95094e-06 -0.00286236 1.89408e-06 1 1.81405e-05 -0.000873341 9.95091e-06 -1.81406e-05 1 -0.000250841
1 -6.53426e-06 -1.32391e-05 -0.00239725 6.53404e-06 1 -1.6961e-05 0.0043907 1.32392e-05 1.69609e-05 1 0.000907273
1 -1.30261e-06 -3.92688e-05 -0.00163023 1.30245e-06 1 -4.07216e-06 0.00465553 3.92688e-05 4.07211e-06 1 0.00186057
1 1.86191e-05 -5.79937e-05 0.00298038 -1.86183e-05 1 1.42455e-05 9.09958e-06 5.79939e-05 -1.42445e-05 1 0.00225104
1 1.76406e-05 -4.1063e-05 0.0027667 -1.76399e-05 1 1.57068e-05 -0.00043957 4.10632e-05 -1.57061e-05 1 0.000598449
1 4.10657e-05 -3.64137e-05 0.0014566 -4.10657e-05 1 5.1661e-07 -0.000685389 3.64137e-05 -5.15115e-07 1 0.00134737
1 -1.85513e-05 -4.34918e-05 -0.00221922 1.85519e-05 1 1.40711e-05 0.00278623 4.34915e-05 -1.4072e-05 1 0.00108916
1 2.30059e-05 -2.65546e-05 0.000824741 -2.30061e-05 1 -6.89987e-06 0.00225669 2.65544e-05 6.90049e-06 1 0.00139708
1 3.02465e-05 -3.59452e-05 0.00036431 -3.02462e-05 1 8.40154e-06 -0.00146162 3.59454e-05 -8.40045e-06 1 0.00129468
1 2.64051e-05 -5.42796e-05 0.00373555 -2.64042e-05 1 1.59646e-05 0.000356267 5.42801e-05 -1.59632e-05 1 0.0011343
1 1.45696e-05 -3.5781e-05 0.00252362 -1.45694e-05 1 4.91222e-06 0.00107546 3.57811e-05 -4.9117e-06 1 0.000723734
1 -2.41926e-05 -2.43113e-05 -0.00309121 2.41926e-05 1 -1.06316e-06 0.00112526 2.43114e-05 1.06258e-06 1 0.000904023
1 3.18075e-05 -6.35755e-05 0.00040914 -3.18065e-05 1 1.62661e-05 -0.00301228 6.3576e-05 -1.62641e-05 1 0.00182754
1 3.69047e-05 -4.92382e-05 0.000728678 -3.69038e-05 1 1.83463e-05 -0.00367386 4.92389e-05 -1.83445e-05 1 0.00143234
1 2.59034e-05 -9.25893e-06 -0.000672802 -2.59034e-05 1 -6.78574e-06 0.00207625 9.25876e-06 6.78598e-06 1 0.000737728
1 6.73802e-05 -4.13309e-05 0.00211242 -6.73805e-05 1 -7.64806e-06 -0.00191958 4.13304e-05 7.65085e-06 1 0.00269026
1 6.15112e-05 -3.68142e-05 0.00155152 -6.15109e-05 1 8.6406e-06 -0.00369536 3.68147e-05 -8.63834e-06 1 0.00226533
1 4.29149e-05 -8.29363e-06 -0.000434277 -4.29149e-05 1 2.63227e-06 -0.00215594 8.29374e-06 -2.63192e-06 1 0.00135266
1 1.27425e-05 -3.88216e-05 0.000969363 -1.27424e-05 1 4.51989e-06 0.00157434 3.88217e-05 -4.51939e-06 1 0.00123847
1 1.72378e-05 -3.67597e-05 -8.47129e-07 -1.72377e-05 1 2.59486e-06 0.0021898 3.67597e-05 -2.59423e-06 1 0.001124
1 3.82563e-05 -3.29309e-05 0.000998501 -3.82557e-05 1 1.82396e-05 -0.00268049 3.29316e-05 -1.82383e-05 1 0.000363396
1 -2.24195e-05 -6.02078e-06 -0.00406013 2.24194e-05 1 -2.56173e-06 0.000901272 6.02084e-06 2.5616e-06 1 0.000354971
1 2.84917e-05 -3.6969e-05 0.00177081 -2.84915e-05 1 4.61518e-06 -0.00145276 3.69692e-05 -4.61412e-06 1 0.00172428
1 4.06615e-05 -1.41082e-05 0.00157572 -4.06614e-05 1 7.03585e-06 -9.23859e-05 1.41085e-05 -7.03527e-06 1 0.00054785
1 6.7265e-05 -2.72946e-05 0.00250523 -6.7265e-05 1 1.63912e-06 -0.00358764 2.72947e-05 -1.63728e-06 1 0.00144867
1 6.23098e-05 -7.86773e-05 0.0108041 -6.23094e-05 1 4.75129e-06 0.000353098 7.86776e-05 -4.74639e-06 1 0.00242905
1 0.000119492 -6.67402e-05 0.017296 -0.000119492 1 -6.6387e-07 -0.00118719 6.67401e-05 6.71845e-07 1 0.00418886
1 0.00011508 -1.55043e-05 0.0108665 -0.00011508 1 3.26472e-06 -0.00171033 1.55047e-05 -3.26294e-06 1 0.00206839
1 6.08583e-05 2.87386e-06 0.000688341 -6.08582e-05 1 -1.72073e-05 0.00123788 -2.87491e-06 1.72071e-05 1 0.00208405
1 -7.69309e-05 -3.82658e-06 -0.0138586 7.69309e-05 1 -8.07718e-06 0.00354632 3.8272e-06 8.07689e-06 1 0.0021036
1 -0.000134897 -1.66025e-05 -0.0240809 0.000134897 1 -1.21468e-06 -0.00139541 1.66026e-05 1.21244e-06 1 0.00362248
1 -0.000171973 5.51406e-05 -0.0352224 0.000171975 1 -3.14447e-05 0.00254271 -5.51352e-05 3.14542e-05 1 0.00265352
1 -0.000296444 5.47302e-05 -0.0451933 0.000296446 1 -2.54758e-05 0.00690278 -5.47227e-05 2.5492e-05 1 0.00266211
1 -0.000339523 5.22178e-05 -0.052068 0.000339525 1 -5.08679e-05 0.00291127 -5.22005e-05 5.08856e-05 1 0.0084626
1 -0.0004437 0.000258538 -0.0757973 0.000443725 1 -9.68213e-05 0.000163799 -0.000258495 9.6936e-05 1 0.00730283
1 -0.000492922 0.000397591 -0.0923369 0.000492987 1 -0.000165362 -0.00276462 -0.000397509 0.000165558 1 0.0105036
1 -0.000811723 0.000413944 -0.131479 0.000811783 1 -0.000145755 0.00671046 -0.000413825 0.000146091 1 0.00753659
0.999999 -0.00140951 0.00042456 -0.217165 0.00140957 0.999999 -0.000149712 0.016907 -0.000424348 0.00015031 1 0.00837375
0.999998 -0.00204208 0.000554018 -0.318279 0.00204218 0.999998 -0.000181295 0.0260947 -0.000553647 0.000182426 1 0.00881375
0.999997 -0.00228619 0.000699214 -0.375605 0.00228631 0.999997 -0.000175366 0.0234125 -0.000698811 0.000176964 1 0.00740651
0.999996 -0.00262227 0.00095626 -0.438 0.00262251 0.999997 -0.000250859 0.0351742 -0.000955599 0.000253366 1 0.00479911
0.999993 -0.00344814 0.00115581 -0.507408 0.0034485 0.999994 -0.000310012 0.056109 -0.00115474 0.000313996 0.999999 0.00182129
0.999989 -0.00451733 0.00137701 -0.618115 0.00451785 0.99999 -0.000375051 0.067312 -0.0013753 0.000381268 0.999999 0.000627566
0.999984 -0.00542191 0.00140217 -0.725643 0.00542249 0.999985 -0.000411624 0.0733797 -0.00139991 0.00041922 0.999999 0.00985796
0.999978 -0.00649404 0.00143734 -0.834501 0.00649464 0.999979 -0.000409441 0.0974964 -0.00143465 0.000418767 0.999999 0.0129819
0.999971 -0.00745277 0.00156013 -0.952286 0.00745346 0.999972 -0.000437922 0.133759 -0.00155682 0.000449537 0.999999 0.0094785
0.999962 -0.00853032 0.00155707 -1.06726 0.00853101 0.999964 -0.000438325 0.160465 -0.00155327 0.000451592 0.999999 0.0129768
0.999952 -0.00969016 0.0017509 -1.18202 0.00969107 0.999953 -0.000509741 0.184561 -0.00174588 0.000526685 0.999998 0.0162344
0.999939 -0.0108918 0.0020338 -1.32555 0.0108929 0.999941 -0.000529229 0.220394 -0.00202791 0.00055135 0.999998 0.012721
0.999923 -0.0122132 0.00208167 -1.47958 0.0122145 0.999925 -0.000624254 0.248805 -0.00207389 0.000649633 0.999998 0.017097
0.999903 -0.0137337 0.00213047 -1.62385 0.013735 0.999905 -0.000615971 0.285289 -0.00212181 0.000645174 0.999998 0.017423
0.999884 -0.0150906 0.00227187 -1.75398 0.0150921 0.999886 -0.000628763 0.307371 -0.00226212 0.000662977 0.999997 0.0141914
0.999856 -0.0167883 0.00259955 -1.9532 0.0167899 0.999859 -0.000595447 0.340976 -0.00258918 0.000639007 0.999996 0.00686857
0.999903 -0.0136955 0.00264001 -2.17886 0.0136968 0.999906 -0.000478914 0.295949 -0.00263321 0.000515027 0.999996 0.00527046
0.999966 -0.00784878 0.00247821 -2.40291 0.00784938 0.999969 -0.000230597 0.189139 -0.00247633 0.000250041 0.999997 0.00513577
0.999994 -0.00255452 0.00244079 -2.62142 0.00255469 0.999997 -6.67587e-05 0.103151 -0.00244061 7.29937e-05 0.999997 0.00390022
0.999998 0.000743809 0.00182948 -2.85861 -0.000744192 1 0.000208529 0.0483491 -0.00182932 -0.00020989 0.999998 0.000377139
0.999991 0.00382828 0.00171753 -3.07936 -0.00382901 0.999993 0.00042394 0.00823119 -0.00171589 -0.000430513 0.999998 -0.00934861
0.999994 0.00287813 0.00199861 -3.22648 -0.00287906 0.999996 0.000464229 0.0264985 -0.00199727 -0.00046998 0.999998 -0.0190047
0.999997 -0.000624967 0.00227552 -3.41019 0.000624116 1 0.000374649 0.0846023 -0.00227575 -0.000373228 0.999997 -0.0168695
0.999992 -0.00310527 0.00233233 -3.58949 0.00310455 0.999995 0.000309241 0.121449 -0.00233328 -0.000301998 0.999997 -0.011598
0.999988 -0.00417419 0.00245849 -3.75264 0.00417333 0.999991 0.000351154 0.112102 -0.00245994 -0.000340889 0.999997 -0.00854928
0.999983 -0.0052973 0.00259362 -3.94471 0.00529643 0.999986 0.000340733 0.165947 -0.00259539 -0.00032699 0.999997 -0.00716133
0.999973 -0.00676439 0.00269395 -4.09737 0.00676367 0.999977 0.000276322 0.184415 -0.00269576 -0.000258093 0.999996 0.00258063
0.99996 -0.0085045 0.00286249 -4.27804 0.0085039 0.999964 0.000221689 0.198997 -0.00286427 -0.000197338 0.999996 0.00711617
0.999939 -0.0106184 0.00295967 -4.5205 0.010618 0.999944 0.000156181 0.227823 -0.00296116 -0.000124746 0.999996 0.0179402
0.999928 -0.0116387 0.00305203 -4.6969 0.0116384 0.999932 0.000132789 0.241863 -0.00305337 -9.72584e-05 0.999995 0.0216855
0.999912 -0.0127895 0.0035332 -4.87925 0.0127887 0.999918 0.000248512 0.267607 -0.00353609 -0.000203305 0.999994 0.00768762
0.99994 -0.0103463 0.00350259 -5.12725 0.010346 0.999946 0.000118049 0.22768 -0.00350362 -8.18042e-05 0.999994 0.0228162
0.99998 -0.00528854 0.00349502 -5.38074 0.00528787 0.999986 0.000200025 0.156183 -0.00349603 -0.000181539 0.999994 0.0244198
0.999993 -0.00166701 0.00343495 -5.66376 0.00166641 0.999999 0.00017538 0.0874768 -0.00343524 -0.000169654 0.999994 0.04178
0.999991 0.00160544 0.0038556 -5.92075 -0.00160712 0.999999 0.000430648 0.0560963 -0.00385491 -0.000436841 0.999992 0.023843
0.999993 -6.27355e-05 0.00379588 -6.10021 6.11502e-05 1 0.000417775 0.0874496 -0.0037959 -0.00041754 0.999993 0.0227728
0.999985 -0.00398763 0.00375617 -6.2746 0.00398655 0.999992 0.00029505 0.139366 -0.00375732 -0.000280072 0.999993 0.0263256
0.999971 -0.00653866 0.00387224 -6.45415 0.00653759 0.999979 0.000289231 0.163463 -0.00387405 -0.000263908 0.999992 0.0223817
0.999963 -0.00748194 0.00431209 -6.6318 0.00748032 0.999972 0.00039162 0.162283 -0.0043149 -0.000359349 0.999991 0.0160834
0.999954 -0.00844105 0.00446491 -6.83814 0.00843957 0.999964 0.000351048 0.163734 -0.00446771 -0.00031335 0.99999 0.0209668
0.999939 -0.0100833 0.004477 -7.0283 0.0100817 0.999949 0.000385888 0.179419 -0.00448066 -0.000340729 0.99999 0.0215662
0.999907 -0.012851 0.00465036 -7.25536 0.0128498 0.999917 0.000276646 0.198417 -0.00465354 -0.000216864 0.999989 0.0333702
0.999881 -0.0147065 0.00473929 -7.45463 0.0147062 0.999892 0.000105162 0.22831 -0.00474033 -3.54522e-05 0.999989 0.0520468
0.999864 -0.015803 0.00475965 -7.6398 0.0158026 0.999875 0.000124843 0.226959 -0.00476103 -4.96116e-05 0.999989 0.0568187
0.99983 -0.0177702 0.00489686 -7.86495 0.0177701 0.999842 7.07458e-05 0.244504 -0.00489734 1.62838e-05 0.999988 0.0591067
0.999789 -0.0197979 0.0055381 -8.08562 0.0197978 0.999804 7.94364e-05 0.254159 -0.00553859 3.02228e-05 0.999985 0.0486775
0.999835 -0.0173555 0.00538718 -8.34182 0.0173563 0.999849 -9.53121e-05 0.191901 -0.00538471 0.000188798 0.999985 0.0669359
0.999904 -0.0126668 0.00554488 -8.63866 0.0126679 0.99992 -0.000160887 0.120221 -0.0055424 0.000231114 0.999985 0.0873756
0.999945 -0.00881951 0.00559417 -8.90063 0.00882122 0.999961 -0.000281522 0.0663636 -0.00559147 0.000330854 0.999984 0.11031
0.99996 -0.00649955 0.00614072 -9.14219 0.0065009 0.999979 -0.000199386 0.0278749 -0.00613929 0.000239298 0.999981 0.109477
0.999944 -0.00846789 0.00640824 -9.35894 0.00846989 0.999964 -0.000284462 0.0317373 -0.0064056 0.000338723 0.999979 0.117908
0.999907 -0.0119949 0.00647545 -9.54135 0.011997 0.999928 -0.00029402 0.0551758 -0.00647145 0.000371679 0.999979 0.122959
0.99988 -0.0140167 0.00664326 -9.72352 0.01402 0.999902 -0.000443357 0.0654744 -0.00663639 0.000536442 0.999978 0.142153
0.99986 -0.0152038 0.00693661 -9.94088 0.0152079 0.999884 -0.000532864 0.0555943 -0.00692771 0.000638281 0.999976 0.151838
0.999839 -0.0164501 0.00722568 -10.1663 0.0164554 0.999864 -0.000668263 0.0605246 -0.00721371 0.000787057 0.999974 0.155512
0.999812 -0.0178727 0.00748748 -10.3245 0.0178785 0.99984 -0.000719138 0.0647447 -0.00747343 0.000852868 0.999972 0.152652
0.999769 -0.02003 0.00784569 -10.5223 0.0200357 0.999799 -0.000652504 0.0798029 -0.00783105 0.000809547 0.999969 0.147265
0.999726 -0.02194 0.00821356 -10.7204 0.0219467 0.999759 -0.00072497 0.0882289 -0.00819567 0.000905032 0.999966 0.15538
0.999687 -0.0235972 0.00827556 -10.9091 0.0236036 0.999721 -0.000676196 0.0980961 -0.0082573 0.000871318 0.999966 0.157522
0.999643 -0.0253872 0.00838247 -11.0995 0.025394 0.999677 -0.000703258 0.104748 -0.00836191 0.000915872 0.999965 0.161082
0.99959 -0.0272128 0.00886866 -11.2876 0.0272206 0.999629 -0.000758 0.0989617 -0.00884474 0.0009991 0.99996 0.160748
0.999544 -0.0288642 0.00882716 -11.4849 0.0288719 0.999583 -0.000739021 0.100622 -0.00880215 0.000993541 0.999961 0.157248
0.999571 -0.0281135 0.00826978 -11.7237 0.0281209 0.999604 -0.000781621 0.100711 -0.00824454 0.00101384 0.999965 0.166279
0.99961 -0.0267333 0.00808906 -11.9633 0.0267399 0.999642 -0.000705916 0.0597086 -0.00806729 0.000921941 0.999967 0.166527
0.999687 -0.0238514 0.00759849 -12.2378 0.0238571 0.999715 -0.00065136 -0.00233719 -0.00758079 0.000832434 0.999971 0.17705
0.99972 -0.0227995 0.0063833 -12.4748 0.0228057 0.99974 -0.000897363 -0.0344736 -0.00636117 0.00104269 0.999979 0.203394
0.999668 -0.0250751 0.00596034 -12.6414 0.0250812 0.999685 -0.000949962 -0.020861 -0.00593464 0.00109914 0.999982 0.197944
0.999658 -0.0256369 0.00520663 -12.8176 0.0256435 0.99967 -0.00120865 -0.0333357 -0.00517393 0.00134175 0.999986 0.204324
0.999635 -0.0266901 0.00426895 -13.0103 0.0266965 0.999643 -0.00144458 -0.0494674 -0.00422887 0.00155802 0.99999 0.211186
0.999585 -0.0285614 0.00361657 -13.2026 0.0285676 0.99959 -0.00167984 -0.044767 -0.00356711 0.00178246 0.999992 0.22748
0.999519 -0.0306684 0.00466322 -13.4057 0.0306762 0.999528 -0.00160297 -0.0345783 -0.00461186 0.00174525 0.999988 0.224912
0.999464 -0.0323511 0.00493829 -13.5817 0.0323594 0.999475 -0.00160667 -0.0338125 -0.00488372 0.00176561 0.999987 0.231044
0.999415 -0.0338961 0.0046252 -13.7322 0.0339044 0.999424 -0.00171965 -0.0367929 -0.00456424 0.00187546 0.999988 0.236115
0.999365 -0.0353691 0.00440468 -13.929 0.0353774 0.999372 -0.00183786 -0.0383271 -0.00433692 0.00199252 0.999989 0.241383
0.999315 -0.0366812 0.00482771 -14.0846 0.036691 0.999325 -0.00197059 -0.0305322 -0.00475216 0.00214637 0.999986 0.245962
0.999263 -0.0379827 0.00548629 -14.2361 0.0379942 0.999276 -0.0019949 -0.0206688 -0.00540655 0.00220188 0.999983 0.253475
0.999201 -0.039533 0.00594682 -14.4229 0.0395442 0.999216 -0.00178419 -0.0179269 -0.00587162 0.00201793 0.999981 0.261957
0.999149 -0.0407618 0.00622816 -14.5935 0.0407725 0.999167 -0.00159501 -0.00641495 -0.00615796 0.00184759 0.999979 0.274194
0.999176 -0.0400539 0.00650903 -14.8207 0.0400643 0.999196 -0.00147822 -0.0383107 -0.00644459 0.00173779 0.999978 0.279988
0.99924 -0.0384002 0.00670466 -15.0293 0.0384105 0.999261 -0.00141269 -0.0739401 -0.00664546 0.00166915 0.999977 0.276033
0.999378 -0.0346053 0.00683139 -15.2452 0.0346167 0.999399 -0.00156118 -0.104954 -0.00677326 0.00179669 0.999975 0.282044
0.999508 -0.0305706 0.00696595 -15.5022 0.0305847 0.99953 -0.00191993 -0.160121 -0.00690398 0.00213204 0.999974 0.28913
0.999527 -0.0300957 0.00633318 -15.7077 0.030111 0.999544 -0.00232624 -0.17675 -0.00626028 0.00251584 0.999977 0.302963
0.999448 -0.0326864 0.00596356 -15.837 0.0327017 0.999462 -0.00249576 -0.152493 -0.00587877 0.0026894 0.999979 0.302496
0.999368 -0.0351053 0.00553249 -16.0018 0.0351207 0.999379 -0.00271338 -0.140644 -0.0054338 0.00290597 0.999981 0.303113
0.999357 -0.0356057 0.00423768 -16.1564 0.03562 0.99936 -0.00334124 -0.148076 -0.004116 0.00349004 0.999985 0.321576
0.999366 -0.0353868 0.00395096 -16.3243 0.0354126 0.99935 -0.0066793 -0.165208 -0.00371203 0.00681497 0.99997 0.315384
0.999354 -0.0357585 0.00348484 -16.4664 0.0357911 0.999312 -0.00977127 -0.168647 -0.00313304 0.00988969 0.999946 0.294691
0.999314 -0.0368487 0.00375504 -16.6551 0.0368904 0.999251 -0.0117178 -0.162531 -0.00332044 0.0118483 0.999924 0.28624
0.999257 -0.0381379 0.00562825 -16.7997 0.0381991 0.999207 -0.0111968 -0.158833 -0.00519677 0.0114035 0.999921 0.28331
0.999193 -0.0396283 0.00656966 -16.9123 0.0396943 0.999159 -0.0102425 -0.166442 -0.00615824 0.010495 0.999926 0.297229
0.999126 -0.0413318 0.00622063 -17.0449 0.0413921 0.999094 -0.00989694 -0.183249 -0.00580593 0.0101458 0.999932 0.302894
0.999074 -0.0428006 0.00436465 -17.1829 0.0428435 0.999029 -0.0102376 -0.193266 -0.00392223 0.0104152 0.999938 0.323323
0.999017 -0.0442069 0.00314491 -17.3445 0.0442374 0.998967 -0.0104186 -0.196804 -0.00268108 0.0105475 0.999941 0.322939
0.998951 -0.0457114 0.00256863 -17.4592 0.0457356 0.9989 -0.0103253 -0.206574 -0.00209382 0.0104319 0.999943 0.329209
0.998887 -0.0470711 0.0029962 -17.5851 0.0470997 0.998837 -0.0103252 -0.219671 -0.00250669 0.0104548 0.999942 0.332649
0.998813 -0.0484923 0.00451699 -17.7247 0.0485362 0.99877 -0.0101612 -0.241726 -0.00401869 0.0103684 0.999938 0.332237
0.998727 -0.0500427 0.00625428 -17.8515 0.0501034 0.998694 -0.00996459 -0.263362 -0.00574746 0.0102653 0.999931 0.336293
0.998632 -0.0519901 0.00563502 -17.9812 0.0520444 0.998595 -0.00997596 -0.275862 -0.00510845 0.0102556 0.999934 0.347357
0.998542 -0.0537651 0.00481155 -18.1246 0.0538116 0.9985 -0.0101184 -0.289539 -0.00426031 0.0103626 0.999937 0.355362
0.998465 -0.0552149 0.00429435 -18.2477 0.0552569 0.998418 -0.010388 -0.313156 -0.00371399 0.0106093 0.999937 0.36058
0.998135 -0.0608478 0.00494681 -18.3222 0.0608976 0.998087 -0.0106413 -0.293715 -0.00428985 0.0109227 0.999931 0.359446
0.997749 -0.0668339 0.00553329 -18.4065 0.0668904 0.997702 -0.0107581 -0.274302 -0.00480157 0.011104 0.999927 0.357596
0.99751 -0.0703101 0.00552887 -18.5009 0.0703656 0.997465 -0.0105792 -0.290446 -0.00477104 0.0109419 0.999929 0.355255
0.99725 -0.0739064 0.00543428 -18.6266 0.0739609 0.997205 -0.010617 -0.299303 -0.00463442 0.0109897 0.999929 0.365972
0.996978 -0.0775166 0.00519281 -18.725 0.0775686 0.99693 -0.0107034 -0.339156 -0.00434717 0.0110738 0.999929 0.367248
0.996822 -0.0794594 0.00564232 -18.8809 0.0795161 0.996777 -0.0106556 -0.374113 -0.00477745 0.0110704 0.999927 0.362708
0.996717 -0.0807836 0.00548915 -19.0512 0.0808384 0.996671 -0.0106293 -0.387522 -0.0046122 0.0110382 0.999928 0.368562
0.996361 -0.0850426 0.00563998 -19.1868 0.0850999 0.996313 -0.0108472 -0.396628 -0.00469671 0.0112877 0.999925 0.380104
0.995896 -0.0902692 0.00648841 -19.2988 0.0903398 0.995844 -0.0115687 -0.416519 -0.00541714 0.0121074 0.999912 0.395627
0.995297 -0.0966098 0.00705708 -19.394 0.0966909 0.995239 -0.0122325 -0.427155 -0.00584171 0.0128573 0.9999 0.397462
0.994651 -0.103061 0.00685122 -19.481 0.10314 0.994588 -0.0125245 -0.46365 -0.00552336 0.0131641 0.999898 0.392399
0.994161 -0.107719 0.00637892 -19.6421 0.107792 0.994096 -0.0123894 -0.489989 -0.00500669 0.0130047 0.999903 0.393402
0.993647 -0.112399 0.00562672 -19.7882 0.11246 0.993586 -0.0118581 -0.503659 -0.00425779 0.0124156 0.999914 0.394703
0.993319 -0.11528 0.0052921 -19.9881 0.115335 0.993258 -0.0116816 -0.5269 -0.00390977 0.0122139 0.999918 0.395554
0.99281 -0.119629 0.00417663 -20.1691 0.119673 0.992729 -0.0129113 -0.583967 -0.0026017 0.0133183 0.999908 0.420304
0.99199 -0.126261 0.00364966 -20.3136 0.126303 0.991867 -0.0157427 -0.619482 -0.00163229 0.0160775 0.999869 0.423883
0.991134 -0.1328 0.00410414 -20.4807 0.132855 0.990942 -0.019568 -0.648685 -0.00146833 0.0199398 0.9998 0.403126
0.990177 -0.139734 0.0048301 -20.6188 0.139805 0.989961 -0.0207811 -0.658988 -0.00187778 0.0212523 0.999772 0.375197
0.989104 -0.14712 0.00529878 -20.7812 0.147197 0.988912 -0.0196452 -0.671759 -0.00234983 0.0202111 0.999793 0.387243
0.987937 -0.154775 0.00506015 -20.9468 0.154843 0.987765 -0.0185362 -0.703322 -0.0021293 0.0190962 0.999815 0.406873
0.987119 -0.159905 0.00505317 -21.1531 0.159972 0.986952 -0.0183201 -0.756866 -0.00205775 0.0188925 0.999819 0.425467
0.986223 -0.16532 0.00570219 -21.3765 0.165398 0.986055 -0.0184219 -0.828283 -0.00257717 0.0191112 0.999814 0.427715
0.985135 -0.171676 0.00607086 -21.6036 0.171762 0.984955 -0.0189943 -0.873262 -0.00271865 0.0197547 0.999801 0.426879
0.983611 -0.180187 0.00650961 -21.8311 0.180281 0.983428 -0.0191727 -0.912704 -0.00294707 0.020032 0.999795 0.429838
0.981993 -0.188804 0.00649672 -22.0482 0.188896 0.981811 -0.0191087 -0.961583 -0.00277075 0.0199918 0.999796 0.435462
0.980328 -0.197259 0.00679518 -22.2543 0.197355 0.98015 -0.0188993 -1.01755 -0.00293223 0.0198686 0.999798 0.444747
0.978446 -0.206396 0.00666652 -22.4801 0.20648 0.978315 -0.0162855 -1.08543 -0.00316068 0.017311 0.999845 0.461591
0.976627 -0.214775 0.00846017 -22.7288 0.214865 0.976572 -0.0117945 -1.16325 -0.0057288 0.0133366 0.999895 0.473533
0.97472 -0.22323 0.00947833 -23.001 0.223326 0.974684 -0.0107455 -1.23918 -0.00683966 0.0125906 0.999897 0.492107
0.972637 -0.232077 0.0108416 -23.2732 0.232199 0.972598 -0.0117273 -1.31992 -0.00782286 0.0139238 0.999872 0.492067
0.970424 -0.241139 0.011387 -23.5532 0.241271 0.970382 -0.012128 -1.38289 -0.00812516 0.0145167 0.999862 0.478275
0.968189 -0.249977 0.0109861 -23.8227 0.250093 0.968162 -0.0108077 -1.45449 -0.00793464 0.0132115 0.999881 0.478585
0.965887 -0.258749 0.0105541 -24.0947 0.258848 0.965872 -0.00943404 -1.53703 -0.00775282 0.0118441 0.9999 0.49574
0.963328 -0.268101 0.0110134 -24.4133 0.268151 0.963371 -0.00332542 -1.63752 -0.00971847 0.00615673 0.999934 0.50108
0.960748 -0.277216 0.0106986 -24.7078 0.27722 0.960806 0.00120348 -1.73452 -0.0106129 0.00180963 0.999942 0.528024
0.957511 -0.288196 0.0107252 -24.9864 0.288114 0.957557 0.00863277 -1.82341 -0.012758 -0.00517589 0.999905 0.528839
0.95425 -0.298839 0.0101221 -25.2876 0.298633 0.954199 0.0179347 -1.94361 -0.0150181 -0.0140914 0.999788 0.544856
0.951577 -0.307275 0.00906804 -25.5986 0.307073 0.951503 0.0186787 -2.05564 -0.0143678 -0.0149897 0.999784 0.591972
0.948898 -0.315414 0.0103041 -25.9293 0.31525 0.948891 0.0149458 -2.17637 -0.0144916 -0.0109336 0.999835 0.613782
0.946026 -0.323809 0.0135472 -26.2227 0.323735 0.946119 0.00738462 -2.30006 -0.0152085 -0.00260033 0.999881 0.591499
0.943881 -0.329892 0.0161466 -26.5293 0.329864 0.944018 0.00441296 -2.42354 -0.0166984 0.00116086 0.99986 0.559673
0.942122 -0.334866 0.0164639 -26.8623 0.334807 0.942266 0.00630993 -2.53299 -0.0176264 -0.000432489 0.999845 0.567342
0.940578 -0.339281 0.0142061 -27.2076 0.339161 0.940673 0.0102358 -2.64682 -0.0168361 -0.00480936 0.999847 0.588785
0.939369 -0.342718 0.0114143 -27.5379 0.342474 0.939334 0.0190409 -2.7728 -0.0172475 -0.0139773 0.999754 0.631051
0.938058 -0.346331 0.0100769 -27.8959 0.346004 0.9379 0.0249938 -2.92147 -0.0181073 -0.019959 0.999637 0.681232
0.93714 -0.348819 0.00968156 -28.2319 0.348598 0.937077 0.0191322 -3.05631 -0.015746 -0.0145546 0.99977 0.696103
0.937732 -0.347153 0.0119486 -28.5994 0.347009 0.937777 0.0125902 -3.19399 -0.0155758 -0.00765996 0.999849 0.678475
0.938497 -0.34505 0.0127969 -28.9475 0.345003 0.938584 0.00578895 -3.31464 -0.0140085 -0.00101792 0.999901 0.641518
0.939476 -0.342413 0.0117608 -29.3249 0.342402 0.939549 0.00304115 -3.42526 -0.0120911 0.00116982 0.999926 0.645421
0.940766 -0.338899 0.0103633 -29.6919 0.338839 0.940817 0.00714727 -3.55489 -0.0121722 -0.00321243 0.999921 0.682992
0.942255 -0.334758 0.00958798 -30.0162 0.334672 0.942286 0.00957276 -3.68537 -0.0122392 -0.00581116 0.999908 0.723845
0.944753 -0.327591 0.0112685 -30.398 0.327489 0.944803 0.0099332 -3.81018 -0.0139005 -0.00569411 0.999887 0.741592
0.94765 -0.31904 0.0131801 -30.8374 0.318952 0.947734 0.00834575 -3.93436 -0.0151539 -0.00370501 0.999878 0.738996
0.950103 -0.311628 0.0138741 -31.238 0.311555 0.950201 0.00718752 -4.06054 -0.015423 -0.00250635 0.999878 0.737722
0.952459 -0.304345 0.0140192 -31.6332 0.304279 0.95256 0.00665132 -4.1948 -0.0153785 -0.00206934 0.99988 0.76157
0.955301 -0.295324 0.0135428 -32.0188 0.295258 0.955394 0.00666596 -4.30184 -0.0149073 -0.00236937 0.999886 0.783062
0.958193 -0.285806 0.0134698 -32.4421 0.285735 0.958283 0.00694546 -4.4025 -0.0148929 -0.00280631 0.999885 0.796048
0.961229 -0.275472 0.0124353 -32.8687 0.275401 0.961303 0.00708204 -4.50334 -0.013905 -0.00338277 0.999898 0.806235
0.964119 -0.265246 0.0109379 -33.2742 0.26518 0.964172 0.00714466 -4.60655 -0.0124411 -0.00398778 0.999915 0.821673
0.967206 -0.253773 0.0105253 -33.723 0.253717 0.967257 0.00636676 -4.70386 -0.0117964 -0.00348753 0.999924 0.847939
0.970072 -0.242621 0.00981452 -34.1613 0.242575 0.970116 0.005649 -4.79487 -0.0108918 -0.00309918 0.999936 0.851356
0.972744 -0.231673 0.00984411 -34.6053 0.23163 0.972789 0.00534996 -4.8802 -0.0108157 -0.00292395 0.999937 0.858166
0.975263 -0.220829 0.00988347 -35.054 0.220779 0.975306 0.00586518 -4.96012 -0.0109346 -0.00353803 0.999934 0.869657
0.977712 -0.209724 0.00971569 -35.4983 0.209671 0.977752 0.00622581 -5.0548 -0.0108052 -0.00404996 0.999933 0.903746
0.980208 -0.197722 0.00989816 -35.9453 0.197669 0.98025 0.00615304 -5.12538 -0.0109193 -0.00407471 0.999932 0.918438
0.982467 -0.186133 0.0106151 -36.4116 0.18609 0.98252 0.00494527 -5.18724 -0.01135 -0.0028832 0.999931 0.928313
0.984675 -0.174083 0.010472 -36.8822 0.174052 0.984729 0.00381697 -5.26644 -0.0109766 -0.0019358 0.999938 0.936888
0.986684 -0.162346 0.00993703 -37.3641 0.162314 0.986731 0.00396144 -5.33378 -0.0104483 -0.00229577 0.999943 0.944495
0.98847 -0.151191 0.00830164 -37.8613 0.151156 0.988499 0.00464478 -5.38687 -0.00890841 -0.00333638 0.999955 0.9474
0.990081 -0.14036 0.0062779 -38.3504 0.140324 0.990089 0.00575763 -5.43793 -0.00702382 -0.00481957 0.999964 0.977863
0.991649 -0.128849 0.00549494 -38.8382 0.128808 0.991643 0.00729549 -5.48579 -0.00638903 -0.00652678 0.999958 1.00635
0.992923 -0.118631 0.00556584 -39.3342 0.118589 0.992916 0.00731376 -5.52813 -0.00639406 -0.00660195 0.999958 1.01431
0.994078 -0.108553 0.00507003 -39.8459 0.108515 0.994069 0.00722211 -5.58843 -0.00582394 -0.00662916 0.999961 1.02905
0.9949 -0.100722 0.00533031 -40.3583 0.100683 0.994892 0.00721534 -5.62279 -0.00602983 -0.00664187 0.99996 1.03236
0.995577 -0.093762 0.00599552 -40.8777 0.0937135 0.995568 0.00791 -5.65449 -0.0067106 -0.00731315 0.999951 1.03948
0.996212 -0.0867475 0.00600042 -41.3935 0.0866934 0.996197 0.00875065 -5.68185 -0.00673669 -0.0081973 0.999944 1.05374
0.996735 -0.0805508 0.00557921 -41.9186 0.0804954 0.996709 0.009533 -5.723 -0.00632874 -0.00905277 0.999939 1.06052
0.997217 -0.0744242 0.00439711 -42.4628 0.0743751 0.997176 0.0104303 -5.75018 -0.00516096 -0.0100742 0.999936 1.08535
0.997633 -0.0687196 0.00250726 -43.01 0.0686874 0.997575 0.0112425 -5.77941 -0.00327376 -0.0110437 0.999934 1.09964
0.997919 -0.0644818 0.00086829 -43.5541 0.0644695 0.997867 0.0102549 -5.82047 -0.00152769 -0.0101776 0.999947 1.10905
0.998126 -0.0611814 0.00123323 -44.0736 0.0611681 0.998088 0.00888463 -5.8364 -0.00177444 -0.00879254 0.99996 1.11949
0.998344 -0.0574767 0.00247294 -44.6307 0.0574568 0.99832 0.00745954 -5.86193 -0.00289753 -0.0073051 0.999969 1.13689
0.998432 -0.0558836 0.00327997 -45.194 0.0558598 0.998414 0.0069624 -5.90312 -0.00366385 -0.00676826 0.99997 1.14354
0.998533 -0.0540588 0.00316509 -45.7488 0.0540362 0.998516 0.00682286 -5.92068 -0.00352922 -0.00664182 0.999972 1.1492
0.998604 -0.0526967 0.0037343 -46.325 0.0526702 0.998588 0.00687096 -5.94297 -0.00409111 -0.00666468 0.999969 1.17917
0.998675 -0.0512657 0.00450765 -46.8996 0.051238 0.998668 0.00606114 -5.98003 -0.00481238 -0.00582215 0.999971 1.18604
0.998672 -0.0513657 0.00390651 -47.4775 0.0513453 0.998668 0.00514618 -6.01106 -0.00416565 -0.00493877 0.999979 1.20671
0.998653 -0.0517097 0.0043497 -48.0481 0.0516924 0.998655 0.00400586 -6.03758 -0.00455099 -0.00377562 0.999983 1.22792
0.998619 -0.0523106 0.00496324 -48.6143 0.0522918 0.998624 0.00385411 -6.0655 -0.00515803 -0.00358925 0.99998 1.23777
0.998573 -0.0531221 0.00542732 -49.1913 0.0530957 0.998577 0.00490943 -6.10443 -0.0056804 -0.00461425 0.999973 1.24346
0.998518 -0.0542409 0.00447321 -49.7664 0.0542132 0.998511 0.00609472 -6.13079 -0.00479713 -0.00584318 0.999971 1.26976
0.998497 -0.0546299 0.00438085 -50.3237 0.0546025 0.998489 0.00613861 -6.16453 -0.00470958 -0.00589018 0.999972 1.28716
0.998473 -0.0550118 0.00503747 -50.9096 0.054983 0.998471 0.00568104 -6.19409 -0.00534229 -0.00539539 0.999971 1.30087
0.998426 -0.0556949 0.00654951 -51.5006 0.055658 0.998434 0.00569744 -6.22092 -0.00685657 -0.00532394 0.999962 1.3075
0.998392 -0.0562394 0.00707793 -52.0784 0.0561938 0.998399 0.0064884 -6.25953 -0.0074315 -0.00608023 0.999954 1.31054
0.998362 -0.0568245 0.00665081 -52.6658 0.0567667 0.998351 0.00857981 -6.29303 -0.00712738 -0.00818821 0.999941 1.33815
0.99832 -0.0576309 0.00598124 -53.2545 0.0575712 0.998294 0.0097163 -6.3243 -0.00653099 -0.00935563 0.999935 1.38067
0.998275 -0.0584674 0.00533898 -53.8289 0.058413 0.998244 0.00984138 -6.35425 -0.005905 -0.00951254 0.999937 1.4121
0.99822 -0.0592904 0.00644609 -54.4122 0.0592392 0.998213 0.00786552 -6.40559 -0.00690092 -0.00746965 0.999948 1.41242
0.998178 -0.0598201 0.00788094 -54.9991 0.0597589 0.998182 0.00778922 -6.43043 -0.00833257 -0.00730407 0.999939 1.40182
0.998155 -0.0602001 0.00796676 -55.5956 0.0601349 0.998157 0.00817887 -6.45968 -0.00844444 -0.0076847 0.999935 1.42744
0.998127 -0.0606619 0.00793807 -56.1933 0.0605866 0.998119 0.00940072 -6.49361 -0.0084934 -0.00890217 0.999924 1.4398
0.998066 -0.0616783 0.00770693 -56.7855 0.0615976 0.998048 0.0103021 -6.53423 -0.00832731 -0.00980745 0.999917 1.48831
0.998025 -0.0623923 0.0073139 -57.3814 0.0623171 0.998005 0.0100962 -6.57008 -0.00792924 -0.00962049 0.999922 1.49983
0.998009 -0.0626022 0.00771411 -57.9741 0.0625443 0.998014 0.00752576 -6.61696 -0.00816992 -0.0070283 0.999942 1.51322
0.997965 -0.0631314 0.00899856 -58.5671 0.0630851 0.997994 0.00534435 -6.66158 -0.00931791 -0.00476579 0.999945 1.51201
0.997881 -0.0642992 0.00992557 -59.1701 0.0642568 0.997923 0.00453322 -6.70433 -0.0101964 -0.00388583 0.99994 1.52448
0.99785 -0.0646871 0.0104909 -59.7538 0.0646403 0.997897 0.00474281 -6.73965 -0.0107756 -0.00405448 0.999934 1.56223
0.997837 -0.064817 0.0109775 -60.373 0.0647603 0.997886 0.00544557 -6.77292 -0.0113073 -0.00472288 0.999925 1.58392
0.99777 -0.0658429 0.010951 -60.9894 0.0657901 0.99782 0.0051145 -6.82198 -0.0112639 -0.00438262 0.999927 1.6103
0.997722 -0.066567 0.0109574 -61.5944 0.0665233 0.997776 0.00430716 -6.85923 -0.0112197 -0.00356842 0.999931 1.63445
0.997654 -0.0674839 0.011546 -62.1995 0.0674465 0.997716 0.00359683 -6.8943 -0.0117623 -0.00280966 0.999927 1.6494
0.997554 -0.068849 0.0121117 -62.8067 0.0688081 0.997623 0.00376408 -6.93681 -0.0123421 -0.00292149 0.99992 1.66291
0.997384 -0.0713328 0.0116709 -63.421 0.0712881 0.997447 0.00420152 -6.97877 -0.0119408 -0.00335854 0.999923 1.68132
0.997145 -0.0746185 0.0115927 -64.0371 0.0745598 0.997202 0.00541188 -7.04147 -0.0119641 -0.00453208 0.999918 1.71172
0.996858 -0.0782446 0.0123171 -64.6513 0.0781644 0.996917 0.00686209 -7.08166 -0.012816 -0.00587777 0.999901 1.7406
0.996506 -0.0823839 0.0137178 -65.2747 0.0822862 0.99658 0.00754429 -7.13839 -0.0142924 -0.00638915 0.999877 1.75728
0.996188 -0.0860965 0.0140474 -65.8907 0.0860086 0.996272 0.00674669 -7.1956 -0.0145759 -0.00551277 0.999879 1.78033
0.995859 -0.0898449 0.0138731 -66.4986 0.0897614 0.995942 0.00653098 -7.25924 -0.0144036 -0.00525867 0.999882 1.79494
0.995447 -0.0944634 0.0127489 -67.1202 0.0943874 0.995515 0.00643645 -7.31693 -0.0132997 -0.0052038 0.999898 1.81725
0.99503 -0.0989087 0.0114992 -67.7311 0.0988345 0.99508 0.00685689 -7.382 -0.0121209 -0.00568629 0.99991 1.82652
0.994557 -0.103762 0.00951798 -68.3413 0.103692 0.994581 0.00752653 -7.44252 -0.0102474 -0.00649862 0.999926 1.85382
0.994031 -0.10884 0.00746458 -68.9387 0.108782 0.994035 0.00782356 -7.52085 -0.00827157 -0.00696485 0.999942 1.89498
0.993404 -0.114413 0.00768228 -69.5496 0.114349 0.993406 0.00829577 -7.59305 -0.00858076 -0.00736259 0.999936 1.91542
0.99278 -0.119563 0.00966626 -70.1611 0.119494 0.992807 0.00739009 -7.67735 -0.0104803 -0.00618167 0.999926 1.94546
0.992167 -0.124441 0.0108908 -70.7567 0.124382 0.992217 0.00591208 -7.76037 -0.0115418 -0.00451115 0.999923 1.95878
0.99138 -0.130524 0.0113638 -71.3597 0.130479 0.99144 0.00466676 -7.84406 -0.0118757 -0.00314379 0.999925 1.96622
0.990533 -0.136846 0.010849 -71.9571 0.136802 0.990587 0.00476111 -7.91884 -0.0113984 -0.00323187 0.99993 1.97682
0.989597 -0.143542 0.00970516 -72.5688 0.143482 0.989631 0.00660154 -8.02877 -0.0105521 -0.00514034 0.999931 2.00407
0.988568 -0.150529 0.00858946 -73.1516 0.150458 0.988581 0.00842292 -8.12054 -0.00975926 -0.00703428 0.999928 2.03197
0.987601 -0.156789 0.00779115 -73.731 0.156721 0.987604 0.0087315 -8.22378 -0.00906357 -0.00740221 0.999932 2.06099
0.986604 -0.162922 0.00834516 -74.3327 0.162854 0.986615 0.00830032 -8.32041 -0.00958577 -0.00683008 0.999931 2.07031
0.985566 -0.16909 0.00822361 -74.9156 0.169024 0.985578 0.00818892 -8.435 -0.00948967 -0.00668073 0.999933 2.07924
0.984359 -0.176003 0.00775004 -75.5008 0.175932 0.984361 0.00906669 -8.53772 -0.0092246 -0.0075614 0.999929 2.09867
0.983162 -0.182604 0.00699558 -76.0808 0.182523 0.983142 0.0108201 -8.65277 -0.00885344 -0.00936105 0.999917 2.13212
0.981981 -0.188856 0.00679867 -76.6546 0.188758 0.981938 0.0129705 -8.75462 -0.00912543 -0.0114535 0.999893 2.15515
0.980704 -0.195401 0.00611428 -77.2252 0.1953 0.980641 0.0141578 -8.88046 -0.00876236 -0.0126905 0.999881 2.18893
0.979439 -0.201649 0.0061582 -77.7982 0.201554 0.979386 0.0134138 -9.0096 -0.00873613 -0.0118968 0.999891 2.19321
0.97815 -0.207809 0.00618235 -78.3836 0.207717 0.978103 0.0130125 -9.13209 -0.00875108 -0.011444 0.999896 2.19162
0.97681 -0.214031 0.00572773 -78.9419 0.213944 0.97676 0.0129449 -9.26446 -0.00836521 -0.0114192 0.9999 2.22401
0.975429 -0.220247 0.00551895 -79.4958 0.220161 0.975375 0.0131122 -9.39527 -0.00827098 -0.011575 0.999899 2.25244
0.974102 -0.226048 0.00528981 -80.039 0.225967 0.974052 0.0127174 -9.53533 -0.00802728 -0.0111927 0.999905 2.26538
0.972707 -0.231996 0.00437074 -80.5959 0.231933 0.972661 0.0117484 -9.68285 -0.00697683 -0.010414 0.999921 2.2827
0.971159 -0.23839 0.00452171 -81.1569 0.238328 0.97112 0.0112602 -9.8293 -0.00707543 -0.00985777 0.999926 2.2904
0.969698 -0.244251 0.00523961 -81.7039 0.244179 0.969661 0.011602 -9.97133 -0.00791444 -0.00997099 0.999919 2.30609
0.968034 -0.250726 0.00687667 -82.2495 0.250624 0.967997 0.0130445 -10.1082 -0.00992718 -0.010904 0.999891 2.32963
0.966278 -0.257368 0.00830399 -82.7654 0.257245 0.966251 0.0135385 -10.2532 -0.0115081 -0.0109457 0.999874 2.36411
0.964426 -0.264195 0.00911671 -83.2891 0.264074 0.96442 0.0125772 -10.4072 -0.0121152 -0.00972226 0.999879 2.38606
0.962778 -0.270137 0.0091579 -83.8172 0.270041 0.962791 0.0105295 -10.5602 -0.0116616 -0.00766461 0.999903 2.39858
0.960939 -0.276651 0.00772093 -84.3483 0.276588 0.960953 0.00831352 -10.7302 -0.00971939 -0.00585327 0.999936 2.41236
0.958863 -0.283832 0.00449803 -84.862 0.283799 0.95886 0.00679943 -10.8957 -0.00624288 -0.00524319 0.999967 2.42795
0.956948 -0.290249 0.00266648 -85.3794 0.290232 0.956941 0.00545713 -11.0598 -0.00413559 -0.00444829 0.999982 2.45829
0.954996 -0.296604 0.00275432 -85.899 0.296586 0.95499 0.00561094 -11.2319 -0.00429458 -0.00454153 0.99998 2.46541
0.952861 -0.303396 0.00268987 -86.3952 0.303379 0.952856 0.00518362 -11.3859 -0.00413574 -0.00412322 0.999983 2.48246
0.950801 -0.309792 0.00267393 -86.8873 0.309775 0.950794 0.00542779 -11.5597 -0.00422384 -0.00433243 0.999982 2.48513
0.948601 -0.316462 0.00270354 -87.3876 0.31644 0.94859 0.00648883 -11.7221 -0.00461802 -0.0052998 0.999975 2.49665
0.94624 -0.323465 -0.000170219 -87.8874 0.323453 0.9462 0.00918111 -11.9018 -0.00280871 -0.00874259 0.999958 2.49972
0.943984 -0.329951 -0.00521358 -88.3657 0.329986 0.943943 0.00903383 -12.085 0.0019406 -0.0102482 0.999946 2.58681
0.941723 -0.336367 -0.00384223 -88.8551 0.336368 0.941731 -0.000510718 -12.2864 0.00379013 -0.000811445 0.999992 2.60062
0.939067 -0.343733 0.000943771 -89.3471 0.343734 0.939062 -0.0032011 -12.4658 0.000214066 0.00333046 0.999994 2.52256
0.935878 -0.352306 0.00345202 -89.8203 0.352308 0.935884 0.000102504 -12.6418 -0.00326681 0.00112024 0.999994 2.52425
0.932666 -0.360724 0.00351356 -90.2902 0.360687 0.932651 0.00824449 -12.8335 -0.00625091 -0.00642206 0.99996 2.55171
0.929323 -0.369262 0.00200554 -90.7508 0.369195 0.929236 0.0146888 -13.0162 -0.00728762 -0.0129102 0.99989 2.64293
0.92663 -0.375966 0.00248554 -91.2047 0.375913 0.92658 0.0118031 -13.2148 -0.0067406 -0.0100027 0.999927 2.70181
