1 0 0 0 0 1 0 0 0 0 1 0
1 -6.2226e-05 -8.85328e-05 0.00549282 6.22281e-05 1 2.4458e-05 0.000800485 8.85312e-05 -2.44635e-05 1 -0.000637437
1 -0.000117666 -8.52129e-05 0.00876524 0.000117665 1 -1.92988e-05 0.00295544 8.52152e-05 1.92888e-05 1 -5.87057e-05
1 -4.37128e-05 -6.3459e-05 0.00485644 4.3709e-05 1 -6.1077e-05 -0.0017716 6.34617e-05 6.10742e-05 1 0.000698095
1 5.20952e-05 -8.08085e-05 0.00416313 -5.20877e-05 1 9.30864e-05 -0.00159497 8.08133e-05 -9.30822e-05 1 0.000469097
1 -1.01618e-05 -1.35961e-05 0.00398687 1.01624e-05 1 4.27199e-05 -0.00140854 1.35957e-05 -4.272e-05 1 -2.47328e-05
1 -6.27829e-06 -1.99572e-05 0.00900852 6.27616e-06 1 -0.000106935 0.000877319 1.99579e-05 0.000106934 1 -2.67711e-05
1 -2.70578e-05 -9.7961e-05 0.00603419 2.70565e-05 1 -1.29154e-05 0.00235635 9.79614e-05 1.29128e-05 1 0.00112907
1 -5.95904e-05 -6.85078e-05 0.00703283 5.95914e-05 1 1.5094e-05 0.00092115 6.85069e-05 -1.50981e-05 1 0.000796259
1 -5.43437e-05 4.41494e-06 0.00671039 5.43437e-05 1 -7.46833e-08 0.000702332 -4.41493e-06 7.49232e-08 1 -0.00240851
1 -5.22055e-05 3.11713e-06 0.00162324 5.22058e-05 1 -9.79092e-05 0.00344025 -3.11202e-06 9.79094e-05 1 -0.000921591
1 -4.79295e-05 -5.03052e-05 0.00615554 4.79309e-05 1 2.85351e-05 0.00241449 5.03038e-05 -2.85375e-05 1 0.00134169
1 -6.14679e-05 -9.07423e-05 0.00863297 6.14689e-05 1 1.1495e-05 0.000829941 9.07416e-05 -1.15005e-05 1 0.000274882
1 -4.58893e-06 -3.71398e-05 0.00390574 4.58722e-06 1 -4.6075e-05 0.000304828 3.714e-05 4.60748e-05 1 0.000200963
1 7.9796e-05 -9.13729e-05 0.00513823 -7.97917e-05 1 4.75655e-05 -0.000338988 9.13767e-05 -4.75582e-05 1 0.00270438
1 -3.10598e-05 -9.72036e-05 0.00498215 3.10637e-05 1 4.06528e-05 0.00133247 9.72023e-05 -4.06558e-05 1 0.00253458
1 -6.46624e-05 -9.49401e-05 0.0115521 6.46689e-05 1 6.74811e-05 0.000994387 9.49357e-05 -6.74872e-05 1 -0.000490231
1 -5.64575e-05 -5.38653e-05 0.00827929 5.64573e-05 1 -4.92052e-06 0.0027131 5.38656e-05 4.91748e-06 1 -0.00124813
1 -2.04593e-05 -5.85685e-05 0.00420101 2.04576e-05 1 -3.00812e-05 0.00342597 5.85691e-05 3.008e-05 1 -0.000116531
1 5.29133e-05 -3.27198e-05 0.00634806 -5.29127e-05 1 2.10181e-05 -0.00255603 3.27209e-05 -2.10164e-05 1 -0.000811237
1 -2.25826e-05 -9.43874e-05 0.00294158 2.2592e-05 1 9.94922e-05 -0.00151946 9.43852e-05 -9.94944e-05 1 0.00181845
1 -6.43049e-05 -0.000103946 0.00341649 6.43156e-05 1 0.000102949 0.00368241 0.00010394 -0.000102956 1 0.00160376
1 -7.6433e-05 -9.10559e-05 0.00850047 7.64336e-05 1 6.93685e-06 0.00368471 9.10554e-05 -6.94381e-06 1 0.00160396
1 -3.03665e-05 -6.90514e-05 0.00665349 3.03635e-05 1 -4.2746e-05 0.00202408 6.90527e-05 4.2744e-05 1 0.000829292
1 2.47262e-06 -3.03245e-05 0.00350222 -2.47291e-06 1 -9.53908e-06 0.00139458 3.03245e-05 9.53916e-06 1 0.000226391
1 3.39569e-05 -8.10135e-05 0.0036651 -3.39603e-05 1 -4.1531e-05 0.000684443 8.10121e-05 4.15338e-05 1 0.00167155
1 -5.73467e-05 -5.58078e-05 0.002157 5.73514e-05 1 8.47114e-05 0.00058251 5.58029e-05 -8.47146e-05 1 0.00118513
1 -0.000144865 -6.42748e-05 0.00455208 0.000144865 1 6.75533e-06 0.0021017 6.42738e-05 -6.76464e-06 1 0.00244975
1 -1.37078e-05 -4.80643e-05 0.00680983 1.37065e-05 1 -2.66158e-05 0.00180356 4.80647e-05 2.66151e-05 1 0.00171036
1 1.10026e-05 -3.65263e-05 0.00161384 -1.10052e-05 1 -7.12283e-05 0.00190882 3.65256e-05 7.12287e-05 1 0.00142702
1 -1.65422e-05 -5.01651e-05 0.00373984 1.65425e-05 1 6.50539e-06 0.000163204 5.0165e-05 -6.50622e-06 1 0.000802632
1 -7.2879e-05 -8.5298e-05 0.0073917 7.28819e-05 1 3.42326e-05 -0.000805857 8.52955e-05 -3.42389e-05 1 0.00149679
1 -6.41506e-06 -6.73061e-05 0.00305176 6.41557e-06 1 7.57331e-06 -0.0013686 6.73061e-05 -7.57374e-06 1 0.000551506
1 -3.82605e-05 -8.84069e-05 0.00283483 3.826e-05 1 -5.81506e-06 0.00127883 8.84071e-05 5.81168e-06 1 0.00167887
1 -2.18191e-05 -8.19017e-05 0.00638361 2.18248e-05 1 6.93109e-05 -0.000793488 8.19002e-05 -6.93127e-05 1 0.00197805
1 -0.000118341 -0.000116462 0.00745428 0.000118351 1 8.166e-05 0.00403013 0.000116452 -8.16738e-05 1 0.00263522
1 -6.27383e-05 -9.9265e-05 0.00498679 6.27344e-05 1 -3.93511e-05 0.0037626 9.92675e-05 3.93448e-05 1 0.00324228
1 1.23417e-05 -0.00010231 0.00442346 -1.2341e-05 1 7.0636e-06 0.00114978 0.00010231 -7.06233e-06 1 0.00290986
1 -1.75989e-06 -0.000101279 0.00713718 1.76648e-06 1 6.50476e-05 0.00207169 0.000101279 -6.50478e-05 1 0.00314146
1 -4.0142e-05 -0.000100927 0.00135042 4.01406e-05 1 -1.35283e-05 0.003263 0.000100927 1.35242e-05 1 0.00190139
1 -4.83292e-05 -9.78325e-05 0.00521819 4.83368e-05 1 7.70356e-05 0.00127022 9.78288e-05 -7.70403e-05 1 0.0027127
1 -5.11063e-05 -2.64953e-05 0.00469162 5.11062e-05 1 -3.28055e-06 0.000695753 2.64954e-05 3.2792e-06 1 -0.000160733
1 -3.32603e-05 -4.90233e-05 0.0059242 3.3258e-05 1 -4.55207e-05 0.00461749 4.90248e-05 4.55191e-05 1 0.00155735
1 1.77896e-05 -8.14455e-05 0.00684685 -1.7789e-05 1 6.27902e-06 -0.00167094 8.14456e-05 -6.27757e-06 1 0.00117772
1 -7.22258e-05 -8.72704e-05 0.00772764 7.22257e-05 1 -1.12981e-06 0.00280148 8.72705e-05 1.12351e-06 1 0.000961658
1 -4.06658e-05 -4.9063e-05 0.00578793 4.06629e-05 1 -5.92506e-05 0.00147316 4.90655e-05 5.92486e-05 1 0.000351421
1 -4.70776e-05 -4.51621e-05 0.00493861 4.70735e-05 1 -9.1056e-05 0.00398117 4.51664e-05 9.10539e-05 1 0.00208641
1 -4.18262e-05 -6.88532e-05 0.00551768 4.18275e-05 1 1.98443e-05 0.00106171 6.88524e-05 -1.98472e-05 1 0.00150859
1 1.46914e-05 -6.18707e-05 0.00531934 -1.46837e-05 1 0.0001253 -0.00221892 6.18725e-05 -0.000125299 1 0.000743393
1 -4.95176e-05 -5.55129e-05 0.0079624 4.95154e-05 1 -4.07005e-05 -0.000147333 5.55149e-05 4.06978e-05 1 -0.000203093
1 -9.16182e-05 -5.40035e-05 0.00631164 9.16145e-05 1 -6.82521e-05 0.0039579 5.40097e-05 6.82472e-05 1 -2.34277e-05
1 -6.55523e-05 -9.46781e-05 0.00495285 6.55522e-05 1 -3.87855e-07 0.0039099 9.46781e-05 3.81649e-07 1 0.00202605
1 -2.55746e-05 -8.71123e-05 0.00332848 2.55779e-05 1 3.77461e-05 -0.000506819 8.71113e-05 -3.77483e-05 1 0.00265038
1 -0.000113089 -0.00010592 0.00668254 0.000113089 1 -3.9423e-06 0.00531988 0.000105921 3.93032e-06 1 0.00298118
1 -6.54873e-05 -9.49076e-05 0.0055333 6.54845e-05 1 -2.9406e-05 0.00261592 9.49095e-05 2.93998e-05 1 0.00198899
1 -6.35854e-06 -0.000107241 0.00790139 6.35565e-06 1 -2.69392e-05 -0.0015059 0.000107241 2.69385e-05 1 0.00272624
1 -5.44419e-05 -7.41276e-05 0.00643855 5.44391e-05 1 -3.75775e-05 0.00264233 7.41296e-05 3.75734e-05 1 0.00137504
1 -2.89277e-05 -8.00103e-05 0.00669146 2.89262e-05 1 -1.93199e-05 0.0028311 8.00109e-05 1.93176e-05 1 0.0016154
1 -3.08832e-05 -7.83857e-05 0.00669197 3.0887e-05 1 4.79883e-05 -0.000779451 7.83842e-05 -4.79907e-05 1 0.00175159
1 -4.58101e-05 -6.4561e-05 0.00573537 4.58073e-05 1 -4.39523e-05 0.000298741 6.4563e-05 4.39493e-05 1 0.000973643
1 1.20655e-05 -5.30872e-05 0.00651423 -1.2065e-05 1 1.00527e-05 1.88865e-05 5.30874e-05 -1.00521e-05 1 -0.00011334
1 -8.38906e-05 -0.000144692 0.0146274 8.38943e-05 1 2.54829e-05 0.00255372 0.00014469 -2.5495e-05 1 0.00427367
1 -0.000280848 -7.90255e-05 0.019427 0.000280853 1 6.64057e-05 0.00831639 7.90068e-05 -6.64278e-05 1 0.00603759
1 -0.000202572 -2.03212e-05 0.0257328 0.000202573 1 8.37415e-05 0.00800713 2.03043e-05 -8.37456e-05 1 0.00740882
1 -4.89668e-05 -3.87569e-06 0.0129079 4.89675e-05 1 0.000164863 0.000981356 3.86762e-06 -0.000164863 1 0.00461792
1 8.51978e-05 -3.74956e-05 -0.00230329 -8.51991e-05 1 -3.4307e-05 -0.00113942 3.74927e-05 3.43102e-05 1 0.00466882
1 -2.58459e-05 -2.64732e-05 -0.0140222 2.58455e-05 1 -1.38292e-05 0.00323336 2.64735e-05 1.38286e-05 1 0.00374081
1 -6.2417e-05 -4.68423e-05 -0.0263178 6.24188e-05 1 3.95805e-05 0.000385994 4.68398e-05 -3.95834e-05 1 0.00336689
1 -0.000144445 -0.000116862 -0.0394452 0.000144438 1 -5.54875e-05 -0.000256326 0.00011687 5.54706e-05 1 0.00664877
1 -0.000246421 1.86945e-06 -0.0535915 0.000246421 1 -1.23074e-05 0.00210702 -1.86641e-06 1.23079e-05 1 0.00515163
1 -0.000313378 -1.43167e-05 -0.0776921 0.000313379 1 1.43095e-05 0.00577692 1.43122e-05 -1.4314e-05 1 0.00839977
1 -0.000471754 -5.65523e-05 -0.0935205 0.00047176 1 0.00011157 0.00743355 5.64996e-05 -0.000111596 1 0.00686892
1 -0.000431391 -6.69235e-05 -0.125908 0.000431382 1 -0.00012579 0.00787879 6.69777e-05 0.000125761 1 0.00791094
1 -0.000387554 -2.26228e-05 -0.153849 0.000387553 1 -2.24716e-05 0.00623566 2.26315e-05 2.24629e-05 1 0.00729733
1 -0.000272336 4.73464e-05 -0.177549 0.000272335 1 2.01656e-05 -0.00448112 -4.73519e-05 -2.01527e-05 1 0.00534143
1 -0.000463001 0.000132745 -0.227463 0.000462974 1 0.000203428 -0.00509572 -0.00013284 -0.000203366 1 0.00419374
1 -0.000385977 0.000191149 -0.27516 0.000385915 1 0.000321192 -0.00509324 -0.000191273 -0.000321118 1 0.00786518
1 -0.00034333 0.000163466 -0.315912 0.000343263 1 0.000408576 -0.000107883 -0.000163607 -0.00040852 1 0.0136734
1 -0.000635391 0.000479653 -0.365953 0.000635334 1 0.000117601 0.0106298 -0.000479728 -0.000117296 1 0.0125008
0.999999 -0.000818014 0.000663095 -0.40863 0.000818092 1 -0.000117141 0.0104315 -0.000662999 0.000117683 1 0.0105024
0.999999 -0.000801466 0.000805331 -0.449273 0.000801593 1 -0.000156354 0.00804538 -0.000805206 0.000156999 1 0.0155996
0.999999 -0.000847501 0.000752367 -0.507423 0.000847138 1 0.000483904 0.00241026 -0.000752777 -0.000483267 1 0.0149453
0.999999 -0.000847531 0.000548821 -0.574226 0.00084733 1 0.000365949 0.00936933 -0.000549131 -0.000365484 1 0.0206184
0.999999 -0.000706226 0.000749537 -0.68266 0.000705992 1 0.000313401 0.00578314 -0.000749758 -0.000312871 1 0.0177144
1 -0.000437511 0.000772496 -0.754624 0.000437259 1 0.000325609 0.00755994 -0.000772638 -0.000325271 1 0.0262224
0.999999 -0.000582098 0.000907446 -0.839019 0.00058144 1 0.000725661 0.00356502 -0.000907868 -0.000725133 0.999999 0.0235587
0.999999 -0.000680418 0.000986051 -0.941893 0.000679883 1 0.000543122 0.0112107 -0.00098642 -0.000542452 0.999999 0.0348838
0.999999 -0.000652534 0.0012418 -1.05524 0.000651364 0.999999 0.000942005 0.015093 -0.00124242 -0.000941195 0.999999 0.0291132
0.999999 -0.000627825 0.00143862 -1.16325 0.000626406 0.999999 0.000986788 0.0126936 -0.00143924 -0.000985886 0.999998 0.025021
0.999999 -0.000530221 0.00143769 -1.27356 0.000529041 1 0.000821434 0.0137424 -0.00143813 -0.000820673 0.999999 0.0303294
0.999999 -0.000740006 0.00128841 -1.39962 0.000738542 0.999999 0.00113605 0.0149352 -0.00128925 -0.0011351 0.999999 0.0364168
0.999999 -0.00061418 0.00146367 -1.54221 0.000612 0.999999 0.00148891 0.0160358 -0.00146458 -0.00148801 0.999998 0.0409045
0.999998 -0.000767241 0.00174364 -1.68939 0.000764566 0.999999 0.00153431 0.00764319 -0.00174482 -0.00153298 0.999997 0.04742
0.999998 -0.0005183 0.00198765 -1.85608 0.000514891 0.999998 0.00171496 0.0109135 -0.00198854 -0.00171394 0.999997 0.0450667
0.999998 -0.000620041 0.00212069 -1.9931 0.000614947 0.999997 0.00240208 0.0162118 -0.00212218 -0.00240077 0.999995 0.0453216
0.999997 -0.00063269 0.00249919 -2.14561 0.000626875 0.999997 0.00232697 0.00679862 -0.00250065 -0.00232539 0.999994 0.0483741
0.999996 -0.000388989 0.00279091 -2.33217 0.000379731 0.999994 0.00331706 0.00119821 -0.00279218 -0.00331599 0.999991 0.0494253
0.999997 -0.000519463 0.00251898 -2.50032 0.000511708 0.999995 0.00307809 0.0204184 -0.00252057 -0.00307679 0.999992 0.0590218
0.999995 -0.00032425 0.00320173 -2.71052 0.000312487 0.999993 0.00367398 0.0202102 -0.0032029 -0.00367296 0.999988 0.060633
0.999994 2.05267e-05 0.00348787 -2.88923 -3.52025e-05 0.999991 0.00420767 0.00482419 -0.00348775 -0.00420777 0.999985 0.0760853
0.999994 -0.000352498 0.00345611 -3.10115 0.000338166 0.999991 0.00414651 0.00783311 -0.00345754 -0.00414532 0.999985 0.0811868
0.999994 -0.00013085 0.00335029 -3.3138 0.000117959 0.999993 0.00384766 0.00439009 -0.00335077 -0.00384725 0.999987 0.0807102
0.999991 -0.000265497 0.00426891 -3.54622 0.000250379 0.999994 0.00354158 0.011953 -0.00426982 -0.00354048 0.999985 0.0726299
0.999989 -0.000117735 0.00466136 -3.74974 0.000100296 0.999993 0.00374112 0.0162437 -0.00466177 -0.00374061 0.999982 0.0773331
0.99999 -0.000550409 0.00443572 -4.01541 0.00052916 0.999988 0.00479018 0.013712 -0.00443831 -0.00478778 0.999979 0.0948561
0.999989 -0.000449686 0.0045848 -4.29112 0.000425331 0.999986 0.00531188 0.00384505 -0.00458712 -0.00530987 0.999975 0.108641
0.999988 -0.000524876 0.00487964 -4.51013 0.000494427 0.99998 0.00623913 0.0290851 -0.00488281 -0.00623665 0.999969 0.109264
0.999986 -0.000386158 0.00524163 -4.80887 0.00035102 0.999977 0.00670291 0.0289128 -0.0052441 -0.00670098 0.999964 0.112284
0.999986 -0.000152653 0.00523016 -5.1069 0.000114363 0.999973 0.00732051 0.00934165 -0.00523113 -0.00731981 0.99996 0.11209
0.999987 -0.000280477 0.00506728 -5.4092 0.000239043 0.999967 0.00817551 0.0170493 -0.0050694 -0.0081742 0.999954 0.121321
0.999986 3.3738e-05 0.00537634 -5.71889 -7.83716e-05 0.999966 0.00830187 0.0228027 -0.00537587 -0.00830217 0.999951 0.131132
0.999983 -0.000371359 0.00587642 -6.05765 0.000321954 0.999965 0.008406 0.0477868 -0.00587934 -0.00840396 0.999947 0.131417
0.999982 -0.000468682 0.00604043 -6.38615 0.000413082 0.999958 0.00920272 0.0434304 -0.00604449 -0.00920005 0.999939 0.144222
0.999983 -0.000329304 0.00580168 -6.73633 0.00026184 0.999932 0.0116252 0.032358 -0.00580512 -0.0116235 0.999916 0.147338
0.999982 -0.000199028 0.00600786 -7.10106 0.000126971 0.999928 0.0119917 0.036533 -0.00600981 -0.0119907 0.99991 0.161495
0.999984 0.000396449 0.00568242 -7.50033 -0.000467153 0.999922 0.0124465 0.0441321 -0.00567705 -0.012449 0.999906 0.158716
0.999985 0.000990107 0.00533537 -7.88306 -0.00105691 0.999921 0.0125335 0.0369143 -0.00532254 -0.0125389 0.999907 0.171273
0.999986 0.000546438 0.00529839 -8.3012 -0.000613897 0.999919 0.0127386 0.0554646 -0.005291 -0.0127417 0.999905 0.18093
0.999984 0.000484042 0.00561311 -8.6866 -0.000556615 0.999916 0.0129348 0.0544287 -0.00560638 -0.0129377 0.999901 0.188806
0.999989 0.000734757 0.00459401 -9.09754 -0.000796981 0.999908 0.0135574 0.0511556 -0.00458362 -0.0135609 0.999898 0.204009
0.999989 0.00107887 0.00454705 -9.54231 -0.00114282 0.9999 0.0140844 0.0427449 -0.0045314 -0.0140895 0.99989 0.206912
0.99999 0.000797675 0.00429483 -9.981 -0.000857853 0.999901 0.0140281 0.0400732 -0.00428322 -0.0140317 0.999892 0.212834
0.99999 0.00050758 0.00448892 -10.426 -0.00057313 0.999893 0.0146133 0.0472792 -0.00448102 -0.0146157 0.999883 0.230267
0.99999 0.000442789 0.00438997 -10.8845 -0.000510431 0.999881 0.0154191 0.058175 -0.00438262 -0.0154212 0.999871 0.235757
0.999992 0.00118014 0.00379573 -11.3521 -0.00124129 0.999869 0.0161499 0.0533962 -0.00377617 -0.0161545 0.999862 0.244736
0.999993 0.00121358 0.00366503 -11.8796 -0.00126838 0.999887 0.0149855 0.0445065 -0.00364643 -0.0149901 0.999881 0.253044
0.999992 0.000963424 0.00391276 -12.3907 -0.00101636 0.999908 0.0135498 0.0512066 -0.00389935 -0.0135536 0.999901 0.273368
0.99999 0.000990062 0.00428102 -12.8883 -0.00104805 0.999907 0.0135644 0.0556935 -0.0042672 -0.0135688 0.999899 0.282987
0.99999 0.00138619 0.00429669 -13.4229 -0.00144509 0.999905 0.0137357 0.0576943 -0.00427724 -0.0137418 0.999896 0.287455
0.99999 0.00138802 0.00435461 -13.9637 -0.00145112 0.999894 0.0145201 0.0561345 -0.004334 -0.0145263 0.999885 0.277023
0.999991 0.000663178 0.00408416 -14.504 -0.000718153 0.999909 0.0134736 0.0616077 -0.00407485 -0.0134764 0.999901 0.301171
0.999993 0.000621457 0.00369701 -15.0682 -0.000674755 0.999896 0.0144325 0.0717261 -0.00368766 -0.0144349 0.999889 0.314261
0.999993 0.00150735 0.00353382 -15.6363 -0.00155646 0.999902 0.0139347 0.0524759 -0.00351246 -0.0139401 0.999897 0.329771
0.999992 0.00160358 0.00373322 -16.2344 -0.00164702 0.999931 0.0116611 0.0654143 -0.00371427 -0.0116672 0.999925 0.347004
0.99999 0.00122946 0.0041862 -16.814 -0.00127376 0.999943 0.0105964 0.0817663 -0.00417293 -0.0106016 0.999935 0.361377
0.99999 0.00165901 0.00411556 -17.4062 -0.00170454 0.999937 0.0110857 0.0752332 -0.00409691 -0.0110926 0.99993 0.371044
0.99999 0.00182983 0.00411922 -18.0189 -0.00187751 0.999931 0.0116001 0.0665113 -0.00409771 -0.0116078 0.999924 0.386619
0.999993 0.00124653 0.00338863 -18.631 -0.00128736 0.999926 0.0120764 0.0707902 -0.00337333 -0.0120807 0.999921 0.404301
0.999994 0.00182504 0.00301608 -19.2643 -0.00185876 0.999935 0.0112146 0.0705416 -0.00299542 -0.0112201 0.999933 0.416846
0.999992 0.00258982 0.0029201 -19.9247 -0.00261847 0.999948 0.0098498 0.0699671 -0.00289444 -0.00985737 0.999947 0.430021
0.999992 0.00310745 0.00245617 -20.5698 -0.00313052 0.999951 0.00944421 0.0720429 -0.0024267 -0.00945182 0.999952 0.445461
0.999993 0.00341136 0.00174014 -21.2253 -0.00342969 0.999938 0.0106409 0.0705035 -0.00170373 -0.0106468 0.999942 0.451679
0.999992 0.00370671 0.00145954 -21.9238 -0.00372207 0.999936 0.0106629 0.075507 -0.00141992 -0.0106683 0.999942 0.472583
0.999991 0.00380424 0.00190718 -22.6202 -0.00382291 0.999944 0.00987955 0.0843772 -0.00186949 -0.00988675 0.999949 0.481909
0.999991 0.00366435 0.00219221 -23.3137 -0.00368255 0.999958 0.00835677 0.0874203 -0.0021615 -0.00836476 0.999963 0.493275
0.999992 0.00359543 0.00189239 -23.9999 -0.00360926 0.999966 0.00735837 0.0851453 -0.00186587 -0.00736514 0.999971 0.495971
0.999989 0.00446529 0.00115617 -24.7339 -0.00447228 0.999971 0.00612078 0.0873346 -0.00112881 -0.00612589 0.999981 0.522025
0.999987 0.0050016 0.000455567 -25.4752 -0.00500432 0.999968 0.00617046 0.0970401 -0.00042469 -0.00617267 0.999981 0.539767
0.999989 0.0045962 0.000474448 -26.2182 -0.00459908 0.99997 0.00626768 0.104785 -0.000445626 -0.00626979 0.99998 0.557993
0.999988 0.00479676 0.00127428 -26.9631 -0.00480461 0.999969 0.00623167 0.11112 -0.00124435 -0.00623771 0.99998 0.561882
0.999987 0.00487621 0.00149788 -27.7096 -0.00488307 0.999977 0.00461297 0.122083 -0.00147535 -0.00462022 0.999988 0.580498
0.999984 0.00533008 0.00170346 -28.4791 -0.00533743 0.999976 0.00433527 0.112048 -0.00168031 -0.00434429 0.999989 0.596407
0.999984 0.00547352 0.00148076 -29.2756 -0.00548111 0.999972 0.00517268 0.115187 -0.00145241 -0.00518072 0.999986 0.616482
0.99998 0.00616648 0.00152825 -30.0733 -0.0061707 0.999977 0.00277222 0.135274 -0.00151112 -0.00278159 0.999995 0.640718
0.999983 0.0054764 0.00174753 -30.8708 -0.00547935 0.999984 0.00168829 0.158299 -0.00173826 -0.00169784 0.999997 0.652545
0.999981 0.00565776 0.00248176 -31.6859 -0.00565994 0.999984 0.000873284 0.16944 -0.00247678 -0.000887314 0.999997 0.660177
0.999975 0.00670285 0.00209458 -32.5049 -0.00670321 0.999978 0.000164459 0.163373 -0.00209343 -0.000178496 0.999998 0.681599
0.999974 0.00710333 0.0013248 -33.3322 -0.00710297 0.999975 -0.000274965 0.15253 -0.00132672 0.000265548 0.999999 0.703984
0.999974 0.0070753 0.00115853 -34.1709 -0.00707418 0.999975 -0.000974578 0.160199 -0.00116539 0.000966357 0.999999 0.715199
0.999976 0.00688534 0.00125508 -35.0282 -0.00688198 0.999973 -0.00266361 0.180546 -0.00127338 0.00265491 0.999996 0.738716
0.999969 0.00772521 0.00145349 -35.8974 -0.00772066 0.999965 -0.00311349 0.180101 -0.00147749 0.00310217 0.999994 0.753444
0.999963 0.00816075 0.0025459 -36.763 -0.00815325 0.999962 -0.00294145 0.181497 -0.00256981 0.00292059 0.999992 0.75389
0.999968 0.00776673 0.00192342 -37.6319 -0.00776023 0.999964 -0.00336662 0.192974 -0.0019495 0.00335158 0.999992 0.790206
0.999969 0.00780494 0.000716531 -38.5207 -0.00780367 0.999968 -0.00175981 0.206363 -0.000730243 0.00175417 0.999998 0.805874
0.999967 0.00809722 -0.000562041 -39.4412 -0.00809664 0.999967 0.00102508 0.226183 0.000570323 -0.00102049 0.999999 0.808133
0.999955 0.00942539 -0.000689195 -40.356 -0.00942221 0.999946 0.00447899 0.233084 0.000731374 -0.0044723 0.99999 0.836722
0.999954 0.00947621 -0.00133039 -41.2726 -0.00946955 0.999943 0.0049225 0.261965 0.00137696 -0.00490967 0.999987 0.868768
0.999954 0.00964008 0.000250161 -42.1849 -0.00964075 0.99995 0.00283156 0.278413 -0.000222852 -0.00283384 0.999996 0.889153
0.999942 0.0104434 0.00253972 -43.1008 -0.0104506 0.999941 0.00284514 0.279722 -0.00250986 -0.00287152 0.999993 0.901557
0.999939 0.0105869 0.0030588 -44.0746 -0.0105957 0.99994 0.00286064 0.276372 -0.00302833 -0.00289288 0.999991 0.912234
0.999944 0.0105523 -0.00100311 -45.0506 -0.01055 0.999942 0.00227302 0.298477 0.00102704 -0.00226231 0.999997 0.923149
0.999928 0.0111103 -0.00452124 -46.0035 -0.0111022 0.999937 0.00179561 0.307892 0.0045409 -0.00174529 0.999988 0.947748
0.999927 0.0114491 -0.00393666 -46.9586 -0.0114463 0.999934 0.000730456 0.308819 0.00394476 -0.000685342 0.999992 0.965031
0.999934 0.0114271 -0.000971269 -47.9656 -0.0114274 0.999935 -0.000309911 0.3202 0.000967664 0.00032099 0.999999 0.977493
0.999931 0.0116807 0.00116353 -48.9437 -0.0116799 0.999932 -0.000678167 0.343611 -0.00117137 0.00066453 0.999999 0.988521
0.999934 0.0114427 0.00126148 -49.9497 -0.0114415 0.999934 -0.00100905 0.361202 -0.00127294 0.000994548 0.999999 1.01241
0.999941 0.0107533 -0.00134103 -50.9595 -0.0107547 0.999942 -0.00103403 0.373751 0.00132983 0.00104839 0.999999 1.03166
0.999928 0.0105057 -0.00588163 -51.9799 -0.0105216 0.999941 -0.00267719 0.384151 0.00585316 0.00273888 0.999979 1.05392
0.999921 0.00993206 -0.00773973 -53.0021 -0.00996767 0.99994 -0.00457581 0.409196 0.00769381 0.00465259 0.99996 1.06833
0.999938 0.0091804 -0.00623042 -54.0362 -0.0092068 0.999949 -0.00422201 0.420037 0.00619134 0.00427911 0.999972 1.06706
0.999949 0.00893285 -0.00472084 -55.071 -0.00894676 0.999956 -0.00293356 0.423518 0.00469443 0.00297565 0.999985 1.08618
0.999951 0.00919034 -0.00361761 -56.0948 -0.00919896 0.999955 -0.00237321 0.43147 0.00359564 0.00240637 0.999991 1.11547
0.999954 0.00877086 -0.0037711 -57.162 -0.00877871 0.999959 -0.00207249 0.443659 0.00375277 0.0021055 0.999991 1.12369
0.999956 0.00845066 -0.00410381 -58.2334 -0.00845721 0.999963 -0.00158023 0.468152 0.00409031 0.00161486 0.99999 1.13355
0.999958 0.00762456 -0.00502931 -59.3131 -0.00763269 0.99997 -0.00159875 0.47936 0.00501697 0.00163707 0.999986 1.15854
0.999954 0.00773689 -0.00558584 -60.3569 -0.00774742 0.999968 -0.00186586 0.480554 0.00557123 0.00190905 0.999983 1.17388
0.99996 0.00776754 -0.00434948 -61.4279 -0.00777467 0.999968 -0.00162557 0.491889 0.00433671 0.00165932 0.999989 1.20545
0.99997 0.00707196 -0.00313841 -62.5265 -0.00707851 0.999973 -0.00207993 0.506836 0.00312361 0.00210208 0.999993 1.21855
0.999973 0.00692578 -0.00261939 -63.6293 -0.00693445 0.99997 -0.00331465 0.508859 0.00259636 0.00333272 0.999991 1.23036
0.99997 0.00734702 -0.00257747 -64.7005 -0.00735587 0.999967 -0.00344201 0.508863 0.0025521 0.00346086 0.999991 1.23419
0.999969 0.00730429 -0.00283245 -65.7878 -0.007316 0.999965 -0.00414526 0.524255 0.00280207 0.00416585 0.999987 1.25815
0.999967 0.00777209 -0.0023676 -66.8893 -0.00778452 0.999956 -0.00528434 0.531641 0.00232643 0.0053026 0.999983 1.28614
0.99997 0.00768955 -0.00088307 -67.9955 -0.00769515 0.999949 -0.00652196 0.531638 0.000832874 0.00652856 0.999978 1.31986
0.999969 0.00782031 -0.000120717 -69.0906 -0.00782095 0.999946 -0.00685688 0.539125 6.70877e-05 0.00685762 0.999976 1.33092
0.999967 0.00782164 -0.00200482 -70.193 -0.0078362 0.999942 -0.00735882 0.56511 0.00194715 0.0073743 0.999971 1.35996
0.999958 0.00766119 -0.0050069 -71.2899 -0.00769757 0.999944 -0.00728607 0.59214 0.0049508 0.0073243 0.999961 1.37325
0.999958 0.00779784 -0.00486504 -72.4178 -0.00783112 0.999946 -0.00685984 0.593693 0.00481128 0.00689765 0.999965 1.38907
0.999964 0.00824233 -0.00198915 -73.5338 -0.00825634 0.99994 -0.00713897 0.579025 0.00193019 0.00715514 0.999973 1.41677
0.999967 0.00800389 0.00165366 -74.668 -0.00799061 0.999937 -0.00789194 0.603827 -0.00171672 0.00787847 0.999967 1.43927
0.999962 0.00765527 0.0041717 -75.8023 -0.00761999 0.999936 -0.00840788 0.623931 -0.0042358 0.00837577 0.999956 1.46247
0.999955 0.0082356 0.0047416 -76.9255 -0.00818733 0.999915 -0.0101113 0.62583 -0.00482447 0.010072 0.999938 1.4936
0.999952 0.0085644 0.004821 -78.0681 -0.00850479 0.999889 -0.0122506 0.631725 -0.00492538 0.012209 0.999913 1.51646
0.999947 0.0087206 0.00541545 -79.2235 -0.00864528 0.999868 -0.0137806 0.634321 -0.00553491 0.013733 0.99989 1.55275
0.999933 0.00833546 0.00798389 -80.3782 -0.00821746 0.999858 -0.0147004 0.646529 -0.0081053 0.0146338 0.99986 1.58452
0.99993 0.00804277 0.00865423 -81.5228 -0.00791842 0.999866 -0.0143075 0.657411 -0.00876814 0.014238 0.99986 1.6145
0.999933 0.00898222 0.00733678 -82.6961 -0.00886307 0.999831 -0.0161152 0.659327 -0.00748029 0.0160491 0.999843 1.64977
0.999933 0.00877677 0.00751552 -83.8594 -0.00863713 0.999793 -0.0184145 0.675321 -0.00767559 0.0183483 0.999802 1.67433
0.999939 0.00840978 0.00722498 -85.0337 -0.00826279 0.999763 -0.020139 0.682969 -0.00739263 0.020078 0.999771 1.70231
0.999944 0.00841221 0.00639078 -86.2042 -0.008288 0.999781 -0.0192196 0.69857 -0.00655106 0.0191656 0.999795 1.71467
0.999959 0.0077945 0.00465792 -87.382 -0.00771607 0.999832 -0.0166246 0.719619 -0.00478672 0.016588 0.999851 1.76089
0.999963 0.00808161 0.00296938 -88.5703 -0.00802854 0.999815 -0.0174693 0.739923 -0.00311001 0.0174448 0.999843 1.81386
0.999958 0.00779515 0.00490378 -89.76 -0.00769928 0.999785 -0.0192755 0.74249 -0.00505298 0.019237 0.999802 1.8394
0.999948 0.00736001 0.00710715 -90.9374 -0.00722024 0.999784 -0.0194953 0.758435 -0.0072491 0.019443 0.999785 1.85527
0.999946 0.00763105 0.00706269 -92.1167 -0.00748599 0.999765 -0.0203423 0.758103 -0.00721626 0.0202884 0.999768 1.89757
0.99995 0.00804774 0.00593355 -93.3118 -0.00791132 0.999712 -0.0226672 0.758976 -0.00611426 0.0226191 0.999725 1.92827
0.999962 0.008076 0.00327206 -94.5108 -0.00799205 0.999658 -0.0249025 0.775986 -0.00347206 0.0248754 0.999685 1.9496
0.999969 0.00783975 5.3846e-05 -95.7219 -0.00783575 0.999636 -0.0258079 0.802017 -0.000256154 0.0258067 0.999667 1.96573
0.999964 0.00739996 -0.00422467 -96.9332 -0.00750414 0.999654 -0.0252019 0.803435 0.00403671 0.0252326 0.999673 1.98764
0.999937 0.00749116 -0.00841392 -98.1453 -0.00768742 0.999693 -0.023541 0.804825 0.00823499 0.0236042 0.999687 2.0001
0.999907 0.0077503 -0.0112622 -99.3688 -0.00798627 0.999746 -0.0210606 0.831952 0.0110962 0.0211486 0.999715 2.02335
0.999905 0.00775538 -0.0114233 -100.594 -0.00797111 0.999788 -0.0189626 0.858544 0.0112739 0.0190519 0.999755 2.03893
0.999909 0.00779693 -0.0110142 -101.82 -0.00797822 0.999832 -0.0165129 0.866436 0.0108836 0.0165993 0.999803 2.04913
0.999928 0.00830646 -0.00862621 -103.032 -0.00845547 0.999813 -0.0173833 0.876066 0.00848021 0.017455 0.999812 2.07556
0.999949 0.0083473 -0.00564399 -104.271 -0.0084546 0.999779 -0.0192626 0.887882 0.00548195 0.0193093 0.999799 2.07752
0.999962 0.00840419 -0.00239449 -105.526 -0.0084495 0.999772 -0.0195882 0.894244 0.00222932 0.0196077 0.999805 2.09069
0.999965 0.00833367 0.000905669 -106.763 -0.00831549 0.999794 -0.0184978 0.906936 -0.00105964 0.0184896 0.999828 2.12506
0.999956 0.0085641 0.00371719 -107.998 -0.00849596 0.999802 -0.0179763 0.92107 -0.00387041 0.017944 0.999832 2.15959
0.999958 0.00846891 0.00355628 -109.254 -0.00840663 0.999817 -0.0171786 0.935458 -0.00370112 0.017148 0.999846 2.18406
0.999966 0.00827354 4.86776e-05 -110.515 -0.00827183 0.999849 -0.0153069 0.957265 -0.000175312 0.0153059 0.999883 2.20449
0.999953 0.00858708 -0.00440754 -111.77 -0.0086448 0.999875 -0.0132493 0.970464 0.00429322 0.0132868 0.999903 2.23447
0.999947 0.00862089 -0.00569566 -113.004 -0.00869462 0.999877 -0.0130508 0.975511 0.00558245 0.0130996 0.999899 2.26962
0.999959 0.0084611 -0.00319828 -114.268 -0.0085011 0.999883 -0.0127063 0.982266 0.0030904 0.0127329 0.999914 2.28399
0.999959 0.00880651 -0.00193447 -115.523 -0.00883033 0.999881 -0.0126706 0.9957 0.00182265 0.0126871 0.999918 2.29791
0.999959 0.00842081 -0.00329404 -116.791 -0.00846253 0.999881 -0.0128621 1.01368 0.00318534 0.0128895 0.999912 2.32855
0.999955 0.00840864 -0.00428965 -118.054 -0.00846537 0.999875 -0.0133828 1.02932 0.00417659 0.0134185 0.999901 2.34095
0.99995 0.008484 -0.00534171 -119.327 -0.00855622 0.99987 -0.0136456 1.0462 0.00522525 0.0136906 0.999893 2.35258
0.999933 0.00865492 -0.00764661 -120.596 -0.00875607 0.999873 -0.0132946 1.05688 0.00753058 0.0133606 0.999882 2.37333
0.999915 0.00885596 -0.00952678 -121.86 -0.00897406 0.999883 -0.0124264 1.05976 0.00941561 0.0125108 0.999877 2.39589
0.999898 0.00896191 -0.0111626 -123.115 -0.00909369 0.999889 -0.011812 1.08452 0.0110555 0.0119123 0.999868 2.41951
0.999898 0.0085474 -0.0114089 -124.383 -0.00866596 0.999909 -0.0103829 1.08497 0.0113191 0.0104807 0.999881 2.42975
0.999916 0.00845182 -0.00977899 -125.631 -0.00854534 0.999918 -0.00956096 1.10403 0.00969738 0.00964373 0.999906 2.44917
0.999924 0.00893585 -0.00844207 -126.895 -0.00900759 0.999923 -0.00849861 1.11846 0.00836548 0.00857401 0.999928 2.47178
0.999933 0.00843365 -0.00789863 -128.147 -0.00849595 0.999933 -0.00788731 1.13892 0.00783158 0.00795389 0.999938 2.49182
0.999916 0.00923967 -0.00905072 -129.415 -0.00931174 0.999925 -0.00795345 1.1479 0.00897655 0.00803707 0.999927 2.50755
0.999905 0.00940487 -0.0101178 -130.671 -0.00948612 0.999923 -0.00801279 1.14606 0.0100416 0.00810801 0.999917 2.52437
0.999907 0.00903872 -0.0102373 -131.921 -0.00912288 0.999925 -0.0082046 1.17029 0.0101623 0.00829723 0.999914 2.54154
0.999892 0.00991948 -0.0108326 -133.185 -0.0100024 0.999921 -0.00762754 1.18795 0.0107561 0.00773507 0.999912 2.54951
0.999907 0.00983366 -0.00945502 -134.418 -0.00990351 0.999924 -0.00736926 1.19464 0.00938183 0.00746221 0.999928 2.56803
0.999934 0.00959184 -0.0062631 -135.668 -0.00964096 0.999923 -0.00786071 1.21875 0.00618721 0.00792058 0.999949 2.59915
0.999946 0.00961351 -0.0038234 -136.91 -0.00964786 0.999912 -0.00906817 1.23489 0.00373589 0.00910457 0.999952 2.62984
0.999942 0.0101687 -0.00350036 -138.162 -0.0102046 0.999894 -0.0103876 1.24301 0.00339436 0.0104228 0.99994 2.64259
0.999934 0.0102105 -0.00522655 -139.412 -0.0102684 0.999885 -0.0111913 1.25484 0.00511168 0.0112443 0.999924 2.66001
0.99992 0.010416 -0.00715721 -140.667 -0.0104962 0.999881 -0.0112708 1.26868 0.00703896 0.0113451 0.999911 2.68094
0.999913 0.0104321 -0.00812311 -141.909 -0.0105149 0.999893 -0.0102175 1.28821 0.00801565 0.010302 0.999915 2.70464
0.999913 0.010715 -0.007637 -143.175 -0.010784 0.999901 -0.00905223 1.30376 0.00753925 0.00913381 0.99993 2.7232
0.999919 0.0108688 -0.00663367 -144.417 -0.0109254 0.999904 -0.00856497 1.30752 0.00653994 0.00863675 0.999941 2.74528
0.999927 0.0108821 -0.00521892 -145.664 -0.0109338 0.99989 -0.00997604 1.30899 0.00510979 0.0100324 0.999937 2.76686
0.999924 0.0114584 -0.00454701 -146.888 -0.0115112 0.999864 -0.0117714 1.3416 0.00441151 0.0118229 0.99992 2.77361
0.999913 0.011543 -0.00641146 -148.141 -0.0116097 0.999878 -0.0104599 1.35451 0.00628994 0.0105334 0.999925 2.79341
0.999898 0.011214 -0.00884979 -149.384 -0.0112897 0.9999 -0.0085455 1.36898 0.00875307 0.00864454 0.999924 2.8143
0.99989 0.0113621 -0.00950092 -150.619 -0.0114397 0.999901 -0.00814745 1.38056 0.00940741 0.00825524 0.999922 2.84774
0.999911 0.0113464 -0.00695311 -151.875 -0.0113986 0.999907 -0.00752356 1.39711 0.00686709 0.00760215 0.999948 2.8569
0.99991 0.0118298 -0.00638102 -153.124 -0.0118789 0.9999 -0.00770065 1.41734 0.00628928 0.00777575 0.99995 2.87734
0.999905 0.0118683 -0.00702227 -154.36 -0.0119212 0.999901 -0.00753912 1.43553 0.0069321 0.00762212 0.999947 2.90101
0.999887 0.0123622 -0.00858107 -155.637 -0.0124173 0.999902 -0.00639629 1.45512 0.00850116 0.00650212 0.999943 2.91958
0.999874 0.012386 -0.00995493 -156.883 -0.0124414 0.999907 -0.00552203 1.46684 0.00988561 0.00564519 0.999935 2.93578
0.999881 0.0119992 -0.00973642 -158.12 -0.0120544 0.999911 -0.00563336 1.49157 0.00966796 0.00575006 0.999937 2.95343
0.99989 0.0118331 -0.00895561 -159.353 -0.0118872 0.999911 -0.00600777 1.50514 0.00888373 0.00611357 0.999942 2.968
0.999893 0.0123924 -0.00771467 -160.618 -0.0124451 0.999899 -0.00682248 1.51943 0.00762935 0.00691776 0.999947 2.98794
0.999901 0.0126002 -0.0063395 -161.871 -0.0126479 0.999892 -0.00754948 1.5288 0.00624368 0.00762891 0.999951 3.00249
0.999916 0.0116586 -0.00568685 -163.118 -0.0117016 0.999903 -0.00758501 1.54644 0.00559787 0.00765091 0.999955 3.02493
0.999918 0.0113017 -0.00602473 -164.362 -0.0113458 0.999909 -0.00732821 1.57332 0.00594136 0.00739596 0.999955 3.05529
0.999917 0.0120471 -0.00466479 -165.626 -0.01208 0.999902 -0.00708912 1.59097 0.00457893 0.00714487 0.999964 3.08371
0.999919 0.0120747 -0.00395855 -166.866 -0.012102 0.999903 -0.00693897 1.60185 0.00387438 0.00698632 0.999968 3.10211
0.999909 0.0125111 -0.005033 -168.123 -0.0125471 0.999896 -0.00717359 1.61416 0.00494272 0.00723609 0.999962 3.11277
0.999903 0.0126351 -0.0059155 -169.389 -0.0126743 0.999898 -0.00663833 1.64012 0.00583102 0.00671266 0.99996 3.13668
0.999902 0.0125275 -0.00632298 -170.637 -0.0125631 0.999905 -0.00562764 1.66344 0.00625188 0.00570652 0.999964 3.1654
0.999888 0.0135845 -0.00629177 -171.886 -0.0136169 0.999894 -0.00513573 1.66691 0.00622134 0.00522083 0.999967 3.17968
0.999887 0.0135942 -0.00647325 -173.131 -0.0136253 0.999896 -0.00479622 1.68315 0.00640738 0.00488388 0.999968 3.19993
0.999893 0.0130183 -0.0066999 -174.397 -0.0130518 0.999902 -0.0049748 1.71903 0.00663448 0.00506171 0.999965 3.21827
0.999896 0.0123961 -0.00737434 -175.65 -0.012432 0.999911 -0.00484029 1.73082 0.00731369 0.00493146 0.999961 3.23638
0.999882 0.0129724 -0.00826258 -176.92 -0.0130169 0.999901 -0.0053576 1.75095 0.00819226 0.00546452 0.999952 3.26317
0.999866 0.0147228 -0.00715967 -178.165 -0.0147632 0.999875 -0.00562311 1.77123 0.00707599 0.00572806 0.999959 3.2761
0.999884 0.0140164 -0.00595185 -179.42 -0.0140471 0.999888 -0.00515112 1.79346 0.00587898 0.00523413 0.999969 3.29386
0.999888 0.0142573 -0.00460306 -180.68 -0.0142785 0.999887 -0.00460263 1.81355 0.00453692 0.00466783 0.999979 3.31719
0.999892 0.0141219 -0.00418509 -181.935 -0.0141377 0.999893 -0.00375778 1.81714 0.00413157 0.00381654 0.999984 3.33725
0.999891 0.013806 -0.00529253 -183.214 -0.0138265 0.999897 -0.00384686 1.83859 0.00523887 0.00391962 0.999979 3.36396
0.999893 0.0133913 -0.00581312 -184.481 -0.0134143 0.999902 -0.00393703 1.87072 0.00575983 0.00401459 0.999975 3.38656
0.999885 0.013335 -0.00716522 -185.754 -0.0133664 0.999901 -0.00434872 1.8912 0.00710652 0.00444399 0.999965 3.40872
0.999884 0.0135747 -0.00697238 -187.031 -0.0136156 0.99989 -0.0058494 1.90802 0.00689221 0.00594365 0.999959 3.42277
0.999881 0.0139036 -0.00663956 -188.308 -0.013947 0.999881 -0.00653012 1.90868 0.00654798 0.00662194 0.999957 3.43576
0.999871 0.0145484 -0.00676406 -189.598 -0.0145854 0.999879 -0.00546026 1.93531 0.0066838 0.00555821 0.999962 3.44506
0.999879 0.0138135 -0.00710282 -190.894 -0.0138378 0.999899 -0.00337783 1.96726 0.00705544 0.00347571 0.999969 3.46251
0.999879 0.0133049 -0.00804996 -192.203 -0.0133282 0.999907 -0.00284842 1.97743 0.00801131 0.00295537 0.999964 3.4889
0.99986 0.0135996 -0.00971435 -193.491 -0.013627 0.999903 -0.00276576 1.99814 0.0096758 0.00289775 0.999949 3.50525
0.999856 0.0142128 -0.0092827 -194.798 -0.0142523 0.99989 -0.00420563 2.01425 0.0092219 0.00433732 0.999948 3.52611
0.999868 0.0142399 -0.00783674 -196.101 -0.0142746 0.999888 -0.00439793 2.03292 0.00777324 0.00450922 0.99996 3.53757
0.999887 0.013528 -0.0065346 -197.408 -0.0135591 0.999897 -0.00474143 2.05147 0.00646979 0.0048295 0.999967 3.56073
0.999891 0.0137145 -0.00544914 -198.722 -0.0137405 0.999894 -0.00476702 2.07851 0.00538319 0.00484138 0.999974 3.58726
0.999892 0.0136725 -0.00542672 -200.027 -0.013698 0.999895 -0.00469389 2.11183 0.00536197 0.00476772 0.999974 3.60515
0.999888 0.0137335 -0.00591817 -201.35 -0.0137715 0.999885 -0.00642124 2.14341 0.0058293 0.00650202 0.999962 3.62001
0.999877 0.0139363 -0.00719205 -202.69 -0.0139919 0.999872 -0.0077342 2.13894 0.00708335 0.00783388 0.999944 3.64061
0.999868 0.0143491 -0.0076439 -204.003 -0.0144117 0.999863 -0.00819634 2.15962 0.00752524 0.00830542 0.999937 3.66926
0.99988 0.0142409 -0.00617532 -205.324 -0.0142901 0.999866 -0.00800011 2.18197 0.00606056 0.00808739 0.999949 3.68883
0.999891 0.0138874 -0.00496205 -206.656 -0.0139261 0.999872 -0.00784821 2.21441 0.00485242 0.00791646 0.999957 3.70796
0.999887 0.0138856 -0.00583517 -207.98 -0.013936 0.999865 -0.00868755 2.23684 0.00571375 0.00876788 0.999945 3.73887
0.999891 0.0135715 -0.0058449 -209.329 -0.0136195 0.999873 -0.0082678 2.26123 0.00573196 0.0083465 0.999949 3.75881
0.999882 0.014404 -0.00533989 -210.66 -0.0144489 0.99986 -0.00846065 2.26763 0.00521727 0.00853681 0.99995 3.77983
0.999884 0.0144662 -0.0046837 -212 -0.0145051 0.99986 -0.00837843 2.28649 0.00456184 0.0084454 0.999954 3.79632
0.999882 0.0144707 -0.00517314 -213.331 -0.0145202 0.999848 -0.00965552 2.30641 0.00503264 0.00972949 0.99994 3.82063
0.999882 0.0143523 -0.00548579 -214.679 -0.0144084 0.999843 -0.010321 2.33984 0.0053368 0.0103988 0.999932 3.84885
0.999885 0.0142193 -0.00531226 -216.023 -0.0142703 0.999851 -0.00968892 2.35669 0.0051737 0.00976362 0.999939 3.87192
0.999895 0.0138304 -0.0042564 -217.386 -0.0138702 0.999859 -0.00947973 2.3791 0.00412469 0.00953778 0.999946 3.89277
0.999891 0.0143383 -0.00339547 -218.745 -0.014369 0.999855 -0.0091909 2.40778 0.00326319 0.00923869 0.999952 3.91518
0.999891 0.0145238 -0.00259854 -220.092 -0.0145462 0.999855 -0.00883179 2.4269 0.00246989 0.00886863 0.999958 3.93749
0.999883 0.014967 -0.00327659 -221.433 -0.0149962 0.999846 -0.00907178 2.43882 0.00314031 0.00911985 0.999953 3.96175
0.999881 0.0149071 -0.00388557 -222.811 -0.0149374 0.999857 -0.00788091 2.45422 0.00376753 0.00793802 0.999961 3.97992
0.99988 0.0145154 -0.00533107 -224.192 -0.0145563 0.999864 -0.00770298 2.48645 0.00521853 0.00777966 0.999956 4.00799
0.999868 0.0146745 -0.00703632 -225.574 -0.0147285 0.999862 -0.00769186 2.5125 0.00692247 0.00779447 0.999946 4.02913
0.999869 0.014431 -0.0073452 -226.946 -0.0144906 0.999862 -0.00813331 2.53742 0.00722681 0.00823868 0.99994 4.0544
0.999885 0.0143323 -0.00500511 -228.331 -0.0143762 0.999858 -0.0088476 2.54581 0.00487759 0.00891854 0.999948 4.06788
0.999892 0.0145472 -0.00219468 -229.71 -0.0145691 0.999841 -0.0103192 2.57373 0.00204421 0.0103501 0.999944 4.09259
0.99989 0.0148055 -0.000882258 -231.077 -0.0148142 0.999832 -0.0108392 2.59872 0.000721629 0.0108511 0.999941 4.11769
0.999889 0.0148085 -0.00155471 -232.47 -0.0148255 0.999824 -0.0115175 2.61052 0.00138388 0.0115392 0.999932 4.14982
0.999887 0.0148174 -0.0023845 -233.85 -0.0148424 0.999831 -0.0108486 2.63589 0.00222335 0.0108828 0.999938 4.17497
0.999897 0.0140889 -0.00281666 -235.233 -0.0141188 0.999841 -0.0108983 2.67537 0.00266267 0.0109369 0.999937 4.20315
0.999901 0.0139732 -0.00147383 -236.633 -0.0139874 0.999851 -0.0101205 2.69303 0.0013322 0.0101401 0.999948 4.23332
0.999893 0.014612 -0.00103643 -238.03 -0.0146211 0.999849 -0.00938993 2.70645 0.000899073 0.00940407 0.999955 4.26395
0.999897 0.0142868 -0.00147486 -239.432 -0.0143002 0.999852 -0.00955115 2.72717 0.00133818 0.00957126 0.999953 4.28447
0.99989 0.014372 -0.00360059 -240.827 -0.0144025 0.999859 -0.00860107 2.75739 0.00347647 0.00865198 0.999957 4.30767
0.999879 0.014801 -0.00480074 -242.233 -0.0148399 0.999856 -0.00817876 2.77389 0.00467899 0.00824901 0.999955 4.33597
0.999884 0.0143407 -0.00513485 -243.633 -0.0143878 0.999854 -0.00925044 2.80462 0.00500144 0.00932325 0.999944 4.36577
0.99989 0.0141059 -0.00460574 -245.069 -0.0141494 0.999854 -0.00957054 2.82223 0.00447007 0.00963465 0.999944 4.38369
0.999891 0.0142569 -0.00371538 -246.477 -0.0142919 0.999852 -0.00958112 2.8422 0.00357824 0.00963318 0.999947 4.40804
0.999888 0.0143565 -0.00428583 -247.857 -0.014397 0.999851 -0.00957194 2.86607 0.00414777 0.00963256 0.999945 4.43285
0.999868 0.0151275 -0.00599719 -249.258 -0.0151888 0.999831 -0.0103116 2.88812 0.00584019 0.0104013 0.999929 4.46728
0.999867 0.0151461 -0.00596665 -250.668 -0.0152012 0.999841 -0.00929919 2.91697 0.00582485 0.00938866 0.999939 4.4912
0.999861 0.0154297 -0.00626521 -252.076 -0.0154791 0.999849 -0.00791329 2.9319 0.00614216 0.00800917 0.999949 4.51947
