1.000000000000000000e+00 0.000000000000000000e+00 0.000000000000000000e+00 0.000000000000000000e+00 0.000000000000000000e+00 1.000000000000000000e+00 0.000000000000000000e+00 0.000000000000000000e+00 0.000000000000000000e+00 0.000000000000000000e+00 1.000000000000000000e+00 0.000000000000000000e+00
9.999999993575460211e-01 3.738188519924884188e-05 -6.958617434744542398e-05 2.674081100528408108e-03 -3.737860820328774820e-05 9.999999977303511978e-01 8.226532414700312931e-05 9.391340612283180945e-04 6.958781391823150135e-05 -8.226468873794061864e-05 9.999999973976108070e-01 -4.608044134030733719e-05
1.000000005403116399e+00 3.528669672307977666e-05 -2.918772302388396555e-05 2.737764648946255409e-03 -3.528721290208481287e-05 9.999999924683447006e-01 1.374577991951287314e-04 1.625179124533991876e-03 2.919047079538896126e-05 -1.374611084908337660e-04 9.999999972239314028e-01 -3.155807110380767083e-04
1.000000002543590671e+00 -9.486046211675859281e-05 -3.420793353173236298e-06 -3.350558562293287136e-04 9.485671833426568796e-05 9.999999861258919154e-01 1.704415073950336392e-04 1.709489454501390534e-03 3.401755342504711973e-06 -1.704464470380993965e-04 9.999999947156849034e-01 -1.071024544261343957e-03
1.000000002141293143e+00 -1.152644770427797084e-04 2.199396048258942592e-05 -1.675422013325766468e-03 1.152586073132000414e-04 9.999999961221860412e-01 1.046168587930220638e-04 5.538622282429502735e-04 -2.200596892539205822e-05 -1.046199213312866899e-04 1.000000004959429756e+00 -1.012748367968650722e-03
9.999999922307540867e-01 -1.813200435841782099e-04 -6.457601415695905203e-05 -1.081267673522107132e-03 1.813291714213293999e-04 9.999999725377698434e-01 2.025784780461898163e-04 -2.061244030945721191e-04 6.453932912158451859e-05 -2.025969129954281029e-04 9.999999887954533762e-01 -7.633216000196099173e-04
1.000000004650675400e+00 -1.151747389009040234e-04 5.194514474842815334e-05 6.648071087941531091e-05 1.151558068177902623e-04 9.999999665651564396e-01 2.779938230288834687e-04 2.016908524755239569e-04 -5.197507346667072463e-05 -2.779936654960270259e-04 9.999999721426943156e-01 -1.361424670303202234e-03
1.000000011477834905e+00 1.971045172138430657e-05 5.811477015946442089e-05 1.495643882056422319e-03 -1.972495567748847636e-05 9.999999955054790224e-01 1.892796479509008213e-04 1.244008293929987777e-03 -5.810749812992154563e-05 -1.892870545895917501e-04 9.999999940475977622e-01 -1.193876948543684752e-03
1.000000013580909508e+00 -1.088092765830939703e-05 -2.291183465824122556e-05 1.405484375314896379e-03 1.087844174794861319e-05 1.000000014283918492e+00 2.094217074366174985e-05 -1.921189149526741642e-04 2.291442538705404348e-05 -2.094817124249093786e-05 1.000000014013329164e+00 -4.467489054322195015e-04
1.000000007774707766e+00 -1.172797588890145089e-04 6.340825650548597834e-06 -3.862310148594039726e-04 1.172763465301566272e-04 9.999999914839797777e-01 1.939995267144621496e-04 -4.012893532467364270e-04 -6.358529918906337623e-06 -1.940050135239138377e-04 9.999999976899579535e-01 -2.082295654489094172e-04
1.000000007658666146e+00 -8.971573860072809515e-05 -1.293247493700841304e-04 -2.199474513452709043e-04 8.974265575550044677e-05 9.999999871947634622e-01 2.320926197630112969e-04 7.418149925513210091e-04 1.293089937968673793e-04 -2.321136778312735236e-04 9.999999862268331707e-01 -7.374586804477075916e-04
9.999999968435944186e-01 -2.025650431930850977e-05 -2.288167884698311865e-04 1.316807849417074789e-03 2.029461399205588680e-05 1.000000008134019680e+00 1.669771723969423272e-04 2.174310835418014759e-03 2.288224312458009768e-04 -1.669939576743973222e-04 9.999999855162114981e-01 -9.954610298719278501e-04
1.000000015160736222e+00 6.876950801651387092e-05 -1.198068964013832542e-04 4.065532002483616568e-04 -6.875739460497454312e-05 1.000000014666477810e+00 1.043718871562254833e-04 8.178947825090524546e-04 1.198229990339233156e-04 -1.043765672585913280e-04 1.000000014456412289e+00 -6.819775932170931299e-04
1.000000023669652682e+00 -5.918988608555132610e-05 2.887165707881194249e-05 -1.286286432609822514e-03 5.918727411490076859e-05 1.000000018325757800e+00 8.010298889600635513e-05 -3.508666139447763903e-04 -2.886720777766061633e-05 -8.011519172111634664e-05 1.000000024180996094e+00 -1.245623729917671020e-04
1.000000012517991976e+00 -1.643633443043833421e-04 1.312075596445838177e-05 -1.632079016966346335e-03 1.643609554661875109e-04 1.000000000575013592e+00 1.379846258272851350e-04 -1.379643868404395544e-03 -1.313418733310455782e-05 -1.379962585207232051e-04 1.000000018503752086e+00 -1.499199455178063152e-04
1.000000021055230226e+00 -1.155831339531733769e-04 5.819452351140261442e-06 -1.270098255440854770e-03 1.155812442512128054e-04 1.000000003162624607e+00 1.776488950967665403e-04 -5.194836281386410902e-04 -5.832375405282903802e-06 -1.776627261217404339e-04 1.000000013036409507e+00 -4.156509844764489769e-04
1.000000017953682985e+00 -2.130789279086176544e-05 -1.456040970381936939e-04 2.963032985858067537e-05 2.133543024506521669e-05 1.000000006511875261e+00 1.964597182619522316e-04 2.599804538345417988e-03 1.456074020167579268e-04 -1.964782814467240925e-04 9.999999996601345309e-01 -2.282549437108976763e-04
1.000000001374789615e+00 -4.358739493035103044e-05 -2.422116381390295088e-04 6.056875638404445386e-04 4.363284658104202930e-05 1.000000007862916540e+00 1.880451184141386490e-04 1.194633534795973848e-03 2.422105576755859406e-04 -1.880698450827287486e-04 9.999999853365048041e-01 1.423480436041270499e-04
1.000000021124451743e+00 -6.975399175685258028e-05 -1.406993588978885294e-04 -2.234277771298796812e-04 6.975992340410360902e-05 1.000000023013822625e+00 5.350034687343347263e-05 -2.987241491953211855e-04 1.407026145586970725e-04 -5.352465779673148407e-05 1.000000023167398222e+00 1.314840933347397208e-04
1.000000033690975121e+00 -4.466538938103060547e-07 5.254201296629155812e-06 4.756755482482321338e-04 4.451570032432370298e-07 1.000000027053369323e+00 1.119525880319914247e-05 6.017245732052329404e-04 -5.247226916909280703e-06 -1.120962037895620641e-05 1.000000034864690690e+00 1.193893693790773383e-04
1.000000034143073702e+00 2.452549207954396522e-05 -3.488003375806112745e-06 -6.616310627393734651e-05 -2.452885087898942830e-05 1.000000027969686345e+00 4.491012285332864740e-05 8.600236021654619322e-04 3.495573385558785892e-06 -4.492459814838195234e-05 1.000000036463393194e+00 -5.314121823143933441e-08
1.000000026650913032e+00 -2.231215195577935576e-05 -1.308908961094996622e-04 8.654394237313282022e-04 2.232668965051836000e-05 1.000000019379692295e+00 1.429157668710137358e-04 -3.145957082019242750e-04 1.308946179511081957e-04 -1.429324701962742157e-04 1.000000019613154656e+00 -8.448430724984214526e-05
1.000000013435013768e+00 -1.486828457325120687e-04 -1.503265898080390485e-04 -3.336766342591193819e-04 1.486917116143967254e-04 1.000000015615096105e+00 8.651163909616512121e-05 -8.513472014106788447e-04 1.503200785392375702e-04 -8.654778927761244797e-05 1.000000023730334142e+00 9.995015059137861760e-05
1.000000025178348517e+00 -1.134706593235712535e-04 -1.099004260819592266e-04 -9.426097512225669684e-04 1.134818017460473527e-04 1.000000018020757997e+00 1.255147130929330009e-04 2.140505106126062594e-04 1.098907222132985848e-04 -1.255391729895810257e-04 1.000000026408567999e+00 4.294043901534909868e-04
1.000000032428974173e+00 -7.490073141603566579e-05 -8.531952646032229105e-05 -3.510625856756495466e-05 7.490386143966401111e-05 1.000000027929976776e+00 7.887361492911681103e-05 1.045109618969338036e-03 8.531958690606195896e-05 -7.889092805609067467e-05 1.000000034671380655e+00 -3.122997075229847386e-04
1.000000028034465860e+00 -1.218264107531016660e-04 -9.158994267810803861e-05 -2.092757789269728127e-04 1.218287435695054877e-04 1.000000025147454341e+00 6.427374878849315067e-05 6.771530137711931699e-04 9.158773872567782667e-05 -6.429557524116167753e-05 1.000000035239936969e+00 -1.948737290545797301e-04
1.000000031643498488e+00 -9.418683045495185812e-05 -9.185055908875112182e-05 -1.260699291203020193e-04 9.419983608916462816e-05 1.000000019371004578e+00 1.782197681669045930e-04 7.954651115325443505e-04 9.183628595354309087e-05 -1.782390474280534133e-04 1.000000025838182038e+00 -6.172135200156759745e-05
1.000000037656831653e+00 -4.485971538226388318e-05 -7.938795023807230069e-05 -2.041870642247280902e-04 4.486667766430449362e-05 1.000000032737458522e+00 1.341014731107312784e-04 1.202286159440634850e-03 7.938738706544464137e-05 -1.341153743691860954e-04 1.000000035391722220e+00 -5.318790071967954272e-04
1.000000035009449562e+00 1.129887456424279013e-05 -1.165515891449867046e-04 1.896856222641466611e-04 -1.129995242462045462e-05 1.000000042733561578e+00 2.142443473840600728e-05 1.194183728213663118e-03 1.165573858973136044e-04 -2.143347520851581736e-05 1.000000040778667998e+00 -3.542866701323304211e-04
1.000000035775486573e+00 4.128144350569685545e-05 -1.049807308172608485e-04 1.992314106332965240e-03 -4.127419860752963110e-05 1.000000039634498794e+00 9.817314094705582189e-05 1.513181376852339589e-04 1.049901358176302503e-04 -9.817921185181040981e-05 1.000000039643253347e+00 -1.122005415005399134e-04
1.000000026692657418e+00 1.056961029460982122e-05 -1.972094573918171045e-04 1.663935306985177146e-03 -1.055926625891449325e-05 1.000000044702207269e+00 6.715059415745430814e-05 -4.426713818762177720e-04 1.972155010626318306e-04 -6.715563207921578035e-05 1.000000031452215721e+00 -2.237268643751336085e-04
1.000000025353131150e+00 -7.682591484090064971e-05 -2.049760004459538450e-04 -2.054645153052998244e-04 7.683558357981769499e-05 1.000000045162087181e+00 6.068864449129938467e-05 -5.958317485433568643e-04 2.049771517959921572e-04 -6.071203280531369976e-05 1.000000030605324053e+00 -4.924435996500862740e-04
1.000000044329864002e+00 -8.171172102031840588e-05 -6.874717206822998259e-05 -1.637579915174973899e-03 8.171240000901608348e-05 1.000000045846414665e+00 4.265965396298525145e-05 9.138843151490066161e-04 6.874938089851988026e-05 -4.267259705392919910e-05 1.000000050963298026e+00 -5.841147191306802957e-04
1.000000041668041684e+00 -8.473881074048574674e-05 -9.839238717068650485e-05 -3.430377488399724280e-04 8.472473225888312455e-05 1.000000039520474449e+00 -1.194583267973556631e-04 8.080543770607794083e-04 9.840810308220672149e-05 1.194426059820733442e-04 1.000000042422000801e+00 -1.211885727668075944e-04
1.000000010285792440e+00 -2.019584493611937019e-04 -2.003164530893247644e-04 -1.096806077352676647e-03 2.019281184398842653e-04 1.000000021458831156e+00 -1.381755234451541216e-04 -2.091321647912217140e-04 2.003497056542920545e-04 1.381281850410298650e-04 1.000000026046397261e+00 1.058624182923363502e-03
9.999999769574204889e-01 -1.112842439799087050e-04 -3.731095927750706148e-04 -8.868584920876276161e-04 1.112775714385126369e-04 1.000000047540597237e+00 -1.045999625080119445e-05 9.420052878936829507e-04 3.731139453324061627e-04 1.041095936092734766e-05 9.999999878477578985e-01 7.413496578765324183e-04
1.000000035745230109e+00 -1.078136153222143943e-05 -1.963262177312670475e-04 1.662875970197754294e-04 1.076643311915772635e-05 1.000000052563110087e+00 -6.220846945816244642e-05 1.079588470610499821e-03 1.963303746527864547e-04 6.220056931074765421e-05 1.000000038182726758e+00 -7.547089413668829757e-04
1.000000051814752045e+00 -6.130408047045824002e-05 -6.588859526600954273e-05 -1.557061142319685976e-03 6.128463204327346339e-05 1.000000025768745582e+00 -2.357764095723149337e-04 6.941977231667848316e-04 6.590652312024941812e-05 2.357663671735138618e-04 1.000000030945692675e+00 -1.195606040356782035e-03
1.000000017969300714e+00 -2.538021062645794319e-05 -2.783140048606400942e-04 -8.920157371390126074e-04 2.526264454311774062e-05 9.999999744801456592e-01 -4.044776509443387793e-04 -6.303459515599581448e-04 2.783277730228102395e-04 4.044647057573880732e-04 9.999999425324476165e-01 -6.863605855408296983e-04
9.999995938875809731e-01 8.275120279965038524e-05 -9.598380266669763201e-04 7.140777189791273905e-03 -8.307862697732405549e-05 9.999999999839311871e-01 -3.363348436317423001e-04 -3.848216253848757017e-04 9.598143858262595278e-04 3.364082209071293491e-04 9.999995499601869176e-01 -4.468962302727707935e-05
9.999986968402513332e-01 3.477786782097115658e-04 -1.613556264847314367e-03 2.102852021544534752e-02 -3.483815631165346682e-04 9.999999308468734416e-01 -3.706951280348424809e-04 -8.343551826017419444e-04 1.613431523494665608e-03 3.712496682108201544e-04 9.999986976336612265e-01 -7.632780937723078094e-05
9.999977881670033542e-01 8.449577495892678482e-04 -1.956846838193011893e-03 4.248344307891704225e-02 -8.455265083258234728e-04 9.999996619223276983e-01 -2.877324073435056219e-04 -1.855371417163007670e-03 1.956607617430101368e-03 2.893787047641134622e-04 9.999981123478745015e-01 1.328122260123518802e-03
9.999972645112024106e-01 1.718995579771890941e-03 -1.624685705366473842e-03 7.065503769124548139e-02 -1.719312911247626368e-03 9.999985658418057977e-01 -1.910557426556619355e-04 -1.296917142629964124e-03 1.624360254321868292e-03 1.938429025460985456e-04 9.999987312366072079e-01 2.066670171508559143e-03
9.999961626551058247e-01 2.686871778474442859e-03 -7.665482279486056632e-04 1.033042003982681256e-01 -2.687250118040299292e-03 9.999963353673756439e-01 -4.875511253311316166e-04 -1.522716757652631085e-03 7.652405822998235244e-04 4.896077068779658599e-04 9.999996597468367998e-01 1.864903777643206776e-03
9.999914565806451439e-01 4.139609463421089521e-03 -2.919583014362894346e-04 1.433674813800497327e-01 -4.139892392946414174e-03 9.999910347777147823e-01 -9.613213851108399263e-04 -3.133838206668050630e-03 2.879808400379881353e-04 9.625205308790804083e-04 9.999995679818630689e-01 2.948598136206215335e-03
9.999834550070905159e-01 5.761105555945638355e-03 -2.088606216884845491e-04 1.906830381778063521e-01 -5.761341585091185255e-03 9.999828367246053062e-01 -1.129204952172489914e-03 -5.917220651456436484e-03 2.023582197178769521e-04 1.130386838127645345e-03 9.999994137736110122e-01 3.851788834409563232e-03
9.999717410945534457e-01 7.503526815068627988e-03 -6.038208408869253328e-04 2.410453368413121300e-01 -7.504487037920774817e-03 9.999706360258058258e-01 -1.598774177498695284e-03 -7.138051434810025082e-03 5.918138302418689137e-04 1.603254679888444509e-03 9.999986142054537730e-01 6.099720801529187955e-03
9.999552745407948029e-01 9.428400084358728311e-03 -8.426909036150356585e-04 2.970805764362620671e-01 -9.430002624406593967e-03 9.999537800411663069e-01 -1.913840430087018719e-03 -7.676098486086802876e-03 8.246136881220765460e-04 1.921693291119852542e-03 9.999978893824679194e-01 9.921477792667566728e-03
9.999334002266559995e-01 1.151130543483126767e-02 -9.182108556522651120e-04 3.619202531330650841e-01 -1.151282075706245960e-02 9.999324273973507760e-01 -1.657782827361146830e-03 -5.538347149581450413e-03 8.990705987475034779e-04 1.668234781980004831e-03 9.999982806846698935e-01 1.314857231986220863e-02
9.999133515346876333e-01 1.316795683838152022e-02 -2.333052977156673891e-04 4.311940650961001431e-01 -1.316810019438365877e-02 9.999131855748181197e-01 -6.157468369080876681e-04 -7.046216964920325176e-03 2.251811312206032829e-04 6.187573780253000262e-04 9.999998622222450173e-01 1.333652484387272061e-02
9.998939939522680787e-01 1.456185925568898552e-02 3.432471585282040479e-04 5.030937381675069098e-01 -1.456179787865226338e-02 9.998940369604940592e-01 -1.752448201955268030e-04 -1.304278803755683745e-02 -3.457564005580720233e-04 1.702178485166854762e-04 1.000000008525907091e+00 1.242797040944175653e-02
9.998661705196920657e-01 1.633123414775270940e-02 1.048029032538214979e-03 5.851924904731354848e-01 -1.633122199608926309e-02 9.998667181230190826e-01 -1.796321125315297867e-05 -1.620136775546827598e-02 -1.048176899112334337e-03 8.357734529917116282e-07 9.999995342840061197e-01 1.252647651968401277e-02
9.998257301990842727e-01 1.853972345315196835e-02 2.226412478556944602e-03 6.809236842517908395e-01 -1.853922530809861899e-02 9.998281867149052538e-01 -2.439592721791641352e-04 -2.011379795894387840e-02 -2.230546248471276024e-03 2.026321786044877607e-04 9.999975773459990336e-01 1.497292786543939942e-02
9.997904719594892242e-01 2.018325848102587791e-02 3.437898511316401541e-03 7.767516121789243000e-01 -2.018009484303943946e-02 9.997959909997862216e-01 -9.524653781213487892e-04 -2.463507825885244765e-02 -3.456413806037954457e-03 8.828809439436476969e-04 9.999937232370893492e-01 1.946370336561195624e-02
9.997602177907276566e-01 2.160709314918327073e-02 3.579492767022095668e-03 8.717605990528524140e-01 -2.160353957036266828e-02 9.997661708097860256e-01 -1.028629084599448846e-03 -2.740542652309972682e-02 -3.600874177088907776e-03 9.510451443433960402e-04 9.999931517873866804e-01 2.393586916845775667e-02
9.997244646213099273e-01 2.328687407901244150e-02 2.981522936815925520e-03 9.721778113831049950e-01 -2.328490092030244263e-02 9.997287125888986159e-01 -6.953804046918164077e-04 -2.894616940307761371e-02 -2.996899965340772080e-03 6.257568694906186007e-04 9.999954019214503109e-01 2.320898601221955612e-02
9.996844330831078373e-01 2.496612014097404630e-02 2.811472240106072367e-03 1.081549888843287510e+00 -2.496605111102430039e-02 9.996883854252476276e-01 -6.178692877362249860e-05 -3.324129291119295310e-02 -2.812132654241843600e-03 -8.432628654788161960e-06 9.999961391834398805e-01 2.014795139855504388e-02
9.996480949242607661e-01 2.630904585635715498e-02 3.420443264017357897e-03 1.195762547733906889e+00 -2.630771247029884199e-02 9.996538879156595669e-01 -4.368019093267324097e-04 -4.069734909093514208e-02 -3.430745508573603605e-03 3.466552143064598602e-04 9.999941519575642479e-01 2.143906199559120554e-02
9.996031547831464303e-01 2.788163132373120898e-02 4.041032966088451382e-03 1.311190164975108985e+00 -2.787553312880617501e-02 9.996102800146766665e-01 -1.561157367878657524e-03 -4.375561900279305999e-02 -4.082977478586716051e-03 1.447884134861741326e-03 9.999907207001670351e-01 2.693218228217826235e-02
9.995612867319665362e-01 2.934781255893937138e-02 4.015321885868095540e-03 1.433505281297394740e+00 -2.933968440042741127e-02 9.995674487738605007e-01 -2.071944704933458004e-03 -4.833005491909721230e-02 -4.074383752913454670e-03 1.953219455817485281e-03 9.999898966036495640e-01 3.216282752358620711e-02
9.995144217097099437e-01 3.096423068261747180e-02 3.511460217172498403e-03 1.565175570034344377e+00 -3.095812678300361234e-02 9.995191887908642103e-01 -1.783601461000140949e-03 -5.337652088634175368e-02 -3.564991420962839233e-03 1.674016699955763448e-03 9.999923535666569441e-01 3.228118877195918640e-02
9.994621399562332309e-01 3.267201504170400700e-02 2.859005101161698776e-03 1.699154177531952303e+00 -3.266881713024602507e-02 9.994656531974661640e-01 -1.165277975242314575e-03 -5.921211007483795363e-02 -2.895542622320408394e-03 1.071237909518700212e-03 9.999953501548000112e-01 2.857426437838112704e-02
9.994167819482264736e-01 3.412020512580279941e-02 1.454976962803911653e-03 1.831052770612480174e+00 -3.411973930879073219e-02 9.994177930555252498e-01 -3.613937941605435884e-04 -6.385861725384495147e-02 -1.466454346347167374e-03 3.115253620962664871e-04 9.999989994685806183e-01 2.804776446339798598e-02
9.993571055207006726e-01 3.584528686337220410e-02 -8.425124754033667517e-04 1.977122062215865617e+00 -3.584494394111471804e-02 9.993573685521313088e-01 4.517152920474770705e-04 -6.723389110680612346e-02 8.581696094981987539e-04 -4.212387694342660787e-04 9.999996713844140350e-01 2.799722643480826237e-02
9.992798092778980568e-01 3.786403602744863733e-02 -2.529459024472728926e-03 2.124158259221271106e+00 -3.786264666055021155e-02 9.992828768980688281e-01 6.060472455245039056e-04 -7.088104004254232315e-02 2.550599052657449763e-03 -5.098530181413113687e-04 9.999967468291109940e-01 2.658702742736409816e-02
9.992239990347780987e-01 3.917934082089155612e-02 -4.074728068854008983e-03 2.266842137055896433e+00 -3.917885882654091600e-02 9.992323021708460207e-01 2.045017225390898376e-04 -7.868332714956623175e-02 4.079617060137018421e-03 -4.471243567114686554e-05 9.999918091677651999e-01 2.374021737822402597e-02
9.991983858342509128e-01 3.972487984021576962e-02 -4.974574524199747681e-03 2.407008834663889818e+00 -3.972944240976754304e-02 9.992102510613438682e-01 -8.161623501872311516e-04 -8.964866645658650657e-02 4.938228137680369945e-03 1.013131471356249402e-03 9.999874271144923998e-01 2.410874104591249206e-02
9.991507118903635298e-01 4.091909715102180767e-02 -4.869717407135508436e-03 2.544951892402979698e+00 -4.092830383814356765e-02 9.991605788573084679e-01 -1.799443134322054961e-03 -1.031041459979326336e-01 4.792001033828033850e-03 1.997209158336322142e-03 9.999866622428181806e-01 2.753484986148065430e-02
9.990721578128497482e-01 4.285509611478340031e-02 -4.301344964938344853e-03 2.688222832588650579e+00 -4.286517870934532931e-02 9.990784000393589936e-01 -2.271153377467960248e-03 -1.085556629131703699e-01 4.200054872465050666e-03 2.453410760855655008e-03 9.999883128853538361e-01 3.066126972455291907e-02
9.990327715797862052e-01 4.378000911025774211e-02 -4.131722265220134048e-03 2.833779462811994776e+00 -4.379080806304327944e-02 9.990375809125841000e-01 -2.551227683264927805e-03 -1.112985586970001300e-01 4.016057494672209405e-03 2.729677887740619095e-03 9.999883537586478077e-01 3.020722478793757756e-02
9.990147930131626497e-01 4.413576636167088757e-02 -4.660645513063982510e-03 2.971315770575332138e+00 -4.415533101547567535e-02 9.990160788794382185e-01 -4.173384153629646799e-03 -1.215552195220669374e-01 4.471867406333933544e-03 4.375048664228884873e-03 9.999805755457766843e-01 2.834830644799169949e-02
9.989409887371997199e-01 4.570658592357245559e-02 -5.296569180758530643e-03 3.110899135854967579e+00 -4.573653703286352512e-02 9.989375568287935936e-01 -5.671274562479081127e-03 -1.330708548579231099e-01 5.031730356952564612e-03 5.907499214072404851e-03 9.999700362695886913e-01 3.471536289605484105e-02
9.988397656023347837e-01 4.783276880922369273e-02 -5.603110442180216609e-03 3.253698563290563062e+00 -4.786147234227412089e-02 9.988410894776126314e-01 -5.098646365592272682e-03 -1.382112249861544295e-01 5.352736613577865031e-03 5.360887125029821509e-03 9.999714500857637134e-01 4.284208270021289816e-02
9.987780262059378078e-01 4.899077272550687867e-02 -6.527446789796999618e-03 3.396033049735904807e+00 -4.901303726579641501e-02 9.987928442593074774e-01 -3.289162278239435386e-03 -1.425036660108819908e-01 6.358431344636173224e-03 3.605057318667655684e-03 9.999734355106761896e-01 4.384108831890949631e-02
9.987246093121082691e-01 4.986388712363631903e-02 -7.937153684990252631e-03 3.536653873592798814e+00 -4.986743406535899814e-02 9.987559376689697510e-01 -2.440745019683431341e-04 -1.478284292740932038e-01 7.915111719706796611e-03 6.395536029688175155e-04 9.999686209041339646e-01 3.927073306072083325e-02
9.986606864544486095e-01 5.105823913199860481e-02 -8.374996742022350685e-03 3.678107953288767717e+00 -5.105506296310683562e-02 9.986957830010759762e-01 5.978483132279795772e-04 -1.546320819343527941e-01 8.394601946565516740e-03 -1.694765867395675238e-04 9.999649009034488056e-01 3.339233528432383746e-02
9.986051879333419645e-01 5.223592508810664947e-02 -7.703222655572470462e-03 3.819265482966970104e+00 -5.225635380295904492e-02 9.986307742444946456e-01 -2.469011975860298941e-03 -1.638700439715012336e-01 7.563707956589805007e-03 2.868096129534825241e-03 9.999674334951929033e-01 3.827747045336380577e-02
9.985502225306595037e-01 5.335258758323086631e-02 -7.156282446874938884e-03 3.958538519497672326e+00 -5.339503591019942319e-02 9.985563381971878094e-01 -5.870432913361593903e-03 -1.775883330969378615e-01 6.832752525799244518e-03 6.244017488537371291e-03 9.999573195656759061e-01 5.159929522393206375e-02
9.984456645070359793e-01 5.517313653262183315e-02 -7.902200820274790649e-03 4.100321473881688661e+00 -5.522359008573582417e-02 9.984542129549144329e-01 -6.308633636116532835e-03 -1.853369885780057624e-01 7.541920116694487107e-03 6.735198255915511405e-03 9.999490360031556557e-01 5.843190306893566305e-02
9.982678216599035759e-01 5.811512809083169140e-02 -9.179014838861528081e-03 4.238755030766719223e+00 -5.815065814136156919e-02 9.983012889085560726e-01 -3.646525446691149201e-03 -1.910739024589531709e-01 8.951505377904362543e-03 4.173957334176285443e-03 9.999513830983680629e-01 5.438584132256935044e-02
9.978900453992571862e-01 6.418061604562334821e-02 -9.827411395977493289e-03 4.374570615750248415e+00 -6.418210159366689871e-02 9.979383220492507034e-01 1.697696997318752054e-04 -2.017748444360066284e-01 9.818046861550962928e-03 4.613138253081615803e-04 9.999518558323101658e-01 4.735307991059193450e-02
9.971878472397156523e-01 7.439792499779607216e-02 -9.034389404122485784e-03 4.511263915134813729e+00 -7.438675447042696065e-02 9.972283619369051166e-01 1.572437660830192313e-03 -2.212375773621221842e-01 9.126336917589685307e-03 -8.959945539930337394e-04 9.999581134449834208e-01 4.553604711915528597e-02
9.960534290703818572e-01 8.841910579138302639e-02 -7.739896456645882147e-03 4.648566685266338538e+00 -8.842379022585766801e-02 9.960830479520595970e-01 -2.576722100002258901e-04 -2.471346595144128244e-01 7.686798820629693434e-03 9.410290517951401361e-04 9.999701743218345484e-01 5.149097572960212310e-02
9.943853981481186599e-01 1.055561886416061662e-01 -7.473362009881524305e-03 4.785092749949920510e+00 -1.055715698185868551e-01 9.944104154004190788e-01 -1.686171151691245049e-03 -2.736561368672792982e-01 7.253605792605451533e-03 2.465661040679993730e-03 9.999708134557134809e-01 6.129936227160470014e-02
9.920786418695035636e-01 1.253700396144457330e-01 -7.912498576882328813e-03 4.916139262766315632e+00 -1.253790495161413721e-01 9.921088444872570022e-01 -6.444322436405910048e-04 -3.065886098115173097e-01 7.769267959690659246e-03 1.631370684634966383e-03 9.999686497272556318e-01 6.405475129267106105e-02
9.888853391461115416e-01 1.484771206171150715e-01 -7.786289047706888844e-03 5.048763918171820464e+00 -1.484761431730651504e-01 9.889158794077943515e-01 7.133292830038231351e-04 -3.459756555077641571e-01 7.805897193741638193e-03 4.506580581495257158e-04 9.999695939491117791e-01 6.095603131444129325e-02
9.846001845490247595e-01 1.746498651367836830e-01 -7.759307060340147819e-03 5.176693617945110404e+00 -1.746509321807423742e-01 9.846304121875030235e-01 5.517367877515813503e-04 -3.920430385107134819e-01 7.736406475018164919e-03 8.119122360639206100e-04 9.999699069415792785e-01 6.048542918237976435e-02
9.791762671864924217e-01 2.028574114689914720e-01 -7.938680035245105487e-03 5.303086846313864733e+00 -2.028646268484924353e-01 9.792069456787499959e-01 -9.938549629670804673e-05 -4.456403578964501788e-01 7.753445574441111300e-03 1.707772878409228798e-03 9.999686467945453350e-01 6.522972010730429537e-02
9.724261144853764138e-01 2.330832149955626709e-01 -7.745367795314231536e-03 5.430637845846934653e+00 -2.330935738150053116e-01 9.724543734930830574e-01 -4.433219107602248796e-04 -5.022334279761903053e-01 7.428680704857970607e-03 2.236472174383932407e-03 9.999700697519692261e-01 6.955018563505420415e-02
9.644674640223823703e-01 2.640854310842780661e-01 -7.856585294810440948e-03 5.555867991476822532e+00 -2.641020315378792560e-01 9.644942527934058374e-01 -1.130646484305744288e-03 -5.640785385184777789e-01 7.279039253505541381e-03 3.165388808839058113e-03 9.999686617454872639e-01 6.997077110369352704e-02
9.552427672294031558e-01 2.957056339650414589e-01 -8.352994544610347141e-03 5.677296926902843488e+00 -2.957311823509745641e-01 9.552693343535644255e-01 -1.974879065955870237e-03 -6.340003777570502042e-01 7.395374307528299399e-03 4.356704852072714775e-03 9.999633278464230557e-01 7.084933054059709689e-02
9.442028955005817847e-01 3.292538359162076045e-01 -8.552573019476322411e-03 5.796388003278316603e+00 -3.292880592214636470e-01 9.442251967762398390e-01 -2.913489060074119733e-03 -7.084006782396417012e-01 7.116275923979122411e-03 5.567157843544379842e-03 9.999593472858642196e-01 7.438953345486841451e-02
9.316950326225431622e-01 3.631382882870661799e-01 -8.677811972857857326e-03 5.912136274265461289e+00 -3.631787293981341702e-01 9.317127438296171071e-01 -3.594714397387528421e-03 -7.909759595466319126e-01 6.779846743111137691e-03 6.500747598029544584e-03 9.999560516923808873e-01 7.615409254211334689e-02
9.179942624868840939e-01 3.964876087921447856e-01 -9.190511749506389411e-03 6.027806446049386757e+00 -3.965331988092488658e-01 9.180129458744465953e-01 -3.741979362269638645e-03 -8.753878811602424648e-01 6.953358581264246566e-03 7.079431557209936790e-03 9.999509309945805446e-01 7.700793836525199332e-02
9.032492273137703309e-01 4.290060587308409112e-01 -9.746533228016539610e-03 6.143519643885199777e+00 -4.290574109993498531e-01 9.032690854080469567e-01 -3.879542942140024996e-03 -9.624421517824623962e-01 7.139395541652235853e-03 7.685988672452335503e-03 9.999451422651602917e-01 7.716072199339540916e-02
8.874213699376047870e-01 4.608546593007017966e-01 -9.831715563392653262e-03 6.257134443238197008e+00 -4.609161300781108861e-01 8.874286610142428922e-01 -5.201318811529328894e-03 -1.054931898605204532e+00 6.327894662860031327e-03 9.147329577875569495e-03 9.999383068450523604e-01 7.954579296537153676e-02
8.708320654641732439e-01 4.914718027717108195e-01 -1.036096802342355468e-02 6.368252445555608432e+00 -4.915472200249045298e-01 8.708259348421506507e-01 -6.624531452668354532e-03 -1.154949025557248099e+00 5.766829964083281315e-03 1.086173099735120856e-02 9.999245473932821815e-01 8.095368812693952421e-02
8.536632180616053889e-01 5.207024483602260556e-01 -1.133348850098282561e-02 6.477303536716180865e+00 -5.207895707513967576e-01 8.536583761118134994e-01 -6.780103292989119942e-03 -1.256066405947891207e+00 6.144510350567978021e-03 1.169026190946497075e-02 9.999129560234185643e-01 8.318364426075089413e-02
8.367463633694657288e-01 5.474885229381545315e-01 -1.059364145740713387e-02 6.584814495145947078e+00 -5.475631238055107541e-01 8.367424400396069606e-01 -6.090240152487750094e-03 -1.355953916032912598e+00 5.529814222500641259e-03 1.089664758610256468e-02 9.999255080933694417e-01 8.744874060173053743e-02
8.195969510892068266e-01 5.728677144130855936e-01 -9.154722843685739880e-03 6.688593056782143442e+00 -5.729266206084366875e-01 8.195846671196470590e-01 -6.036708026895521405e-03 -1.452419054662535070e+00 4.044839123977955232e-03 1.019262533061295224e-02 9.999400422181483616e-01 8.560178437706417176e-02
8.002130310880984920e-01 5.996658383915971502e-01 -7.770753358200370442e-03 6.783402101008316976e+00 -5.997097767528829504e-01 8.001972864361064364e-01 -5.733061462710273976e-03 -1.549410935884723672e+00 2.780220407287067267e-03 9.247840055687855595e-03 9.999535459613475563e-01 8.176520679080771792e-02
7.785261301711476900e-01 6.275572511633080719e-01 -8.328659777471264861e-03 6.861074903607533138e+00 -6.276068014357956137e-01 7.785072065818340326e-01 -6.051363058195867103e-03 -1.658435683285209850e+00 2.686353040318011781e-03 9.938238068014968937e-03 9.999471807432689374e-01 7.623410469691807578e-02
7.563925326309717256e-01 6.540419301369519989e-01 -9.994861386196447067e-03 6.933610615063044769e+00 -6.541131270886330062e-01 7.563591037403015749e-01 -7.570400199326679860e-03 -1.776291065440882999e+00 2.608355146117639391e-03 1.226393393821336407e-02 9.999215683707011193e-01 8.056273230955705855e-02
7.355692873751300542e-01 6.773492944229907442e-01 -1.166903407542027940e-02 7.001912118495409842e+00 -6.774464849120697130e-01 7.355106282594112699e-01 -9.527080922655809664e-03 -1.888133641328443302e+00 2.129546782927462835e-03 1.491294417249054184e-02 9.998867039970940063e-01 8.911858291391908105e-02
7.150419438642177106e-01 6.989886766252273453e-01 -1.141357901688975530e-02 7.069597845002317804e+00 -6.990811950345034997e-01 7.149688207641375914e-01 -1.026982932800840805e-02 -1.983498481159139848e+00 9.818685842528174570e-04 1.532234717283429727e-02 9.998822999122883859e-01 9.390346828030521342e-02
6.940033415954024454e-01 7.198862499971624418e-01 -1.111645620868696727e-02 7.133478770873930230e+00 -7.199712179872611584e-01 6.939439236960172064e-01 -9.147807883151472946e-03 -2.072935971162924940e+00 1.128828371083699048e-03 1.435210777285352186e-02 9.998965423640840955e-01 8.744431059307812559e-02
6.724509797668364319e-01 7.400600696167524140e-01 -1.100914897032830540e-02 7.189743211475275508e+00 -7.401402682826707657e-01 6.724069596944982630e-01 -7.853122630649547048e-03 -2.171039612739444902e+00 1.590858503556641596e-03 1.342912514046284977e-02 9.999087362781601263e-01 8.075078430087548331e-02
6.509646511531430590e-01 7.590201185031784092e-01 -1.157213782711116051e-02 7.238077547886870633e+00 -7.591076397357361394e-01 6.509092614582725478e-01 -8.551940179750864429e-03 -2.276105036028145623e+00 1.041329792390270929e-03 1.435147983271918733e-02 9.998966467095433686e-01 7.909590947363591418e-02
6.304490348349469642e-01 7.761267489594739777e-01 -1.271694932426456655e-02 7.281471919865209586e+00 -7.762307985766945251e-01 6.303540045270106251e-01 -1.095409509131430384e-02 -2.379909512335653510e+00 -4.855731362979166864e-04 1.677725687963048384e-02 9.998593109632603060e-01 8.364096397521136872e-02
6.112192178509802121e-01 7.913480925938961574e-01 -1.340540776518881275e-02 7.322618343595002521e+00 -7.914595559700644545e-01 6.110909058230423740e-01 -1.265291243602521473e-02 -2.471730972660216352e+00 -1.820920951278908037e-03 1.834351162776761898e-02 9.998302627403929943e-01 9.151636941496128774e-02
5.924428555980566502e-01 8.055099736024169399e-01 -1.286853802136448191e-02 7.362743862675949380e+00 -8.056097920962963510e-01 5.923215171364206721e-01 -1.218674247096053140e-02 -2.548970727499829891e+00 -2.194216015005021666e-03 1.758693684245779543e-02 9.998431079701521895e-01 9.233585612206982041e-02
5.745554365673982700e-01 8.183794256610544826e-01 -1.190049080125772304e-02 7.397819715804736518e+00 -8.184636147887546231e-01 5.744581377228512586e-01 -1.075148117706249164e-02 -2.624904122666172235e+00 -1.962441789411234396e-03 1.591740867694859882e-02 9.998715622577043494e-01 8.418660912739574231e-02
5.575145599211955849e-01 8.300864414949635783e-01 -1.159622670057654584e-02 7.429875512282968053e+00 -8.301659711359868909e-01 5.574326995389538020e-01 -9.678959887348462937e-03 -2.702926482124956564e+00 -1.570242010506627374e-03 1.502292248286576752e-02 9.998860948276553362e-01 7.784554312460204017e-02
5.405648860122067578e-01 8.412183921503937345e-01 -1.190306116805170747e-02 7.456500388593840789e+00 -8.413007498330463685e-01 5.404797107661080124e-01 -9.755506402270682637e-03 -2.779518845093586155e+00 -1.773134098534514093e-03 1.528750796967677690e-02 9.998817463476581402e-01 8.043134718049965715e-02
5.229155856625677945e-01 8.522940765560337306e-01 -1.243232554579620786e-02 7.479568521148998173e+00 -8.523811574142489134e-01 5.228152857797820907e-01 -1.053470172959028103e-02 -2.855579732215366651e+00 -2.478840355004618100e-03 1.610580997218688526e-02 9.998674006669645564e-01 8.573982092498645680e-02
5.048141729026870417e-01 8.631410638828793669e-01 -1.227312560569110943e-02 7.502085764246417376e+00 -8.632220391709736207e-01 5.047051345794212329e-01 -1.099477052276890375e-02 -2.935237837088728430e+00 -3.295711945284952524e-03 1.614471444332873235e-02 9.998644178874915855e-01 8.963235069357657070e-02
4.864564829266671553e-01 8.736317795615334836e-01 -1.131757434626333957e-02 7.527476929334166122e+00 -8.736975009263320269e-01 4.863573863380279416e-01 -1.046979798384157709e-02 -3.015238802010604680e+00 -3.642345024357097460e-03 1.498120401259761363e-02 9.998813295005691826e-01 8.836159994914948024e-02
4.672318333154983350e-01 8.840754307175628934e-01 -1.027310776349887010e-02 7.553653034141508016e+00 -8.841294474282882510e-01 4.671556051585389335e-01 -9.011878066621967567e-03 -3.094786252928619863e+00 -3.168025935068320177e-03 1.329335956008808640e-02 9.999068109297921669e-01 8.407551030758306232e-02
4.476173436010159601e-01 8.941661809443441911e-01 -1.029814959115580436e-02 7.576057182262817769e+00 -8.942201018952642411e-01 4.475449514526926853e-01 -8.624569408736208406e-03 -3.181101551084072554e+00 -3.102895201877335640e-03 1.306928446009018863e-02 9.999099706756331418e-01 7.861485174492738315e-02
4.282815645830796991e-01 9.035641475859567118e-01 -1.213426402626555795e-02 7.592926493803086707e+00 -9.036372506100316393e-01 4.281811368635641823e-01 -1.005441499491511320e-02 -3.277190444290594140e+00 -3.889125706529526511e-03 1.527105802406305245e-02 9.998760241005051341e-01 7.851231568875427502e-02
4.098189326284654710e-01 9.120517093930728958e-01 -1.451322617086470493e-02 7.608315270611951675e+00 -9.121542199654233407e-01 4.096764037583752738e-01 -1.184827381320941939e-02 -3.373573584259362601e+00 -4.860491918951751270e-03 1.809391167616171761e-02 9.998246766928771123e-01 8.608897410046152665e-02
3.930102319584417025e-01 9.193975785748917939e-01 -1.586075918781946689e-02 7.631072642748735646e+00 -9.195199507042517428e-01 3.928489482921664888e-01 -1.237832379424707967e-02 -3.467904741536241175e+00 -5.149698252781542522e-03 1.944905685686925886e-02 9.997977866760904275e-01 9.314276594372404572e-02
3.772565146706167161e-01 9.259813835222324707e-01 -1.537903899839661477e-02 7.658884740548632664e+00 -9.260935565367214295e-01 3.771019771536325838e-01 -1.205335976293295946e-02 -3.565573596765057474e+00 -5.361699416948045686e-03 1.878960194508393078e-02 9.998092832928264784e-01 9.170490331978627119e-02
3.618633201988038506e-01 9.321264217898470594e-01 -1.399255713185501918e-02 7.684932741698103698e+00 -9.322138416488393586e-01 3.617234742589113261e-01 -1.157343474391426229e-02 -3.669729645472564528e+00 -5.726443336681368880e-03 1.723202248645730114e-02 9.998353210020939352e-01 8.489951466496678534e-02
3.459168516810893212e-01 9.381759839507607390e-01 -1.295670200635359523e-02 7.707801558543899034e+00 -9.382430366284691958e-01 3.457801340336294493e-01 -1.168616593741453845e-02 -3.779858346637075872e+00 -6.483484346932961821e-03 1.619894346475437771e-02 9.998479702540902236e-01 8.188287144542731599e-02
3.302386211526214255e-01 9.438097480464151534e-01 -1.288942288875715228e-02 7.732857495835243178e+00 -9.438675285680527827e-01 3.300879393564243869e-01 -1.251029887880550188e-02 -3.895043878811927929e+00 -7.552672252293773404e-03 1.629725747379212608e-02 9.998388678553548070e-01 8.512209597629960545e-02
3.162668773175373316e-01 9.485816101047471749e-01 -1.298942397345380188e-02 7.760464665308542287e+00 -9.486334523025355958e-01 3.161037652234187645e-01 -1.317035006375604465e-02 -4.011492659317533516e+00 -8.387116322535520876e-03 1.648751239948181499e-02 9.998290975499170008e-01 8.962193535530640909e-02
3.032332560354625284e-01 9.528325515839103366e-01 -1.265949007464756658e-02 7.787651199151961912e+00 -9.528779606311944539e-01 3.030744545923425015e-01 -1.303646270683808672e-02 -4.125852762146219099e+00 -8.584765370798727938e-03 1.601600292003914697e-02 9.998350846212613607e-01 8.921258021013964146e-02
2.902925138634348534e-01 9.568654832622378592e-01 -1.180033168005242307e-02 7.812772298818286387e+00 -9.569017846495749824e-01 2.901517171112084625e-01 -1.230605216373327308e-02 -4.241306754803348511e+00 -8.351315876620787892e-03 1.486407819554037314e-02 9.998548512666836086e-01 8.491422849041557752e-02
2.769900763522972209e-01 9.608068015120693195e-01 -1.128421822201935119e-02 7.836477469224406356e+00 -9.608398589763056385e-01 2.768637514234232877e-01 -1.156342235366342869e-02 -4.364734816575933429e+00 -7.985989916918033449e-03 1.404524590053246764e-02 9.998696737734986684e-01 8.128148269072828225e-02
2.639266659124008263e-01 9.644597264321881358e-01 -1.267692336039463567e-02 7.854324654473960443e+00 -9.645097624281896431e-01 2.637855851998376355e-01 -1.177151126761873633e-02 -4.497989388807398292e+00 -8.009126890590505948e-03 1.533379862845615435e-02 9.998505610716111880e-01 7.921438217824540440e-02
