1.000000000000000000e+00 0.000000000000000000e+00 0.000000000000000000e+00 0.000000000000000000e+00 0.000000000000000000e+00 1.000000000000000000e+00 0.000000000000000000e+00 0.000000000000000000e+00 0.000000000000000000e+00 0.000000000000000000e+00 1.000000000000000000e+00 0.000000000000000000e+00
9.999999959485259549e-01 -3.980809441831230946e-05 -8.101329706310160745e-05 2.873984881050796177e-05 3.979725567351336522e-05 9.999999902060904278e-01 -1.350002369235775738e-04 7.524829146195725254e-04 8.101865665117092728e-05 1.349970183715484590e-04 9.999999877378937807e-01 5.285631674871186982e-04
9.999999923863199802e-01 -7.835465773137320665e-05 -1.092592747629792199e-04 1.280527262711907404e-03 7.831061371395527993e-05 9.999999320909433997e-01 -3.684905373854681734e-04 8.367515635525375880e-04 1.092881616816380634e-04 3.684819897984683234e-04 9.999999306107291153e-01 1.219695225730397831e-04
1.000000001743216682e+00 -1.289110927043652613e-05 -1.626492373028818201e-05 1.395422826669372174e-03 1.288343115760043330e-05 9.999999698247326041e-01 -2.620677743335211277e-04 1.216058633231368712e-03 1.626715133650321671e-05 2.620678755313027818e-04 9.999999707608951960e-01 2.678495110511107890e-04
1.000000001371018632e+00 -4.229708309698381434e-05 -1.625723559959014059e-05 -1.710183599519640631e-04 4.228966726345821317e-05 9.999999910325279018e-01 -1.688967595171861271e-04 1.326221394213299631e-03 1.626421383178110408e-05 1.688967231471453590e-04 9.999999929430960499e-01 2.464909945326175891e-04
9.999999990674419692e-01 -8.373486522443765033e-05 -5.910068590117383680e-05 -4.542971869196306433e-04 8.372044283813594406e-05 9.999999833014672213e-01 -2.024625683506968963e-04 9.373376683242129210e-04 5.911657581593527175e-05 2.024595360992062000e-04 9.999999874699320168e-01 3.144663906547656511e-04
9.999999982947472832e-01 -1.101474326691096882e-04 1.642301376554826663e-05 -7.907650798628016158e-04 1.101467894790318571e-04 9.999999954132544611e-01 -1.090869529169869416e-04 8.594040929064791952e-04 -1.641201459501298783e-05 1.090906745816693608e-04 1.000000003688168659e+00 6.565258336345445396e-05
9.999999938333213878e-01 3.863501333274995525e-05 -1.525155095075626452e-04 3.190692122122488952e-03 -3.870410933202854555e-05 9.999999038597728873e-01 -4.609022644327018768e-04 8.419060931939410753e-04 1.524987669628664151e-04 4.609086192813962907e-04 9.999998960499103529e-01 -4.483042882065514613e-04
9.999999774444500167e-01 1.063122272564969405e-04 -2.192111550792522545e-04 3.826461218510524096e-03 -1.063869851143038457e-04 9.999999456305883605e-01 -3.524528082124154561e-04 5.494423475072711166e-05 2.191761164429327871e-04 3.524759267261859592e-04 9.999999307279334726e-01 -1.859746772761632853e-04
9.999999907730702242e-01 -1.685360633091908641e-05 -1.887916664148784154e-04 1.377864059741625621e-03 1.686689269998995971e-05 1.000000015498263561e+00 5.202898301125168708e-05 2.457912160224862881e-05 1.887958588887135797e-04 -5.203361322034499425e-05 1.000000001156415186e+00 -3.302344288417585955e-04
9.999999974237725464e-01 -8.794026118457910670e-05 -1.275837262196979720e-04 -1.697265852887028031e-03 8.793389758025987337e-05 1.000000013371072249e+00 -6.239001243956731105e-05 1.487764755265861064e-03 1.275935180553330981e-04 6.237690401473539850e-05 1.000000012660496873e+00 -1.071449651316536437e-03
1.000000008486105374e+00 -4.668687596595064046e-05 -1.410289701842997689e-05 -1.291434547971241241e-03 4.668598746773827251e-05 1.000000008535961937e+00 -1.435546066959342423e-04 1.427700725803025383e-03 1.411436433752534300e-05 1.435522946352520656e-04 1.000000013129522802e+00 -8.122984330889181700e-04
1.000000007732374518e+00 -3.611426790347058028e-06 -6.626506024604616519e-05 1.362235420502723839e-03 3.620473298612249621e-06 1.000000013185984304e+00 1.218552371038243855e-04 1.054790708981889692e-04 6.626915637346777555e-05 -1.218573166065693535e-04 1.000000014749547361e+00 2.824875605961036577e-04
9.999999924779462424e-01 2.164373726083071659e-05 -1.861540660754686712e-04 1.587432648667112811e-03 -2.162402611299836877e-05 1.000000017780062755e+00 9.780071155727849063e-05 -4.561943264686833485e-04 1.861604610474761772e-04 -9.779848314517074984e-05 1.000000004471336856e+00 5.800312116297279058e-04
1.000000005273204096e+00 -2.287377630290176914e-05 -9.996362385475986211e-05 -1.424610856853066726e-04 2.287135573576760681e-05 1.000000024142065680e+00 -2.865859776151323353e-05 2.596540670850596257e-04 9.996758089487065772e-05 2.865420806057236223e-05 1.000000023181821129e+00 8.140431639040134071e-05
1.000000012223947854e+00 -4.072065797185551062e-05 -1.518822782445319719e-05 -1.735023659477808063e-04 4.071643866220132468e-05 1.000000023468395893e+00 -6.681885382506523889e-05 2.455777879109311305e-04 1.519349171129192439e-05 6.681506248013161311e-05 1.000000030366132497e+00 3.756499836133107904e-04
1.000000014264207815e+00 3.031403313811184089e-05 -1.301091109283016875e-05 9.174207123739455943e-04 -3.031770145682492840e-05 1.000000024518238995e+00 -7.932304374728983405e-05 -1.202416237896940010e-04 1.301221903303241216e-05 7.931932210307704348e-05 1.000000030287761188e+00 4.299134571674289966e-04
1.000000011558269675e+00 9.525639508811712677e-05 -1.974370326330714774e-05 6.169592351057170531e-04 -9.526070996369648118e-05 1.000000021884605239e+00 -7.492072206611406163e-05 1.380115736241645024e-03 1.974012981224324440e-05 7.491778080746118223e-05 1.000000030987784116e+00 3.792483131384763017e-04
9.999999875772983549e-01 8.737164383646709191e-05 -2.296731648909303180e-04 1.402794266634050302e-03 -8.740253273155407546e-05 1.000000018515656341e+00 -1.204246321949910026e-04 2.028972528871887671e-03 2.296663851678880689e-04 1.204398612444649354e-04 1.000000001612362244e+00 2.516000319447034370e-04
9.999999901774963007e-01 -1.806893705857354833e-05 -2.387925841869809756e-04 1.053777951910077120e-03 1.803179407955254765e-05 1.000000020153087421e+00 -1.423022039347025065e-04 5.471669316220911837e-04 2.387989670658645619e-04 1.422920852961931761e-04 9.999999978443588899e-01 4.221961258070632884e-04
1.000000009129056622e+00 -1.729516074303798310e-05 -1.455076675117103360e-04 -6.351079396556556832e-05 1.727899795282050838e-05 1.000000026001866882e+00 -9.606905550319350367e-05 -1.692500425193542153e-04 1.455130392520095212e-04 9.606092970179978341e-05 1.000000022569790481e+00 4.507329442284158539e-04
9.999999600694144952e-01 4.314678508979741587e-05 -3.454075739507573586e-04 3.454473798440702015e-03 -4.327835419798116092e-05 9.999999592221087141e-01 -3.776428538390892492e-04 -9.941207103648806633e-04 3.453954428451760797e-04 3.776516897072423342e-04 9.999999078996673063e-01 -6.924475976022885157e-04
9.999997845612297320e-01 6.212408530768511552e-06 -6.967158670499200204e-04 1.013787846123057057e-02 -6.487000348762922461e-06 9.999999557843366471e-01 -3.948144137935669074e-04 -5.091695308351660426e-04 6.967179091787736259e-04 3.948125897645927127e-04 9.999997270516463033e-01 -7.325989989359896941e-04
9.999995131338740295e-01 -4.720819931569092469e-05 -1.014452886784672709e-03 1.937000153736881045e-02 4.689653008546973358e-05 9.999999869860178858e-01 -3.056017094358879824e-04 4.066025060384457330e-04 1.014471602303549129e-03 3.055474427823917324e-04 9.999994889098798856e-01 1.563086188623116247e-04
9.999992854199833969e-01 -2.399935509934831299e-04 -1.195545201259964104e-03 3.436091798582274759e-02 2.396216279225400563e-04 9.999999581685741212e-01 -3.098322780506375927e-04 1.600443665013684532e-03 1.195623821918786545e-03 3.095389705298398609e-04 9.999992875986950525e-01 1.448120456268606670e-03
9.999992926695187023e-01 -2.517284672100792179e-04 -1.189062168310721108e-03 5.451342223748033289e-02 2.514221327075904198e-04 9.999999714778649018e-01 -2.573090814079548121e-04 1.201179545253258478e-03 1.189130409503242345e-03 2.570056192148964633e-04 9.999993120103415345e-01 2.165094456517211840e-03
9.999995163202324289e-01 -8.779341876007319874e-05 -1.011948966820750556e-03 8.065430331696273047e-02 8.770570948939297794e-05 1.000000029313830918e+00 -8.627332244140229226e-05 2.417052362898663531e-04 1.011959877821612050e-03 8.618100281488182547e-05 9.999995365862275332e-01 1.490547252987590564e-03
9.999996383869780292e-01 4.994090555806320313e-04 -7.357239416548717837e-04 1.152382551170514358e-01 -4.993742062347438209e-04 9.999999124864260569e-01 4.814200078976605345e-05 -1.427813757130490246e-03 7.357515218590224499e-04 -4.777742081520318623e-05 9.999997807984933873e-01 9.252444360637752377e-04
9.999989561726777554e-01 1.408130849823811424e-03 -4.204269217146409747e-04 1.602890099509910460e-01 -1.408292563801549074e-03 9.999989778580579136e-01 -3.815611102030786383e-04 -3.101703033166691107e-03 4.198967117544416864e-04 3.821509151845073793e-04 9.999998934507542403e-01 1.831352548702720262e-03
9.999968216817579636e-01 2.511976559156846225e-03 -3.466237951850151158e-04 2.067544936793156429e-01 -2.512368490259230414e-03 9.999962499362392565e-01 -1.128856105065712771e-03 -6.506833799590597787e-03 3.437950808611025741e-04 1.129722145628534293e-03 9.999993584388271461e-01 4.757840894512212725e-03
9.999908007927288400e-01 4.271955211860841393e-03 -4.761176435150154401e-04 2.581461971352528306e-01 -4.272809002570768060e-03 9.999892925100569707e-01 -1.802391663314794560e-03 -8.630242682595462567e-03 4.684211461849374799e-04 1.804407827205864196e-03 9.999983180735159127e-01 9.358860716268554980e-03
9.999823823433221515e-01 5.919487805012094497e-03 -5.265602551236079221e-04 3.161838183694000159e-01 -5.920029693320820290e-03 9.999819988415119543e-01 -1.026970329807282709e-03 -1.015596691782845104e-02 5.204757716019354011e-04 1.030066682081243754e-03 9.999993922839972571e-01 1.143661735741371976e-02
9.999704661869738276e-01 7.686289383047068685e-03 -2.711899432702440538e-04 3.796645865735619463e-01 -7.686294168400699400e-03 9.999705116362732626e-01 -4.312102996906995298e-06 -5.836340003898512346e-03 2.711516126662383459e-04 6.393687415610611718e-06 1.000000021876606970e+00 1.124154415157635999e-02
9.999550465013316014e-01 9.486382071502300409e-03 6.237738604760844751e-05 4.476171894043651234e-01 -9.486445846979690844e-03 9.999545286739226491e-01 1.031102749634804205e-03 -2.529394113364792293e-03 -5.259558645994088605e-05 -1.031651672514339105e-03 9.999995290059293662e-01 9.852682955616779911e-03
9.999349409139810518e-01 1.140459421824666954e-02 3.762918873793065977e-04 5.257018023169868215e-01 -1.140501391117224213e-02 9.999343933573080490e-01 1.119732760143585465e-03 -5.407467860617875578e-03 -3.634977214378170987e-04 -1.123954907342037367e-03 9.999993658513944839e-01 1.002851479437216232e-02
9.999025399205231368e-01 1.390960934593059826e-02 1.237326747060063514e-03 6.083414552617514293e-01 -1.391043226110781801e-02 9.999030945255147351e-01 6.523494414007147916e-04 -1.120524202063527541e-02 -1.228131334099602512e-03 -6.694987165871082611e-04 9.999990887501144510e-01 1.400642680777517031e-02
9.998584094536979716e-01 1.665740309814504536e-02 2.407011888302646851e-03 6.994235499200172068e-01 -1.665786198006827257e-02 9.998612975591405494e-01 1.672612057416118542e-04 -1.670691385168451490e-02 -2.403890109324134921e-03 -2.073323814923842454e-04 9.999971578294388763e-01 1.922976529278398738e-02
9.998135990933365580e-01 1.905050034454111932e-02 3.154428122153983029e-03 7.922756206491508024e-01 -1.904880328448702032e-02 9.998184593331402858e-01 -5.706706754667313858e-04 -1.828479036885856043e-02 -3.164722105385805138e-03 5.104784479931926463e-04 9.999949342096114968e-01 2.258018568959377012e-02
9.997737442031897626e-01 2.102325472956756078e-02 3.254696440423387061e-03 8.841846091258213081e-01 -2.102093615176741856e-02 9.997788231833788508e-01 -7.485501880666743831e-04 -2.066823359563712756e-02 -3.269708596213057299e-03 6.799666462956076903e-04 9.999944986043438622e-01 2.243407926117185411e-02
9.997362991844077618e-01 2.276631481033913190e-02 3.024964295557912991e-03 9.893521327632669449e-01 -2.276546116131570111e-02 9.997408499459636833e-01 -3.206973892870592356e-04 -2.555152292827473845e-02 -3.031476300871204649e-03 2.517524102192664312e-04 9.999954554679398866e-01 2.125105526397516251e-02
9.997165153876710342e-01 2.357281752681502501e-02 3.366982663933582292e-03 1.101211907852169603e+00 -2.357246484189801095e-02 9.997221886559162218e-01 -1.482582259097178963e-04 -3.073182147373776721e-02 -3.369537121942613265e-03 6.885341448092901606e-05 9.999944034141841076e-01 1.960319074264771713e-02
9.997049636044892384e-01 2.399990919966036793e-02 3.758376113408143024e-03 1.214829156326550752e+00 -2.399860731568978847e-02 9.997119881116650619e-01 -3.944934779160689077e-04 -3.440411657173919613e-02 -3.766757747908194495e-03 3.041859608523169302e-04 9.999929427916957048e-01 2.192650019197119049e-02
9.997021118816876717e-01 2.405824201056358524e-02 4.126720020467484866e-03 1.331350028229114857e+00 -2.405475036861521795e-02 9.997103179111777038e-01 -8.968232545034245627e-04 -4.011867269079918280e-02 -4.147098440312733426e-03 7.972924132293397531e-04 9.999911670546499654e-01 2.568489180385500475e-02
9.997213789558058172e-01 2.326567671815286953e-02 4.002298018567731173e-03 1.451212172707234238e+00 -2.325950576382775428e-02 9.997282856854179389e-01 -1.584737576606952197e-03 -4.324250071258596562e-02 -4.038080969301554267e-03 1.491208566294780326e-03 9.999908203994749556e-01 2.888980545089478436e-02
9.997406711600971274e-01 2.247692558541146760e-02 3.677819275814028874e-03 1.579592059708185392e+00 -2.247232958767527572e-02 9.997467152179232430e-01 -1.289832093845856087e-03 -4.429455257868882695e-02 -3.705879011794541503e-03 1.206853263655841653e-03 9.999924910235046260e-01 2.929831006128744142e-02
9.997681433739186163e-01 2.135448868819940851e-02 2.793920732424991834e-03 1.712566267216781402e+00 -2.135273545546251261e-02 9.997718725395948747e-01 -6.612675960937317715e-04 -4.546143649535203807e-02 -2.807403675000913219e-03 6.014660234645572735e-04 9.999959674975468227e-01 2.761835645521401594e-02
9.997954642082880206e-01 2.021823164281560253e-02 6.510303760408386918e-04 1.846164520614517857e+00 -2.021831564869835257e-02 9.997956727394001764e-01 9.616595882029143163e-05 -4.583317787430315343e-02 -6.489517152320812849e-04 -1.092959018691697884e-04 9.999998777930461102e-01 2.795502095998409625e-02
9.998136314496853805e-01 1.923396924362983859e-02 -1.712702520366138391e-03 1.989237593140384286e+00 -1.923262265475483151e-02 9.998147972680508921e-01 8.090271679861929131e-04 -4.062230013486574365e-02 1.727947429147413429e-03 -7.759239474757043164e-04 9.999983032513120040e-01 2.795395214510812062e-02
9.998284839109916611e-01 1.814147545649721915e-02 -3.750913215688593972e-03 2.130796294242740974e+00 -1.813697666178485518e-02 9.998348380651321810e-01 1.234569965492421069e-03 -3.881590844249208777e-02 3.772691919093026404e-03 -1.166314673434171384e-03 9.999923020094420023e-01 2.555148934471365013e-02
9.998614941621164487e-01 1.593200472077337809e-02 -4.831738791194686508e-03 2.267663707716992327e+00 -1.592967085754349796e-02 9.998730677051932414e-01 5.247977642172172016e-04 -4.435011962039001748e-02 4.839486548441534856e-03 -4.477440819124980259e-04 9.999882892350744346e-01 2.260126527399921453e-02
9.998926968784718206e-01 1.375449265689565256e-02 -5.058834843876077424e-03 2.403271642337874603e+00 -1.376219402132618577e-02 9.999042818540606614e-01 -1.487059493147445182e-03 -5.074847266705425491e-02 5.037896593915676229e-03 1.556532971496644860e-03 9.999861988646703281e-01 2.472699776769302082e-02
9.999074901679578797e-01 1.287811579342732979e-02 -4.399676225698315873e-03 2.543780978213836974e+00 -1.288955570364721907e-02 9.999137001325149043e-01 -2.576463366940403166e-03 -5.517105881242495569e-02 4.366116689417829863e-03 2.632948472729636658e-03 9.999871088477852998e-01 3.065179545947520345e-02
9.999146047251498137e-01 1.250675978185520308e-02 -3.815709858490984058e-03 2.689365275796631316e+00 -1.251680686921850284e-02 9.999183383084901955e-01 -2.614388613267628128e-03 -5.286505766827078595e-02 3.782701420602608590e-03 2.661941149138069215e-03 9.999894102479369717e-01 3.209321661987463853e-02
9.999334496748178980e-01 1.079712069182428395e-02 -4.088335836704390033e-03 2.829881525493448624e+00 -1.080666693599480546e-02 9.999390228961019256e-01 -2.314301661799277651e-03 -4.812622717400116129e-02 4.063099409302547288e-03 2.358344163960928233e-03 9.999890724181362822e-01 2.872195013333898178e-02
9.999497917773548794e-01 8.781380269145332845e-03 -4.848260273929061795e-03 2.961312808638842942e+00 -8.796410116627415357e-03 9.999566578219397650e-01 -3.082880217660568904e-03 -5.183434853414308624e-02 4.820975093863204448e-03 3.125390778876226128e-03 9.999836049559078788e-01 2.658896273992912909e-02
9.999579140547580902e-01 7.622019780438217366e-03 -5.126343041075282284e-03 3.092302158650917399e+00 -7.644296701634929921e-03 9.999614815708165461e-01 -4.335764468910501337e-03 -5.707253765132887235e-02 5.093095159261764975e-03 4.374787266411927014e-03 9.999775706598761360e-01 3.250004145573992531e-02
9.999657216992989817e-01 6.701818138265227404e-03 -4.883666952898444227e-03 3.223129514589052391e+00 -6.722899111352618161e-03 9.999682182972442490e-01 -4.308965138558375381e-03 -5.607657902923489368e-02 4.854629037322925195e-03 4.341669987892747030e-03 9.999789034600746751e-01 4.143090518858172366e-02
9.999727095654155073e-01 5.212012751170619004e-03 -5.255983049448167445e-03 3.350000408454453904e+00 -5.227475568818975085e-03 9.999821503325394545e-01 -2.928485274926731757e-03 -4.517600227220515408e-02 5.240621098332032615e-03 2.955901154636127615e-03 9.999820127465809394e-01 4.443413160102153286e-02
9.999696969046184547e-01 3.568961636637258371e-03 -6.934115099856827912e-03 3.471758053196809524e+00 -3.571418782184481062e-03 9.999936668816939989e-01 -3.388965119412615072e-04 -3.585189458799943607e-02 6.932856662084456098e-03 3.636710400494560830e-04 9.999760169449134484e-01 4.049398118302838245e-02
9.999612468347024441e-01 3.018431926051579842e-03 -8.283142812163388907e-03 3.591812600657880772e+00 -3.004648787172360669e-03 9.999941793540858548e-01 1.678671552720700658e-03 -3.528186136963553515e-02 8.288156089088683995e-03 -1.653698800525808940e-03 9.999644023291350825e-01 3.437626905680411099e-02
9.999629675241281657e-01 2.732661340438162414e-03 -8.174021537575669807e-03 3.715029102471061773e+00 -2.732630661035786220e-03 9.999963693163733680e-01 1.778807940234651739e-05 -4.169793314542407509e-02 8.174035699786807996e-03 4.569721370263332240e-06 9.999667099515160418e-01 3.502458374602459429e-02
9.999661973755559208e-01 2.056461855562137942e-03 -7.974962383510980288e-03 3.834913716205716305e+00 -2.084146962041586847e-03 9.999919411702407057e-01 -3.461439505073469775e-03 -4.641921661251707798e-02 7.967775096577247793e-03 3.477963872334454386e-03 9.999623302960878313e-01 4.607677737261534068e-02
9.999622220029873443e-01 1.843856041422230717e-03 -8.507855776120830729e-03 3.953833617886954421e+00 -1.886240319549415106e-03 9.999859600654604774e-01 -4.973298085113347054e-03 -4.730703570175263245e-02 8.498562690046798651e-03 4.989179299875958103e-03 9.999515624476290609e-01 5.598961125975782799e-02
9.999545377729792683e-01 1.823990631460516198e-03 -9.371844362230190989e-03 4.073525372256745491e+00 -1.861752347866657943e-03 9.999903010256296909e-01 -4.018916519685461312e-03 -4.474521446530436292e-02 9.364415789884745350e-03 4.036199856890411788e-03 9.999481328738880626e-01 5.399713761171145293e-02
9.999472689939861159e-01 2.702114420086202187e-03 -9.919549394627238600e-03 4.190593441866904634e+00 -2.725839967513859693e-03 9.999935746022651228e-01 -2.376018649305566485e-03 -4.429447602726360733e-02 9.913055852577340801e-03 2.402950261595578584e-03 9.999481040310568281e-01 4.755659239314801584e-02
9.999350337384673715e-01 5.436002759043040769e-03 -1.003130238450271675e-02 4.309233357609160819e+00 -5.449208395291442464e-03 9.999844422029352531e-01 -1.286581530260936688e-03 -4.979559268693120599e-02 1.002414227069710687e-02 1.341180051852210219e-03 9.999489846593698772e-01 4.679490016139564029e-02
9.998966738162520240e-01 1.070414932190249038e-02 -9.608360525444616454e-03 4.433483011412670649e+00 -1.071892173552148504e-02 9.999415709489393178e-01 -1.484133573653437363e-03 -5.496233363028747709e-02 9.591900215469588778e-03 1.586990496506886531e-03 9.999528647323371322e-01 5.140559333347691912e-02
9.998026617518969150e-01 1.766917498319978477e-02 -9.094229787388141348e-03 4.561678113976233462e+00 -1.769151182690724758e-02 9.998407906940112166e-01 -2.378252648161235158e-03 -6.153097231136391010e-02 9.050748153952939759e-03 2.538694859439008002e-03 9.999559462524156839e-01 5.740492899681381989e-02
9.996129304404712812e-01 2.630542753743663614e-02 -9.071280060344064089e-03 4.685327718289324928e+00 -2.633271442197489265e-02 9.996491617328593371e-01 -2.898480749497662871e-03 -7.135496018505081695e-02 8.991839252004705033e-03 3.136251841766866336e-03 9.999547824560648390e-01 6.173820155553063488e-02
9.992668571317959714e-01 3.717683903973446891e-02 -9.160432276714067928e-03 4.803693013626478603e+00 -3.718874551564459174e-02 9.993077553493474596e-01 -1.129525349234840412e-03 -8.732662567375529261e-02 9.112084296511453740e-03 1.469383840360121872e-03 9.999575330035367360e-01 6.384427295537592473e-02
9.986096586919259721e-01 5.191928491304032695e-02 -9.134043996941260124e-03 4.927656441502676010e+00 -5.190753942956947281e-02 9.986508749916825911e-01 1.521725852940392391e-03 -1.011165474723014768e-01 9.200713190388289456e-03 -1.045459589447303352e-03 9.999572550455071429e-01 6.273661866793162067e-02
9.974655520426801703e-01 7.052629216635115939e-02 -9.424525952954398988e-03 5.057465987491966075e+00 -7.050319910052858796e-02 9.975078705015250069e-01 2.764027114502096670e-03 -1.201759406838552313e-01 9.595957496889035571e-03 -2.092537902948237230e-03 9.999518978842046879e-01 6.036187685385942248e-02
9.955940306883476199e-01 9.329389238152205333e-02 -9.438687880017563453e-03 5.183911601923562706e+00 -9.327642464201167660e-02 9.956377938427735108e-01 2.278305465338583639e-03 -1.480781482290660089e-01 9.610048186148975949e-03 -1.387836628202543084e-03 9.999529890632350426e-01 6.334080191626657863e-02
9.928919764850401286e-01 1.186517346116400390e-01 -9.359771633859433060e-03 5.311087819590012415e+00 -1.186484494182050847e-01 9.929360593571423532e-01 9.105917033731810795e-04 -1.884136552626591299e-01 9.401678914948172899e-03 2.064265191074158580e-04 9.999559118251934997e-01 6.921403968688752406e-02
9.892862039571970190e-01 1.456783612479666257e-01 -9.536606041636256498e-03 5.437920670634006193e+00 -1.456837895785779990e-01 9.893313537787332690e-01 1.298099233431834775e-04 -2.366547934782116946e-01 9.453753542856808620e-03 1.260931712297962441e-03 9.999546476349787660e-01 7.419130287654633615e-02
9.845036343727709971e-01 1.751015722860846391e-01 -9.610528895406547645e-03 5.559137617136880039e+00 -1.751029164796786552e-01 9.845500390334831486e-01 7.110681058901154993e-04 -2.887216189315754411e-01 9.586532393739058758e-03 9.828024587943305027e-04 9.999536966662906368e-01 7.431314041737978326e-02
9.780895369548612273e-01 2.079692674671335118e-01 -9.485561716409853308e-03 5.678243979864914692e+00 -2.079663256043237096e-01 9.781352741455937583e-01 1.309460100147724019e-03 -3.415125744518110462e-01 9.550466175287134277e-03 6.919276479948688677e-04 9.999542854307549300e-01 7.262907833655243839e-02
9.701148999289689323e-01 2.424686981445296208e-01 -9.292742646047799995e-03 5.797762837336494890e+00 -2.424768056866964117e-01 9.701573377047657543e-01 2.643127362855829041e-04 -3.987654691648177541e-01 9.079484819694155079e-03 1.996879168305775581e-03 9.999569184888824624e-01 7.271098168091023883e-02
9.611769778104000128e-01 2.757602554600223632e-01 -9.769534935876388396e-03 5.915656822289935057e+00 -2.757940010807503617e-01 9.612142709616104952e-01 -2.264179769591237804e-03 -4.662982526155409202e-01 8.766220062372941796e-03 4.870673217956845991e-03 9.999498454834763184e-01 7.617913854636690352e-02
9.512927748060074906e-01 3.080999869788718093e-01 -1.080758982426303569e-02 6.033165048994493240e+00 -3.081516682167748655e-01 9.513311573915483876e-01 -3.451874374672979015e-03 -5.384331240337808522e-01 9.218046869367241963e-03 6.614134055246430506e-03 9.999357706477703944e-01 8.269426636542263898e-02
9.401550675041704386e-01 3.405848018741708949e-01 -1.052627469553894975e-02 6.152124803586434432e+00 -3.406306999732262031e-01 9.401929798647312708e-01 -2.869757041786413429e-03 -6.129553230919256857e-01 8.919301873019182259e-03 6.283603579005133354e-03 9.999406126703268560e-01 8.839170591306234892e-02
9.276565429287609854e-01 3.733133637583161413e-01 -9.531092263392314592e-03 6.266060231522993185e+00 -3.733490393811697006e-01 9.276884901348642076e-01 -2.217739020854478989e-03 -6.912279191069973239e-01 8.013938253712091231e-03 5.615740108861172822e-03 9.999522530408962995e-01 8.647694943377290389e-02
9.135138250967004270e-01 4.066916831185950487e-01 -9.733510725074182024e-03 6.377257474489436362e+00 -4.067295402942938676e-01 9.135461744143625884e-01 -2.198115326642933239e-03 -7.730651885114371291e-01 7.998019514902121249e-03 5.966927855723569603e-03 9.999503473783516450e-01 8.419753921571100641e-02
8.981715803047880531e-01 4.395256132636032320e-01 -1.026784316096251634e-02 6.488910655377924108e+00 -4.395715792314265902e-01 8.982039065692813962e-01 -2.634016561164041759e-03 -8.624075026308981595e-01 8.064861924730635373e-03 6.879260446433217539e-03 9.999439507435339269e-01 8.646396474026855905e-02
8.813930232861992842e-01 4.722635591118036769e-01 -1.067031046967403633e-02 6.601802977472776668e+00 -4.723215457295255049e-01 8.814190340951045810e-01 -3.635655826714539497e-03 -9.579808653155649223e-01 7.687989433372130824e-03 8.244267093403687130e-03 9.999365969809680399e-01 9.024485932848733127e-02
8.633443201294478397e-01 5.044936711487435499e-01 -1.109541055815935900e-02 6.712803169295505690e+00 -5.045672985685570877e-01 8.633573086563103294e-01 -5.135610327281161028e-03 -1.057126099772795369e+00 6.988383362237862891e-03 1.003218765218441728e-02 9.999253917763071264e-01 9.191602347489381819e-02
8.439511188777604200e-01 5.363035371700615173e-01 -1.119895608420608431e-02 6.817319534640366108e+00 -5.363816526850724298e-01 8.439572588858430535e-01 -5.589913572065017058e-03 -1.158072873724426355e+00 6.453511556393496697e-03 1.072453440436385054e-02 9.999218012504864639e-01 9.558844080790884767e-02
8.230582959568275569e-01 5.678531385615394056e-01 -1.087431232866978639e-02 6.916928791958745215e+00 -5.679207540248205621e-01 8.230716052406271688e-01 -4.419847130130150764e-03 -1.262387523636501863e+00 6.440472310469436655e-03 9.813543609058471284e-03 9.999312419581275480e-01 9.439622850960573130e-02
8.011567760633879764e-01 5.983760393880821482e-01 -9.712524524197692355e-03 7.012870564884760682e+00 -5.984291669896049104e-01 8.011672613918332519e-01 -3.733219510434719959e-03 -1.375857319264728984e+00 5.547446059338283567e-03 8.803155028949637834e-03 9.999460014363398264e-01 9.124202854905326399e-02
7.780853361509343369e-01 6.280854272824070161e-01 -9.608092792639015556e-03 7.107445735313827839e+00 -6.281388885748163675e-01 7.780916521454954715e-01 -3.913331880424730444e-03 -1.499706019029282800e+00 5.018028627967657807e-03 9.080121422991627861e-03 9.999463225663208776e-01 8.906567128663794852e-02
7.538031480657246819e-01 6.570224012424648041e-01 -1.013863300591782458e-02 7.196526980115390160e+00 -6.570871000840394771e-01 7.537969075991988177e-01 -5.211799418024908558e-03 -1.632655295658698602e+00 4.218161417608569039e-03 1.059063155428952539e-02 9.999351610371222110e-01 9.302018971985760720e-02
7.279702273318893191e-01 6.855295902321543178e-01 -1.043804292334069364e-02 7.284489278277595403e+00 -6.856005068946845471e-01 7.279528218587503208e-01 -6.086173969837586385e-03 -1.759387146149506531e+00 3.426113551194707226e-03 1.158687394547206970e-02 9.999271411559578215e-01 9.821964663748530833e-02
7.004668455157478935e-01 7.136087907771375693e-01 -1.044605811594917152e-02 7.365944378297443862e+00 -7.136800112118978356e-01 7.004427576170906278e-01 -6.418460198621717995e-03 -1.881413446025398839e+00 2.736558443914709725e-03 1.195105291280412069e-02 9.999249799088641977e-01 9.968354740959618765e-02
6.722072822915882151e-01 7.402886656336322702e-01 -1.051168261139104158e-02 7.442857888525806764e+00 -7.403583604613381830e-01 6.721869009809607887e-01 -5.889454623844272811e-03 -2.008580361364051825e+00 2.705882467680298734e-03 1.174133513281680474e-02 9.999275482138246796e-01 9.646925861504698774e-02
6.441705062571567719e-01 7.648047813091635172e-01 -1.088325220663908730e-02 7.515819495922420046e+00 -7.648789226737670033e-01 6.441442958525993578e-01 -6.227568322699339638e-03 -2.150721499138300352e+00 2.247474644464589940e-03 1.233597335462531357e-02 9.999215245093481252e-01 9.422980169061322131e-02
6.171219460690707814e-01 7.867757621255788703e-01 -1.203532642286211582e-02 7.586522433008749289e+00 -7.868665373232971438e-01 6.170763433079569094e-01 -7.633296093578448294e-03 -2.301829996835585757e+00 1.420987088105686883e-03 1.418085553722960197e-02 9.998985782383378318e-01 9.518417020303199250e-02
5.904748869368781072e-01 8.069599104268678769e-01 -1.247241186371714911e-02 7.656980956335508459e+00 -8.070562781887443693e-01 5.904005574965384140e-01 -9.369025529270033625e-03 -2.449267535192890310e+00 -1.967445558706161913e-04 1.559809637435611088e-02 9.998784643264456706e-01 1.011540608727873186e-01
5.634053192895059903e-01 8.260928533229697779e-01 -1.206219065846825603e-02 7.727361863073339165e+00 -8.261799067743837988e-01 5.633216738017915448e-01 -9.792275259540732246e-03 -2.593934586390360675e+00 -1.294468904271937936e-03 1.548254204104612501e-02 9.998794420207336442e-01 1.034023719660034507e-01
5.362534301535584191e-01 8.439791431666960886e-01 -1.148569994228403057e-02 7.791988850848424519e+00 -8.440562596500988946e-01 5.361817026026514110e-01 -8.868564295961669022e-03 -2.745127911160964551e+00 -1.326493168071783690e-03 1.445035645896740328e-02 9.998948501911277820e-01 1.003080625267871451e-01
5.090515045771892844e-01 8.606703673297154689e-01 -1.065583065819988504e-02 7.855463180988976113e+00 -8.607351120207736850e-01 5.089908796713719097e-01 -7.987025467794159339e-03 -2.901521646158293777e+00 -1.450504728672307201e-03 1.323763496086222298e-02 9.999114704051378366e-01 9.591247412908579517e-02
4.814359995903010891e-01 8.764170591979303371e-01 -1.062931693536796687e-02 7.912627709844865187e+00 -8.764781500001992409e-01 4.813650959319712985e-01 -8.610546937376463081e-03 -3.059333531848567045e+00 -2.429875879876542896e-03 1.346176950890138994e-02 9.999065779272513499e-01 9.619624410354497834e-02
4.539326373731493169e-01 8.909673716238605268e-01 -1.108035346319166670e-02 7.966591866488591300e+00 -8.910289377217298634e-01 4.538433177422598330e-01 -9.701823114678938265e-03 -3.219157887325618805e+00 -3.615291466375168596e-03 1.427686516572467500e-02 9.998916889979411193e-01 9.946347384921264134e-02
4.265748804206410671e-01 9.043725876275549025e-01 -1.202377222800259972e-02 8.011297107703851950e+00 -9.044412104270322939e-01 4.264653553602397174e-01 -1.067025868214327433e-02 -3.382753495299806179e+00 -4.522196188861615611e-03 1.542643213439983535e-02 9.998709243356689313e-01 1.003699155382105773e-01
3.999929511404794469e-01 9.164273190536625924e-01 -1.292620618638897628e-02 8.049833727346729972e+00 -9.165019249873060936e-01 3.998611505446382219e-01 -1.165076006448728663e-02 -3.548675406875794636e+00 -5.508414543909256715e-03 1.650708605411259008e-02 9.998487206895194657e-01 9.849995966586806706e-02
3.738637802163729540e-01 9.273785893182572293e-01 -1.397546217654735412e-02 8.088352208143183120e+00 -9.274615698968780020e-01 3.737077779739004235e-01 -1.256982508334769134e-02 -3.712129558787402583e+00 -6.434273714420233811e-03 1.766107813224116960e-02 9.998234732708775052e-01 9.686517210287783064e-02
3.480795752336650617e-01 9.373578465213484590e-01 -1.419066998653810245e-02 8.128835133333808471e+00 -9.374410992790513930e-01 3.479220284120336792e-01 -1.244684542471899240e-02 -3.878193992659446643e+00 -6.729923350675087561e-03 1.763538011544366416e-02 9.998219813999523753e-01 9.936397040028803473e-02
3.231091634923274891e-01 9.462609153547771879e-01 -1.382930179929096892e-02 8.167746420867473489e+00 -9.463339357994045020e-01 3.229525988934139891e-01 -1.241692450582373465e-02 -4.051985684138773358e+00 -7.283461584841351318e-03 1.709912967499069292e-02 9.998274172188855724e-01 9.846610963030598407e-02
2.994704595964949867e-01 9.540100545303276114e-01 -1.351926219635042267e-02 8.203317185285822433e+00 -9.540721027817845590e-01 2.993106234195573867e-01 -1.265158489438762170e-02 -4.227677709234200165e+00 -8.023301535888361508e-03 1.668709466924775744e-02 9.998287160476557744e-01 9.364838184983124980e-02
2.770624908306060230e-01 9.607542177548912266e-01 -1.371958592050000376e-02 8.230830937050848561e+00 -9.608134555293993406e-01 2.768948842263350141e-01 -1.293147231395047267e-02 -4.399657075199417733e+00 -8.625103302250596363e-03 1.676475519758458335e-02 9.998224065404792693e-01 9.141153883980814021e-02
2.555426535333997773e-01 9.666972372140196779e-01 -1.396155870540013479e-02 8.255625001252234085e+00 -9.667548572024412534e-01 2.553680604669892884e-01 -1.314151631925981542e-02 -4.571998762108103520e+00 -9.138550958962923451e-03 1.685558910794788742e-02 9.998163182563261087e-01 9.346830766433034121e-02
2.351195878485881074e-01 9.718646153349593808e-01 -1.408822748234974352e-02 8.279738725120159515e+00 -9.719210955639786542e-01 2.349433899265530312e-01 -1.309555645684217472e-02 -4.750367531392760689e+00 -9.417188064443174703e-03 1.677163267417138698e-02 9.998151453051786763e-01 9.533443272179922823e-02
2.154603947174319190e-01 9.764204620762937381e-01 -1.343249110503334787e-02 8.305880821685818205e+00 -9.764689685230244498e-01 2.152999014341724915e-01 -1.244246731929372907e-02 -4.930785469728050430e+00 -9.257080432693397601e-03 1.579723539628472007e-02 9.998325109669780053e-01 9.359248020863958351e-02
1.967055440120145104e-01 9.803857737110892590e-01 -1.229643580953566732e-02 8.329178250043730358e+00 -9.804193328947823360e-01 1.965631146229195048e-01 -1.189050716854404138e-02 -5.111482154376742137e+00 -9.240270437105830778e-03 1.439455782979728177e-02 9.998538470167920300e-01 9.148108446828519258e-02
1.787730846440686860e-01 9.838209819044809734e-01 -1.170468298699210534e-02 8.348059703789942887e+00 -9.838430614887684333e-01 1.786348311649587350e-01 -1.195570950765410118e-02 -5.292620706887654514e+00 -9.671424787839805193e-03 1.365289600587203493e-02 9.998601719340793892e-01 8.906081571346986803e-02
1.619026321865717211e-01 9.867361807617682778e-01 -1.182333184550134544e-02 8.365792962104485753e+00 -9.867607158524487332e-01 1.617673422343088308e-01 -1.162460478372988153e-02 -5.475547575194045891e+00 -9.557798150962335676e-03 1.354881844709958025e-02 9.998626807943440387e-01 9.047491728008251466e-02
1.458599050834841482e-01 9.892294676660690067e-01 -1.226767001490567700e-02 8.380998449037242892e+00 -9.892653319644717502e-01 1.457309669130735230e-01 -1.082147645219932834e-02 -5.658421593529484817e+00 -8.917154342145324278e-03 1.371436513282062175e-02 9.998663436422229323e-01 9.166604675382765410e-02
1.301707807145852380e-01 9.914086267630198845e-01 -1.284730093990574598e-02 8.391071958824747767e+00 -9.914465402687319129e-01 1.300299979519860261e-01 -1.124616791941500209e-02 -5.843963049423808620e+00 -9.479024596254414722e-03 1.420129813492401229e-02 9.998543780841290252e-01 9.121724350455545638e-02
1.154441761049088827e-01 9.932271903650466971e-01 -1.315075272716182374e-02 8.395716320177157854e+00 -9.932611837231924978e-01 1.152910377737827313e-01 -1.186244136275621010e-02 -6.034276649613937060e+00 -1.026594625864772452e-02 1.443154509206596992e-02 9.998433113638059977e-01 8.982915265719060294e-02
1.023744953624073500e-01 9.946570826639231644e-01 -1.331555599605467946e-02 8.401891541469845848e+00 -9.946931684237423354e-01 1.022216295321675128e-01 -1.169446702330894684e-02 -6.223465947931882347e+00 -1.027085625807650816e-02 1.444207115291874094e-02 9.998431094254769391e-01 8.701905793775668863e-02
9.088539097210844575e-02 9.957677968467540941e-01 -1.367101894103511274e-02 8.412132661243232334e+00 -9.958151869757081442e-01 9.073999272026299356e-02 -1.090372396289860692e-02 -6.410900173393452306e+00 -9.617078733842607599e-03 1.460476080997853005e-02 9.998472485299262358e-01 8.535173065963465311e-02
8.019699858825167504e-02 9.966816197747864203e-01 -1.395525129925402445e-02 8.422386152362536293e+00 -9.967389968556007451e-01 8.005997310405700562e-02 -1.011427607272498246e-02 -6.596861881694336738e+00 -8.963464446817561229e-03 1.472084074105712952e-02 9.998516198417426448e-01 8.325557325973179101e-02
7.048203214750534129e-02 9.974125990098423600e-01 -1.417569141728055454e-02 8.428879765093372001e+00 -9.974766435647609564e-01 7.035044345161321766e-02 -9.575356075493330482e-03 -6.786737423033301297e+00 -8.553322712100025135e-03 1.481477484651993679e-02 9.998538252587882980e-01 8.135983029661958410e-02
6.233188795404109861e-02 9.979557053537218003e-01 -1.413192715886450561e-02 8.433620902721948198e+00 -9.980232023766222316e-01 6.220923848401972017e-02 -8.957105660988864265e-03 -6.978208594478116034e+00 -8.059664386074659459e-03 1.466226770377214786e-02 9.998601749599904664e-01 8.171074940650793761e-02
5.536388766404181511e-02 9.983650624738800161e-01 -1.423415923679053306e-02 8.440011896282861414e+00 -9.984333215178864407e-01 5.524015364000495892e-02 -8.942261330885672987e-03 -7.171227850959155603e+00 -8.141349184803704439e-03 1.470689834175051801e-02 9.998588584446618244e-01 8.143718023217007274e-02
4.957325597829182612e-02 9.986638429302464592e-01 -1.461494688287021983e-02 8.446752789078866286e+00 -9.987295373811380106e-01 4.943292464472585912e-02 -9.810189958458805787e-03 -7.363858122414107754e+00 -9.074627449931238141e-03 1.508266151240505483e-02 9.998452260810202219e-01 7.863731524806540085e-02
4.497510033191282758e-02 9.988808866564183875e-01 -1.465597826106768142e-02 8.455633708719775044e+00 -9.989385183736281260e-01 4.482140495699886429e-02 -1.065028241763388978e-02 -7.558248450059855017e+00 -9.981466943432602476e-03 1.511937653260626846e-02 9.998360299777976357e-01 7.654867489111739920e-02
4.180896317119924682e-02 9.990378314751948707e-01 -1.326698728864414249e-02 8.467295660543632252e+00 -9.990721511341880134e-01 4.166526572187588540e-02 -1.092698463255298638e-02 -7.752029026186435523e+00 -1.036369965709196643e-02 1.371148013007580414e-02 9.998524409370060928e-01 7.577283779124896479e-02
4.056252871315962211e-02 9.991096504339740392e-01 -1.162667565324598112e-02 8.476826399253155842e+00 -9.991290224114508511e-01 4.044343213107664398e-02 -1.029962885336300690e-02 -7.946577478904155001e+00 -9.820236854371753449e-03 1.203428546352045166e-02 9.998795197061692841e-01 7.626453525461114602e-02
4.075965702036939836e-02 9.991079388304203723e-01 -1.107151057404061160e-02 8.484881352192129356e+00 -9.991296400886154894e-01 4.065682927867422802e-02 -9.356856950709153964e-03 -8.141205757880687344e+00 -8.898380956517685375e-03 1.144321542135567915e-02 9.998950883445164584e-01 7.780120510235309650e-02
4.108748910986063235e-02 9.990776367266656077e-01 -1.250188589577063900e-02 8.489455484517277384e+00 -9.991166894536130938e-01 4.097187410137287378e-02 -9.365548839945237944e-03 -8.340122685063152019e+00 -8.844688900389771277e-03 1.287560781957476815e-02 9.998781461333758891e-01 7.838348419326009175e-02
4.041304183522665544e-02 9.990854427096051982e-01 -1.398816395695328535e-02 8.493974953240924108e+00 -9.991349099310580240e-01 4.026925444383827601e-02 -1.041088631085634875e-02 -8.541076489804600769e+00 -9.838076352823441756e-03 1.439675595758843282e-02 9.998481202320195216e-01 7.963094201607091860e-02
