1.000000000000000000e+00 0.000000000000000000e+00 0.000000000000000000e+00 0.000000000000000000e+00 0.000000000000000000e+00 1.000000000000000000e+00 0.000000000000000000e+00 0.000000000000000000e+00 0.000000000000000000e+00 0.000000000000000000e+00 1.000000000000000000e+00 0.000000000000000000e+00
9.999999942571827782e-01 9.611483242933097288e-05 4.740857923956712938e-05 -7.124897657115134703e-03 -9.611977012218948194e-05 9.999999899557791005e-01 1.041606042206716300e-04 6.114654759252094972e-03 -4.739856738436446973e-05 -1.041651605242346548e-04 9.999999934514975930e-01 -1.099568487892935674e-03
9.999999569442432623e-01 -2.911269051412701536e-04 3.683254919852942957e-05 -1.159130856388648767e-03 2.911236010281262592e-04 9.999999536022793345e-01 8.967992001336686067e-05 6.229180252567536290e-03 -3.685865572714991807e-05 -8.966919332777232752e-05 9.999999953004375941e-01 8.621518600400283634e-04
9.999998151812728997e-01 -5.432020269641123743e-04 -2.730732100226205845e-04 5.144866079048506999e-03 5.432185343784317385e-04 9.999998506339301541e-01 6.037997397008933214e-05 2.862099618424069659e-03 2.730403707104998422e-04 -6.052830123966588931e-05 9.999999608926395389e-01 4.572930570978702911e-03
9.999999334311999721e-01 -1.163904327719484744e-04 -3.458191184708324590e-04 3.240789905897613864e-03 1.164314897946322990e-04 9.999999861762705056e-01 1.187062216532631655e-04 -5.260886235729466103e-04 3.458052974218115989e-04 -1.187464779862954596e-04 9.999999331589828344e-01 1.178583546037472373e-03
9.999999905093753805e-01 8.753116330780300307e-05 -1.063933487584641614e-04 -6.829044306184638667e-03 -8.752914022410653179e-05 9.999999959884514622e-01 1.901964070873467217e-05 3.431050708419971715e-03 1.063950131429390079e-04 -1.901032800988400697e-05 9.999999941593542552e-01 -1.235629108502757584e-03
9.999999895271519668e-01 6.857414948711571749e-05 1.274491345977382477e-04 -7.373032460724463638e-03 -6.856907794248947186e-05 9.999999968572544917e-01 -3.979663922138422868e-05 -6.640092236716032843e-04 -1.274518632178850809e-04 3.978789973495613919e-05 9.999999910864727504e-01 -3.988209488092223261e-03
9.999999890253578050e-01 -6.758634449598711577e-05 1.318384250823814111e-04 1.677021709258566702e-03 6.758413094697248531e-05 9.999999975751693304e-01 1.679424522454052540e-05 -4.326026568937241246e-03 -1.318395598243388459e-04 -1.678533485484508779e-05 9.999999911682914133e-01 -1.709482183118748696e-03
9.999999714868701428e-01 -2.275077139404308108e-04 -7.257064792156499712e-05 4.308912656497112560e-03 2.275136524661247367e-04 9.999999707704320118e-01 8.183320240146155840e-05 -7.834649379228198060e-04 7.255202811555351117e-05 -8.184971088131131765e-05 9.999999940184139957e-01 2.876402900168275982e-03
9.999999872632648890e-01 -1.193921210954537444e-04 -1.059197405389994526e-04 -1.341061866546700010e-03 1.194014187164861975e-04 9.999999890191716423e-01 8.777788942162960460e-05 9.520995667174143168e-03 1.059092593875096320e-04 -8.779053527091632047e-05 9.999999905380253518e-01 3.673572425906934235e-03
9.999999930972922613e-01 -5.122088740092887023e-05 -1.057442011685084558e-04 -2.097470949926480074e-03 5.122916136508404199e-05 9.999999956267356938e-01 7.824386062126254459e-05 6.622146598108873822e-03 1.057401929860864084e-04 -7.824927726791312647e-05 9.999999913480310809e-01 3.308519254022454763e-03
9.999999975843681943e-01 -6.648210467006729612e-05 2.028283608682079594e-05 -4.520440307358199357e-03 6.648207852278422694e-05 9.999999977892347625e-01 1.289804979364454220e-06 2.059818886820352982e-03 -2.028292179092984807e-05 -1.288456531147371451e-06 9.999999997934714280e-01 -5.907078236262757907e-05
9.999999999255817507e-01 -1.866395840644649864e-06 -1.205624503495404578e-05 -4.973080103745651558e-04 1.866176517133014312e-06 9.999999998327900874e-01 -1.819167890147399820e-05 -1.865464080681898283e-03 1.205627898581195687e-05 1.819165640103883854e-05 9.999999997618549408e-01 -1.412929960798071797e-03
9.999999996895826415e-01 8.730204364068414028e-06 2.333705527270537865e-05 -2.438646427750897246e-03 -8.730624625989551923e-06 9.999999997997384149e-01 1.800831143494304137e-05 1.022562115356040122e-03 -2.333689805179277958e-05 -1.800851517642240731e-05 9.999999995655413088e-01 -3.647367943911529551e-03
9.999999999497463099e-01 -2.002570182987700705e-06 -9.823294451277736093e-06 5.593455393502586200e-03 2.003111857286760524e-06 9.999999984776672957e-01 5.514211649260484361e-05 7.343568881510975296e-03 9.823184010365097082e-06 -5.514213616699133289e-05 9.999999984314249524e-01 -8.477263793730223981e-04
9.999999948732307686e-01 -9.898525032513799356e-05 -2.134147506114225388e-05 6.353714690725013534e-03 9.898637609551346036e-05 9.999999937092639568e-01 5.275575291816257559e-05 1.023658256520048812e-02 2.133625288547997572e-05 -5.275786516297284847e-05 9.999999983806859838e-01 9.736215378148473792e-04
9.999999881422456660e-01 -1.485269700701598685e-04 -4.068473521771977263e-05 -2.969594849732243649e-03 1.485273807346528939e-04 9.999999889188945223e-01 1.009098701719352019e-05 4.445928050725414353e-03 4.068323598316124474e-05 -1.009702969469484695e-05 9.999999991214622019e-01 2.336476478845557047e-03
9.999999958195472383e-01 -9.141424198540967240e-05 -2.083718486871410543e-06 -1.966427995177559476e-03 9.141421708206868635e-05 9.999999957503388215e-01 -1.194835790226673893e-05 1.359843664475491893e-04 2.084810728096918660e-06 1.194816737082309942e-05 9.999999999264473916e-01 -2.825553915016215320e-03
9.999999992429853268e-01 -1.665211240976092506e-05 3.516726611197923782e-05 -5.220223433355710221e-03 1.665223966676873671e-05 9.999999998548052549e-01 -3.618331297462004455e-06 4.404872901396543992e-03 -3.516720585401363514e-05 3.618916908466596691e-06 9.999999993750855465e-01 -4.989570707185657719e-03
9.999999999154399744e-01 3.559977917843220505e-06 1.250785993144837323e-05 -1.419460046803221664e-03 -3.560060859898936178e-06 9.999999999716767674e-01 6.631178791669568500e-06 1.132586348339579933e-02 -1.250783632424404371e-05 -6.631223319851419439e-06 9.999999998997904926e-01 -2.123542830962403885e-03
9.999999983777607682e-01 -5.467246779969807478e-05 1.598123078238453733e-05 1.105682377321260800e-03 5.467210660703204105e-05 9.999999982500864526e-01 2.260061756815305659e-05 5.919343636472836762e-03 -1.598246638595500615e-05 -2.259974380393639618e-05 9.999999996169062211e-01 9.249566546198128908e-04
9.999999942204581549e-01 -1.074981824778851715e-04 -1.795665158499746524e-06 -3.341133113436783875e-03 1.074982679722248202e-04 9.999999930853954444e-01 4.767946626139544169e-05 5.978050202028344084e-03 1.790539690118816308e-06 -4.767965901672437221e-05 9.999999988617220836e-01 8.797576812927510558e-04
9.999999910610889442e-01 -1.229975428199309195e-04 -5.243497333911015685e-05 -3.302705009389685607e-03 1.230002319718228622e-04 9.999999911203791836e-01 5.128532359426562180e-05 6.007708673431518508e-03 5.242866490472265691e-05 -5.129177264971483241e-05 9.999999973101946216e-01 -1.174457996991887574e-04
9.999999979429509134e-01 -3.026387884059221362e-05 -5.655259255366179447e-05 3.576272704972539677e-03 3.026408896514876202e-05 9.999999995351429583e-01 3.714708039469290798e-06 7.605731054430363985e-03 5.655248010589888105e-05 -3.716419544520207259e-06 9.999999983940025539e-01 -9.271946902146289407e-04
9.999999996982291695e-01 2.414343674805813510e-05 -4.542701822892143995e-06 4.210241321548351297e-03 -2.414326645348881923e-05 9.999999990060326471e-01 3.748382876593898028e-05 5.064722688220613979e-03 4.543606806825732101e-06 -3.748371907896691681e-05 9.999999992871632104e-01 -1.144699485054175752e-03
9.999999990457869581e-01 -4.367678115332241940e-05 -8.745663137227738970e-07 -2.949097497050170470e-03 4.367680819912900627e-05 9.999999985672566316e-01 3.094871915118505674e-05 1.997655028181865352e-03 8.732145720364028128e-07 -3.094875731991853684e-05 9.999999995207059511e-01 1.031766675856500472e-03
9.999999946364396264e-01 -1.018911975303878433e-04 -1.858237538780840224e-05 -5.895528636588917570e-03 1.018921431910409264e-04 9.999999935137764417e-01 5.089634762767275691e-05 2.005764006964053624e-03 1.857718937746925423e-05 -5.089824075274097809e-05 9.999999985321285090e-01 1.047210504453397698e-03
9.999999964150997345e-01 -6.067411471797696165e-05 -5.906312139669560681e-05 -5.027622916775468728e-03 6.067563932766680023e-05 9.999999978261094880e-01 2.581177622451354006e-05 9.353510436891811350e-04 5.906155516162713465e-05 -2.581535982463232549e-05 9.999999979226499303e-01 2.060049898956086648e-03
9.999999976019712244e-01 -5.960523629528853486e-05 -3.526008080740653357e-05 2.685727099288303006e-03 5.960555296077610187e-05 9.999999981832700113e-01 8.979867065255878967e-06 8.010236825948027425e-03 3.525954549625016948e-05 -8.981968740335868299e-06 9.999999993380443986e-01 5.316436416745711629e-04
9.999999967945596424e-01 -7.866209136513645803e-05 -1.493841197091879273e-05 8.953151221697128875e-03 7.866219667948174234e-05 9.999999968812820494e-01 7.049445643987016452e-06 9.009636808195893576e-03 1.493785740019277814e-05 -7.050620709690973418e-06 9.999999998635745735e-01 -9.108107706094213966e-04
9.999999973978810353e-01 -6.205199428108108535e-05 -3.679385576409887102e-05 5.070164873764911387e-03 6.205299882867877821e-05 9.999999977020257447e-01 2.730153449361972479e-05 7.119011106076073014e-03 3.679216156488527965e-05 -2.730381759166651770e-05 9.999999989504192444e-01 -1.853851289877483672e-03
9.999999984984881962e-01 -3.693527969343484655e-05 -4.048220196085848104e-05 -3.678765665080240086e-03 3.693644929512485424e-05 9.999999989004932921e-01 2.889138395226315310e-05 9.512624736366891414e-04 4.048113480500101832e-05 -2.889287917768248591e-05 9.999999987632396392e-01 1.284211151191263665e-03
9.999999999823110386e-01 -5.926652865994012597e-06 -5.027586083569523528e-07 -5.273455969905945298e-03 5.926671514094734862e-06 9.999999992942445459e-01 3.709967038326638733e-05 1.313470046122821287e-04 5.025387311343233860e-07 -3.709967336229525581e-05 9.999999993116808206e-01 -5.437744665643538984e-04
9.999999998897309839e-01 -1.317237860401991223e-05 6.857581014763659652e-06 -5.979339665251542186e-04 1.317198567081361342e-05 9.999999982718341673e-01 5.729599021318886965e-05 5.534017319278231040e-03 -6.858335727388201711e-06 -5.729589987891203377e-05 9.999999983350715826e-01 -1.857716159992757032e-03
9.999999968870864064e-01 -7.495070763491480919e-05 -2.466208992618498336e-05 2.912633390036473147e-03 7.495059969735204505e-05 9.999999971816223576e-01 -4.377554312970538495e-06 8.955708202361698303e-03 2.466241795747137235e-05 4.375705860913833316e-06 9.999999996863091489e-01 8.499564541215678427e-04
9.999999919337175802e-01 -1.103382016668669484e-04 -6.291300392614239618e-05 3.974553772284670702e-03 1.103390617825361067e-04 9.999999938192358773e-01 1.366820154610911410e-05 7.637064140997563283e-03 6.291149541251333469e-05 -1.367514319768466906e-05 9.999999979275671080e-01 1.934317385408399273e-03
9.999999970836143115e-01 -6.992947341885091589e-05 3.070244658150324138e-05 -1.026714797542674883e-03 6.992848641196491757e-05 9.999999970382758008e-01 3.214739613603169455e-05 -2.192653329154747378e-04 -3.070469454105463587e-05 -3.214524906665890358e-05 9.999999990119523563e-01 -1.167693602388918724e-03
9.999999986127138252e-01 -1.827533672039047580e-05 4.940227025279775991e-05 -4.879675217070650935e-04 1.827425372150262410e-05 9.999999995927297824e-01 2.192240945455120515e-05 -2.776369481294851515e-03 -4.940267087209218502e-05 -2.192150663451753059e-05 9.999999985394117941e-01 -3.141291310140786365e-03
9.999999935260498463e-01 -1.129436023472911920e-04 1.384351330253974789e-05 -5.973557874791331386e-03 1.129435752688468875e-04 9.999999936199598372e-01 1.956804611439485106e-06 6.787524868075847824e-03 -1.384373422277948457e-05 -1.955241062884559489e-06 9.999999999022640695e-01 -1.242515587367527038e-03
9.999999921665222447e-01 -1.209426864904424357e-04 -3.224627253431873724e-05 -3.493796765537405136e-03 1.209422776476773187e-04 9.999999926060862965e-01 -1.268040898501940177e-05 1.537660730220394116e-02 3.224780589862104183e-05 1.267650894804174977e-05 9.999999993996925296e-01 8.892430804404471739e-05
9.999999982412435262e-01 -2.873902225946124248e-05 -5.188045541231111132e-05 2.015261984848939342e-03 2.874013936262973911e-05 9.999999993551964561e-01 2.153163737158796364e-05 4.240344103921789634e-03 5.187983658065269582e-05 -2.153312838523779992e-05 9.999999984224035021e-01 -1.313978068649121803e-04
9.999999999003202911e-01 -1.354549181812000924e-05 3.984856046916012524e-06 3.088302853923369424e-04 1.354533347691618941e-05 9.999999991189030268e-01 3.973308376999509160e-05 2.550156444919710920e-03 -3.985394247566082265e-06 -3.973302978983049474e-05 9.999999992027014395e-01 -1.771297563743730319e-03
9.999999967414513469e-01 -7.245018915155495968e-05 3.560993503355285386e-05 -5.594951971030851998e-03 7.244972232831170381e-05 9.999999972895766698e-01 1.311046911715869647e-05 8.215813337475405889e-03 -3.561088479300225824e-05 -1.310788914453228472e-05 9.999999992800240323e-01 -1.596574080933364954e-03
9.999999943945510061e-01 -1.023843000019425192e-04 2.698801764978022382e-05 -2.733801151387542806e-03 1.023840540950798569e-04 9.999999947172300008e-01 9.112929365636801205e-06 8.601006158546023114e-03 -2.698895052810279801e-05 -9.110166171895768506e-06 9.999999995943007480e-01 -5.443859933787745155e-04
9.999999982827769696e-01 -5.532191198253503021e-05 -1.933732347203337727e-05 -3.377165044191005679e-04 5.532221324734730786e-05 9.999999983483697230e-01 1.557925963697991608e-05 4.463155995985677513e-03 1.933646156566487902e-05 -1.558032939375960638e-05 9.999999996916772993e-01 -1.082830468680257702e-03
9.999999960026494383e-01 2.429303068814686080e-05 -8.604969355192955307e-05 2.284677349079515876e-03 -2.428908226256269195e-05 9.999999986522504214e-01 4.588615917429056352e-05 -6.651422295284942915e-03 8.605080814982909803e-05 -4.588406892278214401e-05 9.999999952449553087e-01 1.713447411790991817e-03
9.999999956592738881e-01 -4.001505160292042533e-05 -8.414420823662771543e-05 3.016761613183590023e-03 4.001937928209373953e-05 9.999999978766692665e-01 5.143063932777960765e-05 8.767429157847296274e-06 8.414215005827505912e-05 -5.143400650351709455e-05 9.999999951373207407e-01 2.023359577571273975e-03
9.999999946367628123e-01 -9.615583977409218749e-05 3.847764094285712909e-05 -2.217769683463812532e-03 9.615594445701342735e-05 9.999999953733212932e-01 -2.718776247725082267e-06 1.340147063350038102e-02 -3.847737933862018531e-05 2.722476087048979207e-06 9.999999992560396622e-01 -1.466390763383419336e-03
9.999999969653846632e-01 -5.961344469858541003e-05 5.015443956666825582e-05 -5.364405386579941711e-03 5.961439964700263402e-05 9.999999980418222689e-01 -1.903887776291979939e-05 9.830914789272421350e-03 -5.015330449537030972e-05 1.904186763194852842e-05 9.999999985610266151e-01 -1.956234024213503436e-03
9.999999976328658446e-01 -6.838518073041184077e-05 -7.598374135682842224e-06 -3.707472491322740590e-03 6.838525955766743610e-05 9.999999976079134711e-01 1.037445121368429282e-05 3.275800050087172843e-03 7.597664658785648075e-06 -1.037497080591406084e-05 9.999999999173176946e-01 3.228154543186158819e-04
9.999999939612123079e-01 -9.360520717758274306e-05 -5.758159860835637499e-05 -1.861902400236522225e-03 9.360764233742288913e-05 9.999999947246100973e-01 4.228934983227311610e-05 1.759743479127516335e-03 5.757763980123853359e-05 -4.229473965458446647e-05 9.999999974479851783e-01 2.605030170826807493e-03
9.999999969914417086e-01 -4.729164854454565481e-05 -6.148671935263481925e-05 -8.333330003752804395e-04 4.729691404247594714e-05 9.999999952145921522e-01 8.563771168858043024e-05 8.521887409826320574e-04 6.148266910983244673e-05 -8.564061956301436350e-05 9.999999944427828691e-01 1.326664004144709717e-03
9.999999997673683083e-01 -1.555752592816330769e-05 1.494077205902837701e-05 2.991151824971127055e-03 1.555686872658384830e-05 9.999999989115976318e-01 4.398623197241895719e-05 2.522876202650064115e-03 -1.494145635971119829e-05 -4.398599953055678537e-05 9.999999989209923390e-01 -1.382648352292510045e-03
9.999999999118731608e-01 -1.172051129587633801e-06 -1.322422171501689285e-05 3.413604327168002963e-03 1.172040253103049786e-06 9.999999999989749311e-01 -8.224746155225070876e-07 5.311156135753212527e-03 1.322422267898563702e-05 8.224591161298590350e-07 9.999999999122217709e-01 -1.374531472025822092e-03
9.999999968802746331e-01 -7.459628889984212081e-05 -2.597776686359677567e-05 2.880033896706266582e-04 7.459625211512348490e-05 9.999999972166956352e-01 -1.416973771149444759e-06 9.164399357944425992e-03 2.597787249227754525e-05 1.415035922682531394e-06 9.999999996615739351e-01 -1.021391232544909509e-03
9.999999905173130310e-01 -1.363419966039392678e-04 -1.939674985250787093e-05 -6.954236063925346711e-03 1.363421947941125792e-04 9.999999906532119898e-01 1.021674477491637101e-05 1.167411715665292622e-02 1.939535669982915843e-05 -1.021938927348093714e-05 9.999999997596921153e-01 -4.130491639323438506e-04
9.999999968983299681e-01 -7.814974395366023209e-05 -9.795795733113148317e-06 -5.149728518207870830e-03 7.814978292138214429e-05 9.999999969383946974e-01 3.977685101015294982e-06 7.114103371690006991e-03 9.795484848050116134e-06 -3.978450627987913000e-06 9.999999999441101517e-01 5.157219397584262600e-04
9.999999995708143130e-01 2.719215952589402031e-05 -1.090678359534794950e-05 5.111092209140017176e-03 -2.719175688315263008e-05 9.999999989489390950e-01 3.691517554787637388e-05 -3.420340047874411912e-03 1.090778738722668050e-05 -3.691487895742500406e-05 9.999999992591559472e-01 -7.282375082980989921e-04
9.999999993319593772e-01 -2.892255110898426495e-06 -3.643783783890923710e-05 9.581733588522609382e-03 2.893873702094030869e-06 9.999999990092161006e-01 4.442064139849187288e-05 4.346906336894063201e-03 3.643770932698009787e-05 -4.442074681531775579e-05 9.999999983495453382e-01 -1.645180834390465785e-03
9.999999958144255574e-01 -8.461045882986093739e-05 -3.481693644128723889e-05 3.049881501097177587e-03 8.461092637914791655e-05 9.999999963303461969e-01 1.342753500279353890e-05 1.204805838550247060e-02 3.481580020362359627e-05 -1.343048083983757164e-05 9.999999993037411716e-01 9.129261557854240509e-04
9.999999934907657373e-01 -7.837457846821913195e-05 -8.292101048261854492e-05 -1.647669316802697834e-03 7.837719232929106874e-05 9.999999964317677348e-01 3.151952128769964600e-05 5.685376632543997881e-03 8.291853985754268376e-05 -3.152602019851842482e-05 9.999999960653128683e-01 3.771935183640958474e-03
9.999999985933579749e-01 -2.276745392259716294e-05 -4.790539686118926610e-05 9.702434483636900074e-04 2.277003922827967937e-05 9.999999982845416691e-01 5.396704503518500655e-05 8.922000272552294345e-04 4.790416808679838701e-05 -5.396813576703844923e-05 9.999999973963155098e-01 1.424855891777451191e-03
9.999999983519847202e-01 3.186565650020167248e-06 -5.732256406735824247e-05 1.593092291782197134e-02 -3.186892698300656797e-06 9.999999999786465255e-01 -5.705311718108896863e-06 8.676868566878589983e-03 5.732254588578387304e-05 5.705494389567330516e-06 9.999999983407865667e-01 2.438030238899240552e-03
9.999999946155173625e-01 8.261811427091368220e-05 6.279500396428065647e-05 3.107283595060303036e-02 -8.261547901403599114e-05 9.999999957067072787e-01 -4.196746316080445459e-05 1.543084367081625809e-02 -6.279847096735042308e-05 4.196227509549917822e-05 9.999999971477597782e-01 4.116255609073873889e-03
9.999999958293959157e-01 3.875768796462261570e-06 9.124794009485146808e-05 1.107134192700457570e-02 -3.871066335766666084e-06 9.999999986645742300e-01 -5.153509941801718799e-05 9.327979477973357206e-03 -9.124813971112686803e-05 5.153474597625557830e-05 9.999999945089734776e-01 3.778085810656485986e-03
9.999999994933821412e-01 -1.499328160723653138e-05 2.807912589914800318e-05 1.575438566170761338e-04 1.499467994717706629e-05 9.999999986475381908e-01 -4.980043277781318371e-05 5.511877683625384695e-03 -2.807837918925925409e-05 4.980085379008944733e-05 9.999999983657398284e-01 3.230457450086330132e-03
9.999999964416990128e-01 -8.336049499070004125e-05 -1.294719606812764027e-05 -1.828205519966459927e-02 8.336031683895935365e-05 9.999999964308626810e-01 -1.375980064050888781e-05 -4.097836939817772940e-05 1.294834304570968439e-05 1.375872130918095947e-05 9.999999998215189922e-01 3.022161662111136956e-03
9.999999857270178705e-01 -1.684934663236935010e-04 -1.248662459538068242e-05 -2.782274455241192171e-02 1.684938451030520469e-04 9.999999853446551734e-01 3.033996704902431943e-05 -2.142678042183809688e-03 1.248151232616865599e-05 -3.034207053537294431e-05 9.999999994617853050e-01 3.249960659626021861e-03
9.999999565398293155e-01 -2.936373628301426879e-04 2.640906279394496451e-05 -3.556790672717713431e-02 2.936371727727964706e-04 9.999999568626826152e-01 7.200260803304677457e-06 1.107819910077658884e-02 -2.641117592032280888e-05 -7.192505807845722328e-06 9.999999996253587931e-01 1.193038695363623667e-03
9.999999545635990250e-01 -2.986397629537547102e-04 4.107422451489143304e-05 -4.257871658855651165e-02 2.986413860319216411e-04 9.999999546259316086e-01 -3.951527989459615133e-05 6.481576989109854962e-03 -4.106242181736597660e-05 3.952754456250336313e-05 9.999999983757253963e-01 4.091378143491907274e-03
9.999999590617402179e-01 -2.488096445962964336e-04 1.413162365130067166e-04 -3.090202652903366320e-02 2.488330030801532734e-04 9.999999553792267015e-01 -1.652987634102001560e-04 8.309189593275393901e-03 -1.412751022807906401e-04 1.653339207866719911e-04 9.999999763530197372e-01 1.576842049292578873e-02
9.999997846461970985e-01 -3.753990636272323367e-04 5.383150586706200507e-04 -5.272054962188718608e-02 3.755427249973242502e-04 9.999998938937608717e-01 -2.667960433344027148e-04 7.374339811996290239e-03 -5.382148465671865445e-04 2.669981461829005901e-04 9.999998195183681382e-01 1.894038105056096780e-02
9.999994497954504125e-01 -3.909250619114736439e-04 9.734404924600735922e-04 -8.536684880953630816e-02 3.911874649757866407e-04 9.999998872015788409e-01 -2.693867051463339954e-04 -7.855577018902595507e-03 -9.733350726431354077e-04 2.697673546470934517e-04 9.999994899220753242e-01 1.318164049969944990e-02
9.999993314366576458e-01 -7.725154620904031450e-04 8.604336689365039200e-04 -1.463737315276401052e-01 7.727629280615790552e-04 9.999996601449269162e-01 -2.873107857507113888e-04 -2.467564463850645175e-03 -8.602114244893388018e-04 2.879755049066622628e-04 9.999995885531222095e-01 1.251681897915467301e-02
9.999992973361845339e-01 -1.048483791245012012e-03 5.531806907848841682e-04 -2.089408488305231348e-01 1.048593043629459428e-03 9.999994307732591459e-01 -1.972454984192643023e-04 1.151884732220389770e-02 -5.529735671916537849e-04 1.978254212462169151e-04 9.999998275426534855e-01 4.618040154868100454e-03
9.999987316771363766e-01 -1.513210679607839048e-03 4.968274929665492329e-04 -2.799174260196325981e-01 1.513231441758709122e-03 9.999988542069943032e-01 -4.141620851977234250e-05 2.958264879673902156e-02 -4.967642522560418092e-04 4.216797097413528734e-05 9.999998757235621927e-01 -3.136383729564886334e-03
9.999972894422115566e-01 -2.187293068927612626e-03 7.980333703514472850e-04 -3.660333533099231484e-01 2.187335525188255185e-03 9.999976064094555639e-01 -5.233220421289240488e-05 3.991661693653180548e-02 -7.979169943187613013e-04 5.407762910468412915e-05 9.999996802019889275e-01 -5.350527815195473512e-03
9.999958847205754342e-01 -2.610649126630378101e-03 1.189560024179771780e-03 -4.481754265503818391e-01 2.610937143377709685e-03 9.999965625458712148e-01 -2.406318237224356596e-04 4.338363437909093651e-02 -1.188927729861314828e-03 2.437366999066508777e-04 9.999992635213659220e-01 2.570845611074834385e-03
9.999942128002927699e-01 -3.176265425058273032e-03 1.218894528748589064e-03 -5.119296447136506556e-01 3.176628857717969049e-03 9.999949105912036007e-01 -2.963457286701149654e-04 5.708604019021037285e-02 -1.217947052604214210e-03 3.002159891927380815e-04 9.999992132373589637e-01 4.642134467184236626e-03
9.999913813775876958e-01 -3.929596042757149861e-03 1.339942343802227572e-03 -6.361564468764914215e-01 3.929862499420178068e-03 9.999922587971077359e-01 -1.962819247266888042e-04 8.061419854289390841e-02 -1.339160662362009688e-03 2.015460222151867599e-04 9.999990830135402353e-01 -4.603502952583385203e-03
9.999992334415915840e-01 -7.579246961326107463e-04 9.791151026139139138e-04 -7.886806894460060002e-01 7.579721615183852412e-04 9.999997115818851645e-01 -4.810767899206745793e-05 2.020241798986944365e-02 -9.790783582214004389e-04 4.884978410542518734e-05 9.999995195095180422e-01 2.431472286146739176e-03
9.999990932652778053e-01 9.662887707571374100e-04 9.379523621405099973e-04 -9.315178905836329903e-01 -9.662542198718041897e-04 9.999995324810488917e-01 -3.728895483825144744e-05 -8.451154602808458316e-03 -9.379879555283390053e-04 3.638262059910435137e-05 9.999995594273530797e-01 1.082815824348767018e-02
9.999947671968105745e-01 3.066644082130907424e-03 1.030181086227463993e-03 -1.110206958944450761e+00 -3.066640888721333755e-03 9.999952978348261023e-01 -4.679440204615733850e-06 -3.546847110922855123e-02 -1.030190592323448591e-03 1.520220276213605972e-06 9.999994693523753808e-01 1.190612922311456642e-02
9.999954491080741414e-01 2.728190834020760135e-03 1.287919995367305072e-03 -1.265909827218310468e+00 -2.728241925183898416e-03 9.999962776223237926e-01 3.791430043989475404e-05 -3.393261229839007048e-02 -1.287811763795727437e-03 -4.142788522365472903e-05 9.999991699119511468e-01 6.040269284007509371e-03
9.999984151951979428e-01 6.674733941586519226e-04 1.650480645309313973e-03 -1.366198858649579462e+00 -6.673302004954028820e-04 9.999997735238368435e-01 -8.730795174824990926e-05 -4.526717877922410856e-04 -1.650538547249680472e-03 8.620639780224068657e-05 9.999986341445477045e-01 2.706111956276755024e-03
9.999977666208426097e-01 -1.305334186203269825e-03 1.662184102037364596e-03 -1.461857046775301372e+00 1.305569359044064575e-03 9.999991378868838821e-01 -1.404070432609861555e-04 3.247902476120455989e-02 -1.661999390933096166e-03 1.425768263115323258e-04 9.999986087139687285e-01 7.084421100689254278e-03
9.999962230935893759e-01 -2.105741183995342349e-03 1.766253838509675503e-03 -1.590776531994684717e+00 2.105979118547143900e-03 9.999977735972912507e-01 -1.328623828172922460e-04 5.416382634860274214e-02 -1.765970132326043305e-03 1.365815747104619584e-04 9.999984313462522145e-01 5.328558665886105536e-03
9.999961050431851461e-01 -2.066235239381781358e-03 1.876318308380670475e-03 -1.749572552081535948e+00 2.066520430699828742e-03 9.999978534839740751e-01 -1.500691625776034955e-04 6.153360321368847585e-02 -1.876004202641289509e-03 1.539460281834608205e-04 9.999982284528567966e-01 8.880822833258566334e-03
9.999956930815224743e-01 -2.221297097020549696e-03 1.918243366244842428e-03 -1.928782404725729593e+00 2.221551549569939030e-03 9.999975238324878557e-01 -1.305281780636124739e-04 7.828086278297725908e-02 -1.917948674489927067e-03 1.347890924121240277e-04 9.999981516506830648e-01 1.077817046267228948e-02
9.999978242389720995e-01 -9.511809963894308530e-05 2.083859368801147579e-03 -2.177898392913918180e+00 9.514931664662282858e-05 9.999999953625779980e-01 -1.488124730094853204e-05 4.236000621565150226e-02 -2.083857943661449053e-03 1.507949271783970097e-05 9.999978286519823900e-01 4.383635005721587576e-03
9.999975454800161812e-01 6.751118377168910216e-04 2.110274377803822172e-03 -2.370364210125044835e+00 -6.752779183909766092e-04 9.999997689586614946e-01 7.798946497848315430e-05 2.340461999765960921e-02 -2.110221238632181088e-03 -7.941429524086000792e-05 9.999977703273611462e-01 -9.105491785168694447e-04
9.999928168456155841e-01 3.151700630175110346e-03 2.105478641345857969e-03 -2.546289392206777524e+00 -3.152128144941345085e-03 9.999950120793674735e-01 1.997612169850504656e-04 -4.255051756037356997e-03 -2.104838551832045272e-03 -2.063965205533480063e-04 9.999977635250726360e-01 -2.255986775590074125e-03
9.999931666771512129e-01 2.888013235712437888e-03 2.307808170917309987e-03 -2.721621777468085313e+00 -2.888745663165570490e-03 9.999957782362454140e-01 3.140989966689595623e-04 7.692710012208205309e-06 -2.306891305836717213e-03 -3.207635211742642864e-04 9.999972876779549269e-01 -1.369348267400585274e-02
9.999922695279671592e-01 3.361943145512985825e-03 2.039172035880950674e-03 -2.922363500598274211e+00 -3.362848219672317542e-03 9.999942485550182836e-01 4.405777298060066364e-04 -3.684637650043986676e-03 -2.037679110416391014e-03 -4.474317499826558188e-04 9.999978238319682244e-01 -1.706510900239753895e-02
9.999925677335176344e-01 3.355777757267851182e-03 1.898218472686703708e-03 -3.108019939641209373e+00 -3.356608993816377791e-03 9.999942720081222980e-01 4.348873512838597063e-04 7.709226608938130401e-03 -1.896748214406354400e-03 -4.412556962828236506e-04 9.999981038180130177e-01 -1.406887876523281976e-02
9.999960757303820724e-01 1.625664026076229906e-03 2.281609149339001649e-03 -3.280569910382471477e+00 -1.626286985505402986e-03 9.999986408179397657e-01 2.712064045350726679e-04 3.379799667351661430e-02 -2.281165157721283445e-03 -2.749158915135992511e-04 9.999973603499040520e-01 -7.891774773835454754e-03
9.999969083597847197e-01 -2.426092022977016354e-05 2.486500006047282895e-03 -3.424573467330780829e+00 2.367867847966441809e-05 9.999999722971018024e-01 2.341903408591829259e-04 6.348979669591767183e-02 -2.486505618837204969e-03 -2.341307397927242418e-04 9.999968812314387057e-01 -6.358794560852496468e-03
9.999960684375114317e-01 -1.689466419932477174e-03 2.238037697547464247e-03 -3.600110038065460039e+00 1.688604341534053008e-03 9.999984994114333725e-01 3.870274655638208591e-04 8.701924188006861238e-02 -2.238688209080346315e-03 -3.832467837685597204e-04 9.999974206951762756e-01 -1.050851689544630117e-02
9.999969184932437916e-01 6.861395328915951067e-04 2.385836657878841367e-03 -3.867248840571858359e+00 -6.874999441958508980e-04 9.999996015467637056e-01 5.694296625730161862e-04 3.947375904034778477e-02 -2.385444999031810856e-03 -5.710681704408159627e-04 9.999969917621258642e-01 -1.545239528941803366e-02
9.999932971170089058e-01 2.536774404172213379e-03 2.640169819543180217e-03 -4.080284211277444228e+00 -2.538551208737911940e-03 9.999965535198417355e-01 6.698553568557382267e-04 8.010137395990971423e-03 -2.638461448326512564e-03 -6.765530731803350408e-04 9.999962903916818080e-01 -1.819351098143269854e-02
9.999883744847597455e-01 3.867636128129883256e-03 2.879632981533800876e-03 -4.289182792994306048e+00 -3.869233011404995572e-03 9.999923636896349555e-01 5.491796794122678817e-04 -6.151194254958545181e-03 -2.877486964593687323e-03 -5.603152659084164114e-04 9.999957030485537857e-01 1.050763149616390155e-03
9.999912900444010155e-01 2.971746611853149679e-03 2.930624064912310499e-03 -4.469277283391586586e+00 -2.973098152504694610e-03 9.999954759410352167e-01 4.569297957994127111e-04 1.184022209903565909e-02 -2.929252927023715414e-03 -4.656388489542559505e-04 9.999956013192017323e-01 1.512979976706893721e-02
9.999955819882458963e-01 7.990781823529050695e-04 2.863123826828939920e-03 -4.667018655257019866e+00 -8.003612951353807374e-04 9.999995797912898388e-01 4.470336017202717000e-04 3.753379212461942921e-02 -2.862765408921455479e-03 -4.493231602147387273e-04 9.999958013326412098e-01 2.409001544948861581e-02
9.999949782615447091e-01 -1.119992409431322606e-03 2.964636351305629212e-03 -4.838496965773178893e+00 1.118381465786855372e-03 9.999992261048450404e-01 5.449886311589817890e-04 6.547895669665507179e-02 -2.965244440118044566e-03 -5.416703000205168490e-04 9.999954569490285827e-01 1.484657539142321576e-02
9.999939671397661822e-01 7.863086263901165277e-04 3.383401072338078092e-03 -5.045071082810495433e+00 -7.883521511342602480e-04 9.999995076302297115e-01 6.026941047782777153e-04 4.072555116391106400e-02 -3.382925502880008203e-03 -6.053577803225076168e-04 9.999940946610633707e-01 1.838479818976604049e-03
9.999918902383775343e-01 2.504779505833303575e-03 3.153654563192476688e-03 -5.263659547754895307e+00 -2.506190969322006495e-03 9.999967610668170082e-01 4.436921237824880369e-04 2.022877171002377197e-02 -3.152532997777514681e-03 -4.515921861317644158e-04 9.999949287872390569e-01 2.182356440782362225e-02
9.999943639633730452e-01 9.761608801760812216e-04 3.212343603182438341e-03 -5.524108328206740026e+00 -9.775367495507471943e-04 9.999994311466847696e-01 4.267648182891462362e-04 5.189316257182714776e-02 -3.211925184709480807e-03 -4.299025969512944583e-04 9.999947493463977599e-01 3.025258028784780923e-02
9.999927266035897322e-01 7.931079013811828367e-04 3.730646026489384693e-03 -5.775229064955069269e+00 -7.954382417241416623e-04 9.999994894462224115e-01 6.232056627815849795e-04 3.465946315824659091e-02 -3.730149852458626136e-03 -6.261686284755601942e-04 9.999928469218801741e-01 1.194933245806634702e-02
9.999917206411720327e-01 9.870593972619665785e-04 3.947703491191430734e-03 -5.980112067021567057e+00 -9.892399874440781574e-04 9.999993592016638289e-01 5.504548201650064651e-04 4.894581704148599777e-02 -3.947157629906588444e-03 -5.543554889040907966e-04 9.999920562867670171e-01 9.858202036369369259e-03
9.999914367062038290e-01 -2.882074449161794332e-04 4.128371438109977587e-03 -6.179757525890746450e+00 2.864868642468301014e-04 9.999998718699764089e-01 4.173551334563820178e-04 8.621299642371521577e-02 -4.128491193998284209e-03 -4.161688353340066275e-04 9.999913911449246351e-01 1.497039844321638134e-02
9.999908733124446281e-01 6.637731218522068075e-04 4.220509099274393286e-03 -6.413667270962311484e+00 -6.658633613739400403e-04 9.999996563582473907e-01 4.938718164110948716e-04 6.013829586849404885e-02 -4.220179830093876566e-03 -4.966775913728860466e-04 9.999909716560304584e-01 1.012940736064520467e-02
9.999909124433185026e-01 1.253535163734249532e-03 4.074761388430579896e-03 -6.615202192815095472e+00 -1.255638720374552871e-03 9.999990797295047473e-01 5.137232206110794270e-04 2.898350134021494134e-02 -4.074113668426434728e-03 -5.188349802977940302e-04 9.999915661684751766e-01 1.714468247780460280e-02
9.999901819041866480e-01 -1.901166936798216669e-04 4.427183176064724765e-03 -6.811114335923713625e+00 1.874930000828525908e-04 9.999998065748224585e-01 5.930402116739969887e-04 4.835138719865859913e-02 -4.427295066580294591e-03 -5.922043232927808216e-04 9.999900241264574330e-01 1.514153204823638632e-02
9.999889252698664910e-01 -4.986813134356490765e-05 4.706044069803142806e-03 -7.036301070088537557e+00 4.708659942688082212e-05 9.999998241538748944e-01 5.911641662684970515e-04 3.917187425361821906e-02 -4.706072722515818388e-03 -5.909360276728911274e-04 9.999887517738095255e-01 1.653459632344636901e-02
9.999877869764762783e-01 1.886602798287843029e-04 4.938654187970998796e-03 -7.268821584759453280e+00 -1.917945109031367866e-04 9.999997805236991999e-01 6.341667123743575550e-04 3.756550750297299457e-02 -4.938533461984032785e-03 -6.351061740458829310e-04 9.999876036868620144e-01 1.315036152558095653e-02
9.999886610732616754e-01 -8.820465745146203844e-04 4.679713532453299608e-03 -7.464375086882634847e+00 8.787152254418342193e-04 9.999993591182236852e-01 7.138786273151079926e-04 5.506592830504591224e-02 -4.680340207508021030e-03 -7.097583971659801204e-04 9.999887952665067470e-01 1.839190670451957069e-02
9.999888557414696733e-01 -1.920337306342640642e-04 4.717151249682455423e-03 -7.699852987751061306e+00 1.886992403069328173e-04 9.999997320445173088e-01 7.073213487024103841e-04 1.781925638417370186e-02 -4.717285815253263216e-03 -7.064233432732084381e-04 9.999886240255922987e-01 3.694359000158750628e-02
9.999876689798200546e-01 1.397468619602331699e-04 4.964107081880226278e-03 -7.899955124982235510e+00 -1.420143011846454332e-04 9.999998857576182232e-01 4.564172309020142287e-04 9.016152732332123262e-03 -4.964042731893047143e-03 -4.571165770101684109e-04 9.999875745849000630e-01 6.247728737151496403e-02
9.999868128178736049e-01 -1.215013454386727927e-03 4.989782826609965270e-03 -8.077245799346917110e+00 1.213501502484103014e-03 9.999992168808017334e-01 3.060259575714130843e-04 4.097460482890329797e-02 -4.990150744671078761e-03 -2.999668129942145733e-04 9.999875041296548694e-01 6.914111017308988139e-02
9.999795854299329267e-01 -3.841519210129457941e-03 5.106021302113412062e-03 -8.265165896824187897e+00 3.840020426387048911e-03 9.999925810974099605e-01 3.033039151254138623e-04 7.344481080774123427e-02 -5.107148568855211790e-03 -2.836904972087040755e-04 9.999869181910318039e-01 5.424897188613261867e-02
9.999611012438167634e-01 -7.169711645258702859e-03 5.137239937677600538e-03 -8.521534727659451747e+00 7.169402202403163740e-03 9.999742964128971456e-01 7.864853129619865559e-05 8.681074612175540550e-02 -5.137671779474112764e-03 -4.181453264269633020e-05 9.999868012030115327e-01 6.243450530996815656e-02
9.999505947311776444e-01 -8.484616642217328308e-03 5.178742820283659641e-03 -8.774990043258544148e+00 8.485174798953892469e-03 9.999639965739881564e-01 -8.581612904013443278e-05 6.587427220573031927e-02 -5.177828250843071779e-03 1.297544273401442195e-04 9.999865865392362219e-01 8.499668185914624474e-02
9.999704575204122481e-01 -5.804817478429527208e-03 5.038668520515854864e-03 -8.982230465527541341e+00 5.804828260635706318e-03 9.999831517645678680e-01 1.248462415192679710e-05 6.178618903491988126e-03 -5.038656098806846249e-03 1.676435009869329900e-05 9.999873057512652652e-01 9.548924026302335610e-02
9.999718567091664401e-01 -4.703576307495156185e-03 5.844840420571054129e-03 -9.204278005007067165e+00 4.702163316268669763e-03 9.999889121365107547e-01 2.554685597540198969e-04 -1.219946746969034594e-02 -5.845977229643323919e-03 -2.279779758129903101e-04 9.999828861416945047e-01 7.697126832269832186e-02
9.999525084256369878e-01 -7.123411210406275368e-03 6.651158245290098893e-03 -9.410490655474958999e+00 7.121954040295617322e-03 9.999746091004917403e-01 2.427446533114257967e-04 1.081102825927864573e-02 -6.652718536384143871e-03 -1.953638816479825048e-04 9.999778513392331147e-01 7.133612060004269895e-02
9.999185618097263806e-01 -1.073451665464181942e-02 6.902166367149091021e-03 -9.582535904659312820e+00 1.073450748527288515e-02 9.999423827783064933e-01 3.837566237382408155e-05 5.127965353848365493e-02 -6.902180627686234533e-03 3.571881940343086224e-05 9.999761790296550767e-01 9.285923945184530737e-02
9.998858731641280251e-01 -1.375355118577607609e-02 6.251437961735425985e-03 -9.776293220659043826e+00 1.375445093015812033e-02 9.999053979691999716e-01 -1.009537797506704658e-04 8.343485923252053071e-02 -6.249458090031627389e-03 1.869273549028358059e-04 9.999804544748587265e-01 1.228376307962536079e-01
9.999141817289479706e-01 -1.147635987271844113e-02 6.318412886184943816e-03 -1.002971894961173760e+01 1.147780190042208513e-02 9.999341094268185959e-01 -1.920112757703582246e-04 3.835838065223591553e-02 -6.315792971837916325e-03 2.645162891273540162e-04 9.999800201955385548e-01 1.299886609528362880e-01
9.999329921807434962e-01 -9.212531454445315945e-03 7.010022301383310103e-03 -1.027598531925463199e+01 9.215530259495114188e-03 9.999574578436781769e-01 -3.956069321662996144e-04 -2.839593271451350612e-02 -7.006079538612566132e-03 4.601814960466257495e-04 9.999753512374639497e-01 1.373610465081670229e-01
9.999196536359357124e-01 -1.044665890006960147e-02 7.180082897567424856e-03 -1.046870104769683962e+01 1.045088567217389644e-02 9.999452359672839075e-01 -5.514118242841580973e-04 -3.282855760275928819e-02 -7.173929276030956668e-03 6.264057458281831929e-04 9.999740708411314349e-01 1.457285854159873495e-01
9.998657416851283175e-01 -1.454298384203306718e-02 7.549849363958843068e-03 -1.063046621844792661e+01 1.454632732601798470e-02 9.998941212536527345e-01 -3.881284707326459050e-04 1.315648121071647837e-02 -7.543405449294577660e-03 4.978989413684857491e-04 9.999714241571464601e-01 1.332938404251904352e-01
