1.000000000000000000e+00 0.000000000000000000e+00 0.000000000000000000e+00 0.000000000000000000e+00 0.000000000000000000e+00 1.000000000000000000e+00 0.000000000000000000e+00 0.000000000000000000e+00 0.000000000000000000e+00 0.000000000000000000e+00 1.000000000000000000e+00 0.000000000000000000e+00
9.999999967792537747e-01 -7.925757447513653213e-05 3.276104363264877061e-05 4.227894239700302759e-02 7.925263688824111293e-05 9.999999846244694846e-01 1.621116454022287785e-04 -6.617811154226098500e-05 -3.277308849737190568e-05 -1.621094143461261920e-04 9.999999870743494501e-01 2.500759268338607921e-04
9.999999959122840565e-01 -9.148445947474124768e-05 -2.859446792585965119e-05 1.126091354703142727e-01 9.149324466233412032e-05 9.999999541604548403e-01 2.920314415358929677e-04 -2.644314487789873203e-03 2.856851793876578110e-05 -2.920344053511162146e-04 9.999999577970236642e-01 -1.498714659828691146e-04
9.999999794121611219e-01 -1.191876491494340857e-04 -1.686439993906971020e-04 1.705084617647494027e-01 1.192419708412841608e-04 9.999999437977218353e-01 3.171202547945976380e-04 -5.270045860937573080e-03 1.686070502468419048e-04 -3.171408020203217806e-04 9.999999367540628459e-01 2.268311455089768401e-04
9.999999674402791916e-01 -1.612626890287130888e-04 -2.151910970164484164e-04 1.971577118920650740e-01 1.613166425196173705e-04 9.999999582697083333e-01 2.600768317762433492e-04 -5.007012682054709507e-03 2.151488503530379242e-04 -2.601144650857310867e-04 9.999999492120417166e-01 8.058193488923037643e-04
9.999999657059640557e-01 -2.034369417563415116e-04 -2.124624872946685782e-04 2.058001803278128039e-01 2.034706181372191466e-04 9.999999690519500994e-01 1.940450905645212175e-04 -2.148206483474059993e-03 2.124223884954808009e-04 -1.940899696835606252e-04 9.999999716671590377e-01 1.232819955169492995e-03
9.999999194172526362e-01 -3.175762706628009521e-04 -2.948322079570992122e-04 2.246687979450597838e-01 3.176255016698415552e-04 9.999999427845615019e-01 1.936782504147095555e-04 5.451981982405928800e-04 2.947715901701016320e-04 -1.937699651486726737e-04 9.999999529525120945e-01 1.816157487284084061e-03
9.999998476656452029e-01 -3.231984008617587358e-04 -4.843085769053409075e-04 2.586850055026759798e-01 3.233256332446397883e-04 9.999999229003249113e-01 2.785051191306551197e-04 -1.257335000036464479e-04 4.842188143043291170e-04 -2.786565057967255849e-04 9.999998614000581432e-01 1.913709394294517809e-03
9.999998001744643261e-01 -2.429563101515863893e-04 -6.129433537745681421e-04 2.961628306434389013e-01 2.431333995227856547e-04 9.999999392956875344e-01 3.013641248537632703e-04 -2.188877122182422696e-03 6.128704164107543536e-04 -3.015082561275588056e-04 9.999997843456873703e-01 1.504096587235019414e-03
9.999997605677831691e-01 -2.121722846605582282e-04 -6.863753537759669909e-04 3.265078008448008551e-01 2.123844866756509559e-04 9.999999412609374971e-01 3.201777324396690768e-04 -2.897773238146872637e-03 6.863076248156193149e-04 -3.203176515610729747e-04 9.999997310991828314e-01 1.713295540146545642e-03
9.999996925555461047e-01 -3.593294062535570279e-04 -7.302506904593821565e-04 3.495024492338636435e-01 3.596457329625254344e-04 9.999998518783023149e-01 4.455945579393204531e-04 -1.638569629007041208e-03 7.300913856530521226e-04 -4.458507288408041381e-04 9.999996570643304716e-01 3.108141626447930451e-03
9.999995985216433292e-01 -3.922571162249521566e-04 -8.347691015711347119e-04 3.704649597962513252e-01 3.927369697902858116e-04 9.999997698007322411e-01 5.871206726740155592e-04 1.109758973186434348e-04 8.345397797065998765e-04 -5.874419081078240340e-04 9.999995057629861295e-01 3.281558521644466295e-03
9.999995875973646253e-01 -3.956035580604125106e-04 -8.477357451869228702e-04 3.936896534676608272e-01 3.962047804392602448e-04 9.999996837576290432e-01 7.189258862637196721e-04 7.042525939718031038e-04 8.474512245449133041e-04 -7.192542495264859625e-04 9.999994109313729007e-01 2.518556948061970429e-03
9.999992835833827476e-01 -5.321899961198497692e-04 -1.096439257497321476e-03 4.203080774278183385e-01 5.330620224083548481e-04 9.999995565968976541e-01 8.027743282191171633e-04 -2.676751522784969828e-04 1.096011845984708535e-03 -8.033506106966386423e-04 9.999991065593237805e-01 1.916715759225562019e-03
9.999959966805611611e-01 -5.446142932361003461e-04 -2.787402168072487807e-03 4.477059988261217760e-01 5.468228802001099320e-04 9.999995554877697534e-01 7.951492804231531089e-04 -4.765917149537306631e-04 2.786968162737325262e-03 -7.966627867920243918e-04 9.999958325868620879e-01 3.017490265713154447e-03
9.999712460296776850e-01 -4.099655539660136683e-04 -7.576963856887738644e-03 4.851958218988250970e-01 4.179902615041917557e-04 9.999993737328632948e-01 1.058576844140546400e-03 1.662762933049306954e-04 7.576525340558403279e-03 -1.061705744939849634e-03 9.999707736914221767e-01 4.986559768482717349e-03
9.999319523227638840e-01 -4.385362315866182131e-04 -1.166118320022060430e-02 5.419861412396016487e-01 4.567131548848059113e-04 9.999987058688794006e-01 1.556593789780544562e-03 1.300803059035013972e-03 1.166048569186443722e-02 -1.561806340815023123e-03 9.999308410803209313e-01 -1.257560398134385284e-03
9.999358752321365618e-01 -7.324473713661961522e-04 -1.130501752412082540e-02 6.242283424022259108e-01 7.528011867316136696e-04 9.999981241092401607e-01 1.796810253675849454e-03 2.469892346337825614e-03 1.130368046830953349e-02 -1.805198267968419418e-03 9.999345333336466801e-01 -7.972748020219777229e-03
9.999660455567227491e-01 -1.009833131440324248e-03 -8.185029845340660234e-03 7.268173988970412225e-01 1.019925312176164344e-03 9.999987457219475795e-01 1.229683096220025732e-03 2.141669188163186546e-03 8.183778100878049896e-03 -1.237981514395677940e-03 9.999658036867822286e-01 2.678239268989325941e-04
9.999761842244622168e-01 -1.444541390101825116e-03 -6.756798333139561567e-03 8.388644262499198589e-01 1.445978636632009153e-03 9.999989549655223797e-01 2.089382865770031059e-04 4.070471273261969461e-03 6.756489847056725180e-03 -2.186954179970559194e-04 9.999772103684384517e-01 1.110025313628136383e-02
9.999710769905031382e-01 -1.950808843855331154e-03 -7.359291806885842439e-03 9.600902741841723653e-01 1.950077765404204574e-03 9.999981176946761696e-01 -1.054909461708150858e-04 5.202488013102917093e-03 7.359483869298951396e-03 9.114878352541525952e-05 9.999729767681613257e-01 1.447080105249824028e-02
9.999612564538962189e-01 -2.336461472890538106e-03 -8.493991056949378587e-03 1.091308823115570092e+00 2.339699438827357904e-03 9.999972184271538334e-01 3.722352173291236673e-04 6.796387039565338073e-03 8.493097945608622454e-03 -3.920817748866585440e-04 9.999639193203248011e-01 9.852104223169668926e-03
9.999589284301017011e-01 -2.804064393541118739e-03 -8.625593696924298628e-03 1.235982782570366423e+00 2.815721660643406496e-03 9.999951638668093112e-01 1.340415139712044634e-03 8.015249493820118809e-03 8.621794401817053921e-03 -1.364635249914524515e-03 9.999619654355843545e-01 7.097601300289689205e-03
9.999623194479411170e-01 -3.359584810210527236e-03 -8.012546340931459010e-03 1.388693734973661664e+00 3.372057337455207360e-03 9.999931516871801707e-01 1.543877125540615586e-03 9.656845455378025925e-03 8.007307231004283377e-03 -1.570827243742064410e-03 9.999667770470725969e-01 8.897878321949348815e-03
9.999637556213969436e-01 -3.985309829461151053e-03 -7.532309532107781501e-03 1.554362194831543809e+00 3.991986342108308147e-03 9.999916812681313161e-01 8.716701265873593634e-04 1.195799691676060691e-02 7.528775653861089108e-03 -9.016972188159991979e-04 9.999713233613405361e-01 1.492718261280115942e-02
9.999554351833805921e-01 -4.404857403391826756e-03 -8.358188496102848808e-03 1.735758284571809584e+00 4.408562045675465564e-03 9.999902213041947929e-01 4.249036788518227581e-04 1.333702976722143246e-02 8.356237811014743944e-03 -4.617227036016493505e-04 9.999650527014419810e-01 2.250097141712363580e-02
9.999334177379973765e-01 -4.974921737366220370e-03 -1.041907445259379617e-02 1.937752977040454239e+00 4.982973845155008394e-03 9.999873354526674918e-01 7.469118842839369329e-04 1.493511078005997465e-02 1.041522936416090957e-02 -7.987706346949060860e-04 9.999455205778000622e-01 2.285496830210384175e-02
9.999095927671909356e-01 -5.926535782283774353e-03 -1.207621143440029861e-02 2.159746458178034345e+00 5.946001143835965945e-03 9.999811090932209101e-01 1.576599964925453051e-03 1.694957869132278361e-02 1.206664212011904387e-02 -1.648253516596378870e-03 9.999259193531662149e-01 1.887806094355372333e-02
9.998929379441537924e-01 -7.109436122144426745e-03 -1.279539114983564707e-02 2.399826876151683219e+00 7.142163451735616779e-03 9.999713688777503995e-01 2.513810318433241150e-03 2.176904671348873013e-02 1.277715827372656945e-02 -2.604919054389235548e-03 9.999150622911398001e-01 1.768761897688157780e-02
9.998851143501789052e-01 -8.541853770924100892e-03 -1.252810772709700080e-02 2.659425230718143851e+00 8.576590499071645377e-03 9.999595520941703120e-01 2.721369489416901061e-03 2.848660426971085305e-02 1.250436108107193071e-02 -2.828497274321222117e-03 9.999179065404181221e-01 2.032781380454590225e-02
9.998774558648252375e-01 -1.035933581685035028e-02 -1.174417562189082262e-02 2.937720653842431862e+00 1.039019819067441876e-02 9.999427542968424287e-01 2.569534767417355411e-03 3.635744266625545035e-02 1.171689066769075402e-02 -2.691237775771254930e-03 9.999278278887661076e-01 2.731461733069824246e-02
9.998685239919906653e-01 -1.202447864369133625e-02 -1.088658337650572766e-02 3.232587526920192911e+00 1.205398061791024440e-02 9.999238773095431299e-01 2.648020822616534414e-03 4.061510566440467568e-02 1.085391958155561623e-02 -2.778893313272174422e-03 9.999373292420015158e-01 3.389033450353178684e-02
9.998577671636981190e-01 -1.340409081268569697e-02 -1.024455877793016383e-02 3.536936455016539416e+00 1.343267253723425154e-02 9.999060982718287471e-01 2.725711405243441254e-03 4.579240372798990683e-02 1.020706734461794898e-02 -2.862930109005304424e-03 9.999439065602019339e-01 3.794122759758053465e-02
9.998426795228259056e-01 -1.485904656030361502e-02 -9.695747087209770007e-03 3.848222598593282751e+00 1.488807660520948158e-02 9.998849153788865740e-01 2.928067203900982379e-03 5.269713217413302120e-02 9.651129348782174627e-03 -3.071952894683407410e-03 9.999488104751754758e-01 3.929327508176420208e-02
9.998162705592346100e-01 -1.655492644675327432e-02 -9.672140383553467710e-03 4.173497747632072929e+00 1.658099851334667030e-02 9.998591314459127632e-01 2.620649067351389291e-03 6.055840026429451517e-02 9.627396172030748892e-03 -2.780533259700409144e-03 9.999498962304066429e-01 4.183206062097809264e-02
9.997818189519666054e-01 -1.848108107003205644e-02 -9.744645176004016612e-03 4.517820648214889268e+00 1.850443989673027090e-02 9.998261467548773540e-01 2.311460777827296920e-03 6.999593408043046361e-02 9.700235697574494456e-03 -2.491266775131505649e-03 9.999499564551173059e-01 4.560636406972768536e-02
9.997463801994871391e-01 -2.038478322555768718e-02 -9.583059072653703908e-03 4.877269340234215989e+00 2.040632484610593531e-02 9.997894904873403377e-01 2.154672420855690412e-03 7.944452112091818230e-02 9.537123277471009491e-03 -2.349670162917214759e-03 9.999518696044024102e-01 4.978644575662045935e-02
9.997098904140263587e-01 -2.226312396518227016e-02 -9.202673265538143313e-03 5.245134005892958307e+00 2.228048139324756080e-02 9.997502066522871988e-01 1.787161784022435517e-03 8.732370440955619650e-02 9.160590212636083793e-03 -1.991673267437652547e-03 9.999561686082107936e-01 5.475189596587377860e-02
9.996698306228305464e-01 -2.409647931568641849e-02 -8.932602332411060039e-03 5.627455147496379873e+00 2.410927509573335820e-02 9.997084962540079278e-01 1.326637829385725114e-03 9.794548581396139708e-02 8.898033443547045951e-03 -1.541547921188078608e-03 9.999593372732009655e-01 6.217674709570678027e-02
9.996250221184935780e-01 -2.600746414411886365e-02 -8.580754942338068153e-03 6.027020746249318606e+00 2.602240103815024047e-02 9.996600764133335426e-01 1.632698281739146905e-03 1.109307887778230584e-01 8.535379292422786562e-03 -1.855367551109182505e-03 9.999619678512923215e-01 6.761625080034899815e-02
9.995685150699510357e-01 -2.823652398679330627e-02 -8.104779467171616819e-03 6.443230333703740875e+00 2.825607291830402670e-02 9.995981113602810941e-01 2.306378781264305407e-03 1.271014604140690563e-01 8.036405528293663961e-03 -2.534383734842016959e-03 9.999646163146539424e-01 6.879718174055853008e-02
9.994974177251720882e-01 -3.078923144797861278e-02 -7.559400105857673295e-03 6.868234765013657039e+00 3.081544430660888845e-02 9.995194567417541309e-01 3.373783489427056598e-03 1.448670298554899094e-01 7.451901139288602711e-03 -3.605026727636881194e-03 9.999658622256624163e-01 6.825234168869061258e-02
9.994182170756129580e-01 -3.341907815826185985e-02 -6.827040714037961068e-03 7.306746658606611433e+00 3.344502479811371082e-02 9.994336976762880909e-01 3.719656279554985935e-03 1.614124216024592495e-01 6.698878127619481947e-03 -3.945817844424577038e-03 9.999699073829195761e-01 7.271227426189294518e-02
9.993421056796498725e-01 -3.578565960532741758e-02 -5.912864234368462452e-03 7.754872462442548020e+00 3.580561349610842520e-02 9.993533829426107795e-01 3.301318017321897089e-03 1.799953472986855485e-01 5.790911584737361978e-03 -3.510855495792984150e-03 9.999772026879788500e-01 8.046975623868092564e-02
9.992692991629485988e-01 -3.793908993258147261e-02 -4.659970741775742650e-03 8.211916553408096675e+00 3.794643020052915205e-02 9.992787213822119652e-01 1.494199781090647548e-03 1.991697751011665962e-01 4.599931621673534511e-03 -1.669933032771053413e-03 9.999881617643050502e-01 8.441865548142449271e-02
9.991894951938268266e-01 -4.008689860577486358e-02 -3.689921262611635649e-03 8.681217199585782751e+00 4.008637580156574481e-02 9.991962590689039692e-01 -2.188468168544088733e-04 2.188362662318361074e-01 3.695739147935963361e-03 7.075798333628319583e-05 9.999933053291789609e-01 9.273698340927161166e-02
9.991150040280576405e-01 -4.191021099796483212e-02 -3.601337761763767544e-03 9.161625060399279263e+00 4.190963102080209890e-02 9.991214420941111340e-01 -2.392139956464645544e-04 2.415845368814298066e-01 3.608209861517345986e-03 8.807541087503166987e-05 9.999936262168358514e-01 1.018357505111354422e-01
9.990381729125997756e-01 -4.366043892782772023e-02 -4.089616111213938143e-03 9.646545555635555047e+00 4.366737055218462837e-02 9.990448792102746278e-01 1.619128453998415528e-03 2.685700244210996179e-01 4.015028690209060391e-03 -1.796150082070897651e-03 9.999904684443182701e-01 9.915338493862378699e-02
9.989501233940839553e-01 -4.557169348016741617e-02 -4.701424814570189133e-03 1.014201803249712519e+01 4.558824311615269215e-02 9.989543431674733354e-01 3.473333655718389631e-03 2.956826122696021297e-01 4.538233556988266297e-03 -3.684012927320241826e-03 9.999830589030175299e-01 9.328798710818525519e-02
9.988614208824978524e-01 -4.744923078396679622e-02 -4.966804884745846908e-03 1.065157504411762979e+01 4.746536396034777699e-02 9.988678925872583880e-01 3.179552045565017023e-03 3.205585217963699551e-01 4.810325779805705963e-03 -3.411679914784002815e-03 9.999827584626502786e-01 9.371381842105162840e-02
9.987711353763196742e-01 -4.929276924384110720e-02 -5.165316665619249480e-03 1.118213315367519733e+01 4.929860051560398110e-02 9.987836523521572696e-01 1.004405056970447555e-03 3.488527818349046461e-01 5.109535734400606419e-03 -1.257810946581777419e-03 9.999863078947243133e-01 1.073014196229750000e-01
9.986895809400915258e-01 -5.088758180092387701e-02 -5.460357811758676655e-03 1.172839184794962542e+01 5.088613500348445479e-02 9.987044526598733984e-01 -4.071585824746663937e-04 3.799120915431243306e-01 5.474015193944243088e-03 1.287707785944546446e-04 9.999851644872989054e-01 1.234934861461074868e-01
9.986067080534786200e-01 -5.240490450047591980e-02 -6.213868917179696770e-03 1.228536812297151570e+01 5.240867276522052920e-02 9.986257000934877226e-01 4.425701580280858830e-04 4.098288373886944669e-01 6.182148503534907504e-03 -7.676119089450189354e-04 9.999807552484525353e-01 1.267602004033452912e-01
9.984955941052519046e-01 -5.430751969405232110e-02 -7.582059286658054433e-03 1.284898421945801061e+01 5.432085608589510423e-02 9.985223878109862339e-01 1.562210297040644976e-03 4.419564809467261268e-01 7.486028434516536940e-03 -1.971721717930927445e-03 9.999701965551460736e-01 1.219609356441736098e-01
9.983722459393272741e-01 -5.636279341075035865e-02 -8.737517302341827122e-03 1.341980466565745722e+01 5.637293544991414662e-02 9.984094389874835773e-01 9.167916328287216334e-04 4.752129584431051823e-01 8.671958854638580835e-03 -1.407856252636712630e-03 9.999615707333929793e-01 1.180944578497170605e-01
9.982776305257922145e-01 -5.811474213760190605e-02 -8.043885612920933376e-03 1.401771262727056921e+01 5.810871489957390723e-02 9.983098552163904849e-01 -9.831221587570551472e-04 5.101598080067867302e-01 8.087436227661086094e-03 5.140113793547576582e-04 9.999673304180825006e-01 1.268381844735773645e-01
9.982064322358050745e-01 -5.953450338315575269e-02 -6.310666534283011428e-03 1.463073882363551448e+01 5.952492803407958416e-02 9.982254554018259451e-01 -1.697738626574064403e-03 5.484332617126136400e-01 6.400553804055418398e-03 1.319054542473133314e-03 9.999788180106553570e-01 1.480547379390396434e-01
9.981059502707044784e-01 -6.132012499076565371e-02 -4.962244081184702393e-03 1.525053095034081529e+01 6.131736721925516720e-02 9.981181477413313408e-01 -7.109141947360131126e-04 5.919519549091214472e-01 4.996511273356392564e-03 4.052985067030842299e-04 9.999876115301016277e-01 1.534333829434520458e-01
9.979747584331651877e-01 -6.349980668498347858e-02 -3.799202193498705995e-03 1.587675225452484007e+01 6.350059102516109055e-02 9.979818795686721256e-01 7.900278515346881162e-05 6.345133614015815438e-01 3.786530796128131492e-03 -3.200930804920998286e-04 9.999929608260119673e-01 1.422374378617720370e-01
9.978414219930427098e-01 -6.561152111868348569e-02 -2.812006678515805748e-03 1.651830740545021214e+01 6.560969282716301587e-02 9.978451682789203359e-01 -7.456576348566729216e-04 6.753539639236649794e-01 2.854883267106544682e-03 5.595541301144089149e-04 9.999959537701971213e-01 1.439305494896747362e-01
9.977209932131601011e-01 -6.742913962617458346e-02 -2.534237983148797130e-03 1.717670492336280219e+01 6.742540915005777735e-02 9.977232143272903864e-01 -1.540774399555424083e-03 7.210892373210427975e-01 2.632373076799752239e-03 1.366392414732365548e-03 9.999957940081556362e-01 1.591444012479472647e-01
9.976113905078425326e-01 -6.903274609158426001e-02 -2.508060177365514960e-03 1.784167416303051112e+01 6.903168135236069369e-02 9.976144221943300527e-01 -5.181188876170130138e-04 7.708585893909236653e-01 2.537856177010322858e-03 3.437472690165626482e-04 9.999969177664368436e-01 1.718734870655562186e-01
9.974808596142388240e-01 -7.084489249075316686e-02 -3.638744291156162294e-03 1.850698372383972767e+01 7.084722055101885796e-02 9.974871376618793528e-01 5.085341298588816165e-04 8.202248644411851419e-01 3.593585604387771002e-03 -7.650460877223084957e-04 9.999934515408898106e-01 1.711577535277844508e-01
9.973089281793550143e-01 -7.299076904516503539e-02 -6.896303372141830701e-03 1.917751189557416680e+01 7.298731859448014114e-02 9.973326724962888745e-01 -7.542489216632032286e-04 8.685680610817960723e-01 6.932973794908277483e-03 2.488778657732960953e-04 9.999761393399196896e-01 1.740820273195242962e-01
9.971314383904898992e-01 -7.486438671634121356e-02 -1.115955074212523872e-02 1.985466206680698065e+01 7.484755260134838550e-02 9.971932261871966352e-01 -1.921293515831417210e-03 9.224536688996647360e-01 1.127207662289919990e-02 1.080518255488329641e-03 9.999360922102523697e-01 1.844755206551253468e-01
9.969896967166613777e-01 -7.621741112501138893e-02 -1.424007776224511627e-02 2.054013463982494869e+01 7.618529807988788649e-02 9.970898722629496502e-01 -2.786820690735176704e-03 9.758203802286599116e-01 1.441105355640303828e-02 1.693546644423146123e-03 9.998949354124913036e-01 1.921344312913089158e-01
9.968367124950362479e-01 -7.834646247649094952e-02 -1.336949128077287788e-02 2.123630722617839695e+01 7.831469463380330565e-02 9.969245999492113430e-01 -2.886292383292226454e-03 1.033328312157727247e+00 1.355451766211629785e-02 1.830133245796769937e-03 9.999066798921839583e-01 1.970492894315836463e-01
9.966741635941913646e-01 -8.101150619493928395e-02 -8.837636050534048576e-03 2.194628933331335219e+01 8.098473987627764770e-02 9.967098045841038534e-01 -3.349283560352135126e-03 1.092758212170588772e+00 9.079901170709661282e-03 2.622427893125950458e-03 9.999555662752265262e-01 2.032025104629478496e-01
9.964690047052653377e-01 -8.387557386814742388e-02 -3.843591127632104473e-03 2.265939585053883221e+01 8.385777001189803626e-02 9.964672661611470028e-01 -4.587220414248071969e-03 1.151393498409403193e+00 4.214780904250711203e-03 4.248704469232234514e-03 9.999823232159230635e-01 2.198484300189188223e-01
9.962217193355551448e-01 -8.683957491311179722e-02 -1.242908135202689572e-03 2.337361845217431622e+01 8.683141940038936746e-02 9.962075256774862719e-01 -5.572425887559289727e-03 1.215806213285591575e+00 1.722113809015567588e-03 5.443443962716190687e-03 9.999839372620481504e-01 2.391071253816793585e-01
9.959687820877143327e-01 -8.970248762611009175e-02 -1.402746581637816323e-04 2.408911807010677819e+01 8.970114666463528674e-02 9.959600586931902644e-01 -4.177612049454377044e-03 1.283616763561116203e+00 5.144626036111023260e-04 4.148184161357470860e-03 9.999915023341722220e-01 2.465215347342141206e-01
9.956943277841950879e-01 -9.269916262650053362e-02 2.124141773641021272e-04 2.480999794892509058e+01 9.269940684863910152e-02 9.956929526493480953e-01 -1.597353474756136021e-03 1.355482472609991884e+00 -6.341372852733182907e-05 1.610161939601138141e-03 9.999989421802149003e-01 2.433424146530648036e-01
9.953925203969417046e-01 -9.588243291609879759e-02 8.171311387909039204e-04 2.553339883931568366e+01 9.588285513294152185e-02 9.953926098797305499e-01 -4.679128248807389793e-04 1.430875050501940526e+00 -7.684891495759629647e-04 5.441016502961249597e-04 9.999997997155020135e-01 2.388115302741898038e-01
9.950859411580973424e-01 -9.900548296001271398e-02 1.508067281694972991e-03 2.626171839700640476e+01 9.900630273290959849e-02 9.950867946496568806e-01 -4.622983462478527476e-04 1.507667560602785173e+00 -1.454875189182204412e-03 6.093304301935883755e-04 9.999990059595494918e-01 2.474202310703431662e-01
9.947712730096091027e-01 -1.021230734669655166e-01 1.182351456251107746e-03 2.698347436350800876e+01 1.021229857015759634e-01 9.947718645818310890e-01 1.555386049386147317e-04 1.586924772541029816e+00 -1.192041471601438044e-03 -3.398482594084167201e-05 9.999995467865863130e-01 2.632415632091768543e-01
9.944221024511723517e-01 -1.054729400705954612e-01 -7.445118696386690202e-04 2.770944440579022228e+01 1.054745172138529252e-01 9.944189447307228980e-01 2.505920650089678292e-03 1.671684788517259213e+00 4.760622882709875082e-04 -2.570475080744916846e-03 9.999968446227852636e-01 2.733977053004563729e-01
9.940275871540351638e-01 -1.090997460360931121e-01 -2.612305783293243297e-03 2.843906746436683974e+01 1.091120378749667885e-01 9.940162794876766794e-01 5.137315282788486141e-03 1.758088674296956366e+00 2.036206844919496387e-03 -5.391672496052368584e-03 9.999836589105993712e-01 2.660098779549812109e-01
9.935889958536023858e-01 -1.130145418693648818e-01 -3.007442874105287645e-03 2.917759767968241746e+01 1.130326449209301115e-01 9.935685146562515113e-01 6.739666978461332850e-03 1.848172017371279896e+00 2.226433293928758821e-03 -7.036404143539539205e-03 9.999730337394138191e-01 2.618129539927132599e-01
9.931859000974739837e-01 -1.165351670186169364e-01 -1.325040185140863129e-03 2.991420725898770172e+01 1.165419876800454918e-01 9.931555814449277708e-01 7.755766457583459714e-03 1.940240363462494955e+00 4.121645262755107664e-04 -7.857347149741459452e-03 9.999693184475233476e-01 2.675428803016210999e-01
9.928117041533155440e-01 -1.196829845609211213e-01 1.160253162061648368e-03 3.064002169250094099e+01 1.196690352099701316e-01 9.927778321351934387e-01 8.467240491630577404e-03 2.034054918760637598e+00 -2.165245274348197909e-03 -8.267536027638470314e-03 9.999637569979467067e-01 2.812904474331601179e-01
9.924095602472897681e-01 -1.229621897149514309e-01 2.003608643018997028e-03 3.136267402281343664e+01 1.229374608711097383e-01 9.923673755461929202e-01 9.673129097433558546e-03 2.130106846271402787e+00 -3.177731674703419915e-03 -9.353393333313857194e-03 9.999514883882983929e-01 2.952868927093101337e-01
9.919773653165053773e-01 -1.264172101337081855e-01 -2.379583672824939970e-04 3.208638518467362388e+01 1.264107997887048418e-01 9.919040596207813199e-01 1.211790290604173974e-02 2.229738186942728184e+00 -1.295866525688505648e-03 -1.205077228001965976e-02 9.999268345135292613e-01 3.027890276894731891e-01
9.915116729086790315e-01 -1.299543713795547339e-01 -4.114759423745477894e-03 3.281221301898703757e+01 1.300026360707520756e-01 9.913960683671902974e-01 1.527575252349869239e-02 2.333256223016976882e+00 2.094218135919252103e-03 -1.568102330545720693e-02 9.998751431457829630e-01 3.034245319394446860e-01
9.910067469283222463e-01 -1.337179781556312452e-01 -5.059386272002457802e-03 3.354189385049037497e+01 1.337912352152643702e-01 9.908242392826673850e-01 1.916854029547189822e-02 2.442496285381590138e+00 2.449796706864993366e-03 -1.967306097485511593e-02 9.998037576191506348e-01 3.009147189046108561e-01
9.905086980848926137e-01 -1.374450216467867913e-01 -1.364813833899166610e-03 3.427142580915007386e+01 1.374410157329893634e-01 9.902576486709907533e-01 2.235972482040761086e-02 2.552506840377729791e+00 -1.721702884951725266e-03 -2.233509041506637552e-02 9.997493557318964941e-01 2.960046968141902268e-01
9.899849897291336243e-01 -1.410774176636385158e-01 5.231211951420291877e-03 3.500111216395013258e+01 1.409267293516144604e-01 9.897633963773455612e-01 2.254500184585521774e-02 2.659778901605204915e+00 -8.358239943932565738e-03 -2.158200338182152123e-02 9.997324429002776291e-01 2.928294440283975564e-01
9.895224769070946058e-01 -1.442496153873399634e-01 6.148196047421243017e-03 3.572145733761102804e+01 1.440925037758707672e-01 9.893408617725684140e-01 2.102912482035266747e-02 2.763709532894302434e+00 -9.116090942375389833e-03 -1.992289078100197702e-02 9.997602662792335337e-01 3.242079076229738566e-01
9.891193417449697378e-01 -1.470144829568287292e-01 -5.492486781782528020e-03 3.642456415866958963e+01 1.470897324925568017e-01 9.889655067508801300e-01 1.766498925946489995e-02 2.873205066617747327e+00 2.834883757811140076e-03 -1.828068001304644294e-02 9.998291897654563165e-01 3.490419485451986548e-01
9.884563359314360032e-01 -1.500439551464718135e-01 -2.100924162272425205e-02 3.712846164360700385e+01 1.503688061115810715e-01 9.885187402937161139e-01 1.483702157424250483e-02 2.988355883639336685e+00 1.854183601133824882e-02 -1.782489155020060626e-02 9.996694999782093083e-01 3.590831840894267990e-01
9.878416328561153703e-01 -1.533981311383763035e-01 -2.526710361331771515e-02 3.784903333458119334e+01 1.538524453969699612e-01 9.879454399691557365e-01 1.713071314596567238e-02 3.108954681771976869e+00 2.233471272427213494e-02 -2.080984626254923225e-02 9.995342716498942792e-01 3.467483346578590919e-01
9.875949929232230584e-01 -1.565945252330493975e-01 -1.161038532500172603e-02 3.858301177553421724e+01 1.568104717594042130e-01 9.874078593816330018e-01 2.089076246887168128e-02 3.222953160719499888e+00 8.192819570217798816e-03 -2.245225131642334185e-02 9.997146768978163456e-01 3.146711860029528518e-01
9.871657937809326100e-01 -1.595171194080177990e-01 7.649289474765751974e-03 3.930576835262412771e+01 1.593702299816981138e-01 9.870724146843790070e-01 1.701196539616406725e-02 3.326796624398320024e+00 -1.026408880394846790e-02 -1.557457095924058912e-02 9.998263616434425183e-01 3.226777931204735106e-01
9.866434912713577532e-01 -1.621673698390423135e-01 1.539165764735040721e-02 4.000929347115172163e+01 1.620436368856301990e-01 9.867428520191749985e-01 8.979620979675083034e-03 3.440656057125342837e+00 -1.664379601454443053e-02 -6.365574760126628019e-03 9.998415609319881714e-01 3.868316947145815643e-01
9.863456169689369668e-01 -1.646166416803439281e-01 4.922792054569718155e-03 4.070552346907015817e+01 1.645777007891219279e-01 9.863358769183020458e-01 7.479873451049104047e-03 3.568446851358269889e+00 -6.086825025853595875e-03 -6.567569415525021173e-03 9.999602553182834752e-01 4.404791197947275916e-01
9.857260702530848961e-01 -1.678235771757117523e-01 -1.341358573225577902e-02 4.140124862756456281e+01 1.679946459800096548e-01 9.857043762850871138e-01 1.284182528383361055e-02 3.697401723412095720e+00 1.106668143590130125e-02 -1.491194294790938388e-02 9.998279212504300739e-01 4.165601161276911713e-01
9.849088862901053121e-01 -1.717490135938319895e-01 -2.138541379700210562e-02 4.210845297682058685e+01 1.720989586225328272e-01 9.849537722626849900e-01 1.575586843231249062e-02 3.820034567473400422e+00 1.835760120794377101e-02 -1.919851233686396819e-02 9.996475066793029107e-01 3.629291503576164146e-01
9.844295797700720607e-01 -1.751871374496925815e-01 -1.443794964261343149e-02 4.281080738457168167e+01 1.754020332890646461e-01 9.843785668994535776e-01 1.527076791963911072e-02 3.946746637292581017e+00 1.153717825585996899e-02 -1.756545205562095452e-02 9.997795165221216029e-01 3.663096504854943536e-01
9.841326129380214560e-01 -1.774175794481617219e-01 -2.569688614920828760e-03 4.351049235405113791e+01 1.774360141104638910e-01 9.840096273535079430e-01 1.554821235849170209e-02 4.077687339760331930e+00 -2.299153059863549571e-04 -1.575746958487559204e-02 9.998761914354018510e-01 4.152215357915813310e-01
9.836153003632788216e-01 -1.802102142872536172e-01 5.083194180322508741e-03 4.421668008499518265e+01 1.801131372489764293e-01 9.835234333241893445e-01 1.552890819610083101e-02 4.215575519062153553e+00 -7.797895683505640108e-03 -1.435893335685001215e-02 9.998668820223369780e-01 4.375175443542393960e-01
9.829822959646662417e-01 -1.836423337728542715e-01 4.682195225981219955e-03 4.491882147053827623e+01 1.835705944652183674e-01 9.829237460883760713e-01 1.276643347238447072e-02 4.353142261970338822e+00 -6.946685601340082949e-03 -1.168967702355630522e-02 9.999079307269829187e-01 4.319880494084867850e-01
9.824605518062747844e-01 -1.864606147794232172e-01 -2.082921108733011041e-03 4.561798671331682442e+01 1.864713967677592010e-01 9.823615387258539666e-01 1.394492993484657342e-02 4.483460503547085807e+00 -5.539861055352195791e-04 -1.408876145166844743e-02 9.999009882094807011e-01 4.410896926325043044e-01
9.819193392000891141e-01 -1.892074673217307712e-01 -5.965926720813964808e-03 4.631944175123474849e+01 1.892802281889894578e-01 9.817933493294674907e-01 1.597031293537857707e-02 4.614774677011709514e+00 2.835617011392594245e-03 -1.681080375168246890e-02 9.998550668215387960e-01 4.305708786818658318e-01
9.811604405938845197e-01 -1.931880303455717485e-01 -1.796905341933034304e-03 4.701763366909111852e+01 1.931926704284008534e-01 9.810416906498452549e-01 1.529803827281135328e-02 4.752462869066737206e+00 -1.192546443802074358e-03 -1.535699176791266961e-02 9.998817664073033074e-01 4.215798004792392639e-01
9.802444675518012795e-01 -1.977010958224733883e-01 5.977231846190302240e-03 4.770218132831080027e+01 1.976453420414924222e-01 9.802341795414079018e-01 8.803906447684514691e-03 4.891340336303037439e+00 -7.599616374747811785e-03 -7.448622174856395217e-03 9.999437897468883563e-01 4.268247944647668435e-01
9.794272046688553557e-01 -2.016389154064376354e-01 8.047692327526908759e-03 4.837504364200204066e+01 2.016087412442415516e-01 9.794563627827509444e-01 4.403480314078202229e-03 5.033011077149179613e+00 -8.770263768980811683e-03 -2.690417212062477456e-03 9.999583331311340251e-01 4.720473966183403869e-01
9.787501405023425471e-01 -2.050522939509540621e-01 1.547749500138581764e-03 4.905334504404218876e+01 2.050435705442545109e-01 9.787425590816669629e-01 4.514339401858305338e-03 5.180170036037752723e+00 -2.440511587732762007e-03 -4.101068166538123817e-03 9.999890293238953287e-01 4.969207329620628499e-01
9.779561112446344406e-01 -2.086745276800882065e-01 -7.581079934100156716e-03 4.973990912783875018e+01 2.087278726325828004e-01 9.779480986482605998e-01 7.101675293101891717e-03 5.332353607473788060e+00 5.931975948710165036e-03 -8.527523273602432771e-03 9.999464672208058236e-01 4.688523701934131371e-01
9.770658889551403492e-01 -2.123839771436394908e-01 -1.536214016238989476e-02 5.042168653819390300e+01 2.124883888865682358e-01 9.771482241244673350e-01 5.502281055973129269e-03 5.481652193396248762e+00 1.384250321645050068e-02 -8.640381445546720107e-03 9.998672846917534551e-01 4.419406310172848129e-01
9.763265015841542382e-01 -2.156299957683001645e-01 -1.705794588028352460e-02 5.109795092792537474e+01 2.157051570294005183e-01 9.764549968927841439e-01 2.677636237943542205e-03 5.627141475163178974e+00 1.607894912942792534e-02 -6.293748235869754334e-03 9.998513504893342674e-01 4.592464969072285186e-01
9.757682021258150540e-01 -2.184218147628047835e-01 -1.300192885096459507e-02 5.177376281304835004e+01 2.184546937397974231e-01 9.758465382972033586e-01 1.151514421517326001e-03 5.778586309794160769e+00 1.243638288335308269e-02 -3.963957570456941824e-03 9.999152502582794311e-01 5.000786569235939893e-01
9.751716739987230653e-01 -2.212639287576443070e-01 -9.122421650431467716e-03 5.244877805282340688e+01 2.212692948632510037e-01 9.752127796127006976e-01 -4.233303227657122972e-04 5.936933266927687747e+00 8.989981437538230660e-03 -1.605706468073556407e-03 9.999587497424364813e-01 5.285274056091944228e-01
9.744688626689688160e-01 -2.242811883424533081e-01 -1.044624146539299865e-02 5.312113423202676188e+01 2.242915548539892445e-01 9.745222004351795642e-01 -1.778166898321996295e-04 6.099305225555159637e+00 1.021998658623493421e-02 -2.169741327693855762e-03 9.999458741850114629e-01 5.449646430834452770e-01
9.737126212810278680e-01 -2.272748815261682598e-01 -1.518591209522602431e-02 5.380216014028186322e+01 2.273286600250385425e-01 9.738163794329774969e-01 1.896010833531210473e-03 6.262496721029545022e+00 1.435738569234848785e-02 -5.298376831292263799e-03 9.998833510556233151e-01 5.485170656290334623e-01
9.729778113895651837e-01 -2.302205747765754817e-01 -1.770369839011640134e-02 5.448924602157647001e+01 2.303208469112666135e-01 9.731073551510653896e-01 3.827068030555555792e-03 6.429922118682715571e+00 1.634654057098290647e-02 -7.801197127447287265e-03 9.998364196687580252e-01 5.359834170341153392e-01
9.723362704150083635e-01 -2.330028134145399610e-01 -1.651149237369331502e-02 5.517082706367590106e+01 2.330976456594818502e-01 9.724450341208992210e-01 4.050540865976089491e-03 6.595402173283762437e+00 1.511274257648749508e-02 -7.787292146822510225e-03 9.998559421412823722e-01 5.448743799190806092e-01
9.717396794265300564e-01 -2.357238146994994066e-01 -1.253227139177828797e-02 5.584859586819440125e+01 2.357894094662502382e-01 9.717959597229185453e-01 4.028752526431505186e-03 6.762195512894810356e+00 1.122914915887953356e-02 -6.869889910258468110e-03 9.999138307264402448e-01 5.736893576297914521e-01
9.711191286658004129e-01 -2.383815273355560649e-01 -1.013292422915225768e-02 5.652876085733768718e+01 2.384250274676327774e-01 9.711553745432417450e-01 3.318113122351037860e-03 6.936900454376110581e+00 9.049678187161206908e-03 -5.638240580891057570e-03 9.999436406499455643e-01 6.015184972447901179e-01
9.704822841880788031e-01 -2.409581044985631415e-01 -1.020427862999304276e-02 5.721443449581652629e+01 2.410004774615361889e-01 9.705200566522297345e-01 3.139449652585499847e-03 7.112494707577953434e+00 9.146992500226314854e-03 -5.506031439205301241e-03 9.999434969608949064e-01 6.161605619922868593e-01
9.697966853368495954e-01 -2.436638880558985587e-01 -1.109547954433207431e-02 5.790135998930962558e+01 2.437187580279648047e-01 9.698383134489174662e-01 3.883272224692466568e-03 7.285931529545558227e+00 9.814619062350817338e-03 -6.470176354391154669e-03 9.999313991381895139e-01 6.182656385598620519e-01
9.690573844702631279e-01 -2.465531068124957870e-01 -1.183972142495574691e-02 5.858588349612097801e+01 2.466166610043820651e-01 9.691040068627234660e-01 4.232437293660609202e-03 7.461483731521308727e+00 1.043041201593867921e-02 -7.021362261418705869e-03 9.999214553747569623e-01 6.219465165707050991e-01
9.683084382114267585e-01 -2.494691938434547007e-01 -1.202991180579954245e-02 5.927263210948822092e+01 2.495203633276992239e-01 9.683652247732742469e-01 2.942341669947699107e-03 7.643068088465163612e+00 1.091533542456890084e-02 -5.850817232394522373e-03 9.999238195528302731e-01 6.316845729634293916e-01
9.675505043902413727e-01 -2.523981939863187973e-01 -1.191647087215860074e-02 5.996697389709263604e+01 2.524278546761379860e-01 9.676153116889837369e-01 1.036759971612807299e-03 7.824894314554413199e+00 1.126889348758314084e-02 -4.011181702447951317e-03 9.999289747515245352e-01 6.581649916516389975e-01
9.668054070496193697e-01 -2.552720956240950301e-01 -1.114901941305094374e-02 6.066290350294862321e+01 2.552929623752661636e-01 9.668637787463085775e-01 4.742644552327629015e-04 8.010264183710949837e+00 1.065852664381912972e-02 -3.304802773099548268e-03 9.999382559187481867e-01 6.749643021296978240e-01
9.660708455885457235e-01 -2.580899158851233666e-01 -9.877232630687725681e-03 6.135657858307799728e+01 2.581071205741415353e-01 9.661163272654359480e-01 4.955646080554066855e-04 8.199642893145421496e+00 9.414665572175351382e-03 -3.028149728147540472e-03 9.999516195139623864e-01 6.778440671101212400e-01
9.651136788466979644e-01 -2.616693363528980742e-01 -9.251435231564656900e-03 6.206004694680816414e+01 2.616897783018136137e-01 9.651516127158963343e-01 1.060644788850567894e-03 8.394575623911070039e+00 8.651510276748094336e-03 -3.444664413999878275e-03 9.999571713616280944e-01 6.833875037293054566e-01
9.640197656604471144e-01 -2.656842164768815628e-01 -8.867609900751331417e-03 6.276380495181195585e+01 2.657027875305539300e-01 9.640546585699422133e-01 9.746738387712103758e-04 8.591271495052316354e+00 8.289918312535636546e-03 -3.295769335759131044e-03 9.999607381431910857e-01 6.967872367005467638e-01
9.629534236143953985e-01 -2.695282716485064012e-01 -8.721642414385295111e-03 6.346509470106714446e+01 2.695452861744800921e-01 9.629875202901981845e-01 8.264320266902131819e-04 8.791734412650086483e+00 8.176100628280943278e-03 -3.146707401760565678e-03 9.999621590034194485e-01 7.149194586011307084e-01
9.619298094696185908e-01 -2.731700947250069733e-01 -8.366208002454671860e-03 6.417321005974858394e+01 2.731775363552102487e-01 9.619637673564576108e-01 -2.516018971314808715e-04 8.995605067474899741e+00 8.116733631969692830e-03 -2.043451072086858566e-03 9.999655112749010755e-01 7.237336702293529767e-01
9.609016937667433922e-01 -2.767535091327766317e-01 -8.734397183934304934e-03 6.488459198767793623e+01 2.767578680276948089e-01 9.609395840755334817e-01 -7.197292522418761562e-04 9.201978446368483944e+00 8.592430071938829753e-03 -1.725738455491587471e-03 9.999621394378279682e-01 7.353967037992639177e-01
9.598321413568978722e-01 -2.803970447825342993e-01 -1.003130672383591680e-02 6.560126220292818289e+01 2.803938413663671914e-01 9.598836239519334956e-01 -1.744952863022777943e-03 9.412495121836959910e+00 1.011818101470383750e-02 -1.137869129757709255e-03 9.999487130185272798e-01 7.467956852775569088e-01
9.584966173053148797e-01 -2.848890870730626523e-01 -1.110488103291605751e-02 6.632470993948601290e+01 2.848800109544236125e-01 9.585603065428350833e-01 -2.416795975560234386e-03 9.632470803338415877e+00 1.133323120879376790e-02 -8.470821532878760772e-04 9.999359718221748627e-01 7.565105645268684897e-01
