1.000000000000000000e+00 -1.123966364506625005e-19 0.000000000000000000e+00 0.000000000000000000e+00 0.000000000000000000e+00 1.000000000000000000e+00 0.000000000000000000e+00 0.000000000000000000e+00 0.000000000000000000e+00 0.000000000000000000e+00 1.000000000000000000e+00 0.000000000000000000e+00
9.999999891166876376e-01 1.087375052477481931e-04 -1.041793763427571897e-04 3.447460443478655989e-03 -1.087385953377397602e-04 9.999999944596064116e-01 -1.052907482868331448e-05 -8.249374382003279993e-05 1.041747308376552957e-04 1.053979939882878957e-05 9.999999945673446744e-01 -6.240654673772549899e-04
9.999999909266067410e-01 9.347841629171411493e-05 -1.031236797018101844e-04 4.401125557391472043e-03 -9.347472937022704986e-05 9.999999956863439010e-01 3.548194632303911715e-05 3.858610288718748726e-04 1.031237667652631619e-04 -3.547140536126622756e-05 9.999999943510595735e-01 -1.056264359787562057e-03
9.999999993520154451e-01 -8.476537168521397112e-05 -9.398853485033710277e-07 1.753529382270579973e-03 8.476436103294071600e-05 9.999999963220977950e-01 7.234669490549995206e-05 -5.122774342628429178e-04 9.331796047768871199e-07 -7.234640612812073194e-05 9.999999989987243820e-01 -3.339665917421186236e-04
1.000000005313249618e+00 -3.491070039043776114e-05 -5.392613835600577513e-05 5.259571310292754376e-03 3.491342000495802761e-05 1.000000005997088603e+00 2.653197644589184209e-05 -1.773709475668353713e-03 5.392606126100843753e-05 -2.653839334926729756e-05 1.000000002196597793e+00 1.518481129736404256e-04
9.999999959399236138e-01 1.495592728835490727e-04 5.411708717907859616e-05 2.277574038887175689e-03 -1.495553228270784379e-04 9.999999952265611336e-01 -5.988061527177469356e-05 -1.417618628116089352e-03 -5.412077515743237967e-05 5.986566956176717227e-05 1.000000001373930969e+00 -3.809002887402712645e-04
9.999999818552778308e-01 2.137279065808457220e-04 1.077588471208395745e-04 -5.217499862064656213e-04 -2.137279970421714081e-04 9.999999898313323143e-01 1.363673977093912012e-05 -8.418426948991059033e-04 -1.077483864624664248e-04 -1.366244044039791236e-05 1.000000003322132569e+00 -8.293282117470823778e-04
1.000000012375477310e+00 4.544221750171115691e-05 -1.243016949281637447e-05 6.646198205575437612e-04 -4.544062096538663970e-05 1.000000013082910977e+00 2.608237333513178295e-05 -2.751991001641411472e-04 1.243504738751605440e-05 -2.608118642442144224e-05 1.000000010152487739e+00 -6.031011811673536727e-04
1.000000014352584232e+00 -1.627705695150276889e-05 -4.256369165402114449e-05 1.779383034814063791e-03 1.628068304797194304e-05 1.000000013810606658e+00 7.185886453017057188e-05 1.028501472419979246e-05 4.256668979396417501e-05 -7.185624796912007514e-05 1.000000007825613046e+00 -2.253128901061884903e-04
1.000000012697241036e+00 5.513823471181316294e-05 -5.496253378654792162e-05 2.399556283000370271e-03 -5.512898331172522148e-05 1.000000002878141281e+00 1.577203670769346591e-04 -1.399555606566189880e-04 5.497513179589677508e-05 -1.577108722144298920e-04 9.999999975995035317e-01 3.095357752562755138e-04
9.999999990797426852e-01 1.754837429624798550e-04 -5.581586258175634795e-05 2.884965487134127926e-03 -1.754774986677982984e-04 9.999999968526831484e-01 1.041302833617769214e-04 -3.473524311643043372e-04 5.583843420973778226e-05 -1.041159109736746569e-04 1.000000005194038755e+00 1.194132277786419394e-04
1.000000004020115796e+00 1.430089272337247753e-04 6.991142698937166439e-05 1.061963747147842696e-03 -1.430105734789429914e-04 1.000000007617679820e+00 2.468217949586146091e-05 4.585810390520771163e-04 -6.989980750961129132e-05 -2.469073370512949478e-05 1.000000009910987142e+00 2.228815423708230270e-04
1.000000007248449618e+00 1.257664679875894378e-04 6.715009696300432271e-05 3.815070254356012214e-04 -1.257646735602141116e-04 1.000000010755155433e+00 -2.027678469004794856e-05 -5.992989741008640514e-04 -6.714506431977802781e-05 2.026894986852455065e-05 1.000000010856128885e+00 -1.222450859414747626e-03
1.000000017333224855e+00 3.101822414529976707e-05 -1.509566466818020234e-05 1.282084898607704915e-03 -3.101766454523258165e-05 1.000000018684132241e+00 1.498079135089538324e-05 1.218398879212542057e-03 1.510095870410424524e-05 -1.497804596766806334e-05 1.000000013404065635e+00 -2.709260075698827208e-03
1.000000013808576282e+00 3.249005630709936460e-06 -1.186384768134660415e-04 2.771227383667973498e-03 -3.251905003455977938e-06 1.000000018914965150e+00 -5.520978636540536109e-05 1.089344649929411407e-03 1.186390629536707462e-04 5.521097301208275211e-05 1.000000008849206701e+00 -1.478359945629392769e-03
9.999999920134484688e-01 2.173307790476884009e-04 -1.149003292710764295e-04 3.004263138484120077e-06 -2.173176854656146822e-04 9.999999955023429754e-01 7.736758341272318123e-05 9.647711360193204910e-04 1.149166384498396089e-04 -7.733682645514103728e-05 1.000000008705096199e+00 -4.709760700456477878e-04
1.000000001502406421e+00 1.875203565824867303e-04 -8.701292303123361275e-05 -2.559820141664115312e-03 -1.875195239388286611e-04 1.000000004215642502e+00 -3.786780020463270788e-05 9.822808860286726118e-04 8.700606702181683456e-05 3.788547863643036988e-05 1.000000014114475366e+00 -1.642531988073292482e-03
1.000000018689469305e+00 1.126914412612675789e-04 -6.053687344249575710e-05 1.595874155139176409e-03 -1.126862727555168198e-04 1.000000020309343540e+00 -3.248175547460741037e-06 8.514582968364194093e-04 6.054054114644620929e-05 3.254715654846767166e-06 1.000000018130696500e+00 -2.405662246812712013e-03
1.000000027145626635e+00 1.585454532767192263e-05 2.020350746362385613e-05 3.413947073196199611e-03 -1.584782155061772307e-05 1.000000024084967354e+00 -7.115057398268925370e-05 1.847855143568416514e-05 -2.019790502119702885e-05 7.114739177281601316e-05 1.000000017836290667e+00 -1.391606598033945374e-03
1.000000019359653214e+00 1.242446218237148320e-04 4.181210205201610813e-05 2.265119857755681920e-03 -1.242388849936170575e-04 1.000000019473524571e+00 -1.485271608219822668e-05 -6.925640101412486316e-05 -4.180692907018879613e-05 1.484647764613185982e-05 1.000000019849080823e+00 -4.761330494709170580e-04
1.000000025948798443e+00 1.087075539624963322e-04 -4.023040532632664670e-05 -2.830065079733046218e-03 -1.087015765332778258e-04 1.000000021676074269e+00 -2.003655768976350606e-05 1.673287942028992004e-03 4.023210838191816293e-05 2.004145718463381951e-05 1.000000024615322225e+00 -9.180344207189161665e-04
1.000000026803794073e+00 1.072932145800289613e-04 -2.535496660906361199e-05 -4.423997911901400570e-03 -1.072874588000415422e-04 1.000000021555003560e+00 -3.285974115134335976e-05 1.484474980328272936e-03 2.535585076491985099e-05 3.286262690366480833e-05 1.000000025022607097e+00 -1.695776307309548869e-03
1.000000015302064948e+00 1.799296848300647317e-04 -1.009553908676016703e-04 -7.570460661001643388e-04 -1.799260230254369833e-04 1.000000013797289089e+00 -2.362831804805342727e-05 8.598840711562145966e-04 1.009521909541289113e-04 2.364402693021309081e-05 1.000000021962330843e+00 -1.596101245652015166e-03
1.000000016283363102e+00 1.562649342576290029e-04 -1.321318729811563704e-04 4.407490873093999895e-03 -1.562570026786089944e-04 1.000000019303679988e+00 1.617767362810039773e-05 -3.857794254177628057e-04 1.321355053514532509e-04 -1.615802685777027698e-05 1.000000019546668062e+00 -1.610117693817469942e-03
1.000000022189406756e+00 9.841312105477234757e-05 -1.550720152405267991e-04 3.733163204296507942e-03 -9.838990314493378103e-05 1.000000023905815771e+00 1.168069186020426371e-04 -1.215713883672305679e-03 1.550874997391694942e-04 -1.167889046669262583e-04 1.000000012082745693e+00 -7.948541665405706169e-04
1.000000033797671994e+00 9.050290501448260742e-05 -5.892135754106136725e-05 2.908539357068029574e-03 -9.049882444380624724e-05 1.000000031868235384e+00 -4.376293582823141262e-06 -9.053774606716420703e-04 5.892831628874713493e-05 4.380424314178579451e-06 1.000000030140077767e+00 -5.889927510220882567e-04
1.000000036600242614e+00 1.820054054113401083e-05 -1.001784029873209242e-04 2.734445161674647906e-03 -1.819774735186806963e-05 1.000000037503222972e+00 -1.784701842769672992e-05 -2.506551048456866215e-04 1.001836776873259470e-04 1.784870260333864728e-05 1.000000027142163850e+00 -2.531408216760233643e-03
1.000000043483786794e+00 5.281887802983385895e-05 -3.529889822499215386e-05 3.155450836030082584e-03 -5.281224914410916071e-05 1.000000038432498739e+00 1.369015446105400481e-05 -3.956190946142294773e-04 3.530602833394172338e-05 -1.368378883387310442e-05 1.000000033875307448e+00 -1.465845045828917392e-03
1.000000039892782633e+00 1.216269426724313565e-04 2.817052028716055965e-05 2.352738826041367304e-03 -1.216208627213711396e-04 1.000000033227088636e+00 7.791808393955996896e-05 4.819728675660335526e-04 -2.815582934376631758e-05 -7.791315344894144432e-05 1.000000034039495667e+00 9.783596712864550682e-05
1.000000047159368188e+00 -6.333367305498467545e-06 4.410450429548124532e-05 -2.863115571296370732e-03 6.338137493630893737e-06 1.000000040330594642e+00 8.625121463773667281e-05 6.544042798624083446e-04 -4.409907679203162889e-05 -8.624219029372075490e-05 1.000000033242825381e+00 -8.150424219266483306e-05
1.000000030557178565e+00 1.933291523378369574e-04 -1.538084510059920963e-05 -1.364449420493407672e-03 -1.933201959221208383e-04 1.000000026383294438e+00 7.268338323319675884e-06 1.026557144312583575e-03 1.538608485301717525e-05 -7.260117645494494139e-06 1.000000038351440024e+00 -2.055309480412992329e-03
1.000000037555006438e+00 1.582915178297439481e-04 -4.489682813164288936e-05 -3.074078688563020023e-04 -1.582833026303308993e-04 1.000000033650240594e+00 -2.853367976862833196e-05 -4.222094879866994388e-04 4.489420318571056703e-05 2.854640536073128668e-05 1.000000037928246988e+00 -2.124448087780672623e-03
1.000000046811206689e+00 2.010026863558206527e-06 -1.027849888349801493e-04 -6.046777780468470809e-04 -2.005452060472624753e-06 1.000000046336826598e+00 -5.048924308161173490e-05 1.869697587971300146e-03 1.027844395571019903e-04 5.049503522700749897e-05 1.000000033276528422e+00 -1.682100680940434856e-03
1.000000029612749808e+00 1.290830285396701632e-04 -1.702435425296408035e-04 2.423422923688356434e-03 -1.290661870942755654e-04 1.000000039152949993e+00 4.017665326879224063e-05 1.531480660384946374e-03 1.702453651768137764e-04 -4.014581983775344692e-05 1.000000025014543992e+00 -1.930072802255544673e-03
1.000000042858928628e+00 1.426875709592299391e-04 -3.095768639751898447e-05 2.078739827530373674e-03 -1.426737925490310227e-04 1.000000033092718565e+00 1.048338527333333173e-04 5.124430987117276071e-05 3.097396577703191798e-05 -1.048188781032737129e-04 1.000000035731669401e+00 -1.331731348567677387e-03
1.000000052723956534e+00 1.501237873668469865e-05 -4.416327403074386045e-05 2.203013317027435747e-03 -1.500133724205692659e-05 1.000000049292657733e+00 1.244845762818376585e-05 4.456879572726883676e-04 4.416364516757144334e-05 -1.244038303868163200e-05 1.000000041083718871e+00 -1.735911677259949215e-03
1.000000049888115417e+00 2.937576575833304119e-05 -1.028965580691968101e-04 2.958178344094175571e-03 -2.936257681205277359e-05 1.000000049097256261e+00 4.266766292489073938e-05 -5.428237340750173556e-04 1.028952082137231963e-04 -4.265747265758814631e-05 1.000000037846859646e+00 -2.510019681598363306e-03
1.000000052296113662e+00 9.120545991844774582e-05 -6.669975167936444290e-05 2.247384287773046552e-03 -9.119818962951761754e-05 1.000000049103335842e+00 -8.661244663407313680e-06 -8.366173275396633635e-04 6.669921907851343406e-05 8.675204243517864726e-06 1.000000042900803576e+00 -2.602440304029673968e-03
1.000000033343261929e+00 2.164995239447928678e-04 -1.200099029208087138e-04 -8.765857047803304880e-04 -2.164951033997841029e-04 1.000000034332982235e+00 -3.147234097031176525e-05 -8.199102798773227896e-04 1.200024371599929323e-04 3.150367808661884390e-05 1.000000038003434621e+00 -2.267436710337022987e-03
1.000000044660666276e+00 1.321500132904237341e-04 -1.495427203686888393e-04 -1.689922449082059686e-03 -1.321290117612229989e-04 1.000000046821035049e+00 8.555752588329918167e-05 8.402350633902981591e-04 1.495531057454047789e-04 -8.552863779266863887e-05 1.000000031338356576e+00 -2.926724719727769042e-03
1.000000058626308252e+00 9.022774681843698209e-05 -9.477671590525768488e-05 -1.045978883233100731e-03 -9.021844738908886552e-05 1.000000056079226596e+00 3.964256439412719549e-05 -1.727075336436144359e-03 9.477953055674363456e-05 -3.962870401801818634e-05 1.000000043809811556e+00 -2.609522995729252060e-03
1.000000070833779509e+00 2.817630344019699667e-05 -3.122412657742467345e-05 -1.982452000084400368e-04 -2.816904088370330433e-05 1.000000061053590850e+00 3.823296367444393659e-05 -3.554981285993352724e-04 3.122681445997093079e-05 -3.823061324060771999e-05 1.000000051237530219e+00 -1.507551591578337735e-03
1.000000068693032373e+00 6.910651919475569544e-05 -8.221106809130814810e-05 4.851789716895149596e-03 -6.910057858573823847e-05 1.000000060992385809e+00 -2.392283759930283250e-05 9.597714467675828864e-04 8.221066566130323303e-05 2.392559448760775388e-05 1.000000051369056564e+00 -1.130969353038357994e-03
1.000000062460940420e+00 1.548212930102895618e-04 -7.672892439994492451e-05 6.876427227251458163e-04 -1.548234830277090898e-04 1.000000047984401341e+00 -1.316014845373676288e-04 1.074064383199336420e-03 7.671439855365115275e-05 1.316066505387016158e-04 1.000000045519641390e+00 -1.853213683874477269e-03
1.000000045566664664e+00 1.745257914135076992e-04 -1.948568553664624533e-04 -3.910159616678843264e-03 -1.745382679388864794e-04 1.000000050324716838e+00 -9.572049865508092993e-05 -4.691160734571139801e-04 1.948420927077729116e-04 9.574905168521389643e-05 1.000000037197926073e+00 -2.790300398942680005e-03
1.000000067356705769e+00 1.529788260295077455e-04 -5.914653180219152286e-05 -1.793286525542114873e-03 -1.529710609618744471e-04 1.000000059096687099e+00 9.142571154931309872e-06 -9.235204857233267339e-04 5.915512026880966008e-05 -9.136352657613776160e-06 1.000000060117816947e+00 -1.201321253780029963e-03
1.000000076585059849e+00 -6.546369392407824605e-07 -9.687457031426493798e-05 1.351283360414790025e-03 6.679565645699436782e-07 1.000000069333476072e+00 6.359606188794143257e-05 6.179640854690922336e-04 9.688079992946318478e-05 -6.359684041373662793e-05 1.000000055387362918e+00 -1.014263783427837851e-03
1.000000082825931669e+00 9.049790099271021667e-06 -3.752877462523804877e-05 4.028729308835243828e-03 -9.036016939210911314e-06 1.000000065409469396e+00 1.239979564568785542e-04 1.636820920052663164e-04 3.753715189390361329e-05 -1.239944287194565749e-04 1.000000055878384364e+00 -2.577117582958088349e-05
1.000000064541743949e+00 1.637790060039695300e-04 -1.150564408450405440e-04 3.851751406213299589e-03 -1.637628392001048289e-04 1.000000059153554943e+00 5.472501028377352962e-05 2.467093625591713912e-04 1.150709074947411589e-04 -5.470623110833002477e-05 1.000000057177080848e+00 -6.745056320611730882e-04
1.000000064992085491e+00 1.805881703388708293e-04 -8.687196639435484165e-05 -5.228785987676509706e-04 -1.805854227571587409e-04 1.000000061134397100e+00 -5.452305176708267874e-05 2.552027962805687722e-04 8.686950268080538540e-05 5.453521201685750612e-05 1.000000065013223249e+00 -3.537589459390311220e-05
1.000000056353872679e+00 2.152846674246001730e-04 -1.113730626520855518e-04 6.667439304455236027e-04 -2.152844202867043588e-04 1.000000054100886215e+00 -6.525686573362259415e-05 -7.057028551058427968e-04 1.113657148201648131e-04 6.527651641133646644e-05 1.000000062239778886e+00 -1.725768012944550733e-03
1.000000077397227516e+00 3.941745144719836888e-05 -1.325970097131304510e-04 -1.287034291177491241e-04 -3.942039996686526326e-05 1.000000076872326060e+00 -7.890846837894555685e-05 2.766959390638930316e-04 1.326001355729658558e-04 7.890874034229136214e-05 1.000000058829034311e+00 -3.031973973445456494e-03
1.000000082966746806e+00 3.571527818436212153e-05 -9.328794837484424916e-05 2.420097396385267885e-03 -3.571896111876065455e-05 1.000000074140471762e+00 -1.146909899286359863e-04 1.554706857941876713e-03 9.329146834468455239e-05 1.146888861437663675e-04 1.000000060848807770e+00 -1.683880817032967769e-03
1.000000082657287459e+00 4.041509653457234680e-05 -9.821729308569266293e-05 5.244034723195678538e-03 -4.040968316838464136e-05 1.000000085883109735e+00 -1.838165471896607324e-05 3.118072559323940840e-04 9.822179822953789534e-05 1.838347524942885082e-05 1.000000071986234973e+00 -5.601096285194895330e-04
1.000000085202340516e+00 2.869871872673479318e-05 -7.901864188688303677e-05 1.757934339783107092e-03 -2.868859115544037525e-05 1.000000087035032292e+00 2.464843476398057974e-05 -2.466877476497139621e-03 7.902518931499637439e-05 -2.464688250853890009e-05 1.000000074662920069e+00 -1.053191867965708184e-03
1.000000083399782413e+00 7.784536389763148075e-05 -9.009108147809105388e-05 1.960463101443377099e-03 -7.783698798440822492e-05 1.000000086729702309e+00 -1.494715178179475546e-07 -2.406475990187489228e-03 9.009792308454479760e-05 1.545463498222868351e-07 1.000000074387114690e+00 -1.302295312223034074e-03
1.000000079824639343e+00 1.280190530365947238e-04 -8.064046765959555175e-05 5.093829106197489409e-04 -1.280153103691301225e-04 1.000000082263978296e+00 -5.663590407735607867e-05 9.680076358917280577e-04 8.064247693823653560e-05 5.664250009504487435e-05 1.000000075147683853e+00 -1.673637090801705085e-03
1.000000091117322354e+00 2.630301690012059747e-05 -1.317775118194818277e-07 1.974772940621649653e-03 -2.629481188108455381e-05 1.000000085646545855e+00 -1.118723582273179558e-04 1.542949747791851067e-03 1.407113830212685025e-07 1.118666587596838630e-04 1.000000073839444337e+00 -1.554712124471002710e-03
1.000000088387536845e+00 6.154061727485815082e-05 -5.724030350331407507e-05 2.985135230476831936e-03 -6.153265368882485098e-05 1.000000090802473540e+00 5.884381938277151996e-06 6.959663255550647964e-04 5.725020785004820360e-05 -5.883014963883922509e-06 1.000000079071209358e+00 -9.017905337707077251e-04
1.000000079249590668e+00 8.530092815512738092e-05 -1.349865110266313013e-04 7.822776158072919372e-04 -8.527284175167439140e-05 1.000000077952633459e+00 1.525290136690301982e-04 -2.975472460188081925e-04 1.350064644155605750e-04 -1.525147240251261728e-04 1.000000060528051904e+00 -7.994823143926410580e-04
1.000000061366292936e+00 1.531632718159484899e-04 -1.954165895221302365e-04 4.353862383343898301e-04 -1.531566530027506090e-04 1.000000082543438529e+00 -3.371501569031893658e-06 3.815404170231725955e-04 1.954210643750522297e-04 3.398813611196141386e-06 1.000000063252400651e+00 -1.091986027696112416e-03
1.000000070302975885e+00 1.308475146035831781e-04 -1.663734191901405132e-04 9.651127576451035139e-04 -1.308621161939501135e-04 1.000000077514254349e+00 -1.306787668306448927e-04 -1.132635228334351318e-04 1.663620510173138313e-04 1.306931723966450591e-04 1.000000060349599762e+00 -2.359912026820953912e-03
1.000000089608696463e+00 8.728079887100281494e-05 -1.047854167705257281e-05 -1.985925535446408929e-03 -8.727424920763893201e-05 1.000000086808730426e+00 -9.814235067979691087e-05 -4.075825939092274364e-04 1.048123745024093410e-05 9.813625645821392866e-05 1.000000078634882827e+00 -1.789901622099909773e-03
1.000000091785600453e+00 -2.717852157027297332e-05 5.980685291651880071e-05 -1.078730155628093712e-03 2.719103724231879821e-05 1.000000091780734790e+00 -8.709696981086283618e-05 -1.286781694618491928e-03 -5.979069739050736431e-05 8.709196814657757914e-05 1.000000078220746325e+00 -5.029130489964117601e-04
1.000000085981387565e+00 3.527321241165286834e-05 -1.382195439828635009e-04 -8.139072612878273105e-05 -3.526477751672127403e-05 1.000000096119110893e+00 1.755187982598899611e-05 -3.665182333279955185e-04 1.382264757905114826e-04 -1.755204062991731184e-05 1.000000076019890161e+00 -3.000642592605462511e-04
1.000000081605512348e+00 9.460648689755139285e-05 -1.554977479060958251e-04 2.333827186122627850e-03 -9.460794416183814642e-05 1.000000095308388959e+00 -4.971046249868712460e-05 -9.296314925323241607e-04 1.555028648265027453e-04 4.971760673729694519e-05 1.000000074699399999e+00 -2.978759132317154723e-04
1.000000097153760148e+00 9.128252134653924393e-06 -5.324455165400110565e-05 9.293354768034056690e-04 -9.118134179748708934e-06 1.000000099781702900e+00 5.740971390695483872e-05 2.742786755082528283e-04 5.325850827979869970e-05 -5.741336319154817335e-05 1.000000085800834659e+00 -9.058662263137229331e-04
1.000000096021412821e+00 6.552745664185377660e-05 -3.860392421321973843e-05 2.764879273170040008e-03 -6.552461383135723544e-05 1.000000094018681951e+00 -1.180921354470762237e-04 -1.939740781366459943e-04 3.861120201101405009e-05 1.180844687529896065e-04 1.000000082614532326e+00 -1.089363759333883408e-03
1.000000096032516828e+00 6.438558723707469645e-05 -4.462214354078628632e-05 1.538721756547456465e-03 -6.438289614321517085e-05 1.000000098165558793e+00 -8.887434422086562741e-05 7.129905350892230820e-04 4.463124972260916858e-05 8.886802000316197225e-05 1.000000086556756207e+00 -1.063091434702512217e-03
1.000000094947032236e+00 3.145884919336058475e-05 -1.158916604030326396e-04 7.996540092363169094e-04 -3.145665675516589460e-05 1.000000106342921802e+00 -7.298271335167639424e-07 6.977437305485494068e-04 1.159057348580465205e-04 7.292304242905322764e-07 1.000000089726424957e+00 -6.335001805988227375e-04
1.000000092462332013e+00 2.435202812169960665e-05 -1.379880449055439855e-04 1.570740279330129496e-03 -2.434788006329749455e-05 1.000000106531504729e+00 1.469225775165357706e-05 -2.280660281780734489e-04 1.380017951844578943e-04 -1.469259223960614107e-05 1.000000086993995785e+00 -1.023582296226344113e-03
1.000000088224827222e+00 1.168626114741733044e-04 -1.452788945940008069e-04 1.648375774028210117e-03 -1.168633822741333914e-04 1.000000103243154248e+00 -1.567139808040270680e-05 -1.454245928379570979e-03 1.452924856490533251e-04 1.568501793974829572e-05 1.000000087263398951e+00 -1.199410250071419881e-03
1.000000084105902909e+00 1.566408697343582817e-04 -1.398276610787947075e-04 1.912171899626891047e-03 -1.566209066649693407e-04 1.000000094211914492e+00 1.259400665188781373e-04 -2.493262608961807625e-04 1.398613497465668804e-04 -1.259168138148233972e-04 1.000000084452338456e+00 -1.324843851268520112e-03
1.000000095152080659e+00 5.057406260858703692e-05 -1.429003745441367304e-04 6.604810913667380490e-03 -5.058020334570631493e-05 1.000000113030200977e+00 -5.533396257937088676e-05 6.610064262643315647e-04 1.429101732124401039e-04 5.533606943726593477e-05 1.000000091560522497e+00 -1.169376845643110840e-03
1.000000081342260705e+00 -7.293821773389429458e-05 -2.147495357688358449e-04 6.245980829796993206e-03 7.293316523166414045e-05 1.000000113272628832e+00 -3.076872492970087738e-05 -4.478993517066966190e-04 2.147624836829840607e-04 3.074907782176444722e-05 1.000000080209461739e+00 -3.241627925387069453e-03
1.000000093398707435e+00 2.286824649319610576e-05 -1.702853517692925957e-04 9.445848742208884374e-04 -2.287525996330468103e-05 1.000000115717527338e+00 -5.058767780572035242e-05 -1.040563468976948847e-03 1.702964837720419137e-04 5.058765171508980798e-05 1.000000088255336816e+00 -1.756331898691065874e-03
1.000000096697216678e+00 1.284929856411317435e-04 -8.361717268159457811e-05 -2.401001304165761852e-03 -1.284891811993427169e-04 1.000000108974776980e+00 2.306032710393045198e-05 -1.833400412077433594e-03 8.363511780428779015e-05 -2.305081854498607929e-05 1.000000100609950149e+00 -3.102303679172191408e-04
1.000000057836168743e+00 3.050130731447394262e-04 -9.570681913685304164e-05 -3.499865694137183070e-03 -3.050109604301673438e-04 1.000000071621342634e+00 1.590051684279052352e-06 2.968458663328114866e-04 9.572226151151108425e-05 -1.562745284770687571e-06 1.000000100063222153e+00 -3.716262263788738807e-04
1.000000105465550737e+00 8.170291696436755315e-05 -6.300624979259806385e-05 -1.369639155614166270e-03 -8.169437662032801722e-05 1.000000111255413326e+00 1.036580495127473119e-04 6.925671229071304891e-04 6.303092517587477862e-05 -1.036512378217683557e-04 1.000000097464742943e+00 -1.539057090979012443e-03
1.000000079276598175e+00 -2.625134641413403845e-05 -2.565409754623884696e-04 1.520479863011958699e-03 2.624388321819607489e-05 1.000000119205194826e+00 -4.373619437150879979e-05 -1.046610616864226267e-03 2.565518636078822456e-04 4.372601244945741392e-05 1.000000073203358930e+00 -2.463987791849309161e-03
1.000000088877539106e+00 -4.923737185167203616e-05 -2.186828934268483901e-04 5.684959003542822131e-03 4.919674485681993503e-05 1.000000105856082122e+00 -1.882278511439625600e-04 -1.585833178098135232e-03 2.187035632451795513e-04 1.882094352481997592e-04 1.000000070396030560e+00 -2.414167988851634306e-03
1.000000082226993436e+00 2.616007181911422070e-04 1.473363842769923884e-05 -5.811228635972387480e-04 -2.615978163870904399e-04 1.000000091791747536e+00 -6.195912046244326436e-05 2.652115209519322059e-04 -1.473327321933718558e-05 6.195397174573164629e-05 1.000000111726864205e+00 -1.323494274298120388e-03
1.000000089210067555e+00 2.376167602480817832e-04 2.913977115465668543e-05 -2.723094581447371709e-03 -2.376163413506720765e-04 1.000000099582837976e+00 4.970307159740021077e-05 2.121915031065759599e-03 -2.911023160624233704e-05 -4.970645216090986430e-05 1.000000113031149329e+00 -4.028069202623996148e-04
1.000000110897165895e+00 7.210273009567221426e-05 -1.153626924278652600e-04 -1.348025195241353558e-03 -7.210189887959898847e-05 1.000000127207997247e+00 -2.230459568825422879e-05 9.601289728653795985e-04 1.153731066707040299e-04 2.231588285191297343e-05 1.000000109795131875e+00 5.553675064540186668e-04
1.000000102050144113e+00 3.465892238357077388e-05 -1.992554832369359424e-04 2.798430658049744224e-03 -3.466332467424483588e-05 1.000000128959126711e+00 -4.300638605254637038e-05 -1.514916957000827374e-03 1.992628886948753840e-04 4.301717338256459721e-05 1.000000098011175176e+00 -7.163803869860707607e-04
1.000000107145950334e+00 7.028659772499106873e-05 -1.737948003891588505e-04 2.676877696837776099e-03 -7.027112303624027251e-05 1.000000130158079648e+00 4.909968976181625918e-05 -1.977701348792576530e-03 1.738050665952564297e-04 -4.907832013138028744e-05 1.000000105811831075e+00 -2.328294562549793056e-03
1.000000100537260073e+00 1.049550534615164914e-04 -1.967201031186072136e-04 1.803775437877019883e-03 -1.049241006522722702e-04 1.000000121953145360e+00 1.251641966655686600e-04 -2.051758979284133699e-03 1.967382582051253978e-04 -1.251320733936346695e-04 1.000000096045305487e+00 -1.861000436056192697e-03
1.000000106783774712e+00 1.816812026231499184e-04 -7.652512830697167235e-05 2.431639215007219690e-03 -1.816760827979694085e-04 1.000000119467200355e+00 -3.719275217913570247e-06 -6.165755648020986024e-04 7.653371041311085967e-05 3.740854549254335434e-06 1.000000121535341568e+00 -8.945158148887522032e-05
1.000000085385211346e+00 -2.501263979712226780e-05 -2.922855689577754084e-04 6.656625339473976055e-04 2.499571618652923072e-05 1.000000133916624678e+00 -7.840843315329007652e-05 1.282813556041016018e-03 2.922889208964264750e-04 7.840842784389128188e-05 1.000000079840185130e+00 -4.651769126673421795e-04
9.999999388606090056e-01 -6.815433856790519582e-05 -6.157987091039023074e-04 4.991545760763216322e-03 6.828621054453393180e-05 1.000000115308805837e+00 2.069947278344486932e-04 2.587616421843314668e-03 6.157757529772614263e-04 -2.070179497565002662e-04 9.999999175658720318e-01 1.385700834901637535e-04
9.999996125391239499e-01 1.137278788638050185e-04 -1.015260150090941879e-03 1.219933781088755609e-02 -1.136555569658005693e-04 1.000000132158972432e+00 6.396865678200784329e-05 3.968069994906332082e-03 1.015246606149620328e-03 -6.384184932929894900e-05 9.999996148756560288e-01 1.333560953646450997e-03
9.999996789391127905e-01 1.054159232553682069e-05 -9.566621868008745155e-04 2.017821901077621050e-02 -1.062664758781119156e-05 1.000000136414254559e+00 -9.557974728877528109e-05 2.489881907361744112e-03 9.566424202286273474e-04 9.559566126317526127e-05 9.999996726454332130e-01 1.048816479076508656e-03
9.999998649807583240e-01 -1.180175932185915775e-05 -7.401299584014262153e-04 3.049925757130989012e-02 1.184420418032412770e-05 1.000000141056197833e+00 4.492499010952396925e-05 -4.853265043732075956e-04 7.401174508415983089e-04 -4.492259452382391035e-05 9.999998631104748403e-01 -6.839574214692056842e-04
9.999997939910135747e-01 -1.235890991173715762e-04 -8.254989944175952820e-04 4.417622223251660429e-02 1.234983988279069952e-04 1.000000128151304013e+00 -1.209781946286513771e-04 3.956037574057748307e-04 8.254983635216123650e-04 1.208829545752892554e-04 9.999997934633561014e-01 -6.411185152039866608e-04
9.999998696361088735e-01 -2.235982215725510608e-04 -7.093397979904855592e-04 6.146356799905738910e-02 2.234959101671662313e-04 1.000000106684543866e+00 -1.597525338331323870e-04 -8.505199300702231957e-04 7.093628200148264975e-04 1.596019659053986251e-04 9.999998810291202966e-01 6.753743185299310170e-04
9.999997913418473550e-01 -2.486358154602668919e-04 -8.089931037002638008e-04 8.312718201815982866e-02 2.484937934761006009e-04 1.000000098368881707e+00 -1.898520257899388535e-04 -5.420371903281755166e-04 8.090219877583789332e-04 1.896582549477227291e-04 9.999998029271097710e-01 1.468518963966491953e-03
9.999996564762759776e-01 -1.373547383113097535e-04 -9.866667065045345384e-04 1.098024437717211033e-01 1.371614883515469285e-04 1.000000119201789772e+00 -2.091137059020307866e-04 7.638172191064863947e-04 9.866683326860128597e-04 2.089860372513325333e-04 9.999996420203086656e-01 1.726560638895868749e-03
9.999995315363605641e-01 -2.539427457815883428e-04 -1.087371528124194721e-03 1.407050569438288434e-01 2.534973145514136592e-04 1.000000030333152434e+00 -4.238153900077789682e-04 -8.149609059727030980e-04 1.087446989417962867e-03 4.235414391078793869e-04 9.999994721816523047e-01 2.418710128186951636e-04
9.999990327600223328e-01 -4.356291468923418632e-04 -1.433791626492633827e-03 1.703739202003859976e-01 4.348790644460153593e-04 9.999999150777898471e-01 -5.342009287783365491e-04 -3.656030298592276989e-03 1.433980310697758383e-03 5.335751921615827613e-04 9.999989831656445061e-01 4.794470547226925561e-04
9.999990291846686530e-01 -3.141827586704158052e-04 -1.469486559417868899e-03 1.990202399680194301e-01 3.134679400008943961e-04 9.999999818155297371e-01 -4.995785421746998635e-04 -5.549983749778716197e-03 1.469595166422221896e-03 4.991195021926120561e-04 9.999989530142968652e-01 4.287082162488742298e-03
9.999983138010600792e-01 -4.473739317815618346e-04 -1.869805662527501819e-03 2.312546486719835315e-01 4.461492815598473369e-04 9.999998356434052216e-01 -6.671098318817835502e-04 -5.671566022445333199e-03 1.870040490736015306e-03 6.662731561885309626e-04 9.999981907924149205e-01 6.252591686684239036e-03
9.999969795162991781e-01 -3.468440612058492148e-04 -2.503581612785201003e-03 2.824756200761540104e-01 3.444833766821425378e-04 9.999996446671466366e-01 -9.537403899000588669e-04 -4.129018498152701305e-03 2.503827305623440320e-03 9.528633507505520576e-04 9.999965843861819970e-01 4.880220273330015957e-03
9.999971389856453508e-01 -2.276779188616800443e-04 -2.454578631089738856e-03 3.339091763017520975e-01 2.250062150337276204e-04 9.999995298385377929e-01 -1.099359372283927700e-03 -1.524445721813528359e-03 2.454745525161094663e-03 1.098788933593499231e-03 9.999965601893385791e-01 6.303367455914754558e-03
9.999983567146790708e-01 -4.017995927899389278e-04 -1.866617977267169635e-03 3.872348482340390863e-01 4.001298996740851668e-04 9.999996663172655564e-01 -9.099573539949239523e-04 -2.575395318859009797e-04 1.866921300523938102e-03 9.091992750530680702e-04 9.999980234701807413e-01 8.452465782227136515e-03
9.999983035524322439e-01 -7.814667149905125173e-04 -1.774406855800328246e-03 4.541788784508797860e-01 7.793152868664846022e-04 9.999991078018088952e-01 -1.227458385173089885e-03 7.313351589842420619e-07 1.775301611562724686e-03 1.226050208407869751e-03 9.999978552068277127e-01 8.957556699134450184e-03
9.999981038078241680e-01 -9.535852360809956392e-04 -1.802861191361411746e-03 5.322743146623356569e-01 9.515598405706411286e-04 9.999990648191884324e-01 -1.138262643833479930e-03 2.316006371781181156e-03 1.803881028699694765e-03 1.136525010146117445e-03 9.999979103719901508e-01 1.187606975129051889e-02
9.999974116401602053e-01 -1.382454712392122481e-03 -1.907224606690356488e-03 6.112558991058989477e-01 1.380172651641741258e-03 9.999984820930868379e-01 -1.210897015412766174e-03 3.492489842144910761e-03 1.908828623612596241e-03 1.208239778357063539e-03 9.999976317881797971e-01 1.507729806518498528e-02
9.999930633043583317e-01 -3.013085229615975087e-03 -2.273630438120918893e-03 7.027059825808363858e-01 3.009438088618343263e-03 9.999943318620506671e-01 -1.617529217095757966e-03 -3.297805936076207006e-03 2.278411185401213197e-03 1.610641313604422925e-03 9.999962921224058165e-01 1.607368507887030340e-02
9.999836728687869769e-01 -5.174591571131439971e-03 -2.500943230978900766e-03 8.100563077594824524e-01 5.169295720467236184e-03 9.999845396798293651e-01 -2.130548467630809413e-03 -4.595425529520393015e-03 2.511839715737875303e-03 2.117535138334839494e-03 9.999947897327701174e-01 1.530702068309075514e-02
9.999702242285294362e-01 -7.308103446944355479e-03 -2.553838057954562705e-03 9.278316412558452742e-01 7.301712715771412759e-03 9.999703531184920280e-01 -2.514031883633038606e-03 1.296477820940077075e-03 2.572042810583236028e-03 2.495247618241048550e-03 9.999937663917072284e-01 1.684692416844324470e-02
9.999553807433592123e-01 -9.233825658316744192e-03 -2.086434121786816167e-03 1.045057684741702575e+00 9.228423169255355746e-03 9.999542141541378770e-01 -2.598213482701148408e-03 1.881657264198550311e-03 2.110253002611096104e-03 2.578778322981034165e-03 9.999946369331473850e-01 2.177867088421314712e-02
9.999320334241267316e-01 -1.153768112358881208e-02 -1.787983386016994778e-03 1.179992932552682117e+00 1.153361496471484379e-02 9.999310484575395508e-01 -2.285206034181328904e-03 9.473130084967779085e-04 1.814159876007709381e-03 2.264373185111440145e-03 9.999959818465511407e-01 2.975962605089121915e-02
9.998924252755510000e-01 -1.455733300770308859e-02 -1.900097738876441915e-03 1.315669959240318709e+00 1.455328793774690772e-02 9.998919766626559458e-01 -2.141820107627497635e-03 1.344372807712487100e-03 1.931000567039273816e-03 2.113886875688500162e-03 9.999960928386081305e-01 3.149083108703387701e-02
9.998398407357343975e-01 -1.780990216136584675e-02 -1.868003250153377854e-03 1.478273491874509515e+00 1.780079806081837773e-02 9.998302233972500286e-01 -4.797762008679551556e-03 4.376668868651359401e-03 1.953060746355924065e-03 4.763602012049786977e-03 9.999869435382331417e-01 2.699526504058180620e-02
9.997783876725289121e-01 -2.097743858074216025e-02 -1.874661658755722837e-03 1.650132492612140123e+00 2.096171774322247439e-02 9.997479705060602351e-01 -8.061409068384354018e-03 8.716495824895788280e-03 2.043214879494332191e-03 8.020077365077924944e-03 9.999659565983625154e-01 2.043143917567968870e-02
9.996953570065515438e-01 -2.458725358100667668e-02 -2.248200249325248493e-03 1.825648273086287521e+00 2.456479707006865854e-02 9.996529445040958084e-01 -9.536734911866202175e-03 1.468566762736983958e-02 2.481804886544764464e-03 9.478305470089553458e-03 9.999522055495276840e-01 2.329423044683442967e-02
9.995949728628871211e-01 -2.834329669653667602e-02 -2.635428731696302495e-03 2.001643066573043139e+00 2.831910251602395151e-02 9.995602540900463406e-01 -8.815932648959353551e-03 1.514841366265238035e-02 2.884034157259043191e-03 8.737457013336991790e-03 9.999578763936514125e-01 3.723589659214221470e-02
9.994678697602228379e-01 -3.252822777149261269e-02 -2.508014240761626597e-03 2.183301544219632184e+00 3.251006133756349087e-02 9.994471973444186697e-01 -6.984964862301690745e-03 1.483892020121326330e-02 2.733733323334964181e-03 6.899502442930714741e-03 9.999726705229632362e-01 5.166476671487951755e-02
9.993120050623791606e-01 -3.697000649062959915e-02 -3.023434933462585631e-03 2.391560547805832826e+00 3.694829472959467592e-02 9.992931598548773220e-01 -6.957096847388176408e-03 2.193723465879688153e-02 3.278380571794128114e-03 6.840395326394023770e-03 9.999714419999617965e-01 5.585495318750588467e-02
9.991327854492944027e-01 -4.151482534333150037e-02 -3.256415508360817768e-03 2.608261563067612698e+00 4.148661822242796088e-02 9.991047225797430320e-01 -8.307640691216993181e-03 3.083151931931456605e-02 3.598256125909124470e-03 8.165090172577141661e-03 9.999604047103156645e-01 5.256636681081872098e-02
9.989072285267758256e-01 -4.662491814771718701e-02 -3.298358732030171655e-03 2.828667438006172485e+00 4.659148259265295799e-02 9.988682330000724363e-01 -9.586252982372239079e-03 3.894631869297850157e-02 3.741442663241912985e-03 9.421812950402626285e-03 9.999488300746860459e-01 5.398931344062396498e-02
9.986454092324235088e-01 -5.189428551397096828e-02 -3.840949661393722528e-03 3.057903724899993847e+00 5.185378818948463420e-02 9.986048981075229536e-01 -9.992706644739685756e-03 4.501968805817362085e-02 4.353992599685627650e-03 9.779704480610305201e-03 9.999429191321224097e-01 5.884724742075952975e-02
9.983532723102920281e-01 -5.721972396691561713e-02 -4.131646067238818783e-03 3.299270100220156099e+00 5.718041687268331924e-02 9.983227320271635952e-01 -9.084926947239970602e-03 5.629102648143174958e-02 4.644380624354578491e-03 8.833451073127858780e-03 9.999504206649866278e-01 7.301186656703650968e-02
9.980065794330427176e-01 -6.295214866819349997e-02 -4.508094691542101178e-03 3.547555277503636084e+00 6.291373478298223354e-02 9.979853565568577167e-01 -8.216677256717307490e-03 6.929367090561715237e-02 5.016090396514974459e-03 7.916441913521919324e-03 9.999563088781366904e-01 8.707659083360175245e-02
9.975776720951259335e-01 -6.933493039675450720e-02 -5.647226107916312153e-03 3.812519805864759803e+00 6.928380818155897847e-02 9.975583779445169608e-01 -8.801540473723621152e-03 8.517566808261466116e-02 6.243468185363226786e-03 8.388711474500491067e-03 9.999455509944921161e-01 8.940200904874751053e-02
9.970996668803595586e-01 -7.580322356444589571e-02 -6.823726340139404933e-03 4.078066585922912601e+00 7.573093914267335636e-02 9.970753224457385988e-01 -1.029860649405313008e-02 1.040559794950352418e-01 7.584166722250732136e-03 9.751677144687075083e-03 9.999239189016307927e-01 9.100462641342343950e-02
9.965470720544850058e-01 -8.267782909633412947e-02 -7.664800139925984253e-03 4.344378717283019498e+00 8.258949854481299757e-02 9.965208498397407633e-01 -1.120755382460325578e-02 1.205212086383739417e-01 8.564445316542558181e-03 1.053550388260922517e-02 9.999080519949671286e-01 9.370301462401187109e-02
9.958441920703170469e-01 -9.076518094859425956e-02 -7.514897811470804163e-03 4.628275035691046035e+00 9.067116935861316285e-02 9.958084270819719253e-01 -1.203172447740762790e-02 1.407326765443271677e-01 8.575152328026972720e-03 1.129999032952917586e-02 9.998996165242188816e-01 1.090849844524028889e-01
9.950377862935453344e-01 -9.926922029417785398e-02 -6.773550023943048642e-03 4.923083862910493380e+00 9.918486437532325617e-02 9.949989350163991331e-01 -1.182937084281979710e-02 1.624532073380179353e-01 7.913684410770574496e-03 1.109849216629610683e-02 9.999073321696535510e-01 1.269314564032617554e-01
9.941780150120977932e-01 -1.075434188068801616e-01 -6.704021739156520825e-03 5.229686382338543105e+00 1.074746327219741338e-01 9.941587757111421952e-01 -9.899170993536520954e-03 1.922387211910285554e-01 7.729178294378197776e-03 9.120747109052968274e-03 9.999287775235046194e-01 1.439536369420451045e-01
9.931345296973357328e-01 -1.167257938007343204e-01 -7.704697665072106696e-03 5.547436744521760943e+00 1.166586427295149553e-01 9.931345340103238106e-01 -8.661570134739639965e-03 2.259852234461209308e-01 8.662525199087030628e-03 7.703056909361210257e-03 9.999330597619573435e-01 1.530737823950083509e-01
