1.000000000000000000e+00 0.000000000000000000e+00 0.000000000000000000e+00 0.000000000000000000e+00 0.000000000000000000e+00 1.000000000000000000e+00 0.000000000000000000e+00 0.000000000000000000e+00 0.000000000000000000e+00 0.000000000000000000e+00 1.000000000000000000e+00 0.000000000000000000e+00
9.999999971788231523e-01 4.504392547907351969e-05 -6.011155077548847755e-05 -4.643711370398168753e-04 -4.504893956636589844e-05 9.999999955063242352e-01 -8.341429474795153474e-05 2.324124206905010814e-03 6.010779319809014207e-05 8.341700247424317270e-05 9.999999947143284329e-01 2.097518176113856610e-03
9.999999989140819778e-01 -4.523085523181519550e-05 -1.122522754650510807e-05 -3.923352727664898565e-03 4.522995671645336412e-05 9.999999957745938639e-01 -8.003163903837300617e-05 -1.846557286362286721e-03 1.122884739855327277e-05 8.003113123490914989e-05 9.999999967344654905e-01 1.895186871019628912e-03
9.999999804040691220e-01 -1.978024911290651928e-04 8.126241683446038997e-06 -5.991078122502553616e-03 1.978031014461708573e-04 9.999999776115179317e-01 -7.517244638955134482e-05 -6.692285245133740637e-03 -8.111372204351704524e-06 7.517405231228535838e-05 9.999999971415337585e-01 2.420167535294671848e-04
9.999999848521075041e-01 -1.590085147454820848e-04 -7.079602345671037419e-05 -4.923224615362362978e-03 1.590098551429859587e-04 9.999999871787982331e-01 1.892800547952428031e-05 -6.566980866609493407e-03 7.079301283498186815e-05 -1.893926245823944018e-05 9.999999973148268051e-01 1.103498947342817539e-03
9.999999976578615168e-01 1.948896075459604165e-05 -6.560836293808556326e-05 -5.271010306044538254e-03 -1.947827771927398518e-05 9.999999865539674904e-01 1.628270911706366510e-04 -2.935848799556250652e-03 6.561153538670298107e-05 -1.628258128513590715e-04 9.999999845914404606e-01 8.116009117628197531e-04
9.999999981687978101e-01 -5.763273404358741522e-05 -1.846272825832535221e-05 -2.309700166582453595e-03 5.763223871955463524e-05 9.999999979793989802e-01 -2.682773149091750980e-05 -9.636315281034603256e-04 1.846427437653355260e-05 2.682666739342811325e-05 9.999999994697001959e-01 1.650728936929712377e-03
9.999999854995613724e-01 -1.702255538365869203e-04 -4.913038068974296934e-06 -1.171916381064034771e-03 1.702254618493639058e-04 9.999999853364748281e-01 -1.871743285720382641e-05 -1.862222903496308334e-04 4.916224182306356877e-06 1.871659626161846404e-05 9.999999998127598877e-01 -7.477886069417508628e-04
9.999999828951671166e-01 -1.813516668467707337e-04 3.634884418365099383e-05 -4.071286883643162463e-03 1.813555008116031942e-04 9.999999779898169905e-01 -1.055014112942376865e-04 -1.278716568544028317e-03 -3.632971052681338787e-05 1.055080015524945223e-04 9.999999937741068656e-01 -2.163655827958142590e-03
9.999999972634154854e-01 5.763125857196743754e-05 -4.638757483903324798e-05 -5.882755918803007564e-03 -5.763473074406111801e-05 9.999999955375968863e-01 -7.485348301388719766e-05 -2.053344499347630869e-03 4.638326073159861025e-05 7.485615634443002679e-05 9.999999961225745082e-01 -6.131681147968303346e-04
9.999999882204391177e-01 1.143982725447241597e-04 -1.023335565645857031e-04 7.806884987095735057e-04 -1.144006508399726977e-04 9.999999931863112757e-01 -2.323506788129667028e-05 1.764127593300979355e-04 1.023308978156886335e-04 2.324677463307153502e-05 9.999999944939873542e-01 2.157427263693154507e-03
9.999999918206016192e-01 2.206701338736382964e-05 -1.259835051164216746e-04 5.866649527016898694e-04 -2.204616486311540322e-05 9.999999860643186134e-01 1.654851326343168786e-04 -3.185746676723677680e-04 1.259871551233929297e-04 -1.654823538276242083e-04 9.999999783714134116e-01 1.546970790754631855e-03
9.999999960637500074e-01 -8.872298000039661070e-05 8.560356642561401447e-07 -7.350574465972591802e-04 8.872301340153141466e-05 9.999999952998034347e-01 -3.909756998381973384e-05 -2.558403628822458406e-03 -8.525668073128656762e-07 3.909764577998564057e-05 9.999999992353235667e-01 1.254400198685198418e-03
9.999999994429029648e-01 -1.038313569959246457e-05 3.172356613123059358e-05 -3.479165529583961528e-03 1.038793618600892759e-05 9.999999884962675889e-01 -1.513259907265562462e-04 -2.620734287012033061e-03 -3.172199452799458847e-05 1.513263201846335479e-04 9.999999880470298308e-01 3.936387686565135866e-03
9.999999985802172642e-01 3.249559812002686805e-05 4.223270807304199047e-05 -2.614834106681716321e-03 -3.249516461697276286e-05 9.999999994193442543e-01 -1.026527403063691438e-05 -4.078649849686918211e-03 -4.223304162473881914e-05 1.026390165726139995e-05 9.999999990555112905e-01 3.226218676340890726e-03
9.999999905320865468e-01 -1.375525958230308470e-04 -3.887196518428166786e-06 -3.834625177555305887e-03 1.375528129357394636e-04 9.999999889767413608e-01 5.590832551722424670e-05 -4.378101429658536742e-03 3.879506140275580173e-06 -5.590885968270459526e-05 9.999999984295744326e-01 1.547583346132172782e-03
9.999998970848932300e-01 -4.488892139102351785e-04 -6.579267889312368021e-05 -2.875292970853549068e-02 4.488888920866395196e-04 9.999998992373410056e-01 -4.906165527527248071e-06 -4.293827185604491038e-03 6.579487458846537066e-05 4.876631419872951916e-06 9.999999978236264742e-01 -2.462332114130313509e-03
9.999995105478167723e-01 -5.241566138234343697e-04 -8.391447855595562076e-04 -2.905765999491935481e-02 5.243869988451957398e-04 9.999998248749060181e-01 2.743509300633700972e-04 -4.073892455610597825e-03 8.390008357497453530e-04 -2.747908323974046019e-04 9.999996102837220846e-01 -5.502284606061724759e-03
9.999978128845665726e-01 -1.181957909298879790e-04 -2.088122563091066811e-03 3.908049678355027257e-02 1.197735032814139735e-04 9.999997074701367783e-01 7.554561196407162237e-04 -1.632032135595741507e-02 2.088032660519285617e-03 -7.557045691256401160e-04 9.999975345120670767e-01 -1.504984548090168572e-02
9.999959620738040345e-01 -1.077276029745035459e-04 -2.839758942354776629e-03 7.029117592702284478e-02 1.101164672342772700e-04 9.999996402311336352e-01 8.410778601732731832e-04 -1.339444065670165017e-02 2.839667313396129506e-03 -8.413871681854778869e-04 9.999956141689734235e-01 -1.323068528617840113e-02
9.999970315440785962e-01 -5.521294341216808222e-04 -2.373195339428729300e-03 1.033422603471528395e-01 5.537281846043377517e-04 9.999996201837327847e-01 6.730657380583373543e-04 -1.342871589187828382e-02 2.372822818645453202e-03 -6.743778452393751118e-04 9.999969574585680920e-01 -6.714139445365885708e-03
9.999977675205883321e-01 -8.749207580156401166e-04 -1.923399986135625314e-03 1.740670513004666520e-01 8.758090285249142725e-04 9.999995102051292273e-01 4.610293343770471624e-04 -1.260591798692519382e-02 1.922995679929476913e-03 -4.627128362118722044e-04 9.999980439903101148e-01 -3.607617930372735912e-03
9.999980904211761557e-01 -1.147042980726678931e-03 -1.582228302613909602e-03 2.773108323925198015e-01 1.147420457000618678e-03 9.999993134657217952e-01 2.376854641246516466e-04 -1.632446551434142690e-02 1.581954580916699075e-03 -2.395004913675871563e-04 9.999987200287900890e-01 -4.075564496421282823e-03
9.999971503525576511e-01 -1.417015268101533146e-03 -1.921289799616736609e-03 4.314415313285571152e-01 1.417866557866457071e-03 9.999988972361699702e-01 4.417927886087147761e-04 -1.394138702561597415e-02 1.920661653761042854e-03 -4.445156622098711758e-04 9.999980567304307399e-01 -1.379034925810365990e-03
9.999952701455571136e-01 -1.864013117005603858e-03 -2.446454907407858738e-03 5.807182093089348074e-01 1.866086813940809157e-03 9.999979013172701769e-01 8.456246555250862594e-04 -1.307013331926052367e-02 2.444873517625232792e-03 -8.501859530871668522e-04 9.999966498830523687e-01 -6.496835422524336982e-03
9.999930494314358542e-01 -2.433740897335717225e-03 -2.824534308959369446e-03 7.277454197507172706e-01 2.437245631814202729e-03 9.999962635377672715e-01 1.238040481741947696e-03 1.478691062907801224e-04 2.821510685440626297e-03 -1.244915960563114810e-03 9.999952446195446987e-01 -8.616275722832140993e-03
9.999891195579756475e-01 -3.184450372113665096e-03 -3.408818195831416278e-03 8.599027670931747025e-01 3.188839692556146282e-03 9.999940926179367029e-01 1.282977258053690428e-03 9.832659410100932917e-04 3.404712481233126975e-03 -1.293833473461590338e-03 9.999933669419328597e-01 -5.254176140334214677e-04
9.999808692678241462e-01 -4.803119016137467889e-03 -3.897582081694088690e-03 1.013840602100855248e+00 4.807758602293864605e-03 9.999877442327924637e-01 1.181880464911288240e-03 -1.597551643728512688e-02 3.891857601299606329e-03 -1.200596488454061224e-03 9.999917059718460566e-01 5.606437826575426733e-03
9.999751051632400634e-01 -6.116184411513598575e-03 -3.518713118640193292e-03 1.213416786929324198e+00 6.119453674672374784e-03 9.999808535944351151e-01 9.190926332144071665e-04 -1.318157953535623733e-02 3.513024407895754073e-03 -9.406023544773166583e-04 9.999933869414938670e-01 3.861276013731793771e-03
9.999722450412562580e-01 -6.851323027164844467e-03 -2.927203431135695470e-03 1.439074788198671850e+00 6.853148710144245370e-03 9.999763283240455936e-01 6.141207676661863783e-04 -1.280239621206192766e-02 2.922926599567649171e-03 -6.341642831880335649e-04 9.999955271578745419e-01 3.754515286836688885e-03
9.999666226197608809e-01 -7.795388867754643632e-03 -2.446540175282412802e-03 1.671424220275086636e+00 7.796393398435837695e-03 9.999695271302017074e-01 4.013240306263648831e-04 2.509407851686094843e-05 2.443337145301487708e-03 -4.203848251531754347e-04 9.999969266853739880e-01 5.933751132411311212e-03
9.999660070906257747e-01 -8.041940790445270895e-03 -1.819849321659785081e-03 1.936587560961872123e+00 8.042153703862407396e-03 9.999676553409497792e-01 1.097074607775615852e-04 7.492077753267385731e-03 1.818908198350110148e-03 -1.243392394644474066e-04 9.999983380549787304e-01 5.983428797806051962e-03
9.999595193958069617e-01 -8.909773070166028541e-03 -1.255194624315232165e-03 2.221279159040953743e+00 8.909719612783063847e-03 9.999603065000416402e-01 -4.817431330604551225e-05 4.290134944918319940e-03 1.255574023446831902e-03 3.698893101861500490e-05 9.999992110825340896e-01 -3.309077435805679417e-03
9.999527402424138733e-01 -9.680137755522948140e-03 -9.012295610470383907e-04 2.497093409858573310e+00 9.679747731795536325e-03 9.999530550356653391e-01 -4.361292105949997160e-04 1.480006342361841424e-03 9.054090436952048210e-04 4.273849244348585773e-04 9.999994987881694053e-01 6.302268436912939614e-03
9.999554221480586591e-01 -9.422192888728819077e-03 -6.131866481421243287e-04 2.798404808538606847e+00 9.421851197887073232e-03 9.999554578192305643e-01 -5.577611834872330454e-04 -4.274187362450295943e-03 6.184146689282598620e-04 5.519589663364505997e-04 9.999996564522393161e-01 8.213204842884069823e-03
9.999553794020423769e-01 -9.395170768270962036e-03 -9.848711350024890159e-04 3.116035352058156516e+00 9.394568162441808978e-03 9.999556811260292832e-01 -6.147136080904903096e-04 -1.404508075456197859e-02 9.906028259443696877e-04 6.054337401927222754e-04 9.999993260777866322e-01 2.597865722127470217e-03
9.999540172093760448e-01 -9.531926018790368160e-03 -1.051595551104277451e-03 3.438389624875118233e+00 9.531346305440627220e-03 9.999544217167463112e-01 -5.549114644095123113e-04 -9.687416967055162420e-03 1.056836996210110732e-03 5.448628266609939052e-04 9.999992931097819726e-01 6.072811961944918693e-03
9.999562090374319867e-01 -9.348024141489129357e-03 -4.409672752793815462e-04 3.797526586575153296e+00 9.347653762884388512e-03 9.999559614055691936e-01 -8.346368030156854504e-04 1.558456820132472255e-02 4.487500606843541733e-04 8.304782440566124300e-04 9.999995544645353673e-01 1.714119506186146877e-02
9.999576502913184450e-01 -9.201246885722009355e-03 1.862246312632824215e-04 4.174870371848371065e+00 9.201373557456645619e-03 9.999574275883522656e-01 -6.911841587623976119e-04 2.917280889688066842e-02 -1.798569471433484723e-04 6.928684097124819530e-04 9.999997437923898724e-01 1.123937832556402491e-02
9.999525041647880919e-01 -9.743576829574471937e-03 -2.283092980345800057e-04 4.524412129564939100e+00 9.743243201716798169e-03 9.999515259669690126e-01 -1.419481680885750123e-03 2.048512501993658697e-02 2.421290597780096352e-04 1.417189788401784301e-03 9.999989664727769734e-01 -5.963309192371674117e-03
9.999467589338562057e-01 -1.019971041917440598e-02 -1.563715140744469058e-03 4.888225445818265236e+00 1.019575235788044119e-02 9.999448501100518527e-01 -2.518605217725320561e-03 1.595287046142480555e-02 1.589317945907566714e-03 2.502527872165034688e-03 9.999956057017029831e-01 -1.379154601109797845e-03
9.999436662043224011e-01 -1.010668957495580722e-02 -3.243338356407552900e-03 5.275749832950700657e+00 1.008717712613137890e-02 9.999312588453111994e-01 -5.977159999311342127e-03 2.355210826261674995e-02 3.303524706236769977e-03 5.944107154720149576e-03 9.999768768899851556e-01 1.627855065991951414e-02
9.999453242626054061e-01 -9.737857006737070040e-03 -3.810856369529329497e-03 5.676322328618437218e+00 9.709560933450706380e-03 9.999256679122722202e-01 -7.374488231457860914e-03 3.968732851366102432e-02 3.882384812515153258e-03 7.337083283747324568e-03 9.999655465550074673e-01 2.050737684019952531e-02
9.999445056447221480e-01 -1.020966642273199790e-02 -2.597757199736985215e-03 6.105797871887737926e+00 1.019229954897035023e-02 9.999261900452969254e-01 -6.612979011071662416e-03 2.735291310541656390e-02 2.665081769159312764e-03 6.586134908529764007e-03 9.999747597645304298e-01 1.397857627448001634e-02
9.999435141807739846e-01 -1.052643638614674144e-02 1.470572953886546642e-03 6.531888211772900910e+00 1.053300556513409210e-02 9.999342510482224222e-01 -4.533141779749272175e-03 1.499034084397666243e-02 -1.422758436682401489e-03 4.548375274629398550e-03 9.999886439559161344e-01 7.194982488020485942e-03
9.999158621317311146e-01 -9.849296753874763402e-03 8.441564476506248013e-03 6.967062906558077806e+00 9.877794960525350734e-03 9.999456322311248702e-01 -3.340920324354286312e-03 1.841279705578809794e-02 -8.408199811774227581e-03 3.424023269485122582e-03 9.999587882710843090e-01 -1.411117694326980039e-02
9.998831820826403760e-01 -9.077596524764044994e-03 1.229713095103576563e-02 7.376021876393970444e+00 9.126376936858124345e-03 9.999506838413069199e-01 -3.916520050881104609e-03 3.297223497356346900e-02 -1.226097191497126961e-02 4.028290783466521169e-03 9.999167172525240677e-01 -3.159158618546757669e-02
9.998967528571365282e-01 -8.336932666077798842e-03 1.170381046820741927e-02 7.778788226105065817e+00 8.379408359737511997e-03 9.999584661969656008e-01 -3.584884454590424752e-03 4.447676611727952728e-02 -1.167343742413508995e-02 3.682585332791073283e-03 9.999250819056253459e-01 -2.532837510790019939e-02
9.999117154813960129e-01 -7.261215970045872305e-03 1.112816182880198290e-02 8.190515282498187943e+00 7.302201611753767786e-03 9.999666885758914381e-01 -3.646860319153331833e-03 4.244606979861802187e-02 -1.110131049349379409e-02 3.727798439087774435e-03 9.999314298611303720e-01 -1.210424233665112134e-02
9.999044761640373258e-01 -6.058882106511342958e-03 1.242290202575080209e-02 8.603698118210919787e+00 6.138491498627877963e-03 9.999608052700291738e-01 -6.380191677061928558e-03 3.025049835043222557e-02 -1.238375828427218557e-02 6.455840095152117104e-03 9.999024775743995397e-01 -6.111970164761733326e-03
9.998981686032772931e-01 -4.603203714952736926e-03 1.350788434102972307e-02 8.993917118119833631e+00 4.714233509826933240e-03 9.999552724786400226e-01 -8.199331959593519903e-03 2.803115041494897569e-02 -1.346953697150779852e-02 8.262176331175229149e-03 9.998751462137889234e-01 -9.340039012084884809e-03
9.999164601754172432e-01 -2.367961906497561501e-03 1.270690468495752970e-02 9.364215672630820109e+00 2.453697686266827997e-03 9.999743035995739548e-01 -6.735837602814707600e-03 2.871978868169127244e-02 -1.269062795639475105e-02 6.766453794748043815e-03 9.998965761843151556e-01 -1.770247731171148073e-02
9.999328879266646819e-01 4.076190739661133058e-04 1.157814705947363826e-02 9.719906171930571048e+00 -3.455095877994272162e-04 9.999855439500457965e-01 -5.365865639005743329e-03 4.629712539092064455e-02 -1.158016691438416845e-02 5.361505163819470926e-03 9.999185736831841531e-01 -1.990544366698749831e-02
9.999229829928317770e-01 3.998883192600831069e-03 1.174891552140426912e-02 1.006523553640931823e+01 -3.944284320827587745e-03 9.999813323560684530e-01 -4.666643395265229234e-03 5.183480729331512576e-02 -1.176735755867192035e-02 4.619942921079602492e-03 9.999200895189036542e-01 -1.096477683002299724e-02
9.998958413738313622e-01 8.229263404570596324e-03 1.185688100370985675e-02 1.040865277436296843e+01 -8.179016269121371779e-03 9.999573913912900291e-01 -4.280081166958988985e-03 4.212889735797267776e-02 -1.189159771382249618e-02 4.182657736954369272e-03 9.999205444824443845e-01 -2.324794514480970839e-02
9.998530299730470361e-01 1.267747518332990909e-02 1.154123375957601290e-02 1.074234455049362325e+01 -1.261846542626033317e-02 9.999070106655739698e-01 -5.171494186603496981e-03 2.635413443919844972e-02 -1.160572203714165494e-02 5.025101472791906887e-03 9.999200245875591309e-01 -1.921358322026541637e-02
9.997753612918020005e-01 1.781318544403566809e-02 1.148552907720149993e-02 1.106484439498729877e+01 -1.775113054489311712e-02 9.998274055433867824e-01 -5.482379844384886562e-03 8.107889804851293319e-03 -1.158120538739417643e-02 5.277267163632223639e-03 9.999190097868220217e-01 -1.106355375094715369e-02
9.996564013335598187e-01 2.319543454157478590e-02 1.220864813418134041e-02 1.136030908914978177e+01 -2.313341865334730268e-02 9.997188804819600039e-01 -5.196628648039111967e-03 -9.125990282592333705e-03 -1.232575410454440391e-02 4.912415324886235807e-03 9.999119681059078779e-01 -1.442415386719745132e-02
9.995115339657058007e-01 2.858156259645673603e-02 1.264071790155183936e-02 1.165226076571500435e+01 -2.852155710171101061e-02 9.995811573577847442e-01 -4.902105238101219647e-03 -2.019502080361935611e-02 -1.277553325758366484e-02 4.539177768760140758e-03 9.999080865835459075e-01 -1.730917414134275356e-02
9.993361701580727452e-01 3.397348482458813906e-02 1.315375773947744312e-02 1.193651451520011797e+01 -3.391057436964337729e-02 9.994124805220884200e-01 -4.976617586986643339e-03 -1.278326622900683926e-02 -1.331510269266704058e-02 4.527262479655719436e-03 9.999011010768634744e-01 -3.213500488725409832e-02
9.991394370233337430e-01 3.873967449847712241e-02 1.481968300766854478e-02 1.218998141191631213e+01 -3.866487185693312512e-02 9.992381718889747910e-01 -5.301275720679296012e-03 -3.013220202373674897e-02 -1.501376265240261625e-02 4.723712494613106251e-03 9.998761290636383192e-01 -3.338734182413988921e-02
9.989512590924106705e-01 4.319355080007639819e-02 1.518878293243533864e-02 1.242198067005604045e+01 -4.310861018820792007e-02 9.990531112579388306e-01 -5.876105298031587647e-03 -8.072049037329051546e-02 -1.542821069756812949e-02 5.215175463360578918e-03 9.998673773353933258e-01 -2.353753651710601552e-02
9.987125656546543828e-01 4.883493599474281188e-02 1.372443914654121813e-02 1.263427762256500664e+01 -4.875750455960661811e-02 9.987930945943930272e-01 -5.921143443266507940e-03 -9.625363600748274018e-02 -1.399703370781394535e-02 5.244350955568402237e-03 9.998882836749499736e-01 -1.681540032704164842e-02
9.983963297322998587e-01 5.505092851109112673e-02 1.319712268411323518e-02 1.286655941122344160e+01 -5.498867952218790267e-02 9.984742856438171277e-01 -5.034484330623124893e-03 -7.807407466579822930e-02 -1.345414068154911734e-02 4.300718327897202695e-03 9.999002399841622202e-01 -1.950788241454248784e-02
9.980962832156297093e-01 6.028027549428075643e-02 1.304215540005328362e-02 1.310454106741747360e+01 -6.024554139250754697e-02 9.981789576660841101e-01 -3.040265609029984325e-03 -9.068563440128811493e-02 -1.320167313143239159e-02 2.248746091359704342e-03 9.999103254630123949e-01 -1.750580931450368763e-02
9.978285990682419504e-01 6.487714832558398592e-02 1.135968778839848564e-02 1.329616867719515660e+01 -6.485229824680445454e-02 9.978916341329994166e-01 -2.542821165454868786e-03 -1.162061859694858562e-01 -1.150070839632229280e-02 1.800597820763104751e-03 9.999322434814623684e-01 -2.100121146483259482e-02
9.974801982913150677e-01 7.023370473569595651e-02 1.002400797175165975e-02 1.348397659589206476e+01 -7.020302358215629868e-02 9.975269945028077956e-01 -3.380934503720042176e-03 -1.439152656959453436e-01 -1.023667410059861914e-02 2.668699551152012555e-03 9.999440427074226534e-01 -2.513774398199464244e-02
9.970424067847857286e-01 7.634475803076855305e-02 8.827060327494381728e-03 1.369136570076786796e+01 -7.630459932006709856e-02 9.970729974081502522e-01 -4.800621015122311097e-03 -1.606548164315006466e-01 -9.167725748834327712e-03 4.112877429515650503e-03 9.999495172476677851e-01 -1.399385944897186401e-02
9.966128935212932305e-01 8.179432560510020711e-02 8.510509145884215601e-03 1.389054035115933949e+01 -8.175524803947030461e-02 9.966406694231734198e-01 -4.843084733242774761e-03 -1.783607332781144694e-01 -8.878056381890033974e-03 4.130901903401937650e-03 9.999520567328937792e-01 -2.179360185300998915e-03
9.961439474535028760e-01 8.735443570378373379e-02 8.150982433205281735e-03 1.410189459948098722e+01 -8.732946879606251489e-02 9.961737802644886619e-01 -3.370963268221672127e-03 -1.886582454298125766e-01 -8.414263577429231117e-03 2.646143690669243691e-03 9.999610982893374356e-01 -8.370691556398300245e-03
9.956455203457211800e-01 9.289129279504336478e-02 7.823396855818365650e-03 1.429946267240140756e+01 -9.287564221446746593e-02 9.956749635699416734e-01 -2.341367815114560932e-03 -2.065004539688921892e-01 -8.007053062664843887e-03 1.604569369317685292e-03 9.999666556732732525e-01 -2.679324657464044607e-02
9.950466045716622743e-01 9.914390820799896809e-02 7.262244532494604131e-03 1.449961802229335817e+01 -9.912197359319373235e-02 9.950697477912310296e-01 -3.321352388117958850e-03 -2.408516402315497573e-01 -7.555731691641636751e-03 2.585052405605511427e-03 9.999681137029641231e-01 -2.703149671367716805e-02
9.943103245083446673e-01 1.063603713932962797e-01 5.869409952484148756e-03 1.469319292256905207e+01 -1.063296840643317281e-01 9.943167267617266658e-01 -5.314618389416273653e-03 -2.816321050423609695e-01 -6.401317277688697675e-03 4.660287429526827237e-03 9.999686519377417593e-01 -3.039454214260446218e-03
9.935056467812178882e-01 1.136829782841219938e-01 4.765528542129709826e-03 1.490212008976571667e+01 -1.136575098136027306e-01 9.935057844265308136e-01 -5.312887538296223212e-03 -2.992485827610008586e-01 -5.338565051097710241e-03 4.736745662966748878e-03 9.999745311575287676e-01 1.974865586757046723e-02
9.926523045476366436e-01 1.209280320451867202e-01 4.220585497806810318e-03 1.512058929358348180e+01 -1.209182975299690904e-01 9.926593374649710366e-01 -2.490997000931772457e-03 -3.119612424070813406e-01 -4.490834969120314352e-03 1.962347900621698883e-03 9.999879907238872212e-01 6.069899015691198468e-03
9.915314324751155484e-01 1.297872383331553359e-01 4.548755840677170051e-03 1.533022461272655690e+01 -1.297952511878277815e-01 9.915396650808124823e-01 1.511734275204603935e-03 -3.395022737767202092e-01 -4.314068026127050939e-03 -2.089338958348143510e-03 9.999885116739006818e-01 -7.634597124334262415e-03
9.901366423279154283e-01 1.400128535508155525e-01 5.082357736284574996e-03 1.554078052240742913e+01 -1.400300109497610301e-01 9.901421152658772540e-01 3.191803600484818555e-03 -3.715192129027997114e-01 -4.585362909465058763e-03 -3.872004309416720615e-03 9.999819908526434986e-01 -1.126863954609558412e-02
9.885723191956391487e-01 1.506775766463304411e-01 4.586678116512411980e-03 1.574985675010603359e+01 -1.506880032352631293e-01 9.885793115249462693e-01 2.017549462233625499e-03 -4.304701400388169508e-01 -4.230295630874907238e-03 -2.685650917832342610e-03 9.999874458602082683e-01 -5.396366806473854374e-03
9.865724700301867767e-01 1.632703795317160533e-01 4.188621026741162247e-03 1.595495687268148366e+01 -1.632774644145653375e-01 9.865791859051827872e-01 1.406965890533448454e-03 -4.822589238364772823e-01 -3.902690467692051645e-03 -2.071981234511635888e-03 9.999902379027892918e-01 -3.141583726536607227e-03
9.840179053833688627e-01 1.780311607145453889e-01 3.696985198660193619e-03 1.617307221071231282e+01 -1.780388815488062049e-01 9.840216692695183953e-01 1.873783573610339958e-03 -5.307648791191221793e-01 -3.304321681912607798e-03 -2.502043697117761756e-03 9.999914105808910270e-01 7.270282416929583179e-03
9.807790358099461869e-01 1.951063349472079433e-01 2.449689608964792775e-03 1.642649401969319811e+01 -1.951142791644985552e-01 9.807739643752955150e-01 3.584532003578418894e-03 -5.670997410143592266e-01 -1.703226887554209991e-03 -3.993603264529463522e-03 9.999905750311525177e-01 1.361830691573998227e-03
9.767619230338591141e-01 2.143243992236445461e-01 1.094353060685629648e-03 1.667753793274317431e+01 -2.143271924279644969e-01 9.767487764697028174e-01 5.067765867204442921e-03 -6.314472110267800309e-01 1.723786184412157954e-05 -5.184550352957667009e-03 9.999865599799298010e-01 -1.020490031683081097e-02
9.716069350562022144e-01 2.365969173953412497e-01 1.364708655728737218e-03 1.690870368931028977e+01 -2.366007422772309632e-01 9.715847307470659722e-01 6.572650379763716327e-03 -7.212918406169362973e-01 2.291387271450192058e-04 -6.708923771615789809e-03 9.999774686648046362e-01 1.585475706179147182e-02
9.651513908595881208e-01 2.616810176573353131e-01 2.416137335477058952e-03 1.716027568840469542e+01 -2.616920458436609032e-01 9.651188438843113504e-01 7.930341831815297671e-03 -8.147183590962830957e-01 -2.566397509613758954e-04 -8.286264371328753986e-03 9.999656353889401217e-01 2.873458108188977483e-02
9.575204616460181173e-01 2.883356907506561262e-01 4.134606213208331070e-03 1.744345959306838623e+01 -2.883651071269797139e-01 9.574392447375764670e-01 1.247628261881800725e-02 -9.159524919029831125e-01 -3.612766831641817480e-04 -1.313857205639650493e-02 9.999136199709838246e-01 1.034589442776070664e-02
9.488386195691508318e-01 3.157115802105425195e-01 5.610003125713356950e-03 1.770633194416943468e+01 -3.157613620754339823e-01 9.486993945161893427e-01 1.625487818725346659e-02 -1.006228379859731570e+00 -1.903532899705208869e-04 -1.719467840868097244e-02 9.998521424690988146e-01 -3.133845231582188529e-02
9.383521553779443636e-01 3.456158472011330862e-01 6.702138540004432508e-03 1.796598901904928525e+01 -3.456801157801832614e-01 9.382131132209597935e-01 1.616823226062806540e-02 -1.110070697827912900e+00 -7.000369743540753049e-04 -1.748829161689512482e-02 9.998468230706926141e-01 -3.455410044313454027e-02
9.261171244026974447e-01 3.771875082393763012e-01 6.054379922767267469e-03 1.824542027400937982e+01 -3.772358519210302630e-01 9.259789982757105076e-01 1.600021180254502032e-02 -1.261997109719770638e+00 4.288513650396078123e-04 -1.710199931242578977e-02 9.998536581450430116e-01 -1.498773318418083512e-02
9.121392945112339889e-01 4.098355147598603532e-01 6.062858242500229929e-03 1.853616725361925077e+01 -4.098789313594998207e-01 9.119973102554435052e-01 1.612971526192494634e-02 -1.415937851354706511e+00 1.081219747680730063e-03 -1.719758495709943283e-02 9.998515259954853240e-01 2.312427663588773052e-03
8.967390465386673171e-01 4.424886708707543304e-01 7.928339293645499802e-03 1.883668971275942638e+01 -4.425594369738325429e-01 8.965753232318481869e-01 1.714160194122278658e-02 -1.585721943536322565e+00 4.766112946752323431e-04 -1.888030515485075375e-02 9.998216375528854449e-01 2.181608103814113367e-02
8.803692843389404610e-01 4.742065477395403517e-01 8.835908186988298066e-03 1.909445230197180621e+01 -4.742888592659513791e-01 8.802178369415849524e-01 1.632903873716571794e-02 -1.752030311656881389e+00 -3.418690430870088712e-05 -1.856635696156678020e-02 9.998276297544648195e-01 -2.143559291375092546e-02
8.621086524321111000e-01 5.066726281123982156e-01 7.177696243549655172e-03 1.935034518945504800e+01 -5.067212840768976490e-01 8.619768745674687427e-01 1.514621980423483567e-02 -1.940483884825865646e+00 1.487166819570124275e-03 -1.669477860211485490e-02 9.998595264847343067e-01 -2.798622782125503514e-02
8.412426773940824276e-01 5.406219338609243863e-01 6.219514395040407276e-03 1.964202574148289671e+01 -5.406476968072684297e-01 8.411014301256064529e-01 1.576236586479529481e-02 -2.147232541341562051e+00 3.290238263693768660e-03 -1.662254099510372674e-02 9.998564224242569853e-01 1.005722026914810698e-02
8.184417315906000745e-01 5.745310042784971261e-01 8.201043453228747809e-03 1.994910993708195335e+01 -5.745801389715537999e-01 8.182633653995423639e-01 1.739910182868224797e-02 -2.390944156564687173e+00 3.285710031349806277e-03 -1.895230771585579982e-02 9.998149899565585974e-01 3.190712672500417568e-02
7.943919928939319197e-01 6.073317208947822676e-01 9.462685717584216200e-03 2.022964188664850127e+01 -6.073970702258683074e-01 7.942028937170555469e-01 1.762278900989066449e-02 -2.650357637572571701e+00 3.187586397102110374e-03 -1.974701006324514410e-02 9.997999274287446836e-01 -1.416321487303800726e-03
7.690316411766686677e-01 6.391670491070955418e-01 7.471158199845649023e-03 2.049604901936130474e+01 -6.391922540606618242e-01 7.688680804016096992e-01 1.658726283611150140e-02 -2.908899590788874612e+00 4.857696776229108657e-03 -1.753163641168672612e-02 9.998345085596709314e-01 -2.934994601144310170e-02
7.412317338028112657e-01 6.712376243141037202e-01 3.945694975103367433e-03 2.073347143970843121e+01 -6.712045003935179777e-01 7.411016941450061513e-01 1.589960964582699809e-02 -3.166239762599738938e+00 7.748254975557975106e-03 -1.443366344903371928e-02 9.998658079483835337e-01 -4.650617058839194053e-03
7.108214246745424569e-01 7.033711633615508108e-01 1.381584261875223917e-03 2.098301437122399093e+01 -7.033000894661493030e-01 7.107186677145201914e-01 1.574673042266485495e-02 -3.469141970473352821e+00 1.009387837059519399e-02 -1.216478168798646418e-02 9.998750580477159255e-01 3.891417561546813703e-02
6.781965629672307427e-01 7.348804799385141306e-01 3.196635324703017700e-04 2.124410546424381607e+01 -7.347795892162941600e-01 6.780961158623439733e-01 1.687047490548125236e-02 -3.778738783482154862e+00 1.218102009557977747e-02 -1.167638033559826108e-02 9.998576323115654363e-01 5.976945971790763312e-02
6.435862226727790958e-01 7.653713246229288947e-01 1.873347465666223930e-03 2.149702992330199791e+01 -7.652481416110709089e-01 6.434344669005133133e-01 1.968168095601934703e-02 -4.110110435145181818e+00 1.385841789622402863e-02 -1.410043436902815549e-02 9.998045419000747280e-01 5.674514716479094056e-02
6.067994918281974792e-01 7.948500632828389145e-01 2.784531613781606081e-03 2.173371029191960346e+01 -7.946885408251539440e-01 6.065970594750866862e-01 2.258606909946658803e-02 -4.451474353305683529e+00 1.626344976408624840e-02 -1.591805061699049992e-02 9.997410243989820477e-01 3.074175396426349210e-02
5.678955247464223532e-01 8.230987601309469603e-01 1.761829697678103136e-03 2.194669517540568648e+01 -8.229229889508344886e-01 5.677271804090349150e-01 2.199097271682438209e-02 -4.818391825743104206e+00 1.710050377066793525e-02 -1.393842515154085186e-02 9.997566169198802699e-01 3.558123415087160232e-03
5.268978983344179134e-01 8.499285255038762088e-01 -3.259840189031284400e-04 2.214211350377043885e+01 -8.497841137952444335e-01 5.268153669436893560e-01 1.823538025974069318e-02 -5.220381940445951052e+00 1.567050324670012443e-02 -9.331167493571296268e-03 9.998336684875149816e-01 -6.011500964312928037e-04
4.826692371540636239e-01 8.758015146984279298e-01 -1.454082890762473535e-03 2.231884944729483422e+01 -8.757296957979299190e-01 4.826497661160686903e-01 1.211210822974768432e-02 -5.630859482509463554e+00 1.130961550094420308e-02 -4.572758471987373348e-03 9.999255884700509744e-01 7.623515040004467946e-02
4.354950471488218677e-01 9.001902796065278656e-01 -1.234670306973398735e-03 2.249382471182818577e+01 -9.001555058141627041e-01 4.354896064281598700e-01 8.298677334107511586e-03 -6.066550030493236711e+00 8.008074755806974740e-03 -2.502637602202643918e-03 9.999648031524597247e-01 1.416446510624458366e-01
3.862301222566085213e-01 9.224024378797605062e-01 -1.877634676625550823e-04 2.267595376112213756e+01 -9.223654446768186910e-01 3.862164399235409884e-01 8.879639571528987266e-03 -6.516933675344088961e+00 8.263118526300263639e-03 -3.256397742961623931e-03 9.999605575951283631e-01 1.244319719998146223e-01
3.348532205496914660e-01 9.422594919485209886e-01 4.513371291467394887e-03 2.280123660012872477e+01 -9.422383166058858617e-01 3.347985473025746339e-01 9.843141967477519669e-03 -6.984376831812832975e+00 7.763723797632105482e-03 -7.548679156027244055e-03 9.999413692991171443e-01 7.506706740048359194e-02
2.810658617067868792e-01 9.596476770266615386e-01 8.849709619732713806e-03 2.291176413135097079e+01 -9.596668167326578569e-01 2.809856049581020421e-01 9.310782380479708589e-03 -7.447669725720761136e+00 6.448429671523991241e-03 -1.110971573271117216e-02 9.999174925818178350e-01 4.688438754505781098e-02
2.251150486352259950e-01 9.742966392790964880e-01 8.323074397013623116e-03 2.301565497977122732e+01 -9.743061308145880561e-01 2.250383391624311835e-01 9.236306844279538325e-03 -7.933457582688325793e+00 7.125891878702769917e-03 -1.018845407669616114e-02 9.999227055470137904e-01 3.488097354558895163e-02
1.672306439618355123e-01 9.859116701902953528e-01 3.477111256800958713e-03 2.307171827637349182e+01 -9.858792058414881376e-01 1.671918513380160620e-01 9.438026039559151495e-03 -8.452355692609357263e+00 8.723715347628453742e-03 -5.006338856801476923e-03 9.999494154014914038e-01 8.402108950527403808e-02
1.092466436462697921e-01 9.940144514977778956e-01 6.641276959112585570e-04 2.310388771474978142e+01 -9.939696664563196782e-01 1.092353149288877168e-01 9.588959124915715990e-03 -9.009963763831109418e+00 9.459017746971845608e-03 -1.707684384847632172e-03 9.999538043316321678e-01 1.364940954162942033e-01
5.351270533033901378e-02 9.985669554827824035e-01 -6.525228543873248842e-04 2.310955641925961856e+01 -9.985214909303775643e-01 5.351649623346442508e-02 9.529783894184464324e-03 -9.581282440645622955e+00 9.551048026503704963e-03 1.415935760376718785e-04 9.999543776757290336e-01 1.550541499714361005e-01
1.832313297428403648e-03 9.999981647240122618e-01 5.596218259598759615e-04 2.310008087217897454e+01 -9.999537297537478553e-01 1.826946460078873952e-03 9.444607890284107549e-03 -1.014392781373724794e+01 9.443568157708109867e-03 -5.769014127465485258e-04 9.999552421009705316e-01 1.280514763862587446e-01
-4.453628518202006753e-02 9.990049192014407442e-01 2.385521642852892268e-03 2.304922289661019263e+01 -9.989517810598886882e-01 -4.455894248474339542e-02 1.048044664685368089e-02 -1.070362878641238424e+01 1.057631407731506566e-02 -1.916260933185587757e-03 9.999422330937792758e-01 9.970316813361382313e-02
-8.455675555483788131e-02 9.964177779732404927e-01 1.329221166471507808e-03 2.295801391557127147e+01 -9.963357971314331651e-01 -8.456685225519944282e-02 1.278385130228758097e-02 -1.129571406738556583e+01 1.285046475856518530e-02 -2.433896408434380184e-04 9.999173997470849340e-01 9.177735091460398342e-02
-1.177848136304637389e-01 9.930271941978130457e-01 -4.871268998507071075e-03 2.285272308132955033e+01 -9.929341104516882233e-01 -1.176995950143981534e-01 1.512142965996881791e-02 -1.189826276580484432e+01 1.444264447916794938e-02 6.617923924129099147e-03 9.998737985882932833e-01 1.193626918576067147e-01
-1.447185341864890007e-01 9.894084534406560882e-01 -1.128973529729092144e-02 2.274730078692851976e+01 -9.893479149207810019e-01 -1.445095213631986675e-01 1.754142175771577356e-02 -1.251717794076223100e+01 1.572415672832311317e-02 1.370804492070593246e-02 9.997823965241812161e-01 1.629467113756433716e-01
-1.658037944713759704e-01 9.860842089744220607e-01 -1.212578039476435582e-02 2.263429462350694976e+01 -9.860220776171345625e-01 -1.655635672272300074e-01 1.868602843259713209e-02 -1.315139761747817992e+01 1.641841010825991279e-02 1.505450159529929388e-02 9.997518681108998884e-01 1.994302535606260751e-01
-1.803898796268976756e-01 9.835116499219463959e-01 -1.281896236067391406e-02 2.250388279789309820e+01 -9.834747669143323323e-01 -1.801485471947894546e-01 1.799677155511037602e-02 -1.382156242148814407e+01 1.539071703961486515e-02 1.585356147424651571e-02 9.997558654079449214e-01 1.722481491300739687e-01
-1.888122457727449688e-01 9.818834414332070493e-01 -1.596381174828272534e-02 2.235777472518705267e+01 -9.819415252045758935e-01 -1.885771039095526791e-01 1.514981716052622371e-02 -1.449486310960899438e+01 1.186494522381289704e-02 1.853600065731289548e-02 9.997577905445238500e-01 1.329738722945749407e-01
-1.929673002030131701e-01 9.809972835233154997e-01 -2.019779127120908263e-02 2.221476310194945469e+01 -9.811739446435582268e-01 -1.927560011147681496e-01 1.195049734708410541e-02 -1.515373990347788968e+01 7.830159957453062744e-03 2.212360174380954489e-02 9.997245794922329232e-01 1.697997440685339032e-01
-1.953830429796416801e-01 9.804051766838761672e-01 -2.512281925807182542e-02 2.207402250668138777e+01 -9.807070125031209784e-01 -1.951513613268049674e-01 1.138866978618081720e-02 -1.585205461022613171e+01 6.262758435334940185e-03 2.686327797855379493e-02 9.996194986858887299e-01 2.175499706711109260e-01
-1.985516361999029589e-01 9.797270217504923107e-01 -2.668727438784249811e-02 2.194146045832081526e+01 -9.800463863527315578e-01 -1.982109604682334436e-01 1.488273319028871403e-02 -1.657512258806863414e+01 9.291305575335225345e-03 2.910975785146726474e-02 9.995330377924156462e-01 2.313471166763830522e-01
-2.014626809116066009e-01 9.791626660744234822e-01 -2.555898209895463360e-02 2.179594615026862314e+01 -9.793997841283075267e-01 -2.010081609964526062e-01 1.928165092123597726e-02 -1.732640591604643987e+01 1.374230873370166361e-02 2.891699463724940744e-02 9.994873467792461108e-01 2.111710285425549560e-01
-2.033512665932145913e-01 9.788105936512214722e-01 -2.404338019245904484e-02 2.161456471225059062e+01 -9.789704629436264405e-01 -2.028534808446965931e-01 2.161707642425989007e-02 -1.809389847876130020e+01 1.628174004452089679e-02 2.793361890865680985e-02 9.994771722634732125e-01 2.018600143530338564e-01
-2.019552108695571446e-01 9.790223630890618756e-01 -2.700565448460942944e-02 2.146122176871920217e+01 -9.792760050326628773e-01 -2.014245622673281888e-01 2.113413548465192804e-02 -1.886560922394863837e+01 1.525118913072317020e-02 3.071413822532939944e-02 9.994118485104998006e-01 2.122330350337775506e-01
-1.972986496981639082e-01 9.798287209505283091e-01 -3.176350779957599207e-02 2.130978103086253128e+01 -9.802585108561028271e-01 -1.967515262828756217e-01 1.954709184342724032e-02 -1.965615790713334476e+01 1.290328335958321887e-02 3.499306368141273660e-02 9.993042533546682149e-01 2.689317885222616833e-01
-1.912109068149765445e-01 9.809412614330972335e-01 -3.453448614122378579e-02 2.115100325250784863e+01 -9.814710337613943292e-01 -1.906339700961416916e-01 1.932095579217340056e-02 -2.044904270959413495e+01 1.236927654853600331e-02 3.758897529099901325e-02 9.992167282097705883e-01 2.864761774399126604e-01
-1.859641115368964315e-01 9.820500391208271118e-01 -3.154472829292725988e-02 2.099059383244061650e+01 -9.824521630702567343e-01 -1.853805638740236017e-01 2.053761953884982935e-02 -2.125636437343314356e+01 1.432119055338041541e-02 3.481044671547493113e-02 9.992913170345286700e-01 2.899101005338436954e-01
-1.827597582039816870e-01 9.827863599501119873e-01 -2.701557841749715333e-02 2.082049479307470818e+01 -9.830225889866678335e-01 -1.822102860001728331e-01 2.158706134897968656e-02 -2.207921918057289545e+01 1.629295317527123740e-02 3.050216995141442206e-02 9.994018997906114476e-01 2.683497111216435194e-01
-1.813189885584492456e-01 9.831224433259787565e-01 -2.436566881697229542e-02 2.065882558097332122e+01 -9.832886493047160448e-01 -1.808267554487817397e-01 2.109778809196186447e-02 -2.292762049944384728e+01 1.633574414123062715e-02 2.778391517810175834e-02 9.994804638014332943e-01 2.895386913244921701e-01
