1.000000000000000000e+00 0.000000000000000000e+00 0.000000000000000000e+00 0.000000000000000000e+00 0.000000000000000000e+00 1.000000000000000000e+00 0.000000000000000000e+00 0.000000000000000000e+00 0.000000000000000000e+00 0.000000000000000000e+00 1.000000000000000000e+00 0.000000000000000000e+00
9.999999989802503819e-01 5.153086929105599352e-07 -4.515787499750581496e-05 5.598455959692526848e-04 -5.131926922281637589e-07 9.999999989020396107e-01 4.685784351129130784e-05 3.277054425206346318e-04 4.515789909417834827e-05 -4.685782028881659695e-05 9.999999978825544478e-01 1.118517835175804678e-03
9.999999921436626416e-01 -9.513926343284826045e-05 8.161614600509954349e-05 -1.918131331291505299e-03 9.512310656363252869e-05 9.999999758851360054e-01 1.979427240235753565e-04 -5.148898171696639388e-03 -8.163497616190277324e-05 -1.979349588871167688e-04 9.999999770787411091e-01 2.761738862611728702e-03
9.999999944279457376e-01 -1.035328950962626236e-04 2.061669388773270029e-05 -2.384163422320956325e-03 1.035311068989279508e-04 9.999999908806844751e-01 8.671759285001409267e-05 -9.338645866891962313e-03 -2.062567182316610200e-05 -8.671545789768016676e-05 9.999999960275055555e-01 2.614924504277288571e-03
9.999999967975802262e-01 -7.553375096902812953e-05 -2.644791126263470980e-05 1.019409455288943032e-03 7.553311094848738671e-05 9.999999968545679740e-01 -2.419944761744336178e-05 -3.778805190682903159e-03 2.644973905449452388e-05 2.419744984693081251e-05 9.999999993574473223e-01 1.558574609910537943e-03
9.999999895164025654e-01 -1.436300407728899255e-04 1.837406089836835283e-05 -7.561328058037272010e-05 1.436299400373655113e-04 9.999999896701846636e-01 5.483687664833606463e-06 -2.622619565238594290e-04 -1.837484833085058160e-05 -5.481048542079756437e-06 9.999999998161615000e-01 9.252909410947377823e-04
9.999999840661396577e-01 -1.401343396673123537e-04 1.105897248598011642e-04 -1.359041312345660255e-03 1.401246108943732434e-04 9.999999863127808641e-01 8.797460729735100636e-05 1.838581154736762839e-03 -1.106020516096364685e-04 -8.795910955341100978e-05 9.999999900151905763e-01 2.337382945577483003e-04
9.999999993764433492e-01 -1.745569579438604818e-06 3.527132426603008523e-05 -3.916788858540765431e-03 1.743184946130357012e-06 9.999999977130469286e-01 6.760819030215339668e-05 -3.814651644700507889e-03 -3.527144220016654080e-05 -6.760812877555436842e-05 9.999999970925331771e-01 -1.028694963222394343e-03
9.999999981380817138e-01 -5.596379045809657377e-05 2.432880626397978616e-05 -2.028706093101659107e-03 5.596266678050107647e-05 9.999999973675466336e-01 4.618535160151055342e-05 -4.742982591519457301e-03 -2.433139090727459944e-05 -4.618399001063907563e-05 9.999999986375112115e-01 -6.844464990540804084e-04
9.999999982094611717e-01 -5.927178449847299427e-05 -8.242166302229343903e-06 -1.291778116124152765e-03 5.927197800410139876e-05 9.999999979677784978e-01 2.347925847590206220e-05 -4.615754185319715860e-03 8.240774627930868367e-06 -2.347974696336131212e-05 9.999999996903955468e-01 1.048716327849762197e-03
9.999999934474116392e-01 4.753579297270424874e-05 1.041418504622773346e-04 -2.839316876450153054e-03 -4.753611782863638804e-05 9.999999988653012206e-01 3.116887062190407120e-06 -4.342972899804477954e-04 -1.041417021804095930e-04 -3.121837541041196752e-06 9.999999945723799799e-01 3.005614752842512925e-03
9.999999922013064202e-01 2.653088938712821633e-05 1.220389242334750845e-04 1.781250686416390588e-03 -2.653879944130603375e-05 9.999999975473754521e-01 6.481466736814568360e-05 -3.218013369811909864e-03 -1.220372043433888326e-04 -6.481790562921022753e-05 9.999999904527798744e-01 3.526169588841041036e-03
9.999999815078816079e-01 -1.665117294987430345e-04 9.621891907958520309e-05 1.648491484295086865e-03 1.665002375453857411e-04 9.999999790069347139e-01 1.194311557201193508e-04 -3.467596526607053409e-03 -9.623880374795013568e-05 -1.194151330387011571e-04 9.999999882390592232e-01 5.731611368587860057e-04
9.999999590020216544e-01 -2.863490892996777113e-04 -3.925284406933010076e-07 -6.683056007746580006e-03 2.863491166730928778e-04 9.999999564383582618e-01 7.160631896911921616e-05 -1.707567263724563134e-04 3.720240193692082012e-07 -7.160642843357716773e-05 9.999999974361905020e-01 -1.308124249681690389e-03
9.999999970100486024e-01 -7.185379021983828642e-05 2.858208741921710355e-05 -6.397272612816294959e-03 7.185047090790666125e-05 9.999999906772140124e-01 1.161166724757912229e-04 3.427777961784923312e-03 -2.859043057577751902e-05 -1.161146184921674137e-04 9.999999928499913038e-01 1.677850426390765839e-03
9.999999711205979080e-01 2.094680040191414455e-04 1.178217239172971696e-04 -7.531174748137687072e-03 -2.094810379580944269e-04 9.999999719401470033e-01 1.106227822335335208e-04 1.402579163926385639e-02 -1.177985486778434067e-04 -1.106474604558339159e-04 9.999999869403206620e-01 2.875300476408846739e-03
9.999999860414570119e-01 1.119627120297622550e-04 1.240219213014438369e-04 -7.715901609277848495e-03 -1.119740872604214454e-04 9.999999895249555015e-01 9.171637045379449934e-05 1.102913923903553646e-02 -1.240116511887351663e-04 -9.173025641500561996e-05 9.999999881033351246e-01 2.295689524977284797e-03
9.999999810802344680e-01 1.605815336177631759e-04 1.097866189229401566e-04 -1.684278227469950678e-02 -1.605995289755842402e-04 9.999999736685266649e-01 1.639229611089321800e-04 6.290808657391661236e-03 -1.097602930316067034e-04 -1.639405896868350665e-04 9.999999805380803686e-01 2.437947744859437788e-03
9.999999800973328190e-01 1.732526237669597565e-04 9.893867955753443764e-05 -2.410635395066916542e-02 -1.732746542472621959e-04 9.999999601896598644e-01 2.227028804012394297e-04 4.093914734102570979e-03 -9.890009176040196208e-05 -2.227200195343501121e-04 9.999999703072819379e-01 -4.357944248914941490e-04
9.999999928814613526e-01 5.977397853939121145e-05 1.032673652097938294e-04 -2.679630927545632174e-02 -5.979808982529695276e-05 9.999999709517222168e-01 2.334967732824058293e-04 8.929729977593600654e-03 -1.032534051789395219e-04 -2.335029468114308406e-04 9.999999674075535916e-01 1.386331660220869056e-03
9.999999750300201384e-01 -1.939594915881670144e-04 1.109940297111770558e-04 -3.107257157750516544e-02 1.939415317427951055e-04 9.999999681042052169e-01 1.617970051416681068e-04 1.209172645251410487e-02 -1.110254082357920287e-04 -1.617754747494636611e-04 9.999999807510270289e-01 2.006574076844454962e-03
9.999998303549043621e-01 -5.246455556648461829e-04 2.530557320166725065e-04 -4.342314321484442435e-02 5.245931084299968166e-04 9.999998409190343773e-01 2.072775351015301848e-04 1.112136478849194698e-02 -2.531644389979024329e-04 -2.071447486448482701e-04 9.999999464994084875e-01 5.483138023220897675e-03
9.999994099065969699e-01 -1.054937341313837802e-03 2.594102227008145611e-04 -5.425581314495926677e-02 1.054881199157773090e-03 9.999994201843357411e-01 2.164639647627995605e-04 1.300458105240792986e-02 -2.596384282101810419e-04 -2.161901900620455310e-04 9.999999429248425109e-01 4.364372953265174306e-03
9.999970233278577814e-01 -2.430069757816016082e-03 2.193089055284123262e-04 -7.307126375687482411e-02 2.430006969342691798e-03 9.999970065976051536e-01 2.861152883484632510e-04 2.211444635802941455e-02 -2.200035291580737236e-04 -2.855815145081819651e-04 9.999999350208207405e-01 2.803437727241223174e-03
9.999891869448034321e-01 -4.642556835111491184e-03 2.695542687346031210e-04 -1.054023379492145807e-01 4.642454906970258297e-03 9.999891524798376619e-01 3.775382003564760553e-04 2.163985402642022021e-02 -2.713040872918188367e-04 -3.762827244774950581e-04 9.999998924026959335e-01 5.778258565401976632e-03
9.999680577086618172e-01 -7.987893249180276489e-03 2.777117318641798122e-04 -1.322334956897853186e-01 7.987797962143845104e-03 9.999680383617000068e-01 3.425474705061310301e-04 3.658225559767448731e-02 -2.804390883694340606e-04 -3.403182235491828984e-04 9.999999027687075381e-01 1.008903758345657334e-02
9.999318369850545007e-01 -1.167348714025123746e-02 2.260125675570040429e-04 -1.557636219519362153e-01 1.167340317692407842e-02 9.999317953044254415e-01 3.693203726716468190e-04 4.355149311917119737e-02 -2.303084090596530442e-04 -3.666568628574199892e-04 9.999999062603863731e-01 7.272891090774339512e-03
9.998729917239937981e-01 -1.593684609799804822e-02 1.317473301445376685e-04 -1.806167942038006402e-01 1.593677515673707148e-02 9.998728647344167220e-01 5.230347926657185655e-04 4.481762624342819357e-02 -1.400661054073417604e-04 -5.208687353403969322e-04 9.999998545386127313e-01 6.514495749183090920e-03
9.997831008914643824e-01 -2.082589530298776387e-02 1.823641329223470295e-04 -2.082985309766565429e-01 2.082576575425978960e-02 9.997828851517516213e-01 6.855934568738508922e-04 3.683623381759386362e-02 -1.966026365145699326e-04 -6.816468795500175070e-04 9.999997483524357689e-01 6.081014139578176311e-03
9.996396720378839529e-01 -2.684137114831311802e-02 2.586172274721760178e-04 -2.540049137708640381e-01 2.684116903188554434e-02 9.996394253200362456e-01 7.556393514865258725e-04 4.551593232565084857e-02 -2.788063729356676313e-04 -7.484254847817718454e-04 9.999996810630992217e-01 1.037416126824432933e-02
9.994149800754578150e-01 -3.420044368290910131e-02 1.650838100548350637e-04 -3.050227658582298496e-01 3.420028294795844637e-02 9.994145991968370613e-01 8.941803538059130141e-04 6.138492726794748944e-02 -1.955685346925425971e-04 -8.880113274688000886e-04 9.999995865943298590e-01 1.284283488037165667e-02
9.990757552986986312e-01 -4.298409727888920229e-02 5.055149651644765782e-05 -3.484183062951715093e-01 4.298403138881302932e-02 9.990753225749005040e-01 9.342737415257834892e-04 7.735132819508711011e-02 -9.066366607966995831e-05 -9.312373368575987964e-04 9.999995622884652047e-01 6.563270058067763660e-03
9.986208752315915982e-01 -5.250090168801022084e-02 5.360630465079958395e-05 -3.887747340228859816e-01 5.250083262605557965e-02 9.986204774633996584e-01 8.969751070492092831e-04 7.805827809224477609e-02 -1.006243554572129031e-04 -8.929236908342590498e-04 9.999995962809292704e-01 3.643063501988466624e-03
9.980773181070543565e-01 -6.198116823707164325e-02 4.317635433418892416e-05 -4.360809929833618370e-01 6.198109912004291788e-02 9.980768687190483268e-01 9.526173686684201230e-04 8.827175393440793438e-02 -1.021376579295652274e-04 -9.481096706051463227e-04 9.999995453278722746e-01 1.021806758956715286e-03
9.974042728514145306e-01 -7.200491939555232757e-02 -8.989205243665126599e-05 -4.648198491745064165e-01 7.200497505128801434e-02 9.974036297252647509e-01 1.132686510210486209e-03 9.955432642437184176e-02 8.099658515634272778e-06 -1.136219040078106576e-03 9.999993544701358816e-01 -2.235240578138922903e-03
9.965244288793463356e-01 -8.330096826192683046e-02 -1.064580575786735486e-04 -5.067561962750020133e-01 8.330103437515891385e-02 9.965238660940367588e-01 1.059234168114540995e-03 1.136317385522957607e-01 1.785276329510350566e-05 -1.064420790743706140e-03 9.999994333446690087e-01 -4.449825594795891494e-03
9.955058145116847390e-01 -9.470035098072050739e-02 1.296053835741468136e-04 -5.550810178544421936e-01 9.470021620004860641e-02 9.955055062347056838e-01 8.100049669394324050e-04 1.109142208851439937e-01 -2.057306276510154140e-04 -7.940909965263880013e-04 9.999996635471424256e-01 -1.692451780499897550e-03
9.943199754149893987e-01 -1.064317179463661750e-01 2.755099273896266347e-04 -6.076832474316393728e-01 1.064315536571192183e-01 9.943198764498849540e-01 5.546916416268197689e-04 1.135496899001976062e-01 -3.329817813116028608e-04 -5.222180298452413702e-04 9.999998082057128812e-01 3.048666936005524613e-03
9.929593501014339907e-01 -1.184554412407182594e-01 1.936145776904446818e-04 -6.565241904544685259e-01 1.184553254791020221e-01 9.929592424876808598e-01 5.278483977614923956e-04 1.194086873767743195e-01 -2.547778992631199459e-04 -5.011973241755142243e-04 9.999998419447196918e-01 1.699902227065667147e-03
9.914091143611805101e-01 -1.307972634696206726e-01 2.093572027538523849e-04 -7.009780266260750015e-01 1.307971002104155178e-01 9.914089368453056217e-01 6.622082809391121021e-04 1.237207217399231701e-01 -2.941736327968614640e-04 -6.291360103001170708e-04 9.999997588248480396e-01 9.246262249392783652e-04
9.897109344583789881e-01 -1.430810229816725232e-01 2.950864964603077734e-04 -7.605268964051520308e-01 1.430807214100137115e-01 9.897106405730303758e-01 8.689633547534940990e-04 1.321987012111100479e-01 -4.163824111678983658e-04 -8.178013450512741731e-04 9.999995789132352098e-01 5.133608948068449709e-03
9.878400195642184078e-01 -1.554733104008174660e-01 3.814451148397193358e-04 -8.100560075470524257e-01 1.554729450576093353e-01 9.878397846693907081e-01 8.503995798412526501e-04 1.414313769690313527e-01 -5.090210979478432133e-04 -7.807543422058168918e-04 9.999995656599951488e-01 5.511348171767732097e-03
9.857883612252618111e-01 -1.679910334019622253e-01 5.653046554575926960e-04 -8.585495929026062401e-01 1.679906013698523048e-01 9.857883186412227383e-01 7.407306571124192647e-04 1.504352575358636479e-01 -6.817068343844259401e-04 -6.352377915566650253e-04 9.999995658742758531e-01 5.614709074073901372e-03
9.835150385136897100e-01 -1.808247469418898801e-01 7.615187567698221372e-04 -9.100324378389453850e-01 1.808241315105488800e-01 9.835151111992035400e-01 8.120999163346203156e-04 1.398433705678074346e-01 -8.958129666074885573e-04 -6.610115126689122909e-04 9.999993802912624519e-01 7.572707213930859708e-03
9.810118185689178372e-01 -1.939454476922574944e-01 9.874955971597735790e-04 -9.558820646386946285e-01 1.939445563524239413e-01 9.810120500710286517e-01 9.309547245097755290e-04 1.341050779837245077e-01 -1.149299511032094573e-03 -7.217581918055367010e-04 9.999990790874492275e-01 1.212593402286887313e-02
9.783963866629712403e-01 -2.067349688348190939e-01 1.078529419205331201e-03 -1.014144874036448263e+00 2.067339770076769001e-01 9.783967167519006525e-01 9.630159346469967414e-04 1.519447484580589980e-01 -1.254318711907511383e-03 -7.192426346053876988e-04 9.999989546867543710e-01 1.439847763151718557e-02
9.755857252368437260e-01 -2.196166496250719080e-01 1.009911659551616285e-03 -1.069379768504044037e+00 2.196157614176782735e-01 9.755860134591782806e-01 9.206952598049293265e-04 1.587120907375296763e-01 -1.187455698171948010e-03 -6.764246346818970045e-04 9.999990661989032192e-01 1.206571852483869813e-02
9.724227604671872305e-01 -2.332229037928481852e-01 1.025705516809705727e-03 -1.114046116203017522e+00 2.332217374444260638e-01 9.724229125321565137e-01 1.140335863306833272e-03 1.687857811929173446e-01 -1.263371987395938995e-03 -8.696717253198713591e-04 9.999988237804641189e-01 9.655927618205750393e-03
9.689610252470104435e-01 -2.472107151140444659e-01 1.180629097152912548e-03 -1.170296074753711890e+00 2.472088982275131852e-01 9.689610520333385990e-01 1.496756354473165358e-03 1.718119055206790979e-01 -1.513997820779258143e-03 -1.158436553452781102e-03 9.999981829160242697e-01 6.428148133572716971e-03
9.654210557669771209e-01 -2.606906442634068233e-01 1.604080828726268514e-03 -1.242593883391309051e+00 2.606876489132661234e-01 9.654214060522381402e-01 1.859688197833989174e-03 1.658884020853665930e-01 -2.033417283512750206e-03 -1.377218083442782563e-03 9.999969842377034457e-01 1.185702594321776278e-02
9.619088535209305846e-01 -2.733645921434760262e-01 1.776873737781795286e-03 -1.291404041610874076e+00 2.733603394253354968e-01 9.619089226980663820e-01 2.312847403278317678e-03 1.666642124032084171e-01 -2.341441289967447718e-03 -1.739021585980311682e-03 9.999957467192593930e-01 1.427957634627122045e-02
9.581517047164086476e-01 -2.862553943861197436e-01 1.777620287631766433e-03 -1.319754971802640231e+00 2.862508965570626507e-01 9.581516518246631087e-01 2.415848908227658833e-03 1.621310735584572948e-01 -2.394779596913395106e-03 -1.805904348682989269e-03 9.999955018599662182e-01 1.840431312829935578e-02
9.538095538411838215e-01 -3.004059679496179358e-01 1.894576874905470583e-03 -1.378444714370087532e+00 3.004013169763715130e-01 9.538098927913291059e-01 2.395239498427941243e-03 1.661559145072617205e-01 -2.526610405934921408e-03 -1.715468929003754073e-03 9.999953366922319509e-01 1.921179281010829132e-02
9.492496913448487117e-01 -3.145185554157887142e-01 1.761187348031094824e-03 -1.457112376233768547e+00 3.145143603384588649e-01 9.492499228440942627e-01 2.302416420025494258e-03 1.679349713195623095e-01 -2.395959640624522203e-03 -1.631649363854325565e-03 9.999957985400508287e-01 2.081500448428881198e-02
9.446427223781883598e-01 -3.280978851567253329e-01 1.380149850284838635e-03 -1.521745418098423341e+00 3.280934319214278139e-01 9.446413537071326472e-01 2.722645106405765375e-03 1.577520175173715566e-01 -2.197040724335805242e-03 -2.119108784438997022e-03 9.999953411841553397e-01 1.715907939183546754e-02
9.398106829615576752e-01 -3.416926220845183937e-01 1.425554045623604387e-03 -1.578316146419614929e+00 3.416880319881025474e-01 9.398094596124875189e-01 2.732840826235513436e-03 1.603646404630317268e-01 -2.273540724921949401e-03 -2.081258246987818111e-03 9.999952496770579957e-01 5.813490043678969446e-03
9.348850801324728454e-01 -3.549453758983511231e-01 1.914960594387043330e-03 -1.637925616765441683e+00 3.549400648238865696e-01 9.348853316995897611e-01 2.639499150042231689e-03 1.532911200101665095e-01 -2.727146588470293065e-03 -1.787932136889899912e-03 9.999946829709440710e-01 1.121743256761119703e-02
9.298724594019242007e-01 -3.678745059388210392e-01 2.357355740033970082e-03 -1.686970557035878171e+00 3.678692052942866275e-01 9.298744453174736524e-01 2.400779388154404038e-03 1.378626591402688228e-01 -3.075230392465456812e-03 -1.365220051462361604e-03 9.999943395501018628e-01 1.982343883920011096e-02
9.243264615363014913e-01 -3.815954741806693029e-01 2.342346816817077008e-03 -1.735037144487198590e+00 3.815911084668716091e-01 9.243288274975448582e-01 2.108221060099968371e-03 1.349945688714209446e-01 -2.969586301887656120e-03 -1.054865794375437708e-03 9.999950343953470933e-01 2.348060580371210196e-02
9.185673314838812553e-01 -3.952591403977129825e-01 2.066267805135686957e-03 -1.815223400368378925e+00 3.952549993245653703e-01 9.185689292377666737e-01 2.146566542320474912e-03 1.240555292431313045e-01 -2.746459451606040030e-03 -1.155063220708623479e-03 9.999955613848677816e-01 2.254092052461677265e-02
9.126935035792445028e-01 -4.086408991196870399e-01 1.784402112036258562e-03 -1.882616698924237442e+00 4.086365233551561005e-01 9.126941110908581845e-01 2.377258984441224868e-03 1.077121778644082595e-01 -2.600058548315999085e-03 -1.440536956094803879e-03 9.999955822646535708e-01 1.456935619231287948e-02
9.067334717269095457e-01 -4.217001907579581155e-01 1.833129773774428393e-03 -1.933891081594086625e+00 4.216945914302742682e-01 9.067336048341030352e-01 2.800254096803782723e-03 9.675746726573063172e-02 -2.843028054696120077e-03 -1.766063207921917105e-03 9.999943990904278657e-01 1.265608936262038742e-02
9.004409099299339747e-01 -4.349745423487748064e-01 1.820778137627362958e-03 -1.975666847747851618e+00 4.349671452922985737e-01 9.004398691600085103e-01 3.409478460869252991e-03 1.020771825570540303e-01 -3.122537561179195009e-03 -2.278055218957218860e-03 9.999925300838994335e-01 1.573766961341707335e-02
8.942047613997186062e-01 -4.476471553810831838e-01 3.141491571944887012e-03 -2.049272655448921565e+00 4.476153317702264434e-01 8.941942489877525713e-01 7.560412783647388162e-03 7.594815714201996748e-02 -6.193500972983143060e-03 -5.354377317055313869e-03 9.999664850329956778e-01 -1.431287435037886455e-02
8.883267300760078200e-01 -4.592006089168953475e-01 3.228219760198023508e-03 -2.120296933911270720e+00 4.591514239883098258e-01 8.883018251409919852e-01 9.991861722917412883e-03 4.534240614680008774e-02 -7.455902492317215136e-03 -7.393796151848727391e-03 9.999448691285385271e-01 -4.477399004722405762e-02
8.823788470695107522e-01 -4.705315157563115802e-01 2.768198755306447954e-03 -2.178434426282170211e+00 4.704910926787142511e-01 8.823570283672427239e-01 9.176393677167458962e-03 4.435292821337497027e-02 -6.760322053756334486e-03 -6.794642815978983209e-03 9.999540643823259245e-01 -4.388199319200764004e-02
8.760285859221728089e-01 -4.822528953741722635e-01 2.462021613635943275e-03 -2.212028785917538709e+00 4.822250312255093041e-01 8.760158919465508287e-01 7.428076241239865360e-03 3.973988334176449533e-02 -5.738981334259000457e-03 -5.319958676221975616e-03 9.999693805976902494e-01 -7.479251562845297407e-03
8.697250398111040504e-01 -4.935308398203901437e-01 2.380183134539777014e-03 -2.254431895879003722e+00 4.935040210370044145e-01 8.697129458942379765e-01 7.291979448283621677e-03 2.894317923364965461e-02 -5.668892826772810832e-03 -5.167387168260384640e-03 9.999705804492309280e-01 2.130193766627611757e-02
8.635400257438257121e-01 -5.042791369942873914e-01 1.084403361149184186e-03 -2.290664221480835483e+00 5.042335263062656114e-01 8.634872168939047299e-01 1.176338427355158242e-02 1.597367416994715378e-03 -6.868397709907868645e-03 -9.611360627686627717e-03 9.999302209953367937e-01 9.541547667034522284e-03
8.570272826090569174e-01 -5.152710137463083484e-01 -1.387681066390878022e-04 -2.342700226893158710e+00 5.152179903739895206e-01 8.569351649324273845e-01 1.457894019540053633e-02 -2.212576046525110279e-02 -7.393190023480709569e-03 -1.256604532401466891e-02 9.998937119745235913e-01 -3.529669042523837091e-02
8.501465824743528188e-01 -5.265459716866144335e-01 -3.577817455674057144e-04 -2.402867978197090526e+00 5.264986930433012136e-01 8.500607380564423332e-01 1.399527915520665591e-02 -2.838391870258496000e-02 -7.065021647103557692e-03 -1.208641036600947502e-02 9.999019972745281093e-01 -4.985844259825179814e-02
8.432172322845850054e-01 -5.375729567899110162e-01 1.237193469787322038e-04 -2.472531570045657823e+00 5.375314459495146302e-01 8.431549357524130706e-01 1.223515148121698086e-02 -4.042754013057262702e-02 -6.681601136583453435e-03 -1.025038752910101443e-02 9.999251400788735644e-01 -1.160412831689787427e-02
8.359003305920021942e-01 -5.488809879244633816e-01 5.462703054084608496e-04 -2.515799543112239078e+00 5.488404099100312461e-01 8.358498477813867122e-01 1.136821945695879431e-02 -5.346416768313047574e-02 -6.696399478100802452e-03 -9.202883183972230055e-03 9.999352304900211985e-01 1.729558233869383371e-02
8.284042766024202198e-01 -5.601305328245527182e-01 3.751059896922679521e-04 -2.568288017105112786e+00 5.600871876989617082e-01 8.283481429595772605e-01 1.190362259515728542e-02 -7.777539730777259519e-02 -6.978300816742439086e-03 -9.650919806033718060e-03 9.999290790174113486e-01 4.497352088618816746e-03
8.208259338066972166e-01 -5.711784139419866513e-01 7.640078609036024537e-05 -2.617416690787491618e+00 5.711313258439176810e-01 8.207599676299415226e-01 1.273122837224373478e-02 -1.036732355061095456e-01 -7.334509535909822069e-03 -1.040648753489797733e-02 9.999189517091141566e-01 -2.999955071227130426e-02
8.130840402480098428e-01 -5.821463146805677669e-01 1.086177065850479385e-04 -2.666094416646723086e+00 5.820983638892062162e-01 8.130194340329536251e-01 1.268442518386362142e-02 -1.195723476955142667e-01 -7.472499680961320820e-03 -1.025027748742688566e-02 9.999195435433536616e-01 -4.374747469518366905e-02
8.051316900348859384e-01 -5.930955785701048644e-01 7.722578331347024379e-04 -2.711227785822155845e+00 5.930482128635712336e-01 8.050825684914678648e-01 1.165654882481368011e-02 -1.436810816541305991e-01 -7.535178889221288631e-03 -8.927070727485971260e-03 9.999317619154488579e-01 -2.871671557793417651e-02
7.969401648690461748e-01 -6.040551659474967527e-01 1.931349434912496815e-03 -2.763488298027986012e+00 6.040066733970993473e-01 7.969098236533693758e-01 1.052005021497598274e-02 -1.835693917668422548e-01 -7.893802015972468250e-03 -7.217302605404739453e-03 9.999427975803588664e-01 -1.132230524112851251e-02
7.883684768598775428e-01 -6.151997622209015582e-01 2.096963753358986170e-03 -2.821813625160168648e+00 6.151494014966574220e-01 7.883399154248278418e-01 1.055422125404301484e-02 -2.155683843488953311e-01 -8.146074633886000657e-03 -7.030669336653073281e-03 9.999421039023898006e-01 -1.254571900477258195e-02
7.792223923553982523e-01 -6.267450399360923186e-01 1.765833354505645398e-03 -2.872531722105708063e+00 6.266930343821526250e-01 7.791887020894113780e-01 1.099123255639405418e-02 -2.263675232536952464e-01 -8.264617887107514327e-03 -7.457979064379555503e-03 9.999380353999218762e-01 -2.492656841101133919e-02
7.701979109293854986e-01 -6.378036968231081127e-01 1.273702786091248772e-03 -2.929639036235756056e+00 6.377532044397905553e-01 7.701593084231361797e-01 1.120222638476361769e-02 -2.490799000596643775e-01 -8.125775457724252610e-03 -7.815623325969399751e-03 9.999364418828015078e-01 -4.318360176003277484e-02
7.609552472194121009e-01 -6.488024627748744111e-01 1.573539481903578775e-03 -2.981120516004420296e+00 6.487526511209930069e-01 7.609229720181023282e-01 1.078092382968855352e-02 -2.765711896000660475e-01 -8.192032270848160005e-03 -7.182962647545804505e-03 9.999406460659939766e-01 -4.306257197644385720e-02
7.517748342120600391e-01 -6.594156398357670090e-01 2.369089575291898325e-03 -3.026098217181588446e+00 6.593664742740129592e-01 7.517548097335208235e-01 1.002789339668815408e-02 -3.091629959160415719e-01 -8.393524223297208278e-03 -5.976619655291910867e-03 9.999469129751883401e-01 -3.038365185069993868e-02
7.423195284887504908e-01 -6.700376392252209712e-01 3.358518383405171767e-03 -3.083940120695775278e+00 6.700080479806231892e-01 7.423214833701095028e-01 6.930437821327406489e-03 -3.166998208974786122e-01 -7.136754544894508348e-03 -2.894364989576026555e-03 9.999703442532048570e-01 -5.799971619972889986e-03
7.323023969761275342e-01 -6.809695222816041227e-01 3.702581070295793420e-03 -3.142352299471759203e+00 6.809504400104910982e-01 7.323105340442531697e-01 5.270671431557418483e-03 -3.371422272136221920e-01 -6.300605727781408844e-03 -1.338451114010660338e-03 9.999792552428667936e-01 2.208513645184422003e-03
7.223164016664576081e-01 -6.915541571917415142e-01 3.444351091421914320e-03 -3.192338583081300918e+00 6.915286929802445526e-01 7.223213046435672524e-01 6.324527100864396623e-03 -3.765076535501787891e-01 -6.861681182880978273e-03 -2.186442049322289121e-03 9.999740680650220925e-01 -9.312840561979130946e-03
7.121050003976020504e-01 -7.020673510828817632e-01 2.811218987694995113e-03 -3.233942324642273380e+00 7.020323894691663513e-01 7.121011785988869969e-01 7.901618460093847579e-03 -4.215438906588546697e-01 -7.549340695982862358e-03 -3.653215233414221566e-03 9.999648301182968435e-01 -2.284334504281367376e-02
7.016531669687062767e-01 -7.125138565953230696e-01 2.614850367513633402e-03 -3.286999069296632214e+00 7.124775196069284000e-01 7.016473682044352955e-01 8.170357798085257223e-03 -4.390163697244235941e-01 -7.656196023091738252e-03 -3.869735320304607071e-03 9.999632032285021843e-01 -3.852594601149370718e-02
6.911640000800398642e-01 -7.226944298270260303e-01 2.255236206842156123e-03 -3.345686755087685871e+00 7.226627816436469454e-01 6.911577870574588944e-01 7.708269384436660689e-03 -4.577383911448577036e-01 -7.129447413751454667e-03 -3.697903030941729861e-03 9.999677477262696179e-01 -2.706106860656609311e-02
6.803151710091104309e-01 -7.329191466522779752e-01 -8.902613893338564340e-04 -3.384191125600663153e+00 7.329078029730420329e-01 6.802967204892054198e-01 6.521076050804115037e-03 -4.782820740143753357e-01 -4.173779590867973330e-03 -5.088866487594621846e-03 9.999783412663487692e-01 8.282792306944994354e-03
6.692136893741955639e-01 -7.430644818186301626e-01 -2.865975189784378523e-03 -3.436605461894747027e+00 7.430650420592886940e-01 6.691901368378134762e-01 6.237309389147628960e-03 -5.116259920375114678e-01 -2.716840739763872001e-03 -6.303698803017801500e-03 9.999764408013799288e-01 1.283370112735014723e-03
6.580677195506164923e-01 -7.529527258723327510e-01 -3.011492466374835180e-03 -3.497027272990422819e+00 7.529515052269695197e-01 6.580385833216200187e-01 7.018093510090840648e-03 -5.549014097223158304e-01 -3.302614402592796931e-03 -6.885888577315072215e-03 9.999708382130994000e-01 -1.781805725880429569e-02
6.468699433180560288e-01 -7.625969782534156582e-01 -2.263888348511464838e-03 -3.548143119265616097e+00 7.625874495058397873e-01 6.468389001782318681e-01 7.734279048081764418e-03 -6.032609743893219134e-01 -4.433766781558388763e-03 -6.729485491096023550e-03 9.999675273413392018e-01 -2.304836099746253308e-02
6.353562946052759841e-01 -7.722153707274616030e-01 -2.408343352376132035e-03 -3.590942258830591260e+00 7.722051870059670753e-01 6.353229973221813376e-01 7.989883268177150333e-03 -6.314330553340345986e-01 -4.639834752792003879e-03 -6.936157856393915938e-03 9.999651802176203752e-01 -1.888950703985409901e-02
6.239102508363784105e-01 -7.814894514150323435e-01 -3.199410620628281160e-03 -3.631083145253418909e+00 7.814854136385882555e-01 6.238752605048414335e-01 7.759355652432524571e-03 -6.642565714704351532e-01 -4.067821457747197028e-03 -7.341434263699232569e-03 9.999647774654564225e-01 -1.652130455030784498e-02
6.125597709388759249e-01 -7.904160010445232531e-01 -3.615566358978715856e-03 -3.681152135329507136e+00 7.904151685890766776e-01 6.125243576743069074e-01 7.600823638217820213e-03 -7.008658302410343266e-01 -3.793190163102541559e-03 -7.513757279950657522e-03 9.999645769525661310e-01 -1.087231402758923743e-02
6.011262573234563700e-01 -7.991435305271246126e-01 -4.103702345014205444e-03 -3.739590506857274566e+00 7.991428119388008788e-01 6.010826126532747837e-01 8.393979536523470814e-03 -7.433170877514581054e-01 -4.241330314897293757e-03 -8.325285734194540210e-03 9.999563494146151976e-01 -1.032512822506457054e-02
5.893018810991366152e-01 -8.079001631903349745e-01 -4.540842438271512627e-03 -3.785406762706323480e+00 8.078922317163018674e-01 5.892372540542389903e-01 1.046901939407683321e-02 -7.920459844139888794e-01 -5.782288947497391321e-03 -9.837924153520086895e-03 9.999348880716569798e-01 -2.511919668995520744e-02
5.777399906887408232e-01 -8.162051251799621321e-01 -5.069200029207463973e-03 -3.831296093871185970e+00 8.161960204344781422e-01 5.776628036493143270e-01 1.139041293960752453e-02 -8.340772108669277651e-01 -6.368625118092649529e-03 -1.071815795629523470e-02 9.999222778316968485e-01 -3.904818834975040676e-02
5.668022850406453372e-01 -8.238363564507936720e-01 -5.369121211541138042e-03 -3.873876001527992496e+00 8.238333441684634328e-01 5.667301558102910697e-01 1.074948982275141136e-02 -8.716061254342412079e-01 -5.812977628499358881e-03 -1.051609647750642758e-02 9.999278078971333139e-01 -3.373150204904138555e-02
5.568395071655125594e-01 -8.306018076070442735e-01 -5.513661177477481926e-03 -3.913609426599090835e+00 8.306027248164609134e-01 5.567726412471628583e-01 1.016560308730989418e-02 -9.015556333446606008e-01 -5.373712603009265024e-03 -1.024027141090538828e-02 9.999331277911994720e-01 -2.016336169361514566e-02
5.470727190466626588e-01 -8.370627633583457294e-01 -6.113123079181724366e-03 -3.935505150835705734e+00 8.370698306115521570e-01 5.470040729179848071e-01 1.003209305594899257e-02 -9.270696027854650190e-01 -5.053588313119402285e-03 -1.060539532624537283e-02 9.999309910364492238e-01 -1.640167540707634583e-02
5.376654272841083770e-01 -8.431318935889131616e-01 -6.670705852528926658e-03 -3.976637615001569870e+00 8.431431891997778205e-01 5.375916385899789374e-01 1.023682686037160304e-02 -9.648970549376597594e-01 -5.044879525314167543e-03 -1.112834809462999973e-02 9.999253517434487648e-01 -2.457082353736996308e-02
5.290586650932350699e-01 -8.485568510256132901e-01 -6.942583615589780106e-03 -4.021771903950265070e+00 8.485678634394805409e-01 5.289777443731653594e-01 1.072972952284807595e-02 -1.000311974566149953e+00 -5.432313275167741269e-03 -1.156790972360043947e-02 9.999183333838354004e-01 -3.456050705424371788e-02
5.215943740671440398e-01 -8.531653772353433585e-01 -6.938878034577880376e-03 -4.046651890199277624e+00 8.531750131617497068e-01 5.215120909762125390e-01 1.084139668434075388e-02 -1.028804880846814429e+00 -5.630795499111954962e-03 -1.157488887606108324e-02 9.999171546130979360e-01 -3.591540622899276614e-02
5.152910148364528986e-01 -8.569896429962960971e-01 -6.627354366538569692e-03 -4.055519224408207002e+00 8.569989658524693743e-01 5.152181080427731263e-01 1.015252050594071809e-02 -1.049041028606263470e+00 -5.286071945841695589e-03 -1.091113843311549217e-02 9.999264995495802388e-01 -2.621827522001519278e-02
5.101723091639036589e-01 -8.600494385643435713e-01 -6.259248159941113547e-03 -4.075540478981910297e+00 8.600570388416990397e-01 5.101065641541933093e-01 9.653141750345057420e-03 -1.069149082523383365e+00 -5.109295569710270955e-03 -1.030807605527433307e-02 9.999338171433247435e-01 -1.596985122954313815e-02
5.063254577247588983e-01 -8.623193275488174603e-01 -6.317293373661374278e-03 -4.092714167911752021e+00 8.623269772275035105e-01 5.062588677350613464e-01 9.702741122509810426e-03 -1.087101820286922038e+00 -5.168675409642902244e-03 -1.036031733920837229e-02 9.999329720631981999e-01 -2.037142747963605061e-02
5.032390381255034129e-01 -8.641230447357779454e-01 -6.467925717487322396e-03 -4.097959082781959417e+00 8.641323828857658818e-01 5.031723785949711036e-01 9.632355228452509077e-03 -1.089056891969677698e+00 -5.069058560143288941e-03 -1.043652124263005215e-02 9.999326895694859996e-01 -3.102682547865415891e-02
5.008196974420928704e-01 -8.655286972566497150e-01 -6.301180779609459430e-03 -4.100578767653639822e+00 8.655369999359564526e-01 5.007556264897415899e-01 9.460670205145680842e-03 -1.101299237373192241e+00 -5.033129828916088448e-03 -1.019199509777776562e-02 9.999353933330153987e-01 -3.185239684850296737e-02
4.992526807850059534e-01 -8.664369832386679127e-01 -5.806445148376062661e-03 -4.099109427429452168e+00 8.664407116513445084e-01 4.991920316808075020e-01 9.370629621284456284e-03 -1.119636790791167957e+00 -5.220528909651593087e-03 -9.709252425593100505e-03 9.999392364015123880e-01 -2.638839053483245378e-02
4.981930300103202258e-01 -8.670496691231516229e-01 -5.345663903551304587e-03 -4.098463241688004466e+00 8.670498462495851433e-01 4.981363901669221272e-01 9.203309732855921577e-03 -1.112653078393163630e+00 -5.316856938749941509e-03 -9.219981827611078984e-03 9.999433598796441114e-01 -2.440327751517246818e-02
4.975989441062774743e-01 -8.673921071637116231e-01 -5.120864615866680715e-03 -4.103974077284824773e+00 8.673893716417400146e-01 4.975421564544341146e-01 9.353101818050282845e-03 -1.104828662398184447e+00 -5.564960670585861018e-03 -9.095877130199346572e-03 9.999431464998232988e-01 -2.242468981825884028e-02
4.977058692608493651e-01 -8.673322018388789356e-01 -4.870252213642943875e-03 -4.118587682361508406e+00 8.673252524379235773e-01 4.976474676566030597e-01 9.690429219724466456e-03 -1.115284729300448641e+00 -5.981152630939054471e-03 -9.047076228947922502e-03 9.999411863829357205e-01 -3.380427273154829049e-02
4.979585714400871499e-01 -8.671873270225380903e-01 -4.837456031152203607e-03 -4.107208825470975988e+00 8.671813281899320991e-01 4.979022322177709681e-01 9.482151196137128535e-03 -1.108457613008806186e+00 -5.814221194035716807e-03 -8.916670009962324173e-03 9.999433423088731621e-01 -3.538554150504097384e-02
4.977011207244544932e-01 -8.673373164514981415e-01 -4.424242345956455429e-03 -4.101714506419891215e+00 8.673303604213762341e-01 4.976510990991426242e-01 9.023827167052017942e-03 -1.101064350487732435e+00 -5.624972973046823456e-03 -8.328448602775496631e-03 9.999494970361870738e-01 -3.942575981708446725e-02
4.973675300006483724e-01 -8.675297800340496801e-01 -4.197720229811717670e-03 -4.102526334419549059e+00 8.675274797851321162e-01 4.973286379140826607e-01 7.765161181879424307e-03 -1.094850197316723062e+00 -4.648862087808143702e-03 -7.503776688899909536e-03 9.999610399494031077e-01 -2.751892953614615972e-02
4.970817577438476631e-01 -8.676945413552988873e-01 -3.988611350375849407e-03 -4.105824681127434594e+00 8.676958522938510443e-01 4.970524443761956679e-01 6.540294465571441958e-03 -1.094754663110051540e+00 -3.692428785261657118e-03 -6.711962594241911891e-03 9.999706573334036230e-01 -1.897703853116357656e-02
4.965914558964464876e-01 -8.679762396238661637e-01 -3.764754847328299469e-03 -4.107975470166572940e+00 8.679758473745520231e-01 4.965626300577499208e-01 6.594149267246617735e-03 -1.101525900527185797e+00 -3.854128315991187711e-03 -6.542314463787717027e-03 9.999711714926490247e-01 -2.351574250988326675e-02
4.965255103324738295e-01 -8.680143312961708935e-01 -3.679436578879965135e-03 -4.101110364708242528e+00 8.680107867906067254e-01 4.964928911593263772e-01 7.216858278050818955e-03 -1.107055021773131420e+00 -4.437522307396020264e-03 -6.777144879286058597e-03 9.999671888132413144e-01 -2.964488086402878447e-02
4.964979046360193937e-01 -8.680303890828933167e-01 -3.615843005863916652e-03 -4.094220805904241089e+00 8.680254152300268533e-01 4.964640855621340609e-01 7.435742175026183176e-03 -1.100693479760523674e+00 -4.659313981865589697e-03 -6.830474035885792175e-03 9.999658171245972005e-01 -3.085623594473478268e-02
4.961108703517544960e-01 -8.682532346363351916e-01 -3.213232385950204849e-03 -4.093338942079309817e+00 8.682480335076325773e-01 4.960823514568544201e-01 6.903106776459827856e-03 -1.087464317606252173e+00 -4.399616909901752325e-03 -6.214589011304883642e-03 9.999710107070437504e-01 -3.005839394156694516e-02
4.957759780922326165e-01 -8.684461428965691843e-01 -2.734306998418539400e-03 -4.095586655676261678e+00 8.684398097360442881e-01 4.957518645159972870e-01 6.510429673629771624e-03 -1.080239506982320741e+00 -4.298419746038014723e-03 -5.602295688711025901e-03 9.999750686245648668e-01 -2.139278960830846843e-02
4.957859434319977776e-01 -8.684403310215390581e-01 -2.773039928262881204e-03 -4.091770055574029286e+00 8.684340140370606642e-01 4.957613986593072397e-01 6.557351816547596357e-03 -1.089409611037444048e+00 -4.319902628813572856e-03 -5.659245052768950915e-03 9.999746553721801101e-01 -1.678377760221031953e-02
4.959483964385348331e-01 -8.683455440444418638e-01 -3.347268768427781507e-03 -4.086251911758988165e+00 8.683443401638708536e-01 4.959241534460343548e-01 6.110722887346197243e-03 -1.083467823503225569e+00 -3.646227559778559158e-03 -5.937185107131153980e-03 9.999757271342070153e-01 -2.777670182824659370e-02
4.959051535581271430e-01 -8.683671349015944507e-01 -4.074027158293298638e-03 -4.079034786052892159e+00 8.683734822037290080e-01 4.958851077170378652e-01 5.045329506768788698e-03 -1.066675340233987468e+00 -2.360948932194875845e-03 -6.039782053845240382e-03 9.999789732553787669e-01 -3.815414376894697007e-02
4.949447817231704683e-01 -8.689164140753956600e-01 -3.732076547836801934e-03 -4.056463116433204341e+00 8.689216182546578571e-01 4.949276913098479280e-01 4.669229530753660207e-03 -1.026377698532616733e+00 -2.210062150744915299e-03 -5.553892784310862293e-03 9.999821347905322177e-01 -3.847725853056001288e-02
4.931927861289822079e-01 -8.699169181522696803e-01 -2.330498399333420356e-03 -4.031628258449528879e+00 8.699129674210850371e-01 4.931762041077542014e-01 5.353579597707523036e-03 -9.892135923826145261e-01 -3.507823110458143257e-03 -4.667677615690873569e-03 9.999829538360650583e-01 -3.227766781991546485e-02
4.906933972802226540e-01 -8.713307432768595540e-01 -1.650965229480807735e-03 -4.007410315845429949e+00 8.713223415734827615e-01 4.906778420344617420e-01 5.712478560715801047e-03 -9.530219291612814780e-01 -4.167366134186051632e-03 -4.241598401455693411e-03 9.999823207949750659e-01 -2.199212304484691322e-02
4.868783682038907434e-01 -8.734677960295651467e-01 -1.861148669654468348e-03 -3.998764293091404021e+00 8.734626334959521010e-01 4.868646615215557194e-01 5.082248303367144920e-03 -9.182880789482595896e-01 -3.533052707324480304e-03 -4.100080579074266707e-03 9.999853533316437337e-01 -2.050057176217333008e-02
