1.000000000000000000e+00 0.000000000000000000e+00 8.809142651444723526e-20 0.000000000000000000e+00 0.000000000000000000e+00 1.000000000000000000e+00 -8.673617379884035472e-19 1.387778780781445676e-17 -2.032879073410320814e-20 0.000000000000000000e+00 1.000000000000000222e+00 0.000000000000000000e+00
9.999981776559708768e-01 -1.377882403288000629e-03 -1.321410408754743887e-03 1.927928848803522454e-03 1.377338545478669699e-03 9.999989664290541702e-01 -4.124038136989116241e-04 -2.814512595150200913e-02 1.321977309596837104e-03 4.105830361847912294e-04 9.999990418992231733e-01 6.040005955010384620e-01
9.999960278586242923e-01 -1.221632922452583342e-03 -2.540054831229787181e-03 5.410468446484211456e-03 1.218181411538702026e-03 9.999983332959158089e-01 -1.359940242697850986e-03 -5.248203619300441380e-02 2.541711988365237627e-03 1.356840604219947295e-03 9.999958493349604405e-01 1.187414817999898009e+00
9.999921642850710946e-01 -1.128153403303713137e-03 -3.794553314458542961e-03 1.801701761616133352e-02 1.119694145781460759e-03 9.999968851168680173e-01 -2.230703911281566379e-03 -5.170705419420021376e-02 3.797058134879956019e-03 2.226437710731799316e-03 9.999903126179693347e-01 1.709091815339315090e+00
9.999809375126125222e-01 -2.708153628036003013e-03 -5.548919890080787100e-03 2.030085541663393441e-03 2.688852495085795533e-03 9.999903197785511288e-01 -3.482874838690573974e-03 -6.917463261173278921e-02 5.558298428751891340e-03 3.467888247973850355e-03 9.999785393084001939e-01 2.316864192274503687e+00
9.999625847593248684e-01 -4.962798356754174849e-03 -7.085175514931480248e-03 2.193123715535567377e-03 4.926779814790047986e-03 9.999748984180857336e-01 -5.092088596477530385e-03 -8.788451706063914182e-02 7.110268793689625624e-03 5.056991018430670448e-03 9.999619347402608494e-01 2.845993807581595370e+00
9.999540028371798339e-01 -5.752183147488437384e-03 -7.674933062068593423e-03 -8.490097612466098939e-03 5.708809008211497907e-03 9.999676785081412778e-01 -5.661398175247268731e-03 -9.776486479650803307e-02 7.707250524811003374e-03 5.617323088527976203e-03 9.999545209566013115e-01 3.389996929252365288e+00
9.999394557827834262e-01 -5.756532111491878198e-03 -9.378011652798010425e-03 -6.595803073978176792e-03 5.710522448626948952e-03 9.999715640950168627e-01 -4.925538062122728974e-03 -1.111277477019975007e-01 9.406099157532959998e-03 4.871686543325915580e-03 9.999438944174372512e-01 3.990466933011080464e+00
9.999213048069567344e-01 -6.255479332334660213e-03 -1.087442712979832214e-02 -4.466924858878078622e-03 6.189786050373638493e-03 9.999624548178822625e-01 -6.064280088200610895e-03 -1.223013937756390057e-01 1.091195401025195702e-02 5.996492530567031250e-03 9.999224826722025172e-01 4.580110836903433125e+00
9.999130254271775264e-01 -5.705749696229840684e-03 -1.189058419956809040e-02 -2.743691945905900667e-02 5.611252984485663731e-03 9.999525315306946327e-01 -7.965457689449912532e-03 -1.444414817801353002e-01 1.193546887946245715e-02 7.898043886650630077e-03 9.998975775064938842e-01 5.169080372017366365e+00
9.999022137109772057e-01 -4.615767446016024247e-03 -1.320067019409513348e-02 -1.794841588525857359e-02 4.463543487454918815e-03 9.999234745682910042e-01 -1.153784121258081413e-02 -1.671682241057392271e-01 1.325291621825977831e-02 1.147779130090664790e-02 9.998462984572823453e-01 5.774368554735413994e+00
9.998834522888055965e-01 -3.521514500773513696e-03 -1.485532754147784150e-02 -6.696004421555828978e-02 3.288194043527739065e-03 9.998713174570972306e-01 -1.570147450113464765e-02 -1.731915546939596373e-01 1.490870913421946629e-02 1.565079746321444004e-02 9.997663641841648685e-01 6.386060629109609366e+00
9.998665378228439593e-01 -2.485579005312278308e-03 -1.614708693607523962e-02 -8.576917703946725091e-02 2.232516751576178390e-03 9.998747024114017501e-01 -1.567148185609573696e-02 -1.901258954783629496e-01 1.618401671721400245e-02 1.563334179440047447e-02 9.997468060729090000e-01 7.018412415985175734e+00
9.998512576229597881e-01 -5.207834411123787519e-04 -1.723923971646131037e-02 -8.008557498506529981e-02 3.455223861479434985e-04 9.999482466827815941e-01 -1.016782035924230707e-02 -1.816320342306549096e-01 1.724364305026652999e-02 1.016035150803842359e-02 9.997996919680631756e-01 7.638980903257416522e+00
9.998448172908952492e-01 2.343004047752235419e-04 -1.761494846197788483e-02 -1.155670730892494058e-01 -2.453408938485873020e-04 9.999997748355161642e-01 -6.246097544013676922e-04 -1.806328173156807604e-01 1.761479845378974979e-02 6.288344823017003038e-04 9.998446496694284313e-01 8.310814943876493999e+00
9.998195305166147628e-01 1.038317570255143860e-03 -1.896913965813404671e-02 -1.256700187753921616e-01 -9.153059217895213873e-04 9.999785054966574549e-01 6.492361641152882834e-03 -1.871884720332307184e-01 1.897547339350046797e-02 -6.473827479907376566e-03 9.997989902986018640e-01 8.996901020048106545e+00
9.997903620597240471e-01 3.435957564702895456e-03 -2.018479839550790453e-02 -1.600840944182639058e-01 -3.306375930363130572e-03 9.999737347113418773e-01 6.449633330309116619e-03 -2.222649370704756489e-01 2.020642925780103197e-02 -6.381542790626523048e-03 9.997754628743673599e-01 9.665169267238722384e+00
9.997683656272818853e-01 5.550441448749924081e-03 -2.079441375708898643e-02 -1.886903902284575996e-01 -5.563642765518144254e-03 9.999843563304451344e-01 -5.770478600680044659e-04 -2.285717815822247145e-01 2.079088594456802302e-02 6.926068688646973281e-04 9.997836062838157956e-01 1.035992231261774776e+01
9.997309034880708101e-01 6.210583941503968960e-03 -2.235059744681635457e-02 -2.046973951989923823e-01 -6.353923407624317149e-03 9.999596648944010235e-01 -6.347933105709232214e-03 -2.455302023921422105e-01 2.231027194132820246e-02 6.488238917997024222e-03 9.997300408411968764e-01 1.105786518842101884e+01
9.997250029125277493e-01 5.286911264620455797e-03 -2.284659864689022810e-02 -2.136340685534329764e-01 -5.403463097731384460e-03 9.999726861358876340e-01 -5.042775012915163071e-03 -2.718574776648201574e-01 2.281931430374671901e-02 5.164839039840094827e-03 9.997262642205578809e-01 1.179043282905006151e+01
9.997108965273221459e-01 3.180020718754157302e-03 -2.383297680784434922e-02 -2.465393809095842159e-01 -3.093480606699623714e-03 9.999884913200614012e-01 3.667098315359829976e-03 -2.717573603264895610e-01 2.384436438622299786e-02 -3.592311350228320245e-03 9.997092285412455537e-01 1.256559428459045868e+01
9.997144347222319816e-01 2.656896223539996146e-03 -2.374847073814940687e-02 -2.450349962791536218e-01 -2.400393106697786688e-03 9.999385504966361582e-01 1.082281593290594125e-02 -2.515754127713675237e-01 2.377576692653928653e-02 -1.076271976976497444e-02 9.996593803977328330e-01 1.334318917327480669e+01
9.997046529070701126e-01 2.098020417619474512e-03 -2.421167524636217913e-02 -2.862114155943334959e-01 -1.767340871919631171e-03 9.999049831537902833e-01 1.367118023903315938e-02 -2.599890165952914445e-01 2.423805757664881239e-02 -1.362435236153820839e-02 9.996133720779345477e-01 1.413955522550280897e+01
9.996996210742791211e-01 3.078031938647928650e-04 -2.450658759936479719e-02 -3.035956645921807917e-01 1.551281542865740048e-05 9.999129850793836427e-01 1.319174077159874711e-02 -2.811907645958696134e-01 2.450851605703792055e-02 -1.318815856091709940e-02 9.996126275534084060e-01 1.494662757423650845e+01
9.997044249356868972e-01 1.802756243614866971e-04 -2.431111309690773409e-02 -3.310377017578877701e-01 9.587141798295464867e-05 9.999354999108651665e-01 1.135723658855802148e-02 -2.930709729082846549e-01 2.431159289228810791e-02 -1.135621054046959816e-02 9.996399266644202530e-01 1.574955238210415587e+01
9.997230100809144648e-01 2.045583900205580341e-03 -2.344607973671785847e-02 -3.558231914112031102e-01 -1.873311542690516557e-03 9.999711070576141614e-01 7.367208104850483420e-03 -2.692048240342798660e-01 2.346047296555082290e-02 -7.321245741073637014e-03 9.996979571919948349e-01 1.659010523732209563e+01
9.997489039312383863e-01 -3.112168527706132490e-04 -2.240607490797760087e-02 -3.657301450832087242e-01 3.662133400438348854e-04 9.999969305297706779e-01 2.450472929925209299e-03 -2.889357334173448533e-01 2.240524389498023405e-02 -2.458063072411842929e-03 9.997459492354848765e-01 1.740275317365715679e+01
9.997561942183604833e-01 -2.931971819262213855e-03 -2.188505493695007756e-02 -3.843415930012018533e-01 2.846621778508244549e-03 9.999882256176204631e-01 -3.930059292312049202e-03 -3.076651302138746491e-01 2.189632045289018406e-02 3.866802664489929139e-03 9.997527689513985294e-01 1.825511816480252847e+01
9.997845512759424569e-01 -3.101648111102866742e-03 -2.052390748602825679e-02 -4.090124446557097393e-01 2.909472544129392338e-03 9.999517108419897493e-01 -9.386743285350192603e-03 -3.205549610612817291e-01 2.055203112590441375e-02 9.325007247045108069e-03 9.997452967086630782e-01 1.918745006106565398e+01
9.997862236332596408e-01 -9.460859762793595931e-04 -2.065458592721139755e-02 -4.371475084449531479e-01 7.342595172966821793e-04 9.999470866308740602e-01 -1.026083823160271746e-02 -3.385916290295963305e-01 2.066320100698234088e-02 1.024347895630636426e-02 9.997340162752477166e-01 2.007660625927858433e+01
9.997847839811528914e-01 -5.944166664999233490e-04 -2.073722144163193601e-02 -4.732857098406893503e-01 3.924913718513171196e-04 9.999524875850769323e-01 -9.740047401680256706e-03 -3.582417180112859034e-01 2.074202616282258896e-02 9.729812077635839607e-03 9.997375151221516987e-01 2.098981293450398766e+01
9.997905875143288101e-01 2.630029474068023426e-04 -2.046245123970910976e-02 -4.979208760336448214e-01 -4.791775805116950393e-04 9.999441240027550082e-01 -1.056026814536308381e-02 -3.808276651063534635e-01 2.045853084256271312e-02 1.056786191927251359e-02 9.997348492698410194e-01 2.191605468769746068e+01
9.997865862230530531e-01 2.353254959426917189e-03 -2.052423345831288007e-02 -5.188790407771138868e-01 -2.612664144891774579e-03 9.999169321416644385e-01 -1.262152164343780143e-02 -4.082026758869240490e-01 2.049282723857019303e-02 1.267245106156880338e-02 9.997096843835380220e-01 2.289870012064020699e+01
9.997591888017184347e-01 6.658763403898575878e-03 -2.090993129792281108e-02 -5.674730166641286377e-01 -6.941230829205032385e-03 9.998852449866484360e-01 -1.346536992059077162e-02 -4.240631462415680453e-01 2.081786941312157441e-02 1.360726806963089008e-02 9.996906814629332727e-01 2.383314793476843363e+01
9.997496815799208347e-01 8.355867310531174888e-03 -2.075460454331918420e-02 -5.888762413295099973e-01 -8.635646331133561837e-03 9.998725559890605519e-01 -1.342748711641090185e-02 -4.436025366054126007e-01 2.063976153645408207e-02 1.360335549370872421e-02 9.996944278116695060e-01 2.478781922920155978e+01
9.997445769430552964e-01 9.283955004805891781e-03 -2.060555746162185883e-02 -6.184918719735731374e-01 -9.566976921773903339e-03 9.998606636986988594e-01 -1.367940643311688770e-02 -4.775372645584742282e-01 2.047568770629826229e-02 1.387304539206155041e-02 9.996940956406781265e-01 2.578166717999633661e+01
9.997346681661642975e-01 9.412149225686601214e-03 -2.102390682968469440e-02 -6.429665535262653053e-01 -9.695827647470485824e-03 9.998627740645019690e-01 -1.343219960851030001e-02 -5.017747835835811854e-01 2.089459628538011329e-02 1.363247989482241351e-02 9.996887372443454822e-01 2.677024445108136064e+01
9.997146076772367440e-01 1.024762237812311058e-02 -2.157983721487729753e-02 -6.797306973935336449e-01 -1.052040859838929143e-02 9.998657065157704471e-01 -1.256542710714022779e-02 -5.451284095007803421e-01 2.144817378974985325e-02 1.278886982621659646e-02 9.996881617214609106e-01 2.775977636828012152e+01
9.997239031107054696e-01 9.773400676228430686e-03 -2.136815695377631066e-02 -7.115794881194387189e-01 -1.001185885574828148e-02 9.998884791730879851e-01 -1.108115155927683580e-02 -5.757373790929984914e-01 2.125747378166095020e-02 1.129202713650036272e-02 9.997102630100334064e-01 2.878615177972727324e+01
9.997130423326323623e-01 9.957875554391502904e-03 -2.178700636821741948e-02 -7.288500717352690561e-01 -1.018433532310004420e-02 9.998950056517423857e-01 -1.030810398447520523e-02 -5.849730846233405224e-01 2.168207240361334082e-02 1.052703224325895678e-02 9.997094924853892062e-01 2.979138382800926621e+01
9.997015242167744953e-01 1.016559965692296827e-02 -2.221537762322635390e-02 -7.678121210945133557e-01 -1.040875672885039661e-02 9.998868814770339730e-01 -1.085735027483003545e-02 -6.231251722857813480e-01 2.210249354763949708e-02 1.108534415433759870e-02 9.996942507395888411e-01 3.080908043304124888e+01
9.996791824109808600e-01 1.157626295640288086e-02 -2.252825619559969961e-02 -7.908934634156624677e-01 -1.183359068487456998e-02 9.998658706911319749e-01 -1.132284341462534011e-02 -6.545476144367067262e-01 2.239415865917457338e-02 1.158580108761610161e-02 9.996820849197728398e-01 3.182233073000373480e+01
9.996739101742211364e-01 1.161282262809354079e-02 -2.274237463826862468e-02 -8.114083898151602803e-01 -1.186275546138075218e-02 9.998703784544500373e-01 -1.088583238402992745e-02 -6.814292252742124578e-01 2.261301187586528885e-02 1.115206992722842655e-02 9.996820910015192796e-01 3.285207178701982400e+01
9.996677923476732230e-01 1.074438215356425530e-02 -2.342782814762694663e-02 -8.618072028220692404e-01 -1.095262555567393277e-02 9.999014833471632224e-01 -8.778588502364442075e-03 -7.035897449895291977e-01 2.333120000125812887e-02 9.032268471275646526e-03 9.996869876483351902e-01 3.391508431830126113e+01
9.996581689899117773e-01 1.060139822763858305e-02 -2.389885904067670652e-02 -8.726454001965536778e-01 -1.073244741563008850e-02 9.999280296969179638e-01 -5.361904572965905426e-03 -7.224753191287106580e-01 2.384029575340778848e-02 5.616564977800021612e-03 9.997000022698863120e-01 3.494863849124856614e+01
9.996536655140135785e-01 1.041884189318285393e-02 -2.416602354264106578e-02 -9.164743614594109689e-01 -1.048102994483854182e-02 9.999420756719702430e-01 -2.448128450419129881e-03 -7.384734422129639597e-01 2.413911749310839946e-02 2.700565390703881831e-03 9.997049614744245583e-01 3.601101656414037677e+01
9.996316085886763902e-01 1.087259892341035407e-02 -2.486832596764184874e-02 -9.417776708081568859e-01 -1.092400882909520636e-02 9.999384641251173322e-01 -1.932360159968678215e-03 -7.663723308395549161e-01 2.484578632350654265e-02 2.203310097171395920e-03 9.996888677841875293e-01 3.707550916267720709e+01
9.996369407847535138e-01 1.015331809608828462e-02 -2.495789824388293734e-02 -9.785205041120327296e-01 -1.023896786344682085e-02 9.999421140592863466e-01 -3.306370846865599664e-03 -7.929688257995867184e-01 2.492288332471112589e-02 3.560713559083046424e-03 9.996830353920586054e-01 3.814639926340209541e+01
9.996101166249138359e-01 1.099227755825845851e-02 -2.566679774565753733e-02 -1.028740390172562469e+00 -1.108621264827326300e-02 9.999323492085406828e-01 -3.520357595455813129e-03 -8.102991148877904948e-01 2.562636505775300541e-02 3.803532647920362421e-03 9.996643549711180521e-01 3.922026098428308671e+01
9.995888643716915878e-01 1.123173064574409762e-02 -2.638087147904252805e-02 -1.052122639115305125e+00 -1.130175557548875401e-02 9.999329909658366544e-01 -2.506775116993082038e-03 -8.390158344003764146e-01 2.635094875194391589e-02 2.803894647287397644e-03 9.996488211982444971e-01 4.031571540143563226e+01
9.995949398034537081e-01 9.867488820172843483e-03 -2.669436110709544341e-02 -1.102215506100035158e+00 -9.901987000758137591e-03 9.999503007733385740e-01 -1.160455132002247147e-03 -8.533310646422339607e-01 2.668158409961422090e-02 1.424312276001995191e-03 9.996429684912041536e-01 4.139227612262828870e+01
9.995738476237676640e-01 9.565325815057573039e-03 -2.757947821125305080e-02 -1.130116928634642415e+00 -9.531366794199970863e-03 9.999536472309432655e-01 1.362517750808783790e-03 -8.673269011869132461e-01 2.759123323006943546e-02 -1.099067030118187037e-03 9.996186852758999208e-01 4.246227992417848185e+01
9.995605769713690192e-01 9.184600538496330221e-03 -2.818325755975719868e-02 -1.155150749762224205e+00 -9.132347366495503077e-03 9.999563345913532464e-01 1.982210710456907589e-03 -8.872460005823024076e-01 2.820023322880456720e-02 -1.723960431815895616e-03 9.996008077528280023e-01 4.355029402905618952e+01
9.995193381625583351e-01 1.199018835170335452e-02 -2.858894794880494084e-02 -1.211168280338556613e+00 -1.204106982913183410e-02 9.999262103586050721e-01 -1.608259633428451955e-03 -9.038553583496594657e-01 2.856755553628630151e-02 1.951728106113504932e-03 9.995899587239930328e-01 4.460317382728371172e+01
9.994446324559788097e-01 1.633547798657905212e-02 -2.904442676717014504e-02 -1.248401885214205587e+00 -1.647543185866889165e-02 9.998537544762616802e-01 -4.585830171246640941e-03 -9.542122353690385417e-01 2.896526791715393553e-02 5.061802832365887815e-03 9.995676022464207167e-01 4.568229541859113851e+01
9.994586144433240671e-01 1.618396658574168187e-02 -2.864536880908023775e-02 -1.293290673419002390e+00 -1.634818233476070456e-02 9.998511894179983317e-01 -5.507811469954842012e-03 -9.794674101625581164e-01 2.855196832549536726e-02 5.973129349859111065e-03 9.995744629008181947e-01 4.676218446717949462e+01
9.994761907101690213e-01 1.400021725194324981e-02 -2.917769760099275800e-02 -1.340124821768056362e+00 -1.411834509610731224e-02 9.998929327515989618e-01 -3.846478083322756210e-03 -9.806016720884268567e-01 2.912072259523736800e-02 4.256404068590259430e-03 9.995668394832523118e-01 4.785794411251711011e+01
9.995045882580486651e-01 1.392723229555319596e-02 -2.822428335730068835e-02 -1.349774083379459588e+00 -1.397670719860256462e-02 9.999011097860054376e-01 -1.556384394413554834e-03 -9.981852584566516251e-01 2.819981660994725844e-02 1.950095869768936341e-03 9.996004039225582227e-01 4.892103510439628877e+01
9.995194876873428891e-01 1.241878070180527267e-02 -2.840013276615245552e-02 -1.400312314458378449e+00 -1.244013308482662047e-02 9.999224530832437896e-01 -5.752679579161942489e-04 -1.029248538208705765e+00 2.839078678627712099e-02 9.282929393950051927e-04 9.995964693572343407e-01 5.000429733086979667e+01
9.995249246148302236e-01 1.348373747196065717e-02 -2.771486638911249342e-02 -1.439568943322906858e+00 -1.351639211503654486e-02 9.999081581068246516e-01 -9.912226400143045110e-04 -1.054996322311832602e+00 2.769895609444313067e-02 1.365356713551680277e-03 9.996153778749855556e-01 5.107120232664566117e+01
9.995262500797341687e-01 1.366050556833398218e-02 -2.758017241744950554e-02 -1.480830378442905326e+00 -1.372387837382628081e-02 9.999035973759298201e-01 -2.109773547549047452e-03 -1.093699555862532424e+00 2.754869351648387560e-02 2.487280962094652777e-03 9.996173682815689965e-01 5.214951427135073914e+01
9.995180087788972934e-01 1.480776548507898964e-02 -2.728516314288909755e-02 -1.507553752586687779e+00 -1.492982659980395324e-02 9.998794040306014930e-01 -4.275243076690160050e-03 -1.110124000049614201e+00 2.721856633077461216e-02 4.680545208994041188e-03 9.996185483440476194e-01 5.325540392182779215e+01
9.995486685024105311e-01 1.313490495139682350e-02 -2.701728133607139704e-02 -1.552273683544634020e+00 -1.332596156530242021e-02 9.998873719384673286e-01 -6.903782556559960246e-03 -1.142142209723951529e+00 2.692355836246409020e-02 7.260697947350009188e-03 9.996111265483996755e-01 5.430584346445736088e+01
9.995737323082846126e-01 1.097954604727418952e-02 -2.705186086043527213e-02 -1.566022485255519348e+00 -1.125726419224548289e-02 9.998852681216454652e-01 -1.013531545725754671e-02 -1.178375566723981915e+00 2.693747644244572428e-02 1.043552510763969682e-02 9.995826490227321948e-01 5.539423976567711350e+01
9.995949431887826142e-01 1.004685253577493158e-02 -2.662724613131262769e-02 -1.607852407437902365e+00 -1.036039496663909362e-02 9.998783044130601372e-01 -1.166355870281610835e-02 -1.217247021786467265e+00 2.650682410545506310e-02 1.193470316385564570e-02 9.995773862907362250e-01 5.647397451692516768e+01
9.996093809533199703e-01 8.452337642566531972e-03 -2.663913348153298596e-02 -1.633666772909964093e+00 -8.717439448877472088e-03 9.999134761612983313e-01 -9.851216094098612028e-03 -1.249482701356559033e+00 2.655356320634769118e-02 1.007959311672416459e-02 9.995965736893303033e-01 5.754163572290109840e+01
9.996304211827222730e-01 7.578823331400610236e-03 -2.610713350925847678e-02 -1.664307863543648347e+00 -7.701491017664020833e-03 9.999597568132431169e-01 -4.601283045027678917e-03 -1.270729681482921647e+00 2.607121100989437737e-02 4.800646377211144691e-03 9.996485611444537733e-01 5.863849758306832172e+01
9.996418384590192163e-01 5.355349303537605340e-03 -2.622050680835923131e-02 -1.713018974559148866e+00 -5.334052269899150489e-03 9.999853847862013589e-01 8.821055928848802949e-04 -1.288412034272289786e+00 2.622484802783480590e-02 -7.419281375360036249e-04 9.996557942299317823e-01 5.971985891832925830e+01
9.996501867309681710e-01 3.559230574751166831e-03 -2.620755599261806457e-02 -1.740580985995204610e+00 -3.498679907912631559e-03 9.999911044026750240e-01 2.355920294836767043e-03 -1.308266242615846009e+00 2.621570857994941911e-02 -2.263404360591662542e-03 9.996537468912354285e-01 6.077499660691594841e+01
9.996700950190295920e-01 1.874974817203299560e-03 -2.561611881745470137e-02 -1.774966909332135634e+00 -1.889294166348325435e-03 9.999980722748161854e-01 -5.348063583379795982e-04 -1.334116993449627531e+00 2.561506713094893750e-02 5.830262872790767728e-04 9.996717103446502994e-01 6.187399702564461279e+01
9.996760499778508668e-01 1.158328728948842395e-03 -2.542544643075342684e-02 -1.789621510704575202e+00 -1.241079852299143554e-03 9.999939838994100771e-01 -3.239118504579325403e-03 -1.364667221515595719e+00 2.542154194170261755e-02 3.269624207118846000e-03 9.996714734396419111e-01 6.295748836984860475e+01
9.996607549824948480e-01 1.994018810573662190e-03 -2.596918914730619518e-02 -1.839064552021918209e+00 -2.174746840459691397e-03 9.999736020517894231e-01 -6.932941716919327479e-03 -1.384281987683891657e+00 2.595467964049387108e-02 6.987066201869759734e-03 9.996387025107583701e-01 6.404892499150429330e+01
9.996607970229031137e-01 2.996700759441939602e-03 -2.587103837470123083e-02 -1.865988811248936452e+00 -3.282987583982717450e-03 9.999337723441418246e-01 -1.103054511586710335e-02 -1.431409367491686346e+00 2.583627019023603671e-02 1.111173789604451290e-02 9.996044299970253677e-01 6.512894739600274363e+01
9.996574042471858546e-01 6.067384190747858799e-03 -2.546096864619823777e-02 -1.896609468398086529e+00 -6.361646748926225170e-03 9.999137238959110441e-01 -1.149235522686249504e-02 -1.473006587945803192e+00 2.538904386672610064e-02 1.165039176254104719e-02 9.996097562891046451e-01 6.622044831321905178e+01
9.996734906695173839e-01 7.650970888346014798e-03 -2.437979979371318259e-02 -1.948428331116683676e+00 -7.870686506251419259e-03 9.999291599573494338e-01 -8.929018827462525953e-03 -1.476991334777883580e+00 2.430975747619505342e-02 9.117989236729396457e-03 9.996628921824208813e-01 6.734234954966792941e+01
9.996626865781655935e-01 9.059193011427074671e-03 -2.434017303759581502e-02 -1.975153511729503153e+00 -9.217744691672465768e-03 9.999369724598288212e-01 -6.409704320098728349e-03 -1.514167407515403241e+00 2.428057260110443386e-02 6.631903773765833281e-03 9.996831856590882026e-01 6.842628398872879814e+01
9.996470732852291707e-01 1.000180013532786689e-02 -2.461082692698294064e-02 -2.008962269368604225e+00 -1.013975770718607977e-02 9.999335359711494231e-01 -5.487164516118580269e-03 -1.539701428084847779e+00 2.455431008827956701e-02 5.734775794177553697e-03 9.996820485766583220e-01 6.946330928165711782e+01
9.996626165516424578e-01 7.673482730659725998e-03 -2.481472691317664417e-02 -2.030791338076548769e+00 -7.797578647660015350e-03 9.999575537370560818e-01 -4.908004403373972778e-03 -1.562963504161271944e+00 2.477601255718965209e-02 5.099843327238403647e-03 9.996800192282260245e-01 7.059289898774784433e+01
9.996691255736984694e-01 7.344236556948911115e-03 -2.465160248337509505e-02 -2.082134031538187990e+00 -7.437923086514482141e-03 9.999654527403325499e-01 -3.710881416403164629e-03 -1.602032541855303638e+00 2.462349766908931287e-02 3.893010311743481423e-03 9.996892156452737987e-01 7.167134634408519389e+01
9.996670908485134621e-01 6.735506143837662746e-03 -2.490663311163328342e-02 -2.102194823439156757e+00 -6.786928918671950375e-03 9.999750069805627417e-01 -1.980662366207679853e-03 -1.619394641630128806e+00 2.489267028445785179e-02 2.149042526132620423e-03 9.996878195854426163e-01 7.277158382718695862e+01
9.996579641280358697e-01 4.091096607026818363e-03 -2.583055610022933282e-02 -2.140211118559924408e+00 -4.099253228237335900e-03 9.999915634903014938e-01 -2.628287870150144631e-04 -1.648079820374219739e+00 2.582926336899840636e-02 3.686248572741194357e-04 9.996663009811059819e-01 7.385134575425689718e+01
9.996498559304124454e-01 4.935296634171431121e-03 -2.599631373758355679e-02 -2.169947463748592931e+00 -4.961582674366018728e-03 9.999872431158874919e-01 -9.467377836807309988e-04 -1.674893482576434334e+00 2.599131012235309998e-02 1.075389131302556013e-03 9.996615904316102919e-01 7.492384446730841319e+01
9.996330312946438701e-01 4.881972347721544314e-03 -2.664524407438481624e-02 -2.208455191190054290e+00 -5.007954015772845061e-03 9.999765861503129294e-01 -4.663427712161332880e-03 -1.709360846779841570e+00 2.662185393750104642e-02 4.795154553242470322e-03 9.996340747665368731e-01 7.600555773892544664e+01
9.996267439638196750e-01 5.852169364533948981e-03 -2.668566666132435664e-02 -2.243038814803877568e+00 -6.008175275324602674e-03 9.999653060291396889e-01 -5.769625661814898471e-03 -1.736688147446197705e+00 2.665097645838281765e-02 5.927804302599119432e-03 9.996272238381960218e-01 7.708855145205168924e+01
9.996017791098352756e-01 6.385424986664908417e-03 -2.748653278281465093e-02 -2.272096175009822971e+00 -6.505521117024759895e-03 9.999696706055888340e-01 -4.282064583757239085e-03 -1.763084165966226191e+00 2.745835680136991114e-02 4.459173606770941954e-03 9.996130023479743443e-01 7.815604470613726562e+01
9.995608176952284207e-01 8.003587662851188375e-03 -2.853268728224592904e-02 -2.312423036298134171e+00 -8.046443719397486372e-03 9.999666642536174654e-01 -1.387494385179274294e-03 -1.778199859168975827e+00 2.852063168238742896e-02 1.616471667465052379e-03 9.995918970467418951e-01 7.923875184854044562e+01
9.995417461014901583e-01 8.509609942711264530e-03 -2.904968618322432972e-02 -2.360275995731065724e+00 -8.428907760508726546e-03 9.999602727054159867e-01 2.899403443351346137e-03 -1.794823922242619885e+00 2.907320541514373316e-02 -2.653217712328881893e-03 9.995737637707737822e-01 8.033136946498161990e+01
9.995360812433340403e-01 8.637611760595822336e-03 -2.920640141300595571e-02 -2.381386920013340625e+00 -8.529219395591201500e-03 9.999562762329621268e-01 3.833804141538318944e-03 -1.830321257930425327e+00 2.923823981955158899e-02 -3.582917828486174329e-03 9.995660498881490108e-01 8.139498846174917901e+01
9.995124700375959126e-01 9.852361478934828012e-03 -2.962689887415522610e-02 -2.426062821750579523e+00 -9.779806077727425453e-03 9.999488148705589774e-01 2.592884547542075643e-03 -1.869793887496999041e+00 2.965092896787272642e-02 -2.301875168429099762e-03 9.995576640892478437e-01 8.243149490802809964e+01
9.994986068653947120e-01 9.939222366644129281e-03 -3.006237941207279621e-02 -2.470533337582351052e+00 -9.892575930584594432e-03 9.999496222213237751e-01 1.699993994631724542e-03 -1.874295207346159176e+00 3.007776207559451076e-02 -1.401747305974487129e-03 9.995465789002973001e-01 8.347403884794360351e+01
9.994906259602153176e-01 9.109899167914641688e-03 -3.058591633766679849e-02 -2.518893945589232963e+00 -9.059865993470108542e-03 9.999573849494037825e-01 1.774015314681840795e-03 -1.886154020724331692e+00 3.060077454824233420e-02 -1.496007422441546740e-03 9.995305671256011770e-01 8.452148260124648971e+01
9.994687216445844458e-01 7.902854732528748552e-03 -3.161991879264448857e-02 -2.538148117476326515e+00 -7.850318609649948806e-03 9.999675920982747934e-01 1.785291434911567311e-03 -1.919300628952389509e+00 3.163300350462784627e-02 -1.536116560166213459e-03 9.994983709328145727e-01 8.553482430405334469e+01
9.994503808835912828e-01 8.004116085848229922e-03 -3.216939848660143458e-02 -2.567904172934147855e+00 -7.902061655284333894e-03 9.999633386705877314e-01 3.298295115090704895e-03 -1.942590998488350928e+00 3.219461961012220347e-02 -3.042277802106644908e-03 9.994769887686130172e-01 8.653368635718588564e+01
9.994617470066391451e-01 6.436626425135308013e-03 -3.216809032932915063e-02 -2.617834463760450259e+00 -6.261205936286463880e-03 9.999649912014668685e-01 5.551007303003417659e-03 -1.957188407988528223e+00 3.220269448530692358e-02 -5.346608501978823182e-03 9.994670581416237320e-01 8.759085577777727849e+01
9.994154206690313291e-01 6.367241177271965383e-03 -3.358980634054698627e-02 -2.643476685412689431e+00 -6.134706188812238600e-03 9.999565323452845877e-01 7.021311105272562067e-03 -1.995634476219293907e+00 3.363305323963770854e-02 -6.811143097217014358e-03 9.994110396271200791e-01 8.854903115501998911e+01
9.993950656802595978e-01 2.955267872801136189e-03 -3.465211408862733239e-02 -2.699514547967591493e+00 -2.708311217314266980e-03 9.999706167761488462e-01 7.171515721296832860e-03 -1.999466309469157821e+00 3.467229025440481116e-02 -7.073328815123936485e-03 9.993737040666338389e-01 8.949398662338202826e+01
9.992397528413050622e-01 3.176965354540841474e-03 -3.885644278863353840e-02 -2.742023411656792753e+00 -2.922941059243169479e-03 9.999739968760398279e-01 6.592570893572039133e-03 -2.028302819798710743e+00 3.887637744787304783e-02 -6.473983915860846358e-03 9.992230556245789153e-01 9.040974708331224008e+01
9.991034006482418794e-01 2.810125777568826290e-03 -4.224331794297354198e-02 -2.784035124224348401e+00 -2.567577197579978127e-03 9.999799133561916298e-01 5.794862788163194882e-03 -2.037032135314762016e+00 4.225875444647513718e-02 -5.681204231236608448e-03 9.990905472895142969e-01 9.132224808882362765e+01
9.989631968416384789e-01 4.944418768419618637e-03 -4.525576174075417180e-02 -2.831816330522823666e+00 -4.689354748522818125e-03 9.999725280019463591e-01 5.740487849175883103e-03 -2.071411642574545464e+00 4.528290263909962726e-02 -5.522315868042874422e-03 9.989589395250260129e-01 9.222710778928207276e+01
9.988311039509863987e-01 4.516805764387505154e-03 -4.812508836010446350e-02 -2.881986762562584570e+00 -4.201862241909843504e-03 9.999691041385836421e-01 6.643427432755767345e-03 -2.084773562461838647e+00 4.815360940464494949e-02 -6.433447071740847761e-03 9.988192232681935012e-01 9.309309196434969635e+01
9.986669403491685859e-01 5.588971058864313467e-03 -5.131379471502910822e-02 -2.938250381207360817e+00 -5.207230868434156376e-03 9.999577889737337744e-01 7.570008264546047860e-03 -2.095101644936808949e+00 5.135393815957785962e-02 -7.292714334482529835e-03 9.986538887289903021e-01 9.394710717365379082e+01
9.985223599406517492e-01 4.840659580164967044e-03 -5.412637598876231942e-02 -2.999563780398985635e+00 -4.366303605672739591e-03 9.999510510055742429e-01 8.878681842340183095e-03 -2.103799289058550404e+00 5.416670617880208621e-02 -8.629230288405563207e-03 9.984946191424796114e-01 9.472789186107452508e+01
9.983703506668429872e-01 6.036536957281376028e-03 -5.674683237182036322e-02 -3.041559701438523611e+00 -5.476038639957702195e-03 9.999347290854426751e-01 1.002749105714668791e-02 -2.126576419931799578e+00 5.680366076645535639e-02 -9.700402062050044252e-03 9.983382425124224246e-01 9.554515044927710221e+01
9.981970178245652692e-01 7.926422448131204695e-03 -5.949693499309596789e-02 -3.115997170361687107e+00 -7.302107253463811093e-03 9.999160554436262727e-01 1.070333154899181724e-02 -2.143901860753375743e+00 5.957678071700562433e-02 -1.024958078712493587e-02 9.981711042913945509e-01 9.629413815962671208e+01
9.980298810030894252e-01 9.270077565358577493e-03 -6.205176964081788454e-02 -3.158548236340411375e+00 -8.682028229154653207e-03 9.999148768094064943e-01 9.739688634373029619e-03 -2.158110799028749138e+00 6.213677634877870504e-02 -9.181765221268380073e-03 9.980254086796090940e-01 9.703115165450934398e+01
9.978468150346958554e-01 1.175045283686990474e-02 -6.452643177853728540e-02 -3.227819378388494531e+00 -1.135248345200705854e-02 9.999142315800131353e-01 6.530744475625458074e-03 -2.184048940780185077e+00 6.459763777607997748e-02 -5.784147446792083265e-03 9.978946282033253068e-01 9.773486295437808735e+01
9.976288876401170347e-01 1.449692720071244986e-02 -6.727883357182284918e-02 -3.277875687419096185e+00 -1.430966363537427427e-02 9.998922824874515447e-01 3.264502407239329787e-03 -2.205856993779743203e+00 6.731891288327582212e-02 -2.294024520360579689e-03 9.977288717849748245e-01 9.839541650763000291e+01
9.974513580604630336e-01 1.623639398360126468e-02 -6.947782092850986191e-02 -3.343035991589933698e+00 -1.625299474301904190e-02 9.998678581008149102e-01 3.263907363624061336e-04 -2.210609639324039311e+00 6.947394060646361336e-02 8.036637070108904046e-04 9.975834430672395614e-01 9.900784453868905644e+01
9.973503211905957455e-01 1.828700621336518811e-02 -7.041251312166385556e-02 -3.379731593565266312e+00 -1.836995516916315602e-02 9.998311173494339732e-01 -5.306257787771597942e-04 -2.230753641371475915e+00 7.039091932821241182e-02 1.822694439315348559e-03 9.975178176077447167e-01 9.963919254971415285e+01
9.973416853608924049e-01 2.013907793458044257e-02 -7.002842250317037331e-02 -3.417720437072256257e+00 -2.019874637803216813e-02 9.997959741646182952e-01 -1.439781110424680904e-04 -2.240917299987717826e+00 7.001123651818391691e-02 1.558081652956583990e-03 9.975449861160129439e-01 1.002085549214634739e+02
9.975119675659349650e-01 2.297573434599420664e-02 -6.664825562121041991e-02 -3.480976091527284488e+00 -2.297611797183414517e-02 9.997357246504973149e-01 7.608594443554578257e-04 -2.253155791114076489e+00 6.664812458569048526e-02 7.723517118967734157e-04 9.977762430184879960e-01 1.007768924393239161e+02
9.977981302750490444e-01 2.401583195636714310e-02 -6.182338419674091035e-02 -3.512974141234028291e+00 -2.391745668355627769e-02 9.997112194447350664e-01 2.330886180353373624e-03 -2.263672733150745131e+00 6.186151004593588854e-02 -8.470958407975738916e-04 9.980843832846608699e-01 1.012925450284261899e+02
9.981985087436614501e-01 2.501776851908130150e-02 -5.453300121314746951e-02 -3.546417226462668992e+00 -2.483467610483754834e-02 9.996834382267023589e-01 4.032647743245622481e-03 -2.274905887934586257e+00 5.461662694309459692e-02 -2.671073633967482180e-03 9.985038255090112891e-01 1.018219300984164590e+02
9.987058118551884744e-01 2.507583705664226392e-02 -4.424820465740322145e-02 -3.555219041005788227e+00 -2.480453899450583977e-02 9.996700698980810484e-01 6.669800902237206855e-03 -2.279292205101899782e+00 4.440085745489580349e-02 -5.563612716871027715e-03 9.989983033865185158e-01 1.023285237923956856e+02
9.991643238390527371e-01 2.449834100478848892e-02 -3.271826922097345602e-02 -3.566518039025380116e+00 -2.424769924469585836e-02 9.996736858683453741e-01 8.035602703611517336e-03 -2.299419142526813342e+00 3.290445229664469562e-02 -7.235544904236470426e-03 9.994323108527001231e-01 1.027868120198715474e+02
9.995164686658281061e-01 2.456182453729614107e-02 -1.906687068984948621e-02 -3.561795298400905807e+00 -2.440979936426832669e-02 9.996686882454270950e-01 8.165505743627851989e-03 -2.314838215221402429e+00 1.926111366904572492e-02 -7.696139083510201637e-03 9.997848663484256715e-01 1.032259103450597451e+02
9.997117508501603966e-01 2.371362545793339119e-02 -3.752216120912895640e-03 -3.555361393210515697e+00 -2.368454638782797883e-02 9.996904920803897365e-01 7.613301022209934682e-03 -2.323034236834291999e+00 3.931593821966779083e-03 -7.522237047341591779e-03 9.999639786151142129e-01 1.036208570895087178e+02
9.996234763904753295e-01 2.372063547861050919e-02 1.379263821980683188e-02 -3.538656008871252645e+00 -2.378429316938952126e-02 9.997071215761978991e-01 4.469733279261230499e-03 -2.338573424459399419e+00 -1.368257397464786584e-02 -4.796098518247646561e-03 9.998948867723844725e-01 1.040669369646620197e+02
9.991252036264538505e-01 2.332658838772545470e-02 3.470875585076773490e-02 -3.535994463516743291e+00 -2.334438179772026223e-02 9.997274770383394182e-01 1.074273109225214531e-04 -2.346797469049168861e+00 -3.469679160735208989e-02 -9.175877748791860800e-04 9.993974638036273728e-01 1.044958132329517753e+02
9.980001438296985938e-01 2.270218095716028395e-02 5.899426982100344774e-02 -3.489284170321778067e+00 -2.248985371126387828e-02 9.997379922384176387e-01 -4.260680899024581539e-03 -2.371607434572163164e+00 -5.907554064097762098e-02 2.925387717723480253e-03 9.982492286909490087e-01 1.049013077396660663e+02
9.960708564491269623e-01 2.088249496534542310e-02 8.606259516449933644e-02 -3.435198263247880579e+00 -2.035226957104670220e-02 9.997681282505567202e-01 -7.033839629266440234e-03 -2.386478360821374878e+00 -8.618952529987296274e-02 5.254633640623134275e-03 9.962649018016835889e-01 1.052741131334948648e+02
9.930761269895528320e-01 1.828850471167724548e-02 1.160402365162376548e-01 -3.366294615648920630e+00 -1.742212450502492530e-02 9.998122945120949678e-01 -8.476164003914606060e-03 -2.381033189734058197e+00 -1.161734735115395184e-01 6.395808826681073644e-03 9.932083455920936998e-01 1.056674367236983016e+02
9.887639120700610906e-01 1.659556860867078543e-02 1.485614791306086035e-01 -3.269513558282650223e+00 -1.521275467861306352e-02 9.998297790520929151e-01 -1.043959037394490488e-02 -2.393769723314839393e+00 -1.487094443769975127e-01 8.062261083037262216e-03 9.888480678430129345e-01 1.060287523937237637e+02
9.827455009666414831e-01 1.454512396194967451e-02 1.843901280865934134e-01 -3.163792997227830472e+00 -1.242555796645190141e-02 9.998428380328053811e-01 -1.264534575973786518e-02 -2.416224034194770720e+00 -1.845450802989979655e-01 1.013600668405699283e-02 9.827717817699327396e-01 1.064452157995952177e+02
9.748813196405827775e-01 1.114991191318574250e-02 2.224457046253589532e-01 -3.061424622057229872e+00 -8.300185624630935372e-03 9.998711281899550496e-01 -1.374168650408988390e-02 -2.429947121302657553e+00 -2.225702601041938122e-01 1.155017314029056948e-02 9.748482309437915827e-01 1.067965152323866391e+02
9.649955310900136807e-01 7.628047396857287263e-03 2.621553680930085450e-01 -2.938518808490212297e+00 -4.182090490343156122e-03 9.998974028356107935e-01 -1.370014346089984056e-02 -2.443990570440004895e+00 -2.622329815915219187e-01 1.212422009554741179e-02 9.649284260984392070e-01 1.071559913107172406e+02
9.528230993202453369e-01 7.751139567121317561e-03 3.034271906642054262e-01 -2.819266949102110509e+00 -3.491214462722266182e-03 9.998876212779554962e-01 -1.457930877755627200e-02 -2.468437794298208754e+00 -3.035061034288896731e-01 1.283217317721775143e-02 9.527430827395282353e-01 1.074472818829371334e+02
9.376592369562861684e-01 9.968722626723628896e-03 3.474129794186345266e-01 -2.653165931288073764e+00 -5.014978062153034252e-03 9.998725768989363827e-01 -1.515519617770495070e-02 -2.478439504347661249e+00 -3.475197949558833654e-01 1.246814164930079918e-02 9.375897499430017046e-01 1.077955106543070087e+02
9.197933390493059358e-01 9.268301962281311548e-03 3.922936525666324559e-01 -2.471276690593491310e+00 -3.913902878269589353e-03 9.998879833019095331e-01 -1.444652973094600647e-02 -2.493813540865109868e+00 -3.923836107322635214e-01 1.175242303598181617e-02 9.197265815165519554e-01 1.081130121094086434e+02
8.996778724717462428e-01 8.912665077201281996e-03 4.364633861191213882e-01 -2.308981889937679277e+00 -3.166141165247535194e-03 9.998984918568291080e-01 -1.389177957323991727e-02 -2.488533564371202988e+00 -4.365429018792612026e-01 1.111622250774870098e-02 8.996147659816431386e-01 1.084110779737732315e+02
8.767444637474425262e-01 7.597340710307709521e-03 4.808964777128117984e-01 -2.067475867761799257e+00 -9.665846340360557953e-04 9.999010443831390926e-01 -1.403449887283453323e-02 -2.515820522708981155e+00 -4.809555235136631079e-01 1.183984260375416792e-02 8.766650477529094321e-01 1.087238231276745637e+02
