1 0 0 0 0 1 0 0 0 0 1 0
1 5.23545e-05 2.19236e-06 -0.00144529 -5.23544e-05 1 -3.36796e-05 0.000899006 -2.19412e-06 3.36795e-05 1 -0.00118471
1 6.43443e-05 2.40251e-05 -0.00346435 -6.43431e-05 1 -5.00663e-05 0.000886021 -2.40283e-05 5.00648e-05 1 2.97455e-05
1 1.78882e-05 2.00229e-05 -0.00305226 -1.78881e-05 1 -1.04412e-06 -0.00489167 -2.00229e-05 1.04376e-06 1 -0.000166331
1 -1.84387e-05 1.05296e-05 -0.00133375 1.84388e-05 1 -3.04203e-06 -0.00264203 -1.05296e-05 3.04223e-06 1 -0.000308034
1 -1.92667e-05 2.94363e-05 -0.000345535 1.92665e-05 1 9.03719e-06 -0.000408616 -2.94364e-05 -9.03663e-06 1 -0.00104397
1 4.02341e-05 2.93457e-05 -0.00117146 -4.02345e-05 1 1.2811e-05 -0.00282449 -2.93451e-05 -1.28122e-05 1 -0.000275715
1 1.25351e-05 6.83858e-06 -0.00305391 -1.25351e-05 1 1.18115e-05 -0.00371866 -6.83843e-06 -1.18115e-05 1 -5.1996e-05
1 3.76135e-05 4.87519e-05 -0.00618546 -3.76137e-05 1 4.29636e-06 -0.00109159 -4.87518e-05 -4.29819e-06 1 -0.000263091
1 7.743e-05 -8.13811e-06 -0.00134732 -7.74301e-05 1 -1.17935e-05 0.00372616 8.1372e-06 1.17942e-05 1 0.000314925
1 6.27666e-05 -5.2316e-06 -0.000321147 -6.27667e-05 1 -9.2865e-06 0.000985706 5.23102e-06 9.28683e-06 1 -1.2841e-05
1 5.4687e-05 2.13498e-05 -0.00182621 -5.46872e-05 1 9.29975e-06 -0.00300554 -2.13493e-05 -9.30092e-06 1 -0.000192424
1 -1.0292e-05 2.16554e-05 -0.00421983 1.02919e-05 1 3.62843e-06 -0.00311646 -2.16555e-05 -3.62821e-06 1 -0.000460472
1 1.76164e-05 3.89179e-05 -0.00293258 -1.76166e-05 1 6.21641e-06 -0.000480597 -3.89178e-05 -6.2171e-06 1 -0.000619176
1 2.09225e-05 4.30619e-05 -0.00569244 -2.09219e-05 1 -1.26686e-05 0.000148726 -4.30622e-05 1.26677e-05 1 -0.000460393
1 6.96742e-05 1.77741e-05 -0.00315988 -6.96744e-05 1 1.50108e-05 -0.00223489 -1.77731e-05 -1.50121e-05 1 -0.000381761
1 5.57075e-05 2.50204e-05 -0.00236953 -5.57076e-05 1 4.67617e-06 -0.00117518 -2.50201e-05 -4.67756e-06 1 -0.000257155
1 5.05095e-05 9.30894e-06 -0.00132551 -5.05094e-05 1 -9.94843e-06 0.00118562 -9.30944e-06 9.94796e-06 1 -0.000215619
1 2.73102e-05 -8.936e-06 0.000179492 -2.73103e-05 1 -7.16359e-06 -0.000328626 8.93581e-06 7.16383e-06 1 -0.000464631
1 6.55167e-05 1.43058e-05 -0.00318443 -6.55167e-05 1 -5.24444e-07 -0.00505723 -1.43058e-05 5.23507e-07 1 -0.000472727
1 9.21055e-05 9.01388e-06 -0.00274891 -9.21054e-05 1 -2.79896e-06 -0.00580808 -9.01414e-06 2.79813e-06 1 -4.74884e-05
1 1.22079e-05 3.31914e-05 -0.00380525 -1.22078e-05 1 -3.91945e-06 -0.000401337 -3.31915e-05 3.91904e-06 1 -0.000785166
1 7.2013e-05 1.72077e-06 0.000342709 -7.20129e-05 1 -9.70022e-06 -0.00246438 -1.72147e-06 9.7001e-06 1 -0.000680198
1 5.77577e-05 1.37111e-05 -0.00200259 -5.77577e-05 1 -9.43601e-07 -0.00419293 -1.37112e-05 9.42809e-07 1 -0.000185033
1 5.16413e-05 -6.43197e-06 -0.00228727 -5.16414e-05 1 -5.183e-06 -0.00310275 6.4317e-06 5.18333e-06 1 0.000109234
1 -4.44753e-05 2.60878e-05 -0.00284537 4.44755e-05 1 -6.33179e-06 0.00237458 -2.60876e-05 6.33295e-06 1 -0.000209244
1 2.37146e-05 1.92505e-05 -0.000759039 -2.37143e-05 1 -1.74908e-05 0.00108507 -1.92509e-05 1.74903e-05 1 -0.000672983
1 5.74784e-05 2.55377e-05 -0.00291159 -5.74783e-05 1 -1.67366e-06 -0.00249214 -2.55378e-05 1.67219e-06 1 -0.000513517
1 4.57502e-05 2.43869e-05 -0.00190706 -4.575e-05 1 -7.70955e-06 -0.00183288 -2.43873e-05 7.70843e-06 1 -0.000816807
1 1.64139e-05 3.58874e-05 -0.00195645 -1.64138e-05 1 -1.56167e-06 -0.00169421 -3.58874e-05 1.56108e-06 1 -0.000456835
1 2.54858e-05 2.6861e-05 -0.00404127 -2.54862e-05 1 1.38356e-05 -0.0015805 -2.68607e-05 -1.38362e-05 1 -0.000381184
1 4.85451e-05 -1.00059e-05 -0.00384065 -4.85452e-05 1 -1.22122e-05 -0.000971068 1.00053e-05 1.22126e-05 1 0.000650227
1 3.1869e-05 2.05042e-05 -0.00348207 -3.18689e-05 1 -5.2241e-06 -4.01479e-05 -2.05043e-05 5.22345e-06 1 -7.38912e-06
1 9.70524e-05 2.11436e-05 -0.00552661 -9.70525e-05 1 3.68999e-06 -0.00811557 -2.11432e-05 -3.69204e-06 1 9.739e-05
1 6.264e-05 5.82699e-06 -0.00196768 -6.26399e-05 1 -1.1415e-05 -0.00379952 -5.82771e-06 1.14147e-05 1 -2.71911e-05
1 1.9616e-05 1.62615e-05 -0.00060592 -1.96158e-05 1 -1.34225e-05 -0.000143336 -1.62617e-05 1.34222e-05 1 -0.000440071
1 2.77585e-05 -9.33082e-06 -0.00108585 -2.77585e-05 1 -8.93808e-06 -0.00249917 9.33057e-06 8.93833e-06 1 -0.000434911
1 4.17357e-05 -9.8844e-07 -0.00195888 -4.17357e-05 1 1.14653e-06 -0.00371694 9.88488e-07 -1.14649e-06 1 -0.000323525
1 7.44706e-05 -5.66063e-06 -0.00238227 -7.44706e-05 1 1.36353e-06 -0.0033141 5.66073e-06 -1.36311e-06 1 0.00029431
1 7.69578e-05 6.50899e-06 -0.00315786 -7.69578e-05 1 -8.17443e-06 -0.00264537 -6.50961e-06 8.17393e-06 1 -0.000179024
1 2.99848e-05 2.49984e-05 -0.00302129 -2.99847e-05 1 -2.18407e-06 9.63789e-05 -2.49985e-05 2.18332e-06 1 -0.000936872
1 8.95883e-06 2.39952e-05 -0.000821918 -8.9583e-06 1 -2.19441e-05 0.00338983 -2.39954e-05 2.19439e-05 1 -0.000705477
1 3.03179e-05 1.68105e-05 4.60444e-05 -3.0318e-05 1 4.69203e-06 -0.00171141 -1.68103e-05 -4.69254e-06 1 -0.000172923
1 4.58622e-05 -3.82143e-05 0.00746724 -4.58621e-05 1 2.09176e-06 -0.00311769 3.82144e-05 -2.09e-06 1 0.000446625
1 -1.154e-05 -9.96415e-05 0.0228545 1.15409e-05 1 9.36948e-06 -0.00522676 9.96414e-05 -9.37063e-06 1 0.000975739
1 -0.000105386 -0.000142563 0.0299789 0.000105389 1 2.49671e-05 -0.00855844 0.00014256 -2.49821e-05 1 0.0026062
1 -7.78237e-05 -7.03994e-05 0.018884 7.78258e-05 1 2.94492e-05 -0.0063094 7.03971e-05 -2.94547e-05 1 0.000938876
1 -5.2919e-05 -1.7736e-05 0.00547447 5.29192e-05 1 1.21448e-05 -0.00343522 1.77353e-05 -1.21457e-05 1 0.000479084
1 1.6135e-05 1.92158e-05 -0.0121139 -1.61354e-05 1 2.28914e-05 -0.00662077 -1.92154e-05 -2.28917e-05 1 0.000514453
1 6.8087e-05 2.83154e-05 -0.0249029 -6.80885e-05 1 5.50041e-05 -0.0200738 -2.83116e-05 -5.5006e-05 1 0.0017408
1 5.77512e-05 3.46304e-05 -0.0351197 -5.77528e-05 1 4.75863e-05 -0.0174847 -3.46277e-05 -4.75883e-05 1 0.00129674
1 2.25144e-05 4.93127e-06 -0.042114 -2.25146e-05 1 3.72763e-05 -0.0157681 -4.93043e-06 -3.72764e-05 1 0.00186435
1 -8.77399e-05 4.24264e-07 -0.0568191 8.77399e-05 1 2.96245e-05 -0.00837231 -4.26863e-07 -2.96245e-05 1 0.00317835
1 -0.000107067 5.59996e-05 -0.0880982 0.000107064 1 5.20312e-05 -0.00594645 -5.60052e-05 -5.20252e-05 1 0.00476437
1 9.67655e-05 0.000145553 -0.1248 -9.67816e-05 1 0.00011041 -0.00495031 -0.000145543 -0.000110424 1 0.00295532
1 0.00024603 0.000235211 -0.188466 -0.000246056 1 0.000109434 -0.00302845 -0.000235184 -0.000109491 1 0.00489474
1 0.000721911 0.000400332 -0.252749 -0.000721954 1 0.00010636 -0.00841509 -0.000400255 -0.000106649 1 0.0039478
1 0.000796943 0.000576843 -0.323911 -0.000796999 1 9.6572e-05 -0.00985712 -0.000576766 -9.70317e-05 1 0.00453307
1 -0.000500902 0.000599527 -0.401506 0.000500834 1 0.000114669 -0.003925 -0.000599584 -0.000114368 1 0.00599621
1 -0.000707143 0.000693071 -0.464716 0.00070704 1 0.000148433 0.00226162 -0.000693176 -0.000147943 1 0.00728557
0.999999 -0.00047067 0.000962769 -0.555794 0.000470496 1 0.000181239 0.00532307 -0.000962855 -0.000180786 1 0.00783364
0.999999 -0.000378928 0.00121246 -0.664907 0.000378597 1 0.000273324 0.0140784 -0.00121256 -0.000272865 0.999999 0.0104362
0.999999 -0.000191863 0.00138403 -0.777709 0.000191341 1 0.000377498 0.0152843 -0.0013841 -0.000377233 0.999999 0.0145639
0.999999 -0.000703823 0.00155634 -0.888749 0.000703146 1 0.000435442 0.00446503 -0.00155664 -0.000434347 0.999999 0.0161392
0.999998 -0.00133999 0.00171056 -1.01887 0.00133939 0.999999 0.00035255 -0.000684375 -0.00171104 -0.000350258 0.999998 0.0175267
0.999997 -0.00106152 0.0020415 -1.15924 0.00106064 0.999999 0.000432622 0.00107593 -0.00204196 -0.000430455 0.999998 0.0188283
0.999997 -0.000714704 0.00232624 -1.29891 0.000713255 1 0.000623915 0.00242727 -0.00232668 -0.000622254 0.999997 0.0212195
0.999996 -0.000433706 0.00261663 -1.45416 0.000431963 1 0.000666769 -0.0110428 -0.00261692 -0.000665636 0.999996 0.0268872
0.999996 0.000164899 0.00276278 -1.63471 -0.000166411 1 0.000546949 -0.0183226 -0.00276269 -0.000547406 0.999996 0.0305039
0.999995 0.00109346 0.00281115 -1.83366 -0.00109487 0.999999 0.000500575 -2.6305e-05 -0.0028106 -0.000503651 0.999996 0.0318168
0.999994 0.00171696 0.00299125 -2.04726 -0.00171896 0.999998 0.000664057 0.0101055 -0.0029901 -0.000669195 0.999995 0.0370798
0.999994 0.00210505 0.0027495 -2.26337 -0.00210788 0.999997 0.00102935 0.0205595 -0.00274732 -0.00103514 0.999996 0.0475127
0.999991 0.00322507 0.00267954 -2.45656 -0.00322808 0.999994 0.00111786 0.0290048 -0.00267592 -0.0011265 0.999996 0.0540622
0.999984 0.00469221 0.00311685 -2.69166 -0.00469605 0.999988 0.00122477 0.0297842 -0.00311106 -0.00123939 0.999994 0.0559506
0.999973 0.00643474 0.00350448 -2.9324 -0.00643997 0.999978 0.00148222 0.0357534 -0.00349487 -0.00150475 0.999993 0.0616931
0.999962 0.00794391 0.00361125 -3.1631 -0.00795062 0.999967 0.00184834 0.0396142 -0.00359645 -0.00187698 0.999992 0.0716244
0.999953 0.00885789 0.00397955 -3.42891 -0.0088668 0.999958 0.00222465 0.0391218 -0.00395967 -0.00225983 0.99999 0.0843019
0.999933 0.0103725 0.00523195 -3.69438 -0.0103863 0.999943 0.00260596 0.0399941 -0.00520462 -0.00266013 0.999983 0.0875121
0.999913 0.0120101 0.00553229 -3.96901 -0.0120249 0.999924 0.00265845 0.0411343 -0.00549994 -0.00272474 0.999981 0.0975189
0.999883 0.0140573 0.0060804 -4.26213 -0.0140716 0.999898 0.00231784 0.0381181 -0.0060472 -0.00240313 0.999979 0.107472
0.999847 0.0160877 0.00692221 -4.54834 -0.0161008 0.999869 0.00183427 0.033442 -0.00689179 -0.00194544 0.999974 0.109831
0.999824 0.0169932 0.00799745 -4.88376 -0.0170045 0.999855 0.00134466 0.0441017 -0.00797344 -0.00148041 0.999967 0.103941
0.999781 0.0188109 0.00912328 -5.19256 -0.018827 0.999821 0.00168203 0.0610372 -0.00909001 -0.00185343 0.999957 0.108693
0.999733 0.0207722 0.0100751 -5.51155 -0.0207983 0.999781 0.00249266 0.0786174 -0.0100211 -0.00270154 0.999946 0.124963
0.999694 0.0222224 0.0108838 -5.84485 -0.022256 0.999748 0.00297172 0.109617 -0.010815 -0.00321304 0.999936 0.141851
0.999654 0.0236959 0.0113834 -6.19427 -0.0237323 0.999714 0.00307521 0.117257 -0.0113073 -0.0033443 0.99993 0.148097
0.999598 0.0261278 0.01098 -6.54868 -0.02616 0.999654 0.00280087 0.119798 -0.010903 -0.00308698 0.999936 0.153852
0.999549 0.0281313 0.0104695 -6.92104 -0.0281594 0.9996 0.00254855 0.111077 -0.0103937 -0.00284222 0.999942 0.164989
0.999497 0.029965 0.0103621 -7.2991 -0.0299862 0.999549 0.00189973 0.125994 -0.0103005 -0.0022095 0.999945 0.170914
0.999431 0.0320563 0.010506 -7.64789 -0.0320727 0.999485 0.00139362 0.136579 -0.0104559 -0.00172978 0.999944 0.17875
0.999373 0.0339512 0.0100422 -8.04185 -0.0339627 0.999423 0.000979243 0.150334 -0.0100032 -0.00131969 0.999949 0.189818
0.999321 0.0354733 0.00991625 -8.44434 -0.0354865 0.999369 0.00115264 0.173502 -0.00986911 -0.00150375 0.99995 0.192195
0.999254 0.0372612 0.010191 -8.83789 -0.0372803 0.999303 0.00168759 0.209868 -0.0101211 -0.00206625 0.999947 0.201658
0.999194 0.0388439 0.0101677 -9.26232 -0.0388644 0.999243 0.0018332 0.25456 -0.0100888 -0.00222688 0.999947 0.216285
0.999096 0.0412652 0.0102182 -9.6866 -0.0412846 0.999146 0.00168678 0.264364 -0.0101399 -0.00210711 0.999946 0.227853
0.99903 0.0427608 0.0105343 -10.1076 -0.0427782 0.999084 0.00143089 0.274925 -0.0104634 -0.00188013 0.999943 0.233476
0.998967 0.0444332 0.00947933 -10.5384 -0.0444459 0.999011 0.00113724 0.296009 -0.00941942 -0.00155738 0.999954 0.235561
0.998907 0.0460171 0.00825153 -10.9735 -0.0460294 0.998939 0.00129734 0.326039 -0.00818307 -0.00167574 0.999965 0.245857
0.998904 0.0460705 0.00831532 -11.455 -0.046085 0.998936 0.00155578 0.367246 -0.0082348 -0.00193728 0.999964 0.262085
0.998818 0.0477802 0.00894782 -11.8836 -0.0478008 0.998855 0.00210891 0.377402 -0.00883681 -0.00253413 0.999958 0.279452
0.998773 0.048684 0.0090306 -12.3511 -0.0487062 0.998811 0.00224941 0.396352 -0.00891035 -0.0026865 0.999957 0.297038
0.998733 0.0496379 0.00828665 -12.8442 -0.0496609 0.998763 0.00258659 0.424404 -0.008148 -0.00299483 0.999962 0.300965
0.998723 0.049922 0.00771582 -13.3323 -0.0499477 0.998747 0.00316987 0.450438 -0.0075479 -0.00355121 0.999965 0.316377
0.998748 0.049575 0.00673708 -13.8004 -0.0496049 0.998759 0.00434024 0.471786 -0.00651356 -0.00466899 0.999968 0.337081
0.998772 0.0491592 0.00618697 -14.2915 -0.0491879 0.998779 0.00456519 0.514973 -0.00595499 -0.00486391 0.99997 0.366753
0.998808 0.0483643 0.00660577 -14.7921 -0.0483944 0.998818 0.00448109 0.528131 -0.00638124 -0.00479543 0.999968 0.369929
0.998831 0.0477828 0.00735505 -15.2955 -0.0478159 0.998847 0.00439364 0.542695 -0.00713663 -0.0047402 0.999963 0.369354
0.998844 0.0473518 0.00831909 -15.8247 -0.0473901 0.998866 0.00447558 0.564681 -0.00809773 -0.00486465 0.999955 0.386541
0.998848 0.0470055 0.00966551 -16.3536 -0.0470507 0.998882 0.0045025 0.596657 -0.00944306 -0.00495209 0.999943 0.407053
0.998859 0.0464968 0.0109375 -16.8772 -0.0465495 0.998905 0.00461323 0.610023 -0.010711 -0.0051171 0.99993 0.420242
0.998883 0.0459261 0.0111264 -17.4049 -0.0459852 0.998929 0.00511489 0.647359 -0.0108796 -0.00562083 0.999925 0.43583
0.998919 0.0453252 0.0103462 -17.9575 -0.0453818 0.998956 0.00530111 0.6804 -0.0100951 -0.00576491 0.999932 0.44878
0.998941 0.0450469 0.00935213 -18.5341 -0.0450985 0.998968 0.00537871 0.710798 -0.00910018 -0.00579478 0.999942 0.46738
0.998963 0.0446583 0.00881565 -19.0926 -0.0447057 0.998986 0.00524731 0.736769 -0.00857237 -0.00563598 0.999947 0.489531
0.998982 0.0443523 0.0082892 -19.6564 -0.0443949 0.999001 0.00502429 0.749777 -0.00805808 -0.00538717 0.999953 0.49645
0.999011 0.0436738 0.00830197 -20.2359 -0.0437179 0.99903 0.00520274 0.769019 -0.0080667 -0.00556054 0.999952 0.515399
0.999014 0.0431731 0.0103058 -20.8042 -0.0432322 0.999049 0.00558198 0.801852 -0.010055 -0.00602202 0.999931 0.529488
0.999006 0.0428832 0.0121796 -21.389 -0.0429539 0.999061 0.00560756 0.823381 -0.0119277 -0.00612515 0.99991 0.549871
0.998931 0.0426259 0.0178854 -21.9928 -0.0427375 0.999069 0.00590443 0.855034 -0.017617 -0.0066625 0.999823 0.573882
0.998508 0.0422177 0.0346434 -22.6026 -0.0424962 0.99907 0.00734092 0.874389 -0.0343012 -0.00880217 0.999373 0.614059
0.997676 0.0422346 0.053464 -23.1844 -0.0428578 0.999025 0.0105649 0.91032 -0.0529657 -0.0128317 0.998514 0.637968
0.997184 0.0419406 0.0621682 -23.7636 -0.0430913 0.998922 0.0172857 0.94777 -0.0613762 -0.0199159 0.997916 0.649454
0.997486 0.0423185 0.0568415 -24.399 -0.0435604 0.998834 0.0207899 0.982255 -0.0558955 -0.0232137 0.998167 0.730829
0.998541 0.0422566 0.033628 -25.0559 -0.0429095 0.9989 0.0189348 1.01499 -0.0327909 -0.0203501 0.999255 0.772954
0.999097 0.0423285 0.00373004 -25.7296 -0.0423801 0.998988 0.0150434 1.02632 -0.0030895 -0.0151879 0.99988 0.762126
0.998928 0.0415881 -0.020349 -26.4312 -0.0413146 0.999052 0.0136825 1.04851 0.0208988 -0.0128271 0.999699 0.74502
0.998657 0.0397204 -0.0332776 -27.1198 -0.0392204 0.99911 0.0155449 1.09966 0.0338654 -0.0142188 0.999325 0.740219
0.998725 0.0384502 -0.0327215 -27.7507 -0.0378509 0.999108 0.0187424 1.13056 0.033413 -0.01748 0.999289 0.790915
0.999056 0.0372336 -0.0223882 -28.4109 -0.0368077 0.999139 0.0191459 1.13645 0.0230818 -0.0183038 0.999566 0.824304
0.99935 0.0357259 -0.00477559 -29.1043 -0.0356579 0.999271 0.0136297 1.16378 0.00525904 -0.0134505 0.999896 0.845928
0.999255 0.0344173 0.0174618 -29.8323 -0.0345401 0.99938 0.00678195 1.16967 -0.0172176 -0.00738003 0.999825 0.824783
0.998936 0.0323446 0.0328759 -30.5401 -0.0324706 0.999467 0.00330313 1.18964 -0.0327515 -0.00436711 0.999454 0.79151
0.998959 0.0304933 0.0339412 -31.2326 -0.03066 0.99952 0.00440207 1.22022 -0.0337906 -0.00543812 0.999414 0.800133
0.999262 0.0292455 0.0248929 -31.9893 -0.0294429 0.999538 0.0075995 1.25687 -0.0246592 -0.00832681 0.999661 0.863909
0.999481 0.0292373 0.0135222 -32.7282 -0.0293546 0.999532 0.00856501 1.2685 -0.0132654 -0.00895751 0.999872 0.935203
0.999518 0.0299995 0.00792543 -33.5023 -0.0300527 0.999526 0.00667184 1.29075 -0.00772152 -0.00690681 0.999946 0.971852
0.999484 0.0306215 0.00971997 -34.2581 -0.0306705 0.999517 0.0049268 1.30511 -0.00956441 -0.00522237 0.999941 0.95822
0.99941 0.0310588 0.0146886 -35.0227 -0.0311378 0.999502 0.00517854 1.32287 -0.0145205 -0.00563285 0.999879 0.962007
0.99934 0.0313271 0.0183936 -35.793 -0.0314629 0.999479 0.00714438 1.36033 -0.0181602 -0.00771839 0.999805 0.988485
0.999325 0.0313082 0.0192367 -36.5887 -0.0314723 0.99947 0.00828771 1.40215 -0.018967 -0.00888754 0.999781 1.04089
0.999344 0.0309917 0.0187512 -37.3888 -0.0311534 0.999479 0.00839601 1.43466 -0.0184813 -0.00897467 0.999789 1.07738
0.999358 0.0303639 0.0190231 -38.1866 -0.0305155 0.999504 0.00772689 1.44586 -0.018779 -0.00830242 0.999789 1.10547
0.999368 0.028568 0.0211625 -39.0199 -0.0287189 0.999564 0.00685928 1.46202 -0.0209573 -0.00746271 0.999753 1.13488
0.999377 0.0266543 0.0231215 -39.8199 -0.0267951 0.999624 0.0058007 1.48152 -0.0229582 -0.00641663 0.999716 1.15225
0.999432 0.0249917 0.0226028 -40.6267 -0.02512 0.99967 0.00541112 1.49706 -0.0224601 -0.00597583 0.99973 1.18566
0.99954 0.0234664 0.0192167 -41.4865 -0.0235367 0.999717 0.00344123 1.54747 -0.0191305 -0.00389195 0.999809 1.21698
0.99962 0.0222983 0.0161915 -42.3487 -0.0223391 0.999748 0.00233971 1.55512 -0.0161353 -0.00270052 0.999866 1.25906
0.99966 0.0209924 0.0154694 -43.2184 -0.0210263 0.999777 0.00202711 1.57126 -0.0154234 -0.00235169 0.999878 1.27937
0.999695 0.0195748 0.0150515 -44.0887 -0.0196038 0.999806 0.00178072 1.58566 -0.0150137 -0.00207525 0.999885 1.30865
0.999722 0.0180947 0.0150855 -44.9512 -0.0181281 0.999834 0.00208034 1.61237 -0.0150453 -0.00235324 0.999884 1.32728
0.999743 0.0169672 0.0150263 -45.8082 -0.0170062 0.999852 0.00246829 1.61444 -0.0149822 -0.00272319 0.999884 1.36542
0.999743 0.0157444 0.0163183 -46.6841 -0.0157876 0.999872 0.00252455 1.62392 -0.0162764 -0.00278153 0.999864 1.40233
0.999749 0.0145809 0.0170278 -47.607 -0.0146273 0.99989 0.00260361 1.63009 -0.016988 -0.00285202 0.999852 1.43441
0.999783 0.0129185 0.0163364 -48.4872 -0.0129636 0.999912 0.00265748 1.64817 -0.0163006 -0.00286868 0.999863 1.45798
0.999832 0.0111235 0.0145662 -49.3719 -0.0111559 0.999935 0.00214386 1.66006 -0.0145414 -0.002306 0.999892 1.49105
0.999871 0.00972864 0.0127758 -50.2769 -0.0097507 0.999951 0.00166606 1.67319 -0.012759 -0.00179042 0.999917 1.51749
0.999899 0.00780775 0.0118889 -51.2054 -0.00782244 0.999969 0.00118964 1.6792 -0.0118792 -0.00128252 0.999929 1.55263
0.999915 0.00587064 0.0116224 -52.0768 -0.00588642 0.999982 0.00132444 1.68133 -0.0116144 -0.00139275 0.999932 1.57554
0.999927 0.00389562 0.0114113 -52.9261 -0.00391656 0.999991 0.00181284 1.68372 -0.0114041 -0.0018574 0.999933 1.62261
0.999934 0.00214053 0.0113178 -53.7969 -0.00217022 0.999994 0.00261116 1.68573 -0.0113122 -0.00263555 0.999933 1.64193
0.999963 0.000135913 0.00860614 -54.7023 -0.000158087 0.999997 0.00257584 1.68183 -0.00860576 -0.00257711 0.99996 1.67824
0.999953 -0.0014567 0.00955182 -55.5944 0.00144252 0.999998 0.00149087 1.66958 -0.00955397 -0.00147702 0.999953 1.72183
0.999876 -0.00371222 0.0152891 -56.4524 0.00371497 0.999993 -0.00015189 1.68564 -0.0152884 0.00020867 0.999883 1.7462
0.999732 -0.00637865 0.0222368 -57.3158 0.00638823 0.99998 -0.000359599 1.68218 -0.0222341 0.000501557 0.999753 1.77625
0.999697 -0.00847308 0.0231054 -58.1744 0.00845497 0.999964 0.000881379 1.67233 -0.023112 -0.000685756 0.999733 1.80828
0.999794 -0.0100732 0.0176486 -59.0197 0.0100645 0.999949 0.000581677 1.66127 -0.0176536 -0.000403932 0.999844 1.85059
0.999856 -0.0117256 0.0122447 -59.9105 0.011733 0.999931 -0.000529987 1.65304 -0.0122376 0.000673578 0.999925 1.88883
0.999843 -0.0131399 0.0119033 -60.7684 0.0131561 0.999913 -0.00128599 1.63475 -0.0118854 0.00144239 0.999928 1.91325
0.999765 -0.0147504 0.0158635 -61.6347 0.0147703 0.99989 -0.00113808 1.61459 -0.015845 0.00137213 0.999874 1.95266
0.999671 -0.0163874 0.0197426 -62.4736 0.0164105 0.999865 -0.00100858 1.59918 -0.0197234 0.00133223 0.999805 1.98029
0.999635 -0.0172929 0.020737 -63.3455 0.0173169 0.99985 -0.000975935 1.58146 -0.020717 0.00133468 0.999784 2.02522
0.99966 -0.0179066 0.0189707 -64.1968 0.0179348 0.999838 -0.00131836 1.57059 -0.0189441 0.00165815 0.999819 2.06719
0.999678 -0.0186351 0.01721 -65.0358 0.0186785 0.999823 -0.00236383 1.54857 -0.0171629 0.00268453 0.999849 2.09352
0.999679 -0.0197226 0.0159255 -65.9123 0.0197526 0.999803 -0.00172465 1.5445 -0.0158884 0.00203866 0.999872 2.12365
0.999687 -0.0199483 0.0150992 -66.7551 0.0199759 0.999799 -0.0016809 1.52789 -0.0150626 0.00198199 0.999885 2.16403
0.999659 -0.0211064 0.0153986 -67.6061 0.0211197 0.999777 -0.000702657 1.4977 -0.0153803 0.00102763 0.999881 2.19313
0.999639 -0.0222533 0.0150288 -68.4526 0.0222504 0.999752 0.000359829 1.49908 -0.0150331 -2.53023e-05 0.999887 2.22619
0.999643 -0.0227139 0.0140709 -69.2945 0.0226749 0.999739 0.00292844 1.48353 -0.0141337 -0.00260834 0.999897 2.26097
0.999637 -0.023275 0.013558 -70.1348 0.0232346 0.999725 0.00312957 1.45533 -0.0136271 -0.00281342 0.999903 2.31109
0.999562 -0.0241407 0.0171211 -70.9432 0.0241355 0.999709 0.00050899 1.43388 -0.0171284 -9.55409e-05 0.999853 2.35787
0.999363 -0.0254683 0.0249829 -71.7816 0.0255 0.999674 -0.000949716 1.41477 -0.0249505 0.00158617 0.999687 2.37163
0.999195 -0.0271269 0.0295593 -72.6603 0.0271626 0.999631 -0.000807075 1.38532 -0.0295265 0.00160933 0.999563 2.38985
0.999053 -0.028217 0.0331246 -73.4814 0.028238 0.999601 -0.000164121 1.38025 -0.0331067 0.00109934 0.999451 2.4457
0.998637 -0.0286084 0.0436641 -74.2904 0.0285551 0.999591 0.00184388 1.34436 -0.043699 -0.000594529 0.999045 2.51622
0.997924 -0.030318 0.0568268 -75.1118 0.0300722 0.999534 0.00517583 1.31461 -0.0569572 -0.00345618 0.998371 2.58082
0.997676 -0.0322203 0.0600295 -75.9133 0.0319134 0.999472 0.00606379 1.32346 -0.0601932 -0.00413395 0.998178 2.63828
0.998693 -0.0332652 0.0387977 -76.7864 0.0331336 0.999443 0.00403039 1.28388 -0.0389101 -0.00273961 0.999239 2.66439
0.999378 -0.0352717 -0.000243055 -77.654 0.0352723 0.999373 0.00297944 1.239 0.000137813 -0.00298616 0.999996 2.67579
0.998664 -0.0369447 -0.0361362 -78.509 0.0370144 0.999314 0.0012619 1.21654 0.0360648 -0.00259777 0.999346 2.70566
0.998206 -0.0378046 -0.0464217 -79.3478 0.037729 0.999285 -0.00250455 1.19698 0.0464832 0.000748607 0.998919 2.71014
0.999052 -0.0388258 -0.0197056 -80.1636 0.0387036 0.999229 -0.00654826 1.13005 0.0199447 0.00577937 0.999784 2.7426
0.998738 -0.0413492 0.0285155 -80.9598 0.0415208 0.999123 -0.00545381 1.09073 -0.028265 0.00663092 0.999578 2.74204
0.99739 -0.0438487 0.0573602 -81.7698 0.0440453 0.999027 -0.00216731 1.05956 -0.0572094 0.0046881 0.998351 2.7811
0.997647 -0.0454071 0.0513677 -82.641 0.0456018 0.998956 -0.00262311 1.02187 -0.0511949 0.00495939 0.998676 2.83433
0.998548 -0.0463649 0.0274087 -83.5112 0.0465483 0.998897 -0.00609224 0.984476 -0.027096 0.00735922 0.999606 2.88945
0.998706 -0.0480993 0.0165384 -84.3374 0.0482918 0.998768 -0.0114414 0.936463 -0.0159677 0.0122253 0.999798 2.94816
0.998513 -0.0489478 0.023983 -85.2004 0.0492803 0.998694 -0.0134757 0.869802 -0.0232921 0.0146376 0.999622 2.96254
0.998128 -0.0513694 0.033178 -86.0646 0.0518178 0.998575 -0.0127993 0.833527 -0.0324732 0.0144945 0.999368 2.98758
0.998046 -0.0526315 0.0336722 -86.9071 0.0530283 0.998532 -0.0109997 0.797451 -0.0330438 0.0127638 0.999372 3.03516
0.998206 -0.0541923 0.0254382 -87.7669 0.0544729 0.99846 -0.0104733 0.757675 -0.0248315 0.0118402 0.999622 3.07967
0.998316 -0.0556375 0.0164132 -88.6538 0.0558107 0.998388 -0.0102886 0.693071 -0.0158144 0.0111873 0.999812 3.12322
0.998324 -0.0564547 0.0127165 -89.4993 0.056593 0.998339 -0.0107954 0.655573 -0.012086 0.0114969 0.999861 3.15741
0.998259 -0.0572953 0.0139986 -90.3561 0.0574508 0.998288 -0.0109752 0.578911 -0.0133458 0.0117603 0.999842 3.19017
0.998136 -0.0584763 0.0174853 -91.225 0.0586671 0.998221 -0.0106073 0.550646 -0.0168339 0.0116134 0.999791 3.21031
0.998045 -0.0589692 0.0206866 -92.1124 0.0591704 0.998205 -0.00925349 0.499196 -0.0201038 0.0104594 0.999743 3.23405
0.998034 -0.0589197 0.0213639 -92.9905 0.059042 0.998242 -0.00513897 0.464971 -0.0210236 0.00639023 0.999759 3.25896
0.998119 -0.058365 0.0187814 -93.8726 0.0584082 0.998291 -0.00175695 0.410701 -0.0186467 0.00285063 0.999822 3.30981
0.998122 -0.0587147 0.0174765 -94.7502 0.0587384 0.998273 -0.00084439 0.372994 -0.0173967 0.00186934 0.999847 3.35901
0.998019 -0.059613 0.0201221 -95.6086 0.0596276 0.998221 -0.000123723 0.313376 -0.0200789 0.00132331 0.999798 3.39298
0.997805 -0.0610673 0.0256166 -96.4951 0.0610896 0.998132 -9.00505e-05 0.25755 -0.0255633 0.00165476 0.999672 3.44449
0.997568 -0.0623822 0.0310911 -97.3825 0.062448 0.998048 -0.00114785 0.205239 -0.0309588 0.00308663 0.999516 3.48619
0.997381 -0.0643365 0.0330397 -98.28 0.0644919 0.997912 -0.00365764 0.166669 -0.0327354 0.00577886 0.999447 3.53131
0.997366 -0.0652716 0.0316475 -99.1854 0.0655113 0.99783 -0.00659567 0.0900697 -0.0311483 0.00865157 0.999477 3.56995
0.997404 -0.0662409 0.0282287 -100.098 0.06652 0.997744 -0.00906411 0.0149156 -0.0275646 0.0109184 0.99956 3.60688
0.997425 -0.0673938 0.0245322 -100.964 0.0676769 0.997648 -0.0108983 -0.0350906 -0.02374 0.0125305 0.99964 3.63887
0.997414 -0.0684954 0.0217735 -101.873 0.0687524 0.99757 -0.0112851 -0.0961527 -0.0209476 0.0127528 0.999699 3.68583
0.997344 -0.0694873 0.0218502 -102.785 0.0697504 0.997498 -0.0115187 -0.158484 -0.0209951 0.0130122 0.999695 3.7346
0.997241 -0.0703357 0.0237344 -103.685 0.0706149 0.997441 -0.0111375 -0.229404 -0.0228903 0.0127827 0.999656 3.77321
0.997042 -0.0720125 0.0268552 -104.59 0.0723366 0.997316 -0.0112992 -0.303063 -0.0259694 0.0132084 0.999575 3.80831
0.996902 -0.0733903 0.0282875 -105.498 0.0737416 0.99721 -0.0115786 -0.359629 -0.0273588 0.0136287 0.999533 3.84931
0.996854 -0.0741687 0.0279502 -106.401 0.0745319 0.997144 -0.0121816 -0.435745 -0.0269669 0.0142265 0.999535 3.90231
0.996802 -0.0750649 0.0274134 -107.289 0.0754375 0.997068 -0.0128198 -0.510152 -0.0263707 0.0148468 0.999542 3.94323
0.996754 -0.0759432 0.0267313 -108.206 0.0763229 0.996992 -0.0134834 -0.573216 -0.0256269 0.0154798 0.999552 3.97475
0.996787 -0.0758265 0.0257893 -109.141 0.076204 0.996994 -0.013984 -0.662565 -0.0246515 0.0159043 0.99957 4.02137
0.996841 -0.0754708 0.0247302 -110.054 0.0758287 0.997024 -0.0138654 -0.733076 -0.0236102 0.0156969 0.999598 4.06261
0.996942 -0.0746314 0.0231488 -110.985 0.0749556 0.997096 -0.0134689 -0.787246 -0.0220764 0.0151629 0.999641 4.10152
0.997078 -0.0734316 0.0210616 -111.906 0.0737199 0.997191 -0.0132533 -0.843465 -0.0200293 0.0147672 0.99969 4.14847
0.997116 -0.0726041 0.0220769 -112.837 0.0729014 0.997255 -0.0129726 -0.910089 -0.0210744 0.0145446 0.999672 4.18292
0.997079 -0.0714682 0.0269486 -113.773 0.0718212 0.997341 -0.012367 -0.982067 -0.0259931 0.0142663 0.99956 4.22382
0.997002 -0.0710265 0.0307096 -114.698 0.0714135 0.997378 -0.0116949 -1.05151 -0.0297985 0.0138529 0.99946 4.2691
0.997077 -0.0701502 0.0302845 -115.622 0.0705377 0.997438 -0.0119215 -1.12259 -0.0293706 0.0140229 0.99947 4.31809
0.997197 -0.0694274 0.0278852 -116.56 0.0697975 0.997483 -0.012527 -1.17711 -0.0269453 0.0144382 0.999533 4.3562
0.997329 -0.068551 0.0252042 -117.489 0.0688897 0.997542 -0.012825 -1.24707 -0.0242631 0.0145271 0.9996 4.39995
0.997479 -0.0673895 0.0222244 -118.407 0.0676849 0.997624 -0.012819 -1.32296 -0.0213078 0.014291 0.999671 4.44766
0.997578 -0.0666376 0.01996 -119.354 0.0668881 0.997686 -0.0121531 -1.37629 -0.0191039 0.0134588 0.999727 4.48368
0.997648 -0.0656866 0.0195828 -120.296 0.0659209 0.997758 -0.011571 -1.42448 -0.0187788 0.0128347 0.999741 4.52648
0.997656 -0.064963 0.0215221 -121.209 0.0652063 0.997813 -0.0108045 -1.49851 -0.0207731 0.0121826 0.99971 4.57282
0.997591 -0.0646042 0.0252525 -122.095 0.0648827 0.997839 -0.0103679 -1.54088 -0.0245282 0.0119814 0.999627 4.61913
0.997483 -0.0649099 0.0285284 -123.024 0.0652411 0.997811 -0.0108345 -1.60762 -0.0277626 0.0126684 0.999534 4.66205
0.997495 -0.0648747 0.0281827 -123.946 0.0652251 0.997802 -0.011693 -1.6823 -0.0273621 0.0135019 0.999534 4.70491
0.997582 -0.06476 0.0252369 -124.828 0.065086 0.997804 -0.0123176 -1.72628 -0.0243838 0.0139304 0.999606 4.74416
0.997701 -0.0643872 0.0211197 -125.734 0.0646631 0.997827 -0.012652 -1.77983 -0.0202591 0.0139886 0.999697 4.78373
0.997753 -0.0644231 0.0184047 -126.627 0.0646428 0.997841 -0.0116054 -1.84082 -0.0176173 0.0127691 0.999763 4.81702
0.997789 -0.0639586 0.0180885 -127.522 0.0641523 0.997887 -0.0103393 -1.89167 -0.017389 0.0114768 0.999783 4.8674
0.997767 -0.0635407 0.0205825 -128.414 0.0637399 0.997924 -0.00916808 -1.93921 -0.0199573 0.0104595 0.999746 4.91529
0.997599 -0.064141 0.0261051 -129.295 0.0643678 0.997895 -0.00794042 -1.99138 -0.0255408 0.00960169 0.999628 4.96566
0.99745 -0.064472 0.0306168 -130.16 0.0647331 0.997874 -0.00761349 -2.04444 -0.0300608 0.00957599 0.999502 4.99626
0.997401 -0.0638669 0.0333521 -131.041 0.064176 0.997904 -0.00827973 -2.12315 -0.0327534 0.0103986 0.999409 5.04419
0.996874 -0.0635172 0.0469922 -131.906 0.0639398 0.997925 -0.00754418 -2.17461 -0.0464155 0.0105253 0.998867 5.11295
0.995575 -0.0644107 0.0684176 -132.76 0.0647198 0.997901 -0.00230885 -2.21922 -0.0681252 0.00672661 0.997654 5.16776
0.994746 -0.0652399 0.0788942 -133.588 0.0653204 0.997863 0.00156265 -2.25607 -0.0788276 0.00359897 0.996882 5.26521
0.995938 -0.0660216 0.061233 -134.426 0.0661121 0.997812 0.000548161 -2.32268 -0.0611352 0.00350231 0.998123 5.30657
0.997646 -0.0666453 0.0161286 -135.354 0.0666902 0.997771 -0.00225739 -2.37506 -0.0159422 0.0033277 0.999867 5.32868
0.997273 -0.0676265 -0.0295506 -136.27 0.0674369 0.997696 -0.00736542 -2.42456 0.0299806 0.00535254 0.999536 5.36598
0.996473 -0.0681697 -0.0489312 -137.182 0.0677424 0.997649 -0.0103396 -2.49915 0.0495211 0.00698838 0.998749 5.36496
0.99724 -0.0685019 -0.0286254 -138.048 0.0682434 0.997619 -0.00991503 -2.55359 0.0292365 0.00793417 0.999541 5.39666
0.997349 -0.0699229 0.0201635 -138.868 0.0700284 0.997535 -0.0045714 -2.62523 -0.0197941 0.0059713 0.999786 5.41962
0.995663 -0.0725724 0.0582115 -139.714 0.0728189 0.997343 -0.00212248 -2.6692 -0.0579028 0.00635217 0.998302 5.44103
0.995464 -0.0755272 0.0578471 -140.567 0.075749 0.997126 -0.00164836 -2.72923 -0.0575563 0.00602275 0.998324 5.45236
0.996634 -0.0759642 0.0308215 -141.468 0.0761064 0.997094 -0.00346357 -2.80451 -0.0304688 0.00579762 0.999519 5.52442
0.997077 -0.0757849 0.00967269 -142.429 0.0758373 0.997107 -0.0051737 -2.87765 -0.00925262 0.00589213 0.99994 5.59122
0.997054 -0.0764471 0.00630324 -143.326 0.0764781 0.99706 -0.00483717 -2.96101 -0.00591491 0.00530498 0.999968 5.63104
0.996805 -0.0777982 0.0180905 -144.184 0.0778531 0.996962 -0.00234876 -3.023 -0.0178528 0.00374966 0.999834 5.64294
0.996334 -0.0795407 0.0314847 -145.045 0.0796225 0.996824 -0.0013514 -3.0741 -0.0312773 0.00385334 0.999503 5.68956
0.995861 -0.0815477 0.0401312 -145.954 0.0816429 0.996661 -0.000737923 -3.15522 -0.0399371 0.0040113 0.999194 5.74135
0.995821 -0.0826069 0.038935 -146.851 0.0827272 0.996571 -0.00148761 -3.22596 -0.0386786 0.00470238 0.999241 5.77856
0.996048 -0.083601 0.0299992 -147.744 0.083736 0.996483 -0.00326947 -3.29991 -0.0296204 0.00576856 0.999545 5.82603
0.996126 -0.085055 0.0223464 -148.649 0.0851782 0.996355 -0.00462037 -3.40195 -0.0218719 0.0065059 0.99974 5.8673
0.996047 -0.0865853 0.0198483 -149.573 0.0866919 0.996225 -0.00457296 -3.47175 -0.0193774 0.00627557 0.999793 5.91515
0.995818 -0.0883352 0.0233236 -150.476 0.0884285 0.996078 -0.00299392 -3.55126 -0.0229677 0.00504387 0.999723 5.95435
0.995489 -0.0903227 0.0290418 -151.378 0.0904037 0.995904 -0.00148391 -3.62919 -0.0287888 0.0041027 0.999577 6.00005
0.995129 -0.0926404 0.0337197 -152.284 0.0927343 0.99569 -0.00123019 -3.70111 -0.0334604 0.00435117 0.999431 6.04425
0.994944 -0.0940364 0.0352705 -153.183 0.0941481 0.995557 -0.00151815 -3.78925 -0.034971 0.00483113 0.999377 6.09149
0.994842 -0.0960067 0.0327296 -154.112 0.0961358 0.995365 -0.00238865 -3.89731 -0.0323486 0.00552281 0.999461 6.13427
0.994805 -0.0977478 0.0284266 -155.032 0.0978761 0.995194 -0.00315529 -3.98608 -0.0279815 0.00592118 0.999591 6.17167
0.994701 -0.0997556 0.024857 -155.952 0.0998577 0.994997 -0.00290001 -4.0603 -0.0244434 0.00536681 0.999687 6.22335
0.994582 -0.101143 0.0240009 -156.868 0.101194 0.994866 -0.000907747 -4.15082 -0.0237859 0.00333158 0.999712 6.26401
0.994334 -0.103305 0.02504 -157.776 0.103286 0.99465 0.0020641 -4.24147 -0.0251192 0.000533879 0.999684 6.31236
0.994088 -0.10471 0.0287186 -158.674 0.104678 0.994503 0.00261506 -4.3427 -0.0288345 0.000406608 0.999584 6.39164
0.993788 -0.105663 0.0349344 -159.601 0.10569 0.994399 0.00106987 -4.44035 -0.0348517 0.00262899 0.999389 6.44129
0.993545 -0.106757 0.0383474 -160.524 0.106834 0.994277 3.45977e-05 -4.54959 -0.0381316 0.00406244 0.999264 6.45754
0.993515 -0.107803 0.0361516 -161.455 0.107876 0.994164 -6.91877e-05 -4.65196 -0.0359332 0.00396862 0.999346 6.49429
0.993588 -0.108814 0.0306989 -162.396 0.108861 0.994057 0.000120734 -4.74474 -0.0305296 0.00322196 0.999529 6.55856
0.993605 -0.1097 0.0267485 -163.328 0.109737 0.993961 5.51171e-05 -4.84532 -0.026593 0.00288055 0.999642 6.62149
0.993514 -0.11049 0.0268542 -164.229 0.110522 0.993874 0.000301788 -4.95088 -0.0267231 0.00266815 0.999639 6.66503
0.993297 -0.111791 0.0294049 -165.167 0.111812 0.993729 0.000925818 -5.03443 -0.029324 0.00236821 0.999567 6.69999
0.993074 -0.113189 0.0315016 -166.105 0.113174 0.993573 0.00226912 -5.15742 -0.031556 0.00131176 0.999501 6.7332
0.99279 -0.115695 0.0313343 -167.033 0.115642 0.993285 0.00349784 -5.26799 -0.0315286 0.000150942 0.999503 6.79389
0.992551 -0.117839 0.0309311 -167.95 0.117786 0.993033 0.00353754 -5.36345 -0.0311324 0.000132067 0.999515 6.86221
0.99224 -0.120219 0.031741 -168.906 0.120217 0.992746 0.00199676 -5.48475 -0.0317508 0.00183454 0.999494 6.91929
0.991956 -0.121484 0.0355676 -169.839 0.121495 0.99259 0.00187091 -5.60863 -0.0355313 0.00246542 0.999366 6.92288
0.991409 -0.123591 0.0428133 -170.78 0.12331 0.992326 0.00916281 -5.71362 -0.0436172 -0.0038048 0.999041 6.94776
0.990948 -0.125243 0.0483299 -171.695 0.124508 0.992056 0.0179424 -5.81719 -0.0501932 -0.0117625 0.99867 7.07258
0.990829 -0.126731 0.0468703 -172.605 0.12602 0.991867 0.0178444 -5.93833 -0.0487506 -0.0117742 0.998742 7.20528
0.991011 -0.128997 0.0354633 -173.594 0.128675 0.991623 0.0112449 -6.05811 -0.0366168 -0.00658062 0.999308 7.21767
0.991194 -0.131519 0.015391 -174.554 0.131495 0.991314 0.00253717 -6.18452 -0.015591 -0.000490982 0.999878 7.20196
0.991103 -0.133063 -0.00316606 -175.505 0.133053 0.991104 -0.00318152 -6.32126 0.00356123 0.00273196 0.99999 7.22583
0.991014 -0.133582 -0.00689488 -176.448 0.133548 0.991029 -0.00507738 -6.46307 0.00751127 0.00411095 0.999963 7.31092
0.990897 -0.134075 0.0121156 -177.386 0.134125 0.990959 -0.00340932 -6.60319 -0.0115489 0.00500329 0.999921 7.37016
0.989843 -0.136404 0.0400522 -178.318 0.136498 0.99064 0.000394946 -6.72029 -0.0397312 0.00507611 0.999198 7.37428
0.988846 -0.139304 0.0527004 -179.25 0.139354 0.990239 0.00273753 -6.85518 -0.0525673 0.00463703 0.998607 7.37391
0.988998 -0.141363 0.0435826 -180.19 0.141385 0.989951 0.00260647 -6.96577 -0.0435131 0.00358412 0.999046 7.43129
0.989534 -0.141915 0.0261253 -181.166 0.141953 0.989873 0.000427621 -7.10706 -0.0259214 0.00328541 0.999659 7.53056
0.989665 -0.142675 0.0143612 -182.143 0.142712 0.989763 -0.00161049 -7.26008 -0.0139844 0.00364337 0.999896 7.58035
0.989446 -0.144322 0.0129514 -183.09 0.14436 0.989523 -0.00205898 -7.41894 -0.0125186 0.00390692 0.999914 7.59968
0.989041 -0.146514 0.0181972 -184.052 0.146529 0.989206 0.0005257 -7.54798 -0.0180778 0.00214647 0.999834 7.61676
0.988701 -0.147913 0.0243203 -185.017 0.147825 0.988999 0.00537039 -7.67936 -0.0248471 -0.00171456 0.99969 7.6652
0.988448 -0.149464 0.0251324 -185.98 0.149295 0.988756 0.00848748 -7.81571 -0.0261184 -0.00463729 0.999648 7.72402
0.988303 -0.151079 0.0208174 -186.948 0.150951 0.988512 0.00757805 -7.94116 -0.0217231 -0.004347 0.999755 7.77781
0.988158 -0.152418 0.0176646 -187.923 0.15233 0.98831 0.00625439 -8.10454 -0.0184114 -0.00348947 0.999824 7.80581
0.987898 -0.153757 0.0204119 -188.87 0.153687 0.988107 0.00497368 -8.26867 -0.0209339 -0.00177646 0.999779 7.87273
0.987186 -0.155979 0.0336658 -189.837 0.155884 0.98776 0.00545982 -8.43384 -0.0341053 -0.000141909 0.999418 7.91929
0.986286 -0.158905 0.0445891 -190.81 0.15876 0.987294 0.00681435 -8.58808 -0.0451054 0.000358047 0.998982 7.974
0.985926 -0.161564 0.0429802 -191.768 0.161449 0.986862 0.00614259 -8.72705 -0.0434079 0.000882993 0.999057 8.01459
0.986102 -0.163526 0.0293586 -192.711 0.163511 0.986537 0.00293062 -8.89459 -0.0294426 0.00191055 0.999565 8.07822
0.986053 -0.165438 0.0181392 -193.657 0.165489 0.986211 -0.0013471 -9.05558 -0.0176662 0.00433016 0.999835 8.14461
0.985728 -0.167642 0.015392 -194.601 0.167717 0.985828 -0.00375878 -9.22177 -0.0145437 0.00628665 0.999874 8.18336
0.985214 -0.170277 0.018971 -195.538 0.170379 0.985371 -0.00389137 -9.384 -0.0180308 0.00706608 0.999812 8.20894
0.984696 -0.172643 0.0238467 -196.471 0.17276 0.984959 -0.00295029 -9.5186 -0.0229787 0.0070249 0.999711 8.25316
0.984241 -0.17487 0.0262755 -197.384 0.174955 0.984576 -0.000953702 -9.70154 -0.0257034 0.00553571 0.999654 8.27858
0.98397 -0.176538 0.0252632 -198.311 0.17659 0.984284 0.000154037 -9.88275 -0.0248934 0.00430967 0.999681 8.33642
0.983727 -0.178201 0.0229462 -199.223 0.178264 0.983982 -0.000730658 -10.03 -0.0224485 0.00480926 0.999736 8.39328
0.983273 -0.180541 0.0240814 -200.168 0.180655 0.983543 -0.00261218 -10.196 -0.0232135 0.0069189 0.999707 8.46042
0.982762 -0.182344 0.0304878 -201.047 0.182501 0.983203 -0.00244426 -10.3904 -0.02953 0.00796619 0.999532 8.48204
0.982146 -0.185034 0.0339504 -201.935 0.185177 0.982705 -0.00109762 -10.5478 -0.0331602 0.00736485 0.999423 8.51717
0.981834 -0.187317 0.0302493 -202.838 0.187399 0.982284 0.000123367 -10.7219 -0.0297365 0.00554756 0.999542 8.54915
0.981771 -0.188879 0.021205 -203.743 0.188914 0.981994 0.000351391 -10.8914 -0.0208896 0.00366094 0.999775 8.63501
0.981437 -0.190576 0.0214845 -204.624 0.190663 0.981653 -0.00208434 -11.0694 -0.0206931 0.00614195 0.999767 8.71434
0.980384 -0.192366 0.0429345 -205.494 0.1924 0.981311 0.00337105 -11.2304 -0.0427806 0.00495569 0.999072 8.71156
0.978336 -0.195517 0.0680606 -206.364 0.194833 0.980696 0.0166011 -11.4124 -0.0699925 -0.00298095 0.997543 8.77268
0.977351 -0.198434 0.073541 -207.225 0.197292 0.980085 0.0225521 -11.5627 -0.0765516 -0.00753223 0.997037 8.91122
0.978575 -0.200296 0.0476658 -208.136 0.199874 0.979728 0.013527 -11.7336 -0.0494089 -0.00371002 0.998772 8.96066
0.979297 -0.202389 0.00408853 -209.041 0.202389 0.979305 0.000530326 -11.9109 -0.00411125 0.000308125 0.999992 8.92351
0.978406 -0.203974 -0.0334097 -209.956 0.203795 0.978975 -0.00870131 -12.1239 0.0344821 0.00170468 0.999404 8.92494
0.977672 -0.205827 -0.0423406 -210.853 0.20547 0.978581 -0.0126742 -12.3222 0.0440424 0.00369145 0.999023 8.97114
0.978051 -0.207846 -0.0147173 -211.708 0.207735 0.978146 -0.00874999 -12.5015 0.0162143 0.00550066 0.999853 9.04139
0.977173 -0.209816 0.0333208 -212.526 0.209892 0.977724 0.00124503 -12.6924 -0.0328397 0.00577714 0.999444 9.06252
0.975047 -0.212117 0.0655044 -213.392 0.212192 0.97721 0.00587838 -12.8644 -0.0652584 0.00816784 0.997835 9.07709
0.975175 -0.213945 0.0571063 -214.318 0.214044 0.976814 0.00446476 -13.0541 -0.0567375 0.00786932 0.998358 9.06705
0.97635 -0.214757 0.0249098 -215.232 0.214818 0.976654 0.000206914 -13.2518 -0.0243727 0.00514907 0.99969 9.13313
0.976597 -0.215078 0.000439655 -216.122 0.215079 0.976592 -0.00304681 -13.471 0.000225939 0.00307007 0.999995 9.23571
0.976396 -0.215981 0.00154982 -217.003 0.215985 0.976388 -0.00399704 -13.6812 -0.000649944 0.00423743 0.999991 9.28797
0.975831 -0.217606 0.0200563 -217.891 0.217693 0.976015 -0.00223435 -13.8743 -0.0190891 0.00654646 0.999796 9.28151
