1 0 0 0 0 1 0 0 0 0 1 0
1 -6.30067e-05 -0.00012294 0.00707948 6.30146e-05 1 6.49268e-05 0.00287926 0.000122936 -6.49345e-05 1 0.000514997
1 -7.85901e-05 -2.69271e-05 0.00642319 7.85906e-05 1 2.08252e-05 0.000652251 2.69255e-05 -2.08273e-05 1 0.000202528
1 2.99392e-05 -2.78635e-05 0.00262874 -2.9939e-05 1 7.64045e-06 -0.00280696 2.78637e-05 -7.63962e-06 1 -0.000164973
1 9.22191e-05 -1.33577e-05 0.00350492 -9.22188e-05 1 1.75743e-05 -0.00160723 1.33593e-05 -1.75731e-05 1 -0.000474011
1 6.5272e-05 -2.25973e-05 0.00293904 -6.52694e-05 1 0.000113662 -0.00230553 2.26047e-05 -0.000113661 1 1.42566e-05
1 3.4436e-05 -7.22131e-05 0.00808559 -3.4429e-05 1 9.766e-05 0.00159773 7.22165e-05 -9.76575e-05 1 0.000451935
1 4.78057e-05 -0.000102353 0.00409034 -4.77967e-05 1 8.72284e-05 0.000602952 0.000102357 -8.72235e-05 1 0.00138868
1 3.32751e-05 -5.27627e-05 0.00512233 -3.32719e-05 1 5.99341e-05 0.00027158 5.27647e-05 -5.99324e-05 1 0.00109156
1 1.97432e-05 -2.42198e-06 0.00574598 -1.97431e-05 1 4.96811e-05 -0.000114674 2.42296e-06 -4.96811e-05 1 -0.00121606
1 -3.21193e-05 -7.72281e-06 0.00217784 3.21195e-05 1 3.11631e-05 0.00341839 7.72181e-06 -3.11634e-05 1 -0.000412609
1 -5.61704e-05 -3.75195e-05 0.00578503 5.61719e-05 1 4.0457e-05 0.00415993 3.75173e-05 -4.04591e-05 1 0.0016009
1 -2.83908e-05 -6.14793e-05 0.00587127 2.83968e-05 1 9.80856e-05 -0.000278775 6.14766e-05 -9.80874e-05 1 0.000956535
1 4.19779e-05 -1.57212e-05 0.00437709 -4.19768e-05 1 6.46918e-05 -0.00156341 1.57239e-05 -6.46911e-05 1 -8.75493e-05
1 3.56522e-05 -3.54552e-05 0.00158555 -3.56497e-05 1 7.03684e-05 -0.000796541 3.54577e-05 -7.03672e-05 1 0.000828399
1 4.69235e-05 -9.79258e-05 0.00372002 -4.69089e-05 1 0.000148841 -0.000864895 9.79328e-05 -0.000148837 1 0.00225372
1 6.3774e-05 -6.3155e-05 0.0074604 -6.3767e-05 1 0.000111667 -0.00148813 6.31621e-05 -0.000111663 1 -0.000421869
1 -3.74408e-05 -7.14519e-05 0.00785479 3.7447e-05 1 8.72327e-05 0.00279758 7.14486e-05 -8.72353e-05 1 0.000302759
1 -3.4087e-05 -2.83061e-05 0.00468933 3.40877e-05 1 2.51644e-05 0.00482199 2.83053e-05 -2.51654e-05 1 -0.000412744
1 7.24926e-05 -2.36893e-05 0.00471302 -7.24921e-05 1 2.22501e-05 -0.00396742 2.36909e-05 -2.22484e-05 1 -4.26264e-06
1 4.11696e-05 -5.23708e-05 0.00171139 -4.11644e-05 1 9.82138e-05 -0.00299198 5.23748e-05 -9.82117e-05 1 0.000260533
1 -3.06929e-05 -5.76236e-05 0.00216292 3.06969e-05 1 7.02108e-05 0.00383247 5.76215e-05 -7.02126e-05 1 0.00125486
1 -5.49273e-05 -3.31872e-05 0.00104007 5.4927e-05 1 -9.38687e-06 0.00426838 3.31877e-05 9.38505e-06 1 0.000325611
1 -2.42526e-05 -3.83135e-05 0.00296283 2.42527e-05 1 2.4865e-06 0.00206278 3.83134e-05 -2.48743e-06 1 0.000320692
1 2.86053e-06 -2.29402e-05 0.00272091 -2.85917e-06 1 5.92376e-05 0.00143831 2.29404e-05 -5.92375e-05 1 -0.000304434
1 3.38368e-05 -6.59206e-05 0.00243013 -3.38332e-05 1 5.54331e-05 0.00103209 6.59225e-05 -5.54309e-05 1 0.00153963
1 -5.27957e-05 -5.60099e-05 0.00182066 5.28028e-05 1 0.000125519 -9.20194e-05 5.60033e-05 -0.000125522 1 0.00199253
1 -8.70841e-05 -4.98414e-05 0.00264693 8.70865e-05 1 4.94067e-05 0.00324897 4.98371e-05 -4.9411e-05 1 0.00195874
1 -1.17183e-05 -3.11844e-05 0.00492992 1.17194e-05 1 3.37603e-05 0.00231072 3.1184e-05 -3.37607e-05 1 0.000434819
1 3.93069e-05 -3.07018e-05 0.00136337 -3.93054e-05 1 4.88715e-05 8.03919e-05 3.07037e-05 -4.88703e-05 1 0.000525284
1 4.47884e-05 -5.07879e-05 0.00335717 -4.47837e-05 1 9.14289e-05 -0.00229089 5.0792e-05 -9.14266e-05 1 0.00124619
1 -3.38225e-05 -7.16605e-05 0.00555624 3.38351e-05 1 0.000175525 0.000914934 7.16545e-05 -0.000175528 1 0.000637865
1 3.5201e-06 -5.59394e-05 0.00253016 -3.51964e-06 1 8.31622e-06 -0.000348932 5.59394e-05 -8.31602e-06 1 0.000764298
1 2.56016e-05 -2.79385e-05 0.000361131 -2.56003e-05 1 4.90077e-05 -0.000727884 2.79397e-05 -4.9007e-05 1 0.000579576
1 2.75555e-05 -5.51488e-05 0.00391415 -2.75505e-05 1 8.9115e-05 -0.00236131 5.51512e-05 -8.91134e-05 1 0.000938455
1 -3.98052e-05 -8.16334e-05 0.00370461 3.98098e-05 1 5.54309e-05 0.00191065 8.16312e-05 -5.54341e-05 1 0.00219537
1 -1.37472e-05 -5.34317e-05 0.00337525 1.37497e-05 1 4.76053e-05 0.00149511 5.3431e-05 -4.7606e-05 1 0.00126012
1 -4.13998e-06 -5.00615e-05 0.00440398 4.1435e-06 1 7.02873e-05 0.00253471 5.00612e-05 -7.02875e-05 1 0.000931753
1 1.8781e-05 -8.22355e-05 0.00573166 -1.87752e-05 1 6.97379e-05 0.00209917 8.22368e-05 -6.97364e-05 1 0.00253237
1 4.73684e-05 -3.83067e-05 -8.28372e-05 -4.73646e-05 1 0.000100005 0.000335696 3.83114e-05 -0.000100003 1 0.000785956
1 3.53462e-05 -3.25623e-05 0.00221633 -3.53437e-05 1 7.58531e-05 -0.00216327 3.2565e-05 -7.5852e-05 1 0.000384932
1 -1.67203e-05 -1.01884e-05 0.00460491 1.67204e-05 1 5.7767e-06 0.00126031 1.01883e-05 -5.77687e-06 1 -0.000649882
1 1.55433e-05 -1.75794e-05 0.0039595 -1.55425e-05 1 4.56677e-05 0.000254607 1.75801e-05 -4.56674e-05 1 0.000692305
1 7.74395e-05 -3.3978e-05 0.00416923 -7.74372e-05 1 6.71154e-05 -0.0016496 3.39832e-05 -6.71128e-05 1 0.00140179
1 -1.93539e-05 -3.62985e-05 0.00494347 1.93561e-05 1 6.05367e-05 0.000204723 3.62974e-05 -6.05374e-05 1 0.000725075
1 3.46324e-05 -3.70366e-05 0.00437471 -3.46311e-05 1 3.5304e-05 0.000725032 3.70378e-05 -3.53027e-05 1 1.3918e-05
1 4.40728e-06 -3.7329e-05 0.00325671 -4.40444e-06 1 7.60573e-05 0.000751655 3.73293e-05 -7.60572e-05 1 0.000335796
1 -1.88003e-05 -4.70003e-05 0.0053978 1.88033e-05 1 6.48071e-05 0.00131574 4.69991e-05 -6.4808e-05 1 0.000810786
1 5.82158e-05 -1.3847e-05 0.00268616 -5.82149e-05 1 6.57649e-05 -2.78947e-05 1.38508e-05 -6.57641e-05 1 0.000274188
1 2.73994e-05 4.90878e-06 0.00447438 -2.73994e-05 1 -1.78473e-05 -0.00207657 -4.90927e-06 1.78472e-05 1 -0.000987375
1 -4.45406e-05 -4.96038e-05 0.00377348 4.45398e-05 1 -1.63752e-05 0.00219562 4.96045e-05 1.6373e-05 1 0.000687811
1 -2.22147e-05 -4.85697e-05 0.0057807 2.22157e-05 1 1.95265e-05 0.002704 4.85692e-05 -1.95275e-05 1 0.000212765
1 1.30249e-07 -6.4009e-05 0.00285934 -1.27116e-07 1 4.89426e-05 -8.344e-05 6.4009e-05 -4.89426e-05 1 0.00151183
1 1.25106e-05 -4.28877e-05 0.00345976 -1.25093e-05 1 3.07264e-05 0.00294807 4.28881e-05 -3.07258e-05 1 0.00150443
1 5.49386e-05 -4.52698e-05 0.00289829 -5.49378e-05 1 1.78542e-05 -0.00128476 4.52708e-05 -1.78517e-05 1 0.00145817
1 2.64076e-05 -5.17361e-05 0.00571988 -2.6405e-05 1 4.95018e-05 -0.0021771 5.17374e-05 -4.95004e-05 1 0.000221386
1 -2.90044e-05 -6.25654e-05 0.00458218 2.90065e-05 1 3.29463e-05 0.00244848 6.25645e-05 -3.29481e-05 1 0.00137387
1 -6.17323e-06 -5.29858e-05 0.00367236 6.17281e-06 1 -7.91221e-06 0.00352978 5.29859e-05 7.91188e-06 1 0.00182917
1 4.47242e-05 -3.29032e-05 0.00616491 -4.47215e-05 1 8.16369e-05 -0.000838792 3.29068e-05 -8.16355e-05 1 0.000612574
1 2.62447e-05 -2.85661e-05 0.00404642 -2.62436e-05 1 3.96933e-05 -0.00168553 2.85672e-05 -3.96926e-05 1 0.000350991
1 4.87506e-05 -5.31525e-05 0.00208131 -4.87459e-05 1 8.95502e-05 0.000518566 5.31568e-05 -8.95476e-05 1 -8.27768e-05
1 -2.06588e-05 -0.000115078 0.0135203 2.06754e-05 1 0.000144203 0.000935039 0.000115075 -0.000144205 1 0.00306515
1 -0.000171338 -2.21601e-05 0.0206293 0.00017134 1 0.000110197 0.00334644 2.21413e-05 -0.000110201 1 0.00415227
1 -0.000183942 2.34171e-06 0.0254007 0.000183942 1 0.000138556 0.0063714 -2.36719e-06 -0.000138556 1 0.00451377
1 -2.66509e-05 -6.95359e-06 0.0133899 2.66521e-05 1 0.000159718 0.00327612 6.94933e-06 -0.000159718 1 0.00437033
1 7.84921e-05 -1.60811e-05 -0.00563101 -7.84918e-05 1 2.17304e-05 -0.000498222 1.60828e-05 -2.17291e-05 1 0.00430028
1 4.08573e-05 4.21677e-05 -0.0173949 -4.08555e-05 1 -4.1635e-05 0.00158346 -4.21694e-05 4.16333e-05 1 0.000572488
1 -0.000106542 -1.23096e-05 -0.0312515 0.000106542 1 -1.99256e-05 0.00226985 1.23118e-05 1.99243e-05 1 0.00270568
1 -0.000121122 -7.60005e-05 -0.0435206 0.000121124 1 2.55354e-05 -0.0025101 7.59974e-05 -2.55446e-05 1 0.00691355
1 -0.000221093 -1.82435e-05 -0.0568894 0.000221094 1 5.24567e-05 0.00370887 1.82319e-05 -5.24607e-05 1 0.00528362
1 -0.000277908 1.02087e-05 -0.0851983 0.000277908 1 -7.07316e-05 0.0050745 -1.0189e-05 7.07344e-05 1 0.00750731
1 -0.00038467 -6.2903e-05 -0.0979358 0.000384678 1 0.000116078 0.0071296 6.28583e-05 -0.000116102 1 0.00645316
1 -0.000359617 -0.000121275 -0.12509 0.000359612 1 -4.50009e-05 0.00806298 0.000121291 4.49573e-05 1 0.00932028
1 -0.000319881 -1.56252e-05 -0.152968 0.000319883 1 8.85993e-05 0.00601852 1.55969e-05 -8.86043e-05 1 0.00511879
1 -0.000253163 0.00013908 -0.19287 0.000253161 1 1.74311e-05 3.3489e-05 -0.000139085 -1.73959e-05 1 0.00182734
1 -0.000384422 0.000178555 -0.236292 0.000384381 1 0.000229458 0.00227471 -0.000178644 -0.00022939 1 0.00359398
1 -0.000451135 0.000204044 -0.280119 0.000451105 1 0.000144763 0.00738331 -0.00020411 -0.000144671 1 0.00959329
1 -0.000423023 0.000270387 -0.316492 0.000422921 1 0.000374887 0.00268531 -0.000270546 -0.000374773 1 0.00799045
1 -0.000576366 0.000597463 -0.362563 0.000576296 1 0.000116612 0.011129 -0.00059753 -0.000116267 1 0.00857792
1 -0.000606876 0.000740104 -0.402244 0.000606768 1 0.000145819 0.0137145 -0.000740192 -0.00014537 1 0.00609357
0.999999 -0.00074804 0.000758685 -0.445656 0.000747931 1 0.000143617 0.0131639 -0.000758792 -0.00014305 1 0.0127779
1 -0.000796341 0.000580198 -0.507294 0.000796042 1 0.000514759 0.00900872 -0.000580607 -0.000514297 1 0.018155
0.999999 -0.000799214 0.000651763 -0.59009 0.00079888 1 0.000513705 0.0132796 -0.000652173 -0.000513184 1 0.018891
0.999999 -0.000752127 0.000719336 -0.682976 0.000751773 1 0.000492982 0.0144882 -0.000719707 -0.000492441 1 0.0214494
0.999999 -0.000622477 0.00078987 -0.760174 0.000621941 1 0.000677662 0.00528832 -0.000790291 -0.000677171 0.999999 0.0225903
0.999999 -0.000690039 0.000882071 -0.849778 0.000689326 0.999999 0.000808433 0.00430328 -0.000882628 -0.000807824 0.999999 0.0243547
0.999999 -0.000682655 0.000935005 -0.941806 0.000682048 1 0.000650113 0.00499678 -0.000935449 -0.000649475 0.999999 0.0303108
0.999999 -0.000510214 0.00117873 -1.0581 0.000508996 0.999999 0.00103337 0.00507031 -0.00117925 -0.00103277 0.999999 0.0259257
0.999999 -0.000708049 0.00126438 -1.17377 0.00070682 0.999999 0.000972597 0.00960781 -0.00126506 -0.000971702 0.999999 0.0296757
0.999999 -0.000629071 0.00124545 -1.27991 0.000627662 0.999999 0.00113117 0.0076525 -0.00124616 -0.00113038 0.999999 0.0317756
0.999999 -0.000579326 0.00120177 -1.40741 0.000577901 0.999999 0.00118649 0.0104895 -0.00120246 -0.0011858 0.999999 0.0361531
0.999999 -0.000458311 0.0013128 -1.55423 0.000455962 0.999998 0.00178946 0.00839267 -0.00131362 -0.00178886 0.999998 0.0436507
0.999998 -0.00068955 0.00159852 -1.69064 0.000686692 0.999998 0.0017875 0.0114357 -0.00159975 -0.0017864 0.999997 0.0513023
0.999998 -0.000532178 0.00191432 -1.86924 0.000528339 0.999998 0.00200552 0.0117118 -0.00191538 -0.0020045 0.999996 0.0505097
0.999998 -0.000663257 0.00202857 -2.00812 0.000658447 0.999997 0.00237048 0.0142833 -0.00203014 -0.00236914 0.999995 0.0489432
0.999997 -0.000518407 0.00240579 -2.16709 0.000512313 0.999997 0.00253297 0.0103498 -0.0024071 -0.00253173 0.999994 0.0499775
0.999996 -0.000612697 0.00272545 -2.32787 0.000603908 0.999995 0.00322439 0.012946 -0.00272741 -0.00322273 0.999991 0.0471791
0.999996 -0.000990828 0.00264337 -2.48909 0.000981775 0.999994 0.00342389 0.0197435 -0.00264675 -0.00342128 0.999991 0.0561089
0.999995 -0.000911033 0.00307107 -2.70111 0.000900008 0.999993 0.00358938 0.0303049 -0.00307432 -0.0035866 0.999989 0.0692936
0.999994 -0.00037715 0.00338697 -2.88481 0.000361429 0.999989 0.00464099 0.00969586 -0.00338868 -0.00463974 0.999983 0.072805
0.999993 -0.000461834 0.00362656 -3.11314 0.000447351 0.999992 0.00399345 0.0130406 -0.00362838 -0.0039918 0.999985 0.0743332
0.999994 -0.000311607 0.0035559 -3.3005 0.000297894 0.999993 0.00385648 0.015819 -0.00355708 -0.0038554 0.999986 0.0769803
0.999991 -0.00038583 0.00429712 -3.54729 0.000370088 0.999993 0.00366358 0.0177931 -0.0042985 -0.00366195 0.999984 0.0738247
0.99999 -0.000236923 0.00449649 -3.77259 0.000218441 0.999992 0.00411031 0.0161088 -0.00449743 -0.00410929 0.999981 0.0801214
0.999991 -0.000620837 0.00419335 -4.02107 0.000598872 0.999986 0.00523733 0.0173105 -0.00419655 -0.00523477 0.999977 0.0964328
0.999989 -0.000706071 0.00467387 -4.28523 0.00067974 0.999984 0.00563294 0.0163657 -0.00467777 -0.0056297 0.999973 0.109888
0.999986 -0.0006157 0.00529248 -4.52103 0.000582806 0.999981 0.0062145 0.0346673 -0.0052962 -0.00621133 0.999967 0.109717
0.999985 -0.000339567 0.00547183 -4.80641 0.000303337 0.999978 0.00662068 0.0218674 -0.00547395 -0.00661892 0.999963 0.111803
0.999985 -0.000296362 0.00543674 -5.0971 0.000255398 0.999972 0.00753392 0.0159592 -0.00543882 -0.00753242 0.999957 0.116995
0.999985 -0.000636976 0.00536562 -5.39905 0.000590844 0.999963 0.00859481 0.0358069 -0.0053709 -0.00859151 0.999949 0.124004
0.999984 -0.0001223 0.00569319 -5.71464 7.30797e-05 0.999963 0.00864483 0.0282314 -0.00569403 -0.00864427 0.999946 0.124751
0.999982 -0.000112249 0.00601875 -6.05258 5.81559e-05 0.99996 0.00898678 0.0323521 -0.00601952 -0.00898627 0.999942 0.133819
0.999979 -0.000233731 0.00642296 -6.38698 0.000170771 0.999952 0.00980117 0.0345085 -0.00642494 -0.00979987 0.999931 0.143511
0.999982 -0.000605824 0.00592734 -6.73888 0.000539376 0.999937 0.0112056 0.0431636 -0.00593376 -0.0112022 0.99992 0.150949
0.999982 0.000155757 0.00594663 -7.10718 -0.000224677 0.999933 0.0115909 0.0364638 -0.00594443 -0.0115921 0.999915 0.162814
0.999984 0.000170608 0.00566372 -7.4972 -0.000239291 0.999926 0.0121284 0.0494879 -0.00566123 -0.0121296 0.99991 0.170187
0.999985 0.000839399 0.00541818 -7.88735 -0.000908805 0.999917 0.0128201 0.0256039 -0.00540697 -0.0128248 0.999903 0.174406
0.999986 0.000490389 0.00533912 -8.30532 -0.000559315 0.999916 0.0129159 0.0448567 -0.00533234 -0.0129187 0.999902 0.178693
0.999984 0.000631665 0.00561243 -8.7057 -0.000700189 0.999925 0.0122159 0.0443357 -0.0056043 -0.0122196 0.99991 0.195296
0.999989 0.000870446 0.00468337 -9.11434 -0.000935733 0.999902 0.0139561 0.0482822 -0.00467077 -0.0139603 0.999892 0.204052
0.99999 0.00100852 0.00437514 -9.53228 -0.00107284 0.999891 0.0147237 0.0478421 -0.00435981 -0.0147283 0.999882 0.207809
0.99999 0.000839674 0.0044706 -9.98337 -0.000902506 0.999901 0.0140712 0.0430356 -0.00445834 -0.014075 0.999891 0.221479
0.99999 0.000476141 0.0045114 -10.4372 -0.000543883 0.999887 0.0150263 0.0526419 -0.00450374 -0.0150286 0.999877 0.230354
0.999991 0.000494141 0.00422955 -10.8957 -0.000556356 0.999891 0.0147211 0.0553581 -0.00422182 -0.0147233 0.999883 0.241743
0.999992 0.0011924 0.00375121 -11.3673 -0.00124854 0.999887 0.0149982 0.0485804 -0.0037329 -0.0150028 0.99988 0.248886
0.999993 0.000980978 0.00373407 -11.8807 -0.00103612 0.99989 0.0147936 0.0463445 -0.00371915 -0.0147973 0.999884 0.263458
0.999992 0.000725775 0.00401368 -12.3919 -0.000781035 0.999905 0.0137834 0.0531962 -0.00400329 -0.0137865 0.999897 0.284001
0.99999 0.000836935 0.00434703 -12.8822 -0.000895735 0.999908 0.0135422 0.0674676 -0.0043353 -0.0135459 0.999899 0.286781
0.99999 0.0014181 0.00423598 -13.4322 -0.00147518 0.999908 0.0135032 0.0689421 -0.00421644 -0.0135094 0.9999 0.298391
0.999992 0.00147488 0.00382462 -13.9716 -0.00152631 0.999908 0.0134777 0.0549483 -0.00380439 -0.0134834 0.999902 0.303496
0.999994 0.000799868 0.00340529 -14.4851 -0.000846136 0.999907 0.0136074 0.0561389 -0.00339409 -0.0136102 0.999902 0.316015
0.999996 0.000566386 0.00291714 -15.0617 -0.000606841 0.999903 0.0138857 0.0775797 -0.00290899 -0.0138874 0.999899 0.344139
0.999993 0.0014731 0.00335646 -15.6513 -0.00151912 0.999904 0.0137482 0.0504277 -0.00333588 -0.0137533 0.9999 0.347457
0.99999 0.00190582 0.00401438 -16.2341 -0.00195249 0.99993 0.0116558 0.0541849 -0.00399189 -0.0116635 0.999924 0.344257
0.99999 0.00128151 0.0043284 -16.8243 -0.00132595 0.999946 0.0102817 0.078149 -0.00431499 -0.0102874 0.999938 0.364135
0.999992 0.00128646 0.00391195 -17.4073 -0.00132574 0.999949 0.0100546 0.0802321 -0.00389881 -0.0100597 0.999942 0.390338
0.999988 0.00147231 0.00462066 -18.0246 -0.00152667 0.999929 0.0117837 0.0607429 -0.00460299 -0.0117906 0.99992 0.383015
0.999991 0.00171818 0.00384741 -18.6363 -0.00176172 0.999934 0.0113431 0.0527098 -0.00382766 -0.0113498 0.999928 0.41442
0.999995 0.00163215 0.0028178 -19.2785 -0.00165972 0.99995 0.00981035 0.0769953 -0.00280165 -0.00981497 0.999948 0.44079
0.999993 0.00214344 0.00290579 -19.9172 -0.00217092 0.999953 0.00948581 0.0718681 -0.00288532 -0.00949205 0.999951 0.445256
0.999993 0.00259724 0.00274769 -20.5639 -0.00262249 0.999954 0.00922629 0.0711828 -0.0027236 -0.00923343 0.999954 0.46021
0.999992 0.00347826 0.00206268 -21.2302 -0.00349853 0.999945 0.00990664 0.0722732 -0.00202811 -0.00991377 0.999949 0.4709
0.99999 0.0040273 0.0021105 -21.9171 -0.004048 0.999943 0.00989759 0.0658099 -0.00207051 -0.00990603 0.999949 0.479355
0.999992 0.00332935 0.00209085 -22.6298 -0.00334809 0.999954 0.0090238 0.0842644 -0.00206071 -0.00903073 0.999957 0.491865
0.999993 0.00310488 0.00213749 -23.3119 -0.00312236 0.999961 0.00822005 0.0972225 -0.00211189 -0.00822666 0.999964 0.505371
0.999991 0.00374435 0.00206706 -23.9964 -0.00375945 0.999966 0.00734785 0.0960888 -0.00203948 -0.00735555 0.999971 0.510283
0.999992 0.00384987 0.00117485 -24.7106 -0.00385751 0.999971 0.00657481 0.0793893 -0.0011495 -0.00657929 0.999978 0.537418
0.99999 0.00454504 0.000445843 -25.4348 -0.00454793 0.999967 0.00670679 0.0845037 -0.000415346 -0.00670875 0.999977 0.558766
0.999984 0.00554961 0.00118849 -26.2097 -0.00555808 0.999958 0.00724539 0.0729492 -0.00114823 -0.00725188 0.999973 0.553582
0.999985 0.00528804 0.00174242 -26.9724 -0.00529739 0.999971 0.00540613 0.103239 -0.00171378 -0.00541528 0.999984 0.582053
0.999985 0.00503606 0.00226371 -27.7321 -0.00504715 0.999975 0.00492417 0.122918 -0.00223886 -0.00493552 0.999985 0.587679
0.999983 0.00531991 0.00236759 -28.4914 -0.0053302 0.999976 0.00435937 0.121688 -0.00234434 -0.00437192 0.999988 0.602079
0.999981 0.00593794 0.00181213 -29.2596 -0.00594657 0.999971 0.00479681 0.116734 -0.00178359 -0.0048075 0.999987 0.627783
0.99998 0.00603745 0.0020013 -30.0726 -0.00604586 0.999973 0.00422355 0.132459 -0.00197574 -0.00423556 0.999989 0.639739
0.999984 0.00519368 0.00227587 -30.8479 -0.00519938 0.999983 0.00250409 0.155324 -0.00226283 -0.00251588 0.999994 0.657697
0.999981 0.00555502 0.00267572 -31.6712 -0.00555737 0.999984 0.000874058 0.157756 -0.00267082 -0.000888911 0.999996 0.67546
0.999981 0.00561741 0.0025828 -32.4787 -0.00561667 0.999984 -0.00029396 0.174522 -0.00258441 0.000279447 0.999997 0.703743
0.999976 0.00662029 0.0021016 -33.3464 -0.00661888 0.999978 -0.000677602 0.15217 -0.00210604 0.000663675 0.999998 0.716842
0.999974 0.00698616 0.00172805 -34.2053 -0.0069855 0.999976 -0.000383796 0.161346 -0.00173069 0.000371715 0.999998 0.727706
0.999975 0.00697976 0.00133307 -35.0223 -0.00697726 0.999974 -0.00187522 0.182832 -0.00134613 0.00186587 0.999997 0.755208
0.999974 0.0069436 0.00181175 -35.8752 -0.00693937 0.999973 -0.0023309 0.175006 -0.00182789 0.00231827 0.999996 0.764904
0.99997 0.00719116 0.00298058 -36.7537 -0.00718438 0.999972 -0.00227991 0.18538 -0.00299689 0.00225843 0.999993 0.766181
0.999959 0.00860224 0.00277387 -37.6428 -0.00859382 0.999958 -0.00303306 0.180687 -0.00279984 0.00300909 0.999992 0.793527
0.999962 0.00857014 0.00147817 -38.5092 -0.00856766 0.999962 -0.00167839 0.204559 -0.00149249 0.00166566 0.999997 0.814352
0.999964 0.00850838 0.000517996 -39.4095 -0.00850954 0.999961 0.00226811 0.225615 -0.000498678 -0.00227244 0.999997 0.817821
0.999964 0.00849954 -0.000512929 -40.3591 -0.00849709 0.999953 0.00460119 0.264013 0.000552013 -0.00459666 0.999989 0.857335
0.999955 0.00949975 -0.000811082 -41.2878 -0.00949655 0.999947 0.00386178 0.270521 0.000847725 -0.0038539 0.999992 0.888842
0.999944 0.0105507 0.00122704 -42.1912 -0.0105536 0.999942 0.0023601 0.255561 -0.00120207 -0.00237292 0.999996 0.90514
0.999943 0.0103365 0.00270379 -43.1022 -0.0103448 0.999942 0.00307675 0.250562 -0.00267183 -0.00310454 0.999992 0.921364
0.999945 0.0102147 0.00247655 -44.0683 -0.010224 0.999941 0.00377841 0.264868 -0.00243781 -0.00380353 0.99999 0.93761
0.999937 0.0112622 0.000370864 -45.0624 -0.0112636 0.999929 0.00393465 0.295791 -0.000326525 -0.00393858 0.999992 0.918929
0.999932 0.0110032 -0.00390405 -46.0525 -0.0109966 0.999938 0.00172042 0.330483 0.00392274 -0.00167738 0.999991 0.960305
0.999931 0.0112894 -0.00322588 -47.0012 -0.0112905 0.999936 -0.00033745 0.323948 0.00322187 0.000373848 0.999995 0.990686
0.999939 0.0110848 0.000268633 -47.9535 -0.0110845 0.999938 -0.00100466 0.33147 -0.000279753 0.00100162 0.999999 0.9942
0.999941 0.0107342 0.00149475 -48.9532 -0.0107332 0.999942 -0.000618848 0.372389 -0.00150131 0.000602769 0.999999 1.01688
0.999943 0.0106263 0.000968329 -49.9575 -0.010626 0.999944 -0.000258535 0.385191 -0.000971021 0.000248231 0.999999 1.05231
0.999936 0.0112427 -0.00131935 -50.9688 -0.0112442 0.999936 -0.00113173 0.383046 0.00130654 0.00114649 0.999998 1.06475
0.999919 0.0114837 -0.00553591 -51.9909 -0.0115005 0.999929 -0.00300797 0.36365 0.00550098 0.00307139 0.99998 1.06914
0.999929 0.00981363 -0.00670699 -53.03 -0.00983958 0.999944 -0.00384813 0.398681 0.00666885 0.00391385 0.99997 1.07679
0.999938 0.00923231 -0.00617246 -54.0408 -0.00926049 0.999947 -0.00455242 0.409708 0.0061301 0.0046093 0.999971 1.09462
0.999946 0.00897806 -0.00519147 -55.082 -0.0089997 0.999951 -0.00415967 0.436922 0.00515387 0.00420617 0.999978 1.13911
0.999947 0.00966321 -0.00353648 -56.1248 -0.00967378 0.999949 -0.00298592 0.431049 0.00350745 0.00301997 0.999989 1.1525
0.99995 0.00954914 -0.00292216 -57.1872 -0.00955599 0.999952 -0.00233846 0.436421 0.00289969 0.00236627 0.999993 1.15218
0.99995 0.00937396 -0.00360549 -58.2425 -0.00937973 0.999955 -0.00158656 0.425909 0.00359046 0.0016203 0.999992 1.17265
0.999951 0.00873218 -0.00457959 -59.3285 -0.00873644 0.999961 -0.000911617 0.446689 0.00457145 0.000951582 0.999989 1.19336
0.999958 0.00813031 -0.00432927 -60.4033 -0.00813642 0.999966 -0.00139684 0.488985 0.00431776 0.00143201 0.99999 1.21166
0.999963 0.00806168 -0.00289741 -61.4677 -0.00806627 0.999966 -0.0015764 0.476332 0.00288461 0.00159971 0.999995 1.21488
0.999964 0.00806823 -0.00248141 -62.539 -0.0080748 0.999964 -0.00265233 0.484612 0.00245992 0.00267227 0.999993 1.24486
0.999971 0.00728905 -0.0022868 -63.6349 -0.0072967 0.999968 -0.00335844 0.503054 0.00226225 0.00337502 0.999992 1.28326
0.999973 0.00693509 -0.00251757 -64.7094 -0.00694401 0.99997 -0.0035539 0.523928 0.00249284 0.00357129 0.999991 1.28327
0.999968 0.00748459 -0.00265954 -65.7945 -0.00749657 0.999962 -0.00452397 0.535194 0.00262558 0.00454376 0.999986 1.30884
0.999964 0.00830314 -0.00163856 -66.9203 -0.00831119 0.999953 -0.00496831 0.517619 0.00159723 0.00498175 0.999986 1.32744
0.999961 0.00876626 -0.000616017 -68.0201 -0.00876981 0.999943 -0.00602298 0.510706 0.000563183 0.00602815 0.999982 1.36211
0.999966 0.00827776 -0.000365559 -69.1121 -0.00827994 0.999945 -0.00645601 0.536468 0.000312098 0.00645881 0.999979 1.38615
0.999967 0.00800748 -0.00168855 -70.2291 -0.00801803 0.999948 -0.00633597 0.546846 0.00163773 0.0063493 0.999979 1.4038
0.999959 0.0081772 -0.00381962 -71.3296 -0.00820533 0.999939 -0.00740814 0.57664 0.00375881 0.00743918 0.999965 1.40633
0.999956 0.00835759 -0.00416791 -72.4376 -0.00838874 0.999937 -0.00751174 0.577847 0.00410487 0.00754637 0.999963 1.43183
0.999964 0.00818178 -0.00229557 -73.5462 -0.00819857 0.999939 -0.00740352 0.601983 0.00223486 0.00742208 0.99997 1.47496
0.999962 0.00866139 0.00118918 -74.6987 -0.0086527 0.999937 -0.00712065 0.604099 -0.00125078 0.00711009 0.999974 1.50149
0.999957 0.00834617 0.00401962 -75.8251 -0.00831661 0.999939 -0.00731461 0.610426 -0.00408042 0.00728086 0.999965 1.53218
0.999951 0.00857634 0.00498164 -76.9605 -0.00852932 0.99992 -0.00938428 0.629718 -0.00506173 0.00934133 0.999944 1.55041
0.999946 0.00919399 0.00475388 -78.1389 -0.00913562 0.999884 -0.0121584 0.619706 -0.00486512 0.0121144 0.999915 1.57153
0.999949 0.00868964 0.00507286 -79.2676 -0.0086194 0.999869 -0.013708 0.637325 -0.00519131 0.0136636 0.999893 1.60717
0.999934 0.00858002 0.00761427 -80.3973 -0.00846973 0.99986 -0.0144004 0.631479 -0.00773677 0.014335 0.999867 1.64256
0.999921 0.00883029 0.00899605 -81.5475 -0.00870556 0.999867 -0.0138108 0.660529 -0.00911681 0.0137314 0.999864 1.66905
0.999932 0.00882313 0.00756723 -82.724 -0.00870216 0.999836 -0.0158732 0.685044 -0.00770604 0.0158063 0.999845 1.69973
0.999933 0.00895132 0.00738215 -83.9057 -0.00881641 0.999797 -0.0181087 0.675639 -0.00754275 0.0180424 0.999809 1.7287
0.999938 0.00824562 0.00745694 -85.0509 -0.00810035 0.999781 -0.0193066 0.692585 -0.0076145 0.019245 0.999786 1.76859
0.999938 0.008339 0.00734195 -86.2294 -0.00820174 0.999795 -0.0185316 0.708246 -0.00749498 0.0184702 0.999801 1.77319
0.999949 0.00854888 0.00535845 -87.418 -0.00845992 0.99983 -0.0164099 0.723209 -0.00549783 0.0163637 0.999851 1.81302
0.999955 0.00849447 0.00421081 -88.6153 -0.00842101 0.999817 -0.0171674 0.739207 -0.00435586 0.0171312 0.999844 1.85386
0.999951 0.00792058 0.00593538 -89.8022 -0.00780707 0.999791 -0.0189099 0.756937 -0.00608391 0.0188626 0.999804 1.88787
0.999945 0.0075093 0.00726863 -90.9728 -0.00737132 0.999796 -0.0188263 0.75816 -0.00740851 0.0187717 0.999796 1.92203
0.999947 0.00785988 0.00659506 -92.1596 -0.00772613 0.999769 -0.0200658 0.767006 -0.00675125 0.0200138 0.999777 1.97081
0.999944 0.00873156 0.00595584 -93.3581 -0.00859914 0.999723 -0.0219084 0.758123 -0.00614548 0.021856 0.999742 2.00323
0.999955 0.0082856 0.00452989 -94.5467 -0.00817428 0.999677 -0.0240646 0.785928 -0.00472782 0.0240265 0.9997 2.01287
0.999968 0.00801951 0.00070013 -95.7715 -0.00799918 0.999647 -0.0253524 0.806283 -0.000903196 0.0253459 0.999678 2.0335
0.999964 0.00770556 -0.00359565 -96.984 -0.00779242 0.999662 -0.0248037 0.810695 0.00340331 0.0248308 0.999686 2.05276
0.999929 0.00812553 -0.00870945 -98.1872 -0.00832461 0.999699 -0.0230709 0.813079 0.00851937 0.0231418 0.999696 2.06881
0.999908 0.00852123 -0.0105361 -99.4318 -0.00874299 0.999737 -0.0211836 0.829659 0.0103528 0.0212738 0.99972 2.08281
0.999911 0.0079014 -0.0107072 -100.657 -0.00810499 0.999785 -0.0191067 0.859279 0.0105539 0.0191918 0.99976 2.08806
0.999914 0.00829121 -0.0101376 -101.875 -0.008454 0.999834 -0.0161215 0.870265 0.0100023 0.0162058 0.999819 2.10372
0.999927 0.00817566 -0.00889129 -103.093 -0.0083257 0.999821 -0.0169708 0.887403 0.00875095 0.0170436 0.999816 2.14874
0.999952 0.00804677 -0.00552386 -104.319 -0.00814956 0.999789 -0.0188448 0.888893 0.00537106 0.0188889 0.999807 2.14085
0.999964 0.0083276 -0.00159613 -105.581 -0.00835674 0.999781 -0.0192121 0.918012 0.00143579 0.0192247 0.999814 2.15745
0.999959 0.00868509 0.00238374 -106.829 -0.00863975 0.999793 -0.0184161 0.934614 -0.00254319 0.0183947 0.999828 2.17947
0.999952 0.00861981 0.00462717 -108.058 -0.00853743 0.99981 -0.0175363 0.945302 -0.00477745 0.0174959 0.999836 2.22828
0.999959 0.00830083 0.00374307 -109.31 -0.00823722 0.999827 -0.0167 0.944767 -0.00388105 0.0166685 0.999854 2.2538
0.999964 0.00851874 -2.14044e-05 -110.562 -0.00851818 0.999862 -0.0142492 0.955876 -9.99839e-05 0.0142489 0.999898 2.28445
0.999956 0.00849249 -0.00402422 -111.815 -0.00854179 0.999887 -0.0123953 0.979719 0.00391849 0.0124291 0.999915 2.31251
0.999949 0.00869322 -0.0051456 -113.067 -0.00875735 0.999883 -0.0125736 0.983246 0.0050357 0.012618 0.999908 2.33307
0.999957 0.0087991 -0.00283896 -114.329 -0.00883401 0.999883 -0.0125266 1.00287 0.0027284 0.0125512 0.999918 2.34703
0.999965 0.00823657 -0.00150481 -115.571 -0.00825431 0.999892 -0.0121918 1.02703 0.00140422 0.0122038 0.999925 2.37029
0.99996 0.00839399 -0.00302569 -116.831 -0.00843006 0.999891 -0.0121125 1.03006 0.00292368 0.0121375 0.999922 2.41792
0.999955 0.00863011 -0.00386607 -118.108 -0.00867822 0.999883 -0.0126076 1.04722 0.00375681 0.0126405 0.999913 2.42505
0.999951 0.00841552 -0.00513283 -119.379 -0.0084813 0.99988 -0.0129308 1.0606 0.0050234 0.0129737 0.999903 2.43875
0.999939 0.00853422 -0.0070202 -120.66 -0.008621 0.999886 -0.0124257 1.06676 0.00691335 0.0124855 0.999898 2.46399
0.999918 0.00865363 -0.00942663 -121.928 -0.0087651 0.999891 -0.011848 1.07664 0.00932308 0.0119297 0.999885 2.48281
0.999903 0.00806947 -0.011324 -123.172 -0.00819381 0.999906 -0.0109763 1.10189 0.0112344 0.011068 0.999876 2.50385
0.999913 0.00804411 -0.010421 -124.436 -0.0081479 0.999917 -0.00995572 1.12376 0.01034 0.0100398 0.999896 2.51036
0.999923 0.0084569 -0.00911347 -125.691 -0.00853994 0.999922 -0.00911186 1.12577 0.0090357 0.00918898 0.999917 2.53523
0.999936 0.00827804 -0.00767073 -126.964 -0.00834068 0.999932 -0.00816966 1.14275 0.00760258 0.00823311 0.999937 2.55046
0.999939 0.00850688 -0.00707697 -128.224 -0.00856098 0.999934 -0.00764936 1.1695 0.00701143 0.00770947 0.999946 2.5765
0.99992 0.00947324 -0.0083378 -129.466 -0.00953767 0.999925 -0.00772199 1.16345 0.00826402 0.0078009 0.999935 2.60163
0.999909 0.00902449 -0.0100658 -130.717 -0.00910311 0.999928 -0.00779264 1.18357 0.00999474 0.00788355 0.999919 2.61728
0.999902 0.0092224 -0.0105398 -131.985 -0.00930314 0.999928 -0.00763686 1.19514 0.0104686 0.00773417 0.999915 2.62873
0.999901 0.0100516 -0.00979855 -133.238 -0.0101199 0.999925 -0.00694762 1.19264 0.00972798 0.00704609 0.999928 2.64063
0.999921 0.00968348 -0.00797402 -134.469 -0.00974087 0.999927 -0.00718983 1.22455 0.00790381 0.00726694 0.999942 2.65943
0.99994 0.0092693 -0.00579581 -135.734 -0.00931257 0.999929 -0.007484 1.24956 0.00572603 0.00753752 0.999955 2.69484
0.999948 0.00939043 -0.00405569 -136.98 -0.00942404 0.999921 -0.0083492 1.26252 0.00397696 0.00838699 0.999957 2.73531
0.999949 0.00965581 -0.00311076 -138.22 -0.0096868 0.999902 -0.0101047 1.28539 0.00301288 0.0101344 0.999944 2.73829
0.999935 0.0103514 -0.00475342 -139.485 -0.010403 0.999886 -0.0109618 1.28414 0.0046394 0.0110105 0.999929 2.75022
0.99992 0.0102907 -0.00736097 -140.736 -0.0103724 0.999884 -0.0111557 1.30315 0.00724532 0.0112312 0.999911 2.7751
0.999908 0.0111089 -0.00775088 -141.987 -0.0111871 0.999886 -0.0101266 1.29935 0.0076375 0.0102123 0.999919 2.79641
0.999914 0.0109822 -0.00714527 -143.231 -0.0110417 0.999904 -0.00833919 1.33523 0.007053 0.00841737 0.99994 2.82364
0.999921 0.0109326 -0.00628133 -144.472 -0.0109833 0.999907 -0.00810278 1.34687 0.00619216 0.00817112 0.999947 2.84842
0.999927 0.0110375 -0.00490782 -145.723 -0.0110859 0.999889 -0.00993994 1.34647 0.00479756 0.00999362 0.999939 2.87343
0.99993 0.0110656 -0.00430158 -146.967 -0.0111147 0.999871 -0.011566 1.36162 0.00417304 0.011613 0.999924 2.87649
0.999918 0.0112071 -0.00625887 -148.207 -0.0112749 0.999877 -0.0108925 1.37209 0.00613603 0.0109622 0.999921 2.895
0.999902 0.0105294 -0.00920388 -149.437 -0.0106118 0.999904 -0.0089484 1.39798 0.00910877 0.00904519 0.999918 2.92605
0.9999 0.0110895 -0.00874453 -150.696 -0.011161 0.999904 -0.0081649 1.41936 0.00865315 0.00826168 0.999928 2.95318
0.999915 0.0113949 -0.00639101 -151.941 -0.0114434 0.999906 -0.00761764 1.43565 0.0063036 0.00769013 0.999951 2.95129
0.999918 0.0113635 -0.00591037 -153.183 -0.0114051 0.99991 -0.00705438 1.44335 0.00582968 0.00712121 0.999958 2.9772
0.999913 0.0113145 -0.00679519 -154.428 -0.011364 0.999909 -0.00728309 1.46532 0.00671216 0.00735968 0.99995 3.00501
0.99989 0.0119729 -0.00871416 -155.695 -0.0120326 0.999904 -0.00683167 1.48446 0.00863153 0.00693578 0.999939 3.02518
0.999882 0.0122611 -0.00926081 -156.935 -0.0123144 0.999908 -0.00572041 1.49335 0.00918981 0.00583377 0.999941 3.04022
0.999888 0.0122116 -0.00863476 -158.201 -0.0122576 0.999911 -0.00529064 1.52865 0.00856938 0.00539589 0.999949 3.05777
0.999901 0.0118127 -0.0077063 -159.449 -0.0118518 0.999917 -0.00504356 1.53524 0.00764608 0.00513439 0.999958 3.07241
0.999911 0.0114563 -0.00681 -160.702 -0.0115038 0.999909 -0.0069858 1.56498 0.00672935 0.00706352 0.999952 3.09788
0.999917 0.0118711 -0.00510056 -161.944 -0.0119084 0.999902 -0.00734656 1.57008 0.00501285 0.00740668 0.99996 3.09834
0.999915 0.0120502 -0.0050746 -163.195 -0.0120865 0.999901 -0.00717909 1.58174 0.00498759 0.00723981 0.999961 3.1375
0.999913 0.0121417 -0.00512381 -164.465 -0.0121744 0.999905 -0.00639152 1.59888 0.00504572 0.00645334 0.999966 3.16614
0.999926 0.0114633 -0.00414087 -165.723 -0.0114896 0.999914 -0.00639813 1.62547 0.00406717 0.00644524 0.999971 3.18691
0.999923 0.0119013 -0.00359103 -166.967 -0.0119269 0.999903 -0.00719664 1.63966 0.00350503 0.00723891 0.999968 3.20975
0.999919 0.0122592 -0.00335839 -168.208 -0.0122803 0.999905 -0.00631986 1.65197 0.0032806 0.00636059 0.999974 3.21494
0.999907 0.0128386 -0.00455249 -169.478 -0.012866 0.999899 -0.00604654 1.65754 0.0044744 0.00610456 0.999971 3.24817
0.999897 0.0132045 -0.00563035 -170.744 -0.0132315 0.999901 -0.0047804 1.67265 0.00556667 0.00485441 0.999973 3.27025
0.999886 0.0138638 -0.0060496 -171.975 -0.0138903 0.999894 -0.00435615 1.68578 0.00598856 0.00443968 0.999972 3.30057
0.999893 0.013713 -0.00513629 -173.22 -0.0137339 0.999897 -0.00406051 1.71459 0.00508008 0.00413062 0.999979 3.3058
0.999903 0.0125939 -0.0059405 -174.468 -0.0126239 0.999908 -0.00505371 1.76221 0.0058763 0.00512822 0.99997 3.3385
0.999888 0.0132977 -0.00681171 -175.729 -0.0133318 0.999899 -0.00498141 1.76613 0.00674478 0.00507167 0.999964 3.35467
0.999879 0.0140113 -0.00676469 -177.006 -0.0140406 0.999892 -0.00430553 1.77527 0.00670364 0.00439999 0.999968 3.36668
0.99987 0.0148216 -0.00631547 -178.247 -0.0148604 0.999871 -0.00614341 1.7686 0.00622359 0.00623646 0.999961 3.39204
0.999885 0.0143083 -0.00498952 -179.494 -0.0143319 0.999886 -0.0047294 1.80981 0.00492128 0.00480037 0.999976 3.3983
0.999895 0.0138339 -0.00435669 -180.76 -0.013853 0.999894 -0.00439733 1.85866 0.00429539 0.00445722 0.999981 3.4471
0.999894 0.0140271 -0.00381152 -182.026 -0.0140395 0.999896 -0.00322545 1.87267 0.00376588 0.00327862 0.999988 3.46765
0.999883 0.0145833 -0.00464212 -183.306 -0.0145997 0.999887 -0.00353069 1.8554 0.0045901 0.00359805 0.999983 3.47678
0.999875 0.0149572 -0.00520769 -184.551 -0.0149752 0.999882 -0.0034404 1.86797 0.00515562 0.00351795 0.999981 3.49259
0.999876 0.0145996 -0.00583462 -185.842 -0.0146211 0.999886 -0.00365178 1.90449 0.00578065 0.00373664 0.999976 3.52954
0.999886 0.0139967 -0.00573638 -187.137 -0.0140261 0.999889 -0.0051224 1.93597 0.00566404 0.00520227 0.99997 3.53929
0.999884 0.0140446 -0.00584913 -188.424 -0.014078 0.999885 -0.00572294 1.94439 0.00576808 0.00580462 0.999967 3.55689
0.999876 0.0145443 -0.00597922 -189.696 -0.014571 0.999884 -0.0044426 1.96493 0.00591391 0.00452917 0.999972 3.57804
0.999877 0.0143808 -0.00627597 -190.988 -0.014399 0.999892 -0.00285996 1.99187 0.00623416 0.00294997 0.999976 3.5971
0.999862 0.0149009 -0.0073916 -192.27 -0.014919 0.999886 -0.00240013 2.00919 0.007355 0.00251008 0.99997 3.63536
0.999862 0.0143297 -0.00845022 -193.574 -0.0143535 0.999893 -0.0027614 2.04144 0.00840975 0.00288231 0.99996 3.65467
0.999864 0.0141545 -0.00842935 -194.896 -0.0141816 0.999894 -0.00316711 2.04674 0.00838363 0.00328622 0.999959 3.66815
0.999873 0.0141242 -0.00733058 -196.204 -0.0141478 0.999895 -0.003176 2.06684 0.00728495 0.00327931 0.999968 3.6809
0.999887 0.0140357 -0.00540931 -197.509 -0.0140551 0.999895 -0.00356679 2.09139 0.00535868 0.00364241 0.999979 3.69525
0.999893 0.0139216 -0.00447491 -198.824 -0.0139364 0.999897 -0.00329032 2.11888 0.00442864 0.00335234 0.999985 3.72106
0.999888 0.0141963 -0.00470361 -200.136 -0.0142112 0.999894 -0.00314048 2.12617 0.00465853 0.00320697 0.999984 3.74247
0.999884 0.0140192 -0.00590166 -201.441 -0.0140548 0.999883 -0.00603828 2.16448 0.00581631 0.00612053 0.999964 3.76625
0.999875 0.0143743 -0.00654416 -202.797 -0.0144177 0.999874 -0.00663955 2.19164 0.0064479 0.00673307 0.999957 3.79003
0.999874 0.0146167 -0.00622603 -204.099 -0.0146632 0.999864 -0.00748213 2.19511 0.00611582 0.00757248 0.999953 3.80492
0.999887 0.0142079 -0.00492113 -205.433 -0.0142452 0.999869 -0.00764015 2.22241 0.00481194 0.00770939 0.999959 3.81796
0.99989 0.0141407 -0.00441856 -206.762 -0.0141711 0.999876 -0.00690901 2.24891 0.00432032 0.00697086 0.999966 3.85362
0.99989 0.0141655 -0.0043305 -208.098 -0.0141948 0.999876 -0.00679307 2.25214 0.00423374 0.00685379 0.999968 3.87799
0.999898 0.0137193 -0.00407038 -209.438 -0.0137484 0.999879 -0.007226 2.29833 0.00397075 0.00728122 0.999966 3.89041
0.999891 0.0142862 -0.00363341 -210.785 -0.0143097 0.999876 -0.0065205 2.29866 0.00353981 0.00657178 0.999972 3.90315
0.999891 0.0143395 -0.00359689 -212.116 -0.0143641 0.999873 -0.00692992 2.32329 0.00349706 0.00698083 0.99997 3.93589
0.999894 0.0140177 -0.0040311 -213.447 -0.01405 0.999868 -0.00810332 2.35682 0.00391698 0.00815909 0.999959 3.97262
0.999889 0.0143897 -0.00384399 -214.793 -0.0144216 0.999861 -0.00840385 2.3667 0.00372253 0.00845835 0.999957 3.98738
0.999883 0.0147744 -0.00405214 -216.137 -0.0148087 0.999854 -0.00857832 2.3909 0.00392481 0.00863732 0.999955 4.01697
0.999899 0.0137848 -0.0034129 -217.525 -0.0138122 0.999871 -0.00814819 2.42626 0.00330014 0.00819451 0.999961 4.04281
0.999896 0.0141833 -0.00253871 -218.873 -0.0142036 0.999866 -0.00819079 2.43591 0.0024222 0.008226 0.999963 4.06917
0.999885 0.0150289 -0.00178386 -220.222 -0.015042 0.999858 -0.00756711 2.45303 0.00166988 0.00759308 0.99997 4.08996
0.999884 0.0150971 -0.00209364 -221.6 -0.015112 0.999859 -0.00726508 2.47112 0.00198367 0.00729587 0.999971 4.11422
0.999885 0.0149285 -0.00282207 -222.956 -0.0149473 0.999865 -0.00676265 2.49565 0.00272073 0.00680406 0.999973 4.14289
0.999883 0.0145822 -0.00468537 -224.316 -0.0146107 0.999874 -0.00612524 2.52392 0.00459547 0.00619298 0.99997 4.16863
0.999882 0.0143664 -0.00545495 -225.68 -0.0144037 0.999873 -0.00685616 2.56203 0.00535575 0.00693392 0.999962 4.18558
0.999883 0.0142306 -0.00553188 -227.067 -0.0142702 0.999872 -0.00718463 2.58218 0.00542893 0.00726274 0.999959 4.21937
0.999889 0.0143741 -0.00386194 -228.45 -0.0144038 0.999866 -0.00779732 2.60065 0.00374935 0.00785208 0.999962 4.24137
0.999886 0.015028 -0.00112122 -229.834 -0.0150369 0.999852 -0.00839908 2.61432 0.000994834 0.00841498 0.999964 4.25959
0.999893 0.0146164 -0.000349251 -231.228 -0.014619 0.999849 -0.00942873 2.63909 0.000211385 0.00943283 0.999955 4.28984
0.999894 0.0145638 -0.000846104 -232.61 -0.0145717 0.999841 -0.0102682 2.64505 0.000696427 0.0102794 0.999947 4.31933
0.999905 0.0136926 -0.00125258 -233.99 -0.0137045 0.999856 -0.0100075 2.70023 0.00111537 0.0100237 0.999949 4.34432
0.999902 0.0139009 -0.00148469 -235.365 -0.0139146 0.999856 -0.00966534 2.72364 0.00135012 0.00968505 0.999952 4.37876
0.999903 0.0138439 -0.001425 -236.754 -0.0138564 0.999862 -0.00916488 2.71742 0.00129792 0.00918374 0.999957 4.41744
0.999903 0.013931 -0.000446494 -238.177 -0.0139343 0.999867 -0.00846943 2.76158 0.000328447 0.00847483 0.999964 4.44359
0.999901 0.0140236 -0.00102994 -239.588 -0.0140315 0.999869 -0.00808382 2.78714 0.000916442 0.00809747 0.999967 4.46604
0.999895 0.0143176 -0.00222713 -240.971 -0.014334 0.999869 -0.00749777 2.79374 0.00211949 0.00752891 0.999969 4.48485
0.99989 0.0143819 -0.00364193 -242.385 -0.0144097 0.999866 -0.00771921 2.82185 0.00353042 0.00777084 0.999964 4.5169
0.999889 0.0143692 -0.00394375 -243.788 -0.0144022 0.99986 -0.00846617 2.84025 0.00382155 0.00852203 0.999956 4.55217
0.999897 0.0139256 -0.00355485 -245.22 -0.0139541 0.99987 -0.00811035 2.85699 0.00344145 0.00815912 0.999961 4.57437
0.9999 0.0138805 -0.00271958 -246.626 -0.0139035 0.999866 -0.00863904 2.89445 0.0025993 0.00867599 0.999959 4.59875
0.999898 0.0139926 -0.00293334 -248.019 -0.0140176 0.999864 -0.00866332 2.92004 0.00281171 0.00870356 0.999958 4.62175
0.999884 0.0145377 -0.00451533 -249.421 -0.0145768 0.999856 -0.00873947 2.91706 0.00438763 0.00880427 0.999952 4.66058
0.99988 0.0146385 -0.00512514 -250.814 -0.0146772 0.999863 -0.00760032 2.94503 0.00501318 0.00767463 0.999958 4.69
