1 0 0 0 0 1 0 0 0 0 1 0
1 2.68348e-05 -5.62381e-06 0.000360436 -2.68348e-05 1 -7.66987e-06 -0.000359831 5.6236e-06 7.67002e-06 1 0.000976126
1 1.23898e-05 -7.40769e-07 -0.00239303 -1.23898e-05 1 1.17841e-05 -0.000721353 7.40915e-07 -1.17841e-05 1 0.000518636
1 1.54433e-05 1.72876e-05 -0.00310972 -1.54433e-05 1 -1.69472e-07 -0.000347325 -1.72876e-05 1.69205e-07 1 1.96341e-06
1 8.81908e-06 -6.92624e-06 -0.000473523 -8.81913e-06 1 -7.83657e-06 -0.00108108 6.92617e-06 7.83663e-06 1 -0.00101371
1 -3.09726e-05 5.74204e-06 -0.00217422 3.09725e-05 1 6.45749e-06 -0.000747414 -5.74224e-06 -6.45732e-06 1 1.3272e-06
1 -1.32396e-05 5.57997e-06 -0.00122815 1.32395e-05 1 1.82636e-05 0.00081095 -5.58021e-06 -1.82636e-05 1 0.000341628
1 -3.72985e-05 7.83682e-06 -0.00317327 3.72983e-05 1 1.95439e-05 0.00099871 -7.83755e-06 -1.95436e-05 1 -0.000658434
1 -1.66527e-05 6.99137e-06 -0.00598064 1.66526e-05 1 1.08522e-05 -0.00196268 -6.99155e-06 -1.08521e-05 1 2.12247e-06
1 -7.76547e-06 -8.52691e-06 -0.00182529 7.76531e-06 1 -1.9069e-05 0.000606867 8.52706e-06 1.9069e-05 1 0.000842368
1 -1.90232e-05 1.15478e-05 0.00144968 1.90233e-05 1 -4.21045e-06 0.000605226 -1.15477e-05 4.21067e-06 1 0.000813915
1 -2.95554e-05 1.73288e-05 -0.00282837 2.95551e-05 1 1.49346e-05 0.000537027 -1.73292e-05 -1.49341e-05 1 -0.000339953
1 3.66128e-06 1.14093e-05 -0.00338932 -3.66128e-06 1 3.31477e-07 0.000230423 -1.14093e-05 -3.31518e-07 1 -0.000499529
1 -1.21467e-05 2.30024e-05 -0.00239493 1.21468e-05 1 -1.52628e-06 0.00260067 -2.30024e-05 1.52656e-06 1 -0.00102669
1 1.24951e-05 2.58746e-06 -0.000190565 -1.24951e-05 1 3.74283e-06 -0.00131327 -2.58741e-06 -3.74286e-06 1 0.000182454
1 1.08942e-05 6.9588e-06 -0.00223768 -1.08943e-05 1 4.89927e-06 -0.00140836 -6.95875e-06 -4.89934e-06 1 -0.00053562
1 -7.1778e-07 8.54284e-06 -0.00303801 7.17688e-07 1 1.08019e-05 -0.0005401 -8.54285e-06 -1.08019e-05 1 -0.000686541
1 2.35013e-06 -4.52673e-06 0.0019428 -2.35008e-06 1 9.71629e-06 -0.000855184 4.52675e-06 -9.71628e-06 1 -0.000686963
1 -4.35938e-05 2.68723e-05 -0.00184986 4.35935e-05 1 1.28894e-05 0.00119261 -2.68728e-05 -1.28883e-05 1 -0.00120254
1 -3.63608e-05 2.70709e-07 -0.0031598 3.63608e-05 1 -7.21866e-06 0.0045963 -2.70447e-07 7.21867e-06 1 -0.00016653
1 9.211e-06 -9.58812e-06 -0.00214786 -9.2109e-06 1 1.08561e-05 7.11048e-05 9.58822e-06 -1.0856e-05 1 -0.000234644
1 1.57463e-05 4.94895e-06 -0.000588063 -1.57464e-05 1 8.43751e-06 0.00142063 -4.94882e-06 -8.43759e-06 1 -0.000408518
1 -2.27795e-06 1.30862e-05 -0.00342972 2.27777e-06 1 1.38532e-05 -0.00367966 -1.30862e-05 -1.38532e-05 1 -0.000212008
1 -1.64295e-05 7.10396e-06 -0.00574659 1.64295e-05 1 -1.00475e-05 -0.00110083 -7.1038e-06 1.00476e-05 1 0.00105744
1 -2.03128e-05 2.43145e-06 -0.00291387 2.03128e-05 1 1.56829e-06 -0.0009718 -2.43148e-06 -1.56824e-06 1 0.000367932
1 -2.81112e-05 -2.28237e-06 -0.00131334 2.81111e-05 1 -1.70389e-05 0.00453996 2.28285e-06 1.70389e-05 1 0.000196827
1 -3.96227e-05 2.97119e-06 -0.00308949 3.96227e-05 1 -1.62528e-05 0.0042146 -2.97055e-06 1.6253e-05 1 -0.000209253
1 -1.90792e-05 1.55584e-05 -0.0028781 1.9079e-05 1 1.19204e-05 0.000280262 -1.55586e-05 -1.19201e-05 1 -0.00122287
1 2.49988e-06 1.23987e-06 -0.00243103 -2.49988e-06 1 -6.28692e-06 -0.00130145 -1.23989e-06 6.28692e-06 1 0.000492894
1 1.29446e-05 -3.78055e-06 -0.00141888 -1.29446e-05 1 -7.99323e-06 -0.00206975 3.78045e-06 7.99328e-06 1 0.00118748
1 -2.87869e-05 -1.61889e-05 -0.0014073 2.87869e-05 1 -4.86682e-06 0.00187387 1.6189e-05 4.86636e-06 1 0.00036137
1 -3.17065e-05 -9.44207e-06 -0.00146648 3.17064e-05 1 -5.12501e-06 0.00396443 9.44223e-06 5.12471e-06 1 0.000348187
1 -1.30172e-05 1.26311e-05 -0.00240496 1.30172e-05 1 1.41301e-06 0.00269398 -1.26311e-05 -1.41285e-06 1 -0.000242473
1 -2.13269e-05 6.42172e-06 -0.00308491 2.13269e-05 1 -1.63802e-06 0.000131922 -6.42169e-06 1.63816e-06 1 -0.00012178
1 4.15793e-05 7.05421e-06 -0.000104877 -4.15793e-05 1 4.91803e-06 -0.00438969 -7.05401e-06 -4.91833e-06 1 -0.000415701
1 -2.95276e-05 1.90426e-05 -0.00595062 2.95273e-05 1 1.61207e-05 -0.000684561 -1.90431e-05 -1.61201e-05 1 -0.000776125
1 -2.08483e-05 1.11742e-05 -0.00145016 2.08481e-05 1 1.52309e-05 0.00141995 -1.11745e-05 -1.52307e-05 1 -0.00133428
1 -1.0141e-05 1.78139e-05 -0.00245858 1.0141e-05 1 4.99343e-07 -0.00130789 -1.78139e-05 -4.99162e-07 1 -0.000747243
1 7.16495e-07 1.25956e-05 -0.00305993 -7.16498e-07 1 2.85876e-07 -0.000100882 -1.25956e-05 -2.85885e-07 1 0.00043158
1 -7.1198e-06 1.00593e-05 -0.0003982 7.11964e-06 1 1.61101e-05 0.00150253 -1.00594e-05 -1.61101e-05 1 -0.000715548
1 -4.10896e-05 3.41202e-06 -0.00315906 4.10896e-05 1 -1.12004e-07 0.00201572 -3.41202e-06 1.12144e-07 1 -0.000516392
1 -3.34426e-05 9.50482e-07 -0.00180878 3.34426e-05 1 -1.38314e-05 0.00272028 -9.50019e-07 1.38314e-05 1 0.000544565
1 -2.38315e-05 1.02359e-05 -0.00411608 2.38315e-05 1 -4.6502e-06 0.00218297 -1.02358e-05 4.65045e-06 1 -0.000265188
1 -3.1808e-05 1.65354e-05 -0.00349782 3.1808e-05 1 -3.36675e-07 0.000857859 -1.65353e-05 3.37201e-07 1 -0.000252206
1 2.09063e-06 3.34386e-06 0.00208288 -2.09063e-06 1 5.94647e-08 -2.00908e-05 -3.34386e-06 -5.94717e-08 1 -0.000457925
1 -8.52425e-06 6.46181e-06 -0.00265394 8.5242e-06 1 7.69489e-06 -0.00104358 -6.46187e-06 -7.69483e-06 1 -0.000137373
1 -4.32649e-06 1.20886e-05 -0.00377208 4.32653e-06 1 -3.70553e-06 0.00189666 -1.20886e-05 3.70558e-06 1 -0.000200399
1 -2.02122e-05 1.18639e-05 -0.00516405 2.02123e-05 1 -4.86375e-06 0.0021768 -1.18638e-05 4.86399e-06 1 4.59192e-05
1 1.11386e-05 1.16263e-05 0.00162768 -1.11389e-05 1 2.4455e-05 -0.00251022 -1.1626e-05 -2.44551e-05 1 -0.00201456
1 -1.95694e-06 1.10347e-05 -0.00219665 1.95689e-06 1 5.18037e-06 -0.000744521 -1.10347e-05 -5.18034e-06 1 -0.000178639
1 -4.42493e-06 -3.8337e-06 -0.00163196 4.42486e-06 1 -1.94788e-05 0.00243207 3.83379e-06 1.94788e-05 1 0.00150312
1 -2.0764e-05 -1.33162e-06 -0.00342222 2.0764e-05 1 -1.07442e-05 0.00191256 1.33184e-06 1.07441e-05 1 0.000928915
1 -2.32537e-05 9.36367e-06 -0.00547004 2.32537e-05 1 3.45279e-06 -0.00118068 -9.36375e-06 -3.45257e-06 1 0.000396748
1 -1.33663e-05 4.49094e-06 -0.00202183 1.33663e-05 1 -3.62731e-06 0.000291031 -4.4909e-06 3.62737e-06 1 -0.000482807
1 -1.17323e-05 9.64885e-06 -0.0016438 1.17323e-05 1 2.0373e-06 0.00152581 -9.64887e-06 -2.03719e-06 1 -0.00071254
1 -1.50011e-05 7.26062e-06 -0.00288981 1.50011e-05 1 -6.63903e-06 0.00150818 -7.26052e-06 6.63914e-06 1 0.000319249
1 1.29449e-05 -1.15183e-05 0.000709989 -1.2945e-05 1 -6.717e-06 -0.00215884 1.15182e-05 6.71715e-06 1 0.00107832
1 -2.88835e-05 1.32557e-05 -0.00326759 2.88835e-05 1 2.06355e-06 0.00236563 -1.32557e-05 -2.06317e-06 1 5.69717e-05
1 -9.95597e-06 -7.59638e-06 0.000817398 9.95598e-06 1 3.97453e-07 0.00265345 7.59638e-06 -3.97529e-07 1 0.000647453
1 -1.84315e-05 -1.20785e-05 0.000497629 1.84315e-05 1 1.15692e-06 0.00145386 1.20785e-05 -1.15714e-06 1 2.43297e-05
1 -4.47536e-06 1.3077e-05 -0.000297822 4.47529e-06 1 5.69198e-06 0.00018668 -1.30771e-05 -5.69192e-06 1 -0.0012002
1 -1.91465e-05 1.39557e-05 -0.00529203 1.91464e-05 1 8.61538e-06 -0.000201951 -1.39559e-05 -8.61511e-06 1 -0.000920348
1 -3.32176e-06 2.18715e-05 -0.00451179 3.32152e-06 1 1.07768e-05 -0.00188101 -2.18716e-05 -1.07767e-05 1 -0.000903147
1 -2.70622e-05 1.57197e-05 -0.00583198 2.7062e-05 1 1.50936e-05 -0.00259682 -1.57201e-05 -1.50932e-05 1 -2.55709e-05
1 -1.74873e-05 6.59337e-06 -3.82859e-05 1.74872e-05 1 2.21602e-05 -0.000619521 -6.59376e-06 -2.21601e-05 1 -0.000868891
1 -1.91937e-05 6.94446e-06 -0.000587417 1.91937e-05 1 1.30911e-06 0.00235238 -6.94449e-06 -1.30898e-06 1 -0.000737968
1 -4.13965e-05 1.56116e-05 -0.0044184 4.13966e-05 1 -1.55624e-06 0.00435363 -1.56115e-05 1.55688e-06 1 -0.0006973
1 3.49557e-05 1.04253e-05 0.00071973 -3.49559e-05 1 2.01637e-05 -0.00272769 -1.04246e-05 -2.01641e-05 1 -0.00138971
1 -1.20811e-05 2.86742e-05 -0.00102307 1.20806e-05 1 1.73587e-05 -0.000304396 -2.86744e-05 -1.73584e-05 1 -0.00190838
1 -5.89753e-05 2.7032e-05 -0.00782856 5.89753e-05 1 -1.53521e-06 0.00415781 -2.70319e-05 1.5368e-06 1 -0.000540675
1 -1.42354e-05 -8.66781e-06 -0.000636544 1.42354e-05 1 -4.18277e-06 0.0014488 8.66787e-06 4.18264e-06 1 1.52672e-05
1 -1.21192e-05 2.3047e-06 -0.000754269 1.21192e-05 1 7.08752e-06 0.00151219 -2.30478e-06 -7.08749e-06 1 -0.000665268
1 3.57939e-06 5.62219e-06 0.00173831 -3.57949e-06 1 1.66246e-05 -0.00104714 -5.62213e-06 -1.66246e-05 1 -0.000774632
1 -3.60634e-05 1.19075e-05 -0.00247677 3.60634e-05 1 3.714e-06 0.00182956 -1.19076e-05 -3.71357e-06 1 7.37636e-05
1 -4.86896e-05 1.14097e-05 -0.00536256 4.86897e-05 1 -9.4017e-06 0.0051353 -1.14093e-05 9.40226e-06 1 0.000173239
1 -1.24393e-05 1.51682e-05 -0.00335857 1.24392e-05 1 6.59046e-06 0.00136465 -1.51683e-05 -6.59027e-06 1 -0.000447791
1 9.87505e-06 4.94989e-06 0.00127219 -9.87512e-06 1 1.29577e-05 0.00102498 -4.94976e-06 -1.29577e-05 1 -0.00131771
1 -4.28194e-06 -5.79729e-07 -0.000949655 4.28195e-06 1 4.65122e-06 -0.00134467 5.79709e-07 -4.65122e-06 1 9.62725e-06
1 -2.48801e-05 1.36992e-05 -0.00323209 2.488e-05 1 8.11297e-06 -0.00114786 -1.36994e-05 -8.11262e-06 1 -4.33656e-06
1 -4.08239e-05 7.46843e-06 -0.00148811 4.08239e-05 1 9.60122e-07 0.00462604 -7.46847e-06 -9.59817e-07 1 -0.000715554
1 -3.43167e-05 1.03387e-05 -0.000734551 3.43165e-05 1 1.52452e-05 0.00238488 -1.03392e-05 -1.52448e-05 1 -0.00130132
1 -2.07509e-06 1.07967e-05 -0.000999744 2.0749e-06 1 1.84428e-05 -0.00262331 -1.07967e-05 -1.84428e-05 1 -0.000684441
1 -2.09908e-05 9.28151e-06 -0.0029999 2.09907e-05 1 6.37303e-06 -0.000107001 -9.28164e-06 -6.37283e-06 1 -0.000126023
1 -5.45272e-06 -6.5288e-06 -0.00283427 5.45273e-06 1 5.43798e-07 -0.00163421 6.5288e-06 -5.43834e-07 1 0.000965394
1 1.58946e-05 -1.33482e-05 0.00277576 -1.58946e-05 1 2.11815e-06 -0.000899363 1.33482e-05 -2.11794e-06 1 6.241e-05
1 -1.91708e-06 -1.00205e-05 -0.00214221 1.91695e-06 1 -1.33782e-05 0.000930358 1.00205e-05 1.33782e-05 1 0.000718076
1 -2.02431e-05 1.48224e-05 -0.00620731 2.02429e-05 1 1.14155e-05 -0.00149618 -1.48226e-05 -1.14152e-05 1 0.000423353
1 1.29173e-05 -1.08477e-05 0.00159348 -1.29174e-05 1 -6.05588e-06 -0.00112955 1.08476e-05 6.05602e-06 1 0.000668982
1 2.27322e-05 -3.58551e-05 0.00985418 -2.27333e-05 1 -3.10144e-05 0.00330773 3.58544e-05 3.10152e-05 1 0.00147597
1 5.5349e-05 -4.04876e-05 0.0224249 -5.53506e-05 1 -3.7808e-05 0.00556444 4.04855e-05 3.78103e-05 1 0.000695399
1 8.4185e-05 -7.66352e-05 0.0244475 -8.41896e-05 1 -6.06606e-05 0.00532364 7.66301e-05 6.06671e-05 1 0.00233269
1 3.84825e-05 -7.46963e-05 0.014184 -3.84875e-05 1 -6.68054e-05 0.00499459 7.46937e-05 6.68082e-05 1 0.00472616
1 -6.77617e-05 -1.78832e-05 -0.00315348 6.77612e-05 1 -2.36946e-05 0.00536551 1.78848e-05 2.36934e-05 1 0.0030041
1 -0.000113581 2.17144e-05 -0.0161751 0.000113581 1 -4.88535e-06 0.00505125 -2.17138e-05 4.88781e-06 1 0.000566506
1 -0.000148141 4.27047e-05 -0.0257875 0.000148142 1 -1.80409e-05 0.00447914 -4.2702e-05 1.80472e-05 1 0.000301458
1 -0.000184085 7.92076e-05 -0.0372562 0.000184084 1 9.66514e-06 0.00141555 -7.92094e-05 -9.65056e-06 1 0.000218317
1 -0.000288891 8.47378e-05 -0.048529 0.00028889 1 1.1078e-05 0.00886182 -8.4741e-05 -1.10535e-05 1 0.00137122
1 -0.000371691 5.60703e-05 -0.0600603 0.000371693 1 -3.55581e-05 0.0143988 -5.60571e-05 3.55789e-05 1 0.00645026
1 -0.000495806 0.000112219 -0.0788411 0.00049581 1 -3.58656e-05 0.0176606 -0.000112201 3.59213e-05 1 0.00687059
1 -0.000556975 0.000152872 -0.094921 0.000556977 1 -1.46745e-05 0.0146426 -0.000152864 1.47597e-05 1 0.00594953
1 -0.000764209 0.000184807 -0.130489 0.000764209 1 -5.51735e-07 0.0228555 -0.000184806 6.92966e-07 1 0.0078203
0.999999 -0.000996968 0.000370777 -0.180168 0.000996951 1 4.74367e-05 0.028391 -0.000370824 -4.70671e-05 1 0.00862014
0.999999 -0.00132056 0.00055388 -0.259403 0.00132048 0.999999 0.000156566 0.0323921 -0.000554086 -0.000155834 1 0.0046898
0.999998 -0.00164732 0.000637652 -0.330367 0.00164721 0.999999 0.000183072 0.0285479 -0.000637953 -0.000182021 1 0.00408851
0.999998 -0.00182071 0.000708323 -0.38476 0.00182058 0.999998 0.000187137 0.0291934 -0.000708663 -0.000185847 1 0.00549817
0.999997 -0.0021869 0.000804758 -0.439107 0.00218673 0.999998 0.000215023 0.0471226 -0.000805226 -0.000213262 1 0.0063833
0.999996 -0.00277011 0.000868188 -0.505788 0.00276989 0.999996 0.000254286 0.0587434 -0.000868889 -0.00025188 1 0.00986865
0.999993 -0.00361409 0.000961483 -0.579379 0.00361384 0.999993 0.000261374 0.0704391 -0.000962421 -0.000257898 1 0.00998292
0.999981 -0.00604368 0.00100295 -0.707364 0.00604366 0.999982 1.3733e-05 0.0233338 -0.00100301 -7.67123e-06 0.999999 0.0196197
0.99997 -0.00758536 0.00126508 -0.834621 0.00758527 0.999971 6.90506e-05 0.00736165 -0.00126557 -5.94526e-05 0.999999 0.022044
0.999964 -0.00840078 0.00147948 -0.94912 0.00840048 0.999965 0.000209108 0.0142881 -0.00148119 -0.000196672 0.999999 0.0229645
0.999949 -0.00994908 0.00147975 -1.09329 0.0099489 0.999951 0.000125729 -0.0138347 -0.00148093 -0.000111001 0.999999 0.0277553
0.999923 -0.0123364 0.00165292 -1.26165 0.0123363 0.999924 2.71254e-05 -0.0440876 -0.00165313 -6.73237e-06 0.999999 0.0294195
0.999896 -0.0142393 0.00211093 -1.42875 0.014239 0.999899 0.00019936 -0.0621651 -0.00211355 -0.000169282 0.999998 0.0291308
0.999867 -0.0161073 0.00238013 -1.55823 0.0161061 0.99987 0.000539803 -0.080894 -0.00238852 -0.000501397 0.999997 0.0306898
0.999756 -0.0219495 0.00260876 -1.69523 0.0219472 0.999759 0.000917237 -0.065343 -0.00262826 -0.000859758 0.999996 0.0324704
0.999657 -0.0260318 0.00281629 -1.88215 0.0260297 0.999661 0.000778238 -0.0641974 -0.0028356 -0.000704664 0.999996 0.0433263
0.999513 -0.0310259 0.00339115 -2.06339 0.0310231 0.999518 0.000858376 -0.0480072 -0.00341614 -0.000752754 0.999994 0.037227
0.999389 -0.0347688 0.00358951 -2.24369 0.0347661 0.999395 0.000807301 -0.0763888 -0.00361541 -0.000682014 0.999993 0.0479929
0.999288 -0.037532 0.00392352 -2.49257 0.0375282 0.999295 0.00103009 -0.113243 -0.00395942 -0.000882115 0.999992 0.0482524
0.999064 -0.0430177 0.00450851 -2.6918 0.0430115 0.999074 0.00146079 -0.110449 -0.00456718 -0.00126551 0.999989 0.0498366
0.998835 -0.0479932 0.00502532 -2.91852 0.0479854 0.998847 0.00166132 -0.135076 -0.00509926 -0.00141824 0.999986 0.0614843
0.99851 -0.0543032 0.00543844 -3.14436 0.0542952 0.998524 0.00160047 -0.152544 -0.00551732 -0.0013028 0.999984 0.069652
0.998226 -0.0592132 0.00621509 -3.39859 0.0592043 0.998245 0.00160576 -0.1878 -0.00629927 -0.00123495 0.999979 0.0722007
0.997836 -0.0653333 0.00737884 -3.65794 0.06532 0.997862 0.00203309 -0.212127 -0.0074959 -0.0015467 0.999971 0.0695183
0.997327 -0.0725974 0.00825697 -3.89175 0.0725769 0.997359 0.00276283 -0.21079 -0.00843574 -0.00215618 0.999962 0.0847319
0.996866 -0.0786221 0.00870564 -4.15594 0.0785969 0.996901 0.00320119 -0.26551 -0.00893034 -0.00250692 0.999957 0.101513
0.996219 -0.0863969 0.00914141 -4.45758 0.0863682 0.996257 0.00349336 -0.297577 -0.00940901 -0.00269062 0.999952 0.112431
0.995462 -0.0946707 0.00964985 -4.73785 0.094639 0.995505 0.00368371 -0.331981 -0.00995521 -0.00275374 0.999947 0.114614
0.994593 -0.10335 0.0102017 -5.02378 0.103318 0.994642 0.0036675 -0.367279 -0.0105261 -0.00259365 0.999941 0.117998
0.993602 -0.112437 0.0105989 -5.31616 0.112402 0.993656 0.00380719 -0.415258 -0.0109597 -0.00259149 0.999937 0.122183
0.99245 -0.122217 0.0103145 -5.61855 0.122184 0.9925 0.00377991 -0.465549 -0.0106991 -0.00249111 0.99994 0.140445
0.991119 -0.132571 0.0104186 -5.94474 0.132532 0.991169 0.00436878 -0.526865 -0.0109058 -0.00294918 0.999936 0.154374
0.989669 -0.142979 0.0105909 -6.26747 0.142938 0.989721 0.00457155 -0.587702 -0.0111357 -0.00301047 0.999933 0.165278
0.987994 -0.15409 0.0111403 -6.59288 0.154045 0.988052 0.00479467 -0.653051 -0.0117461 -0.00302099 0.999926 0.174361
0.986079 -0.165936 0.0106884 -6.91511 0.165898 0.986133 0.00433026 -0.724944 -0.0112587 -0.0024968 0.999934 0.193942
0.984091 -0.177357 0.0105009 -7.26236 0.177329 0.984145 0.00351594 -0.80449 -0.010958 -0.00159788 0.999939 0.203899
0.981957 -0.188816 0.0104446 -7.59782 0.188798 0.982012 0.00267812 -0.87756 -0.0107624 -0.000657877 0.999942 0.215727
0.979653 -0.200398 0.0109427 -7.94741 0.20039 0.979714 0.00190731 -0.968782 -0.0111029 0.000324289 0.999938 0.215577
0.977115 -0.212419 0.011143 -8.29122 0.212407 0.977179 0.00233878 -1.06875 -0.0113855 8.15994e-05 0.999935 0.225606
0.974412 -0.224484 0.0112927 -8.65737 0.224462 0.974478 0.00319341 -1.16823 -0.0117213 -0.00057692 0.999931 0.245422
0.971682 -0.236053 0.0106175 -9.0462 0.236032 0.97174 0.00318321 -1.28204 -0.0110689 -0.000586988 0.999939 0.25106
0.968782 -0.24772 0.00979458 -9.39871 0.24771 0.968832 0.00216526 -1.39152 -0.0100257 0.000328551 0.99995 0.258166
0.965936 -0.258611 0.00934124 -9.77367 0.258626 0.965977 -0.000487158 -1.51486 -0.00889744 0.00288645 0.999956 0.296906
0.962962 -0.269458 0.0097771 -10.1426 0.26949 0.963001 -0.00200737 -1.61633 -0.00887446 0.00456785 0.99995 0.304775
0.959855 -0.280303 0.0103926 -10.5143 0.280337 0.9599 -0.00192015 -1.75524 -0.00943763 0.00475649 0.999944 0.315451
0.956885 -0.290283 0.0103451 -10.8987 0.290314 0.95693 -0.00151997 -1.8883 -0.00945833 0.00445776 0.999945 0.318949
0.954325 -0.298649 0.00857829 -11.3033 0.298673 0.954354 -0.00162602 -2.01404 -0.00770112 0.00411385 0.999962 0.33233
0.951862 -0.306422 0.00802811 -11.7048 0.306445 0.951887 -0.0017608 -2.13825 -0.00710231 0.00413621 0.999966 0.341254
0.949673 -0.313146 0.00781885 -12.0885 0.31317 0.949695 -0.00192747 -2.26897 -0.00682195 0.00427909 0.999968 0.347131
0.947976 -0.318262 0.00712023 -12.5147 0.318283 0.947994 -0.00204984 -2.42433 -0.00609755 0.00420945 0.999973 0.354848
0.94646 -0.322756 0.00644129 -12.9371 0.322776 0.946472 -0.00233293 -2.57717 -0.00534354 0.00428712 0.999977 0.376566
0.945242 -0.326305 0.00647276 -13.3544 0.326327 0.945253 -0.00264508 -2.71595 -0.0052553 0.00461248 0.999976 0.392553
0.944322 -0.328966 0.00601862 -13.7585 0.328986 0.944331 -0.00259753 -2.85382 -0.00482907 0.00443294 0.999979 0.395125
0.943659 -0.330876 0.00539011 -14.1923 0.330891 0.943666 -0.00216587 -3.00745 -0.00436983 0.00382739 0.999983 0.405299
0.943548 -0.3312 0.00482399 -14.6554 0.33121 0.943556 -0.00133986 -3.16034 -0.00410794 0.00286197 0.999987 0.413867
0.943484 -0.331415 0.00117574 -15.09 0.331411 0.943483 0.00249781 -3.31898 -0.00193711 -0.00196699 0.999996 0.441124
0.943423 -0.331593 -0.000350919 -15.5257 0.331592 0.943416 0.00375926 -3.4807 -0.00091548 -0.00366293 0.999993 0.481342
0.943364 -0.33176 0.000541918 -15.9656 0.331756 0.943358 0.00374219 -3.64884 -0.00175273 -0.00335047 0.999993 0.49547
0.94352 -0.331309 0.00228772 -16.4309 0.331301 0.94352 0.00313625 -3.79984 -0.00319758 -0.00220119 0.999992 0.496156
0.943785 -0.33054 0.00356816 -16.908 0.330529 0.943789 0.00351657 -3.96682 -0.00452996 -0.0021395 0.999987 0.512129
0.943822 -0.330418 0.00490856 -17.3968 0.330396 0.943831 0.00463373 -4.14602 -0.00616392 -0.00275164 0.999977 0.525507
0.943723 -0.330688 0.00567109 -17.876 0.330657 0.943733 0.00580801 -4.30668 -0.00727264 -0.00360597 0.999967 0.528233
0.94383 -0.330378 0.00587417 -18.3585 0.330338 0.943838 0.00691345 -4.45009 -0.00782832 -0.00458467 0.999959 0.528968
0.944183 -0.329389 0.0045552 -18.8628 0.329363 0.944186 0.00571054 -4.63598 -0.00618195 -0.00389148 0.999973 0.56973
0.944443 -0.328657 0.00350658 -19.3653 0.328645 0.944446 0.0036854 -4.81172 -0.00452301 -0.00232823 0.999987 0.597479
0.94454 -0.328374 0.00388884 -19.8337 0.328365 0.944546 0.00296716 -4.98399 -0.00464753 -0.00152564 0.999988 0.610448
0.944643 -0.32805 0.00572428 -20.3572 0.328035 0.94466 0.00341369 -5.1548 -0.00652735 -0.00134696 0.999978 0.610059
0.944805 -0.327561 0.00679327 -20.8807 0.327534 0.944827 0.0048295 -5.32845 -0.00800043 -0.00233791 0.999965 0.614635
0.944678 -0.327911 0.00758759 -21.3946 0.327874 0.944704 0.00574316 -5.51008 -0.00905127 -0.00293767 0.999955 0.639791
0.944262 -0.32909 0.00829671 -21.9156 0.329044 0.944293 0.00644784 -5.67095 -0.00995644 -0.00335847 0.999945 0.65523
0.943795 -0.33042 0.00854083 -22.4318 0.330378 0.94383 0.00596545 -5.86495 -0.0100322 -0.00280846 0.999946 0.673316
0.943009 -0.332665 0.00828331 -22.9698 0.332637 0.943044 0.0046281 -6.0653 -0.00935113 -0.00160901 0.999955 0.690672
0.942197 -0.334976 0.00743662 -23.5112 0.334959 0.942226 0.00344071 -6.27878 -0.00815953 -0.000750863 0.999966 0.691225
0.941281 -0.337561 0.0064539 -24.0364 0.337548 0.941303 0.00313696 -6.45988 -0.00713399 -0.000774262 0.999974 0.719745
0.940444 -0.3399 0.00571553 -24.5684 0.339893 0.940462 0.00227012 -6.64344 -0.00614685 -0.000192255 0.999981 0.746872
0.939733 -0.341883 0.00430523 -25.1019 0.341878 0.939743 0.00173575 -6.84473 -0.00463923 -0.00015928 0.999989 0.761295
0.938935 -0.344086 0.00253356 -25.664 0.344084 0.938938 0.00122861 -7.06372 -0.0028016 -0.000281832 0.999996 0.783403
0.937937 -0.346806 -7.48014e-05 -26.229 0.346803 0.937928 0.00427499 -7.26795 -0.00141243 -0.00403561 0.999991 0.761476
0.936675 -0.35017 -0.00448046 -26.7809 0.350193 0.936657 0.00621652 -7.46829 0.00201981 -0.00739189 0.999971 0.833969
0.935323 -0.353766 -0.00450888 -27.3346 0.353757 0.935333 -0.00273847 -7.69111 0.00518608 0.000966305 0.999986 0.894038
0.933894 -0.35755 -0.000615089 -27.8981 0.357537 0.933871 -0.00726091 -7.91409 0.00317055 0.006561 0.999973 0.815248
0.932185 -0.361973 0.00269653 -28.464 0.361983 0.932169 -0.0054074 -8.12597 -0.000556295 0.00601679 0.999982 0.802616
0.93003 -0.367456 0.00450944 -29.0569 0.367437 0.930037 0.00457998 -8.36676 -0.00587688 -0.00260259 0.999979 0.812784
0.928059 -0.372417 0.00335393 -29.6345 0.372383 0.928045 0.00800697 -8.59555 -0.00609453 -0.006182 0.999962 0.908959
0.926695 -0.375787 0.00450891 -30.2113 0.375778 0.926706 0.00274886 -8.84465 -0.00521142 -0.000853001 0.999986 0.946664
0.924323 -0.381585 0.00455942 -30.8019 0.381601 0.924321 -0.00339971 -9.10532 -0.00291709 0.0048823 0.999984 0.914232
0.921458 -0.388461 0.0035519 -31.3993 0.388474 0.921449 -0.00436627 -9.3632 -0.00157677 0.00540316 0.999984 0.888399
0.918322 -0.395827 0.00227431 -31.999 0.395831 0.918321 -0.00191221 -9.61593 -0.00133165 0.00265626 0.999996 0.924084
0.915025 -0.403386 0.00300283 -32.5908 0.403387 0.915029 0.000384357 -9.88509 -0.00290273 0.000859607 0.999995 0.967061
0.91145 -0.411384 0.00461021 -33.1923 0.411388 0.91146 0.000226611 -10.1737 -0.00429525 0.00169004 0.999989 1.00647
0.907589 -0.41981 0.00647456 -33.7972 0.419828 0.907602 -0.00164696 -10.4745 -0.00518491 0.00421296 0.999978 1.01389
0.903623 -0.428259 0.00775167 -34.4076 0.428294 0.903633 -0.00346843 -10.7784 -0.00551928 0.00645414 0.999964 1.01968
0.899268 -0.437321 0.00825624 -35.0292 0.437359 0.89928 -0.0035917 -11.0908 -0.00585395 0.00684084 0.999959 1.03768
0.894306 -0.447382 0.00814068 -35.6305 0.447414 0.894323 -0.00256848 -11.4123 -0.00613132 0.00593926 0.999964 1.05517
0.888543 -0.45872 0.00824578 -36.2323 0.458745 0.888567 -0.00139399 -11.7271 -0.00668748 0.00502133 0.999965 1.07661
0.88256 -0.470141 0.00744215 -36.8366 0.470163 0.882578 -0.00158168 -12.0392 -0.00582466 0.00489495 0.999971 1.1043
0.876728 -0.480948 0.00606895 -37.4678 0.480971 0.876732 -0.00297086 -12.3944 -0.00389201 0.00552362 0.999977 1.12296
0.871086 -0.491106 0.00483357 -38.0877 0.491126 0.871075 -0.00478763 -12.772 -0.00185917 0.00654433 0.999977 1.13296
0.865367 -0.501123 0.00401231 -38.7094 0.501137 0.865358 -0.00412272 -13.1503 -0.0014061 0.00557838 0.999983 1.13261
0.859271 -0.511516 0.00204874 -39.3318 0.51152 0.859265 -0.00342643 -13.5226 -7.73383e-06 0.00399221 0.999992 1.15757
0.852609 -0.522548 0.0013712 -39.9386 0.522549 0.8526 -0.00387823 -13.9113 0.000857475 0.00402313 0.999992 1.19228
0.845938 -0.533275 0.0023546 -40.5492 0.53328 0.845924 -0.00489998 -14.307 0.000621229 0.00540074 0.999985 1.19806
0.839362 -0.543567 0.00273694 -41.1746 0.543573 0.839353 -0.00387509 -14.7201 -0.000190886 0.00474033 0.999989 1.19119
0.832595 -0.553882 0.000974507 -41.8058 0.553882 0.832591 -0.00255108 -15.1476 0.000601633 0.00266378 0.999996 1.22027
0.825965 -0.563721 -0.000192938 -42.4065 0.56372 0.825965 -0.00116548 -15.5896 0.000816365 0.000853881 0.999999 1.25349
0.819118 -0.573624 0.000769033 -43.0325 0.573624 0.819118 -0.00124761 -16.039 8.57291e-05 0.00146307 0.999999 1.2726
0.812231 -0.583335 0.00101536 -43.6482 0.583336 0.812229 -0.00186426 -16.4849 0.00026278 0.00210651 0.999998 1.27415
0.805526 -0.592561 5.56122e-05 -44.2356 0.592559 0.805524 -0.00202841 -16.9539 0.00115716 0.00166689 0.999998 1.28853
0.799484 -0.600686 -0.00138938 -44.8602 0.600683 0.799484 -0.00232788 -17.4327 0.00250911 0.00102653 0.999996 1.31561
0.794714 -0.606984 0.000400421 -45.4971 0.606983 0.794711 -0.00234508 -17.9099 0.00110521 0.00210672 0.999997 1.3325
0.790926 -0.611899 0.00397089 -46.1039 0.611906 0.79093 -0.000723167 -18.3891 -0.00269819 0.00300179 0.999992 1.33949
0.787289 -0.616535 0.00780923 -46.7341 0.616541 0.78732 0.00178531 -18.8786 -0.00724907 0.00340916 0.999968 1.35712
0.783398 -0.621447 0.00958606 -47.3413 0.621437 0.783452 0.00429358 -19.3641 -0.0101784 0.00259355 0.999945 1.40092
0.779767 -0.626006 0.00896439 -47.9352 0.625988 0.779816 0.00506808 -19.8388 -0.0101632 0.00165968 0.999947 1.43424
0.77637 -0.630237 0.00717787 -48.5678 0.630226 0.776402 0.00399789 -20.3588 -0.00809252 0.00141984 0.999966 1.45084
0.772765 -0.634667 0.00566377 -49.1804 0.634676 0.772778 0.000193997 -20.8734 -0.00449996 0.00344475 0.999984 1.47858
0.769404 -0.638741 0.00521566 -49.7959 0.638758 0.769402 -0.00282258 -21.3866 -0.00221004 0.00550325 0.999982 1.50934
0.766644 -0.642049 0.0054066 -50.3987 0.642067 0.766643 -0.00266939 -21.92 -0.00243105 0.00551787 0.999982 1.51254
0.763746 -0.645476 0.00733348 -51.0131 0.645504 0.763754 -0.00218423 -22.4394 -0.00419111 0.00640198 0.999971 1.54093
0.761247 -0.648403 0.00878543 -51.6338 0.648438 0.761265 -0.00171229 -22.957 -0.00557778 0.00700029 0.99996 1.56259
0.75916 -0.650831 0.00977114 -52.249 0.650876 0.759182 -0.00199145 -23.4861 -0.00612197 0.00787163 0.99995 1.58538
0.757238 -0.653061 0.0100525 -52.8481 0.65312 0.757244 -0.00404905 -24.038 -0.00496792 0.00963158 0.999941 1.6079
0.755182 -0.655451 0.00922439 -53.4802 0.655509 0.755164 -0.00601691 -24.5824 -0.00302214 0.0105905 0.999939 1.62198
0.754042 -0.656786 0.00720037 -54.1124 0.656826 0.753988 -0.00903875 -25.1127 0.000507534 0.011545 0.999933 1.65467
0.753689 -0.657208 0.00544442 -54.7232 0.657225 0.753624 -0.0102629 -25.6564 0.00264184 0.0113133 0.999933 1.66939
0.753719 -0.657175 0.00537076 -55.342 0.65719 0.75365 -0.0106094 -26.2016 0.00292454 0.0115261 0.999929 1.69111
0.754357 -0.656431 0.00660453 -55.9715 0.656463 0.754297 -0.00958628 -26.7313 0.00131096 0.0115671 0.999932 1.70849
0.75515 -0.655512 0.0072683 -56.5858 0.655553 0.755108 -0.00794714 -27.28 -0.0002789 0.010766 0.999942 1.71531
0.755984 -0.654557 0.00658357 -57.2066 0.65459 0.755939 -0.00826259 -27.8234 0.000431551 0.0105559 0.999944 1.74649
0.756404 -0.654086 0.00501542 -57.8408 0.654101 0.75635 -0.00937223 -28.3647 0.00233683 0.0103698 0.999944 1.77244
0.757351 -0.652996 0.00403638 -58.4617 0.652988 0.757263 -0.0125956 -28.9001 0.00516827 0.012175 0.999913 1.78647
0.758261 -0.651946 0.00264006 -59.085 0.651901 0.758145 -0.0155555 -29.4303 0.00813978 0.0135162 0.999876 1.79683
0.759055 -0.651026 0.00081607 -59.7121 0.650964 0.758965 -0.0147739 -29.9575 0.00899885 0.0117455 0.999891 1.80979
0.760474 -0.649368 -0.000214343 -60.3295 0.649297 0.760396 -0.0145242 -30.4921 0.00959453 0.0109061 0.999894 1.84303
0.761624 -0.648019 0.000499781 -60.9452 0.647962 0.761547 -0.0138699 -31.0069 0.00860737 0.0108875 0.999904 1.84542
0.762984 -0.646416 0.00169319 -61.5751 0.646373 0.762897 -0.0137684 -31.5449 0.00760838 0.0115995 0.999904 1.86794
0.764096 -0.645094 0.003351 -62.1772 0.645076 0.764008 -0.0129845 -32.0391 0.00581604 0.0120831 0.99991 1.88257
0.766477 -0.642264 0.00318623 -62.793 0.642247 0.766396 -0.0125027 -32.5421 0.00558814 0.0116294 0.999917 1.9078
0.768969 -0.639282 0.00240006 -63.411 0.639261 0.768898 -0.0118883 -33.0552 0.00575458 0.010676 0.999926 1.91664
0.771413 -0.63633 0.00238663 -64.041 0.636309 0.771344 -0.0117825 -33.5642 0.00565666 0.0106078 0.999928 1.93615
0.774044 -0.633123 0.00338397 -64.6811 0.633115 0.773973 -0.0114345 -34.0868 0.00462036 0.0109933 0.999929 1.9539
0.776823 -0.629706 0.00405725 -65.3118 0.629707 0.776754 -0.0110658 -34.591 0.00381673 0.0111511 0.999931 1.97727
0.779769 -0.626055 0.00400562 -65.9381 0.626053 0.779692 -0.011709 -35.0826 0.00420733 0.0116381 0.999923 1.99893
0.78336 -0.621555 0.00410519 -66.5758 0.621551 0.783271 -0.0126798 -35.5933 0.0046657 0.0124844 0.999911 2.02004
0.786749 -0.617253 0.0049687 -67.2239 0.617254 0.786639 -0.0139979 -36.0769 0.0047317 0.0140798 0.99989 2.02447
0.789984 -0.613104 0.00539418 -67.8453 0.613114 0.789878 -0.0135332 -36.5685 0.0040365 0.0139983 0.999894 2.03447
0.793494 -0.608555 0.005197 -68.4874 0.608564 0.79339 -0.0135217 -37.0634 0.00410545 0.0138921 0.999895 2.04248
0.796845 -0.604169 0.00421849 -69.1256 0.604166 0.796749 -0.0132065 -37.5421 0.00461789 0.0130722 0.999904 2.06421
0.800758 -0.598972 0.00432738 -69.806 0.598966 0.800648 -0.0142112 -38.0264 0.0050474 0.0139717 0.99989 2.07619
0.804545 -0.593881 0.00348342 -70.4606 0.593863 0.804434 -0.014559 -38.5132 0.00584412 0.013782 0.999888 2.10123
0.807663 -0.589632 0.00374286 -71.0888 0.589618 0.807552 -0.0145268 -38.9813 0.00554294 0.0139396 0.999887 2.12448
0.811276 -0.58465 0.00395148 -71.7413 0.584642 0.811168 -0.0141606 -39.4393 0.00507368 0.0137983 0.999892 2.13636
0.815411 -0.57887 0.00386173 -72.4288 0.578862 0.815307 -0.0139307 -39.9375 0.00491556 0.0135946 0.999896 2.14273
0.819325 -0.573317 0.00381563 -73.1141 0.573308 0.81922 -0.0139758 -40.4031 0.00488669 0.0136382 0.999895 2.15585
0.822902 -0.568172 0.00373756 -73.7836 0.568164 0.822799 -0.0138304 -40.8388 0.0047828 0.0135046 0.999897 2.17508
0.826882 -0.562356 0.00475669 -74.4467 0.562364 0.826782 -0.0133586 -41.2886 0.00357956 0.013721 0.999899 2.20112
0.831666 -0.555253 0.00508642 -75.137 0.55527 0.831579 -0.0123133 -41.7397 0.00260726 0.0130649 0.999911 2.22113
0.836408 -0.54808 0.00544997 -75.8253 0.548105 0.836332 -0.0114273 -42.1871 0.00170507 0.012545 0.99992 2.23838
0.840855 -0.541238 0.00485717 -76.5257 0.541257 0.840789 -0.0107237 -42.6173 0.00172024 0.0116461 0.999931 2.25935
0.844735 -0.535169 0.00404101 -77.2241 0.535181 0.844676 -0.0101971 -43.0242 0.00204386 0.0107766 0.99994 2.27842
0.849347 -0.527822 0.00374908 -77.9137 0.52783 0.849289 -0.0102056 -43.4666 0.00220268 0.010647 0.999941 2.30405
0.853893 -0.520438 0.00345042 -78.6045 0.520444 0.853837 -0.0100165 -43.8751 0.00226686 0.0103487 0.999944 2.31109
0.858442 -0.512899 0.00352644 -79.3156 0.512907 0.858388 -0.00987815 -44.2793 0.00203943 0.0102886 0.999945 2.31569
0.863001 -0.50519 0.00354258 -80.0285 0.505198 0.862944 -0.0101597 -44.6732 0.00207554 0.0105575 0.999942 2.34301
0.868293 -0.496037 0.0037297 -80.7326 0.496049 0.868241 -0.00966429 -45.0956 0.00155557 0.0102415 0.999946 2.36027
0.87288 -0.487915 0.00442973 -81.4645 0.487935 0.872839 -0.00845471 -45.483 0.00025874 0.00954137 0.999954 2.37974
0.8776 -0.479309 0.00902829 -82.2089 0.47934 0.877628 -0.0016239 -45.8653 -0.00714513 0.00575276 0.999958 2.39819
0.882024 -0.47106 0.0116307 -82.918 0.471093 0.882083 -0.000128653 -46.2346 -0.0101986 0.00559262 0.999932 2.44492
0.886119 -0.463293 0.0123459 -83.6505 0.463342 0.886179 -0.0013322 -46.6037 -0.0103235 0.00690087 0.999923 2.46298
0.890677 -0.454492 0.0114558 -84.4037 0.454544 0.890721 -0.00232429 -46.9693 -0.00914755 0.00727736 0.999932 2.4795
0.8951 -0.445736 0.0107314 -85.1348 0.445781 0.895139 -0.00214332 -47.3362 -0.00865071 0.00670233 0.99994 2.52052
0.899421 -0.436931 0.0115876 -85.8772 0.436976 0.899472 -0.00163012 -47.6896 -0.00971048 0.00652968 0.999932 2.54506
0.903624 -0.428119 0.0133691 -86.6376 0.428172 0.903696 -0.00126534 -48.0348 -0.0115399 0.00686766 0.99991 2.59455
0.907645 -0.41944 0.0158303 -87.4034 0.419519 0.907744 -0.00192982 -48.376 -0.0135605 0.00839273 0.999873 2.64245
0.911404 -0.411171 0.0167839 -88.164 0.411253 0.91152 -0.00162765 -48.6964 -0.0146296 0.00838589 0.999858 2.67334
0.91505 -0.403022 0.0160624 -88.9151 0.403093 0.915158 -0.00137258 -49.0207 -0.0141465 0.00773062 0.99987 2.69674
0.918965 -0.394051 0.01507 -89.6551 0.394126 0.919054 -0.00226073 -49.3281 -0.0129593 0.00801702 0.999884 2.74126
0.92297 -0.384547 0.0157767 -90.4269 0.38463 0.923068 -0.00242939 -49.6449 -0.0136287 0.00831044 0.999873 2.76945
0.926783 -0.375177 0.0177725 -91.2365 0.375274 0.926911 -0.00238002 -49.9714 -0.0155806 0.00887534 0.999839 2.80957
0.930247 -0.36644 0.0190185 -91.9922 0.36654 0.9304 -0.00199318 -50.265 -0.0169644 0.00882519 0.999817 2.82863
0.93378 -0.35739 0.0180923 -92.7782 0.357482 0.933918 -0.00204044 -50.5463 -0.0161675 0.008373 0.999834 2.87272
0.937297 -0.348086 0.0176156 -93.562 0.348178 0.937425 -0.00237215 -50.839 -0.0156876 0.00835678 0.999842 2.91083
0.940792 -0.338511 0.0178911 -94.3466 0.338609 0.940923 -0.00271532 -51.1038 -0.015915 0.00861267 0.999836 2.95283
0.94377 -0.330085 0.0185042 -95.1331 0.330197 0.943907 -0.00323488 -51.3717 -0.0163985 0.009163 0.999824 2.98523
0.946625 -0.321808 0.0184414 -95.9276 0.321921 0.94676 -0.00347241 -51.6311 -0.0163421 0.00922375 0.999824 3.01626
0.949206 -0.314184 0.0172482 -96.756 0.314283 0.949324 -0.00330452 -51.8994 -0.0153359 0.00855748 0.999846 3.0293
0.951764 -0.306361 0.0169884 -97.5489 0.306461 0.951877 -0.00354366 -52.1532 -0.0150853 0.00857901 0.999849 3.06305
0.954113 -0.298893 0.0182146 -98.3535 0.299006 0.954244 -0.00374518 -52.3861 -0.0162618 0.00901961 0.999827 3.10005
0.956292 -0.291765 0.019444 -99.1587 0.291886 0.956446 -0.0035978 -52.6136 -0.0175474 0.00911596 0.999804 3.13748
0.958404 -0.28474 0.0196377 -99.9673 0.284855 0.958565 -0.00331703 -52.8575 -0.0178795 0.00877297 0.999802 3.17052
0.960443 -0.277907 0.0178161 -100.78 0.277998 0.960577 -0.00282006 -53.0881 -0.01633 0.00766134 0.999837 3.19088
0.962205 -0.271871 0.0157537 -101.604 0.271939 0.962312 -0.00234424 -53.2982 -0.0145226 0.00653969 0.999873 3.20054
0.964018 -0.265576 0.011793 -102.438 0.265606 0.964081 -0.00102634 -53.5129 -0.0110969 0.00412171 0.99993 3.25505
0.965994 -0.258358 0.0102804 -103.236 0.258368 0.966046 0.0003869 -53.7403 -0.0100313 0.0022824 0.999947 3.31328
0.967781 -0.251528 0.0115735 -104.057 0.251554 0.967843 -0.00084087 -53.9393 -0.0109898 0.00372513 0.999933 3.3406
0.969671 -0.24401 0.0140607 -104.902 0.244043 0.969764 -0.000702109 -54.1367 -0.0134642 0.00411223 0.999901 3.34931
0.971107 -0.238166 0.0151107 -105.728 0.238156 0.971224 0.00251387 -54.3438 -0.0152745 0.00115745 0.999883 3.38235
0.972888 -0.230893 0.0133371 -106.551 0.230861 0.972979 0.00388453 -54.5345 -0.0138736 -0.000700201 0.999904 3.43612
0.974582 -0.223994 0.00416482 -107.391 0.223992 0.974591 0.000864091 -54.7164 -0.00425254 9.07594e-05 0.999991 3.4928
0.976168 -0.216997 -0.00306861 -108.26 0.216984 0.976167 -0.00400555 -54.8979 0.00386467 0.00324425 0.999987 3.47459
0.977717 -0.20992 -0.00203293 -109.08 0.20991 0.977711 -0.00429024 -55.0671 0.00288822 0.00376791 0.999989 3.48999
0.979421 -0.201726 0.00642984 -109.928 0.201743 0.979436 -0.00212449 -55.2345 -0.00586905 0.00337794 0.999977 3.53876
0.980925 -0.193776 0.0154115 -110.768 0.193777 0.981045 0.00140922 -55.3892 -0.0153925 0.00160406 0.99988 3.56306
0.982235 -0.186919 0.0166029 -111.608 0.186909 0.982375 0.00212202 -55.5387 -0.0167069 0.00101892 0.99986 3.60258
0.983729 -0.179172 0.0132422 -112.469 0.17918 0.983816 0.000550394 -55.6795 -0.0131265 0.0018313 0.999912 3.633
0.985206 -0.171054 0.0104739 -113.336 0.171058 0.985261 0.00054174 -55.829 -0.0104122 0.00125791 0.999945 3.64704
0.98658 -0.163017 0.00919661 -114.171 0.163023 0.986622 7.47411e-05 -55.9617 -0.00908577 0.00142553 0.999958 3.67737
0.987759 -0.155698 0.00953095 -115.02 0.155705 0.987804 -7.00382e-05 -56.0921 -0.0094038 0.0015532 0.999955 3.71157
0.988974 -0.147669 0.0111421 -115.909 0.147669 0.989037 0.000852531 -56.2084 -0.0111459 0.000802212 0.999938 3.73391
0.990175 -0.1393 0.0122099 -116.776 0.13929 0.99025 0.0016241 -56.33 -0.0123171 9.25816e-05 0.999924 3.75587
0.991201 -0.13183 0.0118715 -117.633 0.131813 0.991272 0.00222 -56.435 -0.0120606 -0.000635646 0.999927 3.78061
0.992139 -0.124566 0.0119583 -118.499 0.124522 0.992207 0.00438368 -56.5196 -0.0124112 -0.00286015 0.999919 3.82814
0.993074 -0.116916 0.0115714 -119.345 0.11684 0.993126 0.00704608 -56.6085 -0.0123157 -0.00564528 0.999908 3.87299
0.993975 -0.109058 0.0109847 -120.221 0.108964 0.994007 0.00879479 -56.6937 -0.011878 -0.00754486 0.999901 3.91203
0.994798 -0.101272 0.0110213 -121.12 0.101169 0.994824 0.00953635 -56.7779 -0.01193 -0.00837172 0.999894 3.93763
0.995607 -0.0929828 0.0109774 -121.998 0.0928845 0.995635 0.00914383 -56.85 -0.0117797 -0.00808403 0.999898 3.96054
0.996302 -0.0852062 0.0110552 -122.862 0.0851066 0.996329 0.00919107 -56.9192 -0.0117978 -0.00821621 0.999897 3.97754
0.996906 -0.0777554 0.0115359 -123.742 0.0776476 0.996935 0.00951772 -56.9837 -0.0122406 -0.00859254 0.999888 4.00793
0.99747 -0.0701042 0.0117878 -124.62 0.0699875 0.997497 0.01004 -57.0323 -0.0124621 -0.00918955 0.99988 4.05622
0.998008 -0.0620828 0.0111873 -125.494 0.0619778 0.998032 0.00949787 -57.0809 -0.0117549 -0.00878559 0.999892 4.10754
0.998473 -0.0542605 0.0103531 -126.389 0.0541754 0.998497 0.00832439 -57.122 -0.0107892 -0.0077508 0.999912 4.13289
0.998875 -0.0465005 0.00932482 -127.27 0.046432 0.998894 0.00743999 -57.1536 -0.00966047 -0.00699865 0.999929 4.16115
0.999221 -0.0385249 0.00860777 -128.166 0.038471 0.99924 0.00634135 -57.1863 -0.00884552 -0.00600526 0.999943 4.19299
0.999511 -0.0300782 0.00857733 -129.058 0.0300323 0.999534 0.00543135 -57.2033 -0.0087367 -0.0051711 0.999948 4.22496
0.999716 -0.0221259 0.00890585 -129.948 0.022083 0.999744 0.00488768 -57.2094 -0.00901171 -0.00468962 0.999948 4.2395
0.999863 -0.0144565 0.00808446 -130.826 0.0144211 0.999886 0.00442215 -57.2273 -0.00814747 -0.00430496 0.999958 4.2784
0.999948 -0.00757675 0.00679673 -131.729 0.00754697 0.999962 0.00439635 -57.2394 -0.00682978 -0.00434483 0.999967 4.31168
0.999985 -0.000805332 0.00547682 -132.635 0.000785261 0.999993 0.00366578 -57.2113 -0.00547974 -0.00366143 0.999978 4.336
0.999968 0.00592065 0.00536011 -133.535 -0.00593688 0.999978 0.00301762 -57.2056 -0.00534213 -0.00304935 0.999981 4.36666
0.999894 0.0129141 0.0067535 -134.457 -0.0129299 0.999914 0.00230589 -57.1881 -0.00672314 -0.00239296 0.999975 4.39024
0.999762 0.0202392 0.00808493 -135.342 -0.0202616 0.999791 0.00269926 -57.1626 -0.00802861 -0.00286243 0.999964 4.40886
0.999588 0.0274471 0.00843738 -136.258 -0.0274779 0.999616 0.00354602 -57.1407 -0.00833682 -0.00377639 0.999958 4.45397
0.999402 0.0335038 0.00856892 -137.154 -0.0335331 0.999432 0.00329428 -57.0951 -0.00845369 -0.00357965 0.999958 4.4897
0.99918 0.0394672 0.00902281 -138.048 -0.0394902 0.999217 0.0023786 -57.0525 -0.00892187 -0.00273296 0.999956 4.50592
0.998911 0.0457145 0.00929959 -138.941 -0.04574 0.99895 0.00254926 -57.0006 -0.00917329 -0.00297185 0.999954 4.51068
0.998563 0.0528629 0.00875899 -139.897 -0.0528902 0.998596 0.00291469 -56.938 -0.00859262 -0.00337377 0.999957 4.54425
0.998145 0.0600119 0.0102895 -140.823 -0.0600537 0.998188 0.00380266 -56.8814 -0.0100426 -0.00441352 0.99994 4.59602
0.997751 0.0662893 0.00989872 -141.748 -0.066336 0.997787 0.00446787 -56.803 -0.00958064 -0.00511446 0.999941 4.6304
0.997294 0.0731766 0.0070708 -142.673 -0.0732096 0.997306 0.00452655 -56.7286 -0.00672051 -0.00503195 0.999965 4.63625
0.996752 0.0805339 0.000114063 -143.585 -0.0805332 0.996735 0.00574241 -56.6665 0.000348768 -0.00573294 0.999984 4.65748
0.996101 0.08822 0.000508942 -144.494 -0.0882214 0.996084 0.00579934 -56.563 4.66842e-06 -0.00582163 0.999983 4.69773
0.995346 0.0961169 0.00685449 -145.424 -0.0961527 0.995354 0.00508511 -56.4662 -0.00633388 -0.00572052 0.999964 4.71635
