1 0 0 0 0 1 0 0 0 0 1 0
1 -8.17919e-06 -3.0944e-05 0.00337863 8.17839e-06 1 -2.5868e-05 -0.00350213 3.09442e-05 2.58678e-05 1 -0.000121157
1 -1.10323e-05 2.73033e-05 0.004059 1.1032e-05 1 9.07748e-06 9.57868e-05 -2.73034e-05 -9.07718e-06 1 -0.00175107
1 2.83726e-05 2.04205e-07 0.00417192 -2.83726e-05 1 4.80231e-06 -0.00410829 -2.04069e-07 -4.80232e-06 1 0.00147822
1 7.72199e-05 -2.19278e-05 0.00242238 -7.72204e-05 1 -2.37905e-05 -0.00443765 2.1926e-05 2.37922e-05 1 0.00316095
1 -2.93881e-05 4.25026e-05 0.00429176 2.93877e-05 1 9.75028e-06 0.0019272 -4.25028e-05 -9.74904e-06 1 -0.00107822
1 5.30542e-06 -8.04237e-06 0.00167859 -5.30551e-06 1 -1.09157e-05 -0.0030824 8.04231e-06 1.09157e-05 1 0.00175483
1 1.5409e-05 -3.50327e-05 0.00121472 -1.54091e-05 1 -1.4953e-06 -0.00281978 3.50327e-05 1.49584e-06 1 0.00117482
1 2.49749e-05 -3.30515e-05 0.000458221 -2.49748e-05 1 5.86105e-06 -0.000398078 3.30516e-05 -5.86023e-06 1 -0.00012701
1 -1.53092e-05 3.87892e-05 0.000723266 1.53089e-05 1 6.57453e-06 0.00335857 -3.87893e-05 -6.57393e-06 1 -0.000706948
1 4.97527e-06 6.218e-05 0.00177601 -4.97641e-06 1 1.83477e-05 -0.00248011 -6.21799e-05 -1.8348e-05 1 -0.000399295
1 7.53456e-05 5.4869e-06 -0.00259631 -7.53456e-05 1 9.11127e-06 -0.00356777 -5.48621e-06 -9.11168e-06 1 0.000188418
1 3.12485e-05 -2.2899e-05 0.000860306 -3.12488e-05 1 -1.11755e-05 -0.00186863 2.28987e-05 1.11762e-05 1 -0.000281215
1 -4.16363e-05 2.79483e-05 0.00365813 4.16356e-05 1 2.63943e-05 -6.63206e-05 -2.79494e-05 -2.63931e-05 1 -0.00282204
1 -1.89497e-05 1.98521e-05 0.00445667 1.89489e-05 1 3.58194e-05 0.000267232 -1.98528e-05 -3.5819e-05 1 -0.00167691
1 -3.34406e-05 9.08622e-06 0.00324421 3.34406e-05 1 6.49247e-06 0.00122247 -9.08644e-06 -6.49217e-06 1 0.000846992
1 3.04304e-05 -3.60486e-05 -9.76357e-06 -3.04302e-05 1 4.83848e-06 0.000160021 3.60487e-05 -4.83738e-06 1 0.00253911
1 6.83012e-05 2.04332e-05 -0.00199705 -6.83011e-05 1 -3.3014e-06 -0.00164031 -2.04335e-05 3.30001e-06 1 -0.000117076
1 5.5603e-05 -9.09912e-06 0.0035764 -5.56031e-05 1 -6.83609e-06 -0.00322642 9.09874e-06 6.8366e-06 1 0.000922927
1 1.91202e-05 -3.44309e-05 0.00461378 -1.91203e-05 1 -1.74322e-06 5.85104e-05 3.44309e-05 1.74388e-06 1 0.00188559
1 4.22827e-05 1.32887e-05 0.00547492 -4.22827e-05 1 -2.91308e-07 -0.00214946 -1.32887e-05 2.90747e-07 1 -7.90968e-05
1 3.50311e-05 3.1039e-05 0.00685592 -3.50303e-05 1 -2.62405e-05 -0.00170298 -3.10399e-05 2.62394e-05 1 0.00026247
1 1.42506e-05 9.62004e-05 0.00299381 -1.4253e-05 1 2.499e-05 -0.00387704 -9.62e-05 -2.49914e-05 1 -0.00365269
1 2.66207e-05 3.46254e-05 0.000441835 -2.66212e-05 1 1.40105e-05 -0.00467455 -3.46251e-05 -1.40115e-05 1 -0.0017597
1 5.56456e-05 1.26819e-05 0.00200543 -5.5646e-05 1 2.97229e-05 -0.00110368 -1.26803e-05 -2.97237e-05 1 -0.00219732
1 -5.55929e-06 -1.39938e-05 0.00142546 5.55929e-06 1 -1.99048e-07 5.10476e-05 1.39938e-05 1.98971e-07 1 -0.000343476
1 -3.57583e-05 -6.4691e-05 -6.82028e-05 3.57572e-05 1 -1.67643e-05 0.00321827 6.46916e-05 1.6762e-05 1 0.00371608
1 -1.84399e-05 -3.12971e-07 0.00339819 1.84399e-05 1 6.28367e-06 0.000615984 3.12855e-07 -6.28368e-06 1 0.000135308
1 3.39808e-05 2.91775e-05 0.00504624 -3.39802e-05 1 -2.18804e-05 -0.00425774 -2.91783e-05 2.18794e-05 1 -0.000762778
1 -2.60562e-05 3.2152e-05 0.00484339 2.60561e-05 1 1.76453e-06 0.00200526 -3.21521e-05 -1.76369e-06 1 -0.000255333
1 1.73671e-06 -3.51068e-05 0.00342826 -1.73624e-06 1 1.3291e-05 -0.000989785 3.51068e-05 -1.3291e-05 1 0.00164692
1 2.08732e-05 -1.22235e-06 0.00671487 -2.08732e-05 1 2.101e-05 -0.00364786 1.22279e-06 -2.10099e-05 1 0.000554842
1 -1.31979e-05 1.43409e-05 0.00506985 1.3198e-05 1 -5.45699e-06 -0.00366003 -1.43408e-05 5.45718e-06 1 0.000690409
1 2.13287e-05 4.82552e-05 0.00287001 -2.13288e-05 1 8.72036e-07 -0.00216545 -4.82552e-05 -8.73065e-07 1 -0.00190587
1 4.15062e-05 4.75324e-05 0.00243139 -4.1507e-05 1 1.54549e-05 -0.0042893 -4.75318e-05 -1.54569e-05 1 -0.00298099
1 -2.0547e-05 1.34455e-05 0.00102814 2.05465e-05 1 3.42321e-05 -0.00168474 -1.34462e-05 -3.42318e-05 1 -0.0013765
1 -5.21907e-05 -1.77103e-05 0.0039511 5.21905e-05 1 -1.61799e-05 0.00456796 1.77111e-05 1.6179e-05 1 0.00213088
1 8.55594e-06 2.49148e-06 0.000971609 -8.55594e-06 1 -1.24099e-06 0.00093527 -2.49149e-06 1.24097e-06 1 0.00194417
1 2.49269e-06 -2.61352e-05 0.00138601 -2.49286e-06 1 -6.22725e-06 0.000718526 2.61352e-05 6.22732e-06 1 0.00237149
1 -1.63926e-05 -5.94098e-05 0.00209373 1.6393e-05 1 6.99764e-06 0.00317866 5.94097e-05 -6.99861e-06 1 0.000777652
1 9.1709e-06 -2.40855e-05 0.00388614 -9.17101e-06 1 -4.36397e-06 0.000395579 2.40855e-05 4.36419e-06 1 0.00110819
1 1.95337e-05 9.183e-05 -0.00332028 -1.95377e-05 1 4.45358e-05 -0.00142107 -9.18291e-05 -4.45376e-05 1 -0.00333496
1 3.28039e-05 5.9143e-05 0.00357062 -3.28038e-05 1 -2.07794e-06 -9.14326e-05 -5.9143e-05 2.076e-06 1 -0.000544363
1 2.24101e-05 -1.11664e-05 0.00266487 -2.24103e-05 1 -2.06129e-05 -0.00312873 1.1166e-05 2.06132e-05 1 0.000735258
1 6.5697e-08 8.54831e-06 0.00282361 -6.58438e-08 1 1.7168e-05 -0.00229935 -8.54831e-06 -1.7168e-05 1 -0.000367416
1 -8.28941e-06 3.16796e-05 0.00519209 8.28819e-06 1 3.84538e-05 -0.0068009 -3.16799e-05 -3.84535e-05 1 -0.00187223
1 -2.10667e-05 3.34028e-05 0.00766039 2.10662e-05 1 1.60234e-05 -0.0011898 -3.34031e-05 -1.60227e-05 1 -0.000627045
1 1.63271e-05 3.4552e-05 0.00816183 -1.63275e-05 1 1.1946e-05 0.00110954 -3.45518e-05 -1.19465e-05 1 -0.000973545
1 1.51522e-05 3.84127e-05 0.00113689 -1.5153e-05 1 1.90379e-05 0.000720821 -3.84124e-05 -1.90385e-05 1 -0.000852457
1 2.58238e-05 8.67037e-05 0.00061195 -2.5828e-05 1 4.78808e-05 -0.00636536 -8.67025e-05 -4.7883e-05 1 -0.00339511
1 -5.45301e-05 3.76675e-05 0.00257752 5.45286e-05 1 4.00745e-05 0.00255017 -3.76697e-05 -4.00725e-05 1 -0.00215627
1 -5.11446e-05 -3.41491e-05 0.00472956 5.1145e-05 1 1.00313e-05 0.00443217 3.41486e-05 -1.00331e-05 1 0.000961501
1 5.24804e-05 -5.21862e-05 0.00805457 -5.24811e-05 1 -1.49699e-05 -0.0034508 5.21854e-05 1.49727e-05 1 0.00287061
1 5.83756e-06 3.04844e-05 0.00513918 -5.8389e-06 1 4.40303e-05 -0.00337935 -3.04841e-05 -4.40304e-05 1 -0.00223006
1 -5.70624e-06 3.5193e-05 0.0117939 5.70542e-06 1 2.31645e-05 -0.00360341 -3.51932e-05 -2.31643e-05 1 -0.00151113
1 -3.19977e-05 2.25514e-05 0.0192919 3.19969e-05 1 3.31888e-05 0.00104983 -2.25524e-05 -3.31881e-05 1 0.000130972
1 -4.73723e-06 8.39677e-05 0.0332468 4.73433e-06 1 3.45325e-05 -0.000371259 -8.39678e-05 -3.45321e-05 1 0.00102893
1 2.54707e-05 0.000191366 0.0378588 -2.54661e-05 1 -2.43859e-05 0.00503345 -0.000191367 2.4381e-05 1 0.00302355
1 4.85426e-06 0.000146592 0.0269182 -4.84678e-06 1 -5.10337e-05 -0.000345335 -0.000146593 5.1033e-05 1 0.00645782
1 1.43019e-05 2.18128e-06 0.00283808 -1.43017e-05 1 -7.31737e-05 0.00153424 -2.18232e-06 7.31737e-05 1 0.00671732
1 4.49361e-05 -2.40679e-05 -0.0133101 -4.49371e-05 1 -4.17338e-05 -0.00172297 2.4066e-05 4.17349e-05 1 0.00428006
1 -1.47786e-06 5.24703e-05 -0.017813 1.47876e-06 1 -1.72012e-05 -0.00552654 -5.24703e-05 1.72012e-05 1 0.00297795
1 -2.5239e-05 0.000198949 -0.0172709 2.52467e-05 1 -3.88205e-05 -0.00733871 -0.000198948 3.88255e-05 1 0.00779872
1 -0.000162713 0.000213713 -0.0313243 0.000162749 1 -0.000170196 -0.00037818 -0.000213685 0.000170231 1 0.0156937
1 -0.000113615 0.000288138 -0.0545433 0.000113658 1 -0.000150619 0.000708707 -0.000288121 0.000150651 1 0.0144999
1 -4.54849e-05 0.00032588 -0.11669 4.55086e-05 1 -7.27515e-05 -0.00350465 -0.000325876 7.27663e-05 1 0.0113347
1 -0.000870644 0.000427163 -0.232967 0.000870635 1 2.0912e-05 0.00110313 -0.000427181 -2.05401e-05 1 0.00791499
0.999999 -0.00167598 0.000348987 -0.348199 0.00167596 0.999999 6.89468e-05 0.0197622 -0.000349103 -6.83618e-05 1 0.0150163
0.999998 -0.00201458 0.000408836 -0.433351 0.00201449 0.999998 0.000233316 -0.00625693 -0.000409305 -0.000232492 1 0.0132071
0.999997 -0.00248353 0.000392456 -0.518829 0.00248344 0.999997 0.000224907 -0.00113649 -0.000393014 -0.000223931 1 0.0137126
0.999991 -0.00433646 0.000320586 -0.638455 0.00433644 0.999991 5.38662e-05 0.00413713 -0.000320817 -5.24755e-05 1 0.0282631
0.999982 -0.00598553 0.000647091 -0.778807 0.00598553 0.999982 1.02728e-05 0.0142113 -0.000647141 -6.39942e-06 1 0.038402
0.999973 -0.00727871 0.00121165 -0.917509 0.00727864 0.999974 6.48803e-05 -0.00726575 -0.00121209 -5.60594e-05 0.999999 0.0374684
0.99996 -0.00875709 0.00185949 -1.07195 0.0087573 0.999962 -0.000106159 -0.0102736 -0.00185848 0.000122439 0.999998 0.0287184
0.999934 -0.0111772 0.00257446 -1.24276 0.0111766 0.999938 0.000230758 -0.0131471 -0.00257688 -0.000201969 0.999997 0.0269804
0.999897 -0.0140253 0.00288267 -1.42636 0.0140234 0.999901 0.0006481 -0.00152327 -0.00289147 -0.000607608 0.999996 0.0491837
0.99984 -0.0176596 0.00275189 -1.5889 0.0176569 0.999844 0.000996717 -0.0115159 -0.00276906 -0.000947968 0.999996 0.0608091
0.999789 -0.0204054 0.00253052 -1.76114 0.020403 0.999791 0.00093787 -0.0419077 -0.00254913 -0.000886041 0.999996 0.0639768
0.999719 -0.0235903 0.00233633 -1.99748 0.0235895 0.999722 0.000353242 -0.0496541 -0.00234401 -0.00029803 0.999997 0.0555594
0.99965 -0.0263853 0.00208099 -2.19702 0.0263854 0.999652 -3.21322e-05 -0.0595652 -0.00207942 8.70288e-05 0.999998 0.0442093
0.999526 -0.0306938 0.00235871 -2.41665 0.0306938 0.999529 5.64214e-05 -0.0661216 -0.00235933 1.6003e-05 0.999997 0.0571664
0.999383 -0.0350253 0.0024845 -2.66447 0.0350244 0.999386 0.000410447 -0.069207 -0.00249735 -0.000323176 0.999997 0.0699736
0.999249 -0.0386488 0.00270443 -2.94356 0.0386466 0.999253 0.000865289 -0.100234 -0.00273586 -0.000760122 0.999996 0.0913398
0.99912 -0.0418683 0.00230489 -3.18916 0.0418669 0.999123 0.000664329 -0.127338 -0.00233068 -0.000567247 0.999997 0.0946909
0.998937 -0.046012 0.00260323 -3.47124 0.0460112 0.998941 0.000345598 -0.138081 -0.00261638 -0.000225453 0.999997 0.09422
0.998694 -0.0509865 0.00325044 -3.76609 0.0509855 0.998699 0.000390449 -0.149474 -0.00326612 -0.000224214 0.999995 0.0896272
0.998406 -0.0563632 0.0028747 -4.07247 0.0563608 0.99841 0.000906078 -0.161281 -0.00292119 -0.000742613 0.999995 0.105988
0.998133 -0.0610272 0.00263932 -4.39703 0.0610236 0.998135 0.00142729 -0.199104 -0.0027215 -0.00126357 0.999995 0.11791
0.997791 -0.0663476 0.00319199 -4.71199 0.0663424 0.997795 0.00170145 -0.212729 -0.00329784 -0.00148593 0.999993 0.135747
0.997436 -0.0714892 0.0033942 -5.04579 0.0714844 0.997441 0.001521 -0.261275 -0.00349424 -0.00127447 0.999993 0.161952
0.99707 -0.0764264 0.00335617 -5.37979 0.0764245 0.997075 0.000706009 -0.305458 -0.00340031 -0.000447446 0.999994 0.155684
0.996623 -0.0820837 0.00219584 -5.74457 0.082085 0.996625 -0.000551172 -0.334775 -0.00214319 0.000729557 0.999997 0.140613
0.996236 -0.0866768 0.00116697 -6.11699 0.0866789 0.996235 -0.00183305 -0.368453 -0.0010037 0.0019273 0.999998 0.143859
0.995938 -0.0900401 0.000751011 -6.50092 0.0900417 0.995935 -0.00233624 -0.435424 -0.000537603 0.00239437 0.999997 0.16086
0.995512 -0.0946228 0.00155645 -6.9219 0.0946274 0.995508 -0.00323606 -0.480849 -0.00124325 0.00336882 0.999994 0.181344
0.995111 -0.0987228 0.00290129 -7.30928 0.0987331 0.995107 -0.00362575 -0.531002 -0.00252915 0.00389448 0.999989 0.20136
0.994581 -0.103887 0.00392239 -7.72172 0.103898 0.994583 -0.00297845 -0.562324 -0.00359172 0.00336984 0.999988 0.209311
0.993972 -0.109527 0.00483563 -8.17485 0.109537 0.993981 -0.00192588 -0.58837 -0.00459558 0.00244395 0.999986 0.229792
0.99361 -0.112713 0.00590022 -8.60894 0.112728 0.993623 -0.00230753 -0.644511 -0.0056025 0.0029579 0.99998 0.245402
0.993298 -0.115323 0.0077283 -9.03726 0.115369 0.993306 -0.00581807 -0.725529 -0.00700561 0.00667068 0.999953 0.26395
0.992742 -0.11989 0.00942546 -9.51846 0.119962 0.99275 -0.0075483 -0.811318 -0.00845216 0.00862421 0.999927 0.270208
0.992151 -0.124674 0.00960648 -9.95815 0.124749 0.992159 -0.00764706 -0.874721 -0.00857776 0.00878544 0.999925 0.266635
0.991576 -0.129203 0.00913812 -10.4711 0.129272 0.991581 -0.00750934 -0.929044 -0.00809096 0.00862739 0.99993 0.272788
0.990707 -0.135773 0.00804993 -10.9845 0.13583 0.990708 -0.00691374 -0.992593 -0.00703643 0.00794291 0.999944 0.287919
0.989864 -0.141878 0.00636362 -11.4588 0.141919 0.989857 -0.00654358 -1.05212 -0.00537068 0.00738037 0.999958 0.318305
0.989144 -0.14685 0.00533676 -11.9492 0.146884 0.989132 -0.00651047 -1.12816 -0.0043227 0.00722368 0.999965 0.341365
0.988475 -0.151293 0.00524117 -12.4595 0.151326 0.988461 -0.00667665 -1.2388 -0.00417056 0.00739283 0.999964 0.364715
0.987772 -0.155808 0.00557342 -12.9758 0.155846 0.987754 -0.00733337 -1.29601 -0.00436258 0.00811229 0.999958 0.381822
0.987347 -0.158448 0.00637635 -13.4887 0.158495 0.987331 -0.00756193 -1.39576 -0.00509739 0.00847686 0.999951 0.374828
0.987139 -0.159705 0.00713142 -14.0372 0.159759 0.987125 -0.00780219 -1.51185 -0.00579356 0.00884116 0.999944 0.372103
0.986857 -0.161439 0.00714834 -14.5959 0.161493 0.986843 -0.00785239 -1.58453 -0.0057866 0.0089036 0.999944 0.403362
0.986665 -0.162607 0.00711704 -15.1449 0.162658 0.986656 -0.00726825 -1.67185 -0.0058402 0.00832897 0.999948 0.417443
0.98679 -0.161865 0.00666897 -15.7115 0.161908 0.986784 -0.00654179 -1.73535 -0.00552195 0.00753514 0.999956 0.428139
0.987205 -0.159355 0.00563273 -16.2856 0.159386 0.987201 -0.0055777 -1.8118 -0.0046718 0.00640411 0.999969 0.434743
0.987672 -0.156512 0.00266441 -16.8659 0.156515 0.987675 -0.000809643 -1.90204 -0.00250486 0.00121668 0.999996 0.465907
0.988206 -0.153125 0.000929413 -17.4872 0.153124 0.988207 0.000684511 -2.00785 -0.00102327 -0.000534122 0.999999 0.497493
0.988701 -0.149899 0.00102615 -18.1031 0.149897 0.988701 0.00132784 -2.11193 -0.00121359 -0.00115902 0.999999 0.509337
0.98904 -0.147623 0.00278111 -18.6893 0.147618 0.989043 0.00175582 -2.20554 -0.00300983 -0.00132604 0.999995 0.518774
0.989433 -0.144914 0.00461407 -19.3243 0.144906 0.989443 0.00219284 -2.30544 -0.00488313 -0.00150106 0.999987 0.543107
0.989775 -0.142536 0.00528417 -19.9412 0.142526 0.989788 0.00239447 -2.37393 -0.00557151 -0.00161686 0.999983 0.540812
0.990378 -0.13832 0.00430367 -20.5929 0.138311 0.990386 0.00233203 -2.44418 -0.00458486 -0.00171435 0.999988 0.559038
0.991111 -0.13303 0.00155963 -21.2851 0.133025 0.991109 0.00275571 -2.5212 -0.00191235 -0.00252375 0.999995 0.575362
0.991778 -0.127966 -0.00133727 -21.983 0.12797 0.991773 0.00316495 -2.61112 0.000921267 -0.00331006 0.999994 0.593112
0.992305 -0.123799 -0.00226748 -22.5742 0.123805 0.992302 0.00308984 -2.67935 0.00186751 -0.00334678 0.999993 0.636321
0.992872 -0.119189 3.73662e-05 -23.2211 0.119188 0.99287 0.00203223 -2.75296 -0.000279319 -0.00201329 0.999998 0.653633
0.993519 -0.113588 0.0041813 -23.9637 0.113589 0.993528 7.30044e-05 -2.80188 -0.00416253 0.000402416 0.999991 0.661051
0.994319 -0.1063 0.00542574 -24.6178 0.106298 0.994334 0.0005933 -2.86456 -0.00545807 -1.31835e-05 0.999985 0.668522
0.995065 -0.0991037 0.00484323 -25.2742 0.0990906 0.995074 0.00286269 -2.9147 -0.00510307 -0.00236865 0.999984 0.669672
0.995827 -0.0912093 0.00321777 -25.9641 0.0911964 0.995825 0.00393837 -2.96031 -0.00356355 -0.00362848 0.999987 0.697278
0.996599 -0.0823752 0.00198108 -26.6344 0.0823715 0.9966 0.00188082 -3.02209 -0.00212928 -0.00171124 0.999996 0.739399
0.997383 -0.0722212 0.00330986 -27.3603 0.072231 0.997384 -0.00295301 -3.08517 -0.00308793 0.00318435 0.99999 0.769191
0.99798 -0.0631925 0.00650425 -28.0647 0.0632251 0.997987 -0.00494554 -3.1244 -0.00617863 0.00534679 0.999967 0.764514
0.998433 -0.0553108 0.00851293 -28.7866 0.0553522 0.998456 -0.00470925 -3.14762 -0.00823931 0.00517308 0.999953 0.775168
0.99883 -0.0476765 0.00805389 -29.4651 0.0477085 0.998854 -0.00382745 -3.15761 -0.00786218 0.00420721 0.99996 0.807423
0.999217 -0.0390927 0.00611946 -30.1922 0.0391198 0.999225 -0.00438108 -3.17786 -0.00594345 0.00461704 0.999972 0.830782
0.999528 -0.0304427 0.00405302 -30.9352 0.0304668 0.999518 -0.00600467 -3.20376 -0.00386827 0.00612532 0.999974 0.86505
0.999767 -0.0211788 0.00410501 -31.6542 0.0212062 0.999752 -0.00674406 -3.23883 -0.00396116 0.00682954 0.999969 0.867652
0.999863 -0.0155572 0.00561371 -32.4298 0.0155872 0.999864 -0.00533441 -3.22065 -0.00552995 0.00542118 0.99997 0.875602
0.999915 -0.0108021 0.00729581 -33.2168 0.0108276 0.999935 -0.00346336 -3.19081 -0.00725792 0.00354206 0.999967 0.901192
0.99996 -0.00604425 0.00661793 -33.9399 0.0060618 0.999978 -0.0026356 -3.17746 -0.00660186 0.00267561 0.999975 0.948581
0.999985 -0.000994792 0.00545725 -34.695 0.00100985 0.999996 -0.00275641 -3.19555 -0.00545448 0.00276187 0.999981 0.964822
0.999982 0.00393066 0.00456882 -35.469 -0.00391798 0.999988 -0.00278168 -3.20839 -0.0045797 0.00276373 0.999986 0.972132
0.999964 0.00702772 0.00479004 -36.2559 -0.00701757 0.999973 -0.00213236 -3.16811 -0.00480489 0.00209867 0.999986 0.983766
0.999944 0.00937124 0.00493956 -37.0289 -0.00936439 0.999955 -0.00140705 -3.14243 -0.00495253 0.00136071 0.999987 1.0351
0.999912 0.0118165 0.00610321 -37.8294 -0.0118092 0.99993 -0.00123468 -3.13316 -0.00611737 0.00116249 0.999981 1.06156
0.999878 0.0141665 0.00657839 -38.6238 -0.014162 0.999899 -0.000735859 -3.13553 -0.00658815 0.000642606 0.999978 1.06858
0.999859 0.0154562 0.00656917 -39.4559 -0.0154569 0.999881 6.20699e-05 -3.12184 -0.00656743 -0.0001636 0.999978 1.08023
0.999844 0.0164299 0.00649384 -40.2635 -0.0164512 0.999859 0.00324167 -3.09014 -0.00643967 -0.003348 0.999974 1.10308
0.999829 0.0173384 0.00648369 -41.0746 -0.0173672 0.999839 0.00441604 -3.06784 -0.00640608 -0.00452789 0.999969 1.14494
0.999792 0.0179526 0.00969207 -41.8983 -0.0180113 0.99982 0.00600257 -3.06233 -0.00958256 -0.00617589 0.999935 1.15267
0.999765 0.0176586 0.0125921 -42.7758 -0.017756 0.999813 0.00766086 -3.04949 -0.0124545 -0.00788265 0.999891 1.1844
0.999761 0.0171956 0.0135154 -43.6301 -0.0173128 0.999813 0.0085992 -3.01902 -0.013365 -0.00883113 0.999872 1.24502
0.999808 0.0163025 0.0108822 -44.4872 -0.0163853 0.999837 0.00756216 -3.00436 -0.0107572 -0.00773902 0.999912 1.27667
0.999861 0.0154873 0.00611042 -45.3622 -0.0155252 0.99986 0.00620341 -2.98763 -0.00601349 -0.00629742 0.999962 1.25682
0.999889 0.0144007 0.00379107 -46.2249 -0.0144403 0.999839 0.0106496 -2.96714 -0.0036371 -0.0107032 0.999936 1.25392
0.999912 0.0128538 0.00319327 -47.1116 -0.0128976 0.999818 0.014075 -2.94504 -0.00301177 -0.0141149 0.999896 1.35009
0.999922 0.0114857 0.0049544 -48.0257 -0.011551 0.999844 0.0133636 -2.93703 -0.00480014 -0.0134197 0.999898 1.40359
0.999924 0.0117436 0.00370595 -48.908 -0.0117822 0.999875 0.010586 -2.95091 -0.00358117 -0.0106288 0.999937 1.39691
0.999952 0.00967946 0.00131772 -49.8404 -0.00969141 0.999909 0.0093857 -2.92235 -0.00122675 -0.00939802 0.999955 1.38308
0.999966 0.0082378 0.000482826 -50.7321 -0.00824253 0.999908 0.0107808 -2.89513 -0.000393971 -0.0107844 0.999942 1.39854
0.999969 0.00747323 0.00240845 -51.6689 -0.00750024 0.999907 0.0114064 -2.87744 -0.00232298 -0.0114242 0.999932 1.44706
0.999962 0.0064377 0.00587784 -52.6272 -0.00650971 0.999903 0.012316 -2.86599 -0.00579799 -0.0123538 0.999907 1.46297
0.999943 0.00595147 0.00891291 -53.5699 -0.00610438 0.999833 0.0172279 -2.85499 -0.00880889 -0.0172813 0.999812 1.49071
0.999942 0.00614009 0.00880289 -54.5418 -0.00630139 0.999811 0.0184142 -2.84393 -0.00868815 -0.0184686 0.999792 1.55007
0.999915 0.00590527 0.0115857 -55.4926 -0.00609941 0.99984 0.016794 -2.84351 -0.0114847 -0.0168633 0.999792 1.56238
0.999934 0.00582322 0.00990253 -56.4362 -0.0059751 0.999864 0.0153772 -2.84068 -0.00981164 -0.0154353 0.999833 1.59085
0.999984 0.00532243 0.00202033 -57.4203 -0.0053423 0.999936 0.00995984 -2.81871 -0.00196719 -0.00997047 0.999948 1.62122
0.999964 0.00599011 -0.00599966 -58.3963 -0.00595098 0.999961 0.00651793 -2.84142 0.00603847 -0.00648199 0.999961 1.62817
0.999974 0.00589846 -0.00422991 -59.4219 -0.00588053 0.999974 0.00423884 -2.83075 0.0042548 -0.00421386 0.999982 1.65361
0.999958 0.00561201 0.00730851 -60.4066 -0.00563838 0.999978 0.00359208 -2.81544 -0.00728819 -0.00363314 0.999967 1.69799
0.99981 0.00446076 0.0189682 -61.3844 -0.00455271 0.999978 0.00480715 -2.79263 -0.0189464 -0.00489259 0.999809 1.71735
0.999767 0.00330779 0.0213089 -62.4077 -0.00344561 0.999973 0.00643393 -2.79237 -0.0212871 -0.00650585 0.999752 1.75527
0.999873 0.00352004 0.0155724 -63.4572 -0.00364172 0.999963 0.00779235 -2.79201 -0.0155444 -0.00784806 0.999848 1.79699
0.999963 0.00246164 0.00829467 -64.4913 -0.00253092 0.999962 0.00835281 -2.77215 -0.00827379 -0.00837349 0.999931 1.82695
0.999991 0.00228372 0.00368878 -65.5112 -0.00231566 0.99996 0.00867766 -2.76056 -0.00366881 -0.00868612 0.999956 1.87285
0.999985 0.00232045 0.0049117 -66.5368 -0.00236627 0.999954 0.00934481 -2.75922 -0.00488978 -0.0093563 0.999944 1.88801
0.999966 0.00214717 0.00792336 -67.5943 -0.00221463 0.999961 0.00851519 -2.75818 -0.00790477 -0.00853245 0.999932 1.9426
0.999919 0.00246312 0.0124803 -68.6646 -0.00254798 0.999974 0.00678816 -2.74194 -0.0124632 -0.00681941 0.999899 1.97395
0.999894 0.00259471 0.0143447 -69.7091 -0.0026782 0.99998 0.00580427 -2.74198 -0.0143294 -0.00584207 0.99988 2.00658
0.999896 0.00310163 0.0140861 -70.7884 -0.00316932 0.999984 0.00478538 -2.73584 -0.014071 -0.00482952 0.999889 2.03465
0.999919 0.00393177 0.0120866 -71.8662 -0.00397529 0.999986 0.0035795 -2.76255 -0.0120723 -0.00362726 0.999921 2.06698
0.999946 0.00394245 0.00966291 -72.9542 -0.00397173 0.999988 0.00301306 -2.74321 -0.00965091 -0.00305128 0.999949 2.11106
0.999954 0.00370197 0.00888593 -74.0282 -0.00372872 0.999989 0.00299621 -2.71867 -0.00887474 -0.00302921 0.999956 2.15692
0.999944 0.00342226 0.0100385 -75.1229 -0.00345375 0.999989 0.00312144 -2.7171 -0.0100277 -0.00315593 0.999945 2.19523
0.999935 0.0040274 0.0106873 -76.2224 -0.00406272 0.999986 0.00328456 -2.73268 -0.010674 -0.00332776 0.999937 2.21277
0.999927 0.00492531 0.0110341 -77.3753 -0.00496163 0.999982 0.00326663 -2.72148 -0.0110178 -0.00332114 0.999934 2.24935
0.999922 0.00532296 0.0113108 -78.4586 -0.00536672 0.999978 0.00384215 -2.68953 -0.0112901 -0.00390255 0.999929 2.27621
0.99993 0.005766 0.0103213 -79.5602 -0.00580373 0.999977 0.0036286 -2.6846 -0.0103001 -0.00368824 0.99994 2.32784
0.999931 0.00644938 0.00982884 -80.6704 -0.00646736 0.999977 0.00179909 -2.6784 -0.00981702 -0.00186253 0.99995 2.38193
0.999918 0.00851202 0.00952769 -81.8375 -0.00852411 0.999963 0.00122899 -2.66895 -0.00951688 -0.00131011 0.999954 2.41864
0.999889 0.0114876 0.00947214 -82.9642 -0.0114969 0.999933 0.000930703 -2.65191 -0.00946082 -0.0010395 0.999955 2.44129
0.999849 0.013839 0.0105495 -84.1182 -0.013857 0.999903 0.00163494 -2.62235 -0.0105258 -0.00178087 0.999943 2.47939
0.999792 0.016088 0.0125455 -85.2607 -0.0161243 0.999866 0.00279915 -2.58681 -0.0124988 -0.00300085 0.999917 2.49925
0.99973 0.0185498 0.0140073 -86.4258 -0.0185921 0.999823 0.00289615 -2.56237 -0.0139511 -0.00315579 0.999898 2.55803
0.999653 0.0213236 0.0154687 -87.5913 -0.0213431 0.999772 0.00109579 -2.5432 -0.0154418 -0.00142556 0.99988 2.62757
0.999557 0.0245707 0.0168181 -88.7642 -0.0245613 0.999698 -0.000764178 -2.50428 -0.0168318 0.000350764 0.999858 2.67315
0.999441 0.0284077 0.0176178 -89.9304 -0.028356 0.999593 -0.00317568 -2.48196 -0.0177009 0.00267434 0.99984 2.71414
0.999353 0.0319953 0.0164152 -91.0619 -0.0319208 0.999479 -0.00478495 -2.42703 -0.0165598 0.00425786 0.999854 2.76744
0.999247 0.0362547 0.0137986 -92.2524 -0.0361941 0.999334 -0.00461476 -2.38696 -0.0139567 0.00411186 0.999894 2.80279
0.999107 0.040362 0.0125158 -93.442 -0.0403039 0.999176 -0.00486235 -2.35227 -0.0127017 0.00435357 0.99991 2.84567
0.99893 0.0441956 0.0136278 -94.6043 -0.0441303 0.999013 -0.00505596 -2.2828 -0.0138378 0.00444915 0.999894 2.88779
0.998732 0.0481759 0.0145808 -95.7835 -0.0481071 0.99883 -0.00502957 -2.21126 -0.014806 0.00432176 0.999881 2.92215
0.998544 0.0523694 0.0129363 -96.9665 -0.0523109 0.998619 -0.00481474 -2.15997 -0.0131706 0.00413102 0.999905 2.97528
0.998372 0.055966 0.0109951 -98.2089 -0.0559196 0.998425 -0.00448076 -2.07491 -0.0112286 0.00385862 0.99993 3.00482
0.998169 0.0595541 0.0105389 -99.4007 -0.0595222 0.998221 -0.00331325 -1.98908 -0.0107175 0.00267988 0.999939 3.02482
0.997918 0.0634477 0.0115545 -100.588 -0.0634583 0.997984 0.000550586 -1.90725 -0.0114963 -0.00128267 0.999933 3.04651
0.997603 0.0681626 0.0119457 -101.795 -0.0682333 0.997654 0.00561782 -1.82182 -0.0115347 -0.00641945 0.999913 3.11104
0.997285 0.0727058 0.0116415 -103.016 -0.0728061 0.99731 0.00843271 -1.72748 -0.010997 -0.00925739 0.999897 3.18468
0.997059 0.0757517 0.0116619 -104.244 -0.0758437 0.99709 0.00766159 -1.62332 -0.0110476 -0.00852354 0.999903 3.24655
0.996771 0.0788502 0.0152005 -105.479 -0.0788748 0.996884 0.00102517 -1.51333 -0.0150723 -0.0022208 0.999884 3.28675
0.996379 0.0826591 0.0199326 -106.711 -0.0825531 0.996568 -0.00608455 -1.41406 -0.0203671 0.00441702 0.999783 3.33468
0.995978 0.0864174 0.0236534 -107.945 -0.0862096 0.99623 -0.00967094 -1.31513 -0.0244 0.0075929 0.999673 3.36218
0.995621 0.0904427 0.023634 -109.167 -0.0902478 0.995877 -0.00918809 -1.20321 -0.0243676 0.00701494 0.999678 3.41652
0.995313 0.0947389 0.0194266 -110.387 -0.0946135 0.995487 -0.00727736 -1.08865 -0.0200284 0.00540523 0.999785 3.5111
0.995038 0.0984238 0.0145785 -111.626 -0.0983185 0.995125 -0.00776858 -0.958486 -0.0152721 0.00629669 0.999864 3.59008
0.994702 0.101999 0.0128479 -112.881 -0.101877 0.994748 -0.00984097 -0.816913 -0.0137842 0.00847993 0.999869 3.63401
0.994317 0.105607 0.0134225 -114.062 -0.105465 0.994364 -0.0108643 -0.677712 -0.0144942 0.00938691 0.999851 3.661
0.993903 0.10917 0.0154331 -115.285 -0.108992 0.993971 -0.0119654 -0.543111 -0.0166463 0.0102103 0.999809 3.70724
0.993447 0.112717 0.0189294 -116.5 -0.112508 0.993581 -0.0118046 -0.409102 -0.0201385 0.00959755 0.999751 3.77025
0.992978 0.116306 0.0216431 -117.712 -0.11612 0.993188 -0.00964691 -0.265656 -0.0226177 0.00706596 0.999719 3.81034
0.992441 0.120832 0.02146 -118.953 -0.120729 0.992667 -0.00601978 -0.116858 -0.02203 0.00338344 0.999752 3.87678
0.992047 0.124476 0.0186574 -120.151 -0.124415 0.99222 -0.004417 0.0365105 -0.0190621 0.00206062 0.999816 3.95322
0.991691 0.127428 0.0176196 -121.357 -0.127386 0.991847 -0.00351799 0.227469 -0.0179242 0.00124427 0.999839 3.99942
0.991264 0.130657 0.0180173 -122.603 -0.130628 0.991428 -0.00278835 0.407577 -0.0182271 0.000410428 0.999834 4.02776
0.990629 0.135344 0.0183357 -123.845 -0.135308 0.990798 -0.00319645 0.554474 -0.0185996 0.00068552 0.999827 4.10327
0.990094 0.138834 0.0209362 -125.048 -0.138783 0.990315 -0.00387072 0.715658 -0.0212708 0.000926778 0.999773 4.16673
0.989412 0.143114 0.0241276 -126.245 -0.143054 0.989706 -0.00420267 0.892649 -0.0244807 0.000706622 0.9997 4.22751
0.98895 0.146221 0.0244377 -127.483 -0.146157 0.989252 -0.00435938 1.08226 -0.0248125 0.000739457 0.999692 4.29038
0.988415 0.150011 0.0230826 -128.711 -0.149943 0.988684 -0.00467159 1.26811 -0.0235222 0.0011564 0.999723 4.34117
0.987767 0.154356 0.0221692 -129.927 -0.154278 0.988014 -0.0052028 1.44619 -0.0227066 0.00171894 0.999741 4.3938
0.987251 0.157535 0.0227474 -131.14 -0.157446 0.987511 -0.00565405 1.67039 -0.023354 0.00200048 0.999725 4.44626
0.986668 0.160946 0.0241242 -132.375 -0.160862 0.986962 -0.00541163 1.90242 -0.0246806 0.00145883 0.999694 4.52174
0.98603 0.164709 0.0248129 -133.608 -0.164632 0.986342 -0.005132 2.10662 -0.0253193 0.000975321 0.999679 4.58286
0.985469 0.168081 0.0244993 -134.851 -0.167992 0.985772 -0.00567744 2.31354 -0.025105 0.00147926 0.999684 4.64796
0.984838 0.171794 0.0241105 -136.046 -0.171716 0.985132 -0.00527297 2.5012 -0.0246579 0.00105286 0.999695 4.72476
0.984096 0.175865 0.0250358 -137.314 -0.17576 0.984413 -0.00634181 2.73651 -0.0257609 0.00184065 0.999666 4.77688
0.983392 0.179609 0.0260773 -138.544 -0.179524 0.983738 -0.00556025 2.96972 -0.0266519 0.00078639 0.999644 4.8161
0.982717 0.183401 0.0251329 -139.774 -0.183359 0.983038 -0.00397377 3.20046 -0.0254354 -0.000703268 0.999676 4.91208
0.981998 0.187202 0.0251871 -141 -0.187152 0.982321 -0.00437553 3.44345 -0.025561 -0.000417051 0.999673 4.97848
0.981348 0.190454 0.0261586 -142.228 -0.1904 0.981696 -0.00457091 3.68986 -0.0265503 -0.000494929 0.999647 5.02279
0.980661 0.194055 0.025442 -143.458 -0.194023 0.98099 -0.00372214 3.95015 -0.0256806 -0.00128617 0.999669 5.08063
0.979951 0.197909 0.0229727 -144.733 -0.197879 0.98022 -0.00357278 4.21999 -0.0232254 -0.00104468 0.99973 5.15904
0.979308 0.201079 0.022884 -145.995 -0.201058 0.979574 -0.00322362 4.49106 -0.0230648 -0.00144411 0.999733 5.22097
0.97843 0.205119 0.0244946 -147.218 -0.205111 0.978735 -0.0028791 4.75006 -0.0245643 -0.00220711 0.999696 5.27979
0.977605 0.20877 0.0265141 -148.467 -0.208747 0.977963 -0.00369248 5.02426 -0.0267007 -0.00192494 0.999642 5.34984
0.976588 0.213309 0.0278357 -149.723 -0.213272 0.976983 -0.00434669 5.27742 -0.0281222 -0.00169163 0.999603 5.42275
0.975714 0.21732 0.0274522 -150.949 -0.217287 0.976099 -0.0042301 5.57503 -0.0277153 -0.00183761 0.999614 5.47368
0.974822 0.221543 0.0252983 -152.21 -0.221506 0.97515 -0.00429186 5.86784 -0.0256205 -0.00141994 0.999671 5.54054
0.973819 0.226047 0.0240674 -153.471 -0.226009 0.974116 -0.00434367 6.16067 -0.0244263 -0.0012095 0.999701 5.5996
0.972711 0.230683 0.0248713 -154.694 -0.230604 0.973029 -0.00604409 6.45876 -0.0255948 0.000143734 0.999672 5.66401
0.971446 0.23575 0.0267388 -155.94 -0.235625 0.971813 -0.00778153 6.75946 -0.0278196 0.001259 0.999612 5.73285
0.969937 0.241769 0.0277485 -157.213 -0.241574 0.970328 -0.0102199 7.04978 -0.029396 0.00320936 0.999563 5.81674
0.96881 0.246226 0.0279189 -158.474 -0.245974 0.9692 -0.0121676 7.39258 -0.030055 0.00492073 0.999536 5.87641
0.967732 0.250521 0.0270799 -159.701 -0.25029 0.968101 -0.0116608 7.71757 -0.0291373 0.0045067 0.999565 5.93228
0.966511 0.255196 0.027044 -160.915 -0.255034 0.966887 -0.00934302 8.06667 -0.0285328 0.00213298 0.999591 5.99136
0.965242 0.260029 0.0263086 -162.168 -0.259918 0.965601 -0.00760889 8.38415 -0.0273821 0.000506348 0.999625 6.08084
0.963822 0.265116 0.0275696 -163.437 -0.265047 0.964216 -0.0062086 8.7227 -0.0282291 -0.00132326 0.999601 6.14202
0.962361 0.270277 0.0284748 -164.69 -0.270216 0.962781 -0.00602645 9.08459 -0.0290438 -0.00189475 0.999576 6.21866
0.960948 0.27533 0.0277979 -165.925 -0.275219 0.96135 -0.00781098 9.45806 -0.0288741 -0.000144576 0.999583 6.3056
0.959695 0.279744 0.0269865 -167.156 -0.279594 0.960074 -0.00927385 9.81578 -0.0285033 0.00135481 0.999593 6.37707
0.958632 0.283239 0.028277 -168.388 -0.283055 0.959047 -0.0103727 10.1617 -0.0300569 0.00193962 0.999546 6.44822
0.957636 0.286315 0.0309235 -169.627 -0.286066 0.958131 -0.0122878 10.533 -0.033147 0.00292113 0.999446 6.5239
0.956637 0.289449 0.032637 -170.836 -0.289136 0.957185 -0.0140219 10.9028 -0.0352983 0.00397734 0.999369 6.60676
0.955665 0.292747 0.031691 -172.032 -0.292392 0.956174 -0.0154278 11.2876 -0.0348185 0.00547764 0.999379 6.66506
0.954838 0.295812 0.0279305 -173.258 -0.295557 0.955237 -0.0129537 11.6826 -0.0305121 0.00411367 0.999526 6.71284
0.953915 0.29908 0.0244224 -174.485 -0.298941 0.954227 -0.00924599 12.0618 -0.0260698 0.00151904 0.999659 6.80025
0.952622 0.303203 0.0240933 -175.656 -0.303098 0.952926 -0.00796611 12.4576 -0.0253745 0.000286068 0.999678 6.87666
0.951016 0.307891 0.0277754 -176.887 -0.307764 0.951422 -0.0088331 12.8433 -0.0291457 -0.000147847 0.999575 6.94687
0.949159 0.313077 0.0328655 -178.124 -0.312928 0.949727 -0.0097292 13.2374 -0.0342593 -0.00104997 0.999412 7.01779
0.947493 0.317957 0.0340689 -179.31 -0.317809 0.948104 -0.00982205 13.6458 -0.0354238 -0.00152109 0.999371 7.09509
0.94615 0.322364 0.0296942 -180.493 -0.322142 0.946614 -0.0120909 14.049 -0.0320066 0.0018741 0.999486 7.19676
0.944743 0.326609 0.0280532 -181.729 -0.326304 0.945146 -0.0149899 14.4692 -0.0314103 0.00500773 0.999494 7.22673
0.942744 0.332048 0.0312592 -182.922 -0.331737 0.943256 -0.014815 14.8923 -0.0344047 0.00359691 0.999402 7.29483
0.940144 0.338813 0.0365283 -184.094 -0.338503 0.940853 -0.014551 15.3207 -0.0392978 0.00131512 0.999227 7.39867
0.937625 0.345318 0.0401756 -185.28 -0.345095 0.938483 -0.0125775 15.7805 -0.0420474 -0.00207142 0.999113 7.47083
0.935206 0.351709 0.0411165 -186.489 -0.351611 0.936095 -0.00983234 16.2333 -0.0419471 -0.00526177 0.999106 7.55304
0.933035 0.357539 0.040145 -187.671 -0.357502 0.933875 -0.00836351 16.7038 -0.0404807 -0.00654845 0.999159 7.64527
0.930285 0.36481 0.0385101 -188.88 -0.364809 0.931054 -0.0072919 17.1755 -0.0385151 -0.00726528 0.999232 7.72881
0.927737 0.371534 0.0355798 -190.034 -0.371587 0.928383 -0.00536342 17.6499 -0.0350243 -0.00824513 0.999352 7.80969
0.925133 0.378243 0.0325757 -191.212 -0.378293 0.925673 -0.0048486 18.1345 -0.0319884 -0.00783754 0.999458 7.87471
0.922504 0.384535 0.0334579 -192.418 -0.38461 0.923069 -0.00441713 18.645 -0.0325825 -0.00879341 0.99943 7.93939
0.920031 0.390251 0.035308 -193.598 -0.390372 0.92065 -0.00367301 19.1496 -0.0339397 -0.0104039 0.99937 8.00666
0.917941 0.395063 0.0361724 -194.777 -0.395248 0.918572 -0.0022125 19.6711 -0.0341011 -0.0122661 0.999343 8.09611
0.916039 0.399392 0.0368465 -195.992 -0.399549 0.916706 -0.00331462 20.1741 -0.0351013 -0.0116857 0.999315 8.1893
0.914317 0.403056 0.039616 -197.157 -0.403138 0.915118 -0.00626618 20.7216 -0.0387789 -0.0102414 0.999195 8.267
0.912378 0.407229 0.0416169 -198.291 -0.407193 0.91329 -0.00970914 21.25 -0.0419621 -0.00808771 0.999086 8.34624
0.910678 0.411164 0.040134 -199.46 -0.411075 0.911537 -0.0108176 21.7844 -0.0410314 -0.00664674 0.999136 8.43905
0.909012 0.415193 0.0362231 -200.637 -0.415072 0.90972 -0.011171 22.3261 -0.037591 -0.00488066 0.999281 8.53445
0.90677 0.420165 0.0350677 -201.841 -0.420012 0.90744 -0.0119728 22.8399 -0.0368524 -0.00387226 0.999313 8.6067
0.904707 0.424535 0.0357187 -202.997 -0.4244 0.9054 -0.0116598 23.3812 -0.0372897 -0.00461035 0.999294 8.66222
0.902897 0.42833 0.036203 -204.131 -0.428209 0.903607 -0.0114449 23.9448 -0.0376155 -0.00516886 0.999279 8.74416
0.900762 0.432722 0.0371499 -205.27 -0.432649 0.901502 -0.0103877 24.5082 -0.0379857 -0.00671607 0.999256 8.83637
0.899036 0.436145 0.0388796 -206.476 -0.436128 0.899836 -0.00936377 25.0839 -0.0390692 -0.00853811 0.9992 8.93156
0.896954 0.440396 0.0390484 -207.634 -0.44036 0.897766 -0.009979 25.6574 -0.039451 -0.00824464 0.999187 9.02367
0.895122 0.444179 0.0382361 -208.766 -0.444064 0.895916 -0.0119278 26.2468 -0.0395544 -0.0063024 0.999198 9.0989
0.893242 0.447889 0.0389192 -209.956 -0.447702 0.894075 -0.0138828 26.8345 -0.0410146 -0.00502347 0.999146 9.178
0.890857 0.452564 0.0394905 -211.09 -0.452333 0.891721 -0.0150985 27.4133 -0.0420475 -0.00441223 0.999106 9.25838
0.888889 0.456442 0.0392161 -212.25 -0.456192 0.889744 -0.0156139 28.0135 -0.0420191 -0.00401105 0.999109 9.34595
0.887325 0.459535 0.0384955 -213.386 -0.459303 0.88815 -0.0152122 28.6215 -0.0411803 -0.00418295 0.999143 9.4204
0.886094 0.462084 0.0362687 -214.562 -0.461928 0.886821 -0.0130597 29.2418 -0.0381986 -0.00518139 0.999257 9.50588
0.884247 0.465845 0.033101 -215.722 -0.465788 0.884841 -0.00986784 29.8371 -0.033886 -0.00669247 0.999403 9.58461
0.882436 0.46936 0.0317553 -216.873 -0.469364 0.88297 -0.00779007 30.4529 -0.0316953 -0.00803054 0.999465 9.67855
0.880139 0.473351 0.0359762 -218.01 -0.473381 0.880819 -0.00822166 31.0645 -0.0355802 -0.00979423 0.999319 9.76566
0.878026 0.476626 0.0435651 -219.15 -0.476603 0.879042 -0.0115965 31.7031 -0.0438227 -0.0105812 0.998983 9.85402
0.876214 0.47949 0.0483611 -220.282 -0.479446 0.877471 -0.0132637 32.3543 -0.0487953 -0.0115647 0.998742 9.93845
0.873956 0.483644 0.0478512 -221.44 -0.483634 0.87518 -0.0125664 32.9774 -0.0479561 -0.01216 0.998775 10.0192
0.872101 0.487279 0.044708 -222.575 -0.487411 0.87313 -0.00864103 33.6096 -0.0432465 -0.0142553 0.998963 10.1001
0.8705 0.490685 0.0381881 -223.687 -0.490922 0.871196 -0.00355207 34.2608 -0.0350123 -0.0156553 0.999264 10.1985
0.868803 0.493803 0.0365913 -224.856 -0.49408 0.869415 -0.00168477 34.9396 -0.032645 -0.0166153 0.999329 10.274
0.866678 0.497283 0.039722 -225.985 -0.497578 0.867415 -0.00278787 35.5875 -0.0358418 -0.0173486 0.999207 10.3562
0.864167 0.501152 0.0454183 -227.099 -0.501505 0.865145 -0.00407453 36.2463 -0.0413353 -0.0192564 0.99896 10.4421
0.861362 0.5057 0.0482059 -228.23 -0.506124 0.862452 -0.0038583 36.8943 -0.0435264 -0.0210748 0.99883 10.5321
0.859551 0.508924 0.0465653 -229.345 -0.509332 0.860563 -0.00353352 37.5718 -0.0418707 -0.02068 0.998909 10.6217
0.858014 0.511765 0.0436814 -230.483 -0.512104 0.858915 -0.00388796 38.2477 -0.0395083 -0.0190335 0.999038 10.6966
0.856032 0.515177 0.0424549 -231.581 -0.515467 0.856897 -0.00465983 38.9325 -0.0387801 -0.0178952 0.999088 10.7641
0.853588 0.519135 0.0434266 -232.678 -0.519457 0.854485 -0.00439343 39.6141 -0.0393882 -0.0188081 0.999047 10.8515
0.851241 0.522786 0.0456555 -233.8 -0.523096 0.852254 -0.00582268 40.3067 -0.0419541 -0.0189257 0.99894 10.9483
0.848852 0.526387 0.0486563 -234.928 -0.52656 0.850076 -0.0102194 40.9923 -0.0467409 -0.0169457 0.998763 11.0636
0.846472 0.529989 0.0509593 -236.029 -0.530084 0.84785 -0.012747 41.6657 -0.0499616 -0.0162227 0.998619 11.1292
0.844188 0.533551 0.0516794 -237.12 -0.533669 0.845599 -0.0126393 42.3738 -0.0504438 -0.0169098 0.998584 11.2248
0.842252 0.536907 0.0483974 -238.23 -0.537127 0.843449 -0.0094491 43.1084 -0.045894 -0.018037 0.998783 11.3137
0.840461 0.540272 0.0416042 -239.346 -0.540521 0.841309 -0.00599128 43.8345 -0.0382389 -0.0174525 0.999116 11.4179
0.838562 0.543512 0.037519 -240.435 -0.543694 0.839261 -0.0060677 44.5405 -0.0347861 -0.0153107 0.999277 11.5188
0.836611 0.546319 0.0402249 -241.524 -0.546394 0.837468 -0.010073 45.2447 -0.0391901 -0.0135515 0.99914 11.5968
0.833912 0.550049 0.0451283 -242.629 -0.550023 0.83503 -0.0141074 45.9587 -0.0454432 -0.0130573 0.998882 11.662
0.831685 0.553295 0.0465309 -243.718 -0.553417 0.832827 -0.0114055 46.7148 -0.0450627 -0.0162652 0.998852 11.7145
0.830272 0.555511 0.0453312 -244.794 -0.555911 0.83123 -0.00440714 47.4387 -0.0401289 -0.021541 0.998962 11.8162
0.828841 0.557661 0.0451445 -245.877 -0.558167 0.829727 -0.00164151 48.1894 -0.038373 -0.0238376 0.998979 11.9736
0.827616 0.559543 0.0443104 -246.916 -0.559849 0.82857 -0.006342 48.8952 -0.0402629 -0.0195584 0.998998 12.0556
0.826327 0.561546 0.0430164 -247.981 -0.561726 0.827275 -0.00892286 49.6027 -0.040597 -0.0167902 0.999035 12.093
0.8246 0.56415 0.0420631 -249.045 -0.56434 0.8255 -0.00836098 50.3366 -0.03944 -0.0168434 0.99908 12.1645
0.822652 0.566739 0.0452739 -250.134 -0.567001 0.823677 -0.00806767 51.0826 -0.0418633 -0.0190334 0.998942 12.2728
0.820915 0.568663 0.0521572 -251.17 -0.569022 0.822272 -0.00914474 51.8276 -0.0480877 -0.0221715 0.998597 12.3761
0.819756 0.570053 0.0551272 -252.185 -0.570559 0.821221 -0.00763502 52.5616 -0.049624 -0.0251945 0.99845 12.4684
0.818535 0.571998 0.0530841 -253.237 -0.572558 0.819846 -0.00549914 53.3058 -0.0466663 -0.0258925 0.998575 12.5447
0.816931 0.574157 0.0544808 -254.271 -0.574965 0.818178 -0.00102842 54.0434 -0.0451654 -0.0304844 0.998514 12.6311
0.814758 0.576934 0.0575874 -255.287 -0.577858 0.816137 -0.000749902 54.7624 -0.0474319 -0.0326663 0.99834 12.7629
0.813642 0.579023 0.0521506 -256.319 -0.579689 0.814833 -0.00282523 55.5274 -0.0441299 -0.0279324 0.998635 12.8518
0.812725 0.581147 0.0417891 -257.367 -0.581524 0.813521 -0.00373625 56.2654 -0.0361676 -0.0212648 0.999119 12.9166
0.810954 0.583733 0.0401225 -258.39 -0.583958 0.811753 -0.00706351 56.967 -0.0366927 -0.0177017 0.99917 12.9826
0.808527 0.586531 0.0475897 -259.399 -0.586618 0.80975 -0.013588 57.7056 -0.0465055 -0.0169307 0.998775 13.0777
0.80579 0.589561 0.0558625 -260.401 -0.589522 0.80753 -0.0189331 58.4455 -0.0562729 -0.0176761 0.998259 13.181
0.804227 0.591402 0.0588381 -261.423 -0.59134 0.806166 -0.0203395 59.218 -0.0594621 -0.0184357 0.99806 13.2657
0.803037 0.593292 0.0560027 -262.416 -0.593311 0.80477 -0.0180849 59.9624 -0.0557989 -0.0187041 0.998267 13.3739
