1 0 0 0 0 1 0 0 0 0 1 0
1 -3.96185e-05 -1.3103e-05 0.00325723 3.96186e-05 1 4.19209e-06 0.00041165 1.31029e-05 -4.19261e-06 1 0.000300198
1 -2.53037e-05 -7.99096e-06 0.00166485 2.53036e-05 1 -3.2394e-06 -0.00209561 7.99104e-06 3.23919e-06 1 0.000156022
1 -1.68667e-05 -9.70313e-06 0.000332019 1.68666e-05 1 -1.10698e-05 -0.00263765 9.70331e-06 1.10696e-05 1 4.7657e-05
1 -1.6722e-05 -1.55185e-05 -0.000313157 1.6722e-05 1 -3.46391e-06 -0.000898545 1.55186e-05 3.46365e-06 1 -2.17717e-05
1 2.06938e-05 -3.24932e-06 0.0032204 -2.06938e-05 1 -7.07536e-06 0.00124772 3.24917e-06 7.07542e-06 1 0.000196245
1 6.8432e-07 -1.18672e-06 0.000868184 -6.84329e-07 1 -7.00083e-06 -0.000100543 1.18672e-06 7.00083e-06 1 0.000603604
1 -3.15407e-06 -1.66131e-05 0.00386194 3.15411e-06 1 1.98302e-06 -0.000415027 1.66131e-05 -1.98308e-06 1 0.000748671
1 -2.07099e-05 -9.28796e-06 -0.000596687 2.071e-05 1 7.28794e-06 -0.000846305 9.2878e-06 -7.28813e-06 1 0.000659588
1 1.82554e-06 -3.61268e-06 9.29873e-05 -1.82556e-06 1 -6.48451e-06 -0.000856863 3.61267e-06 6.48452e-06 1 0.000794832
1 -1.42961e-05 -2.72979e-05 0.00353093 1.42959e-05 1 -8.01737e-06 -0.00226668 2.7298e-05 8.01698e-06 1 0.000901576
1 7.0566e-06 -1.23746e-05 0.00198517 -7.05653e-06 1 5.28123e-06 -0.00485403 1.23746e-05 -5.28115e-06 1 5.29238e-05
1 -7.1928e-06 -3.32604e-06 0.000551544 7.19279e-06 1 -4.93983e-06 -0.00274833 3.32607e-06 4.9398e-06 1 0.000462112
1 -2.96166e-05 -1.44706e-05 -0.000519619 2.96164e-05 1 -9.06083e-06 0.00139085 1.44709e-05 9.0604e-06 1 0.000550108
1 -2.99415e-06 -2.20891e-05 0.00330138 2.99406e-06 1 -3.77275e-06 -0.000503134 2.20891e-05 3.77268e-06 1 -0.000136949
1 -1.66413e-05 -8.92828e-06 0.000205042 1.66413e-05 1 -6.4553e-06 -0.00152042 8.92839e-06 6.45516e-06 1 0.000533595
1 1.53752e-05 -1.92863e-05 0.00251546 -1.53752e-05 1 -1.87567e-06 -0.00210805 1.92863e-05 1.87597e-06 1 0.000672708
1 -1.24269e-05 -1.56068e-05 0.000750325 1.24269e-05 1 6.75411e-07 -0.00218232 1.56068e-05 -6.75605e-07 1 4.69279e-05
1 -7.57563e-06 -5.7538e-06 0.000528494 7.57565e-06 1 4.34792e-06 -0.00287956 5.75377e-06 -4.34796e-06 1 -0.000799977
1 -3.31403e-05 -8.39999e-06 -0.000770541 3.31402e-05 1 -1.09854e-05 0.00135666 8.40035e-06 1.09852e-05 1 0.000613249
1 1.31213e-06 -9.86311e-06 0.000123682 -1.3121e-06 1 2.88192e-06 0.00129719 9.86311e-06 -2.88191e-06 1 0.00050209
1 -2.91462e-05 2.57763e-06 -0.0020023 2.91462e-05 1 -3.72208e-07 0.00048032 -2.57762e-06 3.72283e-07 1 -4.11883e-05
1 -1.98891e-05 2.96926e-06 -0.000601946 1.98891e-05 1 -4.37794e-06 0.00108401 -2.96918e-06 4.37799e-06 1 -0.000196643
1 -3.2353e-05 -7.63554e-06 0.000977405 3.2353e-05 1 -6.63441e-06 0.0033393 7.63575e-06 6.63416e-06 1 -6.79259e-05
1 -4.89511e-05 -7.26516e-06 -0.000801277 4.89511e-05 1 -7.37881e-07 0.00384444 7.2652e-06 7.37525e-07 1 -2.69544e-05
1 -4.83866e-05 -8.63856e-06 -0.00123481 4.83866e-05 1 -1.36388e-06 0.00388777 8.63862e-06 1.36346e-06 1 0.000501526
1 -4.12741e-05 -5.64016e-06 -0.00170408 4.1274e-05 1 -1.21188e-05 0.00428993 5.64066e-06 1.21186e-05 1 0.000619977
1 -3.21443e-05 -1.14623e-05 0.000456634 3.21442e-05 1 -1.25304e-05 0.0035739 1.14627e-05 1.25301e-05 1 0.000580908
1 -5.58331e-05 -1.25887e-05 1.83852e-05 5.5833e-05 1 -6.15249e-06 0.00350967 1.2589e-05 6.15179e-06 1 -0.000144757
1 -4.83853e-05 -1.05302e-05 -0.000149007 4.83852e-05 1 -1.16509e-05 0.00358524 1.05307e-05 1.16503e-05 1 6.34072e-05
1 -6.05321e-05 -3.58554e-07 -0.00096189 6.05321e-05 1 -3.0167e-06 0.00243494 3.58736e-07 3.01668e-06 1 -7.09428e-05
1 -3.97987e-05 -2.35323e-06 -0.000433261 3.97987e-05 1 -3.73234e-06 0.00134587 2.35337e-06 3.73225e-06 1 -1.33494e-05
1 -1.91223e-05 -9.40951e-06 -0.00219228 1.91223e-05 1 9.32671e-08 0.000439092 9.40951e-06 -9.34471e-08 1 0.000508804
1 -3.70781e-05 -8.88332e-06 -0.00303977 3.70781e-05 1 -4.39948e-06 0.00283996 8.88348e-06 4.39915e-06 1 0.000842069
1 -5.11983e-05 -5.33774e-06 0.00067567 5.11983e-05 1 -4.24743e-06 0.00406023 5.33796e-06 4.24716e-06 1 3.4706e-05
1 -1.35999e-05 -1.39816e-05 0.00243809 1.35999e-05 1 -5.06219e-06 -0.00119307 1.39817e-05 5.062e-06 1 -0.000347486
1 -5.57442e-05 -2.17335e-06 -0.00289389 5.57442e-05 1 -7.42656e-06 0.00107397 2.17376e-06 7.42644e-06 1 -0.000184159
1 -3.52499e-05 -3.06553e-06 -0.00152617 3.52499e-05 1 -7.87769e-07 0.00119782 3.06556e-06 7.87661e-07 1 0.000488397
1 -1.63818e-05 -7.88312e-06 0.000181 1.63818e-05 1 5.89619e-06 0.0017254 7.88302e-06 -5.89632e-06 1 2.37408e-05
1 -3.93584e-05 -2.00657e-05 0.0014598 3.93583e-05 1 -9.3376e-06 0.00359754 2.0066e-05 9.33682e-06 1 0.000433377
1 -3.50287e-05 -5.62439e-06 -0.000398894 3.50286e-05 1 -1.07105e-05 0.00342221 5.62477e-06 1.07103e-05 1 -0.000139855
1 -2.24692e-05 -2.27633e-06 0.000260558 2.24691e-05 1 -1.05742e-05 0.0035553 2.27656e-06 1.05741e-05 1 -0.000236134
1 -4.25895e-05 -7.59597e-06 -3.85619e-05 4.25895e-05 1 -5.504e-06 0.00407123 7.5962e-06 5.50368e-06 1 0.000441359
1 -9.94467e-06 -1.84909e-05 0.00212293 9.94471e-06 1 2.01748e-06 -0.00182724 1.84909e-05 -2.01766e-06 1 0.000416556
1 -1.05458e-05 -2.09869e-05 0.00565854 1.05458e-05 1 -1.70998e-06 0.00113966 2.09869e-05 1.70976e-06 1 0.000811255
1 1.45203e-05 -2.82552e-05 0.0136536 -1.45205e-05 1 -5.4331e-06 0.00322595 2.82551e-05 5.43351e-06 1 0.00101707
1 1.12806e-05 3.23178e-06 0.0195356 -1.12805e-05 1 -1.03816e-05 0.00537345 -3.2319e-06 1.03816e-05 1 0.00156776
1 4.55913e-05 2.2746e-05 0.0168935 -4.55911e-05 1 -9.19786e-06 0.00109366 -2.27465e-05 9.19682e-06 1 0.000832503
1 3.01938e-05 -8.26278e-06 0.0105701 -3.01938e-05 1 -5.84896e-06 -0.000220143 8.2626e-06 5.84921e-06 1 0.00151364
1 4.38138e-05 2.3063e-05 -0.0033028 -4.38136e-05 1 -6.74842e-06 0.000489707 -2.30633e-05 6.7474e-06 1 0.00143315
1 1.83095e-05 8.07241e-05 -0.0176699 -1.83082e-05 1 -1.64717e-05 -0.00218576 -8.07245e-05 1.64702e-05 1 0.0011691
1 -2.32922e-05 0.000100945 -0.0403546 2.32946e-05 1 -2.38971e-05 -0.00231536 -0.000100945 2.38995e-05 1 0.00215392
1 -3.68859e-05 0.000103429 -0.0683491 3.68884e-05 1 -2.43763e-05 -0.00194521 -0.000103428 2.43801e-05 1 0.00300896
1 6.10644e-06 0.000131553 -0.0994795 -6.10283e-06 1 -2.75006e-05 -0.00505846 -0.000131553 2.74998e-05 1 0.0038663
1 -0.000169739 0.000163478 -0.135935 0.000169748 1 -5.15918e-05 -0.0101587 -0.000163469 5.16195e-05 1 0.00603321
1 -0.000395177 0.000313295 -0.198841 0.000395206 1 -9.18005e-05 -0.0145008 -0.000313258 9.19243e-05 1 0.00647382
0.999998 -0.00178858 0.00045171 -0.327484 0.00178862 0.999998 -9.22584e-05 -0.00623587 -0.000451544 9.30662e-05 1 0.00982229
0.999998 -0.00211285 0.000544494 -0.404241 0.0021129 0.999998 -9.8346e-05 -0.00601711 -0.000544285 9.94962e-05 1 0.0125459
0.999998 -0.0021199 0.000633164 -0.474021 0.00211998 0.999998 -0.000137616 -0.00875292 -0.000632871 0.000138958 1 0.0138019
0.999998 -0.00182866 0.000689305 -0.574318 0.00182875 0.999998 -0.000132225 -0.0126717 -0.000689062 0.000133485 1 0.0159075
0.999994 -0.00324995 0.000866545 -0.74217 0.00325011 0.999995 -0.000178403 0.00973396 -0.00086596 0.000181218 1 0.0203894
0.999994 -0.00341738 0.00110588 -0.870598 0.00341759 0.999994 -0.000187177 -0.00228932 -0.00110524 0.000190955 0.999999 0.0247463
0.999994 -0.00326381 0.00129918 -0.985429 0.00326403 0.999995 -0.000160158 -0.0126392 -0.00129865 0.000164398 0.999999 0.0266927
0.999994 -0.00329697 0.00144173 -1.12206 0.00329726 0.999995 -0.000195958 -0.0156073 -0.00144108 0.00020071 0.999999 0.0305539
0.999989 -0.00446319 0.00173507 -1.30206 0.00446378 0.99999 -0.000337871 -0.0267646 -0.00173354 0.000345612 0.999998 0.0384517
0.999986 -0.00487944 0.00216656 -1.4729 0.00488043 0.999988 -0.000450292 -0.0398021 -0.00216433 0.000460859 0.999998 0.0393171
0.999984 -0.00498967 0.00282044 -1.63722 0.00499194 0.999987 -0.000798418 -0.0407221 -0.00281642 0.000812484 0.999996 0.0434265
0.999976 -0.0061035 0.00316888 -1.8433 0.00610666 0.999981 -0.000988244 -0.0373956 -0.00316279 0.00100757 0.999994 0.0450209
0.99997 -0.00688891 0.00346651 -2.04154 0.00689245 0.999976 -0.00101113 -0.0350726 -0.00345946 0.00103499 0.999993 0.0496768
0.999962 -0.0079137 0.00378797 -2.25837 0.00791712 0.999968 -0.000889543 -0.0342498 -0.00378081 0.000919498 0.999992 0.0568288
0.999954 -0.00852798 0.00449348 -2.49148 0.00853167 0.999963 -0.0008024 -0.0296405 -0.00448647 0.0008407 0.99999 0.0656003
0.999943 -0.00947541 0.00496436 -2.74588 0.00947871 0.999955 -0.000641175 -0.0263553 -0.00495806 0.000688194 0.999987 0.0699163
0.999936 -0.00982189 0.00566763 -2.99546 0.00982377 0.999952 -0.000305592 -0.0282872 -0.00566436 0.00036125 0.999984 0.0767072
0.999916 -0.0105767 0.00742984 -3.28331 0.0105802 0.999944 -0.00044267 -0.0391125 -0.00742474 0.000521242 0.999972 0.100883
0.999899 -0.01091 0.009138 -3.54447 0.0109243 0.999939 -0.00151884 -0.0474108 -0.00912088 0.00161852 0.999957 0.113242
0.999888 -0.0116175 0.00939771 -3.85477 0.0116427 0.999929 -0.0026324 -0.0614206 -0.00936645 0.00274152 0.999952 0.104786
0.999899 -0.0112664 0.00862809 -4.18059 0.0112921 0.999932 -0.00293387 -0.0740441 -0.00859445 0.00303101 0.999958 0.103094
0.999913 -0.0110712 0.00721878 -4.51649 0.0110844 0.999937 -0.00178594 -0.0649332 -0.00719855 0.0018658 0.999972 0.101795
0.999928 -0.0109014 0.00499965 -4.83722 0.0109024 0.999941 -0.000166421 -0.0552797 -0.00499753 0.000220917 0.999987 0.120318
0.999921 -0.0116371 0.00474981 -5.16643 0.0116368 0.999932 7.34727e-05 -0.0538568 -0.00475034 -1.81941e-05 0.999989 0.141374
0.999912 -0.0121785 0.00525066 -5.5209 0.012181 0.999926 -0.000439616 -0.0651433 -0.00524491 0.000503535 0.999986 0.140785
0.99991 -0.0121755 0.00564481 -5.8875 0.0121821 0.999925 -0.00112905 -0.096828 -0.00563064 0.00119771 0.999983 0.141384
0.999898 -0.0130081 0.00587501 -6.28147 0.0130166 0.999914 -0.00140158 -0.106422 -0.00585628 0.00147791 0.999982 0.13969
0.999891 -0.0135764 0.00587754 -6.66558 0.0135845 0.999907 -0.0013406 -0.109303 -0.00585879 0.0014203 0.999982 0.14842
0.999878 -0.0145526 0.00559731 -7.06269 0.0145569 0.999894 -0.000736735 -0.0982001 -0.005586 0.000818125 0.999984 0.154587
0.999869 -0.0153916 0.00509562 -7.47568 0.0153924 0.999882 -0.000110964 -0.073701 -0.00509331 0.000189383 0.999987 0.174172
0.999861 -0.0158122 0.00534042 -7.90328 0.0158127 0.999875 -4.57689e-05 -0.0908633 -0.00533903 0.000130209 0.999986 0.189581
0.99985 -0.0161215 0.00631203 -8.32802 0.0161277 0.99987 -0.000921641 -0.120754 -0.00629634 0.0010233 0.99998 0.199216
0.999836 -0.016409 0.0076356 -8.77024 0.0164247 0.999863 -0.00199905 -0.133327 -0.00760175 0.00212414 0.999969 0.195238
0.999822 -0.0169006 0.00839699 -9.23336 0.0169198 0.999854 -0.0022198 -0.143673 -0.00835825 0.00236148 0.999962 0.194238
0.999811 -0.017572 0.00829803 -9.7067 0.0175879 0.999844 -0.00184706 -0.136908 -0.00826428 0.00199265 0.999964 0.207476
0.999799 -0.0182375 0.0082801 -10.1901 0.0182491 0.999833 -0.00132709 -0.141654 -0.00825451 0.00147793 0.999965 0.224367
0.999796 -0.0181043 0.00894642 -10.6818 0.0181149 0.999835 -0.00111452 -0.143463 -0.00892477 0.00127635 0.999959 0.251781
0.999791 -0.0183142 0.00910738 -11.1719 0.0183257 0.999831 -0.00117907 -0.170979 -0.00908425 0.00134572 0.999958 0.261516
0.999788 -0.0189351 0.00804991 -11.6693 0.0189487 0.999819 -0.00161053 -0.190387 -0.00801796 0.00176273 0.999966 0.258137
0.999786 -0.019478 0.00691552 -12.1789 0.0194952 0.999807 -0.00242996 -0.199051 -0.00686686 0.00256426 0.999973 0.268661
0.999782 -0.0197812 0.00672356 -12.7363 0.0198003 0.9998 -0.0027841 -0.209382 -0.00666714 0.00291662 0.999974 0.288423
0.999773 -0.0200546 0.00719605 -13.2756 0.0200704 0.999796 -0.00213184 -0.215051 -0.00715183 0.00227579 0.999972 0.295858
0.99976 -0.0204101 0.00791272 -13.7936 0.020424 0.99979 -0.00168475 -0.22261 -0.00787668 0.00184596 0.999967 0.313593
0.999757 -0.020408 0.00832321 -14.3424 0.0204265 0.999789 -0.00214016 -0.220012 -0.00827778 0.00230966 0.999963 0.33883
0.999757 -0.02073 0.00750352 -14.9165 0.0207669 0.999772 -0.00488203 -0.226004 -0.00740061 0.00503667 0.99996 0.404618
0.999751 -0.0212302 0.00693546 -15.5064 0.0212658 0.999761 -0.00509883 -0.247669 -0.00682555 0.00524505 0.999963 0.399555
0.999739 -0.0220711 0.00583801 -16.1009 0.0220991 0.999744 -0.0047895 -0.258855 -0.00573081 0.00491727 0.999971 0.407066
0.999747 -0.0220059 0.00461654 -16.6824 0.0220251 0.999749 -0.00415459 -0.25592 -0.00452395 0.00425522 0.999981 0.424197
0.999762 -0.0214302 0.00396945 -17.2853 0.0214487 0.999759 -0.0046833 -0.272426 -0.00386813 0.00476733 0.999981 0.455755
0.999775 -0.0205986 0.00504327 -17.8764 0.0206237 0.999775 -0.00498906 -0.28937 -0.00493936 0.00509195 0.999975 0.458467
0.999791 -0.0194244 0.00630448 -18.5051 0.0194568 0.999798 -0.00511091 -0.299042 -0.00620393 0.00523251 0.999967 0.463673
0.999803 -0.0185092 0.0071865 -19.131 0.0185442 0.999816 -0.00483873 -0.290481 -0.00709562 0.00497105 0.999962 0.480117
0.99982 -0.0175321 0.00730437 -19.7546 0.0175655 0.999835 -0.00453711 -0.305348 -0.00722362 0.0046646 0.999963 0.498934
0.999834 -0.0168438 0.00698735 -20.3949 0.0168762 0.999847 -0.00460441 -0.320224 -0.00690872 0.00472156 0.999965 0.522226
0.999856 -0.0155521 0.00678 -21.0365 0.0155846 0.999867 -0.00476758 -0.328812 -0.00670495 0.00487256 0.999966 0.537295
0.999866 -0.0146335 0.00730356 -21.6998 0.0146677 0.999882 -0.0046461 -0.336538 -0.0072347 0.00475261 0.999963 0.543512
0.999876 -0.0136603 0.00785735 -22.3523 0.0136961 0.999896 -0.00451559 -0.34368 -0.00779485 0.00462264 0.999959 0.566697
0.999883 -0.0127432 0.00843748 -23.0251 0.0127829 0.999907 -0.00467172 -0.358385 -0.00837717 0.00477903 0.999953 0.597494
0.999898 -0.011668 0.00818626 -23.7023 0.0117094 0.999919 -0.00503562 -0.370553 -0.00812684 0.00513097 0.999954 0.603087
0.99991 -0.011246 0.00724859 -24.41 0.0112797 0.999926 -0.0046266 -0.353678 -0.00719602 0.00470795 0.999963 0.610228
0.999929 -0.0103853 0.00586741 -25.094 0.0104078 0.999939 -0.00381846 -0.353298 -0.0058274 0.00387926 0.999975 0.638332
0.999945 -0.0091949 0.00503451 -25.8015 0.00921055 0.999953 -0.0030943 -0.359672 -0.00500582 0.0031405 0.999983 0.665989
0.999951 -0.00808583 0.00564472 -26.5092 0.00810223 0.999963 -0.00288872 -0.359719 -0.00562115 0.00293431 0.99998 0.687785
0.999955 -0.00688221 0.00645468 -27.2062 0.00690057 0.999972 -0.00282612 -0.362092 -0.00643505 0.00287054 0.999975 0.70872
0.999956 -0.00597133 0.00724938 -27.9182 0.005992 0.999978 -0.00283256 -0.355975 -0.00723231 0.00287587 0.99997 0.724904
0.999956 -0.00484993 0.00800884 -28.6409 0.0048737 0.999984 -0.0029512 -0.369281 -0.00799439 0.0029901 0.999964 0.747717
0.999956 -0.00361804 0.00867219 -29.3783 0.00364532 0.999988 -0.00313142 -0.37537 -0.00866076 0.00316289 0.999957 0.769919
0.999954 -0.00309607 0.00906114 -30.1293 0.00312676 0.999989 -0.00337501 -0.364572 -0.00905059 0.00340319 0.999953 0.786541
0.999968 -0.00163278 0.00786373 -30.8728 0.00166062 0.999992 -0.00353484 -0.363182 -0.0078579 0.00354779 0.999963 0.797069
0.999986 -0.000140633 0.00521725 -31.6306 0.000162518 0.999991 -0.00419455 -0.37902 -0.00521662 0.00419534 0.999978 0.837947
0.999992 0.000993123 0.0037918 -32.3818 -0.000972447 0.999985 -0.0054508 -0.371384 -0.00379715 0.00544707 0.999978 0.866998
0.999982 0.00227701 0.0054726 -33.1379 -0.00224264 0.999978 -0.00627841 -0.367277 -0.00548678 0.00626603 0.999965 0.870349
0.999964 0.00376441 0.00759601 -33.8933 -0.00370941 0.999967 -0.00724222 -0.364106 -0.00762302 0.00721379 0.999945 0.894236
0.999948 0.00476242 0.0089861 -34.6639 -0.00470535 0.999969 -0.00636142 -0.354423 -0.00901612 0.00631881 0.999939 0.904835
0.999951 0.00547014 0.00821833 -35.4293 -0.00542821 0.999972 -0.00511515 -0.346461 -0.00824608 0.00507029 0.999953 0.926002
0.999963 0.00611723 0.00608415 -36.2095 -0.00608907 0.999971 -0.00463623 -0.313093 -0.00611234 0.00459902 0.999971 0.958029
0.999972 0.0063358 0.00406036 -36.9914 -0.00631957 0.999972 -0.00399558 -0.308829 -0.00408556 0.00396981 0.999984 0.978283
0.999982 0.00589371 0.00128003 -37.7995 -0.00589048 0.999979 -0.00251433 -0.317868 -0.00129482 0.00250675 0.999996 1.00955
0.999982 0.00593769 0.000529119 -38.5853 -0.00593632 0.999979 -0.00255286 -0.330248 -0.000544267 0.00254967 0.999997 1.03976
0.999984 0.00527251 0.00202456 -39.3782 -0.00526741 0.999983 -0.00251883 -0.299778 -0.00203781 0.00250812 0.999995 1.05604
0.999975 0.004645 0.00537413 -40.1734 -0.0046275 0.999984 -0.00326392 -0.297412 -0.00538921 0.00323897 0.99998 1.06662
0.999965 0.00453648 0.0070374 -40.9775 -0.00451442 0.999985 -0.00314762 -0.300169 -0.00705158 0.00311574 0.99997 1.06896
0.999973 0.00440753 0.00586878 -41.7995 -0.00439238 0.999987 -0.00259102 -0.279371 -0.00588012 0.00256518 0.999979 1.09612
0.999982 0.00366306 0.00477303 -42.6057 -0.00365476 0.999992 -0.00174784 -0.270664 -0.0047794 0.00173036 0.999987 1.13592
0.999983 0.00375506 0.00442597 -43.4065 -0.00374838 0.999992 -0.00151781 -0.266366 -0.00443163 0.00150119 0.999989 1.17252
0.999988 0.00336599 0.00344434 -44.2211 -0.00336115 0.999993 -0.00141052 -0.27572 -0.00344907 0.00139892 0.999993 1.18617
0.999995 0.00280138 0.00155091 -45.0546 -0.00279939 0.999995 -0.00128245 -0.271604 -0.0015545 0.0012781 0.999998 1.1943
0.999997 0.00223661 -0.00131589 -45.8805 -0.00223734 0.999997 -0.000551921 -0.257949 0.00131465 0.000554864 0.999999 1.20833
0.999988 0.0024895 -0.00419802 -46.6776 -0.00249056 0.999997 -0.000247368 -0.269115 0.00419739 0.00025782 0.999991 1.23721
0.999991 0.00266978 -0.00332306 -47.4937 -0.0026719 0.999996 -0.000633306 -0.265115 0.00332136 0.000642179 0.999994 1.2596
0.999998 0.00184031 0.00089221 -48.3133 -0.00183865 0.999997 -0.00185586 -0.260235 -0.000895622 0.00185422 0.999998 1.29582
0.999976 0.00199673 0.00669984 -49.1035 -0.00197845 0.999994 -0.0027333 -0.241727 -0.00670526 0.00271998 0.999974 1.30083
0.999953 0.00132783 0.00962548 -49.9172 -0.00130339 0.999996 -0.00254544 -0.239042 -0.00962883 0.00253278 0.99995 1.30519
0.999976 0.0012778 0.00682614 -50.7074 -0.00126764 0.999998 -0.00149339 -0.24384 -0.00682804 0.0014847 0.999976 1.32641
0.999998 0.00152224 0.00103874 -51.4936 -0.00152144 0.999999 -0.000773351 -0.250285 -0.00103991 0.000771769 0.999999 1.37744
0.999996 0.00147569 -0.00256784 -52.2914 -0.00147753 0.999999 -0.000711686 -0.243941 0.00256679 0.000715477 0.999996 1.40496
0.999997 0.00150637 -0.00196548 -53.107 -0.0015072 0.999999 -0.000421422 -0.244084 0.00196485 0.000424384 0.999998 1.40515
1 0.000818505 -0.000149285 -53.9013 -0.000818514 1 -6.02505e-05 -0.229079 0.000149236 6.03727e-05 1 1.42382
0.999999 0.000638334 0.00155396 -54.6678 -0.000638463 1 8.21357e-05 -0.234016 -0.00155391 -8.31278e-05 0.999999 1.45616
0.999995 0.000591152 0.00324913 -55.445 -0.000591483 1 0.000101025 -0.226289 -0.00324907 -0.000102946 0.999995 1.48572
0.999985 0.000569568 0.00539405 -56.2154 -0.000565252 1 -0.000801585 -0.214803 -0.00539451 0.000798524 0.999985 1.50672
0.999972 0.000930857 0.00741287 -56.9666 -0.000920927 0.999999 -0.00134297 -0.222975 -0.00741411 0.0013361 0.999972 1.50948
0.999977 0.000542962 0.00673983 -57.7502 -0.000532479 0.999999 -0.0015571 -0.217588 -0.00674066 0.00155347 0.999976 1.5381
0.999993 0.000846324 0.00364507 -58.5157 -0.000841857 0.999999 -0.00122702 -0.213308 -0.0036461 0.00122394 0.999993 1.55994
0.999999 0.00145652 -0.000245061 -59.2799 -0.00145664 0.999999 -0.000489029 -0.215449 0.000244349 0.000489385 1 1.59204
0.999997 0.00124506 -0.00204632 -60.0502 -0.00124624 0.999999 -0.00057977 -0.207286 0.0020456 0.000582319 0.999998 1.61872
0.999999 0.001106 -0.00114233 -60.7917 -0.00110631 0.999999 -0.000268525 -0.210188 0.00114203 0.000269788 0.999999 1.63435
0.999999 0.00131228 0.00105435 -61.5363 -0.00131187 0.999999 -0.000382466 -0.204846 -0.00105485 0.000381083 0.999999 1.66232
0.999989 0.00142465 0.00436756 -62.2838 -0.0014176 0.999998 -0.0016161 -0.191926 -0.00436985 0.00160989 0.999989 1.69623
0.99997 0.00226458 0.00747006 -63.0191 -0.00224014 0.999992 -0.0032786 -0.213301 -0.00747742 0.00326176 0.999967 1.71409
0.999952 0.00341044 0.00915255 -63.7713 -0.0033672 0.999983 -0.00473602 -0.212649 -0.00916855 0.00470497 0.999947 1.72962
0.999951 0.00414271 0.00893715 -64.5089 -0.004101 0.999981 -0.0046802 -0.212715 -0.00895637 0.00464332 0.999949 1.74464
0.999972 0.00514354 0.00536774 -65.2381 -0.00511715 0.999975 -0.00492008 -0.212267 -0.00539291 0.00489248 0.999973 1.78293
0.999976 0.00620151 0.00306355 -65.9638 -0.00618544 0.999967 -0.00522575 -0.198494 -0.00309585 0.00520668 0.999982 1.81299
0.999966 0.007311 0.00377872 -66.6853 -0.0072914 0.99996 -0.00517448 -0.197207 -0.00381639 0.00514675 0.999979 1.8307
0.99995 0.0082927 0.005662 -67.3942 -0.00826451 0.999953 -0.00498385 -0.189461 -0.00570307 0.00493681 0.999972 1.84952
0.999939 0.00882957 0.00661844 -68.1188 -0.00879422 0.999947 -0.00535137 -0.174781 -0.00666534 0.00529284 0.999964 1.8715
0.999931 0.00989843 0.00628467 -68.8324 -0.00985968 0.999932 -0.00616717 -0.167545 -0.00634529 0.00610479 0.999961 1.89213
0.999933 0.0106454 0.00453971 -69.5816 -0.0106115 0.999916 -0.00742322 -0.157325 -0.00461836 0.00737455 0.999962 1.92407
0.999929 0.0114842 0.0031865 -70.3121 -0.0114569 0.999899 -0.00846488 -0.147407 -0.00328339 0.00842777 0.999959 1.93476
0.999923 0.0120983 0.00287732 -71.0156 -0.0120731 0.99989 -0.00860713 -0.144334 -0.00298113 0.00857173 0.999959 1.94237
0.999914 0.0127407 0.00305539 -71.7365 -0.0127156 0.999886 -0.00809664 -0.131369 -0.0031582 0.0080571 0.999963 1.97165
0.999902 0.0134881 0.00370276 -72.4582 -0.0134552 0.999871 -0.00877363 -0.109683 -0.00382062 0.00872295 0.999955 2.01239
0.999893 0.0136825 0.00510808 -73.1635 -0.0136268 0.999849 -0.010779 -0.101704 -0.00525479 0.0107082 0.999929 2.03833
0.999883 0.0143421 0.00539027 -73.8885 -0.0142795 0.999832 -0.0114888 -0.10294 -0.00555414 0.0114105 0.999919 2.04185
0.999889 0.0145141 0.00336131 -74.6333 -0.0144759 0.999834 -0.0111082 -0.0855894 -0.00352197 0.0110583 0.999933 2.04663
0.999886 0.0151148 -0.000483803 -75.3673 -0.0151189 0.999835 -0.0101117 -0.0850255 0.000330888 0.0101178 0.999949 2.06247
0.999865 0.0154325 -0.00565977 -76.0941 -0.0154831 0.99984 -0.00899967 -0.0690339 0.00551997 0.00908609 0.999943 2.08154
0.99983 0.0161019 -0.00901274 -76.8021 -0.0161683 0.999842 -0.00734999 -0.0493706 0.00889297 0.00749446 0.999932 2.1003
0.999824 0.0166921 -0.00860649 -77.5279 -0.0167483 0.999839 -0.00650212 -0.022743 0.00849657 0.00664511 0.999942 2.13081
0.999846 0.0171149 -0.00378641 -78.2475 -0.0171423 0.999826 -0.00733058 -0.00241968 0.00366029 0.00739436 0.999966 2.16152
0.999825 0.0175761 0.00633406 -78.9691 -0.0175193 0.999807 -0.00890837 0.00561534 -0.00648941 0.00879585 0.99994 2.16995
0.999735 0.0176385 0.0148136 -79.6978 -0.0174922 0.999798 -0.00994677 -0.00429541 -0.0149861 0.00968501 0.999841 2.19451
0.999693 0.018208 0.0168116 -80.4001 -0.0180427 0.999788 -0.00993341 0.0178494 -0.0169889 0.00962703 0.999809 2.20756
0.999746 0.0182517 0.0132362 -81.1381 -0.0181105 0.999779 -0.0107068 0.0374981 -0.0134287 0.0104644 0.999855 2.2365
0.999802 0.0188131 0.00641733 -81.87 -0.0187315 0.999746 -0.0125471 0.0627671 -0.00665175 0.0124245 0.999901 2.26481
0.9998 0.0197508 0.00312244 -82.59 -0.0197043 0.999704 -0.014279 0.062822 -0.00340354 0.0142147 0.999893 2.28833
0.999767 0.0204509 0.0068619 -83.31 -0.0203484 0.999685 -0.0146919 0.0734967 -0.0071602 0.0145489 0.999869 2.30181
0.999562 0.0204106 0.0214216 -84.0229 -0.0201937 0.999743 -0.0102961 0.0985451 -0.0216262 0.009859 0.999718 2.32793
0.999034 0.0204933 0.0388656 -84.7322 -0.0203816 0.999787 -0.00326898 0.126084 -0.0389243 0.00247368 0.999239 2.36229
0.998825 0.0209453 0.0437029 -85.4604 -0.0210827 0.999774 0.00268721 0.159043 -0.0436368 -0.00360543 0.999041 2.45607
0.999308 0.0224191 0.0296916 -86.2088 -0.0225085 0.999743 0.00267908 0.177057 -0.0296239 -0.00334554 0.999556 2.48675
0.999708 0.0240279 -0.00252121 -86.9688 -0.0240337 0.999709 -0.00229281 0.195693 0.00246538 0.00235274 0.999994 2.46002
0.999131 0.0250898 -0.0332912 -87.7214 -0.0252725 0.999668 -0.00507848 0.197815 0.0331528 0.00591542 0.999433 2.44066
0.998707 0.0260954 -0.0436309 -88.4645 -0.0264878 0.999614 -0.0084398 0.224351 0.0433938 0.00958458 0.999012 2.48502
0.999242 0.0279856 -0.0270453 -89.208 -0.0282824 0.999543 -0.0106549 0.250199 0.0267348 0.0114117 0.999577 2.53948
0.999557 0.0293761 0.00472874 -89.9223 -0.0293199 0.999503 -0.0115372 0.270994 -0.00506531 0.0113934 0.999922 2.53196
0.999225 0.0308156 0.0244832 -90.6559 -0.0305184 0.999457 -0.0124205 0.322294 -0.0248526 0.0116637 0.999623 2.52771
0.999202 0.0327884 0.0227955 -91.3827 -0.0324882 0.999382 -0.0134201 0.342795 -0.0232215 0.0126689 0.99965 2.53551
0.999319 0.0350253 0.0115715 -92.1416 -0.0348659 0.999298 -0.0137007 0.368448 -0.0120432 0.013288 0.999839 2.56344
0.999319 0.0367759 0.00298997 -92.9074 -0.0367366 0.99925 -0.0122791 0.388926 -0.00343931 0.0121609 0.99992 2.59169
0.99927 0.0381234 0.00246996 -93.6679 -0.0380935 0.999211 -0.011196 0.429893 -0.00289484 0.0110937 0.999934 2.62654
0.9992 0.0394782 0.00634155 -94.4182 -0.0394106 0.999168 -0.0104488 0.465273 -0.00674878 0.0101905 0.999925 2.65546
0.999118 0.0408826 0.00953319 -95.1758 -0.0407947 0.999125 -0.00924304 0.488045 -0.00990273 0.00884599 0.999912 2.66559
0.999041 0.042734 0.00948282 -95.9471 -0.0426722 0.999067 -0.00662694 0.526464 -0.00975717 0.00621594 0.999933 2.68257
0.998962 0.0450863 0.00648943 -96.7423 -0.0450532 0.998971 -0.00515693 0.572707 -0.00671526 0.00485921 0.999966 2.72888
0.99887 0.0473822 0.0035619 -97.5223 -0.047358 0.998856 -0.00660274 0.59666 -0.00387068 0.0064266 0.999972 2.7722
0.998787 0.0491172 0.0035584 -98.2909 -0.0490838 0.998755 -0.00894899 0.630034 -0.00399352 0.00876347 0.999954 2.78335
0.998726 0.0501744 0.00530653 -99.0711 -0.0501237 0.9987 -0.00928447 0.70721 -0.00576548 0.00900667 0.999943 2.78157
0.998661 0.0512965 0.00669772 -99.83 -0.0512464 0.998658 -0.00744571 0.732278 -0.00707067 0.00709251 0.99995 2.79934
0.998546 0.0534099 0.00732047 -100.623 -0.0533724 0.998561 -0.00521759 0.79559 -0.0075886 0.00481929 0.99996 2.83357
0.998413 0.0558036 0.00758937 -101.433 -0.0557655 0.998431 -0.00514066 0.851335 -0.00786433 0.00470928 0.999958 2.88219
0.998277 0.0579815 0.00904217 -102.248 -0.0579229 0.998299 -0.00661623 0.868641 -0.00941041 0.00608108 0.999937 2.90726
0.998137 0.0598941 0.0116099 -103.02 -0.0597851 0.998166 -0.00952207 0.919156 -0.0121589 0.00881024 0.999887 2.93223
0.998024 0.0612991 0.0137918 -103.805 -0.0611404 0.998061 -0.0116519 0.987365 -0.0144793 0.0107856 0.999837 2.94152
0.997888 0.0635578 0.0133927 -104.619 -0.0634077 0.997923 -0.0113471 1.03313 -0.0140861 0.010474 0.999846 2.95894
0.997811 0.065465 0.00938149 -105.464 -0.0653651 0.997805 -0.0105813 1.09664 -0.0100536 0.00994495 0.9999 2.99812
0.997685 0.0679478 0.00283252 -106.261 -0.0679145 0.997635 -0.0105633 1.15181 -0.00354357 0.0103465 0.99994 3.0252
0.99755 0.069934 -0.0015237 -107.068 -0.0699467 0.997489 -0.0111112 1.21088 0.000742827 0.0111905 0.999937 3.04969
0.997404 0.0720101 -0.00010324 -107.899 -0.0720057 0.997325 -0.0125975 1.25478 -0.000804183 0.0125722 0.999921 3.07655
0.997204 0.0744715 0.0062333 -108.741 -0.0743775 0.99713 -0.0141565 1.33002 -0.00726966 0.0136533 0.99988 3.09547
0.996945 0.076735 0.0146073 -109.563 -0.076502 0.996943 -0.0158904 1.39306 -0.015782 0.0147244 0.999767 3.12067
0.9967 0.0787659 0.0196232 -110.373 -0.0784526 0.996785 -0.0162538 1.47722 -0.0208404 0.0146607 0.999675 3.15572
0.99651 0.0814653 0.0182231 -111.203 -0.081177 0.996571 -0.0160393 1.54043 -0.0194673 0.014504 0.999705 3.19196
0.99641 0.0838607 0.0115764 -112.044 -0.083667 0.99636 -0.0163071 1.60601 -0.0129018 0.01528 0.9998 3.21253
0.996231 0.0865746 0.00537768 -112.894 -0.0864851 0.996139 -0.0150887 1.69485 -0.00666321 0.0145667 0.999872 3.21557
0.996047 0.0887985 0.00222094 -113.751 -0.0887619 0.995966 -0.0131467 1.76904 -0.00337939 0.0128976 0.999911 3.24733
0.995806 0.0914642 0.00215992 -114.582 -0.0914371 0.995757 -0.0103981 1.84338 -0.00310181 0.0101569 0.999944 3.28095
0.995583 0.0937455 0.00504534 -115.423 -0.0936874 0.995544 -0.0107373 1.94419 -0.00602944 0.0102172 0.99993 3.34857
0.995321 0.0957507 0.0129736 -116.285 -0.0955494 0.995307 -0.0153373 2.02854 -0.0143813 0.0140259 0.999798 3.3702
0.995035 0.0971955 0.0214086 -117.139 -0.0968562 0.995164 -0.0163543 2.11111 -0.0228946 0.0141995 0.999637 3.37131
0.994863 0.0986547 0.0226755 -117.984 -0.0983654 0.995058 -0.0135428 2.19312 -0.0238995 0.0112427 0.999651 3.40836
0.994768 0.100494 0.0183918 -118.832 -0.100305 0.994897 -0.0109156 2.28563 -0.0193949 0.00901365 0.999771 3.48127
0.994675 0.102106 0.0139865 -119.704 -0.101969 0.994735 -0.0101846 2.3699 -0.0149528 0.00870415 0.99985 3.52101
0.994512 0.103594 0.0146171 -120.558 -0.103426 0.994567 -0.0118457 2.45652 -0.0157649 0.010269 0.999823 3.54278
0.994338 0.104651 0.0184248 -121.417 -0.104397 0.994434 -0.014239 2.56359 -0.0198124 0.0122349 0.999729 3.56991
0.994181 0.105701 0.0207633 -122.272 -0.105402 0.994317 -0.0149722 2.63809 -0.0222279 0.0126966 0.999672 3.59067
0.994065 0.107489 0.0167308 -123.117 -0.107295 0.994153 -0.0121159 2.74126 -0.0179353 0.0102488 0.999787 3.63133
0.994036 0.108826 0.00703023 -123.981 -0.108759 0.994025 -0.0092135 2.83969 -0.00799089 0.00839395 0.999933 3.67415
0.99386 0.110626 -0.00190211 -124.84 -0.110638 0.993825 -0.00848735 2.94866 0.000951445 0.00864568 0.999962 3.70904
0.993655 0.112444 -0.00235498 -125.706 -0.112461 0.993612 -0.00931951 3.03032 0.00129201 0.00952523 0.999954 3.70896
0.993471 0.114018 0.00400769 -126.569 -0.113973 0.993433 -0.0100729 3.14044 -0.00512986 0.00955041 0.999941 3.71637
0.993325 0.114903 0.0101048 -127.43 -0.114813 0.993346 -0.00903711 3.2396 -0.0110759 0.00781663 0.999908 3.76685
0.993116 0.116496 0.0121814 -128.296 -0.116387 0.99316 -0.00933037 3.34522 -0.0131851 0.00784839 0.999882 3.82391
0.992945 0.118077 0.0108949 -129.172 -0.117964 0.992962 -0.0105107 3.46824 -0.0120593 0.00915134 0.999885 3.84862
0.992792 0.119597 0.0078365 -130.04 -0.119504 0.992768 -0.0113818 3.57157 -0.00914105 0.0103633 0.999905 3.84954
0.992637 0.121061 0.00405356 -130.912 -0.12101 0.99259 -0.0110405 3.665 -0.00536009 0.0104687 0.999931 3.87121
0.992445 0.122661 0.00264757 -131.792 -0.122634 0.992414 -0.00866766 3.77331 -0.00369068 0.0082775 0.999959 3.89268
0.992248 0.124194 0.00450023 -132.674 -0.124162 0.992238 -0.00681785 3.90084 -0.00531204 0.00620624 0.999967 3.93719
0.992117 0.125043 0.00829286 -133.539 -0.12499 0.992136 -0.00661938 4.03983 -0.00905535 0.00553067 0.999944 3.97706
0.991893 0.126621 0.0107044 -134.404 -0.126561 0.99194 -0.00617656 4.13719 -0.0114002 0.00477173 0.999924 4.00388
0.991748 0.127841 0.00965773 -135.3 -0.12779 0.991785 -0.00571522 4.25626 -0.010309 0.00443389 0.999937 4.03784
0.991611 0.1291 0.00635007 -136.202 -0.129065 0.991621 -0.00556178 4.37752 -0.00701489 0.00469555 0.999964 4.06493
0.991487 0.13014 0.00420382 -137.086 -0.130115 0.991482 -0.00586314 4.49864 -0.00493104 0.00526625 0.999974 4.09229
0.991474 0.130249 0.00387955 -137.945 -0.130224 0.991465 -0.00622842 4.61879 -0.00465768 0.00567011 0.999973 4.12187
0.991494 0.130079 0.00440974 -138.847 -0.130051 0.991488 -0.00622944 4.73387 -0.00518252 0.00560296 0.999971 4.14272
0.991519 0.129874 0.00477209 -139.753 -0.129843 0.991514 -0.00633173 4.85141 -0.00555393 0.00565841 0.999969 4.1596
0.991465 0.130231 0.00612384 -140.619 -0.130189 0.991466 -0.00682222 4.9538 -0.00696005 0.00596674 0.999958 4.18669
0.991459 0.130146 0.0084044 -141.484 -0.130082 0.991473 -0.00778415 5.07257 -0.00934581 0.0066244 0.999934 4.20168
0.991516 0.129617 0.00974476 -142.396 -0.129547 0.991545 -0.00755016 5.19819 -0.010641 0.0062237 0.999924 4.2166
0.991576 0.129146 0.00986711 -143.302 -0.129083 0.991611 -0.00679064 5.31434 -0.0106613 0.00545977 0.999928 4.25984
0.991514 0.129601 0.0101321 -144.169 -0.129536 0.991551 -0.00687984 5.42773 -0.0109381 0.00550899 0.999925 4.29877
0.991545 0.129328 0.0105952 -145.068 -0.129253 0.991583 -0.0074798 5.54796 -0.0114734 0.0060471 0.999916 4.32609
0.991601 0.128949 0.00997515 -145.964 -0.128872 0.991629 -0.0079875 5.65924 -0.0109216 0.0066349 0.999918 4.335
0.991631 0.128847 0.00814894 -146.836 -0.128782 0.99164 -0.00808782 5.76472 -0.0091229 0.0069707 0.999934 4.35896
0.991669 0.128614 0.00718198 -147.738 -0.128553 0.991667 -0.00844987 5.88322 -0.00820891 0.0074562 0.999939 4.39209
0.991676 0.12847 0.00863838 -148.626 -0.128391 0.991681 -0.00920285 6.00593 -0.00974881 0.00801716 0.99992 4.44227
0.991656 0.128494 0.0103891 -149.497 -0.128397 0.991677 -0.00948448 6.11594 -0.0115213 0.00807141 0.999901 4.47559
0.99175 0.127766 0.0103674 -150.394 -0.127676 0.991776 -0.00892933 6.23645 -0.011423 0.00753199 0.999906 4.48769
0.991819 0.127339 0.00897169 -151.269 -0.127256 0.991827 -0.00926315 6.34667 -0.0100779 0.00804566 0.999917 4.53443
0.991813 0.127322 0.00978307 -152.138 -0.127236 0.991832 -0.00897163 6.46707 -0.0108454 0.00765343 0.999912 4.55051
0.991832 0.126985 0.0120176 -153.016 -0.126901 0.991887 -0.00749419 6.58505 -0.0128717 0.00590793 0.9999 4.58862
0.991866 0.126714 0.0120566 -153.86 -0.126648 0.991929 -0.00607717 6.70301 -0.0127294 0.00450079 0.999909 4.64195
0.991902 0.126625 0.00981112 -154.736 -0.126585 0.991945 -0.00460508 6.83409 -0.0103152 0.00332585 0.999941 4.68645
0.991944 0.126435 0.00782601 -155.612 -0.126407 0.99197 -0.00405173 6.93848 -0.00827545 0.00302982 0.999961 4.71884
0.991986 0.126089 0.00808125 -156.471 -0.126065 0.992016 -0.00344603 7.04256 -0.00845123 0.00239966 0.999961 4.74702
0.992032 0.125619 0.00958868 -157.326 -0.125589 0.992075 -0.0036915 7.15327 -0.00997642 0.00245786 0.999947 4.7801
0.992035 0.125458 0.0112316 -158.186 -0.12542 0.992096 -0.00398843 7.26663 -0.0116432 0.00254799 0.999929 4.81228
0.992063 0.125162 0.0120327 -159.035 -0.125124 0.992134 -0.00382114 7.3807 -0.0124163 0.00228523 0.99992 4.8415
0.992103 0.124843 0.0120994 -159.864 -0.124803 0.992174 -0.00398746 7.48475 -0.0125025 0.00244592 0.999919 4.87675
0.992123 0.124764 0.0111791 -160.717 -0.124721 0.992182 -0.00447505 7.5826 -0.01165 0.00304553 0.999927 4.91184
0.992158 0.12461 0.00970017 -161.578 -0.124567 0.992199 -0.00487246 7.68802 -0.0102317 0.00362593 0.999941 4.92098
0.992179 0.124553 0.00822504 -162.429 -0.124523 0.992208 -0.00403431 7.79126 -0.00866344 0.00297855 0.999958 4.94997
0.992218 0.124331 0.00671359 -163.238 -0.124312 0.992238 -0.00309957 7.89871 -0.00704685 0.00224087 0.999973 4.97584
0.992261 0.124036 0.00580212 -164.074 -0.124022 0.992276 -0.00274134 8.01545 -0.00609733 0.00200054 0.999979 5.02614
0.99226 0.124018 0.00635219 -164.893 -0.123998 0.992276 -0.00357728 8.12134 -0.00674677 0.00276193 0.999973 5.05325
0.992293 0.123669 0.00783713 -165.734 -0.123638 0.992318 -0.00426995 8.21293 -0.00830498 0.00326807 0.99996 5.07541
0.992293 0.123587 0.00895097 -166.564 -0.123556 0.99233 -0.00400491 8.31826 -0.00937727 0.0028681 0.999952 5.10354
0.992327 0.123289 0.0092852 -167.374 -0.123261 0.992368 -0.0034961 8.43045 -0.00964537 0.00232477 0.999951 5.12994
0.992352 0.123133 0.00867522 -168.188 -0.123112 0.992389 -0.00283306 8.53253 -0.00895804 0.00174337 0.999958 5.1639
0.992343 0.12316 0.00933971 -169.003 -0.123138 0.992385 -0.00287854 8.63532 -0.00962312 0.00170642 0.999952 5.19802
0.992329 0.123077 0.0115994 -169.81 -0.123052 0.992396 -0.00284355 8.73195 -0.0118611 0.00139442 0.999929 5.22207
0.992331 0.122923 0.0130016 -170.598 -0.122904 0.992416 -0.00227618 8.83774 -0.0131828 0.000660779 0.999913 5.25801
0.992353 0.122726 0.0131788 -171.399 -0.122703 0.99244 -0.0025074 8.94027 -0.0133869 0.000871139 0.99991 5.31237
0.992354 0.122781 0.0125741 -172.205 -0.122753 0.992433 -0.00297735 9.0214 -0.0128446 0.00141107 0.999917 5.34229
0.992367 0.122842 0.0108205 -173.009 -0.122789 0.992418 -0.00541946 9.13614 -0.0114042 0.00404945 0.999927 5.36258
0.992429 0.122399 0.0101572 -173.802 -0.122342 0.992469 -0.00610504 9.23408 -0.0108279 0.00481618 0.99993 5.36286
0.992489 0.122008 0.00893771 -174.58 -0.121953 0.992515 -0.00641902 9.32193 -0.00965398 0.00528082 0.999939 5.41198
0.99248 0.122094 0.0087876 -175.371 -0.12204 0.992504 -0.00645495 9.41253 -0.00950984 0.00533397 0.999941 5.45286
0.992467 0.122171 0.00916035 -176.156 -0.122106 0.99249 -0.00726864 9.5137 -0.00997957 0.00609534 0.999932 5.49481
0.992481 0.121967 0.0102912 -176.935 -0.121883 0.992509 -0.00842615 9.62015 -0.0112418 0.00710847 0.999912 5.52217
0.992458 0.121973 0.0122278 -177.701 -0.121864 0.992503 -0.00930298 9.7187 -0.0132709 0.00774268 0.999882 5.54273
0.992446 0.121872 0.0140669 -178.483 -0.121748 0.992517 -0.00935978 9.80119 -0.0151023 0.00757646 0.999857 5.56669
0.9925 0.121306 0.0151403 -179.256 -0.121169 0.992585 -0.00965353 9.90038 -0.0161991 0.00774659 0.999839 5.61505
0.992558 0.12074 0.0158544 -180.019 -0.120567 0.992639 -0.0114303 10.0074 -0.0171178 0.00943367 0.999809 5.65266
0.992583 0.120566 0.0155508 -180.817 -0.120364 0.99264 -0.0133341 10.0974 -0.017044 0.0113634 0.99979 5.67426
0.992579 0.120651 0.0151837 -181.6 -0.120391 0.992581 -0.0169869 10.1764 -0.0171205 0.0150329 0.99974 5.70613
0.992436 0.120683 0.0224988 -182.363 -0.120289 0.992573 -0.0181274 10.2594 -0.0245194 0.0152839 0.999583 5.72587
0.992136 0.120251 0.0347398 -183.133 -0.11977 0.992679 -0.0156163 10.3488 -0.0363633 0.0113327 0.999274 5.76634
0.991965 0.119168 0.0424684 -183.902 -0.118929 0.99287 -0.00810673 10.4839 -0.0431316 0.00299086 0.999065 5.83024
0.992268 0.118822 0.0358402 -184.673 -0.118814 0.992914 -0.0023852 10.5959 -0.0358697 -0.00189155 0.999355 5.9056
0.992723 0.11952 0.014679 -185.474 -0.119482 0.99283 -0.00346314 10.6876 -0.0149877 0.00168407 0.999886 5.95292
0.992582 0.120818 -0.0135514 -186.298 -0.120889 0.992656 -0.00455241 10.7529 0.0129018 0.00615685 0.999898 5.88653
0.992082 0.12186 -0.0304041 -187.106 -0.122012 0.992524 -0.00319028 10.8441 0.029788 0.00687468 0.999533 5.87364
0.99222 0.122107 -0.0242794 -187.906 -0.122182 0.992506 -0.00160566 10.9645 0.0239014 0.00455966 0.999704 5.94457
0.992384 0.123091 0.00484613 -188.651 -0.123062 0.992381 -0.0059582 11.066 -0.00554261 0.00531644 0.999971 6.04213
0.991725 0.123339 0.0356318 -189.411 -0.122977 0.992335 -0.0121886 11.1649 -0.036862 0.00770588 0.999291 6.03676
0.991237 0.123808 0.0460451 -190.198 -0.123345 0.992282 -0.0127765 11.2673 -0.0472716 0.00698514 0.998858 5.9993
0.991787 0.123799 0.0321351 -191.02 -0.123599 0.992299 -0.00815288 11.3753 -0.0328969 0.00411406 0.99945 6.0436
0.992102 0.124744 0.0131202 -191.837 -0.124714 0.992188 -0.00310568 11.473 -0.0134051 0.00144488 0.999909 6.11401
0.992046 0.12587 0.00142913 -192.653 -0.125872 0.992046 0.000980273 11.5778 -0.00129438 -0.00115236 0.999998 6.1572
0.992013 0.126136 -0.000680231 -193.469 -0.126136 0.992013 0.000366898 11.681 0.000721077 -0.000278166 1 6.21168
0.992053 0.125682 0.00592204 -194.277 -0.125661 0.992066 -0.00373547 11.7699 -0.00634454 0.00296161 0.999975 6.22547
0.991969 0.125459 0.0160327 -195.084 -0.125377 0.992091 -0.00600997 11.8667 -0.0166599 0.00395157 0.999853 6.20281
0.99198 0.12479 0.0200732 -195.883 -0.124751 0.992183 -0.00319716 11.9789 -0.0203153 0.000667363 0.999793 6.20967
0.992065 0.124798 0.0152765 -196.68 -0.124832 0.992177 0.00129222 12.1023 -0.0149957 -0.00318897 0.999882 6.277
0.992063 0.125441 0.00875301 -197.519 -0.125466 0.992095 0.0024327 12.2187 -0.00837866 -0.0035116 0.999959 6.34574
0.991945 0.126171 0.0112575 -198.371 -0.126192 0.992005 0.00119074 12.3165 -0.0110173 -0.00260175 0.999936 6.35378
0.991846 0.125808 0.0203314 -199.185 -0.12584 0.99205 0.000315702 12.3968 -0.02013 -0.00287163 0.999793 6.36908
0.991809 0.125025 0.0261484 -199.997 -0.125088 0.992145 0.000765078 12.5118 -0.0258474 -0.00402965 0.999658 6.41278
0.991857 0.125027 0.0242366 -200.82 -0.125087 0.992145 0.000957854 12.6248 -0.0239265 -0.00398173 0.999706 6.46335
0.991985 0.125084 0.0178549 -201.648 -0.125142 0.992136 0.00218688 12.7438 -0.0174409 -0.00440375 0.999838 6.48254
0.992049 0.12534 0.011343 -202.503 -0.125373 0.992107 0.00218867 12.8504 -0.0109792 -0.00359337 0.999933 6.52736
0.992015 0.125768 0.00938963 -203.343 -0.12578 0.992058 0.000634886 12.9415 -0.00923521 -0.00181084 0.999956 6.5755
