1 0 0 0 0 1 0 0 0 0 1 0
1 2.46629e-05 -2.48008e-05 -0.00052867 -2.46626e-05 1 1.11994e-05 0.00347253 2.4801e-05 -1.11987e-05 1 0.0010172
1 -1.43272e-05 -5.23465e-05 0.000631498 1.43283e-05 1 1.96602e-05 0.00227077 5.23462e-05 -1.9661e-05 1 0.0013795
1 -5.19755e-05 -4.5786e-05 0.00121881 5.19768e-05 1 2.75951e-05 0.00168908 4.57846e-05 -2.75975e-05 1 0.000354315
1 -5.92545e-08 -5.25621e-05 0.00305341 5.9713e-08 1 8.72251e-06 0.00226876 5.25621e-05 -8.72252e-06 1 0.00227986
1 3.25067e-05 -4.86584e-05 0.00205394 -3.25071e-05 1 -6.9272e-06 0.000868614 4.86582e-05 6.92878e-06 1 0.00254359
1 1.69107e-05 -2.5452e-05 0.0010188 -1.69107e-05 1 1.07055e-06 -0.00022136 2.5452e-05 -1.07012e-06 1 0.000713319
1 -1.79445e-05 -1.34044e-05 0.000298862 1.79444e-05 1 -1.34805e-06 0.00166083 1.34045e-05 1.34781e-06 1 0.000688866
1 -2.36566e-05 -1.00757e-05 -0.00106093 2.36565e-05 1 -2.52602e-06 0.00358818 1.00758e-05 2.52578e-06 1 0.000596947
1 -4.8549e-06 -3.7258e-05 -0.00137295 4.85472e-06 1 -4.86135e-06 0.00248896 3.72581e-05 4.86117e-06 1 0.00207954
1 -1.41881e-05 -3.59199e-05 -0.000454049 1.41885e-05 1 1.17151e-05 0.00148963 3.59197e-05 -1.17156e-05 1 0.00184228
1 -3.4975e-05 -7.4401e-06 -0.00427312 3.4975e-05 1 9.14882e-06 0.000896034 7.43978e-06 -9.14908e-06 1 0.0014084
1 -1.15963e-06 -1.3994e-05 -0.00301314 1.15975e-06 1 9.057e-06 -0.00133085 1.39939e-05 -9.05701e-06 1 0.000542534
1 -6.89479e-07 -1.3594e-05 -0.00116144 6.89634e-07 1 1.14266e-05 -4.93438e-05 1.3594e-05 -1.14266e-05 1 0.000679836
1 5.04159e-06 -3.3521e-05 0.00242018 -5.04126e-06 1 9.99889e-06 0.00359607 3.35211e-05 -9.99872e-06 1 0.000977524
1 -2.88407e-06 -1.07432e-05 -0.000286813 2.8841e-06 1 2.36564e-06 0.00135763 1.07432e-05 -2.36567e-06 1 0.00101739
1 -6.49606e-06 -2.28829e-05 -0.0022961 6.49632e-06 1 1.15589e-05 0.00131364 2.28828e-05 -1.1559e-05 1 0.00113013
1 3.09435e-06 -1.17891e-05 -0.000235498 -3.09427e-06 1 6.2541e-06 0.00112096 1.17891e-05 -6.25406e-06 1 5.77136e-05
1 -2.93986e-05 -8.40251e-06 -0.00106875 2.93986e-05 1 -3.84234e-06 0.00492476 8.40263e-06 3.84209e-06 1 -0.00037878
1 -1.37546e-05 -3.39062e-05 -0.000992647 1.37545e-05 1 -2.68141e-06 0.00446628 3.39062e-05 2.68094e-06 1 0.0016982
1 -6.73616e-06 -2.03984e-05 -0.00138599 6.73649e-06 1 1.59388e-05 0.000203835 2.03983e-05 -1.59389e-05 1 0.000392232
1 3.70687e-06 -1.81228e-05 0.00130489 -3.70666e-06 1 1.17836e-05 0.00212833 1.81229e-05 -1.17835e-05 1 0.00010869
1 -9.73219e-06 -3.85443e-05 0.0014301 9.73248e-06 1 7.51423e-06 0.00311419 3.85442e-05 -7.5146e-06 1 0.000993077
1 -2.12007e-05 -2.53846e-05 -0.000315716 2.12008e-05 1 5.49859e-06 0.00403536 2.53844e-05 -5.49913e-06 1 0.000486747
1 7.45858e-06 -2.31971e-05 9.75104e-05 -7.45813e-06 1 1.93023e-05 -0.00117802 2.31972e-05 -1.93021e-05 1 0.000500075
1 -2.24261e-05 -2.40338e-05 -0.00259926 2.24263e-05 1 6.50398e-06 -3.97295e-05 2.40337e-05 -6.50452e-06 1 0.00129475
1 -6.11451e-05 3.62691e-06 -0.00409216 6.11451e-05 1 5.11206e-06 0.00625548 -3.62722e-06 -5.11183e-06 1 -0.000496862
1 1.14395e-05 -3.92161e-05 9.49443e-06 -1.14388e-05 1 1.6062e-05 0.000830071 3.92163e-05 -1.60616e-05 1 0.000888978
1 -2.27234e-05 -5.47234e-06 -0.00301025 2.27235e-05 1 1.94361e-05 0.00119288 5.4719e-06 -1.94362e-05 1 -0.000295687
1 -2.10634e-05 -1.23334e-05 -0.00065632 2.10634e-05 1 2.99735e-06 0.00359133 1.23333e-05 -2.99761e-06 1 -1.78099e-05
1 -5.16737e-06 -4.68472e-05 0.00129473 5.168e-06 1 1.33341e-05 0.00297775 4.68472e-05 -1.33343e-05 1 0.00120794
1 -6.54548e-06 -3.80285e-05 -0.000687514 6.54584e-06 1 9.26329e-06 0.00102347 3.80284e-05 -9.26354e-06 1 0.00174045
1 -1.7135e-05 -3.41482e-05 -0.000345821 1.71348e-05 1 -3.93465e-06 0.00274308 3.41483e-05 3.93406e-06 1 0.00177742
1 -6.87317e-06 -1.11487e-05 -0.000634304 6.87333e-06 1 1.37432e-05 0.00123498 1.11487e-05 -1.37433e-05 1 -0.000259163
1 -6.67251e-06 1.97292e-06 -0.000197137 6.6725e-06 1 3.26101e-06 0.00236839 -1.97295e-06 -3.261e-06 1 -0.000754496
1 -3.1399e-05 -7.91318e-06 -0.00252246 3.13991e-05 1 8.94451e-06 0.00231202 7.9129e-06 -8.94476e-06 1 -0.000399722
1 5.14875e-06 -4.79836e-05 0.00447369 -5.14798e-06 1 1.59404e-05 0.00181716 4.79837e-05 -1.59402e-05 1 0.00114606
1 -6.08912e-06 -5.60135e-06 9.3321e-06 6.08922e-06 1 1.84739e-05 0.00176737 5.60124e-06 -1.84739e-05 1 -0.000126103
1 9.70332e-07 -1.14283e-06 -0.00177562 -9.70326e-07 1 5.41424e-06 -0.000305661 1.14283e-06 -5.41424e-06 1 -0.000241069
1 8.8121e-06 -1.47892e-05 -0.000124381 -8.8121e-06 1 2.14494e-07 0.00110059 1.47892e-05 -2.14364e-07 1 0.000480362
1 -1.22328e-05 -2.3769e-05 0.000610916 1.22331e-05 1 1.18827e-05 0.00348716 2.37689e-05 -1.1883e-05 1 0.000525661
1 -8.48794e-06 -1.22891e-05 0.00139909 8.48817e-06 1 1.85811e-05 0.000725988 1.2289e-05 -1.85813e-05 1 -0.000636669
1 -3.33965e-05 -1.52636e-05 -0.00358056 3.33966e-05 1 9.86136e-06 0.00186064 1.52632e-05 -9.86187e-06 1 -0.000117676
1 7.86938e-06 -2.28896e-06 -0.00226266 -7.86933e-06 1 1.94163e-05 -0.00139382 2.28911e-06 -1.94163e-05 1 -0.000780467
1 -7.39621e-06 3.46307e-06 -0.000993844 7.39623e-06 1 -6.29996e-06 0.00391777 -3.46302e-06 6.29998e-06 1 -0.000799727
1 -1.17801e-05 -1.13236e-05 0.000261418 1.17802e-05 1 3.38709e-06 0.00135649 1.13236e-05 -3.38722e-06 1 0.000369623
1 3.25971e-05 -2.96748e-05 0.00588559 -3.25965e-05 1 1.98902e-05 -2.04403e-06 2.96754e-05 -1.98892e-05 1 0.000652428
1 -7.01146e-06 -2.07154e-05 0.00193094 7.01194e-06 1 2.33143e-05 -0.00055404 2.07152e-05 -2.33144e-05 1 -0.000337174
1 -1.64295e-05 -2.37991e-05 -0.000525319 1.64299e-05 1 1.7489e-05 -0.00154364 2.37988e-05 -1.74894e-05 1 -0.000550163
1 1.89016e-05 -2.36398e-05 0.000705172 -1.89014e-05 1 8.44558e-06 -0.000987327 2.364e-05 -8.44513e-06 1 -0.000107991
1 -3.13252e-05 -3.70462e-05 -0.00213836 3.13257e-05 1 1.30072e-05 0.0015418 3.70458e-05 -1.30084e-05 1 0.00102323
1 -7.52046e-06 -2.71473e-05 -0.000736821 7.52091e-06 1 1.6254e-05 0.0019698 2.71471e-05 -1.62542e-05 1 0.000813224
1 6.49877e-06 -3.47889e-05 0.00197807 -6.49863e-06 1 3.85856e-06 0.00119719 3.47889e-05 -3.85833e-06 1 0.00162335
1 1.85467e-05 -4.07537e-05 0.00120846 -1.85461e-05 1 1.31265e-05 -0.00187346 4.07539e-05 -1.31257e-05 1 0.0016501
1 1.21267e-06 -2.21054e-05 -0.000141104 -1.21248e-06 1 8.36951e-06 0.0017054 2.21054e-05 -8.36949e-06 1 0.0010609
1 4.61872e-06 -2.5002e-05 0.00285278 -4.61861e-06 1 4.48945e-06 0.00471863 2.5002e-05 -4.48934e-06 1 0.000334212
1 -2.46012e-06 -1.7572e-05 0.00150817 2.46017e-06 1 3.01176e-06 0.0024352 1.7572e-05 -3.0118e-06 1 0.000409395
1 3.50921e-05 -2.2936e-05 0.00193366 -3.50915e-05 1 2.50286e-05 -0.00174051 2.29368e-05 -2.50278e-05 1 -5.93176e-05
1 -1.40478e-05 -3.64314e-05 -3.69188e-05 1.40482e-05 1 1.1723e-05 0.00344358 3.64312e-05 -1.17236e-05 1 0.000577864
1 1.2019e-05 -4.22956e-05 0.0023926 -1.20187e-05 1 5.7554e-06 0.00181825 4.22957e-05 -5.75489e-06 1 0.00116434
1 1.99654e-05 -2.76112e-05 0.00311255 -1.99651e-05 1 1.10302e-05 0.00405481 2.76115e-05 -1.10297e-05 1 0.000809792
1 2.69579e-05 -2.02902e-05 0.00535632 -2.69579e-05 1 2.73974e-07 0.00220206 2.02902e-05 -2.73427e-07 1 0.000675099
1 6.66884e-05 -7.10128e-05 0.0165715 -6.66879e-05 1 6.4555e-06 0.00500119 7.10132e-05 -6.45076e-06 1 0.00148034
1 0.000101596 -4.47404e-05 0.0218419 -0.000101596 1 -2.86953e-06 0.00309553 4.47401e-05 2.87407e-06 1 0.00270674
1 0.000129756 2.04944e-05 0.0158327 -0.000129756 1 -4.39082e-07 -0.00258352 -2.04945e-05 4.36423e-07 1 0.00143668
1 0.000103124 1.00301e-05 0.00952604 -0.000103124 1 -1.13012e-05 0.00170476 -1.00312e-05 1.13002e-05 1 0.00122705
1 -6.78581e-05 -3.61736e-06 -0.0106984 6.78582e-05 1 9.48787e-06 0.00312857 3.61672e-06 -9.48811e-06 1 0.000473912
1 -0.000124139 -9.47132e-06 -0.0181373 0.000124139 1 -1.14519e-05 0.00472536 9.47274e-06 1.14508e-05 1 0.00251818
1 -0.000180152 1.7185e-05 -0.0278038 0.000180152 1 -2.95048e-05 0.00562582 -1.71797e-05 2.95079e-05 1 0.00305972
1 -0.000237859 9.12715e-06 -0.0366781 0.000237859 1 -1.65206e-05 0.00383695 -9.12322e-06 1.65228e-05 1 0.00356466
1 -0.000249631 3.14563e-05 -0.0389062 0.000249633 1 -4.22988e-05 0.000115749 -3.14457e-05 4.23067e-05 1 0.00739515
1 -0.000312026 0.000318266 -0.0589234 0.000312066 1 -0.00012557 -0.00779148 -0.000318227 0.00012567 1 0.00787935
1 -0.000428635 0.000440896 -0.0796092 0.00042871 1 -0.000170863 -0.00855601 -0.000440823 0.000171052 1 0.00928105
1 -0.000659242 0.000429234 -0.118707 0.000659311 1 -0.00016053 -0.00822326 -0.000429128 0.000160813 1 0.00890546
0.999999 -0.00149387 0.00048624 -0.229016 0.00149395 0.999999 -0.000175266 0.0118185 -0.000485978 0.000175993 1 0.0092454
0.999997 -0.00215852 0.000601163 -0.32625 0.00215862 0.999998 -0.000172321 0.0306037 -0.000600789 0.000173618 1 0.00642229
0.999997 -0.00235935 0.000760277 -0.375585 0.0023595 0.999997 -0.000191907 0.025629 -0.000759822 0.000193701 1 0.00535723
0.999996 -0.00262292 0.00098989 -0.426545 0.00262318 0.999997 -0.000262138 0.029401 -0.000989199 0.000264734 0.999999 0.00444555
0.999994 -0.00341534 0.00114277 -0.50161 0.00341569 0.999994 -0.000301875 0.0465944 -0.00114173 0.000305776 0.999999 0.00310234
0.999989 -0.00450199 0.00137676 -0.6119 0.0045025 0.99999 -0.000367725 0.0680498 -0.00137509 0.00037392 0.999999 0.00115788
0.999983 -0.00565804 0.00146655 -0.739258 0.00565861 0.999984 -0.000385725 0.0683257 -0.00146434 0.000394017 0.999999 0.00530836
0.999977 -0.00668859 0.00139681 -0.846443 0.00668921 0.999978 -0.000437397 0.0839032 -0.00139385 0.000446731 0.999999 0.0175238
0.999969 -0.00770427 0.00151268 -0.973281 0.00770496 0.99997 -0.000452262 0.121014 -0.00150915 0.000463903 0.999999 0.0170299
0.999963 -0.00846334 0.00150433 -1.06155 0.00846393 0.999964 -0.000383969 0.135952 -0.00150103 0.000396687 0.999999 0.014921
0.999953 -0.00947851 0.00181105 -1.16284 0.0094794 0.999955 -0.000481373 0.149109 -0.00180641 0.000498518 0.999998 0.0132738
0.999938 -0.0109469 0.00207082 -1.3309 0.0109481 0.99994 -0.000575337 0.199212 -0.0020644 0.000597973 0.999998 0.0165191
0.99992 -0.0124296 0.00224533 -1.49887 0.012431 0.999923 -0.000604509 0.230501 -0.00223764 0.000632372 0.999997 0.0153126
0.999902 -0.0137977 0.00231976 -1.63035 0.0137992 0.999905 -0.000638141 0.265483 -0.00231073 0.000670089 0.999997 0.0191464
0.999883 -0.0151422 0.00228728 -1.76568 0.0151436 0.999885 -0.000622471 0.297083 -0.00227759 0.000657036 0.999997 0.0158411
0.999862 -0.0164236 0.00248322 -1.93674 0.0164252 0.999865 -0.000614273 0.307804 -0.00247279 0.000654976 0.999997 0.0153552
0.999837 -0.0178738 0.00270807 -2.12316 0.0178754 0.99984 -0.000598577 0.325213 -0.00269694 0.000646887 0.999996 0.0114703
0.99981 -0.0192951 0.00282641 -2.30845 0.0192971 0.999814 -0.000667607 0.361433 -0.002813 0.000722022 0.999996 0.0132966
0.999859 -0.0165365 0.00291486 -2.55444 0.016538 0.999863 -0.000517911 0.314744 -0.0029059 0.000566044 0.999996 0.0041812
0.999935 -0.0111282 0.00266848 -2.7891 0.0111288 0.999938 -0.000221539 0.228136 -0.00266585 0.000251221 0.999996 -0.002975
0.999977 -0.00634061 0.00253912 -3.00779 0.00634081 0.99998 -7.12646e-05 0.168075 -0.00253862 8.73631e-05 0.999997 -0.00504539
0.999995 -0.00215597 0.00246156 -3.19617 0.00215562 0.999998 0.000144506 0.0990806 -0.00246186 -0.000139199 0.999997 -0.0107811
0.999997 0.000349444 0.00225334 -3.45795 -0.000349904 1 0.000203765 0.0481508 -0.00225327 -0.000204553 0.999997 0.000116124
0.999993 0.00331368 0.0017511 -3.65305 -0.00331446 0.999994 0.000443693 -0.00868848 -0.00174962 -0.000449494 0.999998 0.00612668
0.999996 0.00220646 0.00168038 -3.82839 -0.0022071 0.999997 0.000384317 0.0200696 -0.00167953 -0.000388025 0.999999 0.0179738
0.999998 -0.000435197 0.00185142 -3.98499 0.000434613 1 0.000316086 0.0561739 -0.00185156 -0.000315281 0.999998 0.0181736
0.999994 -0.00267141 0.00236785 -4.16971 0.00267114 0.999996 0.000113607 0.0842125 -0.00236815 -0.000107281 0.999997 0.0305252
0.999988 -0.00407422 0.00270462 -4.34744 0.00407375 0.999992 0.000180093 0.0946416 -0.00270533 -0.000169073 0.999996 0.0254311
0.999982 -0.00526473 0.00275873 -4.5396 0.0052643 0.999986 0.000163767 0.109929 -0.00275955 -0.000149241 0.999996 0.0321234
0.999972 -0.00693934 0.00288157 -4.73666 0.00693897 0.999976 0.000138949 0.124043 -0.00288246 -0.00011895 0.999996 0.0350124
0.999959 -0.00842784 0.00320334 -4.89959 0.00842762 0.999964 8.16521e-05 0.160889 -0.00320391 -5.46523e-05 0.999995 0.0318817
0.999943 -0.0102149 0.00319855 -5.06195 0.010215 0.999948 -2.0612e-05 0.203411 -0.00319817 5.32841e-05 0.999995 0.0406896
0.99992 -0.0121509 0.00353949 -5.26996 0.0121512 0.999926 -5.78915e-05 0.223121 -0.00353853 0.000100896 0.999994 0.0422403
0.999894 -0.0141087 0.00371919 -5.52554 0.0141091 0.9999 -7.93497e-05 0.233702 -0.0037177 0.000131816 0.999993 0.0443976
0.999861 -0.0162008 0.00402818 -5.74753 0.0162012 0.999869 -6.78991e-05 0.264199 -0.00402655 0.000133151 0.999992 0.0412048
0.999834 -0.0177065 0.00418213 -5.95034 0.0177065 0.999843 2.5895e-05 0.268504 -0.00418193 4.81602e-05 0.999991 0.0329092
0.999881 -0.0147731 0.00438883 -6.18434 0.0147731 0.999891 2.65467e-05 0.230928 -0.00438874 3.8293e-05 0.99999 0.0300997
0.999944 -0.00974534 0.00405104 -6.43744 0.00974519 0.999953 5.63938e-05 0.166609 -0.00405139 -1.69126e-05 0.999992 0.0418048
0.999976 -0.00549353 0.00421691 -6.68582 0.00549247 0.999985 0.000262762 0.0899139 -0.00421829 -0.000239594 0.999991 0.0403972
0.99999 -0.00257925 0.00374035 -6.93989 0.00257819 0.999997 0.000289113 0.0575671 -0.00374108 -0.000279466 0.999993 0.0527495
0.999995 6.94694e-06 0.00306263 -7.21016 -8.10087e-06 1 0.000376765 0.0312349 -0.00306262 -0.000376788 0.999995 0.060873
0.999994 -0.00193273 0.00296332 -7.4339 0.00193172 0.999998 0.000345482 0.0461954 -0.00296399 -0.000339756 0.999996 0.0717272
0.999984 -0.00455312 0.00347367 -7.56499 0.00455195 0.99999 0.000345248 0.0689717 -0.0034752 -0.000329431 0.999994 0.0714325
0.999969 -0.00686117 0.00383383 -7.72719 0.00686042 0.999976 0.000208338 0.104797 -0.00383517 -0.00018203 0.999993 0.0780962
0.999953 -0.00883795 0.00400323 -7.9695 0.0088381 0.999961 -2.12913e-05 0.112594 -0.00400289 5.66713e-05 0.999992 0.0908432
0.999939 -0.0102218 0.00426596 -8.16641 0.0102223 0.999948 -0.000112676 0.122214 -0.00426459 0.000156277 0.999991 0.0888303
0.999917 -0.0119801 0.00477794 -8.37601 0.0119807 0.999928 -9.00315e-05 0.134688 -0.00477652 0.000147267 0.999989 0.0823669
0.999886 -0.0143835 0.00459863 -8.6081 0.0143851 0.999896 -0.000306122 0.117177 -0.00459375 0.000372239 0.999989 0.112202
0.999855 -0.0163552 0.00479161 -8.82528 0.0163575 0.999866 -0.000427733 0.123242 -0.00478397 0.000506049 0.999988 0.121517
0.999826 -0.0178471 0.00539244 -8.99325 0.0178497 0.999841 -0.000439154 0.135036 -0.00538374 0.000535331 0.999985 0.114454
0.999793 -0.0195793 0.00555939 -9.18935 0.0195823 0.999808 -0.000479362 0.133798 -0.00554894 0.000588128 0.999984 0.120703
0.999747 -0.0218012 0.00549021 -9.42041 0.0218048 0.999762 -0.000588133 0.134703 -0.00547608 0.000707697 0.999985 0.141986
0.999708 -0.0234559 0.00581418 -9.59841 0.0234597 0.999725 -0.000584836 0.133958 -0.00579886 0.000721065 0.999983 0.15199
0.999653 -0.0255447 0.00635543 -9.81931 0.0255497 0.999673 -0.000709459 0.141019 -0.00633523 0.000871593 0.99998 0.159261
0.999608 -0.0272425 0.00646807 -10.0161 0.0272483 0.999628 -0.000798479 0.148737 -0.00644391 0.000974409 0.999979 0.158755
0.999556 -0.0290899 0.00651417 -10.1991 0.0290967 0.999576 -0.000953666 0.166708 -0.00648367 0.00114278 0.999978 0.168835
0.999511 -0.0304621 0.00699288 -10.3869 0.0304695 0.999535 -0.000945902 0.160585 -0.00696081 0.00115851 0.999975 0.169046
0.999468 -0.031791 0.00733431 -10.5774 0.0317982 0.999494 -0.000873842 0.157537 -0.00730282 0.00110659 0.999973 0.166892
0.999386 -0.0342326 0.00753203 -10.8144 0.03424 0.999413 -0.00084857 0.175336 -0.00749856 0.00110594 0.999971 0.166318
0.999338 -0.0356061 0.00753249 -11.0043 0.0356149 0.999365 -0.00102904 0.192126 -0.00749107 0.00129663 0.999971 0.183433
0.999427 -0.0329363 0.00777707 -11.2673 0.032945 0.999457 -0.00099567 0.119934 -0.00774005 0.00125132 0.999969 0.183979
0.999572 -0.0282973 0.00737057 -11.5382 0.0283048 0.999599 -0.000915302 0.0171407 -0.00734171 0.00112353 0.999972 0.183558
0.999678 -0.0243876 0.00703097 -11.7927 0.0243947 0.999702 -0.000919442 -0.0346271 -0.00700645 0.00109066 0.999975 0.195024
0.999745 -0.0216817 0.00630549 -12.0434 0.0216878 0.999764 -0.000899006 -0.0612728 -0.00628451 0.00103553 0.99998 0.198879
0.999694 -0.0238832 0.00651168 -12.2537 0.0238896 0.999714 -0.000910154 -0.0344626 -0.00648808 0.00106544 0.999978 0.200165
0.999611 -0.0271267 0.00646636 -12.4069 0.0271339 0.999631 -0.00103001 -0.00884759 -0.00643604 0.00120507 0.999979 0.211813
0.999546 -0.0295708 0.00582958 -12.5745 0.0295776 0.999562 -0.00108265 -0.0173309 -0.00579501 0.00125458 0.999982 0.209523
0.999516 -0.0306164 0.00547608 -12.7411 0.0306241 0.99953 -0.00131812 -0.00591599 -0.00543315 0.00148518 0.999984 0.20753
0.999467 -0.0320666 0.00609421 -12.9479 0.032076 0.999484 -0.00145056 -0.00062398 -0.00604455 0.00164526 0.99998 0.195662
0.999414 -0.0337021 0.00602405 -13.1415 0.0337119 0.99943 -0.00152905 -0.00451159 -0.00596909 0.00173124 0.999981 0.203102
0.999356 -0.0354072 0.00590736 -13.295 0.0354165 0.999372 -0.00149082 -0.0124673 -0.00585086 0.00169908 0.999981 0.214273
0.999286 -0.0373666 0.00565743 -13.4931 0.0373761 0.9993 -0.00157629 -0.0335244 -0.00559457 0.00178662 0.999983 0.23263
0.999209 -0.0393014 0.00600073 -13.6913 0.0393114 0.999226 -0.00154824 -0.0242929 -0.00593523 0.00178291 0.999981 0.230732
0.999151 -0.0406797 0.00657924 -13.8581 0.0406906 0.999171 -0.00152798 -0.0222416 -0.00651163 0.0017944 0.999977 0.216093
0.999094 -0.042045 0.0066632 -14.0239 0.0420572 0.999114 -0.0017025 -0.0076102 -0.00658571 0.00198119 0.999976 0.222933
0.999024 -0.0437305 0.00628396 -14.1877 0.0437431 0.999041 -0.0018895 -0.0179986 -0.00619531 0.00216253 0.999978 0.251325
0.99896 -0.0451502 0.00643019 -14.3639 0.045163 0.998978 -0.00186033 -0.0315011 -0.00633962 0.0021488 0.999978 0.274151
0.998886 -0.0466025 0.007453 -14.5578 0.046616 0.998912 -0.00164356 -0.0130655 -0.00736829 0.00198916 0.999971 0.273733
0.998859 -0.0470716 0.00802533 -14.7105 0.047084 0.99889 -0.00135611 -0.00459709 -0.00795259 0.00173243 0.999967 0.263689
0.998983 -0.0444314 0.00770353 -14.9211 0.0444435 0.999011 -0.00140637 -0.0642811 -0.00763343 0.00174731 0.999969 0.270841
0.999174 -0.0399021 0.00766 -15.1865 0.0399158 0.999202 -0.00165055 -0.132813 -0.00758802 0.00195494 0.999969 0.286946
0.999343 -0.0354597 0.00744182 -15.4495 0.0354754 0.999369 -0.00199244 -0.198437 -0.00736647 0.00225513 0.99997 0.298566
0.999446 -0.0324653 0.00733298 -15.7028 0.0324819 0.99947 -0.00216227 -0.203173 -0.0072589 0.00239926 0.999971 0.303573
0.999529 -0.0299957 0.00644636 -15.9158 0.0300127 0.999546 -0.00255495 -0.204783 -0.0063668 0.00274722 0.999976 0.331383
0.999492 -0.0312299 0.0063505 -16.083 0.0312472 0.999508 -0.00264876 -0.184735 -0.00626465 0.00284585 0.999976 0.327394
0.999392 -0.034289 0.0063633 -16.2191 0.0343067 0.999408 -0.00268811 -0.176332 -0.00626736 0.00290478 0.999976 0.315576
0.999329 -0.0361193 0.00615479 -16.324 0.036136 0.999343 -0.00261223 -0.179182 -0.0060564 0.00283289 0.999978 0.306041
0.999298 -0.0369769 0.00599471 -16.4548 0.0369936 0.999312 -0.0027046 -0.177175 -0.00589057 0.00292447 0.999978 0.318014
0.999261 -0.0379122 0.00634277 -16.6068 0.0379308 0.999276 -0.00283118 -0.17913 -0.00623085 0.00306967 0.999976 0.328398
0.999206 -0.0392049 0.00705167 -16.7492 0.0392258 0.999226 -0.0028542 -0.189143 -0.00693432 0.00312854 0.999971 0.328434
0.999148 -0.0406015 0.00740878 -16.885 0.0406236 0.99917 -0.00285702 -0.200431 -0.00728664 0.00315555 0.999968 0.33224
0.999085 -0.042181 0.00709804 -17.0194 0.0422011 0.999105 -0.00270585 -0.225871 -0.00697755 0.00300291 0.999971 0.330281
0.999023 -0.0436412 0.00690375 -17.1616 0.0436598 0.999043 -0.00257145 -0.246587 -0.00678492 0.00287036 0.999973 0.328426
0.998949 -0.0453825 0.00645036 -17.3387 0.0453998 0.998966 -0.00256139 -0.256164 -0.00632745 0.00285155 0.999976 0.336422
0.998886 -0.0467488 0.00649143 -17.4763 0.0467665 0.998902 -0.0026047 -0.251141 -0.00636254 0.00290538 0.999976 0.339024
0.998825 -0.0479846 0.0067639 -17.602 0.0480025 0.998844 -0.00252036 -0.263481 -0.00663514 0.00284209 0.999974 0.331021
0.99875 -0.0495157 0.0068045 -17.7525 0.0495338 0.998769 -0.0025186 -0.298032 -0.00667142 0.0028525 0.999974 0.339274
0.998676 -0.0509636 0.00705929 -17.8688 0.0509823 0.998696 -0.00250445 -0.293873 -0.00692245 0.00286103 0.999972 0.347034
0.998597 -0.0524421 0.00739652 -18.0085 0.0524616 0.99862 -0.00245804 -0.310107 -0.00725741 0.00284262 0.99997 0.353595
0.998512 -0.0540337 0.00735057 -18.1421 0.054053 0.998535 -0.00245543 -0.336731 -0.00720712 0.00284909 0.99997 0.352432
0.998394 -0.0562193 0.00704702 -18.2848 0.0562387 0.998414 -0.00258057 -0.367734 -0.00689077 0.00297274 0.999972 0.366075
0.998264 -0.0584528 0.00719416 -18.4362 0.0584734 0.998285 -0.00269376 -0.389807 -0.00702436 0.00310975 0.99997 0.37447
0.997952 -0.0635448 0.00727756 -18.4794 0.0635663 0.997974 -0.0027684 -0.379023 -0.0070869 0.00322534 0.99997 0.372381
0.997449 -0.0709743 0.00757753 -18.5358 0.0709974 0.997473 -0.00281852 -0.346794 -0.00735833 0.00334931 0.999967 0.367529
0.996921 -0.0780058 0.0079943 -18.5653 0.0780304 0.996947 -0.002814 -0.348834 -0.00775038 0.00342913 0.999964 0.369503
0.996367 -0.084794 0.00788241 -18.635 0.0848186 0.996392 -0.00284604 -0.350476 -0.00761265 0.00350428 0.999965 0.374256
0.995844 -0.0907241 0.00805072 -18.7241 0.0907496 0.99587 -0.00285002 -0.336711 -0.0077589 0.00356878 0.999964 0.372045
0.995687 -0.0924173 0.0081102 -18.8843 0.0924425 0.995714 -0.00279671 -0.366368 -0.00781697 0.00353437 0.999963 0.369942
0.995656 -0.0927837 0.00782434 -19.0638 0.0928105 0.995679 -0.00313235 -0.425855 -0.0074999 0.00384492 0.999964 0.396319
0.995508 -0.094309 0.008341 -19.2576 0.0943398 0.995534 -0.00337665 -0.473034 -0.0079853 0.00414837 0.99996 0.408314
0.995304 -0.0963848 0.00890286 -19.4512 0.096421 0.995334 -0.00372826 -0.460662 -0.00850197 0.00456918 0.999953 0.41354
0.995045 -0.0990361 0.00883827 -19.6181 0.0990715 0.995074 -0.00365601 -0.502269 -0.00843265 0.00451351 0.999954 0.404976
0.994766 -0.101813 0.00860414 -19.8141 0.101846 0.994794 -0.00348001 -0.569273 -0.00820504 0.00433809 0.999957 0.409329
0.994458 -0.10479 0.00846797 -19.9959 0.104821 0.994486 -0.00331131 -0.632831 -0.00807429 0.00418058 0.999959 0.420701
0.993772 -0.111114 0.00842493 -20.1154 0.111145 0.993799 -0.00328043 -0.643678 -0.00800819 0.00419638 0.999959 0.417633
0.992824 -0.119313 0.00808067 -20.21 0.119347 0.992845 -0.00382982 -0.633172 -0.0075659 0.00476673 0.99996 0.434975
0.991843 -0.127158 0.00887999 -20.3342 0.127197 0.99187 -0.00390663 -0.652748 -0.00831103 0.00500426 0.999953 0.432283
0.990919 -0.134152 0.00910358 -20.5034 0.134193 0.990947 -0.00399378 -0.700379 -0.00848539 0.00517915 0.999951 0.435469
0.989944 -0.141144 0.00945569 -20.6571 0.141184 0.989977 -0.00363076 -0.72449 -0.00884845 0.00492924 0.999949 0.418343
0.988888 -0.14835 0.00959034 -20.8085 0.14839 0.988922 -0.00359372 -0.759388 -0.00895097 0.0049769 0.999948 0.437941
0.987679 -0.156196 0.00966757 -20.9642 0.156236 0.987714 -0.00348046 -0.768147 -0.00900516 0.00494799 0.999947 0.436867
0.986433 -0.163853 0.0100703 -21.1106 0.163894 0.986472 -0.00342202 -0.799041 -0.00937335 0.00502606 0.999943 0.438399
0.985079 -0.171828 0.00973371 -21.3038 0.171869 0.985114 -0.00345262 -0.869849 -0.00899556 0.00507402 0.999947 0.440704
0.983602 -0.18008 0.00992039 -21.5338 0.180123 0.983637 -0.00364719 -0.912013 -0.00910128 0.00537427 0.999944 0.457792
0.982205 -0.187525 0.0103706 -21.7278 0.18757 0.982245 -0.00354007 -0.960827 -0.0095226 0.00542228 0.99994 0.464038
0.980587 -0.195791 0.0107308 -21.9409 0.195838 0.98063 -0.00346399 -1.02755 -0.00984468 0.00549823 0.999936 0.468907
0.978881 -0.204153 0.0106601 -22.1596 0.2042 0.978923 -0.00347672 -1.05355 -0.00972561 0.00558008 0.999937 0.467277
0.977014 -0.212894 0.0109068 -22.4596 0.212941 0.977059 -0.00331836 -1.14045 -0.00995017 0.0055646 0.999935 0.471751
0.975202 -0.221073 0.0103609 -22.705 0.221118 0.975241 -0.00332336 -1.20572 -0.00936966 0.00553192 0.999941 0.480259
0.97329 -0.22931 0.011078 -22.9425 0.229359 0.973336 -0.00338531 -1.27346 -0.0100063 0.00583573 0.999933 0.498012
0.971183 -0.238022 0.0122424 -23.2061 0.238079 0.97124 -0.00337415 -1.36314 -0.0110871 0.00619156 0.999919 0.507996
0.969087 -0.246412 0.0123303 -23.4633 0.24647 0.969144 -0.00338946 -1.4313 -0.0111146 0.00632372 0.999918 0.517113
0.966824 -0.255158 0.0120363 -23.7541 0.255208 0.966882 -0.00277485 -1.50749 -0.0109297 0.00575454 0.999924 0.495986
0.964496 -0.263808 0.0123992 -24.0497 0.26385 0.964562 -0.0019004 -1.59178 -0.0114585 0.00510446 0.999921 0.469335
0.961862 -0.273241 0.0127 -24.3634 0.273285 0.961932 -0.00179027 -1.66596 -0.0117274 0.00519271 0.999918 0.487203
0.959127 -0.282659 0.0133806 -24.6727 0.282699 0.959208 -0.00119691 -1.76919 -0.0124964 0.00493066 0.99991 0.503405
0.956493 -0.291444 0.0134946 -24.9823 0.291455 0.956584 0.00116537 -1.86348 -0.0132484 0.0028184 0.999908 0.49456
0.953611 -0.300792 0.0122498 -25.2666 0.300674 0.953668 0.0105859 -1.98223 -0.0148664 -0.00641164 0.999869 0.522021
0.95065 -0.310118 0.00955215 -25.5614 0.309898 0.950573 0.0193651 -2.10936 -0.0150855 -0.0154493 0.999767 0.60741
0.947598 -0.319285 0.0107435 -25.9121 0.318923 0.947412 0.026429 -2.2851 -0.0186169 -0.0216177 0.999593 0.686534
0.94484 -0.327193 0.0149122 -26.1797 0.326928 0.944882 0.0177608 -2.37026 -0.0199015 -0.0119059 0.999731 0.661837
0.94238 -0.33409 0.0174287 -26.5179 0.333927 0.942527 0.0116429 -2.48889 -0.0203168 -0.00515211 0.99978 0.608978
0.941095 -0.337654 0.0181506 -26.8523 0.3376 0.94127 0.00606549 -2.58823 -0.0191327 0.000419429 0.999817 0.561393
0.940146 -0.340326 0.0174416 -27.2365 0.340229 0.940306 0.00831709 -2.69629 -0.019231 -0.00188514 0.999813 0.553206
0.938351 -0.345428 0.0132962 -27.5576 0.345168 0.938358 0.0185341 -2.81858 -0.0188788 -0.0128021 0.99974 0.633174
0.936938 -0.349305 0.0115648 -27.8739 0.348868 0.936724 0.028982 -2.98644 -0.0209566 -0.0231197 0.999513 0.717081
0.936498 -0.350471 0.0119293 -28.2502 0.35004 0.936309 0.0282385 -3.12685 -0.0210663 -0.0222696 0.99953 0.755883
0.936061 -0.351574 0.0136284 -28.5868 0.351213 0.936004 0.0233645 -3.28123 -0.0209706 -0.0170841 0.999634 0.743801
0.936752 -0.34965 0.0154985 -28.9164 0.349459 0.936851 0.0137281 -3.41068 -0.0193198 -0.00744374 0.999786 0.68924
0.937636 -0.347295 0.0149754 -29.2971 0.347257 0.937756 0.00515814 -3.50491 -0.0158347 0.000363863 0.999875 0.642476
0.93888 -0.343996 0.013083 -29.6302 0.343951 0.938971 0.00557853 -3.61767 -0.0142035 -0.000737658 0.999899 0.666555
0.941602 -0.336483 0.0128156 -30.0082 0.336392 0.941681 0.00880404 -3.7651 -0.0150307 -0.00397883 0.999879 0.726511
0.944435 -0.328421 0.0135163 -30.4663 0.328313 0.94452 0.00958841 -3.8939 -0.0159154 -0.00461805 0.999863 0.750051
0.946684 -0.321835 0.0145663 -30.8456 0.32174 0.94679 0.00849981 -4.00591 -0.0165267 -0.00336008 0.999858 0.755791
0.948657 -0.31597 0.0146259 -31.2102 0.315895 0.948767 0.00720992 -4.13296 -0.0161546 -0.00221951 0.999867 0.763663
0.950876 -0.309218 0.0148211 -31.5721 0.309146 0.950989 0.00699374 -4.26137 -0.0162573 -0.0020683 0.999866 0.78695
0.954503 -0.297795 0.0155874 -32.0117 0.297713 0.954627 0.00736129 -4.37089 -0.0170723 -0.00238581 0.999851 0.814112
0.957433 -0.288216 0.0159379 -32.4156 0.288129 0.957562 0.00755228 -4.46988 -0.0174382 -0.00263863 0.999844 0.821475
0.960166 -0.278953 0.0163268 -32.8111 0.278857 0.9603 0.00794583 -4.55736 -0.0178951 -0.00307648 0.999835 0.814146
0.963393 -0.267639 0.0156196 -33.2869 0.267539 0.963512 0.00821729 -4.658 -0.0172489 -0.00373762 0.999844 0.83667
0.966123 -0.257701 0.0140489 -33.6951 0.257617 0.966218 0.00752913 -4.77621 -0.0155146 -0.00365482 0.999873 0.866823
0.969184 -0.245952 0.0138017 -34.1233 0.245874 0.969276 0.00712056 -4.89321 -0.015129 -0.00350764 0.999879 0.873323
0.971731 -0.235673 0.0140315 -34.5708 0.235599 0.971827 0.00676802 -4.96991 -0.0152312 -0.0032709 0.999879 0.8817
0.974424 -0.224342 0.0129787 -35.0057 0.224271 0.974504 0.00670744 -5.04345 -0.0141525 -0.00362514 0.999893 0.894568
0.977081 -0.212464 0.0131144 -35.4709 0.212385 0.97716 0.00716793 -5.14305 -0.0143378 -0.00421836 0.999888 0.911407
0.9794 -0.201488 0.0133741 -35.9009 0.201413 0.979483 0.00678378 -5.22737 -0.0144665 -0.00395032 0.999888 0.937898
0.98184 -0.189203 0.0138415 -36.3752 0.189136 0.981932 0.0060066 -5.31456 -0.0147279 -0.00327959 0.999886 0.958962
0.984057 -0.177337 0.0135223 -36.8399 0.177281 0.984146 0.00526986 -5.37004 -0.0142424 -0.0027886 0.999895 0.964011
0.986099 -0.165642 0.0131036 -37.3484 0.165585 0.986181 0.00536375 -5.42201 -0.013811 -0.00311943 0.9999 0.970953
0.987922 -0.154361 0.0134873 -37.8531 0.154282 0.988004 0.0067279 -5.4633 -0.014364 -0.0045658 0.999886 0.971049
0.989621 -0.143275 0.0110619 -38.321 0.143197 0.989665 0.00753062 -5.50625 -0.0120265 -0.00586843 0.99991 1.00297
0.991047 -0.133161 0.0097348 -38.7895 0.133084 0.991071 0.00818383 -5.59213 -0.0107376 -0.00681501 0.999919 1.03889
0.992383 -0.122844 0.00920065 -39.3332 0.122773 0.992403 0.00796752 -5.63184 -0.0101095 -0.00677724 0.999926 1.04434
0.993597 -0.112641 0.00879218 -39.8387 0.112575 0.993613 0.00771085 -5.66606 -0.00960459 -0.00667169 0.999932 1.05183
0.994513 -0.104258 0.00858059 -40.3602 0.104189 0.994525 0.00806289 -5.69943 -0.00937423 -0.00712464 0.999931 1.06602
0.995193 -0.0974641 0.00957005 -40.8471 0.0973824 0.995209 0.00866157 -5.74321 -0.0103684 -0.00768798 0.999917 1.06664
0.995835 -0.0906814 0.00944644 -41.3659 0.0905926 0.995843 0.00943724 -5.78948 -0.010263 -0.00854216 0.999911 1.08202
0.996419 -0.0840454 0.00928238 -41.9165 0.0839543 0.996421 0.00980637 -5.8241 -0.0100733 -0.00899196 0.999909 1.07406
0.996921 -0.0780568 0.00745491 -42.4425 0.0779483 0.996861 0.0138882 -5.86185 -0.00851558 -0.0132643 0.999876 1.1388
0.997315 -0.0729823 0.00602791 -42.9696 0.0728856 0.997228 0.0149456 -5.91131 -0.00710197 -0.0144661 0.99987 1.17858
0.997539 -0.0699216 0.00522197 -43.4864 0.0698497 0.997474 0.0128735 -5.9263 -0.00610892 -0.012477 0.999903 1.17515
0.997865 -0.0651093 0.0050456 -44.0587 0.0650502 0.99782 0.0111041 -5.93768 -0.00575759 -0.0107522 0.999926 1.20674
0.998014 -0.0625492 0.00743529 -44.6063 0.0624721 0.997995 0.0101937 -5.96667 -0.00805799 -0.009709 0.99992 1.18788
0.998196 -0.0595798 0.00739394 -45.1692 0.0595134 0.998188 0.00889242 -6.02321 -0.00791035 -0.00843634 0.999933 1.18352
0.998331 -0.0572895 0.00727727 -45.7343 0.0572185 0.998315 0.00961615 -6.04297 -0.00781592 -0.00918371 0.999927 1.21388
0.998374 -0.0564582 0.00780243 -46.3022 0.0563804 0.998361 0.00985955 -6.08785 -0.0083463 -0.00940362 0.999921 1.26042
0.998392 -0.0560629 0.00836122 -46.8482 0.0559808 0.998384 0.00974436 -6.13294 -0.00889401 -0.00926062 0.999918 1.28342
0.998387 -0.0561242 0.00858957 -47.4017 0.0560422 0.998383 0.00950129 -6.162 -0.00910894 -0.00900459 0.999918 1.28529
0.998365 -0.0567101 0.00710529 -48.0151 0.0566513 0.99836 0.00820901 -6.16335 -0.00755917 -0.00779307 0.999941 1.32978
0.998365 -0.0566632 0.00746451 -48.5807 0.0566044 0.998366 0.00786462 -6.20948 -0.00789794 -0.00742924 0.999941 1.33055
0.998331 -0.0571564 0.00823562 -49.1632 0.0570935 0.998339 0.00768187 -6.23322 -0.00866101 -0.00719885 0.999937 1.31421
0.998298 -0.0576978 0.00850069 -49.76 0.0576329 0.998308 0.0076985 -6.26991 -0.0089305 -0.00719548 0.999934 1.3185
0.998253 -0.0584143 0.00889213 -50.3274 0.058349 0.998269 0.00742981 -6.28687 -0.00931074 -0.00689798 0.999933 1.34322
0.998183 -0.0594539 0.00977729 -50.8998 0.0593838 0.998208 0.0073143 -6.32717 -0.0101946 -0.0067204 0.999925 1.37627
0.998098 -0.0606949 0.0107847 -51.4663 0.0606156 0.998133 0.00753468 -6.34004 -0.0112219 -0.00686662 0.999913 1.3855
0.998079 -0.0609707 0.010977 -52.0545 0.0608712 0.998103 0.00917668 -6.38132 -0.0115157 -0.00849087 0.999898 1.41117
0.998041 -0.0616727 0.0105496 -52.6273 0.0615499 0.998037 0.0115966 -6.43185 -0.0112441 -0.0109245 0.999877 1.43938
0.998009 -0.0622874 0.00991866 -53.2211 0.0621708 0.997997 0.0116667 -6.47181 -0.0106255 -0.0110268 0.999883 1.46963
0.998007 -0.062219 0.0104898 -53.8075 0.0621068 0.998012 0.0106958 -6.52902 -0.0111344 -0.010023 0.999888 1.46328
0.997955 -0.0629456 0.0110808 -54.3972 0.0628377 0.997975 0.00982735 -6.5603 -0.011677 -0.00911096 0.99989 1.48886
0.997855 -0.0644093 0.011699 -54.9875 0.0642922 0.99788 0.0101226 -6.5804 -0.0123262 -0.00934869 0.99988 1.50596
0.99781 -0.0650993 0.0117196 -55.5568 0.0649687 0.997824 0.0112039 -6.61626 -0.0124235 -0.010418 0.999869 1.54007
0.997806 -0.0651455 0.0118013 -56.1794 0.0650147 0.997822 0.0111495 -6.66442 -0.012502 -0.0103577 0.999868 1.54224
0.99777 -0.0656862 0.0118233 -56.7713 0.0655559 0.997787 0.0110871 -6.69355 -0.0125254 -0.0102873 0.999869 1.56545
0.997744 -0.0660967 0.01173 -57.3525 0.065968 0.997761 0.011044 -6.75797 -0.0124337 -0.0102453 0.99987 1.59343
0.997665 -0.0671998 0.0121997 -57.9476 0.0670798 0.997698 0.00999341 -6.78827 -0.0128431 -0.00915172 0.999876 1.61308
0.997666 -0.0670079 0.0131626 -58.5462 0.0669011 0.997724 0.00839537 -6.83633 -0.0136952 -0.00749518 0.999878 1.6159
0.997579 -0.0681092 0.014032 -59.1607 0.0680053 0.997655 0.00775103 -6.86472 -0.0145271 -0.00677801 0.999872 1.63856
0.997498 -0.0690492 0.0151662 -59.7214 0.0689383 0.997591 0.00771339 -6.89228 -0.0156623 -0.00664856 0.999855 1.65197
0.99748 -0.0692116 0.0155715 -60.3462 0.069108 0.997584 0.00709913 -6.93564 -0.0160253 -0.00600513 0.999854 1.67784
0.997469 -0.06926 0.0160763 -60.9812 0.0691628 0.997584 0.00652238 -6.98022 -0.0164892 -0.00539399 0.999849 1.70288
0.997451 -0.0695822 0.0158017 -61.5851 0.0694914 0.997563 0.0062245 -7.03882 -0.0161963 -0.00511056 0.999856 1.74657
0.9973 -0.0716254 0.0162293 -62.1824 0.0715434 0.997422 0.00557897 -7.07429 -0.016587 -0.00440281 0.999853 1.76651
0.997154 -0.073598 0.016346 -62.7859 0.0735205 0.99728 0.00529424 -7.1347 -0.0166912 -0.0040774 0.999852 1.78536
0.996997 -0.0757799 0.0159715 -63.3941 0.0756946 0.997114 0.00588043 -7.16689 -0.016371 -0.00465381 0.999855 1.8163
0.996754 -0.0789338 0.0158496 -64.0222 0.078831 0.996863 0.00701212 -7.20629 -0.0163534 -0.00573991 0.99985 1.83263
0.996479 -0.0822179 0.0164479 -64.6409 0.0820913 0.996591 0.00822563 -7.27632 -0.0170681 -0.00684643 0.999831 1.86501
0.996155 -0.0859039 0.0171703 -65.2701 0.0857635 0.996277 0.00875662 -7.35402 -0.0178586 -0.00725038 0.999814 1.89856
0.995789 -0.0899815 0.0175563 -65.8796 0.0898434 0.99592 0.00850162 -7.41609 -0.0182496 -0.0068885 0.99981 1.92383
0.99542 -0.0939594 0.0176233 -66.4797 0.0938154 0.99555 0.00882829 -7.46982 -0.0183744 -0.00713452 0.999806 1.93518
0.994963 -0.0988215 0.016838 -67.1169 0.0986791 0.995078 0.00908488 -7.51755 -0.0176529 -0.00737756 0.999817 1.9581
0.994521 -0.103336 0.0157744 -67.7261 0.103199 0.994618 0.00922499 -7.5918 -0.0166428 -0.00754654 0.999833 1.97356
0.994073 -0.107574 0.015701 -68.3293 0.107439 0.994169 0.00925498 -7.67227 -0.016605 -0.00751323 0.999834 1.9861
0.993533 -0.112725 0.0135948 -68.9279 0.112606 0.993597 0.00923362 -7.7362 -0.0145486 -0.00764305 0.999865 2.02228
0.992915 -0.118105 0.0130504 -69.5322 0.118002 0.992978 0.00839812 -7.78715 -0.0139507 -0.00679864 0.99988 2.0497
0.992166 -0.123995 0.0152408 -70.1412 0.123871 0.992259 0.00883398 -7.86618 -0.0162182 -0.00687687 0.999845 2.07402
0.991511 -0.12902 0.0161457 -70.7404 0.1289 0.991623 0.00826329 -7.97423 -0.0170766 -0.00611196 0.999836 2.10159
0.990761 -0.134655 0.016155 -71.349 0.134543 0.990877 0.00784304 -8.08196 -0.0170638 -0.00559704 0.999839 2.12468
0.989882 -0.141005 0.0158563 -71.9403 0.140897 0.989994 0.00773134 -8.15112 -0.0167878 -0.00541901 0.999844 2.13407
0.988887 -0.147835 0.0157032 -72.5544 0.147711 0.988991 0.00884411 -8.2506 -0.0168378 -0.0064263 0.999838 2.1545
0.987897 -0.154453 0.01426 -73.126 0.154318 0.987969 0.0101151 -8.32854 -0.0156508 -0.00779207 0.999847 2.18769
0.986789 -0.161482 0.0130727 -73.7122 0.161348 0.986839 0.0107404 -8.43141 -0.014635 -0.00848924 0.999857 2.22506
0.985794 -0.167443 0.0131859 -74.2929 0.16731 0.985847 0.0106014 -8.54288 -0.0147744 -0.00824471 0.999857 2.25695
0.984694 -0.173797 0.0131249 -74.8972 0.173664 0.984747 0.0106557 -8.65841 -0.0147766 -0.00821333 0.999857 2.2742
0.983528 -0.180325 0.0124417 -75.4923 0.180184 0.983563 0.0117124 -8.75922 -0.0143492 -0.00927765 0.999854 2.29395
0.982297 -0.186968 0.0116668 -76.052 0.186809 0.982304 0.0134914 -8.86679 -0.0139828 -0.0110731 0.999841 2.31929
0.980939 -0.193956 0.0118635 -76.6318 0.193766 0.980926 0.0154427 -8.98236 -0.0146324 -0.0128496 0.99981 2.33945
0.979811 -0.199611 0.011211 -77.2133 0.199432 0.979793 0.0152552 -9.1179 -0.0140295 -0.0127114 0.999821 2.37745
0.978656 -0.205183 0.0115311 -77.7892 0.205009 0.97865 0.0146519 -9.28257 -0.0142912 -0.0119751 0.999826 2.39015
0.977228 -0.211884 0.0114363 -78.3453 0.21171 0.977222 0.0147209 -9.39509 -0.014295 -0.0119645 0.999826 2.39096
0.975786 -0.218432 0.0113455 -78.9077 0.218249 0.975771 0.01543 -9.51414 -0.014441 -0.0125802 0.999817 2.40903
0.974426 -0.224433 0.0111489 -79.4644 0.224259 0.974415 0.0149652 -9.64751 -0.0142223 -0.0120822 0.999826 2.44241
0.97308 -0.230206 0.0109692 -80.0225 0.230039 0.973072 0.014606 -9.8017 -0.0140362 -0.0116895 0.999833 2.47007
0.971585 -0.236473 0.0101809 -80.574 0.236323 0.971573 0.0140306 -9.93213 -0.0132093 -0.0112259 0.99985 2.47244
0.96997 -0.243022 0.00995505 -81.1122 0.242878 0.969959 0.0137938 -10.0642 -0.0130082 -0.0109617 0.999855 2.48876
0.968433 -0.249059 0.0103658 -81.6578 0.248905 0.968425 0.0141327 -10.2106 -0.0135584 -0.0111065 0.999846 2.50748
0.966782 -0.255338 0.0116272 -82.2058 0.255154 0.96678 0.0152888 -10.381 -0.0151447 -0.0118142 0.999816 2.54159
0.965067 -0.261707 0.0124623 -82.7486 0.26151 0.965076 0.0154992 -10.5379 -0.0160833 -0.0116988 0.999802 2.58584
0.963275 -0.268176 0.013539 -83.2765 0.267979 0.963312 0.0147651 -10.6851 -0.0170019 -0.0105947 0.999799 2.60355
0.961559 -0.274253 0.0137498 -83.7848 0.27408 0.961616 0.0132426 -10.8241 -0.0168538 -0.00896501 0.999818 2.62373
0.959599 -0.281106 0.0122526 -84.3011 0.280971 0.959646 0.0116609 -10.9953 -0.015036 -0.00774716 0.999857 2.63748
0.957678 -0.287669 0.00997793 -84.8367 0.287573 0.957706 0.0100263 -11.1791 -0.0124402 -0.00673254 0.9999 2.64629
0.955746 -0.294098 0.00746357 -85.3484 0.294037 0.955759 0.00822119 -11.3298 -0.00955121 -0.0056628 0.999938 2.68782
0.953703 -0.300646 0.00788974 -85.8613 0.300586 0.953721 0.00800422 -11.5054 -0.00993105 -0.0052621 0.999937 2.69777
0.951572 -0.30732 0.00804276 -86.3549 0.307261 0.951594 0.00771392 -11.6506 -0.0100241 -0.00486912 0.999938 2.71253
0.949446 -0.313843 0.00740951 -86.852 0.313786 0.949461 0.00793704 -11.8411 -0.00952602 -0.00521079 0.999941 2.73004
0.947168 -0.320659 0.00715685 -87.3509 0.320593 0.947175 0.00892935 -12.017 -0.00964206 -0.00616315 0.999935 2.75331
0.944744 -0.32778 0.00439374 -87.8741 0.327704 0.944695 0.012667 -12.1752 -0.00830273 -0.0105272 0.99991 2.75618
0.942643 -0.333802 0.000255048 -88.3617 0.333778 0.942585 0.0112289 -12.3557 -0.00398863 -0.0104997 0.999937 2.83861
0.940363 -0.340165 0.00217221 -88.8292 0.340165 0.940366 0.000566007 -12.5508 -0.00223521 0.000206658 0.999997 2.82724
0.937568 -0.347753 0.00579337 -89.3214 0.347767 0.937579 -0.00165422 -12.7407 -0.00485648 0.00356569 0.999982 2.76501
0.934374 -0.3562 0.00816416 -89.8013 0.35619 0.93441 0.00267502 -12.9286 -0.00858151 0.00040852 0.999963 2.78744
0.931099 -0.364683 0.00777019 -90.2567 0.364588 0.931099 0.0114572 -13.1185 -0.0114131 -0.00783485 0.999904 2.82978
0.927804 -0.373009 0.00667228 -90.7322 0.372854 0.927727 0.0173933 -13.331 -0.0126779 -0.0136498 0.999826 2.91108
0.92511 -0.379621 0.00764318 -91.1931 0.379497 0.925088 0.013933 -13.5325 -0.0123599 -0.00998896 0.999874 2.96042
0.92233 -0.386256 0.0106879 -91.6462 0.386208 0.92239 0.00627251 -13.7456 -0.0122812 -0.00165758 0.999923 2.92798
