1 0 0 0 0 1 0 0 0 0 1 0
1 8.54666e-05 -2.32184e-05 0.00347316 -8.54666e-05 1 1.7186e-06 -0.00122018 2.32186e-05 -1.71661e-06 1 0.000880634
1 -1.60111e-05 2.38847e-06 0.000359651 1.6011e-05 1 1.63418e-05 0.000556204 -2.38873e-06 -1.63418e-05 1 7.95537e-05
1 -0.000106202 1.79615e-05 -0.00198623 0.000106201 1 5.63701e-05 0.00378864 -1.79675e-05 -5.63682e-05 1 -0.00214785
1 -0.000116772 2.49874e-06 -0.000749708 0.000116772 1 9.41856e-06 0.0100745 -2.49984e-06 -9.41827e-06 1 -0.00141617
1 -6.28365e-05 -1.47938e-05 -0.000249128 6.28357e-05 1 -5.04758e-05 0.00356529 1.47969e-05 5.04749e-05 1 0.00103084
1 3.13909e-05 -8.41549e-06 0.00039482 -3.13906e-05 1 3.85476e-05 -0.00225656 8.4167e-06 -3.85474e-05 1 -0.000788528
1 -0.000108264 4.80766e-05 -0.00454213 0.00010826 1 7.53744e-05 -0.000237401 -4.80848e-05 -7.53692e-05 1 -0.00178927
1 -0.000135451 1.02781e-05 -0.00373457 0.000135451 1 7.03233e-06 0.00207764 -1.0279e-05 -7.03093e-06 1 0.000352017
1 -6.42709e-05 1.05358e-05 0.00126882 6.42704e-05 1 4.63566e-05 0.001185 -1.05388e-05 -4.6356e-05 1 -0.000493408
1 -1.7754e-05 5.70548e-06 0.00273111 1.7754e-05 1 3.53069e-06 0.0013174 -5.70554e-06 -3.53059e-06 1 -0.00070393
1 3.56767e-05 -6.31666e-06 0.0042832 -3.56768e-05 1 -1.99515e-05 0.00215569 6.31594e-06 1.99517e-05 1 0.000444917
1 -5.74238e-05 -8.86261e-06 -0.00269406 5.7424e-05 1 1.55345e-05 0.00470321 8.86172e-06 -1.5535e-05 1 -0.000343795
1 7.87348e-06 -2.34009e-05 1.84965e-05 -7.87206e-06 1 6.03538e-05 0.00146356 2.34013e-05 -6.03536e-05 1 0.000138825
1 -8.56859e-05 -4.42375e-06 -0.00382818 8.56859e-05 1 -2.22403e-06 0.00209638 4.42394e-06 2.22365e-06 1 0.00137992
1 -8.77849e-06 1.80258e-05 -0.00171711 8.77813e-06 1 1.98564e-05 -0.000170287 -1.80259e-05 -1.98562e-05 1 -0.000460446
1 5.31539e-05 1.82506e-05 0.00279541 -5.31545e-05 1 3.41744e-05 -0.00118662 -1.82488e-05 -3.41754e-05 1 -0.000990146
1 2.20028e-05 3.21242e-05 0.00496636 -2.20038e-05 1 3.25304e-05 -0.000710533 -3.21235e-05 -3.25311e-05 1 -0.00094409
1 2.1885e-05 -1.38452e-05 0.00182141 -2.18859e-05 1 -7.05425e-05 0.000125711 1.38436e-05 7.05428e-05 1 0.00257382
1 -4.84735e-05 9.19648e-06 -0.00260258 4.84734e-05 1 2.05089e-05 0.00138124 -9.19748e-06 -2.05084e-05 1 -0.000263141
1 -4.88416e-05 2.79896e-05 -0.00150067 4.88388e-05 1 9.92084e-05 0.00298019 -2.79945e-05 -9.9207e-05 1 -0.00313539
1 0.000107642 -2.55369e-05 0.00597218 -0.00010764 1 9.0322e-05 0.000891362 2.55466e-05 -9.03192e-05 1 -0.00154574
1 -1.67084e-05 -1.7721e-05 -0.00174201 1.67088e-05 1 1.90016e-05 -0.000371271 1.77207e-05 -1.90019e-05 1 -1.88542e-05
1 -4.18661e-05 -1.35017e-06 -0.00215068 4.18661e-05 1 2.38735e-06 -0.000998766 1.35007e-06 -2.38741e-06 1 0.000572701
1 -7.66618e-05 6.09023e-05 -0.00381566 7.66547e-05 1 0.000116989 0.000972411 -6.09112e-05 -0.000116985 1 -0.00354153
1 -5.13237e-05 4.59975e-05 0.000589017 5.13227e-05 1 2.21611e-05 0.00305518 -4.59986e-05 -2.21587e-05 1 -0.00140108
1 2.96499e-05 -5.22601e-06 0.00192154 -2.96497e-05 1 2.71362e-05 -0.000730092 5.22682e-06 -2.7136e-05 1 8.02217e-05
1 2.89096e-05 2.44995e-05 -0.00029559 -2.89118e-05 1 8.85961e-05 -0.0028657 -2.4497e-05 -8.85968e-05 1 -0.00155837
1 5.33587e-05 1.20834e-05 0.00158194 -5.33586e-05 1 -3.66627e-06 -0.00150965 -1.20836e-05 3.66562e-06 1 -0.000709243
1 2.0375e-05 -3.51752e-06 0.00163361 -2.0375e-05 1 -1.08808e-05 -0.000397168 3.5173e-06 1.08809e-05 1 0.000777483
1 -2.50163e-06 -6.01138e-06 0.00167146 2.50212e-06 1 8.13493e-05 0.0013507 6.01117e-06 -8.13493e-05 1 -0.00162802
1 -5.67531e-05 -5.11087e-06 -0.000369863 5.67535e-05 1 7.96299e-05 0.00209044 5.10635e-06 -7.96302e-05 1 -0.00184932
1 -2.80962e-05 2.19838e-05 -0.00211321 2.80957e-05 1 2.33286e-05 0.00219981 -2.19844e-05 -2.3328e-05 1 -0.000536969
1 4.29608e-05 6.11698e-07 -0.00132287 -4.29608e-05 1 -3.09831e-05 -0.00088965 -6.13029e-07 3.09831e-05 1 0.0015303
1 2.2527e-05 1.21039e-05 0.00128033 -2.25273e-05 1 3.0854e-05 0.00213682 -1.21032e-05 -3.08543e-05 1 -0.000707044
1 -1.45175e-06 2.05757e-05 0.00350346 1.45018e-06 1 7.63581e-05 0.00374861 -2.05758e-05 -7.63581e-05 1 -0.00304798
1 -4.02798e-05 7.2738e-06 0.000677161 4.02794e-05 1 5.15069e-05 0.00219203 -7.27587e-06 -5.15066e-05 1 -0.00190745
1 6.31322e-05 -4.01581e-06 0.00325839 -6.3132e-05 1 5.55796e-05 -0.00223105 4.01932e-06 -5.55793e-05 1 -0.000741098
1 3.39406e-05 -2.83626e-06 0.000689466 -3.39407e-05 1 -1.57602e-05 0.000216935 2.83573e-06 1.57603e-05 1 0.000249075
1 5.89115e-05 3.65734e-06 0.00321836 -5.89115e-05 1 2.84835e-06 -3.41703e-05 -3.65717e-06 -2.84856e-06 1 -0.000313704
1 9.37966e-06 -2.89156e-05 0.00316165 -9.37954e-06 1 4.23263e-06 -0.000330034 2.89156e-05 -4.23235e-06 1 0.000501513
1 5.70267e-06 1.13465e-05 -0.000444285 -5.70327e-06 1 5.3181e-05 -0.00216805 -1.13462e-05 -5.31811e-05 1 -0.00135879
1 -2.82646e-06 -5.57516e-06 -0.0020968 2.82626e-06 1 -3.50012e-05 0.000678824 5.57526e-06 3.50012e-05 1 0.000938486
1 2.6491e-05 9.21049e-07 0.000820903 -2.6491e-05 1 -1.69972e-05 0.000991957 -9.21499e-07 1.69972e-05 1 0.000343841
1 8.84432e-05 1.36096e-05 0.00473897 -8.84445e-05 1 9.57835e-05 0.00209497 -1.36011e-05 -9.57847e-05 1 -0.00243443
1 2.82107e-05 -2.31883e-06 0.00118695 -2.82107e-05 1 2.10721e-05 0.00193868 2.31942e-06 -2.1072e-05 1 2.11995e-05
1 0.000104151 -3.63424e-05 0.00453516 -0.000104149 1 2.86105e-05 -0.00429719 3.63454e-05 -2.86067e-05 1 0.00010393
1 -7.24736e-06 -2.01985e-06 0.00205191 7.24741e-06 1 2.10667e-05 0.00100889 2.0197e-06 -2.10667e-05 1 -0.00065894
1 -5.68031e-05 1.28276e-05 -0.000748537 5.68026e-05 1 3.78819e-05 0.00356274 -1.28298e-05 -3.78812e-05 1 -0.001041
1 2.37084e-05 2.76464e-05 0.000455289 -2.37077e-05 1 -2.76344e-05 0.00267444 -2.76471e-05 2.76337e-05 1 -0.000127009
1 1.18819e-05 1.84623e-05 -0.00057304 -1.18818e-05 1 -5.57626e-06 0.00231969 -1.84623e-05 5.57604e-06 1 -0.000803953
1 1.57937e-05 6.16732e-07 0.000473347 -1.57937e-05 1 3.64711e-05 -0.00215452 -6.16156e-07 -3.64711e-05 1 -0.000592661
1 8.25866e-05 -2.63017e-05 0.00558637 -8.25864e-05 1 7.44668e-06 -0.00345958 2.63024e-05 -7.44451e-06 1 0.000810478
1 5.19044e-05 -2.42302e-06 0.0037768 -5.19045e-05 1 -2.38146e-05 0.00410657 2.42179e-06 2.38147e-05 1 0.000772316
1 -1.01397e-05 1.55048e-05 -0.000314069 1.01387e-05 1 6.54002e-05 0.00293516 -1.55055e-05 -6.54e-05 1 -0.00124233
1 6.862e-05 9.06802e-06 0.00523028 -6.8621e-05 1 0.000109829 -0.00151752 -9.06048e-06 -0.000109829 1 -0.00259323
1 -4.02447e-05 7.2095e-06 -0.0022736 4.02449e-05 1 -2.10707e-05 -0.000892429 -7.20865e-06 2.1071e-05 1 -0.000266655
1 1.707e-05 -8.20834e-06 -0.00156725 -1.707e-05 1 -2.39469e-06 -0.00398976 8.2083e-06 2.39483e-06 1 0.000764081
1 0.000198308 -5.46719e-05 0.0131391 -0.000198308 1 -4.18831e-06 -0.00446117 5.46711e-05 4.19915e-06 1 0.00260193
1 0.000451156 -3.7874e-05 0.0316254 -0.000451162 1 -0.000166232 -0.00328501 3.7799e-05 0.000166249 1 0.00772936
1 0.000384223 1.1278e-05 0.0260415 -0.00038422 1 -0.000217121 -0.00184069 -1.13614e-05 0.000217116 1 0.00897806
1 0.000157677 5.19562e-05 0.00648151 -0.000157667 1 -0.000197642 -0.00174887 -5.19874e-05 0.000197634 1 0.00779267
1 -0.00013436 9.57916e-05 -0.0171543 0.000134377 1 -0.000179157 0.00453396 -9.57675e-05 0.00017917 1 0.00567276
1 -0.000272836 6.40417e-05 -0.0310543 0.00027285 1 -0.0002268 0.00830478 -6.39798e-05 0.000226817 1 0.00814495
1 -0.000429944 4.79613e-05 -0.0384554 0.000429953 1 -0.000188118 0.00717795 -4.78804e-05 0.000188138 1 0.00751146
1 -0.000413534 9.91223e-05 -0.0407062 0.000413571 1 -0.000376177 0.00427739 -9.89667e-05 0.000376217 1 0.0133194
1 -0.000486235 0.000317138 -0.0585824 0.000486397 1 -0.00051346 -0.00836639 -0.000316888 0.000513614 1 0.0188544
0.999999 -0.00142234 0.000547396 -0.118778 0.0014227 0.999999 -0.000642524 -0.00541554 -0.000546481 0.000643302 1 0.0227799
0.999996 -0.00290871 0.000587539 -0.186499 0.00290917 0.999995 -0.00079062 -0.00218599 -0.000585237 0.000792326 1 0.0236263
0.999989 -0.00459994 0.000658298 -0.259273 0.00460037 0.999989 -0.000647102 -0.00908768 -0.000655314 0.000650124 1 0.0189753
0.999977 -0.00679591 0.000736251 -0.347993 0.00679623 0.999977 -0.000424912 -0.0201521 -0.000733347 0.000429906 1 0.0146288
0.999964 -0.00837857 0.000901939 -0.425301 0.00837899 0.999965 -0.000467382 -0.0245595 -0.000897992 0.000474923 0.999999 0.0169076
0.999951 -0.00988239 0.00109826 -0.502217 0.00988303 0.999951 -0.000584435 -0.0358793 -0.00109243 0.00059526 0.999999 0.017156
0.999913 -0.0131467 0.00127804 -0.62489 0.0131479 0.999913 -0.00099768 -0.0432547 -0.00126481 0.0010144 0.999999 0.0228489
0.999866 -0.0162735 0.00158826 -0.749134 0.0162747 0.999867 -0.000751616 -0.0387904 -0.00157581 0.000777364 0.999998 0.0147405
0.999824 -0.0186672 0.00183838 -0.883152 0.0186684 0.999826 -0.000645548 -0.0423873 -0.00182601 0.000679754 0.999998 0.00349982
0.999769 -0.0213973 0.00185586 -1.0352 0.0213991 0.999771 -0.000982926 -0.0623921 -0.0018344 0.00102241 0.999998 0.00303501
0.999721 -0.0235465 0.00176178 -1.18713 0.0235484 0.999722 -0.00106159 -0.0878381 -0.00173629 0.00110278 0.999998 0.00188818
0.999674 -0.0254657 0.00195057 -1.33782 0.025468 0.999675 -0.00118652 -0.0957868 -0.00191972 0.00123581 0.999997 0.00723375
0.999621 -0.0274268 0.0022197 -1.49582 0.0274297 0.999623 -0.00130288 -0.0657955 -0.00218313 0.00136327 0.999997 0.028661
0.999576 -0.0290178 0.00230773 -1.66932 0.0290202 0.999578 -0.0010281 -0.0540982 -0.00227692 0.00109464 0.999997 0.0507879
0.99953 -0.0305643 0.00254131 -1.86922 0.0305657 0.999533 -0.000532957 -0.0781087 -0.00252383 0.000610383 0.999997 0.0574427
0.99946 -0.0327634 0.00243181 -2.08606 0.0327652 0.999463 -0.000687315 -0.0879495 -0.00240798 0.000766623 0.999997 0.063633
0.999428 -0.0337351 0.00228441 -2.30199 0.0337379 0.99943 -0.0011945 -0.104158 -0.00224281 0.00127088 0.999997 0.0613009
0.999373 -0.0352918 0.00274889 -2.54106 0.0352979 0.999374 -0.00220681 -0.125262 -0.00266929 0.00230246 0.999994 0.0481926
0.999338 -0.0362183 0.00332333 -2.76291 0.0362276 0.99934 -0.00278987 -0.140417 -0.00322009 0.00290842 0.999991 0.0576027
0.999317 -0.0367049 0.00427377 -3.00609 0.0367145 0.999323 -0.00219982 -0.138992 -0.00419013 0.00235522 0.999988 0.0629545
0.999291 -0.0373181 0.00497416 -3.27697 0.0373265 0.999302 -0.00160716 -0.156177 -0.00491071 0.00179169 0.999986 0.081959
0.999267 -0.0379302 0.0052664 -3.55906 0.0379379 0.999279 -0.00136305 -0.157818 -0.0052109 0.00156185 0.999985 0.0940217
0.999255 -0.0382285 0.00534836 -3.84954 0.0382374 0.999267 -0.00157926 -0.157397 -0.00528407 0.00178259 0.999984 0.0955338
0.999259 -0.0381862 0.00483212 -4.15279 0.0381959 0.999268 -0.00194426 -0.174811 -0.00475434 0.00212739 0.999986 0.10318
0.999255 -0.038321 0.00460819 -4.47703 0.0383284 0.999264 -0.00151489 -0.194155 -0.00454674 0.00169039 0.999988 0.0939534
0.999228 -0.0390203 0.00451333 -4.78186 0.0390285 0.999237 -0.00174391 -0.198698 -0.00444184 0.00191871 0.999988 0.108052
0.999182 -0.0402772 0.00348062 -5.13568 0.0402829 0.999187 -0.00157358 -0.218728 -0.00341442 0.00171251 0.999993 0.120182
0.999155 -0.0410285 0.00231565 -5.47329 0.0410325 0.999156 -0.00168954 -0.230155 -0.00224438 0.00178313 0.999996 0.134712
0.999071 -0.0430674 0.00139569 -5.84123 0.0430698 0.999071 -0.00168723 -0.246865 -0.00132173 0.00174577 0.999998 0.134556
0.999015 -0.044347 0.00140693 -6.22716 0.0443496 0.999014 -0.00182354 -0.271907 -0.00132468 0.00188414 0.999997 0.135884
0.999015 -0.0443387 0.00185663 -6.5786 0.0443434 0.999013 -0.00255222 -0.299727 -0.00174163 0.00263204 0.999995 0.145924
0.998979 -0.0451085 0.00240718 -6.95302 0.0451151 0.998978 -0.00274639 -0.320464 -0.00228083 0.00285218 0.999993 0.174077
0.998897 -0.046866 0.00275989 -7.37169 0.046872 0.998899 -0.00216527 -0.330883 -0.00265538 0.00229224 0.999994 0.17044
0.9988 -0.0488417 0.00349196 -7.79995 0.0488483 0.998805 -0.00182067 -0.338489 -0.00339887 0.00198907 0.999992 0.175856
0.998747 -0.0498365 0.00462592 -8.21226 0.0498492 0.998753 -0.00266986 -0.361758 -0.0044871 0.00289711 0.999986 0.193178
0.99871 -0.0504799 0.00549001 -8.63189 0.0504995 0.998718 -0.00350184 -0.397569 -0.0053062 0.00377457 0.999979 0.202089
0.998653 -0.0515263 0.00613372 -9.08361 0.0515523 0.998662 -0.00416764 -0.423308 -0.00591077 0.00447823 0.999973 0.210575
0.99859 -0.0527616 0.00585746 -9.53435 0.0527869 0.998597 -0.0042537 -0.436345 -0.00562481 0.0045569 0.999974 0.225704
0.998511 -0.0542708 0.00554525 -10.0039 0.0542936 0.998517 -0.00404169 -0.465371 -0.00531768 0.00433674 0.999976 0.232711
0.998425 -0.0558237 0.00557431 -10.4746 0.0558497 0.998428 -0.00463265 -0.487327 -0.00530694 0.00493668 0.999974 0.245022
0.998397 -0.0563054 0.00583149 -10.937 0.0563355 0.998399 -0.00514141 -0.533703 -0.00553266 0.00546168 0.99997 0.244826
0.998311 -0.0578498 0.00543342 -11.4304 0.0578833 0.998304 -0.00622701 -0.570235 -0.00506398 0.006531 0.999966 0.255433
0.998253 -0.0588781 0.0050185 -11.9658 0.0589091 0.998244 -0.0062825 -0.594562 -0.00463978 0.00656716 0.999968 0.26723
0.99817 -0.0602557 0.00499586 -12.4944 0.0602856 0.998163 -0.00606491 -0.626893 -0.00462123 0.00635499 0.999969 0.286821
0.998114 -0.0612024 0.0048589 -13.0098 0.0612332 0.998103 -0.00645741 -0.660645 -0.00445447 0.00674276 0.999967 0.306864
0.998062 -0.0620305 0.00491715 -13.5354 0.0620682 0.99804 -0.00792334 -0.685315 -0.00441603 0.00821318 0.999957 0.30985
0.99799 -0.0631133 0.00569555 -14.1101 0.0631652 0.997958 -0.00944192 -0.72102 -0.00508801 0.0097827 0.999939 0.333865
0.997958 -0.0636003 0.00592746 -14.7124 0.0636522 0.997931 -0.00902443 -0.774446 -0.00534124 0.0093833 0.999942 0.328454
0.99794 -0.0639977 0.00440592 -15.2815 0.0640378 0.997901 -0.00965354 -0.800333 -0.00377887 0.0099158 0.999944 0.355405
0.997934 -0.0641522 0.0035818 -15.8697 0.0641881 0.997877 -0.011001 -0.838008 -0.00286846 0.0112082 0.999933 0.389614
0.997898 -0.0646829 0.00387256 -16.4497 0.0647229 0.997839 -0.0112878 -0.888849 -0.00313406 0.0115147 0.999929 0.400923
0.997847 -0.0654357 0.00450143 -17.0521 0.0654827 0.99779 -0.0112356 -0.929032 -0.00375627 0.0115062 0.999927 0.402477
0.997789 -0.0662368 0.00554785 -17.6718 0.0662929 0.997744 -0.0106268 -0.97579 -0.00483144 0.0109711 0.999928 0.412314
0.997754 -0.0666873 0.00632593 -18.3003 0.0667556 0.997706 -0.0112768 -1.01435 -0.0055594 0.0116738 0.999916 0.43831
0.997686 -0.067565 0.00762637 -18.9675 0.0676591 0.997626 -0.0128367 -1.03431 -0.00674095 0.013323 0.999889 0.448248
0.997684 -0.0676002 0.00748004 -19.6323 0.0677006 0.997606 -0.0141015 -1.08438 -0.00650887 0.0145752 0.999873 0.466822
0.997706 -0.0673583 0.00669122 -20.2979 0.0674535 0.997607 -0.015202 -1.13941 -0.00565122 0.0156185 0.999862 0.492691
0.997803 -0.0659456 0.00635569 -20.9526 0.0660378 0.997695 -0.0155833 -1.189 -0.00531339 0.0159687 0.999858 0.499628
0.997884 -0.0647153 0.00627633 -21.6317 0.0648052 0.99778 -0.0153703 -1.23425 -0.0052677 0.0157445 0.999862 0.519265
0.997901 -0.0644661 0.00613917 -22.3599 0.0645429 0.997827 -0.0132665 -1.26535 -0.00527059 0.0136349 0.999893 0.521567
0.997967 -0.0634329 0.00623224 -23.085 0.0635134 0.997887 -0.0137172 -1.30934 -0.00534895 0.0140852 0.999886 0.555035
0.998068 -0.0618184 0.00615468 -23.7905 0.0619048 0.997969 -0.0150121 -1.34419 -0.00521416 0.0153641 0.999868 0.588222
0.998184 -0.0598959 0.00636513 -24.5294 0.0599894 0.998076 -0.0156757 -1.37964 -0.00541397 0.0160291 0.999857 0.588488
0.998314 -0.0576785 0.00651324 -25.2467 0.0577808 0.998188 -0.0167825 -1.43005 -0.00553344 0.0171306 0.999838 0.61499
0.998419 -0.0558458 0.00641401 -25.9961 0.0559487 0.998286 -0.0171813 -1.49312 -0.00544351 0.017513 0.999832 0.631781
0.998537 -0.053726 0.00611284 -26.7558 0.0538209 0.998413 -0.0166041 -1.51509 -0.00521107 0.0169088 0.999843 0.642466
0.998639 -0.0517869 0.00614467 -27.5388 0.051883 0.998514 -0.016665 -1.54842 -0.00527251 0.0169611 0.999842 0.66569
0.998718 -0.0502587 0.00606046 -28.3146 0.0503504 0.998603 -0.0160581 -1.56274 -0.00524493 0.0163426 0.999853 0.68365
0.998825 -0.0482176 0.00490654 -29.0878 0.048293 0.998695 -0.0166234 -1.60422 -0.0040986 0.0168408 0.99985 0.723819
0.998899 -0.0467288 0.00408667 -29.873 0.0467895 0.998772 -0.0162821 -1.64187 -0.00332081 0.0164554 0.999859 0.730537
0.998962 -0.0453962 0.00370339 -30.6955 0.0454536 0.998817 -0.0172816 -1.68281 -0.00291449 0.017432 0.999844 0.766529
0.999014 -0.044275 0.0033675 -31.5273 0.0443253 0.998877 -0.0167298 -1.73334 -0.00262301 0.0168625 0.999854 0.789816
0.999013 -0.0443066 0.00315318 -32.3303 0.0443479 0.998911 -0.0145137 -1.75853 -0.0025067 0.0146392 0.99989 0.81047
0.998974 -0.0451472 0.00351661 -33.1633 0.0451913 0.998885 -0.0136795 -1.7796 -0.00289509 0.0138244 0.9999 0.83043
0.99895 -0.045635 0.00413191 -34.0185 0.0456869 0.998865 -0.0134911 -1.81132 -0.00351156 0.0136657 0.9999 0.84275
0.998971 -0.0451707 0.00417131 -34.859 0.0452248 0.99888 -0.0139307 -1.84923 -0.00353738 0.014105 0.999894 0.865353
0.999007 -0.0444268 0.00333229 -35.6892 0.0444664 0.998927 -0.0129693 -1.92131 -0.00275253 0.0131046 0.99991 0.888036
0.998984 -0.0450261 0.00182911 -36.5594 0.0450453 0.998909 -0.012334 -1.94501 -0.00127176 0.0124038 0.999922 0.921453
0.998978 -0.0451805 0.00105733 -37.4684 0.0451895 0.998916 -0.0112002 -1.98192 -0.000550159 0.0112365 0.999937 0.931698
0.998939 -0.0460271 0.00179117 -38.3764 0.0460445 0.998876 -0.0112973 -2.01236 -0.00126917 0.0113678 0.999935 0.953835
0.998887 -0.0470749 0.00311338 -39.2553 0.0471105 0.99881 -0.012582 -2.05743 -0.00251738 0.0127147 0.999916 0.9815
0.998775 -0.0493575 0.0035019 -40.169 0.0493974 0.998702 -0.012402 -2.0792 -0.00288522 0.0125598 0.999917 0.993335
0.99872 -0.0505103 0.00269467 -41.0893 0.0505393 0.998649 -0.0120945 -2.13729 -0.00208013 0.0122152 0.999923 1.004
0.998631 -0.0522741 0.00187525 -42.0068 0.052292 0.998567 -0.0113409 -2.19409 -0.00127973 0.0114234 0.999934 1.02085
0.998507 -0.0545972 0.00186651 -42.927 0.0546138 0.998452 -0.0105058 -2.24568 -0.00129004 0.010592 0.999943 1.05305
0.99832 -0.0578844 0.00239106 -43.8643 0.0579058 0.998271 -0.0101212 -2.29078 -0.00180107 0.0102427 0.999946 1.09576
0.998119 -0.0611976 0.0035381 -44.8334 0.0612272 0.998084 -0.00894834 -2.34447 -0.00298371 0.00914814 0.999954 1.11079
0.997914 -0.0644361 0.00394822 -45.8011 0.064467 0.997885 -0.00828487 -2.42558 -0.00340603 0.00852212 0.999958 1.13116
0.99774 -0.0671071 0.00334053 -46.768 0.0671314 0.997714 -0.00779649 -2.48846 -0.00280969 0.00800312 0.999964 1.14547
0.997547 -0.0699587 0.00251874 -47.7403 0.0699753 0.997522 -0.00725766 -2.55309 -0.00200476 0.00741611 0.99997 1.16332
0.997277 -0.0737237 0.0019414 -48.7575 0.0737351 0.997256 -0.00661453 -2.61971 -0.00144842 0.00673967 0.999976 1.21095
0.996988 -0.0775103 0.00280686 -49.7319 0.0775276 0.996968 -0.00667381 -2.70352 -0.00228106 0.00687131 0.999974 1.23623
0.996657 -0.0815856 0.00420658 -50.7253 0.0816151 0.996637 -0.00737968 -2.79105 -0.00359036 0.00769834 0.999964 1.25808
0.996255 -0.0863391 0.00460009 -51.7285 0.0863712 0.996236 -0.00729922 -2.87846 -0.00395257 0.0076692 0.999963 1.26148
0.995818 -0.0912939 0.00349794 -52.7412 0.0913207 0.995786 -0.00846949 -2.96264 -0.00270999 0.0087535 0.999958 1.29638
0.995356 -0.0962302 0.00242934 -53.7673 0.0962478 0.99532 -0.00866568 -3.05631 -0.00158407 0.00885926 0.99996 1.32056
0.994894 -0.100911 0.0017593 -54.8048 0.100922 0.994863 -0.00790529 -3.20176 -0.000952526 0.00804248 0.999967 1.33833
0.994313 -0.106493 0.000223348 -55.8434 0.106492 0.994292 -0.00656285 -3.31046 0.000476827 0.00654931 0.999978 1.35699
0.993707 -0.112008 -0.000973033 -56.8737 0.111998 0.993683 -0.0071485 -3.41885 0.00176757 0.00699453 0.999974 1.39074
0.993068 -0.117533 -0.00131166 -57.9133 0.117518 0.993034 -0.00858237 -3.55908 0.00231123 0.00836873 0.999962 1.40784
0.992469 -0.122491 -0.00105112 -58.963 0.122477 0.992429 -0.00913342 -3.7096 0.00216193 0.0089359 0.999958 1.4158
0.991758 -0.128128 -0.000337198 -60.0369 0.12812 0.991719 -0.00886792 -3.82719 0.00147063 0.00875162 0.999961 1.44774
0.991016 -0.13373 0.00170451 -61.1104 0.13374 0.990968 -0.00976956 -3.96936 -0.000382633 0.00990975 0.999951 1.48192
0.990224 -0.139428 0.00396582 -62.1823 0.139465 0.990158 -0.0116486 -4.12422 -0.00230265 0.0120878 0.999924 1.49778
0.989507 -0.144387 0.00530618 -63.2753 0.144446 0.98942 -0.0135311 -4.27722 -0.00329634 0.0141556 0.999894 1.51701
0.98893 -0.148262 0.00597082 -64.3853 0.148339 0.988811 -0.0157457 -4.44001 -0.00356952 0.0164571 0.999858 1.53524
0.988634 -0.150218 0.00610427 -65.4517 0.1503 0.988505 -0.0163537 -4.62091 -0.00357748 0.0170853 0.999848 1.55994
0.988182 -0.153196 0.0052114 -66.5673 0.153261 0.988053 -0.0162068 -4.76858 -0.00266632 0.016814 0.999855 1.60085
0.987784 -0.155782 0.00391339 -67.6943 0.155824 0.987667 -0.0152335 -4.94023 -0.00149202 0.0156572 0.999876 1.63779
0.98755 -0.157273 0.00329156 -68.8086 0.157304 0.987439 -0.0147969 -5.12475 -0.000923076 0.0151304 0.999885 1.66985
0.987363 -0.158418 0.00414834 -69.9415 0.158461 0.987267 -0.0139212 -5.31646 -0.00189016 0.0144027 0.999894 1.69727
0.987246 -0.159126 0.00491887 -71.0609 0.159177 0.987165 -0.0129383 -5.49495 -0.00279692 0.0135562 0.999904 1.70375
0.987118 -0.159935 0.00425821 -72.1837 0.15998 0.987022 -0.0138989 -5.6704 -0.00198003 0.014401 0.999894 1.74701
0.987017 -0.160577 0.00356556 -73.3554 0.160613 0.986897 -0.0154432 -5.85316 -0.00103902 0.0158154 0.999874 1.78598
0.987169 -0.159649 0.00314188 -74.5184 0.159679 0.987036 -0.0161746 -6.03269 -0.000518895 0.0164687 0.999864 1.8055
0.98748 -0.157712 0.00309817 -75.6824 0.157742 0.987303 -0.018693 -6.22835 -0.000110728 0.0189477 0.99982 1.84008
0.987896 -0.155083 0.0032447 -76.8662 0.155117 0.987712 -0.019069 -6.42958 -0.00024755 0.0193415 0.999813 1.84969
0.988376 -0.151995 0.00333664 -78.0269 0.152032 0.988179 -0.0197382 -6.60633 -0.000297075 0.0200161 0.9998 1.89074
0.988636 -0.15028 0.00395688 -79.2192 0.15033 0.988425 -0.0203952 -6.77143 -0.000846078 0.0207583 0.999784 1.93304
0.988957 -0.148094 0.00570888 -80.4381 0.148179 0.988762 -0.0198195 -6.96418 -0.00270958 0.0204466 0.999787 1.94744
0.989246 -0.146084 0.00725436 -81.6245 0.146197 0.989079 -0.018704 -7.11801 -0.00444277 0.0195634 0.999799 1.97794
0.989685 -0.142982 0.00894331 -82.8109 0.143124 0.989542 -0.0179483 -7.27416 -0.0062835 0.0190432 0.999799 2.01617
0.990014 -0.140648 0.00950243 -84.038 0.140788 0.989907 -0.0162091 -7.44906 -0.00712675 0.017385 0.999823 2.0681
0.990391 -0.137898 0.0104736 -85.259 0.138025 0.990349 -0.0125413 -7.623 -0.00864311 0.0138664 0.999867 2.07935
0.990777 -0.13519 0.00925163 -86.4703 0.135288 0.990746 -0.0108972 -7.78024 -0.00769283 0.0120483 0.999898 2.11363
0.991125 -0.132803 0.00595783 -87.7139 0.132865 0.991066 -0.0115913 -7.95042 -0.00436524 0.01228 0.999915 2.15309
0.991434 -0.130553 0.00392017 -88.9595 0.130594 0.99135 -0.0130873 -8.09342 -0.00217767 0.0134872 0.999907 2.19932
0.991729 -0.128272 0.00442097 -90.2232 0.128326 0.991609 -0.01565 -8.25595 -0.00237642 0.0160879 0.999868 2.22946
0.992096 -0.125318 0.00646315 -91.4754 0.125409 0.991971 -0.0162943 -8.41157 -0.00436929 0.0169761 0.999846 2.24328
0.992405 -0.122712 0.00855755 -92.7001 0.122822 0.992334 -0.0137423 -8.58198 -0.00680561 0.0146889 0.999869 2.28384
0.992534 -0.121776 0.00683891 -94.0094 0.121848 0.992484 -0.011369 -8.74449 -0.00540305 0.0121174 0.999912 2.32266
0.992635 -0.121128 0.00210688 -95.2944 0.121145 0.992566 -0.0116665 -8.86636 -0.000678075 0.0118358 0.99993 2.35175
0.992763 -0.12009 -0.000801416 -96.573 0.120069 0.992679 -0.0130738 -9.01658 0.00236557 0.0128829 0.999914 2.39023
0.992936 -0.118654 -0.000186916 -97.8408 0.118638 0.99282 -0.0152561 -9.17787 0.00199577 0.0151262 0.999884 2.43987
0.993096 -0.117291 0.00156106 -99.1243 0.117301 0.992971 -0.0157529 -9.33413 0.000297599 0.0158273 0.999875 2.46321
0.993184 -0.116509 0.00318998 -100.395 0.116545 0.99306 -0.015801 -9.47932 -0.00132688 0.016065 0.99987 2.49722
0.993263 -0.115769 0.00511546 -101.661 0.115836 0.993143 -0.0157539 -9.63676 -0.00325658 0.0162403 0.999863 2.53882
0.993214 -0.116101 0.00685351 -102.937 0.116187 0.99313 -0.0138782 -9.76737 -0.00519516 0.0145803 0.99988 2.59029
0.993185 -0.116336 0.00698388 -104.205 0.116419 0.993116 -0.0129626 -9.90562 -0.00542779 0.0136873 0.999892 2.63475
0.993228 -0.116048 0.00557022 -105.451 0.116115 0.993139 -0.0138458 -10.055 -0.00392523 0.0143988 0.999889 2.66097
0.993294 -0.115538 0.00416549 -106.724 0.11559 0.99317 -0.0158736 -10.2066 -0.00230304 0.0162487 0.999865 2.7136
0.993335 -0.115197 0.00394132 -107.973 0.115244 0.993218 -0.0154013 -10.3474 -0.00214041 0.0157529 0.999874 2.74636
0.993392 -0.114692 0.00416733 -109.226 0.114746 0.993254 -0.0167541 -10.4991 -0.00221766 0.0171215 0.999851 2.78367
0.993458 -0.114133 0.00384867 -110.487 0.114185 0.993282 -0.0187637 -10.634 -0.00168126 0.0190805 0.999817 2.81027
0.993634 -0.1126 0.00367288 -111.723 0.112651 0.993431 -0.0201008 -10.7834 -0.0013854 0.0203866 0.999791 2.84475
0.993806 -0.111041 0.00444609 -112.989 0.111108 0.993609 -0.019903 -10.9224 -0.00220761 0.0202737 0.999792 2.87087
0.993973 -0.109413 0.0067791 -114.234 0.109532 0.993768 -0.0207013 -11.0649 -0.00447185 0.021319 0.999763 2.92138
0.993998 -0.108831 0.0111603 -115.499 0.109028 0.993857 -0.0189814 -11.1927 -0.00902597 0.0200843 0.999758 2.93746
0.994104 -0.107673 0.012825 -116.733 0.107902 0.993985 -0.0187349 -11.3145 -0.0107307 0.0200083 0.999742 3.00025
0.994385 -0.105098 0.0123616 -117.938 0.105308 0.994281 -0.01778 -11.4603 -0.0104223 0.0189819 0.999766 3.04449
0.994505 -0.104105 0.0110465 -119.214 0.104288 0.994393 -0.0175306 -11.5782 -0.00915957 0.0185863 0.999785 3.09682
0.994582 -0.103501 0.00971159 -120.491 0.103662 0.994451 -0.0179163 -11.7099 -0.00780335 0.0188259 0.999792 3.13844
0.994588 -0.103515 0.00887052 -121.752 0.103653 0.994469 -0.0169598 -11.8558 -0.00706587 0.0177875 0.999817 3.19032
0.994615 -0.103214 0.00937028 -122.993 0.10336 0.994505 -0.01664 -11.979 -0.0076013 0.0175189 0.999818 3.23224
0.994509 -0.10416 0.0101764 -124.231 0.104317 0.994408 -0.0164328 -12.0966 -0.00840791 0.0174041 0.999813 3.26432
0.994414 -0.105089 0.00989501 -125.479 0.105248 0.994298 -0.017187 -12.2319 -0.00803243 0.0181324 0.999803 3.31579
0.994348 -0.105796 0.00890111 -126.747 0.105935 0.99423 -0.016869 -12.3566 -0.00706508 0.0177166 0.999818 3.35524
0.994315 -0.106086 0.009148 -127.973 0.106231 0.994193 -0.0172053 -12.4835 -0.00726963 0.0180793 0.99981 3.41069
0.994289 -0.106171 0.0107991 -129.219 0.106336 0.9942 -0.0161049 -12.6122 -0.00902663 0.0171613 0.999812 3.45005
0.994265 -0.106279 0.0119381 -130.461 0.10646 0.994193 -0.015721 -12.7434 -0.0101979 0.0169018 0.999805 3.49269
0.994132 -0.107589 0.0112486 -131.73 0.107761 0.994048 -0.016023 -12.8877 -0.0094578 0.0171411 0.999808 3.52838
0.994154 -0.107521 0.00982408 -132.962 0.107679 0.994035 -0.0173118 -13.0139 -0.00790409 0.0182685 0.999802 3.57491
0.994172 -0.107379 0.0095731 -134.187 0.107535 0.994045 -0.0176224 -13.1464 -0.00762382 0.0185491 0.999799 3.61814
0.994203 -0.107026 0.0102697 -135.411 0.107196 0.99408 -0.0177393 -13.2763 -0.00831034 0.0187373 0.99979 3.66829
0.994192 -0.106933 0.0121332 -136.696 0.107135 0.994091 -0.0174422 -13.4086 -0.0101964 0.0186408 0.999774 3.70476
0.994225 -0.106491 0.0132682 -137.942 0.106714 0.994137 -0.0174258 -13.5377 -0.0113347 0.018741 0.99976 3.74808
0.994458 -0.104363 0.0127042 -139.162 0.104581 0.994355 -0.0179349 -13.6756 -0.0107607 0.0191641 0.999758 3.80236
0.994614 -0.103037 0.0112195 -140.404 0.103233 0.994485 -0.0184989 -13.7967 -0.00925156 0.0195575 0.999766 3.84138
0.994647 -0.102802 0.0104755 -141.67 0.102985 0.994507 -0.0186898 -13.9175 -0.00849662 0.0196686 0.99977 3.892
0.99471 -0.102039 0.0118127 -142.918 0.102232 0.994614 -0.0170767 -14.0434 -0.0100066 0.018194 0.999784 3.94076
0.994795 -0.100852 0.0145208 -144.13 0.101096 0.994729 -0.0171444 -14.1575 -0.0127152 0.0185232 0.999748 4.00533
0.994742 -0.100795 0.0181183 -145.383 0.101084 0.994753 -0.0157707 -14.2743 -0.0164336 0.0175192 0.999711 4.0369
0.99481 -0.0999492 0.0190543 -146.606 0.10025 0.994841 -0.0155193 -14.4093 -0.0174049 0.017349 0.999698 4.08139
0.994845 -0.0998934 0.0174566 -147.846 0.100165 0.994851 -0.015433 -14.541 -0.0158251 0.017102 0.999729 4.13011
0.994773 -0.101033 0.0147723 -149.091 0.101252 0.994748 -0.0149621 -14.6734 -0.0131831 0.0163796 0.999779 4.19433
0.9947 -0.101962 0.0132259 -150.318 0.102156 0.994656 -0.0149546 -14.7787 -0.0116305 0.0162265 0.999801 4.23513
0.99474 -0.101733 0.0119777 -151.554 0.101918 0.994663 -0.0160409 -14.9 -0.0102819 0.0171773 0.9998 4.28817
0.994728 -0.101953 0.0110064 -152.796 0.102125 0.994636 -0.0163959 -15.0189 -0.00927573 0.0174335 0.999805 4.32983
0.994766 -0.101602 0.0108208 -154.038 0.101771 0.994672 -0.0164102 -15.1489 -0.00909588 0.0174256 0.999807 4.36581
0.994845 -0.10078 0.011272 -155.267 0.100962 0.994745 -0.0170027 -15.2696 -0.00949924 0.0180531 0.999792 4.41715
0.994966 -0.0993367 0.0132242 -156.505 0.0995475 0.994898 -0.0163659 -15.4036 -0.011531 0.0175999 0.999779 4.45621
0.995063 -0.098058 0.0153029 -157.726 0.0983106 0.995015 -0.0167317 -15.5224 -0.013586 0.0181536 0.999743 4.50625
0.995106 -0.0976786 0.0149137 -158.963 0.0979342 0.995039 -0.017498 -15.6393 -0.0131306 0.0188729 0.999736 4.56259
0.995249 -0.0964634 0.0131697 -160.195 0.0966875 0.995159 -0.0175962 -15.7574 -0.0114086 0.0187859 0.999758 4.59906
0.995332 -0.0957082 0.012387 -161.442 0.0959198 0.99523 -0.0177961 -15.8654 -0.0106247 0.0189012 0.999765 4.64199
0.995326 -0.0957022 0.0129644 -162.705 0.0959201 0.995237 -0.0173881 -15.9829 -0.0112386 0.0185504 0.999765 4.68844
0.995289 -0.0960378 0.013272 -163.917 0.09625 0.995222 -0.0163989 -16.0931 -0.0116337 0.017599 0.999777 4.74841
0.995308 -0.0957127 0.0142066 -165.125 0.095927 0.995271 -0.0152576 -16.2101 -0.0126791 0.0165489 0.999783 4.80274
0.995186 -0.0967671 0.0155055 -166.368 0.0969929 0.995179 -0.0145393 -16.3325 -0.0140239 0.0159733 0.999774 4.83549
0.995064 -0.0976404 0.017722 -167.611 0.0979217 0.995069 -0.0157662 -16.4458 -0.0160952 0.0174237 0.999719 4.89399
0.994999 -0.0981787 0.0183864 -168.831 0.098483 0.995003 -0.0164459 -16.5679 -0.0166799 0.0181744 0.999696 4.92753
0.995049 -0.0979501 0.0168374 -170.034 0.0982345 0.995018 -0.0169914 -16.7033 -0.0150892 0.0185613 0.999714 4.96124
0.995041 -0.0985595 0.013428 -171.289 0.0987947 0.994942 -0.0181524 -16.8328 -0.011571 0.019389 0.999745 5.02536
0.994996 -0.0992351 0.0116346 -172.545 0.0994301 0.994889 -0.0175882 -16.9358 -0.00982976 0.018657 0.999778 5.07871
0.994905 -0.100027 0.0125834 -173.793 0.100231 0.994823 -0.0167643 -17.0479 -0.0108414 0.0179401 0.99978 5.13193
0.99482 -0.100482 0.0154087 -175.005 0.100731 0.994779 -0.0163791 -17.1588 -0.0136824 0.0178464 0.999747 5.16733
0.994762 -0.100432 0.0190357 -176.236 0.100746 0.994778 -0.0163512 -17.2912 -0.0172941 0.0181834 0.999685 5.21709
0.99478 -0.100109 0.0197884 -177.485 0.100434 0.994812 -0.0161712 -17.4186 -0.0180668 0.0180742 0.999673 5.26262
0.994764 -0.100588 0.01805 -178.712 0.100884 0.994765 -0.0162674 -17.5299 -0.0163192 0.0180032 0.999705 5.30443
0.994809 -0.100742 0.0143653 -179.953 0.100978 0.994746 -0.0168209 -17.6593 -0.0125952 0.0181842 0.999755 5.36941
0.994849 -0.100682 0.011809 -181.189 0.100868 0.994765 -0.0163547 -17.7873 -0.0101005 0.0174616 0.999797 5.43195
0.994836 -0.100679 0.0128168 -182.427 0.100877 0.994772 -0.0158934 -17.8998 -0.0111497 0.0171043 0.999792 5.4785
0.99475 -0.101086 0.0159543 -183.666 0.101342 0.994721 -0.0161463 -18.0301 -0.0142379 0.0176784 0.999742 5.51867
0.994695 -0.101267 0.0180627 -184.893 0.101563 0.994696 -0.0162597 -18.1456 -0.0163203 0.0180079 0.999705 5.54766
0.994704 -0.101253 0.0176833 -186.139 0.101565 0.99467 -0.0177714 -18.2661 -0.0157897 0.0194733 0.999686 5.598
0.99472 -0.101492 0.0152146 -187.409 0.101801 0.99458 -0.0211536 -18.4012 -0.0129852 0.0225908 0.99966 5.66128
0.994855 -0.100575 0.0121802 -188.651 0.100845 0.994609 -0.0241373 -18.5337 -0.00968698 0.0252414 0.999634 5.70167
0.994931 -0.0998676 0.0117465 -189.884 0.100158 0.994591 -0.0275231 -18.6673 -0.00893426 0.0285601 0.999552 5.76124
0.994965 -0.099318 0.0134068 -191.125 0.0996924 0.994536 -0.030964 -18.7884 -0.0102583 0.0321447 0.999431 5.811
0.994986 -0.0987327 0.0159576 -192.369 0.0991922 0.99458 -0.0311633 -18.9109 -0.0127943 0.0325899 0.999387 5.82995
0.99502 -0.0979799 0.0182945 -193.601 0.0984978 0.994686 -0.0299576 -19.0355 -0.015262 0.0316103 0.999384 5.8834
0.995011 -0.097797 0.0197351 -194.86 0.0983199 0.994774 -0.027535 -19.1597 -0.0169391 0.029338 0.999426 5.95344
0.995029 -0.0976321 0.0196269 -196.084 0.0981531 0.994788 -0.027611 -19.2727 -0.0168289 0.0294002 0.999426 6.00694
0.995103 -0.0972458 0.0177024 -197.338 0.0977141 0.994825 -0.0278576 -19.3979 -0.0149018 0.0294509 0.999455 6.04175
0.99524 -0.0962416 0.0153103 -198.603 0.096656 0.994891 -0.0291303 -19.5242 -0.0124285 0.0304715 0.999458 6.10301
0.995243 -0.0961643 0.0155983 -199.859 0.0965872 0.994899 -0.029105 -19.6217 -0.0127198 0.0304731 0.999455 6.14681
0.995228 -0.0960061 0.0174426 -201.118 0.0964834 0.994913 -0.0289663 -19.7398 -0.014573 0.030511 0.999428 6.18518
0.995174 -0.0964194 0.0182473 -202.376 0.096935 0.994842 -0.0298676 -19.8664 -0.0152733 0.0314922 0.999387 6.22849
0.995099 -0.0974162 0.0169653 -203.641 0.0978956 0.994739 -0.0301914 -20.0059 -0.0139349 0.0317042 0.9994 6.2597
0.995061 -0.0983246 0.013633 -204.871 0.0987217 0.994588 -0.0323991 -20.1173 -0.0103736 0.033585 0.999382 6.34254
0.995028 -0.0988284 0.0123306 -206.123 0.0992217 0.99438 -0.0369384 -20.2555 -0.00861078 0.0379783 0.999241 6.41195
0.994952 -0.0992822 0.0146031 -207.415 0.0998121 0.994133 -0.0416674 -20.3896 -0.0103806 0.0429146 0.999025 6.44181
0.99479 -0.100626 0.0163522 -208.674 0.101249 0.993922 -0.0432229 -20.5057 -0.0119035 0.0446533 0.998932 6.47012
0.994745 -0.101108 0.0161136 -209.915 0.101739 0.993798 -0.0448789 -20.6243 -0.0114761 0.0462825 0.998862 6.51579
0.994734 -0.101136 0.0165814 -211.171 0.101804 0.993729 -0.046237 -20.7592 -0.0118012 0.0476816 0.998793 6.56339
0.994736 -0.100901 0.0178605 -212.412 0.10163 0.993751 -0.0461464 -20.9008 -0.0130927 0.0477186 0.998775 6.61238
0.99471 -0.101071 0.0183713 -213.645 0.101808 0.993787 -0.0449653 -21.0215 -0.0137125 0.0465977 0.99882 6.65624
0.994727 -0.100992 0.0178687 -214.915 0.101719 0.993749 -0.0459934 -21.1518 -0.0131121 0.0475684 0.998782 6.71837
0.9947 -0.101246 0.0179324 -216.191 0.101974 0.993729 -0.0458652 -21.2674 -0.0131763 0.0474508 0.998787 6.75144
0.994718 -0.101078 0.0178597 -217.453 0.101788 0.993801 -0.0447128 -21.4008 -0.0132295 0.0462945 0.99884 6.80934
0.994741 -0.100673 0.0188596 -218.733 0.10141 0.9939 -0.0433389 -21.5282 -0.0143815 0.0450236 0.998882 6.8693
0.994759 -0.100437 0.0191783 -219.989 0.101174 0.993966 -0.0423616 -21.6607 -0.0148079 0.0440799 0.998918 6.92423
0.994768 -0.100473 0.0184942 -221.244 0.101184 0.993951 -0.0426955 -21.7717 -0.0140926 0.0443434 0.998917 6.97367
0.994874 -0.0994963 0.0180594 -222.473 0.100211 0.993979 -0.0443054 -21.9049 -0.0135424 0.0458881 0.998855 7.03417
0.994974 -0.098264 0.0192803 -223.687 0.0990792 0.993957 -0.0472542 -22.0515 -0.0145204 0.048927 0.998697 7.08259
0.995067 -0.0968569 0.0214649 -224.919 0.0977831 0.994079 -0.0473948 -22.1788 -0.0167473 0.0492599 0.998646 7.11272
0.995202 -0.0952517 0.02235 -226.143 0.096198 0.9943 -0.0459819 -22.2947 -0.0178428 0.0479113 0.998692 7.179
0.995396 -0.0937512 0.0199337 -227.404 0.0946014 0.994398 -0.0471535 -22.4055 -0.0154014 0.0488222 0.998689 7.23305
0.995554 -0.0934081 0.0120974 -228.634 0.0939187 0.994193 -0.0525254 -22.5006 -0.00712089 0.0534281 0.998546 7.28249
0.995729 -0.092181 0.00517881 -229.836 0.0923263 0.994112 -0.0567124 -22.6352 7.94854e-05 0.0569483 0.998377 7.31295
0.995967 -0.0896114 0.00443227 -231.056 0.0897175 0.994279 -0.0579575 -22.7591 0.000786736 0.0581214 0.998309 7.33539
0.996076 -0.0883141 0.00580477 -232.269 0.0885003 0.994534 -0.0554034 -22.8539 -0.00088014 0.0556997 0.998447 7.35963
0.99614 -0.0875362 0.00653344 -233.495 0.0877574 0.994801 -0.0516715 -22.9457 -0.00197635 0.0520454 0.998643 7.40891
0.996159 -0.0873916 0.00553922 -234.703 0.087555 0.995075 -0.0464836 -23.064 -0.00144966 0.04679 0.998904 7.44449
0.996242 -0.0865072 0.0041888 -235.896 0.0866079 0.995261 -0.0442188 -23.1705 -0.000343704 0.0444154 0.999013 7.48969
0.996251 -0.0864267 0.00388249 -237.12 0.0865139 0.995259 -0.0444398 -23.264 -2.32992e-05 0.0446091 0.999005 7.53003
0.996282 -0.0859729 0.00561609 -238.344 0.0861392 0.995259 -0.0451627 -23.3541 -0.00170669 0.0454785 0.998964 7.55446
0.996267 -0.0859581 0.00796975 -239.563 0.0862301 0.995269 -0.044766 -23.4395 -0.00408405 0.0452861 0.998966 7.5767
0.996249 -0.0860907 0.00871684 -240.783 0.0863824 0.995379 -0.0419344 -23.5768 -0.0050664 0.0425301 0.999082 7.60059
0.996217 -0.0866629 0.0063722 -241.99 0.0868461 0.99546 -0.0389405 -23.685 -0.00296858 0.0393466 0.999221 7.65104
0.996053 -0.0886488 0.00433846 -243.229 0.08875 0.99532 -0.0382316 -23.7747 -0.000928969 0.0384657 0.999259 7.71201
0.996022 -0.088995 0.00456186 -244.432 0.0891051 0.995273 -0.0386346 -23.8875 -0.001102 0.0388874 0.999243 7.74022
0.995981 -0.0893703 0.00589982 -245.635 0.089539 0.995113 -0.0416292 -23.9848 -0.00215057 0.0419902 0.999116 7.78122
0.995901 -0.0901475 0.0074251 -246.83 0.0903937 0.994858 -0.0456835 -24.0819 -0.00326866 0.0461674 0.998928 7.80749
0.995816 -0.0909874 0.00842883 -248.043 0.0912935 0.994606 -0.0492394 -24.2035 -0.0039032 0.0498029 0.998751 7.84398
0.99581 -0.0909377 0.00962601 -249.278 0.0913186 0.99445 -0.0522571 -24.3258 -0.00482044 0.0529172 0.998587 7.86346
0.99592 -0.0895756 0.0109576 -250.472 0.0900255 0.994595 -0.0517249 -24.4525 -0.00626509 0.0525003 0.998601 7.88252
0.995968 -0.0890565 0.0108104 -251.686 0.0894856 0.994757 -0.049502 -24.5595 -0.00634528 0.0502698 0.998716 7.9285
0.995827 -0.090719 0.0099285 -252.904 0.0910903 0.994713 -0.0474103 -24.6613 -0.00557499 0.0481168 0.998826 7.99114
0.995608 -0.0931199 0.00965705 -254.115 0.0934642 0.994592 -0.0452868 -24.7565 -0.00538772 0.0459905 0.998927 8.03307
0.995425 -0.0951257 0.00899563 -255.336 0.0954291 0.994484 -0.0435194 -24.8804 -0.0048062 0.0441787 0.999012 8.07429
0.995231 -0.0972356 0.00779655 -256.554 0.0974755 0.994388 -0.0411306 -24.9902 -0.00375343 0.0416944 0.999123 8.10395
0.995002 -0.0995895 0.00721244 -257.777 0.0997912 0.994301 -0.0375201 -25.116 -0.00343474 0.0380523 0.99927 8.13855
0.994845 -0.101127 0.00758426 -258.96 0.101318 0.994348 -0.0317208 -25.2265 -0.00433356 0.0323257 0.999468 8.16473
0.994683 -0.102779 0.0064897 -260.162 0.102917 0.994332 -0.0267019 -25.3278 -0.00370853 0.0272278 0.999622 8.21805
0.99451 -0.104478 0.00588285 -261.391 0.104593 0.994206 -0.0248026 -25.4526 -0.00325743 0.0252817 0.999675 8.2736
0.994444 -0.105019 0.00725674 -262.586 0.105169 0.994139 -0.0250237 -25.6033 -0.00458625 0.0256478 0.999661 8.30596
0.994384 -0.105477 0.00862294 -263.783 0.105667 0.994068 -0.0257692 -25.7302 -0.00585374 0.0265356 0.999631 8.33547
0.994342 -0.105712 0.0104477 -264.986 0.105964 0.993987 -0.027582 -25.8621 -0.00746909 0.028533 0.999565 8.37279
0.994303 -0.105952 0.0116312 -266.202 0.106247 0.99393 -0.0285343 -25.9813 -0.00853733 0.0296075 0.999525 8.39899
0.994372 -0.105498 0.00975795 -267.354 0.105747 0.993939 -0.0300529 -26.1082 -0.00652829 0.0309156 0.999501 8.45661
0.994475 -0.104688 0.00778112 -268.527 0.104882 0.993992 -0.0313052 -26.2334 -0.00445708 0.0319484 0.99948 8.51045
0.99461 -0.103415 0.00746178 -269.765 0.103594 0.994163 -0.0301254 -26.367 -0.00430282 0.030736 0.999518 8.53447
0.99476 -0.101931 0.0079477 -270.954 0.102119 0.994358 -0.0286909 -26.4787 -0.00497836 0.0293521 0.999557 8.56317
0.99485 -0.101068 0.00766321 -272.136 0.101241 0.994492 -0.0271378 -26.5845 -0.00487823 0.0277739 0.999602 8.60301
0.994932 -0.10037 0.00595895 -273.317 0.100488 0.994628 -0.0248556 -26.6885 -0.00343218 0.0253285 0.999673 8.63306
0.995044 -0.0993653 0.00382637 -274.499 0.099427 0.994784 -0.0227764 -26.7992 -0.00154323 0.0230439 0.999733 8.69151
