1 0 0 0 0 1 0 0 0 0 1 0
1 -3.51642e-05 5.42547e-05 0.00431819 3.51687e-05 1 -8.22412e-05 0.00437891 -5.42518e-05 8.22431e-05 1 -0.00154188
1 5.19053e-06 4.69114e-05 0.00766823 -5.18725e-06 1 -6.98381e-05 0.00206445 -4.69118e-05 6.98378e-05 1 -0.00176584
1 3.94005e-05 2.24123e-05 0.00693519 -3.93998e-05 1 -3.26662e-05 0.000743085 -2.24136e-05 3.26653e-05 1 -0.000517489
1 -2.37695e-05 3.62969e-05 -0.00149748 2.37687e-05 1 2.20607e-05 -0.000922624 -3.62975e-05 -2.20598e-05 1 -0.00148891
1 3.68763e-05 4.55365e-06 -0.00301705 -3.68761e-05 1 -6.12479e-05 -0.00283251 -4.55591e-06 6.12477e-05 1 0.00218404
1 7.04562e-05 6.98609e-06 -0.000459468 -7.04557e-05 1 -7.93258e-05 -0.00109742 -6.99167e-06 7.93253e-05 1 0.00198968
1 3.34761e-06 2.37291e-05 0.00112963 -3.34611e-06 1 -6.31387e-05 0.00172561 -2.37293e-05 6.31386e-05 1 -0.000448435
1 1.04699e-05 2.14021e-05 0.0035892 -1.04693e-05 1 -2.83725e-05 -0.00125595 -2.14024e-05 2.83722e-05 1 -0.00137225
1 -3.73686e-05 1.49013e-06 0.00380211 3.73687e-05 1 -3.96526e-05 0.00161464 -1.48865e-06 3.96527e-05 1 -0.000507746
1 3.88289e-05 -1.26066e-05 0.0032208 -3.88282e-05 1 5.57529e-05 -0.00250406 1.26087e-05 -5.57524e-05 1 -0.00140459
1 7.71962e-05 3.73767e-05 0.00313373 -7.71934e-05 1 -7.22906e-05 -0.00221936 -3.73823e-05 7.22877e-05 1 0.000158098
1 -2.27316e-06 3.46938e-05 0.00223287 2.27467e-06 1 -4.33832e-05 0.00157923 -3.46937e-05 4.33833e-05 1 -0.000676542
1 2.65346e-05 8.52882e-06 0.00231131 -2.6534e-05 1 -6.74799e-05 0.00154237 -8.53061e-06 6.74797e-05 1 0.000949186
1 6.99664e-05 -2.65412e-05 0.00191365 -6.99661e-05 1 1.15166e-05 -0.00420583 2.6542e-05 -1.15147e-05 1 0.000944268
1 1.72685e-05 2.23373e-05 0.0033538 -1.72669e-05 1 -7.23139e-05 0.00024118 -2.23386e-05 7.23135e-05 1 0.000535987
1 -2.52553e-06 2.99512e-05 0.00147663 2.52796e-06 1 -8.11007e-05 0.002244 -2.9951e-05 8.11007e-05 1 0.00129415
1 2.11854e-05 1.21071e-05 0.00213027 -2.11849e-05 1 -4.08683e-05 -0.00135112 -1.21079e-05 4.0868e-05 1 0.000539696
1 2.67226e-07 1.08273e-05 0.0022211 -2.66583e-07 1 -5.94314e-05 -0.000178038 -1.08273e-05 5.94314e-05 1 0.00127472
1 -2.57177e-06 1.62816e-05 0.00117067 2.57312e-06 1 -8.28318e-05 0.00252333 -1.62814e-05 8.28318e-05 1 0.00115397
1 3.84551e-05 1.55726e-05 0.00218486 -3.84546e-05 1 -3.28619e-05 -0.000952276 -1.55739e-05 3.28613e-05 1 -9.28034e-05
1 6.26957e-05 1.21195e-05 0.00305749 -6.26953e-05 1 -3.61184e-05 -0.000854007 -1.21218e-05 3.61176e-05 1 -0.000194042
1 2.51044e-05 2.32236e-05 0.00448343 -2.51029e-05 1 -6.36806e-05 0.000439646 -2.32252e-05 6.368e-05 1 0.000383363
1 4.85141e-05 4.24758e-05 0.00395382 -4.85096e-05 1 -0.000105656 0.000499027 -4.24809e-05 0.000105654 1 3.16818e-05
1 6.80927e-05 2.0277e-05 0.00497122 -6.80905e-05 1 -0.000109094 0.000237775 -2.02844e-05 0.000109093 1 0.00131706
1 0.000112257 -2.24521e-05 0.0050712 -0.000112257 1 1.7925e-05 -0.00510049 2.24541e-05 -1.79225e-05 1 7.81131e-05
1 6.54154e-05 -1.05773e-05 0.00137197 -6.54156e-05 1 -2.44933e-05 -0.00165729 1.05756e-05 2.4494e-05 1 0.000856816
1 8.05979e-05 1.51571e-05 0.000544331 -8.0597e-05 1 -5.9409e-05 -0.00300213 -1.51619e-05 5.94078e-05 1 0.000566128
1 3.84772e-05 -3.78093e-06 -0.000187722 -3.84772e-05 1 -1.83872e-05 -0.00408228 3.78022e-06 1.83873e-05 1 -0.000742636
1 3.16363e-05 -4.38624e-06 0.00397102 -3.16366e-05 1 -7.27055e-05 -0.00167476 4.38394e-06 7.27056e-05 1 -0.000338219
1 4.55283e-05 -1.16937e-06 0.00453383 -4.55284e-05 1 -5.10265e-05 -0.00321776 1.16705e-06 5.10265e-05 1 1.4828e-05
1 0.000114563 4.33862e-05 0.00526338 -0.00011456 1 -6.16418e-05 -0.00263738 -4.33933e-05 6.16369e-05 1 -0.000226286
1 5.95103e-05 4.1261e-05 0.00657532 -5.95075e-05 1 -6.83079e-05 0.00290562 -4.12651e-05 6.83054e-05 1 -0.000634613
1 4.42651e-05 2.16495e-05 0.00167723 -4.42636e-05 1 -6.9012e-05 -0.000272008 -2.16525e-05 6.9011e-05 1 0.000870585
1 4.40562e-05 3.00418e-05 -0.00111479 -4.40552e-05 1 -3.3847e-05 -0.00326239 -3.00433e-05 3.38457e-05 1 -2.25694e-05
1 7.68209e-05 7.86211e-07 0.00413266 -7.68208e-05 1 -5.01256e-05 -0.000668177 -7.90062e-07 5.01255e-05 1 0.000458716
1 -5.48468e-06 3.9608e-06 -0.000456011 5.48482e-06 1 -3.67084e-05 -0.000797898 -3.9606e-06 3.67084e-05 1 0.000735579
1 1.94356e-05 -6.17633e-06 5.71719e-05 -1.94357e-05 1 -2.18383e-05 -0.00334352 6.1759e-06 2.18384e-05 1 0.0011959
1 5.36934e-05 -1.14027e-05 0.00571824 -5.36939e-05 1 -4.85974e-05 -0.00245189 1.14001e-05 4.85981e-05 1 0.00124774
1 6.31882e-05 3.24763e-06 0.0119236 -6.31879e-05 1 -9.00571e-05 -0.00168034 -3.25332e-06 9.00569e-05 1 0.00122277
1 0.000160704 -3.33661e-05 0.0227983 -0.000160704 1 -1.13898e-05 -0.00431708 3.33643e-05 1.13952e-05 1 0.00330222
1 0.000257832 3.42142e-05 0.0315769 -0.000257828 1 -0.000115632 0.000905646 -3.4244e-05 0.000115623 1 0.00434422
1 0.000112084 6.21268e-05 0.0217366 -0.000112077 1 -0.000120583 -0.000676429 -6.21403e-05 0.000120576 1 0.00314951
1 0.000178746 9.35081e-05 0.0039046 -0.000178732 1 -0.000147253 -0.00620443 -9.35344e-05 0.000147236 1 0.00293528
1 0.000183767 0.000127814 -0.0144685 -0.000183746 1 -0.000164328 -0.00836066 -0.000127844 0.000164305 1 0.00280189
1 9.25524e-05 9.8169e-05 -0.028866 -9.25373e-05 1 -0.000153981 -0.00581762 -9.81833e-05 0.000153972 1 0.00346403
1 -2.31948e-06 8.57066e-05 -0.0456175 2.33142e-06 1 -0.000139392 -0.00538591 -8.57063e-05 0.000139392 1 0.00464513
1 -6.83067e-05 0.00018961 -0.0646461 6.8341e-05 1 -0.000180833 -0.0049195 -0.000189598 0.000180846 1 0.00237281
1 2.56242e-05 0.000203488 -0.084553 -2.55685e-05 1 -0.000273669 -0.00855862 -0.000203495 0.000273664 1 0.00487732
1 6.26067e-06 0.000197726 -0.121661 -6.2241e-06 1 -0.000184974 -0.0126351 -0.000197727 0.000184973 1 0.00674719
1 -5.73675e-05 0.000257052 -0.155892 5.74218e-05 1 -0.000211123 -0.0179847 -0.00025704 0.000211138 1 0.00770224
1 -0.00025211 0.000364492 -0.196803 0.000252218 1 -0.000295677 -0.0212391 -0.000364418 0.000295769 1 0.00789277
1 -0.000557012 0.000530965 -0.253967 0.000557269 1 -0.000483286 -0.0187038 -0.000530695 0.000483582 1 0.0143049
0.999999 -0.0011368 0.000732073 -0.31983 0.00113728 0.999999 -0.00065944 -0.0116564 -0.000731323 0.000660272 1 0.0197344
0.999998 -0.00155654 0.000898739 -0.390402 0.00155726 0.999998 -0.000793501 -0.00272225 -0.000897503 0.0007949 0.999999 0.0212274
0.999997 -0.00205299 0.00102149 -0.459018 0.00205383 0.999998 -0.000828145 -0.00190826 -0.00101979 0.000830241 0.999999 0.0232301
0.999997 -0.00211964 0.00108453 -0.512534 0.00212056 0.999997 -0.000849747 -0.0102636 -0.00108273 0.000852045 0.999999 0.0265876
0.999995 -0.00274519 0.00128573 -0.614258 0.00274615 0.999996 -0.000744073 -0.00773418 -0.00128368 0.0007476 0.999999 0.026468
0.999993 -0.00346701 0.0014949 -0.718145 0.00346828 0.999994 -0.000843321 -0.0144008 -0.00149197 0.0008485 0.999999 0.0264078
0.999989 -0.00438742 0.00166987 -0.82701 0.004389 0.99999 -0.000940095 -0.00340022 -0.00166573 0.000947414 0.999998 0.0296192
0.999986 -0.0049575 0.00192185 -0.932337 0.00495935 0.999987 -0.000959369 -0.0072536 -0.00191706 0.000968886 0.999998 0.033893
0.999982 -0.00555005 0.00208429 -1.03737 0.00555239 0.999984 -0.00112267 -0.00591427 -0.00207802 0.00113423 0.999997 0.0401686
0.999978 -0.00624843 0.00221526 -1.17971 0.00625091 0.99998 -0.00111377 -0.017451 -0.00220826 0.00112759 0.999997 0.0388885
0.999969 -0.00750712 0.00249994 -1.32371 0.00751084 0.999971 -0.0014808 -0.0240736 -0.00248875 0.00149953 0.999996 0.0393424
0.999956 -0.00904782 0.00245718 -1.49282 0.0090515 0.999958 -0.00149367 -0.0147716 -0.00244356 0.00151585 0.999996 0.0473049
0.99995 -0.00971867 0.00238985 -1.65841 0.00972148 0.999952 -0.00116822 -0.0244829 -0.00237839 0.00119139 0.999996 0.0485441
0.999944 -0.0103865 0.00211149 -1.81605 0.0103889 0.999945 -0.00116452 -0.0286154 -0.00209928 0.00118639 0.999997 0.0544654
0.999942 -0.010639 0.00178827 -1.97667 0.0106414 0.999942 -0.0013375 -0.0429907 -0.00177394 0.00135645 0.999998 0.0580438
0.999935 -0.0112716 0.00177622 -2.17343 0.0112739 0.999936 -0.0012836 -0.0412801 -0.00176164 0.00130354 0.999998 0.0567627
0.999934 -0.0113589 0.00193358 -2.35052 0.0113613 0.999935 -0.00121713 -0.0388093 -0.00191963 0.00123902 0.999997 0.0642299
0.999932 -0.0114733 0.00212862 -2.56659 0.0114765 0.999933 -0.00149681 -0.0430852 -0.00211131 0.00152114 0.999997 0.0778975
0.999926 -0.011976 0.00189431 -2.78257 0.0119785 0.999927 -0.00134788 -0.0408089 -0.00187803 0.00137047 0.999997 0.0856022
0.999918 -0.0126685 0.00188217 -3.00189 0.0126702 0.999919 -0.000880237 -0.0387481 -0.00187087 0.000904012 0.999998 0.077445
0.999905 -0.0136593 0.00195417 -3.22891 0.0136608 0.999906 -0.000738073 -0.0277023 -0.0019439 0.000764698 0.999998 0.0768317
0.999898 -0.0140895 0.00232885 -3.45818 0.0140924 0.9999 -0.00122527 -0.036101 -0.00231136 0.00125796 0.999997 0.0834752
0.999893 -0.0143673 0.00280962 -3.68911 0.0143715 0.999896 -0.00149401 -0.0599714 -0.00278786 0.00153423 0.999995 0.090768
0.999884 -0.0148983 0.00324405 -3.93761 0.0149026 0.999888 -0.00128505 -0.0816776 -0.00322454 0.00133325 0.999994 0.0906377
0.99987 -0.0157729 0.00341769 -4.212 0.0157783 0.999874 -0.00156623 -0.0757442 -0.00339255 0.00161995 0.999993 0.104686
0.999861 -0.016341 0.00321097 -4.48323 0.0163449 0.999866 -0.00118951 -0.08378 -0.00319111 0.00124183 0.999994 0.113879
0.999847 -0.0171261 0.00354236 -4.77628 0.0171324 0.999852 -0.0017621 -0.0891064 -0.00351166 0.00182252 0.999992 0.126776
0.999837 -0.0176465 0.0037975 -5.06176 0.0176547 0.999842 -0.00214946 -0.0854969 -0.00375897 0.00221616 0.99999 0.140838
0.999818 -0.0186711 0.00382567 -5.38349 0.0186807 0.999822 -0.00249364 -0.0725694 -0.00377843 0.00256465 0.99999 0.145469
0.9998 -0.0196351 0.00382204 -5.68797 0.019645 0.999804 -0.00256382 -0.0868086 -0.00377095 0.00263839 0.999989 0.14866
0.99979 -0.0199519 0.00470985 -6.00931 0.0199665 0.999796 -0.00308316 -0.118507 -0.00464738 0.00317655 0.999984 0.159273
0.999781 -0.0201978 0.00538723 -6.35021 0.0202157 0.99979 -0.0032825 -0.121798 -0.0053198 0.00339069 0.99998 0.173497
0.999771 -0.0206257 0.00566771 -6.69682 0.020646 0.999781 -0.00355122 -0.130954 -0.00559322 0.00366742 0.999978 0.178255
0.999744 -0.0220361 0.00520982 -7.05442 0.0220535 0.999751 -0.00331794 -0.129485 -0.00513541 0.00343198 0.999981 0.179321
0.999736 -0.0225771 0.00426327 -7.41716 0.0225876 0.999742 -0.00241545 -0.138381 -0.00420763 0.00251111 0.999988 0.186848
0.999724 -0.0232158 0.00354936 -7.76894 0.0232232 0.999728 -0.00205813 -0.154259 -0.00350061 0.00213999 0.999992 0.210056
0.999698 -0.0242367 0.00393802 -8.15469 0.0242457 0.999703 -0.00225353 -0.167389 -0.00388224 0.00234833 0.99999 0.212552
0.999683 -0.0248531 0.00391807 -8.56898 0.0248621 0.999688 -0.00226993 -0.19077 -0.00386044 0.00236662 0.99999 0.207067
0.999647 -0.0262654 0.00392292 -8.97617 0.0262759 0.999651 -0.00265972 -0.194028 -0.0038517 0.00276186 0.999989 0.223486
0.999614 -0.0274625 0.00409892 -9.36311 0.0274722 0.99962 -0.00232087 -0.193189 -0.00403363 0.00243258 0.999989 0.239422
0.999579 -0.0286756 0.00438287 -9.77559 0.0286855 0.999586 -0.0022134 -0.205497 -0.00431759 0.00233819 0.999988 0.263902
0.999533 -0.0302426 0.00431326 -10.2137 0.0302484 0.999542 -0.00130035 -0.227705 -0.00427196 0.00143021 0.99999 0.261434
0.999496 -0.0315195 0.00384038 -10.665 0.031526 0.999502 -0.00162686 -0.253829 -0.00378719 0.00174711 0.999991 0.281865
0.999439 -0.0332237 0.00424579 -11.1193 0.0332314 0.999446 -0.00175897 -0.254991 -0.00418499 0.00189907 0.999989 0.280324
0.999367 -0.035313 0.00440741 -11.5678 0.0353215 0.999374 -0.0018616 -0.259702 -0.00433891 0.00201609 0.999989 0.300774
0.999294 -0.0372135 0.00516182 -12.0304 0.0372221 0.999306 -0.00157415 -0.281729 -0.00509966 0.00176517 0.999985 0.3083
0.9992 -0.0395822 0.00577874 -12.5279 0.0395953 0.999213 -0.00217354 -0.300145 -0.00568816 0.00240061 0.999981 0.325792
0.999107 -0.0418516 0.00582635 -13.0204 0.0418652 0.999121 -0.00222867 -0.318307 -0.00572795 0.0024706 0.999981 0.341675
0.999029 -0.043725 0.00547051 -13.5213 0.0437363 0.999041 -0.00196331 -0.357105 -0.00537942 0.00220066 0.999983 0.342378
0.998959 -0.0453333 0.00502593 -14.0184 0.0453419 0.99897 -0.00161688 -0.387233 -0.00494746 0.00184308 0.999986 0.372441
0.99885 -0.0477354 0.00448541 -14.5236 0.0477392 0.99886 -0.000734149 -0.409285 -0.00444525 0.000947434 0.99999 0.401243
0.998727 -0.050229 0.00467613 -15.0642 0.0502337 0.998737 -0.000890806 -0.413896 -0.00462548 0.00112457 0.999989 0.420125
0.998598 -0.0526858 0.00518293 -15.6228 0.0526884 0.998611 -0.000364342 -0.447246 -0.00515654 0.000636912 0.999987 0.415062
0.998479 -0.0548936 0.00514491 -16.1658 0.0548998 0.998491 -0.00107243 -0.489242 -0.00507828 0.00135326 0.999986 0.426361
0.998341 -0.0573153 0.00556288 -16.7162 0.0573285 0.998353 -0.00223097 -0.51844 -0.00542585 0.00254618 0.999982 0.438162
0.998184 -0.0598984 0.00644758 -17.278 0.0599143 0.998201 -0.00230208 -0.565497 -0.00629809 0.0026842 0.999977 0.458727
0.998011 -0.0626408 0.00704371 -17.8396 0.0626533 0.998034 -0.001565 -0.601715 -0.00693183 0.0020032 0.999974 0.470529
0.997851 -0.0651354 0.00715981 -18.4228 0.0651407 0.997876 -0.000516419 -0.628266 -0.00711096 0.000981704 0.999974 0.502763
0.997699 -0.0673905 0.00739902 -19.005 0.0673915 0.997727 0.000113219 -0.680307 -0.00738983 0.000385672 0.999973 0.522812
0.997541 -0.0696945 0.00741096 -19.6063 0.0697038 0.997567 -0.000994926 -0.740462 -0.00732359 0.00150905 0.999972 0.534238
0.997397 -0.0717376 0.00731208 -20.1962 0.0717582 0.997419 -0.00260683 -0.795766 -0.0071062 0.00312474 0.99997 0.545839
0.997245 -0.0738833 0.00658498 -20.8272 0.0739037 0.997261 -0.00290444 -0.834212 -0.00635236 0.0033831 0.999974 0.556432
0.997138 -0.0753995 0.00548039 -21.4436 0.0754139 0.997149 -0.00245333 -0.871394 -0.00527979 0.0028596 0.999982 0.576605
0.996988 -0.077392 0.00512744 -22.0513 0.0774021 0.996998 -0.00180855 -0.919575 -0.00497208 0.00219998 0.999985 0.614011
0.996846 -0.07913 0.0060362 -22.702 0.0791408 0.996862 -0.0015617 -0.96586 -0.00589368 0.00203448 0.999981 0.619182
0.996753 -0.080263 0.00644796 -23.3652 0.0802857 0.996766 -0.00335072 -1.00804 -0.00615817 0.00385752 0.999974 0.619108
0.996697 -0.0809613 0.00628459 -24.0158 0.0809888 0.996706 -0.00425745 -1.08049 -0.0059192 0.00475237 0.999971 0.642383
0.996653 -0.0815055 0.00632765 -24.6475 0.0815378 0.996658 -0.00503717 -1.14952 -0.00589594 0.00553626 0.999967 0.660127
0.99656 -0.0826862 0.00552357 -25.2982 0.0827078 0.996567 -0.00380689 -1.1841 -0.00518983 0.00425063 0.999977 0.67589
0.996461 -0.0839093 0.00488708 -26.0071 0.0839258 0.996467 -0.00327355 -1.23189 -0.00459513 0.00367212 0.999983 0.717824
0.996389 -0.084803 0.00420213 -26.6885 0.0848177 0.996391 -0.00345402 -1.27116 -0.00389405 0.00379796 0.999985 0.747891
0.996318 -0.0855982 0.00491354 -27.3631 0.0856164 0.996322 -0.00361648 -1.34553 -0.0045859 0.00402384 0.999981 0.747151
0.996259 -0.0862035 0.00608249 -28.0615 0.086233 0.996264 -0.00475263 -1.41931 -0.00565007 0.00525937 0.99997 0.768778
0.996149 -0.087376 0.00730425 -28.7803 0.0874112 0.996161 -0.00464684 -1.48623 -0.00687019 0.00526741 0.999963 0.774828
0.996054 -0.0883903 0.00800058 -29.4802 0.0884383 0.996064 -0.00584883 -1.54474 -0.00745212 0.00653331 0.999951 0.811278
0.996047 -0.0884777 0.00793768 -30.2087 0.0885187 0.996062 -0.00496417 -1.60164 -0.0074672 0.00564718 0.999956 0.813512
0.996184 -0.0870285 0.00661084 -30.9515 0.0870701 0.996182 -0.00628982 -1.663 -0.0060382 0.00684142 0.999958 0.850455
0.996415 -0.0844505 0.00507686 -31.6684 0.0844913 0.996388 -0.00844366 -1.72306 -0.00434545 0.00884234 0.999951 0.871205
0.996557 -0.0827352 0.00542603 -32.4266 0.0827825 0.996525 -0.00917283 -1.79571 -0.00464826 0.00959042 0.999943 0.898068
0.996678 -0.0811785 0.00656563 -33.185 0.0812319 0.996661 -0.00831433 -1.85496 -0.00586876 0.00882005 0.999944 0.907918
0.996798 -0.0796658 0.00689244 -33.9144 0.0797191 0.996787 -0.00783513 -1.90551 -0.0062461 0.0083595 0.999946 0.931901
0.996928 -0.0780357 0.00665538 -34.6832 0.0780937 0.996906 -0.00894608 -1.93859 -0.00593668 0.00943834 0.999938 0.95823
0.997159 -0.0750944 0.00583952 -35.4421 0.0751474 0.997128 -0.00945407 -2.00764 -0.00511279 0.00986604 0.999938 0.967603
0.997388 -0.0720674 0.00476687 -36.2421 0.0721119 0.997347 -0.00993495 -2.07626 -0.00403824 0.0102527 0.999939 0.98338
0.997616 -0.0688769 0.00430325 -37.0228 0.0689144 0.99758 -0.00926649 -2.12212 -0.00365459 0.00954096 0.999948 1.01165
0.997782 -0.066352 0.00525524 -37.8106 0.0663971 0.997753 -0.00893587 -2.15984 -0.00465052 0.00926499 0.999946 1.04297
0.997944 -0.0636127 0.00788643 -38.6121 0.0636808 0.997932 -0.00870586 -2.20734 -0.00731632 0.00919017 0.999931 1.06437
0.9981 -0.0608775 0.00948448 -39.4053 0.060959 0.998104 -0.0085578 -2.24421 -0.00894551 0.0091197 0.999918 1.08284
0.998273 -0.0579308 0.00971771 -40.2157 0.0580165 0.998277 -0.00877916 -2.28966 -0.00919238 0.00932779 0.999914 1.10167
0.998487 -0.0543938 0.00810492 -41.0541 0.054455 0.998488 -0.00753038 -2.34336 -0.00768306 0.00796034 0.999939 1.13508
0.998678 -0.050987 0.00647738 -41.8755 0.0510301 0.998675 -0.00666878 -2.38418 -0.00612878 0.0069905 0.999957 1.18065
0.99881 -0.0482059 0.00739029 -42.7082 0.0482545 0.998814 -0.0065458 -2.4128 -0.00706598 0.00689463 0.999951 1.20106
0.998923 -0.0452965 0.0100556 -43.5464 0.0453642 0.998949 -0.00661331 -2.43509 -0.00974551 0.00706236 0.999928 1.22435
0.999023 -0.0424429 0.0123002 -44.3943 0.0425108 0.999082 -0.00531209 -2.46781 -0.0120634 0.00582979 0.99991 1.23894
0.99917 -0.0387531 0.0125702 -45.2405 0.0388044 0.999239 -0.00386308 -2.49802 -0.0124109 0.00434765 0.999914 1.27123
0.999301 -0.0354302 0.0119181 -46.1202 0.0354651 0.999367 -0.00272966 -2.51373 -0.0118138 0.00315043 0.999925 1.30492
0.999419 -0.0324345 0.0104437 -46.9763 0.0324574 0.999471 -0.0020278 -2.54003 -0.0103724 0.00236559 0.999943 1.33406
0.999526 -0.0292348 0.00965471 -47.8376 0.0292571 0.99957 -0.00217106 -2.56377 -0.00958709 0.0024525 0.999951 1.36847
0.999609 -0.0261434 0.00993558 -48.7201 0.0261657 0.999655 -0.00212896 -2.58104 -0.0098765 0.0023881 0.999948 1.39058
0.999687 -0.022976 0.0099208 -49.6198 0.0229864 0.999735 -0.000932437 -2.60155 -0.00989675 0.00116019 0.99995 1.42493
0.999753 -0.019748 0.010171 -50.503 0.0197622 0.999804 -0.00130338 -2.61174 -0.0101433 0.00150406 0.999947 1.45864
0.999814 -0.0164265 0.0101402 -51.4185 0.0164369 0.999864 -0.000948423 -2.62107 -0.0101232 0.00111492 0.999948 1.4751
0.999864 -0.0131348 0.0100003 -52.3088 0.0131463 0.999913 -0.00108931 -2.64242 -0.00998517 0.00122063 0.999949 1.50386
0.999899 -0.0101842 0.00990963 -53.2084 0.0101933 0.999948 -0.000874865 -2.63739 -0.0099002 0.000975789 0.999951 1.52982
0.999927 -0.00710099 0.00979798 -54.1301 0.00709861 0.999975 0.000278081 -2.64421 -0.0097997 -0.000208508 0.999952 1.57368
0.999937 -0.00589266 0.00950371 -55.0549 0.00587979 0.999982 0.00138185 -2.62494 -0.00951168 -0.00132588 0.999954 1.60633
0.999948 -0.00540464 0.00868347 -55.9967 0.00538396 0.999983 0.00240255 -2.62001 -0.00869631 -0.00235567 0.999959 1.65385
0.999951 -0.00523567 0.008373 -56.9264 0.00521088 0.999982 0.00298024 -2.61962 -0.00838846 -0.00293646 0.999961 1.67418
0.999949 -0.00475006 0.00888841 -57.8376 0.00472701 0.999985 0.00261306 -2.63975 -0.00890069 -0.00257091 0.999957 1.69801
0.99994 -0.00558389 0.00937947 -58.7972 0.00556593 0.999983 0.00193945 -2.64787 -0.00939014 -0.00188712 0.999954 1.73489
0.999932 -0.00670126 0.00955137 -59.7587 0.00668949 0.999977 0.00126339 -2.64224 -0.00955961 -0.00119941 0.999954 1.76357
0.999922 -0.00763128 0.00983728 -60.7336 0.00762706 0.999971 0.000466464 -2.66098 -0.00984055 -0.000391398 0.999952 1.7756
0.999911 -0.0082937 0.0104594 -61.6893 0.00832091 0.999962 -0.00256076 -2.65115 -0.0104378 0.00264757 0.999942 1.81362
0.999894 -0.00884754 0.0116058 -62.6446 0.0088938 0.999953 -0.00394065 -2.66431 -0.0115704 0.00404345 0.999925 1.83298
0.999888 -0.00913483 0.0118283 -63.6296 0.00919779 0.999944 -0.00527938 -2.68802 -0.0117794 0.00538758 0.999916 1.88114
0.999891 -0.00915881 0.0115447 -64.6005 0.00923429 0.999936 -0.00650176 -2.69992 -0.0114844 0.00660766 0.999912 1.92673
0.999878 -0.00934834 0.0125307 -65.5891 0.00943115 0.999934 -0.00656573 -2.70243 -0.0124685 0.00668311 0.9999 1.94239
0.999883 -0.00886786 0.0124283 -66.572 0.00894212 0.999942 -0.0059323 -2.71788 -0.012375 0.00604275 0.999905 1.97909
0.999885 -0.00917266 0.0121034 -67.5844 0.00923818 0.999943 -0.00536905 -2.70595 -0.0120535 0.00548024 0.999912 2.0245
0.999885 -0.00881852 0.0123491 -68.5905 0.00888583 0.999946 -0.00540628 -2.70212 -0.0123007 0.00551539 0.999909 2.0571
0.999883 -0.00881086 0.012513 -69.6026 0.00888366 0.999944 -0.0057743 -2.71837 -0.0124614 0.00588479 0.999905 2.08968
0.999883 -0.00824701 0.0128956 -70.5947 0.00831629 0.999951 -0.00532798 -2.73223 -0.012851 0.00543459 0.999903 2.11096
0.999917 -0.00780697 0.0102071 -71.6211 0.007825 0.999968 -0.00172761 -2.73524 -0.0101933 0.00180734 0.999946 2.15327
0.999947 -0.0073803 0.0071281 -72.6439 0.00738248 0.999973 -0.000279238 -2.73014 -0.00712584 0.000331846 0.999975 2.20881
0.999952 -0.0066907 0.00715597 -73.6625 0.00667865 0.999976 0.00170671 -2.73884 -0.00716722 -0.00165884 0.999973 2.25219
0.99991 -0.00696136 0.0114863 -74.6971 0.00693457 0.999973 0.00237015 -2.74391 -0.0115025 -0.00229028 0.999931 2.2786
0.999842 -0.0067739 0.0164352 -75.7131 0.00672471 0.999973 0.00304621 -2.74984 -0.0164554 -0.0029352 0.99986 2.2855
0.99981 -0.00641908 0.018409 -76.7724 0.00634803 0.999972 0.00391534 -2.75421 -0.0184337 -0.00379773 0.999823 2.33529
0.999813 -0.00585714 0.0184354 -77.8244 0.00578296 0.999975 0.00407448 -2.75006 -0.0184588 -0.0039671 0.999822 2.39188
0.999806 -0.00593184 0.0187706 -78.8749 0.00586418 0.999976 0.00365738 -2.74921 -0.0187918 -0.0035466 0.999817 2.42652
0.999824 -0.00582788 0.0178379 -79.9425 0.00577252 0.999978 0.00315339 -2.75183 -0.0178559 -0.00304986 0.999836 2.47241
0.99986 -0.00545943 0.0158378 -81.0045 0.00540133 0.999979 0.00370865 -2.7672 -0.0158577 -0.00362258 0.999868 2.51868
0.999888 -0.00526912 0.0139972 -82.0407 0.00520539 0.999976 0.00458538 -2.76507 -0.014021 -0.004512 0.999892 2.57625
0.999883 -0.00518999 0.0143639 -83.1198 0.0051007 0.999967 0.00624606 -2.7581 -0.0143958 -0.00617207 0.999877 2.61978
0.999847 -0.00511819 0.0167474 -84.2282 0.00503375 0.999974 0.00507993 -2.74724 -0.0167729 -0.00499485 0.999847 2.67583
0.999794 -0.00435478 0.0198134 -85.294 0.00429629 0.999986 0.00299403 -2.76194 -0.0198262 -0.00290829 0.999799 2.71617
0.999744 -0.00398061 0.0222704 -86.3639 0.00393925 0.99999 0.00190081 -2.77679 -0.0222778 -0.00181259 0.99975 2.75147
0.999753 -0.00381456 0.0218803 -87.4512 0.00379564 0.999992 0.000906042 -2.77736 -0.0218835 -0.000822769 0.99976 2.77987
0.999852 -0.00365048 0.0168005 -88.5439 0.00363299 0.999993 0.00107147 -2.78366 -0.0168043 -0.00101028 0.999858 2.83209
0.999945 -0.00261665 0.0101773 -89.6434 0.00258615 0.999992 0.00300872 -2.76874 -0.0101851 -0.00298223 0.999944 2.88165
0.999982 -0.00173212 0.00579276 -90.7572 0.00171244 0.999993 0.00340061 -2.76314 -0.00579861 -0.00339063 0.999977 2.9422
0.99997 -0.000704054 0.0077145 -91.8251 0.000680206 0.999995 0.0030936 -2.76043 -0.00771664 -0.00308826 0.999965 2.99051
0.999935 0.000452172 0.0113893 -92.9097 -0.000495558 0.999993 0.00380685 -2.75246 -0.0113875 -0.00381225 0.999928 3.0149
0.99992 0.0021117 0.0124848 -94.0054 -0.00216062 0.99999 0.00390576 -2.73833 -0.0124764 -0.00393243 0.999914 3.04189
0.999933 0.00373441 0.0109506 -95.0718 -0.00377694 0.999985 0.00386549 -2.75336 -0.010936 -0.00390659 0.999933 3.07221
0.999945 0.00480823 0.00927254 -96.1427 -0.00484152 0.999982 0.00357136 -2.75852 -0.0092552 -0.00361606 0.999951 3.11468
0.999939 0.00610817 0.00915914 -97.2023 -0.00613856 0.999976 0.00329284 -2.7377 -0.00913881 -0.00334887 0.999953 3.17001
0.999907 0.00755441 0.0113926 -98.2797 -0.00758355 0.999968 0.00251686 -2.71152 -0.0113732 -0.00260302 0.999932 3.21946
0.999871 0.00910491 0.0132013 -99.3305 -0.00913162 0.999956 0.00196421 -2.7043 -0.0131829 -0.0020845 0.999911 3.26925
0.99984 0.0105266 0.0144593 -100.384 -0.0105562 0.999942 0.00197317 -2.7142 -0.0144377 -0.00212549 0.999894 3.30449
0.999836 0.0112723 0.0142045 -101.43 -0.0112926 0.999935 0.00134654 -2.68637 -0.0141884 -0.00150672 0.999898 3.339
0.999829 0.0113941 0.0145764 -102.47 -0.0113988 0.999935 0.000239631 -2.65979 -0.0145727 -0.000405743 0.999894 3.38891
0.999836 0.0107596 0.0145864 -103.533 -0.0107783 0.999941 0.00120627 -2.64097 -0.0145725 -0.00136329 0.999893 3.43958
0.999832 0.0102552 0.0151756 -104.574 -0.0102804 0.999946 0.00158653 -2.6452 -0.0151585 -0.00174228 0.999884 3.46771
0.999835 0.0102928 0.0149398 -105.606 -0.0102818 0.999947 -0.000811679 -2.63341 -0.0149474 0.000657937 0.999888 3.52777
0.999837 0.00996028 0.01505 -106.65 -0.00993477 0.999949 -0.00176886 -2.6181 -0.0150669 0.00161905 0.999885 3.56198
0.99986 0.00958539 0.0136879 -107.673 -0.0095564 0.999952 -0.0021812 -2.59099 -0.0137081 0.00205009 0.999904 3.60885
0.999889 0.00855781 0.0121676 -108.716 -0.00853476 0.999962 -0.00194569 -2.57481 -0.0121838 0.00184163 0.999924 3.65539
0.999894 0.00854607 0.0117584 -109.736 -0.00854066 0.999963 -0.000510255 -2.59463 -0.0117623 0.000409776 0.999931 3.69365
0.999898 0.00735457 0.0122332 -110.757 -0.00737591 0.999971 0.00170001 -2.58082 -0.0122204 -0.00179007 0.999924 3.72537
0.999915 0.00375015 0.0124938 -111.762 -0.00380097 0.999985 0.00404691 -2.57071 -0.0124784 -0.00409405 0.999914 3.7723
0.999918 -0.000740563 0.0128205 -112.772 0.000670564 0.999985 0.00546336 -2.56688 -0.0128244 -0.00545431 0.999903 3.81294
0.999898 -0.00558823 0.0131178 -113.802 0.00551101 0.999967 0.00591572 -2.57184 -0.0131504 -0.00584283 0.999896 3.85921
0.99985 -0.010412 0.0138229 -114.804 0.0103563 0.999938 0.00409655 -2.57664 -0.0138647 -0.00395278 0.999896 3.90778
0.999782 -0.0148862 0.0146121 -115.818 0.01485 0.999886 0.00258229 -2.61198 -0.0146488 -0.00236474 0.99989 3.94169
0.999701 -0.0191401 0.0152184 -116.817 0.0190904 0.999812 0.00340147 -2.62959 -0.0152806 -0.00310993 0.999878 3.96879
0.999599 -0.0240719 0.0149038 -117.798 0.0240168 0.999704 0.00386244 -2.65045 -0.0149924 -0.00350295 0.999881 4.0142
0.999465 -0.0294746 0.0141468 -118.817 0.0294027 0.999554 0.00526011 -2.67533 -0.0142956 -0.00484135 0.999886 4.0609
0.999304 -0.0344438 0.0143469 -119.848 0.0343884 0.9994 0.00409176 -2.70378 -0.0144792 -0.00359554 0.999889 4.12841
0.9991 -0.0393824 0.0157817 -120.87 0.0393354 0.999221 0.0032757 -2.75123 -0.0158984 -0.00265197 0.99987 4.16601
0.998842 -0.0448126 0.0175115 -121.857 0.0447697 0.998993 0.00283489 -2.79657 -0.0176209 -0.00204762 0.999843 4.20292
0.998598 -0.0495969 0.0185225 -122.847 0.0495426 0.998766 0.00338171 -2.85036 -0.0186673 -0.00245932 0.999823 4.23285
0.998362 -0.0544987 0.0174314 -123.851 0.0544549 0.998512 0.00297689 -2.90198 -0.0175677 -0.00202279 0.999844 4.28599
0.998172 -0.0583512 0.0157471 -124.879 0.0583271 0.998296 0.00198212 -2.96507 -0.015836 -0.00106001 0.999874 4.32868
0.997985 -0.0616559 0.0149946 -125.902 0.0616467 0.998097 0.00107707 -3.0246 -0.0150325 -0.000150534 0.999887 4.36089
0.997757 -0.0650788 0.0156881 -126.915 0.0650756 0.99788 0.000714122 -3.07861 -0.0157013 0.000308394 0.999877 4.40831
0.997548 -0.0679591 0.0167151 -127.903 0.0679434 0.997688 0.00150333 -3.1462 -0.0167786 -0.000363967 0.999859 4.46301
0.997335 -0.0708014 0.0176088 -128.891 0.0707919 0.99749 0.00116414 -3.22054 -0.017647 8.55251e-05 0.999844 4.50966
0.997184 -0.0728632 0.017768 -129.894 0.0729095 0.997337 -0.00196675 -3.2992 -0.0175774 0.00325667 0.99984 4.54533
0.997134 -0.0736702 0.0172292 -130.913 0.0737864 0.997255 -0.00620888 -3.37832 -0.0167244 0.00746237 0.999832 4.58445
0.997117 -0.0739143 0.017149 -131.938 0.074075 0.997213 -0.0089327 -3.45718 -0.016441 0.0101773 0.999813 4.61701
0.997117 -0.0740731 0.016432 -132.959 0.0742167 0.997208 -0.0083043 -3.5395 -0.0157709 0.00949989 0.999831 4.65377
0.997094 -0.074518 0.0158287 -133.969 0.0746199 0.997194 -0.00594339 -3.6061 -0.0153414 0.00710726 0.999857 4.70283
0.997036 -0.0751236 0.0166063 -134.986 0.0751884 0.997164 -0.00331297 -3.66893 -0.0163104 0.00455175 0.999857 4.74922
0.996999 -0.0753632 0.0176791 -135.997 0.0754388 0.997144 -0.00364957 -3.74746 -0.0173536 0.00497231 0.999837 4.79833
0.996983 -0.0754843 0.0180844 -137.005 0.0755782 0.997129 -0.00456508 -3.81471 -0.0176879 0.00591809 0.999826 4.84982
0.996947 -0.0760922 0.0174918 -138.017 0.0762095 0.997073 -0.00614249 -3.8889 -0.0169732 0.00745677 0.999828 4.87936
0.997045 -0.0751574 0.0158895 -139.015 0.0752942 0.997128 -0.00819412 -3.97881 -0.015228 0.0093663 0.99984 4.91537
0.99724 -0.0726734 0.0151671 -140.053 0.0728532 0.997275 -0.01166 -4.06271 -0.0142784 0.0127328 0.999817 4.97219
0.997439 -0.0696642 0.0162038 -141.047 0.0698713 0.997477 -0.0125837 -4.12723 -0.0152862 0.0136836 0.99979 5.00919
0.997609 -0.066746 0.0179305 -142.068 0.0669582 0.997689 -0.0115098 -4.18495 -0.0171209 0.0126829 0.999773 5.04264
0.997762 -0.0643026 0.0183544 -143.075 0.0645035 0.997862 -0.0105697 -4.24006 -0.0176354 0.0117299 0.999776 5.09881
0.997913 -0.0618718 0.0184799 -144.08 0.0620603 0.998024 -0.00980492 -4.29077 -0.0178368 0.0109313 0.999781 5.15242
0.998076 -0.0590522 0.0189049 -145.071 0.0592496 0.998193 -0.010053 -4.36574 -0.018277 0.0111538 0.999771 5.19201
0.998214 -0.0565111 0.0193662 -146.092 0.0567393 0.998323 -0.0114457 -4.41295 -0.018687 0.0125241 0.999747 5.22744
0.99839 -0.0532252 0.0195865 -147.094 0.0534767 0.99849 -0.0125497 -4.48322 -0.018889 0.0135769 0.999729 5.27073
0.99851 -0.0511441 0.0190085 -148.113 0.0514283 0.998567 -0.0147729 -4.52117 -0.0182258 0.0157285 0.99971 5.32603
0.998622 -0.0489817 0.0188563 -149.094 0.0492603 0.998679 -0.0146049 -4.56112 -0.0181161 0.0155136 0.999716 5.36345
0.99874 -0.0467311 0.0183088 -150.078 0.0469921 0.998796 -0.0140913 -4.58002 -0.0176282 0.0149339 0.999733 5.40292
0.998907 -0.0434181 0.0172986 -151.058 0.0436468 0.998962 -0.0130653 -4.64265 -0.0167134 0.013806 0.999765 5.46072
0.999046 -0.0402421 0.0169388 -152.038 0.0404642 0.999097 -0.0129784 -4.71031 -0.0164013 0.0136514 0.999772 5.51697
0.999122 -0.0381175 0.0173691 -153.032 0.0383398 0.999185 -0.0126515 -4.74565 -0.0168727 0.0133063 0.999769 5.54811
0.999172 -0.0365059 0.0179831 -154.009 0.0367263 0.999252 -0.0120833 -4.769 -0.0175285 0.0127337 0.999765 5.57843
0.999206 -0.0356898 0.0176932 -154.982 0.0358864 0.999296 -0.0109211 -4.75992 -0.017291 0.0115474 0.999784 5.61091
0.999256 -0.034412 0.0174217 -155.943 0.0345931 0.999349 -0.0102016 -4.79722 -0.0170593 0.0107967 0.999796 5.67885
0.999311 -0.032891 0.0171842 -156.916 0.0330628 0.999405 -0.00981328 -4.82405 -0.0168512 0.0103747 0.999804 5.72762
0.999394 -0.030373 0.0169814 -157.893 0.0305405 0.999487 -0.00968745 -4.85453 -0.0166784 0.0102002 0.999809 5.77586
0.999438 -0.0286642 0.0173614 -158.856 0.0288268 0.999542 -0.00919091 -4.87677 -0.01709 0.00968622 0.999807 5.80688
0.999476 -0.0271895 0.0175693 -159.804 0.027349 0.999586 -0.00889969 -4.87716 -0.0173201 0.00937553 0.999806 5.85287
0.999513 -0.0253484 0.0182128 -160.753 0.0254892 0.999647 -0.00754211 -4.91199 -0.0180151 0.00800267 0.999806 5.89121
0.99953 -0.0242756 0.0187448 -161.726 0.0244095 0.999678 -0.0069446 -4.90694 -0.0185702 0.00739889 0.9998 5.93943
0.99958 -0.0220973 0.0187725 -162.655 0.0222254 0.999731 -0.00664181 -4.959 -0.0186207 0.00705624 0.999802 5.99513
0.999614 -0.0201616 0.0191386 -163.587 0.0202757 0.999778 -0.00579033 -4.97848 -0.0190176 0.00617614 0.9998 6.0314
0.999624 -0.019223 0.0195765 -164.551 0.0193358 0.999797 -0.00558802 -4.96208 -0.0194651 0.00596444 0.999793 6.06963
0.999661 -0.0173433 0.0194073 -165.465 0.0174681 0.999828 -0.00628055 -4.9878 -0.019295 0.00661743 0.999792 6.11195
0.999688 -0.0152561 0.019791 -166.411 0.0153963 0.999857 -0.00695296 -5.00486 -0.0196821 0.0072555 0.99978 6.15469
0.999709 -0.01332 0.0201352 -167.339 0.0134845 0.999877 -0.00805632 -5.00798 -0.0200254 0.00832548 0.999765 6.20272
0.999726 -0.0115822 0.0203378 -168.277 0.0117674 0.99989 -0.0090091 -4.99844 -0.0202312 0.00924595 0.999753 6.24148
0.999741 -0.00987256 0.0204842 -169.191 0.0100732 0.999902 -0.00971441 -5.0034 -0.0203863 0.00991824 0.999743 6.28422
0.999764 -0.00729342 0.0204651 -170.136 0.00749927 0.999922 -0.00999974 -5.03596 -0.0203905 0.0101509 0.999741 6.33083
0.999771 -0.00611103 0.0204992 -171.074 0.00631253 0.999932 -0.00977903 -5.04384 -0.020438 0.00990619 0.999742 6.36942
0.999783 -0.00420105 0.020406 -171.978 0.00441633 0.999935 -0.0105164 -5.06557 -0.0203605 0.0106043 0.999736 6.42754
0.999793 -0.00250555 0.0201964 -172.911 0.00275776 0.999918 -0.0124693 -5.04093 -0.0201635 0.0125225 0.999718 6.47294
0.999784 -0.00185387 0.0207235 -173.816 0.00213943 0.999903 -0.013766 -5.0324 -0.0206959 0.0138073 0.99969 6.51104
0.999791 -0.00115788 0.0204327 -174.74 0.00144584 0.9999 -0.014084 -5.03562 -0.0204144 0.0141106 0.999692 6.56144
0.999794 0.000132205 0.0202852 -175.625 0.000161644 0.999895 -0.0144836 -5.06302 -0.020285 0.0144839 0.999689 6.5934
0.999789 0.000935206 0.0205221 -176.539 -0.00061097 0.999875 -0.0157999 -5.05393 -0.0205343 0.0157841 0.999665 6.63792
0.999787 0.00120528 0.0206083 -177.459 -0.000889878 0.999882 -0.0153072 -5.03885 -0.0206243 0.0152856 0.99967 6.6832
0.999767 0.00199272 0.0214741 -178.362 -0.00165483 0.999875 -0.0157411 -5.04213 -0.0215028 0.0157019 0.999645 6.71886
0.99975 0.00219372 0.0222469 -179.252 -0.00183085 0.999865 -0.0163184 -5.03342 -0.0222797 0.0162736 0.999619 6.75309
0.999762 0.00224927 0.0216829 -180.156 -0.00186745 0.999843 -0.0176133 -5.02752 -0.0217191 0.0175686 0.99961 6.81065
0.999784 0.00357697 0.0204684 -181.049 -0.00325914 0.999874 -0.0155403 -5.043 -0.0205214 0.0154703 0.99967 6.84576
0.999838 0.00428872 0.017465 -181.962 -0.00405082 0.999899 -0.0136342 -5.03582 -0.0175217 0.0135612 0.999755 6.87308
0.99988 0.00396149 0.0149618 -182.84 -0.00378327 0.999922 -0.0119208 -4.99467 -0.0150078 0.0118628 0.999817 6.91548
0.999885 0.00462667 0.014436 -183.712 -0.00446382 0.999926 -0.0112929 -5.00897 -0.0144872 0.0112272 0.999832 6.97403
0.999844 0.00549291 0.0168158 -184.61 -0.00528191 0.999907 -0.0125668 -5.0055 -0.0168833 0.012476 0.99978 7.02489
0.99976 0.0056576 0.0211729 -185.503 -0.00536882 0.999892 -0.0136711 -4.9882 -0.021248 0.0135542 0.999682 7.07473
0.99969 0.00587464 0.0241781 -186.396 -0.00554874 0.999893 -0.0135243 -4.97817 -0.0242549 0.013386 0.999616 7.09359
0.999698 0.00702809 0.0235535 -187.238 -0.00668795 0.999873 -0.0144889 -4.97494 -0.0236523 0.014327 0.999618 7.13803
0.999747 0.00733568 0.021277 -188.101 -0.00699215 0.999845 -0.0161753 -4.97808 -0.0213924 0.0160224 0.999643 7.18252
0.99978 0.00664928 0.0198984 -188.989 -0.00631116 0.999835 -0.0170072 -4.96961 -0.0200082 0.0168779 0.999657 7.22029
0.999775 0.00626103 0.0202825 -189.865 -0.00592867 0.999848 -0.0164055 -4.97347 -0.0203821 0.0162815 0.99966 7.25736
0.999762 0.00550559 0.0211056 -190.706 -0.00515083 0.999845 -0.0168261 -4.963 -0.021195 0.0167134 0.999636 7.3158
0.999735 0.00566391 0.022303 -191.545 -0.00525462 0.999818 -0.0183672 -4.9591 -0.0224029 0.0182451 0.999583 7.36733
0.999728 0.0048878 0.0228242 -192.408 -0.00446179 0.999816 -0.0186788 -4.94598 -0.0229113 0.0185718 0.999565 7.3986
0.999743 0.00478564 0.0221415 -193.239 -0.00438423 0.999826 -0.0181422 -4.94824 -0.0222244 0.0180404 0.99959 7.43727
0.999795 0.0042622 0.0198125 -194.081 -0.00389388 0.99982 -0.018592 -4.93483 -0.0198881 0.018511 0.999631 7.48808
0.999838 0.00384099 0.017604 -194.94 -0.00351116 0.999818 -0.018729 -4.92274 -0.0176728 0.0186641 0.99967 7.52052
0.999857 0.00353832 0.0165499 -195.8 -0.00323371 0.999826 -0.0183966 -4.93896 -0.0166121 0.0183404 0.999694 7.54304
0.999872 0.00411145 0.0154772 -196.619 -0.00382441 0.999821 -0.0185299 -4.9568 -0.0155506 0.0184684 0.999709 7.59335
0.999869 0.00425068 0.0155893 -197.441 -0.00396417 0.999824 -0.0183637 -4.94249 -0.0156646 0.0182995 0.99971 7.6352
0.999865 0.00358957 0.0160613 -198.28 -0.00331096 0.999844 -0.0173398 -4.91808 -0.016121 0.0172842 0.999721 7.6677
0.999868 0.00339787 0.0159136 -199.1 -0.00313757 0.999861 -0.0163538 -4.92141 -0.0159669 0.0163017 0.99974 7.71461
0.999868 0.0035575 0.0158402 -199.901 -0.00330882 0.999871 -0.0156981 -4.90952 -0.015894 0.0156436 0.999751 7.74808
0.999862 0.00362161 0.0162251 -200.709 -0.00336645 0.999871 -0.0157261 -4.90292 -0.0162799 0.0156693 0.999745 7.76886
0.999852 0.00341015 0.0168506 -201.518 -0.00312224 0.999849 -0.017083 -4.90269 -0.0169064 0.0170279 0.999712 7.80287
0.999848 0.00331743 0.017118 -202.349 -0.00302927 0.999854 -0.016832 -4.89457 -0.0171713 0.0167776 0.999712 7.84235
0.999847 0.00342433 0.0171685 -203.144 -0.00315607 0.999873 -0.015628 -4.90362 -0.0172198 0.0155714 0.99973 7.87628
0.999849 0.00376266 0.0169848 -203.952 -0.00351303 0.999886 -0.0147034 -4.89146 -0.0170381 0.0146415 0.999748 7.91494
0.999849 0.00417834 0.0168605 -204.75 -0.0039441 0.999896 -0.0139019 -4.89162 -0.0169168 0.0138333 0.999761 7.95217
0.999846 0.0041204 0.0170788 -205.516 -0.00387304 0.999887 -0.0144916 -4.89396 -0.0171365 0.0144232 0.999749 7.99191
0.999833 0.00430962 0.0177476 -206.304 -0.00404923 0.999884 -0.0146818 -4.89086 -0.0178088 0.0146075 0.999735 8.02143
0.999835 0.00339375 0.0178566 -207.12 -0.00313435 0.999889 -0.0145347 -4.87008 -0.0179039 0.0144763 0.999735 8.05179
0.999842 0.00381589 0.0173843 -207.874 -0.00356988 0.999893 -0.0141603 -4.87631 -0.0174365 0.014096 0.999749 8.08621
0.999851 0.00327685 0.0169608 -208.639 -0.00302073 0.999881 -0.0151043 -4.86397 -0.0170083 0.0150508 0.999742 8.13607
0.999855 0.00295721 0.0167506 -209.41 -0.00269597 0.999875 -0.0155971 -4.85828 -0.0167946 0.0155496 0.999738 8.17083
0.999844 0.00295712 0.0174273 -210.153 -0.00268421 0.999874 -0.0156626 -4.87727 -0.0174715 0.0156134 0.999725 8.18932
0.999835 0.00302997 0.0179354 -210.925 -0.00273668 0.999863 -0.0163548 -4.86915 -0.0179825 0.016303 0.999705 8.22542
0.999832 0.00284107 0.0180834 -211.678 -0.0025287 0.999848 -0.017273 -4.85804 -0.0181298 0.0172244 0.999687 8.27482
0.999823 0.00206346 0.0187211 -212.413 -0.00173017 0.99984 -0.0178021 -4.85838 -0.0187548 0.0177665 0.999666 8.30789
0.999809 0.00216011 0.0194053 -213.148 -0.00181893 0.999844 -0.0175824 -4.86327 -0.0194402 0.0175438 0.999657 8.336
0.999811 0.00267726 0.019264 -213.882 -0.00230648 0.999812 -0.0192439 -4.8534 -0.0193119 0.0191959 0.999629 8.37833
0.999828 0.00306064 0.0183192 -214.628 -0.0026849 0.999786 -0.0205003 -4.84889 -0.018378 0.0204476 0.999622 8.40969
0.999833 0.0041115 0.0178179 -215.327 -0.00375027 0.999788 -0.0202597 -4.85636 -0.0178974 0.0201895 0.999636 8.43497
0.99983 0.00462547 0.0178265 -216.027 -0.00426619 0.999788 -0.0201399 -4.85219 -0.0179159 0.0200605 0.999638 8.45702
0.99984 0.00480515 0.0172106 -216.742 -0.00446118 0.999791 -0.0199689 -4.82775 -0.017303 0.0198889 0.999652 8.50489
0.999842 0.00564129 0.0168656 -217.449 -0.00528183 0.99976 -0.0212829 -4.83539 -0.0169816 0.0211904 0.999631 8.54835
0.999823 0.00681694 0.0175324 -218.12 -0.00643512 0.999743 -0.021743 -4.85862 -0.0176761 0.0216263 0.99961 8.56711
0.999818 0.00722002 0.0176573 -218.797 -0.00685713 0.999766 -0.0205266 -4.85148 -0.0178014 0.0204018 0.999633 8.58711
0.999822 0.00826236 0.0169369 -219.462 -0.00792843 0.999775 -0.0196894 -4.8438 -0.0170958 0.0195516 0.999663 8.61257
0.99984 0.00861992 0.0156606 -220.161 -0.00831235 0.999773 -0.0195998 -4.82585 -0.015826 0.0194665 0.999685 8.6629
0.999847 0.00925534 0.0148272 -220.828 -0.00895276 0.999753 -0.020345 -4.80802 -0.0150118 0.0202092 0.999683 8.68454
0.999847 0.00985845 0.0144194 -221.492 -0.00957651 0.999764 -0.019493 -4.80505 -0.0146082 0.0193519 0.999706 8.70728
0.999849 0.0107941 0.0135924 -222.13 -0.0105267 0.999753 -0.0195933 -4.81932 -0.0138005 0.0194472 0.999716 8.7479
0.999848 0.0113152 0.0132545 -222.754 -0.0110653 0.999762 -0.0187811 -4.80194 -0.0134639 0.0186315 0.999736 8.78497
0.999839 0.0117265 0.0135895 -223.377 -0.0114745 0.999763 -0.0184782 -4.78824 -0.013803 0.0183193 0.999737 8.81252
