1 0 0 0 0 1 0 0 0 0 1 0
1 -4.29877e-05 1.14345e-06 -0.000500108 4.29876e-05 1 1.41813e-05 0.000458361 -1.14406e-06 -1.41812e-05 1 -0.000966449
1 -2.55418e-05 -5.43109e-05 0.0015693 2.55414e-05 1 -6.63704e-06 -0.00224708 5.43111e-05 6.63566e-06 1 -0.000744793
1 9.94939e-06 2.91131e-06 -0.00176751 -9.94944e-06 1 1.53657e-05 -0.00304127 -2.91116e-06 -1.53657e-05 1 0.00015759
1 1.2094e-05 1.43998e-05 -0.00399282 -1.20941e-05 1 9.1525e-06 0.000393383 -1.43997e-05 -9.15267e-06 1 0.000464144
1 -3.67228e-05 -1.76745e-05 -0.00224483 3.67226e-05 1 -1.3635e-05 0.000815173 1.7675e-05 1.36343e-05 1 -0.000354673
1 1.45757e-06 1.15305e-05 0.00016512 -1.45768e-06 1 9.57742e-06 -0.0038488 -1.15305e-05 -9.57743e-06 1 -0.00158295
1 6.63287e-05 7.01811e-06 0.00370128 -6.63288e-05 1 1.30706e-05 -0.00130357 -7.01725e-06 -1.3071e-05 1 -0.00141353
1 -1.689e-05 6.26315e-06 -0.00134501 1.689e-05 1 3.48833e-06 -0.00090977 -6.2632e-06 -3.48822e-06 1 -0.000706968
1 -1.99071e-05 2.25549e-06 -0.00108689 1.99071e-05 1 1.83202e-06 -0.00107251 -2.25552e-06 -1.83197e-06 1 -0.000692089
1 1.527e-05 7.71964e-06 0.000384414 -1.527e-05 1 5.8498e-07 -0.00143684 -7.71963e-06 -5.85097e-07 1 -0.000817371
1 -7.32331e-06 2.60235e-06 -0.00142963 7.32328e-06 1 1.23103e-05 -0.00443521 -2.60244e-06 -1.23103e-05 1 -0.00101917
1 -4.89985e-07 -1.15959e-05 -0.00130894 4.90047e-07 1 5.30328e-06 -0.000770031 1.15959e-05 -5.30329e-06 1 -0.000575196
1 -4.63117e-06 -1.20515e-06 -0.00173842 4.63119e-06 1 1.50536e-05 0.00118123 1.20508e-06 -1.50536e-05 1 -0.000938963
1 -6.74297e-06 4.79855e-06 -0.0028956 6.74296e-06 1 2.91669e-06 0.00292941 -4.79857e-06 -2.91666e-06 1 -0.000371293
1 -9.67123e-08 4.68597e-06 0.00130345 9.6759e-08 1 -9.97108e-06 -0.00201491 -4.68597e-06 9.97108e-06 1 -0.00104392
1 -1.96894e-05 -1.1723e-05 0.00200015 1.96894e-05 1 -2.33532e-06 -0.000992228 1.17231e-05 2.33509e-06 1 -0.00125349
1 -8.25529e-06 5.36377e-06 0.00207664 8.25521e-06 1 1.5889e-05 0.000717129 -5.3639e-06 -1.58889e-05 1 -0.000860998
1 1.20244e-05 1.35349e-05 -0.00162606 -1.20246e-05 1 1.47303e-05 0.000380755 -1.35347e-05 -1.47304e-05 1 -0.000351793
1 -1.34723e-05 -1.49673e-05 -0.000942745 1.34724e-05 1 2.84224e-06 -0.00058269 1.49672e-05 -2.84244e-06 1 -0.000286225
1 -2.48508e-05 -1.3717e-05 0.00100037 2.48508e-05 1 -6.0281e-06 0.000405577 1.37172e-05 6.02776e-06 1 -0.000594289
1 -7.00732e-06 -5.98585e-07 -0.00179184 7.00732e-06 1 1.86801e-07 -0.000301777 5.98584e-07 -1.86805e-07 1 -0.000365506
1 1.33213e-05 1.3497e-05 -0.00240162 -1.33213e-05 1 4.95097e-06 0.00163019 -1.3497e-05 -4.95115e-06 1 -0.000716692
1 -1.12822e-06 5.69842e-06 -0.00198372 1.12817e-06 1 9.37678e-06 0.000577548 -5.69843e-06 -9.37677e-06 1 -0.000580748
1 -1.06515e-05 3.4765e-06 -0.00221377 1.06515e-05 1 1.13538e-05 -0.00183796 -3.47662e-06 -1.13538e-05 1 -0.000605871
1 2.85891e-06 -1.14152e-05 -0.00118033 -2.85892e-06 1 -1.63125e-06 -0.00447431 1.14152e-05 1.63129e-06 1 -0.000182005
1 -7.80858e-06 3.23338e-06 -0.00302667 7.80859e-06 1 -3.17427e-06 0.0004431 -3.23336e-06 3.1743e-06 1 -0.000290747
1 -1.30474e-05 1.20344e-05 -0.0024174 1.30475e-05 1 -5.55549e-06 0.00329792 -1.20343e-05 5.55565e-06 1 -0.000162962
1 -4.00574e-06 -2.40851e-06 0.000442729 4.00574e-06 1 -7.56959e-07 0.00247975 2.40851e-06 7.5695e-07 1 -0.000466907
1 -1.82038e-05 2.11482e-06 -0.00281943 1.82038e-05 1 6.26e-06 0.000170782 -2.11493e-06 -6.25997e-06 1 -0.000578674
1 -3.13751e-05 -4.30397e-06 -0.00319309 3.1375e-05 1 -9.957e-06 0.00451188 4.30428e-06 9.95686e-06 1 -0.000596042
1 -2.39185e-05 -7.93311e-06 -0.00249482 2.39185e-05 1 -5.92856e-06 0.0048361 7.93325e-06 5.92837e-06 1 -0.000587791
1 -1.95811e-05 -1.9177e-05 -0.00117226 1.9581e-05 1 -3.46623e-06 0.00180812 1.91771e-05 3.46585e-06 1 -0.000329825
1 -2.06532e-05 -2.67861e-05 -0.0015037 2.06532e-05 1 -1.43043e-06 4.34167e-06 2.67861e-05 1.42987e-06 1 -0.000588547
1 -5.41468e-06 9.95056e-06 -0.00359599 5.41463e-06 1 4.33844e-06 0.00326457 -9.95059e-06 -4.33839e-06 1 -0.000871762
1 -2.4246e-05 -4.50075e-06 -0.00138827 2.42459e-05 1 -4.20582e-06 0.00514041 4.50085e-06 4.20571e-06 1 -0.000763376
1 -4.52795e-05 -1.28938e-05 -0.00364152 4.52794e-05 1 -9.83335e-06 0.00503384 1.28942e-05 9.83276e-06 1 -0.000920044
1 -2.10173e-05 -8.14437e-06 -0.00145755 2.10172e-05 1 -6.78732e-06 0.00089121 8.14451e-06 6.78715e-06 1 -0.00038581
1 -2.89202e-05 -1.10275e-05 -0.00305564 2.89202e-05 1 -4.88673e-06 0.00402221 1.10276e-05 4.88641e-06 1 -0.000424829
1 -1.96693e-05 -1.70583e-08 5.52786e-05 1.96693e-05 1 3.17644e-07 0.00412341 1.70521e-08 -3.17645e-07 1 -0.000586605
1 -2.2375e-05 -3.03851e-06 -0.000808901 2.2375e-05 1 -3.27675e-06 0.00258229 3.03858e-06 3.27668e-06 1 -0.000103437
1 -2.15773e-05 -1.45733e-05 0.00106723 2.15772e-05 1 -5.12997e-06 0.000759821 1.45735e-05 5.12965e-06 1 -0.000143471
1 -1.43755e-05 -1.04277e-05 -0.00109206 1.43755e-05 1 -3.49315e-06 0.00572779 1.04277e-05 3.493e-06 1 -0.000771558
1 -7.44401e-06 -5.1426e-06 -0.00150058 7.44396e-06 1 -9.56409e-06 0.00536918 5.14268e-06 9.56405e-06 1 -0.00044383
1 9.98977e-06 4.96322e-06 0.000853381 -9.98977e-06 1 6.95974e-07 0.00232656 -4.96321e-06 -6.96023e-07 1 -0.00118429
1 -1.68668e-05 2.0786e-06 -0.00131396 1.68668e-05 1 1.69231e-06 0.00334419 -2.07863e-06 -1.69227e-06 1 -0.00131368
1 1.14328e-05 -5.06145e-06 0.00107363 -1.14328e-05 1 2.01755e-06 -2.98593e-05 5.06147e-06 -2.01749e-06 1 -0.000698623
1 -2.09861e-05 -1.47288e-05 0.0012914 2.09862e-05 1 5.80437e-06 0.00211471 1.47286e-05 -5.80467e-06 1 -0.000277538
1 -1.09583e-05 -3.58805e-05 0.0109675 1.09581e-05 1 -5.92757e-06 0.000219134 3.58806e-05 5.92718e-06 1 0.000341539
1 2.3613e-05 -3.57974e-07 0.0214252 -2.3613e-05 1 1.15067e-05 -0.00580288 3.58245e-07 -1.15067e-05 1 -5.07652e-05
1 2.22929e-05 2.21687e-05 0.0208033 -2.2293e-05 1 5.17568e-06 -0.00494938 -2.21686e-05 -5.17618e-06 1 0.000629491
1 1.47037e-05 3.79006e-05 0.0115916 -1.47039e-05 1 5.44204e-06 -7.40822e-05 -3.79005e-05 -5.44259e-06 1 0.000951823
1 1.30408e-06 4.4816e-06 0.00310493 -1.30409e-06 1 1.90824e-06 -0.0045829 -4.48159e-06 -1.90825e-06 1 0.000776975
1 2.70476e-05 1.41612e-05 -0.00382364 -2.70479e-05 1 2.71238e-05 -0.00934192 -1.41605e-05 -2.71242e-05 1 -6.55122e-06
1 -4.37779e-05 6.25425e-05 -0.0164027 4.3777e-05 1 1.49631e-05 -0.0114582 -6.25432e-05 -1.49604e-05 1 0.0006345
1 -0.000183095 0.000124197 -0.0362161 0.000183098 1 -2.48408e-05 -0.0147058 -0.000124192 2.48636e-05 1 0.00266294
1 -0.000238347 0.000225986 -0.0726645 0.000238347 1 -7.5952e-07 -0.0168405 -0.000225986 8.13383e-07 1 0.00338159
1 -0.000280768 0.00029537 -0.119718 0.000280767 1 4.84087e-06 -0.0143028 -0.000295371 -4.75794e-06 1 0.00166463
0.999999 -0.00119993 0.000296782 -0.21634 0.00119993 0.999999 1.56562e-07 -0.00919819 -0.000296782 1.99554e-07 1 0.00226878
0.999999 -0.00152543 0.00041439 -0.301494 0.00152542 0.999999 2.58068e-05 -0.00113468 -0.000414429 -2.51746e-05 1 0.00266537
0.999999 -0.00125072 0.000567449 -0.37926 0.00125071 0.999999 1.12907e-05 0.00159479 -0.000567463 -1.0581e-05 1 0.00468199
1 -0.000343887 0.000496973 -0.467659 0.00034389 1 -4.94747e-06 -0.00502329 -0.000496971 5.11837e-06 1 0.00495584
1 -0.000185058 0.000633288 -0.579718 0.000185041 1 2.68439e-05 -0.0103982 -0.000633293 -2.67267e-05 1 0.00665145
1 -0.000624381 0.000764364 -0.703095 0.000624371 1 1.32601e-05 -0.0159933 -0.000764373 -1.27829e-05 1 0.00728089
1 -0.000378509 0.000759878 -0.84023 0.000378527 1 -2.33305e-05 -0.0283655 -0.000759869 2.36181e-05 1 0.00560379
1 -0.000438117 0.000711435 -0.979123 0.000438228 1 -0.000155069 -0.036175 -0.000711367 0.000155381 1 0.00605809
1 -0.000246042 0.000729719 -1.1433 0.000246277 1 -0.000322026 -0.0411322 -0.00072964 0.000322205 1 0.0119123
1 -0.000554094 0.000751843 -1.32137 0.000554482 1 -0.000516151 -0.0365827 -0.000751557 0.000516568 1 0.0158191
0.999999 -0.000754919 0.000844229 -1.53079 0.000755492 0.999999 -0.000678616 -0.0472399 -0.000843717 0.000679253 0.999999 0.0157922
0.999999 -0.000783513 0.000969076 -1.69777 0.000784253 0.999999 -0.000763592 -0.0505016 -0.000968477 0.000764351 0.999999 0.0154719
0.999999 -0.000311025 0.000964663 -1.92715 0.000312178 0.999999 -0.00119506 -0.0397323 -0.000964291 0.00119536 0.999999 0.0281887
0.999999 0.000407726 0.00105988 -2.14777 -0.000406216 0.999999 -0.00142466 -0.0505663 -0.00106046 0.00142423 0.999998 0.0327772
1 7.90092e-05 0.000924808 -2.40237 -7.74698e-05 0.999999 -0.00166451 -0.0592752 -0.000924938 0.00166444 0.999998 0.0374026
0.999999 -0.000305893 0.000986455 -2.66603 0.000307513 0.999999 -0.00164198 -0.038873 -0.000985951 0.00164228 0.999998 0.0382854
0.999998 -0.000354974 0.00170839 -2.91687 0.000357751 0.999999 -0.00162533 -0.0400681 -0.00170781 0.00162594 0.999997 0.0484798
0.999994 -0.000368751 0.00356877 -3.18646 0.000373093 0.999999 -0.00121603 -0.0318609 -0.00356832 0.00121735 0.999993 0.0527533
0.999937 -0.000585075 0.0111926 -3.494 0.00058979 1 -0.000417973 -0.0230507 -0.0111924 0.000424548 0.999937 0.0643096
0.999843 -0.000654456 0.0177053 -3.7849 0.000619949 0.999998 0.0019544 -0.00290115 -0.0177066 -0.00194311 0.999841 0.0618703
0.999794 0.000884361 0.0202877 -4.05955 -0.000961275 0.999992 0.00378171 0.000481416 -0.0202842 -0.00380044 0.999787 0.0760077
0.999767 0.00135432 0.0215465 -4.40072 -0.00150565 0.999974 0.00700861 0.00611471 -0.0215365 -0.00703942 0.999743 0.0899867
0.999775 0.00110644 0.021195 -4.76554 -0.00136332 0.999926 0.0121093 0.00627873 -0.0211801 -0.0121355 0.999702 0.102219
0.999812 0.00153796 0.0193089 -5.10943 -0.00181164 0.999898 0.0141645 0.0013108 -0.0192851 -0.0141968 0.999713 0.125254
0.999833 0.00187617 0.0181957 -5.47495 -0.00211285 0.999913 0.0129968 0.016349 -0.0181698 -0.0130331 0.99975 0.141057
0.999895 0.00230138 0.0142917 -5.86173 -0.00243967 0.99995 0.00966687 0.00597 -0.0142688 -0.00970073 0.999851 0.1427
0.999984 0.00347962 0.00435001 -6.27039 -0.00350163 0.999981 0.00506301 0.0076483 -0.00433231 -0.00507816 0.999978 0.132701
0.99994 0.00318126 -0.0104768 -6.66835 -0.00315485 0.999992 0.00253614 0.00245445 0.0104847 -0.00250293 0.999942 0.106165
0.999728 0.00265474 -0.0231827 -7.08951 -0.00257788 0.999991 0.00334469 0.00610113 0.0231914 -0.00328402 0.999726 0.0857598
0.999592 0.00245014 -0.0284533 -7.53917 -0.00221696 0.999964 0.00822364 0.0392496 0.0284724 -0.0081572 0.999561 0.106096
0.999626 0.00249824 -0.0272268 -7.96291 -0.00213874 0.99991 0.013225 0.024503 0.0272574 -0.0131618 0.999542 0.142196
0.999687 0.00300588 -0.0248242 -8.39419 -0.00268033 0.99991 0.013137 0.0258757 0.0248615 -0.0130664 0.999606 0.190722
0.999786 0.00323257 -0.0204325 -8.86842 -0.00309436 0.999972 0.00679236 0.023393 0.0204539 -0.00672768 0.999768 0.196962
0.999896 0.00404891 -0.013811 -9.31237 -0.00407461 0.99999 -0.00183314 0.0154395 0.0138034 0.00188923 0.999903 0.153132
0.999978 0.0049258 -0.00444331 -9.80028 -0.00495261 0.999969 -0.00604409 0.0270472 0.0044134 0.00606596 0.999972 0.110447
0.999987 0.00512917 0.000656543 -10.2987 -0.00512613 0.999977 -0.00454863 0.0145005 -0.000679858 0.0045452 0.999989 0.0967676
0.999988 0.00484244 -0.000573867 -10.7877 -0.004843 0.999988 -0.000976091 0.019623 0.000569133 0.000978858 0.999999 0.125112
0.999974 0.0056779 -0.00437004 -11.2749 -0.00567637 0.999984 0.000363009 0.0343758 0.00437203 -0.000338193 0.99999 0.171391
0.99996 0.00680637 -0.00574475 -11.8196 -0.00680984 0.999977 -0.000584747 0.0427693 0.00574063 0.000623845 0.999983 0.177626
0.99996 0.00772215 -0.00441129 -12.3691 -0.00773479 0.999966 -0.00285588 0.0386959 0.00438909 0.00288989 0.999986 0.176956
0.999967 0.00781957 -0.00241883 -12.9223 -0.00782827 0.999963 -0.0036072 0.0377237 0.00239053 0.00362601 0.999991 0.173241
0.999963 0.0084136 -0.00179028 -13.458 -0.0084181 0.999961 -0.00251846 0.0485951 0.00176902 0.00253344 0.999995 0.17287
0.999959 0.00872003 -0.00256709 -13.9933 -0.00872511 0.99996 -0.00197704 0.069356 0.00254975 0.00199936 0.999995 0.19482
0.999948 0.00956145 -0.00351894 -14.5587 -0.00956945 0.999952 -0.00226518 0.0836263 0.00349711 0.00229874 0.999991 0.210201
0.999943 0.0100557 -0.00368778 -15.1464 -0.0100645 0.999947 -0.00236619 0.0804741 0.00366379 0.00240317 0.99999 0.201527
0.99993 0.0107527 -0.00496763 -15.7226 -0.0107519 0.999942 0.000187303 0.0840199 0.00496936 -0.000133878 0.999988 0.193368
0.999907 0.0119773 -0.0065103 -16.2942 -0.0119432 0.999915 0.00525525 0.0868351 0.00657269 -0.005177 0.999965 0.219261
0.99987 0.0134536 -0.00893939 -16.8677 -0.0133924 0.999887 0.0068741 0.10757 0.00903086 -0.00675348 0.999936 0.252478
0.999844 0.0143019 -0.0103385 -17.4465 -0.0142516 0.999886 0.00492339 0.127254 0.0104077 -0.00477528 0.999934 0.265216
0.99984 0.0150463 -0.0097154 -18.039 -0.0150422 0.999887 0.000492057 0.121809 0.00972171 -0.000345836 0.999953 0.277601
0.999836 0.0165405 -0.0074046 -18.6311 -0.0165621 0.999859 -0.00286706 0.13396 0.00735614 0.00298923 0.999968 0.265889
0.99984 0.0170713 -0.00543201 -19.2317 -0.0170841 0.999851 -0.00230407 0.143485 0.00539187 0.0023965 0.999983 0.243795
0.999831 0.0174729 -0.00574276 -19.8109 -0.0174615 0.999845 0.00202778 0.174419 0.0057773 -0.00192716 0.999981 0.253605
0.999786 0.0190861 -0.00795751 -20.4004 -0.0190344 0.999798 0.00652192 0.180125 0.00808037 -0.00636906 0.999947 0.278978
0.999746 0.0206609 -0.00904391 -21.0093 -0.020606 0.999769 0.00612744 0.199355 0.00916842 -0.00593952 0.99994 0.320285
0.999712 0.0224667 -0.00844118 -21.6053 -0.0224526 0.999746 0.00176566 0.213245 0.00847871 -0.00157563 0.999963 0.339309
0.999699 0.0237938 -0.0059771 -22.1888 -0.0238084 0.999714 -0.00237358 0.21161 0.00591892 0.00251517 0.999979 0.319534
0.999685 0.0249529 -0.0028663 -22.7845 -0.0249662 0.999677 -0.0047215 0.224111 0.00274756 0.00479157 0.999985 0.303971
0.999677 0.0254259 -0.000277862 -23.3772 -0.0254268 0.999669 -0.00389244 0.247964 0.000178801 0.00389824 0.999992 0.317942
0.999654 0.0263119 1.57519e-05 -23.9726 -0.0263118 0.999651 -0.00230493 0.285907 -7.63935e-05 0.00230372 0.999997 0.344634
0.999608 0.0279092 -0.00221989 -24.5722 -0.0279144 0.999608 -0.00232146 0.314971 0.00215423 0.00238251 0.999995 0.375172
0.999541 0.0297824 -0.00563794 -25.1639 -0.0298039 0.999549 -0.00376677 0.321241 0.00552321 0.00393307 0.999977 0.377788
0.999454 0.0312128 -0.010808 -25.7524 -0.0312777 0.999493 -0.00589129 0.32777 0.0106186 0.00622612 0.999924 0.376153
0.999326 0.0337628 -0.0143837 -26.3639 -0.03386 0.999405 -0.00656927 0.354635 0.0141534 0.00705188 0.999875 0.371927
0.999231 0.0359868 -0.0155373 -26.9506 -0.0360848 0.99933 -0.0060757 0.385446 0.0153082 0.00663169 0.999861 0.385912
0.999197 0.0375805 -0.0138698 -27.5419 -0.0376616 0.999275 -0.00563436 0.410687 0.013648 0.0061522 0.999888 0.400049
0.99916 0.0395296 -0.0108085 -28.1176 -0.039599 0.999196 -0.00628842 0.424883 0.0105512 0.00671114 0.999922 0.417427
0.999146 0.0408624 -0.00611877 -28.7071 -0.0409062 0.999137 -0.00721913 0.454439 0.0058185 0.00746326 0.999955 0.424058
0.999121 0.04188 -0.00160381 -29.2664 -0.0418921 0.999087 -0.00840718 0.499235 0.00125025 0.00846698 0.999963 0.434375
0.99904 0.0437821 0.00118729 -29.83 -0.0437696 0.999001 -0.00903107 0.5302 -0.0015815 0.00897043 0.999959 0.442193
0.99895 0.0457903 0.00158003 -30.4403 -0.0457743 0.998911 -0.00901628 0.540587 -0.00199116 0.00893448 0.999958 0.448982
0.998865 0.0476141 -0.00125101 -31.0397 -0.0476234 0.998825 -0.00896768 0.557285 0.000822553 0.00901708 0.999959 0.465222
0.998765 0.049481 -0.00440187 -31.6144 -0.0495185 0.998734 -0.00888132 0.591302 0.00395684 0.00908833 0.999951 0.480729
0.998652 0.0515035 -0.00652283 -32.1846 -0.0515635 0.998626 -0.00938754 0.628 0.00603037 0.00971123 0.999935 0.484405
0.998541 0.0534324 -0.00784519 -32.7586 -0.0535053 0.998523 -0.00939395 0.689314 0.00733167 0.0098 0.999925 0.490209
0.998428 0.055365 -0.00875995 -33.3416 -0.0554356 0.99843 -0.00804146 0.716175 0.00830098 0.00851443 0.999929 0.495908
0.998331 0.0569458 -0.00956814 -33.9038 -0.0570045 0.998356 -0.00597744 0.741376 0.00921202 0.0065129 0.999936 0.502647
0.998186 0.0593397 -0.0101749 -34.4713 -0.0593877 0.998225 -0.00448232 0.770866 0.00989082 0.00507845 0.999938 0.526456
0.998081 0.061221 -0.00931154 -35.0264 -0.0612705 0.998108 -0.00513364 0.809423 0.00897964 0.00569431 0.999943 0.544936
0.998004 0.0627653 -0.00692036 -35.5968 -0.0628172 0.997996 -0.00755175 0.848682 0.00643251 0.00797139 0.999948 0.553836
0.997916 0.064458 -0.00290148 -36.1653 -0.0644857 0.997861 -0.0107463 0.883443 0.00220259 0.010911 0.999938 0.561362
0.997802 0.0662432 0.00189906 -36.7082 -0.0662159 0.997733 -0.011972 0.925674 -0.00268782 0.0118199 0.999927 0.553547
0.997723 0.0672364 0.0053142 -37.2831 -0.0671855 0.997698 -0.00923929 0.969509 -0.00592318 0.00886122 0.999943 0.562418
0.997609 0.0689628 0.00443997 -37.8491 -0.0689417 0.997609 -0.00473396 1.01835 -0.00475582 0.00441654 0.999979 0.58344
0.997412 0.0718927 0.00108 -38.3837 -0.0718888 0.997407 -0.00332951 1.06317 -0.00131656 0.00324325 0.999994 0.641922
0.99727 0.0738366 -0.000195087 -38.9555 -0.0738363 0.99725 -0.00639394 1.10748 -0.000277556 0.00639089 0.99998 0.660478
0.997102 0.0760793 0.000640537 -39.5016 -0.0760707 0.997063 -0.0088578 1.13953 -0.00131255 0.0087834 0.999961 0.631442
0.996914 0.0784661 0.00247981 -40.0589 -0.0784417 0.99688 -0.00875455 1.20436 -0.00315901 0.00853301 0.999959 0.633536
0.996728 0.0806263 0.00572631 -40.6263 -0.0805827 0.99672 -0.00747337 1.25348 -0.00631008 0.00698748 0.999956 0.669358
0.996565 0.0822757 0.00947303 -41.1893 -0.0822113 0.99659 -0.00700224 1.31261 -0.0100168 0.00619939 0.999931 0.704159
0.996363 0.0846381 0.00981384 -41.7163 -0.084562 0.996387 -0.00792648 1.3297 -0.0104493 0.00706778 0.99992 0.732345
0.996191 0.0867898 0.00840962 -42.2935 -0.0867125 0.996191 -0.00916751 1.38238 -0.00917323 0.00840337 0.999923 0.712621
0.995987 0.0894063 0.00407064 -42.8751 -0.0893749 0.995971 -0.00734063 1.44721 -0.00471054 0.00694736 0.999965 0.701462
0.995809 0.0914086 -0.00293659 -43.4368 -0.0914194 0.995805 -0.00378667 1.51225 0.00257814 0.00403926 0.999989 0.732235
0.995575 0.0935467 -0.00891371 -44.0004 -0.0935721 0.995609 -0.00246691 1.55747 0.0086438 0.00329007 0.999957 0.775756
0.99532 0.095795 -0.0127172 -44.5631 -0.0958545 0.995387 -0.00414991 1.61215 0.012261 0.00534948 0.999911 0.783913
0.995079 0.0981757 -0.0133746 -45.1321 -0.0982666 0.99514 -0.00631941 1.6779 0.0126892 0.0076026 0.999891 0.755129
0.994891 0.100395 -0.0105984 -45.7229 -0.100458 0.994926 -0.00559415 1.73324 0.00998302 0.00663027 0.999928 0.749357
0.994786 0.101818 -0.0057577 -46.2871 -0.101834 0.994798 -0.0025409 1.79624 0.00546904 0.00311398 0.99998 0.763343
0.994659 0.10317 -0.00310049 -46.8428 -0.103173 0.994663 -0.000707076 1.8579 0.003011 0.00102319 0.999995 0.810715
0.994536 0.104365 -0.00250423 -47.4318 -0.104369 0.994538 -0.00126045 1.92633 0.00235901 0.00151492 0.999996 0.818282
0.994382 0.105797 -0.00350901 -48.005 -0.105808 0.994382 -0.00306685 1.99695 0.00316483 0.0034209 0.999989 0.811871
0.99426 0.106886 -0.00464314 -48.5829 -0.106907 0.994258 -0.00466843 2.05537 0.00411749 0.00513802 0.999978 0.812335
0.994139 0.108017 -0.00447614 -49.1708 -0.108042 0.994129 -0.00594725 2.11738 0.00380746 0.00639601 0.999972 0.825628
0.994013 0.109188 -0.00404562 -49.7638 -0.109208 0.994005 -0.00524075 2.19338 0.00344914 0.00565119 0.999978 0.823987
0.993841 0.110691 -0.00527016 -50.3803 -0.110711 0.993846 -0.00353662 2.25588 0.00484626 0.0040983 0.99998 0.849424
0.993633 0.112462 -0.00677913 -50.9612 -0.112482 0.99365 -0.00265842 2.32202 0.00643711 0.00340403 0.999973 0.863479
0.993474 0.113864 -0.00671585 -51.5425 -0.113881 0.993492 -0.00215501 2.38998 0.00642677 0.00290575 0.999975 0.862196
0.993309 0.115291 -0.00664923 -52.1361 -0.115303 0.993329 -0.00148506 2.49063 0.00643366 0.0022418 0.999977 0.876899
0.993124 0.116905 -0.00622148 -52.7459 -0.116914 0.993142 -0.00102212 2.56674 0.00605932 0.00174246 0.99998 0.903234
0.992931 0.118604 -0.00464911 -53.3538 -0.118608 0.992941 -0.000776268 2.61758 0.00452423 0.0013222 0.999989 0.917464
0.992764 0.120043 -0.00320061 -53.9636 -0.120045 0.992768 -0.000544937 2.68661 0.00311205 0.000925211 0.999995 0.914148
0.9926 0.121395 -0.0027557 -54.5706 -0.121396 0.992604 -0.000349337 2.77575 0.00269292 0.000681285 0.999996 0.914543
0.99252 0.122023 -0.00384724 -55.2017 -0.122023 0.992527 0.000248 2.87724 0.00384875 0.000223306 0.999993 0.926829
0.992364 0.123188 -0.00614148 -55.8302 -0.123183 0.992383 0.00129091 2.96772 0.00625373 -0.000524527 0.99998 0.954017
0.992142 0.124921 -0.00699777 -56.4375 -0.124919 0.992167 0.000773667 3.0282 0.0070396 0.000106565 0.999975 0.972863
0.992016 0.125988 -0.00563493 -57.0679 -0.12599 0.992032 -5.24484e-05 3.12027 0.00558342 0.000761973 0.999984 0.965926
0.992065 0.125651 -0.00436545 -57.7145 -0.12565 0.992075 0.000431099 3.19714 0.00438502 0.000120841 0.99999 0.966575
0.992182 0.124704 -0.00479887 -58.3398 -0.124702 0.992194 0.000546812 3.26542 0.0048296 5.58924e-05 0.999988 0.985916
0.992257 0.124082 -0.0054876 -58.9871 -0.124084 0.992272 1.23457e-05 3.35488 0.00544672 0.000668674 0.999985 0.989094
0.992305 0.123673 -0.00593523 -59.6494 -0.123678 0.992322 -0.000369461 3.44185 0.00584397 0.00110067 0.999982 0.980498
0.99233 0.123495 -0.00543066 -60.2993 -0.123501 0.992344 -0.000836374 3.51435 0.0052858 0.00150065 0.999985 1.00326
0.99234 0.123499 -0.00310643 -60.9282 -0.123504 0.992343 -0.00138769 3.57487 0.00291127 0.00176071 0.999994 1.02675
0.992421 0.122879 -0.000901182 -61.5826 -0.122881 0.99242 -0.00191253 3.66367 0.00065934 0.00200878 0.999998 1.01776
0.992479 0.122416 -0.000505489 -62.2754 -0.122417 0.992477 -0.00162122 3.74466 0.000303224 0.0016709 0.999999 1.0099
0.992537 0.121929 -0.00186199 -62.9563 -0.121932 0.992538 -0.00121463 3.86059 0.0017 0.00143261 0.999998 1.02894
0.992571 0.121646 -0.00221311 -63.6203 -0.121647 0.992573 -0.000481871 3.95448 0.00213805 0.000747509 0.999997 1.05982
0.992594 0.121465 -0.00175318 -64.287 -0.121467 0.992595 -0.00106099 4.03493 0.00161132 0.00126609 0.999998 1.09101
0.992574 0.121641 -0.000293073 -64.9707 -0.121641 0.992571 -0.00257085 4.09359 -2.18249e-05 0.00258741 0.999997 1.07846
0.99259 0.121512 0.000209106 -65.6704 -0.121511 0.992585 -0.00322976 4.16617 -0.000600011 0.00318042 0.999995 1.0674
0.992665 0.120891 -0.00106608 -66.3874 -0.120894 0.992661 -0.00282503 4.25249 0.000716736 0.00293319 0.999995 1.08244
0.992709 0.120489 -0.00324372 -67.0897 -0.120497 0.992711 -0.00248039 4.33791 0.00292122 0.00285317 0.999992 1.10354
0.992651 0.120939 -0.00413139 -67.7728 -0.120951 0.992655 -0.00265964 4.44 0.00377939 0.00313979 0.999988 1.13282
0.992626 0.121189 -0.00257736 -68.4662 -0.121198 0.992622 -0.00363246 4.51763 0.00211813 0.00391805 0.99999 1.14762
0.992635 0.121142 0.000251095 -69.1916 -0.121139 0.992624 -0.00480993 4.60541 -0.000831925 0.00474408 0.999988 1.1562
0.992598 0.121432 0.00165642 -69.9007 -0.121423 0.99259 -0.00457127 4.68973 -0.00219924 0.00433631 0.999988 1.15131
0.99258 0.121588 0.000715203 -70.6227 -0.121585 0.992575 -0.00350167 4.79082 -0.00113565 0.00338873 0.999994 1.17566
0.992555 0.121796 -0.000688349 -71.3306 -0.121797 0.992549 -0.00335777 4.87756 0.000274259 0.00341661 0.999994 1.2124
0.992541 0.121914 -0.00026564 -72.0527 -0.121914 0.992535 -0.00346711 4.9735 -0.000159032 0.00347363 0.999994 1.21044
0.992511 0.122143 0.00182524 -72.7935 -0.122138 0.992509 -0.00302162 5.06584 -0.00218064 0.00277607 0.999994 1.21691
0.992566 0.121674 0.00301922 -73.531 -0.121671 0.99257 -0.00124672 5.18651 -0.00314848 0.000870105 0.999995 1.24769
0.992562 0.121737 0.00124807 -74.2342 -0.121738 0.992562 0.000902939 5.26446 -0.00112887 -0.00104816 0.999999 1.29307
0.992551 0.121825 -0.00133771 -74.9746 -0.121822 0.99255 0.00194293 5.33475 0.00156444 -0.00176549 0.999997 1.31985
0.992682 0.120746 -0.00169671 -75.7492 -0.120742 0.992681 0.00221799 5.42202 0.0019521 -0.00199689 0.999996 1.30779
0.992798 0.119797 -0.00106321 -76.4945 -0.119794 0.992795 0.00277321 5.52194 0.00138777 -0.00262587 0.999996 1.31578
0.992995 0.118156 -0.000231722 -77.2345 -0.118155 0.992991 0.00280653 5.63129 0.000561707 -0.00275949 0.999996 1.35098
0.993153 0.116815 0.00100199 -77.9914 -0.116818 0.99315 0.00272903 5.71428 -0.000676337 -0.0028274 0.999996 1.36582
0.993337 0.115237 0.00164051 -78.7507 -0.11524 0.993335 0.00229405 5.80449 -0.00136521 -0.00246781 0.999996 1.37254
0.993453 0.11423 0.00170801 -79.4938 -0.114234 0.993452 0.00204389 5.87827 -0.00146335 -0.00222562 0.999996 1.38534
0.993579 0.113139 0.000629015 -80.26 -0.11314 0.993576 0.00235913 5.96982 -0.000358064 -0.00241515 0.999997 1.40747
0.993716 0.111929 -0.000995374 -81.0478 -0.111927 0.993714 0.00201486 6.0608 0.00121464 -0.00189079 0.999997 1.43033
0.99385 0.11071 -0.00226128 -81.8192 -0.110706 0.993852 0.0017133 6.13739 0.00243705 -0.00145243 0.999996 1.42225
0.99402 0.109145 -0.00340774 -82.5655 -0.109138 0.994024 0.00210838 6.22299 0.00361749 -0.00172385 0.999992 1.43735
0.994183 0.10765 -0.00339165 -83.3221 -0.107639 0.994185 0.00327078 6.29996 0.00372403 -0.00288669 0.999989 1.44863
0.994279 0.106751 -0.0036659 -84.0878 -0.106737 0.99428 0.00368649 6.38225 0.00403847 -0.00327411 0.999986 1.49051
0.994334 0.10623 -0.00390474 -84.869 -0.10622 0.994339 0.00260728 6.46371 0.00415961 -0.00217775 0.999989 1.49809
0.994465 0.105006 -0.00352925 -85.6357 -0.105001 0.994471 0.00162306 6.55809 0.00368017 -0.0012435 0.999992 1.49755
0.994617 0.103582 -0.00270775 -86.4009 -0.103577 0.99462 0.0018703 6.62917 0.00288691 -0.00157977 0.999995 1.50697
0.99477 0.102104 -0.00267494 -87.1786 -0.102096 0.99477 0.00292026 6.70078 0.00295912 -0.00263188 0.999992 1.53271
0.99489 0.100906 -0.00333211 -87.9455 -0.100894 0.994891 0.00360218 6.78872 0.00367856 -0.00324759 0.999988 1.55364
0.994945 0.100351 -0.00381603 -88.7101 -0.100339 0.994948 0.00327616 6.86467 0.00412552 -0.0028767 0.999987 1.55986
0.995045 0.0993655 -0.00343099 -89.4782 -0.0993568 0.995048 0.0026194 6.94734 0.00367428 -0.00226553 0.999991 1.57992
0.995175 0.0980995 -0.00150502 -90.2347 -0.0980951 0.995173 0.00273245 7.02293 0.00176581 -0.00257164 0.999995 1.59748
0.995215 0.0977051 0.00039469 -90.9668 -0.0977058 0.995211 0.0029784 7.09778 -0.000101795 -0.00300272 0.999995 1.61797
0.995256 0.0972873 0.000760156 -91.7093 -0.0972891 0.995252 0.00280732 7.1666 -0.00048343 -0.00286796 0.999996 1.63783
0.995186 0.0979969 -0.000665435 -92.4588 -0.0979958 0.995186 0.00152068 7.23787 0.000811253 -0.00144815 0.999999 1.66579
0.99515 0.0983458 -0.0023352 -93.2249 -0.0983463 0.995152 -8.7488e-05 7.30201 0.00231527 0.000316722 0.999997 1.67604
0.995113 0.0986654 -0.00380448 -93.9712 -0.0986698 0.99512 -0.00097242 7.38884 0.00368997 0.00134305 0.999992 1.68316
0.99504 0.0993905 -0.00423328 -94.6983 -0.0993957 0.995047 -0.00104305 7.47479 0.00410865 0.00145864 0.99999 1.699
0.995072 0.0990694 -0.00407666 -95.4535 -0.0990734 0.99508 -0.000793783 7.53665 0.00397796 0.00119376 0.999991 1.71887
0.994956 0.100232 -0.00410443 -96.1733 -0.100238 0.994963 -0.00138306 7.59033 0.00394513 0.00178751 0.999991 1.74605
0.994878 0.101023 -0.00343782 -96.9043 -0.101033 0.994879 -0.00274638 7.66116 0.00314276 0.00307964 0.99999 1.76214
0.994876 0.101082 -0.00210463 -97.622 -0.10109 0.99487 -0.00387943 7.73528 0.00170169 0.00407231 0.99999 1.75976
0.994892 0.100935 -0.00171247 -98.351 -0.100942 0.994882 -0.00458007 7.83072 0.00124141 0.00472953 0.999988 1.78126
0.99486 0.101253 -0.000900537 -99.0684 -0.101256 0.994851 -0.00424811 7.90076 0.000465765 0.00431746 0.999991 1.80209
0.994841 0.101443 -0.000919558 -99.8012 -0.101446 0.994829 -0.00483364 7.97293 0.000424463 0.00490199 0.999988 1.84464
0.994792 0.101928 -0.000129633 -100.517 -0.101927 0.994766 -0.00711631 8.03054 -0.000596398 0.00709245 0.999975 1.84841
0.994761 0.102223 -0.000191948 -101.231 -0.102221 0.994723 -0.00877631 8.08711 -0.00070621 0.00874996 0.999961 1.85429
0.994756 0.102272 -0.000768741 -101.925 -0.102274 0.99468 -0.0123499 8.17286 -0.000498395 0.0123637 0.999923 1.88245
0.994762 0.101992 0.00683926 -102.635 -0.101885 0.994691 -0.0144422 8.2648 -0.00827594 0.0136698 0.999872 1.89512
0.994562 0.102184 0.0201188 -103.319 -0.101957 0.994716 -0.0119986 8.33057 -0.0212386 0.00988205 0.999726 1.92397
0.994374 0.101821 0.0292157 -104.01 -0.101714 0.9948 -0.00514049 8.40623 -0.0295872 0.00213993 0.99956 1.94188
0.994524 0.101302 0.0256984 -104.717 -0.101348 0.994851 0.000504747 8.49201 -0.025515 -0.00310648 0.99967 2.00848
0.994778 0.101622 0.00951111 -105.427 -0.101628 0.994822 0.000151864 8.56499 -0.00944644 -0.00111766 0.999955 2.04044
0.994653 0.102256 -0.0144816 -106.141 -0.102297 0.994752 -0.00209637 8.62311 0.0141912 0.00356658 0.999893 1.99105
0.994072 0.101946 -0.0377906 -106.874 -0.102053 0.994779 -0.000903089 8.69154 0.0375012 0.00475436 0.999285 1.9438
0.993804 0.101316 -0.0457095 -107.574 -0.101306 0.994852 0.00253658 8.78141 0.0457312 0.0021098 0.998952 1.97549
0.994384 0.101226 -0.0308972 -108.243 -0.101189 0.994863 0.00274468 8.86398 0.0310164 0.000397206 0.999519 2.05664
0.994842 0.10141 -0.0023321 -108.922 -0.101413 0.994844 -0.00090739 8.93128 0.00222806 0.00113921 0.999997 2.09176
0.994644 0.100885 0.0224704 -109.618 -0.100762 0.994889 -0.00654789 9.00639 -0.0230161 0.00424866 0.999726 2.07117
0.99449 0.100913 0.0283942 -110.274 -0.100733 0.994884 -0.00770073 9.06836 -0.0290261 0.00479806 0.999567 2.02223
0.99481 0.100649 0.0149006 -110.986 -0.10061 0.99492 -0.0033189 9.13513 -0.015159 0.00180252 0.999883 2.04609
0.994855 0.101277 -0.00233098 -111.707 -0.101277 0.994858 0.000153082 9.1983 0.00233449 8.37804e-05 0.999997 2.11568
0.994713 0.102187 -0.0102105 -112.417 -0.102182 0.994765 0.00105041 9.28424 0.0102644 -1.51941e-06 0.999947 2.1318
0.994718 0.102084 -0.0107572 -113.122 -0.102067 0.994775 0.00211454 9.36177 0.0109168 -0.00100542 0.99994 2.13012
0.994766 0.101861 -0.00800854 -113.817 -0.101858 0.994799 0.000736181 9.43242 0.00804187 8.34098e-05 0.999968 2.15962
0.994793 0.101885 -0.00240257 -114.515 -0.101892 0.994791 -0.00309891 9.49409 0.00207432 0.00332758 0.999992 2.17218
0.994844 0.10136 0.0034035 -115.223 -0.101345 0.994842 -0.00432777 9.57095 -0.00382461 0.00396053 0.999985 2.14352
0.994909 0.100625 0.00551304 -115.928 -0.100623 0.994924 -0.000610383 9.65875 -0.00554648 5.25376e-05 0.999985 2.15347
0.994903 0.10083 0.00126116 -116.63 -0.100834 0.994894 0.00428956 9.74564 -0.000822208 -0.00439486 0.99999 2.19623
0.994772 0.102015 -0.00468909 -117.348 -0.101986 0.994767 0.00620502 9.80498 0.00529756 -0.00569436 0.99997 2.24785
0.994669 0.102946 -0.00593192 -118.077 -0.102926 0.994682 0.00363284 9.85951 0.00627436 -0.00300293 0.999976 2.25694
0.994708 0.102733 0.00106891 -118.797 -0.102734 0.994707 0.00166339 9.92885 -0.000892371 -0.0017644 0.999998 2.22318
0.994752 0.101869 0.00951534 -119.517 -0.101908 0.994787 0.00367117 10.0168 -0.00909176 -0.00462159 0.999948 2.24077
0.994753 0.101439 0.0133215 -120.217 -0.101531 0.994812 0.00637105 10.1139 -0.0126061 -0.00769016 0.999891 2.29497
0.994835 0.100962 0.0104417 -120.942 -0.101035 0.99486 0.00671294 10.196 -0.00971028 -0.00773325 0.999923 2.33778
0.994886 0.100917 0.00414714 -121.685 -0.100941 0.994875 0.00590891 10.2826 -0.00352957 -0.00629731 0.999974 2.32918
0.99486 0.101263 -0.000481515 -122.448 -0.101259 0.994841 0.00610375 10.3314 0.00109712 -0.00602361 0.999981 2.32876
0.994926 0.100599 -0.00147348 -123.167 -0.100588 0.994909 0.00622216 10.4022 0.00209192 -0.00604237 0.99998 2.35859
0.995013 0.0997462 0.000608178 -123.89 -0.099748 0.995003 0.00448947 10.4799 -0.00015733 -0.00452775 0.99999 2.39093
0.995069 0.0991103 0.00377291 -124.629 -0.0991187 0.995073 0.0020945 10.5409 -0.00354674 -0.00245814 0.999991 2.3879
0.995186 0.097887 0.00482952 -125.373 -0.097898 0.995194 0.00210294 10.6277 -0.00460046 -0.00256562 0.999986 2.37692
0.995329 0.0965057 0.0026394 -126.129 -0.096515 0.995325 0.00366993 10.7185 -0.00227289 -0.00390753 0.99999 2.40883
0.995514 0.0946081 -0.00110838 -126.885 -0.0946017 0.995503 0.00486569 10.7846 0.00156373 -0.00473901 0.999988 2.46036
0.995727 0.0923095 -0.00248636 -127.642 -0.0922984 0.995722 0.00424996 10.8524 0.00286804 -0.00400231 0.999988 2.47261
0.995949 0.0899162 -0.00122877 -128.395 -0.0899125 0.995946 0.0028224 10.9168 0.00147757 -0.00270049 0.999995 2.47626
0.996175 0.0873799 0.000609558 -129.111 -0.087381 0.996173 0.00188907 10.975 -0.000442159 -0.0019351 0.999998 2.47981
0.996341 0.0854403 0.00193868 -129.856 -0.0854421 0.996343 0.000875648 11.03 -0.00185678 -0.00103809 0.999998 2.51115
0.996528 0.0831911 0.00320617 -130.617 -0.083193 0.996533 0.000446673 11.0848 -0.0031579 -0.000711853 0.999995 2.51876
0.996749 0.0805277 0.00253603 -131.359 -0.0805304 0.996752 0.000969336 11.1536 -0.00244974 -0.00117041 0.999996 2.53332
0.996946 0.0780907 0.000334765 -132.106 -0.0780912 0.996944 0.00209378 11.2176 -0.000170237 -0.00211353 0.999998 2.55842
0.997091 0.0762121 -0.00135823 -132.837 -0.0762075 0.997087 0.00312578 11.2579 0.0015925 -0.00301318 0.999994 2.58652
0.997231 0.0743331 -0.00223587 -133.558 -0.0743249 0.997228 0.00357125 11.3094 0.00249514 -0.00339518 0.999991 2.60805
0.997413 0.071883 -0.000634968 -134.29 -0.0718807 0.997409 0.00304877 11.3707 0.000852478 -0.00299524 0.999995 2.62644
0.99759 0.0693436 0.0022742 -135.013 -0.0693489 0.99759 0.00235276 11.4321 -0.00210557 -0.00250481 0.999995 2.63296
0.997736 0.0671477 0.00383178 -135.709 -0.0671584 0.997739 0.00274008 11.4584 -0.00363913 -0.00299121 0.999989 2.64536
0.997898 0.0647144 0.00340018 -136.446 -0.0647266 0.997897 0.00360813 11.5069 -0.00315953 -0.00382063 0.999988 2.6651
0.998061 0.0622367 7.30106e-05 -137.171 -0.0622364 0.998052 0.00434841 11.5659 0.000197762 -0.00434452 0.999991 2.68814
0.998186 0.0601344 -0.0030682 -137.895 -0.0601202 0.998181 0.00452699 11.6068 0.00333485 -0.00433432 0.999985 2.71976
0.998284 0.0584533 -0.00341655 -138.612 -0.0584411 0.998284 0.00357859 11.638 0.00361987 -0.00337278 0.999988 2.73681
0.998395 0.0566346 -0.000799621 -139.313 -0.0566317 0.99839 0.00326599 11.6648 0.000983301 -0.00321546 0.999994 2.73701
0.99849 0.0547799 0.00420986 -140.007 -0.0547846 0.998498 0.000995069 11.7199 -0.00414903 -0.0012242 0.999991 2.78326
0.998389 0.0533849 0.0192363 -140.718 -0.0533831 0.998574 -0.000608627 11.7337 -0.0192414 -0.000419248 0.999815 2.80356
0.998077 0.0515817 0.0343793 -141.392 -0.0515785 0.998668 -0.000981873 11.7731 -0.0343842 -0.000793249 0.999408 2.8232
0.997989 0.0496781 0.0393703 -142.083 -0.0497823 0.998759 0.00167023 11.8159 -0.0392385 -0.00362681 0.999223 2.83333
0.998469 0.0481397 0.0272533 -142.792 -0.048281 0.998823 0.00454919 11.8677 -0.0270023 -0.00585804 0.999618 2.86899
0.998863 0.0476115 -0.0022478 -143.527 -0.0475969 0.998848 0.00613402 11.9138 0.00253726 -0.00602006 0.999979 2.87541
0.998234 0.0473843 -0.0358327 -144.283 -0.0472858 0.998875 0.00359238 11.9438 0.0359626 -0.00189165 0.999351 2.89444
0.997534 0.04679 -0.05232 -145.001 -0.0467208 0.998905 0.00254599 11.9507 0.0523818 -9.5282e-05 0.998627 2.89345
0.998154 0.0457673 -0.0399231 -145.731 -0.0456625 0.998951 0.00353251 11.9799 0.0400428 -0.001703 0.999197 2.92135
0.998984 0.0446275 -0.00632849 -146.427 -0.044592 0.998989 0.00564719 12.0215 0.00657411 -0.00535926 0.999964 2.93758
0.998763 0.0432179 0.0245964 -147.116 -0.0434103 0.99903 0.00734503 12.0731 -0.0242551 -0.00840368 0.99967 2.93098
0.998523 0.0428048 0.0334615 -147.835 -0.0430756 0.999044 0.00741314 12.0843 -0.0331122 -0.00884356 0.999413 2.93421
0.998915 0.0427564 0.0184449 -148.597 -0.0428683 0.999064 0.00571501 12.1342 -0.0181833 -0.00649951 0.999814 2.9416
0.999031 0.0439374 -0.00239885 -149.37 -0.0439217 0.999016 0.00621177 12.1646 0.00266942 -0.00610039 0.999978 2.96892
0.998916 0.0450173 -0.0118425 -150.136 -0.0449367 0.998965 0.00698314 12.1798 0.0121446 -0.00644341 0.999905 3.00714
0.998976 0.0445036 -0.00818608 -150.879 -0.0444296 0.998972 0.00900402 12.2311 0.00857838 -0.00863109 0.999926 3.02784
0.998981 0.0451345 0.000913439 -151.629 -0.0451417 0.998921 0.0109024 12.2678 -0.000420381 -0.0109325 0.99994 3.04915
0.998927 0.0455233 0.00854844 -152.392 -0.0456212 0.998891 0.0116217 12.3074 -0.0080099 -0.0119992 0.999896 3.06374
0.998861 0.0464625 0.0108463 -153.173 -0.0465832 0.998852 0.0111584 12.3396 -0.0103154 -0.011651 0.999879 3.07188
0.998854 0.0470831 0.00854849 -153.9 -0.0471576 0.998849 0.00873326 12.3681 -0.00812747 -0.00912638 0.999925 3.09319
0.998864 0.0473263 0.00560784 -154.694 -0.0473641 0.998854 0.0068124 12.3973 -0.00527902 -0.00707027 0.999961 3.11565
0.998868 0.0475041 0.00238266 -155.478 -0.0475159 0.998857 0.00514591 12.4544 -0.00213549 -0.0052533 0.999984 3.13605
0.998851 0.0479021 0.00168584 -156.287 -0.047908 0.998845 0.00366732 12.4954 -0.00150822 -0.00374387 0.999992 3.15643
0.998819 0.0485592 0.00139328 -157.09 -0.0485638 0.998814 0.00347599 12.5403 -0.00122284 -0.00353955 0.999993 3.16696
0.998783 0.0493215 -0.000157286 -157.865 -0.0493207 0.998777 0.00334838 12.567 0.000322241 -0.00333654 0.999994 3.1952
0.998739 0.0501874 -0.0014145 -158.629 -0.0501843 0.998738 0.00210741 12.5956 0.00151848 -0.00203377 0.999997 3.21303
0.99868 0.0513562 -0.00125715 -159.401 -0.051354 0.998679 0.00168798 12.6261 0.00134218 -0.00162119 0.999998 3.22492
0.99864 0.0521428 -0.000290769 -160.204 -0.0521422 0.998638 0.00191893 12.6811 0.000390431 -0.00190116 0.999998 3.2329
0.998554 0.0537566 0.000243234 -161.024 -0.053757 0.998551 0.00231039 12.7268 -0.000118683 -0.00232012 0.999997 3.26146
0.998513 0.054502 0.000840521 -161.807 -0.0545039 0.998511 0.00246992 12.7593 -0.000704653 -0.00251206 0.999997 3.27517
0.998494 0.0548452 0.00158 -162.6 -0.0548495 0.998491 0.00285374 12.8224 -0.0014211 -0.0029361 0.999995 3.29373
0.998446 0.0556529 0.00297503 -163.405 -0.055663 0.998444 0.00343789 12.8677 -0.00277907 -0.00359815 0.99999 3.30843
0.998345 0.0573362 0.00436873 -164.201 -0.0573555 0.998344 0.00443425 12.9148 -0.00410725 -0.00467748 0.999981 3.33257
0.998287 0.0582563 0.00535455 -165.026 -0.0582841 0.998287 0.00518789 12.9783 -0.00504315 -0.00549109 0.999972 3.3639
0.998225 0.059201 0.00642516 -165.836 -0.0592385 0.998227 0.00580384 13.0303 -0.00607017 -0.00617416 0.999963 3.38987
0.998074 0.0616065 0.00725337 -166.636 -0.0616451 0.998084 0.00522416 13.0803 -0.00691763 -0.00566123 0.99996 3.41298
0.997889 0.0646121 0.00661261 -167.46 -0.0646393 0.997901 0.00398011 13.1294 -0.00634156 -0.00439914 0.99997 3.42775
0.997648 0.0683065 0.00575418 -168.299 -0.0683283 0.997656 0.00367847 13.1854 -0.00548943 -0.00406299 0.999977 3.42799
0.99741 0.0717887 0.00445796 -169.138 -0.0718059 0.997411 0.00383399 13.258 -0.00417119 -0.00414417 0.999983 3.45564
0.997184 0.0748318 0.00495753 -169.968 -0.0748528 0.997186 0.00419392 13.3316 -0.00462974 -0.0045532 0.999979 3.48596
0.996896 0.0784772 0.00625901 -170.775 -0.0785062 0.996903 0.00453998 13.3958 -0.00588334 -0.00501726 0.99997 3.50691
0.996602 0.0820602 0.00715683 -171.597 -0.0820934 0.996615 0.00448263 13.463 -0.00676476 -0.00505493 0.999964 3.53471
0.996318 0.0854419 0.00705418 -172.407 -0.0854725 0.996332 0.00415111 13.5295 -0.00667362 -0.00473877 0.999967 3.54956
0.996048 0.0886342 0.00576803 -173.245 -0.0886592 0.996053 0.00422218 13.6222 -0.00537103 -0.00471689 0.999974 3.57126
0.995796 0.0915067 0.00413417 -174.075 -0.0915259 0.995792 0.00471004 13.7089 -0.00368577 -0.00506863 0.99998 3.58381
0.995456 0.095174 0.00301767 -174.899 -0.0951896 0.995444 0.00551282 13.8062 -0.00247924 -0.00577502 0.99998 3.6163
0.995199 0.0977793 0.00429225 -175.731 -0.0978069 0.995182 0.00678484 13.8854 -0.00360816 -0.00717208 0.999968 3.64293
0.994987 0.0998518 0.00549727 -176.55 -0.0998908 0.994971 0.00734207 13.969 -0.00473651 -0.0078544 0.999958 3.65776
0.994875 0.100966 0.00552312 -177.341 -0.101007 0.994855 0.00775509 14.0742 -0.00471171 -0.00827321 0.999955 3.68362
0.994775 0.101959 0.00524665 -178.136 -0.102002 0.994745 0.00880674 14.1589 -0.00432115 -0.00929589 0.999947 3.69771
0.994725 0.102493 0.00426347 -178.984 -0.102529 0.994684 0.00951247 14.2532 -0.00326585 -0.00989942 0.999946 3.73073
