1.000000000000000000e+00 0.000000000000000000e+00 0.000000000000000000e+00 0.000000000000000000e+00 0.000000000000000000e+00 1.000000000000000000e+00 0.000000000000000000e+00 0.000000000000000000e+00 0.000000000000000000e+00 0.000000000000000000e+00 1.000000000000000000e+00 0.000000000000000000e+00
9.999999806752196685e-01 -2.467997744577969240e-05 -1.950396347016939401e-04 5.235611412078404643e-03 2.473925892486993937e-05 9.999999535014134633e-01 3.039492392622576570e-04 6.864136654590470218e-03 1.950321241722569889e-04 -3.039540585245288076e-04 9.999999347871982858e-01 2.385213339611277645e-03
9.999999348603554328e-01 1.753273471746163363e-04 -3.154989797021480686e-04 2.408526405730856274e-02 -1.752152527297697244e-04 9.999999215360366733e-01 3.552851471442841137e-04 7.794558912981981724e-03 3.155612461491869806e-04 -3.552298437676714381e-04 9.999998871164226255e-01 4.943195763669356322e-04
9.999999693549238566e-01 1.153477620590022515e-04 -2.190548908248892714e-04 3.891368024399438630e-02 -1.153078823079982813e-04 9.999999767795622052e-01 1.820575931772175316e-04 1.791792037345489065e-03 2.190758856742776230e-04 -1.820323288424785242e-04 9.999999594349929799e-01 -4.058869951564127838e-04
9.999999380260630177e-01 2.329849511413128094e-04 -2.639429532277705087e-04 5.770418187883510214e-02 -2.329402870942618592e-04 9.999999585488856813e-01 1.692366674143343198e-04 5.318672554136654081e-03 2.639823718837298731e-04 -1.691751739787703880e-04 9.999999508465327036e-01 -4.168205797082034621e-04
9.999998524639255315e-01 3.471008254781052303e-04 -4.178434444155165847e-04 8.197747296519068694e-02 -3.469982477492697761e-04 9.999999096509912810e-01 2.455406797700973999e-04 1.383980096969404661e-02 4.179286340364122133e-04 -2.453956526009437480e-04 9.999998825583084061e-01 -6.960657096851843688e-04
9.999998607557124553e-01 4.182894298100277579e-04 -3.217491390936446684e-04 9.871250605500413167e-02 -4.182634665705596837e-04 9.999999092669774603e-01 8.075710062636641041e-05 1.482702792506745450e-02 3.217828897419469517e-04 -8.062251347111808360e-05 9.999999449778895766e-01 1.826911930256633083e-03
9.999996091778137197e-01 6.658164318511360785e-04 -5.816637335992445607e-04 1.407625161427622229e-01 -6.655562403884308226e-04 9.999996784331538491e-01 4.474019219828143622e-04 1.471814390311096052e-02 5.819614341067700421e-04 -4.470146172005124590e-04 9.999997307493743159e-01 1.745750068805270849e-03
9.999993606231014631e-01 9.081704218088955654e-04 -6.737802855992919542e-04 1.904390863116391386e-01 -9.077847914174387665e-04 9.999994241287617491e-01 5.724237219449953944e-04 7.514611650165908124e-03 6.742997558816167959e-04 -5.718117084544674855e-04 9.999996091755283256e-01 -7.669774601624111720e-04
9.999988341228333022e-01 1.166339009140065618e-03 -9.855994571336349624e-04 2.478447278060700865e-01 -1.165736180774566005e-03 9.999991332636019026e-01 6.119895438838783217e-04 7.805570928982935239e-04 9.863123901569289392e-04 -6.108398814323104517e-04 9.999993270310276738e-01 2.243656043686599599e-03
9.999984941463461174e-01 1.433027856049159639e-03 -9.788443206371277242e-04 3.013946574300652159e-01 -1.432418966943865011e-03 9.999987803545961063e-01 6.224670460312748494e-04 4.806633369460305491e-03 9.797351394105863979e-04 -6.210639935164331176e-04 9.999993271990599286e-01 -5.999509676238801376e-04
9.999982922297629973e-01 1.663322950528985447e-03 -8.055397692714878462e-04 3.736073705452823690e-01 -1.662929935092234603e-03 9.999984981050875632e-01 4.883150624317428431e-04 8.782934932926681273e-03 8.063507850858383022e-04 -4.869746723055840237e-04 9.999995563269414856e-01 -1.685595458986145550e-03
9.999974363113118825e-01 2.088520260589166958e-03 -8.749022372657347217e-04 4.798666883072685851e-01 -2.088003137093444404e-03 9.999976451462768701e-01 5.915613242134926380e-04 1.338787022783035317e-02 8.761356648099448332e-04 -5.897330090183565366e-04 9.999994423004819888e-01 9.639713864770865434e-04
9.999955966695517340e-01 2.854565322949339894e-03 -8.112325955956407875e-04 5.974307198279779074e-01 -2.854027487443661255e-03 9.999957072233511823e-01 6.633716684648591514e-04 2.978300019850563599e-03 8.131227509163245623e-04 -6.610534672936526539e-04 9.999994509197018822e-01 -7.036325840310352726e-04
9.999926763785423889e-01 3.806357230285541300e-03 -3.985397285499443320e-04 7.070678558860044038e-01 -3.806276348373453279e-03 9.999927353960710308e-01 2.035078455826962716e-04 -6.227726770506306813e-04 3.993114568761199569e-04 -2.019894028256047076e-04 9.999998998753157897e-01 -1.185181034579117559e-03
9.999911150148429462e-01 4.213341377930598930e-03 -1.328375100510795128e-04 7.920859905462805939e-01 -4.213375670847750720e-03 9.999910901673749741e-01 -2.589426985792485543e-04 -7.114374156441755082e-03 1.317453125046616675e-04 2.595000922102402765e-04 9.999999576514364552e-01 -2.177986740379189191e-03
9.999903625270214480e-01 4.383934432216663422e-03 -2.365839602899549572e-04 8.577467651309811369e-01 -4.384016067210011990e-03 9.999903304182535813e-01 -3.456488310829212811e-04 -7.728975887815963883e-03 2.350663708099712181e-04 3.466826877848069302e-04 9.999999122774537730e-01 3.881644202100755468e-03
9.999889560684839251e-01 4.682725717857233287e-03 -3.997760810085863024e-04 9.243313984420663543e-01 -4.682767918914421991e-03 9.999890303020342319e-01 -1.046910452041228251e-04 4.740055090500963457e-03 3.992814561359169889e-04 1.065619476102856077e-04 9.999999146094313840e-01 -3.205600958494001038e-03
9.999869228449930203e-01 5.076516720487098469e-03 -6.189644485072449661e-04 1.015959368074320412e+00 -5.076334253738415750e-03 9.999870715210011918e-01 2.960091152572383419e-04 5.832326384560569676e-03 6.204591414613913917e-04 -2.928631738683510092e-04 9.999997646307798860e-01 -3.848822314867760778e-03
9.999839204927065683e-01 5.626633099175625853e-03 -7.069342286210981725e-04 1.122473829586344118e+00 -5.626362975850955801e-03 9.999840983516059545e-01 3.835147839977997870e-04 9.264327998682012240e-04 7.090808841792223044e-04 -3.795311486987577973e-04 9.999996765801510978e-01 -4.225691707212477118e-03
9.999786824035299393e-01 6.442928659432754605e-03 -1.059909802602983578e-03 1.239613322815301011e+00 -6.442300511314444540e-03 9.999790711544319644e-01 5.949934800870578227e-04 -3.361792624475791122e-03 1.063721120459437241e-03 -5.881525387928906090e-04 9.999992612867116826e-01 -4.991454604296071719e-03
9.999709227513370324e-01 7.510023802810228237e-03 -1.324082444819923597e-03 1.362936257201220691e+00 -7.508767656409626699e-03 9.999713564750815076e-01 9.511244227218051744e-04 -1.991183997037861836e-02 1.331187485485496374e-03 -9.411545392043727020e-04 9.999986710831229031e-01 6.849893795448591671e-03
9.999655661144866148e-01 8.232842389065070723e-03 -1.042540901370475007e-03 1.476082802718879261e+00 -8.232359687034956561e-03 9.999660047597849211e-01 4.664533600283998619e-04 -9.898449173148905073e-03 1.046345696937062489e-03 -4.578547265382759907e-04 9.999993477646532680e-01 1.152019270861326210e-02
9.999595564774201861e-01 8.924794301277912123e-03 -1.110610715302665563e-03 1.576852456436000027e+00 -8.924453121451420695e-03 9.999601276706294728e-01 3.117778399797629441e-04 -7.932951535195185630e-03 1.113348985755938363e-03 -3.018536373207516047e-04 9.999993346689874940e-01 1.387447381856448184e-02
9.999467073804406692e-01 1.022235981805326085e-02 -1.444215622961227737e-03 1.653118225273177533e+00 -1.022153901056412767e-02 9.999475936235063811e-01 5.745840361103127106e-04 -1.417852778277036221e-02 1.450013541616381949e-03 -5.597913086921071620e-04 9.999987920464803448e-01 8.617293065758131407e-03
9.999361478999513331e-01 1.118803195962770128e-02 -1.589988640499947429e-03 1.754556665268303117e+00 -1.118711271249193603e-02 9.999372506641743819e-01 5.858697210465223324e-04 -2.671071617671568962e-02 1.596443598932032349e-03 -5.680449299016239895e-04 9.999985643453659367e-01 1.303725875399023779e-02
9.999225739856342221e-01 1.232505300360199098e-02 -1.714381055163429228e-03 1.881835215853026266e+00 -1.232317499011763469e-02 9.999234598445547739e-01 1.101730755667679022e-03 -2.122790511233055635e-02 1.727828726130277480e-03 -1.080518835303841867e-03 9.999979235413140044e-01 2.458028608067305831e-02
9.999150986424421017e-01 1.294520206524124063e-02 -1.489043439690941866e-03 2.038441956256828114e+00 -1.294286324317227461e-02 9.999150054848077174e-01 1.569744369499570351e-03 -1.414027960169050337e-02 1.509237537219631706e-03 -1.550338610468518031e-03 9.999976593233851352e-01 2.294077179926670360e-02
9.999161090623222004e-01 1.289029003872259327e-02 -1.270928945203927659e-03 2.210704611168216260e+00 -1.288937983987430841e-02 9.999166679905655553e-01 7.217769659581180003e-04 -1.278819640938606839e-02 1.280126950575544847e-03 -7.053349294874254561e-04 9.999989318882434031e-01 2.078146058558898862e-02
9.999331276201895990e-01 1.147413162867604898e-02 -1.443811301182579016e-03 2.353007364603284302e+00 -1.147383398295315736e-02 9.999341504435045325e-01 2.142674930624183141e-04 -2.358798087486795383e-02 1.446174760267877673e-03 -1.976871133127607516e-04 9.999989347486165636e-01 3.532516042810400492e-02
9.999518837973978558e-01 9.595131803354896294e-03 -2.040474383964632245e-03 2.458487663376650811e+00 -9.595235264365915145e-03 9.999539638331910174e-01 -4.092078583959122943e-05 -4.234004149568576514e-02 2.039987808011895724e-03 6.049764865182189844e-05 9.999979173927202591e-01 3.480690910856446690e-02
9.999774975194608562e-01 6.240446274270717436e-03 -2.461967711928807808e-03 2.612517788495840598e+00 -6.238203288134640603e-03 9.999801211403770429e-01 9.176839394557931903e-04 -1.242419961189804994e-02 2.467645528139200423e-03 -9.023050342149690215e-04 9.999965482796291383e-01 2.904066620198664239e-02
9.999933061019584679e-01 2.630344654705091528e-03 -2.543430414286877543e-03 2.785794900629783744e+00 -2.625414811194088857e-03 9.999946724330596171e-01 1.939665581227980381e-03 9.685444352742683671e-03 2.548518852984586226e-03 -1.932975037423434331e-03 9.999948843164951917e-01 3.088905623403775252e-02
9.999943718273178739e-01 -1.014273436399158344e-03 -3.198056141491659003e-03 2.985906423246140751e+00 1.021538452241257684e-03 9.999968997702715079e-01 2.270882875921537234e-03 2.610751954019918750e-03 3.195742930604714930e-03 -2.274137032321530295e-03 9.999923077343544353e-01 2.204604265967540638e-02
9.999837369177584367e-01 -4.387635011591444791e-03 -3.643426821052599563e-03 3.185642217683144484e+00 4.397020834775135917e-03 9.999870251813021138e-01 2.572095804662891810e-03 5.709516534764674800e-03 3.632094130644451194e-03 -2.588074198099434096e-03 9.999900548326324801e-01 2.631111675077698817e-02
9.999599355637226461e-01 -8.179405218361308905e-03 -3.636563992216142356e-03 3.353573580993766345e+00 8.185556190328541204e-03 9.999650869120844110e-01 1.679769854018940429e-03 1.584477114801385866e-02 3.622697510228162481e-03 -1.709469853884674475e-03 9.999919768555985966e-01 2.027233107394808484e-02
9.999116091485164004e-01 -1.283918717459461845e-02 -3.453862000760207687e-03 3.527540852579702957e+00 1.284405303816555169e-02 9.999165451389692150e-01 1.390344885445743807e-03 3.255999659568067223e-02 3.435722860965436960e-03 -1.434583578401732234e-03 9.999930688651692545e-01 2.480478829537736268e-02
9.998618124942866281e-01 -1.621893903582561844e-02 -3.647181403787108991e-03 3.713184438074135230e+00 1.622501262711856587e-02 9.998670177128937686e-01 1.641905957581370895e-03 3.097409688552722404e-02 3.620066420633971573e-03 -1.700854631022314821e-03 9.999920010743257315e-01 2.392108909940428296e-02
9.998183685461744519e-01 -1.849290501352311017e-02 -4.608945847683214130e-03 3.925456541131756794e+00 1.850694524215101833e-02 9.998241632909357079e-01 3.022495224873204735e-03 3.490817073156966127e-02 4.552240708715693703e-03 -3.107243753098442966e-03 9.999848109550408815e-01 2.288641885119033909e-02
9.997689401549034738e-01 -2.082156533612214769e-02 -5.341228182227780556e-03 4.147374231336946160e+00 2.084222876623715789e-02 9.997753926658781154e-01 3.842618878463605579e-03 4.344377875486915563e-02 5.260019163165085936e-03 -3.953054103207447913e-03 9.999783525465240075e-01 1.442649315372064069e-02
9.997271081088949796e-01 -2.271125052278884920e-02 -5.468858374191453917e-03 4.353921281749007832e+00 2.272883251032939422e-02 9.997366266078561159e-01 3.174522241449356536e-03 5.287847380724662594e-02 5.395320652494567382e-03 -3.297956706081241543e-03 9.999800067984467855e-01 8.699273133957423701e-03
9.996912777702565700e-01 -2.426325250477967890e-02 -5.351983553871268555e-03 4.572442589697044646e+00 2.427060331412102603e-02 9.997045635194586888e-01 1.312818775462315773e-03 7.089460877145399575e-02 5.318549129244140236e-03 -1.442309348902415548e-03 9.999848162741781232e-01 5.825249085935229644e-03
9.996434845908427347e-01 -2.605502205569136531e-02 -5.834341501396294108e-03 4.766047517320545879e+00 2.606501475005777030e-02 9.996588991297679083e-01 1.643288392171724909e-03 6.857334539537271456e-02 5.789535487131041401e-03 -1.794774731828995256e-03 9.999816298625215927e-01 2.561668666073167386e-02
9.995717378657096308e-01 -2.852184007981093186e-02 -6.545647300826023737e-03 4.974084968462516798e+00 2.853656335557286719e-02 9.995904003580873276e-01 2.167040334658656975e-03 6.962161009266744360e-02 6.481158228163884372e-03 -2.352902552243099805e-03 9.999762289362688072e-01 8.621396869165829507e-03
9.995020440918707116e-01 -3.085758278804429100e-02 -6.593439212659320259e-03 5.211317851528605161e+00 3.088545584639137975e-02 9.995142393243017231e-01 4.168213660918903413e-03 7.009313598450735150e-02 6.461615381052140776e-03 -4.369779449978558605e-03 9.999695758142974622e-01 1.975012087355431864e-02
9.995000162602462046e-01 -3.097127418532468618e-02 -6.363778052768593804e-03 5.454009153731351311e+00 3.099676127550368004e-02 9.995116949884914614e-01 3.946184443497672764e-03 9.613635369120550334e-02 6.238452227667870033e-03 -4.141467924553812220e-03 9.999719645856243178e-01 2.702874100249485004e-02
9.995132729049747145e-01 -3.054525387697206926e-02 -6.340721755199081773e-03 5.701075704320452964e+00 3.056807857475567561e-02 9.995264377071871875e-01 3.534529194654578276e-03 1.188903697409031679e-01 6.229755936880307723e-03 -3.726632524360970131e-03 9.999736508283582070e-01 3.116538753182673469e-02
9.995387176338339508e-01 -2.959230687966971779e-02 -6.829884658627647688e-03 5.921796844958516992e+00 2.961299779080987099e-02 9.995570903738886237e-01 2.948464876393787001e-03 1.239456088876349227e-01 6.739607759520939087e-03 -3.149358160846472965e-03 9.999723292323755564e-01 2.342529687570971478e-02
9.995712584765432673e-01 -2.836857522979744153e-02 -7.247286875152712804e-03 6.144135341471558043e+00 2.839120692602913054e-02 9.995922681839133350e-01 3.039203221719238759e-03 1.153586802981492049e-01 7.158114060479421094e-03 -3.243659410424619936e-03 9.999691195615624251e-01 2.529246620132580975e-02
9.996456605919278315e-01 -2.564253100812457012e-02 -7.142398982529088794e-03 6.391529961080470557e+00 2.567273339681523658e-02 9.996617057846660659e-01 4.169502083915833761e-03 1.085108697525384996e-01 7.033066163794441696e-03 -4.351389569907617404e-03 9.999658001097569970e-01 3.648298185568871199e-02
9.996993504496418659e-01 -2.357504762503936577e-02 -6.739869438003835353e-03 6.649836065296763188e+00 2.360797430889310239e-02 9.997095367761735796e-01 4.848260285827066078e-03 1.089869000086365752e-01 6.623613786661743108e-03 -5.005917323089800926e-03 9.999655336721159360e-01 3.936477964164868115e-02
9.997376813000619089e-01 -2.175213298583500085e-02 -7.170306781609243028e-03 6.906841278226246494e+00 2.179330267722748293e-02 9.997461663220145178e-01 5.714445104601846570e-03 1.303943204073214623e-01 7.044185346411029752e-03 -5.869210764771326701e-03 9.999579650254325491e-01 4.260687135595375707e-02
9.997976141993435428e-01 -1.873301810228772402e-02 -7.335166942882689195e-03 7.160068876961666717e+00 1.876954653160565686e-02 9.998116170250400669e-01 4.943135115751708109e-03 1.395950035213963103e-01 7.241185282706731965e-03 -5.079812452645086733e-03 9.999608796053710558e-01 5.378177224334473872e-02
9.998633180655033259e-01 -1.542712591935246555e-02 -5.945500223743849233e-03 7.395106074844856714e+00 1.545161191524258883e-02 9.998722323378583798e-01 4.094714755457080739e-03 1.504179197231561849e-01 5.881570900943731972e-03 -4.186022644022372070e-03 9.999739418295663373e-01 5.319711499014367212e-02
9.999060138164697076e-01 -1.290347598946085111e-02 -4.632908486832912343e-03 7.638531418001090145e+00 1.291851111487941385e-02 9.999113351285245921e-01 3.230162854436707549e-03 1.691000465769498529e-01 4.590817381763097338e-03 -3.289709543539207168e-03 9.999840509762575325e-01 4.145679916026375617e-02
9.999402575787116332e-01 -1.009973867169688087e-02 -4.180496643133830605e-03 7.908994109309984033e+00 1.011079218472110339e-02 9.999454222351938926e-01 2.631431602237408861e-03 1.724273309003559462e-01 4.153691709456228294e-03 -2.673542526929687489e-03 9.999877994333428166e-01 4.106371792811904647e-02
9.999639581743389183e-01 -7.550483706562491869e-03 -3.882337969058192659e-03 8.199136632169594208e+00 7.561489801275191394e-03 9.999674123467091613e-01 2.828094166004431736e-03 1.641246763129065311e-01 3.860857973853458469e-03 -2.857348495285684433e-03 9.999884646011083511e-01 3.717295837179133283e-02
9.999827878863560837e-01 -4.871964431223633520e-03 -3.269234407616719660e-03 8.477782623131313144e+00 4.887003728745755587e-03 9.999774408666621817e-01 4.608139789146375662e-03 1.424036099551653778e-01 3.246709963374977848e-03 -4.624037234060804705e-03 9.999840384496503365e-01 4.002444190424077342e-02
9.999914685304115425e-01 -2.503459902752880675e-03 -3.285658975961381484e-03 8.752094788280034621e+00 2.523358650894706474e-03 9.999784170985129839e-01 6.066135365390586121e-03 1.092823377553057834e-01 3.270401735255455949e-03 -6.074374508342077206e-03 9.999762029402612384e-01 4.382643601777460457e-02
9.999915516421505890e-01 -1.892284814096740694e-03 -3.649096121848172721e-03 9.019733980733985135e+00 1.915741219889599035e-03 9.999774584392584487e-01 6.435258265180912943e-03 1.106682784577781853e-01 3.636836524036297490e-03 -6.442194621672198140e-03 9.999726353998662498e-01 4.216247408165255117e-02
9.999932150513407558e-01 -1.644260666656039869e-03 -3.296400786177105732e-03 9.302036807069242741e+00 1.666041147167436924e-03 9.999767292613342962e-01 6.615530417134597371e-03 1.296943818719385466e-01 3.285446420041911869e-03 -6.620977470447687863e-03 9.999726838764930736e-01 4.517428903052514433e-02
9.999975194313790450e-01 -9.460607805903419086e-04 -2.016457311240263742e-03 9.620927270844337187e+00 9.579801928012544399e-04 9.999820277222801757e-01 5.918319557707437534e-03 1.519339728287932290e-01 2.010821980888907734e-03 -5.920236603073452016e-03 9.999804535057297272e-01 3.230500062770232800e-02
9.999998826644256322e-01 -4.838633863509630615e-04 -2.339569002730232451e-05 9.940898757667746111e+00 4.839628230860654494e-04 9.999899571321616554e-01 4.455492655522866156e-03 1.428889021125753778e-01 2.123960530331625349e-05 -4.455503455379269430e-03 9.999900739696561125e-01 1.786462389419593566e-02
9.999964506012145593e-01 -2.457657769527149278e-03 1.028933069022896227e-03 1.022604201241773936e+01 2.451834689878784699e-03 9.999811858167164669e-01 5.622856858129002613e-03 1.304232509427259157e-01 -1.042732768331868821e-03 -5.620314126575505671e-03 9.999836622552852328e-01 1.899083399271718486e-02
9.999764906584082125e-01 -6.765801897463273075e-03 1.114475293006277849e-03 1.051541164159252872e+01 6.754701412526574640e-03 9.999303349190958867e-01 9.679840774116295690e-03 1.548640579632144243e-01 -1.179889538071483140e-03 -9.672085259597085552e-03 9.999525281869180438e-01 2.435543835324895448e-02
9.999252044437203502e-01 -1.217754105448536420e-02 1.137106877266135093e-03 1.085466229009015393e+01 1.216169739617546999e-02 9.998411202073439474e-01 1.303178648411021032e-02 1.778751033817260185e-01 -1.295621328884787081e-03 -1.301698261464239413e-02 9.999144361039009610e-01 1.571005771810383631e-02
9.998460357240558372e-01 -1.727152686521859354e-02 3.098258645439950186e-03 1.117820934189250792e+01 1.722883907126691178e-02 9.997629419875132539e-01 1.331266061794720429e-02 1.887899916858430671e-01 -3.327454153913704787e-03 -1.325723154419082388e-02 9.999065825669102292e-01 7.973512756438091292e-03
9.997286031851214672e-01 -2.271880519887373162e-02 5.155178353989278706e-03 1.149827202046208896e+01 2.266499513105950034e-02 9.996903969255712674e-01 1.026685397298873065e-02 1.869318319686034124e-01 -5.386832950339269337e-03 -1.014722548922872801e-02 9.999340057451970853e-01 1.056736846212955050e-02
9.995523354527220405e-01 -2.968581987707096664e-02 3.725693121433468723e-03 1.180602630393519092e+01 2.966123608509399490e-02 9.995389468871632710e-01 6.488815732083709834e-03 2.104636195286596900e-01 -3.916601194060499030e-03 -6.375402256071189058e-03 9.999720068487717439e-01 2.343853247982926116e-02
9.992419085030912473e-01 -3.892602905978401195e-02 -6.103709827304584778e-04 1.214480962976358036e+01 3.892839795132489733e-02 9.992317536196986261e-01 4.525747567533110020e-03 2.330062937595184791e-01 4.337326861012940921e-04 -4.546077401298679981e-03 9.999895724737425384e-01 4.795048809721051686e-02
9.986853845097477533e-01 -5.107622102440369932e-02 -4.326940314287018759e-03 1.245122515710011335e+01 5.110269176958241039e-02 9.986738751603145836e-01 6.245475657088496793e-03 2.588210363887105681e-01 4.002206956192419854e-03 -6.458383555232084100e-03 9.999711353940838876e-01 6.650001311671840942e-02
9.978749461572347101e-01 -6.471584949553681188e-02 -7.579621083322883243e-03 1.277991374425513982e+01 6.478509695325494755e-02 9.978561124454981002e-01 9.277395535102192503e-03 2.848062002979566132e-01 6.962976694854267935e-03 -9.748727056821478512e-03 9.999282370631996653e-01 5.193536132131711808e-02
9.967489597074576935e-01 -7.997429763427030269e-02 -9.778703390831354827e-03 1.310147076446200742e+01 8.007488580799948519e-02 9.967349309294432080e-01 1.036774459146350136e-02 2.913414979832647522e-01 8.917622157086005710e-03 -1.111706719342498220e-02 9.998984382586465491e-01 2.589437845032374966e-02
9.951564052807685412e-01 -9.743565947224187840e-02 -1.303922129070462718e-02 1.342872858016852788e+01 9.755575261077668869e-02 9.951901457763731029e-01 8.913410242210682149e-03 3.591587356785411189e-01 1.210802053201029058e-02 -1.014228834190431840e-02 9.998752571326015026e-01 2.993417839584358239e-02
9.929505648324586931e-01 -1.171496767456830373e-01 -1.803133487247401620e-02 1.375324979008579263e+01 1.172453735206421127e-01 9.930934879570069151e-01 4.341263110110527186e-03 4.277087501693023208e-01 1.739822367100863146e-02 -6.424750249469559499e-03 9.998279974062166398e-01 2.963347486902633693e-02
9.901236369879030663e-01 -1.387491744321317777e-01 -2.009602130395697975e-02 1.408372156399506991e+01 1.388190503490471517e-01 9.903154976739159121e-01 2.118095147294326869e-03 4.696577262819330301e-01 1.960751738583797754e-02 -4.886886663935012878e-03 9.997958109537656846e-01 5.283414192834328532e-02
9.866663855936904648e-01 -1.616105458248369431e-01 -1.927368718437428782e-02 1.443075780873918390e+01 1.617140841970726994e-01 9.868298287159732451e-01 3.929901869635832497e-03 5.279838603688876697e-01 1.838473583669143069e-02 -6.994328745573419152e-03 9.998065217098826007e-01 6.476102016867633926e-02
9.824631568617062660e-01 -1.856886257274638352e-01 -1.690797695694344280e-02 1.477171993475254475e+01 1.858012324066281307e-01 9.825728483512959910e-01 5.338512807854930639e-03 6.179966750309410228e-01 1.562201797172294709e-02 -8.386415102254766649e-03 9.998427979418683664e-01 7.487472932905399337e-02
9.778275323640197580e-01 -2.089071382793867004e-01 -1.453012480363519328e-02 1.507828585598219462e+01 2.090142332520618373e-01 9.778924761047377290e-01 6.273394280421723014e-03 7.362701641956324039e-01 1.289834287591651307e-02 -9.171300543659902105e-03 9.998747521551852868e-01 8.554826797298856200e-02
9.723782345193024979e-01 -2.329836765429502132e-01 -1.411295495827724449e-02 1.540919294293895270e+01 2.330932312829961384e-01 9.724315280522007887e-01 6.668491592062869566e-03 8.610619361986125986e-01 1.217023266729486131e-02 -9.773930355373128612e-03 9.998781704398952419e-01 6.941605680885287732e-02
9.662329699931466731e-01 -2.572410343819989675e-01 -1.486263530811934852e-02 1.576406997386828657e+01 2.573383033332499181e-01 9.663083393683808975e-01 5.019054162528047668e-03 9.353494151125280043e-01 1.307078175883867772e-02 -8.674300963268231912e-03 9.998769480126099563e-01 7.968317285696334407e-02
9.592310585898170538e-01 -2.822080121968617572e-01 -1.531058746603839935e-02 1.611167271930323608e+01 2.822655580842323708e-01 9.593348158739226639e-01 1.692858985268101257e-03 1.010475869334337640e+00 1.421024123849142472e-02 -5.945494432180785903e-03 9.998813530313988007e-01 1.035080726234155618e-01
9.517517699918087715e-01 -3.065141832109664066e-01 -1.475207808999818085e-02 1.641530408879313896e+01 3.065283052611515457e-01 9.518605864194518151e-01 -1.349849970822152240e-03 1.142832289011343150e+00 1.445566986291511001e-02 -3.237207397053932893e-03 9.998902710283178452e-01 1.301854839444070711e-01
9.433633956807978560e-01 -3.313974632906098172e-01 -1.553142022300096556e-02 1.671767406224408603e+01 3.314107092572122770e-01 9.434848940162502418e-01 -1.787890594103686915e-03 1.278396770976770513e+00 1.524616277054701742e-02 -3.460648449917144535e-03 9.998777817478894381e-01 1.468995273904435128e-01
9.338833259822822974e-01 -3.571257230650021763e-01 -1.797641169893103574e-02 1.702528035849774568e+01 3.571732852942591241e-01 9.340379453011165012e-01 -6.008408891470582271e-04 1.426006184584936332e+00 1.700522638414016241e-02 -5.859578736366546567e-03 9.998382307216785447e-01 1.395169145358818585e-01
9.235729931668660297e-01 -3.828252409002614876e-01 -2.139535516071112281e-02 1.732952488194369423e+01 3.829355191101299072e-01 9.237743492465355644e-01 1.157530991050331791e-03 1.572581437690337758e+00 1.932134820998605493e-02 -9.262105797100274318e-03 9.997704230969987060e-01 1.350543854321807069e-01
9.123849047130666579e-01 -4.086028354565813814e-01 -2.444398716597217386e-02 1.761331641499086231e+01 4.087541288032779940e-01 9.126435841697232432e-01 1.323049551026526027e-03 1.732910848955845351e+00 2.176804626055256486e-02 -1.119871111704946395e-02 9.997003256132885873e-01 1.760292026711390290e-01
9.002062399929043890e-01 -4.346768253740924126e-01 -2.616835800233130796e-02 1.791265803054496786e+01 4.348080861799490937e-01 9.005228345216704788e-01 -7.434363361475999779e-04 1.884543422976376004e+00 2.388835846950161310e-02 -1.070896763262790125e-02 9.996572734401905080e-01 2.246883266517619160e-01
8.871715371799285821e-01 -4.606971116419038559e-01 -2.616935120727787584e-02 1.820642751353582511e+01 4.607200884006564801e-01 8.875284261738651814e-01 -5.503896568185864119e-03 2.060624002429669588e+00 2.576167234272547582e-02 -7.173845422728101530e-03 9.996423721411357155e-01 1.957300251787880419e-01
8.733238870536441656e-01 -4.864650801832332561e-01 -2.563423616638948327e-02 1.851278040363598265e+01 4.864308806768435356e-01 8.736826742743788454e-01 -7.973894702079722951e-03 2.238293357630868119e+00 2.627520933245203888e-02 -5.505491357718303273e-03 9.996395865207849951e-01 1.663681510257724039e-01
8.589011375704037610e-01 -5.115357093658112753e-01 -2.490088199005619646e-02 1.880432542570447652e+01 5.115264723744112896e-01 8.592371705263013304e-01 -7.221692748008417401e-03 2.429896534548055431e+00 2.508991710741963893e-02 -6.534740206936590079e-03 9.996638401132506013e-01 1.845788781907614085e-01
8.437156374527905456e-01 -5.362490996514365227e-01 -2.410033694070471549e-02 1.907688317626328356e+01 5.362745008883981201e-01 8.440227108590607763e-01 -5.943336690959629375e-03 2.633023479270082401e+00 2.352834066676280991e-02 -7.909910059309079380e-03 9.996918777845114068e-01 2.159953841893372806e-01
8.271085761703007577e-01 -5.615636840417748132e-01 -2.318689265441594566e-02 1.932784156086871974e+01 5.615917820388725001e-01 8.273934365092265875e-01 -5.896742139174610160e-03 2.860837450850586272e+00 2.249607903482701843e-02 -8.144322370961369975e-03 9.997137572531332728e-01 2.378315071470507858e-01
8.093617280471188113e-01 -5.868527438366241133e-01 -2.318297271722061584e-02 1.957929901818170748e+01 5.868743181174170820e-01 8.096513256369773925e-01 -6.577661324674353646e-03 3.057714706498030566e+00 2.263024318911674090e-02 -8.281783969106394985e-03 9.997095999076384132e-01 2.426748189088224206e-01
7.907736947296714058e-01 -6.116877609048214648e-01 -2.269464436449086797e-02 1.985949763490732067e+01 6.116866402391920587e-01 7.910616876800848907e-01 -7.801309994181174212e-03 3.270737934442995876e+00 2.272482951473855928e-02 -7.712940034908566216e-03 9.997120048691743310e-01 2.275093213095355782e-01
7.717577321728096296e-01 -6.354861443839202595e-01 -2.339579294533335185e-02 2.014060560479072137e+01 6.354657385978582651e-01 7.720736175244750088e-01 -9.253334045035699340e-03 3.481069407778865088e+00 2.394364006913331580e-02 -7.725892746454613227e-03 9.996834562407792557e-01 2.326473581668005719e-01
7.527086667957929578e-01 -6.578763646445493496e-01 -2.506694581659449708e-02 2.038353995218446357e+01 6.578736759866363748e-01 7.530681735040405389e-01 -9.515907687588710459e-03 3.726996881966212705e+00 2.513740985723155255e-02 -9.328177601244116990e-03 9.996404832380035854e-01 2.873595516331036159e-01
7.327819095330987409e-01 -6.800039847821441885e-01 -2.500507431364307545e-02 2.058007408296225904e+01 6.799021080114977522e-01 7.331752370623756399e-01 -1.368193261387593354e-02 4.013062189462772267e+00 2.763686998462399833e-02 -6.975130029930888889e-03 9.995936929465484289e-01 2.946806910998667206e-01
7.115650212436750444e-01 -7.022424464510559350e-01 -2.303837982420191971e-02 2.078278947840214386e+01 7.020483875923608785e-01 7.119262189940162022e-01 -1.700353456932592044e-02 4.274910617982146555e+00 2.834223035427063317e-02 -4.074936971281380334e-03 9.995899723722850849e-01 2.900297039978700919e-01
6.895585325245401354e-01 -7.238168067859218624e-01 -2.445936296869251347e-02 2.103145651717756692e+01 7.236498746877051413e-01 6.899646249405924081e-01 -1.672349231041489817e-02 4.509976834231080645e+00 2.898083999941317851e-02 -6.168188130980301921e-03 9.995609357953667562e-01 3.111902766054330804e-01
6.675213047777167619e-01 -7.441046319930146868e-01 -2.689989431939283915e-02 2.126458020484582434e+01 7.439777101577915719e-01 6.680020025105992687e-01 -1.644662367169434994e-02 4.738856832309740419e+00 3.020719212743164239e-02 -9.034450086710978101e-03 9.995028285379722321e-01 3.176330921853601774e-01
6.452544000963575943e-01 -7.634610184349203132e-01 -2.782143933379500542e-02 2.145246706745151499e+01 7.632134513201030979e-01 6.458076107028299928e-01 -2.092265954315280715e-02 5.034197219929636091e+00 3.394093222565443269e-02 -7.733258602701158745e-03 9.993939212497929825e-01 3.186594344871424567e-01
6.229896195604082143e-01 -7.817275836984804993e-01 -2.803424343393133567e-02 2.165669547026241304e+01 7.813441943171703929e-01 6.235894835080022514e-01 -2.524690208867158558e-02 5.351539168568234750e+00 3.721805914915220226e-02 -6.175835421876105409e-03 9.992880841529193647e-01 3.009902187516518834e-01
6.007931179764046670e-01 -7.989630741372135692e-01 -2.656380163686723403e-02 2.186346519795549881e+01 7.985946533832304350e-01 6.013483952995256621e-01 -2.503371842941636699e-02 5.656836254939361375e+00 3.597511612083695298e-02 -6.173624210982446743e-03 9.993336166587182268e-01 3.278559173873517030e-01
5.776430000349715987e-01 -8.159199573231524782e-01 -2.455988095213383973e-02 2.205895017447912565e+01 8.156342738062402065e-01 5.781232998910411647e-01 -2.267557090043631832e-02 5.947553295091419834e+00 3.270009026234085153e-02 -6.933495862727652795e-03 9.994411592144664125e-01 3.748939189011847306e-01
5.532288533579488021e-01 -8.326949401201093615e-01 -2.360026505394854229e-02 2.224089521097658562e+01 8.324420455438024113e-01 5.536805442119603349e-01 -2.186540125397346684e-02 6.238923888341430413e+00 3.127421658649634506e-02 -7.549282052937652567e-03 9.994823318685459590e-01 4.045663473855510839e-01
5.285845608580616029e-01 -8.485801869620706039e-01 -2.258380654157714912e-02 2.241219701764314465e+01 8.482822726101169053e-01 5.290237398394794788e-01 -2.347485168570918879e-02 6.527578503069245031e+00 3.186766382880244775e-02 -6.748998567777574065e-03 9.994693106946439531e-01 3.894712160582710636e-01
5.037342471906053332e-01 -8.636038495195418330e-01 -2.098092710875699637e-02 2.257647108597704388e+01 8.631870748960700501e-01 5.041516621306799673e-01 -2.718777856389831965e-02 6.854101793561809153e+00 3.405703950258993917e-02 -4.415049931945412218e-03 9.994101387290492688e-01 3.836045545621422637e-01
4.786664142847537606e-01 -8.777961952635841003e-01 -1.876974737583115768e-02 2.272107986609794494e+01 8.772568064690783318e-01 4.790312062836156182e-01 -3.081556279120176156e-02 7.208606257152940344e+00 3.604107850010609959e-02 -1.715513695721779990e-03 9.993488368299174862e-01 4.111775781703222998e-01
4.528275400000701945e-01 -8.914489279415462875e-01 -1.631036141085372496e-02 2.284553071884150910e+01 8.909004904702302330e-01 4.531210327687363870e-01 -3.126732707631201674e-02 7.555524570149691144e+00 3.526379300909342901e-02 -3.722021783323316204e-04 9.993779697232425541e-01 4.657359244048716596e-01
4.262696539038558496e-01 -9.044682378863956318e-01 -1.521146986208958551e-02 2.298009287045518434e+01 9.038819760613977516e-01 4.265409590089082048e-01 -3.256046128517739446e-02 7.865977230056338421e+00 3.593821798628341058e-02 1.301631252385290272e-04 9.993540051180719308e-01 4.750916771261409766e-01
3.992503476714440724e-01 -9.167022377874635142e-01 -1.600522163819140253e-02 2.312906515674710661e+01 9.160318802643311331e-01 3.995704763618158628e-01 -3.505750646274703730e-02 8.174089199152986041e+00 3.853250865989726881e-02 -6.645716275341708714e-04 9.992571261296698815e-01 4.800115259834988324e-01
3.719383688514372177e-01 -9.281133716074176920e-01 -1.635295751977364903e-02 2.325945107889997843e+01 9.273402159776436005e-01 3.722961466003311126e-01 -3.789067242847380529e-02 8.505967944984600848e+00 4.125498281019368552e-02 -1.071760260529454290e-03 9.991480759743646134e-01 4.781181387264675786e-01
3.433927305593832413e-01 -9.390663867828510369e-01 -1.535427671926174915e-02 2.337556580138321394e+01 9.381719071967509205e-01 3.437356691417938759e-01 -4.097880313594214063e-02 8.871161470244805614e+00 4.375962917783866174e-02 -3.331279694298783429e-04 9.990420330896864209e-01 4.941070553685218414e-01
3.137506981537369621e-01 -9.494118587201668680e-01 -1.332748774377511339e-02 2.346226494394001350e+01 9.484746185522284767e-01 3.140330726561386121e-01 -4.217970175747143280e-02 9.215459785640653934e+00 4.423118097278796318e-02 5.931270202864666677e-04 9.990211463377991485e-01 4.973732814489756349e-01
2.832203388851883830e-01 -9.589897821518871268e-01 -1.117306448719243214e-02 2.354528304364861668e+01 9.580846317795528311e-01 2.834385185436980592e-01 -4.167066778433544533e-02 9.556563791909360006e+00 4.312862146646654488e-02 1.097239276390621831e-03 9.990689255884063202e-01 5.221065633921078142e-01
2.528218058160751625e-01 -9.674686102149895328e-01 -9.253256322812829920e-03 2.361720225506434190e+01 9.665654581311772242e-01 2.529858286973949433e-01 -4.182565750780677799e-02 9.906387834758543676e+00 4.280595345938217194e-02 1.630560323703606970e-03 9.990820745171359318e-01 5.661762226456285019e-01
2.220351824928739615e-01 -9.750006808486987309e-01 -8.605235611534353679e-03 2.367465500008357537e+01 9.740783815316597094e-01 2.221994643698720906e-01 -4.241113847097720269e-02 1.026856504537448345e+01 4.326296762843070270e-02 1.034590892951990290e-03 9.990631838145501709e-01 5.989969500319701767e-01
1.901402619976247932e-01 -9.817330307733654893e-01 -6.851062400576025252e-03 2.373862203281162664e+01 9.808017308507069876e-01 1.902583970691620330e-01 -4.277507574429863235e-02 1.063767379862368045e+01 4.329717690256497387e-02 1.413730248338024385e-03 9.990612372818059583e-01 5.838324077892760311e-01
1.578115521922068831e-01 -9.874661958666709483e-01 -2.454794348160373955e-03 2.377064777910832305e+01 9.866104344581080321e-01 1.577774717842950203e-01 -4.130520567361001955e-02 1.100400046583921565e+01 4.117480556201324332e-02 4.096512902626928999e-03 9.991435602399532101e-01 5.739338425814997091e-01
1.261785628883458077e-01 -9.920070078425412552e-01 1.032791711985531864e-03 2.379178554257181588e+01 9.912071467854733919e-01 1.260348738019467507e-01 -4.029395422552529971e-02 1.135238670526153371e+01 3.984171719232388470e-02 6.107943763326439610e-03 9.991873350849433955e-01 6.122510529341085306e-01
9.447253191231057279e-02 -9.955212678370493062e-01 3.513687264414020340e-03 2.381146315815129810e+01 9.946666464378801642e-01 9.424351034831526808e-02 -4.190970318731659233e-02 1.171627189261777779e+01 4.139085862964728135e-02 7.454263299725432008e-03 9.991152239759731879e-01 6.539115387409082381e-01
6.190234457287446812e-02 -9.980660671026967412e-01 5.676745065328519906e-03 2.380921366265176431e+01 9.971169984285154220e-01 6.159140493772585073e-02 -4.431918639489818706e-02 1.210230695669428691e+01 4.388383735830048149e-02 8.403840547790700916e-03 9.990012934339762563e-01 6.980315235771415994e-01
2.920766567301029751e-02 -9.995509515543840040e-01 6.693841397836994972e-03 2.378488185215212170e+01 9.984858112943021391e-01 2.886293037581726117e-02 -4.682964759722721415e-02 1.246452421724326953e+01 4.661541493855239637e-02 8.051490349399370236e-03 9.988804616135307235e-01 7.155528005527136415e-01
-3.854211562559965807e-03 -9.999661303325075856e-01 7.272086431135161948e-03 2.376203461432359276e+01 9.988639465160982223e-01 -4.195166911713541641e-03 -4.746806215623795150e-02 1.280796877477946794e+01 4.749696204513121495e-02 7.080872997994955981e-03 9.988462843871772634e-01 7.030321776860183336e-01
-3.652664434782783992e-02 -9.992887222883007903e-01 9.373033665940255429e-03 2.373964470965237084e+01 9.981217847943711918e-01 -3.694236509465012586e-02 -4.886884877007920819e-02 1.317994450096063019e+01 4.918035147888424885e-02 7.570414032873553842e-03 9.987612236464651350e-01 7.066989064549615840e-01
-6.809393462020196797e-02 -9.976126441238176712e-01 1.149905875388327302e-02 2.371707085978520269e+01 9.962789338173548837e-01 -6.860424504900287934e-02 -5.217033249857347399e-02 1.352966842708149287e+01 5.283466759330488621e-02 7.903786784949892730e-03 9.985719944274239479e-01 7.321934414350697029e-01
-9.975777088634069090e-02 -9.949185744800220776e-01 1.361680221011046625e-02 2.365295697986866941e+01 9.934908186065581903e-01 -1.003523323471845058e-01 -5.390178788269649190e-02 1.388134575154882100e+01 5.499436782307179361e-02 8.151045768560051530e-03 9.984533939852273665e-01 7.557553365203264484e-01
-1.331472402223698726e-01 -9.909446848831497956e-01 1.733331829171062821e-02 2.356201769318109029e+01 9.894909665767479545e-01 -1.339062524832221879e-01 -5.455953270431189439e-02 1.425575510891207642e+01 5.638651863858810953e-02 9.886710663045920194e-03 9.983600620357795385e-01 7.664874792726426023e-01
-1.658482467355892609e-01 -9.859545581286420779e-01 1.969691245056317749e-02 2.346710734088399164e+01 9.845117646887652230e-01 -1.666907526163834141e-01 -5.432106572589423532e-02 1.460443603337123974e+01 5.684139551545436264e-02 1.038278852417578654e-02 9.983292309946243392e-01 7.964477534992012719e-01
-1.970359921124569813e-01 -9.802076722896038152e-01 1.922854640518949568e-02 2.337311350760070994e+01 9.788437342946929576e-01 -1.977894629875001642e-01 -5.238580115963818729e-02 1.496568473147516443e+01 5.515216808322761372e-02 8.499853864219274191e-03 9.984417813973964773e-01 8.614009654760528267e-01
