1.000000000000000000e+00 0.000000000000000000e+00 0.000000000000000000e+00 0.000000000000000000e+00 0.000000000000000000e+00 1.000000000000000000e+00 0.000000000000000000e+00 0.000000000000000000e+00 0.000000000000000000e+00 0.000000000000000000e+00 1.000000000000000000e+00 0.000000000000000000e+00
9.999999710295610633e-01 -2.078385940667829739e-04 1.214248568565671127e-04 -6.495230980647413374e-03 2.078415241981604149e-04 9.999999781100843421e-01 -2.411911170706168542e-05 5.319439552379709029e-05 -1.214198413163199256e-04 2.414434813564504526e-05 9.999999923371362121e-01 -1.916642366354171911e-03
9.999999877850794805e-01 -6.619614571198200511e-05 -1.415906463202176735e-04 5.690563191951441332e-04 6.617410612593613046e-05 9.999999856960833933e-01 -1.556560978139792488e-04 -1.296991454870552842e-03 1.416009481286487255e-04 1.556467262781963362e-04 9.999999778616337487e-01 -4.990118373434167254e-03
9.999999937644261649e-01 -9.481518240093808256e-05 -5.900193962033093678e-05 -1.510789241558374444e-03 9.481431611375042785e-05 9.999999953972984468e-01 -1.468497491629555443e-05 -1.608644289286720503e-04 5.900333170733786412e-05 1.467938059617182141e-05 9.999999981515612646e-01 -3.989416001832991193e-03
9.999999994519073176e-01 2.900570384621510374e-05 -1.596416231563237888e-05 -6.781247740537691727e-03 -2.900506228181056923e-05 9.999999987718736216e-01 4.018655452420480465e-05 -3.880001547309442017e-04 1.596532793532550170e-05 -4.018609146065661193e-05 9.999999990650931814e-01 3.499196873104007269e-04
9.999999908572290153e-01 1.340964415552331577e-04 -1.742659322142226034e-05 -4.414570554374218012e-03 -1.340960956595723026e-04 9.999999908121394165e-01 1.984837810352126436e-05 -5.131287148393370509e-03 1.742925465818347897e-05 -1.984604108394045165e-05 9.999999996511779177e-01 1.291161424093174132e-04
9.999999919361632905e-01 1.269664362342456433e-04 -2.682817436928994927e-06 9.220874688101577234e-04 -1.269664940005312134e-04 9.999999917077093681e-01 -2.154275959419031685e-05 -6.029725470835177806e-03 2.680082207269967942e-06 2.154310004839702700e-05 9.999999997643560512e-01 -2.736737851876588305e-03
9.999999986474044089e-01 3.394759757190259726e-05 -3.940497300802481637e-05 -9.054116124656054216e-04 -3.394681003808570381e-05 9.999999992240841129e-01 1.998614216910173197e-05 -8.882998767999281814e-04 3.940565145896123862e-05 -1.998480446893530159e-05 9.999999990239011316e-01 -4.263228422664255141e-03
9.999999955512433036e-01 -9.021106030793196858e-05 -2.755862843657869133e-05 -2.561196945759957721e-03 9.021080262080262988e-05 9.999999958872792805e-01 -9.351606265177885949e-06 2.424216572365196776e-03 2.755947194155451257e-05 9.349120137584472721e-06 9.999999995765347371e-01 -1.961340994449032454e-03
9.999999900127229946e-01 -1.409559577863878880e-04 1.029426626802309085e-05 -1.352345123316064414e-03 1.409561025135294004e-04 9.999999899668519099e-01 -1.405963301532642283e-05 1.325825711622944259e-03 -1.029228437570138847e-05 1.406108391456034684e-05 9.999999998481774455e-01 -4.481723037088784583e-04
9.999999960431448232e-01 -8.895793434582871626e-05 -4.431257173767535839e-07 -1.881593773728711940e-03 8.895792790073732100e-05 9.999999959377781078e-01 -1.452345893532023071e-05 -4.964744015024176449e-03 4.444176924831211206e-07 1.452341945830739059e-05 9.999999998944364421e-01 -1.231400650658680479e-03
9.999999957988724431e-01 -7.228892369246725047e-05 -5.636103778234710020e-05 -4.363838771144577106e-03 7.228879054143130421e-05 9.999999973843699541e-01 -2.364499564414391054e-06 -7.458148556726303460e-03 5.636120856205605788e-05 2.360425283225880191e-06 9.999999984089212868e-01 -2.098053079493992449e-03
9.999999959441534525e-01 -6.810352955106956129e-05 -5.893727481326308318e-05 -8.313168800947118645e-03 6.810250892303783277e-05 9.999999975310498446e-01 -1.731902440459247045e-05 -4.806559056641075689e-03 5.893845415444022107e-05 1.731501055806529247e-05 9.999999981132244864e-01 -8.430614855114609884e-04
9.999999971855898506e-01 -7.457859293204316192e-05 8.176413480556960541e-06 -8.072988590252266894e-03 7.457849305469965143e-05 9.999999971444220037e-01 1.221492445657657906e-05 -8.007857229397160508e-04 -8.177324429087315581e-06 -1.221431463760280004e-05 9.999999998919709698e-01 -6.249540217466174668e-04
9.999999994233816913e-01 -3.383440430693320346e-05 2.910279427379981016e-06 -3.708519788066869539e-03 3.383433356858352311e-05 9.999999991323011983e-01 2.430299318476418627e-05 2.105750213536006568e-03 -2.911101702152016151e-06 -2.430289470338571151e-05 9.999999997004473951e-01 3.678447064634182307e-06
9.999999981438900676e-01 -3.499003739208297588e-05 -4.987902587436240741e-05 -2.221582238852740261e-03 3.498705378159627132e-05 9.999999975989429801e-01 -5.981655337371678149e-05 -1.462391308786037056e-03 4.988111873803923629e-05 5.981480814252984493e-05 9.999999969670313460e-01 4.699766483362055646e-04
9.999999998618378516e-01 9.995762802122233240e-07 -1.659292542125088415e-05 -5.556749560828506615e-03 -1.000106350035805480e-06 9.999999994892406763e-01 -3.194555405336698767e-05 -5.105422988414909033e-03 1.659289348075780740e-05 3.194557064364340188e-05 9.999999993520781727e-01 -2.135858584930317317e-03
9.999999970459581000e-01 4.794888893620418472e-06 7.671435814386016083e-05 -2.860319502056903919e-03 -4.797515477465623691e-06 9.999999994023598404e-01 3.423834341199624086e-05 -5.460057646290861037e-03 -7.671419392896001934e-05 -3.423871134917528337e-05 9.999999964713215395e-01 -4.073591966916346140e-03
9.999999996730981611e-01 -2.508174145420942016e-05 4.970909997514685882e-06 -2.661822522141621492e-03 2.508170725898879386e-05 9.999999996617936482e-01 6.879009495785032619e-06 -1.690281925457420408e-03 -4.971082533371126419e-06 -6.878884814626903992e-06 9.999999999639845871e-01 -1.785437691250978728e-03
9.999999939914189229e-01 -1.017373170719179345e-04 -4.082499706992246281e-05 -2.527727153474203410e-03 1.017370680628001522e-04 9.999999948061706334e-01 -6.101458048235720180e-06 -8.824661402667885717e-04 4.082561760385644653e-05 6.097304596069047790e-06 9.999999991480459371e-01 -4.470797993208780073e-04
9.999999864353613654e-01 -1.621338733156770591e-04 -2.901524245647091506e-05 4.291463420941086702e-04 1.621338776407398822e-04 9.999999868562919891e-01 1.467096351579392929e-07 1.436972584904049467e-04 2.901521828850163652e-05 -1.514139869380299455e-07 9.999999995790470608e-01 -4.519917014276406369e-04
9.999999957704235332e-01 -8.412283937348455528e-05 3.718199626360030541e-05 -2.842558329520452503e-04 8.412116076649335560e-05 9.999999954427818416e-01 4.514495160604756234e-05 5.928714771104713795e-04 -3.718579381566631414e-05 -4.514182362241823254e-05 9.999999982897161965e-01 -1.817593902688644913e-03
9.999999985329433017e-01 -1.510947021147743814e-05 5.201747084881408055e-05 -6.051266995602634646e-03 1.510881294164641522e-05 9.999999998060284945e-01 1.263592894806741873e-05 -4.427197614646151587e-03 -5.201766176091620020e-05 -1.263514300729304481e-05 9.999999985672579639e-01 -2.251136394999297095e-03
9.999999988274649310e-01 -4.551941105086529073e-05 1.652432636798672981e-05 -6.326124304045359879e-03 4.551945929743470259e-05 9.999999989597280203e-01 -2.919365530625963337e-06 -6.123945740778907396e-03 -1.652419346299734097e-05 2.920117705604430388e-06 9.999999998592119521e-01 -1.277908532304348728e-03
9.999999980400158250e-01 -3.492771301987171472e-05 -5.196174725191487229e-05 -1.271818622386440860e-03 3.492715104789230593e-05 9.999999993315543678e-01 -1.081597749356555613e-05 -5.760791975144680631e-03 5.196212499453919568e-05 1.081416259657143214e-05 9.999999985914956868e-01 -1.037754928892243612e-03
9.999999981850133945e-01 -4.156075105493610688e-05 -4.361968706215044238e-05 3.029930016253249195e-04 4.156074252842854291e-05 9.999999991363330842e-01 -1.963802513285919789e-07 -4.154876178224736240e-03 4.361969518618830923e-05 1.945673843890038129e-07 9.999999990486421186e-01 -1.016836150218859616e-03
9.999999988855587940e-01 -4.010203431245891725e-05 2.491403561540154015e-05 -3.319678422779756468e-03 4.010158730349215589e-05 9.999999990349683898e-01 1.794229424682051809e-05 -1.207244678598953834e-03 -2.491475511385823411e-05 -1.794129513445058002e-05 9.999999995286824594e-01 -3.870425442259496098e-04
9.999999961865673193e-01 -4.908639193446994955e-05 7.223151316324560053e-05 -4.150455094983251242e-03 4.908572381122608587e-05 9.999999987525007850e-01 9.251490997015289491e-06 3.777292222638376938e-04 -7.223196719544991711e-05 -9.247945425629751140e-06 9.999999973485091953e-01 -1.261263215701787909e-03
9.999999983966194606e-01 -5.527785312989587656e-05 -1.229308928353441709e-05 -3.590712312690235060e-03 5.527760461459267822e-05 9.999999982678645649e-01 -2.021527541036121612e-05 -1.596700978214280571e-03 1.229420671926623800e-05 2.021459584541952656e-05 9.999999997201113322e-01 -1.476024460645182631e-03
9.999999979039279063e-01 -5.698008227811283033e-05 -3.074759361313879628e-05 -2.890399152853323408e-03 5.697999459154951804e-05 9.999999983725711417e-01 -2.852687191659770517e-06 -3.169270088387806262e-03 3.074775610945017229e-05 2.850935187962552090e-06 9.999999995232238259e-01 -2.870758471245486807e-03
9.999999986755860881e-01 -4.887492629845911952e-05 -1.612666501639068743e-05 -2.951725632909150097e-03 4.887467601916241534e-05 9.999999986852036171e-01 -1.551962331787796936e-05 1.746438526360463792e-03 1.612742351563324503e-05 1.551883511179563029e-05 9.999999997495360171e-01 -1.885014630257245659e-03
9.999999902984068045e-01 -1.287857613733025066e-04 5.307931710620008122e-05 -3.703884292283095465e-03 1.287849132090395623e-04 9.999999915795061423e-01 1.598229382632214326e-05 5.574965769743053454e-03 -5.308137495112493989e-05 -1.597545785602171389e-05 9.999999984635762340e-01 2.792648891779176985e-04
9.999999970567001739e-01 -7.420200253538767677e-05 1.951057195328502767e-05 -4.826948637936695832e-03 7.420193841865447312e-05 9.999999972416341310e-01 3.286959277746443567e-06 -1.428636048913095851e-04 -1.951081579842838814e-05 -3.285511545813346854e-06 9.999999998042667926e-01 2.147844178598662650e-03
9.999999981832010665e-01 -5.124686034750704661e-05 -3.173888943099472277e-05 -5.978701678293824213e-03 5.124686164344693061e-05 9.999999986868788326e-01 4.001803454388094631e-08 -2.624527371829082044e-03 3.173888733851908882e-05 -4.164455294656306682e-08 9.999999994963206795e-01 -5.854005809221758411e-04
9.999999993342900684e-01 -1.403750759701184342e-05 -3.368038294421110034e-05 -2.306979762774794950e-03 1.403746993660819852e-05 9.999999999008493123e-01 -1.118406425465973228e-06 -2.720504120752738320e-04 3.368039864051035472e-05 1.117933637358405968e-06 9.999999994321905339e-01 -3.279717570115369546e-03
9.999999990498518176e-01 -1.312111819915953113e-05 -4.157081516757924074e-05 -1.249695208882352707e-03 1.311994202255126399e-05 9.999999995136732434e-01 -2.829347195302655071e-05 8.835086585525711708e-04 4.157118638935201064e-05 2.829292651945873265e-05 9.999999987356733566e-01 -2.728109512496048033e-03
9.999999975169328037e-01 -6.809676169907533431e-05 1.813740550246746989e-05 -3.050455612058767477e-03 6.809701535076865229e-05 9.999999975836115773e-01 -1.398475388609014647e-05 -3.360385901954764045e-04 -1.813645314218765631e-05 1.398598895454598554e-05 9.999999997377305716e-01 -6.370942045015716513e-04
9.999999985062157926e-01 -5.130490941807439059e-05 1.885138673218884450e-05 -5.042586792502383973e-03 5.130481310027680796e-05 9.999999986708532074e-01 5.109769669068920277e-06 -2.690255169476454475e-03 -1.885164886340260658e-05 -5.108802494563050806e-06 9.999999998092576892e-01 -6.344754552473568605e-04
9.999999984919221152e-01 -3.854562934847696938e-05 -3.912020222834317995e-05 -6.399335130216082627e-03 3.854513481415601154e-05 9.999999991772251517e-01 -1.264208024207689255e-05 -4.889045621253785461e-04 3.912068949309525267e-05 1.264057232954279866e-05 9.999999991548937928e-01 -9.614485685713868588e-04
9.999999971250929098e-01 -5.688697203463821575e-05 -5.013667957882159739e-05 -2.371928739196891775e-03 5.688399963580087048e-05 9.999999966247291594e-01 -5.928534537166382996e-05 5.987225510321775822e-03 5.014005197338096637e-05 5.928249322636107248e-05 9.999999969857805704e-01 -2.832513119544700572e-04
9.999999999199311596e-01 -8.949973365172010913e-06 8.946260800444485095e-06 -1.364420436507362839e-04 8.950191541558143044e-06 9.999999996625671406e-01 -2.438769608738045351e-05 4.433201199881873535e-03 -8.946042528195302597e-06 2.438777615617550607e-05 9.999999996626023346e-01 -1.933971721052356535e-03
9.999999995035783185e-01 -1.167850915560643360e-05 2.926526590844448603e-05 1.089222338698582352e-03 1.167904786607705808e-05 9.999999997623774117e-01 -1.840774143842307319e-05 -9.237779966447331667e-03 -2.926505092651348285e-05 1.840808321972642922e-05 9.999999994023496264e-01 -1.241763131992981327e-03
9.999999977148804620e-01 -6.568402606734324715e-05 1.599524160166939426e-05 -2.546033896509141293e-03 6.568423890371335734e-05 9.999999977542646246e-01 -1.330606864230352571e-05 -5.370599294821462588e-03 -1.599436756958876255e-05 1.330711924716825471e-05 9.999999997835503640e-01 -1.332729496262802498e-03
9.999999959434100472e-01 -4.989232625956765743e-05 -7.499290352665959405e-05 -2.220382260684941308e-06 4.989097925729513779e-05 9.999999985941016023e-01 -1.796349324881294253e-05 3.395019976377851387e-03 7.499379966169312335e-05 1.795975170654812806e-05 9.999999970266886251e-01 -1.235333566438685804e-03
9.999999920205404624e-01 -8.033908830122550755e-05 -9.749128084408428135e-05 -1.104512338063566058e-03 8.033306497441650412e-05 9.999999948645704739e-01 -6.178557913635691836e-05 2.558703290496954028e-03 9.749624414052264780e-05 6.177774686994292751e-05 9.999999933389961404e-01 -6.641118212783555695e-05
9.999999955914113947e-01 -9.385130667043337115e-05 -3.018186357634365973e-06 -3.357779482140412202e-03 9.385121878355219462e-05 9.999999951723925751e-01 -2.910607395293355508e-05 -1.140543215812952083e-03 3.020917986136275717e-06 2.910579056414866714e-05 9.999999995718634738e-01 -3.597359080592490749e-04
9.999999983588968577e-01 -4.776516706049221766e-05 3.163376413784863900e-05 3.538162976787306391e-04 4.776476279332440736e-05 9.999999987775963772e-01 1.278024216885649062e-05 -5.287137875194343126e-03 -3.163437454958169373e-05 -1.277873116864248945e-05 9.999999994179852303e-01 -1.858659519918285643e-03
9.999999993194961245e-01 -3.051009982364306255e-05 2.073985557170034561e-05 3.881785706022842630e-04 3.050950544391404704e-05 9.999999991239293395e-01 2.865852945783152944e-05 -8.169515453420110292e-04 -2.074072992812532915e-05 -2.865789667559281252e-05 9.999999993742735294e-01 -2.031746664495618759e-03
9.999999985127373536e-01 -3.155793251992114809e-05 -4.448170539380649996e-05 1.062318995396446461e-02 3.155751465010470113e-05 9.999999994579298335e-01 -9.394865606972310391e-06 -8.080186620155676647e-04 4.448200185222915700e-05 9.393461860930053258e-06 9.999999989665572242e-01 -6.064631181614000546e-04
9.999999949435764979e-01 -7.002659149324958593e-05 7.217425806352202589e-05 2.743210363435506088e-02 7.002351418646568016e-05 9.999999966393190443e-01 4.263882439541365660e-05 -1.495662647454495606e-02 -7.217724367250507634e-05 -4.263377028463028671e-05 9.999999964864035862e-01 1.685070499207926562e-04
9.999999726449207982e-01 -1.493489479660547418e-04 1.800140254070393346e-04 2.717862767560989476e-02 1.493421006837341442e-04 9.999999881245543731e-01 3.805033516031650933e-05 -1.818331580280895324e-02 -1.800197060468185705e-04 -3.802345044673974126e-05 9.999999830735611939e-01 9.739282031823307591e-04
9.999999429870622958e-01 -1.385684294971490467e-04 3.079361338169770584e-04 1.216235065506916270e-02 1.385652407551120802e-04 9.999999903460009554e-01 1.037651629039695024e-05 -8.280466825837473274e-03 -3.079375687017278976e-04 -1.033384645428172508e-05 9.999999525338315598e-01 1.557192304745232733e-03
9.999999828403695057e-01 -1.030454321979486541e-04 1.539509652623587057e-04 -8.101614399930501947e-03 1.030486331555682648e-04 9.999999944744966118e-01 -2.078427189824629825e-05 1.151231774077183167e-03 -1.539488226874214391e-04 2.080013597813913615e-05 9.999999879335570441e-01 3.139164708072368051e-04
9.999999967652629662e-01 -6.337755925416980226e-05 4.952533758411459757e-05 -1.499077873802975164e-02 6.337520294030847437e-05 9.999999968599555533e-01 4.757806751139854827e-05 -1.435293939026272003e-02 -4.952835281039574366e-05 -4.757492867917593419e-05 9.999999976417842662e-01 -2.817352813016030764e-04
9.999999772909524687e-01 -1.661631382343234712e-04 1.334462666582305538e-04 -2.519977763643401966e-02 1.661594989562045928e-04 9.999999858233535877e-01 2.728211060489793200e-05 -2.647537075438801887e-02 -1.334507980475257863e-04 -2.725993662054167836e-05 9.999999907238901198e-01 9.123613433134134388e-05
9.999998943645571625e-01 -3.657159984083067309e-04 2.784289551683336397e-04 -2.999520770303478259e-02 3.657325825170590176e-04 9.999999313488443509e-01 -5.951457615042277392e-05 -2.841576692979757429e-02 -2.784071706212273714e-04 5.961640040439541700e-05 9.999999594676652892e-01 1.400660807783071305e-03
9.999998345096443586e-01 -3.676071904744309250e-04 4.425445034004258467e-04 -5.772790473119655125e-02 3.676175084229668004e-04 9.999999321587735857e-01 -2.323393518001513197e-05 -1.946792123440206634e-02 -4.425359324160288042e-04 2.339661844272927286e-05 9.999999018072686097e-01 1.271456939954971515e-03
9.999997781244246431e-01 -2.647690267368229189e-04 6.112679150078459411e-04 -1.153744879570185594e-01 2.647480095043178313e-04 9.999999643603727506e-01 3.446367269626011715e-05 -1.076815096512528415e-02 -6.112770181355627356e-04 -3.430183308584072553e-05 9.999998125818780892e-01 1.372496780638163012e-03
9.999998136161194484e-01 -3.683953648037914357e-04 4.868804592575600148e-04 -1.816729527481884821e-01 3.683754419834434383e-04 9.999999313089212860e-01 4.100837020190958469e-05 -1.530249749047553690e-02 -4.868955331067165875e-04 -4.082900775423829650e-05 9.999998806328588286e-01 2.958720587449662886e-03
9.999997428604705529e-01 -5.717087999574199490e-04 4.329296026817274694e-04 -2.595868708496736343e-01 5.716836527682127691e-04 9.999998348948238025e-01 5.820761489730116086e-05 -1.978557426403806593e-02 -4.329628090084704640e-04 -5.796010115316987959e-05 9.999999045919117924e-01 7.067726244490453577e-04
9.999994359397442745e-01 -9.267656121192262590e-04 5.188696306818340502e-04 -3.563738217658095064e-01 9.268072895482098224e-04 9.999995673069205226e-01 -8.008882469881716752e-05 -1.310893405486144615e-02 -5.187951826018898354e-04 8.056967167993535209e-05 9.999998621800337828e-01 1.417979892100236982e-03
9.999995432161519204e-01 -7.249025970733830645e-04 6.229636524342648495e-04 -4.696401850408394862e-01 7.249366817836990764e-04 9.999997357488029648e-01 -5.448973980291144938e-05 -4.875534800393602035e-03 -6.229239880614770904e-04 5.494132411594597042e-05 9.999998044735588509e-01 1.639159458961388267e-03
9.999996874329021290e-01 -3.449332159992609705e-04 7.114458338885657320e-04 -5.843520222062090763e-01 3.448374113087169764e-04 9.999999314607221912e-01 1.347802310899225413e-04 3.289757607070678807e-03 -7.114922753051452012e-04 -1.345348558224123510e-04 9.999997378395230063e-01 3.409720198210232280e-03
9.999996883637339851e-01 -7.908580612913683797e-05 7.855048504951055686e-04 -7.115052579634568719e-01 7.897653709164470233e-05 9.999999872018275893e-01 1.391368076500043474e-04 -2.341152979655313979e-02 -7.855158441886741279e-04 -1.390747278369683382e-04 9.999996818114886832e-01 4.307614383787169120e-03
9.999996630839511624e-01 2.784169913767755656e-04 7.722149720972326962e-04 -8.517403951712750887e-01 -2.784025440164110974e-04 9.999999610689821461e-01 -1.881641786011861166e-05 -5.178281237677819643e-02 -7.722201808445667550e-04 1.860142490780601976e-05 9.999997016649451176e-01 3.513754238725338985e-03
9.999997539261616941e-01 1.532594381454329031e-04 6.845868540540573418e-04 -9.844663321120561417e-01 -1.531136030711890115e-04 9.999999655779040486e-01 -2.130737321656108114e-04 -6.491872137264086129e-02 -6.846194860496182229e-04 2.129688601739002725e-04 9.999997429701789065e-01 1.995184742814486243e-03
9.999997805318304733e-01 6.806408733709457838e-06 6.624877083495699873e-04 -1.132416605690553357e+00 -6.498922733990305954e-06 9.999998922661531564e-01 -4.641394683552134133e-04 -6.727097661233047421e-02 -6.624907961001519005e-04 4.641350610349450159e-04 9.999996728422415604e-01 5.891546195187132191e-03
9.999997655988182022e-01 -2.141595840887368840e-04 6.503368214054194331e-04 -1.333759455600317612e+00 2.146649522548954776e-04 9.999996750044291005e-01 -7.771164613810065385e-04 -6.903006316447107826e-02 -6.501701831106748881e-04 7.772558837467061568e-04 9.999994865758803364e-01 1.501723920201170591e-02
9.999995943390608266e-01 -3.873678843018350522e-04 8.131837652418032842e-04 -1.558160461688913312e+00 3.881488298131742271e-04 9.999994634692468409e-01 -9.604174636600050063e-04 -6.573339613472072018e-02 -8.128112940627606675e-04 9.607327103830563646e-04 9.999992081649161646e-01 1.753379703580983107e-02
9.999994461464557505e-01 -3.610406011689745449e-04 9.886134057919102221e-04 -1.732764095815382266e+00 3.618933172560095078e-04 9.999995625681743494e-01 -8.624944561669382068e-04 -5.803720128822830587e-02 -9.883015778239837793e-04 8.628517510562325969e-04 9.999991393730531808e-01 1.746844638815246362e-02
9.999993639803145262e-01 2.231327922677345352e-04 1.105554486837988237e-03 -1.948630551916381570e+00 -2.218366994444713849e-04 9.999992882147458184e-01 -1.172330363242933852e-03 -5.615553413298154245e-02 -1.105815285268017334e-03 1.172084365059328790e-03 9.999987016945551810e-01 2.645583674184449202e-02
9.999988526691356849e-01 7.180217165431976084e-04 1.333831033813797848e-03 -2.197539729910405804e+00 -7.160483064105865186e-04 9.999986493329292569e-01 -1.479394180087778218e-03 -7.994882871579979400e-02 -1.334891469400773184e-03 1.478437395280374819e-03 9.999980161418486890e-01 3.189055144279809989e-02
9.999993394008006575e-01 2.312440242094687638e-04 1.125932575066097016e-03 -2.456217693473208730e+00 -2.293012451534640495e-04 9.999984853657770678e-01 -1.725307824934984397e-03 -8.086793618319904065e-02 -1.126329836814524057e-03 1.725048507456594616e-03 9.999978777921209039e-01 3.752726142939169507e-02
9.999994988848076582e-01 2.404170117536844910e-04 9.718177781582076121e-04 -2.675742892247501281e+00 -2.389629009199906618e-04 9.999988522622865750e-01 -1.496118592024734848e-03 -6.386189096680013055e-02 -9.721763551274166743e-04 1.495885613901544149e-03 9.999984085984160442e-01 3.578170665276637213e-02
9.999986846224172554e-01 -8.565376728094658437e-05 1.619696535596735478e-03 -2.952026691357408250e+00 8.816734598122534310e-05 9.999987919548676274e-01 -1.551874777344562813e-03 -4.193525248130065830e-02 -1.619561655009191898e-03 1.552015540388108298e-03 9.999974841307391893e-01 4.674200866915631525e-02
9.999935584526461474e-01 -1.871724754295085225e-04 3.584413435778802202e-03 -3.249350292858889766e+00 1.914023865990064645e-04 9.999992857443038563e-01 -1.179777948814910880e-03 -2.801037812390237344e-02 -3.584190053631952297e-03 1.180456414505552361e-03 9.999928800268094164e-01 4.930860000512455460e-02
9.999462491241820628e-01 4.299149359607378320e-04 1.035924879646210259e-02 -3.541827939477174780e+00 -4.367397457713394389e-04 9.999996890936359017e-01 6.565599942318623393e-04 -3.627175300116648043e-02 -1.035896331075784708e-02 -6.610489992428943921e-04 9.999461259954692816e-01 6.484320018743539027e-02
9.998543090679856693e-01 7.894008341233940511e-04 1.705102590766935031e-02 -3.827368411303259776e+00 -8.433517891298091288e-04 9.999946606304888075e-01 3.157129752337866756e-03 -3.132314876503725087e-02 -1.704844262508155989e-02 -3.171049800367490602e-03 9.998496362189780440e-01 7.504011315412670302e-02
9.997555072047089597e-01 1.438974662454124958e-03 2.206479471411209453e-02 -4.119757055506890531e+00 -1.542601937105534879e-03 9.999878579927491407e-01 4.680197254068431748e-03 -1.761054552153740876e-02 -2.205779211795079464e-02 -4.713090174627095411e-03 9.997455879311931692e-01 8.037532231348838707e-02
9.997375380140460788e-01 1.835902379645262209e-03 2.283603617238155747e-02 -4.469454328988729408e+00 -2.045515798608115322e-03 9.999559624632399224e-01 9.159093805234958668e-03 -1.188350252724234245e-02 -2.281821532748673498e-02 -9.203401364053490422e-03 9.996972674027876371e-01 8.039382014707806279e-02
9.997786811544636665e-01 1.828384068470179568e-03 2.095818982497404601e-02 -4.836552235851605097e+00 -2.110884474348505725e-03 9.999071139935060692e-01 1.346504927260385072e-02 -1.360647410234623773e-02 -2.093162382084666484e-02 -1.350630952095573274e-02 9.996896752129367236e-01 1.100264033434573407e-01
9.998361007084656249e-01 2.580739862665216901e-03 1.791958431024706991e-02 -5.180167304811323703e+00 -2.851460287333921085e-03 9.998819461988543988e-01 1.509843832390761649e-02 -2.808773237830993613e-02 -1.787850369355779498e-02 -1.514706068358925330e-02 9.997254251334849462e-01 1.377681517870412709e-01
9.998543781448351320e-01 2.918260460382635004e-03 1.681387107392237623e-02 -5.538692349246980839e+00 -3.144107055980175074e-03 9.999049855270278897e-01 1.342141978386220645e-02 -1.623140357784582516e-02 -1.677310631414622236e-02 -1.347232994249619731e-02 9.997685528313515757e-01 1.458803376774610583e-01
9.998907815371013141e-01 3.864134933964141240e-03 1.426511333065715557e-02 -5.914810104775026112e+00 -3.999378093300875320e-03 9.999472139343921206e-01 9.464371068039463888e-03 -7.826098636014971674e-03 -1.422778872457697297e-02 -9.520388965732198491e-03 9.998534553733111618e-01 1.282306367878859044e-01
9.999776611938641091e-01 4.619758604980889888e-03 4.830625599362967093e-03 -6.357824929760951704e+00 -4.639567286484145257e-03 9.999808422243967598e-01 4.097511388668598903e-03 -2.764430037606994614e-02 -4.811603541824903754e-03 -4.119831867660104369e-03 9.999799375271177793e-01 1.004499290042624310e-01
9.999086730576346449e-01 4.182036250611201149e-03 -1.285130798473984974e-02 -6.792612386923506662e+00 -4.168332863491297849e-03 9.999907152384759357e-01 1.092903463405615200e-03 -1.944438851021353110e-02 1.285575922531232047e-02 -1.039235122462362848e-03 9.999168212631994734e-01 7.827979417216926472e-02
9.995962414000281182e-01 3.406602730975471019e-03 -2.820902757575732139e-02 -7.194971287800672854e+00 -3.323979156438766798e-03 9.999900491746931408e-01 2.975351098976141730e-03 -4.963650293445520927e-04 2.821888271183122313e-02 -2.880383555696770966e-03 9.995976180689246648e-01 6.833433342431756430e-02
9.994500850682409565e-01 3.054883294572674837e-03 -3.301810329413560480e-02 -7.599556978632922011e+00 -2.732892843506810627e-03 9.999483161104414375e-01 9.792670963447588917e-03 1.800712974233588046e-02 3.304631225706699399e-02 -9.697050889264275525e-03 9.994067782691187229e-01 1.098623703717243605e-01
9.995611473418949400e-01 2.932062153637132566e-03 -2.947737668249373125e-02 -8.037877197017833097e+00 -2.455657744663777235e-03 9.998659999664187836e-01 1.618492682078748190e-02 9.438790721117522320e-03 2.952088192441900891e-02 -1.610543767428820883e-02 9.994344062557202202e-01 1.865477160680157620e-01
9.997165058516911396e-01 3.710177804915310885e-03 -2.351898187297355239e-02 -8.491431440535395225e+00 -3.334154010905346702e-03 9.998663175641696599e-01 1.600719893355201373e-02 2.734892077071019237e-02 2.357522735239065553e-02 -1.592424507857935143e-02 9.995952316182586950e-01 2.473515916789772728e-01
9.998320608915393093e-01 4.492242689165979082e-03 -1.776709793406292676e-02 -8.955237852640239637e+00 -4.370616067826717244e-03 9.999667912493706012e-01 6.878525541505762023e-03 3.361300649872291796e-02 1.779740791701429903e-02 -6.799717204349531481e-03 9.998184915860358624e-01 2.074221798813988271e-01
9.999163832125342877e-01 5.503973587979037532e-03 -1.170183139116814756e-02 -9.420698424668007220e+00 -5.557607119806391369e-03 9.999741786128339971e-01 -4.555777726142982119e-03 1.049748074995222359e-02 1.167645435337184845e-02 4.620430968099442648e-03 9.999211529072693505e-01 9.374328131906523032e-02
9.999766236978867573e-01 6.261907649867017554e-03 -2.746009897941268860e-03 -9.908934476701885430e+00 -6.288953849072705278e-03 9.999306830242172817e-01 -9.953803604985895365e-03 -1.587289460929545287e-02 2.683489753900339132e-03 9.970840451382899719e-03 9.999466891906957366e-01 8.710023586994996778e-03
9.999747206331378591e-01 6.440874808996088947e-03 3.012179671388678839e-03 -1.039527498958602791e+01 -6.422138142537141790e-03 9.999602245048083704e-01 -6.189147758076096566e-03 -1.925370473821691811e-02 -3.051923386334790770e-03 6.169646666379556554e-03 9.999763103312278023e-01 3.347173608692002866e-02
9.999801792192977157e-01 6.197141584707475774e-03 1.112027301996643862e-03 -1.088971392218300061e+01 -6.198650575548259219e-03 9.999798651350270129e-01 1.358696277860526854e-03 2.620568609520164405e-02 -1.103584878272555279e-03 -1.365562416115109669e-03 9.999984586686642141e-01 1.398052121726900132e-01
9.999587987333860006e-01 7.002979301513514998e-03 -5.775735155482775683e-03 -1.138198406319556000e+01 -6.979473380465087314e-03 9.999673200048587729e-01 4.079935493594266833e-03 5.141496950309827618e-02 5.804118108299108868e-03 -4.039455805313919672e-03 9.999749971923207470e-01 2.440027668333887290e-01
9.999226434343784220e-01 8.380539141692894614e-03 -9.190958105617109616e-03 -1.192532450077641393e+01 -8.368444258507743913e-03 9.999640677751687745e-01 1.353624478859794585e-03 3.465840676913149038e-02 9.201971956972282429e-03 -1.276605746529832193e-03 9.999568460638044165e-01 2.319930070184236248e-01
9.999416806990455431e-01 9.029977009870852195e-03 -5.924079335158510817e-03 -1.249333895891864543e+01 -9.054286662870196165e-03 9.999506462026052089e-01 -4.089627369194453847e-03 2.206299874386042151e-02 5.886857718224488244e-03 4.143027177499229372e-03 9.999740897803361950e-01 1.487438136677660394e-01
9.999581829573590541e-01 9.127360726021998757e-03 -5.688785404820035372e-04 -1.305431618581789088e+01 -9.130750127988054160e-03 9.999386487950204794e-01 -6.271207865230064675e-03 2.137657021016623610e-02 5.116040627242368589e-04 6.276139909669668608e-03 9.999801739680228563e-01 8.586808405905280162e-02
9.999573155902565791e-01 9.156680807621138743e-03 1.233772310920934132e-03 -1.359030743701003630e+01 -9.152086817831337623e-03 9.999513505749483278e-01 -3.679101821858634259e-03 3.828564475669660877e-02 -1.267400649648859788e-03 3.667653190265998155e-03 9.999924709794915101e-01 1.108532679717605801e-01
9.999516128926988490e-01 9.671397681199116192e-03 -1.798871919323874686e-03 -1.411395809322717021e+01 -9.671865603339728848e-03 9.999531947606077331e-01 -2.516024741545429613e-04 6.348179523208741237e-02 1.796354375107932786e-03 2.689887472799510335e-04 9.999983503766458615e-01 1.961232105522101588e-01
9.999260981685377248e-01 1.103485009945058375e-02 -5.101988311107529504e-03 -1.467234586585671607e+01 -1.103353083923682559e-02 9.999390876585080301e-01 2.866529093216012313e-04 5.535367454251230446e-02 5.104840708938169699e-03 -2.303387797745775798e-04 9.999869436874577744e-01 2.580249053870513065e-01
9.999157370158050506e-01 1.178014921023810661e-02 -5.454076706841920474e-03 -1.527352271531499639e+01 -1.178768161598709070e-02 9.999296102317204449e-01 -1.350978889468813782e-03 5.616824217817237286e-02 5.437778062748522406e-03 1.415155971685426103e-03 9.999842138270563785e-01 2.171845594563970860e-01
9.999114409317929608e-01 1.236861582534351522e-02 -4.911989034062984490e-03 -1.585750674131970861e+01 -1.236969739469454162e-02 9.999234743398776049e-01 -1.898695131682367533e-04 6.223066734140415140e-02 4.909264717794314427e-03 2.506125164584867542e-04 9.999879180836622750e-01 1.466320218668470399e-01
9.998961606439771277e-01 1.307216014604980527e-02 -6.065192375355320242e-03 -1.642559754305770880e+01 -1.304415441089582482e-02 9.999041822381889988e-01 4.634261352508887294e-03 8.288724302280292555e-02 6.125191028755606719e-03 -4.554664827918478501e-03 9.999708681072496663e-01 1.688451710036297515e-01
9.998500632397946397e-01 1.449190942826368740e-02 -9.478164405705223616e-03 -1.700120008884857370e+01 -1.441116398825265273e-02 9.998597464608283136e-01 8.532629125411007875e-03 1.086404216176630050e-01 9.600489148072894469e-03 -8.394758389085666891e-03 9.999186760130578389e-01 2.590274740497435224e-01
9.998031650939253057e-01 1.586287420848083926e-02 -1.191638745657137323e-02 -1.757069493792880621e+01 -1.577742230091317213e-02 9.998493809598751891e-01 7.231067673109443060e-03 1.324893066306626899e-01 1.202929813862245803e-02 -7.041634469379554929e-03 9.999028509661784803e-01 3.139699103432447846e-01
9.998078725048015203e-01 1.634482929347735869e-02 -1.081964106565556048e-02 -1.815760934351251521e+01 -1.633184462018527974e-02 9.998657977507853234e-01 1.287376979715295451e-03 1.288887271331339845e-01 1.083923100245865086e-02 -1.110424942470344001e-03 9.999406372518933050e-01 2.978036136254866295e-01
9.998253613636167714e-01 1.750821962046132663e-02 -6.535213832370998302e-03 -1.876337198276621621e+01 -1.753565849404587623e-02 9.998375627115904107e-01 -4.165197729609040542e-03 1.314164938818891681e-01 6.461227073344249019e-03 4.279069603107299273e-03 9.999699706031368596e-01 2.204660252233495155e-01
9.998237619429207745e-01 1.841453621949089639e-02 -3.653752882534241995e-03 -1.939010293012248809e+01 -1.843058921645684620e-02 9.998204180931350438e-01 -4.409642298734584888e-03 1.303372031039767842e-01 3.571895216799337441e-03 4.476205970419875127e-03 9.999836024378953026e-01 1.753757823524084991e-01
9.998090188678064871e-01 1.886724096089439223e-02 -5.094409594616092739e-03 -1.995701237649750936e+01 -1.885674978991800851e-02 9.998199911478217183e-01 2.099592467577154030e-03 1.532074118671908625e-01 5.133106072797897178e-03 -2.003127477977518188e-03 9.999848192359483967e-01 2.181277471249404853e-01
9.997503654227170022e-01 2.035509522231440660e-02 -9.212867937548364916e-03 -2.050349642217903678e+01 -2.027110008481830192e-02 9.997529187864624411e-01 9.120519683689163118e-03 1.648432202813610026e-01 9.396240657596680382e-03 -8.931487918583067356e-03 9.999159660616809830e-01 3.078534228882517931e-01
9.996839703429014623e-01 2.239769499634640393e-02 -1.141502073164061583e-02 -2.111231648435168395e+01 -2.228769794100532095e-02 9.997047927549596036e-01 9.673978667219872846e-03 1.897559034544744061e-01 1.162832575840790084e-02 -9.416506869001771418e-03 9.998880494527586649e-01 3.756678147974472637e-01
9.996483729822288611e-01 2.468081899853280178e-02 -9.694718538682395303e-03 -2.175825798331514349e+01 -2.465493293597491309e-02 9.996921537814574821e-01 2.780638364355842579e-03 2.007155322976445777e-01 9.760362488411470847e-03 -2.540637981375917266e-03 9.999491389479479020e-01 3.614109487645872920e-01
9.996459693799484292e-01 2.608733168445818984e-02 -5.233261698820450628e-03 -2.237898793065090786e+01 -2.611078130367236808e-02 9.996490894913442338e-01 -4.463740453749581207e-03 2.251543123625213139e-01 5.114978214525489446e-03 4.598804704671777266e-03 9.999763437167668023e-01 2.843276719168278399e-01
9.996358337910791203e-01 2.697148595639423455e-02 -8.595034136763231910e-04 -2.293818310406476613e+01 -2.697732577139940954e-02 9.996062276382243761e-01 -7.720981874227734500e-03 2.321142978702697979e-01 6.509186107968579745e-04 7.741357257121824625e-03 9.999698233910759848e-01 2.276840860795209531e-01
9.996317693935488080e-01 2.710176461743712267e-02 1.349064025083667210e-03 -2.352202961276709914e+01 -2.709462724776144291e-02 9.996200961885519654e-01 -5.054153766448537914e-03 2.445921938129215212e-01 -1.485527996237272089e-03 5.015740285449014554e-03 9.999863176843777346e-01 2.650930882133040178e-01
9.996134937124196984e-01 2.780041057177810165e-02 1.897605725020686665e-05 -2.411139295463978982e+01 -2.780038150506793787e-02 9.996130743234989957e-01 -9.167495271490158594e-04 2.737039807372247391e-01 -4.445472817264409476e-05 9.158676560616188815e-04 9.999995796050185071e-01 3.604788938092281514e-01
9.995445683798098724e-01 2.998553382412908266e-02 -3.394640437774612985e-03 -2.472696629499877119e+01 -2.998655153971218484e-02 9.995502711625254832e-01 -2.492903489327279740e-04 2.797738515500629575e-01 3.385638665886937879e-03 3.509703746713352802e-04 9.999942071185313752e-01 4.230661812969071511e-01
9.994605341249005459e-01 3.198674928008443663e-02 -7.449066871867958753e-03 -2.532917605371930492e+01 -3.200823730419089658e-02 9.994837291607203689e-01 -2.783502767806675209e-03 3.000072004248580670e-01 7.356185930707916446e-03 3.020432663179734630e-03 9.999683812576676267e-01 3.906495471319929025e-01
9.993719215067788930e-01 3.339657972042618661e-02 -1.185035724464447368e-02 -2.591208106674105593e+01 -3.347986343919104324e-02 9.994155699617178756e-01 -6.900526225417024165e-03 3.332595616956217643e-01 1.161297756570629780e-02 7.292940495559256317e-03 9.999059714648106389e-01 3.268194869329622554e-01
9.992643365662389199e-01 3.508492537756520424e-02 -1.548656443776305104e-02 -2.648478312027465265e+01 -3.521949257539849082e-02 9.993434214379313119e-01 -8.503726915926799329e-03 3.519283373657877689e-01 1.517804366727663543e-02 9.042899976218292044e-03 9.998439142938533308e-01 3.089772452976313755e-01
9.991555999812345989e-01 3.751331831911422499e-02 -1.675822111168167108e-02 -2.706349558206081696e+01 -3.762481330208865271e-02 9.992715177692698125e-01 -6.388051274289675667e-03 3.869690982012248259e-01 1.650637604449190637e-02 7.013182144275936433e-03 9.998391644790121102e-01 3.652633858060608252e-01
9.991032962061094924e-01 3.953983050890283457e-02 -1.513952817674492531e-02 -2.765888387678355542e+01 -3.960913755454460727e-02 9.992059736926797164e-01 -4.305619473338478768e-03 3.990333102264808640e-01 1.495726352888053501e-02 4.901422262085281326e-03 9.998761204907017364e-01 4.241262669185202339e-01
9.990727558722000134e-01 4.167789127427857371e-02 -1.079730766704824728e-02 -2.826391792277351556e+01 -4.173323742698275413e-02 9.991165157634079863e-01 -4.952254299869406767e-03 4.180244713339514306e-01 1.058136889965423898e-02 5.398268955591587100e-03 9.999294441731839678e-01 4.320607176615847700e-01
9.990287637515289365e-01 4.378220065550032097e-02 -4.964685574468914210e-03 -2.882671611530268052e+01 -4.381612618330235631e-02 9.990154801960338116e-01 -6.943876077283353196e-03 4.344061697047281734e-01 4.655779567457837310e-03 7.154665222723556768e-03 9.999635665773878301e-01 4.006814177697053392e-01
9.990121058885207406e-01 4.443755334586190625e-02 -3.407943909384299067e-04 -2.940710101130029841e+01 -4.443881205770014442e-02 9.989703705900245811e-01 -9.131848998402506204e-03 4.782724892500054281e-01 -6.535352800210197011e-05 9.137972196439296535e-03 9.999582457248169520e-01 4.025742523667290018e-01
9.989828161474162416e-01 4.504644160972995359e-02 2.037434779049958518e-03 -2.997061067706777138e+01 -4.502498645515767839e-02 9.989399926865757395e-01 -9.572962240444102960e-03 5.291249465881887604e-01 -2.466502967879855446e-03 9.471489304501737663e-03 9.999521024796458324e-01 4.179063829008524134e-01
9.988933476050285698e-01 4.700423661459563612e-02 1.637635703885106800e-03 -3.054927729319670604e+01 -4.698808565685343858e-02 9.988566920980802566e-01 -8.799344133808655738e-03 5.658888951034306558e-01 -2.049369835763184891e-03 8.712656951819925874e-03 9.999599440438182718e-01 4.427062986018990287e-01
9.987434941458845916e-01 5.007388270513131456e-02 -2.009769166374625673e-03 -3.116299733763687385e+01 -5.008882074617726499e-02 9.987107899467431160e-01 -8.238208555849538609e-03 5.648563179179426630e-01 1.594659062834590836e-03 8.328524166087421937e-03 9.999640457274892036e-01 4.663401455239491455e-01
9.986147448007322014e-01 5.226268656706756915e-02 -6.099431068632537797e-03 -3.179564513939839543e+01 -5.231235499674907058e-02 9.985963673245984440e-01 -8.289311238575115121e-03 5.894335513922762670e-01 5.657648032764722723e-03 8.596904030424035517e-03 9.999470407275722339e-01 4.797086647712540675e-01
