1.000000000000000000e+00 0.000000000000000000e+00 0.000000000000000000e+00 0.000000000000000000e+00 0.000000000000000000e+00 1.000000000000000000e+00 0.000000000000000000e+00 0.000000000000000000e+00 0.000000000000000000e+00 0.000000000000000000e+00 1.000000000000000000e+00 0.000000000000000000e+00
9.999999449137382257e-01 3.307690824032493348e-04 2.764660467243971231e-05 -1.216074067677315072e-03 -3.307716000196277281e-04 9.999999411446197639e-01 9.110930537076229838e-05 -6.325885103549116605e-05 -2.761646690395240183e-05 -9.111844506355387273e-05 9.999999954673798319e-01 2.797237730932591957e-03
9.999999570756070710e-01 2.921649775445382940e-04 -2.209999700612101612e-05 -4.418599226574559946e-03 -2.921617743222258961e-04 9.999999468362378297e-01 1.448068336360980410e-04 1.898078869709833322e-03 2.214230331649961849e-05 -1.448003706460147713e-04 9.999999892712855276e-01 1.794466188184863729e-03
9.999999900581708623e-01 1.407783287718357239e-04 -8.069711884600469618e-06 -6.708866230969189916e-03 -1.407780254006537615e-04 9.999999893845683552e-01 3.758205431137930102e-05 -2.173415500818720418e-03 8.075002537734762088e-06 -3.758091789964027079e-05 9.999999992612345068e-01 2.976769494449846721e-03
9.999999904727241429e-01 1.522523166417663773e-05 -1.371960058111623617e-04 -5.313110973303308837e-04 -1.524087247725373471e-05 9.999999933855056033e-01 -1.140030898701096851e-04 -1.353582570539574662e-04 1.371942691802264635e-04 1.140051797707997448e-04 9.999999840902755732e-01 -1.663998618695568601e-03
9.999999997151454156e-01 1.363733848584957534e-05 -1.958908327391822943e-05 -1.818818581938197107e-03 -1.363933066089464536e-05 9.999999947353670482e-01 -1.017016941306912335e-04 3.158894231449766235e-03 1.958769623036144989e-05 1.017019612837051642e-04 9.999999946365165648e-01 -2.174039725583323465e-03
9.999999960144055899e-01 6.105464712871145911e-05 6.514229651636116827e-05 -4.433986631922491768e-04 -6.105927195131777415e-05 9.999999956156617742e-01 7.099606830533421718e-05 4.169075841411974334e-03 -6.513796159085740594e-05 -7.100004556357121760e-05 9.999999953580197554e-01 -1.566693340249461063e-03
9.999999967970359949e-01 6.813628284447005351e-05 -4.199255969827955158e-05 -4.763852463493052809e-03 -6.813171801394725076e-05 9.999999917714564868e-01 1.086975434855737309e-04 6.104049872948501092e-03 4.199996559930938180e-05 -1.086946821121833598e-04 9.999999932107345169e-01 3.534421581370037011e-03
9.999999913581992805e-01 1.084883516187889444e-04 -7.425549792159044670e-05 -5.388956441656697627e-03 -1.084812554257727707e-04 9.999999895498697944e-01 9.556190411195140434e-05 -1.202249329927507909e-03 7.426586449906549510e-05 -9.555384795648767132e-05 9.999999926770217762e-01 3.119202666185303709e-03
9.999999956696785652e-01 9.123185746177804839e-05 1.836820537809368648e-05 -1.403050487492878834e-04 -9.123184427429024415e-05 9.999999958381169396e-01 -7.187884951090368436e-07 1.214715552064567564e-03 -1.836827087805689392e-05 7.171127267437993072e-07 9.999999998310461491e-01 4.371313603271022481e-04
9.999999896983848835e-01 -3.207835656874158094e-05 1.399078596505308957e-04 -5.320462656862588388e-03 3.208922303587483424e-05 9.999999964690449161e-01 -7.766718650979095590e-05 8.612370022808138459e-03 -1.399053677208199765e-04 7.767167524420628890e-05 9.999999871967993892e-01 -1.618955695690618441e-03
9.999999931765252148e-01 -2.743658808838682895e-05 1.135525571685573170e-04 -6.111919021742320997e-03 2.743965930188003389e-05 9.999999992578123553e-01 -2.704515599698256996e-05 2.526934245005928517e-03 -1.135518150574751228e-04 2.704827165592218940e-05 9.999999931871881298e-01 -1.978934272583289609e-03
9.999999981947660377e-01 5.753238885612405577e-05 1.733470823707775968e-05 -3.778422027151615622e-03 -5.753324368274859401e-05 9.999999971289020850e-01 4.931654649195907396e-05 -7.857793530353101782e-03 -1.733187088857829765e-05 -4.931754372492434655e-05 9.999999986336930435e-01 2.082280216630229101e-04
9.999999932435451599e-01 9.699906403986642480e-05 -6.406318164638176015e-05 -1.701074045347823489e-03 -9.699131189242527786e-05 9.999999879758587618e-01 1.209998665212002776e-04 -6.463000961677276002e-03 6.407491774987853102e-05 -1.209936521316382530e-04 9.999999906274704697e-01 1.733079887415254344e-03
9.999999914757048414e-01 1.147565297449937315e-04 -6.228586706721006788e-05 4.382067466483628867e-04 -1.147513376128838161e-04 9.999999899418797744e-01 8.335688806597182714e-05 2.081371059716841110e-03 6.229543218793611359e-05 -8.334973996885275741e-05 9.999999945860499340e-01 2.098062470344051397e-03
9.999999970896267243e-01 7.589337863997000445e-05 -7.806505888400683748e-06 5.671497967255178900e-04 -7.589342623415318344e-05 9.999999971015095523e-01 -6.096617603715910349e-06 1.994554980797473565e-03 7.806043172865379472e-06 6.097210048451265131e-06 9.999999999509449067e-01 1.535569673051768915e-03
9.999999969444033354e-01 4.064624574642413594e-05 6.677631360045304559e-05 -1.613011619927682671e-03 -4.064436659536402264e-05 9.999999987780289201e-01 -2.814209834362300873e-05 -7.759235826454392512e-05 -6.677745738949940476e-05 2.813938417666223967e-05 9.999999973744730930e-01 4.718775987972436640e-04
9.999999981872873533e-01 6.018215518584834407e-05 -1.879730930733367634e-06 -9.123640529935818887e-04 -6.018217613513481196e-05 9.999999981269276361e-01 -1.114676503615135670e-05 -4.455307261066890692e-03 1.879060090869269893e-06 1.114687814224343522e-05 9.999999999361081082e-01 3.572151449515164213e-04
9.999999961365881873e-01 8.785357858201700066e-05 2.927844156098235737e-06 1.145840976376281224e-03 -8.785373438859229740e-05 9.999999947226594355e-01 5.325788706456840836e-05 -5.346233064013486067e-03 -2.923165244680665878e-06 -5.325814408085407674e-05 9.999999985775126499e-01 -1.238997357772648241e-03
9.999999921708946360e-01 1.037658640172671226e-04 -6.993465551337961863e-05 1.166973311532427428e-03 -1.037598693146879502e-04 9.999999909432595313e-01 8.571680380231778713e-05 -7.842959896294139643e-05 6.994354935820694635e-05 -8.570954672051527045e-05 9.999999938808867839e-01 -8.091070863806022057e-04
9.999999854751564499e-01 1.339400380731083952e-04 -1.054028130019417066e-04 5.597502194695404623e-03 -1.339313891008571140e-04 9.999999876643392849e-01 8.205915097109003496e-05 8.381514927497087444e-04 1.054138027075336774e-04 -8.204503303403320948e-05 9.999999910782713108e-01 8.119510305494314663e-04
9.999999909938330767e-01 1.213693572466063169e-04 -5.728710973657099475e-05 3.003794951974787797e-03 -1.213686679195752870e-04 9.999999925623884733e-01 1.203617013611578870e-05 -2.051854438526073184e-04 5.728857013272485555e-05 -1.202921716751833935e-05 9.999999982866588644e-01 2.214338483214804698e-03
9.999999958825996904e-01 9.003014929342999847e-05 1.137422044187837255e-05 -4.639336418595972969e-04 -9.003008263903263778e-05 9.999999959301193453e-01 -5.860504957670458901e-06 -3.199970222053748117e-03 -1.137474801772292539e-05 5.859480911534077433e-06 9.999999999181408139e-01 3.846770090589618496e-05
9.999999994219962440e-01 3.358959949176241116e-05 5.267482980660952150e-06 -7.109535003458690092e-03 -3.358947693167495257e-05 9.999999991652280817e-01 -2.326565896772979405e-05 2.631226017872182431e-03 -5.268264460430443786e-06 2.326548202228408518e-05 9.999999997154813691e-01 -2.149621728193592662e-04
9.999999992573535001e-01 3.524227306534126589e-05 -1.559728380708363176e-05 -8.393704078991388179e-03 -3.524235705371638560e-05 9.999999993644913543e-01 -5.384565691851654604e-06 -3.069545962369857328e-03 1.559709403283697409e-05 5.385115372897823348e-06 9.999999998638655629e-01 -6.834829235534013031e-04
9.999999999748971913e-01 1.626173696990994531e-06 -6.896457753652542658e-06 -6.265086067542501545e-03 -1.626337655676943338e-06 9.999999997160665677e-01 -2.377439443626012245e-05 4.979347838558306413e-03 6.896419090399513416e-06 2.377440565163225253e-05 9.999999996936085322e-01 7.268155097849974319e-04
9.999999991683241607e-01 1.055437779414399034e-05 -3.939488343123525248e-05 -5.300300420888600858e-04 -1.055420101720080555e-05 9.999999999342354950e-01 4.487512371130868183e-06 4.550418533246463129e-03 3.939493079154538413e-05 -4.487096585879929581e-06 9.999999992139526617e-01 1.831562964572896503e-03
9.999999987649301758e-01 3.824493458973872407e-05 3.174058490359202923e-05 1.236523762802944730e-03 -3.824618741164661226e-05 9.999999984896349448e-01 3.947099395913708991e-05 4.017074432006253505e-04 -3.173907529007000459e-05 -3.947220786674643676e-05 9.999999987172879523e-01 4.189168757314648550e-04
9.999999956868920181e-01 7.880950308606509986e-05 4.914547949113869324e-05 -6.738177836047246766e-04 -7.880961619632150406e-05 9.999999968918781290e-01 2.299607059264013243e-06 -2.557807715274616929e-03 -4.914529810749892298e-05 -2.303480185722040597e-06 9.999999987897167930e-01 -6.442233028028011453e-04
9.999999952206306553e-01 9.749256562651229679e-05 7.344275658455242658e-06 7.665764255323026868e-04 -9.749247003497462738e-05 9.999999951629137129e-01 -1.301502213377990266e-05 3.155159243502592484e-04 -7.345544490829856435e-06 1.301430606000174533e-05 9.999999998883354335e-01 -1.434098828559131431e-03
9.999999964849768386e-01 2.906947944533511331e-05 -7.864484530346023210e-05 8.297438324418159733e-04 -2.907062205926404859e-05 9.999999994719227514e-01 -1.452767936091400057e-05 5.183345912545571019e-03 7.864442294985309317e-05 1.452996556442359676e-05 9.999999968019673835e-01 1.530191039845197644e-03
9.999999985707904715e-01 -6.276966878295850101e-07 -5.346049929437784890e-05 -1.464741171922466370e-03 6.308340563904364893e-07 9.999999982777931784e-01 5.868573585527485088e-05 5.023531341250213333e-03 5.346046236546579927e-05 -5.868576949610427153e-05 9.999999968489796665e-01 2.896468682233105212e-03
9.999999989165366809e-01 4.649614466890009286e-05 2.243913800053401087e-06 -3.509651893615505728e-03 -4.649626585493262887e-05 9.999999974590636498e-01 5.403674565239436467e-05 2.163688326385328469e-03 -2.241401294008468717e-06 -5.403684992746013313e-05 9.999999985374974365e-01 2.211071020417864665e-03
9.999999953623913695e-01 9.606690286582767206e-05 6.809358643824182946e-06 -7.034092076748559366e-04 -9.606679513156185480e-05 9.999999952604482489e-01 -1.582006141688044941e-05 3.934792215711020334e-04 -6.810878395854341955e-06 1.581940719025138131e-05 9.999999998516791999e-01 1.222076674222683434e-03
9.999999959886732848e-01 8.589588811384108499e-05 -2.538798375191369348e-05 -1.782592693225814803e-03 -8.589670444267883699e-05 9.999999957939124107e-01 -3.215480093321418489e-05 -3.206148252237852811e-03 2.538522167994632981e-05 3.215698154836750235e-05 9.999999991607595451e-01 -3.107416705748330867e-04
9.999999995407378162e-01 2.953254379704410850e-05 6.808315050392663998e-06 -8.445934293151612787e-03 -2.953263111623298886e-05 9.999999994816634041e-01 1.282563054345292378e-05 -1.036512150452531360e-03 -6.807936273367915795e-06 -1.282583160501950321e-05 9.999999998945749979e-01 -2.341167172394017365e-03
9.999999992554884365e-01 3.671896253957866415e-05 1.186342937495016581e-05 -1.676914389401512606e-03 -3.671906310894401324e-05 9.999999992899241130e-01 8.477152571792048570e-06 7.572558103045200044e-03 -1.186311809427850672e-05 -8.477588179492617790e-06 9.999999998936984769e-01 -5.689254351993644661e-04
9.999999977502735948e-01 6.349051969722364073e-05 -2.164270354102687248e-05 9.970298094440378095e-04 -6.349025869848411998e-05 9.999999979117728532e-01 1.205990703116774823e-05 8.662973302443775780e-03 2.164346918559690146e-05 -1.205853290318950442e-05 9.999999996930759583e-01 1.676206472290849622e-03
9.999999975208321290e-01 6.684696656079718285e-05 -2.213185080540387714e-05 -2.659811834377850872e-03 -6.684593484172649197e-05 9.999999966793595707e-01 4.661439421925668309e-05 1.299366784176005096e-04 2.213496676276358513e-05 -4.661291467943491596e-05 9.999999986686397557e-01 1.839180580414962775e-03
9.999999966451328381e-01 6.112148434718886133e-05 -5.453346267253684679e-05 -3.708809315042392758e-03 -6.111853084304841256e-05 9.999999966656365480e-01 5.415950572403454330e-05 -1.882918679476566076e-03 5.453677280008382809e-05 -5.415617253721625914e-05 9.999999970464247268e-01 7.417562794684137879e-04
9.999999984778208395e-01 4.739679026514775272e-05 -2.824717054810254249e-05 -4.303233822269968319e-03 -4.739655698627642154e-05 9.999999988426768738e-01 8.259098502739295556e-06 3.790658746342598102e-03 2.824756197017095187e-05 -8.257759671538884776e-06 9.999999995669422992e-01 -3.261411961405551391e-04
9.999999982933927001e-01 3.507428619055242034e-05 4.672268214829901274e-05 1.207902244474475667e-05 -3.507371061206815914e-05 9.999999993090287198e-01 -1.231980013825643462e-05 6.019168865558549401e-03 -4.672311422421083230e-05 1.231816137939868469e-05 9.999999988326067069e-01 -2.941718652697468839e-04
9.999999997364522608e-01 1.346878554425055720e-05 1.859266485763061411e-05 1.057788053816381951e-03 -1.346863693131333053e-05 9.999999998773523302e-01 -7.993197106415568192e-06 2.503833552683660570e-03 -1.859277251400790295e-05 7.992946686456425719e-06 9.999999997952108144e-01 2.986416516172476165e-04
9.999999967199887374e-01 7.950247406954059394e-05 1.547188278494024242e-05 -3.533368528101463006e-03 -7.950272820814851128e-05 9.999999967047528138e-01 1.642591415032916422e-05 -2.235556600031731421e-03 -1.547057683314276050e-05 -1.642714415334390151e-05 9.999999997454050993e-01 3.219692700431874303e-04
9.999999944874816693e-01 1.045287400147830394e-04 -9.938766812938648799e-06 -1.597613516439535565e-03 -1.045285567376554882e-04 9.999999943668853586e-01 1.843936216831831921e-05 -1.397799156839046007e-03 9.940694200246565884e-06 -1.843832318172028913e-05 9.999999997806053864e-01 2.098642075689424302e-03
9.999999935949186458e-01 1.131815605479500160e-04 -3.113394676405389733e-07 -1.113865449653693744e-03 -1.131815483699411435e-04 9.999999928406686500e-01 3.884069598904435190e-05 -2.678767067318952796e-03 3.157355159963650974e-07 -3.884066050238351440e-05 9.999999992456517495e-01 4.680317634401425300e-04
9.999999974523857693e-01 7.138070665921074571e-05 1.524171855902119392e-07 -3.774704991672330878e-03 -7.138070834134816660e-05 9.999999973911793960e-01 1.106506693998105620e-05 1.325708320834053863e-03 -1.516273528951755387e-07 -1.106507779143820631e-05 9.999999999387705341e-01 7.818004296132282684e-05
9.999999961922408920e-01 8.528790795152806081e-05 -1.847947565461363455e-05 -3.860060381825817285e-03 -8.528660670330991535e-05 9.999999938846504399e-01 7.040521213540554268e-05 -4.441446754787371429e-03 1.848548025485709234e-05 -7.040363581554720833e-05 9.999999973508075790e-01 1.058667356483179679e-03
9.999999947627898900e-01 1.023444080297675879e-04 -2.059419567229424133e-07 2.477750549837098512e-04 -1.023443934301045296e-04 9.999999923347776543e-01 6.968550628848472269e-05 -2.488104921371796230e-03 2.130738770337011346e-07 -6.968548484652244905e-05 9.999999975719439105e-01 1.189627270855337683e-03
9.999999987531194012e-01 3.268422233661563806e-05 3.775583044229663469e-05 -6.957272433368631367e-03 -3.268543541167395647e-05 9.999999989496850539e-01 3.212930607019061905e-05 7.773729370537497225e-04 -3.775478028125800678e-05 -3.213054009588655165e-05 9.999999987711024607e-01 -1.289954376511284664e-04
9.999999989788744825e-01 4.388734562068093468e-05 1.077737796392639076e-05 -7.874647542363943931e-03 -4.388719801905812957e-05 9.999999989431754832e-01 -1.369535859375308029e-05 3.003899574388481201e-03 -1.077797900547259859e-05 1.369488559084757037e-05 9.999999998481425845e-01 -1.523519574654164186e-04
9.999999956814101809e-01 8.928574128028835574e-05 -2.579216930312297677e-05 -4.381024381368819193e-03 -8.928553640027769378e-05 9.999999959824886764e-01 7.944538878067235483e-06 -2.317096075953789525e-03 2.579287853354550271e-05 -7.942235976086874254e-06 9.999999996358241994e-01 1.158432575994520347e-03
9.999999960316927616e-01 8.879112536312298322e-05 -7.262958442389719416e-06 1.249588838382631809e-03 -8.879071639442276951e-05 9.999999944738343638e-01 5.628978574274569172e-05 8.909365485936307505e-04 7.267956435675955332e-06 -5.628914063608727821e-05 9.999999983893547162e-01 -4.846820205785477148e-04
9.999999999377482407e-01 8.404086095887919008e-06 7.339943316936136391e-06 -2.110419069343142003e-03 -8.404404065607270298e-06 9.999999990263066518e-01 4.332150337334830125e-05 5.053173239960065052e-03 -7.339579232145128979e-06 -4.332156505850091969e-05 9.999999990346862822e-01 -2.892111829124954184e-04
9.999999998193713768e-01 -1.828948240762792352e-05 5.172238522621059787e-06 -7.934111102328779766e-03 1.828946246431662533e-05 9.999999998253139566e-01 3.855858520562175863e-06 5.560797119294469404e-03 -5.172309043374120365e-06 -3.855763922403381432e-06 9.999999999791902017e-01 8.878678030227510256e-04
9.999999935485113234e-01 1.008343108082738158e-04 -5.230123403697452597e-05 4.826164949507192464e-04 -1.008342762250167678e-04 9.999999949160039980e-01 6.638685997405781921e-07 5.670330047946228053e-04 5.230130071180798631e-05 -6.585948383778439776e-07 9.999999986320701195e-01 1.508692498868403464e-03
9.999999951208949911e-01 8.794041116608483720e-05 -4.499660047020293284e-05 -2.246428006387711507e-03 -8.794036852331138315e-05 9.999999961327948883e-01 9.496664124333549871e-07 -1.752737397868395219e-04 4.499668381024663416e-05 -9.457093901721869487e-07 9.999999989872020434e-01 2.606057534594775297e-03
9.999999980758685902e-01 6.154633671694185527e-05 -7.766031649850934154e-06 -5.011939681365160451e-03 -6.154609507641525671e-05 9.999999976220775855e-01 3.111146179295629224e-05 -1.197642960996043657e-03 7.767946427887178657e-06 -3.111098376417146904e-05 9.999999994858828067e-01 1.500599552543513144e-03
9.999999938945526301e-01 9.810239227426141725e-05 5.086074485497041114e-05 -2.739377267318459340e-03 -9.810537953222023700e-05 9.999999934627735731e-01 5.873489088030087608e-05 -7.007069354984481798e-04 -5.085498248917687280e-05 -5.873988023437538034e-05 9.999999969816986134e-01 -1.903477434659879260e-03
9.999999986344156877e-01 4.679942314979759456e-05 2.325903250853696486e-05 -4.208938601947721445e-03 -4.679965852076626800e-05 9.999999988536978357e-01 1.011910989786884323e-05 3.905866228001669653e-03 -2.325855891336907417e-05 -1.012019839882926772e-05 9.999999996783105471e-01 4.122627444957237958e-04
9.999999989711294557e-01 4.443149290382072741e-05 9.142396615782017263e-06 -4.048877797411795654e-03 -4.443153335883360221e-05 9.999999990031298580e-01 4.424834395739255534e-06 1.701903491585402863e-03 -9.142200004670179159e-06 -4.425240601886887332e-06 9.999999999484187052e-01 2.137444827909008773e-03
9.999999995862096647e-01 2.710713582667415033e-05 -9.632437218844288137e-06 -3.293147199500923335e-03 -2.710696149407472791e-05 9.999999994688345550e-01 1.809816287277129189e-05 3.504236510095241203e-03 9.632927803087076553e-06 -1.809790175917766104e-05 9.999999997898363358e-01 1.410121150139046452e-03
9.999999970951288786e-01 7.499286727112389748e-05 -1.363129028583368588e-05 5.117613615980374370e-04 -7.499264297926548238e-05 9.999999970526853854e-01 1.645395777698259514e-05 1.822127274800425245e-04 1.363252417512963972e-05 -1.645293548270021950e-05 9.999999997717275990e-01 1.253766304964199201e-03
9.999999968529236227e-01 7.551822638530301848e-05 2.431358015229613333e-05 -8.454921242501654832e-04 -7.551863217298723471e-05 9.999999970092022794e-01 1.668926906347334375e-05 9.525652295659524545e-04 -2.431231973557978923e-05 -1.669110513926727051e-05 9.999999995651590590e-01 5.537968448917317266e-05
9.999999974694474547e-01 6.313659922399931829e-05 3.278528465307700744e-05 -4.196400215601318352e-03 -6.313749120749254356e-05 9.999999976367317522e-01 2.720650251032067090e-05 -2.300246666010923643e-04 -3.278356684955130765e-05 -2.720857242209470417e-05 9.999999990924656190e-01 -1.264992546603620161e-03
9.999999976905493693e-01 6.296952296356889307e-05 2.556834767291238809e-05 -6.229318679554786756e-03 -6.297042629074508287e-05 9.999999973932358621e-01 3.533063252060953378e-05 -1.144592980053740468e-03 -2.556612285318591579e-05 -3.533224248876769925e-05 9.999999990490030521e-01 -1.353715742386124273e-03
9.999999975549389575e-01 6.991907729939464725e-05 1.201925387558982624e-06 -3.477537476709936445e-03 -6.991911627674423410e-05 9.999999970288426798e-01 3.245969681138366762e-05 -1.368854278257931531e-03 -1.199655831937403000e-06 -3.245978076957865106e-05 9.999999994724617647e-01 1.184868553909066563e-04
9.999999927653419052e-01 1.165955444467798327e-04 -2.957693553981825496e-05 2.758668600395988713e-03 -1.165949192209313624e-04 9.999999929793665920e-01 2.113981001964432488e-05 -1.260653442072266414e-03 2.957940013982817191e-05 -2.113636134629496308e-05 9.999999993391566200e-01 8.033087665445641252e-04
9.999999955215514991e-01 9.388062347610521879e-05 -1.197186345570501664e-05 4.713771546804771014e-03 -9.388033410475937746e-05 9.999999953011656784e-01 2.416922441935824109e-05 9.770278786866944728e-04 1.197413242130863850e-05 -2.416810038857653386e-05 9.999999996362615162e-01 -2.450614195961446987e-04
9.999999985500882538e-01 4.160545696104633954e-05 3.418785647629571801e-05 6.938077375294535859e-04 -4.160665640511774800e-05 9.999999985190010099e-01 3.508395923861028513e-05 3.112420741122312682e-03 -3.418639674150740504e-05 -3.508538163013928104e-05 9.999999988001531115e-01 -1.344000999273578306e-03
9.999999994618059551e-01 2.329979564756822112e-05 2.309778444060511996e-05 -1.040222079837765240e-03 -2.330040298323421229e-05 9.999999993828534439e-01 2.629418881300535382e-05 2.962439228904251327e-03 -2.309717177712434033e-05 -2.629472698653946539e-05 9.999999993875540172e-01 -1.099442296293780263e-03
9.999999991402881427e-01 3.849140860755372495e-05 1.542190912545891870e-05 -3.040151415699793649e-03 -3.849170930961856281e-05 9.999999990690975338e-01 1.949854602004017163e-05 1.988681607902213766e-03 -1.542115858460051285e-05 -1.949913961892009434e-05 9.999999996909857414e-01 -6.786128149016923362e-04
9.999999938228537610e-01 1.026048585160840924e-04 -4.273798519520411837e-05 2.116709422850068800e-03 -1.026043491856324985e-04 9.999999946651361160e-01 1.191953407211457890e-05 -2.928309597238692129e-03 4.273920796930982883e-05 -1.191514889532941586e-05 9.999999990156946961e-01 1.489645407499375117e-03
9.999999975496428606e-01 6.944731486941229629e-05 -8.819561933757099324e-06 -1.833747808411685838e-03 -6.944703029291437752e-05 9.999999970681134887e-01 3.226271989857565825e-05 -7.139442284529390684e-04 8.821802467166483185e-06 -3.226210732713568773e-05 9.999999994406660875e-01 7.161114911350967456e-04
9.999999990906781600e-01 5.119605071933802522e-06 4.233713976214830441e-05 -8.167426755246749021e-03 -5.121592440965293902e-06 9.999999988851310251e-01 4.694152919090673569e-05 4.136786274036310072e-03 -4.233689939285700658e-05 -4.694174598179675782e-05 9.999999980020297663e-01 -1.032861980136165307e-03
9.999999994742380105e-01 2.604811811384517674e-05 1.931371573764918475e-05 -6.857922943474593393e-03 -2.604864044417400058e-05 9.999999992950243666e-01 2.704476983202761716e-05 2.600290138919115687e-03 -1.931301125867453762e-05 -2.704527291384539178e-05 9.999999994477803966e-01 1.305515299112424213e-03
9.999999970683078887e-01 7.507962662445835352e-05 -1.504771731449227084e-05 2.741908270197157549e-03 -7.507931167045393491e-05 9.999999969625197327e-01 2.092982306736949425e-05 -7.554323214269498352e-04 1.504928867208633939e-05 -2.092869323375151427e-05 9.999999996677543246e-01 6.197478015364829389e-04
9.999999958947551892e-01 8.383434322931966479e-05 -3.438448082394679440e-05 6.249285055872134433e-03 -8.383444723768099585e-05 9.999999964813220954e-01 -3.023433361324578715e-06 -2.369799225723188962e-04 3.438422723540874085e-05 3.026315952856074591e-06 9.999999994042831908e-01 2.473824089285314829e-04
9.999999983520144742e-01 4.527373302262444331e-05 3.530241108743231910e-05 -3.253412469287567804e-03 -4.527419439707918407e-05 9.999999988897305681e-01 1.306851558703284985e-05 3.209920862738458586e-03 -3.530181938775144935e-05 -1.307011385371838281e-05 9.999999992914768709e-01 8.869187209786352408e-05
9.999999985819887360e-01 5.325070511917240801e-05 6.203447517789540875e-07 -3.601645607898796078e-03 -5.325072813065644302e-05 9.999999978919738020e-01 3.715390148305315864e-05 1.045213032939519733e-03 -6.183662790193502024e-07 -3.715393446417823248e-05 9.999999993096013728e-01 4.563368914110880678e-04
9.999999988880698965e-01 4.621026539546990285e-05 -9.405932141315502445e-06 -6.469274831299911405e-04 -4.620989934297004063e-05 9.999999981751848122e-01 3.891369311888942994e-05 1.199849743072453840e-03 9.407730336237958319e-06 -3.891325842844265196e-05 9.999999991986264769e-01 -4.770490961061401962e-05
9.999999970418338435e-01 7.649202741560874954e-05 -8.080967559046714672e-06 2.118028690458406259e-03 -7.649174182614862860e-05 9.999999964502115368e-01 3.533539799417824266e-05 1.140416296592548697e-03 8.083670406593100735e-06 -3.533477976236603610e-05 9.999999993430538359e-01 1.273191795511297367e-03
9.999999965352368569e-01 8.231771845861897809e-05 1.238222827062881869e-05 2.167002443737583908e-03 -8.231809070794227664e-05 9.999999961598931009e-01 3.006568860642812215e-05 -3.491257210914051629e-04 -1.237975328418977179e-05 -3.006670778364758169e-05 9.999999994713674178e-01 -2.792669315706776054e-04
9.999999983792543512e-01 5.420287575570483912e-05 -1.742238641023011755e-05 -1.186919775647510451e-03 -5.420282487363697936e-05 9.999999985267609137e-01 2.920958235036740347e-06 -1.936492446923394938e-03 1.742254470889907680e-05 -2.920013887743135540e-06 9.999999998439642601e-01 -6.818665571301407886e-05
9.999999952248339596e-01 9.517808098756092548e-05 -2.216901034996326790e-05 3.721085074834468327e-03 -9.517777971696274872e-05 9.999999953782459094e-01 1.359037654076375729e-05 -2.606869696206315628e-03 2.217030375346260165e-05 -1.358826647868381959e-05 9.999999996619183262e-01 -5.791400917952830869e-04
9.999999973258237862e-01 5.786384019744201385e-05 -4.472279407910869807e-05 -2.629883052839957630e-03 -5.786294381469487820e-05 9.999999981250564662e-01 2.004411866169928828e-05 9.586714797107723229e-04 4.472395382493513040e-05 -2.004153081557674893e-05 9.999999987990525474e-01 -4.069830311242974511e-04
9.999999968873436451e-01 6.500866551414772243e-05 -4.471225850202075494e-05 -3.585543046136377768e-03 -6.500563874759778828e-05 9.999999955959991693e-01 6.769245601409284855e-05 -2.002237205375716894e-04 4.471665890133878085e-05 -6.768954925446571630e-05 9.999999967092726427e-01 6.271269849573261890e-04
9.999999963837521433e-01 8.500744768078924375e-05 2.495925294997336997e-06 -3.509021130478828451e-04 -8.500753716854778281e-05 9.999999957433388653e-01 3.587535182980510152e-05 3.600309980253394403e-03 -2.492875612279326409e-06 -3.587556387253321768e-05 9.999999993533646991e-01 1.665876190234367484e-03
9.999999951761124883e-01 9.666903174084166372e-05 -1.740325596872413126e-05 1.114025679108150702e-02 -9.666935678819514469e-05 9.999999951530929021e-01 -1.867751516027322937e-05 1.247744776056493657e-03 1.740145034706629785e-05 1.867919743173551293e-05 9.999999996741385511e-01 2.468062546191518696e-03
9.999999827292919141e-01 1.820989794390122114e-04 -3.716688852821482000e-05 3.817918663570341736e-02 -1.821021536166584145e-04 9.999999797712968430e-01 -8.541786425996995868e-05 9.005049907126463568e-04 3.715133327046926995e-05 8.542463095518718671e-05 9.999999956612054541e-01 5.424961641475597313e-03
9.999999666156420552e-01 2.067473778904880979e-04 -1.549975371348053096e-04 4.734821205420494672e-02 -2.067626526523851083e-04 9.999999737696478874e-01 -9.853887098778349462e-05 7.017362390834630363e-03 1.549771604159683137e-04 9.857091540005912553e-05 9.999999831329270394e-01 6.878599521528663135e-03
9.999999801351348028e-01 1.630190356843192747e-04 -1.146931733631654924e-04 2.366991117206126982e-02 -1.630245973244089867e-04 9.999999855361513257e-01 -4.848378807260797464e-05 6.617377820961937128e-03 1.146852679238828855e-04 4.850248491788745127e-05 9.999999922473991054e-01 6.531974565619259182e-03
9.999999989013876878e-01 4.595548976010559536e-05 9.236748739605968105e-06 -8.866792052532445484e-03 -4.595568042059224799e-05 9.999999987309841076e-01 2.064236267561792425e-05 3.678312385411766292e-03 -9.235800097997823001e-06 -2.064278713401317483e-05 9.999999997442876598e-01 2.149144567199326970e-03
9.999999921363033062e-01 -4.048010830597369816e-07 1.254082515113625208e-04 -2.514183996801054241e-02 3.951405562848265101e-07 9.999999970329080945e-01 7.703263991539429137e-05 -1.418126817474291189e-03 -1.254082823221607695e-04 -7.703258975574669705e-05 9.999999891693713838e-01 -3.042471318047691199e-03
9.999999922471048963e-01 -5.946634351407212342e-05 1.094054118389703028e-04 -3.393836922313016313e-02 5.946557651612685108e-05 9.999999982073256577e-01 7.013842907346251380e-06 3.212020698808938125e-03 -1.094058287304337107e-04 -7.007336997079674538e-06 9.999999939906308866e-01 -1.297030070612253255e-03
9.999999894608301299e-01 -1.020581819737465006e-04 1.032592229462776724e-04 -4.220169097808781217e-02 1.020604110605069173e-04 9.999999945589395089e-01 -2.158225066561436496e-05 4.610020913645930009e-03 -1.032570197391721473e-04 2.159278911689504709e-05 9.999999944358696213e-01 2.975776094721281888e-03
9.999999853807928218e-01 -1.487509036747017841e-04 8.433020158043143841e-05 -4.556151503426263821e-02 1.487490387928720942e-04 9.999999886922169567e-01 2.211988522301069045e-05 1.087494999364800249e-02 -8.433349097975993453e-05 -2.210734086320920673e-05 9.999999961995639230e-01 3.216829954302891093e-03
9.999999425320449387e-01 -3.356020497168584545e-04 4.803302140713315203e-05 -5.786173650027855164e-02 3.356006155186388507e-04 9.999999432401964761e-01 2.986353455017552873e-05 1.944871182055677578e-02 -4.804304094419512429e-05 -2.984741292242981073e-05 9.999999984004990239e-01 6.385779987369657670e-03
9.999999022401084847e-01 -4.264447165500021659e-04 1.168960105329979902e-04 -7.847840716814222239e-02 4.264395748115340111e-04 9.999999081063334350e-01 4.400697305839664024e-05 2.097154952191922911e-02 -1.169147663321470985e-04 -4.395711967125087461e-05 9.999999921993545371e-01 7.836151102678953415e-03
9.999998755779789805e-01 -4.865475893379188951e-04 1.100702950123230099e-04 -9.475264658430662679e-02 4.865516744005085256e-04 9.999998809459120785e-01 -3.708948291643946593e-05 2.779255617661963162e-02 -1.100522361095016563e-04 3.714303318803104510e-05 9.999999932544502146e-01 1.242884374190369318e-02
9.999998257814050051e-01 -5.808699511705610677e-04 1.050107584075847387e-04 -1.091861139398612873e-01 5.808680926103562420e-04 9.999998311389672878e-01 1.772839236865325109e-05 2.839333781934254633e-02 -1.050210385657691453e-04 -1.766739188109786292e-05 9.999999943292223747e-01 1.284657011613548130e-02
9.999997516509323559e-01 -6.501054000232960603e-04 2.721415854632765413e-04 -1.416613485451724275e-01 6.500684964384340460e-04 9.999997795021600133e-01 1.356708562852667395e-04 2.463796221925950575e-02 -2.722297258129415670e-04 -1.354939119202555749e-04 9.999999537661869997e-01 6.415849353570160507e-03
9.999994952852661045e-01 -9.063716027863630330e-04 4.334970941323932595e-04 -2.087838557826277586e-01 9.063079364354894489e-04 9.999995784923830788e-01 1.470407441501223023e-04 2.540274551294987790e-02 -4.336301849650164007e-04 -1.466477880796583557e-04 9.999998952296389465e-01 4.771320633123005313e-03
9.999989264749055140e-01 -1.359856311653677907e-03 5.457470550898045353e-04 -2.984190871321857896e-01 1.359763776674597626e-03 9.999990610891874576e-01 1.698917748764198685e-04 2.677763551008256748e-02 -5.459775710843573285e-04 -1.691495054165982517e-04 9.999998366484550427e-01 3.059617876444799701e-03
9.999980173037303910e-01 -1.894825367570095610e-03 6.123932024970247124e-04 -3.838042313609962841e-01 1.894708739445636388e-03 9.999981868028776644e-01 1.909705464208689702e-04 3.577682248524562125e-02 -6.127539479432492393e-04 -1.898098610315307542e-04 9.999997942523868311e-01 3.997971079751633586e-03
9.999972543950058634e-01 -2.234142435250721908e-03 7.069724385790588598e-04 -4.468477533843678851e-01 2.233927563987951528e-03 9.999974583974894360e-01 3.045754426537882614e-04 5.187346667269686351e-02 -7.076511066573022441e-04 -3.029952811924103073e-04 9.999997037118415477e-01 2.307893102704967891e-03
9.999964607496005797e-01 -2.508526906011695427e-03 8.864429109105749233e-04 -5.058622348780945632e-01 2.508189131848798017e-03 9.999967815452047715e-01 3.819509273157921749e-04 5.155022067141803999e-02 -8.873981921120853173e-04 -3.797262090206697939e-04 9.999995341661188641e-01 2.956411986452057560e-03
9.999942967092390056e-01 -3.236893835527802996e-03 9.638813682020137830e-04 -5.787077201808498161e-01 3.236557118197820170e-03 9.999947008432348294e-01 3.506899910892946203e-04 5.040516377283988519e-02 -9.650114067138789321e-04 -3.475683338989559866e-04 9.999994739744807459e-01 9.060470076563723399e-03
9.999844433035579572e-01 -5.515134425228983631e-03 8.345316919797680921e-04 -6.737265518896794481e-01 5.515048447005458515e-03 9.999847864613931048e-01 1.052919241078393962e-04 2.866405426155772471e-02 -8.350996949149991962e-04 -1.006878034015083859e-04 9.999996462351703475e-01 1.664319108279550471e-02
9.999671038101387577e-01 -8.052218889549322967e-03 9.762522818899181361e-04 -8.100574904594571857e-01 8.052209672703706383e-03 9.999675803447813927e-01 1.337124011018575687e-05 8.507087217143820268e-03 -9.763283002797248531e-04 -5.509812180099350072e-06 9.999995233762324354e-01 2.044336915424056766e-02
9.999581340326342271e-01 -9.060405907443929568e-03 1.280322914190601446e-03 -9.426569504802431165e-01 9.060127187511309715e-03 9.999589312667294116e-01 2.233276660723702985e-04 -1.159985131209546189e-02 -1.282293772255316223e-03 -2.117184277999386839e-04 9.999991554486378220e-01 2.110281092489528498e-02
9.999522437455518054e-01 -9.653657267672682146e-03 1.522212072880597825e-03 -1.078428068473868739e+00 9.653199453603409502e-03 9.999533594068971132e-01 3.078167795330357596e-04 -2.278676551605303413e-02 -1.525112633697541182e-03 -2.931078626063895001e-04 9.999987940588905833e-01 1.891863038345188708e-02
9.999285297580202680e-01 -1.183658025818425281e-02 1.682481427976797225e-03 -1.262425224368332488e+00 1.183633905960137546e-02 9.999299363424849485e-01 1.532441844381109684e-04 -5.090181868197268811e-02 -1.684177434262453931e-03 -1.333188113961515479e-04 9.999985728852138767e-01 2.097516697074716663e-02
9.998917026676921171e-01 -1.458545010911011484e-02 1.961525278522727872e-03 -1.436290902498820632e+00 1.458497616240546184e-02 9.998936008809770071e-01 2.557100222689233349e-04 -7.300217508152495594e-02 -1.965046219733354582e-03 -2.270735301264575152e-04 9.999980435135692458e-01 2.095489796592069770e-02
9.998504276906045041e-01 -1.715707970669895152e-02 2.181023350009722410e-03 -1.587906323664631136e+00 1.715575431910770429e-02 9.998526339040882949e-01 6.249550379863240022e-04 -6.917448748391041846e-02 -2.191424344513373534e-03 -5.874444612610200565e-04 9.999974262808616343e-01 2.828504004039843200e-02
9.997476203652690963e-01 -2.232114859958328479e-02 2.542026588584344205e-03 -1.714914987974054617e+00 2.231824861041339231e-02 9.997502397975426280e-01 1.163530712853243308e-03 -3.133913556095763858e-02 -2.567363033450704036e-03 -1.106503480018628579e-03 9.999960921409158932e-01 2.870732017896440030e-02
9.996248258971036638e-01 -2.725351704074121736e-02 2.730065767548419623e-03 -1.875413922147721957e+00 2.725094257625463104e-02 9.996281478221521466e-01 9.758126660397398004e-04 -3.328825062420417980e-02 -2.755644913769574132e-03 -9.010497009373028953e-04 9.999957972564412767e-01 3.838059496100592466e-02
9.994706362369993879e-01 -3.240274487488179617e-02 2.917091801949929768e-03 -2.055990935810039666e+00 3.240101320632921694e-02 9.994747450935610456e-01 6.389549001008301959e-04 -5.417383734473268930e-02 -2.936263477782945306e-03 -5.440999305314708160e-04 9.999955411460865751e-01 3.717881875398649366e-02
9.993556972278369033e-01 -3.573876933828483426e-02 3.306173687043897826e-03 -2.257499290765599298e+00 3.573697295727783219e-02 9.993610497425896577e-01 6.008504307100477008e-04 -8.417348831175056056e-02 -3.325534861465472957e-03 -4.823106614659344437e-04 9.999943540812172849e-01 2.643585666988761823e-02
9.992609028578691710e-01 -3.825192311031334197e-02 3.799789209776373820e-03 -2.524266133942890011e+00 3.824854178292088486e-02 9.992677969919380176e-01 9.586168990596292874e-04 -1.118592551771775689e-01 -3.833675932602050203e-03 -8.125719916927125371e-04 9.999923212983198306e-01 2.298082056981112092e-02
9.990514507203529515e-01 -4.333919828469971758e-02 4.232340439709451375e-03 -2.756015223449844065e+00 4.333290461616716438e-02 9.990594586434616842e-01 1.567632788469452282e-03 -1.287604611119705367e-01 -4.296299696748029882e-03 -1.382746206940121958e-03 9.999898148590529168e-01 3.415077269664106019e-02
9.987741431146115456e-01 -4.929129688534273496e-02 4.536418965934868076e-03 -2.959975514733237834e+00 4.928316886959938775e-02 9.987830647852301569e-01 1.886468762854490167e-03 -1.575516324922431044e-01 -4.623884929801058176e-03 -1.660587120171053057e-03 9.999879309964556651e-01 4.654256335474192541e-02
9.984072241829142769e-01 -5.619598873102274461e-02 5.002554338612075213e-03 -3.157482614616792027e+00 5.618800202643298158e-02 9.984187194294715795e-01 1.723113777952951699e-03 -1.659725393580191999e-01 -5.091475979081529213e-03 -1.439285710682064630e-03 9.999860025665346930e-01 5.011590928557323188e-02
9.980895573448409497e-01 -6.154656778534782491e-02 5.408836568333786482e-03 -3.382704724415712683e+00 6.153986605355768469e-02 9.981036485514311885e-01 1.397009102048546968e-03 -1.866060083597126662e-01 -5.484560628668333840e-03 -1.061481118349502043e-03 9.999843963045352835e-01 5.085482894888748717e-02
9.977377183281712636e-01 -6.692391482688964111e-02 6.374562693858804030e-03 -3.670557190860252561e+00 6.691475304049743222e-02 9.977573482438053531e-01 1.640076528354668037e-03 -2.035274230776093762e-01 -6.470027111531637815e-03 -1.209813924883444691e-03 9.999783373150856747e-01 5.178296475080708394e-02
9.972724423503288582e-01 -7.333857231273663291e-02 8.314417582696834522e-03 -3.973550897467852394e+00 7.331638541087781569e-02 9.973043900159801467e-01 2.943006139534567241e-03 -2.318194305548882950e-01 -8.507841024230690732e-03 -2.325395876665670245e-03 9.999611038311055911e-01 5.446259770177699217e-02
9.967775198431587658e-01 -7.968647548368430755e-02 9.200084799032013164e-03 -4.252716332126580845e+00 7.965445474817363369e-02 9.968153058835729219e-01 3.796550409257162112e-03 -2.940604482643395801e-01 -9.473319064211749643e-03 -3.051488362595028425e-03 9.999504710957841658e-01 7.075594912119614888e-02
9.960986822143057529e-01 -8.778416973563184234e-02 9.019691499668627474e-03 -4.495423700939850775e+00 8.775396477083498292e-02 9.961353359331794888e-01 3.692448007867220848e-03 -3.346331291231267602e-01 -9.308971904698664160e-03 -2.886528904675656620e-03 9.999525043685625336e-01 9.692859601579932594e-02
9.952785320780999090e-01 -9.661133431529411730e-02 9.321677224675917195e-03 -4.754018443657919590e+00 9.658244569709201199e-02 9.953188266641562754e-01 3.502066683464046502e-03 -3.431694968072698249e-01 -9.616380172957020994e-03 -2.585221403599635009e-03 9.999504197022287544e-01 9.082160793591731451e-02
9.943896734210634358e-01 -1.053277855040226363e-01 9.758841855945046481e-03 -5.043818589165382171e+00 1.053000802237028521e-01 9.944349770416027745e-01 3.312029762656768656e-03 -3.650226733675770441e-01 -1.005338243739339714e-02 -2.265841363727664516e-03 9.999468963222406526e-01 9.619245646686949702e-02
9.933822062044569412e-01 -1.143964060657703952e-01 1.025937013666819095e-02 -5.371439330242254506e+00 1.143664562352918745e-01 9.934325992608558087e-01 3.461851238991642613e-03 -4.280716770045844832e-01 -1.058801608172445924e-02 -2.265613615604227839e-03 9.999413787369727524e-01 9.801407673263819176e-02
