1.000000000000000000e+00 0.000000000000000000e+00 0.000000000000000000e+00 0.000000000000000000e+00 0.000000000000000000e+00 1.000000000000000000e+00 0.000000000000000000e+00 0.000000000000000000e+00 0.000000000000000000e+00 0.000000000000000000e+00 1.000000000000000000e+00 0.000000000000000000e+00
9.999999661296598008e-01 8.989858449084566882e-05 2.442517630591011109e-04 1.797068176428323963e-03 -8.990812642880182889e-05 9.999999951956063393e-01 3.905529493848334952e-05 -2.492904042821384808e-05 -2.442482508698876043e-04 -3.907725383406079775e-05 9.999999694078796075e-01 -5.269748489014476796e-03
9.999999923684691483e-01 8.409808540042216032e-05 9.050178804367382032e-05 3.065934336540734710e-03 -8.408754694721197779e-05 9.999999896852489467e-01 -1.164422019042553666e-04 5.491312538957615228e-04 -9.051157967641037605e-05 1.164345909422721841e-04 9.999999891253199547e-01 -3.844271131099097523e-03
9.999999507911465635e-01 3.105649997630607396e-04 -4.435183505562445734e-05 1.375850933208709950e-02 -3.105666067484033860e-04 9.999999511178699896e-01 -3.623037902920374495e-05 -3.611320345225295728e-03 4.434058099995767037e-05 3.624415144526462764e-05 9.999999983601371989e-01 -2.523117218913814228e-03
9.999999899916840462e-01 -3.032126130063141428e-05 -1.381928107609980863e-04 -1.811865175675130002e-04 3.034526197488512247e-05 9.999999844578214558e-01 1.736764863166643971e-04 4.919858253657023381e-04 1.381875425230573592e-04 -1.736806780755008090e-04 9.999999753696122706e-01 -3.649089280619524471e-03
9.999999863584962956e-01 -1.134170207247632431e-04 -1.200815828152040476e-04 -4.183990972369860256e-03 1.134315349382789543e-04 9.999999862619017854e-01 1.208696948599472887e-04 3.041817302476747687e-03 1.200678724848245553e-04 -1.208833142493594593e-04 9.999999854854650927e-01 -3.019671759499405889e-04
9.999999992907964153e-01 1.987229216193009821e-05 3.199217223632318008e-05 -1.555600449073316592e-03 -1.986557124678237733e-05 9.999999777386910926e-01 -2.100666001538268809e-04 -2.299281912498960315e-04 -3.199634602898727308e-05 2.100659644620699973e-04 9.999999774242619432e-01 6.134468805243688261e-03
9.999999801617035500e-01 1.347194836584707180e-04 1.467216861879537548e-04 2.536972411561935759e-03 -1.346953453693818805e-04 9.999999773959915572e-01 -1.645149850836750765e-04 -3.967151312706787905e-03 -1.467438462453000590e-04 1.644952190917837672e-04 9.999999757037829617e-01 -3.849836865483877851e-04
9.999999736804527917e-01 1.461022287185110679e-04 1.768989332737344567e-04 2.196594340556875732e-03 -1.461003496800752065e-04 9.999999892707924776e-01 -1.063497746968123571e-05 -7.581172660487616594e-03 -1.769004851696598087e-04 1.060913219376412027e-05 9.999999842968322339e-01 -4.735618219552418379e-03
9.999999936752280716e-01 1.054756480600941025e-04 -3.904396855067156214e-05 7.209026632635472109e-04 -1.054712310796290987e-04 9.999999880406177377e-01 1.131131461999906575e-04 -9.176367582751601693e-03 3.905589876612937568e-05 -1.131090274691465362e-04 9.999999928404923466e-01 -3.617061887826184506e-03
9.999999902359089088e-01 1.006835051972791873e-05 -1.393800932440769939e-04 -1.648654618331676707e-04 -1.005237057042745545e-05 9.999999933771199778e-01 1.146503808349833898e-04 -2.459979839902736928e-03 1.393812466612008496e-04 -1.146489786151791987e-04 9.999999837142397041e-01 1.316438526908391554e-03
9.999999999564201936e-01 -8.657151921336673012e-06 3.494751431275033377e-06 3.857724574295631759e-03 8.657133990430415066e-06 9.999999999493645042e-01 5.130792712429288895e-06 2.732647147530097020e-03 -3.494795849150062961e-06 -5.130762457674287081e-06 9.999999999807308582e-01 1.502964702732227306e-03
9.999999863877300221e-01 1.279663182689089228e-04 1.041593069423627654e-04 7.311672582101168445e-03 -1.279601013850043293e-04 9.999999900316116630e-01 -5.969077844887636322e-05 2.297755520653869260e-03 -1.041669443132150444e-04 5.967744940087283632e-05 9.999999927939248190e-01 -2.209172809843912549e-03
9.999999814597444470e-01 1.763555276955619717e-04 7.732553625881386677e-05 8.004119411142181575e-03 -1.763483454473255025e-04 9.999999801372602137e-01 -9.288024659592540664e-05 -2.831911547423813201e-03 -7.734191466781776766e-05 9.286660864352184140e-05 9.999999926970105646e-01 -1.489331996281912859e-03
9.999999697556394285e-01 2.408245732598550284e-04 -4.992239046189664872e-05 7.740644273624085712e-03 -2.408204208310640762e-04 9.999999675443858038e-01 8.316701389382395596e-05 -9.534173303069843480e-03 4.994241750226507720e-05 -8.315498904741088957e-05 9.999999952955013205e-01 3.790927602244714093e-04
9.999999935794270378e-01 6.115535302787955963e-05 -9.540004571771118014e-05 6.654280882671862948e-03 -6.114571831834351198e-05 9.999999930308719476e-01 1.009923617397419187e-04 -4.099060280013118451e-03 9.540622127639136253e-05 -1.009865277869900681e-04 9.999999903496870068e-01 1.867290604341311985e-03
9.999999976279653202e-01 -6.107101026624400309e-05 3.184966209203760772e-05 5.462868709480636631e-04 6.107094675276190465e-05 9.999999981331794130e-01 1.995133753258440877e-06 1.834895627196012373e-03 -3.184978387741393339e-05 -1.993188659508198462e-06 9.999999994908091994e-01 -8.210830373079876579e-05
9.999999944926510898e-01 -1.290411672229425345e-05 1.041546042163085163e-04 3.486855953512945326e-03 1.291061991319397417e-05 9.999999979674414341e-01 -6.243743206298900926e-05 4.015633218276254066e-03 -1.041537983046970093e-04 6.243877641963153696e-05 9.999999926266927019e-01 -1.315414478335265704e-03
9.999999965670669511e-01 -1.771653454048084626e-05 8.094436674073169887e-05 3.275745907912786664e-03 1.772418398129324183e-05 9.999999953775456918e-01 -9.450270807395776791e-05 3.412572803096618288e-03 -8.094269210607831161e-05 9.450414242238466508e-05 9.999999922586237933e-01 -5.509460215171340693e-04
9.999999987043318717e-01 3.643775459944562962e-05 -3.554752116979355021e-05 5.468204078111318575e-03 -3.643849393101959217e-05 9.999999991198401661e-01 -2.079797433073020976e-05 6.832240049114471879e-04 3.554676330702122907e-05 2.079926960191734453e-05 9.999999991519089582e-01 1.455852947865663881e-03
9.999999895548890017e-01 1.420617264600539987e-04 -2.662118867041739830e-05 3.825674060693898954e-03 -1.420583551242497777e-04 9.999999818959067754e-01 1.266001966516970025e-04 -6.849212791685937649e-03 2.663917323097143787e-05 -1.265964135670699187e-04 9.999999916318512705e-01 -2.106103094279715773e-03
9.999999899853069252e-01 1.409077218571720030e-04 1.320605743474966824e-05 5.809031689219363529e-04 -1.409081800392832323e-04 9.999999894703855974e-01 3.470033848552558838e-05 -8.036093534065128288e-03 -1.320116775005130651e-05 -3.470219897953097295e-05 9.999999993107432372e-01 1.320256713092360888e-03
9.999999871759090997e-01 4.992448785963754011e-05 1.521700597758938447e-04 8.436509881105738740e-04 -4.991433040085555678e-05 9.999999965262468260e-01 -6.675377191476184922e-05 -3.278908049651940194e-03 -1.521733918951681400e-04 6.674617559206465244e-05 9.999999861941033519e-01 -1.234485129618138714e-03
9.999999921307021200e-01 2.186428528637454211e-06 1.254345057199276103e-04 4.689208239491625581e-03 -2.173950052634854090e-06 9.999999950492973744e-01 -9.948205411328575913e-05 -5.233702313366345258e-04 -1.254347226093398564e-04 9.948178064208152696e-05 9.999999871847528032e-01 -2.960491478505064555e-03
9.999999841566180603e-01 1.773067614589122403e-04 1.578214154786253121e-05 1.060649038026922029e-02 -1.773050202019972718e-04 9.999999782023960559e-01 -1.102639434772825447e-04 -4.131290786476640893e-03 -1.580169174657330850e-05 1.102611434774028036e-04 9.999999937963933716e-01 -2.590905683095591494e-06
9.999999819855344141e-01 1.877443083683939134e-04 -2.794647454252909170e-05 3.723294195919343505e-03 -1.877417784050746134e-04 9.999999782810249371e-01 9.050400147318344538e-05 -8.901413533673711506e-03 2.796346554672146304e-05 -9.049875312197145662e-05 9.999999955140100871e-01 -8.653748079361241706e-04
9.999999967102309872e-01 7.803006487225226065e-05 -2.215506897550038437e-05 -3.181289856685259095e-03 -7.802798437754218349e-05 9.999999925480215213e-01 9.389137664446134651e-05 -9.119937800131722866e-03 2.216239516061179835e-05 -9.388964762020448826e-05 9.999999953467811897e-01 1.708783579962996641e-04
9.999999990410998185e-01 -3.243555870091125630e-05 2.942337509536968094e-05 2.619896049136887298e-03 3.243595430595069254e-05 9.999999993835719803e-01 -1.344488623386472508e-05 -3.340145537947838278e-03 -2.942293898483562249e-05 1.344584059622253966e-05 9.999999994767500011e-01 -1.306525148592029961e-04
9.999999957891980706e-01 -5.263496167006746968e-05 7.517422905012573133e-05 2.254635563374045824e-03 5.263726814407113346e-05 9.999999981440258479e-01 -3.068006252706421239e-05 -1.911804439199601621e-03 -7.517261406668917145e-05 3.068401936392858495e-05 9.999999967037844772e-01 -1.636100420501663578e-03
9.999999953515174012e-01 8.892227618420133622e-05 3.727994141151111732e-05 5.364184937620832677e-03 -8.892233799672903454e-05 9.999999960450370873e-01 1.656409739958215339e-06 -1.981327152441809351e-03 -3.727979397234596533e-05 -1.659724751809116223e-06 9.999999993037311796e-01 -1.861230654347050678e-03
9.999999806964835480e-01 1.961923059501888842e-04 1.075228338173762437e-05 3.279585112889693913e-03 -1.961922326766387878e-04 9.999999807310794298e-01 -6.815327823872439297e-06 -5.851817022287531672e-03 -1.075362028943430011e-05 6.813218177829611620e-06 9.999999999189698174e-01 -2.676101947517928441e-03
9.999999934436849536e-01 1.089754108326713284e-04 3.517086650144258251e-05 -3.307495116570970464e-03 -1.089741159263124851e-04 9.999999933845604705e-01 -3.681740133402185264e-05 -3.642956174455180482e-03 -3.517487846020800368e-05 3.681356837855201609e-05 9.999999987037445637e-01 -1.572056280819634317e-03
9.999999973846633861e-01 6.132514090203423495e-05 3.833927792846134606e-05 -2.083566633244271493e-03 -6.132526204523463230e-05 9.999999981146177053e-01 3.158599798336790500e-06 -2.633758942906735262e-03 -3.833908415459946740e-05 -3.160950956341576484e-06 9.999999992600615561e-01 -2.401177536559464393e-03
9.999999997835280485e-01 7.155212966398543757e-06 1.953834249365662975e-05 2.481582677756877502e-03 -7.155169404900117444e-06 9.999999999719162425e-01 -2.229608084108060972e-06 -4.736569571741782760e-04 -1.953835844642859044e-05 2.229468283474980326e-06 9.999999998066410045e-01 -9.579628182782820751e-04
9.999999980683201839e-01 5.277014115750340855e-05 -3.284314100979522741e-05 3.103128009145761541e-03 -5.276655577841656410e-05 9.999999926501055292e-01 1.091580479134534383e-04 -5.134402191860289524e-03 3.284890105399847161e-05 -1.091563146831630009e-04 9.999999935029243447e-01 -8.037733551482931834e-04
9.999999979551731366e-01 6.388595463776092025e-05 -2.870284830485803142e-06 4.528093838548679674e-03 -6.388574547302536678e-05 9.999999953083987814e-01 7.281355536657028646e-05 -4.792376627013843725e-03 2.874936580514734215e-06 -7.281337184739305535e-05 9.999999973449738011e-01 -8.295250076070467306e-04
9.999999986162518839e-01 4.956828833373328337e-05 1.762047073828296623e-05 2.840322920340476297e-03 -4.956729832376158989e-05 9.999999971933770659e-01 -5.618121419989415298e-05 -2.201138561024826475e-03 -1.762325549545335016e-05 5.618034072302381118e-05 9.999999982665951359e-01 8.336398331579681319e-04
9.999999986335010860e-01 1.947658054306097223e-05 4.851454129725991422e-05 -4.787935651754514181e-03 -1.947565608893679271e-05 9.999999996287914916e-01 -1.905559617900229370e-05 -6.420202342175615820e-03 -4.851491241710467625e-05 1.905465130044122605e-05 9.999999986416118203e-01 -7.975931416872917602e-04
9.999999976859135220e-01 6.108523589166590332e-05 2.994606559289975822e-05 -4.901351272074938939e-03 -6.108431221169677620e-05 9.999999976586547712e-01 -3.084472980316069852e-05 -2.789116862558642038e-03 -2.994794968038172114e-05 3.084290049696314341e-05 9.999999990759178559e-01 -1.027827382220169181e-03
9.999999992575457908e-01 2.543404780179221636e-06 3.845048043185120246e-05 6.329875827576778372e-03 -2.542335667507956862e-06 9.999999996102106881e-01 -2.780494691959464932e-05 1.511671026845622968e-03 -3.845055113609852321e-05 2.780484914492291495e-05 9.999999988742227508e-01 -9.426749076179487957e-04
9.999999927046167025e-01 1.131735218417097321e-04 4.221990725764146734e-05 2.967905164724508188e-02 -1.131725891838456259e-04 9.999999933519495565e-01 -2.209221144323871263e-05 -1.603734094273653009e-03 -4.222240723033569880e-05 2.208743314584811113e-05 9.999999988647068072e-01 1.464718088051316508e-03
9.999999665419355699e-01 2.008125325913346151e-04 1.630657979937536481e-04 4.941110114901874073e-02 -2.007981082955928413e-04 9.999999759267254040e-01 -8.846845886804686587e-05 -1.441427443077587106e-03 -1.630835596435056475e-04 8.843571260429862458e-05 9.999999827914385353e-01 5.416789135969360749e-03
9.999999181983806329e-01 2.721275435527095070e-04 2.992487796798507437e-04 4.375665516315203896e-02 -2.720454940897884533e-04 9.999999254051823439e-01 -2.741913182279453695e-04 3.817573396457062812e-03 -2.993233723673354189e-04 2.741098865165276957e-04 9.999999176346410223e-01 5.640120305547510239e-03
9.999999351799288005e-01 1.804601134288685014e-04 3.115674655318546090e-04 5.927865878372691466e-03 -1.804199157711101431e-04 9.999999753985634454e-01 -1.290407935997664663e-04 5.681624954566735254e-03 -3.115907445830973710e-04 1.289845722594447840e-04 9.999999431370923952e-01 3.490929085451406622e-04
9.999999904335599155e-01 5.854085128014522378e-05 1.253229784111878744e-04 -3.456703154882010548e-02 -5.853918826139126809e-05 9.999999981984889486e-01 -1.327349002313753694e-05 1.234116365379407665e-03 -1.253237552268225328e-04 1.326615359073079772e-05 9.999999920589827118e-01 3.600378437136749973e-04
9.999999998845370275e-01 1.154768982872033497e-05 9.878093183195195214e-06 -4.748518970756490654e-02 -1.154741479486524231e-05 9.999999995457286017e-01 -2.784241224552860263e-05 -5.955712508508124656e-03 -9.878414694248554499e-06 2.784229817587446926e-05 9.999999995636116301e-01 1.711312012960737291e-03
9.999999990884212986e-01 -3.745805318745095721e-05 2.049516122814795151e-05 -5.051036486089565541e-02 3.745928982291324248e-05 9.999999974778907008e-01 -6.034086654573155473e-05 -1.410503894117717469e-02 -2.049290092506846799e-05 6.034163422491051524e-05 9.999999979694640384e-01 1.759720271259936162e-03
9.999999753228825394e-01 -2.588781420781032603e-06 2.221430450661804465e-04 -6.632572510931830645e-02 2.613813002216589516e-06 9.999999936479619933e-01 -1.126820485006284296e-04 -1.438645881727836258e-02 -2.221427519459257612e-04 1.126826263603398186e-04 9.999999689776112310e-01 2.066869122892164151e-03
9.999999369476448852e-01 -1.192244437395351565e-04 3.344999823019309147e-04 -9.580580409689502808e-02 1.193090528840513918e-04 9.999999608949716734e-01 -2.529335980602667820e-04 -4.462243004630888840e-03 -3.344698133537679077e-04 2.529734909882859224e-04 9.999999120671745345e-01 3.961419062472013551e-03
9.999999285629445067e-01 -1.802500931093537406e-04 3.322408913920505899e-04 -1.334144403623945263e-01 1.803305579420170536e-04 9.999999544162760934e-01 -2.421741842569914488e-04 -4.025858223926186835e-03 -3.321972243280125504e-04 2.422340801420966522e-04 9.999999154838237203e-01 6.059363387323265376e-03
9.999999516410186251e-01 -1.057132205533637353e-04 2.924767947448175462e-04 -1.633290148429202282e-01 1.057549554516047332e-04 9.999999842287327079e-01 -1.426829479136812646e-04 -1.978101663705751634e-02 -2.924617066581458895e-04 1.427138718840781329e-04 9.999999470494490561e-01 6.243606433116086901e-03
9.999998817863675615e-01 -3.948747472592529844e-04 2.837273073334361010e-04 -2.017824586007945509e-01 3.949317097340670395e-04 9.999999018668168649e-01 -2.007368954127420778e-04 -2.471909251777718725e-02 -2.836480135595305656e-04 2.008489245934879253e-04 9.999999396017551501e-01 1.132727634685302791e-02
9.999997733826386792e-01 -5.863631590641292827e-04 3.307762341119968976e-04 -2.265763868049799068e-01 5.864355933289303177e-04 9.999998040818485201e-01 -2.189282059359378872e-04 -3.124183823807800270e-02 -3.306477978724876908e-04 2.191221352801161093e-04 9.999999213287587008e-01 1.523111925615351810e-02
9.999994109762935235e-01 -9.235404059490693197e-04 5.701931117340543892e-04 -2.748024222943286077e-01 9.237381897875590522e-04 9.999995132512992102e-01 -3.467058139109262271e-04 -2.370981138820124276e-02 -5.698726373651737901e-04 3.472323188458452327e-04 9.999997773374221799e-01 1.673163046072918131e-02
9.999985980750749626e-01 -1.396737216112547671e-03 9.235653922615965749e-04 -3.565061292415979688e-01 1.397206668764573246e-03 9.999988949477801592e-01 -5.078550416271573236e-04 -1.863626406091741655e-02 -9.228550316365785426e-04 5.091447413776243333e-04 9.999994445549571509e-01 1.736036257156951465e-02
9.999969348675569192e-01 -2.254335205928872151e-03 1.023830196100093725e-03 -4.506344224407268784e-01 2.254533907914001763e-03 9.999974399175137751e-01 -1.929644436509953399e-04 -4.250975710670280155e-04 -1.023392568471524983e-03 1.952721120824726670e-04 9.999994572680792615e-01 1.090793951489416047e-02
9.999965053527376524e-01 -2.449365082093099902e-03 9.949336694811828762e-04 -5.330088354489559421e-01 2.449878825104475147e-03 9.999968661878492204e-01 -5.154689350991642710e-04 -4.975932938747505696e-03 -9.936679799354248502e-04 5.179046006463069096e-04 9.999993721991881079e-01 1.858233870444547797e-02
9.999960933171433419e-01 -2.545189032411435733e-03 1.155579179628129106e-03 -6.222412492954234597e-01 2.545839414456460299e-03 9.999966015930664698e-01 -5.616974218004002709e-04 -2.198922323085834851e-02 -1.154145626382332805e-03 5.646371464487344276e-04 9.999991745660422593e-01 2.190273456164601104e-02
9.999941333651063413e-01 -3.101102840752468191e-03 1.454784018664316385e-03 -7.319111569607367196e-01 3.102228570813824436e-03 9.999948899331638774e-01 -7.721952175335490510e-04 -3.061266544442354381e-02 -1.452381927838039891e-03 7.767037598932050079e-04 9.999986436580826643e-01 2.385938745946248468e-02
9.999902483415046284e-01 -4.109955806613139334e-03 1.616009023336196322e-03 -8.241939137230487322e-01 4.111104821350861430e-03 9.999912984963551521e-01 -7.083422347076971139e-04 -1.387805472774305757e-02 -1.613083706347183182e-03 7.149789096833104613e-04 9.999984433818459584e-01 2.380336992337317090e-02
9.999856903846747747e-01 -5.063874706066873697e-03 1.725166324328041836e-03 -9.297459528412034269e-01 5.064991335333702237e-03 9.999869657964992609e-01 -6.435059315496947496e-04 2.384506741522357184e-03 -1.721885204749119607e-03 6.522346757120859109e-04 9.999983048491979387e-01 2.532633950134308837e-02
9.999827823696210150e-01 -5.573900879060062277e-03 1.834827866999482219e-03 -1.043284066034205315e+00 5.575544682884981187e-03 9.999840586941327603e-01 -8.919972525111869322e-04 2.672274042165412311e-03 -1.829826713177349099e-03 9.022120591900522745e-04 9.999979188716344725e-01 3.306244487582331304e-02
9.999801818793431218e-01 -5.959615159520608232e-03 2.029491489571668382e-03 -1.183440368795085407e+00 5.961626660124983573e-03 9.999817427141979298e-01 -9.865322300882089362e-04 -2.558679792263853642e-02 -2.023575084131721234e-03 9.986117494441685595e-04 9.999974539559851605e-01 3.676428255191629274e-02
9.999766538342714783e-01 -6.483909744292139579e-03 2.156548362909062495e-03 -1.338006274831453846e+00 6.485995164041901198e-03 9.999785035251319565e-01 -9.614334972833396510e-04 -4.622328894123439724e-02 -2.150268156699853064e-03 9.753984137504256727e-04 9.999972124685092556e-01 3.459271403450174531e-02
9.999669360648399952e-01 -7.807751434035956409e-03 2.272838454537656327e-03 -1.518880989249949298e+00 7.810468932567798256e-03 9.999687906661320902e-01 -1.189230325346286475e-03 -3.728131944890306776e-02 -2.263482305985379649e-03 1.206942938849830905e-03 9.999967099628842560e-01 3.916222509693665504e-02
9.999519219865515840e-01 -9.542891642991465154e-03 2.255423350841306417e-03 -1.704322800666861148e+00 9.545847438025561668e-03 9.999535878742881190e-01 -1.303416291263874080e-03 -1.950170623488093127e-02 -2.242880311415972484e-03 1.324883552813185209e-03 9.999966070799841678e-01 4.505943601106132679e-02
9.999386641803458264e-01 -1.089302834609650467e-02 2.002451167139361089e-03 -1.879593278190303307e+00 1.089566982272794499e-02 9.999397784187512572e-01 -1.312979425874017184e-03 -1.492877846074750631e-02 -1.988028254259815650e-03 1.334716939958028627e-03 9.999971331330658186e-01 4.867990139534750932e-02
9.999347611423932136e-01 -1.129250629838330494e-02 1.718359859285213979e-03 -2.042400821112798859e+00 1.129427658562324674e-02 9.999356932756310323e-01 -1.024026264614402585e-03 -2.906946731962290961e-02 -1.706685534148508080e-03 1.043367089835139450e-03 9.999979993028003111e-01 4.787641659764569485e-02
9.999421428957516733e-01 -1.062816537020872323e-02 1.659205206006704719e-03 -2.222820752908885922e+00 1.062959766954624241e-02 9.999431371349269959e-01 -8.568256206684582215e-04 -5.376949113525018864e-02 -1.650004374455050788e-03 8.744127310102684609e-04 9.999982564424501064e-01 4.905621748886788286e-02
9.999418755108941959e-01 -1.061966493593269334e-02 1.862341645325600896e-03 -2.420181139438157825e+00 1.062160007361717326e-02 9.999430563687635720e-01 -1.032294421114866075e-03 -4.833475960139071992e-02 -1.851272975962240655e-03 1.052015467686122797e-03 9.999977330233424944e-01 4.837163982481566815e-02
9.999344274638066743e-01 -1.125993643190583392e-02 2.086768836881824820e-03 -2.603189658682198093e+00 1.126213990502939431e-02 9.999360317423725553e-01 -1.047200112895473002e-03 -3.099747207715373987e-02 -2.074843943212570808e-03 1.070632927918586984e-03 9.999972743801579522e-01 5.352867468833857889e-02
9.999228756828204556e-01 -1.224044501726644606e-02 2.100997852932623682e-03 -2.819883071937744567e+00 1.224264060634859368e-02 9.999245200402636646e-01 -1.035361401693594237e-03 -1.410024365443722852e-02 -2.088165985388847675e-03 1.061003311780618933e-03 9.999972569136326150e-01 6.736292449498029744e-02
9.999164450819763017e-01 -1.279527718430469897e-02 1.839493517187147046e-03 -3.040304608334470693e+00 1.279651732333190496e-02 9.999179007591367796e-01 -6.639923453502691829e-04 -2.037436159275938727e-02 -1.830846530058799927e-03 6.874759761831272797e-04 9.999980876870543378e-01 7.056547780833716255e-02
9.999071656658604645e-01 -1.350619467367190560e-02 1.800765254657997125e-03 -3.297731464146415714e+00 1.350718011757742754e-02 9.999086301122959153e-01 -5.362016627928147027e-04 -3.616767075649870294e-02 -1.793358674896871133e-03 5.604751455126256608e-04 9.999982348645793939e-01 7.404313448103655437e-02
9.999035445265102018e-01 -1.372984041573745324e-02 2.095978406262710616e-03 -3.519682759389031634e+00 1.373210044609081588e-02 9.999051402036599479e-01 -1.067713274982744339e-03 -7.325282942913431683e-02 -2.081120049302681834e-03 1.096392474200891297e-03 9.999972334276144847e-01 7.631610380339035049e-02
9.998957914323028939e-01 -1.415864024510199957e-02 2.817655475463790807e-03 -3.756517753703374041e+00 1.416277381521360672e-02 9.998986478781863863e-01 -1.452518238720775434e-03 -8.056112996549742722e-02 -2.796804216911315689e-03 1.492272691063756132e-03 9.999949754915710143e-01 7.809116730614422408e-02
9.998862121667880798e-01 -1.471244415246434310e-02 3.332672473168382145e-03 -4.026942769761455487e+00 1.471717974630315333e-02 9.998907150505381702e-01 -1.400919711655160185e-03 -7.299539036015499638e-02 -3.311697309205765757e-03 1.449807843859842686e-03 9.999934653377231530e-01 8.131089906593255701e-02
9.998774054287136170e-01 -1.529544910859338171e-02 3.350126820023844546e-03 -4.298339895717646186e+00 1.530068989898581734e-02 9.998817449415280390e-01 -1.544351417280891278e-03 -6.677042191518760272e-02 -3.326109102072050735e-03 1.595421339776434714e-03 9.999931957913462677e-01 9.381528881920163376e-02
9.998646243199116324e-01 -1.617164727597207585e-02 3.034939535414750249e-03 -4.575338222494645279e+00 1.617573863917753235e-02 9.998682817199516792e-01 -1.328416300864627498e-03 -6.894108733566946257e-02 -3.013057098545860249e-03 1.377328854315033142e-03 9.999945122110160955e-01 1.118018507760666497e-01
9.998588651485967871e-01 -1.646819656710840976e-02 3.323896145682682293e-03 -4.842320394467263256e+00 1.647178425641797686e-02 9.998637744896762269e-01 -1.054887040381965362e-03 -9.742745874111215232e-02 -3.306071259096867495e-03 1.109488659258698251e-03 9.999939194453858482e-01 1.152635179320915526e-01
9.998525984119391863e-01 -1.676609341319245869e-02 3.698588994951818899e-03 -5.135220490257633053e+00 1.677307468001579607e-02 9.998575833384373279e-01 -1.864673268537462084e-03 -9.726570663585963616e-02 -3.666798968049283722e-03 1.926435122159476324e-03 9.999914216797302080e-01 1.274386671319279463e-01
9.998335101088673404e-01 -1.783604348447316232e-02 3.850664384412160260e-03 -5.449633686489072204e+00 1.784609651836509617e-02 9.998373850744207703e-01 -2.592343843236679692e-03 -8.957432538193818572e-02 -3.803801051395183132e-03 2.660631572456491171e-03 9.999892260105590625e-01 1.296319566266187773e-01
9.998168759365486657e-01 -1.873677362338541097e-02 3.892031174864915739e-03 -5.769498345623341962e+00 1.874718116717778715e-02 9.998207309741664606e-01 -2.655016491195010073e-03 -9.743797585648596160e-02 -3.841587011265808205e-03 2.727494907330108628e-03 9.999889014287934863e-01 1.362973230288672122e-01
9.998048611524502638e-01 -1.924076382546606803e-02 4.475781869375823792e-03 -6.087866105000335537e+00 1.925223832589094061e-02 9.998114450682559218e-01 -2.534882634171817077e-03 -1.165105237978998343e-01 -4.426164860541567485e-03 2.620556799339836089e-03 9.999867707858383081e-01 1.508123559556962534e-01
9.997876459373185032e-01 -1.994920937518062515e-02 5.166437497946272175e-03 -6.425751939561916259e+00 1.996399849288425787e-02 9.997967028732955841e-01 -2.826957350806178978e-03 -1.271611079124570221e-01 -5.108991611961703760e-03 2.929499785350287745e-03 9.999826579674852001e-01 1.667287400366543881e-01
9.997730678809610971e-01 -2.055947300534995484e-02 5.578602838840946571e-03 -6.763039370885867818e+00 2.057897948587979545e-02 9.997822360978105838e-01 -3.462078361554047062e-03 -1.452219935856904065e-01 -5.506209513901218211e-03 3.576094658155559280e-03 9.999784463696129722e-01 1.818669877625747611e-01
9.997466273578908824e-01 -2.186144578559098134e-02 5.362674210319712600e-03 -7.157084217853336483e+00 2.187881943517634015e-02 9.997554999510522844e-01 -3.202745344931208060e-03 -1.307381747417233619e-01 -5.291346392489531050e-03 3.319262837618422012e-03 9.999804918835014655e-01 1.716890748473553774e-01
9.997394560395852503e-01 -2.241474465107097178e-02 4.312685926588393816e-03 -7.554394908351908633e+00 2.242502811785917691e-02 9.997457629776950183e-01 -2.351068280505034126e-03 -1.345751676060529811e-01 -4.258890886995529527e-03 2.447167827031266046e-03 9.999879365362559502e-01 1.769374728661847196e-01
9.997317129797098634e-01 -2.294003350767663194e-02 3.202643489624236797e-03 -7.927534391405848702e+00 2.294492610687655018e-02 9.997356061620190637e-01 -1.499379141635114997e-03 -1.483005065872492756e-01 -3.167400922670509343e-03 1.572461295889017972e-03 9.999937474488868050e-01 1.939921492020141025e-01
9.997104150425720759e-01 -2.380437823752006715e-02 3.526702728237140778e-03 -8.283247861643207699e+00 2.381140104676029295e-02 9.997145413662634761e-01 -1.962896082793094427e-03 -1.634905822829408883e-01 -3.478970479698989798e-03 2.046303390649281771e-03 9.999918546702442068e-01 2.083635527054004122e-01
9.996815816395652199e-01 -2.489081425798772562e-02 4.145201586365300332e-03 -8.661708317247281741e+00 2.490003174503736122e-02 9.996875537311920024e-01 -2.187083455465631612e-03 -1.649505955306825866e-01 -4.089468145539470849e-03 2.289602699027683784e-03 9.999890169245696514e-01 2.023130971316929871e-01
9.996545542011300300e-01 -2.589697808157496658e-02 4.485397550107139870e-03 -9.072084544768664216e+00 2.590919374804011646e-02 9.996606891047503662e-01 -2.687068652278412195e-03 -1.729039534440699744e-01 -4.414288647857121835e-03 2.802353449863917868e-03 9.999863303420079008e-01 2.024905761229438828e-01
9.996157759443946578e-01 -2.735712475364504570e-02 4.459619748274962561e-03 -9.495387965309973310e+00 2.736923669698648753e-02 9.996218053962936390e-01 -2.677883283271455164e-03 -1.763702627503005438e-01 -4.384673957095424138e-03 2.798910764565011502e-03 9.999864702748842982e-01 2.235343841273789989e-01
9.995903354235201599e-01 -2.824429594296875082e-02 4.628290675881286016e-03 -9.892278255880516014e+00 2.825716450868736088e-02 9.995969340157405680e-01 -2.739007166871092799e-03 -2.004600116437496304e-01 -4.549063840333554369e-03 2.868667463682502642e-03 9.999855382780089563e-01 2.594330880691668728e-01
9.995605211994114114e-01 -2.929122351980504788e-02 4.559460963066562685e-03 -1.032086763693490816e+01 2.929837897193499421e-02 9.995695689810089046e-01 -1.510548488753981310e-03 -2.279428263461033277e-01 -4.513252616216582684e-03 1.643469449919580591e-03 9.999884647129633208e-01 2.696212446888060499e-01
9.994898140521710772e-01 -3.168736005481125745e-02 4.002851322904054168e-03 -1.078393206285184647e+01 3.169194998727708351e-02 9.994970913081993036e-01 -1.088472532035494704e-03 -2.351363147813225474e-01 -3.966347433149398569e-03 1.214775372577033431e-03 9.999913961674038454e-01 2.696618404343142927e-01
9.994122577228473636e-01 -3.403345962428973304e-02 4.106426588008451652e-03 -1.126415624824224260e+01 3.404206887166756623e-02 9.994183082675602847e-01 -2.045151961196633832e-03 -2.307986957695418728e-01 -4.034434316915414855e-03 2.183741195651267217e-03 9.999894772517022856e-01 2.726388893981340211e-01
9.993313889877681877e-01 -3.625464000854096425e-02 4.730334198442248846e-03 -1.173685989643943728e+01 3.626894006643173463e-02 9.993376429703528796e-01 -2.973100892533166086e-03 -2.335510176797674364e-01 -4.619412325765469111e-03 3.142677252073436314e-03 9.999843921829250082e-01 2.866699640814958649e-01
9.992866109264115781e-01 -3.734503475696762664e-02 5.622953157133844977e-03 -1.216799722609640355e+01 3.735965426746805373e-02 9.992987127046708551e-01 -2.517741011892840001e-03 -2.928850148678808774e-01 -5.524984725924335545e-03 2.726016468877518351e-03 9.999810215089033338e-01 3.030484870538966979e-01
9.992275089342220751e-01 -3.881081743567391107e-02 6.172992716987835832e-03 -1.264798224874308197e+01 3.882485787448695935e-02 9.992436723190547543e-01 -2.171115233092874800e-03 -3.396207047684943747e-01 -6.084061154778327291e-03 2.409103630869831748e-03 9.999785899805858636e-01 3.181256623384573490e-01
9.991465083006076942e-01 -4.084595762852205603e-02 6.153267108837534929e-03 -1.316158684474985385e+01 4.086319416939457327e-02 9.991610974915774435e-01 -2.701966265674710186e-03 -3.514848802075052348e-01 -6.037740718023491132e-03 2.951102308539496188e-03 9.999774180861218387e-01 3.343896914776666174e-01
9.990440575050042460e-01 -4.335840893183807998e-02 5.569518725813573171e-03 -1.368621544055012684e+01 4.337266214633178629e-02 9.990559240129259777e-01 -2.464319991171762692e-03 -3.524781153983532200e-01 -5.457411683008844480e-03 2.703529096983314697e-03 9.999814536220879013e-01 3.446403623311140585e-01
9.989423057438837628e-01 -4.573164067104453639e-02 4.784018878259843448e-03 -1.418707761061945583e+01 4.573753203823769514e-02 9.989528531180269511e-01 -1.129340694728781175e-03 -3.781505373500408385e-01 -4.727362704961649530e-03 1.346955414278711754e-03 9.999879188035062372e-01 3.536658438546852468e-01
9.988449536113824800e-01 -4.782002124960753331e-02 4.690864820297574976e-03 -1.468728942109025937e+01 4.782012540064721484e-02 9.988559593371740819e-01 9.001821988018470226e-05 -4.038973891924795279e-01 -4.689802953386858035e-03 1.344034992837121192e-04 9.999889937814104846e-01 3.732196312477979450e-01
9.987257641054279045e-01 -5.024477413328008735e-02 4.723429297120577616e-03 -1.521467904784224423e+01 5.024320071529081444e-02 9.987369108774746262e-01 4.512569138477975960e-04 -4.396829287896315552e-01 -4.740136486666730181e-03 -2.133616998507847928e-04 9.999887427280733654e-01 4.028521927231900612e-01
9.986070357038713263e-01 -5.250103440518268799e-02 5.256389360850719297e-03 -1.578354247133414212e+01 5.250245618790220364e-02 9.986207861177039957e-01 -1.327700878550377159e-04 -4.689809522681777088e-01 -5.242169108723025023e-03 4.085584959876818615e-04 9.999861762759477690e-01 4.145343448154987787e-01
9.984840305623875478e-01 -5.479644932256546447e-02 5.195175986295455690e-03 -1.635953867790187388e+01 5.480069463820962800e-02 9.984970825350723000e-01 -6.782596248729788396e-04 -5.049568792646055293e-01 -5.150201846410385441e-03 9.619306568276418104e-04 9.999862749609880197e-01 4.196948104679621427e-01
9.983523422901937616e-01 -5.709540767023519453e-02 5.719708616137729809e-03 -1.690947383229669754e+01 5.710750371711759837e-02 9.983660830258779262e-01 -1.974153683295478984e-03 -5.364650049217984940e-01 -5.597647977791338214e-03 2.297539234815770045e-03 9.999816936577294868e-01 4.227412951912183914e-01
9.981787756026304637e-01 -5.998729100899915373e-02 6.376272722767955398e-03 -1.746279633429293909e+01 6.000191838267798089e-02 9.981959937660814797e-01 -2.127867416804499635e-03 -5.727512058522146177e-01 -6.237124885066497662e-03 2.506580688247866690e-03 9.999774074079981201e-01 4.447809790635280369e-01
9.980151519535388482e-01 -6.259958547092948911e-02 6.859181439688674144e-03 -1.802375772535879150e+01 6.260513096312041170e-02 9.980381965108402476e-01 -5.965588653880631465e-04 -6.136340291171004102e-01 -6.808380735925213291e-03 1.024794739021012884e-03 9.999762975928466746e-01 4.757727911893767647e-01
9.978503969632107617e-01 -6.516203584101212809e-02 6.963789587389529120e-03 -1.858500332057188231e+01 6.515771311346482686e-02 9.978746196749728181e-01 8.460675810383296892e-04 -6.542020041482616843e-01 -7.004120372052400137e-03 -3.905042674791404131e-04 9.999753945994025450e-01 5.081597511642952369e-01
9.977155281248614171e-01 -6.719798318986980323e-02 6.939451977132558153e-03 -1.918779728946599406e+01 6.719551767349352112e-02 9.977396536903294644e-01 5.880973497142530978e-04 -6.931520342672401469e-01 -6.963285368285014945e-03 -1.204537898852169877e-04 9.999757487798213162e-01 5.323178229122172977e-01
9.975669688004522584e-01 -6.933604152624746331e-02 7.256452559483747566e-03 -1.978740222658327852e+01 6.934555081793770948e-02 9.975921292737541801e-01 -1.066861197222429905e-03 -7.336451140129485182e-01 -7.165008027516019465e-03 1.567468190365635394e-03 9.999731024899808363e-01 5.332636015062940382e-01
9.974235732915643915e-01 -7.133065533296234495e-02 7.625814845475476812e-03 -2.037406287817128714e+01 7.136327696395797227e-02 9.974419870525256249e-01 -4.094528748790762958e-03 -7.946619001618557832e-01 -7.314242493434809818e-03 4.628182632457449909e-03 9.999625401895152477e-01 5.383227396522007879e-01
9.972131937520998246e-01 -7.428537258888501249e-02 6.894173341848250196e-03 -2.100296616833630381e+01 7.431559331954828984e-02 9.972257775183879236e-01 -4.235710378460537384e-03 -8.418664672320660403e-01 -6.560396047528615181e-03 4.736250856660814343e-03 9.999672640299392956e-01 5.398062511175127920e-01
9.970378573019418322e-01 -7.672728055929778357e-02 5.332497044304832651e-03 -2.164631172284039451e+01 7.674074905633296306e-02 9.970482675326938216e-01 -2.368468772606032412e-03 -8.681801462689544557e-01 -5.135030771635665583e-03 2.770672847646313448e-03 9.999829772705861597e-01 5.588124835111409894e-01
9.969252376381465552e-01 -7.822134975888495045e-02 4.635838869430186464e-03 -2.228313441374522696e+01 7.822494416590880517e-02 9.969355543049958079e-01 -5.988930048409614806e-04 -8.906719978417665384e-01 -4.574786373764213980e-03 9.596897878942252380e-04 9.999890751028960301e-01 5.958474174131136447e-01
9.969037554043280736e-01 -7.843164621288603588e-02 5.601725902284348906e-03 -2.288928469298755530e+01 7.843633666348559519e-02 9.969189304474985747e-01 -6.222589717574896796e-04 -9.683637370477240491e-01 -5.535661799639684209e-03 1.059711164547219890e-03 9.999841166042027218e-01 6.243469905774499118e-01
9.968688101356611986e-01 -7.878859626658132886e-02 6.703169179771571035e-03 -2.350813870782391035e+01 7.880943812202279020e-02 9.968854703612434198e-01 -2.903695151626232811e-03 -1.048130180032073921e+00 -6.453513895704863709e-03 3.422876127492989300e-03 9.999733176827338976e-01 6.208556787512610198e-01
9.967853828604165134e-01 -7.982865068525063501e-02 6.803458354772525668e-03 -2.417151120079684645e+01 7.986503494045540941e-02 9.967918343381126922e-01 -5.255015777362585794e-03 -1.110765061993315150e+00 -6.362130914460105424e-03 5.781481352795735107e-03 9.999630481990794406e-01 6.233002328996682939e-01
9.966683600205420435e-01 -8.127173391739010710e-02 6.861880210570043062e-03 -2.488383054409257866e+01 8.131281114293760492e-02 9.966709564515534581e-01 -5.935596851077406047e-03 -1.148939564645240496e+00 -6.356640464603170379e-03 6.473780348953954433e-03 9.999588407979587146e-01 6.262564876334021369e-01
9.965566331327198046e-01 -8.273749042300601597e-02 5.420759880384187247e-03 -2.557065362327113434e+01 8.276029231508541528e-02 9.965609408092979127e-01 -4.126168829393602779e-03 -1.179034660674898483e+00 -5.060728712291303645e-03 4.560584588628146564e-03 9.999767947773140486e-01 6.679245891489631326e-01
9.964866439871020720e-01 -8.366248935053843816e-02 3.867328663747061392e-03 -2.621560721040006570e+01 8.367231707354821912e-02 9.964903038054168105e-01 -2.453115841488287541e-03 -1.226445498275580359e+00 -3.648521737088554311e-03 2.768085522376925560e-03 9.999895129408481464e-01 7.247656574280718633e-01
9.964885373083680609e-01 -8.365957823666776705e-02 3.416135578686411989e-03 -2.686950724160422155e+01 8.366495453918353087e-02 9.964928686965869309e-01 -1.462196567861223130e-03 -1.316278828826150882e+00 -3.281827994495324814e-03 1.742872947055832539e-03 9.999930959756196946e-01 7.515758513675322439e-01
9.963989643147888042e-01 -8.467081300838241731e-02 4.467363530740808310e-03 -2.758783832635291233e+01 8.467755982153288286e-02 9.964075005573180821e-01 -1.343017419392929191e-03 -1.395074509513473560e+00 -4.337600152961944809e-03 1.716466608358674243e-03 9.999891194244542314e-01 7.342800507320220715e-01
9.963077129419214417e-01 -8.560557643829330710e-02 6.528890802077074763e-03 -2.830577786339818047e+01 8.562543709728259733e-02 9.963233928278124596e-01 -2.825141762072257926e-03 -1.447631096927636474e+00 -6.263038746265637245e-03 3.373749656395198717e-03 9.999746957593070862e-01 7.233263826418515618e-01
9.961663854633893145e-01 -8.706845685383683697e-02 8.462641071060563597e-03 -2.903159718517576948e+01 8.711346040835059312e-02 9.961853282409484089e-01 -5.102628063718937790e-03 -1.480629792524973176e+00 -7.986080921752708450e-03 5.820276502492862519e-03 9.999511722543985570e-01 7.484416355669114562e-01
9.960220087533551148e-01 -8.862270970674689108e-02 9.282963059557360758e-03 -2.976847070408789975e+01 8.867283279810846131e-02 9.960475749826963598e-01 -5.133916112335851212e-03 -1.528016266138538137e+00 -8.791291286843729014e-03 5.936640070231117769e-03 9.999437331681150232e-01 7.769656394817818779e-01
9.960900091340654239e-01 -8.796327363407896449e-02 8.194888338077412418e-03 -3.044646395883704670e+01 8.800622185235176809e-02 9.961071954162628028e-01 -5.035886736396941524e-03 -1.610039530580897882e+00 -7.720014156207816516e-03 5.737397626391839422e-03 9.999537407549934365e-01 8.128015038912119739e-01
9.963086642012936034e-01 -8.565556855732819885e-02 5.671790947728549623e-03 -3.114788295806033958e+01 8.568874864858380680e-02 9.963045408107261691e-01 -5.890697324408962661e-03 -1.693454668885316039e+00 -5.146260047229744145e-03 6.354961451403253435e-03 9.999665646772782912e-01 8.507804683763064979e-01
9.965405229853742108e-01 -8.299510629183161348e-02 4.335709820132671935e-03 -3.188256481936743114e+01 8.302563188586177534e-02 9.965198482944331859e-01 -7.411909685983877720e-03 -1.752607247883229302e+00 -3.705468659993606598e-03 7.746243402280985312e-03 9.999631319279538300e-01 8.579729860316553935e-01
