1.000000000000000000e+00 0.000000000000000000e+00 0.000000000000000000e+00 0.000000000000000000e+00 0.000000000000000000e+00 1.000000000000000000e+00 0.000000000000000000e+00 0.000000000000000000e+00 0.000000000000000000e+00 0.000000000000000000e+00 1.000000000000000000e+00 0.000000000000000000e+00
9.999999991222014994e-01 2.256262452294487922e-05 -5.795029444750422651e-05 1.274662273026906396e-03 -2.255893323503586304e-05 9.999999964839499933e-01 1.193689089893970308e-04 -2.163273765163730832e-03 5.795107861827538396e-05 -1.193684526881272991e-04 9.999999954776787048e-01 -8.664237617390921136e-04
1.000000001214663259e+00 1.666073946095415889e-05 2.081293540045756117e-05 2.760358689865969229e-04 -1.666717719119018199e-05 9.999999981395948367e-01 1.096878517123980326e-04 -1.236652263166543710e-04 -2.081308750637562866e-05 -1.096891259296089305e-04 9.999999989842803805e-01 -1.455985866713190502e-03
1.000000001913437853e+00 1.222579965033272313e-05 2.965209540375297564e-05 5.414452301308332171e-04 -1.222765533325281764e-05 1.000000008183225209e+00 2.647223148973766382e-05 1.069066632231128805e-03 -2.965444458390603370e-05 -2.647324546890552930e-05 1.000000009540110035e+00 -1.728147135045020495e-03
1.000000001602386668e+00 3.112792028808724742e-05 3.916152451431183939e-05 -1.315849300533134936e-05 -3.112730500283267092e-05 1.000000007861921336e+00 -5.071095850169575248e-05 9.487027980971913599e-04 -3.916533250406695904e-05 5.070892969157459601e-05 1.000000009526996081e+00 -1.526574705181731528e-03
1.000000000069900308e+00 5.517324220409208257e-06 -8.300591138260127318e-05 1.419821266707666950e-03 -5.517320530399108615e-06 1.000000010724998445e+00 4.011254737837709970e-05 1.432635073565076151e-03 8.300450030501233716e-05 -4.011255699626336684e-05 1.000000009816237156e+00 -1.505267302833492894e-03
9.999999981706566565e-01 -3.625382185337007424e-05 -1.064414392840250148e-04 1.378163082760968609e-03 3.626619323082478854e-05 1.000000003952136840e+00 1.428682877448294436e-04 3.678977610146400359e-04 1.064368812092568320e-04 -1.428726647876485108e-04 1.000000001381286419e+00 -1.080312886278445754e-03
1.000000002320573955e+00 -2.990355146174341824e-05 -8.179375394082910090e-05 1.605328966656855956e-03 2.990984478226874020e-05 1.000000006433438449e+00 1.341301882618491082e-04 -7.978771931130193952e-04 8.179129473945157144e-05 -1.341318509431625391e-04 1.000000006874742775e+00 -9.645764035738033657e-04
1.000000003535108206e+00 3.915992508746876850e-05 -6.517713842838777406e-05 1.504134606030366368e-03 -3.916407390896491260e-05 1.000000015759341387e+00 1.939684414919125104e-05 -1.179535081635735717e-03 6.517996303347868060e-05 -1.939322156326500068e-05 1.000000017861030877e+00 -1.297427400439883811e-03
9.999999983330100095e-01 7.449453138644147681e-05 -1.090749373986632016e-04 2.495149148832547740e-03 -7.449925883451089176e-05 1.000000014287042660e+00 3.711618009096023218e-06 -1.103963235852676705e-03 1.090775354459044789e-04 -3.703030062775552207e-06 1.000000014647037139e+00 -1.180892754942178009e-03
9.999999985523420065e-01 5.651073859656310737e-05 -1.196200012605219839e-04 3.338756676356269618e-03 -5.649647767449774403e-05 1.000000003589723407e+00 1.606041530022162120e-04 -1.923000779866886577e-03 1.196318314088336862e-04 -1.605971458734026388e-04 1.000000001575953590e+00 -1.532680732860348385e-03
9.999999990611535550e-01 1.571111974411716145e-05 -1.365807747317551453e-04 2.086828993568262160e-03 -1.570189266564383772e-05 1.000000015375613005e+00 1.040209474885155669e-04 -6.431196690993976799e-04 1.365824831016207203e-04 -1.040184486569396767e-04 1.000000008787400141e+00 -2.308670322810432544e-03
9.999999975472616542e-01 -5.260198921011901673e-05 -1.514364846071272861e-04 1.768996876103466360e-03 5.261230364723911785e-05 1.000000016214463994e+00 1.019730693233128992e-04 7.470914786837244605e-04 1.514304012046771249e-04 -1.019807432191315656e-04 1.000000007120341650e+00 -2.257229516712270546e-03
1.000000005026282057e+00 -2.656760321710006814e-05 -1.153289624492251256e-04 2.513809583470655133e-03 2.656865600224774242e-05 1.000000021726207722e+00 6.338116830196716578e-05 5.154523397809895560e-05 1.153275891929720422e-04 -6.338238525538343257e-05 1.000000016358872701e+00 -2.178842885104189005e-03
1.000000006638022798e+00 5.115345118503933808e-05 -1.176647845499547638e-04 3.004992275870206619e-03 -5.115698857316734651e-05 1.000000025501728063e+00 2.315440343493235133e-05 -9.599273644167244032e-04 1.176672846485576240e-04 -2.314646166716586618e-05 1.000000018013305292e+00 -1.822473562222376312e-03
9.999999878523698760e-01 8.405297669660106552e-05 -2.303132650008703165e-04 3.904901415242305069e-03 -8.403743320157919087e-05 1.000000019567379272e+00 1.169911151293255526e-04 -1.398446069342096755e-03 2.303229040984979253e-04 -1.169715341464552859e-04 9.999999971062415449e-01 -2.593398850202169748e-03
9.999999992552264239e-01 3.009299775420507835e-05 -2.055981886253078702e-04 2.366359487567405891e-03 -3.006879854731287017e-05 1.000000017849473011e+00 1.680123672144935034e-04 -2.784481905002191351e-03 2.056048781563758960e-04 -1.680085800969934257e-04 9.999999967588941718e-01 -2.582757012971422309e-03
1.000000013438700597e+00 -4.569623638312334581e-05 -1.177231156054645976e-04 3.321592379926645213e-03 4.569518066976960659e-05 1.000000028223398063e+00 8.773511921869013585e-05 -1.102752859025022151e-03 1.177204811043760282e-04 -8.774318820857753757e-05 1.000000022399221811e+00 -2.512033180555007898e-03
1.000000016843958228e+00 1.491018702862722614e-05 -1.160682755124649887e-04 2.928450808182229449e-03 -1.492271612723474759e-05 1.000000037616240345e+00 -9.826056870398954495e-06 -2.066845878073055552e-03 1.160739094479897336e-04 9.825109294307706110e-06 1.000000028804387764e+00 -1.616117751572882302e-03
1.000000016117297941e+00 7.696489774535098969e-05 -1.111922077540305472e-04 1.928707534919628114e-03 -7.696561119790675844e-05 1.000000035468998627e+00 9.965508975773258509e-05 -2.203862121546548442e-03 1.112009355738327533e-04 -9.964939122265609878e-05 1.000000028548682307e+00 -1.184334156586164819e-03
1.000000004324884229e+00 7.804271323002355326e-05 -2.009888371947707916e-04 1.687083126020897739e-03 -7.801108475309734454e-05 1.000000014653416924e+00 2.369764860059738712e-04 -3.295893674618032704e-03 2.010087257738632060e-04 -2.369632470401408677e-04 9.999999959167107377e-01 -2.840412124300830104e-03
9.999999894328011063e-01 -2.288026360536509336e-05 -2.765266832352266161e-04 3.000786638570970485e-03 2.291221703577374919e-05 1.000000031593233141e+00 1.730171258076433562e-04 -3.386544679814652067e-03 2.765233179996666739e-04 -1.730257987641291577e-04 9.999999920081745763e-01 -3.493442326758073539e-03
9.999999979467292244e-01 1.551778122312416579e-05 -2.465441753601838016e-04 2.264371301936873339e-03 -1.552842250304557826e-05 1.000000047758454969e+00 2.574403294818307093e-05 -4.665046040483516662e-03 2.465457648661875624e-04 -2.574220551762201292e-05 1.000000016178563822e+00 -2.403215289889250404e-03
1.000000021289997099e+00 7.979744576169863922e-05 -1.015599698587190867e-04 1.201762533778299004e-03 -7.981929036542640787e-05 1.000000044576259794e+00 -4.142582347898214455e-05 -4.103230506523942826e-03 1.015580439304680609e-04 4.143245218735202819e-05 1.000000042329879824e+00 -1.417557692240008650e-03
1.000000027141915826e+00 3.251408722790390999e-05 -6.662294523271791648e-05 2.445494178514021587e-03 -3.252642429825634672e-05 1.000000046049884794e+00 8.665431222011057890e-05 -2.824045429870162757e-03 6.662813461781423715e-05 -8.665346667890264673e-05 1.000000044025847190e+00 -1.365249051138136931e-03
1.000000012634796764e+00 -1.992406747318629009e-05 -1.886810107421914295e-04 1.175891367684684221e-03 1.991767047504061571e-05 1.000000048223112392e+00 6.223792295043598783e-05 -1.502165250055841452e-03 1.886821426548548008e-04 -6.224283402042286503e-05 1.000000030997381772e+00 -2.523687254131127752e-03
9.999999540582258373e-01 -7.439335216820146517e-05 -3.878590316918285787e-04 3.020987864930190121e-03 7.442985233763820094e-05 1.000000037761826110e+00 1.450052806953415344e-04 -1.488956079039519768e-03 3.878507519713395480e-04 -1.450349686802266292e-04 9.999999669536253633e-01 -3.313217800039543973e-03
9.999999655367083351e-01 -5.305863214457935044e-05 -3.692451996845456789e-04 3.511298938616147849e-03 5.312963609726261018e-05 1.000000025267679948e+00 2.366112756119978663e-04 -3.658345396741861499e-03 3.692329740422973855e-04 -2.366290888170485514e-04 9.999999617139029295e-01 -2.660600541276454158e-03
1.000000010183393018e+00 -4.318342244516539988e-05 -2.271580965423430313e-04 4.339387443811412205e-03 4.318383728049989971e-05 1.000000051631156683e+00 8.803800126497392448e-05 -2.708416028124476221e-03 2.271553545040678817e-04 -8.804521940258831618e-05 1.000000031478246898e+00 -2.264339167038154771e-03
1.000000012621388823e+00 -5.672834363755047241e-05 -2.138621904282668983e-04 3.313030581579671802e-03 5.672575013120707875e-05 1.000000051738526796e+00 7.963786022216401883e-05 -2.387363189504437735e-03 2.138587108927624740e-04 -7.964735723523296365e-05 1.000000035235190099e+00 -1.477367209529481919e-03
1.000000011695887814e+00 -3.779559429640275223e-05 -2.236891215324942250e-04 1.668241011307975601e-03 3.781257751469825737e-05 1.000000044627156637e+00 1.665933161122057295e-04 -5.122775913216089973e-03 2.236824369554994295e-04 -1.665993202814175392e-04 1.000000024860285608e+00 -1.351995856224156613e-03
9.999999543666746593e-01 -6.598018750956276962e-05 -4.049022861195383338e-04 3.006211702789756465e-03 6.603556702023630643e-05 1.000000039589699075e+00 1.879581772581562108e-04 -3.937266072310308812e-03 4.048896417844115498e-04 -1.879821702441122140e-04 9.999999653546380873e-01 -2.936429763164999027e-03
9.999999814553883759e-01 -9.142360452760433511e-05 -3.361842035511837263e-04 4.303854934237903371e-03 9.145531612634481215e-05 1.000000042787828169e+00 1.608492206784033034e-04 -1.666898157715524008e-03 3.361692288727872991e-04 -1.608778810974519416e-04 9.999999994116823832e-01 -2.717923528771724016e-03
1.000000018303109472e+00 -1.512054652068102687e-05 -2.204374341309427870e-04 3.629735539497386688e-03 1.513581216355798228e-05 1.000000045158783379e+00 1.720440251152374669e-04 -2.722754116429506634e-03 2.204347118693250271e-04 -1.720448478451686600e-04 1.000000030270489448e+00 -1.424846903638221987e-03
9.999999983934854120e-01 8.323088889344501659e-06 -3.051632805448401854e-04 4.252922713814218797e-03 -8.288180165392476583e-06 1.000000042292275904e+00 1.896693321262774652e-04 -3.376550831803316628e-03 3.051646231638205885e-04 -1.896652402113074094e-04 1.000000006961481835e+00 -1.306521798820193094e-03
9.999999691396102008e-01 -2.891910497126497663e-06 -3.957427131827021645e-04 3.944711764673497316e-03 2.926687637771421507e-06 1.000000052277912665e+00 1.382623871990195632e-04 -4.395258065964189817e-03 3.957408915085459163e-04 -1.382605550982163290e-04 9.999999869077070835e-01 -1.697861505245338134e-03
9.999999638600571839e-01 -1.787468991216952346e-05 -4.098257988315136334e-04 3.387084500853768023e-03 1.790155796208006963e-05 1.000000055605353211e+00 1.142549269312763036e-04 -3.842605023092638718e-03 4.098219975940588385e-04 -1.142595906077286354e-04 9.999999846391526281e-01 -1.649129719488322699e-03
1.000000005632987854e+00 -2.587380754913046562e-05 -2.922727229664233233e-04 2.503468545552492083e-03 2.588012039210637214e-05 1.000000057999153702e+00 9.007071411328568603e-05 -1.549028690572362135e-03 2.922686685212718023e-04 -9.007576114289585656e-05 1.000000029121782763e+00 -1.935639358678263805e-03
1.000000010929171790e+00 3.126814742425719793e-06 -2.762255361658778148e-04 7.879689514312973554e-04 -3.114080398860913922e-06 1.000000056354906519e+00 1.175088285852681608e-04 -1.862512614946726982e-03 2.762234620253002627e-04 -1.175051756267749442e-04 1.000000031421965474e+00 -1.884068439598559404e-03
9.999999876158321976e-01 -3.390179075453345341e-05 -3.563375080440273394e-04 1.962175068361806697e-03 3.395405021148296867e-05 1.000000042923233190e+00 2.131458729723384124e-04 -7.724614585013843231e-04 3.563303422102316403e-04 -2.131528617056595808e-04 9.999999942874037151e-01 -2.082227321579904495e-03
9.999999638903892540e-01 9.101020588507715273e-06 -4.236369508651607733e-04 2.758800632674052525e-03 -9.045886505125681624e-06 1.000000050715446953e+00 1.827044427591334246e-04 -1.452063112220382474e-03 4.236398068781453133e-04 -1.826973685365928472e-04 9.999999758887464507e-01 -2.541938424028628712e-03
9.999999950822684447e-01 1.108304263221435532e-05 -3.498170203328425485e-04 3.030601439094424403e-03 -1.103837756240432163e-05 1.000000049062375940e+00 1.917102344114840582e-04 -1.484664637281065932e-03 3.498202945262000678e-04 -1.917033400911879223e-04 1.000000005416117999e+00 -1.924196707137941498e-03
9.999999880756591519e-01 -2.210662566999700274e-06 -3.700984687405978971e-04 2.627317170188557365e-03 2.253169420925458364e-06 1.000000052597721512e+00 1.747106628095158626e-04 -2.927134877295115776e-05 3.700989026595979665e-04 -1.747082660601881039e-04 1.000000001571756059e+00 -1.893659635747856930e-03
9.999999900370162287e-01 1.324210729835634488e-05 -3.649574455050980993e-04 1.605594256262489862e-03 -1.321764656241103672e-05 1.000000060625600984e+00 1.289585744315424880e-04 -6.224399963047336139e-04 3.649606043265986397e-04 -1.289504037811798145e-04 1.000000011533398236e+00 -1.619779573289047321e-03
9.999999877870752174e-01 3.800136105424030880e-05 -3.697722953181366810e-04 1.520878733629632551e-03 -3.797075985025406472e-05 1.000000058224673749e+00 1.439055369714423529e-04 -1.813109780614037851e-03 3.697789913308636663e-04 -1.438881786768487906e-04 1.000000007854342954e+00 -1.172236134830169710e-03
1.000000000869778471e+00 7.637410189486218783e-05 -3.261404971758531581e-04 1.203050650378247564e-03 -7.629601145712640157e-05 1.000000019934243589e+00 3.077545681299257894e-04 -6.594680258550607906e-04 3.261650403466484992e-04 -3.077263444484985063e-04 9.999999869229857508e-01 -1.110712231634697561e-03
1.000000003619440969e+00 8.132287428640217755e-05 -3.170909587196502869e-04 4.977640586188808404e-04 -8.126021795402415030e-05 1.000000032814496231e+00 2.682853651526859715e-04 -5.723283503530807344e-04 3.171128224847477172e-04 -2.682562472987399453e-04 1.000000002965173218e+00 -2.229093639871443291e-03
9.999999937976249420e-01 9.911336136467976474e-06 -3.643843730769196041e-04 2.031764756805342059e-03 -9.848333688195776023e-06 1.000000048996622315e+00 2.304621892016228376e-04 1.413613614928564211e-03 3.643836384465425115e-04 -2.304530126418305458e-04 9.999999978482421170e-01 -2.039974417838642112e-03
9.999999790342206651e-01 -5.612309629677777683e-06 -4.041500065397219820e-04 1.038185510150438232e-03 5.700433879460704033e-06 1.000000039122032502e+00 2.715055683557026267e-04 1.120262615158555946e-03 4.041457696751693160e-04 -2.715019090776940917e-04 9.999999729427155870e-01 -1.552810012847769460e-03
9.999999913639623372e-01 -1.543134081331381437e-05 -3.734778033507728831e-04 1.277258961975555069e-03 1.550760740359655539e-05 1.000000041368399373e+00 2.637862887817902678e-04 1.124624409964172919e-03 3.734710634709660615e-04 -2.637861524709932538e-04 9.999999876778140617e-01 -1.771115520362260415e-03
1.000000008368566951e+00 3.771069579821847675e-05 -3.287732829728183320e-04 1.668505361500809137e-03 -3.764604634621337802e-05 1.000000041883552182e+00 2.651017275652657471e-04 9.935729821556832462e-04 3.287810600817501171e-04 -2.650817736837835078e-04 1.000000003649036184e+00 -1.931580016024175492e-03
1.000000012677693784e+00 6.505469905530020919e-05 -3.120026640606533342e-04 1.897898244441921425e-03 -6.500437026470689162e-05 1.000000048926164897e+00 2.340440386187846134e-04 1.588036732939257815e-03 3.120162831424190997e-04 -2.340159796570862082e-04 1.000000017235259886e+00 -1.831789992622674277e-03
1.000000013374976682e+00 5.051174858011362525e-05 -3.131930623256861919e-04 2.169056226454768501e-03 -5.044711720720870091e-05 1.000000038699890625e+00 2.794453076502279574e-04 1.135240761975897343e-03 3.132060453181428569e-04 -2.794215541322582746e-04 1.000000005695197203e+00 -1.347759765457848822e-03
1.000000023090858781e+00 4.465364272688882204e-05 -2.823250816208362746e-04 2.277171595340798070e-03 -4.459455905569255460e-05 1.000000036043748208e+00 2.900075447160965054e-04 1.272172000445096233e-03 2.823368920621860032e-04 -2.899871340995565597e-04 1.000000012103467784e+00 -1.287336036009713910e-03
1.000000017698677190e+00 4.780262253165740941e-05 -3.017701129299852204e-04 1.652073656705342879e-03 -4.775173696778066250e-05 1.000000049798194013e+00 2.405779889527348190e-04 1.086920852391602080e-03 3.017804723208947172e-04 -2.405557261477804043e-04 1.000000020748712748e+00 -1.232455989012476221e-03
1.000000008839269094e+00 2.667461144543076482e-05 -3.343751405937328189e-04 1.387335497046616930e-03 -2.660895700629070827e-05 1.000000045320440734e+00 2.629692579423261313e-04 1.146054781757374630e-03 3.343813681773473022e-04 -2.629518508941040746e-04 1.000000005410819570e+00 -1.006182467719870209e-03
1.000000023581318453e+00 7.087575534109712551e-05 -2.841775211850963148e-04 5.814525930283768280e-04 -7.080949404153969904e-05 1.000000031581154802e+00 3.076955572611740825e-04 1.087416877903550540e-03 2.841974227559670367e-04 -3.076655667916364007e-04 1.000000009298427139e+00 -6.998426727518188787e-04
1.000000025226632561e+00 6.885488618710414220e-05 -2.792533419773777625e-04 9.784582619493753606e-04 -6.876697603429406190e-05 1.000000004007857379e+00 3.907563339438481845e-04 1.777905109687412399e-04 2.792786502594221459e-04 -3.907271733271814392e-04 9.999999829622718828e-01 -5.781784096934879493e-04
1.000000011302236480e+00 5.967157813590564310e-05 -3.303647357837511300e-04 2.490102043781410469e-03 -5.958699861318543804e-05 1.000000036582127105e+00 3.092480916955732580e-04 4.465587792846579650e-04 3.303806127094497638e-04 -3.092179302090512024e-04 1.000000000281032086e+00 -9.658531696744926875e-04
9.999998632676451171e-01 7.004979617159714925e-05 -6.399268492469684013e-04 3.578033008726683867e-03 -6.993136152308393548e-05 1.000000061986360267e+00 2.099650858928278434e-04 6.595762651029514608e-04 6.399389047194113103e-04 -2.099096371796315796e-04 9.999998789762376550e-01 -4.696161374981863506e-04
9.999989142419498656e-01 -5.188321616367585115e-05 -1.523371032825659869e-03 6.781533518627928976e-03 5.229711624031970824e-05 1.000000045519150449e+00 2.821533339654533758e-04 4.524101253784211518e-03 1.523353799470540844e-03 -2.822221194538815153e-04 9.999989112691385351e-01 3.925582672578289772e-04
9.999961672813194591e-01 -2.546615734520727131e-04 -2.785092800916968026e-03 1.360183132536495546e-02 2.565083799918606408e-04 9.999998308151674120e-01 6.696798550159391902e-04 6.686153042829057376e-03 2.784919127451213061e-03 -6.703810135623540977e-04 9.999960122144969654e-01 -6.442091906729405151e-04
9.999948718514786172e-01 -3.378338084416301576e-04 -3.209145880568275901e-03 3.035143153209412734e-02 3.407562167056045802e-04 9.999996113380219542e-01 9.159979324114183577e-04 6.355769131772052299e-03 3.208832872721057751e-03 -9.170761811127112672e-04 9.999945470277602499e-01 -3.021759698119980825e-03
9.999964670954709645e-01 -3.226104181110747097e-04 -2.668998236291654329e-03 5.679415293583441049e-02 3.239751893340752200e-04 9.999999030511088627e-01 5.194642279446282053e-04 3.436706292907935629e-03 2.668828246614069269e-03 -5.203163268685683960e-04 9.999964233624875076e-01 -3.153403318073904390e-03
9.999973419844188083e-01 -3.605460917929475921e-04 -2.313142705344180435e-03 8.851655639849416446e-02 3.602791480495116396e-04 1.000000021245438742e+00 -1.048665549167373254e-04 -2.652350186147224047e-05 2.313178302795696004e-03 1.040434734261439973e-04 9.999974418052315350e-01 2.656443017123698161e-04
9.999966985441365308e-01 -5.844090198507890166e-04 -2.535232437923409885e-03 1.224788004750310966e-01 5.834178947373843630e-04 9.999998503384469606e-01 -3.817124279868215272e-04 -6.811711783216937294e-04 2.535451237313063929e-03 3.802426800285054398e-04 9.999968370937005746e-01 4.140134683955790616e-03
9.999957259034955026e-01 -7.287777820820638295e-04 -2.860824041177638215e-03 1.570299162067514687e-01 7.284026536553345676e-04 9.999998218613039835e-01 -1.227451854961673949e-04 1.025423995268211295e-03 2.860909243108296536e-03 1.206715601727825196e-04 9.999960258552983428e-01 3.484088720955774016e-03
9.999947051115893881e-01 -7.416785881892526845e-04 -3.194981355456095930e-03 1.993179210578012173e-01 7.422953807418995091e-04 9.999998002111634143e-01 2.007804781575254951e-04 2.466901351436081267e-03 3.194828040246941447e-03 -2.031402894339252960e-04 9.999950031164840381e-01 -1.323460224775191343e-03
9.999939818192439267e-01 -8.987342776087952094e-04 -3.376474006631810087e-03 2.512434313029843214e-01 8.992192012010205094e-04 9.999996813788144534e-01 1.505222716957935690e-04 2.256626223336283786e-03 3.376333493125379098e-03 -1.535482032922225887e-04 9.999944165311080990e-01 -2.272883920586369136e-03
9.999936389788853797e-01 -1.252629037146719406e-03 -3.365991599405943318e-03 3.080875842339645954e-01 1.252465621826309976e-03 9.999993137658997888e-01 -4.175035210897682085e-05 1.677551142098941336e-03 3.366035680694972904e-03 3.754119486969540446e-05 9.999944639901686694e-01 1.303941128927786500e-03
9.999932025860867046e-01 -1.515087470186639437e-03 -3.387861400470044970e-03 3.682778373762926605e-01 1.513471018227181440e-03 9.999988488997436642e-01 -4.700189482408155105e-04 1.418292919306980834e-03 3.388561070853708321e-03 4.648945607226260299e-04 9.999942862438103708e-01 3.570262731662517293e-03
9.999907364007818433e-01 -1.652244925827142793e-03 -3.997817548867778348e-03 4.342190817473012276e-01 1.648992453711932557e-03 9.999984180797267808e-01 -8.090303885325634062e-04 2.014344249829624379e-03 3.999139391330870132e-03 8.024366242246307656e-04 9.999918207273361670e-01 4.056376777962795305e-03
9.999869718429202914e-01 -1.909424889450633215e-03 -4.753988608944608070e-03 5.072840230649773297e-01 1.904740451698574413e-03 9.999978076097556512e-01 -9.831806675431244581e-04 2.608699846451404975e-03 4.755846902991352904e-03 9.741187704028043222e-04 9.999883581274745525e-01 3.217594062274016942e-03
9.999841480433531160e-01 -2.288127248452830401e-03 -5.163411797895806413e-03 5.886722007622661179e-01 2.282601127777539839e-03 9.999969286826337900e-01 -1.069718983095524359e-03 3.018756253153882883e-03 5.165835892514998237e-03 1.057923209965903498e-03 9.999862399481964648e-01 2.949403400034146180e-03
9.999826539036485995e-01 -2.703480410933590834e-03 -5.251932481731997129e-03 6.810302601134271550e-01 2.697540442765368213e-03 9.999958282895576867e-01 -1.132104281191228384e-03 2.743119140107642961e-03 5.254964869226717503e-03 1.117921347686024738e-03 9.999857132076219735e-01 3.571752786750505976e-03
9.999809627711431226e-01 -2.989177781013729798e-03 -5.416783123149579611e-03 7.843984446272225242e-01 2.982074061131106176e-03 9.999947985158844643e-01 -1.313587264952972497e-03 2.361761158519565511e-03 5.420675234916794150e-03 1.297412097753294566e-03 9.999846132123807463e-01 6.199223888374057710e-03
9.999775324352354611e-01 -3.315549767623721198e-03 -5.843749607469922967e-03 8.986450163366404009e-01 3.307079370820742697e-03 9.999935837491616963e-01 -1.453320222878793028e-03 2.898085782552461964e-03 5.848524735311018581e-03 1.433965402665615847e-03 9.999820182511564015e-01 7.779549585789394608e-03
9.999738994357518784e-01 -3.647382707749586162e-03 -6.253429301338794648e-03 1.020449362848292019e+00 3.639670033891074640e-03 9.999927185405078633e-01 -1.239191531283483734e-03 2.989297490416043413e-03 6.257898280890811064e-03 1.216402625452904420e-03 9.999798304310826280e-01 8.935544758022627432e-03
9.999706510207763133e-01 -4.060633869254560817e-03 -6.512878381999284358e-03 1.148129546327364636e+00 4.053448583185073444e-03 9.999912789558977888e-01 -1.111272816291779134e-03 5.001437674516575477e-03 6.517330137622534894e-03 1.084844098921835956e-03 9.999783260538580576e-01 9.034540661354563754e-03
9.999668508792621813e-01 -4.549413713678915859e-03 -6.768417252226851047e-03 1.286958169699966348e+00 4.543305443868492395e-03 9.999893766868173106e-01 -9.129970412728073562e-04 8.150411542912801288e-03 6.772497493712813406e-03 8.822189938593426317e-04 9.999768313639254558e-01 9.638512170641676258e-03
9.999626927240410357e-01 -4.841404129237172720e-03 -7.168426115177560509e-03 1.434360793280069046e+00 4.834213101589315484e-03 9.999879139406443462e-01 -1.015960762159245434e-03 7.078337147527898401e-03 7.173256733080748265e-03 9.812723101513202550e-04 9.999739455498228846e-01 1.086223578722742694e-02
9.999577478641319406e-01 -4.691918746017913894e-03 -7.918558992192266735e-03 1.594579858824815455e+00 4.683355237800324727e-03 9.999885476223334679e-01 -1.095913804697250466e-03 8.053983347384895825e-03 7.923608938109427333e-03 1.058784428650197699e-03 9.999682036697286058e-01 1.239750902197357674e-02
9.999516884926205051e-01 -4.121208673059498229e-03 -8.936279730545121022e-03 1.765960624598318818e+00 4.108678238145336940e-03 9.999906711622899014e-01 -1.417044188889871959e-03 8.949559430247791547e-03 8.942035577261038537e-03 1.380260276658922891e-03 9.999592261457095344e-01 1.315309035498238473e-02
9.999492513066865484e-01 -3.323477763381110523e-03 -9.522114162427090800e-03 1.950288947258052463e+00 3.307498146883193837e-03 9.999932175000557644e-01 -1.690559478348661795e-03 8.843640991794769410e-03 9.527667799593540765e-03 1.658979966105308262e-03 9.999533943515959145e-01 1.644982785944432840e-02
9.999505970860724791e-01 -2.267760423301720240e-03 -9.689346612875600687e-03 2.147838277383807171e+00 2.250666525198678075e-03 9.999960141724921758e-01 -1.771925096850225038e-03 6.387112139235272962e-03 9.693325974815331786e-03 1.750031303720304314e-03 9.999516472392946387e-01 1.901348210195372146e-02
9.999508756810534527e-01 -1.192281888149062004e-03 -9.851300578254937323e-03 2.356999265417705658e+00 1.174565436323312794e-03 9.999978048934159425e-01 -1.801241265843246588e-03 5.781786216773539787e-03 9.853426069525637182e-03 1.789583255515561156e-03 9.999500127886381540e-01 1.872683379538681719e-02
9.999469138430152615e-01 -2.898713905729927609e-04 -1.031062299235972583e-02 2.573853028138053833e+00 2.652195531689128258e-04 9.999972279296173161e-01 -2.389602211204239213e-03 5.233783094534202179e-03 1.031128683462618871e-02 2.386742191230041207e-03 9.999441504621059407e-01 1.977519289101487693e-02
9.999440198066706920e-01 8.456657267200944766e-04 -1.055775560008519361e-02 2.801647130178835710e+00 -8.814154495003537985e-04 9.999940234772775050e-01 -3.379195639362890524e-03 4.969220811361746773e-03 1.055483497844135650e-02 3.388313698702528562e-03 9.999387206202121625e-01 2.436697822435048358e-02
9.999464426763969849e-01 2.421454635535593303e-03 -1.007380481000577817e-02 3.047129530560851673e+00 -2.455035307240985201e-03 9.999915975180284633e-01 -3.319882243998829949e-03 3.476993920747437333e-03 1.006568125509748647e-02 3.344437878470004656e-03 9.999439169740796940e-01 3.450544472061794349e-02
9.999414142236033864e-01 4.187875057029557917e-03 -9.993158681053219278e-03 3.304042022333465667e+00 -4.207257317835035905e-03 9.999894364974842853e-01 -1.916832107988653434e-03 -2.631361441239371459e-03 9.985025802054377578e-03 1.958765563804968322e-03 9.999484023769067420e-01 3.439681401139699918e-02
9.999202563986097081e-01 5.832838602686540343e-03 -1.121154543320983590e-02 3.568596981713728855e+00 -5.843919704630485407e-03 9.999825958041554941e-01 -9.532144755234436178e-04 -3.582994101609260438e-03 1.120579064864749182e-02 1.018660188386233487e-03 9.999368717790602101e-01 3.466181106982486881e-02
9.999014451695943384e-01 7.606974407543300176e-03 -1.181036396930382551e-02 3.838451883246334795e+00 -7.616720864123169288e-03 9.999708166594221126e-01 -7.780355199499947895e-04 -1.908470079144946241e-03 1.180410138380248893e-02 8.679135654442398208e-04 9.999301344955701110e-01 3.442574899056836252e-02
9.998880113880944664e-01 9.702166798253867436e-03 -1.140549201692206936e-02 4.124677021837170443e+00 -9.723514839111336780e-03 9.999512084866547523e-01 -1.814952428135262804e-03 -5.774898395787810175e-03 1.138732800578161342e-02 1.925649505604092428e-03 9.999334939497739327e-01 3.900524321223305252e-02
9.998722982355352507e-01 1.176335970161521659e-02 -1.082892226787199492e-02 4.427839652615083388e+00 -1.179332897003100393e-02 9.999269299026768421e-01 -2.704631979434088396e-03 -1.594269469752650215e-02 1.079631670553086488e-02 2.831994220094600102e-03 9.999378960694225160e-01 4.983320503234778265e-02
9.998505480422715808e-01 1.373246870712495349e-02 -1.051494735366583118e-02 4.737447947008229576e+00 -1.376117195098541107e-02 9.999019065183886168e-01 -2.659325345835056482e-03 -2.396018664349303801e-02 1.047739843657178975e-02 2.803623865003176605e-03 9.999413734223131511e-01 5.674688266903019779e-02
9.998236236255804155e-01 1.554256571564729614e-02 -1.055529042838226038e-02 5.052958391305045538e+00 -1.556100392589567991e-02 9.998776697161926297e-01 -1.663864276151230930e-03 -2.832387879059945768e-02 1.052814034150736586e-02 1.827819871576657259e-03 9.999431021464828540e-01 5.722786671964526922e-02
9.997932623943447394e-01 1.744083982508367811e-02 -1.046489097003810466e-02 5.377687081094057575e+00 -1.745035445680660421e-02 9.998475378764795085e-01 -8.153004409806892784e-04 -3.299381104135544474e-02 1.044907864859466809e-02 9.977462439297870526e-04 9.999451098371450186e-01 5.623280616474030796e-02
9.997567828280763402e-01 1.960454803254961867e-02 -1.011463098479476429e-02 5.718200296844348607e+00 -1.961095837295325287e-02 9.998076850636083979e-01 -5.317068680879574825e-04 -4.131252754701936203e-02 1.010226418331762986e-02 7.299349433887011504e-04 9.999489072957957747e-01 5.883780051992870685e-02
9.997165649896432305e-01 2.181886463542393947e-02 -9.539274043481399401e-03 6.073266277985303496e+00 -2.182148898795839218e-02 9.997620087972247660e-01 -1.677181436538261892e-04 -4.909270958350166886e-02 9.533346682288810353e-03 3.758315495536220917e-04 9.999546900073611466e-01 7.080503156182450797e-02
9.996585756206444184e-01 2.449481375764649138e-02 -9.110878649562904538e-03 6.437838776564846377e+00 -2.449279079881827928e-02 9.997000903339607891e-01 3.370627773418967497e-04 -5.680724768735954250e-02 9.116404289328675428e-03 -1.137966516690804936e-04 9.999586427120111809e-01 7.898154307582025413e-02
9.995899357159718779e-01 2.708993074406343404e-02 -9.293569333701973828e-03 6.811441565401079146e+00 -2.708247837640139627e-02 9.996329104212643424e-01 9.303979600711749206e-04 -6.569948692468775830e-02 9.315363995004896300e-03 -6.783232203275729082e-04 9.999565871378019999e-01 7.923335330023201228e-02
9.995300952760570734e-01 2.923194554996254996e-02 -9.239184005863368063e-03 7.191122015529676226e+00 -2.922005454409622172e-02 9.995721320848567348e-01 1.423116461070087803e-03 -7.827570635664374277e-02 9.276833638384067784e-03 -1.152475108598640958e-03 9.999565135066502686e-01 8.458255213388918281e-02
9.994637261495660230e-01 3.156514459002853629e-02 -8.728651691820283817e-03 7.581136985940358564e+00 -3.154983105012772876e-02 9.995005347262496675e-01 1.890418370534140526e-03 -9.181626160068488696e-02 8.783965794510911404e-03 -1.614014354751543232e-03 9.999603297056522955e-01 9.025876615971598071e-02
9.993753674082686000e-01 3.444151990650544393e-02 -7.934072807389455986e-03 7.980582016633773534e+00 -3.442501781855083348e-02 9.994049791955071926e-01 2.211629941897182757e-03 -1.072466566580572572e-01 8.005526670717714663e-03 -1.937113921891684592e-03 9.999662938668151257e-01 9.585471322646112180e-02
9.992799466916966189e-01 3.732392922031226024e-02 -6.842236275548996619e-03 8.382708716211825006e+00 -3.730778501678972542e-02 9.993008941854003568e-01 2.477928378681380425e-03 -1.246166259578510016e-01 6.929942463834753291e-03 -2.220869622381836921e-03 9.999737427017829638e-01 9.839117828518349762e-02
9.991856053812189220e-01 3.997141143740828156e-02 -5.542548091662450639e-03 8.788110587545356012e+00 -3.996151476861840163e-02 9.991995739889567574e-01 1.893005756206280008e-03 -1.421598438020661992e-01 5.613781034221090351e-03 -1.669970039000048638e-03 9.999830746493711953e-01 1.030675898248568645e-01
9.990905315566281919e-01 4.239717482202527005e-02 -4.571562635236358675e-03 9.189088072088976489e+00 -4.238959382081882582e-02 9.990997682679796377e-01 1.752719392609664636e-03 -1.562521291355665753e-01 4.641760276428585734e-03 -1.557333867457649486e-03 9.999882426248221101e-01 1.121253342140986348e-01
9.989853424215893174e-01 4.479570822845072020e-02 -4.684867643859745578e-03 9.588093960930061499e+00 -4.478326001885905849e-02 9.989931195495058702e-01 2.740158506698725863e-03 -1.720074933537120709e-01 4.802900735419422980e-03 -2.527569494992563774e-03 9.999855065025164969e-01 1.182589634970445808e-01
9.988781176522882888e-01 4.705240527775527565e-02 -5.375921899840875075e-03 9.987494499864231656e+00 -4.702540695046669023e-02 9.988810659865502428e-01 5.053238716234888066e-03 -1.878232263166670080e-01 5.607676764381689695e-03 -4.794759027410402073e-03 9.999730224434759673e-01 1.233755617614934186e-01
9.987744650159812165e-01 4.907030411831998784e-02 -6.480994795945166018e-03 1.039542761038958574e+01 -4.902829510253717965e-02 9.987764058701998904e-01 6.498232324857578825e-03 -2.065622782585848916e-01 6.791938027113289013e-03 -6.172510477713166743e-03 9.999581287782006722e-01 1.173400814611789272e-01
9.987067731149520400e-01 5.040905861689418122e-02 -6.636158335375785811e-03 1.081389401092794067e+01 -5.036780751036831760e-02 9.987113260517772595e-01 6.252025873433275822e-03 -2.269784073854255180e-01 6.942766875037574906e-03 -5.909685976492126333e-03 9.999586841435119666e-01 1.238040766850846824e-01
9.986700795860015134e-01 5.118253969497755379e-02 -6.225318766158318730e-03 1.123752269118384106e+01 -5.114801765210184870e-02 9.986755792596845316e-01 5.594372804253476550e-03 -2.523403449182480829e-01 6.503408199802380822e-03 -5.268515067983344305e-03 9.999652300894058543e-01 1.365804168518197637e-01
9.986496512296398897e-01 5.160081479833502488e-02 -6.047041606472253021e-03 1.166000658599115525e+01 -5.156754141802761399e-02 9.986542748960719473e-01 5.546253192916759077e-03 -2.734987092686483323e-01 6.325094354857190362e-03 -5.226928488945705581e-03 9.999665945707360004e-01 1.470335342950013779e-01
9.986175269864293602e-01 5.226756980815128184e-02 -5.610514462773999282e-03 1.208594094840337263e+01 -5.223103933888821604e-02 9.986141559563717074e-01 6.482756371075355448e-03 -2.941571116926101626e-01 5.941579651080676136e-03 -6.180749182387486329e-03 9.999635099625603374e-01 1.451619897222050370e-01
9.985637989096706191e-01 5.335963550868026706e-02 -4.841002443769893727e-03 1.252531745842851230e+01 -5.332841678861027779e-02 9.985568338686590106e-01 6.377448392636264618e-03 -3.182471705603629464e-01 5.174316927096637292e-03 -6.110124288757879350e-03 9.999682119661137403e-01 1.397827941805858676e-01
9.985140624611380522e-01 5.431604535800173272e-02 -4.447730381604956401e-03 1.297983380705158574e+01 -5.429401529517092345e-02 9.985129055897942196e-01 4.948172764904227444e-03 -3.476856543670963640e-01 4.709883994333123429e-03 -4.699333212585681679e-03 9.999781356013277556e-01 1.439346646787309225e-01
9.985068276195274706e-01 5.447913479319013708e-02 -4.060535734428015464e-03 1.343805665197765542e+01 -5.446705746824086203e-02 9.985110984574508963e-01 3.045716355739681597e-03 -3.755330487914493309e-01 4.220420458081726098e-03 -2.820001653007685617e-03 9.999873890210800864e-01 1.617357497947766176e-01
9.985345883227720876e-01 5.400080374183715420e-02 -3.597016440591791105e-03 1.389101081244449354e+01 -5.398803682263905029e-02 9.985353549431060793e-01 3.576568087359362387e-03 -3.935040257619702442e-01 3.784889451378592104e-03 -3.377129491718284561e-03 9.999874081047902541e-01 1.852167704401542769e-01
9.985386863742239383e-01 5.379355068610852664e-02 -5.205949634113529560e-03 1.434705341776372300e+01 -5.375578804243497794e-02 9.985286573433036494e-01 7.155145588734159422e-03 -4.118547650534454263e-01 5.583194020542542151e-03 -6.864838171528393762e-03 9.999611296535541038e-01 1.769309956040864273e-01
9.985347010435113857e-01 5.356902113337038557e-02 -7.692324747796880358e-03 1.480733005233092214e+01 -5.349836472313996422e-02 9.985264239987728940e-01 9.125072212316981402e-03 -4.346027083154578863e-01 8.169813963879035343e-03 -8.700172689750873545e-03 9.999290604223384227e-01 1.604906914163281295e-01
9.985570475020565384e-01 5.304023781277564242e-02 -8.421239211684639070e-03 1.527387123883091213e+01 -5.297465597875181120e-02 9.985652783976560753e-01 7.838293485214821096e-03 -4.649162133844312317e-01 8.824905193370761319e-03 -7.380869289589582320e-03 9.999341055965749181e-01 1.515057759354807299e-01
9.985699129373871719e-01 5.264975214838197443e-02 -9.300261378849686636e-03 1.575315803205334220e+01 -5.262537003094525795e-02 9.986104256044145977e-01 2.856518923819815949e-03 -4.981785899258242556e-01 9.437736177501616225e-03 -2.363002841982680090e-03 9.999529595342526722e-01 1.804587400199200720e-01
9.985475379796786566e-01 5.235305500234242737e-02 -1.274129307985033890e-02 1.622938789570462959e+01 -5.234363547091726299e-02 9.986287357555378996e-01 1.078604716909221809e-03 -5.217896768822978260e-01 1.278029257246615993e-02 -4.101112611422328422e-04 9.999185357439384081e-01 2.249057905900480048e-01
9.985043473271553172e-01 5.206414141213718677e-02 -1.669634154350036967e-02 1.669448497792261321e+01 -5.198327843288241823e-02 9.986343612484455123e-01 5.246848941382729718e-03 -5.313306404824124085e-01 1.694671588092020245e-02 -4.371069135993122141e-03 9.998471368901941103e-01 2.478980958750932051e-01
9.984848426032615354e-01 5.178880376623073295e-02 -1.860955686971966713e-02 1.716142410319066158e+01 -5.157525050635918679e-02 9.985997877552665880e-01 1.178311078324192906e-02 -5.454577452031473817e-01 1.919373543228805254e-02 -1.080546266942014264e-02 9.997576934613472410e-01 2.147194298048605010e-01
9.984865383306678055e-01 5.140459681432130168e-02 -1.955964612329220628e-02 1.764516963916945613e+01 -5.113302713780756847e-02 9.985918696999419586e-01 1.414482930866911917e-02 -5.751607718447918627e-01 2.025921541856188363e-02 -1.312327524632623393e-02 9.997089328586087342e-01 1.898214809624682586e-01
9.985241646705887986e-01 5.068082357714032149e-02 -1.952776588821996881e-02 1.813577983064268295e+01 -5.046557974028343524e-02 9.986613044734998779e-01 1.136729998737723811e-02 -6.041008907747977830e-01 2.007773049935493090e-02 -1.036504191795967547e-02 9.997450029440536623e-01 2.049196684659914947e-01
9.986210758421080191e-01 4.986156375972192883e-02 -1.643673751636218552e-02 1.862830188701887835e+01 -4.974922857498621787e-02 9.987361268672987347e-01 7.180588248965913759e-03 -6.271142307989603371e-01 1.677400090342961655e-02 -6.352970927825303017e-03 9.998394407327715339e-01 2.559520893444343637e-01
9.987050386325142526e-01 4.927952270843998644e-02 -1.265607002414937711e-02 1.913192048733478856e+01 -4.921746971571712426e-02 9.987748669442776395e-01 5.177474514052061820e-03 -6.468435843795554696e-01 1.289571019704154053e-02 -4.547869852238079109e-03 9.999068263728290162e-01 2.919528923429540179e-01
9.987902364512867281e-01 4.787039668872314357e-02 -1.126456806197551758e-02 1.963982773817244620e+01 -4.779329257397551406e-02 9.988327313910834171e-01 7.027106154671659138e-03 -6.701133136239997290e-01 1.158781218234327531e-02 -6.480233806079411726e-03 9.999121846766972910e-01 2.862540307448864230e-01
9.989420608809755908e-01 4.437756849885846760e-02 -1.207458795323322100e-02 2.013737911321712204e+01 -4.425808361875047114e-02 9.989703001196551524e-01 9.998442511714323438e-03 -6.932387557190786698e-01 1.250586382024040759e-02 -9.453465959799824125e-03 9.998774373360878043e-01 2.642099001137242498e-01
