1.000000000000000000e+00 0.000000000000000000e+00 0.000000000000000000e+00 0.000000000000000000e+00 0.000000000000000000e+00 1.000000000000000000e+00 0.000000000000000000e+00 0.000000000000000000e+00 0.000000000000000000e+00 0.000000000000000000e+00 1.000000000000000000e+00 0.000000000000000000e+00
9.999999964747159353e-01 -6.863355260628746252e-05 4.837358393136381241e-05 -5.290489240506782674e-03 6.863398085021955885e-05 9.999999976055160555e-01 -8.851242454023846632e-06 6.142971296485965228e-04 -4.837297632331944894e-05 8.854562494453905051e-06 9.999999987908259058e-01 1.760108631184608080e-03
9.999999975994106061e-01 4.218370043561414275e-06 -6.916201349551943944e-05 -5.348832037948928267e-03 -4.209470207593041777e-06 9.999999917117885495e-01 1.286806248261702630e-04 -1.885795004488796060e-03 6.916255574478299680e-05 -1.286803333818256395e-04 9.999999893289562847e-01 -9.135665450854303388e-04
9.999999972863823361e-01 -3.849271834725929764e-05 -6.281358177111181801e-05 1.283882705987447834e-03 3.849441419626511675e-05 9.999999988946672858e-01 2.699714052511637024e-05 -1.391523371614741345e-03 6.281254250835548029e-05 -2.699955842389029968e-05 9.999999976628041187e-01 -9.166210824913659022e-04
9.999999901495131294e-01 -1.383143324157958215e-04 -2.387716597792342049e-05 7.406465967427776007e-03 1.383121561198320142e-04 9.999999862831647768e-01 -9.112309111514448360e-05 2.536634358269830645e-04 2.388976927991952838e-05 9.111978771522921900e-05 9.999999955632316029e-01 2.365650432605163130e-04
9.999999992948921390e-01 -3.723353085548718709e-05 -4.886699470147740472e-06 -8.135567321031453606e-04 3.723325054893451911e-05 9.999999976624068809e-01 -5.734868104652227836e-05 -1.954043139535671571e-03 4.888834752609892901e-06 5.734849905837954240e-05 9.999999983436245188e-01 3.583342899695906528e-03
9.999999923251053913e-01 -1.235498963801375482e-04 -9.231045973625473706e-06 -2.770749111387963825e-03 1.235502563857994397e-04 9.999999916068137429e-01 3.900905759162469843e-05 -1.704963783225357061e-03 9.226226331124253569e-06 -3.901019779033105042e-05 9.999999991965405899e-01 3.690237279674735485e-03
9.999999841214689544e-01 -1.765097405755448857e-04 -2.452291231580588511e-05 -4.194858958821252523e-03 1.765118368711265603e-04 9.999999807660370221e-01 8.550729162219432192e-05 -3.808614313184444729e-04 2.450781897427154840e-05 -8.551161884876243833e-05 9.999999960435649315e-01 -9.406118316638504006e-06
9.999999925302505144e-01 -1.193096344153923095e-04 -2.654637497833226575e-05 -7.677764665315891471e-04 1.193110645713203467e-04 9.999999914309718463e-01 5.387880918059585522e-05 5.193075904917291829e-04 2.653994648982956054e-05 -5.388197605439382445e-05 9.999999981961819051e-01 -4.327089049027167959e-04
9.999999949500930629e-01 -8.370301497977864261e-05 -5.562031277059794725e-05 3.892679655311277916e-03 8.370552319805665527e-05 9.999999954799326796e-01 4.509456691681275526e-05 -4.637720546336006398e-04 5.561653796798024621e-05 -4.509922241647028806e-05 9.999999974364304212e-01 1.278731629392737545e-03
9.999999986626343373e-01 3.050059057297018554e-05 -4.176655735774720783e-05 3.748222875687192411e-04 -3.050201880768743296e-05 9.999999989501492381e-01 -3.419544334792742169e-05 -2.254814221727515638e-03 4.176551433268153803e-05 3.419671726651366244e-05 9.999999985431131666e-01 2.119121828458642631e-04
9.999999998810833457e-01 -1.142381090806645987e-05 -1.036001096790017790e-05 -4.344454638445030548e-04 1.142431890710915641e-05 9.999999987324841300e-01 4.903587125444640348e-05 -3.386791260733492846e-04 1.035945077824777624e-05 -4.903598960468440627e-05 9.999999987440767457e-01 4.670702386243978958e-04
9.999999952915692436e-01 -8.679775446105811071e-05 -4.339367951328994510e-05 -2.778796049691088961e-03 8.680068754067196040e-05 9.999999939482776545e-01 6.759500986400125038e-05 1.191324190461198144e-03 4.338781215561447161e-05 -6.759877614695149022e-05 9.999999967739515716e-01 -1.501841476312390858e-03
9.999999864788623460e-01 -1.559340253241296899e-04 -5.221929566273162521e-05 -2.565701981033485009e-03 1.559389467839570850e-04 9.999999833995013576e-01 9.425519581503851189e-05 -1.949433324504764621e-03 5.220459720377412121e-05 -9.426333756256848929e-05 9.999999941945515447e-01 9.585060694807100590e-04
9.999999951406317589e-01 -5.737519647206900682e-05 -8.016747095528007066e-05 -1.665747742050304424e-03 5.738441423006332079e-05 9.999999917428881169e-01 1.149837058084022769e-04 -2.357743727419606139e-03 8.016087308061644852e-05 -1.149883056130151642e-04 9.999999901759619725e-01 1.944555576505482180e-03
9.999999984851661861e-01 1.391078425268756705e-05 -5.325558823281907340e-05 -2.998767659555639110e-03 -1.390863744002704024e-05 9.999999990907599834e-01 4.031165841553506588e-05 -2.902808160198363033e-03 5.325614895118004375e-05 -4.031091764180121491e-05 9.999999977694062903e-01 1.788703109303491816e-03
9.999999997421692433e-01 -1.546342499719292613e-05 1.662960891187730995e-05 6.791461082871077344e-05 1.546443449371566426e-05 9.999999980377950459e-01 -6.070635114090583288e-05 -2.533099757755531527e-03 -1.662867015113889092e-05 6.070660829275154182e-05 9.999999980190975579e-01 1.775352935546224481e-03
9.999999940392817477e-01 -1.073365123723047846e-04 2.000773847982442418e-05 1.709637160639514890e-03 1.073360102324974024e-04 9.999999939245691749e-01 2.509666407508546733e-05 2.774356288972917492e-04 -2.001043214666279081e-05 -2.509451637466912589e-05 9.999999994849239071e-01 2.001353351799882180e-03
9.999999961816401495e-01 -8.137096329588067308e-05 -3.186669266183170306e-05 -4.676485873926792343e-04 8.137306040523370704e-05 9.999999945235337195e-01 6.581305091842003534e-05 3.081274074648671091e-03 3.186133721596415578e-05 -6.581564375742900261e-05 9.999999973265780717e-01 -1.375718255787248970e-03
9.999999988729484368e-01 -4.570657097997993018e-05 -1.284572305992075149e-05 2.161837232719722619e-03 4.570715518445097063e-05 9.999999979211260381e-01 4.548190648240006158e-05 9.448531363564783561e-04 1.284364421122917039e-05 -4.548249357259696033e-05 9.999999988831917985e-01 -2.317122306164591094e-03
9.999999988853865984e-01 -4.267861732896909222e-05 -2.019312913443299971e-05 2.777251440661934571e-03 4.267928774984440136e-05 9.999999985380800815e-01 3.320117910716434428e-05 -3.057533634240228344e-03 2.019171212449427134e-05 -3.320204089852677132e-05 9.999999992449596364e-01 -1.571297925009885023e-03
9.999999903864309481e-01 -1.101168169229009358e-04 -8.426995130522150275e-05 -8.094155034300726552e-04 1.101290453356817847e-04 9.999999834060168125e-01 1.451191217611013957e-04 -5.292531777169609541e-03 8.425396985108436537e-05 -1.451284009352764174e-04 9.999999859195077834e-01 -6.541040634465515851e-04
9.999999953719487245e-01 -8.003707773838210349e-05 -5.338697209080069090e-05 1.451668351974806648e-03 8.004335238415351977e-05 9.999999898887492744e-01 1.175396235427636472e-04 -4.088687348582658210e-04 5.337756402300480180e-05 -1.175438962710040379e-04 9.999999916671340472e-01 -1.173897056266873674e-03
9.999999940147706878e-01 -1.004762186066454589e-04 -4.330113150010445679e-05 -1.756606894751858291e-03 1.004799594272581787e-04 9.999999912196408935e-01 8.639731352950587155e-05 -1.951522032528661861e-03 4.329245024454375412e-05 -8.640166390833442446e-05 9.999999953302580735e-01 2.043918097104717696e-04
9.999999939205965749e-01 -1.090835233756680937e-04 -1.611184764110111368e-05 -2.899511513250413106e-03 1.090845140185589464e-04 9.999999921593258900e-01 6.149729270723041307e-05 -4.822672654026389540e-03 1.610513917340679338e-05 -6.149904988643341926e-05 9.999999979792456584e-01 5.165485430708497121e-04
9.999999973127965402e-01 -7.170183637540862446e-05 -1.527263957451778943e-05 -1.568274669411233446e-02 7.170182615700852378e-05 9.999999974291998717e-01 -6.696122396482144565e-07 -3.921622654963090315e-03 1.527268754768213018e-05 6.685171617010994722e-07 9.999999998831490267e-01 -3.102012781481115842e-03
9.999999834278894273e-01 1.476180217077918905e-04 -1.065511166446557977e-04 -4.829458385538872717e-02 -1.476117649688614961e-04 9.999999873810109241e-01 5.872601410220559560e-05 -1.376812526582361050e-02 1.065597843181129866e-04 -5.871028493060427615e-05 9.999999925990573635e-01 4.989676938711617082e-04
9.999998791158629663e-01 2.296812411856486000e-04 -4.347583084825160484e-04 -5.427667754333868194e-02 -2.295813669547771619e-04 9.999999472514737864e-01 2.297595383940251703e-04 -1.825244249842876768e-02 4.348110570056086294e-04 -2.296596982129853171e-04 9.999998790978765761e-01 2.894971975414839267e-03
9.999998373664611417e-01 2.355872094520863980e-05 -5.698350972379149669e-04 -3.045533556545752113e-02 -2.348160724118289908e-05 9.999999905668423006e-01 1.353326621390894867e-04 -1.414765357845336469e-02 5.698382801269928112e-04 -1.353192594855141405e-04 9.999998284865015963e-01 4.500372539198308278e-03
9.999997328763003956e-01 -1.088243975998720261e-05 -7.308412278196218690e-04 2.037045353601277600e-02 1.095799555732033243e-05 9.999999945964522796e-01 1.033780335874104393e-04 -6.836323652883740179e-03 7.308400988652633771e-04 -1.033860145276151973e-04 9.999997275920038398e-01 5.001500452194163927e-03
9.999995890546818922e-01 -6.911036682314038588e-06 -9.065554063813229847e-04 7.236146759592865241e-02 7.104692028215429508e-06 9.999999771593716114e-01 2.136136222350541204e-04 -3.575943265532248363e-03 9.065539093834486901e-04 -2.136199752485050700e-04 9.999995662631636639e-01 -1.097577550199171567e-03
9.999994521108153123e-01 1.363029911209506751e-04 -1.037882249451853875e-03 1.254094641542070065e-01 -1.360817911333805409e-04 9.999999680150487569e-01 2.131939203932359944e-04 -2.393155220380729616e-04 1.037911275224278999e-03 -2.130525667111017986e-04 9.999994386742367958e-01 2.482175416226329537e-03
9.999992715857128900e-01 3.331702535369680958e-04 -1.160097248450747947e-03 1.760704820152798888e-01 -3.330032429796326806e-04 9.999999341644129069e-01 1.441527315225800171e-04 -2.202984876500119291e-03 1.160145199477174158e-03 -1.437663103737649704e-04 9.999993166969486369e-01 5.935433667298409613e-03
9.999991860553524292e-01 2.666169507755309612e-04 -1.247719533428032863e-03 2.478706733897968750e-01 -2.661443015142795862e-04 9.999998927778013247e-01 3.789612072725483333e-04 3.591375133644139541e-03 1.247820437126346150e-03 -3.786288253753921588e-04 9.999991497918232497e-01 1.137666409838153023e-02
9.999990044473009432e-01 5.122899936353154937e-04 -1.314786434893674321e-03 3.759194783357368008e-01 -5.112736273114270018e-04 9.999995703437625227e-01 7.732474173412652975e-04 7.898739849952655240e-03 1.315181996901990114e-03 -7.725744319030039683e-04 9.999988367118545218e-01 1.705977325893350341e-02
9.999986748840860029e-01 7.710983002902989294e-04 -1.433749449289089661e-03 5.569430113658774273e-01 -7.690133600135240152e-04 9.999986470025301610e-01 1.454170403065126703e-03 9.051808765745291557e-03 1.434868817755848231e-03 -1.453065903639368757e-03 9.999979148733039169e-01 1.599931657978452548e-02
9.999986676588278334e-01 7.064068701912756170e-04 -1.471621521644320184e-03 7.315636005147800880e-01 -7.020038793727642569e-04 9.999952826291642616e-01 2.990302655466890204e-03 1.688628695682076186e-02 1.473726949799645473e-03 -2.989265587346382966e-03 9.999944461946405072e-01 1.475478274931515781e-02
9.999983799550573593e-01 8.629046019196728000e-04 -1.579709754551990222e-03 8.454434097975647155e-01 -8.558704538659617439e-04 9.999897409636416823e-01 4.448084220774689915e-03 2.844738058127750310e-02 1.583531820596015618e-03 -4.446724987773738660e-03 9.999888594698724820e-01 9.986933466614202060e-03
9.999973606381262758e-01 1.590447055483185795e-03 -1.658069644204036765e-03 9.446440525748602823e-01 -1.584093362181228978e-03 9.999914250834984752e-01 3.826278569815998003e-03 2.579918225730815431e-02 1.664140919880106265e-03 -3.823641933764804646e-03 9.999913051608804171e-01 1.283008018520846900e-02
9.999940574836096996e-01 2.999294243196451264e-03 -1.699773958436241522e-03 1.101583978611682113e+00 -2.995454288840373319e-03 9.999929662207732717e-01 2.257158076637786389e-03 1.541134511570951306e-02 1.706531883826726496e-03 -2.252053068245063201e-03 9.999960079949855585e-01 2.313673930848559809e-02
9.999903837680390595e-01 3.980009327358893963e-03 -1.841710401779960088e-03 1.336230897106738258e+00 -3.976930021058147462e-03 9.999906931178205172e-01 1.672634254257170973e-03 1.272496227089485801e-02 1.848350361131445400e-03 -1.665293816431262421e-03 9.999969051939348041e-01 3.132143795050892909e-02
9.999902851630837475e-01 3.948335237530449168e-03 -1.959650046929053806e-03 1.550829394345228929e+00 -3.946235068696594614e-03 9.999916363922584095e-01 1.074418128951009103e-03 1.489052224979272622e-02 1.963875820143129534e-03 -1.066674451416541828e-03 9.999975026955706392e-01 1.252913260270873026e-02
9.999858336389153557e-01 4.705456434441169025e-03 -2.488212456181849736e-03 1.722743681721861764e+00 -4.706051329610553419e-03 9.999888992679845101e-01 -2.332845639503149928e-04 -3.753070073069103563e-03 2.487087124849680312e-03 2.449909146947147165e-04 9.999968771836665882e-01 6.423179670918387901e-03
9.999576701549846014e-01 5.659892615504725881e-03 -7.254206627610657043e-03 1.926563455277592318e+00 -5.678201665624231856e-03 9.999807392707468212e-01 -2.505815910056170392e-03 -1.493978059163551635e-02 7.239884257335714619e-03 2.546900687412741258e-03 9.999705482527116995e-01 3.303690530203972926e-03
9.999391505018190296e-01 6.345694412856850951e-03 -9.023716314203069147e-03 2.166093853289690951e+00 -6.382532106502756923e-03 9.999713918756796271e-01 -4.059398246718835118e-03 -2.510423789000368333e-02 8.997698461831155070e-03 4.116745393467978464e-03 9.999510457166167487e-01 5.034387845571842990e-02
9.999429605788289210e-01 6.783693487641980976e-03 -8.249672206351433765e-03 2.414827359556759756e+00 -6.817902602670873960e-03 9.999682469195034784e-01 -4.125694709422265787e-03 -2.964903117770052027e-02 8.221422805513490042e-03 4.181704843790976824e-03 9.999574598709949358e-01 4.776247403480887027e-02
9.999479827447740332e-01 7.210720791839746874e-03 -7.213689092227098046e-03 2.631892336508378172e+00 -7.230411477818672605e-03 9.999701954422867134e-01 -2.707282212194899763e-03 -2.144986004165146468e-02 7.193952635277371492e-03 2.759299327214953263e-03 9.999703162157885794e-01 1.279919544086164686e-02
9.999468172362181440e-01 7.895672214227407795e-03 -6.634836806047803882e-03 2.878189106211482162e+00 -7.911893568482984349e-03 9.999657668687464973e-01 -2.422195442313299519e-03 -2.404689293360837143e-02 6.615484813557274968e-03 2.474560745918961361e-03 9.999750556437877469e-01 -6.989189572042895510e-03
9.999360755064076178e-01 9.035377870986051330e-03 -6.797561884408117629e-03 3.144200863477874641e+00 -9.057647102638486519e-03 9.999536892596357918e-01 -3.252439854596880439e-03 -3.547180442113296445e-02 6.767860061195641978e-03 3.313801860733550739e-03 9.999716069906284810e-01 1.748051463222844576e-02
9.999113775418111416e-01 1.087869862436371959e-02 -7.674045782897001566e-03 3.424324773604466188e+00 -1.090110265177347132e-02 9.999364231218970112e-01 -2.883691239041276649e-03 -3.517124718383256993e-02 7.642187083108457554e-03 2.967091240068784556e-03 9.999663961084691577e-01 5.116734804809201093e-02
9.998732852604517163e-01 1.285254039244890234e-02 -9.392849830160025781e-03 3.687433296767981705e+00 -1.285989907911022287e-02 9.999170463629463157e-01 -7.234559258050496117e-04 -1.978586522247976695e-02 9.382772412595750261e-03 8.441553541569321584e-04 9.999556245072035443e-01 5.918894521828058086e-02
9.998651510344397364e-01 1.318007670645247528e-02 -9.796189304478232843e-03 3.961558141685574075e+00 -1.317716416131718346e-02 9.999131119472220997e-01 3.618020008410948157e-04 -1.695808318646830747e-03 9.800106710788559355e-03 -2.326672175950944359e-04 9.999519507328454848e-01 2.459033330905989467e-02
9.998724971153112318e-01 1.348472120749283527e-02 -8.552882926130336849e-03 4.260448160289879382e+00 -1.349298349161360926e-02 9.999085523269237719e-01 -9.090544376902814395e-04 -1.262273172110669507e-02 8.539842439233958846e-03 1.024342438755117225e-03 9.999630102227188289e-01 9.064360280308179918e-03
9.998670805783892446e-01 1.487244197979823920e-02 -6.680691970629798644e-03 4.581022792159829216e+00 -1.490200694470897314e-02 9.998792880571381048e-01 -4.397670220756684858e-03 -5.051670805906787604e-02 6.614481436117872031e-03 4.496641403116293824e-03 9.999680139141566837e-01 1.833607429655022270e-02
9.998447622305773885e-01 1.665361742596587619e-02 -5.753995716861871543e-03 4.915984896675311688e+00 -1.669381345451725202e-02 9.998360761093569860e-01 -7.009814732931341115e-03 -8.341222884718069164e-02 5.636313726708081298e-03 7.104782676043519367e-03 9.999588761697654204e-01 3.436919380037903315e-02
9.998125928181127442e-01 1.843472694184891333e-02 -5.911013864156624414e-03 5.249900157810207801e+00 -1.847911939373638943e-02 9.998007733475726688e-01 -7.545578839805370044e-03 -9.190155680900553847e-02 5.770735547122011685e-03 7.653395075073074830e-03 9.999540610223401904e-01 4.066915464060717050e-02
9.997768997290993331e-01 2.009254715575122668e-02 -6.514623309475063399e-03 5.587979323373839513e+00 -2.012853466783980777e-02 9.997822370122220192e-01 -5.506418705726765991e-03 -6.318726042669182974e-02 6.402566688134817517e-03 5.636320043354512040e-03 9.999636188562925909e-01 4.471462503086695572e-02
9.997247052514087740e-01 2.251608012283359134e-02 -6.598472996530927413e-03 5.941077014099940712e+00 -2.254501586799876472e-02 9.997363906217426877e-01 -4.344136982427226554e-03 -6.553796725013336100e-02 6.498920640805967361e-03 4.491703742740154638e-03 9.999687938270833687e-01 2.981764338593573260e-02
9.996686467503207441e-01 2.502246537419540451e-02 -6.039282323224409894e-03 6.332324021536155811e+00 -2.505643017116919447e-02 9.996702669180554945e-01 -5.615402662412336161e-03 -9.109444920403013402e-02 5.896779753368862516e-03 5.764864836307737224e-03 9.999659965828634478e-01 2.368396084776502181e-02
9.995969614132635961e-01 2.764405920051067958e-02 -6.459158171870207736e-03 6.742367252100470054e+00 -2.768629902128030493e-02 9.995952388327576932e-01 -6.544260797564573941e-03 -1.271428778039228324e-01 6.275633822557702586e-03 6.720453392513633939e-03 9.999577250695772523e-01 4.326257612284271220e-02
9.995189070743627502e-01 3.026790043331994626e-02 -6.768205392129737763e-03 7.141167176012331197e+00 -3.031598058164385392e-02 9.995150216369981244e-01 -7.117783599179820266e-03 -1.394632515573715759e-01 6.549482593672308929e-03 7.319544067084421228e-03 9.999517631128039818e-01 6.950083939730287985e-02
9.994406726187254897e-01 3.283684304177892505e-02 -6.331165333435556652e-03 7.553565346901449651e+00 -3.288012311581579167e-02 9.994357761842532772e-01 -6.857607955256997574e-03 -1.347632839835175289e-01 6.102410943104173702e-03 7.061941802987521492e-03 9.999564438307564362e-01 7.151256517074146279e-02
9.993638635313926155e-01 3.534298665750658375e-02 -4.768811354562577619e-03 7.986608686661264223e+00 -3.537334603129974053e-02 9.993534200358479280e-01 -6.439584862720970117e-03 -1.447609456285364193e-01 4.538133774804866717e-03 6.604177222150035484e-03 9.999678945771510730e-01 4.384399371368215975e-02
9.992718428749034487e-01 3.801443003496146611e-02 -3.269120143325694120e-03 8.414523664233431788e+00 -3.803675681376250672e-02 9.992513825812882056e-01 -7.062544900725866749e-03 -1.646641590861621096e-01 2.998194204045121544e-03 7.181748986221740509e-03 9.999697161979524962e-01 4.652772767296682599e-02
9.991691337844812448e-01 4.063834103394800557e-02 -3.093110146462052599e-03 8.855674789273708214e+00 -4.066194370455383789e-02 9.991409799635042610e-01 -7.994278687676863865e-03 -2.003210235971599473e-01 2.765578879240919094e-03 8.113408382245255318e-03 9.999632614140809839e-01 6.633772433122135659e-02
9.990652638800511243e-01 4.320065521956859000e-02 -1.517200343910142350e-03 9.308691689693002758e+00 -4.321211579497842570e-02 9.990291100750525732e-01 -8.576145472743221601e-03 -2.247250555656747639e-01 1.145232205701269537e-03 8.633690476745139314e-03 9.999620731967522325e-01 7.182271189944387790e-02
9.989371490294153277e-01 4.608421703393057040e-02 9.040073855072766748e-04 9.753812548628152612e+00 -4.607645047660487853e-02 9.989114474891971351e-01 -7.271917664125945348e-03 -2.379393623502052135e-01 -1.238143957884452022e-03 7.222535247849807931e-03 9.999731506316222873e-01 5.253364624522550291e-02
9.987907847529392535e-01 4.916042765408345366e-02 4.697291510244366647e-04 1.020605263436954324e+01 -4.915689748796264052e-02 9.987743240767175124e-01 -5.783510564872769606e-03 -2.464190465848119793e-01 -7.534732680246170955e-04 5.753426627992172873e-03 9.999831650383274040e-01 4.159185021446785979e-02
9.986647809803899101e-01 5.163074642620987115e-02 -1.709167300802672419e-03 1.067495039136278479e+01 -5.163923337954349352e-02 9.986514045774679271e-01 -5.362994632049598691e-03 -2.650974417688723439e-01 1.429966909671991125e-03 5.444093948745654631e-03 9.999841583923789745e-01 4.793211146911536408e-02
9.985460667182767258e-01 5.382009688763103594e-02 -3.024865693675138877e-03 1.114928352191036076e+01 -5.384011329287118064e-02 9.985251780313934011e-01 -6.979329336324759971e-03 -2.992651356669133178e-01 2.644776374206337950e-03 7.132040968761759261e-03 9.999710691562783138e-01 7.908308795378825307e-02
9.984963427659646618e-01 5.474870244495142618e-02 -2.762799954261230175e-03 1.164970533909973938e+01 -5.477055498787953419e-02 9.984621418239303381e-01 -8.575409651389675689e-03 -3.422346806159472510e-01 2.289058608415226251e-03 8.713835261447921976e-03 9.999594138192428039e-01 9.267651634188603382e-02
9.984935457045540641e-01 5.480164772122302075e-02 -2.723709490102469832e-03 1.216557405157312211e+01 -5.482587108471312365e-02 9.984478399586038666e-01 -9.799731720845581903e-03 -3.855156146289513419e-01 2.182440411539287358e-03 9.934298618277064355e-03 9.999482719945131937e-01 7.802261713027529300e-02
9.985445776483861113e-01 5.386529392229794100e-02 -2.693800228425172975e-03 1.268162743769821077e+01 -5.388950161147526563e-02 9.984977262894209060e-01 -9.910207410716600357e-03 -4.285240044969376161e-01 2.155937168151272985e-03 1.004095142509262711e-02 9.999472642241719056e-01 7.716330218029983368e-02
9.986485593489572432e-01 5.191315093981010292e-02 -2.465698633790478107e-03 1.321172585985303805e+01 -5.193685316079057340e-02 9.985920932128329319e-01 -1.078863552851895558e-02 -4.440571765474134458e-01 1.902155095322253771e-03 1.090211595577837006e-02 9.999387609617301775e-01 8.993703074926193142e-02
9.987919363107414794e-01 4.910541630597269058e-02 -1.823746160188421126e-03 1.374416630448809862e+01 -4.912343266328844660e-02 9.987243381316920354e-01 -1.168694942185134061e-02 -4.527694585215013556e-01 1.247527160047538818e-03 1.176241951431154960e-02 9.999300421345256318e-01 9.698202131765955303e-02
9.989568045316151723e-01 4.566495927036582497e-02 1.190580536923926383e-04 1.429970440537533349e+01 -4.566021620701744138e-02 9.988844428189163072e-01 -1.204219873077638954e-02 -4.780815376064860289e-01 -6.688317521921853222e-04 1.202420014715827393e-02 9.999274830080970844e-01 1.061989750319158460e-01
9.991161078146620911e-01 4.193985821788117491e-02 2.837498536447002635e-03 1.486319354869029574e+01 -4.190187531785661418e-02 9.990456177502554658e-01 -1.233233549888624117e-02 -5.001781448713260581e-01 -3.352006880528773415e-03 1.220253853402300526e-02 9.999199278458243967e-01 7.969095109499491070e-02
9.993358724109240310e-01 3.620548960799999799e-02 4.120271221955807035e-03 1.546339517171568900e+01 -3.614680146192258275e-02 9.992549840607097833e-01 -1.352351928689518243e-02 -5.276744752835585972e-01 -4.606827191226521567e-03 1.336560331880604427e-02 9.999000639019653969e-01 6.389165853071035461e-02
9.995597247263511287e-01 2.949513093119561155e-02 3.223965932349818087e-03 1.603826821421100490e+01 -2.944153753198540738e-02 9.994452499375772181e-01 -1.556882285102612583e-02 -5.426468679946601092e-01 -3.681381905483204105e-03 1.546704976928587813e-02 9.998736009109853162e-01 7.362779015168076369e-02
9.997668729425771561e-01 2.153104347234032628e-02 1.616766406448818779e-03 1.661665558862099701e+01 -2.150090918959674663e-02 9.996279351675546598e-01 -1.678398452906777749e-02 -5.347494225058815331e-01 -1.977541565061145638e-03 1.674530978045683446e-02 9.998578318589673719e-01 9.498029701948422499e-02
9.999266714823941138e-01 1.206767566642042051e-02 -1.011366476786039557e-03 1.722701586001629792e+01 -1.208441809038398110e-02 9.997536455485248608e-01 -1.861760059329106015e-02 -5.318749570769113477e-01 7.864461565056177087e-04 1.862845716758625841e-02 9.998261659338578689e-01 1.026640215397269379e-01
9.999905055662068332e-01 8.879702456267571853e-04 -4.266179354526408382e-03 1.783764776883257852e+01 -9.706712827607864554e-04 9.998108948460617817e-01 -1.942247008951411211e-02 -5.358181625343062526e-01 4.248126022486777703e-03 1.942642674194429084e-02 9.998022641349323392e-01 1.183413817342096330e-01
9.999092408033959378e-01 -1.188816038289628070e-02 -6.338911474915668448e-03 1.846002733255309991e+01 1.176368528811649015e-02 9.997440458549593512e-01 -1.932507402311757147e-02 -5.275061709829680368e-01 6.567028583646783609e-03 1.924875113526477999e-02 9.997931584659469628e-01 1.089421639218658422e-01
9.996342845256601661e-01 -2.620246572023723561e-02 -6.687898851746382038e-03 1.909353426852062796e+01 2.605584420454959763e-02 9.994368950868823820e-01 -2.114203684322233517e-02 -5.047020642770339016e-01 7.238106358685056710e-03 2.096004602265281666e-02 9.997541129133046267e-01 1.013255211916854054e-01
9.991189197653368437e-01 -4.152204556730439144e-02 -6.107691777839875137e-03 1.973363251940384089e+01 4.137429397549162446e-02 9.988880764920217148e-01 -2.260040796310408898e-02 -4.575389895954685704e-01 7.039315661056286082e-03 2.232779375522443710e-02 9.997259212709492804e-01 1.109435348382914605e-01
9.983585382630536520e-01 -5.695899786615293836e-02 -5.991797672021548747e-03 2.039288374142035920e+01 5.681006927182732924e-02 9.981285390623834131e-01 -2.262820228216202642e-02 -4.206975388396355098e-01 7.269463982236800889e-03 2.225066451312966015e-02 9.997259938713882743e-01 1.261567462416496865e-01
9.973809628227627844e-01 -7.200974460206110983e-02 -6.768432690414847262e-03 2.107251842032653855e+01 7.184771109591686633e-02 9.971789323468198685e-01 -2.172747785487549183e-02 -3.730766736162364205e-01 8.313928615065713582e-03 2.118427638609288524e-02 9.997410189769054822e-01 1.245985644262159742e-01
9.961260742396162993e-01 -8.761554184218932340e-02 -7.507399527798500755e-03 2.174486277141012636e+01 8.743990268599920179e-02 9.959444917998988567e-01 -2.118567137723545088e-02 -2.947982693875473292e-01 9.333147284459124629e-03 2.044715337500053673e-02 9.997473712296650605e-01 1.159417284407466414e-01
9.945009852220194624e-01 -1.044746520174348048e-01 -7.268939280826634819e-03 2.242884819127219487e+01 1.042953572268059403e-01 9.943082806646775795e-01 -2.176054830617881602e-02 -2.163540589967234418e-01 9.500992230571282324e-03 2.088277011051240667e-02 9.997367858887388214e-01 1.217248514949702820e-01
9.926102539855407025e-01 -1.211831679893620450e-01 -6.286770142338539077e-03 2.311068904105468036e+01 1.209984936285055102e-01 9.923561816430307436e-01 -2.426052955927989613e-02 -1.221064657339102771e-01 9.178683042411584642e-03 2.332056069064891018e-02 9.996859022846529275e-01 1.367854601676746495e-01
9.903551645312410612e-01 -1.384665372240657943e-01 -4.864787300072478775e-03 2.382255732242667889e+01 1.383072231055152701e-01 9.900822227579753054e-01 -2.466382402362437068e-02 -1.373784778329240411e-02 8.231653730555520826e-03 2.375311027641408695e-02 9.996839648754284324e-01 1.614336074000893018e-01
9.876026454764605944e-01 -1.568790292902287054e-01 -5.475839374189217512e-03 2.453405717124619656e+01 1.567166557464610699e-01 9.873787582104527338e-01 -2.287089080970491559e-02 1.184883372073223112e-01 8.994690630676170640e-03 2.172919703394011331e-02 9.997234305230214835e-01 1.804420030791312746e-01
9.842949971326243608e-01 -1.763934881139402333e-01 -6.978249829594010412e-03 2.522838958271298537e+01 1.762126920139878705e-01 9.841241580317761084e-01 -2.118321862775105618e-02 2.493083412829179835e-01 1.060404606131379497e-02 1.962087993044307407e-02 9.997512567023282282e-01 1.662567866288475471e-01
9.803741470948758030e-01 -1.969975461570346864e-01 -7.648432264316856743e-03 2.594129706169396599e+01 1.967928359556624929e-01 9.802023653961486893e-01 -2.181519168659115659e-02 3.808764320394649738e-01 1.179455062825940544e-02 1.988189326754333242e-02 9.997327637401783873e-01 1.511053575942675753e-01
9.758454204807492927e-01 -2.183515686453904869e-01 -6.950381057679296502e-03 2.664813731178131562e+01 2.181189877478427463e-01 9.756018492364953998e-01 -2.500277884929865899e-02 5.515831530821635464e-01 1.224020059500838253e-02 2.288283715861824316e-02 9.996632199160705445e-01 1.767926471452477000e-01
9.708450944654033465e-01 -2.396305188406882558e-01 -6.084159153453391929e-03 2.733993110226788659e+01 2.393892900554018266e-01 9.705508527787035655e-01 -2.690371679344549793e-02 7.404078073680766536e-01 1.235193746878182793e-02 2.466285893147376895e-02 9.996195141302982590e-01 2.325503150604059099e-01
9.653696932402229258e-01 -2.608252821223666085e-01 -5.614942481077477704e-03 2.805598958229782980e+01 2.606033888942826393e-01 9.651026355266009160e-01 -2.574444787569506177e-02 9.485109883669354813e-01 1.213379866708087090e-02 2.338963670938338721e-02 9.996527876340414176e-01 2.543958555730192472e-01
9.590043319631968988e-01 -2.833406792750222669e-01 -5.361972005834186004e-03 2.878606813142285858e+01 2.831304582222443633e-01 9.587615301765376463e-01 -2.476836450809604198e-02 1.164880944096860826e+00 1.215873770933263188e-02 2.223483126792092160e-02 9.996788371151020813e-01 2.150568868069059614e-01
9.516176756994508823e-01 -3.072739436331861640e-01 -2.553989131581056379e-03 2.949242616914389714e+01 3.071024710802697788e-01 9.513070154460230299e-01 -2.651480001003694506e-02 1.392349621562529061e+00 1.057693494197524918e-02 2.444761598376644224e-02 9.996451583036570776e-01 2.104353122944159493e-01
9.433240003830128950e-01 -3.318728121897736583e-01 5.165565222208623030e-04 3.016752113879598696e+01 3.317701061467078216e-01 9.429909853748907889e-01 -2.639314625228686081e-02 1.649050533487571801e+00 8.272059525391549720e-03 2.506866631760915412e-02 9.996515067763689366e-01 2.614668271412173839e-01
9.343001670218165078e-01 -3.564798997737686492e-01 2.297598809552820268e-03 3.083402395252443284e+01 3.564116655608861595e-01 9.339497675093679785e-01 -2.661872313452541897e-02 1.923382014189512601e+00 7.343197881089660525e-03 2.568876848899801987e-02 9.996430185913358635e-01 2.828779715317158439e-01
9.245446533611910711e-01 -3.810700262550466011e-01 1.678997085525017405e-03 3.151123071811949572e+01 3.809789527166425049e-01 9.242074916709585031e-01 -2.637328053552527238e-02 2.215423323827649504e+00 8.498325021168399648e-03 2.502293806197227605e-02 9.996507545350932222e-01 2.831073017269714054e-01
9.142291102406417957e-01 -4.051948385193060442e-01 1.508915477440529382e-03 3.217943937161022205e+01 4.050946132188761872e-01 9.139063261606436006e-01 -2.595344571736932227e-02 2.510846052433777675e+00 9.137194845994430284e-03 2.433864911758309990e-02 9.996620137974021603e-01 2.919378661683237897e-01
9.036870097824465375e-01 -4.281923108040265324e-01 1.064574454143968731e-03 3.283724574314550892e+01 4.280885818132540432e-01 9.034074393841611261e-01 -2.439599529574915104e-02 2.826521057490217093e+00 9.484433118398999385e-03 2.250207620779129739e-02 9.997018065877251169e-01 2.994406355797103458e-01
8.925099387724826361e-01 -4.510258007445406836e-01 1.317670324894240370e-03 3.348062042710754582e+01 4.509348955961546279e-01 8.922631650215242516e-01 -2.289463429402678954e-02 3.181185004370913560e+00 9.150362070671776149e-03 2.102787218236656583e-02 9.997370151522138038e-01 3.365386854133969319e-01
8.803031763847942726e-01 -4.743915311874816743e-01 4.358071183258844551e-03 3.411103412217003950e+01 4.743579378484815701e-01 8.800284585421328520e-01 -2.311836837005577447e-02 3.553458744178757289e+00 7.131931504006832137e-03 2.241845876848141614e-02 9.997232358305312427e-01 3.223466651461632249e-01
8.673409802418617920e-01 -4.976375951985464452e-01 8.743445436089233164e-03 3.475215464659321185e+01 4.977014727162487606e-01 8.670579991211164739e-01 -2.244259824893213642e-02 3.912286994632052206e+00 3.587206317365507473e-03 2.381701083455886256e-02 9.997098988935455566e-01 3.662938977945990882e-01
8.542658391328242784e-01 -5.196673151403087276e-01 1.325736269227757724e-02 3.537175440242817359e+01 5.198349680750476987e-01 8.540453696416179241e-01 -1.944511661385283502e-02 4.284384256304549332e+00 -1.217397677688086474e-03 2.350293957306805875e-02 9.997230265300079965e-01 3.610911917440394747e-01
8.409113410062797334e-01 -5.409887707190027539e-01 1.411617947473076291e-02 3.598563312440277429e+01 5.411687977603522048e-01 8.407204956980625088e-01 -1.803830490426163585e-02 4.697065684418206821e+00 -2.109241009347400438e-03 2.280785104183221529e-02 9.997376421007754255e-01 3.292029494277580737e-01
8.268226851019799817e-01 -5.623646241689569392e-01 1.050128011530183057e-02 3.657750572266896683e+01 5.624574658184940956e-01 8.265906676872334380e-01 -1.973492430720753810e-02 5.123613613369930597e+00 2.417963148947575164e-03 2.222380650747248290e-02 9.997500967134380634e-01 3.313755835995065291e-01
8.119767354917858393e-01 -5.836730736847511869e-01 4.418605605566653174e-03 3.715708938920195692e+01 5.836002004631809514e-01 8.116961963685221937e-01 -2.366623798174199295e-02 5.555517175018630738e+00 1.022678050206706629e-02 2.179513377496300475e-02 9.997101505457939297e-01 3.781575290217988883e-01
7.968148501739055201e-01 -6.042203895766916633e-01 -1.953295197186976240e-03 3.771102462408468625e+01 6.039450586326856607e-01 7.965415730442281239e-01 -2.778288259681491873e-02 5.982456811415942433e+00 1.834286497519804424e-02 2.095813045138825853e-02 9.996120727924829863e-01 4.022864068239117019e-01
7.819047570629787947e-01 -6.233677140627628122e-01 -6.135466278124119231e-03 3.827023075834430443e+01 6.229701479938084541e-01 7.816949256110241606e-01 -2.934685643383231832e-02 6.439127823938679107e+00 2.308994566595330700e-02 1.912423431516377739e-02 9.995504579914923360e-01 4.307909872118492189e-01
7.678955443033416151e-01 -6.405367393120795505e-01 -7.008468486319971609e-03 3.883223929739217084e+01 6.401505509272145122e-01 7.677389635797414735e-01 -2.800278466667286900e-02 6.932205249804957781e+00 2.331748671401750669e-02 1.701673861095027995e-02 9.995832758806982854e-01 4.250581055922138529e-01
7.556827356594716383e-01 -6.549073312166632244e-01 -6.323807783666179558e-03 3.938761704207380632e+01 6.546022594580712672e-01 7.555693660037765547e-01 -2.471467315258119718e-02 7.427666657820943819e+00 2.096389607408346775e-02 1.453687295530583894e-02 9.996745442323098363e-01 4.506088158796928145e-01
7.452352598085302260e-01 -6.667606166730583039e-01 -7.395105940789077625e-03 3.993512918154589642e+01 6.665347378176612603e-01 7.452049161762093199e-01 -2.002688665645549829e-02 7.934227939890179826e+00 1.886400859981962608e-02 9.995647081201925258e-03 9.997720921384902759e-01 4.715044020666860347e-01
7.369624927291399397e-01 -6.758686242421362289e-01 -9.374810691134544474e-03 4.046595543492787783e+01 6.757002269768584979e-01 7.370016023782862691e-01 -1.605743924978392245e-02 8.444866346015409420e+00 1.776196987596239188e-02 5.499168744502800146e-03 9.998271208410206556e-01 4.685342293755784260e-01
7.308121163293421763e-01 -6.825025874203400900e-01 -1.019160393506608059e-02 4.100899518133574162e+01 6.823422867808293102e-01 7.308705048224259926e-01 -1.540483207701168547e-02 8.957223631149505039e+00 1.796258046430829203e-02 4.303875596881558477e-03 9.998293966261992960e-01 4.687420816421362102e-01
7.263570274570303464e-01 -6.872024574272079800e-01 -1.257979212043888045e-02 4.155533746021615116e+01 6.869866367955468345e-01 7.264535784373742366e-01 -1.773581799289932620e-02 9.472465297812222573e+00 2.132673271109321311e-02 4.240386956433841482e-03 9.997635668448462409e-01 5.108796477729672381e-01
7.228727415971554215e-01 -6.908365021172573339e-01 -1.413954731259385242e-02 4.209327192234458437e+01 6.905888013815260074e-01 7.230004889548840019e-01 -1.890503576896791771e-02 9.995460622321662214e+00 2.328318840364150197e-02 3.901322005624559882e-03 9.997212975746635477e-01 5.516250346673492455e-01
7.191896115820434199e-01 -6.946785263025991863e-01 -1.371304803894649732e-02 4.262848676152210459e+01 6.944345107949869700e-01 7.193090351926195725e-01 -1.884733687262031554e-02 1.052131055636222889e+01 2.295675955784516609e-02 4.031995078341761921e-03 9.997283282003623928e-01 5.722960486451984519e-01
7.153526287884608426e-01 -6.986458333495840778e-01 -1.283027781086284666e-02 4.315744186596113963e+01 6.984347037329586838e-01 7.154586704041933087e-01 -1.754581331595451640e-02 1.104856058061653989e+01 2.143784286939762543e-02 3.590332398158101439e-03 9.997637362929192584e-01 5.883323360870208463e-01
7.118201462025546267e-01 -7.022589007674875372e-01 -1.202147050130271400e-02 4.368898839638569598e+01 7.020532393627467727e-01 7.119104943252216877e-01 -1.745557704265692303e-02 1.156609209434993346e+01 2.081654535333692796e-02 3.985519095210729792e-03 9.997753683088487220e-01 5.812955057525337477e-01
7.087326922576347998e-01 -7.054074002059804727e-01 -9.918198419308474692e-03 4.423692539315477035e+01 7.052044821328218305e-01 7.087795960054411593e-01 -1.783599355635519246e-02 1.209359922820925526e+01 1.961145851341839635e-02 5.646593752306436863e-03 9.997917316491334860e-01 6.039511237549385347e-01
7.059537507404528567e-01 -7.082321227061885160e-01 -6.046667063176775804e-03 4.477709988176965794e+01 7.080562459291395161e-01 7.059307271495662839e-01 -1.783707001775535969e-02 1.263930960478460896e+01 1.690131403827350304e-02 8.310766100118147093e-03 9.998226226439411723e-01 6.418353399187743946e-01
7.030691130952620993e-01 -7.111140016125472307e-01 -3.270920670383084192e-03 4.530243258336712131e+01 7.109762046144809666e-01 7.030109873203773674e-01 -1.698199572535856114e-02 1.318884715680977315e+01 1.437562810555953648e-02 9.613969909391360813e-03 9.998504452662667630e-01 6.677517246365859416e-01
6.998798536944764725e-01 -7.142584187977437660e-01 -1.761127237073149658e-03 4.583206058945107486e+01 7.141438603789497241e-01 6.998079223994982945e-01 -1.635293337444285178e-02 1.373158868128771815e+01 1.291267112759173115e-02 1.018739041387864766e-02 9.998647308515816734e-01 7.036885285359799624e-01
6.966793286670244223e-01 -7.173796826647420577e-01 -2.074586199362273876e-03 4.634762928240019164e+01 7.172527613124020096e-01 6.966052795779965612e-01 -1.701648770446475764e-02 1.427923900315810180e+01 1.365245024891281397e-02 1.036703255014399458e-02 9.998530568230039606e-01 6.982974373313780569e-01
6.935298434822662061e-01 -7.204245024901531069e-01 -2.211879580559190060e-03 4.688631581402719917e+01 7.202728165100683588e-01 6.934409852932921225e-01 -1.861906850843822459e-02 1.483240184307059906e+01 1.494744112271476251e-02 1.131972293317227637e-02 9.998242034860924665e-01 6.862488609421137919e-01
6.904631409321204671e-01 -7.233670540004643046e-01 -8.695980911167196020e-04 4.742302819447276363e+01 7.232306611155167042e-01 6.903553429443176626e-01 -1.862555477418567987e-02 1.538548249078029961e+01 1.407344437454358631e-02 1.223133904864436017e-02 9.998261511425442505e-01 7.239280308417042065e-01
6.874872082694131192e-01 -7.261947535796586806e-01 1.586927631462173478e-03 4.795258225251768636e+01 7.261015901360152736e-01 6.873604012762626336e-01 -1.766803778820168203e-02 1.595117394705066971e+01 1.173964513428098905e-02 1.329882065124473635e-02 9.998426486709832695e-01 7.600616274831604180e-01
