1.000000000000000000e+00 4.398956837314658088e-19 2.733407509747682871e-20 -8.673617379884035472e-19 -5.583667658079949532e-19 1.000000000000000000e+00 -6.100159232558060012e-19 0.000000000000000000e+00 4.145284534913582806e-20 -2.210423569125054137e-19 1.000000000000000222e+00 0.000000000000000000e+00
9.999980952609761609e-01 2.243192330455421788e-04 1.938854698912702507e-03 -7.681611551920227918e-03 -2.234287236391061459e-04 9.999998694689052892e-01 -4.595022162746159795e-04 -3.305733561108610552e-02 -1.938957555037803095e-03 4.590681510679690911e-04 9.999980148466705021e-01 1.244977061725764278e+00
9.999939265539549149e-01 4.191147529699809074e-04 3.459942470833831264e-03 -2.677920041160995919e-03 -4.183683009859897294e-04 9.999998890562215026e-01 -2.164632309842972452e-04 -5.129155071952902489e-02 -3.460032870061397533e-03 2.150143909373391127e-04 9.999939909502730817e-01 2.359265608169182737e+00
9.999903760259349905e-01 -4.728069741353463888e-05 4.386983697226301548e-03 -1.303049760773715079e-02 4.761340133522277897e-05 9.999999959985891307e-01 -7.573449538073318270e-05 -7.156435571807888418e-02 -4.386980174917848828e-03 7.594265052051593938e-05 9.999903742695807063e-01 3.602181868590053515e+00
9.999843527726897108e-01 -2.042892584812933848e-04 5.590392058792904156e-03 -5.602203070091699849e-03 2.047555077413462416e-04 9.999999756070475643e-01 -8.282949491284119406e-05 -9.442718437529032394e-02 -5.590375098103630980e-03 8.397286851465155660e-05 9.999843702016018021e-01 4.790589825584706141e+00
9.999807960068723967e-01 -4.239511253282609194e-05 6.197243599546743698e-03 -8.279853660926074499e-03 4.454260255864904194e-05 9.999999390163802904e-01 -3.463858853599292484e-04 -1.166575862164041244e-01 -6.197228644168370493e-03 3.466552836780864674e-04 9.999807369040371041e-01 5.993018497559984503e+00
9.999758917453756002e-01 -3.163804901131878847e-04 6.936558290617059717e-03 -1.386547776242082891e-03 3.218078902868769524e-04 9.999996429798776454e-01 -7.813317879305969795e-04 -1.461163233766543945e-01 -6.936308736785024888e-03 7.835452044180102630e-04 9.999756365376929468e-01 7.212524291389325271e+00
9.999699622661808451e-01 -3.762544144860130636e-05 7.750687686428493067e-03 7.913179588203863440e-03 4.538597302479257471e-05 9.999994978726413075e-01 -1.001096746628277363e-03 -1.630228536098812242e-01 -7.750646263013015805e-03 1.001418464857462432e-03 9.999694618504771926e-01 8.401710473211526420e+00
9.999700137575697756e-01 -3.502801994847012598e-05 7.744053759152778708e-03 3.966900398406652921e-03 3.581165438488147354e-05 9.999999942528665642e-01 -1.010531905849153451e-04 -1.855676444367641564e-01 -7.744050309131029521e-03 1.013274958803082654e-04 9.999700092541237151e-01 9.611737125222777678e+00
9.999740763052260561e-01 8.843664203402969214e-05 7.199923994004524958e-03 2.272383309015331768e-03 -9.264572938846456196e-05 9.999998250226427299e-01 5.842700558803666467e-04 -2.121156128864314094e-01 -7.199871187432877427e-03 -5.849219504253801811e-04 9.999739095156943147e-01 1.081129129375238840e+01
9.999872609620366060e-01 -6.060272305658222702e-04 5.011053019140876939e-03 -1.409424635829459316e-02 6.040011176979539825e-04 9.999997352404131901e-01 4.058331576731803139e-04 -2.399519981334721497e-01 -5.011297724695039715e-03 -4.028013047633531660e-04 9.999873622399951811e-01 1.200063433064298657e+01
9.999942927566575213e-01 -1.088977780817491263e-03 3.198216350661335725e-03 -7.756661145461847193e-03 1.088612829579258456e-03 9.999994007489991787e-01 1.158521500060670311e-04 -2.561975907665752228e-01 -3.198340649704273491e-03 -1.123698667669972411e-04 9.999948789797926674e-01 1.321672630408197691e+01
9.999973210966640602e-01 -1.571987179232280010e-03 1.699017665901131910e-03 -1.209253358591596064e-02 1.571981650004063884e-03 9.999987644240707629e-01 4.597191044084837889e-06 -2.788206387476889203e-01 -1.699022822611570777e-03 -1.926351476745833734e-06 9.999985566566594875e-01 1.437784431900248805e+01
9.999994854794261867e-01 1.535128449327395411e-04 1.002734160245880284e-03 -2.258667023101983140e-02 -1.534987993410123937e-04 9.999999881200007934e-01 -1.408559591984540621e-05 -3.010357620704699477e-01 -1.002736328044624616e-03 1.393167113093250963e-05 9.999994971620593809e-01 1.556612920957453383e+01
9.999998114133751281e-01 -3.404590257243088466e-04 5.111381499976451210e-04 -2.389721363498929774e-02 3.404019344086146068e-04 9.999999358152369400e-01 1.117827906294537060e-04 -3.244874966344045708e-01 -5.111761833622098690e-04 -1.116087774474550256e-04 9.999998631208411037e-01 1.676199329970063090e+01
9.999998534228894398e-01 -5.067304648634096426e-04 1.907344712471717310e-04 -3.589922972743032209e-02 5.066692557120872032e-04 9.999998201711632895e-01 3.208471643256389518e-04 -3.524279982266592115e-01 -1.908970229355758683e-04 -3.207504804197224674e-04 9.999999303386261085e-01 1.799455349193343778e+01
9.999996818130183485e-01 -6.171224954860132263e-04 -5.055038201011645242e-04 -4.790226455147632290e-02 6.173395403577516599e-04 9.999997172920157551e-01 4.293093868855991382e-04 -3.785951622972880126e-01 5.052387499217147636e-04 -4.296213217635869511e-04 9.999997800800418668e-01 1.918377928627395690e+01
9.999993226709541494e-01 -9.230767477419924523e-04 -7.089341630394246658e-04 -4.951541086929239777e-02 9.228861249531504062e-04 9.999995379115592664e-01 -2.691769365285419857e-04 -4.036240599913074600e-01 7.091823185486357531e-04 2.685224911644809825e-04 9.999997124784884006e-01 2.039018271368518853e+01
9.999981795176320354e-01 -1.131709372279069608e-03 -1.536292681606984262e-03 -6.340034418550478945e-02 1.130416294986956059e-03 9.999990063433596976e-01 -8.423000542122376002e-04 -4.234221944050496900e-01 1.537244419883850672e-03 8.405618776364260757e-04 9.999984651674973524e-01 2.157045574939128230e+01
9.999969946079328986e-01 -8.098586138831396315e-04 -2.314066178403256183e-03 -8.555190389578277987e-02 8.088189332993166213e-04 9.999995715693708043e-01 -4.501906360829728581e-04 -4.462586210673478715e-01 2.314429817495553682e-03 4.483176250934614734e-04 9.999972212107268721e-01 2.276525289399397067e+01
9.999951989799971130e-01 -6.441443674187265515e-04 -3.031021570766796736e-03 -8.269680205631574355e-02 6.416479989871835213e-04 9.999994542363138672e-01 -8.245082792153184559e-04 -4.762182889367423400e-01 3.031551070706631473e-03 8.225594770165719095e-04 9.999950665369590208e-01 2.397661079733304845e+01
9.999923768567192672e-01 -1.564422951396738672e-04 -3.901505966195320356e-03 -1.039096762715716465e-01 1.518403334328638488e-04 9.999992925041634173e-01 -1.179803221037584171e-03 -5.020258903943016771e-01 3.901687843501641401e-03 1.179201828600173231e-03 9.999916931257571973e-01 2.518039337425637925e+01
9.999905392901923262e-01 -1.102429894385338643e-04 -4.348467587981365810e-03 -1.086803939493742044e-01 1.075863181168282181e-04 9.999998074459190978e-01 -6.111736536472610034e-04 -5.216035699535371828e-01 4.348534203017468541e-03 6.107000375611938920e-04 9.999903586045484349e-01 2.636083072707818431e+01
9.999836571242411987e-01 -6.459196515162400534e-04 -5.680516251810121403e-03 -1.073171899678002778e-01 6.516793893539488819e-04 9.999992754296455066e-01 1.012152524994993112e-03 -5.569403325644439740e-01 5.679858466024712178e-03 -1.015837873010522066e-03 9.999833535064424073e-01 2.758106229927407682e+01
9.999784546500676274e-01 -1.623156410288912601e-03 -6.360471073592979287e-03 -1.293453514284281514e-01 1.632473459619708566e-03 9.999976018330324345e-01 1.459916184212109664e-03 -5.824631710998435796e-01 6.358086259430450853e-03 -1.470268048279258465e-03 9.999787063037686163e-01 2.876251583092663466e+01
9.999745455195344634e-01 -1.911062735181215649e-03 -6.874310529437013123e-03 -1.456294381087987200e-01 1.912942483935337057e-03 9.999981347100024287e-01 2.668782545820466484e-04 -6.008713601815941496e-01 6.873787805247821674e-03 -2.800216295835970424e-04 9.999763360398231660e-01 2.997027409852251978e+01
9.999635781119670108e-01 -2.432152868035257747e-03 -8.180896878701705149e-03 -1.605271598516585796e-01 2.430946412907176567e-03 9.999970328533616115e-01 -1.574153501809443510e-04 -6.276909394921451613e-01 8.181255604764760964e-03 1.375222903003093741e-04 9.999665235181455225e-01 3.117528646930783154e+01
9.999600758881235230e-01 -2.431682117611631486e-03 -8.598461664137272906e-03 -1.856757050537785336e-01 2.428793168886701336e-03 9.999969904741949911e-01 -3.464129325766051215e-04 -6.435643613708572630e-01 8.599278301830607513e-03 3.255152141414677041e-04 9.999629725473920816e-01 3.237361536799966899e+01
9.999512622629924685e-01 -2.849516624759713870e-03 -9.452689777712358285e-03 -1.951102142846161125e-01 2.852904587864680836e-03 9.999958709629325204e-01 3.449452322261157091e-04 -6.728909137194755141e-01 9.451667984333883901e-03 -3.718960525685788081e-04 9.999552628395659282e-01 3.355042321898785929e+01
9.999466745697696002e-01 -2.885672910333114162e-03 -9.915689504688138603e-03 -2.170581313597788886e-01 2.891659200953474330e-03 9.999956454258435157e-01 5.894327853087826061e-04 -7.027662548296329525e-01 9.913945588399848338e-03 -6.180741611643475247e-04 9.999506646244952224e-01 3.475611312530325137e+01
9.999392170284939763e-01 -3.821317749144983750e-03 -1.034213564366126895e-02 -2.438766758287637393e-01 3.827467197324901840e-03 9.999925099775812676e-01 5.748708605372347897e-04 -7.209656154528515382e-01 1.033986159662058854e-02 -6.144201156303041216e-04 9.999463534443230328e-01 3.596277430302329492e+01
9.999359069253951349e-01 -3.758091324557942016e-03 -1.067983055777481892e-02 -2.577751636966611470e-01 3.765561048551554438e-03 9.999926794538128716e-01 6.793980992095368559e-04 -7.461098243320064549e-01 1.067719932142091079e-02 -7.195701222982932342e-04 9.999427381858559949e-01 3.715150770131184288e+01
9.999345924523288520e-01 -4.587909949778783657e-03 -1.047673093974273162e-02 -2.747240834018623290e-01 4.597899895910374443e-03 9.999889974728921604e-01 9.296457245587108750e-04 -7.780757740485506613e-01 1.047235072108042286e-02 -9.777558942586394349e-04 9.999446854104602211e-01 3.835901633955791112e+01
9.999339232540859213e-01 -4.405758637052646816e-03 -1.061783441417820176e-02 -3.013800914363362615e-01 4.428400679459977736e-03 9.999879687524133587e-01 2.109883726052469346e-03 -7.957366931027402002e-01 1.060841121608470036e-02 -2.156764363474880219e-03 9.999414032813799258e-01 3.956677399837199260e+01
9.999350158543565126e-01 -4.232733560480006832e-03 -1.058527400810441686e-02 -3.245217614349664714e-01 4.265120578555862789e-03 9.999862867408547684e-01 3.038925506894470455e-03 -8.194352989681215060e-01 1.057226607388095201e-02 -3.083875530066328315e-03 9.999393566208683026e-01 4.076064495706105362e+01
9.999396800148883102e-01 -3.414561815335588960e-03 -1.043920921344932383e-02 -3.471340270624893032e-01 3.442542148802160522e-03 9.999905272465963169e-01 2.663515297727655010e-03 -8.489881082111542243e-01 1.043001577122062117e-02 -2.699292084298080940e-03 9.999419626210677148e-01 4.196053915729591921e+01
9.999426381213218917e-01 -2.510584438252763239e-03 -1.041236864694147606e-02 -3.673391304061030538e-01 2.537487773118989130e-03 9.999934745608437536e-01 2.571378287338566167e-03 -8.742631711189279287e-01 1.040584522219694698e-02 -2.597652078114058398e-03 9.999424836489537727e-01 4.316637487486955393e+01
9.999495750893164780e-01 1.981861830850919983e-04 -1.004031795916906881e-02 -3.884741972643604435e-01 -1.540027287574749460e-04 9.999903028803662774e-01 4.401184791942189603e-03 -8.861610588564220459e-01 1.004109302892778645e-02 -4.399416676086938781e-03 9.999399089948982633e-01 4.436925522175905456e+01
9.999609956546205991e-01 -4.384286376717404276e-04 -8.821277505209687217e-03 -4.119751394480329898e-01 4.991632093123065869e-04 9.999761805138439597e-01 6.883984183140039702e-03 -9.030184047384153256e-01 8.818049410197944735e-03 -6.888119006186806982e-03 9.999373959588083727e-01 4.557448727225298768e+01
9.999769374823928025e-01 4.491276677914307798e-04 -6.776634602012028899e-03 -4.208420803499859919e-01 -3.827152858358553078e-04 9.999519221053581042e-01 9.798316415071312013e-03 -9.098222258056937184e-01 6.780709617084030791e-03 -9.795497016192223141e-03 9.999290325961527337e-01 4.676456478987778809e+01
9.999881256541816033e-01 9.407841836951952958e-04 -4.781575775732798891e-03 -4.208055158414971131e-01 -8.791148405719198620e-04 9.999166234515416418e-01 1.288306251424678819e-02 -9.213495161430371727e-01 4.793297380660306410e-03 -1.287870610554056432e-02 9.999055771625361411e-01 4.797886369048606525e+01
9.999913186766955508e-01 8.507896151543254976e-04 -4.079058798102111298e-03 -4.380913260382647278e-01 -7.916179221248325400e-04 9.998947598231796574e-01 1.448594545374056082e-02 -9.379308788681292031e-01 4.090954093268298411e-03 -1.448259077800193376e-02 9.998867529225908823e-01 4.918107266368001973e+01
9.999961850509861971e-01 3.178116108144788407e-04 -2.743879494686956612e-03 -4.224735419517275381e-01 -2.806040374048216434e-04 9.999081557554299060e-01 1.354995613001224938e-02 -9.512142269200769551e-01 2.747933878554162292e-03 -1.354913462124778499e-02 9.999044303427258029e-01 5.039051728567094557e+01
9.999994172787023405e-01 4.309602365153441281e-04 -9.898046901465693947e-04 -4.752228224981105420e-01 -4.193875508253492690e-04 9.999319030109309336e-01 1.166248052890495913e-02 -9.601821388973863503e-01 9.947633807170900861e-04 -1.166205872957014333e-02 9.999315010725203789e-01 5.160679510477695686e+01
9.999994992352306822e-01 1.825700699815043513e-04 -9.839693698308997483e-04 -4.781486404246635402e-01 -1.715839057078328699e-04 9.999377810003696743e-01 1.115368476534266302e-02 -9.543377369037404634e-01 9.859445045786647578e-04 -1.115351045021197723e-02 9.999373115965733971e-01 5.278740750787725489e+01
9.999999920077700111e-01 -1.080261659138209566e-04 -6.568801191718408924e-05 -4.813675625580552397e-01 1.087419470217770460e-04 9.999395366158786436e-01 1.099596671450551663e-02 -9.793927020120489768e-01 6.449619933262328388e-05 -1.099597387071037276e-02 9.999395403735128474e-01 5.400192935249847892e+01
9.999990839135738385e-01 1.789082210649048821e-04 -1.341701015438448311e-03 -4.816644312467527334e-01 -1.654799003585283258e-04 9.999499663850941467e-01 1.000186683233790161e-02 -9.941411462824145673e-01 1.343423333951441643e-03 -1.000163573850395247e-02 9.999490799542077868e-01 5.521766731206036383e+01
9.999957746629370980e-01 -2.517653046871131650e-05 -2.906891506896694313e-03 -4.996511148155761695e-01 5.452409105092673517e-05 9.999490304217165670e-01 1.009621625319201584e-02 -9.930252603890030727e-01 2.906489215803407643e-03 -1.009633218435620344e-02 9.999448066789510259e-01 5.643091503810796183e+01
9.999906343356078642e-01 -4.778162167017538251e-05 -4.327695884900955789e-03 -5.088254673537326855e-01 9.535975330351747126e-05 9.999395559774003628e-01 1.099433011318868419e-02 -1.007051824907563731e+00 4.326909059691389295e-03 -1.099463993701222005e-02 9.999301954439404616e-01 5.763292544714617094e+01
9.999839153580174500e-01 -1.889791244579575925e-04 -5.668624522087222992e-03 -5.167472085677945470e-01 2.539342513617268821e-04 9.999342977555402134e-01 1.146017824673827880e-02 -1.019336476963598859e+00 5.666086454974867542e-03 -1.146143348224541204e-02 9.999182621689974848e-01 5.882841260535970207e+01
9.999834477526143850e-01 4.036059941986008012e-04 -5.739452379639915780e-03 -5.403325997315453488e-01 -3.382839928720724138e-04 9.999352152890012002e-01 1.137764412858752010e-02 -1.025849972590393788e+00 5.743672746141616388e-03 -1.137551434828454507e-02 9.999188006578522137e-01 6.005512581035022635e+01
9.999763610157438309e-01 5.184337108448458780e-04 -6.856283599388025667e-03 -5.564569392112546087e-01 -4.411645926705293728e-04 9.999364332158245938e-01 1.126653889579957296e-02 -1.038638129188425907e+00 6.861688850196168143e-03 -1.126324792693034031e-02 9.999130244608223084e-01 6.127417158157233246e+01
9.999754658596800017e-01 2.309774848508486733e-04 -7.001022568885798686e-03 -5.759808529303048763e-01 -1.546226861994099409e-04 9.999405287935743125e-01 1.090481383374334277e-02 -1.044192812441983254e+00 7.003125107388278626e-03 -1.090346388344477432e-02 9.999160318388160551e-01 6.246989058678145312e+01
9.999778391116381782e-01 -7.334785567999912862e-04 -6.616893993964980195e-03 -5.772662997646688110e-01 8.005787205833522421e-04 9.999482299623625448e-01 1.014378944504941080e-02 -1.071443125392738782e+00 6.609111308945805549e-03 -1.014886209306503292e-02 9.999266574400169638e-01 6.366803381128333683e+01
9.999720739267106140e-01 -1.508401421973257477e-03 -7.319568527416090223e-03 -5.903632300140447819e-01 1.589053400662071005e-03 9.999379558084806607e-01 1.102539960792625791e-02 -1.083245624840224908e+00 7.302483799036870761e-03 -1.103672300419888605e-02 9.999124284108392713e-01 6.487422036730458785e+01
9.999705019208708912e-01 -2.176044465997769260e-03 -7.366146299444324870e-03 -6.100717645318139981e-01 2.269729308057699419e-03 9.999163443346311686e-01 1.273391742742301276e-02 -1.092166908645686663e+00 7.337820648060291301e-03 -1.275026108190533726e-02 9.998917877680892907e-01 6.606477804033193024e+01
9.999692768125396647e-01 -1.144223789911514222e-03 -7.754751646501191822e-03 -6.227027435698658797e-01 1.232668582444551054e-03 9.999341432482742320e-01 1.141006961677260879e-02 -1.110083174533872841e+00 7.741185415335177962e-03 -1.141927821309156321e-02 9.999048325461427078e-01 6.727520870992071877e+01
9.999713602269642010e-01 5.593523745054951313e-04 -7.547571671375321971e-03 -6.304477098109899647e-01 -4.825658526771840805e-04 9.999481508824628051e-01 1.017166037272434348e-02 -1.120852840782447624e+00 7.552870018924603794e-03 -1.016772695914741099e-02 9.999197825314721788e-01 6.846166716041639688e+01
9.999704210581084052e-01 1.957083162758113930e-03 -7.438200004757649850e-03 -6.672659638863231990e-01 -1.882726095909947233e-03 9.999483209079133017e-01 9.990538341814670514e-03 -1.128930743072740883e+00 7.457368057832571007e-03 -9.976238838966212594e-03 9.999224281587366647e-01 6.968128888333541227e+01
9.999673888672936384e-01 2.448081340401489503e-03 -7.695978382906296100e-03 -6.868400397345207908e-01 -2.366775059840120488e-03 9.999414808965912949e-01 1.055619056726233781e-02 -1.144913051597121312e+00 7.721370577463537027e-03 -1.053763177394185027e-02 9.999146657431648988e-01 7.082845675286831977e+01
9.999706975019916344e-01 3.453454028070033609e-03 -6.832113565496479406e-03 -7.093986116912138762e-01 -3.380508701599369697e-03 9.999374692529725550e-01 1.065972550721672532e-02 -1.146441206795000944e+00 6.868499348699666496e-03 -1.063631723780628091e-02 9.999198430305243912e-01 7.204849737679646182e+01
9.999651241019110737e-01 5.618932351277668505e-03 -6.178847715976275128e-03 -7.080411349954232048e-01 -5.547946051988187841e-03 9.999190974418779021e-01 1.144634755886505574e-02 -1.177371224234997182e+00 6.242664202023331423e-03 -1.141166855802483449e-02 9.999153979100195988e-01 7.323390958791380001e+01
9.999732857224101767e-01 5.975015524352209409e-03 -4.210346001263984804e-03 -7.447953350910151427e-01 -5.923544154329117399e-03 9.999088443179647845e-01 1.213320594905924026e-02 -1.163370163842583516e+00 4.282458382899146689e-03 -1.210794176822332056e-02 9.999175257523281735e-01 7.442937283462974563e+01
9.999856264416787655e-01 5.136508768173941690e-03 -1.537262437109324607e-03 -7.428502345658083428e-01 -5.119300253891177419e-03 9.999264339527842438e-01 1.099633818867859665e-02 -1.181285989823387617e+00 1.593632171500832407e-03 -1.098831053025863674e-02 9.999383567870212541e-01 7.559724941983157009e+01
9.999977277064308057e-01 2.038347446938433994e-03 6.242745588279916599e-04 -7.744812228358280981e-01 -2.042105726940955570e-03 9.999794318514808600e-01 6.079940819268981472e-03 -1.216961129052713364e+00 -6.118686920039296401e-04 -6.081201895266294746e-03 9.999813221260548390e-01 7.677242669779452910e+01
9.999860755353849884e-01 3.836045293314564644e-03 3.624015657767235606e-03 -7.688743035701253170e-01 -3.853612881275566161e-03 9.999807985673007105e-01 4.853057845585214726e-03 -1.224226585057194505e+00 -3.605329580099170088e-03 -4.866955866862328513e-03 9.999816569995574334e-01 7.795983202602718620e+01
9.999790808200950121e-01 2.684388616163540554e-03 5.884894441724151937e-03 -7.548327364634287440e-01 -2.733914524499350684e-03 9.999607807313766195e-01 8.423936913995209302e-03 -1.240327337752320958e+00 -5.862050614115070155e-03 -8.439849564560765460e-03 9.999472012544601274e-01 7.913384569270728264e+01
9.999523081653991508e-01 2.862816295402473548e-03 9.337327443237460056e-03 -7.584711670057611155e-01 -2.954843858562108960e-03 9.999470526504655732e-01 9.857017599110132200e-03 -1.266368376298806053e+00 -9.308614378265595707e-03 -9.884137928743919749e-03 9.999078225051544200e-01 8.032452265702551131e+01
9.998959637527031763e-01 3.388814068869701150e-03 1.402061411527442437e-02 -7.483006594055304772e-01 -3.501390508158691399e-03 9.999617684501762582e-01 8.012609235987795675e-03 -1.265420134723731715e+00 -1.399292507777500326e-02 -8.060867342881829906e-03 9.998696017237825862e-01 8.148527796708516746e+01
9.998579400457346944e-01 2.475751576275475683e-03 1.667244419964142646e-02 -7.346832926070742120e-01 -2.571493199984385605e-03 9.999803141898090386e-01 5.723518049192709289e-03 -1.291013330023390804e+00 -1.665794626361361344e-02 -5.765578082668285781e-03 9.998446233882581913e-01 8.265693701636932644e+01
9.997919139165049041e-01 1.935932069576642642e-03 2.030716750176878374e-02 -7.173072789335508403e-01 -1.983403638837286792e-03 9.999953469600266764e-01 2.317794525014546352e-03 -1.310886194850839237e+00 -2.030258626852040130e-02 -2.357589538368061715e-03 9.997911015514535649e-01 8.381944587662748347e+01
9.997199541654772093e-01 1.824489188099521304e-03 2.359416246981895643e-02 -6.903174809088816755e-01 -1.856253492646338854e-03 9.999974000810160080e-01 1.324446051850859717e-03 -1.342698782633964250e+00 -2.359168509682330397e-02 -1.367871884737451591e-03 9.997207416561690874e-01 8.498693752762582676e+01
9.996319671934117412e-01 9.492531687939811252e-04 2.711142023232996148e-02 -6.637791812593110130e-01 -1.016430249951035371e-03 9.999964474335090170e-01 2.464141071384167228e-03 -1.356997511827433334e+00 -2.710898529068043322e-02 -2.490791052710961909e-03 9.996293807464682324e-01 8.615389510327881339e+01
9.995254950898644353e-01 1.425851208683161144e-03 3.076932949910851298e-02 -6.311676815687731201e-01 -1.515797918316413731e-03 9.999946457860870996e-01 2.900130679647722979e-03 -1.372233158694434962e+00 -3.076503012883182245e-02 -2.945394638559785828e-03 9.995223046762553576e-01 8.733088903959547622e+01
9.993837651636721109e-01 1.710752306102415830e-03 3.505942496034316486e-02 -6.076318504301426726e-01 -1.748673485532360695e-03 9.999979187791476765e-01 1.050990695079556106e-03 -1.407770095334103244e+00 -3.505755461535484813e-02 -1.111650503763772502e-03 9.993846767235337047e-01 8.846002208140519940e+01
9.992568653296136638e-01 1.943486611411272434e-03 3.849597350562052739e-02 -5.849592828102998521e-01 -1.919258987494182420e-03 9.999979362437834141e-01 -6.663008573469433177e-04 -1.433883760695938259e+00 -3.849718967343520454e-02 5.919220027183329800e-04 9.992585331069988586e-01 8.960469602852751336e+01
9.991571414729660816e-01 1.986327904313292189e-03 4.100074596549777017e-02 -5.433860613573080478e-01 -1.944556287399281519e-03 9.999975489713167631e-01 -1.058657663551972874e-03 -1.446390840137593781e+00 -4.100274902381911835e-02 9.780371521774743580e-04 9.991585549787757037e-01 9.077125888540044230e+01
9.990351677515789675e-01 6.138975299331852998e-04 4.391305901974746490e-02 -4.885445944086938552e-01 -6.015589097770392699e-04 9.999997757893753780e-01 -2.941925466645923149e-04 -1.481863086639500393e+00 -4.391323053871520193e-02 2.674924510584456732e-04 9.990353129910826135e-01 9.190795713604332207e+01
9.989007207674041044e-01 5.061802602631700873e-05 4.687587349362191957e-02 -4.505482446994887868e-01 -8.322130660317201807e-05 9.999997560158458976e-01 6.935722503849463304e-04 -1.500390789363936106e+00 -4.687582776040848803e-02 -6.967108552060226594e-04 9.989004811982739040e-01 9.308334308014281078e+01
9.987971976390325191e-01 -9.082505748731624058e-04 4.902380134319987010e-02 -3.833065129092033674e-01 7.903075943818294209e-04 9.999967469976300816e-01 2.425161034845086782e-03 -1.524513397600146369e+00 -4.902584536915349095e-02 -2.383500138701041739e-03 9.987946662783692142e-01 9.422043409833118233e+01
9.986617533574082550e-01 -3.023358713406547240e-03 5.162907819237328583e-02 -3.437325299088906938e-01 2.842087596925634875e-03 9.999895383844478181e-01 3.584083383373429417e-03 -1.538701732287406143e+00 -5.163937492919019878e-02 -3.432552614553891889e-03 9.986598983206070868e-01 9.539093480137248093e+01
9.985259226838801849e-01 -3.744136961507825521e-03 5.414760566014274051e-02 -2.765728545859887366e-01 3.642576740029216525e-03 9.999914170679193859e-01 1.974187963152822332e-03 -1.571909124104191813e+00 -5.415453348069559913e-02 -1.774041011969051257e-03 9.985309906342630937e-01 9.651376278568683631e+01
9.983986228513801464e-01 -4.873393721570508375e-03 5.635991443384039817e-02 -2.186109686830318144e-01 4.952225602285614814e-03 9.999869449230144314e-01 -1.259141134693163820e-03 -1.590648762459683452e+00 -5.635304333695871637e-02 1.536231855901845807e-03 9.984097227462195301e-01 9.769373597618795202e+01
9.982821887835996444e-01 -4.164353837227372478e-03 5.844082258950578090e-02 -1.722613089434243128e-01 4.403496208673523572e-03 9.999824483721918567e-01 -3.963856880769404435e-03 -1.614889304499041334e+00 -5.842329097035681151e-02 4.214391759555561300e-03 9.982830049395921002e-01 9.887565677754770377e+01
9.981974459548158540e-01 -4.440293069902314510e-03 5.985100430824799589e-02 -9.672095578351846967e-02 4.736398505254188485e-03 9.999772321793971575e-01 -4.806416983210237172e-03 -1.633601490158898439e+00 -5.982830077142335667e-02 5.081231469538589722e-03 9.981957500868265942e-01 1.000683112403253148e+02
9.981380584490637808e-01 -4.543022337306741425e-03 6.082579430681358396e-02 -3.525195931306063929e-02 4.811785818465442836e-03 9.999792946042851405e-01 -4.272829500494298473e-03 -1.658596151873444224e+00 -6.080512438135363129e-02 4.557554537679529491e-03 9.981392515697092849e-01 1.012071919089767817e+02
9.981991133555058182e-01 -4.356574638283251116e-03 5.982934383342254636e-02 3.925715176767895220e-02 4.541349636314515915e-03 9.999853286269416719e-01 -2.952738836174224803e-03 -1.685594525901064067e+00 -5.981560326587112564e-02 3.219127345274396760e-03 9.982042530479188214e-01 1.023940033086283989e+02
9.982908885996721882e-01 -5.006233369759558599e-03 5.822576232523640066e-02 9.853270158896013098e-02 5.121663135394165754e-03 9.999852035169125575e-01 -1.833386223386614545e-03 -1.715857942712017969e+00 -5.821572343886067397e-02 2.128465579640108872e-03 9.983017575641439656e-01 1.035918648158671829e+02
9.983692941407674715e-01 -4.883817748155495388e-03 5.687618898699441788e-02 1.665657792097474388e-01 4.953102115565841644e-03 9.999871530662591823e-01 -1.077252576251373339e-03 -1.729055796534063827e+00 -5.687019818254104159e-02 1.357209534850530464e-03 9.983806581244946132e-01 1.047890529536745845e+02
9.985240331386330270e-01 -4.608122722696661282e-03 5.411580622240059341e-02 2.319126143216958813e-01 4.637455441194881373e-03 9.999891602146966374e-01 -4.164754656227429713e-04 -1.762188003905561962e+00 -5.411330138571173592e-02 6.668204612424269992e-04 9.985345792401809639e-01 1.059754188597366635e+02
9.986785628285651528e-01 -4.270134598601234635e-03 5.121419853302833225e-02 2.842909946831272960e-01 4.306538732880549163e-03 9.999905465189875553e-01 -6.004907158093068667e-04 -1.777772983239604976e+00 -5.121115109140932792e-02 8.202531927687734458e-04 9.986875112677102706e-01 1.071687683077172721e+02
9.988686615786736001e-01 -3.096603978682979565e-03 4.745321899595773135e-02 3.335732969641215795e-01 3.146223084197607295e-03 9.999945792154566471e-01 -9.709863315621116049e-04 -1.793675548305016410e+00 -4.744995582443737453e-02 1.119186286924052321e-03 9.988729894669364784e-01 1.083808836035662182e+02
9.990445219505459384e-01 -3.259461267296280117e-03 4.358232562722103715e-02 3.493371674771016955e-01 3.285870894040476831e-03 9.999944587445450672e-01 -5.343470657243891593e-04 -1.815107874206316030e+00 -4.358034319772428888e-02 6.770424530380466255e-04 9.990496960972192753e-01 1.095856238504603368e+02
9.992151296393717574e-01 -2.553245072440332372e-03 3.952980739232389573e-02 4.109802716892186902e-01 2.551773202501182291e-03 9.999967403743216243e-01 8.769017837017416305e-05 -1.840934063600909276e+00 -3.952990311866276529e-02 1.324978882644863236e-05 9.992183878189286883e-01 1.108282857019457452e+02
9.993818029245442602e-01 -2.687749784417990759e-03 3.505407276244609099e-02 4.445242767158682495e-01 2.660248621967303221e-03 9.999961161208542615e-01 8.311530744261454249e-04 -1.860137185687064543e+00 -3.505617115419060181e-02 -7.373866816560231078e-04 9.993850714799988877e-01 1.120336907044159886e+02
9.995263581701836486e-01 -2.210173716371883861e-03 3.069486090579446463e-02 4.748509605597536765e-01 2.160657723029037972e-03 9.999963107103641002e-01 1.646244070114324118e-03 -1.884005728877111707e+00 -3.069838667878743710e-02 -1.579143236296231146e-03 9.995274460140916029e-01 1.132487696735074394e+02
9.996596501299855886e-01 -1.980796041800197797e-03 2.601269646690171702e-02 4.940430624377808999e-01 1.931634359444187954e-03 9.999963009579985185e-01 1.914903403780990115e-03 -1.905972587694559683e+00 -2.601639372647115631e-02 -1.864004640013186814e-03 9.996597784845118184e-01 1.144548865626735932e+02
9.997798768421585214e-01 -1.254449633485045816e-03 2.094335793797690026e-02 5.118581050798709509e-01 1.213229342569075017e-03 9.999973023073617240e-01 1.980770021649553864e-03 -1.933120567968649173e+00 -2.094578657620090739e-02 -1.954924909598716905e-03 9.997787016494509293e-01 1.156836018010089617e+02
9.998666315527847681e-01 -7.406353693391001152e-04 1.631473524776588108e-02 5.150116179995168908e-01 7.127492659857678509e-04 9.999982753669479640e-01 1.715007263121744608e-03 -1.953479975540626024e+00 -1.631597758673173151e-02 -1.703150219716542983e-03 9.998654350145086411e-01 1.169060160618321476e+02
9.999336517340980945e-01 2.956873194210641329e-04 1.151541193556973597e-02 5.252430736380756526e-01 -3.121467078461193545e-04 9.999989323118705364e-01 1.427564292955509550e-03 -1.980037061088363970e+00 -1.151497772613230101e-02 -1.431064077164475017e-03 9.999326763987612665e-01 1.181357797802888854e+02
9.999668018733138819e-01 1.383734050176330934e-03 8.029971289867939011e-03 5.174255905458275961e-01 -1.392129350406962323e-03 9.999984901890510702e-01 1.039998966921617304e-03 -1.992604112701689800e+00 -8.028520222333430240e-03 -1.051143202820493516e-03 9.999672184382168982e-01 1.193330716975203956e+02
9.999761666432038787e-01 4.079833232950863184e-03 5.569659410531027817e-03 5.171411822933162927e-01 -4.086533237121782978e-03 9.999909395453120409e-01 1.192090941541228263e-03 -2.014660472254009349e+00 -5.564745510298001185e-03 -1.214823137193356143e-03 9.999837787710006420e-01 1.205804988631573451e+02
9.999762781781849075e-01 5.132550822699187901e-03 4.593473557854420471e-03 5.117532645322792062e-01 -5.138803016433612231e-03 9.999858845631560689e-01 1.350328631726536782e-03 -2.046438344662830477e+00 -4.586478167314178740e-03 -1.373901567234013087e-03 9.999885382376754173e-01 1.218274447257708317e+02
9.999689348801049649e-01 6.762578681534923974e-03 4.049295844452615971e-03 5.136716647459602658e-01 -6.767188367275724960e-03 9.999764686410721470e-01 1.125761239314174459e-03 -2.063242562449495665e+00 -4.041587579670408159e-03 -1.153128626749072572e-03 9.999911678905267776e-01 1.230553109988196923e+02
9.999624381952323393e-01 8.210143858741738784e-03 2.777719296024645877e-03 5.150306505673108992e-01 -8.215725997633817682e-03 9.999642419188764508e-01 2.004181929737213711e-03 -2.086443207150827650e+00 -2.761165394926577005e-03 -2.026927651523407255e-03 9.999941337461265567e-01 1.243123401950598748e+02
9.999590619405187564e-01 8.830340617792014485e-03 1.974718547042143661e-03 5.101079225472225920e-01 -8.835061976804814074e-03 9.999581018088563589e-01 2.395062231144727809e-03 -2.112350467372035467e+00 -1.953486627101782766e-03 -2.412410969262982624e-03 9.999951820689880755e-01 1.255778122508059198e+02
9.999297026830845647e-01 1.180012054237764528e-02 1.160528302671537436e-03 4.861199969845497182e-01 -1.180450002449217120e-02 9.999229431355959319e-01 3.842081751635361819e-03 -2.132666663504108051e+00 -1.115101865135421704e-03 -3.855511162670056946e-03 9.999919457580149773e-01 1.268034513770785878e+02
9.999087905371196738e-01 1.350089210485697772e-02 3.694496192903365069e-04 4.739464925793281380e-01 -1.350312323061822820e-02 9.998849581818957111e-01 6.909130846183876747e-03 -2.123825341659101529e+00 -2.761276867997416789e-04 -6.913489464580917232e-03 9.999760634227340406e-01 1.280769257928866409e+02
9.999292245944925162e-01 1.189539999426137903e-02 2.126921964176241113e-04 4.654477115102199636e-01 -1.189664703495306626e-02 9.999019348932606244e-01 7.388532129020454649e-03 -2.159351614424635191e+00 -1.247817902332791734e-04 -7.390539602819536265e-03 9.999726818047405263e-01 1.293213419012892018e+02
9.999202131811433247e-01 1.262479038764000722e-02 -4.265139964652437613e-04 4.746908454140630340e-01 -1.262205662452264322e-02 9.999029434370931835e-01 5.898085739293392957e-03 -2.177233630960319744e+00 5.009347094707200998e-04 -5.892231729470582408e-03 9.999825151831082115e-01 1.305798669997128627e+02
9.999436918120000461e-01 1.055553010942931330e-02 -1.092688202279690039e-03 4.780506122753037102e-01 -1.054822821897531682e-02 9.999233334350209335e-01 6.485534072904527297e-03 -2.188357667426259034e+00 1.161062704818797758e-03 -6.473643027691915013e-03 9.999783717074889333e-01 1.318532111982864308e+02
9.999720569771373135e-01 7.151667920716640522e-03 -2.176900107996900761e-03 4.499543404677409097e-01 -7.133311288039213827e-03 9.999398901963008068e-01 8.326576452400400591e-03 -2.212920846053076929e+00 2.236318210316989245e-03 -8.310815360046434550e-03 9.999629639314440155e-01 1.330869680429247524e+02
9.999875376259466098e-01 4.376151409632608215e-03 -2.402889908118721347e-03 4.473395426587194468e-01 -4.351899991371347212e-03 9.999404611431209622e-01 1.000675474203142380e-02 -2.218593803623981842e+00 2.446537967794684600e-03 -9.996172994749495666e-03 9.999470440898544643e-01 1.343592916434245979e+02
9.999948423558978616e-01 2.170051654089461077e-03 -2.367726746607302576e-03 4.338095220464834312e-01 -2.142933748098350272e-03 9.999327650831559833e-01 1.139619008624262464e-02 -2.234890873623527785e+00 2.392297925535799303e-03 -1.139105753562766506e-02 9.999322580684922857e-01 1.356371354841149923e+02
9.999958440724237008e-01 -6.447977826448057477e-04 -2.809994805495250048e-03 4.217233802286844413e-01 6.727641485609808574e-04 9.999501427344099636e-01 9.962902669062011565e-03 -2.260273437639551908e+00 2.803430707085201139e-03 -9.964751821446885330e-03 9.999464208169062118e-01 1.369207921304951583e+02
9.999941727429372262e-01 -2.545676582611403754e-03 -2.274645528034423964e-03 4.276090943823665502e-01 2.565701765606833665e-03 9.999575948930484737e-01 8.844522763709191868e-03 -2.266776933021983798e+00 2.252033824390736304e-03 -8.850307368085936696e-03 9.999582993350341065e-01 1.381612627156412145e+02
9.999881311602585310e-01 -4.251138297760032568e-03 -2.380202946009637912e-03 4.130738344926854211e-01 4.272221185028665658e-03 9.999510566973751624e-01 8.923694618038074955e-03 -2.293515334610366718e+00 2.342150640316137660e-03 -8.933757538877890730e-03 9.999573502468247499e-01 1.394251978941157972e+02
9.999869709672091211e-01 -4.695032804407284731e-03 -2.003638793655819310e-03 4.152360229184132168e-01 4.712771075914786757e-03 9.999489132799063151e-01 8.942069560410182208e-03 -2.295586184256543039e+00 1.961553167117970065e-03 -8.951395825635095893e-03 9.999580115321938800e-01 1.406940242785547355e+02
9.999892803100589589e-01 -4.504605573738685101e-03 -1.071354395483060419e-03 4.088905677839220210e-01 4.515424273881954095e-03 9.999365554589462191e-01 1.031968939700470683e-02 -2.311733980644798070e+00 1.024800321259804539e-03 -1.032441648545259598e-02 9.999461766581068112e-01 1.419902191246003156e+02
9.999951676014864344e-01 -3.043594232994824549e-03 -6.334922886927213522e-04 3.898762676695575746e-01 3.050973837310136383e-03 9.999234185400017738e-01 1.199369019762946617e-02 -2.309519160211645161e+00 5.969398703189731379e-04 -1.199556511640144374e-02 9.999278724413244168e-01 1.432759661625998717e+02
9.999962556988483131e-01 -2.735635511024236965e-03 6.994093119527221563e-05 3.725052189135042435e-01 2.734687102562654518e-03 9.999342581085908233e-01 1.113557088046707687e-02 -2.337136198272022014e+00 -1.003991874710650649e-04 -1.113533801930228356e-02 9.999379951629695507e-01 1.445378629972031206e+02
9.999981736299964341e-01 -1.779739583710675732e-03 6.966117453273398602e-04 3.697027031856011670e-01 1.773197028594765239e-03 9.999553439525066256e-01 9.282557144688527093e-03 -2.339121625325833342e+00 -7.131011753910705383e-04 -9.281305044820376687e-03 9.999566734939663304e-01 1.458138193621555274e+02
9.999976783061629293e-01 -1.945135116550476481e-03 9.272737021004583352e-04 3.614705676335147055e-01 1.938781275172758375e-03 9.999749693358267466e-01 6.804544333291676420e-03 -2.360755298663752111e+00 -9.404862597598781385e-04 -6.802730814618708315e-03 9.999764188917651397e-01 1.470903885789534797e+02
9.999916238574740879e-01 -3.674809067805059979e-03 1.802221510679110662e-03 3.489087913281819220e-01 3.669392565915306856e-03 9.999887688242314887e-01 2.999629346409814646e-03 -2.386187268116868765e+00 -1.813224362973738304e-03 -2.992991186123859781e-03 9.999938770909462260e-01 1.483559851036271482e+02
9.999941780707473082e-01 -2.944897595172584533e-03 1.723777976942756848e-03 3.340786016481263609e-01 2.945788861118552298e-03 9.999955286839383728e-01 -5.147182137589145952e-04 -2.409349955505906582e+00 -1.722254506945442975e-03 5.197931115076254551e-04 9.999983818247218936e-01 1.496361007571882453e+02
9.999944503641932103e-01 -2.745531790436398899e-03 1.887141651215607429e-03 3.469656376516856988e-01 2.747893635561825341e-03 9.999954431729342064e-01 -1.250083659216408814e-03 -2.439129904504738100e+00 -1.883700940896690726e-03 1.255262401447352185e-03 9.999974379888378895e-01 1.508960071138352816e+02
9.999916214459558805e-01 -3.646211168383771666e-03 1.860696427986610569e-03 3.352082310830501455e-01 3.648206696545769605e-03 9.999927726190208643e-01 -1.070182782989837064e-03 -2.460417454906985490e+00 -1.856780900367430284e-03 1.076962035750054711e-03 9.999976962546972548e-01 1.521974074682755713e+02
9.999956008644341754e-01 -2.587824524413764003e-03 1.449628484979784745e-03 3.307742110997369811e-01 2.589160134641486834e-03 9.999962247178064700e-01 -9.202148539939414632e-04 -2.491012423102392237e+00 -1.447241683295564813e-03 9.239641377751348257e-04 9.999985258887146289e-01 1.534519137058946114e+02
9.999955036746297488e-01 -2.518199986517828844e-03 1.628283206671148845e-03 3.341691348453786903e-01 2.517940075684758569e-03 9.999968169136481677e-01 1.616654115284431228e-04 -2.516963522010078336e+00 -1.628685157329848310e-03 -1.575647632607774819e-04 9.999986612770017658e-01 1.547153073758394726e+02
9.999971385468003904e-01 -2.226169975604282755e-03 8.758257516153050400e-04 3.197505595357582053e-01 2.225731094886805334e-03 9.999973971625155666e-01 5.017819273186701744e-04 -2.542933386750396707e+00 -8.769405383299667478e-04 -4.998311411036562716e-04 9.999994905713760485e-01 1.559737708260726947e+02
9.999981619479703099e-01 -1.660956369926775951e-03 9.577729369454544535e-04 3.226644322556356803e-01 1.660672471946431344e-03 9.999985769324279961e-01 2.971480214187984382e-04 -2.572450390534200437e+00 -9.582651400119883596e-04 -2.955569287581370622e-04 9.999994971862515847e-01 1.572286543970420496e+02
