1.000000000000000000e+00 0.000000000000000000e+00 0.000000000000000000e+00 0.000000000000000000e+00 0.000000000000000000e+00 1.000000000000000000e+00 0.000000000000000000e+00 0.000000000000000000e+00 0.000000000000000000e+00 0.000000000000000000e+00 1.000000000000000000e+00 0.000000000000000000e+00
9.999999594984896323e-01 -2.971016327276573168e-05 -2.830553395303792279e-04 7.522405835192630570e-03 2.971370644100253323e-05 9.999999994802554193e-01 1.251338425336263414e-05 -2.378701316245204929e-03 2.830549676085734835e-04 -1.252179436981703731e-05 9.999999598615442187e-01 -2.334694942713308029e-03
9.999999791043548969e-01 -1.861562072214654757e-04 -8.448169223309619550e-05 5.898930831679989779e-03 1.861732635840527585e-04 9.999999622816420075e-01 2.019312519951499006e-04 -2.810728029808735959e-03 8.444409829059458289e-05 -2.019469760080222530e-04 9.999999760433062601e-01 -7.774346758697784840e-03
9.999999950046014607e-01 8.614743684099260594e-05 5.068940916903481739e-05 2.538784315970861113e-03 -8.616122498336457045e-05 9.999999592762589540e-01 2.720730115874079626e-04 4.376950393730243832e-03 -5.066596871219056539e-05 -2.720773776898825335e-04 9.999999617034293076e-01 -4.987248309912330722e-03
9.999999577888187829e-01 2.861800841062318271e-04 5.023266082063141303e-05 1.085079303439226428e-02 -2.861828585491320753e-04 9.999999575243230243e-01 5.523335676943953704e-05 4.239093028983773048e-03 -5.021685200027939107e-05 -5.524773016444048781e-05 9.999999972129780534e-01 -2.596733886295045108e-03
9.999999989525947264e-01 4.521102715102742308e-05 7.125555641580080705e-06 1.141628503238138574e-02 -4.521215018682344061e-05 9.999999865455738712e-01 1.576854894569736413e-04 2.641371187003284382e-03 -7.118426422764656268e-06 -1.576858114535048593e-04 9.999999875422563855e-01 3.359937674090976954e-03
9.999999648760257154e-01 -2.346029212275569536e-04 -1.233264642286465633e-04 6.044462746008857565e-03 2.346079847752081146e-04 9.999999716371914538e-01 4.104521536151230563e-05 -2.819804065158448489e-03 1.233168314033354423e-04 -4.107414729308334956e-05 9.999999915529367289e-01 2.867878335932458420e-03
9.999999563586521312e-01 -2.328945851781922085e-04 -1.817768029234110021e-04 -3.037811446516490085e-03 2.328930524279630612e-04 9.999999728446846703e-01 -8.453166989833638199e-06 -6.491267566792489679e-04 1.817787666840241624e-04 8.410832066432609444e-06 9.999999834428687784e-01 -1.543793879047158316e-03
9.999999923302025362e-01 -1.236918071536062601e-04 6.319153544875564862e-06 3.543322434387623752e-03 1.236917837098493417e-04 9.999999923432885129e-01 3.710208207174727950e-06 1.857609749463058103e-03 -6.319612418849689631e-06 -3.709426551344681290e-06 9.999999999731513656e-01 -7.496868534491654343e-03
9.999999859526760293e-01 1.579943817186844175e-04 5.596805503669490445e-05 1.221078262638860754e-02 -1.579967691528500362e-04 9.999999866087758704e-01 4.265523378291739284e-05 -4.306427201119100365e-03 -5.596131499992555263e-05 -4.266407595559706722e-05 9.999999975240538852e-01 -4.323031742918478221e-03
9.999999812850952630e-01 1.755203130801915733e-04 8.137830701396865641e-05 8.220272388285205026e-03 -1.755238442774801960e-04 9.999999836544629650e-01 4.338725490769365694e-05 -1.282644477172513410e-03 -8.137069033923144650e-05 -4.340153792899320605e-05 9.999999957475586010e-01 -2.783119205036798435e-03
9.999999940909687357e-01 -6.107651710707952362e-05 -8.993176060554721742e-05 -2.208451617687344579e-03 6.108949608581153319e-05 9.999999877192377040e-01 1.443246271513401197e-04 1.927270875249834656e-03 8.992294465555745607e-05 -1.443301201844588702e-04 9.999999855413400640e-01 -3.065126376596959829e-03
9.999999884943185924e-01 -1.398146585641294045e-04 -5.884916186984711451e-05 -4.461719326918419694e-03 1.398153892064913923e-04 9.999999901488048071e-01 1.241157917907488519e-05 5.120776683340425538e-03 5.884742596940736495e-05 -1.241980705474251971e-05 9.999999981913644254e-01 -2.302236560480593400e-03
9.999999973484585691e-01 -4.601157144972669428e-05 -5.644482370914638667e-05 3.650010671313370534e-04 4.600508519888743227e-05 9.999999923397225876e-01 -1.149090374640461955e-04 3.129341783891945606e-03 5.645011042215087102e-05 1.149064404104363512e-04 9.999999918049474745e-01 -9.405619489281307572e-04
9.999999897415156047e-01 -9.885059021552295046e-06 1.428959564883832138e-04 4.281306285498968564e-03 9.884352228743268552e-06 9.999999999389138639e-01 4.946911172523313360e-06 -1.727323058474570247e-03 -1.428960053801631614e-04 -4.945498687809507186e-06 9.999999897781367553e-01 -2.258941624098611753e-03
9.999999843996261184e-01 -1.699820543362419673e-04 -4.802966520309361444e-05 8.214775071835917972e-03 1.699852307903798284e-04 9.999999833653325787e-01 6.613891406987932665e-05 -1.913640729301322981e-03 4.801842197565094804e-05 -6.614707737181186752e-05 9.999999966593976497e-01 -1.020017281761901587e-03
9.999999783878045223e-01 -1.733826784208600182e-04 -1.147294090693694752e-04 1.914202290212118707e-03 1.733919903163878482e-04 9.999999816742159986e-01 8.115901228190247803e-05 -2.542189018151216028e-03 1.147153353999357049e-04 -8.117890368846439287e-05 9.999999901251886980e-01 -3.742107821794139842e-03
9.999999929782390495e-01 -9.403280329800425656e-05 -7.212041074879774779e-05 4.233380833713548414e-04 9.404592155337753866e-05 9.999999790316979054e-01 1.819119799417209360e-04 -3.880167654513041759e-03 7.210330354312779132e-05 -1.819187612948702044e-04 9.999999808533387435e-01 -2.743357159791566351e-03
9.999999981394535054e-01 -6.091980722194693682e-05 -3.141679057484079408e-06 -3.527963319340149222e-03 6.091997097774028602e-05 9.999999967845711879e-01 5.214992658729673619e-05 4.252112272148421477e-04 3.138502083907897067e-06 -5.215011788126637385e-05 9.999999986352574588e-01 -1.976067070208887937e-03
9.999999973530316888e-01 -2.207934030072951365e-05 6.932848902504719314e-05 -8.273381992294695638e-04 2.208148669232129892e-05 9.999999992769703638e-01 -3.095912137981373134e-05 7.069875733259371395e-04 -6.932780541794426150e-05 3.096065217397372189e-05 9.999999971175467239e-01 -2.638729357817956502e-03
9.999999974934398184e-01 -7.078842264618057296e-05 1.455864230309546450e-06 -7.132770234466874167e-04 7.078844206794858624e-05 9.999999974054584184e-01 -1.334464823358819921e-05 4.870089143962415094e-03 -1.454919579933021842e-06 1.334475125849976184e-05 9.999999999099004055e-01 -1.512066845367536451e-03
9.999999805033324973e-01 -1.752939676107486365e-04 -9.091402247590090521e-05 -5.312133875931169960e-04 1.753009313132133484e-04 9.999999817014512127e-01 7.659426033877616365e-05 4.539898822648402200e-03 9.090059430051522656e-05 -7.661019615825279475e-05 9.999999929339798976e-01 -3.618993650627928306e-03
9.999999598726874162e-01 -2.274833428455347350e-04 -1.688370585284212552e-04 -2.820409788016621858e-03 2.274974897376625402e-04 9.999999706132589594e-01 8.377573254510808616e-05 -1.354109018873399196e-03 1.688179959831616198e-04 -8.381413919040297199e-05 9.999999822378370373e-01 -1.734314493408908604e-03
9.999999961002272730e-01 -5.255554637986553299e-05 -7.097506575798318267e-05 3.276531300040322510e-03 5.255405338593198558e-05 9.999999983977544415e-01 -2.103717213331706600e-05 9.834793272990598103e-04 7.097617126433944065e-05 2.103344202388196432e-05 9.999999972599886711e-01 7.748957076431829292e-04
9.999999953243428052e-01 -1.724951346272590692e-05 9.515129387849206844e-05 3.344924547810654465e-03 1.724453883080162548e-05 9.999999984846166257e-01 5.228185778074829657e-05 -1.015256416267402680e-03 -9.515219557091104149e-05 -5.228021669611416486e-05 9.999999941064192654e-01 1.838512253205554225e-03
9.999999793250557989e-01 -1.264984926922774731e-04 1.592106134193481827e-04 3.104260732951039884e-03 1.264974358209647310e-04 9.999999919770997669e-01 6.648248710705834272e-06 -2.069501374150398663e-03 -1.592114531354582509e-04 -6.628108838900631701e-06 9.999999873038906140e-01 -4.064370649305304277e-03
9.999999988462672240e-01 -1.082385865920759750e-05 -4.680074470876776233e-05 4.496756864852868331e-03 1.082893317066033464e-05 9.999999940629308304e-01 1.084291126694067513e-04 -4.056063759716296326e-03 4.679957080951842340e-05 -1.084296193464453199e-04 9.999999930264088510e-01 -4.356175263519933630e-03
9.999999791860000320e-01 1.189036956251342058e-04 -1.658008162100088330e-04 1.385330422673060335e-03 -1.188867589686914424e-04 9.999999877149697847e-01 1.021567360368869862e-04 -3.178760451100939681e-03 1.658129609865885814e-04 -1.021370223889231144e-04 9.999999810370451270e-01 -2.690885647982777309e-03
9.999999773439995909e-01 -5.062338367734410001e-05 -2.067589742630744328e-04 -2.538321343569199633e-04 5.062075347143568177e-05 9.999999986377898775e-01 -1.272633423492891976e-05 5.526352348977240985e-04 2.067596182315260215e-04 1.271586765153690724e-05 9.999999785443832723e-01 -1.204161358047175492e-03
9.999999675364761309e-01 -2.523542637395148093e-04 -3.527566083772622592e-05 -4.168745969061899044e-03 2.523546725662770751e-04 9.999999680914469780e-01 1.158551505530411993e-05 3.447409729639332263e-03 3.527273605800909585e-05 -1.159441665703773709e-05 9.999999993107018259e-01 -2.248283998247211247e-03
9.999999589496934016e-01 -2.816968771295011464e-04 5.241641770878473070e-05 -8.221857633722549213e-03 2.816976678178931856e-04 9.999999602095385187e-01 -1.507797555943203281e-05 2.414929981598933333e-03 -5.241216820448275085e-05 1.509274052310044463e-05 9.999999985125869184e-01 -2.105993750690881433e-03
9.999999907221678308e-01 -1.361352369508973630e-04 -4.781381109676673926e-06 -3.803613348182703115e-03 1.361351622999529200e-04 9.999999906117773563e-01 -1.560969812363098268e-05 1.000970623294867738e-04 4.783506094740795007e-06 1.560904706471343681e-05 9.999999998667378209e-01 -1.472118150393001345e-03
9.999999962606427317e-01 -8.293711442278150733e-05 -2.449795163355891395e-05 5.780606062508891058e-03 8.293770721550838669e-05 9.999999962679059218e-01 2.419761991327463256e-05 -1.655821632730873367e-03 2.449594466135874521e-05 -2.419965162673105573e-05 9.999999994071627762e-01 -1.992809728896037611e-03
9.999999767941897266e-01 -2.033931883755431193e-04 -7.101289268587819732e-05 6.138081770247601036e-03 2.033938445620861013e-04 9.999999792728450076e-01 9.233286539056863600e-06 -4.127374258245115023e-03 7.101101322639459057e-05 -9.247729910047825032e-06 9.999999974359576882e-01 -3.667920459140189705e-03
9.999999773082101084e-01 -1.808758668181210711e-04 -1.125499893614851217e-04 -1.714075280568211042e-03 1.808829484567317666e-04 9.999999816616601533e-01 6.291294256127139364e-05 -6.721264829071399438e-03 1.125386078644853355e-04 -6.293329950758858645e-05 9.999999916872307493e-01 -1.920048572082034243e-03
9.999999743965065635e-01 -1.743280331091220676e-04 -1.442800158703969233e-04 -5.906727094297648320e-03 1.743341935244522157e-04 9.999999838927402518e-01 4.268615910201848372e-05 -9.605472569441596243e-05 1.442725721522840506e-04 -4.271131094931214804e-05 9.999999886805843730e-01 1.184301404575518503e-03
9.999999922597280211e-01 -9.272023258708927062e-05 -8.296687564672803759e-05 -6.885143914447262306e-04 9.272240252231551190e-05 9.999999953593465829e-01 2.615077155988249763e-05 2.716909922373761345e-04 8.296445055608616076e-05 -2.615846424550814791e-05 9.999999962163172995e-01 -7.028538516440963101e-04
9.999999985148009252e-01 5.356819947650674345e-05 -1.004222172261564979e-05 -1.704176820446183602e-03 -5.356795180043656576e-05 9.999999982611271765e-01 2.466212037585272041e-05 -2.850572952010209816e-03 1.004354281053731083e-05 -2.466158239797535580e-05 9.999999996454668194e-01 -3.589563041462780733e-03
9.999999996209223418e-01 8.536944789530492611e-06 2.617777543462252257e-05 -1.649951146640747266e-03 -8.537355066433187942e-06 9.999999998407408386e-01 1.567264670693019327e-05 -1.269038680765562609e-02 -2.617764163393383395e-05 -1.567287018995277789e-05 9.999999995345461024e-01 -6.100423199706183665e-03
9.999999918321001990e-01 -9.018860728205318762e-05 -9.056387045658819063e-05 -1.072393531560407063e-03 9.018316958614798126e-05 9.999999941307998741e-01 -6.004495114775699436e-05 -6.419509257848197113e-03 9.056928529556903596e-05 6.003678332042807912e-05 9.999999940963946177e-01 -1.572641850605914970e-03
9.999999561922693347e-01 -2.704332452879770000e-05 -2.947611204065092995e-04 4.837768841967929508e-03 2.701791074252840575e-05 9.999999959179095566e-01 -8.622188514652579102e-05 1.206709841088162913e-03 2.947634509296891744e-04 8.621391753969914935e-05 9.999999528408330951e-01 2.157614077211607740e-03
9.999999005410050712e-01 3.478839434832439541e-04 -2.790962950221575274e-04 2.751121263731048580e-02 -3.478677693142419986e-04 9.999999378120995042e-01 5.799838155251143786e-05 2.724563404264870436e-03 2.791164543714349426e-04 -5.790128717847748411e-05 9.999999593707220580e-01 -1.269247000517673076e-04
9.999996244310109805e-01 8.523684512747610985e-04 -1.568625523049177461e-04 6.396636226479719689e-02 -8.523353204136746141e-04 9.999996144688988453e-01 2.111552870124925013e-04 5.563455930075205356e-03 1.570424739344945190e-04 -2.110215082153351425e-04 9.999999654037916574e-01 -3.289324072823477437e-03
9.999989780148832441e-01 1.429549644634937021e-03 -1.889450922604264590e-05 8.239717302148333311e-02 -1.429548874749421005e-03 9.999989773663447989e-01 4.069741119765666741e-05 -6.044483355424690348e-03 1.895266887359678965e-05 -4.067035898110511131e-05 9.999999989933591182e-01 -3.268229772292447106e-03
9.999976508286452237e-01 2.167230372453170760e-03 3.807497508716463911e-05 1.092957908577003728e-01 -2.167225279683483892e-03 9.999976426810995855e-01 -1.332922766966003350e-04 -1.636610961385187926e-02 -3.836376040277654406e-05 1.332094465216699178e-04 9.999999903917325961e-01 -3.479630753997214540e-03
9.999910712269189927e-01 4.225573447714181530e-03 -4.467076346756633200e-05 1.614937105993815569e-01 -4.225578785797334119e-03 9.999910649915870753e-01 -1.200871202164914694e-04 -2.675028694901279008e-02 4.416292738731966325e-05 1.202748078162990225e-04 9.999999917918032111e-01 5.537464793574116764e-03
9.999739547008618112e-01 7.216922778325156676e-03 -7.710726664698135612e-05 2.309497555703270699e-01 -7.216934812261318472e-03 9.999739452705020959e-01 -1.569460498138562578e-04 -5.262549713972181076e-02 7.597259011613677988e-05 1.574984402239831913e-04 9.999999847112033269e-01 -4.930984999090778659e-04
9.999599060963336727e-01 8.953387233464116246e-03 -1.518448524778660943e-04 2.902709968499705417e-01 -8.953400238718444565e-03 9.999599138803156873e-01 -8.518589652074958396e-05 -5.092810846580939077e-02 1.510760632885561330e-04 8.654200882404425050e-05 9.999999848432518101e-01 2.104069880208764352e-04
9.999533998854451822e-01 9.653219527166623931e-03 -1.158028464608891201e-04 3.736136224566803943e-01 -9.653227382191497535e-03 9.999534042392129729e-01 -6.746493018744936755e-05 -2.511574416716200880e-02 1.151461967576725446e-04 6.857965752236617986e-05 9.999999910190919827e-01 6.258332266605581493e-03
9.999352938171247596e-01 1.137563950429962625e-02 -5.481540429261953372e-05 4.400306450924265089e-01 -1.137564417074492587e-02 9.999352916039545569e-01 -8.558396381942758578e-05 -1.601048914750003230e-02 5.383828495597036155e-05 8.620198654212187655e-05 9.999999948353283097e-01 1.099635491710991564e-02
9.999114830291354616e-01 1.330500889009095591e-02 5.333769401955605903e-05 5.132351479851039455e-01 -1.330501911501184506e-02 9.999114650738922805e-01 1.961635325832723905e-04 -1.033804132117579870e-02 -5.072301422582520470e-05 -1.968558278200548670e-04 9.999999793374791945e-01 1.292571032480257717e-02
9.998787666839419330e-01 1.557047324406862950e-02 -1.108943414263183691e-04 6.116244400627148803e-01 -1.557048932216742974e-02 9.998787619779119229e-01 -1.456289338450152549e-04 6.057282781322649795e-04 1.086133853977070324e-04 1.473379579255185460e-04 9.999999832473291939e-01 8.622140560279158497e-03
9.998317522657969025e-01 1.834173803433499991e-02 2.186480870390278925e-04 7.263742967486277458e-01 -1.834170003907842697e-02 9.998317616373219030e-01 -1.745304728157449144e-04 1.733029796456556776e-02 -2.218124942542567949e-04 1.704907308325560964e-04 9.999999608660632422e-01 9.128618171786477206e-03
9.997795183029311028e-01 2.097371215402923927e-02 1.009049274856735172e-03 8.493859591286855304e-01 -2.097388301331715166e-02 9.997800112708092879e-01 1.590430261331186065e-04 -5.906586416202871693e-05 -1.005491572738846651e-03 -1.801716415023274617e-04 9.999994782623022882e-01 1.274031201578343202e-02
9.997493928326957047e-01 2.236502186335852238e-02 9.784312483973420672e-04 9.500111064316979492e-01 -2.236469708559037789e-02 9.997498205117322234e-01 -3.416299592441087102e-04 -1.259820099113686392e-02 -9.858270264759857841e-04 3.196620258382737575e-04 9.999994629804873636e-01 2.072012992916341320e-02
9.997423033817401938e-01 2.269624375088466484e-02 4.553554359041398847e-04 1.015149443435179544e+00 -2.269611643185629607e-02 9.997423699607590475e-01 -2.828500599172812779e-04 -1.041001867681455063e-02 -4.616577565701543190e-04 2.724423704222070320e-04 9.999998563236249804e-01 2.096359349734345373e-02
9.997132266982470261e-01 2.394414663715596983e-02 3.771026356226737258e-04 1.115451555718525833e+00 -2.394430625078340300e-02 9.997132038332324777e-01 4.245935261125019988e-04 -1.371059672055767453e-02 -3.668279543818742734e-04 -4.335012250204425821e-04 9.999998387569568603e-01 8.733195921103852066e-03
9.996719468509658313e-01 2.560523946720997049e-02 6.085975899665649683e-04 1.233447774124258434e+00 -2.560566802266845202e-02 9.996718710334777658e-01 7.071276678492367362e-04 -2.836587215064952788e-02 -5.902917181991718500e-04 -7.224792402391096852e-04 9.999995647896227080e-01 7.426000858426368492e-03
9.996193636273911221e-01 2.757433409917584705e-02 8.854152452664360321e-04 1.339482608607444059e+00 -2.757449907168372377e-02 9.996197359477106970e-01 1.746561619330073978e-04 -4.710850825467748776e-02 -8.802625263156919119e-04 -1.990045633037294207e-04 9.999995927674513174e-01 1.189764042245197023e-02
9.995718105985734736e-01 2.922882736645266225e-02 1.367884304900462067e-03 1.460044175086889329e+00 -2.922890406265061039e-02 9.995727436577748204e-01 3.610768173624627031e-05 -5.277515713539730063e-02 -1.366244482459691737e-03 -7.607397992635781957e-05 9.999990637939436544e-01 1.858896380049915309e-02
9.995462019685954491e-01 3.009914456303496369e-02 1.196506050721572083e-03 1.576709988708676624e+00 -3.009887454544294197e-02 9.995468966886601470e-01 -2.430456060388796720e-04 -5.361889083098386743e-02 -1.203279374699526855e-03 2.069218269077857002e-04 9.999992546507742164e-01 2.070062393166587078e-02
9.995273247066024380e-01 3.073899634854304272e-02 4.911907435090536594e-04 1.699608162495521491e+00 -3.073897695856589105e-02 9.995274448901406705e-01 -4.697794826250817612e-05 -6.141332349231298088e-02 -4.924026837933962201e-04 3.185704200004430150e-05 9.999998782623554794e-01 1.740069028490950215e-02
9.994715465632095786e-01 3.250518063517763429e-02 -2.020950780544422318e-04 1.858416931761613489e+00 -3.250516109486793065e-02 9.994715627044398198e-01 9.923377330541153032e-05 -5.809768025860910512e-02 2.052138952043517706e-04 -9.261219980822304077e-05 9.999999746551184732e-01 2.060869821713463140e-02
9.993767972885387874e-01 3.529032206765234797e-02 -7.811591798767945774e-04 2.013035388388305869e+00 -3.529032517171589584e-02 9.993771024257864788e-01 9.813957067530554103e-06 -8.037714543875924822e-02 7.810189354242460602e-04 1.775952048584708679e-05 9.999996948469643820e-01 2.768394790855544310e-02
9.993102093275101350e-01 3.712151254530911965e-02 -1.048255768538927483e-03 2.156419470060861876e+00 -3.712150808585388401e-02 9.993107590108979421e-01 2.371697697148927132e-05 -8.707384314896908506e-02 1.048413677754371715e-03 1.521221776586609604e-05 9.999994502985233291e-01 3.149304010694871370e-02
9.992691793101944331e-01 3.819500374570493351e-02 -1.499656492727892160e-03 2.280491688077653567e+00 -3.819487067223219234e-02 9.992703028201775917e-01 1.172859843336020538e-04 -9.988876309979327628e-02 1.503041936225387029e-03 -5.992108351711168115e-05 9.999988686365608448e-01 3.393841480946557798e-02
9.992224907207557516e-01 3.936287595748607510e-02 -2.231150861067070831e-03 2.419445437525727716e+00 -3.936490387934791363e-02 9.992245209570168596e-01 -8.723879812978183610e-04 -1.025065057129916773e-01 2.195080950437952160e-03 9.595387307334877309e-04 9.999971304484054357e-01 3.352918951561054822e-02
9.991721528041146438e-01 4.061359774075225942e-02 -2.354727020967213244e-03 2.562975393385046985e+00 -4.061766134751514795e-02 9.991733086650763651e-01 -1.704358513556699338e-03 -9.624831910573501681e-02 2.283560257467251095e-03 1.798591069843957649e-03 9.999957752024325464e-01 3.417735780644094029e-02
9.991270316312060862e-01 4.173444774537764940e-02 -1.846763440015278300e-03 2.724196297296978653e+00 -4.173681953515123028e-02 9.991278385803974427e-01 -1.264938240952896264e-03 -9.998106486150580563e-02 1.792361265273585995e-03 1.340912022300099361e-03 9.999974946948833043e-01 2.794568048551144754e-02
9.990848283545991082e-01 4.273912345549923941e-02 -1.695015609646218727e-03 2.849245234459437004e+00 -4.274099800583976150e-02 9.990855962743984131e-01 -1.085544331049604098e-03 -1.000540456483913349e-01 1.647070467876658902e-03 1.156997530449758223e-03 9.999979742557423279e-01 2.483534779393861344e-02
9.990541202301711499e-01 4.342047271887179011e-02 -2.351042319580917521e-03 2.977582155953920395e+00 -4.342769299812108269e-02 9.990517244915536610e-01 -3.112438162237882774e-03 -1.204150666340376985e-01 2.213669347417312940e-03 3.211594514025729440e-03 9.999923926354128412e-01 2.263986213860165464e-02
9.989673379852013202e-01 4.534300879750266522e-02 -2.875620272237696100e-03 3.133627492870039166e+00 -4.535536389393544920e-02 9.989612806102287079e-01 -4.387574229631817022e-03 -1.078787479711399849e-01 2.673687492809412314e-03 4.513468152255884630e-03 9.999862399055445827e-01 3.210340148987702452e-02
9.988933923812365334e-01 4.695155515712144678e-02 -2.746293034780205103e-03 3.273795764288186749e+00 -4.696075676303301805e-02 9.988909896942577138e-01 -3.387924419116463814e-03 -9.243158450963996631e-02 2.584179047269740022e-03 3.513143315348799412e-03 9.999904898761274863e-01 3.634603339084632040e-02
9.988554382567452761e-01 4.776055827462994535e-02 -2.596639794258374326e-03 3.441565047255743526e+00 -4.776471724827622417e-02 9.988573901599387961e-01 -1.563940238038573436e-03 -8.915194926804750897e-02 2.518978189201479846e-03 1.686177977441750877e-03 9.999954057658018147e-01 4.845829414353170633e-02
9.987937948840690527e-01 4.900944418554077642e-02 -3.004942878769055383e-03 3.587775058842100684e+00 -4.901230225344041513e-02 9.987977828986080997e-01 -8.849319986557764974e-04 -1.058416727806353874e-01 2.957960259655374388e-03 1.031143757780299654e-03 9.999950935947901076e-01 4.139088161878481942e-02
9.987452769893188087e-01 4.995873403539868862e-02 -3.463608683017369624e-03 3.701735124090057560e+00 -4.996281874254746014e-02 9.987504694636893943e-01 -1.102945764451277160e-03 -1.289128055568690978e-01 3.404179024100418508e-03 1.274613525845796989e-03 9.999933934409425129e-01 3.254868230454314310e-02
9.987326464187167296e-01 5.023180656535840977e-02 -3.141112326377394019e-03 3.827567202237414978e+00 -5.023644343650827265e-02 9.987363502353651112e-01 -1.415086355188812034e-03 -1.922138049447864871e-01 3.066060716458353808e-03 1.571091252140515652e-03 9.999940654543707508e-01 3.339469259719086286e-02
9.986282594955838698e-01 5.227079960115337681e-02 -3.059876774785364340e-03 3.969552636403434143e+00 -5.227817283618956673e-02 9.986297220509627870e-01 -2.381361233881274832e-03 -1.921536674540039458e-01 2.931208237279941172e-03 2.538059391110784879e-03 9.999924831081465904e-01 4.907940755173482300e-02
9.985275505208901503e-01 5.415388906611986325e-02 -3.176027355932785085e-03 4.121857803060573033e+00 -5.416345869672304497e-02 9.985275498062595734e-01 -3.008657494008332590e-03 -1.773689138032271684e-01 3.008420309668739800e-03 3.176252024361187615e-03 9.999904303693701868e-01 6.265171472536053277e-02
9.983885151617633014e-01 5.659419425383076935e-02 -4.179709302009447167e-03 4.249073039297088350e+00 -5.660504730715947702e-02 9.983934546426653789e-01 -2.525538762003511420e-03 -1.746178192095136916e-01 4.030063578142889860e-03 2.758061537350582453e-03 9.999880757709624923e-01 5.847316247171927689e-02
9.980997322957648743e-01 6.139009538447674080e-02 -5.308538387108329565e-03 4.367666844103821333e+00 -6.139883731591077448e-02 9.981121850197690604e-01 -1.499630393364231006e-03 -1.943338759611503985e-01 5.206454395927925111e-03 1.822718778974763030e-03 9.999847851486920458e-01 4.903644195029683434e-02
9.973850300916109468e-01 7.190614738875276968e-02 -7.253117734003608659e-03 4.519741921441324806e+00 -7.191187417185083974e-02 9.974108480541385990e-01 -5.315421112947432518e-04 -2.171020017905954669e-01 7.196117164710963757e-03 1.051737434509952829e-03 9.999735545233786604e-01 3.207553409461297994e-02
9.962538120140336240e-01 8.622127339756138764e-02 -6.650869207079671344e-03 4.672209820760119925e+00 -8.623112609421293429e-02 9.962744261074866214e-01 -1.208625964513935147e-03 -2.514608732288522996e-01 6.521881632677506944e-03 1.777610165677951607e-03 9.999771523200258194e-01 3.341971459648618997e-02
9.945503634169595708e-01 1.040880005469393271e-01 -5.938246318075450850e-03 4.819564125882731531e+00 -1.040965120624555568e-01 9.945665449133643810e-01 -1.141891204921616481e-03 -2.603182287088012248e-01 5.787123951050382464e-03 1.753819042316796979e-03 9.999817164904276634e-01 4.327981097575428482e-02
9.922402103195486767e-01 1.242516022311624946e-01 -4.572129482734263450e-03 4.954772211967266138e+00 -1.242550335304979658e-01 9.922502017067530433e-01 -4.731334302353474956e-04 -2.781880107661529600e-01 4.477908814696596705e-03 1.037572116508855141e-03 9.999894358325743804e-01 6.264645764984494436e-02
9.892770404950168572e-01 1.460101525591376570e-01 -3.460129922117627203e-03 5.074451486364222497e+00 -1.460138175813061878e-01 9.892822024683719517e-01 -8.300329270328145239e-04 -3.619582027256079693e-01 3.301851715874075041e-03 1.326359296824141266e-03 9.999936692530918547e-01 6.602699955718328850e-02
9.850905609030823351e-01 1.719830755887782614e-01 -4.290516364618657610e-03 5.205638879213849712e+00 -1.719884789793541813e-01 9.850985303916903746e-01 -9.211506391423474743e-04 -4.154122964592680822e-01 4.068159045407067874e-03 1.645336183375758869e-03 9.999903714290577783e-01 5.931620366778724701e-02
9.795476670563598720e-01 2.010972971928849384e-01 -6.800369560479153225e-03 5.341386387722094398e+00 -2.011085105533892414e-01 9.795684592080576847e-01 -1.000353811968103263e-03 -4.370857870069936313e-01 6.460259084580556414e-03 2.347506436264861981e-03 9.999763768540194109e-01 4.001992479101219163e-02
9.728201862657931409e-01 2.314366357200864366e-01 -7.613727100138093819e-03 5.472047456513142727e+00 -2.314535021860708586e-01 9.728449570482375908e-01 -1.402095437246396112e-03 -4.727248621722049959e-01 7.082479762756057132e-03 3.126210546440418014e-03 9.999700321949800408e-01 3.122120992299392411e-02
9.650669285105373252e-01 2.619242724047408655e-01 -6.441973337771985872e-03 5.596022088036259667e+00 -2.619392450177602805e-01 9.650830601064254166e-01 -1.587140555632877937e-03 -5.511479511022175926e-01 5.801328706702791466e-03 3.219102493659663656e-03 9.999779907399822809e-01 3.111233794177760761e-02
9.557044356185373513e-01 2.942707983260045568e-01 -5.807666625179649759e-03 5.702228136073199671e+00 -2.942852978065398917e-01 9.557159135911513781e-01 -1.804439953924993813e-03 -6.317034618392295409e-01 5.019485428743561233e-03 3.433622170125521199e-03 9.999815073314223257e-01 4.351617762851885118e-02
9.447419249522316376e-01 3.277631330549710675e-01 -5.832996446187739548e-03 5.833120503482000174e+00 -3.277809833450330279e-01 9.447506945637793585e-01 -2.398349144658316716e-03 -7.038088521766086014e-01 4.724637014111002578e-03 4.177766298611535964e-03 9.999801118391500321e-01 5.863755209077550767e-02
9.323140001100955754e-01 3.615844503534427767e-01 -6.876806039990260300e-03 5.933215951096014962e+00 -3.616084909370096412e-01 9.323263907141936535e-01 -2.607769181438765720e-03 -7.903091971484403899e-01 5.468498968786502865e-03 4.917971171498397229e-03 9.999729541735540295e-01 5.962016837868618774e-02
9.187038383161780786e-01 3.948707194199796988e-01 -7.769968331307460126e-03 6.057040521962644419e+00 -3.948999309548632541e-01 9.187204301243362403e-01 -2.610709481917826511e-03 -8.840673681856426880e-01 6.107535916069805823e-03 5.466828779321138837e-03 9.999664053297647737e-01 5.069091376459711890e-02
9.041694265848605472e-01 4.271150030885814686e-01 -7.100856698010230353e-03 6.185124012596342702e+00 -4.271414580666694216e-01 9.041808332140960358e-01 -2.682470678825037581e-03 -9.569545702189757863e-01 5.274735053469399929e-03 5.458478259014502669e-03 9.999711906776173054e-01 5.117493534760335361e-02
8.883242219515520288e-01 4.591492851151997012e-01 -7.874685541061441502e-03 6.314731520397053544e+00 -4.591866758580747110e-01 8.883317632140438347e-01 -3.778250843865749338e-03 -1.042328989012867968e+00 5.260552117500389563e-03 6.972262418242484820e-03 9.999618563466259324e-01 5.587332081214015783e-02
8.712736953163912057e-01 4.907210680476467024e-01 -8.659169931193359815e-03 6.425724765926540627e+00 -4.907662072819524157e-01 8.712817121336291493e-01 -4.087528786387887962e-03 -1.147932594500824521e+00 5.538739911574426175e-03 7.810984295769988345e-03 9.999541543913517128e-01 5.324901367246977907e-02
8.547521110953226753e-01 5.189671115488933006e-01 -8.483260498630792318e-03 6.520919487402882631e+00 -5.190111983607147428e-01 8.547575665233922981e-01 -4.108338737660262308e-03 -1.277634416704892750e+00 5.119038412045701612e-03 7.914518406510282628e-03 9.999555769353601908e-01 6.086423308996091741e-02
8.378392094838531534e-01 5.458550248584616016e-01 -8.231092773155599188e-03 6.622883719504690347e+00 -5.458954990401995166e-01 8.378449182736709133e-01 -3.741263240821364900e-03 -1.360345453598721610e+00 4.854191912506963975e-03 7.627893533208726477e-03 9.999591251951864823e-01 6.167859840471557470e-02
8.203261714585052822e-01 5.718417831528830320e-01 -7.870670921986568438e-03 6.760041003534618120e+00 -5.718798924536994122e-01 8.203285730315151847e-01 -3.797482748250158476e-03 -1.441028729586086188e+00 4.284976939982199952e-03 7.616252924455912433e-03 9.999618151029641133e-01 6.172360948011652859e-02
8.007792912891007475e-01 5.989292880049325030e-01 -6.019519285645943615e-03 6.861022035475980552e+00 -5.989529996693750968e-01 8.007770647455499935e-01 -3.375909441747677354e-03 -1.522930582549133938e+00 2.798361946423722456e-03 6.308767502924179579e-03 9.999761840279051128e-01 5.869478283505036309e-02
7.793475311343137646e-01 6.265637695689114661e-01 -5.938718586161204592e-03 6.915703601256813826e+00 -6.265873764597984508e-01 7.793429502768496331e-01 -3.581272818795246810e-03 -1.657800514566931671e+00 2.384402666603803716e-03 6.512182228082293543e-03 9.999759527641410850e-01 4.817757252311381799e-02
7.580009929461883900e-01 6.522095978023453311e-01 -7.558784763136052430e-03 6.937118135203841796e+00 -6.522474737542481860e-01 7.579925987490835348e-01 -4.522523942680004017e-03 -1.817529693630752341e+00 2.779869384287669744e-03 8.358275905581949786e-03 9.999612050225210602e-01 4.708065977847938899e-02
7.365918506809543409e-01 6.762759068384828209e-01 -9.129257373653757238e-03 7.005414311909586189e+00 -6.763319085025435440e-01 7.365736316780959747e-01 -5.868105132629443214e-03 -1.933458148298553780e+00 2.755912138243657092e-03 1.049680648236809080e-02 9.999411092669198142e-01 6.465606630622831863e-02
7.150549825684693328e-01 6.990099278643385761e-01 -9.027328015416507742e-03 7.123558934074468496e+00 -6.990662278352318681e-01 7.150241311018555868e-01 -6.848433562210133607e-03 -2.022331077934804267e+00 1.667634320090401970e-03 1.120770668461601449e-02 9.999358010925731843e-01 6.844440970037889149e-02
6.941520041564277488e-01 7.197822866372920458e-01 -8.151991707919572713e-03 7.213671796189897734e+00 -7.198272589296994539e-01 6.941269299146510807e-01 -6.043382249755088927e-03 -2.071260540446061338e+00 1.308597482155965863e-03 1.006305174648026296e-02 9.999485099554763501e-01 6.220727793543596312e-02
6.738838404252993630e-01 7.387871073547109813e-01 -8.612759146107184724e-03 7.243468696887068958e+00 -7.388352121694834462e-01 6.738639137683380964e-01 -5.473114222495805911e-03 -2.149151310367044765e+00 1.760361361880234546e-03 1.005165296242055764e-02 9.999479313447269258e-01 5.136675755336935628e-02
6.526086730913879252e-01 7.576406498062511208e-01 -9.086559693273123933e-03 7.250402849802288330e+00 -7.576942092358827097e-01 6.525797060843818720e-01 -6.261988281059904099e-03 -2.300637552149237930e+00 1.185367583613012839e-03 1.097146152448554707e-02 9.999391091140041876e-01 6.031327232173459146e-02
6.314739986641606517e-01 7.753335770505155322e-01 -9.921356215154667618e-03 7.317669285527790279e+00 -7.753968553369442462e-01 6.314130201300873768e-01 -8.792880289173883937e-03 -2.418412364722310581e+00 -5.529418355849311526e-04 1.324546368588849082e-02 9.999121221122745373e-01 6.907996015872881757e-02
6.131498786682016977e-01 7.899001257679554300e-01 -1.024780956777305782e-02 7.367443250181440639e+00 -7.899644095000102340e-01 6.130660489173909156e-01 -1.030783139749013450e-02 -2.494079943668440880e+00 -1.859573195499876919e-03 1.441565040457776052e-02 9.998943599255590842e-01 6.899705659617373643e-02
5.941492001898014408e-01 8.042976912355302987e-01 -9.589149441665995380e-03 7.399961506850647908e+00 -8.043524025219609408e-01 5.940757472159954311e-01 -9.550870478959461868e-03 -2.540163676652960056e+00 -1.985061955793112395e-03 1.338769744773631726e-02 9.999084103487076991e-01 6.476084980890717269e-02
5.762209107003386510e-01 8.172470418422962402e-01 -8.759832857332238570e-03 7.452492475379113301e+00 -8.172917528254491915e-01 5.761611726507205322e-01 -8.514334574782116138e-03 -2.628247941858659509e+00 -1.911239173191414025e-03 1.206547677311536025e-02 9.999253829336768318e-01 5.252934015006378160e-02
5.590188478116328019e-01 8.291078783549683529e-01 -8.834808491291345697e-03 7.468638555876586871e+00 -8.291528216837917853e-01 5.589615490003966292e-01 -8.221011670316101527e-03 -2.738404091311978039e+00 -1.877787304493147395e-03 1.192110686137623672e-02 9.999271779114911052e-01 5.197232828198340010e-02
5.413367849282352262e-01 8.407546059051710374e-01 -9.283207032152882704e-03 7.500861479598884607e+00 -8.408037999311542832e-01 5.412780575509761327e-01 -8.187455964675094747e-03 -2.799182881917852139e+00 -1.858845042739076846e-03 1.223752683684047743e-02 9.999233908815338134e-01 6.418751133436739753e-02
5.232164300238042465e-01 8.521482298060222282e-01 -9.378794784427430323e-03 7.540585242457336079e+00 -8.521959970309903598e-01 5.231493331059742236e-01 -8.761159462698960010e-03 -2.857017208240119732e+00 -2.559296290376199181e-03 1.257655394920680764e-02 9.999176367547782940e-01 7.586348522905655978e-02
5.049504234966887273e-01 8.630923224867992349e-01 -9.834260259809796123e-03 7.564837286424022089e+00 -8.631437428749733076e-01 5.048777390651183472e-01 -9.019297770689481755e-03 -2.908382508589173465e+00 -2.819387574753685639e-03 1.304267843801122824e-02 9.999109658328915184e-01 7.910849861806198979e-02
4.867336813039616628e-01 8.735032269233105051e-01 -9.079429434553570183e-03 7.578798815885601670e+00 -8.735441526078933094e-01 4.866645533166901183e-01 -8.844545755672171203e-03 -3.002930872735216195e+00 -3.307102788113087943e-03 1.223622080668990489e-02 9.999196657589642934e-01 7.376727127205345846e-02
4.677776791936421041e-01 8.838047977075845774e-01 -8.551163503626628762e-03 7.595117320221103085e+00 -8.838406592892357194e-01 4.677187236927682346e-01 -8.055091208506458961e-03 -3.108911640479942839e+00 -3.119588976045766741e-03 1.132585785994367177e-02 9.999309941732763551e-01 5.952528522707989378e-02
4.481016017956892528e-01 8.939463553562390086e-01 -8.054080545560183754e-03 7.617412248690142995e+00 -8.939760149635000985e-01 4.480454221387478730e-01 -7.885706721081438622e-03 -3.192573817805922864e+00 -3.440804864743963500e-03 1.073375264332256801e-02 9.999364716901142369e-01 5.753956497252533941e-02
4.288021204920277052e-01 9.033507704842520525e-01 -9.280459420120495267e-03 7.630733515725808047e+00 -9.033912958089251877e-01 4.287352483409518911e-01 -8.381735303221778816e-03 -3.283823349066198105e+00 -3.592786969956960827e-03 1.197799213266918621e-02 9.999218067360358120e-01 6.361526367248729330e-02
4.102874112807773921e-01 9.118874933395874072e-01 -1.119998372153546522e-02 7.658475212482054317e+00 -9.119473663815632625e-01 4.101981903596103596e-01 -9.457567099011113601e-03 -3.380248448227241020e+00 -4.030024100377254358e-03 1.409411638043816736e-02 9.998925516220255050e-01 8.045420049697081522e-02
3.930154789216888656e-01 9.194318026505724495e-01 -1.356442415563965248e-02 7.685169030426854953e+00 -9.195244242864838435e-01 3.929102340375274505e-01 -9.817389122648309194e-03 -3.491404814916934995e+00 -3.696818708781992018e-03 1.633120520029043843e-02 9.998598028064437093e-01 6.732264768150598988e-02
3.777152030274787964e-01 9.258182425865997267e-01 -1.384944387945730507e-02 7.699597405251245696e+00 -9.259138776627600098e-01 3.776077361066186300e-01 -9.792281855917624872e-03 -3.575030034833388992e+00 -3.836216029100769035e-03 1.652208601521131318e-02 9.998561417125385598e-01 6.710558246049848352e-02
3.627204876316508231e-01 9.318318196107260309e-01 -1.110440512683921396e-02 7.725270252589937492e+00 -9.318845200658869565e-01 3.626254490746114167e-01 -9.696646070070518569e-03 -3.685499238400035349e+00 -5.008903455768513521e-03 1.386519543316924383e-02 9.998913277160527135e-01 7.517331016353653861e-02
3.470592663903981911e-01 9.377902053594361353e-01 -9.969771535254216485e-03 7.735122139376103156e+00 -9.378259871239288392e-01 3.469688822240876158e-01 -9.747442905484713510e-03 -3.794651447087607821e+00 -5.681855998447206402e-03 1.273285121540965181e-02 9.999027907813534677e-01 6.769405323121049922e-02
3.317820672135153304e-01 9.433015954621853938e-01 -1.013705450425624738e-02 7.761879664416695412e+00 -9.433332842320693024e-01 3.316802268849552426e-01 -1.051389335511630774e-02 -3.899235028684096882e+00 -6.555511838483605441e-03 1.305094218976246730e-02 9.998933433984321661e-01 7.073114216494405526e-02
3.171194379180723444e-01 9.483290483858355380e-01 -1.035751331843855032e-02 7.821211149451245959e+00 -9.483619715278841511e-01 3.170155169534602524e-01 -1.052297346167426796e-02 -4.006024092467881381e+00 -6.695748970101811880e-03 1.315971118019363881e-02 9.998909885319415825e-01 7.456314091977199465e-02
3.036865970692206318e-01 9.527217709043309668e-01 -9.781513453064123037e-03 7.849666158359764445e+00 -9.527471125526352225e-01 3.035884883545085788e-01 -1.034259451205734280e-02 -4.155692798087406992e+00 -6.884060076237662890e-03 1.246021603103508735e-02 9.998986712329037685e-01 7.150141205108757891e-02
2.903544230302559925e-01 9.568794883456390732e-01 -8.715148315166678164e-03 7.852870766817443560e+00 -9.568922762241531821e-01 2.902659307609952166e-01 -1.014204821583150964e-02 -4.262853200824346267e+00 -7.175007270119681570e-03 1.128424666698373512e-02 9.999105885267104421e-01 6.896308328650270492e-02
2.772080560439612040e-01 9.607696383176012045e-01 -8.797485515430140263e-03 7.885299586603789379e+00 -9.607847577808468209e-01 2.771229176547694295e-01 -9.774340208314254153e-03 -4.373980870610737703e+00 -6.952904452673693871e-03 1.116201583828217887e-02 9.999135295224772513e-01 6.197192898742482497e-02
2.644542151360091964e-01 9.643455241219182072e-01 -1.008356101882876971e-02 7.906101578144400399e+00 -9.643747643096224342e-01 2.643603651530830323e-01 -9.742243011188894686e-03 -4.504824939374222126e+00 -6.729194569767080712e-03 1.230070901012292328e-02 9.999017004177412904e-01 5.001857327920472551e-02
