1.000000000000000000e+00 0.000000000000000000e+00 0.000000000000000000e+00 0.000000000000000000e+00 0.000000000000000000e+00 1.000000000000000000e+00 0.000000000000000000e+00 0.000000000000000000e+00 0.000000000000000000e+00 0.000000000000000000e+00 1.000000000000000000e+00 0.000000000000000000e+00
9.999999972447798369e-01 3.473082947203043027e-05 -6.560647714319223418e-05 2.688303181700840705e-02 -3.471699276488594165e-05 9.999999771592346098e-01 2.108939562250042093e-04 -1.488158399144522614e-03 6.561380016672040930e-05 -2.108916779843526303e-04 9.999999756097643910e-01 2.571173417131219704e-03
9.999999979221079194e-01 5.503102450286236233e-06 -6.423005497022261478e-05 7.151526056154065836e-02 -5.498661019530204213e-06 9.999999975941065156e-01 6.914876445049324572e-05 2.934090154608222367e-03 6.423043534842702649e-05 -6.914841112751004301e-05 9.999999955464742296e-01 7.623727240481581111e-04
9.999999980843999881e-01 -5.219900564750533069e-05 -3.326355205806267858e-05 1.077269579418527468e-01 5.219895569305428676e-05 9.999999986365055715e-01 -1.502643801228730221e-06 5.439713371791474877e-03 3.326363044922027104e-05 1.500907475670193442e-06 9.999999994456391095e-01 -1.760207573913048339e-03
9.999999996950096337e-01 -2.208673070491301449e-05 -1.105246708294575662e-05 1.239700319202111933e-01 2.208699740097749839e-05 9.999999994649426682e-01 2.413046280332421911e-05 5.889378060313848334e-03 1.105193411399833208e-05 -2.413070691177639403e-05 9.999999996477818565e-01 5.049661957520160810e-04
9.999999980167886271e-01 -2.070277546439622439e-05 -5.947955859154139375e-05 1.371729301422555392e-01 2.069549762367654623e-05 9.999999923002674818e-01 -1.223566974894567947e-04 4.952454134353402766e-03 5.948209125679939637e-05 1.223554662877340815e-04 9.999999907455102699e-01 2.533730952958342542e-03
9.999999893611666302e-01 -7.596901559213784145e-05 -1.245245971079105766e-04 1.607837414032442236e-01 7.597161978082328352e-05 9.999999968955748386e-01 2.090844970888394231e-05 8.354758994769244732e-03 1.245230083269913590e-04 -2.091790982178727226e-05 9.999999920282306443e-01 4.047406283021227034e-03
9.999999893569697651e-01 -1.076566929331552731e-04 -9.846876074072571006e-05 1.867504241171035750e-01 1.076833101202717398e-04 9.999999576587711436e-01 2.703456320174778640e-04 2.924308909289619757e-03 9.843965205474544103e-05 -2.703562325822810963e-04 9.999999586085703829e-01 5.177819503819998045e-03
9.999999772921922547e-01 -1.578537544055281540e-04 -1.431705530319933009e-04 2.112055369342138722e-01 1.578884637042096771e-04 9.999999581435644602e-01 2.424543304544067243e-04 -4.916638291434273500e-04 1.431322747130501572e-04 -2.424769299274663170e-04 9.999999603590443709e-01 4.465235899836012684e-03
9.999999808775701382e-01 -9.679158086214359696e-05 -1.699301305742813078e-04 2.330421456509909062e-01 9.679715523898276247e-05 9.999999947773660081e-01 3.279601640099957268e-05 2.046953249799809103e-03 1.699269553085249796e-04 -3.281246452708902597e-05 9.999999850240859356e-01 2.908745158226709419e-03
9.999999770058153326e-01 6.247138083779778586e-05 -2.051479843632138039e-04 2.560540631005797652e-01 -6.246060751950785331e-05 9.999999966701164089e-01 5.252084992057983658e-05 5.617196262378617612e-03 2.051512647301122227e-04 -5.250803504517098820e-05 9.999999775779321309e-01 2.333144503670760150e-03
9.999999704255327915e-01 -5.713985137653734129e-07 -2.432048665721831091e-04 2.801494374952955835e-01 5.941139442082993024e-07 9.999999956380124511e-01 9.340033234085685432e-05 5.263476670015319707e-03 2.432048121425154134e-04 -9.340047406999431366e-05 9.999999660638848598e-01 1.017486069806322786e-03
9.999999438380510197e-01 -1.252931324345312044e-04 -3.108464665850515585e-04 3.051218052473003151e-01 1.253340074769009104e-04 9.999999835022076455e-01 1.314799260119051149e-04 5.347084839847550224e-03 3.108299879249887656e-04 -1.315188782611033391e-04 9.999999430437500614e-01 2.910185295574721845e-03
9.999999409740208955e-01 -2.081201768820507337e-04 -2.733824185915933731e-04 3.187535972442427923e-01 2.081765813674011267e-04 9.999999570496411749e-01 2.063085718924068752e-04 5.707240011836024925e-03 2.733394698732458821e-04 -2.063654715321497455e-04 9.999999413494115030e-01 7.256197055903768414e-03
9.999998520032156168e-01 -2.110464206978286770e-04 -5.014508503074783640e-04 3.442088205013098534e-01 2.111713860192615468e-04 9.999999466610646204e-01 2.491676415774948610e-04 1.328734692955096941e-02 5.013982376217151777e-04 -2.492734967725651380e-04 9.999998432312532382e-01 1.057863038185389952e-02
9.999980221707293060e-01 -1.392920491440774867e-04 -1.983999081328044738e-03 3.966273291204580054e-01 1.403184576299523864e-04 9.999998564004908275e-01 5.172134260794096928e-04 7.843698021357285374e-03 1.983926752708786798e-03 -5.174907948105875784e-04 9.999978981167496617e-01 1.431319050978948140e-02
9.999939433713630477e-01 4.311296599593627017e-07 -3.480405207066061997e-03 4.549386197625344685e-01 1.351891589966620246e-06 9.999998687732238878e-01 5.123004073850260338e-04 1.374537051171165029e-02 3.480404971211607107e-03 -5.123020097022370220e-04 9.999938121447988770e-01 1.176702391918622165e-02
9.999755384491103571e-01 -1.523647206656838604e-04 -6.992802614387228811e-03 5.557877945488870486e-01 1.632448083495188838e-04 9.999987771123930447e-01 1.555353609609906596e-03 1.040147352554425357e-02 6.992557081957309802e-03 -1.556457101971045129e-03 9.999743404641667777e-01 1.973276026933096228e-02
9.999616857804147774e-01 -3.668119396488245514e-04 -8.745994522743782279e-03 6.916715773882614604e-01 3.808641188577323224e-04 9.999986393175176458e-01 1.605087423219919230e-03 5.361397327248518599e-03 8.745393856991228593e-03 -1.608356961045371994e-03 9.999604648555721065e-01 -2.089042396710105026e-03
9.999698800443748148e-01 -5.919725195138858661e-04 -7.738770740548090582e-03 8.072121737645615580e-01 6.024780578035242697e-04 9.999989001452994630e-01 1.355259525402049926e-03 6.046877226713982638e-03 7.737959952628867266e-03 -1.359881144610836394e-03 9.999691368732557262e-01 -2.850144016095405592e-03
9.999819283593294195e-01 -1.037034375863922064e-03 -5.921783047383236132e-03 9.069616836305419705e-01 1.038715485799800511e-03 9.999994211057313676e-01 2.808172745962993037e-04 6.949075780319640371e-03 5.921488402129877066e-03 -2.869632475222823982e-04 9.999824266591879063e-01 1.105742879187347066e-02
9.999849516034331476e-01 -1.554893675747414088e-03 -5.261071405760772181e-03 1.016786638722850578e+00 1.553120142077428229e-03 9.999987357083272022e-01 -3.411738142744121199e-04 3.105562914914379580e-03 5.261595243238150095e-03 3.329976041863620434e-04 9.999861022674725319e-01 3.414784523248189790e-02
9.999791312839494406e-01 -1.995554221062113137e-03 -6.144490210635834143e-03 1.168640021720756650e+00 1.995045735187749199e-03 9.999980059441760938e-01 -8.888299144131132598e-05 1.211135035031977135e-02 6.144655329008095676e-03 7.662259757776931739e-05 9.999811184916769236e-01 2.846457737647644509e-02
9.999690987971173728e-01 -2.697223502247635303e-03 -7.384201802485113909e-03 1.345041329785240380e+00 2.705212284221601357e-03 9.999957662044421935e-01 1.072100595970747238e-03 1.107438379101628040e-02 7.381278844360098131e-03 -1.092043300197974775e-03 9.999721616945405067e-01 2.840693593269555048e-03
9.999636365051574050e-01 -3.357339869683960247e-03 -7.839256111442734556e-03 1.529438377458388176e+00 3.365155411173470154e-03 9.999938537201746858e-01 9.839974251025763140e-04 1.392766356859215064e-02 7.835904315394088757e-03 -1.010341958640279675e-03 9.999687884192619558e-01 -2.346445415797190556e-02
9.999661348273491956e-01 -3.603289392736828273e-03 -7.399020475969588471e-03 1.696173724298598806e+00 3.609856332599682867e-03 9.999931021757354488e-01 8.743787549884197464e-04 1.090561466826448465e-02 7.395818799133531234e-03 -9.010585449211335439e-04 9.999722445937132553e-01 -2.973054037962580710e-03
9.999674751529865624e-01 -4.040693353893646741e-03 -6.980074024040743529e-03 1.877447572856575597e+00 4.044094373669891718e-03 9.999917106562010716e-01 4.732014174139354728e-04 9.971936703502833066e-03 6.978104101985019118e-03 -5.014141046986500799e-04 9.999755270240554550e-01 3.017447482657006214e-02
9.999615433047509550e-01 -4.911309381594441796e-03 -7.265738210187097645e-03 2.084192012607507749e+00 4.912650237499665944e-03 9.999879189648697153e-01 1.667091874644319096e-04 1.712382194377195382e-02 7.264831672152140610e-03 -2.023968069239003974e-04 9.999735902794172349e-01 3.314515051561695708e-02
9.999502900851969800e-01 -6.064931375715993875e-03 -7.914162364919832826e-03 2.340778303956909667e+00 6.071207757100334154e-03 9.999812741522148274e-01 7.692732174333069333e-04 2.939442299568251205e-02 7.909348576247129947e-03 -8.172835008680609222e-04 9.999683866266866339e-01 1.344378936647409699e-02
9.999382125043549951e-01 -7.381527783972249672e-03 -8.311691835590578892e-03 2.603484155803865274e+00 7.397777217498769341e-03 9.999707813500297027e-01 1.925964291280585433e-03 3.749729267570604124e-02 8.297232420249149587e-03 -1.987333335270527902e-03 9.999636025578025889e-01 3.961149675304078896e-03
9.999215425924239398e-01 -9.358599294259018625e-03 -8.326180326949398844e-03 2.876324990802880510e+00 9.377369945206361079e-03 9.999535711022744522e-01 2.218236398419769131e-03 4.452591316297384999e-02 8.305034165981802288e-03 -2.296140034498862000e-03 9.999628763851405866e-01 9.013505319617351463e-03
9.999094238382651989e-01 -1.078757949747317056e-02 -8.048120775323295770e-03 3.179143357001446901e+00 1.080080195541808542e-02 9.999403875244082807e-01 1.601272823730063048e-03 4.363606925619914478e-02 8.030367149036885324e-03 -1.688053945191352176e-03 9.999663312718732877e-01 1.968275549678946690e-02
9.998956393112201635e-01 -1.213274319634896972e-02 -7.842641706584855751e-03 3.485789390208557492e+00 1.214052259283373084e-02 9.999258545105670359e-01 9.450886123049550723e-04 4.977554855265323847e-02 7.830593692646185475e-03 -1.040203751032710375e-03 9.999687994025499016e-01 2.036708446935847627e-02
9.998733341280069409e-01 -1.383538066606328394e-02 -7.867524487919301188e-03 3.816303793248226661e+00 1.384545112144003505e-02 9.999033943368684785e-01 1.226978749931353658e-03 5.080613520620845536e-02 7.849788722424472578e-03 -1.335752759342296019e-03 9.999682977882744517e-01 2.446286572100036735e-02
9.998514838575883745e-01 -1.528731974949724785e-02 -7.956637647606736377e-03 4.126492714185280519e+00 1.530762529286083286e-02 9.998797125409537578e-01 2.497410041021453416e-03 6.465808742940638842e-02 7.917501858038853910e-03 -2.618836363016774447e-03 9.999652268256290499e-01 3.675031169579699719e-02
9.998113673616086938e-01 -1.755268422320753127e-02 -8.314623928401418396e-03 4.457380069628189112e+00 1.757912602281377565e-02 9.998406140791820107e-01 3.117814304642318318e-03 7.056960953127736080e-02 8.258572684454349583e-03 -3.263390004973690424e-03 9.999605723541759028e-01 3.989124107936256602e-02
9.997756155370306486e-01 -1.951487640395110912e-02 -8.239428165236937010e-03 4.824482318447199880e+00 1.953763674430244318e-02 9.998055008096721208e-01 2.690966586277840009e-03 8.066020093284274883e-02 8.185311722791658792e-03 -2.851341729658682725e-03 9.999624345555894189e-01 3.816462311964365084e-02
9.997389456077420133e-01 -2.135970602722570347e-02 -8.111941416870313559e-03 5.218217904204863977e+00 2.136965185039143775e-02 9.997709914030822320e-01 1.141371408055070818e-03 8.657529066395085182e-02 8.085704354804219840e-03 -1.314422811945089925e-03 9.999664462759528805e-01 3.883309269469630703e-02
9.997007707172783642e-01 -2.313581053964165399e-02 -7.943758427433200361e-03 5.601198450244833538e+00 2.314324723684638499e-02 9.997318016428722309e-01 8.455124073959408536e-04 8.875035737037352546e-02 7.922066309607114429e-03 -1.029103770600612146e-03 9.999680903962963052e-01 5.520197793738328140e-02
9.996553503505370974e-01 -2.507672917794265960e-02 -7.767764754489049281e-03 5.986656997462703522e+00 2.508257121623631847e-02 9.996851678661634599e-01 6.555681375575751757e-04 1.050815034421166833e-01 7.748879707893034305e-03 -8.501777088742089273e-04 9.999696155689611343e-01 5.537952741733186829e-02
9.996006310068896727e-01 -2.733854879987736297e-02 -7.154176412754076515e-03 6.386321895267782267e+00 2.734252797260548068e-02 9.996260178244523731e-01 4.589689475985526046e-04 1.318036878048665095e-01 7.138953333323432189e-03 -6.543989183187640677e-04 9.999743032235179907e-01 4.976310445096418511e-02
9.995269076752979487e-01 -3.005587305640729928e-02 -6.527275685426321521e-03 6.823569509206339312e+00 3.006117087131100069e-02 9.995478051267382424e-01 7.150329824215114318e-04 1.571262212646634959e-01 6.502833144274200623e-03 -9.109122555093731493e-04 9.999784414675950694e-01 4.412950853806121843e-02
9.994526105827895579e-01 -3.256694909564362972e-02 -5.820053766805425091e-03 7.275415570220714834e+00 3.258032955337948622e-02 9.994666564727693325e-01 2.219172218749427584e-03 1.649180622860717815e-01 5.744678010118286007e-03 -2.407576737102824771e-03 9.999806009362456338e-01 5.676319449256465866e-02
9.993830244214466640e-01 -3.471457999750815482e-02 -5.335581865049149330e-03 7.727635473227627116e+00 3.472647416711277524e-02 9.993945351045588898e-01 2.152950316060448475e-03 1.718652930934342349e-01 5.257612591555568468e-03 -2.336907944096745272e-03 9.999834480485654264e-01 5.629253867927674904e-02
9.993104335425525564e-01 -3.693590869033919200e-02 -3.794214307940165301e-03 8.186330750725076655e+00 3.693944673254420663e-02 9.993171299385764650e-01 8.666524215051641961e-04 1.907349827969381795e-01 3.759612757875672659e-03 -1.006210984385041366e-03 9.999924263970031424e-01 5.236786623975998867e-02
9.992284314741882723e-01 -3.923747539799869039e-02 -1.721121153470827995e-03 8.647385795565925903e+00 3.923668703979738687e-02 9.992298248241957559e-01 -4.894608748868197216e-04 2.237768566462430275e-01 1.739000797720527750e-03 4.215521302248308156e-04 9.999983990837320036e-01 6.755604977203202854e-02
9.991628066908708750e-01 -4.089211395120913306e-02 -1.233183774897809440e-03 9.101733545042904439e+00 4.089103467737167930e-02 9.991632172021451819e-01 -8.880727858389442144e-04 2.485961625927368412e-01 1.268467041483874831e-03 8.369031367417018984e-04 9.999988452915855586e-01 8.536202424040684189e-02
9.990888192998433892e-01 -4.262453192104636440e-02 -2.163429813189172383e-03 9.596366688578504167e+00 4.262453266625191445e-02 9.990911605648381544e-01 -4.578415133727784068e-05 2.812867180114297372e-01 2.163415130879895159e-03 -4.647275104121885864e-05 9.999976587348866630e-01 6.664513771944169385e-02
9.990124597359595349e-01 -4.429084700611060632e-02 -3.525076423175950262e-03 1.010151416936892765e+01 4.429821473806225263e-02 9.990162690861431605e-01 2.040164753942193959e-03 3.000691008586569564e-01 3.431248071540651465e-03 -2.194304601464328215e-03 9.999917057475964377e-01 5.473326641549890875e-02
9.989169625254580298e-01 -4.637402673416022442e-02 -3.788353649287846524e-03 1.061343873446293173e+01 4.638309706903599033e-02 9.989209783162045220e-01 2.342517039668411041e-03 3.072302291507352234e-01 3.675633985731570786e-03 -2.515695580976451927e-03 9.999900804460746251e-01 6.089763880828206327e-02
9.988356999273316772e-01 -4.812297154068193722e-02 -3.379964611080890375e-03 1.113674077949178631e+01 4.812639194923953173e-02 9.988408134362907198e-01 9.379828768514819051e-04 3.227976657824732087e-01 3.330908078229541814e-03 -1.099556284967239924e-03 9.999938479947516612e-01 8.828223097482965076e-02
9.987580180122689333e-01 -4.971433188185486046e-02 -3.302523541952968530e-03 1.168411547848977428e+01 4.971457866927197350e-02 9.987634657982659148e-01 -7.373794365460376191e-06 3.604306610926639731e-01 3.298806441901625149e-03 -1.568189301878663503e-04 9.999945466270713235e-01 1.054240152220039806e-01
9.986819140416980378e-01 -5.117567921104664713e-02 -3.935025196689794641e-03 1.224317047521023127e+01 5.117692006721661496e-02 9.986895796639649880e-01 2.152278947281587138e-04 4.039809192028844809e-01 3.918854225951364650e-03 -4.163266758157596484e-04 9.999922345966766324e-01 9.399627798255401345e-02
9.985929889835403195e-01 -5.274343882806981076e-02 -5.492905743636334985e-03 1.281285898996435968e+01 5.274926268567699250e-02 9.986073640555084285e-01 9.207280959138020721e-04 4.366148737330194929e-01 5.436693759653928558e-03 -1.209179349318424343e-03 9.999844900028524997e-01 8.828372578998802678e-02
9.984804087416445650e-01 -5.471977482756382877e-02 -6.528369010644577246e-03 1.337641332378112224e+01 5.472177640646973956e-02 9.985016328193433433e-01 1.282342603706636069e-04 4.719743048912560246e-01 6.511570166923149293e-03 -4.852833460090013261e-04 9.999786817497837710e-01 7.796697270161608018e-02
9.983569909202558712e-01 -5.698318068967318795e-02 -6.019617856660505230e-03 1.396374038137632922e+01 5.697506523215574437e-02 9.983744577653635988e-01 -1.511298616379709754e-03 5.127471401054939371e-01 6.095951315731350413e-03 1.165847418974911426e-03 9.999807399032002442e-01 8.535140043787001196e-02
9.982780473547374633e-01 -5.844728248969564138e-02 -4.985512930719034064e-03 1.457899758753009145e+01 5.843577511414575071e-02 9.982882282317626643e-01 -2.423543005005169681e-03 5.406500178789696021e-01 5.118628373073509652e-03 2.128037466268630200e-03 9.999846354320253150e-01 1.129303548810188795e-01
9.981899757950091212e-01 -5.995706447706546094e-02 -4.682162070248485110e-03 1.522040731187097329e+01 5.995306308544526286e-02 9.982007058783612941e-01 -9.904597991961465019e-04 5.729385967933783297e-01 4.733122545601272692e-03 7.079570850116446946e-04 9.999885481082941840e-01 1.171574663975505082e-01
9.980619663076600867e-01 -6.216196370864215948e-02 -2.863857184396930051e-03 1.586504601637039436e+01 6.216291881632110550e-02 9.980659853911065804e-01 2.456206729101688261e-04 6.225764915175697745e-01 2.843050179408987410e-03 -4.231703734257379794e-04 9.999958689877235241e-01 1.001008066472416358e-01
9.979257880629255339e-01 -6.436415769822946553e-02 -1.173338308602936940e-03 1.650515368339497257e+01 6.436329654494306329e-02 9.979262458782328649e-01 -7.575257384093333482e-04 6.627178404183853289e-01 1.219662599536690522e-03 6.804345479759307423e-04 9.999990247155090550e-01 1.026256503534711401e-01
9.977975899051181319e-01 -6.632936363173834449e-02 -6.205640549464230523e-04 1.714672178122604151e+01 6.632818039995298787e-02 9.977963009544585926e-01 -1.764734096341278279e-03 7.098982599382790415e-01 7.362502081203881445e-04 1.719686543566501273e-03 9.999982503053806981e-01 1.209148976189411556e-01
9.976965198293571424e-01 -6.781730875226749111e-02 -1.570654000317575497e-03 1.780660753329161494e+01 6.781568095733156443e-02 9.976972957129387476e-01 -1.067493972981343586e-03 7.524601672726465296e-01 1.639431816974414339e-03 9.585200512024070378e-04 9.999981967496885948e-01 1.233526530138472355e-01
9.975864521904106441e-01 -6.937905161781784957e-02 -2.795997632634266306e-03 1.846605972980660582e+01 6.937770621157959838e-02 9.975902980325230818e-01 -5.754582534797498226e-04 8.085438198593644099e-01 2.829184859509917879e-03 3.800894551473816565e-04 9.999959256142181285e-01 1.108058921113746764e-01
9.974148187773309582e-01 -7.172066166605213511e-02 -4.452636698385065324e-03 1.914233327790676142e+01 7.171636286209419342e-02 9.974244400115730436e-01 -1.117929081966754926e-03 8.714658469838197918e-01 4.521347278916080549e-03 7.957121235413183030e-04 9.999894620749759655e-01 1.198153555254976577e-01
9.972406919192694508e-01 -7.370627568047373457e-02 -8.853660581410377484e-03 1.982320450028862879e+01 7.368596260467800974e-02 9.972781065152389601e-01 -2.599457712988865327e-03 9.190365239008748688e-01 9.021158207170840854e-03 1.939894505799580338e-03 9.999574268507173125e-01 1.466121416151258405e-01
9.970893568070074986e-01 -7.524198259149461609e-02 -1.230685166439405079e-02 2.052117018181866470e+01 7.520553605143059928e-02 9.971622620742516263e-01 -3.398594147364693806e-03 9.584709311178380986e-01 1.252764500635101044e-02 2.463158675917726751e-03 9.999184921582019436e-01 1.623822471526110423e-01
9.969612170760570047e-01 -7.695834362609552115e-02 -1.207248907868213594e-02 2.121405668836472103e+01 7.691951466288274308e-02 9.970306278860663340e-01 -3.649016462417743138e-03 1.004781249909270535e+00 1.231746362907815140e-02 2.709317892797378710e-03 9.999204666803765962e-01 1.518877023538529325e-01
9.968030472785001095e-01 -7.946410032138363777e-02 -8.315148610182397301e-03 2.191829536143384161e+01 7.943924454839791649e-02 9.968343181578158685e-01 -3.278500941320833077e-03 1.062814154491552143e+00 8.549348622916950677e-03 2.607470604913486676e-03 9.999600540697455298e-01 1.486426858271359397e-01
9.965769501718824142e-01 -8.262337844113676333e-02 -2.785627592151759639e-03 2.264168458174894738e+01 8.261390541822488665e-02 9.965759651129929564e-01 -3.359820033154266132e-03 1.126750071111500384e+00 3.053689188187440080e-03 3.118187627338848533e-03 9.999904758987770981e-01 1.645067526876232700e-01
9.963074302231369472e-01 -8.585717314715224369e-02 2.242796225534523374e-04 2.335471495221883487e+01 8.585735147301989945e-02 9.962984327496806625e-01 -4.236519629162994495e-03 1.198857189707806192e+00 1.402861628946619162e-04 4.240132039203068498e-03 9.999910007595481654e-01 1.902652546624595264e-01
9.960360344112474396e-01 -8.894043305562518431e-02 1.348155107631485508e-03 2.406371898387173758e+01 8.894549236445592477e-02 9.960270928551504532e-01 -4.327780789511201896e-03 1.273329928357601393e+00 -9.578843149830692421e-04 4.430537935217855432e-03 9.999897263428478844e-01 1.930129906312449961e-01
9.957842183240041001e-01 -9.172338078838533637e-02 7.822746327566270546e-04 2.477474047096560739e+01 9.172558151939123883e-02 9.957781098536285791e-01 -3.517617270872958838e-03 1.348453088593911442e+00 -4.563242067887544450e-04 3.574542360036716149e-03 9.999935071864889391e-01 1.621672314909540780e-01
9.955248570289549903e-01 -9.449170267528970990e-02 1.255851505354149255e-03 2.550659850347099677e+01 9.449447059185468734e-02 9.955225752587879562e-01 -2.365835513301739815e-03 1.410879488217514410e+00 -1.026676698851238835e-03 2.473919084274162506e-03 9.999964128232263771e-01 1.454107629922871681e-01
9.952435134581537612e-01 -9.739463374330294132e-02 2.152727915353872239e-03 2.625559972692038002e+01 9.739837501549176990e-02 9.952440114185613362e-01 -1.707126191043272347e-03 1.486423725614002267e+00 -1.976224635839244920e-03 1.908678469096295903e-03 9.999962257342226435e-01 1.561797996445310477e-01
9.949119074961090270e-01 -1.007248480215012926e-01 2.191189973328487323e-03 2.697923740445061469e+01 1.007275302159266056e-01 9.949133842856942023e-01 -1.149967732658285389e-03 1.567101148134211641e+00 -2.064213906875489706e-03 1.364829744705310785e-03 9.999969381256698098e-01 1.808862216002637413e-01
9.945310431506931836e-01 -1.044370324762646379e-01 9.541787808092672563e-04 2.769206832447324373e+01 1.044363050787243813e-01 9.945312691218869405e-01 7.828922738933091676e-04 1.652396298771309446e+00 -1.030723579681427308e-03 -6.789597635774891364e-04 9.999992383109808092e-01 1.938864140002825864e-01
9.941577079375225612e-01 -1.079331661152291982e-01 -9.398940120578767616e-04 2.841087886616455904e+01 1.079354274507064032e-01 9.941538718802528374e-01 2.832406491879096034e-03 1.744380062704769641e+00 6.286886708505630026e-04 -2.917306607863707438e-03 9.999955470264408897e-01 1.847432362496630176e-01
9.937377924951001917e-01 -1.117282591499961369e-01 -1.412754145832260336e-03 2.914037560168898011e+01 1.117324087847854502e-01 9.937328070964130955e-01 3.313144644087338223e-03 1.836911025079429605e+00 1.033728259678975189e-03 -3.450247468566847251e-03 9.999935135781085060e-01 1.652679614399014119e-01
9.933705291139991456e-01 -1.149559278960122916e-01 -3.557096291218395903e-04 2.988127708340574884e+01 1.149564477033221815e-01 9.933632545477740772e-01 3.802584080266825650e-03 1.929793540906430405e+00 -8.378070649122533171e-05 -3.818266075192839216e-03 9.999927068858913692e-01 1.595132336986735677e-01
9.929843211182627361e-01 -1.182428409085718723e-01 8.766910363275425087e-04 3.063094475307291376e+01 1.182377538602675249e-01 9.929750596117485895e-01 4.512709953359147867e-03 2.031908761836056510e+00 -1.404127979140001739e-03 -4.377392250475161360e-03 9.999894333750251052e-01 1.732296184618193624e-01
9.925407047764388535e-01 -1.219010083140339984e-01 1.758844481992391170e-03 3.135648511111648418e+01 1.218867768632384829e-01 9.925214299826371489e-01 6.695121441181102993e-03 2.120677304474465785e+00 -2.561832894849043821e-03 -6.430800668879994332e-03 9.999760406204620811e-01 1.945437673163051828e-01
9.921220220894034769e-01 -1.252718153874324281e-01 9.303519604228621676e-04 3.207266942347030891e+01 1.252565834805718925e-01 9.920749443102114817e-01 9.904199445962042284e-03 2.214951417633457709e+00 -2.163695913880274609e-03 -9.709641673507591469e-03 9.999505194151180332e-01 2.302138539569381637e-01
9.916797061317492723e-01 -1.287172827790805940e-01 -1.794870585179378971e-03 3.280371265853987239e+01 1.287294516160142066e-01 9.916129167431556590e-01 1.151310708590883372e-02 2.324341985782427233e+00 2.978809957034542991e-04 -1.164836735776928964e-02 9.999321110979538796e-01 2.283799344138446319e-01
9.911980006026264167e-01 -1.323515249532054849e-01 -3.097974163382206936e-03 3.353743657383488141e+01 1.323835111558026301e-01 9.910825051286296095e-01 1.516819046628280730e-02 2.439443499723983333e+00 1.062814855675404914e-03 -1.544480076015783410e-02 9.998801570958699703e-01 2.279890129834943047e-01
9.907250503932700791e-01 -1.358808692058737777e-01 -5.137189005194700044e-04 3.424841606529275850e+01 1.358672294913022549e-01 9.905560022126745912e-01 1.840930283312689278e-02 2.544495872626216126e+00 -1.992604730079779434e-03 -1.830835504080551013e-02 9.998304024493801512e-01 2.063543364846623929e-01
9.901688087752007483e-01 -1.397638419060886761e-01 5.639026897422537432e-03 3.497140285517842528e+01 1.396292839414158549e-01 9.900086865781019263e-01 1.965867660624793026e-02 2.633539591160334759e+00 -8.330257781574437748e-03 -1.867803510949192156e-02 9.997908470323886299e-01 2.011729555892803056e-01
9.896633211991181511e-01 -1.432324965223612523e-01 7.138810342267118067e-03 3.568271494926779042e+01 1.430644139687783367e-01 9.895076594793189573e-01 2.017833708535680254e-02 2.734179601122907588e+00 -9.954101109648895787e-03 -1.894845037811885083e-02 9.997709098085255652e-01 2.702894374830455138e-01
9.892659960426826160e-01 -1.460819268703826834e-01 -3.586044550102510890e-03 3.639640521721777588e+01 1.461214236805817301e-01 9.891303719792128302e-01 1.642062026307520434e-02 2.856877539124420995e+00 1.148309731340048986e-03 -1.676835919523271892e-02 9.998587417803880273e-01 3.087236894918980457e-01
9.886901777504003563e-01 -1.487739216172357382e-01 -1.892227963302241939e-02 3.711442904790855835e+01 1.490080973984023727e-01 9.887676186877780715e-01 1.162682863935462704e-02 2.974797787903051827e+00 1.697996848023944003e-02 -1.431490416067418212e-02 9.997533516769427919e-01 2.903331183327395593e-01
9.881006056384045166e-01 -1.520953946562425552e-01 -2.289506631088936844e-02 3.783904088876679594e+01 1.523915511169419701e-01 9.882498746458490135e-01 1.178984353739197244e-02 3.094196452779123696e+00 2.083286550598983239e-02 -1.513856620772071129e-02 9.996683527690489734e-01 2.428163041529572685e-01
9.878330513889592712e-01 -1.552049871474999176e-01 -9.862786022325641458e-03 3.855967960581538279e+01 1.553488587857598247e-01 9.877294358019885756e-01 1.604037793343204496e-02 3.213901744169408214e+00 7.252217422268082518e-03 -1.737738803243073574e-02 9.998227001461961194e-01 1.789288781999216482e-01
9.873970365684247019e-01 -1.580375595431777191e-01 8.439309778029320530e-03 3.928882873783583562e+01 1.579034379608046934e-01 9.873448984692955177e-01 1.471583320151706974e-02 3.303633361945782276e+00 -1.065816382175151580e-02 -1.319777406584612262e-02 9.998561007983376436e-01 2.168622881021817217e-01
9.868811752184697417e-01 -1.607423710167156516e-01 1.508098668312178418e-02 3.998614795158153612e+01 1.606078175223739912e-01 9.869701151132067585e-01 9.752990522051242089e-03 3.413720936220236979e+00 -1.645220198367951941e-02 -7.202918391036351731e-03 9.998387085007962582e-01 3.576313599387820341e-01
9.865288778136662717e-01 -1.634729375435588494e-01 6.113258589975470274e-03 4.068855100417086135e+01 1.634171282100523870e-01 9.865184592237646877e-01 8.727646781839995885e-03 3.541006327215334260e+00 -7.457576502289018153e-03 -7.611064422863442896e-03 9.999432265139174270e-01 4.617216461795815574e-01
9.859538425064288125e-01 -1.666107883935405709e-01 -1.165614162967204548e-02 4.138858756004388084e+01 1.667236260155394445e-01 9.859580512106219663e-01 9.484396722144797925e-03 3.691021399876476927e+00 9.912263870512794811e-03 -1.129453158990364157e-02 9.998870839155419299e-01 3.659607150660475483e-01
9.852199908385795846e-01 -1.701562468098349878e-01 -1.970840743488915317e-02 4.209089933808500916e+01 1.703571884063881381e-01 9.853412958264430310e-01 8.997727342854127536e-03 3.823631116650234141e+00 1.788848820609088841e-02 -1.222220972887005236e-02 9.997652822433094055e-01 2.027483607080910466e-01
9.846894427510558545e-01 -1.738411055579574815e-01 -1.288298695964170196e-02 4.277822970896146870e+01 1.739739154690038425e-01 9.846993018772759454e-01 1.001806462293537356e-02 3.936310638619694657e+00 1.094431683565108733e-02 -1.210598615530728180e-02 9.998668246462667497e-01 2.185644387418036461e-01
9.843205440127469341e-01 -1.763833062152037612e-01 -1.412771405243532473e-03 4.349399126737585419e+01 1.763863958704541823e-01 9.842314196643650037e-01 1.327975516716859566e-02 4.054342929221234293e+00 -9.518331162695702714e-04 -1.332072948686322672e-02 9.999108221134805907e-01 3.482977261168965777e-01
9.838674823822413096e-01 -1.787806819903429989e-01 6.499604441652620697e-03 4.421694635318148414e+01 1.786694395351412779e-01 9.837965231868597282e-01 1.488732150674335585e-02 4.193417156033634186e+00 -9.055853743772792480e-03 -1.348587084746439430e-02 9.998680526951828629e-01 4.171851969302738938e-01
9.832991366517838117e-01 -1.818744632849216836e-01 6.669892403797869455e-03 4.492548381054658080e+01 1.817853489282124091e-01 9.832631081097954473e-01 1.215512835443232839e-02 4.330290524308747280e+00 -8.768966581337918342e-03 -1.073963849886689671e-02 9.999038780752923516e-01 3.866530684104319548e-01
9.827104869656003716e-01 -1.851475359351973937e-01 6.991029663030112968e-04 4.559944741576192229e+01 1.851268885887835114e-01 9.826450507216537567e-01 1.169356291618117889e-02 4.453115699047997644e+00 -2.852004430016626905e-03 -1.136196415076842596e-02 9.999313835665764039e-01 3.583960080009046534e-01
9.821894063082984294e-01 -1.878643760052159384e-01 -3.308528966618471713e-03 4.627988252128064772e+01 1.878907629327688511e-01 9.821179538657917041e-01 1.189058026391152240e-02 4.580991051278647141e+00 1.015549257381362022e-03 -1.230044400179554180e-02 9.999238309676715675e-01 3.131897949113095492e-01
9.814446244615750992e-01 -1.917457773820344380e-01 -7.727636766696715359e-05 4.700236173724130850e+01 1.917346210997407929e-01 9.813830115895303408e-01 1.119015796145831319e-02 4.735099810651187902e+00 -2.069827822921879289e-03 -1.099733693322375340e-02 9.999373852362759552e-01 2.899988147994647658e-01
9.805130211842411070e-01 -1.963146389037015993e-01 7.401205324897774593e-03 4.770219964344393304e+01 1.962718408137108517e-01 9.805303613596296763e-01 6.129841396920169064e-03 4.880712984566629054e+00 -8.460484132092178228e-03 -4.557741114116498071e-03 9.999538225359145827e-01 3.275461013069245197e-01
9.796031656084390749e-01 -2.006714894525960802e-01 1.042071258608534730e-02 4.835936573831970264e+01 2.006484997243729584e-01 9.796580157641470166e-01 3.217406939253468316e-03 5.011031441490049865e+00 -1.085437645760795392e-02 -1.060881676286341228e-03 9.999405267523591156e-01 4.350366877979157110e-01
9.789043987212944220e-01 -2.042504486144292863e-01 5.285111626583778241e-03 4.902703987090485072e+01 2.042365235901660581e-01 9.789167940803574774e-01 3.058218311157664005e-03 5.146882241879683129e+00 -5.798326991867029830e-03 -1.914290531642807384e-03 9.999813572741522716e-01 4.725591413533850593e-01
9.782977209767032001e-01 -2.071549297571346759e-01 -4.517101848011902815e-03 4.971825262038681359e+01 2.071737897964214814e-01 9.782951238542886285e-01 4.203744082390971359e-03 5.299937826642601379e+00 3.548232401758567942e-03 -5.048338364121435565e-03 9.999809619820692053e-01 3.833840588270666094e-01
9.774650846284107519e-01 -2.106472101949264375e-01 -1.377538273400992150e-02 5.041565791078983239e+01 2.106973525025904737e-01 9.775486837221296632e-01 2.279605564790959746e-03 5.456447203285887504e+00 1.298591470683190321e-02 -5.130671518073577804e-03 9.999025163629705615e-01 3.018282230225786678e-01
9.767046987527681079e-01 -2.139944636671041456e-01 -1.594681642500720559e-02 5.109545591169410272e+01 2.140019437455921436e-01 9.768324271994272001e-01 -1.255884064746518123e-03 5.599016000012998262e+00 1.584611963140697757e-02 -2.186021844379026566e-03 9.998720527153076576e-01 3.208631903976077449e-01
9.761268299515559743e-01 -2.168909965963136677e-01 -1.160635361274058898e-02 5.175950084487796943e+01 2.168827217973541832e-01 9.761956547441255072e-01 -1.982080840834774850e-03 5.752249580555214514e+00 1.175996745308425726e-02 -5.824552738019693303e-04 9.999306795530160663e-01 4.038534712810750715e-01
9.755100271123088307e-01 -2.198441681718178720e-01 -6.980596262782123688e-03 5.242383386616029384e+01 2.198374291947942372e-01 9.755349911245854155e-01 -1.727951555733530514e-03 5.906943818593266116e+00 7.189695985668908759e-03 1.510377323255624935e-04 9.999741423953106834e-01 4.542346745254994267e-01
9.748164278441060482e-01 -2.228683049044414832e-01 -7.915217891987737578e-03 5.309878823868773878e+01 2.228672197480432438e-01 9.748482657570433085e-01 -1.030103034824084033e-03 6.054371311720325721e+00 7.945713752341532904e-03 -7.598812445686880124e-04 9.999681435993148515e-01 4.679457644900035795e-01
9.741226557250817208e-01 -2.256679322386997144e-01 -1.261094612721072074e-02 5.379772817139065921e+01 2.256771723331766066e-01 9.742018877805972421e-01 -7.040826813996643122e-04 6.221472616636069652e+00 1.244449640666463880e-02 -2.160139770979862574e-03 9.999202309711281433e-01 4.570617654763232673e-01
9.734283406694963503e-01 -2.284879053566897245e-01 -1.518363221181033389e-02 5.448477575599569889e+01 2.285264547270935975e-01 9.735373484749568762e-01 8.310320187480236360e-04 6.398364776205473170e+00 1.459195227845670219e-02 -4.278811758298223245e-03 9.998843766649423426e-01 4.320311782925422284e-01
9.727313675398751025e-01 -2.314675047438870537e-01 -1.471328826751589804e-02 5.515419249031736371e+01 2.315078365072446576e-01 9.728324435261472836e-01 1.076317183911767788e-03 6.566248302853265884e+00 1.406443172471905957e-02 -4.453209020933191452e-03 9.998911744233351939e-01 4.451689032739072349e-01
9.720771607332466813e-01 -2.344070995243016098e-01 -1.092269533558259779e-02 5.583141135421993084e+01 2.344426728374872648e-01 9.721277195684261407e-01 2.080865086071914238e-03 6.733677735161752942e+00 1.013048535879309230e-02 -4.583507313801265907e-03 9.999381804527215367e-01 4.708078374757677098e-01
9.714956909477928670e-01 -2.369331767216121543e-01 -7.667609697683504429e-03 5.650743149121177566e+01 2.369565564755102549e-01 9.715175560982536318e-01 2.286599253294429972e-03 6.901040801503975253e+00 6.907446209636432591e-03 -4.038311711861290558e-03 9.999679891003405707e-01 5.016324136396033140e-01
9.708446146268273624e-01 -2.395790414584264838e-01 -7.913099515901054343e-03 5.719894235149061501e+01 2.396000923973494456e-01 9.708699714811305226e-01 1.814992950485462336e-03 7.082463692743488970e+00 7.247756429999095522e-03 -3.658055506723780458e-03 9.999670437852645755e-01 5.115483851008029159e-01
9.702137505709746979e-01 -2.420859777434357374e-01 -8.925109691604279569e-03 5.790554815028214364e+01 2.421099990521294043e-01 9.702473167222613881e-01 1.700809286665150993e-03 7.250258020114590529e+00 8.247821650613456138e-03 -3.811006855995802915e-03 9.999587239805267647e-01 5.145747583032647121e-01
9.695044775375876167e-01 -2.448871868062734436e-01 -9.556870443757879696e-03 5.858957793734202824e+01 2.449151440888835130e-01 9.695427420994857659e-01 1.855650325804180214e-03 7.418845015063049608e+00 8.811369387948212936e-03 -4.139683601382987584e-03 9.999526102717015696e-01 5.161643007692553464e-01
9.687595227658404307e-01 -2.477971423225914238e-01 -1.007786223653181837e-02 5.926251895671724412e+01 2.478195862921170334e-01 9.688056595629955803e-01 1.023058509200668476e-03 7.580229937673684582e+00 9.509978996039475385e-03 -3.488589323301037257e-03 9.999486937058461589e-01 5.102177043214547458e-01
9.679457481437744315e-01 -2.509656219299646329e-01 -9.863329037135572935e-03 5.995613533790379535e+01 2.509699447471752665e-01 9.679945346716816168e-01 -8.171164876175090888e-04 7.760161319409778713e+00 9.752716749119890935e-03 -1.684474713545581169e-03 9.999510223310693613e-01 5.414790933439846965e-01
9.672222999230464247e-01 -2.537799117553134476e-01 -8.762358189293141530e-03 6.066128492479320755e+01 2.537804668868950397e-01 9.672612554008136465e-01 -1.066970998343094376e-03 7.960972248839753185e+00 8.746265388252271941e-03 -1.191717209340424893e-03 9.999610405670068536e-01 5.786386317348177766e-01
9.665784670593932093e-01 -2.562603671517931225e-01 -7.529358826730296085e-03 6.137657956555732852e+01 2.562614431845624541e-01 9.666071439314448677e-01 -8.378768765276763814e-04 8.156389542428794215e+00 7.492646667147767094e-03 -1.119610612293695613e-03 9.999713029472386827e-01 5.738236234688842696e-01
9.657409988710941029e-01 -2.594182601082674622e-01 -6.818315177572994643e-03 6.209138029661859548e+01 2.594206379389372708e-01 9.657642732591367185e-01 -5.487327275750093726e-04 8.349153505337989500e+00 6.727236491772496142e-03 -1.238877980593175226e-03 9.999766044615908678e-01 5.715181259705154337e-01
9.646129956117555082e-01 -2.635854526908369411e-01 -6.669169864520280849e-03 6.278070469795764552e+01 2.635858720420851120e-01 9.646355768521260865e-01 -8.318238872844455501e-04 8.538631980703845770e+00 6.652575195275259486e-03 -9.555108228015079348e-04 9.999774148661252360e-01 5.703407981233538093e-01
9.634469461635172260e-01 -2.678119852165943837e-01 -6.835386056350045876e-03 6.347620285707733956e+01 2.678120632505799903e-01 9.634707316170481040e-01 -9.209206140508367474e-04 8.729076122917417635e+00 6.832327982472387318e-03 -9.433406895990409336e-04 9.999762144184647372e-01 5.870631639451425743e-01
9.624133245163519756e-01 -2.715030168184852100e-01 -6.834080175451889318e-03 6.418699610769087371e+01 2.714962491027029801e-01 9.624375884955147509e-01 -1.917022196368819856e-03 8.925134374424775530e+00 7.097852953269052217e-03 -1.045942852337505813e-05 9.999748098697557319e-01 6.043918144916772262e-01
9.614621328773020892e-01 -2.748506758844568298e-01 -6.904564351687679166e-03 6.490062169973839445e+01 2.748435910642635371e-01 9.614869244902800594e-01 -1.973444988459120090e-03 9.128765594658522886e+00 7.181051032348195230e-03 -2.826334322126084916e-07 9.999742159205861070e-01 6.209013903461687578e-01
9.604379782836401924e-01 -2.783963753621808146e-01 -7.372113376332251403e-03 6.562867780176337362e+01 2.783846890823545306e-01 9.604661738116505587e-01 -2.587247210649066317e-03 9.346222314129905229e+00 7.800945773082138338e-03 4.326069901656557238e-04 9.999694785823403098e-01 6.274826800192222498e-01
9.590828510269812091e-01 -2.830016179950136102e-01 -8.376698523993472006e-03 6.634979516956768464e+01 2.829808023091803793e-01 9.591188226399055550e-01 -3.598552805522525506e-03 9.571996226340450775e+00 9.052645492345422901e-03 1.080865415269885183e-03 9.999584398061471813e-01 6.305872185586156586e-01
