1.000000000000000000e+00 -1.123966364506625005e-19 0.000000000000000000e+00 0.000000000000000000e+00 0.000000000000000000e+00 1.000000000000000000e+00 0.000000000000000000e+00 0.000000000000000000e+00 0.000000000000000000e+00 0.000000000000000000e+00 1.000000000000000000e+00 0.000000000000000000e+00
9.999999973271355147e-01 9.761115094424044868e-05 -3.785988283086431878e-05 3.329884917848691117e-04 -9.761027766109955234e-05 9.999999977736725443e-01 5.899564726135676264e-05 9.236381749969276023e-04 3.786036991269858300e-05 -5.899178495813328123e-05 9.999999997630850679e-01 -1.452502646688280663e-04
9.999999957217317048e-01 2.981683210237097873e-05 -1.269660816267749231e-04 2.879913153074342702e-03 -2.981535628039395230e-05 1.000000004665781761e+00 2.048905347482939227e-05 1.041313262734506334e-03 1.269580513385290088e-04 -2.048514197134027056e-05 9.999999944281933173e-01 -1.111793190934573516e-03
9.999999871636962023e-01 1.881210493087256378e-04 -8.360424024267573662e-05 -1.144748965089092962e-03 -1.881315816860329102e-04 9.999999828923081813e-01 -1.099339367677379983e-04 3.607884573138230022e-04 8.357698377823678533e-05 1.099475120258586793e-04 9.999999965264056989e-01 -2.298181140379274012e-03
1.000000001582524112e+00 1.179069288553830634e-04 -2.962399598814598940e-05 -1.149669243440731847e-03 -1.179109965142172145e-04 9.999999957411092044e-01 -9.653040752139388091e-05 -1.109478113538186345e-03 2.960809650644164397e-05 9.653162809936403823e-05 1.000000001542718397e+00 -1.678537659896228718e-03
1.000000007274552072e+00 5.256827173629666087e-05 -4.243589810620543540e-05 1.142636295503374200e-03 -5.256771858835277561e-05 1.000000005589292362e+00 5.922263591525822585e-05 -1.644373882113626256e-03 4.243515267541106704e-05 -5.921697817854107291e-05 1.000000005094703770e+00 -1.094790737758755128e-03
9.999999691854951633e-01 2.914511228441933393e-04 -2.353925993294037853e-05 2.248079739854969006e-04 -2.914546364916033652e-04 9.999999672627184477e-01 -6.692762359055421241e-05 2.180663815446990533e-03 2.351908401799840599e-05 6.693392667932934542e-05 1.000000006259731400e+00 -3.471911292640683655e-04
1.000000008777849114e+00 1.064188556874037968e-04 2.872996682786188932e-05 -2.418777959518170206e-03 -1.064176816209481957e-04 1.000000002397117393e+00 -1.168717640852372062e-04 2.384509761812723949e-03 -2.874069163238446073e-05 1.168665331880718212e-04 1.000000001844431274e+00 -6.289222569129115925e-04
1.000000002949832156e+00 1.786551313590765326e-04 -1.961207509690439751e-05 -2.181673018578855761e-03 -1.786608407134343893e-04 9.999999923164629712e-01 -1.309599288337408686e-04 1.140736597535923352e-03 1.958837580177047994e-05 1.309568901621870692e-04 1.000000003204907451e+00 -1.852658756902769710e-03
1.000000015025364508e+00 -3.705222956232585803e-05 -1.025018251489092969e-04 4.512934757604947222e-03 3.703957123502542303e-05 1.000000014917616253e+00 -8.649068683437373850e-05 3.764232102531246682e-04 1.025040644210712808e-04 8.648285688055387427e-05 1.000000003979038210e+00 -1.539904649499712619e-03
1.000000011549979417e+00 -7.318846866848195763e-05 -1.215456169362574677e-04 6.207990122913509268e-03 7.317069355244811696e-05 1.000000010597586142e+00 -1.176498462820359426e-04 1.506014609510063912e-03 1.215523118116821374e-04 1.176362404906937349e-04 9.999999990901569102e-01 -1.181752172575656346e-03
1.000000008627933701e+00 1.499173549210911145e-04 -9.713149452182956195e-05 2.752675153005590403e-03 -1.499242235351132269e-04 1.000000011621932527e+00 -3.811794345910868358e-05 8.979331446685896723e-04 9.712227623683819576e-05 3.813137515023817673e-05 1.000000008671483087e+00 -1.029862689267302400e-03
9.999999828286993964e-01 2.880639643953652931e-04 6.078913319229403705e-05 -2.736415555814275535e-03 -2.880668728358331404e-04 9.999999828118312228e-01 4.150733537467187716e-06 8.779927421002989285e-04 -6.078631233068831408e-05 -4.166782866521690941e-06 1.000000013541832100e+00 2.429457686208280620e-04
9.999999989630341535e-01 2.290912003762979982e-04 -7.190705237834500285e-05 -2.677133923172370089e-03 -2.290966265947255720e-04 9.999999977585765087e-01 -4.899478508954441957e-05 -1.344718222203385855e-03 7.189235235496216532e-05 4.901175662143211537e-05 1.000000012752921386e+00 -7.111360615572603905e-04
1.000000023636171909e+00 -6.795259458634663233e-05 -9.519251745298290697e-05 1.673199437304262460e-03 6.793937408129495370e-05 1.000000018588720785e+00 -1.182942267816399379e-04 -1.317051116534032063e-03 9.519551673305387367e-05 1.182854640661979551e-04 1.000000005134587422e+00 -9.372120802162431374e-04
1.000000016669627900e+00 -1.612324675356019801e-04 -7.532516634629978674e-05 5.810671216309959419e-03 1.612288808049448449e-04 1.000000018913911326e+00 -3.133701448205015685e-05 1.212809442185564662e-03 7.532884299434817652e-05 3.132552351756026469e-05 1.000000016456772167e+00 -7.925294866635290703e-04
1.000000027961762905e+00 -1.245302720860289752e-04 -2.646306626660525435e-05 5.481201373910726815e-03 1.245330665877765475e-04 1.000000025798953418e+00 8.198866692256693775e-05 -1.561394007260890476e-03 2.645112006402722347e-05 -8.198573629354384378e-05 1.000000018373524480e+00 5.362228478025254930e-04
1.000000018144824088e+00 2.128600520084674840e-04 -2.546255550085490093e-05 2.596789083011419308e-04 -2.128565248151262357e-04 1.000000014340959531e+00 1.045621068573855629e-04 2.252672693309649976e-04 2.548488821567812342e-05 -1.045492952761269183e-04 1.000000016924565749e+00 -4.403378429489457346e-04
1.000000026005859022e+00 1.790582679002008896e-04 -5.663950694812620938e-05 -7.845252933846857957e-04 -1.790497005774629308e-04 1.000000022693906976e+00 1.154487855289179236e-04 1.096468412825787192e-03 5.665670776828253400e-05 -1.154288625410981092e-04 1.000000016013892434e+00 1.579987183892850311e-04
1.000000037846147549e+00 3.537643153607101170e-05 -1.114745430198255539e-04 2.682029359142523717e-03 -3.536321253242227791e-05 1.000000041522574490e+00 9.912978876088571342e-05 -1.967168303916681793e-04 1.114714702361100371e-04 -9.911635152001622463e-05 1.000000013923592723e+00 4.117165920858312234e-05
1.000000024989512237e+00 1.199428067801709067e-05 -1.993790962804766365e-04 6.175910598037459565e-03 -1.201403567443852516e-05 1.000000042208073703e+00 -1.115903977567376154e-04 1.937327487495196093e-03 1.993680535857357626e-04 1.115952958971307498e-04 1.000000000511557241e+00 -2.568760033803574316e-03
1.000000038165082206e+00 1.303670036020950428e-04 -1.271303486539104444e-05 3.780280338504748983e-03 -1.303640784540375380e-04 1.000000038364523114e+00 -7.426768314506869753e-05 2.522129577991805149e-03 1.269915697512317023e-05 7.427465643238703144e-05 1.000000025421490024e+00 -1.455954040310736275e-03
1.000000028803275987e+00 1.936350747228107554e-04 -2.928562041565986796e-05 6.595302010425907469e-04 -1.936338982776331791e-04 1.000000033278209743e+00 -2.892414655012418123e-05 2.843904501010536406e-03 2.927347718670362964e-05 2.893588377323158190e-05 1.000000029851381367e+00 -8.977673609757985673e-04
1.000000048161854949e+00 -2.162746809176903519e-05 -7.238684905304268403e-05 -1.920408292083175539e-03 2.162878118890793067e-05 1.000000055241215380e+00 -8.725401428488713471e-06 1.010513120261007092e-04 7.237934536150081050e-05 8.731372163166695115e-06 1.000000028228376081e+00 -4.675102935547403860e-04
1.000000044772484831e+00 3.940710450243735407e-05 -1.102816158675041944e-04 1.890341013617957699e-03 -3.937769044661757617e-05 1.000000024729918113e+00 2.498855126722971764e-04 -1.890963030438962827e-03 1.102813911801089452e-04 -2.498650454665587344e-04 9.999999942532582509e-01 -3.249222523231676263e-04
1.000000035152838196e+00 -1.321084460810725283e-04 -1.340395065996336844e-04 8.708075359779687830e-03 1.321147019140329892e-04 1.000000050288396558e+00 3.200211673331157113e-05 -2.455413655695674879e-03 1.340231743352781615e-04 -3.201048204322411704e-05 1.000000024005051058e+00 -1.368890211912665578e-03
1.000000052584584243e+00 2.695588661410188415e-05 -7.315900967431037967e-05 4.542019784460116227e-03 -2.696147121617441245e-05 1.000000056650529823e+00 -9.965756496524792241e-05 1.312815744059545042e-03 7.314685385449362772e-05 9.966630367537720721e-05 1.000000026365843286e+00 -1.657960056197671506e-03
1.000000038161999560e+00 1.577536016483090597e-04 -1.065792067885817115e-04 -1.711395482950628377e-03 -1.577549185056972489e-04 1.000000050284580055e+00 -2.620021496630754132e-05 2.526416318004150868e-03 1.065636183263045351e-04 2.622591252386854814e-05 1.000000028570610322e+00 -2.035908169909284027e-03
1.000000021517209348e+00 7.112941685895364931e-05 -2.595455729497219235e-04 -6.813062183523843629e-04 -7.114228419270729464e-05 1.000000060168916738e+00 -5.516571436906432129e-05 1.532517293004593412e-03 2.595253062293681229e-04 5.519310936405019669e-05 9.999999998244051280e-01 -3.370430220200448801e-03
1.000000048291636690e+00 1.388001863530727428e-04 -5.092559603777318508e-05 6.931869525534928300e-04 -1.387995990573508143e-04 1.000000054304976294e+00 -3.635922257488611578e-05 5.492688615716910527e-04 5.091104867602923203e-05 3.637629036403914007e-05 1.000000034595706078e+00 -1.764869203928265406e-03
1.000000060925054557e+00 6.136469092648704816e-05 -8.124291049939493699e-06 1.772525061407126401e-03 -6.136062208177313348e-05 1.000000066848941715e+00 1.506925230385343415e-05 -9.179479926980961546e-04 8.120969298276249691e-06 -1.505929634518449536e-05 1.000000038207740305e+00 -1.112901227170892682e-03
1.000000058102840539e+00 7.673988055676145682e-05 -6.424374740637241643e-05 2.278326681262488052e-03 -7.672918430392042244e-05 1.000000060528986934e+00 1.047938295538062875e-04 1.128300982607452485e-03 6.424563168351562722e-05 -1.047764474060222927e-04 1.000000031059042671e+00 -8.258340113702633545e-04
1.000000062679311519e+00 2.234559690844611636e-05 -2.665064776821344204e-05 1.342137530285336666e-03 -2.234310064382419303e-05 1.000000068142030685e+00 -5.334072181319375724e-05 -1.283385668742125646e-03 2.664405489511872518e-05 5.334840037898902802e-05 1.000000037658530294e+00 -2.365236607424936466e-03
1.000000062552706126e+00 2.589849090283213588e-05 -4.517807061810730917e-05 2.438593613479644873e-03 -2.589796321041809568e-05 1.000000067345228283e+00 -6.755391697995990889e-05 -1.300033569674688416e-03 4.517025170057863603e-05 6.756161968547704443e-05 1.000000036805922754e+00 -2.765677861958026895e-03
1.000000056879562393e+00 1.252152913769324016e-04 -8.966691374848770020e-05 2.160269207328147090e-03 -1.252173564209651743e-04 1.000000065357112389e+00 -4.930616052101639948e-05 3.286532011486618943e-04 8.965045859902859521e-05 4.932103520446283690e-05 1.000000036321965213e+00 -2.638176521267743269e-03
1.000000047564701955e+00 1.928854649525105279e-04 -9.023408149079245708e-05 -7.703079197174389492e-05 -1.928975280903535983e-04 1.000000048243060213e+00 -1.592004816720058770e-04 1.313150519804014843e-03 9.019765270086943054e-05 1.592178689522641920e-04 1.000000028425295007e+00 -2.872901061064636608e-03
1.000000060547885372e+00 -6.208765340015810687e-05 -1.403935115557814546e-04 1.700623582184812577e-03 6.208600478897329661e-05 1.000000079928203611e+00 -2.690005864453207441e-05 5.650356714403947933e-05 1.403896659961718538e-04 2.689648359616412545e-05 1.000000035817250277e+00 -1.797560238314899195e-03
1.000000048310734080e+00 -2.037853009135251101e-04 -8.913059187113742338e-05 4.967811351755502258e-03 2.037919063316937646e-04 1.000000060817948899e+00 4.982358440456171065e-05 2.370344420782495576e-04 8.911665089593181707e-05 -4.983367612621667555e-05 1.000000040956032787e+00 -8.164714324165878168e-04
1.000000077768013806e+00 1.752691759263814121e-05 -1.060867537237571648e-05 2.798141185806235498e-03 -1.752470011127243987e-05 1.000000087398328130e+00 -1.075460460348120639e-05 1.084121182534168726e-03 1.060742043521375552e-05 1.076253294467609825e-05 1.000000046631424500e+00 -4.897836054731374844e-04
1.000000077188919034e+00 5.395632055679658453e-05 -1.773279753151874364e-05 1.528684915687028578e-03 -5.395463194348987940e-05 1.000000084772693754e+00 -1.099328423278329083e-04 1.031629981988673589e-03 1.772872475119562552e-05 1.099376335465487202e-04 1.000000044723686310e+00 -1.052014226058384239e-03
1.000000079283694721e+00 -2.882589457293058323e-05 -4.272564363220280042e-05 3.131002995850451498e-03 2.882730711818628361e-05 1.000000095787442422e+00 -3.178193213505149786e-05 -7.351026613610540938e-04 4.273172275255272698e-05 3.178781040426311810e-05 1.000000052536166972e+00 -1.856805555207730052e-03
1.000000072819397401e+00 -7.221109139556794313e-05 -1.207966019406566755e-04 4.109463161511284213e-03 7.220817057931611799e-05 1.000000093160136938e+00 -4.979475318444099511e-05 -1.080469475618284908e-03 1.208026058097765298e-04 4.979318821006571260e-05 1.000000047389586921e+00 -3.374772177720641864e-03
1.000000055715348113e+00 2.442574164725277454e-04 6.215747910617856655e-05 -2.120762512121121546e-03 -2.442522587443856502e-04 1.000000070802655960e+00 -2.805818702688856581e-05 1.774000198874567391e-03 -6.215622006761002856e-05 2.805428241556186608e-05 1.000000054524459836e+00 -2.042637182334328116e-03
1.000000091531619617e+00 6.048571480001972613e-06 -1.676392490884720559e-05 1.883279778813751193e-05 -6.044897007527472166e-06 1.000000104884061658e+00 -1.616981190824087178e-05 1.227172393114154408e-03 1.676745318155291629e-05 1.618418975482480837e-05 1.000000057425377786e+00 -1.417159444194515672e-03
1.000000091769772004e+00 -8.996255119032116194e-06 -1.925379054624793714e-05 3.225837098036477002e-03 9.000303153958860714e-06 1.000000105464337707e+00 1.532253533025184861e-06 -5.507154901853925089e-04 1.925771340780130450e-05 -1.517533058884963227e-06 1.000000057991309976e+00 -1.360238313099726426e-03
1.000000089571965400e+00 -6.791294091159952545e-05 -2.136043220762429983e-05 1.752484747490345995e-03 6.792044016597133943e-05 1.000000090152063592e+00 1.638656337760972131e-04 -2.479602238440539036e-03 2.135339558270942889e-05 -1.638467381456903125e-04 1.000000044859621795e+00 -7.475140231323340601e-04
1.000000082677285684e+00 2.643625217142390175e-05 -1.383730034769206944e-04 2.535867253339318950e-04 -2.643357227249260033e-05 1.000000107022997797e+00 -1.178022307456196480e-05 -8.548795850571826171e-04 1.383740854765316960e-04 1.179808031812228840e-05 1.000000050009787422e+00 -2.110870224447003451e-03
1.000000092861022427e+00 2.736844410733834689e-05 3.852264244191222438e-05 -1.227406367580785584e-03 -2.736425704479971549e-05 1.000000107120734949e+00 1.051202223485267702e-05 1.603417687144403220e-03 -3.851491621831753452e-05 -1.049866617681044375e-05 1.000000060207214991e+00 -6.504083222098611117e-04
1.000000092795508611e+00 -5.747481586405066761e-05 4.215123473499959092e-06 -1.552187357103607113e-03 5.748016938172690465e-05 1.000000098749693977e+00 -1.238524824641031800e-04 1.996027158061977613e-03 -4.202163203324185563e-06 1.238628932065077815e-04 1.000000053717378767e+00 -1.704547165225722694e-03
1.000000092011742225e+00 -2.596239688199638332e-05 -6.996906415224777090e-05 2.568226314620503103e-03 2.596332612574917681e-05 1.000000106901121733e+00 -5.159699713576692594e-05 -1.036286378672184733e-03 6.997330318999260502e-05 5.160754690460443088e-05 1.000000058150943616e+00 -2.043776406195130235e-03
1.000000091880898001e+00 5.840750508329712492e-05 -5.352283417778573235e-05 3.149282492870719707e-03 -5.840333140156184905e-05 1.000000107066901123e+00 -9.555788138952336097e-06 1.133569153501341048e-03 5.352556183464583030e-05 9.572753600664411257e-06 1.000000060622751263e+00 -1.743571577753844082e-03
1.000000093797473344e+00 2.091293180271109017e-05 -5.415055647478248126e-05 1.562005681305933535e-04 -2.090021970876931867e-05 1.000000097657720799e+00 1.551299984156052350e-04 -8.950461132951580134e-04 5.415785237632402688e-05 -1.551093526702726326e-04 1.000000049375652900e+00 2.892635627351758387e-04
1.000000094975246556e+00 6.030642830668323282e-05 -3.380104114301183674e-06 -1.326358596654086952e-03 -6.030412858638780488e-05 1.000000101487469983e+00 1.311782132738541131e-04 -1.759699780586529427e-04 3.394302442422019784e-06 -1.311586084998885048e-04 1.000000057140000287e+00 1.369887870712682698e-03
1.000000095015031398e+00 -1.245781644619163370e-05 6.329394275244301161e-05 1.726678838053885556e-03 1.246029260417065576e-05 1.000000112643935068e+00 -5.592085929013839133e-06 1.999718296646180865e-03 -6.328598766724140995e-05 5.607869630242314391e-06 1.000000064362437380e+00 4.456023845842427278e-04
1.000000094714239562e+00 3.406882393214653566e-05 -7.199177225984080154e-05 1.556693558284028001e-03 -3.407211614092284235e-05 1.000000109352296551e+00 -7.818278304888229150e-05 4.186423273649274995e-03 7.199254599648570582e-05 7.819734979522873571e-05 1.000000061446283839e+00 -1.874658876395152163e-03
1.000000084222740782e+00 1.531833382241339894e-04 -7.038635550595622977e-05 -3.788700353513085872e-05 -1.531812082607606970e-04 1.000000102057661655e+00 -4.694142831882777444e-06 3.830120766315368158e-03 7.038873498825281335e-05 4.719483252271830769e-06 1.000000064997251359e+00 -1.257227249932046931e-03
1.000000083950258967e+00 1.466610197929579329e-04 -9.812600210421281572e-05 1.450706334950035981e-03 -1.466644860819293905e-04 1.000000102889876175e+00 -6.380098295639229902e-05 2.858365038059626495e-03 9.811745584589591116e-05 6.382792140344765086e-05 1.000000061596348244e+00 -1.916321819421584749e-03
1.000000092015535191e+00 -9.752154818181447960e-05 -9.945396147284537550e-05 3.354091163526806696e-03 9.751797217907431231e-05 1.000000110861721581e+00 -6.671487994672599744e-05 2.586592323680809991e-04 9.946166744439936607e-05 6.671748715327624685e-05 1.000000061569060961e+00 -1.874160755614084906e-03
9.999999984065022218e-01 -1.312771487169529338e-04 -4.414569023602754323e-04 -2.539703077966359857e-03 1.312860778501572998e-04 1.000000110000420550e+00 1.530284511255610805e-05 5.697883627908094384e-04 4.414440298740818160e-04 -1.534538603641112293e-05 9.999999738791141013e-01 -3.137623666225053398e-04
9.999994254037737340e-01 1.399947916876672748e-04 -1.161663401446983790e-03 -2.820008711282628866e-03 -1.400250250790345541e-04 1.000000109386457003e+00 -2.871396097278950009e-05 3.194371264378208231e-04 1.161624380929179683e-03 2.889306329578556707e-05 9.999994012959859679e-01 2.025733252045691657e-03
9.999986754628240604e-01 1.359330139583227529e-04 -1.690893549335695158e-03 9.873639705234582564e-03 -1.358121501902420994e-04 1.000000108731657678e+00 7.006806932164295649e-05 -7.342323750889924450e-04 1.690850259073653191e-03 -6.981613490187771082e-05 9.999986484201501824e-01 2.996113246653830942e-03
9.999983355149368869e-01 1.418090300307410338e-04 -1.880966158925773558e-03 2.538307678803874978e-02 -1.416190052676465083e-04 1.000000105966764696e+00 9.959079491100385586e-05 1.993403290476571110e-03 1.880920972455822800e-03 -9.930109820341244647e-05 9.999983069915324707e-01 2.894758105576045182e-04
9.999989505459294659e-01 1.129826927447676608e-04 -1.522666688220916881e-03 3.860950808518093247e-02 -1.132477284348596541e-04 1.000000099452618585e+00 -1.758780960085266215e-04 4.294958123060747118e-03 1.522599720009983840e-03 1.760651344055213152e-04 9.999989077547214444e-01 -1.189855502990111447e-03
9.999991780932007135e-01 -5.822506347221488403e-04 -1.242439427308654086e-03 6.400855661529991636e-02 5.817073886209989803e-04 9.999998583290707899e-01 -4.399672436803346836e-04 -1.107350095894577002e-03 1.242657086305525970e-03 4.392485377371211546e-04 9.999992144609776146e-01 -1.540811244509443512e-03
9.999982621364053026e-01 -1.118220106501683188e-03 -1.571083748299645583e-03 8.784028209829597422e-02 1.117623865517535127e-03 9.999994287976776697e-01 -3.822454908782956092e-04 -4.368098297420137943e-03 1.571460571030801421e-03 3.804952377981676132e-04 9.999987759272671584e-01 1.872166542233877351e-04
9.999969708437581595e-01 -1.224127074523832836e-03 -2.191832831554268047e-03 1.166918122811437808e-01 1.223907813773966388e-03 9.999993723087865494e-01 -1.027897357689795373e-04 2.409756848260991707e-03 2.191886694448659263e-03 1.001221675310389966e-04 9.999976763958808856e-01 5.882587565654739947e-03
9.999922579951711077e-01 -1.838252574295019381e-03 -3.515804796597722225e-03 1.646173253275886594e-01 1.838734502812034918e-03 9.999984295553624447e-01 1.328583924339708658e-04 4.283097978842392156e-03 3.515439688022340033e-03 -1.392940242813447689e-04 9.999938982189409131e-01 8.173321153198243039e-03
9.999860599757901536e-01 -3.180983993531318055e-03 -4.244923244523939564e-03 2.199000025762312127e-01 3.182919351931937785e-03 9.999949637054161844e-01 4.484472779671349707e-04 -4.395182298338493748e-03 4.243335805394987670e-03 -4.619128626945563946e-04 9.999909775763923259e-01 6.074996024748369194e-03
9.999814863803387910e-01 -4.657511031245471084e-03 -3.950191092631741285e-03 2.725430640392885184e-01 4.659554771909360862e-03 9.999891482799881937e-01 5.073512413512579504e-04 -3.961562267907642321e-03 3.947656149091608759e-03 -5.257121044670319326e-04 9.999921599112570059e-01 6.429073132056872808e-03
9.999738979324702681e-01 -6.302313710667295336e-03 -3.571570852859013052e-03 3.410257451431089049e-01 6.303377893384658551e-03 9.999802263178247941e-01 2.858069653966541050e-04 -3.222920259354094402e-03 3.569582123343273492e-03 -3.082850407434590558e-04 9.999936722685079937e-01 6.412897463238254048e-03
9.999617454545898232e-01 -8.018737741489740875e-03 -3.532785710026137369e-03 4.134892955539655190e-01 8.019433097553908818e-03 9.999679615286790613e-01 1.817272557195812965e-04 -1.256434066844541037e-03 3.531099657196723040e-03 -2.100274634477089476e-04 9.999938344689374148e-01 5.759657092729852934e-03
9.999429706051524702e-01 -1.002937774124691185e-02 -3.707966462041416018e-03 5.003294927635166811e-01 1.003134292002054451e-02 9.999496926593764989e-01 5.109485162714782602e-04 3.317126117227637422e-03 3.702534580878295931e-03 -5.480789803397836555e-04 9.999930867926244416e-01 1.228670531274955735e-02
9.999207611652866090e-01 -1.207752264173359881e-02 -3.591635404699161475e-03 5.963239189815587871e-01 1.208168600778167928e-02 9.999265105202199688e-01 1.138394135082879382e-03 4.801785525994962250e-03 3.577509732879251194e-03 -1.181642822381421534e-03 9.999929960874679447e-01 1.895833407037517127e-02
9.998844493500953501e-01 -1.474535170794773718e-02 -3.737051879024675879e-03 7.066711308841405748e-01 1.475094434770375662e-02 9.998902627861449011e-01 1.472134491502876969e-03 -5.981372800094517106e-04 3.714817356811588988e-03 -1.527020343631179744e-03 9.999920289041074328e-01 2.070557166490871737e-02
9.998404967001460752e-01 -1.745987411985245111e-02 -3.800238135345251553e-03 8.283374483470473670e-01 1.746613352264116820e-02 9.998462940648229491e-01 1.618944304941894417e-03 4.142878788183160244e-03 3.771268323289223012e-03 -1.684984994007318127e-03 9.999915648369480659e-01 2.005536674264329910e-02
9.997882714470104348e-01 -2.022486227206352072e-02 -3.831341667135883255e-03 9.515926822023808018e-01 2.023162657360419794e-02 9.997939677779720258e-01 1.733785292691835669e-03 1.043549429707643292e-02 3.795366722639474839e-03 -1.810852082702207877e-03 9.999912538988899868e-01 1.973333868799387325e-02
9.997392995499514434e-01 -2.254299939937908295e-02 -3.669370708777611179e-03 1.090305753495345753e+00 2.255151214928945852e-02 9.997432052324833895e-01 2.293804835282403556e-03 1.486130144609935574e-02 3.616604413349116913e-03 -2.375855554091477629e-03 9.999907345020259131e-01 2.314866885778288363e-02
9.996884366515467191e-01 -2.476222156413639477e-02 -3.191097837688573833e-03 1.253310988535006221e+00 2.477299691979541196e-02 9.996875458695189121e-01 3.379784399071136640e-03 1.449647841870857837e-02 3.106312347200127985e-03 -3.457646500847720485e-03 9.999892982356470839e-01 3.117074751288306800e-02
9.996241448825439191e-01 -2.717663791414431929e-02 -3.649938541031944213e-03 1.414479581720711421e+00 2.718918903672658954e-02 9.996245737684203991e-01 3.431626370509273990e-03 1.314655023816744747e-02 3.555195121766665470e-03 -3.529434981988672799e-03 9.999875534894496765e-01 3.534041194264059271e-02
9.995637669792859503e-01 -2.919437369883311206e-02 -4.504431387316296803e-03 1.570876493304796506e+00 2.920417798186245029e-02 9.995713756477433432e-01 2.123643268028236469e-03 1.071296652718926531e-02 4.440360122720448353e-03 -2.254168501588814291e-03 9.999877088592011853e-01 3.693973954738916099e-02
9.995104743061213881e-01 -3.086174609633726695e-02 -5.166439531993035662e-03 1.751449803545232609e+00 3.086613240797016905e-02 9.995233974198380889e-01 7.689962402099884912e-04 6.443349015021616888e-03 5.140079821810583649e-03 -9.280359744098692128e-04 9.999864676609561132e-01 3.962591415700766895e-02
9.994550498754575241e-01 -3.252571301476730320e-02 -5.657951047145355801e-03 1.949309732672505735e+00 3.252541357520404020e-02 9.994710723959360221e-01 -1.470840506113220078e-04 1.134898605449108713e-02 5.659564522920813162e-03 -3.700164385133016145e-05 9.999840995550597356e-01 4.235232589603632469e-02
9.993755857628903172e-01 -3.490657419420235136e-02 -5.505171173542460460e-03 2.160723874220413343e+00 3.490873901191952899e-02 9.993906393978925218e-01 2.947893322565303393e-04 2.444084482494426544e-02 5.491356619332414535e-03 -4.867494103413263183e-04 9.999849237262811164e-01 5.244359288516675655e-02
9.993417176800499790e-01 -3.592373702903630533e-02 -5.094914357393800185e-03 2.381163441873463071e+00 3.593494461341837504e-02 9.993520578248826780e-01 2.122583430245450313e-03 2.681478608410376233e-02 5.015207552110673844e-03 -2.304176888436470019e-03 9.999848900755843317e-01 6.448031426452738302e-02
9.992989830048527589e-01 -3.709248219843270383e-02 -5.102414919345088333e-03 2.611655285837456208e+00 3.711788386430220354e-02 9.992986950020626979e-01 4.974423988767952449e-03 3.119856136176681408e-02 4.914172905541708096e-03 -5.160135079079200375e-03 9.999747333466701971e-01 7.267503445177014854e-02
9.992490754457075131e-01 -3.829570650893813349e-02 -5.922643097256938619e-03 2.854835666441530417e+00 3.832650679697040264e-02 9.992520649706253533e-01 5.173727832745503991e-03 4.176646970557151839e-02 5.719903921442151887e-03 -5.396637038688882095e-03 9.999692102794232040e-01 7.592727515425834461e-02
9.992335049431116945e-01 -3.854475975758053091e-02 -6.860036024000339822e-03 3.098464766725526509e+00 3.857487291293857506e-02 9.992466093060891064e-01 4.309703211407052252e-03 4.736502500420998463e-02 6.688541084365078396e-03 -4.570852755426707548e-03 9.999673168883530527e-01 8.468917244737972361e-02
9.992145907603920962e-01 -3.890582814385411953e-02 -7.543705693654655792e-03 3.356040552413393385e+00 3.892893783937733526e-02 9.992378585272528868e-01 2.938590267385160926e-03 5.624272971717693415e-02 7.423399325413096439e-03 -3.229821939273561180e-03 9.999673657509188240e-01 9.049486155866048875e-02
9.991867975082796560e-01 -3.957706905554855825e-02 -7.731293672007157579e-03 3.639408248862110007e+00 3.959327813105469052e-02 9.992141733484585231e-01 1.952126931639877432e-03 6.490761317124463248e-02 7.647724261017724637e-03 -2.256551269749371147e-03 9.999683475178912095e-01 9.600285621378379375e-02
9.991501708056303999e-01 -4.042257421066518946e-02 -8.082680475290418207e-03 3.936126754936606353e+00 4.043608806100918579e-02 9.991811910037292632e-01 1.512749843949838698e-03 7.260602390140447060e-02 8.014670225520943714e-03 -1.838215866895160071e-03 9.999663367306188544e-01 9.237645650431991484e-02
9.991629900988320268e-01 -4.021112672996943194e-02 -7.534714608520788094e-03 4.234109874212000690e+00 4.022415016897362694e-02 9.991896438046504736e-01 1.581927143752078499e-03 8.023917831344715146e-02 7.464771111014878967e-03 -1.883597735888669104e-03 9.999705095174776792e-01 9.354850123652558302e-02
9.991808823185851507e-01 -3.986307578487117975e-02 -6.992658338864822173e-03 4.539858794689668464e+00 3.988144747368259357e-02 9.992014997311442492e-01 2.504362197299808430e-03 9.082266628569984901e-02 6.887037547539539249e-03 -2.781077421511615397e-03 9.999725638507366288e-01 1.076247172514421813e-01
9.991356379164521018e-01 -4.096936103172528487e-02 -7.063940287669069444e-03 4.871351420060565651e+00 4.098924970279115010e-02 9.991561910436088656e-01 2.690681157476532571e-03 9.465680829721159761e-02 6.947539188898971957e-03 -2.977783190686686399e-03 9.999715796980608307e-01 1.199102223390120514e-01
9.991043051346132353e-01 -4.186014656549316704e-02 -6.223845923861784368e-03 5.196125998051970285e+00 4.187343474446336006e-02 9.991211178011868421e-01 2.017198916857506578e-03 1.133463651279314061e-01 6.133757896828006921e-03 -2.275912101163896431e-03 9.999787521027795334e-01 1.245809288189805297e-01
9.990756475037456674e-01 -4.276887669812631104e-02 -4.370813124292922611e-03 5.554192712301246893e+00 4.277605835566562764e-02 9.990837006866545300e-01 1.559468909362965623e-03 1.252671922077910616e-01 4.299996288787630468e-03 -1.744917763265934956e-03 9.999893922719877981e-01 1.338190103888812210e-01
9.989994092694221006e-01 -4.461379222745760070e-02 -3.197794941487826399e-03 5.923522021406428806e+00 4.462006131567970019e-02 9.990024353898978582e-01 1.911604285343272138e-03 1.348871626593074191e-01 3.109246304331516990e-03 -2.052289752900827297e-03 9.999932207663003725e-01 1.440520172879420358e-01
9.989451888651897926e-01 -4.582291608204602101e-02 -3.035501914690373268e-03 6.296604955901873524e+00 4.583119486473042486e-02 9.989457589475913002e-01 2.711365671633222865e-03 1.512159215628913478e-01 2.907993529173479117e-03 -2.847509250632386611e-03 9.999918797023106265e-01 1.587931898833754296e-01
9.989151596601387739e-01 -4.639772176135382314e-02 -4.026167368626751286e-03 6.660084776772020376e+00 4.641384215721643808e-02 9.989145096704867832e-01 4.005135660638347792e-03 1.582980914114463789e-01 3.835871070761486760e-03 -4.187497301236605199e-03 9.999840438102022278e-01 1.772104221626880083e-01
9.988678038105521795e-01 -4.733628434804514062e-02 -4.780505262866072656e-03 7.039588816368120838e+00 4.735671002485002112e-02 9.988692343903841087e-01 4.252082888292772582e-03 1.745149459112496082e-01 4.573699793265745273e-03 -4.473485130110295069e-03 9.999797076017630237e-01 1.965455293420554916e-01
9.987962398425045407e-01 -4.876655998388044339e-02 -5.326056625567944687e-03 7.445982824206904382e+00 4.878693376043391483e-02 9.988023669579052521e-01 3.762733811519852062e-03 1.948803404264364547e-01 5.136038945243130184e-03 -4.017886232795693340e-03 9.999789142093619132e-01 1.977643398664274965e-01
9.987279964433831703e-01 -5.009327050741309989e-02 -5.790433757994721889e-03 7.858520707908636993e+00 5.010810844658146468e-02 9.987410595964865134e-01 2.444154583618316466e-03 2.091864981104712695e-01 5.660545932476170397e-03 -2.731076117227290625e-03 9.999804297366522432e-01 1.991345770595098763e-01
9.986708648308882941e-01 -5.111119619309976991e-02 -6.680498770098279408e-03 8.280156593507657092e+00 5.113287678705423500e-02 9.986872551020025135e-01 3.114190704302403044e-03 2.222578389072648597e-01 6.512368332959496062e-03 -3.451502549480025672e-03 9.999730202363963372e-01 2.108304572640122831e-01
9.986189917859253917e-01 -5.196469096259613563e-02 -7.762832333564354849e-03 8.709884065458940228e+00 5.200194510291682864e-02 9.986362916594255790e-01 4.675527197253275848e-03 2.361102407187836427e-01 7.509059024768094046e-03 -5.072555376330501777e-03 9.999591244624923547e-01 2.307347125657941422e-01
9.985410088310497922e-01 -5.339262615555534497e-02 -8.097320012274509399e-03 9.151498949192419019e+00 5.344519601765925637e-02 9.985504073892461641e-01 6.419609183357634363e-03 2.545286304467463956e-01 7.742591158315917724e-03 -6.842748680546569678e-03 9.999468007743923526e-01 2.484442245201343713e-01
9.984646166626932606e-01 -5.479150430286865159e-02 -8.172538977421319253e-03 9.607977370001549389e+00 5.484254896752129016e-02 9.984762928658585945e-01 6.157094599654111197e-03 2.762083839806087626e-01 7.822493219765785238e-03 -6.595596697861749735e-03 9.999478426110595120e-01 2.542941820463093805e-01
9.984071384346316913e-01 -5.586812370375749542e-02 -7.901414181637452308e-03 1.006794138331349053e+01 5.591234268324092593e-02 9.984208525708309079e-01 5.489945452999876740e-03 2.960910044373476491e-01 7.581994100030733583e-03 -5.922763584422563454e-03 9.999539114541305951e-01 2.591888192805860136e-01
9.983346488141848774e-01 -5.717223533459224460e-02 -7.730780094145700380e-03 1.054465047806297484e+01 5.722115698936410672e-02 9.983421601747464180e-01 6.261237595367740577e-03 3.200749895505174414e-01 7.359773466769026218e-03 -6.692926787809692565e-03 9.999507171630567237e-01 2.717233899291253696e-01
9.982836313341532097e-01 -5.804308349068648676e-02 -7.829024769128035965e-03 1.102187853577390797e+01 5.810675778478020803e-02 9.982772482117291402e-01 8.165790827716370298e-03 3.467354053200016883e-01 7.341347421011396555e-03 -8.606381781467758313e-03 9.999362170425810659e-01 2.953942728480043467e-01
9.982132921562056893e-01 -5.928034901771270238e-02 -7.521446181747468845e-03 1.152972163785370263e+01 5.934956911197866725e-02 9.981938503196641221e-01 9.338783544236398809e-03 3.744506529913779747e-01 6.954046282907066882e-03 -9.768141095381878761e-03 9.999283142979172867e-01 3.152308154275553775e-01
9.980972474281322171e-01 -6.124292085078195808e-02 -7.190500155804769103e-03 1.206614350727059559e+01 6.130389831094394670e-02 9.980824767188959390e-01 8.588522252943320279e-03 4.016907290451569579e-01 6.650521302646194080e-03 -9.012658666813073288e-03 9.999374796032182156e-01 3.205116463094797030e-01
9.979815080063566546e-01 -6.305960205834655607e-02 -7.544240173063399349e-03 1.259920978852935036e+01 6.311811757668027434e-02 9.979759819911085961e-01 7.785218295599933419e-03 4.274438620662828203e-01 7.037817190972482650e-03 -8.245378884594159463e-03 9.999414523351557449e-01 3.195639548234177063e-01
9.979303249680911980e-01 -6.384784628690576280e-02 -7.683764937126990636e-03 1.312908692495764740e+01 6.391278084153349803e-02 9.979193796872486422e-01 8.522891709947296585e-03 4.561646941289365653e-01 7.123384601699982339e-03 -8.996014746230030987e-03 9.999343763969418264e-01 3.381066806924168944e-01
9.978904129898247266e-01 -6.445413190718451979e-02 -7.804599843311737020e-03 1.365850913684572276e+01 6.453528301848991677e-02 9.978590665561798412e-01 1.063329025546610497e-02 4.829540182422701333e-01 7.102303000289598121e-03 -1.111412958930846177e-02 9.999132323332973193e-01 3.660833274410855154e-01
9.978449398315256680e-01 -6.512040326681270419e-02 -8.083211859054211315e-03 1.420377866810054535e+01 6.521233539369160337e-02 9.978033170306043198e-01 1.168270886638409639e-02 5.148217860569013204e-01 7.304436204781272757e-03 -1.218422166320658716e-02 9.998993104658813191e-01 3.874843194478370112e-01
9.978467424834248645e-01 -6.512900078140444748e-02 -7.786531784149019336e-03 1.477556585170793113e+01 6.521644303932444542e-02 9.978045079695764263e-01 1.155771088175423962e-02 5.491434973212799830e-01 7.016468903153038131e-03 -1.204019992213473632e-02 9.999031188211671139e-01 3.986335852784501643e-01
9.978273829561475905e-01 -6.555819199576506939e-02 -6.571735989528070150e-03 1.535210833938150898e+01 6.563147632682075905e-02 9.977764115640289644e-01 1.163392042223101996e-02 5.792247696711438909e-01 5.794239924309618935e-03 -1.203951744173346189e-02 9.999109619993032938e-01 4.095977073455909778e-01
9.977650489031201220e-01 -6.651275808828681357e-02 -6.443669987464675092e-03 1.594523512304697910e+01 6.658557190929431657e-02 9.977108715988403098e-01 1.183214125983543877e-02 6.093094942857009144e-01 5.641746207451056767e-03 -1.223430594775847327e-02 9.999094741650038642e-01 4.207859083986567050e-01
9.976869875095051299e-01 -6.762060214587077567e-02 -6.978344605744104222e-03 1.655767411101766129e+01 6.770608777096134845e-02 9.976229891935998184e-01 1.284079863960539171e-02 6.482833222012537311e-01 6.093257115811373872e-03 -1.328308917324563451e-02 9.998934461494389803e-01 4.434381950087546986e-01
9.976443145517259747e-01 -6.814597984427428479e-02 -7.907037551442126777e-03 1.717441978554357007e+01 6.825305588726481021e-02 9.975677344433077076e-01 1.416928173567027528e-02 6.875986485469609555e-01 6.922001237566294436e-03 -1.467504939511007390e-02 9.998685938157941822e-01 4.713699926338157375e-01
9.975951013304560355e-01 -6.880600952298034090e-02 -8.385999120989060668e-03 1.780482706579059027e+01 6.891954607927833210e-02 9.975229326034562582e-01 1.409735693845684708e-02 7.229361138318909363e-01 7.395003181578710220e-03 -1.464088107610644549e-02 9.998657132497649203e-01 4.898216562551933606e-01
9.975528566232736427e-01 -6.931732159218161049e-02 -9.164502616984116293e-03 1.844194212629270879e+01 6.943943643528191489e-02 9.974916740606925014e-01 1.375381978536592206e-02 7.642879956353761939e-01 8.187870073912298027e-03 -1.435601747970401305e-02 9.998636675943045615e-01 5.010387921514178888e-01
9.974874772738154816e-01 -7.011334253696807628e-02 -1.017047503725222561e-02 1.909444785821424162e+01 7.025839439709809231e-02 9.974210767958293644e-01 1.468345179552618153e-02 7.998296733470450226e-01 9.114444082613358186e-03 -1.536056189477739281e-02 9.998407260597500512e-01 5.127139671018339229e-01
9.974482562337629865e-01 -7.063314002174896078e-02 -1.041753985251050486e-02 1.974147360717439526e+01 7.079543881283965889e-02 9.973607215781741253e-01 1.613241644148262488e-02 8.359427185064105537e-01 9.250259773187486517e-03 -1.682815565808849084e-02 9.998158575897796441e-01 5.311810742784233152e-01
9.974683467603857601e-01 -7.040798409701451432e-02 -1.001094065518170345e-02 2.040147286106681790e+01 7.057098184958277010e-02 9.973624902229966116e-01 1.698445672900408474e-02 8.737820722727375200e-01 8.788408622173159504e-03 -1.764729562954448980e-02 9.998059029178913981e-01 5.494364332910359749e-01
9.975590415975527092e-01 -6.921196337972047863e-02 -9.289036911382336434e-03 2.107948198457516042e+01 6.936970237630385450e-02 9.974308769494764082e-01 1.789351011046444104e-02 9.089505641342430220e-01 8.026462521400866759e-03 -1.849352899498328887e-02 9.997970190656254585e-01 5.683413494108395803e-01
9.976533171633668040e-01 -6.783899219581222828e-02 -9.292814779899431429e-03 2.177570415214562516e+01 6.799116096359190953e-02 9.975384451877856717e-01 1.717387851480771388e-02 9.565779531143383529e-01 8.104614549932992809e-03 -1.776474808164818509e-02 9.998096047831150912e-01 5.847100001572971273e-01
9.977146099332323548e-01 -6.695460132216848881e-02 -9.125211842523068065e-03 2.247856711734665325e+01 6.709340111027981002e-02 9.976209558639818065e-01 1.586189040019614360e-02 9.965425722930770780e-01 8.041214714836601024e-03 -1.643726708649253035e-02 9.998328258962534409e-01 5.998940672970916044e-01
9.978312029270235417e-01 -6.524849703864273043e-02 -8.726889452049647541e-03 2.316752556008107078e+01 6.538449742578229806e-02 9.977268844674607173e-01 1.632897318234297762e-02 1.031191254983101269e+00 7.641359808562146402e-03 -1.686353245671645684e-02 9.998288652480603611e-01 6.272378670471354667e-01
9.979018327144428824e-01 -6.407886647974310457e-02 -9.299076892144758980e-03 2.391384131181556327e+01 6.422924076966816942e-02 9.977926057485807521e-01 1.688870181211612337e-02 1.079147814345898126e+00 8.196070732346450588e-03 -1.744988926724942713e-02 9.998144130430265397e-01 6.507355890624646477e-01
9.979817923216306452e-01 -6.276456057573670533e-02 -9.674579025124857914e-03 2.466213268759821631e+01 6.293046526377932270e-02 9.978573684879495920e-01 1.792038727259551156e-02 1.120594201466768691e+00 8.528803780052576083e-03 -1.849235929754749694e-02 9.997928926952077688e-01 6.782527402685754048e-01
9.981201612308445714e-01 -6.049516975896354620e-02 -9.855556414471838486e-03 2.538842756574737081e+01 6.067507180802628186e-02 9.979749856543020936e-01 1.910992795505586650e-02 1.158638442087958076e+00 8.679248503771027148e-03 -1.967126271385167408e-02 9.997690989787328952e-01 6.994487846715666812e-01
