1.000000000000000000e+00 0.000000000000000000e+00 0.000000000000000000e+00 0.000000000000000000e+00 0.000000000000000000e+00 1.000000000000000000e+00 0.000000000000000000e+00 0.000000000000000000e+00 0.000000000000000000e+00 0.000000000000000000e+00 1.000000000000000000e+00 0.000000000000000000e+00
9.999999997517404760e-01 1.031606590799659895e-05 2.847812305116514093e-05 -5.503713878315741673e-04 -1.031489307081970404e-05 9.999999986862535550e-01 -7.104500438418569056e-05 1.967163558176000717e-03 -2.847840010098057944e-05 7.104485622086061656e-05 9.999999984338496795e-01 -2.933262619138130153e-04
9.999999973462664338e-01 -3.059779529232336140e-06 8.697279743656260412e-05 -5.570551893710388005e-04 3.068784707253558316e-06 9.999999948451639975e-01 -1.355450832712658228e-04 2.749699014266137730e-03 -8.697112148550717849e-05 1.355453348766145203e-04 9.999999916102181308e-01 2.962381178259889747e-04
1.000000000034654279e+00 9.877286489220383443e-06 6.847398098858977844e-05 -4.718487213515786482e-04 -9.878950203661268964e-06 1.000000004146445409e+00 -6.796596687498029769e-05 1.989405482719937453e-03 -6.847379577799487084e-05 6.796498509893226538e-05 1.000000003654309300e+00 1.911045419566509082e-04
1.000000000355242280e+00 5.003043650792122625e-05 5.685644779360591911e-05 -1.923590838919745066e-03 -5.003283574691036185e-05 1.000000003408059390e+00 -6.784956948607225242e-05 1.669701221284968645e-03 -5.685890973298592062e-05 6.784584049212771741e-05 1.000000004742688020e+00 -1.404124205017581121e-04
1.000000002017178424e+00 6.546260197140772979e-05 7.529047144296368523e-06 -1.888843852647758247e-03 -6.546794357389894845e-05 1.000000001932741966e+00 -7.869903687226885566e-05 1.080547948939507763e-03 -7.533338065413725467e-06 7.869779412556174585e-05 1.000000006371390526e+00 -1.834907178588024239e-04
9.999999978406577394e-01 -6.954313099938814384e-05 -9.429698756345147295e-05 -3.104236477087050222e-03 6.951751098556629754e-05 9.999999828924213130e-01 -2.120881058899390219e-04 1.510322014820786665e-03 9.431218434510486946e-05 2.120807494973935535e-04 9.999999830557996239e-01 -6.640029374103387141e-04
9.999999542461202040e-01 -1.705269374468639779e-04 -2.741390847430139424e-04 -7.760425767144286079e-03 1.704838284757223250e-04 9.999999847581945156e-01 -1.401680110554200651e-04 3.242784945588625053e-03 2.741625622536336747e-04 1.401216765186641909e-04 9.999999648877393454e-01 -6.697082363441133127e-04
9.999998686703295281e-01 -1.276833353321296758e-04 -5.187756498198644413e-04 -9.967510323234939421e-03 1.276763787646389178e-04 1.000000002667423615e+00 -3.995071286835964244e-06 4.407973980896423040e-03 5.187747583710410450e-04 3.932347234606410848e-06 9.999998821391112847e-01 -2.046649410497313436e-03
9.999992017638301700e-01 -5.413737342626060345e-05 -1.274827917057676186e-03 -6.043872666417034883e-03 5.403249913178609414e-05 1.000000006348349180e+00 -7.824483639411872323e-05 4.014787326513845171e-03 1.274830784891019600e-03 7.818003364684781361e-05 9.999992054814377251e-01 -5.486280438136863224e-03
9.999929115044159378e-01 -1.375426669292166787e-04 -3.767409682549285963e-03 1.311600162054108766e-02 1.358261059368178001e-04 9.999998986757128172e-01 -4.542402569918458960e-04 3.147205047469906619e-03 3.767470333722191134e-03 4.537291706593324695e-04 9.999928232692215646e-01 -8.420271510382538321e-03
9.999770080317642584e-01 -2.566910047409706633e-04 -6.779206610449142918e-03 4.166038997107744668e-02 2.482531338103416418e-04 9.999992062343230348e-01 -1.244372704042482182e-03 4.257920863012471489e-03 6.779519162583996089e-03 1.242664894376918107e-03 9.999762724029925831e-01 -5.900724725133379978e-03
9.999619988037011797e-01 -2.831700915304191635e-04 -8.715801193379717204e-03 7.920429982233713473e-02 2.646351007623701170e-04 9.999977154358902220e-01 -2.127258894782155848e-03 2.189032299338710113e-03 8.716381909004339290e-03 2.124875591908932920e-03 9.999597836315579080e-01 -3.491661598904839746e-04
9.999466772454513874e-01 -5.008621677406613435e-04 -1.031697676475558031e-02 1.408542543662125168e-01 4.758816469933920684e-04 9.999969651282494265e-01 -2.423190062099201628e-03 2.225796042937864139e-03 1.031815828693688833e-02 2.418156915039890078e-03 9.999438732325577339e-01 2.851143327921124276e-03
9.999292848582174154e-01 -9.701160631895890119e-04 -1.185469033564373262e-02 2.262084650258784913e-01 9.519977690061059723e-04 9.999983883116905226e-01 -1.533342956606175171e-03 4.050386087418594502e-03 1.185615861745298316e-02 1.521954954134556795e-03 9.999285890636609997e-01 4.176337411728086972e-03
9.999182361493135218e-01 -1.552292594303206078e-03 -1.269492114989248695e-02 3.251231734182710165e-01 1.554642917516340424e-03 9.999987946955571916e-01 1.757750943183241234e-04 5.404468996193933714e-03 1.269463313458921161e-02 -1.954907492301526236e-04 9.999194364157995008e-01 7.584580023253961094e-04
9.999090966908129596e-01 -2.111954272882169206e-03 -1.331878399095901173e-02 4.333843519976138814e-01 2.118971118756685350e-03 9.999976419159603003e-01 5.132384161696907851e-04 4.741703494475894148e-03 1.331766876255410098e-02 -5.414081895985655302e-04 9.999112061432308129e-01 -6.406134787626495235e-03
9.998974646495373264e-01 -2.561051538422265926e-03 -1.409099057245084136e-02 5.554830948185076611e-01 2.552320710598807944e-03 9.999965628870011169e-01 -6.367531753759744784e-04 7.105255018835400678e-03 1.409257240215371250e-02 6.007284855860172768e-04 9.999005566111067722e-01 -1.376428776218339891e-03
9.998886992498483561e-01 -2.856524087413709560e-03 -1.464540126946778896e-02 6.965860740427151088e-01 2.833522338456334784e-03 9.999947461660388948e-01 -1.590066727125094949e-03 8.204867389778422448e-03 1.464986564555659926e-02 1.548396775439583265e-03 9.998915321025828584e-01 1.154766662361290941e-02
9.998774520688838985e-01 -3.451419977519290180e-03 -1.527181394594939561e-02 8.586226604841382670e-01 3.429079708794098309e-03 9.999930393170856080e-01 -1.487846368077904010e-03 9.673516673060291587e-03 1.527684276476761090e-02 1.435300202712369274e-03 9.998823187003558211e-01 1.955560393969713040e-02
9.998638760084331834e-01 -3.902864255190973200e-03 -1.603301688579586784e-02 1.034567472742464522e+00 3.894399709145093987e-03 9.999922874539273199e-01 -5.581619174081848449e-04 1.278704220420417634e-02 1.603507159142055633e-02 4.956514111830632400e-04 9.998713550866217270e-01 1.563316484442945839e-02
9.998504280584422643e-01 -3.918943223457862710e-03 -1.684712702976973175e-02 1.223881581722484402e+00 3.925372431190420931e-03 9.999922649866258562e-01 3.497040927222901303e-04 1.411990632556457334e-02 1.684562544114299662e-02 -4.157789109834775123e-04 9.998580687163935998e-01 8.088193452775784345e-03
9.998342949109432221e-01 -3.972143773139344240e-03 -1.776721322493013400e-02 1.433397819789493211e+00 3.984473666780450826e-03 9.999918757293319027e-01 6.598242071652473490e-04 1.524936570749032931e-02 1.776444629968224054e-02 -7.305059266252088550e-04 9.998419889900510560e-01 1.366151480791239284e-02
9.998339462411989231e-01 -4.133055727026228345e-03 -1.775018189338033181e-02 1.657309523592396028e+00 4.163530431697615511e-03 9.999899510223487775e-01 1.681369617672954500e-03 1.910302035768991422e-02 1.774305277066374337e-02 -1.754992038396373678e-03 9.998410971178650630e-01 2.809294258650679027e-02
9.998354785068506168e-01 -4.289191012415503879e-03 -1.762641232758380139e-02 1.899594993289511313e+00 4.345189992978881581e-03 9.999856593590282783e-01 3.141005228623835240e-03 2.093176621475452762e-02 1.761268584048364741e-02 -3.217076899188446495e-03 9.998397676039214588e-01 2.719296938327490573e-02
9.998176559276013009e-01 -4.747861103896492893e-03 -1.849844457828352801e-02 2.155180201114068606e+00 4.810695127029940635e-03 9.999828371610345323e-01 3.354451833844965779e-03 1.932668048809589242e-02 1.848219791224462935e-02 -3.442826971925095920e-03 9.998233262377304031e-01 1.763267130954576656e-02
9.997785054359168422e-01 -5.183414406409187457e-03 -2.039987177516750655e-02 2.419189379857074496e+00 5.224935067616104552e-03 9.999844192302279611e-01 1.983140872999496901e-03 2.123713839450683954e-02 2.038927178404691121e-02 -2.089286114533405424e-03 9.997900006117677041e-01 2.349947363820405893e-02
9.997633203501252730e-01 -4.618438057893186656e-03 -2.126166324412540748e-02 2.692725447655133664e+00 4.655156063676450968e-03 9.999877967001612467e-01 1.678193319477568231e-03 2.859462534969440042e-02 2.125365328717260249e-02 -1.776770232319143522e-03 9.997726077229379671e-01 4.439293830732363166e-02
9.997746764185890811e-01 -3.853136969667771920e-03 -2.087677134262940284e-02 2.993359066405195890e+00 3.899367128799056427e-03 9.999900731789803654e-01 2.174631100988613092e-03 3.225602755136214306e-02 2.086818509211766509e-02 -2.255545019834624253e-03 9.997797648566655315e-01 5.008948259684365550e-02
9.998349765111955723e-01 -3.365293056276192143e-03 -1.785463882580568332e-02 3.302859078404630999e+00 3.424475285785454071e-03 9.999887789204333632e-01 3.285733635467692239e-03 3.047342890113251268e-02 1.784338102966080350e-02 -3.346332347891852518e-03 9.998352698136203642e-01 4.752746242849841679e-02
9.998862260502097143e-01 -1.620251656660333600e-03 -1.500026408559258263e-02 3.622519099824264011e+00 1.665088683669181278e-03 9.999942207535045258e-01 2.977938924251341546e-03 2.235427929300801489e-02 1.499535259207673311e-02 -3.002574679501181492e-03 9.998831334433901930e-01 4.757751593947153607e-02
9.998939879348772708e-01 5.650563850395636878e-04 -1.455337988265441307e-02 3.961368236125080156e+00 -5.272931239446947528e-04 9.999965266828174659e-01 2.599268360759249361e-03 2.167884628004954073e-02 1.455480020723637011e-02 -2.591321071285537531e-03 9.998907964872324472e-01 6.238185618884664607e-02
9.998914375537339971e-01 1.927675060147679377e-03 -1.461215739414132263e-02 4.303269223843321001e+00 -1.883156263206634418e-03 9.999935869770965047e-01 3.060832214187025196e-03 2.739352621157367662e-02 1.461796602641569909e-02 -3.032985238986309669e-03 9.998886388120953317e-01 7.816361156009062061e-02
9.998927659372961463e-01 3.247196146154191984e-03 -1.428402942537279792e-02 4.649923818887780058e+00 -3.189529001218656228e-03 9.999867199564461684e-01 4.059288320525752947e-03 2.927930299245301571e-02 1.429702297993933578e-02 -4.013296123388447427e-03 9.998898278017229746e-01 8.037830602067704000e-02
9.998944142385739475e-01 5.062424289989327954e-03 -1.362560677256280384e-02 5.011578791657705700e+00 -4.997912279749286424e-03 9.999762000812560947e-01 4.765890570071058992e-03 2.671375202311859071e-02 1.364941037435222528e-02 -4.697291225457550339e-03 9.998959008516969948e-01 7.811258492433641176e-02
9.998814459023182000e-01 6.762373853988682196e-03 -1.383813486201513308e-02 5.393470282948856109e+00 -6.707360021627781048e-03 9.999694763993112190e-01 4.019188304063397651e-03 2.045439465835855591e-02 1.386489253709623053e-02 -3.925897751265654961e-03 9.998962660514316703e-01 7.706941935272781929e-02
9.998629002753660622e-01 8.057579345952458130e-03 -1.447027666907283253e-02 5.789520875199910321e+00 -8.028352464338512837e-03 9.999656651646977590e-01 2.077511875991949752e-03 1.273631698484186704e-02 1.448651966042091913e-02 -1.961057375069018803e-03 9.998932415859189682e-01 9.456849945034788429e-02
9.998639997265796886e-01 8.952661786822448120e-03 -1.385519563929096636e-02 6.189899796667106102e+00 -8.957005214397765688e-03 9.999599070138248669e-01 -2.504689948645058280e-04 7.737842239532380893e-03 1.385239809756345399e-02 3.745332668021993387e-04 9.999040835625344625e-01 1.061011908522096897e-01
9.998871421558118699e-01 8.402631958266444309e-03 -1.245941688720860960e-02 6.604466413421361537e+00 -8.449933904875077395e-03 9.999573321328432129e-01 -3.747316889687734177e-03 -2.618906328470061752e-03 1.242739777847763800e-02 3.852171937364723756e-03 9.999154630433991775e-01 1.042645567366360659e-01
9.999208293718575558e-01 5.227900444792475156e-03 -1.145181127420649876e-02 7.028635513964380799e+00 -5.324513911498132517e-03 9.999504279164751486e-01 -8.420650332591386733e-03 -1.223259617688118514e-02 1.140721897487206524e-02 8.480954852125129756e-03 9.998990786799906161e-01 1.069938583144828814e-01
9.999415232308069834e-01 -1.404152317106695594e-03 -1.072939512096279281e-02 7.457163160427624504e+00 1.276159900698252544e-03 9.999281414098371012e-01 -1.192482969930053031e-02 -1.156982583019635323e-02 1.074536509061107571e-02 1.191043516093836206e-02 9.998714410890796600e-01 1.323903054574696037e-01
9.998836517885972830e-01 -1.101831320418990637e-02 -1.055573152369319000e-02 7.882313825686860120e+00 1.088981955759518554e-02 9.998669243797571049e-01 -1.215185269300427841e-02 1.892445880625647685e-03 1.068821739742236571e-02 1.203548480503914726e-02 9.998705591056569197e-01 1.496868727367457741e-01
9.996932692510893670e-01 -2.233363790780059505e-02 -1.071095097704458446e-02 8.304688026571366066e+00 2.222013923271469113e-02 9.996969881581591055e-01 -1.059839979175913188e-02 2.077688832066844002e-02 1.094440497229039015e-02 1.035714697725414676e-02 9.998865866762564059e-01 1.387495875125447087e-01
9.993252239780597845e-01 -3.507599152807934495e-02 -1.090530297072541017e-02 8.736876882417927703e+00 3.495574289960508285e-02 9.993281072772977058e-01 -1.102565333357727155e-02 4.314190949735905584e-02 1.128471311029373425e-02 1.063700980839901375e-02 9.998798683556799904e-01 1.229188205846835358e-01
9.986959177363836648e-01 -4.989400130458867405e-02 -1.082635656865706467e-02 9.186816609350788809e+00 4.974600278809361564e-02 9.986703020910417949e-01 -1.353152819362906864e-02 7.228409839483819488e-02 1.148710263452721973e-02 1.297531368873789184e-02 9.998499541262467760e-01 1.358480039522199923e-01
9.976457188972299717e-01 -6.777088604951884976e-02 -1.050185895755736606e-02 9.647138688831262243e+00 6.759522202976825378e-02 9.975803485808658611e-01 -1.626282278944158124e-02 1.089204741399599496e-01 1.157859153891319104e-02 1.551465957578655915e-02 9.998127202876596620e-01 1.629032139105260069e-01
9.960164748237366750e-01 -8.869211042979295578e-02 -9.222890775435145863e-03 1.010527465852159601e+01 8.852142234928406239e-02 9.959204861092019190e-01 -1.750697789229474152e-02 1.648051368049162080e-01 1.073799484951415938e-02 1.662081085771147798e-02 9.998043261599002252e-01 1.847381317180942228e-01
9.937088616510360017e-01 -1.116956195895141696e-01 -8.182777902958651012e-03 1.056027714527215089e+01 1.115609420928369427e-01 9.936384837300467066e-01 -1.539071425051993271e-02 2.348069182985336456e-01 9.849797628774902350e-03 1.438100690406094589e-02 9.998481972008608221e-01 1.850668384462558769e-01
9.906154155040691744e-01 -1.364460420889072600e-01 -7.984289742452417571e-03 1.102541850647264887e+01 1.363397921681867297e-01 9.905819888080892310e-01 -1.260724144510088143e-02 3.141471275716298250e-01 9.629302594148941158e-03 1.140034813534154118e-02 9.998887746147011590e-01 1.721660261093614919e-01
9.866562383225639943e-01 -1.626880241300757146e-01 -6.499779180558192329e-03 1.150357433617056913e+01 1.626228544590494762e-01 9.866422791366431522e-01 -9.538361275532024688e-03 4.147624751467177129e-01 7.964735449704208464e-03 8.354067768875903660e-03 9.999335115225682635e-01 1.806275943545005425e-01
9.819772292712287687e-01 -1.889857763448637151e-01 -2.297601279520533266e-03 1.198444545559765650e+01 1.889694307415731300e-01 9.819649468436791873e-01 -5.963120118934036804e-03 5.297282091570256757e-01 3.383110479295623526e-03 5.421467234236522666e-03 9.999797130479062268e-01 1.833527640038466744e-01
9.767900549291188561e-01 -2.141867320977883515e-01 2.328534204786811800e-03 1.247231266800999272e+01 2.141968344062916141e-01 9.767735629671916442e-01 -5.769587231952555753e-03 6.531261944390360785e-01 -1.038680562428988523e-03 6.134434836109542086e-03 9.999807828653406450e-01 1.760470778844028250e-01
9.710147982169740066e-01 -2.389900232535202007e-01 3.771475351418144845e-03 1.295995634060472845e+01 2.390080150259352165e-01 9.710025930006969119e-01 -5.413596154968509065e-03 7.866007449895567882e-01 -2.368318254074567707e-03 6.158091832885689322e-03 9.999783775232221616e-01 1.977149172194472559e-01
9.644789488274396749e-01 -2.641470236671095706e-01 2.627971659314154267e-03 1.344344052461217132e+01 2.641545269483678293e-01 9.644754100882806380e-01 -3.121487555996599501e-03 9.381008133377330971e-01 -1.710083945462619916e-03 3.704796677567951182e-03 9.999918212596676792e-01 2.127607374228432935e-01
9.567279427092706401e-01 -2.909835856139346144e-01 6.342990211979719324e-04 1.392707003189578074e+01 2.909842412329133321e-01 9.567257769171638726e-01 -2.033164860611344840e-03 1.100110370218410294e+00 -1.523424276264535407e-05 2.129754087537285342e-03 9.999978815649039898e-01 2.008716702609174287e-01
9.474453481946613076e-01 -3.199168141446707692e-01 -8.663567127018433804e-04 1.440539236400307388e+01 3.199097006572882429e-01 9.474368819569615185e-01 -4.616791032535249965e-03 1.276955712728459869e+00 2.297805111884024167e-03 4.096999122135504441e-03 9.999891179826607690e-01 1.888066363658137403e-01
9.365528184078389939e-01 -3.505223748541259621e-01 -1.757802665875097398e-03 1.487547297237492572e+01 3.504944719417655841e-01 9.365228543751400458e-01 -8.874040647824110034e-03 1.472174305967101526e+00 4.756768927138528037e-03 7.694905927264273325e-03 9.999592324087280826e-01 2.063791690719914695e-01
9.239394066200249389e-01 -3.825371630445605908e-01 -1.225073641929660603e-03 1.534210265489532610e+01 3.825052794718595273e-01 9.238955822545863450e-01 -1.033667356073856083e-02 1.689963020133774307e+00 5.085997735430569829e-03 9.081860992163471799e-03 9.999459773993806255e-01 2.367135889962830864e-01
9.096288441840786332e-01 -4.154198299277500617e-01 1.393764287145239688e-03 1.580760961023847067e+01 4.154194434835034033e-01 9.096057466317705176e-01 -6.652612873990168020e-03 1.931568509519564492e+00 1.495847798139137699e-03 6.630402238119589668e-03 9.999770548701422124e-01 2.416672811161675594e-01
8.939110322892070970e-01 -4.482271433049617171e-01 3.963633668777542286e-03 1.626757737411178795e+01 4.482410018818294706e-01 8.939044468182542058e-01 -3.876956653670491845e-03 2.184054404798860372e+00 -1.805356041220023420e-03 5.242313733460493043e-03 9.999847867967962545e-01 1.974629880823999262e-01
8.767133669763199633e-01 -4.809943498585396160e-01 4.280705465846291330e-03 1.672488074479210240e+01 4.810113057856393870e-01 8.767009489935554400e-01 -4.874211657945816574e-03 2.449628095069241951e+00 -1.408434542163253386e-03 6.332351086805597384e-03 9.999791165027562823e-01 1.923187334005181937e-01
8.583979135899216795e-01 -5.129694979493368834e-01 3.941428463212993429e-03 1.716849421414151422e+01 5.129846036517125007e-01 8.583713057465233165e-01 -6.759250326165284518e-03 2.736881763046308702e+00 8.407557412407935674e-05 7.824016373928306331e-03 9.999695475478734830e-01 2.234587551872874445e-01
8.392088401528022823e-01 -5.437976803864343900e-01 3.582593334570570703e-03 1.760322658515153904e+01 5.438080562415478214e-01 8.391735304567302656e-01 -7.795932440644754401e-03 3.045786390756306083e+00 1.232988202299829632e-03 8.490659872476312778e-03 9.999633587813706592e-01 2.541628655763595868e-01
8.186145255899255346e-01 -5.743359319231281512e-01 2.955087619734176642e-03 1.803497324422106374e+01 5.743398105685388888e-01 8.185799689759061248e-01 -7.798075437436047253e-03 3.373431980587877632e+00 2.059736437488203162e-03 8.080845216875073150e-03 9.999653967400482513e-01 2.441580401988093507e-01
7.965194145117793223e-01 -6.045967059535658494e-01 4.459396132327455436e-03 1.846402593566465455e+01 6.046130423829021439e-01 7.964938582251229748e-01 -6.387286385792236530e-03 3.712996099390864391e+00 3.098477839841391399e-04 7.783808986969176225e-03 9.999698287161005172e-01 2.226905296222754793e-01
7.743241362279946749e-01 -6.327158963416720239e-01 9.642651565462307534e-03 1.887655141624857080e+01 6.327697256963560335e-01 7.743301929701235098e-01 -3.927036530926559729e-03 4.068885948317928047e+00 -4.981899917401762766e-03 9.142380249851039462e-03 9.999459751948535091e-01 2.191579781973775898e-01
7.526941940002244147e-01 -6.581998368237976793e-01 1.498950344913935195e-02 1.927991431811790690e+01 6.583147800207089784e-01 7.527315320638650054e-01 -4.133632053014023658e-03 4.445290593886212172e+00 -8.562317485957007118e-03 1.297917566989750283e-02 9.998792877664666179e-01 2.247918272922230509e-01
7.307365680074451308e-01 -6.824842979698207968e-01 1.547630386728602279e-02 1.967746741680950961e+01 6.826001229846130336e-01 7.307845146888557464e-01 -3.355809587270031612e-03 4.848240740604489396e+00 -9.019558037179938384e-03 1.301634235395084452e-02 9.998747868937284400e-01 2.617811313152188513e-01
7.084551336147687506e-01 -7.056688099359266220e-01 1.109645139603274676e-02 2.006248938141679261e+01 7.057160933848309892e-01 7.084946980486054313e-01 -5.047044632640276416e-04 5.258377602324358691e+00 -7.505625085513458437e-03 8.188507615754144972e-03 9.999384946952540876e-01 2.611177471987337628e-01
6.868075013709679100e-01 -7.268154733066938267e-01 5.916796340788005662e-03 2.043176000515045843e+01 7.268168659697652467e-01 6.868275912738437405e-01 2.302203726467730218e-03 5.678026323145896725e+00 -5.737099362711647020e-03 2.719259280405658674e-03 9.999800391338687922e-01 2.376790342635292097e-01
6.666388481012111011e-01 -7.453804388481489740e-01 9.694138466327218524e-04 2.079803249137060561e+01 7.453618171212984533e-01 6.666304353436742769e-01 6.310473662485381260e-03 6.113661571029651576e+00 -5.349948231301554502e-03 -3.484240074590893351e-03 9.999798166046475201e-01 2.175017936126637241e-01
6.477098986576369510e-01 -7.618871748050655146e-01 3.362421852727366569e-04 2.116493430726877278e+01 7.618364614264931944e-01 6.476717855046015826e-01 1.125453280494733733e-02 6.572056305407194543e+00 -8.792462828368341823e-03 -7.033506745592470709e-03 9.999368078332359078e-01 2.200883068148738742e-01
6.295093647714817831e-01 -7.769925620447361014e-01 9.020825440226806508e-04 2.151756502347031486e+01 7.768505740220211786e-01 6.294157397875465021e-01 1.841789858088731940e-02 7.046064144763770187e+00 -1.487835934104422483e-02 -1.089344953294269294e-02 9.998301714467234813e-01 2.348708603474156664e-01
6.115700123482792350e-01 -7.911903549724491613e-01 4.890356235524556238e-04 2.186675706096502481e+01 7.909277297236190218e-01 6.113827301431531414e-01 2.539080895091066353e-02 7.532957692519221204e+00 -2.038795492183661032e-02 -1.514145735535931021e-02 9.996776858185396630e-01 2.197076403592262417e-01
5.933324169003791893e-01 -8.049559502998472338e-01 1.693207967453133622e-03 2.221747214612376808e+01 8.045261988609302417e-01 5.930819110482885570e-01 3.149050821967470937e-02 8.027466011343802776e+00 -2.635268590311089232e-02 -1.732210028950321307e-02 9.995028253507090010e-01 1.847310964248579379e-01
5.746302582468623132e-01 -8.183804493853082951e-01 7.336134598097606395e-03 2.256366115729403532e+01 8.178126273775404576e-01 5.745288083979310789e-01 3.315667991512904339e-02 8.524124064637312870e+00 -3.134960146548180365e-02 -1.305323916776943323e-02 9.994234536852021344e-01 1.558143037534889808e-01
5.550873664723479095e-01 -8.316901350913166180e-01 1.303311883116088643e-02 2.289226891127008656e+01 8.310516995888891367e-01 5.551861221363519894e-01 3.349113092947406112e-02 9.042222356608750289e+00 -3.509005109016610086e-02 -7.759299320427257528e-03 9.993542533201074107e-01 1.978279063416079342e-01
5.349801841233332578e-01 -8.447908238900009303e-01 1.118042846665321007e-02 2.319692165613112067e+01 8.441113151249941549e-01 5.350150376558053811e-01 3.514557618735062589e-02 9.570427114170660943e+00 -3.567235830665452939e-02 -9.364651385279179965e-03 9.993198873081505784e-01 2.080538407786687027e-01
5.136577560008498411e-01 -8.579766277018244791e-01 5.671382665038699443e-03 2.349976843966429030e+01 8.573550948386247095e-01 5.135185574309573120e-01 3.522991965658638785e-02 1.010903169499187015e+01 -3.313880772897300625e-02 -1.323372255336348509e-02 9.993633734797104928e-01 1.498879652697847065e-01
4.914584147500249967e-01 -8.708947420420974916e-01 3.365467746172602463e-03 2.380186905629384952e+01 8.703175327430222596e-01 4.912668285520309097e-01 3.470610244193834265e-02 1.065247613690776340e+01 -3.187870423838187750e-02 -1.412756940162669846e-02 9.993921304211450529e-01 9.002370748686594482e-02
4.686997853343382037e-01 -8.833370025509981183e-01 6.050373801780242408e-03 2.409540197824333774e+01 8.828271581896303122e-01 4.686446510927052000e-01 3.144233537818462432e-02 1.120819185179410304e+01 -3.060965320702871417e-02 -9.395570589081634824e-03 9.994874934276483103e-01 6.371138608045619212e-02
4.454633609216519519e-01 -8.951873766708607905e-01 1.422400415418741820e-02 2.438001036638506491e+01 8.947375059489158788e-01 4.456903801359141659e-01 2.837434313346740705e-02 1.179003767759461141e+01 -3.173985569701899545e-02 8.703019594333571984e-05 9.994964056334032509e-01 9.444960496699229824e-02
4.216831564760454287e-01 -9.065645428345432411e-01 1.801155299301692575e-02 2.463597692433829778e+01 9.060939947239443626e-01 4.220496540147717357e-01 2.946173949961467323e-02 1.238849200410861684e+01 -3.431073793572414488e-02 3.896648523501205445e-03 9.994038679740756548e-01 1.540000972486011976e-01
3.964820390943596951e-01 -9.179954997415759044e-01 9.307705580653764105e-03 2.485948289414037760e+01 9.173345803548201838e-01 3.965540041274244198e-01 3.524802513205906734e-02 1.299396291972854556e+01 -3.604853580247165123e-02 -5.436920351555759798e-03 9.993355063607699540e-01 1.341085465742322957e-01
3.705623799529846885e-01 -9.288048190647009150e-01 2.349854627819131497e-03 2.509129768220056533e+01 9.281263014268347211e-01 3.703862296489459638e-01 3.736099606068225831e-02 1.359668095121131692e+01 -3.557142552537986835e-02 -1.166360894034783498e-02 9.992993339290301424e-01 -3.370459815537029530e-02
3.435568493344890451e-01 -9.391003719603829847e-01 7.718667876841079148e-03 2.532909030799934769e+01 9.386043582346924596e-01 3.436277030680884859e-01 3.069360207540337143e-02 1.420797788694877362e+01 -3.147671985454111171e-02 -3.300213503688464393e-03 9.994993025759590921e-01 -9.927310444439985115e-02
3.172997945496076055e-01 -9.482190124590135216e-01 1.421083991074022918e-02 2.552529145938866506e+01 9.480257854727696110e-01 3.175406008011615877e-01 2.037936495731340961e-02 1.481600523037812778e+01 -2.383661817645845588e-02 7.005882055614805898e-03 9.996915909653786292e-01 2.679002399483701446e-02
2.922742974469738630e-01 -9.562879558694843407e-01 9.460208120357756212e-03 2.568443736586952397e+01 9.562506188251332917e-01 2.923654619327660242e-01 1.036500255581213059e-02 1.544688972584868125e+01 -1.267776391519021516e-02 6.016913683833574437e-03 9.999018090244936596e-01 1.426469557376096597e-01
2.653524750250861874e-01 -9.641501406259737061e-01 1.728871681286786198e-03 2.584806676252961211e+01 9.641514972602603928e-01 2.653528515561320855e-01 -1.771638859524183864e-05 1.611083257792584789e+01 -4.416787444432611408e-04 1.671603347539907247e-03 9.999987870601042550e-01 5.362386528932049090e-02
2.372669586473651337e-01 -9.714431710307521728e-01 -1.726397407946203251e-03 2.601590265356112042e+01 9.714345691642396474e-01 2.372722263000979770e-01 -4.125119402387383838e-03 1.677184486447623968e+01 4.416948184586631972e-03 -6.983199974213112138e-04 9.999902865682060993e-01 -8.661044399390546711e-02
2.112230592781184357e-01 -9.774369024368899650e-01 -1.532729911964650317e-03 2.615689158773994194e+01 9.774313945746662124e-01 2.112156224362721491e-01 4.010548501992753853e-03 1.743794520086662203e+01 -3.596318314537614962e-03 -2.345250828107021002e-03 9.999910733607696445e-01 -1.165343031620818259e-01
1.883998873784688277e-01 -9.820760129913115311e-01 5.711112219745264479e-03 2.627441422482300482e+01 9.818927616056504215e-01 1.884756937556944512e-01 1.907297942521474221e-02 1.812696631987871498e+01 -1.980751737501349613e-02 2.014360422053612740e-03 9.998020767164492728e-01 -6.959405836486759478e-02
1.670777493836801963e-01 -9.858212190072120906e-01 1.555569287122111552e-02 2.638454569486834345e+01 9.854543368674063553e-01 1.674711532511699019e-01 2.886914428371293098e-02 1.883705464429202436e+01 -3.106494009184749411e-02 1.050604095806004917e-02 9.994624477149464115e-01 -1.054864232249998071e-03
1.468969336529258596e-01 -9.888755404580554798e-01 2.338571993919508901e-02 2.649174756494071659e+01 9.886549173062972873e-01 1.475314994640643251e-01 2.821665377393145144e-02 1.955018092098217508e+01 -3.135288401061570029e-02 1.897547410508796176e-02 9.993285392046048488e-01 2.399472715376263846e-02
1.292828199554895696e-01 -9.913835812471051279e-01 2.109465880174029445e-02 2.658337419616338337e+01 9.912034769168445170e-01 1.298083877587331014e-01 2.580172732779913505e-02 2.026707647520233024e+01 -2.831766781093037963e-02 1.757338445014050218e-02 9.994447955214418311e-01 -6.253096098355660944e-03
1.147776867180011484e-01 -9.932754389735808376e-01 1.517994075532330504e-02 2.666693147408054543e+01 9.930034140634250717e-01 1.151465120095235412e-01 2.618740112407541565e-02 2.099973069146661331e+01 -2.775921495644776901e-02 1.206800922676786250e-02 9.995421007039066996e-01 -1.001739329786735105e-01
1.036467502017229952e-01 -9.945210690810641907e-01 1.362540079958781195e-02 2.674247430984416596e+01 9.941730198869834778e-01 1.039991094186974718e-01 2.836325686293738463e-02 2.173142044223508762e+01 -2.962488578187176536e-02 1.060625038548994488e-02 9.995051301452749781e-01 -1.657599202887887757e-01
9.647642294671081309e-02 -9.952042289932767627e-01 1.616500618739007133e-02 2.681192438789046051e+01 9.948721846231614041e-01 9.691427294032813056e-02 2.893533653564390670e-02 2.246517523375239023e+01 -3.036318520157503531e-02 1.329053588650921762e-02 9.994508875109754387e-01 -1.427256296903705868e-01
9.227728319155945047e-02 -9.955860042833475365e-01 1.714284140332134748e-02 2.687518733842338392e+01 9.953951322383667311e-01 9.268107810175178762e-02 2.447546461988495820e-02 2.321504033900413688e+01 -2.595624296787104116e-02 1.480536905519066332e-02 9.995537599807010620e-01 -8.820278866498522385e-02
8.932033895925461930e-02 -9.958943889357116941e-01 1.472105218447681413e-02 2.693854248363384940e+01 9.958316620319542789e-01 8.956946981232624672e-02 1.723131994404300538e-02 2.398960645215647247e+01 -1.847912805181047002e-02 1.312057980916225310e-02 9.997434793671228226e-01 -1.006742413134259079e-01
8.753966999351418810e-02 -9.960971359095529554e-01 1.130357668250788448e-02 2.700647723253576515e+01 9.960584420785479898e-01 8.768801290928394943e-02 1.336798770989285241e-02 2.475711707541276141e+01 -1.430699984404462145e-02 1.008879013777797158e-02 9.998470800659147173e-01 -1.741864724008219401e-01
8.773678764383155415e-02 -9.960910190121208263e-01 1.026687135815670948e-02 2.708082411469539608e+01 9.960274621479608959e-01 8.787946483966400935e-02 1.438095800097681509e-02 2.551899834141534384e+01 -1.522698823037324858e-02 8.964344362439320701e-03 9.998442104138836051e-01 -2.260311002578469508e-01
9.060286801914510524e-02 -9.957646475121343377e-01 1.563200692384095550e-02 2.716072444929230301e+01 9.957016548342463302e-01 9.087789375574702178e-02 1.788145348417203087e-02 2.629025186868689445e+01 -1.922632039517287519e-02 1.394470239125150668e-02 9.997182437806695354e-01 -2.220315881149179382e-01
9.529209981650184347e-02 -9.952416455296400066e-01 2.034589771479246995e-02 2.723653509790152683e+01 9.951744613138802098e-01 9.572635105853959103e-02 2.155437466356738968e-02 2.708073570695773213e+01 -2.339944689419989204e-02 1.819375479090247494e-02 9.995609720408962229e-01 -1.717913159429992898e-01
1.011540689714737762e-01 -9.947069814341301663e-01 1.806535690482147585e-02 2.730850438292586446e+01 9.945681778615195201e-01 1.015546038899859116e-01 2.282850290172918489e-02 2.787802472038632473e+01 -2.454228803252486019e-02 1.565803174185604121e-02 9.995765099877860216e-01 -1.488401670858647274e-01
1.066032270731547132e-01 -9.942457328162548347e-01 1.056682935698440538e-02 2.738462472543007209e+01 9.941237379568190757e-01 1.067792783558340342e-01 1.779099208148827299e-02 2.868033601370559893e+01 -1.881693339570037621e-02 8.608157750079864501e-03 9.997862385328053492e-01 -1.988238394811171761e-01
1.111015328212477532e-01 -9.937933115196653233e-01 5.638031779561350314e-03 2.747764069067579840e+01 9.937781014188739048e-01 1.111412100822090077e-01 7.284408382378830017e-03 2.948510390923430080e+01 -7.865811675174224152e-03 4.793642762485583221e-03 9.999579276009628037e-01 -2.660705801066893805e-01
1.160310309662887507e-01 -9.932246961626348680e-01 6.479953371698717046e-03 2.758622391355432768e+01 9.932454666098283758e-01 1.160335918080860895e-01 1.208934554575851288e-05 3.029653222615171515e+01 -7.638976124738194179e-04 6.434780462803487561e-03 9.999793625024818722e-01 -2.801875011349936329e-01
1.216459811820846948e-01 -9.925415085056170650e-01 8.006082381154829355e-03 2.768751499686349504e+01 9.925636706403899723e-01 1.216771546028707213e-01 3.520567092960207294e-03 3.111868608434936334e+01 -4.468463900082331360e-03 7.518282336398504802e-03 9.999621182387737894e-01 -2.278895454815881849e-01
1.273735566761950433e-01 -9.918489911574774887e-01 3.470994640583603338e-03 2.777067613190459738e+01 9.917937551963199594e-01 1.274038562065958058e-01 1.066662466912456607e-02 3.193903878950830588e+01 -1.102189661764144124e-02 2.083864323486633689e-03 9.999374562167935299e-01 -1.822451521909532468e-01
1.317254726434227974e-01 -9.912649715886445723e-01 -6.530813103254433545e-03 2.785591750887993356e+01 9.912699066987801233e-01 1.316824502236086658e-01 6.639128582298428442e-03 3.277498164335987951e+01 -5.721139942804227135e-03 -7.348340739357760859e-03 9.999570072604179183e-01 -2.159798917641553573e-01
1.345289720803723166e-01 -9.908007194471718515e-01 -1.471009201672818928e-02 2.796937205573477314e+01 9.908851510373997140e-01 1.346156599090312656e-01 -5.062239077266531342e-03 3.363608486128331521e+01 6.995880294243608973e-03 -1.389499345052581415e-02 9.998793652332220727e-01 -2.803225877077392125e-01
1.378718658433225053e-01 -9.903055496813677472e-01 -1.693426065979630399e-02 2.810983680607934332e+01 9.904064932357211637e-01 1.380064085074671487e-01 -7.042392747828564448e-03 3.450808428575546571e+01 9.311157877696653665e-03 -1.580085361670458335e-02 9.998321860072496570e-01 -2.879273415658094581e-01
1.426988967997980529e-01 -9.896555612456005013e-01 -1.481211602538387573e-02 2.823962527256963639e+01 9.897572466939493774e-01 1.426175305493417034e-01 6.420466110802935944e-03 3.538335051398669151e+01 -4.241581256473170303e-03 -1.557659201088357030e-02 9.998700659962032056e-01 -2.490382268909674679e-01
1.474668488609209571e-01 -9.890220146790981159e-01 -9.459801981609266414e-03 2.835226211077334213e+01 9.889174967672176297e-01 1.472714484258799417e-01 1.880712604820922174e-02 3.626266648881675536e+01 -1.720750070207961030e-02 -1.212839124669731761e-02 9.997787696770439325e-01 -2.312895674613754116e-01
1.508818327461074194e-01 -9.885211967882309159e-01 -7.811746777545234416e-03 2.847695389715380543e+01 9.884027891150070078e-01 1.507171189298763814e-01 1.856570380732410624e-02 3.715120788395353202e+01 -1.717522547267016225e-02 -1.052237980279371876e-02 9.997975213494048052e-01 -2.253353673688766601e-01
1.531998295273050148e-01 -9.880879170869492079e-01 -1.458039633194480739e-02 2.861569651707063855e+01 9.881679177760435140e-01 1.530688580041607572e-01 9.721390073122702230e-03 3.805563460976109269e+01 -7.373781797916400746e-03 -1.589719482127677219e-02 9.998468407514164991e-01 -2.274062741518865505e-01
1.552349440260952229e-01 -9.876076806794414908e-01 -2.310171221301074440e-02 2.875856762325665983e+01 9.878754072777204964e-01 1.552434871623459833e-01 1.436956052140976299e-03 3.897161511666577383e+01 2.167242588611962770e-03 -2.304467823805445709e-02 9.997324919971056767e-01 -2.707260946828173864e-01
1.582513032569127509e-01 -9.870788146097565496e-01 -2.514856578077612898e-02 2.890932393264090905e+01 9.873856099572441147e-01 1.583309009083104235e-01 -1.190518117663338926e-03 3.988053806089321540e+01 5.156931178687268122e-03 -2.464292990679798484e-02 9.996834270235391839e-01 -2.905992214038064514e-01
1.629756111216633940e-01 -9.863393920288159311e-01 -2.395967758289980695e-02 2.905686911134952055e+01 9.866274304718470889e-01 1.629858401712729887e-01 1.541341278645192749e-03 4.079521233524837953e+01 2.384803651356467904e-03 -2.389047496146208191e-02 9.997121549964507192e-01 -2.564767331471179412e-01
1.678078218118388143e-01 -9.854840844361748564e-01 -2.573263136621506755e-02 2.919593809406549312e+01 9.858198920548317812e-01 1.677421422919689875e-01 4.708303673297528462e-03 4.174285060413122750e+01 -3.235101681998503670e-04 -2.615782898693049321e-02 9.996581954065363318e-01 -2.251963388408927957e-01
1.717840592119872223e-01 -9.846199497795657951e-01 -3.184826660343632182e-02 2.934138706709928712e+01 9.851322524131063130e-01 1.717680794420508861e-01 3.259787753368333096e-03 4.269605657891948169e+01 2.260864912920147046e-03 -3.193473272964493515e-02 9.994878249677011661e-01 -2.282473426026070951e-01
1.767513651269462249e-01 -9.834403560143857304e-01 -4.005681264098313182e-02 2.950562973999474181e+01 9.842032866226083643e-01 1.770158032884238675e-01 -3.124031880590359515e-03 4.362991140849567273e+01 1.016298836990845236e-02 -3.887186857690251574e-02 9.991929535231687254e-01 -2.432127982655148957e-01
1.836188125916415059e-01 -9.818827504862753797e-01 -4.680730828305473823e-02 2.968578766489138587e+01 9.828460600548643011e-01 1.842187833600233415e-01 -8.805256799073799337e-03 4.457946936379496350e+01 1.726851514049805580e-02 -4.438756648281847600e-02 9.988655650440830813e-01 -2.377744767199135578e-01
1.915029044666258506e-01 -9.802411197225451289e-01 -4.954305939463381908e-02 2.986964110507041070e+01 9.813333413519218507e-01 1.921362346048756387e-01 -8.307664204331125998e-03 4.556038040641460896e+01 1.766253108958630580e-02 -4.702731222517357590e-02 9.987378783389516679e-01 -2.152715264238599657e-01
1.989866952318246340e-01 -9.788378350452675569e-01 -4.776317931077084245e-02 3.005585484024215148e+01 9.799091821746558351e-01 1.994036675490252208e-01 -4.080585261448316410e-03 4.654952145068031655e+01 1.351838499771942578e-02 -4.599159361493557197e-02 9.988507972403595225e-01 -1.949303036072824735e-01
2.055584755914616202e-01 -9.774821136407615407e-01 -4.769660298284224970e-02 3.025159109036507488e+01 9.785881274347369985e-01 2.058280582135071923e-01 -7.569166609993608795e-04 4.752566440052799379e+01 1.055717242651621306e-02 -4.651973677584886335e-02 9.988620310475937458e-01 -1.561866528027232859e-01
2.115234275460227686e-01 -9.758257374342188539e-01 -5.497738773100408621e-02 3.044886828825451985e+01 9.773298550519627925e-01 2.117087660028681151e-01 2.498540622530705854e-03 4.850337999097015285e+01 9.201055374965192227e-03 -5.425953972770278244e-02 9.984849283290306854e-01 -1.309365911343255973e-01
2.175227573695041050e-01 -9.741551072781325926e-01 -6.087877918295928059e-02 3.065606206950662127e+01 9.760068711583621548e-01 2.177109981747755718e-01 3.605368701699809223e-03 4.950176632457772996e+01 9.741792602851708643e-03 -6.020235353196511791e-02 9.981391128549831349e-01 -1.677378873866154918e-01
2.231662740918758103e-01 -9.729499158125888281e-01 -5.971458929944482158e-02 3.088301388939877157e+01 9.746507964015783676e-01 2.237173451624631104e-01 -2.621028330609864645e-03 5.049896250106740325e+01 1.590931943502252310e-02 -5.761594406767133608e-02 9.982125145904557906e-01 -1.756420225735088325e-01
2.276826652105152782e-01 -9.720006502655215153e-01 -5.810250340712993372e-02 3.112508418037849367e+01 9.734114506588049665e-01 2.287409597395154703e-01 -1.217456223596539121e-02 5.149105715712511966e+01 2.512410515052203308e-02 -5.378570287443821402e-02 9.982368522274097655e-01 -1.105744603270826798e-01
