1.000000000000000000e+00 1.340647807916491148e-19 -4.035537943246326386e-21 1.734723475976807094e-18 -6.058368000060349672e-19 1.000000000000000000e+00 -6.966187348603874941e-19 0.000000000000000000e+00 -2.538576587129467840e-20 -1.678459064301256428e-19 9.999999999999998890e-01 0.000000000000000000e+00
9.999934407690052041e-01 -1.815786254751699559e-03 -3.133902199661216421e-03 -8.025437501284534564e-03 1.812228274393574848e-03 9.999977107761059969e-01 -1.137660491330001180e-03 -2.398152248760104799e-02 3.135960352613494095e-03 1.131973776977212047e-03 9.999944421766133740e-01 7.123497194812747901e-01
9.999778526001359413e-01 -9.984925886177844177e-04 -6.580071155696027088e-03 -1.200898551889331353e-02 9.860352593583205337e-04 9.999977162095241567e-01 -1.896129665021678437e-03 -2.133856295191231128e-02 6.581948518079957199e-03 1.889599648214604875e-03 9.999765534024928071e-01 1.428101839958785479e+00
9.999462570130195349e-01 -7.898281608420271030e-04 -1.033727655222183364e-02 -1.940666742333260752e-02 7.618488880157414265e-04 9.999960369746107025e-01 -2.710279803992245076e-03 -2.393423258309770874e-02 1.033937485642079726e-02 2.702258932506884127e-03 9.999428959193521482e-01 2.168690432726393169e+00
9.998812942596878584e-01 2.740960820894012889e-04 -1.540526914845253420e-02 -3.520814937497315084e-02 -3.255669781261540802e-04 9.999943734652093630e-01 -3.338717709495624304e-03 -3.011636506944661423e-02 1.540426527925708132e-02 3.343337118908667679e-03 9.998757576117197621e-01 2.896892602097028480e+00
9.998066474482976140e-01 -2.489101583012755443e-04 -1.966229499239426082e-02 -5.475747695903138146e-02 1.849821099636779595e-04 9.999946917056049545e-01 -3.253050145923833732e-03 -3.907161982906625503e-02 1.966299770347568893e-02 3.248784270576168462e-03 9.998013861995872498e-01 3.610434961062139347e+00
9.997025206675730358e-01 5.811641978424481611e-04 -2.438303792256648825e-02 -9.141052569915245063e-02 -6.783004992878409510e-04 9.999918668661420540e-01 -3.975688560425162665e-03 -4.885422236263493867e-02 2.438052582049107450e-02 3.991045250559239511e-03 9.996947841265042545e-01 4.401020908614842853e+00
9.995569144019468277e-01 3.708085559358923183e-03 -2.953345807077713270e-02 -1.256888147474706507e-01 -3.841547747337118249e-03 9.999826592923921620e-01 -4.463586551718414300e-03 -6.576415740332411386e-02 2.951639063040894378e-02 4.575063393350045984e-03 9.995538261278084091e-01 5.171660152073044081e+00
9.994196947707273404e-01 4.914266051867898465e-03 -3.370643725854000072e-02 -1.557862201155812421e-01 -5.054013804045486870e-03 9.999789778725973743e-01 -4.062109477800321389e-03 -6.965514060008561048e-02 3.368576188437253510e-02 4.230105393150628001e-03 9.994235215660376426e-01 5.955413830971594713e+00
9.992561058208396796e-01 5.303010418358618944e-03 -3.819834199576771505e-02 -2.032261755228749189e-01 -5.386137678092927338e-03 9.999833445997806658e-01 -2.073649831103248613e-03 -8.493649296368777080e-02 3.818670408927422877e-02 2.277849008037163576e-03 9.992680254986994193e-01 6.749620175812196088e+00
9.991288218183671521e-01 4.456160316004740413e-03 -4.149385924649455493e-02 -2.351607135910619428e-01 -4.449743923073646960e-03 9.999900693372338889e-01 2.469700788350240686e-04 -9.664574398826700219e-02 4.149454216568691095e-02 -6.211784132445640643e-05 9.991387285134425422e-01 7.557367773607894357e+00
9.990199619204201964e-01 4.350398676261278859e-03 -4.404758854768960757e-02 -2.980680695738325836e-01 -4.356573440862119249e-03 9.999905091056578987e-01 -4.420992863883073257e-05 -1.174769850497946883e-01 4.404697226636496155e-02 2.360632166505064876e-04 9.990294330895762576e-01 8.361817961514226738e+00
9.989078594726926719e-01 3.621885755573185216e-03 -4.658294323600697950e-02 -3.132173811497284688e-01 -3.639712442872923472e-03 9.999933318508462676e-01 -2.978879591813258804e-04 -1.125745774847552588e-01 4.658154745810356989e-02 4.671112232895294788e-04 9.989143811559534347e-01 9.200933083959171199e+00
9.988107067549525375e-01 3.250330161567404914e-03 -4.864779365192096333e-02 -3.474030531209447714e-01 -3.276297213450999127e-03 9.999945298336205823e-01 -4.540598372039764846e-04 -1.324635732838021496e-01 4.864604517932600430e-02 6.129045525669578462e-04 9.988158920661018847e-01 1.004095407644915738e+01
9.987183137609534356e-01 2.233079578931783382e-03 -5.056425161449940031e-02 -4.000243225540865422e-01 -2.228696028283809819e-03 9.999975062175324725e-01 1.430663144389089810e-04 -1.429940842882624907e-01 5.056443822128842830e-02 -3.019055851338514165e-05 9.987207999503127098e-01 1.087758556403866628e+01
9.986522419662084982e-01 -1.174959312449366453e-03 -5.188756621291709670e-02 -4.687727675382116210e-01 1.176422848104516404e-03 9.999993080125839651e-01 -2.329623894487078847e-06 -1.433215060582017641e-01 5.188752608841761677e-02 -5.871519516347009757e-05 9.986529330784230662e-01 1.172497897746688800e+01
9.985797552431689983e-01 1.211611289858205605e-03 -5.326354178204129042e-02 -5.415409293138661040e-01 -1.307390578559718434e-03 9.999975905463422965e-01 -1.763412867326966333e-03 -1.598415267742093748e-01 5.326126973890234900e-02 1.830544838951277510e-03 9.985789331801689928e-01 1.262292028370445252e+01
9.984560035447044291e-01 3.410981941650399578e-03 -5.544343690078644415e-02 -5.675726105659575360e-01 -3.640600213496588810e-03 9.999852079509760072e-01 -4.041025937730040492e-03 -1.764521480932534081e-01 5.542882549000047177e-02 4.236634393499160746e-03 9.984536522767962774e-01 1.348729499362195128e+01
9.983798031736450529e-01 6.297228327788004405e-03 -5.655187058985971377e-02 -6.307476050609638341e-01 -6.630504619964482267e-03 9.999617290586123586e-01 -5.707608192457625657e-03 -1.929841728015552205e-01 5.651375662145701612e-02 6.073328733786818000e-03 9.983833479626289531e-01 1.437446004313388670e+01
9.982856975666680732e-01 6.895938787701260016e-03 -5.812153325756740790e-02 -6.843186547354523919e-01 -7.217418773618938625e-03 9.999597859823221579e-01 -5.323086268838083182e-03 -1.968879617218942668e-01 5.808248050704838128e-02 5.733448859141538657e-03 9.982953232852459502e-01 1.525338349835107543e+01
9.982273940288045599e-01 6.231188456205470454e-03 -5.918819715512018548e-02 -7.312844254530908028e-01 -6.514414121168817656e-03 9.999682308362181082e-01 -4.593440466308394525e-03 -2.220728068195986227e-01 5.915768628380789484e-02 4.970874996379522417e-03 9.982362736373350254e-01 1.615025819331381030e+01
9.981604085186519537e-01 5.978136179279808227e-03 -6.033292098285857052e-02 -7.983107218583186393e-01 -6.215918008371346982e-03 9.999736335553768285e-01 -3.754268149915412824e-03 -2.408181049842654242e-01 6.030887861805279970e-02 4.122386714271466211e-03 9.981712500943991095e-01 1.703337467570030128e+01
9.980985427995200387e-01 6.049382362731865227e-03 -6.134088728931004486e-02 -8.532867043218331782e-01 -6.257217253637109393e-03 9.999753138914879713e-01 -3.196687828539446826e-03 -2.645847590413883399e-01 6.132002682462681792e-02 3.574433071828097847e-03 9.981117558401433332e-01 1.796443660021156674e+01
9.980033732489984599e-01 5.424423260862425676e-03 -6.292728550602551263e-02 -9.061841025900941871e-01 -5.689831006343877909e-03 9.999756547391556172e-01 -4.039272908785924120e-03 -2.636998015938876727e-01 6.290383437688545909e-02 4.389254026240537072e-03 9.980099405572138149e-01 1.886775821640105022e+01
9.979336639846544399e-01 5.833305384398014722e-03 -6.398730734338915760e-02 -9.472385939033650670e-01 -6.112701717336028150e-03 9.999726161246735856e-01 -4.171552447388393071e-03 -2.895085291455669063e-01 6.396121262038670374e-02 4.554068374082868506e-03 9.979419938570784909e-01 1.977603262111262339e+01
9.978921274880063752e-01 5.031186580999052679e-03 -6.469922515637022142e-02 -1.032112241188790192e+00 -5.244870469545429882e-03 9.999813366372374279e-01 -3.133319111468688307e-03 -3.003850667645683870e-01 6.468224467651675913e-02 3.466053872849534159e-03 9.978998912915453268e-01 2.072667908932047709e+01
9.978815352479485368e-01 5.810424142846849598e-03 -6.479723191793368420e-02 -1.115935518897105183e+00 -5.825773294405647666e-03 9.999830288800839462e-01 -4.795349999253322929e-05 -2.942472707714218205e-01 6.479584492712324451e-02 4.253459904843677431e-04 9.978984501927120609e-01 2.165301403887777454e+01
9.979419498571905356e-01 5.794772807553943104e-03 -6.386145932741160713e-02 -1.157659150489972477e+00 -5.548940710046838636e-03 9.999764994715290012e-01 4.026133605425609267e-03 -3.064850158372044442e-01 6.388328051827263376e-02 -3.663484409498743780e-03 9.979506524362665720e-01 2.255997608185339232e+01
9.980524323569164302e-01 5.171401999857775517e-03 -6.216590301844145128e-02 -1.213628726370604038e+00 -4.757600193357676074e-03 9.999655444936564885e-01 6.802577619463096026e-03 -3.192298555885156874e-01 6.219893158612923439e-02 -6.493569101075498916e-03 9.980426473068224613e-01 2.352236874412286838e+01
9.981530156513674923e-01 3.522583511950521610e-03 -6.064774809171848829e-02 -1.283586538444969394e+00 -3.064590689676367514e-03 9.999660955577009958e-01 7.643037477588910354e-03 -3.232268794510060328e-01 6.067260696536792147e-02 -7.443060937019374892e-03 9.981299689959757249e-01 2.446075654496352314e+01
9.982274430230086981e-01 4.217073133775752630e-03 -5.936487906764086053e-02 -1.350116454001475619e+00 -3.894061242159089099e-03 9.999769846939503548e-01 5.555750869930800064e-03 -3.361249269830006159e-01 5.938693381347046052e-02 -5.314732890747424568e-03 9.982208899494428023e-01 2.540238121724234688e+01
9.982532332879869852e-01 8.829961645148756352e-03 -5.841673209293398589e-02 -1.415157904892724083e+00 -8.755746977339412540e-03 9.999605029388103361e-01 1.526246355569552517e-03 -3.517735111315558605e-01 5.842789367658541427e-02 -1.012098259281613661e-03 9.982911180341785817e-01 2.634541889643345769e+01
9.983131727957064161e-01 8.200890397539664992e-03 -5.747656027309867161e-02 -1.467560268040715377e+00 -8.318282106590696098e-03 9.999637761116606516e-01 -1.803500400600943025e-03 -3.735196033549286199e-01 5.745968024787295042e-02 2.278564692453033131e-03 9.983452272439599096e-01 2.730879581651816324e+01
9.983846068345846314e-01 7.685604110195292521e-03 -5.629483870035893733e-02 -1.524967111124368113e+00 -7.756317123693928783e-03 9.999693808177124721e-01 -1.037758528460375456e-03 -3.844425531765980342e-01 5.628513166177644828e-02 1.472722936992403682e-03 9.984136490106869655e-01 2.827028559210367931e+01
9.983917165353575207e-01 4.716108499805206009e-03 -5.649547949823924275e-02 -1.582814784599044344e+00 -4.528176233090268517e-03 9.999837824914770135e-01 3.454036396994923219e-03 -3.929255582781560618e-01 5.651084531970355235e-02 -3.192660048657899700e-03 9.983968803838177974e-01 2.925627710270215687e+01
9.983422827083631157e-01 -3.274975543312916640e-03 -5.746269765579152533e-02 -1.636081537595430513e+00 3.661594904546503892e-03 9.999713559794354278e-01 6.624194781722508689e-03 -3.913415186696182491e-01 5.743934990839454774e-02 -6.823619371966451949e-03 9.983256777012348149e-01 3.024968725147245863e+01
9.982164717054254899e-01 -1.137908364270985573e-02 -5.860369129309252884e-02 -1.685168387541013724e+00 1.178214894228088797e-02 9.999092207662009235e-01 6.536910077039412119e-03 -4.080576744844295334e-01 5.852397938575585462e-02 -7.215729281406826380e-03 9.982599243311913728e-01 3.123549706145261950e+01
9.981975868053755141e-01 -9.041427049803105534e-03 -5.932816245902781255e-02 -1.732781442620606738e+00 9.229944297708871787e-03 9.999531855102335998e-01 2.904293245453985761e-03 -4.374560557759801793e-01 5.929911812523900455e-02 -3.446654381893743142e-03 9.982343084627705032e-01 3.223060504356718070e+01
9.980847708711210187e-01 -6.985548733909060538e-03 -6.146537941196609373e-02 -1.789764250716822325e+00 6.972748584226549050e-03 9.999756007460059992e-01 -4.227184882174836260e-04 -4.427441830578003334e-01 6.146682437728613613e-02 -6.673704994274278858e-06 9.981091267256951838e-01 3.320811857381412580e+01
9.980115296221545584e-01 -7.177381969196850418e-03 -6.262166200986292453e-02 -1.863906806095910085e+00 7.099892666480377840e-03 9.999737298622639603e-01 -1.459831562588885610e-03 -4.644263845196179852e-01 6.263048629784122301e-02 1.012321782940212283e-03 9.980362702669811625e-01 3.421319336991484761e+01
9.979340549656654513e-01 -9.442181096603797022e-03 -6.354894020375634334e-02 -1.917253255666592882e+00 9.449489257031691222e-03 9.999553353671261080e-01 -1.855283889514021899e-04 -4.904602904567008093e-01 6.354784507867561327e-02 -4.153599170735050995e-04 9.979787062957380384e-01 3.519878996159762607e+01
9.978318122567317872e-01 -8.786776092932392299e-03 -6.522628066626945387e-02 -2.002468086149146842e+00 8.955332727794466929e-03 9.999572728116292719e-01 2.292284792468733765e-03 -4.756997328807502368e-01 6.520334318623939585e-02 -2.871437920595141038e-03 9.978678661043669518e-01 3.621124839640012283e+01
9.977978575156258856e-01 -3.274947165365691033e-03 -6.624734672304460892e-02 -2.064649741841107833e+00 3.520087423041179213e-03 9.999873818805050663e-01 3.584002500015322744e-03 -5.009013110478006681e-01 6.623476450236295832e-02 -3.809306725399174039e-03 9.977967951714531436e-01 3.720589452359928373e+01
9.977192620058553674e-01 -5.710525850674967249e-03 -6.725819524009039874e-02 -2.145786088182983775e+00 6.114381473032001052e-03 9.999644850825758491e-01 5.800252082821872289e-03 -5.001754152923763019e-01 6.722267505935199117e-02 -6.198265944569207250e-03 9.977187443040788084e-01 3.822312047758482834e+01
9.976956992685239722e-01 -5.359504651704360793e-03 -6.763555343227789507e-02 -2.202067672545771959e+00 5.991844335622433133e-03 9.999401873245095107e-01 9.149840925656405055e-03 -5.074642278349328350e-01 6.758246028078354617e-02 -9.534019374840182678e-03 9.976681376117825240e-01 3.919887841487672375e+01
9.976934642607986348e-01 -1.167273947488155781e-03 -6.787038798729103095e-02 -2.297305365381152598e+00 1.948603898230064253e-03 9.999325819263981119e-01 1.144703277674099205e-02 -5.074266571945824644e-01 6.785244136630375067e-02 -1.155288317745492739e-02 9.976284761140572499e-01 4.022495788036607678e+01
9.977270961372214364e-01 1.638733060386882200e-03 -6.736435930966497287e-02 -2.362281734273542710e+00 -8.635646098931292055e-04 9.999331013095696941e-01 1.153460757189023189e-02 -5.306319812729726193e-01 6.737874582434121018e-02 -1.145021791920300923e-02 9.976617645238474719e-01 4.120125825591381385e+01
9.977082419071466868e-01 -1.157728233463131001e-03 -6.765297047680288167e-02 -2.424970877238386446e+00 1.809241471636841188e-03 9.999525721188148308e-01 9.569752984733632256e-03 -5.399741660112946651e-01 6.763867358995319379e-02 -9.670222720149621379e-03 9.976630172032847632e-01 4.223435903456615392e+01
9.977339342846852643e-01 2.391853905971439570e-03 -6.724043522179543042e-02 -2.522006292596824739e+00 -1.905632493678251693e-03 9.999715805357386467e-01 7.294291711786451450e-03 -5.455405278350825560e-01 6.725596214538615003e-02 -7.149627334788194975e-03 9.977101370948529002e-01 4.318553911275868984e+01
9.976783858039782737e-01 3.386574288211863064e-03 -6.801742680706529542e-02 -2.575153918807327802e+00 -2.879268781381097778e-03 9.999673145697908216e-01 7.555104682173550273e-03 -5.622007173119614176e-01 6.804078042767915113e-02 -7.341724730198241275e-03 9.976555269922027236e-01 4.418441777477764987e+01
9.975755236639071155e-01 -8.269519481122326356e-04 -6.958729406023138331e-02 -2.641835559737668149e+00 1.416771607421568385e-03 9.999634881753183269e-01 8.427044997689495109e-03 -5.765974911112756729e-01 6.957777520478897193e-02 -8.505203766165495005e-03 9.975402718367060162e-01 4.517916702883822211e+01
9.975360236433508110e-01 -8.441256480261467810e-04 -7.015104956158992044e-02 -2.721434320905566917e+00 1.504922241561204750e-03 9.999549933216997921e-01 9.367313038734103106e-03 -5.611111154658131595e-01 7.013997569531837950e-02 -9.449804789691295878e-03 9.974923980745354912e-01 4.618032749572844153e+01
9.974879110704123475e-01 4.463248374167994286e-04 -7.083550555635093060e-02 -2.797827359216672694e+00 6.187169686224487457e-05 9.999742792283062842e-01 7.171963734597924973e-03 -5.984769090364321364e-01 7.083687513671212133e-02 -7.158330361746348229e-03 9.974622271706886645e-01 4.718650950897703211e+01
9.974497859479647399e-01 2.980054390023541885e-03 -7.130949858806423514e-02 -2.894043966349650443e+00 -2.836572567585214817e-03 9.999937439438261189e-01 2.113273838132579546e-03 -5.772577208779254843e-01 7.131534058488291083e-02 -1.905610062615010689e-03 9.974519988700336626e-01 4.819238134594904466e+01
9.974073441778137372e-01 4.383349185748596985e-03 -7.182880234322665258e-02 -2.961361772806675230e+00 -4.291237840307481413e-03 9.999897606312214693e-01 1.436628544917347913e-03 -6.268703640953308120e-01 7.183435448082330088e-02 -1.124669414086862254e-03 9.974159412341375708e-01 4.912208174340999278e+01
9.973968154426166022e-01 2.821680924676307333e-03 -7.205297688066375494e-02 -3.024077012328987735e+00 -2.550688900294659743e-03 9.999893251369983416e-01 3.852739111428828828e-03 -6.070957454900045569e-01 7.206306926546976466e-02 -3.658925227741778932e-03 9.973933654772636492e-01 5.008372586893629119e+01
9.974116186952652896e-01 1.678728567988748690e-03 -7.188355563864294584e-02 -3.108563616231608151e+00 -1.126827468828577906e-03 9.999695842154626702e-01 7.717571634729677998e-03 -6.349028711217632459e-01 7.189431530959300432e-02 -7.616595812129571368e-03 9.973831731471631823e-01 5.107060799013657970e+01
9.973744796603242202e-01 1.642544838297730399e-03 -7.239786038679106583e-02 -3.171045700631908382e+00 -1.044825133241221969e-03 9.999650655077192418e-01 8.293136516379893269e-03 -6.432789754190917364e-01 7.240894334101261043e-02 -8.195720221244231357e-03 9.973413529307625369e-01 5.200671878038670570e+01
9.973808963016425055e-01 -9.486072182389469537e-04 -7.232184075711857452e-02 -3.251220096158027761e+00 1.478011778295103490e-03 9.999725030139593462e-01 7.266960119527550443e-03 -6.656304789747470307e-01 7.231294893290134140e-02 -7.354820270765155717e-03 9.973548732570534092e-01 5.299001161680938310e+01
9.973422279034832583e-01 -3.548908839293298412e-03 -7.277284182953044911e-02 -3.303599637803539046e+00 4.017742397922473112e-03 9.999721019839212799e-01 6.297063817771719578e-03 -6.842091478624255929e-01 7.274845414522647380e-02 -6.572710667877941157e-03 9.973286625078687795e-01 5.396789976452908633e+01
9.972521894760933980e-01 -5.128649687500620551e-03 -7.390377786891628997e-02 -3.364139179329759699e+00 5.665988904802083358e-03 9.999590045353896617e-01 7.062990252694829364e-03 -7.014059362114588581e-01 7.386451463348610302e-02 -7.462321030888549589e-03 9.972403654004521334e-01 5.492552410889430803e+01
9.971842565353689070e-01 -6.656941136965372624e-03 -7.469434059466507903e-02 -3.446017621116383545e+00 7.499646101485352677e-03 9.999112938397157757e-01 1.100726001689424950e-02 -7.106715438172083177e-01 7.461443004559806247e-02 -1.153644840242112890e-02 9.971457247113472144e-01 5.590322262753544180e+01
9.970717906546706644e-01 -9.595539128102213017e-03 -7.586679645763157176e-02 -3.522572460144204332e+00 1.082084865345328377e-02 9.998173076101606327e-01 1.575628897162709499e-02 -7.141531258521256476e-01 7.570173591158736726e-02 -1.653109567723222081e-02 9.969934649514508029e-01 5.684698559873429247e+01
9.970887094891824898e-01 -7.303025195761626842e-03 -7.589975048370178889e-02 -3.591239555937943972e+00 8.726611868784686990e-03 9.997918575752360315e-01 1.844146900433912481e-02 -7.060682189512226259e-01 7.574926383397243002e-02 -1.905012969429719163e-02 9.969449035370272494e-01 5.777199003017466339e+01
9.969954717344432504e-01 -7.653490186021514805e-03 -7.708082995749647448e-02 -3.688897531245483030e+00 8.834646233426139347e-03 9.998485485243048254e-01 1.499430057399592404e-02 -7.205055142862298867e-01 7.695438688228013746e-02 -1.563023285781450084e-02 9.969120910253325141e-01 5.873705153250343614e+01
9.968731814559042004e-01 -6.871764847509983024e-03 -7.871873916306743046e-02 -3.769563260944436944e+00 7.507740122227924556e-03 9.999415043703562267e-01 7.785993023165918570e-03 -7.262118730265925137e-01 7.866062038924398481e-02 -8.352648094220560884e-03 9.968664600159261591e-01 5.964298822153082824e+01
9.968075452038894779e-01 -6.468949981716739031e-03 -7.957934080776882246e-02 -3.836555413589249675e+00 6.666121392150180062e-03 9.999753340369536003e-01 2.212272473941046067e-03 -7.342831497924007245e-01 7.956305615311004553e-02 -2.735695601480532275e-03 9.968260806611418667e-01 6.054010428295936919e+01
9.967504249512187942e-01 -3.114374550110838441e-03 -8.049156491762701759e-02 -3.921317623731995994e+00 3.348807900181101187e-03 9.999905348938461502e-01 2.777699904442442174e-03 -7.342863403695726321e-01 8.048214146476384556e-02 -3.038224531293723819e-03 9.967514199118999718e-01 6.145082847019525474e+01
9.966863517003683448e-01 -2.417141338743499651e-03 -8.130482626097772225e-02 -3.988145522461329584e+00 2.819404979873758703e-03 9.999843456196876312e-01 4.833164807672099376e-03 -7.518734316753330482e-01 8.129186013829556301e-02 -5.046380977183518614e-03 9.966775639553575594e-01 6.235021930088783648e+01
9.965776479231938101e-01 1.452883176693330622e-03 -8.264914905067376194e-02 -4.077960592040732912e+00 -8.872428010395345087e-04 9.999759376176164949e-01 6.880188513275164314e-03 -7.728379318083926641e-01 8.265714534096166299e-02 -6.783312707129985318e-03 9.965549568068748920e-01 6.324004397009881018e+01
9.964951831344769362e-01 2.911839667943958657e-03 -8.359947520388701092e-02 -4.160159962007198509e+00 -2.367847038131899728e-03 9.999753797959706203e-01 6.605536042086629714e-03 -7.953237846945948597e-01 8.361664001840486693e-02 -6.384434527443098341e-03 9.964775438658264317e-01 6.409792593187285092e+01
9.963845233601482665e-01 3.081738588220962922e-03 -8.490221199956310416e-02 -4.256163888640275950e+00 -2.477589204743449285e-03 9.999708642146640791e-01 7.220268542061344767e-03 -7.976456125319363322e-01 8.492197790051347894e-02 -6.983811523006159573e-03 9.963631280487010855e-01 6.496563624755164312e+01
9.962369028194524301e-01 3.338725625066476296e-03 -8.660766433351235749e-02 -4.318781421558538725e+00 -2.656883093662861829e-03 9.999645750287752266e-01 7.986843187798020605e-03 -8.192552265087422736e-01 8.663125052131095960e-02 -7.726682037887497301e-03 9.962104816071950530e-01 6.579460468037770227e+01
9.961218498519521791e-01 3.992188045376760322e-03 -8.789382154450324502e-02 -4.412328149731402860e+00 -3.271159164900666952e-03 9.999598218521276172e-01 8.345909291249549097e-03 -8.199000354353859210e-01 8.792359678376222842e-02 -8.026028501275614055e-03 9.960948864484860943e-01 6.662623665649499571e+01
9.960029156292191654e-01 4.935279074623567623e-03 -8.918428279729261055e-02 -4.463785539036804195e+00 -4.176050091448136117e-03 9.999534549782095327e-01 8.697613617967926702e-03 -8.349462020649299765e-01 8.922304490079410733e-02 -8.290411089290680019e-03 9.959771664667881330e-01 6.746499831852588613e+01
9.958870968722423056e-01 5.471228023296709035e-03 -9.043758732400085376e-02 -4.551512944423263818e+00 -4.417277820423926547e-03 9.999200301458075479e-01 1.184993543522643890e-02 -8.225733709913054525e-01 9.049517660653269568e-02 -1.140171070239729377e-02 9.958316236946708200e-01 6.826751615202209678e+01
9.957737495088191393e-01 8.020135194291476421e-03 -9.148944481776269400e-02 -4.626442872176900423e+00 -6.679882610179632349e-03 9.998659881671217997e-01 1.494606519501755736e-02 -8.378447458432956019e-01 9.159704132944569699e-02 -1.427176171248296412e-02 9.956938774316882457e-01 6.906550475756726826e+01
9.955771787770354431e-01 1.129468074764467325e-02 -9.326581712072389008e-02 -4.704592373343775336e+00 -9.750019525019448449e-03 9.998079330622993144e-01 1.700100224422032569e-02 -8.422667133651585702e-01 9.343991220442905699e-02 -1.601646753573465407e-02 9.954960844948226306e-01 6.983211215434006647e+01
9.954421387563516799e-01 1.379665123474462483e-02 -9.436419982037783094e-02 -4.782313524496270674e+00 -1.240981755945409423e-02 9.998064284015043546e-01 1.526768192124973791e-02 -8.598836489870580468e-01 9.455656379954223423e-02 -1.402705249890389382e-02 9.954206631769723090e-01 7.058343910777429642e+01
9.952501409773828467e-01 1.681808255074881270e-02 -9.588696707358007609e-02 -4.864364356509859988e+00 -1.617255213214972842e-02 9.998410460160853663e-01 7.505410325930670160e-03 -8.729421213875131480e-01 9.599793921176535960e-02 -5.919024101292752991e-03 9.953639331545324209e-01 7.128638552975203879e+01
9.951406352686922308e-01 1.624003956641204005e-02 -9.711528536366552389e-02 -4.947466589632423251e+00 -1.614390758631874950e-02 9.998681020469369907e-01 1.775577424215142803e-03 -9.018861014445360702e-01 9.713129850024264378e-02 -1.991289753082359964e-04 9.952715557985456485e-01 7.202767534099584168e+01
9.950390954579505509e-01 1.700316539554171807e-02 -9.802087740812900907e-02 -5.023932411908218931e+00 -1.704416555893368060e-02 9.998546497835060221e-01 4.190876577236036160e-04 -9.008857878577807288e-01 9.801374274933251363e-02 1.253675657599326440e-03 9.951842709220974914e-01 7.274383086902069806e+01
9.949526788686227086e-01 1.871590052484591732e-02 -9.858439756070690174e-02 -5.097059930207097800e+00 -1.846198575415522458e-02 9.998234813734107052e-01 3.487273421520254400e-03 -9.070954757504067212e-01 9.863224983679648450e-02 -1.649608326402024223e-03 9.951225837163173438e-01 7.339958949217877660e+01
9.948630113456182755e-01 1.625172080725719240e-02 -9.991732484837362316e-02 -5.169037124639949354e+00 -1.579065517115169071e-02 9.998607183188112923e-01 5.403619041421678718e-03 -9.110406301783081640e-01 9.999121291282003776e-02 -3.798100903222357584e-03 9.949810703051285010e-01 7.405862851834062610e+01
9.947977470759620244e-01 1.600519030412103638e-02 -1.006045619793439622e-01 -5.241224099729625330e+00 -1.581552548249488474e-02 9.998713281776422379e-01 2.682566795932826535e-03 -9.292261565031566528e-01 1.006345385247209845e-01 -1.077497382174356574e-03 9.949228749694858376e-01 7.468286073680981474e+01
9.948800017641177273e-01 7.969763706170142695e-03 -1.007485310132705258e-01 -5.289483649257361364e+00 -8.179880885147218159e-03 9.999651452949390729e-01 -1.672636064731788854e-03 -9.311127637171915383e-01 1.007316754470423958e-01 2.488183448700557760e-03 9.949105170779400931e-01 7.530117918670862309e+01
9.949871638007594665e-01 6.896702933192221628e-03 -9.976462736018920641e-02 -5.341883712616730229e+00 -7.527684600299467885e-03 9.999539666783773262e-01 -5.949659516309467773e-03 -9.667956020910137838e-01 9.971898847591968706e-02 6.670832132041933614e-03 9.949932772961016525e-01 7.588216254067306465e+01
9.952921007420348909e-01 5.826766882895713720e-03 -9.674546196767040696e-02 -5.400266563376424855e+00 -6.517659307898950559e-03 9.999554559669778797e-01 -6.826870502030433357e-03 -9.764369864047154346e-01 9.670136100297095638e-02 7.425284937948803572e-03 9.952857431606226823e-01 7.645885928130012132e+01
9.956536379017092431e-01 1.139980527307678237e-02 -9.243310613375588236e-02 -5.484726929333626266e+00 -1.197763863146230484e-02 9.999120246811151747e-01 -5.699035408450262193e-03 -9.899888704296357922e-01 9.235999404587265371e-02 6.781396321897527162e-03 9.957025875699055950e-01 7.703362856962449712e+01
9.960791007929187257e-01 9.310114758481039671e-03 -8.797583722904388226e-02 -5.504655800180404235e+00 -9.536731293670769674e-03 9.999522001687194406e-01 -2.155943569351095792e-03 -1.004330319115940950e+00 8.795154813994540688e-02 2.986492578207479605e-03 9.961202763089233025e-01 7.759030077283574656e+01
9.965735170730181114e-01 7.410356634398811149e-03 -8.237907954280197786e-02 -5.531397962353848285e+00 -7.212116894338985867e-03 9.999703371622696846e-01 2.703728201641695389e-03 -1.022603515374336025e+00 8.239666049662741631e-02 -2.100336467827041819e-03 9.965974000979346270e-01 7.812703776610371165e+01
9.972387608193580277e-01 3.765604030443587841e-03 -7.416653564133562915e-02 -5.588104308791390196e+00 -3.327084044118588674e-03 9.999762525940791846e-01 6.035292896143208512e-03 -1.044129644031594806e+00 7.418749095590453091e-02 -5.771870117671587877e-03 9.972276073379915395e-01 7.866786984901658286e+01
9.979739352942363917e-01 5.697780141116643923e-03 -6.336844979413699952e-02 -5.633557244478732073e+00 -5.330688127393376323e-03 9.999680274552618098e-01 5.960522177524802366e-03 -1.058444393721868160e+00 6.340037699058889697e-02 -5.610648731163580399e-03 9.979724005053677294e-01 7.917606988805246715e+01
9.987658971777066963e-01 1.018916853571471409e-02 -4.860929861959231019e-02 -5.654368698073529487e+00 -9.927098517542306405e-03 9.999348775005425516e-01 5.629692947035862434e-03 -1.052555752288679258e+00 4.866348843321943729e-02 -5.140196401254674106e-03 9.988020038385282406e-01 7.967604883371693347e+01
9.994190046960558238e-01 1.585734043369804031e-02 -3.016948885688364862e-02 -5.651630645069477765e+00 -1.569564344610045736e-02 9.998611962982161261e-01 5.588813954654449009e-03 -1.049744454132097715e+00 3.025392090133094056e-02 -5.112037719202778760e-03 9.995291727417343619e-01 8.017401857916914309e+01
9.998489424212586574e-01 1.537945795991367201e-02 -8.097203944634628198e-03 -5.640027333184848501e+00 -1.533302872297439591e-02 9.998658237704503016e-01 5.764773784489300723e-03 -1.058582432242697546e+00 8.184775501393206504e-03 -5.639748753125528070e-03 9.999506001065527894e-01 8.067021483513464375e+01
9.997739880872300589e-01 1.098001675884541575e-02 1.820472569932069656e-02 -5.645379960435620958e+00 -1.110107556032194180e-02 9.999168475615681784e-01 6.562320255902367831e-03 -1.063090814073579748e+00 -1.813115511038954422e-02 -6.762929689974788230e-03 9.998127444534367081e-01 8.111559186957441625e+01
9.988084538334398577e-01 1.094825845771023320e-02 4.755847413601575757e-02 -5.584883339305798167e+00 -1.136389984023599038e-02 9.998994870566164650e-01 8.478061527484034160e-03 -1.068771896292168400e+00 -4.746086752016448473e-02 -9.008410034361740565e-03 9.988324756261224291e-01 8.156539058037088807e+01
9.967523893247416389e-01 8.701280118865763191e-03 8.005599831330527383e-02 -5.536928244439781821e+00 -9.505665700025502790e-03 9.999080412576566435e-01 9.672193291361833034e-03 -1.088937589871781464e+00 -7.996446528268405518e-02 -1.040176824920669221e-02 9.967434407950354069e-01 8.200892901381409672e+01
9.930362819618532289e-01 8.200254519770470291e-03 1.175231901845513321e-01 -5.449477344502381193e+00 -9.423316690234764467e-03 9.999070345162844875e-01 9.855120656246500049e-03 -1.093903807191745736e+00 -1.174314343465954480e-01 -1.089395161082336479e-02 9.930212376237951277e-01 8.246653018415136671e+01
9.872015917713968802e-01 8.162242067835100492e-03 1.592683213686394150e-01 -5.389448776047425227e+00 -9.906822471488552218e-03 9.998992810354289107e-01 1.016280602653830099e-02 -1.095587908273812028e+00 -1.591693074109700456e-01 -1.161058236951058482e-02 9.871830239622403358e-01 8.288199190670539451e+01
9.789160962144487499e-01 7.942244673821569068e-03 2.041083110044586146e-01 -5.263847862611093831e+00 -1.020949358300452664e-02 9.998973016024522709e-01 1.005745792986590878e-02 -1.103036398094037862e+00 -2.040074432718652631e-01 -1.192925111847504410e-02 9.788966496965061381e-01 8.331308227872472116e+01
9.675192032509924989e-01 8.936335047270215631e-03 2.526395484933511293e-01 -5.112482584403371888e+00 -1.128410629826164663e-02 9.999055535207641565e-01 7.845568585190939789e-03 -1.106694368452962873e+00 -2.525455430951508151e-01 -1.044155089135994675e-02 9.675286634039749201e-01 8.374740026473168086e+01
9.521350326554361976e-01 9.154923083884301122e-03 3.055406340678770150e-01 -4.987020458398293776e+00 -1.159809241574488552e-02 9.999136304613015502e-01 6.181895303090000765e-03 -1.107990503044286701e+00 -3.054576089419490104e-01 -9.429688680725000979e-03 9.521589773027873127e-01 8.409702297196157872e+01
9.325934312276970006e-01 8.852186803511149712e-03 3.608201044524451118e-01 -4.780215132052326510e+00 -1.106597483615943435e-02 9.999304877951025183e-01 4.069857417590575475e-03 -1.117887278932186534e+00 -3.607589475535262213e-01 -7.788349508175957010e-03 9.326265632363580638e-01 8.448949074689852523e+01
9.086691666100102927e-01 8.694895548263737589e-03 4.174263614554714064e-01 -4.597807851865318263e+00 -1.080254761317882110e-02 9.999380407978993857e-01 2.686910989416579736e-03 -1.134821149598619572e+00 -4.173770796914959003e-01 -6.950782338032114420e-03 9.087067938661342881e-01 8.481954129401647435e+01
8.799417586278213133e-01 8.842078698985874133e-03 4.749993144087918950e-01 -4.351516053707428888e+00 -1.044821866891407040e-02 9.999451408948939468e-01 7.415433898808608841e-04 -1.118275322224470347e+00 -4.749666359171005325e-01 -5.615412693312980125e-03 8.799858705258023495e-01 8.515657849711057281e+01
8.468911228202050667e-01 7.697197119188010396e-03 5.317106510700621014e-01 -4.075655273661475064e+00 -8.288551351584842741e-03 9.999648377270426991e-01 -1.274046215680925409e-03 -1.149318981084301416e+00 -5.317016902258917543e-01 -3.328133496598043549e-03 8.469251436544533718e-01 8.549116848338844932e+01
8.102715659604896592e-01 7.276931301971277348e-03 5.860094546825695971e-01 -3.820766821010372016e+00 -7.023855619456123404e-03 9.999716722405845859e-01 -2.705575625508827887e-03 -1.152631638808780723e+00 -5.860124640819301955e-01 -1.923795663556283550e-03 8.102997258233620714e-01 8.574039799260897610e+01
7.708435026126650991e-01 6.358921416246164290e-03 6.369928667073947448e-01 -3.490891643954431078e+00 -6.409051609500258234e-03 9.999769826351508906e-01 -2.226708838434265578e-03 -1.173958319284165386e+00 -6.369922788906579036e-01 -2.366077099759738515e-03 7.708665154876823689e-01 8.605046623078395385e+01
7.280199715895966373e-01 5.995497313008071524e-03 6.855297493224359329e-01 -3.235173098991844132e+00 -6.992455454184430368e-03 9.999746816400040261e-01 -1.319704481352339384e-03 -1.160486358719701627e+00 -6.855202132281811300e-01 -3.832766203997027641e-03 7.280434636456600828e-01 8.624605033268984755e+01
6.833281847394697683e-01 4.115286823275925848e-03 7.300998062120219734e-01 -2.939751219578304653e+00 -5.747430694452981652e-03 9.999834502792466218e-01 -2.572744500997399130e-04 -1.167784486072545258e+00 -7.300886841597915566e-01 -4.020396442389307344e-03 6.833405293236700651e-01 8.648122432345699906e+01
6.363736710533991481e-01 2.912818130347591405e-03 7.713754891562100147e-01 -2.583592711074029769e+00 -2.544240178253009271e-03 9.999953569810157150e-01 -1.677154984698802894e-03 -1.180902565963737549e+00 -7.713766894963226539e-01 -8.952683550210320572e-04 6.363781284859951759e-01 8.671726508169133751e+01
5.900535625010217000e-01 -2.183398542444120352e-04 8.073641262320095935e-01 -2.283902848026345467e+00 2.031853661608716295e-03 9.999971982474248344e-01 -1.214523859545427577e-03 -1.205159704580588409e+00 -8.073614908004920210e-01 2.357078954516217233e-03 5.900523542298582447e-01 8.686690433940556488e+01
5.429748379259682345e-01 1.497033779121980518e-03 8.397476871505741292e-01 -1.925594888474050803e+00 1.253111940551851142e-03 9.999958531140632489e-01 -2.592963817430912234e-03 -1.209218084135053273e+00 -8.397479740071703835e-01 2.460210965032973672e-03 5.429707116512360043e-01 8.705612677428484858e+01
4.959011231186169488e-01 3.636321363771548559e-03 8.683714376139255453e-01 -1.600468486058421291e+00 -8.466324781636456629e-04 9.999927817652743967e-01 -3.704000631271513622e-03 -1.201713105236679846e+00 -8.683785220432590490e-01 1.101625432025485221e-03 4.959006235915235927e-01 8.716774461199959489e+01
4.504435552978415802e-01 5.560632664842751413e-03 8.927876506087234487e-01 -1.251278416035644492e+00 -2.190938622439667863e-03 9.999844777739127499e-01 -5.122888047635865659e-03 -1.197053982831866481e+00 -8.928021593827732971e-01 3.515276547798234846e-04 4.504487478310722492e-01 8.733208876317506508e+01
4.077158559790822201e-01 3.700538685641102232e-03 9.131014171365540166e-01 -8.788669283557355438e-01 4.553911424453997887e-03 9.999711108375667346e-01 -6.085997833145046117e-03 -1.205951235200416471e+00 -9.130974374797005133e-01 6.639539938582911770e-03 4.076872269383924885e-01 8.745157526047903218e+01
3.682957471919360293e-01 -3.769238601023077069e-03 9.297011082867250309e-01 -5.278409213167403191e-01 1.828426076158404939e-02 9.998277410905345164e-01 -3.189656334826423446e-03 -1.242997935924301522e+00 -9.295288118206773698e-01 1.817363438938565667e-02 3.683012241985364477e-01 8.751755679901805252e+01
3.329435443429642483e-01 -7.851960027358346333e-03 9.429141327155640129e-01 -1.660723007925796191e-01 2.419138787909969057e-02 9.997073219381403808e-01 -2.170991893495221757e-04 -1.244056499477140587e+00 -9.426363314341199562e-01 2.288268366254533892e-02 3.330360503937460637e-01 8.759569556914722455e+01
2.992737071407797211e-01 -4.723432067896860508e-03 9.541556785855712652e-01 2.055247699625517566e-01 2.105310378199379620e-02 9.997769905005846613e-01 -1.654093436006255765e-03 -1.274393856507331391e+00 -9.539349519453628190e-01 2.058296533850979826e-02 2.993064106950513725e-01 8.773736145314529722e+01
2.682177827858379660e-01 2.973696827117511265e-03 9.633537782770243973e-01 5.377164090689108278e-01 1.165034175807184297e-02 9.999120949003307279e-01 -6.330243653231860251e-03 -1.258883519908194470e+00 -9.632877896744139745e-01 1.292128414628171407e-02 2.681595620306368999e-01 8.780121750382795653e+01
2.397729882633815868e-01 7.863130819515375125e-03 9.707972039833717703e-01 9.463304399727834326e-01 5.623377772985937127e-03 9.999391752717605719e-01 -9.488063890269458553e-03 -1.257024741528419920e+00 -9.708126312667101354e-01 7.734139873479620349e-03 2.397141883313127220e-01 8.789395223605451690e+01
2.136599204951596387e-01 9.214704387231657107e-03 9.768647067101170478e-01 1.335539672687709789e+00 7.159840546313766575e-03 9.999138852323988802e-01 -1.099812588351366076e-02 -1.263028646141705069e+00 -9.768817977701653721e-01 9.344053361543895250e-03 2.135755469691921760e-01 8.798609586291190965e+01
1.906055593431952022e-01 9.956427142189928567e-03 9.816162790065998678e-01 1.730637568837821938e+00 1.430013136474816288e-02 9.998143018707490448e-01 -1.291773819420430174e-02 -1.278357720690976418e+00 -9.815624776507575477e-01 1.649943413707622222e-02 1.904277876102928313e-01 8.801161385264974513e+01
1.703698064353710295e-01 1.529302892465026278e-02 9.852615806264169995e-01 2.148869934376445023e+00 2.097966549700611485e-02 9.995966123796201641e-01 -1.914330248230676837e-02 -1.322676149551894165e+00 -9.851567653302182315e-01 2.393189939989054035e-02 1.699802403314691346e-01 8.806844241623390701e+01
1.499788727006344247e-01 2.296848595057817549e-02 9.884224386772818560e-01 2.593514700143037643e+00 2.242793153348597232e-02 9.993938236071573389e-01 -2.662654774073055022e-02 -1.287578617795557490e+00 -9.884347193260841768e-01 2.616169083318216348e-02 1.493728250311184280e-01 8.813120398177618142e+01
1.326290531773686721e-01 2.450836874071466928e-02 9.908627582524517363e-01 3.019463032562275107e+00 2.129391373914760188e-02 9.993930591008739484e-01 -2.756959344790691629e-02 -1.301032047309953699e+00 -9.909369160556302791e-01 2.475587548211655511e-02 1.320266777070427389e-01 8.815855798719627501e+01
1.168360726454623355e-01 1.981903695880895405e-02 9.929535084807056267e-01 3.453920682488781591e+00 2.044227780825975949e-02 9.995410588935595975e-01 -2.235586557777419908e-02 -1.329730233507897319e+00 -9.929407399316654281e-01 2.291020313864944313e-02 1.163773071221669425e-01 8.824383730817955040e+01
1.019113673278113225e-01 1.608759620126444523e-02 9.946634581608269077e-01 3.921402858055510254e+00 1.933617907776130282e-02 9.996482944037266005e-01 -1.814936819282841202e-02 -1.345154011068818933e+00 -9.946054758471128965e-01 2.108261764190955123e-02 1.015644534977755975e-01 8.827806472402617999e+01
8.912266509988983620e-02 1.445847516088406490e-02 9.959157775352475150e-01 4.418366968863808530e+00 2.141116732895468472e-02 9.996357663352877232e-01 -1.642852586189068667e-02 -1.360369596577086337e+00 -9.957904294407989854e-01 2.278787345555616239e-02 8.878063240514480481e-02 8.831079437884847039e+01
