1.000000000000000000e+00 0.000000000000000000e+00 0.000000000000000000e+00 0.000000000000000000e+00 0.000000000000000000e+00 1.000000000000000000e+00 0.000000000000000000e+00 0.000000000000000000e+00 0.000000000000000000e+00 0.000000000000000000e+00 1.000000000000000000e+00 0.000000000000000000e+00
9.999999986684915410e-01 -2.719608279934919646e-05 4.385646949110236193e-05 -3.623291192120829066e-04 2.721129344316893127e-05 9.999999394722696167e-01 -3.468645306235696650e-04 -3.111052289383624270e-03 -4.384703348007480737e-05 3.468657235529773735e-04 9.999999388808018530e-01 2.031468989632707195e-03
9.999999990851441423e-01 -4.266174858608370212e-05 -3.112399738437706128e-06 -9.174145534761765338e-04 4.266115217613140708e-05 9.999999807782204986e-01 -1.913728943697078609e-04 -6.492781848024478317e-03 3.120563980917636555e-06 1.913727614160703409e-04 9.999999816833640143e-01 2.088967574909925823e-03
9.999999896681441847e-01 -1.246689271959377371e-04 -7.156374898681711256e-05 -1.829491994933293668e-03 1.246737577685983617e-04 9.999999899501167411e-01 6.749978202493722376e-05 -1.478374780682254266e-03 7.155533314219877927e-05 -6.750870344904539731e-05 9.999999951612046356e-01 -1.247164073961686860e-03
9.999999955307470323e-01 -5.485506563336280149e-05 -7.700277771443616453e-05 7.046490452377291531e-04 5.485752215297283029e-05 9.999999979865227262e-01 3.189995166689569260e-05 -1.242193765090150032e-03 7.700102768545042558e-05 -3.190417570591104121e-05 9.999999965264826374e-01 -2.207538799986078892e-03
9.999999994077051202e-01 2.577162232458770361e-05 -2.281256764671179193e-05 8.484848825463784695e-04 -2.577351327589652233e-05 9.999999962321257652e-01 -8.289435791783951392e-05 -2.875322405414862739e-03 2.281043123867180659e-05 8.289494582875670155e-05 9.999999963040561157e-01 -1.673242418069711144e-03
9.999999931250483920e-01 -6.160121838791529083e-05 -9.977571403386945178e-05 3.361361083004294376e-05 6.159618174251468511e-05 9.999999968287410779e-01 -5.048195912948316531e-05 -5.478925004038774464e-03 9.977882346764382438e-05 5.047581297940702071e-05 9.999999937481893753e-01 1.940458715099141734e-03
9.999999897850514463e-01 -1.155804376607924555e-04 -8.408959187715319230e-05 -3.476703868138863790e-04 1.155760491709956097e-04 9.999999919591250341e-01 -5.219125143120950010e-05 -9.423283058396045991e-04 8.409562348868178578e-05 5.218153215527299355e-05 9.999999951025069223e-01 1.612136210612839142e-03
9.999999927966022328e-01 -1.188167323773071785e-04 1.701116163266621557e-05 -5.667900283560530980e-03 1.188180914443525782e-04 9.999999897480101874e-01 -7.991395818308420578e-05 -7.572340747198594985e-04 -1.700166634288530727e-05 7.991597884119062056e-05 9.999999966621898606e-01 -1.962355471062238524e-03
9.999999852323021576e-01 -1.648155840872309876e-04 4.869515997101546580e-05 -1.431270681682743568e-03 1.648152723142759870e-04 9.999999863974413650e-01 6.406488522946542445e-06 -4.571557281925292754e-04 -4.869621519778454872e-05 -6.398462722286446111e-06 9.999999987938691381e-01 -1.444850553325475843e-03
9.999999832554841150e-01 -1.827313282055998463e-04 9.914287270726619461e-06 1.141449263457077227e-03 1.827317062437987900e-04 9.999999825771116457e-01 -3.814315060414721952e-05 -1.967457189117980537e-03 -9.907317149419257008e-06 3.814496162008779748e-05 9.999999992234034352e-01 -1.021047958429915263e-03
9.999999981702109020e-01 -3.545895877282663938e-05 4.901265582775823421e-05 7.941171357039511687e-05 3.546441804630404002e-05 9.999999931674279363e-01 -1.113885948167052473e-04 -3.491425686323171729e-03 -4.900870576928435975e-05 1.113903328182034463e-04 9.999999925951702506e-01 -2.494751402461731389e-03
9.999999917808636285e-01 -5.257420902846908076e-06 -1.281039902149462974e-04 7.169726363096934861e-04 5.238835795031188671e-06 9.999999894624361785e-01 -1.450781934491893481e-04 -4.272437211065572595e-03 1.281047516021690982e-04 1.450775211410024700e-04 9.999999812708425528e-01 2.851610307456802287e-03
9.999999927072459327e-01 -2.437738777241112254e-05 -1.182846187899717579e-04 1.688683602002725298e-03 2.436620060805357933e-05 9.999999952305625994e-01 -9.457887172713748414e-05 -1.016495832221253138e-03 1.182869238116518494e-04 9.457598889064674586e-05 9.999999885317929493e-01 2.028417577537184983e-03
9.999999869901831095e-01 -9.612277918985067478e-05 -1.295378127930139271e-04 -1.557480481550138282e-03 9.612240421055276397e-05 9.999999953760339011e-01 -2.900970428701157496e-06 3.813699171394690254e-04 1.295380910433754267e-04 2.888518904958222461e-06 9.999999916057696892e-01 -7.254503770260723513e-04
9.999999866862916420e-01 -1.591607381953847981e-04 -3.598994205432651873e-05 -3.414185222171736873e-03 1.591616443039013586e-04 9.999999870168887472e-01 2.517525271515965287e-05 6.022623576667848625e-04 3.598593467525869420e-05 -2.518098059833945280e-05 9.999999990354653256e-01 -3.893979458445425389e-03
9.999999971954248723e-01 -7.473198481993458616e-05 -4.927549445478241942e-06 -5.528172611438330556e-04 7.473121849754622782e-05 9.999999851431160547e-01 -1.553351623790651527e-04 1.523309334471217250e-03 4.939157877267125875e-06 1.553347937016417643e-04 9.999999879233532063e-01 -1.709330516303459412e-03
9.999999902262476370e-01 1.382816193485520177e-04 -2.063245944894541973e-05 4.247258457349370464e-03 -1.382856228550076775e-04 9.999999715886871421e-01 -1.941641353264022716e-04 -2.082822195663761467e-03 2.060560953169781335e-05 1.941669866011960148e-04 9.999999809372949189e-01 1.818884666015934889e-03
9.999999936165304693e-01 1.129808900559052320e-04 1.502463899025892769e-06 6.725941130683730368e-03 -1.129806902848714509e-04 9.999999848654769208e-01 -1.323042309435883081e-04 -4.644945645705928980e-03 -1.517411726056986942e-06 1.323040603496198318e-04 9.999999912466664975e-01 2.418055672135918221e-03
9.999999977863281986e-01 -3.177706448693872886e-05 -5.845991538578552667e-05 1.361978197812433117e-03 3.177217139700830089e-05 9.999999959925083282e-01 -8.369893943525339504e-05 -2.447754385173338439e-03 5.846257485810382422e-05 8.369708185151991458e-05 9.999999947884629092e-01 1.706395711684096511e-04
9.999999855471032317e-01 -1.631923907462462780e-04 -4.768686271139704148e-05 -7.619609858135692991e-03 1.631906480240261103e-04 9.999999860165744714e-01 -3.654672817689735262e-05 -1.475147845032798730e-03 4.769282619251648372e-05 3.653894559866316128e-05 9.999999981951498418e-01 -2.051288429967319631e-03
9.999999978718487892e-01 -5.201964888657749738e-05 -3.937332373701931960e-05 -2.882927923895455772e-03 5.201772654874864773e-05 9.999999974552448156e-01 -4.882280617219102316e-05 -2.912663456944903154e-03 3.937586338205859070e-05 4.882075795750123688e-05 9.999999980330375182e-01 -2.451280370118561359e-03
9.999999985934987512e-01 3.963704153556863835e-05 -3.524070793040235690e-05 1.708866492885805811e-03 -3.963823422708572056e-05 9.999999986416940878e-01 -3.384408756599123160e-05 -3.934312406115673781e-03 3.523936640303010809e-05 3.384548439782475410e-05 9.999999988063351664e-01 -1.785752421528467773e-03
9.999999957672417450e-01 -8.998712034742275970e-05 -1.917901415169566464e-05 5.478915068258153470e-03 8.998447860219179763e-05 9.999999864710501507e-01 -1.376978327136025465e-04 8.811203361910828870e-04 1.919140492366772278e-05 1.376961063171723825e-04 9.999999903357360553e-01 -2.765054445760427998e-03
9.999999070120000333e-01 -4.289573161636238115e-04 -4.440284036246989829e-05 7.343771499527301707e-04 4.289503163240561325e-04 9.999998955923861121e-01 -1.575336247125248856e-04 3.741537866781784009e-03 4.447041092733750603e-05 1.575145634513690413e-04 9.999999866057723841e-01 -1.520001456604490753e-03
9.999995295288929276e-01 -9.581035700134155628e-04 -1.515900458817848119e-04 -3.537522930187664717e-03 9.580622079046232894e-04 9.999995038776006151e-01 -2.726927912539990595e-04 2.059323273997165291e-04 1.518512386113849300e-04 2.725474302658657875e-04 9.999999513295486642e-01 4.296264741650737375e-05
9.999977243098849833e-01 -2.062869202061949365e-03 -5.440089212460148165e-04 -9.422622575750074642e-04 2.062584141070809233e-03 9.999977355607304608e-01 -5.240420521039299570e-04 3.424937922509985362e-03 5.450887195807210686e-04 5.229187953730490357e-04 9.999997147170699430e-01 -3.041353684708361302e-03
9.999923601166780252e-01 -3.678421101044531110e-03 -1.322469840654397167e-03 2.911413511765157443e-03 3.677980940083390004e-03 9.999931800552851469e-01 -3.351106121384294723e-04 1.137207566091693808e-02 1.323693499430070785e-03 3.302440330646907877e-04 9.999990693867660818e-01 -1.865911969825289132e-03
9.999792803511762251e-01 -6.057271948058260726e-03 -2.179065141506094597e-03 1.562503382502980834e-02 6.057592225053690625e-03 9.999816427623645643e-01 1.404091078117436400e-04 1.633904921831278584e-02 2.178174643739469018e-03 -1.536060866434109851e-04 9.999976159773539264e-01 -7.421464200792093034e-03
9.999582722524419376e-01 -8.904268968426666889e-03 -2.041506318685176128e-03 5.361687918684061860e-02 8.904075152443657534e-03 9.999603525281364202e-01 -1.040071381969167555e-04 2.116106150526782248e-02 2.042351485653988354e-03 8.582507252754843275e-05 9.999979107150503976e-01 -6.613921898774432519e-03
9.999153945827329304e-01 -1.295232565966353278e-02 -1.200390129751569262e-03 9.814677462823681586e-02 1.295089843825034462e-02 9.999154264310132767e-01 -1.189207688768909379e-03 2.191377169553684195e-02 1.215691613736030394e-03 1.173560944699493253e-03 9.999985724232857143e-01 -8.066342259349637903e-03
9.998205017157667518e-01 -1.892525457616899345e-02 -8.939172554209876779e-04 1.574631178942713927e-01 1.892278645457070793e-02 9.998173207855516331e-01 -2.693178418901348570e-03 1.795935719282764492e-02 9.447230425157378524e-04 2.675779592663634840e-03 9.999959738428672029e-01 -8.362941684687338548e-03
9.996362660941151557e-01 -2.693857097968483522e-02 -1.284096175482536250e-03 2.044642620972919322e-01 2.693283436016661453e-02 9.996280272281156121e-01 -4.292972554494334063e-03 2.448977248830514625e-02 1.399265072541860336e-03 4.256826705222436884e-03 9.999899606914354200e-01 -5.325161268620889551e-03
9.993270951071809849e-01 -3.664775038568131998e-02 -1.516369451052928131e-03 2.447470850881301452e-01 3.664201715060613068e-02 9.993217895894322966e-01 -3.650127519579385131e-03 3.564140732445656573e-02 1.649109995718408498e-03 3.592108495479909812e-03 9.999921885658801246e-01 1.274221102248577521e-03
9.988803650947557511e-01 -4.729368007413040087e-02 -1.150675111977463201e-03 2.921732868405831351e-01 4.729249499229516707e-02 9.988805465106944670e-01 -1.036204564783847065e-03 5.592761219825984065e-02 1.198392911886543653e-03 9.806260970131887821e-04 9.999988011127246557e-01 1.806748365231367883e-03
9.982334550824224495e-01 -5.940501818385625354e-02 -1.006463504107034087e-03 3.523088845636762056e-01 5.940546023758024041e-02 9.982338498334266674e-01 4.151393706077760462e-04 8.541085623218827583e-02 9.800245765618157811e-04 -4.741954359363486065e-04 9.999994073450833021e-01 -3.491574096328410853e-03
9.973424770304634146e-01 -7.284937729292691178e-02 -9.755709980760855771e-04 4.163881714154540892e-01 7.285028717495044270e-02 9.973424521980828183e-01 9.320418671871009801e-04 1.043718374818523587e-01 9.050797018790171858e-04 -1.000635571885877349e-03 9.999990897791785072e-01 -1.776441107527728823e-03
9.961218725650164973e-01 -8.798319282786769280e-02 -4.156649843416161346e-04 4.897880089353593425e-01 8.798387377073450810e-02 9.961197053935628709e-01 2.090570002884868921e-03 1.156827746939204232e-01 2.301170580608152762e-04 -2.119034321515154886e-03 9.999977283672617512e-01 4.609196035036489743e-04
9.944218033799056000e-01 -1.054691674025254045e-01 1.237614671243354248e-03 5.706637255108362172e-01 1.054624305659068728e-01 9.944125393501915822e-01 4.623561639580007869e-03 1.497670312703356377e-01 -1.718342744528915172e-03 -4.467248652335955271e-03 9.999885454282416708e-01 5.300641770613839267e-03
9.921880495275646750e-01 -1.247210698329280359e-01 2.743923179833643745e-03 6.478576341670363448e-01 1.247033663094233719e-01 9.921766308693151792e-01 5.882481441742654776e-03 1.799054653582501107e-01 -3.456125834618051316e-03 -5.494351330645028467e-03 9.999789334269351126e-01 -5.534020281137775124e-03
9.895026786079674785e-01 -1.444672411959919689e-01 3.696653740420875918e-03 7.352918301972549697e-01 1.444497213625686727e-01 9.895012851062211512e-01 4.635166816107127649e-03 2.058419110262799945e-01 -4.327473389145381800e-03 -4.052529377555073170e-03 9.999824248354118872e-01 -2.363818666248445471e-02
9.865355417772394553e-01 -1.634844073389931096e-01 4.524750524265134903e-03 8.330409773556056718e-01 1.634941415159412159e-01 9.865425331654524843e-01 -1.869744757284577501e-03 2.278253245544474559e-01 -4.158184730630376177e-03 2.584339859651427034e-03 9.999880152718010340e-01 -1.936486121150890818e-02
9.833045440266094950e-01 -1.819070663816283462e-01 4.689658521831292781e-03 9.267908694895115040e-01 1.819470555832590764e-01 9.832538413814332356e-01 -1.035144305098108924e-02 2.539074212771905148e-01 -2.728124118137330821e-03 1.103189054900051772e-02 9.999354252799081966e-01 -9.379466969803979676e-03
9.797394894657619480e-01 -2.002476053187558502e-01 3.380731499546290719e-03 1.031003831496332790e+00 2.002732286827815789e-01 9.794946084272200260e-01 -2.193047958848850718e-02 2.740475667507357715e-01 1.080117744741015398e-03 2.216322688848875941e-02 9.997537820481334769e-01 5.880267012857462276e-03
9.760269385589974700e-01 -2.176430599120482423e-01 1.706950283879992694e-03 1.129484337920927839e+00 2.176001271302174245e-01 9.756069170635707222e-01 -2.900565549385559355e-02 3.012862804546068141e-01 4.647567112400495179e-03 2.868173373134208504e-02 9.995777900044098274e-01 5.376339098679232265e-02
9.722771692267169197e-01 -2.338311023430425795e-01 3.489663587115869429e-04 1.241336917287679364e+00 2.337418679978446601e-01 9.718626794498316235e-01 -2.911479756879523095e-02 3.336545202892293727e-01 6.468797829590630655e-03 2.838922101135078063e-02 9.995760135102325084e-01 6.889176894333123857e-02
9.682816480258734648e-01 -2.498580926990641993e-01 -1.258415306795703566e-03 1.364073073563009109e+00 2.497294112294574375e-01 9.679220132060175619e-01 -2.760792491656094416e-02 3.892751672281828390e-01 8.116111340233853749e-03 2.641798372313397883e-02 9.996180364882963909e-01 2.388436222830891617e-02
9.639746439397707256e-01 -2.659870736906207456e-01 -1.939708919552177299e-03 1.494406033525472521e+00 2.658086343864320411e-01 9.635490309630747596e-01 -3.031558700964921346e-02 4.317520787942846217e-01 9.932558925694922811e-03 2.870786581443839428e-02 9.995384948632882738e-01 -3.376755242193427153e-02
9.600213559898727045e-01 -2.799179651661649615e-01 2.220094727681002841e-03 1.609098609786699940e+00 2.798061535930488342e-01 9.593447239302936858e-01 -3.696237382219651202e-02 4.507052176443829272e-01 8.216596304394137990e-03 3.610586440375430223e-02 9.993141918840281468e-01 -3.598426001035250066e-02
9.567466762235938837e-01 -2.907640646474174417e-01 9.594594562468593962e-03 1.748370891344172451e+00 2.908933366052621761e-01 9.556654088783741452e-01 -4.565843834372285831e-02 5.012167948495727110e-01 4.106610982710575362e-03 4.647456275256792863e-02 9.989110324564416388e-01 2.023444324753586460e-02
9.536207066589640347e-01 -3.006392311290709829e-01 1.495327848262750954e-02 1.906732462086158097e+00 3.010075905593851964e-01 9.522007933133479485e-01 -5.203921251387583907e-02 5.657547240313346437e-01 1.406505204940631040e-03 5.412672093847748639e-02 9.985330839904889011e-01 8.715980262843375792e-02
9.504827802801049108e-01 -3.103919112913323120e-01 1.547080463051543446e-02 2.055478007237055316e+00 3.107761356577399270e-01 9.491691139396329913e-01 -4.996185193419130921e-02 6.342570672054238523e-01 8.233447904286790488e-04 5.229583681294055347e-02 9.986312971038863173e-01 1.185202717788665649e-01
9.478867251673240846e-01 -3.184864210098776183e-01 8.783842205137549347e-03 2.198294177687541318e+00 3.185752167225258114e-01 9.470377122038931006e-01 -4.036586371938465784e-02 7.036624636346540118e-01 4.537349640645821532e-03 4.106058080367619434e-02 9.991463562273062982e-01 7.473032222014391879e-02
9.453165089171031710e-01 -3.261438066226616250e-01 -2.629709196929106742e-03 2.375274985917651183e+00 3.258976402441126075e-01 9.448614665855434858e-01 -3.205521868799005025e-02 7.790733197421683132e-01 1.293932193352688095e-02 2.944531140089760163e-02 9.994826399614976653e-01 -2.061049480760477476e-02
9.425320283286537926e-01 -3.340609656539231809e-01 -6.053660136002324624e-03 2.549113408602853070e+00 3.336499665384968782e-01 9.420198261043757348e-01 -3.572599970808012365e-02 8.362938199501631642e-01 1.763732983004492536e-02 3.165309546711304184e-02 9.993432874362122575e-01 -1.335552499675854432e-01
9.401044180582368570e-01 -3.407814909027410133e-01 8.465140606563644268e-03 2.721965388095667127e+00 3.407152692694490614e-01 9.385548657919077220e-01 -5.502607731776838762e-02 8.676679746842582697e-01 1.080686976097563860e-02 5.461446105601727719e-02 9.984490333559996600e-01 -1.172013590768905128e-01
9.381360153954411141e-01 -3.449785319912606063e-01 2.984340937492635515e-02 2.906326992373057472e+00 3.462669301172878189e-01 9.346022322451383868e-01 -8.135035703396530093e-02 9.034885231924915105e-01 1.724097269306041128e-04 8.665148554732994557e-02 9.962386713671211869e-01 7.122516306187365309e-02
9.359290363741521457e-01 -3.499105266081982135e-01 3.999327744164418719e-02 3.121309654998610572e+00 3.521814447017972416e-01 9.305819523122190740e-01 -9.992727374712984112e-02 9.684945806213849373e-01 -2.251417221629704521e-03 1.076097272534053823e-01 9.941906646719943508e-01 2.361983299645105672e-01
9.336545699250896613e-01 -3.568204589396041237e-01 3.111758570529148810e-02 3.305211982711197205e+00 3.581328258596524483e-01 9.286864640023615447e-01 -9.634485258990391210e-02 1.053250435704232713e+00 5.479333880660433760e-03 1.010970408118888608e-01 9.948614804279556356e-01 2.266142512042274848e-01
9.318800089718519697e-01 -3.623375574156957879e-01 1.763925635191093688e-02 3.492495366009473745e+00 3.625874568556811117e-01 9.287897626975964993e-01 -7.668058971520708145e-02 1.142883223089199873e+00 1.140109685734982080e-02 7.785288173323888505e-02 9.968996658622569784e-01 -9.744264017554151586e-03
9.314518362088149983e-01 -3.635856156674468487e-01 1.424699627818034470e-02 3.713607652747505927e+00 3.637058960107804051e-01 9.291750462066836747e-01 -6.596783090115000692e-02 1.218651222858586403e+00 1.074700098735597090e-02 6.662757377040659512e-02 9.977200350715860200e-01 -1.965869212983946956e-01
9.317086266703361597e-01 -3.627741279770745342e-01 1.771911562548531688e-02 3.963078987411810861e+00 3.630163901722532893e-01 9.285332255123688316e-01 -7.775056003594321696e-02 1.322119949412836837e+00 1.175310403180998206e-02 7.887319690534662364e-02 9.968153707460313262e-01 -1.051069296940370240e-01
9.318616882240003951e-01 -3.621875069083795862e-01 2.130736632736460884e-02 4.193654029152792617e+00 3.624614684901903972e-01 9.267628879570730671e-01 -9.865208241796290245e-02 1.400221605786572399e+00 1.598367542997424645e-02 9.965319535749114777e-02 9.948938449778402804e-01 1.312850727109174109e-01
9.327039653791814322e-01 -3.599929578455122736e-01 2.164216411521394795e-02 4.397700124558852508e+00 3.601473619588934638e-01 9.265989005007417845e-01 -1.082051535966111894e-01 1.447951734091464715e+00 1.889948782375816885e-02 1.087177441471983835e-01 9.938929829048718245e-01 2.351493151771573142e-01
9.348270107451586153e-01 -3.544677337488459923e-01 2.123877850132325704e-02 4.611098238691026197e+00 3.547718073139094486e-01 9.296976391830167330e-01 -9.899123412074138650e-02 1.533248577289274106e+00 1.534355618796940171e-02 1.000745993171210796e-01 9.948616234708343997e-01 1.713644862402309565e-01
9.382528668596096244e-01 -3.453657906258267296e-01 2.010046007237584545e-02 4.884146124674277445e+00 3.458196375191480154e-01 9.347179728728429726e-01 -8.192123958173661014e-02 1.647251261353058105e+00 9.504532384531565875e-03 8.381397171045443240e-02 9.964360902788851337e-01 1.613933800244331251e-02
9.421704579148481029e-01 -3.347212362175015499e-01 1.662895840252544971e-02 5.186288506795814435e+00 3.349607729740542994e-01 9.389280271197253391e-01 -7.883806477637785026e-02 1.775848674749385570e+00 1.077537939700545268e-02 7.984894435174369476e-02 9.967487332747219098e-01 -7.282364637307495170e-02
9.463696052717843754e-01 -3.229125010333241397e-01 1.058710981006517893e-02 5.466526500115672427e+00 3.225126011311153507e-01 9.422312262450273090e-01 -9.047617587207271161e-02 1.853964887188244370e+00 1.924038277605342323e-02 8.903837916985886392e-02 9.958423443022672572e-01 -7.140195153472576883e-04
9.510234531597511198e-01 -3.090493156141632669e-01 6.550729617382376052e-03 5.697838653113746155e+00 3.080642844197192254e-01 9.458176566945359909e-01 -1.025931622956581524e-01 1.890091962314599749e+00 2.551055085781382681e-02 9.958654930900154301e-02 9.947018301941826790e-01 1.153413431953840274e-01
9.558200900517650478e-01 -2.938627353757138350e-01 7.255908691465217698e-03 5.969125756975527608e+00 2.930264230883217191e-01 9.505615624239853734e-01 -1.028019037476235326e-01 1.947543265950833380e+00 2.331246073454254844e-02 1.003862978676619416e-01 9.946753844219355933e-01 1.667556779979351422e-01
9.601728007237068097e-01 -2.792262410447008403e-01 1.004485253448415827e-02 6.291710916430974798e+00 2.789332852559923692e-01 9.558334997981393633e-01 -9.262042452903930523e-02 2.041054509667084904e+00 1.626084643221584539e-02 9.173345614162203843e-02 9.956508212710021288e-01 1.206565464845406749e-01
9.643743040956167523e-01 -2.642211324388544780e-01 1.301517471355240901e-02 6.601670372695265243e+00 2.644001644295498332e-01 9.610838763987179512e-01 -8.006457129118205174e-02 2.143445729013835788e+00 8.646077129079993498e-03 8.065342955599016928e-02 9.967047053421264069e-01 3.969001446049147397e-02
9.691047826897120077e-01 -2.462517315796761697e-01 1.400017363954058833e-02 6.905359270953661976e+00 2.466125070039884015e-01 9.664161510000366384e-01 -7.226406074586676220e-02 2.220378383516370846e+00 4.265156167591602036e-03 7.348406480513761108e-02 9.972872708816554743e-01 2.839368916713105526e-02
9.735923059869243668e-01 -2.279598872476759353e-01 1.234145571194229796e-02 7.242094310691113535e+00 2.282569209367361907e-01 9.710413602787757448e-01 -7.055107846394211013e-02 2.288501791960833476e+00 4.098751949497464464e-03 7.150500985225888284e-02 9.974318191227332653e-01 7.252191985788777884e-02
9.775589329494958069e-01 -2.104088219653012237e-01 1.032764493083151471e-02 7.594583334662331708e+00 2.106113713349268279e-01 9.750721087855958036e-01 -6.983718875236068213e-02 2.354403985862444149e+00 4.624162093257841791e-03 7.044508717849286283e-02 9.975049407483402852e-01 1.200408382500414151e-01
9.811609844282115356e-01 -1.928310679516583581e-01 1.180262125486852137e-02 7.929652725419360060e+00 1.931897317345776244e-01 9.790255345765640493e-01 -6.470494725594773400e-02 2.424983385411688008e+00 9.220564976677582229e-04 6.576611498101406217e-02 9.978346395731705343e-01 1.260002379111635207e-01
9.843968606791130282e-01 -1.753084154345509738e-01 1.515850134195123079e-02 8.272855220244007768e+00 1.758988845654548550e-01 9.826997370983734381e-01 -5.797248584817176614e-02 2.488518746510151036e+00 -4.733190650695892968e-03 5.973429655243776143e-02 9.982030909197033841e-01 8.794363199054913705e-02
9.873930170564994002e-01 -1.573988907943417448e-01 1.675168781867365786e-02 8.629991339900815461e+00 1.580726942062568863e-01 9.860292021316200417e-01 -5.253033304725834157e-02 2.529307273181492732e+00 -8.249437219508952771e-03 5.451606846051502975e-02 9.984788155314913149e-01 6.577507016791826755e-02
9.900759527121749670e-01 -1.395200993973307602e-01 1.684487237226592327e-02 9.026196005198469763e+00 1.401807675699746902e-01 9.889568758469954313e-01 -4.810041702982512796e-02 2.577156414700059184e+00 -9.947877390263214908e-03 4.998439335541954298e-02 9.987004556704272007e-01 7.694258853909315132e-02
9.923633076646120044e-01 -1.222455838109409859e-01 1.646459351678138464e-02 9.417107965120880664e+00 1.228514868398814935e-01 9.914943114666301405e-01 -4.297141504004083068e-02 2.637030163447199982e+00 -1.107148509374706290e-02 4.466595535791463567e-02 9.989406261884555827e-01 9.206278188011855768e-02
9.942852413469467354e-01 -1.054601844452268122e-01 1.658337530247310995e-02 9.800635248376966757e+00 1.060187136527311058e-01 9.936575536520517726e-01 -3.747930663232746512e-02 2.674072443081908279e+00 -1.252562154402481892e-02 3.902326955802860181e-02 9.991597936456096951e-01 9.042448399888922128e-02
9.958782738686080549e-01 -8.900401301789645503e-02 1.745707029234535093e-02 1.018862523165465461e+01 8.954659353466307148e-02 9.954274222899028857e-01 -3.325138402558892869e-02 2.710103238887259014e+00 -1.441773986516638358e-02 3.467755210492039220e-02 9.992945492482138148e-01 7.732522274197765888e-02
9.971942711403669612e-01 -7.229616309651330786e-02 1.941263522437723307e-02 1.059190439925353111e+01 7.285200696945011434e-02 9.969022170821539852e-01 -2.964042268944822034e-02 2.741630643136639733e+00 -1.720961026158284238e-02 3.097150913675843220e-02 9.993721003392260771e-01 6.572087354741990017e-02
9.981757303792467839e-01 -5.667564433333176221e-02 2.081063721414741843e-02 1.102301988649245601e+01 5.725888086266327226e-02 9.979499227592555366e-01 -2.858972240423510516e-02 2.760799140252896855e+00 -1.914763286185818675e-02 2.972916083910826651e-02 9.993745769988298111e-01 6.347690057257880658e-02
9.988379338100381588e-01 -4.384663658642786593e-02 2.000636004253559738e-02 1.145411376073920451e+01 4.442472769868533594e-02 9.985791830627541721e-01 -2.942887566014277395e-02 2.781876649829480019e+00 -1.868757745111707114e-02 3.028345445586103427e-02 9.993666428469725194e-01 6.928794851922238929e-02
9.992701830970811550e-01 -3.384895202247250462e-02 1.770168410367541079e-02 1.186312176318113920e+01 3.434898467465483801e-02 9.989962622627022171e-01 -2.875091715007727089e-02 2.794540802093400611e+00 -1.671072784011178383e-02 2.933796912075945645e-02 9.994298550388232005e-01 8.992271712312475962e-02
9.995589737840779865e-01 -2.501618916090666417e-02 1.600150641616760600e-02 1.228338646928771283e+01 2.541185640527484496e-02 9.993638924206738050e-01 -2.502095281634194104e-02 2.787545434836922187e+00 -1.536539884801591156e-02 2.541654590351832138e-02 9.995588545516345125e-01 7.890691904573617077e-02
9.997223550427345451e-01 -1.752041121064187856e-02 1.575588838557116442e-02 1.272474525261972822e+01 1.786081287706633991e-02 9.996043213652423542e-01 -2.172998093196974734e-02 2.809623834777045026e+00 -1.536893591563785050e-02 2.200536068650913932e-02 9.996397150523170794e-01 2.918932820391249156e-02
9.998246620272248641e-01 -1.069881685387683024e-02 1.536816580053958388e-02 1.320413114993076142e+01 1.104359861224716091e-02 9.996852157358561142e-01 -2.252794639656475334e-02 2.810748544900270041e+00 -1.512230577118601864e-02 2.269371624662041426e-02 9.996280863956757967e-01 1.435407238719452021e-02
9.998660581349431142e-01 -4.301090037225215566e-03 1.579133984759761855e-02 1.365068383131529117e+01 4.703448588512076575e-03 9.996629505719188957e-01 -2.553160443882315778e-02 2.795625856951101440e+00 -1.567620365604715377e-02 2.560245844322362255e-02 9.995492838077555398e-01 3.144603511005873014e-02
9.998451654398838873e-01 5.200776556294531543e-04 1.758904959693282852e-02 1.412918217887475869e+01 -3.936824619287718744e-05 9.996267561473967111e-01 -2.731934926703550454e-02 2.798163929988425114e+00 -1.759669277541775836e-02 2.731442683757425230e-02 9.994719998528734939e-01 4.941834468571257993e-02
9.997965089581244413e-01 5.197065143388199596e-03 1.949182364588775487e-02 1.461102099753399663e+01 -4.706231377464014862e-03 9.996727767158147815e-01 -2.514340628305165165e-02 2.816568373266860714e+00 -1.961611738771928265e-02 2.504655679306453872e-02 9.994938108519947351e-01 6.848815838473711060e-02
9.997520890512648917e-01 9.895839820798751907e-03 1.994574620997573156e-02 1.510004549324054857e+01 -9.515209371950304057e-03 9.997725154238649159e-01 -1.908869282181591132e-02 2.818058614641091975e+00 -2.013010750690658046e-02 1.889417257460063865e-02 9.996188218588532015e-01 3.602297748278785600e-02
9.997086486802353456e-01 1.427799249887178046e-02 1.946167218252209050e-02 1.559477786538554867e+01 -1.400494182303290217e-02 9.998025768320871753e-01 -1.409499785213900666e-02 2.800132589473466105e+00 -1.965907827115138951e-02 1.381833166921754390e-02 9.997112454861194486e-01 -1.902118033282345841e-02
9.996392763654052827e-01 1.854263146529034137e-02 1.942904953905879445e-02 1.608512533298855374e+01 -1.828029298962313351e-02 9.997404819778961116e-01 -1.359410103013225339e-02 2.779785509631083951e+00 -1.967607775605472592e-02 1.323402859851571974e-02 9.997188166935697673e-01 -3.850660951553599998e-02
9.995385937906999807e-01 2.221981055731305985e-02 2.070940708246089140e-02 1.660832618376403147e+01 -2.183832161624222473e-02 9.995909140603986831e-01 -1.846868259736792611e-02 2.780202502660885866e+00 -2.111130578376263500e-02 1.800790234019144717e-02 9.996149399750938747e-01 -2.698551803726204415e-02
9.994202045237566834e-01 2.594773813376825486e-02 2.204471989919087535e-02 1.713265198320059923e+01 -2.541109472240080103e-02 9.993820809030901087e-01 -2.428441135417046606e-02 2.774559630454044079e+00 -2.266122359232985994e-02 2.371015089683695468e-02 9.994620041250931175e-01 1.732642842320115950e-02
9.992790817355019506e-01 3.060994601142623742e-02 2.245769380478837909e-02 1.765241907348499595e+01 -3.006626784463123717e-02 9.992558820539813036e-01 -2.415991966904614680e-02 2.751580628866703293e+00 -2.318051646851193928e-02 2.346728330458044270e-02 9.994558270731906946e-01 3.778900738144200244e-02
9.991375771375838877e-01 3.527981102097661054e-02 2.189604726800633422e-02 1.819493256293482375e+01 -3.488444176476755004e-02 9.992259199023910687e-01 -1.818341876493103498e-02 2.746501347379775027e+00 -2.252060555134191566e-02 1.740390558307190749e-02 9.995948811373818188e-01 -1.582847224098150266e-03
9.990122943879817807e-01 3.921601574722339417e-02 2.089353418103059162e-02 1.873252122077492388e+01 -3.897334921407331204e-02 9.991694144793655807e-01 -1.189786619522918698e-02 2.732564555514229276e+00 -2.134276722213540936e-02 1.107182360206363653e-02 9.997109087178285280e-01 -8.156089060115366551e-02
9.988706387761928651e-01 4.276540391773576283e-02 2.070186509939233102e-02 1.927265044939749217e+01 -4.254856470725233014e-02 9.990359807527898761e-01 -1.080411045223221914e-02 2.697169035542404281e+00 -2.114395025044490950e-02 9.911074062087436506e-03 9.997273148107650442e-01 -1.007249265421457790e-01
9.986562263614038315e-01 4.683292385127359875e-02 2.219051133122742006e-02 1.982049312796935681e+01 -4.654091913027632449e-02 9.988251847692485308e-01 -1.349789306468023552e-02 2.670705423800512346e+00 -2.279658737858814010e-02 1.244698815847719402e-02 9.996626371379861986e-01 -6.400158466564677406e-02
9.984651162291187099e-01 5.091691735927419971e-02 2.179172320403334126e-02 2.038492671446479676e+01 -5.059897107781785586e-02 9.986078771757002093e-01 -1.490140156185729495e-02 2.657174624572924415e+00 -2.252011988064263337e-02 1.377589087029991964e-02 9.996514737803826600e-01 -4.590005636832276970e-02
9.982796585403029832e-01 5.535140639985455108e-02 1.933766154978929647e-02 2.095197245831164778e+01 -5.510163729306057773e-02 9.983932416970199286e-01 -1.321909608634185343e-02 2.615029135723187181e+00 -2.003828616124778833e-02 1.213081791447234714e-02 9.997256175293528502e-01 -5.216154773562844960e-02
9.980305258735407969e-01 5.975588681846479705e-02 1.908673400879410190e-02 2.153683178416994082e+01 -5.959682231568617233e-02 9.981837654147465155e-01 -8.797114999297252561e-03 2.573604374366440517e+00 -1.957774743059482320e-02 7.642280613609784938e-03 9.997791292843468680e-01 -8.916717452854919235e-02
9.977438881201611265e-01 6.296212671587386733e-02 2.330030725715095258e-02 2.213839113055605878e+01 -6.291174865501869551e-02 9.980149107573383915e-01 -2.889599832111561153e-03 2.576651738877628883e+00 -2.343598941865164542e-02 1.417217497855764990e-03 9.997243349516569122e-01 -1.079885073533690121e-01
9.974579982405310519e-01 6.626989483856125795e-02 2.618860026955706008e-02 2.272661989143638905e+01 -6.635647889769362429e-02 9.977929718154469052e-01 2.450123261950204814e-03 2.550308404022129327e+00 -2.596843187973719991e-02 -4.181678345454409307e-03 9.996540172039136696e-01 -1.194670966981678378e-01
9.972871633407316416e-01 6.964902251954595280e-02 2.381863761571410831e-02 2.333287328794993343e+01 -6.974867143180958629e-02 9.975588771976493518e-01 3.377774069201237676e-03 2.505577459636724846e+00 -2.352523473409772609e-02 -5.029929048891365606e-03 9.997105896930714719e-01 -1.543612402461675692e-01
9.972461269375408888e-01 7.169433172560336909e-02 1.897590858149362722e-02 2.393096261770032740e+01 -7.169429158961955484e-02 9.974264191782875599e-01 -6.832851831241488214e-04 2.450374602928239387e+00 -1.897606022167581952e-02 -6.790608205552021211e-04 9.998197077547857914e-01 -1.591260277417781421e-01
9.973128088585947459e-01 7.212994456741540772e-02 1.282311909332767633e-02 2.454083337425971933e+01 -7.205066094656696618e-02 9.973795219877348295e-01 -6.541511803886296793e-03 2.394868102811535948e+00 -1.326135527549636775e-02 5.600019305244694455e-03 9.998963827517518554e-01 -1.069033411362328989e-01
9.972948309686743285e-01 7.256727627254856705e-02 1.170515004375833300e-02 2.517344742278789482e+01 -7.252320504763702658e-02 9.973581029624390970e-01 -4.147189986383024649e-03 2.352406135775539031e+00 -1.197517652403012542e-02 3.287076139727993385e-03 9.999228921660259228e-01 -6.895640500424311814e-02
9.971763287229339356e-01 7.313725272743437644e-02 1.703853568047110009e-02 2.579884196739988056e+01 -7.322021655746877022e-02 9.973065426282832213e-01 4.296500680527689728e-03 2.341014424378813796e+00 -1.667840885482392912e-02 -5.531934047310440791e-03 9.998456022725547010e-01 -1.500905805827518202e-01
9.970472929878031465e-01 7.261466409090723551e-02 2.497611067918089137e-02 2.644482656703423373e+01 -7.281746775652604697e-02 9.973185140252772696e-01 7.307391596194536335e-03 2.313598745924360323e+00 -2.437851380255316031e-02 -9.104512143852262068e-03 9.996613406166116045e-01 -2.526900709226301833e-01
9.968973943635234258e-01 7.294288118380513886e-02 2.957906685179393855e-02 2.711783598626275804e+01 -7.299368997614401333e-02 9.973321971222129934e-01 6.401617340663137961e-04 2.231490767024738364e+00 -2.945346049081805015e-02 -2.797260800225427353e-03 9.995622386810795179e-01 -2.476677278299987406e-01
9.968889767916380151e-01 7.336440803502980446e-02 2.881026874207541152e-02 2.778630859874368753e+01 -7.312449552659824881e-02 9.972794969407242638e-01 -9.295866588783306683e-03 2.172431867112151860e+00 -2.941387606728274040e-02 7.160210564333779545e-03 9.995416726076872260e-01 -1.637987718799972792e-01
9.970062104959970251e-01 7.296523384006668722e-02 2.558692797262126714e-02 2.843256865957950907e+01 -7.271226883081695347e-02 9.972957479634078082e-01 -1.068255847547346440e-02 2.130974169087743508e+00 -2.629718984771427584e-02 8.790093558733703960e-03 9.996155221190505813e-01 -1.354188571001670727e-01
9.970323542129366778e-01 7.272043396293337292e-02 2.526307853077049831e-02 2.909598599207977898e+01 -7.262659431613577299e-02 9.973485311127314734e-01 -4.613597871110274723e-03 2.087672216304289119e+00 -2.553159710336714780e-02 2.765134991193921466e-03 9.996701914020602597e-01 -2.058810934729590203e-01
9.970054513532339291e-01 7.272713839959110693e-02 2.628484947913588624e-02 2.979494686225971378e+01 -7.280265474807176562e-02 9.973445056442709067e-01 1.926271740398278944e-03 2.041666966622359691e+00 -2.607495797824368328e-02 -3.834110247699329746e-03 9.996526377522551021e-01 -2.910038153091409896e-01
9.969872732851690067e-01 7.239000081197864700e-02 2.785793764523176314e-02 3.050762145492138799e+01 -7.247063020246623244e-02 9.973687479330969330e-01 1.894308428988777807e-03 2.001670399460074634e+00 -2.764750740051045291e-02 -3.907483692669589011e-03 9.996100974408622664e-01 -3.202313828590047651e-01
9.969931579836993629e-01 7.207079775813235445e-02 2.846828137061921046e-02 3.120182886833465474e+01 -7.194316903162337185e-02 9.973936586376866975e-01 -5.483624624009528388e-03 1.963269084256531460e+00 -2.878929251262749706e-02 3.419037852402163815e-03 9.995796550634602484e-01 -2.982743016851268081e-01
9.969653102622011431e-01 7.229669456621878876e-02 2.886794222995199902e-02 3.189278655427800757e+01 -7.200327404868767101e-02 9.973428627433534865e-01 -1.107892870100229792e-02 1.924139383697683892e+00 -2.959220606954735683e-02 8.966721234162644549e-03 9.995218353043850978e-01 -2.547193622212773345e-01
9.969210453391980087e-01 7.257012081912030121e-02 2.969860138287843537e-02 3.262159041710117435e+01 -7.233708506109874647e-02 9.973409882797844572e-01 -8.848684759116914184e-03 1.881197944850268478e+00 -3.026178257578677339e-02 6.673129805506923182e-03 9.995197315980983710e-01 -2.623197677564859109e-01
9.968795081000607627e-01 7.294457138479919223e-02 3.017177216652793328e-02 3.335367087785159157e+01 -7.292370705229071770e-02 9.973359107607211449e-01 -1.792779081390190364e-03 1.814725999952441882e+00 -3.022216537464875522e-02 -4.130527459320100232e-04 9.995431206843936600e-01 -3.377858636386802949e-01
9.968923523706446632e-01 7.326996352502816723e-02 2.893354852007259947e-02 3.408217859407532302e+01 -7.336564089525625387e-02 9.973025545585616491e-01 2.257743784293933173e-03 1.768246465441680959e+00 -2.869007704678841475e-02 -4.373455842724099756e-03 9.995787874715235111e-01 -4.035902636356879514e-01
9.968535427517561942e-01 7.440398315709463584e-02 2.733242751076572080e-02 3.480881163825421254e+01 -7.444813477882976371e-02 9.972247065490256190e-01 5.998967935754968102e-04 1.719445509167270014e+00 -2.721193729277067430e-02 -2.632857491115234583e-03 9.996262194091378728e-01 -3.957291254509681666e-01
9.967204881160506291e-01 7.601279004521785398e-02 2.775471706293140481e-02 3.557300339941116363e+01 -7.598406921148076476e-02 9.971068423501168176e-01 -2.089536944915878526e-03 1.662786429330231686e+00 -2.783324982402605660e-02 -2.623205858177114002e-05 9.996125797108159627e-01 -3.527939499758593334e-01
9.964793189879244117e-01 7.832558926537130928e-02 2.990098485994507546e-02 3.633345647505419862e+01 -7.828470653286445646e-02 9.969278142799321563e-01 -2.537289518435948982e-03 1.621512340154101617e+00 -3.000785817791073659e-02 1.875667066018297407e-04 9.995496452234401419e-01 -3.643621701153955672e-01
9.962740952349486978e-01 7.966220377997933200e-02 3.304331176957570754e-02 3.710360760737190589e+01 -7.972772194911749433e-02 9.968164546734393783e-01 6.678660638623809109e-04 1.572044305928697927e+00 -3.288491320634045340e-02 -3.299845631555353188e-03 9.994536975279141311e-01 -4.186456144776974919e-01
9.961185212887533336e-01 8.085550313840006442e-02 3.478906664088314560e-02 3.788401760747120051e+01 -8.104319354167502376e-02 9.967024958660678502e-01 4.016903648036277037e-03 1.515805979613569887e+00 -3.434956078429875215e-02 -6.820729182952615932e-03 9.993866045366720519e-01 -4.660245273804111688e-01
9.960427036266168432e-01 8.256384615271827876e-02 3.289595508037006233e-02 3.865151871789572624e+01 -8.277160222828949809e-02 9.965559888714956571e-01 5.002290367133183611e-03 1.449637781945378290e+00 -3.236965271270728778e-02 -7.705345730436786306e-03 9.994462633030517518e-01 -4.794908745272481454e-01
9.960185512705631572e-01 8.406453029007436573e-02 2.966816934017952809e-02 3.940397890978825757e+01 -8.424935653882580089e-02 9.964319895255457915e-01 5.033505036890917154e-03 1.391063293776646059e+00 -2.913917376457692346e-02 -7.512988571252218230e-03 9.995471292315565304e-01 -4.737068901328413406e-01
