1.000000000000000000e+00 0.000000000000000000e+00 0.000000000000000000e+00 0.000000000000000000e+00 0.000000000000000000e+00 1.000000000000000000e+00 0.000000000000000000e+00 0.000000000000000000e+00 0.000000000000000000e+00 0.000000000000000000e+00 1.000000000000000000e+00 0.000000000000000000e+00
9.999999666496565132e-01 -2.116106394337279603e-04 1.480595259794938732e-04 6.549036122457642384e-03 2.116215867117963328e-04 9.999999748755807882e-01 -7.392659768281399050e-05 3.579409068419715182e-03 -1.480438786049774469e-04 7.395792780915214917e-05 9.999999863066173500e-01 9.805993332992202216e-04
9.999999427814374453e-01 -3.273713267951674447e-04 8.523576911714337916e-05 1.568142715263329268e-02 3.273745610238855104e-04 9.999999456934787201e-01 -3.793331423689086628e-05 7.524173791014912745e-03 -8.522334620887380525e-05 3.796121608889940324e-05 9.999999956479636021e-01 1.760010511672035257e-03
9.999999005324361478e-01 -3.301663979833392736e-04 -2.998754199429809540e-04 1.423729041140474674e-02 3.301816619060268169e-04 9.999999441970298664e-01 5.085279944101832170e-05 7.145444562265540478e-03 2.998586133234230964e-04 -5.095180774733578847e-05 9.999999537443615694e-01 2.342504845503041305e-03
9.999999217424908604e-01 -5.363839692171520559e-05 -3.919667517806371400e-04 1.071074066554291403e-02 5.368596114266000011e-05 9.999999911974443156e-01 1.213380766458247470e-04 1.692538930273958936e-03 3.919602399504111654e-04 -1.213591102620144183e-04 9.999999158195648219e-01 2.533895460443936001e-03
9.999999944064100754e-01 8.913671078479825575e-05 -5.693704163319731064e-05 3.287495682752286652e-03 -8.913167190875378489e-05 9.999999921120464874e-01 8.849549185779223288e-05 -4.216477896663735174e-03 5.694492938114405385e-05 -8.849041646907044028e-05 9.999999944633606308e-01 -8.593604337295418505e-04
9.999999926057856481e-01 -3.878671386372863213e-05 1.152563209414734255e-04 8.325416279559419430e-03 3.879253525737000633e-05 9.999999979721198029e-01 -5.050643130299607182e-05 1.530407786789447083e-03 -1.152543617292481901e-04 5.051090201443445444e-05 9.999999920825404232e-01 5.518838081294006118e-04
9.999999820853777699e-01 -1.594236668334329625e-04 1.020457671531793095e-04 6.924104237805699981e-03 1.594268896689021080e-04 9.999999867930461361e-01 -3.157490004260644998e-05 1.780082322174475137e-03 -1.020407320191208891e-04 3.159116831621514878e-05 9.999999942948435416e-01 1.579640225841264954e-03
9.999999934115497702e-01 -1.046876326090656183e-04 -4.708927754957548828e-05 8.765635928722417466e-03 1.046883006093158393e-04 9.999999944195928636e-01 1.418358384178761038e-05 2.169045749248166635e-03 4.708779244098384287e-05 -1.418851344478335877e-05 9.999999987907129961e-01 1.794458635852098699e-03
9.999999927990079751e-01 -2.589365576020843403e-05 -1.171814941150161438e-04 5.357255987376218116e-03 2.590109560515777102e-05 9.999999976491490417e-01 6.348885857847108149e-05 6.266090044765063385e-03 1.171798498808912867e-04 -6.349189325037054058e-05 9.999999911188310886e-01 1.789457264086506726e-03
9.999999953275559017e-01 -7.298012227695917014e-05 -6.339392575586962162e-05 -3.186126995782813907e-04 7.298188164519300684e-05 9.999999969517613385e-01 2.775107662040207600e-05 2.901628834369994817e-03 6.339190028566473324e-05 -2.775570309872326289e-05 9.999999976055439221e-01 2.440189818093035749e-03
9.999999913790472705e-01 -1.179857683476718394e-04 5.763040690490740114e-05 -1.160827766835115064e-03 1.179873647905926241e-04 9.999999926558794661e-01 -2.769878515042375995e-05 2.113202985818060653e-03 -5.762713841921447445e-05 2.770558457147636239e-05 9.999999979557567809e-01 2.128125968789299459e-03
9.999999997399120488e-01 -1.939952551042562975e-05 1.199309737673561869e-05 8.433486412778972915e-03 1.939998518840798086e-05 9.999999990772404646e-01 -3.832961772128103280e-05 1.513691357407639677e-03 -1.199235378927208363e-05 3.832985037722343657e-05 9.999999991935030197e-01 -2.638504662425503623e-04
9.999999986648095973e-01 4.908759317135645415e-05 1.614895995519238531e-05 1.097156468816081962e-02 -4.908719431372170840e-05 9.999999984902249173e-01 -2.469812702357700667e-05 1.427705420421194853e-03 -1.615017230242251918e-05 2.469733428346502173e-05 9.999999995646068340e-01 -2.341123958008358916e-03
9.999999975653084405e-01 6.803446619053064338e-05 -1.551433191815541340e-05 1.073795558389894350e-02 -6.803399758622245439e-05 9.999999972295728901e-01 3.020313526439955025e-05 4.215037325600896542e-03 1.551638672935908250e-05 -3.020207968884396337e-05 9.999999994235380107e-01 -1.954344798881820725e-03
9.999999983482071864e-01 1.697634412267145758e-05 5.491256041943753290e-05 5.992875256890097674e-03 -1.697751962964937487e-05 9.999999996267630031e-01 2.140649173510615369e-05 3.717829121716834714e-03 -5.491219699497197615e-05 -2.140742397881949735e-05 9.999999982631864182e-01 -1.340586938316405208e-03
9.999999896923573717e-01 -1.402334261907925612e-04 3.081998103459054303e-05 5.587683169520539506e-03 1.402340161306837700e-04 9.999999899840377182e-01 -1.914014746248851560e-05 9.484494374360804073e-03 -3.081729663744231816e-05 1.914446927491627066e-05 9.999999993418917654e-01 -3.763998686377490496e-04
9.999999818077465186e-01 -1.905674313800814702e-04 8.280144637117372257e-06 7.089893025077481648e-03 1.905678189534832279e-04 9.999999807453342493e-01 -4.683201476031254165e-05 8.269698133060176398e-03 -8.271219820926726049e-06 4.683359183743677584e-05 9.999999988691008479e-01 -9.930968058065080609e-04
9.999999924755101910e-01 -1.223084436984171004e-04 -9.467008193522057451e-06 5.527546185424232761e-03 1.223080314398571826e-04 9.999999915727156852e-01 -4.353520447248611862e-05 5.878096850748811865e-03 9.472332836846010607e-06 4.353404625377014207e-05 9.999999990075308931e-01 -9.420851416554543514e-04
9.999999986061083312e-01 -1.292955676591187885e-05 -5.119189231954652516e-05 7.957463172034400303e-03 1.293032999136147952e-05 9.999999998023356707e-01 1.510414924704248926e-05 8.149267243619381582e-04 5.119169701947261485e-05 -1.510481115404951438e-05 9.999999985756273801e-01 -5.186374838385451446e-04
9.999999982691597511e-01 -3.396387391823203772e-05 4.804306104383491809e-05 2.893682839806907894e-03 3.396245212284922110e-05 9.999999989853529669e-01 2.959469430473903227e-05 3.320831508969576337e-04 -4.804406614555417892e-05 -2.959306259335481171e-05 9.999999984080091275e-01 1.226792500413549398e-04
9.999999926092231206e-01 -8.356926300237961210e-05 8.830476726881200276e-05 -2.475379205083622167e-03 8.356661588564148302e-05 9.999999960589006642e-01 2.998031802196111554e-05 2.915767531143281799e-03 -8.830727235387581409e-05 -2.997293846981604964e-05 9.999999956517242605e-01 4.064895516805622938e-04
9.999999914862256478e-01 -1.303906460022119052e-04 -5.082140639573448658e-06 6.783963760324720343e-03 1.303907770140691925e-04 9.999999911666360708e-01 2.578707220805562123e-05 6.241904673148119219e-03 5.078778201677337088e-06 -2.578773465277719629e-05 9.999999996545994030e-01 -8.527923769031850974e-04
9.999999888860968689e-01 -1.449688378670696825e-04 -3.481152474673201107e-05 6.493212042868828221e-03 1.449670955881500218e-04 9.999999882399585038e-01 -5.004622012509400328e-05 8.413882373745323884e-03 3.481877947971820944e-05 5.004117304324962837e-05 9.999999981417667660e-01 -8.601848592274653846e-04
9.999999981755430811e-01 -4.071432441468499281e-05 4.462350939534262827e-05 4.645546101683034786e-03 4.071583642327137535e-05 9.999999985970715599e-01 -3.388329250344849217e-05 6.663802558101942185e-03 -4.462212979737581036e-05 3.388510932513906168e-05 9.999999984303324929e-01 -1.455170333783162556e-03
9.999999992448511676e-01 -2.852386466479499581e-05 2.639482717916624601e-05 1.305251841126684690e-03 2.852395501436118296e-05 9.999999995873347647e-01 -3.422632644920770446e-06 4.571614340562775783e-03 -2.639472954156365999e-05 3.423385527199243568e-06 9.999999996457993312e-01 -3.270217524930073977e-04
9.999999995278884279e-01 -3.068421349915626065e-05 1.643838826950764266e-06 5.771702985903726796e-03 3.068417388524111226e-05 9.999999992390038450e-01 2.409302559739808343e-05 1.913974213442197871e-03 -1.644578101241080367e-06 -2.409297514618708483e-05 9.999999997084119130e-01 8.811337298130492764e-05
9.999999955854421696e-01 -9.238089683581864183e-05 -1.717223417998545263e-05 7.043850638107479120e-03 9.238115466922260165e-05 9.999999956201455209e-01 1.501436529342789391e-05 7.067261655438261854e-03 1.717084706424233659e-05 -1.501595161796790543e-05 9.999999997398415497e-01 -1.938358852412966219e-03
9.999999883217171037e-01 -1.504680151987262938e-04 -2.675709405593155936e-05 6.209353456507747324e-03 1.504678090274352083e-04 9.999999886500191559e-01 -7.707140662851613474e-06 5.401983536028631162e-03 2.675825343039744982e-05 7.703114491526908002e-06 9.999999996123289936e-01 -1.284601980234302814e-03
9.999999901186137352e-01 -1.378541462827745747e-04 2.755007818758426432e-05 3.369206817377536772e-03 1.378546903077933477e-04 9.999999903030929449e-01 -1.974584531100851908e-05 7.565410525995288835e-03 -2.754735587378573763e-05 1.974964302338869969e-05 9.999999994255474034e-01 -1.030633971347815966e-03
9.999999960087889717e-01 -8.186774814958368762e-05 3.577839843887111831e-05 1.798332068763879498e-03 8.186829511437732185e-05 9.999999965319544826e-01 -1.528637348050134294e-05 9.854066505087204567e-03 -3.577714685381578301e-05 1.528930253597231661e-05 9.999999992431164442e-01 -3.029635021562577819e-03
9.999999970347857037e-01 -5.002805830739948627e-05 5.854589689800236241e-05 1.120836987904055707e-03 5.002968797767981475e-05 9.999999983611316257e-01 -2.783463927148012380e-05 4.664305646912856283e-03 -5.854450428909690454e-05 2.783756822189863579e-05 9.999999978988054483e-01 -2.718366870916908741e-03
9.999999974335583852e-01 -6.193469993060962621e-05 3.601355546081725723e-05 3.969870828404223166e-03 6.193535760830605453e-05 9.999999979152714991e-01 -1.826112005791973524e-05 3.268793895678932804e-03 -3.601242438874758037e-05 1.826335052348984986e-05 9.999999991847776659e-01 -4.958783190207958352e-05
9.999999969331656580e-01 -3.739943808391183090e-05 -6.881097812013103269e-05 9.725881228691300728e-03 3.740167213365133122e-05 9.999999987735540552e-01 3.246547228639074976e-05 6.477530637636643579e-03 6.880976384531743977e-05 -3.246804583246736659e-05 9.999999971055212322e-01 1.760804752452478725e-03
9.999999984865226565e-01 -3.341780389056853525e-05 -4.370589259201010645e-05 1.366666479250588581e-02 3.341808023695563373e-05 9.999999994216312027e-01 6.322148365517573554e-06 8.697106713462198629e-03 4.370568129441774135e-05 -6.323608922974612068e-06 9.999999990249126558e-01 -3.704293948278906783e-04
9.999999939102773849e-01 -1.078693852637155088e-04 2.331610997770688153e-05 5.420530611170523705e-03 1.078698706631460653e-04 9.999999939653521075e-01 -2.081794463989091435e-05 9.320550309857874097e-03 -2.331386421811160601e-05 2.082045961888306723e-05 9.999999995114861040e-01 -2.490416992348610473e-03
9.999999842494025071e-01 -1.191009105668964553e-04 1.315909110482439855e-04 2.242494050429489835e-03 1.191100346477538124e-04 9.999999905030025893e-01 -6.933104901782146290e-05 7.288287865010116551e-03 -1.315826524074568493e-04 6.934672172379029251e-05 9.999999889385188245e-01 -2.785061670753743480e-03
9.999999835525474889e-01 -8.232161523897132754e-05 1.616108179664533791e-04 5.839892837643891055e-03 8.233610157781113680e-05 9.999999925933835687e-01 -8.963257860824612574e-05 3.673491729692079846e-03 -1.616034380708149926e-04 8.964588353874271092e-05 9.999999829239720750e-01 -1.408673113370281088e-03
9.999999908124092007e-01 -1.288635606377274074e-04 4.206381164241437701e-05 4.016263881673107737e-03 1.288644843828190567e-04 9.999999914558823644e-01 -2.195859402327084487e-05 4.928369748773996951e-03 -4.206098162040379073e-05 2.196401435292274549e-05 9.999999988742279688e-01 -1.609990683021423220e-03
9.999999971911461838e-01 -6.139355471144312027e-05 -4.299464106724055395e-05 6.271609040168107593e-03 6.139357822245846623e-05 9.999999981152655204e-01 5.455163650374124657e-07 5.650353325660974202e-03 4.299460749501826770e-05 -5.481559583646449391e-07 9.999999990755816803e-01 -8.337823116915509675e-04
9.999999981631750856e-01 -5.646507838486259501e-05 -2.203053895928441905e-05 3.508025983282305089e-03 5.646545630445535044e-05 9.999999982586944558e-01 1.715410590951041862e-05 3.647387359389889575e-03 2.202957031298771479e-05 -1.715534984243630165e-05 9.999999996101960331e-01 -1.084046855184161084e-03
9.999999978889916319e-01 -6.368310273508082521e-05 1.290267812644053400e-05 2.094226762466004643e-03 6.368319444757812229e-05 9.999999979469654798e-01 -7.107734088411196941e-06 4.966425350162811947e-03 -1.290222545739072383e-05 7.108555757166732006e-06 9.999999998915004573e-01 -4.372262808403744793e-04
9.999999950513674962e-01 -7.178400640741785241e-05 6.887903403010386472e-05 4.493475612097877839e-03 7.178576755065945575e-05 9.999999970965786078e-01 -2.556650865149397698e-05 4.962227659700921972e-03 -6.887719856369815602e-05 2.557145305930072461e-05 9.999999973010161858e-01 -2.272031377665271763e-03
9.999999941695363326e-01 -8.614632269754163285e-05 6.511327374723128850e-05 4.732348634354451716e-03 8.614727114959176647e-05 9.999999961832757300e-01 -1.456352159507724694e-05 3.712147866969814358e-03 -6.511201890488092542e-05 1.456913084101410347e-05 9.999999977740826607e-01 -3.186486180967612949e-03
9.999999975229945104e-01 -7.004809620627974981e-05 -6.875701120921249040e-06 4.609384339534131937e-03 7.004814113483018604e-05 9.999999975252799045e-01 6.534372194463777006e-06 -9.275229671776895682e-04 6.875243383573687981e-06 -6.534853808360620086e-06 9.999999999550133190e-01 -8.565812267920603143e-04
9.999999961095669132e-01 -6.800329621890923012e-05 -5.618200582538033767e-05 2.241929935865846768e-03 6.800433984285731413e-05 9.999999975152068510e-01 1.857406727540908870e-05 -1.178274978913782488e-03 5.618074258798075175e-05 -1.857788782336512712e-05 9.999999982492930872e-01 1.778328963117168510e-03
9.999999988273332585e-01 -4.187087010871454136e-05 -2.433441276721298193e-05 7.473200186800504040e-03 4.187135469079608820e-05 9.999999989251254773e-01 1.991328046283692197e-05 2.384252625963180060e-03 2.433357895467684194e-05 -1.991429935431344883e-05 9.999999995056487734e-01 -5.417501576686538714e-04
9.999999978410152313e-01 -4.688097730297616120e-05 4.604501589479049930e-05 7.330087254770146707e-03 4.688285890240905072e-05 9.999999980660607690e-01 -4.086411616787645262e-05 7.429627184501675502e-03 -4.604310005603965881e-05 4.086627480163480792e-05 9.999999981049902953e-01 -1.499930677758401715e-03
9.999999971904833806e-01 -6.491909639229229362e-05 3.747724706422601182e-05 4.090943926998741320e-03 6.492013666488255790e-05 9.999999975074652658e-01 -2.775689493348783369e-05 1.922139163790487909e-03 -3.747544501827493926e-05 2.775932788350560747e-05 9.999999989125053501e-01 -1.451468455813148106e-03
9.999999957230765180e-01 -8.677781069541913377e-05 -3.199153792091928713e-05 4.177672482195481790e-03 8.677780814949762522e-05 9.999999962348027349e-01 -8.096916096498094845e-08 3.543490091977392984e-03 3.199154482679136087e-05 7.819300507857314099e-08 9.999999994882674548e-01 1.053373085392756694e-03
9.999999904878910106e-01 -1.239960112944961509e-04 -6.040866736352781770e-05 5.737980627817011216e-03 1.239969260493692371e-04 9.999999921977824613e-01 1.513926535027495444e-05 5.614155532946931391e-03 6.040678968368889344e-05 -1.514675569532842716e-05 9.999999980607977568e-01 1.806122705770977967e-03
9.999999948450715159e-01 -9.680279602206723095e-05 -3.064433905543724999e-05 2.183413122915735249e-03 9.680399518674179954e-05 9.999999945488121655e-01 3.913262233998688082e-05 4.182169931042705943e-03 3.064055074113100901e-05 -3.913558863271143187e-05 9.999999987647811839e-01 -6.585688064265253841e-04
9.999999975697148047e-01 -3.602789952849141995e-05 5.968719128561380632e-05 6.735276124181048367e-03 3.602822785776435555e-05 9.999999993358597017e-01 -5.499766944635358353e-06 1.052560169691757084e-03 -5.968699310092222108e-05 5.501917354997184631e-06 9.999999982035958634e-01 -3.290885442670983974e-03
9.999999987480534536e-01 -3.729582179956339168e-05 3.336037696037418297e-05 8.116550663361527321e-03 3.729679546383644613e-05 9.999999988785601701e-01 -2.918610319150572970e-05 3.490048717208735912e-03 -3.335928840325887238e-05 2.918734739012237531e-05 9.999999990176282605e-01 -2.264631722718206484e-03
9.999999961910768231e-01 -8.139690490004650072e-05 -3.150222445973595178e-05 6.717813295796718279e-03 8.139658451633309934e-05 9.999999966355699321e-01 -1.017134180355085226e-05 6.545194465134026619e-03 3.150305226949041211e-05 1.016877759133330289e-05 9.999999994520768487e-01 7.509896692105143441e-04
9.999999946912944138e-01 -9.558027767513072167e-05 -3.849443603257936768e-05 7.065128006603782138e-03 9.558002249118456345e-05 9.999999954102452016e-01 -6.630897569403950311e-06 1.215906483729271501e-02 3.849506963893026609e-05 6.627218235140687961e-06 9.999999992371048085e-01 9.443034585346027181e-04
9.999999957541589879e-01 -8.376013918647228190e-05 -3.841771832529409164e-05 9.743867150158260632e-03 8.375929134159193306e-05 9.999999962486438854e-01 -2.207018875265599896e-05 8.168096736232800109e-03 3.841956678325735068e-05 2.206697081808759722e-05 9.999999990184927912e-01 1.642906185730183804e-03
9.999999994855950369e-01 -2.905731112471702667e-05 -1.358244005215184738e-05 8.524257459180437091e-03 2.905720961725301877e-05 9.999999995499121441e-01 -7.473571203177140578e-06 1.841452875335572621e-03 1.358265720792221970e-05 7.473176531524989720e-06 9.999999998798315692e-01 2.713752156878511748e-05
9.999999998851812899e-01 1.498785628819890360e-05 -2.236440189485640283e-06 5.901183330949029415e-03 -1.498786564428080878e-05 9.999999998789310673e-01 -4.183512541441778839e-06 3.520055946152298235e-03 2.236377487330126070e-06 4.183546060426514604e-06 9.999999999887483337e-01 -1.250475373609017228e-03
9.999999999274202800e-01 -5.714140487438696223e-06 -1.060698384308730558e-05 4.027116894437750283e-03 5.714120907169181899e-06 9.999999999819705332e-01 -1.846008395012067942e-06 1.232386547633991351e-03 1.060699439124737844e-05 1.845947785289945302e-06 9.999999999420420282e-01 1.059524132033097185e-03
9.999999944397400808e-01 -1.017205978139682588e-04 -2.781078521540482926e-05 1.815088905055502189e-03 1.017212637771319701e-04 9.999999945396902401e-01 2.394585366312474242e-05 1.304128822284860529e-03 2.780834927699955036e-05 -2.394868247819831932e-05 9.999999993265781262e-01 1.044264322339198778e-03
9.999999957880851831e-01 -8.473375585356443388e-05 -3.527067238518131863e-05 7.602232762053811113e-03 8.473462436676380838e-05 9.999999961068641863e-01 2.462346549224391710e-05 7.717980435469604973e-05 3.526858580915451686e-05 -2.462645403570769672e-05 9.999999990748322798e-01 1.637472973563993805e-03
9.999999990397619998e-01 -5.380786277418133040e-07 -4.381993164863023991e-05 2.140184457982045874e-02 5.382192545349048582e-07 9.999999999947056795e-01 3.209185268687194064e-06 -2.717122535968852616e-04 4.381992992160423344e-05 -3.209208850336558204e-06 9.999999990347573364e-01 1.748247084449118353e-03
9.999999795739041852e-01 1.757007737530036329e-04 9.990710300397437262e-05 3.310262987018018632e-02 -1.756928434090446959e-04 9.999999814153870403e-01 -7.938041549044539606e-05 6.179348250082319742e-03 -9.992104834766204970e-05 7.936286090600989571e-05 9.999999918586601755e-01 4.680252999901443091e-03
9.999999725151811347e-01 7.119628770734297643e-05 2.233847030619669899e-04 1.690265330009770722e-02 -7.117730803917039718e-05 9.999999938568731039e-01 -8.497084554133349087e-05 6.526742026505486481e-03 -2.233907512984523115e-04 8.495494328410412011e-05 9.999999714396144990e-01 -3.211527720960120208e-04
9.999999908128665016e-01 -5.175197204726354256e-05 1.252836795521084456e-04 -6.380069357698782417e-04 5.175929847849324749e-05 9.999999969507544773e-01 -5.847620009869028976e-05 3.599227755483109647e-03 -1.252806529114148409e-04 5.848268415682605415e-05 9.999999904422668395e-01 -8.303348196212608986e-04
9.999999826091474642e-01 -1.826281133049384301e-04 3.779784282210594068e-05 -1.714730110082912304e-02 1.826296272552089715e-04 9.999999825210358351e-01 -4.005430529460845456e-05 5.544821336400869959e-03 -3.779052711923310508e-05 4.006120760397559728e-05 9.999999984834878619e-01 -1.451865379515097833e-04
9.999999602364242346e-01 -2.815347261729199782e-04 -1.628950124463254760e-05 -3.103105873905789847e-02 2.815343428054020171e-04 9.999999600923251686e-01 -2.353214675414608476e-05 4.729619512298954137e-03 1.629612571104911893e-05 2.352755976439625303e-05 9.999999995904450545e-01 3.455317219603792466e-03
9.999999531715647594e-01 -3.059803984104737958e-04 -5.732717507314277448e-06 -2.936454583360315757e-02 3.059803753534060390e-04 9.999999531799137475e-01 -4.022459028242636032e-06 4.797242896561787658e-03 5.733948032524001710e-06 4.020704740822490313e-06 9.999999999754778379e-01 2.366718300757196351e-03
9.999999584364852590e-01 -2.752783806453374098e-04 8.572538077229918576e-05 -3.138620586230505410e-02 2.752792712410251016e-04 9.999999620568164049e-01 -1.037731234015315544e-05 2.438039693197460722e-03 -8.572252086986888707e-05 1.040091032918143817e-05 9.999999962717351920e-01 -8.435906392733152383e-05
9.999999777448435045e-01 -1.800436634304545722e-04 1.099754145590196435e-04 -1.434274088375867354e-02 1.800520699331385885e-04 9.999999808694927106e-01 -7.643471913551796049e-05 1.010237548377854351e-02 -1.099616508682877460e-04 7.645451873548444132e-05 9.999999910315708895e-01 9.118276460388718280e-03
9.999998913283968394e-01 -1.591777176139009035e-04 4.381844917235474504e-04 -2.361916305571921254e-02 1.592726782753743045e-04 9.999999638393665125e-01 -2.166875159131289707e-04 1.225280822096469838e-02 -4.381499840543002133e-04 2.167572831829247940e-04 9.999998805204286523e-01 1.239909570550761300e-02
9.999993581196648940e-01 -3.561928462121354867e-04 1.075586776805899022e-03 -6.714605167071430181e-02 3.565492643824126140e-04 9.999998815904632687e-01 -3.311973451399088204e-04 1.203595115856488477e-02 -1.075468679321144039e-03 3.315806322248955303e-04 9.999993667105014916e-01 4.734011797990989034e-03
9.999994211216695073e-01 -5.815120412609372244e-04 9.053176634457652232e-04 -1.243221132034103421e-01 5.817929924946514892e-04 9.999997826768066700e-01 -3.101020047961337931e-04 7.818674189994604534e-03 -9.051371386494314313e-04 3.106285327573773524e-04 9.999995421182326094e-01 5.623108755190210639e-03
9.999992515503098867e-01 -1.114657896716294335e-03 5.044170827772854115e-04 -2.060400059263930717e-01 1.114751201502767793e-03 9.999993616016938924e-01 -1.847321396854239325e-04 1.567617980472157252e-02 -5.042108476199965968e-04 1.852943009717957358e-04 9.999998557187111947e-01 1.573918681317860307e-03
9.999981203251856465e-01 -1.908793593525072180e-03 3.403720211129356455e-04 -3.119357721708976294e-01 1.908812659525169469e-03 9.999981766642567216e-01 -5.569912750046345098e-05 3.880431580406011605e-02 -3.402650823627257660e-04 5.634872922706484459e-05 9.999999405222455007e-01 3.107582585206768687e-03
9.999969682446175900e-01 -2.366354974868378064e-03 6.810768724837310646e-04 -3.837242996591433419e-01 2.366442042798557951e-03 9.999971918998169507e-01 -1.270611616900455031e-04 5.426139750691613001e-02 -6.807742881395629749e-04 1.286725054171078820e-04 9.999997599948486915e-01 4.477313513811110972e-03
9.999959868798223850e-01 -2.569633536556226953e-03 1.192982706421518921e-03 -4.283746075763780192e-01 2.569971196306676964e-03 9.999966579715195980e-01 -2.815916222768872264e-04 5.569331078660296613e-02 -1.192255132163121296e-03 2.846564234090612775e-04 9.999992487489279824e-01 -5.521088872768560932e-04
9.999937111311860694e-01 -3.239550100806448587e-03 1.443264778989495180e-03 -5.291944811439890373e-01 3.240110096317006059e-03 9.999946763940110728e-01 -3.858370131689399908e-04 5.603186958453241356e-02 -1.442007157281568119e-03 3.905109234726432442e-04 9.999988840576657934e-01 2.427835857867696734e-04
9.999916544007499963e-01 -3.802571508647992031e-03 1.493846970946918849e-03 -6.378690931501589390e-01 3.803203971512242841e-03 9.999926792708446754e-01 -4.207662875594353458e-04 6.661509492769175644e-02 -1.492236041000971798e-03 4.264441807453582946e-04 9.999987956877541828e-01 3.357283119962095781e-03
9.999893698769098949e-01 -4.389285322951508132e-03 1.412199537733606390e-03 -7.314072983796787719e-01 4.389732574650984272e-03 9.999903158537224446e-01 -3.137621640267088639e-04 7.433397474717670650e-02 -1.410808670125249719e-03 3.199580070089804882e-04 9.999989536223375941e-01 2.184506924613820525e-03
9.999852944283409428e-01 -5.222355627710141383e-03 1.462165777896227981e-03 -8.298355701843713739e-01 5.222785003267642855e-03 9.999863191168286702e-01 -2.899930787659746453e-04 9.135985917788311261e-02 -1.460631327190153005e-03 2.976253917490618304e-04 9.999988889870089492e-01 5.486908522297868560e-03
9.999963673655767327e-01 -2.367111423423556068e-03 1.289200977197651685e-03 -1.002619438748697522e+00 2.367381084382373917e-03 9.999971761832525674e-01 -2.076832258224847998e-04 6.417609922947767331e-02 -1.288705727394043668e-03 2.107345013926345155e-04 9.999991474138956171e-01 1.152268684731572700e-02
9.999989240319839823e-01 -5.866800276264219974e-04 1.344522747892703835e-03 -1.171751353244790961e+00 5.868347619556123738e-04 9.999998212351850491e-01 -1.146933302125554004e-04 5.519277820919829547e-02 -1.344455219253205911e-03 1.154822194929039445e-04 9.999990895515957767e-01 4.279096116822490511e-03
9.999976854152549111e-01 1.576128168782723465e-03 1.464576433147281699e-03 -1.374967473153502207e+00 -1.575899638366152437e-03 9.999987459166828074e-01 -1.571794879267858014e-04 8.495006255509432447e-03 -1.464822331464886310e-03 1.548710986501844315e-04 9.999989151546515576e-01 1.067293472436374110e-02
9.999975651965985479e-01 1.424918296980309113e-03 1.684995169617976027e-03 -1.504183038923541327e+00 -1.424558579768494312e-03 9.999989622756662033e-01 -2.146635586986646717e-04 -9.704512218733050977e-03 -1.685299299089970801e-03 2.122626617093540400e-04 9.999985573543768158e-01 1.517734500982449025e-02
9.999980340722280925e-01 -8.785337835554594748e-04 1.777647341344458379e-03 -1.581801692407821092e+00 8.789256396741635920e-04 9.999995896181915755e-01 -2.196660381283362161e-04 2.685928725685882146e-02 -1.777453627794732234e-03 2.212280261073775345e-04 9.999983958570941578e-01 9.215566420512447468e-03
9.999927244096223911e-01 -3.337062027111472370e-03 1.848011051967969956e-03 -1.706771028554167735e+00 3.337296818791207157e-03 9.999944235236672974e-01 -1.239819005863605902e-04 7.612593232091643958e-02 -1.847587011285580037e-03 1.301483599496614007e-04 9.999982847403490194e-01 1.172755388010689268e-03
9.999897653069977910e-01 -4.124458094881652132e-03 1.859603903800078001e-03 -1.875870605564706306e+00 4.124581806479272680e-03 9.999914919108964240e-01 -6.269562341007327419e-05 1.133844632935142177e-01 -1.859329496652879906e-03 7.036507016848671118e-05 9.999982689697916038e-01 -2.789180470795862843e-05
9.999979144884384441e-01 -6.210055052821348122e-04 1.945602974940332294e-03 -2.154882973179641059e+00 6.209967079939853396e-04 9.999998071683892098e-01 5.125729452583008977e-06 5.757769755162589487e-02 -1.945605782872785253e-03 -3.917505720313724669e-06 9.999981072996042553e-01 3.119928933292206649e-03
9.999969839109869030e-01 1.497321422680575461e-03 1.946842953756276490e-03 -2.355590549829537750e+00 -1.497373988362011568e-03 9.999988786087138370e-01 2.554317558137699564e-05 1.851564389909200747e-02 -1.946802524239551156e-03 -2.845825053926627854e-05 9.999981045732334595e-01 4.926943086061301783e-03
9.999893614004795594e-01 4.125233096820751788e-03 2.063864762511729862e-03 -2.526201058230523433e+00 -4.125738855900422039e-03 9.999914600969562750e-01 2.408569088269928420e-04 -2.237564027171699485e-02 -2.062853546414871158e-03 -2.493693134908164669e-04 9.999978412227655822e-01 -2.503782547439060632e-03
9.999915513280942525e-01 3.292077369330181479e-03 2.461604969488022897e-03 -2.695160510289043465e+00 -3.293038810922336527e-03 9.999945031935066897e-01 3.866240569567994285e-04 -1.068805775709964767e-02 -2.460318642213496325e-03 -3.947269511986747047e-04 9.999968955065874354e-01 -1.816239084659202613e-02
9.999935945301139384e-01 2.822355607469581498e-03 2.201183219800344378e-03 -2.892733385277605151e+00 -2.823010551536612751e-03 9.999959719349461595e-01 2.944916098378546091e-04 6.676014038992868042e-03 -2.200343193244760909e-03 -3.007036869360778285e-04 9.999975340305218285e-01 -1.260495658840885339e-02
9.999944212838418611e-01 2.878043552002178176e-03 1.695366186682241297e-03 -3.062210584506966260e+00 -2.878375160535425522e-03 9.999958388084638772e-01 1.931895234625370661e-04 3.228455044211271663e-02 -1.694803124076498793e-03 -1.980683456327787741e-04 9.999985442045908890e-01 -1.198894609801647373e-03
9.999966883053348354e-01 1.739460915091971130e-03 1.896748293219687647e-03 -3.246149471882530779e+00 -1.739626820641862167e-03 9.999984831653960793e-01 8.582209464474717788e-05 5.447015515378090394e-02 -1.896596131986955829e-03 -8.912144463106584159e-05 9.999981974886156255e-01 3.560669369203921589e-03
9.999966464763252461e-01 2.834309553000370348e-04 2.574238333344964439e-03 -3.419776648919531148e+00 -2.841901963131616645e-04 9.999999162301225208e-01 2.945771212116988494e-04 6.669021850308874677e-02 -2.574154625426459692e-03 -2.953077066376590554e-04 9.999966432550275730e-01 -2.031975730361722243e-02
9.999960049142591068e-01 -9.741565933421089543e-04 2.653521142332852367e-03 -3.607272209119398276e+00 9.729018479159985645e-04 9.999994143405331881e-01 4.741103088680209752e-04 7.915709706196227824e-02 -2.653981445956429906e-03 -4.715267991338265474e-04 9.999963670158817930e-01 -2.784738027186796361e-02
9.999961273045682164e-01 1.026724028000233551e-03 2.586738030064339357e-03 -3.845194722491592110e+00 -1.027992974735019186e-03 9.999993519190947255e-01 4.892768485312765699e-04 2.800553452931157927e-02 -2.586234001352083565e-03 -4.919341022334463957e-04 9.999965346912604858e-01 -1.835407883520264252e-02
9.999943723536609541e-01 2.003732023357383124e-03 2.690784083933444714e-03 -4.049303042465714597e+00 -2.005065132852917355e-03 9.999978684143506769e-01 4.928291468734920678e-04 1.751557236678254886e-02 -2.689790850753071786e-03 -4.982215707520784923e-04 9.999962583932230364e-01 -1.605151973747015806e-02
9.999895787480902465e-01 3.539586043687427321e-03 2.883353231296825834e-03 -4.266904492552008321e+00 -3.541087910300283557e-03 9.999935972324691669e-01 5.159365055082811100e-04 -9.985852373039942609e-03 -2.881508568202050587e-03 -5.261413360724582090e-04 9.999957100326309911e-01 -6.020229085815629114e-03
9.999909385695122666e-01 3.128742762973423918e-03 2.886823096249301231e-03 -4.462491358914168593e+00 -3.130087408433581807e-03 9.999949948249562404e-01 4.613868780569607892e-04 -1.742040183994618407e-03 -2.885365086338733016e-03 -4.704187058557825229e-04 9.999957266781491771e-01 1.146916315598907853e-02
9.999955298463617526e-01 7.476396320976212359e-04 2.895051342344626220e-03 -4.621127293154843052e+00 -7.490262530417141768e-04 9.999996052817974324e-01 4.779078589722238245e-04 3.466547985037566476e-02 -2.894692896759305193e-03 -4.800741921099890884e-04 9.999956951316357756e-01 1.257597735227105121e-02
9.999944034982356511e-01 -1.264222890999551659e-03 3.097533323419902375e-03 -4.779930403201603006e+00 1.262968799742184532e-03 9.999991197153336175e-01 4.067903253631429761e-04 8.225888041340824464e-02 -3.098044870349975569e-03 -4.028759608167282839e-04 9.999951198925630669e-01 7.650548708699593872e-03
9.999936021627723326e-01 7.391333552256969469e-04 3.499902199515815375e-03 -5.047704069875911692e+00 -7.403064972017699185e-04 9.999996702254310144e-01 3.339091484186616559e-04 5.614763050716556347e-02 -3.499654241947865001e-03 -3.364980124601535307e-04 9.999938195755383452e-01 8.914768928268420461e-03
9.999916063677894984e-01 2.427604415816064613e-03 3.300595517202965269e-03 -5.291955894893391132e+00 -2.428658865938639576e-03 9.999970010327392522e-01 3.155022037772172707e-04 1.765603340789878919e-02 -3.299819704281978933e-03 -3.235155761334894626e-04 9.999945032486884378e-01 1.938395659078201091e-02
9.999837385711698445e-01 4.807447038214905481e-03 3.067742851176360769e-03 -5.538037719723656771e+00 -4.809042331181605061e-03 9.999883049762434695e-01 5.128572865246105962e-04 -3.020896270593786959e-02 -3.065241439607708108e-03 -5.276018519648327130e-04 9.999951629539028941e-01 2.376265542428172492e-02
9.999872059035845862e-01 3.778188267373529165e-03 3.363528290073073378e-03 -5.743287386685295814e+00 -3.780099325293855093e-03 9.999926974788284628e-01 5.619947572582862554e-04 -8.441987598532513237e-03 -3.361380405838325369e-03 -5.747020380630888823e-04 9.999941854027625254e-01 2.288717485506758589e-02
9.999916305984887233e-01 -1.086759063843771112e-04 4.089856051627743967e-03 -5.932027365015831499e+00 1.068926163218128186e-04 9.999998991327185838e-01 4.362436490241664456e-04 6.610819909821825935e-02 -4.089903048269044779e-03 -4.358028225121729536e-04 9.999915413487033833e-01 1.273648780615427474e-02
9.999847955447463965e-01 -3.385516868025510717e-03 4.352809996789551092e-03 -6.115351292049816756e+00 3.383843702178507273e-03 9.999941980716801071e-01 3.916947494198536419e-04 1.259267973308247079e-01 -4.354110831279237731e-03 -3.769595652201470607e-04 9.999904497645740742e-01 3.518005718901571783e-03
9.999913570452962919e-01 -1.365868765462404679e-04 4.155379493129665418e-03 -6.336738943771552890e+00 1.345065432229303724e-04 9.999998654978070611e-01 5.009115267275946349e-04 6.951873133004715655e-02 -4.155447352162872261e-03 -5.003482716405582061e-04 9.999912409160944815e-01 4.397266689054235914e-03
9.999883536498473946e-01 2.827436223636355973e-03 3.911287392799753064e-03 -6.585124867349567701e+00 -2.829601903170808272e-03 9.999958463640428175e-01 5.482770569628833126e-04 3.373164563843008418e-03 -3.909720928324354229e-03 -5.593380577868114047e-04 9.999922005811844317e-01 1.527019121736142293e-02
9.999841771450153072e-01 4.399488568608435519e-03 3.505703915228107048e-03 -6.850731952975593231e+00 -4.401219120346637655e-03 9.999901964515861552e-01 4.860771265030164648e-04 -4.425557043674888114e-02 -3.503531056128536981e-03 -5.014988064771084718e-04 9.999937368649295388e-01 3.910266923012743756e-02
9.999899173066763014e-01 2.723340553497262222e-03 3.570532343554112201e-03 -7.035155643485038190e+00 -2.725113203253863754e-03 9.999961659894454069e-01 4.916954737845189967e-04 -1.620397660901891357e-02 -3.569179599871693132e-03 -5.014206210019123621e-04 9.999935047460781767e-01 3.993534767881087855e-02
9.999896284630304111e-01 -4.340497415858548895e-04 4.533714502728367936e-03 -7.186464591705497895e+00 4.312801741813642961e-04 9.999997198230957673e-01 6.118424153923091198e-04 5.325704858232330197e-02 -4.533978802528566311e-03 -6.098807684656530181e-04 9.999895354860801611e-01 1.216311354371452103e-02
9.999808021885894238e-01 -3.282765388451764667e-03 5.255350194761009182e-03 -7.393100000467016208e+00 3.279101156944429218e-03 9.999943747235888747e-01 7.057030402915292436e-04 9.836565373000034918e-02 -5.257637289478720409e-03 -6.884566674338608340e-04 9.999859415399545703e-01 -7.612643174022914669e-03
9.999795214023485812e-01 -4.227568329495656578e-03 4.804627139463689411e-03 -7.595792275616671141e+00 4.224826289334795808e-03 9.999909067654326744e-01 5.807144502847048917e-04 9.215684965337848922e-02 -4.807038459880605408e-03 -5.604038430178696038e-04 9.999882890958163850e-01 1.988075928663187580e-02
9.999828422095077274e-01 -4.031324344719248998e-03 4.250142423773039385e-03 -7.802592120392104924e+00 4.029718986458763474e-03 9.999918060680270671e-01 3.862145720047562361e-04 6.968879013988704685e-02 -4.251664554601550933e-03 -3.690810657958126448e-04 9.999908935223770223e-01 5.870614890779794065e-02
9.999879070925749014e-01 -2.150984378979065460e-03 4.422548452324434089e-03 -8.066045217240654708e+00 2.149376946300503386e-03 9.999976223069043657e-01 3.681837591700209099e-04 2.393591690216609336e-02 -4.423329894376082892e-03 -3.586735830705827010e-04 9.999901527044685601e-01 6.302620384498083816e-02
9.999871395920942874e-01 -2.133492787409380174e-03 4.600962828312133400e-03 -8.287272013932742709e+00 2.132697159883722385e-03 9.999977099878110121e-01 1.778256393532115130e-04 2.872187825107950371e-02 -4.601331681770151789e-03 -1.680108920862814585e-04 9.999893997033640902e-01 6.726339617315967023e-02
9.999863653289287058e-01 -1.843224850527907079e-03 4.885865162773768075e-03 -8.500411515649426875e+00 1.842495801325919882e-03 9.999982907893205653e-01 1.537129129783668655e-04 -8.523312152737903824e-03 -4.886140139261902979e-03 -1.447086311051037346e-04 9.999880522756017243e-01 6.271918977572667198e-02
9.999808282424722528e-01 -3.174296051819354859e-03 5.316671145996054899e-03 -8.714473403477002833e+00 3.173820979425150731e-03 9.999949586360442622e-01 9.779001267534816785e-05 -1.488428324948679743e-02 -5.316954757172917718e-03 -8.091397544506989420e-05 9.999858616225725250e-01 6.637898217006142632e-02
9.999699466719235152e-01 -5.121037372977726120e-03 5.820715520876847474e-03 -8.901676771110434316e+00 5.120119926518140220e-03 9.999868772203346357e-01 1.725081486671638210e-04 9.084974358785486565e-03 -5.821522557586040689e-03 -1.427002026981411215e-04 9.999830446121392713e-01 6.180292830956587991e-02
9.999589398451744771e-01 -6.839134766687424670e-03 5.945154275352499719e-03 -9.073336617558005912e+00 6.839443642985355669e-03 9.999766102317271255e-01 -3.162465626641515389e-05 2.176602490224872899e-02 -5.944798934285496460e-03 7.228490536825940864e-05 9.999823269140927229e-01 8.353135563667628272e-02
9.999386667768883630e-01 -9.297386408365167568e-03 6.018412617341318584e-03 -9.311287354192472776e+00 9.298549014426530854e-03 9.999567539089141421e-01 -1.652215896029693215e-04 3.136409788934651360e-02 -6.016616215559533569e-03 2.211739607417426362e-04 9.999818755414489058e-01 9.415448842496031145e-02
9.999194210910129499e-01 -1.103316250000173707e-02 6.278586645260924616e-03 -9.588329991657470686e+00 1.103350437525544778e-02 9.999391288416386026e-01 -1.981479234790004353e-05 4.007068249750631722e-02 -6.277985840595076868e-03 8.908800891445767115e-05 9.999802892842998281e-01 8.976513629578225517e-02
9.999222236581808421e-01 -1.084721426385625367e-02 6.155044857111852119e-03 -9.784479988043321086e+00 1.084833285818898041e-02 9.999411440970741305e-01 -1.483780052152947298e-04 2.823357195959557558e-02 -6.153073108374623734e-03 2.151384402838762240e-04 9.999810465237701784e-01 1.198676387146259958e-01
9.999314645459096429e-01 -9.905261662963080541e-03 6.241153936609535741e-03 -9.992760616390379269e+00 9.907483054392719410e-03 9.999508668348443541e-01 -3.251088592618425104e-04 -2.786350138275113519e-04 -6.237627000642469513e-03 3.869207046453595469e-04 9.999804709601929353e-01 1.392833011305172619e-01
9.999312493345805519e-01 -9.597363650664670828e-03 6.737003424513679506e-03 -1.019937644790241293e+01 9.600302148751233347e-03 9.999538344383358535e-01 -4.039687139139111071e-04 -4.010800194439324146e-02 -6.732815372315729963e-03 4.686182092485239085e-04 9.999772245377073210e-01 1.348651769818431101e-01
9.999022414966877159e-01 -1.176737573371406005e-02 7.552239286546439008e-03 -1.042425616397814636e+01 1.177159176465304886e-02 9.999305802860630754e-01 -5.140390096762513256e-04 -1.876911143179492425e-02 -7.545666122086936399e-03 6.028906357822205134e-04 9.999713493123967289e-01 1.253498610398594837e-01
9.998818355275602698e-01 -1.324705978519018397e-02 7.799383891338804858e-03 -1.063116178206839635e+01 1.325112447836889439e-02 9.999120896730300245e-01 -4.697081787018223789e-04 5.407039604777907210e-03 -7.792475992625896505e-03 5.730032826814011708e-04 9.999694740266537041e-01 1.270184290852993114e-01
