9.999999999999997780e-01 -1.179437378800895267e-19 4.513296021473010816e-20 0.000000000000000000e+00 2.410750703817041256e-18 1.000000000000000000e+00 3.393380551570677611e-19 0.000000000000000000e+00 1.704598014230834765e-20 -9.899396815885539085e-19 1.000000000000000000e+00 5.551115123125782702e-17
9.998695461237876447e-01 9.530793433598914229e-04 1.612420223639417574e-02 -8.977670304898275125e-03 -9.445847837236871249e-04 9.999994111629639804e-01 -5.343788150106173291e-04 -4.190228088627158398e-03 -1.612469994201336243e-02 5.190790277570584603e-04 9.998698575960639490e-01 1.151860038274554188e-01
9.992987103724308984e-01 4.227035702243545079e-03 3.720540877894220472e-02 2.796330024204766312e-02 -4.210916429662796973e-03 9.999910036136366864e-01 -5.115374278240098936e-04 -2.049130499189727450e-03 -3.720723164423369450e-02 3.545132268564223587e-04 9.993075194278910889e-01 2.699671142407181201e-01
9.979384392343588761e-01 5.650212779039168187e-03 6.392945314635820053e-02 4.884050525962033151e-02 -5.706090092773745751e-03 9.999834815503259033e-01 6.915514330127396983e-04 -1.020608425697719368e-03 -6.392448139072370861e-02 -1.054909403627464059e-03 9.979541949004735457e-01 4.246804870780119257e-01
9.952456365453361542e-01 5.052108228051519975e-03 9.726579984598236750e-02 9.894645188016409909e-02 -5.339126256797287022e-03 9.999821270132360773e-01 2.690858760403085515e-03 6.167355494854712128e-04 -9.725045413872207556e-02 -3.197376001132514259e-03 9.952548218177040829e-01 5.907651410258587532e-01
9.909080097034397294e-01 1.803433232377265336e-03 1.345292037224327109e-01 1.687751835987586768e-01 -2.470400017596935394e-03 9.999854721173232486e-01 4.791048066093263683e-03 -1.438148135173539233e-03 -1.345185911098448206e-01 -5.079824496945275873e-03 9.908980685548735012e-01 7.928650230999940707e-01
9.846582674357718945e-01 -1.392565784466948771e-03 1.744884254248687261e-01 2.372904902520126258e-01 4.412213270045958150e-04 9.999848284652034236e-01 5.490888751565982384e-03 -1.090668507517839753e-02 -1.744934013642381598e-01 -5.329655722808019150e-03 9.846439424591829637e-01 9.851302584714609623e-01
9.760269323989914092e-01 -1.854780943279589738e-03 2.176420142677815417e-01 3.260788658636383230e-01 4.853780640425298652e-04 9.999797516073072323e-01 6.345312924411833193e-03 -1.017940138722333437e-02 -2.176493474899473812e-01 -6.087552412005985299e-03 9.760080690643911927e-01 1.188214082034836805e+00
9.640531384100019530e-01 -1.649538790556871141e-03 2.657045247605722693e-01 4.196829169816769789e-01 -9.543414559882570708e-04 9.999527853369498676e-01 9.670531071722096583e-03 1.930001502255793144e-03 -2.657078962206225192e-01 -9.576472248668282949e-03 9.640060459107501201e-01 1.402458965801208990e+00
9.499704737535500376e-01 -5.587939517609711269e-03 3.122898521941925298e-01 5.510248292744767129e-01 4.777204346522737001e-04 9.998647769490490722e-01 1.643784055927808088e-02 1.033445829406139105e-02 -3.123394354334018130e-01 -1.546626870111216141e-02 9.498446844916129672e-01 1.633876162315596403e+00
9.327688016069037857e-01 -1.532787527267915825e-02 3.601492959312903586e-01 6.854178635420049570e-01 7.011742928857702187e-03 9.996780283053914307e-01 2.438603377410820949e-02 -5.275820552655796636e-03 -3.604070759966839788e-01 -2.022124812544506475e-02 9.325759506018403977e-01 1.850616789513467531e+00
9.116561023504602401e-01 -2.114864725941393089e-02 4.104095495336084198e-01 8.326225160142729509e-01 9.971488370382952313e-03 9.995192882531112044e-01 2.935585425734747733e-02 -9.910011667579113337e-03 -4.108330426426190507e-01 -2.267003928919471278e-02 9.114287409581396382e-01 2.076460859823308081e+00
8.869097987276175488e-01 -2.315258318734663215e-02 4.613622131596843978e-01 1.034330346380065047e+00 8.823135140437423155e-03 9.994100445356045581e-01 3.319216389190537964e-02 -5.203574047755364640e-03 -4.618584525952540987e-01 -2.536778314995240258e-02 8.865908387552756675e-01 2.314590202579931866e+00
8.584683710102181120e-01 -2.506029758759694206e-02 5.122540190946779370e-01 1.204576807830648910e+00 6.673072101263835369e-03 9.992667254700565715e-01 3.770261014225565616e-02 1.355386343316895836e-02 -5.128231663662169426e-01 -2.894817733411281582e-02 8.580061058625086945e-01 2.529910619331203314e+00
8.265730055580550184e-01 -3.037568656833591202e-02 5.620093728339111694e-01 1.430496842170722260e+00 8.013549768707465756e-03 9.990765169833879522e-01 4.221257890380353955e-02 1.402257051228295026e-02 -5.627725274193076110e-01 -3.038807482825857734e-02 8.260530951801000610e-01 2.766203836567623142e+00
7.907049700757992072e-01 -3.606772473339739382e-02 6.111341416153189821e-01 1.663516291814299608e+00 1.028971230914675801e-02 9.989049628016506421e-01 4.563992578221331975e-02 1.754036443282247504e-02 -6.121109730753274691e-01 -2.979930813419959940e-02 7.902102440242252390e-01 2.978533155147641942e+00
7.528863217089742932e-01 -4.061729846348281076e-02 6.568961908669885830e-01 1.913497839780490706e+00 1.153710557636610477e-02 9.987549887839857199e-01 4.853219408144977820e-02 2.675346190186775330e-02 -6.580495057155983929e-01 -2.896053042223992874e-02 7.524175748022106092e-01 3.189575201883597888e+00
7.131073611270939416e-01 -4.412239278900991629e-02 6.996651337340576982e-01 2.211894451103815218e+00 1.287476580513058702e-02 9.986734156300711707e-01 4.985639998978891319e-02 3.622041796984758200e-02 -7.009366563873120626e-01 -2.654492760861058495e-02 7.127294291070701560e-01 3.409191680909229749e+00
6.713475194656659539e-01 -4.584314019461466216e-02 7.397236851636480592e-01 2.499294586499555937e+00 1.194746688140006959e-02 9.986248939051647344e-01 5.104502647647963381e-02 4.938704295281301504e-02 -7.410464473338811420e-01 -2.543111926675099138e-02 6.709720528528179129e-01 3.615880392927173226e+00
6.288679565873641630e-01 -4.632105919127465360e-02 7.761312265585110781e-01 2.843975352373276255e+00 7.648645653860706821e-03 9.985440382181504093e-01 5.339773097609078201e-02 7.322627196995616650e-02 -7.774745398839900679e-01 -2.764376096925714316e-02 6.283066405735298066e-01 3.832156426798063453e+00
5.870046340855836764e-01 -4.712147289104466619e-02 8.082112171813765622e-01 3.183061891133202259e+00 4.818597914719757389e-03 9.984903570553628205e-01 5.471566789277631376e-02 8.873111351158062543e-02 -8.095692765184341333e-01 -2.822389722178517135e-02 5.863455247060831432e-01 4.038906627740371569e+00
5.470055373130305876e-01 -4.815147217745154029e-02 8.357431636269906372e-01 3.555232836365191051e+00 2.681266038941178698e-03 9.984400295267975567e-01 5.577037596948108272e-02 1.061637092036050861e-01 -8.371247376271121476e-01 -2.826584635994625061e-02 5.462813306191339757e-01 4.239479615368061616e+00
5.082169948259820380e-01 -5.089080519146473025e-02 8.597243093575414052e-01 3.981217161585045350e+00 1.981092760651683837e-03 9.983190530523659012e-01 5.792375264319994665e-02 1.210488261485010847e-01 -8.612268244304155385e-01 -2.773463362454963235e-02 5.074635274762621107e-01 4.448171400965679645e+00
4.708685666205734144e-01 -5.065016975168340485e-02 8.807483421955730751e-01 4.400330721228330688e+00 -1.095566303103510247e-03 9.983161641823063981e-01 5.799701442845189847e-02 1.421091912615106700e-01 -8.822027419145745952e-01 -2.827388075314001686e-02 4.700202099289648161e-01 4.646110973249921727e+00
4.343389235862561981e-01 -4.988878865186914535e-02 8.993670594021880849e-01 4.849559023871046648e+00 -2.328279676238317452e-03 9.983995163952587015e-01 5.650666113261897106e-02 1.649284327922649340e-01 -9.007465601490620699e-01 -2.663701166178817151e-02 4.335276156662598579e-01 4.834573148481925209e+00
4.008465857253232789e-01 -4.867680188601959668e-02 9.148512988509475141e-01 5.350514529707665723e+00 -9.922994188294731455e-04 9.985638419777226327e-01 5.356573478989115622e-02 1.833308709774808531e-01 -9.161447082544471598e-01 -2.237944046926347574e-02 4.002226045374536745e-01 5.018567668783553870e+00
3.713838630533520258e-01 -4.700525125461875453e-02 9.272889870309314331e-01 5.852151699565816934e+00 1.172825545915508931e-03 9.987406409519519190e-01 5.015752246682392279e-02 2.036182712155158447e-01 -9.284787342375603325e-01 -1.754013822768142605e-02 3.709712863042387565e-01 5.198192900381684467e+00
3.458528575905412406e-01 -4.503556505058774889e-02 9.372075243067066186e-01 6.401429495832179128e+00 1.998033417186564128e-03 9.988805467718843145e-01 4.726184608919817981e-02 2.257140192284575742e-01 -9.382866969068595075e-01 -1.447306382514129165e-02 3.455556739670400668e-01 5.384318435823522542e+00
3.253328936946415229e-01 -4.444088577511406957e-02 9.445548524383925448e-01 6.980471430671768118e+00 3.161528974153149894e-03 9.989405500400624360e-01 4.591082019368538519e-02 2.486892331526928679e-01 -9.455943289374404426e-01 -1.195005388306039779e-02 3.251287209780608367e-01 5.562276950659839514e+00
3.100778296094522379e-01 -4.492751775467794528e-02 9.496492113272645419e-01 7.564063333102438058e+00 4.056041171031152595e-03 9.989362101585664844e-01 4.593493097491133104e-02 2.734922288800147316e-01 -9.507025934029138536e-01 -1.039157858094662962e-02 3.099302000031413651e-01 5.744642675604217708e+00
2.977728963670495110e-01 -4.648055220199557441e-02 9.535047137802284967e-01 8.182386248123494354e+00 5.076885717845592595e-03 9.988769638433788733e-01 4.710687826804415418e-02 2.903267887198032748e-01 -9.546233134634632966e-01 -9.186307598771085992e-03 2.976744632766165632e-01 5.929835142079679322e+00
2.875613405988077242e-01 -4.827620750803360283e-02 9.565449708223009440e-01 8.822189091062334398e+00 4.088399802403325581e-03 9.987816327424945406e-01 4.917883059621145497e-02 3.179696936483928926e-01 -9.577535809681049228e-01 -1.023118162544360728e-02 2.874083578382185533e-01 6.123607535506033095e+00
2.775153442758840905e-01 -4.999851123349084020e-02 9.594195058891561434e-01 9.498633584212422321e+00 2.289272715568267582e-03 9.986764506186105450e-01 5.138218217818736611e-02 3.482269726717228120e-01 -9.607185647907894310e-01 -1.206296044576628604e-02 2.772624994401279852e-01 6.311060628481533819e+00
2.665487621197513146e-01 -5.168809210406975774e-02 9.624346816279690797e-01 1.019303964844463906e+01 1.678017893651879890e-03 9.985843512519457787e-01 5.316484279056243878e-02 3.784436886658590349e-01 -9.638200663768459187e-01 -1.255602987834616990e-02 2.662581565356709756e-01 6.501401691756088397e+00
2.572692843023638987e-01 -5.373120259039896457e-02 9.648450140423098231e-01 1.090120042572067760e+01 8.484404582498199275e-04 9.984651519626926985e-01 5.537728744704607797e-02 4.043611643722813120e-01 -9.663394763426190748e-01 -1.342825077696996501e-02 2.569200029949855191e-01 6.686403209459042429e+00
2.468004157063173332e-01 -5.532598752543367582e-02 9.674859355921818782e-01 1.163692189496697083e+01 5.110358341957008674e-04 9.983762203740738084e-01 5.696214410311128268e-02 4.354240305378082598e-01 -9.690663024727991237e-01 -1.356385128009657097e-02 2.464279400764957939e-01 6.871185419499985514e+00
2.357297768732005971e-01 -5.655460722380508537e-02 9.701718933201626260e-01 1.239150811327716717e+01 -3.820786910514961882e-05 9.983047308477003279e-01 5.820389904261871750e-02 4.655147032537655383e-01 -9.718187482189605264e-01 -1.375745389228566137e-02 2.353279912530719387e-01 7.046372513705049911e+00
2.256692560836100758e-01 -5.934855016286629675e-02 9.723947760328010004e-01 1.315047285798850041e+01 -1.239181739918971802e-03 9.981243685727231307e-01 6.120654880008320753e-02 4.980614950621969905e-01 -9.742032992366731481e-01 -1.501740635784232399e-02 2.251724406539405976e-01 7.233002298381845385e+00
2.144820781657609809e-01 -6.274744708739780907e-02 9.747105545634410229e-01 1.393077223456527669e+01 -3.095827648511357676e-03 9.978856453254650871e-01 6.492063289102348311e-02 5.395832976332488595e-01 -9.767231310220554352e-01 -1.694184253149101649e-02 2.138343321651277884e-01 7.399383636417687704e+00
2.013405543666069719e-01 -6.671227531526645327e-02 9.772471227657179016e-01 1.472415522424481615e+01 -3.109628770185607696e-03 9.976294760106571013e-01 6.874440933855663349e-02 5.770436084044325842e-01 -9.795164861235973186e-01 -1.687990434053690189e-02 2.006558221561875188e-01 7.561073518675324401e+00
1.892482586033139569e-01 -6.916362422694437295e-02 9.794906789121501367e-01 1.551280274046734142e+01 -4.039873856233859237e-03 9.974529989183658074e-01 7.121257508828759963e-02 6.136717011933172650e-01 -9.819210885423065305e-01 -1.743386200056093113e-02 1.884868317027838247e-01 7.719013756144988747e+00
1.747799037597976279e-01 -6.987554961179576196e-02 9.821251959092955897e-01 1.631911178252921246e+01 -4.556521600011809343e-03 9.974105317391317449e-01 7.177399392219803442e-02 6.495980943194414881e-01 -9.845971143000689096e-01 -1.701971282043204109e-02 1.740089284654217916e-01 7.864142808735246959e+00
1.605546192825897944e-01 -6.893556468565420481e-02 9.846169955767996029e-01 1.711379188649360827e+01 -6.057670561668712650e-03 9.974705015567457700e-01 7.082330492709983105e-02 6.896484449556058438e-01 -9.870085053457107183e-01 -1.733547796215595405e-02 1.597309091664994574e-01 7.989498524056704909e+00
1.438092282035265956e-01 -6.790858496463296479e-02 9.872729451670906320e-01 1.790347403201472432e+01 -7.260027146768993286e-03 9.975435116389403944e-01 6.967260537364115824e-02 7.262657205340992128e-01 -9.895789406829448298e-01 -1.718717472264538054e-02 1.429629460567450050e-01 8.097272512724410731e+00
1.230632009497317769e-01 -6.649611311949689407e-02 9.901688074523306016e-01 1.873527117152129762e+01 -9.765962978319792792e-03 9.976231687244265789e-01 6.821053685597225358e-02 7.643881992946646164e-01 -9.923509300903387009e-01 -1.806413934450258954e-02 1.221213038320086292e-01 8.199985995259288174e+00
9.857549263691468833e-02 -6.523484721587799462e-02 9.929893514873653348e-01 1.954266672209860189e+01 -1.414045732160544404e-02 9.976564634866386116e-01 6.694525197938798466e-02 8.039814380414604944e-01 -9.950292587863959204e-01 -2.064046358431489286e-02 9.742202908436223274e-02 8.284412387938221656e+00
6.818421198293278529e-02 -6.474573398229939436e-02 9.955699272726538096e-01 2.037725955798251576e+01 -1.797693436383208596e-02 9.976502570196986719e-01 6.611227707289427102e-02 8.445672217877735477e-01 -9.975109322045417892e-01 -2.240508660182164574e-02 6.686006949997320981e-02 8.329108935410598491e+00
3.452387324918147760e-02 -6.454265770841194350e-02 9.973178740342547588e-01 2.123701511103329054e+01 -2.092204061140117907e-02 9.976471063665640626e-01 6.528827145941158705e-02 8.835094287400453439e-01 -9.991850198669042227e-01 -2.311990523520559421e-02 3.309228132416827672e-02 8.352774724064918388e+00
5.362758199931723325e-04 -6.400581389860077186e-02 9.979496865584752685e-01 2.205043018283720002e+01 -2.244872370094855990e-02 9.976972841378726198e-01 6.400174439571189311e-02 9.161884753083018307e-01 -9.997480258217562588e-01 -2.243699477031271122e-02 -9.018042048139665416e-04 8.337794097876095378e+00
-3.341954946949816929e-02 -6.280293905557142453e-02 9.974665620787819265e-01 2.291173953447075817e+01 -2.375396283407558290e-02 9.977917442392442160e-01 6.202760569224052833e-02 9.452082657664974130e-01 -9.991592669049744746e-01 -2.162082357531016144e-02 -3.483756497835598792e-02 8.308157236514009725e+00
-6.617453770004357028e-02 -6.079626585813553696e-02 9.959545020162341444e-01 2.373673744897052984e+01 -2.588116912557264157e-02 9.979108306222982394e-01 5.919610873029349657e-02 9.761729865726870292e-01 -9.974725372007666735e-01 -2.185916580335286671e-02 -6.760976142895941399e-02 8.241164432429519238e+00
-9.854552750795311789e-02 -5.775268791247475941e-02 9.934556049454549287e-01 2.457555551365175717e+01 -2.766588472686860867e-02 9.980876791596205999e-01 5.527770800783372157e-02 1.013816494123156664e+00 -9.947480852730001821e-01 -2.203742908774131148e-02 -9.995484994919756616e-02 8.162533025162861833e+00
-1.315247603398468912e-01 -5.319956289937401162e-02 9.898846816861166520e-01 2.542439600612847528e+01 -2.538073993367621559e-02 9.984123523053618499e-01 5.028560544149832112e-02 1.038030695856856145e+00 -9.909881159847356846e-01 -1.851017349438483645e-02 -1.326661811833150240e-01 8.027708365181149830e+00
-1.628641482840642307e-01 -4.790599690674187533e-02 9.854851302335574381e-01 2.623562817005288750e+01 -2.089319932664924009e-02 9.987640535131522279e-01 4.509868829387917583e-02 1.055539401622624940e+00 -9.864274716747385430e-01 -1.324494677171198301e-02 -1.636637580089247423e-01 7.877071190692674918e+00
-1.945260216925623342e-01 -4.161934530623657980e-02 9.800143493492196045e-01 2.706459944237780846e+01 -1.517546754353954822e-02 9.991075921675371951e-01 3.941803426667504773e-02 1.070170557548945744e+00 -9.807801811175193007e-01 -7.204312136216898046e-03 -1.949840090214672306e-01 7.685282338802112534e+00
-2.226576865248915682e-01 -3.608570865963486862e-02 9.742289544053471806e-01 2.787813364397202420e+01 -9.421759256278593869e-03 9.993477217192754392e-01 3.486285483413932573e-02 1.082795253505326682e+00 -9.748513890735949206e-01 -1.416438328923441767e-03 -2.228524331216381882e-01 7.489795913900874069e+00
-2.506710683467707201e-01 -2.932582769127491801e-02 9.676283907462006617e-01 2.868950164827321103e+01 -1.185197391575313328e-04 9.995420105969547997e-01 3.026238956707225092e-02 1.101610361410940930e+00 -9.680725498641643556e-01 7.471251465512278832e-03 -2.505597294820013921e-01 7.254780854806074153e+00
-2.778859517896650755e-01 -1.931016551551008320e-02 9.604203371263572153e-01 2.950212792450883370e+01 5.972452436790665758e-03 9.997439103805210170e-01 2.182892579367862185e-02 1.100126040917398074e+00 -9.605957576678348930e-01 1.180204462067343217e-02 -2.776994488952573281e-01 6.991396247800594210e+00
-3.017081732386930337e-01 -4.423449106961039289e-03 9.533904378639023180e-01 3.026706376695892686e+01 1.004250097043967761e-02 9.999190440551274373e-01 7.817425778909080705e-03 1.090339293293352441e+00 -9.533476903271950187e-01 1.193303369279286909e-02 -3.016393155389269776e-01 6.740079878867101471e+00
-3.271949939762021642e-01 1.258272454368265271e-02 9.448734509516979463e-01 3.104671987190982207e+01 1.042024809649801965e-02 9.998986201535856599e-01 -9.707049094049017418e-03 1.063440620730835784e+00 -9.448996573674995902e-01 6.669745451939340479e-03 -3.272929280242989902e-01 6.464359575914250478e+00
-3.531924657420069669e-01 2.705353252167606165e-02 9.351598339631811418e-01 3.181966000553824259e+01 8.659232213407041384e-03 9.996335562623898108e-01 -2.564821549053676944e-02 1.037568712649941105e+00 -9.355108827833655827e-01 -9.609624749775077298e-04 -3.532972932363572793e-01 6.157516584026646811e+00
-3.772676309032463315e-01 3.787032316651661734e-02 9.253300576765879359e-01 3.256832912697414883e+01 1.268805720635786741e-02 9.992811864674571165e-01 -3.572373107342777937e-02 9.991230414839694651e-01 -9.260176460077818028e-01 -1.736740420655248987e-03 -3.774769358032040167e-01 5.853154375107351370e+00
-4.018251089176835822e-01 4.268063920634836139e-02 9.147216454764616200e-01 3.333502151184803353e+01 1.673081282775139289e-02 9.990886902301219230e-01 -3.926748008491123126e-02 9.533467390423436827e-01 -9.155638722690990772e-01 -4.745976802662609071e-04 -4.021729913684756186e-01 5.493925225121802036e+00
-4.229548412364890764e-01 4.215122666685421765e-02 9.051702730793615981e-01 3.409672319252102568e+01 1.939065701673154535e-02 9.991098225545509415e-01 -3.746506424252008666e-02 9.019333347382778587e-01 -9.059435712391097351e-01 1.705840775328541737e-03 -4.233956637059198003e-01 5.148558828425800371e+00
-4.440794043868322438e-01 3.961026795381632215e-02 8.951118718236148464e-01 3.484445690334420220e+01 2.412644599749246693e-02 9.991887510676854545e-01 -3.224625356722923136e-02 8.575929246226946523e-01 -8.956628594735932536e-01 7.275995425205110216e-03 -4.446747872573922900e-01 4.759529660229381065e+00
-4.617072736421049539e-01 3.803126917316885375e-02 8.862171162500825927e-01 3.558323585382516541e+01 3.155115691456839705e-02 9.991524001379152864e-01 -2.643997874129974668e-02 8.243136869740361750e-01 -8.864713694258962162e-01 1.575366881205923081e-02 -4.625158475514458689e-01 4.364446798713932374e+00
-4.753582492959102512e-01 3.863399746470565915e-02 8.789440968848623026e-01 3.628376798645348345e+01 3.482567693861276376e-02 9.990786994677132160e-01 -2.507970439653044517e-02 7.767310812411774013e-01 -8.791031200288749181e-01 1.868800476376496211e-02 -4.762657425724747262e-01 3.970013244272708963e+00
-4.866581054535085160e-01 4.167409416546662138e-02 8.725983869197602161e-01 3.697480905333490853e+01 3.725866365415394371e-02 9.989427998205714365e-01 -2.692846229949896059e-02 7.285291609078623498e-01 -8.727979612485452510e-01 1.940692297749703824e-02 -4.876963172117449452e-01 3.571171487428987934e+00
-4.967516088995648227e-01 4.443268097945471395e-02 8.667550796488273646e-01 3.767779976793378438e+01 3.876574286400464447e-02 9.988278673464611179e-01 -2.898579172950944624e-02 6.865646294865780375e-01 -8.670269112066043560e-01 1.920169386666887093e-02 -4.978918015947875753e-01 3.167345066746429350e+00
-5.073014189774069926e-01 4.329895633172391178e-02 8.606806987895309069e-01 3.835007069939832292e+01 3.180245639465284491e-02 9.989973203206553576e-01 -3.151231063288056911e-02 6.330660421167965124e-01 -8.611820298760246573e-01 1.138554951215192679e-02 -5.081697568509891960e-01 2.774025383972458236e+00
-5.187805064390734744e-01 4.259416943418004031e-02 8.538461969900038584e-01 3.904669753640359176e+01 3.140139990213081794e-02 9.990335196061435052e-01 -3.075787784825399426e-02 6.095983778998618208e-01 -8.543309466866867430e-01 1.085540687149412660e-02 -5.196166170468230483e-01 2.351081721733658814e+00
-5.273391885578748717e-01 4.411396899344550288e-02 8.485093684094888733e-01 3.971732231832081794e+01 3.354727075374267647e-02 9.989536006497438114e-01 -3.108621648292636541e-02 5.672053313149263420e-01 -8.489926948805842644e-01 1.207222194806217494e-02 -5.282672695518965122e-01 1.930387500162384473e+00
-5.345534418227858575e-01 4.709097663065242578e-02 8.438221849887752590e-01 4.039055685648827421e+01 3.679641539283321633e-02 9.987964917539180476e-01 -3.242931866501661681e-02 5.202749632808614244e-01 -8.443336366470642895e-01 1.371445666388533893e-02 -5.356428664853891686e-01 1.488917414679400641e+00
-5.387278642748506430e-01 5.019073283562156679e-02 8.409839509524572598e-01 4.107700219245779039e+01 3.754739381708663282e-02 9.986623894426797099e-01 -3.554847525761538340e-02 4.804025938206019086e-01 -8.416431166884925652e-01 1.242583020333358663e-02 -5.398917724266029117e-01 1.048985695490822989e+00
-5.375238056300613021e-01 5.167934879378541235e-02 8.416639705181782061e-01 4.180103554871712390e+01 3.692298242962819416e-02 9.986054422282756304e-01 -3.773504252841612672e-02 4.373917068632661165e-01 -8.424402145156640875e-01 1.079328947647326641e-02 -5.386823383851467861e-01 5.932740552984177018e-01
-5.343692635875750829e-01 5.258853910100961399e-02 8.436141181459371197e-01 4.252543575481497129e+01 3.939897629204736768e-02 9.985275803766479052e-01 -3.728888966379694664e-02 3.953331560067656625e-01 -8.443328025432743633e-01 1.331152583655942877e-02 -5.356543674744520533e-01 1.352032945003784348e-01
-5.286163256616477346e-01 5.152845678408502633e-02 8.472959651853486651e-01 4.326994477951318885e+01 3.790312445663564234e-02 9.985931732587652876e-01 -3.708230192466396846e-02 3.487163454701491805e-01 -8.480146298918497250e-01 1.251288477248799734e-02 -5.298257286598497817e-01 -3.235508478514058095e-01
-5.215194001604928076e-01 5.012031870061461891e-02 8.517665933648208565e-01 4.403328418431045321e+01 3.539729478920462108e-02 9.986847676097490023e-01 -3.709226675034518750e-02 3.026704501698190830e-01 -8.525052674410005249e-01 1.080592719551384980e-02 -5.226075898332578351e-01 -7.795628884460243935e-01
-5.144538685365098729e-01 4.936952756260046260e-02 8.560962198017831870e-01 4.480905680425763649e+01 3.325756710686663536e-02 9.987389538255302401e-01 -3.760993086846511207e-02 2.526472648123228582e-01 -8.568732956740323647e-01 9.123133969363220186e-03 -5.154470141229853253e-01 -1.236669859735987531e+00
-5.080869186951435523e-01 4.808726683466963553e-02 8.599628916092415531e-01 4.560720598923020219e+01 3.071807810751624873e-02 9.988167916726961026e-01 -3.770261595924019604e-02 2.062242746685164496e-01 -8.607582596914383766e-01 7.260231984950495099e-03 -5.089628798561607326e-01 -1.706843051329156369e+00
-5.036821136261030452e-01 4.582492599356245699e-02 8.626733353370235058e-01 4.641821117742146185e+01 2.623316812028105710e-02 9.989429749827338778e-01 -3.774690287361491536e-02 1.542734734648619210e-01 -8.634910834995030982e-01 3.618245166493437928e-03 -5.043518281384118396e-01 -2.168716067640108935e+00
-5.023567034528052533e-01 4.279988565541725104e-02 8.636010685477263360e-01 4.724893501002101459e+01 2.152958673805037415e-02 9.990837063161013276e-01 -3.699054212088735000e-02 1.096265063122688205e-01 -8.643928133530806024e-01 1.055978802012552208e-05 -5.028178471300377428e-01 -2.640705382283028868e+00
-5.027043220343381247e-01 4.054682579902203765e-02 8.635075116945472029e-01 4.810284153992011369e+01 1.895111121007096028e-02 9.991762770243716174e-01 -3.588452401810764830e-02 6.069215531048073597e-02 -8.642510897719739571e-01 -1.674843670516372755e-03 -5.030586262546856702e-01 -3.121277261464615815e+00
-5.038487243455145315e-01 3.893972621616716145e-02 8.629142888096142938e-01 4.895625642487438256e+01 1.696054905433807408e-02 9.992368125701215353e-01 -3.518819044289152320e-02 8.262822164701442984e-03 -8.636258074378687644e-01 -3.093988732699121634e-03 -5.041246181817544691e-01 -3.610229915257293420e+00
-5.043197715525097324e-01 3.865400607935561006e-02 8.626519282314450976e-01 4.983030075183224739e+01 1.738409860362746112e-02 9.992496711626140948e-01 -3.461163420315484934e-02 -3.951219009939529320e-02 -8.633423987365667074e-01 -2.458867862352626370e-03 -5.046133166300167394e-01 -4.113344013826858436e+00
-5.044482509674209636e-01 3.777782989690141313e-02 8.626156294259873514e-01 5.068632906700328533e+01 1.692452562616898401e-02 9.992831176424140649e-01 -3.386576238761308810e-02 -8.918646438328103887e-02 -8.632764746508160281e-01 -2.484123601274291181e-03 -5.047259778163254440e-01 -4.614395790539797204e+00
-5.045179767890402012e-01 3.730279214110621133e-02 8.625955270743096426e-01 5.156795960476180340e+01 1.746127564055008699e-02 9.993027899320444662e-01 -3.300178555305188083e-02 -1.369763658293374209e-01 -8.632250386587967395e-01 -1.587933374899801013e-03 -5.048175604582857412e-01 -5.125623292749850179e+00
-5.048769568457777135e-01 3.677696914380847171e-02 8.624080561158232738e-01 5.246856076152792525e+01 1.700363490960017654e-02 9.993218763231364044e-01 -3.266112722322861428e-02 -1.958552532569808324e-01 -8.630242732929817029e-01 -1.825731671684902718e-03 -5.051599146015940400e-01 -5.646622560757212916e+00
-5.045711042028589999e-01 3.514232351674477506e-02 8.626551865152873866e-01 5.335560992272347391e+01 1.491297734986565295e-02 9.993769955650663173e-01 -3.198927211404867937e-02 -2.459669105036070835e-01 -8.632417851894991223e-01 -3.276056786558856088e-03 -5.047808145952485948e-01 -6.163544579466109674e+00
-5.046732944761209705e-01 3.453421584694961466e-02 8.626199700125710690e-01 5.426043303862127232e+01 1.460885447636996702e-02 9.993981967769416386e-01 -3.146307219630700008e-02 -2.993317895827479758e-01 -8.631872518852848897e-01 -3.276634439838500747e-03 -5.048740636415812721e-01 -6.687966473216243379e+00
-5.041040560886457245e-01 3.372363969207869266e-02 8.629848090337893796e-01 5.514565976209735965e+01 1.325103081107844791e-02 9.994217798893147986e-01 -3.131478407111998319e-02 -3.518728720696676082e-01 -8.635417191382739333e-01 -4.350423176082526995e-03 -5.042594238526023620e-01 -7.198681342271420647e+00
-5.029887843493168198e-01 3.229163692627032983e-02 8.636900527089430568e-01 5.603207847461950308e+01 1.277153934950941289e-02 9.994704414759981725e-01 -2.993034001354881457e-02 -4.066873959537880001e-01 -8.641990336225336966e-01 -4.023922660267850032e-03 -5.031348136341926569e-01 -7.713211418263966834e+00
-5.010015207040769969e-01 3.035049440407007817e-02 8.649146237986063968e-01 5.693870102382494025e+01 1.348384148566675149e-02 9.995373757405636717e-01 -2.726392694343420658e-02 -4.583179906388605285e-01 -8.653418223071092097e-01 -1.996845487829220726e-03 -5.011789637939512154e-01 -8.237800677455625831e+00
-4.988247589084562339e-01 2.926398139315534302e-02 8.662092561594617601e-01 5.782299466191155091e+01 1.416848630795159228e-02 9.995716455516145960e-01 -2.561020029508881413e-02 -5.089122690908975954e-01 -8.665875217387447593e-01 -5.020730176106056979e-04 -4.990256887503474736e-01 -8.732971115482371260e+00
-4.964821967145072734e-01 2.864732813197248817e-02 8.675746430073674187e-01 5.870878885524929558e+01 1.376238642861179855e-02 9.995894906450566442e-01 -2.513066477005782354e-02 -5.632873947738348264e-01 -8.679382752875818285e-01 -5.369740662435589906e-04 -4.966726188223972160e-01 -9.239534071049680719e+00
-4.941712264938290522e-01 2.918370082349223613e-02 8.688752056483799446e-01 5.960765794897871928e+01 1.448565224025660791e-02 9.995741172182330825e-01 -2.533484760189910409e-02 -6.122605062068359194e-01 -8.692443839331359667e-01 6.652589361641846988e-05 -4.943834896291200431e-01 -9.750136871380060910e+00
-4.931313061583348922e-01 2.970367260898760381e-02 8.694482282422246744e-01 6.048617051702881753e+01 1.448433097481846739e-02 9.995587842019809655e-01 -2.593349412546720398e-02 -6.607157793901932141e-01 -8.698347862591748747e-01 -1.951868811550844425e-04 -4.933439440630233430e-01 -1.024610189272829608e+01
-4.937795460225472555e-01 3.112040099043329733e-02 8.690306688241551392e-01 6.138830691235419579e+01 1.380132828894633894e-02 9.995140632327138563e-01 -2.795115060200350360e-02 -7.132444038246661400e-01 -8.694780779741853038e-01 -1.807871739306835760e-03 -4.939690801061387138e-01 -1.074244389778726649e+01
-4.971580622221331014e-01 3.290757064382672514e-02 8.670363197886531426e-01 6.224899396315902322e+01 1.240093845431911208e-02 9.994479996420626566e-01 -3.082237937866926999e-02 -7.697141502731711382e-01 -8.675718575466594418e-01 -4.571472746700965852e-03 -4.972916923985967741e-01 -1.122964226226921625e+01
-5.014061210294881166e-01 3.353096792022865896e-02 8.645626733582955081e-01 6.312237527341651599e+01 1.128652511166484788e-02 9.994172744756406601e-01 -3.221540836039667871e-02 -8.245440062905921019e-01 -8.651389371798189343e-01 -6.395034923889750256e-03 -5.014923636481999347e-01 -1.173788285852143431e+01
-5.071879010100440732e-01 3.176191785134575146e-02 8.612506372173402980e-01 6.399783110646343687e+01 1.064781313128767073e-02 9.994753858037889183e-01 -3.058895517762488803e-02 -8.784467103872680704e-01 -8.617702300596453702e-01 -6.343851641830744112e-03 -5.072599942472368895e-01 -1.224242368314630269e+01
-5.125291742275951412e-01 3.005710872285342894e-02 8.581442023395037255e-01 6.485672278952823433e+01 1.441998311497688645e-02 9.995475716374206954e-01 -2.639742178378142595e-02 -9.285015059210366406e-01 -8.585492372839850228e-01 -1.154964148771509946e-03 -5.127306903077841760e-01 -1.276288823524122762e+01
-5.180879869001303595e-01 2.790114364147711079e-02 8.548727534882434309e-01 6.572618624339853000e+01 1.120485133434529976e-02 9.996034988262769705e-01 -2.583417099608577641e-02 -9.821647955674988051e-01 -8.552544526430198024e-01 -3.805591106027603025e-03 -5.181951680684590000e-01 -1.327537739493136648e+01
-5.230613913663337833e-01 3.012095342007486271e-02 8.517632182042987887e-01 6.655781342106983800e+01 1.218778739710213270e-02 9.995375247406369512e-01 -2.786221397876044448e-02 -1.036163051924092748e+00 -8.522083895816814358e-01 -4.192477162841151163e-03 -5.231865715734302924e-01 -1.378382820611299131e+01
-5.281551078839790136e-01 3.249842176450583320e-02 8.485264331677256910e-01 6.738817558891260262e+01 1.277027086291004573e-02 9.994584039187086599e-01 -3.033032504180984204e-02 -1.083297116576192209e+00 -8.490524165140304058e-01 -5.183140391116084107e-03 -5.282840503975949620e-01 -1.430558764834110264e+01
-5.331483316910996528e-01 3.288474767418430450e-02 8.453830652392008149e-01 6.823213688888084505e+01 1.159588558994408686e-02 9.994345197496251609e-01 -3.156411225072711796e-02 -1.134898703538242737e+00 -8.459428495058604058e-01 -7.025323815303354327e-03 -5.332281510923719825e-01 -1.482326091865309969e+01
-5.368679552162597401e-01 3.324180564557364936e-02 8.430117824964178386e-01 6.904615419597301695e+01 1.053080847287529362e-02 9.994097137112206708e-01 -3.270235708267674873e-02 -1.188597316837673779e+00 -8.436011036716667411e-01 -8.679185342673723449e-03 -5.369010883816046631e-01 -1.533555034220307434e+01
-5.402383431512721712e-01 3.205800461350004349e-02 8.409018405738903912e-01 6.986427354499596731e+01 1.006905980913960080e-02 9.994488790323472482e-01 -3.163340178502050543e-02 -1.251922632065242791e+00 -8.414523586729156790e-01 -8.622417062820100092e-03 -5.402633760983674982e-01 -1.586406673445487137e+01
-5.426964851764273234e-01 2.618789428116055640e-02 8.395211804812292566e-01 7.070282166726990170e+01 1.206751483971638117e-02 9.996538283126606972e-01 -2.338210054178551170e-02 -1.298045012944564647e+00 -8.398427413418817489e-01 -2.558379379688240432e-03 -5.428246176731338357e-01 -1.640464380325294158e+01
-5.447784206245669392e-01 1.852714247510077461e-02 8.383760005940851245e-01 7.151128067307428182e+01 1.295509770397387100e-02 9.998226072257484498e-01 -1.367659815029577224e-02 -1.333226486234374564e+00 -8.384805151297507475e-01 3.410600680655789720e-03 -5.449217778362096531e-01 -1.693766367709850584e+01
-5.464028801237715838e-01 1.577534155132338106e-02 8.373745558653143961e-01 7.234051788053881182e+01 1.319518701241000937e-02 9.998607108650301445e-01 -1.022623539028098306e-02 -1.367438065280625947e+00 -8.374190892346179416e-01 5.461743050894030116e-03 -5.465349063559641341e-01 -1.747680771369379116e+01
-5.477626542874568516e-01 2.028264511229500161e-02 8.363885515931197556e-01 7.312500569440487652e+01 1.237379617538523005e-02 9.997932190711189548e-01 -1.614140530672908413e-02 -1.414699734941498255e+00 -8.365428412017873461e-01 1.507716732980003390e-03 -5.479003364141200594e-01 -1.798495312499423093e+01
-5.491160333944985483e-01 2.537848797094080858e-02 8.353613840258398149e-01 7.392563170749147616e+01 1.267916160044276798e-02 9.996768477867534752e-01 -2.203585108595266726e-02 -1.464273335472682014e+00 -8.356505192747408772e-01 -1.508484359048725470e-03 -5.492603399823778876e-01 -1.850660964347357051e+01
-5.492729188122126294e-01 3.100564223910223793e-02 8.350682951814354382e-01 7.473019354097323230e+01 1.919631058685141584e-02 9.995159487944658139e-01 -2.448490366084322967e-02 -1.499014090666013654e+00 -8.354230965925369956e-01 2.581407982185169540e-03 -5.496022133368040352e-01 -1.904653322821071626e+01
-5.490568450624944141e-01 3.213922048783213886e-02 8.351675322318881101e-01 7.551262274634228788e+01 2.264511068459722568e-02 9.994656520739857442e-01 -2.357435969596958364e-02 -1.541294166359375550e+00 -8.354787701929333732e-01 5.968870886399445415e-03 -5.494912305260593044e-01 -1.957048844800680598e+01
-5.486965953590713374e-01 2.926122329206286288e-02 8.355100203180364504e-01 7.630302503532404046e+01 2.236277045284356529e-02 9.995434721113884979e-01 -2.031984370282768557e-02 -1.585623798769225212e+00 -8.357230158997550618e-01 7.534964963777001680e-03 -5.491004383035369418e-01 -2.008880468401451580e+01
-5.480225754265392046e-01 2.425825421876127291e-02 8.361124138121875937e-01 7.710810154735443689e+01 2.030489382391916647e-02 9.996707084670247712e-01 -1.569486281817437934e-02 -1.619116031651978593e+00 -8.362176643851260138e-01 8.376111248672634887e-03 -5.483346533870790962e-01 -2.061768008872764568e+01
-5.472556329006136311e-01 1.842863922508877761e-02 8.367633099991416135e-01 7.789115625013921829e+01 1.881468383556061594e-02 9.997758744670084408e-01 -9.713628286973171114e-03 -1.646087649139274189e+00 -8.367546232169535969e-01 1.042767655888075795e-02 -5.474796837794669857e-01 -2.112545689461324372e+01
-5.471686392086451134e-01 1.125304176109871539e-02 8.369474471451796571e-01 7.871254187201807895e+01 8.908343475268230144e-03 9.999313599331828284e-01 -7.620365741617667055e-03 -1.694646491557251222e+00 -8.369755964295700901e-01 3.286268025013878297e-03 -5.472313026968742555e-01 -2.164533630282851107e+01
-5.456185260605879161e-01 6.027877775526832918e-03 8.380126948658442876e-01 7.950111091299811505e+01 4.271198339824467424e-04 9.999760801730992466e-01 -6.914735996193919869e-03 -1.717166432351499905e+00 -8.380341767406754849e-01 -3.414796793586289455e-03 -5.456080237481085726e-01 -2.213908905758095713e+01
-5.437631259859082578e-01 6.743902480764756534e-03 8.392123566820948177e-01 8.029257182295457085e+01 3.787970977918706829e-03 9.999773300508741913e-01 -5.581343850318270551e-03 -1.740776169413836838e+00 -8.392308173831850571e-01 1.440606835643132256e-04 -5.437763175872969423e-01 -2.264715178739801260e+01
-5.406029259233223749e-01 1.000004135229718392e-02 8.412191674411902964e-01 8.108488485838101667e+01 9.008760521183862766e-03 9.999409111491610602e-01 -6.097376946376987031e-03 -1.773584992749105860e+00 -8.412302795141655132e-01 4.282159639058175093e-03 -5.406610430288474323e-01 -2.316028123806277250e+01
-5.354108738065708195e-01 1.246802573126110786e-02 8.445004323203013641e-01 8.184734387311924309e+01 9.032983333682180482e-03 9.999184596629594468e-01 -9.035631551558802668e-03 -1.803978658237603394e+00 -8.445440710608967949e-01 2.790662865521835369e-03 -5.354798116401812136e-01 -2.364287610664432293e+01
-5.276157555332650073e-01 1.471036747881653006e-02 8.493565025908346167e-01 8.262966367328148465e+01 1.428629107296510228e-02 9.998623862607469714e-01 -8.442407640962821744e-03 -1.827398210721717264e+00 -8.493636520398849532e-01 7.679887572992492688e-03 -5.277532770543639229e-01 -2.413165976212598451e+01
-5.190191936024981523e-01 1.688664528981390425e-02 8.545965046092550699e-01 8.342517418600451151e+01 2.106449085407170047e-02 9.997539621045319347e-01 -6.961831517768754876e-03 -1.864908993558517469e+00 -8.545036434024942951e-01 1.438839680710851665e-02 -5.192471757710160896e-01 -2.462616011557219764e+01
-5.090971610259071856e-01 1.692910533283823599e-02 8.605433013216490234e-01 8.420355420026216109e+01 2.010269972313794007e-02 9.997677717235640138e-01 -7.775198967383924360e-03 -1.885646280816257958e+00 -8.604749247711387383e-01 1.334099665313880079e-02 -5.093192252392251262e-01 -2.508263939825627631e+01
-4.983582750715730425e-01 1.298779566766050490e-02 8.668746409117892293e-01 8.502597077667611813e+01 1.424000723262933144e-02 9.998756109241636603e-01 -6.793954152749540065e-03 -1.916721407295958857e+00 -8.668548875163736289e-01 8.958564924810338143e-03 -4.984811999328153664e-01 -2.554542753130262867e+01
-4.869924352463863571e-01 9.703681768810883471e-03 8.733530312660161554e-01 8.581664470886909157e+01 1.545306329793789610e-02 9.998775768190527602e-01 -2.492597333705328603e-03 -1.938788739851369014e+00 -8.732701347584563845e-01 1.228218544625097122e-02 -4.870827327279211305e-01 -2.598391776014371146e+01
-4.759928430547024081e-01 7.978048584271726223e-03 8.794137181994400310e-01 8.665844867199751889e+01 1.328468112310805978e-02 9.999100778861742533e-01 -1.880650288496937264e-03 -1.984150959563583116e+00 -8.793494764265040731e-01 1.078763818955596858e-02 -4.760559894848053197e-01 -2.644386814768332883e+01
-4.641901979397825562e-01 6.891380003192745449e-03 8.857094893499430910e-01 8.748855532405494273e+01 1.257837736269632606e-02 9.999202773274374900e-01 -1.187777505894098201e-03 -2.004934764828571137e+00 -8.856468952207977585e-01 1.058951858426774445e-02 -4.642398353393499821e-01 -2.687283594500642891e+01
-4.522588625532211748e-01 8.447281953934996160e-03 8.918474675674444851e-01 8.829504257586440019e+01 1.564874576079684776e-02 9.998764672966877765e-01 -1.534911570654131068e-03 -2.026364778263934685e+00 -8.917500908118658476e-01 1.326220113346217137e-02 -4.523351445475654042e-01 -2.728294541646924287e+01
