1.000000000000000000e+00 0.000000000000000000e+00 0.000000000000000000e+00 0.000000000000000000e+00 0.000000000000000000e+00 1.000000000000000000e+00 0.000000000000000000e+00 0.000000000000000000e+00 0.000000000000000000e+00 0.000000000000000000e+00 1.000000000000000000e+00 0.000000000000000000e+00
9.999999886421617745e-01 -9.693326145062174722e-05 -1.154106540483183340e-04 9.275894951321122378e-03 9.685254560536355579e-05 9.999997508835671844e-01 -6.991797966211494393e-04 9.065873451179980863e-03 1.154783990756547596e-04 6.991686108643438207e-04 9.999997489139649254e-01 1.156024997373066368e-02
9.999999591344239658e-01 -2.775217018972744886e-04 6.865023968331372543e-05 1.212926173719267205e-02 2.775544244735758692e-04 9.999998476662150804e-01 -4.771069986399045846e-04 1.053630559184547469e-02 -6.851782167931323470e-05 4.771260333204174688e-04 9.999998838280215185e-01 5.368753070765678453e-03
9.999999795921581391e-01 -1.733791756121143225e-04 1.037079780209835644e-04 8.250859155886160895e-03 1.733869141750786372e-04 9.999999821848311043e-01 -7.461444566340829124e-05 8.283760644164141554e-03 -1.036950395823305526e-04 7.463242574697288650e-05 9.999999918386698328e-01 -3.598628134159201526e-03
9.999999885200441252e-01 -1.507722251761290711e-04 -1.508800275851552824e-05 1.379713571834525771e-03 1.507731548264970426e-04 9.999999867344115945e-01 6.163304686283996791e-05 9.244305642145646956e-03 1.507871000674439736e-05 -6.163532102107124563e-05 9.999999979868599009e-01 -4.622849954663055261e-03
9.999999774727291735e-01 -8.369058208989702165e-06 -2.120954975780363718e-04 6.505271206895816422e-03 8.334299873649256518e-06 9.999999865367876772e-01 -1.638809442538052016e-04 4.336917195020030535e-04 2.120968662517114722e-04 1.638791728945361386e-04 9.999999640792673894e-01 3.299844876159149266e-03
9.999999855870997933e-01 5.303953285988136998e-06 -1.696987577711946431e-04 4.098911093044068331e-03 -5.331104995826017312e-06 9.999999871858841205e-01 -1.599994090898180349e-04 -3.410111417807857280e-03 1.696979069672634839e-04 1.600003114656578301e-04 9.999999728012599620e-01 4.775863087095184346e-03
9.999999986757375225e-01 -5.146008684562170958e-05 -6.200683125766957491e-07 1.104092280646299263e-03 5.146005022615574579e-05 9.999999969405524158e-01 -5.891314296197621098e-05 -4.814100160172888818e-03 6.230999861328010712e-07 5.891311097521324119e-05 9.999999982644285357e-01 2.495705338589580390e-03
9.999999905365722919e-01 -1.231640894823149380e-04 6.129814295020184149e-05 3.035838140881320837e-03 1.231700487225977081e-04 9.999999876884109185e-01 -9.722302717051799280e-05 7.198702065237941317e-03 -6.128616780990611679e-05 9.723057634570869603e-05 9.999999933951102538e-01 -1.022105780361437944e-03
9.999999844764797530e-01 -1.750797339226123762e-04 -1.985263128950608841e-05 3.808477972041276680e-03 1.750773629965638421e-04 9.999999775499326393e-01 -1.193652004699580503e-04 8.084821926903068903e-03 1.987352927135108198e-05 1.193617228706552320e-04 9.999999926789109317e-01 5.588434685083248574e-04
9.999999700270049141e-01 -2.137701535819212231e-04 -1.193662884243183595e-04 2.742752288938021723e-03 2.137479706103566530e-04 9.999999598911157861e-01 -1.858213440489206686e-04 6.988153563510901556e-03 1.194060066939258514e-04 1.857958241773884382e-04 9.999999756110583560e-01 2.715490798422279337e-03
9.999999867941977705e-01 -1.100129324425843297e-04 -1.196192252073256286e-04 6.066597099771135759e-03 1.100011143643175692e-04 9.999999890691995130e-01 -9.879957314418260012e-05 2.115944894374918988e-03 1.196300931305574157e-04 9.878641359138276643e-05 9.999999879649426049e-01 1.011904246064776729e-03
9.999999814050737346e-01 -1.883328721437528997e-04 -4.147989274213540503e-05 -2.696211138091817935e-03 1.883315724942672667e-04 9.999999817747083908e-01 -3.133371351508159252e-05 8.925446201045422571e-04 4.148579315441349233e-05 3.132590095900648572e-05 9.999999986488083970e-01 -7.798291494493770314e-04
9.999999949314107850e-01 -8.463260756522932688e-05 5.453897826256588923e-05 -6.734212147656831043e-04 8.463633577829349664e-05 9.999999940818000699e-01 -6.836000726102607953e-05 4.246498025067802461e-03 -5.453319245412562840e-05 6.836462289381451546e-05 9.999999961762046086e-01 -4.130101237086345953e-04
9.999999964827106513e-01 -2.170427581872854493e-05 8.101544968953140345e-05 -5.378257665793737853e-05 2.170671940686203934e-05 9.999999993095588513e-01 -3.016124430053472547e-05 5.781460114949931069e-03 -8.101479500562966754e-05 3.016300277408293044e-05 9.999999962633980832e-01 -2.229603826265812855e-03
9.999999988439028931e-01 -4.543371899857490131e-05 1.574710848126449210e-05 2.518001570011897672e-03 4.543344900048544994e-05 9.999999988209112844e-01 1.714581727024794644e-05 1.368225591257336317e-03 -1.574788746094111318e-05 -1.714510180497562584e-05 9.999999997290247578e-01 -1.542778708975673166e-03
9.999999910302931339e-01 -1.231486854876128606e-04 -5.266701882806881975e-05 7.058220684050912734e-03 1.231505178330850989e-04 9.999999918118269715e-01 3.478930935794459750e-05 -1.220349538414038310e-03 5.266273413910570639e-05 -3.479579501653609175e-05 9.999999980079445905e-01 -7.713744201384330678e-04
9.999999766948957092e-01 -2.117267025155628653e-04 -4.221387708630408152e-05 3.688420386814021332e-03 2.117238870845808191e-04 9.999999753628688870e-01 -6.668775969165849186e-05 1.951383902291746637e-03 4.222799562573292754e-05 6.667882045134767644e-05 9.999999968853656718e-01 -1.296252328154844677e-04
9.999999982323874992e-01 -5.771941317708481834e-05 -1.427215580980122839e-05 2.287130615560854091e-03 5.771631424878590936e-05 9.999999747820527141e-01 -2.170362203967866096e-04 2.549260870926649183e-03 1.428468265316622966e-05 2.170353962769209436e-04 9.999999763457920743e-01 2.511573973149692791e-03
9.999999969747163098e-01 5.965231834315014412e-05 4.992162211890306998e-05 5.217568819073319271e-03 -5.963758865630731801e-05 9.999999547074823747e-01 -2.950057477037946433e-04 -1.005861095511377274e-03 -4.993921763460221138e-05 2.950027696061535373e-04 9.999999552397191849e-01 4.591062768644666066e-03
9.999999977182738586e-01 -6.502942711462054417e-05 1.829277943268173059e-05 1.669609267929597629e-03 6.503462466998206979e-05 9.999999574792313162e-01 -2.842745735108553927e-04 1.870743481037628365e-03 -1.827429244220002514e-05 2.842757625262632261e-04 9.999999594266697489e-01 4.640133926283042734e-03
9.999999876298938384e-01 -9.110715342912082868e-05 -1.282173886144404007e-04 7.298377050370105645e-03 9.108994820151021022e-05 9.999999868481833643e-01 -1.341873856914625675e-04 2.097242426057711277e-03 1.282296123588852737e-04 1.341757047162629333e-04 9.999999827770232885e-01 2.100770769475616973e-03
9.999999890854304185e-01 -4.106959843804791860e-05 -1.419240187015560425e-04 7.727286744586710741e-03 4.105552340681694441e-05 9.999999942394318664e-01 -9.917449406302692285e-05 4.698144566547535900e-03 1.419280909406395272e-04 9.916866621570820731e-05 9.999999850109961841e-01 2.755898090947697839e-03
9.999999890671308345e-01 -1.457102056906782342e-04 -2.518480048541209149e-05 1.024774383365888511e-03 1.457077402418748425e-04 9.999999845955109823e-01 -9.786844319914037049e-05 4.236703291140309427e-03 2.519906052844228146e-05 9.786477250879030464e-05 9.999999948937468019e-01 1.607032870916351398e-03
9.999999919195318165e-01 -1.161762258830536967e-04 5.161415329301724081e-05 1.846536669745301069e-03 1.161780429513728573e-04 9.999999926316970322e-01 -3.520324275218200493e-05 1.254940291166635035e-03 -5.161006313282672067e-05 3.520923889904150093e-05 9.999999980483554873e-01 -1.890112711145381947e-03
9.999999890425266269e-01 -1.264668260705703378e-04 7.694860979557091346e-05 5.712498339766097950e-04 1.264694819871317231e-04 9.999999914072107421e-01 -3.451157188233830106e-05 5.906118930554231025e-03 -7.694424456540906263e-05 3.452130315499914095e-05 9.999999964439314493e-01 -3.247111423460060861e-03
9.999999964432447763e-01 -7.939109783019907343e-05 -2.847040498444603363e-05 4.410799780645166535e-03 7.938613518096210211e-05 9.999999816642810568e-01 -1.742678372106720491e-04 4.085700024635070295e-03 2.848423977733333768e-05 1.742655764354252435e-04 9.999999844100783131e-01 -3.958736066470239928e-04
9.999999927518005149e-01 1.021774866999160540e-04 -6.368799045172997904e-05 7.927937847535006938e-03 -1.021871626526491374e-04 9.999999832356002427e-01 -1.519426965075570230e-04 -4.212927895213970653e-03 6.367246426118748702e-05 1.519492035012853673e-04 9.999999864286283069e-01 1.448418678238527334e-03
9.999999901535222557e-01 1.264658350549265769e-04 -6.082226449084856960e-05 9.340567045323041467e-03 -1.264696580166412953e-04 9.999999900273431885e-01 -6.285490463787103362e-05 -7.073700045619957938e-03 6.081431488628667302e-05 6.286259618996158463e-05 9.999999961749564958e-01 1.349917862422747106e-03
9.999999966912511695e-01 7.889683231213412873e-05 -1.981886607302165795e-05 5.817288773338537625e-03 -7.889773883678867917e-05 9.999999958413223755e-01 -4.574387378710935106e-05 -4.755661536557442143e-03 1.981525694386189416e-05 4.574543729947383686e-05 9.999999987573552351e-01 8.464535029202818577e-05
9.999999941482757837e-01 -1.026288805431453774e-04 3.421638750574241823e-05 9.674684764142389790e-04 1.026319011716543626e-04 9.999999908357750655e-01 -8.829010511553264846e-05 2.943691132356613099e-03 -3.420732607752470207e-05 8.829361629178425106e-05 9.999999955170481014e-01 -2.023232529706496356e-03
9.999999774242553929e-01 -2.099845789416863941e-04 3.252637811396806008e-05 -1.007788125360719982e-03 2.099876828556300262e-04 9.999999733968922833e-01 -9.545358990909361499e-05 8.756406932770299800e-03 -3.250633346677978024e-05 9.546041789292958150e-05 9.999999949153234313e-01 -2.507042722204585322e-03
9.999999816005759046e-01 -1.909232417200945305e-04 -1.863232963548093634e-05 -2.178112553925004233e-03 1.909198016470584200e-04 9.999999647626750532e-01 -1.844567101086402080e-04 7.383650747061143264e-03 1.866754605197844743e-05 1.844531494340647087e-04 9.999999828142790426e-01 6.906226554937479334e-04
9.999999972692913408e-01 -3.268705562168363758e-05 -6.627951199247301528e-05 5.652119091974996783e-03 3.267106195941588918e-05 9.999999703551437635e-01 -2.412930029065263196e-04 5.440172839505557148e-04 6.628739718543353373e-05 2.412908368255824772e-04 9.999999686923560782e-01 2.711518682170018825e-03
9.999999899855614993e-01 -1.404804479784944795e-04 -1.714994862676295551e-05 -1.123561987759031169e-03 1.404782168772376102e-04 9.999999816795912544e-01 -1.300257194142202019e-04 -9.376227565590488505e-04 1.716821438388091976e-05 1.300233089178829988e-04 9.999999913995957224e-01 1.348042826036181113e-03
9.999999966347836722e-01 -8.092279772350003146e-05 1.348826957302773074e-05 1.191569531237141044e-05 8.092285601369884397e-05 9.999999967164099335e-01 -4.321057855447814590e-06 -3.680013075135850874e-04 -1.348791985664699520e-05 4.322149350203051756e-06 9.999999998996975670e-01 -1.646756174747256033e-03
9.999999981332213794e-01 -6.097264028086494690e-05 -3.986779225841509462e-06 3.961119647751620496e-03 6.097265902197116156e-05 9.999999981301184171e-01 4.700861100109623098e-06 9.391448890079397930e-04 3.986492594473837746e-06 -4.701104175864488794e-06 9.999999999810037510e-01 -2.523230994909408768e-03
9.999999983404050941e-01 -5.685726992951574556e-05 -9.297344719571372026e-06 5.792859714263066256e-03 5.685672051675841814e-05 9.999999966382501215e-01 -5.908310309010409713e-05 7.382499869033418843e-04 9.300703992256690613e-06 5.908257437551981718e-05 9.999999982113731978e-01 -2.456878989002363525e-03
9.999999972031369255e-01 -7.478286311530287899e-05 1.117818649426242553e-06 5.626105926883968184e-03 7.478309152510062780e-05 9.999999760369409074e-01 -2.057513228836639000e-04 4.097940860149529296e-03 -1.102431949624886680e-06 2.057514059021399997e-04 9.999999788325716343e-01 6.089879651433381495e-04
9.999999986949251740e-01 3.319395736214428473e-05 3.883697811847892407e-05 5.342412511649472298e-03 -3.318879475847421608e-05 9.999999906149631412e-01 -1.329232012252242693e-04 2.936190716991586742e-03 -3.884139000106636347e-05 1.329219120992537469e-04 9.999999904115558502e-01 4.475674676145246361e-04
9.999999978268646617e-01 3.057527884784747274e-05 -5.840738827396510865e-05 3.455563812708251428e-03 -3.057342338749018774e-05 9.999999990280239448e-01 3.176819121466501730e-05 -3.394214561245877462e-03 5.840835953849940308e-05 -3.176640543181777766e-05 9.999999977896795178e-01 -5.227231619301258864e-04
9.999999911262847929e-01 -9.787585302235723875e-05 -9.037559232231050438e-05 -1.835627138435495754e-03 9.786815907984066872e-05 9.999999915870579903e-01 -8.513346744597312334e-05 -2.467260192658103646e-04 9.038392407273292963e-05 8.512462179767665480e-05 9.999999922922724327e-01 1.795286175821919194e-03
9.999999933826290155e-01 -8.845350376216681648e-05 -7.355759394215269007e-05 3.773787251771775104e-03 8.843186162732487538e-05 9.999999528214693623e-01 -2.941714887936833982e-04 2.113191502874251296e-03 7.358361097070422179e-05 2.941649820120723785e-04 9.999999540262066722e-01 4.624113921829773113e-03
9.999999981514209324e-01 -5.806316220955042110e-05 1.805068850697088298e-05 1.279383721579798253e-02 5.806595395687668212e-05 9.999999863482033069e-01 -1.546995092266742597e-04 1.699770720756412206e-03 -1.804170591784858869e-05 1.547005570711477214e-04 9.999999878711172130e-01 -1.222509013434981522e-03
9.999999942714246082e-01 -1.051449893081131951e-04 2.004200556446910801e-05 8.838699280318662588e-03 1.051463187807728420e-04 9.999999922713092015e-01 -6.634480515754633499e-05 7.189125293130680305e-04 -2.003502958574170746e-05 6.634691212059120604e-05 9.999999975983424605e-01 -3.057982187627111652e-03
9.999999986634237059e-01 3.022854268875630151e-05 -4.194505709338131158e-05 7.197394147321120768e-03 -3.023464321261265704e-05 9.999999889653993224e-01 -1.454478174094599348e-04 1.472571605952503662e-03 4.194065995497681110e-05 1.454490854088935766e-04 9.999999885427722779e-01 1.372206872527224029e-03
9.999999945623188058e-01 7.784566817902954599e-05 -6.939318577553038039e-05 8.449969612578843436e-03 -7.784796882519677314e-05 9.999999964203295511e-01 -3.315169192639103561e-05 -4.036446034362871881e-03 6.939060481151636478e-05 3.315709386468563793e-05 9.999999970427755347e-01 1.514658212091795839e-04
9.999999982615539462e-01 -4.668869848993111434e-05 -3.601468352451247363e-05 4.639828144202048227e-04 4.668800129909377142e-05 9.999999987227276010e-01 -1.935911410297374863e-05 -3.113805501421794582e-03 3.601558733035329740e-05 1.935743261572779844e-05 9.999999991640836638e-01 -8.728370101194516143e-04
9.999999950546296645e-01 -9.940303329000101519e-05 -3.126921322775176312e-06 4.544211334625040608e-04 9.940279405370555481e-05 9.999999921398461389e-01 -7.641591562573173471e-05 3.643297125846329219e-03 3.134517272001923814e-06 7.641560442311047204e-05 9.999999970754150924e-01 -1.184203925464730666e-03
9.999999921963204086e-01 -1.225630468708196292e-04 -2.420038707597960484e-05 2.241801616743664249e-03 1.225582956418588550e-04 9.999999732361132265e-01 -1.962326093398304792e-04 3.902379903270893069e-03 2.422443729477928944e-05 1.962296418503001714e-04 9.999999804535519843e-01 1.838026380019164773e-03
9.999999981803904259e-01 -4.474779447902974141e-05 -4.045805389014783522e-05 4.054710952223291968e-03 4.474361983042873147e-05 9.999999936759862429e-01 -1.031796300088100635e-04 2.039831359690363628e-03 4.046267069516859918e-05 1.031778195812810885e-04 9.999999938585548698e-01 9.342826181533373658e-04
9.999999973323417946e-01 3.600840369165764888e-05 -6.355085569203174404e-05 8.040999745100698218e-03 -3.600939517593056003e-05 9.999999992299761775e-01 -1.560035547414792648e-05 -4.776043847003147089e-03 6.355029389919843478e-05 1.560264386040789188e-05 9.999999978589588778e-01 -3.256627610273947482e-04
9.999999965697501381e-01 6.785659965737118513e-05 -4.749717567273534035e-05 1.273144688284524352e-02 -6.786300696598918407e-05 9.999999885969360625e-01 -1.349101186188902848e-04 -4.204434617129828092e-03 4.748802058921315167e-05 1.349133414572784278e-04 9.999999897716390640e-01 1.430185968807142849e-03
9.999999989363853592e-01 2.326166972555736013e-05 -3.982617171750603332e-05 9.820292642222259311e-03 -2.326994207040720188e-05 9.999999781547468380e-01 -2.077234115128057275e-04 3.135078701892238251e-04 3.982133885410035469e-05 2.077243380445768469e-04 9.999999776324299816e-01 3.066354603750330414e-03
9.999999965811351421e-01 -8.217510957072798427e-05 9.218517038718136654e-06 1.797669458101224492e-03 8.217559439247266529e-05 9.999999952399892811e-01 -5.260411732273667640e-05 2.189487971365288062e-03 -9.214194245733030780e-06 5.260487468000737824e-05 9.999999985739128627e-01 9.551153274758843875e-04
9.999999975079597592e-01 -5.367456622548957910e-05 -4.585980162177919232e-05 3.407529103631351183e-03 5.367005232477241013e-05 9.999999937161379027e-01 -9.842382700973188508e-05 1.154368220275317318e-03 4.586508418982352439e-05 9.842136546650311470e-05 9.999999941048144381e-01 1.693705734619623589e-03
9.999999899887102028e-01 -1.397698224000048226e-04 -2.206753711611969212e-05 -1.344906947151232324e-03 1.397673323416068496e-04 9.999999838707025468e-01 -1.127993235981923252e-04 -4.501629036842540350e-03 2.208330270161198419e-05 1.127962381481315408e-04 9.999999933946681629e-01 1.414430980028028506e-03
9.999999988496383052e-01 -4.705795203086012528e-05 9.288297407431044149e-06 1.490584088605547905e-03 4.705899720478244245e-05 9.999999925581002369e-01 -1.125577640500898793e-04 -5.422276316758662881e-03 -9.283000600447094855e-06 1.125582010185694815e-04 9.999999936222385699e-01 7.930994270640712987e-04
9.999999987802729029e-01 1.933664743186635745e-05 -4.544830407311108725e-05 1.323009765282574454e-02 -1.934373808907643072e-05 9.999999876416928446e-01 -1.560206201051876173e-04 -4.177206931753872123e-03 4.544528659572390808e-05 1.560214990549756240e-04 9.999999867960087663e-01 2.855629788968981012e-03
9.999999755644874977e-01 2.196294120306305285e-04 2.517827785252587416e-05 4.387214537469159847e-02 -2.196237332250284440e-04 9.999999504969890873e-01 -2.253251765901116623e-04 4.549919471804803918e-04 -2.522776464217549205e-05 2.253196413367973647e-04 9.999999742973092465e-01 9.708508336050965942e-03
9.999999382976845208e-01 3.121949527707992811e-04 1.610557001505986670e-04 5.364579735247059639e-02 -3.121434199543760934e-04 9.999999001168715651e-01 -3.198948769783223020e-04 -3.920115589678276752e-03 -1.611555536298613404e-04 3.198445847630195372e-04 9.999999358641624703e-01 9.938823727387321658e-03
9.999999810408909395e-01 1.282337999122539786e-04 1.465411558370424943e-04 2.339760436320285908e-02 -1.281938879977725335e-04 9.999999546995214095e-01 -2.723367073427506455e-04 -8.514037334622675396e-03 -1.465760719694961321e-04 2.723179164989709012e-04 9.999999521792025670e-01 5.045370736768590124e-03
9.999999884399999317e-01 -3.597464749163673485e-05 1.477356582557131151e-04 -1.787342771289255131e-02 3.600305455364206101e-05 9.999999808651511835e-01 -1.922848858214453881e-04 -9.757251318271244200e-03 -1.477287380478282486e-04 1.922902025335957875e-04 9.999999706003485089e-01 2.030517792654782435e-03
9.999999720143151194e-01 -2.151417253207599343e-04 9.841446576018886348e-05 -4.334506868268542257e-02 2.151693650445042811e-04 9.999999373913911471e-01 -2.809258943068110173e-04 -1.474425072332252729e-03 -9.835402071700763199e-05 2.809470622230162687e-04 9.999999556976164605e-01 6.633150877122772834e-03
9.999998329069245129e-01 -5.773987636119871361e-04 2.822748437685365888e-05 -4.305383260424386349e-02 5.774051902738376119e-04 9.999998072643496716e-01 -2.281983998824410837e-04 -1.395488486017512977e-03 -2.809571746246074380e-05 2.282146604480562101e-04 9.999999735643493315e-01 1.033173066334605768e-02
9.999996446186510957e-01 -8.266968414240350761e-04 1.653327067841952930e-04 -2.898936627166163668e-02 8.267265471826102698e-04 9.999996421181860384e-01 -1.796850467317737631e-04 -7.095653862663147023e-03 -1.651841025540419690e-04 1.798216678128755402e-04 9.999999701891896242e-01 1.195024323283334911e-02
9.999991640139266336e-01 -1.115157095341214608e-03 6.545197480173295000e-04 -3.699726200299455897e-02 1.115351050272010832e-03 9.999993341755091247e-01 -2.960415057656276550e-04 -1.924800630813672253e-02 -6.541891794363815594e-04 2.967712775674266525e-04 9.999997419816298860e-01 1.232998526432062258e-02
9.999982254198416243e-01 -1.547040453416300343e-03 1.075092090551868019e-03 -8.811018475990209375e-02 1.547481987166454990e-03 9.999987186057049948e-01 -4.099834721225813672e-04 -1.848521001296359739e-02 -1.074456451918391056e-03 4.116464302187206156e-04 9.999993380450555858e-01 1.053056293487720368e-02
9.999949989139644835e-01 -3.020447389759247769e-03 9.375737975592582504e-04 -1.825603473566120016e-01 3.021078123099438153e-03 9.999952107107220600e-01 -6.720435943444037601e-04 -1.295395500632525246e-02 -9.355394349267804515e-04 6.748727170851663917e-04 9.999993346561694141e-01 1.662654201093646117e-02
9.999876670251736099e-01 -4.943190794270313666e-03 4.802731743536191355e-04 -2.613984171893620756e-01 4.943410726483140651e-03 9.999876764657091854e-01 -4.578286812199902156e-04 -2.046233519563069037e-02 -4.780041211683264298e-04 4.601972223921316999e-04 9.999997798652641157e-01 1.841179473923930388e-02
9.999731826729080231e-01 -7.316299792230069807e-03 3.251036222117370837e-04 -3.320606230472273324e-01 7.316395871810103119e-03 9.999731912048933635e-01 -2.953353156137090811e-04 -2.424277905999365143e-02 -3.229341448670780589e-04 2.977059823094089413e-04 9.999999035423384752e-01 1.731715390721690062e-02
9.999557067087233575e-01 -9.384153810163550075e-03 7.226879858034347204e-04 -4.040147948012379753e-01 9.384415849249892749e-03 9.999559005770208842e-01 -3.600560614788440254e-04 -3.201691312048939725e-02 -7.192772942190677745e-04 3.668221179988733057e-04 9.999996740408008122e-01 1.544090767981620704e-02
9.999389400453766452e-01 -1.097100602151065106e-02 1.324087536627339837e-03 -5.007256974198311950e-01 1.097187093409979393e-02 9.999395974245288699e-01 -6.477273165531547425e-04 -4.044842971942105153e-02 -1.316901338039776605e-03 6.622154839099229440e-04 9.999989136201692386e-01 1.451386912827627024e-02
9.999105720878777026e-01 -1.327933723610262573e-02 1.583360181059316864e-03 -6.301224726320551195e-01 1.328084987428018032e-02 9.999113555896879113e-01 -9.486777163435710335e-04 -5.636604849541134582e-02 -1.570622013706053253e-03 9.696212469376833468e-04 9.999982964891127590e-01 1.815578882974046293e-02
9.998693452060799514e-01 -1.609430519115273225e-02 1.505276578889707707e-03 -7.452730861204605040e-01 1.609559428556014624e-02 9.998700977414859414e-01 -8.482258107695810068e-04 -7.322086813552965145e-02 -1.491429434992883139e-03 8.723433071024420341e-04 9.999985073265834634e-01 1.651701214399208667e-02
9.998149091260178922e-01 -1.917879802358757324e-02 1.523547079381670820e-03 -9.002276867759183565e-01 1.917976398329787613e-02 9.998158579562588244e-01 -6.219587889687119061e-04 -5.526371886514946929e-02 -1.511338108316111596e-03 6.510649434728640970e-04 9.999986459848642095e-01 1.112269612180571271e-02
9.997429082775998177e-01 -2.260607061851113708e-02 1.755824546327009687e-03 -1.087529598620674998e+00 2.260722923009279850e-02 9.997442172560812024e-01 -6.428448984771362781e-04 -5.573336113038654394e-02 -1.740843239534986629e-03 6.823739563815889482e-04 9.999982519137715631e-01 8.761679800487375686e-03
9.997007109412883175e-01 -2.440279065344409110e-02 1.729841555423394534e-03 -1.225837612600960025e+00 2.440478085485688065e-02 9.997015102516990659e-01 -1.138890643763581330e-03 -7.592452191219831170e-02 -1.701533105495986811e-03 1.180766190328566686e-03 9.999978552858473924e-01 4.473291141978396820e-03
9.996716712124233961e-01 -2.556318452748564118e-02 1.753103583430861345e-03 -1.339643219753143377e+00 2.556576514157171687e-02 9.996720678313871788e-01 -1.465759340583883000e-03 -1.081077487783181634e-01 -1.715059207874712567e-03 1.510097524079550982e-03 9.999973890852822400e-01 8.119386312060321298e-03
9.996182191091629310e-01 -2.754195835675874934e-02 2.203759265468222071e-03 -1.505557604316982712e+00 2.754519226874252782e-02 9.996195063873456466e-01 -1.450804189903493521e-03 -1.030395693792805489e-01 -2.162962760561750342e-03 1.510953273268787148e-03 9.999965193000935892e-01 2.834376223370558417e-02
9.995688294008997499e-01 -2.923297939472332962e-02 2.754669820984123954e-03 -1.692423002838121304e+00 2.923563813734728761e-02 9.995721148363098107e-01 -9.298948161229730327e-04 -6.865200001175691957e-02 -2.726307542637877203e-03 1.010028402892168249e-03 9.999957735359726874e-01 5.440744817973245523e-02
9.995085466801926222e-01 -3.121626730284747520e-02 2.865269433455961377e-03 -1.914819857846924211e+00 3.121759788214731324e-02 9.995125234263374514e-01 -4.208282116493522766e-04 -4.959418666526468900e-02 -2.850735995786495003e-03 5.100682232253048003e-04 9.999958065585524691e-01 6.875873172795021748e-02
9.994440249160650991e-01 -3.324074718017545893e-02 2.587235296511209478e-03 -2.136137061188621900e+00 3.324115878697390947e-02 9.994473532160325080e-01 -1.162409843331308856e-04 -8.013690322306719904e-02 -2.581941532073032692e-03 2.021790565527022219e-04 9.999966463451535059e-01 6.514391526073262662e-02
9.994124261062276027e-01 -3.419962166558526695e-02 2.277810877806673174e-03 -2.349521708610049053e+00 3.420142767950631879e-02 9.994146720662065997e-01 -7.586853630833123759e-04 -1.218044094494883656e-01 -2.250530859091327742e-03 8.361439633752750823e-04 9.999971179829093559e-01 5.066955958996141596e-02
9.993880982886570452e-01 -3.488842837557059456e-02 2.495308490781161705e-03 -2.579004738747264991e+00 3.489502610333256732e-02 9.993874663604831454e-01 -2.651270416600355617e-03 -1.589551289009550616e-01 -2.401281372355755072e-03 2.736721954616881322e-03 9.999933720783922286e-01 5.012484738405026397e-02
9.993396338839670712e-01 -3.616170918146797975e-02 3.553440267353173178e-03 -2.830197282373184464e+00 3.617458647842650143e-02 9.993388962642114626e-01 -3.629009030350184052e-03 -1.606333590654125676e-01 -3.419859905545080681e-03 3.755156787999053107e-03 9.999871015946775188e-01 5.419665365025561066e-02
9.993022795215785736e-01 -3.703043774873850114e-02 4.868349115843080034e-03 -3.078187787506523332e+00 3.704187424974283993e-02 9.993111125461352495e-01 -2.280327579893994764e-03 -1.330763151270113742e-01 -4.780553842722146292e-03 2.459069324396899892e-03 9.999855495370993941e-01 5.003396136814912409e-02
9.992805169668756982e-01 -3.750237901703552118e-02 5.658619838455240282e-03 -3.328166943901355701e+00 3.750628605518242092e-02 9.992962199666176604e-01 -5.858897303355461907e-04 -1.246246202766381067e-01 -5.632665156067201938e-03 7.977020069539204720e-04 9.999838182464493297e-01 6.455256963784533619e-02
9.992740745189478968e-01 -3.770701850799833277e-02 5.431827458372625629e-03 -3.593368577729903812e+00 3.770930888819859494e-02 9.992886998934112919e-01 -3.198257497406807614e-04 -1.222628082947593564e-01 -5.415904123457707629e-03 5.244240395346193989e-04 9.999851963714023739e-01 9.281018327295215142e-02
9.992720683454979769e-01 -3.783585145430405638e-02 4.876655538208461878e-03 -3.910482750964884069e+00 3.784139737946824733e-02 9.992832061775519525e-01 -1.049998038712208473e-03 -1.494520662842600545e-01 -4.833432411824442089e-03 1.233773172006795817e-03 9.999875577900358969e-01 1.040031022173291964e-01
9.992876741452667577e-01 -3.750165185908318349e-02 4.215496315177797923e-03 -4.239341415756189058e+00 3.751001474396325336e-02 9.992944023144539889e-01 -1.922575591693681182e-03 -1.955771208162702113e-01 -4.140422110221912699e-03 2.079329420327480707e-03 9.999892665893523880e-01 1.047222544489211371e-01
9.992795569482131324e-01 -3.775173562946030487e-02 3.895320570401863188e-03 -4.574073352379432578e+00 3.776038326613356116e-02 9.992844644466797321e-01 -2.170845712425947902e-03 -2.246902203464079262e-01 -3.810580136614308885e-03 2.316370539398757752e-03 9.999900569038407960e-01 9.711213562060749815e-02
9.992470549920123846e-01 -3.857693656849697783e-02 4.140417222990501467e-03 -4.895366138504420483e+00 3.858509586919142698e-02 9.992534940895613227e-01 -1.909169077968437753e-03 -2.228147089531881397e-01 -4.063676482642532284e-03 2.067489974129316753e-03 9.999896059553076144e-01 1.033671377991515899e-01
9.991762245976897328e-01 -4.040349832209815667e-02 3.798621071286975744e-03 -5.231145500552585759e+00 4.040931914845836276e-02 9.991821311050805843e-01 -1.468266415760826563e-03 -2.195647216054754103e-01 -3.736191197603599100e-03 1.620556585197178903e-03 9.999917073014601421e-01 1.176050244664100103e-01
9.991313868802228493e-01 -4.161009504365198453e-02 2.252052677165079699e-03 -5.569244922731201086e+00 4.161288372780480582e-02 9.991330810737496515e-01 -1.205907099354679417e-03 -2.384782508204700280e-01 -2.199922421058369149e-03 1.298574038830709303e-03 9.999967370180800064e-01 1.322599153624698098e-01
9.990877476510405808e-01 -4.269871785725293939e-02 7.014177909321500388e-04 -5.930854834931112762e+00 4.269986640756998769e-02 9.990864755452699697e-01 -1.713415100442119499e-03 -2.517488676343838105e-01 -6.276164006810160383e-04 1.741802479460694214e-03 9.999982861094193209e-01 1.360129804066062820e-01
9.990349044062744044e-01 -4.391573234370772100e-02 8.174537675550680015e-04 -6.305436424319051270e+00 4.391738045827512510e-02 9.990329146791391279e-01 -2.121103813360105880e-03 -2.753644162549714891e-01 -7.235133926752428633e-04 2.154957173532763559e-03 9.999974163406377681e-01 1.251527721152552175e-01
9.989909336117336336e-01 -4.486568005135277426e-02 2.045804263985059098e-03 -6.689659385912642975e+00 4.487051388406844421e-02 9.989899726594715368e-01 -2.381493146754447288e-03 -2.955534495272495454e-01 -1.936890636178290092e-03 2.470886350697398468e-03 9.999950715755080433e-01 1.291721790198793185e-01
9.989606436732985095e-01 -4.549154499729163997e-02 2.855122692357691880e-03 -7.092404965931685012e+00 4.549912728610237128e-02 9.989608651755678137e-01 -2.649389341717369936e-03 -3.161530952520152371e-01 -2.731631020485955803e-03 2.776541272940182166e-03 9.999924144764936740e-01 1.588953133854873745e-01
9.988872996312576635e-01 -4.704321417193643717e-02 3.331461503217071282e-03 -7.483998467617134942e+00 4.705121276694945731e-02 9.988896794994661654e-01 -2.364649363638163335e-03 -3.255962386702841993e-01 -3.216521806758147230e-03 2.518767521432064508e-03 9.999916548639992131e-01 1.707371107268856325e-01
9.988115305409178690e-01 -4.858168125520893887e-02 3.917487067798287696e-03 -7.886604582199734814e+00 4.859002315660011784e-02 9.988166766041427502e-01 -2.063052858367810539e-03 -3.420843777235116900e-01 -3.812624837320121359e-03 2.250951770393168263e-03 9.999901985059539422e-01 1.924399283236296887e-01
9.987864585249909277e-01 -4.904263041417412927e-02 4.520029774826875464e-03 -8.304871302959895729e+00 4.905236078641815600e-02 9.987940684493454846e-01 -2.067542425978612965e-03 -3.672613532077847465e-01 -4.413181209248619695e-03 2.286751508773506893e-03 9.999876472232801516e-01 1.977479658657103623e-01
9.987456853315247463e-01 -4.978169723811568664e-02 5.370163103251152266e-03 -8.765060909424917668e+00 4.979694777795617283e-02 9.987555916593284788e-01 -2.744471028129226442e-03 -4.025744131060161601e-01 -5.226856001693590791e-03 3.008446329473142902e-03 9.999818144481529281e-01 1.927309513099333960e-01
9.986677564785495509e-01 -5.124250412492710460e-02 6.076013586817948300e-03 -9.210793284954180038e+00 5.126657481669409655e-02 9.986774898145819312e-01 -3.874228208295612923e-03 -4.382084380638932575e-01 -5.869452842018145142e-03 4.180563198000342671e-03 9.999740358702734477e-01 1.954580786425424987e-01
9.985564453857442846e-01 -5.334810981740459312e-02 6.245362879553797812e-03 -9.666188101856407755e+00 5.337751838928418702e-02 9.985636202537389039e-01 -4.640779713400211559e-03 -4.681805730232767027e-01 -5.988815341016698150e-03 4.967442466382324118e-03 9.999697288449057586e-01 2.195646925265975491e-01
9.984589870365460085e-01 -5.520838091978826773e-02 5.629021422069365246e-03 -1.015494932962107733e+01 5.523442071720916641e-02 9.984629080017050073e-01 -4.580405311008751805e-03 -4.836529697172632924e-01 -5.367492337106078912e-03 4.884262584499375441e-03 9.999736666557859088e-01 2.412701159394534667e-01
9.984494362666226364e-01 -5.543998991964901174e-02 5.013056609764339824e-03 -1.060033091181613685e+01 5.546228910101740767e-02 9.984509805414213401e-01 -4.424244969429258142e-03 -5.098324353105170292e-01 -4.760011191021642704e-03 4.695420490602598973e-03 9.999776474101197410e-01 2.502988865665371487e-01
9.984549663230065653e-01 -5.532245152879663314e-02 5.206398156862733842e-03 -1.106514718557443899e+01 5.534682783563326519e-02 9.984563129535707349e-01 -4.660447585160217877e-03 -5.593095205478597620e-01 -4.940533721836908379e-03 4.941404659122921976e-03 9.999755865252601961e-01 2.458923249384389054e-01
9.984054459849026619e-01 -5.618650009295014791e-02 5.444505027317989541e-03 -1.154324729443029618e+01 5.621595673494274303e-02 9.984039358184670920e-01 -5.417301041034428694e-03 -5.991275236302373575e-01 -5.131436062412091624e-03 5.714730920967343517e-03 9.999705046722320301e-01 2.306062416149248784e-01
9.982607607718037013e-01 -5.872775929584329868e-02 5.148183309589189974e-03 -1.210283331352697189e+01 5.875972549457725291e-02 9.982523075483707986e-01 -6.294849811937745267e-03 -6.170838743270566917e-01 -4.769503443920453806e-03 6.586407400276443787e-03 9.999669349905805360e-01 2.533465887718921450e-01
9.981315037150696456e-01 -6.090231664597082345e-02 4.940558536020703793e-03 -1.268337782544194781e+01 6.093328942296553224e-02 9.981214414445097605e-01 -6.381408060224829336e-03 -6.299016651737585626e-01 -4.542634873182999251e-03 6.670528906158127054e-03 9.999674337259794044e-01 2.850622206902921341e-01
9.980718847797778182e-01 -6.187093326681843836e-02 4.949790786979038279e-03 -1.322662726677908474e+01 6.190249704995248042e-02 9.980610348776138840e-01 -6.500116768722487802e-03 -6.599900757505725579e-01 -4.538025024455820400e-03 6.793988204236344787e-03 9.999666234695826494e-01 3.116034980680189026e-01
9.980672145157172270e-01 -6.194315638256554096e-02 4.988054350388416644e-03 -1.374384631347367325e+01 6.197753464015206409e-02 9.980525699140115892e-01 -7.060657757298254185e-03 -7.130360134412067064e-01 -4.540981035651824732e-03 7.356158331763618975e-03 9.999626325147514816e-01 3.113066040607415652e-01
9.980293541305957916e-01 -6.250304548075194533e-02 5.547756239853854701e-03 -1.427530245299439926e+01 6.254743684747471333e-02 9.980080965783473257e-01 -8.225406243785459912e-03 -7.506225266497028592e-01 -5.022592704664211732e-03 8.556194814004413826e-03 9.999507813351754537e-01 3.042132371539564284e-01
9.980103182684068042e-01 -6.277653669542257453e-02 5.874612355004197456e-03 -1.484509472034198119e+01 6.282903939523445946e-02 9.979816627305666543e-01 -9.225652399992137487e-03 -7.901299455595888199e-01 -5.283600899517300331e-03 9.576392539034132845e-03 9.999401863448997840e-01 3.100707732055378307e-01
9.979445207069620460e-01 -6.390394098197380024e-02 4.797907661067595322e-03 -1.548746011812310108e+01 6.394534088621500745e-02 9.979124768914742205e-01 -9.037800798237479935e-03 -8.229210482078329614e-01 -4.210340829135140669e-03 9.326027626769652426e-03 9.999476477490245596e-01 3.278665427459033221e-01
9.978768983560789563e-01 -6.501589064015964037e-02 3.824877974330754063e-03 -1.608979547124153697e+01 6.504958883844103035e-02 9.978371171290795205e-01 -9.467770142831519534e-03 -8.623972896373964803e-01 -3.201049703064210231e-03 9.696475844064430735e-03 9.999478644594447241e-01 3.665865401164440374e-01
9.978745446370533845e-01 -6.504931457624729685e-02 3.870379639485155114e-03 -1.667246626301725598e+01 6.508629094680210003e-02 9.978259643295270820e-01 -1.034986186562312366e-02 -8.998793923608949807e-01 -3.188713875773018479e-03 1.057977235150518724e-02 9.999389483967552339e-01 3.918616525001947792e-01
9.978710046106834541e-01 -6.506056792637007757e-02 4.536591050944528518e-03 -1.723882623516283985e+01 6.510622609764124546e-02 9.978202002601074261e-01 -1.077159580572917622e-02 -9.394941438220986152e-01 -3.825896050357634366e-03 1.104402345059852728e-02 9.999316936998419170e-01 3.952156451935100456e-01
9.978597426972327655e-01 -6.516146412495260609e-02 5.469688958695826178e-03 -1.783136386621280778e+01 6.521880732278134696e-02 9.978097233737993621e-01 -1.105726512732447056e-02 -9.811354243678716003e-01 -4.737201241902763357e-03 1.139032632519980728e-02 9.999239068002120367e-01 4.119159195116192107e-01
9.977580628921208783e-01 -6.660960241787293457e-02 6.481419558659886129e-03 -1.850028525639791255e+01 6.667469732791488080e-02 9.977204924448253021e-01 -1.040690597085170560e-02 -1.017030719273061656e+00 -5.773445244689043646e-03 1.081572102950632136e-02 9.999248409298663320e-01 4.207240893611718380e-01
9.977000192973243253e-01 -6.733980917991980175e-02 7.747360436344273224e-03 -1.920813706531695786e+01 6.742471777113639986e-02 9.976606342144990203e-01 -1.127680682667908663e-02 -1.057092482015344670e+00 -6.969858506544157964e-03 1.177323397948170508e-02 9.999064016367047447e-01 4.334804136517551587e-01
9.976603011140372512e-01 -6.787766714547703584e-02 8.157566054673277833e-03 -1.987324591575783472e+01 6.798526650987211928e-02 9.975918631958538008e-01 -1.372872983952237898e-02 -1.119852663121398306e+00 -7.206047365247487783e-03 1.425120304791001498e-02 9.998724799158426046e-01 4.570444200096301923e-01
9.977165197421472564e-01 -6.714721464512236893e-02 7.279958723736987443e-03 -2.051816401977932358e+01 6.725919136786397134e-02 9.976004658264727709e-01 -1.641681331274379152e-02 -1.165355709057270150e+00 -6.160146926697804455e-03 1.686896998059726066e-02 9.998387322171686797e-01 4.870977026859625858e-01
9.978397361410219490e-01 -6.540044186934788895e-02 6.216363994315060766e-03 -2.116891003957441342e+01 6.549831917434691120e-02 9.977058035759077681e-01 -1.712015468059751439e-02 -1.204472878479304399e+00 -5.082436753285784516e-03 1.749033202218447380e-02 9.998341148022519276e-01 5.018844660411054814e-01
9.979369758839173876e-01 -6.392300076577490942e-02 5.970103580379455474e-03 -2.188022774797365244e+01 6.400804684184389914e-02 9.978313738377951880e-01 -1.534663886558312873e-02 -1.231816216111549345e+00 -4.976153449607230439e-03 1.569711304912620869e-02 9.998644100770708310e-01 5.046394386205707017e-01
9.980008968177479511e-01 -6.290239833680731640e-02 6.123580198572444941e-03 -2.260893399681206617e+01 6.297478898181553542e-02 9.979374650584285078e-01 -1.244956968949221567e-02 -1.281956935748986615e+00 -5.327842308715092720e-03 1.281031288592660890e-02 9.999037503580522346e-01 5.147760621670892656e-01
9.979878550207853527e-01 -6.309391336408101680e-02 6.276888354734501754e-03 -2.334109701606757170e+01 6.316706950955558453e-02 9.979279890595514901e-01 -1.223315090786866038e-02 -1.324388572603963921e+00 -5.492045209840723877e-03 1.260502867769665303e-02 9.999054708778463141e-01 5.487632228888215113e-01
9.980780743548550715e-01 -6.165728411547467813e-02 6.207802156005875864e-03 -2.401544181622087493e+01 6.174106855247261938e-02 9.979889525259963978e-01 -1.435587301641478089e-02 -1.357984398481591803e+00 -5.310173829862163859e-03 1.471155843438023622e-02 9.998776785698980651e-01 5.842018341275767579e-01
9.982217231503709431e-01 -5.928385546952932156e-02 6.230241678472620177e-03 -2.471768314620959472e+01 5.937518482968569961e-02 9.981127380850820519e-01 -1.567001910468099682e-02 -1.386733280841051963e+00 -5.289504432825433040e-03 1.601207522366681832e-02 9.998578071855451777e-01 5.882568507197603047e-01
9.983724688354779220e-01 -5.663489582021299235e-02 6.700898953589364861e-03 -2.549490119641945540e+01 5.674399166781796816e-02 9.982371631028175152e-01 -1.739786222619097919e-02 -1.447927159633658256e+00 -5.703760246994941420e-03 1.774978241761115613e-02 9.998261910668134744e-01 6.101386108787246743e-01
