1.000000000000000000e+00 0.000000000000000000e+00 0.000000000000000000e+00 0.000000000000000000e+00 0.000000000000000000e+00 1.000000000000000000e+00 0.000000000000000000e+00 0.000000000000000000e+00 0.000000000000000000e+00 0.000000000000000000e+00 1.000000000000000000e+00 0.000000000000000000e+00
9.999867305194233280e-01 5.140873409635066983e-03 3.319723788960406673e-04 1.423075751131533395e-01 -5.140594635872331418e-03 9.999864382611715063e-01 -8.352128625839514223e-04 -2.846945011175265952e-02 -3.362616003699828117e-04 8.334952443128831445e-04 9.999995961068253170e-01 -1.116678401764630187e-02
9.999124711620210881e-01 1.322508094553860765e-02 3.837299106919252168e-04 3.372654803537987744e-01 -1.322444780826401677e-02 9.999112601041113546e-01 -1.608072502926721206e-03 -6.456036410410941062e-02 -4.049627475571018092e-04 1.602857134032738750e-03 9.999986334261566912e-01 -1.129325579100505690e-02
9.997959068412923811e-01 2.019843037902060989e-02 4.099678299362916880e-04 4.884533738116910717e-01 -2.019813514414312700e-02 9.997957433779505187e-01 -7.119410300476288877e-04 -8.891874700593882519e-02 -4.242641826215852148e-04 7.035151421201887075e-04 9.999996625331171174e-01 -1.301762007701248551e-02
9.997038326673509667e-01 2.433204270748331316e-02 4.456993272782921707e-04 6.062607589099594518e-01 -2.433184543345898870e-02 9.997038387493654144e-01 -4.428177786186656621e-04 -8.541182406517072723e-02 -4.563419895091007155e-04 4.318419433171905562e-04 9.999998026322428624e-01 -9.598441475106977289e-03
9.996209180406758765e-01 2.752663623957792016e-02 5.518268300586321243e-04 6.977646002246506995e-01 -2.752626195875486348e-02 9.996208529294318135e-01 -6.747527052577981591e-04 -8.579589435777174034e-02 -5.701912788018570922e-04 6.593071888001665083e-04 9.999996200978960026e-01 -1.205620805073899862e-02
9.994955343969903483e-01 3.175361726381194932e-02 6.200896209964090180e-04 8.013461534418522270e-01 -3.175302692783264075e-02 9.994953037393963236e-01 -9.397253919689140108e-04 -1.008022042034867755e-01 -6.496163445131195252e-04 9.195616103992223242e-04 9.999993662023239915e-01 -7.268851300985057842e-03
9.993496593480327705e-01 3.604920437453152521e-02 8.445264555738793595e-04 9.071780096431580898e-01 -3.604794037770506915e-02 9.993489851303436478e-01 -1.466940175166329269e-03 -1.272008886674668438e-01 -8.968586824732646939e-04 1.435542725018492879e-03 9.999985674297680038e-01 -9.565056475064892538e-03
9.992026888503180437e-01 3.991579218598931972e-02 8.462437351918321044e-04 9.967881169483566728e-01 -3.991336846239213615e-02 9.991994691787158267e-01 -2.709946670667543172e-03 -1.401889499088111168e-01 -9.537359591409717667e-04 2.674009561960273649e-03 9.999959700221709991e-01 -5.782353412656179685e-03
9.990251318126234237e-01 4.413813625878018621e-02 7.816229089613205370e-04 1.074726326586806113e+00 -4.413572726328249263e-02 9.990214227192750762e-01 -2.869586537568010864e-03 -1.407560334911541755e-01 -9.075162321420550664e-04 2.832291573408961174e-03 9.999955772595854331e-01 3.657895460034289725e-03
9.987982472006409207e-01 4.900583884563392001e-02 6.993911374572394377e-04 1.163592366375607812e+00 -4.900374753819299045e-02 9.987948188633519742e-01 -2.746368317801647311e-03 -1.412660481327245310e-01 -8.331363276441794202e-04 2.708795075257253940e-03 9.999959841484863388e-01 7.846859487093776203e-03
9.985559316644173622e-01 5.371139584761264879e-02 1.066439828835230672e-03 1.274643120845740718e+00 -5.370941291450658656e-02 9.985549704549733230e-01 -1.808298660716637501e-03 -1.408096732032260712e-01 -1.162025036951029600e-03 1.748409496764032935e-03 9.999977963785945390e-01 6.928719864397247206e-03
9.982978443617590569e-01 5.829917065273850646e-02 1.618840284900653062e-03 1.407819731527496510e+00 -5.829759374648579157e-02 9.982987433206365058e-01 -1.004812324616625356e-03 -1.417794717061912346e-01 -1.674665947239942611e-03 9.087274843833215545e-04 9.999981848525147932e-01 1.201638583221294708e-03
9.979910473102217017e-01 6.332544069268472575e-02 1.938568988757930021e-03 1.516678926479898104e+00 -6.332475733916831384e-02 9.979928884587153659e-01 -4.119390312674113498e-04 -1.384860244129912377e-01 -1.960764285260544176e-03 2.883520544441892488e-04 9.999980361263267614e-01 6.244816693269926097e-03
9.976219080615137402e-01 6.873270230070617492e-02 5.132659169192740033e-03 1.633233412431161824e+00 -6.874379586363120465e-02 9.976323082263155451e-01 2.016956443049461572e-03 -1.671706173090523884e-01 -4.981875747547106874e-03 -2.364998409356548325e-03 9.999847937326645786e-01 2.397016087111931634e-02
9.971057185110332455e-01 7.562441458550929474e-02 7.818825435770905205e-03 1.763101530858291133e+00 -7.564343741809849420e-02 9.971325780898137037e-01 2.166122696408911801e-03 -1.777601365655624155e-01 -7.632593803568145201e-03 -2.751296160119637464e-03 9.999670863989819081e-01 1.628014379630823849e-03
9.964939942500831149e-01 8.298459865276114344e-02 1.064311091530286031e-02 1.925511307795473082e+00 -8.301908488951462162e-02 9.965439116273707709e-01 2.839672961189005675e-03 -1.997404608655933556e-01 -1.037067826243051084e-02 -3.713298380025241603e-03 9.999393283832365142e-01 6.638569561310016243e-03
9.957375503435489383e-01 9.142928620208409796e-02 1.214151804370608087e-02 2.094201111393734660e+00 -9.147995298005923148e-02 9.958001028999847737e-01 3.684191518613407282e-03 -2.123713767153947718e-01 -1.175368191650594252e-02 -4.779193337485367066e-03 9.999195018962518944e-01 8.052674516052203690e-04
9.948773816867780839e-01 1.003053448841800810e-01 1.256316822010209409e-02 2.258349631883312281e+00 -1.003746122051883682e-01 9.949371101355717339e-01 5.008402912640466144e-03 -2.265439114098290185e-01 -1.199719270158409838e-02 -6.243769914321475011e-03 9.999085371695443092e-01 -1.301824090468533049e-02
9.937668592744355323e-01 1.107558597664474176e-01 1.267157982334122385e-02 2.435505237786467880e+00 -1.108339265605896573e-01 9.938229838969907526e-01 5.631820420034431771e-03 -2.619170720691532117e-01 -1.196955015805073116e-02 -7.001157438362099264e-03 9.999038522095697878e-01 -9.151344792478047219e-03
9.922797812480137480e-01 1.231681692937978412e-01 1.450647438933234772e-02 2.619404184847652139e+00 -1.232693042921716442e-01 9.923532980007904181e-01 6.293692578954225743e-03 -2.868641675552958681e-01 -1.362036510957020420e-02 -8.033306901192150892e-03 9.998749680007562590e-01 4.129966779905161825e-03
9.905688112620023578e-01 1.359320729324311194e-01 1.720179360636039587e-02 2.830251729274297467e+00 -1.360748449977513819e-01 9.906708059669897537e-01 7.415575739815647750e-03 -3.256396203118859245e-01 -1.603330015379027598e-02 -9.686369444081330965e-03 9.998245383731944047e-01 -6.000607882199755772e-03
9.886849289922526873e-01 1.489198683639051946e-01 1.802731233604685027e-02 3.043892965864412936e+00 -1.490880731869392295e-01 9.887885010005579289e-01 8.369392001540243431e-03 -3.689560018788487494e-01 -1.657883038667333844e-02 -1.096234899767150814e-02 9.998024651337198421e-01 -6.940565024937857437e-03
9.863872133210749293e-01 1.631514512416755436e-01 2.053945847434699920e-02 3.243225797993996018e+00 -1.633819082985659421e-01 9.865113905014138984e-01 1.008109377428424193e-02 -4.132668003823682934e-01 -1.861766466029620912e-02 -1.329963791620263590e-02 9.997382168317336948e-01 -3.068837883675982689e-03
9.835778023819898852e-01 1.788292359870432002e-01 2.438874776830014454e-02 3.454138018029275781e+00 -1.790733474204584397e-01 9.838015162712555606e-01 8.204439408647942744e-03 -4.681676626202506686e-01 -2.252649340326038155e-02 -1.243707918559687833e-02 9.996688832589939455e-01 -2.396884305675636359e-02
9.804705778091609147e-01 1.948117684031386854e-01 2.694106423681030815e-02 3.717924801820668090e+00 -1.950288933616973752e-01 9.807811899110311371e-01 5.655817431068297860e-03 -5.291863986342724147e-01 -2.532146924413662681e-02 -1.079964852871417337e-02 9.996210235819245060e-01 -2.509621209439510600e-02
9.769803400897064671e-01 2.112340966900099204e-01 2.982568479946377457e-02 3.953773451785302928e+00 -2.114471347585906713e-01 9.773806541080271026e-01 4.143208629496448678e-03 -6.071541763536556502e-01 -2.827586038626981116e-02 -1.035438896896751296e-02 9.995465283559817893e-01 -3.188272920954167422e-02
9.728636617596851943e-01 2.292650720465322922e-01 3.120612707522585696e-02 4.186668430883198511e+00 -2.294175761287395865e-01 9.733271574911631641e-01 1.349167664333032670e-03 -6.853735960809128613e-01 -3.006445394067144491e-02 -8.471790228214544360e-03 9.995120596468950458e-01 -4.356440957755632754e-02
9.679756777495323039e-01 2.490875103901797893e-01 3.128097589519194394e-02 4.436401979231370696e+00 -2.492190894292738435e-01 9.684470787728741703e-01 3.179313292020198405e-04 -7.664794485361950960e-01 -3.021477700359736021e-02 -8.103566122920935130e-03 9.995105799673730251e-01 -3.353947099228855172e-02
9.624586190047895728e-01 2.695492808365485549e-01 3.188403838745723640e-02 4.714233235876643668e+00 -2.698264311514699254e-01 9.628977301390215793e-01 4.653852724465890912e-03 -8.507736126203421234e-01 -2.944662553594900797e-02 -1.308229695502517026e-02 9.994807400600204117e-01 -1.120962802394894625e-02
9.566038887086533160e-01 2.896181434339221150e-01 3.209877102585903530e-02 5.028552859470647896e+00 -2.900317566257698543e-01 9.569748999225333730e-01 8.978923478208004211e-03 -9.279925947545791809e-01 -2.811725904231390794e-02 -1.789893606182946240e-02 9.994443695533042904e-01 -4.078722677081460246e-02
9.496763892767152715e-01 3.114595887216564662e-01 3.328183053375296380e-02 5.311430648438234314e+00 -3.119489868624979456e-01 9.500401609363980926e-01 1.056040735028704325e-02 -1.042287667250034744e+00 -2.832993550649103021e-02 -2.041120283764546670e-02 9.993902128562789366e-01 -7.293708468421399027e-02
9.412277838032065969e-01 3.358264780894874013e-01 3.620546382682029996e-02 5.576815527006682593e+00 -3.363505025160943296e-01 9.416906600223974300e-01 9.329538238963722141e-03 -1.177245323472850158e+00 -3.096124115850305836e-02 -2.095894655254637931e-02 9.993008176246692686e-01 -8.066729719466442239e-02
9.322848329735874406e-01 3.595962610826656802e-01 3.918570176451459386e-02 5.877882521532177051e+00 -3.601210927738184853e-01 9.328790533699043985e-01 7.033514275367814747e-03 -1.310305585603199985e+00 -3.402629493202194433e-02 -2.066883642197456933e-02 9.992071909539886887e-01 -7.367728976365792160e-02
9.231046781056810868e-01 3.825749220300170284e-01 3.891249533418914691e-02 6.184602771568927793e+00 -3.830643577352531026e-01 9.237039532032040867e-01 5.718799668714163141e-03 -1.444048706901772672e+00 -3.375575643182814750e-02 -2.018504076040646480e-02 9.992262571796318715e-01 -7.397348811084857034e-02
9.128431722938638027e-01 4.065325471916402256e-01 3.806088373057190527e-02 6.474584314568962107e+00 -4.070850201248880085e-01 9.133573168739564929e-01 7.758743630676642224e-03 -1.597861128351448778e+00 -3.160900483082088736e-02 -2.257653176827256053e-02 9.992453007279650246e-01 -8.746413603073084631e-02
9.011048999159536610e-01 4.319668964302783021e-01 3.761063328172509213e-02 6.789225271741555545e+00 -4.325682601624594170e-01 9.015537009424721138e-01 9.253357064035076102e-03 -1.773253517888612629e+00 -2.991086169741694403e-02 -2.460741159335802161e-02 9.992496262932466511e-01 -9.764581036116033730e-02
8.881820812795985232e-01 4.580036017069406551e-01 3.694984867777775100e-02 7.124178860022272630e+00 -4.586127750831157091e-01 8.885836490488805417e-01 9.665462924222222724e-03 -1.958490384595063638e+00 -2.840621453844503069e-02 -2.553036361758333553e-02 9.992703775801371480e-01 -1.182097238955689550e-01
8.739500811490418242e-01 4.847111138838288702e-01 3.558639820326194719e-02 7.449581242729263586e+00 -4.852916792990775163e-01 8.743009418257798870e-01 9.478877867955025696e-03 -2.157543610485989749e+00 -2.651870401555390944e-02 -2.555384902616781445e-02 9.993216494889336499e-01 -1.233763628255565292e-01
8.584350045200892509e-01 5.116082613738656137e-01 3.669236853358740641e-02 7.763002819127139631e+00 -5.122996457517637880e-01 8.587201144185693247e-01 1.219992031025353245e-02 -2.359906703295028052e+00 -2.526689488662197183e-02 -2.927032604822721318e-02 9.992521363679033319e-01 -1.024960968037111064e-01
8.420371270727371460e-01 5.380427985287807857e-01 3.851523831432124984e-02 8.102581055051889081e+00 -5.388715453173364978e-01 8.422524043636094859e-01 1.511108834679478381e-02 -2.571029746302357033e+00 -2.430913981194936929e-02 -3.347886340718117526e-02 9.991437491305074081e-01 -1.278682441452230201e-01
8.252281361322241215e-01 5.634682919453661842e-01 3.875573903187559677e-02 8.445675008485007851e+00 -5.643254107320019308e-01 8.254029719215709715e-01 1.570874741014257475e-02 -2.829823857988627012e+00 -2.313772110413271632e-02 -3.483414869362933680e-02 9.991252313633649518e-01 -1.740013172741101399e-01
8.080697088476651579e-01 5.879000828327173300e-01 3.737429929957143682e-02 8.794471667143501037e+00 -5.886403284963007687e-01 8.083002859597038237e-01 1.237785866893991414e-02 -3.147882401593331991e+00 -2.293271267462570345e-02 -3.200219246778661375e-02 9.992246746185953210e-01 -2.039703373420733157e-01
7.910611907080544736e-01 6.107847053320875075e-01 3.412090690398152104e-02 9.133355965619525563e+00 -6.112200366522347883e-01 7.914548561246375069e-01 3.045900781405586760e-03 -3.446653476204779576e+00 -2.514476785329125899e-02 -2.326487586737636601e-02 9.994130708573305544e-01 -2.120265593890902633e-01
7.755100300495775256e-01 6.305601866196963723e-01 3.127370049477704722e-02 9.476440467954486024e+00 -6.306160544316632421e-01 7.760393857552241315e-01 -9.287822656359294438e-03 -3.742208704963553068e+00 -3.012615450974419351e-02 -1.251889798616550795e-02 9.994677043344957212e-01 -1.830379521722370617e-01
7.627404746357012710e-01 6.459476916641413435e-01 3.128175164968569066e-02 9.837765108492163790e+00 -6.457701007375511448e-01 7.633462166952651451e-01 -1.683836246308294954e-02 -4.054895225038007922e+00 -3.475550813782099513e-02 -7.357519336884725709e-03 9.993687615506546829e-01 -1.320911598585186864e-01
7.527142186883817310e-01 6.574655433648002312e-01 3.406412001456865513e-02 1.020426977956007697e+01 -6.575893691286416320e-01 7.533226929628564772e-01 -9.007878561853505106e-03 -4.368676148833112727e+00 -3.158364439601794860e-02 -1.561984491657715524e-02 9.993790541388427595e-01 -1.232713783834105542e-01
7.453809155257585806e-01 6.657041382254856865e-01 3.528868259719283168e-02 1.057860708762325430e+01 -6.663226751654657276e-01 7.456129021403784529e-01 8.688654794606037735e-03 -4.689554755557413301e+00 -2.052762359162167011e-02 -2.999000685671725924e-02 9.993393898763396344e-01 -2.051370675688952705e-01
7.387380336017814741e-01 6.732371457773017598e-01 3.190396927978363800e-02 1.095320763528046193e+01 -6.739368512849214232e-01 7.384580132171809641e-01 2.211070318871775214e-02 -5.055249417701008774e+00 -8.673995062189574987e-03 -3.783527799509424361e-02 9.992463427747408922e-01 -3.143237716830756812e-01
7.304236112510937851e-01 6.826064028434981612e-01 2.301840402745056885e-02 1.131482443244171066e+01 -6.829908220997200630e-01 7.301139123553039845e-01 2.138251418285733174e-02 -5.460707466004284250e+00 -2.210215930546695004e-03 -3.133965191720235188e-02 9.995063487358392118e-01 -3.272605416462115446e-01
7.201259323018299741e-01 6.937062364538999493e-01 1.379489512052046486e-02 1.170663423897375743e+01 -6.938408536187767872e-01 7.200346595877755718e-01 1.161717874027029529e-02 -5.874039804754501937e+00 -1.873893270027857452e-03 -1.793729347705756011e-02 9.998373577871205731e-01 -2.278338441031548811e-01
7.088968369343293663e-01 7.051719465988057767e-01 1.406414997623539956e-02 1.213269604254867851e+01 -7.052784853924767283e-01 7.089169425637231736e-01 4.361947798519713593e-03 -6.290332364515442976e+00 -6.894390980865937324e-03 -1.301131339081522398e-02 9.998915806710489962e-01 -1.461577490831264259e-01
6.982438079529906805e-01 7.155402508400997563e-01 2.139472091415035859e-02 1.260566108651302208e+01 -7.157378338188996603e-01 6.983649541681881123e-01 2.396670585189679750e-03 -6.715741444878487343e+00 -1.322640901894408215e-02 -1.698647159806564860e-02 9.997682340858363714e-01 -1.959856947559125151e-01
6.900043439103352716e-01 7.232275400127586851e-01 2.891246706805460087e-02 1.303277599017009436e+01 -7.236364768374657919e-01 6.901554028056835488e-01 5.980749817928048689e-03 -7.163680303373132219e+00 -1.562865237720742484e-02 -2.504885916001758570e-02 9.995640549157687182e-01 -3.063112537295881732e-01
6.833690550161710675e-01 7.294676705421329066e-01 2.972628937724408615e-02 1.344750537830827319e+01 -7.299487531917027150e-01 6.834375214366144036e-01 9.379339340060448976e-03 -7.634732214275262940e+00 -1.347413671387318219e-02 -2.810821812942817730e-02 9.995140697926189199e-01 -3.307514989657261428e-01
6.766448175224732964e-01 7.358749368184727135e-01 2.529561784949259373e-02 1.386983163111877992e+01 -7.362318302479637921e-01 6.766732188720134822e-01 8.720492596268829277e-03 -8.114927955951284133e+00 -1.069967521526722642e-02 -2.452411514809339776e-02 9.996419782734671244e-01 -2.779343296951764519e-01
6.712691552240057646e-01 7.409857112058612083e-01 1.838197578047110620e-02 1.433355049017013272e+01 -7.411408394461497240e-01 6.713444233297203301e-01 2.630849509507374000e-03 -8.605640513589767338e+00 -1.039121503512335093e-02 -1.538964108838565201e-02 9.998275759336029411e-01 -2.460281881942847360e-01
6.684236309399799181e-01 7.435998247013931861e-01 1.640580095791942597e-02 1.478964611550410879e+01 -7.436895182315951258e-01 6.685245362577512118e-01 -9.191810576887346831e-04 -9.108289257750707080e+00 -1.165118335069623839e-02 -1.158641987052698094e-02 9.998649932871499502e-01 -2.558624423169943984e-01
6.667333641145020140e-01 7.450444521894229455e-01 1.937486614977570673e-02 1.524622518157898554e+01 -7.451846328757133486e-01 6.668582026033921251e-01 2.337652211498002230e-05 -9.628679112337476198e+00 -1.290287186820748486e-02 -1.445343842606770790e-02 9.998122893899716868e-01 -2.827615534501539130e-01
6.649264582473093377e-01 7.465661260161087220e-01 2.262354101348840532e-02 1.571352813453068364e+01 -7.468022542585668333e-01 6.650382055354810973e-01 3.252416404787123252e-03 -1.016822160239049566e+01 -1.261737520295553097e-02 -1.905792914896482781e-02 9.997387644677687701e-01 -3.182572081388016505e-01
6.627764435305081303e-01 7.484767760588122432e-01 2.258100090026790574e-02 1.621405617506198382e+01 -7.487098169398112013e-01 6.628908870510350493e-01 3.046618231169391858e-03 -1.072482051495054556e+01 -1.268841672573114802e-02 -1.892584384640694922e-02 9.997403745551619592e-01 -3.463244982173687703e-01
6.607340249877695637e-01 7.503698941723655480e-01 1.937963217438020899e-02 1.670973714047250169e+01 -7.504780038286942290e-01 6.608910861561432259e-01 -2.395414087704722181e-03 -1.129859201557797022e+01 -1.460527277252266290e-02 -1.296125607748165043e-02 9.998093277461128636e-01 -3.428208924452237905e-01
6.593243869471139273e-01 7.516859019093043992e-01 1.611389610268547379e-02 1.719921063917159643e+01 -7.516871219882562682e-01 6.594803153238961713e-01 -7.223872736055620206e-03 -1.188807769500196798e+01 -1.605688057577552008e-02 -7.349732722361577986e-03 9.998440668499689599e-01 -3.139099895223760872e-01
6.584758389264825373e-01 7.524242601279974574e-01 1.634938289051588584e-02 1.771434428817817519e+01 -7.524290167914279293e-01 6.586348114836497736e-01 -7.124590667695544777e-03 -1.246539010454114482e+01 -1.612898757982459547e-02 -7.610379276538853030e-03 9.998409562960086649e-01 -3.193535742848331860e-01
6.578236637758457794e-01 7.529794974346415426e-01 1.702656217789924945e-02 1.825064829386890608e+01 -7.530272961487096683e-01 6.579723019660066452e-01 -4.726637337236274175e-03 -1.306094912275787756e+01 -1.476206731750769399e-02 -9.712172189010879683e-03 9.998438653509278407e-01 -3.780005496212951455e-01
6.574751075237692532e-01 7.532917185620456868e-01 1.667542300656961810e-02 1.877490138820122212e+01 -7.533511589751188398e-01 6.576082165886547592e-01 -3.669434007350387290e-03 -1.365844577059655407e+01 -1.373004943375865684e-02 -1.014988772986550984e-02 9.998542221352159087e-01 -4.013164158420270411e-01
6.573913596843785623e-01 7.534109798501771316e-01 1.443937857112160758e-02 1.929987275922864143e+01 -7.534237742197027465e-01 6.575109293086056628e-01 -5.656348669600305169e-03 -1.429155679418974145e+01 -1.375560441647474819e-02 -7.160536357684069327e-03 9.998797478028084162e-01 -3.956810528128590354e-01
6.577457277971299199e-01 7.531207483983489714e-01 1.340506980716149425e-02 1.986528121352855436e+01 -7.531023292054480622e-01 6.578616159768886362e-01 -7.414578181255137429e-03 -1.491955305391452491e+01 -1.440275355454719540e-02 -5.218482172796563498e-03 9.998826571822611031e-01 -3.710297603130668920e-01
6.578946816479283033e-01 7.529633538558445638e-01 1.485851976239001108e-02 2.042598426327593231e+01 -7.529614985151747986e-01 6.580286827831536289e-01 -6.872727875463554431e-03 -1.554647916832771237e+01 -1.495224441860054827e-02 -6.666362188325582888e-03 9.998659860211369654e-01 -3.758661239206189664e-01
6.580466714536089556e-01 7.527938511505830599e-01 1.661312308688672745e-02 2.098153652421546056e+01 -7.528283201504107902e-01 6.581950979167547899e-01 -5.360359863313644835e-03 -1.617996623376669518e+01 -1.496992212193340270e-02 -8.979462580105873615e-03 9.998476237324543936e-01 -4.191340715878087986e-01
6.581164122947772421e-01 7.526982250581620848e-01 1.811545921425212688e-02 2.154991543239008678e+01 -7.527593785495220180e-01 6.582798968667724626e-01 -4.571147209280994675e-03 -1.684022649853604037e+01 -1.536573701415748852e-02 -1.062823481881634835e-02 9.998254521418464824e-01 -4.492657134533360463e-01
6.580754491324882771e-01 7.527171696871776119e-01 1.880334297933612675e-02 2.213363719106418515e+01 -7.527632617041540852e-01 6.582644221702415033e-01 -5.951666439022945156e-03 -1.750024439998735204e+01 -1.685749321806507411e-02 -1.023782022712018541e-02 9.998054870620585177e-01 -4.478429366789540844e-01
6.579545733401956920e-01 7.528397258793219082e-01 1.811426395602547951e-02 2.271301347829332684e+01 -7.528338596200015997e-01 6.581550957954450665e-01 -8.546911029152890957e-03 -1.815511313503717616e+01 -1.835644928554434202e-02 -8.013552048627236093e-03 9.997993917547615128e-01 -4.518284384020916367e-01
6.574710600890723011e-01 7.532632277609938587e-01 1.806418690228397961e-02 2.327931631236094390e+01 -7.532388684301329906e-01 6.576781442861137084e-01 -9.521849319669938722e-03 -1.879521562552481839e+01 -1.905287987272005074e-02 -7.346307335175009980e-03 9.997914880299255680e-01 -4.684141055652445429e-01
6.575682094655781462e-01 7.531333993348614531e-01 1.985277578953954791e-02 2.384988997226976437e+01 -7.531642096314750123e-01 6.577907073084108269e-01 -7.420155584367866056e-03 -1.945003740102695033e+01 -1.864733842748503984e-02 -1.007314176495064696e-02 9.997753790649948069e-01 -4.784254289592331233e-01
6.580303151196700284e-01 7.527430148597195059e-01 1.934057815598947544e-02 2.443071870459628769e+01 -7.527927571756795055e-01 6.582296492915271635e-01 -6.065767667134389085e-03 -2.011397950333014961e+01 -1.729650621790967263e-02 -1.056798814597189121e-02 9.997945531453952261e-01 -5.041836452001279278e-01
6.580781812493093907e-01 7.527194427905278262e-01 1.861579460346196938e-02 2.501342043892923428e+01 -7.527721038705822432e-01 6.582587434068325472e-01 -5.439334767704940080e-03 -2.077747649626065751e+01 -1.634830259869258021e-02 -1.043394333773329553e-02 9.998119152263422738e-01 -5.083133765214563615e-01
6.579627673645176422e-01 7.528394658088682911e-01 1.782513625876426533e-02 2.560183885768525869e+01 -7.528565685648825889e-01 6.581461635902445817e-01 -7.114388248707656168e-03 -2.144651671547783423e+01 -1.708753729289302914e-02 -8.738768337749438717e-03 9.998158080352615995e-01 -5.186240071773533522e-01
6.576557462994636616e-01 7.531000405948050647e-01 1.814519813610398005e-02 2.619025011691763893e+01 -7.531130674758305110e-01 6.578481850835568023e-01 -7.514850591708030665e-03 -2.210951494448317334e+01 -1.759621994749675442e-02 -8.723201154019276371e-03 9.998071208014003286e-01 -5.361300226985178385e-01
6.576954651884201475e-01 7.530426315340110754e-01 1.906489346729629483e-02 2.678836265836941521e+01 -7.530962410434600685e-01 6.578859092644946394e-01 -5.672928471237896619e-03 -2.279708874481660885e+01 -1.681448175824814747e-02 -1.062664027624341326e-02 9.998021542883576140e-01 -5.471594791084791742e-01
6.581787800419283130e-01 7.525787818375057059e-01 2.063663321607782375e-02 2.738545287717116139e+01 -7.526788229200264135e-01 6.583757635405778075e-01 -3.992932516918889889e-03 -2.349116856017944244e+01 -1.659165544008427140e-02 -1.290469334533434972e-02 9.997790685243517217e-01 -5.545169714716704501e-01
6.585048193289784191e-01 7.522473665617447347e-01 2.225539083973969434e-02 2.798924267008790068e+01 -7.523627078274902624e-01 6.587346779509417605e-01 -4.356596763039291380e-03 -2.419498547068753780e+01 -1.793763615965599661e-02 -1.387528615161127271e-02 9.997428257523105488e-01 -5.690983433053589113e-01
6.584486926894452807e-01 7.521845511088823821e-01 2.576276710079020496e-02 2.860889082112077375e+01 -7.523120739730714268e-01 6.587766364484903825e-01 -6.315585796216735201e-03 -2.489246341380675887e+01 -2.172239512338131409e-02 -1.522315153779375645e-02 9.996481346990855332e-01 -5.917739176219415365e-01
6.585388157078080340e-01 7.520062678582987159e-01 2.851668473000081722e-02 2.923697155948638482e+01 -7.521248079163881384e-01 6.589656392034548560e-01 -8.518196165767280559e-03 -2.559070533098073241e+01 -2.519725228857191274e-02 -1.583854320999288773e-02 9.995570213980247143e-01 -5.945016871843837869e-01
6.588631255386636631e-01 7.517470390882202702e-01 2.785266643459655134e-02 2.984236574105299411e+01 -7.518336282362848566e-01 6.592862520094119327e-01 -9.371945606218252262e-03 -2.627586846612001992e+01 -2.540821242210393460e-02 -1.476574188708641364e-02 9.995681045371731521e-01 -5.810811938119992970e-01
6.594428894197919000e-01 7.513168508061977002e-01 2.565278324731334186e-02 3.044343409343997209e+01 -7.514125345855034999e-01 6.597882872808658039e-01 -7.656293801246590557e-03 -2.697075517018647162e+01 -2.267770847033175746e-02 -1.422693437249537146e-02 9.996415937109136562e-01 -6.120589383115745408e-01
6.601463963376429378e-01 7.507289390469255030e-01 2.475470621723069309e-02 3.105599713552919638e+01 -7.508633888795256395e-01 6.604368854229654140e-01 -5.224137552465304632e-03 -2.768484321654324276e+01 -2.027083231586583600e-02 -1.513870702175477458e-02 9.996799052231326588e-01 -6.607898798468962998e-01
6.607231202535717163e-01 7.502004451374363336e-01 2.538208970862007238e-02 3.168475887432849447e+01 -7.503510626503210323e-01 6.610214170589827631e-01 -4.895811359547124625e-03 -2.839585021650993113e+01 -2.045094476835143324e-02 -1.581070222749599366e-02 9.996658344432679533e-01 -6.815460901489325263e-01
6.615078117402911628e-01 7.494965388639821535e-01 2.573622422739336307e-02 3.231769080601101507e+01 -7.496125432241190767e-01 6.618423676795710531e-01 -6.761315357786542093e-03 -2.908592470807962727e+01 -2.210090603661925973e-02 -1.481953356926713448e-02 9.996459029962309062e-01 -6.748578337000099570e-01
6.620107973326944117e-01 7.490425434456581266e-01 2.601869180780482654e-02 3.292656869780932993e+01 -7.491216463957123262e-01 6.623773915848996108e-01 -8.541078302061719946e-03 -2.978643797565646167e+01 -2.363182422724999232e-02 -1.383687918729652883e-02 9.996249685047130518e-01 -6.763145849006044763e-01
6.629788317836945444e-01 7.482260659604725861e-01 2.483591802293849682e-02 3.353663100925398766e+01 -7.482673289315099341e-01 6.633297268063756968e-01 -9.469846286107247782e-03 -3.049250315181467386e+01 -2.355998854904575723e-02 -1.230559841265159264e-02 9.996466871786627850e-01 -6.914027358153448377e-01
6.636483663829106927e-01 7.476887323750490699e-01 2.307390900316317814e-02 3.414584723665591071e+01 -7.477317245594424788e-01 6.639472179710536048e-01 -8.447475117465137739e-03 -3.121695608180084136e+01 -2.163593965271471894e-02 -1.164694070949682733e-02 9.996980718634269625e-01 -7.038205569014271967e-01
6.641029298009115678e-01 7.473170213546769247e-01 2.201291038047439169e-02 3.475415693457212996e+01 -7.473775274796314871e-01 6.643627690381915807e-01 -6.995894105785379485e-03 -3.192246276419670892e+01 -1.985270883980978784e-02 -1.180596076056066382e-02 9.997332090324106968e-01 -7.221790299146293446e-01
6.643298216228308295e-01 7.471166353349670830e-01 2.196864375275871598e-02 3.536436472355246252e+01 -7.471665558532690765e-01 6.645945887491312432e-01 -7.494692771343397855e-03 -3.260921433999432395e+01 -2.019965140643622745e-02 -1.143528797761169009e-02 9.997305678391190664e-01 -7.537673470764243433e-01
6.640818536422717910e-01 7.473457667874616739e-01 2.167017600079535269e-02 3.600407459168823721e+01 -7.473390130148493959e-01 6.643670343072477502e-01 -1.004207905680264482e-02 -3.329758340353253487e+01 -2.190185583541098477e-02 -9.526205469828737810e-03 9.997147393733432086e-01 -7.519511975632365841e-01
6.635810041902927559e-01 7.477680209524549815e-01 2.243296054138867526e-02 3.663428208721976631e+01 -7.477058349413464589e-01 6.639079355131947136e-01 -1.273725077367740544e-02 -3.399388861725771704e+01 -2.441792932389019385e-02 -8.321057832784865133e-03 9.996672069864435128e-01 -7.467808560056232725e-01
6.637816490875236841e-01 7.475681686357127376e-01 2.314639447719830240e-02 3.725022522221483712e+01 -7.474941066945770540e-01 6.641322873934163429e-01 -1.344861697220238808e-02 -3.466772936110006498e+01 -2.542602586964454875e-02 -8.374848311178673815e-03 9.996416253459241563e-01 -7.522381831959148446e-01
6.638443994411555860e-01 7.475227477707580004e-01 2.281128878137528640e-02 3.784229704337332123e+01 -7.474640115959505504e-01 6.641804689418608909e-01 -1.272226572032662643e-02 -3.532011359241455040e+01 -2.466099550911033181e-02 -8.605012575559440810e-03 9.996588363332132854e-01 -7.765327391440217664e-01
6.635530709469870114e-01 7.477835765984728322e-01 2.273861487467555842e-02 3.842820724798851728e+01 -7.477567762137526941e-01 6.638752564880794349e-01 -1.137749749736107971e-02 -3.598933032508953289e+01 -2.360350955342573748e-02 -9.453379950187881103e-03 9.996767017112475617e-01 -8.091571814140179342e-01
6.626166571084524115e-01 7.485743062888116084e-01 2.399320084198779818e-02 3.900865539230527190e+01 -7.486261597332469764e-01 6.629370488051794519e-01 -8.564011007119591221e-03 -3.665204109921836562e+01 -2.231678035628163054e-02 -1.228728146106825882e-02 9.996754393446034559e-01 -8.251538906039809218e-01
6.613222417515277618e-01 7.496323508426419036e-01 2.653735357695074376e-02 3.956921853780185216e+01 -7.497673287143766796e-01 6.616700203784490197e-01 -6.460412130103359088e-03 -3.728057430151721263e+01 -2.240190521455280581e-02 -1.562442647002055228e-02 9.996269463856209958e-01 -8.107870636211335080e-01
6.605744451415589413e-01 7.502670786512987133e-01 2.721604523011077886e-02 4.013289267528369919e+01 -7.504099035842836107e-01 6.609397577756117581e-01 -6.604028629681914751e-03 -3.789579054575139594e+01 -2.294295160932049993e-02 -1.606073732932183223e-02 9.996077599178043727e-01 -8.110907540963296913e-01
6.592192063826998183e-01 7.514341138673333864e-01 2.787131953422734496e-02 4.067698177897673162e+01 -7.514889032991812767e-01 6.596605295087037968e-01 -1.060254811309303824e-02 -3.853842733908868468e+01 -2.635272574815252303e-02 -1.395558399752996545e-02 9.995552888764736021e-01 -8.398045423513430530e-01
6.574958818448842779e-01 7.528948762437670528e-01 2.912852009458955296e-02 4.123498782923131500e+01 -7.528011737015669613e-01 6.580455600723913445e-01 -1.632279824528617626e-02 -3.917356321988973633e+01 -3.145724448456079653e-02 -1.119581148893612071e-02 9.994423923241112506e-01 -8.410123051714549769e-01
6.553593820350729349e-01 7.546614364187987922e-01 3.146739202607619357e-02 4.178531586459491365e+01 -7.545225515899524060e-01 6.560120465167078585e-01 -1.854491755571969352e-02 -3.977827460086224676e+01 -3.463812236243740683e-02 -1.158927121418849501e-02 9.993327220060037597e-01 -8.230293186466205446e-01
6.532915476061555982e-01 7.565974665717341008e-01 2.775657406071400587e-02 4.228023934296382436e+01 -7.564492275502547880e-01 6.538128826121583081e-01 -1.769973641055494484e-02 -4.034815982836068571e+01 -3.153918142528663177e-02 -9.433350815796083533e-03 9.994579990812064718e-01 -8.285663289083274874e-01
6.505757324454329860e-01 7.591106803210683207e-01 2.240962685038298124e-02 4.274523438953362131e+01 -7.590526301374560525e-01 6.509035928540438665e-01 -1.279130529333924980e-02 -4.091067075158298394e+01 -2.429652309485397232e-02 -8.688373391034830487e-03 9.996670401355238766e-01 -8.448489575633875148e-01
6.466592547649052669e-01 7.625219904157432005e-01 1.979955452303613223e-02 4.321235636293248916e+01 -7.624977766714398086e-01 6.469078242829656711e-01 -1.036375668329625986e-02 -4.148915794349566255e+01 -2.071107911260078316e-02 -8.395297129514837572e-03 9.997502539074940575e-01 -8.649475098052695765e-01
6.417740736155010950e-01 7.664966465583512578e-01 2.467649184481764124e-02 4.368489633069102496e+01 -7.664771616093112305e-01 6.421537633496190445e-01 -1.230060759699859972e-02 -4.206374886787285305e+01 -2.527447657814543835e-02 -1.101975638221956884e-02 9.996198106295098862e-01 -8.906338394367057099e-01
6.349736102469486498e-01 7.718482822524600495e-01 3.253833852370208168e-02 4.416128079411300433e+01 -7.717963125133050495e-01 6.356444750655804166e-01 -1.692788555808195233e-02 -4.261562526508698312e+01 -3.374857450057654196e-02 -1.436420908124039914e-02 9.993271252280954142e-01 -8.945074165383847253e-01
6.257672358984117666e-01 7.792563336454543244e-01 3.427729495607907684e-02 4.459899208265907333e+01 -7.790951096645983842e-01 6.265571911079603762e-01 -2.090206610865440531e-02 -4.314730008491196855e+01 -3.776475304790490040e-02 -1.362544473943365711e-02 9.991937603302391002e-01 -9.033823920872638968e-01
6.143564710069691071e-01 7.883878422697883082e-01 3.179208538380016297e-02 4.500028736664077655e+01 -7.882829189011935078e-01 6.150287628330963763e-01 -1.869921540080139721e-02 -4.367438700251163652e+01 -3.429528102345858614e-02 -1.357317388006244047e-02 9.993195698325654242e-01 -8.984955952067544827e-01
6.006024345201035342e-01 7.990806976447558663e-01 2.732680552305850538e-02 4.539137347639322684e+01 -7.990842974895925321e-01 6.010671744053217580e-01 -1.351063869573881394e-02 -4.420464521771880584e+01 -2.722133637588572061e-02 -1.372189870144567732e-02 9.995352461729091198e-01 -9.145377065023435614e-01
5.850004213458691593e-01 8.106384333555326505e-01 2.529500725525212282e-02 4.576170676741032395e+01 -8.107118320595968486e-01 5.853619109762451256e-01 -9.887291682293424325e-03 -4.475605303092393683e+01 -2.282175242455589462e-02 -1.472289187375507881e-02 9.996311340045116456e-01 -9.330191539777376031e-01
5.670577797990958846e-01 8.232139325302864075e-01 2.764589765844890565e-02 4.614646984286535769e+01 -8.233127981027817954e-01 5.674863877421244540e-01 -1.073481287975784973e-02 -4.529185837758608102e+01 -2.452571812380385449e-02 -1.667396219908647698e-02 9.995601373279624502e-01 -9.556356126951652818e-01
5.471900882797644527e-01 8.364589593916934573e-01 3.032188222635671254e-02 4.647580543610990844e+01 -8.365217988769962920e-01 5.477480847869755642e-01 -1.425887849006902269e-02 -4.581885727629345695e+01 -2.853571958051886320e-02 -1.756259848557702868e-02 9.994384762667767319e-01 -9.561807127804228257e-01
5.249469909937716228e-01 8.505428839894108028e-01 3.174049687010097737e-02 4.676704305609330703e+01 -8.505794888885388483e-01 5.255865400520836062e-01 -1.653245287885840575e-02 -4.635413607110778145e+01 -3.074393808049362409e-02 -1.831915421233571567e-02 9.993594042486654283e-01 -9.611940480281240262e-01
4.997861497808238074e-01 8.655289249212144709e-01 3.276407502107344522e-02 4.707683903485732912e+01 -8.655995589445634186e-01 5.004586788199951730e-01 -1.668874916589527593e-02 -4.689371251512054073e+01 -3.084166082164277803e-02 -2.001976319718703004e-02 9.993237718774087286e-01 -9.599041535272004877e-01
4.711291272828435073e-01 8.814257059212031731e-01 3.355697195837124142e-02 4.736774784974903696e+01 -8.815796990497517527e-01 4.717902792719257388e-01 -1.520416416207595774e-02 -4.741830333267994746e+01 -2.923319430125980584e-02 -2.242002064733794597e-02 9.993211510946407028e-01 -9.793129063144726532e-01
4.397437176235741152e-01 8.975338257780492990e-01 3.253451082798931859e-02 4.759636076923042225e+01 -8.977526054369792119e-01 4.403143975891641304e-01 -1.278634845478605724e-02 -4.793901096636216153e+01 -2.580159378243963506e-02 -2.358522545810695648e-02 9.993888206791069484e-01 -9.889778088822326341e-01
4.056379976440053214e-01 9.134978729580681689e-01 3.129618137164952990e-02 4.780921487118672530e+01 -9.137772444872532818e-01 4.060975709143636037e-01 -9.793383211948621103e-03 -4.846205819345422583e+01 -2.165553796710055490e-02 -2.462517002050395448e-02 9.994621747103873410e-01 -9.987663179591955709e-01
3.683042441425382618e-01 9.291997169950327873e-01 3.065729412300705059e-02 4.800962316077875869e+01 -9.294913523760168772e-01 3.687266561380646568e-01 -9.299403822008403542e-03 -4.899526897440121331e+01 -1.994516494785026489e-02 -2.507067987894209815e-02 9.994866939612606638e-01 -9.934532673507643352e-01
3.275103009309616731e-01 9.442287781193885454e-01 3.419089579518946875e-02 4.819753044457186064e+01 -9.446687999710541295e-01 3.279378311197219675e-01 -7.591922137458658251e-03 -4.956344771343664490e+01 -1.838099957454498307e-02 -2.981263979689348365e-02 9.993864844808445502e-01 -9.862227740277517141e-01
2.835190695434793851e-01 9.582687627455722668e-01 3.657752795460214590e-02 4.835830662615622089e+01 -9.588029205149731782e-01 2.839690920761285264e-01 -7.649467786522657839e-03 -5.013651057016784307e+01 -1.771713343511075595e-02 -3.290187063875289059e-02 9.993015411232554213e-01 -1.016114013199280519e+00
2.379455051164885981e-01 9.705522953098520977e-01 3.755234564760371457e-02 4.849241701637655666e+01 -9.711266349731765279e-01 2.384141055995493419e-01 -8.471900426812374596e-03 -5.069230435197957263e+01 -1.717543130561784148e-02 -3.445223243775253491e-02 9.992587493935297660e-01 -1.016545888385838703e+00
1.901111357346302322e-01 9.809807167675791417e-01 3.917383565411729912e-02 4.858346352862989193e+01 -9.816208323985923245e-01 1.906103212044050199e-01 -9.393979532040167349e-03 -5.123989720606843434e+01 -1.668225017148061012e-02 -3.666795304513624509e-02 9.991882524072707161e-01 -9.982164027587672184e-01
1.405851040461255641e-01 9.891174216100577787e-01 4.338841766890457613e-02 4.862572547943562995e+01 -9.899573028819566023e-01 1.410913306535455103e-01 -8.819007035593694893e-03 -5.182127270175726608e+01 -1.484476308406494638e-02 -4.171285991014214711e-02 9.990193543305829760e-01 -1.009329198016396534e+00
8.884461698391532547e-02 9.950471068268121888e-01 4.458575140751036558e-02 4.863785066783335509e+01 -9.959633732961544750e-01 8.932304974521898533e-02 -8.851657288790251016e-03 -5.240465858806150834e+01 -1.279035126673422340e-02 -4.361935327127233752e-02 9.989663452462598237e-01 -1.047168692014499802e+00
3.538115895466520389e-02 9.984916208324666753e-01 4.198400550660197350e-02 4.863459373985372025e+01 -9.992973358059576983e-01 3.586719413423300473e-02 -1.088021305178151626e-02 -5.298080149789451809e+01 -1.236965004111388773e-02 -4.156955030176430477e-02 9.990590394193775703e-01 -1.038444740941685929e+00
-1.820834134996029974e-02 9.991055286111474310e-01 3.816541633367708658e-02 4.862027225183530987e+01 -9.997602119593438363e-01 -1.772930737531441814e-02 -1.285263564407992942e-02 -5.356408554260433874e+01 -1.216449293193835185e-02 -3.839028990032768152e-02 9.991887763346212203e-01 -1.016787398983671986e+00
