1.000000000000000000e+00 0.000000000000000000e+00 0.000000000000000000e+00 0.000000000000000000e+00 0.000000000000000000e+00 1.000000000000000000e+00 0.000000000000000000e+00 0.000000000000000000e+00 0.000000000000000000e+00 0.000000000000000000e+00 1.000000000000000000e+00 0.000000000000000000e+00
9.999999805833256206e-01 -1.703520092050571789e-04 9.906331999187090154e-05 -2.743687816853359121e-03 1.703466392290662300e-04 9.999999840214635061e-01 5.421342209033343994e-05 1.763744100065001890e-03 -9.907255377436299782e-05 -5.419654593405759168e-05 9.999999936236817488e-01 -1.403806950844024458e-03
9.999999757964821434e-01 -1.837020315908616242e-04 -1.210809592135276847e-04 -5.291721062670086016e-04 1.837022485265463721e-04 9.999999831251565885e-01 1.780539140965654232e-06 1.833881008413960597e-03 1.210806300816479481e-04 -1.802781942331619597e-06 9.999999926681154561e-01 6.287188063402999842e-04
9.999999943946756842e-01 3.381276466907440562e-05 -1.003361621956461652e-04 2.344038943204193137e-04 -3.380440530433123821e-05 9.999999959580110342e-01 8.331410504513720274e-05 2.056750075510083414e-03 1.003389788703160085e-04 -8.331071277384108906e-05 9.999999914957071745e-01 -1.285308527761128616e-03
9.999999949773338281e-01 1.001995023128660327e-04 -2.322068126154601266e-06 2.232998132706230481e-03 -1.001993555486788308e-04 9.999999929880881711e-01 6.311824505458323476e-05 -3.130760679910053398e-03 2.328392526613794601e-06 -6.311801206783157134e-05 9.999999980053475568e-01 -4.544122730107655155e-03
9.999999962358059324e-01 -8.534385850706072878e-05 1.564653422532966606e-05 5.735335842269994461e-03 8.534496018286437174e-05 9.999999938784144282e-01 -7.042307085512252319e-05 1.946665476625478435e-03 -1.564052395295337377e-05 7.042440594287687654e-05 9.999999973978884737e-01 -5.466807660057469362e-03
9.999999890888687792e-01 -1.145272513350421574e-04 9.330472148592517550e-05 3.013656298671352381e-03 1.145234262583919065e-04 9.999999926016988061e-01 4.099984290585637162e-05 7.411589569044186449e-03 -9.330941639494193425e-05 -4.098915688211105169e-05 9.999999948066209399e-01 -3.214147831939729444e-03
9.999999981004842331e-01 1.580739340485712180e-05 5.957480879799078937e-05 2.624452100941321916e-03 -1.580593438468730450e-05 9.999999995751829296e-01 -2.449094688894010773e-05 -1.264315452561878611e-03 -5.957519591071473220e-05 2.449000520690032803e-05 9.999999979255178584e-01 -8.757811799901477415e-04
9.999999890045142559e-01 1.250240694590131678e-04 -7.974931635260730295e-05 4.816623247197992889e-03 -1.250326614117439419e-04 9.999999863793419541e-01 -1.077411222941342757e-04 -1.842902011282199562e-03 7.973584503281184012e-05 1.077510923787376403e-04 9.999999910159484973e-01 1.388574119837600622e-03
9.999999901330718366e-01 7.756985259018093907e-05 -1.171186327227697119e-04 3.568362091510522520e-03 -7.757516452164106341e-05 9.999999959626778567e-01 -4.535127402499616200e-05 -1.246047671938682339e-03 1.171151143582831574e-04 4.536035907472041659e-05 9.999999921132438629e-01 -3.984371954943216116e-05
9.999999989869632344e-01 -4.391711291337808309e-05 -9.867149947692960158e-06 1.954513012055209432e-03 4.391749466293339005e-05 9.999999982870892978e-01 3.869205326568181098e-05 2.752909162921702603e-04 9.865450687519294914e-06 -3.869248656699050327e-05 9.999999992027821527e-01 -2.989640245245154919e-03
9.999999944990997092e-01 -6.413492128267831219e-05 8.299706288245514815e-05 -8.392727640347722546e-05 6.413979639205076610e-05 9.999999962180252666e-01 -5.873700746958043876e-05 2.350642815389592227e-03 -8.299329547521190750e-05 5.874233056118844217e-05 9.999999948307257691e-01 -3.507319400436187742e-03
9.999999984350084192e-01 -3.438158895520050825e-05 4.413490200463589469e-05 -3.264879287871834813e-04 3.438931375508307063e-05 9.999999840895045233e-01 -1.750381838591951215e-04 3.561767571137383452e-03 -4.412888321153882523e-05 1.750397013542544201e-04 9.999999837068721531e-01 3.600471353921702328e-03
9.999999858359160942e-01 1.682576870918873178e-04 -4.185482148969194611e-06 6.423799573495794259e-03 -1.682582820298558367e-04 9.999999756841331244e-01 -1.425513368361642510e-04 -6.542556412060251958e-04 4.161496688967658636e-06 1.425520390590910309e-04 9.999999898307989632e-01 2.204742215159712516e-03
9.999999857265511327e-01 1.655314424238350736e-04 -3.385615240471258433e-05 7.368235097462557878e-03 -1.655261011955756420e-04 9.999999738652131098e-01 1.577044164661991121e-04 1.080657891483782253e-03 3.388225655942351188e-05 -1.576988101383041318e-04 9.999999869915389139e-01 -9.693573147530867764e-04
9.999999923220146414e-01 8.911895664893805459e-05 -8.610332333712156162e-05 2.125584404560440076e-03 -8.911356124689310252e-05 9.999999940660135866e-01 6.266375347397682100e-05 2.750119797045813119e-03 8.610890735451492408e-05 -6.265608001906768402e-05 9.999999943297358529e-01 -2.820571680212157015e-03
9.999999996914377132e-01 1.145336068481425235e-05 2.204416478030727595e-05 -4.730850002361637781e-03 -1.145407545043080248e-05 9.999999994087311883e-01 3.242440171315367435e-05 -1.347530785608044976e-03 -2.204379339890544153e-05 -3.242465419867535445e-05 9.999999992313565178e-01 -1.901641734673811725e-03
9.999999984059707581e-01 3.939470844605473895e-05 -4.044892498576522507e-05 1.313576161865908374e-03 -3.940043671374314629e-05 9.999999891948019304e-01 -1.416262744337316826e-04 -6.257591165090322337e-03 4.044334522291695666e-05 1.416278679132843097e-04 9.999999891529414153e-01 2.415234414752912180e-03
9.999999924792108974e-01 9.491085375704066127e-05 -7.767565938796904890e-05 2.736063393803846687e-03 -9.492294011690493433e-05 9.999999833873545185e-01 -1.556114590396562194e-04 -5.974163195597418687e-03 7.766088888113902120e-05 1.556188310712998857e-04 9.999999848757827881e-01 3.991324646715187566e-03
9.999999774312887668e-01 1.920391067086443847e-04 -9.087575861052923920e-05 2.873384041379870111e-03 -1.920473269809735333e-04 9.999999774677603703e-01 -9.045608273701902084e-05 -3.254811624767419906e-03 9.085838545756970159e-05 9.047353314207032629e-05 9.999999917796467130e-01 2.010561980634249703e-03
9.999999924535053486e-01 2.430307903629570434e-05 -1.204257011608684337e-04 -1.173505251976623412e-03 -2.430365295869983276e-05 9.999999996933168767e-01 -4.764318949833450226e-06 -1.303479896502642054e-03 1.204255853363159022e-04 4.767245698327865524e-06 9.999999927374758624e-01 7.203949837939116387e-04
9.999999634027508799e-01 -2.550579757634063209e-04 -9.022153741493106757e-05 2.630281067014438208e-03 2.550629235394927296e-04 9.999999659681205744e-01 5.483304462615901169e-05 9.641902510456452869e-04 9.020754873915528291e-05 -5.485605478851969340e-05 9.999999944267057295e-01 -1.202741947387104974e-03
9.999998473907208973e-01 -5.516105412649743682e-04 3.073020904325683141e-05 1.534940284012203775e-03 5.516151543397747759e-04 9.999998365638551601e-01 -1.503096286520061301e-04 -5.716879568483513967e-03 -3.064729164521185959e-05 1.503265569623663336e-04 9.999999882313348465e-01 -2.317200283072030822e-03
9.999996050361261712e-01 -8.876013449753792240e-04 4.573230827102278527e-05 3.551442027962108464e-03 8.876073677389639555e-04 9.999995973850160924e-01 -1.318444786551687168e-04 -1.007180064565900944e-02 -4.561526452192832406e-05 1.318850189151277532e-04 9.999999902627946247e-01 -2.213589624683732875e-03
9.999988224730356201e-01 -1.523010728074308080e-03 -1.883901916198229588e-04 4.977145765370291977e-03 1.522976921596876825e-03 9.999988241665223043e-01 -1.794627232493909027e-04 -6.754039094524715188e-03 1.886632937571270144e-04 1.791755980131029633e-04 9.999999661511327353e-01 4.673052963300164593e-04
9.999957398779446560e-01 -2.895304789366786365e-03 -3.707238038420135090e-04 3.714849144484058934e-03 2.895263453537678684e-03 9.999958024452449967e-01 -1.119885046123255567e-04 3.916748410070583671e-03 3.710464885623059928e-04 1.109146844470068589e-04 9.999999250112152627e-01 2.428293108455641808e-03
9.999915412736016807e-01 -4.086389799868064311e-03 -4.677602486371751464e-04 6.442474466852636528e-03 4.086382579785348586e-03 9.999916505695313207e-01 -1.639012172739352276e-05 9.696797529753751338e-03 4.678233195317485775e-04 1.447853575629117949e-05 9.999998904658508048e-01 -4.647124032345083299e-04
9.999884039347762821e-01 -4.799568474208705006e-03 -3.951435690613382882e-04 1.978200708700994861e-02 4.799523156428976527e-03 9.999884755458086083e-01 -1.155553572146043596e-04 7.885613903998866733e-03 3.956936310968907507e-04 1.136575165173212503e-04 9.999999152542560221e-01 -3.596663146899159880e-03
9.999803928011162801e-01 -6.252695321897475643e-03 -3.432412224482587495e-04 5.804010144424026629e-02 6.252579830822836172e-03 9.999803958076407540e-01 -3.365202123459057077e-04 1.838936629610477902e-03 3.453386518387674170e-04 3.343674709825868261e-04 9.999998844697982614e-01 -2.256746093567499681e-03
9.999550153864235069e-01 -9.481811885302305135e-03 -2.498937958004790092e-04 9.678150248278775958e-02 9.481708428717023837e-03 9.999549627224956216e-01 -4.119853457709312218e-04 6.023246875668347190e-03 2.537889088123521596e-04 4.095973926594270427e-04 9.999998839105761483e-01 1.823849690969306511e-03
9.999025838257257215e-01 -1.395695250959907464e-02 -1.622814912340287015e-04 1.237865545082882102e-01 1.395689300413257943e-02 9.999025322220144174e-01 -3.622066737662417001e-04 9.894222784881296501e-03 1.673209753620852238e-04 3.599064435680823359e-04 9.999999212355183964e-01 5.387447494265989317e-03
9.998261515584925263e-01 -1.864582083534209456e-02 -5.011062937072853191e-06 1.549658982138101271e-01 1.864582117194608230e-02 9.998261484715862402e-01 7.864666111900889516e-05 2.278159035590530956e-02 3.543760203599360949e-06 -7.872642390294961234e-05 9.999999968947960172e-01 6.074592119109985949e-03
9.997140165205922191e-01 -2.391325835719916235e-02 2.030935917417870014e-04 2.054862444733777938e-01 2.391321056025971434e-02 9.997140107669362230e-01 2.345996308531614252e-04 3.352330879575528277e-02 -2.086455507443397874e-04 -2.296759194117014885e-04 9.999999518580019453e-01 2.222940478624846968e-04
9.995315852751256447e-01 -3.060050688817981396e-02 4.679910048294277773e-04 2.697814870297180478e-01 3.060039721707286109e-02 9.995316694411523484e-01 2.397380661485478759e-04 4.533537230690039971e-02 -4.751079366851378226e-04 -2.253050586664534754e-04 9.999998617550299729e-01 5.810435735423441841e-03
9.992476958753652161e-01 -3.876203882018330188e-02 1.243637518007364995e-03 3.121174650489508262e-01 3.876175867198491248e-02 9.992484497194962234e-01 2.485917099969605758e-04 5.136108725831053934e-02 -1.252338783395139533e-03 -2.001991160797520917e-04 9.999991957836193990e-01 1.510644280466619423e-02
9.988519805012224806e-01 -4.786188527306290547e-02 1.990222825131466450e-03 3.565799060330964165e-01 4.786115445476598479e-02 9.988539128007447587e-01 4.132516173181424637e-04 5.425988436147183291e-02 -2.007720857724906022e-03 -3.175228343705420453e-04 9.999979341159696000e-01 1.899636292496285211e-02
9.983140790197549963e-01 -5.799047564445623804e-02 2.470701412192858031e-03 4.132430111471518952e-01 5.798998294344387405e-02 9.983171282844280903e-01 2.706513473671398888e-04 6.716414326264559531e-02 -2.482238739036288656e-03 -1.269191178308754777e-04 9.999969111864196458e-01 1.183724001560522258e-02
9.975776543689084397e-01 -6.949268707232672537e-02 3.096764003670449041e-03 4.655119875087059822e-01 6.949297052368116900e-02 9.975824410986673385e-01 1.610648272965864287e-05 8.347234664165750773e-02 -3.090396677052216403e-03 1.991358623642812181e-04 9.999952048851468156e-01 6.599815140116945152e-03
9.966508424908258057e-01 -8.169808681968222797e-02 3.538470337707978492e-03 5.109758152418133470e-01 8.169980608848635695e-02 9.966569236474783766e-01 -3.438468382733164577e-04 1.077274417588830746e-01 -3.498549332351960726e-03 6.317875814935101095e-04 9.999936804785423128e-01 8.764649991616536504e-03
9.955486106220857723e-01 -9.415654421421919273e-02 4.184384073002676147e-03 5.857495523255467074e-01 9.416227494767619166e-02 9.955561463876952955e-01 -1.193887080153860358e-03 1.279408380675702561e-01 -4.053377001075299940e-03 1.582583747455589430e-03 9.999905327369701391e-01 9.784795059679234422e-03
9.940796638390536621e-01 -1.085586241074824321e-01 4.543905096335580131e-03 6.673287435512773591e-01 1.085700036639469790e-01 9.940860596613957378e-01 -2.336726618689978930e-03 1.469091268203402689e-01 -4.263360886051258299e-03 2.816224204548884325e-03 9.999869462323920377e-01 1.325750544265263953e-02
9.922236417776075790e-01 -1.243554555991727567e-01 5.288228465560564778e-03 7.276933155801692532e-01 1.243793973759499266e-01 9.922246738611910644e-01 -4.467895416037394145e-03 1.672186012175719272e-01 -4.691503594513512718e-03 5.090898130514871431e-03 9.999760359879867888e-01 1.093913779951578846e-02
9.901416776344932336e-01 -1.398933991641975183e-01 7.021045608580688512e-03 7.985048863218811022e-01 1.399650488577443008e-01 9.900949463883120805e-01 -1.103549883669028599e-02 1.746847873687274177e-01 -5.407708331680439844e-03 1.190940832333146383e-02 9.999144576832498243e-01 -8.944815317313493247e-03
9.879128085454397246e-01 -1.546677171626527625e-01 1.030436701379110892e-02 8.783858072135592998e-01 1.548556435940426357e-01 9.877138014473560990e-01 -2.100419190275096618e-02 1.873728372793967145e-01 -6.929095102255588244e-03 2.234599959962393564e-02 9.997262845113944474e-01 1.466591350950714398e-02
9.856688445120045383e-01 -1.682057720233442744e-01 1.279637512737479520e-02 9.650096091511188856e-01 1.685067704270463429e-01 9.853028393674435614e-01 -2.799612570875669934e-02 2.024371395858079181e-01 -7.899194808109301705e-03 2.975118472404995190e-02 9.995261225845470943e-01 6.158331598641399174e-02
9.831923165707214807e-01 -1.821499048852017744e-01 1.242098170878826353e-02 1.067267808622785363e+00 1.824266852007663808e-01 9.828510421997649349e-01 -2.691344224539883243e-02 2.378697770786178389e-01 -7.305693872493993976e-03 2.872700814821959811e-02 9.995605963821770912e-01 9.160401219069538858e-02
9.803952905314039512e-01 -1.968591489908365910e-01 8.458709266053708598e-03 1.169094441347503066e+00 1.969926449317252748e-01 9.802011186127275177e-01 -1.999162107386023152e-02 2.750756750581976884e-01 -4.355702773058289616e-03 2.126599466192935148e-02 9.997643649002456723e-01 6.486470329840510196e-02
9.771600622212082143e-01 -2.124745382867987697e-01 3.575385245848378048e-03 1.247525025943186261e+00 2.125016217440871269e-01 9.770973182653630573e-01 -1.113065113858094715e-02 3.247117092329484533e-01 -1.128519373982577899e-03 1.163620292224098324e-02 9.999316602776286977e-01 9.918022202999947010e-03
9.737721828950314240e-01 -2.275221700349435994e-01 1.182354615038085175e-03 1.326391559678811838e+00 2.275246156776030981e-01 9.737441587400770260e-01 -7.406927861036867455e-03 3.680645898712781028e-01 5.339294002826833457e-04 7.481675091169077627e-03 9.999718693329456842e-01 -4.424068490094007489e-02
9.707047711608156604e-01 -2.402164527120256576e-01 5.320065044680482962e-03 1.428464172209135352e+00 2.402663711986896822e-01 9.706219949970257277e-01 -1.284576580073123857e-02 3.864876004118062425e-01 -2.078007854160599226e-03 1.374767887481062253e-02 9.999033369325822651e-01 -4.480792050747512550e-02
9.676926612773671943e-01 -2.517611631146945972e-01 1.368320346493843293e-02 1.554988713800322220e+00 2.520309947524606575e-01 9.674182155554699181e-01 -2.413242415414288897e-02 4.119491936962919043e-01 -7.161773105308997384e-03 2.680136113346549831e-02 9.996151239589072812e-01 4.167389623433049445e-02
9.640962396581744809e-01 -2.647158203998629666e-01 2.107071681256338092e-02 1.686722763209939080e+00 2.653079852833017949e-01 9.635778032519970449e-01 -3.360788635084015208e-02 4.727367021554230164e-01 -1.140673581192673709e-02 3.799146627972047052e-02 9.992129577162386367e-01 1.196580799797385408e-01
9.602052483999323762e-01 -2.783397024916111073e-01 2.308443116270504636e-02 1.800221530205802889e+00 2.790482433632913706e-01 9.595491752272491404e-01 -3.738259215954865128e-02 5.202086498708369255e-01 -1.174558730270983641e-02 4.233663115538643246e-02 9.990343591895761710e-01 1.138130029520581787e-01
9.561942649218256873e-01 -2.919727211296936908e-01 2.108216892854132898e-02 1.900873919816326474e+00 2.925910957511900778e-01 9.554905179472914512e-01 -3.779313165027094190e-02 5.349658791375602185e-01 -9.109249021041892005e-03 4.230603064503820482e-02 9.990631718531784999e-01 3.585762894965858344e-02
9.524722557783538157e-01 -3.040368769450934594e-01 1.892562891870053568e-02 2.016636690765579942e+00 3.045557657273897934e-01 9.517429614667424209e-01 -3.783015808476292846e-02 5.592777981305437907e-01 -6.510570996274171046e-03 4.179608541465314880e-02 9.991049492967760681e-01 -1.114298497562185748e-02
9.487825692234146402e-01 -3.154017522131234985e-01 1.825845115851215325e-02 2.151476534250923223e+00 3.159036660688762099e-01 9.478617227673766799e-01 -4.198843027197847466e-02 6.226615262226150582e-01 -4.063262489710763904e-03 4.560580240881945135e-02 9.989512504044366636e-01 7.803055347721985467e-03
9.446726157690620296e-01 -3.275468713955416722e-01 1.751273979223649455e-02 2.291326464106665739e+00 3.280145590719716897e-01 9.433757968639051583e-01 -4.948287510050396881e-02 6.928762636022579580e-01 -3.131339299449013565e-04 5.248955067805950031e-02 9.986214242728609358e-01 5.764951444911772804e-02
9.401380005040715915e-01 -3.403004175326631575e-01 1.833482575050939326e-02 2.418153338629597027e+00 3.407933336709020322e-01 9.386694575307601429e-01 -5.253144985988546234e-02 7.554418349731900628e-01 6.661333797635052159e-04 5.563519862464379184e-02 9.984509406777665186e-01 8.153288093161017991e-02
9.365012918285849919e-01 -3.498453034789203997e-01 2.394982332155431645e-02 2.544349651052482120e+00 3.506463214768145153e-01 9.349553273387244401e-01 -5.390448140662398163e-02 7.837393156937364491e-01 -3.533785246734245239e-03 5.887953392037593991e-02 9.982588406055562524e-01 2.853623749707103613e-02
9.337825342883743218e-01 -3.563898844291699675e-01 3.219361636324857140e-02 2.716801903908901750e+00 3.577125754951360204e-01 9.320721812411162377e-01 -5.729888558309348401e-02 8.364404613028394442e-01 -9.586031014853875140e-03 6.502076001548062756e-02 9.978378669785946675e-01 -2.814617084763794234e-03
9.316872847387488443e-01 -3.612718588678250353e-01 3.796639891171860876e-02 2.910577339304761590e+00 3.630573623147546614e-01 9.295664091948995233e-01 -6.399720748246454094e-02 9.053816998382343550e-01 -1.217189899688755905e-02 7.340936511567805467e-02 9.972276119262455385e-01 3.488284174782323860e-02
9.296953789054757111e-01 -3.663689430601260733e-01 3.795128460026227918e-02 3.088361994430242063e+00 3.682006762013926848e-01 9.271473196332751243e-01 -6.947020758332830837e-02 9.838184800538897212e-01 -9.734705267301219100e-03 7.855981961435254401e-02 9.968618712015818728e-01 8.973585224977215224e-02
9.280464490809685607e-01 -3.708411389097789890e-01 3.473669587487210331e-02 3.235619219254946444e+00 3.724217869471465603e-01 9.253077766081050370e-01 -7.146699347012790138e-02 1.064674971262833836e+00 -5.639233573769887077e-03 7.926139186680442039e-02 9.968379160144528184e-01 7.200687647056719376e-02
9.272107068371978622e-01 -3.733385780085625716e-01 2.997684601502099630e-02 3.403630900642979906e+00 3.745400279878978167e-01 9.242934838555185717e-01 -7.349369453941613506e-02 1.136639135503640041e+00 -2.693720262828997749e-04 7.937166920742401433e-02 9.968450559469804739e-01 1.860817208041235307e-02
9.270888614130472494e-01 -3.739586271021153041e-01 2.571358123173179619e-02 3.604783712687898767e+00 3.748160151068660739e-01 9.240399224832844816e-01 -7.525407946746341670e-02 1.197133796477831691e+00 4.381536633349012236e-03 7.940508090158203414e-02 9.968328020604778628e-01 2.358191453063634719e-03
9.277394686029603044e-01 -3.722829362808429132e-01 2.654983522379485497e-02 3.819762149070442536e+00 3.732021932373768558e-01 9.244802421440710960e-01 -7.782290696222629589e-02 1.253802315002825019e+00 4.427342217229408849e-03 8.210783908588466240e-02 9.966136169055377358e-01 9.787714208755727424e-03
9.291657091046030548e-01 -3.683899438036801199e-01 3.065834843010281294e-02 4.043730920076894719e+00 3.696564571926431175e-01 9.254359998624027694e-01 -8.320044359532305367e-02 1.334517027758722829e+00 2.277867406980199801e-03 8.864005563511530295e-02 9.960611185349420582e-01 3.904907953320518182e-02
9.309841560543086203e-01 -3.636489372772837569e-01 3.206168418765442674e-02 4.257351798728913117e+00 3.650410319731310915e-01 9.264540955029931801e-01 -9.180334363040523749e-02 1.418223989338861735e+00 3.680509725322151510e-03 9.717128867537450088e-02 9.952608675645440162e-01 7.210761050769011471e-02
9.329146712340041780e-01 -3.589198544392492307e-01 2.909904269315229802e-02 4.476336971719947933e+00 3.600260585366267252e-01 9.280694822248537479e-01 -9.522748204942392547e-02 1.487944730501090440e+00 7.173100510322681644e-03 9.931552875658500312e-02 9.950301364164146900e-01 9.675673877740605111e-02
9.348539828172592880e-01 -3.541208550495246188e-01 2.542539733614669270e-02 4.692646243023397723e+00 3.549443726809282662e-01 9.306273944938454612e-01 -8.914676056783424341e-02 1.575744376883656983e+00 7.907155800267746948e-03 9.236380587973840040e-02 9.956939310102077556e-01 7.602206952005567675e-02
9.369317331569922969e-01 -3.486846938053148603e-01 2.403979428631732376e-02 4.935929542264243963e+00 3.494655173095178036e-01 9.334607641043348725e-01 -8.077656893767097557e-02 1.680140358231000608e+00 5.725348463258916366e-03 8.408320987952960790e-02 9.964422884449100071e-01 2.468046382235941985e-02
9.390674477723075508e-01 -3.430566861611594187e-01 2.155083790779492581e-02 5.188568314112140811e+00 3.436663086461165251e-01 9.358039572131260364e-01 -7.851383295831340647e-02 1.777196231867939735e+00 6.767335957116678638e-03 8.113608164298732883e-02 9.966800587047309756e-01 -4.627231795742324343e-03
9.418879289195795090e-01 -3.354376161016452418e-01 1.813105235860285741e-02 5.419756478833825497e+00 3.357784395040390724e-01 9.384918956792618339e-01 -8.053447279629953603e-02 1.841112870312054950e+00 9.998445870108365469e-03 8.194246425627448038e-02 9.965869072147153229e-01 1.390420103730927517e-02
9.453564999952429604e-01 -3.256070446087602765e-01 1.676724240574310396e-02 5.670070145689545704e+00 3.258392342326136837e-01 9.417309938283661142e-01 -8.349568071308684225e-02 1.922113605153691562e+00 1.139654998006329849e-02 8.439660990932403017e-02 9.963670663386888782e-01 4.458854742078047217e-02
9.485738504083560674e-01 -3.160471830981368413e-01 1.793957572515565702e-02 5.955548490598541633e+00 3.164262155096692064e-01 9.450392345317452092e-01 -8.231218217178706831e-02 2.024108696058674273e+00 9.060930398928600249e-03 8.375573563276622613e-02 9.964451195569778985e-01 7.941362715659992799e-02
9.515886120001414428e-01 -3.066707232605215827e-01 2.078896357476548926e-02 6.233636301819458936e+00 3.073593238989325016e-01 9.486894690114074935e-01 -7.428685885972541314e-02 2.106285046187334586e+00 3.059333920222511490e-03 7.708021070107597128e-02 9.970202011966670108e-01 9.211070694849592122e-02
9.549828413593605125e-01 -2.958667977002385485e-01 2.169356420251647433e-02 6.517921341442330707e+00 2.966564231971764998e-01 9.528192399972346127e-01 -6.426867407182114411e-02 2.199990445108744197e+00 -1.655078566202892228e-03 6.781101613822326790e-02 9.976968110629808040e-01 6.237621136144348710e-02
9.582854218510410416e-01 -2.850615648750308151e-01 2.071121673805881302e-02 6.814079434843007377e+00 2.857895733277276418e-01 9.566149432348100001e-01 -5.667601041901740994e-02 2.296127349717917543e+00 -3.656507203283324448e-03 6.023084434789002101e-02 9.981777774245490509e-01 1.776588289177165672e-02
9.613273805405995187e-01 -2.746882687738846918e-01 1.990031208186253051e-02 7.101210081990108947e+00 2.753792111074401805e-01 9.597616811869288389e-01 -5.498913906476287500e-02 2.384755835441100924e+00 -3.994685568766826594e-03 5.834269725720640093e-02 9.982886216740931573e-01 1.232479073539448702e-02
9.645628806570071268e-01 -2.630595695097766029e-01 2.044779078500335093e-02 7.397581958370376576e+00 2.637972718398625682e-01 9.630525119565238601e-01 -5.422968360662999698e-02 2.429787417858122467e+00 -5.426659055247461463e-03 5.770201126096527466e-02 9.983191019247991127e-01 5.810387704178193724e-02
9.679874865773361314e-01 -2.500898957985931981e-01 2.133705343153417811e-02 7.716602438394064123e+00 2.508725596277217029e-01 9.666919422325621625e-01 -5.069169210503644829e-02 2.518449693636261699e+00 -7.948877626846800187e-03 5.442180484038887378e-02 9.984863957522847056e-01 1.039525367666811334e-01
9.713093039124371941e-01 -2.368729059921254321e-01 2.120053159669579509e-02 8.052589467310660609e+00 2.375964982748284549e-01 9.703957634596098725e-01 -4.335857778087704589e-02 2.620511725616363030e+00 -1.030243372588325428e-02 4.715176207191672242e-02 9.988346065254433137e-01 9.117346408983001416e-02
9.742767145426224351e-01 -2.244282843055083465e-01 2.041638321836946462e-02 8.382607361705572302e+00 2.250427616146908616e-01 9.736933267028771155e-01 -3.573598996974384351e-02 2.698142890002965810e+00 -1.185912917826649482e-02 3.941130216029583438e-02 9.991526961967139853e-01 3.416173572664938513e-02
9.770922625431978092e-01 -2.118034289932946290e-01 2.073687403870209944e-02 8.722062407559771913e+00 2.123769733764042655e-01 9.766925693694422650e-01 -3.110701075312977473e-02 2.753750956522468041e+00 -1.366497924230626257e-02 3.479845406335843605e-02 9.993009236146576102e-01 3.201327361544355557e-03
9.799132375547663365e-01 -1.981382308032573203e-01 2.261168633895215344e-02 9.058609237469292808e+00 1.987453357476678950e-01 9.796275172520483299e-01 -2.881352045714826240e-02 2.815049651307895751e+00 -1.644197018251693579e-02 3.272871730977064408e-02 9.993290212336347622e-01 3.565170168008850726e-02
9.826928106567401899e-01 -1.836893073153496592e-01 2.393905306321133727e-02 9.423561802985881641e+00 1.842856763210592441e-01 9.825373542266129245e-01 -2.567366456618930953e-02 2.884303143660601698e+00 -1.880503619900820989e-02 2.964095017664655426e-02 9.993837024317434592e-01 8.303908886757124796e-02
9.852381630019380054e-01 -1.695937472129378509e-01 2.331787020378755029e-02 9.814425604783792778e+00 1.700771402718552205e-01 9.852156566865063470e-01 -2.058825336748154947e-02 2.964940796239030618e+00 -1.948149176819468850e-02 2.425016960868647473e-02 9.995160832885260360e-01 7.187578330470495436e-02
9.873930267066461930e-01 -1.566678258593949546e-01 2.258767698499456952e-02 1.019100039434047567e+01 1.570244230020768905e-01 9.874811492642437960e-01 -1.497699664929653257e-02 3.011299864571058027e+00 -1.995849172540321501e-02 1.833499899805026562e-02 9.996326757463406265e-01 2.190727672590414218e-02
9.891549973835520593e-01 -1.449823071472163272e-01 2.350578153168338472e-02 1.055632440063594046e+01 1.453016599643482398e-01 9.893085379956023662e-01 -1.249176771352730579e-02 3.047148476024552188e+00 -2.144338505809942688e-02 1.577172353530296306e-02 9.996456542065172979e-01 -9.560456450962108096e-03
9.907053250859378934e-01 -1.335193815793140060e-01 2.599102901086422848e-02 1.093441195272787247e+01 1.338745778023731903e-01 9.909202643564741786e-01 -1.243491479390555939e-02 3.114409359687616785e+00 -2.409473520506863822e-02 1.579887433879082620e-02 9.995848334708888894e-01 6.386129779312155544e-03
9.922023664398560427e-01 -1.218209818944973599e-01 2.634601300785747655e-02 1.131626905793925708e+01 1.222016200091407268e-01 9.924155163757486520e-01 -1.334941660889118163e-02 3.155467322085114823e+00 -2.451995306462123603e-02 1.646484822027542705e-02 9.995637451782612981e-01 3.180542732287402335e-02
9.935419045556878048e-01 -1.108433110446546410e-01 2.425374792716426808e-02 1.171293006760269861e+01 1.111629128924887799e-01 9.937267237105841255e-01 -1.224766837750382309e-02 3.198043397847651459e+00 -2.274402534982388618e-02 1.486468903429535859e-02 9.996308070136695756e-01 4.280401132535317094e-02
9.946495916151033567e-01 -1.009493544436290136e-01 2.194123372380738998e-02 1.210609233672084528e+01 1.011420482646094021e-01 9.948409872619289329e-01 -7.854688825795159979e-03 3.230791401868617463e+00 -2.103511285321766483e-02 1.003184435311927324e-02 9.997284061814624145e-01 2.106270362971792570e-02
9.955246481499038236e-01 -9.218679913833294215e-02 2.079107959291356597e-02 1.250226385348907598e+01 9.225557789519128749e-02 9.957325365063353084e-01 -2.371516368051165662e-03 3.269761870416782124e+00 -2.048373191668212759e-02 4.278996060795033259e-03 9.997810294856955826e-01 -2.693981574617670960e-02
9.962511842942750606e-01 -8.372290128774088902e-02 2.177277180832874401e-02 1.290040175740928774e+01 8.376734345153129258e-02 9.964846925774545339e-01 -1.135618725256931682e-03 3.305865092257712412e+00 -2.160115652754633978e-02 2.955208753904065011e-03 9.997623001383345587e-01 -6.140942336627513293e-02
9.968924198575255247e-01 -7.545750890361514751e-02 2.262007030643229874e-02 1.328595692327006361e+01 7.559370764535831844e-02 9.971250043971658927e-01 -5.226563917156419430e-03 3.337893611261833371e+00 -2.216065421045136652e-02 6.920256932575983080e-03 9.997304714016432836e-01 -4.000030913072641359e-02
9.974851796432808726e-01 -6.700584088797814641e-02 2.309834796920987726e-02 1.368782876737104814e+01 6.722056633404166481e-02 9.977006631941550685e-01 -8.647665793374836873e-03 3.357883247494052981e+00 -2.246579296936677267e-02 1.017860249927060243e-02 9.996957958286207813e-01 5.567877179956339483e-03
9.980102925214991982e-01 -5.849421257364834092e-02 2.353472150972928112e-02 1.411399094067080817e+01 5.871644761588368233e-02 9.982353407002728662e-01 -8.864725397964462114e-03 3.382707610086816974e+00 -2.297465561271509402e-02 1.022896243022570519e-02 9.996837167459906581e-01 3.930589410272839097e-03
9.984447539035714581e-01 -5.037251628417884625e-02 2.388897246925198933e-02 1.455546711615817834e+01 5.052726230318797113e-02 9.987051447590516995e-01 -5.918580568552512036e-03 3.397024753966890298e+00 -2.355990591198067405e-02 7.116420097334405330e-03 9.996970978243444605e-01 -2.337190061300314925e-02
9.988247688227654963e-01 -4.223191222442328890e-02 2.378122738669269723e-02 1.497966315601801135e+01 4.226444192154477780e-02 9.991060833529082919e-01 -8.666927205927934044e-04 3.404954674460693553e+00 -2.372336686074183465e-02 1.870774459994394316e-03 9.997168109358322008e-01 -5.921549751457938493e-02
9.990995360037285833e-01 -3.540170631815459101e-02 2.338453221463777584e-02 1.542184882258018241e+01 3.538453912969219406e-02 9.993731121736828538e-01 1.147630108881930126e-03 3.427697557344805190e+00 -2.341050080014480880e-02 -3.191458141094471817e-04 9.997258857298013668e-01 -8.140063588836987662e-02
9.993034076889187878e-01 -2.894295281707012432e-02 2.355854120151481407e-02 1.585447208998999535e+01 2.894033406330362088e-02 9.995810385404689802e-01 4.521666307189643004e-04 3.440087033098599090e+00 -2.356175811816695748e-02 2.299403974952627901e-04 9.997223567980234593e-01 -9.035033456780222627e-02
9.994048065859869601e-01 -2.386594032343307761e-02 2.490882304133142794e-02 1.628808793088634843e+01 2.394567956181206311e-02 9.997090320847507039e-01 -2.907851181523857936e-03 3.437768317028665255e+00 -2.483217677025210263e-02 3.502579142461288014e-03 9.996854980123507373e-01 -7.658374202604258107e-02
9.994390198630107580e-01 -1.998274185675883233e-02 2.687630188754534799e-02 1.673227407595641125e+01 2.021549007839807191e-02 9.997602211327744071e-01 -8.416305688136924840e-03 3.456452352769095349e+00 -2.670167665436992341e-02 8.954901921970754436e-03 9.996033364267115084e-01 -7.377993141973826496e-02
9.994707054885110242e-01 -1.686970935073988168e-02 2.781585477240580695e-02 1.719663703586528669e+01 1.716803325498416147e-02 9.997972605843192806e-01 -1.052123387472367506e-02 3.469917233440079407e+00 -2.763272524478484204e-02 1.099320856312816473e-02 9.995576931128257181e-01 -5.588836069779867105e-02
9.995319631596132348e-01 -1.355838161946840148e-02 2.742307258770379855e-02 1.766049239971028939e+01 1.376274674393505350e-02 9.998788062661546627e-01 -7.277333428655450090e-03 3.480905612237569891e+00 -2.732108021934556361e-02 7.651344171476176168e-03 9.995974267213865172e-01 -7.070835366936127631e-02
9.995879306446249224e-01 -1.024464319943528719e-02 2.681447734550979761e-02 1.811190696336702288e+01 1.030826447598912586e-02 9.999443695887385575e-01 -2.235489045645316312e-03 3.480503547904238548e+00 -2.679008385745842297e-02 2.510978593378263273e-03 9.996379276485131138e-01 -1.187646129035334203e-01
9.996410865478361218e-01 -8.461650077253751387e-03 2.541846894350161673e-02 1.857595099947367956e+01 8.433961197286359360e-03 9.999637178855734776e-01 1.196332304962025505e-03 3.475300186196994101e+00 -2.542766965304356364e-02 -9.815245444405949326e-04 9.996761826839650755e-01 -1.519376645858366015e-01
9.996692234936593868e-01 -7.280036063271499297e-03 2.466667132998598758e-02 1.906237470905528397e+01 7.293173658766215206e-03 9.999733064686215922e-01 -4.426829512886666152e-04 3.482575551801621039e+00 -2.466279014157085961e-02 6.224348397619203178e-04 9.996956333591254795e-01 -1.524432899305423750e-01
9.996376792444443549e-01 -7.026517254792848631e-03 2.598342337047955530e-02 1.954328458002097335e+01 7.100271664779102439e-03 9.999710186943051582e-01 -2.747346676329622418e-03 3.501385607891234208e+00 -2.596336605811772752e-02 2.930840620317456784e-03 9.996585986206443231e-01 -1.295416774450129926e-01
9.995990002161837529e-01 -7.436946559416479120e-03 2.732271203007092045e-02 2.001404470429244498e+01 7.517230353406091463e-03 9.999677213472731863e-01 -2.836813592041453717e-03 3.512963724033257407e+00 -2.730073285865470753e-02 3.041067150614140679e-03 9.996226397476029035e-01 -1.225673112312520713e-01
9.996450877607777619e-01 -7.695642507654230219e-03 2.550442318778077880e-02 2.048995013790654340e+01 7.699832652197568725e-03 9.999703536653230529e-01 -6.608764589719903976e-05 3.520365705984887850e+00 -2.550315848821821038e-02 2.624439810195479394e-04 9.996747071074078006e-01 -1.409152397391227884e-01
9.997218959930569415e-01 -8.513847547670587435e-03 2.199193197476091710e-02 2.098824536005618313e+01 8.424272843166824565e-03 9.999558515906548095e-01 4.162510861503622255e-03 3.529442798997319830e+00 -2.202640004883617275e-02 -3.976087215250343268e-03 9.997494828362479824e-01 -1.696199770822699182e-01
9.997400751585004963e-01 -9.026707435814114097e-03 2.093563170635153944e-02 2.149776938751558220e+01 8.883762473640777549e-03 9.999366576866011158e-01 6.910816077785825705e-03 3.528024450605600215e+00 -2.099668750988368388e-02 -6.723032605697325075e-03 9.997569404341212218e-01 -2.069442214963668480e-01
9.996412421672279391e-01 -9.537061071642585416e-03 2.502861211648367556e-02 2.201611959968762733e+01 9.340247923474846378e-03 9.999246270502977207e-01 7.968687912763082470e-03 3.536298790510585377e+00 -2.510272349944638048e-02 -7.732055641209017137e-03 9.996549747730322233e-01 -1.821138545810271070e-01
9.995536609905736336e-01 -9.139043179831314243e-03 2.844216394894255942e-02 2.251208056755872633e+01 8.822778502101974452e-03 9.998980707035270976e-01 1.122527428917623887e-02 3.563418059184849884e+00 -2.854185312561530879e-02 -1.096932509872747784e-02 9.995324089428186953e-01 -1.776787276706977003e-01
9.996277720263175848e-01 -8.222837686900351037e-03 2.601350291820298671e-02 2.304928284120338233e+01 7.777843524368980958e-03 9.998224790442471477e-01 1.716145529745225287e-02 3.602696704000504901e+00 -2.615000083768441105e-02 -1.695273836850294535e-02 9.995142730936853459e-01 -2.182445374083841760e-01
9.997379946125223293e-01 -9.038039811845000396e-03 2.102988265520878974e-02 2.359498723805379328e+01 8.641926769249167264e-03 9.997849558852420770e-01 1.885097045935668625e-02 3.599236370980364086e+00 -2.119573612421331993e-02 -1.866429269766493176e-02 9.996011129186724853e-01 -2.620879246442665567e-01
9.997951284505816050e-01 -9.738678358823258177e-03 1.774427429647193119e-02 2.409936220272440011e+01 9.482644292154977436e-03 9.998505324877839939e-01 1.445656048731366536e-02 3.576279489687228086e+00 -1.788240989669757572e-02 -1.428533610799149513e-02 9.997380399827587860e-01 -2.595755783975852160e-01
9.998486127668022583e-01 -8.235772630653385995e-03 1.532721753865694432e-02 2.459102915568126591e+01 8.107687851532232454e-03 9.999318491285914545e-01 8.400148568806017554e-03 3.590050424453622657e+00 -1.539535468910180858e-02 -8.274608598119775199e-03 9.998472452862710025e-01 -1.794988537789866945e-01
9.998757827753080862e-01 -6.028469518328053063e-03 1.456284912822723189e-02 2.516444316971790940e+01 5.848995688254860284e-03 9.999068092280691822e-01 1.233540063315322240e-02 3.611600859536355124e+00 -1.463585559178878781e-02 -1.224869032216140477e-02 9.998178640714958654e-01 -1.715456672733005061e-01
9.998126097907421572e-01 -4.708438476998439565e-03 1.877700483393041769e-02 2.575746280270116984e+01 4.288028425308992170e-03 9.997406230152640072e-01 2.236737591393999844e-02 3.621201682679583200e+00 -1.887744992441690514e-02 -2.228266815621687824e-02 9.995734713287418582e-01 -2.637650907752148166e-01
9.996567825011131170e-01 -5.418682992830282583e-03 2.563113485871007860e-02 2.632245638129029430e+01 4.805816970945726678e-03 9.997025049904567640e-01 2.391245782113654919e-02 3.611821887758229987e+00 -2.575308375251284670e-02 -2.378107210428235391e-02 9.993854307957500405e-01 -3.535381813516358385e-01
9.995177819574792011e-01 -6.239556832985117783e-03 3.041827544962250052e-02 2.687945081077359077e+01 5.750566014164507599e-03 9.998532594246981597e-01 1.613662320077844867e-02 3.610730443934005329e+00 -3.051449723193705790e-02 -1.595391952891557844e-02 9.994069931265975315e-01 -3.275313393623934255e-01
9.994974396117631832e-01 -6.165058505673016651e-03 3.109437671270291401e-02 2.746692768995296419e+01 5.965325384635265966e-03 9.999610027647146682e-01 6.512130438015640774e-03 3.630946559465237922e+00 -3.113331178312514144e-02 -6.323369624490763480e-03 9.994952385549451535e-01 -2.434430241353095770e-01
9.995534681648209352e-01 -5.882774694894460886e-03 2.929602774383425687e-02 2.805980018096701656e+01 5.738837677592874276e-03 9.999710581772793816e-01 4.994852342397511531e-03 3.647171911835627167e+00 -2.932456345435746972e-02 -4.824496833994489954e-03 9.995582995546133942e-01 -2.101606682935967807e-01
9.996081719045007974e-01 -5.425726903828175136e-03 2.746022850063445028e-02 2.865922934909188768e+01 5.090880706033897897e-03 9.999120171514351840e-01 1.224911791864484803e-02 3.644654097458872144e+00 -2.752427284014807504e-02 -1.210452162264207855e-02 9.995478452584989348e-01 -2.808637113626446524e-01
9.996132196440380424e-01 -5.662249274361996938e-03 2.722774404968456713e-02 2.926626532110888945e+01 5.140176552623783313e-03 9.998023306331678128e-01 1.920620330761827615e-02 3.658960442194797658e+00 -2.733111226949980904e-02 -1.905881931392125125e-02 9.994447316927891345e-01 -3.753285337599128746e-01
9.995744456215415186e-01 -5.705573685593566535e-03 2.860723840754531358e-02 2.987786065381460787e+01 5.153851415695502418e-03 9.998000119075485248e-01 1.932288811877823712e-02 3.663976450084847958e+00 -2.871176546248605660e-02 -1.916722772296896443e-02 9.994039483139153246e-01 -4.011246838844241824e-01
9.995236257368006472e-01 -5.695416598357014130e-03 3.033288353802131646e-02 3.049470369795169589e+01 5.279286712240011115e-03 9.998910974348168557e-01 1.378123370412298772e-02 3.668468352714329583e+00 -3.040807007637892287e-02 -1.361453269006501071e-02 9.994448427871650553e-01 -3.583400662110635682e-01
9.994962264529353435e-01 -4.621888537436403752e-03 3.139954542171018853e-02 3.112369990037612766e+01 4.409933807175965385e-03 9.999670457450674510e-01 6.816150504385559347e-03 3.658561244365764686e+00 -3.143001416097126327e-02 -6.674246791183481575e-03 9.994836710219989762e-01 -3.410759578149237803e-01
