1.000000000000000000e+00 0.000000000000000000e+00 0.000000000000000000e+00 0.000000000000000000e+00 0.000000000000000000e+00 1.000000000000000000e+00 0.000000000000000000e+00 0.000000000000000000e+00 0.000000000000000000e+00 0.000000000000000000e+00 1.000000000000000000e+00 0.000000000000000000e+00
9.999987844814944848e-01 -1.559321953210395613e-03 3.390201161272896860e-05 1.240528012703237676e-01 1.559337086927486959e-03 9.999986834956318127e-01 -4.517483030577027110e-04 -1.988242684293170179e-03 -3.319863485631904798e-05 4.518006058767989040e-04 9.999998978946775807e-01 1.255671135392979034e-03
9.999950975890880001e-01 -3.118790469923996174e-03 -2.847507466959113293e-04 3.132801083197924719e-01 3.118436568903929645e-03 9.999943700270638169e-01 -1.241311203574265018e-03 -2.013192937357409593e-03 2.886201461357177419e-04 1.240416659094760151e-03 9.999991916015680271e-01 6.425917259452361245e-03
9.999882184381795325e-01 -4.592478690750395783e-03 -1.576451799058055814e-03 4.832520607380497712e-01 4.589407817852119570e-03 9.999875733450002135e-01 -1.948966245271506340e-03 4.658406585142559758e-03 1.585383001560084198e-03 1.941706234344361265e-03 9.999968665904026555e-01 5.901130211056196916e-03
9.999686164850584147e-01 -6.210890210764998497e-03 -4.920091032451146505e-03 6.055872486895099716e-01 6.197858044289020034e-03 9.999772578857407668e-01 -2.661227619661676522e-03 1.093769394105135843e-02 4.936507744739014950e-03 2.630648190666989763e-03 9.999843671409104351e-01 3.106068432106013320e-03
9.999452356200401182e-01 -7.197852851292840283e-03 -7.598283516906946013e-03 7.126608067790118906e-01 7.182276969454520592e-03 9.999720645675085340e-01 -2.075903159993858910e-03 1.529022058589537582e-02 7.613012415847679806e-03 2.021214399976517095e-03 9.999689964122597807e-01 2.607061737666121256e-03
9.999317346281166863e-01 -8.126582550183706136e-03 -8.396583685430072941e-03 8.472821158388624818e-01 8.119622591088091618e-03 9.999666797072579438e-01 -8.634053884324035697e-04 1.766547761752854107e-02 8.403317555944461031e-03 7.951674578281223626e-04 9.999643986279974639e-01 1.448365136907213717e-03
9.999222904402772505e-01 -9.612157184309534294e-03 -7.939820787695771667e-03 1.008389569512365025e+00 9.613591735340050459e-03 9.999537970673003651e-01 1.414441427650846219e-04 2.242248008832690293e-02 7.938091092029151211e-03 -2.177651986520181475e-04 9.999684955364651628e-01 9.271491165739834811e-04
9.999156610375233845e-01 -1.060539933002286987e-02 -7.497877202957336715e-03 1.167130622786419325e+00 1.061474828807783960e-02 9.999429567313983247e-01 1.206781102999082656e-03 2.619322504746144503e-02 7.484648667155412508e-03 -1.286269443063844768e-03 9.999711931898818129e-01 3.410056272641784000e-03
9.999113755441055851e-01 -1.122827141364169876e-02 -7.154793161425293709e-03 1.323334923918219053e+00 1.124739059598236016e-02 9.999333001446876201e-01 2.635684525657648169e-03 3.376200201037324322e-02 7.124716486170611270e-03 -2.715924608197867705e-03 9.999709662981387526e-01 5.806236891645579629e-03
9.998894761873219350e-01 -1.321891348323772468e-02 -6.805904568478863582e-03 1.482643394747357179e+00 1.323424720456826791e-02 9.999100084920234943e-01 2.211018417483353368e-03 3.846896264042696384e-02 6.776058840863998824e-03 -2.300846197184760328e-03 9.999744326919950410e-01 1.706531954090103210e-03
9.998560981855693086e-01 -1.526385350991121652e-02 -7.404216474213157380e-03 1.640760832450937512e+00 1.526251384701348031e-02 9.998835253921689592e-01 -2.392044663025219542e-04 3.949470662490766476e-02 7.406998619184620818e-03 1.261620092796700255e-04 9.999726007380571602e-01 4.787577254655810653e-03
9.998390991159235019e-01 -1.609673300122803699e-02 -7.918079649874443932e-03 1.801918982637265021e+00 1.608593529974403080e-02 9.998696291696517191e-01 -1.427238986769253926e-03 3.533673946299121377e-02 7.940014564562567281e-03 1.299638512725219365e-03 9.999676758367642693e-01 1.983569340656863092e-02
9.998384957615624735e-01 -1.606009611154459588e-02 -8.067356393256395683e-03 1.970225707040724750e+00 1.605695433384693102e-02 9.998710144256318655e-01 -4.557108056799677410e-04 3.988649918658893068e-02 8.073624615805366500e-03 3.260987029821445899e-04 9.999674014578064929e-01 2.936544750848915294e-02
9.998310816438050752e-01 -1.638608539916689907e-02 -8.326570419112109753e-03 2.142903673324160874e+00 1.641019329786153752e-02 9.998613700403783389e-01 2.833872547983383797e-03 5.508642254007971306e-02 8.278969132322747115e-03 -2.970036041921183655e-03 9.999613679462332483e-01 2.633418665048782928e-02
9.998123130867151431e-01 -1.715044166345101873e-02 -9.012699954075959613e-03 2.309457353571961136e+00 1.719872717140366949e-02 9.998380547176695110e-01 5.306422625567823979e-03 6.356598336554508677e-02 8.920222564436615723e-03 -5.460435055045394052e-03 9.999453578908811258e-01 1.182371658975593653e-02
9.997960262612631821e-01 -1.752783122025458606e-02 -1.003554034348055207e-02 2.479196989037836918e+00 1.758109781209378844e-02 9.998317392010971361e-01 5.243130250996135694e-03 6.431463039158896722e-02 9.941941348240425358e-03 -5.418498823340857189e-03 9.999359519906333427e-01 9.377117381385961792e-03
9.997888773752278135e-01 -1.769339266188815069e-02 -1.044873275284305576e-02 2.658689636871762740e+00 1.773422502701932704e-02 9.998354612772936134e-01 3.827123749584976971e-03 6.346366430327618491e-02 1.037928990265251164e-02 -4.011618053639543109e-03 9.999381455297441379e-01 2.309340706577938176e-02
9.997957841263989121e-01 -1.772153310698929007e-02 -9.714380516358435066e-03 2.835922542690575199e+00 1.774203783848709789e-02 9.998405928210399862e-01 2.027554187866252491e-03 6.801777969851058314e-02 9.676892138347650482e-03 -2.199495070614910282e-03 9.999508190776328354e-01 3.603233596462999955e-02
9.997906887193745984e-01 -1.801826793090098577e-02 -9.692958091022118444e-03 3.016856859639617028e+00 1.802959858452736486e-02 9.998369249348716403e-01 1.081962543265192929e-03 6.883680985078485803e-02 9.671873664915358118e-03 -1.256498314771450865e-03 9.999525032285572212e-01 4.008433682642300461e-02
9.997755448269745049e-01 -1.808982517028720136e-02 -1.102972026924230534e-02 3.197036622939695150e+00 1.809978053951174712e-02 9.998359215658095822e-01 8.025323750910817906e-04 7.344992897562077627e-02 1.101338402874108349e-02 -1.001989661839705874e-03 9.999389183390003932e-01 3.575771876143173794e-02
9.997681338275676843e-01 -1.750645507700058362e-02 -1.253967651344999740e-02 3.377880703396169970e+00 1.752361374434174834e-02 9.998457172054576736e-01 1.259240735894843555e-03 7.893528760616023987e-02 1.251568606600262507e-02 -1.478692912979203506e-03 9.999206552233438350e-01 3.601182128160820145e-02
9.997728973367722149e-01 -1.670399480558629191e-02 -1.323523844119351735e-02 3.565454940199300538e+00 1.673956102895798534e-02 9.998566153795852562e-01 2.580498767220961321e-03 8.495857738036070861e-02 1.319022436181727792e-02 -2.801468411270388072e-03 9.999091545668745695e-01 4.363383731913245828e-02
9.997801877484937538e-01 -1.630134226134958772e-02 -1.318652991283663853e-02 3.751666194297442747e+00 1.634476276573266010e-02 9.998613896077679364e-01 3.191073476085141795e-03 9.157502019210286837e-02 1.313266962171089763e-02 -3.405905879557257626e-03 9.999080406826424960e-01 4.754749163713105353e-02
9.997772373553158731e-01 -1.613917737244440626e-02 -1.360317540581702789e-02 3.943274776774897461e+00 1.618608200572073733e-02 9.998634703625959297e-01 3.344359010301120941e-03 9.449214880495268587e-02 1.354732953971113200e-02 -3.563799719608668100e-03 9.999019590746345276e-01 4.499168358702980430e-02
9.997805958425802775e-01 -1.570005583366519686e-02 -1.386767220181774236e-02 4.142218857571651647e+00 1.573270994410235976e-02 9.998737782314585099e-01 2.248099709073989125e-03 9.457734424765244785e-02 1.383061315967602962e-02 -2.465786129015453895e-03 9.999013969889699593e-01 4.359213020147302553e-02
9.997954493045636548e-01 -1.510339538977640422e-02 -1.345336747527185565e-02 4.350644558554251695e+00 1.512938990548832324e-02 9.998839385699830329e-01 1.831913623606602889e-03 9.755015578099714146e-02 1.342412464956778233e-02 -2.035083473758008115e-03 9.999079074532757350e-01 5.196065433949422635e-02
9.998127414365225452e-01 -1.476355766741323759e-02 -1.251263571966262401e-02 4.565385192755135435e+00 1.480380325606756205e-02 9.998855949384822805e-01 3.129221295463226540e-03 9.977278334268059601e-02 1.246499344420706409e-02 -3.313873410979556108e-03 9.999169048257028347e-01 6.341111578374805657e-02
9.998295966229144849e-01 -1.404850599205013061e-02 -1.197765207212712554e-02 4.775292862288289086e+00 1.412125339958019560e-02 9.998823061968930004e-01 6.010022128391953600e-03 1.116816326752033822e-01 1.189179753322967478e-02 -6.178140875784547681e-03 9.999102953920485648e-01 6.513852292486194129e-02
9.998292724525250641e-01 -1.323698519306617215e-02 -1.289400890929726443e-02 4.992116233982257789e+00 1.337777007636812773e-02 9.998512509638298740e-01 1.089359057058060520e-02 1.254371788788224418e-01 1.274787971851657278e-02 -1.106422716514274610e-02 9.998576201327713520e-01 6.357132835591894349e-02
9.998182856693405007e-01 -1.289137355260795877e-02 -1.404477884227983350e-02 5.218587266397255675e+00 1.310560237699411913e-02 9.997976143210927091e-01 1.526902785597125493e-02 1.359676486891911174e-01 1.384508390295339023e-02 -1.545032196586775333e-02 9.997848758837174499e-01 5.887703898833374777e-02
9.998260705168957596e-01 -1.249995705055212056e-02 -1.384295843274634639e-02 5.445357787495162860e+00 1.271585485010667642e-02 9.997972422694970662e-01 1.561907785384029218e-02 1.398053475950186419e-01 1.364489992045111143e-02 -1.579238969998580239e-02 9.997822855746975046e-01 5.765138032326493078e-02
9.998450110307939287e-01 -1.188018729106718116e-02 -1.299477754832182620e-02 5.675448369230127632e+00 1.204194567289676096e-02 9.998501880293949595e-01 1.244103153773648378e-02 1.389908760233985185e-01 1.284501245438820528e-02 -1.259558984900406575e-02 9.998382721303553655e-01 6.703739247804209322e-02
9.998616627355809694e-01 -1.132151315023061273e-02 -1.218726735706476480e-02 5.910881326728222085e+00 1.142854275546209726e-02 9.998965208009678030e-01 8.748275668969967764e-03 1.345247161736435049e-01 1.208694284125924265e-02 -8.886352408776223080e-03 9.998875742490006546e-01 8.489650473867771385e-02
9.998786568590632973e-01 -1.067665430065753082e-02 -1.134625140163084307e-02 6.152085699668616847e+00 1.077279682365816192e-02 9.999063968807445635e-01 8.446493293495373200e-03 1.333302054401795111e-01 1.125498943163976730e-02 -8.567703506704172842e-03 9.999000705016817259e-01 1.010341808577521761e-01
9.998851367159983239e-01 -9.875509239535489731e-03 -1.149978864284568331e-02 6.399468593176285580e+00 9.995273754266479835e-03 9.998960230742256483e-01 1.040414895000891203e-02 1.404702452470660001e-01 1.139582485693233296e-02 -1.051790188282077446e-02 9.998798676365110438e-01 9.729468114489706054e-02
9.998745111673374986e-01 -9.158388971764267958e-03 -1.292850717161897652e-02 6.647582747790975688e+00 9.329892383248458362e-03 9.998685479422384503e-01 1.326860051275541470e-02 1.514234679738683254e-01 1.280526597635524289e-02 -1.338756202355144247e-02 9.998285097772656727e-01 8.915351523360350028e-02
9.998567692048658806e-01 -8.630152255968680589e-03 -1.456117545079332193e-02 6.894367088989066694e+00 8.847529092417611568e-03 9.998494847559341592e-01 1.493145234979534157e-02 1.572358184857286789e-01 1.443009970831791999e-02 -1.505814987745755264e-02 9.997826183243350151e-01 9.136601611425798630e-02
9.998664039432161310e-01 -7.776424674300792816e-03 -1.437962475745753824e-02 7.146018858408601737e+00 7.994976884888260749e-03 9.998525416112935549e-01 1.520514535394513859e-02 1.595070301558693948e-01 1.425924019439815671e-02 -1.531808280229805981e-02 9.997811242983133395e-01 1.024829201703895409e-01
9.998852514451077589e-01 -6.793755207096031576e-03 -1.354266696127281663e-02 7.413978551788542148e+00 6.998286773513589382e-03 9.998613952305536179e-01 1.511412006188807798e-02 1.625170599068744282e-01 1.343808588097914793e-02 -1.520716507856502940e-02 9.997941938913501581e-01 1.098602976441452606e-01
9.999012851733654061e-01 -6.020225288455738170e-03 -1.269854668695535350e-02 7.686413171701477864e+00 6.234070566955449144e-03 9.998383862089440521e-01 1.686925656850285504e-02 1.708838312758862166e-01 1.259491358952410586e-02 -1.694675831783804681e-02 9.997772041798392850e-01 1.145351646500670922e-01
9.999196921465474119e-01 -5.137074887816286788e-03 -1.158862979405649030e-02 7.960407761149981276e+00 5.376942368533417331e-03 9.997700636728937829e-01 2.076415964444035256e-02 1.817388527805709753e-01 1.147927273041207848e-02 -2.082480668168255541e-02 9.997173821405220817e-01 1.126252467489284731e-01
9.999200610003687872e-01 -4.271277581426058748e-03 -1.190426199111923634e-02 8.234704534498554551e+00 4.544659775534133812e-03 9.997244551054291772e-01 2.303501711284090120e-02 1.892474596517425833e-01 1.180256749595381439e-02 -2.308727982626742475e-02 9.996639357111813950e-01 1.083044206505827112e-01
9.998971647307548505e-01 -3.973207388876305590e-03 -1.378257102940555479e-02 8.510609061737531178e+00 4.285022401751534260e-03 9.997339530706691457e-01 2.266978636371725156e-02 1.875444943627273264e-01 1.368880547982281003e-02 -2.272651618921732800e-02 9.996481560900144503e-01 1.125697488959539749e-01
9.998702568761220766e-01 -3.707406233844493144e-03 -1.567835029714096523e-02 8.786694180349996941e+00 4.019498241149761439e-03 9.997935809369900007e-01 1.992245598057128600e-02 1.851737347148222357e-01 1.560122501324289271e-02 -1.998289256375444800e-02 9.996787519663011823e-01 1.318333677286036010e-01
9.998479212196641486e-01 -3.487342457177545867e-03 -1.708974399589507920e-02 9.069892438837680260e+00 3.793339455314588288e-03 9.998326031523717683e-01 1.790656047016592201e-02 1.857089467243208392e-01 1.702440807731125591e-02 -1.796866663872583383e-02 9.996937639359269046e-01 1.526022785614378763e-01
9.998554152159513375e-01 -3.972813321401506489e-03 -1.653665782425599307e-02 9.360232998206898358e+00 4.253329366061120789e-03 9.998471928465308967e-01 1.696383094201462174e-02 1.874613586432631318e-01 1.646670668982690849e-02 -1.703172000913940470e-02 9.997195111959422675e-01 1.594807341409512635e-01
9.998808529886846763e-01 -4.849697282152672789e-03 -1.465806762123986716e-02 9.658785631296996854e+00 5.104286319823117188e-03 9.998360235103767035e-01 1.738232951922372843e-02 1.894037494365458374e-01 1.457133536246138852e-02 -1.745508415861293100e-02 9.997416332894877300e-01 1.550832751899016426e-01
9.998893354518715304e-01 -5.085415889708125997e-03 -1.398407194899835455e-02 9.957442014601573632e+00 5.348588988137617344e-03 9.998081922261050636e-01 1.884797378897831027e-02 1.956150636126348097e-01 1.388551005561256164e-02 -1.892068967379501726e-02 9.997247316540195383e-01 1.506195214108126401e-01
9.998856390548381823e-01 -4.737828796145685320e-03 -1.436526808436518719e-02 1.025272138413982859e+01 5.029925265444328171e-03 9.997800569718636732e-01 2.036709706997450256e-02 2.021439447578113890e-01 1.426558208183430383e-02 -2.043703078388326225e-02 9.996895349362558969e-01 1.530982833967373391e-01
9.998715990341360271e-01 -4.873723035452269536e-03 -1.526867210270792079e-02 1.054740920713435770e+01 5.160704172427105912e-03 9.998098331387681448e-01 1.881362091395821431e-02 2.028190038842959675e-01 1.517404403682919185e-02 -1.889000862071761599e-02 9.997065909627307345e-01 1.580510619092616031e-01
9.998471645850524059e-01 -5.440210065993826734e-03 -1.661781384806013465e-02 1.084065217775170886e+01 5.667474889548771919e-03 9.998907766327980173e-01 1.366044038844543146e-02 1.966417804441181194e-01 1.654165067338426304e-02 -1.375253999293357156e-02 9.997687727317067230e-01 1.692919511556727763e-01
9.998454234626660275e-01 -5.732486676384474650e-03 -1.662432062039514644e-02 1.112962234166169928e+01 5.884326694531255043e-03 9.999414297149363806e-01 9.099941290232619467e-03 1.907349262895383368e-01 1.657114887260128025e-02 -9.196364041744965398e-03 9.998205766179819598e-01 1.893649459435546578e-01
9.998883559374618368e-01 -6.122883114650885979e-03 -1.363412864573525576e-02 1.142058520901522023e+01 6.236112133097752690e-03 9.999464338198662539e-01 8.278768329637670176e-03 1.936328432130288990e-01 1.358267575376459653e-02 -8.362874700462040109e-03 9.998729611140453333e-01 2.026699375625409250e-01
9.999221089774765758e-01 -6.632964319165802168e-03 -1.057759689318788117e-02 1.171605723475981975e+01 6.747634546188041593e-03 9.999185955146903115e-01 1.084319332558176044e-02 2.043310002077354803e-01 1.050477897216226843e-02 -1.091372810524413733e-02 9.998854492326474386e-01 2.021387176598287427e-01
9.999280720565326686e-01 -7.189923942325157115e-03 -9.605330908028106296e-03 1.200878385226508804e+01 7.314552375566923254e-03 9.998888364512920068e-01 1.300459143871204003e-02 2.151523983125256112e-01 9.510725983202192660e-03 -1.307392053310559889e-02 9.998694888768648870e-01 1.916713675026257280e-01
9.999130191167477921e-01 -7.727209934100711351e-03 -1.069366991796978812e-02 1.229684581100640095e+01 7.869454354879916805e-03 9.998804001254596452e-01 1.332534227741955304e-02 2.185828293044477511e-01 1.058938813361180557e-02 -1.340834218996070186e-02 9.998542198896770428e-01 1.921016212419644764e-01
9.998893264506718559e-01 -8.061847266303335743e-03 -1.250822076135836049e-02 1.257903268388893636e+01 8.198475414379135379e-03 9.999070178840916423e-01 1.091114123815383093e-02 2.129751739025305679e-01 1.241905856439359454e-02 -1.101248753598070215e-02 9.998624308552249706e-01 2.056379723131343540e-01
9.998821751870570207e-01 -8.345859137103679715e-03 -1.288786128267138502e-02 1.286319778491059473e+01 8.449430295592337894e-03 9.999324330552707973e-01 8.003421802159587164e-03 2.092295821236068165e-01 1.282015887683110415e-02 -8.111379269355843344e-03 9.998851151675933746e-01 2.215272220837186112e-01
9.998903278060823352e-01 -8.906475177011369607e-03 -1.183737368080217504e-02 1.315232531209938571e+01 8.972862982933921608e-03 9.999444030546881246e-01 5.567881907335149073e-03 2.129370102090010486e-01 1.178708880059780445e-02 -5.673492042578973799e-03 9.999146346474278024e-01 2.282527190591872868e-01
9.999034134407831509e-01 -9.812752284721540721e-03 -9.848440239152071382e-03 1.343977629351955194e+01 9.865581747082114925e-03 9.999372856484675109e-01 5.330921971008606604e-03 2.209250171035268273e-01 9.795475336776767600e-03 -5.427573829558033150e-03 9.999374944464577419e-01 2.274985973463996836e-01
9.999118931026080848e-01 -1.000606775288725644e-02 -8.729465077762092393e-03 1.372398233594326733e+01 1.006264384690276625e-02 9.999286528118707107e-01 6.462309691124457425e-03 2.269620599387389137e-01 8.664142009894491153e-03 -6.549587803310615020e-03 9.999412196716357393e-01 2.253623619935664901e-01
9.999089566529852924e-01 -9.142202845947073123e-03 -9.930685661223112581e-03 1.400076064868494008e+01 9.215436913006413988e-03 9.999306559041556408e-01 7.354970341042910663e-03 2.286785726727331158e-01 9.862716719918772704e-03 -7.445822766838861885e-03 9.999238477248149071e-01 2.314380345960477536e-01
9.998863007227022370e-01 -8.023774787324033236e-03 -1.277243621734210251e-02 1.427959107039661824e+01 8.105161672059390393e-03 9.999472623018685891e-01 6.333748673876245759e-03 2.306426261765290031e-01 1.272090263949467517e-02 -6.436559351974746775e-03 9.998985822649859578e-01 2.437563307986762851e-01
9.998615107382471390e-01 -7.519105660386484966e-03 -1.485118314961367085e-02 1.456396767730016784e+01 7.607300521406568962e-03 9.999538772959057908e-01 5.891565466423526187e-03 2.320985533380380827e-01 1.480615942672341805e-02 -6.003735015408353907e-03 9.998725738209648384e-01 2.584663121329476287e-01
9.998596501059370256e-01 -7.471804006491999939e-03 -1.499963807237723358e-02 1.485272270369746650e+01 7.572184113186970246e-03 9.999494135068811573e-01 6.646837408878154482e-03 2.343801241674590974e-01 1.494917554241306790e-02 -6.759492371093888015e-03 9.998656278372315409e-01 2.625539812711107368e-01
9.998780747595007456e-01 -7.446065212460000089e-03 -1.373064564114739698e-02 1.513846071326566367e+01 7.555112682647860227e-03 9.999403686757869503e-01 7.907448204606601708e-03 2.408528276686363323e-01 1.367090766790073422e-02 -8.010228600099551094e-03 9.998746857309007696e-01 2.581016335049023946e-01
9.999075770277929820e-01 -7.105801835141103973e-03 -1.159694362778332204e-02 1.542078474153080592e+01 7.217048070040731240e-03 9.999282470657980815e-01 9.579410562151197128e-03 2.452203500533104985e-01 1.152800191068695766e-02 -9.662227779104607880e-03 9.998870924568328267e-01 2.588475374873182022e-01
9.999331879514929966e-01 -7.166296129900418498e-03 -9.078301103005075381e-03 1.570639755108681967e+01 7.259236081686757693e-03 9.999213267231810143e-01 1.024670703175844209e-02 2.498216141711008809e-01 9.004116063932825556e-03 -1.031192990033501407e-02 9.999065203294609239e-01 2.567002732587334579e-01
9.999201659629033401e-01 -7.071803280405390517e-03 -1.047874449859330197e-02 1.599547582962582126e+01 7.156873368060932654e-03 9.999417336750052732e-01 8.103329328671696891e-03 2.558027264277603630e-01 1.042078842902008882e-02 -8.177683212904752683e-03 9.999124948662806434e-01 2.615896112415044272e-01
9.998489989788921228e-01 -6.170497290037358327e-03 -1.625015302466107509e-02 1.627944884579801510e+01 6.314687176770421469e-03 9.999411918073423111e-01 8.837106536466177859e-03 2.593531893406700872e-01 1.619462777602755088e-02 -8.938391797979602926e-03 9.998291431105662541e-01 2.816176205141278643e-01
9.997473825503810918e-01 -5.051362019026562657e-03 -2.190507576140332535e-02 1.655424310225489393e+01 5.325505222088748776e-03 9.999081817285715434e-01 1.247512725272678126e-02 2.602714452728470129e-01 2.184000631296825409e-02 -1.258863463183123796e-02 9.996824661563797898e-01 3.017521788233341051e-01
9.997156805292450876e-01 -4.873431697881033461e-03 -2.334492816475765634e-02 1.683517086382186534e+01 5.211647693243061721e-03 9.998822051491682572e-01 1.444915996541198434e-02 2.591560999243369134e-01 2.327171993503467096e-02 -1.456672068486575093e-02 9.996232953016993550e-01 3.074850278289322225e-01
9.997675721916049474e-01 -4.805658675317734004e-03 -2.102112182492898301e-02 1.712910700773728578e+01 5.050220577288716192e-03 9.999201830337318686e-01 1.159686208129075656e-02 2.578285160719118174e-01 2.096367223834305279e-02 -1.170033130945825374e-02 9.997120208103852379e-01 3.062900761928319948e-01
9.998274897501101544e-01 -5.083263672017559846e-03 -1.786999386806561660e-02 1.743966353229284039e+01 5.182693843452003055e-03 9.999715046624986226e-01 5.522873317862437084e-03 2.597778158037729601e-01 1.784136663903428816e-02 -5.614540772980802091e-03 9.998253205771487906e-01 3.086473756411005631e-01
9.998603798785676844e-01 -4.938674930833558338e-03 -1.596946986299193141e-02 1.775531035636629795e+01 5.007055241746981647e-03 9.999786383363044040e-01 4.245656694240419922e-03 2.659845135280314854e-01 1.594811717693482567e-02 -4.325029197515194504e-03 9.998637255538774804e-01 3.192878108967527884e-01
9.998672975373421590e-01 -4.081223361417148088e-03 -1.577735639071347132e-02 1.806761485608067019e+01 4.219340673528054753e-03 9.999531659795859451e-01 8.731690120626718968e-03 2.760229267887842619e-01 1.574093670909084558e-02 -8.797106670810564064e-03 9.998376656491058112e-01 3.159241893151384373e-01
9.998277040927393555e-01 -2.204561537998430375e-03 -1.843637269753885602e-02 1.837778293782608685e+01 2.536603866591332669e-03 9.998348312792681991e-01 1.800726544707171445e-02 2.848006496670945631e-01 1.839358483911927508e-02 -1.805093354255588381e-02 9.996681318284639239e-01 3.129504731518645833e-01
9.998067076894224803e-01 -3.836572259287073590e-04 -1.966222178479458058e-02 1.868677314756084940e+01 8.894262354205130722e-04 9.996689404973551074e-01 2.572182283350072859e-02 2.858177693459145186e-01 1.964579657365089077e-02 -2.573434602755991785e-02 9.994760279437789885e-01 3.155324257762870954e-01
9.998546111452807361e-01 4.973657978985769005e-04 -1.705030833472235760e-02 1.900132937893128471e+01 -1.099144691216508190e-04 9.997420844694870912e-01 2.271890504090782678e-02 2.800090134567365663e-01 1.705716304572021946e-02 -2.271373488866968923e-02 9.995967622022465804e-01 3.279922450645442744e-01
9.998978606868228480e-01 1.216206605536043241e-03 -1.424762040114504330e-02 1.933050112268265508e+01 -1.074786130655029865e-03 9.999503061077429367e-01 9.931355399281182120e-03 2.746165993783873938e-01 1.425894335980518006e-02 -9.915035456527023644e-03 9.998494533618762503e-01 3.537521360704394824e-01
9.998943044387774703e-01 2.148915734621980808e-03 -1.438638948095290714e-02 1.966644589433031243e+01 -2.157403527575466832e-03 9.999977160114158492e-01 -5.725203235551544305e-04 2.725823189392658219e-01 1.438507654767657608e-02 6.034891715366815824e-04 9.998966308069177078e-01 3.812150486001656957e-01
9.998056451561877500e-01 3.451869390428271948e-03 -1.941572767152218229e-02 2.000352097555362363e+01 -3.493692896017772630e-03 9.999918589995459017e-01 -2.119200595931573956e-03 2.674093739968032013e-01 1.940820468462062937e-02 2.186612532350224770e-03 9.998095396627580955e-01 3.928186678983708324e-01
9.995943478289376349e-01 5.383279147236054440e-03 -2.797110540672313045e-02 2.032869105496866524e+01 -5.297994813962394328e-03 9.999812963741472327e-01 3.123240327964018140e-03 2.598427398269334554e-01 2.798734499700280404e-02 -2.973791583588353358e-03 9.996041465827648631e-01 3.866574066238681606e-01
9.992474818393302094e-01 7.584319404727027022e-03 -3.804178942971491589e-02 2.065297258646401346e+01 -7.232847430812605789e-03 9.999301598548896441e-01 9.369023649604660622e-03 2.544378557429142762e-01 3.811013973963142676e-02 -9.086830802225501907e-03 9.992325249261158060e-01 3.848333157671898208e-01
9.987473819346741610e-01 9.229239805988088963e-03 -4.918057147242795024e-02 2.098440067791370112e+01 -8.652277211681798710e-03 9.998915863550325023e-01 1.193204009952325388e-02 2.566334590878247557e-01 4.928531169496381398e-02 -1.149157606163059633e-02 9.987189327058246802e-01 3.945745152872103256e-01
9.981157161437991254e-01 9.878277411022347645e-03 -6.056139153509388501e-02 2.131625110563357239e+01 -9.275117460929127589e-03 9.999048365628797619e-01 1.023289280431358313e-02 2.590079186395622401e-01 6.065665954772619939e-02 -9.651903019072786624e-03 9.981123294540928947e-01 4.224815605557109555e-01
9.974236926974784367e-01 1.071512411474526659e-02 -7.093245034568199103e-02 2.164801664173267426e+01 -1.022811718173081454e-02 9.999217970999826344e-01 7.225719889628063296e-03 2.541511419389518300e-01 7.100427460082481268e-02 -6.481603935235813116e-03 9.974552623682461094e-01 4.579663516283258851e-01
9.967504558737663167e-01 1.204722352245128462e-02 -7.964698633230153646e-02 2.198580816449368669e+01 -1.180813832112687090e-02 9.999244679289558402e-01 3.472387725997603571e-03 2.439965646462583237e-01 7.968274923490478723e-02 -2.520626806588939939e-03 9.968174005370570301e-01 4.821082977716855122e-01
9.960642323623777328e-01 1.305871799824263359e-02 -8.766849225878525775e-02 2.233549043399514034e+01 -1.316410135050065551e-02 9.999133717554296030e-01 -6.237590682877780903e-04 2.287638443036415226e-01 8.765269798975261484e-02 1.775375371546127892e-03 9.961498278010268992e-01 4.960936213820784091e-01
9.953185167425379065e-01 1.367740824346144052e-02 -9.567773682745289721e-02 2.268050281079773001e+01 -1.431572842307445546e-02 9.998798139849786049e-01 -5.988056723603022401e-03 2.116540667472348036e-01 9.558428085696982213e-02 7.329713945195989039e-03 9.953946721392487040e-01 5.131615060678813567e-01
9.946938089830017482e-01 1.429148719148046372e-02 -1.018834767164178284e-01 2.301664192464381031e+01 -1.527827223188089716e-02 9.998437885440752959e-01 -8.911436330639106382e-03 1.977053011907666524e-01 1.017401482542273916e-01 1.042074458904595005e-02 9.947567518142067522e-01 5.476294712725134906e-01
9.945473028969932239e-01 1.615952849567091343e-02 -1.030281412548781500e-01 2.334675982396828786e+01 -1.669218537259544929e-02 9.998516110163409021e-01 -4.309706690371520321e-03 2.006584504492998910e-01 1.029431534735672782e-01 6.005963398727491576e-03 9.946694369138806557e-01 5.872418678588855467e-01
9.946699486932253365e-01 1.882090064191470347e-02 -1.013791762723615514e-01 2.369376768929420862e+01 -1.829531041713110956e-02 9.998141721168616325e-01 6.111903097319285570e-03 2.167571096335545178e-01 1.014753100969226773e-01 -4.224569658512425212e-03 9.948294208325429988e-01 6.134716921650574806e-01
9.947290098973873285e-01 2.052282826973506752e-02 -1.004653385993399400e-01 2.405175619595665992e+01 -1.925627696293077604e-02 9.997228422351605026e-01 1.356061760639020071e-02 2.211474094673883950e-01 1.007157369551871517e-01 -1.155455778673027123e-02 9.948484811891268320e-01 6.313151038095078382e-01
9.945920043034454094e-01 2.083136264931395240e-02 -1.017500551103524692e-01 2.439978038999128884e+01 -2.001657428167722894e-02 9.997591709308430996e-01 9.022414325791837386e-03 2.016336870662891745e-01 1.019134386921111274e-01 -6.936940443710050419e-03 9.947694249305482073e-01 6.648111719382223672e-01
9.943536750056218843e-01 2.021995066656638931e-02 -1.041738805377431798e-01 2.473461526864264926e+01 -2.081074744586879424e-02 9.997731464881584040e-01 -4.587233829158371759e-03 1.731151485079624464e-01 1.040574320570671896e-01 6.729261948333765953e-03 9.945488695303955629e-01 7.200952373997254741e-01
9.942268825801579002e-01 1.917304877824737783e-02 -1.055726181435668182e-01 2.507557311691702751e+01 -2.091429984892134372e-02 9.996627350942665080e-01 -1.541086687107050615e-02 1.558431968860063133e-01 1.052414712831813287e-01 1.752986709035832258e-02 9.942925287100209397e-01 7.833149759565019021e-01
9.942797688062136041e-01 1.868555096731994852e-02 -1.051611618667472742e-01 2.543437413792967305e+01 -2.041780529241090172e-02 9.996728655256806872e-01 -1.541979555685235245e-02 1.530477202338256515e-01 1.048385646504793184e-01 1.747874253898184724e-02 9.943359965845083304e-01 8.270271053068539713e-01
9.942323797950043396e-01 2.030725898706976784e-02 -1.053084535495404928e-01 2.580639175328328605e+01 -2.115881337537943441e-02 9.997520478833553659e-01 -6.975194245445154317e-03 1.564489750702209026e-01 1.051406234895984060e-01 9.163158362911805882e-03 9.944155073353375673e-01 8.449464916803024472e-01
9.936502522885014566e-01 2.339942367935889805e-02 -1.100541860762941498e-01 2.618553184359058861e+01 -2.315231957845091323e-02 9.997259970982894650e-01 3.522916797954083953e-03 1.565473525886363348e-01 1.101063924617757400e-01 -9.525451589739206788e-04 9.939197123333537442e-01 8.639397120289595833e-01
9.929456855407455818e-01 2.552022135456292681e-02 -1.157923512915365188e-01 2.655965207796759842e+01 -2.454650656402870487e-02 9.996506384903697251e-01 9.827664521044469567e-03 1.491110052169948019e-01 1.160026282166494310e-01 -6.916048253813211061e-03 9.932251930128294104e-01 8.995504086564348745e-01
9.927256340990467942e-01 2.490562520168790664e-02 -1.177956350105449218e-01 2.693217293821189884e+01 -2.420524217821110394e-02 9.996800815843362997e-01 7.372972462055038534e-03 1.336164048194398157e-01 1.179415015400381572e-01 -4.468076064899739741e-03 9.930108606708794028e-01 9.557437405536446384e-01
9.929933671295887443e-01 2.221595647640809551e-02 -1.160642549453998196e-01 2.731881873055239041e+01 -2.298028916910781552e-02 9.997223903131160494e-01 -5.251171577080096173e-03 1.151333031327541334e-01 1.159152963142094095e-01 7.881558860089577997e-03 9.932282025428738059e-01 1.015753019626186360e+00
9.932804374162831351e-01 2.074957151112567094e-02 -1.138583184629734235e-01 2.771241706590561549e+01 -2.287240563776144972e-02 9.995877550573217807e-01 -1.736966060289057631e-02 1.045190837767472902e-01 1.134508887442224195e-01 1.985714704257251703e-02 9.933455259472382393e-01 1.071738038906029589e+00
9.932895888437716092e-01 2.181316582046197161e-02 -1.135793537525586760e-01 2.811894318551068039e+01 -2.371561764338150219e-02 9.996000045816433310e-01 -1.542554986864214626e-02 1.032522647419403666e-01 1.131973589233106203e-01 1.801563291966588182e-02 9.934095601485920524e-01 1.118595451437131238e+00
9.930855155437482429e-01 2.406860386115005496e-02 -1.149006192599773546e-01 2.854338665456478807e+01 -2.446013977832433781e-02 9.996990835618237980e-01 -1.998578688443886520e-03 9.776630188501364560e-02 1.148178567915808662e-01 4.795235398874449217e-03 9.933753710885941945e-01 1.145863996662078055e+00
9.931365804976263201e-01 2.488825667530443486e-02 -1.142829774794134196e-01 2.897881368256995316e+01 -2.419247800381199576e-02 9.996796772652990493e-01 7.471462484753304233e-03 7.731735962862125444e-02 1.144322360477641326e-01 -4.655403384915981699e-03 9.934205342358857216e-01 1.170965914952558640e+00
9.936183908496858397e-01 2.380550726696122055e-02 -1.102546376031758035e-01 2.941051919884850818e+01 -2.363259451370926939e-02 9.997168586750689867e-01 2.875170906329617068e-03 6.145637591948841655e-02 1.102917771754526183e-01 -2.512297125794423413e-04 9.938996109702036286e-01 1.226147350963002092e+00
9.942373447917949303e-01 2.232377162093795650e-02 -1.048525043660942235e-01 2.983531878385866776e+01 -2.332195274254192374e-02 9.996938128781600597e-01 -8.303101115991140535e-03 6.260239259189315231e-02 1.046349541610636091e-01 1.070060709925643207e-02 9.944535242087445548e-01 1.305166111554812103e+00
9.945586310295126964e-01 2.182965711758815333e-02 -1.018670328841043971e-01 3.026513209020213679e+01 -2.328209743851355693e-02 9.996435178610648675e-01 -1.309073468533472964e-02 7.055926303952328449e-02 1.015448632618583952e-01 1.539116977417629914e-02 9.947122967564221430e-01 1.373247464858310174e+00
9.943607118689826718e-01 2.246706073447008942e-02 -1.036450832735896777e-01 3.071360091622191746e+01 -2.342484315082569643e-02 9.996936262804188011e-01 -8.032634898545337396e-03 6.171505755427152823e-02 1.034327693944111920e-01 1.041519482793021312e-02 9.945823212712840977e-01 1.413219882445533981e+00
9.941657725878179086e-01 2.376509982474692834e-02 -1.052137547222404129e-01 3.117971545242689757e+01 -2.376801454673000205e-02 9.997170465556554086e-01 1.226572859225717694e-03 3.395118497820628217e-02 1.052130433857981912e-01 1.281293977258861913e-03 9.944492872173544828e-01 1.431905225272536830e+00
9.942767559754490669e-01 2.387277217051864478e-02 -1.041351166157120089e-01 3.165711104212406113e+01 -2.368853646869493318e-02 9.997151718142245347e-01 3.006081016900834756e-03 1.324752277466898463e-02 1.041771309182733946e-01 -5.220785224372136461e-04 9.945590362746813407e-01 1.469485688839029303e+00
9.946221163538609966e-01 2.267519170003387888e-02 -1.010592948293216470e-01 3.212177658355670928e+01 -2.302172639703167767e-02 9.997327099719912624e-01 -2.263607300937018306e-03 1.442023449270117899e-02 1.009808658389773350e-01 4.577982534765296686e-03 9.948782528979869255e-01 1.536572694083464752e+00
9.947567756072006606e-01 2.245207359135846167e-02 -9.977556021366339178e-02 3.258137397280407299e+01 -2.319370919780711082e-02 9.997115891518820741e-01 -6.278853471317677633e-03 2.584560614880233517e-02 9.960572065568162881e-02 8.560086574715367047e-03 9.949905908032665725e-01 1.614357496179587015e+00
9.945936243896835727e-01 2.365530579425861174e-02 -1.011150348579177016e-01 3.305788184522945272e+01 -2.395931497948805208e-02 9.997116466979070193e-01 -1.792715434314278832e-03 2.238247064377180476e-02 1.010433796631357017e-01 4.205659210316533766e-03 9.948735618831667793e-01 1.668135388245771011e+00
9.944273392495486252e-01 2.418816665925803758e-02 -1.026133590824116482e-01 3.356040489070000632e+01 -2.386624389662951942e-02 9.997059569845553328e-01 4.364311671583675015e-03 -7.891819848628406050e-04 1.026886588606494011e-01 -1.891006509237805984e-03 9.947121824431556236e-01 1.696304903670929232e+00
9.942728442452530846e-01 2.352623178279285299e-02 -1.042513083560595993e-01 3.405711541961775879e+01 -2.317241766126003355e-02 9.997212052011360539e-01 4.604183313189849462e-03 -2.502126667363945706e-02 1.043304696206401039e-01 -2.162069100556942517e-03 9.945407724643644531e-01 1.727042788267617812e+00
9.938372077236015123e-01 2.296665058077239710e-02 -1.084455961432677917e-01 3.453486757062258761e+01 -2.316813673959198377e-02 9.997317328404188297e-01 -5.979627635954625278e-04 -3.099749527623233206e-02 1.084026762855730686e-01 3.106750790468881460e-03 9.941026553892525763e-01 1.794433749777501141e+00
9.932584619618245458e-01 2.266253827501661655e-02 -1.136853050527616982e-01 3.501022975367499157e+01 -2.335861410324648751e-02 9.997159873253788076e-01 -4.794122595880974391e-03 -3.492531623755159437e-02 1.135442739807991791e-01 7.417325269084036957e-03 9.935056967130846406e-01 1.874596030872357932e+00
9.931482395791089157e-01 2.285296652395991251e-02 -1.146064218448612088e-01 3.550641608483340406e+01 -2.350380864012291404e-02 9.997147049512621342e-01 -4.330538483467550812e-03 -4.800233007932613177e-02 1.144746620913504459e-01 6.994546157710402820e-03 9.934019983601832804e-01 1.932369796421421038e+00
9.934529721101070798e-01 2.317968090082971055e-02 -1.118669410981326384e-01 3.602185863418181100e+01 -2.355827584245353407e-02 9.997206765111287252e-01 -2.063385797530099732e-03 -6.208561467018917229e-02 1.117877675268816179e-01 4.685261407714226556e-03 9.937215176647006265e-01 1.968935733483153205e+00
9.935816900911026428e-01 2.342538294657504211e-02 -1.106661515240184301e-01 3.653638292559814715e+01 -2.347524563092134517e-02 9.997244029894972739e-01 8.526111269165852864e-04 -6.894231845204759623e-02 1.106555259484462150e-01 1.750769339454966850e-03 9.938577453934727135e-01 2.011924147433245658e+00
9.936514697256848550e-01 2.339892245083379646e-02 -1.100434876802923179e-01 3.704306222130026782e+01 -2.297412370645248933e-02 9.997232683604908576e-01 5.126825602137625136e-03 -7.528022373217621577e-02 1.101328980270555591e-01 -2.566131776971196723e-03 9.939140314063892312e-01 2.076264327955111622e+00
9.940928390190397756e-01 2.277397893959521094e-02 -1.061183434936479320e-01 3.754823531285794047e+01 -2.223365249535007998e-02 9.997334810177916919e-01 6.272161447970324953e-03 -8.625067813996070698e-02 1.062328038681139286e-01 -3.875719140002080367e-03 9.943342094365000827e-01 2.141095226731981604e+00
9.945060130632620288e-01 2.162883210188479635e-02 -1.024222318436660284e-01 3.805514278915097748e+01 -2.165938882630919979e-02 9.997654348445172978e-01 8.139323195764120583e-04 -9.453898453626212450e-02 1.024157117171197034e-01 1.408935319225613656e-03 9.947411698368805455e-01 2.203465910675207251e+00
9.944067032726732203e-01 2.106264382110245581e-02 -1.034988136294520411e-01 3.856400563328341491e+01 -2.168962828635708634e-02 9.997529292699998127e-01 -4.936056317311894939e-03 -1.019760628924715473e-01 1.033691750556462036e-01 7.153291270872458134e-03 9.946178214699138431e-01 2.262875749742961240e+00
9.939577113858731883e-01 2.148590906414392723e-02 -1.076418484259552139e-01 3.907596979819179950e+01 -2.214667755444077804e-02 9.997428560788389484e-01 -4.946791530586371576e-03 -1.136158023483473389e-01 1.075077818838807431e-01 7.300803839932733415e-03 9.941779291786346784e-01 2.324030916945378777e+00
9.938331850782685661e-01 2.202437730871122101e-02 -1.086778315292259434e-01 3.959548721755524525e+01 -2.213786444834749817e-02 9.997552826572724261e-01 1.623075247398533924e-04 -1.305136871023659662e-01 1.086547091254607134e-01 2.244581511415820116e-03 9.940775160986702330e-01 2.376385928720577745e+00
9.940864482391221779e-01 2.227870588910274910e-02 -1.062832975986297002e-01 4.011648585134212652e+01 -2.216198266791250676e-02 9.997521673216120952e-01 2.279281283700372411e-03 -1.437824401604706759e-01 1.063076341730021940e-01 8.963934719930020771e-05 9.943337876328022240e-01 2.421813212792498504e+00
