1.000000000000000000e+00 0.000000000000000000e+00 0.000000000000000000e+00 0.000000000000000000e+00 0.000000000000000000e+00 1.000000000000000000e+00 0.000000000000000000e+00 0.000000000000000000e+00 0.000000000000000000e+00 0.000000000000000000e+00 1.000000000000000000e+00 0.000000000000000000e+00
9.999999956446837812e-01 -9.143091594309095589e-05 -1.873553098034119055e-05 -2.283128886834609808e-03 9.143364008320957004e-05 9.999999852420293767e-01 1.454504403337861013e-04 4.602966876328687569e-03 1.872223203685873284e-05 -1.454521527580998326e-04 9.999999892465746276e-01 -4.411932378921571882e-04
9.999999904761482927e-01 -1.174559262728268246e-04 -7.246936429973409679e-05 4.104103786189963396e-04 1.174736282974921093e-04 9.999999632555047757e-01 2.443131921146116711e-04 2.914915908979588341e-03 7.244066560460339340e-05 -2.443217030269738020e-04 9.999999675296271651e-01 -1.992473828475844165e-03
9.999999927279674683e-01 -4.457740608455313362e-05 -1.120576633286552023e-04 2.185435404830756920e-04 4.459235071772295957e-05 9.999999901124360102e-01 1.333666008270361508e-04 -5.329266343646714421e-05 1.120517170835547008e-04 -1.333715967718136547e-04 9.999999848282148385e-01 3.375535561202951985e-04
9.999999999735759149e-01 -5.700315526880766109e-06 4.511593563069422584e-06 -4.801055080878113487e-03 5.700732808198978954e-06 9.999999957059694244e-01 -9.249628519759464282e-05 1.061747624508082005e-03 -4.511066285685810692e-06 9.249631091453995330e-05 9.999999957120413452e-01 1.936110159597085982e-03
9.999999977118121386e-01 2.771194049551318402e-05 6.171242990422058834e-05 -4.276353318012420315e-03 -2.770504362612194430e-05 9.999999933714867062e-01 -1.117562395018642150e-04 1.155214640522442705e-03 -6.171552647741801836e-05 1.117545295005821753e-04 9.999999918510594776e-01 3.956784265045716793e-03
9.999999999315305477e-01 -6.354122657948755033e-06 -9.826701311464878434e-06 2.064669332102263104e-04 6.354587416854987636e-06 9.999999988613439417e-01 4.729620770659784794e-05 1.410700737464732268e-03 9.826400774370623614e-06 -4.729627014799199844e-05 9.999999988332523015e-01 4.140852973585709002e-03
9.999999909195909087e-01 -1.278818830409406257e-04 -4.250931839343311490e-05 -1.682208337009107393e-03 1.278865881630943341e-04 9.999999856952426214e-01 1.107002038217046115e-04 2.617245370008036611e-03 4.249516123482989570e-05 -1.107056391881959480e-04 9.999999929692113820e-01 4.764369795505971061e-04
9.999999971290858269e-01 -7.574570393148005558e-05 -2.101601278959779494e-06 -6.279805367207290899e-03 7.574601108987919417e-05 9.999999863940843836e-01 1.465413689978801895e-04 -5.007473600469620340e-05 2.090501371215742821e-06 -1.465415277650862773e-04 9.999999892606051821e-01 5.550215114914799734e-04
9.999999992159086526e-01 -3.959371406629441431e-05 7.214707734317703458e-07 -3.841890717992918307e-03 3.959363788456057365e-05 9.999999936733802164e-01 1.052880966126491948e-04 2.273229751829673913e-03 -7.256395156591648171e-07 -1.052880679644411485e-04 9.999999944569480936e-01 2.814118809521169284e-03
9.999999981398643989e-01 5.889822897409556133e-05 1.585149070868644095e-05 2.417806134589191129e-04 -5.889696286614624378e-05 9.999999950766256251e-01 -7.986173356714624963e-05 1.190584536312986816e-03 -1.585619434531352251e-05 7.986079981393296313e-05 9.999999966854168365e-01 4.591175178284766581e-03
9.999999980995477600e-01 3.933030904478694481e-05 4.747663880611258504e-05 2.355861710153602049e-03 -3.932713529794149530e-05 9.999999969923818455e-01 -6.684768286141164098e-05 2.968827813404543211e-03 -4.747926780334685130e-05 6.684581561417300276e-05 9.999999966386780015e-01 -5.186581953246305679e-04
9.999999989898377128e-01 -4.129553504583843512e-05 -1.774833157353176394e-05 3.972717028175639514e-05 4.129789945388101275e-05 9.999999902709401089e-01 1.332388952692531415e-04 1.189729065681694505e-03 1.774282922938812132e-05 -1.332396281034730441e-04 9.999999909661967390e-01 -1.671313795320828952e-03
9.999999935920248495e-01 -3.235803333742601114e-05 -1.084845979927150924e-04 1.580392634051965353e-03 3.238142860035942073e-05 9.999999762210309839e-01 2.156603361913975072e-04 -3.363294826575572924e-03 1.084776170687151475e-04 -2.156638476957155684e-04 9.999999708608552362e-01 -2.727709757832218890e-04
9.999999918691956369e-01 8.661178372884904548e-05 -9.359491177568858599e-05 -1.905927040312944791e-03 -8.659808394402589756e-05 9.999999855386896286e-01 1.463673201398743031e-04 -3.466245476503405920e-03 9.360758755686043799e-05 -1.463592138097635537e-04 9.999999849082998882e-01 3.893948931467957827e-03
9.999999983807000836e-01 5.154819534609729145e-05 -2.411189384783523604e-05 -3.041483139468577519e-03 -5.154744300247300225e-05 9.999999981846556807e-01 3.120175968259349911e-05 -2.647189508271537151e-03 2.411350219846710496e-05 -3.120051672559468500e-05 9.999999992225333534e-01 1.754724793082639532e-03
9.999999981606986221e-01 -6.023640863386289627e-05 7.083635116771808949e-06 -3.061896160692211856e-03 6.023582287516610003e-05 9.999999947692385094e-01 8.266298259200487457e-05 7.685338962641148543e-04 -7.088614400917308648e-06 -8.266255575137253654e-05 9.999999965583267203e-01 1.702805662317010207e-03
9.999999949925365561e-01 -9.202217646228991058e-05 -3.932996120916804853e-05 -3.352008376307290087e-04 9.202768037557833747e-05 9.999999859706175664e-01 1.399631046725191617e-04 2.673219486426022841e-03 3.931708094787659234e-05 -1.399667234167583762e-04 9.999999894317417315e-01 1.885265402095423481e-03
9.999999968157149421e-01 -3.902359787794822886e-05 -6.961126940492009293e-05 -7.039284451312599090e-04 3.903120312355636549e-05 9.999999932699477068e-01 1.092550677142782188e-04 4.072193182461636071e-03 6.960700541060398474e-05 -1.092577843779747636e-04 9.999999916088005980e-01 8.948950440795953778e-04
9.999999992795697290e-01 2.169742606380937490e-05 -3.114614179717434706e-05 -3.671597669076110239e-04 -2.169496383776259882e-05 9.999999966400447970e-01 7.905212755197580526e-05 1.106006027714823148e-03 3.114785692021744773e-05 -7.905145178060429985e-05 9.999999963903394296e-01 8.376744471311944320e-04
9.999999997523190132e-01 1.796031236001578675e-05 -1.314492833751762343e-05 -1.804264000612646086e-03 -1.796003014269865084e-05 9.999999996082494791e-01 2.146947646171625622e-05 -9.041980577008268015e-04 1.314531393087154828e-05 -2.146924037308951277e-05 9.999999996831362425e-01 7.164899013873740879e-04
9.999999993829805645e-01 1.670605963998338052e-05 -3.090220627389578110e-05 2.029998364525004671e-03 -1.670293200238260863e-05 9.999999947389451860e-01 1.012083081572728220e-04 2.908342435595187049e-03 3.090389690334971804e-05 -1.012077919373752103e-04 9.999999944009659858e-01 -3.665309414415581770e-04
9.999999991660549759e-01 -8.822888689391054568e-06 -3.987538985020632333e-05 3.651963616876962963e-03 8.827890348389514808e-06 9.999999920942159726e-01 1.254337928012063742e-04 2.070743230714600959e-03 3.987428284656832883e-05 -1.254341447121706647e-04 9.999999913381584227e-01 3.283624572300298909e-05
9.999999979617484325e-01 -3.983088151566703089e-05 -4.989994012032894060e-05 -6.942864820728917100e-04 3.983545303537719141e-05 9.999999950098146240e-01 9.161608747318865712e-05 -2.058320223288656863e-03 4.989629072179391976e-05 -9.161807507317315817e-05 9.999999945582441763e-01 1.466581537021702502e-03
9.999999958073844120e-01 -8.047867829574079351e-05 -4.368539347682083405e-05 -6.962188663696451327e-03 8.048449487855539549e-05 9.999999878951090215e-01 1.331616610654831102e-04 8.402833677448500252e-04 4.367467627353169047e-05 -1.331651765040150202e-04 9.999999901797791413e-01 1.464006472188053532e-03
9.999999994167009243e-01 3.006471376998852364e-05 1.620836787778860032e-05 -2.527135504988650347e-02 -3.006538683805273126e-05 9.999999986857771583e-01 4.152731748808633508e-05 -3.882882526758912357e-03 -1.620711934957327698e-05 -4.152780477471375195e-05 9.999999990063853650e-01 -2.154945336210782429e-03
9.999999792334874904e-01 2.023767875537059403e-04 -2.401375454704567618e-05 -4.980208417387636810e-02 -2.023759710278796582e-04 9.999999789439835141e-01 3.399998192032399879e-05 -1.239529651743620682e-02 2.402063484852958472e-05 -3.399512140736846128e-05 9.999999991336704364e-01 1.328060920789166099e-04
9.999999307424857209e-01 2.042998800974896948e-04 -3.110893485182061728e-04 -5.311731924550015804e-02 -2.042646871150628806e-04 9.999999727358526158e-01 1.131557843332029286e-04 -1.638987369267840000e-02 3.111124577497919002e-04 -1.130922319278746723e-04 9.999999452095913455e-01 1.213938992327464684e-03
9.999998443002572346e-01 2.324159880860981065e-04 -5.073285618509548994e-04 -2.487444189561892338e-02 -2.323466527883705874e-04 9.999999636610489295e-01 1.367221037886825466e-04 -1.706024025897757979e-02 5.073603198180124535e-04 -1.366042064078761649e-04 9.999998619623887697e-01 5.518161829235000704e-03
9.999997231376842599e-01 1.401248635159334157e-04 -7.308143249331803919e-04 1.268686847629439500e-02 -1.399867113413583869e-04 9.999999723250255768e-01 1.890864053338526488e-04 -1.328217631986983865e-02 7.308408004146527050e-04 -1.889840486890040328e-04 9.999997150783362931e-01 6.147793609637555202e-03
9.999995387006754832e-01 7.264243208756178882e-05 -9.577690292255836750e-04 6.717810290624702529e-02 -7.233821836086329706e-05 9.999999469302053301e-01 3.176582577500909241e-04 -4.838659660647092083e-03 9.577920538653936526e-04 -3.175888279093758170e-04 9.999994908857293696e-01 2.651807629308016237e-03
9.999993913940342649e-01 1.940202064062681512e-04 -1.086079058139528992e-03 1.138011371823073742e-01 -1.935054259275422709e-04 9.999998689086795345e-01 4.740656852360518965e-04 -1.429559885259265150e-03 1.086170894086090771e-03 -4.738552345261114445e-04 9.999992978467562299e-01 6.706951196142879774e-03
9.999992718867183328e-01 2.479713883182401812e-04 -1.180989510393957911e-03 1.704808080740789211e-01 -2.473843065744531764e-04 9.999998457815649777e-01 4.972301791494804961e-04 -3.628918109838986938e-03 1.181112627121441369e-03 -4.969376588384826062e-04 9.999991790126255831e-01 9.900192350823221535e-03
9.999992496396965524e-01 1.218443503265024614e-04 -1.218964313758063916e-03 2.507502323292739588e-01 -1.213198462676973660e-04 9.999999000396091464e-01 4.303513292982288625e-04 3.542496668983281111e-03 1.219016627788045140e-03 -4.302031218165238151e-04 9.999991644615184860e-01 1.046109965338946034e-02
9.999991286232231547e-01 5.434899675433734097e-04 -1.203067516673266609e-03 3.903074645949341503e-01 -5.426474178796016328e-04 9.999996073815561326e-01 7.005501505642343450e-04 6.624556106892187136e-03 1.203447786305363119e-03 -6.998966986396445988e-04 9.999990309285489154e-01 1.236015173870070281e-02
9.999986537556201371e-01 9.453841249766012931e-04 -1.341169565585867765e-03 5.718041763597545568e-01 -9.433177283515141323e-04 9.999983684441887677e-01 1.540539069280091487e-03 5.834798486589631850e-03 1.342623778572872659e-03 -1.539271846310084771e-03 9.999979139996104660e-01 1.347508474396536329e-02
9.999984471326380797e-01 9.165519494859020525e-04 -1.505212555222937851e-03 7.113016317410654210e-01 -9.111313314076703238e-04 9.999931121774945364e-01 3.597976829519311005e-03 1.271538144329048721e-02 1.508499920263325347e-03 -3.596599796019031743e-03 9.999923944200265202e-01 2.909601048709091128e-02
9.999985027660686088e-01 7.749490326488066554e-04 -1.547229659062817351e-03 8.175947168784255537e-01 -7.675947343509256868e-04 9.999884328523658272e-01 4.748153303461769351e-03 2.865207189182010505e-02 1.550891338838313082e-03 -4.746958549026403240e-03 9.999875304825500688e-01 1.595027448161566441e-02
9.999977718092957213e-01 1.426761576614231754e-03 -1.555868840002362988e-03 9.378646849601268709e-01 -1.420834394358224837e-03 9.999917552267308940e-01 3.804038404856700285e-03 3.029408945089917884e-02 1.561283468048555324e-03 -3.801819296772702451e-03 9.999915542463181373e-01 9.844212872876557247e-03
9.999942192619796222e-01 2.907056484425025577e-03 -1.763651105001149896e-03 1.122131243370851461e+00 -2.902623654124951696e-03 9.999926352673310648e-01 2.510814015635816528e-03 2.302923184987992755e-02 1.770937194347579468e-03 -2.505680285862774137e-03 9.999952926627998506e-01 1.283217164203642388e-02
9.999898739279911020e-01 4.053548126834866962e-03 -1.954683878253993430e-03 1.345792825434670714e+00 -4.049794087206760700e-03 9.999899550196921227e-01 1.920684139932256730e-03 1.102274559379128743e-02 1.962449829090591978e-03 -1.912748623733837939e-03 9.999962450846356932e-01 2.668783487963936191e-02
9.999892089463389144e-01 4.106969331901692138e-03 -2.171357589664750683e-03 1.532009286069510479e+00 -4.104017884297902000e-03 9.999906509848119907e-01 1.361976570059599120e-03 7.398237755268337670e-03 2.176930885613669736e-03 -1.353050582516156361e-03 9.999967151076250005e-01 1.321411355875573568e-02
9.999863099531554056e-01 4.675273248830093438e-03 -2.349835381610703745e-03 1.696484054229067562e+00 -4.675792178767588202e-03 9.999890452269875052e-01 -2.153915481506929117e-04 -2.467894852598772823e-04 2.348802625354388593e-03 2.263759413290354584e-04 9.999972159362046087e-01 -5.115056943949709833e-04
9.999761597172531769e-01 5.759934856703963386e-03 -3.808299828147885570e-03 1.928386024304930446e+00 -5.780103722182533370e-03 9.999692157594355368e-01 -5.306405037341773920e-03 -1.305369890863616704e-02 3.777618045191459897e-03 5.328290899157178684e-03 9.999786692314984737e-01 4.174484358468394385e-02
9.999543515487613332e-01 6.336434698901050912e-03 -7.151532283561960746e-03 2.170465014902058787e+00 -6.385578087321747316e-03 9.999560131731259904e-01 -6.869942605135628648e-03 -1.870464100141941421e-02 7.107686767646880302e-03 6.915295670736292151e-03 9.999508285283827957e-01 7.556006703512196943e-02
9.999445868450688168e-01 6.788605831590715199e-03 -8.045997148138549215e-03 2.403225392869070998e+00 -6.834250769309859787e-03 9.999606327620907953e-01 -5.659146796218335503e-03 -2.814424800181430236e-02 8.007262682511964713e-03 5.713821567239670170e-03 9.999516168232496227e-01 7.241152695731661870e-02
9.999461680497403471e-01 7.248129286917477480e-03 -7.424663257048162886e-03 2.632071090740164099e+00 -7.272898506565342487e-03 9.999680589316473078e-01 -3.314523161280975329e-03 -2.560085796261511726e-02 7.400402012974126482e-03 3.368343556348959295e-03 9.999669436095038888e-01 2.156656597978553330e-02
9.999456395472493542e-01 7.903256889611317768e-03 -6.801211728757474220e-03 2.892207513887105286e+00 -7.920796035865805898e-03 9.999653639252151782e-01 -2.555766043719592297e-03 -3.898533694784370868e-02 6.780777285886148073e-03 2.609498122020556879e-03 9.999736054411387798e-01 -1.691966858232589119e-02
9.999384455783678627e-01 8.853081213958897966e-03 -6.687900069265667949e-03 3.148551722898102589e+00 -8.876706144611178767e-03 9.999544370858139963e-01 -3.511102450094409112e-03 -4.148063383353468858e-02 6.656511273907511628e-03 3.570252849853198553e-03 9.999714716691914251e-01 -2.155521007642352549e-03
9.999184902744069348e-01 1.058934931963939619e-02 -7.132915836971258014e-03 3.416348949026748016e+00 -1.061396739925869054e-02 9.999378136186252153e-01 -3.422366381767774114e-03 -2.654513404410786120e-02 7.096231633630377053e-03 3.497795961778386691e-03 9.999687039702850333e-01 6.060753026498286178e-02
9.998848791378979195e-01 1.248930289671862023e-02 -8.616599360847382316e-03 3.691395521741118735e+00 -1.250113589462489502e-02 9.999209854397614894e-01 -1.320787083662125104e-03 -1.680310354966956313e-02 8.599422814088205497e-03 1.428352313073891601e-03 9.999620041466247278e-01 7.889457980106220902e-02
9.998725853013666898e-01 1.303531160412146547e-02 -9.213783921100034482e-03 3.977016022582830157e+00 -1.303251329369926881e-02 9.999150070525603118e-01 3.636871290464989805e-04 -4.891333596910522191e-03 9.217741589501038044e-03 -2.435620285235459215e-04 9.999574860550459743e-01 4.213854882350348552e-02
9.998750828067763941e-01 1.339150907867708157e-02 -8.395609968173137205e-03 4.267535713054951607e+00 -1.339657649229144404e-02 9.999101118798603416e-01 -5.476300679145963777e-04 -1.903709589475700154e-02 8.387521709549438514e-03 6.600340906416635438e-04 9.999646062909282040e-01 1.292915591955370522e-02
9.998681982439959759e-01 1.486067311792017148e-02 -6.538083418525041969e-03 4.585901691723793583e+00 -1.489233709303042219e-02 9.998774793101999903e-01 -4.821272050822876000e-03 -6.068964875384234847e-02 6.465635020074790747e-03 4.918003940911431886e-03 9.999670038561394581e-01 1.558777151157856103e-02
9.998531786913907871e-01 1.650731739341732701e-02 -4.596687197836848808e-03 4.914096044035889399e+00 -1.654674175440715156e-02 9.998254598603950605e-01 -8.674972752842064275e-03 -8.697788162523721611e-02 4.452684362801206767e-03 8.749759277978738300e-03 9.999518064959643793e-01 5.343396082191351204e-02
9.998247815628675816e-01 1.825804117213107938e-02 -4.129177317692204509e-03 5.236776865684875659e+00 -1.829830567680187578e-02 9.997832278078691015e-01 -9.933247376200418990e-03 -8.985366937870137294e-02 3.946920587305720145e-03 1.000706383687236141e-02 9.999421385716487087e-01 7.819909666958535510e-02
9.997872874009019473e-01 2.017541515862721069e-02 -4.281655605403980082e-03 5.578159732884374833e+00 -2.021152006072073071e-02 9.997590494814529993e-01 -8.563727971904182279e-03 -7.571343300985582114e-02 4.107847171126902987e-03 8.648445127231028928e-03 9.999541639437778962e-01 6.930965117667847730e-02
9.997415344319272590e-01 2.233104616843075221e-02 -4.264822237689092077e-03 5.940458395549898185e+00 -2.235961475026663689e-02 9.997270514228483451e-01 -6.772760264259113788e-03 -6.700155033462164289e-02 4.112415338378626675e-03 6.866369521143089391e-03 9.999679699918812004e-01 4.065476456619923629e-02
9.996790679965208426e-01 2.496491675371205823e-02 -4.302782946847558479e-03 6.328596141497826011e+00 -2.499480167590282728e-02 9.996628092474416638e-01 -7.037591682908460843e-03 -8.643389636224144135e-02 4.125639197717190232e-03 7.142880300920907873e-03 9.999659786023807895e-01 3.302578737247592600e-02
9.996068116017753358e-01 2.761539125979707229e-02 -4.859255591264982979e-03 6.725962396186058179e+00 -2.765546077345416506e-02 9.995823744764078533e-01 -8.381654103707275941e-03 -1.035817372997784314e-01 4.625763584626253408e-03 8.512743486948181129e-03 9.999530666534227619e-01 5.700987444385774428e-02
9.995336083039270125e-01 3.009688929802905102e-02 -5.171375592035747440e-03 7.130672542709104000e+00 -3.014517172377606871e-02 9.995001277448678501e-01 -9.526975371910809468e-03 -1.263651622716200629e-01 4.882058241742972746e-03 9.678424074978720856e-03 9.999412450813043307e-01 7.167452693638860783e-02
9.994574461631976492e-01 3.259055132297365709e-02 -4.761226039942358795e-03 7.548268744030164790e+00 -3.263526196937698021e-02 9.994208779368943807e-01 -9.635788501074580431e-03 -1.396409389650059840e-01 4.444433049213604783e-03 9.785944426161645449e-03 9.999422394851410489e-01 6.414830655090078548e-02
9.993763704708554796e-01 3.516609193289508412e-02 -3.196266989243305885e-03 7.988530614761580217e+00 -3.519271085599568610e-02 9.993427365747014068e-01 -8.692983261986607368e-03 -1.591275771438308284e-01 2.888467951291647483e-03 8.800047360899076326e-03 9.999571070397671457e-01 4.942659318982807470e-02
9.992727453790464232e-01 3.803837582196453737e-02 -2.657500225842445579e-03 8.421847309883649046e+00 -3.805877979102191555e-02 9.992426477149902730e-01 -8.103102390707994651e-03 -1.725194455735727384e-01 2.347258707912380261e-03 8.198350587940220896e-03 9.999636380510019684e-01 4.866619536363100962e-02
9.991708753396812970e-01 4.063259664649702257e-02 -2.560070838503826062e-03 8.848475330000749040e+00 -4.065345839948254075e-02 9.991353816479630057e-01 -8.705484440330263016e-03 -1.855704725240815423e-01 2.204130916398045880e-03 8.802342241833608152e-03 9.999588294414730738e-01 5.410942779391309659e-02
9.990722256738165941e-01 4.305952587660400593e-02 -7.517436056108295264e-04 9.299187827570454701e+00 -4.306488148005514077e-02 9.990226650054483404e-01 -9.956444572258246056e-03 -2.093850143734934943e-01 3.222891175800083555e-04 9.979580987883054921e-03 9.999501508040443687e-01 7.446080164347751440e-02
9.989425173500489086e-01 4.596258311366335086e-02 1.134893769000086799e-03 9.746167832907961071e+00 -4.595073447167218744e-02 9.989042442913801390e-01 -8.879230720094515375e-03 -2.206461274877011547e-01 -1.541762582631764789e-03 8.817691885430222962e-03 9.999599348363675810e-01 6.945755467429520769e-02
9.987945041266892421e-01 4.908292793336410664e-02 6.361696387244770773e-04 1.021134928600031522e+01 -4.907703618747763508e-02 9.987686461111480174e-01 -7.255071630060331254e-03 -2.391457310532051350e-01 -9.914864467355098861e-04 7.215104350768663209e-03 9.999734792602419375e-01 5.521466620445389384e-02
9.986576720045423627e-01 5.177157339374044431e-02 -1.599479541745195584e-03 1.067304962291761328e+01 -5.178165295618028519e-02 9.986333228808117468e-01 -7.081444002050423306e-03 -2.644482874848967935e-01 1.230676071767066240e-03 7.154762076059365677e-03 9.999736470607819561e-01 4.723771636554860431e-02
9.985356622802410431e-01 5.404085295044272486e-02 -2.473331144216733661e-03 1.115192747741867585e+01 -5.405964952146678770e-02 9.985032364260574278e-01 -8.297056122803169245e-03 -3.077152346071276301e-01 2.021249162399796004e-03 8.418613845366478346e-03 9.999625200439995476e-01 7.163024311887064566e-02
9.984858708564627872e-01 5.497250191035094741e-02 -1.997431782954546715e-03 1.166014401039234372e+01 -5.498980302373567691e-02 9.984368667247678353e-01 -9.997236029966089996e-03 -3.390876713459922143e-01 1.444736454114063911e-03 1.009193730383631769e-02 9.999480314186500740e-01 8.581073696314280019e-02
9.984971386734811105e-01 5.475456096859270677e-02 -2.324244825267093861e-03 1.217877114300732799e+01 -5.477748865768682779e-02 9.984343027749515986e-01 -1.133003877545688508e-02 -3.762339175318822893e-01 1.700234462686566481e-03 1.144032759290704825e-02 9.999331118166548960e-01 9.329373954796590929e-02
9.985623658718485451e-01 5.354970942158938235e-02 -2.372780074048668787e-03 1.269846863267995474e+01 -5.357403410096753943e-02 9.984945411285423011e-01 -1.176750639048095189e-02 -4.048264838029329016e-01 1.739061403409223423e-03 1.187770842229193650e-02 9.999279452580921435e-01 9.323269599782840755e-02
9.986461326161585328e-01 5.196695428901523112e-02 -2.310297104970240184e-03 1.320509184729413477e+01 -5.199076139577623462e-02 9.985774172810584215e-01 -1.183648705395282628e-02 -4.391757480351133891e-01 1.691904334557801752e-03 1.194057612572907955e-02 9.999272774064663638e-01 7.830556848044592511e-02
9.987842581680443921e-01 4.926651166050200620e-02 -1.678232556829567252e-03 1.373275023445402354e+01 -4.928328814751061632e-02 9.987111859879324038e-01 -1.212948852784015083e-02 -4.484611161325338657e-01 1.078492039202055136e-03 1.219745101991339536e-02 9.999250267112720358e-01 7.453279194933716545e-02
9.989474165344935930e-01 4.586993984850606249e-02 8.727746229960704110e-05 1.429941034080120410e+01 -4.586507510070079313e-02 9.988658026375271115e-01 -1.278683726711800361e-02 -4.712888026050053858e-01 -6.737099287274018241e-04 1.276937506627154328e-02 9.999182412454273861e-01 8.589847856296206619e-02
9.991130975370842160e-01 4.195568973275416030e-02 3.569093568628497332e-03 1.488039978341440772e+01 -4.190248169072362944e-02 9.990254969683222130e-01 -1.386500758584153364e-02 -4.996074321759065850e-01 -4.147331432539377340e-03 1.370315679855337032e-02 9.998975063153937581e-01 8.608920158499674957e-02
9.993195704718653705e-01 3.650688328381696685e-02 5.257712889479011602e-03 1.545928455468599871e+01 -3.642254870550003937e-02 9.992188870671426804e-01 -1.533015571011060556e-02 -5.186354360776854744e-01 -5.813262227175537526e-03 1.512822531569796118e-02 9.998686627658032178e-01 7.548242357409229442e-02
9.995525466762171796e-01 2.955286966823048381e-02 4.618909769761886212e-03 1.602263666082768978e+01 -2.947155400594700034e-02 9.994247718842448336e-01 -1.677953660265301197e-02 -5.353259460701145223e-01 -5.112136301309689636e-03 1.663590209450048832e-02 9.998485449426522953e-01 7.598288885651030555e-02
9.997643094304012878e-01 2.153832103650312607e-02 2.725126800948359310e-03 1.661390045951618077e+01 -2.148660231719022595e-02 9.996112962837064853e-01 -1.776463517415789034e-02 -5.409007090323532108e-01 -3.106687949510827940e-03 1.770189450133908410e-02 9.998384826665994707e-01 9.452796658217205161e-02
9.999235659454398517e-01 1.235263711678061781e-02 -5.240450521128182937e-04 1.723343934825715706e+01 -1.236049575926933923e-02 9.997343001066584245e-01 -1.945629293660517192e-02 -5.396365075253247712e-01 2.835692871147000790e-04 1.946128326989362764e-02 9.998105710793161460e-01 9.887370042295579031e-02
9.999934361088483881e-01 1.041926303620654753e-03 -3.470177055493072447e-03 1.785264069036706758e+01 -1.113124637347445928e-03 9.997876129987680605e-01 -2.057886896229773124e-02 -5.266244265262612911e-01 3.447998370123931365e-03 2.058259662441826524e-02 9.997822102955403745e-01 1.247452261038285160e-01
9.999171528917624174e-01 -1.190185340320939859e-02 -4.902370691856785048e-03 1.846510255647577736e+01 1.179873768624605836e-02 9.997191742660518354e-01 -2.055145721876042511e-02 -5.078320298800886867e-01 5.145594411049175462e-03 2.049191280412582597e-02 9.997767772696989352e-01 1.113012138703817488e-01
9.996402035267483166e-01 -2.613105510297399417e-02 -6.052392271369192930e-03 1.909129578580437325e+01 2.598925553401637209e-02 9.994105788704844562e-01 -2.242885281397319353e-02 -4.989945307992389445e-01 6.634914452258756923e-03 2.226348582249892266e-02 9.997301211373210705e-01 9.143203187889897832e-02
9.991240458266742452e-01 -4.141325166696743776e-02 -6.006965732069390745e-03 1.972920507589538630e+01 4.125900115901467990e-02 9.988635474610164655e-01 -2.386018392540318472e-02 -4.673991343040592161e-01 6.988266902334446667e-03 2.359144209161579547e-02 9.996972581665609647e-01 1.007900814418920959e-01
9.983720487306108060e-01 -5.675238764538206859e-02 -5.693751837855996756e-03 2.040119635996663661e+01 5.660316017347963302e-02 9.981171772159730393e-01 -2.362589267717094682e-02 -4.163455820803445007e-01 7.023857331852085412e-03 2.326514652793048449e-02 9.997046555784442345e-01 1.260691928418843089e-01
9.973880111361889123e-01 -7.198678238626650405e-02 -5.921013719778224146e-03 2.107133114256697937e+01 7.183333432293791121e-02 9.971519363053493734e-01 -2.297798952348649101e-02 -3.609373689408201247e-01 7.558261827068530128e-03 2.249264511267484376e-02 9.997184371581774309e-01 1.086952175112263774e-01
9.961173519108433849e-01 -8.779558321628028184e-02 -6.492826028953471718e-03 2.173810069691138835e+01 8.762666656646972418e-02 9.958911420124559877e-01 -2.285608381973739528e-02 -2.913001471295192935e-01 8.472811137856703714e-03 2.219839698805588929e-02 9.997176814694150870e-01 9.901456630163532613e-02
9.945254342015076299e-01 -1.043057488209234163e-01 -6.282633938820154570e-03 2.242312747443911292e+01 1.041345320037457001e-01 9.942919613415447389e-01 -2.322702856469025315e-02 -2.203367014530767665e-01 8.669485028745441135e-03 2.244563152353950750e-02 9.997104749150355074e-01 1.134388429748614535e-01
9.926290377607208670e-01 -1.210792718825636632e-01 -5.234817533928922892e-03 2.312016008699253788e+01 1.209112060074293421e-01 9.923424120543544724e-01 -2.523920561299041604e-02 -1.230096624674739819e-01 8.250676096798647413e-03 2.442022028021147845e-02 9.996677343924889048e-01 1.253747425172727636e-01
9.903737601531384938e-01 -1.383503461020208769e-01 -4.358547187386720666e-03 2.382871322652456669e+01 1.381938668478200072e-01 9.900678781123366523e-01 -2.584669990119136881e-02 -1.598345387410194177e-02 7.891157442393357396e-03 2.499556887902898775e-02 9.996564165605266172e-01 1.573823287650224778e-01
9.876242892573043886e-01 -1.567642972910373023e-01 -4.818543748025812951e-03 2.453657079916287032e+01 1.566036040472536528e-01 9.873609008165574741e-01 -2.436724724147549745e-02 1.092676658991059285e-01 8.577556086401630711e-03 2.331108392081904582e-02 9.996914618511159034e-01 1.696043221574899396e-01
9.843219352151663104e-01 -1.762784942183077685e-01 -6.018332858525186208e-03 2.523205489831241621e+01 1.761000024427760158e-01 9.841063669242295919e-01 -2.287897984718447603e-02 2.533679427987077792e-01 9.955751801056622607e-03 2.146045328784168538e-02 9.997201268108770744e-01 1.452119395167293381e-01
9.804302271397284940e-01 -1.967352453343431673e-01 -7.198121558865901506e-03 2.592944258799368740e+01 1.965218538596116282e-01 9.802212715841152058e-01 -2.335422209369464666e-02 3.882811385931751458e-01 1.165035048064432151e-02 2.148259707893754658e-02 9.997013390790382426e-01 1.382274045005270346e-01
9.758694538600862778e-01 -2.182650975456407461e-01 -6.257492805341742861e-03 2.664124916109039276e+01 2.180400903321174366e-01 9.756008274309450057e-01 -2.572050784913585547e-02 5.539227828880743942e-01 1.171870431314964676e-02 2.373547365121098096e-02 9.996495882356845053e-01 1.638063998234264296e-01
9.708335617486938407e-01 -2.397048223160671843e-01 -4.877862315360291870e-03 2.734448127998282985e+01 2.394902311205817924e-01 9.705178392007010046e-01 -2.719472358772300966e-02 7.347870865750232294e-01 1.125275877975170404e-02 2.523334998816033695e-02 9.996182538690556729e-01 2.176737815097601336e-01
9.653384230987244186e-01 -2.609587197309768403e-01 -4.719691265067877187e-03 2.804575958130664048e+01 2.607524339322905282e-01 9.650495563894210260e-01 -2.622063902669417509e-02 9.444965929810026362e-01 1.139724035258297789e-02 2.408111934589440492e-02 9.996450383027938313e-01 2.332071045328834025e-01
9.590267807632273378e-01 -2.832704494203051038e-01 -5.048392233082042019e-03 2.877383233585952382e+01 2.830560341657909484e-01 9.587589263807514417e-01 -2.570219071525836618e-02 1.159601215740196256e+00 1.212086223233629217e-02 2.322011133580716147e-02 9.996568967042129827e-01 1.913678942249870396e-01
9.517147356785085055e-01 -3.069755756747564179e-01 -2.248962324837292664e-03 2.948488747979474311e+01 3.068017799279396662e-01 9.513771203950558419e-01 -2.746347796364441429e-02 1.391919783158555912e+00 1.057022825840140366e-02 2.544741102673143268e-02 9.996202776787803668e-01 1.944998413675078086e-01
9.433896320670825952e-01 -3.316834270152727027e-01 1.451327578030147270e-03 3.016286738489885622e+01 3.315953363145849875e-01 9.430183839873917950e-01 -2.758369801577504471e-02 1.650790962709999699e+00 7.780426900356320757e-03 2.650342817849107163e-02 9.996184438334637656e-01 2.587407044437264880e-01
9.343183235167001888e-01 -3.564270217672345642e-01 3.008071655084463853e-03 3.083730544007377006e+01 3.563711912244416635e-01 9.339399687332150535e-01 -2.749015947341480748e-02 1.929084005977147021e+00 6.988877321518713673e-03 2.675654979141858097e-02 9.996175481838261989e-01 2.879801096703248908e-01
9.246023438679729090e-01 -3.809271367071729308e-01 2.241034119691104505e-03 3.150526620114870013e+01 3.808428791271531999e-01 9.242373602843745317e-01 -2.727642338562479701e-02 2.206368251188550733e+00 8.319082400808103933e-03 2.607332688104922053e-02 9.996254170905032321e-01 2.647156781411030835e-01
9.142604586438619618e-01 -4.051224095981403317e-01 1.909712468363773587e-03 3.217333918373368107e+01 4.050257848181675890e-01 9.139167726271986147e-01 -2.665044733419704229e-02 2.506534199156976506e+00 9.051375185165298418e-03 2.513893299410315321e-02 9.996429895993745873e-01 2.759073672441351155e-01
9.035931521420310641e-01 -4.283874799038715486e-01 1.892739717554825507e-03 3.283672552810438106e+01 4.282938303024168003e-01 9.032835643220201716e-01 -2.536133574146966566e-02 2.841677038667438371e+00 9.154798026877396591e-03 2.372697804856399931e-02 9.996765577854519469e-01 2.700199939500574908e-01
8.923208842254582995e-01 -4.513965012352832984e-01 2.153659128346952466e-03 3.349757905239304279e+01 4.513137529335009557e-01 8.920428567194452762e-01 -2.398829274646317039e-02 3.190812416988086930e+00 8.907075175110672899e-03 2.237723057833691798e-02 9.997099197084466926e-01 2.953282970208673253e-01
8.802895657957472419e-01 -4.744132751389628089e-01 4.724904555399405542e-03 3.411517475730162374e+01 4.743807343800332532e-01 8.799887783404436448e-01 -2.413853442017138695e-02 3.552888068455100523e+00 7.293778183846971394e-03 2.349030367654430379e-02 9.996974574504972066e-01 2.934625094706127535e-01
8.675726261537199946e-01 -4.972229893652254651e-01 9.329372725246840720e-03 3.474033290059590939e+01 4.972982346341655591e-01 8.672667698729376040e-01 -2.329840560861230411e-02 3.909914943837472290e+00 3.493447935792234286e-03 2.485253952556772464e-02 9.996850239453675124e-01 3.444063696499062299e-01
8.544697062386377162e-01 -5.193149459777307575e-01 1.391071545977782750e-02 3.536396632666770046e+01 5.194996469018015040e-01 8.542266949335756143e-01 -2.041740756715944641e-02 4.290072018276307908e+00 -1.279839583622692338e-03 2.467266801557128561e-02 9.996947641473539203e-01 3.552265138650814724e-01
8.408989611226744820e-01 -5.409941897279189060e-01 1.463638833316399657e-02 3.598852660257785629e+01 5.411889244636813867e-01 8.406796721494435021e-01 -1.929344117952757828e-02 4.702430981192495807e+00 -1.866874567394462281e-03 2.414488590440396973e-02 9.997067266273709230e-01 3.313622968325732887e-01
8.267180517814767260e-01 -5.625136950696606464e-01 1.075200993844484774e-02 3.659007974508851646e+01 5.626100288716978648e-01 8.264663863237713404e-01 -2.057347053644687646e-02 5.124699156500567732e+00 2.686684132319734977e-03 2.305764810217221517e-02 9.997305269883327572e-01 3.321425138469190630e-01
8.119292390825998407e-01 -5.837420440235796537e-01 4.017058864849232594e-03 3.716474746716404098e+01 5.836492803329182966e-01 8.116302781479545203e-01 -2.469431433226396133e-02 5.561047294949364783e+00 1.115474292026225230e-02 2.239458936098584485e-02 9.996869780474965106e-01 3.573133701756234792e-01
7.967543302028827767e-01 -6.042982543016249819e-01 -2.481360708205671353e-03 3.772249386981140873e+01 6.039918315698887818e-01 7.964687194625288402e-01 -2.883481081211804534e-02 5.994020293915061082e+00 1.940115202266975980e-02 2.147553877620125493e-02 9.995811105330397739e-01 3.789397901565980664e-01
7.820249842686479713e-01 -6.232256215273905831e-01 -5.171909842454703796e-03 3.826692952809630555e+01 6.228289588098994134e-01 7.817773497356742540e-01 -3.013741044021446547e-02 6.442639572358683786e+00 2.282568832253481506e-02 2.034699270317177205e-02 9.995323845881830538e-01 4.110825945695845141e-01
7.679659382078052321e-01 -6.404710384156455660e-01 -5.016642641248748521e-03 3.882573378138501141e+01 6.400983734799052804e-01 7.677461025728565813e-01 -2.898265433959376636e-02 6.915780615836824019e+00 2.241405855674086234e-02 1.904654653666539021e-02 9.995673259185904325e-01 4.248170348689764286e-01
7.556265755748498014e-01 -6.549837394346009756e-01 -4.977887231794625444e-03 3.937495220278338337e+01 6.546781973945650090e-01 7.554696403061960108e-01 -2.573092364898403595e-02 7.406594238287100396e+00 2.061397926720646284e-02 1.618405548351500162e-02 9.996565111111304081e-01 4.381756745930917019e-01
7.450410701218856957e-01 -6.669782235802343973e-01 -7.338467237113576597e-03 3.992966348528096177e+01 6.667306356111843968e-01 7.449976013728151214e-01 -2.118569060139939911e-02 7.921240778886342149e+00 1.959753477204444205e-02 1.089142867152520164e-02 9.997486251115085265e-01 4.465730577233461007e-01
7.370436045614934262e-01 -6.757751140027934422e-01 -9.732433894584443385e-03 4.047643256159610559e+01 6.755854603989441820e-01 7.370831543718749934e-01 -1.710874743379890359e-02 8.441421759045592665e+00 1.873527882225650698e-02 6.034802044664223410e-03 9.998062664795285270e-01 4.413942791387975295e-01
7.311884737888367791e-01 -6.820963559142789734e-01 -1.039120045099928627e-02 4.101153195974470123e+01 6.819094562637681989e-01 7.312438888063880205e-01 -1.678894104352084485e-02 8.963436030412088584e+00 1.905017733260064988e-02 5.190022328674023626e-03 9.998050582047603996e-01 4.514525111758515563e-01
7.267398564627391977e-01 -6.868162867452654030e-01 -1.151387380349347921e-02 4.154776339468459412e+01 6.865954159515961219e-01 7.268115009923294956e-01 -1.821474181896865982e-02 9.473759128746293001e+00 2.087859724148111162e-02 5.332005881699345383e-03 9.997677999868297416e-01 5.077339325175820317e-01
7.229488187001824606e-01 -6.907815806655556168e-01 -1.287685338921630389e-02 4.209461754842288173e+01 6.905299015311580080e-01 7.230456505202575990e-01 -1.932465666207233701e-02 9.989842294717309557e+00 2.265966971030537042e-02 5.078885402745118502e-03 9.997303357864487650e-01 5.427103113501954290e-01
7.191391861835839672e-01 -6.947367021372129470e-01 -1.340692353681569027e-02 4.263781599126109256e+01 6.944862230277976112e-01 7.192501558937522965e-01 -1.918591335842712020e-02 1.052272110966992891e+01 2.297209001803426215e-02 4.486418429262418843e-03 9.997260400379099909e-01 5.640236086214125422e-01
7.152828101975441388e-01 -6.987142023004435654e-01 -1.299865145154933954e-02 4.317046195013046628e+01 6.984863717554927742e-01 7.153897333909521317e-01 -1.828436027510878942e-02 1.104106542935226720e+01 2.207464400056235315e-02 3.999107710137190380e-03 9.997483269452223098e-01 5.664479655057111929e-01
7.119831369060386494e-01 -7.020987909904730095e-01 -1.171752751876662529e-02 4.368284313557778376e+01 7.018771604549904897e-01 7.120634423094801546e-01 -1.827856006399615138e-02 1.156133933942613545e+01 2.117697790234746719e-02 4.789761590064289982e-03 9.997642691108908908e-01 5.719798059758272046e-01
7.088100525025939902e-01 -7.053350283376137453e-01 -9.529284928450619183e-03 4.422861216552898611e+01 7.051125098845868466e-01 7.088423668789369803e-01 -1.894326586745080990e-02 1.210090837987469925e+01 2.011610985077208480e-02 6.707959260773221910e-03 9.997751474241732828e-01 5.907556215548015466e-01
7.059380491047568817e-01 -7.082525873594039956e-01 -5.453744115716394752e-03 4.477804153198773207e+01 7.080632403117054219e-01 7.058951233005095194e-01 -1.893469355037569885e-02 1.264898038988699724e+01 1.726031707292405987e-02 9.505124894943600342e-03 9.998058481801722630e-01 6.343554046897164067e-01
7.028947201630115771e-01 -7.112901605151620288e-01 -2.306495453423372186e-03 4.531174347330868812e+01 7.111468569094130387e-01 7.028116502394511356e-01 -1.805359231738125000e-02 1.318192925431224616e+01 1.446237445319567723e-02 1.104951772768490714e-02 9.998343602233127347e-01 6.709266143479062361e-01
6.998203066434536268e-01 -7.143174112087676830e-01 -1.474602816575816717e-03 4.583408402427807715e+01 7.141973613494753126e-01 6.997377960443087463e-01 -1.700428853261144041e-02 1.372561728408263093e+01 1.317829468897343398e-02 1.084678897450894880e-02 9.998543292490327250e-01 6.938875530562295113e-01
6.967364916754885673e-01 -7.173225140295272917e-01 -2.583028085500212179e-03 4.635119845531420424e+01 7.171812537481981886e-01 6.966628785145007052e-01 -1.766020872053173513e-02 1.428827183147599378e+01 1.446756509902638252e-02 1.045201254537430138e-02 9.998407098102460866e-01 6.766299486195909152e-01
6.937674297590891159e-01 -7.201960445809066913e-01 -2.100184630938048067e-03 4.687092387870164600e+01 7.200270241701108853e-01 6.936624570973396464e-01 -1.983633228235841262e-02 1.483698141095745626e+01 1.574286728020163340e-02 1.224961157335691803e-02 9.998010347794704655e-01 6.751621115305317389e-01
6.905881892568268565e-01 -7.232481933485077619e-01 6.063906815769772030e-05 4.741186006102231687e+01 7.231097165363344903e-01 6.904543202223203391e-01 -1.962573659956416694e-02 1.538033304231965737e+01 1.415241003218473126e-02 1.359715060051099565e-02 9.998073948445410641e-01 7.215876371009156687e-01
6.875068576269569576e-01 -7.261747252214947324e-01 2.142233739297738811e-03 4.794905349927739024e+01 7.260804125951141330e-01 6.873632517336830672e-01 -1.841180631568405113e-02 1.593652058088952650e+01 1.189769564310594677e-02 1.421367706063657831e-02 9.998281933526379506e-01 7.436477287071306952e-01
