1.000000000000000000e+00 0.000000000000000000e+00 0.000000000000000000e+00 0.000000000000000000e+00 0.000000000000000000e+00 1.000000000000000000e+00 0.000000000000000000e+00 0.000000000000000000e+00 0.000000000000000000e+00 0.000000000000000000e+00 1.000000000000000000e+00 0.000000000000000000e+00
9.999999989658541200e-01 -1.773517234037405322e-05 5.818989777372256597e-05 1.398694227982055348e-03 1.773455795934294338e-05 9.999999997944070129e-01 1.913936139305458546e-05 -1.118705626426954393e-04 -5.819013143571529498e-05 -1.913865798881360044e-05 9.999999989687626822e-01 -1.115518354725131885e-03
9.999999802697211448e-01 -2.164900173401643343e-04 1.015147961441721582e-04 8.281567037995056849e-04 2.164882508081478012e-04 9.999999823712520941e-01 3.370434622389278440e-05 -1.985569964482998204e-03 -1.015219075850458196e-04 -3.368165950193063776e-05 9.999999973097157824e-01 -2.070874046490595120e-03
9.999999826420787885e-01 -1.653537527877927413e-04 1.659251119751016437e-04 -1.526423711339730885e-04 1.653381722062609511e-04 9.999999884505784697e-01 1.044738840976832604e-04 -3.697075296582138376e-03 -1.659425967840879180e-04 -1.044453866219117658e-04 9.999999839347448738e-01 -1.775889261179299438e-03
9.999999991515156061e-01 1.475739125387674690e-04 1.224850619540974550e-04 -1.768798966565509950e-03 -1.475706848622367442e-04 1.000000003734001996e+00 1.503529424824794704e-05 -3.907360467423901147e-03 -1.224776649447056746e-04 -1.505721900769636065e-05 9.999999990202648181e-01 -1.712765366878193181e-03
1.000000013344328309e+00 9.604970730354875320e-05 3.799704822755413435e-05 5.008699191804428380e-04 -9.604664655066391383e-05 1.000000010075315249e+00 4.564986434755854977e-05 -2.627978612057576494e-03 -3.798696272405305025e-05 -4.565646090725364531e-05 1.000000005194607855e+00 -1.656963543553139359e-03
9.999999771787281277e-01 -2.834718356481928788e-04 1.046629769888119223e-04 1.382293706020228542e-03 2.834802343228473294e-04 9.999999789304198083e-01 -3.477250337879098704e-05 -9.650374258999979641e-04 -1.046481319688793380e-04 3.479788745890199204e-05 1.000000001161778229e+00 -1.900089828992150304e-03
9.999999758513428150e-01 -2.861775747236643651e-04 1.332184426481385184e-04 1.538134090165262655e-03 2.861967132736845370e-04 9.999999761755825611e-01 -1.117435420543795083e-04 -1.950804944780909532e-03 -1.331819791281485250e-04 1.117775499130140753e-04 9.999999931318546142e-01 -1.012853322807704152e-03
1.000000019987634436e+00 -1.203396584400154837e-04 7.215349231923789280e-05 8.175195453261802124e-04 1.203431034447803664e-04 1.000000021018595309e+00 -1.250921434298370156e-07 -5.085734543382283354e-03 -7.215277598486169073e-05 1.278120966842336225e-07 1.000000006919259388e+00 -4.878591485050196345e-04
1.000000029696389126e+00 1.734228512143365936e-05 4.135944143318608107e-05 2.105034786587106199e-03 -1.734179013929248094e-05 1.000000026621754357e+00 6.942615981013538975e-05 -5.566085142010287340e-03 -4.135806384998423884e-05 -6.943310501674929526e-05 1.000000006409214937e+00 -1.168842746836392006e-03
1.000000025659200986e+00 3.306163075221134670e-06 1.281190678807977415e-04 9.107360301539350021e-04 -3.319466391551870230e-06 1.000000018818879566e+00 1.580677158378682461e-04 -2.609333191717014798e-03 -1.281170270089016189e-04 -1.580766768377643789e-04 9.999999929423893930e-01 -1.324365179996733971e-03
1.000000026748217641e+00 -8.958081691635783538e-05 1.131468252298786846e-04 1.197842398212755699e-03 8.957438768710737230e-05 1.000000023575691621e+00 1.283443668000491453e-04 -2.596092619504759055e-03 -1.131607846493398403e-04 -1.283411313984237679e-04 1.000000000752117923e+00 -1.500174101047811780e-03
1.000000023633337509e+00 -1.053333682387335080e-04 1.265224033897673691e-04 4.047948254314793180e-03 1.053423673498161159e-04 1.000000031327290539e+00 -7.519976034497313467e-06 -2.797311266910569409e-03 -1.265242209842014885e-04 7.526386749810144402e-06 1.000000008447167188e+00 -1.872825773682556226e-03
1.000000028468211344e+00 -2.824614223404352411e-06 1.496885164793405041e-04 1.719953020533588478e-03 2.838716158258328516e-06 1.000000038566413618e+00 -4.136235038281967671e-05 -3.278884918557885709e-03 -1.496900452503689206e-04 4.135612839329998804e-05 1.000000004649482133e+00 -1.139712544366000167e-03
1.000000021667240002e+00 1.451759071471140404e-05 1.920588232938283445e-04 -5.423615123102869598e-04 -1.451548140791742835e-05 1.000000041009382334e+00 3.776299723798250146e-05 -2.705340573417619465e-03 -1.920594600034663201e-04 -3.777233060076055010e-05 1.000000000145835788e+00 -1.371779127343064099e-03
1.000000029946556568e+00 -6.955951929421346782e-06 1.538738761614943311e-04 1.943903799382809376e-03 6.947752615988071929e-06 1.000000038461687613e+00 1.023750082519822357e-04 -4.171709631830877556e-03 -1.538743226974370203e-04 -1.023789343350731113e-04 1.000000004309424373e+00 -2.684491546207944546e-03
1.000000031505859477e+00 -1.105846796294509399e-04 1.229562904357908346e-04 3.442181142530666409e-03 1.105818049530190119e-04 1.000000036859916897e+00 8.884461345069878614e-05 -3.513960052661643709e-03 -1.229671729927200874e-04 -8.883395860975688949e-05 1.000000010455050603e+00 -2.976583981085988151e-03
1.000000034049954190e+00 -1.509014964141469552e-04 5.160358447767270887e-05 3.521915163029211687e-03 1.509075924773465725e-04 1.000000034293281326e+00 5.968415268570071862e-05 -8.286653985976616269e-04 -5.161395539208125244e-05 -5.967833987874805718e-05 1.000000020462696648e+00 -2.349834480086885474e-03
1.000000038764802035e+00 -1.135110810822750676e-04 7.836005309776183925e-05 4.921536156144434848e-03 1.135154287584172657e-04 1.000000040101395982e+00 6.203371543169944520e-05 5.946412519034605755e-04 -7.836853092702487087e-05 -6.202537730731904502e-05 1.000000019121325412e+00 -1.358535057341477177e-03
1.000000036470050535e+00 -1.470859743510504771e-04 5.144222020556704422e-05 5.398784192822393690e-03 1.470909215861319278e-04 1.000000034769240376e+00 7.986585530471177548e-05 1.192525741428667428e-04 -5.145518820190988173e-05 -7.985853743100744572e-05 1.000000019830515452e+00 -9.385201396417591812e-04
1.000000033249463627e+00 -1.347905155849051754e-04 1.382739638626701343e-04 4.137746557133747428e-03 1.347818358959571028e-04 1.000000029687167835e+00 1.505485766093858039e-04 -3.304895594851285819e-03 -1.382962871870008974e-04 -1.505283113383491236e-04 1.000000007265621216e+00 -2.371486976747181306e-03
1.000000036823654348e+00 -1.672300680803712387e-04 7.189433246216378297e-05 5.290841555879026090e-03 1.672420094276197726e-04 1.000000037780260032e+00 5.905902512714243034e-05 -2.485968529538193101e-03 -7.190700923922590843e-05 -5.904473990508901307e-05 1.000000028376754724e+00 -2.713022752869876080e-03
1.000000044329103721e+00 -1.218325941631760793e-04 7.671175569083729000e-05 5.123669134336848903e-03 1.218472551818198352e-04 1.000000047317571639e+00 1.568532953111618673e-05 -9.967054403051945049e-04 -7.671554020476283942e-05 -1.567281956243000445e-05 1.000000030117023986e+00 -2.440324844970532571e-03
1.000000047330135144e+00 -1.187167293087372147e-04 3.654564618771516296e-05 4.057644382126372219e-03 1.187317856091992750e-04 1.000000047747997334e+00 2.030114738128493864e-05 1.540397398651181663e-04 -3.655002081854425659e-05 -2.029371661025118772e-05 1.000000032751938051e+00 -9.889572643718921603e-04
1.000000031224113073e+00 -2.309223013259001811e-04 1.592543962056590373e-05 3.526971879776318909e-03 2.309374956695617526e-04 1.000000030596913225e+00 4.402439590612358298e-05 -4.567488495505754348e-04 -1.593574454550703717e-05 -4.401740863750485837e-05 1.000000033029244229e+00 -1.439865930429264041e-03
1.000000033989208781e+00 -2.148532447896618863e-04 8.991118182176364580e-05 3.969836995587280176e-03 2.148660567378844906e-04 1.000000035366028106e+00 3.270764338254791858e-05 -6.762702578956400392e-04 -8.991838508260015445e-05 -3.268262760938375755e-05 1.000000031952438917e+00 -2.149407418264625072e-03
1.000000058077502807e+00 -8.599290968595504903e-05 9.200669000522475045e-05 4.203347274175249851e-03 8.601232902394250683e-05 1.000000060534507407e+00 -3.890716991356670863e-05 5.602421072422251579e-04 -9.199907449060502060e-05 3.892051453002930763e-05 1.000000032670679939e+00 -2.078732964656063165e-03
1.000000051519546407e+00 -1.583777707666833524e-04 8.503268698264398421e-05 5.054019924861802467e-03 1.583916994140581046e-04 1.000000055638518237e+00 2.005275037763916553e-05 -3.249744921303480386e-04 -8.502823743759692734e-05 -2.003366186964434029e-05 1.000000035634544204e+00 -8.979931336680202622e-04
1.000000041493451786e+00 -2.334405593483531046e-04 4.216888115765619275e-05 6.386823148189338210e-03 2.334568917743540370e-04 1.000000042413686119e+00 -8.061292901300898064e-06 -7.029472306742521508e-04 -4.215991771335863495e-05 8.078604525406089023e-06 1.000000039346111702e+00 -3.141090370190817264e-04
1.000000058662376956e+00 -1.422808479556485954e-04 8.992833365480063033e-05 5.983327486490553661e-03 1.422946740788548308e-04 1.000000061864055212e+00 4.353593659288610145e-05 -1.034474597476834137e-03 -8.993028313980197010e-05 -4.351295874862534392e-05 1.000000037049413093e+00 -1.543171295224524597e-03
1.000000046212039306e+00 -1.915725392974700048e-04 1.390505731403146323e-04 6.215641884205726046e-03 1.915775443069622536e-04 1.000000051238276733e+00 9.886017605642831874e-05 5.803358914367043667e-04 -1.390638777466500281e-04 -9.882455797715592209e-05 1.000000028508873928e+00 -2.906751529724598340e-03
1.000000055942966481e+00 -1.796039463149555905e-04 8.581445749553223679e-05 7.397502350566468460e-03 1.796270895647986588e-04 1.000000061595831991e+00 -3.718477014415270929e-06 8.786430260501158643e-04 -8.580769828173449116e-05 3.742597443268719195e-06 1.000000043920417303e+00 -2.089008800075879517e-03
1.000000019441522170e+00 -2.538094742643216850e-04 2.238536968417953531e-04 6.014876434242784689e-03 2.538225389289193511e-04 1.000000044858122328e+00 4.596972596431339651e-05 -1.219648905016544171e-03 -2.238589711830718803e-04 -4.590500921862463119e-05 1.000000022309099679e+00 -1.945764254011885961e-03
1.000000036081244215e+00 -2.188272548865391725e-04 1.938807390408041743e-04 4.526092526979011432e-03 2.188422967847065276e-04 1.000000053807891698e+00 4.488879350683762446e-05 -2.779640546834549319e-04 -1.938839619432381454e-04 -4.484026497309431949e-05 1.000000030169026610e+00 -2.027601763518369592e-03
1.000000049813942304e+00 -2.359068834018046438e-04 6.211863579069511990e-05 5.510562891488760516e-03 2.359337709320785301e-04 1.000000050375257965e+00 -4.019879372965595249e-05 5.880391750913827433e-04 -6.210268466881901808e-05 4.021963718761634583e-05 1.000000048093042659e+00 -1.450282845648994843e-03
1.000000079612834103e+00 -8.297798531180483172e-05 3.004939051182524537e-05 5.929393247752610778e-03 8.300351854033896800e-05 1.000000078914611956e+00 -3.531173363707429597e-05 -7.079407533806230789e-04 -3.004073258995116946e-05 3.531972151301393834e-05 1.000000049993164941e+00 -1.569023162401038049e-03
1.000000079757100258e+00 -3.433197680925269296e-05 1.081695968896888803e-04 7.300731835305408583e-03 3.436163611340860936e-05 1.000000081743338765e+00 -4.824949704100785116e-05 -3.499108261773582859e-04 -1.081619103297129882e-04 4.825944236923658542e-05 1.000000046437140133e+00 -1.313899672405322277e-03
1.000000054977481678e+00 -2.062169936786028396e-04 1.607382385143132854e-04 7.856784103676104497e-03 2.062454036149708467e-04 1.000000064881898298e+00 -2.395870647258299967e-05 2.870604339408799367e-03 -1.607264066112332960e-04 2.399696015409879120e-05 1.000000040522572409e+00 -1.179569146210996972e-03
1.000000078254112523e+00 -1.043309101390011643e-04 1.194741676643604515e-04 3.801725161784245011e-03 1.043575087806695626e-04 1.000000082086469178e+00 -1.817106157411990696e-05 8.042523819753174619e-04 -1.194655802692207305e-04 1.818719394219943852e-05 1.000000046974178325e+00 -9.845464243241042711e-04
1.000000095568977398e+00 2.820843136719742978e-05 2.438729326821671676e-05 3.335829624990844892e-03 -2.818352672774238678e-05 1.000000090046600620e+00 -2.132962690585729599e-05 4.031377146636770594e-04 -2.438123792635419208e-05 2.132744104144452654e-05 1.000000056250711644e+00 -1.726456809740434771e-03
1.000000081227637949e+00 1.919650764726927574e-04 -4.018951046951926604e-05 3.118737946648427080e-03 -1.919399228763288170e-04 1.000000075743487260e+00 7.472696840498286122e-05 1.411350448172939750e-03 4.020547046693100958e-05 -7.472374996218327989e-05 1.000000056621493272e+00 -1.272722734524135094e-03
1.000000032746739098e+00 3.540082333357312734e-04 -1.472918672375372862e-04 3.042665227302068613e-03 -3.539638832537754022e-04 1.000000024577988977e+00 1.775078248808327269e-04 4.211650949836003195e-03 1.473516604399234455e-04 -1.774652098171774356e-04 1.000000037709787959e+00 -8.993282329117666075e-04
9.999998159217382554e-01 7.650734462008947122e-04 -6.370585129084441764e-05 1.887705372943181701e-03 -7.650513499305094728e-04 9.999998124475016903e-01 7.409478798130008205e-05 2.140910982265812734e-03 6.376300178530872325e-05 -7.405357771481112011e-05 1.000000060595453766e+00 -1.755664153797063505e-03
9.999978082713321115e-01 2.125279804159155381e-03 3.081712183528876247e-04 -5.248524216950285932e-03 -2.125276496074819405e-03 9.999978517291256974e-01 4.537261563276221517e-05 -9.973833265539284174e-05 -3.080736384325268051e-04 -4.603329426148969138e-05 1.000000017094306637e+00 1.276847581365192757e-03
9.999859267086664838e-01 5.287501732397177634e-03 6.536922087384546779e-04 -1.507828714544432944e-02 -5.287672895296477785e-03 9.999860951164846190e-01 2.874073964153899289e-04 -6.784633534502195308e-04 -6.521640766295780075e-04 -2.908639014131446853e-04 9.999998109458376749e-01 3.732213596611574664e-03
9.999561362054917302e-01 9.363267830568653555e-03 5.454026958300101004e-04 -2.350136822034857437e-02 -9.363549512436663072e-03 9.999561286396594362e-01 5.489364490204108908e-04 -2.958652728976769990e-03 -5.402388446607506991e-04 -5.540229920715610120e-04 9.999997666831029752e-01 2.038485033062192777e-03
9.999102027141266724e-01 1.340947439230860856e-02 1.530394761826491077e-04 -4.458553772496488127e-02 -1.340959094401132645e-02 9.999097928117172129e-01 9.132080530294430214e-04 -6.341679158343396794e-03 -1.407795476994681101e-04 -9.151829389124815700e-04 9.999996375239664781e-01 2.309363550972925744e-03
9.998375365766082323e-01 1.803149409834920586e-02 1.659843975780796318e-04 -7.180294605720537182e-02 -1.803168353482687350e-02 9.998366377240489600e-01 1.346218782205006433e-03 -8.451415793369342760e-03 -1.416830926322310469e-04 -1.348997013237340911e-03 9.999991465516452349e-01 2.052026545531699005e-03
9.997407772208437571e-01 2.276613003127334056e-02 5.906446983368966426e-04 -9.490185301016149100e-02 -2.276700243239924634e-02 9.997397313046221257e-01 1.547440434884486248e-03 -1.271090878914877924e-02 -5.552625538134026324e-04 -1.560489377074892985e-03 9.999986950365929994e-01 -3.138001919583696480e-04
9.996426131155128347e-01 2.672758929958787139e-02 7.427318036032346839e-04 -1.195693246956268663e-01 -2.672864363340684418e-02 9.996417739028070626e-01 1.472903096193097340e-03 -1.477421178534466494e-02 -7.030970972893794274e-04 -1.492231322517892280e-03 9.999987074596282666e-01 -9.816515190390140769e-04
9.995389004417863932e-01 3.036084127813691580e-02 6.963227550283704239e-04 -1.498043460510301850e-01 -3.036188387295533919e-02 9.995378777283053795e-01 1.568896098087357860e-03 -1.878586516859353031e-02 -6.483695321329009881e-04 -1.589312842872158847e-03 9.999985966543617488e-01 1.634350856279650176e-03
9.994240316330768037e-01 3.393532365224879305e-02 5.300634015847115535e-04 -1.884770376696900673e-01 -3.393616280223313297e-02 9.994226880106570343e-01 1.704243609401472027e-03 -2.209106408519146900e-02 -4.719245164428625180e-04 -1.721247726564660617e-03 9.999984775285685190e-01 1.300589893097747014e-03
9.993134897653469517e-01 3.705071777753279894e-02 2.826442812870886461e-04 -2.226570459887685371e-01 -3.705111668754342003e-02 9.993121389363172069e-01 1.656824213669988704e-03 -2.389771895971754684e-02 -2.210657752046040663e-04 -1.666155213265489796e-03 9.999986583677021867e-01 -1.052723295152370410e-03
9.992189901249683981e-01 3.951748563725612090e-02 2.778529463293626187e-04 -2.535269957766786986e-01 -3.951792998626457026e-02 9.992171392883667513e-01 1.932922145523097808e-03 -2.830852361237945827e-02 -2.012509845224750866e-04 -1.942390020067100544e-03 9.999981646280334813e-01 -3.545058431496347570e-03
9.991711433314297564e-01 4.070738627326089820e-02 4.964824180866451867e-04 -2.820617526800230368e-01 -4.070817940970770932e-02 9.991696892312857958e-01 1.755799203562028073e-03 -2.895745434287985351e-02 -4.245965162550462656e-04 -1.774551160738513508e-03 9.999984068679178550e-01 -5.015587711447651829e-03
9.991441449145592735e-01 4.136107771863622301e-02 7.496310388102437076e-04 -3.197953576398271380e-01 -4.136212778690417924e-02 9.991432936624037309e-01 1.473381633710410055e-03 -2.760711261470613284e-02 -6.880476670311945009e-04 -1.503125656514716409e-03 9.999987055513901435e-01 -2.804802437951962359e-03
9.991191913073149689e-01 4.195331908598932957e-02 1.043470678327756713e-03 -3.588222773208407657e-01 -4.195496243810553638e-02 9.991183398508391988e-01 1.627032643970633807e-03 -2.397400946520256149e-02 -9.742901233498093682e-04 -1.669377137232539452e-03 9.999982040239635550e-01 2.175990339961006545e-04
9.991098116250524130e-01 4.216711476321482327e-02 1.360872793177270558e-03 -3.988487671337271889e-01 -4.216976578551968197e-02 9.991086263949668922e-01 1.998077918343929560e-03 -2.252434648994329838e-02 -1.275403291598178803e-03 -2.053686443124078109e-03 9.999971504303781789e-01 -4.976243651754181209e-04
9.991564612260463996e-01 4.103393179704461352e-02 1.708336330956820729e-03 -4.416197120318021696e-01 -4.103867964863013723e-02 9.991536407469129299e-01 2.856782455154857365e-03 -2.246148507936596150e-02 -1.589660611648377898e-03 -2.924480228095752057e-03 9.999945332359744254e-01 -4.184743325377245429e-03
9.992197533181595981e-01 3.945141915792586829e-02 1.953281930520494713e-03 -4.896407682414286033e-01 -3.945735173386603206e-02 9.992165886083320681e-01 3.109381683204635698e-03 -1.894920281403690912e-02 -1.829075280982172527e-03 -3.184025997485627566e-03 9.999933315664429889e-01 -8.940757360840228055e-03
9.992954265429062621e-01 3.746110988945620252e-02 2.381205114019577587e-03 -5.399061210244364695e-01 -3.746881181853568832e-02 9.992925700131626288e-01 3.285979191746826820e-03 -1.517519192208161005e-02 -2.256416076840411442e-03 -3.372886658273884473e-03 9.999918401229374032e-01 -6.386809081300312205e-03
9.993990186028848255e-01 3.453736191695340463e-02 3.023017324159815115e-03 -5.919701381031721166e-01 -3.454705243878698068e-02 9.993980609010341132e-01 3.221549382368054520e-03 -9.805380822386950898e-03 -2.909926404337935275e-03 -3.324052680235029845e-03 9.999903159159185817e-01 -4.236075090459610892e-03
9.995256073334054525e-01 3.062468960149745262e-02 3.326824070480882342e-03 -6.399777296762302337e-01 -3.063376284494175039e-02 9.995271682078973319e-01 2.717913111222877882e-03 -5.419189242323154201e-03 -3.242010735847352266e-03 -2.818540678394005922e-03 9.999908474448125917e-01 -5.006710273395715942e-03
9.996660852613576953e-01 2.560631746389153279e-02 3.523795814849165278e-03 -6.893595441207329699e-01 -2.561384056243938209e-02 9.996698684584248706e-01 2.112753705403268983e-03 -1.817097342405649347e-03 -3.468529032536507486e-03 -2.202309438317648620e-03 9.999916348945120381e-01 -3.522627558386399148e-03
9.997990506050996595e-01 1.970968706551560340e-02 3.712321581708127177e-03 -7.426065144094324832e-01 -1.971639136529259803e-02 9.998042171355230323e-01 1.783870158376614458e-03 8.494518808826238138e-03 -3.676433560430432748e-03 -1.856709160374472173e-03 9.999915939208864346e-01 -2.686320881942779078e-03
9.999096093444751476e-01 1.284517488369495489e-02 4.021965117912946509e-03 -7.981393295700585089e-01 -1.285386851129986276e-02 9.999152762576557496e-01 2.148520769874635514e-03 1.680361792561165662e-02 -3.994024653276861958e-03 -2.200027571292778074e-03 9.999896795698741681e-01 -1.820320617164818871e-03
9.999736057410093526e-01 5.467611609103400355e-03 4.826768508192099023e-03 -8.544066107231855778e-01 -5.484720114235696643e-03 9.999788847730175512e-01 3.542795065957047608e-03 2.493609942182882858e-02 -4.807291410657615546e-03 -3.569177590656250239e-03 9.999821525510841358e-01 -3.376925328488756400e-03
9.999818345958390031e-01 -2.297287984240164917e-03 5.608935365388829225e-03 -9.095629380150700438e-01 2.271866435522153487e-03 9.999873244126953331e-01 4.538247315607909192e-03 3.540912006599523237e-02 -5.619284954554908638e-03 -4.525423976579565251e-03 9.999740490512541990e-01 -9.511296717384556954e-03
9.999234965910382966e-01 -1.087409449432079171e-02 5.930268080754149719e-03 -9.612629156430363420e-01 1.085049953201531851e-02 9.999333369583309761e-01 3.999987906699412586e-03 3.999513242494801002e-02 -5.973364298008623091e-03 -3.935338998813134662e-03 9.999744933097706179e-01 -1.313540916002445269e-02
9.997735391925904880e-01 -2.049870026742382431e-02 5.752878053140400398e-03 -1.014594848129123816e+00 2.048203007722696617e-02 9.997860937061662234e-01 2.945406762239521740e-03 5.225903818845845789e-02 -5.812023499342163467e-03 -2.826912616217449898e-03 9.999791928538510621e-01 -3.712480866346369417e-03
9.995244083221103137e-01 -3.028220797743146758e-02 5.863503198760769940e-03 -1.072844825637274235e+00 3.026525954456097539e-02 9.995377327481701490e-01 2.961514147882842850e-03 6.437766878269250703e-02 -5.950473794730131057e-03 -2.782646555189898993e-03 9.999785031671227786e-01 3.581504142284261307e-03
9.991534576426706060e-01 -4.068591585473853300e-02 6.121196423646644430e-03 -1.126166999704672378e+00 4.066128548460151010e-02 9.991648034260646183e-01 4.099350887238290518e-03 7.157802019868669818e-02 -6.282863306851450141e-03 -3.846987276854100472e-03 9.999729443882101609e-01 1.359441196995558833e-03
9.986538417063801631e-01 -5.150526811929369286e-02 6.178007562709406965e-03 -1.183188505528002699e+00 5.147385253902526242e-02 9.986613255361629360e-01 5.143947730126765747e-03 7.929798751556621506e-02 -6.434667076250149241e-03 -4.819016228800923271e-03 9.999677684058836391e-01 -8.378800575780196574e-03
9.980396102398459979e-01 -6.226433878447804743e-02 6.367940421831593846e-03 -1.244474744975529790e+00 6.223023512237508409e-02 9.980473178941897672e-01 5.423647231355448878e-03 8.564954748061233414e-02 -6.693195653075791236e-03 -5.016734349557280814e-03 9.999650992160168395e-01 -1.157090295595567322e-02
9.972889485025174805e-01 -7.330103234481692709e-02 6.494372964561010916e-03 -1.297811392825790833e+00 7.327007963637290067e-02 9.973004049218853195e-01 4.885679996514111223e-03 9.575550949816621915e-02 -6.834958562841064039e-03 -4.396589440181034210e-03 9.999670605373441878e-01 -7.130458518276159945e-03
9.963168767123580238e-01 -8.546981844563433794e-02 6.932941010686229436e-03 -1.349203383499179898e+00 8.543921726689900076e-02 9.963330102779458519e-01 4.599549602784181596e-03 1.062464147133594244e-01 -7.300636283826288965e-03 -3.990262282592843719e-03 9.999654741820974690e-01 -6.603968820249558370e-04
9.951417587554955979e-01 -9.817441055963684049e-02 7.426553688226464334e-03 -1.410146460925035150e+00 9.813742284352848511e-02 9.951595654021038184e-01 5.194550919985340548e-03 1.125870149888552191e-01 -7.900570326113446132e-03 -4.440492070419547674e-03 9.999590167649854422e-01 -1.033632700995043086e-03
9.937890044364480202e-01 -1.110382653311347279e-01 7.376522403852857346e-03 -1.466782881913080372e+00 1.109943131295565710e-01 9.938024139993484329e-01 6.126165367180129440e-03 1.213648197996592959e-01 -8.011033863467971472e-03 -5.269364506800250543e-03 9.999541145073321813e-01 -5.463283488065170945e-03
9.922158666416729389e-01 -1.243159826486270464e-01 7.328707322180300944e-03 -1.521709007842434236e+00 1.242647611488339049e-01 9.922241122587430739e-01 7.077586965201710517e-03 1.281287865203824261e-01 -8.151563678097387827e-03 -6.111795033390508836e-03 9.999481855651142226e-01 -1.438433486050443195e-02
9.903966992924405632e-01 -1.380532286877963755e-01 7.496667444280851085e-03 -1.580043526004639709e+00 1.379987704386850533e-01 9.904053449586964764e-01 7.356668245207224552e-03 1.335483652045614533e-01 -8.440336872350174408e-03 -6.251489882143087574e-03 9.999449262840550690e-01 -1.431171143316485421e-02
9.883561161273867191e-01 -1.519830098411721064e-01 7.339805161337480295e-03 -1.642212410696755498e+00 1.519337887031935175e-01 9.883671416089677697e-01 6.859289096925155586e-03 1.398805077339521641e-01 -8.296904158147098626e-03 -5.664255465309152304e-03 9.999496261007817521e-01 -7.091375096665492039e-03
9.860836172454904291e-01 -1.660893734226145113e-01 7.344862004447772624e-03 -1.699020552427548569e+00 1.660410849292141278e-01 9.860959113371944307e-01 6.764035561952837401e-03 1.443909363107961363e-01 -8.366161617801523911e-03 -5.450354381635765660e-03 9.999502384629808116e-01 -4.431332147316344519e-04
9.834960176841432977e-01 -1.807711745910704215e-01 7.609235028892512298e-03 -1.755113580120791994e+00 1.807191527231980233e-01 9.835097334394721225e-01 7.052661640835525270e-03 1.511380729474602058e-01 -8.758662642979000296e-03 -5.561130024843543955e-03 9.999462678282199368e-01 -3.418383389850216444e-03
9.806788555931613693e-01 -1.954691282807790864e-01 7.832507022149307399e-03 -1.816542774320493825e+00 1.954100634095816691e-01 9.806915619068816703e-01 7.715452191195154574e-03 1.571650077518833288e-01 -9.189389730774854756e-03 -6.035833471580946165e-03 9.999396512546070426e-01 -9.812499518205498178e-03
9.777681522276526760e-01 -2.095525945663170575e-01 7.595953577129261822e-03 -1.878240553357141573e+00 2.094869707847682450e-01 9.777738469471789484e-01 8.607052358561066707e-03 1.611851193803680860e-01 -9.230737476677897818e-03 -6.824451255995728563e-03 9.999342036267476752e-01 -1.324613219578821624e-02
9.745726218488235393e-01 -2.239576026799240394e-01 7.193877709160818174e-03 -1.933223507115010786e+00 2.238916929395693145e-01 9.745732235444778402e-01 8.950602871075860958e-03 1.646716886546777669e-01 -9.015498479724399356e-03 -7.112362515485379753e-03 9.999341628363053180e-01 -1.657444373511794689e-02
9.711573628271406022e-01 -2.383364452953872226e-01 7.047824499850537106e-03 -1.992216346131337801e+00 2.382738862349361719e-01 9.711593969931718862e-01 8.692345629962841200e-03 1.668083545855959804e-01 -8.916247385161869821e-03 -6.762321870682104497e-03 9.999374836424294033e-01 -1.112297062571265642e-02
9.676188635094593593e-01 -2.523153471566911832e-01 7.160003543888412460e-03 -2.054341745519149054e+00 2.522504143227960460e-01 9.676215962618714972e-01 8.874492586858127516e-03 1.668464336302704631e-01 -9.167326222895134588e-03 -6.781007986755199606e-03 9.999350886638861402e-01 -4.296271802166250903e-03
9.638490991171065891e-01 -2.663544085875161338e-01 7.128010093263737607e-03 -2.113764961940158837e+00 2.662801620387896251e-01 9.638451791392401713e-01 9.896220604738464877e-03 1.678345115787795439e-01 -9.506182225794471835e-03 -7.640410597681075028e-03 9.999257309789921777e-01 -5.857151393589886922e-03
9.597755129114681205e-01 -2.806924586026525725e-01 6.578355806824156236e-03 -2.171517017447356590e+00 2.806091641802866965e-01 9.597557558776093067e-01 1.131274672374417249e-02 1.638192847960555643e-01 -9.488998781181109607e-03 -9.011744757387633864e-03 9.999144769381305142e-01 -1.344998613211861177e-02
9.554519422538981788e-01 -2.950896249983488984e-01 5.854426287471917179e-03 -2.230708801179872136e+00 2.950033745011034214e-01 9.554170784499516067e-01 1.232149019697925674e-02 1.580682135301708091e-01 -9.229337713562836207e-03 -1.004550789602560133e-02 9.999070623724866103e-01 -1.991860834036741912e-02
9.509985855717277836e-01 -3.091498609449022661e-01 5.350626407064205947e-03 -2.293281561281030445e+00 3.090661109753116698e-01 9.509580873568987958e-01 1.254849725146703517e-02 1.577429284407847743e-01 -8.967563154068835390e-03 -1.027989744520851033e-02 9.999070650708166141e-01 -2.170819999002217976e-02
9.462720213155407789e-01 -3.233232303331085578e-01 5.650761520963308755e-03 -2.355018613814291673e+00 3.232388219632273407e-01 9.462387049450180498e-01 1.223083921794440414e-02 1.592772591343147304e-01 -9.301462148864210813e-03 -9.747148950697000908e-03 9.999093541335062341e-01 -1.649433106329669177e-02
9.414001973449567240e-01 -3.372398270270987042e-01 5.962368417628897618e-03 -2.414509148765090263e+00 3.371540140885265768e-01 9.413731122952756492e-01 1.201883791615051579e-02 1.532185415690231756e-01 -9.666022849627701335e-03 -9.304294093103755020e-03 9.999101169893994667e-01 -1.116659099413393197e-02
9.362814399318151182e-01 -3.511987053221374833e-01 6.093006382745960563e-03 -2.472931572708772396e+00 3.511067783868275782e-01 9.362526957988547283e-01 1.247160444934748529e-02 1.473486125362738208e-01 -1.008458326710484632e-02 -9.537631526414241598e-03 9.999037898326773588e-01 -7.699705348160946518e-03
9.309190921510979155e-01 -3.651801892463666932e-01 5.802112493249043067e-03 -2.534766252534360831e+00 3.650811355873538888e-01 9.308795303102453955e-01 1.340490324953331862e-02 1.412350564091496841e-01 -1.029624945701197378e-02 -1.036063402351481214e-02 9.998934467151987526e-01 -1.517423084984494130e-02
9.253101692656821031e-01 -3.791736522412095245e-01 5.388275732525558102e-03 -2.597179371325866182e+00 3.790729178443793534e-01 9.252622806755984586e-01 1.393073765955291955e-02 1.327393048369004958e-01 -1.026771045469090926e-02 -1.084769595260748343e-02 9.998885791265291756e-01 -2.313559070026805289e-02
9.193837463164682422e-01 -3.933252331360564402e-01 5.421882710943099794e-03 -2.659962202286488164e+00 3.932247731131485735e-01 9.193391441639161554e-01 1.380070561733844764e-02 1.249964444786677426e-01 -1.041269501483600528e-02 -1.055611811363058213e-02 9.998902045524663551e-01 -2.140499870591942855e-02
9.132727220881111663e-01 -4.073099509365629700e-01 5.670091416694261928e-03 -2.724146038659355451e+00 4.072077315181596435e-01 9.132337159342381883e-01 1.366345469839455595e-02 1.163550281818187399e-01 -1.074336141047329239e-02 -1.016954847456047646e-02 9.998907141190481740e-01 -1.265781129762881194e-02
9.070403311793732160e-01 -4.210060297900469761e-01 5.689653200122563731e-03 -2.788202993065856283e+00 4.209040751235120226e-01 9.070040311594305127e-01 1.356837179466986211e-02 1.050377866174126151e-01 -1.087288614896309707e-02 -9.912255732211640302e-03 9.998919015215969042e-01 -1.399461533221155012e-02
9.005415012273266795e-01 -4.347373666086252197e-01 5.388833348639483593e-03 -2.847023739683603338e+00 4.346397252591914784e-01 9.005052164391168512e-01 1.339107624487973630e-02 9.448506264488318318e-02 -1.067425558315226140e-02 -9.717012151514266977e-03 9.998959600616924570e-01 -2.015803685128514378e-02
8.938025274103748030e-01 -4.484293754498981377e-01 5.361989114204539220e-03 -2.905596766211846926e+00 4.483394919077721696e-01 8.937744313067291779e-01 1.263470305926803205e-02 7.622696548750500234e-02 -1.045816441727006642e-02 -8.888930905177176017e-03 9.999059545173955010e-01 -2.549967075672935485e-02
8.869768692288009238e-01 -4.617764555919819935e-01 5.929155790080953108e-03 -2.960230172063931686e+00 4.616966977728988453e-01 8.869675005526915790e-01 1.120231518577741517e-02 5.614662468859263345e-02 -1.043191816333399399e-02 -7.198716663274097073e-03 9.999198318172064504e-01 -2.011820426842021725e-02
8.799957808069357457e-01 -4.749392353749682938e-01 6.384838630076215479e-03 -3.016176429564649375e+00 4.748702578510369809e-01 8.800007684696220522e-01 9.877943525921360421e-03 3.915546468636468130e-02 -1.031006910848879937e-02 -5.660573644735908232e-03 9.999309907586528823e-01 -1.713867077499129157e-02
8.728343264278936031e-01 -4.879697037649182167e-01 6.813725673471038129e-03 -3.079781732592163923e+00 4.879106818339541407e-01 8.728504526412433906e-01 8.715245753875000556e-03 2.444078179454647892e-02 -1.020011877022256562e-02 -4.282473237804951260e-03 9.999389766706090477e-01 -1.347290232374821935e-02
8.654520323839930418e-01 -5.009495847474058072e-01 6.551299842125425828e-03 -3.136888896438390972e+00 5.008960404368715258e-01 8.654680746980024653e-01 8.299105346933828217e-03 1.272238885126662430e-02 -9.827356733775851477e-03 -3.900956004894603080e-03 9.999442751649850747e-01 -1.250813465598035051e-02
8.576950349495950920e-01 -5.141287099054048237e-01 5.614707920679382590e-03 -3.192600426416654980e+00 5.140736165115294964e-01 8.577003231017829021e-01 8.898603689053020960e-03 -2.223285833570866604e-03 -9.390745487704809519e-03 -4.745913378785885511e-03 9.999448207984187320e-01 -1.507744697902032270e-02
8.496943837579110648e-01 -5.272513008527357492e-01 5.113608318953386661e-03 -3.253207813732191145e+00 5.271884234049371010e-01 8.496900288998886497e-01 9.997375945524199919e-03 -2.309034435684885825e-02 -9.616092583727368220e-03 -5.798877189391655161e-03 9.999371343573453252e-01 -2.154869630960641602e-02
8.417639517149821948e-01 -5.398276358143886400e-01 4.494852388323485048e-03 -3.315679928019321210e+00 5.397640320267498293e-01 8.417518552297857948e-01 1.045643925059474427e-02 -4.318165759811223858e-02 -9.428208512611837080e-03 -6.375691381609803823e-03 9.999354152158456133e-01 -2.191339277770055702e-02
8.337790985853917869e-01 -5.520838683764988097e-01 4.056458008603257628e-03 -3.375134614824853774e+00 5.520220419648520505e-01 8.337632439254548666e-01 1.054794904130854430e-02 -6.106706701808693738e-02 -9.205462890609583670e-03 -6.555403057317014427e-03 9.999363292592279295e-01 -1.942940496329938205e-02
8.256836320798338624e-01 -5.641233003504921850e-01 3.476191863101432775e-03 -3.429901302934456719e+00 5.640616059772648461e-01 8.256607380522549278e-01 1.093601480950670037e-02 -7.769807361200713192e-02 -9.039402476597461350e-03 -7.068899015132033663e-03 9.999343464124531566e-01 -1.492628644883393224e-02
8.174226687783342493e-01 -5.760324176773647942e-01 2.734698271226218818e-03 -3.483375956390921679e+00 5.759701509958446985e-01 8.173892668179649768e-01 1.157239329649768778e-02 -9.637481180339145526e-02 -8.901374903300951491e-03 -7.884428819322473331e-03 9.999294881268750990e-01 -1.763874819661670132e-02
8.090916370948419978e-01 -5.876797634099292234e-01 1.967864799412380634e-03 -3.539802468103220967e+00 5.876198711684712528e-01 8.090492363226589045e-01 1.195732381313986681e-02 -1.160434556285586533e-01 -8.619165515461159680e-03 -8.518214511327448779e-03 9.999267632764617941e-01 -2.321038500722447107e-02
8.005434283677681506e-01 -5.992730111806479076e-01 1.653939375958991256e-03 -3.593748634229627203e+00 5.992147427694656248e-01 8.004987515768664519e-01 1.200840605672253564e-02 -1.367891989010455167e-01 -8.520276310613061552e-03 -8.622185518954843600e-03 9.999267215698373068e-01 -2.358284405075622425e-02
7.921322801452594931e-01 -6.103473258041486327e-01 1.804846147172773458e-03 -3.650838733197246722e+00 6.102873590696678008e-01 7.920899179253726441e-01 1.198612624101113786e-02 -1.658940393036440475e-01 -8.745283798468639694e-03 -8.393121117450597773e-03 9.999267295150203738e-01 -2.135264395826341755e-02
7.836930783860258654e-01 -6.211467216554026338e-01 1.605643590578926822e-03 -3.700602919389993861e+00 6.210889934534029599e-01 7.836509042794389535e-01 1.185294071138976585e-02 -1.884706338360945810e-01 -8.620660852980903399e-03 -8.291818117916118988e-03 9.999286574068836364e-01 -1.716545516086545597e-02
7.751288679439340967e-01 -6.318026659986196725e-01 1.142178556067006013e-03 -3.748581272010432119e+00 6.317474867822808759e-01 7.750827784296885348e-01 1.194049594684263790e-02 -2.074843429082418311e-01 -8.429301214503142833e-03 -8.533852833994080150e-03 9.999282527332576942e-01 -1.755065732276202620e-02
7.663123799614588449e-01 -6.424684692920754614e-01 5.299322738983495247e-04 -3.798581595302124914e+00 6.424154000405896126e-01 7.662592084166859330e-01 1.224984535986544699e-02 -2.289436359350165984e-01 -8.276188478694263342e-03 -9.046769705183577842e-03 9.999250243674432381e-01 -2.027720507487737120e-02
7.573539849882675590e-01 -6.530050470096613324e-01 1.865154861157698968e-04 -3.852546340896486843e+00 6.529530175951018256e-01 7.572972085205622594e-01 1.241294916626901890e-02 -2.553368670898462089e-01 -8.246950704993072020e-03 -9.279205674782475127e-03 9.999231370146333120e-01 -2.284126841014939152e-02
7.487138592924545977e-01 -6.628938420647768615e-01 -1.268937268813446990e-05 -3.904819265088283142e+00 6.628435603642436336e-01 7.486568536306030808e-01 1.233377875370343484e-02 -2.839400090361393070e-01 -8.166468596197304711e-03 -9.242878265940711671e-03 9.999241347496231613e-01 -2.237605613137399682e-02
7.404848228465558124e-01 -6.720735991881544580e-01 8.132247921769428974e-06 -3.948396567870477103e+00 6.720241012186798368e-01 7.404304546857385372e-01 1.213044907695319703e-02 -3.064702900046102352e-01 -8.158557884239936789e-03 -8.976944589854459269e-03 9.999266222695702977e-01 -1.920650795000815661e-02
7.321775572520159425e-01 -6.811143306644364959e-01 8.620249298949490862e-06 -3.988408014169761096e+00 6.810655655692738897e-01 7.321253088689479993e-01 1.195980975066963763e-02 -3.281332744318521399e-01 -8.152289577077163896e-03 -8.750829464816490752e-03 9.999286780583807044e-01 -1.622451368326063154e-02
7.239963455580555873e-01 -6.898043260986711500e-01 -4.558290114662733543e-05 -4.034292390306251086e+00 6.897548548632104204e-01 7.239436480269666463e-01 1.202727349559869208e-02 -3.531324361552340974e-01 -8.263444821911696686e-03 -8.739136589485623288e-03 9.999278684004171414e-01 -1.494587434640032818e-02
7.159509652042054251e-01 -6.981510552272577330e-01 -2.080546948146471395e-04 -4.076041068117308264e+00 6.981000617635914063e-01 7.158950241886125054e-01 1.230625593786460054e-02 -3.791287343096889639e-01 -8.442659306744695544e-03 -8.955910840601686435e-03 9.999244536087645852e-01 -1.790553990923481401e-02
7.078697807507878803e-01 -7.063433816853207370e-01 -3.719221023419562607e-04 -4.113811975135019061e+00 7.062930720909984528e-01 7.078128938222869593e-01 1.232245487433167828e-02 -4.019912787332528548e-01 -8.440612881530093828e-03 -8.985371634300663019e-03 9.999242068894769186e-01 -2.353454849496168511e-02
6.998808406137022597e-01 -7.142599291117367466e-01 -5.538032031756442335e-04 -4.153030442290431168e+00 7.142137813505046173e-01 6.998263834595008781e-01 1.193959850583470490e-02 -4.219107367499208006e-01 -8.140389359233991123e-03 -8.751824595627115400e-03 9.999287680595997374e-01 -2.325574515389328828e-02
6.921272786915854125e-01 -7.217758674053900148e-01 -4.313581319147502405e-04 -4.192128906523285181e+00 7.217285017449848183e-01 6.920747718761516287e-01 1.188867311322624847e-02 -4.474214568566069472e-01 -8.282402211313030782e-03 -8.539792368834085712e-03 9.999294358213284273e-01 -1.865604939238543411e-02
6.845035656693941872e-01 -7.290099509901903918e-01 -3.680919583501159769e-04 -4.227348506705474129e+00 7.289616610787464923e-01 6.844522487527039400e-01 1.186980918821649994e-02 -4.726357757851518682e-01 -8.401241224851387773e-03 -8.393243414547793546e-03 9.999296858210698913e-01 -1.723352538740421241e-02
6.768830924466580079e-01 -7.360909984076700052e-01 -3.229074519406534022e-04 -4.261191204646157082e+00 7.360413492679422909e-01 6.768322242379690712e-01 1.192293181721015491e-02 -4.984449345077672788e-01 -8.557781811411511314e-03 -8.308094567592792454e-03 9.999290696832174863e-01 -1.830112178676524676e-02
6.693235449575796192e-01 -7.429714834517936461e-01 -4.007532840486781366e-04 -4.295077919977091874e+00 7.429220728301273446e-01 6.692726257859550332e-01 1.190968732286122427e-02 -5.187170589746530336e-01 -8.580316942326915441e-03 -8.269153724294984673e-03 9.999291994590339128e-01 -1.938154181044808230e-02
6.621858195388258261e-01 -7.493400890843183726e-01 -4.135257861148821561e-04 -4.325858867498271643e+00 7.492923785477160203e-01 6.621372370269156260e-01 1.166668194182358606e-02 -5.377634414143270813e-01 -8.468473496169498516e-03 -8.035355759172311055e-03 9.999320592843821132e-01 -2.226116610223021625e-02
