1.000000000000000000e+00 0.000000000000000000e+00 0.000000000000000000e+00 0.000000000000000000e+00 0.000000000000000000e+00 1.000000000000000000e+00 0.000000000000000000e+00 0.000000000000000000e+00 0.000000000000000000e+00 0.000000000000000000e+00 1.000000000000000000e+00 0.000000000000000000e+00
9.999999631156474278e-01 -1.779349719840919622e-04 2.052019726664614419e-04 -7.632486001131846311e-04 1.779255299037690050e-04 9.999999831118294713e-01 4.603093173065096402e-05 -8.775973270448695187e-04 -2.052101597135234348e-04 -4.599441936310587369e-05 9.999999778866516253e-01 -4.010875617344530214e-03
9.999999824128084080e-01 -1.540362763049880044e-04 1.069916277066332056e-04 4.291402182832985447e-03 1.540336241094114025e-04 9.999999878293852618e-01 2.479661199804692351e-05 -5.844982688726827174e-04 -1.069954459822564839e-04 -2.478013125377914315e-05 9.999999939689597772e-01 -3.308286229071547013e-03
9.999999967652587474e-01 -7.954401369308492420e-05 -1.192611940175868700e-05 -8.547739433590988145e-04 7.954427586830965086e-05 9.999999965946967384e-01 2.198441775045616384e-05 2.252528018327511553e-03 1.192437063232005808e-05 -2.198536633387399250e-05 9.999999996872265262e-01 -1.515036976400301310e-03
9.999999947232571795e-01 5.167966718864670122e-05 -8.878455745818736788e-05 -3.395444863728829411e-03 -5.168365094849862191e-05 9.999999976578199945e-01 -4.486825510789875895e-05 3.368433466640161078e-03 8.878223847374664118e-05 4.487284358121780569e-05 9.999999950520710446e-01 1.471964170272359665e-03
9.999999927617027051e-01 1.181532404664596160e-04 -2.272457296150586474e-05 -5.432594249199920039e-03 -1.181543170736523078e-04 9.999999918973067059e-01 -4.738083826315347475e-05 -3.286780308434465031e-04 2.271897457779881483e-05 4.738352292659594268e-05 9.999999986193249812e-01 2.002308999706199286e-03
9.999999970305678554e-01 5.683513091471452817e-05 5.204452064709649269e-05 1.627984980858932125e-03 -5.683638915412096519e-05 9.999999980925958765e-01 2.417505294628340302e-05 -2.229112502896490183e-03 -5.204314655552748917e-05 -2.417801089712606099e-05 9.999999983534673120e-01 6.902160081658796544e-04
9.999999996703802241e-01 -1.178169246596326904e-05 2.281296450740503596e-05 5.226363046453842871e-03 1.177971526970517131e-05 9.999999961749439503e-01 8.666804678766571932e-05 1.730735787621741871e-03 -2.281398551641804887e-05 -8.666777802887185359e-05 9.999999959841091579e-01 -1.305843718802498317e-03
9.999999955368485960e-01 -8.081309299031165885e-05 -4.894432310441720852e-05 9.849902795597623162e-04 8.081484113648011790e-05 9.999999960966603485e-01 3.571611189306614392e-05 5.899628057316562597e-03 4.894143658389922519e-05 -3.572006716135594124e-05 9.999999981644063229e-01 5.835146612373888833e-04
9.999999925807511181e-01 -1.207710297519769504e-04 -1.590144950659171745e-05 5.611679754980668754e-04 1.207709833742694221e-04 9.999999927029288305e-01 -2.917498979957680670e-06 1.880300734232183413e-03 1.590180173991381684e-05 2.915578524618042359e-06 9.999999998693160919e-01 7.941726888230726897e-04
9.999999982161200673e-01 -5.149989630135182585e-05 3.025756982898274459e-05 -1.891420345595047582e-03 5.150101103445487826e-05 9.999999979951623708e-01 -3.684183781655726229e-05 -9.199640716591754499e-04 -3.025567241749412944e-05 3.684339604627348720e-05 9.999999988635792647e-01 -2.126193698795702039e-03
9.999999986661723961e-01 -1.459357576074849133e-05 4.954475572311157030e-05 -2.193598026255248138e-03 1.459378173151540244e-05 9.999999998848708715e-01 -4.156907799038993990e-06 -1.053887615399455666e-03 -4.954469505325862617e-05 4.157630838845359279e-06 9.999999987640186827e-01 -3.545752118681324856e-03
9.999999941798989322e-01 -9.403076000953783993e-05 5.290007912530493930e-05 -4.915764759296276445e-03 9.402983270367298657e-05 9.999999954255167633e-01 1.753159921864602474e-05 -7.992596395640907871e-04 -5.290172739291312842e-05 -1.752662493102017882e-05 9.999999984471122927e-01 -2.017512974355798686e-03
9.999999946595640177e-01 -9.855622143972496494e-05 3.110535465479332047e-05 -4.452236872096924231e-03 9.855483644331647071e-05 9.999999941522622615e-01 4.452437269167097066e-05 1.147369211775565046e-03 -3.110974262683183114e-05 -4.452130687075089285e-05 9.999999985250185297e-01 2.472603561511132813e-04
9.999999980287884727e-01 -2.508852000889387743e-06 -6.273857403967547544e-05 -3.407622978932696098e-04 2.509755398838785259e-06 9.999999998931802248e-01 1.439932743071591829e-05 5.159680802953314771e-03 6.273853790719232087e-05 -1.439948486080670876e-05 9.999999979282653273e-01 1.493219442809765474e-03
9.999999970404356286e-01 -2.836776875001205755e-05 -7.151502229954671255e-05 1.217628697655198482e-03 2.836621988906853093e-05 9.999999993631277784e-01 -2.165876173609638828e-05 -3.209329215647696229e-03 7.151563666474512998e-05 2.165673306114796826e-05 9.999999972082498356e-01 1.642304986135792629e-04
9.999999998386940314e-01 -1.481300170458755852e-05 -1.015809105353548305e-05 2.462372532378858010e-03 1.481283632392705090e-05 9.999999997577615485e-01 -1.628056499533298622e-05 -5.927198208629792971e-03 1.015833221511183151e-05 1.628041452256669296e-05 9.999999998158781711e-01 1.146537910641667966e-04
9.999999976961303494e-01 -4.988228856761485935e-05 4.603799034385137965e-05 4.394741130454819442e-03 4.988175793246146117e-05 9.999999986894680948e-01 1.152710398892835890e-05 1.630529448000178974e-03 -4.603856528184464402e-05 -1.152480750648138670e-05 9.999999988738146328e-01 -7.716119756891509553e-04
9.999999984983549695e-01 -4.980456406420583841e-05 -2.286472096844951578e-05 -4.875447374980013820e-04 4.980455914404101759e-05 9.999999987597296691e-01 -2.157552011746536706e-07 7.508975977972014333e-03 2.286473168568482219e-05 2.146164335028807906e-07 9.999999997385790040e-01 3.832050889201650285e-04
9.999999976057069029e-01 -6.349277141435408808e-05 -2.751825177092876801e-05 -2.995205871380357109e-03 6.349270228001987148e-05 9.999999979811803330e-01 -2.513174690965782960e-06 2.074899618128064199e-03 2.751841128380055814e-05 2.511427476781548340e-06 9.999999996182148410e-01 7.666663390077019507e-04
9.999999949120786935e-01 -9.121542960503549208e-05 4.307653578016656286e-05 -5.740120313003820376e-04 9.121475058065612468e-05 9.999999957156684438e-01 1.576490921077994771e-05 1.533032187319613958e-04 -4.307797359857874547e-05 -1.576097991510226615e-05 9.999999989479398943e-01 -5.059785130770814987e-04
9.999999910905258416e-01 -1.284621091116698718e-04 3.628270462224472302e-05 3.927370758009612016e-04 1.284612177897656755e-04 9.999999914470818485e-01 2.456728927665114968e-05 1.247535181206672417e-03 -3.628586027771735808e-05 -2.456262813734904279e-05 9.999999990400068040e-01 -7.573344099258438357e-05
9.999999963963387417e-01 -7.983521145907358286e-05 2.887319557521501561e-05 1.068745399454989987e-03 7.983473167342983266e-05 9.999999966751328406e-01 1.661776225448769958e-05 6.778335674760349074e-03 -2.887452216177903704e-05 -1.661545711078161579e-05 9.999999994450943230e-01 -1.044153398745241608e-03
9.999999957746084078e-01 -9.191713296569011546e-05 -1.422647132380148409e-06 -3.859241362167491977e-04 9.191714988080292633e-05 9.999999957048805177e-01 1.189439148281873041e-05 2.356608225686571481e-03 1.421553827906236718e-06 -1.189452219822996315e-05 9.999999999282497276e-01 -7.035858582042338674e-04
9.999999984114585905e-01 -5.071944899150941796e-05 -2.458902671118081483e-05 -1.674020806093317769e-03 5.071967320843398595e-05 9.999999986721880285e-01 9.118038822718013095e-06 -6.605575110675653352e-03 2.458856421662623871e-05 -9.119285955632936964e-06 9.999999996561205196e-01 -4.944338727182215430e-04
9.999999998312006921e-01 1.507234330711702667e-06 -1.831193464266081365e-05 4.384647217488919432e-05 -1.507499237409846054e-06 9.999999998942262769e-01 -1.446633620496836907e-05 -3.243614200984326970e-03 1.831191283656532370e-05 1.446636380775396922e-05 9.999999997276990404e-01 -2.148826075636622022e-04
9.999999999842322795e-01 -5.195158506968698087e-06 -2.132077548653143893e-06 -1.143143979319978954e-03 5.195129691706769218e-06 9.999999998951791813e-01 -1.351489269325696147e-05 8.941337006992282344e-03 2.132147760439403759e-06 1.351488161662448456e-05 9.999999999064009826e-01 -8.086387699894515176e-04
9.999999983160979822e-01 -2.858509270621506477e-05 5.050442088863209581e-05 6.392193267376273039e-04 2.858528846811823969e-05 9.999999995839312650e-01 -3.875416414472828851e-06 1.074994312678104365e-02 -5.050431008848130319e-05 3.876860091387024032e-06 9.999999987171422910e-01 -6.945116770708635459e-04
9.999999945154279812e-01 -1.015517264412524117e-04 2.562012738425031936e-05 2.308273021165136059e-03 1.015517967752507214e-04 9.999999948398515803e-01 -2.743977462830944922e-06 6.009258955913697985e-03 -2.561984859639799156e-05 2.746579217750884530e-06 9.999999996680398739e-01 -1.259300795738420450e-04
9.999999921271462977e-01 -1.212390488411294601e-04 -3.235429618618989537e-05 7.334216179263894700e-04 1.212391096454274716e-04 9.999999926487768143e-01 1.877372179294634903e-06 -2.045359129542545593e-03 3.235406833752890916e-05 -1.881294770577176269e-06 9.999999994748375309e-01 1.043692704672489558e-04
9.999999929055254366e-01 -1.163874745718481232e-04 -2.535556605651892930e-05 -2.469494242359947678e-03 1.163874104054096032e-04 9.999999932237795264e-01 -2.532125636740600400e-06 1.356436769127883704e-03 2.535586059241218314e-05 2.529174550103818363e-06 9.999999996753418108e-01 -9.881805888016336045e-05
9.999999950971878437e-01 -8.742345071784032168e-05 4.650553217586887288e-05 -6.326622420404878072e-03 8.742198715260847798e-05 9.999999956834585424e-01 3.147187893572634906e-05 8.969815645936067561e-03 -4.650828335538294929e-05 -3.146781317538923674e-05 9.999999984233781669e-01 -4.633707891508844542e-04
9.999999988073545731e-01 -2.756953647253370721e-05 4.031391206251425688e-05 -4.743754897847842281e-03 2.757028873432030224e-05 9.999999994458480534e-01 -1.865966720284277795e-05 6.518594957981531726e-03 -4.031339760179870570e-05 1.866077864678398655e-05 9.999999990133026095e-01 4.655928975313902707e-04
9.999999997792050621e-01 -1.863092929095765794e-05 9.719992909564632703e-06 7.472673515127336609e-04 1.863113428700117460e-05 9.999999996040362937e-01 -2.109047907094497581e-05 5.408347541877505521e-03 -9.719599970491585495e-06 2.109066016078147497e-05 9.999999997303566923e-01 -3.027227192101205559e-04
9.999999978116242971e-01 -5.215668091100847181e-05 -4.069928787405898649e-05 2.226906342100769438e-03 5.215742192385093497e-05 9.999999984740692849e-01 1.820617334160695927e-05 3.423551684184205322e-03 4.069833823838109923e-05 -1.820829607169465982e-05 9.999999990060516319e-01 -4.944023652179329502e-04
9.999999988000104478e-01 -3.958615424334665486e-05 -2.886027679589580282e-05 2.117978133272953832e-03 3.958646735979913940e-05 9.999999991576065117e-01 1.084890136249755316e-05 1.295476180136216540e-03 2.885984730530138722e-05 -1.085004382588435950e-05 9.999999995246928730e-01 5.447121473990691179e-04
9.999999964805729169e-01 -7.114255038465487515e-05 4.447012033399741818e-05 -4.558971054515420160e-03 7.114241553372632862e-05 9.999999974647758583e-01 3.033968556223774199e-06 1.075345205211034917e-03 -4.447033606551657400e-05 -3.030804833766307230e-06 9.999999990066017475e-01 5.623413805459585163e-04
9.999999979727323129e-01 -5.931498131564528125e-05 2.315746797098047394e-05 -4.304750794120073068e-03 5.931598200261089100e-05 9.999999973070828885e-01 -4.321398383538056244e-05 4.164240965826281407e-03 -2.315490467197556227e-05 4.321535735572764963e-05 9.999999987981416094e-01 6.263923803720033469e-04
9.999999978531052269e-01 -6.526744455627518475e-05 5.826678996391361499e-06 -4.285128519223139337e-03 6.526762245243669094e-05 9.999999974038344952e-01 -3.053634566102197512e-05 2.749393711063437447e-03 -5.824685952016956938e-06 3.053672588894853893e-05 9.999999995167907496e-01 -1.625466200025646544e-04
9.999999947300235448e-01 -1.023228716715166378e-04 -8.365571168271625276e-06 -3.952799190072965943e-03 1.023226166495043682e-04 9.999999943005424274e-01 -3.047945681861012799e-05 5.702818450879630630e-03 8.368689866141073655e-06 3.047860067085240480e-05 9.999999995005099951e-01 -2.463430799271541924e-04
9.999999997614068548e-01 -1.710528384491674439e-05 -1.358659745537251180e-05 8.521376677044960671e-04 1.710523611841926700e-05 9.999999998475352925e-01 -3.512871480668960103e-06 6.466377233705244108e-03 1.358665754196482294e-05 3.512639077873292901e-06 9.999999999015320995e-01 -1.798115318746202696e-03
9.999999994734986020e-01 -3.175320985712931990e-05 6.688533062196462802e-06 2.371526525137425834e-03 3.175315253419334406e-05 9.999999994591439734e-01 8.570261909508147477e-06 -4.693521720850980447e-04 -6.688805191903872356e-06 -8.570049522985339843e-06 9.999999999409070472e-01 -1.429605858856182162e-03
9.999999966580102040e-01 -8.068510325696531956e-05 1.318687969950063803e-05 -2.582516068651274314e-03 8.068503077233390400e-05 9.999999967298535131e-01 5.497163053100238073e-06 3.613699166057456579e-03 -1.318732319554616971e-05 -5.496099050934430160e-06 9.999999998979437477e-01 4.158753628128312226e-04
9.999999979856361021e-01 -6.328262311466500403e-05 -4.902784470906157205e-06 -3.405958976024564717e-03 6.328262183249475190e-05 9.999999979976206266e-01 -2.616734752426322627e-07 6.807248792613656251e-03 4.902801020472836432e-06 2.613632136599280420e-07 9.999999999879470858e-01 5.360486224900960512e-04
9.999999982411595933e-01 -4.950619819385587527e-05 -3.266216821018905024e-05 -9.316904463237945383e-04 4.950457113036633370e-05 9.999999975339386449e-01 -4.981385388711821125e-05 6.525188617285971812e-03 3.266463422416547238e-05 4.981223687287416306e-05 9.999999982258813702e-01 -9.038309864188825548e-05
9.999999984085626847e-01 -5.254879482448388428e-05 -2.053043366940090158e-05 5.318014574296273111e-05 5.254811329174774047e-05 9.999999980683823564e-01 -3.319534647734829358e-05 3.459307868302656779e-03 2.053217800519511685e-05 3.319426758896559440e-05 9.999999992382850866e-01 -1.134138697886812822e-03
9.999999992257968540e-01 -3.905118853182397816e-05 4.838496756667639006e-06 4.142479860084953905e-03 3.905108336690781473e-05 9.999999990013398454e-01 2.173322749895544823e-05 -2.239813757459735780e-03 -4.839345460200092616e-06 -2.173303853358930034e-05 9.999999997521278328e-01 -6.447418616004310828e-04
9.999999980592765292e-01 -6.136940610697862685e-05 1.073512144374251660e-05 1.474297592306618096e-03 6.136889719595934407e-05 9.999999969935454702e-01 4.740007997930784469e-05 -5.903209004944403801e-04 -1.073803032622561362e-05 -4.739942108475313719e-05 9.999999988189948175e-01 -3.666518451789254457e-04
9.999999973377439177e-01 -6.891951060634679083e-05 2.397109110032892855e-05 1.368900302464362388e-02 6.891951932245245465e-05 9.999999976249841493e-01 -3.627832019864218947e-07 1.029192197994027161e-03 -2.397106604055646801e-05 3.644352770968695131e-07 9.999999997126275408e-01 6.587136892703176951e-04
9.999999923399184310e-01 -5.897291303742696530e-05 1.088226013263060598e-04 3.444103315198094456e-02 5.897019804116493505e-05 9.999999979499600844e-01 2.495186706290899179e-05 -9.030261658969968366e-03 -1.088240725875018054e-04 -2.494544958142409015e-05 9.999999937675229100e-01 -5.219897168057062008e-04
9.999999855771557478e-01 -1.614291073778088901e-04 5.278571390632839168e-05 2.729564149581794469e-02 1.614297266383194905e-04 9.999999869014539744e-01 -1.172754284426420899e-05 -5.618068928489825323e-03 -5.278382004813920910e-05 1.173606385848599292e-05 9.999999985380665368e-01 -2.209294302335611509e-04
9.999999727124448956e-01 -1.116172642539572701e-04 2.052235265991947074e-04 1.220572001658680288e-02 1.116095052960889281e-04 9.999999930565428574e-01 3.781841457358245683e-05 5.677692327687488064e-04 -2.052277463622070831e-04 -3.779550864533153545e-05 9.999999782265356352e-01 -1.918905069940398029e-04
9.999999931458427582e-01 -6.794235527018444053e-05 9.535276999851607027e-05 -1.637520093770320666e-03 6.794321380562363337e-05 9.999999976513547217e-01 -9.000570389674083122e-06 2.040932297602379014e-03 -9.535215825461520035e-05 9.007048901621725307e-06 9.999999954134194402e-01 -7.028990470440243769e-04
9.999999977026275966e-01 -5.082494910042187071e-05 4.485052204129453038e-05 -8.749309204148677382e-03 5.082476126639799609e-05 9.999999986996473966e-01 4.189130658181456780e-06 -7.424351807717067750e-03 -4.485073489532552147e-05 -4.186851131482040905e-06 9.999999989854408966e-01 -6.061613074342116865e-04
9.999999905138097223e-01 -5.214913518330402257e-05 1.274866591076755074e-04 -1.577460300339901186e-02 5.214568469858414917e-05 9.999999982740583881e-01 2.706863134978805449e-05 -1.893931573555957676e-02 -1.274880704933564692e-04 -2.706198321388075866e-05 9.999999915072204093e-01 -1.825147885417714895e-03
9.999999356742079737e-01 -2.256342063014912997e-04 2.788203452989952247e-04 -3.331649289443696510e-02 2.256251295560158404e-04 9.999999740157549111e-01 3.258512590389920467e-05 -2.289046427461816774e-02 -2.788276903730795508e-04 -3.252221493130423829e-05 9.999999605987115459e-01 3.970134584367940485e-04
9.999998442899489248e-01 -3.717872041527580632e-04 4.161662561434418379e-04 -6.155815923663864736e-02 3.717917931941049667e-04 9.999999308254816643e-01 -1.094963313658070300e-05 -2.011656921624382574e-02 -4.161621564218511977e-04 1.110435863025121557e-05 9.999999133428726372e-01 1.880344188789804909e-03
9.999998214120370266e-01 -2.553453996497958710e-04 5.403467598390065268e-04 -1.111739320038563766e-01 2.553258360762503186e-04 9.999999667464470887e-01 3.627426308720356463e-05 -2.023617433515522562e-02 -5.403560043367619352e-04 -3.613629212082982562e-05 9.999998533547677093e-01 3.026224087090747042e-03
9.999997719464066570e-01 -4.403561626344899512e-04 5.120484202731196647e-04 -1.816528334540717382e-01 4.403340251323844168e-04 9.999999021135672628e-01 4.334515270353339752e-05 -2.529733224453546356e-02 -5.120674574556397223e-04 -4.311967047655402890e-05 9.999998679637978061e-01 1.899821065747048753e-03
9.999995214694756829e-01 -8.930187641568154960e-04 3.994725352913003260e-04 -2.748392359941491669e-01 8.930090454170390001e-04 9.999996009670552022e-01 2.450663585393449636e-05 -2.461563416684125344e-02 -3.994942607742621226e-04 -2.414989153935038674e-05 9.999999199105559233e-01 3.958557005178823867e-04
9.999991106964520871e-01 -1.261293553275013831e-03 4.332953696825692157e-04 -3.508888568704506272e-01 1.261305074811095361e-03 9.999992042081120580e-01 -2.631825996617409059e-05 -1.570244877852700754e-02 -4.332618298180001735e-04 2.686475420992489991e-05 9.999999057812314351e-01 7.737204871317555997e-04
9.999992889249081918e-01 -1.044086632110554063e-03 5.762228585044781599e-04 -4.385990431543975165e-01 1.044076912496465226e-03 9.999994548041755138e-01 1.716835657752604659e-05 -1.041144270211131172e-03 -5.762404696017795532e-04 -1.656672338651807590e-05 9.999998338362185990e-01 7.431461330795500683e-04
9.999997380042118245e-01 -3.965658854550891147e-04 6.055798925249484491e-04 -5.573975161725632788e-01 3.965153006568472452e-04 9.999999178892314822e-01 8.364894851413576086e-05 3.715606899836652877e-03 -6.056130151196529969e-04 -8.340880490530728022e-05 9.999998131379060906e-01 2.795954330841191483e-03
9.999997704949307176e-01 1.680198214708826011e-04 6.563378897990375122e-04 -6.999395449458243323e-01 -1.680617501564665424e-04 9.999999838406079533e-01 6.382814448110471907e-05 -2.652935381680916055e-02 -6.563271547995756707e-04 -6.393843512667561364e-05 9.999997825732475087e-01 5.428224484753995348e-03
9.999996503379759982e-01 3.790461881424354038e-04 7.454179451895984188e-04 -8.462263691628952866e-01 -3.790608917002386783e-04 9.999999279646496486e-01 1.958407283301778542e-05 -6.007009132298392340e-02 -7.454104682249999576e-04 -1.986662477620416688e-05 9.999997219842369223e-01 3.836875244461804106e-03
9.999997412776662209e-01 -1.147203413587070611e-04 7.101294556578921589e-04 -9.822217123533784067e-01 1.148313710530615256e-04 9.999999811900720514e-01 -1.563125454255151947e-04 -6.727799638716296105e-02 -7.101115100718383144e-04 1.563940501229870263e-04 9.999997356412372307e-01 2.471477524054437568e-03
9.999996981043639543e-01 -3.813057921809674396e-04 6.770502741541132609e-04 -1.120241174374900117e+00 3.815665381440955955e-04 9.999998530782188144e-01 -3.850331385025836540e-04 -6.619017707650506899e-02 -6.769033593147883929e-04 3.852913619920179120e-04 9.999996966761582895e-01 8.685931713696661699e-03
9.999996645533741901e-01 -2.734893549509560210e-04 7.720729964958585436e-04 -1.306155997343371178e+00 2.739403504678456858e-04 9.999997918974373734e-01 -5.840905463677407636e-04 -6.976702622918973251e-02 -7.719130932787302739e-04 5.843018523837846100e-04 9.999995313706510069e-01 1.259352094780480380e-02
9.999996091082596905e-01 -1.227457979998541384e-05 8.840999165548320922e-04 -1.539792826591659614e+00 1.293292222687158952e-05 9.999997226680804596e-01 -7.446452186217878246e-04 -7.511274829127247143e-02 -8.840905311585466443e-04 7.446563615415841128e-04 9.999993319351948573e-01 1.294066389889902968e-02
9.999995767975794481e-01 -1.309460747850685488e-04 9.106359247588435282e-04 -1.733720406039734874e+00 1.316684446664063849e-04 9.999996767136288822e-01 -7.932440093508985515e-04 -6.624233277975177803e-02 -9.105317581732888131e-04 7.933635756639839838e-04 9.999992707528111424e-01 1.614257094155645625e-02
9.999995345400124469e-01 2.427002708311076936e-04 9.338181498416589336e-04 -1.955794726809391149e+00 -2.417148005002002216e-04 9.999994139777428348e-01 -1.055281065036102733e-03 -4.786921112388158039e-02 -9.340737196037261075e-04 1.055054856177198731e-03 9.999990071822755233e-01 2.522153258943958185e-02
9.999989478067260462e-01 7.560127979052088353e-04 1.238075155346356378e-03 -2.196645314910684821e+00 -7.543485746580409421e-04 9.999988121519857165e-01 -1.344117868917349239e-03 -5.336539775700711863e-02 -1.239089855012036074e-03 1.343182514416813023e-03 9.999983302571380239e-01 3.058242384584819104e-02
9.999989382680594119e-01 5.510046335305646093e-04 1.349020625392504964e-03 -2.438710338532080524e+00 -5.489766196599721619e-04 9.999987194580929328e-01 -1.503232132933480158e-03 -7.373941166077681297e-02 -1.349847185785579134e-03 1.502489956121130918e-03 9.999979602161730430e-01 2.934473171397306707e-02
9.999993683377009779e-01 2.978588733095789156e-04 1.083791626953699207e-03 -2.673630945806537706e+00 -2.962460893661438889e-04 9.999988491201501351e-01 -1.487950479630672455e-03 -6.155717539569559998e-02 -1.084233578893157354e-03 1.487628470717278911e-03 9.999983056981044394e-01 3.477020146151982294e-02
9.999988393038602430e-01 -9.145805347629346602e-05 1.520863687757079271e-03 -2.950264060819025591e+00 9.365033609000498777e-05 9.999989567059062168e-01 -1.441463393085574323e-03 -4.241914759942283508e-02 -1.520730267612887448e-03 1.441604149380084016e-03 9.999978045760549161e-01 4.506816755111600625e-02
9.999943488122048363e-01 -1.452703097784808042e-04 3.358755750484819416e-03 -3.221465040168442595e+00 1.489190395165184636e-04 9.999993990948011779e-01 -1.086109182466426116e-03 -3.687844896387131727e-02 -3.358595952773637140e-03 1.086603227339802587e-03 9.999937695439168328e-01 5.274426187886498835e-02
9.999461806504692518e-01 1.764148975289597180e-04 1.037326758176728043e-02 -3.535814680398114085e+00 -1.840392562651448104e-04 9.999997136495164529e-01 7.340507048135679492e-04 -4.860722731933445062e-02 -1.037313511389722186e-02 -7.359202871329000722e-04 9.999459267826634745e-01 6.590258374091290117e-02
9.998565135618409094e-01 5.576990367691695653e-04 1.693048315154335737e-02 -3.836736177919767510e+00 -6.131360479972884549e-04 9.999944676061776061e-01 3.269376274483030108e-03 -3.748455512318609600e-02 -1.692856615744384174e-02 -3.279287852856624386e-03 9.998513239072253089e-01 7.707652770139555853e-02
9.997541167766555992e-01 1.682846984643280967e-03 2.211049556558293896e-02 -4.139377685213845304e+00 -1.794550802117855434e-03 9.999857231299653648e-01 5.033202127762811257e-03 -2.307730843767429041e-02 -2.210170978788754056e-02 -5.071642955352333171e-03 9.997428633714698920e-01 7.320309179180775616e-02
9.997398817705531737e-01 1.788990688834754929e-03 2.273693712256637245e-02 -4.474412671956613075e+00 -1.997952193284865865e-03 9.999559494397248782e-01 9.171006876660104529e-03 -1.450211977856146611e-04 -2.271952870183759771e-02 -9.214048643981714165e-03 9.996994169865023316e-01 8.186232224954105574e-02
9.997880592693143553e-01 1.391893154904923040e-03 2.054018441843188242e-02 -4.816305041138163823e+00 -1.666424570315958639e-03 9.999094358216913392e-01 1.335451923127278263e-02 3.790529847543848418e-03 -2.051973614960266035e-02 -1.338591753270264827e-02 9.996998337701964443e-01 1.159957599993023392e-01
9.998436611065135704e-01 2.011056280496575401e-03 1.756727064059627336e-02 -5.156313980715571788e+00 -2.275853967461781251e-03 9.998839054477578481e-01 1.506639025307523853e-02 2.098630205064131241e-03 -1.753493181743427665e-02 -1.510401533287911331e-02 9.997321615747800649e-01 1.544678867544995171e-01
9.998575055155851654e-01 3.203022389336677728e-03 1.657435705314116992e-02 -5.524636694497489842e+00 -3.427362697426607121e-03 9.999026626966081022e-01 1.352472983735166119e-02 -2.300805759523406532e-02 -1.652942373744139409e-02 -1.357960897104440283e-02 9.997711600016784272e-01 1.575466038486564302e-01
9.998829703946034986e-01 4.393892202347786900e-03 1.465398328709818961e-02 -5.940887779867301433e+00 -4.533594864265186493e-03 9.999444648421502713e-01 9.513871407181554232e-03 -2.261360038775857631e-02 -1.461136655043305914e-02 -9.579193225936396064e-03 9.998473618631341653e-01 1.304601908215936856e-01
9.999772661477434044e-01 4.859427238680925215e-03 4.674735778311596771e-03 -6.359609423092808633e+00 -4.879697646914749748e-03 9.999786997895968588e-01 4.334572410508293235e-03 -6.807356661465910341e-03 -4.653572666216281711e-03 -4.357285166156891869e-03 9.999796789572381606e-01 9.248033450850891291e-02
9.999098895945464083e-01 3.621476947226149722e-03 -1.292662352444131149e-02 -6.765572120427279401e+00 -3.605837361088159564e-03 9.999927388274907347e-01 1.232975757792392725e-03 4.188616172443814477e-03 1.293099485528127063e-02 -1.186253351789791919e-03 9.999156875332230188e-01 7.557628941181498972e-02
9.995886326720418991e-01 2.691130464823404071e-03 -2.855386575682962447e-02 -7.174525647740400025e+00 -2.596581259132555840e-03 9.999910248934239521e-01 3.347819942021245873e-03 7.434072658641360104e-03 2.856261890307802004e-02 -3.272300325577241070e-03 9.995866489964623236e-01 8.223948444156078952e-02
9.994357560229246706e-01 3.232764693054544260e-03 -3.343230197465341114e-02 -7.598358979108922995e+00 -2.895781183438292383e-03 9.999445672034859012e-01 1.012309100872301783e-02 9.168769939625355178e-03 3.346317429985863623e-02 -1.002056648461473014e-02 9.993897158832006911e-01 1.120687131856805546e-01
9.995604289860295921e-01 3.517908186707157259e-03 -2.943761415696617700e-02 -8.063136761237410965e+00 -3.037058158275345119e-03 9.998614990394557589e-01 1.636334367773406573e-02 1.227873037128056691e-02 2.949110175981511234e-02 -1.626674707992611935e-02 9.994326729982515589e-01 1.793016606684510739e-01
9.997112206632351450e-01 4.224390871064426928e-03 -2.365649597452755548e-02 -8.499998766220391744e+00 -3.847141725714396665e-03 9.998650729686991978e-01 1.596982648121371764e-02 2.460347246417371112e-02 2.372076686295445519e-02 -1.587420483256642492e-02 9.995925844264587079e-01 2.394152305331416208e-01
9.998201173837547584e-01 4.330752368974298376e-03 -1.846557496135851212e-02 -8.976014672152809126e+00 -4.196187406372740673e-03 9.999644051146238111e-01 7.319871242523269192e-03 1.383040159690047087e-02 1.849661823105849812e-02 -7.241069511829300448e-03 9.998027015498304193e-01 2.099561175608337105e-01
9.999131454536954733e-01 5.266308514332871359e-03 -1.208170284060645916e-02 -9.418815376831927821e+00 -5.315042513921202326e-03 9.999778543170340095e-01 -4.005146511162357460e-03 2.727026628046587409e-03 1.206034294587277761e-02 4.069013410217633096e-03 9.999189923478278841e-01 1.036203171588918337e-01
9.999759341382570277e-01 6.486993918226564154e-03 -2.459685798030459072e-03 -9.882497551501083777e+00 -6.510216020555143618e-03 9.999331702933395016e-01 -9.553639854891719102e-03 -5.013285028240201981e-03 2.397547014314490438e-03 9.569423024203698586e-03 9.999513377716428009e-01 1.040248563782269001e-02
9.999723727204404833e-01 6.600185171116696933e-03 3.419261844247916196e-03 -1.038361774027468520e+01 -6.578164826141081820e-03 9.999578074316920473e-01 -6.411794126694408610e-03 -1.452761859234149265e-02 -3.461436605324251688e-03 6.389124518270394848e-03 9.999735984237370090e-01 2.301359460957781711e-02
9.999807233435841214e-01 6.108193269564189155e-03 1.114861526793621722e-03 -1.089302783704754596e+01 -6.109309353088994941e-03 9.999808375347514211e-01 1.000451160903776055e-03 1.105209458251318888e-02 -1.108729214250797363e-03 -1.007242909503525867e-03 9.999988780899959906e-01 1.332679456283695774e-01
9.999598759146723914e-01 6.797911254868782560e-03 -5.833949201351175916e-03 -1.139690424170269090e+01 -6.773793342565070236e-03 9.999684713589883645e-01 4.143912610106197797e-03 4.606189076733137322e-02 5.861935215032560743e-03 -4.104228373142063818e-03 9.999743961847202822e-01 2.407517122308122093e-01
9.999196230415492437e-01 8.564092180569443657e-03 -9.348998960782384932e-03 -1.193169636480271656e+01 -8.547390211250980446e-03 9.999618050273055836e-01 1.824995098503908852e-03 3.534407945579409738e-02 9.364271302275031794e-03 -1.744938868746316769e-03 9.999546317765229952e-01 2.363042292738440908e-01
9.999401508747337575e-01 9.142473691159945168e-03 -6.009146646656911978e-03 -1.248365382105422228e+01 -9.163509931446310944e-03 9.999519498367471781e-01 -3.482542666459856415e-03 1.967434554421027687e-02 5.977018851473078417e-03 3.537399114303724137e-03 9.999758807357082002e-01 1.569701774062672306e-01
9.999588767735210215e-01 9.054819991612580651e-03 -5.049720366084062100e-04 -1.302788802500324117e+01 -9.057665271106499563e-03 9.999412770708004938e-01 -5.949883179802233427e-03 2.580724952423849028e-02 4.510672620070200665e-04 5.954212369087575132e-03 9.999821717877719340e-01 8.067218040759563391e-02
9.999556309760860850e-01 9.322715221692671680e-03 1.350207433260807626e-03 -1.357636638210119351e+01 -9.318136087868028258e-03 9.999509438079038359e-01 -3.358916124341998054e-03 4.220225378164928903e-02 -1.381455415706383779e-03 3.346185675902177328e-03 9.999934472897094029e-01 9.247513364041011485e-02
9.999480277824077668e-01 9.971254292630410063e-03 -2.125046330053774468e-03 -1.411568529463235144e+01 -9.972295870468278131e-03 9.999501601615465862e-01 -4.801124548143993450e-04 5.628192423656434157e-02 2.120153094711965322e-03 5.012790930471780178e-04 9.999976268322469108e-01 1.953215828407548482e-01
9.999222628661693646e-01 1.123896253268826667e-02 -5.399439395724488569e-03 -1.470880517262974330e+01 -1.123764819326047992e-02 9.999368181798620192e-01 2.736995031784078720e-04 5.239903089298544869e-02 5.402174347777179489e-03 -2.130012261935171390e-04 9.999853854646045814e-01 2.624569551004150569e-01
9.999135929499768372e-01 1.204463070202377133e-02 -5.266261018966248222e-03 -1.528821352980053661e+01 -1.204906020225954104e-02 9.999270792101812022e-01 -8.101916058929960760e-04 5.904679618643134120e-02 5.256118540362493194e-03 8.735750956847142994e-04 9.999858049414710459e-01 2.182163030678878068e-01
9.999084415277418314e-01 1.262335752398116746e-02 -4.874362151532779519e-03 -1.584334293669402882e+01 -1.262504332018162846e-02 9.999202512745106741e-01 -3.152336958227340081e-04 6.582981218091091269e-02 4.869994119717644537e-03 3.767438668284952890e-04 9.999880705395103320e-01 1.554224988854313594e-01
9.998944319322816687e-01 1.322293581055123020e-02 -6.023201754034984354e-03 -1.642146457861923636e+01 -1.319491016580548633e-02 9.999020418329399584e-01 4.669163097794587144e-03 7.476775074494695916e-02 6.084351776162458952e-03 -4.589194577213477969e-03 9.999709595566245168e-01 1.748583254164716716e-01
9.998465368227635874e-01 1.453921471174610819e-02 -9.773128418870532727e-03 -1.700528251093947318e+01 -1.445413974607070648e-02 9.998575097772530729e-01 8.719976274706282837e-03 8.425915802025878143e-02 9.898517450964478340e-03 -8.577375915519089289e-03 9.999142203082606040e-01 2.509857143475551777e-01
9.997937443997753082e-01 1.608305989782778458e-02 -1.240176775301161244e-02 -1.758905285221818104e+01 -1.599564902718470308e-02 9.998467424430735884e-01 7.115534988541814994e-03 8.956312776141997500e-02 1.251430666381002366e-02 -6.915693045308003543e-03 9.998977774344871561e-01 3.115719417960354232e-01
9.997895874456783627e-01 1.743949241859770252e-02 -1.080022867267105280e-02 -1.818197340273917817e+01 -1.742855613297272441e-02 9.998474995830499701e-01 1.105897211606932497e-03 1.107490897543705194e-01 1.081786791933288250e-02 -9.174321252792322270e-04 9.999410642892786472e-01 2.966426923242539981e-01
9.998123351165869588e-01 1.822063275682437103e-02 -6.580508389072353866e-03 -1.877601246893893716e+01 -1.825386479447097324e-02 9.998207527300475572e-01 -5.025816390036695440e-03 1.282278263309931388e-01 6.487755296162626105e-03 5.144992931202812918e-03 9.999657184518652153e-01 2.146141604561440652e-01
9.998231726038696587e-01 1.836853826282765223e-02 -4.027446637711744153e-03 -1.935924666208044442e+01 -1.838885678777173183e-02 9.998180691626223915e-01 -5.067397948105165952e-03 1.407861686321177086e-01 3.933633227869707226e-03 5.140562032762119836e-03 9.999790503563641408e-01 1.701504193234210649e-01
9.998123779614079831e-01 1.862305145175097501e-02 -5.328304587777373501e-03 -1.994123153021526207e+01 -1.861008846652218926e-02 9.998237609315930863e-01 2.472182006396254038e-03 1.541433857767082749e-01 5.373405105043845519e-03 -2.372557950813330811e-03 9.999827485943680871e-01 2.212925175650834186e-01
9.997374395505727041e-01 2.083500928727710297e-02 -9.536998944328507408e-03 -2.052729909448060042e+01 -2.074329777727571336e-02 9.997385863311808452e-01 9.616371345544589763e-03 1.600305785747420662e-01 9.734863028739272964e-03 -9.416017657758473172e-03 9.999082813204821507e-01 3.190445383188436623e-01
9.996658369435755809e-01 2.316705255350042306e-02 -1.146743754654235871e-02 -2.116092811498815607e+01 -2.305328217384247994e-02 9.996846635239596823e-01 9.955887504417545997e-03 1.770928289747036866e-01 1.169447001422879891e-02 -9.688198541048295004e-03 9.998846824409880485e-01 3.774386903580077002e-01
9.996488698826799801e-01 2.471763110249210887e-02 -9.548594397181491347e-03 -2.177083580038692645e+01 -2.469283298532188448e-02 9.996914224032320551e-01 2.706283902639135177e-03 1.995135955084166857e-01 9.612540842033943586e-03 -2.469551798160717158e-03 9.999507489734064114e-01 3.600282966066068457e-01
9.996679807660943107e-01 2.520109740860454126e-02 -5.369629451063024500e-03 -2.235422104925175191e+01 -2.522517397618905324e-02 9.996718264447748137e-01 -4.464304026269830597e-03 2.303300419442970703e-01 5.255361920048176594e-03 4.598271628557840454e-03 9.999756182373245039e-01 2.806723935976453421e-01
9.996492177930548229e-01 2.644113716508225687e-02 -1.519088921308594338e-03 -2.291886794136244632e+01 -2.645137585153984477e-02 9.996243885949934738e-01 -7.169828564619874778e-03 2.190349363367463109e-01 1.328939913657292736e-03 7.207495508342003435e-03 9.999731426029416781e-01 2.422669693165734883e-01
9.996207847098296240e-01 2.752808311610250094e-02 7.010107397918837434e-04 -2.351564976609093094e+01 -2.752457044899213681e-02 9.996105167174043071e-01 -4.605745277635773377e-03 2.282562254024789461e-01 -8.275250466421688218e-04 4.584703689110961738e-03 9.999891477883048330e-01 2.808179086536939928e-01
9.995952930511370349e-01 2.844715029785178928e-02 -9.874179899743858700e-05 -2.412877949581256587e+01 -2.844722904510455647e-02 9.995948743208694642e-01 -9.178186642462640450e-04 2.603557892152696396e-01 7.259247067107414924e-05 9.202561472274532577e-04 9.999995739293875419e-01 3.639088010979819598e-01
9.995348917785297216e-01 3.031249626327695706e-02 -3.339563979286439086e-03 -2.473899888260679347e+01 -3.031337311673215629e-02 9.995404215738661335e-01 -2.122503798019534328e-04 3.030447820375398726e-01 3.331595348884239336e-03 3.133851093566059195e-04 9.999944011154284773e-01 4.191045356297924962e-01
9.994692775342097768e-01 3.174835001984555732e-02 -7.294212518302076176e-03 -2.533102312972728498e+01 -3.176957950503062761e-02 9.994912603687379216e-01 -2.813230275896900275e-03 3.132601098744150492e-01 7.201186243829565958e-03 3.043471295914827648e-03 9.999694396326083146e-01 3.926707067652330241e-01
9.993732157567839502e-01 3.326907868346864333e-02 -1.209727372170103440e-02 -2.590341448447433592e+01 -3.334964550688212376e-02 9.994224768654276225e-01 -6.520266922376581620e-03 3.252910146608141706e-01 1.187336399298373479e-02 6.919619912026523864e-03 9.999055665850467012e-01 3.368425133641188007e-01
9.992506782900857365e-01 3.544078696264167661e-02 -1.555739554913566566e-02 -2.648649583861472578e+01 -3.556734795072850897e-02 9.993357780410000446e-01 -7.935142528079376298e-03 3.485935148284839413e-01 1.526583428953122087e-02 8.482531854215045672e-03 9.998474888485677781e-01 3.134697592917362052e-01
9.991368101349022979e-01 3.796976935925615304e-02 -1.685025959019964895e-02 -2.707675870769314130e+01 -3.807912537933189068e-02 9.992553868827176444e-01 -6.217072962041169520e-03 3.822238701882430534e-01 1.660165183942080222e-02 6.853349595279265016e-03 9.998386953681716038e-01 3.621054298478700861e-01
9.991012383648542050e-01 3.958304915052363038e-02 -1.516237836758864768e-02 -2.765172976689899897e+01 -3.965389566272969901e-02 9.992037846066433859e-01 -4.400612063118654327e-03 4.091762354386261902e-01 1.497611620494566226e-02 4.997904331612353090e-03 9.998753606803739702e-01 4.143764404429915449e-01
9.991222571467723856e-01 4.052714992336244743e-02 -1.059553646721616421e-02 -2.825306008688786363e+01 -4.057842768397402350e-02 9.991654422814489900e-01 -4.670134603309009785e-03 4.403724595819189513e-01 1.039742663524467411e-02 5.095985636345185671e-03 9.999329599776971556e-01 4.310339827241229660e-01
9.990868322935164692e-01 4.244508202343261205e-02 -4.890454961559521051e-03 -2.884075084940091216e+01 -4.247769635844909908e-02 9.990744770928484675e-01 -6.770120658506506399e-03 4.593117309970091156e-01 4.598570406807360976e-03 6.971673663863957142e-03 9.999651238500961714e-01 4.206301506375799137e-01
9.989968310089230030e-01 4.477976704838108890e-02 -3.226410109689346667e-04 -2.940626680746441224e+01 -4.478082790270999924e-02 9.989533016730336445e-01 -9.326228009911084749e-03 4.942602870885544619e-01 -9.532301456136218880e-05 9.331320358754384425e-03 9.999564577389783437e-01 4.068808248241386205e-01
9.989306852618756727e-01 4.619375759281882377e-02 1.903365885864342780e-03 -2.997341991785270920e+01 -4.617375516279645375e-02 9.988884974161369446e-01 -9.473862142669866801e-03 5.304268566925127715e-01 -2.338883581050442504e-03 9.375846051854633614e-03 9.999533104772473369e-01 4.075088720057136182e-01
9.988566549858248766e-01 4.777850330732626161e-02 1.611648919746969371e-03 -3.055106610481580987e+01 -4.776279616817022400e-02 9.988210080715282935e-01 -8.678083727056969815e-03 5.437613552289700669e-01 -2.024374650733503332e-03 8.591184824446519708e-03 9.999610459665845275e-01 4.285365872874551951e-01
9.987530031045083190e-01 4.986465512421633245e-02 -2.440278481848801029e-03 -3.115613428581578859e+01 -4.988228618197069336e-02 9.987246875916767630e-01 -7.794608403743649369e-03 5.590091088493558402e-01 2.048490904540139872e-03 7.906615220857894991e-03 9.999666440040704263e-01 4.682702922959488534e-01
9.986464437775581793e-01 5.161940276935707977e-02 -6.381033472028013395e-03 -3.175943168160592478e+01 -5.166966982411819870e-02 9.986323391037027486e-01 -7.981009743999911005e-03 5.763054296910983254e-01 5.960331425588662538e-03 8.299912891235886742e-03 9.999477915847881926e-01 4.834237705688657627e-01
