1.000000000000000000e+00 0.000000000000000000e+00 0.000000000000000000e+00 0.000000000000000000e+00 0.000000000000000000e+00 1.000000000000000000e+00 0.000000000000000000e+00 0.000000000000000000e+00 0.000000000000000000e+00 0.000000000000000000e+00 1.000000000000000000e+00 0.000000000000000000e+00
9.999999678331937814e-01 -2.219355950248552971e-04 -1.227933347262567777e-04 -1.636844141150224034e-03 2.219412051922238841e-04 9.999999743278954467e-01 4.567614191081282747e-05 3.560309092818171768e-03 1.227831944121600156e-04 -4.570339334225593522e-05 9.999999914177434279e-01 1.345368678238879987e-03
9.999999640923984412e-01 -2.236875861287111061e-04 -1.475773205589395003e-04 -5.580996087682908204e-04 2.237037314058855462e-04 9.999999689947171033e-01 1.093947223442200324e-04 1.422739484904424895e-03 1.475528457418865303e-04 -1.094277320133978489e-04 9.999999831268644446e-01 1.848296119706444116e-03
9.999999973003961262e-01 -6.862296277698334910e-05 -2.626969024509930647e-05 1.566401743337246608e-03 6.862297291664153228e-05 9.999999976453696204e-01 3.850820078066372370e-07 5.481919251991486733e-03 2.626966375777560600e-05 -3.868847110092863633e-07 9.999999996548775139e-01 -9.229361564067344210e-04
9.999999974747447729e-01 6.538678210842255463e-05 2.784024234834752041e-05 8.129821683825304290e-04 -6.538443835679065455e-05 9.999999943194413099e-01 -8.417833729760009420e-05 5.140103673601647584e-03 -2.784574634079852170e-05 8.417651676641863966e-05 9.999999960694642143e-01 -7.056789734489012957e-04
9.999999974803266412e-01 -7.075722531490558163e-05 5.723799514571260916e-06 8.844791382620614947e-04 7.075798952818385286e-05 9.999999885688068968e-01 -1.336251957819923524e-04 3.656558064833612728e-03 -5.714344501055709394e-06 1.336256004498465912e-04 9.999999910557725302e-01 -1.609755763653311633e-03
9.999999875955412065e-01 -1.544644572672961751e-04 3.081637424419945721e-05 -2.986346839964573556e-03 1.544672724409806744e-04 9.999999838955350162e-01 -9.137172162875313488e-05 6.251309054942522786e-03 -3.080226006452726681e-05 9.137648061661238620e-05 9.999999953507797690e-01 -2.490312104276129566e-03
9.999999819202470830e-01 -1.897350881711315409e-04 1.265313726963128393e-05 -4.774720157549830479e-03 1.897354702497115243e-04 9.999999815441453777e-01 -3.020199058869319991e-05 4.496300139999332389e-03 -1.264740665875953406e-05 3.020439079159866020e-05 9.999999994638689715e-01 -2.184699192676236093e-04
9.999999957145326857e-01 -2.478883199716073855e-05 -8.919892559617266005e-05 4.044621321953011106e-06 2.478318129088049397e-05 9.999999976862834483e-01 -6.335003584020709906e-05 1.494695158150863377e-03 8.920049576318708079e-05 6.334782493557858927e-05 9.999999940151622635e-01 2.018663035643193226e-03
9.999999875938161420e-01 8.205958995221935475e-05 -1.344566520793898079e-04 -1.021481253392395906e-03 -8.206814998784838194e-05 9.999999946061354228e-01 -6.365962533219457649e-05 -2.559808580101928521e-03 1.344514274713975847e-04 6.367065915111127540e-05 9.999999889344303172e-01 -4.556118507336569950e-04
9.999999967540715851e-01 -2.696069970634700362e-05 -7.592744859622728318e-05 2.339414091311689710e-03 2.696048198254719907e-05 9.999999996324518969e-01 -2.868546306626411981e-06 1.296223611325431242e-03 7.592752590633587478e-05 2.866499256705456737e-06 9.999999971133970433e-01 -7.907451789699077201e-04
9.999999995545960640e-01 6.855884919959489020e-08 2.984632497889635460e-05 -8.753875012842068926e-04 -6.732819617131518171e-08 9.999999991499183283e-01 -4.123298264886827519e-05 4.262034816929872322e-03 -2.984632778041038025e-05 4.123298062100371814e-05 9.999999987045190553e-01 -9.249447769455955599e-04
9.999999997804287499e-01 1.548414138326759760e-05 1.412033761977003715e-05 -2.160436408952925730e-03 -1.548178202461196750e-05 9.999999859232632238e-01 -1.670741983888335389e-04 8.037564668271603499e-03 -1.412292442151111015e-05 1.670739797441597209e-04 9.999999859434141047e-01 1.389365960117119967e-03
9.999999990720175314e-01 4.237150060148709384e-05 7.785942482251585739e-06 2.793508406932443140e-03 -4.237067070421496123e-05 9.999999934250110023e-01 -1.065584546911566797e-04 6.835425941000222196e-03 -7.790457472686138286e-06 1.065581246966672632e-04 9.999999942923374352e-01 6.580918589071515362e-06
9.999999921378225354e-01 4.435450509758572798e-05 -1.172903780742136836e-04 2.370436300615736368e-03 -4.435715261478614030e-05 9.999999987615230124e-01 -2.256982569332363712e-05 3.814439798411600052e-04 1.172893768555034765e-04 2.257502818307614584e-05 9.999999928667850924e-01 1.242723821141605497e-05
9.999999792737623849e-01 1.138116733578120392e-04 -1.688175872189296843e-04 7.197516737863208190e-04 -1.138031178541061615e-04 9.999999922398025154e-01 5.068772369187747926e-05 -9.223998336960678723e-04 1.688233547635239432e-04 -5.066851067353755883e-05 9.999999844656883852e-01 -9.062414471342631131e-04
9.999999914007273727e-01 1.213464664730754038e-04 -4.973510178654551843e-05 -4.032092309724579458e-03 -1.213443268588994392e-04 9.999999917123755244e-01 4.302096302431003436e-05 -2.037215317477468132e-03 4.974032181620694453e-05 -4.301492758191349921e-05 9.999999978378082410e-01 -9.412574282097071988e-04
9.999999978083143892e-01 -6.158750613407060009e-05 -2.429712709388752936e-05 -2.206121589581274550e-03 6.158553171321109955e-05 9.999999948025150021e-01 -8.125387531887447363e-05 2.694518167595709793e-03 2.430213119114819093e-05 8.125237878930032811e-05 9.999999964037287192e-01 1.044118192268577707e-03
9.999999947052667926e-01 4.998764534626338123e-05 -8.994832854290667960e-05 -7.498088274381317121e-04 -5.000038328072589899e-05 9.999999887222603689e-01 -1.416172337811022475e-04 1.728081168913393056e-03 8.994124841643568141e-05 1.416217304821793888e-04 9.999999859269285141e-01 3.297518724789260010e-03
9.999999738800512405e-01 1.981295165207827016e-04 -1.139499516420045135e-04 -1.136776756451380200e-03 -1.981436366432250801e-04 9.999999726918146203e-01 -1.239171872811231179e-04 -2.145749805702871355e-03 1.139253968778334718e-04 1.239397625022262020e-04 9.999999858299695177e-01 2.552957899448765264e-03
9.999999901773720667e-01 -1.136064820107761646e-04 -8.209033500147444530e-05 -1.889450888811268275e-03 1.136032173293346668e-04 9.999999927562108759e-01 -3.977294503890791945e-05 2.717766211340075580e-03 8.209485287119446147e-05 3.976361892206526277e-05 9.999999958396448285e-01 -2.569465545623486440e-03
9.999999375975621163e-01 -3.308501806532873515e-04 -1.238669848188212559e-04 -2.391560163238022965e-03 3.308544658313367754e-04 9.999999446699061600e-01 3.457610518244589210e-05 1.628196641280762157e-03 1.238555384546034680e-04 -3.461708496990900202e-05 9.999999917307315078e-01 -6.631387856803339087e-04
9.999998407625547703e-01 -5.536035434943673006e-04 -1.095352990808203317e-04 -2.365307545374483941e-03 5.535966305048110707e-04 9.999998447725336748e-01 -6.313223638365121041e-05 -1.592054399464263182e-03 1.095702323077040889e-04 6.307158795814269618e-05 9.999999920081694693e-01 2.999320307248006315e-03
9.999996101660829639e-01 -8.829565672985887010e-04 7.441927443623770710e-06 5.457490270611625727e-03 8.829582160222011972e-04 9.999995849848152263e-01 -2.245328173547619954e-04 -5.166996167989283163e-03 -7.243671629453435469e-06 2.245393007352336988e-04 9.999999747648155024e-01 4.144395523303954360e-03
9.999985020983406248e-01 -1.730653616813662829e-03 2.528109397167741494e-05 3.363392119216742152e-03 1.730659234846891126e-03 9.999984773386602077e-01 -2.239173371953728515e-04 -4.858916963060393168e-04 -2.489353212764853834e-05 2.239607547479710071e-04 9.999999746109459187e-01 1.927163478287722762e-03
9.999955665367648017e-01 -2.974567702868470900e-03 -1.373091248626479813e-04 -3.273622503963703138e-03 2.974565589402199117e-03 9.999955758484091461e-01 -1.559368338173027120e-05 4.024255633768115265e-03 1.373549018532208325e-04 1.518517924978093675e-05 9.999999904515205484e-01 -2.046863181855852754e-03
9.999909518289358257e-01 -4.232415661202404249e-03 -4.276890574212869950e-04 -8.589683769626606236e-04 4.232471968059185567e-03 9.999910344914960669e-01 1.308345023597371436e-04 1.189324003903234617e-02 4.271314769745927168e-04 -1.326435004933599422e-04 9.999998999821966272e-01 -2.688902155799133536e-03
9.999872700317776752e-01 -5.026456602470522582e-03 -4.410310828441895022e-04 2.311135249545693410e-02 5.026518367708335787e-03 9.999873573090584111e-01 1.390508707086107537e-04 1.227509282745248981e-02 4.403265738573608804e-04 -1.412659514340919764e-04 9.999998930782139084e-01 -3.992386562309646440e-03
9.999801117746492940e-01 -6.298418904359406011e-03 -3.255371945875886472e-04 6.100056157752466179e-02 6.298321132702652640e-03 9.999801202286205948e-01 -3.004970262318783702e-04 1.018603627846913218e-03 3.274233791333074029e-04 2.984407120871516907e-04 9.999999018635312709e-01 -5.878389940423287344e-04
9.999537223948700149e-01 -9.618057998686490445e-03 -2.145436487242480489e-04 9.901729828705509162e-02 9.617956608042998318e-03 9.999536365330244925e-01 -4.687164022926531724e-04 4.026987949378398046e-03 2.190418432790620094e-04 4.666312397161088456e-04 9.999998671379697335e-01 3.849319609376566920e-03
9.999037615254326994e-01 -1.387246356896044627e-02 -1.498059357937047667e-04 1.249610323083477359e-01 1.387241124322754343e-02 9.999037140048372407e-01 -3.448559574866273420e-04 6.043284571463043015e-03 1.545755132868678193e-04 3.427445995273266247e-04 9.999999293162725733e-01 8.443341171943641657e-03
9.998275759931727347e-01 -1.856920044726142333e-02 -5.548302342880823417e-05 1.577365857901281421e-01 1.856919804697470394e-02 9.998275766322999303e-01 -4.346808781668686286e-05 2.236868320736794952e-02 5.628062449478567349e-05 4.243031762452191091e-05 9.999999975160797083e-01 7.674229835934250933e-03
9.997118297720650748e-01 -2.400469494950771901e-02 1.789809225725433686e-04 2.106846643783502060e-01 2.400463533804105334e-02 9.997117933897602393e-01 3.280849234699462626e-04 3.720750494360190036e-02 -1.868049175929798118e-04 -3.236940073839478043e-04 9.999999301630537740e-01 1.651898806224451517e-03
9.995382907252875482e-01 -3.037578179840944373e-02 7.192038000326754889e-04 2.665942167076071345e-01 3.037559623826699071e-02 9.995385193048121897e-01 2.675427317955948324e-04 4.049923580847372695e-02 -7.269987210058280339e-04 -2.455729605921230427e-04 9.999997055833470538e-01 2.338238576576970491e-03
9.992517590968390540e-01 -3.864885413446966095e-02 1.479194363598090520e-03 3.126267250584366386e-01 3.864856755107404923e-02 9.992528403806544279e-01 2.218500494114384269e-04 4.559605858364367686e-02 -1.486663419499874121e-03 -1.645153088474116815e-04 9.999988813826694578e-01 9.236270887093646353e-03
9.988449447319764918e-01 -4.799495151728552095e-02 2.293689653880559738e-03 3.425171555965527692e-01 4.799338076361481936e-02 9.988473832891570092e-01 7.350505305717276163e-04 5.999028996194787078e-02 -2.326324623433554187e-03 -6.241195856718737564e-04 9.999970993400376651e-01 1.581427162905768569e-02
9.982983485327147077e-01 -5.826396130871109441e-02 2.391261062997401560e-03 3.979447992103110621e-01 5.826257668590045097e-02 9.983010850869484809e-01 6.447264077774678050e-04 7.397627518121305257e-02 -2.424762828393926383e-03 -5.043082770807818995e-04 9.999969330944908918e-01 1.180694101409928039e-02
9.975704842624837365e-01 -6.959565082310842365e-02 3.094238972953842516e-03 4.573443059150884005e-01 6.959524172919928642e-02 9.975752827810528967e-01 2.398185913737227643e-04 8.382618240104929008e-02 -3.103426649382718880e-03 -2.389163904119939806e-05 9.999951840745141540e-01 8.009574276402118415e-03
9.966914529150451285e-01 -8.120130852357911044e-02 3.534852211181364282e-03 5.230694520601169017e-01 8.120311925696917232e-02 9.966975044509148729e-01 -3.715430755537053853e-04 9.639628667803364082e-02 -3.493008593579427935e-03 6.573548334544683860e-04 9.999936833678441106e-01 1.126081694769381567e-02
9.955735329714806570e-01 -9.388480265953109971e-02 4.357094934124544801e-03 5.904232073774291489e-01 9.389080120420685571e-02 9.955817870588642426e-01 -1.192780747023949916e-03 1.072399562211601015e-01 -4.225860375850406907e-03 1.596592076662740152e-03 9.999897964468560385e-01 1.315364367709306176e-02
9.940871356324540997e-01 -1.084926954950294758e-01 4.483502457405922487e-03 6.606520069949042284e-01 1.085040964135459002e-01 9.940931472722506212e-01 -2.382353422838311054e-03 1.277043297004323841e-01 -4.198551124219985012e-03 2.854745273082251369e-03 9.999871112158811304e-01 2.060658497725038202e-02
9.922292872772775496e-01 -1.243175266656483952e-01 5.118010644935595474e-03 7.223876421303347950e-01 1.243437517874633608e-01 9.922257278336800157e-01 -5.170726867822642361e-03 1.567010790173780366e-01 -4.435409861960417505e-03 5.766939280044597327e-03 9.999735344251350355e-01 1.339728482117599415e-02
9.901529931019644737e-01 -1.398207695413129503e-01 6.870418917080872712e-03 8.044690214058668465e-01 1.398924059773374307e-01 9.901013751919967021e-01 -1.137460297279652144e-02 1.773504398353840938e-01 -5.212005477063566192e-03 1.222371661124363462e-02 9.999117039774637616e-01 2.122230634555102163e-03
9.879241320110587754e-01 -1.546139473076033610e-01 1.002181062272153138e-02 8.872157829123237249e-01 1.547974897118475357e-01 9.877167388782780444e-01 -2.129274333123656188e-02 1.909962744934946832e-01 -6.606555010480063064e-03 2.258696610041096425e-02 9.997230528467733190e-01 1.592904059666397365e-02
9.856163651738257814e-01 -1.685305635934960244e-01 1.256303452173815165e-02 9.695082720044649882e-01 1.688262202982625804e-01 9.852417425420753050e-01 -2.822084499899777527e-02 2.020772252766978860e-01 -7.621551111047756774e-03 2.993589630382776506e-02 9.995227631580724248e-01 5.967487129718104799e-02
9.832135969683130083e-01 -1.820418437249468058e-01 1.232030315592119209e-02 1.073774947150329728e+00 1.823170336072124642e-01 9.828665653295016735e-01 -2.708900171757748498e-02 2.255783338954499284e-01 -7.177882229342425272e-03 2.888047594154929953e-02 9.995570999778308208e-01 9.157292945513563487e-02
9.804396710551401828e-01 -1.966346380840895691e-01 8.536423538439549472e-03 1.163897867029855426e+00 1.967706400628389807e-01 9.802419621813747153e-01 -2.017450837242167061e-02 2.680987984266338664e-01 -4.400753406995689190e-03 2.145960587586250717e-02 9.997600305498832718e-01 7.089182665513324433e-02
9.772289835831142746e-01 -2.121607329901237793e-01 3.367049480906120478e-03 1.241848812273689040e+00 2.121856936882381417e-01 9.771624076145392079e-01 -1.143942913777797402e-02 3.236072832520181519e-01 -8.631565064599546096e-04 1.189338143887051780e-02 9.999288986916994304e-01 1.222460859580395964e-02
9.737863859493312013e-01 -2.274617680969176770e-01 1.103899435687957049e-03 1.316770935093882322e+00 2.274637397660367044e-01 9.737597919268260460e-01 -7.219052449817029218e-03 3.611853500657720151e-01 5.671255494161208093e-04 7.280912089053190664e-03 9.999733329883165878e-01 -4.435586669121449610e-02
9.706421196953646247e-01 -2.404724030918589384e-01 5.186407669660828175e-03 1.419162300304838586e+00 2.405199963646580119e-01 9.705622874736213879e-01 -1.260862731293639627e-02 3.909163881371997551e-01 -2.001704782005284296e-03 1.348589949532991161e-02 9.999070575272321904e-01 -4.355491047146183015e-02
9.676050876562131142e-01 -2.521045408273109856e-01 1.355340680651575397e-02 1.555538180074446775e+00 2.523713697826032720e-01 9.673274409354423176e-01 -2.421391598525260425e-02 4.280753454675968461e-01 -7.006144151010695875e-03 2.685000014039176652e-02 9.996149215756016115e-01 3.620161994887562129e-02
9.641140113785672261e-01 -2.646404457306187341e-01 2.120395121262526675e-02 1.689054221986320936e+00 2.652405999725161445e-01 9.635875870519162723e-01 -3.385832550031734473e-02 4.782549565561670657e-01 -1.147158183284377811e-02 3.826743475809687295e-02 9.992016844698007327e-01 1.203266449405071548e-01
9.601844656499646247e-01 -2.783841766469236090e-01 2.341029938096245155e-02 1.795998905276516622e+00 2.791125858204660526e-01 9.595105716232531501e-01 -3.788967378892323101e-02 5.111424963261445020e-01 -1.191454409974885935e-02 4.291518537572040770e-02 9.990076728949897067e-01 1.194154388536415728e-01
9.561682517176598450e-01 -2.920415414008700750e-01 2.130756915740778662e-02 1.896981586803844655e+00 2.926714158431810708e-01 9.554573647345084852e-01 -3.800876902684625913e-02 5.382968570395330055e-01 -9.258334382685308797e-03 4.257889466381495347e-02 9.990502094357751606e-01 3.871631037577248635e-02
9.523442484803682495e-01 -3.044356186119062668e-01 1.895749210071166410e-02 2.007617220037894779e+00 3.049563375348334215e-01 9.516097729905584890e-01 -3.795355248456400155e-02 5.653858019877423535e-01 -6.485721525270837957e-03 4.192605477795088853e-02 9.990996653723055454e-01 -2.090863451223548899e-02
9.486998578385985592e-01 -3.156590623315141397e-01 1.810900618510551813e-02 2.149747766869599008e+00 3.161540599098345283e-01 9.477765763764384177e-01 -4.202584531792355471e-02 6.295173822318134160e-01 -3.897452956954055095e-03 4.559514930501441798e-02 9.989523973745204621e-01 -1.627261972362126219e-03
9.447009089406950277e-01 -3.274641101266629883e-01 1.753423011076608168e-02 2.289026740928840287e+00 3.279330259492135857e-01 9.434062036544796914e-01 -4.944355770001625933e-02 6.976728327241020766e-01 -3.509108390697523311e-04 5.245942703838039206e-02 9.986229946162805682e-01 5.989106035037929793e-02
9.403738865949584635e-01 -3.396521240112054807e-01 1.825891740955128476e-02 2.421071578985593220e+00 3.401414882602005196e-01 9.388810687124431453e-01 -5.297269841641454730e-02 7.517915217729620458e-01 8.493376407284758400e-04 5.602475763497121591e-02 9.984290185874581391e-01 8.926399136580534521e-02
9.366039254023866834e-01 -3.495850603557786318e-01 2.373546917352062011e-02 2.548626397735029414e+00 3.503728475851751734e-01 9.350754873312066007e-01 -5.359758079766490518e-02 7.811737557567292045e-01 -3.457541886389220442e-03 5.851596849026109021e-02 9.982804850520472506e-01 3.880391917712892880e-02
9.337381560740063424e-01 -3.565264714125054302e-01 3.196765668081524153e-02 2.719576001723126968e+00 3.578354334681372317e-01 9.320170725888108354e-01 -5.742803285551133230e-02 8.433891835205329368e-01 -9.319787883040690432e-03 6.506190579080271819e-02 9.978377072293288519e-01 -1.551921531208224486e-03
9.314600880322994048e-01 -3.618803144110430137e-01 3.774576061792617176e-02 2.904285798110859851e+00 3.636487631308872870e-01 9.293321620800479854e-01 -6.404146779235539433e-02 9.210956218090465830e-01 -1.190300282437100308e-02 7.337827038972843940e-02 9.972331462393210222e-01 3.380425329234312132e-02
9.294976641489384184e-01 -3.668652487888318103e-01 3.799975753574964810e-02 3.073656351463167180e+00 3.686968435949015688e-01 9.269698401936344867e-01 -6.920659574451312746e-02 9.931689251730047019e-01 -9.835134204671783578e-03 7.833775974902729144e-02 9.968783604495985440e-01 8.730775357560849326e-02
9.280660133997168382e-01 -3.707759009204236733e-01 3.490997091097098465e-02 3.246984860485301994e+00 3.723682791961008265e-01 9.253581287000771649e-01 -7.109288499720731180e-02 1.055253960578880879e+00 -5.944696871278626685e-03 7.897825615534692645e-02 9.968586136628247996e-01 7.617298423442464550e-02
9.273262849230829996e-01 -3.730269648117366388e-01 3.027944540602700574e-02 3.426717012199012924e+00 3.742534851061091739e-01 9.244017466996992116e-01 -7.359170866664535571e-02 1.127181369904339148e+00 -5.386805032012494804e-04 7.957571376926786400e-02 9.968286791627872789e-01 2.704625851904918221e-02
9.271354399295643756e-01 -3.738270315182136150e-01 2.594660927546377921e-02 3.607397706490170108e+00 3.747018419124548139e-01 9.240568948823236761e-01 -7.561338960694651001e-02 1.204565840531288234e+00 4.290185779985003847e-03 7.982609552470097680e-02 9.967995730232104279e-01 1.023397913280960775e-02
9.277367037792367821e-01 -3.723101666757164807e-01 2.626305867062724703e-02 3.810336535118418855e+00 3.732041978963138718e-01 9.244511227206940740e-01 -7.815848241245058892e-02 1.258243946849007422e+00 4.820283539959707014e-03 8.231197659118964782e-02 9.965949545207650750e-01 1.330972764874407965e-02
9.289820253833336317e-01 -3.688750225329197607e-01 3.039102278662657308e-02 4.031393989192379124e+00 3.701161379974037824e-01 9.252603081216930203e-01 -8.311080921538670230e-02 1.338333856066363792e+00 2.537894514367469365e-03 8.845665585973509770e-02 9.960767937892872625e-01 4.175371876801817206e-02
9.308829169445036467e-01 -3.639142630213202390e-01 3.199068787228157018e-02 4.241423966893958841e+00 3.652996071201380923e-01 9.263903784861959867e-01 -9.141697701234278994e-02 1.415451855213911259e+00 3.632076371047014002e-03 9.678468793074572474e-02 9.952987150616557921e-01 6.733077972034040570e-02
9.329845774553880977e-01 -3.587489995947316102e-01 2.896434912388379246e-02 4.462941566413713090e+00 3.598437006383186088e-01 9.281539933203013515e-01 -9.509298499099841373e-02 1.489942696413606660e+00 7.231136930741394533e-03 9.914292699611679249e-02 9.950469288859352668e-01 9.385764490635696566e-02
9.349623618620827026e-01 -3.538242753918205974e-01 2.556880999829782425e-02 4.691768642724218452e+00 3.546618269120777045e-01 9.307282934413598774e-01 -8.921789237098878833e-02 1.568927625553397487e+00 7.769841225108438387e-03 9.248365223750087960e-02 9.956838874041046283e-01 7.723243676775720656e-02
9.369047456834572740e-01 -3.487400223157189894e-01 2.428774075635926205e-02 4.951312793853089644e+00 3.495401082028778417e-01 9.334112031363773765e-01 -8.102616007821727973e-02 1.675714040723577769e+00 5.586615552976787261e-03 8.440333343377051656e-02 9.964160110274880022e-01 2.624084125103295917e-02
9.391253923900686473e-01 -3.429080981348571200e-01 2.139003510363919267e-02 5.188415453899965613e+00 3.435076356655988317e-01 9.358919491882555786e-01 -7.815858036094261441e-02 1.770386162404619990e+00 6.782448498141124653e-03 8.074834783537621075e-02 9.967114440570185030e-01 2.105818849176457203e-03
9.417894828700641430e-01 -3.357385258178911536e-01 1.766952848738275253e-02 5.407529113259774256e+00 3.360438281884547407e-01 9.384242868741639043e-01 -8.021473269397132178e-02 1.858971292588943003e+00 1.034966143337523979e-02 8.148312761760072298e-02 9.966209833341199698e-01 1.938697925741825548e-02
9.451561342063905524e-01 -3.262059458068067297e-01 1.641837057439270164e-02 5.660039018427996282e+00 3.264098587494870252e-01 9.415591972285551892e-01 -8.320385943848168653e-02 1.939588747386325140e+00 1.168272584508038905e-02 8.399975615801150153e-02 9.963972876730562422e-01 4.650679676350683023e-02
9.484648334931348179e-01 -3.163811605946141303e-01 1.781630847412237276e-02 5.958500638179610398e+00 3.167498779576888857e-01 9.449425972351361835e-01 -8.217665571380025624e-02 2.014081128188752068e+00 9.163756905836584893e-03 8.358498161344701805e-02 9.964585171536497477e-01 7.754699391515615381e-02
9.516362008459753330e-01 -3.065362677424348647e-01 2.059266369309290315e-02 6.250412675567926790e+00 3.072109588053348328e-01 9.487571492326654088e-01 -7.403579249128587614e-02 2.090362531363453069e+00 3.157218609066318044e-03 7.678143225053914167e-02 9.970429497429940113e-01 8.794479912754692152e-02
9.550011358933367944e-01 -2.958004948621180130e-01 2.179214724992684094e-02 6.523375789789504609e+00 2.965965039497318045e-01 9.528548912537141424e-01 -6.401617029055417518e-02 2.193598885875982063e+00 -1.828739246890425871e-03 6.759899003090658054e-02 9.977108961315237501e-01 6.115795512849429155e-02
9.582377787296584293e-01 -2.851954470443780476e-01 2.106932368178059123e-02 6.803301809862263738e+00 2.859447561782636482e-01 9.565693879655283727e-01 -5.666217805033361282e-02 2.283133539879193208e+00 -3.994474859555433369e-03 6.032050225596375520e-02 9.981710680931323854e-01 2.789626166130941207e-02
9.613162700810010675e-01 -2.747364066903528190e-01 1.977209438640233768e-02 7.086832740113647056e+00 2.754209090846051478e-01 9.597329782287403743e-01 -5.528049691529426934e-02 2.381161781013496626e+00 -3.788365948716595002e-03 5.858768931324452589e-02 9.982750777938780296e-01 2.317510784300797627e-02
9.646253138048492826e-01 -2.628244393353781350e-01 2.052603359005548966e-02 7.386160747647445568e+00 2.635707371972528801e-01 9.630758435105586379e-01 -5.491253171838455377e-02 2.443090127322660621e+00 -5.335771752298166040e-03 5.838007994573194553e-02 9.982801689933229472e-01 6.180615999158679125e-02
9.680287710803887613e-01 -2.499391877101641013e-01 2.122971519770518178e-02 7.703157324765123271e+00 2.507147322087914798e-01 9.667427064446207918e-01 -5.050408488037122501e-02 2.517927224304660871e+00 -7.900722376232838934e-03 5.421200958194696828e-02 9.984981905857519546e-01 9.911806307741813371e-02
9.713153496769604267e-01 -2.368643143155932107e-01 2.101875557039361436e-02 8.037769492266976457e+00 2.375722476604411326e-01 9.704324812443340109e-01 -4.266411240763627599e-02 2.592567436165060801e+00 -1.029167738952708328e-02 4.643378026576421014e-02 9.988683524002253122e-01 8.111744373084343873e-02
9.742966735646763077e-01 -2.243321481233804260e-01 2.052021440327489801e-02 8.391388508462034324e+00 2.249489440243542804e-01 9.737206039693239168e-01 -3.558311380336105084e-02 2.680943999553516921e+00 -1.199851920591015961e-02 3.928450997485801593e-02 9.991560252597693204e-01 3.545161489530242876e-02
9.771053293322433664e-01 -2.117063129164027391e-01 2.110953485679797903e-02 8.727014783193098424e+00 2.122963446162879353e-01 9.767022014301075528e-01 -3.135397557159170373e-02 2.749793879212225178e+00 -1.397989460226753411e-02 3.511761371340355736e-02 9.992854025522366346e-01 1.888028012726102045e-02
9.799011405549065135e-01 -1.981722283810428697e-01 2.283687013767824250e-02 9.065299556456386298e+00 1.987924355054545011e-01 9.796077632562772974e-01 -2.915815072742406269e-02 2.825639216496958817e+00 -1.659283957022110109e-02 3.311190218826555454e-02 9.993139044406775806e-01 5.224081400004080417e-02
9.826748631438202430e-01 -1.837941031511603485e-01 2.387134248706416703e-02 9.430098651759578843e+00 1.843853191015955573e-01 9.825230033183900424e-01 -2.550690200737299601e-02 2.889650611384588341e+00 -1.876612493502251636e-02 2.946651654117889846e-02 9.993895921800725057e-01 7.209483874834760053e-02
9.851491126690521405e-01 -1.701010078393853653e-01 2.338531460991102873e-02 9.805206160695808748e+00 1.705697598182549513e-01 9.851474711941475837e-01 -1.975897353910375728e-02 2.963844684605478896e+00 -1.967696223816010892e-02 2.345436274558619985e-02 9.995312451470821369e-01 4.415902905272681839e-02
9.872904893946236049e-01 -1.573231624268027207e-01 2.251470885786518994e-02 1.018871926901281633e+01 1.576830723038443183e-01 9.873726540754941272e-01 -1.520824423578505391e-02 3.015688541913914111e+00 -1.983779876259449126e-02 1.856514335911595148e-02 9.996308304530779898e-01 6.020303890503123784e-03
9.892265794772691079e-01 -1.445101441036140966e-01 2.340069885398306584e-02 1.055339165040789062e+01 1.448302197411930059e-01 9.893762073391177969e-01 -1.260665701051622359e-02 3.057747035330037999e+00 -2.133030485998406792e-02 1.585996855027594840e-02 9.996466773276267981e-01 1.019025762825639947e-02
9.907775538381350389e-01 -1.330145842479185381e-01 2.582555300230216649e-02 1.091695949126011911e+01 1.333759360500607893e-01 9.909827781800272239e-01 -1.280597647057952863e-02 3.113523770982996375e+00 -2.388929662613418353e-02 1.613238134772200863e-02 9.995844375433023954e-01 3.045219841716373041e-02
9.922011741328875534e-01 -1.219308518597598534e-01 2.587851259390033451e-02 1.129925631121623475e+01 1.223013519935956250e-01 9.924046065634624103e-01 -1.324674194501960882e-02 3.169996947530680842e+00 -2.406676857947461293e-02 1.630840998910112680e-02 9.995773238793331794e-01 3.539697600748688971e-02
9.935287727771831001e-01 -1.110343622799475904e-01 2.391543553753372464e-02 1.170724394044547267e+01 1.113339186748545928e-01 9.937156177824534309e-01 -1.157711223655515619e-02 3.214739428266927046e+00 -2.247968452548748663e-02 1.416479326789786032e-02 9.996469488851112972e-01 3.202516088631809921e-02
9.946635380496557932e-01 -1.008212515927581071e-01 2.189797483354765512e-02 1.210928754280652875e+01 1.010007385722882928e-01 9.948599450499835406e-01 -7.248485565685041168e-03 3.231583626191663061e+00 -2.105461665272473359e-02 9.421515929691837501e-03 9.997339336819538458e-01 1.346264479741226573e-02
9.955431430168544260e-01 -9.195912351159546416e-02 2.091339272098181531e-02 1.250073692607470477e+01 9.202508706316664400e-02 9.957542321892715043e-01 -2.211883399055285769e-03 3.256565503060227851e+00 -2.062119645266697124e-02 4.126582137016849422e-03 9.997788443334491015e-01 -2.408503208661717104e-02
9.962549248368465227e-01 -8.375960087029508949e-02 2.145819191772949455e-02 1.289027465532179129e+01 8.380944314310063981e-02 9.964807700996300976e-01 -1.432501899332202329e-03 3.300918535805832388e+00 -2.126268981979074005e-02 3.225536187530534706e-03 9.997687202237977022e-01 -4.567473639085570247e-02
9.968957124815291948e-01 -7.556208114127278830e-02 2.212036006813451056e-02 1.328866830882926386e+01 7.570768984947905123e-02 9.971130715499557651e-01 -5.819642761195184880e-03 3.331536735407470307e+00 -2.161675585279394102e-02 7.476258276206775716e-03 9.997383764908638337e-01 -2.754608791591268632e-02
9.974766527663776472e-01 -6.729658833579887922e-02 2.261628582117884700e-02 1.370099980405949402e+01 6.751617193552766905e-02 9.976767787003010257e-01 -9.089101680736703590e-03 3.355306003600711851e+00 -2.195207765008824752e-02 1.059313176320025342e-02 9.997029017894726310e-01 4.118234974360156925e-03
9.980006828999625768e-01 -5.868760729539457266e-02 2.346064110696698471e-02 1.412521262522757404e+01 5.890347122968095372e-02 9.982264840657957272e-01 -8.617864395188291199e-03 3.376152310459867412e+00 -2.291327144478735520e-02 9.982547750011287052e-03 9.996876165743557863e-01 -4.876757582763700805e-03
9.984309775985533708e-01 -5.056048036649084948e-02 2.406700639270926631e-02 1.455752116734170265e+01 5.070158898840482903e-02 9.986998418296562097e-01 -5.289121238019817324e-03 3.381663602659176870e+00 -2.376829496720117910e-02 6.501057954617853706e-03 9.996963561001024345e-01 -2.998626637982626519e-02
9.988171948993450622e-01 -4.252665699736100924e-02 2.357317581558471264e-02 1.496185432257801651e+01 4.256650622188920541e-02 9.990929256146459103e-01 -1.191022598252074963e-03 3.403963215918953455e+00 -2.350114298210897318e-02 2.193041585671642001e-03 9.997214046158749978e-01 -5.180765846137875413e-02
9.990983755291165114e-01 -3.557395778888768761e-02 2.317174016587828650e-02 1.540422353304228054e+01 3.556020739720829743e-02 9.993670301615251716e-01 1.005323828771573311e-03 3.445080145715623043e+00 -2.319283650069719344e-02 -1.804255181535371747e-04 9.997309937086498177e-01 -7.151597410934881771e-02
9.993010750966176969e-01 -2.925214087207390554e-02 2.327388160888554935e-02 1.585318156718386362e+01 2.924453263839002851e-02 9.995720644671369781e-01 6.672688124021477736e-04 3.451881043191342258e+00 -2.328344092925738879e-02 1.383134872116919319e-05 9.997289038470317246e-01 -7.759064630619748326e-02
9.994093290539611818e-01 -2.394091040266619480e-02 2.465412356995756726e-02 1.630050704680942886e+01 2.401287771292034273e-02 9.997081973679348144e-01 -2.627131382062361780e-03 3.441014082599403778e+00 -2.458403351477460308e-02 3.217596066288168615e-03 9.996925889350678496e-01 -8.217058644689166635e-02
9.994426875153084033e-01 -1.976918871758034935e-02 2.689783540782098720e-02 1.675101767644167694e+01 1.998866445649685047e-02 9.997688737887276966e-01 -7.915320363991184410e-03 3.427592626853223745e+00 -2.673513915099590132e-02 8.448560863705011081e-03 9.996068497934120778e-01 -8.267317385729661128e-02
9.994754367938516459e-01 -1.640066472782915341e-02 2.792614263060443774e-02 1.720151777770293933e+01 1.670559188004425155e-02 9.998029725693685643e-01 -1.072097203577844840e-02 3.446188940978014870e+00 -2.774480934655924880e-02 1.118187094988511501e-02 9.995524955280653545e-01 -7.068611057849039092e-02
9.995295478094395891e-01 -1.346510658747173718e-02 2.755674074423908326e-02 1.764728751973767373e+01 1.368145835962117536e-02 9.998769277105773456e-01 -7.677703381281176034e-03 3.470811704353010008e+00 -2.744996817869072014e-02 8.051107789926162731e-03 9.995907557147294398e-01 -6.725932009853238802e-02
9.995854688546451650e-01 -1.059679521805826502e-02 2.676935534796915164e-02 1.810949565473150713e+01 1.067285332496506825e-02 9.999393983856816881e-01 -2.699955182002544089e-03 3.489554575607199283e+00 -2.673912220965918643e-02 2.984541369721285548e-03 9.996379904026604368e-01 -1.036939576200243684e-01
9.996376782444911235e-01 -8.569006010370862694e-03 2.551635495045150373e-02 1.858356843820151738e+01 8.561657704580555653e-03 9.999632694417804890e-01 3.972211660102175734e-04 3.481494993071914568e+00 -2.551882151104943250e-02 -1.786149471856781517e-04 9.996743258908812324e-01 -1.464804994806802874e-01
9.996668296311552737e-01 -7.184807333221077986e-03 2.479129441516047042e-02 1.905265988829453860e+01 7.202969192846064676e-03 9.999738513145558505e-01 -6.433676564870313436e-04 3.470441441775240055e+00 -2.478602368274477122e-02 8.217242353707942745e-04 9.996924416035560812e-01 -1.523639568099699748e-01
9.996403625381001801e-01 -6.881552254209236975e-03 2.591890860488099690e-02 1.953278041063488502e+01 6.954793429408704687e-03 9.999720702819343554e-01 -2.736695894032909263e-03 3.482897651587141485e+00 -2.589935198127242544e-02 2.915972330930259072e-03 9.996603026390091795e-01 -1.256271212265360759e-01
9.996056185983435149e-01 -7.348209458042915740e-03 2.710370979005906344e-02 2.001830642504500801e+01 7.423526418222529261e-03 9.999688559032406943e-01 -2.679268385561151423e-03 3.503612452403429778e+00 -2.708317784420741225e-02 2.879416837598179710e-03 9.996290364112750959e-01 -1.078169532944119879e-01
9.996481908604445410e-01 -8.135569966060565358e-03 2.524494030033708203e-02 2.049757003650540810e+01 8.152295879551274202e-03 9.999666128489510530e-01 -5.596957103938772146e-04 3.514289889293970237e+00 -2.523954400009043725e-02 7.653030271175464364e-04 9.996811390288126153e-01 -1.368787108787237750e-01
9.997202310055974817e-01 -8.655679504052391296e-03 2.201224501130965433e-02 2.097220890670613969e+01 8.576424680108203288e-03 9.999564047982246739e-01 3.692349213643093386e-03 3.517412358860350530e+00 -2.204324517445719472e-02 -3.502529847437024519e-03 9.997508827837295886e-01 -1.621997756306158833e-01
9.997286107740441796e-01 -9.352356111057663970e-03 2.133631259078406020e-02 2.149401125858908657e+01 9.215257656331852718e-03 9.999363155749777521e-01 6.514892222128905973e-03 3.524645040354501546e+00 -2.139588339207113346e-02 -6.316504532611444227e-03 9.997511280035459302e-01 -2.019649906778795689e-01
9.996297603328794246e-01 -9.855206851758415570e-03 2.536172617822364875e-02 2.201564866459326097e+01 9.653499050189816993e-03 9.999208924657130293e-01 8.063421523143508851e-03 3.535015701940803723e+00 -2.543918656164393180e-02 -7.815606725070270433e-03 9.996458193173224371e-01 -1.737870085821080768e-01
9.995572191208669244e-01 -9.671077631196524013e-03 2.813957996862455346e-02 2.253515653071314873e+01 9.345853629320008751e-03 9.998882712970724729e-01 1.166618800170937144e-02 3.565759789144559377e+00 -2.824926057967840076e-02 -1.139803404115253237e-02 9.995359243652517378e-01 -1.774313702347397881e-01
9.996297993866654075e-01 -8.916758529761282040e-03 2.570516670821157423e-02 2.305404709792795614e+01 8.458889335198579648e-03 9.998046006853902323e-01 1.786638294513591407e-02 3.598681539122870809e+00 -2.585945415877688447e-02 -1.764233163868396403e-02 9.995098982826337020e-01 -2.082962673967175271e-01
9.997364850543400960e-01 -9.461359310418689800e-03 2.091514119465490498e-02 2.357802201470816783e+01 9.070168092777542573e-03 9.997836210344580588e-01 1.872012718963111250e-02 3.608548107322981036e+00 -2.108773344771687833e-02 -1.852549031001229224e-02 9.996059792272211642e-01 -2.456683918868107774e-01
9.997992175414983640e-01 -9.590914253177811044e-03 1.759371953840056443e-02 2.407949333670377001e+01 9.347714230293638349e-03 9.998603384275088768e-01 1.385365938285467585e-02 3.584796346406536660e+00 -1.772413163109755677e-02 -1.368641674857163856e-02 9.997492371362470820e-01 -2.497381765578102486e-01
9.998613939935954154e-01 -7.590887625039328609e-03 1.481793596450518488e-02 2.458858681162502435e+01 7.474398837152411781e-03 9.999408524100296125e-01 7.900952064558488044e-03 3.583609160189074050e+00 -1.487703475855743640e-02 -7.789101781803928551e-03 9.998589919234738277e-01 -1.830602839745864019e-01
9.998755969926181875e-01 -5.675274909772386883e-03 1.471671815840297319e-02 2.517666713003135825e+01 5.490339142011364804e-03 9.999058398277975712e-01 1.257647225467547689e-02 3.603555792057086204e+00 -1.478670736712732990e-02 -1.249410792995771236e-02 9.998126077182031279e-01 -1.694963558849673646e-01
9.998052069977003686e-01 -5.245602930502056734e-03 1.902713089725088791e-02 2.576491174548322860e+01 4.819417161038608115e-03 9.997380105607071021e-01 2.237595714930306831e-02 3.616217602562279865e+00 -1.913952137629093553e-02 -2.227989878825908585e-02 9.995685493409001143e-01 -2.572904341432640796e-01
9.996458375724081025e-01 -5.829489017579634128e-03 2.596567892339005784e-02 2.632088973041161850e+01 5.216296138869437257e-03 9.997073772642434131e-01 2.362096733919380812e-02 3.624166518019090955e+00 -2.609577894507615625e-02 -2.347715700934768432e-02 9.993837268136840368e-01 -3.415725123313131384e-01
9.995383795451180386e-01 -5.970926109050724712e-03 2.978885458892020430e-02 2.688475297152456633e+01 5.508643995855289424e-03 9.998635023866744298e-01 1.557663109852979941e-02 3.624512976010980214e+00 -2.987779539468237919e-02 -1.540534441202190755e-02 9.994348366481431434e-01 -3.140298874029767151e-01
9.995183286629204522e-01 -5.834626142920546800e-03 3.048061358723611405e-02 2.745960418149606141e+01 5.627173726883445866e-03 9.999604485548206911e-01 6.887397323326315338e-03 3.631029518657947541e+00 -3.051959342339814404e-02 -6.712560153491208687e-03 9.995116287234762087e-01 -2.365238620024573968e-01
9.995640657887954195e-01 -5.623377320302331249e-03 2.898371976275803882e-02 2.803019979857769783e+01 5.465382352504130452e-03 9.999697876926139095e-01 5.527503752112463906e-03 3.638558984478855951e+00 -2.901392733694488704e-02 -5.366687013623054267e-03 9.995646005591556360e-01 -2.098075508898204489e-01
9.996070872711693145e-01 -5.414849903008184077e-03 2.750182680799068136e-02 2.864649235568679941e+01 5.086700815036030408e-03 9.999152045248905774e-01 1.198787865990673385e-02 3.637467221328532840e+00 -2.756440734111898633e-02 -1.184327490495039326e-02 9.995498688346963201e-01 -2.799973318557610336e-01
9.996036046975901312e-01 -5.070682071287748241e-03 2.769335044583489877e-02 2.926115299450492913e+01 4.543495579630690492e-03 9.998078954382175754e-01 1.906643299938863556e-02 3.640643547763255494e+00 -2.778471024685661914e-02 -1.893305053957815287e-02 9.994346149067301344e-01 -3.669004657006383896e-01
9.995849917569497034e-01 -5.232384479992529744e-03 2.832783802043941160e-02 2.987351612160042791e+01 4.695671088284390435e-03 9.998088371791979956e-01 1.897998344073326127e-02 3.655976655909409789e+00 -2.842173336180201307e-02 -1.883908838116622048e-02 9.994184778268196956e-01 -3.997923231394266419e-01
9.995462834308578293e-01 -4.983140574684244255e-03 2.970514416009614744e-02 3.049070449966404439e+01 4.571268654591969897e-03 9.998927022972069478e-01 1.391716191170193524e-02 3.662242163991526578e+00 -2.977130804057328411e-02 -1.377505727036798001e-02 9.994618136851208812e-01 -3.621929082842384462e-01
9.994925951759685567e-01 -4.482484803297473799e-03 3.153505221805841252e-02 3.111136671524551289e+01 4.245119330441131378e-03 9.999621849770213844e-01 7.589965602793499744e-03 3.662356745410527026e+00 -3.156788162480622661e-02 -7.452244357875059677e-03 9.994738280234019001e-01 -3.437971471876091201e-01
