1.000000000000000000e+00 0.000000000000000000e+00 0.000000000000000000e+00 0.000000000000000000e+00 0.000000000000000000e+00 1.000000000000000000e+00 0.000000000000000000e+00 0.000000000000000000e+00 0.000000000000000000e+00 0.000000000000000000e+00 1.000000000000000000e+00 0.000000000000000000e+00
9.999999942827085819e-01 2.279207755712757467e-05 -1.048426791557965801e-04 -1.637115844754707397e-04 -2.278964001231401817e-05 9.999999995830858301e-01 2.222419477425703179e-05 -3.126130048182831390e-04 1.048431754257259465e-04 -2.222179998387363914e-05 9.999999943764462662e-01 5.618451606047558520e-05
9.999999584779671880e-01 4.692497238392687761e-05 -2.845312120523673413e-04 -5.869373393117704616e-04 -4.688038301234086290e-05 9.999999869584320633e-01 1.567409486851770943e-04 7.540117569157069391e-04 2.845385781746119524e-04 -1.567275916332544646e-04 9.999999476154084466e-01 5.651093442575624658e-05
9.999999394884703241e-01 -5.835770252247651654e-07 -3.484162630030414841e-04 -1.461506428725004340e-04 6.702137011247000805e-07 9.999999697370615115e-01 2.485211270286511354e-04 1.499127620083049849e-03 3.484163913565834175e-04 -2.485213722110084624e-04 9.999999089927736895e-01 -4.630009332413063689e-04
9.999999594426077776e-01 -1.430738397212507659e-05 -2.851090172798173041e-04 -1.934040468792208492e-04 1.430641417688245556e-05 1.000000002093376583e+00 -3.615840191857200270e-06 9.320868274963929612e-04 2.851094008596482339e-04 3.611732583527291359e-06 9.999999615056575086e-01 -1.592694100466331185e-03
9.999999891026986054e-01 4.742641052697275033e-05 -1.514004908828024719e-04 -3.065201179211722430e-04 -4.742945607324227839e-05 1.000000001625945600e+00 -3.486940944124244718e-05 2.293748186586744232e-04 1.513984488003059089e-04 3.487740932144149246e-05 9.999999924707757559e-01 -4.638692869848788950e-05
9.999999951832047040e-01 4.321096757421224744e-05 -1.096509266564677139e-04 -1.589837737428246049e-04 -4.320483484190311559e-05 1.000000006577165035e+00 3.645244225811581306e-05 -7.000012884825278052e-05 1.096535408412800883e-04 -3.644678201617890072e-05 1.000000002865371052e+00 6.531160270426099312e-04
1.000000000965943769e+00 -1.460033383708324431e-05 -5.753141140105992211e-05 -8.039576224399704431e-04 1.460833377479362781e-05 1.000000002310028835e+00 1.089908892449897350e-04 -5.250688518482813207e-04 5.753101701553488419e-05 -1.089906196268454637e-04 1.000000002611801664e+00 -5.392396594746083367e-04
1.000000000053107518e+00 -2.336887704455757145e-05 -1.008649687996328851e-04 -1.165354871452580843e-03 2.338086275938782013e-05 1.000000003502512946e+00 9.848922283476470405e-05 2.687857594532998447e-04 1.008638527587075469e-04 -9.849096015688685974e-05 1.000000003127904380e+00 -1.428415849175305096e-03
9.999999968179402732e-01 9.187642095719672276e-07 -1.519532886231010865e-04 -9.119586581794542285e-04 -9.020382906859730074e-07 1.000000004773325513e+00 9.352944488596828007e-05 -2.193265090423461377e-04 1.519547669516983735e-04 -9.353086099526670798e-05 9.999999996597490615e-01 -8.206713711514296078e-04
9.999999864450468401e-01 3.043393849552271811e-05 -2.176135214812070578e-04 -5.264518789788500373e-05 -3.042015312736610674e-05 1.000000008534499552e+00 4.469512751227604539e-05 -6.347957540032467304e-04 2.176169748391810696e-04 -4.469175610397947175e-05 9.999999931748233539e-01 -2.136697173070528297e-04
1.000000002036478097e+00 4.213235237810347168e-05 -1.411409801140818207e-04 -3.312905724351969351e-04 -4.210905669750868700e-05 1.000000004475924520e+00 1.107760477503038986e-04 -1.364294471013545711e-03 1.411474409439455503e-04 -1.107729577132657642e-04 1.000000005501193279e+00 4.672077177242407991e-04
1.000000013475547789e+00 8.189588763279514428e-06 1.138920184437557998e-05 -3.072498884232693580e-04 -8.183257537564620816e-06 9.999999951924166686e-01 1.817624415597433310e-04 -6.263511426202987434e-04 -1.138588838090359728e-05 -1.817654943230116878e-04 1.000000005892719646e+00 -7.044143991394142775e-05
1.000000009116587041e+00 1.694667231747678653e-05 -1.009865737034793340e-04 -5.690575104153757467e-04 -1.693209433538463041e-05 1.000000011164712044e+00 4.763044907367543185e-05 5.174922495621137432e-04 1.009890509177361240e-04 -4.763158951624271167e-05 1.000000017690908516e+00 -9.770674857331666623e-04
9.999999970859472231e-01 1.168081216629824233e-05 -2.037861270751592502e-04 -1.056834491377641686e-03 -1.166740789165048766e-05 1.000000012433499785e+00 2.059561864042866778e-05 4.722309880373737291e-04 2.037880937831256282e-04 -2.059562499700456101e-05 1.000000006742870484e+00 -6.330020560092511871e-04
1.000000005738769016e+00 4.070974556886150384e-05 -1.523745861696747716e-04 -6.948804680418355821e-04 -4.067239935942669232e-05 9.999999969796955490e-01 1.794683093139358573e-04 3.406893322218941772e-04 1.523837413634651595e-04 -1.794645241106208986e-04 1.000000001453372978e+00 1.914878647552630887e-04
1.000000013244177532e+00 -2.207537931317510229e-05 -9.734499707858466314e-05 -4.620530164677724743e-05 2.209626439001710868e-05 1.000000007529319834e+00 1.129976928503142466e-04 -2.859023000991896268e-04 9.734421443486017649e-05 -1.130022891225251696e-04 1.000000018287276360e+00 -3.376246307911949583e-04
1.000000008405962815e+00 3.562680768006260917e-05 -1.487695256948123998e-04 -5.474814143207474681e-04 -3.560279952439617451e-05 1.000000010893135727e+00 9.047797150986836966e-05 -2.718314081228535869e-05 1.487754186240347674e-04 -9.047681066309775884e-05 1.000000015097919137e+00 -5.125797408844200978e-04
9.999999922550804055e-01 9.392440416573409041e-07 -2.361319315011298041e-04 -6.653526023485918173e-04 -9.397513218290813629e-07 1.000000014905031653e+00 -4.735290990726583608e-05 6.750110267307467314e-04 2.361345558867726882e-04 4.734898141920949898e-05 1.000000001675149575e+00 -8.155108315718905335e-04
1.000000003166279905e+00 -2.127793198823904500e-05 -1.943811611065857624e-04 -4.114804605546667072e-04 2.129216704949999449e-05 1.000000017960549048e+00 -1.485618804613138180e-06 1.556233689576557496e-03 1.943847190949946513e-04 1.476374774235160418e-06 1.000000015769220152e+00 -3.625610431923670688e-04
1.000000009114588195e+00 -3.367410176984345760e-05 -1.601559804914552394e-04 -5.993440450532254730e-05 3.371159997204187941e-05 1.000000009093875875e+00 1.382551975942012247e-04 1.931045071832794102e-04 1.601547185254231862e-04 -1.382656129775884386e-04 1.000000013463685500e+00 -4.510791652176432593e-05
1.000000004443333479e+00 -4.032305658169358124e-05 -1.870383106535275541e-04 7.674517713686116664e-05 4.037400695982575841e-05 1.000000000419625668e+00 1.948680925856374042e-04 3.504538642917727948e-05 1.870338241635592809e-04 -1.948806750056949523e-04 1.000000000513306508e+00 -8.114991101636502601e-04
1.000000007988914419e+00 -2.967751051319445966e-05 -1.716245464292989124e-04 -5.941533054798836186e-04 2.972786158822526630e-05 9.999999981641574109e-01 2.104741974009625646e-04 2.328079269070747781e-05 1.716219948981920717e-04 -2.104839378927604414e-04 1.000000000604224892e+00 -1.037322823091096609e-03
1.000000010024110209e+00 -3.580228777569057966e-05 -1.584711954011730874e-04 -2.777946914226466120e-04 3.585163438487450576e-05 9.999999958513967613e-01 2.225559800911907000e-04 8.249482991302964233e-04 1.584670931531489578e-04 -2.225662953602983087e-04 1.000000000688695989e+00 -4.109533358403501930e-04
1.000000006835278121e+00 -1.883694764877145650e-05 -1.806452915346410759e-04 -4.899241906772998844e-05 1.885502754504775674e-05 1.000000022835089153e+00 1.843055572939387711e-05 1.006298544058519462e-03 1.806493341273798553e-04 -1.843867741827543414e-05 1.000000023476227184e+00 -2.524349971576228058e-04
1.000000008961886344e+00 -5.117840735717694834e-06 -1.707560908059320448e-04 -7.194734417997881472e-04 5.139855590649277607e-06 1.000000023014614881e+00 4.117644254052340528e-05 -3.276913314930937886e-04 1.707600268691169014e-04 -4.118196748053509564e-05 1.000000025072975252e+00 4.392336342484852484e-04
1.000000009286502678e+00 5.606503367783589817e-06 -1.693011570515024562e-04 -1.123497776097051419e-03 -5.569556549640416875e-06 1.000000018024428172e+00 1.318816053874932617e-04 -9.205905149319297716e-04 1.693054891480610241e-04 -1.318853603557952950e-04 1.000000020330213513e+00 8.545151269376713931e-05
9.999999998606474705e-01 3.473884193069236433e-05 -2.153907106369110612e-04 -6.795933417888623323e-04 -3.466864627019117863e-05 9.999999929629244111e-01 2.578840079475893093e-04 -8.266563771589584102e-04 2.154032447343670468e-04 -2.578812242434103054e-04 9.999999869756401871e-01 -1.780110002562959885e-05
9.999999997998071377e-01 1.068071538396011489e-05 -2.213063001562558057e-04 -8.839702366316578804e-05 -1.060807910029499290e-05 9.999999932773745437e-01 2.632695222361219173e-04 4.809817630214922434e-04 2.213117779004612458e-04 -2.632720947188252813e-04 9.999999848532303837e-01 -1.340231490094023791e-04
1.000000007658162549e+00 -6.809175421714369432e-06 -1.881588839862182740e-04 3.376135569798315001e-05 6.857899118518061863e-06 1.000000011423038071e+00 1.994814978299491357e-04 5.500670063342283931e-04 1.881585478027104571e-04 -1.994885472481970601e-04 1.000000010358411906e+00 -9.422392172450369714e-05
1.000000016811623205e+00 7.499467670782819993e-06 -1.380721230701608489e-04 -2.587166991521392670e-04 -7.474292080060366155e-06 1.000000026306545164e+00 1.238223046497460714e-04 6.552169187683774820e-04 1.380747741900344475e-04 -1.238266042354599827e-04 1.000000034300676077e+00 -2.202748447333175688e-04
1.000000007719469064e+00 2.163681646234843451e-05 -1.985660623427555876e-04 -6.472633298203257540e-05 -2.162453787165521309e-05 1.000000037452030366e+00 1.027548665770101538e-06 1.072302947222638454e-03 1.985684015054390715e-04 -1.028904990233650125e-06 1.000000036706444773e+00 -3.396148903913115890e-04
1.000000017633799754e+00 -1.008186276961861180e-05 -1.506526991593726023e-04 -7.630083010178254901e-04 1.010184186153787578e-05 1.000000039830634568e+00 3.752260136347959987e-05 7.049081034408275935e-04 1.506569028767039181e-04 -3.753108074735408544e-05 1.000000047294379302e+00 -6.210581506073545657e-04
1.000000026733085745e+00 3.979547163575604477e-05 -8.933840320171705413e-05 -1.474375995951046235e-03 -3.977008840108849243e-05 1.000000039567776833e+00 9.416964881624125157e-05 -6.812815697773511123e-04 8.934292530965368660e-05 -9.417084871826644397e-05 1.000000054399281968e+00 -8.558113583220265056e-04
1.000000024917662822e+00 2.282388145859061870e-05 -1.254657643478605637e-04 -1.165709325719671303e-03 -2.280316423487090669e-05 1.000000047309923312e+00 5.496412899059875809e-06 2.758683186432266815e-04 1.254651720970971582e-04 -5.497155221824055220e-06 1.000000058725428076e+00 -1.155565665683833468e-03
1.000000026001212072e+00 3.357779971196007892e-05 -1.149162449082709862e-04 -3.202589067643272754e-04 -3.355090187686644409e-05 1.000000048319779733e+00 6.518954644608280255e-05 6.529464402949486726e-04 1.149171004632049050e-04 -6.518931000461357513e-05 1.000000061338780277e+00 -6.437409032289201100e-04
1.000000023146387917e+00 8.447856655158560372e-06 -1.488829641317359839e-04 -3.515198553157867904e-04 -8.418372559407830092e-06 1.000000048759390081e+00 7.307761595316707084e-05 4.729029889830234932e-04 1.488826570014968283e-04 -7.307912498839114722e-05 1.000000057393867214e+00 -5.706251634388228655e-04
1.000000020377371346e+00 2.439722553952333037e-05 -1.663595092204759641e-04 -9.573933080634976309e-04 -2.436821514084211017e-05 1.000000049356102316e+00 6.240863253690103407e-05 -4.113222815777850582e-04 1.663601347532445325e-04 -6.240758646232775738e-05 1.000000055521162556e+00 -1.653909452384814678e-04
1.000000017723144730e+00 1.155651205648227253e-05 -1.842235607790473179e-04 -1.096999699959332443e-03 -1.151892586436775011e-05 1.000000046905282103e+00 1.062113515392636040e-04 -1.088687913330851995e-03 1.842245505835581325e-04 -1.062120069616277046e-04 1.000000049700994431e+00 4.430198600805722683e-05
1.000000017585257472e+00 -4.537618380327271240e-06 -1.869187072861256381e-04 -1.297920979467880704e-04 4.561307753177636700e-06 1.000000054161685137e+00 3.379799228944565463e-05 9.939157131652455544e-04 1.869174168212222990e-04 -3.380184858051405426e-05 1.000000056433613338e+00 -1.094335203446554407e-03
1.000000013615429673e+00 4.715423563330856978e-05 -2.103488037801530715e-04 -1.290036493296465951e-04 -4.711911401509297432e-05 1.000000051899786246e+00 8.627124847784100584e-05 4.953451585558368711e-04 2.103503401991496842e-04 -8.626551315173523065e-05 1.000000049524764956e+00 -6.416421839403230361e-04
1.000000006806164521e+00 5.152909494167770294e-05 -2.404154178951070089e-04 -3.532549860442503768e-04 -5.151740305104001393e-05 1.000000059393056251e+00 -2.615957698655526606e-05 -3.644574492224256397e-04 2.404112516047639595e-04 2.616773962012920252e-05 1.000000050594834766e+00 -6.025485241892190001e-04
1.000000011499406316e+00 -1.797555916081052538e-05 -2.263352037265903467e-04 -6.790639175323823066e-05 1.802090308442646106e-05 1.000000054562897756e+00 1.188885656632936757e-04 -3.873146434457884436e-04 2.263306344841082749e-04 -1.188970135306478853e-04 1.000000047994261010e+00 2.916502208581722602e-04
1.000000010801052719e+00 -3.253870744144824904e-05 -2.290932472622766362e-04 -2.659142229950750037e-04 3.256629558299620951e-05 1.000000062329760242e+00 4.405583195840560021e-05 6.174819916567939179e-04 2.290889512856890962e-04 -4.406772266060478190e-05 1.000000055597379367e+00 -6.956253320978803998e-04
1.000000027406619862e+00 6.913429030503508798e-06 -1.659579552547412178e-04 -8.264594122404045557e-04 -6.895519365575064360e-06 1.000000065136744665e+00 1.421714369536489884e-05 6.447373865520945229e-04 1.659563643038100274e-04 -1.421718736367832518e-05 1.000000071919864730e+00 -7.819652949133031137e-04
1.000000024991519521e+00 1.591791013624228786e-05 -1.805186906875312928e-04 -4.262112125054450603e-04 -1.590719890673389643e-05 1.000000065071218858e+00 -2.848667785502822332e-05 1.492191440467058468e-04 1.805167184831831906e-04 2.848818782781879482e-05 1.000000069546346015e+00 -5.565138064350161123e-04
1.000000013660094167e+00 5.644265613308734183e-05 -2.378372532893395551e-04 -5.126466872011317444e-05 -5.644567452579642998e-05 1.000000061814383390e+00 -7.876847922528155727e-05 -8.691042514183861022e-05 2.378312927871183147e-04 7.877875616847268309e-05 1.000000056821512828e+00 -5.878107933686665780e-04
9.999999931613084980e-01 3.844063596710675385e-05 -3.157096430915578796e-04 4.265609085702538991e-04 -3.839767615180880337e-05 1.000000063053025023e+00 8.739725479140901705e-05 -4.694575372987709469e-05 3.157120266471506883e-04 -8.738823318832998469e-05 1.000000035693280331e+00 -1.515715150324900909e-03
9.999998225128932106e-01 6.079323242524026715e-05 -6.647590467273446595e-04 2.582115260256716196e-03 -6.071272309473226160e-05 1.000000061831433307e+00 9.584021897611567291e-05 -3.537739754249849132e-04 6.647640524639822487e-04 -9.580336569114134026e-05 9.999998659736790696e-01 -2.226991953544002652e-03
9.999994643781333625e-01 1.661442200421055899e-04 -1.070206362174315039e-03 1.026157116378973236e-02 -1.658399293374903814e-04 1.000000018168686333e+00 2.708654953699657668e-04 -1.772796783439114729e-04 1.070250400904834741e-03 -2.706921802606028883e-04 9.999994879492614119e-01 -8.871407823892492198e-04
9.999990658785197217e-01 4.334740459064469827e-04 -1.335817234243116000e-03 2.378480192717984457e-02 -4.329312029803796891e-04 9.999998971172127105e-01 3.959987365621167447e-04 -1.410983431485393245e-04 1.335987704175927056e-03 -3.954254603477016117e-04 9.999991275888675535e-01 -8.636105000358161457e-04
9.999986954117231486e-01 6.331361626643433301e-04 -1.520715009311259403e-03 4.226287564577668049e-02 -6.324265082511673413e-04 9.999997645996572260e-01 4.577219361274811058e-04 -5.540110846201346624e-04 1.521003421705967827e-03 -4.567649411329282282e-04 9.999988372414163607e-01 -1.860553833728781142e-03
9.999984009977819222e-01 9.679678553194997126e-04 -1.539172920554856628e-03 6.379479222674108718e-02 -9.669904626845425176e-04 9.999994068530960734e-01 6.252978190648762801e-04 -5.315304493457147185e-04 1.539776009998400840e-03 -6.238134379184607971e-04 9.999987206169431708e-01 -2.365425180444417214e-03
9.999973118265560457e-01 1.455491112749603654e-03 -1.834802650954295202e-03 8.786467821024969427e-02 -1.453934099455739910e-03 9.999986596495368252e-01 8.409799026767944769e-04 -5.222182608323678232e-05 1.836022777886366520e-03 -8.383149644141479851e-04 9.999980638268402000e-01 -2.893387818981863532e-03
9.999921962037664480e-01 2.233895190297482698e-03 -3.275221134273994302e-03 1.209396148999528769e-01 -2.230761296891683922e-03 9.999971259390393330e-01 9.552738435516321645e-04 -1.104072924506100794e-03 3.277344229582550197e-03 -9.479651286432619990e-04 9.999942816093211340e-01 -3.477569191305551061e-03
9.999836384066733697e-01 3.295538303742464974e-03 -4.688087695443482819e-03 1.624103930462432177e-01 -3.288101938706028578e-03 9.999934011314363103e-01 1.589659661977840159e-03 -2.846846520269667724e-03 4.693294000720017560e-03 -1.574224372390612423e-03 9.999878517492865049e-01 -2.653051646861203944e-03
9.999756771987650117e-01 4.886789663173726761e-03 -4.988210403528954041e-03 2.114761174915794073e-01 -4.878513816748678358e-03 9.999867825135608790e-01 1.666543638288756849e-03 -4.431719482998711102e-03 4.996287354692709529e-03 -1.642173490945793594e-03 9.999862760367604908e-01 -3.549320536562638843e-03
9.999699394968347699e-01 6.153885070617645843e-03 -4.730132854960367866e-03 2.708638638362789175e-01 -6.146489424842549801e-03 9.999799464360744627e-01 1.572239888974770981e-03 -6.296975204985748656e-03 4.739712091746264323e-03 -1.543123878777979399e-03 9.999876869561477033e-01 -3.882016917181981691e-03
9.999630838941285793e-01 7.007389954921305376e-03 -4.985158895357511173e-03 3.349347918930029033e-01 -7.001896150185171232e-03 9.999749379119258208e-01 1.114675209334376957e-03 -5.974872053723772822e-03 4.992843798550954809e-03 -1.079733420833089335e-03 9.999870633398286746e-01 -4.245196256001074198e-03
9.999510814083991672e-01 8.082443561905681625e-03 -5.712835215178434407e-03 4.036277222644353291e-01 -8.076897643888882733e-03 9.999669654557051812e-01 9.894465611153186509e-04 -6.362224233887219145e-03 5.720642981106863895e-03 -9.432620411974366797e-04 9.999833047893925686e-01 -7.163755888630154219e-04
9.999406341419670996e-01 8.897701315691437449e-03 -6.299774726375762662e-03 4.842742645708088545e-01 -8.892339129532028305e-03 9.999601532550305150e-01 8.752418281608648817e-04 -9.858937225362240930e-03 6.307310950302989078e-03 -8.191762196935624060e-04 9.999798861271922412e-01 2.412230296980812246e-04
9.999407881575768098e-01 8.939885361222411203e-03 -6.215072763878614313e-03 5.760444822511333607e-01 -8.931086286563331630e-03 9.999591589829911475e-01 1.438404402568553044e-03 -1.192781873212798993e-02 6.227678165003140871e-03 -1.382818075938448956e-03 9.999797673748203053e-01 2.663189279980545526e-03
9.999488904902874564e-01 8.501388327299306061e-03 -5.483793912690728377e-03 6.702027773653864706e-01 -8.493125420428907640e-03 9.999628518703173041e-01 1.523809024538707755e-03 -1.094188013713994455e-02 5.496545106330182756e-03 -1.477162860253218015e-03 9.999839225032750578e-01 2.050824339968547808e-03
9.999575196634192809e-01 7.916026959207169908e-03 -4.735653786084203197e-03 7.690620504379628297e-01 -7.907386431763445064e-03 9.999671380061088133e-01 1.834557329809097031e-03 -9.005183923757530476e-03 4.750022440474671072e-03 -1.797039586239656053e-03 9.999872287360295209e-01 2.903468137895986491e-03
9.999659380148572252e-01 7.374614684293699651e-03 -3.724498902707913759e-03 8.644738532898573746e-01 -7.368904170987600720e-03 9.999717526986545701e-01 1.537301154008522980e-03 -1.029362152595057756e-02 3.735732554255781750e-03 -1.509810367770113943e-03 9.999920090676966966e-01 2.855568483643881623e-03
9.999704934556050695e-01 7.035478666876014871e-03 -3.106170795836410339e-03 9.594865415939013431e-01 -7.032698728021878447e-03 9.999749540669778947e-01 8.962086453831468900e-04 -1.093491730354669705e-02 3.112400062456120980e-03 -8.743445141500021849e-04 9.999949012252467018e-01 5.036255849460555614e-03
9.999708379876267594e-01 6.764746965017347582e-03 -3.563199471905232306e-03 1.056978454860145078e+00 -6.762970959827446782e-03 9.999770905249828479e-01 5.023345261929001299e-04 -1.105999277242621266e-02 3.566517698158631986e-03 -4.782290334600685288e-04 9.999936535034392726e-01 7.959977361172449611e-03
9.999686858823770841e-01 6.555557867185763353e-03 -4.448462689686327395e-03 1.156295407147938992e+00 -6.548587264587249490e-03 9.999774059463729659e-01 1.573713262766718779e-03 -1.173942702450378635e-02 4.458680306194631737e-03 -1.544539948857345931e-03 9.999889965648536272e-01 1.208873826381253423e-02
9.999702472608857917e-01 6.397086207773125706e-03 -4.326637634362837798e-03 1.259459216658153968e+00 -6.384314777665465318e-03 9.999753521040823934e-01 2.952524972657977372e-03 -1.020724994775065037e-02 4.345421744856092089e-03 -2.924821992992375583e-03 9.999864151011848001e-01 1.189457699728097527e-02
9.999735049323970060e-01 6.092411966709156135e-03 -4.001390864513156877e-03 1.364675468207194431e+00 -6.078344241730793650e-03 9.999754575656008004e-01 3.510676109336399210e-03 -1.052986803033733806e-02 4.022684173801775384e-03 -3.486268659584673170e-03 9.999859688524214141e-01 8.779049819898566281e-03
9.999751307281075086e-01 5.850065119646746283e-03 -3.956514341474258976e-03 1.470590244258683343e+00 -5.838129950358068344e-03 9.999785120239819136e-01 3.013421425130465622e-03 -9.177172174416579203e-03 3.974061332728157613e-03 -2.990255295041334936e-03 9.999877705559451213e-01 7.243299610864077989e-03
9.999737443051752717e-01 6.097557522018895969e-03 -3.933176761421316656e-03 1.576690555434939078e+00 -6.088111457649710012e-03 9.999786807139779965e-01 2.401026819022582942e-03 -8.353076426141182315e-03 3.947736535600576344e-03 -2.377025631019471976e-03 9.999895220193076861e-01 1.078498840708383942e-02
9.999728134246694822e-01 6.334721211107832359e-03 -3.792851286103608548e-03 1.685668529279474193e+00 -6.326604207492301547e-03 9.999777951884383231e-01 2.140658013304396357e-03 -1.025636801179855007e-02 3.806333243598478914e-03 -2.116610154470180676e-03 9.999906592563339025e-01 1.445673855518378632e-02
9.999691473691011412e-01 6.680106639654050972e-03 -4.150637468215744377e-03 1.795156212844692512e+00 -6.672297134048685123e-03 9.999760732190481338e-01 1.884546708511378871e-03 -1.225870389209862514e-02 4.163135864422033185e-03 -1.856802456570229819e-03 9.999897622574617229e-01 1.509222216317555355e-02
9.999631492604791339e-01 7.311703936570680511e-03 -4.515608625170184666e-03 1.906838770491022350e+00 -7.299027338134264978e-03 9.999695268308776974e-01 2.809570720825261408e-03 -1.370002118793564941e-02 4.536024996969432836e-03 -2.776517869046645891e-03 9.999860123672410506e-01 1.853206130613852670e-02
9.999597663845494200e-01 7.946363143940291668e-03 -4.180058045479129528e-03 2.021227464136545304e+00 -7.929478555052505914e-03 9.999605496491245082e-01 4.031747103887808534e-03 -1.411734417027819474e-02 4.211941688792564080e-03 -3.998449380113582377e-03 9.999832949000729831e-01 2.015687810460353030e-02
9.999616366730447181e-01 8.250281840331948058e-03 -2.968334364532674869e-03 2.137133563307624495e+00 -8.237983521994649699e-03 9.999577019295932123e-01 4.118965293255744814e-03 -1.382567659681273493e-02 3.002202509634645938e-03 -4.094364472292799997e-03 9.999872726436290771e-01 1.794419227687146443e-02
9.999615878975687266e-01 8.512227254410607846e-03 -2.125593184472657909e-03 2.254898625518864552e+00 -8.505500485682599213e-03 9.999590277607173228e-01 3.136353883025304930e-03 -1.293381225582211635e-02 2.152214376575011575e-03 -3.118164588096589314e-03 9.999929847151420859e-01 1.608119128823422977e-02
9.999572313630251674e-01 8.877362155761974252e-03 -2.623238861745981823e-03 2.376034089807437688e+00 -8.872621519497555023e-03 9.999591382153846242e-01 1.798971331479302460e-03 -1.412394081870060360e-02 2.639112779973954229e-03 -1.775629865003602523e-03 9.999951035203425986e-01 1.888755838396372760e-02
9.999486283820054888e-01 9.254963263871861592e-03 -4.152844183969750178e-03 2.502712356139524363e+00 -9.250171371177255339e-03 9.999566618916945204e-01 1.161587195851336400e-03 -1.801233904434049529e-02 4.163425808497766244e-03 -1.123123855653264565e-03 9.999908690806187384e-01 2.387934544065933862e-02
9.999452175818506205e-01 8.806894709144580738e-03 -5.671205909033754863e-03 2.632313862766538559e+00 -8.796474051813227626e-03 9.999597150627593800e-01 1.852691646210532844e-03 -2.098178560379256041e-02 5.687305255817873967e-03 -1.802713934791767706e-03 9.999823709079519451e-01 2.673613068097627221e-02
9.999522930303176294e-01 7.226533708903769282e-03 -6.584286934195838700e-03 2.764274305646241547e+00 -7.206329514153359678e-03 9.999694100552389830e-01 3.081061219388336880e-03 -1.893185798152324448e-02 6.606363653901293001e-03 -3.033475547486800573e-03 9.999737460684058332e-01 2.494032230302092173e-02
9.999635062340641589e-01 4.820258222673388417e-03 -7.065206113230446811e-03 2.898406289677689429e+00 -4.793769105639909822e-03 9.999815806014440422e-01 3.755707230853853450e-03 -1.463315990586303537e-02 7.083192624455041803e-03 -3.721711400058677101e-03 9.999681576338708133e-01 2.413918442285741331e-02
9.999688271360599456e-01 1.679690656331608595e-03 -7.725986921375973572e-03 3.039991432292429518e+00 -1.653547577722533444e-03 9.999930327724680934e-01 3.383643579126520591e-03 -1.081733007483410940e-02 7.731628880762299837e-03 -3.370772329379656540e-03 9.999645993101164976e-01 2.755998058343767099e-02
9.999638520040439182e-01 -2.042152807576967308e-03 -8.263956074887670103e-03 3.186093992695842925e+00 2.070192285030977766e-03 9.999922667742913163e-01 3.380906389132184737e-03 -6.877548380496928057e-03 8.256999741672091039e-03 -3.397902169389595620e-03 9.999603076215157760e-01 3.346943861601980874e-02
9.999448717704768619e-01 -6.345370816496423774e-03 -8.376187244241819693e-03 3.339506433955719444e+00 6.379575351703936983e-03 9.999715411172571677e-01 4.058194303217533758e-03 -4.781006454401836333e-04 8.350210323069699736e-03 -4.111418166883810087e-03 9.999568552800796040e-01 3.576099422563223246e-02
9.999046609181783118e-01 -1.066275993421223096e-02 -8.783332801944345597e-03 3.498498137928843121e+00 1.070883101783231921e-02 9.999292107106677596e-01 5.210258017705937141e-03 7.636183966970262055e-03 8.727167759073353737e-03 -5.303832090007139406e-03 9.999480229854557090e-01 3.379317135665170502e-02
9.998510910571136723e-01 -1.461784626036575531e-02 -9.180791033765584724e-03 3.661017955656129974e+00 1.467275318849305468e-02 9.998748478878215495e-01 5.937388838021854208e-03 1.461762588303789495e-02 9.092863180121309868e-03 -6.071223832757765247e-03 9.999404002024578908e-01 3.177905864695629301e-02
9.997847468798254367e-01 -1.845128449913967586e-02 -9.496460508863272670e-03 3.829586328572604614e+00 1.850400679036356272e-02 9.998138421662376985e-01 5.489680847966497620e-03 1.999726802845393225e-02 9.393413939687971295e-03 -5.664233478644839330e-03 9.999400102730192641e-01 3.552308689658594670e-02
9.997061574774555037e-01 -2.203105136162806371e-02 -1.011953955157648098e-02 4.004515223690109593e+00 2.208453089118055448e-02 9.997427140970083226e-01 5.199435517870574196e-03 2.652342144683052585e-02 1.000239977036918027e-02 -5.421404775055751676e-03 9.999354510665295903e-01 4.170328480327815251e-02
9.996238205228299423e-01 -2.529013056752274502e-02 -1.062077493119299200e-02 4.187121710566337640e+00 2.535858532271998214e-02 9.996583362485763624e-01 6.356794964575783642e-03 3.613117415776010560e-02 1.045639450136128488e-02 -6.623743491945540372e-03 9.999235655290218405e-01 4.671858933079892778e-02
9.995454093589214439e-01 -2.794456618569671549e-02 -1.132480534610587168e-02 4.373180034584877696e+00 2.803348718883887439e-02 9.995769396393533457e-01 7.766846934928597207e-03 4.552899396616738592e-02 1.110298428643593030e-02 -8.080802346779509399e-03 9.999058821885484782e-01 4.664614099306518824e-02
9.994739225240349967e-01 -3.011857085854243929e-02 -1.203861349721752072e-02 4.563265311655908540e+00 3.021383287915338847e-02 9.995130997140103668e-01 7.807233877764624234e-03 5.392927645475667497e-02 1.179762316639213805e-02 -8.166873192353294592e-03 9.998972311334216601e-01 4.625454579006206546e-02
9.994144381599372462e-01 -3.180106569985725884e-02 -1.263532285638277464e-02 4.757517273037783490e+00 3.188727609452461642e-02 9.994692989315382414e-01 6.677430197961512458e-03 6.082255949873494050e-02 1.241628171912733530e-02 -7.076440099103260134e-03 9.998980524849857554e-01 5.070956685121845442e-02
9.993415928153371874e-01 -3.386206132685629783e-02 -1.303535129750439323e-02 4.962268994319763316e+00 3.394305195847666795e-02 9.994056550395146177e-01 6.039298967360088102e-03 7.079535363338018694e-02 1.282311499859366440e-02 -6.477796150160079758e-03 9.998969758594824508e-01 5.545661980609736808e-02
9.992682698139430109e-01 -3.596861868460796141e-02 -1.301392798607665761e-02 5.175037867733776054e+00 3.605631212617102510e-02 9.993283356250785010e-01 6.564115729170716569e-03 8.257792234942437637e-02 1.276909898654268911e-02 -7.028560630882771040e-03 9.998939475847286040e-01 5.656829453002843594e-02
9.992152130990847869e-01 -3.748649529223217064e-02 -1.280234702401641597e-02 5.391876704075646565e+00 3.758547759931277210e-02 9.992648267206699630e-01 7.576758803111944413e-03 9.383521978018853626e-02 1.250892255982823283e-02 -8.052008483239286515e-03 9.998895192886727568e-01 5.710188407679517991e-02
9.991675590556484687e-01 -3.879387014202267253e-02 -1.262561218305879515e-02 5.617429173779357576e+00 3.889853689317743918e-02 9.992100749255591330e-01 8.148791447419203096e-03 1.033919147505062974e-01 1.229952849008360445e-02 -8.633138770628996650e-03 9.998872707763483136e-01 5.865590570988331309e-02
9.991309651077397991e-01 -3.983259331601992498e-02 -1.228257536462560792e-02 5.843749757283584145e+00 3.993566180598131371e-02 9.991682536853353502e-01 8.259360845474232604e-03 1.158095479102687619e-01 1.194338018380513601e-02 -8.742708505658466564e-03 9.998906369312954290e-01 6.541326368933018942e-02
9.991163853925861815e-01 -3.996061467453691785e-02 -1.303012286615797856e-02 6.074444898574470564e+00 4.007301111831042956e-02 9.991609253959136128e-01 8.477902358067645680e-03 1.283153619386724897e-01 1.268042098766110175e-02 -8.992581668156272856e-03 9.998793476539667990e-01 7.240729062135038696e-02
9.991382623603302093e-01 -3.889593011707266623e-02 -1.449253894145608942e-02 6.315825943094613315e+00 3.903668833349859674e-02 9.991922245846162065e-01 9.555817003513785921e-03 1.392730063399307272e-01 1.410916331330613026e-02 -1.011334034502760562e-02 9.998495026461564628e-01 7.996649488687734841e-02
9.992163225358805523e-01 -3.672599787493805584e-02 -1.476966297197079316e-02 6.566766202612650538e+00 3.689571408053936297e-02 9.992544231207065586e-01 1.138368574510860952e-02 1.455062964817301074e-01 1.434058609821038666e-02 -1.191971620550831730e-02 9.998263078964392259e-01 8.145214481439623511e-02
9.993249919384016300e-01 -3.400278966024736227e-02 -1.391305388568388202e-02 6.823555590703740847e+00 3.416624265543935501e-02 9.993480492182836850e-01 1.168027881213412437e-02 1.517861677476559923e-01 1.350683374691231953e-02 -1.214776516631930516e-02 9.998351746379386951e-01 8.000014017463208393e-02
9.994307856647620669e-01 -3.078519919733622295e-02 -1.380501910415642824e-02 7.079388552289091585e+00 3.094292631791736858e-02 9.994567691839167933e-01 1.135726718315868689e-02 1.610103310290829093e-01 1.344789692358777308e-02 -1.177798395872869247e-02 9.998403939987074995e-01 8.427295201460788254e-02
9.995161661851390544e-01 -2.764013924399252517e-02 -1.427090217751033827e-02 7.341632253028905097e+00 2.780273991842501999e-02 9.995494707305376814e-01 1.132032279839804458e-02 1.657557783049377897e-01 1.395159039661223940e-02 -1.171162960170829374e-02 9.998342722592292731e-01 9.305867240766012294e-02
9.996085035370810834e-01 -2.426754920470429802e-02 -1.393304584056569498e-02 7.610199141433700021e+00 2.442538603429193766e-02 9.996382908955125934e-01 1.126835261399061240e-02 1.691089021189778885e-01 1.365456451015380039e-02 -1.160427405041468928e-02 9.998396251107803945e-01 9.970889558887519044e-02
9.996952432658157139e-01 -2.068582060819149776e-02 -1.348056134669023583e-02 7.889437528159354507e+00 2.084583604423457387e-02 9.997127860038813596e-01 1.183579335390111224e-02 1.719228519879139050e-01 1.323186983920461926e-02 -1.211321118423720235e-02 9.998392737474577352e-01 1.028139107655807738e-01
9.997622057844642862e-01 -1.761229345845657934e-02 -1.286659329441651109e-02 8.181828887610958390e+00 1.777732668830171031e-02 9.997598950981559929e-01 1.282240221498543754e-02 1.754670284703541416e-01 1.263768527337735120e-02 -1.304809779637974843e-02 9.998352011847142506e-01 1.027505691308862601e-01
9.998230549947945134e-01 -1.456746013466187623e-02 -1.191053272289287548e-02 8.477742894670765139e+00 1.472867506256869338e-02 9.997997688783257786e-01 1.355679816480460063e-02 1.794963374379848764e-01 1.171067250812590256e-02 -1.372983617517937495e-02 9.998373622928927729e-01 1.032423532047261200e-01
9.998729034004226746e-01 -1.151370454347555583e-02 -1.103748208209511493e-02 8.777195294878168852e+00 1.166981142312541360e-02 9.998315127818028225e-01 1.417956614819307348e-02 1.837044191620998967e-01 1.087237592491964271e-02 -1.430657946653705534e-02 9.998387439316457348e-01 1.115526765472367871e-01
9.999022016785634737e-01 -9.070532555798411709e-03 -1.065492972388002758e-02 9.078421455472087231e+00 9.229616524137077005e-03 9.998454635805831270e-01 1.497214905977176276e-02 1.882550131339129629e-01 1.051749168272154283e-02 -1.506903549345785936e-02 9.998313411594719202e-01 1.248287147370159278e-01
9.999126609139820099e-01 -7.313569775010722064e-03 -1.101805996333878913e-02 9.389192502222160286e+00 7.494443595795612437e-03 9.998365865474195813e-01 1.646012342321427971e-02 1.908136545443340215e-01 1.089589111103577042e-02 -1.654126966769254789e-02 9.998040160947591071e-01 1.330379436990996589e-01
9.999334690856799268e-01 -6.054944056852587346e-03 -9.829071815048006505e-03 9.708599149531952577e+00 6.227921560835812664e-03 9.998248294015622539e-01 1.765861275871938654e-02 1.908686163335280295e-01 9.720442397584495853e-03 -1.771866222810905556e-02 9.997959629710038154e-01 1.340908011660066346e-01
9.999589557716532795e-01 -5.373599018435614751e-03 -7.309505959894512829e-03 1.003353759233152331e+01 5.499739716915669208e-03 9.998346830098550075e-01 1.733972781897367976e-02 1.930013173191918452e-01 7.215135973375996249e-03 -1.737922673391716771e-02 9.998231418642271606e-01 1.322294617819012030e-01
9.999698923728571609e-01 -5.951976068392692866e-03 -5.000652195330248899e-03 1.035763331275640198e+01 6.036308470422052652e-03 9.998372547502134555e-01 1.700983549842855977e-02 1.993685547829274207e-01 4.898611659229664544e-03 -1.703951922348013320e-02 9.998430228633385930e-01 1.372709987504663054e-01
9.999588946883832818e-01 -8.142683951314656776e-03 -4.015516671459667605e-03 1.068128549395742333e+01 8.216130671849106171e-03 9.997931892371219043e-01 1.861136877553292920e-02 2.102377263537316965e-01 3.863155894268768473e-03 -1.864360588484632181e-02 9.998189362167219096e-01 1.442483613292665778e-01
9.999176685603042847e-01 -1.233322327913998796e-02 -3.573018910993688325e-03 1.101630153279788793e+01 1.240927481285477273e-02 9.996791205570992878e-01 2.209016773568138123e-02 2.228923652776559905e-01 3.299445611529999624e-03 -2.213269758916709337e-02 9.997498042987733591e-01 1.455449526314649689e-01
9.998406200934594201e-01 -1.763296546478484647e-02 -2.834165202650452010e-03 1.135390638443203670e+01 1.769447903602889421e-02 9.995706779734149228e-01 2.335972397261366212e-02 2.302272031661005969e-01 2.421064047958210001e-03 -2.340615963105506514e-02 9.997233144713120190e-01 1.414435222453320207e-01
9.997321814059592082e-01 -2.309167974246633531e-02 -1.600152484142325924e-03 1.168205348143696654e+01 2.311924330314758455e-02 9.995310835797927007e-01 2.008550606740196198e-02 2.360766551198476837e-01 1.135610855314022304e-03 -2.011713100852817113e-02 9.997971946240565844e-01 1.451663960405526199e-01
9.995436741636525291e-01 -3.012363827058724131e-02 -2.287204083777563159e-03 1.200567362245167935e+01 3.015404350471075426e-02 9.994380200983135065e-01 1.465241364108552102e-02 2.499198833026704814e-01 1.844551595711968299e-03 -1.471470629463881435e-02 9.998902420876318864e-01 1.602403395602423897e-01
9.992074308217772094e-01 -3.937195953873471460e-02 -5.880693716003720928e-03 1.232725741569720412e+01 3.943917607281925697e-02 9.991527321553439478e-01 1.177652147541261365e-02 2.719802419575055308e-01 5.412062993880212107e-03 -1.199912819502942617e-02 9.999135739789655197e-01 1.773185696901798392e-01
9.986656933860839080e-01 -5.048233018623283358e-02 -1.089006799452778285e-02 1.265349184409700634e+01 5.064481336200080119e-02 9.986013199445324950e-01 1.519292212275826469e-02 2.998198957203205284e-01 1.010787831267634732e-02 -1.572418623349478711e-02 9.998254894732023779e-01 1.883576010196938988e-01
9.978776448646108355e-01 -6.318045490003833253e-02 -1.576907357071918522e-02 1.298716849928842620e+01 6.349466276131270071e-02 9.977761411817682724e-01 2.028591016741513459e-02 3.323018787122085649e-01 1.445234811868609769e-02 -2.124411878470872442e-02 9.996700690761727293e-01 1.862619092828884937e-01
9.968007470661962577e-01 -7.759218538879551763e-02 -1.918210257611783695e-02 1.331649112246043387e+01 7.800968111206665889e-02 9.967085600959900704e-01 2.206477443525665938e-02 3.694750854106541582e-01 1.740692716731584780e-02 -2.349058367888056179e-02 9.995727203545240469e-01 1.777658730407740972e-01
9.954229155092825243e-01 -9.301701834748742070e-02 -2.193823153014634944e-02 1.363358360287036497e+01 9.343794031629698571e-02 9.954438169229541389e-01 1.900732183259322763e-02 4.111025760253165240e-01 2.007028796656241260e-02 -2.097019645477045044e-02 9.995788456459276938e-01 1.789967144512674413e-01
9.935801319112523844e-01 -1.102931714971970012e-01 -2.518291710192325367e-02 1.395316617174780482e+01 1.106639350779840270e-01 9.937618204762220797e-01 1.382977537148668071e-02 4.579769151782500103e-01 2.350050591640220204e-02 -1.652783914834897450e-02 9.995874173145495867e-01 1.901414859356647113e-01
9.912609454808204434e-01 -1.295101994090372410e-01 -2.508165835889396983e-02 1.427169116328687792e+01 1.298440466540939919e-01 9.914599849978567025e-01 1.216346052726063713e-02 5.125017724210610970e-01 2.329218284268276540e-02 -1.531387656643107276e-02 9.996116306825673092e-01 2.005155928291966205e-01
9.884053157534095080e-01 -1.502005311909537788e-01 -2.224813260849376959e-02 1.459104300895848105e+01 1.505116995239598465e-01 9.885225316253081207e-01 1.302935289124182439e-02 5.722843339512159178e-01 2.003577921818883167e-02 -1.622689561836912833e-02 9.996678024038986310e-01 2.059711330703415111e-01
9.847978259170083737e-01 -1.725383832179575860e-01 -2.009964940251635426e-02 1.490717974210891583e+01 1.728331275539421452e-01 9.848522036866929064e-01 1.397064639844382977e-02 6.457409190831019385e-01 1.738472589769408938e-02 -1.723215759942305775e-02 9.997005976007918848e-01 2.104986960066540791e-01
9.804739218616159713e-01 -1.956503359075342507e-01 -1.980107117440236403e-02 1.522382647134231348e+01 1.959578828403813755e-01 9.804979475878550232e-01 1.498728197079659055e-02 7.292138696581303980e-01 1.648265792714096942e-02 -1.857482577230764806e-02 9.996918336783406911e-01 2.210536095597141482e-01
9.753454535050353202e-01 -2.197221683455728991e-01 -2.058315369613077095e-02 1.554737439842046420e+01 2.200613346902813572e-01 9.753556587440279646e-01 1.595904418050345455e-02 8.231999727416373647e-01 1.656935796095453800e-02 -2.009514762022330051e-02 9.996609986043383245e-01 2.295478785286362844e-01
