1 0 0 0 0 1 0 0 0 0 1 0
1 5.92363e-05 -3.37491e-05 0.000871115 -5.92361e-05 1 6.66308e-06 0.00178979 3.37495e-05 -6.66108e-06 1 0.00175037
1 4.17259e-05 -7.95884e-05 0.00115385 -4.1723e-05 1 3.64279e-05 -0.00388104 7.95899e-05 -3.64246e-05 1 0.00189567
1 3.18532e-06 -4.45067e-05 0.00250991 -3.18444e-06 1 1.98396e-05 -0.00101169 4.45067e-05 -1.98394e-05 1 0.000989659
1 3.62386e-05 -6.00593e-05 0.00399019 -3.62383e-05 1 5.04477e-06 -0.00113414 6.00595e-05 -5.04259e-06 1 0.00339965
1 7.6384e-05 -3.99133e-05 0.00361952 -7.63842e-05 1 -5.00893e-06 -0.00166503 3.9913e-05 5.01197e-06 1 0.00284346
1 4.90911e-05 -6.28631e-05 0.00382151 -4.90912e-05 1 -1.38466e-06 -0.00200268 6.2863e-05 1.38775e-06 1 0.00256907
1 -1.96868e-05 -1.19397e-05 0.000263334 1.96868e-05 1 -1.59883e-06 0.00156297 1.19397e-05 1.5986e-06 1 0.000525051
1 2.91573e-05 -1.08808e-05 -0.000908161 -2.91573e-05 1 -4.8808e-06 -0.00221976 1.08807e-05 4.88112e-06 1 0.000927769
1 6.64392e-05 -5.96167e-05 0.00143257 -6.64395e-05 1 -5.05702e-06 -3.65809e-05 5.96163e-05 5.06098e-06 1 0.00381741
1 3.06926e-05 -5.72218e-05 0.00179912 -3.06924e-05 1 3.71725e-06 0.000659111 5.72219e-05 -3.71549e-06 1 0.00319738
1 1.50203e-05 -4.27087e-05 -0.000418203 -1.50201e-05 1 5.20917e-06 -0.00177233 4.27088e-05 -5.20853e-06 1 0.00275449
1 5.80756e-05 -5.20367e-05 0.00294689 -5.80756e-05 1 4.43698e-08 -2.27951e-05 5.20367e-05 -4.13478e-08 1 0.00253693
1 4.95675e-05 -5.78821e-05 0.00435845 -4.95673e-05 1 4.10596e-06 -0.000190762 5.78823e-05 -4.10309e-06 1 0.00290376
1 2.49586e-05 -6.69084e-05 0.00236816 -2.49575e-05 1 1.64785e-05 0.00107551 6.69088e-05 -1.64769e-05 1 0.00237515
1 -2.41558e-05 -3.03309e-05 -0.00287382 2.41558e-05 1 5.95582e-07 0.00262832 3.03309e-05 -5.96315e-07 1 0.00214533
1 3.7626e-05 -4.6078e-05 -0.0024222 -3.76265e-05 1 -9.77778e-06 0.000768293 4.60776e-05 9.77952e-06 1 0.00347859
1 2.84283e-05 -1.13546e-06 -0.000609351 -2.84283e-05 1 -1.06481e-05 0.000601222 1.13516e-06 1.06481e-05 1 0.000464775
1 7.60257e-07 -1.67717e-05 -0.000418616 -7.60485e-07 1 -1.35677e-05 0.00277715 1.67717e-05 1.35677e-05 1 0.000547952
1 -8.75407e-07 -5.12675e-05 -2.20691e-05 8.74977e-07 1 -8.39122e-06 0.00464452 5.12676e-05 8.39118e-06 1 0.0028147
1 8.02996e-06 -3.93505e-05 -0.00254719 -8.02928e-06 1 1.73322e-05 -0.000117897 3.93506e-05 -1.73319e-05 1 0.00195013
1 1.26478e-06 -2.79182e-05 -0.00209418 -1.26448e-06 1 1.07899e-05 -0.000242633 2.79183e-05 -1.07899e-05 1 0.00110105
1 4.48426e-05 -5.82211e-05 0.00103647 -4.48425e-05 1 1.06113e-06 -0.0005426 5.82212e-05 -1.05852e-06 1 0.00279018
1 4.15684e-06 -3.54491e-05 -0.000409954 -4.15686e-06 1 -3.98551e-07 0.00492166 3.54491e-05 3.98698e-07 1 0.00169157
1 3.98051e-05 -4.12524e-05 0.00188595 -3.98046e-05 1 1.28471e-05 -0.00110167 4.12529e-05 -1.28454e-05 1 0.000859362
1 1.18645e-05 -2.30846e-05 -0.00239684 -1.18647e-05 1 -8.6675e-06 0.000729845 2.30845e-05 8.66777e-06 1 0.00160998
1 -4.15246e-05 -5.50331e-06 -0.0080055 4.15246e-05 1 -1.11764e-06 0.00286261 5.50336e-06 1.11741e-06 1 0.0008164
1 3.0047e-05 -7.43063e-05 -0.00246472 -3.00462e-05 1 1.1408e-05 -0.00178136 7.43067e-05 -1.14057e-05 1 0.00339747
1 1.75963e-05 -5.4635e-05 0.00260611 -1.75952e-05 1 2.06178e-05 0.000854228 5.46353e-05 -2.06169e-05 1 0.00158193
1 1.1358e-05 -3.00026e-05 0.00135175 -1.13577e-05 1 1.02424e-05 -0.000278454 3.00027e-05 -1.02421e-05 1 0.000148089
1 6.4058e-06 -5.71161e-05 -0.00107897 -6.40523e-06 1 1.00545e-05 -0.000280494 5.71161e-05 -1.00542e-05 1 0.00221495
1 2.1305e-05 -3.13544e-05 -0.000394338 -2.13052e-05 1 -6.66993e-06 0.00112346 3.13542e-05 6.6706e-06 1 0.0019817
1 1.41307e-05 -4.92051e-05 0.000729857 -1.41306e-05 1 1.74829e-06 -0.00122342 4.92051e-05 -1.74759e-06 1 0.00246109
1 1.07712e-05 -2.28065e-05 -0.000469597 -1.07708e-05 1 1.78841e-05 -0.00177472 2.28067e-05 -1.78838e-05 1 -6.18393e-05
1 1.68017e-06 -1.05981e-05 -0.00260646 -1.68022e-06 1 -4.33056e-06 0.00149698 1.05981e-05 4.33058e-06 1 0.000486883
1 3.46527e-06 -3.73313e-05 -0.00171656 -3.46495e-06 1 8.53228e-06 0.00167217 3.73313e-05 -8.53215e-06 1 0.00114063
1 1.89634e-05 -7.31212e-05 0.000588489 -1.89618e-05 1 2.16793e-05 -0.00150499 7.31216e-05 -2.16779e-05 1 0.00283055
1 -1.8939e-06 -9.95094e-06 -0.00286236 1.89408e-06 1 1.81405e-05 -0.000873341 9.95091e-06 -1.81406e-05 1 -0.000250841
1 -6.53426e-06 -1.32391e-05 -0.00239725 6.53404e-06 1 -1.6961e-05 0.0043907 1.32392e-05 1.69609e-05 1 0.000907273
1 -1.30261e-06 -3.92688e-05 -0.00163023 1.30245e-06 1 -4.07216e-06 0.00465553 3.92688e-05 4.07211e-06 1 0.00186057
1 1.86191e-05 -5.79937e-05 0.00298038 -1.86183e-05 1 1.42455e-05 9.09958e-06 5.79939e-05 -1.42445e-05 1 0.00225104
1 1.76406e-05 -4.1063e-05 0.0027667 -1.76399e-05 1 1.57068e-05 -0.00043957 4.10632e-05 -1.57061e-05 1 0.000598449
1 4.10657e-05 -3.64137e-05 0.0014566 -4.10657e-05 1 5.1661e-07 -0.000685389 3.64137e-05 -5.15115e-07 1 0.00134737
1 -1.85513e-05 -4.34918e-05 -0.00221922 1.85519e-05 1 1.40711e-05 0.00278623 4.34915e-05 -1.4072e-05 1 0.00108916
1 2.30059e-05 -2.65546e-05 0.000824741 -2.30061e-05 1 -6.89987e-06 0.00225669 2.65544e-05 6.90049e-06 1 0.00139708
1 3.02465e-05 -3.59452e-05 0.00036431 -3.02462e-05 1 8.40154e-06 -0.00146162 3.59454e-05 -8.40045e-06 1 0.00129468
1 2.64051e-05 -5.42796e-05 0.00373555 -2.64042e-05 1 1.59646e-05 0.000356267 5.42801e-05 -1.59632e-05 1 0.0011343
1 1.45696e-05 -3.5781e-05 0.00252362 -1.45694e-05 1 4.91222e-06 0.00107546 3.57811e-05 -4.9117e-06 1 0.000723734
1 -2.41926e-05 -2.43113e-05 -0.00309121 2.41926e-05 1 -1.06316e-06 0.00112526 2.43114e-05 1.06258e-06 1 0.000904023
1 3.18075e-05 -6.35755e-05 0.00040914 -3.18065e-05 1 1.62661e-05 -0.00301228 6.3576e-05 -1.62641e-05 1 0.00182754
1 3.69047e-05 -4.92382e-05 0.000728678 -3.69038e-05 1 1.83463e-05 -0.00367386 4.92389e-05 -1.83445e-05 1 0.00143234
1 2.59034e-05 -9.25893e-06 -0.000672802 -2.59034e-05 1 -6.78574e-06 0.00207625 9.25876e-06 6.78598e-06 1 0.000737728
1 6.73802e-05 -4.13309e-05 0.00211242 -6.73805e-05 1 -7.64806e-06 -0.00191958 4.13304e-05 7.65085e-06 1 0.00269026
1 6.15112e-05 -3.68142e-05 0.00155152 -6.15109e-05 1 8.6406e-06 -0.00369536 3.68147e-05 -8.63834e-06 1 0.00226533
1 4.29149e-05 -8.29363e-06 -0.000434277 -4.29149e-05 1 2.63227e-06 -0.00215594 8.29374e-06 -2.63192e-06 1 0.00135266
1 1.27425e-05 -3.88216e-05 0.000969363 -1.27424e-05 1 4.51989e-06 0.00157434 3.88217e-05 -4.51939e-06 1 0.00123847
1 1.72378e-05 -3.67597e-05 -8.47129e-07 -1.72377e-05 1 2.59486e-06 0.0021898 3.67597e-05 -2.59423e-06 1 0.001124
1 3.82563e-05 -3.29309e-05 0.000998501 -3.82557e-05 1 1.82396e-05 -0.00268049 3.29316e-05 -1.82383e-05 1 0.000363396
1 -2.24195e-05 -6.02078e-06 -0.00406013 2.24194e-05 1 -2.56173e-06 0.000901272 6.02084e-06 2.5616e-06 1 0.000354971
1 2.84917e-05 -3.6969e-05 0.00177081 -2.84915e-05 1 4.61518e-06 -0.00145276 3.69692e-05 -4.61412e-06 1 0.00172428
1 4.06615e-05 -1.41082e-05 0.00157572 -4.06614e-05 1 7.03585e-06 -9.23859e-05 1.41085e-05 -7.03527e-06 1 0.00054785
1 6.7265e-05 -2.72946e-05 0.00250523 -6.7265e-05 1 1.63912e-06 -0.00358764 2.72947e-05 -1.63728e-06 1 0.00144867
1 6.23098e-05 -7.86773e-05 0.0108041 -6.23094e-05 1 4.75129e-06 0.000353098 7.86776e-05 -4.74639e-06 1 0.00242905
1 0.000119492 -6.67402e-05 0.017296 -0.000119492 1 -6.6387e-07 -0.00118719 6.67401e-05 6.71845e-07 1 0.00418886
1 0.00011508 -1.55043e-05 0.0108665 -0.00011508 1 3.26472e-06 -0.00171033 1.55047e-05 -3.26294e-06 1 0.00206839
1 6.08583e-05 2.87386e-06 0.000688341 -6.08582e-05 1 -1.72073e-05 0.00123788 -2.87491e-06 1.72071e-05 1 0.00208405
1 -7.69309e-05 -3.82658e-06 -0.0138586 7.69309e-05 1 -8.07718e-06 0.00354632 3.8272e-06 8.07689e-06 1 0.0021036
1 -0.000134897 -1.66025e-05 -0.0240809 0.000134897 1 -1.21468e-06 -0.00139541 1.66026e-05 1.21244e-06 1 0.00362248
1 -0.000171973 5.51406e-05 -0.0352224 0.000171975 1 -3.14447e-05 0.00254271 -5.51352e-05 3.14542e-05 1 0.00265352
1 -0.000296444 5.47302e-05 -0.0451933 0.000296446 1 -2.54758e-05 0.00690278 -5.47227e-05 2.5492e-05 1 0.00266211
1 -0.000339523 5.22178e-05 -0.052068 0.000339525 1 -5.08679e-05 0.00291127 -5.22005e-05 5.08856e-05 1 0.0084626
1 -0.0004437 0.000258538 -0.0757973 0.000443725 1 -9.68213e-05 0.000163799 -0.000258495 9.6936e-05 1 0.00730283
1 -0.000492922 0.000397591 -0.0923369 0.000492987 1 -0.000165362 -0.00276462 -0.000397509 0.000165558 1 0.0105036
1 -0.000811723 0.000413944 -0.131479 0.000811783 1 -0.000145755 0.00671046 -0.000413825 0.000146091 1 0.00753659
0.999999 -0.00140951 0.00042456 -0.217165 0.00140957 0.999999 -0.000149712 0.016907 -0.000424348 0.00015031 1 0.00837375
0.999998 -0.00204208 0.000554018 -0.318279 0.00204218 0.999998 -0.000181295 0.0260947 -0.000553647 0.000182426 1 0.00881375
0.999997 -0.00228619 0.000699214 -0.375605 0.00228631 0.999997 -0.000175366 0.0234125 -0.000698811 0.000176964 1 0.00740651
0.999996 -0.00262227 0.00095626 -0.438 0.00262251 0.999997 -0.000250859 0.0351742 -0.000955599 0.000253366 1 0.00479911
0.999993 -0.00344814 0.00115581 -0.507408 0.0034485 0.999994 -0.000310012 0.056109 -0.00115474 0.000313996 0.999999 0.00182129
0.999989 -0.00451733 0.00137701 -0.618115 0.00451785 0.99999 -0.000375051 0.067312 -0.0013753 0.000381268 0.999999 0.000627566
0.999984 -0.00542191 0.00140217 -0.725643 0.00542249 0.999985 -0.000411624 0.0733797 -0.00139991 0.00041922 0.999999 0.00985796
0.999978 -0.00649404 0.00143734 -0.834501 0.00649464 0.999979 -0.000409441 0.0974964 -0.00143465 0.000418767 0.999999 0.0129819
0.999971 -0.00745277 0.00156013 -0.952286 0.00745346 0.999972 -0.000437922 0.133759 -0.00155682 0.000449537 0.999999 0.0094785
0.999962 -0.00853032 0.00155707 -1.06726 0.00853101 0.999964 -0.000438325 0.160465 -0.00155327 0.000451592 0.999999 0.0129768
0.999952 -0.00969016 0.0017509 -1.18202 0.00969107 0.999953 -0.000509741 0.184561 -0.00174588 0.000526685 0.999998 0.0162344
0.999939 -0.0108918 0.0020338 -1.32555 0.0108929 0.999941 -0.000529229 0.220394 -0.00202791 0.00055135 0.999998 0.012721
0.999923 -0.0122132 0.00208167 -1.47958 0.0122145 0.999925 -0.000624254 0.248805 -0.00207389 0.000649633 0.999998 0.017097
0.999903 -0.0137337 0.00213047 -1.62385 0.013735 0.999905 -0.000615971 0.285289 -0.00212181 0.000645174 0.999998 0.017423
0.999884 -0.0150906 0.00227187 -1.75398 0.0150921 0.999886 -0.000628763 0.307371 -0.00226212 0.000662977 0.999997 0.0141914
0.999856 -0.0167883 0.00259955 -1.9532 0.0167899 0.999859 -0.000595447 0.340976 -0.00258918 0.000639007 0.999996 0.00686857
0.999903 -0.0136955 0.00264001 -2.17886 0.0136968 0.999906 -0.000478914 0.295949 -0.00263321 0.000515027 0.999996 0.00527046
0.999966 -0.00784878 0.00247821 -2.40291 0.00784938 0.999969 -0.000230597 0.189139 -0.00247633 0.000250041 0.999997 0.00513577
0.999994 -0.00255452 0.00244079 -2.62142 0.00255469 0.999997 -6.67587e-05 0.103151 -0.00244061 7.29937e-05 0.999997 0.00390022
0.999998 0.000743809 0.00182948 -2.85861 -0.000744192 1 0.000208529 0.0483491 -0.00182932 -0.00020989 0.999998 0.000377139
0.999991 0.00382828 0.00171753 -3.07936 -0.00382901 0.999993 0.00042394 0.00823119 -0.00171589 -0.000430513 0.999998 -0.00934861
0.999994 0.00287813 0.00199861 -3.22648 -0.00287906 0.999996 0.000464229 0.0264985 -0.00199727 -0.00046998 0.999998 -0.0190047
0.999997 -0.000624967 0.00227552 -3.41019 0.000624116 1 0.000374649 0.0846023 -0.00227575 -0.000373228 0.999997 -0.0168695
0.999992 -0.00310527 0.00233233 -3.58949 0.00310455 0.999995 0.000309241 0.121449 -0.00233328 -0.000301998 0.999997 -0.011598
0.999988 -0.00417419 0.00245849 -3.75264 0.00417333 0.999991 0.000351154 0.112102 -0.00245994 -0.000340889 0.999997 -0.00854928
0.999983 -0.0052973 0.00259362 -3.94471 0.00529643 0.999986 0.000340733 0.165947 -0.00259539 -0.00032699 0.999997 -0.00716133
0.999973 -0.00676439 0.00269395 -4.09737 0.00676367 0.999977 0.000276322 0.184415 -0.00269576 -0.000258093 0.999996 0.00258063
0.99996 -0.0085045 0.00286249 -4.27804 0.0085039 0.999964 0.000221689 0.198997 -0.00286427 -0.000197338 0.999996 0.00711617
0.999939 -0.0106184 0.00295967 -4.5205 0.010618 0.999944 0.000156181 0.227823 -0.00296116 -0.000124746 0.999996 0.0179402
0.999928 -0.0116387 0.00305203 -4.6969 0.0116384 0.999932 0.000132789 0.241863 -0.00305337 -9.72584e-05 0.999995 0.0216855
0.999912 -0.0127895 0.0035332 -4.87925 0.0127887 0.999918 0.000248512 0.267607 -0.00353609 -0.000203305 0.999994 0.00768762
0.99994 -0.0103463 0.00350259 -5.12725 0.010346 0.999946 0.000118049 0.22768 -0.00350362 -8.18042e-05 0.999994 0.0228162
0.99998 -0.00528854 0.00349502 -5.38074 0.00528787 0.999986 0.000200025 0.156183 -0.00349603 -0.000181539 0.999994 0.0244198
0.999993 -0.00166701 0.00343495 -5.66376 0.00166641 0.999999 0.00017538 0.0874768 -0.00343524 -0.000169654 0.999994 0.04178
0.999991 0.00160544 0.0038556 -5.92075 -0.00160712 0.999999 0.000430648 0.0560963 -0.00385491 -0.000436841 0.999992 0.023843
0.999993 -6.27355e-05 0.00379588 -6.10021 6.11502e-05 1 0.000417775 0.0874496 -0.0037959 -0.00041754 0.999993 0.0227728
0.999985 -0.00398763 0.00375617 -6.2746 0.00398655 0.999992 0.00029505 0.139366 -0.00375732 -0.000280072 0.999993 0.0263256
0.999971 -0.00653866 0.00387224 -6.45415 0.00653759 0.999979 0.000289231 0.163463 -0.00387405 -0.000263908 0.999992 0.0223817
0.999963 -0.00748194 0.00431209 -6.6318 0.00748032 0.999972 0.00039162 0.162283 -0.0043149 -0.000359349 0.999991 0.0160834
0.999954 -0.00844105 0.00446491 -6.83814 0.00843957 0.999964 0.000351048 0.163734 -0.00446771 -0.00031335 0.99999 0.0209668
0.999939 -0.0100833 0.004477 -7.0283 0.0100817 0.999949 0.000385888 0.179419 -0.00448066 -0.000340729 0.99999 0.0215662
0.999907 -0.012851 0.00465036 -7.25536 0.0128498 0.999917 0.000276646 0.198417 -0.00465354 -0.000216864 0.999989 0.0333702
0.999881 -0.0147065 0.00473929 -7.45463 0.0147062 0.999892 0.000105162 0.22831 -0.00474033 -3.54522e-05 0.999989 0.0520468
0.999864 -0.015803 0.00475965 -7.6398 0.0158026 0.999875 0.000124843 0.226959 -0.00476103 -4.96116e-05 0.999989 0.0568187
0.99983 -0.0177702 0.00489686 -7.86495 0.0177701 0.999842 7.07458e-05 0.244504 -0.00489734 1.62838e-05 0.999988 0.0591067
0.999789 -0.0197979 0.0055381 -8.08562 0.0197978 0.999804 7.94364e-05 0.254159 -0.00553859 3.02228e-05 0.999985 0.0486775
0.999835 -0.0173555 0.00538718 -8.34182 0.0173563 0.999849 -9.53121e-05 0.191901 -0.00538471 0.000188798 0.999985 0.0669359
0.999904 -0.0126668 0.00554488 -8.63866 0.0126679 0.99992 -0.000160887 0.120221 -0.0055424 0.000231114 0.999985 0.0873756
0.999945 -0.00881951 0.00559417 -8.90063 0.00882122 0.999961 -0.000281522 0.0663636 -0.00559147 0.000330854 0.999984 0.11031
0.99996 -0.00649955 0.00614072 -9.14219 0.0065009 0.999979 -0.000199386 0.0278749 -0.00613929 0.000239298 0.999981 0.109477
0.999944 -0.00846789 0.00640824 -9.35894 0.00846989 0.999964 -0.000284462 0.0317373 -0.0064056 0.000338723 0.999979 0.117908
0.999907 -0.0119949 0.00647545 -9.54135 0.011997 0.999928 -0.00029402 0.0551758 -0.00647145 0.000371679 0.999979 0.122959
0.99988 -0.0140167 0.00664326 -9.72352 0.01402 0.999902 -0.000443357 0.0654744 -0.00663639 0.000536442 0.999978 0.142153
0.99986 -0.0152038 0.00693661 -9.94088 0.0152079 0.999884 -0.000532864 0.0555943 -0.00692771 0.000638281 0.999976 0.151838
0.999839 -0.0164501 0.00722568 -10.1663 0.0164554 0.999864 -0.000668263 0.0605246 -0.00721371 0.000787057 0.999974 0.155512
0.99981 -0.0179741 0.0074801 -10.3295 0.0179801 0.999838 -0.000735832 0.0667127 -0.00746566 0.000870186 0.999972 0.153541
0.999765 -0.0202412 0.00779876 -10.5312 0.0202473 0.999795 -0.000703076 0.0831938 -0.00778292 0.000860815 0.999969 0.151224
0.999719 -0.0222282 0.00823993 -10.7329 0.0222353 0.999752 -0.000768535 0.0927608 -0.00822081 0.000951536 0.999966 0.157992
0.999683 -0.0237989 0.00820621 -10.9154 0.0238055 0.999716 -0.000717806 0.100232 -0.0081868 0.000912932 0.999966 0.159986
0.99964 -0.0254926 0.00836303 -11.0992 0.0254996 0.999675 -0.000729671 0.102938 -0.00834171 0.000942662 0.999965 0.162001
0.999586 -0.0273626 0.00889198 -11.2907 0.0273708 0.999625 -0.000806214 0.0962671 -0.00886658 0.00104926 0.99996 0.163885
0.99954 -0.0289987 0.00884939 -11.488 0.0290065 0.999579 -0.000764767 0.0996635 -0.00882348 0.00102111 0.999961 0.157744
0.999573 -0.028037 0.00823846 -11.7289 0.0280446 0.999606 -0.000808988 0.101646 -0.00821253 0.00103969 0.999966 0.166108
0.999618 -0.0264792 0.00795406 -11.9703 0.026486 0.999649 -0.000745019 0.0550184 -0.00793154 0.000955405 0.999968 0.167986
0.999691 -0.0237051 0.00744208 -12.2457 0.0237111 0.999719 -0.000711215 -0.00519297 -0.00742312 0.000887455 0.999972 0.180868
0.999724 -0.0226453 0.00623984 -12.482 0.0226517 0.999743 -0.000970333 -0.0361647 -0.00621626 0.00111141 0.99998 0.207513
0.999676 -0.0248003 0.0056713 -12.6498 0.0248066 0.999692 -0.00104148 -0.0244177 -0.00564372 0.00118182 0.999983 0.202805
0.999666 -0.0253668 0.00490999 -12.8294 0.0253735 0.999677 -0.0012893 -0.0425856 -0.0048757 0.00141345 0.999987 0.209258
0.999641 -0.0264937 0.00407935 -13.022 0.0265001 0.999648 -0.00151675 -0.0566366 -0.00403773 0.00162431 0.999991 0.214632
0.999588 -0.0284854 0.00348863 -13.2129 0.0284917 0.999592 -0.00177212 -0.0505442 -0.00343673 0.00187079 0.999992 0.232292
0.999523 -0.0305848 0.00433152 -13.4072 0.0305925 0.99953 -0.00172747 -0.0365135 -0.00427665 0.00185916 0.999989 0.231281
0.999467 -0.0323248 0.00461241 -13.5905 0.0323331 0.999476 -0.00173679 -0.0384862 -0.00455385 0.001885 0.999988 0.237076
0.999416 -0.0339056 0.00436157 -13.7496 0.0339139 0.999423 -0.00184562 -0.0427617 -0.00429648 0.00199246 0.999989 0.242283
0.999366 -0.0353828 0.00407229 -13.9362 0.0353911 0.999372 -0.00198683 -0.0471354 -0.00399943 0.00212969 0.99999 0.24845
0.999319 -0.0366224 0.00453426 -14.0873 0.0366322 0.999327 -0.002097 -0.0378834 -0.00445441 0.00226167 0.999988 0.251519
0.999268 -0.0378933 0.0053239 -14.2418 0.0379049 0.999279 -0.00210513 -0.0239978 -0.0052403 0.00230539 0.999984 0.257325
0.999202 -0.0394762 0.00600725 -14.4351 0.039488 0.999218 -0.0018594 -0.0241608 -0.00592915 0.00209513 0.99998 0.26127
0.99924 -0.0385482 0.00586416 -14.6535 0.0385592 0.999255 -0.00177928 -0.0507363 -0.0057912 0.00200404 0.999981 0.282279
0.999303 -0.0367986 0.00621249 -14.851 0.0368094 0.999321 -0.00163285 -0.0794102 -0.00614819 0.00186039 0.999979 0.28668
0.999423 -0.033342 0.00649583 -15.0888 0.0333527 0.999442 -0.00154934 -0.11492 -0.00644055 0.0017651 0.999978 0.282171
0.999473 -0.0318042 0.0065224 -15.3096 0.0318159 0.999492 -0.00169924 -0.11289 -0.00646505 0.00190586 0.999977 0.284287
0.999484 -0.031439 0.00651693 -15.5029 0.0314535 0.999503 -0.00213814 -0.145486 -0.00644647 0.00234202 0.999976 0.295869
0.999422 -0.0333176 0.00668331 -15.6605 0.0333347 0.999441 -0.00245811 -0.145225 -0.00659768 0.00267947 0.999975 0.300076
0.999354 -0.0354181 0.00609919 -15.7909 0.0354345 0.999369 -0.00260032 -0.13573 -0.00600324 0.00281477 0.999978 0.300219
0.999296 -0.0371576 0.00524794 -15.9551 0.0371731 0.999305 -0.00287702 -0.12622 -0.00513739 0.00307008 0.999982 0.305954
0.999248 -0.0385066 0.0046502 -16.1413 0.0385206 0.999253 -0.0029516 -0.128648 -0.00453307 0.00312851 0.999985 0.303733
0.999212 -0.039401 0.00479648 -16.286 0.0394151 0.999219 -0.00287926 -0.13787 -0.00467929 0.00306604 0.999984 0.298223
0.999167 -0.0405472 0.0045321 -16.4069 0.0405751 0.999157 -0.00625613 -0.148634 -0.00427461 0.00643481 0.99997 0.299937
0.999109 -0.0419236 0.0047935 -16.5428 0.0419676 0.999074 -0.00948886 -0.140395 -0.00439125 0.00968158 0.999943 0.299787
0.999091 -0.0422573 0.00569331 -16.7179 0.0423227 0.999033 -0.0118892 -0.144284 -0.0051854 0.0121193 0.999913 0.279763
0.999133 -0.0411318 0.006388 -16.8947 0.0412035 0.999084 -0.0115328 -0.144393 -0.00590778 0.011786 0.999913 0.278827
0.999177 -0.04008 0.00628147 -17.0746 0.0401437 0.99914 -0.0103674 -0.180049 -0.00586054 0.0106111 0.999927 0.297469
0.999207 -0.0396373 0.00367388 -17.2382 0.039673 0.99916 -0.0102156 -0.212641 -0.00326587 0.0103533 0.999941 0.326254
0.999142 -0.0413813 0.001655 -17.3873 0.0413965 0.999087 -0.0105824 -0.212037 -0.00121558 0.0106418 0.999943 0.344048
0.999053 -0.0434664 0.00172484 -17.5171 0.0434825 0.998996 -0.0108007 -0.219464 -0.00125364 0.0108654 0.99994 0.339531
0.998973 -0.0451961 0.00309897 -17.6364 0.045227 0.998919 -0.0107261 -0.225835 -0.00261084 0.0108553 0.999938 0.330838
0.998843 -0.0479173 0.00399891 -17.7339 0.0479571 0.998794 -0.0105383 -0.246882 -0.00348913 0.0107178 0.999936 0.335485
0.998714 -0.0504029 0.00541975 -17.8414 0.0504569 0.998673 -0.0103438 -0.265896 -0.0048912 0.0106039 0.999932 0.343737
0.998593 -0.0528464 0.00447598 -17.9814 0.0528903 0.998547 -0.0103383 -0.270717 -0.00392313 0.0105605 0.999937 0.350778
0.998502 -0.054576 0.00387859 -18.1071 0.054614 0.998452 -0.010484 -0.278989 -0.00330041 0.0106801 0.999938 0.359819
0.998379 -0.0567822 0.00382893 -18.2239 0.0568205 0.998326 -0.0107776 -0.290716 -0.00321055 0.0109777 0.999935 0.367743
0.998109 -0.0613217 0.00424208 -18.3163 0.0613653 0.998054 -0.0110489 -0.284273 -0.00355628 0.0112884 0.99993 0.371203
0.997881 -0.0648969 0.004659 -18.438 0.064945 0.997828 -0.0110384 -0.292286 -0.00393252 0.0113176 0.999928 0.36692
0.997619 -0.0687982 0.00482177 -18.5264 0.0688474 0.997567 -0.0109153 -0.316416 -0.00405909 0.0112213 0.999929 0.362698
0.997391 -0.0720206 0.00487092 -18.672 0.0720702 0.99734 -0.0109197 -0.330894 -0.00407152 0.0112422 0.999929 0.374196
0.997212 -0.0744463 0.00503096 -18.7794 0.0744978 0.997161 -0.0109779 -0.352262 -0.00419941 0.0113221 0.999927 0.37336
0.996878 -0.0787723 0.00534497 -18.9179 0.0788275 0.996827 -0.0110349 -0.371258 -0.00445877 0.0114218 0.999925 0.367075
0.996654 -0.0815861 0.00493574 -19.049 0.0816368 0.9966 -0.0111424 -0.387741 -0.0040099 0.011508 0.999926 0.379823
0.996339 -0.0853404 0.00505371 -19.1802 0.0853933 0.996282 -0.0113839 -0.398193 -0.00406342 0.0117738 0.999922 0.391806
0.995918 -0.0900893 0.00553224 -19.3093 0.0901497 0.995857 -0.0118781 -0.417714 -0.00443923 0.0123284 0.999914 0.403333
0.995476 -0.094813 0.00617879 -19.4403 0.094885 0.995408 -0.0126559 -0.437945 -0.00495048 0.0131849 0.999901 0.411616
0.995037 -0.0992949 0.00640408 -19.585 0.0993703 0.994968 -0.0127875 -0.485495 -0.00510212 0.0133604 0.999898 0.399681
0.994427 -0.105268 0.00582682 -19.7088 0.105335 0.994355 -0.012731 -0.502694 -0.00445376 0.0132739 0.999902 0.398559
0.993896 -0.110213 0.00485269 -19.8479 0.110266 0.993825 -0.0123968 -0.511751 -0.00345643 0.0128562 0.999911 0.397264
0.993326 -0.115262 0.00436103 -19.9974 0.115308 0.993255 -0.0121663 -0.52657 -0.0029293 0.012588 0.999916 0.40492
0.992574 -0.121589 0.00346729 -20.1467 0.121625 0.992486 -0.0133909 -0.583371 -0.00181305 0.0137132 0.999904 0.422859
0.991811 -0.127682 0.00279505 -20.3005 0.127711 0.991662 -0.0172151 -0.592957 -0.000573704 0.017431 0.999848 0.432359
0.991072 -0.133288 0.00335126 -20.4734 0.133329 0.990841 -0.0213742 -0.623518 -0.000471645 0.0216302 0.999766 0.406985
0.990241 -0.139296 0.00444677 -20.6243 0.139361 0.990001 -0.0218196 -0.657149 -0.00136291 0.0222264 0.999752 0.38529
0.98927 -0.146031 0.00447696 -20.8167 0.146091 0.98907 -0.0199708 -0.689685 -0.00151168 0.0204106 0.999791 0.408799
0.988451 -0.151493 0.00388989 -21.0175 0.15154 0.988271 -0.0188898 -0.728487 -0.000982585 0.0192611 0.999814 0.439488
0.987427 -0.158015 0.00431405 -21.1972 0.158069 0.987244 -0.019047 -0.763832 -0.00124931 0.0194895 0.999809 0.440659
0.986116 -0.165968 0.00543343 -21.3799 0.166043 0.985921 -0.0197189 -0.813767 -0.00208424 0.0203473 0.999791 0.434263
0.984766 -0.173785 0.00580349 -21.5805 0.173868 0.984562 -0.0202076 -0.862491 -0.0022021 0.0209088 0.999779 0.432515
0.983431 -0.18116 0.00661783 -21.8227 0.181258 0.983236 -0.0198271 -0.912952 -0.002915 0.0206982 0.999782 0.436183
0.982135 -0.188079 0.00602551 -22.078 0.188162 0.981945 -0.019484 -0.970729 -0.00225219 0.0202697 0.999792 0.444473
0.980917 -0.194344 0.00569469 -22.2956 0.194419 0.98073 -0.0192416 -1.03956 -0.00184547 0.0199815 0.999799 0.451081
0.979106 -0.203261 0.00602413 -22.5327 0.203334 0.978971 -0.0164737 -1.10213 -0.00254898 0.0173544 0.999846 0.463599
0.976973 -0.213213 0.00804252 -22.7829 0.213305 0.976898 -0.0130866 -1.17739 -0.00506648 0.0145007 0.999882 0.471901
0.975068 -0.221724 0.00898892 -23.0365 0.221827 0.975002 -0.0128094 -1.23631 -0.00592407 0.014484 0.999878 0.489281
0.973121 -0.230053 0.010578 -23.3196 0.230181 0.97306 -0.0130868 -1.31151 -0.00728233 0.0151698 0.999858 0.493249
0.970979 -0.238933 0.0105291 -23.5934 0.239058 0.97092 -0.012878 -1.39027 -0.00714594 0.0150213 0.999862 0.48615
0.968454 -0.248973 0.0104817 -23.8501 0.24909 0.968406 -0.0120176 -1.46543 -0.00715852 0.0142494 0.999873 0.48437
0.965773 -0.25918 0.0104155 -24.105 0.25928 0.965753 -0.00976223 -1.53976 -0.00752865 0.0121286 0.999898 0.485938
0.963138 -0.268807 0.0103633 -24.4136 0.268846 0.96318 -0.00252085 -1.63026 -0.00930413 0.00521407 0.999943 0.503602
0.960581 -0.27781 0.010293 -24.7107 0.277809 0.960635 0.0015482 -1.73501 -0.0103179 0.00137232 0.999946 0.528811
0.957737 -0.287453 0.0105467 -25.011 0.287384 0.957785 0.00760579 -1.82535 -0.0122878 -0.00425339 0.999915 0.531322
0.954498 -0.298049 0.00997174 -25.3088 0.297883 0.954479 0.0153138 -1.94182 -0.0140821 -0.0116466 0.999833 0.540881
0.951724 -0.30682 0.00909184 -25.6187 0.30664 0.951673 0.0170262 -2.05226 -0.0138764 -0.0134163 0.999814 0.586794
0.949039 -0.315001 0.00993927 -25.9343 0.314849 0.949033 0.0143781 -2.17704 -0.0139618 -0.010516 0.999847 0.606793
0.946252 -0.323174 0.0128713 -26.24 0.32312 0.946338 0.00619309 -2.29289 -0.014182 -0.00170127 0.999898 0.594455
0.944175 -0.329105 0.0149735 -26.5342 0.329084 0.944293 0.00391466 -2.41906 -0.0154277 0.00123142 0.99988 0.560007
0.942545 -0.333722 0.0154713 -26.8823 0.333664 0.942671 0.00625595 -2.52826 -0.0166721 -0.000734305 0.999861 0.565544
0.940792 -0.338696 0.0139425 -27.2127 0.338588 0.940886 0.00960786 -2.64513 -0.0163725 -0.00431824 0.999857 0.597569
0.939404 -0.34263 0.0111996 -27.5488 0.342398 0.939372 0.0185361 -2.77124 -0.0168716 -0.0135782 0.999765 0.631836
0.93805 -0.346366 0.00960288 -27.8987 0.346053 0.937888 0.0247535 -2.92139 -0.0175802 -0.0198969 0.999647 0.686677
0.93728 -0.348455 0.00924799 -28.2375 0.348247 0.937216 0.0187297 -3.05801 -0.0151938 -0.0143344 0.999782 0.70134
0.937708 -0.347232 0.0115688 -28.5981 0.347115 0.937758 0.0109616 -3.18909 -0.0146549 -0.00626307 0.999873 0.668909
0.938457 -0.34515 0.0130381 -28.9628 0.345108 0.938547 0.00543347 -3.31885 -0.0141122 -0.000599525 0.9999 0.637811
0.939285 -0.342944 0.0115652 -29.3347 0.342913 0.939356 0.00462465 -3.44273 -0.0124499 -0.000377994 0.999922 0.649543
0.940788 -0.338871 0.00916921 -29.6874 0.338812 0.940825 0.00738392 -3.56122 -0.0111288 -0.00384007 0.999931 0.681579
0.94263 -0.333724 0.00873329 -30.0435 0.333645 0.942652 0.00936225 -3.68461 -0.0113569 -0.00591132 0.999918 0.719721
0.944991 -0.326928 0.0105081 -30.4171 0.32685 0.945038 0.00854612 -3.80721 -0.0127245 -0.00464144 0.999908 0.731968
0.947716 -0.318877 0.0123605 -30.835 0.318804 0.947791 0.0075391 -3.92872 -0.0141192 -0.00320435 0.999895 0.727941
0.950152 -0.311503 0.0132921 -31.2453 0.311436 0.950242 0.00690582 -4.05911 -0.0147819 -0.00242195 0.999888 0.743712
0.952512 -0.304209 0.0133357 -31.6379 0.304147 0.952603 0.00649764 -4.19505 -0.0146802 -0.00213308 0.99989 0.764006
0.955502 -0.294708 0.0127764 -32.033 0.294649 0.955585 0.00633146 -4.29927 -0.0140749 -0.00228517 0.999898 0.778156
0.958612 -0.284465 0.0119735 -32.4481 0.284412 0.958684 0.00597707 -4.39739 -0.013179 -0.0023243 0.99991 0.786356
0.961504 -0.274543 0.011691 -32.883 0.274494 0.961572 0.00564709 -4.49513 -0.0127921 -0.00222058 0.999916 0.793804
0.964143 -0.265169 0.0106731 -33.2896 0.265112 0.964196 0.00641009 -4.60417 -0.0119907 -0.00335067 0.999922 0.814098
0.96719 -0.253858 0.00993103 -33.7313 0.253811 0.967237 0.00573354 -4.70251 -0.0110612 -0.00302482 0.999934 0.84016
0.970215 -0.242071 0.00916506 -34.1678 0.242035 0.970255 0.00483077 -4.79392 -0.0100618 -0.00246862 0.999946 0.843691
0.972869 -0.231182 0.00895664 -34.6051 0.231151 0.972908 0.00442888 -4.88376 -0.00973786 -0.00223839 0.99995 0.845602
0.975391 -0.220302 0.00894466 -35.0612 0.220264 0.975427 0.00506328 -4.95889 -0.00984032 -0.00296849 0.999947 0.853971
0.977807 -0.209314 0.00896492 -35.5102 0.20927 0.977842 0.00565946 -5.04885 -0.00995088 -0.00365777 0.999944 0.897311
0.980289 -0.197362 0.00908207 -35.9625 0.19732 0.980324 0.00538312 -5.1221 -0.0099658 -0.00348494 0.999944 0.914902
0.982636 -0.185308 0.00933848 -36.4321 0.185277 0.982678 0.00402354 -5.18357 -0.00992231 -0.00222347 0.999948 0.911978
0.984781 -0.173543 0.00941428 -36.9034 0.173521 0.984825 0.00319091 -5.26438 -0.00982518 -0.00150877 0.999951 0.920315
0.986764 -0.161895 0.00930051 -37.3761 0.16187 0.986806 0.00342536 -5.33011 -0.00973235 -0.00187455 0.999951 0.932945
0.988563 -0.150612 0.0076814 -37.8725 0.150585 0.988589 0.00389914 -5.38006 -0.00818101 -0.00269784 0.999963 0.932312
0.990163 -0.139782 0.00618387 -38.363 0.139753 0.990174 0.00487299 -5.42754 -0.00680426 -0.00396084 0.999969 0.955646
0.99174 -0.128161 0.00510282 -38.8516 0.128129 0.991738 0.0062523 -5.4763 -0.00586196 -0.00554684 0.999967 0.991211
0.992973 -0.118245 0.00474669 -39.3421 0.118212 0.992966 0.00662595 -5.52925 -0.00549679 -0.00601827 0.999967 1.0041
0.994085 -0.108534 0.00380928 -39.854 0.108508 0.994075 0.00641128 -5.57918 -0.00448255 -0.00596003 0.999972 1.01764
0.994949 -0.100289 0.00430872 -40.3816 0.100261 0.994941 0.00629116 -5.61263 -0.00491786 -0.00582739 0.999971 1.0164
0.995657 -0.0929581 0.00505247 -40.8899 0.0929199 0.995647 0.0073341 -5.64236 -0.00571224 -0.00683277 0.99996 1.02252
0.996255 -0.0863219 0.0049563 -41.4137 0.0862793 0.996237 0.00824417 -5.67323 -0.0056493 -0.00778567 0.999954 1.03987
0.996745 -0.0805174 0.0041125 -41.9248 0.0804768 0.996714 0.00924341 -5.72279 -0.00484324 -0.00888236 0.999949 1.04669
0.99727 -0.0737912 0.00270583 -42.4639 0.0737584 0.997219 0.0106943 -5.74377 -0.00348745 -0.0104656 0.999939 1.07826
0.997687 -0.0679542 0.00145054 -43.0277 0.0679336 0.997626 0.0113009 -5.76937 -0.00221503 -0.0111762 0.999935 1.09001
0.997975 -0.0636113 7.04422e-05 -43.5792 0.0636079 0.997932 0.00928572 -5.80841 -0.000660973 -0.00926244 0.999957 1.09028
0.998168 -0.0605046 0.000267083 -44.0907 0.0605007 0.998139 0.00767259 -5.82028 -0.000730813 -0.00764237 0.999971 1.09797
0.998369 -0.0570663 0.0013686 -44.6347 0.0570563 0.99835 0.00647396 -5.85094 -0.00173579 -0.00638531 0.999978 1.11967
0.998481 -0.0550687 0.0020027 -45.2084 0.0550553 0.998464 0.00622949 -5.88951 -0.00234268 -0.00610977 0.999979 1.12446
0.998571 -0.0533751 0.00250879 -45.7668 0.0533593 0.998557 0.00597595 -5.91365 -0.00282414 -0.00583355 0.999979 1.1294
0.99862 -0.0524282 0.00291682 -46.3205 0.0524105 0.998609 0.00582997 -5.93366 -0.00321841 -0.00566906 0.999979 1.15309
0.998684 -0.0511958 0.00319218 -46.9047 0.0511795 0.998677 0.00500092 -5.96178 -0.00344398 -0.00483096 0.999982 1.16483
0.998698 -0.0509332 0.00298317 -47.4883 0.05092 0.998693 0.00434132 -5.99579 -0.00320039 -0.00418376 0.999986 1.18721
0.998671 -0.0514219 0.00349487 -48.0569 0.0514099 0.998672 0.00343773 -6.03012 -0.00366701 -0.00325349 0.999988 1.20765
0.998641 -0.051961 0.00390502 -48.624 0.0519485 0.998645 0.0032356 -6.0554 -0.00406785 -0.00302834 0.999987 1.22067
0.998591 -0.0528709 0.00454031 -49.1908 0.0528506 0.998592 0.0044675 -6.09048 -0.00477012 -0.00422125 0.99998 1.22784
0.998562 -0.0535215 0.00310691 -49.7772 0.0535039 0.998552 0.00549875 -6.11734 -0.00339671 -0.00532461 0.99998 1.24693
0.998564 -0.0535145 0.00264004 -50.3521 0.0534996 0.998553 0.00543602 -6.14638 -0.00292713 -0.00528697 0.999982 1.26248
0.998545 -0.0537968 0.00375027 -50.933 0.0537779 0.998541 0.00497035 -6.17779 -0.00401218 -0.00476143 0.999981 1.27693
0.998485 -0.0547372 0.0055724 -51.5119 0.0547099 0.99849 0.00494463 -6.21249 -0.00583465 -0.00463228 0.999972 1.28319
0.998423 -0.0558171 0.00607916 -52.0871 0.0557831 0.998427 0.00561974 -6.24273 -0.00638327 -0.00527176 0.999966 1.28487
0.998377 -0.056638 0.00594577 -52.6761 0.0565923 0.998368 0.00760022 -6.27687 -0.00636653 -0.0072514 0.999953 1.30792
0.99835 -0.0571837 0.00515092 -53.2649 0.0571357 0.998326 0.00902807 -6.3065 -0.00565856 -0.00871887 0.999946 1.35239
0.998332 -0.057571 0.00439998 -53.8416 0.0575295 0.998303 0.00904074 -6.33635 -0.00491299 -0.00877253 0.999949 1.38601
0.998285 -0.058304 0.0052944 -54.4159 0.0582641 0.998274 0.00741395 -6.38768 -0.00571752 -0.00709276 0.999959 1.37994
0.998226 -0.0591563 0.0067779 -55.0051 0.0591075 0.998226 0.00717995 -6.41299 -0.00719061 -0.00676658 0.999951 1.36764
0.998183 -0.0598746 0.00675039 -55.5981 0.0598226 0.99818 0.00766219 -6.44752 -0.00719687 -0.00724444 0.999948 1.38748
0.998169 -0.0601387 0.00652149 -56.1951 0.0600821 0.998157 0.00855126 -6.47537 -0.00702373 -0.00814377 0.999942 1.41297
0.998112 -0.061066 0.00658628 -56.7947 0.0610004 0.99809 0.00973572 -6.51782 -0.00716822 -0.00931557 0.999931 1.46227
0.998076 -0.0617215 0.00595351 -57.3926 0.0616657 0.998055 0.00914135 -6.54776 -0.00650615 -0.00875663 0.99994 1.4803
0.998039 -0.0622386 0.00670539 -57.9802 0.0621929 0.998041 0.00682191 -6.59681 -0.00711684 -0.00639151 0.999954 1.49086
0.997997 -0.0627018 0.00840083 -58.5742 0.0626642 0.998024 0.00467321 -6.64034 -0.00867724 -0.00413742 0.999954 1.48373
0.997918 -0.0638132 0.00935534 -59.175 0.0637845 0.997958 0.00333701 -6.68617 -0.00954918 -0.00273334 0.999951 1.49166
0.997899 -0.0640681 0.00968025 -59.7597 0.0640367 0.997941 0.00351437 -6.71996 -0.00988548 -0.0028871 0.999947 1.52157
0.997879 -0.0642682 0.010302 -60.3745 0.0642247 0.997925 0.0044998 -6.75288 -0.0105698 -0.00382861 0.999937 1.55664
0.997837 -0.0648267 0.0108823 -61.0003 0.0647789 0.997889 0.00468649 -6.79347 -0.0111632 -0.00397141 0.99993 1.59115
0.997787 -0.0657456 0.0098903 -61.6042 0.065712 0.997832 0.00369047 -6.83631 -0.0101115 -0.00303239 0.999944 1.60678
0.997707 -0.0668685 0.0104516 -62.2103 0.0668422 0.99776 0.00284144 -6.87339 -0.0106182 -0.00213631 0.999941 1.61271
0.997603 -0.0682932 0.0111094 -62.8254 0.0682678 0.997664 0.00264885 -6.91555 -0.0112643 -0.00188409 0.999935 1.62437
0.997447 -0.0705757 0.0108933 -63.4321 0.070547 0.997504 0.00300143 -6.95052 -0.0110779 -0.00222528 0.999936 1.64804
0.997208 -0.0738564 0.0109792 -64.0469 0.0738047 0.99726 0.00504804 -7.01319 -0.011322 -0.00422363 0.999927 1.68211
0.996914 -0.0776823 0.011314 -64.6644 0.0776117 0.996962 0.00654894 -7.04901 -0.0117884 -0.00565063 0.999915 1.71698
0.996576 -0.0817373 0.0124357 -65.2851 0.0816533 0.996635 0.00711992 -7.11057 -0.0129758 -0.00608013 0.999897 1.73188
0.996267 -0.085359 0.0128629 -65.898 0.0852809 0.996336 0.00650172 -7.16349 -0.0133707 -0.00538049 0.999896 1.74865
0.995942 -0.0891035 0.0126612 -66.5056 0.0890321 0.99601 0.00609684 -7.22915 -0.013154 -0.00494484 0.999901 1.76345
0.995518 -0.0938299 0.0118082 -67.1305 0.0937615 0.995575 0.00621518 -7.29112 -0.0123392 -0.00508016 0.999911 1.79115
0.995094 -0.0984131 0.0101449 -67.7464 0.0983446 0.995128 0.00703706 -7.3612 -0.010788 -0.00600484 0.999924 1.80845
0.994617 -0.103289 0.00821497 -68.3505 0.10323 0.99463 0.0073629 -7.41626 -0.00893137 -0.00647524 0.999939 1.82429
0.994114 -0.108113 0.0069336 -68.9498 0.108063 0.994118 0.00722968 -7.49259 -0.00767444 -0.00643786 0.99995 1.84976
0.993487 -0.113725 0.00714317 -69.563 0.113668 0.993487 0.00789122 -7.56368 -0.00799408 -0.00702787 0.999943 1.8742
0.992866 -0.118914 0.0087315 -70.1712 0.118858 0.992889 0.0066643 -7.64858 -0.00946189 -0.00557895 0.99994 1.90747
0.99223 -0.124001 0.0101644 -70.7626 0.123954 0.992275 0.00508484 -7.72949 -0.0107164 -0.0037854 0.999935 1.91832
0.991453 -0.13006 0.010296 -71.3708 0.130025 0.991503 0.00400074 -7.81274 -0.0107289 -0.0026278 0.999939 1.92743
0.99064 -0.136147 0.00982332 -71.9695 0.136111 0.990684 0.00426947 -7.88755 -0.0103131 -0.00289245 0.999943 1.93901
0.989738 -0.14263 0.0087094 -72.5767 0.142585 0.989767 0.00556114 -7.99337 -0.00941346 -0.00426224 0.999947 1.96357
0.988666 -0.149939 0.00766849 -73.1637 0.149879 0.988674 0.00777946 -8.08607 -0.00874807 -0.00654194 0.99994 1.98969
0.987685 -0.156299 0.00693891 -73.7436 0.156241 0.987685 0.00816332 -8.19511 -0.00812937 -0.00697865 0.999943 2.01846
0.986684 -0.16248 0.00746215 -74.3457 0.162423 0.986691 0.0076955 -8.28836 -0.0086132 -0.006381 0.999943 2.02456
0.985687 -0.168437 0.00704802 -74.9296 0.168384 0.985693 0.00748717 -8.3987 -0.0082083 -0.00619324 0.999947 2.03229
0.984472 -0.175424 0.00636542 -75.5141 0.175368 0.984466 0.00850109 -8.50407 -0.00775784 -0.0072528 0.999944 2.05148
0.983287 -0.181979 0.00551081 -76.0881 0.181918 0.983262 0.0101144 -8.61607 -0.00725916 -0.0089428 0.999934 2.08947
0.982055 -0.188516 0.00538033 -76.6605 0.188435 0.982001 0.0128902 -8.7213 -0.0077135 -0.011645 0.999902 2.11519
0.980826 -0.19482 0.0050298 -77.2332 0.194739 0.980764 0.0133429 -8.8469 -0.00753251 -0.0121076 0.999898 2.14872
0.979595 -0.200913 0.00523917 -77.8136 0.200837 0.979546 0.0123953 -8.9776 -0.00762239 -0.0110902 0.999909 2.14791
0.978327 -0.207002 0.0051036 -78.4038 0.206928 0.978279 0.012334 -9.10029 -0.00754591 -0.0110107 0.999911 2.14388
0.976989 -0.213248 0.00422115 -78.9515 0.213183 0.976935 0.0123175 -9.23036 -0.00675047 -0.0111342 0.999915 2.18076
0.975538 -0.219787 0.0044691 -79.5089 0.219717 0.975483 0.0125496 -9.36555 -0.00711777 -0.0112607 0.999911 2.20572
0.974217 -0.225573 0.00429026 -80.0534 0.225509 0.974167 0.0120397 -9.50047 -0.00689525 -0.0107618 0.999918 2.21158
0.972877 -0.231297 0.00347528 -80.6107 0.231247 0.972833 0.0109524 -9.64904 -0.00591412 -0.00985165 0.999934 2.23218
0.971339 -0.237675 0.00339004 -81.1707 0.237629 0.9713 0.0104703 -9.79269 -0.00578128 -0.00936463 0.999939 2.24019
0.969845 -0.243694 0.00377695 -81.7163 0.243642 0.969805 0.0107724 -9.93743 -0.00628808 -0.00952735 0.999935 2.26082
0.968178 -0.250203 0.00546833 -82.2572 0.250123 0.968137 0.0122527 -10.0752 -0.00835975 -0.010495 0.99991 2.28387
0.966456 -0.256737 0.00700163 -82.7756 0.256635 0.966423 0.0128646 -10.2168 -0.0100694 -0.0106362 0.999893 2.31698
0.964589 -0.263638 0.0080126 -83.3021 0.263535 0.964576 0.0119586 -10.3678 -0.0108815 -0.0094235 0.999896 2.34135
0.962926 -0.269646 0.00798518 -83.8312 0.269566 0.962932 0.00981574 -10.5236 -0.010336 -0.00729929 0.99992 2.34846
0.961103 -0.276117 0.00627149 -84.3616 0.276069 0.961108 0.00755437 -10.6896 -0.00811347 -0.00552917 0.999952 2.35451
0.959055 -0.283204 0.00313342 -84.8783 0.283181 0.959047 0.00618233 -10.8502 -0.00475595 -0.00504187 0.999976 2.37701
0.957081 -0.289818 0.00136893 -85.3922 0.289808 0.957073 0.00482626 -11.0179 -0.0027089 -0.0042224 0.999987 2.4062
0.95512 -0.296217 0.00125377 -85.907 0.296209 0.955112 0.00472746 -11.1894 -0.00259785 -0.00414391 0.999988 2.41042
0.953031 -0.302869 0.001204 -86.4075 0.302862 0.953024 0.00438536 -11.3454 -0.00247564 -0.00381473 0.99999 2.42725
0.951005 -0.309171 0.0013166 -86.9025 0.309162 0.950998 0.00471264 -11.524 -0.0027091 -0.0040747 0.999988 2.43153
0.948782 -0.315929 0.00150491 -87.402 0.315916 0.94877 0.00571619 -11.6837 -0.00323373 -0.00494799 0.999983 2.44037
0.946397 -0.323002 -0.00168197 -87.8998 0.323004 0.946361 0.00830157 -11.858 -0.00108967 -0.00839986 0.999964 2.43764
0.944141 -0.329479 -0.0065095 -88.376 0.329526 0.944109 0.00839642 -12.0443 0.00337924 -0.0100724 0.999944 2.53094
0.941873 -0.335928 -0.00528794 -88.8664 0.335927 0.941887 -0.00104299 -12.2456 0.00533102 -0.000794003 0.999985 2.54207
0.939241 -0.343258 -0.00033383 -89.3618 0.343254 0.939235 -0.0037441 -12.421 0.00159874 0.00340203 0.999993 2.45892
0.936108 -0.351705 0.00228672 -89.8334 0.351707 0.93611 -0.000667182 -12.5998 -0.00190597 0.00142881 0.999997 2.4571
0.932908 -0.36011 0.00192004 -90.3029 0.360088 0.932891 0.00714806 -12.7944 -0.00436527 -0.0059771 0.999973 2.48796
0.92951 -0.368796 0.000390515 -90.7624 0.368756 0.929423 0.0138391 -12.9767 -0.00546678 -0.0127196 0.999904 2.57871
0.926796 -0.375564 0.000748612 -91.2126 0.375533 0.926742 0.011094 -13.1733 -0.00486027 -0.0100007 0.999938 2.63427
