1 0 0 0 0 1 0 0 0 0 1 0
1 -4.36073e-05 6.67487e-05 0.00101144 4.36079e-05 1 -9.51091e-06 0.00243032 -6.67483e-05 9.51382e-06 1 -0.00193725
1 4.29521e-05 1.63877e-05 0.00596156 -4.29525e-05 1 2.28577e-05 -0.000279702 -1.63868e-05 -2.28584e-05 1 -0.00270931
1 0.000125623 -1.2327e-05 0.00802597 -0.000125623 1 -1.77415e-06 -0.00529601 1.23268e-05 1.7757e-06 1 7.235e-06
1 -1.16438e-05 3.24204e-05 -0.00443383 1.16443e-05 1 -1.73449e-05 -0.00378622 -3.24202e-05 1.73452e-05 1 -0.000612072
1 8.4667e-06 9.88051e-06 -0.0054055 -8.46655e-06 1 -1.58889e-05 -0.00273068 -9.88064e-06 1.58888e-05 1 -7.08704e-06
1 5.78738e-05 -2.83109e-05 -0.00445481 -5.78753e-05 1 -5.0571e-05 -0.000269749 2.83079e-05 5.05726e-05 1 0.00210381
1 3.48631e-05 -2.10076e-05 0.00153821 -3.48628e-05 1 1.6751e-05 -0.00119504 2.10081e-05 -1.67503e-05 1 -0.00109659
1 4.40865e-05 -1.52947e-05 0.00379899 -4.40864e-05 1 8.72402e-06 -0.00308385 1.52951e-05 -8.72334e-06 1 -0.000868995
1 2.09086e-06 -2.02885e-05 -0.000379396 -2.09037e-06 1 2.4011e-05 -0.00026618 2.02886e-05 -2.4011e-05 1 -0.000998032
1 4.66219e-05 -3.54662e-06 -0.00130031 -4.66217e-05 1 5.85742e-05 -0.00443284 3.54935e-06 -5.8574e-05 1 -0.00177141
1 8.18253e-05 1.48543e-05 0.000921498 -8.18245e-05 1 -5.41601e-05 -0.00262485 -1.48588e-05 5.41589e-05 1 0.000355179
1 4.4821e-06 -3.59964e-06 0.00192965 -4.48205e-06 1 1.48902e-05 -0.000479743 3.59971e-06 -1.48902e-05 1 -0.000442836
1 3.94193e-05 -2.3276e-05 0.00248455 -3.94195e-05 1 -9.31621e-06 0.000933001 2.32757e-05 9.31713e-06 1 -7.61233e-05
1 -2.01117e-07 -2.64706e-05 -0.000952337 2.01602e-07 1 1.83273e-05 0.00110892 2.64706e-05 -1.83273e-05 1 -0.000408602
1 2.16026e-06 -2.23753e-05 0.00203196 -2.1611e-06 1 -3.75657e-05 0.0014766 2.23753e-05 3.75657e-05 1 0.000833253
1 -1.22576e-06 4.24368e-06 -0.000127524 1.22588e-06 1 -2.77881e-05 0.00197046 -4.24365e-06 2.77881e-05 1 0.000424381
1 2.46825e-05 7.11408e-06 0.00147166 -2.46826e-05 1 1.9667e-05 -0.00098891 -7.11359e-06 -1.96672e-05 1 -0.00141677
1 4.29731e-05 1.69182e-07 0.00239221 -4.29731e-05 1 4.71718e-05 -0.00313908 -1.67155e-07 -4.71719e-05 1 -0.000942596
1 -4.07447e-05 -7.99553e-06 -0.00254591 4.07446e-05 1 -1.56707e-05 0.00253413 7.99617e-06 1.56703e-05 1 0.00101863
1 3.14661e-05 5.36958e-06 -0.00016686 -3.14661e-05 1 2.23253e-06 -0.00032918 -5.36951e-06 -2.2327e-06 1 -3.26651e-05
1 5.3313e-05 3.20632e-05 -0.001513 -5.33117e-05 1 -4.28482e-05 -0.00132222 -3.20655e-05 4.28464e-05 1 -0.000488833
1 5.35916e-05 2.72734e-06 0.00433445 -5.35916e-05 1 -5.23669e-06 -0.00188661 -2.72762e-06 5.23655e-06 1 0.000117289
1 4.5119e-05 -6.98977e-06 0.000952511 -4.51191e-05 1 -2.01725e-05 -0.000792475 6.98886e-06 2.01728e-05 1 0.000240414
1 0.000107006 -3.77438e-05 0.00601215 -0.000107006 1 1.17345e-05 -0.00206995 3.77451e-05 -1.17305e-05 1 0.000529126
1 0.000128452 -5.32999e-05 0.00576829 -0.000128451 1 1.59097e-05 -0.00826711 5.3302e-05 -1.59029e-05 1 0.000729029
1 5.61772e-05 -3.52214e-05 -0.000799369 -5.61775e-05 1 -8.32988e-06 -0.0042567 3.5221e-05 8.33186e-06 1 0.00150031
1 3.06633e-05 1.04255e-05 -0.00179423 -3.0663e-05 1 -2.88029e-05 -0.00313549 -1.04264e-05 2.88026e-05 1 9.43823e-05
1 3.18792e-05 -8.45136e-06 -0.00156212 -3.1879e-05 1 2.16084e-05 -0.00556504 8.45205e-06 -2.16082e-05 1 -0.00107902
1 9.7559e-05 -3.94446e-05 0.00663664 -9.75593e-05 1 -6.92061e-06 -0.00513368 3.9444e-05 6.92446e-06 1 -0.00098512
1 8.48481e-05 -1.4436e-05 0.00394163 -8.48482e-05 1 -1.14242e-05 -0.00363278 1.44351e-05 1.14255e-05 1 -0.00072452
1 9.76266e-05 -7.12455e-06 -0.000498633 -9.76269e-05 1 -3.53027e-05 -0.0012059 7.1211e-06 3.53034e-05 1 0.000806668
1 3.50032e-05 1.66919e-05 0.00425644 -3.50032e-05 1 5.85242e-07 0.00377481 -1.66919e-05 -5.85826e-07 1 -0.0012703
1 3.74766e-05 -6.47711e-06 0.00345497 -3.74766e-05 1 2.18245e-06 -0.000855398 6.47719e-06 -2.18221e-06 1 -0.000990124
1 7.00004e-05 -1.81676e-05 -0.000676555 -7.00003e-05 1 9.3932e-06 -0.00495657 1.81682e-05 -9.39193e-06 1 0.00047748
1 0.00010123 -1.74615e-05 0.00426113 -0.00010123 1 1.35575e-05 -0.00243537 1.74629e-05 -1.35557e-05 1 -0.00043781
1 6.35053e-05 -2.57162e-05 0.000896914 -6.35053e-05 1 -4.21756e-07 -0.00269201 2.57162e-05 4.23389e-07 1 0.000701321
1 5.6379e-05 -4.65617e-05 0.00127599 -5.63784e-05 1 1.29101e-05 -0.00409236 4.65624e-05 -1.29075e-05 1 0.0015373
1 2.4032e-07 -2.68085e-05 0.00374571 -2.40633e-07 1 -1.16755e-05 0.000108543 2.68085e-05 1.16755e-05 1 -8.51237e-05
1 4.28051e-05 -1.11551e-05 0.00923627 -4.28055e-05 1 -3.58166e-05 -0.000647961 1.11536e-05 3.58171e-05 1 9.51459e-05
1 0.000153175 -4.6412e-05 0.0202845 -0.000153174 1 3.52612e-05 -0.00340847 4.64174e-05 -3.52541e-05 1 0.00124386
1 0.000321673 -3.41205e-05 0.0304269 -0.000321674 1 -4.71544e-05 -0.00329502 3.41054e-05 4.71654e-05 1 0.00552276
1 0.000145279 3.98693e-05 0.0190319 -0.000145274 1 -0.000134422 -0.00260467 -3.98889e-05 0.000134417 1 0.00521253
1 0.000224343 6.90395e-05 0.00310439 -0.000224334 1 -0.000123575 -0.012179 -6.90672e-05 0.00012356 1 0.00395802
1 0.000153206 5.88658e-05 -0.0188128 -0.0001532 1 -9.3654e-05 -0.00825712 -5.88802e-05 9.3645e-05 1 0.00395329
1 5.73179e-05 3.86914e-05 -0.0305816 -5.73161e-05 1 -4.65237e-05 -0.00453469 -3.86941e-05 4.65215e-05 1 0.00235149
1 3.22142e-05 3.72827e-05 -0.0424447 -3.22144e-05 1 6.35467e-06 -0.00615506 -3.72825e-05 -6.35587e-06 1 0.00315809
1 -7.39969e-05 0.000137394 -0.0700804 7.40081e-05 1 -8.16305e-05 -0.00880802 -0.000137388 8.16407e-05 1 0.00276925
1 -2.54889e-05 0.000171603 -0.0917918 2.55209e-05 1 -0.000186961 -0.00935971 -0.000171598 0.000186966 1 0.00462766
1 1.19253e-05 0.00018542 -0.124676 -1.18841e-05 1 -0.000222187 -0.0147609 -0.000185423 0.000222184 1 0.00833341
1 7.29298e-05 0.000219136 -0.153161 -7.28884e-05 1 -0.000188928 -0.0203952 -0.00021915 0.000188912 1 0.0105838
1 -0.00019066 0.00031346 -0.195029 0.00019073 1 -0.000223721 -0.0205181 -0.000313417 0.00022378 1 0.0113438
1 -0.000453981 0.000455681 -0.253714 0.000454126 1 -0.000319138 -0.0199361 -0.000455536 0.000319345 1 0.012552
0.999999 -0.00110706 0.000724812 -0.330214 0.00110737 0.999999 -0.00041905 -0.0156698 -0.000724347 0.000419852 1 0.0138801
0.999998 -0.00167517 0.000854697 -0.398407 0.00167563 0.999998 -0.000536619 -0.00446401 -0.000853797 0.000538051 0.999999 0.0162889
0.999997 -0.00217862 0.000939965 -0.46097 0.00217915 0.999997 -0.00057197 0.000246892 -0.000938716 0.000574016 0.999999 0.0205503
0.999997 -0.00217816 0.00105723 -0.514182 0.00217892 0.999997 -0.000712145 -0.00651295 -0.00105568 0.000714446 0.999999 0.0257985
0.999996 -0.00254373 0.00119434 -0.60717 0.00254445 0.999997 -0.000605939 -0.0163602 -0.00119279 0.000608976 0.999999 0.025282
0.999994 -0.00329606 0.00134626 -0.711866 0.00329691 0.999994 -0.000625043 -0.0222144 -0.0013442 0.000629478 0.999999 0.0283194
0.999989 -0.00434548 0.00151189 -0.830385 0.00434659 0.99999 -0.000731001 -0.00900631 -0.0015087 0.000737565 0.999999 0.0318255
0.999987 -0.0047842 0.00177967 -0.926818 0.0047857 0.999988 -0.000839575 -0.0160115 -0.00177563 0.000848081 0.999998 0.0340985
0.999984 -0.00535212 0.00198231 -1.04087 0.0053538 0.999985 -0.0008406 -0.0152407 -0.00197778 0.000851199 0.999998 0.0370829
0.999979 -0.00619142 0.00211032 -1.17688 0.00619376 0.99998 -0.00110056 -0.0185932 -0.00210347 0.00111361 0.999997 0.0425777
0.999971 -0.00724054 0.00222839 -1.31819 0.00724353 0.999973 -0.00133366 -0.0327664 -0.00221868 0.00134976 0.999997 0.040792
0.999961 -0.00852406 0.00208603 -1.47712 0.00852628 0.999963 -0.00106029 -0.0426492 -0.00207691 0.00107804 0.999997 0.047842
0.999954 -0.0093657 0.002115 -1.64292 0.00936797 0.999956 -0.00106954 -0.0459744 -0.00210489 0.00108931 0.999997 0.0506732
0.999945 -0.0103126 0.00212125 -1.81681 0.0103154 0.999946 -0.00131129 -0.0339386 -0.00210761 0.0013331 0.999997 0.0528932
0.999942 -0.0106295 0.00191508 -1.98877 0.0106322 0.999942 -0.00140764 -0.0407939 -0.0019 0.00142792 0.999997 0.052057
0.999935 -0.0112847 0.00179298 -2.18922 0.011287 0.999935 -0.00127822 -0.0355816 -0.00177844 0.00129837 0.999998 0.0606157
0.999934 -0.0113354 0.00173429 -2.36742 0.0113374 0.999935 -0.00110511 -0.0468064 -0.00172165 0.0011247 0.999998 0.0663847
0.999929 -0.0117221 0.00193476 -2.57167 0.0117244 0.999931 -0.0011602 -0.0469769 -0.00192103 0.0011828 0.999997 0.0732044
0.999926 -0.0120028 0.00196007 -2.77649 0.0120057 0.999927 -0.00147894 -0.0400811 -0.00194218 0.00150236 0.999997 0.0839224
0.999919 -0.0125443 0.00192754 -2.98957 0.0125463 0.999921 -0.0010493 -0.0432558 -0.00191422 0.00107339 0.999998 0.0796945
0.999901 -0.0139542 0.00204381 -3.22746 0.0139555 0.999902 -0.00064513 -0.0418725 -0.00203461 0.000673588 0.999998 0.0695508
0.999896 -0.0142403 0.0024471 -3.45517 0.0142427 0.999898 -0.000948992 -0.0477328 -0.00243334 0.000983746 0.999997 0.0706194
0.999891 -0.0145378 0.00270497 -3.69406 0.0145409 0.999894 -0.00111942 -0.0616887 -0.00268841 0.00115863 0.999996 0.0854997
0.999883 -0.0150023 0.0029215 -3.95224 0.0150062 0.999887 -0.00131856 -0.0763782 -0.00290139 0.00136224 0.999995 0.0981223
0.999867 -0.0159659 0.00321961 -4.22179 0.0159702 0.999872 -0.0013156 -0.0856871 -0.00319819 0.00136684 0.999994 0.106998
0.999861 -0.0163761 0.00327101 -4.49683 0.0163802 0.999865 -0.00122001 -0.0778287 -0.00325059 0.00127342 0.999994 0.109981
0.999852 -0.0168533 0.0034979 -4.77579 0.0168587 0.999857 -0.00151434 -0.0931096 -0.00347188 0.00157309 0.999993 0.123137
0.999846 -0.0171452 0.00370094 -5.06595 0.0171528 0.999851 -0.00205027 -0.100194 -0.00366524 0.00211344 0.999991 0.141898
0.999823 -0.0184422 0.00378057 -5.37625 0.0184511 0.999827 -0.00234696 -0.0872359 -0.00373663 0.0024163 0.99999 0.134093
0.999806 -0.0193298 0.00388668 -5.6933 0.0193393 0.99981 -0.00240965 -0.0922836 -0.00383936 0.00248435 0.99999 0.136935
0.999794 -0.0197016 0.00482571 -6.01333 0.0197154 0.999802 -0.00284195 -0.120616 -0.00476876 0.00293651 0.999984 0.152587
0.999776 -0.020457 0.00542601 -6.34342 0.0204738 0.999786 -0.00305939 -0.129158 -0.00536226 0.00316979 0.999981 0.169307
0.999766 -0.0208988 0.00557928 -6.69783 0.0209188 0.999775 -0.003549 -0.127388 -0.00550386 0.00366489 0.999978 0.176455
0.999746 -0.0218902 0.00531387 -7.05425 0.0219072 0.999755 -0.00316137 -0.127678 -0.00524337 0.00327698 0.999981 0.175679
0.999737 -0.0224896 0.00454401 -7.42737 0.0225011 0.999744 -0.00248444 -0.135644 -0.00448697 0.00258604 0.999987 0.18292
0.999719 -0.0234059 0.00381713 -7.77856 0.0234139 0.999724 -0.00206415 -0.150244 -0.00376776 0.00215295 0.999991 0.20099
0.999697 -0.0242801 0.00393986 -8.1618 0.0242891 0.999702 -0.002256 -0.162159 -0.00388391 0.00235102 0.99999 0.213695
0.999675 -0.0251844 0.00392114 -8.55798 0.0251928 0.99968 -0.00211514 -0.189203 -0.00386662 0.00221324 0.99999 0.204267
0.999643 -0.0263919 0.00406174 -8.9837 0.0264026 0.999648 -0.00260113 -0.191077 -0.00399166 0.00270744 0.999988 0.215566
0.999612 -0.0275467 0.00413525 -9.37565 0.0275555 0.999618 -0.00209475 -0.187022 -0.00407597 0.00220789 0.999989 0.233925
0.999587 -0.0284634 0.00407736 -9.7667 0.0284698 0.999594 -0.00150895 -0.200497 -0.00403275 0.00162441 0.999991 0.259645
0.999535 -0.0301845 0.00423586 -10.2136 0.0301917 0.999543 -0.00164541 -0.227647 -0.00418425 0.00177253 0.99999 0.268024
0.99949 -0.0316541 0.00429087 -10.6722 0.0316619 0.999497 -0.00174118 -0.248281 -0.0042336 0.00187615 0.999989 0.266404
0.999439 -0.0331802 0.0044717 -11.1202 0.0331891 0.999447 -0.00192726 -0.263727 -0.00440528 0.0020746 0.999988 0.278921
0.999383 -0.0348381 0.00455111 -11.5644 0.0348458 0.999391 -0.00163159 -0.280338 -0.0044915 0.00178917 0.999988 0.303204
0.999304 -0.0369475 0.00518679 -12.0428 0.0369562 0.999316 -0.00158615 -0.297353 -0.00512463 0.00177673 0.999985 0.314802
0.999213 -0.0392284 0.00587218 -12.5269 0.0392428 0.999227 -0.0023562 -0.317077 -0.00577521 0.00258479 0.99998 0.32262
0.999111 -0.041714 0.00601561 -13.0217 0.0417296 0.999126 -0.00248586 -0.332164 -0.00590665 0.00273468 0.999979 0.332607
0.999018 -0.0439476 0.00560019 -13.5245 0.0439611 0.999031 -0.00230469 -0.35243 -0.00549347 0.00254862 0.999982 0.343535
0.998937 -0.0457988 0.00515057 -14.0275 0.0458085 0.998949 -0.00177154 -0.376708 -0.00506402 0.0020056 0.999985 0.360553
0.998842 -0.0478558 0.0048724 -14.5411 0.0478603 0.998854 -0.000799101 -0.404307 -0.00482857 0.00103137 0.999988 0.380644
0.998724 -0.0502713 0.00482183 -15.0677 0.0502739 0.998735 -0.000408984 -0.435722 -0.00479517 0.000650874 0.999988 0.403099
0.998618 -0.052317 0.00502724 -15.6028 0.0523227 0.99863 -0.00100622 -0.46901 -0.00496771 0.00126787 0.999987 0.423498
0.998497 -0.0545572 0.00515539 -16.1668 0.0545644 0.998509 -0.00128046 -0.518228 -0.00507785 0.00155984 0.999986 0.430817
0.998315 -0.057728 0.00580623 -16.7344 0.0577408 0.998329 -0.00205975 -0.528187 -0.00567762 0.00239153 0.999981 0.442993
0.998188 -0.0598214 0.00647352 -17.286 0.0598393 0.998205 -0.00260783 -0.559589 -0.00630589 0.00299048 0.999976 0.461393
0.998032 -0.062336 0.00684525 -17.815 0.0623509 0.998052 -0.00199148 -0.610908 -0.00670778 0.00241436 0.999975 0.479762
0.997848 -0.0651952 0.00694956 -18.3918 0.0651986 0.997872 -0.000252647 -0.643842 -0.00691831 0.000705205 0.999976 0.498985
0.997679 -0.0676909 0.00732384 -18.9931 0.067691 0.997706 0.000229112 -0.685741 -0.00732255 0.000267178 0.999973 0.525494
0.997514 -0.0700755 0.00742753 -19.6046 0.0700807 0.997541 -0.000439921 -0.736874 -0.00737843 0.000959354 0.999972 0.52809
0.997344 -0.0724752 0.00727906 -20.1976 0.0724935 0.997366 -0.00227466 -0.777267 -0.00709504 0.0027963 0.999971 0.542078
0.997232 -0.0740164 0.00703966 -20.7888 0.074037 0.997252 -0.00271022 -0.824791 -0.00681971 0.00322392 0.999972 0.554232
0.997109 -0.075787 0.00554236 -21.4151 0.0758033 0.997119 -0.00279568 -0.8704 -0.00531452 0.00320772 0.999981 0.579755
0.996958 -0.0777716 0.00517287 -22.0533 0.0777825 0.996968 -0.00192836 -0.919229 -0.00500721 0.00232485 0.999985 0.606339
0.996831 -0.0793408 0.00570409 -22.6976 0.0793515 0.996845 -0.00167469 -0.973134 -0.00555323 0.00212201 0.999982 0.624623
0.996738 -0.0804723 0.00604855 -23.3498 0.0804906 0.996751 -0.00284295 -1.01516 -0.00580012 0.00332053 0.999978 0.628831
0.996688 -0.0810964 0.00601391 -23.984 0.0811219 0.996696 -0.00412475 -1.08512 -0.00565953 0.00459894 0.999973 0.644061
0.996623 -0.0818785 0.00614861 -24.6549 0.0819098 0.996627 -0.00502269 -1.14427 -0.00571662 0.00550936 0.999968 0.666522
0.996542 -0.0829257 0.00515351 -25.3103 0.0829456 0.996547 -0.00378901 -1.19154 -0.00482151 0.00420337 0.99998 0.685283
0.996435 -0.0842355 0.00455688 -25.9953 0.0842511 0.996439 -0.00336056 -1.23605 -0.00425758 0.00373251 0.999984 0.717413
0.996367 -0.0850622 0.00426045 -26.667 0.0850762 0.996369 -0.00320465 -1.29843 -0.00397239 0.00355547 0.999986 0.735818
0.996323 -0.0855628 0.00436062 -27.3582 0.0855802 0.996323 -0.00396493 -1.35869 -0.00400533 0.00432353 0.999983 0.758482
0.99627 -0.0861049 0.00560003 -28.0563 0.0861303 0.996274 -0.0044688 -1.42939 -0.00519438 0.00493446 0.999974 0.772664
0.996108 -0.0878475 0.00713114 -28.7575 0.0878812 0.996121 -0.00456418 -1.50009 -0.00670252 0.00517311 0.999964 0.779249
0.996051 -0.0884247 0.00790982 -29.4656 0.0884688 0.996064 -0.00541287 -1.55318 -0.00740005 0.00609127 0.999954 0.810696
0.996072 -0.0882048 0.00771899 -30.196 0.0882502 0.996082 -0.00575365 -1.60724 -0.00718125 0.00641226 0.999954 0.83091
0.996155 -0.0873298 0.00693179 -30.927 0.0873742 0.996155 -0.00638297 -1.66944 -0.00634771 0.00696409 0.999956 0.847801
0.996316 -0.0855878 0.00536516 -31.6623 0.0856323 0.996289 -0.00870846 -1.73509 -0.00459992 0.00913581 0.999948 0.877994
0.996512 -0.083277 0.00543767 -32.4069 0.083326 0.996477 -0.00951514 -1.79368 -0.00462612 0.00993504 0.99994 0.902655
0.996671 -0.0812696 0.00644511 -33.147 0.0813237 0.99665 -0.00863137 -1.86287 -0.00572206 0.00912678 0.999942 0.916409
0.996785 -0.0798192 0.00691608 -33.9126 0.0798702 0.996777 -0.0074472 -1.91379 -0.00629937 0.00797565 0.999948 0.932276
0.996944 -0.0778539 0.00642427 -34.6624 0.0779093 0.996921 -0.00887771 -1.95783 -0.00571332 0.00935109 0.99994 0.962521
0.997118 -0.0756686 0.00552785 -35.4334 0.0757226 0.997075 -0.0103251 -2.01397 -0.0047304 0.010714 0.999931 0.974162
0.997343 -0.072716 0.00436446 -36.2336 0.0727598 0.99729 -0.0108852 -2.07889 -0.00356111 0.0111738 0.999931 0.996916
0.997556 -0.0697403 0.00423089 -37.0265 0.0697791 0.997514 -0.00983408 -2.13007 -0.00353454 0.0101053 0.999943 1.01823
0.997759 -0.0667047 0.005227 -37.7949 0.066752 0.997725 -0.0094636 -2.16753 -0.00458385 0.0097913 0.999942 1.05396
0.997911 -0.0640982 0.00806416 -38.5981 0.0641726 0.997895 -0.0093382 -2.21465 -0.00744862 0.00983619 0.999924 1.07282
0.998064 -0.061385 0.0100304 -39.4093 0.0614841 0.998059 -0.00988389 -2.27296 -0.00940421 0.0104815 0.999901 1.09136
0.998259 -0.0581182 0.0100637 -40.2183 0.0582117 0.998261 -0.00926906 -2.3095 -0.00950746 0.00983874 0.999906 1.10933
0.998452 -0.0550008 0.00832555 -41.0327 0.0550645 0.998454 -0.00762499 -2.34887 -0.0078933 0.00807163 0.999936 1.13266
0.998643 -0.0516609 0.00663755 -41.8631 0.0517068 0.998638 -0.00693368 -2.38604 -0.00627031 0.00726747 0.999954 1.17418
0.998786 -0.0486664 0.00756071 -42.7021 0.0487173 0.99879 -0.00669563 -2.42358 -0.00722571 0.00705584 0.999949 1.19721
0.998901 -0.0457437 0.0102161 -43.5376 0.045813 0.998928 -0.00665307 -2.4572 -0.00990081 0.00711379 0.999926 1.22101
0.999009 -0.042746 0.0123633 -44.377 0.042818 0.999067 -0.00561949 -2.49109 -0.0121116 0.0061433 0.999908 1.24189
0.999145 -0.0394665 0.0123466 -45.2321 0.0395267 0.999208 -0.00466939 -2.50534 -0.0121525 0.00515342 0.999913 1.28723
0.999275 -0.0362183 0.0117497 -46.0981 0.0362622 0.999336 -0.00354186 -2.52632 -0.0116136 0.00396536 0.999925 1.32321
0.9994 -0.0330348 0.0104484 -46.9743 0.0330708 0.999448 -0.00329013 -2.54975 -0.0103339 0.00363369 0.99994 1.35206
0.999502 -0.0300432 0.0096919 -47.841 0.030068 0.999545 -0.00241611 -2.5759 -0.0096149 0.00270632 0.99995 1.36889
0.999565 -0.0277559 0.00997251 -48.7293 0.0277781 0.999612 -0.00209565 -2.6072 -0.00991047 0.00237176 0.999948 1.40542
0.999669 -0.023739 0.00994256 -49.5963 0.0237571 0.999716 -0.00170694 -2.61174 -0.00989922 0.00194258 0.999949 1.42948
0.999736 -0.0204869 0.0104469 -50.4806 0.0205109 0.999787 -0.0021958 -2.61784 -0.0103997 0.00240949 0.999943 1.4586
0.999789 -0.017588 0.0106409 -51.394 0.0176105 0.999843 -0.00201956 -2.6419 -0.0106037 0.00220652 0.999941 1.48466
0.999844 -0.0144385 0.0101825 -52.2975 0.0144514 0.999895 -0.00118986 -2.65254 -0.0101643 0.00133683 0.999947 1.5025
0.999884 -0.011439 0.0100337 -53.1935 0.0114497 0.999934 -0.00100837 -2.66007 -0.0100215 0.00112313 0.999949 1.53788
0.999915 -0.00837504 0.00997642 -54.1072 0.00838397 0.999964 -0.000853465 -2.65457 -0.00996891 0.000937034 0.99995 1.57952
0.999929 -0.00643971 0.00999155 -55.0287 0.00643485 0.999979 0.000518601 -2.65225 -0.00999468 -0.00045427 0.99995 1.61335
0.99994 -0.0057443 0.009307 -55.9597 0.00572502 0.999981 0.00209711 -2.65358 -0.00931887 -0.0020437 0.999954 1.64681
0.999953 -0.00525824 0.00810813 -56.8905 0.00523925 0.999983 0.00236172 -2.65368 -0.00812042 -0.00231913 0.999964 1.67353
0.999945 -0.0062312 0.0084824 -57.8414 0.00622253 0.99998 0.00104793 -2.66038 -0.00848876 -0.000995089 0.999963 1.71217
0.999931 -0.00667482 0.00970248 -58.7788 0.00667139 0.999978 0.000385982 -2.66778 -0.00970484 -0.000321227 0.999953 1.74568
0.999919 -0.00793558 0.00996479 -59.7334 0.00793383 0.999969 0.000215257 -2.67036 -0.00996619 -0.000136181 0.99995 1.75993
0.999924 -0.00815317 0.00925623 -60.6789 0.0081647 0.999966 -0.00120883 -2.66871 -0.00924605 0.00128431 0.999956 1.78623
0.999917 -0.0081725 0.00999089 -61.6436 0.00820856 0.99996 -0.00357373 -2.68966 -0.00996129 0.00365545 0.999944 1.81618
0.999902 -0.00881329 0.010881 -62.6068 0.00887127 0.999947 -0.00529169 -2.71097 -0.0108338 0.0053877 0.999927 1.84593
0.999885 -0.00973782 0.0116004 -63.588 0.00980961 0.999933 -0.00614743 -2.70953 -0.0115397 0.00626052 0.999914 1.87629
0.999885 -0.0103249 0.0111188 -64.5711 0.0104068 0.999919 -0.0073337 -2.71386 -0.0110422 0.00744856 0.999911 1.91552
0.999875 -0.0103782 0.011941 -65.5558 0.0104668 0.999918 -0.00738241 -2.72653 -0.0118634 0.00750647 0.999901 1.94531
0.999871 -0.0102296 0.0123804 -66.5418 0.0103239 0.999918 -0.00757644 -2.72771 -0.0123019 0.00770328 0.999895 1.98944
0.999874 -0.0106734 0.0117351 -67.556 0.0107502 0.999921 -0.0064959 -2.74238 -0.0116649 0.00662124 0.99991 2.02576
0.999882 -0.0100776 0.0115775 -68.5522 0.0101442 0.999932 -0.00570691 -2.74635 -0.0115192 0.00582368 0.999917 2.05642
0.999884 -0.00941318 0.0119417 -69.5478 0.00949613 0.999931 -0.00690862 -2.75417 -0.0118758 0.00702122 0.999905 2.08959
0.999879 -0.00907144 0.0126354 -70.5597 0.00915119 0.999938 -0.00626801 -2.7663 -0.0125778 0.00638288 0.999901 2.10699
0.999903 -0.00939058 0.0102942 -71.5881 0.00941385 0.999953 -0.00221403 -2.76917 -0.0102729 0.00231072 0.999945 2.14363
0.99994 -0.00883034 0.0065436 -72.6009 0.00883506 0.999961 -0.000691928 -2.76692 -0.00653723 0.000749699 0.999978 2.19351
0.999945 -0.00824428 0.0064486 -73.6367 0.0082363 0.999965 0.00126227 -2.77497 -0.00645879 -0.00120909 0.999978 2.23326
0.999914 -0.00777493 0.0105589 -74.6636 0.00776055 0.999969 0.00140197 -2.77876 -0.0105695 -0.0013199 0.999943 2.27132
0.999854 -0.00713716 0.0155031 -75.6834 0.00712007 0.999974 0.00115692 -2.77687 -0.015511 -0.00104637 0.999879 2.29995
0.999803 -0.00749077 0.0183582 -76.7209 0.00745196 0.99997 0.0021812 -2.778 -0.018374 -0.00204397 0.999829 2.33815
0.999801 -0.00740639 0.0185132 -77.7739 0.00734136 0.999967 0.003578 -2.77996 -0.0185391 -0.00344138 0.999822 2.37868
0.999805 -0.00722644 0.0183996 -78.8316 0.00719358 0.999972 0.00185123 -2.78701 -0.0184125 -0.00171851 0.999829 2.44007
0.999825 -0.00705394 0.0172988 -79.891 0.00701037 0.999972 0.00257839 -2.80198 -0.0173165 -0.00245667 0.999847 2.46846
0.999858 -0.00704674 0.0152934 -80.9423 0.00700294 0.999971 0.00291597 -2.80964 -0.0153135 -0.00280846 0.999879 2.5053
0.999879 -0.00721889 0.0137961 -82.0087 0.00718482 0.999971 0.00251779 -2.80648 -0.0138138 -0.00241836 0.999902 2.56742
0.999872 -0.00664685 0.0145387 -83.0906 0.00658526 0.999969 0.00428017 -2.79812 -0.0145667 -0.00418388 0.999885 2.59968
0.999844 -0.00628962 0.0164748 -84.1744 0.00622472 0.999973 0.00398802 -2.80668 -0.0164994 -0.00388485 0.999856 2.65086
0.999786 -0.00570813 0.019872 -85.2279 0.00567605 0.999982 0.00167053 -2.81822 -0.0198812 -0.00155738 0.999801 2.70128
0.999741 -0.0058867 0.0219744 -86.3012 0.00589553 0.999983 -0.000337124 -2.8265 -0.021972 0.000466587 0.999758 2.7392
0.999751 -0.00580203 0.0215618 -87.3842 0.00582699 0.999982 -0.00109517 -2.82749 -0.0215551 0.00122053 0.999767 2.77144
0.999824 -0.00601045 0.01776 -88.5024 0.00601707 0.999982 -0.000319697 -2.83707 -0.0177577 0.000426504 0.999842 2.81289
0.999935 -0.00474757 0.0103741 -89.5928 0.00472577 0.999987 0.00212465 -2.82116 -0.0103841 -0.00207548 0.999944 2.8628
0.99998 -0.00386762 0.00494889 -90.693 0.00385799 0.999991 0.00195395 -2.82139 -0.0049564 -0.00193482 0.999986 2.91796
0.99997 -0.0026205 0.00732602 -91.7764 0.00260487 0.999994 0.00214217 -2.82669 -0.00733159 -0.00212302 0.999971 2.96451
0.999927 -0.00113933 0.0119949 -92.8593 0.00109961 0.999994 0.00331726 -2.82876 -0.0119986 -0.00330382 0.999923 2.98521
0.999915 0.000233967 0.0130483 -93.9362 -0.00026442 0.999997 0.00233216 -2.81662 -0.0130477 -0.00233541 0.999912 3.03163
0.999942 0.00201384 0.0105417 -95.0005 -0.00203013 0.999997 0.00153469 -2.80564 -0.0105385 -0.001556 0.999943 3.07341
0.99996 0.00295404 0.00841031 -96.0832 -0.00296722 0.999994 0.00155497 -2.81182 -0.00840567 -0.00157986 0.999963 3.10964
0.999958 0.00359733 0.00843024 -97.1713 -0.00360935 0.999992 0.00141005 -2.81424 -0.0084251 -0.00144042 0.999963 3.15586
0.999925 0.00505018 0.011148 -98.2137 -0.00505911 0.999987 0.000773368 -2.79192 -0.011144 -0.00082971 0.999938 3.20132
0.999883 0.00642882 0.0138464 -99.2653 -0.00643528 0.999979 0.000422034 -2.78283 -0.0138434 -0.00051109 0.999904 3.24009
0.999857 0.00744333 0.015169 -100.323 -0.00744469 0.999972 3.28932e-05 -2.78352 -0.0151684 -0.000145817 0.999885 3.28179
0.99985 0.00842075 0.0151134 -101.388 -0.00842041 0.999965 -8.61198e-05 -2.76924 -0.0151136 -4.11542e-05 0.999886 3.31717
0.999851 0.0094661 0.0144195 -102.419 -0.00945069 0.999955 -0.00113633 -2.74124 -0.0144296 0.000999891 0.999895 3.36965
0.99985 0.00905432 0.014735 -103.467 -0.00905679 0.999959 0.000100773 -2.73488 -0.0147335 -0.00023421 0.999891 3.41315
0.999851 0.00768993 0.0154573 -104.516 -0.00769287 0.99997 0.000130389 -2.73984 -0.0154558 -0.00024928 0.999881 3.45066
0.999854 0.00739128 0.0153914 -105.557 -0.00736546 0.999971 -0.00173335 -2.73068 -0.0154038 0.00161974 0.99988 3.50655
0.999855 0.00726289 0.01542 -106.596 -0.00722374 0.999971 -0.0025931 -2.70863 -0.0154384 0.00248133 0.999878 3.53496
0.999873 0.0070424 0.0142671 -107.628 -0.00699848 0.999971 -0.00312632 -2.69731 -0.0142887 0.00302607 0.999893 3.57537
0.999899 0.00654404 0.0126056 -108.657 -0.00650666 0.999974 -0.00300432 -2.69158 -0.0126249 0.00292199 0.999916 3.61692
0.999915 0.00558992 0.0117975 -109.679 -0.00556362 0.999982 -0.00226085 -2.69502 -0.0118099 0.00219502 0.999928 3.66871
0.999917 0.00416566 0.0121588 -110.697 -0.00416921 0.999991 0.000267037 -2.68293 -0.0121575 -0.000317707 0.999926 3.70975
0.999926 0.0012052 0.012105 -111.706 -0.00123572 0.999996 0.00251362 -2.6651 -0.012102 -0.0025284 0.999924 3.7599
0.999914 -0.00285519 0.0127944 -112.713 0.00279861 0.999986 0.00443764 -2.66522 -0.0128069 -0.00440145 0.999908 3.78767
0.999877 -0.00832127 0.0133265 -113.734 0.00826674 0.999957 0.00414217 -2.68248 -0.0133604 -0.00403149 0.999903 3.8382
0.999814 -0.013142 0.0141387 -114.748 0.0130973 0.999909 0.00325012 -2.70186 -0.0141801 -0.00306434 0.999895 3.8765
0.99974 -0.0174827 0.0146058 -115.754 0.0174604 0.999846 0.00165326 -2.72387 -0.0146324 -0.00139781 0.999892 3.91702
0.99965 -0.0215858 0.0153089 -116.755 0.0215575 0.999766 0.00200985 -2.74338 -0.0153487 -0.00167913 0.999881 3.94977
0.999533 -0.0266129 0.0149941 -117.75 0.0265808 0.999644 0.00233631 -2.76516 -0.0150509 -0.00193667 0.999885 3.99096
0.999361 -0.0323871 0.0151017 -118.758 0.0323312 0.999469 0.00393353 -2.80275 -0.0152211 -0.00344276 0.999878 4.04165
0.999175 -0.0375099 0.0155622 -119.777 0.0374447 0.999289 0.00446055 -2.82975 -0.0157184 -0.00387415 0.999869 4.09201
0.998972 -0.0422037 0.0165367 -120.789 0.0421573 0.999106 0.00314371 -2.88229 -0.0166546 -0.00244334 0.999858 4.13555
0.99867 -0.0481181 0.0185294 -121.795 0.0481002 0.998842 0.00141317 -2.94061 -0.0185759 -0.000520028 0.999827 4.19453
0.998372 -0.053465 0.0198873 -122.789 0.0534367 0.998569 0.00195179 -2.9996 -0.0199632 -0.000885898 0.9998 4.22604
0.998189 -0.0571127 0.0189132 -123.786 0.0570926 0.998368 0.00160264 -3.05496 -0.0189739 -0.000519932 0.99982 4.28066
0.997979 -0.0613138 0.016681 -124.813 0.0613018 0.998119 0.00122645 -3.11368 -0.0167248 -0.000201395 0.99986 4.3214
0.997815 -0.0642696 0.0152882 -125.823 0.0642896 0.997931 -0.000819741 -3.17305 -0.0152039 0.00180082 0.999883 4.37366
0.997576 -0.0675966 0.0164936 -126.816 0.0676085 0.997712 -0.000165361 -3.24936 -0.0164447 0.00128007 0.999864 4.41002
0.997291 -0.0712971 0.0180666 -127.824 0.0713015 0.997455 0.000401547 -3.31022 -0.0180493 0.000887719 0.999837 4.4514
0.997045 -0.0744008 0.0191138 -128.83 0.0744193 0.997227 -0.000257825 -3.39196 -0.0190416 0.0016795 0.999817 4.49662
0.996975 -0.0754086 0.01885 -129.819 0.0754802 0.997142 -0.0031184 -3.46944 -0.0185609 0.00453176 0.999817 4.54078
0.996939 -0.0760342 0.018211 -130.834 0.0761674 0.997072 -0.0067351 -3.55741 -0.0176456 0.00810157 0.999811 4.58421
0.996895 -0.0766374 0.0180917 -131.859 0.0768156 0.997001 -0.00936884 -3.64294 -0.0173195 0.0107295 0.999792 4.61002
0.996841 -0.0775645 0.0171019 -132.888 0.077744 0.996922 -0.0100911 -3.71437 -0.0162666 0.0113888 0.999803 4.65552
0.996847 -0.0776858 0.0161659 -133.889 0.0778253 0.996933 -0.00818536 -3.80065 -0.0154804 0.00941767 0.999836 4.71346
0.996816 -0.0779607 0.0167164 -134.901 0.0780597 0.996934 -0.00535282 -3.87207 -0.0162479 0.00664066 0.999846 4.75987
0.996764 -0.0783569 0.0179142 -135.911 0.0784511 0.996907 -0.00461804 -3.94944 -0.017497 0.00600849 0.999829 4.79649
0.996737 -0.0784688 0.0189042 -136.925 0.0786 0.996886 -0.00629945 -4.01692 -0.018351 0.00776476 0.999801 4.84852
0.996708 -0.0789837 0.01827 -137.947 0.0791336 0.996835 -0.00763129 -4.10481 -0.0176094 0.00905194 0.999804 4.88449
0.996793 -0.0783652 0.0161958 -138.966 0.0785507 0.996848 -0.0111509 -4.18611 -0.0152709 0.0123874 0.999807 4.93471
0.996987 -0.0760133 0.0154512 -139.967 0.076234 0.996988 -0.0142345 -4.25369 -0.0143227 0.0153696 0.999779 4.9756
0.99725 -0.0722943 0.0163164 -140.961 0.0725244 0.997269 -0.0139804 -4.33784 -0.0152612 0.0151253 0.999769 5.00705
0.997416 -0.0695686 0.017956 -141.969 0.0698098 0.997473 -0.0131748 -4.40242 -0.0169941 0.0143943 0.999752 5.05005
0.997544 -0.0674887 0.0187598 -142.983 0.0677151 0.997636 -0.011704 -4.45588 -0.0179256 0.0129456 0.999756 5.09492
0.997683 -0.0651544 0.0195636 -143.99 0.0653849 0.997795 -0.0113859 -4.50534 -0.0187786 0.0126387 0.999744 5.15946
0.997878 -0.0620948 0.0195804 -144.993 0.062333 0.997986 -0.011797 -4.57935 -0.0188085 0.0129924 0.999739 5.19446
0.998056 -0.0590662 0.0198696 -145.988 0.0593493 0.998139 -0.0139732 -4.63869 -0.0190073 0.0151253 0.999705 5.24153
0.998184 -0.0566547 0.0204843 -146.997 0.0569522 0.998275 -0.0142454 -4.69057 -0.0196419 0.0153861 0.999689 5.26944
0.998325 -0.0543359 0.0198555 -147.992 0.0546571 0.998377 -0.0160079 -4.74201 -0.0189535 0.0170663 0.999675 5.3162
0.998463 -0.0517685 0.0197738 -149.001 0.0520819 0.99852 -0.0156768 -4.79507 -0.0189329 0.0166826 0.999682 5.35243
0.998614 -0.0491786 0.0187465 -149.998 0.0494794 0.998648 -0.0159324 -4.82737 -0.0179376 0.0168379 0.999697 5.39677
0.99872 -0.0472532 0.0180149 -150.971 0.0475403 0.998743 -0.0158594 -4.87453 -0.0172428 0.0166955 0.999712 5.45931
0.998858 -0.0442394 0.0180691 -151.953 0.044506 0.998902 -0.0146272 -4.92174 -0.0174022 0.0154146 0.99973 5.49913
0.998944 -0.042167 0.0182573 -152.948 0.0424424 0.998987 -0.0149714 -4.96972 -0.0176075 0.0157305 0.999721 5.55369
0.999026 -0.0400107 0.0186287 -153.902 0.0402825 0.999084 -0.0144526 -5.00318 -0.0180333 0.0151889 0.999722 5.58839
0.999103 -0.0384643 0.0177249 -154.867 0.0386934 0.99917 -0.0127699 -5.03709 -0.017219 0.0134443 0.999761 5.61292
0.999169 -0.0367566 0.0175938 -155.854 0.0369758 0.99924 -0.0123001 -5.06826 -0.0171283 0.0129404 0.99977 5.66353
0.999224 -0.0353615 0.0173584 -156.829 0.0355614 0.999303 -0.0113448 -5.09212 -0.0169452 0.0119533 0.999785 5.69817
0.999284 -0.0336759 0.0172516 -157.797 0.0338695 0.999365 -0.0110602 -5.12911 -0.0168682 0.0116366 0.99979 5.74466
0.999351 -0.031606 0.0172671 -158.763 0.0317965 0.999435 -0.0108728 -5.16856 -0.0169137 0.0114148 0.999792 5.79119
0.999384 -0.0305407 0.0172943 -159.702 0.0307286 0.99947 -0.0107013 -5.17924 -0.0169583 0.0112261 0.999793 5.83854
0.999427 -0.0287337 0.0178825 -160.638 0.0289015 0.99954 -0.00919786 -5.20998 -0.01761 0.00970942 0.999798 5.86805
0.999456 -0.027106 0.018806 -161.597 0.0272647 0.999594 -0.008235 -5.23466 -0.0185752 0.00874325 0.999789 5.91782
0.999485 -0.0256667 0.0192503 -162.548 0.0258169 0.999638 -0.00759867 -5.25472 -0.0190483 0.00809174 0.999786 5.96239
0.999516 -0.0242743 0.0194555 -163.498 0.0244152 0.999677 -0.00703825 -5.26204 -0.0192783 0.00750985 0.999786 6.00895
0.999555 -0.0226976 0.0193757 -164.451 0.0228147 0.999723 -0.00584522 -5.273 -0.0192376 0.00628467 0.999795 6.04182
0.999612 -0.0203579 0.0190109 -165.356 0.0205033 0.999762 -0.00748545 -5.30729 -0.018854 0.00787233 0.999791 6.0862
0.999628 -0.0184659 0.0200596 -166.295 0.0186421 0.999789 -0.0086323 -5.32365 -0.0198959 0.00900304 0.999762 6.12657
0.99965 -0.0169932 0.0202515 -167.235 0.0172019 0.9998 -0.0101765 -5.3289 -0.0200745 0.0105213 0.999743 6.18397
0.999682 -0.0147922 0.0204267 -168.166 0.0150213 0.999825 -0.011109 -5.34826 -0.0202589 0.0114123 0.99973 6.21313
0.999702 -0.0129763 0.0206557 -169.093 0.0132141 0.999847 -0.011418 -5.3708 -0.0205044 0.0116875 0.999721 6.26356
0.999738 -0.0104666 0.0203577 -170.021 0.0107192 0.999866 -0.0123401 -5.39225 -0.0202258 0.0125551 0.999717 6.31912
0.999759 -0.00873223 0.0201264 -170.954 0.00898192 0.999883 -0.0123491 -5.39372 -0.0200162 0.0125269 0.999721 6.35676
0.999761 -0.0075388 0.0205151 -171.852 0.00781628 0.999879 -0.0134792 -5.37752 -0.020411 0.0136363 0.999699 6.41369
0.999775 -0.00648728 0.0202023 -172.776 0.00677684 0.999875 -0.014298 -5.38297 -0.020107 0.0144317 0.999694 6.4533
0.999773 -0.00567856 0.0205497 -173.707 0.0060154 0.999848 -0.0163668 -5.39331 -0.0204536 0.0164867 0.999655 6.49442
0.999769 -0.00464453 0.0209925 -174.617 0.0050179 0.99983 -0.0177683 -5.40006 -0.0209064 0.0178696 0.999622 6.53414
0.999766 -0.00421166 0.0212177 -175.512 0.0045964 0.999825 -0.0181172 -5.39883 -0.0211377 0.0182105 0.999611 6.57821
0.999781 -0.0032733 0.0206573 -176.425 0.00366325 0.999815 -0.0188675 -5.40646 -0.0205917 0.018939 0.999609 6.6286
0.999781 -0.00240204 0.020782 -177.331 0.00277297 0.999837 -0.0178385 -5.41527 -0.0207358 0.0178922 0.999625 6.6608
0.999771 -0.00192489 0.0212998 -178.234 0.00232136 0.999824 -0.0186051 -5.39549 -0.0212602 0.0186503 0.9996 6.69901
0.999759 -0.00165292 0.0218936 -179.13 0.00208088 0.999807 -0.0195388 -5.40006 -0.0218571 0.0195796 0.999569 6.74172
0.999759 -0.00140931 0.0219259 -180.034 0.00185624 0.999791 -0.0203764 -5.40569 -0.0218926 0.0204122 0.999552 6.79839
0.999791 -0.00115919 0.0204204 -180.928 0.0015447 0.999821 -0.0188727 -5.40191 -0.0203948 0.0189003 0.999613 6.82993
0.999854 0.000148729 0.0171133 -181.838 0.000144316 0.999853 -0.0171214 -5.39934 -0.0171133 0.0171213 0.999707 6.87399
0.999898 0.00111792 0.0142692 -182.73 -0.000904743 0.999888 -0.0149371 -5.39295 -0.0142843 0.0149227 0.999787 6.91097
0.999908 0.00153536 0.0134818 -183.611 -0.00131984 0.999871 -0.0159804 -5.39535 -0.0135046 0.0159611 0.999781 6.96534
0.999866 0.00159459 0.0163117 -184.506 -0.00132642 0.999864 -0.0164381 -5.39054 -0.0163357 0.0164142 0.999732 7.00776
0.999765 0.00164259 0.0215969 -185.386 -0.0012918 0.999867 -0.0162464 -5.39044 -0.0216207 0.0162147 0.999635 7.03594
0.999712 0.00209924 0.0238938 -186.233 -0.00169342 0.999854 -0.0169917 -5.38754 -0.023926 0.0169464 0.99957 7.08037
0.999734 0.00305489 0.022849 -187.097 -0.00265492 0.999843 -0.0175146 -5.38231 -0.022899 0.0174493 0.999585 7.11574
0.999771 0.00336249 0.0211236 -187.966 -0.00297856 0.99983 -0.0181805 -5.38742 -0.0211811 0.0181134 0.999612 7.1566
0.999809 0.0031932 0.0192742 -188.835 -0.00282624 0.999815 -0.0190362 -5.38307 -0.0193314 0.0189781 0.999633 7.20018
0.999809 0.00276926 0.0193525 -189.714 -0.00239134 0.999807 -0.0195242 -5.38294 -0.0194028 0.0194742 0.999622 7.23662
0.999785 0.00162287 0.0206793 -190.566 -0.00118929 0.99978 -0.020962 -5.36788 -0.0207087 0.0209329 0.999566 7.29462
0.999748 0.0012224 0.0224127 -191.413 -0.000754309 0.999782 -0.0208815 -5.37511 -0.0224334 0.0208593 0.999531 7.32739
0.999741 0.000960351 0.0227575 -192.254 -0.000462643 0.999761 -0.0218652 -5.37795 -0.0227731 0.021849 0.999502 7.37503
0.999769 0.000831075 0.0214955 -193.088 -0.000353329 0.999753 -0.0222196 -5.36975 -0.0215087 0.0222069 0.999522 7.41443
0.999814 0.000125965 0.0192792 -193.955 0.000292214 0.999765 -0.0216863 -5.3743 -0.0192774 0.0216879 0.999579 7.4537
0.999857 -0.000763259 0.0168661 -194.801 0.00112349 0.999771 -0.0213595 -5.37124 -0.0168459 0.0213754 0.99963 7.48647
0.999889 -0.00031181 0.0149161 -195.629 0.000630347 0.999772 -0.0213553 -5.37425 -0.014906 0.0213623 0.999661 7.52575
0.999894 -0.000404059 0.0145341 -196.47 0.000720854 0.999762 -0.0217981 -5.37781 -0.0145218 0.0218063 0.999657 7.57081
0.999884 -0.00102775 0.0152145 -197.299 0.00136772 0.999749 -0.022352 -5.37616 -0.0151877 0.0223702 0.999634 7.59914
0.999872 -0.000802208 0.0159649 -198.12 0.00114425 0.99977 -0.0214273 -5.38105 -0.015944 0.0214428 0.999643 7.62388
0.999875 -0.000465836 0.0158298 -198.925 0.000780903 0.999802 -0.019903 -5.39284 -0.0158174 0.0199129 0.999677 7.67321
0.999886 -0.000732628 0.0150788 -199.739 0.00102512 0.999811 -0.0193988 -5.374 -0.0150617 0.0194121 0.999698 7.7164
0.999891 -0.000837409 0.0147455 -200.554 0.00112878 0.999804 -0.0197624 -5.36722 -0.0147261 0.0197769 0.999696 7.7548
0.999886 -0.00084958 0.0150995 -201.369 0.00115829 0.99979 -0.020448 -5.37198 -0.015079 0.0204632 0.999677 7.78223
0.999875 -0.000800933 0.0158152 -202.189 0.00111959 0.999796 -0.02015 -5.37909 -0.0157959 0.0201652 0.999672 7.81825
0.999867 -0.00143988 0.0162234 -202.993 0.0017452 0.999821 -0.0188211 -5.37417 -0.0161934 0.0188469 0.999691 7.84541
0.999874 -0.00114114 0.0158543 -203.781 0.0014515 0.999807 -0.0195781 -5.37342 -0.0158289 0.0195986 0.999683 7.90047
0.999875 -0.000557437 0.0158049 -204.587 0.000854143 0.999823 -0.0187725 -5.36822 -0.0157916 0.0187837 0.999699 7.92912
0.999871 -0.000476172 0.0160335 -205.365 0.000770895 0.999831 -0.0183806 -5.36866 -0.016022 0.0183906 0.999702 7.95394
0.999859 -0.000756723 0.0167688 -206.147 0.00105671 0.999839 -0.0178882 -5.36841 -0.0167526 0.0179034 0.999699 7.97446
0.999868 -0.000951849 0.0162092 -206.942 0.00125715 0.999822 -0.0188353 -5.37611 -0.0161884 0.0188531 0.999691 8.0267
0.999867 -0.000354991 0.016298 -207.709 0.000669035 0.999814 -0.0192675 -5.37939 -0.0162881 0.0192759 0.999682 8.06269
0.999869 -0.0013246 0.0161567 -208.48 0.00164025 0.999808 -0.0195395 -5.37915 -0.0161277 0.0195635 0.999679 8.09874
0.99987 -0.00170693 0.0160097 -209.247 0.00203285 0.999791 -0.0203631 -5.37407 -0.0159716 0.0203931 0.999664 8.13509
0.999869 -0.00192559 0.0160712 -210.014 0.00224972 0.999794 -0.0201749 -5.37409 -0.0160291 0.0202084 0.999667 8.16399
0.999858 -0.00187588 0.0167273 -210.773 0.0022149 0.999792 -0.0202718 -5.37794 -0.0166858 0.020306 0.999655 8.19111
0.999844 -0.00163578 0.0175746 -211.508 0.00201381 0.999767 -0.021514 -5.38702 -0.0175353 0.021546 0.999614 8.23097
0.999834 -0.00176028 0.0181555 -212.243 0.00216249 0.999752 -0.0221579 -5.38631 -0.018112 0.0221934 0.99959 8.26378
0.999836 -0.00275615 0.0179211 -212.993 0.0031652 0.999734 -0.022837 -5.37949 -0.0178533 0.02289 0.999579 8.30502
0.999849 -0.00261195 0.0172084 -213.725 0.00302659 0.999705 -0.0241136 -5.38407 -0.0171404 0.024162 0.999561 8.34284
0.999857 -0.00117647 0.016889 -214.454 0.00159662 0.999689 -0.0248855 -5.38175 -0.0168544 0.0249089 0.999548 8.36907
0.999859 -0.000712653 0.0167547 -215.176 0.00113528 0.999681 -0.0252283 -5.38207 -0.0167314 0.0252437 0.999541 8.40435
0.99986 -0.000307083 0.0167252 -215.862 0.000724332 0.999689 -0.024947 -5.38288 -0.0167123 0.0249557 0.999549 8.4251
0.999886 0.000249064 0.0150678 -216.565 0.000127856 0.999687 -0.0250088 -5.38528 -0.0150693 0.0250079 0.999574 8.45021
0.999881 0.000746182 0.0154004 -217.276 -0.00032781 0.999631 -0.0271509 -5.39151 -0.015415 0.0271426 0.999513 8.49502
0.999865 0.0017257 0.0163652 -217.969 -0.00128183 0.999632 -0.0270945 -5.40897 -0.0164059 0.0270699 0.999499 8.51755
0.999859 0.00263425 0.0165874 -218.64 -0.00220568 0.999665 -0.0258026 -5.39992 -0.0166498 0.0257624 0.999529 8.54515
0.999875 0.00304427 0.0154895 -219.322 -0.00266166 0.999692 -0.0246623 -5.38593 -0.0155598 0.024618 0.999576 8.58656
0.9999 0.00402156 0.0135726 -220.007 -0.00368918 0.999695 -0.0244257 -5.38928 -0.0136667 0.0243732 0.99961 8.62346
0.999909 0.00449483 0.0127019 -220.662 -0.00417358 0.999674 -0.0252057 -5.38543 -0.012811 0.0251504 0.999602 8.63752
0.999912 0.00469016 0.0124175 -221.322 -0.00438545 0.999691 -0.0244533 -5.3832 -0.0125284 0.0243966 0.999624 8.66482
0.999912 0.00529607 0.0121952 -221.973 -0.00499466 0.999685 -0.0246148 -5.37769 -0.0123217 0.0245517 0.999623 8.68945
0.999913 0.00593032 0.0117941 -222.614 -0.00565818 0.99972 -0.0229751 -5.37578 -0.011927 0.0229063 0.999666 8.71205
0.999916 0.0066842 0.0111358 -223.227 -0.0064223 0.999706 -0.0233898 -5.3618 -0.0112889 0.0233163 0.999664 8.75666
