1 0 0 0 0 1 0 0 0 0 1 0
1 -6.92888e-05 1.81421e-05 0.00234813 6.92888e-05 1 3.65163e-06 0.00278243 -1.81424e-05 -3.65037e-06 1 -0.000932522
1 -3.74444e-05 2.11282e-05 0.000155931 3.74442e-05 1 1.19854e-05 -0.000633209 -2.11286e-05 -1.19846e-05 1 -0.000665966
1 1.06424e-05 4.83663e-05 0.000315228 -1.06434e-05 1 2.22439e-05 -0.000489341 -4.8366e-05 -2.22444e-05 1 -0.00217064
1 1.77317e-05 2.93268e-05 0.00379858 -1.7732e-05 1 1.06999e-05 0.000946912 -2.93266e-05 -1.07004e-05 1 -0.00397158
1 -4.31101e-05 1.38758e-05 -0.0011955 4.311e-05 1 1.23155e-05 0.00128615 -1.38764e-05 -1.23149e-05 1 -0.00177361
1 -9.73706e-06 1.64734e-05 -0.00133287 9.73698e-06 1 4.84437e-06 0.00219853 -1.64734e-05 -4.84421e-06 1 0.000444161
1 -5.39764e-05 4.67236e-05 -0.00275424 5.39746e-05 1 3.77621e-05 0.00255659 -4.67257e-05 -3.77595e-05 1 -0.002726
1 -1.30667e-05 2.28226e-05 -0.00112157 1.30665e-05 1 5.9836e-06 -8.26611e-05 -2.28227e-05 -5.98331e-06 1 -0.000860504
1 -1.56541e-05 1.10549e-05 -0.000335818 1.56544e-05 1 -2.74456e-05 0.00111147 -1.10544e-05 2.74458e-05 1 -0.000417295
1 -4.87794e-05 2.60433e-05 0.00127979 4.87793e-05 1 6.04295e-06 0.00192781 -2.60436e-05 -6.04168e-06 1 -0.000830433
1 -3.15892e-05 5.63045e-05 -0.00147163 3.15871e-05 1 3.66244e-05 -0.00173245 -5.63057e-05 -3.66226e-05 1 -0.00218583
1 -2.75218e-06 3.58328e-05 -0.00243449 2.75203e-06 1 4.38439e-06 -5.66657e-05 -3.58328e-05 -4.38429e-06 1 -0.00186804
1 -1.26093e-05 4.44656e-05 -0.00229799 1.26086e-05 1 1.50379e-05 0.000270942 -4.44658e-05 -1.50374e-05 1 -0.00246679
1 -3.50681e-06 3.00233e-05 0.00221732 3.50626e-06 1 1.83676e-05 -0.000485221 -3.00233e-05 -1.83675e-05 1 -0.00192946
1 -2.16213e-05 4.67811e-05 -0.00213247 2.16206e-05 1 1.33363e-05 0.00193856 -4.67813e-05 -1.33353e-05 1 -0.00241533
1 -2.43048e-05 4.0618e-05 -0.00262541 2.43039e-05 1 2.15362e-05 0.000940515 -4.06186e-05 -2.15353e-05 1 -0.00254555
1 -3.0622e-05 1.28061e-05 -0.000318038 3.06218e-05 1 1.87497e-05 0.00103467 -1.28067e-05 -1.87493e-05 1 -0.00163543
1 -1.90658e-05 1.91382e-05 0.00067336 1.90655e-05 1 1.71177e-05 0.00171688 -1.91385e-05 -1.71174e-05 1 -0.00142734
1 -2.02765e-05 -5.56501e-06 0.002541 2.02765e-05 1 -2.86288e-06 0.00472778 5.56507e-06 2.86277e-06 1 -0.000529946
1 -2.26861e-05 1.68147e-05 -0.00334323 2.26858e-05 1 1.36574e-05 0.00175505 -1.6815e-05 -1.3657e-05 1 -0.000984408
1 1.73362e-06 3.2694e-05 -0.00224137 -1.73411e-06 1 1.51695e-05 0.00284609 -3.2694e-05 -1.51696e-05 1 -0.00180928
1 -6.57214e-06 3.69248e-05 -0.00289532 6.57155e-06 1 1.60353e-05 -0.00227504 -3.69249e-05 -1.6035e-05 1 -0.00155249
1 -7.37584e-05 3.3446e-05 -0.00528801 7.37586e-05 1 -5.51529e-06 0.00533135 -3.34455e-05 5.51776e-06 1 -0.00127057
1 -5.29524e-05 1.82875e-05 0.000414584 5.29523e-05 1 8.1965e-06 0.00306283 -1.82879e-05 -8.19553e-06 1 -0.00187156
1 -5.97773e-05 3.38993e-05 -0.0021939 5.97772e-05 1 1.9386e-06 0.00650802 -3.38994e-05 -1.93657e-06 1 -0.00282519
1 -1.75991e-05 2.90314e-05 0.000968292 1.75988e-05 1 9.35319e-06 0.00230659 -2.90316e-05 -9.35268e-06 1 -0.00315181
1 -5.07118e-06 1.18136e-05 0.00258958 5.07092e-06 1 2.14652e-05 -0.00120285 -1.18137e-05 -2.14651e-05 1 -0.00198109
1 -1.32148e-05 6.28758e-06 0.00183082 1.32148e-05 1 2.60493e-06 -0.000486354 -6.28762e-06 -2.60485e-06 1 -0.000658937
1 -1.83335e-05 2.0317e-05 0.00224207 1.83333e-05 1 8.94866e-06 0.000483142 -2.03172e-05 -8.94829e-06 1 -0.0012201
1 -4.07262e-05 1.50314e-05 -0.00184776 4.07262e-05 1 -1.01869e-06 0.00268303 -1.50314e-05 1.0193e-06 1 -0.000780293
1 -3.75436e-05 1.07055e-05 8.12521e-05 3.75436e-05 1 -8.05607e-07 0.00475363 -1.07054e-05 8.06009e-07 1 -0.000465168
1 -6.96298e-06 2.77226e-05 1.95838e-05 6.96274e-06 1 8.65613e-06 0.00218254 -2.77227e-05 -8.65593e-06 1 -0.00110276
1 -2.42891e-05 1.17153e-05 -0.00171245 2.42891e-05 1 3.1868e-06 0.000763411 -1.17154e-05 -3.18651e-06 1 -0.000506534
1 -7.50572e-07 3.21126e-05 -0.00258376 7.50116e-07 1 1.42111e-05 -0.00124435 -3.21126e-05 -1.4211e-05 1 -0.00156081
1 -4.76956e-05 3.61588e-05 -0.00501438 4.76951e-05 1 1.48834e-05 0.00171295 -3.61595e-05 -1.48817e-05 1 -0.00167993
1 -3.8088e-05 2.99797e-05 0.000977475 3.80875e-05 1 1.67551e-05 0.00219858 -2.99804e-05 -1.67539e-05 1 -0.00280847
1 -7.44136e-07 2.66638e-05 0.00401662 7.43618e-07 1 1.94228e-05 -0.0033627 -2.66638e-05 -1.94228e-05 1 -0.00195824
1 -7.47726e-06 2.60717e-05 0.000735738 7.47685e-06 1 1.59341e-05 -0.000319798 -2.60718e-05 -1.59339e-05 1 -0.00135871
1 -9.6289e-06 1.40604e-05 0.000553765 9.62862e-06 1 1.94793e-05 -7.29346e-05 -1.40606e-05 -1.94791e-05 1 -0.000979865
1 -4.61982e-05 2.14008e-05 -0.00123963 4.61981e-05 1 2.42181e-06 0.00393954 -2.14009e-05 -2.42082e-06 1 -0.00107605
1 -8.56548e-05 3.16363e-05 -0.0044212 8.56547e-05 1 3.63782e-06 0.00512112 -3.16366e-05 -3.63511e-06 1 -0.00164029
1 -3.9823e-05 2.86917e-05 -0.00184538 3.98228e-05 1 8.12012e-06 0.00145858 -2.8692e-05 -8.11898e-06 1 -0.0016999
1 -4.48446e-05 2.87082e-05 0.00044609 4.48444e-05 1 5.9969e-06 0.00463682 -2.87085e-05 -5.99561e-06 1 -0.00192638
1 -8.46511e-06 1.28896e-05 0.00483141 8.46509e-06 1 2.27357e-06 0.00304909 -1.28896e-05 -2.27346e-06 1 -0.00160463
1 -2.85519e-05 3.14445e-05 -0.00373262 2.85515e-05 1 1.4251e-05 0.00162064 -3.14449e-05 -1.42501e-05 1 -0.00166825
1 -4.56132e-05 3.18268e-05 -0.00347616 4.56129e-05 1 9.04204e-06 0.0045865 -3.18272e-05 -9.04059e-06 1 -0.0019549
1 -1.18269e-05 1.75132e-05 -0.000132831 1.18267e-05 1 1.10385e-05 -0.000435829 -1.75133e-05 -1.10382e-05 1 -0.00102487
1 -5.2361e-06 3.24329e-05 0.00234015 5.23478e-06 1 4.06876e-05 -0.00364446 -3.24331e-05 -4.06874e-05 1 -0.00359902
1 -4.06493e-05 4.0083e-05 -0.00316579 4.06488e-05 1 1.0478e-05 0.00210266 -4.00835e-05 -1.04764e-05 1 -0.00235513
1 -3.09924e-05 2.04903e-05 -2.7465e-05 3.09927e-05 1 -1.08031e-05 0.00343293 -2.049e-05 1.08037e-05 1 0.000100531
1 -2.21562e-05 3.79618e-05 -0.00169635 2.21555e-05 1 1.89729e-05 -0.00035989 -3.79622e-05 -1.8972e-05 1 -0.00165039
1 -3.02833e-05 2.23873e-05 -0.00326477 3.02834e-05 1 -3.34536e-06 0.00197982 -2.23872e-05 3.34604e-06 1 -0.000862312
1 -3.03661e-05 1.26698e-05 0.000990747 3.03662e-05 1 -9.14638e-06 0.00414413 -1.26695e-05 9.14677e-06 1 -0.00149369
1 -3.41533e-05 2.38742e-05 -0.000501739 3.4153e-05 1 1.19782e-05 0.00314358 -2.38746e-05 -1.19773e-05 1 -0.0020115
1 -3.55303e-05 2.2811e-05 -0.00227815 3.55303e-05 1 -3.02497e-07 0.00237913 -2.28109e-05 3.03308e-07 1 -0.000738486
1 7.52456e-06 2.86121e-05 0.000414078 -7.52499e-06 1 1.499e-05 -0.00358862 -2.8612e-05 -1.49903e-05 1 -0.000880969
1 -1.4565e-05 3.89079e-05 -0.00108909 1.45643e-05 1 1.7628e-05 -0.000326135 -3.89082e-05 -1.76274e-05 1 -0.00150124
1 -4.9964e-05 2.84671e-05 0.000310291 4.99637e-05 1 1.16868e-05 0.00426204 -2.84677e-05 -1.16853e-05 1 -0.00165305
1 -4.37964e-05 2.28254e-05 0.0013091 4.37963e-05 1 4.07382e-06 0.00437555 -2.28256e-05 -4.07282e-06 1 -0.00173515
1 -2.0503e-05 2.66706e-05 -0.000667675 2.05027e-05 1 9.69356e-06 0.00118939 -2.66708e-05 -9.69302e-06 1 -0.00156227
1 -1.4834e-05 1.57825e-05 -0.00185988 1.48339e-05 1 5.97022e-06 0.00128935 -1.57826e-05 -5.96999e-06 1 -0.00114997
1 -2.63442e-05 2.11778e-05 -0.00289952 2.63441e-05 1 6.99811e-06 0.000751782 -2.1178e-05 -6.99755e-06 1 -0.000744807
1 -5.04631e-05 3.23837e-05 -0.00509714 5.0463e-05 1 3.51369e-06 -0.000247882 -3.23839e-05 -3.51205e-06 1 -0.000862823
1 9.98076e-06 2.16621e-05 0.00314033 -9.98108e-06 1 1.5123e-05 -0.00166758 -2.16619e-05 -1.51232e-05 1 -0.00140146
1 -4.47117e-05 4.1134e-05 0.000370289 4.47109e-05 1 1.98339e-05 0.0043153 -4.11349e-05 -1.98321e-05 1 -0.00338001
1 -6.83932e-05 3.33352e-05 -0.0020153 6.83932e-05 1 1.87042e-06 0.00790269 -3.33354e-05 -1.86814e-06 1 -0.00203067
1 2.97043e-05 2.86296e-05 0.00376839 -2.97051e-05 1 2.56558e-05 -0.0024922 -2.86289e-05 -2.56567e-05 1 -0.00257558
1 8.2064e-06 4.55094e-05 0.00288718 -8.20761e-06 1 2.67091e-05 -0.000337239 -4.55091e-05 -2.67095e-05 1 -0.00343287
1 -5.21261e-05 4.95854e-05 -0.00290079 5.21255e-05 1 1.21874e-05 0.00527244 -4.9586e-05 -1.21848e-05 1 -0.00241738
1 -7.15686e-05 2.74384e-05 -0.00262202 7.15685e-05 1 6.29003e-06 0.00630133 -2.74388e-05 -6.28807e-06 1 -0.00220632
1 -3.83878e-05 1.90215e-05 -0.000639851 3.83876e-05 1 1.3511e-05 0.00250823 -1.9022e-05 -1.35103e-05 1 -0.00221912
1 -9.22994e-06 2.22128e-05 0.00511501 9.22958e-06 1 1.62105e-05 -0.000669825 -2.22129e-05 -1.62103e-05 1 -0.00207924
1 -5.00492e-05 3.12587e-05 -0.0015907 5.00487e-05 1 1.48164e-05 0.00323899 -3.12594e-05 -1.48149e-05 1 -0.0011301
1 -7.27281e-05 2.47449e-05 -0.0045316 7.27282e-05 1 -6.49339e-06 0.00690033 -2.47444e-05 6.49519e-06 1 -0.000362794
1 -2.75484e-05 3.27161e-05 0.000567031 2.75476e-05 1 2.45778e-05 0.000342281 -3.27167e-05 -2.45769e-05 1 -0.0020482
1 -2.68325e-05 2.13244e-05 0.00219495 2.68321e-05 1 2.12178e-05 0.00238337 -2.13249e-05 -2.12173e-05 1 -0.00271921
1 -1.86017e-06 2.83581e-05 0.00338622 1.85976e-06 1 1.46918e-05 0.000445249 -2.83581e-05 -1.46917e-05 1 -0.00226178
1 -2.07477e-05 4.49748e-05 -0.00252151 2.07467e-05 1 2.20652e-05 -0.00137526 -4.49752e-05 -2.20643e-05 1 -0.00146477
1 -3.71952e-05 1.75988e-05 0.000784678 3.71952e-05 1 7.96513e-07 0.00550516 -1.75988e-05 -7.95859e-07 1 -0.00128036
1 -4.02017e-05 2.45072e-05 0.0018997 4.02011e-05 1 2.55839e-05 0.00259746 -2.45083e-05 -2.55829e-05 1 -0.00249852
1 -2.05973e-05 2.45985e-05 0.00145509 2.05969e-05 1 1.60576e-05 0.00131513 -2.45988e-05 -1.60571e-05 1 -0.00183835
1 -4.85118e-05 3.40098e-05 -0.002942 4.85114e-05 1 1.01317e-05 0.00326049 -3.40103e-05 -1.013e-05 1 -0.00205608
1 1.02202e-06 1.06105e-05 0.000540881 -1.02196e-06 1 -5.70176e-06 -0.00172653 -1.06105e-05 5.70175e-06 1 3.91412e-05
1 -2.63977e-06 1.60576e-05 0.00375399 2.63962e-06 1 9.28919e-06 0.00119336 -1.60576e-05 -9.28915e-06 1 -0.00187156
1 -8.81902e-06 6.94281e-06 0.00213523 8.81905e-06 1 -4.72444e-06 0.00227382 -6.94277e-06 4.7245e-06 1 -0.00105281
1 -5.34724e-05 4.2066e-05 -0.00537547 5.34715e-05 1 2.04242e-05 0.00215791 -4.20671e-05 -2.0422e-05 1 -0.00221883
1 -1.55744e-05 1.25688e-05 0.00339353 1.55745e-05 1 -7.19787e-06 0.0036822 -1.25686e-05 7.19807e-06 1 -0.00143196
1 -4.79859e-06 -1.6726e-05 0.0107444 4.7981e-06 1 -2.94427e-05 0.00608882 1.67262e-05 2.94426e-05 1 -0.000227914
1 4.64358e-05 -1.87564e-05 0.0219298 -4.64363e-05 1 -2.33467e-05 0.0034207 1.87554e-05 2.33475e-05 1 -0.00031811
1 9.16878e-05 -7.2898e-05 0.0277736 -9.16918e-05 1 -5.54385e-05 0.00093297 7.28929e-05 5.54452e-05 1 0.00184915
1 1.66483e-05 -3.91603e-05 0.0148592 -1.66499e-05 1 -4.02587e-05 0.00122592 3.91596e-05 4.02594e-05 1 0.00174755
1 -6.83137e-05 1.46901e-05 -0.00150788 6.83137e-05 1 -1.32448e-06 0.00294904 -1.469e-05 1.32548e-06 1 0.000395207
1 -0.000180038 4.41077e-05 -0.0198721 0.000180038 1 1.36034e-06 0.00888691 -4.41079e-05 -1.3524e-06 1 -0.000274945
1 -0.000215207 6.14845e-05 -0.0316623 0.000215208 1 -1.04846e-05 0.00866224 -6.14822e-05 1.04978e-05 1 -0.000745958
1 -0.000244661 0.000103478 -0.0434384 0.000244659 1 1.49551e-05 0.00368158 -0.000103482 -1.49298e-05 1 -0.000728591
1 -0.000306143 0.00012584 -0.0530744 0.000306138 1 4.06812e-05 0.00927649 -0.000125852 -4.06427e-05 1 -0.000880691
1 -0.000405768 0.00011892 -0.0609782 0.000405766 1 1.29893e-05 0.0152974 -0.000118925 -1.29411e-05 1 0.0021622
1 -0.000522946 0.000155282 -0.0800832 0.000522948 1 -1.52856e-05 0.0218248 -0.000155274 1.53668e-05 1 0.0043158
1 -0.000622231 0.000175295 -0.103969 0.00062223 1 8.69178e-06 0.0138949 -0.0001753 -8.5827e-06 1 0.00634251
1 -0.000787484 0.00022241 -0.13507 0.000787473 1 4.97141e-05 0.0195931 -0.000222449 -4.9539e-05 1 0.00423385
0.999999 -0.00105922 0.000395929 -0.190233 0.0010592 0.999999 5.37945e-05 0.0302811 -0.000395986 -5.33751e-05 1 0.00652622
0.999999 -0.00141765 0.000537656 -0.262589 0.00141758 0.999999 0.000118656 0.0385798 -0.000537824 -0.000117893 1 0.00585703
0.999998 -0.00175806 0.000608842 -0.328563 0.00175797 0.999998 0.000156231 0.038454 -0.000609115 -0.000155161 1 0.00434792
0.999998 -0.00200195 0.000712607 -0.38578 0.00200181 0.999998 0.000195415 0.0367324 -0.000712997 -0.000193988 1 0.00390788
0.999997 -0.00229094 0.000802354 -0.436085 0.00229076 0.999997 0.000225105 0.0508465 -0.000802867 -0.000223266 1 0.00417428
0.999996 -0.0028604 0.000880813 -0.494289 0.00286017 0.999996 0.000258962 0.0583532 -0.00088155 -0.000256441 1 0.00578954
0.999992 -0.00377438 0.000897929 -0.572566 0.00377419 0.999993 0.000215009 0.0686001 -0.000898734 -0.000211618 1 0.00987704
0.999981 -0.0060987 0.00103073 -0.714858 0.00609867 0.999981 3.33046e-05 0.0319453 -0.00103092 -2.70178e-05 0.999999 0.0166324
0.99997 -0.00764433 0.00121001 -0.845228 0.00764424 0.999971 7.75203e-05 0.0129035 -0.00121057 -6.82683e-05 0.999999 0.0212186
0.999963 -0.00852369 0.00134778 -0.956357 0.00852347 0.999964 0.000166788 0.019307 -0.00134916 -0.000155294 0.999999 0.0234224
0.999949 -0.0100397 0.00146 -1.0896 0.0100396 0.99995 0.000113875 -0.000238236 -0.00146107 -9.92111e-05 0.999999 0.0265271
0.999921 -0.0124207 0.00175412 -1.26141 0.0124206 0.999923 2.36095e-05 -0.0265963 -0.00175428 -1.82039e-06 0.999998 0.0260345
0.999897 -0.0141765 0.00211353 -1.41563 0.0141761 0.999899 0.000166773 -0.0613168 -0.00211568 -0.000136794 0.999998 0.0267974
0.999872 -0.0158435 0.00235211 -1.54892 0.0158425 0.999874 0.000433961 -0.0765273 -0.00235869 -0.000396642 0.999997 0.0309419
0.999757 -0.0218661 0.00261213 -1.69025 0.0218638 0.999761 0.00088444 -0.0363193 -0.00263084 -0.000827115 0.999996 0.0308565
0.999652 -0.0262337 0.00264939 -1.86941 0.0262319 0.999656 0.000694337 -0.0484422 -0.0026667 -0.000624597 0.999996 0.0461527
0.999506 -0.0312809 0.00313603 -2.05467 0.0312788 0.99951 0.000727518 -0.0441029 -0.00315725 -0.000629068 0.999995 0.0409808
0.999397 -0.0345683 0.00333644 -2.23925 0.0345662 0.999402 0.000685671 -0.0691182 -0.00335815 -0.000569929 0.999994 0.0449164
0.999303 -0.0371427 0.00376683 -2.48438 0.0371397 0.99931 0.000844996 -0.106293 -0.00379561 -0.000704508 0.999993 0.0498111
0.999074 -0.0428181 0.00414335 -2.67466 0.0428132 0.999082 0.00127207 -0.103142 -0.00419402 -0.0010935 0.999991 0.0588562
0.998842 -0.0478911 0.00468277 -2.90556 0.0478845 0.998852 0.00151566 -0.133931 -0.00474998 -0.00128967 0.999988 0.0625446
0.99851 -0.0543089 0.00538585 -3.14141 0.0543005 0.998523 0.00169063 -0.157272 -0.00546972 -0.00139565 0.999984 0.0613745
0.998229 -0.0591795 0.00607078 -3.39186 0.0591707 0.998247 0.00161514 -0.201512 -0.00615572 -0.00125307 0.99998 0.0630151
0.997842 -0.0652952 0.00696692 -3.63811 0.065283 0.997865 0.00196792 -0.216554 -0.00708054 -0.00150885 0.999974 0.0667141
0.997343 -0.0723997 0.00808164 -3.89042 0.0723801 0.997373 0.00269907 -0.201399 -0.00825583 -0.00210694 0.999964 0.0766108
0.99688 -0.0784542 0.00869796 -4.15297 0.0784302 0.996915 0.00306237 -0.259674 -0.00891138 -0.00237063 0.999957 0.0892578
0.996251 -0.0860232 0.00914529 -4.46418 0.0859963 0.99629 0.00330084 -0.306385 -0.00939531 -0.002502 0.999953 0.1024
0.995478 -0.0944998 0.00962566 -4.73427 0.0944697 0.995521 0.00353863 -0.323624 -0.00991695 -0.0026133 0.999947 0.106266
0.994587 -0.103421 0.0100251 -5.02144 0.103389 0.994634 0.00365676 -0.366751 -0.0103495 -0.00260048 0.999943 0.116352
0.993615 -0.112334 0.0105168 -5.32319 0.1123 0.993667 0.00373796 -0.430299 -0.0108701 -0.00253306 0.999938 0.120221
0.992482 -0.12194 0.0105198 -5.62892 0.121907 0.992535 0.0036622 -0.478817 -0.0108879 -0.00235222 0.999938 0.131754
0.991133 -0.13248 0.0102488 -5.94003 0.132446 0.991183 0.00392588 -0.525355 -0.0106785 -0.00253366 0.99994 0.148523
0.989682 -0.142901 0.010443 -6.26294 0.142862 0.989733 0.0044036 -0.588574 -0.0109651 -0.00286625 0.999936 0.161605
0.988012 -0.153986 0.0109416 -6.57371 0.153945 0.988069 0.00455733 -0.659687 -0.0115128 -0.00281829 0.99993 0.171534
0.986113 -0.165733 0.0107034 -6.89497 0.165699 0.986168 0.00401438 -0.726364 -0.0112207 -0.00218509 0.999935 0.183668
0.984093 -0.177348 0.0103977 -7.24728 0.177323 0.984147 0.00328009 -0.801885 -0.0108146 -0.00138417 0.999941 0.198205
0.981979 -0.188727 0.00997464 -7.5999 0.188713 0.98203 0.00226804 -0.886231 -0.0102234 -0.000344823 0.999948 0.216517
0.979712 -0.200129 0.010642 -7.96072 0.200123 0.979769 0.00163132 -0.98075 -0.0107532 0.000531496 0.999942 0.213893
0.977126 -0.212364 0.0112431 -8.2947 0.212354 0.977191 0.00207504 -1.06603 -0.0114273 0.000359932 0.999935 0.216387
0.974411 -0.224479 0.0115535 -8.65324 0.224459 0.974479 0.00297416 -1.16048 -0.0119262 -0.00030477 0.999929 0.230796
0.971722 -0.235884 0.0107329 -9.04457 0.235867 0.971781 0.00282833 -1.27682 -0.0110972 -0.000216808 0.999938 0.24452
0.968961 -0.246999 0.0102622 -9.40089 0.246996 0.969015 0.00160726 -1.4052 -0.0103412 0.000977349 0.999946 0.252902
0.965997 -0.258367 0.00977928 -9.77726 0.258386 0.966041 -0.000737306 -1.51866 -0.00925669 0.00323907 0.999952 0.294179
0.962984 -0.269387 0.00957894 -10.1396 0.269418 0.963021 -0.00208721 -1.63575 -0.00866245 0.00459069 0.999952 0.307779
0.959887 -0.280221 0.00969922 -10.5007 0.280253 0.959924 -0.00213778 -1.75894 -0.00871146 0.00477026 0.999951 0.321977
0.95694 -0.290104 0.0102791 -10.8949 0.290135 0.956985 -0.00155944 -1.88507 -0.00938458 0.00447463 0.999946 0.327341
0.95443 -0.298294 0.00914549 -11.311 0.298321 0.954464 -0.00163306 -2.02393 -0.00824191 0.00428693 0.999957 0.325738
0.951928 -0.306218 0.0079305 -11.6996 0.306243 0.951951 -0.00208707 -2.15377 -0.00691035 0.0044154 0.999966 0.339647
0.949837 -0.312656 0.00746601 -12.1041 0.31268 0.949856 -0.00216359 -2.29173 -0.00641518 0.00438953 0.99997 0.350169
0.94801 -0.318165 0.00692678 -12.5138 0.318186 0.948026 -0.00216008 -2.43937 -0.0058795 0.00425178 0.999974 0.358379
0.946543 -0.322513 0.00639768 -12.9256 0.322534 0.946554 -0.00260177 -2.5822 -0.00521665 0.00452616 0.999976 0.376585
0.945352 -0.325993 0.00614584 -13.3304 0.326014 0.945361 -0.00279537 -2.71278 -0.00489877 0.00464624 0.999977 0.384756
0.944425 -0.328685 0.00535513 -13.7603 0.328703 0.944429 -0.00295459 -2.87039 -0.00408641 0.00455064 0.999981 0.394249
0.943706 -0.330749 0.00483639 -14.2042 0.330764 0.94371 -0.00257594 -3.01579 -0.00371216 0.00403063 0.999985 0.410444
0.943544 -0.331221 0.00428145 -14.6531 0.33123 0.943549 -0.00162864 -3.16211 -0.00350032 0.00295484 0.99999 0.416732
0.943557 -0.33121 0.000835837 -15.091 0.331206 0.943554 0.00290442 -3.32756 -0.00175063 -0.00246365 0.999995 0.439539
0.943558 -0.331207 -0.000561462 -15.5419 0.331207 0.943551 0.00371351 -3.49337 -0.000700172 -0.00368987 0.999993 0.482793
0.943481 -0.331427 0.000331434 -15.9816 0.331424 0.943475 0.00361046 -3.65734 -0.0015093 -0.00329656 0.999993 0.489526
0.94358 -0.33114 0.00200744 -16.4589 0.331136 0.943581 0.00194989 -3.80798 -0.00253987 -0.00117515 0.999996 0.493706
0.943692 -0.330814 0.00280415 -16.9073 0.330807 0.943695 0.00264187 -3.96197 -0.00352023 -0.00156548 0.999993 0.513105
0.943766 -0.330589 0.00419248 -17.3742 0.330572 0.943771 0.00430657 -4.12448 -0.00538044 -0.00267848 0.999982 0.522923
0.943831 -0.330383 0.0055707 -17.8699 0.330353 0.943841 0.00561622 -4.29643 -0.00711335 -0.00346046 0.999969 0.527687
0.944007 -0.329881 0.00548781 -18.3556 0.329846 0.944013 0.00643299 -4.45155 -0.00730269 -0.00426266 0.999964 0.535065
0.944289 -0.329096 0.0037296 -18.8484 0.329076 0.94429 0.00504819 -4.62306 -0.00518316 -0.00353963 0.99998 0.566877
0.944614 -0.32817 0.00297749 -19.3519 0.328159 0.944615 0.00368156 -4.81157 -0.00402076 -0.00250057 0.999989 0.580047
0.944589 -0.328233 0.00374031 -19.8419 0.328223 0.944595 0.00309371 -4.9935 -0.00454853 -0.00169463 0.999988 0.596109
0.944625 -0.328109 0.0053561 -20.3497 0.328095 0.944639 0.0034427 -5.1585 -0.00618916 -0.00149475 0.99998 0.607918
0.944802 -0.327576 0.00650526 -20.8679 0.327552 0.944822 0.00450045 -5.33682 -0.00762056 -0.00212122 0.999969 0.613836
0.944676 -0.327927 0.00721822 -21.3834 0.327891 0.944698 0.00574301 -5.50194 -0.00870233 -0.0030585 0.999957 0.629946
0.944397 -0.328715 0.00776181 -21.9093 0.328673 0.944424 0.00612788 -5.68134 -0.00934476 -0.00323606 0.999951 0.652016
0.943883 -0.33019 0.00769619 -22.4305 0.330153 0.94391 0.00567167 -5.88116 -0.00913725 -0.00281247 0.999954 0.6761
0.943062 -0.332531 0.00753483 -22.9509 0.332506 0.943091 0.0043608 -6.06728 -0.00855613 -0.00160713 0.999962 0.684314
0.942148 -0.335139 0.00628451 -23.4902 0.335127 0.942169 0.00295611 -6.25315 -0.00691177 -0.000678992 0.999976 0.688457
0.941391 -0.337278 0.00522312 -24.0336 0.337267 0.941404 0.00291586 -6.45239 -0.00590052 -0.000983378 0.999982 0.714223
0.940581 -0.339534 0.00488223 -24.5581 0.339528 0.940594 0.00197105 -6.64341 -0.00526143 -0.00019628 0.999986 0.740467
0.939843 -0.341584 0.00388663 -25.0988 0.341581 0.939851 0.00138149 -6.84271 -0.00412475 2.92126e-05 0.999991 0.748976
0.93887 -0.344264 0.0024393 -25.6618 0.344262 0.938873 0.00115589 -7.04807 -0.00268812 -0.00024547 0.999996 0.756492
0.93797 -0.346715 -0.000651553 -26.2205 0.346715 0.937961 0.00420382 -7.26519 -0.000846399 -0.00416896 0.999991 0.75224
0.936705 -0.350084 -0.00508149 -26.7782 0.35011 0.936692 0.00566292 -7.46539 0.0027773 -0.00708357 0.999971 0.825334
0.935328 -0.353744 -0.00516937 -27.3328 0.353733 0.935342 -0.00294379 -7.6817 0.00587648 0.00092483 0.999982 0.880968
0.933934 -0.35744 -0.0019734 -27.8816 0.357417 0.933915 -0.0074432 -7.91075 0.00450349 0.00624613 0.99997 0.81938
0.932279 -0.361736 0.00200329 -28.4576 0.361741 0.932265 -0.0050611 -8.14131 -3.68194e-05 0.00544302 0.999985 0.796453
0.93012 -0.367229 0.00437621 -29.0413 0.367215 0.930129 0.00377571 -8.37661 -0.00545699 -0.00190486 0.999983 0.796923
0.928121 -0.372269 0.00263747 -29.6107 0.372241 0.928105 0.00767007 -8.59459 -0.00530318 -0.00613698 0.999967 0.902838
0.926503 -0.376272 0.00330956 -30.1799 0.376263 0.926508 0.00309033 -8.83413 -0.00422914 -0.00161793 0.99999 0.936026
0.924325 -0.381585 0.00392003 -30.7917 0.381597 0.924323 -0.003131 -9.1053 -0.00242863 0.00438993 0.999987 0.909518
0.921511 -0.388344 0.00250176 -31.3924 0.388352 0.921499 -0.00477355 -9.3672 -0.00045159 0.00537045 0.999985 0.886825
0.918402 -0.395645 0.00163194 -31.9807 0.395648 0.918399 -0.00243402 -9.63636 -0.000535769 0.00288108 0.999996 0.914509
0.915137 -0.403135 0.00265794 -32.5796 0.403136 0.91514 9.30473e-05 -9.89874 -0.0024699 0.000986359 0.999996 0.956715
0.911443 -0.411407 0.00410022 -33.1738 0.411408 0.911451 0.000528875 -10.1727 -0.00395474 0.00120483 0.999991 0.992748
0.907565 -0.419874 0.00555916 -33.7749 0.419889 0.907574 -0.00171695 -10.4644 -0.00432445 0.00389247 0.999983 1.00708
0.903601 -0.428321 0.00676531 -34.3901 0.42835 0.903606 -0.00357724 -10.7743 -0.00458096 0.00613031 0.999971 1.01298
0.899123 -0.43762 0.00820614 -35.0048 0.437661 0.899131 -0.00410199 -11.0724 -0.00558328 0.0072797 0.999958 1.01547
0.894191 -0.447611 0.00815148 -35.6203 0.447644 0.894207 -0.00275266 -11.3961 -0.00605699 0.00611036 0.999963 1.03396
0.888549 -0.458721 0.00752241 -36.2238 0.458743 0.888568 -0.00138564 -11.7188 -0.00604855 0.00468206 0.999971 1.06544
0.882799 -0.46971 0.00622056 -36.8307 0.469729 0.882809 -0.00191105 -12.0597 -0.00459393 0.00460905 0.999979 1.09442
0.876963 -0.480528 0.00531856 -37.4487 0.480547 0.876964 -0.00292048 -12.415 -0.00326081 0.00511697 0.999982 1.11618
0.871138 -0.491025 0.0035071 -38.0589 0.491038 0.871124 -0.00491878 -12.7773 -0.000639871 0.00600706 0.999982 1.13158
0.865311 -0.501231 0.00218748 -38.6737 0.501235 0.865296 -0.0050791 -13.1414 0.000652987 0.00549144 0.999985 1.12371
0.859085 -0.511832 0.000921794 -39.3012 0.51183 0.859075 -0.00450164 -13.5183 0.00151219 0.00433909 0.999989 1.13499
0.852727 -0.522356 0.000662214 -39.9117 0.522353 0.852716 -0.00477527 -13.9057 0.00192971 0.00441791 0.999988 1.17028
0.846235 -0.532809 0.00125062 -40.5232 0.532807 0.846219 -0.00542098 -14.3149 0.00183005 0.00525376 0.999985 1.18059
0.839517 -0.543332 0.00133302 -41.1534 0.543332 0.839507 -0.00430276 -14.732 0.00121874 0.00433651 0.99999 1.17804
0.832752 -0.553647 -0.00040769 -41.7869 0.553643 0.832748 -0.0030126 -15.1499 0.00200742 0.00228303 0.999995 1.20012
0.826082 -0.563549 -0.00107983 -42.3974 0.563546 0.826082 -0.00189531 -15.5772 0.00196013 0.000957144 0.999998 1.23498
0.818974 -0.57383 -7.63042e-05 -43.0052 0.573829 0.818973 -0.00182792 -16.0292 0.00111141 0.00145324 0.999998 1.25309
0.811976 -0.58369 0.000573979 -43.6127 0.583689 0.811973 -0.00276359 -16.4833 0.00114702 0.00257899 0.999996 1.24397
0.805431 -0.592689 -0.000458254 -44.2352 0.592684 0.805428 -0.0033604 -16.9466 0.00236077 0.00243498 0.999994 1.25196
0.799661 -0.600447 -0.00237045 -44.855 0.600439 0.799663 -0.00337709 -17.4206 0.00392332 0.00127722 0.999991 1.28483
0.794583 -0.607155 -0.000477727 -45.4587 0.607151 0.79458 -0.00307159 -17.8947 0.00224452 0.00215058 0.999995 1.31454
0.790673 -0.612229 0.00330143 -46.0762 0.612235 0.790675 -0.00113802 -18.3858 -0.00191363 0.00292105 0.999994 1.32555
0.78736 -0.616454 0.00700086 -46.7018 0.616462 0.787384 0.00108942 -18.8615 -0.00618394 0.003458 0.999975 1.3329
0.7836 -0.621195 0.00934362 -47.3106 0.621192 0.78365 0.00360733 -19.3595 -0.00956299 0.00297747 0.99995 1.36535
0.779967 -0.625749 0.00949277 -47.9226 0.625738 0.780021 0.00444393 -19.8495 -0.0101853 0.00247386 0.999945 1.39447
0.776452 -0.630141 0.00664722 -48.5344 0.630135 0.776479 0.00317434 -20.3601 -0.00716171 0.00172393 0.999973 1.41959
0.772798 -0.63463 0.00521736 -49.1564 0.634638 0.77281 0.000272931 -20.8761 -0.00420524 0.00310022 0.999986 1.44915
0.769375 -0.638778 0.0048798 -49.7642 0.638795 0.769371 -0.0031813 -21.3831 -0.00172222 0.0055648 0.999983 1.47114
0.766469 -0.642257 0.00548724 -50.3801 0.642278 0.766464 -0.00347256 -21.9011 -0.00197549 0.00618594 0.999979 1.48062
0.763826 -0.645381 0.00723158 -50.9974 0.645411 0.763831 -0.00272 -22.4273 -0.00376827 0.00674495 0.99997 1.50714
0.761293 -0.648348 0.008784 -51.6009 0.648387 0.761307 -0.00240694 -22.9544 -0.00512679 0.00752782 0.999959 1.53742
0.759092 -0.650912 0.00965955 -52.2153 0.650961 0.759106 -0.00289079 -23.48 -0.00545097 0.00848236 0.999949 1.55396
0.757273 -0.653035 0.00910522 -52.8306 0.653088 0.757267 -0.0047751 -24.027 -0.00377677 0.00956256 0.999947 1.57882
0.755063 -0.655598 0.00837692 -53.4527 0.655649 0.755034 -0.00684317 -24.5629 -0.00183849 0.0106593 0.999941 1.59389
0.753925 -0.656921 0.00719963 -54.0751 0.656961 0.753869 -0.009179 -25.1059 0.000602301 0.0116502 0.999932 1.62177
0.753806 -0.657069 0.00614212 -54.6799 0.657094 0.753736 -0.0105136 -25.6413 0.00227863 0.0119612 0.999926 1.63552
0.753703 -0.657194 0.00531411 -55.301 0.657208 0.753634 -0.0106254 -26.1847 0.00297805 0.0115009 0.999929 1.64586
0.754136 -0.656688 0.00626673 -55.9364 0.656715 0.754069 -0.0102873 -26.7324 0.00203002 0.0118735 0.999927 1.67093
0.755257 -0.65539 0.007169 -56.5729 0.655429 0.755206 -0.0087354 -27.263 0.000311017 0.0112962 0.999936 1.68685
0.755749 -0.654829 0.00659172 -57.1913 0.654861 0.755695 -0.00908139 -27.807 0.000965425 0.0111799 0.999937 1.70314
0.756158 -0.654373 0.00451658 -57.8107 0.65438 0.756093 -0.0105193 -28.3522 0.00346858 0.0109098 0.999934 1.72873
0.757205 -0.653171 0.0030274 -58.4325 0.653146 0.757114 -0.0133758 -28.8935 0.00644458 0.0121055 0.999906 1.74822
0.757826 -0.652452 0.00251483 -59.0544 0.652403 0.757709 -0.0157241 -29.4204 0.00835369 0.0135568 0.999873 1.75806
0.758899 -0.651209 0.000174168 -59.6716 0.651131 0.758804 -0.0156839 -29.9461 0.0100813 0.0120159 0.999877 1.76467
0.760032 -0.649885 -0.00111891 -60.3002 0.649793 0.759951 -0.0155805 -30.4664 0.0109759 0.0111147 0.999878 1.8016
0.761501 -0.648164 -0.000265021 -60.9138 0.648092 0.761423 -0.0145717 -31.0031 0.00964667 0.0109246 0.999894 1.81299
0.762887 -0.646529 0.00161504 -61.545 0.646485 0.7628 -0.0138795 -31.5299 0.00774158 0.0116326 0.999902 1.8193
0.764184 -0.64499 0.00330885 -62.1559 0.64497 0.764094 -0.0132078 -32.029 0.00599061 0.0122273 0.999907 1.82679
0.76656 -0.642161 0.00385448 -62.7665 0.642153 0.766476 -0.0124032 -32.5459 0.00501046 0.0119829 0.999916 1.84415
0.769131 -0.639088 0.00214973 -63.392 0.63906 0.769055 -0.012538 -33.0552 0.00635962 0.0110172 0.999919 1.85618
0.771678 -0.636009 0.0023071 -64.0265 0.635984 0.771603 -0.0124038 -33.5727 0.00610876 0.011039 0.99992 1.88139
0.774264 -0.632854 0.00319088 -64.6454 0.632846 0.774198 -0.0110955 -34.0783 0.00455145 0.0106102 0.999933 1.89169
0.77706 -0.629414 0.00404675 -65.2797 0.629417 0.776993 -0.0107769 -34.5848 0.00363884 0.0109214 0.999934 1.91402
0.780025 -0.625736 0.00386029 -65.9093 0.625731 0.779945 -0.0120854 -35.0795 0.00455146 0.0118424 0.99992 1.93056
0.783127 -0.621851 0.00370519 -66.5439 0.621838 0.783031 -0.0134145 -35.5783 0.00544054 0.0128093 0.999903 1.93024
0.786473 -0.617606 0.00472262 -67.1788 0.617601 0.786355 -0.0146471 -36.0671 0.00533248 0.0144362 0.999882 1.94729
0.790112 -0.61294 0.00522962 -67.834 0.612945 0.789998 -0.0142102 -36.5689 0.00457859 0.0144331 0.999885 1.96269
0.793428 -0.608647 0.00449716 -68.4752 0.608639 0.793306 -0.0149845 -37.0461 0.00555263 0.0146262 0.999878 1.9819
0.797028 -0.603932 0.00353039 -69.1211 0.603911 0.796915 -0.0147779 -37.5386 0.0061114 0.0139104 0.999885 1.99509
0.800709 -0.599046 0.00295681 -69.7718 0.59901 0.800582 -0.0159619 -38.0259 0.00719475 0.014552 0.999868 2.024
0.804518 -0.593925 0.00218124 -70.4163 0.593872 0.804386 -0.0167208 -38.4971 0.00817634 0.0147476 0.999858 2.03069
0.807765 -0.589499 0.00280674 -71.0889 0.589459 0.807632 -0.0163787 -38.9659 0.00738842 0.0148846 0.999862 2.04047
0.811395 -0.58449 0.0029565 -71.7571 0.584453 0.81126 -0.0164698 -39.4272 0.00722795 0.0150915 0.99986 2.07455
0.815174 -0.579211 0.00258827 -72.4206 0.579168 0.815038 -0.016655 -39.8962 0.00753725 0.0150758 0.999858 2.08064
0.819033 -0.573737 0.00318928 -73.1037 0.573704 0.818895 -0.0165838 -40.3603 0.00690305 0.0154124 0.999857 2.08987
0.823201 -0.567741 0.00315762 -73.7601 0.567711 0.823068 -0.0162318 -40.8132 0.0066165 0.0151546 0.999863 2.10821
0.827247 -0.561819 0.00468032 -74.4436 0.561819 0.827123 -0.0150756 -41.2701 0.00459856 0.0151008 0.999875 2.12165
0.831746 -0.555126 0.00572908 -75.1185 0.55515 0.831644 -0.0132955 -41.7223 0.00261612 0.014239 0.999895 2.12931
0.836379 -0.548117 0.00613947 -75.8086 0.54815 0.8363 -0.0116174 -42.155 0.00123324 0.0130819 0.999914 2.15833
0.840486 -0.541807 0.0053581 -76.503 0.541832 0.840423 -0.010364 -42.586 0.00111221 0.011614 0.999932 2.17841
0.844798 -0.535071 0.00396169 -77.1805 0.535083 0.844748 -0.00929229 -43.0119 0.0016254 0.00996994 0.999949 2.19612
0.849332 -0.527847 0.00354392 -77.8758 0.527855 0.849282 -0.00941167 -43.4349 0.00195814 0.00986431 0.999949 2.22648
0.853681 -0.520791 0.00248467 -78.5938 0.520786 0.853624 -0.0103627 -43.8536 0.00327584 0.0101405 0.999943 2.24244
0.85849 -0.512827 0.00183452 -79.299 0.512816 0.858433 -0.0106033 -44.2656 0.00386286 0.0100436 0.999942 2.25457
0.863545 -0.50427 0.00126252 -80.0112 0.504255 0.863496 -0.0100613 -44.6719 0.00398344 0.00932504 0.999949 2.26901
0.86832 -0.496 0.00186854 -80.7265 0.495994 0.868275 -0.00943732 -45.0711 0.00305851 0.00912141 0.999954 2.28275
0.872858 -0.48796 0.00368357 -81.4425 0.487973 0.872826 -0.0075575 -45.4493 0.000472639 0.00839411 0.999965 2.31364
0.877444 -0.479629 0.00686013 -82.1712 0.479658 0.87745 -0.00323035 -45.8332 -0.00447006 0.00612496 0.999971 2.34327
0.882246 -0.470688 0.00976324 -82.9046 0.470717 0.882284 -0.000758274 -46.2137 -0.00825704 0.00526471 0.999952 2.36809
0.886564 -0.462472 0.0110924 -83.6316 0.462509 0.886614 -0.000840067 -46.5887 -0.00944618 0.00587511 0.999938 2.38937
0.890845 -0.454199 0.00996279 -84.3651 0.454231 0.890883 -0.00106533 -46.9492 -0.00839181 0.00547445 0.99995 2.40508
0.895088 -0.445816 0.00812007 -85.1172 0.445839 0.895112 -0.00129318 -47.3074 -0.00669185 0.00477775 0.999966 2.43806
0.899497 -0.436853 0.00801976 -85.874 0.436875 0.899521 -0.0012107 -47.6605 -0.00668505 0.00459266 0.999967 2.46975
0.903775 -0.427855 0.0114282 -86.613 0.42789 0.903831 -0.000716597 -48.0118 -0.0100225 0.00553764 0.999934 2.51373
0.907665 -0.419406 0.0155772 -87.3599 0.419466 0.907771 -0.000647211 -48.3487 -0.0138691 0.00712155 0.999878 2.55918
0.911363 -0.411273 0.0164896 -88.1266 0.411321 0.91149 0.00051235 -48.6763 -0.0152408 0.00631559 0.999864 2.57131
0.915257 -0.402572 0.0155039 -88.8872 0.402617 0.915368 0.000196068 -49.0002 -0.0142707 0.00606269 0.99988 2.60305
0.91918 -0.393588 0.0140411 -89.6535 0.393632 0.919268 -0.000415344 -49.322 -0.012744 0.0059088 0.999901 2.63323
0.923074 -0.384348 0.0145501 -90.432 0.384406 0.923163 -0.00134591 -49.6384 -0.0129149 0.00683554 0.999893 2.66859
0.92675 -0.375307 0.0167032 -91.2079 0.375379 0.92687 -0.0013114 -49.9451 -0.0149896 0.00748539 0.99986 2.70538
0.930306 -0.366323 0.018397 -91.9745 0.3664 0.930457 -0.000830497 -50.2391 -0.0168134 0.00751328 0.99983 2.73386
0.933901 -0.357075 0.0180547 -92.7617 0.357153 0.934045 -0.0011598 -50.5285 -0.0164497 0.0075314 0.999836 2.76927
0.937383 -0.347893 0.016856 -93.5546 0.34797 0.937504 -0.00182285 -50.8051 -0.0151684 0.0075741 0.999856 2.80209
0.94071 -0.338803 0.0166522 -94.3328 0.338885 0.940825 -0.00230247 -51.0751 -0.0148867 0.00780914 0.999859 2.84189
0.943855 -0.329871 0.017974 -95.1323 0.329972 0.943986 -0.00290566 -51.3514 -0.0160087 0.00867345 0.999834 2.86324
0.946759 -0.321469 0.0174835 -95.9338 0.321567 0.946882 -0.00302556 -51.5996 -0.0155822 0.0084866 0.999843 2.88626
0.949427 -0.313612 0.0153452 -96.7286 0.313696 0.949518 -0.00336046 -51.8528 -0.0135166 0.00800423 0.999877 2.9225
0.951939 -0.305913 0.0151166 -97.542 0.306002 0.952023 -0.00388519 -52.113 -0.0132028 0.00832417 0.999878 2.96976
0.954194 -0.298729 0.016552 -98.3407 0.298833 0.954297 -0.00413844 -52.3494 -0.0145592 0.00889514 0.999854 3.00097
0.956257 -0.291946 0.0184417 -99.1289 0.292047 0.956399 -0.00298181 -52.5903 -0.0167671 0.00823722 0.999825 3.02754
0.958374 -0.284855 0.0194347 -99.9407 0.284953 0.958539 -0.00239721 -52.8213 -0.0179461 0.0078354 0.999808 3.06664
0.960541 -0.277641 0.0166347 -100.777 0.277721 0.960658 -0.00268506 -53.0473 -0.0152348 0.00719892 0.999858 3.09976
0.96231 -0.271655 0.0127564 -101.596 0.271712 0.962374 -0.00288235 -53.2564 -0.0114934 0.00623977 0.999914 3.1066
0.964209 -0.264982 0.00920698 -102.412 0.265009 0.964244 -0.00187615 -53.4797 -0.00838063 0.00424894 0.999956 3.15121
0.966055 -0.258218 0.00784147 -103.216 0.258231 0.966083 -0.000595891 -53.6957 -0.00742164 0.00260057 0.999969 3.19512
0.967858 -0.251337 0.00894471 -104.041 0.251361 0.967892 -0.00173668 -53.9012 -0.00822102 0.00392921 0.999958 3.22456
0.969575 -0.244497 0.012047 -104.871 0.244516 0.969645 -0.000107702 -54.1009 -0.011655 0.00305011 0.999927 3.23542
0.971247 -0.237668 0.0138787 -105.699 0.237656 0.971346 0.00253539 -54.2844 -0.0140836 0.000835875 0.9999 3.26167
0.972992 -0.230563 0.0112761 -106.534 0.230533 0.973057 0.00390942 -54.4687 -0.0118736 -0.00120432 0.999929 3.32335
0.974629 -0.223817 0.00206485 -107.386 0.223816 0.974631 0.000652328 -54.6733 -0.00215847 -0.000173631 0.999998 3.36541
0.976302 -0.216364 -0.00456127 -108.225 0.216344 0.976307 -0.00448046 -54.8543 0.00542261 0.00338748 0.99998 3.34924
0.977751 -0.209742 -0.00349094 -109.057 0.209722 0.977747 -0.00517947 -55.0294 0.0044996 0.0043321 0.99998 3.35652
0.979303 -0.202323 0.00563196 -109.886 0.202335 0.979315 -0.00170412 -55.1875 -0.00517068 0.00280839 0.999983 3.39385
0.980934 -0.19396 0.0122014 -110.73 0.193953 0.981009 0.00174428 -55.3428 -0.012308 0.000655471 0.999924 3.42235
0.982398 -0.186215 0.0147973 -111.587 0.186192 0.982509 0.00298893 -55.4947 -0.015095 -0.000181195 0.999886 3.48337
0.983874 -0.178441 0.0122381 -112.438 0.17844 0.98395 0.00123291 -55.6405 -0.0122617 0.000970727 0.999924 3.50911
0.985256 -0.170873 0.00860317 -113.292 0.170876 0.985292 0.000336868 -55.7839 -0.0085342 0.00113818 0.999963 3.50488
0.9866 -0.163016 0.00680351 -114.153 0.163019 0.986623 1.67261e-05 -55.9077 -0.00671522 0.0010926 0.999977 3.52675
0.987802 -0.155547 0.00726927 -115.005 0.155551 0.987828 3.90947e-05 -56.0356 -0.00718687 0.00109212 0.999974 3.56704
0.989034 -0.147453 0.00835199 -115.881 0.147454 0.989069 0.000493894 -56.1614 -0.00833352 0.000743052 0.999965 3.59642
0.990193 -0.139409 0.00912938 -116.742 0.139403 0.990235 0.00132467 -56.2715 -0.0092249 -3.9016e-05 0.999957 3.61256
0.991183 -0.132113 0.0100728 -117.6 0.132095 0.991234 0.00246331 -56.3757 -0.0103099 -0.00111103 0.999946 3.65099
0.992104 -0.125011 0.01006 -118.447 0.124973 0.992151 0.00432951 -56.4656 -0.0105223 -0.00303809 0.99994 3.6772
0.993072 -0.117092 0.00987752 -119.324 0.117025 0.993103 0.00717611 -56.5671 -0.0106497 -0.00597048 0.999925 3.72173
0.994053 -0.108439 0.00996307 -120.207 0.108348 0.99407 0.00927872 -56.6638 -0.0109102 -0.00814407 0.999907 3.76678
0.994893 -0.100512 0.00924847 -121.088 0.100419 0.994894 0.0100689 -56.7373 -0.0102133 -0.00908877 0.999907 3.78777
0.995636 -0.0929235 0.0086313 -121.96 0.0928385 0.995633 0.00977128 -56.8078 -0.00950159 -0.00892732 0.999915 3.79539
0.996336 -0.0850615 0.00889027 -122.825 0.0849758 0.996337 0.00961053 -56.8795 -0.00967518 -0.00881986 0.999914 3.80873
0.996956 -0.0774272 0.00917981 -123.718 0.0773351 0.996955 0.00999534 -56.9374 -0.00992577 -0.00925499 0.999908 3.84779
0.997529 -0.0695834 0.00964829 -124.587 0.0694824 0.997529 0.0104343 -56.9926 -0.0103505 -0.00973817 0.999899 3.89086
0.998024 -0.0620797 0.00968228 -125.462 0.0619836 0.998028 0.00992878 -57.0379 -0.0102796 -0.00930902 0.999904 3.93217
0.998484 -0.0543547 0.00864643 -126.361 0.0542843 0.998492 0.00818111 -57.0749 -0.00907807 -0.00769934 0.999929 3.95835
0.998905 -0.0463339 0.0064132 -127.228 0.0462908 0.998905 0.00671548 -57.1072 -0.00671734 -0.00641125 0.999957 3.96808
0.999251 -0.0382419 0.00585872 -128.115 0.0382093 0.999254 0.00557898 -57.1323 -0.0060677 -0.00535095 0.999967 4.01078
0.999518 -0.0303626 0.00654088 -128.999 0.030331 0.999528 0.00488363 -57.1495 -0.00668608 -0.00468289 0.999967 4.05143
0.999723 -0.0225234 0.00675739 -129.901 0.0224923 0.999736 0.00464154 -57.169 -0.00686015 -0.00448827 0.999966 4.07014
0.999873 -0.0148087 0.00581793 -130.793 0.0147844 0.999882 0.00421264 -57.1783 -0.00587963 -0.00412609 0.999974 4.09938
0.999962 -0.00760604 0.00428155 -131.682 0.00758905 0.999963 0.00397146 -57.1807 -0.0043116 -0.00393881 0.999983 4.1255
0.999994 -0.000696397 0.00335546 -132.581 0.000684479 0.999993 0.00355172 -57.1719 -0.00335791 -0.0035494 0.999988 4.15035
0.999978 0.00576748 0.00320405 -133.492 -0.00577722 0.999979 0.00304089 -57.1636 -0.00318644 -0.00305933 0.99999 4.17833
0.999911 0.0128356 0.0035596 -134.397 -0.0128439 0.999915 0.00231905 -57.147 -0.00352953 -0.00236456 0.999991 4.20596
0.999786 0.0201229 0.00484882 -135.309 -0.0201353 0.999794 0.00252152 -57.111 -0.00479708 -0.00261862 0.999985 4.2165
0.999622 0.0268354 0.00600868 -136.196 -0.0268554 0.999634 0.00326822 -57.0783 -0.00591877 -0.00342835 0.999977 4.25434
0.999427 0.0333328 0.00580121 -137.083 -0.033351 0.999439 0.00306822 -57.037 -0.00569568 -0.00325994 0.999978 4.29366
0.999213 0.0392654 0.00563203 -137.987 -0.0392787 0.999226 0.00226775 -57.0051 -0.00553862 -0.00248718 0.999982 4.32117
0.998918 0.0461349 0.00590938 -138.912 -0.04615 0.998932 0.00243125 -56.9544 -0.0057909 -0.00270134 0.99998 4.3348
0.998587 0.0528788 0.00528823 -139.836 -0.0528946 0.998596 0.00289266 -56.8934 -0.00512784 -0.00316829 0.999982 4.34377
0.998196 0.0595538 0.00766013 -140.754 -0.059584 0.998216 0.00378135 -56.8327 -0.00742127 -0.00423094 0.999964 4.3868
0.997759 0.0664725 0.00769801 -141.666 -0.0665021 0.99778 0.00364836 -56.7612 -0.0074384 -0.00415211 0.999964 4.42722
0.997295 0.0733477 0.00484288 -142.597 -0.0733664 0.997298 0.00382086 -56.6937 -0.00454954 -0.00416583 0.999981 4.42279
0.996751 0.0804855 -0.00294927 -143.528 -0.0804682 0.996742 0.00556986 -56.6139 0.00338796 -0.00531445 0.99998 4.46076
0.996076 0.0884097 -0.00402334 -144.423 -0.0883828 0.996066 0.00644483 -56.5183 0.0045773 -0.00606394 0.999971 4.51631
0.995333 0.0964548 0.00282139 -145.365 -0.0964686 0.995322 0.00526717 -56.418 -0.00230015 -0.00551476 0.999982 4.50863
