1 0 0 0 0 1 0 0 0 0 1 0
1 2.94143e-05 -1.94252e-06 -0.00190921 -2.94144e-05 1 -1.24435e-05 -0.00099458 1.94216e-06 1.24436e-05 1 7.82889e-05
1 6.13832e-05 1.86957e-05 -0.00231179 -6.13824e-05 1 -4.18741e-05 0.000415223 -1.86983e-05 4.18729e-05 1 0.000262518
1 1.97156e-05 2.7152e-05 -0.00175894 -1.97154e-05 1 -6.71316e-06 -0.00310479 -2.71522e-05 6.71263e-06 1 0.000321636
1 -1.71685e-05 3.39498e-05 -0.00308156 1.71684e-05 1 4.2226e-06 -0.00294283 -3.39499e-05 -4.22202e-06 1 0.00082497
1 -8.64361e-06 1.80533e-05 -0.00137401 8.64374e-06 1 -7.3197e-06 -0.000486054 -1.80533e-05 7.31985e-06 1 -0.000548459
1 5.7839e-05 -7.60964e-06 0.000190224 -5.7839e-05 1 -7.00511e-07 -0.0028767 7.6096e-06 7.00951e-07 1 0.00128748
1 4.42936e-05 -8.73674e-06 -0.00330608 -4.42935e-05 1 4.97471e-06 -0.005386 8.73696e-06 -4.97432e-06 1 0.00138534
1 5.41849e-05 3.20979e-05 -0.0077301 -5.41851e-05 1 6.11391e-06 -0.000863926 -3.20976e-05 -6.11565e-06 1 0.00133838
1 5.57928e-05 -3.49891e-05 -0.0030687 -5.57932e-05 1 -9.90895e-06 0.00258445 3.49886e-05 9.91091e-06 1 0.000976869
1 5.66358e-05 -3.80557e-05 0.000181664 -5.66364e-05 1 -1.64492e-05 -0.00228533 3.80547e-05 1.64514e-05 1 0.00144526
1 6.60259e-05 1.89322e-05 -0.00306155 -6.60263e-05 1 2.07844e-05 -0.00256643 -1.89308e-05 -2.07856e-05 1 0.00170749
1 -3.28819e-05 1.81962e-05 -0.00281292 3.28818e-05 1 3.87751e-06 0.000190785 -1.81964e-05 -3.87692e-06 1 0.000721895
1 3.05675e-05 3.30312e-05 -0.00191279 -3.05675e-05 1 -4.80691e-07 0.000638819 -3.30312e-05 4.79682e-07 1 -2.65007e-05
1 3.86604e-05 2.64271e-05 -0.00409948 -3.86605e-05 1 4.12813e-06 -0.00451376 -2.64269e-05 -4.12916e-06 1 0.000554757
1 7.68454e-05 2.94423e-06 -0.00404521 -7.68454e-05 1 1.10227e-05 -0.00200982 -2.94338e-06 -1.1023e-05 1 0.000680363
1 6.20436e-05 1.02482e-05 -0.00340054 -6.20436e-05 1 -3.10887e-06 -0.00243518 -1.02484e-05 3.10823e-06 1 0.0013032
1 2.83908e-05 6.07385e-06 -0.00310581 -2.83909e-05 1 1.31643e-05 -1.31921e-05 -6.07347e-06 -1.31645e-05 1 0.0011426
1 3.62742e-05 -2.5046e-05 0.00100138 -3.62737e-05 1 1.83535e-05 -0.00191821 2.50466e-05 -1.83526e-05 1 0.000838627
1 5.51787e-05 -1.94331e-05 -0.00462475 -5.51785e-05 1 1.0561e-05 -0.00693062 1.94337e-05 -1.056e-05 1 0.00165668
1 5.74896e-05 -2.21605e-05 -0.000166315 -5.74892e-05 1 1.78885e-05 -0.00801768 2.21615e-05 -1.78872e-05 1 0.00149133
1 -3.58115e-05 5.4343e-05 -0.00463634 3.58119e-05 1 -8.39977e-06 -0.000213431 -5.43427e-05 8.40171e-06 1 -0.000499229
1 6.86409e-05 1.11727e-06 -0.00271191 -6.86409e-05 1 1.56615e-06 -0.00357091 -1.11716e-06 -1.56623e-06 1 0.000356959
1 3.47331e-05 -5.13815e-06 -0.0020043 -3.4733e-05 1 2.08544e-05 -0.00521021 5.13887e-06 -2.08542e-05 1 0.00109956
1 7.12239e-06 -8.27044e-06 -0.00194762 -7.12235e-06 1 4.12572e-06 -0.00351896 8.27047e-06 -4.12566e-06 1 0.000739856
1 -5.89677e-06 1.21236e-05 -0.00337292 5.89693e-06 1 -1.34006e-05 0.004198 -1.21235e-05 1.34007e-05 1 0.000788225
1 -7.51643e-06 1.40923e-05 -0.00357196 7.51649e-06 1 -4.63648e-06 0.00265202 -1.40922e-05 4.63659e-06 1 0.000585804
1 4.76535e-05 2.63107e-05 -0.00491402 -4.76536e-05 1 5.38826e-06 -0.00440651 -2.63104e-05 -5.38952e-06 1 0.000793314
1 5.83562e-05 3.37377e-05 -0.0019876 -5.83561e-05 1 -2.17468e-06 -0.00429785 -3.37378e-05 2.17271e-06 1 -0.000420006
1 3.50727e-05 1.31165e-05 -0.00101562 -3.50726e-05 1 -7.64666e-06 -0.00221937 -1.31168e-05 7.6462e-06 1 5.74432e-05
1 3.35839e-05 1.52828e-05 -0.0050009 -3.35842e-05 1 1.45408e-05 -0.0016643 -1.52823e-05 -1.45413e-05 1 0.000506734
1 7.73305e-05 2.65836e-06 -0.00522688 -7.73306e-05 1 7.10474e-06 -0.00188671 -2.65781e-06 -7.10495e-06 1 0.0011456
1 4.06313e-05 1.34375e-05 -0.00247868 -4.06313e-05 1 -9.00613e-07 0.00106445 -1.34375e-05 9.00067e-07 1 0.000934441
1 6.55245e-05 2.05262e-05 -0.00398317 -6.55248e-05 1 1.30628e-05 -0.00864797 -2.05253e-05 -1.30641e-05 1 0.000247446
1 5.2895e-05 2.00825e-05 -0.00212984 -5.28951e-05 1 5.50599e-06 -0.00287818 -2.00822e-05 -5.50705e-06 1 0.000633674
1 9.44112e-06 1.67824e-05 -0.00210989 -9.44104e-06 1 -4.69471e-06 0.00107705 -1.67824e-05 4.69455e-06 1 0.000501354
1 1.50874e-05 -7.08822e-06 -3.89282e-05 -1.50874e-05 1 -8.28174e-06 0.000163226 7.08809e-06 8.28185e-06 1 5.86616e-05
1 4.42431e-05 1.48642e-05 -0.00200355 -4.42431e-05 1 -3.38831e-07 -0.00343267 -1.48642e-05 3.38173e-07 1 -0.000360273
1 8.12983e-05 3.83197e-06 -0.00143046 -8.12983e-05 1 1.64343e-05 -0.00442202 -3.83064e-06 -1.64346e-05 1 0.000442674
1 7.40912e-05 4.55422e-06 -0.00203204 -7.40913e-05 1 1.08392e-05 -0.00270452 -4.55342e-06 -1.08395e-05 1 0.000754049
1 2.3667e-05 4.17463e-05 -0.00209667 -2.36669e-05 1 -4.18302e-06 -0.00142118 -4.17464e-05 4.18203e-06 1 -0.000903291
1 2.08249e-05 2.54772e-05 -0.00116875 -2.08244e-05 1 -1.83696e-05 0.000358924 -2.54776e-05 1.83691e-05 1 1.58788e-05
1 -1.21651e-05 -1.43351e-06 0.000769735 1.21651e-05 1 -4.04879e-08 0.000875078 1.43351e-06 4.04705e-08 1 0.000849393
1 2.82583e-05 -2.02693e-05 0.00788495 -2.82585e-05 1 -9.64796e-06 -0.003195 2.0269e-05 9.64853e-06 1 2.79037e-06
1 2.19855e-05 -0.000130379 0.0232531 -2.19867e-05 1 -8.96827e-06 -0.00628382 0.000130379 8.97113e-06 1 0.00277303
1 -8.89246e-05 -0.000137568 0.0299715 8.89262e-05 1 1.15708e-05 -0.00641294 0.000137567 -1.15831e-05 1 0.0036142
1 -0.000130949 -6.84673e-05 0.0207205 0.000130951 1 3.06269e-05 -0.00416333 6.84633e-05 -3.06359e-05 1 0.00174376
1 -7.59614e-05 -1.96555e-05 0.00633161 7.59618e-05 1 2.04752e-05 -0.00503779 1.96539e-05 -2.04767e-05 1 0.00109706
1 -1.25202e-06 2.60908e-05 -0.0123392 1.25113e-06 1 3.39752e-05 -0.00931902 -2.60908e-05 -3.39751e-05 1 0.00136767
1 8.57458e-05 3.88779e-05 -0.0227123 -8.57473e-05 1 3.84445e-05 -0.0192959 -3.88746e-05 -3.84479e-05 1 0.00229117
1 9.12937e-05 6.47214e-05 -0.035705 -9.12965e-05 1 4.43092e-05 -0.0205679 -6.47174e-05 -4.43151e-05 1 0.00171004
1 -1.60394e-05 1.01026e-05 -0.0407394 1.60389e-05 1 5.0308e-05 -0.0193599 -1.01034e-05 -5.03078e-05 1 0.00326745
1 -0.000107289 -3.0528e-05 -0.0580161 0.000107289 1 1.6801e-05 -0.0121884 3.05262e-05 -1.68043e-05 1 0.00440743
1 -0.00014965 5.2366e-05 -0.0849132 0.000149649 1 1.99583e-05 -0.00378747 -5.2369e-05 -1.99505e-05 1 0.00323912
1 7.02653e-05 0.000151394 -0.121597 -7.02762e-05 1 7.18238e-05 -0.00289215 -0.000151389 -7.18345e-05 1 0.00330288
1 0.000212134 0.000279511 -0.193101 -0.000212176 1 0.000149672 -0.00464283 -0.000279479 -0.000149731 1 0.0056041
1 0.000548816 0.000434544 -0.254732 -0.000548892 1 0.00017589 -0.00665634 -0.000434447 -0.000176128 1 0.00358433
0.999999 0.000859681 0.000549028 -0.321149 -0.000859731 1 9.0489e-05 -0.0106451 -0.00054895 -9.0961e-05 1 0.00525615
1 -0.000406305 0.000551351 -0.407023 0.000406241 1 0.000116386 -0.00102409 -0.000551398 -0.000116162 1 0.00624504
0.999999 -0.000805222 0.000639251 -0.468863 0.000805141 1 0.00012794 0.0039139 -0.000639354 -0.000127425 1 0.00824018
0.999999 -0.000645267 0.000934035 -0.557746 0.000645069 1 0.000211689 0.00302299 -0.000934172 -0.000211086 1 0.00953749
0.999999 -0.000539428 0.00120835 -0.670932 0.000539074 1 0.00029338 0.0136103 -0.00120851 -0.000292729 0.999999 0.0104376
0.999999 -0.000333813 0.00140434 -0.782721 0.000333328 1 0.000345626 0.0167609 -0.00140446 -0.000345157 0.999999 0.0120474
0.999998 -0.000809246 0.00161827 -0.893971 0.000808577 1 0.000414529 0.00741192 -0.0016186 -0.00041322 0.999999 0.0120307
0.999998 -0.00110907 0.00178323 -1.02877 0.00110837 0.999999 0.00039045 0.00450753 -0.00178366 -0.000388472 0.999998 0.0152696
0.999998 -0.000893869 0.00200989 -1.15869 0.000893001 1 0.000432712 0.00116982 -0.00201028 -0.000430916 0.999998 0.0172364
0.999997 -0.000767892 0.00213633 -1.29019 0.000766695 1 0.000561103 0.00544896 -0.00213676 -0.000559464 0.999998 0.0225872
0.999997 -0.000402073 0.00256273 -1.45911 0.000400442 1 0.000637275 -0.0118927 -0.00256298 -0.000636247 0.999997 0.0234759
0.999996 0.000255858 0.00271625 -1.64252 -0.000257369 1 0.000556121 -0.0157381 -0.00271611 -0.000556818 0.999996 0.029044
0.999996 0.000974835 0.00277243 -1.84158 -0.000976197 0.999999 0.000490178 0.00220619 -0.00277196 -0.000492882 0.999996 0.0323883
0.999994 0.00175164 0.00290827 -2.04308 -0.00175365 0.999998 0.0006876 0.0182899 -0.00290706 -0.000692696 0.999996 0.0348848
0.999994 0.00228016 0.00277169 -2.2676 -0.00228293 0.999997 0.00099471 0.0189048 -0.00276942 -0.00100103 0.999996 0.0444914
0.999991 0.00340627 0.00268445 -2.46472 -0.00340915 0.999994 0.00106728 0.0190931 -0.0026808 -0.00107643 0.999996 0.0501141
0.999984 0.00487724 0.00294206 -2.69418 -0.00488063 0.999987 0.00114456 0.0300942 -0.00293644 -0.0011589 0.999995 0.0536023
0.999973 0.0065082 0.00329714 -2.92678 -0.00651297 0.999978 0.00144038 0.037256 -0.0032877 -0.00146182 0.999994 0.0580356
0.999962 0.00796521 0.00341667 -3.15188 -0.00797158 0.999967 0.00185651 0.0360814 -0.00340177 -0.00188367 0.999992 0.068977
0.999951 0.00906071 0.00393281 -3.42519 -0.0090691 0.999957 0.00212038 0.0458707 -0.00391342 -0.00215595 0.99999 0.0808953
0.999932 0.0105409 0.00508115 -3.70076 -0.0105535 0.999941 0.00245128 0.0511005 -0.00505501 -0.00250473 0.999984 0.0874172
0.999912 0.0121542 0.00534596 -3.96448 -0.0121683 0.999923 0.00260551 0.0469049 -0.00531388 -0.00267033 0.999982 0.0970048
0.999884 0.0140297 0.00597323 -4.24731 -0.0140438 0.999899 0.00232838 0.047034 -0.00593996 -0.002412 0.999979 0.107594
0.999847 0.0160568 0.00693382 -4.55467 -0.0160693 0.999869 0.00174618 0.0540482 -0.00690488 -0.00185734 0.999974 0.105448
0.999824 0.0170191 0.00791954 -4.89619 -0.0170307 0.999854 0.00139428 0.0501965 -0.00789466 -0.00152891 0.999968 0.103275
0.999783 0.0188963 0.00879649 -5.20663 -0.0189121 0.99982 0.00172195 0.0533564 -0.00876237 -0.00188793 0.99996 0.111952
0.999739 0.0207243 0.00966373 -5.52407 -0.0207492 0.999782 0.0024878 0.0816147 -0.00961006 -0.00268766 0.99995 0.126912
0.999697 0.0220566 0.0109513 -5.86504 -0.0220908 0.999751 0.00300843 0.119548 -0.0108822 -0.00324944 0.999936 0.135496
0.999658 0.0236218 0.0111859 -6.19432 -0.0236566 0.999716 0.00298561 0.13085 -0.0111122 -0.00324921 0.999933 0.143697
0.999601 0.0261694 0.0106672 -6.53659 -0.0262001 0.999653 0.00274445 0.122174 -0.0105917 -0.00302284 0.999939 0.154049
0.999541 0.028532 0.0101862 -6.91161 -0.0285587 0.999589 0.00249427 0.110408 -0.0101108 -0.00278403 0.999945 0.16486
0.999498 0.0299974 0.010189 -7.30339 -0.0300188 0.999547 0.00195468 0.136304 -0.0101257 -0.00225956 0.999946 0.171003
0.999441 0.0318396 0.0102368 -7.6693 -0.031856 0.999491 0.00145198 0.146483 -0.0101853 -0.00177727 0.999947 0.180657
0.999373 0.0339027 0.0102173 -8.06369 -0.0339163 0.999424 0.00116268 0.144373 -0.010172 -0.00150849 0.999947 0.183889
0.999317 0.0355748 0.00999908 -8.45714 -0.0355884 0.999366 0.00118398 0.17938 -0.00995062 -0.00153902 0.999949 0.185863
0.999246 0.0375521 0.00988404 -8.8487 -0.0375709 0.999292 0.00172995 0.209476 -0.00981209 -0.0021 0.99995 0.20039
0.99919 0.0389708 0.0100661 -9.27801 -0.0389919 0.999238 0.0019079 0.253377 -0.00998405 -0.00229885 0.999948 0.218127
0.999098 0.0412167 0.0102123 -9.69315 -0.0412368 0.999148 0.00176696 0.266206 -0.0101307 -0.00218648 0.999946 0.226603
0.999013 0.043127 0.0106175 -10.1056 -0.0431456 0.999068 0.00153539 0.272355 -0.0105414 -0.00199197 0.999942 0.232588
0.998945 0.0449148 0.00961888 -10.5438 -0.0449286 0.998989 0.00123035 0.293728 -0.0095539 -0.00166121 0.999953 0.234581
0.998894 0.0462582 0.00839667 -10.9953 -0.0462707 0.998928 0.00129904 0.326185 -0.00832757 -0.00168612 0.999964 0.246121
0.998863 0.0470252 0.00788387 -11.4429 -0.0470403 0.998891 0.00173592 0.355229 -0.0077935 -0.0021048 0.999967 0.261488
0.998816 0.0479627 0.00809894 -11.8866 -0.0479834 0.998845 0.00238798 0.388794 -0.00797506 -0.00277376 0.999964 0.280681
0.998765 0.0489833 0.00826748 -12.3454 -0.0490056 0.998795 0.00252243 0.403642 -0.00813396 -0.00292447 0.999963 0.293637
0.998742 0.0495916 0.00743583 -12.843 -0.049613 0.998765 0.00273066 0.42985 -0.00729123 -0.00309614 0.999969 0.29803
0.998734 0.0498504 0.00671089 -13.3288 -0.0498726 0.99875 0.0031888 0.453464 -0.00654355 -0.00351945 0.999972 0.31559
0.998745 0.0496531 0.00653044 -13.8006 -0.0496786 0.998758 0.00379104 0.494531 -0.00633409 -0.00411071 0.999971 0.335526
0.998779 0.0490156 0.00611738 -14.2868 -0.0490414 0.998788 0.0041422 0.528929 -0.00590693 -0.00443715 0.999973 0.358826
0.998804 0.0484966 0.00627368 -14.7818 -0.0485241 0.998813 0.00429677 0.530614 -0.00605786 -0.00459605 0.999971 0.369254
0.998817 0.0481326 0.0068726 -15.3091 -0.0481628 0.99883 0.00428918 0.546395 -0.00665811 -0.00461511 0.999967 0.377792
0.998832 0.0476669 0.00791538 -15.8173 -0.0477025 0.998852 0.00437643 0.562812 -0.00769769 -0.00474891 0.999959 0.392349
0.998857 0.0469623 0.00890472 -16.3337 -0.0470029 0.998885 0.00440432 0.5973 -0.00868795 -0.00481783 0.999951 0.40701
0.998871 0.0463692 0.0103655 -16.8646 -0.0464185 0.998912 0.00456815 0.624576 -0.0101424 -0.00504414 0.999936 0.420939
0.998881 0.0461375 0.0104427 -17.3996 -0.0461909 0.99892 0.00492499 0.650997 -0.0102042 -0.00540183 0.999933 0.434949
0.998918 0.0455258 0.00954725 -17.9516 -0.0455786 0.998946 0.00538544 0.689329 -0.00929201 -0.00581476 0.99994 0.44498
0.998964 0.0447833 0.00805771 -18.5045 -0.0448311 0.998977 0.00585595 0.711494 -0.00778722 -0.00621112 0.99995 0.468645
0.998985 0.0444358 0.007401 -19.0447 -0.0444799 0.998993 0.00590678 0.727859 -0.00713108 -0.00622998 0.999955 0.48715
0.998997 0.0442094 0.00704777 -19.6127 -0.0442497 0.999004 0.00567912 0.748999 -0.00678969 -0.00598529 0.999959 0.492186
0.999022 0.0435846 0.00745617 -20.2076 -0.0436285 0.999031 0.00582986 0.776983 -0.00719485 -0.00614946 0.999955 0.506667
0.999019 0.043305 0.0092626 -20.7796 -0.0433631 0.99904 0.00616512 0.7946 -0.00898673 -0.00656072 0.999938 0.525577
0.999014 0.0430091 0.0110356 -21.3713 -0.0430779 0.999053 0.00607917 0.820877 -0.0107637 -0.00654856 0.999921 0.544973
0.998938 0.0428102 0.0170465 -21.9682 -0.0429203 0.99906 0.00614629 0.847655 -0.0167674 -0.0068714 0.999836 0.562121
0.99851 0.0424525 0.034273 -22.57 -0.0427465 0.999055 0.00789067 0.866855 -0.0339056 -0.00934397 0.999381 0.599973
0.997754 0.0417476 0.0523813 -23.1501 -0.0423845 0.99904 0.0111069 0.911766 -0.0518673 -0.0133021 0.998565 0.633048
0.997272 0.0419055 0.0607633 -23.7458 -0.0430439 0.998919 0.0175483 0.956799 -0.0599622 -0.0201159 0.997998 0.650783
0.997532 0.042366 0.0559826 -24.3833 -0.0435989 0.998829 0.0209883 1.00024 -0.0550278 -0.0233773 0.998211 0.724287
0.998557 0.0424436 0.0329101 -25.034 -0.0430895 0.998887 0.0191717 1.01567 -0.0320598 -0.0205621 0.999274 0.767358
0.999094 0.042483 0.00269636 -25.7176 -0.0425192 0.99898 0.01521 1.02886 -0.00204744 -0.0153109 0.999881 0.761691
0.99891 0.0416416 -0.021079 -26.4027 -0.041349 0.999045 0.0141332 1.05062 0.0216474 -0.0132462 0.999678 0.737075
0.998616 0.0398798 -0.0342991 -27.0814 -0.0393461 0.999096 0.0160967 1.08848 0.0349101 -0.0147248 0.999282 0.737104
0.99872 0.0381728 -0.033175 -27.7354 -0.0375416 0.999106 0.0194454 1.13616 0.0338876 -0.018175 0.99926 0.771999
0.999066 0.0367337 -0.0227403 -28.3933 -0.0362932 0.999151 0.0194891 1.1566 0.0234369 -0.0186456 0.999551 0.803595
0.99936 0.0353238 -0.00564257 -29.0824 -0.0352412 0.999279 0.0141227 1.16522 0.00613737 -0.0139148 0.999884 0.829022
0.999266 0.0344074 0.0168573 -29.7729 -0.0345284 0.99938 0.00694156 1.16361 -0.016608 -0.00751852 0.999834 0.812532
0.99897 0.0321563 0.032004 -30.501 -0.0322858 0.999472 0.00353821 1.19263 -0.0318733 -0.00456784 0.999481 0.779955
0.998996 0.0305061 0.0328214 -31.2036 -0.0306716 0.999519 0.00455009 1.21731 -0.0326669 -0.00555221 0.999451 0.797177
0.999283 0.029253 0.0240462 -31.9519 -0.0294295 0.999542 0.00701954 1.26332 -0.0238299 -0.00772217 0.999686 0.853063
0.999484 0.0293322 0.0130848 -32.6935 -0.0294483 0.999528 0.00876517 1.27247 -0.0128216 -0.00914597 0.999876 0.9141
0.99953 0.0299211 0.00668163 -33.4581 -0.029968 0.999526 0.00704288 1.29099 -0.00646773 -0.00723981 0.999953 0.956564
0.999497 0.0305688 0.00850099 -34.2138 -0.030615 0.999517 0.00535239 1.30581 -0.00833326 -0.00560996 0.99995 0.945193
0.99943 0.0306978 0.0140742 -34.9843 -0.0307782 0.999511 0.00552974 1.33276 -0.0138975 -0.00595976 0.999886 0.945802
0.999367 0.0308169 0.0177803 -35.7547 -0.0309525 0.999493 0.00740006 1.36854 -0.0175433 -0.00794572 0.999815 0.969552
0.999351 0.0309468 0.018411 -36.5363 -0.031108 0.99948 0.00853402 1.40347 -0.0181373 -0.00910121 0.999794 1.01613
0.999365 0.0309401 0.0176896 -37.3455 -0.0310993 0.999478 0.00879496 1.43114 -0.0174083 -0.00933951 0.999805 1.04911
0.999387 0.0301655 0.0177647 -38.155 -0.0303175 0.999505 0.00834659 1.43462 -0.0175041 -0.00888006 0.999807 1.08607
0.999391 0.0283731 0.0202934 -38.9625 -0.0285219 0.999568 0.00708282 1.46462 -0.0200836 -0.00765732 0.999769 1.11437
0.999391 0.0268301 0.0223238 -39.7678 -0.0269696 0.999618 0.00597204 1.47755 -0.022155 -0.00657047 0.999733 1.12927
0.999446 0.0250785 0.0218771 -40.5883 -0.0252019 0.999668 0.00538357 1.50971 -0.0217348 -0.00593193 0.999746 1.15816
0.999557 0.0233417 0.0184803 -41.4272 -0.0234191 0.999718 0.00398386 1.53321 -0.0183821 -0.00441488 0.999821 1.18819
0.999645 0.0218838 0.0152271 -42.2846 -0.0219267 0.999756 0.00265376 1.55344 -0.0151653 -0.00298669 0.999881 1.21859
0.999682 0.0205848 0.0145866 -43.1661 -0.0206187 0.999785 0.00218065 1.56426 -0.0145386 -0.00248071 0.999891 1.2548
0.999711 0.0193251 0.0142927 -44.0324 -0.0193587 0.99981 0.00221185 1.58893 -0.0142472 -0.0024879 0.999895 1.27796
0.999746 0.0178932 0.0137307 -44.8904 -0.0179305 0.999836 0.00259792 1.6029 -0.0136819 -0.00284346 0.999902 1.30274
0.999768 0.0165541 0.0137615 -45.7645 -0.016596 0.999858 0.0029355 1.60869 -0.0137109 -0.00316321 0.999901 1.337
0.999772 0.0153692 0.014851 -46.6288 -0.015412 0.999877 0.00276766 1.614 -0.0148067 -0.00299591 0.999886 1.37134
0.999773 0.0140296 0.0160394 -47.5385 -0.0140774 0.999897 0.00287336 1.63993 -0.0159975 -0.00309851 0.999867 1.39397
0.999808 0.0123958 0.0151721 -48.4284 -0.0124424 0.999918 0.00297855 1.64369 -0.015134 -0.00316675 0.99988 1.42045
0.999851 0.0107696 0.0135134 -49.3141 -0.0108057 0.999938 0.00260712 1.6549 -0.0134845 -0.00275276 0.999905 1.45424
0.999888 0.00929455 0.0117547 -50.2187 -0.00932088 0.999954 0.00218731 1.65654 -0.0117339 -0.00229663 0.999929 1.48427
0.999921 0.0076797 0.009959 -51.121 -0.00769075 0.99997 0.00107229 1.67827 -0.00995046 -0.0011488 0.99995 1.51053
0.999938 0.00548832 0.00965783 -51.991 -0.00550366 0.999984 0.00156295 1.6835 -0.00964909 -0.001616 0.999952 1.53455
0.999945 0.00377737 0.00982561 -52.8672 -0.00379697 0.999991 0.00197636 1.68382 -0.00981805 -0.00201356 0.99995 1.587
0.99995 0.00157595 0.00989205 -53.7556 -0.00160407 0.999995 0.00283559 1.67773 -0.00988753 -0.00285132 0.999947 1.60566
0.999972 -0.000426314 0.00752683 -54.6382 0.000402945 0.999995 0.003106 1.68029 -0.00752811 -0.00310288 0.999967 1.62791
0.999965 -0.0025401 0.00798496 -55.5097 0.00252545 0.999995 0.0018446 1.67884 -0.0079896 -0.00182437 0.999966 1.67679
0.999897 -0.00449695 0.0136428 -56.3691 0.00448999 0.99999 0.000540385 1.66773 -0.0136451 -0.000479073 0.999907 1.7022
0.999752 -0.00672517 0.0212143 -57.2465 0.00671608 0.999977 0.000499629 1.66262 -0.0212172 -0.000357028 0.999775 1.73233
0.999711 -0.00872799 0.0223847 -58.0988 0.00870969 0.999962 0.000915167 1.66553 -0.0223918 -0.00071994 0.999749 1.75744
0.999809 -0.0104328 0.016514 -58.9506 0.010418 0.999945 0.000984841 1.65517 -0.0165233 -0.000812611 0.999863 1.79915
0.999869 -0.0120601 0.0108054 -59.8248 0.0120583 0.999927 0.000229613 1.63853 -0.0108074 -9.92881e-05 0.999942 1.83777
0.999856 -0.0134969 0.0103122 -60.6931 0.0135071 0.999908 -0.00092895 1.62854 -0.0102988 0.0010681 0.999946 1.86591
0.999784 -0.0150098 0.0143642 -61.5517 0.0150244 0.999887 -0.00091317 1.61767 -0.0143489 0.00112879 0.999896 1.90234
0.999693 -0.0168384 0.0181978 -62.4188 0.0168601 0.999857 -0.00103704 1.60547 -0.0181778 0.00134354 0.999834 1.93726
0.999656 -0.0180145 0.019078 -63.2605 0.0180411 0.999837 -0.00122063 1.58938 -0.0190529 0.0015644 0.999817 1.97465
0.999679 -0.0181536 0.0176627 -64.11 0.0181814 0.999834 -0.00141705 1.5676 -0.017634 0.00173772 0.999843 2.00615
0.999696 -0.0187334 0.0160006 -64.972 0.0187638 0.999822 -0.00175497 1.55608 -0.0159648 0.00205467 0.99987 2.03638
0.999701 -0.0196482 0.0145318 -65.8424 0.0196653 0.999806 -0.00104021 1.53441 -0.0145085 0.00132567 0.999894 2.06789
0.999696 -0.0206412 0.0135022 -66.7043 0.0206512 0.999787 -0.000604422 1.50934 -0.0134868 0.000883075 0.999909 2.1044
0.99968 -0.0210464 0.0140351 -67.5323 0.0210557 0.999778 -0.000511177 1.50246 -0.0140213 0.000806533 0.999901 2.1328
0.999658 -0.0222182 0.0138152 -68.3674 0.0222069 0.999753 0.000972543 1.48742 -0.0138334 -0.000665418 0.999904 2.16199
0.999663 -0.0227383 0.0125213 -69.224 0.0227033 0.999738 0.00293405 1.48214 -0.0125847 -0.00264878 0.999917 2.20104
0.999653 -0.023453 0.011975 -70.0552 0.023411 0.999719 0.00363448 1.45311 -0.0120569 -0.00335287 0.999922 2.25149
0.999578 -0.0243354 0.0158501 -70.9011 0.0243132 0.999703 0.00159054 1.42827 -0.0158841 -0.0012045 0.999873 2.29366
0.999409 -0.0256309 0.0228971 -71.7352 0.0256523 0.999671 -0.00064449 1.41204 -0.0228731 0.00123147 0.999738 2.30619
0.999242 -0.0269634 0.0280609 -72.58 0.0269925 0.999635 -0.000658668 1.39062 -0.0280329 0.0014156 0.999606 2.31848
0.999106 -0.0284187 0.0312838 -73.3917 0.0284318 0.999596 2.60165e-05 1.35922 -0.0312719 0.000863461 0.999511 2.37863
0.998664 -0.0291466 0.0426714 -74.2111 0.0290715 0.999575 0.00238012 1.33895 -0.0427227 -0.00113642 0.999086 2.45081
0.997946 -0.0310026 0.0560551 -75.0145 0.0307725 0.999514 0.00496367 1.31662 -0.0561817 -0.00322853 0.998415 2.51016
0.997855 -0.0327332 0.0566839 -75.8354 0.0324623 0.999457 0.00569364 1.29836 -0.0568395 -0.00384134 0.998376 2.55791
0.998787 -0.0339753 0.0356493 -76.6909 0.0338946 0.999421 0.00286529 1.27671 -0.035726 -0.0016535 0.99936 2.58411
0.999352 -0.0359027 -0.00247966 -77.5681 0.035908 0.999353 0.00212445 1.24856 0.00240178 -0.00221212 0.999995 2.58117
0.99858 -0.0377593 -0.0375743 -78.4051 0.0378373 0.999283 0.00136637 1.20627 0.0374958 -0.00278614 0.999293 2.61969
0.998146 -0.0387494 -0.0469453 -79.2401 0.0387515 0.999249 -0.000865226 1.16441 0.0469436 -0.000955582 0.998897 2.66153
0.998983 -0.039778 -0.0212125 -80.0372 0.039676 0.999199 -0.00520978 1.13305 0.0214028 0.00436286 0.999761 2.67626
0.998747 -0.0417156 0.027653 -80.8578 0.0418528 0.999114 -0.00440333 1.09522 -0.0274448 0.00555516 0.999608 2.65956
0.99745 -0.0447127 0.0556183 -81.6937 0.0449752 0.998982 -0.00347737 1.06136 -0.0554062 0.00596995 0.998446 2.67078
0.997712 -0.0466937 0.0488835 -82.5356 0.0469655 0.998887 -0.00442624 1.02405 -0.0486224 0.00671195 0.998795 2.71936
0.998555 -0.0471856 0.0257141 -83.383 0.0473834 0.998851 -0.00713891 0.975157 -0.0253477 0.00834702 0.999644 2.7872
0.998699 -0.0483313 0.0162504 -84.2415 0.0485115 0.998763 -0.0108841 0.91415 -0.0157042 0.0116583 0.999809 2.87249
0.998466 -0.0502307 0.0233056 -85.1007 0.0505375 0.998641 -0.0127646 0.85953 -0.0226327 0.0139228 0.999647 2.89111
0.99815 -0.052085 0.0313546 -85.9427 0.0525104 0.998537 -0.0129008 0.819354 -0.0306368 0.0145234 0.999425 2.89656
0.998047 -0.0536523 0.0319982 -86.804 0.0540515 0.998469 -0.0117449 0.796389 -0.0313191 0.0134515 0.999419 2.91821
0.998215 -0.0547215 0.0239193 -87.6503 0.0549843 0.998432 -0.0104693 0.742454 -0.0233089 0.0117657 0.999659 2.96822
0.998303 -0.0563584 0.0146473 -88.5103 0.0565119 0.998349 -0.010288 0.686214 -0.0140433 0.0110983 0.99984 3.01855
0.998277 -0.0576206 0.0110973 -89.3703 0.0577375 0.998276 -0.0105175 0.624489 -0.0104722 0.0111402 0.999883 3.05598
0.998202 -0.0586058 0.0125379 -90.2541 0.0587412 0.998216 -0.0107151 0.574151 -0.0118876 0.0114324 0.999864 3.08431
0.99813 -0.0591447 0.0154449 -91.1086 0.0593127 0.998183 -0.0106553 0.539055 -0.0147866 0.0115515 0.999824 3.09706
0.998023 -0.0599716 0.0187787 -91.9744 0.0601491 0.998148 -0.00903729 0.489663 -0.0182019 0.0101489 0.999783 3.1185
0.997996 -0.0601268 0.0197202 -92.8622 0.0602498 0.998167 -0.00570326 0.447728 -0.0193411 0.00687996 0.999789 3.152
0.998055 -0.0597955 0.0176034 -93.7435 0.0598496 0.998204 -0.00256151 0.400978 -0.0174186 0.00361008 0.999842 3.20727
0.998079 -0.0597857 0.0162524 -94.6347 0.0598157 0.998209 -0.00136206 0.348538 -0.0161419 0.0023316 0.999867 3.25012
0.997978 -0.0605106 0.0194367 -95.4987 0.0605324 0.998166 -0.000532384 0.303877 -0.0193688 0.00170786 0.999811 3.27942
0.997774 -0.0619657 0.0246357 -96.3585 0.0619969 0.998076 -0.000501635 0.245627 -0.0245572 0.00202785 0.999696 3.32349
0.997516 -0.0637887 0.0298804 -97.2411 0.0638639 0.997957 -0.00156937 0.186083 -0.0297193 0.00347375 0.999552 3.37545
0.997379 -0.0650638 0.0316407 -98.1375 0.0652303 0.997861 -0.00425566 0.12572 -0.0312962 0.00630845 0.99949 3.41554
0.997348 -0.0662028 0.0302395 -99.0453 0.066432 0.997769 -0.00663712 0.0609165 -0.0297327 0.00862839 0.999521 3.44919
0.997367 -0.0674236 0.0267227 -99.9318 0.0677049 0.997658 -0.00976445 -0.012548 -0.0260018 0.011548 0.999595 3.49323
0.99738 -0.0686708 0.0227502 -100.816 0.0689402 0.997557 -0.0112739 -0.0605437 -0.0219205 0.0128128 0.999678 3.52166
0.99734 -0.0700576 0.020097 -101.719 0.070308 0.997453 -0.0120352 -0.133018 -0.0192026 0.0134162 0.999726 3.56572
0.99725 -0.0712841 0.0202823 -102.621 0.0715375 0.997365 -0.0120519 -0.203193 -0.0193697 0.0134697 0.999722 3.61315
0.997134 -0.0722469 0.0224465 -103.51 0.0725147 0.997303 -0.0113541 -0.27773 -0.0215656 0.0129493 0.999684 3.65558
0.996976 -0.0733046 0.025788 -104.434 0.0736212 0.997219 -0.0115517 -0.334097 -0.0248695 0.0134153 0.999601 3.68838
0.996838 -0.0745704 0.0274602 -105.348 0.0749221 0.997117 -0.0120067 -0.405485 -0.0264857 0.0140261 0.999551 3.72511
0.996774 -0.0755251 0.0271445 -106.232 0.075887 0.997037 -0.0125579 -0.464621 -0.0261156 0.0145773 0.999553 3.77416
0.996729 -0.0765335 0.0259745 -107.127 0.0768921 0.996953 -0.0130972 -0.547897 -0.024893 0.0150516 0.999577 3.80771
0.996698 -0.0772063 0.0251419 -108.037 0.0775691 0.996892 -0.0137882 -0.631911 -0.0239992 0.0156929 0.999589 3.86212
0.996713 -0.077314 0.0241889 -108.958 0.0776766 0.996874 -0.0144241 -0.697803 -0.0229981 0.0162556 0.999603 3.89683
0.996795 -0.0766248 0.022982 -109.886 0.0769732 0.996925 -0.0146792 -0.763738 -0.0217866 0.0164012 0.999628 3.92278
0.99688 -0.0761136 0.0208928 -110.819 0.0764122 0.99698 -0.0138834 -0.828372 -0.0197729 0.0154365 0.999685 3.97014
0.997 -0.0750834 0.018806 -111.714 0.0753361 0.997072 -0.0131077 -0.893205 -0.0177668 0.0144851 0.999737 4.01233
0.99705 -0.0741202 0.0199301 -112.655 0.0743833 0.997148 -0.0128039 -0.961414 -0.0189242 0.0142486 0.999719 4.05094
0.996982 -0.0735763 0.0247733 -113.564 0.0738953 0.997191 -0.0122154 -1.02921 -0.023805 0.0140091 0.999618 4.09024
0.996915 -0.0729311 0.0290138 -114.493 0.0733002 0.997239 -0.0118656 -1.09166 -0.0280683 0.0139557 0.999509 4.13476
0.997005 -0.0718603 0.0285931 -115.427 0.0722373 0.997311 -0.0123768 -1.15865 -0.0276268 0.0144052 0.999515 4.17958
0.997144 -0.0707759 0.0263614 -116.359 0.071131 0.997385 -0.0127838 -1.22035 -0.0253877 0.0146224 0.999571 4.21609
0.997268 -0.0700368 0.0234996 -117.299 0.0703509 0.99744 -0.0128166 -1.28649 -0.0225418 0.0144348 0.999642 4.25183
0.99737 -0.0693933 0.0209293 -118.229 0.0696733 0.997486 -0.0129582 -1.34812 -0.0199775 0.0143823 0.999697 4.30059
0.997492 -0.0682229 0.0188545 -119.155 0.0684564 0.997582 -0.0120268 -1.40539 -0.0179884 0.0132874 0.99975 4.33852
0.997538 -0.0678162 0.0178337 -120.087 0.0680249 0.997619 -0.0113683 -1.47406 -0.0170203 0.0125535 0.999776 4.37776
0.997553 -0.0669812 0.0200507 -121.009 0.0672004 0.997685 -0.0104653 -1.53781 -0.0193033 0.0117871 0.999744 4.4194
0.997515 -0.0663815 0.0236061 -121.911 0.0666359 0.997726 -0.0101598 -1.59049 -0.022878 0.0117075 0.99967 4.45677
0.997408 -0.0668792 0.0265418 -122.808 0.0671819 0.997684 -0.0106804 -1.66027 -0.025766 0.0124358 0.999591 4.5002
0.997388 -0.067147 0.0265996 -123.704 0.0674843 0.997648 -0.0119912 -1.71029 -0.0257319 0.0137549 0.999574 4.5453
0.99748 -0.0669038 0.0235929 -124.621 0.0672144 0.997659 -0.0126238 -1.77674 -0.0226931 0.0141778 0.999642 4.57697
0.997584 -0.066623 0.0196792 -125.541 0.0668908 0.997672 -0.0132818 -1.83698 -0.0187485 0.0145661 0.999718 4.6201
0.997657 -0.0664842 0.0161618 -126.429 0.0666845 0.9977 -0.0121822 -1.89038 -0.0153147 0.0132314 0.999795 4.65714
0.997686 -0.0661757 0.0156241 -127.315 0.0663445 0.997741 -0.0105439 -1.94671 -0.0148911 0.0115561 0.999822 4.70488
0.997646 -0.0660048 0.0186106 -128.188 0.0661797 0.997768 -0.00894704 -2.00487 -0.0179785 0.0101576 0.999787 4.74754
0.99752 -0.0659607 0.0245725 -129.063 0.0661728 0.997777 -0.00792203 -2.06194 -0.0239953 0.00952841 0.999667 4.79147
0.997383 -0.0663181 0.0288075 -129.949 0.0665673 0.997752 -0.00777679 -2.12437 -0.028227 0.00967407 0.999555 4.82127
0.997309 -0.0660555 0.0318099 -130.795 0.0663445 0.997764 -0.00811487 -2.18411 -0.0312028 0.0102034 0.999461 4.861
0.996764 -0.0662093 0.0455779 -131.657 0.0665872 0.997757 -0.00682278 -2.24326 -0.0450239 0.00983561 0.998937 4.93065
0.995551 -0.0663889 0.0668634 -132.508 0.0666625 0.997774 -0.00186698 -2.30062 -0.0665906 0.00631596 0.99776 4.99195
0.994815 -0.0673257 0.0762214 -133.35 0.0674804 0.99772 0.0005476 -2.3411 -0.0760845 0.00459869 0.997091 5.09095
0.995881 -0.0683591 0.0595657 -134.229 0.0685624 0.997646 -0.00137297 -2.3921 -0.0593316 0.00545127 0.998223 5.12189
0.997553 -0.0686051 0.0134898 -135.139 0.068679 0.997626 -0.00509436 -2.44808 -0.0131083 0.00600835 0.999896 5.15694
0.997061 -0.0697285 -0.0317228 -136.055 0.0694986 0.997548 -0.00829567 -2.51339 0.0322235 0.0060666 0.999462 5.18193
0.996278 -0.0701034 -0.0501576 -136.951 0.0696974 0.99752 -0.00980036 -2.58302 0.0507203 0.00626803 0.998693 5.17718
0.997068 -0.0708938 -0.0287944 -137.817 0.0706674 0.997461 -0.00880679 -2.64096 0.0293457 0.00674614 0.999547 5.18354
0.997152 -0.0727876 0.0197538 -138.641 0.0728825 0.997332 -0.00412472 -2.71935 -0.0194009 0.00555268 0.999796 5.21097
0.995584 -0.0752085 0.0561739 -139.46 0.0755037 0.997141 -0.003148 -2.77564 -0.0557765 0.00737543 0.998416 5.2389
0.995425 -0.0777046 0.0556022 -140.326 0.0780608 0.99694 -0.00425866 -2.83256 -0.0551011 0.00857952 0.998444 5.25994
0.996514 -0.0782864 0.0288443 -141.238 0.0784686 0.996903 -0.00523973 -2.91117 -0.0283447 0.00748483 0.99957 5.31574
0.996909 -0.0781253 0.00833884 -142.177 0.0781738 0.996924 -0.00565463 -2.96467 -0.00787141 0.00628903 0.999949 5.398
0.996852 -0.0791037 0.00537113 -143.074 0.0791262 0.996856 -0.00411373 -3.05486 -0.00502883 0.00452577 0.999977 5.42924
0.996629 -0.0804124 0.0162707 -143.953 0.080457 0.996756 -0.0021047 -3.13759 -0.0160487 0.0034067 0.999865 5.44498
0.996168 -0.0823271 0.0295185 -144.83 0.0824005 0.996598 -0.00127671 -3.20893 -0.029313 0.00370416 0.999563 5.4793
0.995757 -0.0838149 0.0379789 -145.71 0.0839252 0.996471 -0.00131572 -3.26435 -0.0377346 0.00449752 0.999278 5.52138
0.995676 -0.0854015 0.0365549 -146.6 0.0855266 0.996334 -0.00186858 -3.35377 -0.0362613 0.00498691 0.99933 5.56104
0.995885 -0.0863267 0.0275711 -147.513 0.0864698 0.996246 -0.00403932 -3.43472 -0.0271189 0.00640676 0.999612 5.61517
0.995942 -0.087633 0.0204848 -148.433 0.0877516 0.99613 -0.00496211 -3.51325 -0.0199707 0.00673955 0.999778 5.65417
0.995871 -0.0888582 0.0185563 -149.343 0.0889626 0.996023 -0.00487695 -3.58394 -0.0180491 0.00650763 0.999816 5.69317
0.995618 -0.090924 0.0218467 -150.248 0.0910076 0.995846 -0.0028648 -3.66987 -0.0214955 0.00484047 0.999757 5.72954
0.995292 -0.0929903 0.0273119 -151.138 0.0930729 0.995658 -0.00176605 -3.74481 -0.027029 0.00429973 0.999625 5.78204
0.994954 -0.0951643 0.0317936 -152.033 0.0952591 0.995451 -0.00147732 -3.82725 -0.0315084 0.0044985 0.999493 5.82443
0.994751 -0.0968047 0.0331482 -152.921 0.096926 0.995289 -0.00206736 -3.92354 -0.0327919 0.00526943 0.999448 5.86595
0.994629 -0.098821 0.0307843 -153.844 0.0989732 0.995084 -0.00345774 -4.029 -0.0302913 0.00648599 0.99952 5.90337
0.994591 -0.100439 0.026491 -154.781 0.100579 0.994921 -0.00401531 -4.10226 -0.0259532 0.00665803 0.999641 5.94481
0.994487 -0.102264 0.0231998 -155.709 0.10237 0.994741 -0.0034172 -4.1858 -0.0227283 0.00577333 0.999725 5.9815
0.994304 -0.104197 0.022434 -156.623 0.10424 0.994552 -0.000784865 -4.28271 -0.02223 0.00311892 0.999748 6.0297
0.994092 -0.106063 0.0230706 -157.536 0.106046 0.994359 0.00195034 -4.39305 -0.0231473 0.000507725 0.999732 6.09385
0.993855 -0.1074 0.0268024 -158.436 0.107374 0.994216 0.0024344 -4.48007 -0.0269088 0.000458441 0.999638 6.16908
0.993556 -0.108393 0.0331183 -159.351 0.108418 0.994105 0.00104217 -4.58875 -0.033036 0.00255516 0.999451 6.20217
0.993328 -0.109375 0.0365643 -160.269 0.109454 0.993992 -0.000151552 -4.69146 -0.036328 0.00415264 0.999331 6.21086
0.993296 -0.110398 0.0342792 -161.194 0.110483 0.993878 -0.000585584 -4.79471 -0.0340047 0.00436891 0.999412 6.24544
0.993378 -0.111198 0.0288877 -162.119 0.111245 0.993793 -3.14639e-05 -4.88942 -0.0287049 0.00324487 0.999583 6.31303
0.993363 -0.112226 0.0252153 -163.049 0.112257 0.993679 0.000202077 -4.99886 -0.0250786 0.00262985 0.999682 6.38598
0.99325 -0.113229 0.0251803 -163.981 0.113251 0.993566 0.000564416 -5.10686 -0.0250822 0.00229108 0.999683 6.41627
0.993075 -0.114256 0.0273591 -164.906 0.114269 0.993449 0.00108492 -5.20652 -0.0273038 0.00204888 0.999625 6.45165
0.99279 -0.116156 0.0295815 -165.836 0.11614 0.99323 0.00226695 -5.3121 -0.0296445 0.00118499 0.99956 6.48621
0.992527 -0.118418 0.0294609 -166.769 0.118373 0.992964 0.00328562 -5.41011 -0.0296427 0.000226309 0.999561 6.53771
0.992274 -0.120655 0.0288961 -167.694 0.120603 0.992695 0.00353915 -5.53891 -0.029112 -2.68586e-05 0.999576 6.60415
0.991975 -0.122948 0.0294914 -168.63 0.122938 0.992412 0.0021697 -5.66828 -0.0295344 0.00147331 0.999563 6.65632
0.991673 -0.124264 0.0338052 -169.562 0.124257 0.992247 0.00231393 -5.77564 -0.0338307 0.00190586 0.999426 6.66863
0.991105 -0.126504 0.0413105 -170.491 0.126188 0.991954 0.0101991 -5.89044 -0.0422684 -0.00489556 0.999094 6.69745
0.990665 -0.128214 0.0463066 -171.423 0.127515 0.991678 0.0177484 -5.99855 -0.0481968 -0.011678 0.99877 6.81188
0.990619 -0.129371 0.0440162 -172.351 0.128761 0.991539 0.0164453 -6.10832 -0.0457714 -0.0106234 0.998895 6.92505
0.990777 -0.131619 0.0322229 -173.309 0.131356 0.991283 0.0101405 -6.23245 -0.0332767 -0.00581426 0.999429 6.93093
0.990865 -0.134249 0.0127729 -174.252 0.134238 0.990948 0.00171366 -6.37535 -0.0128873 1.6602e-05 0.999917 6.92497
0.990715 -0.13586 -0.00514498 -175.2 0.135845 0.990725 -0.00301011 -6.50175 0.00550621 0.00228324 0.999982 6.94757
0.990581 -0.136702 -0.00787265 -176.166 0.136677 0.990609 -0.00364399 -6.63723 0.00829686 0.00253366 0.999962 7.01481
0.990461 -0.137348 0.0110247 -177.102 0.13738 0.990516 -0.00213526 -6.78258 -0.0106269 0.00362946 0.999937 7.10258
0.989542 -0.139245 0.0376383 -178.03 0.139316 0.990248 0.000739959 -6.91244 -0.0373742 0.00451138 0.999291 7.10232
0.988615 -0.142085 0.049515 -178.972 0.14217 0.989841 0.00182139 -7.04102 -0.0492708 0.00523891 0.998772 7.08303
0.988745 -0.143978 0.0406739 -179.908 0.144023 0.989573 0.00183722 -7.15804 -0.0405143 0.00404144 0.999171 7.13863
0.98915 -0.144947 0.0239309 -180.874 0.144982 0.989434 0.000259384 -7.31944 -0.0237156 0.00321298 0.999714 7.23459
0.989234 -0.14581 0.0124643 -181.846 0.14584 0.989307 -0.00153088 -7.46074 -0.0121078 0.00333219 0.999921 7.29135
0.989036 -0.147291 0.0106205 -182.814 0.147316 0.989088 -0.00166054 -7.60031 -0.01026 0.0032069 0.999942 7.30248
0.988625 -0.149544 0.0160599 -183.757 0.149546 0.988754 0.00109129 -7.74493 -0.0160425 0.00132282 0.99987 7.31841
0.988276 -0.151081 0.0220456 -184.712 0.150998 0.988519 0.00540551 -7.8722 -0.0226091 -0.00201331 0.999742 7.36083
0.988 -0.152745 0.0229324 -185.673 0.152603 0.988257 0.00781453 -8.0219 -0.0238567 -0.0042212 0.999706 7.41047
0.987895 -0.153946 0.0190815 -186.645 0.153828 0.988069 0.00753704 -8.16667 -0.0200141 -0.00451054 0.99979 7.45821
0.98769 -0.15564 0.0156431 -187.625 0.155556 0.987806 0.00640282 -8.32232 -0.0164488 -0.00389062 0.999857 7.48915
0.98742 -0.157101 0.0179364 -188.567 0.157032 0.98758 0.00517878 -8.47905 -0.0185273 -0.00229703 0.999826 7.55208
0.98681 -0.158921 0.0308298 -189.531 0.158811 0.987291 0.00600852 -8.63867 -0.0313929 -0.00103314 0.999507 7.60191
0.985855 -0.162232 0.0420789 -190.499 0.162097 0.986753 0.00661964 -8.80209 -0.0425954 0.000294852 0.999092 7.64722
0.985487 -0.164826 0.0405833 -191.451 0.164729 0.986322 0.00574286 -8.95406 -0.0409748 0.00102576 0.99916 7.66611
0.985609 -0.166903 0.0267867 -192.401 0.166902 0.985971 0.00227955 -9.12012 -0.0267914 0.00222401 0.999639 7.7393
0.985583 -0.168485 0.0154803 -193.342 0.16853 0.985695 -0.00162692 -9.28796 -0.0149848 0.00421236 0.999879 7.80822
0.985222 -0.170791 0.0129551 -194.294 0.17085 0.985291 -0.00353532 -9.45407 -0.0121608 0.00569646 0.99991 7.84686
0.984712 -0.173413 0.0164323 -195.216 0.173493 0.984829 -0.00358361 -9.60533 -0.0155616 0.00637973 0.999859 7.87105
0.984232 -0.175583 0.0214091 -196.152 0.175689 0.984441 -0.00313722 -9.76629 -0.0205252 0.0068491 0.999766 7.91106
0.98376 -0.177892 0.0238889 -197.08 0.177974 0.984034 -0.00132661 -9.93589 -0.0232715 0.00555669 0.999714 7.93762
0.983398 -0.180043 0.022663 -198.001 0.180098 0.983649 -0.00039925 -10.1153 -0.0222205 0.00447417 0.999743 7.98692
0.983164 -0.181601 0.0202422 -198.908 0.181656 0.983362 -0.000863148 -10.2846 -0.0197487 0.00452573 0.999795 8.0395
0.982724 -0.183834 0.0214257 -199.827 0.183931 0.982936 -0.00260534 -10.4467 -0.0205811 0.00650118 0.999767 8.09894
0.982166 -0.185931 0.0279061 -200.727 0.186073 0.982532 -0.0025695 -10.6316 -0.0269409 0.00771626 0.999607 8.12244
0.98161 -0.188292 0.0314183 -201.619 0.188424 0.982087 -0.00125223 -10.7965 -0.0306198 0.00714917 0.999506 8.15423
0.98133 -0.190413 0.0270834 -202.52 0.19049 0.981689 -0.000267348 -10.9609 -0.0265366 0.00542149 0.999633 8.19101
0.981154 -0.192345 0.0184696 -203.425 0.19238 0.981321 -0.000110933 -11.1371 -0.0181033 0.00366202 0.999829 8.27079
0.980819 -0.193947 0.0194481 -204.303 0.194019 0.980996 -0.00187078 -11.3314 -0.0187157 0.00560819 0.999809 8.3423
0.979891 -0.195459 0.0401172 -205.153 0.195455 0.980704 0.00406926 -11.4957 -0.0401384 0.00385366 0.999187 8.34297
0.977905 -0.198777 0.0647192 -206.033 0.19812 0.980039 0.0164827 -11.6622 -0.0667037 -0.00329631 0.997767 8.40478
0.976912 -0.201545 0.0708724 -206.899 0.200498 0.979454 0.0216724 -11.8141 -0.0737842 -0.00696231 0.99725 8.5317
0.978034 -0.203309 0.0459945 -207.798 0.202947 0.97911 0.0124617 -11.9904 -0.0475673 -0.00285357 0.998864 8.57595
0.978754 -0.205029 0.00217664 -208.702 0.20503 0.978756 -0.0001618 -12.2035 -0.00209722 0.000604638 0.999998 8.54302
0.977642 -0.207232 -0.0356415 -209.615 0.207054 0.978291 -0.00867843 -12.3948 0.0366662 0.0011047 0.999327 8.55284
0.976776 -0.209096 -0.0467648 -210.495 0.208748 0.977893 -0.0122567 -12.5797 0.0482938 0.00220999 0.998831 8.60088
0.977366 -0.210701 -0.019003 -211.35 0.210587 0.977544 -0.00786481 -12.7738 0.0202334 0.00368503 0.999788 8.63341
0.976624 -0.212818 0.0302191 -212.184 0.212873 0.977079 0.0014297 -12.975 -0.0298307 0.00503655 0.999542 8.65941
0.974517 -0.215226 0.0632093 -213.051 0.215348 0.976525 0.0049549 -13.1555 -0.0627918 0.00878335 0.997988 8.68697
0.974494 -0.217351 0.0558583 -213.95 0.217532 0.976049 0.00290496 -13.3496 -0.0551519 0.0093201 0.998434 8.69689
0.975648 -0.218182 0.0225165 -214.867 0.218253 0.975892 -0.000713806 -13.5431 -0.0218179 0.00561071 0.999746 8.74407
0.975845 -0.218439 -0.00327636 -215.761 0.21843 0.975848 -0.00288351 -13.7461 0.0038271 0.00209821 0.99999 8.81945
0.975738 -0.218924 -0.00276218 -216.652 0.218914 0.975737 -0.0037169 -13.9605 0.00350888 0.00302204 0.999989 8.87063
0.975296 -0.220303 0.0162525 -217.543 0.220365 0.975415 -0.00206206 -14.1758 -0.0153987 0.0055926 0.999866 8.87255
0.974391 -0.222584 0.0319003 -218.431 0.222662 0.974895 0.00113371 -14.3734 -0.0313518 0.00599832 0.99949 8.89241
