1 0 0 0 0 1 0 0 0 0 1 0
1 3.20721e-05 1.1415e-05 0.00016088 -3.20723e-05 1 1.56665e-05 -0.000162915 -1.14145e-05 -1.56669e-05 1 -0.00168086
1 1.64775e-05 -4.68662e-05 0.00157245 -1.64777e-05 1 -2.87737e-06 -0.00137218 4.68661e-05 2.87815e-06 1 -0.00152168
1 8.58657e-06 -1.90788e-05 -0.000153951 -8.58653e-06 1 2.15765e-06 0.000643934 1.90788e-05 -2.15749e-06 1 0.000272513
1 -1.15318e-06 6.83992e-06 -0.00129746 1.15304e-06 1 2.15665e-05 0.00036484 -6.83994e-06 -2.15665e-05 1 0.000287959
1 1.31693e-05 -3.73603e-06 -0.00258455 -1.31693e-05 1 2.84357e-06 0.00134764 3.73607e-06 -2.84352e-06 1 -0.000574112
1 5.03826e-05 1.90751e-05 0.000428492 -5.03828e-05 1 8.69029e-06 -0.00343108 -1.90746e-05 -8.69125e-06 1 -0.0007639
1 7.06837e-05 1.3691e-05 0.00194791 -7.06838e-05 1 1.25207e-05 -0.000311076 -1.36901e-05 -1.25216e-05 1 -0.0015772
1 1.84466e-05 -4.91385e-06 -0.000323855 -1.84466e-05 1 -6.54485e-06 -0.000382816 4.91373e-06 6.54494e-06 1 -0.000758039
1 1.20825e-05 -1.10942e-05 0.000510042 -1.20824e-05 1 4.85942e-06 -0.00099309 1.10942e-05 -4.85929e-06 1 -0.000970608
1 4.55348e-05 -6.86968e-06 -0.000348132 -4.55349e-05 1 -4.40592e-06 -0.00216823 6.86948e-06 4.40624e-06 1 -0.000298041
1 1.72303e-05 -5.03572e-07 -0.00148476 -1.72303e-05 1 1.11025e-05 -0.00386211 5.03763e-07 -1.11025e-05 1 -0.00126846
1 -1.19681e-05 1.0638e-05 -0.00201295 1.19679e-05 1 1.42451e-05 0.00159946 -1.06382e-05 -1.4245e-05 1 -0.0019024
1 1.66784e-06 2.0365e-05 -0.00204857 -1.66819e-06 1 1.75285e-05 3.44425e-06 -2.0365e-05 -1.75285e-05 1 -0.00192926
1 2.08379e-05 6.29825e-06 -0.00172955 -2.08379e-05 1 4.59049e-06 0.00264083 -6.29816e-06 -4.59062e-06 1 -0.00123556
1 4.08065e-05 -1.24534e-05 0.00223671 -4.08066e-05 1 -2.66002e-06 -0.00163874 1.24533e-05 2.66053e-06 1 -0.00161547
1 2.31596e-05 -2.79681e-05 0.00278301 -2.31595e-05 1 2.93515e-06 -0.0015714 2.79682e-05 -2.9345e-06 1 -0.00130344
1 2.97681e-05 -4.349e-06 0.00341085 -2.97681e-05 1 6.75706e-06 0.00166901 4.3492e-06 -6.75693e-06 1 -0.000919035
1 5.07821e-05 3.24602e-06 0.00018135 -5.07821e-05 1 9.51451e-06 0.00174504 -3.24553e-06 -9.51468e-06 1 -0.000873492
1 2.68536e-05 -1.05347e-05 -0.00242326 -2.68535e-05 1 5.48404e-06 -0.00189277 1.05348e-05 -5.48376e-06 1 -0.00100833
1 1.06436e-05 -2.06096e-05 0.00132507 -1.06437e-05 1 -4.87902e-06 -0.00202606 2.06095e-05 4.87924e-06 1 -0.000949215
1 -1.08651e-07 -1.7183e-06 -0.00205483 1.0865e-07 1 -9.56631e-07 0.00167166 1.7183e-06 9.5663e-07 1 -0.000863496
1 1.32671e-05 5.60938e-06 -0.00250729 -1.32672e-05 1 5.76827e-06 0.00147785 -5.6093e-06 -5.76835e-06 1 -0.000107521
1 1.50785e-05 -2.02014e-06 -0.0013509 -1.50785e-05 1 1.91818e-05 0.00159806 2.02043e-06 -1.91817e-05 1 -0.000738757
1 7.36411e-06 -2.27393e-07 -0.0032036 -7.36411e-06 1 1.08756e-05 -0.00236595 2.27473e-07 -1.08756e-05 1 -0.000978914
1 1.88428e-05 -1.13323e-05 -0.00326061 -1.88428e-05 1 -2.18939e-06 -0.00548981 1.13322e-05 2.18961e-06 1 -0.000433657
1 1.49901e-05 9.75168e-06 -0.00491499 -1.49901e-05 1 6.67375e-06 0.00199961 -9.75158e-06 -6.67389e-06 1 -0.000443224
1 2.19592e-05 1.58072e-05 -0.00169646 -2.19592e-05 1 4.19731e-06 0.000361453 -1.58071e-05 -4.19766e-06 1 -0.00063398
1 2.40238e-05 -2.71228e-06 -0.000787895 -2.40238e-05 1 1.51771e-06 0.00124325 2.71232e-06 -1.51765e-06 1 -0.000638404
1 1.19129e-06 -4.23461e-06 -0.00255172 -1.19129e-06 1 -2.61391e-07 0.00204296 4.23461e-06 2.61396e-07 1 -0.000778787
1 -1.84657e-05 -6.07979e-06 -0.00137891 1.84656e-05 1 -7.49908e-06 0.00412137 6.07992e-06 7.49897e-06 1 -0.000660725
1 -1.11757e-05 -7.0423e-06 -0.00122334 1.11757e-05 1 2.42941e-07 0.00280817 7.0423e-06 -2.4302e-07 1 -0.000322379
1 8.75585e-06 -1.29381e-05 -0.00118245 -8.75576e-06 1 7.37491e-06 -0.0012042 1.29381e-05 -7.3748e-06 1 -0.000672637
1 -1.27884e-06 -2.52897e-05 -0.00142564 1.27893e-06 1 3.48108e-06 0.000423724 2.52897e-05 -3.48111e-06 1 -0.000918518
1 1.68182e-05 -2.04651e-05 -0.00356566 -1.68183e-05 1 -6.9746e-06 0.00503639 2.0465e-05 6.97495e-06 1 -0.000784698
1 -3.81909e-06 3.27267e-06 -0.00205561 3.81908e-06 1 3.20838e-06 0.0052453 -3.27269e-06 -3.20837e-06 1 -0.000892057
1 -3.19104e-05 -5.38843e-06 -0.00173152 3.19104e-05 1 -6.49453e-06 0.00382669 5.38864e-06 6.49436e-06 1 -0.000589609
1 -6.99499e-07 -2.06504e-05 -2.941e-06 6.99378e-07 1 -5.84069e-06 -0.00059447 2.06504e-05 5.84067e-06 1 -0.00015393
1 -2.32511e-05 4.54454e-07 -0.00620932 2.32511e-05 1 6.9464e-06 0.00541784 -4.54615e-07 -6.94639e-06 1 -0.000849123
1 4.68783e-06 -4.69893e-06 -0.00229843 -4.68785e-06 1 -3.46085e-06 0.00468637 4.69891e-06 3.46087e-06 1 -0.000671966
1 -6.33937e-06 -2.2722e-05 0.000349348 6.33933e-06 1 -1.76944e-06 0.00120981 2.2722e-05 1.7693e-06 1 -0.000508986
1 -1.24651e-05 -1.99479e-05 0.00146081 1.24652e-05 1 4.7937e-06 -0.00175136 1.99478e-05 -4.79395e-06 1 -0.000251659
1 3.12798e-05 -2.14139e-05 0.000600912 -3.12797e-05 1 3.22397e-06 0.00497203 2.1414e-05 -3.2233e-06 1 -0.000811413
1 2.93689e-05 -2.38793e-05 0.001292 -2.93692e-05 1 -1.39744e-05 0.00473232 2.38789e-05 1.39751e-05 1 -0.000440199
1 1.35336e-05 -5.0477e-06 -9.76755e-05 -1.35336e-05 1 -2.26939e-06 0.0016839 5.04767e-06 2.26946e-06 1 -0.000758957
1 1.02652e-05 -1.6864e-06 -0.00205963 -1.02652e-05 1 2.45569e-06 0.0034602 1.68642e-06 -2.45568e-06 1 -0.000935204
1 2.63529e-05 -1.78956e-05 0.000156753 -2.6353e-05 1 -2.74796e-06 -0.00134099 1.78955e-05 2.74844e-06 1 -0.000803131
1 1.98076e-05 -9.00518e-06 0.00140734 -1.98075e-05 1 1.59979e-05 0.00116473 9.0055e-06 -1.59977e-05 1 -0.000972118
1 2.95347e-06 -3.14084e-05 0.010412 -2.95349e-06 1 -6.69678e-07 0.000674694 3.14084e-05 6.69771e-07 1 0.000436598
1 3.33063e-05 2.0386e-05 0.0186996 -3.33064e-05 1 5.97883e-06 -0.00705868 -2.03858e-05 -5.97951e-06 1 0.00035314
1 5.25858e-05 3.35982e-05 0.0187287 -5.25862e-05 1 1.11853e-05 -0.00492951 -3.35976e-05 -1.11871e-05 1 0.000208668
1 2.8498e-05 4.27198e-05 0.00884832 -2.84981e-05 1 4.01557e-06 0.000367167 -4.27197e-05 -4.01679e-06 1 0.00100345
1 2.60361e-06 4.07649e-05 0.00238265 -2.60388e-06 1 6.66635e-06 -0.00640849 -4.07649e-05 -6.66646e-06 1 0.000127728
1 1.09423e-05 4.54835e-05 -0.00553455 -1.09427e-05 1 8.01277e-06 -0.00786018 -4.54834e-05 -8.01327e-06 1 0.000643805
1 -2.50772e-05 6.43623e-05 -0.0171066 2.50765e-05 1 1.07331e-05 -0.0104196 -6.43626e-05 -1.07315e-05 1 0.000749994
1 -0.000159341 0.000154782 -0.0384402 0.000159341 1 5.8235e-06 -0.0151028 -0.000154783 -5.79884e-06 1 0.00188066
1 -0.000242221 0.000269613 -0.0755133 0.000242216 1 2.12818e-05 -0.0161357 -0.000269619 -2.12165e-05 1 0.00327064
1 -0.000433865 0.000316528 -0.127143 0.000433862 1 7.85469e-06 -0.0113299 -0.000316531 -7.71736e-06 1 0.00331668
0.999999 -0.00119735 0.000286416 -0.214982 0.00119734 0.999999 7.78729e-06 -0.00745954 -0.000286425 -7.44435e-06 1 0.00296717
0.999999 -0.00145717 0.000392522 -0.306653 0.00145716 0.999999 2.35389e-05 -0.00115218 -0.000392556 -2.29669e-05 1 0.00297155
0.999999 -0.00112737 0.000492108 -0.383058 0.00112737 0.999999 -5.73649e-06 0.00435335 -0.000492101 6.29127e-06 1 0.00429977
1 -0.000285982 0.000436749 -0.481255 0.000285979 1 7.17134e-06 -0.0050154 -0.000436751 -7.04644e-06 1 0.00316908
1 -6.87071e-05 0.000558333 -0.582066 6.86915e-05 1 2.8006e-05 -0.0104853 -0.000558335 -2.79677e-05 1 0.00580006
1 -0.000672385 0.000710789 -0.702032 0.000672387 1 -2.88524e-06 -0.0129067 -0.000710787 3.36317e-06 1 0.00863901
1 -0.000538018 0.000756001 -0.845819 0.000538042 1 -3.03901e-05 -0.0274063 -0.000755984 3.07969e-05 1 0.00893684
1 -0.000361904 0.000696018 -0.988547 0.000361992 1 -0.000125898 -0.036931 -0.000695972 0.00012615 1 0.00621808
1 -0.000253648 0.000671514 -1.14472 0.000253871 1 -0.000332388 -0.0421723 -0.00067143 0.000332559 1 0.0115081
1 -0.000521973 0.000721742 -1.31829 0.000522322 1 -0.000483618 -0.0372861 -0.000721489 0.000483995 1 0.0142069
0.999999 -0.000642581 0.000797845 -1.53135 0.000643098 1 -0.000647363 -0.0538913 -0.000797428 0.000647876 0.999999 0.0151328
0.999999 -0.000731738 0.000950267 -1.71772 0.000732425 0.999999 -0.000722483 -0.0548447 -0.000949737 0.000723179 0.999999 0.0172344
0.999999 -0.000229807 0.00101002 -1.9429 0.000230905 0.999999 -0.00108736 -0.0401941 -0.00100977 0.00108759 0.999999 0.0268828
0.999999 0.000317925 0.000968725 -2.15691 -0.000316616 0.999999 -0.00135095 -0.0503699 -0.000969154 0.00135065 0.999999 0.0338997
1 -2.34548e-05 0.000865733 -2.40791 2.47953e-05 0.999999 -0.00154846 -0.0532577 -0.000865695 0.00154849 0.999998 0.0352514
1 -0.000225882 0.0008283 -2.67761 0.0002272 0.999999 -0.00159209 -0.0438861 -0.00082794 0.00159228 0.999998 0.0365367
0.999999 -0.000416096 0.00150775 -2.90808 0.00041844 0.999999 -0.00155463 -0.0409241 -0.0015071 0.00155525 0.999998 0.0481724
0.999994 -0.000642333 0.00340795 -3.17871 0.000646489 0.999999 -0.00121842 -0.0329443 -0.00340717 0.00122061 0.999993 0.0542588
0.999937 -0.000412552 0.0112192 -3.48748 0.000416838 1 -0.000379717 -0.0242369 -0.0112191 0.000384369 0.999937 0.0686805
0.999841 -0.000237653 0.0178287 -3.79529 0.000201826 0.999998 0.00201134 -0.00798987 -0.0178292 -0.00200742 0.999839 0.060837
0.999789 0.000867741 0.0205095 -4.06364 -0.000947035 0.999992 0.00385677 -0.0130663 -0.020506 -0.00387538 0.999782 0.0780285
0.999766 0.00142395 0.0216056 -4.39625 -0.00157843 0.999973 0.00713442 0.00259861 -0.0215948 -0.00716685 0.999741 0.0923667
0.999765 0.00112636 0.0216557 -4.76836 -0.00137732 0.999932 0.0115771 0.0104857 -0.0216412 -0.0116042 0.999698 0.103618
0.99981 0.00163799 0.0194191 -5.10903 -0.00190725 0.999902 0.0138553 0.0051065 -0.0193946 -0.0138897 0.999715 0.126952
0.999834 0.00188867 0.0181006 -5.48121 -0.00212924 0.99991 0.0132803 0.0223717 -0.0180739 -0.0133167 0.999748 0.147556
0.999894 0.00267756 0.0142849 -5.87278 -0.00282091 0.999946 0.0100239 0.00235361 -0.0142573 -0.0100631 0.999848 0.147418
0.999982 0.00406311 0.00432726 -6.26615 -0.00408565 0.999978 0.00521257 0.00355986 -0.00430599 -0.00523015 0.999977 0.126067
0.999939 0.00357869 -0.010433 -6.69159 -0.00355473 0.999991 0.00231477 -0.00640364 0.0104412 -0.00227754 0.999943 0.0978906
0.999744 0.0029425 -0.022439 -7.11577 -0.00287554 0.999991 0.00301556 0.0221671 0.0224477 -0.00295027 0.999744 0.0815186
0.999608 0.00280682 -0.0278633 -7.55412 -0.00256659 0.999959 0.0086535 0.0289538 0.0278865 -0.00857859 0.999574 0.0964847
0.999618 0.00271876 -0.0274928 -7.96879 -0.00235289 0.999908 0.0133313 0.021483 0.0275265 -0.0132615 0.999533 0.143933
0.999682 0.00293035 -0.0250496 -8.38656 -0.0025997 0.999909 0.0132223 0.0362153 0.0250861 -0.013153 0.999599 0.200094
0.999788 0.00309514 -0.0203383 -8.87409 -0.00295686 0.999972 0.00682575 0.0247797 0.0203588 -0.00676417 0.99977 0.203505
0.999896 0.0041172 -0.0138302 -9.31714 -0.00414236 0.99999 -0.00179123 0.0110965 0.0138227 0.00184833 0.999903 0.156938
0.999978 0.00497384 -0.00434862 -9.81315 -0.00499911 0.999971 -0.00581809 0.0292405 0.00431956 0.0058397 0.999974 0.101772
0.999986 0.00534448 0.00057326 -10.3103 -0.00534197 0.999976 -0.00430155 0.015523 -0.000596236 0.00429842 0.999991 0.093248
0.999987 0.00501471 -0.00035548 -10.7991 -0.00501506 0.999987 -0.000977371 0.0249025 0.000350574 0.000979141 0.999999 0.122509
0.999976 0.00567772 -0.00399275 -11.2956 -0.00567758 0.999984 4.60822e-05 0.0508987 0.00399295 -2.34119e-05 0.999992 0.160494
0.999956 0.00723094 -0.00593501 -11.8251 -0.00723513 0.999974 -0.000685937 0.0371179 0.0059299 0.000728848 0.999982 0.174821
0.999956 0.00799864 -0.00485096 -12.3549 -0.00801089 0.999965 -0.00251251 0.0177024 0.00483069 0.00255126 0.999985 0.175198
0.999965 0.00795429 -0.00275688 -12.8997 -0.00796345 0.999963 -0.00332727 0.0213231 0.00273031 0.00334911 0.999991 0.169129
0.999964 0.00829602 -0.00181822 -13.4519 -0.00830069 0.999962 -0.00257553 0.0503447 0.00179678 0.00259053 0.999995 0.164354
0.99996 0.00866963 -0.00223625 -14.007 -0.00867359 0.999961 -0.00176507 0.06606 0.00222086 0.00178439 0.999996 0.18119
0.999946 0.00992814 -0.00299728 -14.5811 -0.00993371 0.999949 -0.00185118 0.0651447 0.00297874 0.00188085 0.999994 0.197052
0.999938 0.0105151 -0.00360834 -15.1466 -0.010522 0.999943 -0.00190018 0.0688968 0.00358815 0.00193803 0.999992 0.195516
0.999925 0.01121 -0.0050017 -15.7154 -0.0112084 0.999937 0.00035917 0.0876248 0.00500541 -0.000303082 0.999987 0.188778
0.999901 0.0121675 -0.00707381 -16.2725 -0.0121299 0.999912 0.00533576 0.105478 0.00713811 -0.00524943 0.999961 0.219444
0.999868 0.0133476 -0.00928858 -16.8536 -0.013283 0.999887 0.00697631 0.125839 0.00938065 -0.006852 0.999933 0.244876
0.999842 0.0143421 -0.0105073 -17.4526 -0.0142913 0.999886 0.0048983 0.135659 0.0105763 -0.00474737 0.999933 0.261583
0.999835 0.0152967 -0.0098325 -18.0376 -0.0152889 0.999883 0.000860502 0.126268 0.00984451 -0.000710031 0.999951 0.273509
0.999844 0.0160609 -0.00731635 -18.6166 -0.0160827 0.999866 -0.00292962 0.135742 0.00726832 0.00304683 0.999969 0.251824
0.999845 0.0167089 -0.00563312 -19.2045 -0.0167244 0.999856 -0.00273065 0.149404 0.00558668 0.00282444 0.99998 0.226427
0.999834 0.0172181 -0.00591647 -19.7979 -0.0172064 0.99985 0.00201724 0.172109 0.00595032 -0.0019151 0.99998 0.255371
0.999784 0.0191176 -0.00819419 -20.3811 -0.0190636 0.999796 0.0066086 0.196086 0.00831886 -0.00645096 0.999945 0.280309
0.999735 0.020959 -0.00957098 -20.9802 -0.0208984 0.999761 0.00639075 0.214726 0.00970264 -0.00618904 0.999934 0.312585
0.999702 0.0228544 -0.00860624 -21.593 -0.0228347 0.999736 0.00238813 0.216193 0.00865855 -0.0021909 0.99996 0.328507
0.999693 0.0239711 -0.00631946 -22.1843 -0.0239839 0.99971 -0.0019725 0.229612 0.00627035 0.00212346 0.999978 0.317338
0.999684 0.024952 -0.00309207 -22.7654 -0.0249666 0.999677 -0.00478479 0.254383 0.00297168 0.00486047 0.999984 0.300486
0.999684 0.0251512 -0.000147856 -23.3445 -0.0251516 0.999674 -0.0044523 0.271994 3.58269e-05 0.00445461 0.99999 0.307354
0.999656 0.0262382 0.000264918 -23.9434 -0.0262374 0.999652 -0.00262031 0.282661 -0.000333578 0.00261246 0.999997 0.337853
0.9996 0.0282071 -0.00209638 -24.5553 -0.0282125 0.999599 -0.0025654 0.296528 0.00202318 0.00262351 0.999995 0.369098
0.999539 0.0298293 -0.00569861 -25.1505 -0.0298519 0.999547 -0.00393174 0.322681 0.00557875 0.00410004 0.999976 0.366115
0.999456 0.0312923 -0.0104194 -25.7318 -0.0313558 0.99949 -0.00598714 0.332717 0.0102267 0.00631059 0.999928 0.359355
0.999318 0.034014 -0.0143933 -26.3404 -0.0341135 0.999395 -0.00673125 0.35865 0.0141556 0.00721767 0.999874 0.362162
0.999224 0.0359533 -0.0160867 -26.9348 -0.0360553 0.999331 -0.00610011 0.39059 0.0158566 0.00667538 0.999852 0.385393
0.999186 0.037636 -0.0145421 -27.5194 -0.0377193 0.999273 -0.00549997 0.408186 0.0143246 0.00604401 0.999879 0.401501
0.99917 0.039264 -0.0108286 -28.0969 -0.0393324 0.999207 -0.00617701 0.440477 0.0105774 0.0065978 0.999922 0.407293
0.999147 0.0408652 -0.0059551 -28.6747 -0.0409084 0.999136 -0.00732154 0.470037 0.00565076 0.00755891 0.999955 0.416309
0.999092 0.0425827 -0.0016093 -29.2549 -0.0425945 0.999059 -0.00817731 0.49576 0.00125957 0.00823843 0.999965 0.425871
0.999017 0.0443131 0.0014183 -29.8321 -0.0442988 0.998979 -0.00885966 0.515477 -0.00180945 0.00878812 0.99996 0.435556
0.998941 0.0459796 0.00172041 -30.4147 -0.0459618 0.9989 -0.00925328 0.548849 -0.00214398 0.00916441 0.999956 0.446628
0.998849 0.0479665 -0.00081385 -30.9925 -0.0479719 0.998808 -0.00904764 0.582131 0.000378897 0.00907626 0.999959 0.455101
0.998756 0.0496963 -0.00416964 -31.5767 -0.0497324 0.998722 -0.00904696 0.605355 0.00371471 0.00924307 0.99995 0.470389
0.998643 0.0516783 -0.00639112 -32.1502 -0.0517376 0.998616 -0.00948577 0.628423 0.00589207 0.00980356 0.999935 0.486672
0.998538 0.0534657 -0.00795781 -32.7267 -0.053539 0.998522 -0.0093026 0.678972 0.00744868 0.00971505 0.999925 0.484568
0.998421 0.0554748 -0.0088621 -33.3001 -0.0555483 0.998422 -0.00827096 0.723661 0.00838928 0.00875018 0.999927 0.489019
0.998328 0.0569604 -0.00983039 -33.861 -0.057024 0.998353 -0.00631912 0.758347 0.00945426 0.00686912 0.999932 0.490075
0.99819 0.0592112 -0.0105365 -34.4253 -0.0592623 0.998232 -0.00460392 0.786679 0.0102453 0.00522001 0.999934 0.519507
0.998071 0.0612982 -0.00984769 -34.9918 -0.0613486 0.998104 -0.0048957 0.831756 0.00952893 0.0054904 0.99994 0.544985
0.997985 0.0630368 -0.00726932 -35.5525 -0.0630899 0.997981 -0.00732455 0.869303 0.00679293 0.00776841 0.999947 0.549489
0.997903 0.0646469 -0.0031071 -36.1038 -0.0646773 0.997846 -0.0109719 0.903054 0.00239111 0.0111499 0.999935 0.554385
0.997812 0.0660723 0.00221339 -36.6692 -0.0660411 0.997744 -0.012046 0.950095 -0.00300431 0.0118735 0.999925 0.544287
0.997716 0.0673488 0.00522855 -37.2439 -0.067298 0.997689 -0.00935115 0.971584 -0.00584626 0.00897792 0.999943 0.556147
0.997604 0.0690823 0.00385101 -37.8004 -0.0690636 0.997601 -0.00480169 1.02982 -0.00417349 0.00452422 0.999981 0.577063
0.997432 0.07161 0.000684573 -38.349 -0.0716072 0.997427 -0.00350758 1.07819 -0.00093399 0.00344956 0.999994 0.628283
0.997242 0.074211 -0.000719098 -38.8991 -0.074214 0.997223 -0.00620328 1.12138 0.00025675 0.00623954 0.999981 0.642222
0.997077 0.0764057 0.000274562 -39.4596 -0.0764003 0.997038 -0.00886365 1.16693 -0.000950982 0.00881676 0.999961 0.621002
0.996907 0.0785584 0.00228389 -40.0146 -0.0785357 0.996873 -0.00873115 1.21552 -0.00296265 0.00852477 0.999959 0.625257
0.996709 0.0808708 0.00560191 -40.5795 -0.0808291 0.996701 -0.00731086 1.26546 -0.00617467 0.006834 0.999958 0.657917
0.996529 0.0827494 0.00913663 -41.1373 -0.0826878 0.996551 -0.00692111 1.3151 -0.00967784 0.0061416 0.999934 0.684159
0.996346 0.0848294 0.00996218 -41.6889 -0.0847464 0.996366 -0.00847693 1.34997 -0.0106451 0.0076017 0.999914 0.705532
0.996158 0.0871657 0.00846082 -42.2513 -0.087087 0.996158 -0.00925829 1.40561 -0.00923532 0.00848589 0.999921 0.696394
0.995986 0.0894191 0.00411869 -42.8326 -0.0893874 0.99597 -0.00732845 1.4719 -0.0047574 0.00693087 0.999965 0.697773
0.995808 0.09141 -0.00323367 -43.387 -0.0914226 0.995804 -0.00398607 1.53975 0.00285574 0.00426499 0.999987 0.716895
0.995528 0.094023 -0.00910221 -43.9495 -0.0940507 0.995564 -0.00266036 1.5899 0.0088117 0.00350453 0.999955 0.74864
0.995232 0.0966657 -0.0129707 -44.5192 -0.0967288 0.995301 -0.00432817 1.63798 0.0124914 0.00556217 0.999907 0.766942
0.994998 0.0989453 -0.0137308 -45.1012 -0.0990389 0.995064 -0.00631457 1.69767 0.0130383 0.00764287 0.999886 0.736671
0.994884 0.100406 -0.0111727 -45.6668 -0.100471 0.994925 -0.00543614 1.76722 0.0105702 0.00653087 0.999923 0.720425
0.994795 0.101712 -0.006132 -46.2348 -0.101729 0.994809 -0.00244662 1.83335 0.00585132 0.00305769 0.999978 0.750402
0.99464 0.103343 -0.00331142 -46.8032 -0.103346 0.994645 -0.000652944 1.89865 0.00322621 0.000991666 0.999994 0.790956
0.994515 0.104557 -0.00284044 -47.3809 -0.104561 0.994518 -0.00117557 1.96345 0.00270195 0.00146612 0.999995 0.799283
0.994362 0.105971 -0.0037066 -47.9562 -0.105982 0.994363 -0.0030378 2.02202 0.00336379 0.00341351 0.999989 0.803458
0.994217 0.107269 -0.00501797 -48.5321 -0.107292 0.994217 -0.00458639 2.07734 0.00449698 0.00509826 0.999977 0.802264
0.994079 0.10854 -0.00500222 -49.1254 -0.108569 0.994072 -0.00584489 2.15226 0.00433816 0.00635337 0.99997 0.814553
0.993951 0.109736 -0.00443397 -49.7232 -0.10976 0.993944 -0.00538359 2.21752 0.00381634 0.0058377 0.999976 0.810103
0.9938 0.111029 -0.00591211 -50.3144 -0.111052 0.993808 -0.00359619 2.29067 0.00547622 0.00423044 0.999976 0.827429
0.993646 0.1123 -0.00751244 -50.9027 -0.11232 0.99367 -0.00221772 2.35912 0.00721583 0.00304743 0.999969 0.837554
0.993455 0.11399 -0.0073063 -51.4907 -0.114005 0.993479 -0.00168527 2.43411 0.00706655 0.0025072 0.999972 0.832253
0.993271 0.11559 -0.00715831 -52.0998 -0.115602 0.993295 -0.00129549 2.5111 0.00696057 0.00211429 0.999974 0.840923
0.993141 0.116729 -0.00671435 -52.708 -0.116737 0.993163 -0.000739755 2.58147 0.00658209 0.00151849 0.999977 0.855699
0.992959 0.118334 -0.00545588 -53.3087 -0.118339 0.992973 -0.000495236 2.6679 0.00535894 0.00113739 0.999985 0.876866
0.992789 0.119817 -0.00368841 -53.9081 -0.119819 0.992796 -0.000347475 2.73222 0.00362021 0.000786912 0.999993 0.880157
0.992627 0.121163 -0.00338244 -54.5162 -0.121163 0.992633 0.000196851 2.80705 0.00338138 0.000214427 0.999994 0.887208
0.992488 0.122256 -0.00462295 -55.1529 -0.122253 0.992498 0.00099786 2.89441 0.00471026 -0.000425195 0.999989 0.896871
0.992298 0.123694 -0.00669003 -55.7675 -0.123683 0.99232 0.00196266 2.98642 0.00688142 -0.0011201 0.999976 0.92012
0.992118 0.125084 -0.0075353 -56.3757 -0.125077 0.992146 0.00142914 3.06197 0.00765488 -0.000475387 0.999971 0.927026
0.992047 0.125725 -0.00606147 -57.0262 -0.125723 0.992065 0.000703375 3.14928 0.00610181 6.42866e-05 0.999981 0.923883
0.992074 0.125566 -0.00480394 -57.6745 -0.125562 0.992085 0.000989497 3.23202 0.00489017 -0.00037846 0.999988 0.934375
0.99217 0.124785 -0.00524651 -58.3029 -0.124781 0.992184 0.00101396 3.29713 0.00533203 -0.000351355 0.999986 0.951561
0.992254 0.124055 -0.00645493 -58.9421 -0.124054 0.992275 0.000463721 3.38231 0.0064626 0.000340632 0.999979 0.960627
0.99232 0.123489 -0.00716053 -59.594 -0.123492 0.992346 2.78888e-05 3.46823 0.00710916 0.000856596 0.999974 0.953951
0.992369 0.123141 -0.00625023 -60.2407 -0.123147 0.992388 -0.000553266 3.55444 0.00613453 0.00131874 0.99998 0.969088
0.992394 0.123043 -0.00368123 -60.8896 -0.123051 0.992399 -0.0017783 3.62131 0.00343444 0.00221775 0.999992 0.997914
0.992461 0.122554 -0.00135416 -61.5463 -0.122558 0.992458 -0.00271164 3.69431 0.00101162 0.00285716 0.999995 1.00378
0.992525 0.122031 -0.00129779 -62.2123 -0.122034 0.992524 -0.00215554 3.78325 0.00102504 0.0022978 0.999997 0.991887
0.992506 0.122172 -0.00259193 -62.8796 -0.122175 0.992508 -0.00126967 3.86785 0.00241739 0.00157683 0.999996 0.999592
0.992556 0.121749 -0.0030277 -63.5628 -0.12175 0.992561 -0.000208957 3.95892 0.00297974 0.000576024 0.999995 1.02484
0.992562 0.1217 -0.00301106 -64.2433 -0.121703 0.992566 -0.0010005 4.04712 0.00286692 0.00135951 0.999995 1.06013
0.992575 0.121628 -0.00107527 -64.9316 -0.121631 0.992571 -0.00303639 4.10806 0.000697973 0.00314463 0.999995 1.06308
0.992641 0.121093 -0.000661004 -65.628 -0.121095 0.992632 -0.0040972 4.19533 0.00015999 0.00414709 0.999991 1.04983
0.992678 0.120762 -0.00244659 -66.3101 -0.12077 0.992674 -0.00354558 4.28828 0.0020005 0.0038151 0.999991 1.0596
0.992711 0.120417 -0.00488715 -67.0126 -0.120433 0.992717 -0.00311648 4.38394 0.00447628 0.00368234 0.999983 1.10183
0.992701 0.120474 -0.0054566 -67.7108 -0.120493 0.992709 -0.00323456 4.46661 0.00502713 0.00386843 0.99998 1.12873
0.99263 0.121113 -0.00419683 -68.4174 -0.121131 0.992627 -0.00437097 4.55316 0.00363651 0.00484712 0.999982 1.14241
0.99263 0.121184 -0.000859713 -69.1275 -0.121187 0.992615 -0.00534872 4.62825 0.000205184 0.00541348 0.999985 1.13335
0.99263 0.121186 0.000501466 -69.8244 -0.121182 0.992617 -0.00506306 4.71071 -0.00111134 0.00496498 0.999987 1.1326
0.992671 0.12085 -0.000377933 -70.5356 -0.120851 0.992662 -0.00414636 4.81957 -0.000125929 0.00416164 0.999991 1.15293
0.992629 0.121182 -0.00177235 -71.2724 -0.121188 0.992622 -0.00390059 4.91147 0.00128659 0.00408663 0.999991 1.17823
0.99259 0.121498 -0.00192247 -72.0007 -0.121505 0.992583 -0.00404049 5.00345 0.0014173 0.00424414 0.99999 1.18752
0.992576 0.121622 -2.99509e-05 -72.7195 -0.121622 0.992571 -0.00332928 5.0888 -0.000375186 0.00330821 0.999994 1.19956
0.992596 0.12145 0.00158835 -73.4522 -0.121448 0.992597 -0.00132833 5.18649 -0.00173791 0.00112559 0.999998 1.21358
0.992666 0.120891 0.000378187 -74.2044 -0.120891 0.992665 0.000810694 5.28203 -0.000277408 -0.000850467 1 1.24402
0.992676 0.12079 -0.0019676 -74.9432 -0.120786 0.992677 0.00164924 5.37281 0.0021524 -0.0013995 0.999997 1.27286
0.992716 0.120441 -0.00303909 -75.6771 -0.120435 0.992719 0.00204228 5.45359 0.00326294 -0.00166139 0.999993 1.2798
0.992847 0.119364 -0.00260842 -76.4331 -0.119358 0.992848 0.00253733 5.54637 0.00289264 -0.00220784 0.999993 1.28545
0.993047 0.117716 -0.00122969 -77.1762 -0.117712 0.993044 0.0026891 5.63859 0.00153769 -0.00252565 0.999996 1.30574
0.993236 0.116116 4.70274e-05 -77.9338 -0.116116 0.993232 0.00255744 5.71899 0.000250251 -0.0025456 0.999997 1.32885
0.993382 0.114856 0.000696537 -78.699 -0.114857 0.99338 0.00193618 5.81105 -0.000469543 -0.00200337 0.999998 1.33806
0.993514 0.113707 0.000754923 -79.4375 -0.113708 0.993513 0.00173007 5.89676 -0.000553304 -0.00180469 0.999998 1.33933
0.993602 0.112941 -0.000582413 -80.1925 -0.11294 0.9936 0.00184008 5.98619 0.000786505 -0.00176253 0.999998 1.35971
0.993759 0.11153 -0.00225888 -80.9847 -0.111526 0.99376 0.0019362 6.07293 0.00246073 -0.00167219 0.999996 1.3704
0.993944 0.109824 -0.00371094 -81.7644 -0.10982 0.993951 0.0012702 6.15359 0.00382799 -0.000854973 0.999992 1.38368
0.994083 0.108529 -0.00445744 -82.5253 -0.108522 0.994092 0.00184402 6.23759 0.00463124 -0.00134938 0.999988 1.39633
0.994164 0.107754 -0.00529359 -83.2662 -0.10774 0.994175 0.00281632 6.32364 0.00556622 -0.00222955 0.999982 1.41612
0.994288 0.106591 -0.00536876 -84.0373 -0.106574 0.994299 0.00335044 6.41426 0.00569528 -0.00275914 0.99998 1.43544
0.994415 0.10541 -0.0053418 -84.8046 -0.105399 0.994427 0.00234442 6.49539 0.00555915 -0.00176831 0.999983 1.44584
0.994546 0.104197 -0.00454164 -85.571 -0.104191 0.994556 0.00151517 6.565 0.0046748 -0.0010337 0.999989 1.45207
0.994653 0.103199 -0.00394685 -86.3285 -0.103193 0.99466 0.00162857 6.64249 0.00409384 -0.00121258 0.999991 1.45967
0.994768 0.102073 -0.00414507 -87.1047 -0.102063 0.994775 0.00244004 6.71748 0.00437247 -0.00200421 0.999988 1.47615
0.994881 0.100922 -0.0051403 -87.8735 -0.100906 0.994891 0.00314755 6.80744 0.0054317 -0.00261275 0.999982 1.50294
0.994978 0.099903 -0.00618223 -88.6439 -0.0998849 0.994994 0.00317579 6.88026 0.00646855 -0.00254233 0.999976 1.51208
0.995119 0.0985572 -0.00504115 -89.3976 -0.098545 0.995129 0.00261179 6.9569 0.005274 -0.00210227 0.999984 1.52446
0.995231 0.0975207 -0.00238305 -90.1502 -0.0975149 0.995231 0.0024388 7.02271 0.00260952 -0.00219478 0.999994 1.54046
0.995305 0.0967848 -0.000407273 -90.8978 -0.0967833 0.995302 0.00276636 7.09225 0.000673102 -0.00271396 0.999996 1.56231
0.995287 0.0969735 -0.000629608 -91.6446 -0.0969719 0.995284 0.00229453 7.17044 0.000849148 -0.00222266 0.999997 1.58981
0.99519 0.0979419 -0.00181248 -92.3896 -0.0979399 0.995192 0.00117649 7.23998 0.00191899 -0.000993315 0.999998 1.60427
0.995146 0.0983315 -0.00379186 -93.1502 -0.0983346 0.995153 -0.00064575 7.31288 0.00370998 0.00101549 0.999993 1.61896
0.995106 0.0986741 -0.00528696 -93.899 -0.0986821 0.995118 -0.00128197 7.38158 0.00513465 0.00179742 0.999985 1.62917
0.995083 0.0988737 -0.00583583 -94.6418 -0.0988838 0.995098 -0.00145301 7.45999 0.00566356 0.00202293 0.999982 1.65171
0.995067 0.0990655 -0.00528787 -95.3765 -0.0990742 0.995079 -0.00141145 7.53867 0.00512202 0.00192838 0.999985 1.66839
0.994975 0.100002 -0.00491217 -96.0943 -0.100012 0.994984 -0.00192559 7.61367 0.00469497 0.00240719 0.999986 1.68122
0.994904 0.1007 -0.00496378 -96.8146 -0.100717 0.994909 -0.00334946 7.68442 0.00460122 0.00383233 0.999982 1.69603
0.994892 0.100855 -0.00421697 -97.5526 -0.100873 0.99489 -0.00423299 7.74786 0.00376851 0.00463675 0.999982 1.70264
0.994887 0.100941 -0.00319037 -98.2809 -0.100956 0.994879 -0.00482594 7.81432 0.00268689 0.00512335 0.999983 1.71673
0.994874 0.101094 -0.00226834 -99.0137 -0.101104 0.994864 -0.00488356 7.90233 0.00176299 0.00508786 0.999986 1.72924
0.994865 0.101187 -0.00208583 -99.7244 -0.101197 0.994853 -0.0052283 7.97218 0.00154606 0.00541253 0.999984 1.77038
0.994816 0.10168 -0.00170327 -100.422 -0.10169 0.994787 -0.00760499 8.03683 0.000921111 0.00773876 0.99997 1.78513
0.994795 0.101873 -0.00200017 -101.133 -0.101887 0.994753 -0.00923577 8.11426 0.0010488 0.00939149 0.999955 1.78416
0.99482 0.101615 -0.00281096 -101.851 -0.101643 0.994743 -0.0124399 8.18208 0.0015321 0.0126611 0.999919 1.8071
0.994778 0.101959 0.00458932 -102.55 -0.101882 0.994688 -0.014727 8.24323 -0.00606649 0.0141825 0.999881 1.8224
0.994609 0.102033 0.0185094 -103.243 -0.101816 0.994727 -0.0123071 8.3099 -0.0196676 0.0103562 0.999753 1.8428
0.994466 0.101254 0.0280098 -103.934 -0.10113 0.994856 -0.00580239 8.40664 -0.0284532 0.00293765 0.999591 1.8592
0.994519 0.101365 0.0256408 -104.625 -0.101389 0.994847 -0.000359286 8.49137 -0.0255451 -0.00224238 0.999671 1.92729
0.994781 0.101662 0.00872382 -105.34 -0.101663 0.994819 -0.000429361 8.5636 -0.00872227 -0.000459766 0.999962 1.97102
0.994689 0.101693 -0.0159138 -106.058 -0.101748 0.994807 -0.0026724 8.62661 0.0155594 0.0042774 0.99987 1.93527
0.994066 0.101322 -0.0395805 -106.785 -0.101456 0.994839 -0.00138877 8.68858 0.0392355 0.00539619 0.999215 1.86453
0.993697 0.100995 -0.0486374 -107.486 -0.100981 0.994885 0.00274507 8.7716 0.0486658 0.00218369 0.998813 1.88086
0.99428 0.101254 -0.0339934 -108.162 -0.101198 0.994861 0.00337302 8.85488 0.0341602 8.63297e-05 0.999416 1.96838
0.994866 0.101098 -0.00463715 -108.838 -0.101102 0.994876 -0.000781329 8.90457 0.0045344 0.00124614 0.999989 2.00921
0.99469 0.100712 0.0211998 -109.504 -0.100586 0.994904 -0.00693764 8.96368 -0.0217905 0.00476839 0.999751 1.98967
0.994525 0.100516 0.0285637 -110.188 -0.100294 0.994916 -0.00913705 9.0446 -0.0293369 0.00622227 0.99955 1.95332
0.994834 0.100462 0.0146113 -110.9 -0.100403 0.994936 -0.00474315 9.12591 -0.0150138 0.00325163 0.999882 1.97099
0.994918 0.100622 -0.00377201 -111.62 -0.100624 0.994924 -0.000374883 9.20048 0.00371514 0.000752533 0.999993 2.03142
0.994774 0.101304 -0.0127428 -112.33 -0.101295 0.994855 0.00133026 9.26994 0.012812 -3.252e-05 0.999918 2.03581
0.994745 0.101546 -0.0130911 -113.021 -0.101529 0.994831 0.00191197 9.34134 0.0132175 -0.000572791 0.999912 2.03138
0.99483 0.101114 -0.00949001 -113.707 -0.101116 0.994875 0.000195153 9.41368 0.0094611 0.00076545 0.999955 2.05937
0.994831 0.101464 -0.0040899 -114.397 -0.101478 0.994833 -0.00321613 9.47804 0.00374244 0.00361454 0.999986 2.07092
0.99486 0.101248 0.00159924 -115.115 -0.10124 0.994852 -0.00448599 9.54073 -0.0020452 0.00430102 0.999989 2.05163
0.994943 0.10038 0.00364132 -115.83 -0.100376 0.994949 -0.00116814 9.62925 -0.00374019 0.00079673 0.999993 2.05626
0.994948 0.100394 -0.000577481 -116.519 -0.100392 0.994941 0.00367456 9.71742 0.000943466 -0.00359802 0.999993 2.08252
0.994811 0.101507 -0.0069495 -117.244 -0.101467 0.994822 0.00585071 9.79592 0.0075074 -0.0051152 0.999959 2.14526
0.994732 0.102196 -0.00796646 -117.982 -0.10217 0.994761 0.00355573 9.8588 0.0082881 -0.00272307 0.999962 2.14544
0.994771 0.10213 -0.000619668 -118.692 -0.102129 0.99477 0.0016532 9.92266 0.000785269 -0.00158127 0.999998 2.11341
0.994858 0.100952 0.00808582 -119.401 -0.100983 0.994882 0.00351813 9.99051 -0.00768927 -0.00431657 0.999961 2.13175
0.994873 0.1005 0.0112821 -120.094 -0.100571 0.994912 0.00595544 10.0872 -0.0106262 -0.00705957 0.999919 2.19304
0.994892 0.100598 0.00834933 -120.825 -0.100651 0.994902 0.00624327 10.1739 -0.00767871 -0.00705175 0.999946 2.21866
0.994919 0.100653 0.00237964 -121.574 -0.100665 0.994903 0.00580682 10.2406 -0.00178304 -0.00601686 0.99998 2.2085
0.994939 0.100449 -0.00241317 -122.317 -0.100433 0.994926 0.00597857 10.3118 0.00300146 -0.00570595 0.999979 2.2119
0.995013 0.0996853 -0.00353191 -123.039 -0.0996627 0.995003 0.00609511 10.374 0.00412185 -0.00571271 0.999975 2.24503
0.995075 0.0991082 -0.00162346 -123.769 -0.0991001 0.995067 0.00445953 10.4508 0.00205743 -0.00427669 0.999989 2.27194
0.995138 0.0984742 0.00188174 -124.524 -0.0984779 0.995137 0.00194982 10.5195 -0.00168059 -0.00212565 0.999996 2.27195
0.995237 0.0974346 0.00302027 -125.264 -0.0974399 0.99524 0.00163388 10.5945 -0.0028467 -0.00192039 0.999994 2.26424
0.995401 0.095789 0.000859327 -126.017 -0.0957913 0.995396 0.0032351 10.6818 -0.000545484 -0.00330254 0.999994 2.28587
0.995575 0.0939256 -0.00293191 -126.755 -0.0939117 0.99557 0.00455156 10.7559 0.00334643 -0.00425608 0.999985 2.32613
0.99577 0.0917815 -0.00417068 -127.509 -0.0917653 0.995773 0.00392209 10.8078 0.00451302 -0.00352278 0.999984 2.33572
0.996013 0.0891651 -0.00284157 -128.256 -0.0891579 0.996014 0.00256025 10.8674 0.00305853 -0.00229669 0.999993 2.34603
0.996222 0.0868301 -0.00119578 -128.987 -0.086828 0.996222 0.00173399 10.9282 0.00134182 -0.00162361 0.999998 2.3507
0.996415 0.0846011 0.000418747 -129.733 -0.0846014 0.996415 0.000782903 10.9935 -0.000351011 -0.000815522 1 2.37448
0.99663 0.082016 0.00116743 -130.484 -0.0820159 0.996631 -0.000104857 11.0472 -0.00117209 8.75575e-06 0.999999 2.39244
0.996826 0.079605 0.000629598 -131.227 -0.0796053 0.996826 0.000536665 11.1041 -0.000584879 -0.000585081 1 2.39758
0.997007 0.0773074 -0.00126043 -131.964 -0.0773049 0.997006 0.00191322 11.155 0.00140456 -0.00181005 0.999997 2.41945
0.997136 0.0755527 -0.00342441 -132.686 -0.0755427 0.997138 0.00295583 11.2181 0.00363793 -0.00268868 0.99999 2.43906
0.997278 0.0735946 -0.00443291 -133.422 -0.0735795 0.997283 0.00348504 11.2757 0.00467735 -0.00314939 0.999984 2.46307
0.99746 0.0711712 -0.00268895 -134.162 -0.0711635 0.997461 0.00285639 11.3246 0.00288541 -0.00265778 0.999992 2.48391
0.997657 0.0684209 0.000246188 -134.876 -0.0684213 0.997655 0.00185635 11.3735 -0.000118597 -0.00186885 0.999998 2.48359
0.997807 0.0661593 0.0020831 -135.584 -0.0661639 0.997806 0.00224785 11.4119 -0.00192982 -0.00238074 0.999995 2.49624
0.997991 0.0633416 0.00135915 -136.319 -0.0633454 0.997987 0.00296041 11.4557 -0.00116889 -0.00304055 0.999995 2.52051
0.998102 0.0615472 -0.0020898 -137.045 -0.0615383 0.998096 0.0040528 11.5112 0.00233526 -0.0039165 0.99999 2.53973
0.998202 0.0597209 -0.00515611 -137.757 -0.0596988 0.998207 0.00435094 11.5406 0.00540671 -0.00403531 0.999977 2.56781
0.998314 0.0577742 -0.0055215 -138.458 -0.0577571 0.998326 0.00319948 11.5846 0.00569711 -0.00287518 0.99998 2.57355
0.998448 0.0556118 -0.00282769 -139.172 -0.0556038 0.998449 0.00282659 11.624 0.0029805 -0.00266497 0.999992 2.58335
0.998554 0.0537192 0.00206265 -139.873 -0.053722 0.998555 0.00136774 11.6709 -0.00198619 -0.00147658 0.999997 2.62368
0.998482 0.0522893 0.0173294 -140.557 -0.0522933 0.998632 -0.000220914 11.6874 -0.0173172 -0.000685631 0.99985 2.64123
0.998172 0.0507846 0.0327679 -141.253 -0.0507651 0.99871 -0.00142792 11.7286 -0.0327981 -0.000238154 0.999462 2.67219
0.998083 0.048836 0.0380114 -141.943 -0.0488772 0.998805 0.000155661 11.7622 -0.0379584 -0.00201326 0.999277 2.68068
0.998533 0.047772 0.0254768 -142.643 -0.0478442 0.998852 0.00223357 11.8034 -0.0253409 -0.00344921 0.999673 2.70927
0.998871 0.0473008 -0.00433354 -143.374 -0.047284 0.998874 0.003904 11.8462 0.00451332 -0.00369469 0.999983 2.71646
0.998216 0.0461434 -0.0378901 -144.125 -0.0460349 0.998933 0.0037308 11.8786 0.0380218 -0.00197988 0.999275 2.72939
0.997483 0.0455761 -0.0543127 -144.866 -0.0454299 0.99896 0.00392247 11.9083 0.054435 -0.00144517 0.998516 2.71318
0.998101 0.0450546 -0.0420133 -145.581 -0.0448609 0.998978 0.00554172 11.9267 0.0422201 -0.00364644 0.999102 2.73133
0.998984 0.044213 -0.00877678 -146.264 -0.0441557 0.999003 0.00662055 11.9637 0.00906074 -0.00622628 0.99994 2.75665
0.998836 0.0425782 0.0226772 -146.96 -0.0427291 0.999067 0.0062114 12.0133 -0.0223916 -0.00717314 0.999724 2.75776
0.998582 0.0421158 0.0325723 -147.685 -0.0422778 0.999097 0.00430047 12.046 -0.0323617 -0.00567146 0.99946 2.75923
0.99896 0.0421326 0.0174345 -148.449 -0.0421972 0.999104 0.00335438 12.0807 -0.0172776 -0.00408658 0.999842 2.7523
0.999081 0.0426758 -0.0039707 -149.202 -0.042654 0.999075 0.00540345 12.1098 0.00419762 -0.00522912 0.999978 2.78544
0.998949 0.0436409 -0.0140322 -149.955 -0.0435285 0.999018 0.00821875 12.1357 0.0143771 -0.00759931 0.999868 2.82962
0.998976 0.0439363 -0.0107866 -150.71 -0.0438274 0.998988 0.0101341 12.1796 0.0112209 -0.009651 0.99989 2.84916
0.999031 0.0440101 -0.00099156 -151.467 -0.0439968 0.998973 0.0108353 12.2154 0.00146741 -0.0107812 0.999941 2.85335
0.998997 0.0441785 0.00723771 -152.216 -0.044254 0.998964 0.0106325 12.2548 -0.00676048 -0.0109421 0.999917 2.87141
0.998958 0.0447167 0.00916255 -152.971 -0.0448014 0.998953 0.0092518 12.2849 -0.00873924 -0.00965265 0.999915 2.89512
0.998928 0.0457626 0.00699145 -153.744 -0.0458156 0.998921 0.00761816 12.3172 -0.00663528 -0.00793031 0.999947 2.92042
0.998934 0.0460328 0.00335468 -154.523 -0.0460522 0.998921 0.00595971 12.3547 -0.00307672 -0.00610785 0.999977 2.92601
0.998917 0.0465253 0.00101101 -155.304 -0.0465292 0.998908 0.00422399 12.3947 -0.000813379 -0.00426646 0.999991 2.93729
0.998884 0.0472272 -4.51196e-05 -156.104 -0.0472268 0.99888 0.00299675 12.4344 0.000186597 -0.00299128 0.999996 2.95979
0.998868 0.0475553 -0.00111167 -156.882 -0.0475516 0.998864 0.00314176 12.4751 0.00125982 -0.00308534 0.999994 2.97065
0.99885 0.0478901 -0.00217731 -157.675 -0.0478845 0.99885 0.0025644 12.5134 0.00229761 -0.00245719 0.999994 3.00035
0.998831 0.048263 -0.00262839 -158.454 -0.0482598 0.998834 0.00125404 12.5464 0.00268585 -0.00112573 0.999996 3.0108
0.998809 0.0487151 -0.00273314 -159.24 -0.048714 0.998813 0.000463384 12.5846 0.00275247 -0.00032969 0.999996 3.0129
0.99875 0.0499426 -0.00196769 -160.043 -0.049941 0.998752 0.000882127 12.6236 0.00200929 -0.000782756 0.999998 3.03244
0.99866 0.0517429 -0.00132278 -160.825 -0.051741 0.99866 0.00143842 12.6647 0.00139543 -0.00136805 0.999998 3.05699
0.99864 0.0521238 -0.000730567 -161.617 -0.0521227 0.99864 0.0014709 12.7135 0.000806242 -0.00143082 0.999999 3.06661
0.99857 0.0534673 -5.89629e-05 -162.414 -0.0534671 0.998567 0.00208341 12.7651 0.000170273 -0.00207728 0.999998 3.0788
0.998542 0.0539742 0.000575277 -163.208 -0.0539756 0.998538 0.0029015 12.7999 -0.00041783 -0.00292832 0.999996 3.09785
0.998448 0.0556361 0.00257334 -164.021 -0.0556462 0.998442 0.00403719 12.8555 -0.00234472 -0.00417412 0.999989 3.12358
0.998375 0.0568054 0.00445691 -164.839 -0.0568262 0.998373 0.00467564 12.9108 -0.00418406 -0.00492131 0.999979 3.15136
0.998306 0.0579459 0.00515416 -165.642 -0.0579715 0.998306 0.0049699 12.9606 -0.00485745 -0.00526027 0.999974 3.17443
0.998197 0.0597838 0.00539988 -166.454 -0.0598082 0.9982 0.00448036 13.0176 -0.00512231 -0.00479524 0.999975 3.19698
0.997991 0.0631587 0.00492745 -167.274 -0.0631753 0.997997 0.0032898 13.0593 -0.0047098 -0.00359449 0.999982 3.21504
0.99776 0.0667715 0.00404644 -168.096 -0.0667835 0.997763 0.00291771 13.1139 -0.00384257 -0.00318141 0.999988 3.22453
0.99756 0.0697801 0.00235939 -168.916 -0.069788 0.997556 0.00344857 13.1817 -0.00211298 -0.00360481 0.999991 3.24463
0.997304 0.073341 0.00256413 -169.725 -0.0733511 0.997298 0.00412421 13.2589 -0.00225473 -0.00430117 0.999988 3.27269
0.997077 0.076324 0.00352114 -170.55 -0.076339 0.997072 0.00434741 13.3267 -0.00317902 -0.0046035 0.999984 3.29495
0.996827 0.0794547 0.00475601 -171.369 -0.0794739 0.996829 0.00400003 13.3876 -0.0044231 -0.00436532 0.999981 3.31285
0.996559 0.0827483 0.00470148 -172.189 -0.082765 0.996563 0.00346131 13.4529 -0.0043989 -0.00383852 0.999983 3.32866
0.996298 0.0858998 0.00328001 -173.029 -0.0859116 0.996296 0.00366901 13.5383 -0.00295269 -0.00393722 0.999988 3.34261
0.996015 0.0891649 0.00176676 -173.855 -0.0891716 0.996007 0.004192 13.6356 -0.00138592 -0.00433284 0.99999 3.3637
0.995686 0.0927758 0.00105031 -174.683 -0.0927802 0.995672 0.00540006 13.7149 -0.000544766 -0.00547421 0.999985 3.38521
0.995364 0.0961683 0.00133618 -175.493 -0.0961752 0.995341 0.0067623 13.788 -0.000679639 -0.00685946 0.999976 3.41694
0.995195 0.0978811 0.00261815 -176.311 -0.0978979 0.99517 0.007315 13.8778 -0.0018895 -0.00753616 0.99997 3.43433
0.995026 0.0995796 0.00250536 -177.121 -0.0995965 0.994996 0.00790674 13.9669 -0.00170548 -0.00811694 0.999966 3.44443
0.994965 0.100195 0.00219838 -177.937 -0.100211 0.994924 0.00916442 14.0557 -0.00126899 -0.00933858 0.999956 3.46552
0.994961 0.100254 0.00134258 -178.747 -0.100263 0.994912 0.00989687 14.1381 -0.000343545 -0.00998161 0.99995 3.48656
