1 0 0 0 0 1 0 0 0 0 1 0
1 9.17177e-05 -1.81452e-05 0.00385641 -9.17171e-05 1 3.12629e-05 -0.00416951 1.8148e-05 -3.12612e-05 1 0.00067331
1 -4.64815e-05 4.50765e-05 -0.000580834 4.64784e-05 1 6.96252e-05 -0.001227 -4.50798e-05 -6.96231e-05 1 -0.00228798
1 -7.32346e-05 6.3724e-05 0.000942845 7.32263e-05 1 0.00012968 0.00616531 -6.37335e-05 -0.000129675 1 -0.00479189
1 -8.57953e-05 2.90384e-06 -4.65039e-05 8.57952e-05 1 2.99176e-05 0.00877952 -2.90641e-06 -2.99174e-05 1 -0.00180218
1 -5.42044e-05 -4.54521e-06 -0.00157366 5.42044e-05 1 -1.61655e-05 0.00272079 4.54608e-06 1.61652e-05 1 -0.000414971
1 5.36249e-05 3.31763e-06 -2.40983e-05 -5.36251e-05 1 4.89624e-05 -0.00326141 -3.31501e-06 -4.89626e-05 1 -0.000738278
1 -8.54217e-05 3.79573e-05 -0.000778239 8.54213e-05 1 1.09989e-05 0.000195753 -3.79582e-05 -1.09957e-05 1 0.000148392
1 -0.00013013 -7.96215e-06 0.000502663 0.00013013 1 -2.48335e-06 0.00273675 7.96248e-06 2.48232e-06 1 0.000679974
1 -5.7951e-05 1.1581e-05 0.00453173 5.79496e-05 1 0.000119625 -0.000482817 -1.15879e-05 -0.000119624 1 -0.00253058
1 -1.16049e-05 3.66161e-05 0.00381631 1.16016e-05 1 8.85007e-05 0.00253158 -3.66171e-05 -8.85002e-05 1 -0.0034532
1 6.78991e-05 7.67101e-06 0.00657259 -6.78991e-05 1 3.28569e-06 0.00330035 -7.67079e-06 -3.28621e-06 1 -0.000844264
1 5.98712e-05 -1.23797e-05 0.00256978 -5.98709e-05 1 2.9644e-05 0.00227774 1.23815e-05 -2.96433e-05 1 -0.000809088
1 7.06689e-05 -2.82315e-05 0.00535219 -7.06678e-05 1 4.05506e-05 -0.00101699 2.82343e-05 -4.05486e-05 1 0.000494602
1 -8.66353e-05 -1.39105e-05 -0.000131591 8.66355e-05 1 1.84368e-05 0.00137692 1.39089e-05 -1.84381e-05 1 0.0011169
1 8.60912e-06 9.48832e-06 0.00153281 -8.6098e-06 1 7.15361e-05 -0.00289984 -9.48771e-06 -7.15362e-05 1 -0.00131166
1 7.59644e-05 3.94313e-05 0.00437572 -7.59682e-05 1 9.55784e-05 -0.00259316 -3.9424e-05 -9.55814e-05 1 -0.00313551
1 3.08674e-05 3.01719e-05 0.00608913 -3.08698e-05 1 8.13289e-05 -0.000978324 -3.01694e-05 -8.13298e-05 1 -0.00215403
1 -1.50737e-05 8.26555e-06 0.00308345 1.50735e-05 1 2.52983e-05 0.00115009 -8.26593e-06 -2.52981e-05 1 0.000348128
1 1.77666e-05 6.75495e-06 0.00196533 -1.77666e-05 1 1.05902e-05 -0.00106716 -6.75476e-06 -1.05903e-05 1 -0.000693718
1 7.97965e-06 3.1695e-05 0.00290656 -7.98347e-06 1 0.000120397 -0.00205971 -3.1694e-05 -0.000120397 1 -0.00445757
1 0.000117571 7.61596e-06 0.0102342 -0.000117572 1 0.000117301 -0.00254691 -7.60217e-06 -0.000117302 1 -0.00308025
1 3.33973e-05 -3.38089e-05 0.00266539 -3.33946e-05 1 7.86249e-05 -0.00274309 3.38115e-05 -7.86238e-05 1 -0.000283876
1 3.70763e-05 -1.62763e-05 0.000828847 -3.70758e-05 1 2.73025e-05 -0.00283979 1.62774e-05 -2.73019e-05 1 0.000757015
1 1.99287e-05 3.23645e-05 -0.000748679 -1.99305e-05 1 5.77019e-05 -0.00203937 -3.23634e-05 -5.77026e-05 1 -0.00115221
1 -1.27395e-05 5.08338e-05 0.000265748 1.27386e-05 1 1.62137e-05 0.000351523 -5.0834e-05 -1.62131e-05 1 -0.00123548
1 3.02363e-05 3.55269e-05 0.00127441 -3.02394e-05 1 8.71915e-05 0.000221867 -3.55242e-05 -8.71926e-05 1 -0.00281542
1 1.52973e-05 3.80929e-05 0.00389409 -1.5302e-05 1 0.000123773 -0.00251996 -3.8091e-05 -0.000123774 1 -0.00295532
1 0.000129667 1.49846e-05 0.00730342 -0.000129668 1 6.57343e-05 -0.00374397 -1.4976e-05 -6.57362e-05 1 -0.00178027
1 3.71862e-05 3.70279e-05 0.00344924 -3.71876e-05 1 3.67677e-05 -0.000699172 -3.70265e-05 -3.67691e-05 1 -0.00079391
1 2.75755e-05 3.24373e-05 0.00240642 -2.75779e-05 1 7.68987e-05 -0.00039714 -3.24352e-05 -7.68996e-05 1 -0.00352497
1 -1.95233e-05 1.0454e-05 -0.000496202 1.95218e-05 1 0.00014469 -0.000269129 -1.04569e-05 -0.00014469 1 -0.00439769
1 -6.73953e-05 3.88337e-05 -0.00355872 6.73931e-05 1 5.74718e-05 0.000794102 -3.88376e-05 -5.74692e-05 1 -0.00221454
1 2.88626e-05 2.12421e-05 0.000623781 -2.88627e-05 1 5.38983e-06 0.00222832 -2.1242e-05 -5.39045e-06 1 -0.0010145
1 -5.45455e-05 1.2775e-05 -0.00110972 5.45445e-05 1 7.8044e-05 0.00288509 -1.27793e-05 -7.80433e-05 1 -0.0015698
1 -5.56314e-05 2.51511e-05 0.00235214 5.56282e-05 1 0.000129465 0.00266286 -2.51584e-05 -0.000129464 1 -0.00350738
1 1.23094e-05 -5.33324e-06 0.00212783 -1.2309e-05 1 7.251e-05 -0.00433672 5.33413e-06 -7.25099e-05 1 -0.00141361
1 9.77208e-05 6.98732e-06 0.00504771 -9.77214e-05 1 8.71369e-05 -0.00331268 -6.9788e-06 -8.71376e-05 1 -0.00236449
1 9.97721e-05 -4.74058e-06 0.00407111 -9.97718e-05 1 4.87614e-05 -0.00135392 4.74545e-06 -4.8761e-05 1 -0.00211575
1 -1.95611e-05 1.26261e-05 0.00223511 1.95605e-05 1 4.9052e-05 0.00064603 -1.2627e-05 -4.90517e-05 1 -0.00185154
1 2.65003e-05 -2.40633e-05 0.00822585 -2.64991e-05 1 5.2014e-05 -0.00104337 2.40647e-05 -5.20133e-05 1 -0.00108286
1 7.28368e-05 2.72782e-05 0.00364829 -7.28397e-05 1 0.000104763 -0.0025507 -2.72706e-05 -0.000104765 1 -0.00203065
1 9.47656e-05 7.10281e-06 0.00258467 -9.47657e-05 1 1.70576e-05 -2.66212e-05 -7.1012e-06 -1.70583e-05 1 -1.98442e-05
1 1.4265e-05 3.29414e-06 0.00231017 -1.42649e-05 1 -1.35147e-05 -0.000142362 -3.29434e-06 1.35146e-05 1 0.000339455
1 0.000107278 -1.55228e-05 0.00492771 -0.000107276 1 0.000104613 -0.000835044 1.55341e-05 -0.000104612 1 -0.00205256
1 6.98387e-05 -1.80385e-05 0.00411896 -6.98377e-05 1 5.75381e-05 0.00010718 1.80425e-05 -5.75369e-05 1 -0.000329701
1 6.28278e-05 3.50981e-07 0.00288283 -6.28279e-05 1 8.50149e-05 -0.00322165 -3.45639e-07 -8.50149e-05 1 -0.00280719
1 2.54821e-06 5.45198e-06 0.00436851 -2.54876e-06 1 0.000100906 -0.000193552 -5.45172e-06 -0.000100906 1 -0.0030326
1 -4.44535e-05 1.45835e-05 0.00256203 4.4452e-05 1 9.99965e-05 5.41552e-05 -1.45879e-05 -9.99959e-05 1 -0.00161289
1 -1.27872e-05 3.239e-05 0.00202769 1.27866e-05 1 1.93097e-05 0.00015226 -3.23903e-05 -1.93093e-05 1 -0.000793492
1 3.83719e-05 3.96185e-05 0.00216507 -3.83741e-05 1 5.55666e-05 0.000182699 -3.96164e-05 -5.55681e-05 1 -0.00245888
1 0.000103141 1.17879e-05 0.00419849 -0.000103142 1 3.98229e-05 -0.00241194 -1.17838e-05 -3.98241e-05 1 -0.000632393
1 7.54461e-05 -6.75355e-06 0.00332401 -7.54459e-05 1 1.9565e-05 -0.00183117 6.75503e-06 -1.95645e-05 1 0.000554231
1 5.75262e-05 8.29388e-06 0.0027739 -5.75264e-05 1 2.69023e-05 0.00246824 -8.29233e-06 -2.69028e-05 1 -9.04715e-05
1 -1.68561e-05 4.29807e-05 -3.67679e-05 1.68508e-05 1 0.000121717 -0.00134928 -4.29827e-05 -0.000121716 1 -0.00278087
1 0.00010544 1.54309e-05 0.00631755 -0.000105442 1 0.000122805 -0.00291764 -1.54179e-05 -0.000122806 1 -0.00267188
1 2.80194e-05 3.94753e-06 0.0044986 -2.80196e-05 1 4.81662e-05 -0.00108142 -3.94619e-06 -4.81663e-05 1 -0.000906631
1 6.59989e-05 1.26968e-05 0.00399295 -6.6e-05 1 8.50315e-05 -0.00125854 -1.26912e-05 -8.50323e-05 1 -0.0027209
1 0.000187525 3.04627e-06 0.0157034 -0.000187526 1 7.29044e-05 -0.00436951 -3.0326e-06 -7.29049e-05 1 -0.00128418
1 0.000354062 3.26147e-05 0.0316463 -0.000354059 1 -0.000100999 -0.00357947 -3.26504e-05 0.000100987 1 0.006042
1 0.000298663 4.82165e-05 0.028818 -0.000298656 1 -0.000131045 0.0018601 -4.82557e-05 0.00013103 1 0.00782787
1 0.000273192 7.59349e-05 0.0130035 -0.000273186 1 -8.5134e-05 0.00042398 -7.59581e-05 8.51133e-05 1 0.00411915
1 -0.000130742 7.70827e-05 -0.0119835 0.000130753 1 -0.000147385 0.00200272 -7.70634e-05 0.000147395 1 0.00442265
1 -0.0002847 0.00011464 -0.0284243 0.000284715 1 -0.00013479 0.00459925 -0.000114602 0.000134823 1 0.00479581
1 -0.00046822 0.000106761 -0.0390236 0.00046824 1 -0.000185699 0.00557561 -0.000106674 0.000185749 1 0.00763972
1 -0.000454594 0.0001336 -0.0411271 0.000454625 1 -0.000236589 -0.000197381 -0.000133492 0.00023665 1 0.00989284
1 -0.000603066 0.000350946 -0.0585549 0.000603135 1 -0.000194958 -0.0127793 -0.000350828 0.00019517 1 0.0106992
0.999999 -0.00127524 0.00054619 -0.107159 0.00127541 0.999999 -0.000300755 -0.0131387 -0.000545806 0.000301451 1 0.0119425
0.999996 -0.00275703 0.000610771 -0.178026 0.0027573 0.999996 -0.000438069 -0.0123977 -0.000609561 0.000439751 1 0.0140476
0.99999 -0.0044391 0.00063282 -0.251585 0.00443932 0.99999 -0.000354239 -0.0173973 -0.000631242 0.000357045 1 0.0129432
0.999978 -0.00662091 0.000668978 -0.328771 0.00662105 0.999978 -0.000205136 -0.0172122 -0.000667605 0.000209561 1 0.0103388
0.999964 -0.00848454 0.000847697 -0.42486 0.00848477 0.999964 -0.00027566 -0.0267243 -0.000845328 0.000282842 1 0.0122442
0.99995 -0.00993259 0.00111923 -0.505034 0.00993312 0.999951 -0.000469201 -0.0373438 -0.00111451 0.000480295 0.999999 0.0135671
0.999911 -0.0132562 0.00130753 -0.627783 0.0132572 0.999912 -0.000805309 -0.0473121 -0.00129674 0.000822572 0.999999 0.0176389
0.999866 -0.0162792 0.00159962 -0.746849 0.0162799 0.999867 -0.000436171 -0.0468167 -0.0015923 0.000462154 0.999999 0.00434743
0.999826 -0.0185547 0.00174072 -0.872643 0.0185555 0.999828 -0.000412987 -0.0557111 -0.00173276 0.000445215 0.999998 -0.000367079
0.99977 -0.0213501 0.0017991 -1.0276 0.0213514 0.999772 -0.000712787 -0.0762271 -0.00178347 0.000751037 0.999998 0.00100767
0.999729 -0.0232163 0.00175095 -1.17573 0.0232178 0.99973 -0.000852044 -0.083984 -0.00173069 0.000892467 0.999998 -0.00102205
0.999678 -0.0252949 0.001875 -1.32194 0.0252967 0.99968 -0.000946429 -0.0936942 -0.00185046 0.000993556 0.999998 0.0014474
0.999619 -0.0274799 0.00239811 -1.5045 0.0274823 0.999622 -0.000992869 -0.0722112 -0.00236992 0.0010584 0.999997 0.0176216
0.999579 -0.0288912 0.00251996 -1.67398 0.0288936 0.999582 -0.000929078 -0.0662045 -0.00249206 0.0010015 0.999996 0.0442958
0.999518 -0.0309206 0.00262141 -1.89178 0.0309214 0.999522 -0.000270359 -0.084538 -0.0026118 0.000351286 0.999997 0.0508644
0.999454 -0.0329451 0.00258641 -2.10481 0.0329462 0.999457 -0.000409367 -0.0888503 -0.00257152 0.000494356 0.999997 0.0592583
0.999418 -0.0340391 0.00238233 -2.3 0.0340413 0.99942 -0.000892462 -0.107009 -0.00235057 0.00097304 0.999997 0.053505
0.999387 -0.034903 0.00258137 -2.52199 0.0349084 0.999388 -0.00207791 -0.132126 -0.00250727 0.00216675 0.999995 0.0441286
0.999335 -0.0362934 0.00349882 -2.77126 0.0363036 0.999337 -0.0028763 -0.142471 -0.00339211 0.00300141 0.99999 0.0542895
0.999308 -0.0369503 0.00432008 -3.02237 0.0369603 0.999314 -0.00226741 -0.137463 -0.00423333 0.00242551 0.999988 0.0618073
0.999285 -0.0374892 0.0049397 -3.29192 0.0374965 0.999296 -0.00140039 -0.152921 -0.00488372 0.00158461 0.999987 0.0773329
0.999256 -0.0381945 0.00537664 -3.55678 0.038201 0.999269 -0.00110918 -0.146111 -0.00533035 0.00131375 0.999985 0.0896872
0.999255 -0.0381891 0.00555994 -3.84024 0.0381964 0.99927 -0.00121311 -0.149254 -0.00550955 0.00142457 0.999984 0.0863762
0.999258 -0.0382117 0.00484668 -4.14797 0.0382217 0.999267 -0.00199199 -0.166066 -0.00476702 0.00217576 0.999986 0.10132
0.999248 -0.0385126 0.00452679 -4.47789 0.03852 0.999257 -0.00156085 -0.182411 -0.00446331 0.00173405 0.999989 0.0956295
0.999237 -0.0387702 0.00470497 -4.7788 0.038777 0.999247 -0.0013573 -0.1971 -0.00464881 0.00153871 0.999988 0.099113
0.999191 -0.0400424 0.00381976 -5.1043 0.040048 0.999197 -0.001415 -0.2086 -0.00376003 0.00156683 0.999992 0.1106
0.999155 -0.0410191 0.00265931 -5.4756 0.0410239 0.999157 -0.00177674 -0.224275 -0.00258419 0.00188433 0.999995 0.130073
0.999096 -0.0424813 0.00142432 -5.8427 0.0424839 0.999095 -0.00182414 -0.251543 -0.00134554 0.00188301 0.999997 0.131793
0.999025 -0.0441332 0.00139158 -6.21233 0.0441355 0.999024 -0.00159771 -0.274286 -0.00131971 0.00165757 0.999998 0.129926
0.999007 -0.0445201 0.00188674 -6.57487 0.0445238 0.999006 -0.0019457 -0.304941 -0.00179824 0.00202777 0.999996 0.137621
0.998973 -0.0452265 0.00265648 -6.95669 0.0452332 0.998973 -0.00254464 -0.322794 -0.00253867 0.00266218 0.999993 0.165356
0.998885 -0.0470926 0.00340939 -7.3839 0.0471003 0.998888 -0.00220695 -0.325033 -0.00330167 0.00236507 0.999992 0.161813
0.998799 -0.0488452 0.00396072 -7.81071 0.0488531 0.998804 -0.0019053 -0.335262 -0.00386292 0.00209651 0.99999 0.174701
0.998776 -0.0492759 0.00429441 -8.19283 0.0492859 0.998782 -0.00225602 -0.371846 -0.00417802 0.00246491 0.999988 0.195941
0.998728 -0.0501927 0.004892 -8.60859 0.0502084 0.998734 -0.00314202 -0.397605 -0.0047281 0.00338365 0.999983 0.20282
0.998659 -0.0514184 0.00603214 -9.0734 0.0514411 0.998669 -0.0036703 -0.424399 -0.00583539 0.00397567 0.999975 0.196891
0.998618 -0.0522271 0.00586818 -9.51679 0.0522512 0.998626 -0.0040377 -0.459841 -0.00564923 0.00433874 0.999975 0.216782
0.998528 -0.053978 0.00531714 -9.98624 0.0540006 0.998532 -0.00419874 -0.47626 -0.0050827 0.00447969 0.999977 0.232701
0.998446 -0.0554736 0.00536037 -10.4552 0.0554981 0.998448 -0.00455229 -0.488816 -0.00509952 0.0048427 0.999975 0.241182
0.998409 -0.0560992 0.00564252 -10.929 0.0561282 0.99841 -0.00511056 -0.535641 -0.00534685 0.00541913 0.999971 0.237894
0.998346 -0.0572255 0.0055596 -11.4228 0.0572564 0.998344 -0.00557094 -0.583054 -0.0052316 0.00588004 0.999969 0.243267
0.998268 -0.0586015 0.00515247 -11.9383 0.0586295 0.998265 -0.00546854 -0.61225 -0.00482306 0.00576115 0.999972 0.260526
0.998175 -0.0602128 0.00465477 -12.4888 0.0602386 0.998168 -0.00560314 -0.642525 -0.00430886 0.00587331 0.999973 0.277653
0.998108 -0.0613024 0.0047233 -13.033 0.0613327 0.998096 -0.00655969 -0.665265 -0.00431219 0.00683697 0.999967 0.300335
0.998071 -0.0618869 0.00500024 -13.5586 0.0619233 0.998053 -0.00747833 -0.696375 -0.00452769 0.00777354 0.99996 0.297128
0.998016 -0.0627435 0.00528029 -14.1091 0.0627874 0.99799 -0.00860661 -0.729028 -0.00472967 0.00892106 0.999949 0.3143
0.997972 -0.0634111 0.00554867 -14.6872 0.0634555 0.997951 -0.00823623 -0.761863 -0.00501503 0.00857162 0.999951 0.31228
0.997971 -0.0635349 0.004255 -15.2681 0.0635723 0.997934 -0.00930262 -0.80233 -0.00365517 0.00955424 0.999948 0.342821
0.997938 -0.064087 0.00340823 -15.8426 0.0641193 0.997888 -0.0104263 -0.843111 -0.00273284 0.0106233 0.99994 0.377297
0.997886 -0.0648843 0.00358254 -16.4529 0.0649193 0.997833 -0.010687 -0.886466 -0.00288136 0.010897 0.999936 0.396014
0.997817 -0.0658733 0.00464914 -17.0593 0.0659213 0.997764 -0.0110486 -0.930571 -0.00391094 0.011331 0.999928 0.40113
0.997761 -0.0666452 0.00559398 -17.69 0.0667047 0.99771 -0.0112333 -0.968862 -0.00483252 0.0115813 0.999921 0.41104
0.997741 -0.0669263 0.0058891 -18.3022 0.0669917 0.997685 -0.0117068 -1.00541 -0.00509197 0.0120748 0.999914 0.442951
0.997683 -0.067674 0.00699156 -18.9736 0.067759 0.99762 -0.0127387 -1.04322 -0.00611285 0.0131829 0.999894 0.456247
0.997667 -0.067889 0.00723863 -19.6238 0.0679862 0.997586 -0.0141483 -1.10556 -0.00626063 0.0146075 0.999874 0.469767
0.997668 -0.0679505 0.00638641 -20.2888 0.0680399 0.99757 -0.0150163 -1.13722 -0.00535053 0.0154158 0.999867 0.48534
0.99775 -0.0667502 0.00621174 -20.9632 0.0668375 0.997649 -0.015108 -1.17815 -0.00518868 0.0154892 0.999867 0.496267
0.99783 -0.0655412 0.00622139 -21.6658 0.0656269 0.997735 -0.0147411 -1.22778 -0.00524115 0.0151174 0.999872 0.507212
0.997905 -0.0644268 0.00588287 -22.3612 0.0645058 0.997813 -0.0144026 -1.26684 -0.00494209 0.0147519 0.999879 0.537398
0.99799 -0.0631171 0.0057538 -23.0631 0.0631941 0.997898 -0.0143727 -1.30139 -0.00483454 0.0147074 0.99988 0.559243
0.998082 -0.0616264 0.00578872 -23.7862 0.0617067 0.997983 -0.0149023 -1.34037 -0.00485867 0.015231 0.999872 0.575562
0.998196 -0.0597487 0.00581872 -24.4993 0.0598332 0.998086 -0.0156273 -1.39867 -0.00487387 0.0159473 0.999861 0.591445
0.998298 -0.0579944 0.00621655 -25.2426 0.0580914 0.998171 -0.0167618 -1.43963 -0.00523308 0.0170944 0.99984 0.615878
0.998414 -0.0559695 0.00605948 -25.9975 0.0560655 0.998281 -0.0170531 -1.48556 -0.00509461 0.0173658 0.999836 0.624263
0.998524 -0.0539716 0.00602892 -26.7482 0.0540685 0.998388 -0.0172715 -1.51021 -0.00508703 0.017572 0.999833 0.640186
0.998617 -0.0522299 0.00604151 -27.5238 0.0523277 0.998479 -0.0173632 -1.53766 -0.00512544 0.0176553 0.999831 0.664865
0.998713 -0.0504319 0.00533657 -28.2997 0.0505128 0.998591 -0.0162916 -1.56913 -0.00450743 0.0165402 0.999853 0.683659
0.998833 -0.0481153 0.00414902 -29.0789 0.0481764 0.998708 -0.0161455 -1.61375 -0.00336681 0.0163265 0.999861 0.714987
0.998916 -0.0464266 0.00323181 -29.8635 0.0464737 0.998784 -0.0164818 -1.65062 -0.00246268 0.0166141 0.999859 0.727365
0.998971 -0.0452595 0.00277103 -30.6707 0.0453014 0.998818 -0.0175918 -1.67858 -0.00197156 0.0176993 0.999841 0.760615
0.999005 -0.0445073 0.0028399 -31.4884 0.0445489 0.998865 -0.0168349 -1.72767 -0.0020874 0.0169447 0.999854 0.78395
0.999008 -0.0444427 0.00263842 -32.3111 0.0444781 0.998892 -0.0153861 -1.75083 -0.0019517 0.0154882 0.999878 0.803602
0.998972 -0.0452165 0.00312263 -33.1435 0.0452552 0.998882 -0.0136904 -1.78104 -0.0025001 0.0138177 0.999901 0.811055
0.998955 -0.045564 0.0034618 -33.9855 0.0456077 0.998864 -0.013835 -1.82473 -0.00282749 0.0139784 0.999898 0.842918
0.998962 -0.0454081 0.00350226 -34.8391 0.045453 0.998868 -0.0140309 -1.85635 -0.00286117 0.0141756 0.999895 0.865839
0.99895 -0.0457046 0.0032457 -35.7234 0.0457435 0.998867 -0.013149 -1.89725 -0.00264106 0.0132836 0.999908 0.871685
0.998945 -0.0458951 0.00183347 -36.5749 0.0459139 0.998873 -0.012047 -1.9382 -0.0012785 0.0121185 0.999926 0.894098
0.998925 -0.0463456 0.00131887 -37.4565 0.0463572 0.998866 -0.0108788 -1.979 -0.000813187 0.0109282 0.99994 0.913974
0.998897 -0.0469223 0.00181852 -38.3425 0.0469395 0.998837 -0.0110216 -2.01732 -0.00129925 0.0110948 0.999938 0.935099
0.998855 -0.0477648 0.00262234 -39.2476 0.0477932 0.998784 -0.0121042 -2.05652 -0.002041 0.0122157 0.999923 0.961987
0.998765 -0.04958 0.00334925 -40.1525 0.0496173 0.998694 -0.0121737 -2.09282 -0.0027413 0.0123249 0.99992 0.979051
0.998659 -0.0516862 0.0029647 -41.0787 0.0517177 0.998592 -0.0117978 -2.15156 -0.00235075 0.0119353 0.999926 0.995519
0.998577 -0.0532866 0.00209985 -41.9989 0.0533069 0.998515 -0.0112312 -2.20627 -0.00149826 0.0113271 0.999935 1.01964
0.998438 -0.0558377 0.00214659 -42.939 0.0558566 0.998388 -0.0100788 -2.26103 -0.00158035 0.010183 0.999947 1.04203
0.998204 -0.0598298 0.00289284 -43.9138 0.0598552 0.99816 -0.00967602 -2.31261 -0.0023086 0.0098318 0.999949 1.0729
0.998034 -0.0625434 0.00401586 -44.8492 0.0625778 0.997999 -0.00908848 -2.35957 -0.00343939 0.00932192 0.999951 1.09469
0.997852 -0.0653518 0.00448286 -45.7816 0.0653875 0.997825 -0.00835149 -2.41944 -0.00392733 0.00862667 0.999955 1.11128
0.997658 -0.0682824 0.00391153 -46.7522 0.0683105 0.997635 -0.00757499 -2.48379 -0.00338504 0.00782445 0.999964 1.12089
0.997427 -0.0716301 0.00303349 -47.7347 0.0716487 0.997409 -0.00652161 -2.58429 -0.00255848 0.00672217 0.999974 1.14686
0.997157 -0.0753201 0.00234938 -48.7224 0.0753329 0.997141 -0.00593029 -2.65073 -0.00189599 0.00609041 0.99998 1.1908
0.996889 -0.0787613 0.00299375 -49.7121 0.0787776 0.996875 -0.0057938 -2.70818 -0.00252806 0.00601161 0.999979 1.21259
0.996533 -0.0830639 0.00473939 -50.7012 0.0830945 0.996519 -0.0066672 -2.80008 -0.00416909 0.00703791 0.999967 1.22541
0.996125 -0.0877756 0.00559523 -51.7034 0.0878142 0.996112 -0.00707763 -2.89883 -0.00495223 0.00754154 0.999959 1.24072
0.995661 -0.092938 0.00473284 -52.7221 0.0929703 0.995643 -0.00713183 -2.98774 -0.0040494 0.0075409 0.999963 1.26486
0.995233 -0.0974899 0.00268602 -53.7474 0.0975092 0.9952 -0.00833685 -3.08773 -0.00186037 0.00855902 0.999962 1.30037
0.994702 -0.102799 0.00109449 -54.7889 0.102805 0.99467 -0.00795923 -3.20431 -0.000270454 0.00802957 0.999968 1.32006
0.994157 -0.107947 -0.000409549 -55.8282 0.107942 0.994132 -0.00705449 -3.31177 0.00116866 0.00696906 0.999975 1.357
0.993487 -0.113937 -0.0014144 -56.8772 0.113925 0.993467 -0.00664468 -3.44089 0.00216223 0.00644027 0.999977 1.37216
0.992786 -0.119893 -0.00125671 -57.9092 0.11988 0.992757 -0.00792915 -3.57551 0.00219826 0.00772129 0.999968 1.38699
0.992123 -0.125267 -0.000976334 -58.9456 0.125253 0.992083 -0.00907482 -3.70242 0.00210538 0.00888105 0.999958 1.39416
0.991436 -0.130591 -0.000159685 -60.0265 0.130584 0.991395 -0.00909684 -3.84359 0.00134628 0.00899808 0.999959 1.42491
0.990704 -0.136027 0.00173668 -61.0907 0.136038 0.990654 -0.00992157 -3.99555 -0.00037085 0.0100656 0.999949 1.46656
0.990107 -0.14025 0.00427452 -62.1443 0.14029 0.990047 -0.0111796 -4.13917 -0.00266404 0.0116687 0.999928 1.49223
0.989417 -0.144993 0.00564094 -63.2332 0.145058 0.989332 -0.013464 -4.31179 -0.00362856 0.0141398 0.999893 1.50532
0.988739 -0.149551 0.00541568 -64.3506 0.149619 0.988613 -0.0160504 -4.46328 -0.00295368 0.0166799 0.999857 1.52679
0.988347 -0.152127 0.00520307 -65.4294 0.152196 0.988197 -0.0173919 -4.63219 -0.00249588 0.0179811 0.999835 1.55163
0.987905 -0.154969 0.00530679 -66.5397 0.155037 0.987771 -0.0165229 -4.80584 -0.00268136 0.0171458 0.999849 1.59246
0.987607 -0.156892 0.00418153 -67.6561 0.156938 0.987491 -0.0152358 -4.99146 -0.00173886 0.0157032 0.999875 1.60927
0.987391 -0.158266 0.00341011 -68.7596 0.1583 0.987283 -0.0146065 -5.15745 -0.00105503 0.0149621 0.999888 1.63706
0.987122 -0.15991 0.00432836 -69.8753 0.159956 0.987022 -0.0141743 -5.34568 -0.00200558 0.0146841 0.99989 1.68305
0.986963 -0.160875 0.0048666 -71.0253 0.160928 0.986869 -0.0138372 -5.52789 -0.00257664 0.0144399 0.999892 1.71184
0.986836 -0.161658 0.00454009 -72.1722 0.161707 0.986739 -0.0140642 -5.70912 -0.0022063 0.0146132 0.999891 1.73419
0.986825 -0.161739 0.00417974 -73.3259 0.161784 0.986714 -0.0149098 -5.89334 -0.0017127 0.0153895 0.99988 1.75826
0.986975 -0.160832 0.00376292 -74.4748 0.160873 0.986831 -0.0168559 -6.08955 -0.0010024 0.0172417 0.999851 1.78822
0.987235 -0.15924 0.00317788 -75.6316 0.159272 0.987053 -0.0189669 -6.28717 -0.000116436 0.019231 0.999815 1.81441
0.987609 -0.156904 0.00308733 -76.8172 0.156935 0.987419 -0.0193778 -6.46885 -8.02481e-06 0.0196222 0.999807 1.83931
0.988051 -0.154086 0.00349556 -77.9992 0.154125 0.987868 -0.0190141 -6.63835 -0.000523334 0.0193257 0.999813 1.86157
0.988244 -0.152826 0.00434636 -79.1661 0.152883 0.988033 -0.0204545 -6.82072 -0.00116838 0.0208785 0.999781 1.9003
0.988497 -0.151128 0.00576953 -80.3486 0.151217 0.988272 -0.0212667 -7.00888 -0.00248788 0.0218945 0.999757 1.9388
0.988869 -0.148569 0.0080886 -81.56 0.148697 0.988708 -0.01862 -7.19566 -0.00523091 0.0196155 0.999794 1.96647
0.989333 -0.145359 0.00949944 -82.774 0.145508 0.989201 -0.0175476 -7.35847 -0.00684616 0.0187427 0.999801 2.00487
0.98974 -0.142496 0.0104498 -83.9671 0.14264 0.989665 -0.0147476 -7.51918 -0.00824038 0.0160868 0.999837 2.03114
0.990004 -0.140596 0.0111958 -85.1974 0.140732 0.989969 -0.0124762 -7.68819 -0.00932943 0.0139271 0.999859 2.06096
0.990422 -0.137724 0.00982579 -86.4134 0.137828 0.990397 -0.0108307 -7.85393 -0.00823979 0.0120812 0.999893 2.09846
0.990793 -0.135232 0.00645804 -87.6574 0.135296 0.990746 -0.0108091 -8.02289 -0.00493654 0.0115833 0.999921 2.14462
0.991127 -0.132851 0.00417342 -88.8809 0.132894 0.991046 -0.0128965 -8.19212 -0.00242274 0.0133367 0.999908 2.18552
0.991317 -0.131416 0.00449283 -90.1324 0.131472 0.99119 -0.0160268 -8.36677 -0.00234706 0.0164783 0.999861 2.22397
0.991651 -0.128794 0.00637773 -91.4139 0.12888 0.991534 -0.0157871 -8.52114 -0.00429046 0.0164772 0.999855 2.22223
0.991902 -0.126688 0.00892545 -92.6774 0.126802 0.991836 -0.0135328 -8.66952 -0.00713813 0.014555 0.999869 2.26586
0.992162 -0.12474 0.00736238 -93.9342 0.124824 0.992101 -0.012408 -8.82223 -0.00575645 0.0132298 0.999896 2.32421
0.992324 -0.123641 0.00226172 -95.2027 0.123659 0.992258 -0.0115496 -8.9794 -0.000816203 0.0117406 0.999931 2.35341
0.992465 -0.122524 -0.000998193 -96.4832 0.122501 0.992381 -0.0131549 -9.12679 0.00260239 0.0129335 0.999913 2.38954
0.992547 -0.121863 0.000250328 -97.7761 0.121852 0.992429 -0.0153739 -9.29211 0.00162507 0.0152898 0.999882 2.43389
0.99264 -0.121073 0.00277539 -99.0537 0.121101 0.992529 -0.0148308 -9.46223 -0.000959045 0.0150578 0.999886 2.43247
0.99281 -0.119641 0.00368685 -100.306 0.119685 0.99268 -0.0161596 -9.60478 -0.00172651 0.0164847 0.999863 2.47342
0.992877 -0.119029 0.00513702 -101.571 0.119097 0.992754 -0.0159718 -9.75001 -0.00319868 0.0164698 0.999859 2.51783
0.992844 -0.119226 0.00672572 -102.852 0.119312 0.992754 -0.0143119 -9.90994 -0.00497063 0.015012 0.999875 2.5733
0.99279 -0.119635 0.00748092 -104.117 0.119724 0.992724 -0.0128922 -10.0661 -0.00588413 0.0136949 0.999889 2.61397
0.992723 -0.120269 0.00610438 -105.373 0.120346 0.992629 -0.0142976 -10.2159 -0.00433982 0.0149282 0.999879 2.63971
0.99282 -0.119529 0.00454774 -106.629 0.119585 0.992711 -0.0149629 -10.3702 -0.00272609 0.0153993 0.999878 2.66744
0.992916 -0.118744 0.0041659 -107.891 0.118795 0.992797 -0.0155678 -10.5098 -0.0022873 0.0159524 0.99987 2.71734
0.992944 -0.11851 0.00429864 -109.139 0.118567 0.992797 -0.0172182 -10.6549 -0.00222715 0.0176064 0.999843 2.75903
0.993057 -0.11755 0.00448013 -110.395 0.117612 0.992895 -0.0181005 -10.7988 -0.00232059 0.0185017 0.999826 2.77177
0.993232 -0.116069 0.00433633 -111.636 0.116133 0.993038 -0.0197104 -10.9606 -0.00201837 0.0200806 0.999796 2.81076
0.993392 -0.114691 0.00436896 -112.887 0.114758 0.993175 -0.020837 -11.1083 -0.00194933 0.0212007 0.999773 2.84035
0.993544 -0.113229 0.00707668 -114.136 0.113353 0.993338 -0.0207705 -11.2367 -0.00467772 0.0214385 0.999759 2.88165
0.993638 -0.112104 0.0107585 -115.402 0.112301 0.993475 -0.019875 -11.3678 -0.00846025 0.0209567 0.999745 2.92244
0.993706 -0.111216 0.0134145 -116.649 0.11146 0.993586 -0.0190851 -11.5121 -0.0112059 0.0204602 0.999728 2.97068
0.993826 -0.110107 0.0136559 -117.875 0.110347 0.993725 -0.0182967 -11.6603 -0.0115556 0.0196907 0.999739 3.02367
0.993966 -0.109138 0.0109959 -119.141 0.109324 0.993844 -0.0179772 -11.7852 -0.00896625 0.0190708 0.999778 3.0619
0.994137 -0.107796 0.00849144 -120.401 0.107937 0.993987 -0.0183999 -11.9248 -0.00645694 0.0192086 0.999795 3.11543
0.994084 -0.108268 0.00869412 -121.659 0.108405 0.993959 -0.0171571 -12.0672 -0.00678403 0.0179981 0.999815 3.15457
0.994038 -0.108553 0.0102151 -122.894 0.10871 0.993938 -0.016425 -12.186 -0.00837019 0.0174375 0.999813 3.18683
0.993889 -0.109853 0.0107878 -124.14 0.110012 0.993809 -0.0154979 -12.3282 -0.00901858 0.01659 0.999822 3.20457
0.993872 -0.11009 0.00992992 -125.386 0.110243 0.993769 -0.0164231 -12.4791 -0.00806003 0.0174171 0.999816 3.25788
0.993884 -0.110077 0.00879898 -126.637 0.110213 0.993765 -0.0168489 -12.6114 -0.00688945 0.0177156 0.999819 3.30923
0.993853 -0.110321 0.00924104 -127.871 0.110463 0.993742 -0.0165734 -12.7346 -0.00735482 0.0174924 0.99982 3.35179
0.993747 -0.111092 0.011243 -129.107 0.111258 0.993672 -0.0153917 -12.8748 -0.00946198 0.0165463 0.999818 3.40027
0.9936 -0.112261 0.0125092 -130.356 0.112445 0.993544 -0.015056 -13.0112 -0.0107383 0.0163663 0.999808 3.4333
0.993556 -0.112641 0.0125749 -131.618 0.112832 0.99349 -0.0156987 -13.1568 -0.0107247 0.0170164 0.999798 3.48341
0.993576 -0.112686 0.0104392 -132.857 0.112857 0.993458 -0.0174754 -13.2946 -0.00840171 0.0185413 0.999793 3.53682
0.993521 -0.113244 0.00954141 -134.078 0.1134 0.993389 -0.0178442 -13.4537 -0.00745758 0.0188106 0.999795 3.57967
0.993507 -0.113256 0.0107867 -135.326 0.113432 0.993392 -0.0174794 -13.5928 -0.0087358 0.0185895 0.999789 3.61519
0.99353 -0.11289 0.0123978 -136.589 0.113095 0.993434 -0.0172945 -13.7382 -0.010364 0.0185847 0.999774 3.6575
0.993697 -0.111291 0.0134066 -137.82 0.11152 0.993605 -0.0176868 -13.8683 -0.0113525 0.0190705 0.999754 3.70824
0.993778 -0.11061 0.0130976 -139.064 0.110842 0.993663 -0.0186246 -14.0106 -0.0109545 0.0199605 0.999741 3.76214
0.993803 -0.110514 0.0119099 -140.316 0.110721 0.993681 -0.0184078 -14.133 -0.00980028 0.0196124 0.99976 3.78917
0.993897 -0.109765 0.010974 -141.568 0.109948 0.993777 -0.0178542 -14.2622 -0.00894596 0.0189518 0.99978 3.84191
0.994063 -0.108124 0.012172 -142.786 0.108318 0.993978 -0.0165986 -14.3963 -0.010304 0.0178184 0.999788 3.88754
0.994154 -0.106971 0.0146426 -144.002 0.107203 0.994107 -0.0160647 -14.5362 -0.0128378 0.0175405 0.999764 3.94341
0.99412 -0.106751 0.0181805 -145.241 0.10704 0.99413 -0.0157562 -14.6695 -0.0163918 0.0176096 0.999711 3.99994
0.994116 -0.106498 0.0197987 -146.477 0.106796 0.994173 -0.0146699 -14.8021 -0.0181211 0.016698 0.999696 4.03446
0.994099 -0.106925 0.0183085 -147.713 0.107199 0.994129 -0.0147266 -14.9253 -0.0166264 0.0166024 0.999724 4.08499
0.994042 -0.107962 0.0149986 -148.962 0.108172 0.994034 -0.0139742 -15.0637 -0.0134005 0.0155133 0.99979 4.13622
0.993985 -0.108823 0.0122844 -150.206 0.10899 0.993947 -0.0138067 -15.2035 -0.0107075 0.0150626 0.999829 4.17483
0.99402 -0.108612 0.0113126 -151.44 0.108774 0.993956 -0.0148334 -15.3346 -0.00963312 0.0159752 0.999826 4.23103
0.994032 -0.108484 0.0114734 -152.664 0.108653 0.993962 -0.0152768 -15.4722 -0.00974687 0.0164323 0.999817 4.29004
0.994034 -0.108514 0.0110121 -153.897 0.108674 0.993962 -0.0151457 -15.5958 -0.00930204 0.0162521 0.999825 4.30069
0.994121 -0.107679 0.0113616 -155.139 0.10785 0.994044 -0.0156689 -15.7257 -0.00960668 0.0168021 0.999813 4.34695
0.994268 -0.106109 0.0131418 -156.358 0.106308 0.994212 -0.0155058 -15.863 -0.0114205 0.016814 0.999793 4.40328
0.99431 -0.105437 0.0152102 -157.589 0.10567 0.994281 -0.0154688 -15.9879 -0.0134922 0.016988 0.999765 4.44491
0.994328 -0.105237 0.0154122 -158.834 0.105485 0.994288 -0.0162493 -16.1207 -0.0136142 0.0177829 0.999749 4.48555
0.994475 -0.104163 0.0130495 -160.047 0.104376 0.994394 -0.0169418 -16.2348 -0.0112117 0.0182102 0.999771 4.54205
0.994671 -0.102426 0.0118041 -161.272 0.102622 0.994567 -0.0174607 -16.3564 -0.00995152 0.018579 0.999778 4.60381
0.9947 -0.102045 0.012601 -162.522 0.102253 0.99461 -0.0171674 -16.4814 -0.0107812 0.0183649 0.999773 4.65887
0.994644 -0.102388 0.0141711 -163.766 0.1026 0.994608 -0.015095 -16.6226 -0.0125491 0.0164681 0.999786 4.69276
0.994508 -0.103519 0.0154208 -164.992 0.103717 0.994527 -0.0126081 -16.7504 -0.0140312 0.0141383 0.999802 4.71637
0.99438 -0.1046 0.016349 -166.212 0.104819 0.994404 -0.0131894 -16.8658 -0.0148779 0.0148289 0.999779 4.77102
0.994221 -0.105761 0.0184211 -167.429 0.106017 0.994272 -0.0135218 -16.9844 -0.0168855 0.0153966 0.999739 4.81737
0.994184 -0.105969 0.019212 -168.67 0.106252 0.994236 -0.0143343 -17.1228 -0.0175822 0.0162923 0.999713 4.8769
0.994222 -0.106005 0.0168928 -169.919 0.106261 0.994224 -0.015067 -17.2717 -0.0151981 0.016775 0.999744 4.90657
0.994222 -0.106497 0.0134236 -171.136 0.10671 0.994157 -0.0162757 -17.3999 -0.0116118 0.017614 0.999777 4.95982
0.994151 -0.107278 0.0124377 -172.377 0.107469 0.994082 -0.0158457 -17.5146 -0.0106642 0.0170897 0.999797 5.02177
0.994057 -0.108027 0.0134264 -173.622 0.108227 0.99401 -0.0151865 -17.6488 -0.0117054 0.0165493 0.999795 5.0814
0.994017 -0.108044 0.0160425 -174.841 0.108277 0.994016 -0.0144267 -17.7872 -0.0143878 0.0160775 0.999767 5.11051
0.993911 -0.108368 0.0199468 -176.068 0.108665 0.993973 -0.0144782 -17.915 -0.0182576 0.0165576 0.999696 5.15587
0.993832 -0.108839 0.0212496 -177.298 0.109151 0.993925 -0.014121 -18.0355 -0.0195836 0.0163533 0.999674 5.19285
0.993896 -0.108726 0.0186823 -178.534 0.108997 0.993942 -0.0141158 -18.1636 -0.0170344 0.016066 0.999726 5.23814
0.993961 -0.108689 0.0151336 -179.79 0.108907 0.993948 -0.0143953 -18.308 -0.0134774 0.0159565 0.999782 5.31271
0.993988 -0.108724 0.012894 -181.026 0.108903 0.993951 -0.0141712 -18.4423 -0.0112753 0.0154902 0.999816 5.36839
0.993963 -0.108886 0.0134901 -182.249 0.109072 0.993936 -0.0139351 -18.5744 -0.011891 0.0153224 0.999812 5.41968
0.993832 -0.109614 0.0168315 -183.487 0.10985 0.993852 -0.0138471 -18.7009 -0.0152102 0.0156106 0.999762 5.46781
0.993786 -0.109655 0.0191013 -184.722 0.10993 0.99384 -0.0140383 -18.8361 -0.0174443 0.0160509 0.999719 5.50158
0.993784 -0.109814 0.0182989 -185.968 0.110097 0.993803 -0.015295 -18.9706 -0.0165059 0.0172145 0.999716 5.55172
0.993774 -0.110263 0.015955 -187.22 0.110549 0.993703 -0.0182613 -19.1162 -0.013841 0.0199115 0.999706 5.60168
0.993904 -0.109503 0.0127698 -188.46 0.109764 0.993715 -0.0219664 -19.2564 -0.0102841 0.0232342 0.999677 5.64741
0.993998 -0.108668 0.0126012 -189.687 0.108961 0.993717 -0.0255595 -19.3821 -0.00974453 0.0267792 0.999594 5.72436
0.994055 -0.107859 0.0148538 -190.924 0.108247 0.993719 -0.0283775 -19.5238 -0.0116998 0.0298167 0.999487 5.75339
0.994017 -0.107805 0.0175434 -192.173 0.108284 0.993693 -0.0291263 -19.6647 -0.0142928 0.0308517 0.999422 5.78991
0.994028 -0.107377 0.019449 -193.405 0.107889 0.993781 -0.0275714 -19.7985 -0.0163675 0.0295051 0.999431 5.84009
0.994044 -0.106918 0.0210926 -194.65 0.107432 0.993899 -0.0249478 -19.9298 -0.0182965 0.0270653 0.999466 5.91059
0.994065 -0.106548 0.0219413 -195.899 0.107084 0.993939 -0.0248589 -20.0507 -0.0191596 0.0270609 0.99945 5.96735
0.994141 -0.106411 0.0190032 -197.147 0.106882 0.993937 -0.0258052 -20.1864 -0.0161421 0.0276851 0.999486 6.00393
0.99426 -0.105837 0.0156857 -198.404 0.10623 0.993982 -0.0267564 -20.3181 -0.0127594 0.0282691 0.999519 6.05615
0.994275 -0.105555 0.0165746 -199.654 0.105974 0.994006 -0.0268458 -20.4523 -0.0136415 0.0284486 0.999502 6.11844
0.99428 -0.105205 0.0184073 -200.916 0.10567 0.994049 -0.0264818 -20.5919 -0.0155117 0.0282754 0.99948 6.15999
0.994177 -0.105982 0.0195043 -202.17 0.106493 0.993937 -0.0273709 -20.722 -0.0164853 0.0292886 0.999435 6.2066
0.994086 -0.10696 0.0187965 -203.414 0.107454 0.993827 -0.0276128 -20.8595 -0.015727 0.0294692 0.999442 6.24014
0.994035 -0.108024 0.014985 -204.66 0.108434 0.993654 -0.0299005 -20.9972 -0.0116599 0.031347 0.999441 6.30934
0.994019 -0.108372 0.0134695 -205.913 0.108784 0.993449 -0.0350021 -21.1351 -0.00958806 0.036258 0.999296 6.37807
0.993916 -0.109083 0.0152509 -207.187 0.109612 0.993179 -0.0397678 -21.2772 -0.0108089 0.0411975 0.999093 6.41942
0.993765 -0.110041 0.0179506 -208.431 0.110695 0.993017 -0.0407806 -21.4198 -0.0133377 0.0425134 0.999007 6.44641
0.993726 -0.110571 0.0168415 -209.678 0.1112 0.992883 -0.0426356 -21.5537 -0.0120073 0.0442408 0.998949 6.48059
0.993715 -0.110673 0.01682 -210.934 0.111314 0.992819 -0.0438022 -21.6957 -0.0118515 0.0453992 0.998899 6.52336
0.99368 -0.110657 0.0188594 -212.193 0.111387 0.992825 -0.0434809 -21.8427 -0.0139126 0.0453067 0.998876 6.58452
0.993612 -0.111036 0.0201429 -213.457 0.111811 0.992815 -0.0426194 -21.9782 -0.0152658 0.0445993 0.998888 6.62881
0.99364 -0.111011 0.0188496 -214.705 0.111734 0.992804 -0.0430707 -22.124 -0.0139327 0.044903 0.998894 6.67702
0.993615 -0.111243 0.0188238 -215.966 0.11197 0.992766 -0.0433462 -22.2814 -0.0138656 0.0451772 0.998883 6.72599
0.993606 -0.11135 0.0186505 -217.217 0.112054 0.992801 -0.0423152 -22.4122 -0.0138044 0.0441345 0.99893 6.77365
0.99367 -0.11066 0.0193415 -218.472 0.111374 0.992937 -0.0408953 -22.5439 -0.0146794 0.0427906 0.998976 6.82374
0.993696 -0.110416 0.0193871 -219.725 0.111125 0.992985 -0.0404036 -22.6838 -0.0147899 0.0423033 0.998995 6.88718
0.993699 -0.110407 0.0193225 -220.982 0.111121 0.992962 -0.0409624 -22.8312 -0.014664 0.0428514 0.998974 6.9426
0.993764 -0.1099 0.0188537 -222.226 0.110614 0.992961 -0.0423388 -22.9517 -0.014068 0.0441602 0.998925 6.99026
0.993866 -0.108853 0.0195439 -223.452 0.109637 0.992956 -0.0449247 -23.0999 -0.014516 0.0467918 0.998799 7.04054
0.993921 -0.10793 0.02173 -224.682 0.108823 0.993029 -0.0452779 -23.24 -0.0166916 0.0473674 0.998738 7.08339
0.994061 -0.106291 0.0233414 -225.897 0.107246 0.99324 -0.0444052 -23.3647 -0.0184637 0.0466448 0.998741 7.14398
0.994262 -0.104737 0.0217715 -227.137 0.105631 0.993383 -0.0450721 -23.4984 -0.0169067 0.0471132 0.998746 7.21821
0.99448 -0.104031 0.013703 -228.372 0.104598 0.993222 -0.050684 -23.6418 -0.00833739 0.0518375 0.998621 7.25872
0.994684 -0.102858 0.00496109 -229.59 0.102975 0.993167 -0.0549199 -23.7712 0.000721766 0.0551388 0.998478 7.26679
0.994891 -0.100899 0.0033708 -230.823 0.100929 0.993313 -0.0560591 -23.893 0.00230804 0.0561129 0.998422 7.29996
0.995038 -0.0993405 0.00553392 -232.033 0.0994943 0.993602 -0.0534372 -24.0008 -0.000190036 0.0537227 0.998556 7.31887
0.995139 -0.098258 0.00659682 -233.256 0.0984654 0.993887 -0.0499398 -24.1154 -0.00164951 0.0503466 0.99873 7.34698
0.995139 -0.0982691 0.00644282 -234.458 0.0984602 0.994121 -0.0450353 -24.2373 -0.00197936 0.0454508 0.998965 7.3984
0.995139 -0.0983345 0.00530945 -235.659 0.0984714 0.994241 -0.0422965 -24.3567 -0.00111967 0.0426137 0.999091 7.45315
0.995236 -0.0973911 0.00459519 -236.868 0.0974984 0.994341 -0.0422018 -24.4559 -0.000459108 0.0424487 0.999099 7.49049
0.995253 -0.0971324 0.00611053 -238.077 0.0973055 0.994333 -0.0428214 -24.5808 -0.00191656 0.0432127 0.999064 7.51237
0.995216 -0.0973285 0.00846077 -239.308 0.0976026 0.99431 -0.0426673 -24.7098 -0.00425988 0.043289 0.999054 7.53491
0.995142 -0.0979882 0.00955108 -240.517 0.0982943 0.994354 -0.039971 -24.8296 -0.00558047 0.0407156 0.999155 7.55768
0.995105 -0.0985278 0.00762682 -241.723 0.0987436 0.994429 -0.0368929 -24.9429 -0.00394935 0.0374654 0.99929 7.61809
0.995 -0.0997478 0.0049839 -242.952 0.0998627 0.994357 -0.0358017 -25.049 -0.00138464 0.0361204 0.999346 7.67497
0.994922 -0.100547 0.00447031 -244.163 0.100644 0.994242 -0.0367806 -25.1793 -0.000746382 0.0370438 0.999313 7.71023
0.994799 -0.101655 0.00635019 -245.359 0.101827 0.99401 -0.039697 -25.3141 -0.00227678 0.0401371 0.999192 7.73674
0.994738 -0.102174 0.00755243 -246.566 0.102408 0.99378 -0.0437555 -25.4137 -0.00303477 0.0442987 0.999014 7.76646
0.994733 -0.102166 0.00823782 -247.791 0.102444 0.993593 -0.0477219 -25.5538 -0.00330948 0.0483145 0.998827 7.79088
0.994688 -0.102461 0.00992166 -249.001 0.102835 0.993402 -0.0507742 -25.7041 -0.00465381 0.0515248 0.998661 7.8121
0.994725 -0.101938 0.0114219 -250.182 0.102383 0.993504 -0.0496645 -25.8271 -0.00628504 0.0505719 0.998701 7.84558
0.994754 -0.101741 0.0106508 -251.418 0.102136 0.99363 -0.047623 -25.9432 -0.00573774 0.0484609 0.998809 7.89482
0.994659 -0.102672 0.0105633 -252.638 0.103047 0.993659 -0.0449895 -26.0659 -0.00587714 0.0458378 0.998932 7.94935
0.994439 -0.104816 0.0102319 -253.829 0.105161 0.993535 -0.0427743 -26.1877 -0.00568234 0.0436125 0.999032 7.97375
0.994198 -0.107142 0.00955894 -255.039 0.107448 0.99335 -0.0413509 -26.3053 -0.00506497 0.042138 0.999099 8.01998
0.993965 -0.109379 0.00836114 -256.26 0.109624 0.993208 -0.0389953 -26.4193 -0.00403909 0.0396766 0.999204 8.0644
0.993749 -0.11135 0.00800715 -257.46 0.111565 0.99313 -0.0352897 -26.5565 -0.00402264 0.0359624 0.999345 8.09526
0.993565 -0.112987 0.00793239 -258.66 0.113177 0.993116 -0.0301835 -26.6974 -0.00446744 0.030887 0.999513 8.12076
0.993384 -0.114595 0.00751161 -259.878 0.114748 0.993087 -0.0247353 -26.8342 -0.00462513 0.0254336 0.999666 8.18561
0.993173 -0.116441 0.00703824 -261.095 0.116568 0.992944 -0.0217539 -26.967 -0.00445553 0.0224259 0.999739 8.24356
0.992985 -0.117995 0.00764194 -262.274 0.118138 0.992751 -0.0221114 -27.1152 -0.00497751 0.0228591 0.999726 8.26565
0.992907 -0.118544 0.00915151 -263.466 0.118727 0.992658 -0.0231086 -27.2491 -0.00634494 0.0240312 0.999691 8.28482
0.99294 -0.118145 0.0105411 -264.671 0.118381 0.992637 -0.0256542 -27.3928 -0.00743252 0.0267209 0.999615 8.32275
0.992935 -0.118112 0.0113626 -265.882 0.118388 0.992578 -0.0278082 -27.5386 -0.00799374 0.0289569 0.999549 8.37914
0.99291 -0.118473 0.00969679 -267.059 0.118704 0.992526 -0.0283229 -27.6697 -0.00626882 0.0292731 0.999552 8.41082
0.993026 -0.117597 0.00834448 -268.236 0.117794 0.992601 -0.0294548 -27.8178 -0.00481896 0.0302323 0.999531 8.45453
0.993182 -0.116276 0.00835634 -269.432 0.116468 0.992793 -0.0282232 -27.9648 -0.00501443 0.029004 0.999567 8.47777
0.993353 -0.114848 0.00767038 -270.616 0.115014 0.993003 -0.0267641 -28.0835 -0.00454292 0.0274684 0.999612 8.53111
0.993544 -0.113209 0.00737652 -271.799 0.113361 0.993236 -0.0251434 -28.2137 -0.00448017 0.0258172 0.999657 8.57817
0.993631 -0.112525 0.00588526 -272.988 0.112634 0.993354 -0.0237128 -28.3512 -0.00317785 0.0242247 0.999701 8.60447
0.993792 -0.111193 0.00379285 -274.164 0.111249 0.993562 -0.0213884 -28.4786 -0.00139019 0.0216775 0.999764 8.64777
0.993966 -0.109634 0.00348659 -275.356 0.109684 0.993734 -0.0214844 -28.6141 -0.0011093 0.0217372 0.999763 8.68905
