1 0 0 0 0 1 0 0 0 0 1 0
1 -4.60364e-06 -1.42538e-05 -0.000715523 4.60352e-06 1 -8.74205e-06 0.00117281 1.42538e-05 8.74198e-06 1 0.000228887
1 8.72492e-06 -8.59819e-06 0.00289995 -8.72501e-06 1 -1.02221e-05 0.000989302 8.5981e-06 1.02222e-05 1 -0.000221444
1 -3.16959e-05 -1.31194e-05 0.00113429 3.16959e-05 1 -1.07947e-06 -0.00011297 1.31194e-05 1.07906e-06 1 -0.000822548
1 -3.4137e-05 -1.28888e-05 -0.000634564 3.41369e-05 1 -4.19083e-06 0.000466874 1.2889e-05 4.19039e-06 1 -0.000127238
1 3.75447e-05 -9.03986e-06 0.002782 -3.75448e-05 1 -8.51014e-06 0.00177427 9.03954e-06 8.51048e-06 1 0.000225788
1 2.2258e-05 -9.81022e-06 0.00303592 -2.22581e-05 1 -9.0739e-06 -0.000236925 9.81002e-06 9.07411e-06 1 -0.000477708
1 1.158e-05 -1.49064e-05 0.00490599 -1.15801e-05 1 -4.35131e-06 0.00109597 1.49064e-05 4.35148e-06 1 -4.33222e-05
1 6.74003e-06 -1.99458e-05 0.000697808 -6.74003e-06 1 5.14418e-08 0.00110058 1.99458e-05 -5.13074e-08 1 0.000575949
1 2.01265e-05 -9.62036e-06 0.00187082 -2.01265e-05 1 -5.03821e-06 0.000370173 9.62025e-06 5.03841e-06 1 0.000544368
1 -9.03723e-06 -2.64126e-05 0.00362691 9.03693e-06 1 -1.13227e-05 -0.00386761 2.64127e-05 1.13225e-05 1 0.000824334
1 2.16505e-05 -1.10725e-05 0.00269937 -2.16504e-05 1 6.48621e-06 -0.00513052 1.10726e-05 -6.48597e-06 1 -0.000199174
1 7.61079e-06 -1.72246e-06 0.00163703 -7.6108e-06 1 -8.01048e-06 -0.00198914 1.7224e-06 8.01049e-06 1 0.000768856
1 -1.08306e-05 -1.7565e-05 0.000498433 1.08303e-05 1 -1.64046e-05 0.00227622 1.75652e-05 1.64044e-05 1 0.000897608
1 7.8494e-06 -2.10689e-05 0.00307411 -7.84954e-06 1 -6.72101e-06 0.00112121 2.10689e-05 6.72117e-06 1 -0.000219729
1 1.23177e-05 1.06621e-07 -0.00037436 -1.23177e-05 1 -7.18383e-06 -0.000841789 -1.0671e-07 7.18383e-06 1 -0.00036586
1 2.40554e-05 -3.07313e-06 0.00103491 -2.40555e-05 1 -8.2536e-06 -0.00142613 3.07293e-06 8.25368e-06 1 -0.000146227
1 -7.73407e-08 -1.38995e-05 0.00215566 7.73105e-08 1 -2.16888e-06 -0.00112507 1.38995e-05 2.16888e-06 1 -2.10502e-05
1 -1.96298e-05 -5.04363e-06 0.000839054 1.96298e-05 1 5.78307e-06 -0.00167336 5.04352e-06 -5.78317e-06 1 -0.00121046
1 -6.44974e-06 -9.73667e-06 -0.00157016 6.44961e-06 1 -1.36582e-05 0.000558169 9.73676e-06 1.36581e-05 1 0.000593555
1 1.53024e-05 -4.38369e-06 0.000484663 -1.53024e-05 1 -2.08139e-06 0.00312014 4.38366e-06 2.08146e-06 1 -0.000123331
1 -2.81044e-05 -7.64576e-06 0.000783757 2.81044e-05 1 -1.63394e-06 0.0023214 7.6458e-06 1.63373e-06 1 -0.000457305
1 -1.161e-05 -1.57498e-06 0.000697721 1.161e-05 1 -5.26611e-06 0.00309331 1.57504e-06 5.26609e-06 1 -0.000771506
1 -1.83369e-05 3.50983e-06 -2.37424e-06 1.8337e-05 1 -6.71653e-06 0.0040212 -3.50971e-06 6.7166e-06 1 -0.000364676
1 -3.42917e-05 -1.98821e-06 -0.00190613 3.42917e-05 1 9.74843e-08 0.00430863 1.9882e-06 -9.75525e-08 1 -0.000503408
1 -3.64331e-05 -1.00457e-05 -0.0010323 3.6433e-05 1 -4.96524e-06 0.00415002 1.00458e-05 4.96487e-06 1 9.8651e-05
1 -4.18527e-05 -8.71221e-06 -0.0018252 4.18526e-05 1 -1.50431e-05 0.00492766 8.71284e-06 1.50428e-05 1 0.000621432
1 -3.57614e-05 -8.61722e-06 0.00100081 3.57613e-05 1 -1.47367e-05 0.0049505 8.61775e-06 1.47364e-05 1 -4.97315e-05
1 -5.78319e-05 -1.29099e-05 -0.00158963 5.78318e-05 1 -9.84978e-06 0.0062243 1.29105e-05 9.84903e-06 1 -0.000314001
1 -3.21364e-05 -1.1458e-05 0.00133741 3.21363e-05 1 -9.07335e-06 0.00558088 1.14583e-05 9.07298e-06 1 -0.000314534
1 -3.1119e-05 -3.67189e-06 -0.000571789 3.11189e-05 1 -5.56437e-06 0.00321355 3.67206e-06 5.56425e-06 1 -2.89073e-05
1 -3.05357e-05 -2.92798e-06 -0.0020318 3.05356e-05 1 -6.32815e-06 0.00286587 2.92818e-06 6.32807e-06 1 0.000108005
1 -1.09669e-05 -1.27509e-05 -0.00205186 1.09669e-05 1 4.64236e-07 0.00282665 1.27509e-05 -4.64375e-07 1 0.000331411
1 -3.54604e-05 -1.10211e-05 -0.00185785 3.54604e-05 1 -4.03996e-06 0.00606287 1.10212e-05 4.03957e-06 1 0.000211278
1 -4.30681e-05 -5.65046e-06 0.00289391 4.30681e-05 1 -5.98049e-06 0.00555133 5.65071e-06 5.98025e-06 1 -0.000363222
1 -1.20695e-05 -7.82978e-06 0.00024125 1.20695e-05 1 -2.71489e-06 -0.00275095 7.82981e-06 2.7148e-06 1 -0.000418719
1 -4.27506e-05 -2.16525e-06 -0.00526091 4.27506e-05 1 -1.18139e-06 0.00170057 2.1653e-06 1.1813e-06 1 -0.00074462
1 -2.46983e-05 -1.03512e-05 0.00187079 2.46983e-05 1 -3.33056e-06 0.00571639 1.03513e-05 3.3303e-06 1 2.77205e-05
1 -2.67412e-05 -9.09222e-06 0.000798388 2.67412e-05 1 6.76747e-07 0.00364691 9.0922e-06 -6.7699e-07 1 -0.000279679
1 -4.70313e-05 -4.31083e-06 -0.0010497 4.70313e-05 1 -1.05943e-05 0.0034726 4.31133e-06 1.05941e-05 1 -0.000326281
1 -3.33435e-05 -1.01116e-05 -0.00145932 3.33434e-05 1 -1.26457e-05 0.00420607 1.01121e-05 1.26453e-05 1 2.82503e-05
1 -2.99737e-05 -2.34736e-06 0.000882569 2.99737e-05 1 -8.00517e-06 0.00605103 2.3476e-06 8.0051e-06 1 -0.000978723
1 -3.67469e-05 -9.59355e-06 0.000259739 3.67468e-05 1 -5.43614e-06 0.00556436 9.59375e-06 5.43579e-06 1 -6.72328e-05
1 -1.05533e-06 -2.60989e-05 0.00185888 1.05539e-06 1 2.41598e-06 0.00133229 2.60989e-05 -2.41601e-06 1 0.000486657
1 -4.86695e-06 -2.23353e-05 0.00476463 4.86708e-06 1 5.64122e-06 0.00187364 2.23353e-05 -5.64133e-06 1 0.000771154
1 2.00865e-05 -2.97883e-05 0.0147265 -2.00867e-05 1 -9.74103e-06 0.00309751 2.97881e-05 9.74163e-06 1 0.00138539
1 1.81504e-05 -1.95842e-05 0.024866 -1.81504e-05 1 -2.09219e-06 0.00491001 1.95842e-05 2.09255e-06 1 0.00148907
1 3.29726e-05 2.39872e-05 0.0190778 -3.29724e-05 1 -9.93265e-06 -6.9666e-05 -2.39875e-05 9.93186e-06 1 0.000978958
1 3.31813e-05 1.38965e-05 0.00913081 -3.31812e-05 1 -3.25959e-06 -0.00170081 -1.38966e-05 3.25913e-06 1 0.00109891
1 2.80807e-05 4.46814e-05 -0.00353035 -2.80804e-05 1 -7.7304e-06 -0.000227586 -4.46816e-05 7.72914e-06 1 0.000367911
1 2.06827e-06 7.8536e-05 -0.0210555 -2.06678e-06 1 -1.88906e-05 6.60312e-05 -7.8536e-05 1.88904e-05 1 0.001414
1 -1.89123e-05 9.32702e-05 -0.0440666 1.89137e-05 1 -1.51183e-05 -0.00450551 -9.32699e-05 1.51201e-05 1 0.00292058
1 -1.97539e-05 9.93962e-05 -0.0685373 1.97557e-05 1 -1.77479e-05 -0.00219158 -9.93959e-05 1.77498e-05 1 0.00300022
1 1.02373e-05 0.000128242 -0.0996709 -1.02333e-05 1 -3.15923e-05 -0.00640687 -0.000128243 3.1591e-05 1 0.00338486
1 -8.59707e-05 0.000172341 -0.134197 8.59784e-05 1 -4.49919e-05 -0.0094404 -0.000172337 4.50067e-05 1 0.0042403
1 -0.00038417 0.000303524 -0.20111 0.00038419 1 -6.59058e-05 -0.0126066 -0.000303499 6.60224e-05 1 0.00493822
0.999998 -0.00180525 0.000420881 -0.330389 0.00180528 0.999998 -7.9042e-05 -0.0034201 -0.000420738 7.98017e-05 1 0.00942853
0.999998 -0.00214882 0.000526762 -0.4038 0.00214886 0.999998 -7.51169e-05 -0.0051035 -0.000526599 7.62486e-05 1 0.0103725
0.999998 -0.00210512 0.00057976 -0.477583 0.00210519 0.999998 -0.000109157 -0.013888 -0.000579529 0.000110377 1 0.0123118
0.999998 -0.00194538 0.000656534 -0.573212 0.00194547 0.999998 -0.000131651 -0.0181379 -0.000656277 0.000132928 1 0.0157103
0.999993 -0.00352902 0.000844904 -0.743199 0.00352915 0.999994 -0.000150465 0.0096423 -0.000844368 0.000153446 1 0.0182542
0.999993 -0.00368745 0.00106751 -0.872969 0.00368762 0.999993 -0.000154628 -0.000370448 -0.00106693 0.000158563 0.999999 0.0234686
0.999993 -0.00338375 0.00127685 -0.991951 0.00338395 0.999994 -0.000148569 -0.0124935 -0.00127634 0.000152889 0.999999 0.0267576
0.999993 -0.00339733 0.00140407 -1.11286 0.00339761 0.999994 -0.000192764 -0.0209822 -0.0014034 0.000197534 0.999999 0.0285652
0.999988 -0.00453896 0.0017127 -1.30114 0.00453948 0.99999 -0.000300065 -0.0263488 -0.00171132 0.000307836 0.999998 0.0328892
0.999986 -0.00490903 0.00217108 -1.47247 0.00491005 0.999988 -0.000465849 -0.0328203 -0.00216876 0.000476502 0.999998 0.0353017
0.999983 -0.00508938 0.00276676 -1.63647 0.00509152 0.999987 -0.000769282 -0.037544 -0.00276281 0.000783356 0.999996 0.0419886
0.999977 -0.00606996 0.00316272 -1.85218 0.00607286 0.999981 -0.000908016 -0.0445594 -0.00315715 0.000927201 0.999995 0.0420995
0.999971 -0.00679362 0.00340969 -2.04213 0.00679685 0.999976 -0.000936997 -0.0370658 -0.00340324 0.000960145 0.999994 0.0468636
0.999962 -0.00789654 0.00376742 -2.2589 0.00789984 0.999968 -0.000862233 -0.0294074 -0.00376049 0.000891962 0.999993 0.0528459
0.999955 -0.00848027 0.00436143 -2.49154 0.00848365 0.999964 -0.000757062 -0.0257422 -0.00435485 0.000794028 0.99999 0.061602
0.999943 -0.00958336 0.00480298 -2.74163 0.0095862 0.999954 -0.000569514 -0.024942 -0.0047973 0.000615524 0.999988 0.0647984
0.999933 -0.0103382 0.00519124 -2.99882 0.0103398 0.999947 -0.000272814 -0.023341 -0.00518814 0.000326472 0.999986 0.0705639
0.999924 -0.010732 0.0060724 -3.27357 0.010735 0.999942 -0.0004584 -0.0318544 -0.00606713 0.000523552 0.999981 0.0965944
0.999917 -0.011135 0.00645385 -3.55023 0.0111411 0.999938 -0.00090665 -0.0512126 -0.00644336 0.000978478 0.999979 0.103755
0.999914 -0.0115679 0.00622223 -3.8512 0.011576 0.999932 -0.00126541 -0.0795315 -0.00620716 0.00133733 0.99998 0.0957572
0.999918 -0.0114997 0.00557385 -4.18032 0.0115067 0.999933 -0.00123912 -0.0843675 -0.00555923 0.00130316 0.999984 0.0852018
0.999928 -0.0110851 0.00461876 -4.49819 0.0110892 0.999938 -0.000855099 -0.0720393 -0.004609 0.000906255 0.999989 0.08893
0.999931 -0.0109389 0.00422874 -4.82471 0.01094 0.99994 -0.000248019 -0.0557568 -0.00422577 0.000294265 0.999991 0.105912
0.999921 -0.0117873 0.0042661 -5.1709 0.0117875 0.999931 -3.95954e-05 -0.0496055 -0.00426534 8.98791e-05 0.999991 0.123471
0.999914 -0.0122356 0.00474533 -5.52544 0.0122371 0.999925 -0.000291002 -0.0660925 -0.00474141 0.000349046 0.999989 0.13017
0.99991 -0.0125601 0.00478868 -5.8846 0.0125633 0.999921 -0.000656827 -0.0874171 -0.00478005 0.00071693 0.999988 0.126267
0.9999 -0.0133316 0.00468228 -6.27302 0.0133359 0.999911 -0.000881114 -0.101977 -0.00467012 0.000943468 0.999989 0.122992
0.999889 -0.0140588 0.00490105 -6.67432 0.0140632 0.999901 -0.000858531 -0.104898 -0.00488849 0.00092736 0.999988 0.132142
0.999881 -0.0146478 0.00483211 -7.06326 0.0146498 0.999893 -0.000381315 -0.0987741 -0.00482601 0.000452059 0.999988 0.138516
0.999871 -0.0153931 0.00460584 -7.48356 0.0153931 0.999882 1.93102e-05 -0.0717179 -0.00460559 5.15907e-05 0.999989 0.160374
0.999858 -0.0161756 0.00482829 -7.91856 0.0161756 0.999869 5.43085e-05 -0.0766173 -0.00482853 2.37995e-05 0.999988 0.174905
0.999852 -0.0163031 0.00552939 -8.33555 0.0163064 0.999867 -0.000563979 -0.115866 -0.00551946 0.00065406 0.999985 0.180657
0.999842 -0.0165583 0.0064483 -8.76723 0.0165675 0.999862 -0.00137848 -0.134882 -0.00642458 0.0014851 0.999978 0.181376
0.99983 -0.0170025 0.00719215 -9.23105 0.0170131 0.999854 -0.00142148 -0.142443 -0.00716693 0.0015436 0.999973 0.178839
0.999817 -0.0176935 0.00732303 -9.71338 0.0177023 0.999843 -0.00114119 -0.146491 -0.00730169 0.00127062 0.999973 0.189654
0.999806 -0.0182689 0.00730905 -10.1893 0.0182752 0.999833 -0.000793559 -0.138825 -0.00729333 0.000926979 0.999973 0.203398
0.999802 -0.0182903 0.00778621 -10.6623 0.0182952 0.999832 -0.000558376 -0.144989 -0.0077747 0.000700716 0.99997 0.22167
0.999796 -0.0184984 0.00810135 -11.1707 0.0185042 0.999829 -0.000644107 -0.170442 -0.00808805 0.000793884 0.999967 0.235909
0.999791 -0.0190811 0.00736809 -11.6927 0.0190884 0.999817 -0.000927188 -0.195344 -0.00734905 0.00106764 0.999972 0.234557
0.999804 -0.0192209 0.00480475 -12.1974 0.0192379 0.999809 -0.00353419 -0.203526 -0.0047359 0.00362593 0.999982 0.292025
0.999795 -0.0198246 0.00417727 -12.7299 0.019843 0.999793 -0.00440464 -0.198376 -0.00408909 0.00448663 0.999982 0.318607
0.999783 -0.0203666 0.00443725 -13.2695 0.0203842 0.999784 -0.00395672 -0.195574 -0.00435571 0.00404631 0.999982 0.330187
0.999773 -0.0207205 0.00501858 -13.7965 0.0207389 0.999778 -0.00364873 -0.210741 -0.00494187 0.00375198 0.999981 0.355186
0.999767 -0.0208233 0.00571572 -14.348 0.0208469 0.999774 -0.0040936 -0.218097 -0.00562919 0.0042118 0.999975 0.383032
0.999765 -0.020804 0.00612947 -14.9095 0.0208322 0.999772 -0.00457925 -0.227137 -0.00603281 0.00470587 0.999971 0.393539
0.999756 -0.0213681 0.00561123 -15.4968 0.0213944 0.99976 -0.0046695 -0.239213 -0.00551011 0.00478841 0.999973 0.38579
0.999747 -0.0220636 0.00441601 -16.0841 0.0220835 0.999746 -0.00450294 -0.257739 -0.00431554 0.00459932 0.99998 0.393361
0.999751 -0.02208 0.00328733 -16.6697 0.0220935 0.999747 -0.00415055 -0.257888 -0.00319485 0.00422215 0.999986 0.404752
0.999765 -0.0214597 0.00309896 -17.2873 0.0214734 0.999759 -0.00445919 -0.275351 -0.00300252 0.00452469 0.999985 0.429828
0.999785 -0.020375 0.00376336 -17.878 0.0203936 0.99978 -0.00496775 -0.286882 -0.00366132 0.00504343 0.999981 0.440025
0.9998 -0.0193866 0.00486345 -18.4931 0.0194107 0.999799 -0.00497159 -0.306801 -0.00476609 0.005065 0.999976 0.447478
0.999811 -0.0186071 0.00568516 -19.1113 0.0186339 0.999815 -0.00469751 -0.304142 -0.0055967 0.00480255 0.999973 0.46326
0.999823 -0.0178353 0.00592186 -19.7449 0.0178625 0.99983 -0.00456231 -0.313937 -0.00583949 0.00466729 0.999972 0.482009
0.999843 -0.0168632 0.00550727 -20.3755 0.0168891 0.999846 -0.00469364 -0.319673 -0.00542727 0.00478591 0.999974 0.499249
0.999868 -0.0154146 0.00520195 -21.0255 0.0154404 0.999868 -0.00495765 -0.323314 -0.00512484 0.00503731 0.999974 0.513534
0.999877 -0.0145945 0.00577012 -21.6869 0.0146218 0.999882 -0.00471642 -0.336316 -0.00570061 0.00480021 0.999972 0.524142
0.999883 -0.0139406 0.00624219 -22.3302 0.0139692 0.999892 -0.00456084 -0.345352 -0.00617794 0.00464751 0.99997 0.549431
0.999895 -0.0128787 0.00666939 -23.0053 0.0129104 0.999905 -0.00472709 -0.350535 -0.00660788 0.0048127 0.999967 0.565925
0.999912 -0.0115429 0.00651546 -23.6794 0.0115767 0.99992 -0.00518217 -0.358657 -0.00645512 0.00525714 0.999965 0.576097
0.999924 -0.0110602 0.00551974 -24.3788 0.0110874 0.999926 -0.00492229 -0.361678 -0.0054649 0.00498311 0.999973 0.582103
0.99994 -0.0101372 0.0042454 -25.0756 0.0101552 0.99994 -0.00422477 -0.355541 -0.00420232 0.00426763 0.999982 0.612299
0.999955 -0.00879716 0.00345291 -25.7877 0.00880928 0.999955 -0.00351171 -0.353205 -0.00342186 0.00354197 0.999988 0.640362
0.999965 -0.00772114 0.00336136 -26.4933 0.00773134 0.999966 -0.00303184 -0.356624 -0.00333783 0.00305772 0.99999 0.656855
0.999968 -0.00670297 0.00440797 -27.1848 0.00671464 0.999974 -0.00263979 -0.372873 -0.00439016 0.0026693 0.999987 0.682522
0.999967 -0.00587395 0.00564587 -27.9026 0.00588788 0.99998 -0.00245435 -0.372446 -0.00563134 0.00248751 0.999981 0.707032
0.99997 -0.00487454 0.00608638 -28.6278 0.00489265 0.999984 -0.00296275 -0.367014 -0.00607183 0.00299243 0.999977 0.730337
0.999973 -0.00333963 0.00655284 -29.3573 0.00336056 0.999989 -0.00318537 -0.367938 -0.00654213 0.00320731 0.999973 0.742456
0.999973 -0.00247636 0.00692881 -30.1 0.0024999 0.999991 -0.00339024 -0.363842 -0.00692036 0.00340747 0.99997 0.752241
0.999983 -0.00158248 0.00554175 -30.8484 0.00160396 0.999991 -0.00387431 -0.364094 -0.00553557 0.00388314 0.999977 0.771385
0.999995 1.07883e-05 0.00330736 -31.5989 3.74511e-06 0.99999 -0.00439421 -0.365066 -0.00330738 0.0043942 0.999985 0.791349
0.999998 0.00105477 0.00158009 -32.3523 -0.00104571 0.999983 -0.00572714 -0.371605 -0.00158611 0.00572548 0.999982 0.817895
0.999992 0.00249031 0.00313195 -33.0986 -0.00246948 0.999975 -0.00663758 -0.362858 -0.0031484 0.00662979 0.999973 0.836231
0.99998 0.00368728 0.00515756 -33.8614 -0.00364766 0.999964 -0.00766926 -0.359292 -0.00518565 0.00765029 0.999957 0.858232
0.999964 0.00474448 0.00703801 -34.6293 -0.00469571 0.999965 -0.00692971 -0.350171 -0.00707064 0.00689641 0.999951 0.867511
0.999966 0.0054962 0.00617045 -35.3909 -0.00546224 0.99997 -0.00550708 -0.336331 -0.00620053 0.00547318 0.999966 0.883552
0.999974 0.00603806 0.00400987 -36.182 -0.00601979 0.999972 -0.00455421 -0.326189 -0.00403725 0.00452995 0.999982 0.905477
0.999975 0.00667659 0.00217682 -36.9636 -0.00666798 0.99997 -0.00393735 -0.318771 -0.00220305 0.00392274 0.99999 0.925596
0.999981 0.00618717 -8.25037e-05 -37.7597 -0.00618737 0.999977 -0.00269691 -0.322524 6.58155e-05 0.00269737 0.999996 0.957596
0.999984 0.00565464 -0.000762989 -38.55 -0.00565652 0.999981 -0.00248648 -0.317056 0.000748914 0.00249075 0.999997 0.991242
0.999986 0.00516756 0.000688037 -39.3398 -0.00516588 0.999984 -0.00241996 -0.294384 -0.000700531 0.00241637 0.999997 1.00689
0.999983 0.00469638 0.00346876 -40.1565 -0.00468606 0.999985 -0.00297689 -0.299727 -0.00348268 0.00296059 0.99999 1.0159
0.999976 0.00461467 0.00512328 -40.9605 -0.00459959 0.999985 -0.00294994 -0.300569 -0.00513682 0.0029263 0.999983 1.01906
0.99998 0.00425399 0.00460379 -41.765 -0.0042435 0.999988 -0.00228709 -0.282125 -0.00461347 0.00226751 0.999987 1.04201
0.999987 0.00379366 0.00351652 -42.5696 -0.00378858 0.999992 -0.0014505 -0.275441 -0.003522 0.00143716 0.999993 1.07739
0.999989 0.00391658 0.00268963 -43.3801 -0.00391316 0.999992 -0.00127471 -0.27201 -0.0026946 0.00126417 0.999996 1.1123
0.999992 0.00344439 0.00198385 -44.1956 -0.00344157 0.999993 -0.0014223 -0.274753 -0.00198874 0.00141546 0.999997 1.12351
0.999996 0.00287072 2.8738e-05 -45.0144 -0.00287068 0.999995 -0.00140498 -0.269875 -3.27712e-05 0.0014049 0.999999 1.13042
0.999991 0.00219161 -0.00354108 -45.8327 -0.00219456 0.999997 -0.000828668 -0.254068 0.00353926 0.000836432 0.999993 1.1414
0.999976 0.00237977 -0.00650166 -46.6388 -0.00238294 0.999997 -0.00047948 -0.258317 0.0065005 0.000494962 0.999979 1.17383
0.999984 0.002192 -0.00517544 -47.4581 -0.00219522 0.999997 -0.000616672 -0.260703 0.00517407 0.000628024 0.999986 1.20244
0.999998 0.00181255 -0.000826491 -48.2712 -0.00181384 0.999997 -0.00156445 -0.259437 0.000823653 0.00156595 0.999998 1.21709
0.999985 0.00169221 0.00512502 -49.0673 -0.00167975 0.999996 -0.00243504 -0.259024 -0.00512912 0.0024264 0.999984 1.22579
0.999969 0.00143546 0.00770025 -49.8736 -0.00141595 0.999996 -0.00253924 -0.245526 -0.00770386 0.00252826 0.999967 1.23141
0.999989 0.000997756 0.00463148 -50.6674 -0.000990405 0.999998 -0.00158911 -0.234435 -0.00463306 0.00158451 0.999988 1.24407
0.999999 0.00106824 -0.000928249 -51.4634 -0.00106892 0.999999 -0.000729246 -0.242851 0.000927469 0.000730238 0.999999 1.30159
0.99999 0.00129826 -0.00432327 -52.2621 -0.00130117 0.999999 -0.00067058 -0.241873 0.00432239 0.000676198 0.99999 1.32829
0.99999 0.00118949 -0.00426628 -53.0562 -0.00119118 0.999999 -0.000392419 -0.238278 0.00426581 0.000397497 0.999991 1.33537
0.999997 0.000781149 -0.00235764 -53.8436 -0.00078071 1 0.00018701 -0.228467 0.00235779 -0.000185169 0.999997 1.34843
1 0.000558975 -0.000378858 -54.6173 -0.000558958 1 4.57888e-05 -0.224907 0.000378884 -4.55771e-05 1 1.37238
0.999998 0.000918214 0.00175968 -55.396 -0.000918391 1 9.95243e-05 -0.219517 -0.00175959 -0.00010114 0.999998 1.40652
0.999993 0.000572647 0.00361731 -56.1758 -0.000570638 1 -0.000556151 -0.226075 -0.00361762 0.000554083 0.999993 1.42693
0.999986 0.000930814 0.00512102 -56.9308 -0.000924077 0.999999 -0.00131779 -0.221948 -0.00512224 0.00131304 0.999986 1.43093
0.999989 0.000720495 0.00467564 -57.6979 -0.000713435 0.999999 -0.00151145 -0.229317 -0.00467672 0.00150809 0.999988 1.45049
0.999998 0.000644292 0.001697 -58.4683 -0.00064218 0.999999 -0.00124464 -0.221259 -0.0016978 0.00124355 0.999998 1.47102
0.999995 0.000923389 -0.00301167 -59.2411 -0.000926366 0.999999 -0.000987325 -0.217242 0.00301076 0.00099011 0.999995 1.49886
0.999989 0.000885778 -0.00452369 -59.9936 -0.00088893 0.999999 -0.000694914 -0.216437 0.00452307 0.000698928 0.99999 1.53896
0.999994 0.00107246 -0.0033775 -60.7422 -0.00107249 0.999999 -7.40693e-06 -0.212309 0.00337749 1.10292e-05 0.999994 1.54913
0.999998 0.00119516 -0.00131551 -61.4974 -0.00119551 0.999999 -0.000266406 -0.20488 0.00131519 0.000267978 0.999999 1.58095
0.999995 0.00154856 0.00262378 -62.2336 -0.00154487 0.999998 -0.0014043 -0.211212 -0.00262595 0.00140024 0.999996 1.6103
0.999979 0.00212343 0.00620046 -62.9689 -0.00210246 0.999992 -0.00338592 -0.210409 -0.0062076 0.00337282 0.999975 1.62444
0.999964 0.00292298 0.00790328 -63.7071 -0.00288441 0.999984 -0.00488741 -0.207567 -0.00791744 0.00486444 0.999957 1.63541
0.999966 0.00385699 0.0072721 -64.4415 -0.0038212 0.999981 -0.0049298 -0.206406 -0.00729098 0.00490184 0.999961 1.64873
0.999978 0.00529251 0.00406464 -65.1743 -0.00527424 0.999976 -0.00449246 -0.202341 -0.00408832 0.00447092 0.999982 1.67519
0.999979 0.00636733 0.00136295 -65.9024 -0.00636053 0.999968 -0.00493484 -0.197365 -0.00139433 0.00492606 0.999987 1.70751
0.999973 0.00717484 0.00173921 -66.6224 -0.00716561 0.999961 -0.00525789 -0.186547 -0.00177686 0.00524529 0.999985 1.72283
0.999958 0.00818895 0.00408049 -67.3401 -0.00816854 0.999954 -0.00499399 -0.173796 -0.0041212 0.00496045 0.999979 1.74263
0.99995 0.00874068 0.00494669 -68.059 -0.00871432 0.999948 -0.00532458 -0.168476 -0.00499298 0.0052812 0.999974 1.7723
0.999942 0.00977937 0.00445712 -68.7859 -0.00975176 0.999933 -0.00617366 -0.173394 -0.0045172 0.00612983 0.999971 1.78229
0.99994 0.0106515 0.00240559 -69.5121 -0.0106323 0.999913 -0.00785623 -0.162846 -0.00248906 0.00783018 0.999966 1.81014
0.999936 0.0112838 0.000692125 -70.2382 -0.0112771 0.999896 -0.0089956 -0.144363 -0.000793557 0.00898722 0.999959 1.81948
0.999928 0.0120379 0.000175398 -70.9624 -0.0120358 0.999887 -0.0089936 -0.128244 -0.000283642 0.00899084 0.99996 1.83906
0.999921 0.0125676 0.000558141 -71.6811 -0.0125624 0.999885 -0.00849826 -0.126039 -0.00066488 0.00849057 0.999964 1.8657
0.999916 0.0128936 0.00129434 -72.393 -0.0128815 0.999877 -0.00895948 -0.125334 -0.0014097 0.00894205 0.999959 1.89579
0.999903 0.0135265 0.00332725 -73.1123 -0.0134905 0.999852 -0.0106379 -0.117487 -0.00347065 0.010592 0.999938 1.91435
0.999894 0.014073 0.00377744 -73.8308 -0.0140286 0.999835 -0.011544 -0.109519 -0.00393927 0.0114898 0.999926 1.91636
0.999898 0.0142064 0.00171139 -74.5662 -0.0141862 0.999836 -0.0112938 -0.0908208 -0.00187155 0.0112684 0.999935 1.91962
0.999893 0.0144524 -0.00238128 -75.29 -0.0144761 0.999842 -0.0102717 -0.0757952 0.00223245 0.010305 0.999944 1.93711
0.999858 0.0150628 -0.00758579 -76.0043 -0.0151325 0.999843 -0.00921242 -0.0602709 0.00744584 0.0093259 0.999929 1.94059
0.999816 0.0156197 -0.0111367 -76.7373 -0.0156985 0.999852 -0.00702281 -0.0456729 0.0110254 0.00719635 0.999913 1.97608
0.999803 0.0165006 -0.011004 -77.4562 -0.0165666 0.999845 -0.0059364 -0.0240687 0.0109043 0.00611753 0.999922 2.00766
0.99984 0.0169933 -0.00551713 -78.1726 -0.0170307 0.999832 -0.0067925 -0.01555 0.00540078 0.00688537 0.999962 2.03612
0.999845 0.017221 0.00378558 -78.8814 -0.0171879 0.999815 -0.00859959 -0.00223203 -0.00393297 0.00853319 0.999956 2.04626
0.999775 0.0171982 0.0124095 -79.6041 -0.0170717 0.999802 -0.0102312 0.00721386 -0.012583 0.010017 0.999871 2.05752
0.999728 0.0176304 0.0152914 -80.3241 -0.0174692 0.999791 -0.0106137 0.0227582 -0.0154754 0.0103437 0.999827 2.06268
0.999767 0.0183313 0.0114208 -81.0521 -0.0182041 0.999772 -0.011141 0.0370134 -0.0116224 0.0109305 0.999873 2.09526
0.999816 0.0187457 0.00411537 -81.7838 -0.0186912 0.999742 -0.0129038 0.0456179 -0.0043562 0.0128245 0.999908 2.13077
0.999809 0.0194831 0.00118264 -82.5251 -0.0194644 0.99971 -0.0142078 0.0560174 -0.00145911 0.0141821 0.999898 2.14785
0.999792 0.0199049 0.00438397 -83.2531 -0.019838 0.999694 -0.0148087 0.0689053 -0.0046774 0.0147186 0.999881 2.16856
0.999619 0.0201202 0.0188783 -83.9528 -0.0199276 0.999748 -0.0103351 0.099935 -0.0190815 0.00995492 0.999768 2.19622
0.999134 0.0201805 0.0363883 -84.6506 -0.0200705 0.999793 -0.003385 0.125772 -0.036449 0.00265173 0.999332 2.22886
0.998909 0.0208361 0.0417895 -85.3779 -0.0209235 0.99978 0.00165661 0.157462 -0.0417458 -0.00252918 0.999125 2.3012
0.999341 0.0222037 0.0287263 -86.1258 -0.022255 0.999751 0.00146711 0.17664 -0.0286866 -0.00210545 0.999586 2.32088
0.999706 0.0239758 -0.00354133 -86.9002 -0.0239862 0.999708 -0.00293958 0.201969 0.00346982 0.00302366 0.999989 2.30261
0.99908 0.0249616 -0.0348614 -87.6546 -0.0251592 0.99967 -0.00524021 0.223372 0.0347191 0.00611248 0.999378 2.28833
0.998583 0.0260623 -0.0463888 -88.3722 -0.0264456 0.999621 -0.00766876 0.238821 0.0461714 0.00888468 0.998894 2.35763
0.999147 0.0274574 -0.0308318 -89.0965 -0.027778 0.999564 -0.0100203 0.247383 0.0305433 0.0108682 0.999474 2.41181
0.999579 0.028927 0.00202896 -89.8148 -0.0289019 0.999517 -0.0114538 0.268108 -0.0023593 0.0113903 0.999932 2.38169
0.999263 0.0305647 0.0232163 -90.561 -0.0302599 0.999453 -0.0133699 0.310338 -0.0236122 0.0126575 0.999641 2.35137
0.999212 0.0327681 0.0224054 -91.2975 -0.0324529 0.999371 -0.01429 0.336563 -0.0228595 0.0135517 0.999647 2.36123
0.999338 0.0350668 0.00968768 -92.0522 -0.034928 0.99929 -0.0141439 0.366817 -0.0101768 0.0137962 0.999853 2.39708
0.99933 0.036583 0.00063104 -92.8296 -0.0365725 0.999256 -0.0122617 0.393806 -0.00107914 0.0122304 0.999925 2.44231
0.999279 0.0379793 -4.47583e-05 -93.5797 -0.0379777 0.999223 -0.0105205 0.429006 -0.000354836 0.0105146 0.999945 2.4834
0.999215 0.0393661 0.00442759 -94.3201 -0.0393194 0.999175 -0.0101924 0.452826 -0.00482517 0.0100103 0.999938 2.49677
0.999124 0.041125 0.00780482 -95.0829 -0.0410503 0.999112 -0.00949793 0.48725 -0.00818849 0.00916922 0.999924 2.49828
0.999057 0.042722 0.00773019 -95.864 -0.042666 0.999063 -0.00727285 0.531 -0.00803366 0.00693618 0.999944 2.50951
0.998985 0.0448158 0.00454385 -96.6269 -0.0447903 0.998981 -0.0055609 0.579968 -0.00478844 0.00535173 0.999974 2.55358
0.998904 0.0467989 0.00124895 -97.4017 -0.0467898 0.998883 -0.00653319 0.618658 -0.0015533 0.00646759 0.999978 2.60058
0.998822 0.0484929 0.0014478 -98.1738 -0.0484783 0.998785 -0.00883189 0.653838 -0.00187432 0.0087513 0.99996 2.61392
0.99876 0.0496583 0.00357602 -98.9557 -0.0496221 0.998722 -0.00957446 0.694675 -0.0040469 0.00938514 0.999948 2.6012
0.998685 0.0509872 0.00536728 -99.7335 -0.0509446 0.998671 -0.00779677 0.7408 -0.00575768 0.00751308 0.999955 2.61633
0.99856 0.0533876 0.00535207 -100.513 -0.0533591 0.998561 -0.00532102 0.791864 -0.00562845 0.00502777 0.999972 2.6576
0.998442 0.0554927 0.00580182 -101.324 -0.0554636 0.998448 -0.00505 0.835859 -0.00607305 0.00472034 0.99997 2.71008
0.998312 0.0576217 0.007322 -102.123 -0.0575741 0.99832 -0.00655906 0.874094 -0.00768764 0.00612643 0.999952 2.72696
0.998173 0.0596607 0.00955525 -102.922 -0.059572 0.998181 -0.00931559 0.93455 -0.0100936 0.00872934 0.999911 2.74576
0.998061 0.061101 0.0118489 -103.714 -0.0609661 0.998074 -0.0114311 0.989124 -0.0125245 0.0106866 0.999864 2.7574
0.997959 0.0628302 0.0114427 -104.497 -0.0626981 0.997966 -0.0115529 1.04742 -0.0121453 0.0108119 0.999868 2.7752
0.997883 0.0646342 0.00726593 -105.333 -0.0645542 0.997856 -0.0107565 1.0948 -0.00794559 0.0102647 0.999916 2.8013
0.997723 0.0674437 0.000783642 -106.15 -0.0674316 0.997667 -0.0106309 1.14705 -0.0014988 0.0105538 0.999943 2.82914
0.997547 0.0698999 -0.00379809 -106.973 -0.0699373 0.997493 -0.0108218 1.21946 0.00303212 0.0110609 0.999934 2.85657
0.997401 0.0720033 -0.00242552 -107.793 -0.0720279 0.997326 -0.0123517 1.27277 0.00152967 0.0124943 0.999921 2.87671
0.997239 0.0741303 0.00437851 -108.605 -0.0740616 0.997153 -0.014179 1.33816 -0.00541713 0.0138156 0.99989 2.89026
0.997023 0.0761161 0.0123053 -109.423 -0.0759188 0.996989 -0.0157805 1.40574 -0.0134694 0.0147993 0.9998 2.91979
0.996772 0.0783279 0.0176142 -110.248 -0.0780447 0.996818 -0.0162249 1.46955 -0.018829 0.0147978 0.999713 2.94359
0.996569 0.0811766 0.016154 -111.084 -0.0809144 0.996588 -0.0162701 1.53972 -0.0174196 0.0149071 0.999737 2.98054
0.996471 0.0833951 0.00955715 -111.932 -0.0832278 0.99639 -0.0167387 1.62098 -0.0109186 0.0158842 0.999814 3.0029
0.996264 0.0862968 0.00343196 -112.774 -0.0862351 0.996158 -0.0152583 1.70655 -0.00473551 0.0149053 0.999878 3.01529
0.996065 0.088629 0.000263661 -113.614 -0.0886176 0.995976 -0.0133624 1.78471 -0.00144689 0.0132864 0.999911 3.04139
0.995818 0.0913557 0.000217385 -114.454 -0.0913484 0.995764 -0.0104967 1.86608 -0.0011754 0.010433 0.999945 3.06976
0.995623 0.0934098 0.00316827 -115.311 -0.0933705 0.995572 -0.0108795 1.94378 -0.0041705 0.0105361 0.999936 3.13071
0.995336 0.0958845 0.0106387 -116.159 -0.0957178 0.995292 -0.015205 2.03088 -0.0120466 0.0141157 0.999828 3.16568
0.995076 0.0972523 0.019133 -117.008 -0.0969464 0.995156 -0.0163126 2.11945 -0.0206267 0.0143774 0.999684 3.15624
0.99493 0.0983787 0.0208662 -117.855 -0.0980986 0.995078 -0.0140494 2.19942 -0.0221457 0.0119313 0.999684 3.18864
0.99481 0.100367 0.0167363 -118.709 -0.100179 0.994901 -0.01167 2.29444 -0.0178222 0.00993279 0.999792 3.25098
0.994718 0.101937 0.0120478 -119.583 -0.101815 0.99475 -0.0102978 2.38483 -0.0130343 0.00901675 0.999874 3.28825
0.994555 0.10346 0.0124775 -120.439 -0.103312 0.994577 -0.0119317 2.47456 -0.0136443 0.0105776 0.999851 3.31814
0.99438 0.104612 0.0162608 -121.279 -0.104383 0.994434 -0.0143279 2.55697 -0.0176691 0.01255 0.999765 3.35278
0.994233 0.105659 0.0183788 -122.126 -0.105387 0.994315 -0.015178 2.65332 -0.019878 0.0131536 0.999716 3.35955
0.994149 0.106976 0.0149625 -122.997 -0.106786 0.994197 -0.0129751 2.75465 -0.0162637 0.0113013 0.999804 3.3949
0.994096 0.1084 0.00483501 -123.868 -0.10835 0.994066 -0.00967599 2.84631 -0.0058552 0.00909499 0.999941 3.44085
0.99387 0.11048 -0.00414779 -124.748 -0.110513 0.993836 -0.00875642 2.96288 0.00315482 0.00916113 0.999953 3.47183
0.993659 0.112327 -0.00500026 -125.588 -0.11237 0.993623 -0.00925402 3.05586 0.00392889 0.00975722 0.999945 3.47652
0.993539 0.113483 0.00167568 -126.449 -0.113462 0.993496 -0.00956477 3.15096 -0.00275022 0.00931284 0.999953 3.4864
0.993389 0.114512 0.00811613 -127.302 -0.114439 0.99339 -0.00889842 3.25566 -0.00908146 0.00791078 0.999927 3.53121
0.993191 0.116049 0.0101928 -128.163 -0.115953 0.993209 -0.00956088 3.35184 -0.0112332 0.00831388 0.999902 3.5769
0.993015 0.117664 0.00873007 -129.038 -0.117563 0.993001 -0.0113259 3.45961 -0.0100016 0.0102205 0.999898 3.60612
0.992834 0.119365 0.00564429 -129.904 -0.119292 0.992789 -0.011797 3.58207 -0.00701174 0.0110392 0.999914 3.59877
0.992685 0.12072 0.00192307 -130.785 -0.120691 0.992629 -0.0110152 3.68059 -0.00323864 0.0107025 0.999937 3.61929
0.992536 0.121949 6.54585e-05 -131.67 -0.121945 0.992502 -0.00827049 3.79789 -0.00107355 0.00820078 0.999966 3.64364
0.992363 0.123345 0.00155775 -132.542 -0.123334 0.992348 -0.00592735 3.91002 -0.00227693 0.00568995 0.999981 3.67619
0.99217 0.124771 0.00561651 -133.418 -0.124737 0.992171 -0.00605144 4.04107 -0.00632759 0.00530346 0.999966 3.722
0.991944 0.126361 0.00888307 -134.294 -0.126312 0.991973 -0.00588154 4.15254 -0.00955497 0.00471212 0.999943 3.7367
0.99182 0.127419 0.00754631 -135.169 -0.12738 0.991839 -0.00542039 4.27108 -0.00817539 0.0044148 0.999957 3.75681
0.991736 0.128238 0.00370884 -136.045 -0.128219 0.991733 -0.00502817 4.38412 -0.00432298 0.00451107 0.99998 3.78034
0.991582 0.129473 0.00162729 -136.943 -0.129463 0.99157 -0.00523711 4.50617 -0.00229164 0.00498234 0.999985 3.81931
0.991499 0.130105 0.00130775 -137.826 -0.130095 0.991484 -0.00598932 4.61984 -0.00207585 0.00576827 0.999981 3.85639
0.991501 0.130088 0.00190507 -138.71 -0.130075 0.991485 -0.00615352 4.73605 -0.00268935 0.00585342 0.999979 3.86572
0.991524 0.129907 0.00199777 -139.592 -0.129892 0.991507 -0.00643844 4.84607 -0.00281721 0.00612438 0.999977 3.88737
0.991546 0.129706 0.00362531 -140.477 -0.129678 0.991531 -0.00704161 4.96629 -0.00450794 0.00651196 0.999969 3.91966
0.991556 0.129542 0.00603141 -141.352 -0.129488 0.991544 -0.00851569 5.07458 -0.00708354 0.00766279 0.999946 3.94584
0.991591 0.129171 0.00785147 -142.246 -0.129104 0.991594 -0.00851822 5.19563 -0.00888578 0.00743293 0.999933 3.94915
0.991612 0.129001 0.00796369 -143.149 -0.128945 0.991625 -0.00726531 5.31931 -0.00883423 0.0061775 0.999942 3.98758
0.991602 0.129114 0.00744588 -144.032 -0.12906 0.99161 -0.0073506 5.42953 -0.00833247 0.0063279 0.999945 4.04895
0.991607 0.129064 0.00764624 -144.917 -0.129002 0.991611 -0.00810266 5.53588 -0.00862786 0.00704827 0.999938 4.07733
0.991691 0.128443 0.00718801 -145.8 -0.128379 0.991687 -0.00874267 5.65144 -0.00825119 0.00774724 0.999936 4.08214
0.991764 0.127966 0.00529274 -146.705 -0.127915 0.991744 -0.00906104 5.77667 -0.00640855 0.0083094 0.999945 4.10865
0.99179 0.127809 0.00407773 -147.599 -0.127765 0.991757 -0.00966205 5.89761 -0.00527901 0.00906174 0.999945 4.15834
0.991731 0.128229 0.00520621 -148.458 -0.128171 0.991699 -0.0102368 6.00813 -0.00647565 0.00948489 0.999934 4.19889
0.991781 0.127723 0.00754254 -149.347 -0.12764 0.991764 -0.0106207 6.11247 -0.00883692 0.00957065 0.999915 4.2139
0.991811 0.127501 0.0073499 -150.237 -0.127425 0.991798 -0.00996165 6.23603 -0.00855974 0.00894351 0.999923 4.23843
0.99187 0.127124 0.00573223 -151.124 -0.127062 0.991844 -0.0100465 6.36193 -0.00696263 0.00923648 0.999933 4.28074
0.991895 0.126907 0.00629794 -152.001 -0.126842 0.991873 -0.0099112 6.47057 -0.00750456 0.00903202 0.999931 4.30573
0.991901 0.126678 0.00918041 -152.861 -0.126608 0.991921 -0.00791576 6.57727 -0.010109 0.00668935 0.999927 4.31557
0.991969 0.126104 0.00972843 -153.735 -0.126048 0.992005 -0.00612172 6.69244 -0.0104226 0.00484631 0.999934 4.35595
0.991992 0.126102 0.00711542 -154.608 -0.12607 0.99201 -0.00476056 6.81512 -0.00765888 0.00382539 0.999963 4.41026
0.991999 0.126146 0.00493324 -155.462 -0.126125 0.992005 -0.00435155 6.92339 -0.00544272 0.00369453 0.999978 4.43606
0.992053 0.125708 0.00539583 -156.32 -0.125687 0.992062 -0.00395105 7.03172 -0.00584967 0.00324146 0.999978 4.45078
0.992109 0.125188 0.00693419 -157.18 -0.125161 0.992128 -0.00415954 7.1352 -0.00740033 0.00325883 0.999967 4.49033
0.992091 0.125236 0.00848669 -158.032 -0.125203 0.992122 -0.00428019 7.25141 -0.00895587 0.00318377 0.999955 4.51694
0.992112 0.125 0.00943554 -158.879 -0.124961 0.992151 -0.00457274 7.36472 -0.00993307 0.00335759 0.999945 4.54493
0.992154 0.124668 0.00944538 -159.718 -0.124628 0.992192 -0.00476136 7.4638 -0.00996523 0.00354684 0.999944 4.57894
0.99219 0.124474 0.00803284 -160.564 -0.124438 0.992216 -0.00473255 7.57353 -0.00855939 0.003696 0.999957 4.60532
0.992213 0.124362 0.00684247 -161.412 -0.124328 0.992228 -0.00521314 7.66705 -0.0074376 0.00432184 0.999963 4.62385
0.992198 0.124557 0.00529178 -162.261 -0.124532 0.992204 -0.00470444 7.77942 -0.0058365 0.00400874 0.999975 4.64476
0.99225 0.124194 0.00394223 -163.103 -0.124179 0.992252 -0.00382919 7.90338 -0.00438725 0.00330997 0.999985 4.6822
0.992301 0.123812 0.00311537 -163.927 -0.123801 0.992302 -0.00326744 8.00757 -0.00349593 0.00285659 0.99999 4.72947
0.992318 0.123669 0.00324569 -164.747 -0.123656 0.992318 -0.00380617 8.09677 -0.00369146 0.00337558 0.999987 4.7507
0.992342 0.123428 0.00480326 -165.583 -0.123407 0.992346 -0.00455703 8.20023 -0.00532896 0.00392937 0.999978 4.76293
0.992333 0.123441 0.00620682 -166.404 -0.123414 0.992345 -0.00453195 8.3138 -0.00671873 0.00373119 0.99997 4.7812
0.992378 0.123074 0.00628606 -167.216 -0.12305 0.992392 -0.00406322 8.42991 -0.00673831 0.00325875 0.999972 4.81794
0.992396 0.122958 0.00562673 -168.037 -0.122941 0.992409 -0.00320515 8.52695 -0.00597812 0.00248902 0.999979 4.84994
0.992376 0.123087 0.00628529 -168.843 -0.123069 0.992393 -0.0032323 8.61401 -0.00663534 0.00243414 0.999975 4.88019
0.992365 0.123013 0.00889591 -169.642 -0.122985 0.992402 -0.00354062 8.7168 -0.00926386 0.00241952 0.999954 4.90131
0.992387 0.122695 0.0106652 -170.448 -0.122667 0.992443 -0.00324801 8.81858 -0.0109831 0.00191502 0.999938 4.94021
0.992379 0.122744 0.0108903 -171.245 -0.122715 0.992437 -0.00328184 8.91396 -0.0112107 0.00192043 0.999935 4.98125
0.99241 0.122584 0.00978002 -172.04 -0.122552 0.992455 -0.00380515 9.01267 -0.0101727 0.00257772 0.999945 5.01253
0.992456 0.122329 0.00815447 -172.84 -0.122286 0.992479 -0.00559772 9.11231 -0.0087779 0.00455831 0.999951 5.02931
0.992497 0.122044 0.00737174 -173.642 -0.121996 0.992509 -0.00659847 9.21367 -0.00812181 0.00564965 0.999951 5.03841
0.992499 0.122115 0.00578615 -174.422 -0.122073 0.992496 -0.00709811 9.31808 -0.00660951 0.00633854 0.999958 5.08231
0.992484 0.122238 0.00570284 -175.208 -0.122196 0.99248 -0.00712966 9.41138 -0.00653147 0.00637921 0.999958 5.11304
0.992445 0.122518 0.00645181 -175.995 -0.122467 0.992443 -0.00770968 9.50836 -0.00734762 0.00686131 0.999949 5.14815
0.99249 0.122114 0.00726705 -176.764 -0.122049 0.992485 -0.00877398 9.59879 -0.00828387 0.00782115 0.999935 5.17218
0.992497 0.121907 0.00938154 -177.54 -0.121817 0.992506 -0.00964288 9.69899 -0.0104868 0.0084277 0.999909 5.20116
0.992537 0.121432 0.0111246 -178.319 -0.121325 0.992564 -0.00983555 9.78701 -0.0122362 0.00841246 0.99989 5.23378
0.992556 0.121197 0.0120395 -179.088 -0.121079 0.992592 -0.0100962 9.88027 -0.013174 0.00856331 0.999877 5.271
0.992554 0.121081 0.0132474 -179.87 -0.120923 0.992587 -0.0121936 9.98076 -0.0146256 0.0105009 0.999838 5.29811
0.992585 0.120832 0.0132316 -180.647 -0.120644 0.992595 -0.0141798 10.0638 -0.014847 0.0124784 0.999812 5.31541
0.992638 0.120505 0.0121567 -181.423 -0.120286 0.992587 -0.0174099 10.1457 -0.0141646 0.0158194 0.999775 5.35198
0.99256 0.120278 0.0189238 -182.206 -0.119938 0.992615 -0.0181636 10.238 -0.0209687 0.0157587 0.999656 5.37084
0.992274 0.119989 0.0315456 -182.967 -0.119532 0.992701 -0.0160015 10.3413 -0.0332354 0.0121071 0.999374 5.40512
0.992029 0.119497 0.0399828 -183.729 -0.119227 0.992825 -0.00908933 10.4488 -0.0407821 0.00424985 0.999159 5.46383
0.992315 0.119256 0.033008 -184.51 -0.1192 0.992863 -0.00369032 10.561 -0.0332126 -0.000272583 0.999448 5.55117
0.992744 0.119677 0.0117397 -185.301 -0.119629 0.992808 -0.00470918 10.6562 -0.0122189 0.0032706 0.99992 5.60043
0.992576 0.120618 -0.015633 -186.136 -0.12072 0.99267 -0.00575202 10.7341 0.0148246 0.00759653 0.999861 5.52999
0.992061 0.121162 -0.0336777 -186.952 -0.121361 0.992601 -0.00392032 10.8323 0.0329535 0.00797635 0.999425 5.50819
0.992109 0.122118 -0.0283914 -187.722 -0.122231 0.992499 -0.00226999 10.9407 0.0279012 0.00572239 0.999594 5.58144
0.992401 0.123044 0.000706443 -188.492 -0.123038 0.992385 -0.00582494 11.0392 -0.00141779 0.00569376 0.999983 5.6627
0.991832 0.123266 0.0327925 -189.251 -0.122902 0.992335 -0.0129001 11.1244 -0.0341313 0.00876444 0.999379 5.66741
0.991359 0.123308 0.0447408 -190.033 -0.122761 0.992326 -0.0147678 11.227 -0.0462185 0.0091478 0.998889 5.63624
0.991901 0.12335 0.0302778 -190.844 -0.123097 0.992344 -0.0100671 11.3446 -0.0312877 0.00625846 0.999491 5.67398
0.992197 0.124272 0.0100514 -191.659 -0.124237 0.992244 -0.00407979 11.462 -0.0104805 0.0027992 0.999941 5.72618
0.992094 0.125478 -0.00229727 -192.481 -0.125478 0.992096 0.000294986 11.5557 0.00231613 -4.39627e-06 0.999997 5.77352
0.992027 0.125942 -0.004691 -193.291 -0.125944 0.992037 -0.000212989 11.6597 0.00462682 0.000802095 0.999989 5.81862
0.992047 0.125845 0.00230494 -194.089 -0.125834 0.992042 -0.00421012 11.7541 -0.00281642 0.00388659 0.999988 5.83147
0.992068 0.124985 0.0133989 -194.896 -0.124901 0.992145 -0.00696162 11.8545 -0.0141637 0.00523286 0.999886 5.80713
0.992109 0.124142 0.0175446 -195.702 -0.124079 0.992262 -0.00461214 11.9701 -0.0179814 0.00239883 0.999835 5.82426
0.992123 0.124639 0.0125337 -196.503 -0.124646 0.992201 -0.000204357 12.0778 -0.0124614 -0.00135954 0.999921 5.88404
0.992091 0.125387 0.00577743 -197.338 -0.125396 0.992106 0.00121188 12.1867 -0.00557987 -0.00192676 0.999983 5.93512
0.992008 0.125897 0.00839524 -198.184 -0.125902 0.992043 4.91291e-05 12.2929 -0.00832225 -0.00110571 0.999965 5.94117
0.991954 0.125384 0.0175092 -198.991 -0.125396 0.992107 -0.000399294 12.382 -0.017421 -0.0017995 0.999847 5.96371
0.991914 0.124753 0.0233056 -199.792 -0.12478 0.992184 -0.000290437 12.487 -0.0231597 -0.00261999 0.999728 6.01883
0.991933 0.124952 0.0213446 -200.614 -0.124984 0.992159 0.000169988 12.6018 -0.021156 -0.00283635 0.999772 6.03965
0.992068 0.124847 0.0146277 -201.468 -0.124875 0.992172 0.00101316 12.7159 -0.0143867 -0.00283176 0.999892 6.07183
0.992067 0.1254 0.00880731 -202.309 -0.125416 0.992103 0.00130342 12.8269 -0.00857431 -0.00239766 0.99996 6.11063
