1 0 0 0 0 1 0 0 0 0 1 0
1 -2.34783e-05 -3.32678e-06 0.00374497 2.34782e-05 1 -1.90878e-05 -0.00602373 3.32723e-06 1.90877e-05 1 0.000172451
1 3.89571e-05 5.07222e-05 0.00608776 -3.89573e-05 1 4.58581e-06 -0.00581486 -5.07221e-05 -4.58778e-06 1 -0.00301877
1 8.75932e-05 -2.61195e-05 0.00474634 -8.75937e-05 1 -1.90256e-05 -0.0052664 2.61178e-05 1.90278e-05 1 0.00288172
1 5.67956e-05 -8.32311e-05 0.000598041 -5.67987e-05 1 -3.75481e-05 -0.00624792 8.3229e-05 3.75529e-05 1 0.00625237
1 -3.2012e-05 5.24083e-05 0.00449372 3.20104e-05 1 3.17515e-05 0.000177036 -5.24093e-05 -3.17498e-05 1 -0.000713261
1 1.91974e-05 6.45063e-05 0.00153765 -1.91978e-05 1 6.2465e-06 -0.0102726 -6.45062e-05 -6.24774e-06 1 -0.00179196
1 4.13997e-05 -2.17665e-05 0.00227134 -4.14001e-05 1 -1.70691e-05 -0.00732899 2.17658e-05 1.707e-05 1 0.000129055
1 6.25251e-06 -2.98423e-05 -0.000770922 -6.2527e-06 1 -6.17379e-06 -0.000693893 2.98422e-05 6.17397e-06 1 -0.000305608
1 -1.4672e-05 1.88373e-05 -0.000470699 1.46717e-05 1 1.5336e-05 0.00311031 -1.88375e-05 -1.53357e-05 1 -0.00042952
1 2.83204e-05 7.41117e-05 -4.76264e-06 -2.83238e-05 1 4.48543e-05 -0.00548884 -7.41104e-05 -4.48564e-05 1 -0.00161192
1 9.51711e-05 3.86297e-05 -0.00047348 -9.51722e-05 1 2.84557e-05 -0.00900703 -3.8627e-05 -2.84594e-05 1 -0.000250435
1 6.8181e-05 -1.22113e-05 0.00137919 -6.81815e-05 1 -3.85584e-05 -0.00714929 1.22087e-05 3.85592e-05 1 0.000602882
1 5.63345e-06 2.01062e-05 0.00055597 -5.63327e-06 1 -9.19778e-06 -0.00526422 -2.01062e-05 9.19767e-06 1 -0.00145353
1 -3.84729e-06 -1.86996e-05 -0.000545993 3.84755e-06 1 1.34928e-05 -0.00358778 1.86995e-05 -1.34929e-05 1 -0.000166748
1 -1.30351e-05 2.8675e-05 0.00162262 1.30349e-05 1 5.88938e-06 -0.00276806 -2.86751e-05 -5.88901e-06 1 3.47159e-05
1 4.44977e-05 3.86963e-05 0.00425738 -4.44993e-05 1 4.19328e-05 -0.00556452 -3.86944e-05 -4.19345e-05 1 -0.00024021
1 5.09026e-05 2.02518e-05 0.0019782 -5.09026e-05 1 7.30863e-07 -0.00423834 -2.02518e-05 -7.31894e-07 1 -1.17112e-05
1 5.85332e-05 3.47892e-06 0.00529241 -5.85332e-05 1 -6.10986e-06 -0.00614035 -3.47928e-06 6.10966e-06 1 -0.000213824
1 -7.95338e-06 -3.19587e-05 0.00502265 7.9529e-06 1 -1.50066e-05 -0.00190864 3.19588e-05 1.50064e-05 1 0.00104548
1 5.97351e-05 4.83528e-06 0.00415966 -5.97352e-05 1 2.03639e-05 -0.00466449 -4.83406e-06 -2.03642e-05 1 -0.000557142
1 4.97723e-05 2.23989e-05 0.00797984 -4.97724e-05 1 4.23021e-06 -0.00290632 -2.23987e-05 -4.23132e-06 1 -8.76243e-05
1 6.96122e-05 2.59245e-05 0.00175953 -6.96122e-05 1 -5.24338e-07 -0.00915606 -2.59245e-05 5.22533e-07 1 0.000183518
1 6.73432e-05 5.18972e-05 0.00110961 -6.73435e-05 1 6.36005e-06 -0.00961178 -5.18967e-05 -6.36354e-06 1 -0.00293148
1 1.82091e-05 2.0275e-05 0.00553909 -1.82094e-05 1 1.27359e-05 -0.00139997 -2.02748e-05 -1.27363e-05 1 -0.00239139
1 -3.15332e-05 3.25825e-05 0.00780501 3.15328e-05 1 1.19339e-05 -0.00235972 -3.25829e-05 -1.19329e-05 1 -0.00172441
1 -2.92321e-06 1.64907e-05 0.00144015 2.9229e-06 1 1.84055e-05 -0.00214209 -1.64907e-05 -1.84055e-05 1 0.00030473
1 2.13287e-05 6.51815e-06 0.00212765 -2.13287e-05 1 1.0917e-06 -0.00321548 -6.51813e-06 -1.09184e-06 1 -0.000164455
1 3.71973e-05 1.16118e-05 0.00295804 -3.71971e-05 1 -1.62049e-05 -0.00420585 -1.16124e-05 1.62045e-05 1 -0.00101307
1 -3.69037e-05 1.32221e-05 0.00659967 3.69035e-05 1 1.15386e-05 -0.000644604 -1.32226e-05 -1.15381e-05 1 -0.000797367
1 -2.36815e-05 5.83045e-06 0.00647942 2.36813e-05 1 2.49893e-05 -0.00197131 -5.83104e-06 -2.49891e-05 1 -0.000751984
1 1.26381e-05 -7.6511e-06 0.0080606 -1.26381e-05 1 -7.32403e-07 -0.00346659 7.65109e-06 7.325e-07 1 0.00171596
1 2.0313e-05 -4.12044e-05 0.00293296 -2.03136e-05 1 -1.45649e-05 -0.00833727 4.12041e-05 1.45657e-05 1 0.0031916
1 4.07281e-05 4.07018e-05 0.00431766 -4.0729e-05 1 2.18389e-05 -0.00615939 -4.07009e-05 -2.18405e-05 1 -0.00240751
1 1.4541e-05 3.94434e-05 0.00642303 -1.45416e-05 1 1.63206e-05 -0.0104667 -3.94431e-05 -1.63211e-05 1 -0.0033251
1 -2.10917e-05 9.02674e-05 0.00554426 2.10874e-05 1 4.79487e-05 -0.0038515 -9.02684e-05 -4.79468e-05 1 -0.00647119
1 3.26654e-06 1.96426e-05 0.00416257 -3.26629e-06 1 -1.26437e-05 0.00223263 -1.96426e-05 1.26436e-05 1 -0.00116235
1 3.98069e-05 -1.32331e-05 0.00246157 -3.98072e-05 1 -2.43812e-05 -0.00174036 1.32321e-05 2.43817e-05 1 0.00179216
1 1.72216e-05 -7.11768e-06 0.00405452 -1.72217e-05 1 -1.46453e-05 -0.000576577 7.11742e-06 1.46454e-05 1 0.00135767
1 2.54372e-05 -2.45488e-05 0.00619675 -2.54367e-05 1 1.99322e-05 -0.00161472 2.45493e-05 -1.99316e-05 1 -0.000685367
1 3.04415e-05 -1.37451e-05 0.00300288 -3.04414e-05 1 1.0803e-05 -0.0025977 1.37454e-05 -1.08026e-05 1 0.000231813
1 1.94936e-05 4.57183e-05 0.00253986 -1.94948e-05 1 2.65259e-05 -0.00145283 -4.57178e-05 -2.65268e-05 1 -0.00166983
1 1.29707e-05 8.06343e-06 0.00841727 -1.29704e-05 1 -2.52971e-05 -0.00353464 -8.06376e-06 2.5297e-05 1 0.00142764
1 5.11321e-05 9.81602e-07 0.0077851 -5.11321e-05 1 -8.64177e-06 -0.00686846 -9.82044e-07 8.64172e-06 1 0.000846299
1 5.42253e-05 3.16649e-05 -0.00185762 -5.42263e-05 1 2.93388e-05 -0.00854857 -3.16633e-05 -2.93405e-05 1 -0.00129453
1 2.83462e-05 2.94315e-05 0.0021603 -2.83471e-05 1 2.78744e-05 -0.00750254 -2.94307e-05 -2.78753e-05 1 -0.00199759
1 -1.2894e-05 1.39886e-05 0.00694269 1.28939e-05 1 4.02265e-06 -0.00430089 -1.39887e-05 -4.02247e-06 1 -0.000453359
1 -1.48762e-05 2.46821e-05 0.0113459 1.48762e-05 1 1.10759e-06 0.000642096 -2.46822e-05 -1.10723e-06 1 -0.00051359
1 2.12998e-06 5.95305e-05 0.00476579 -2.13111e-06 1 1.89102e-05 -0.00228072 -5.95304e-05 -1.89103e-05 1 -0.00141962
1 8.55726e-05 0.000122237 0.00270594 -8.55766e-05 1 3.3358e-05 -0.010516 -0.000122234 -3.33685e-05 1 -0.00605716
1 4.94551e-05 3.55645e-05 0.00330275 -4.94558e-05 1 1.93107e-05 -0.00471964 -3.55635e-05 -1.93124e-05 1 -0.00224771
1 -1.81968e-05 -4.11853e-05 0.0106833 1.81979e-05 1 2.80268e-05 0.00293151 4.11848e-05 -2.80275e-05 1 0.00108144
1 3.18714e-06 -5.08791e-05 0.00938053 -3.18681e-06 1 6.41871e-06 -0.0010177 5.08791e-05 -6.41854e-06 1 0.000912681
1 3.41969e-05 4.57966e-05 0.00490596 -3.41981e-05 1 2.71936e-05 -0.00561497 -4.57956e-05 -2.71951e-05 1 -0.00322561
1 4.93349e-05 1.14818e-05 0.00995492 -4.9335e-05 1 7.37904e-06 -0.00558929 -1.14815e-05 -7.37961e-06 1 -0.00028036
1 -5.84994e-07 -3.35098e-06 0.0237569 5.85166e-07 1 5.11176e-05 -0.00342742 3.35096e-06 -5.11176e-05 1 0.000287947
1 -3.54222e-05 5.16689e-05 0.0330958 3.54209e-05 1 2.62262e-05 -0.00355421 -5.16698e-05 -2.62244e-05 1 0.0017663
1 -1.19749e-05 0.000127691 0.0398468 1.1981e-05 1 -4.73122e-05 0.00062588 -0.00012769 4.73138e-05 1 0.00285077
1 1.15353e-05 7.93918e-05 0.0325134 -1.15299e-05 1 -6.78677e-05 -0.00611066 -7.93926e-05 6.78668e-05 1 0.00641019
1 2.04423e-05 -1.10848e-05 0.000577543 -2.04432e-05 1 -8.2405e-05 -0.00413234 1.10831e-05 8.24052e-05 1 0.0080571
1 2.59996e-05 -4.4241e-06 -0.0246421 -2.6e-05 1 -9.34653e-05 -0.00634088 4.42167e-06 9.34654e-05 1 0.00430513
1 -2.86574e-05 0.00011636 -0.0263219 2.8661e-05 1 -3.09274e-05 -0.00204314 -0.000116359 3.09308e-05 1 0.000447199
1 -1.13383e-05 0.000197786 -0.0225601 1.13395e-05 1 -5.95048e-06 -0.00266842 -0.000197786 5.95272e-06 1 0.00253453
1 -1.06552e-05 0.000131966 -0.0350549 1.06763e-05 1 -0.000159826 -0.00317814 -0.000131964 0.000159828 1 0.0131651
1 -1.91977e-05 0.000152061 -0.0568135 1.92108e-05 1 -8.5727e-05 -0.00624068 -0.00015206 8.57299e-05 1 0.0134097
1 -0.000155374 0.000260742 -0.121656 0.000155387 1 -5.02985e-05 -0.0029213 -0.000260735 5.0339e-05 1 0.00926597
1 -0.000817864 0.000386024 -0.225355 0.000817854 1 2.52998e-05 0.0049569 -0.000386045 -2.49841e-05 1 0.00671858
0.999997 -0.00226661 0.000369909 -0.379065 0.00226658 0.999997 8.15699e-05 0.0213755 -0.000370093 -8.07313e-05 1 0.0109705
0.999997 -0.00251653 0.000406403 -0.461704 0.00251643 0.999997 0.000253117 -0.00334802 -0.000407039 -0.000252094 1 0.0110512
0.999997 -0.00255754 0.000396166 -0.544085 0.00255742 0.999997 0.000287114 -0.00979234 -0.000396899 -0.0002861 1 0.0109603
0.999993 -0.00385667 0.000342071 -0.654728 0.00385662 0.999993 0.000135773 -0.0128909 -0.000342592 -0.000134453 1 0.0213563
0.999982 -0.00599339 0.000617506 -0.769775 0.00599334 0.999982 8.17203e-05 -0.000680703 -0.000617984 -7.80179e-05 1 0.0277726
0.999973 -0.00730722 0.00106729 -0.905672 0.00730722 0.999973 6.18746e-06 -0.00981715 -0.0010673 1.61159e-06 0.999999 0.0350613
0.999957 -0.00908023 0.00180098 -1.08588 0.0090805 0.999959 -0.000142777 -0.00332187 -0.00179961 0.000159125 0.999998 0.0213734
0.999931 -0.0114962 0.00235848 -1.2678 0.0114961 0.999934 4.10116e-05 -0.00398669 -0.00235879 -1.38954e-05 0.999997 0.0220504
0.999898 -0.0141022 0.0024719 -1.44049 0.0141011 0.9999 0.000474174 -0.00711577 -0.00247835 -0.000439269 0.999997 0.0446129
0.99984 -0.0177117 0.00239697 -1.60419 0.0177096 0.999843 0.000889929 -0.0188337 -0.00241235 -0.000847338 0.999997 0.0565841
0.999788 -0.0204718 0.00217572 -1.7605 0.0204702 0.99979 0.000763551 -0.0502494 -0.00219089 -0.000718852 0.999997 0.0573577
0.999728 -0.0232739 0.00172513 -1.97094 0.0232736 0.999729 0.000173579 -0.0673865 -0.0017287 -0.000133382 0.999998 0.0557115
0.999644 -0.0266221 0.00181329 -2.19125 0.0266222 0.999646 -4.88381e-05 -0.0711072 -0.00181135 9.70946e-05 0.999998 0.0468347
0.999522 -0.0308345 0.00211166 -2.44961 0.0308347 0.999524 -5.59167e-05 -0.0548368 -0.00210894 0.000121002 0.999998 0.0562512
0.999399 -0.0345835 0.00220811 -2.67602 0.0345828 0.999402 0.000358431 -0.0803267 -0.00221918 -0.000281853 0.999997 0.0670201
0.999256 -0.0384832 0.00250928 -2.93746 0.0384811 0.999259 0.000903857 -0.116999 -0.0025422 -0.000806625 0.999996 0.085681
0.999114 -0.0420376 0.0021372 -3.19132 0.0420363 0.999116 0.000668538 -0.123094 -0.00216341 -0.000578106 0.999997 0.086755
0.998941 -0.0459673 0.00217982 -3.46749 0.045967 0.998943 0.000208435 -0.129044 -0.0021871 -0.000108014 0.999998 0.0829587
0.998677 -0.0513463 0.00275774 -3.76772 0.0513455 0.998681 0.000358015 -0.164381 -0.00277249 -0.000215943 0.999996 0.0866371
0.998397 -0.0565376 0.00280339 -4.08786 0.0565351 0.9984 0.000965503 -0.183335 -0.00285349 -0.000805465 0.999996 0.0995795
0.998126 -0.061151 0.00223781 -4.39049 0.0611481 0.998128 0.00136793 -0.195534 -0.00231728 -0.00122853 0.999997 0.109939
0.997776 -0.0666097 0.00261882 -4.71401 0.0666057 0.997778 0.00157952 -0.209862 -0.00271821 -0.00140158 0.999995 0.127922
0.997419 -0.071739 0.00301641 -5.03765 0.0717351 0.997423 0.00139685 -0.257729 -0.00310884 -0.00117686 0.999994 0.15865
0.997053 -0.0766376 0.00332641 -5.3786 0.0766349 0.997059 0.000918225 -0.313451 -0.00338699 -0.000660601 0.999994 0.145924
0.996657 -0.0816691 0.0020593 -5.74004 0.0816696 0.996659 -0.000172049 -0.359028 -0.00203837 0.000339655 0.999998 0.138567
0.996235 -0.0866916 0.000986985 -6.13484 0.0866931 0.996234 -0.00158082 -0.366974 -0.000846224 0.00166043 0.999998 0.140181
0.995903 -0.0904275 0.000683963 -6.49372 0.0904288 0.9959 -0.00224064 -0.424225 -0.000478544 0.00229331 0.999997 0.153648
0.995507 -0.0946752 0.0014578 -6.89915 0.0946795 0.995502 -0.00326339 -0.487729 -0.00114228 0.00338676 0.999994 0.171709
0.995097 -0.0988702 0.0024268 -7.30766 0.0988783 0.995094 -0.00346126 -0.535033 -0.00207268 0.00368425 0.999991 0.195274
0.994655 -0.103203 0.00312971 -7.73219 0.103212 0.994655 -0.00283623 -0.571274 -0.00282028 0.00314409 0.999991 0.210552
0.994028 -0.109029 0.00465136 -8.17979 0.109038 0.994036 -0.00171019 -0.597981 -0.00443716 0.00220714 0.999988 0.220095
0.993558 -0.113184 0.00557467 -8.57738 0.113197 0.99357 -0.0020408 -0.659283 -0.00530784 0.00265869 0.999982 0.233818
0.993229 -0.11594 0.00739246 -9.02322 0.115985 0.993232 -0.00610999 -0.733144 -0.00663404 0.00692604 0.999954 0.255575
0.992722 -0.120093 0.0089407 -9.50227 0.120164 0.992722 -0.00792629 -0.802608 -0.00792375 0.00894295 0.999929 0.268131
0.992181 -0.124471 0.00917629 -9.97185 0.124543 0.992184 -0.00774939 -0.86459 -0.00813999 0.00883164 0.999928 0.271752
0.991619 -0.128901 0.00869469 -10.4543 0.128966 0.991622 -0.00737153 -0.93207 -0.00767164 0.00843107 0.999935 0.278252
0.990729 -0.135633 0.00768477 -10.9455 0.135687 0.990727 -0.00697566 -0.979812 -0.00666738 0.00795371 0.999946 0.28176
0.989847 -0.141981 0.00664212 -11.4474 0.142025 0.98984 -0.00667852 -1.05355 -0.00562641 0.00755407 0.999956 0.301969
0.989178 -0.146599 0.00599831 -11.9516 0.146637 0.989168 -0.0066238 -1.14778 -0.00496229 0.0074317 0.99996 0.316534
0.988458 -0.151396 0.00554516 -12.4587 0.151432 0.988445 -0.00667102 -1.2436 -0.00447112 0.00743373 0.999962 0.343609
0.987751 -0.155931 0.00580765 -12.9621 0.155971 0.987736 -0.00715926 -1.31248 -0.00462007 0.00797739 0.999958 0.363779
0.987264 -0.15895 0.0066157 -13.4724 0.158999 0.98725 -0.0075666 -1.39841 -0.00532863 0.00852213 0.999949 0.360024
0.987108 -0.159895 0.00719909 -14.0338 0.15995 0.987095 -0.00772575 -1.50025 -0.00587087 0.00877764 0.999944 0.364802
0.986894 -0.161209 0.00725403 -14.591 0.161264 0.986881 -0.00778905 -1.59634 -0.00590319 0.00885678 0.999943 0.386214
0.986719 -0.162259 0.00760193 -15.1396 0.162316 0.98671 -0.00752041 -1.68429 -0.00628064 0.00865444 0.999943 0.391338
0.986851 -0.161489 0.0067666 -15.7115 0.161534 0.986844 -0.00675244 -1.74401 -0.00558714 0.00775669 0.999954 0.401423
0.987192 -0.159424 0.00603663 -16.3043 0.15946 0.987185 -0.00612454 -1.8249 -0.00498288 0.0070087 0.999963 0.408177
0.987646 -0.156649 0.00402573 -16.8741 0.15666 0.987649 -0.00276198 -1.92311 -0.00354335 0.00335853 0.999988 0.445056
0.988085 -0.153904 0.00127466 -17.4706 0.153902 0.988085 0.00115506 -2.00523 -0.00143724 -0.000945125 0.999999 0.478323
0.988656 -0.150194 0.00105204 -18.0706 0.150191 0.988655 0.00190576 -2.11721 -0.00132634 -0.00172613 0.999998 0.493692
0.98909 -0.14728 0.00295739 -18.679 0.147275 0.989094 0.00175293 -2.21114 -0.00318331 -0.00129826 0.999994 0.485803
0.989428 -0.144939 0.00493266 -19.3186 0.14493 0.98944 0.00201814 -2.28446 -0.00517308 -0.00128191 0.999986 0.504409
0.989873 -0.141854 0.00544708 -19.9505 0.141842 0.989886 0.00255661 -2.35955 -0.00575465 -0.0017581 0.999982 0.526005
0.990495 -0.137493 0.00386988 -20.6038 0.137483 0.990501 0.00261338 -2.45017 -0.00419244 -0.0020565 0.999989 0.552293
0.991149 -0.132741 0.00172479 -21.2831 0.132736 0.991148 0.00260581 -2.52859 -0.00205542 -0.00235381 0.999995 0.552755
0.991745 -0.128228 -0.000532482 -21.955 0.128228 0.991741 0.00272756 -2.60549 0.000178335 -0.00277333 0.999996 0.56362
0.992338 -0.123547 -0.00137829 -22.5992 0.12355 0.992335 0.00268187 -2.67343 0.00103639 -0.00283161 0.999995 0.595837
0.992911 -0.11886 -0.000248657 -23.2233 0.11886 0.992908 0.00228319 -2.74072 -2.44869e-05 -0.00229656 0.999997 0.630407
0.993508 -0.113739 0.0024952 -23.9089 0.113739 0.993511 0.000161092 -2.80406 -0.00249733 0.000123755 0.999997 0.657052
0.994331 -0.106196 0.00532133 -24.6094 0.106196 0.994345 0.000189597 -2.87753 -0.00531138 0.000376583 0.999986 0.656057
0.995121 -0.0985575 0.00461759 -25.2719 0.0985446 0.995128 0.00295261 -2.93025 -0.0048861 -0.00248317 0.999985 0.658395
0.995895 -0.0904573 0.00334344 -25.9602 0.0904437 0.995893 0.00402024 -2.97813 -0.00369337 -0.00370134 0.999986 0.672753
0.996689 -0.0812958 0.00148124 -26.6519 0.0812928 0.996688 0.00199659 -3.04475 -0.00163865 -0.00186956 0.999997 0.722239
0.997401 -0.0720047 0.00237249 -27.3532 0.0720104 0.997401 -0.00244054 -3.08898 -0.00219059 0.00260505 0.999994 0.760589
0.997927 -0.0640362 0.00641815 -28.0584 0.0640681 0.997933 -0.00490579 -3.10654 -0.00609074 0.00530682 0.999967 0.752783
0.998369 -0.0563427 0.0092136 -28.7598 0.0563897 0.998397 -0.00491653 -3.14054 -0.00892182 0.00542806 0.999945 0.760289
0.998828 -0.0476551 0.00847264 -29.461 0.0476906 0.998854 -0.00404069 -3.17407 -0.00827037 0.00444002 0.999956 0.785057
0.999226 -0.0388592 0.00606206 -30.1929 0.038886 0.999234 -0.00437478 -3.19166 -0.00588741 0.00460712 0.999972 0.822605
0.999539 -0.0301352 0.00367677 -30.926 0.0301563 0.999528 -0.00583422 -3.20907 -0.00349922 0.0059424 0.999976 0.836754
0.999763 -0.0214339 0.00369884 -31.6532 0.0214575 0.999749 -0.00646953 -3.2218 -0.00355925 0.00654737 0.999972 0.839184
0.999876 -0.0147584 0.00547614 -32.4019 0.014788 0.999876 -0.00540935 -3.21807 -0.00539563 0.00548966 0.99997 0.851764
0.99993 -0.00946608 0.00712592 -33.1672 0.00949192 0.999948 -0.00360115 -3.20029 -0.00709146 0.00366854 0.999968 0.890218
0.999965 -0.0049339 0.00669109 -33.9099 0.0049542 0.999983 -0.00302121 -3.1913 -0.00667607 0.00305425 0.999973 0.928392
0.999983 -0.000547412 0.00586489 -34.684 0.000566249 0.999995 -0.00321059 -3.19323 -0.0058631 0.00321385 0.999978 0.943419
0.999983 0.00416749 0.0041116 -35.4573 -0.00415477 0.999987 -0.00309805 -3.19505 -0.00412445 0.00308091 0.999987 0.946078
0.999959 0.00828562 0.00374036 -36.2404 -0.00827748 0.999963 -0.00218601 -3.17537 -0.00375834 0.00215496 0.999991 0.970374
0.999931 0.0109739 0.00415688 -37.0239 -0.0109671 0.999938 -0.00164951 -3.13944 -0.00417472 0.00160381 0.99999 1.01118
0.999906 0.0126492 0.0053253 -37.8297 -0.0126417 0.999919 -0.00143916 -3.13274 -0.00534308 0.0013717 0.999985 1.04085
0.999881 0.0140882 0.00625678 -38.6463 -0.0140842 0.999901 -0.000684416 -3.12385 -0.0062658 0.000596213 0.99998 1.04729
0.999857 0.0157563 0.00607994 -39.4524 -0.0157588 0.999876 0.000362483 -3.1062 -0.00607347 -0.000458244 0.999981 1.0648
0.999838 0.0170858 0.0057094 -40.264 -0.0170961 0.999852 0.00174782 -3.08019 -0.0056787 -0.00184515 0.999982 1.07917
0.999824 0.0177462 0.00608545 -41.0722 -0.0177689 0.999835 0.00370501 -3.06829 -0.00601869 -0.00381249 0.999975 1.10101
0.999803 0.0176199 0.00912963 -41.92 -0.0176726 0.999827 0.00573089 -3.0524 -0.00902708 -0.00589111 0.999942 1.11724
0.999772 0.0175154 0.0121751 -42.7676 -0.017611 0.999815 0.00778895 -3.03135 -0.0120365 -0.0080016 0.999896 1.1498
0.999755 0.017638 0.0133377 -43.6355 -0.0177555 0.999804 0.00874512 -3.01184 -0.0131808 -0.0089798 0.999873 1.2111
0.999798 0.0170235 0.0107058 -44.5095 -0.0170997 0.999829 0.00706109 -2.98625 -0.0105837 -0.00724273 0.999918 1.24205
0.999854 0.0161535 0.0056177 -45.3629 -0.0161866 0.999852 0.0058946 -2.98154 -0.00552164 -0.00598467 0.999967 1.2187
0.999883 0.0149045 0.00349963 -46.2398 -0.0149411 0.999831 0.0106742 -2.97321 -0.00333995 -0.0107253 0.999937 1.233
0.999907 0.013251 0.00323896 -47.1201 -0.0132981 0.999799 0.0149735 -2.9458 -0.0030399 -0.0150152 0.999883 1.30487
0.999912 0.0125259 0.00439009 -48.0295 -0.012582 0.999837 0.0129862 -2.91762 -0.00422671 -0.0130403 0.999906 1.37674
0.99992 0.0118159 0.00447015 -48.9263 -0.0118585 0.999883 0.00961995 -2.90676 -0.00435596 -0.00967219 0.999944 1.35972
0.999944 0.0103231 0.00226538 -49.8403 -0.0103422 0.99991 0.00856775 -2.90241 -0.00217673 -0.0085907 0.999961 1.35338
0.999965 0.00839591 -0.000297937 -50.7609 -0.00839222 0.999907 0.0107707 -2.88671 0.000388339 -0.0107679 0.999942 1.37539
0.999971 0.00748194 0.00122987 -51.6732 -0.00749576 0.999904 0.0116456 -2.87446 -0.00114262 -0.0116544 0.999931 1.40908
0.999958 0.00759975 0.00521528 -52.6007 -0.00766608 0.999888 0.0128193 -2.86419 -0.00511728 -0.0128587 0.999904 1.40684
0.999937 0.00722867 0.00852928 -53.5577 -0.0073776 0.999819 0.0175614 -2.8542 -0.00840078 -0.0176232 0.999809 1.43467
0.999931 0.00713887 0.00929569 -54.4936 -0.00731093 0.9998 0.0186091 -2.84917 -0.00916099 -0.0186758 0.999784 1.50292
0.999917 0.00731962 0.0105859 -55.4494 -0.00749935 0.999827 0.0170394 -2.83414 -0.0104594 -0.0171173 0.999799 1.51737
0.999927 0.00663192 0.0101049 -56.4594 -0.0067757 0.999875 0.0142616 -2.8246 -0.010009 -0.014329 0.999847 1.53857
0.999978 0.00622358 0.00211277 -57.4419 -0.00624368 0.999934 0.00964137 -2.80767 -0.00205262 -0.00965435 0.999951 1.57151
0.999951 0.00671818 -0.00723626 -58.4068 -0.00667593 0.999961 0.00584622 -2.81036 0.00727525 -0.00579762 0.999957 1.57556
0.999951 0.00752599 -0.00648061 -59.3723 -0.0075011 0.999964 0.00385714 -2.81352 0.00650941 -0.00380834 0.999972 1.60794
0.999958 0.00684203 0.0060398 -60.3789 -0.00686504 0.999969 0.00379728 -2.80481 -0.00601364 -0.00383858 0.999975 1.64193
0.999814 0.00546796 0.018486 -61.3828 -0.00554659 0.999976 0.00420483 -2.79481 -0.0184626 -0.00430658 0.99982 1.66095
0.999748 0.00471269 0.0219563 -62.3804 -0.00482363 0.999976 0.00500277 -2.78949 -0.0219322 -0.00510741 0.999746 1.69561
0.999856 0.00425865 0.0164399 -63.4138 -0.00435876 0.999972 0.00605843 -2.77252 -0.0164137 -0.00612922 0.999847 1.75398
0.99996 0.00357198 0.00820515 -64.4589 -0.0036373 0.999962 0.00795985 -2.76478 -0.00817641 -0.00798938 0.999935 1.7719
0.99999 0.00339415 0.0030456 -65.4969 -0.00342355 0.999947 0.00970209 -2.7476 -0.00301251 -0.00971242 0.999948 1.79398
0.999991 0.00357167 0.00228733 -66.5345 -0.00359402 0.999945 0.00984607 -2.74608 -0.00225204 -0.0098542 0.999949 1.85626
0.999971 0.00335184 0.00689008 -67.5812 -0.00340923 0.999959 0.0083344 -2.74711 -0.00686186 -0.00835764 0.999942 1.89437
0.999918 0.00354333 0.0123382 -68.6413 -0.0036281 0.99997 0.00685463 -2.72833 -0.0123135 -0.00689883 0.9999 1.91323
0.999873 0.00345472 0.0155614 -69.689 -0.00354095 0.999979 0.00551722 -2.72343 -0.015542 -0.00557163 0.999864 1.93144
0.999879 0.00414963 0.014979 -70.7691 -0.00421609 0.999981 0.00440831 -2.72897 -0.0149604 -0.00447093 0.999878 1.97316
0.999928 0.0045828 0.0110982 -71.8302 -0.00461285 0.999986 0.00268404 -2.72716 -0.0110858 -0.00273504 0.999935 2.01103
0.999952 0.00414566 0.00889479 -72.938 -0.00416172 0.99999 0.00178737 -2.70736 -0.00888729 -0.0018243 0.999959 2.04704
0.999952 0.0042194 0.00886666 -74.0368 -0.0042372 0.999989 0.00198958 -2.69685 -0.00885817 -0.00202706 0.999959 2.08524
0.99994 0.00459383 0.0099936 -75.1255 -0.00461694 0.999987 0.0022906 -2.69731 -0.00998294 -0.0023366 0.999947 2.12589
0.999936 0.00529693 0.00996425 -76.2008 -0.00532281 0.999983 0.00257286 -2.6904 -0.00995044 -0.00262574 0.999947 2.1391
0.999931 0.00561246 0.0103595 -77.3092 -0.0056393 0.999981 0.00256333 -2.68387 -0.0103449 -0.00262157 0.999943 2.18086
0.999921 0.00587189 0.0110866 -78.4192 -0.0059033 0.999979 0.00280297 -2.66094 -0.0110699 -0.00286819 0.999935 2.219
0.999926 0.00698143 0.00995577 -79.5137 -0.00701233 0.999971 0.0030724 -2.65176 -0.00993403 -0.00314198 0.999946 2.25954
0.999917 0.00806192 0.010094 -80.6557 -0.00808133 0.999966 0.00188378 -2.65232 -0.0100784 -0.0019652 0.999947 2.30044
0.999912 0.00932461 0.00948481 -81.8064 -0.00933271 0.999956 0.00081064 -2.63799 -0.00947684 -0.000899087 0.999955 2.33411
0.999884 0.0120672 0.00927246 -82.9424 -0.0120692 0.999927 0.000158115 -2.60598 -0.00926988 -0.000270008 0.999957 2.35435
0.99983 0.014979 0.010756 -84.0786 -0.0149909 0.999887 0.00102864 -2.5945 -0.0107394 -0.00118971 0.999942 2.40002
0.999764 0.017577 0.0127483 -85.2203 -0.0176073 0.999842 0.00227331 -2.55811 -0.0127064 -0.00249724 0.999916 2.44605
0.999715 0.0195505 0.0136782 -86.3585 -0.0195909 0.999804 0.00282486 -2.51842 -0.0136203 -0.00309202 0.999902 2.51609
0.999657 0.0220086 0.014226 -87.5219 -0.0220291 0.999757 0.00128586 -2.49224 -0.0141942 -0.00159881 0.999898 2.57012
0.99955 0.0253977 0.0159462 -88.6886 -0.025383 0.999677 -0.00112134 -2.47012 -0.0159696 0.000716072 0.999872 2.59966
0.999437 0.0290907 0.0167068 -89.8448 -0.029048 0.999574 -0.00279676 -2.4371 -0.016781 0.00230989 0.999857 2.62165
0.999326 0.0329122 0.0162754 -91.0085 -0.0328364 0.999449 -0.00490098 -2.39389 -0.0164277 0.00436325 0.999856 2.66985
0.999209 0.0372193 0.0140214 -92.1875 -0.0371486 0.999296 -0.00526362 -2.35096 -0.0142075 0.00473857 0.999888 2.71862
0.999085 0.0413109 0.0110904 -93.3684 -0.0412585 0.999136 -0.00491213 -2.3018 -0.0112837 0.00445006 0.999926 2.76522
0.998908 0.0452255 0.0116894 -94.5454 -0.0451744 0.998969 -0.00460371 -2.23777 -0.0118855 0.00407062 0.999921 2.80699
0.998715 0.0490211 0.0128892 -95.7237 -0.0489681 0.998791 -0.00439929 -2.17905 -0.0130893 0.00376247 0.999907 2.85983
0.998535 0.0527766 0.011951 -96.9209 -0.052722 0.998598 -0.00483797 -2.11448 -0.0121896 0.0042008 0.999917 2.90885
0.998324 0.0569048 0.0105446 -98.1275 -0.0568612 0.998372 -0.00438937 -2.03132 -0.0107772 0.00378243 0.999935 2.92156
0.998068 0.0612875 0.010179 -99.3424 -0.0612595 0.998117 -0.00303536 -1.93813 -0.0103459 0.00240594 0.999944 2.94187
0.997844 0.0648706 0.00997364 -100.558 -0.0648676 0.997894 -0.000629326 -1.85896 -0.00999346 -1.89966e-05 0.99995 2.98189
0.9976 0.0685345 0.00983303 -101.782 -0.0685911 0.99763 0.0055346 -1.76248 -0.00943041 -0.00619578 0.999936 3.02511
0.997278 0.0731218 0.00950803 -102.97 -0.0732093 0.997274 0.00920263 -1.66158 -0.0088092 -0.00987365 0.999912 3.10503
0.996972 0.0770304 0.0106786 -104.196 -0.0771151 0.996992 0.00775522 -1.56398 -0.0100491 -0.00855521 0.999913 3.15651
0.996669 0.0803095 0.014193 -105.446 -0.0803317 0.996768 0.000998364 -1.47061 -0.014067 -0.00213519 0.999899 3.21402
0.99631 0.0838441 0.0183485 -106.671 -0.0837418 0.996468 -0.00627226 -1.37764 -0.0188096 0.00471258 0.999812 3.24273
0.995915 0.0873377 0.022924 -107.894 -0.087116 0.996143 -0.0105029 -1.26824 -0.0237529 0.0084629 0.999682 3.26457
0.995542 0.0914758 0.0229872 -109.096 -0.0912744 0.995779 -0.00966544 -1.15766 -0.0237744 0.0075242 0.999689 3.30211
0.995193 0.0958635 0.0200317 -110.361 -0.0957288 0.995379 -0.00757787 -1.00712 -0.0206656 0.00562383 0.999771 3.39785
0.994909 0.0996306 0.0151374 -111.607 -0.0995252 0.995006 -0.00756809 -0.885458 -0.0158158 0.00602301 0.999857 3.46913
0.994626 0.102784 0.0124502 -112.852 -0.102673 0.994672 -0.00923969 -0.775837 -0.0133335 0.00791173 0.99988 3.52712
0.994233 0.106562 0.0120864 -114.028 -0.10643 0.994258 -0.0110884 -0.642682 -0.0131986 0.00973808 0.999865 3.54804
0.993813 0.110125 0.0144507 -115.236 -0.109947 0.993858 -0.0125308 -0.493638 -0.0157419 0.0108644 0.999817 3.58867
0.993319 0.113987 0.0179983 -116.471 -0.113776 0.99343 -0.0123474 -0.357667 -0.0192875 0.0102171 0.999762 3.65637
0.992799 0.118034 0.0204556 -117.696 -0.117834 0.992975 -0.0107293 -0.210318 -0.0215783 0.00824168 0.999733 3.70374
0.992359 0.121745 0.02002 -118.92 -0.121642 0.992554 -0.00629486 -0.0517187 -0.0206373 0.00381149 0.99978 3.77125
0.992059 0.124621 0.016988 -120.132 -0.124566 0.992202 -0.00428938 0.113559 -0.0173901 0.00213919 0.999846 3.85401
0.991623 0.128149 0.0161762 -121.344 -0.128097 0.991753 -0.00420581 0.275367 -0.0165818 0.00209845 0.99986 3.89564
0.99106 0.132301 0.0171926 -122.572 -0.132272 0.991209 -0.00285564 0.449534 -0.0174193 0.000556014 0.999848 3.94357
0.990536 0.136158 0.0173039 -123.81 -0.136134 0.990687 -0.00258393 0.629573 -0.0174945 0.000203842 0.999847 4.01608
0.990051 0.139446 0.0188035 -125.028 -0.139396 0.990229 -0.00394914 0.79668 -0.0191705 0.00128871 0.999815 4.04016
0.989378 0.143671 0.0221439 -126.21 -0.143605 0.989625 -0.00455456 0.96806 -0.0225685 0.00132621 0.999744 4.07655
0.988796 0.147494 0.0229641 -127.422 -0.147427 0.989062 -0.00458061 1.16415 -0.0233885 0.00114376 0.999726 4.15319
0.988264 0.151206 0.0216787 -128.671 -0.151132 0.988501 -0.00502244 1.35362 -0.0221889 0.00168714 0.999752 4.21898
0.987781 0.154482 0.0205739 -129.912 -0.154407 0.987994 -0.00522706 1.55028 -0.0211344 0.00198644 0.999775 4.27608
0.98719 0.158204 0.0206705 -131.131 -0.158127 0.987404 -0.00529897 1.74122 -0.0212484 0.00196252 0.999772 4.32071
0.986559 0.161969 0.0216051 -132.33 -0.161891 0.986794 -0.00533932 1.95601 -0.0221846 0.0017699 0.999752 4.35302
0.985909 0.165672 0.0231673 -133.56 -0.165593 0.98618 -0.00531862 2.17396 -0.0237282 0.00140735 0.999717 4.42181
0.985301 0.169336 0.0225289 -134.797 -0.169246 0.985556 -0.00585816 2.39354 -0.0231955 0.00195914 0.999729 4.49385
0.984652 0.173081 0.0224294 -136.02 -0.172988 0.984905 -0.00603813 2.59201 -0.0231359 0.00206544 0.99973 4.55121
0.98399 0.176685 0.0233494 -137.235 -0.176584 0.984265 -0.00634395 2.81627 -0.0241029 0.00211925 0.999707 4.59249
0.983374 0.179967 0.0242357 -138.464 -0.179897 0.983672 -0.00507492 3.05798 -0.0247533 0.000630621 0.999693 4.65423
0.982694 0.183698 0.0238155 -139.718 -0.183637 0.982983 -0.0047327 3.30878 -0.0242796 0.00027739 0.999705 4.72959
0.981964 0.187648 0.0231517 -140.922 -0.187584 0.982236 -0.00490815 3.53484 -0.0236615 0.000476735 0.99972 4.79541
0.98119 0.191588 0.0236914 -142.163 -0.191516 0.981475 -0.00529332 3.76733 -0.0242667 0.000656474 0.999705 4.86335
0.980452 0.195287 0.024015 -143.419 -0.195229 0.980746 -0.00476412 4.02208 -0.0244829 -1.74238e-05 0.9997 4.91899
0.979803 0.198718 0.0222838 -144.672 -0.198677 0.980057 -0.00408138 4.28343 -0.0226504 -0.000428318 0.999743 4.99449
0.979102 0.202271 0.0211145 -145.921 -0.202252 0.979329 -0.00302953 4.5528 -0.0212908 -0.00130423 0.999772 5.06352
0.97827 0.206092 0.0226745 -147.162 -0.206089 0.97853 -0.0024877 4.82329 -0.0227004 -0.00223933 0.99974 5.12643
0.977453 0.209689 0.0248117 -148.397 -0.20965 0.977768 -0.00419694 5.0971 -0.0251401 -0.00109946 0.999683 5.19733
0.976506 0.213738 0.0274354 -149.643 -0.213678 0.976891 -0.0051138 5.35854 -0.0278944 -0.000868697 0.99961 5.23648
0.975582 0.21802 0.026581 -150.873 -0.217967 0.975944 -0.00492166 5.64081 -0.0270145 -0.000992296 0.999635 5.27793
0.974778 0.221959 0.0232581 -152.124 -0.221921 0.975055 -0.00425432 5.93756 -0.0236222 -0.00101444 0.99972 5.34306
0.973748 0.226603 0.0215759 -153.393 -0.226555 0.973987 -0.00468903 6.23583 -0.0220772 -0.000322178 0.999756 5.43271
0.972481 0.231918 0.0222499 -154.631 -0.231822 0.972734 -0.00682776 6.5331 -0.0232267 0.00148184 0.999729 5.50814
0.97123 0.236878 0.0245206 -155.853 -0.236736 0.971536 -0.00856083 6.82542 -0.0258506 0.00250961 0.999663 5.55838
0.970094 0.241345 0.0258706 -157.102 -0.24114 0.97043 -0.0108362 7.13472 -0.0277209 0.00427374 0.999607 5.62851
0.968944 0.245864 0.0264099 -158.373 -0.245616 0.969289 -0.0123164 7.44171 -0.028627 0.00544718 0.999575 5.684
0.967703 0.250794 0.0255466 -159.629 -0.250563 0.968027 -0.0119348 7.7749 -0.027723 0.00514827 0.999602 5.72301
0.966395 0.255879 0.0246311 -160.874 -0.255708 0.966703 -0.00990894 8.128 -0.0263465 0.00327757 0.999647 5.78504
0.965117 0.260753 0.0235975 -162.127 -0.26063 0.965404 -0.0082168 8.47423 -0.0249237 0.00177996 0.999688 5.88157
0.963775 0.265609 0.0243025 -163.37 -0.265535 0.964081 -0.00626483 8.82481 -0.0250936 -0.000415282 0.999685 5.95418
0.96232 0.270698 0.0257428 -164.619 -0.270623 0.962664 -0.00639601 9.18787 -0.0265131 -0.000811592 0.999648 6.02614
0.960848 0.275944 0.0250431 -165.844 -0.275824 0.961173 -0.0081971 9.52977 -0.0263327 0.00096868 0.999653 6.08153
0.959682 0.279996 0.0247546 -167.09 -0.279824 0.959997 -0.0102301 9.89144 -0.0266287 0.00289075 0.999641 6.14723
0.958491 0.283936 0.0259784 -168.321 -0.283746 0.958838 -0.0108168 10.2611 -0.0279804 0.00299656 0.999604 6.22638
0.957586 0.286793 0.0279247 -169.554 -0.286543 0.957984 -0.0126464 10.6251 -0.0303783 0.00410836 0.99953 6.32105
0.956832 0.2891 0.029894 -170.765 -0.288784 0.957284 -0.0145144 11.0088 -0.0328132 0.00525492 0.999448 6.38601
0.955813 0.29255 0.0289318 -171.965 -0.292205 0.956229 -0.0155861 11.3755 -0.0322251 0.00644339 0.99946 6.42666
0.954942 0.295669 0.0258081 -173.193 -0.29541 0.955276 -0.013423 11.7519 -0.0286227 0.00519417 0.999577 6.48233
0.953747 0.299749 0.0227338 -174.407 -0.299593 0.954014 -0.0100359 12.1423 -0.0246966 0.00276079 0.999691 6.56781
0.952523 0.303683 0.0218388 -175.61 -0.303565 0.952772 -0.00856985 12.5453 -0.02341 0.00153346 0.999725 6.636
0.951106 0.307827 0.0252929 -176.832 -0.307687 0.951442 -0.00934957 12.9363 -0.0269427 0.00111015 0.999636 6.70607
0.94929 0.312883 0.0308725 -178.024 -0.312697 0.949792 -0.0107897 13.3272 -0.0326983 0.000588806 0.999465 6.77693
0.947669 0.317674 0.0317287 -179.225 -0.317483 0.9482 -0.0110118 13.7325 -0.0335833 0.000362201 0.999436 6.84846
0.94619 0.322469 0.027163 -180.433 -0.322244 0.946575 -0.0124097 14.1492 -0.0297135 0.0029888 0.999554 6.93325
0.94482 0.32662 0.0251818 -181.649 -0.326323 0.945136 -0.0152346 14.5616 -0.0287762 0.00617654 0.999567 6.97607
0.942861 0.332003 0.0280655 -182.83 -0.331716 0.943268 -0.0144739 14.9706 -0.0312786 0.00433709 0.999501 7.04409
0.940086 0.339251 0.0338665 -184.017 -0.338934 0.940693 -0.0148634 15.3972 -0.0369004 0.00249437 0.999316 7.12479
0.937389 0.346173 0.0382974 -185.223 -0.345937 0.93817 -0.0128359 15.8596 -0.0403729 -0.00121626 0.999184 7.19447
0.935062 0.352385 0.0385214 -186.41 -0.352251 0.935847 -0.0104448 16.3326 -0.0397307 -0.00380263 0.999203 7.28308
0.932974 0.357982 0.0375189 -187.598 -0.357907 0.933714 -0.00893916 16.8096 -0.038232 -0.00508828 0.999256 7.36901
0.930475 0.364542 0.0364123 -188.769 -0.364487 0.931171 -0.0083699 17.2769 -0.0369572 -0.00548382 0.999302 7.44881
0.927793 0.371564 0.0337852 -189.936 -0.371577 0.928382 -0.00611719 17.7488 -0.0336385 -0.00687831 0.99941 7.52714
0.925115 0.378513 0.0298211 -191.126 -0.378536 0.925573 -0.00511655 18.2301 -0.0295383 -0.00655496 0.999542 7.59406
0.922517 0.384816 0.029662 -192.316 -0.384854 0.922966 -0.00464313 18.7309 -0.0291638 -0.0071322 0.999549 7.66617
0.919857 0.390924 0.0322607 -193.497 -0.391011 0.920378 -0.00382798 19.2394 -0.0311885 -0.00909309 0.999472 7.72807
0.917788 0.395639 0.0336854 -194.68 -0.395765 0.918346 -0.00310498 19.7655 -0.0321633 -0.0104818 0.999428 7.80426
0.916201 0.399263 0.0341385 -195.862 -0.399372 0.916781 -0.00385083 20.2844 -0.032835 -0.0101058 0.99941 7.8782
0.914466 0.403034 0.0362604 -197.043 -0.403093 0.915139 -0.0059877 20.8091 -0.0355966 -0.00914079 0.999324 7.95966
0.912538 0.40714 0.0388679 -198.202 -0.407098 0.913337 -0.00934327 21.3275 -0.0393035 -0.00729696 0.999201 8.0405
0.910478 0.411839 0.0376612 -199.387 -0.411727 0.91124 -0.0110609 21.8438 -0.0388738 -0.00543541 0.999229 8.12088
0.908566 0.416368 0.0338405 -200.575 -0.416186 0.909192 -0.0125922 22.4034 -0.0360105 -0.00264305 0.999348 8.20885
0.906707 0.420555 0.0318674 -201.737 -0.420365 0.907265 -0.0127752 22.96 -0.0342849 -0.00181257 0.99941 8.26528
0.90486 0.42445 0.0327302 -202.893 -0.424303 0.905445 -0.0116412 23.5068 -0.0345765 -0.00335389 0.999396 8.32923
0.902905 0.42853 0.0335301 -204.043 -0.42841 0.903517 -0.0110672 24.0433 -0.0350376 -0.00437196 0.999376 8.41868
0.900898 0.432659 0.0344694 -205.215 -0.432575 0.90154 -0.0102531 24.6008 -0.0355116 -0.00567361 0.999353 8.48974
0.899099 0.436246 0.0362112 -206.391 -0.43619 0.899801 -0.00985524 25.1775 -0.0368822 -0.00693413 0.999296 8.57673
0.896997 0.440537 0.0363739 -207.537 -0.440461 0.89771 -0.0104922 25.7582 -0.0372754 -0.00660987 0.999283 8.65893
0.895039 0.444585 0.035349 -208.697 -0.444455 0.895722 -0.0119058 26.3295 -0.036956 -0.00505483 0.999304 8.73444
0.89298 0.448664 0.0358819 -209.862 -0.448502 0.893689 -0.0128994 26.9156 -0.0378548 -0.00457418 0.999273 8.80453
0.890644 0.453245 0.0363675 -211.005 -0.453017 0.89138 -0.01475 27.5094 -0.0391026 -0.00333812 0.99923 8.89148
0.888767 0.456915 0.0363595 -212.152 -0.456646 0.889507 -0.0158623 28.1077 -0.0395898 -0.00250553 0.999213 8.96007
0.887169 0.460096 0.0352577 -213.301 -0.459822 0.887867 -0.0160028 28.7074 -0.0386669 -0.00201512 0.99925 9.04644
0.885973 0.462576 0.0327786 -214.474 -0.462401 0.886573 -0.0131868 29.3114 -0.0351605 -0.0034737 0.999376 9.12484
0.884223 0.466099 0.030005 -215.611 -0.466034 0.884715 -0.00957688 29.9232 -0.0310096 -0.00551523 0.999504 9.17251
0.88214 0.470084 0.0291505 -216.753 -0.470059 0.882598 -0.00810512 30.5462 -0.0295382 -0.0065526 0.999542 9.25896
0.879897 0.47405 0.0325293 -217.887 -0.474046 0.880461 -0.00832472 31.1831 -0.0325871 -0.00809548 0.999436 9.34803
0.877836 0.477345 0.0393082 -219.021 -0.477286 0.878673 -0.0114911 31.7998 -0.0400243 -0.00867395 0.999161 9.43206
0.875662 0.480821 0.0450193 -220.163 -0.480747 0.87676 -0.0131738 32.4268 -0.0458054 -0.0101071 0.998899 9.50722
0.873884 0.483989 0.0456272 -221.317 -0.483923 0.875011 -0.0132155 33.0523 -0.0463205 -0.0105312 0.998871 9.58593
0.871954 0.487741 0.0424817 -222.455 -0.487822 0.872895 -0.00912068 33.6938 -0.0415306 -0.0127707 0.999056 9.66826
0.87008 0.491588 0.0360916 -223.587 -0.491776 0.870712 -0.00408451 34.3576 -0.0334332 -0.0141951 0.99934 9.75551
0.868308 0.494944 0.0327293 -224.727 -0.495178 0.868791 -0.00107974 35.0099 -0.0289694 -0.0152693 0.999464 9.83734
0.86643 0.497975 0.0363299 -225.838 -0.498228 0.867043 -0.00236078 35.6733 -0.0326752 -0.0160551 0.999337 9.91618
0.863928 0.501816 0.0425258 -226.948 -0.502092 0.864801 -0.00470153 36.3299 -0.0391357 -0.0172901 0.999084 9.98952
0.861217 0.506261 0.0447774 -228.07 -0.506562 0.862188 -0.00518787 36.9941 -0.041233 -0.0182147 0.998984 10.0686
0.859502 0.50927 0.043591 -229.221 -0.509583 0.86041 -0.00444263 37.6691 -0.0397686 -0.0183948 0.99904 10.1515
0.8578 0.512438 0.0398372 -230.348 -0.512722 0.858547 -0.00349423 38.3407 -0.0359927 -0.0174281 0.9992 10.2373
0.855674 0.516051 0.0388992 -231.434 -0.51633 0.856383 -0.00326507 39.0117 -0.0349976 -0.017291 0.999238 10.2957
0.853398 0.519764 0.0394748 -232.555 -0.520056 0.854126 -0.00327894 39.699 -0.0354208 -0.0177309 0.999215 10.3858
0.851002 0.523442 0.0424715 -233.696 -0.52368 0.851892 -0.00620054 40.4156 -0.0394267 -0.0169648 0.999078 10.4901
0.848607 0.527052 0.0456366 -234.786 -0.527177 0.849694 -0.0102229 41.0882 -0.0441651 -0.0153834 0.998906 10.5871
0.846435 0.53034 0.0478132 -235.883 -0.530375 0.847663 -0.0129975 41.7703 -0.0474226 -0.0143574 0.998772 10.6444
0.84434 0.533599 0.0485983 -236.991 -0.533656 0.845604 -0.0128907 42.4873 -0.0479733 -0.0150506 0.998735 10.7357
0.842249 0.537134 0.0458652 -238.09 -0.537315 0.84333 -0.0093478 43.205 -0.0437005 -0.0167709 0.998904 10.8187
0.840257 0.540713 0.0399807 -239.2 -0.540945 0.841039 -0.00567804 43.9245 -0.0366955 -0.0168563 0.999184 10.9144
0.838485 0.543693 0.0366244 -240.301 -0.543863 0.839152 -0.00601664 44.6311 -0.0340047 -0.0148738 0.999311 11.0251
0.836244 0.547062 0.0376891 -241.378 -0.547137 0.836993 -0.00919539 45.3512 -0.0365759 -0.0129315 0.999247 11.0908
0.833906 0.55039 0.0408892 -242.459 -0.550346 0.83483 -0.0133481 46.0718 -0.0414822 -0.0113721 0.999075 11.1549
0.831842 0.553313 0.0433978 -243.558 -0.55338 0.832849 -0.011546 46.8224 -0.0425324 -0.014411 0.998991 11.2014
0.830046 0.555986 0.043619 -244.662 -0.556331 0.830946 -0.00491976 47.5471 -0.0389803 -0.0201829 0.999036 11.2991
0.82872 0.558045 0.0425275 -245.719 -0.558516 0.829493 -0.000960106 48.2694 -0.0358121 -0.0229566 0.999095 11.4445
0.827507 0.559968 0.0408568 -246.774 -0.560276 0.828293 -0.0045253 48.9961 -0.0363754 -0.0191464 0.999155 11.5432
0.826242 0.561918 0.039654 -247.855 -0.562062 0.827052 -0.00847156 49.7167 -0.0375562 -0.0152884 0.999178 11.5793
0.824597 0.564358 0.0392283 -248.912 -0.564522 0.825381 -0.00781854 50.4323 -0.0367908 -0.0156981 0.9992 11.6257
0.822855 0.566626 0.0429454 -249.943 -0.566855 0.82378 -0.00780054 51.1644 -0.0397976 -0.0179251 0.999047 11.7275
0.821383 0.568274 0.0489377 -251.004 -0.568589 0.822577 -0.00858867 51.9098 -0.0451358 -0.0207709 0.998765 11.8379
0.819543 0.570615 0.052417 -252.043 -0.571079 0.820864 -0.00712514 52.6502 -0.047093 -0.0240949 0.9986 11.9412
0.818163 0.572776 0.0503606 -253.091 -0.573293 0.819336 -0.00493021 53.3964 -0.0440862 -0.0248377 0.998719 12.0104
0.816817 0.574649 0.0508791 -254.119 -0.575394 0.817877 -3.83695e-06 54.1054 -0.041615 -0.0292724 0.998705 12.0749
0.815109 0.576765 0.054214 -255.12 -0.577629 0.816299 0.000347168 54.8372 -0.0440546 -0.0315986 0.998529 12.2105
0.813605 0.579317 0.0493741 -256.159 -0.579927 0.814665 -0.00238325 55.6031 -0.041604 -0.0266944 0.998778 12.3044
0.81228 0.581883 0.040169 -257.185 -0.582247 0.813006 -0.00318019 56.344 -0.0345081 -0.020805 0.999188 12.3397
0.810626 0.584399 0.0369177 -258.195 -0.584637 0.811279 -0.0051347 57.069 -0.0329513 -0.0174211 0.999305 12.4055
0.808183 0.587266 0.0442531 -259.226 -0.587362 0.809233 -0.0121821 57.7983 -0.0429652 -0.0161472 0.998946 12.5123
0.805574 0.590149 0.0526777 -260.24 -0.590065 0.807137 -0.0188008 58.5242 -0.0536134 -0.0159378 0.998435 12.6147
0.803851 0.592142 0.0564955 -261.241 -0.592005 0.805662 -0.0209338 59.2783 -0.0579121 -0.016618 0.998183 12.7054
