1 0 0 0 0 1 0 0 0 0 1 0
1 -6.2226e-05 -8.85328e-05 0.00549282 6.22281e-05 1 2.4458e-05 0.000800485 8.85312e-05 -2.44635e-05 1 -0.000637437
1 -0.000117666 -8.52129e-05 0.00876524 0.000117665 1 -1.92988e-05 0.00295544 8.52152e-05 1.92888e-05 1 -5.87057e-05
1 -4.37128e-05 -6.3459e-05 0.00485644 4.3709e-05 1 -6.1077e-05 -0.0017716 6.34617e-05 6.10742e-05 1 0.000698095
1 5.20952e-05 -8.08085e-05 0.00416313 -5.20877e-05 1 9.30864e-05 -0.00159497 8.08133e-05 -9.30822e-05 1 0.000469097
1 -1.01618e-05 -1.35961e-05 0.00398687 1.01624e-05 1 4.27199e-05 -0.00140854 1.35957e-05 -4.272e-05 1 -2.47328e-05
1 -6.27829e-06 -1.99572e-05 0.00900852 6.27616e-06 1 -0.000106935 0.000877319 1.99579e-05 0.000106934 1 -2.67711e-05
1 -2.70578e-05 -9.7961e-05 0.00603419 2.70565e-05 1 -1.29154e-05 0.00235635 9.79614e-05 1.29128e-05 1 0.00112907
1 -5.95904e-05 -6.85078e-05 0.00703283 5.95914e-05 1 1.5094e-05 0.00092115 6.85069e-05 -1.50981e-05 1 0.000796259
1 -5.43437e-05 4.41494e-06 0.00671039 5.43437e-05 1 -7.46833e-08 0.000702332 -4.41493e-06 7.49232e-08 1 -0.00240851
1 -5.22055e-05 3.11713e-06 0.00162324 5.22058e-05 1 -9.79092e-05 0.00344025 -3.11202e-06 9.79094e-05 1 -0.000921591
1 -4.79295e-05 -5.03052e-05 0.00615554 4.79309e-05 1 2.85351e-05 0.00241449 5.03038e-05 -2.85375e-05 1 0.00134169
1 -6.14679e-05 -9.07423e-05 0.00863297 6.14689e-05 1 1.1495e-05 0.000829941 9.07416e-05 -1.15005e-05 1 0.000274882
1 -4.58893e-06 -3.71398e-05 0.00390574 4.58722e-06 1 -4.6075e-05 0.000304828 3.714e-05 4.60748e-05 1 0.000200963
1 7.9796e-05 -9.13729e-05 0.00513823 -7.97917e-05 1 4.75655e-05 -0.000338988 9.13767e-05 -4.75582e-05 1 0.00270438
1 -3.10598e-05 -9.72036e-05 0.00498215 3.10637e-05 1 4.06528e-05 0.00133247 9.72023e-05 -4.06558e-05 1 0.00253458
1 -6.46624e-05 -9.49401e-05 0.0115521 6.46689e-05 1 6.74811e-05 0.000994387 9.49357e-05 -6.74872e-05 1 -0.000490231
1 -5.64575e-05 -5.38653e-05 0.00827929 5.64573e-05 1 -4.92052e-06 0.0027131 5.38656e-05 4.91748e-06 1 -0.00124813
1 -2.04593e-05 -5.85685e-05 0.00420101 2.04576e-05 1 -3.00812e-05 0.00342597 5.85691e-05 3.008e-05 1 -0.000116531
1 5.29133e-05 -3.27198e-05 0.00634806 -5.29127e-05 1 2.10181e-05 -0.00255603 3.27209e-05 -2.10164e-05 1 -0.000811237
1 -2.25826e-05 -9.43874e-05 0.00294158 2.2592e-05 1 9.94922e-05 -0.00151946 9.43852e-05 -9.94944e-05 1 0.00181845
1 -6.43049e-05 -0.000103946 0.00341649 6.43156e-05 1 0.000102949 0.00368241 0.00010394 -0.000102956 1 0.00160376
1 -7.6433e-05 -9.10559e-05 0.00850047 7.64336e-05 1 6.93685e-06 0.00368471 9.10554e-05 -6.94381e-06 1 0.00160396
1 -3.03665e-05 -6.90514e-05 0.00665349 3.03635e-05 1 -4.2746e-05 0.00202408 6.90527e-05 4.2744e-05 1 0.000829292
1 2.47262e-06 -3.03245e-05 0.00350222 -2.47291e-06 1 -9.53908e-06 0.00139458 3.03245e-05 9.53916e-06 1 0.000226391
1 3.39569e-05 -8.10135e-05 0.0036651 -3.39603e-05 1 -4.1531e-05 0.000684443 8.10121e-05 4.15338e-05 1 0.00167155
1 -5.73467e-05 -5.58078e-05 0.002157 5.73514e-05 1 8.47114e-05 0.00058251 5.58029e-05 -8.47146e-05 1 0.00118513
1 -0.000144865 -6.42748e-05 0.00455208 0.000144865 1 6.75533e-06 0.0021017 6.42738e-05 -6.76464e-06 1 0.00244975
1 -1.37078e-05 -4.80643e-05 0.00680983 1.37065e-05 1 -2.66158e-05 0.00180356 4.80647e-05 2.66151e-05 1 0.00171036
1 1.10026e-05 -3.65263e-05 0.00161384 -1.10052e-05 1 -7.12283e-05 0.00190882 3.65256e-05 7.12287e-05 1 0.00142702
1 -1.65422e-05 -5.01651e-05 0.00373984 1.65425e-05 1 6.50539e-06 0.000163204 5.0165e-05 -6.50622e-06 1 0.000802632
1 -7.2879e-05 -8.5298e-05 0.0073917 7.28819e-05 1 3.42326e-05 -0.000805857 8.52955e-05 -3.42389e-05 1 0.00149679
1 -6.41506e-06 -6.73061e-05 0.00305176 6.41557e-06 1 7.57331e-06 -0.0013686 6.73061e-05 -7.57374e-06 1 0.000551506
1 -3.82605e-05 -8.84069e-05 0.00283483 3.826e-05 1 -5.81506e-06 0.00127883 8.84071e-05 5.81168e-06 1 0.00167887
1 -2.18191e-05 -8.19017e-05 0.00638361 2.18248e-05 1 6.93109e-05 -0.000793488 8.19002e-05 -6.93127e-05 1 0.00197805
1 -0.000118341 -0.000116462 0.00745428 0.000118351 1 8.166e-05 0.00403013 0.000116452 -8.16738e-05 1 0.00263522
1 -6.27383e-05 -9.9265e-05 0.00498679 6.27344e-05 1 -3.93511e-05 0.0037626 9.92675e-05 3.93448e-05 1 0.00324228
1 1.23417e-05 -0.00010231 0.00442346 -1.2341e-05 1 7.0636e-06 0.00114978 0.00010231 -7.06233e-06 1 0.00290986
1 -1.75989e-06 -0.000101279 0.00713718 1.76648e-06 1 6.50476e-05 0.00207169 0.000101279 -6.50478e-05 1 0.00314146
1 -4.0142e-05 -0.000100927 0.00135042 4.01406e-05 1 -1.35283e-05 0.003263 0.000100927 1.35242e-05 1 0.00190139
1 -4.83292e-05 -9.78325e-05 0.00521819 4.83368e-05 1 7.70356e-05 0.00127022 9.78288e-05 -7.70403e-05 1 0.0027127
1 -5.11063e-05 -2.64953e-05 0.00469162 5.11062e-05 1 -3.28055e-06 0.000695753 2.64954e-05 3.2792e-06 1 -0.000160733
1 -3.32603e-05 -4.90233e-05 0.0059242 3.3258e-05 1 -4.55207e-05 0.00461749 4.90248e-05 4.55191e-05 1 0.00155735
1 1.77896e-05 -8.14455e-05 0.00684685 -1.7789e-05 1 6.27902e-06 -0.00167094 8.14456e-05 -6.27757e-06 1 0.00117772
1 -7.22258e-05 -8.72704e-05 0.00772764 7.22257e-05 1 -1.12981e-06 0.00280148 8.72705e-05 1.12351e-06 1 0.000961658
1 -4.06658e-05 -4.9063e-05 0.00578793 4.06629e-05 1 -5.92506e-05 0.00147316 4.90655e-05 5.92486e-05 1 0.000351421
1 -4.70776e-05 -4.51621e-05 0.00493861 4.70735e-05 1 -9.1056e-05 0.00398117 4.51664e-05 9.10539e-05 1 0.00208641
1 -4.18262e-05 -6.88532e-05 0.00551768 4.18275e-05 1 1.98443e-05 0.00106171 6.88524e-05 -1.98472e-05 1 0.00150859
1 1.46914e-05 -6.18707e-05 0.00531934 -1.46837e-05 1 0.0001253 -0.00221892 6.18725e-05 -0.000125299 1 0.000743393
1 -4.95176e-05 -5.55129e-05 0.0079624 4.95154e-05 1 -4.07005e-05 -0.000147333 5.55149e-05 4.06978e-05 1 -0.000203093
1 -9.16182e-05 -5.40035e-05 0.00631164 9.16145e-05 1 -6.82521e-05 0.0039579 5.40097e-05 6.82472e-05 1 -2.34277e-05
1 -6.55523e-05 -9.46781e-05 0.00495285 6.55522e-05 1 -3.87855e-07 0.0039099 9.46781e-05 3.81649e-07 1 0.00202605
1 -2.55746e-05 -8.71123e-05 0.00332848 2.55779e-05 1 3.77461e-05 -0.000506819 8.71113e-05 -3.77483e-05 1 0.00265038
1 -0.000113089 -0.00010592 0.00668254 0.000113089 1 -3.9423e-06 0.00531988 0.000105921 3.93032e-06 1 0.00298118
1 -6.54873e-05 -9.49076e-05 0.0055333 6.54845e-05 1 -2.9406e-05 0.00261592 9.49095e-05 2.93998e-05 1 0.00198899
1 -6.35854e-06 -0.000107241 0.00790139 6.35565e-06 1 -2.69392e-05 -0.0015059 0.000107241 2.69385e-05 1 0.00272624
1 -5.44419e-05 -7.41276e-05 0.00643855 5.44391e-05 1 -3.75775e-05 0.00264233 7.41296e-05 3.75734e-05 1 0.00137504
1 -2.89277e-05 -8.00103e-05 0.00669146 2.89262e-05 1 -1.93199e-05 0.0028311 8.00109e-05 1.93176e-05 1 0.0016154
1 -3.08832e-05 -7.83857e-05 0.00669197 3.0887e-05 1 4.79883e-05 -0.000779451 7.83842e-05 -4.79907e-05 1 0.00175159
1 -4.58101e-05 -6.4561e-05 0.00573537 4.58073e-05 1 -4.39523e-05 0.000298741 6.4563e-05 4.39493e-05 1 0.000973643
1 1.20655e-05 -5.30872e-05 0.00651423 -1.2065e-05 1 1.00527e-05 1.88865e-05 5.30874e-05 -1.00521e-05 1 -0.00011334
1 -8.38906e-05 -0.000144692 0.0146274 8.38943e-05 1 2.54829e-05 0.00255372 0.00014469 -2.5495e-05 1 0.00427367
1 -0.000280848 -7.90255e-05 0.019427 0.000280853 1 6.64057e-05 0.00831639 7.90068e-05 -6.64278e-05 1 0.00603759
1 -0.000202572 -2.03212e-05 0.0257328 0.000202573 1 8.37415e-05 0.00800713 2.03043e-05 -8.37456e-05 1 0.00740882
1 -4.89668e-05 -3.87569e-06 0.0129079 4.89675e-05 1 0.000164863 0.000981356 3.86762e-06 -0.000164863 1 0.00461792
1 8.51978e-05 -3.74956e-05 -0.00230329 -8.51991e-05 1 -3.4307e-05 -0.00113942 3.74927e-05 3.43102e-05 1 0.00466882
1 -2.58459e-05 -2.64732e-05 -0.0140222 2.58455e-05 1 -1.38292e-05 0.00323336 2.64735e-05 1.38286e-05 1 0.00374081
1 -6.2417e-05 -4.68423e-05 -0.0263178 6.24188e-05 1 3.95805e-05 0.000385994 4.68398e-05 -3.95834e-05 1 0.00336689
1 -0.000144445 -0.000116862 -0.0394452 0.000144438 1 -5.54875e-05 -0.000256326 0.00011687 5.54706e-05 1 0.00664877
1 -0.000246421 1.86945e-06 -0.0535915 0.000246421 1 -1.23074e-05 0.00210702 -1.86641e-06 1.23079e-05 1 0.00515163
1 -0.000313378 -1.43167e-05 -0.0776921 0.000313379 1 1.43095e-05 0.00577692 1.43122e-05 -1.4314e-05 1 0.00839977
1 -0.000471754 -5.65523e-05 -0.0935205 0.00047176 1 0.00011157 0.00743355 5.64996e-05 -0.000111596 1 0.00686892
1 -0.000431391 -6.69235e-05 -0.125908 0.000431382 1 -0.00012579 0.00787879 6.69777e-05 0.000125761 1 0.00791094
1 -0.000387554 -2.26228e-05 -0.153849 0.000387553 1 -2.24716e-05 0.00623566 2.26315e-05 2.24629e-05 1 0.00729733
1 -0.000272336 4.73464e-05 -0.177549 0.000272335 1 2.01656e-05 -0.00448112 -4.73519e-05 -2.01527e-05 1 0.00534143
1 -0.000463001 0.000132745 -0.227463 0.000462974 1 0.000203428 -0.00509572 -0.00013284 -0.000203366 1 0.00419374
1 -0.000385977 0.000191149 -0.27516 0.000385915 1 0.000321192 -0.00509324 -0.000191273 -0.000321118 1 0.00786518
1 -0.00034333 0.000163466 -0.315912 0.000343263 1 0.000408576 -0.000107883 -0.000163607 -0.00040852 1 0.0136734
1 -0.000635391 0.000479653 -0.365953 0.000635334 1 0.000117601 0.0106298 -0.000479728 -0.000117296 1 0.0125008
0.999999 -0.000818014 0.000663095 -0.40863 0.000818092 1 -0.000117141 0.0104315 -0.000662999 0.000117683 1 0.0105024
0.999999 -0.000801466 0.000805331 -0.449273 0.000801593 1 -0.000156354 0.00804538 -0.000805206 0.000156999 1 0.0155996
0.999999 -0.000847501 0.000752367 -0.507423 0.000847138 1 0.000483904 0.00241026 -0.000752777 -0.000483267 1 0.0149453
0.999999 -0.000847531 0.000548821 -0.574226 0.00084733 1 0.000365949 0.00936933 -0.000549131 -0.000365484 1 0.0206184
0.999999 -0.000706226 0.000749537 -0.68266 0.000705992 1 0.000313401 0.00578314 -0.000749758 -0.000312871 1 0.0177144
1 -0.000437511 0.000772496 -0.754624 0.000437259 1 0.000325609 0.00755994 -0.000772638 -0.000325271 1 0.0262224
0.999999 -0.000582098 0.000907446 -0.839019 0.00058144 1 0.000725661 0.00356502 -0.000907868 -0.000725133 0.999999 0.0235587
0.999999 -0.000680418 0.000986051 -0.941893 0.000679883 1 0.000543122 0.0112107 -0.00098642 -0.000542452 0.999999 0.0348838
0.999999 -0.000652534 0.0012418 -1.05524 0.000651364 0.999999 0.000942005 0.015093 -0.00124242 -0.000941195 0.999999 0.0291132
0.999999 -0.000627825 0.00143862 -1.16325 0.000626406 0.999999 0.000986788 0.0126936 -0.00143924 -0.000985886 0.999998 0.025021
0.999999 -0.000530221 0.00143769 -1.27356 0.000529041 1 0.000821434 0.0137424 -0.00143813 -0.000820673 0.999999 0.0303294
0.999999 -0.000740006 0.00128841 -1.39962 0.000738542 0.999999 0.00113605 0.0149352 -0.00128925 -0.0011351 0.999999 0.0364168
0.999999 -0.00061418 0.00146367 -1.54221 0.000612 0.999999 0.00148891 0.0160358 -0.00146458 -0.00148801 0.999998 0.0409045
0.999998 -0.000767241 0.00174364 -1.68939 0.000764566 0.999999 0.00153431 0.00764319 -0.00174482 -0.00153298 0.999997 0.04742
0.999998 -0.0005183 0.00198765 -1.85608 0.000514891 0.999998 0.00171496 0.0109135 -0.00198854 -0.00171394 0.999997 0.0450667
0.999998 -0.000620041 0.00212069 -1.9931 0.000614947 0.999997 0.00240208 0.0162118 -0.00212218 -0.00240077 0.999995 0.0453216
0.999997 -0.00063269 0.00249919 -2.14561 0.000626875 0.999997 0.00232697 0.00679862 -0.00250065 -0.00232539 0.999994 0.0483741
0.999996 -0.000388989 0.00279091 -2.33217 0.000379731 0.999994 0.00331706 0.00119821 -0.00279218 -0.00331599 0.999991 0.0494253
0.999997 -0.000519463 0.00251898 -2.50032 0.000511708 0.999995 0.00307809 0.0204184 -0.00252057 -0.00307679 0.999992 0.0590218
0.999995 -0.00032425 0.00320173 -2.71052 0.000312487 0.999993 0.00367398 0.0202102 -0.0032029 -0.00367296 0.999988 0.060633
0.999994 2.05267e-05 0.00348787 -2.88923 -3.52025e-05 0.999991 0.00420767 0.00482419 -0.00348775 -0.00420777 0.999985 0.0760853
0.999994 -0.000352498 0.00345611 -3.10115 0.000338166 0.999991 0.00414651 0.00783311 -0.00345754 -0.00414532 0.999985 0.0811868
0.999994 -0.00013085 0.00335029 -3.3138 0.000117959 0.999993 0.00384766 0.00439009 -0.00335077 -0.00384725 0.999987 0.0807102
0.999991 -0.000265497 0.00426891 -3.54622 0.000250379 0.999994 0.00354158 0.011953 -0.00426982 -0.00354048 0.999985 0.0726299
0.999989 -0.000117735 0.00466136 -3.74974 0.000100296 0.999993 0.00374112 0.0162437 -0.00466177 -0.00374061 0.999982 0.0773331
0.99999 -0.000550409 0.00443572 -4.01541 0.00052916 0.999988 0.00479018 0.013712 -0.00443831 -0.00478778 0.999979 0.0948561
0.999989 -0.000449686 0.0045848 -4.29112 0.000425331 0.999986 0.00531188 0.00384505 -0.00458712 -0.00530987 0.999975 0.108641
0.999988 -0.000524876 0.00487964 -4.51013 0.000494427 0.99998 0.00623913 0.0290851 -0.00488281 -0.00623665 0.999969 0.109264
0.999986 -0.000386158 0.00524163 -4.80887 0.00035102 0.999977 0.00670291 0.0289128 -0.0052441 -0.00670098 0.999964 0.112284
0.999986 -0.000152653 0.00523016 -5.1069 0.000114363 0.999973 0.00732051 0.00934165 -0.00523113 -0.00731981 0.99996 0.11209
0.999987 -0.000280477 0.00506728 -5.4092 0.000239043 0.999967 0.00817551 0.0170493 -0.0050694 -0.0081742 0.999954 0.121321
0.999986 3.3738e-05 0.00537634 -5.71889 -7.83716e-05 0.999966 0.00830187 0.0228027 -0.00537587 -0.00830217 0.999951 0.131132
0.999983 -0.000371359 0.00587642 -6.05765 0.000321954 0.999965 0.008406 0.0477868 -0.00587934 -0.00840396 0.999947 0.131417
0.999982 -0.000468682 0.00604043 -6.38615 0.000413082 0.999958 0.00920272 0.0434304 -0.00604449 -0.00920005 0.999939 0.144222
0.999983 -0.000329304 0.00580168 -6.73633 0.00026184 0.999932 0.0116252 0.032358 -0.00580512 -0.0116235 0.999916 0.147338
0.999982 -0.000199028 0.00600786 -7.10106 0.000126971 0.999928 0.0119917 0.036533 -0.00600981 -0.0119907 0.99991 0.161495
0.999984 0.000396449 0.00568242 -7.50033 -0.000467153 0.999922 0.0124465 0.0441321 -0.00567705 -0.012449 0.999906 0.158716
0.999985 0.000990107 0.00533537 -7.88306 -0.00105691 0.999921 0.0125335 0.0369143 -0.00532254 -0.0125389 0.999907 0.171273
0.999986 0.000546438 0.00529839 -8.3012 -0.000613897 0.999919 0.0127386 0.0554646 -0.005291 -0.0127417 0.999905 0.18093
0.999984 0.000484042 0.00561311 -8.6866 -0.000556615 0.999916 0.0129348 0.0544287 -0.00560638 -0.0129377 0.999901 0.188806
0.999989 0.000734757 0.00459401 -9.09754 -0.000796981 0.999908 0.0135574 0.0511556 -0.00458362 -0.0135609 0.999898 0.204009
0.999989 0.00107887 0.00454705 -9.54231 -0.00114282 0.9999 0.0140844 0.0427449 -0.0045314 -0.0140895 0.99989 0.206912
0.99999 0.000797675 0.00429483 -9.981 -0.000857853 0.999901 0.0140281 0.0400732 -0.00428322 -0.0140317 0.999892 0.212834
0.99999 0.00050758 0.00448892 -10.426 -0.00057313 0.999893 0.0146133 0.0472792 -0.00448102 -0.0146157 0.999883 0.230267
0.99999 0.000451258 0.00437959 -10.8934 -0.000518728 0.999881 0.0154168 0.0576452 -0.00437211 -0.0154189 0.999872 0.235108
0.999992 0.00140389 0.00376459 -11.3635 -0.00146452 0.999869 0.0161504 0.0460641 -0.00374142 -0.0161557 0.999862 0.243115
0.999993 0.00134448 0.00351466 -11.8932 -0.00139635 0.99989 0.0147995 0.0447763 -0.00349437 -0.0148043 0.999884 0.254429
0.999993 0.000979103 0.00366544 -12.4009 -0.00102787 0.999911 0.0133276 0.0538061 -0.00365206 -0.0133313 0.999904 0.277747
0.999991 0.00106068 0.00404708 -12.9006 -0.00111454 0.999911 0.0133305 0.0586917 -0.00403258 -0.0133349 0.999903 0.28855
0.99999 0.00148912 0.0040983 -13.4353 -0.0015443 0.999908 0.013494 0.0589516 -0.00407783 -0.0135002 0.999901 0.290803
0.99999 0.00150213 0.00421244 -13.9772 -0.00156351 0.999892 0.0146075 0.0546878 -0.00419004 -0.0146139 0.999884 0.277461
0.999992 0.00083121 0.00385489 -14.5047 -0.000883245 0.999908 0.0135164 0.0567402 -0.0038433 -0.0135197 0.999901 0.306354
0.999994 0.000668415 0.00336911 -15.0696 -0.000716076 0.999899 0.0141651 0.0757432 -0.0033593 -0.0141674 0.999894 0.321723
0.999995 0.00138724 0.00300355 -15.6431 -0.00142762 0.999908 0.0134823 0.0551463 -0.00298457 -0.0134865 0.999905 0.337555
0.999994 0.00167693 0.0030703 -16.2345 -0.00171162 0.999934 0.0113307 0.0616066 -0.00305109 -0.0113359 0.999931 0.354694
0.999992 0.00135321 0.00387176 -16.8206 -0.00139345 0.999945 0.0104109 0.0779953 -0.00385746 -0.0104162 0.999938 0.366389
0.99999 0.00166552 0.00415577 -17.4074 -0.00171167 0.999937 0.0111267 0.0778309 -0.00413698 -0.0111337 0.999929 0.369101
0.999991 0.00167184 0.00391635 -18.0247 -0.00171601 0.999935 0.0113012 0.0731017 -0.0038972 -0.0113079 0.999928 0.390856
0.999995 0.00126699 0.00298164 -18.6417 -0.00130258 0.999928 0.0119672 0.0673381 -0.00296627 -0.011971 0.999924 0.410848
0.999994 0.00206871 0.00272442 -19.2717 -0.00209948 0.999933 0.0113414 0.0605438 -0.00270078 -0.0113471 0.999932 0.417484
0.999993 0.00266641 0.0026793 -19.9364 -0.00269276 0.999948 0.00988026 0.0665555 -0.00265281 -0.0098874 0.999948 0.431236
0.999993 0.00324521 0.00210865 -20.5739 -0.00326393 0.999955 0.00893345 0.0737441 -0.00207957 -0.00894027 0.999958 0.452673
0.999994 0.00335349 0.00130741 -21.2309 -0.00336679 0.999941 0.0103008 0.0721401 -0.00127278 -0.0103052 0.999946 0.456322
0.999993 0.00375479 0.000881146 -21.927 -0.0037638 0.999938 0.0104554 0.077874 -0.000841834 -0.0104587 0.999945 0.47868
0.999991 0.00392435 0.00152339 -22.6272 -0.00393899 0.999945 0.00972439 0.0834968 -0.00148514 -0.0097303 0.999952 0.488009
0.999991 0.00384103 0.00197544 -23.3261 -0.00385677 0.99996 0.0080255 0.0845322 -0.00194454 -0.00803304 0.999966 0.496945
0.999993 0.0034168 0.00165763 -24.0111 -0.00342836 0.999969 0.00702452 0.0908666 -0.00163358 -0.00703015 0.999974 0.497598
0.99999 0.00436545 0.000716103 -24.7374 -0.00436955 0.999973 0.00582614 0.0908979 -0.000690651 -0.00582921 0.999983 0.525621
0.999987 0.00510345 3.3817e-05 -25.4756 -0.00510356 0.999969 0.00594352 0.0975072 -3.48352e-06 -0.00594361 0.999982 0.543463
0.999989 0.00462584 -2.25156e-05 -26.2222 -0.00462562 0.99997 0.00615562 0.101037 5.09898e-05 -0.00615545 0.999981 0.561481
0.999988 0.00481581 0.000935368 -26.9715 -0.00482141 0.99997 0.00607895 0.11236 -0.000906065 -0.00608338 0.999981 0.563821
0.999987 0.00497654 0.00114441 -27.7174 -0.00498123 0.999979 0.00413513 0.123221 -0.00112381 -0.00414078 0.999991 0.583906
0.999985 0.00540701 0.00129713 -28.4853 -0.00541177 0.999979 0.00369139 0.112043 -0.00127714 -0.00369835 0.999992 0.603222
0.999985 0.00541189 0.00102744 -29.2783 -0.00541654 0.999975 0.00457753 0.120174 -0.00100264 -0.00458303 0.999989 0.623894
0.99998 0.00623461 0.00103859 -30.0766 -0.00623702 0.999978 0.00233207 0.140077 -0.00102403 -0.0023385 0.999997 0.644881
0.999984 0.00552622 0.00144124 -30.8744 -0.00552828 0.999984 0.00143192 0.159575 -0.0014333 -0.00143987 0.999998 0.654917
0.99998 0.00572147 0.00256439 -31.6889 -0.00572357 0.999983 0.000813548 0.165796 -0.00255969 -0.000828209 0.999996 0.661379
0.999976 0.00670659 0.0018983 -32.5092 -0.00670614 0.999977 -0.000244895 0.165022 -0.0018999 0.000232159 0.999998 0.685558
0.999973 0.00726157 0.00100855 -33.3375 -0.00726083 0.999973 -0.000740799 0.15048 -0.0010139 0.000733456 0.999999 0.704106
0.999974 0.0071692 0.000678038 -34.1726 -0.00716826 0.999973 -0.00137685 0.163602 -0.000687891 0.00137196 0.999999 0.716087
0.999977 0.00672679 0.000667413 -35.0294 -0.0067247 0.999973 -0.00307534 0.185515 -0.000688082 0.00307079 0.999995 0.74083
0.999972 0.00745953 0.000984907 -35.8936 -0.00745593 0.999966 -0.00361344 0.184271 -0.00101183 0.00360599 0.999993 0.756831
0.999965 0.00808832 0.00218927 -36.7625 -0.00808115 0.999962 -0.00326391 0.185063 -0.00221558 0.00324611 0.999992 0.753855
0.999969 0.00774213 0.00143555 -37.6331 -0.00773646 0.999962 -0.00391649 0.195394 -0.00146582 0.00390526 0.999991 0.790657
0.99997 0.00779335 6.18931e-05 -38.5189 -0.00779318 0.999967 -0.00234798 0.209062 -8.01896e-05 0.00234742 0.999997 0.809419
0.999967 0.00805077 -0.00123998 -39.4374 -0.00805029 0.999968 0.000387586 0.227828 0.00124306 -0.000377591 0.999999 0.813241
0.999957 0.0092084 -0.00138121 -40.3502 -0.00920297 0.99995 0.00388792 0.241996 0.00141694 -0.00387504 0.999991 0.839513
0.999955 0.00924213 -0.00194109 -41.2689 -0.00923298 0.999946 0.00467348 0.267559 0.00198418 -0.00465535 0.999987 0.867523
0.999956 0.0093862 -0.000328357 -42.1812 -0.00938522 0.999952 0.00287377 0.276902 0.000355315 -0.00287056 0.999996 0.882738
0.999944 0.0104071 0.00173149 -43.0982 -0.0104113 0.999943 0.00242163 0.282619 -0.00170619 -0.00243952 0.999996 0.901689
0.999942 0.0105208 0.00217459 -44.0707 -0.0105252 0.999943 0.00204893 0.282124 -0.00215291 -0.0020717 0.999996 0.916279
0.999944 0.0104395 -0.00180824 -45.0432 -0.0104363 0.999944 0.00179372 0.30028 0.00182686 -0.00177475 0.999997 0.922511
0.999926 0.0109843 -0.00519714 -45.997 -0.0109758 0.999938 0.00166921 0.309156 0.00521516 -0.00161204 0.999985 0.944021
0.999927 0.0111618 -0.00463355 -46.9577 -0.0111599 0.999938 0.000436635 0.313801 0.00463814 -0.000384893 0.999989 0.962769
0.999939 0.0109283 -0.00158068 -47.9623 -0.0109291 0.99994 -0.00050529 0.325984 0.00157506 0.000522534 0.999999 0.969056
0.999934 0.0114798 0.000607215 -48.9391 -0.0114792 0.999934 -0.00109823 0.346196 -0.000619782 0.00109119 0.999999 0.981916
0.999939 0.0110268 0.000892468 -49.9503 -0.0110256 0.999938 -0.00133742 0.363372 -0.00090716 0.0013275 0.999999 1.00924
0.999942 0.0105601 -0.00203906 -50.9521 -0.0105627 0.999943 -0.00127551 0.368372 0.00202547 0.00129697 0.999997 1.0303
0.999927 0.0102472 -0.00644573 -51.9697 -0.0102666 0.999943 -0.00298927 0.379338 0.00641473 0.00305522 0.999975 1.04753
0.999922 0.00937737 -0.00829652 -52.9923 -0.00941806 0.999944 -0.00487799 0.402206 0.00825031 0.00495574 0.999954 1.05646
0.999938 0.00873986 -0.00694773 -54.0301 -0.00877102 0.999952 -0.0044675 0.415551 0.00690835 0.00452816 0.999966 1.0561
0.999948 0.00853351 -0.00549763 -55.0681 -0.00855198 0.999958 -0.00334451 0.422228 0.00546886 0.00339135 0.999979 1.08124
0.999949 0.00900747 -0.00447021 -56.0918 -0.00901949 0.999956 -0.00267518 0.425689 0.00444591 0.00271537 0.999986 1.1073
0.999952 0.00858125 -0.00471119 -57.1529 -0.008591 0.999961 -0.00205462 0.438626 0.00469337 0.00209499 0.999987 1.10464
0.999957 0.00778093 -0.00504711 -58.2222 -0.00779033 0.999968 -0.00184411 0.463395 0.0050326 0.00188335 0.999986 1.11861
0.999955 0.00727129 -0.00616005 -59.3049 -0.00728325 0.999972 -0.00192174 0.476264 0.0061459 0.00196652 0.999979 1.1416
0.999951 0.00757375 -0.00630492 -60.3502 -0.00758681 0.999969 -0.00204965 0.4689 0.0062892 0.00209738 0.999978 1.15616
0.999958 0.00759751 -0.00511812 -61.4179 -0.00760829 0.999969 -0.00208992 0.481605 0.00510209 0.00212878 0.999985 1.19105
0.99997 0.00656572 -0.00408534 -62.5192 -0.00657714 0.999974 -0.00278925 0.497232 0.00406692 0.00281604 0.999988 1.20624
0.999972 0.00652798 -0.00368744 -63.6206 -0.00654154 0.999972 -0.0036786 0.495834 0.00366332 0.00370261 0.999986 1.2012
0.999967 0.00710238 -0.00385206 -64.694 -0.00711672 0.999968 -0.00372108 0.492476 0.00382551 0.00374837 0.999986 1.19503
0.999966 0.00697859 -0.00436667 -65.7772 -0.00699966 0.999964 -0.00482892 0.504225 0.00433281 0.00485932 0.999979 1.22821
0.999964 0.00757593 -0.00379876 -66.8815 -0.00759776 0.999955 -0.00576689 0.521215 0.00375489 0.00579554 0.999976 1.2555
0.999968 0.00771962 -0.00211597 -67.9914 -0.00773394 0.999947 -0.0068465 0.519021 0.00206301 0.00686265 0.999974 1.28431
0.999972 0.00738437 -0.00138338 -69.0846 -0.00739437 0.999946 -0.00736827 0.522453 0.00132889 0.00737829 0.999972 1.29411
0.999969 0.00714779 -0.00323283 -70.1875 -0.00717321 0.999943 -0.00792044 0.547202 0.00317603 0.00794339 0.999963 1.31815
0.999955 0.0070925 -0.00627195 -71.2838 -0.00713981 0.999946 -0.00755362 0.574377 0.00621804 0.00759806 0.999952 1.33002
0.999954 0.00735403 -0.0062024 -72.4116 -0.00739795 0.999948 -0.00708756 0.568123 0.00614996 0.00713312 0.999956 1.35264
0.999965 0.00770226 -0.00336738 -73.5213 -0.00772699 0.999943 -0.0073941 0.552609 0.00331024 0.00741986 0.999967 1.38155
0.999972 0.00743056 0.000220427 -74.6587 -0.00742844 0.999937 -0.0084358 0.573987 -0.000283095 0.00843393 0.999964 1.39993
0.999972 0.00695901 0.00278702 -75.7949 -0.00693404 0.999937 -0.00887172 0.5934 -0.00284858 0.00885215 0.999957 1.41399
0.999966 0.007537 0.00330936 -76.9179 -0.00750173 0.999916 -0.0105436 0.596612 -0.00338855 0.0105184 0.999939 1.44441
0.999963 0.00783324 0.0036487 -78.0565 -0.00778754 0.999893 -0.0123753 0.603493 -0.00374525 0.0123464 0.999917 1.46841
0.999957 0.00828988 0.0042733 -79.2131 -0.00823027 0.999871 -0.0137845 0.609268 -0.00438702 0.0137487 0.999896 1.50825
0.999947 0.00762913 0.00685483 -80.3659 -0.00752706 0.999862 -0.0147955 0.61681 -0.00696676 0.0147431 0.999867 1.5359
0.999944 0.00734388 0.00766537 -81.5126 -0.00723142 0.999867 -0.0145966 0.627503 -0.00777155 0.0145403 0.999864 1.56966
0.999946 0.00835071 0.00620833 -82.6842 -0.00824675 0.999828 -0.0165866 0.627973 -0.00634578 0.0165345 0.999843 1.60229
0.999944 0.00830269 0.006511 -83.8541 -0.00817835 0.999788 -0.0188969 0.647589 -0.00666652 0.0188426 0.9998 1.63161
0.99995 0.00798508 0.00607758 -85.0255 -0.00785812 0.999756 -0.0206349 0.657799 -0.00624087 0.0205861 0.999769 1.6627
0.999956 0.00777826 0.0052621 -86.1954 -0.00767289 0.999775 -0.0197555 0.666702 -0.00541458 0.0197143 0.999791 1.67228
0.999967 0.0072467 0.0037802 -87.374 -0.00718213 0.999833 -0.0168236 0.68494 -0.00390148 0.0167959 0.999851 1.71931
0.999971 0.00736342 0.00188543 -88.5583 -0.00732861 0.999814 -0.0178489 0.709605 -0.00201651 0.0178346 0.999839 1.77006
0.999968 0.00705987 0.0038324 -89.7461 -0.00698344 0.999783 -0.0196028 0.713466 -0.00396996 0.0195754 0.999801 1.79332
0.999959 0.00679855 0.00602139 -90.925 -0.0066781 0.999782 -0.0198015 0.730364 -0.0061547 0.0197605 0.999786 1.80912
0.999956 0.00695402 0.00621653 -92.1022 -0.00682514 0.999766 -0.0205182 0.729536 -0.00635777 0.0204749 0.99977 1.85268
0.999959 0.00749066 0.00501515 -93.3015 -0.00737377 0.99971 -0.0229334 0.729996 -0.00518548 0.0228955 0.999724 1.87958
0.999968 0.00766861 0.00220776 -94.5026 -0.00761063 0.999654 -0.025168 0.742145 -0.0024 0.0251504 0.999681 1.89884
0.999972 0.00736962 -0.00104285 -95.7102 -0.00739432 0.999632 -0.0260939 0.768068 0.000850168 0.0261009 0.999659 1.91134
0.999963 0.00681307 -0.00522415 -96.9202 -0.00694409 0.999651 -0.0254857 0.765805 0.00504869 0.0255211 0.999662 1.93165
0.999932 0.00690008 -0.00941943 -98.1339 -0.00712137 0.999695 -0.0236657 0.771802 0.00925325 0.0237312 0.999676 1.94707
0.999898 0.00721093 -0.0122971 -99.3555 -0.00746999 0.999748 -0.0211526 0.8002 0.0121415 0.0212424 0.999701 1.9653
0.999895 0.00712137 -0.0126577 -100.577 -0.00736299 0.99979 -0.0191461 0.821234 0.0125187 0.0192373 0.999737 1.98051
0.999904 0.00707477 -0.0118734 -101.805 -0.00727193 0.999835 -0.0166451 0.820919 0.0117537 0.0167299 0.999791 1.98853
0.999923 0.00766104 -0.00974585 -103.017 -0.00783152 0.999815 -0.0175758 0.83638 0.0096094 0.0176508 0.999798 2.01664
0.999947 0.00767351 -0.00687021 -104.257 -0.00780746 0.999776 -0.0196876 0.850373 0.00671759 0.0197402 0.999783 2.01802
0.999963 0.007823 -0.00361666 -105.508 -0.00789312 0.999773 -0.0198004 0.852492 0.00346094 0.0198282 0.999797 2.02822
0.999971 0.00764722 -0.000419667 -106.742 -0.00765376 0.999794 -0.0187753 0.863514 0.000276002 0.018778 0.999824 2.05528
0.999966 0.00785688 0.00246075 -107.98 -0.00781057 0.999802 -0.0182948 0.879856 -0.00260401 0.0182749 0.99983 2.08995
0.999966 0.0078779 0.00242094 -109.234 -0.00783448 0.999817 -0.0174485 0.88983 -0.00255796 0.017429 0.999845 2.11527
0.999969 0.00781529 -0.000948952 -110.499 -0.00782916 0.999847 -0.0156207 0.914792 0.000826727 0.0156276 0.999878 2.13029
0.999954 0.00797453 -0.00530091 -111.752 -0.00804576 0.999876 -0.0135545 0.925895 0.00519217 0.0135965 0.999894 2.15861
0.999946 0.00770492 -0.00694056 -112.983 -0.00779691 0.999881 -0.0133247 0.92595 0.00683707 0.0133781 0.999887 2.19766
0.999961 0.00765189 -0.00450834 -114.244 -0.00770907 0.999888 -0.0128039 0.934479 0.00440986 0.0128381 0.999908 2.21316
0.999962 0.00808792 -0.00310497 -115.504 -0.00812736 0.999884 -0.0129068 0.940415 0.00300022 0.0129315 0.999912 2.2222
0.999959 0.00792127 -0.00438247 -116.772 -0.00797816 0.999882 -0.0131201 0.951876 0.00427803 0.0131545 0.999904 2.24465
0.999953 0.00778967 -0.00569324 -118.028 -0.00786697 0.999875 -0.0136853 0.967096 0.00558593 0.0137294 0.99989 2.25694
0.999949 0.00758699 -0.00672084 -119.3 -0.00768048 0.999873 -0.0139961 0.982949 0.00661379 0.014047 0.999879 2.26334
0.999927 0.0080215 -0.00900683 -120.573 -0.00814368 0.999874 -0.013612 0.996668 0.00889651 0.0136843 0.999867 2.28077
0.999905 0.00820738 -0.0110874 -121.84 -0.00834782 0.999885 -0.0126804 0.998872 0.0109821 0.0127718 0.999858 2.31057
0.999885 0.00836975 -0.012615 -123.09 -0.00852161 0.999891 -0.012033 1.02596 0.0125129 0.0121391 0.999848 2.33362
0.999891 0.00765529 -0.0125981 -124.352 -0.00779131 0.999912 -0.0107834 1.02753 0.0125144 0.0108804 0.999862 2.33684
0.999911 0.00763557 -0.0109688 -125.598 -0.00774494 0.99992 -0.00996342 1.04779 0.0108919 0.0100475 0.99989 2.3567
0.999923 0.00803808 -0.00942277 -126.865 -0.00812131 0.999928 -0.00882795 1.05566 0.00935114 0.0089038 0.999917 2.37777
0.999924 0.00774146 -0.00954781 -128.117 -0.00781776 0.999938 -0.00798005 1.07529 0.00948544 0.00805409 0.999923 2.39655
0.999898 0.00870057 -0.0113242 -129.388 -0.00879192 0.999929 -0.00804148 1.08551 0.0112534 0.00814023 0.999904 2.4067
0.999893 0.00876323 -0.0117229 -130.649 -0.00886114 0.999926 -0.00832647 1.08396 0.011649 0.00842946 0.999897 2.42533
0.999897 0.00857431 -0.0114928 -131.894 -0.00867062 0.999927 -0.00835624 1.09998 0.0114203 0.00845503 0.999899 2.44674
0.999881 0.00907921 -0.0124449 -133.142 -0.00917839 0.999926 -0.00793585 1.12127 0.012372 0.00804913 0.999891 2.44138
0.999897 0.00915139 -0.0110242 -134.384 -0.00924031 0.999925 -0.00804281 1.12457 0.0109498 0.00814385 0.999907 2.45653
0.99993 0.00899429 -0.0076847 -135.637 -0.0090581 0.999924 -0.00830948 1.14534 0.00760939 0.00837851 0.999936 2.48876
0.999945 0.00893459 -0.00554651 -136.885 -0.00898605 0.999916 -0.00932343 1.15723 0.00546274 0.00937276 0.999941 2.51723
0.99994 0.00963854 -0.00512494 -138.129 -0.00969269 0.999896 -0.0106487 1.16957 0.00502177 0.0106978 0.99993 2.53105
0.999929 0.00966382 -0.00691728 -139.387 -0.00974347 0.999886 -0.0115752 1.18421 0.00680463 0.0116418 0.999909 2.54687
0.999908 0.00977263 -0.00940736 -140.638 -0.0098786 0.999888 -0.0112851 1.19514 0.00929602 0.011377 0.999892 2.56507
0.999901 0.0101046 -0.0098055 -141.892 -0.0102044 0.999896 -0.0101806 1.21106 0.00970161 0.0102797 0.9999 2.58951
0.999902 0.010263 -0.00948702 -143.156 -0.0103486 0.999906 -0.00901916 1.22074 0.00939357 0.00911646 0.999914 2.61019
0.999912 0.0101473 -0.00856938 -144.384 -0.0102204 0.999911 -0.00852079 1.23192 0.00848216 0.00860762 0.999927 2.6266
0.999923 0.0101766 -0.00706131 -145.624 -0.0102472 0.999897 -0.0100261 1.2337 0.00695855 0.0100977 0.999925 2.64434
0.999923 0.0106615 -0.00633269 -146.859 -0.0107396 0.999865 -0.0124233 1.27374 0.00619939 0.0124904 0.999903 2.65188
0.999905 0.0109643 -0.0083083 -148.11 -0.0110539 0.99988 -0.0108161 1.28159 0.00818872 0.0109069 0.999907 2.66312
0.999883 0.0111075 -0.0104766 -149.358 -0.0111988 0.999899 -0.00869665 1.29581 0.0103789 0.00881296 0.999907 2.68162
0.999875 0.0111055 -0.0112234 -150.605 -0.0112008 0.999901 -0.00846775 1.30646 0.0111283 0.0085924 0.999901 2.71368
0.999903 0.0107068 -0.00893105 -151.851 -0.0107766 0.999911 -0.00780242 1.32132 0.00884672 0.00789791 0.99993 2.72494
0.999908 0.0107971 -0.00820728 -153.105 -0.0108618 0.99991 -0.00788021 1.34501 0.00812146 0.00796863 0.999935 2.74003
0.999899 0.0110746 -0.00886636 -154.338 -0.0111438 0.999908 -0.00779261 1.36143 0.00877924 0.00789063 0.99993 2.76348
0.999874 0.0118098 -0.0106004 -155.604 -0.0118804 0.999907 -0.00662629 1.38529 0.0105211 0.00675139 0.999922 2.78046
0.999855 0.0119551 -0.0121616 -156.848 -0.012025 0.999911 -0.00569724 1.39382 0.0120924 0.00584265 0.99991 2.79135
0.999863 0.0118095 -0.0115694 -158.088 -0.0118748 0.999914 -0.00559008 1.41967 0.0115023 0.0057267 0.999917 2.80747
0.999879 0.0112786 -0.0106795 -159.32 -0.0113429 0.999918 -0.00597836 1.42471 0.0106112 0.00609877 0.999925 2.81614
0.999889 0.0113891 -0.00957215 -160.592 -0.011455 0.999911 -0.00685739 1.45306 0.00949319 0.00696628 0.999931 2.83322
0.999892 0.0119571 -0.00850023 -161.84 -0.0120229 0.999898 -0.00772838 1.46235 0.00840696 0.00782974 0.999934 2.85677
0.999912 0.0109723 -0.00739748 -163.093 -0.0110267 0.999912 -0.0073505 1.46727 0.00731618 0.00743143 0.999946 2.86619
0.999913 0.0107192 -0.00768274 -164.351 -0.010777 0.999914 -0.00751885 1.48865 0.00760148 0.00760099 0.999942 2.88786
0.999906 0.0122015 -0.00625349 -165.606 -0.0122477 0.999898 -0.00740738 1.50536 0.00616247 0.00748327 0.999953 2.92234
0.999913 0.011913 -0.00565882 -166.84 -0.0119518 0.999905 -0.00687812 1.51404 0.00557634 0.00694516 0.99996 2.94467
0.999906 0.0119605 -0.0066948 -168.085 -0.0120096 0.999901 -0.00733738 1.53131 0.00660638 0.00741709 0.999951 2.95485
0.999904 0.0118254 -0.00727558 -169.366 -0.0118762 0.999905 -0.00698758 1.54169 0.00719226 0.00707331 0.999949 2.9712
0.999895 0.0120257 -0.0080984 -170.615 -0.0120717 0.999911 -0.00565846 1.56679 0.00802963 0.00575562 0.999951 2.99208
0.999885 0.0123951 -0.00871444 -171.856 -0.0124458 0.999906 -0.00578968 1.57828 0.00864186 0.00589747 0.999945 3.00932
0.999887 0.012326 -0.00864009 -173.104 -0.0123729 0.999909 -0.00539586 1.58932 0.00857279 0.00550215 0.999948 3.02767
0.999889 0.0121817 -0.00858403 -174.365 -0.0122293 0.99991 -0.00551293 1.62087 0.0085161 0.00561729 0.999948 3.04802
0.999891 0.0116575 -0.00906303 -175.615 -0.0117034 0.999919 -0.00502165 1.62659 0.00900375 0.00512718 0.999946 3.0668
0.999867 0.012363 -0.0106404 -176.877 -0.0124241 0.999907 -0.005691 1.64562 0.0105691 0.00582244 0.999927 3.08393
0.999859 0.0139108 -0.0093763 -178.131 -0.013972 0.999881 -0.00648662 1.68156 0.00928495 0.00661671 0.999935 3.10146
0.999876 0.0134257 -0.00820781 -179.396 -0.0134728 0.999893 -0.00570414 1.68798 0.00813035 0.00581402 0.99995 3.10846
0.999883 0.0137572 -0.00673796 -180.644 -0.0137929 0.999891 -0.00528215 1.70993 0.00666456 0.00537446 0.999963 3.12843
0.999898 0.0129426 -0.00602159 -181.904 -0.0129694 0.999906 -0.00443931 1.7381 0.00596357 0.00451696 0.999972 3.14875
0.999893 0.012486 -0.00763099 -183.201 -0.0125232 0.99991 -0.00485812 1.7485 0.00756965 0.00495317 0.999959 3.18443
0.99989 0.0123128 -0.00829898 -184.457 -0.0123509 0.999913 -0.00456051 1.76581 0.00824211 0.00466251 0.999955 3.20635
0.999877 0.0124611 -0.00953547 -185.717 -0.0125048 0.999912 -0.00453282 1.78163 0.00947815 0.00465151 0.999944 3.21088
0.999882 0.0123573 -0.00912001 -186.99 -0.0124147 0.999903 -0.00627352 1.78836 0.0090416 0.00638601 0.999939 3.23304
0.999882 0.0125982 -0.00883745 -188.279 -0.0126615 0.999894 -0.00714936 1.79293 0.00874644 0.00726041 0.999935 3.25229
0.999876 0.0130794 -0.00875511 -189.563 -0.0131356 0.999893 -0.00639332 1.81931 0.00867055 0.00650753 0.999941 3.24793
0.999878 0.0123595 -0.00953742 -190.868 -0.0124017 0.999914 -0.00437498 1.83957 0.00948252 0.00449273 0.999945 3.26025
0.999869 0.012031 -0.0108129 -192.183 -0.012072 0.99992 -0.00373525 1.83634 0.0107671 0.00386529 0.999935 3.2825
0.999849 0.0123199 -0.0122789 -193.461 -0.0123626 0.999918 -0.00340397 1.85993 0.012236 0.00355525 0.999919 3.29556
0.999851 0.0126855 -0.0117475 -194.766 -0.0127354 0.99991 -0.00418338 1.88574 0.0116934 0.00433237 0.999922 3.31152
0.999862 0.0128754 -0.010464 -196.067 -0.0129291 0.999904 -0.00508042 1.90047 0.0103976 0.00521501 0.999932 3.32723
0.999889 0.0118954 -0.00892489 -197.374 -0.0119472 0.999912 -0.00577709 1.91329 0.00885538 0.00588308 0.999943 3.34087
0.999896 0.012128 -0.00786609 -198.692 -0.0121807 0.999903 -0.00668249 1.94977 0.00778428 0.0067776 0.999947 3.36657
0.99989 0.0126761 -0.00764955 -200.014 -0.0127198 0.999903 -0.00569335 1.97053 0.00757663 0.00579003 0.999955 3.381
0.999881 0.012681 -0.00876205 -201.334 -0.0127476 0.99989 -0.00758746 1.99771 0.00866487 0.00769825 0.999933 3.39779
0.999869 0.0125083 -0.0103147 -202.66 -0.012599 0.999882 -0.00877566 1.98655 0.0102038 0.00890446 0.999908 3.40596
0.999868 0.0125165 -0.0103298 -203.967 -0.0126152 0.999875 -0.00954824 2.00834 0.010209 0.00967729 0.999901 3.43444
0.999885 0.012217 -0.00899918 -205.292 -0.0123001 0.999882 -0.00923676 2.02854 0.00888527 0.00934639 0.999917 3.45179
0.999894 0.0122317 -0.00795762 -206.624 -0.0123012 0.999886 -0.00874174 2.05103 0.00784979 0.0088387 0.99993 3.46523
0.999887 0.0123227 -0.00855536 -207.953 -0.0124045 0.999877 -0.0095803 2.0764 0.00843626 0.00968534 0.999918 3.48675
0.999892 0.0118957 -0.0085919 -209.294 -0.0119763 0.999884 -0.00939311 2.09416 0.00847917 0.009495 0.999919 3.50628
0.999884 0.0127229 -0.00834162 -210.625 -0.0127994 0.999876 -0.00918016 2.09317 0.00822378 0.00928586 0.999923 3.51272
0.999889 0.0127208 -0.00774388 -211.978 -0.0127933 0.999874 -0.00938378 2.10943 0.00762354 0.00948181 0.999926 3.53085
0.999891 0.0120729 -0.00846654 -213.303 -0.012162 0.99987 -0.0105469 2.12986 0.00833811 0.0106487 0.999909 3.55117
0.999889 0.0122642 -0.00843457 -214.66 -0.0123575 0.999862 -0.011104 2.16028 0.00829723 0.011207 0.999903 3.56971
0.999893 0.0121821 -0.00815002 -216.004 -0.0122678 0.999869 -0.0105529 2.1692 0.0080204 0.0106517 0.999911 3.5878
0.999902 0.0119867 -0.00729282 -217.347 -0.0120635 0.999871 -0.0105738 2.19158 0.00716514 0.0106608 0.999918 3.60421
0.999901 0.0123781 -0.00676205 -218.703 -0.0124468 0.99987 -0.0102138 2.21297 0.00663475 0.010297 0.999925 3.62069
0.999899 0.0127659 -0.00626636 -220.064 -0.0128252 0.999872 -0.0095173 2.2372 0.00614407 0.00959671 0.999935 3.64152
0.999889 0.0133695 -0.00653132 -221.42 -0.0134317 0.999864 -0.00956405 2.24727 0.00640257 0.00965072 0.999933 3.65434
0.999892 0.0130214 -0.00679097 -222.795 -0.0130782 0.999879 -0.00838269 2.25963 0.00668099 0.0084706 0.999942 3.66588
0.999887 0.0122727 -0.00867251 -224.17 -0.0123481 0.999886 -0.0086951 2.29223 0.0085648 0.0088012 0.999925 3.68733
0.999869 0.0123747 -0.0104454 -225.542 -0.0124673 0.999883 -0.00885057 2.31741 0.0103346 0.00897963 0.999906 3.70657
0.999866 0.0125929 -0.0104915 -226.918 -0.0126841 0.999882 -0.00867342 2.33921 0.010381 0.00880533 0.999907 3.72894
0.999886 0.0123568 -0.00873219 -228.304 -0.0124368 0.999881 -0.00916955 2.34199 0.00861784 0.0092771 0.99992 3.72972
0.999901 0.0128586 -0.0057966 -229.682 -0.0129201 0.999859 -0.0106902 2.3726 0.00565833 0.0107641 0.999926 3.75607
0.99991 0.0126641 -0.00439381 -231.061 -0.0127144 0.999852 -0.0116197 2.38699 0.004246 0.0116745 0.999923 3.78506
0.999912 0.012301 -0.00498859 -232.44 -0.0123621 0.999847 -0.0124002 2.39538 0.00483529 0.0124608 0.999911 3.80034
0.999905 0.0124452 -0.00593645 -233.81 -0.0125153 0.999851 -0.0119283 2.42443 0.00578711 0.0120015 0.999911 3.81392
0.999908 0.0118049 -0.0066283 -235.208 -0.0118818 0.999861 -0.0116823 2.45113 0.00648947 0.01176 0.99991 3.83747
0.999915 0.0119575 -0.00513959 -236.609 -0.0120107 0.999873 -0.0104499 2.47408 0.00501398 0.0105107 0.999932 3.87179
0.999904 0.0129631 -0.00495284 -238.007 -0.0130132 0.999863 -0.0102261 2.48767 0.0048196 0.0102896 0.999935 3.8995
0.99991 0.0123244 -0.00524245 -239.399 -0.012376 0.999874 -0.00992841 2.49401 0.00511943 0.0099924 0.999937 3.91074
0.999896 0.0122988 -0.00755398 -240.798 -0.012369 0.99988 -0.00930891 2.51319 0.00743859 0.00940137 0.999928 3.91644
0.999882 0.0127339 -0.0086037 -242.199 -0.0128112 0.999878 -0.0089841 2.54897 0.00848824 0.00909326 0.999923 3.94523
0.999887 0.0123284 -0.00858819 -243.603 -0.0124121 0.999875 -0.00976181 2.56136 0.00846677 0.00986731 0.999915 3.96348
0.999893 0.0119651 -0.00841876 -245.032 -0.012047 0.99988 -0.00973811 2.57519 0.00830123 0.00983849 0.999917 3.98597
0.999903 0.011821 -0.00736531 -246.44 -0.0118941 0.99988 -0.00995171 2.60206 0.00724678 0.0100383 0.999923 4.00161
0.999894 0.0122947 -0.00779731 -247.82 -0.012373 0.999873 -0.0100625 2.61339 0.0076726 0.0101579 0.999919 4.01372
0.999869 0.0130984 -0.00949802 -249.227 -0.0132018 0.999853 -0.0109004 2.63236 0.00935385 0.0110243 0.999895 4.03621
0.999871 0.0128073 -0.00969697 -250.64 -0.0129027 0.999868 -0.00983879 2.65414 0.00956968 0.00996264 0.999905 4.07048
0.999859 0.0133144 -0.0102086 -252.047 -0.013397 0.999878 -0.00805704 2.66125 0.0101001 0.00819267 0.999915 4.09833
