9.999999999999997780e-01 -1.179437378800895267e-19 4.513296021473010816e-20 0.000000000000000000e+00 2.410750703817041256e-18 1.000000000000000000e+00 3.393380551570677611e-19 0.000000000000000000e+00 1.704598014230834765e-20 -9.899396815885539085e-19 1.000000000000000000e+00 5.551115123125782702e-17
9.992154172883312979e-01 -5.640328634047663122e-04 3.960090740736283560e-02 1.100221797262498774e-01 6.357078852149857353e-04 9.999981826729872347e-01 -1.797366372224533208e-03 -1.244461647938078369e-02 -3.959981635596394878e-02 1.821130729383118587e-03 9.992139600108284059e-01 8.307730282800021016e-01
9.959558831248664923e-01 -4.772076980865660491e-03 8.971689756616836597e-02 1.419533467420495687e-01 5.401497480813729872e-03 9.999624670161036954e-01 -6.774151518495187714e-03 -4.707059654523876313e-02 -8.968119139013475127e-02 7.231358477204153160e-03 9.959442777807414604e-01 2.025356355233223660e+00
9.908782029995364393e-01 -4.919810873291660495e-03 1.346707379512997738e-01 2.727339461194603909e-01 6.389256459267664973e-03 9.999246572954619827e-01 -1.048140371699092001e-02 -8.643553838998380145e-02 -1.346090075823493659e-01 1.124623501506784654e-02 9.908349804488771895e-01 2.981154544402941919e+00
9.834269641864363809e-01 -3.395951689440006305e-03 1.812730264854084394e-01 4.563235390299937855e-01 5.901515224707123974e-03 9.998943442522704173e-01 -1.328449245621017571e-02 -9.582393524890492342e-02 -1.812087359594264091e-01 1.413411191349914046e-02 9.833430973235131045e-01 4.005854059871512440e+00
9.738475102147512441e-01 -5.823004241448740889e-03 2.271280773336201153e-01 6.726610440884024378e-01 8.992908772413238383e-03 9.998760431898763290e-01 -1.292416427053306310e-02 -1.365751612714502794e-01 -2.270246336891478256e-01 1.462870380864558090e-02 9.737791571309358796e-01 4.936169077905406155e+00
9.620577162555262740e-01 -7.003351141334940820e-03 2.727562279974829473e-01 9.454311537576629565e-01 1.130339328282945789e-02 9.998353313228866002e-01 -1.419699244392373140e-02 -1.661401204246170105e-01 -2.726118470208853117e-01 1.674139029032034945e-02 9.619784518211771385e-01 5.895731245923441222e+00
9.483765204455256725e-01 -9.778422987309581468e-03 3.169959376826073094e-01 1.260864743423881551e+00 1.587151170186726704e-02 9.997354962681680446e-01 -1.664478029010608290e-02 -1.927745698247588235e-01 -3.167492866901894244e-01 2.081671909974591381e-02 9.482808626862895274e-01 6.861420532856054244e+00
9.334061034287867153e-01 -1.138617613254201862e-02 3.586411527171777802e-01 1.609847722338727083e+00 1.905190021056643590e-02 9.996591953830362698e-01 -1.784753247336929097e-02 -2.600277126578158793e-01 -3.583156603959617992e-01 2.349178715118995300e-02 9.333049157018411535e-01 7.757116883704670229e+00
9.158868817351338842e-01 -1.171063590285176086e-02 4.012657032919578204e-01 1.998602971344638712e+00 2.093387435807761779e-02 9.996076779027358583e-01 -1.860865661699834944e-02 -2.681076427973196341e-01 -4.008903017306329475e-01 2.544346712685089870e-02 9.157727008188100148e-01 8.652101755127706184e+00
8.959412922044169836e-01 -1.239521105844710626e-02 4.439996096744272536e-01 2.438317210111670352e+00 2.251931828864083690e-02 9.995926177421945447e-01 -1.753564844568730394e-02 -3.098819993254700034e-01 -4.436013103597762353e-01 2.570947504469013253e-02 8.958554257378245067e-01 9.550357184517670461e+00
8.744582269876909342e-01 -1.211278706466655843e-02 4.849496774393398657e-01 2.913608664366436507e+00 2.297005115212307283e-02 9.996007857927268203e-01 -1.645200152356936230e-02 -3.541049171750227931e-01 -4.845567292367603529e-01 2.552590181792989757e-02 8.743873548484534242e-01 1.039614803667317666e+01
8.498191256089975276e-01 -1.245184076421639377e-02 5.269274381643108685e-01 3.431307328965925496e+00 2.441433115482761346e-02 9.995778000588618761e-01 -1.575392516251397299e-02 -3.814956473564215522e-01 -5.265087273237051280e-01 2.625255900082497026e-02 8.497643273636283912e-01 1.126418821687754956e+01
8.242811529097657797e-01 -1.288058638076844571e-02 5.660342775574094265e-01 3.966971882895576229e+00 2.613975714515354501e-02 9.995409107996636733e-01 -1.532032594584644553e-02 -4.143678080943763442e-01 -5.655769950194693418e-01 2.742424530017423603e-02 8.242394178053947806e-01 1.204415505376044848e+01
7.969605830218046139e-01 -1.443199477924301567e-02 6.038589999337092840e-01 4.554215723495993018e+00 2.927268416438220944e-02 9.994626982995697961e-01 -1.474670435320376768e-02 -4.621364228185084744e-01 -6.033216288348122180e-01 2.942910524734224792e-02 7.969548206046046523e-01 1.282103054253331820e+01
7.675164702506171999e-01 -1.419564342292641522e-02 6.408721484240006427e-01 5.184879569548058953e+00 3.100513390449268977e-02 9.994067645566789837e-01 -1.499476421955562959e-02 -4.710327221066650805e-01 -6.402790021073238025e-01 3.137904331671054203e-02 7.675012725559918758e-01 1.358188629911740186e+01
7.375170192043594142e-01 -1.690173563704316234e-02 6.751171405882007148e-01 5.814834222700787869e+00 3.539327531716986858e-02 9.992802950224551894e-01 -1.364736302807243937e-02 -5.157819974687700704e-01 -6.744004879737428571e-01 3.395975786795734502e-02 7.375844153068752407e-01 1.427385368446689284e+01
7.050398093533242205e-01 -1.621014317419974815e-02 7.089825725482394869e-01 6.508252164107567239e+00 3.604533253384094305e-02 9.992656525242064047e-01 -1.299771263004913420e-02 -5.484012682427479302e-01 -7.082511276049766602e-01 3.471940737351564277e-02 7.051063421416388088e-01 1.495378770325860707e+01
6.703625881103818518e-01 -1.544116540833308064e-02 7.418731545629263513e-01 7.231665159343557470e+00 3.812434044343799427e-02 9.991797586907349427e-01 -1.365278268180941147e-02 -5.621713689997528407e-01 -7.410537085981847572e-01 3.743572765373162636e-02 6.704013905039968302e-01 1.561869321273117883e+01
6.348341651723643508e-01 -1.633045825185346078e-02 7.724759642981275931e-01 7.951759996850132239e+00 4.203649432904522920e-02 9.990258876581517011e-01 -1.342650861664593243e-02 -6.044879683975634688e-01 -7.715041038472588708e-01 4.099577458617838233e-02 6.349022141103827233e-01 1.621405325165976308e+01
5.979584568262463762e-01 -1.488798621720925988e-02 8.013889581499884507e-01 8.733697287737886228e+00 4.317040793129749143e-02 9.989744644347673397e-01 -1.365303989731826012e-02 -6.313242293282483875e-01 -8.003637061088161309e-01 4.276022656849173820e-02 5.979879213135874672e-01 1.679237821433527600e+01
5.605697004416345663e-01 -1.412486081639514543e-02 8.279869248522669922e-01 9.509445425232009086e+00 4.610030176616468356e-02 9.988363212133404279e-01 -1.417172993436887837e-02 -6.664035306062757735e-01 -8.268231024722726419e-01 4.611467752636271011e-02 5.605685105101254617e-01 1.731052204001391104e+01
5.214721396081551941e-01 -1.268826962694778217e-02 8.531741161979661259e-01 1.032953938103177016e+01 5.028054768077454967e-02 9.986089004509212108e-01 -1.588102703487470971e-02 -6.981661102309016931e-01 -8.517856208053868894e-01 5.117956265571185076e-02 5.213846672017942163e-01 1.779676896725127833e+01
4.818481133613736200e-01 -1.178301722457664180e-02 8.761756821180317623e-01 1.117917862010220276e+01 5.316290325131026173e-02 9.984607449341179608e-01 -1.580910586023346817e-02 -7.160703735972793194e-01 -8.746405985450839138e-01 5.419761860211774057e-02 4.817328208726507910e-01 1.827865230636438199e+01
4.438394126354766600e-01 -1.338904133742200957e-02 8.960064682403092728e-01 1.203776112359016714e+01 5.801149560582360282e-02 9.982202979322037928e-01 -1.381972542442137623e-02 -7.434121447601256261e-01 -8.942266603183495199e-01 5.811240117573075736e-02 4.438262056838249703e-01 1.867730146098784871e+01
4.065942425141089722e-01 -1.403155582500296462e-02 9.135012508871726000e-01 1.292270270449606251e+01 6.238055849516317697e-02 9.979749949140649390e-01 -1.243613042847904748e-02 -7.821934466999225233e-01 -9.114767540950700075e-01 6.204116351220834852e-02 4.066461613820636090e-01 1.907458626826879211e+01
3.703888067617858715e-01 -1.206289734717479536e-02 9.287986520444202476e-01 1.382411102049339391e+01 6.353202481890685149e-02 9.979031125097732602e-01 -1.237505392348670422e-02 -8.063897243865179032e-01 -9.267016299360250065e-01 6.359202574027184030e-02 3.703785027609748370e-01 1.943127148870890508e+01
3.368787931114531342e-01 -1.221151125719223407e-02 9.414690047412429541e-01 1.474252986437959123e+01 6.445646071830248014e-02 9.978692374049813463e-01 -1.012089308965968132e-02 -8.232975996356000081e-01 -9.393392067120022171e-01 6.409325766872106533e-02 3.369480759063325226e-01 1.975818927639663869e+01
3.037142037824983043e-01 -1.368501031969562506e-02 9.526650801896874299e-01 1.568041584442933711e+01 6.716751527810070621e-02 9.977166260288200528e-01 -7.081131871862525809e-03 -8.421226128738463768e-01 -9.503927222213307546e-01 6.613876838930231317e-02 3.039398808607667313e-01 2.006063909911566157e+01
2.708736282227876546e-01 -1.364166806342214516e-02 9.625184438987018920e-01 1.663959147597076083e+01 6.822094320751838359e-02 9.976574520918365385e-01 -5.059147979930565461e-03 -8.696995083458077813e-01 -9.601945190103216010e-01 6.703428511492996733e-02 2.711697244095964132e-01 2.031982851957922520e+01
2.383611317669909746e-01 -1.091788609953482647e-02 9.711154167579270080e-01 1.761234207004001462e+01 6.540275399115826060e-02 9.978472775835947051e-01 -4.834720392525079097e-03 -8.914632934964525912e-01 -9.689719237886372794e-01 6.466601020275213052e-02 2.385620506591157874e-01 2.056776296829755779e+01
2.067483084192447695e-01 -8.930204832543598911e-03 9.783536095215911166e-01 1.859185307524120390e+01 6.552620551612081679e-02 9.978396376569247384e-01 -4.739082266440791669e-03 -8.960149837977888776e-01 -9.761975220820463539e-01 6.508757205702384030e-02 2.068868054289899061e-01 2.078150579998334990e+01
1.764019773324988771e-01 -8.608375231025724300e-03 9.842807781434987913e-01 1.958980317887253975e+01 6.734419774303521122e-02 9.977242435921718222e-01 -3.343397629209082528e-03 -9.133707202321241780e-01 -9.820118440225406031e-01 6.687535442128939023e-02 1.765802406924830703e-01 2.095633172919461629e+01
1.452456197527723369e-01 -8.958780345217355959e-03 9.893552825752224278e-01 2.061267030328517791e+01 6.869123863769517613e-02 9.976374574356526859e-01 -1.050645048448778851e-03 -9.257283335041243122e-01 -9.870083049336030312e-01 6.811261225476930581e-02 1.455178492050168970e-01 2.109923666880784410e+01
1.143205463554301665e-01 -9.182724713936397595e-03 9.934016957164876205e-01 2.165592908114389203e+01 6.794949465669411492e-02 9.976878200650870498e-01 1.402753783279451355e-03 -9.402470823317330417e-01 -9.911174808599240160e-01 6.734074823049673864e-02 1.146801686076777821e-01 2.122995211689828210e+01
8.497012190063304993e-02 -9.104964569507295602e-03 9.963421281718753963e-01 2.271313897780896340e+01 6.844205770906118536e-02 9.976497456463615521e-01 3.280065972703740448e-03 -9.433291945211469409e-01 -9.940301620718439146e-01 6.791296341092806221e-02 8.539357508622096027e-02 2.132021714344683971e+01
5.725507172536425243e-02 -8.840219606183563270e-03 9.983206795906847120e-01 2.377900197871003485e+01 7.096240204319935463e-02 9.974676646304394545e-01 4.762908332666990902e-03 -9.472267823025132261e-01 -9.958345276800508739e-01 7.057049593713038416e-02 5.773739938767798868e-02 2.137585903442396429e+01
3.227294153275231392e-02 -8.528270093604361363e-03 9.994429508377308258e-01 2.485545164833015264e+01 7.510627986632095743e-02 9.971570224672799965e-01 6.083548097517819594e-03 -9.565445448500525805e-01 -9.966532643909654654e-01 7.486806852453099792e-02 3.282171161488075389e-02 2.140798482943363723e+01
9.169777052295983999e-03 -7.707962471447260197e-03 9.999284991275189105e-01 2.595049138918773579e+01 7.938701267404761619e-02 9.968196460755885946e-01 6.956020964933729532e-03 -9.519808596915508847e-01 -9.968018142915450186e-01 7.931750893444845796e-02 9.752521849280621630e-03 2.141150812756918853e+01
-1.175109683168484680e-02 -8.064404133308859454e-03 9.998986925597576070e-01 2.705861198409341029e+01 8.478842839602337977e-02 9.963580835140268821e-01 9.032343400327673757e-03 -9.660109580992495282e-01 -9.963298102652798915e-01 8.488593268506970657e-02 -1.102453543407069976e-02 2.139953125838880155e+01
-2.886969243400407809e-02 -8.385006510381320943e-03 9.995482797069489278e-01 2.817601349840020220e+01 8.945619548898287032e-02 9.959307362397745722e-01 1.093843595196726873e-02 -9.648317669744160829e-01 -9.955723978690553810e-01 8.973152755213237297e-02 -2.800212597695341324e-02 2.136983019794952909e+01
-4.498624369192931460e-02 -8.469258871921462456e-03 9.989519748333838267e-01 2.930014052973243466e+01 9.239101251499882983e-02 9.956431008032998742e-01 1.260192841491278998e-02 -9.617845662609693091e-01 -9.947061957833792656e-01 9.286104840506749503e-02 -4.400776166041433374e-02 2.131203890292850289e+01
-5.947057661274159079e-02 -8.954598826108908088e-03 9.981901713050785885e-01 3.043521712598040452e+01 9.457975351693030663e-02 9.954107869004660269e-01 1.456461432495500911e-02 -9.610235130946201965e-01 -9.937395091370830880e-01 9.527469443274522165e-02 -5.835073095735633653e-02 2.124320875981821999e+01
-7.300642360148160148e-02 -9.737675196782088344e-03 9.972842135163971777e-01 3.158896993800092545e+01 9.510154718009454500e-02 9.953278596084484953e-01 1.668054255692553653e-02 -9.565387303307664180e-01 -9.927870162463723336e-01 9.606100452697492742e-02 -7.173926007637322633e-02 2.116416636789740835e+01
-8.527776435870627891e-02 -9.393946653737078600e-03 9.963132222544824890e-01 3.273885101215694959e+01 9.513570710972711619e-02 9.953100408936766952e-01 1.752750859888774909e-02 -9.544972909352901214e-01 -9.918050309266319697e-01 9.627961178176978885e-02 -8.398411554610239749e-02 2.107356446950285189e+01
-9.634293067477281425e-02 -6.776328803152358721e-03 9.953254322318040304e-01 3.388627590121910771e+01 9.503004037107101731e-02 9.953462644430559614e-01 1.597498058900437626e-02 -9.459091930480707511e-01 -9.908015266501470908e-01 9.612483131782711965e-02 -9.525062099504534585e-02 2.096612150763624527e+01
-1.064325261614893769e-01 -3.518123552863342517e-03 9.943140094269187212e-01 3.506699685552438694e+01 9.569998189784276188e-02 9.953150851895679052e-01 1.376554220488868802e-02 -9.444404289550626386e-01 -9.897039857592873080e-01 9.662086996311737563e-02 -1.055972133187085688e-01 2.084504471199442222e+01
-1.161992524030605600e-01 -1.250650707767673965e-03 9.932254458036247069e-01 3.626406390098549792e+01 9.646525963181833141e-02 9.952574171983720186e-01 1.253889671329476950e-02 -9.378540380850060032e-01 -9.885304971873503099e-01 9.726869437849224032e-02 -1.155275211887279024e-01 2.071042189754788154e+01
-1.235205871746734435e-01 -4.986779445680630579e-05 9.923423260721938588e-01 3.748181437718641718e+01 9.659856928696658462e-02 9.952502358454768938e-01 1.207404261670058307e-02 -9.340680724123952006e-01 -9.876293589152017605e-01 9.735017122947246804e-02 -1.229290736309647664e-01 2.056419974697250552e+01
-1.298765784170183291e-01 9.695760032897252512e-04 9.915300163134855849e-01 3.872974802939475580e+01 9.667220679461929755e-02 9.952476765005531245e-01 1.168953851857929688e-02 -9.217242529494220626e-01 -9.868064337183563017e-01 9.737151970957835800e-02 -1.293530907438845134e-01 2.040008347320062754e+01
-1.350286516745816401e-01 2.228992482655363545e-03 9.908395187604784882e-01 3.998583094515803538e+01 9.729764526469898700e-02 9.951943592173019271e-01 1.102068702521005750e-02 -9.227816808755789912e-01 -9.860531571038246845e-01 9.789438353161643291e-02 -1.345966240610654563e-01 2.024651906114924671e+01
-1.393138458420109527e-01 4.167670694400213600e-03 9.902398465619074441e-01 4.128341269614880815e+01 9.654365010352203291e-02 9.952844745718890662e-01 9.393575740372389626e-03 -9.155392778869330117e-01 -9.855310176666992605e-01 9.690994398914923313e-02 -1.390592652258238193e-01 2.005803642309560786e+01
-1.434404299541894301e-01 4.868320112359635250e-03 9.896473215565438908e-01 4.258592498527024617e+01 9.673548457408788492e-02 9.952683465858040979e-01 9.125006616587383323e-03 -9.187938815795793079e-01 -9.849200514294325082e-01 9.704282581782150419e-02 -1.432326537945951828e-01 1.987721814231026585e+01
-1.466335597100365262e-01 4.288398293567054903e-03 9.891819323212723836e-01 4.391369461999283885e+01 9.682599087711046826e-02 9.952507506379936197e-01 1.003854973922559991e-02 -9.163719527681970511e-01 -9.844408328289488974e-01 9.725042574311200394e-02 -1.463523836111093879e-01 1.968726336509060104e+01
-1.484637036286140799e-01 2.324153706101837399e-03 9.889154805932688364e-01 4.526174182377318544e+01 9.732594062054165940e-02 9.951769436044533013e-01 1.227250391530924217e-02 -9.105711481980646171e-01 -9.841171835892799091e-01 9.806906479191250525e-02 -1.479738501734083611e-01 1.949113378307326983e+01
-1.508356189324538410e-01 2.081442443827639759e-03 9.885570282632717420e-01 4.662812968676079350e+01 9.793922697149846923e-02 9.951095046138996869e-01 1.284853124414592380e-02 -9.048889704991870397e-01 -9.836955722730645890e-01 9.875643834509705010e-02 -1.503018072927409243e-01 1.927989605978328669e+01
-1.533153945611465951e-01 1.738108123886757768e-03 9.881761483255947498e-01 4.801639913025591966e+01 9.922117400581485780e-02 9.949719104105405609e-01 1.364413864583933350e-02 -9.051797574254933920e-01 -9.831836144320207360e-01 1.001397586401413242e-01 -1.527169611408472349e-01 1.907224807713395975e+01
-1.543626954931716089e-01 2.517520845840129796e-03 9.880114156046421181e-01 4.941609408772210088e+01 1.001464509713516221e-01 9.948863678734484184e-01 1.311146429643567611e-02 -8.796922620734832776e-01 -9.829258992296080466e-01 1.009696604464068032e-01 -1.538254551382713387e-01 1.884903467802234545e+01
-1.556899677011553962e-01 3.142246578956052385e-03 9.878013498055513431e-01 5.085683100148850144e+01 1.008491796208693531e-01 9.948203277802121214e-01 1.273057784902679838e-02 -8.816484274345508521e-01 -9.826446774228786429e-01 1.016008778249806455e-01 -1.552004303963536724e-01 1.861285974391435616e+01
-1.547921433675578107e-01 4.264239752062889792e-03 9.879382380731409619e-01 5.232170433917329433e+01 1.012243253556293771e-01 9.947964458485294426e-01 1.156623438167150332e-02 -8.662854470248317895e-01 -9.827479435616576220e-01 1.017936403342600410e-01 -1.544183120160852463e-01 1.839219966629541503e+01
-1.544886278096732901e-01 5.059101418238893914e-03 9.879819996511286506e-01 5.379209172316932808e+01 1.006029705008771868e-01 9.948698472334409626e-01 1.063674513125618948e-02 -8.703578773598286134e-01 -9.828595051606722199e-01 1.010370749315628730e-01 -1.542050312761450714e-01 1.816539465269711329e+01
-1.538161274987345783e-01 5.159937735327676210e-03 9.880864070936434818e-01 5.530616802547717015e+01 1.004856886623197720e-01 9.948837084971883238e-01 1.044729006331640217e-02 -8.663142167446247210e-01 -9.829769767607159370e-01 1.008953957127656786e-01 -1.535476528313742262e-01 1.793384847152560724e+01
-1.519844693074100250e-01 4.689507822792767823e-03 9.883721545114388940e-01 5.680817256923124603e+01 1.008909694374489768e-01 9.948389886398849580e-01 1.079410968581620729e-02 -8.553134693247063103e-01 -9.832203502770189285e-01 1.013582501433225314e-01 -1.516731987595464903e-01 1.770911303904017942e+01
-1.507665962795064485e-01 4.917862672687092936e-03 9.885575636395548260e-01 5.835180963208855331e+01 1.011036826984170328e-01 9.948208528092559177e-01 1.047051598476374940e-02 -8.579712800739662804e-01 -9.833859997321945379e-01 1.015252975855739925e-01 -1.504829619877008640e-01 1.747295352280946901e+01
-1.502143080171352008e-01 5.875622515454315999e-03 9.886364087238296294e-01 5.989842710127447845e+01 1.007825324576483716e-01 9.948641293150457532e-01 9.400396212103381832e-03 -8.485249189339818532e-01 -9.835034799320938603e-01 1.010492380962517006e-01 -1.500349822284650081e-01 1.723367426627025623e+01
-1.489219419187625681e-01 6.450100756370284391e-03 9.888283316486145003e-01 6.147073247952232578e+01 1.016093343497456725e-01 9.947853952435766756e-01 8.813900442673194488e-03 -8.498197764758654849e-01 -9.836149441701679264e-01 1.017866516586990039e-01 -1.488007588427372740e-01 1.700353154314595017e+01
-1.486777586561457143e-01 6.457008305943768775e-03 9.888650358346435798e-01 6.309826615339886047e+01 1.013150140860904214e-01 9.948160919813272551e-01 8.737081859037888407e-03 -8.506182123218238855e-01 -9.836822465562489182e-01 1.014857652480180839e-01 -1.485612146134037137e-01 1.676252959951820287e+01
-1.473716459236852905e-01 4.860457851935692450e-03 9.890696652260692057e-01 6.471868086357305572e+01 1.027034930575930205e-01 9.946575535300562487e-01 1.041497241298602709e-02 -8.491183189060077519e-01 -9.837348035097082111e-01 1.031156613493058594e-01 -1.470835032356113403e-01 1.652213609008344974e+01
-1.466261827047389277e-01 3.669131667691167935e-03 9.891855895934116294e-01 6.635597948714438132e+01 1.050438607804151381e-01 9.943966684026196434e-01 1.188214626144114966e-02 -8.392933742024775157e-01 -9.835990693755057857e-01 1.056499870144568531e-01 -1.461900040547725599e-01 1.627956481847078152e+01
-1.461446792670968164e-01 4.654329092976829813e-03 9.892527020830748086e-01 6.800626260593878669e+01 1.070241598038379621e-01 9.941941575616448645e-01 1.113339273683285231e-02 -8.422399866700543969e-01 -9.834572466897713028e-01 1.075009076409691317e-01 -1.457943023410309402e-01 1.604193460934546778e+01
-1.454265787708111657e-01 5.491058815856283623e-03 9.893542329472849728e-01 6.965259124542292568e+01 1.066429948839681119e-01 9.942455710982903705e-01 1.015743353899442071e-02 -8.522746455387009146e-01 -9.836050963566815852e-01 1.069847415329906043e-01 -1.451753078447956813e-01 1.578912161085706600e+01
-1.446189003505179982e-01 6.035884902525458923e-03 9.894694451141783365e-01 7.132729374741934691e+01 1.072820496701215320e-01 9.941822126121874215e-01 9.615535439148118618e-03 -8.437242280160869301e-01 -9.836546899698876967e-01 1.075427806748101983e-01 -1.444250760164936809e-01 1.555547082937013670e+01
-1.451737112752465031e-01 5.223895342104676286e-03 9.893928215336031950e-01 7.301790807695745400e+01 1.072974357918467653e-01 9.941716608145627632e-01 1.049467209765055954e-02 -8.517594914385078209e-01 -9.835712874827228225e-01 1.076827448982709962e-01 -1.448880959394205914e-01 1.530970321201348128e+01
-1.441434620426889635e-01 5.033404045062475456e-03 9.895444346865620577e-01 7.473454163277462214e+01 1.078763754157338189e-01 9.941072776546021617e-01 1.065739171587090812e-02 -8.383914072019315045e-01 -9.836594867404605536e-01 1.082845432419982795e-01 -1.438370454938984189e-01 1.506243023202855902e+01
-1.445685318839332600e-01 4.736664599940212765e-03 9.894838923153206345e-01 7.645245405556977403e+01 1.087194641048548627e-01 9.940102923279314773e-01 1.112615277531243084e-02 -8.465566109553096519e-01 -9.835042779012796998e-01 1.091845328107614033e-01 -1.442175716413625908e-01 1.481314704872289845e+01
-1.440066573185990184e-01 5.008716001596088575e-03 9.895644871524423847e-01 7.817565650718232462e+01 1.097048405288471584e-01 9.939041565595501115e-01 1.093417901929045165e-02 -8.386818045140486122e-01 -9.834772934240086917e-01 1.101344867708941855e-01 -1.436782879123927603e-01 1.456774944543958838e+01
-1.440412527330415249e-01 5.603852543028826211e-03 9.895562637443983123e-01 7.992383992759228306e+01 1.100711293580225320e-01 9.938694584699574452e-01 1.039387189017648705e-02 -8.406255116865195554e-01 -9.834313033135986259e-01 1.104186010856894051e-01 -1.437750172288618511e-01 1.431119414355342556e+01
-1.448861208787832200e-01 6.622585168493113836e-03 9.894266260899392540e-01 8.169828565196733905e+01 1.097993972561096820e-01 9.939091678859235390e-01 9.425859505724115336e-03 -8.390849798151658323e-01 -9.833375720811762255e-01 1.100040021937022244e-01 -1.447307924138412916e-01 1.406487580395710246e+01
-1.456271334525614802e-01 7.377503351156920915e-03 9.893124938589543671e-01 8.347346172026159650e+01 1.088324851806246885e-01 9.940229354560295993e-01 8.607589927467483581e-03 -8.383903156366019349e-01 -9.833356075038934829e-01 1.089227139197557759e-01 -1.455596143186387303e-01 1.380479218038705547e+01
-1.467302403440919889e-01 7.786148382952512263e-03 9.891463601006378337e-01 8.528359973618924528e+01 1.080955266263468467e-01 9.941067126205822557e-01 8.209770737114976610e-03 -8.533744357614972964e-01 -9.832529143132259231e-01 1.081267962334884203e-01 -1.467071559246473922e-01 1.354692240311416640e+01
-1.480942518526431051e-01 7.760194123166638119e-03 9.889432671892719462e-01 8.709268768245141246e+01 1.077123671468111499e-01 9.941473104307928521e-01 8.328942437098883766e-03 -8.511995258127205144e-01 -9.830904552979429223e-01 1.077547657655519991e-01 -1.480633618527754103e-01 1.328444050157277978e+01
-1.489566907496156500e-01 6.900252550998719689e-03 9.888201128915559135e-01 8.891981431003817704e+01 1.073738615805521351e-01 9.941759086949828461e-01 9.237305988725854136e-03 -8.613297278329680173e-01 -9.829971854523480435e-01 1.075492663955037037e-01 -1.488300531589972775e-01 1.301337042643539554e+01
-1.491949012723288448e-01 6.518450906228191732e-03 9.887867910838085139e-01 9.075758219512937330e+01 1.053031784991393521e-01 9.943964713907558206e-01 9.333472133372017199e-03 -8.526194289033444118e-01 -9.831850467902147894e-01 1.055147722683466849e-01 -1.490452903522044292e-01 1.274644301496868160e+01
-1.511546557498299470e-01 7.331969539552697472e-03 9.884834106419756461e-01 9.261400348229922486e+01 1.053174973683030785e-01 9.944004477295019795e-01 8.728877815001465090e-03 -8.609289341597037293e-01 -9.828841367027169040e-01 1.054238834917789885e-01 -1.510804349957974857e-01 1.246940671030454695e+01
-1.532078047027961021e-01 8.121621584264267918e-03 9.881610973080695581e-01 9.448580941485383278e+01 1.034214092793194623e-01 9.946066808240450197e-01 7.860242085268396434e-03 -8.608994372679921181e-01 -9.827675814411849231e-01 1.034011374288044127e-01 -1.532214480675710422e-01 1.217810974202345875e+01
-1.575829861113825503e-01 8.906299744232969856e-03 9.874660718569203688e-01 9.638195611460163548e+01 1.039001341878396933e-01 9.945587293193457468e-01 7.610476404836286589e-03 -8.662199079215313624e-01 -9.820250109106198888e-01 1.037970118937217578e-01 -1.576508923106835769e-01 1.188487161805447201e+01
-1.618065977685337886e-01 8.585216515404741136e-03 9.867856344035635940e-01 9.826221373397714842e+01 1.021722825819365854e-01 9.947338596134119859e-01 8.099200414915058016e-03 -8.701318154253120385e-01 -9.815193395392669551e-01 1.021325168823565971e-01 -1.618316646709846429e-01 1.159029394518044320e+01
-1.667234677311230373e-01 8.069240010725309623e-03 9.859711767623889900e-01 1.001622004997968958e+02 1.007148587669623591e-01 9.948757409886950231e-01 8.888360899318355560e-03 -8.675112143629299943e-01 -9.808468721123150269e-01 1.007837137851654158e-01 -1.666818179129202770e-01 1.127698377473352487e+01
-1.721052797810074253e-01 8.872298381163951780e-03 9.850391123943275096e-01 1.020777620561447350e+02 9.960226500113929238e-02 9.949916448404729774e-01 8.440516139649812885e-03 -8.784894851303427510e-01 -9.800305891534065728e-01 9.956465136006537042e-02 -1.721270080385213785e-01 1.095788496116386490e+01
-1.759994844348364562e-01 1.029290627431423376e-02 9.843369527748451198e-01 1.039884229585648256e+02 9.983032603846740682e-02 9.949767343453135293e-01 7.445528896909973243e-03 -8.883204874556004382e-01 -9.793155193506108969e-01 9.957695537253728746e-02 -1.761429255004622885e-01 1.062708693003650851e+01
-1.808147149313641677e-01 1.226956243931440899e-02 9.834411526550280724e-01 1.059012368312198618e+02 9.987768839152218192e-02 9.949820519577050604e-01 5.949906283258926329e-03 -8.988041566403900395e-01 -9.784330813137569471e-01 9.929952867173715003e-02 -1.811328376781414229e-01 1.028448035900671087e+01
-1.865783772568024856e-01 1.286325189371965300e-02 9.823563810487918602e-01 1.078513908343584262e+02 9.840303974598367531e-02 9.951306720908775771e-01 5.659133302778004276e-03 -9.133597390707542951e-01 -9.774999586877617386e-01 9.772259499994928600e-02 -1.869356344327555430e-01 9.927347471526671185e+00
-1.909498280087724986e-01 1.245996225826076845e-02 9.815212325628167589e-01 1.097995182416253783e+02 9.701997079545229830e-02 9.952629936753588646e-01 6.240342710676151025e-03 -9.233367096174526223e-01 -9.767937912387688604e-01 9.641862446398329067e-02 -1.912541450389582953e-01 9.556470631663747994e+00
-1.970096930482938824e-01 1.184131038077945210e-02 9.803305529224286552e-01 1.117615402696961695e+02 9.444487941911147710e-02 9.955059195840745279e-01 6.955293589198578361e-03 -9.308132645725615273e-01 -9.758422928793730744e-01 9.395732843261354883e-02 -1.972426464824266756e-01 9.181029571544199186e+00
-2.019862530706792725e-01 1.136802881818091415e-02 9.793229043436003645e-01 1.137137179355419931e+02 9.400602883606665183e-02 9.955409471562995938e-01 7.832567290822753381e-03 -9.395455390396726392e-01 -9.748667940362381046e-01 9.364419543795933498e-02 -2.021542301444847201e-01 8.792297292640235185e+00
-2.075321889323369917e-01 1.138796052819240033e-02 9.781624284479689679e-01 1.156831576738843665e+02 9.404673345855479871e-02 9.955327884368722069e-01 8.363292483007425324e-03 -9.434184553341719015e-01 -9.736973121770740036e-01 9.372850033067466058e-02 -2.076760806835855622e-01 8.389384847478741136e+00
-2.138315702697601017e-01 1.285651562141736440e-02 9.767864680904543295e-01 1.176636326235472723e+02 9.477607618706951342e-02 9.954693934432850000e-01 7.645343708321747367e-03 -9.641014495532678197e-01 -9.722625238425059990e-01 9.421067191583580580e-02 -2.140812537245536662e-01 7.969916043513007864e+00
-2.191013479869190483e-01 1.384846495956069783e-02 9.756043566232651676e-01 1.196357859129507091e+02 9.398158187685277942e-02 9.955496425296580520e-01 6.974830115925793710e-03 -9.686029701838974049e-01 -9.711657554928654346e-01 9.321690006706009890e-02 -2.194277500431979222e-01 7.538457785803176492e+00
-2.248729705208809271e-01 1.406462256037582098e-02 9.742871113314705012e-01 1.216234797403166539e+02 9.449451482160634019e-02 9.954977278835451804e-01 7.439263403883592148e-03 -9.819165567968078934e-01 -9.697957532315222284e-01 9.373754178859784736e-02 -2.251895407783194025e-01 7.089008260099180170e+00
-2.312100350420229211e-01 1.428983352154556546e-02 9.727994521582203902e-01 1.236151532091954408e+02 9.410581545365939715e-02 9.955322345952213325e-01 7.742838334811963895e-03 -9.884268563049227740e-01 -9.683423464650284807e-01 9.333617067412880441e-02 -2.315217793613330299e-01 6.632041737242163393e+00
-2.358155938846952793e-01 1.509409047364956499e-02 9.716811393112527728e-01 1.256192976939184547e+02 9.338051359897399373e-02 9.956046280290163919e-01 7.196644955400054514e-03 -9.992975473781007256e-01 -9.673013899921256709e-01 9.243302566466858605e-02 -2.361885700011647771e-01 6.154905321230858206e+00
-2.416854571248241712e-01 1.514965177866041748e-02 9.702369270625014197e-01 1.276506610628389637e+02 9.228984649995999878e-02 9.957045200729848222e-01 7.442047465123544092e-03 -1.008866051633539707e+00 -9.659563265629435014e-01 9.134151085064862174e-02 -2.420454383312907187e-01 5.664020095115446018e+00
-2.452752790135719063e-01 1.485416934518993780e-02 9.693402222315394834e-01 1.296625684789134425e+02 9.325058300931705901e-02 9.956078970444571796e-01 8.338814271906514614e-03 -1.017515560044878198e+00 -9.649586914631170798e-01 9.243670380738863712e-02 -2.455831414492857523e-01 5.162269955061074000e+00
-2.492203868191800176e-01 1.485095957663767376e-02 9.683334787332003035e-01 1.316780614276049164e+02 9.600057139073803203e-02 9.953366382529530432e-01 9.442627458660703479e-03 -1.018563003345826390e+00 -9.636773353573860890e-01 9.531371887463438441e-02 -2.494838574542138643e-01 4.642318530208330962e+00
-2.536376615782348076e-01 1.546421589681012607e-02 9.671762430863491966e-01 1.337068437995034174e+02 9.659553153104698253e-02 9.952793081836783795e-01 9.418212935637174099e-03 -1.029990010734349148e+00 -9.624646339795509542e-01 9.581356831129198004e-02 -2.539340625692970699e-01 4.117685370126955569e+00
-2.562535867076822238e-01 1.619964437345157091e-02 9.664744028767936479e-01 1.357393912582962798e+02 9.738477042828588837e-02 9.952049913238223411e-01 9.139665821644020124e-03 -1.036073894022934594e+00 -9.616918676843522196e-01 9.646180944257992662e-02 -2.566024183457669139e-01 3.588798547534136407e+00
-2.593993107673318588e-01 1.628746660465038576e-02 9.656333823042384523e-01 1.377861678666430407e+02 9.677032103728529233e-02 9.952642944307499295e-01 9.208301002722416376e-03 -1.039741894618957607e+00 -9.609102232982049685e-01 9.583312497109526540e-02 -2.597469861222696519e-01 3.048554129908710664e+00
-2.638657783489171127e-01 1.662372387052254638e-02 9.644167272944769165e-01 1.398278334146071984e+02 9.545246144753612161e-02 9.953938345433406276e-01 8.958279057947538676e-03 -1.047362716641473845e+00 -9.598253207771071382e-01 9.441957826591204639e-02 -2.642371133551192353e-01 2.502357942333016894e+00
-2.679069586798134006e-01 1.689905966538754814e-02 9.632971541005742599e-01 1.418746830236608218e+02 9.342438103962157070e-02 9.955901074442605747e-01 8.517141561988548354e-03 -1.051004171313060453e+00 -9.589049620089894477e-01 9.227708570457517079e-02 -2.683042688306747081e-01 1.952316855583712929e+00
-2.729975722434524465e-01 1.693436714815171537e-02 9.618662534315240986e-01 1.439575213642864071e+02 9.267267827991114426e-02 9.956581377585755899e-01 8.773164279644640740e-03 -1.052887766044373619e+00 -9.575411706498039299e-01 9.153361435954605885e-02 -2.733815727183503963e-01 1.375161821806832663e+00
-2.772726921851824122e-01 1.771488117956938196e-02 9.606285317221460174e-01 1.460248178501298355e+02 9.363039758184288353e-02 9.955694735928493078e-01 8.665982589601429337e-03 -1.073400212631923090e+00 -9.562187010089988615e-01 9.234671234907573800e-02 -2.777028421345352216e-01 7.901142969087671108e-01
-2.817529685553263330e-01 1.843273361497450857e-02 9.593105051920772786e-01 1.480945757911996736e+02 9.306466051506752379e-02 9.956264411729544017e-01 8.202931548373357251e-03 -1.078477200973550376e+00 -9.549634768915095107e-01 9.158894926792983393e-02 -2.822361024281772601e-01 1.911742486713200462e-01
-2.866494820282212697e-01 1.841487781892775857e-02 9.578591326594219080e-01 1.501825088122233467e+02 9.222534348262635684e-02 9.957024128973330779e-01 8.457025829849924847e-03 -1.089443592008858319e+00 -9.535866895991783609e-01 9.076293096545567929e-02 -2.871158596128218776e-01 -4.275453539640195477e-01
-2.899926104473939392e-01 1.820162587875007176e-02 9.568563877411403462e-01 1.522559912088009639e+02 9.242402909163623115e-02 9.956785891830856050e-01 9.070691961050109803e-03 -1.095508754499123771e+00 -9.525560921366557077e-01 9.106679577340268117e-02 -2.904216602704619010e-01 -1.043193452636114626e+00
-2.942313287398602983e-01 1.842790570563140190e-02 9.555571664733011339e-01 1.543477082813935795e+02 9.323270281642061230e-02 9.955991185757790962e-01 9.507760960700993233e-03 -1.103028933519629939e+00 -9.511764402013997977e-01 9.188649754572145167e-02 -2.946544917910903782e-01 -1.677538861985629515e+00
-2.982369470532415523e-01 1.930464993253013309e-02 9.542972371715131574e-01 1.564841894512814520e+02 9.427044331564078672e-02 9.955031407686626421e-01 9.323221329862503223e-03 -1.122138554694582568e+00 -9.498256906661675103e-01 9.274239060066340190e-02 -2.987156299944348503e-01 -2.336274537754079450e+00
-3.014008943148121511e-01 2.029144426176013663e-02 9.532821893055860585e-01 1.585926960227363338e+02 9.411055255450558044e-02 9.955250861379183469e-01 8.564514108710936588e-03 -1.127254736226313447e+00 -9.488423217775170393e-01 9.229509961126076967e-02 -3.019617434910626952e-01 -2.986613411902399484e+00
-3.047945163423443349e-01 2.213195261880211359e-02 9.521615756722751067e-01 1.607031213935871961e+02 9.458290244649035505e-02 9.954915758924282043e-01 7.137669921354619466e-03 -1.146494062825820226e+00 -9.477106282066067866e-01 9.223355561016080562e-02 -3.055136276337941936e-01 -3.649597855132405755e+00
-3.084209491204275566e-01 2.326886579802597138e-02 9.509659684221649645e-01 1.628236443155385871e+02 9.516673663562788543e-02 9.954402548800852513e-01 6.507791855204106933e-03 -1.156214988520904097e+00 -9.464781437565672473e-01 9.250729175101581048e-02 -3.092289927516359005e-01 -4.331735390657842188e+00
-3.113164534603479749e-01 2.372812875100013125e-02 9.500106543994604191e-01 1.649328173488694631e+02 9.451295701462689158e-02 9.955050796321637252e-01 6.107301958976654038e-03 -1.174183012314835572e+00 -9.455952839931270892e-01 9.168944341724927227e-02 -3.121596688586739110e-01 -5.007879949753171189e+00
-3.153763136436475989e-01 2.413160529305366162e-02 9.486604546417001238e-01 1.671006503354763595e+02 9.442112611087750962e-02 9.955140467340199972e-01 6.066310171078684310e-03 -1.185399636404214307e+00 -9.442581841746863214e-01 9.148658034294732122e-02 -3.162400239567346172e-01 -5.712274788471049192e+00
-3.188775580939964827e-01 2.458214504360977520e-02 9.474777252100893277e-01 1.692111974440486506e+02 9.474523234046910991e-02 9.954833056474599040e-01 6.059298761171758724e-03 -1.203141350779897589e+00 -9.430490668200498527e-01 9.170099306966664199e-02 -3.197662667905487033e-01 -6.403389432334812170e+00
-3.226571924822496662e-01 2.479448585157887491e-02 9.461917294863936290e-01 1.713439481767448740e+02 9.593392771125681950e-02 9.953658138873254790e-01 6.631027755474954571e-03 -1.215258666864823089e+00 -9.416422481894605179e-01 9.291125929430889274e-02 -3.235405102761775842e-01 -7.128068130445161188e+00
-3.259684316734776655e-01 2.541742297392169878e-02 9.450395532982848179e-01 1.735057828529917856e+02 9.819908777932821742e-02 9.951416174163139061e-01 7.106479335687825374e-03 -1.233513679493698501e+00 -9.402673219530284232e-01 9.511833044953152405e-02 -3.268806551649369174e-01 -7.865370083206182805e+00
-3.286182280889396456e-01 2.526759049492901740e-02 9.441254374940377669e-01 1.756214504246775334e+02 9.910345229434662506e-02 9.950462615218367279e-01 7.864229591703649977e-03 -1.239021444362695901e+00 -9.392495375181882933e-01 9.615024087271172026e-02 -3.294943795672964360e-01 -8.601135735204943344e+00
-3.311710529357338451e-01 2.477127036900786394e-02 9.432461793537754158e-01 1.777715228810844508e+02 9.878645589453283193e-02 9.950721149651013953e-01 8.551375435590433463e-03 -1.253589649155161911e+00 -9.383859029926201467e-01 9.601173646200024392e-02 -3.319860805688147343e-01 -9.348755175203002921e+00
-3.343933320903508255e-01 2.535548328734291146e-02 9.420931147693298868e-01 1.799649883829148109e+02 9.739165285519660320e-02 9.952159007552060510e-01 7.783706005697966883e-03 -1.266462319929885005e+00 -9.373884488609893761e-01 9.435464630217284265e-02 -3.352629079556019298e-01 -1.011792563022203417e+01
-3.369673924969786571e-01 2.712717316657250327e-02 9.411260985855061101e-01 1.821140556735603582e+02 9.632274023578289712e-02 9.953334733494926256e-01 5.798450085006523654e-03 -1.275187764030033533e+00 -9.365767723407274481e-01 9.260555364009989687e-02 -3.380078241329479427e-01 -1.087774650365849638e+01
-3.402029427800093986e-01 2.859314057821015984e-02 9.399178866952285771e-01 1.842807045326204332e+02 9.569174123422082012e-02 9.954017022079660881e-01 4.354621500148178441e-03 -1.299950320169063422e+00 -9.354711087043364737e-01 9.142365597176486947e-02 -3.413746518986740530e-01 -1.165196783517514589e+01
-3.440233475763027626e-01 2.972812515095042338e-02 9.384910351137827345e-01 1.864842827569895576e+02 9.464627749357622244e-02 9.955061605558712667e-01 3.160429256935349922e-03 -1.307967004031089786e+00 -9.341794102338574213e-01 8.991176619835559991e-02 -3.452909535142560937e-01 -1.245278822005087704e+01
-3.468552671923297859e-01 3.042105479944669580e-02 9.374258549407054053e-01 1.886396054228631272e+02 9.314041240471879202e-02 9.956508710153112451e-01 2.152199324941256233e-03 -1.328290119285750359e+00 -9.332831536587800070e-01 8.805855453001124045e-02 -3.481801130750722950e-01 -1.323513118606285133e+01
