1.000000000000000000e+00 0.000000000000000000e+00 0.000000000000000000e+00 0.000000000000000000e+00 0.000000000000000000e+00 1.000000000000000000e+00 0.000000000000000000e+00 0.000000000000000000e+00 0.000000000000000000e+00 0.000000000000000000e+00 1.000000000000000000e+00 0.000000000000000000e+00
9.999999945311304206e-01 -9.605441842574302745e-05 -4.136771485875543464e-05 5.054993700611373417e-03 9.604953019948216585e-05 9.999999884074111112e-01 -1.181510276920450013e-04 1.685878165537758443e-03 4.137906330744788470e-05 1.181470536963148292e-04 9.999999921645233991e-01 -2.486992226415356451e-03
9.999999955836709198e-01 -9.397712064048230275e-05 9.792487179331693045e-07 1.730137577611817398e-03 9.397721010622603539e-05 9.999999913736754564e-01 -9.176564128963394444e-05 2.323434250756740115e-03 -9.706248387437247516e-07 9.176573291142919170e-05 9.999999957890540747e-01 -7.360109778404214445e-03
9.999999793795363301e-01 -1.731047481041835694e-04 -1.061869720505123643e-04 -1.840105247448989984e-03 1.730896298187237269e-04 9.999999748858262594e-01 -1.423668739546237025e-04 2.011821816148622218e-03 1.062116137655685916e-04 1.423484911552689756e-04 9.999999842279999607e-01 -6.556821190451752462e-03
9.999999831292699648e-01 -1.200053622542056640e-04 -1.390689497748573173e-04 -3.639791627559174625e-03 1.199808678667491280e-04 9.999999772920751262e-01 -1.761262063766303853e-04 4.227774367884917089e-04 1.390900827060887206e-04 1.761095177919654226e-04 9.999999748196930494e-01 -1.700106337203107290e-03
9.999999892787072575e-01 1.303638348284761087e-05 -1.458514246952604418e-04 3.319748627278097490e-03 -1.306499731948509955e-05 9.999999806702588590e-01 -1.961855951255386994e-04 1.671757131531138472e-03 1.458488643253382877e-04 1.961874985706481831e-04 9.999999701192866519e-01 1.974645562430191528e-04
9.999999999719400012e-01 -7.309769684697955592e-06 -1.639317370002703762e-06 2.120418415085551379e-04 7.309890180510717294e-06 9.999999972710040819e-01 7.351569511957357222e-05 -3.706691980026266108e-03 1.638779982729478858e-06 -7.351570710074066149e-05 9.999999972963775630e-01 1.406844147430683523e-03
9.999999868598733466e-01 1.069034067754169961e-04 1.218684323217256388e-04 -3.012241918671563004e-03 -1.069154731157565756e-04 9.999999893831507114e-01 9.900899030374686821e-05 -3.586871163388950963e-03 -1.218578466295020012e-04 -9.902201862385575509e-05 9.999999876726524128e-01 -1.013961034510039647e-03
9.999999935762028391e-01 1.053768300584682509e-04 4.175306046522582167e-05 -2.584149977235144363e-03 -1.053744172251924353e-04 9.999999927784957165e-01 -5.778616402215958195e-05 6.074472496538567239e-04 -4.175914948649180666e-05 5.778176394653908641e-05 9.999999974587205909e-01 -4.059207202187531914e-03
9.999999962364483075e-01 -4.431665589851650999e-05 -7.458644293832038784e-05 -1.969202501888464248e-04 4.431909863603105169e-05 9.999999984816573262e-01 3.274908829229213221e-05 5.489165001618771800e-04 7.458499149499578189e-05 -3.275239377296073175e-05 9.999999966821798703e-01 -1.557680418903158344e-03
9.999999833111067327e-01 -1.131011775774371300e-04 -1.434779073134034540e-04 4.081673368989647936e-03 1.131136610867975812e-04 9.999999898180313984e-01 8.700136101105759856e-05 -2.170993392922639705e-03 1.434680658961347158e-04 -8.701758887048245705e-05 9.999999859224265597e-01 -1.567241142013578448e-03
9.999999903299440218e-01 -1.239968075151821870e-04 -6.296748024878387831e-05 -9.064092423955241729e-04 1.239930860378868067e-04 9.999999905663317090e-01 -5.910204054529068744e-05 -1.212620966911318564e-03 6.297480811911480858e-05 5.909423244157456723e-05 9.999999962710226509e-01 -2.464063359901679916e-03
9.999999991580518222e-01 -4.051471191569527803e-05 6.515712207356688177e-06 -3.265174459561505198e-03 4.051572098360014092e-05 9.999999871758243897e-01 -1.549413676316186892e-04 -2.129530700640772534e-03 -6.509434718924632003e-06 1.549416314899439064e-04 9.999999879753589394e-01 -2.334376508675697470e-03
9.999999987006206181e-01 4.016880756154980281e-05 3.138830406335406978e-05 -1.425003539178370561e-03 -4.016528860221129467e-05 9.999999929098203344e-01 -1.121031170494380205e-04 -4.309883316083510524e-03 -3.139280688934115718e-05 1.121018561834821064e-04 9.999999932238327061e-01 -1.792165796240529913e-04
9.999999981405575111e-01 5.894196483953756692e-05 -1.564384192332435070e-05 2.212669821407896135e-03 -5.894270150629829448e-05 9.999999971539751398e-01 -4.709360488714263069e-05 -4.556351644480556747e-03 1.564106608919816184e-05 4.709452688987967412e-05 9.999999987687312464e-01 -1.476797237480741848e-03
9.999999996272621594e-01 2.496398239578313189e-05 1.105781509273214938e-05 -1.752636323017580690e-03 -2.496341943928765200e-05 9.999999983926273206e-01 -5.090749566225766297e-05 -2.200215291143666190e-03 -1.105908592878364387e-05 5.090721960240626579e-05 9.999999986430757604e-01 -4.005674157672143437e-03
9.999999993306241119e-01 -3.447360931992366590e-05 -1.226058522158251435e-05 -7.088107856425166636e-03 3.447081114064487299e-05 9.999999733790724266e-01 -2.281526193656458412e-04 -1.609822289921402760e-03 1.226845013945968988e-05 2.281521965806083388e-04 9.999999738980298591e-01 -3.869955222718430080e-03
9.999999966688950526e-01 -5.701052136758491946e-05 -5.841241523743271788e-05 8.422169793883533097e-04 5.700521674807899208e-05 9.999999942518964513e-01 -9.081086053962064729e-05 -1.851002929453152927e-03 5.841759207617730433e-05 9.080753042472874341e-05 9.999999941706886331e-01 -2.285767231979625360e-03
9.999999982737005633e-01 -4.684953330624360627e-05 -3.546435048090228702e-05 -2.966009048013321103e-04 4.685224217790142189e-05 9.999999959850253139e-01 7.638597182166331182e-05 -8.317873814846414669e-04 3.546077169138283529e-05 -7.638763327413565789e-05 9.999999964537316099e-01 -4.407130593315769442e-04
9.999999977800654305e-01 6.504223628749326587e-05 -1.446985175469391591e-05 -4.021518840740801598e-03 -6.504422014105903720e-05 9.999999884803381089e-01 -1.371443515859778201e-04 -3.336035977822889281e-03 1.446093141268476592e-05 1.371452924617492651e-04 9.999999904910250592e-01 -2.908812761178284235e-03
9.999999984177698753e-01 5.329726216307955640e-05 -1.799616770613223383e-05 -4.200846466041978713e-03 -5.329986740853681534e-05 9.999999880964405286e-01 -1.447972476298368862e-04 -2.288605933787881633e-03 1.798845019504636031e-05 1.447982065940869086e-04 9.999999893549474939e-01 -1.666726727661695107e-03
9.999999982015843614e-01 5.534864728611733057e-05 2.309455651501868200e-05 -9.289542952420098976e-03 -5.534627292611104778e-05 9.999999931846446088e-01 -1.027983507560947427e-04 4.030027557634443224e-03 -2.310024610727866282e-05 1.027970723735925911e-04 9.999999944495702175e-01 -2.439599012635752882e-03
9.999999993101666984e-01 -3.510979472883017449e-05 -1.212306971769044638e-05 -1.905038022565473665e-02 3.510970290479612101e-05 9.999999993549681943e-01 -7.574451776803988053e-06 7.233656553149583196e-03 1.212333564731774733e-05 7.574026134202797441e-06 9.999999998978293947e-01 -1.205318718719250708e-03
9.999999840359674597e-01 -1.117203557963289303e-04 -1.394511631688569967e-04 -2.721291669372921662e-02 1.116942240153419801e-04 9.999999762058329189e-01 -1.873839212995559369e-04 7.096765229134396891e-03 1.394720944490907965e-04 1.873683424186947568e-04 9.999999727203191524e-01 -2.050070276124342766e-03
9.999999270891462011e-01 -9.060172373426791839e-05 -3.709623027257996316e-04 -2.517342284772709077e-02 9.040899703528390249e-05 9.999998609648806935e-01 -5.195155748808574520e-04 1.179853653112171441e-02 3.710093201556026563e-04 5.194819986728059329e-04 9.999997962452479294e-01 -1.361965858142376133e-02
9.999993425300693906e-01 -4.733220685935046344e-05 -1.145730810936274480e-03 1.373255758571707841e-02 4.694096380067576456e-05 9.999999405859429924e-01 -3.415035233526862203e-04 1.295559095378664635e-02 1.145746906979169290e-03 3.414495171158669082e-04 9.999992853378708579e-01 -1.345795436446817553e-02
9.999983237379350687e-01 3.341538315792178367e-05 -1.830684225128445140e-03 3.392793720707770744e-02 -3.293503683690067891e-05 9.999999650266301332e-01 2.624157424482620503e-04 6.305474895016229681e-03 1.830692929825829046e-03 -2.623550089183164210e-04 9.999982898651607055e-01 -1.247849804604977443e-02
9.999979764903853541e-01 1.651936628355919984e-04 -2.004925482038507050e-03 6.535533810397263499e-02 -1.648149075173119748e-04 9.999999685431241181e-01 1.890761675431513263e-04 1.511214026913779564e-04 2.004956653154486238e-03 -1.887453433378071151e-04 9.999979722599513510e-01 -1.730162137621315405e-02
9.999987160897130245e-01 1.074338705033261738e-04 -1.598836104489322757e-03 1.290320694706685867e-01 -1.080336382652448293e-04 9.999999238345764763e-01 -3.750460960205187120e-04 3.614177651361580659e-03 1.598795690059581168e-03 3.752183425763357051e-04 9.999986515308592061e-01 -1.642559278411862000e-02
9.999992558616932481e-01 5.556240933873477731e-05 -1.218683255969901227e-03 2.210605710075707608e-01 -5.660679671448486496e-05 9.999996312054787451e-01 -8.569624128832558632e-04 3.283711472133965959e-03 1.218635191629820766e-03 8.570307609400269712e-04 9.999988902126564216e-01 -1.474152175514985806e-02
9.999989110709496254e-01 2.533814415617948379e-04 -1.453841380628733380e-03 3.515252793184056035e-01 -2.540663809633577058e-04 9.999998568241518226e-01 -4.709585437075530464e-04 6.653001540087643412e-03 1.453721840319040313e-03 4.713274030851844344e-04 9.999988322709632005e-01 -3.532530318411055206e-03
9.999981395927413086e-01 7.219064747435025627e-04 -1.788759933002418605e-03 5.337353135846312213e-01 -7.220157435041442157e-04 9.999997375200223582e-01 -6.044131541204218706e-05 7.022283991465004538e-03 1.788715830511813367e-03 6.173271579955742858e-05 9.999983983410920541e-01 -1.443486107646986538e-02
9.999975063397988917e-01 1.145865967122314559e-03 -1.916847768950152419e-03 7.220675236004033826e-01 -1.144476522962620648e-03 9.999990816943623573e-01 7.257988154348019765e-04 1.018557251745444425e-02 1.917677676859623915e-03 -7.236032182695251386e-04 9.999978994531489862e-01 -2.086262254013963868e-02
9.999977664506312092e-01 1.160058097766912023e-03 -1.766736810801083262e-03 8.443747424251092371e-01 -1.159254832761765115e-03 9.999992242706373657e-01 4.556164574128954256e-04 8.231603373137084262e-03 1.767263981852360737e-03 -4.535673415849052616e-04 9.999983355259572937e-01 -2.254570433364257859e-02
9.999980995639861092e-01 1.204985007307090477e-03 -1.532605477054693743e-03 9.839128684792692869e-01 -1.205407270853812605e-03 9.999992357865897796e-01 -2.746261965890016790e-04 5.278302482450729881e-03 1.532273385367531951e-03 2.764730884648794180e-04 9.999987878497172966e-01 -1.721432125882014011e-02
9.999973311709177137e-01 1.610298788013377448e-03 -1.656680070244721066e-03 1.177471356208849018e+00 -1.610740119610580166e-03 9.999986676194488888e-01 -2.650954434728166513e-04 -4.557921353926172592e-03 1.656250980045083669e-03 2.677632170328899958e-04 9.999985925667849163e-01 -7.654407332254319768e-03
9.999958838595072175e-01 2.215294284668736097e-03 -1.823385662818698214e-03 1.453603368208106428e+00 -2.214228103770041547e-03 9.999973765806301484e-01 5.865370933449711149e-04 -6.407326098654067201e-03 1.824680231584064824e-03 -5.824972872972660181e-04 9.999981656177988620e-01 -5.909774345081410946e-03
9.999944027109088918e-01 2.735198228514781633e-03 -1.926976259140240465e-03 1.681730335111219166e+00 -2.731920090515647156e-03 9.999948202899027194e-01 1.701765549117555077e-03 -1.181582656340499950e-02 1.931620944077147833e-03 -1.696491678687519654e-03 9.999966953727960073e-01 -1.049468509138428915e-02
9.999929707932073697e-01 3.170687358662329161e-03 -2.001276055205402065e-03 1.912381611962835626e+00 -3.167203011292248765e-03 9.999934673924775197e-01 1.741837379127841303e-03 -1.286089383072831424e-02 2.006785803413235324e-03 -1.735486687844230635e-03 9.999964804421541675e-01 -5.249944561553041358e-03
9.999911583839240503e-01 3.641998143310580874e-03 -2.102142597866108169e-03 2.210464815005211747e+00 -3.640555704068695886e-03 9.999931353829908387e-01 6.895948527908923441e-04 -3.218909688736006428e-03 2.104639670635775808e-03 -6.819357884325287326e-04 9.999975527247240148e-01 -9.705951131809702898e-03
9.999897066051527394e-01 4.064495031703464073e-03 -2.016572309119472103e-03 2.495381318637199364e+00 -4.066621237361803254e-03 9.999911785479886905e-01 -1.051388565901266708e-03 -4.579387057304283581e-03 2.012281156421124196e-03 1.059578379322561031e-03 9.999974140057591443e-01 -1.353258063754080379e-02
9.999894941453993935e-01 4.119818744691998089e-03 -2.009649805067385223e-03 2.791399414793375833e+00 -4.122716944905884667e-03 9.999904645591742858e-01 -1.440137395907755118e-03 -6.404848034344062628e-03 2.003697537131996029e-03 1.448407483338346857e-03 9.999969436513003185e-01 -9.065103369265777380e-03
9.999884752564376367e-01 4.309312169509694514e-03 -2.116408025596179000e-03 3.120274381105165418e+00 -4.311429796859860518e-03 9.999902086991648842e-01 -9.970350583127086767e-04 -1.141162430729289815e-02 2.112090767898295793e-03 1.006148312363207460e-03 9.999972633653362308e-01 -3.192963547545428753e-03
9.999849366562431063e-01 5.098680789546652416e-03 -2.032219184965543355e-03 3.444734575829847323e+00 -5.099394554782446694e-03 9.999869380758095172e-01 -3.461978362441098397e-04 -1.950352289244181372e-02 2.030427488015570676e-03 3.565557087930322868e-04 9.999978751138636213e-01 4.664311296334941806e-03
9.999801571517563659e-01 5.899050454796467280e-03 -2.210544385541806430e-03 3.793337297792260365e+00 -5.899293213591902743e-03 9.999825936813814264e-01 -1.033142644453564213e-04 -7.024243804433359661e-03 2.209896452043248142e-03 1.163528638880561021e-04 9.999975514068433213e-01 -4.731978422015295505e-03
9.999733784247353263e-01 6.976310541824530878e-03 -2.138582017415988339e-03 4.121204851474126407e+00 -6.977539834300829427e-03 9.999754954160814391e-01 -5.678954333579363514e-04 3.573305785226483806e-03 2.134567797455087183e-03 5.828023563023541518e-04 9.999975519778693256e-01 -5.623502705922756723e-03
9.999678365972080041e-01 7.749180639833633602e-03 -2.067841993638225902e-03 4.480602683025204591e+00 -7.751267438632566953e-03 9.999694553867456426e-01 -1.003068606895158449e-03 -8.660650729274086204e-03 2.060005872375281991e-03 1.019064741109051812e-03 9.999973589379419492e-01 3.872762250674096143e-03
9.999655016270811991e-01 7.971548876421227434e-03 -2.334515840725715722e-03 4.845387312052634066e+00 -7.974046033077797704e-03 9.999676425088550591e-01 -1.062320641293010726e-03 -1.756607469470936045e-02 2.325971960735573590e-03 1.080899529738264288e-03 9.999967107499126984e-01 1.065257539529172737e-02
9.999610907440169560e-01 8.376361091715463919e-03 -2.766509153632533673e-03 5.280918905996135670e+00 -8.376314086072977894e-03 9.999649176574486598e-01 2.857732178422463335e-05 -2.597683143870200412e-02 2.766651471977033590e-03 -5.403060269074005870e-06 9.999961727978959880e-01 1.136378118100529961e-03
9.999557268162539980e-01 8.939408289724046219e-03 -2.937922192109041711e-03 5.711012109833712991e+00 -8.935817607101905619e-03 9.999593145518507198e-01 1.233046911268108727e-03 -2.368191630312260418e-02 2.948825371208236863e-03 -1.206739583503095093e-03 9.999949240913714732e-01 -5.525980817159037266e-03
9.999477837158350368e-01 9.791244723358032490e-03 -2.925981639883849274e-03 6.130132642102044116e+00 -9.789416849720540895e-03 9.999518787397133623e-01 6.383750151415086517e-04 -2.044674512075643491e-02 2.932091323958290266e-03 -6.096980276028622593e-04 9.999955155443364108e-01 3.056197340919284203e-03
9.999366308451564933e-01 1.087731102587841288e-02 -2.901447722022842263e-03 6.562078955905319866e+00 -1.087716048169905421e-02 9.999408396509423813e-01 6.766109469868197596e-05 -3.307889443401031138e-02 2.902012042134223882e-03 -3.609729457059253127e-05 9.999957885026780069e-01 1.304697280582813729e-02
9.999346503658039786e-01 1.114345488181964564e-02 -2.553117920140303507e-03 7.027538551460620120e+00 -1.114805455014420202e-02 9.999362482988393142e-01 -1.794496527986379035e-03 -6.206308976662696514e-02 2.532958263434432773e-03 1.822841556141383771e-03 9.999951306736932777e-01 9.630854617692644537e-04
9.999520309962038889e-01 9.643851690677475441e-03 -1.712259073628786057e-03 7.497835328202381078e+00 -9.647491140799407949e-03 9.999511930113558211e-01 -2.130143153512034822e-03 -5.942326264352600085e-02 1.691632718767241243e-03 2.146559976910604635e-03 9.999962653225312748e-01 1.358589275669074350e-02
9.999730884412396659e-01 7.331002646622958828e-03 -2.807017702341744634e-04 7.982668842058235903e+00 -7.331092988000747178e-03 9.999730752765469965e-01 -3.221762972249465049e-04 -3.736482012131233515e-02 2.783323371290028327e-04 3.242254777380757500e-04 9.999999087044706414e-01 2.465498699493715723e-02
9.999863779316990886e-01 5.121990585251049756e-03 1.004571294486088836e-03 8.472088020490346594e+00 -5.124749861250094303e-03 9.999830494355339550e-01 2.763653464176341491e-03 -3.442139478427796995e-02 -9.903988594111932248e-04 -2.768763994102126178e-03 9.999956765186758245e-01 1.998890121322842092e-02
9.999916127925119191e-01 3.315745732166731907e-03 2.404199424047108718e-03 8.949274672802891573e+00 -3.324349930861086010e-03 9.999880528230554733e-01 3.583700418737540295e-03 -3.952283726482944820e-02 -2.392288061282386077e-03 -3.591662761687660233e-03 9.999906884148662689e-01 5.016636305246178693e-03
9.999919990985726148e-01 1.788821447907339157e-03 3.577968231806419059e-03 9.447043736437906958e+00 -1.799248194367550520e-03 9.999941383764140435e-01 2.913060031696401448e-03 -3.937806906893680237e-02 -3.572736314839701586e-03 -2.919474377470818085e-03 9.999893560556452066e-01 1.225413755469177170e-02
9.999927449276030389e-01 3.966953693961212447e-04 3.788499035469441913e-03 9.961811939567754237e+00 -4.026513524123149514e-04 9.999986841465785536e-01 1.571488784529297003e-03 -3.034966731270047000e-02 -3.787870648036143015e-03 -1.573002827524638868e-03 9.999915888136551301e-01 2.933284686684875173e-02
9.999952667503977377e-01 -5.297244728905115517e-04 3.030819820387427397e-03 1.047135374666556196e+01 5.247468957144279557e-04 9.999985127919720496e-01 1.642879952855091572e-03 -3.008132439365330049e-02 -3.031685586644907674e-03 -1.641281763401990137e-03 9.999940575206819338e-01 3.567320493655889990e-02
9.999981358383509544e-01 -9.812609291518807272e-04 1.662963262364915758e-03 1.100993782210782967e+01 9.763963770493774320e-04 9.999952498208450891e-01 2.923522851045272028e-03 -3.069134465387640329e-02 -1.665824101740705047e-03 -2.921893689821553237e-03 9.999943437676672708e-01 3.873636282430984595e-02
9.999963494717750701e-01 -1.705752738244016966e-03 2.095578850705930463e-03 1.154956295680704237e+01 1.697511437118548244e-03 9.999908437576622289e-01 3.928212794602922893e-03 -2.387600623861804022e-02 -2.102260222808934823e-03 -3.924641185484785931e-03 9.999900887976443942e-01 1.666218897538659580e-02
9.999930107064092244e-01 -2.342441570184587707e-03 2.914018843722535404e-03 1.208360933577615270e+01 2.330001745189992125e-03 9.999881901357008385e-01 4.265053457207655836e-03 -2.069933391958687224e-02 -2.923975068072648745e-03 -4.258233978505473853e-03 9.999866588175991833e-01 1.006027742683299545e-02
9.999905647926434771e-01 -2.839067464603838714e-03 3.287859732597634213e-03 1.264551833872650377e+01 2.827048275077371879e-03 9.999893260725472022e-01 3.654523091076427015e-03 -1.288270260985998131e-02 -3.298200075827891972e-03 -3.645193671707536946e-03 9.999879171466801164e-01 2.756917674966779391e-02
9.999871943368973115e-01 -3.759272187872234397e-03 3.388072436921867828e-03 1.320777084730670303e+01 3.750061530635461632e-03 9.999892670342372947e-01 2.720818782150436280e-03 -1.119901228060284429e-02 -3.398264371232379271e-03 -2.708078460153041586e-03 9.999905590105923059e-01 3.454521709215881836e-02
9.999833636618385979e-01 -4.745999604671823774e-03 3.278397063750101287e-03 1.375041778038497320e+01 4.736940715040206112e-03 9.999849566789025257e-01 2.765467149623144355e-03 -9.751171391920897963e-03 -3.291472651769230748e-03 -2.749891569845122445e-03 9.999908021097677624e-01 3.347500788863756044e-02
9.999759009137220156e-01 -5.394461159268630970e-03 4.370054987193379946e-03 1.428373254007276927e+01 5.379552253381115687e-03 9.999796947675264613e-01 3.416206989900181113e-03 -1.168298175875728817e-03 -4.388394848129980631e-03 -3.392615723279432307e-03 9.999846159562710834e-01 2.893789901623346900e-02
9.999663774519629289e-01 -6.157306967335369335e-03 5.415859720163986035e-03 1.483065526296663883e+01 6.137329286540007395e-03 9.999743299428156540e-01 3.697653938045209615e-03 -4.076868620437167773e-03 -5.438488285090787785e-03 -3.664290699025698171e-03 9.999784976782480905e-01 1.560982087245952991e-02
9.999586577970860368e-01 -6.908598424457706132e-03 5.912187789620826361e-03 1.537589396448409751e+01 6.891631977476309588e-03 9.999720897849156964e-01 2.885317985163875481e-03 -3.855872124855681121e-03 -5.931956282474361991e-03 -2.844454077334465387e-03 9.999783602536930216e-01 3.373199857227333898e-02
9.999515415685686914e-01 -7.594252099827798058e-03 6.264331543528185720e-03 1.592632674696738171e+01 7.577674712916621091e-03 9.999677356107581350e-01 2.665817592806758989e-03 -6.825277598969883169e-05 -6.284374319548856683e-03 -2.618219344737009961e-03 9.999768255149089624e-01 3.538102378944810861e-02
9.999495485136352668e-01 -7.905164645239600579e-03 6.197483304418648434e-03 1.647055970197211749e+01 7.888743908448795500e-03 9.999653199698709249e-01 2.669564964647649224e-03 -5.490735295565127988e-03 -6.218371726087629572e-03 -2.620539922461789968e-03 9.999772320526058023e-01 3.059618293975917974e-02
9.999483911251776380e-01 -8.403366403346112373e-03 5.709511297811502469e-03 1.699955207743999708e+01 8.388585540767882348e-03 9.999614146347223231e-01 2.607848605678759167e-03 4.143313247333713437e-03 -5.731205701590492800e-03 -2.559819293628840496e-03 9.999803001091521759e-01 2.569111703122187174e-02
9.999436138028541254e-01 -9.257450319043613110e-03 5.202771230705879012e-03 1.753025245542028188e+01 9.245943532385598670e-03 9.999547657056622185e-01 2.231383142846208797e-03 1.020832545587628190e-02 -5.223192805608306392e-03 -2.183152794625380956e-03 9.999839759220098268e-01 1.985984987316337380e-02
9.999375513045642982e-01 -1.006929517512191764e-02 4.847967172743808742e-03 1.806140398195109498e+01 1.006126865084341730e-02 9.999479775842505802e-01 1.677199541693327875e-03 1.139906170006464020e-02 -4.864603187032898179e-03 -1.628318102634518415e-03 9.999868420214285125e-01 2.682671774794889719e-02
9.999346163945505017e-01 -1.058966184680617748e-02 4.315321292015611779e-03 1.857539540739916717e+01 1.058246608155010912e-02 9.999425811931538233e-01 1.686928690187692020e-03 2.162171450682150945e-03 -4.332937515804630157e-03 -1.641151651504045138e-03 9.999892660792619736e-01 2.733716513874264939e-02
9.999292436371416404e-01 -1.131922260101332275e-02 3.658267207650914895e-03 1.910780280740748793e+01 1.131503487457078544e-02 9.999353061425432232e-01 1.163406810061326253e-03 1.419038385284074853e-02 -3.671199400892263386e-03 -1.121931070591852733e-03 9.999926317556703248e-01 2.873487137891823223e-02
9.999228446860636277e-01 -1.210673186667455062e-02 2.780596777459828483e-03 1.964982289121043024e+01 1.211142193057876751e-02 9.999252492605320564e-01 -1.676111596006492951e-03 2.328776758171158603e-02 -2.760096692123076376e-03 1.709659255880734228e-03 9.999947294518500840e-01 2.173962966317053574e-02
9.999165834438413780e-01 -1.230018044292484174e-02 3.941029696268110415e-03 2.016799222439766837e+01 1.231754734788351353e-02 9.999143974149303782e-01 -4.413147365470891474e-03 2.187943663916550388e-02 -3.886409825021762670e-03 4.461323055799041280e-03 9.999824960544377861e-01 3.481620264244317947e-02
9.999077311088439002e-01 -1.230685312071158090e-02 5.750707350331754793e-03 2.070967734227736656e+01 1.233103367887982728e-02 9.999151977346866227e-01 -4.188430208679562276e-03 2.089624240085328002e-02 -5.698673281936720951e-03 4.258955912882844870e-03 9.999746928884539754e-01 4.758391906256249221e-02
9.998990530225785323e-01 -1.256707954302755358e-02 6.629651296258318519e-03 2.123023400944563832e+01 1.259431359136416358e-02 9.999123552646679292e-01 -4.082285417120428209e-03 3.392526883373166158e-02 -6.577767836670820288e-03 4.165369230173070203e-03 9.999696908754100999e-01 5.402829916256315229e-02
9.999007357551402686e-01 -1.308839911252858076e-02 5.216554897672018298e-03 2.173284180193497761e+01 1.310781338984813582e-02 9.999072247383704592e-01 -3.705016079146523748e-03 4.855844753014737503e-02 -5.167578201264377488e-03 3.773025931659817166e-03 9.999795299959158834e-01 6.066900016985194571e-02
9.999028065981497848e-01 -1.369013935978661244e-02 2.637696239647354182e-03 2.224883263152405988e+01 1.369880187610553017e-02 9.999007395188119762e-01 -3.294531361523571344e-03 5.781241486068294799e-02 -2.592331827184934066e-03 3.330344433009320079e-03 9.999910942711716100e-01 3.886440811351798280e-02
9.998989938886059248e-01 -1.419513354936261136e-02 7.072510653797849144e-04 2.279210870973084724e+01 1.419738926873740682e-02 9.998937875558331356e-01 -3.293591535439886232e-03 6.771109665088159701e-02 -6.604229748128719437e-04 3.303299981252296423e-03 9.999943260092669650e-01 3.626957009632487960e-02
9.998905515892635432e-01 -1.479223311565439070e-02 -2.732800222102991779e-04 2.329962482220600606e+01 1.479126758353200080e-02 9.998853223890511455e-01 -3.249688325924841512e-03 7.530879514026672661e-02 3.213188303805330137e-04 3.245290494768434189e-03 9.999946824077685648e-01 4.026920596729435115e-02
9.998895327244387010e-01 -1.484977680744148897e-02 6.375553879612506263e-04 2.379593942886106106e+01 1.485172162113614601e-02 9.998847057890142276e-01 -3.162513890053149281e-03 8.076772404776735859e-02 -5.905192560981131636e-04 3.171633330899846677e-03 9.999947960009704095e-01 3.988310180201287691e-02
9.998907964383797475e-01 -1.476000435096417804e-02 7.331230334767029847e-04 2.431282536405932859e+01 1.476200162447551326e-02 9.998871207663183602e-01 -2.798041043458379933e-03 9.682652684869462456e-02 -6.917411811348677959e-04 2.808557850821998079e-03 9.999958167397186015e-01 5.401734776397979637e-02
9.998906445614922367e-01 -1.474342627065037409e-02 -1.153386407749476712e-03 2.483182239088946730e+01 1.474140477448541639e-02 9.998898222139223080e-01 -1.741958175590927046e-03 1.200035551382815230e-01 1.178941762116960442e-03 1.724765147092747987e-03 9.999978176383731432e-01 8.506490221954379760e-02
9.998839549350996281e-01 -1.494670434809405347e-02 -2.944943543491540180e-03 2.535851440049739125e+01 1.494448851347991540e-02 9.998880261014654325e-01 -7.729954628568261711e-04 1.354215855618337017e-01 2.956167521327750063e-03 7.288950855896151682e-04 9.999953648820278929e-01 7.921118720062142460e-02
9.998829716771931997e-01 -1.521889747343445863e-02 -1.558239287933647303e-03 2.586766018202384743e+01 1.521731390656096312e-02 9.998836865303076804e-01 -1.023116821610305528e-03 1.295753905740072154e-01 1.573628753726890022e-03 9.992848715786148590e-04 9.999982625596360863e-01 5.656286966721690151e-02
9.998798640697307283e-01 -1.549487480028188466e-02 4.077779058326919050e-04 2.637399147325555049e+01 1.549573663716745722e-02 9.998775074282861830e-01 -2.202790291676255674e-03 1.296487076837846142e-01 -3.735959962875183625e-04 2.208844476450615678e-03 9.999974907129070001e-01 6.657261957797995511e-02
9.998743205535515211e-01 -1.582568299612376397e-02 9.438513018480855889e-04 2.688081273474451294e+01 1.582840625118617575e-02 9.998703676595400713e-01 -2.951174668413569704e-03 1.379049639442820607e-01 -8.970245934262769316e-04 2.965743428261233185e-03 9.999951998448775026e-01 8.791678399317810755e-02
9.998688812422281691e-01 -1.581781854822849123e-02 3.466545800980085773e-03 2.740410460196889986e+01 1.583026407649787762e-02 9.998682391563075145e-01 -3.592640495978998566e-03 1.490253065372471319e-01 -3.409261310506236410e-03 3.647045768882834806e-03 9.999875379195864999e-01 7.133145775973907809e-02
9.998557102542502406e-01 -1.557848783671415480e-02 6.772694344948719004e-03 2.791550227476756163e+01 1.561942123787197698e-02 9.998598048675176875e-01 -6.033596811477844567e-03 1.493134414657773523e-01 -6.677750531628521245e-03 6.138511791217065965e-03 9.999588623142585675e-01 8.552502481814214241e-02
9.998576715584084340e-01 -1.529301969985226786e-02 7.124617481499413880e-03 2.841260803955838199e+01 1.534891451572729590e-02 9.998513216831452777e-01 -7.857821050162768980e-03 1.615231169601605288e-01 -7.003388393245978463e-03 7.966057803419185693e-03 9.999437456547672909e-01 1.223184595711079986e-01
9.998681235022330860e-01 -1.560075689351555529e-02 4.511317819946274003e-03 2.889340771633341376e+01 1.562845082956972054e-02 9.998588307644092898e-01 -6.170094577567957102e-03 1.744765042915349118e-01 -4.414422815143490345e-03 6.239785795829771303e-03 9.999707885455610956e-01 1.394421779681559170e-01
9.998730424948824025e-01 -1.570926423637307445e-02 2.667940999908225818e-03 2.938601561070360191e+01 1.571762625439337285e-02 9.998715313943811189e-01 -3.142758657970013813e-03 1.848040786302901362e-01 -2.618227827058893908e-03 3.184293360676940937e-03 9.999915025433160354e-01 8.509738443503461758e-02
9.998693076322424655e-01 -1.601851857535946735e-02 2.185112736446400295e-03 2.988801713819193751e+01 1.602521195328040007e-02 9.998668416060558783e-01 -3.080850301915784902e-03 1.996132767392445606e-01 -2.135471112554688123e-03 3.115464553038487048e-03 9.999928667964318452e-01 5.214264125336787875e-02
9.998701637445157608e-01 -1.611259251598554446e-02 2.000398186130337508e-04 3.038480679096918990e+01 1.611342996490057813e-02 9.998559673740043952e-01 -5.329341550322381875e-03 2.085315006053530262e-01 -1.141414975738000101e-04 5.331872936178703656e-03 9.999857789502363259e-01 7.974289269211840003e-02
9.998651408826346731e-01 -1.601295885028855559e-02 -3.644886364231971800e-03 3.087569852512640622e+01 1.597894366905435598e-02 9.998302083178222111e-01 -9.177575625476453933e-03 2.108163754239247845e-01 3.791227633681008152e-03 9.118096511833881715e-03 9.999512422658569655e-01 1.159307422479379929e-01
9.998675210687439918e-01 -1.588851044970770662e-02 -3.534904176112122452e-03 3.137528279269234233e+01 1.585540443918707562e-02 9.998319298638861374e-01 -9.204247645892713048e-03 2.029411868921953133e-01 3.680551849189557870e-03 9.146980941635542844e-03 9.999513919574984921e-01 1.196910012907961007e-01
9.998861080086839381e-01 -1.497104378116574132e-02 1.907579447583178595e-03 3.187415132157358855e+01 1.498186494602623230e-02 9.998709976499623453e-01 -5.790663278764430523e-03 2.065224892000042667e-01 -1.820641091883185968e-03 5.818582866250078707e-03 9.999814145070112792e-01 1.013041627322127380e-01
9.998884993766582463e-01 -1.283361318752818635e-02 7.634604563923394656e-03 3.238036800908401602e+01 1.285212296821383778e-02 9.999145747719898614e-01 -2.380355805465523937e-03 2.223049186351792605e-01 -7.603403810431722497e-03 2.478211270978669320e-03 9.999680228484268962e-01 8.708898714971761990e-02
9.998929189358285452e-01 -1.094178477088386843e-02 9.717407474023907754e-03 3.286990481544631137e+01 1.096795844654937895e-02 9.999363537904143451e-01 -2.644287398539288316e-03 2.411508951121300037e-01 -9.687855774284010596e-03 2.750584366813960645e-03 9.999492885822448551e-01 9.548272229756869789e-02
9.999235713322823793e-01 -8.487488400638946995e-03 8.989662660129956601e-03 3.337520487041013695e+01 8.530148556170034924e-03 9.999524883189188085e-01 -4.717803558044304790e-03 2.316894373082221958e-01 -8.949193243169225459e-03 4.794126140564573119e-03 9.999484628193818780e-01 1.255517088791287539e-01
9.999533197649224103e-01 -5.135071975735967451e-03 8.184700783462011894e-03 3.386455675624328876e+01 5.183139242577834357e-03 9.999693828054745381e-01 -5.862466991844100979e-03 1.991358747838053445e-01 -8.154346000927495744e-03 5.904615774326307277e-03 9.999493197926856425e-01 1.422582934716721814e-01
9.999834943585805824e-01 1.003344602979448796e-04 5.744644758274399139e-03 3.435570801408560726e+01 -6.981895886967367235e-05 9.999858890823098978e-01 -5.311945178108129148e-03 1.993110578129294597e-01 -5.745096667217635192e-03 5.311456415929681311e-03 9.999693906790477760e-01 1.394345984105498926e-01
9.999644989646506721e-01 7.605532535020268457e-03 3.627214528237031506e-03 3.487342317875911846e+01 -7.588672684144493093e-03 9.999604428357506958e-01 -4.639483874552517879e-03 2.197105812608461384e-01 -3.662356791469781499e-03 4.611793424261520329e-03 9.999826591017185740e-01 1.029481534092881179e-01
9.998650982870554982e-01 1.584696097704935483e-02 4.319612854032185700e-03 3.536897530829345726e+01 -1.583431453126198443e-02 9.998702884108104927e-01 -2.946325950693108511e-03 2.319967548123045009e-01 -4.365742862550507294e-03 2.877530377691438993e-03 9.999863299606568390e-01 8.669005186000966479e-02
9.996437105669433443e-01 2.600796582948008279e-02 6.003135627808727469e-03 3.584645496881024940e+01 -2.599577979914569070e-02 9.996598486754393331e-01 -2.099137640084778201e-03 2.253203132842213074e-01 -6.055687953288112213e-03 1.942333547640162682e-03 9.999797777874320781e-01 9.075276086489618421e-02
9.992298800289101113e-01 3.877910676486234776e-02 5.985627446588176470e-03 3.633760013060066996e+01 -3.877527586468937359e-02 9.992476711398038391e-01 -7.547869207315883230e-04 1.816421293915728430e-01 -6.010394248897498598e-03 5.221112887853027618e-04 9.999818011147877383e-01 1.136079118340037469e-01
9.984393497771261172e-01 5.560549117349448955e-02 5.185958733343426844e-03 3.682696198577720992e+01 -5.561021433502687239e-02 9.984522571011545944e-01 7.709417761547548639e-04 1.333873873288848322e-01 -5.135063606410937564e-03 -1.058130882393808420e-03 9.999862556459432339e-01 1.191498730581746213e-01
9.970118546171105045e-01 7.708108807052133082e-02 5.086021511384893230e-03 3.732731040524318900e+01 -7.708910188772868932e-02 9.970232265540736050e-01 1.398599959902358273e-03 9.819826622318983400e-02 -4.963075970919731718e-03 -1.786497570383996500e-03 9.999860880548978592e-01 1.020640178759759237e-01
9.947390420640763731e-01 1.022786553629143891e-01 5.771901818114644894e-03 3.782612148476685121e+01 -1.022876929924402545e-01 9.947540189226339313e-01 1.292168546394251681e-03 5.679030793829320523e-02 -5.609461268968944821e-03 -1.875765023179366570e-03 9.999825075719324108e-01 1.196073527512825363e-01
9.914964962652065283e-01 1.299561878256019209e-01 6.788750964357164949e-03 3.832221214953164434e+01 -1.299707745932687231e-01 9.915162778436036328e-01 1.751719952354323113e-03 -3.181978667434506858e-02 -6.503510240240577972e-03 -2.619163416555466643e-03 9.999754218667339378e-01 1.351120096716716679e-01
9.870990543505077097e-01 1.599296704686946069e-01 7.612976034906724677e-03 3.881127755888088160e+01 -1.599579207998417796e-01 9.871184669011303647e-01 3.255130742934585122e-03 -1.157106505452763917e-01 -6.994317245082125496e-03 -4.430892295780699056e-03 9.999657227724050301e-01 1.263887580482454809e-01
9.814324497889951315e-01 1.916813414950781502e-01 6.972074570660916071e-03 3.927523690640070697e+01 -1.917200545035115944e-01 9.814348943284538773e-01 5.382276067538957140e-03 -2.193944523206938502e-01 -5.810955372583976285e-03 -6.619026903095095310e-03 9.999612098879205879e-01 1.232875058284466779e-01
9.742935470690234911e-01 2.251853093481017420e-01 6.607616322117637435e-03 3.972213227939811020e+01 -2.252273044959860193e-01 9.742845782108338071e-01 6.497843489198812210e-03 -3.398358074733904832e-01 -4.974479785162621084e-03 -7.819022594765107081e-03 9.999570577962483275e-01 1.180895766775334060e-01
9.653098080337025877e-01 2.610223426823072290e-01 6.656660917951152598e-03 4.019035604414887075e+01 -2.610625577517125540e-01 9.653024935428554665e-01 6.118570100867829972e-03 -4.873622609809269424e-01 -4.828607881173079333e-03 -7.644120654835665635e-03 9.999591251472953468e-01 1.212668075629273617e-01
9.541971072815478294e-01 2.990920881559169242e-01 7.197448024100265573e-03 4.067328780118177178e+01 -2.991486797848313950e-01 9.541659617968528684e-01 8.796859171278851100e-03 -6.546871313068133302e-01 -4.236488937647166567e-03 -1.054704464862697179e-02 9.999354039190037069e-01 1.379839840413828456e-01
9.404295553683926778e-01 3.398678511150712289e-01 9.060638389810549490e-03 4.112153693064893645e+01 -3.399638430481644047e-01 9.403487075472924950e-01 1.299590835838576423e-02 -8.292276619829910267e-01 -4.103268152358770758e-03 -1.530202576655482691e-02 9.998744977235440867e-01 1.469403561841738926e-01
9.242727734648659155e-01 3.815913473563497527e-01 1.038671528108394380e-02 4.156161017939279390e+01 -3.817067891020520798e-01 9.241848063264626045e-01 1.350447735828316266e-02 -1.040624215520940643e+00 -4.446052739926085497e-03 -1.644650048139363607e-02 9.998548620859676328e-01 1.259562863980815961e-01
9.059542757990391992e-01 4.232649199182378363e-01 9.677692289283093899e-03 4.196631589111496652e+01 -4.233635322188533112e-01 9.058640445034172872e-01 1.317772602108419067e-02 -1.292594906194925564e+00 -3.189004329610838247e-03 -1.603559922542753535e-02 9.998663359713972909e-01 1.195101197901623225e-01
8.859586141440950469e-01 4.636721755973627901e-01 9.243787139640021605e-03 4.239764523031291787e+01 -4.637582836739259640e-01 8.858726994516143982e-01 1.256243169629247744e-02 -1.547998170731901491e+00 -2.363968631135821268e-03 -1.541667743445370060e-02 9.998783614566288946e-01 1.386036848713111114e-01
8.648361726828079910e-01 5.019420482583850651e-01 1.061011826180222224e-02 4.281628502903884481e+01 -5.020470728571707619e-01 8.647432007070083859e-01 1.295891455892515289e-02 -1.786969267851775012e+00 -2.670403508678434457e-03 -1.653411688527055973e-02 9.998597361249852433e-01 1.688384726244742673e-01
8.423248804321925576e-01 5.388457054563785542e-01 1.158022090076055860e-02 4.320747265944588378e+01 -5.389640544801493904e-01 8.422229237889177211e-01 1.335270095394489737e-02 -2.049060366060285521e+00 -2.558081939883592639e-03 -1.748863504292813564e-02 9.998437897297377530e-01 1.571668822752750605e-01
8.176185641235231838e-01 5.756189708161448815e-01 1.275476527225520053e-02 4.355460865217919775e+01 -5.757519380173813373e-01 8.175252406460904453e-01 1.273525719337464078e-02 -2.331996519521922551e+00 -3.096686909855617034e-03 -1.775616352464846892e-02 9.998375513987600716e-01 1.478713926048255967e-01
7.906109262350806688e-01 6.121808410828567526e-01 1.299927416411556479e-02 4.390840320462043422e+01 -6.123111514765232632e-01 7.905292125705347672e-01 1.177360820243277331e-02 -2.666446812761039897e+00 -3.068728597001458419e-03 -1.726794381784294008e-02 9.998461886815900312e-01 1.629872234098943273e-01
7.621990867184266216e-01 6.472315871568158352e-01 1.199269744743131950e-02 4.429850735874271805e+01 -6.473407688391409343e-01 7.621111001708251731e-01 1.168760006008215217e-02 -3.009216891435467112e+00 -1.575183908736665743e-03 -1.667164007780023993e-02 9.998597777752488147e-01 1.510337799466591191e-01
7.325353240744667538e-01 6.806391055845907312e-01 1.106376663366817961e-02 4.463730911668285728e+01 -6.807289166977291694e-01 7.324474189966282411e-01 1.135431093081843215e-02 -3.363885348830914168e+00 -3.754392787296758228e-04 -1.584885971248276709e-02 9.998743284489116645e-01 1.530646972334339662e-01
7.019125143729812999e-01 7.121819088162198996e-01 1.075876022061804382e-02 4.493947148357072052e+01 -7.122628710736850222e-01 7.018183214065134568e-01 1.151721442080749086e-02 -3.717097019470817276e+00 6.516567120070479620e-04 -1.574714237661250724e-02 9.998757937116491412e-01 1.441096713810401109e-01
6.694622448423188654e-01 7.428070760717295773e-01 7.612520505783641755e-03 4.521934410707275021e+01 -7.428458191794098386e-01 6.694182204702205929e-01 7.702923481048013464e-03 -4.065607103622451923e+00 6.258261378867945469e-04 -1.081174547660991407e-02 9.999413555311101875e-01 1.162233031527046545e-01
