1.000000000000000000e+00 0.000000000000000000e+00 0.000000000000000000e+00 0.000000000000000000e+00 0.000000000000000000e+00 1.000000000000000000e+00 0.000000000000000000e+00 0.000000000000000000e+00 0.000000000000000000e+00 0.000000000000000000e+00 1.000000000000000000e+00 0.000000000000000000e+00
9.999999979861224908e-01 -7.058805710369420541e-06 6.307081989470672415e-05 5.729326671729654402e-03 7.057888787833974974e-06 9.999999998694135694e-01 1.453819419051965586e-05 -1.771520544970399923e-03 -6.307092250875869107e-05 -1.453774901440893891e-05 9.999999979053563193e-01 1.100512827164327589e-03
9.999999960624759154e-01 -3.473092049918681030e-05 -8.166278996153483066e-05 2.301768142973006307e-03 3.473106398735409465e-05 9.999999993953354593e-01 1.755663913790780688e-06 -5.640143605324825227e-03 8.166272893633241543e-05 -1.758500142461351598e-06 9.999999966640531479e-01 2.498288781049315486e-03
9.999999951779475760e-01 9.435446156430856484e-06 -9.775007562481706827e-05 -2.996477128881400121e-04 -9.436599566842633361e-06 9.999999998858655204e-01 -1.179913138212430457e-05 -3.351347573961007808e-03 9.774996428359157650e-05 1.180005375354957378e-05 9.999999951528516506e-01 -5.728997948421608172e-04
9.999999980911796760e-01 4.192519728516298766e-05 -4.538632528951300638e-05 3.022711484200082781e-04 -4.192512094123677105e-05 9.999999991197258131e-01 1.683041039031859793e-06 -8.928976070332409745e-04 4.538639581138819757e-05 -1.681138208642395917e-06 9.999999989686244595e-01 -2.532252857997751867e-03
9.999999950266649229e-01 -8.497764470509727415e-05 5.220603410571518120e-05 1.579184893086303448e-03 8.497393670789680966e-05 9.999999938674871691e-01 7.102433159972265913e-05 1.958924772027762374e-03 -5.221206926597709658e-05 -7.101989509425697981e-05 9.999999961150372041e-01 -2.777907682758126110e-03
9.999999887234650719e-01 -1.478488388927364297e-04 2.633990427679652253e-05 5.565844067272873383e-03 1.478494049699229118e-04 9.999999888393539260e-01 -2.149058857992456429e-05 -1.467958928472382638e-03 -2.633672662425750796e-05 2.149448267675948366e-05 9.999999994221819843e-01 -2.602999271326952597e-03
9.999999975160089871e-01 -1.316167634625331714e-05 -6.924414984586724426e-05 2.612315144998708389e-03 1.315950148951493056e-05 9.999999994201546061e-01 -3.140888868696587583e-05 -6.286303234045460993e-03 6.924456319934363727e-05 3.140797739045343554e-05 9.999999971093647133e-01 2.011435858467028369e-04
9.999999973498803207e-01 -1.823193633394734310e-05 -7.048287684262904344e-05 6.008193773135538443e-03 1.823182286218018403e-05 9.999999998325033168e-01 -1.610561812568436663e-06 -4.437467184745969885e-03 7.048290619448383887e-05 1.609276776974843257e-06 9.999999975147850773e-01 1.406060204910624485e-03
9.999999996010856540e-01 -2.587172281351232496e-06 -2.812712738002911530e-05 8.462407053579260735e-03 2.586999649523355256e-06 9.999999999778187432e-01 -6.137590950867931687e-06 -2.526536501639889149e-03 2.812714325841040401e-05 6.137518183550884496e-06 9.999999995855973767e-01 1.355536872226997293e-03
9.999999919451075803e-01 1.256766751537579004e-04 1.775269060315602706e-05 6.119259474160166148e-03 -1.256754720755294433e-04 9.999999898075593308e-01 -6.775364961094465326e-05 -1.563566449030256511e-03 -1.776120547562541434e-05 6.775141798742412801e-05 9.999999975471424163e-01 -1.072365056994610240e-03
9.999999873229455938e-01 1.533663320211652492e-04 4.281211061743362529e-05 3.063159199197531494e-03 -1.533646471829901322e-04 9.999999874652442111e-01 -3.935475157110342387e-05 1.884098694157447518e-05 -4.281814577469032876e-05 3.934818520796109256e-05 9.999999983091633071e-01 -3.136429741965067550e-03
9.999999956773727439e-01 9.293416009695113292e-05 -2.914861734269518400e-06 2.013373156054241737e-03 -9.293403091987758116e-05 9.999999947010267398e-01 4.428557813480213731e-05 -4.568790665419920211e-03 2.918977361832109774e-06 -4.428530705352154553e-05 9.999999990151455798e-01 -1.371278700997731297e-03
9.999999985062473229e-01 4.902626814719636335e-05 -2.416465148998569537e-05 -4.707890609600284696e-04 -4.902492082421110159e-05 9.999999972440586360e-01 5.575338437651504577e-05 -4.155370113994656840e-03 2.416738480376188759e-05 -5.575219962310723991e-05 9.999999981538149063e-01 -5.504439861388865478e-04
9.999999989175383242e-01 -4.405405063565208612e-05 1.497210477991327500e-05 3.338218840507653929e-03 4.405376948996611700e-05 9.999999988533302409e-01 1.877777781843995296e-05 -1.350524432322674053e-03 -1.497293199992005478e-05 -1.877711822046097459e-05 9.999999997116155726e-01 1.533799919104963114e-03
9.999999870484529430e-01 1.608131410201239027e-04 6.498276066452997775e-06 2.146242641710435252e-03 -1.608128129009491142e-04 9.999999857963987049e-01 -5.046227959396654893e-05 -2.481739744144384734e-03 -6.506390971838616449e-06 5.046123393434870933e-05 9.999999987056653605e-01 4.442076005570587925e-04
9.999999986077984238e-01 1.189174290619404297e-05 -5.141001448656211408e-05 5.432375944026449598e-03 -1.189565017024549955e-05 9.999999970410670125e-01 -7.600236483507222284e-05 -1.147407574956676264e-03 5.140911053386044787e-05 7.600297628480917535e-05 9.999999957903255021e-01 -1.006110265834965316e-03
9.999999907667886934e-01 -1.358689688250784653e-04 -2.458849185614946429e-06 6.022962344904906479e-03 1.358690029212501521e-04 9.999999906735925759e-01 1.387186900405609382e-05 -1.299400900859925970e-03 2.456964406145459480e-06 -1.387220295736138022e-05 9.999999999007626039e-01 -2.109491166122286730e-03
9.999999771835658136e-01 -1.955851287305178550e-04 8.590299869873400062e-05 3.604588947123542070e-03 1.955808238835571831e-04 9.999999796181421319e-01 5.011842537035343951e-05 -4.827741908967645378e-04 -8.591279936654912274e-05 -5.010162324757012350e-05 9.999999950544090632e-01 -1.091224266486721375e-03
9.999999995770777472e-01 -2.766237077499610791e-05 8.979851836517495177e-06 7.886893216453409738e-03 2.766234178988620919e-05 9.999999996121877732e-01 3.227901933979108005e-06 -3.165214982320002646e-03 -8.979941124455120843e-06 -3.227653528883231760e-06 9.999999999544714191e-01 -1.400551743651029307e-03
9.999999977235826121e-01 6.656166621550893634e-05 1.106251566329840307e-05 6.269650570296359492e-03 -6.656148424901175465e-05 9.999999976495081988e-01 -1.644847987418391350e-05 -5.056016578567428758e-04 -1.106361047552318624e-05 1.644774349927823382e-05 9.999999998035341564e-01 -3.004965802580279646e-04
9.999999993093285910e-01 -9.468210273623745463e-06 3.594016915355869153e-05 3.585598807062667301e-03 9.468810910841733759e-06 9.999999998155252312e-01 -1.671200884534866337e-05 2.777195867119758473e-03 -3.594001091411479096e-05 1.671234914447197907e-05 9.999999992145065519e-01 6.450399086998774177e-04
9.999999857702660533e-01 -1.685632908323061465e-04 6.773829342181093292e-06 4.874356729343050192e-03 1.685638230158913241e-04 9.999999827009123932e-01 -7.864103611472492053e-05 3.780470597090264135e-03 -6.760573233158067262e-06 7.864217681825427613e-05 9.999999968848513054e-01 -6.482831237760929314e-04
9.999999519069342480e-01 -3.094171234231639779e-04 2.114646615432282177e-05 5.751820170488474403e-03 3.094170845201938314e-04 9.999999521288345239e-01 1.842938093796760670e-06 3.447596800887559650e-03 -2.114703537862047656e-05 -1.836394927258842496e-06 9.999999997747153202e-01 3.910299871690700525e-04
9.999999826093478594e-01 -1.864713604002170592e-04 3.120225457387035737e-06 5.068416843524584450e-03 1.864712997924202289e-04 9.999999824257908010e-01 1.941320217377131757e-05 -2.390073206873249859e-04 -3.123845408770608158e-06 -1.941262000366638803e-05 9.999999998066958495e-01 -7.415681577298466115e-04
9.999999981475864441e-01 -5.985372769837619820e-05 -1.106157603518501031e-05 9.841501104510244971e-03 5.985354025218586057e-05 9.999999980652060083e-01 -1.694525794677519768e-05 -1.340946706652699659e-03 1.106259025063806290e-05 1.694459584089909719e-05 9.999999997952498942e-01 -6.222971682332884740e-04
9.999999990533445793e-01 -4.349727735019320022e-05 -1.139132068037166847e-06 9.772293863212230466e-03 4.349724730822645608e-05 9.999999987065847362e-01 -2.635944017725817134e-05 1.479607446856926432e-03 1.140278630443982163e-06 2.635939060319558361e-05 9.999999996519411960e-01 -2.027141063369606577e-05
9.999999781243054109e-01 -2.044417443523696210e-04 -4.421494994786793347e-05 5.248227409477186807e-03 2.044430657344038489e-04 9.999999786550206604e-01 2.988295828771224375e-05 2.983321464066315907e-03 4.420883967998198624e-05 -2.989199707392040562e-05 9.999999985760235077e-01 -2.819825968424146951e-04
9.999999916285932100e-01 -1.260235922453337577e-04 -2.934054574393939611e-05 4.594975734984947310e-03 1.260243116735849424e-04 9.999999917583365372e-01 2.451937672630903308e-05 -3.159957673994401219e-03 2.933745548218982430e-05 -2.452307414312887077e-05 9.999999992689663220e-01 -1.762598219012384603e-03
9.999999984061214153e-01 -5.553960499919297376e-05 1.015427671595130847e-05 8.028903470686469396e-03 5.553930724204782107e-05 9.999999980278246881e-01 2.932125473383903269e-05 -8.812780519512479786e-04 -1.015590518683128788e-05 -2.932069072561016573e-05 9.999999995185773205e-01 -8.112290366348912009e-04
9.999999998628363862e-01 6.860982216508944732e-06 1.507495332273846911e-05 9.857936759732566223e-03 -6.861320995090906000e-06 9.999999997239431559e-01 2.247300721972548187e-05 2.370389697737467286e-03 -1.507479913167403704e-05 -2.247311065073673858e-05 9.999999996338548858e-01 1.155047476747877696e-03
9.999999909620732597e-01 -1.317329498657635913e-04 -2.687533115971364395e-05 1.155693744350505536e-02 1.317319484863232852e-04 9.999999906292474927e-01 -3.725853948349239903e-05 1.306208333632031182e-03 2.688023908518541631e-05 3.725499880701256100e-05 9.999999989447588833e-01 5.665199009869896886e-04
9.999999727351261969e-01 -2.332308636963448462e-04 -1.153737985061614895e-05 7.433143251465488752e-03 2.332307623119060788e-04 9.999999727630906055e-01 -8.788040219907085747e-06 -5.888465156098438491e-04 1.153942917858426699e-05 8.785349108404636351e-06 9.999999998948295721e-01 -4.415376207289781305e-04
9.999999636561989202e-01 -2.689829778934118296e-04 -1.832371530466857923e-05 7.386042285920351412e-03 2.689824076566704313e-04 9.999999633401440713e-01 -3.111550784840922974e-05 2.984967847308329664e-03 1.833208417488354491e-05 3.111057796049352927e-05 9.999999993480332972e-01 -2.228597167448019556e-03
9.999999872268489076e-01 -1.545564641458394407e-04 -4.072592959016670453e-05 9.468168042046988184e-03 1.545556485220473569e-04 9.999999878556847799e-01 -2.002952370969772027e-05 1.692880636646287244e-03 4.072902478794127409e-05 2.002322903139811984e-05 9.999999989701083836e-01 -1.861839778848707865e-03
9.999999971179324154e-01 -7.591362659308582438e-05 -1.120945022231434372e-06 6.264369408053901966e-03 7.591365212846760328e-05 9.999999968586892329e-01 2.279778338244550347e-05 -2.056655162884850688e-03 1.119214356295352342e-06 -2.279786841177122662e-05 9.999999997395022655e-01 -9.977737730460622522e-04
9.999999990794540272e-01 -9.359827610345543427e-06 4.187464047430811647e-05 7.524963170102557872e-03 9.358962453948489442e-06 9.999999997427710952e-01 2.066077690436354708e-05 5.029467145016418717e-04 -4.187483384484686150e-05 -2.066038498215638214e-05 9.999999989098233844e-01 7.242401440998052402e-04
9.999999998693949177e-01 -7.080277172278662392e-06 1.452858611958041011e-05 7.885780708241687739e-03 7.080762203873115039e-06 9.999999994176570484e-01 -3.338485856965577064e-05 -2.467997226870023621e-03 -1.452834973706775903e-05 3.338496143875900737e-05 9.999999993371857521e-01 -8.469624913439645244e-05
9.999999869290032706e-01 -1.609514145080954885e-04 1.538296061222476420e-05 5.270659816267727477e-03 1.609509515823441539e-04 9.999999865946941346e-01 3.008991243068582911e-05 -2.092793095466486189e-03 -1.538780341997961657e-05 -3.008743613523199938e-05 9.999999994289808791e-01 -3.181894722360383313e-04
9.999999944790333162e-01 -1.032057662884176195e-04 1.976114996984711076e-05 4.923848184313164324e-03 1.032037387423826634e-04 9.999999894135579437e-01 1.025761780346711816e-04 4.567612588566686248e-03 -1.977173621370384871e-05 -1.025741380437927841e-04 9.999999945438122761e-01 1.749000408179576848e-03
9.999999955136785745e-01 9.470053334854337433e-05 -2.109956349869725879e-06 3.662197104369281728e-03 -9.470041121813117270e-05 9.999999938450326864e-01 5.780801579824845109e-05 5.204016215282468612e-03 2.115430786810928356e-06 -5.780781572516911781e-05 9.999999983268906822e-01 1.312954064323571717e-03
9.999999912069368335e-01 1.273681752392093647e-04 -3.692525161684666465e-05 6.062863530526925275e-03 -1.273677812372693498e-04 9.999999918317739045e-01 1.067241260767136612e-05 2.231420462862656207e-03 3.692661064095210173e-05 -1.066770942645810299e-05 9.999999992613126665e-01 1.721394665765971438e-03
9.999999457485470034e-01 3.293565419849398337e-04 5.212618306973877814e-06 3.892467114832319584e-03 -3.293563108302459234e-04 9.999999447816669829e-01 -4.428412353927255998e-05 -1.057627535075347748e-03 -5.227203284935514177e-06 4.428240432805915952e-05 9.999999990058725530e-01 1.128183478500228640e-03
9.999993104589947057e-01 1.173179470367399432e-03 5.226342324600422067e-05 -1.021443479992580755e-02 -1.173183334687411417e-03 9.999993090844060406e-01 7.397008742647073775e-05 2.101778254944791733e-03 -5.217660694840008470e-05 -7.403135099822822729e-05 9.999999958984803206e-01 3.696530854277093030e-03
9.999904745494654357e-01 4.360617149925956858e-03 1.892839316994245850e-04 -2.109493692543901525e-02 -4.360660781831675499e-03 9.999904656590843377e-01 2.307129678726103689e-04 9.859598061420285758e-04 -1.882760760774742877e-04 -2.315361732452397825e-04 9.999999554715588435e-01 9.676329567428414158e-03
9.999618794570241942e-01 8.727961221791093530e-03 2.496511300138658696e-04 -1.307902357132070988e-02 -8.728027819025986969e-03 9.999618744133067505e-01 2.669273619412915817e-04 -1.025992438791560038e-03 -2.473118802540067340e-04 -2.690961485331315136e-04 9.999999332120461659e-01 7.985084042525007753e-03
9.999135066782247616e-01 1.315145519709383544e-02 1.356047733529902599e-04 -3.482488450876292801e-02 -1.315149473469486539e-02 9.999134718617266326e-01 2.949163802921210835e-04 -2.707753250182365519e-03 -1.317144601621101643e-04 -2.966742774574950480e-04 9.999999473178357023e-01 1.022526996259336476e-02
9.998439000992314085e-01 1.766766552154474396e-02 1.703800954738595363e-04 -6.507153822313291314e-02 -1.766774105622898744e-02 9.998438108815826952e-01 4.525127224912339611e-04 -8.037354475475417745e-03 -1.623586405317328850e-04 -4.554523167081243147e-04 9.999998831014227374e-01 1.174400343694241740e-02
9.997471560413101477e-01 2.248531798283659455e-02 1.856408439169612064e-04 -9.137005542129821023e-02 -2.248539789692508700e-02 9.997470745501189082e-01 4.402384535700155531e-04 -9.427891465772971283e-03 -1.756949890062031348e-04 -4.443013501780413224e-04 9.999998858637839660e-01 9.176832863429702086e-03
9.996458080257626388e-01 2.661216420087827647e-02 2.263030393213967160e-04 -1.223901110528129443e-01 -2.661224746008001782e-02 9.996457617531029349e-01 3.732213578317857103e-04 -3.437924949128991301e-03 -2.162906460715858018e-04 -3.791115983056169195e-04 9.999999047463716817e-01 8.848306303262052849e-03
9.995471845777670339e-01 3.008919869107539585e-02 2.567582291723731328e-04 -1.567578153636653704e-01 -3.008928459108942827e-02 9.995471579831970432e-01 3.375211254684123757e-04 -6.219834671262218159e-03 -2.464862180513895779e-04 -3.450939621261425749e-04 9.999999100773467875e-01 9.632819022783531068e-03
9.994298755005224244e-01 3.376138097052103215e-02 3.051425464455986771e-04 -1.873166568134145282e-01 -3.376148511819505871e-02 9.994298597563652242e-01 3.428556345239383118e-04 -1.396190340908185640e-02 -2.933932927047723949e-04 -3.529622296676633727e-04 9.999998946690145107e-01 8.904021495101605357e-03
9.993179780830648840e-01 3.692551914338959573e-02 2.910600733196581197e-04 -2.180893015520606604e-01 -3.692562828383928741e-02 9.993179445788109572e-01 3.789704792715573489e-04 -1.439806235288671778e-02 -2.768678725316373588e-04 -3.894595891744914067e-04 9.999998858326982765e-01 8.166426125502822611e-03
9.992278059361285880e-01 3.929034164980935162e-02 2.467734018948056197e-04 -2.503722503895323692e-01 -3.929041446010975158e-02 9.992277892651786342e-01 2.974756739153570115e-04 -1.214630814805383804e-02 -2.348949199641523606e-04 -3.069417942039916083e-04 9.999999253055529280e-01 6.193756058201545928e-03
9.991722269306357873e-01 4.067888651573660364e-02 2.985336058666824763e-04 -2.775831685682054184e-01 -4.067896889314541464e-02 9.991722302600223315e-01 2.752580669402576036e-04 -1.913951830739458668e-02 -2.870892971137757772e-04 -2.871742549919285175e-04 9.999999175553380137e-01 7.582218693151495346e-03
9.991552800134352319e-01 4.109203322856738727e-02 4.137951379174725861e-04 -3.171649056977668413e-01 -4.109214443820502494e-02 9.991553262649648381e-01 2.639352598410597199e-04 -1.536484335064157609e-02 -4.025999795652090161e-04 -2.807160380270445400e-04 9.999998795558739939e-01 9.688809405264836930e-03
9.991192187162871718e-01 4.195841660431311876e-02 5.273213582353729811e-04 -3.609867129657170493e-01 -4.195858144551797148e-02 9.991193042375259292e-01 3.055208698027737403e-04 -1.276033212858964337e-02 -5.140377766132158592e-04 -3.273774288963478599e-04 9.999998142945744073e-01 1.250189865375229796e-02
9.991119206780253448e-01 4.213006160867126260e-02 6.541161340142530875e-04 -3.927564268497059086e-01 -4.213033354025162713e-02 9.991120401688835528e-01 4.076583842967877844e-04 -8.128617829005516451e-03 -6.363606323166481372e-04 -4.348544822153445127e-04 9.999997029733183052e-01 1.080787677137613756e-02
9.991470169352223429e-01 4.128932556987947866e-02 6.558532084252768988e-04 -4.198663589305877686e-01 -4.128968259932826179e-02 9.991470712467076520e-01 5.404904932271804765e-04 -6.663586251795034464e-03 -6.329773244235901595e-04 -5.671094347974152969e-04 9.999996388632326205e-01 9.652690194567419696e-03
9.992122759123858167e-01 3.967744445927103014e-02 7.266823044332081137e-04 -4.590846235729443836e-01 -3.967788318357548527e-02 9.992123428269156227e-01 5.996068853605246180e-04 -3.633078746896542966e-03 -7.023190590122791897e-04 -6.279677761606989716e-04 9.999995562021072315e-01 8.399396042527823222e-03
9.992785960223495856e-01 3.796656916010653082e-02 9.094821673374531160e-04 -5.199876621385935982e-01 -3.796719906282122747e-02 9.992787507489478971e-01 6.856361616175418250e-04 -7.233913234404689904e-03 -8.827949512566933207e-04 -7.196720314547171713e-04 9.999993513724102501e-01 1.311786823743080720e-02
9.993881760861106356e-01 3.495895688487844766e-02 1.069968596859378245e-03 -5.730643279783371735e-01 -3.495954833156718344e-02 9.993885827357424922e-01 5.391455246970641062e-04 1.741515506239842267e-04 -1.050466434434485247e-03 -5.762212814471525009e-04 9.999992822443948270e-01 1.716583076989593865e-02
9.995203696445749131e-01 3.094549951080460826e-02 1.186054635788586897e-03 -6.196733378368135536e-01 -3.094596773502104881e-02 9.995209871930459400e-01 3.784726963159481291e-04 2.969000827794407958e-03 -1.173774473789598741e-03 -4.149947778131811774e-04 9.999992250161092722e-01 1.647834146937489364e-02
9.996611843053023749e-01 2.599999088612082315e-02 1.231692835875411148e-03 -6.805333489130828140e-01 -2.600041540673572044e-02 9.996618776148694652e-01 3.299123989247709516e-04 1.710702238686235199e-03 -1.222698653590734413e-03 -3.618251448124009209e-04 9.999991870449530529e-01 1.679942100596654164e-02
9.997996136279047041e-01 1.997872126370519794e-02 1.258286994115512952e-03 -7.419501286095633308e-01 -1.997918204531725153e-02 9.998003333038976148e-01 3.546973573785465244e-04 2.555638935247116997e-03 -1.250949356472610225e-03 -3.797658257825985584e-04 9.999991454514474132e-01 1.235497778601747643e-02
9.999168322181396507e-01 1.281343003327612036e-02 1.464464961393889368e-03 -7.970880876999667519e-01 -1.281419714504225711e-02 9.999177618520946886e-01 5.156396277285969949e-04 1.164814048823922636e-02 -1.457737414215507345e-03 -5.343626858518275109e-04 9.999987947283492939e-01 1.496678152158918522e-02
9.999846679277388795e-01 5.245057308617725143e-03 1.775748653148959133e-03 -8.496654168751776037e-01 -5.246269282662407822e-03 9.999860080192883860e-01 6.785456959218794928e-04 2.951335697231036864e-02 -1.772164795846429457e-03 -6.878513480229817012e-04 9.999981931445973693e-01 2.329590597675717037e-02
9.999957507957207836e-01 -2.005259001046711016e-03 2.115969480268955344e-03 -8.860782330395077233e-01 2.003451546464214000e-03 9.999976267448954514e-01 8.559710728866731181e-04 4.469285178562233674e-02 -2.117680902232126506e-03 -8.517281933632113488e-04 9.999973949899474412e-01 2.823549405470009849e-02
9.999440814609666939e-01 -1.034212742886884626e-02 2.207793339197347722e-03 -9.328960305445541668e-01 1.034062559530802422e-02 9.999462958408844582e-01 6.905768545897108830e-04 6.220968429052673582e-02 -2.214816805342158940e-03 -6.677082742284570381e-04 9.999973243725102101e-01 2.153985631776332219e-02
9.997925919074779344e-01 -2.025066100857243409e-02 2.164230958815025266e-03 -1.005132514647249620e+00 2.024935043858012637e-02 9.997947650501327610e-01 6.257676608852613936e-04 6.569655785919131796e-02 -2.176458991753406434e-03 -5.818136004932853399e-04 9.999974622563756466e-01 2.548084775299661042e-02
9.995445269949826406e-01 -3.008331287706939375e-02 2.394335130428592445e-03 -1.074040500590947689e+00 3.008131020820247956e-02 9.995470780281278111e-01 8.680907727388691673e-04 6.136315658571363935e-02 -2.419365729761995768e-03 -7.956706430251624714e-04 9.999967567835874593e-01 2.637603303893237133e-02
9.991885283318254762e-01 -4.020434334077369054e-02 2.428091146939771825e-03 -1.126536310298865251e+00 4.020170278639052797e-02 9.991909495276496411e-01 1.126709860027556810e-03 7.577760916685209736e-02 -2.471425328708413971e-03 -1.028182168270352611e-03 9.999964174427193875e-01 3.436548713912248448e-02
9.986957139581638110e-01 -5.099903952670672980e-02 2.443130972107694643e-03 -1.164206225551113860e+00 5.099624257993004561e-02 9.986981316176990475e-01 1.193794809014317101e-03 9.117631558514602275e-02 -2.500832725792985749e-03 -1.067647259399958672e-03 9.999963029756695487e-01 3.311815966991003835e-02
9.980774880492537804e-01 -6.192553409097269895e-02 2.560483711996768517e-03 -1.226963908046609042e+00 6.192311936799827637e-02 9.980804092492367996e-01 1.011909389478683101e-03 1.091161585238858145e-01 -2.618231660540877147e-03 -8.514108430465466707e-04 9.999962099740918875e-01 2.769087126643622263e-02
9.973245770173755353e-01 -7.305217255491874839e-02 2.658601534528859996e-03 -1.287625212720259649e+00 7.305006550481935035e-02 9.973278854959217732e-01 8.813296631155675877e-04 1.098365601511668843e-01 -2.715880493435567523e-03 -6.847607172310529473e-04 9.999960775402598756e-01 3.017060538713492446e-02
9.963764649756547964e-01 -8.500566714499876997e-02 2.824286786306158276e-03 -1.354871841578531022e+00 8.500329922351992917e-02 9.963802184685284224e-01 9.483489464481831797e-04 1.067897192230577857e-01 -2.894678520036592703e-03 -7.048388760360115848e-04 9.999955620093643471e-01 2.985319197265558916e-02
9.952100016809171112e-01 -9.771735734117815986e-02 2.893203851349081951e-03 -1.408342498650674735e+00 9.771435787259043215e-02 9.952138245733386235e-01 1.160880551680632368e-03 1.240494993347281277e-01 -2.992794649870433952e-03 -8.726123792603448495e-04 9.999951408521039475e-01 3.136081620153226973e-02
9.938854548676702150e-01 -1.103755750553609277e-01 2.989152669674275797e-03 -1.441831764461579901e+00 1.103714517047254956e-01 9.938892584972153221e-01 1.511453752783261132e-03 1.422084313009322476e-01 -3.137714307530573270e-03 -1.172294781077432924e-03 9.999943902212005131e-01 2.829316418158687660e-02
9.923164809821274357e-01 -1.236799307413344873e-01 3.358020706554640071e-03 -1.502851737566782253e+00 1.236737340536330498e-01 9.923209296580940419e-01 1.995010708533951748e-03 1.536895391603448069e-01 -3.578977015599129306e-03 -1.564383046005040625e-03 9.999923717855088157e-01 2.605526534796293731e-02
9.904153419535959291e-01 -1.380339367869629630e-01 4.907414597746381606e-03 -1.578553168055021549e+00 1.380035097295932989e-01 9.904130930274137601e-01 6.077537510003917613e-03 1.346581861467839314e-01 -5.699274098998151523e-03 -5.342045953019095191e-03 9.999694899444584451e-01 3.571059046557240827e-03
9.883921122757873823e-01 -1.518267907791778504e-01 5.445915230989931133e-03 -1.659342503289826576e+00 1.517783514534447875e-01 9.883787098101334267e-01 8.417720839442895467e-03 1.224433449259417078e-01 -6.660662210468803329e-03 -7.493436845130019806e-03 9.999497407285858896e-01 -2.867213946759019499e-02
9.861644211919804448e-01 -1.656975840609360429e-01 4.903571296045776233e-03 -1.701017452653263762e+00 1.656582549337995980e-01 9.861542080521822351e-01 7.564424185733194597e-03 1.376404646815947985e-01 -6.089084280467538766e-03 -6.647448934927780405e-03 9.999593664120972614e-01 -2.092224129180729475e-02
9.836502714521545565e-01 -1.800270276037367334e-01 4.734216330719997687e-03 -1.747071134731500441e+00 1.800001657074103423e-01 9.836506617734279700e-01 5.596064510170460984e-03 1.654167410611371014e-01 -5.664257886736045501e-03 -4.652410650468615655e-03 9.999731352680090168e-01 1.073483049376357766e-02
9.808393098246410702e-01 -1.947573473449763781e-01 4.880979191718793318e-03 -1.814608185241201710e+00 1.947337473485273029e-01 9.808437937794187711e-01 4.921366476600944409e-03 1.718311861027925769e-01 -5.745950428059154631e-03 -3.876578329569809692e-03 9.999759778085336448e-01 2.595877163757332948e-02
9.778498877385951582e-01 -2.092553276283286301e-01 4.669572654714739326e-03 -1.881620192884305709e+00 2.092260868227537596e-01 9.778485075069733856e-01 6.061432109843997891e-03 1.645520376526736217e-01 -5.834521613150459723e-03 -4.950174294465565540e-03 9.999707266375351677e-01 1.403866242092433568e-02
9.746614913085331899e-01 -2.236401470989627660e-01 4.479058581945925648e-03 -1.947114943058912973e+00 2.236044709689604393e-01 9.746525169111958098e-01 7.315178833250389999e-03 1.561062246486361604e-01 -6.001493390609623745e-03 -6.128285586149438691e-03 9.999632124197654903e-01 -1.325629216121156431e-02
9.712358912851203341e-01 -2.380774413243190724e-01 4.469386094683656420e-03 -2.000331993955473120e+00 2.380415066992124795e-01 9.712272016060514712e-01 7.346015848538825152e-03 1.674781043252641655e-01 -6.089710006784626595e-03 -6.070814850051216814e-03 9.999630296361409210e-01 -2.212468156928916116e-02
9.677466209155337618e-01 -2.518837655932453790e-01 4.587628704810694028e-03 -2.049355543985073691e+00 2.518496798977845619e-01 9.677416455062334277e-01 6.917101146505526613e-03 1.706465624057051100e-01 -6.181944835536299851e-03 -5.538608440265225738e-03 9.999655530940032566e-01 1.243293051570328002e-03
9.639491257323093976e-01 -2.660473375453658584e-01 4.571343887577672231e-03 -2.109179615924258844e+00 2.660143757039172274e-01 9.639455011271561569e-01 6.739642095175054151e-03 1.795597588941659217e-01 -6.199590209965615689e-03 -5.280628915010769295e-03 9.999668394699348095e-01 1.970097988794746249e-02
9.598755207379121579e-01 -2.803952365965959870e-01 4.182819869532274255e-03 -2.182975278071849878e+00 2.803623839767160342e-01 9.598683025750526232e-01 7.055165666355080016e-03 1.870821740870131089e-01 -5.993191054390961496e-03 -5.599375467517577788e-03 9.999663637619814471e-01 1.259885093933111981e-02
9.555818624801064587e-01 -2.947011800584626862e-01 3.810324290733187874e-03 -2.252877328564740989e+00 2.946651031626285056e-01 9.555675755278092431e-01 7.942643014895974310e-03 1.795161333757233912e-01 -5.981728613743579788e-03 -6.467076004976940289e-03 9.999611971725389514e-01 1.627331723661042855e-03
9.511968662462884083e-01 -3.085634532315098544e-01 3.621736197771869160e-03 -2.315989646915631806e+00 3.085248613042952948e-01 9.511780271646900209e-01 8.530568342940974755e-03 1.721432716853910361e-01 -6.077137517432856795e-03 -6.996854217006937861e-03 9.999570552932061096e-01 -6.372629650866309947e-03
9.465521520356787732e-01 -3.225309400183249964e-01 3.579973117339029301e-03 -2.380080121006667326e+00 3.224939847429650341e-01 9.465354322007443200e-01 8.264707687167218569e-03 1.728001991517534863e-01 -6.054195341206263827e-03 -6.668457051350589609e-03 9.999594383770398220e-01 -6.786033522515955325e-03
9.417310409411020489e-01 -3.363460786831461991e-01 3.736560244296612768e-03 -2.433393465928780142e+00 3.363097508774179345e-01 9.417177738878154125e-01 7.961520492119315492e-03 1.554909389258332109e-01 -6.196611393136561806e-03 -6.240969335619578860e-03 9.999613254066350709e-01 3.389456058689211695e-04
9.365499212791509320e-01 -3.505123582850481756e-01 3.915564004111700414e-03 -2.491425196375016249e+00 3.504738800900306095e-01 9.365375293396329681e-01 8.094165371115935245e-03 1.589315406823831600e-01 -6.504177630960989061e-03 -6.208287031877176079e-03 9.999595756056715024e-01 2.305504060333093009e-03
9.311749528183218549e-01 -3.645522731411190431e-01 3.853231298396497546e-03 -2.545892714977510352e+00 3.645088786807620940e-01 9.311577603796948877e-01 8.860171982763736728e-03 1.607027340938068649e-01 -6.817962062777602021e-03 -6.845833208136117669e-03 9.999533238911688660e-01 -2.998685526492145086e-03
9.255220092073498384e-01 -3.786838581188840536e-01 2.747011646696375861e-03 -2.607623076494260506e+00 3.786266189148616013e-01 9.254700731933597213e-01 1.212547205586255068e-02 1.374712110219577510e-01 -7.133997609357852800e-03 -1.018229952782108948e-02 9.999227104403797250e-01 -2.053638386080033212e-02
9.196162207187471571e-01 -3.928058420688833041e-01 3.094677289133892280e-03 -2.679729478781808449e+00 3.927283710113426696e-01 9.195460990920960587e-01 1.412084442539121056e-02 1.131680129831172249e-01 -8.392448614411462948e-03 -1.177039001326830002e-02 9.998955069031914000e-01 -4.351470957558584846e-02
9.135296077887353761e-01 -4.067596712495484823e-01 3.197739563905514087e-03 -2.739062330509513643e+00 4.066882446628596881e-01 9.134724961903408769e-01 1.314040930982714184e-02 1.075342203566123783e-01 -8.266035712557176160e-03 -1.070366987285612491e-02 9.999085478706798424e-01 -3.907764236066631203e-02
9.071592519164978219e-01 -4.207748123218036373e-01 3.263277164357473569e-03 -2.793800195243993478e+00 4.207160637610432574e-01 9.071209037387041318e-01 1.138682105289840450e-02 1.001369719490517451e-01 -7.751474421957114599e-03 -8.956746944504569846e-03 9.999298432032408535e-01 -1.192973816832048652e-02
9.005159518035474875e-01 -4.348112706272840855e-01 3.190530181315146506e-03 -2.856891079666666666e+00 4.347585765556714055e-01 9.004846222814590906e-01 1.060307247474119065e-02 9.424012175512232192e-02 -7.483358780494561192e-03 -8.161125541547074522e-03 9.999386958065267228e-01 6.376914891025728914e-03
8.939244785931715898e-01 -4.482063480205266681e-01 3.177446463573325129e-03 -2.918698755143450008e+00 4.481530564440335263e-01 8.938935839201259670e-01 1.063478379205125106e-02 6.928819311151908356e-02 -7.606876612461068235e-03 -8.082711211922858838e-03 9.999384007065972302e-01 -1.312582943121941466e-02
8.872757894427797387e-01 -4.612260132494462317e-01 3.498309693791672777e-03 -2.973128944331815404e+00 4.611684960000296263e-01 8.872469790011094926e-01 1.078965015537606230e-02 4.966733838611283453e-02 -8.080332032947327991e-03 -7.960085139394475554e-03 9.999356705702676651e-01 -2.872798136071457592e-02
8.802479613946445625e-01 -4.744927115376920690e-01 4.493679803997017823e-03 -3.030140141299412448e+00 4.744532980945836420e-01 8.802473668144359387e-01 7.657750545948409371e-03 5.694024905439660361e-02 -7.589096635601889733e-03 -4.608678103352407095e-03 9.999605820723110883e-01 -2.106876592537967538e-02
8.730494196780024252e-01 -4.876061287508990372e-01 4.997399770368824747e-03 -3.088084778527792285e+00 4.875820182499417399e-01 8.730609025699899162e-01 5.332530636389754518e-03 4.227696827387138895e-02 -6.963208974076842868e-03 -2.218920511477018385e-03 9.999732946996869876e-01 5.027564679668614783e-03
8.654733090333309731e-01 -5.009301698652817159e-01 4.991619941106813230e-03 -3.149616316889247258e+00 5.009038392062741263e-01 8.654843488875235691e-01 5.673244147258596840e-03 1.839343224971877119e-02 -7.162068088996272758e-03 -2.409719792722876761e-03 9.999714486080135689e-01 1.525539382102144431e-02
8.577150053423109322e-01 -5.141073264435617185e-01 4.315843798443208014e-03 -3.206995199445713762e+00 5.140725846516259745e-01 8.577169755810741814e-01 7.139153286758404861e-03 -1.874867624674744120e-03 -7.372063499207172008e-03 -3.904701923073172157e-03 9.999652023858908167e-01 -5.746806879602525502e-03
8.499830185261441073e-01 -5.267981071946344906e-01 3.552812032054390202e-03 -3.274650415570918405e+00 5.267597645453055977e-01 8.499757106854795019e-01 8.089604495181935626e-03 -2.169633806402680720e-02 -7.281392267892402084e-03 -5.004548018018705607e-03 9.999609671511066056e-01 -3.282011750799886107e-02
8.421871183788685045e-01 -5.391755701467340067e-01 3.249952867654576621e-03 -3.329274367965377568e+00 5.391395815367030497e-01 8.421788559343558189e-01 7.955264767958280386e-03 -3.435013743979745821e-02 -7.026326004854041053e-03 -4.947643281786428225e-03 9.999630751026907793e-01 -2.948129169505615474e-02
8.341065486967048637e-01 -5.515951235731649804e-01 3.014145248036156910e-03 -3.386562157852050170e+00 5.515639625071658836e-01 8.340998305117203193e-01 7.393781421778411120e-03 -4.549695557654750283e-02 -6.592471817543499833e-03 -4.504707606958440261e-03 9.999681229542822791e-01 -1.200363100650499865e-02
8.259400113853506697e-01 -5.637509868432772908e-01 2.814680443241915787e-03 -3.442011029995302174e+00 5.637211302913627264e-01 8.259327917969477850e-01 7.315100650575854201e-03 -5.865871396950887717e-02 -6.448632087123104019e-03 -4.455139473748282244e-03 9.999692829664691418e-01 -9.049302612934741544e-03
8.179412913874823943e-01 -5.752971759634130100e-01 2.281046229121100680e-03 -3.500854157972524749e+00 5.752646074327617542e-01 8.179271509804421081e-01 8.112159037356922106e-03 -9.041240431522139243e-02 -6.532631828597219165e-03 -5.323064675425024685e-03 9.999644942215965004e-01 -2.238284495181024764e-02
8.096907659107014377e-01 -5.868558373601834299e-01 -1.043913415653916496e-03 -3.555407553221730410e+00 5.868447451487993627e-01 8.096615146209897862e-01 7.840716350270799523e-03 -1.104411259617619906e-01 -3.756153641990329743e-03 -6.961170729306158031e-03 9.999687162166100984e-01 -7.378977507997658801e-03
8.010341455828475787e-01 -5.986147838117273912e-01 -2.153650945773499890e-03 -3.606686289272520884e+00 5.986118306139412981e-01 8.010026430949718224e-01 7.657806728785220181e-03 -1.371173570605275782e-01 -2.858996219555195572e-03 -7.423365605183970990e-03 9.999683593912901403e-01 -4.312831834289508615e-03
7.923118102252890704e-01 -6.101135136450978047e-01 -1.869717935537915923e-03 -3.661439617965438487e+00 6.101085354955254614e-01 7.922823660018220027e-01 7.498495719802903033e-03 -1.531978310215556804e-01 -3.093589020937652107e-03 -7.081877589164377318e-03 9.999701379125186529e-01 -7.857433008300900371e-03
7.839557878415293057e-01 -6.208155000786013122e-01 -1.198987874558465677e-03 -3.703169058585279227e+00 6.208053117838980839e-01 7.839283218370447504e-01 7.559833506900251986e-03 -1.799119132497662421e-01 -3.753341266691661692e-03 -6.670913274143160966e-03 9.999707052436209720e-01 -7.808448823434743953e-03
7.756032790579115987e-01 -6.312194013153734629e-01 -1.273152652652630992e-03 -3.747061667316001099e+00 6.312082690081165515e-01 7.755737943723924888e-01 7.836492747846104945e-03 -1.979087500313406189e-01 -3.959122427074607264e-03 -6.881633953606942390e-03 9.999684837352305067e-01 -2.633223287643220514e-04
7.666889653538792038e-01 -6.420160248842899930e-01 -1.858546844422991800e-03 -3.798110389974732382e+00 6.420075233673757653e-01 7.666552953066750886e-01 8.123922569997910417e-03 -2.144455890285231203e-01 -3.790823695005425195e-03 -7.421722846456982152e-03 9.999652732398779387e-01 -7.272740997502235953e-03
7.577183546365054978e-01 -6.525770770591196035e-01 -2.460395074561902429e-03 -3.859204683751125131e+00 6.525714814396629260e-01 7.576799721127257525e-01 8.457036768438917773e-03 -2.484966060416131106e-01 -3.654676263449019909e-03 -8.013635644015679182e-03 9.999612117403225975e-01 -1.719310024802476675e-02
7.491110647611510798e-01 -6.624389201126603677e-01 -2.699957849116906786e-03 -3.917630697193772882e+00 6.624334505967561793e-01 7.490689781071743214e-01 8.808494079505463023e-03 -2.938206228193093184e-01 -3.812634638875915787e-03 -8.387082773296940935e-03 9.999575594292311465e-01 -1.230922003491645260e-02
7.406710901616776477e-01 -6.718644272536430373e-01 -2.127813395599494235e-03 -3.949655862344537027e+00 6.718563868357024793e-01 7.406363405187680327e-01 8.173528677540784979e-03 -3.014860017415180171e-01 -3.915567236953540128e-03 -7.483481415889951978e-03 9.999643322834624870e-01 -1.848085281726857734e-03
7.325856480515493541e-01 -6.806722817379494694e-01 -1.874337895052637266e-03 -3.992559371147591296e+00 6.806635422376251521e-01 7.325548062173070640e-01 7.784481771589512114e-03 -3.122509434445900345e-01 -3.925625736119268266e-03 -6.978593094382120124e-03 9.999679438367026219e-01 5.478655147409341487e-03
7.244959829044813615e-01 -6.892752417724843372e-01 -2.282944316619676516e-03 -4.032419542977437210e+00 6.892606311150160092e-01 7.244484834765448911e-01 9.704492952448469378e-03 -3.483039759562640558e-01 -5.035191178041765851e-03 -8.604409800647480969e-03 9.999503042560580202e-01 -9.859189089371091230e-03
7.162714288400038321e-01 -6.978167778161077361e-01 -2.642882109493341954e-03 -4.079970068914785308e+00 6.977957671658323591e-01 7.162068857637052810e-01 1.134742746629320911e-02 -3.867988323620231705e-01 -6.025574905949884243e-03 -9.972030034062899853e-03 9.999321232283981953e-01 -3.380576394883829522e-02
7.082307985063908129e-01 -7.059751521494480597e-01 -2.867157924449566762e-03 -4.115888720507482113e+00 7.059556957402896016e-01 7.081652313291143530e-01 1.133846499424355156e-02 -4.091994699779365474e-01 -5.974252994627351175e-03 -1.005433658406195210e-02 9.999316069697019582e-01 -3.627072588588250296e-02
7.005962280941365750e-01 -7.135542552873600508e-01 -2.291275096858493617e-03 -4.162731481482822460e+00 7.135336558839521226e-01 7.005422910276535298e-01 1.049859050578823456e-02 -4.344988557513195238e-01 -5.886178824196814686e-03 -8.990174805157449475e-03 9.999422631611398771e-01 -2.438205342639235620e-02
6.928042953399901061e-01 -7.211225922036064162e-01 -2.101278660953103707e-03 -4.195535697313952817e+00 7.211040362122329572e-01 6.927580235860834046e-01 9.761645124164056858e-03 -4.546663567771458414e-01 -5.583665183943395914e-03 -8.278150195225448399e-03 9.999501462135294005e-01 -1.358367968064932985e-02
6.848167823579276448e-01 -7.287109535845426311e-01 -2.514105574889979790e-03 -4.221992000222738461e+00 7.286963188243720246e-01 6.847699830424489598e-01 9.578374384700648683e-03 -4.771733472969740819e-01 -5.258282299780626945e-03 -8.391451003908454581e-03 9.999509658064763551e-01 -1.575205057152586491e-02
6.770689413129244993e-01 -7.359147739534144250e-01 -2.663491409918059168e-03 -4.265471372279421303e+00 7.358992235534818072e-01 6.770188367448161104e-01 9.890776818770754750e-03 -4.985752239515084949e-01 -5.475534930786814594e-03 -8.656799049947599620e-03 9.999475377975739487e-01 -2.674985645014061122e-02
6.693562990519633660e-01 -7.429368673736778117e-01 -2.637426102316510305e-03 -4.305882764611215663e+00 7.429184280804572715e-01 6.693032441309748615e-01 1.026531120887728792e-02 -5.223874468841669394e-01 -5.861240305703037737e-03 -8.830543173502083953e-03 9.999438321072537939e-01 -3.108095435864579800e-02
6.624433288755164906e-01 -7.491070703565666511e-01 -2.726384075350357563e-03 -4.341908791664612188e+00 7.490889887694932581e-01 6.623900185729547641e-01 1.025427711829767115e-02 -5.431350322284560495e-01 -5.875621892404012808e-03 -8.835181759458595949e-03 9.999437067308613036e-01 -2.452116592373686926e-02
