1.000000000000000000e+00 0.000000000000000000e+00 0.000000000000000000e+00 0.000000000000000000e+00 0.000000000000000000e+00 1.000000000000000000e+00 0.000000000000000000e+00 0.000000000000000000e+00 0.000000000000000000e+00 0.000000000000000000e+00 1.000000000000000000e+00 0.000000000000000000e+00
9.999999815619552423e-01 1.061280035040703225e-04 -1.600404202746663520e-04 -2.252759414039516919e-02 -1.061590931212167630e-04 9.999999754956682141e-01 -1.942650508089204095e-04 -2.621586998350988653e-03 1.600197993909898049e-04 1.942820369729317904e-04 9.999999683240764492e-01 -2.244611804385422075e-03
9.999999767716365451e-01 -2.636307061775046747e-06 -2.155221014505362051e-04 -5.943120929067960412e-02 2.620751724738877182e-06 9.999999973919225793e-01 -7.217538680050585628e-05 -4.587262511141533550e-03 2.155222911649197850e-04 7.217482029407064239e-05 9.999999741704683753e-01 1.564143006675219882e-03
9.999999338870625420e-01 1.577793926221863241e-05 -3.632862881435750175e-04 -6.355845310760621647e-02 -1.577335935334005649e-05 9.999999997960976605e-01 1.260974783261603565e-05 2.486146836787684992e-03 3.632864870253354702e-04 -1.260401675377753563e-05 9.999999339320313485e-01 5.396925836141522673e-04
9.999999692167759191e-01 1.063270686359716894e-04 -2.241896556611040682e-04 -2.725316315053408212e-02 -1.063234802558119983e-04 9.999999942193728009e-01 1.601785992971736512e-05 4.246714307139552030e-03 2.241913574972394078e-04 -1.599402281220874941e-05 9.999999747412129381e-01 -2.169316602191955282e-03
9.999999918637869634e-01 1.198025211892408699e-04 -4.381531666094957083e-05 -5.925279770037568741e-03 -1.198070972858934389e-04 9.999999873679293882e-01 -1.044528621309199535e-04 3.094459101774236966e-03 4.380280239124268766e-05 1.044581106669750228e-04 9.999999935849087640e-01 -3.570222990989426436e-03
9.999999999063610145e-01 1.358179445139410962e-05 1.677142322957064645e-06 -2.168396738640170074e-02 -1.358170956384580473e-05 9.999999986273840902e-01 -5.060404017771099000e-05 -1.366384245504899181e-03 -1.677829614327096079e-06 5.060401739451255289e-05 9.999999987182091044e-01 2.162149164384276519e-03
9.999999899278031457e-01 -8.003886522715974333e-05 -1.172099554013347690e-04 -3.947436457546711630e-02 8.002759111830584529e-05 9.999999921716469231e-01 -9.618882881111294263e-05 -2.976221047067932699e-03 1.172176533284794233e-04 9.617944781189427127e-05 9.999999885047676784e-01 1.576355867375545290e-03
9.999999641694459207e-01 -6.983567482853582299e-05 -2.584261699793777094e-04 -3.612119187719622232e-02 6.979596139451216871e-05 9.999999857554868754e-01 -1.536800242776843880e-04 -1.069805195922320096e-03 2.584368986464257909e-04 1.536619816682607365e-04 9.999999547991813564e-01 -2.515715559005849821e-03
9.999999594286690385e-01 7.884919046985502022e-05 -2.737251641230685961e-04 -3.399181106238147176e-02 -7.888133327380867559e-05 9.999999899953179172e-01 -1.174184792144450693e-04 1.631180742680675075e-03 2.737159030325030541e-04 1.174400662565177152e-04 9.999999556437166870e-01 -4.010206804739744127e-03
9.999999470070163321e-01 2.110759956653919793e-04 -2.478565888973301178e-04 -4.618071092281131329e-02 -2.110795189351448583e-04 9.999999776220559466e-01 -1.418888027881872726e-05 4.168611259307622267e-03 2.478535884187770010e-04 1.424119697645698037e-05 9.999999691828930226e-01 9.916751269906133592e-04
9.999999283702519781e-01 1.510700584982086121e-04 -3.470408165540459617e-04 -5.070053206414968511e-02 -1.511273870294486152e-04 9.999999749393297943e-01 -1.651721907222355817e-04 1.372002823013938021e-03 3.470158552844558315e-04 1.652246262627915735e-04 9.999999261404067807e-01 3.069812249799152171e-03
9.999998887170409301e-01 4.808645598317021506e-05 -4.693118350325725815e-04 -3.085486708592522290e-02 -4.808907043140516049e-05 9.999999988282665120e-01 -5.559529699954946785e-06 -3.428644536086945024e-03 4.693115671445839882e-04 5.582097851163204008e-06 9.999998898577404649e-01 3.682115145717890139e-03
9.999999270406848551e-01 -8.538694677421323660e-06 -3.818975197534214740e-04 -1.088555088461090614e-05 8.566285981604720867e-06 9.999999973535418363e-01 7.224634977507072263e-05 -1.389752808466182196e-03 3.818969018532233440e-04 -7.224961594739640525e-05 9.999999244673718479e-01 -5.575281643977279128e-04
9.999998536336780486e-01 -1.485950648900254102e-05 -5.408436165930168233e-04 4.006305189157376850e-02 1.481918146727285741e-05 9.999999971103443741e-01 -7.456341645289125313e-05 2.881059752400099306e-03 5.408447230057356449e-04 7.455539067961853227e-05 9.999998509642284983e-01 -7.694953298781771062e-04
9.999992420950897243e-01 9.818686708526858738e-05 -1.227260601992838374e-03 7.012832126698227697e-02 -9.855120865565602519e-05 9.999999510936942171e-01 -2.968168939082021650e-04 -4.416217782802420166e-04 1.227231398451145410e-03 2.969376169648827129e-04 9.999992028652554543e-01 6.024291399509217569e-03
9.999984074738348383e-01 5.505748155903707701e-05 -1.783821310543401645e-03 1.131517359697515324e-01 -5.598216357047628295e-05 9.999998641022496138e-01 -5.183256501656860818e-04 -9.539853057960261638e-04 1.783792530421173103e-03 5.184246868949135296e-04 9.999982746585378557e-01 1.007808046168835736e-02
9.999984441482315800e-01 -2.161178890560218812e-05 -1.763869056039254340e-03 1.679676336119634295e-01 2.083260183728583129e-05 9.999999022043997154e-01 -4.417659942221670473e-04 2.282480464445411743e-03 1.763878430894033969e-03 4.417285609180260668e-04 9.999983468030132494e-01 5.335682453497357300e-03
9.999990806052718728e-01 -4.021842843290274823e-04 -1.295004406335546580e-03 2.715992154992564189e-01 4.016445246568936599e-04 9.999998323819323520e-01 -4.170345104600982279e-04 9.512692583380976882e-04 1.295171913995540186e-03 4.165139956115566596e-04 9.999990745224740518e-01 2.078227400863905637e-03
9.999989766552753734e-01 -9.838341257504840814e-04 -1.038633147464662187e-03 4.372608963832774198e-01 9.831166479871539764e-04 9.999992779482070882e-01 -6.910750471647803071e-04 -6.300692771019702175e-03 1.039312300732591308e-03 6.900532424183526865e-04 9.999992218279293299e-01 3.444975196087944787e-03
9.999980605588441041e-01 -1.484694680404145513e-03 -1.294048011597215058e-03 5.929816671520735660e-01 1.483659265918236018e-03 9.999985787930371073e-01 -8.007290981844318546e-04 -1.150564769845194117e-02 1.295235010719689725e-03 7.988076188945148577e-04 9.999988421356571511e-01 8.158280790039990418e-03
9.999964398602783078e-01 -1.961279443996545493e-03 -1.809322998095327885e-03 7.068762645030871594e-01 1.959833308233599903e-03 9.999977589671201761e-01 -8.006960355663497167e-04 -6.033799507048406147e-03 1.810889332018444627e-03 7.971472134995681797e-04 9.999980426161578784e-01 4.618860353018417256e-03
9.999944015556555543e-01 -2.656286639590063527e-03 -2.034944381203083758e-03 8.128145813815634835e-01 2.654966844680656506e-03 9.999962636728308985e-01 -6.509926511107828884e-04 4.133337961816815377e-03 2.036666001066721274e-03 6.455862967017936358e-04 9.999977176023621128e-01 5.067992336967437790e-03
9.999896705422608445e-01 -4.129825805947786969e-03 -1.898248559386621825e-03 9.636865982931813734e-01 4.128726012572132668e-03 9.999913068712024122e-01 -5.829267001964562583e-04 5.106285594563711103e-03 1.900639443396852412e-03 5.750833306742743085e-04 9.999980284224909699e-01 6.597086075722281145e-03
9.999793749772285523e-01 -6.207043770974324942e-03 -1.649917505961385946e-03 1.182186341814607466e+00 6.205904058765487202e-03 9.999805016792271406e-01 -6.949936507285316926e-04 -2.661921332775423789e-03 1.654199191351227258e-03 6.847400867217854400e-04 9.999983973767402334e-01 1.227756570201022496e-02
9.999657834992762284e-01 -8.099580200748154532e-03 -1.681853516307807135e-03 1.431507864587587164e+00 8.098404696706229186e-03 9.999669591642701416e-01 -7.045715942019804530e-04 1.913527713790493662e-03 1.687504680596461177e-03 6.909271558118785161e-04 9.999983374724271679e-01 1.667118708593911744e-02
9.999479078464762472e-01 -1.001610380340675448e-02 -1.964499441167483380e-03 1.646132791345108259e+00 1.001488134120978764e-02 9.999496506457797862e-01 -6.311300217398508423e-04 2.112001697302935341e-02 1.970721993700447379e-03 6.114229160196995748e-04 9.999978712061547981e-01 9.628746268111344417e-03
9.999254931258428902e-01 -1.202068415357838808e-02 -2.123993766434613493e-03 1.862116147287203205e+00 1.201921088537452435e-02 9.999275181174486216e-01 -7.050398374163403424e-04 2.096435715251199206e-02 2.132314876569167249e-03 6.794585781038996837e-04 9.999974957815183085e-01 4.116443358084482217e-03
9.998910460640881848e-01 -1.463646343672374284e-02 -1.915708466563567853e-03 2.105499225062585467e+00 1.463426473644200212e-02 9.998922443050943798e-01 -1.156751548602217173e-03 4.841864337018341596e-03 1.932432789813006433e-03 1.128590531110590465e-03 9.999974959903279448e-01 9.618031701069451600e-03
9.998586755904651513e-01 -1.671534398864092663e-02 -1.796140813598482745e-03 2.365745523074826107e+00 1.671301761915622297e-02 9.998594793926144364e-01 -1.302501743526982350e-03 5.822859028187514496e-03 1.817660183489263736e-03 1.272298735173003469e-03 9.999975386806638777e-01 1.761731474388609359e-02
9.998195134432182885e-01 -1.890969620637865736e-02 -1.834101291861969145e-03 2.653181635532134042e+00 1.890801932948406663e-02 9.998207973573031149e-01 -9.273493637987546313e-04 1.605509296283832987e-02 1.851308510810106530e-03 8.925027670263910654e-04 9.999978880455741015e-01 1.448487113205863819e-02
9.997663639251748169e-01 -2.153335472819642438e-02 -1.879414266372260878e-03 2.960399086671551494e+00 2.153243280250820985e-02 9.997680205150502042e-01 -5.094045776225454743e-04 4.721214521063514524e-02 1.889947470288853761e-03 4.688172009377957611e-04 9.999981041526987413e-01 7.881533279425860516e-03
9.996954567302741568e-01 -2.460220271187324795e-02 -1.930133304338899026e-03 3.277556739135161656e+00 2.460045028258786223e-02 9.996969338133051552e-01 -9.264826874778302624e-04 5.363836740612439036e-02 1.952341861084910856e-03 8.787183850186852403e-04 9.999977081050022143e-01 3.066534208572718224e-03
9.996246579405234645e-01 -2.733742584785408061e-02 -1.791196612448388552e-03 3.582121443594838084e+00 2.733451978601636814e-02 9.996250176639299712e-01 -1.627294827476674036e-03 5.396075399237145603e-02 1.835010997037032129e-03 1.577722536041137411e-03 9.999970717588326785e-01 2.318248069727042900e-03
9.995491080938878614e-01 -2.999066474825955522e-02 -1.463057302666572173e-03 3.888757731693656350e+00 2.998732530606803767e-02 9.995477389513507394e-01 -2.253414793276196058e-03 6.739532703331553576e-02 1.529977026440549042e-03 2.208525571508313141e-03 9.999963907860360823e-01 7.103497051237867531e-03
9.994509436806180425e-01 -3.312941046070688733e-02 -5.033273765397319310e-04 4.220961645183324507e+00 3.312816654547165451e-02 9.994484514073903592e-01 -2.305983673982687533e-03 9.974046396267426118e-02 5.794456466846409966e-04 2.288043245917192013e-03 9.999972145465443329e-01 5.303036030577214927e-03
9.993356765677589015e-01 -3.643706900847065722e-02 7.386074272309992332e-04 4.566344029159012941e+00 3.643767350200964594e-02 9.993355892585241707e-01 -8.221867665971907069e-04 1.193262957637446497e-01 -7.081586125702599979e-04 8.485537049420641869e-04 9.999993892338081558e-01 5.518595340541439936e-03
9.992258297655715049e-01 -3.933459876364685248e-02 7.283333082707030802e-04 4.914365125217514674e+00 3.933442370465621563e-02 9.992260700308243093e-01 2.531453668218866982e-04 1.297553346546897746e-01 -7.377270007286986560e-04 -2.243008182681758775e-04 9.999997027239634351e-01 1.029747795063402395e-02
9.991062088539577335e-01 -4.226948384935826780e-02 2.723317472393768797e-04 5.272271968495828354e+00 4.226950418751048572e-02 9.991062427013268632e-01 -6.936122402950000430e-05 1.431372937986653826e-01 -2.691564856137346044e-04 8.081055751191068136e-05 9.999999605122192881e-01 1.987775272331942372e-03
9.989748623369205660e-01 -4.526823413979624150e-02 1.067557733515222694e-04 5.653872725844015790e+00 4.526830909871374514e-02 9.989744979441348427e-01 -8.559489512284961833e-04 1.648704263108909662e-01 -6.789899755055018573e-05 8.599041390670674172e-04 9.999996279772296326e-01 5.268391982330323728e-03
9.988239837731240911e-01 -4.848264358071865954e-02 2.875952207069666731e-04 6.051327025568141948e+00 4.848296391884715506e-02 9.988232431547883206e-01 -1.237393791139393840e-03 1.857612221140242936e-01 -2.272646689175441832e-04 1.249882064670746959e-03 9.999991930724717593e-01 1.188318968103357735e-02
9.986622140994682040e-01 -5.170669914194151590e-02 4.465353206979331274e-04 6.452002082917625003e+00 5.170709141464798625e-02 9.986618727676589424e-01 -9.168302075394940426e-04 2.101692081567874959e-01 -3.985315359196166642e-04 9.386927276618633586e-04 9.999994800141537299e-01 2.235617074037707722e-02
9.984662122540761686e-01 -5.536310877236332029e-02 3.862305757891477996e-04 6.868337991812072829e+00 5.536334017868754787e-02 9.984660837052358184e-01 -6.166478637245393800e-04 2.481142855524006707e-01 -3.514985876617815431e-04 6.370850715424334525e-04 9.999997352856422328e-01 1.276485954975611903e-02
9.982544756154021481e-01 -5.905852973696960190e-02 3.032806061360226774e-04 7.305480860263106280e+00 5.905845706951775437e-02 9.982544963536316152e-01 2.432248448753914643e-04 2.835149984595583539e-01 -3.171157304659825440e-04 -2.248890053202198043e-04 9.999999244312715030e-01 7.247727995698690848e-03
9.980314704459288810e-01 -6.271379583067228369e-02 4.047370081692282175e-04 7.744302011367783400e+00 6.271335256174558059e-02 9.980310508947273229e-01 1.028037174569553999e-03 3.211462852456751227e-01 -4.684122150714189266e-04 -1.000631038320627143e-03 9.999993896635747115e-01 1.458376323431578338e-02
9.977932259870788689e-01 -6.639783609708493906e-02 7.440378168730117701e-05 8.184164655513471942e+00 6.639771154621773586e-02 9.977926089032657098e-01 1.119606823804505935e-03 3.471414229693257081e-01 -1.485790138221907081e-04 -1.112195863726623928e-03 9.999993704721205079e-01 1.943113865410319580e-02
9.974830463166222128e-01 -7.090302674453287379e-02 -5.771562832907413442e-04 8.629178840736475564e+00 7.090378271424670198e-02 9.974821543593086481e-01 1.416097285951844727e-03 3.941418587180863242e-01 4.752975091201560405e-04 -1.453455598374556049e-03 9.999988307788671982e-01 2.516036385386203125e-02
9.971606766661431642e-01 -7.529957856910164671e-02 -7.472469706157012235e-04 9.062665286339028015e+00 7.530077844072384508e-02 9.971593583693415530e-01 1.734007688563072962e-03 4.366779114591040067e-01 6.145542615782053969e-04 -1.785352558646683633e-03 9.999982174180616079e-01 2.272083971214976239e-02
9.968921081415430541e-01 -7.877684912634584646e-02 -5.768594586293285123e-04 9.512636707573079775e+00 7.877805878001491180e-02 9.968890110261554582e-01 2.513394148587719777e-03 4.762674655476595298e-01 3.770675835757394631e-04 -2.551026659715939504e-03 9.999966750359817746e-01 1.866475233578159670e-02
9.966325478932658299e-01 -8.199613633582250594e-02 -4.450907485417550380e-04 1.001413370439795258e+01 8.199714011565784055e-02 9.966274979328517691e-01 3.177951692013066681e-03 5.241029621628292556e-01 1.830099188652682251e-04 -3.203746260365058877e-03 9.999948512453795679e-01 2.093349473557723842e-02
9.963395029177638529e-01 -8.548109148154676984e-02 -7.602135927248063370e-04 1.052359004506478080e+01 8.548352010718769656e-02 9.963309758466745159e-01 4.141782043674207582e-03 5.767972551513195212e-01 4.033803009194699557e-04 -4.191606796527529329e-03 9.999911338190934362e-01 2.666717242842054150e-02
9.960406905343923700e-01 -8.889259263343440853e-02 -1.024585124392006844e-03 1.102811426222073621e+01 8.889640669066392609e-02 9.960301530126284275e-01 4.622030628212436994e-03 6.334424690505998656e-01 6.096533924496883462e-04 -4.694812514502984084e-03 9.999887934663042044e-01 2.507747358098292439e-02
9.957649576688658577e-01 -9.193305048969291349e-02 -6.806661305431510687e-04 1.153007605634196686e+01 9.193546335907892830e-02 9.957477983947989886e-01 5.847441223495479165e-03 6.849093334324364291e-01 1.401986916951278393e-04 -5.885254418489473463e-03 9.999826719122469898e-01 2.624529630682115311e-02
9.954417250417088026e-01 -9.536886293731808295e-02 -7.429858882206027970e-04 1.205469347409497161e+01 9.537173869126785997e-02 9.954161617889237812e-01 7.134164871349508302e-03 7.312868248744665012e-01 5.920296932792620077e-05 -7.172505242250789767e-03 9.999742755009042305e-01 4.186694390222477080e-02
9.950572830880645148e-01 -9.929523890608010772e-02 -1.207850977497253392e-03 1.259394279323754695e+01 9.930190917246550786e-02 9.950217743506748480e-01 8.414238096111345544e-03 7.883948860152127924e-01 3.663442408144974675e-04 -8.492590807233951072e-03 9.999638701939576046e-01 5.016948430277915622e-02
9.946913223838924623e-01 -1.028854814686269853e-01 -1.936718139577141328e-03 1.313127947127738615e+01 1.028996230978070220e-01 9.946433576510620433e-01 9.811149114689792297e-03 8.610617053523478281e-01 9.169190327473735868e-04 -9.958352453605519641e-03 9.999499939876479448e-01 5.398381557255828994e-02
9.943555266474856102e-01 -1.060555529294904126e-01 -3.050625906513505705e-03 1.368008094042547995e+01 1.060861659851320277e-01 9.942747047620222878e-01 1.278815299284649827e-02 9.248360144945442229e-01 1.676905535934839712e-03 -1.303959981032743430e-02 9.999135746776368627e-01 6.036943890095665399e-02
9.939816425783083442e-01 -1.095022949920941291e-01 -3.121155041397775422e-03 1.425389685542800677e+01 1.095385010832034822e-01 9.938531521165432370e-01 1.603835429388871664e-02 9.880260458904459586e-01 1.345733173060496488e-03 -1.628371639017536787e-02 9.998665058810357609e-01 2.370930337547988084e-02
9.935499632417578164e-01 -1.133950417831490198e-01 -1.871932144759015518e-04 1.483097868258047036e+01 1.133806892218378881e-01 9.933950958904526063e-01 1.763527069198009278e-02 1.062552572012850138e+00 -1.813795435729896165e-03 -1.754274664345020079e-02 9.998444689982142197e-01 8.582191720670137580e-04
9.930791762219199903e-01 -1.173377450504030917e-01 5.059974395128985156e-03 1.539772382648084381e+01 1.172358312395824775e-01 9.929560637670135081e-01 1.714687440563893855e-02 1.137393238465557621e+00 -7.036307835569296371e-03 -1.643499360526869124e-02 9.998401779070682505e-01 -7.351484925881841825e-03
9.926864877407333143e-01 -1.204304553637656067e-01 8.369138417006330433e-03 1.597394676383945189e+01 1.202734946020971168e-01 9.925910222051256282e-01 1.724381436872669815e-02 1.213849666207965639e+00 -1.038381207294650221e-02 -1.611111599672248457e-02 9.998162873189123667e-01 6.570576223792154447e-02
9.923965098703292353e-01 -1.230622660189586576e-01 2.201335837297155665e-03 1.655755856020726569e+01 1.229975128748719143e-01 9.922194347669494041e-01 1.929261769048559727e-02 1.288671653081465696e+00 -4.558401450643818388e-03 -1.887516762931060188e-02 9.998114567373090900e-01 1.318825231113079921e-01
9.920910693642784883e-01 -1.251225656092863903e-01 -9.982668129928014625e-03 1.714952208090287300e+01 1.252954642149241293e-01 9.919347995474746549e-01 1.914158023461072847e-02 1.364575962832037082e+00 7.507112281638607214e-03 -2.024097384171994959e-02 9.997669459644731305e-01 8.945649217299325717e-02
9.916955766695788599e-01 -1.271787003209998157e-01 -1.911704471545418171e-02 1.774784639599386082e+01 1.274976506501832585e-01 9.917015180574049182e-01 1.650600379626839323e-02 1.438645522494032658e+00 1.685919015478429955e-02 -1.880630924184555422e-02 9.996809943377061858e-01 1.226431347472146938e-02
9.913860329696354556e-01 -1.295639379642261890e-01 -1.915514583423928718e-02 1.837887523156452474e+01 1.298421031008762661e-01 9.914349072480757030e-01 1.406602119794309741e-02 1.528625884043780747e+00 1.716863113559859849e-02 -1.643200137541722325e-02 9.997175738355948971e-01 -9.566354738260618440e-03
9.912098620266400761e-01 -1.320974724155876134e-01 -7.298438363261326375e-03 1.900476825361456434e+01 1.321863469271997160e-01 9.911336280262071918e-01 1.344994727312533167e-02 1.612454765234408560e+00 5.457023655002070026e-03 -1.429647428637298781e-02 9.998829090027531175e-01 5.996586710478146731e-03
9.908966321932700660e-01 -1.344162095123017098e-01 7.493125408017782541e-03 1.963722496683539376e+01 1.343017329432467655e-01 9.908398762390844272e-01 1.412034641772734814e-02 1.693187367831554990e+00 -9.322490894395796257e-03 -1.298546398327047463e-02 9.998722262812699269e-01 8.480436487167568316e-02
9.905485804144905648e-01 -1.364985606928350859e-01 1.347786213099253817e-02 2.025475114141426047e+01 1.363282871328288237e-01 9.905805318356125655e-01 1.283775976189138919e-02 1.776617591664371831e+00 -1.510324356774421679e-02 -1.087901084931315425e-02 9.998267545713477311e-01 1.417323559289102031e-01
9.902569277260550029e-01 -1.390853626616065375e-01 6.817549695014893732e-03 2.089358274071461707e+01 1.390152738373412467e-01 9.902411611214675391e-01 9.858826539544028600e-03 1.873549591424689575e+00 -8.122236790665206610e-03 -8.815027742280788503e-03 9.999281596971950625e-01 1.414185397653668907e-01
9.898591940224270580e-01 -1.419296779625760785e-01 -5.894278811744131305e-03 2.153685925558887249e+01 1.419779853966627037e-01 9.898307133242512101e-01 8.798330677404122419e-03 1.972329610474609751e+00 4.585593961108492059e-03 -9.545966344135705522e-03 9.999439218549110997e-01 9.413176856111091229e-02
9.893561775973883643e-01 -1.449122668533817104e-01 -1.322077022337062209e-02 2.217905488914774637e+01 1.450291853840378620e-01 9.893920947212035966e-01 8.355733961252113234e-03 2.064574057596815226e+00 1.186967719557954597e-02 -1.018419454857006148e-02 9.998776889923435274e-01 1.778006934606760070e-02
9.888724344554314927e-01 -1.482902276809604236e-01 -1.188767212356016227e-02 2.282722861453255447e+01 1.483860132613341876e-01 9.889001427436495684e-01 7.622253603532391439e-03 2.163418590137531794e+00 1.062541493756851037e-02 -9.301400750334752263e-03 9.999002872794298113e-01 2.556856187410910808e-02
9.884750345780819458e-01 -1.513034570639492649e-01 -4.936587521483734760e-03 2.347585684245155946e+01 1.513428330983148662e-01 9.884410242840119265e-01 8.926834945769608273e-03 2.266267930325260416e+00 3.528864638268840604e-03 -9.571070623031580418e-03 9.999479695071608054e-01 1.122413286779244401e-01
9.880929772765361108e-01 -1.538541128808653957e-01 1.086373063255372364e-03 2.413918605960765618e+01 1.538312981858797890e-01 9.880286149373985749e-01 1.163562475042717419e-02 2.386187961611878627e+00 -2.863556396785118391e-03 -1.132996092348739596e-02 9.999317136836067821e-01 1.599893027303364024e-01
9.875865404657568902e-01 -1.570303722578234029e-01 3.779851775827259078e-03 2.483333449939249249e+01 1.569670234752726934e-01 9.875121198674298162e-01 1.345981635269193760e-02 2.509571880410045530e+00 -5.846249412316999530e-03 -1.269942138463012529e-02 9.999022682564054909e-01 1.218489146525292555e-01
9.870448626851358043e-01 -1.603838320966226028e-01 4.411966555157138814e-03 2.550588941171523771e+01 1.603300046659938416e-01 9.870061669445091557e-01 1.063560140801420202e-02 2.607990583897419778e+00 -6.060416708762570229e-03 -9.790445112972662525e-03 9.999337070695266672e-01 5.344510408214440955e-02
9.865465459849825924e-01 -1.634543330230703306e-01 2.931487861800786097e-03 2.615609607882461063e+01 1.634164531275464904e-01 9.865031263155348284e-01 1.032688805440639540e-02 2.696004205451308700e+00 -4.579896539559427486e-03 -9.708902392086268124e-03 9.999423792209368722e-01 1.144364857145544478e-01
9.861592801020641064e-01 -1.657959297876240856e-01 1.258544570485461717e-03 2.681500059467212793e+01 1.657709463322453169e-01 9.860976792588701523e-01 1.146125265328299184e-02 2.818774427480596589e+00 -3.141276920381492078e-03 -1.109399054117874220e-02 9.999335256671724181e-01 1.333789286950130271e-01
9.856530021276544984e-01 -1.687683768930344774e-01 2.322575646272347603e-03 2.751528503340598775e+01 1.687316201981208241e-01 9.855956994981071029e-01 1.143492353074919074e-02 2.966500720198962160e+00 -4.218974052905570017e-03 -1.087897475535486852e-02 9.999319217657836045e-01 8.084847172289641448e-02
9.850449351421104449e-01 -1.721781803626998841e-01 6.414823291794825334e-03 2.821300917580896694e+01 1.721383564603281568e-01 9.850525162163054071e-01 6.318744421348962068e-03 3.086502635863813016e+00 -7.406887741310280542e-03 -5.120010050274266880e-03 9.999594609338283702e-01 3.985657973757281147e-02
9.843882592061896641e-01 -1.757444914824548565e-01 9.676200213969509897e-03 2.888264412146940430e+01 1.757152106588337204e-01 9.844336921827322451e-01 3.804002969926414263e-03 3.185688396609807960e+00 -1.019411007048481345e-02 -2.044360302606334362e-03 9.999459488946509378e-01 1.345479817233207476e-01
9.838290997598079235e-01 -1.789880361773242834e-01 6.601921780117461259e-03 2.955665793876703518e+01 1.789677282860716589e-01 9.838485289556104796e-01 3.553069659340074571e-03 3.305258565862187137e+00 -7.131247992375084298e-03 -2.314082381022472545e-03 9.999718947674505198e-01 1.826200707011609858e-01
9.832123511110861802e-01 -1.824649674477567540e-01 9.097746525723769077e-05 3.025517507999030542e+01 1.824638144386480088e-01 9.832076835783674085e-01 3.099576254855563890e-03 3.449489851421114750e+00 -6.550138233174601860e-04 -3.030941561645839315e-03 9.999951921635129581e-01 1.153020515224661979e-01
9.824547845628420761e-01 -1.864168181018666104e-01 -5.600555182767546873e-03 3.094469295680626786e+01 1.864266410436580257e-01 9.824680477276254154e-01 1.281679931776862893e-03 3.584542130565630647e+00 5.263439821897606362e-03 -2.303285271955359675e-03 9.999834954028977707e-01 7.689227548851051974e-02
9.816720148688150571e-01 -1.902973394365419235e-01 -1.034300859394958472e-02 3.162181777281766060e+01 1.902946930267910841e-01 9.817262200387545379e-01 -1.248476775222977708e-03 3.704963577209792636e+00 1.039158453943972438e-02 -7.426249339090370150e-04 9.999457302668816050e-01 9.443457428565089906e-02
9.809323559550721106e-01 -1.940928067129235601e-01 -9.984759522958273209e-03 3.232103363071454538e+01 1.940753792860931415e-01 9.809829174002182572e-01 -2.694981245868340383e-03 3.846878500026567060e+00 1.031795500042049715e-02 7.057983112658096705e-04 9.999465193965890730e-01 1.348374007165389632e-01
9.801991880867424456e-01 -1.979114480099069262e-01 -6.372630595975466682e-03 3.302962027599720329e+01 1.978968298486341315e-01 9.802186986127539026e-01 -2.854404627932030213e-03 4.005569115474287401e+00 6.811491022647097986e-03 1.536761706030059706e-03 9.999756206795780145e-01 1.605884012553443485e-01
9.794787955612337393e-01 -2.014932023210777023e-01 -4.666740223329777365e-03 3.373416695206201865e+01 2.014843569034479032e-01 9.794890352643716991e-01 -2.298634393385266990e-03 4.149901238993901842e+00 5.034180084067287064e-03 1.311188494335575969e-03 9.999864688162602988e-01 1.614618724646307846e-01
9.786609396797013583e-01 -2.053474777246886152e-01 -7.428225720348782465e-03 3.444755580584908472e+01 2.053386967504279015e-01 9.786890610349459063e-01 -1.934276963552172476e-03 4.302263533387088223e+00 7.667122151090192614e-03 3.676991221663411481e-04 9.999705395836798738e-01 1.611611716974472586e-01
9.777645678104504023e-01 -2.094423092628368011e-01 -1.050566633266665495e-02 3.515740125289021734e+01 2.094451069672773613e-01 9.778200408252045728e-01 -8.455341867353558015e-04 4.456635548753728138e+00 1.044974171493461348e-02 -1.373627040145635608e-03 9.999444564808815938e-01 1.591795721520296858e-01
9.767835447130929216e-01 -2.139190038416414197e-01 -1.151375582184417136e-02 3.585591409827207343e+01 2.139235808322767496e-01 9.768500315639955245e-01 -8.469931035248999020e-04 4.618151640815806758e+00 1.142840065895540068e-02 -1.635734948228782185e-03 9.999333557940536243e-01 1.546194081725284497e-01
9.757966654708210008e-01 -2.185018634064566090e-01 -8.820620382538259252e-03 3.655657845362254221e+01 2.185141049735011554e-01 9.758336922519139645e-01 4.370281760574407657e-04 4.773221815690686043e+00 8.511967085015122170e-03 -2.353880605115014554e-03 9.999610020708009639e-01 1.751783572402628719e-01
9.749790961092208441e-01 -2.222427316373706829e-01 -4.891869213943432493e-03 3.726517519737741679e+01 2.222545988059235200e-01 9.749865577480093526e-01 2.026208356904114598e-03 4.938030359764955080e+00 4.319196645751328251e-03 -3.062751221899368513e-03 9.999859819493911450e-01 1.970911098427084451e-01
9.742697402271843776e-01 -2.253667017898593750e-01 -2.884961354222291812e-03 3.797692046594391968e+01 2.253735981692937262e-01 9.742696079641197660e-01 2.339283152197094498e-03 5.118573341534867538e+00 2.283533639006543343e-03 -2.929286909989328377e-03 9.999931023523704887e-01 2.163016235470320292e-01
9.733504812786817340e-01 -2.292942253320721657e-01 -3.605388179308805820e-03 3.869655939295670066e+01 2.293043109190374129e-01 9.733510801440922178e-01 2.684730205139207460e-03 5.305357009400791135e+00 2.893715346055958891e-03 -3.439914489327709941e-03 9.999898966488621754e-01 2.274990626648642489e-01
9.724361981649920494e-01 -2.331075049825971912e-01 -5.360188355334262120e-03 3.939879468365697335e+01 2.331242634509462230e-01 9.724430921949250850e-01 2.740480400619286008e-03 5.462521899566947781e+00 4.573651590366410030e-03 -3.914532304219531592e-03 9.999818789097976168e-01 2.385096232355809476e-01
9.715280736106803872e-01 -2.368417768751889252e-01 -6.258986573206119959e-03 4.010403976937286785e+01 2.368557513693537731e-01 9.715435368353153578e-01 1.584006560962185339e-03 5.631075292155129475e+00 5.705719023857182444e-03 -3.021383810365702374e-03 9.999791577879467708e-01 2.274716142077543857e-01
9.706943917680398437e-01 -2.402245013171538379e-01 -6.677331577798409704e-03 4.082844569874944796e+01 2.402306247796885952e-01 9.707158352590098405e-01 1.187238954170608592e-04 5.813585601622554222e+00 6.453271111272952665e-03 -1.719344156245852014e-03 9.999776993251583423e-01 2.439751675636488426e-01
9.699250500629664762e-01 -2.433279726868775861e-01 -6.074122854055445664e-03 4.155210210730135856e+01 2.433325889180151524e-01 9.699429110535593423e-01 2.161951432648478739e-05 6.004014951078935347e+00 5.886291770567955023e-03 -1.499001347998847426e-03 9.999815521119129746e-01 2.568489830006494001e-01
9.691030421661380734e-01 -2.466112495476704136e-01 -4.710123233322164628e-03 4.227366812654472028e+01 2.466148520123969401e-01 9.691135528557726087e-01 1.908878338889860105e-04 6.190098050469459601e+00 4.517569173794551592e-03 -1.346576324680218845e-03 9.999888890887547177e-01 2.667962396246364998e-01
9.681999950678741307e-01 -2.501495196083802774e-01 -3.739971960479607227e-03 4.300511575581818846e+01 2.501544227539300724e-01 9.682055344303948097e-01 8.988186700616769467e-04 6.383558860735245588e+00 3.396222492219877660e-03 -1.805806758810289204e-03 9.999926023400038666e-01 2.769114491584655502e-01
9.672900159234761874e-01 -2.536543600735641779e-01 -3.080699665959287827e-03 4.373400504194213312e+01 2.536577695023783385e-01 9.672937250823682165e-01 7.651061065024397775e-04 6.579335251723730238e+00 2.785868955912514447e-03 -1.521522903715848661e-03 9.999949619384159716e-01 2.835977115829714235e-01
9.663202487328151902e-01 -2.573212647470033421e-01 -3.308110934175905859e-03 4.445812809078495320e+01 2.573235204630140993e-01 9.663252733713556530e-01 2.680677069591156313e-04 6.771221302427611555e+00 3.127731681417754168e-03 -1.110294004930302428e-03 9.999944922557082450e-01 2.878841476066420491e-01
9.653883374099065939e-01 -2.607919081638451764e-01 -3.597030608275461876e-03 4.519977212139854572e+01 2.607920916411779477e-01 9.653948950012278818e-01 -4.261959497692220178e-04 6.965934052460920789e+00 3.583703441384310327e-03 -5.266325366709509199e-04 9.999934398423899751e-01 3.006696478351983948e-01
9.645199150927699083e-01 -2.639751304874732307e-01 -4.296960967633293646e-03 4.594959734798572271e+01 2.639725796567785610e-01 9.645294864660951539e-01 -1.160571754091324105e-03 7.173196806999182051e+00 4.450907635702529286e-03 -1.488530159541700659e-05 9.999900945507641525e-01 2.975568429809416493e-01
9.635317011457592562e-01 -2.675508941016372932e-01 -4.814556321595476161e-03 4.670373101195842480e+01 2.675452457889400670e-01 9.635436293637057448e-01 -1.793256354618105730e-03 7.401929699205664903e+00 5.118822412917595384e-03 4.397476915296692377e-04 9.999868020524435019e-01 3.142354352087678993e-01
9.625367242999015582e-01 -2.710959340652330241e-01 -5.481688363467049178e-03 4.744276777945655255e+01 2.710866591883387411e-01 9.625519939086403243e-01 -2.383743401944395969e-03 7.600255334508680960e+00 5.922633208362951089e-03 8.084279805151879401e-04 9.999821342704475757e-01 3.231566218535287804e-01
9.614849931695466090e-01 -2.748086512968988537e-01 -5.178135005606829613e-03 4.819884803684466590e+01 2.747948581286316361e-01 9.614974750718069396e-01 -3.223565821446486637e-03 7.810605053374547246e+00 5.864627509230392957e-03 1.676485287578429080e-03 9.999813975976045155e-01 3.222913145945858759e-01
9.603666771773196054e-01 -2.787058874824372423e-01 -4.344381431348441798e-03 4.896139623145311504e+01 2.786854991596867115e-01 9.603706229320017052e-01 -4.760164631119444788e-03 8.030762296162228253e+00 5.498902209556976763e-03 3.360787381869768074e-03 9.999792333757054896e-01 3.284027014567177383e-01
9.592133814280391357e-01 -2.826463295786679208e-01 -4.554257908179818598e-03 4.971407695599139487e+01 2.826198181023755196e-01 9.592151185885769982e-01 -5.691633059355260919e-03 8.266023458713570804e+00 5.977232233013038409e-03 4.172367051110689208e-03 9.999734316710736648e-01 3.472933276072756037e-01
9.579399247078164148e-01 -2.869067128358434582e-01 -5.969822485960170171e-03 5.049236775289181622e+01 2.868636075110460038e-01 9.579447584985387731e-01 -7.149150363846983741e-03 8.503256267640605159e+00 7.769899390052772449e-03 5.135931746745342474e-03 9.999566244935633730e-01 3.729509840911888197e-01
9.566111508757864090e-01 -2.912745290947221233e-01 -7.365780389842952781e-03 5.125005960418133810e+01 2.912320487857743001e-01 9.566315426657582277e-01 -6.323395999942882720e-03 8.728163981833267471e+00 8.888182049435465817e-03 3.903879811108663597e-03 9.999528788609374219e-01 3.785119339155132989e-01
9.550803952657173079e-01 -2.962935846243078819e-01 -5.616964443469932983e-03 5.202504602398112610e+01 2.962646182947195062e-01 9.550903469556579761e-01 -5.450238417274801128e-03 8.967463470000780035e+00 6.979579196862758378e-03 3.541308035043584310e-03 9.999693718367755890e-01 3.463471729612076500e-01
9.535328696658639247e-01 -3.012787630702260522e-01 -2.484630688279580724e-03 5.280963725832752687e+01 3.012665868390618229e-01 9.535300938992296027e-01 -4.336321352061025917e-03 9.219772286802196959e+00 3.675611666724092237e-03 3.386288735610530707e-03 9.999875113857544795e-01 3.533517782751452452e-01
9.520755673767410387e-01 -3.058605283017055143e-01 -1.204670601525437883e-03 5.359485928384331288e+01 3.058565718483104989e-01 9.520738197215408150e-01 -2.683143312275800951e-03 9.484612773148556997e+00 1.967602972102434292e-03 2.186098770999079285e-03 9.999956747459999296e-01 3.967265992159554333e-01
9.507362533763303869e-01 -3.099804151201203672e-01 -3.566336761441996506e-03 5.435374795917428514e+01 3.099722270749302733e-01 9.507418618783590736e-01 -2.670302282325274536e-03 9.751384584499968255e+00 4.218407062629994479e-03 1.433287838836825624e-03 9.999900753146627741e-01 4.142817926842761733e-01
9.491722319495283777e-01 -3.146965468600479432e-01 -6.177174945908094593e-03 5.513603415870170465e+01 3.146812544024702452e-01 9.491915474074549275e-01 -3.333835318228988136e-03 1.001298172809013209e+01 6.912468707959797294e-03 1.220542749313705076e-03 9.999753637224062519e-01 4.174160755918185362e-01
9.474709194352211039e-01 -3.197621764468328021e-01 -7.141942212121658862e-03 5.593530671249892094e+01 3.197478297843109329e-01 9.474976123494215363e-01 -3.098377053982497541e-03 1.027848657607452054e+01 7.757716983757186394e-03 6.520016333229285317e-04 9.999696959013658626e-01 4.113343440938017626e-01
9.458458260471980239e-01 -3.245544070689870275e-01 -6.333261497200984129e-03 5.672960448743172890e+01 3.245400676477798174e-01 9.458665280800881980e-01 -3.202428593160230787e-03 1.054608673983211098e+01 7.029782377014684273e-03 9.736066033221185169e-04 9.999748168078602673e-01 4.036898584341157559e-01
9.442200876721651426e-01 -3.292768228464472702e-01 -5.019957421941281632e-03 5.753084942297810045e+01 3.292619672622231763e-01 9.442318736211080532e-01 -3.567317280894026759e-03 1.081703066113557021e+01 5.914638702355816575e-03 1.715451579399203310e-03 9.999810369576511704e-01 4.270466071517518003e-01
9.425409164421915120e-01 -3.340653759091878339e-01 -4.116485268615246822e-03 5.832995811188681756e+01 3.340555418369416385e-01 9.425489248563756473e-01 -2.901589240015020870e-03 1.111138794493980697e+01 4.849309264320081879e-03 1.359731864551505780e-03 9.999873175840359174e-01 4.546068047778026866e-01
9.408814234074415195e-01 -3.387065423442822132e-01 -4.474959214092435328e-03 5.915437702223413652e+01 3.386958980603395064e-01 9.408911871156739881e-01 -2.977019509154184979e-03 1.141937106565811355e+01 5.218785671678740495e-03 1.285372023484283865e-03 9.999855559431217733e-01 4.633666921743291867e-01
9.392021214336163659e-01 -3.433224006694709507e-01 -5.394839492121134873e-03 5.996523697494818350e+01 3.433099939388570832e-01 9.392170100700706348e-01 -3.107419627088853220e-03 1.172081852263084656e+01 6.133771783857528033e-03 1.066392792605094612e-03 9.999806196372584832e-01 4.629613876751761392e-01
9.374318846539461125e-01 -3.481131298390026663e-01 -6.221773689572281107e-03 6.076406409869910874e+01 3.481019653742968289e-01 9.374524048215152616e-01 -2.830264459344398326e-03 1.201814063976877733e+01 6.817868926759238293e-03 4.873684967381002649e-04 9.999766392947616600e-01 4.653830235218293643e-01
9.356402739387282841e-01 -3.529061877989062013e-01 -5.873703865932782160e-03 6.157058493512753472e+01 3.528947518305508013e-01 9.356584811681005753e-01 -2.915604338218855725e-03 1.232734434470225260e+01 6.524715650160636642e-03 6.551575736135385741e-04 9.999784991959768110e-01 4.758643469076369592e-01
9.338294632628871828e-01 -3.576798202335598753e-01 -5.261153850277758975e-03 6.240140440394514343e+01 3.576704754562031741e-01 9.338440935323767400e-01 -2.653292601114647011e-03 1.263828326304459537e+01 5.862126668840729818e-03 5.959634065012008909e-04 9.999826399985835002e-01 4.888738073389793382e-01
9.322272636514976618e-01 -3.618421012791214197e-01 -4.756327023142359854e-03 6.323429810380623195e+01 3.618296796134663484e-01 9.322384330648820772e-01 -3.284336698598737132e-03 1.296727385105376307e+01 5.622442143527487703e-03 1.340767930524422360e-03 9.999832951033228445e-01 4.902930080238505073e-01
9.308194978640648154e-01 -3.654499123280910422e-01 -4.628604053153581067e-03 6.405056500212984361e+01 3.654375908037671983e-01 9.308299755057707348e-01 -3.305136527378595406e-03 1.330230675975419885e+01 5.516305251585738346e-03 1.385019608817726188e-03 9.999838259177268318e-01 5.095813602331523695e-01
9.294191239230736867e-01 -3.689983920864097766e-01 -4.503190392412384502e-03 6.487974375835923979e+01 3.689863963245383904e-01 9.294289922936938009e-01 -3.284449932555419220e-03 1.363432910353121841e+01 5.397352452527752475e-03 1.391014584025326677e-03 9.999844667118236163e-01 5.328662304134882399e-01
9.279385172953420469e-01 -3.727013965023036612e-01 -4.876183441461334582e-03 6.571302608204092621e+01 3.726864252950347622e-01 9.279498918534483387e-01 -3.718414982484341460e-03 1.397040116971415280e+01 5.910712353908624019e-03 1.633173109654240032e-03 9.999811979357727809e-01 5.509486003776895569e-01
9.265126112193188268e-01 -3.762285373627263230e-01 -5.144795959316160114e-03 6.654249699522017636e+01 3.762130965708354591e-01 9.265256423638393857e-01 -3.733632394592229734e-03 1.430004556109768288e+01 6.171484435903817900e-03 1.523717880167230285e-03 9.999797953277251850e-01 5.358010024550118322e-01
