1.000000000000000000e+00 0.000000000000000000e+00 0.000000000000000000e+00 0.000000000000000000e+00 0.000000000000000000e+00 1.000000000000000000e+00 0.000000000000000000e+00 0.000000000000000000e+00 0.000000000000000000e+00 0.000000000000000000e+00 1.000000000000000000e+00 0.000000000000000000e+00
9.999999608208161028e-01 2.136920298753877537e-04 -1.889178731337767402e-04 2.686927606456477810e-02 -2.137175948724990659e-04 9.999999687498691836e-01 -1.347415133551831676e-04 -1.627236456070783573e-04 1.888891333301502247e-04 1.347807761674462400e-04 9.999999747314597398e-01 -3.942597211442791603e-04
9.999996298444948639e-01 7.528789299123313933e-04 -4.237949366989145748e-04 8.092537318549254677e-02 -7.529844352869629947e-04 9.999996880882566774e-01 -2.484625121158045365e-04 -2.537979970138555096e-03 4.236088816335897692e-04 2.487804998886345418e-04 9.999998812284365268e-01 -1.112793911504590281e-03
9.999988211208089561e-01 1.346530656398561452e-03 -7.436025542849093121e-04 1.379688511714604326e-01 -1.346710948764747416e-03 9.999990672008677306e-01 -2.410191270509960302e-04 -4.862824437118208783e-03 7.432779637773487052e-04 2.420181335409684166e-04 9.999996971513851474e-01 -1.947703056920536274e-03
9.999970805009690267e-01 1.950262874927757980e-03 -1.430055502034434812e-03 1.936410974866545620e-01 -1.950777570378694689e-03 9.999980361529655637e-01 -3.583629794505137855e-04 -5.250397768601285445e-03 1.429354397329825159e-03 3.611496304349899730e-04 9.999989166119838124e-01 -2.823555307907433653e-03
9.999932994107076922e-01 2.502644555703995022e-03 -2.674258349931283273e-03 2.541986106923823097e-01 -2.504057724160456931e-03 9.999967301467641567e-01 -5.254818011753022676e-04 -4.336651763658264623e-03 2.672935037648406509e-03 5.321730311665081106e-04 9.999962917405468277e-01 -2.692792787162309569e-03
9.999880322426621948e-01 3.059795760545342119e-03 -3.819937737629265639e-03 3.266510086368076826e-01 -3.063752062239508567e-03 9.999947793979888644e-01 -1.031059054010057680e-03 -3.900709867276939968e-03 3.816763748699250960e-03 1.042747834723431119e-03 9.999921814521766095e-01 -1.217919066772391685e-03
9.999858365898952606e-01 3.728201444014194767e-03 -3.802082309746444670e-03 4.134837680665167103e-01 -3.732671021697579836e-03 9.999923531903528451e-01 -1.170265302709945845e-03 -4.673159635914746722e-03 3.797691070063181993e-03 1.184438095290923270e-03 9.999921013146262361e-01 -5.362524390084406857e-04
9.999830097035117271e-01 4.469433629895367723e-03 -3.747060340609337584e-03 5.145800460599341264e-01 -4.472525315147341148e-03 9.999896690580919456e-01 -8.175781670394094425e-04 -5.180061533697470459e-03 3.743368186690320711e-03 8.343202350150967332e-04 9.999926638125978817e-01 -4.590181309902181318e-04
9.999766811117103416e-01 5.229047042853979602e-03 -4.396774081875356316e-03 6.212551796004164295e-01 -5.229865012917934292e-03 9.999863150716360449e-01 -1.745830287710620221e-04 -7.092609397114780015e-03 4.395801430415171782e-03 1.975704219432063613e-04 9.999903388864275211e-01 -7.326388443490801025e-04
9.999642518559056503e-01 6.203997038917852605e-03 -5.748707944620195902e-03 7.345171044567911922e-01 -6.202975870644436215e-03 9.999807486575894577e-01 1.956496728107411174e-04 -9.757789588641757952e-03 5.749811385655043995e-03 -1.599870411549452268e-04 9.999834795547808408e-01 7.853151642985481537e-04
9.999507966322992436e-01 7.477005648655073340e-03 -6.522375093161836279e-03 8.576912978746517036e-01 -7.476572282577270516e-03 9.999720528699846955e-01 9.093835474347149812e-05 -1.144188882492588877e-02 6.522873501802412335e-03 -4.217255591135992283e-05 9.999787481017352597e-01 6.949001021089393909e-04
9.999401402833578700e-01 8.661869666147905059e-03 -6.688685656220222896e-03 9.983058941872289260e-01 -8.662646919983776200e-03 9.999624841309124879e-01 -8.639226629111091576e-05 -1.225106069027341940e-02 6.687688699873295395e-03 1.443273283339614754e-04 9.999776555112199761e-01 2.289405274735280098e-03
9.999314802119473322e-01 9.738258114512381852e-03 -6.500889163352963247e-03 1.147803998320603869e+00 -9.738441683618714179e-03 9.999525897943926100e-01 4.423718835711776528e-06 -1.336152132842783301e-02 6.500626201939149230e-03 5.888360345433661582e-05 9.999789027604303326e-01 4.352639657416109559e-03
9.999204557656085068e-01 1.085947643046534031e-02 -6.420332366654548685e-03 1.308418491508668069e+00 -1.085673371054550820e-02 9.999409665128543567e-01 4.629701124123097064e-04 -1.503028257995738665e-02 6.424983111880262429e-03 -3.932309438235199908e-04 9.999793194291245468e-01 4.960917031552526668e-03
9.999041909064091405e-01 1.224976078636509993e-02 -6.451494718657357040e-03 1.481773077477914091e+00 -1.224154066449032255e-02 9.999242189823119853e-01 1.312778705461901691e-03 -1.771530348894646834e-02 6.467088498493330992e-03 -1.233677618260479785e-03 9.999783668872291864e-01 5.854202002513909410e-03
9.998826135741526455e-01 1.389250206883981854e-02 -6.467453466550388344e-03 1.668070906456083025e+00 -1.388090231407325750e-02 9.999019823465797874e-01 1.835654552708773429e-03 -2.073292839626621198e-02 6.492322552138728858e-03 -1.745665461608149468e-03 9.999774408731951780e-01 6.823753783623538564e-03
9.998558490147663180e-01 1.574644912962760296e-02 -6.356651267433373678e-03 1.863797911579595734e+00 -1.573529187875184407e-02 9.998745841049468952e-01 1.802767636118890026e-03 -2.606114774663517708e-02 6.384246208197329707e-03 -1.702481952835640079e-03 9.999782159825133521e-01 8.113211631530167084e-03
9.998287359270611185e-01 1.742637883610499705e-02 -6.236756021054765987e-03 2.073865738806546677e+00 -1.741613153940537936e-02 9.998469089385493280e-01 1.695113233407974417e-03 -3.216606407953974400e-02 6.265346495408145693e-03 -1.586200454015216114e-03 9.999791607998486098e-01 9.592948975295910452e-03
9.998010802650916240e-01 1.900585613622792630e-02 -6.054559725840236162e-03 2.297573367625181717e+00 -1.899380103328634009e-02 9.998175317784168126e-01 2.043762707836099812e-03 -3.888013081613673344e-02 6.092303581653489564e-03 -1.928353397406097451e-03 9.999796306757030573e-01 1.197814109303379539e-02
9.997712746691775898e-01 2.060568210404725709e-02 -5.734689809235409864e-03 2.533008936091323715e+00 -2.058996784710128217e-02 9.997841391328469163e-01 2.787184109075920447e-03 -4.394187818624190056e-02 5.790888335208290057e-03 -2.668465262951498756e-03 9.999797220976488488e-01 1.444222794692664319e-02
9.997366938683348581e-01 2.242099091836025071e-02 -4.892520062703992201e-03 2.780839727319723398e+00 -2.240629744435819123e-02 9.997443463360692339e-01 3.040136654222530457e-03 -4.826000573896237211e-02 4.959437144545090874e-03 -2.929707495826698854e-03 9.999834673738280388e-01 1.620717247475251047e-02
9.996968987374958981e-01 2.430138885721495196e-02 -3.957017219114951183e-03 3.039094417911677226e+00 -2.428954357440556155e-02 9.997004304101894112e-01 3.018982350068574738e-03 -5.106484539644837173e-02 4.029203021875957073e-03 -2.921946487115020981e-03 9.999876777654013171e-01 1.735872953574910116e-02
9.996501169131499775e-01 2.623240329350711234e-02 -3.407956238683246524e-03 3.305046580512570831e+00 -2.622182407244878777e-02 9.996513121572371263e-01 3.117896933538989810e-03 -6.111134041550376345e-02 3.488564385647330898e-03 -3.027435401292014137e-03 9.999893965962859399e-01 2.099345564944880838e-02
9.995938672107266276e-01 2.830585324524307472e-02 -3.315670034889449998e-03 3.582958745325221628e+00 -2.829417304772989875e-02 9.995934537325426028e-01 3.524315481631982647e-03 -7.305141741419221568e-02 3.414086481400691649e-03 -3.429063481817237139e-03 9.999883602811896477e-01 2.513580953833601667e-02
9.995317077093750502e-01 3.040921575303218855e-02 -3.429861946539220462e-03 3.869615851965411135e+00 -3.039492969762496929e-02 9.995293812593717409e-01 4.150011733993649171e-03 -8.159938476382151695e-02 3.554450410128385911e-03 -4.043813140805959175e-03 9.999855780232604907e-01 2.543455260626687614e-02
9.994677932933133668e-01 3.224167520730983338e-02 -4.973201536216008238e-03 4.171751096502542389e+00 -3.222114189756427466e-02 9.994721347060432359e-01 4.160489146571568105e-03 -8.954405531826532816e-02 5.104721362246223033e-03 -3.998028325410150040e-03 9.999790551424222462e-01 2.659600615980639571e-02
9.993947491153795104e-01 3.403284649292426939e-02 -7.213467086993270543e-03 4.488144730862191345e+00 -3.400844509184965114e-02 9.994155070871458824e-01 3.482861225467524281e-03 -1.012480374621703288e-01 7.327786318326510312e-03 -3.235430321247699092e-03 9.999679967371366551e-01 3.073992213584295086e-02
9.993289315768099090e-01 3.579725882225565092e-02 -7.770220278421623855e-03 4.811297539610564833e+00 -3.577345519055902950e-02 9.993548858600153073e-01 3.184699888946528404e-03 -1.164945071634199414e-01 7.879215021806157751e-03 -2.904591020085067060e-03 9.999648245071545150e-01 3.621888772123839362e-02
9.992830632880929098e-01 3.714885257414671932e-02 -7.311835646875398768e-03 5.145428070770426743e+00 -3.711667828131834379e-02 9.993008824650521094e-01 4.491232037041541225e-03 -1.275499906203733380e-01 7.473572295740622470e-03 -4.216617814556464575e-03 9.999632713384606353e-01 4.098416336803174798e-02
9.992478656093152223e-01 3.812868624512371490e-02 -7.074443036061319433e-03 5.495904680497612382e+00 -3.807491895122469550e-02 9.992461107184842373e-01 7.588540051728755349e-03 -1.341333046125255390e-01 7.358455300068874119e-03 -7.313470382110438643e-03 9.999462723359410221e-01 3.865796735183013588e-02
9.991988318529764213e-01 3.929146436172949175e-02 -7.616909033174084839e-03 5.857875612954366318e+00 -3.920786321813825998e-02 9.991723831578653847e-01 1.083398597189864053e-02 -1.433854622319792049e-01 8.036293927993506600e-03 -1.052665985333010173e-02 9.999123945633004995e-01 3.580588725413658135e-02
9.991379011652292697e-01 4.079542330001550976e-02 -7.702888028963125917e-03 6.233197445500699985e+00 -4.069650171672616057e-02 9.990922454592386925e-01 1.259228608023008240e-02 -1.546991913393725437e-01 8.209608853926542507e-03 -1.226794605064378436e-02 9.998911423319476466e-01 3.283065619762921827e-02
9.990845730152888571e-01 4.215397777206326968e-02 -7.294357045441181644e-03 6.622602011829653357e+00 -4.206113531724485488e-02 9.990375339244521591e-01 1.244819828666573515e-02 -1.711257282611552411e-01 7.812082858183751199e-03 -1.212999046081217509e-02 9.998960142531240214e-01 4.112143697839157341e-02
9.990701885013375527e-01 4.275154528239300672e-02 -5.587892722505920229e-03 7.024514746995390801e+00 -4.268177690412372494e-02 9.990159199439205828e-01 1.206443583054228087e-02 -1.888952332699309622e-01 6.098171897462099748e-03 -1.181471471768796508e-02 9.999117172548022126e-01 5.153402956410187141e-02
9.990941359983898096e-01 4.244458480062367894e-02 -3.087176887046166190e-03 7.436159935842415081e+00 -4.240571437052730736e-02 9.990316474569288507e-01 1.173099824779030333e-02 -2.050851075043778338e-01 3.582109486298422091e-03 -1.158945606058727103e-02 9.999265353789469346e-01 5.655239658077678561e-02
9.991541027600330249e-01 4.110871899463939411e-02 -1.149684281672958604e-03 7.847429231641930514e+00 -4.109189421406250070e-02 9.990823325953743783e-01 1.208482504030570538e-02 -2.192542709628350628e-01 1.645425523705383369e-03 -1.202735917534619725e-02 9.999264282631067369e-01 5.779436049214112942e-02
9.992357406276913823e-01 3.908431067483916083e-02 -7.250890251066575802e-04 8.260587049114262115e+00 -3.907127188497095532e-02 9.991480359239045539e-01 1.329439511167959838e-02 -2.309705225871304113e-01 1.244080914259228709e-03 -1.325590189554668417e-02 9.999114816528797967e-01 5.977272684110628703e-02
9.993271763956341758e-01 3.666074632641119768e-02 -1.168294001965306450e-03 8.682240619176996077e+00 -3.663957606915946991e-02 9.992194834762677669e-01 1.476735353494010652e-02 -2.387595058194982300e-01 1.708773017149345114e-03 -1.471460781786749529e-02 9.998903991661591828e-01 6.123493763490214792e-02
9.994090173129739352e-01 3.433538962111473691e-02 -1.697608928723125287e-03 9.107125039668957811e+00 -3.430445683374745008e-02 9.992870419887713851e-01 1.577093191807269965e-02 -2.465449821381800466e-01 2.237908407190921864e-03 -1.570337182265692591e-02 9.998743174566375735e-01 6.236873574384384222e-02
9.994654287139308479e-01 3.262752702167193153e-02 -2.120385646760041161e-03 9.533328488738629147e+00 -3.258709720877871890e-02 9.993255688753287513e-01 1.692931456837530949e-02 -2.585740187691103475e-01 2.671325951423126482e-03 -1.685116327008026951e-02 9.998545744272916425e-01 6.896771381394257994e-02
9.995095513284862898e-01 3.111448942691415198e-02 -3.571101563868329335e-03 9.962474092364164591e+00 -3.104481571269176662e-02 9.993531724647366499e-01 1.815409622578063875e-02 -2.684857589269188938e-01 4.133655383083674993e-03 -1.803432534382669664e-02 9.998289643760938095e-01 7.469797275367294487e-02
9.995653920182139274e-01 2.892631936448088539e-02 -5.701349240157411839e-03 1.040241563696606164e+01 -2.880814869434361256e-02 9.993883122277832376e-01 1.982946888881435138e-02 -2.734046228494207975e-01 6.271463630541674120e-03 -1.965660236960225030e-02 9.997872635239890560e-01 7.681645646207987954e-02
9.996245951526416818e-01 2.626559293615203863e-02 -7.810778868626910842e-03 1.085246595390299085e+01 -2.610422998435328601e-02 9.994572719075878187e-01 2.009594197686057071e-02 -2.795464798113719840e-01 8.334379785820454981e-03 -1.988449940028950980e-02 9.997676935116550645e-01 7.381541826361287528e-02
9.996815589881983266e-01 2.375208137968394181e-02 -8.534760466937359180e-03 1.131237139053655483e+01 -2.357909034877186602e-02 9.995252547551390920e-01 1.983472877684209004e-02 -2.897729404202030179e-01 9.001832038473477418e-03 -1.962716703055106260e-02 9.997669968715421351e-01 7.912060888227449851e-02
9.997442789459863866e-01 2.132860888577816846e-02 -7.529614547694847386e-03 1.178266805350606639e+01 -2.118193424457344778e-02 9.995940470488294816e-01 1.905761753326521910e-02 -2.984965794264666239e-01 7.933037550616108685e-03 -1.889324901841902757e-02 9.997901904302913811e-01 8.392338717331510045e-02
9.998129460160666282e-01 1.846639689695960679e-02 -5.770623348165213572e-03 1.226025608792672905e+01 -1.835501501058852195e-02 9.996547689450144825e-01 1.880329836284385520e-02 -3.050934739811226315e-01 6.115867363766362176e-03 -1.869385852963886124e-02 9.998067099135687918e-01 8.944122156972875159e-02
9.998802365972973005e-01 1.521331224187018501e-02 -2.882608860588936096e-03 1.275306309405110383e+01 -1.515154249899964070e-02 9.996775675216548196e-01 2.037939439680086506e-02 -3.075965286558469680e-01 3.191724599599018823e-03 -2.033327564866078269e-02 9.997883272049400416e-01 1.049522938799531124e-01
9.999237354816273848e-01 1.175354961163320271e-02 3.824684152887914638e-03 1.326162703908533302e+01 -1.185675139925602625e-02 9.995330215068320978e-01 2.816534166910011905e-02 -2.984494203493798792e-01 -3.491847704310316412e-03 -2.820854065197323998e-02 9.995961307869332124e-01 9.951404866404185701e-02
9.999207884378449318e-01 8.390651308608117198e-03 9.395700905061473568e-03 1.377297664495180562e+01 -8.691309430228725402e-03 9.994365178649232684e-01 3.242280530403515715e-02 -2.846403601417546447e-01 -9.118350426089071037e-03 -3.250189678759096007e-02 9.994302559634445915e-01 6.218918257216349971e-02
9.999574553690125933e-01 4.190996430890732601e-03 8.233503473129661840e-03 1.428416791942837349e+01 -4.409157108553179820e-03 9.996351077248954997e-01 2.665225216385186044e-02 -2.872948915890179977e-01 -8.118791952517414104e-03 -2.668742000594926181e-02 9.996110366413486492e-01 5.883706826200804652e-02
9.999943485043336633e-01 -9.675493498453699610e-04 3.261808565084154971e-03 1.480153589866011465e+01 9.103218162130497990e-04 9.998468235477189214e-01 1.748235399798395845e-02 -3.049964632193770675e-01 -3.278216364628295468e-03 -1.747928536108369832e-02 9.998420328862650530e-01 1.084499942419511892e-01
9.999799958897813701e-01 -6.017833090487518730e-03 -2.017826100141519117e-03 1.532844374493642725e+01 6.043983686320899586e-03 9.998940655428202318e-01 1.324613821708689292e-02 -3.122623291496591236e-01 1.937906835687599289e-03 -1.325806833594915350e-02 9.999104143560483271e-01 1.548144428159028141e-01
9.999050912523805845e-01 -1.024475958755702125e-02 -9.227155220254471685e-03 1.586001368942178757e+01 1.042464387773811563e-02 9.997522465215815668e-01 1.966992254872384702e-02 -2.924844498364947976e-01 9.023362781876365785e-03 -1.976424522908428946e-02 9.997641382769508756e-01 1.547067614248882339e-01
9.997968949563528218e-01 -1.320801403548334772e-02 -1.523175396945452773e-02 1.640162705283620781e+01 1.364680279362376694e-02 9.994840726972664680e-01 2.907732131946232437e-02 -2.578519146475752311e-01 1.483984887632483138e-02 -2.927927989849285137e-02 9.994612985741010425e-01 8.640522429773869750e-02
9.997513610965560460e-01 -1.755852221486733575e-02 -1.375529754223036444e-02 1.696638751096718778e+01 1.796192953110386376e-02 9.993951526945957786e-01 2.977978651361145104e-02 -2.332491253742865200e-01 1.322409563335955572e-02 -3.001945378830994313e-02 9.994620280533139667e-01 3.031250853511474261e-02
9.996936853812785628e-01 -2.345138304143548277e-02 -7.929014874057154633e-03 1.754033212654258023e+01 2.362667871683977322e-02 9.994609150752173932e-01 2.279917384066916172e-02 -2.331539388143485936e-01 7.390074279556575754e-03 -2.297952787425145207e-02 9.997088225868155931e-01 6.955773061863106121e-02
9.995763774633613652e-01 -2.883224320008321781e-02 -4.009818780351946318e-03 1.811786707585731904e+01 2.889812069756928295e-02 9.994292390191494846e-01 1.749971755034980883e-02 -2.328462701613931984e-01 3.502979680793047185e-03 -1.760818286710956818e-02 9.998390345668368706e-01 1.546518884544177685e-01
9.994156498196341554e-01 -3.345121900767947243e-02 -7.049889492339501788e-03 1.869667830391196617e+01 3.356490780679111108e-02 9.992972390166339203e-01 1.669045752299588847e-02 -2.063513527175368789e-01 6.486624387607799885e-03 -1.691733623771213280e-02 9.998360651748885441e-01 1.859449069397411947e-01
9.991829492549224589e-01 -3.768550402425400320e-02 -1.461392227989842009e-02 1.928072119358541414e+01 3.792408310095487373e-02 9.991458902814226439e-01 1.641342848463653997e-02 -1.710407517687403678e-01 1.398289729377800474e-02 -1.695424046242991617e-02 9.997587041223190418e-01 1.431298536438438407e-01
9.989308385195002638e-01 -4.176680417879750917e-02 -1.982563936242701455e-02 1.988530414339588148e+01 4.205522152119593737e-02 9.990120842476740703e-01 1.436526625544695332e-02 -1.472231920771057689e-01 1.920606701348640324e-02 -1.518368309826934395e-02 9.997004696450150218e-01 1.154652937586286149e-01
9.987910884448852888e-01 -4.583390932227174308e-02 -1.777534333185314813e-02 2.050601096833646864e+01 4.605336278568206848e-02 9.988652264637510880e-01 1.214474464842854075e-02 -1.264509875572863429e-01 1.719853597955293273e-02 -1.294868176612914284e-02 9.997684707708189844e-01 1.319306266961588203e-01
9.987249557641485476e-01 -4.968492191312636613e-02 -8.956875659771943235e-03 2.113570397357856834e+01 4.979519634883917967e-02 9.986806507560016533e-01 1.255167534047120677e-02 -9.514028702802054815e-02 8.321434235497632628e-03 -1.298168584090207515e-02 9.998813375558623928e-01 1.660252258691913285e-01
9.985527581977828859e-01 -5.371679427014169894e-02 2.693714129770549606e-03 2.177713037188715361e+01 5.365194511044075326e-02 9.983572822689311677e-01 2.010855922575522162e-02 -4.283299962335913869e-02 -3.769451365167448414e-03 -1.993493953929490956e-02 9.997944067261990142e-01 1.782965639179392159e-01
9.983079148019992077e-01 -5.725304347365932356e-02 1.018650382593322065e-02 2.242514339217882124e+01 5.700561053617804463e-02 9.981064651848375879e-01 2.310828820868740877e-02 9.765064684399726511e-03 -1.149022991873992899e-02 -2.248850462914735518e-02 9.996813070643669752e-01 1.359412397990949206e-01
9.981381311270305368e-01 -6.016050669839136111e-02 1.006770273798034999e-02 2.308120110619573850e+01 5.992341217260562652e-02 9.979520188807755599e-01 2.238529083953057913e-02 4.342449368945698607e-02 -1.139378952002551189e-02 -2.174032716527194917e-02 9.996989642379576768e-01 1.501819406528869250e-01
9.980465245370621075e-01 -6.221944197692746981e-02 5.679671913820949318e-03 2.373871391201781833e+01 6.208449173237459706e-02 9.978406101963290808e-01 2.144250827440096624e-02 8.167776107353930115e-02 -7.001543135470958065e-03 -2.104800768534904887e-02 9.997541937268403789e-01 1.766340140992870011e-01
9.979826792370630750e-01 -6.334073998156554419e-02 -4.349067475505214928e-03 2.438774937470849480e+01 6.343160466224774530e-02 9.976577610330471524e-01 2.560417865927994141e-02 1.330390150599773669e-01 2.717097859307026925e-03 -2.582840190735039704e-02 9.996629481897368885e-01 1.987896294239153983e-01
9.978349089871483280e-01 -6.371678910046861544e-02 -1.631168657197633667e-02 2.505600433146878459e+01 6.415757301235647247e-02 9.975439762631800322e-01 2.810646884933085815e-02 1.915857298560834920e-01 1.448077441074315137e-02 -2.909214220395987469e-02 9.994720951155624533e-01 1.661317334449628758e-01
9.976214352626123771e-01 -6.515002924794656425e-02 -2.252462335547571193e-02 2.574336018718191710e+01 6.581028374875122489e-02 9.973830530457933330e-01 2.993667673124627421e-02 2.424851095585741356e-01 2.051530562330280277e-02 -3.134783128642820021e-02 9.992982324173546038e-01 1.554699954918755678e-01
9.975204405480334602e-01 -6.656813252864265951e-02 -2.284896723562566609e-02 2.643558562135591217e+01 6.722155424590006700e-02 9.973126346729286329e-01 2.913631230273988626e-02 2.846606139972255867e-01 2.084801699846018305e-02 -3.060001979773963390e-02 9.993145295908458792e-01 1.644960173582353802e-01
9.975600774289591355e-01 -6.744242840106064174e-02 -1.805111320226338370e-02 2.713619562325382972e+01 6.789779836766073051e-02 9.973551721517897040e-01 2.593658376396273946e-02 3.291356167613231909e-01 1.625414769534533690e-02 -2.709894182066401383e-02 9.995008726899035079e-01 1.816452052849023835e-01
9.976116253232188980e-01 -6.839045888188807765e-02 -9.707017058795383568e-03 2.785287207841375690e+01 6.859095548214527716e-02 9.973999595152889253e-01 2.210790799480436691e-02 3.778456054109546880e-01 8.169811277510241262e-03 -2.272093036177891615e-02 9.997087392134464956e-01 2.087008354142734778e-01
9.975952611306148077e-01 -6.924473043609107037e-02 -3.050185225585038459e-03 2.857436298157272958e+01 6.929483736573603669e-02 9.973577288454463785e-01 2.181615341911584405e-02 4.296308239463554335e-01 1.531474951787360631e-03 -2.197506467016832957e-02 9.997576237909117092e-01 2.277546171567395861e-01
9.975597975326467859e-01 -6.975323285158932518e-02 -3.063422845522874045e-03 2.929816384079365932e+01 6.980576168591996755e-02 9.972875548175347271e-01 2.334216514074409499e-02 4.840686295224129188e-01 1.426923983840258474e-03 -2.349906206692604915e-02 9.997231261681238657e-01 2.322313737000786804e-01
9.974732535444754689e-01 -7.067053105264486934e-02 -7.296751939202324178e-03 3.002684358025700107e+01 7.082657725764605894e-02 9.972001179596062803e-01 2.399354801167803697e-02 5.402618982661006042e-01 5.580686584588426778e-03 -2.444973918413680114e-02 9.996857751537415737e-01 2.227797094636907449e-01
9.973737024405108231e-01 -7.178578057697629355e-02 -9.641663746597011614e-03 3.076225676196991898e+01 7.200742160901794919e-02 9.970893896845353099e-01 2.505694926002265122e-02 5.928236237392555674e-01 7.814869194559601398e-03 -2.568542673554531294e-02 9.996398223861331367e-01 2.269209537459328241e-01
9.973386492541790327e-01 -7.242885183773832558e-02 -8.375107990387898119e-03 3.150984240399254332e+01 7.263228728261734990e-02 9.969852704717880876e-01 2.729648297845083810e-02 6.531159476472842007e-01 6.372807503409930359e-03 -2.783215378852924721e-02 9.995925932866409624e-01 2.449679635499023844e-01
9.973113361606427141e-01 -7.284137150700589758e-02 -8.043431400145892307e-03 3.226211784898413981e+01 7.304355177281809941e-02 9.969171387135916662e-01 2.865377190495758258e-02 7.184891303424560949e-01 5.931455371834197521e-03 -2.916426552607986195e-02 9.995573332283143042e-01 2.436983260419702535e-01
9.972276045099486286e-01 -7.355996681581294938e-02 -1.124771774965466035e-02 3.301359685386766074e+01 7.384079619356836988e-02 9.969038471290212478e-01 2.702661179313123330e-02 7.765624596506675026e-01 9.224817321663017142e-03 -2.778223807369830864e-02 9.995717388787417335e-01 2.468374340372549991e-01
9.971039980263557423e-01 -7.455133267860215851e-02 -1.503990208960859741e-02 3.376579440056438841e+01 7.491818391811087829e-02 9.968630809953299421e-01 2.552342094541453291e-02 8.305802315676386050e-01 1.308991889231379477e-02 -2.657628191007909910e-02 9.995613909441627420e-01 2.715666750193483359e-01
9.970576076933657106e-01 -7.519591511845499787e-02 -1.490615456189366139e-02 3.452738010475880515e+01 7.555348250332558080e-02 9.968260413619633997e-01 2.509377046701099026e-02 8.861195313246449379e-01 1.297189450512163840e-02 -2.614616202178486268e-02 9.995742782250159886e-01 2.873394385500352421e-01
9.970709658389690366e-01 -7.590094563009605610e-02 -9.436000606056434148e-03 3.529983007263247430e+01 7.611471246689288650e-02 9.967889599269281753e-01 2.486972418174930241e-02 9.461373174535158137e-01 7.518066021330659793e-03 -2.551511463053282233e-02 9.996464864505177905e-01 2.864020714245503751e-01
9.970342892163842619e-01 -7.684823549185547387e-02 -4.181644286474442244e-03 3.606955237935474656e+01 7.692663991184983674e-02 9.967485242583593585e-01 2.397613663815126653e-02 1.007343809757929476e+00 2.325524293842088069e-03 -2.422672703273684794e-02 9.997041096956915673e-01 2.912346603761460373e-01
9.969718363271691253e-01 -7.764570209731121164e-02 -4.337849210167210416e-03 3.682978852371523004e+01 7.772390457170913480e-02 9.967214481480399790e-01 2.248409012240712782e-02 1.070537474080532903e+00 2.577834797819523755e-03 -2.275317628868680012e-02 9.997381163522022218e-01 3.035736670103697521e-01
9.968824618112825942e-01 -7.856479850489263284e-02 -7.311487595648888914e-03 3.759860089533496108e+01 7.870386442684362827e-02 9.966717958875764838e-01 2.124189369409756542e-02 1.132552282277324851e+00 5.618288583912798249e-03 -2.175113140138196233e-02 9.997479634554745642e-01 3.229591411853295901e-01
9.968058617713051461e-01 -7.960129855385451869e-02 -6.499169853206958163e-03 3.838247615763921772e+01 7.971326644616580359e-02 9.966302084597833399e-01 1.934463017552583847e-02 1.190520634355430873e+00 4.937410515176093341e-03 -1.980092927021424865e-02 9.997920899121323091e-01 3.197950603778811351e-01
9.967647589621402293e-01 -8.037561462285730540e-02 -5.615224071386461019e-04 3.917773239665350360e+01 8.037200607736624813e-02 9.965918372643712830e-01 1.858070469071930811e-02 1.252577126405931995e+00 -9.338276638111593902e-04 -1.856574148277494521e-02 9.998275483601704039e-01 3.237726367217194645e-01
9.967170809715569790e-01 -8.080514430560897798e-02 5.112499560939425501e-03 3.996754659262821008e+01 8.069433380546804646e-02 9.965569788317670819e-01 1.904744153760525374e-02 1.320662011977236761e+00 -6.634028933852075677e-03 -1.857238030390426578e-02 9.998058567179901601e-01 3.212468472751048854e-01
9.966660158154124760e-01 -8.147832359414028391e-02 4.323662410345097129e-03 4.075323999879325498e+01 8.138071565664131701e-02 9.964967126227340932e-01 1.927886115622575933e-02 1.395089015250519315e+00 -5.879325514582769974e-03 -1.886274335768396357e-02 9.998051490270267738e-01 3.211083970460890114e-01
9.965671093069617958e-01 -8.277506467399274592e-02 -1.688797402739275434e-03 4.154272626249429834e+01 8.279202364957823079e-02 9.963926634270717786e-01 1.863692244257513994e-02 1.464008402979941392e+00 1.400317429222762845e-04 -1.871278390907376091e-02 9.998252477716512709e-01 3.240592608497825933e-01
9.964610656619952156e-01 -8.398121585360054930e-02 -3.615926562469163903e-03 4.234766574971674657e+01 8.403338621759494365e-02 9.962958960615738713e-01 1.825024671424265235e-02 1.525446711278422018e+00 2.069853551439954434e-03 -1.848954038863878310e-02 9.998272725416663675e-01 3.306642503468905092e-01
9.964014904407756390e-01 -8.470823868927565559e-02 3.028165601028883977e-03 4.316515341078490309e+01 8.463846114209354343e-02 9.962412921140567645e-01 1.843401449856860858e-02 1.591061662507494257e+00 -4.578297805066390558e-03 -1.811140260880489405e-02 9.998258594812119426e-01 3.280312783771917040e-01
9.962485829611890109e-01 -8.568320813548201131e-02 1.215485654971399689e-02 4.398123799334701545e+01 8.542859542478012380e-02 9.961415598587228803e-01 2.010328271100109143e-02 1.671668736815952627e+00 -1.383047264283618003e-02 -1.898951740405891223e-02 9.997243896936984786e-01 3.338867810179349527e-01
9.961156325804333411e-01 -8.692276545583110803e-02 1.409514700322950058e-02 4.479122645201833564e+01 8.660212045843518336e-02 9.960013350213676731e-01 2.194563410482198648e-02 1.759707351470377823e+00 -1.594636178299342968e-02 -2.063974252501994677e-02 9.996601717473231341e-01 3.257845042451749662e-01
9.960690644529680560e-01 -8.818756504096202098e-02 8.365325707476363795e-03 4.560067684953671119e+01 8.798214367776205358e-02 9.958712171466596041e-01 2.235752313626637733e-02 1.837510081722607991e+00 -1.030244424113326875e-02 -2.153366156966447786e-02 9.997154185712353591e-01 3.157991020496477286e-01
9.960145219106333325e-01 -8.912508604689964309e-02 3.523028966847235616e-03 4.641954690356497792e+01 8.902514571518295450e-02 9.957801271357032968e-01 2.228585975535338909e-02 1.900609018612588130e+00 -5.494393233083568265e-03 -2.188342649454812217e-02 9.997458168995386751e-01 3.155178257631929828e-01
9.959267839751553275e-01 -8.992228927835291263e-02 6.667118134731691605e-03 4.724326318466555819e+01 8.973370444660162815e-02 9.956624217540820387e-01 2.458459524555727319e-02 1.971534352102659371e+00 -8.848903796765629146e-03 -2.388621667919088934e-02 9.996759095355862712e-01 3.156148214138262964e-01
9.957484746417308852e-01 -9.069268064142649299e-02 1.613841543574470044e-02 4.806187947069584965e+01 9.025570223516669877e-02 9.955792230726355774e-01 2.600225061480404207e-02 2.053179965747995439e+00 -1.842528642701090486e-02 -2.443514289184395283e-02 9.995320000384125825e-01 2.904873580449826576e-01
9.955212036384439855e-01 -9.153427073452467810e-02 2.365698525854280018e-02 4.886747837365619773e+01 9.098405857109508055e-02 9.955782290434641579e-01 2.336856715662605569e-02 2.136000880939848301e+00 -2.569140571762740938e-02 -2.111152142761923631e-02 9.994473720963727992e-01 2.722452482168090659e-01
9.954083327606676468e-01 -9.250261775458754054e-02 2.462047397805590052e-02 4.966548096424224923e+01 9.205470850134667149e-02 9.955776952522010781e-01 1.873994793988687305e-02 2.212027855675045007e+00 -2.624509017619918241e-02 -1.638749629614701803e-02 9.995216111087180666e-01 2.838580236623530761e-01
9.953866833564473104e-01 -9.327618063850839913e-02 2.248470604382299745e-02 5.046554912202586252e+01 9.294834508711696808e-02 9.955549252850045550e-01 1.520521646859493425e-02 2.277025155940892276e+00 -2.380304559268502443e-02 -1.304518085304479449e-02 9.996319576716081734e-01 2.988397949119064867e-01
9.952377007326644875e-01 -9.427852986570843530e-02 2.478175231299234449e-02 5.127420219123470702e+01 9.387123445979882186e-02 9.954373916209416917e-01 1.711145839261897159e-02 2.347060165085995020e+00 -2.628192748502805598e-02 -1.470370180953868566e-02 9.995468386405695904e-01 2.957318937652602675e-01
9.948954631836489648e-01 -9.537267258204329412e-02 3.298083470530954048e-02 5.208301148453715257e+01 9.467585495259009387e-02 9.952633638871301036e-01 2.208010534535824118e-02 2.430575269430562457e+00 -3.493045640403148744e-02 -1.884493491968708065e-02 9.992124703867156787e-01 2.458354798279936970e-01
9.944572447046116093e-01 -9.671436093286057967e-02 4.125281914263002198e-02 5.288704998570284488e+01 9.573550517358371537e-02 9.950909280884916441e-01 2.507929826923846472e-02 2.522746362413110344e+00 -4.347583532252819599e-02 -2.099095791229744698e-02 9.988343563294219685e-01 1.898889107223914463e-01
9.942067882652463329e-01 -9.809733941857445849e-02 4.393701234698643709e-02 5.367633260849638077e+01 9.702769196053598333e-02 9.949459969518419378e-01 2.585156830690242893e-02 2.614234309094222386e+00 -4.625092558467443216e-02 -2.143872608035920016e-02 9.987001980196115181e-01 1.778684756437811376e-01
9.942939419249623434e-01 -9.906590604323403659e-02 3.957530118460866192e-02 5.445336690991381090e+01 9.805496452515588546e-02 9.948223717449479198e-01 2.671864734497331889e-02 2.697896717110357390e+00 -4.201730311367733728e-02 -2.268566318250426692e-02 9.988597368148870448e-01 1.870489973288211594e-01
9.944496345208363453e-01 -1.000437996139712238e-01 3.258650719928878059e-02 5.523937952334451751e+01 9.906347283137639792e-02 9.946160204174143704e-01 3.042390447373384890e-02 2.780909594714623179e+00 -3.545478643499173216e-02 -2.702693751223680940e-02 9.990061994337353646e-01 1.760730161216715606e-01
9.944283230709344279e-01 -1.014834051385007790e-01 2.853349498852712773e-02 5.604426743713707992e+01 1.005015922430531478e-01 9.943572504565720838e-01 3.396030341301230909e-02 2.863711142531163656e+00 -3.181889627753763106e-02 -3.090345505244075294e-02 9.990162320137544461e-01 1.148003609886801279e-01
9.942567237234548605e-01 -1.030376593128543433e-01 2.894035895100579084e-02 5.683731426474175663e+01 1.020535438400826944e-01 9.942100885256047738e-01 3.363916597408036363e-02 2.942975854584470419e+00 -3.223889948156589275e-02 -3.049253010134430827e-02 9.990153986740248904e-01 6.263740111345031392e-02
9.940273187600423554e-01 -1.046577680837491586e-01 3.093843654728352377e-02 5.760860593664024520e+01 1.037014170205315805e-01 9.941238346474153831e-01 3.104898212245013958e-02 3.026975634788231506e+00 -3.400615581312674968e-02 -2.765520575784680482e-02 9.990393838790441183e-01 6.441092711280661798e-02
9.938408428435407949e-01 -1.060992803273184265e-01 3.200113910836962366e-02 5.836743162300391674e+01 1.052055444125262890e-01 9.940442467363768131e-01 2.842631108214398530e-02 3.114681445884209587e+00 -3.482656075753355618e-02 -2.488456069102794321e-02 9.990839797785725507e-01 7.760399952344133878e-02
9.936427792306529172e-01 -1.077026095057971450e-01 3.278632129253802180e-02 5.913197371038403105e+01 1.067982408018631479e-01 9.938811988884154180e-01 2.818731419292141299e-02 3.202109370519843345e+00 -3.562155710075275844e-02 -2.450662908796461675e-02 9.990653011292252028e-01 6.314124197909599945e-02
9.933878347751917692e-01 -1.093348228385861154e-01 3.503269115395029470e-02 5.989953065002165999e+01 1.083218260602548805e-01 9.936747429406814769e-01 2.961612995392468375e-02 3.281950740614441919e+00 -3.804917612435029101e-02 -2.562552774326272431e-02 9.989477241830025944e-01 2.881695196994726871e-02
9.931511728466858591e-01 -1.106913574039240233e-01 3.740277700996757354e-02 6.065542890904642803e+01 1.095317071694748984e-01 9.934761919782832962e-01 3.175045133069583775e-02 3.367322891876050939e+00 -4.067327037430981673e-02 -2.743623771022619603e-02 9.987962336988269740e-01 -7.732651250892422397e-03
9.929337292537846471e-01 -1.119804923660934620e-01 3.929100193787978673e-02 6.139500667485882701e+01 1.106909016957486613e-01 9.932870854378192949e-01 3.359355079229973257e-02 3.457499579877630236e+00 -4.278906832667779547e-02 -2.900704313382659882e-02 9.986634466679881195e-01 -3.110992293705245465e-02
9.927514856740562443e-01 -1.134006788588090425e-01 3.981937774042058897e-02 6.212186711142391005e+01 1.121675488714952013e-01 9.931756944259614306e-01 3.194873607350074557e-02 3.548012074033870533e+00 -4.317064766521907376e-02 -2.725074323841976745e-02 9.986964974371123072e-01 -6.102559623903117125e-02
9.925733371254037429e-01 -1.150218238293213568e-01 3.961024538857367550e-02 6.283540791339237330e+01 1.138371165454246797e-01 9.930166762747133502e-01 3.097150980118006103e-02 3.631269554455474946e+00 -4.289603486231109708e-02 -2.623240919119481859e-02 9.987356040294426140e-01 -5.870641420650276471e-02
9.923938367897098267e-01 -1.166893155238784424e-01 3.922900923283886149e-02 6.354586032766788151e+01 1.154878789196418648e-01 9.928057455778686036e-01 3.161557868469054566e-02 3.718777683858514482e+00 -4.263598708933787756e-02 -2.684466047145900661e-02 9.987304796241234239e-01 -6.777650449237797303e-02
9.921357225521901801e-01 -1.185814983457634392e-01 4.007463245482831282e-02 6.425411857099437896e+01 1.172797237015208160e-01 9.925368167877459680e-01 3.341229979310382514e-02 3.805895612602320011e+00 -4.373762975445259077e-02 -2.844962448744817879e-02 9.986384122308922251e-01 -1.044329807422638978e-01
9.917891297898357994e-01 -1.207636456278951831e-01 4.208697794091414979e-02 6.495481792918747033e+01 1.193259713053649168e-01 9.922328641989573983e-01 3.514976311169894230e-02 3.892459384129590916e+00 -4.600489720971324276e-02 -2.983911373403568684e-02 9.984959831706402555e-01 -1.464164996326128565e-01
9.914702518191955694e-01 -1.226608405597440082e-01 4.406716464260185262e-02 6.564018708564962878e+01 1.211764055020174702e-01 9.920167938567059362e-01 3.491718695039082443e-02 3.979591169264964812e+00 -4.799833983316262320e-02 -2.927948163135439194e-02 9.984187151085106571e-01 -1.791711389975985946e-01
9.912187297928508611e-01 -1.244383058197084946e-01 4.473697041383498108e-02 6.631805379425655644e+01 1.230163424209711753e-01 9.918475238304391706e-01 3.325247793916839834e-02 4.068905502838735089e+00 -4.851013640250456671e-02 -2.745713062823280232e-02 9.984457629324610117e-01 -1.914875177044401688e-01
9.910114362476906136e-01 -1.263022659177924778e-01 4.410144834281090609e-02 6.699579353224044098e+01 1.249050722163768251e-01 9.916157169401660365e-01 3.312478901473536741e-02 4.160751692772736376e+00 -4.791542636389937992e-02 -2.731858017884477782e-02 9.984782844692946524e-01 -1.944438212112768183e-01
9.907860648711879215e-01 -1.282117504301444888e-01 4.365310318709141046e-02 6.766599013918725802e+01 1.267660438364698883e-01 9.913352868607602231e-01 3.442353186101284462e-02 4.251721847195747195e+00 -4.768836393252864209e-02 -2.857265431347131776e-02 9.984540591474196924e-01 -2.262404884104338154e-01
9.905068527089638808e-01 -1.302841658827416649e-01 4.385299325297347534e-02 6.832787897942418454e+01 1.287934823378650007e-01 9.910443604653771388e-01 3.526441313719224507e-02 4.338667695365059807e+00 -4.805465714387173459e-02 -2.928169284947157447e-02 9.984159567049849526e-01 -2.704288068741187989e-01
9.901437717022836260e-01 -1.326581976541761076e-01 4.492211290443823279e-02 6.898120251759500832e+01 1.311473623235731023e-01 9.907426304233180048e-01 3.506674543653287568e-02 4.425487666188529623e+00 -4.915814426939677656e-02 -2.882973241962341962e-02 9.983753924958986836e-01 -2.998022767934550026e-01
9.897106375483880614e-01 -1.352746767390833327e-01 4.663166703921223233e-02 6.962487667726340135e+01 1.337525148890295335e-01 9.904190972849769015e-01 3.435904403768370169e-02 4.516948394204966633e+00 -5.083280283676865768e-02 -2.776843762232982307e-02 9.983216193459547583e-01 -3.117473715966948000e-01
9.892118053131960798e-01 -1.380177036918308620e-01 4.911242709837914527e-02 7.025879068109789216e+01 1.364017318052365701e-01 9.900397518232711969e-01 3.487300640490433035e-02 4.611903635438516780e+00 -5.343634807548244825e-02 -2.779779853980727383e-02 9.981848389332451665e-01 -3.217889317060740884e-01
9.887037080234125641e-01 -1.408025261320568766e-01 5.138629105581403456e-02 7.088510626771598311e+01 1.390210697601588219e-01 9.896074060280461993e-01 3.675050168838828873e-02 4.711032634378318207e+00 -5.602681827391763070e-02 -2.919160927036367620e-02 9.980030044752612461e-01 -3.580954377835957603e-01
9.882726740742062699e-01 -1.434543580161528609e-01 5.233453248176347938e-02 7.150604240256748767e+01 1.416026186099040018e-01 9.892116817370167903e-01 3.753966874093197376e-02 4.804005552550536962e+00 -5.715515888163648361e-02 -2.968874926027052080e-02 9.979243610294251665e-01 -4.053089115136462861e-01
