1.000000000000000000e+00 0.000000000000000000e+00 0.000000000000000000e+00 0.000000000000000000e+00 0.000000000000000000e+00 1.000000000000000000e+00 0.000000000000000000e+00 0.000000000000000000e+00 0.000000000000000000e+00 0.000000000000000000e+00 1.000000000000000000e+00 0.000000000000000000e+00
9.999989315864316053e-01 -9.573975112597859398e-04 -1.105348919111231272e-03 4.869672410416233527e-02 9.573496559378634040e-04 9.999995415126053944e-01 -4.482466359795351390e-05 -4.443050888883853496e-04 1.105390634830334499e-03 4.376711192087259029e-05 9.999993892294432030e-01 2.227980462877746613e-03
9.999941618099563723e-01 -3.104599001944085938e-03 -1.430970820182857336e-03 1.395352488235695743e-01 3.104461950783288671e-03 9.999951814234728786e-01 -1.002772818400053158e-04 4.363543774298362082e-04 1.431278564094126899e-03 9.583157390094489885e-05 9.999989745215593917e-01 4.208443464591701995e-03
9.999820153955044644e-01 -5.884960612987938031e-03 -1.163846463503641782e-03 2.386212976207103820e-01 5.884890803743715940e-03 9.999826885857466818e-01 -6.670693846294786366e-05 3.786103647126888398e-03 1.164222478607886526e-03 5.985005604519962058e-05 9.999993272964136093e-01 4.826695413381311590e-03
9.999595819659137241e-01 -8.924451823101132303e-03 -1.099233664313760276e-03 3.342678802592790599e-01 8.924562256948423075e-03 9.999601790088710196e-01 9.171003727375298719e-05 8.234512575394160525e-03 1.098375924791364540e-03 -1.015235396305694336e-04 9.999993990089425244e-01 5.316474104945395976e-03
9.999209836684821440e-01 -1.250464423127540213e-02 -1.297246208026717109e-03 4.407685276948953290e-01 1.250540215370195100e-02 9.999216488731927921e-01 5.744869334238329392e-04 1.185947150034698250e-02 1.289966048820980491e-03 -5.906711139214841947e-04 9.999990011024352254e-01 7.045315686521464588e-03
9.998622151852656348e-01 -1.652555745524050823e-02 -1.576392718927893373e-03 5.714930328100181756e-01 1.652668147510241020e-02 9.998631929205274993e-01 6.995952541977540047e-04 1.745459043612622441e-02 1.564619011325630053e-03 -7.255566779167946711e-04 9.999985211553139575e-01 8.692414537518332665e-03
9.997709581340925578e-01 -2.134216369038508324e-02 -1.604258725192979351e-03 7.264965495078636870e-01 2.134317824568525077e-02 9.997720328465108386e-01 6.149533397260767030e-04 2.444177761349113076e-02 1.590771652213684257e-03 -6.490575536043698959e-04 9.999985325633183875e-01 1.085551500770826766e-02
9.996461706274266668e-01 -2.650905939582900994e-02 -2.199007684229057312e-03 8.937232752237367350e-01 2.651109308369082457e-02 9.996481297835873026e-01 8.986071277511125830e-04 3.509875607697930666e-02 2.174415357013668049e-03 -9.565916919296208213e-04 9.999971871017578895e-01 1.235412081725744890e-02
9.994938036623141064e-01 -3.163624537483485794e-02 -3.364852027866997112e-03 1.069356358228954695e+00 3.164266899949434025e-02 9.994975077926324669e-01 1.872059072966079712e-03 5.083217758164312872e-02 3.303939391125842312e-03 -1.977586666327959750e-03 9.999925971710268424e-01 1.112772553164283196e-02
9.992850629869921564e-01 -3.760466189517958774e-02 -3.910820076267544111e-03 1.262590413557573399e+00 3.761551828878473280e-02 9.992885488030961438e-01 2.739523248866888253e-03 6.551033316582757782e-02 3.805022808668131508e-03 -2.884674150988293315e-03 9.999886110839619757e-01 7.214799624773298239e-03
9.990516927364941902e-01 -4.342903984675691026e-02 -3.111594098572547339e-03 1.471846565661313777e+00 4.344077242410251255e-02 9.990487733795938574e-01 3.806133898588213126e-03 8.083544032375698796e-02 2.943342387901449510e-03 -3.937699514503872032e-03 9.999879286103662279e-01 5.638510916829505767e-03
9.988115277082102450e-01 -4.866889793033007949e-02 -2.631118396567596034e-03 1.697600512365497138e+00 4.868152370162940473e-02 9.988020273588722464e-01 4.965933654803966757e-03 9.934073229888319700e-02 2.386285375653207034e-03 -5.088124699005342616e-03 9.999842239418675893e-01 8.349091449183011424e-03
9.985538080673226347e-01 -5.370286326433208746e-02 -2.519493600338091558e-03 1.938974874239700608e+00 5.371892755778689965e-02 9.985329003173197826e-01 6.809370012878048807e-03 1.228566919361187698e-01 2.150121032828428407e-03 -6.934873142377851948e-03 9.999736588243182123e-01 1.110523735872823853e-02
9.983208409617922996e-01 -5.789405140959701795e-02 -1.957181842786827851e-03 2.198854957796568144e+00 5.791079735026435221e-02 9.982718271293623546e-01 9.987763683329410613e-03 1.487642186329712068e-01 1.375575478592921778e-03 -1.008434091614462610e-02 9.999482288894427917e-01 9.610770345741521600e-03
9.981201210149784897e-01 -6.126923587618846034e-02 -1.535720387999414465e-03 2.478250554763201663e+00 6.128341539007702010e-02 9.980465123535265937e-01 1.214754637646401486e-02 1.771249448592019105e-01 7.884565350136280059e-04 -1.221883086511659985e-02 9.999250616525746649e-01 1.843419783476032319e-03
9.979273808994653105e-01 -6.430745206979246453e-02 -2.355901087453149845e-03 2.767080656560839014e+00 6.433249637315172076e-02 9.978461887313228029e-01 1.282088980488538775e-02 1.987265158682899047e-01 1.526355030891388045e-03 -1.294588381038507853e-02 9.999150603545281513e-01 -2.963975470988347159e-04
9.977694165119698200e-01 -6.665330180057262022e-02 -3.685825143854504909e-03 3.058970914811052655e+00 6.668949801822267320e-02 9.977157121919983940e-01 1.076712721670848236e-02 2.142863614764772828e-01 2.959748100276230788e-03 -1.098892209872678188e-02 9.999352669359796719e-01 6.886648623031537374e-03
9.976217595767207236e-01 -6.869521331580233370e-02 -5.643589420545864696e-03 3.360080187828014875e+00 6.873840075678683270e-02 9.976038685161635611e-01 7.849982308151997115e-03 2.318325313928978615e-01 5.090816728123622771e-03 -8.219250268486544622e-03 9.999532933927588463e-01 2.036384009194582359e-02
9.974427174630979831e-01 -7.119716278674392829e-02 -6.248794597765710418e-03 3.680032994839362637e+00 7.123512271798228268e-02 9.974410873525939580e-01 6.075673062398877916e-03 2.563053444106181966e-01 5.800238923313886380e-03 -6.505275096243043516e-03 9.999620547676899562e-01 3.026034293071893505e-02
9.972890955382085476e-01 -7.344693824903229806e-02 -4.479672017541313535e-03 4.010368910931516595e+00 7.347446959156278545e-02 9.972770988647763346e-01 6.322444991194440742e-03 2.880241699203139882e-01 4.003115557265212072e-03 -6.634453112971170838e-03 9.999700180468437116e-01 2.684653218366664373e-02
9.971957549550947153e-01 -7.475361879405473253e-02 -3.547314700609845075e-03 4.361715752364784926e+00 7.477741412429196599e-02 9.971748365370086686e-01 7.125378267169648304e-03 3.234877069679671369e-01 3.004650042372052250e-03 -7.370661914953469465e-03 9.999683634537468446e-01 1.378534982005770286e-02
9.970999163083074102e-01 -7.596737920614500539e-02 -4.558357391081549817e-03 4.731516490674123609e+00 7.600083502554690063e-02 9.970782513077594000e-01 7.676104580295694743e-03 3.536214171998551814e-01 3.961910291814798799e-03 -8.000288231219126675e-03 9.999601923528513847e-01 4.359910527184473854e-03
9.969762675997840828e-01 -7.737901793326240618e-02 -7.132844138977221388e-03 5.111102022546316626e+00 7.742006139029057599e-02 9.969825034045600720e-01 5.666844290315951709e-03 3.772964057411382077e-01 6.672830036033597367e-03 -6.201939927401469051e-03 9.999585502247138047e-01 7.778086688714553297e-03
9.969450559518775457e-01 -7.752335213312507023e-02 -9.526618893864729348e-03 5.494223238204775761e+00 7.754018778962178116e-02 9.969882840437817029e-01 1.407799587303895346e-03 4.011254324746409972e-01 9.388793423124281584e-03 -2.142199791476724017e-03 9.999536825243071636e-01 2.289229527429343519e-02
9.969772043820163132e-01 -7.734150124971941875e-02 -7.404542896659999790e-03 5.897055009504431844e+00 7.733573416244918231e-02 9.970045892454438841e-01 -1.065895461844733761e-03 4.290574640470274925e-01 7.464804550405043822e-03 4.900328675331947501e-04 9.999720763069034346e-01 4.052543422929896083e-02
9.969809046870405922e-01 -7.760957024060806397e-02 -2.431604389471011835e-03 6.327997458822899546e+00 7.760777086542021419e-02 9.969836719538677228e-01 -8.371164283998398532e-04 4.688703348752134570e-01 2.489240174589273363e-03 6.458734341188267572e-04 9.999967549290846858e-01 4.124756435236198726e-02
9.970374262140825339e-01 -7.690166580775482930e-02 1.608940747350507978e-03 6.764893076088339008e+00 7.690130241762853369e-02 9.970387201439219194e-01 3.051581631524170131e-04 5.147895408939124895e-01 -1.627641469427082476e-03 -1.805284830733228834e-04 9.999987235643086336e-01 2.414226460908137223e-02
9.971497141640420780e-01 -7.544178506155606312e-02 1.037237059245298436e-03 7.203846756659991080e+00 7.544139111450548496e-02 9.971501965966901304e-01 4.415018002548467234e-04 5.476966449448652519e-01 -1.067586875073681845e-03 -3.619965173641486551e-04 9.999994326066208306e-01 1.221046510170088750e-02
9.972667624849523849e-01 -7.387776749092549167e-02 -1.082460103079447688e-03 7.649303858412397794e+00 7.387550926049572808e-02 9.972654820503770168e-01 -2.020387550339662521e-03 5.678084844763295891e-01 1.228763427088775057e-03 1.934894408147411855e-03 9.999974421245858558e-01 2.495373730478807686e-02
9.972961917706425483e-01 -7.348643693752336670e-02 3.795333852106009794e-04 8.099027660703647769e+00 7.348744284847665009e-02 9.972839556324401000e-01 -4.942704088677842868e-03 5.892079457545369436e-01 -1.528224315065239750e-05 4.957225997629853727e-03 9.999877858862789015e-01 4.124099672109957093e-02
9.973391951637941011e-01 -7.283167542641137693e-02 3.190275396395862977e-03 8.546217221099231764e+00 7.285546477733448323e-02 9.973096417475671993e-01 -8.104756219224629188e-03 6.255439598287707570e-01 -2.591412712510022306e-03 8.315612934729476116e-03 9.999621445194797342e-01 4.650334148522513450e-02
9.974799278605137598e-01 -7.092419762898201363e-02 1.912729163014818606e-03 9.008930324692842717e+00 7.093820326378111329e-02 9.974432519825736643e-01 -8.652051409821531758e-03 6.714762536621526889e-01 -1.294202273219434429e-03 8.765925084424783936e-03 9.999608215256143851e-01 4.643649836442031303e-02
9.976571402148111112e-01 -6.834214101882790660e-02 -3.114413887277618902e-03 9.482524878244355193e+00 6.832840531653563976e-02 9.976535632653452668e-01 -4.327428173696383149e-03 7.086595883407408314e-01 3.402847341076079349e-03 4.104476635420477651e-03 9.999858732022856023e-01 4.573772444891541916e-02
9.977650011746305170e-01 -6.659221588146195525e-02 -5.531414106519760149e-03 9.978237975685342320e+00 6.660257835001312521e-02 9.977781910003187260e-01 1.707145904732322887e-03 7.328147422158052260e-01 5.405436808234654993e-03 -2.071746685977041407e-03 9.999833339426147383e-01 4.116711335541010236e-02
9.978364748493649961e-01 -6.572760150116863098e-02 -1.540202097570389549e-03 1.048007021600350974e+01 6.573230502413342224e-02 9.978321685972575406e-01 3.219274261633411384e-03 7.635035439418350611e-01 1.325263225026797895e-03 -3.313560392264044713e-03 9.999937230319319026e-01 2.908366786130825096e-02
9.979718399530972395e-01 -6.365755510427205388e-02 -2.084902943331132252e-04 1.097568276636428486e+01 6.365763827340366332e-02 9.979718120515365110e-01 3.278849716479100463e-04 8.071113406539131008e-01 1.871903081422328146e-04 -3.405021887863863856e-04 1.000000017785338979e+00 3.525854232191143189e-02
9.981146925874672116e-01 -6.116778282509404557e-02 -5.068853671299253065e-03 1.148394614612306697e+01 6.116224218112705641e-02 9.981271325973337660e-01 -1.245509744142650390e-03 8.489904161290768858e-01 5.135540897965099917e-03 9.331280834821387106e-04 9.999864775036414466e-01 6.271990683110492681e-02
9.981885977360871465e-01 -5.940754433405374263e-02 -9.508126314958930889e-03 1.200910281600003238e+01 5.940213106117660929e-02 9.982338423043409792e-01 -8.535103938759419856e-04 8.708411698271342205e-01 9.542033362557348838e-03 2.871525246486728044e-04 9.999545357667849466e-01 8.157664370872411141e-02
9.983074689754010134e-01 -5.751531115693150203e-02 -8.621663871573289131e-03 1.255564275690276688e+01 5.751689344466511672e-02 9.983446053373694618e-01 -6.782160226712854350e-05 8.941890931521750963e-01 8.611288283854741724e-03 -4.281950216312798048e-04 9.999629394061440024e-01 7.131759216402527857e-02
9.984692280889669869e-01 -5.495542282261335620e-02 -6.265228792023701254e-03 1.311195293738087031e+01 5.497066810064882986e-02 9.984854362837900510e-01 2.282453144752626811e-03 9.313302397806332289e-01 6.130302659154921417e-03 -2.623373665622685900e-03 9.999778803323893239e-01 5.353607826362891120e-02
9.985742212666650630e-01 -5.322655826466270168e-02 -4.075895477567496351e-03 1.368458356082217264e+01 5.325363851831523693e-02 9.985576565645285507e-01 6.842023856730212843e-03 9.725314476654470797e-01 3.705835395793875744e-03 -7.049335289360806472e-03 9.999684033167370867e-01 4.732534037698803847e-02
9.986268273597124212e-01 -5.236269530789528642e-02 -1.663346894888994730e-03 1.425587743863824386e+01 5.237075737443994822e-02 9.986141530719648829e-01 5.218740301623370735e-03 1.001852130353138026e+00 1.387769978656317078e-03 -5.298696457418932901e-03 9.999851181551189239e-01 5.512252680718996573e-02
9.986852714374275797e-01 -5.094415621042643061e-02 -5.708112521073294317e-03 1.481758153296986968e+01 5.089625666456439046e-02 9.986699499719493556e-01 -8.250321790886456716e-03 1.023277323710837239e+00 6.120820359302624018e-03 7.948941771232115663e-03 9.999497975532560812e-01 8.310365489308518816e-02
9.985498604997691263e-01 -4.869965535128465556e-02 -2.294964669093968110e-02 1.537025003144965396e+01 4.822987471320740877e-02 9.986239112148611596e-01 -2.059938263980109693e-02 1.052578235280773544e+00 2.392124168707765453e-02 1.946264070067224919e-02 9.995245062965322225e-01 1.282561460760396344e-01
9.975987930685163985e-01 -4.662583193858031022e-02 -5.121385351517821621e-02 1.593156920143919208e+01 4.576027342556588523e-02 9.987913093616814786e-01 -1.794689563447515041e-02 1.078252185791829465e+00 5.198873266767493201e-02 1.556022998104263262e-02 9.985265765025206353e-01 1.643606057486871330e-01
9.960205589094461853e-01 -4.410246500235946027e-02 -7.744805846086952328e-02 1.650497763482506031e+01 4.398503815129253119e-02 9.990270784504791113e-01 -3.222845012370754818e-03 1.089459761866447662e+00 7.751483393824946944e-02 -1.965467999744020409e-04 9.969913185998625638e-01 1.768577991089100576e-01
9.948458592042185300e-01 -4.156367327906754922e-02 -9.248983595406948255e-02 1.709566554980612807e+01 4.178403263897719627e-02 9.991266539912314615e-01 4.460066008502886164e-04 1.088359592901385842e+00 9.239051303372620982e-02 -4.308315622780862532e-03 9.957136729349537196e-01 1.692133447420257064e-01
9.945080287570567945e-01 -4.106998671739433421e-02 -9.626647715840289110e-02 1.768835955821181471e+01 4.009780377991371825e-02 9.991236308066728800e-01 -1.201302352917210138e-02 1.102263795629430332e+00 9.667547679653555603e-02 8.086963291137708523e-03 9.952832493743417608e-01 2.157285473437348666e-01
9.949730818583542025e-01 -4.040409420700983439e-02 -9.163122303484050324e-02 1.827984760945318143e+01 3.856945791237024329e-02 9.990202256234632650e-01 -2.170642344375974669e-02 1.151223124760758498e+00 9.241846459486863230e-02 1.806312818357237726e-02 9.955565569793569658e-01 3.052701570351451510e-01
9.956373371933628924e-01 -3.861917818173619954e-02 -8.494150365411820558e-02 1.889683929587149080e+01 3.720076808886744330e-02 9.991417990655632186e-01 -1.821978906411939395e-02 1.207354982827400169e+00 8.557223105180827849e-02 1.498040123693126710e-02 9.962195034724991016e-01 3.714918657821321690e-01
9.958525968286839891e-01 -3.740218960102832668e-02 -8.293907654732050883e-02 1.953078713859040860e+01 3.661627934713124893e-02 9.992692020804339048e-01 -1.097791156583257689e-02 1.223814276192886519e+00 8.328905231565737755e-02 7.895450300596247584e-03 9.964943186325079250e-01 4.023247086301856013e-01
9.956940721465561417e-01 -3.742808896242805217e-02 -8.480957784542689226e-02 2.015934817842665794e+01 3.645955861439975632e-02 9.992514323686501054e-01 -1.294148716144853314e-02 1.211143807156998875e+00 8.523045579714995379e-02 9.793630197360771172e-03 9.963132987455941558e-01 4.394394548227564257e-01
9.952788286823307518e-01 -3.720874929258649599e-02 -8.964248172312397345e-02 2.075018827080099015e+01 3.545004414319127134e-02 9.991480857813838101e-01 -2.113318633160572377e-02 1.221686457031748052e+00 9.035244077283083319e-02 1.785557089846627823e-02 9.957499477607000271e-01 5.198751582335522370e-01
9.946680203392481712e-01 -3.527722872261721682e-02 -9.690852642800483474e-02 2.133401572115572620e+01 3.331761621628212544e-02 9.992078678542518633e-01 -2.176666922202970256e-02 1.264570826106690360e+00 9.759961686183124541e-02 1.842183652178275982e-02 9.950554245400120568e-01 6.128098247043176627e-01
9.942373148110746905e-01 -3.268679247324859233e-02 -1.020977565931721065e-01 2.194883281947635112e+01 3.143985992783759897e-02 9.994104907643120983e-01 -1.379950648252856182e-02 1.296374616252526479e+00 1.024886172355742447e-01 1.051003317772111062e-02 9.946788304326547037e-01 6.667668032585782889e-01
9.943291825879628787e-01 -3.001510863302559243e-02 -1.020234668521993182e-01 2.258896672587417598e+01 2.916272452933141648e-02 9.995263858295778681e-01 -9.837003950554836645e-03 1.300143691071777408e+00 1.022703923398117637e-01 6.805926141165023584e-03 9.947335360126130510e-01 6.957140086439920212e-01
9.948285553761215816e-01 -2.708861340106552898e-02 -9.789066561616302509e-02 2.322822457853025213e+01 2.590944164507396133e-02 9.995759592818994621e-01 -1.329780164988342110e-02 1.299484714441082378e+00 9.820936232433678803e-02 1.069273041436026583e-02 9.951085174201040884e-01 7.423826924801597560e-01
9.955056864439034703e-01 -2.578492412300154718e-02 -9.112519434114729755e-02 2.385851541081778393e+01 2.395146333582180709e-02 9.994893259913980588e-01 -2.115762226329714543e-02 1.317146227569397476e+00 9.162419402326274498e-02 1.887994054860850715e-02 9.956148531573534299e-01 8.265964702752862658e-01
9.961131754752684531e-01 -2.502561178845136985e-02 -8.445413178600147397e-02 2.447856752895589949e+01 2.305546353292070930e-02 9.994407797762848711e-01 -2.422403223988640886e-02 1.347628226582951338e+00 8.501311206558702371e-02 2.218273704682452788e-02 9.961330647851674991e-01 9.143617209824139724e-01
9.963371953395029346e-01 -2.331326773160665236e-02 -8.227347962990384789e-02 2.510229897220635564e+01 2.167775825730673331e-02 9.995504514707450605e-01 -2.071732252262473151e-02 1.371231895005338375e+00 8.271946931105894629e-02 1.885792321160382687e-02 9.963946315939699039e-01 9.794954048239323807e-01
9.963167600878544139e-01 -2.101236475205216919e-02 -8.313624347306608486e-02 2.574837832121724546e+01 1.995654023311041469e-02 9.997096699403276165e-01 -1.351135926975882175e-02 1.380770406094682823e+00 8.339599874175517014e-02 1.180247092225074346e-02 9.964467921969079045e-01 1.014190560878528879e+00
9.963547780960220202e-01 -1.939838027751657201e-02 -8.307286974639846444e-02 2.640209680961628180e+01 1.855358834180329333e-02 9.997682475945038894e-01 -1.092993411303607755e-02 1.383416404050340054e+00 8.326562651394338321e-02 9.348781070341410232e-03 9.964837386734375357e-01 1.048117710084263354e+00
9.964566218499705252e-01 -1.946944296601785598e-02 -8.182532949986449922e-02 2.704284799154143215e+01 1.838227485052116791e-02 9.997328630953070672e-01 -1.401957244710237520e-02 1.400697051560211737e+00 8.207640948112561452e-02 1.246574894390684897e-02 9.965482827416406453e-01 1.114636822436944508e+00
9.964466155903219935e-01 -2.012915086019055264e-02 -8.178755123994443932e-02 2.766759934043870572e+01 1.884219966614602768e-02 9.996868140569755701e-01 -1.647753311832533818e-02 1.427778022590951101e+00 8.209359950519665161e-02 1.487791382746157451e-02 9.965137785503624945e-01 1.197637036492732676e+00
9.962963893649641189e-01 -2.032820502171640842e-02 -8.354949219159511775e-02 2.829985609454734075e+01 1.911584079020459126e-02 9.997005496502076038e-01 -1.528592737577300076e-02 1.450329301441832142e+00 8.383519283020539337e-02 1.363218500745381513e-02 9.963865972831691398e-01 1.261193526581823932e+00
9.958429840141441725e-01 -2.008241358588001152e-02 -8.884650474572521051e-02 2.894655620261258733e+01 1.904480535877171518e-02 9.997404748340038561e-01 -1.251170592347086892e-02 1.455769442864510488e+00 8.907469588253377757e-02 1.076761957006252581e-02 9.959669618805038205e-01 1.303435494076386814e+00
9.952592159768931523e-01 -1.996306683811336150e-02 -9.518837909749615356e-02 2.959293844219988401e+01 1.890871448394626508e-02 9.997497357723363898e-01 -1.196634982075076882e-02 1.454439099830358018e+00 9.540342515483028751e-02 1.010971979442697698e-02 9.953875727116386907e-01 1.355282922491928499e+00
9.951429132759106455e-01 -1.993073400439927464e-02 -9.640335426745791358e-02 3.022771055247635630e+01 1.858105188771968022e-02 9.997167856001656361e-01 -1.487858595906254265e-02 1.460957098559356515e+00 9.667257511241179879e-02 1.301503325022120190e-02 9.952313671293130382e-01 1.415969676129090749e+00
9.953063314360247604e-01 -2.008478505346524348e-02 -9.466874099394079201e-02 3.085803142210904326e+01 1.842870625270134552e-02 9.996621732102382030e-01 -1.833599084460788356e-02 1.486669761790674338e+00 9.500501606440800439e-02 1.650529463748970013e-02 9.953401855531619491e-01 1.491424568612937707e+00
9.955452770510992977e-01 -2.009886482233181129e-02 -9.211894652493601843e-02 3.149380310100100644e+01 1.884804563683799630e-02 9.997183844901855743e-01 -1.442892091505948785e-02 1.515193516120163508e+00 9.238299180840023328e-02 1.262837137876560850e-02 9.956436989073076393e-01 1.568380830363601541e+00
9.960224210661565714e-01 -1.981730500303785850e-02 -8.687275376519941472e-02 3.214260701348543847e+01 1.931774718616998537e-02 9.997918388350848229e-01 -6.588122047303131106e-03 1.531271671641482701e+00 8.698521202403264319e-02 4.883721044724924007e-03 9.961978718632769070e-01 1.612416217355663539e+00
9.962567179077821411e-01 -2.028372733604506470e-02 -8.403210286464035672e-02 3.278750878325651996e+01 1.982415683828890607e-02 9.997837803658047306e-01 -6.300527751162085001e-03 1.536318494669601797e+00 8.414171456968493057e-02 4.611066786520291207e-03 9.964433736653318663e-01 1.648900776151913661e+00
9.960095691288810560e-01 -2.159208437087155319e-02 -8.659672615373309457e-02 3.341333603434573973e+01 2.035009077073348174e-02 9.996775155451821382e-01 -1.520026594105738753e-02 1.536076965465374089e+00 8.689698793166446278e-02 1.337734810922947340e-02 9.961277307805619374e-01 1.715840775892531145e+00
9.956745678905742913e-01 -2.306515553718952935e-02 -9.000237808598024469e-02 3.402472305024388533e+01 2.104882201469896602e-02 9.995073188869916248e-01 -2.328910824641104022e-02 1.550974088696174702e+00 9.049518461950011028e-02 2.129391751032812599e-02 9.956694707137108136e-01 1.808303490442347838e+00
9.956003076664384777e-01 -2.405738136519556744e-02 -9.056237942741611480e-02 3.464984574943058249e+01 2.214633690206199018e-02 9.995117389294706500e-01 -2.204882751792121981e-02 1.579866506209508747e+00 9.104858005273877564e-02 1.994618329960740413e-02 9.956469361956068465e-01 1.881206449502884848e+00
9.955730603482796370e-01 -2.526041531680849397e-02 -9.053434901466282658e-02 3.528981960283852715e+01 2.409971195089497670e-02 9.996132053534551032e-01 -1.389176671257283217e-02 1.604364315576625843e+00 9.085022337905462875e-02 1.164840637622193906e-02 9.957967051496406929e-01 1.919155883841407562e+00
9.954784723686646020e-01 -2.724581028902524349e-02 -9.099754109718495576e-02 3.592750209015038365e+01 2.652671998603624293e-02 9.996068290908782794e-01 -9.103344724189520176e-03 1.610847905322891682e+00 9.120977232002719370e-02 6.648307071022123080e-03 9.958097794941441760e-01 1.946424341760268684e+00
9.955705333503237497e-01 -3.005378305285326401e-02 -8.908624504102513608e-02 3.655294077055169311e+01 2.893130882149796620e-02 9.994854154032424276e-01 -1.386544805687644176e-02 1.622588717967576866e+00 8.945709240281439489e-02 1.122663930758937070e-02 9.959276816779714103e-01 2.008551402263262897e+00
9.957803909156179856e-01 -3.280038549409084597e-02 -8.570778060894856942e-02 3.716741726980096416e+01 3.113298749249443498e-02 9.993006490553351107e-01 -2.072028052376728366e-02 1.652208147273514616e+00 8.632745436529618011e-02 1.796449898390761399e-02 9.961051232786946041e-01 2.097287317377829474e+00
9.958349430726737284e-01 -3.477500437682521511e-02 -8.428371825258539063e-02 3.778130302930807716e+01 3.300846244172238320e-02 9.992072511821927794e-01 -2.226423768895326866e-02 1.688209890377904365e+00 8.499112189596350064e-02 1.938941916029851553e-02 9.961933238277965730e-01 2.181420411254392011e+00
9.957164542146902386e-01 -3.589875558936295175e-02 -8.520740663452446018e-02 3.840945239134840961e+01 3.455221442296530637e-02 9.992546114966727178e-01 -1.722673806759607990e-02 1.709423621341052524e+00 8.576229267882407026e-02 1.420883146074787030e-02 9.962145983893826440e-01 2.225655729524388615e+00
9.954690860622223969e-01 -3.740237955496831385e-02 -8.742220464016696446e-02 3.904031854160220405e+01 3.632815454259865490e-02 9.992441671981622253e-01 -1.384784236178559710e-02 1.724358794100695702e+00 8.787405066806583398e-02 1.060920139748731256e-02 9.960753955324317399e-01 2.260534265224707351e+00
9.952581425202993159e-01 -3.892892601906894345e-02 -8.914063350819287357e-02 3.965394253054132889e+01 3.800347973131116414e-02 9.992050708035965512e-01 -1.205688926120940078e-02 1.750515138350358102e+00 8.953911497732629232e-02 8.612052841620053412e-03 9.959463756507173082e-01 2.315981986344403332e+00
9.950962618746270749e-01 -4.027195166678901317e-02 -9.034315820822078069e-02 4.025525450864412136e+01 3.930506767136371371e-02 9.991498067234095837e-01 -1.245740720775907230e-02 1.786091570684086305e+00 9.076801331566128339e-02 8.845365300992419355e-03 9.958330877405404680e-01 2.387397463730676961e+00
9.947692835264471123e-01 -4.213930205303527410e-02 -9.305183477871381559e-02 4.085906431087865798e+01 4.112285348723550976e-02 9.990721148548237229e-01 -1.281554819996688285e-02 1.821901308700572875e+00 9.350551084359040588e-02 8.921947507928493920e-03 9.955790984096420937e-01 2.461560705264840276e+00
9.942543495974603962e-01 -4.452429908503999917e-02 -9.734561625071365409e-02 4.146514711810185361e+01 4.329472734029374964e-02 9.989542785449715412e-01 -1.470875333458236504e-02 1.846343498957942586e+00 9.789869492813740859e-02 1.040968110838797964e-02 9.951422621765860788e-01 2.517534795529485336e+00
9.937971940289533901e-01 -4.645675481650656663e-02 -1.010406029016879953e-01 4.206870142601731288e+01 4.488560507807717176e-02 9.988343027651662709e-01 -1.776991562320448526e-02 1.865433749032319177e+00 1.017483289674127878e-01 1.312441527969671756e-02 9.947239253441115814e-01 2.575806335149627202e+00
9.938335752988385341e-01 -4.759713661355724490e-02 -1.001480811271233534e-01 4.267239709305147954e+01 4.581955100568269046e-02 9.987501796450554137e-01 -1.997750706924303343e-02 1.889121715318225148e+00 1.009737622824423975e-01 1.526556858499913093e-02 9.947722996824586161e-01 2.640489521547607854e+00
9.942759582390898743e-01 -4.845311508693100899e-02 -9.522563511264255098e-02 4.327546416182775602e+01 4.689566921033613139e-02 9.987281772233990162e-01 -1.852787145671914298e-02 1.929811546752634888e+00 9.600223463217520681e-02 1.395613837067005529e-02 9.952836148323817023e-01 2.698374874418405511e+00
9.944133133477468522e-01 -4.855507755681070375e-02 -9.372766271619611955e-02 4.387196098041685843e+01 4.757855467290703078e-02 9.987879148205039970e-01 -1.262757850363037740e-02 1.974930040737647996e+00 9.422716535101764712e-02 8.097597187355278642e-03 9.955181381275324259e-01 2.757704222723761589e+00
9.940879280088593672e-01 -4.770210971068068045e-02 -9.753977910527729389e-02 4.446864553792480024e+01 4.721298694516549294e-02 9.988582755530348578e-01 -7.318675456342117053e-03 2.001115157189771843e+00 9.777750709588639566e-02 2.670254563489608216e-03 9.952050706481908593e-01 2.815120704514465722e+00
9.939553800260231275e-01 -4.703704228336260534e-02 -9.919943620689454511e-02 4.506934385799446119e+01 4.644995563716407261e-02 9.988870301325426526e-01 -8.221676661457778118e-03 2.015806933943191215e+00 9.947572836122177409e-02 3.564162377823283136e-03 9.950339642642982430e-01 2.876632774948697513e+00
9.944486662064544458e-01 -4.635647077199418764e-02 -9.446288654112211525e-02 4.566050432762669686e+01 4.502477604957135643e-02 9.988550457178259068e-01 -1.618247526646107368e-02 2.040819774408096698e+00 9.510486797636832912e-02 1.183946228092759220e-02 9.953972157262857001e-01 2.939181719314594154e+00
9.953273302063838646e-01 -4.487643555648585664e-02 -8.549809622053404501e-02 4.624767553049002800e+01 4.316449926402246562e-02 9.988310328254781378e-01 -2.176939911443928968e-02 2.073621853589307396e+00 8.637505963390984531e-02 1.797718659084331788e-02 9.961008520086332974e-01 3.009944909210900299e+00
9.962094022031089402e-01 -4.317914276419116543e-02 -7.551624904077985923e-02 4.685173055865350022e+01 4.181649706244735393e-02 9.989345700248453142e-01 -1.953521105225541205e-02 2.104009544077868110e+00 7.627928063515238000e-02 1.630332719546124381e-02 9.969535689824845504e-01 3.059911014636932158e+00
9.969820489632502669e-01 -4.191912516249882842e-02 -6.534445162969218512e-02 4.746334614939573271e+01 4.102202282506993425e-02 9.990457203641991413e-01 -1.501245843855386619e-02 2.126507794212078473e+00 6.591137970045114758e-02 1.228658135040344018e-02 9.977502139353875421e-01 3.096810977154699440e+00
9.976998853290620639e-01 -4.083589123373908975e-02 -5.410810393840843197e-02 4.807290945721369013e+01 4.024962415084362699e-02 9.991192663989026945e-01 -1.188294498332045403e-02 2.147235550899749601e+00 5.454567609328341699e-02 9.677773455131424493e-03 9.984647638096889599e-01 3.124382976575352355e+00
9.984479510096108124e-01 -3.981873307880490209e-02 -3.894213707344163639e-02 4.868014280365690638e+01 3.932446881642590042e-02 9.991371904455076391e-01 -1.337936101192009099e-02 2.170460705730373085e+00 3.944126359480203819e-02 1.182720808726363433e-02 9.991522877575007566e-01 3.161246013353315121e+00
9.990809483586047257e-01 -3.933838007892880712e-02 -1.703203631731768988e-02 4.930108557643978173e+01 3.905493469413411772e-02 9.990982591177861583e-01 -1.667115661268193591e-02 2.192061510018351367e+00 1.767247209634868407e-02 1.599064134829876818e-02 9.997163502293680004e-01 3.192006758518846521e+00
9.992003955440155183e-01 -3.918654489212333031e-02 7.958090748040146448e-03 4.993580637598010696e+01 3.936434718737164690e-02 9.989473770143821874e-01 -2.356138591690237760e-02 2.211029329097362162e+00 -7.026446114153891628e-03 2.385580168062775147e-02 9.996911226110799520e-01 3.197403466999061639e+00
9.989670958403530365e-01 -3.855812902456563773e-02 2.404910173952752236e-02 5.055645746650690597e+01 3.926948737963539826e-02 9.987832656169494117e-01 -2.984062881059363834e-02 2.231438355875475565e+00 -2.286926397316817183e-02 3.075419244900546439e-02 9.992657313027631938e-01 3.221590972251869633e+00
9.988597017476797957e-01 -3.822519557720436417e-02 2.860924261053598289e-02 5.117114342553188777e+01 3.904966554123061317e-02 9.988214478121991702e-01 -2.883412721450312119e-02 2.258641376836228343e+00 -2.747335720953705124e-02 2.991841934147933951e-02 9.991751295529551768e-01 3.241912179297007590e+00
9.989779818657099630e-01 -3.816843741284421665e-02 2.421832965436985369e-02 5.178021424977780640e+01 3.871481313043816097e-02 9.989971382776310360e-01 -2.250446937678226428e-02 2.286675488409276369e+00 -2.333510394663515855e-02 2.341906815574977888e-02 9.994537840157707853e-01 3.228080533932963014e+00
9.991906021945081706e-01 -3.755050066283091570e-02 1.443886218986284442e-02 5.239380889329018487e+01 3.783368568459574699e-02 9.990869258807495434e-01 -1.986195572608233720e-02 2.302440134834096597e+00 -1.367987485759838105e-02 2.039214598477320436e-02 9.996988961186847877e-01 3.199480517164031479e+00
9.993019202068854634e-01 -3.680259077173251431e-02 6.451672002973825489e-03 5.301376184004370629e+01 3.696097795274921882e-02 9.989674351412951570e-01 -2.642979561202360786e-02 2.312031122796459393e+00 -5.472349606583845269e-03 2.664979691501025844e-02 9.996302911951512327e-01 3.196019839014959896e+00
9.993291485898561088e-01 -3.635666925272765249e-02 4.453078122671020114e-03 5.363347444708334422e+01 3.649127511718311401e-02 9.987135767950439114e-01 -3.521615031492144471e-02 2.334278985091469583e+00 -3.167031638386261228e-03 3.535501474188903342e-02 9.993702450049216646e-01 3.221547292630680293e+00
9.993351240297477789e-01 -3.564516667155414459e-02 7.689110099677611519e-03 5.426225150588912527e+01 3.591052544724099987e-02 9.986447654686951836e-01 -3.767845401679089518e-02 2.365150189104790801e+00 -6.335658594358657865e-03 3.792951284265350803e-02 9.992607825614513439e-01 3.235013734096651383e+00
9.993242632557545191e-01 -3.488563293219947709e-02 1.159320187214460049e-02 5.490941523633240706e+01 3.527618937390982617e-02 9.987513655097421950e-01 -3.538243222660268639e-02 2.386880407968094087e+00 -1.034441096107067103e-02 3.576747731086873244e-02 9.993070599115605468e-01 3.211413632264590312e+00
9.993268448957380867e-01 -3.441660449704161961e-02 1.271809170979367604e-02 5.555734798958834375e+01 3.483233432565909643e-02 9.988133040096442983e-01 -3.404881277003066198e-02 2.400043891034539634e+00 -1.153117734050205200e-02 3.446888355818547578e-02 9.993397135343380366e-01 3.188448906483130951e+00
9.993665689853801215e-01 -3.332561869946372435e-02 1.250038234460782924e-02 5.620196223728358831e+01 3.375944506560419472e-02 9.987723088392083115e-01 -3.626033104730924661e-02 2.412992827098925375e+00 -1.127665983944435221e-02 3.665935861660000322e-02 9.992646649740216658e-01 3.182717028647892743e+00
9.993954192303420303e-01 -3.188049963841795009e-02 1.388620432308125194e-02 5.684586591252701027e+01 3.242714833705726690e-02 9.986292020267993896e-01 -4.109562704594410532e-02 2.436324349993453708e+00 -1.255704229630873366e-02 4.152106115534814207e-02 9.990591988010720792e-01 3.198306309633009104e+00
9.994069075434245386e-01 -3.072425111967852854e-02 1.556459368919077199e-02 5.749551829599983677e+01 3.135670282063020980e-02 9.986190493767487242e-01 -4.215936096555673862e-02 2.462809188061839905e+00 -1.424780714715018909e-02 4.262240055962030622e-02 9.989901422234767070e-01 3.212679597548523613e+00
9.994481244653495855e-01 -2.920883706755231235e-02 1.583330560068988910e-02 5.814104237966097344e+01 2.981658613758056409e-02 9.987707081827907896e-01 -3.960707014111720242e-02 2.483795141783632587e+00 -1.465698855331088075e-02 4.005729686243348492e-02 9.990903737791356765e-01 3.198703745996099634e+00
9.995380103143387540e-01 -2.720256136301236680e-02 1.357174850856645958e-02 5.878590499905686073e+01 2.769953466414975390e-02 9.988987984142196908e-01 -3.787626659721042566e-02 2.495749078963956702e+00 -1.252649556273111378e-02 3.823468884060909900e-02 9.991907706744358464e-01 3.169996242157438360e+00
9.996195792016687731e-01 -2.527365906763765629e-02 1.106110494537337723e-02 5.942651426118311520e+01 2.570266001596391986e-02 9.988482591336397265e-01 -4.052428929574351107e-02 2.503920155666349068e+00 -1.002419206923600183e-02 4.079316212291619198e-02 9.991178317454101343e-01 3.165886911277041804e+00
9.996749742172802433e-01 -2.317770705454299043e-02 1.063715302780222569e-02 6.006073540958160351e+01 2.362362933634699208e-02 9.987569613183039374e-01 -4.389942788929658557e-02 2.522744595014440705e+00 -9.606466620243166860e-03 4.413643673697124903e-02 9.989798361430132223e-01 3.190702720524574598e+00
9.997280047908240208e-01 -2.058149768953320552e-02 1.098766045284449606e-02 6.070132636163706508e+01 2.103824537224849300e-02 9.988451312791249981e-01 -4.320312114994729474e-02 2.545051445351776298e+00 -1.008581012343768429e-02 4.342252029761629883e-02 9.990064037795861607e-01 3.204290338427448592e+00
9.997880869105504331e-01 -1.825140528614926927e-02 9.543474048028277243e-03 6.134316140649573157e+01 1.860950173462029567e-02 9.990710930464686834e-01 -3.887626222925951586e-02 2.557874670054976818e+00 -8.825086752415106997e-03 3.904561237215416897e-02 9.991989813227278860e-01 3.187355609084168595e+00
9.998504161895707121e-01 -1.584522869616493065e-02 6.963233137032509568e-03 6.197577186841419916e+01 1.608551139705363328e-02 9.992259063482651360e-01 -3.591074160912378216e-02 2.562610204361708277e+00 -6.388853243085931485e-03 3.601736643606043980e-02 9.993312719175628800e-01 3.168796270955379413e+00
9.998973870939121822e-01 -1.302079604550569238e-02 6.007348070546990153e-03 6.260208524817866760e+01 1.323035478598486026e-02 9.992552496485911373e-01 -3.625820253899193768e-02 2.569550603859395377e+00 -5.530787028629444851e-03 3.633395076656566886e-02 9.993249378722923737e-01 3.168629389654530115e+00
9.999269800990902013e-01 -1.013119358064299737e-02 6.618889731488216549e-03 6.323108909925583276e+01 1.037072689018431193e-02 9.992542360607674645e-01 -3.720461260312940555e-02 2.586319662150049492e+00 -6.237050259107890585e-03 3.727052781826779154e-02 9.992862933989279384e-01 3.192625541093466968e+00
9.999409825862887180e-01 -6.867074584714933511e-03 8.443839982270131411e-03 6.386521243479079146e+01 7.162591845569376940e-03 9.993454403963706323e-01 -3.547046591357465306e-02 2.598172440799862315e+00 -8.194758100936672118e-03 3.552884113140587080e-02 9.993356025337918336e-01 3.195080051162682011e+00
9.999494712886204395e-01 -2.728449310768833388e-03 9.697446106881014646e-03 6.450243571615175142e+01 3.050730890164590238e-03 9.994389196297648326e-01 -3.336636721083184598e-02 2.597460559331483232e+00 -9.600990101116332540e-03 3.339425440574526199e-02 9.993966978289106073e-01 3.182782282405551388e+00
9.999552024684900120e-01 1.869381842413558653e-03 9.302234845238895738e-03 6.512764224705593108e+01 -1.563407267049077244e-03 9.994616913603620034e-01 -3.278203003753561023e-02 2.589183113812943304e+00 -9.358532028300664898e-03 3.276600609588622981e-02 9.994197949067651354e-01 3.175847739367319011e+00
9.999388094777222902e-01 6.793075039127322891e-03 8.755871435075326600e-03 6.574466075906782692e+01 -6.494807979972137303e-03 9.994131728274237014e-01 -3.364402185488934993e-02 2.582899463208633950e+00 -8.979301872772816120e-03 3.358508305551419909e-02 9.993960922936433455e-01 3.182427930085217849e+00
9.998896846783509318e-01 1.222278678458617839e-02 8.465139144558637627e-03 6.636064477074712897e+01 -1.193486232959774240e-02 9.993760034583411000e-01 -3.325595454125758466e-02 2.583954740951242890e+00 -8.866358599393713014e-03 3.315124216968341753e-02 9.994115882078655755e-01 3.195758466946845733e+00
9.997938204096588066e-01 1.876977177300895999e-02 7.774987529677408402e-03 6.698313884731305734e+01 -1.852010289106721316e-02 9.993476936326772808e-01 -3.101616888953800943e-02 2.576307207727650095e+00 -8.352103729256375383e-03 3.086576682630070081e-02 9.994892205724740242e-01 3.196945744790256061e+00
9.996249923218540889e-01 2.657871052872446543e-02 6.624703766805010996e-03 6.760131873086099574e+01 -2.637617223409889633e-02 9.992325277237490422e-01 -2.897367070455458826e-02 2.555512367212855018e+00 -7.389724018213147429e-03 2.878805724047769216e-02 9.995588064140741302e-01 3.186163321741898979e+00
9.993624637842031255e-01 3.531413086605682261e-02 5.294012605442007142e-03 6.821236123946428620e+01 -3.515063772971554340e-02 9.989815276697910917e-01 -2.830481378176984142e-02 2.527378364170825620e+00 -6.288201604379648965e-03 2.810066343759961768e-02 9.995859074307170689e-01 3.177895912578794668e+00
9.990086737917184267e-01 4.434624682008655311e-02 3.940653813803155631e-03 6.881808043033673528e+01 -4.421142571859704856e-02 9.985889633538184151e-01 -2.943242787727907289e-02 2.500456656353151175e+00 -5.240331741244238714e-03 2.922901149713516208e-02 9.995595992149920450e-01 3.187668142267622517e+00
9.985360590042046125e-01 5.397564836267798594e-02 3.580456192297086331e-03 6.941955143851113519e+01 -5.385383967784145021e-02 9.981521772804047288e-01 -2.815731365051731341e-02 2.471199010787882067e+00 -5.093671325738766825e-03 2.792325534448825836e-02 9.995976888192189547e-01 3.201137060535394596e+00
