1.000000000000000000e+00 0.000000000000000000e+00 0.000000000000000000e+00 0.000000000000000000e+00 0.000000000000000000e+00 1.000000000000000000e+00 0.000000000000000000e+00 0.000000000000000000e+00 0.000000000000000000e+00 0.000000000000000000e+00 1.000000000000000000e+00 0.000000000000000000e+00
9.999999999486376412e-01 8.116017114455096321e-07 -1.437478625190321261e-05 -7.996293932530807586e-04 -8.108804265914493076e-07 9.999999984578404888e-01 9.226113133250552932e-05 5.664705781047793412e-04 1.437490046049952305e-05 -9.226112466641491687e-05 9.999999984041670897e-01 1.421955849052802812e-03
1.000000000073691053e+00 -4.344943817170986859e-06 -1.601731180841227338e-05 7.446054359544247855e-05 4.343093248054782747e-06 1.000000009463173134e+00 5.349021824596817722e-05 9.862388899060455134e-04 1.601664213467065257e-05 -5.349034140355094885e-05 1.000000009528730915e+00 1.561678298941644163e-03
9.999999994208862431e-01 -1.165516727828121061e-05 -4.159731574170771727e-05 -2.473260103856490702e-04 1.165337458586945361e-05 1.000000011484922346e+00 1.125278076633684380e-05 1.078602248785365475e-03 4.159653100139323238e-05 -1.125322546067114796e-05 1.000000010939478434e+00 7.742518547034978613e-04
1.000000001960010820e+00 -1.720073457120618779e-05 1.754282952914180079e-05 6.320372572934108675e-04 1.719866905765301334e-05 1.000000011062672112e+00 -4.059620809591777844e-05 -3.208577407532804053e-04 -1.754292021079367203e-05 4.059643782184636600e-05 1.000000013167253510e+00 7.498332021044169576e-04
1.000000001689672846e+00 -3.179394584866352335e-05 2.213904695209028290e-05 9.143992813453355765e-04 3.179020428903214145e-05 1.000000013684216649e+00 -2.403284108252468278e-08 -1.338692998798552596e-03 -2.213963598130744897e-05 2.464896451737421556e-08 1.000000016150868865e+00 5.812620535305505765e-04
1.000000000927187882e+00 -5.610743483028990164e-05 2.118797721829636030e-05 4.160380574501761032e-04 5.610502168580471481e-05 1.000000011889501605e+00 -5.307867931177515515e-05 -3.857425847548030719e-04 -2.118613031140220921e-05 5.307984022280911891e-05 1.000000015434578504e+00 1.004506568436076049e-03
9.999999975076409031e-01 -9.424481520444980313e-05 4.758822274622523840e-05 4.220826548240258968e-04 9.424290639767354751e-05 1.000000010861086697e+00 -3.483037122138766493e-05 9.566389161423371210e-04 -4.758578415810554082e-05 3.483459106610107788e-05 1.000000016233728806e+00 6.147164646063440260e-04
9.999999989544969825e-01 -9.575111245470431986e-05 2.636940913982635911e-05 1.764061331474994191e-04 9.574825284963927588e-05 1.000000010915514270e+00 -3.981427238111288555e-05 2.165286560789936397e-03 -2.636676424331725927e-05 3.981587293640158711e-05 1.000000017439331756e+00 -6.038057880117503719e-04
9.999999999148182495e-01 -6.255753161753129139e-05 -7.206258329067100120e-05 -4.969364007517719506e-04 6.256045048712661680e-05 1.000000009304499393e+00 1.120377769053296045e-04 2.607779660717583032e-04 7.205375787168029843e-05 -1.120436119283123950e-04 1.000000011131922273e+00 -7.253929169914684859e-04
1.000000003418703320e+00 -4.831216342424729380e-05 -1.679056535431877335e-05 -1.642007307511732673e-03 4.830658760420182215e-05 1.000000016837546246e+00 1.824095062102606474e-05 6.078529473252863380e-04 1.678814059453209584e-05 -1.824292127068604644e-05 1.000000020523817312e+00 -5.812396073001926608e-04
1.000000001653714721e+00 -8.597426448504810737e-05 -4.543118161716143367e-06 -2.090849818443451993e-03 8.596733702855576485e-05 1.000000015628134120e+00 -4.337442280016997817e-05 3.940828866103039175e-04 4.543519049119843894e-06 4.337240409873863330e-05 1.000000021581441079e+00 8.646715557242874587e-04
9.999999997903178395e-01 -4.678533536609347742e-05 -9.773638787871105724e-05 -2.421483792594922736e-03 4.678909191619104376e-05 1.000000013229546791e+00 1.152535165486230103e-04 4.435933293106997959e-04 9.772739092935932672e-05 -1.152598463491485628e-04 1.000000012024671703e+00 3.649484055220716277e-04
9.999999963493163557e-01 1.569239247632982882e-05 -1.477891489354265500e-04 -2.203558310091184493e-03 -1.568333583071854567e-05 1.000000016142212234e+00 1.131589340377408181e-04 4.850574332434924064e-04 1.477879975444261311e-04 -1.131595642826972611e-04 1.000000007033721383e+00 -7.535254942979607504e-04
9.999999986490105686e-01 2.339569840283840869e-05 -1.376908855627971833e-04 -1.732311576935654249e-03 -2.339810460285659768e-05 1.000000022827766344e+00 5.465913105193343109e-05 8.370086216022643239e-04 1.376885935826971418e-04 -5.465948456312550477e-05 1.000000016014706894e+00 -2.055822715850144904e-03
1.000000003886288180e+00 9.994152036791525219e-06 -1.092874674395207375e-04 -2.275450747769005612e-03 -1.000397711857722634e-05 1.000000025726389019e+00 1.607673814854566080e-05 1.040818081876632205e-03 1.092828814932936298e-04 -1.608061652002233248e-05 1.000000022702647984e+00 -2.021527545228428337e-03
1.000000011819812018e+00 -1.832190712196784925e-05 -3.935767123164437317e-05 -3.069088940108634801e-03 1.831465293372765171e-05 1.000000025611508914e+00 5.923022546407895285e-05 1.713024454359195724e-03 3.935333615048775615e-05 -5.923841579425323289e-05 1.000000028797425333e+00 -1.102592285764189333e-03
1.000000011053959081e+00 -6.783633330748380520e-05 -2.689381466149359706e-05 -2.316696439386086142e-03 6.782932870056743320e-05 1.000000022106534159e+00 9.453285863783767893e-05 1.254424734940229194e-03 2.688531250530746687e-05 -9.454218716164133223e-05 1.000000026931818109e+00 -6.513270129024104158e-04
1.000000012496826463e+00 -1.597192862598344198e-05 -8.451051366786947229e-05 -2.651858362491571475e-03 1.596791934056363891e-05 1.000000030042448973e+00 3.778965903905451697e-05 8.816774232062180982e-04 8.450979519243314100e-05 -3.780093418366132612e-05 1.000000029961486403e+00 -1.009098962984585459e-03
1.000000009700224624e+00 1.795435413107937010e-06 -1.166873253430843985e-04 -1.883437788899496035e-03 -1.788082381280644054e-06 1.000000024199038551e+00 1.396201430499949671e-04 -2.506718324657771380e-04 1.166866250422191547e-04 -1.396301053121514315e-04 1.000000020946411272e+00 -1.207165521586528396e-04
1.000000011624938567e+00 -5.918525443870437558e-05 -9.377249799049866032e-05 -3.233703805253422200e-03 5.918875301552776357e-05 1.000000024277529098e+00 1.358804641848991026e-04 3.003283228670342980e-05 9.376283908902116669e-05 -1.358969619089735496e-04 1.000000024269377619e+00 -1.310619302488913972e-04
1.000000003785115776e+00 -1.252599166377497682e-04 -1.233798999517025550e-04 -3.463160787198148096e-03 1.252699437026773190e-04 1.000000016446817908e+00 1.569477027886376967e-04 4.656972158281928254e-04 1.233588976122911973e-04 -1.569730778761415735e-04 1.000000018308528471e+00 -7.159079953592501020e-04
1.000000010414781704e+00 -7.265994006829502795e-05 -1.287091404527978471e-04 -2.843995053618436717e-03 7.266277182029962415e-05 1.000000033202557370e+00 9.575777433313599355e-05 8.081650257052429591e-04 1.287046246779094904e-04 -9.577684755069394696e-05 1.000000027137251335e+00 -1.174552899045983641e-03
1.000000013068311322e+00 -9.297912278717598074e-05 -9.508128793312442561e-05 -3.249717990426688637e-03 9.297481853617201031e-05 1.000000034658662162e+00 6.412804415404945552e-05 1.674117693529348077e-04 9.507751521303210664e-05 -6.414677512614984888e-05 1.000000034438123464e+00 -6.148509546805920774e-04
1.000000014598737108e+00 -1.239844165772784751e-04 -3.607243387650723473e-05 -6.179957295726833458e-03 1.239732170608752015e-04 1.000000033944529187e+00 1.598062498439978678e-05 5.061161732560779183e-04 3.607215838295448670e-05 -1.599551348435531824e-05 1.000000041680404905e+00 -8.083327010430035268e-04
9.999999916192937599e-01 -1.364363276064055210e-05 -2.567436471188630845e-04 -1.065645267128154453e-02 1.364483740851114241e-05 1.000000040833264325e+00 5.104767237849221971e-05 1.211816194787844600e-03 2.567444330437733597e-04 -5.106272450150002611e-05 1.000000009759270947e+00 -1.815329883825775878e-03
9.999995315473076962e-01 8.994434158343843968e-06 -1.000139123400889483e-03 -1.038410551289020191e-02 -9.090379111777450422e-06 1.000000039080402914e+00 -8.318493984130702866e-05 1.159721294578640403e-03 1.000139844870365008e-03 8.318112959931386722e-05 9.999995476492989921e-01 -1.329419987194701723e-03
9.999974237129286569e-01 1.596610988020314450e-05 -2.286607012396337391e-03 2.941244332141405935e-03 -1.682800274974615576e-05 9.999999734963068709e-01 -3.716426474792659937e-04 1.309540274955536300e-03 2.286602448755102948e-03 3.716665689844175671e-04 9.999973743209155108e-01 5.726986218026931677e-04
9.999896542464570270e-01 1.748573220759768062e-04 -4.554592874264190225e-03 3.049334769196303946e-02 -1.755707040115388727e-04 1.000000016162830851e+00 -1.529757631298842545e-04 4.833745033460711601e-04 4.554567462188898949e-03 1.537599398638040554e-04 9.999896779062731333e-01 -4.642018509481737513e-05
9.999820314799976462e-01 2.215590457008162028e-04 -5.998433197361589808e-03 6.830175560187554118e-02 -2.201550250019908837e-04 9.999999918946287369e-01 2.379068036342730011e-04 -3.917930856187016708e-04 5.998487790790326714e-03 -2.365941093124297593e-04 9.999820485642544332e-01 1.088004389107538399e-04
9.999808750983850691e-01 2.744052749643478123e-04 -6.186451130318629948e-03 1.138658222627517425e-01 -2.726187841922758106e-04 9.999999645156304462e-01 2.927060598547027363e-04 4.018573946671659576e-04 6.186533149474226535e-03 -2.910262813448169657e-04 9.999808908242612260e-01 -1.729147476177412060e-03
9.999804249934787226e-01 5.108380770219200957e-04 -6.244411746107914225e-03 1.702930353328110935e-01 -5.106477362177719997e-04 9.999999136683545009e-01 3.531028005056349457e-05 2.174611100282426365e-03 6.244431030567887571e-03 -3.213400595222042734e-05 9.999805758276513190e-01 -3.055400788597332183e-03
9.999797550829117032e-01 6.238534060924109514e-04 -6.341400785644592426e-03 2.437549234139458898e-01 -6.241038038232133789e-04 9.999998497123480101e-01 -3.420762069049121173e-05 2.604724290867470402e-03 6.341380095218147363e-03 3.814932276601460260e-05 9.999799697996278880e-01 -8.507217022894885284e-04
9.999781396354315843e-01 6.830105990292169174e-04 -6.585606763029267299e-03 3.320814205011098363e-01 -6.802709001863758162e-04 9.999997263518634050e-01 4.210344241290993350e-04 2.286900746056384770e-03 6.585894932725360612e-03 -4.165614733099297405e-04 9.999783059436631039e-01 3.527527953576370997e-03
9.999776355235782122e-01 9.373574506912161087e-04 -6.630891080329460834e-03 4.396149217305249657e-01 -9.247299129583454267e-04 9.999977962261071829e-01 1.909668367468831621e-03 4.983906644234539600e-03 6.632668872321881813e-03 -1.903510193940968287e-03 9.999762738370365778e-01 5.485815462699610186e-03
9.999779884146089426e-01 1.254164133116985854e-03 -6.525343318338090552e-03 5.604277636158574438e-01 -1.222644424137898358e-03 9.999876171285551063e-01 4.834000605933932992e-03 9.216885006268722702e-03 6.531327861383445441e-03 -4.825932897036610582e-03 9.999671143373105586e-01 5.410430073331463224e-03
9.999835799365676126e-01 1.307782126678141456e-03 -5.592237911646885488e-03 6.950479066268643313e-01 -1.257485090144479364e-03 9.999588472876422829e-01 8.989982464530046902e-03 1.275564667279297654e-02 5.603767529188540160e-03 -8.982819859822467959e-03 9.999440474250114175e-01 -4.092053800701299870e-05
9.999882710450596068e-01 1.280534478710333799e-03 -4.686576549762512013e-03 8.402488633707678733e-01 -1.229711464747102866e-03 9.999406080836261701e-01 1.083354736838821122e-02 1.773485478618473318e-02 4.700173728045492147e-03 -1.082767450964663286e-02 9.999304294028636964e-01 -1.268112571433126050e-02
9.999831596841541881e-01 2.011075690554097167e-03 -5.458910985770846006e-03 9.945194080250552293e-01 -1.958269609628871151e-03 9.999514350254540274e-01 9.663904574833452610e-03 1.789885363048506622e-02 5.478083416065385181e-03 -9.653070248929597127e-03 9.999385085735568168e-01 -1.297284326498862606e-02
9.999694472468400042e-01 3.418528790493990683e-03 -7.041678670874250250e-03 1.163535749972532507e+00 -3.369564154218051329e-03 9.999701818212494153e-01 6.955566550389502903e-03 1.065664099274214911e-02 7.065249176047372869e-03 -6.931645275348862802e-03 9.999511237830166488e-01 1.329343006183060982e-03
9.999620210904819340e-01 4.350374026497007447e-03 -7.563279802937673824e-03 1.349594569340455408e+00 -4.309199658788181661e-03 9.999758970182036633e-01 5.453155631235205060e-03 3.628417230261538669e-03 7.586823857541935383e-03 -5.420376173692860629e-03 9.999566403871178455e-01 1.710355924763991634e-02
9.999606871190482860e-01 4.588921116517990714e-03 -7.598652875169601729e-03 1.547277797283046930e+00 -4.557826743754041926e-03 9.999812352192948284e-01 4.105852201445469793e-03 -4.270279083580994753e-04 7.617354105805395487e-03 -4.071077228183077670e-03 9.999628130257768310e-01 6.572044181377200561e-03
9.999454422448723623e-01 5.155856511437371080e-03 -9.094749948810494644e-03 1.747139888459639634e+00 -5.154149359611800638e-03 9.999867464060352429e-01 2.121621878636233724e-04 -5.305372728186473832e-03 9.095725463613856324e-03 -1.652945518107897904e-04 9.999587378442624797e-01 2.430529573977034587e-03
9.999275077915904530e-01 6.082245140585134692e-03 -1.040073914207814178e-02 1.954935322683061028e+00 -6.119944732262699687e-03 9.999748593829577148e-01 -3.596087247845181425e-03 -1.312547794316237804e-02 1.037860756651748893e-02 3.659458723030469245e-03 9.999395664574108888e-01 1.971035212649325380e-02
9.999164796847131997e-01 6.790854411494827610e-03 -1.100509436333611465e-02 2.178062391491136118e+00 -6.846957235102630809e-03 9.999637714413551759e-01 -5.067833632383763297e-03 -1.920497932187893372e-02 1.097028401611317878e-02 5.142740674135302947e-03 9.999267247392910063e-01 3.676764260209100521e-02
9.999125838476277117e-01 7.035081515325726856e-03 -1.120432370246723583e-02 2.414310974966531465e+00 -7.083242340337005984e-03 9.999658756972085172e-01 -4.264219249169330650e-03 -1.853887990515143414e-02 1.117394562887963003e-02 4.343187299744701371e-03 9.999282674746733379e-01 3.245835160030922928e-02
9.999191280909788260e-01 7.520022100944856978e-03 -1.026661702979725366e-02 2.653168449510273863e+00 -7.551798607366428176e-03 9.999668587932325492e-01 -3.059460898638608362e-03 -1.794982061298362047e-02 1.024327301951460066e-02 3.136722500111896548e-03 9.999427529322942876e-01 2.229232438515811945e-02
9.999223810569537463e-01 8.478120980308289853e-03 -9.141893433165846836e-03 2.903166332917236137e+00 -8.512568861542753676e-03 9.999568449210290977e-01 -3.735395672131379928e-03 -2.257193881125340099e-02 9.109833271063872209e-03 3.812904485329701113e-03 9.999513735843073015e-01 1.724827923374952499e-02
9.999136781675284080e-01 9.531284084986988911e-03 -9.056119148823899012e-03 3.163974177321411396e+00 -9.576524970673093440e-03 9.999418768691593629e-01 -4.964887656872300770e-03 -2.674704434770231939e-02 9.008277490113904620e-03 5.051163431822302749e-03 9.999468090406489207e-01 3.013685754076512319e-02
9.998791751296451924e-01 1.132126531944763204e-02 -1.066255002499264838e-02 3.428240965260005879e+00 -1.135295357548902866e-02 9.999313628903390150e-01 -2.915373805296867567e-03 -2.369198487006278844e-02 1.062881895288647800e-02 3.036051303211497691e-03 9.999390484353845032e-01 4.483060639647240553e-02
9.998247559411537200e-01 1.300525270201615367e-02 -1.347407407699615679e-02 3.699762264296868608e+00 -1.298315580624715727e-02 9.999142851195907955e-01 1.726938539683354557e-03 -1.820583845332986520e-02 1.349538454781399124e-02 -1.551721827464083627e-03 9.999078774587381035e-01 3.788627055554289608e-02
9.998106093995758892e-01 1.322297581834403629e-02 -1.428742970757237649e-02 3.980773382235408331e+00 -1.316039444568708160e-02 9.999034866908460550e-01 4.466043069316179802e-03 -1.809324288287993132e-02 1.434511223620189846e-02 -4.277191885894115510e-03 9.998881050045652641e-01 2.230483773434868006e-02
9.998256616579954681e-01 1.384402307127598555e-02 -1.253901143946489077e-02 4.270037083726333726e+00 -1.382557090228054598e-02 9.999032716258493547e-01 1.558126313459972127e-03 -2.593082159512362372e-02 1.255937638781342951e-02 -1.384518731874113126e-03 9.999203227900643753e-01 1.629925691816508718e-02
9.998452734101561656e-01 1.524843737994544847e-02 -8.783995040659731829e-03 4.582605389132814011e+00 -1.530389829175156716e-02 9.998632329008079189e-01 -6.279723815602390388e-03 -4.392084244113406144e-02 8.687044852979370832e-03 6.413158155380991460e-03 9.999418593275345435e-01 3.662875605589591133e-02
9.998363993247907366e-01 1.704837070270362465e-02 -6.064288842881008189e-03 4.915495900161460874e+00 -1.711652049471219447e-02 9.997889633683051391e-01 -1.136598157522965453e-02 -6.188117406773344098e-02 5.869244776917565028e-03 1.146789801190098261e-02 9.999171774477841890e-01 6.690355359641866895e-02
9.998027287445873101e-01 1.874508361799284012e-02 -6.586243020569911531e-03 5.251436462880733735e+00 -1.881653662349281816e-02 9.997629883016502239e-01 -1.095622320363767374e-02 -6.774804904934127181e-02 6.379313637404872978e-03 1.107796804587199077e-02 9.999184527323299321e-01 7.763298647806234076e-02
9.997620518140779566e-01 2.046424148415097385e-02 -7.570281318832564402e-03 5.590090755004628598e+00 -2.052221170468765746e-02 9.997601378548259810e-01 -7.657699732053651655e-03 -6.623559429552343392e-02 7.411763280335721682e-03 7.811212303766657331e-03 9.999421894820810230e-01 6.414152200800819770e-02
9.997187042718886918e-01 2.257925665710116409e-02 -7.276380428585436065e-03 5.948635160288074708e+00 -2.262221722250007741e-02 9.997268985358180871e-01 -5.874053011832490456e-03 -7.072884382327594699e-02 7.141768367978096506e-03 6.036984343916800000e-03 9.999564436633278097e-01 4.500507520268018369e-02
9.996524327712723590e-01 2.538870736394114105e-02 -7.119403016709566732e-03 6.335913398616349390e+00 -2.544044977274667607e-02 9.996499664607264579e-01 -7.271179613305207845e-03 -8.691027530912869004e-02 6.932312347763986381e-03 7.449748696167299983e-03 9.999483920567620032e-01 4.288621733688997850e-02
9.995738681329616737e-01 2.796425683572906565e-02 -8.387696391473350305e-03 6.736099826084346986e+00 -2.803728011515944224e-02 9.995689472346120930e-01 -8.716237555117170924e-03 -1.070465720497755097e-01 8.140344990208542644e-03 8.947666565236093994e-03 9.999270117746956732e-01 6.781143984282850257e-02
9.995054441590304206e-01 3.029120155120042235e-02 -8.460840141577257584e-03 7.138447321885202257e+00 -3.037025473147339852e-02 9.994948283287229396e-01 -9.374331593609864025e-03 -1.191058343194095204e-01 8.172613546841791046e-03 9.626628166807361248e-03 9.999204447806183671e-01 8.624234871929051249e-02
9.994468908427811549e-01 3.261776534780760212e-02 -6.501889743475657187e-03 7.547568870228684723e+00 -3.267654115426060074e-02 9.994242098533679952e-01 -9.145215948791460270e-03 -1.285281868127663429e-01 6.199856966595277026e-03 9.352591693390139085e-03 9.999372258715099049e-01 8.558069707044793639e-02
9.993648182373064959e-01 3.536488476191900626e-02 -4.424159462483608259e-03 7.974216195858295997e+00 -3.540085950362788225e-02 9.993385357228130594e-01 -8.331431384809757229e-03 -1.441974664622213687e-01 4.126600523201088590e-03 8.482733139117910881e-03 9.999556923602879177e-01 6.934966050322954878e-02
9.992651782714817577e-01 3.809093437121319897e-02 -4.298644447158628604e-03 8.415517637246967553e+00 -3.812457067947294664e-02 9.992408017594718306e-01 -8.029943215192720737e-03 -1.653813126295002323e-01 3.989520590225979942e-03 8.187901987935184214e-03 9.999587092229306196e-01 6.643016363724335571e-02
9.991616057953968122e-01 4.066791269301887890e-02 -4.743930161705123619e-03 8.856184752249976810e+00 -4.070837237932765224e-02 9.991326994252440752e-01 -8.764711548433438970e-03 -1.854605938580627389e-01 4.383380974830065717e-03 8.950456370117470389e-03 9.999505277012384896e-01 7.915754467038901843e-02
9.990578813534017888e-01 4.332145733820781663e-02 -2.627969456541876317e-03 9.294256670102932105e+00 -4.334475422320126226e-02 9.990144683854774721e-01 -9.563847280103137186e-03 -2.019691192372073119e-01 2.211067595588321437e-03 9.668720547586651809e-03 9.999510069299240023e-01 9.990362805066048402e-02
9.989253584885476878e-01 4.634955141029654252e-02 -4.051492069583266628e-04 9.744800813365239733e+00 -4.635133630263302273e-02 9.988857261393065956e-01 -8.888406657317103263e-03 -2.199932006118076044e-01 -7.267755560711809906e-06 8.897608494913536795e-03 9.999606164449701406e-01 9.595854817088284028e-02
9.987834149268267625e-01 4.929794774639176952e-02 -1.315284463447268523e-03 1.021155336622672571e+01 -4.930661783786353253e-02 9.987544281474509678e-01 -7.654696674177174053e-03 -2.437638528624782031e-01 9.362935105132524829e-04 7.710210304834137426e-03 9.999700441200175538e-01 8.720194365733163755e-02
9.986469806768054625e-01 5.184273230983543063e-02 -4.108037115427369199e-03 1.068023927887187341e+01 -5.187016013119460228e-02 9.986302534817850241e-01 -6.873725723786763830e-03 -2.719428219115944678e-01 3.746065605582329320e-03 7.077483584716950937e-03 9.999681488183734812e-01 8.571256115080939930e-02
9.985326655468017565e-01 5.390250865399146690e-02 -5.233080917528575883e-03 1.115201811372971008e+01 -5.394357464090646787e-02 9.985116169650118945e-01 -8.049020193734244405e-03 -3.005680077569766739e-01 4.791438044604075068e-03 8.319473579763644183e-03 9.999541309916938348e-01 9.633216098800910510e-02
9.984752570070164479e-01 5.499981618139521133e-02 -4.746983832317866296e-03 1.164455016911379381e+01 -5.504457106407331657e-02 9.984351552268285745e-01 -9.873674089108750579e-03 -3.287894934036541539e-01 4.196510623596178685e-03 1.011988631593267046e-02 9.999402086598421224e-01 1.062025086060416484e-01
9.984786423633035257e-01 5.494146605131412786e-02 -4.710858464066827560e-03 1.215716422706735322e+01 -5.499193632330513781e-02 9.984223893133369332e-01 -1.134818497917069145e-02 -3.557437740108167490e-01 4.079942265346056356e-03 1.158994902625055771e-02 9.999247360390477457e-01 1.062908000528747648e-01
9.985351307855323544e-01 5.391549199750642757e-02 -4.590649028152461730e-03 1.267857240410267927e+01 -5.396769248434721972e-02 9.984691631842668169e-01 -1.212369678609971982e-02 -3.842208729850913329e-01 3.929967209125766539e-03 1.235365081123304502e-02 9.999161942539096515e-01 1.086916856157655875e-01
9.986389060659573991e-01 5.199100011690988010e-02 -4.200067031720051101e-03 1.320258749753477012e+01 -5.204046352433325251e-02 9.985646287901387419e-01 -1.267442586790178648e-02 -4.126765758079029567e-01 3.535083821373618488e-03 1.287571204760972268e-02 9.999110845090463107e-01 1.100541400773988460e-01
9.987827080048382600e-01 4.922399237743770029e-02 -3.236586795038571499e-03 1.373192180547835228e+01 -4.926114307651181107e-02 9.987062878656324250e-01 -1.261986238493180597e-02 -4.355702026327560317e-01 2.611201835965233729e-03 1.276390071943599332e-02 9.999153606454449505e-01 1.138679141579966442e-01
9.989406734709772584e-01 4.601325602069204768e-02 -8.342444358105960975e-04 1.428166142057310850e+01 -4.602022729415448932e-02 9.988563997827871743e-01 -1.296927354757293135e-02 -4.542028470539548057e-01 2.365341128893419401e-04 1.299388887040305550e-02 9.999157849896808115e-01 1.181273398593002677e-01
9.991112796024244069e-01 4.210420204325318605e-02 2.068476477166919774e-03 1.485690367434003178e+01 -4.207160831772967235e-02 9.990184734981223391e-01 -1.386507330272764710e-02 -4.699407478811855055e-01 -2.650221864921242614e-03 1.376568864756964362e-02 9.999019767207283360e-01 1.125910391410170908e-01
9.993232750062246428e-01 3.667303534703893197e-02 2.911899835161730482e-03 1.544645479137728827e+01 -3.662458215670686551e-02 9.992128883353519342e-01 -1.524525698159484577e-02 -4.929051474576774394e-01 -3.468697118739177097e-03 1.512825777187099333e-02 9.998797879749580231e-01 1.105497630534081899e-01
9.995543374665700753e-01 2.978711275595172930e-02 2.064112239106694405e-03 1.602607525143706368e+01 -2.974726066617118872e-02 9.994092916444639041e-01 -1.721460664205922558e-02 -5.130755490686602638e-01 -2.575666152340369813e-03 1.714549800086271475e-02 9.998499348002676257e-01 1.160823684460217664e-01
9.997649354722215609e-01 2.168957847275408343e-02 2.348785280276554505e-04 1.661220381509356514e+01 -2.168148552145876540e-02 9.995923590915118950e-01 -1.857966769317413377e-02 -5.211020414471195794e-01 -6.377680735778291964e-04 1.857017276944025047e-02 9.998276101149239370e-01 1.236902969015232501e-01
9.999247609414613214e-01 1.196355902678711107e-02 -2.787193774707522401e-03 1.721401385692757913e+01 -1.201706156219007997e-02 9.997270986713105989e-01 -2.003731107337868023e-02 -5.191323131512129985e-01 2.546715040187780364e-03 2.006926211470296331e-02 9.997956044571532086e-01 1.239141326712004526e-01
9.999815825617143217e-01 5.873535244168010937e-04 -6.076408246450329051e-03 1.782630936566786772e+01 -7.108744754249897522e-04 9.997928871586541089e-01 -2.034337591144770932e-02 -5.132162210507649203e-01 6.063199912743952487e-03 2.034728560658753682e-02 9.997748485373048055e-01 1.305756317083025253e-01
9.998946092220659665e-01 -1.213031812637951033e-02 -8.004210303734583809e-03 1.845025813295292139e+01 1.196504550020343130e-02 9.997207853794259913e-01 -2.038063236051423921e-02 -4.996362545654296494e-01 8.249198705246625976e-03 2.028268149913570878e-02 9.997605159510656314e-01 1.299354489688135106e-01
9.996214692798089940e-01 -2.614637850938225996e-02 -8.586990036333950679e-03 1.908582310314131902e+01 2.594838863294058467e-02 9.994121836446494545e-01 -2.240883641786716243e-02 -4.777551165890558393e-01 9.167849064978654886e-03 2.217749900258495291e-02 9.997122791922479212e-01 1.297934101188936151e-01
9.991160267682547280e-01 -4.121373454773682998e-02 -8.309891776715918818e-03 1.973362225007690185e+01 4.100156825143130152e-02 9.988646139806650615e-01 -2.425990129124943467e-02 -4.449281093579321444e-01 9.300293665497639042e-03 2.389769900163495747e-02 9.996714190950799495e-01 1.427714926074267476e-01
9.983684501572211989e-01 -5.659451050647834602e-02 -7.613510776021941567e-03 2.039212845412206931e+01 5.639542182659983832e-02 9.981148173573910487e-01 -2.421893699387726515e-02 -3.990940651590502708e-01 8.969812078977847450e-03 2.375001618774046086e-02 9.996779614271824599e-01 1.582982808253210194e-01
9.973708300134590532e-01 -7.202855095763914528e-02 -7.986640179119777749e-03 2.105667249442674560e+01 7.182784450993610903e-02 9.971502376100358500e-01 -2.307284316854567308e-02 -3.401299604501886176e-01 9.625778789103518404e-03 2.243847771624307708e-02 9.997021623657588174e-01 1.588661854386869132e-01
9.960860877051184170e-01 -8.794676232433144836e-02 -8.851272644204587550e-03 2.172544435204795477e+01 8.772821308789316430e-02 9.958876602845715409e-01 -2.262131713261925775e-02 -2.715781228036696637e-01 1.080434082792386917e-02 2.175623308125470765e-02 9.997052012861999959e-01 1.605927989476766959e-01
9.944939422782723693e-01 -1.044475912045893795e-01 -8.542779901168331275e-03 2.240801990435454627e+01 1.042237705783799345e-01 9.942782615970160442e-01 -2.341671257638434922e-02 -1.945438880530533654e-01 1.093971350164059733e-02 2.239737503361602031e-02 9.996895732772285159e-01 1.694517629323281094e-01
9.926282374482953141e-01 -1.209928090267021195e-01 -7.099765812863688755e-03 2.310383442605473903e+01 1.207743939163596208e-01 9.923464969737347818e-01 -2.573277572556063181e-02 -1.068789648565366818e-01 1.015890126053567259e-02 2.468556606763108383e-02 9.996439307728091084e-01 1.842023881649079708e-01
9.903617925359400331e-01 -1.383832664032999260e-01 -5.838519877199950178e-03 2.381179900231407487e+01 1.381833586182591167e-01 9.900510654630094720e-01 -2.654147226076588803e-02 -1.794563672130195138e-03 9.453320170034753070e-03 2.547882519235137450e-02 9.996309535968643800e-01 2.021302630193889671e-01
9.875832056265521075e-01 -1.569520969188840653e-01 -6.778836682629012234e-03 2.451664245745893922e+01 1.567463759187519290e-01 9.873394326195035209e-01 -2.432332192509444047e-02 1.219592647395743162e-01 1.051060059988858167e-02 2.295869846656376292e-02 9.996814552132666787e-01 2.138351758386320134e-01
9.842688330096445171e-01 -1.764591736451814608e-01 -8.805132923266571071e-03 2.521357148302396212e+01 1.762320485189969033e-01 9.841019427374646522e-01 -2.204171236708529769e-02 2.630956925481059416e-01 1.255460113303609460e-02 2.014317634835869827e-02 9.997185731909069561e-01 2.109041138450209185e-01
9.803693702033923207e-01 -1.969323518621879376e-01 -9.698289865053057526e-03 2.591379621341907580e+01 1.966678920245888418e-01 9.801956574350904061e-01 -2.320388540257402321e-02 4.111103112680515870e-01 1.407580644257363893e-02 2.084098948756252581e-02 9.996840105734756676e-01 2.113965962580992564e-01
9.758655203265080846e-01 -2.182107023296204762e-01 -8.431362272832643168e-03 2.662472288948264421e+01 2.179251935577520838e-01 9.756086198937190535e-01 -2.639395601842347422e-02 5.721258636721480162e-01 1.398514015120379782e-02 2.391949795896792033e-02 9.996163633858754505e-01 2.340268407266750672e-01
9.708472716089691090e-01 -2.395996382181850848e-01 -6.935852910376713414e-03 2.733882936934850960e+01 2.393163225207905198e-01 9.705238997512004584e-01 -2.848278022679183452e-02 7.537578710836013718e-01 1.355585988481331633e-02 2.599251815660496082e-02 9.995705244783000820e-01 2.699246880526592340e-01
9.652980779807179834e-01 -2.610653043530605233e-01 -6.711611158383284058e-03 2.804799447283458491e+01 2.608047816208765024e-01 9.650218147291010906e-01 -2.672036181149270787e-02 9.572795800248489195e-01 1.345259514305482615e-02 2.404264512918230165e-02 9.996207225179183364e-01 2.905778390519265231e-01
9.589676421189419209e-01 -2.834411636672528045e-01 -6.533680501349061268e-03 2.875038236252868984e+01 2.831913698310310479e-01 9.587169121223988455e-01 -2.578274935001421270e-02 1.174817106590459792e+00 1.357182773733934047e-02 2.287449054083137354e-02 9.996465263948236535e-01 2.705219837708417452e-01
9.516382512422780771e-01 -3.071951225363512283e-01 -4.040625175699746364e-03 2.945117906214121462e+01 3.069761230447388689e-01 9.513210901582594969e-01 -2.746021197737211900e-02 1.403598674832508886e+00 1.227955883450637838e-02 2.489176198968625839e-02 9.996150446245565258e-01 2.791584216585768496e-01
9.433192673044120680e-01 -3.318862924679802373e-01 -8.877036409365658600e-04 3.014593933881083032e+01 3.317384386823662434e-01 9.429724638700064387e-01 -2.743650466106665325e-02 1.657383288718323300e+00 9.942862480670529648e-03 2.558684734383674664e-02 9.996234724594906806e-01 3.171233517350229292e-01
9.343107692323533442e-01 -3.564592982237549945e-01 8.352171910622713333e-04 3.082722120391481369e+01 3.563496795594504607e-01 9.339600252270330305e-01 -2.708879500510533167e-02 1.933869972112568059e+00 8.875976189460305782e-03 2.560692997767846993e-02 9.996330024660434743e-01 3.367727829885803770e-01
9.245562283347786847e-01 -3.810456949561311646e-01 7.181205118485089328e-04 3.149540242434248327e+01 3.809229613297146488e-01 9.242072417257379824e-01 -2.718267681458713669e-02 2.224914261813235150e+00 9.694131207373451672e-03 2.540540987796401778e-02 9.996305522954372913e-01 3.348259130377788106e-01
9.142416574965783749e-01 -4.051694648333391546e-01 6.777900863566716514e-04 3.216025450982838407e+01 4.050435126916895889e-01 9.139131439109864363e-01 -2.650932503009415311e-02 2.524654975491046116e+00 1.012130792425647470e-02 2.451041258003732598e-02 9.996486668566129108e-01 3.503377511274471390e-01
9.036377648494748893e-01 -4.282979370080741699e-01 4.842376670706281653e-04 3.282163706165307104e+01 4.281768832330899999e-01 9.033543464268759537e-01 -2.481347739349511541e-02 2.845865118630312995e+00 1.019010159256508556e-02 2.262968386499115969e-02 9.996923142098419479e-01 3.655688604555427101e-01
8.924131158729576851e-01 -4.512198583686199971e-01 2.127024518197193851e-04 3.347110917776585381e+01 4.511019726119970263e-01 8.921690394427225224e-01 -2.327326987225937158e-02 3.189717312340728306e+00 1.031157242435309755e-02 2.086527169336058196e-02 9.997294564485960100e-01 3.865990685681161554e-01
8.803188097045511196e-01 -4.743760849223156995e-01 2.589506487467476206e-03 3.410418150398908210e+01 4.743024878344172524e-01 8.800554499541097808e-01 -2.323327330573219524e-02 3.545788822589303724e+00 8.742375937496963886e-03 2.168084662625998499e-02 9.997270592439096992e-01 3.820755859552477651e-01
8.674697953341194978e-01 -4.974419495399899360e-01 6.946711992499896883e-03 3.473502683880823128e+01 4.974649751627323035e-01 8.671998130077467337e-01 -2.221066837612022116e-02 3.913464032187569330e+00 5.024305517116592346e-03 2.272277918187077042e-02 9.997295270921813248e-01 4.064430817591013212e-01
8.543644594223601674e-01 -5.195487450167033394e-01 1.144920906577906981e-02 3.535919919628541663e+01 5.196746043301606610e-01 8.541388872704498425e-01 -1.962904993928260219e-02 4.301758525976499214e+00 4.190071330181548083e-04 2.272017527437973639e-02 9.997421327407611802e-01 4.169925988960379581e-01
8.409501332461594147e-01 -5.409648437941163568e-01 1.267026991674154515e-02 3.596940009995817178e+01 5.411128685274910755e-01 8.407403690915047356e-01 -1.878114648973921649e-02 4.710503206715111801e+00 -4.924950523852895945e-04 2.265000261044009672e-02 9.997436991788926086e-01 4.180795013265408144e-01
8.268890094132137492e-01 -5.622972377495598639e-01 8.776309331263309685e-03 3.656055198733584177e+01 5.623485208830514281e-01 8.266413634074564198e-01 -2.069866153879947046e-02 5.126720084519869935e+00 4.383910528490069826e-03 2.205078951816205959e-02 9.997476135258033247e-01 4.331930879677612367e-01
8.119845294120741075e-01 -5.836747310236810593e-01 2.363484049177138387e-03 3.713811247272511196e+01 5.835484577640858150e-01 8.117097826871801924e-01 -2.446762189307797805e-02 5.553996206591181206e+00 1.236263816823417357e-02 2.124648750149345927e-02 9.996982106731981954e-01 4.543636362566495501e-01
7.967026752449398730e-01 -6.043608905777954066e-01 -3.664217390944908819e-03 3.770492222906611346e+01 6.040436752928778352e-01 7.964550023697043457e-01 -2.812308373127726108e-02 5.995908918535531207e+00 1.991484307480882732e-02 2.019233895854423769e-02 9.995981404676512749e-01 4.581190514457875174e-01
7.817587637857782434e-01 -6.235399212914767286e-01 -7.202676671630775171e-03 3.826880390596801362e+01 6.231219474365629063e-01 7.815737971218646996e-01 -2.935437638718756126e-02 6.451530366594965038e+00 2.393301400460028094e-02 1.845984553785494017e-02 9.995435113375719105e-01 4.706807858969994096e-01
7.678119552660180869e-01 -6.406295434228941321e-01 -7.698950371447755778e-03 3.882715945522470236e+01 6.402304442500906800e-01 7.676707178497267359e-01 -2.805162791380545750e-02 6.926450021175960536e+00 2.388092439345421494e-02 1.660922399342666320e-02 9.995772278060810478e-01 4.869839558801248858e-01
7.554753777595767383e-01 -6.551350309132800698e-01 -7.465937520862353863e-03 3.937898050242600334e+01 6.548125267046847053e-01 7.553856666836474831e-01 -2.476488889299303942e-02 7.422441708103557190e+00 2.186397154807475859e-02 1.382042550061379077e-02 9.996658323115954481e-01 5.155784643994111294e-01
7.451128007349698823e-01 -6.668739247963619832e-01 -9.315553254581504170e-03 3.992275422509128191e+01 6.666300130531636059e-01 7.451199462873947521e-01 -2.002359029922730696e-02 7.931112152819110861e+00 2.029437723943092187e-02 8.709757997035024249e-03 9.997565184418758522e-01 5.418775943798017636e-01
7.369787938262947202e-01 -6.758179768593686187e-01 -1.153329948062218127e-02 4.046421575216428579e+01 6.756391658740454886e-01 7.370577771183420834e-01 -1.605640358085701561e-02 8.441836574690444905e+00 1.935187578204269204e-02 4.040833427309946727e-03 9.998049805387727584e-01 5.471552381879996041e-01
7.310263711203285331e-01 -6.822403346286112225e-01 -1.221795730524714851e-02 4.100395578929772000e+01 6.820707107244636802e-01 7.311221476315438172e-01 -1.549878427020391636e-02 8.952430501299087240e+00 1.950668011718887165e-02 2.996464491819767970e-03 9.998056526576000191e-01 5.567616661973956438e-01
7.265488468644164533e-01 -6.869821957721464756e-01 -1.352568579595658620e-02 4.154359899024250780e+01 6.867691745420967386e-01 7.266667204561042537e-01 -1.743124426806611643e-02 9.464269088179893430e+00 2.180358590914690739e-02 3.375580713963128188e-03 9.997569954221993127e-01 5.942021741591729800e-01
7.228233274708671940e-01 -6.908643890659986742e-01 -1.528212441921533195e-02 4.208214964626372279e+01 6.906268173621711304e-01 7.229797186807357390e-01 -1.830844883667997330e-02 9.985672989791789078e+00 2.369728688965931987e-02 2.679482571758195434e-03 9.997160121348719342e-01 6.316196735583130550e-01
7.191096349540906374e-01 -6.947193533530725551e-01 -1.571836998582559417e-02 4.261845752149248767e+01 6.944826007513610344e-01 7.192778066394016623e-01 -1.826556934439428972e-02 1.051365928647106252e+01 2.399528645121683235e-02 2.218766408995722327e-03 9.997100354286051482e-01 6.485469524458559176e-01
7.151672681208286475e-01 -6.987814647164685145e-01 -1.552311816873627563e-02 4.315204396597557945e+01 6.985715708599975482e-01 7.153340852218793566e-01 -1.718093630639960095e-02 1.103623637841496574e+01 2.310990321806852613e-02 1.443189632645430071e-03 9.997323198568600633e-01 6.585793952488774305e-01
7.116534520885360315e-01 -7.023982700651408839e-01 -1.366634131267113056e-02 4.368650162050180086e+01 7.021973479596359535e-01 7.117801442832071279e-01 -1.697613160878911134e-02 1.155916670872788998e+01 2.165140361788174192e-02 2.484609578874982273e-03 9.997629300935646501e-01 6.688173161958138602e-01
7.086705858047110951e-01 -7.054576908739753627e-01 -1.077909147079261429e-02 4.422410723027586954e+01 7.052606969823493888e-01 7.087370495828172468e-01 -1.730384243796623256e-02 1.209280756022890735e+01 1.984663795155925531e-02 4.660610201072857076e-03 9.997926137322837858e-01 6.928450779739890875e-01
7.058351612023157085e-01 -7.083422628824794787e-01 -6.979559561950867547e-03 4.476305569787212590e+01 7.081581463979581548e-01 7.058277721698461571e-01 -1.787386751796508216e-02 1.263470713189480499e+01 1.758715026422847869e-02 7.673327441922397733e-03 9.998163341658895531e-01 7.214493568825587344e-01
7.028550028568473218e-01 -7.113197997885428725e-01 -4.443151120493635253e-03 4.529318347788443333e+01 7.111672806673664526e-01 7.028118738485094052e-01 -1.722933277365628485e-02 1.317530695869151636e+01 1.537823239720905767e-02 8.949854329077655893e-03 9.998421401989348034e-01 7.468965311488920955e-01
6.996358859004385700e-01 -7.144918663910433398e-01 -3.429091010768726185e-03 4.581910664888047080e+01 7.143631615160729309e-01 6.995876118141692857e-01 -1.620905730158317057e-02 1.371937077418720996e+01 1.398015641184837017e-02 8.890777318527613021e-03 9.998631979536810599e-01 7.624857885658627987e-01
6.964272137435409959e-01 -7.176167191448764582e-01 -4.018331231332331749e-03 4.634384707907353373e+01 7.174768205337507254e-01 6.963844317438574461e-01 -1.661401159088812807e-02 1.426604615764250461e+01 1.472076275586531834e-02 8.687345811896084180e-03 9.998543623632364374e-01 7.633499717683879249e-01
6.933896781102648621e-01 -7.205550312446087347e-01 -3.460059156922095681e-03 4.687616504740438472e+01 7.203929468180290119e-01 6.933220430500295350e-01 -1.840784890996570791e-02 1.481475565523254900e+01 1.566277037011775189e-02 1.027116484566820490e-02 9.998250414605042158e-01 7.740369404670197628e-01
6.903182326828161131e-01 -7.235050830407386835e-01 -1.383329356196530587e-03 4.741029054624705452e+01 7.233655120772076730e-01 6.902201906410425636e-01 -1.840462070876750303e-02 1.536506870637467159e+01 1.427060527730543774e-02 1.170434685907210080e-02 9.998301379591498783e-01 8.037203449398632182e-01
6.873761745002363588e-01 -7.263017006937555475e-01 7.864504426918622875e-04 4.793477956579204147e+01 7.262020966199608241e-01 6.872630758352615832e-01 -1.732895352964485339e-02 1.592746325545991581e+01 1.204551680389892750e-02 1.248258630113908627e-02 9.998500126240476016e-01 8.275292212251053048e-01
