1.000000000000000000e+00 0.000000000000000000e+00 0.000000000000000000e+00 0.000000000000000000e+00 0.000000000000000000e+00 1.000000000000000000e+00 0.000000000000000000e+00 0.000000000000000000e+00 0.000000000000000000e+00 0.000000000000000000e+00 1.000000000000000000e+00 0.000000000000000000e+00
9.999999997226001192e-01 -4.511954886204410433e-05 2.853660846487785042e-05 6.059900151297393026e-04 4.511872244083695472e-05 9.999999987534577972e-01 5.457113630229075315e-05 7.342409576895991092e-04 -2.853798358701290798e-05 -5.457091172995240733e-05 9.999999989593789662e-01 -1.255721570701019869e-03
1.000000000761667396e+00 -5.040539873756849908e-05 -3.572566783336796688e-05 2.204195672238077209e-03 5.040945862943013316e-05 1.000000001638982283e+00 4.521641982268586094e-05 2.720749974540574278e-03 3.572708418570950890e-05 -4.522066619984198678e-05 1.000000001263565252e+00 -1.237796827177549538e-03
1.000000002645816011e+00 -4.800265325845142282e-06 -4.174886181099393424e-05 3.673052413926935697e-03 4.798240479665238555e-06 1.000000000850303383e+00 -9.216528200170772084e-05 3.910987217498984418e-03 4.175374972885847520e-05 9.216333782538221615e-05 9.999999992731959386e-01 -6.395215680822003042e-04
1.000000002024841184e+00 -7.628274626708930949e-07 6.667024027433465945e-05 1.852452012148508853e-03 7.694253205464089292e-07 1.000000006855377821e+00 -4.041000778758108722e-05 1.612892496503390586e-03 -6.666462724386493178e-05 4.040780253350254486e-05 1.000000004343098325e+00 -1.271549286177712569e-04
9.999999981317204689e-01 1.273279573875730408e-05 1.174968053856363030e-04 2.731198779989199750e-03 -1.272943116885988924e-05 1.000000009521082811e+00 1.004287037909458757e-05 9.171397563045914658e-05 -1.174913285498090261e-04 -1.004604287201675656e-05 1.000000003038715501e+00 -1.030212833350949196e-03
1.000000005219919608e+00 -3.594796813335786453e-05 2.703300283579364234e-05 3.031664162994425569e-03 3.595193249615001439e-05 1.000000008607031310e+00 3.217562732146010766e-05 1.341487552279346318e-03 -2.702889046789894075e-05 -3.217573420580057699e-05 1.000000010163633712e+00 -1.648795484583729688e-03
1.000000005215536003e+00 -7.021760850079401882e-05 -2.734181264898216586e-05 2.460104119538023860e-03 7.022487175952913101e-05 1.000000008964253784e+00 -2.959751828802894080e-05 2.024912051152951038e-03 2.734778359258993125e-05 2.959583348888665034e-05 1.000000013534660948e+00 -7.395773729299643046e-04
1.000000005660632851e+00 -1.896141712980244686e-05 7.478536924543526302e-05 1.655624583338487828e-03 1.897161532924162270e-05 1.000000011617126150e+00 -2.776487216991115257e-05 3.125365734229986446e-03 -7.478102107519936674e-05 2.776704671958535062e-05 1.000000011478508144e+00 4.588115397217583293e-04
1.000000002331876470e+00 -1.375488069866276190e-04 4.685692102857868092e-05 2.150995752714618230e-03 1.375551580584458416e-04 1.000000007070250607e+00 1.436485058469931526e-05 1.542576608365128386e-03 -4.685192468536358715e-05 -1.435518761065657924e-05 1.000000014620325395e+00 4.230852661334927718e-05
1.000000010517684501e+00 -6.800496323174844040e-05 2.976310115476094503e-05 2.476924985433275050e-03 6.801446818984372236e-05 1.000000011587398152e+00 -7.888846281004981305e-05 1.201700945127797413e-03 -2.975056955306234777e-05 7.889350178612457884e-05 1.000000012408899908e+00 -6.095665983839220273e-04
1.000000004211125892e+00 5.939762756388726407e-05 1.246291943452240659e-04 2.075683247273528518e-03 -5.938130548299688273e-05 1.000000012978829789e+00 -7.358007071631496212e-05 4.638377960167730865e-03 -1.246265327411216935e-04 7.357607720712270899e-05 1.000000005746433329e+00 -7.255673339581065985e-04
1.000000003924941927e+00 1.272066841215764406e-05 1.424029242808890719e-04 1.458053980510323278e-03 -1.271789139070137306e-05 1.000000017550971787e+00 2.886235894920919856e-05 3.849608927463376087e-03 -1.423950802966337842e-04 -2.886040372600245642e-05 1.000000006187287793e+00 -3.955108723740819484e-04
1.000000007226843346e+00 -7.655195494399041239e-05 1.212967430746543783e-04 6.887317625983227498e-04 7.656372642727040637e-05 1.000000019090068637e+00 -2.525154121289195235e-05 1.943514801278526088e-03 -1.212913869788693604e-04 2.526694514769387229e-05 1.000000011264485567e+00 -1.151151981517267958e-04
1.000000002860350845e+00 -1.079789188459457023e-04 1.338377618210788357e-04 1.802543830021433729e-04 1.080089457423917489e-04 1.000000004186478497e+00 -1.585005687282529181e-04 1.351355181894256866e-03 -1.338172422824342102e-04 1.585210418048623154e-04 9.999999977348135172e-01 -1.506166134518512295e-04
1.000000014953991379e+00 -2.275185468426640050e-05 1.118403859461299810e-04 1.579869530074802433e-03 2.277707574369524019e-05 1.000000013114424435e+00 -1.590987964693106572e-04 2.754788058760765553e-03 -1.118353724017655959e-04 1.591043665161393243e-04 1.000000002027417567e+00 9.877981755748712830e-04
1.000000017474778291e+00 -1.026279603855562698e-04 5.534947997131586063e-05 5.601982735923100379e-03 1.026404009795519505e-04 1.000000015519333152e+00 -1.280176016375601832e-04 1.936005717202116897e-03 -5.533240267072124811e-05 1.280289924424354983e-04 1.000000013468371085e+00 -3.215380650377299321e-04
9.999998086841191958e-01 -5.625184507089341741e-04 -3.408268960352153374e-04 1.304872336196103745e-02 5.624728529219253119e-04 9.999998601148811783e-01 -1.502086040538102088e-04 1.274462053026650206e-03 3.409149615017874725e-04 1.500232358360519913e-04 9.999999542311696077e-01 -6.987150258617103775e-04
9.999987742361843290e-01 -1.348018763975199381e-03 -8.291993399085383553e-04 2.284076892280331728e-02 1.347839458377217024e-03 9.999990978709051292e-01 -2.237437792430280029e-04 4.164928909685943793e-03 8.295028965269179988e-04 2.226330870083868992e-04 9.999996550913132776e-01 5.732970808534943472e-05
9.999962187443780515e-01 -2.587496078037849947e-03 -9.625029338413371117e-04 4.353132332240696595e-02 2.587332781842852959e-03 9.999966714310415394e-01 -1.769370353866890253e-04 4.826004375899189437e-03 9.629611215531250126e-04 1.744528358657009167e-04 9.999995451794441159e-01 7.916344347116301269e-04
9.999917758735592521e-01 -3.994895843127923424e-03 -7.435025884332824037e-04 7.428471724056753822e-02 3.994691012509445603e-03 9.999920176466102761e-01 -2.836604855253550871e-04 4.392935106124111824e-03 7.446317269944296557e-04 2.806932541641778134e-04 9.999997081565022983e-01 -1.301747652544508083e-04
9.999842085186371188e-01 -5.586077054652583730e-03 -6.693651866600130746e-04 1.125558643555543276e-01 5.585642248354837601e-03 9.999842249980601672e-01 -6.574335704132194987e-04 7.498990914094354546e-03 6.730251116528805731e-04 6.536897184455706632e-04 9.999995860542897352e-01 -1.701639235560808506e-03
9.999702974771733643e-01 -7.666983137400172447e-03 -8.324659116805407455e-04 1.561151734657116041e-01 7.666126320511027110e-03 9.999701223241213022e-01 -1.033942175580645660e-03 9.293556727257427583e-03 8.403654830043684161e-04 1.027535278647523018e-03 9.999991453908911865e-01 -3.000252225885324461e-03
9.999465420283288886e-01 -1.026236307170349561e-02 -1.293939169983535954e-03 2.020536442124020726e-01 1.026067468200500196e-02 9.999465470623927210e-01 -1.308983010066734447e-03 8.626608886811019603e-03 1.307297093319139975e-03 1.295642256805633243e-03 9.999983337398502536e-01 -1.086062818781953097e-03
9.999133836387538166e-01 -1.305294162767250792e-02 -1.710253108439102870e-03 2.544868394308767989e-01 1.305095460200204893e-02 9.999141938455581302e-01 -1.171134010170666066e-03 1.191465015719860195e-02 1.725387763049102520e-03 1.148717848503562821e-03 9.999978795815260835e-01 2.128007316827604093e-04
9.998659517765237092e-01 -1.624599571905074522e-02 -2.058339517761572073e-03 3.167333059670822126e-01 1.624344271863784051e-02 9.998673334969521154e-01 -1.253657266713249828e-03 1.649529264613332907e-02 2.078429607148689958e-03 1.220061653574083024e-03 9.999971238676954588e-01 1.119098801921776173e-03
9.998015042680937770e-01 -1.977182228258802382e-02 -2.475182313919535582e-03 3.851843745072725533e-01 1.976957118342521219e-02 9.998041875973638914e-01 -9.324153588988155295e-04 2.176363988168602756e-02 2.493135578416393831e-03 8.833052870780914697e-04 9.999965329145990012e-01 2.427198153591120060e-03
9.997223204276368680e-01 -2.341360797183214201e-02 -2.681616489454283041e-03 4.577774160384965874e-01 2.341203503792512949e-02 9.997257730458454228e-01 -6.184719117193479077e-04 3.066356371348778753e-02 2.695367554382424678e-03 5.555246844430090534e-04 9.999962454321981165e-01 1.953850981707945435e-03
9.996209760462724248e-01 -2.732489686641348392e-02 -3.372009145386993707e-03 5.350636094642399199e-01 2.732348106845163688e-02 9.996266023046408433e-01 -4.664960628688389873e-04 3.947591883857731049e-02 3.383504042548443787e-03 3.741953904824633849e-04 9.999942403264078239e-01 5.732613362095897221e-04
9.994933709114472986e-01 -3.155232959448209251e-02 -4.191703615627617209e-03 6.158617337240073208e-01 3.155068418015351261e-02 9.995021164734981811e-01 -4.593378154608669466e-04 4.553325293080126568e-02 4.204115365876713063e-03 3.268661372826846614e-04 9.999911448416360926e-01 8.491310063863561101e-04
9.993426075491061988e-01 -3.592243005614379620e-02 -4.904826013473332844e-03 7.014789497972542254e-01 3.592230704103960975e-02 9.993546518044639226e-01 -1.141679793472604940e-04 5.222627296634699962e-02 4.905769896574167267e-03 -6.208620394025426634e-05 9.999880009500659028e-01 3.282308289670524386e-03
9.991669143014169086e-01 -4.050835714708023866e-02 -4.967919495801191229e-03 7.915137176916027251e-01 4.051086690217778341e-02 9.991790917824472373e-01 4.041096804634117896e-04 5.888390485490054699e-02 4.947482227646946874e-03 -6.050163881993317252e-04 9.999876169078122379e-01 1.931020760504420161e-03
9.989734241488146260e-01 -4.499837867880700226e-02 -5.232217053549950876e-03 8.900858783518982298e-01 4.500120415321314654e-02 9.989869205565264920e-01 4.222218644347987748e-04 6.864307255672219554e-02 5.207926528910593149e-03 -6.572339532515920424e-04 9.999862622414256164e-01 2.738491446117366154e-03
9.987900998316810997e-01 -4.889249767422071402e-02 -5.291204148414642428e-03 9.931925249371097442e-01 4.889817113062744358e-02 9.988033998416661063e-01 9.466907992070267615e-04 8.197043730520736649e-02 5.238593947039378931e-03 -1.204263260383722084e-03 9.999855943515797430e-01 6.866463829664579827e-03
9.985826952334900808e-01 -5.304850737671323868e-02 -4.312527126978307236e-03 1.101693357797581152e+00 5.305575901372446695e-02 9.985903765951018585e-01 1.582868052774399513e-03 9.202035605329911272e-02 4.222486705427260130e-03 -1.809415645424989694e-03 9.999894914652847078e-01 1.075491500598007438e-02
9.983347631952877999e-01 -5.757928376634872253e-02 -3.531067573664211333e-03 1.213712257878509559e+00 5.758755848628883262e-02 9.983379243990175844e-01 2.285596040279584337e-03 1.042969752214417123e-01 3.393603364498669773e-03 -2.485122141203928957e-03 9.999911986625943383e-01 1.449178244409929026e-02
9.981066832430930402e-01 -6.137592732055663358e-02 -4.024149506355031124e-03 1.330242510458852223e+00 6.138807167637799767e-02 9.981096524646940749e-01 2.965408597795213611e-03 1.205301493179050248e-01 3.834543029920536687e-03 -3.206819058966925168e-03 9.999875540200854340e-01 1.456893719650699179e-02
9.978740797160842169e-01 -6.503251201193127606e-02 -4.271837715521347584e-03 1.452517710606408219e+00 6.504578096192618897e-02 9.978777339623481346e-01 3.041482614147595492e-03 1.315620031313508853e-01 4.064985492823082816e-03 -3.312874916735507758e-03 9.999863029199055342e-01 1.016824555251462717e-02
9.976044077243361174e-01 -6.910710447347878649e-02 -3.131985815831588808e-03 1.571523836649303174e+00 6.911187913189649479e-02 9.976079668057589167e-01 1.439176238190392667e-03 1.402924953964107546e-01 3.025045341405722781e-03 -1.652179549583543535e-03 9.999941135127367042e-01 1.082544930052159980e-02
9.974025181622084846e-01 -7.199636631972555767e-02 -2.212845723077181206e-03 1.691630345663120760e+00 7.199564684390803715e-02 9.974049561483360193e-01 -4.069178649320522164e-04 1.480325823311817446e-01 2.236409578250467007e-03 2.465520819564861197e-04 9.999975264559350929e-01 1.970780558749985617e-02
9.972612891976557759e-01 -7.386868579435043602e-02 -3.673861168920165236e-03 1.829130468605910220e+00 7.386464829110754582e-02 9.972676174604283572e-01 -1.225253993664645940e-03 1.565151290839207066e-01 3.754341519380065880e-03 9.505359873001518632e-04 9.999925588249644060e-01 2.535679684670655298e-02
9.970923403830634912e-01 -7.591035000145070211e-02 -6.681577359106436603e-03 1.970455464916223587e+00 7.590843977324931990e-02 9.971147405955061993e-01 -5.405914789070148359e-04 1.676387477648562108e-01 6.703345886084310402e-03 3.183728809915782533e-05 9.999775906232177825e-01 2.159117735065379379e-02
9.970083618101149847e-01 -7.682567386985104940e-02 -8.503089785998885902e-03 2.103460073630724736e+00 7.684362981923534286e-02 9.970416204019567630e-01 1.804120619681361115e-03 1.853310263290307014e-01 8.339341240035602620e-03 -2.452125625332596780e-03 9.999622801950379669e-01 1.636717664529691724e-02
9.970207383756454211e-01 -7.659374851863028077e-02 -9.121873812708991211e-03 2.243416392642789692e+00 7.662808630381888475e-02 9.970537923257795088e-01 3.474840990182411632e-03 2.055068538884160245e-01 8.828852509820329930e-03 -4.163473268201870435e-03 9.999524213807119422e-01 1.021604669578559874e-02
9.970389442514032696e-01 -7.631074905696250132e-02 -9.496226609644126820e-03 2.393412312832531530e+00 7.635214983289159707e-02 9.970726900593482878e-01 4.074892220074470897e-03 2.213090732425337659e-01 9.157473991106938882e-03 -4.787876035396105255e-03 9.999466715118443538e-01 1.514025667032233360e-02
9.971414295648377557e-01 -7.498415927432879047e-02 -9.301466937616712990e-03 2.548952833560818920e+00 7.502180021924290121e-02 9.971748915915369382e-01 3.765047764285633144e-03 2.301422208277473236e-01 8.992877239521171809e-03 -4.452087346861462701e-03 9.999497200530236274e-01 2.293378908337746769e-02
9.973236947971522159e-01 -7.253319632465854427e-02 -9.195718666855387177e-03 2.715352299657241009e+00 7.257323353008587885e-02 9.973547796073277683e-01 4.096715119958612393e-03 2.362850063229870179e-01 8.874253789382528443e-03 -4.753100570734769027e-03 9.999493959259501130e-01 3.096423445984542583e-02
9.974320225163314513e-01 -7.084664269267791636e-02 -1.050224830824512262e-02 2.891226015102029478e+00 7.089142102100483289e-02 9.974763161034704284e-01 3.953551626926768772e-03 2.435578244320069641e-01 1.019566092029965468e-02 -4.687906365102003682e-03 9.999371072845985031e-01 2.749127870421572833e-02
9.975162450556074312e-01 -6.939730159499694906e-02 -1.206398166046861696e-02 3.066193080087957767e+00 6.944014854553154370e-02 9.975812027448462960e-01 3.168816504048049473e-03 2.534439558598672870e-01 1.181490856788591955e-02 -3.998658870509258847e-03 9.999222823975932872e-01 2.530586571605671423e-02
9.976802213870626934e-01 -6.697806313433556091e-02 -1.217804762616501481e-02 3.247488884908280582e+00 6.701451958679910392e-02 9.977487067469154036e-01 2.609866387508552772e-03 2.603324700802026048e-01 1.197584562590003031e-02 -3.419904174988675112e-03 9.999225172884527169e-01 3.211759968465714710e-02
9.978925155157951643e-01 -6.390409496740584450e-02 -1.126909431540099732e-02 3.439168071031283525e+00 6.394243192437978895e-02 9.979489785946141778e-01 3.074298465655354168e-03 2.742433676605058879e-01 1.104953437611324273e-02 -3.788375899718144681e-03 9.999318562891456041e-01 4.365543715489197951e-02
9.980566657841594136e-01 -6.137612224634231978e-02 -1.077322361253594575e-02 3.637916206022816290e+00 6.143569041210796694e-02 9.980971649036642912e-01 5.287426824608349937e-03 2.902801069359086106e-01 1.042821531687655214e-02 -5.938994624439098043e-03 9.999280693458580949e-01 4.829222301119673322e-02
9.981959385090396486e-01 -5.894644143784773943e-02 -1.141860362589570792e-02 3.831539636545794547e+00 5.904224406929096253e-02 9.982215889126349051e-01 8.242103884728521970e-03 3.067434479824047711e-01 1.091246648853746309e-02 -8.901396734429894292e-03 9.999009223316976946e-01 4.122464881834661532e-02
9.983528857699016656e-01 -5.598277269235605452e-02 -1.255572057867879003e-02 4.027873327274995141e+00 5.609546900318090196e-02 9.983866727639733041e-01 8.809775873522864009e-03 3.243153988315238823e-01 1.204228188391098624e-02 -9.499567378305069990e-03 9.998824512207765691e-01 3.208330015939146740e-02
9.985224459353236881e-01 -5.281516620519192268e-02 -1.279393770049753846e-02 4.228144915075540133e+00 5.291309628046023811e-02 9.985715423547469882e-01 7.440025822354660347e-03 3.299743516160038581e-01 1.238272915138244161e-02 -8.105982958497489135e-03 9.998905682323763200e-01 3.660001120367997740e-02
9.987117423064065802e-01 -4.934386546701855641e-02 -1.184232231552614055e-02 4.433410473707206201e+00 4.940033863297515343e-02 9.987689539227988522e-01 4.523869970633129234e-03 3.273440176978688609e-01 1.160453225510568384e-02 -5.103040441129090381e-03 9.999197410584911294e-01 5.262746885079785941e-02
9.988717457592275473e-01 -4.608055008851727474e-02 -1.149002591786896406e-02 4.640424976692945513e+00 4.611302228325161318e-02 9.989330498908358669e-01 2.576822527767262064e-03 3.296582665542880375e-01 1.135903917555558702e-02 -3.103738908979517073e-03 9.999307680285361988e-01 6.669198513247366622e-02
9.989934896402440367e-01 -4.297941640720240319e-02 -1.284460967790570542e-02 4.843794425114625213e+00 4.302313933986984251e-02 9.990692679234159934e-01 3.147194999722874656e-03 3.392324659328853076e-01 1.269740163926051310e-02 -3.696627881775394094e-03 9.999126583358421971e-01 7.157760414642867774e-02
9.991058539112697146e-01 -3.977850585276892365e-02 -1.433074330546456158e-02 5.042953665520867546e+00 3.985744652036977975e-02 9.991916548566096568e-01 5.265709063381610218e-03 3.502897080829026066e-01 1.410970782248372607e-02 -5.832172449169619952e-03 9.998835557589120793e-01 6.633904226184492159e-02
9.992221332275817991e-01 -3.648321835736929863e-02 -1.497702284530587173e-02 5.247440848876920860e+00 3.657473766947586663e-02 9.993137594398955326e-01 5.883088334106053446e-03 3.587021189925521103e-01 1.475212029770286808e-02 -6.426277850637580544e-03 9.998706447096379346e-01 5.944804540860154640e-02
9.993317229056658535e-01 -3.346833342204063449e-02 -1.470329890479125934e-02 5.461423964078012006e+00 3.353797217722512963e-02 9.994273990639750416e-01 4.515774093257357742e-03 3.615822709005999114e-01 1.454375299177810762e-02 -5.005860740254382962e-03 9.998818184450778412e-01 6.212715577083120083e-02
9.994124988120149933e-01 -3.146286091965360548e-02 -1.359985546461965449e-02 5.682249585768246902e+00 3.150339023332125038e-02 9.994999463360532133e-01 2.776609334834415164e-03 3.607487033288945266e-01 1.350570248842034027e-02 -3.203406198194621961e-03 9.999037782910170646e-01 7.685503916725217044e-02
9.994729120343497364e-01 -3.022645873140235653e-02 -1.185210589350327477e-02 5.897917524606874906e+00 3.026424747884889910e-02 9.995375246934948832e-01 3.022261995114056739e-03 3.693265849236524456e-01 1.175528227155919758e-02 -3.379351874933730557e-03 9.999253132526926269e-01 8.900965316716558107e-02
9.995359812012495349e-01 -2.854940111790177718e-02 -1.062861272035459971e-02 6.107992534150763042e+00 2.861915131736442880e-02 9.995696207042893411e-01 6.469372384232571251e-03 3.875453066197116492e-01 1.043935072782283674e-02 -6.770539511208230159e-03 9.999227129282457494e-01 9.083514234118052200e-02
9.995876157864937994e-01 -2.631977925789889816e-02 -1.149267209271465605e-02 6.325261336867487927e+00 2.645315753451448967e-02 9.995827783423533175e-01 1.161223065966765847e-02 4.046235504313330789e-01 1.118225447883554845e-02 -1.191144583609981059e-02 9.998666591862028774e-01 8.340142682294909848e-02
9.996265497146569201e-01 -2.385830455670050892e-02 -1.333254627242492878e-02 6.548057144738602453e+00 2.408354396853424478e-02 9.995656211285206538e-01 1.699713891139800412e-02 4.166681755749988558e-01 1.292123944859779362e-02 -1.731187201917279775e-02 9.997667771897001954e-01 7.982190729690855080e-02
9.996632897213889590e-01 -2.191148924936306419e-02 -1.390715618350436833e-02 6.767915812718662494e+00 2.217095844878864963e-02 9.995778559847401379e-01 1.878594262902429785e-02 4.220249163652335378e-01 1.348966394584103640e-02 -1.908793727218965550e-02 9.997269378951335606e-01 8.191403136014280273e-02
9.997070243692727232e-01 -2.055572877364346407e-02 -1.278840436438293156e-02 6.983905414927742861e+00 2.076620461888417299e-02 9.996475594358191774e-01 1.654954781488905680e-02 4.197688258465960276e-01 1.244371317957612168e-02 -1.681025130060530282e-02 9.997814022265772982e-01 9.085796739747871442e-02
9.997515741419482627e-01 -1.912700686632018421e-02 -1.145267395844357106e-02 7.206990686014790981e+00 1.925977863597456638e-02 9.997474304052605953e-01 1.159769571782139422e-02 4.156392640847274000e-01 1.122795566405566416e-02 -1.181537683970176021e-02 9.998672997417485941e-01 1.044801557309075341e-01
9.997997290855543673e-01 -1.729345503895324612e-02 -1.008239898350710151e-02 7.434183056983890481e+00 1.738141495569558992e-02 9.998112388642806936e-01 8.703410887388761397e-03 4.147084903966526959e-01 9.929986532555215226e-03 -8.876901167925098715e-03 9.999114408176957847e-01 1.196148442293808178e-01
9.998422116362261081e-01 -1.501407957554163307e-02 -9.505122735435135931e-03 7.662292177996725684e+00 1.510470016079827615e-02 9.998406373865649233e-01 9.535661500373014687e-03 4.166474517168426983e-01 9.360439502663292846e-03 -9.677715496322720698e-03 9.999095062976638415e-01 1.242000063912888225e-01
9.998602254489372676e-01 -1.289752139439236632e-02 -1.064907412135769095e-02 7.887368199754285492e+00 1.303800551810294604e-02 9.998276576725784182e-01 1.323065930558817507e-02 4.262887135697828178e-01 1.047659607779607115e-02 -1.336763898166709250e-02 9.998559140943351631e-01 1.199442956917857739e-01
9.998525220703621263e-01 -1.130155517593869896e-02 -1.293943409344008866e-02 8.106651016504805796e+00 1.152687416615249399e-02 9.997810667955449038e-01 1.747416563007904086e-02 4.386042060421622146e-01 1.273911480312338133e-02 -1.762072562987452434e-02 9.997637416919574749e-01 1.147937210255695895e-01
9.998512538625413670e-01 -9.578678227066230594e-03 -1.435066628050923887e-02 8.323101524387002570e+00 9.854909959133160285e-03 9.997652850086194976e-01 1.930431458998660768e-02 4.452403856083598788e-01 1.416238660238346332e-02 -1.944285334484240069e-02 9.997108197454345202e-01 1.172413922162047623e-01
9.998759101580939612e-01 -7.504115375248254782e-03 -1.385912749637866793e-02 8.549177233129672260e+00 7.755224036258927083e-03 9.998052937633002957e-01 1.815581932112088348e-02 4.427507795873212859e-01 1.372018412208876603e-02 -1.826103287373342238e-02 9.997392731066987448e-01 1.254618611421585705e-01
9.999067290567625887e-01 -5.125691046435301712e-03 -1.266827206333931248e-02 8.782275156582437958e+00 5.332209867482312626e-03 9.998527434219406373e-01 1.632396836481027347e-02 4.418126295158608108e-01 1.258273490490907816e-02 -1.638998132427043133e-02 9.997866661417944556e-01 1.347002017039271582e-01
9.999247811183238355e-01 -2.730762783436780153e-03 -1.196668833269490251e-02 9.023613584285435252e+00 2.936481830944939059e-03 9.998478127135330684e-01 1.720882780922577265e-02 4.470217221142510633e-01 1.191787295027342888e-02 -1.724265808946790976e-02 9.997804720612802898e-01 1.401886620256751759e-01
9.999327539107528695e-01 -5.824611681645776870e-04 -1.159203857510338921e-02 9.255259730308619481e+00 8.307275747347718899e-04 9.997703220890600262e-01 2.142535977612301107e-02 4.533282826368097984e-01 1.157689420627194127e-02 -2.143353291419082193e-02 9.997034231476294996e-01 1.396900730230233867e-01
9.999280304386951590e-01 1.185528312652353805e-03 -1.194805351599645578e-02 9.482892756417715674e+00 -8.958993181170662404e-04 9.997065042787832700e-01 2.421879037876405877e-02 4.590316543298064711e-01 1.197325667876732690e-02 -2.420632669402873402e-02 9.996354658154353867e-01 1.349838694027246655e-01
9.999170654676795555e-01 2.376369383436903026e-03 -1.266673775656528521e-02 9.715917636509512789e+00 -2.065088895579238453e-03 9.996971230118392171e-01 2.453275229602163224e-02 4.575315417392039619e-01 1.272119398318452381e-02 -2.450454141928411211e-02 9.996189671424500212e-01 1.372375886093535891e-01
9.999031626397325567e-01 3.645288076258740208e-03 -1.343907320049294966e-02 9.958349155871221825e+00 -3.340654945873821734e-03 9.997387372641978187e-01 2.262218394764509838e-02 4.514801375358998836e-01 1.351801925151329201e-02 -2.257507983368931340e-02 9.996539488565779896e-01 1.482166670158029109e-01
9.998794650953432006e-01 5.147320436634871856e-03 -1.465582017582438799e-02 1.020578217113625996e+01 -4.835263888808528747e-03 9.997627405640733267e-01 2.124979377389780641e-02 4.461199339543920894e-01 1.476171367044124688e-02 -2.117634920204898921e-02 9.996669685182688614e-01 1.648277704568641977e-01
9.998465979975472706e-01 7.116048995596146141e-03 -1.601178145031809455e-02 1.044992183050935175e+01 -6.781112932539507150e-03 9.997592974337385918e-01 2.087681241792811726e-02 4.474565723437483600e-01 1.615647940049097508e-02 -2.076501408595461673e-02 9.996540326001732701e-01 1.732138534588228140e-01
9.998241771717064630e-01 9.316415795831112581e-03 -1.628064662030170862e-02 1.069654774561116817e+01 -8.973062019602122408e-03 9.997386582420357826e-01 2.103761815832919102e-02 4.453935627670261854e-01 1.647237644710611640e-02 -2.088781118711284870e-02 9.996463211928036108e-01 1.748936281437259432e-01
9.998169053724120792e-01 1.129304013671519544e-02 -1.545528877469314923e-02 1.095591966841522336e+01 -1.096645886849409099e-02 9.997184053573181517e-01 2.105539429372471280e-02 4.421839098820916081e-01 1.568870546442579367e-02 -2.088202823753463819e-02 9.996590499369006899e-01 1.763399816668832776e-01
9.998096649973521322e-01 1.271055397317587786e-02 -1.480961260854376203e-02 1.122651635575389939e+01 -1.239710903691342188e-02 9.997014122864159580e-01 2.106850433491168004e-02 4.411754800378802632e-01 1.507297281871582129e-02 -2.088087856092847583e-02 9.996685504959432755e-01 1.805132967141876710e-01
9.997871800996454006e-01 1.414613836693712386e-02 -1.502433478612983167e-02 1.150054107137074055e+01 -1.381689794631140757e-02 9.996671873128937236e-01 2.179669836518722745e-02 4.418192349962388188e-01 1.532766387873155806e-02 -2.158445036158681413e-02 9.996497361822981320e-01 1.841563911085767336e-01
9.997429169017092443e-01 1.581988775346745285e-02 -1.625059764852850031e-02 1.177132123711152545e+01 -1.543973244644005968e-02 9.996104896700357401e-01 2.325910738853463264e-02 4.379157136485272717e-01 1.661221471257574162e-02 -2.300220312441323203e-02 9.995976036787174168e-01 1.863758556817947387e-01
9.996824835703542744e-01 1.746407126205907004e-02 -1.817114003223159815e-02 1.204152892798952124e+01 -1.706996567862527348e-02 9.996207194353614600e-01 2.162277126182043582e-02 4.284702929264628812e-01 1.854185899176619481e-02 -2.130570508392865339e-02 9.996012765753794493e-01 1.868638929047163888e-01
9.996200604236453735e-01 1.901258137253000746e-02 -1.996269679281140533e-02 1.231496974971413572e+01 -1.869501835147537039e-02 9.996978408141834471e-01 1.597628710044161557e-02 4.121281765488592486e-01 2.026040245736983672e-02 -1.559699523318854898e-02 9.996732980078866238e-01 1.975813815532683482e-01
9.995985558230000567e-01 2.091177473006937751e-02 -1.912272686810408823e-02 1.259622287986419131e+01 -2.068367355810005540e-02 9.997137130932103322e-01 1.204998807136415696e-02 3.978002579527526450e-01 1.936922626847086687e-02 -1.164960409742884020e-02 9.997447574315933005e-01 2.183406293323778002e-01
9.996130061524212129e-01 2.280149448359414244e-02 -1.594319063820959573e-02 1.288485537169845685e+01 -2.260222654037240264e-02 9.996657768555535784e-01 1.256982869033504771e-02 3.967132085654501705e-01 1.622446060607137322e-02 -1.220459409445736644e-02 9.997941181209094585e-01 2.287852503007514193e-01
9.996307336382318498e-01 2.393130729233049550e-02 -1.288194745730880143e-02 1.317771723763179281e+01 -2.371399281046131235e-02 9.995784340723343764e-01 1.676698144002241805e-02 3.982546800791079700e-01 1.327776041357523092e-02 -1.645528831763616237e-02 9.997766714656092235e-01 2.260380023198514388e-01
9.996243808292886168e-01 2.501979330416060840e-02 -1.119657051795561013e-02 1.345800324445098006e+01 -2.480444585625366655e-02 9.995124603490531667e-01 1.897678083375552507e-02 3.948134547534445926e-01 1.166589366351164329e-02 -1.869190847451098966e-02 9.997574673921711952e-01 2.180556441854469008e-01
9.995889306977325806e-01 2.635019358530567637e-02 -1.130898715292644185e-02 1.372906564985978584e+01 -2.617382262648104002e-02 9.995379542500647529e-01 1.547115865065027025e-02 3.808720572240166247e-01 1.171141517008856582e-02 -1.516878044796336929e-02 9.998166008817644945e-01 2.212521344990208694e-01
9.995107244420043946e-01 2.837395440916973960e-02 -1.317146350463204926e-02 1.400407200020783804e+01 -2.823983267903716968e-02 9.995487927985361454e-01 1.026028317518651312e-02 3.636074757055225426e-01 1.345662956779403695e-02 -9.883284688038392746e-03 9.998608542019166157e-01 2.394041610683684540e-01
9.994312088158083807e-01 3.043652129634007164e-02 -1.453050157306383892e-02 1.429148661925711039e+01 -3.032348124999363972e-02 9.995088907791220834e-01 7.938199609026383094e-03 3.511646523791617236e-01 1.476496062275728036e-02 -7.493050771160144653e-03 9.998631606306294106e-01 2.597704830816805477e-01
9.994069735099347929e-01 3.178307364469187823e-02 -1.325882728973155900e-02 1.457468876887178943e+01 -3.164782940292033137e-02 9.994464020805043925e-01 1.028909251418692883e-02 3.432275420590816806e-01 1.357848912041845560e-02 -9.863358893687144274e-03 9.998594094871634530e-01 2.646144248103117769e-01
9.994032066347555698e-01 3.293827226590140961e-02 -1.041936969519690823e-02 1.484635067734340552e+01 -3.280354873571930674e-02 9.993795277842155711e-01 1.284741999208622622e-02 3.368456174221969301e-01 1.083605985588091680e-02 -1.249794124147351158e-02 9.998634372072442433e-01 2.560594952589260731e-01
9.993821651308942844e-01 3.390152261076753715e-02 -9.286458224855628080e-03 1.511233119212848131e+01 -3.379046157708082143e-02 9.993587748917754920e-01 1.186674617814879179e-02 3.271290126623113137e-01 9.682786109684666381e-03 -1.154560228691665566e-02 9.998867240308534354e-01 2.527287188490451864e-01
9.993266788607856332e-01 3.511322721464448654e-02 -1.065432366982966769e-02 1.538048812679022248e+01 -3.501281197995963212e-02 9.993422847217028337e-01 9.469889851329208949e-03 3.145377346720629741e-01 1.097981541174469430e-02 -9.090457256918123632e-03 9.998986586503855190e-01 2.670236075220541183e-01
9.992491925141582243e-01 3.672427863223358402e-02 -1.235517593100695158e-02 1.564986716209322637e+01 -3.662101333837067263e-02 9.992935042299396775e-01 8.483670560884110437e-03 3.037344265022304812e-01 1.265798421394817401e-02 -8.024823720297365529e-03 9.998879468553325545e-01 2.864396459162941166e-01
9.991628826889259463e-01 3.861390213785721032e-02 -1.351937124890883156e-02 1.591504851997650327e+01 -3.849276199004547649e-02 9.992176462127941861e-01 9.109679980400912230e-03 2.969198999339368039e-01 1.386053339445032784e-02 -8.581638592079918887e-03 9.998673784329964453e-01 2.930974149489032343e-01
9.990711928205848746e-01 4.061572902829563986e-02 -1.440096158053667981e-02 1.617793782319510854e+01 -4.044494561740231975e-02 9.991104883029875428e-01 1.195932812377530248e-02 2.894174550667134582e-01 1.487386696476096157e-02 -1.136575620257359101e-02 9.998250471832056396e-01 2.897202987902116611e-01
9.990287551198741012e-01 4.180520935148478168e-02 -1.393363669992194256e-02 1.643894720942187249e+01 -4.161412288861254805e-02 9.990396605074587377e-01 1.373361887137176073e-02 2.777022854010602892e-01 1.449437144463896175e-02 -1.314042627298428641e-02 9.998088743090837172e-01 2.858679737976741464e-01
9.990228741070940055e-01 4.258275574268368530e-02 -1.184430064949734338e-02 1.670131683896895680e+01 -4.243695319790820319e-02 9.990237096964572627e-01 1.230162693507633881e-02 2.614678960211510583e-01 1.235655230123781922e-02 -1.178695440016672320e-02 9.998544585723908584e-01 2.929061222819445143e-01
9.990147503118941286e-01 4.360316920033805582e-02 -8.281150358117087343e-03 1.697036243985967019e+01 -4.353033690623647756e-02 9.990138011781671823e-01 8.782841030024832879e-03 2.492647458197688459e-01 8.655921039495140246e-03 -8.413691446625067710e-03 9.999274219036538014e-01 2.985611956238880538e-01
9.989579312395313604e-01 4.491007580129318527e-02 -8.149979967567519065e-03 1.723941804615187223e+01 -4.486738058231468096e-02 9.989789308949670321e-01 5.350356419174600101e-03 2.440674155454336802e-01 8.381920411112004851e-03 -4.979098204468406126e-03 9.999527616316544743e-01 3.008521188372400568e-01
9.988137743785712175e-01 4.669831308463726072e-02 -1.380588120005515375e-02 1.749967999605922131e+01 -4.659506183594046280e-02 9.988844140693035056e-01 7.709977595168717932e-03 2.370975007822637703e-01 1.415049834968125538e-02 -7.057531625374678826e-03 9.998752606883252181e-01 3.110464754877030336e-01
9.985849096470428288e-01 4.902129744110281240e-02 -2.062482318648888729e-02 1.776016403172094016e+01 -4.869188260682143221e-02 9.986830477117750737e-01 1.618342316563294372e-02 2.220704002709643909e-01 2.139096732838608600e-02 -1.515624552299196272e-02 9.996565985745261562e-01 3.242448584562843683e-01
9.984157550229351141e-01 5.102526117739508704e-02 -2.372125281578910810e-02 1.802951311306332016e+01 -5.051508586045830307e-02 9.984893134748163979e-01 2.163226724343243756e-02 2.056884728450435740e-01 2.478918263415910705e-02 -2.039969928401093313e-02 9.994848457518589191e-01 3.298956277740149878e-01
9.983951799728398857e-01 5.202695809619944933e-02 -2.237316897893334988e-02 1.831239987566740979e+01 -5.160332008901609424e-02 9.984850345374448599e-01 1.911497959588447093e-02 1.900925656078171488e-01 2.333374037819508154e-02 -1.792975897118488995e-02 9.995672476697782249e-01 3.344750509467554478e-01
9.984077148588863526e-01 5.293744140999501885e-02 -1.949271842816114111e-02 1.860695344068918189e+01 -5.272246692822764313e-02 9.985446356269679358e-01 1.138453531012962282e-02 1.752495477927141498e-01 2.006698915922242032e-02 -1.033869083986273252e-02 9.997454981921120032e-01 3.440735499495782279e-01
9.983736542475373232e-01 5.431653230748131195e-02 -1.732241662870114690e-02 1.891085582190172332e+01 -5.421932962805227352e-02 9.985111396820290919e-01 6.035511979254494681e-03 1.611456058829636440e-01 1.762442572826469767e-02 -5.086474580411981181e-03 9.998320589498010946e-01 3.542132600426140532e-01
9.982801562093366332e-01 5.619814681191884209e-02 -1.669741369261928260e-02 1.921633760409367753e+01 -5.606157263807053093e-02 9.983911137915110201e-01 8.540954123516941374e-03 1.453711512156970476e-01 1.715050594724386659e-02 -7.590169589372450926e-03 9.998244309389672235e-01 3.573953492397098364e-01
9.981325417483176698e-01 5.846538821023835458e-02 -1.770691830614419884e-02 1.952142400021211088e+01 -5.820178941732229161e-02 9.981916305794901190e-01 1.505636437979432016e-02 1.303413089142315406e-01 1.855514284781454443e-02 -1.399766048546872456e-02 9.997301768722330895e-01 3.463645152167325603e-01
9.979380006703792994e-01 6.096853602109372772e-02 -2.007219652800022389e-02 1.982530339273354869e+01 -6.050873155785209401e-02 9.979082177252607266e-01 2.277199614815162906e-02 1.134340541828158383e-01 2.141855325613070682e-02 -2.151048372689236959e-02 9.995394978134464203e-01 3.435063465801533322e-01
9.978544549027247301e-01 6.259047589223648567e-02 -1.921536971125792359e-02 2.013574764364216918e+01 -6.208143242268225614e-02 9.977317521055425464e-01 2.603709570497865153e-02 9.350028841793482648e-02 2.080142697978342933e-02 -2.478830048772499156e-02 9.994766173560406530e-01 3.548604408187335801e-01
9.978704078265344668e-01 6.331991584921160821e-02 -1.567001614324057754e-02 2.045284068072128747e+01 -6.300487910730234731e-02 9.978162316971580514e-01 1.984539614915670908e-02 7.213377931394379661e-02 1.689237346877665510e-02 -1.881583363473884885e-02 9.996805906106399631e-01 3.745390065796982970e-01
9.978414315131647339e-01 6.429683741046876566e-02 -1.336813273057821903e-02 2.077233672902054806e+01 -6.417336981792591544e-02 9.978941496784352605e-01 9.472852345423134895e-03 4.961596306934897005e-02 1.394902392727672899e-02 -8.594515993797183923e-03 9.998661080936706025e-01 4.000246412353979375e-01
9.976988193306861596e-01 6.634033284026667754e-02 -1.401210872067666473e-02 2.108711127915293204e+01 -6.629235107487427281e-02 9.977931008599593143e-01 3.865863343308236205e-03 2.657976209444028529e-02 1.423761566265038629e-02 -2.928062126124662736e-03 9.998946917337228069e-01 4.156292431269347221e-01
9.974727590688247103e-01 6.859593043841745452e-02 -1.852057117714743864e-02 2.140105937616244347e+01 -6.852353011212698741e-02 9.976396123722627296e-01 4.519892815857121625e-03 -1.838905384490239180e-03 1.878686902011675319e-02 -3.239364864490474651e-03 9.998186085011167012e-01 4.181436905552833871e-01
9.971568000431273449e-01 7.075636122917761117e-02 -2.592637395429575262e-02 2.171510340130619454e+01 -7.057335554478157136e-02 9.974755786521212197e-01 7.910668152377354698e-03 -3.290903301937536662e-02 2.642062081896584189e-02 -6.058454871023156822e-03 9.996329067221461084e-01 4.170961763285522816e-01
9.967159874629455407e-01 7.296599602361981962e-02 -3.512166023065471654e-02 2.202070303426384967e+01 -7.265640966982915561e-02 9.973070977647641167e-01 1.001539617991726444e-02 -5.612602355126505155e-02 3.575782891685587439e-02 -7.430680794018297564e-03 9.993332130831826809e-01 4.252457265791277363e-01
9.961761784179409274e-01 7.487367996946013571e-02 -4.502541082074513340e-02 2.231998190120695469e+01 -7.439363752629706006e-02 9.971540886642626944e-01 1.224836502756798846e-02 -7.142183688863623647e-02 4.581431556312091924e-02 -8.851914183910136041e-03 9.989111121523942538e-01 4.402971959911237687e-01
9.955323216348870297e-01 7.624343122122284599e-02 -5.570171221446659771e-02 2.261602523978316626e+01 -7.561676731591372713e-02 9.970489139633021969e-01 1.327710315788173216e-02 -8.962942284417010907e-02 5.654958502755295935e-02 -9.005787862729651080e-03 9.983595387124843956e-01 4.617008103400803143e-01
9.948040904911923388e-01 7.809331693903255600e-02 -6.531927054243760744e-02 2.291315127485339431e+01 -7.735498210769543859e-02 9.969089837259964559e-01 1.376223653851907543e-02 -1.186536874786694867e-01 6.619206627018454914e-02 -8.637944573659466982e-03 9.977698791185789506e-01 4.876492830876531515e-01
9.940762900062355412e-01 8.022489242372177198e-02 -7.332563179570927847e-02 2.322195769027236523e+01 -7.958811903593751569e-02 9.967610447986705591e-01 1.157098577747572681e-02 -1.516782889919451316e-01 7.401637248131588687e-02 -5.666580520353020275e-03 9.972413071249717209e-01 5.094219604416800884e-01
9.933932027316263458e-01 8.155851596577803897e-02 -8.073727002253890117e-02 2.353015004185422399e+01 -8.128027897070379260e-02 9.966689150021910137e-01 6.733303167905439063e-03 -1.805783617046246015e-01 8.101744078447055408e-02 -1.264584392704857640e-04 9.967130618589636892e-01 5.222089400484859478e-01
9.926738272369393101e-01 8.202660482709957235e-02 -8.871675631094766423e-02 2.383433321826984752e+01 -8.221528084117989132e-02 9.966137909831965791e-01 1.532472938648495086e-03 -2.138472375417749816e-01 8.854199968496954953e-02 5.772637369738647418e-03 9.960561039596166344e-01 5.374466710422943772e-01
9.919688268121830133e-01 8.166958817097366707e-02 -9.658302918108045698e-02 2.412840870495657342e+01 -8.231259924138960293e-02 9.966033222382149059e-01 -2.684540548966553655e-03 -2.515857469064610163e-01 9.603567280445537979e-02 1.061298910117275916e-02 9.953217004856566019e-01 5.630080007428129862e-01
