1.000000000000000000e+00 -8.419044274564715675e-20 -3.898450528174134867e-21 0.000000000000000000e+00 -1.464674234986926426e-19 1.000000000000000000e+00 -6.189583660629636452e-19 1.387778780781445676e-17 1.474349598590897266e-20 7.412272411268768779e-19 1.000000000000000000e+00 0.000000000000000000e+00
9.999970234221314813e-01 1.261283310965078102e-03 2.088613672298958706e-03 -8.300099789471951373e-03 -1.254081948747536035e-03 9.999932774192067386e-01 -3.445636829969351243e-03 -3.462488799160660935e-02 -2.092945784423273434e-03 3.443007690629240527e-03 9.999918825980016468e-01 9.520747316706089647e-01
9.999968098637994629e-01 4.814668646101621669e-04 2.479606550090396495e-03 3.015480904511504395e-03 -4.716590263344950552e-04 9.999920698413081732e-01 -3.954467253903097904e-03 -3.969511122501716283e-02 -2.481491099920978341e-03 3.953285579820445955e-03 9.999891068003101680e-01 1.932347277480637393e+00
9.999959177361762430e-01 3.945497533000005093e-04 2.829989038604325668e-03 2.251750936642557196e-02 -3.897214412499208159e-04 9.999984680368809720e-01 -1.706472996302205343e-03 -2.810076269527558845e-02 -2.830658295043922672e-03 1.705363327074849297e-03 9.999945395371206969e-01 2.915106580384405621e+00
9.999958148934449120e-01 -2.071825879540044324e-03 2.019340290623609924e-03 3.229475422551135455e-02 2.066555884137456257e-03 9.999944629111869876e-01 2.608347347362104801e-03 1.460949106072931269e-02 -2.024733358437398600e-03 -2.604163658420565516e-03 9.999945593863190929e-01 3.831923037458466741e+00
9.999915597457100791e-01 -3.956426910485187111e-03 1.107759034588733831e-03 3.664698794530613785e-02 3.953057367894603942e-03 9.999876035117953865e-01 3.027562765269922219e-03 -4.333435735777449449e-03 -1.119723739278468723e-03 -3.023158534738295926e-03 9.999948033607334308e-01 4.775235326916050127e+00
9.999807312514217283e-01 -6.179683595229234008e-03 5.904642165597882939e-04 3.035244322908133702e-02 6.179206741578489176e-03 9.999805837653010787e-01 8.059034823119354653e-04 -8.410603882002321008e-03 -5.954330274257940876e-04 -8.022394495804082218e-04 9.999995009378499500e-01 5.731906035891621620e+00
9.999881971378536960e-01 -4.830778930816828978e-03 -5.188154070783151202e-04 2.078036147931767649e-02 4.830063476930522744e-03 9.999873947681036102e-01 -1.371418687729177976e-03 -2.301229209475150195e-02 5.254339545669171104e-04 1.368896749449361600e-03 9.999989250163331400e-01 6.652086338939370513e+00
9.999851790629615822e-01 -5.237203911682254166e-03 -1.487736654274363123e-03 1.007008273124140700e-02 5.233579524647550586e-03 9.999833530329941267e-01 -2.429671549564951273e-03 -1.450792462781376468e-02 1.500436743751815518e-03 2.421849634688758371e-03 9.999959416525585620e-01 7.572627415979257925e+00
9.999834607636417516e-01 -5.391336505498602223e-03 -2.002923127032985463e-03 7.879493048960618112e-03 5.388516521062046254e-03 9.999844868653011698e-01 -1.410643482726125619e-03 -6.407091354687852180e-03 2.010497535098236099e-03 1.399827529226758526e-03 9.999969991828769889e-01 8.489533260314455987e+00
9.999824103876064907e-01 -5.178618758666153621e-03 -2.891510685838914654e-03 -8.354322122365363465e-03 5.181801490508088776e-03 9.999859755810818207e-01 1.094330339267078752e-03 1.565506957949200362e-03 2.885803335251963496e-03 -1.109294460455593177e-03 9.999952207933707760e-01 9.415264764864000213e+00
9.999638838036262189e-01 -7.559970716867058828e-03 -3.883033180956136504e-03 -2.989416369837265795e-03 7.570070146035276677e-03 9.999679850452440899e-01 2.592854402186169256e-03 -2.340867817642186544e-03 3.863307394573615820e-03 -2.622155908031366389e-03 9.999890995242901592e-01 1.036718270730204239e+01
9.999577483278716539e-01 -7.940432941604643954e-03 -4.631533210383717569e-03 -5.467683824932950166e-03 7.957613961220471807e-03 9.999614811910881862e-01 3.703036368909017311e-03 -9.891784103537595851e-03 4.601951609885092907e-03 -3.739736312079560560e-03 9.999824180621328384e-01 1.127430915947242873e+01
9.999487186500545244e-01 -8.683990979050308645e-03 -5.210411517801790023e-03 -1.278053205657725053e-02 8.703033092548398408e-03 9.999554912554917685e-01 3.643169771684418110e-03 3.055963577212619797e-03 5.178542931215214702e-03 -3.688329772913214941e-03 9.999797892638598862e-01 1.215836817755645960e+01
9.999308697147073488e-01 -1.015735764735055564e-02 -5.923166149204319580e-03 -2.735935769179865043e-02 1.017442962736017989e-02 9.999441511674123095e-01 2.859281791408514219e-03 -4.848354152812900386e-03 5.893793254253382706e-03 -2.919349319868360434e-03 9.999783700741158299e-01 1.306471084186567744e+01
9.999328766555819481e-01 -9.069760477169374821e-03 -7.209829747894497265e-03 -2.494627823744135706e-02 9.074847744842465952e-03 9.999585960939524343e-01 6.732124499363628710e-04 -1.578456294429694817e-03 7.203426146229068537e-03 -7.385954660373237344e-04 9.999737822227623418e-01 1.397682062911005474e+01
9.999225456848581661e-01 -8.802206304907198367e-03 -8.799080057654744616e-03 -4.503989017791425187e-02 8.794161251278079933e-03 9.999608768969171502e-01 -9.525707159783163708e-04 4.977372768512108858e-03 8.807121491647855460e-03 8.751164987331000672e-04 9.999608336230119132e-01 1.486990276600875838e+01
9.998920046844586018e-01 -1.028626992428829934e-02 -1.049626763794368582e-02 -6.551241037390773125e-02 1.027597486202085075e-02 9.999466658696647414e-01 -1.034283147107197508e-03 -5.332269522853233523e-03 1.050634788588571990e-02 9.263121633208208335e-04 9.999443777530012678e-01 1.576374459084525270e+01
9.998924631846465294e-01 -8.934818147428354868e-03 -1.162889082082057234e-02 -7.961103632234201033e-02 8.915351853962749651e-03 9.999587700695535819e-01 -1.724718311000783587e-03 -1.373084643039965136e-03 1.164382266535040310e-02 1.620857364906802545e-03 9.999308947190722607e-01 1.665284684299746942e+01
9.998855545177969262e-01 -7.041170407935874558e-03 -1.339028711938838358e-02 -8.839194968909512562e-02 7.017463387355127834e-03 9.999737271980481124e-01 -1.816622275382431644e-03 1.233139204083674723e-03 1.340272790649726063e-02 1.722448710653460896e-03 9.999086958601008934e-01 1.754364486675906676e+01
9.998680039268855735e-01 -7.095043652790496667e-03 -1.461626078362529384e-02 -1.107727044916722858e-01 7.075042431391532008e-03 9.999739638082275617e-01 -1.419673738598013898e-03 -2.825488068904119521e-03 1.462595444998215054e-02 1.316075821929017569e-03 9.998921688897886018e-01 1.845018322951517575e+01
9.998500490545276786e-01 -7.209231564188538742e-03 -1.574504314652018164e-02 -1.245013496201818476e-01 7.199364268767942561e-03 9.999738507936644094e-01 -6.832806829592132482e-04 -2.577583440082853450e-03 1.574955904619294161e-02 5.698239739626449188e-04 9.998758056395005145e-01 1.933439490201900668e+01
9.998316642737002935e-01 -6.469811769352527657e-03 -1.716929362671091447e-02 -1.399482411488870981e-01 6.468437209245725406e-03 9.999790702428067446e-01 -1.355899347566120994e-04 -2.038903079785742145e-03 1.716981335989910956e-02 2.450859751996635645e-05 9.998525875987910316e-01 2.022972279777643578e+01
9.997979521837637717e-01 -6.719420524001916764e-03 -1.894476666728655070e-02 -1.632981937700777042e-01 6.713031495733270786e-03 9.999773870154161637e-01 -4.008179394435095106e-04 -5.491504564698962421e-03 1.894703356409344758e-02 2.735601526871217926e-04 9.998204514350551575e-01 2.111588707421265809e+01
9.997701519683523941e-01 -6.712246712328254379e-03 -2.036145769195397276e-02 -1.824954395392194562e-01 6.701199069811830493e-03 9.999773601921402300e-01 -6.107571599940153986e-04 -9.738120718358139749e-03 2.036509844592295990e-02 4.741706327562821531e-04 9.997924974489881267e-01 2.198482864005717019e+01
9.997523346372494402e-01 -6.315771560733028124e-03 -2.133964373180194385e-02 -2.122721822178228746e-01 6.306139105798609992e-03 9.999799816005757735e-01 -5.186503174470299829e-04 -9.947879223268910054e-03 2.134249450689017918e-02 3.839511279458146390e-04 9.997721493128598480e-01 2.281951359559420212e+01
9.997277690711980913e-01 -6.493284050246185025e-03 -2.241037670051844108e-02 -2.307202106306308342e-01 6.514951765350003587e-03 9.999783778539815815e-01 8.939859340621714948e-04 2.376962248487393681e-03 2.240408963380969773e-02 -1.039745231994936188e-03 9.997484562333700531e-01 2.368929046434960739e+01
9.996821656595710204e-01 -7.871597799785102004e-03 -2.395006430032527167e-02 -2.343422921597974329e-01 7.966941381518698531e-03 9.999607043878421253e-01 3.888121429800081835e-03 5.237440857457170695e-03 2.391852000554670066e-02 -4.077694916063772344e-03 9.997055950989450768e-01 2.455384110178545498e+01
9.996746897517699848e-01 -7.528561679398399972e-03 -2.436873808648191281e-02 -2.865204221707354781e-01 7.658892758922451402e-03 9.999568391740790707e-01 5.259382659476188882e-03 -2.848119681880756371e-03 2.432809333463686191e-02 -5.444309948340355504e-03 9.996892034234617919e-01 2.537011408165941972e+01
9.996708041669404299e-01 -7.134092728172492653e-03 -2.464524259046552493e-02 -3.084051485133313952e-01 7.255257701290010637e-03 9.999620132573894260e-01 4.830448911232845463e-03 2.538554803450263075e-03 2.460984816581148274e-02 -5.007666950411542028e-03 9.996845896186594693e-01 2.618572255981821684e+01
9.996566889810585277e-01 -5.822243499384208848e-03 -2.554614676530170964e-02 -3.334149352280956213e-01 5.881543129620300098e-03 9.999801795721541264e-01 2.246750990436155882e-03 -1.660310940454545747e-03 2.553256202885247073e-02 -2.396230728259166574e-03 9.996711191283312870e-01 2.701274866068869329e+01
9.996348792535213468e-01 -5.200819663129398369e-03 -2.651527120823277475e-02 -3.574396265505326853e-01 5.220626817555727023e-03 9.999861426929107511e-01 6.778379812800175647e-04 -5.725565746246233378e-03 2.651138129622487849e-02 -8.160169464420975738e-04 9.996481785303015233e-01 2.781291117982940264e+01
9.996298605130049530e-01 -4.552805338227683754e-03 -2.682189188326046525e-02 -3.829080103991642225e-01 4.562920484071219564e-03 9.999895399126301765e-01 3.159298834926285065e-04 1.167114035097172042e-03 2.682017581882321575e-02 -4.381991825416371982e-04 9.996401783696571286e-01 2.860414620802245977e+01
9.995883236038766162e-01 -4.928355092154578822e-03 -2.826472313607330741e-02 -4.106294364977055023e-01 4.934996994289448172e-03 9.999878091714430317e-01 1.652359328573537681e-04 -7.334025478409542109e-03 2.826356724069132784e-02 -3.046542956948872639e-04 9.996004591934520844e-01 2.939596933371290532e+01
9.995372735991611135e-01 -4.300762328828980179e-03 -3.011215802706629363e-02 -4.323965569586622482e-01 4.288558067960002683e-03 9.999906937014605424e-01 -4.698663362390249486e-04 -6.207060803891467637e-03 3.011390178854514085e-02 3.405111905315745058e-04 9.995464156532672950e-01 3.016470463925118750e+01
9.994864199552515593e-01 -4.453090761702172516e-03 -3.173430683163501465e-02 -4.578973534106826615e-01 4.432191829620657150e-03 9.999899121556434789e-01 -7.288742901764205589e-04 -5.602958445073857874e-03 3.173723582767620094e-02 5.878474593554871988e-04 9.994960742193058634e-01 3.093014441544324811e+01
9.994094962779068725e-01 -4.255922566254682557e-03 -3.409612558216864459e-02 -4.841694291854663490e-01 4.255895537888853240e-03 9.999909409401208649e-01 -7.336995902954923741e-05 -1.459587855030325398e-02 3.409613259445896244e-02 -7.178295492923034702e-05 9.994185553060117577e-01 3.167489633907676350e+01
9.993294032601238719e-01 -4.546480789799249751e-03 -3.633281140382433466e-02 -5.008965080622542754e-01 4.612559221276062160e-03 9.999878568102126275e-01 1.735082603010825071e-03 -1.985795607873758195e-02 3.632448556154860286e-02 -1.901506564913242560e-03 9.993382391097962447e-01 3.244960324286632414e+01
9.992656157769398417e-01 -3.655185619775612807e-03 -3.814274009081774358e-02 -5.254671686998064750e-01 3.787347252045409653e-03 9.999870708664300167e-01 3.393239614363588365e-03 -5.382039145778935718e-03 3.812984808255132085e-02 -3.535207927359609523e-03 9.992665395870032885e-01 3.319468223882030600e+01
9.992079075091968576e-01 -2.855062667827435504e-03 -3.969138511956583903e-02 -5.958610282370777611e-01 3.011472475664345866e-03 9.999879327317402478e-01 3.881416925579758183e-03 -2.009871273871653707e-02 3.967982869255678308e-02 -3.997872506672338171e-03 9.992044477347837850e-01 3.388496294439821099e+01
9.991190418235389448e-01 -9.590954709443214954e-04 -4.195497878235694700e-02 -6.376501018884240812e-01 1.108337123019821797e-03 9.999931409440574459e-01 3.534067381595526990e-03 -2.660126581607348550e-02 4.195130596713298604e-02 -3.577454736489358959e-03 9.991132518005784169e-01 3.465540114080238254e+01
9.990388258423650303e-01 1.051680202991356079e-03 -4.382143599175652993e-02 -6.666367975408747926e-01 -9.282735860093528808e-04 9.999955466255355807e-01 2.836375092789569785e-03 -2.887803675457881192e-02 4.382422845553481106e-02 -2.792970928847407931e-03 9.990353529796260901e-01 3.533460343699401562e+01
9.989786302281302710e-01 2.031300651336732585e-03 -4.513945033125032341e-02 -6.856077086353893346e-01 -1.878396675616554948e-03 9.999923549585835181e-01 3.429524023218063523e-03 -1.698415668971563208e-02 4.514607642875496235e-02 -3.341231851222528724e-03 9.989748085698055835e-01 3.602522728162629306e+01
9.989067910182596322e-01 3.344364620787176716e-03 -4.662657909815636631e-02 -7.291482160257704015e-01 -3.107106830047377290e-03 9.999818599108163397e-01 5.160010936289580186e-03 -2.074964118335226315e-02 4.664299519947920358e-02 -5.009496835300345820e-03 9.988990620519959673e-01 3.674953371549177916e+01
9.989109471441099952e-01 6.003284297066086364e-03 -4.626964499649902779e-02 -7.799743608631394265e-01 -5.725914359054261500e-03 9.999648494428595713e-01 6.124847614008141310e-03 -2.450604727312617748e-02 4.630479270602815001e-02 -5.853242036878468849e-03 9.989102091582058307e-01 3.742340521802609032e+01
9.989182545267458746e-01 8.509614112330610505e-03 -4.571550105933558372e-02 -8.112867904656052565e-01 -8.313572013118926060e-03 9.999554207327975286e-01 4.476723918448045209e-03 -1.600721512398638191e-02 4.575156313369038719e-02 -4.091822653193215829e-03 9.989444687631168218e-01 3.808896695806838295e+01
9.989949277061419552e-01 1.029626426870667959e-02 -4.362477703726069106e-02 -8.661910076956140792e-01 -1.024501906166476461e-02 9.999465410355541373e-01 1.398093645917770867e-03 -1.263449699275720484e-02 4.363684465583810013e-02 -9.497519352806773219e-04 9.990470078716598978e-01 3.875761892950485077e+01
9.990725337096721947e-01 1.093951416763251465e-02 -4.164611919907774962e-02 -8.902084357585970942e-01 -1.096397634043609105e-02 9.999398293625871847e-01 -3.590233147388285136e-04 -2.937802941302250503e-02 4.163969018154180940e-02 8.152974620120953400e-04 9.991323594216072745e-01 3.935214345508624234e+01
9.992006707590868064e-01 1.172045799459260455e-02 -3.821845460122634541e-02 -9.122719778095316201e-01 -1.173810350870576301e-02 9.999310779322918563e-01 -2.373445006093010659e-04 -2.094935192108247912e-02 3.821304275070622203e-02 6.857670117321380430e-04 9.992693797034876146e-01 4.000460939213120071e+01
9.992393281803367833e-01 1.649340590158885136e-02 -3.533740860097132203e-02 -9.396823522164831077e-01 -1.640684975057473544e-02 9.998616497242102108e-01 2.738011036742492126e-03 -2.514149610702014204e-02 3.537768250827144634e-02 -2.156153036240786042e-03 9.993716879644314321e-01 4.065842301503283096e+01
9.992879043280740170e-01 2.083814944357422969e-02 -3.145561440705903905e-02 -9.823557010027598180e-01 -2.066216859742714060e-02 9.997690506766327978e-01 5.909322900658947435e-03 -7.499088502765580144e-03 3.157149241564140979e-02 -5.255174332056285723e-03 9.994876808264764323e-01 4.125957093220932137e+01
9.993150975612211662e-01 2.541148425829675706e-02 -2.689966839439631927e-02 -9.918687386732545352e-01 -2.522835070741372490e-02 9.996563183818685250e-01 7.125688519712927022e-03 -2.035589361301617939e-02 2.707150061351880008e-02 -6.442174628241639431e-03 9.996127411841911892e-01 4.186217293766348035e+01
9.993251042860933353e-01 2.974784506189386002e-02 -2.154997870148273736e-02 -1.032706107308701604e+00 -2.959649633252919854e-02 9.995352091758715751e-01 7.308421420311272607e-03 -8.730819370755565911e-03 2.175737450060337419e-02 -6.665685931229889394e-03 9.997410591551011416e-01 4.245540667141867175e+01
9.993433296597813431e-01 3.252269408909642251e-02 -1.597447253352789198e-02 -1.038577846142126671e+00 -3.238315730953775923e-02 9.994357465831068543e-01 8.917374474200975842e-03 1.149771762470899739e-03 1.625547757817790914e-02 -8.394215839580212654e-03 9.998326343229294588e-01 4.302891810066297751e+01
9.992485574470324483e-01 3.767092389424314680e-02 -9.122602674646962048e-03 -1.052595774602296252e+00 -3.757617561360369896e-02 9.992402292256719054e-01 1.034385378398299145e-02 1.672599172983434135e-02 9.505335040626080798e-03 -9.993289631435239850e-03 9.999048868936011303e-01 4.355283720607690157e+01
9.991291547203702272e-01 4.168337473761709461e-02 -1.851594830124276853e-03 -1.039031143300733984e+00 -4.166318184305969896e-02 9.990830739554492634e-01 9.858529786288093219e-03 2.990491726355862245e-03 2.260833989779825227e-03 -9.772802345925205719e-03 9.999496892462643727e-01 4.408838300393112064e+01
9.989961493812158366e-01 4.446320294002856222e-02 5.451333722282927091e-03 -1.047507021810770933e+00 -4.451525378140560457e-02 9.989603320886923932e-01 9.830925270086120910e-03 -4.505063702590947350e-03 -5.008552355939117039e-03 -1.006372516665696507e-02 9.999368159578353454e-01 4.460769270874018844e+01
9.987130167083950738e-01 4.912609570516095203e-02 1.260701739732732370e-02 -1.067018995820123273e+00 -4.924917195883906501e-02 9.987399522936755147e-01 9.645037907191600021e-03 -5.423992063809460196e-03 -1.211731030175797023e-02 -1.025351125982295816e-02 9.998740102561862741e-01 4.508300984472133166e+01
9.983460807522168690e-01 5.381166670759025134e-02 2.023381935031299747e-02 -1.051322952852798975e+00 -5.396572060239239466e-02 9.985172186769001312e-01 7.145979877760894571e-03 1.426800551684162532e-03 -1.981928216888069472e-02 -8.226094585252675950e-03 9.997697372528948634e-01 4.558144345647643547e+01
9.980846589811871450e-01 5.522293019682498333e-02 2.788263459961608931e-02 -1.047524216543035180e+00 -5.536139168472489075e-02 9.984574727115380632e-01 4.218001821519331597e-03 -1.340884646368493971e-02 -2.760669752361342294e-02 -5.753545003885794130e-03 9.996023044712577521e-01 4.600533421377959087e+01
9.977663684865761828e-01 5.637583320311297802e-02 3.583349146917737260e-02 -1.028107699285823351e+00 -5.653452393674925081e-02 9.983947527465143468e-01 3.430063973914200277e-03 3.867102003902514462e-03 -3.558260106072756029e-02 -5.448232450785167776e-03 9.993518877024324398e-01 4.644359489846213762e+01
9.974906195902581985e-01 5.558195689089990427e-02 4.385327337467748166e-02 -1.002720939539596845e+00 -5.583879860963997938e-02 9.984289556564948098e-01 4.652861084322430438e-03 -9.936804878572402799e-03 -4.352576757401488416e-02 -7.089900167048758181e-03 9.990271473513140377e-01 4.684779040793194582e+01
9.970353993159793982e-01 5.664175448700048410e-02 5.207805444724317168e-02 -9.983868899582867273e-01 -5.698603280807092858e-02 9.983616994858266480e-01 5.148699042590871439e-03 -2.263879987231848245e-03 -5.170110922818349497e-02 -8.101157816887971652e-03 9.986297446570425729e-01 4.718969758635682865e+01
9.963643672708876187e-01 5.940961996456182309e-02 6.106180610985990215e-02 -9.553187628225985328e-01 -5.985704933023527213e-02 9.981916801668297978e-01 5.522981747505249263e-03 -5.126271190031422842e-03 -6.062327517405412952e-02 -9.157882761430114274e-03 9.981187064560341771e-01 4.756732696476990441e+01
9.954646811077594304e-01 6.471531031659286115e-02 6.972801891609863023e-02 -9.538713265429621391e-01 -6.521244601713196976e-02 9.978594964302829329e-01 4.874660031071427826e-03 -1.720395881403935512e-03 -6.926330822363691020e-02 -9.399687587620551496e-03 9.975541291683418521e-01 4.788558171121440665e+01
9.945350601078417618e-01 6.852751231257861453e-02 7.876543317260427390e-02 -9.137502570918134559e-01 -6.911360354265295991e-02 9.975975547679507560e-01 4.735881137871469394e-03 4.970864538880903627e-03 -7.825167386223542965e-02 -1.015376385664797446e-02 9.968819275035424310e-01 4.820445698924947919e+01
9.937731389360231482e-01 6.811976467649596967e-02 8.817394742116813067e-02 -8.824671742903452687e-01 -6.884992868654947473e-02 9.976131468740856434e-01 5.262750643422463813e-03 -2.909538038827361173e-03 -8.760500129801161717e-02 -1.130075144679820037e-02 9.960911894548867274e-01 4.850254822094192519e+01
9.928309884129048468e-01 6.729901831274945345e-02 9.877990369787692515e-02 -8.478751662213120932e-01 -6.797455592636608701e-02 9.976809666181195579e-01 3.485490723827888628e-03 -1.016280678822814587e-02 -9.831627031105844017e-02 -1.017502437181834127e-02 9.951032011941027822e-01 4.874586713406257843e+01
9.917140648453398599e-01 6.615629563302548310e-02 1.101206459626346557e-01 -8.152551001241213902e-01 -6.652553290170458433e-02 9.977846711716032990e-01 -3.217425702276193247e-04 -1.994694421544797314e-02 -1.098979896590443484e-01 -7.006758718777260884e-03 9.939181750017537231e-01 4.902129940444400802e+01
9.900759467679850490e-01 6.701659954241311057e-02 1.235248687578655857e-01 -7.807088719488042283e-01 -6.700073746547238751e-02 9.977437153188813967e-01 -4.287168025802669952e-03 -2.197168600035087627e-02 -1.235334862059590949e-01 -4.031635686127165059e-03 9.923322152516137473e-01 4.926948573531831244e+01
9.879613006063723279e-01 6.890901267962448729e-02 1.385063689021832634e-01 -7.137828798357085391e-01 -6.859523988202127776e-02 9.976197094354529726e-01 -7.043330942807366456e-03 -1.915766535990254260e-02 -1.386620473880360582e-01 -2.542339331808086880e-03 9.903364959824402236e-01 4.954660788485603007e+01
9.854529665696782903e-01 6.976811504241728357e-02 1.549672804910461610e-01 -6.781586704255553322e-01 -6.927911000235238703e-02 9.975605849991721064e-01 -8.560623669155789650e-03 -1.255383383162206323e-02 -1.551865262250529953e-01 -2.299903361794761094e-03 9.878825108271592770e-01 4.979558519155294505e+01
9.825899864429112895e-01 7.052426930705528452e-02 1.718814783397579760e-01 -6.345331056547532933e-01 -6.994116176372586202e-02 9.975063214116353105e-01 -9.453715768903629690e-03 -2.338192590453307129e-02 -1.721195960408103409e-01 -2.732463940184354928e-03 9.850722722609024373e-01 5.004634087546273946e+01
9.793081462612658328e-01 7.002492395605040831e-02 1.898738017682158885e-01 -5.667179415058523073e-01 -6.919034558939710089e-02 9.975425061149554296e-01 -1.102926479496948130e-02 -2.915804124332724290e-02 -1.901795318741981711e-01 -2.336385138510867123e-03 9.817465512764222968e-01 5.027624505241345787e+01
9.754690986864121838e-01 6.932765729164455659e-02 2.089346991850706547e-01 -4.850456410550669228e-01 -6.833173043120040202e-02 9.975906046980687059e-01 -1.199000197062344807e-02 -3.307466094586315741e-02 -2.092625540597591316e-01 -2.580993165270542653e-03 9.778560869313269732e-01 5.055327328801368481e+01
9.709137704789667644e-01 6.976818946376189823e-02 2.290389577321092496e-01 -4.289047472382342407e-01 -6.862588849510826983e-02 9.975583006468815572e-01 -1.295856294613409627e-02 -3.837513633147852932e-02 -2.293838334803116052e-01 -3.136354838291810151e-03 9.733309950759779783e-01 5.076122178097891435e+01
9.655523703380404221e-01 7.145069516274780985e-02 2.502067371611926827e-01 -3.591119278736384368e-01 -6.982931344827873754e-02 9.974406449657996498e-01 -1.536316609803103396e-02 -3.640342137580593329e-02 -2.506641049998105664e-01 -2.637823216008359280e-03 9.680705321456818391e-01 5.099723541406478944e+01
9.592652086503573594e-01 7.243967188420778747e-02 2.730617972952769645e-01 -2.669594018496888044e-01 -7.033293272415498676e-02 9.973698870170089048e-01 -1.750963070812056738e-02 -4.075659660536852524e-02 -2.736120350739354445e-01 -2.408857381655984953e-03 9.618371274886131639e-01 5.126673598404107679e+01
9.520534282031070106e-01 7.406890669529930804e-02 2.968300139401942039e-01 -1.851170223048467789e-01 -7.182948538640861191e-02 9.972460886898254495e-01 -1.845978722155592472e-02 -5.741744632762960099e-02 -2.973798984469461781e-01 -3.746443476036616285e-03 9.547518891160193810e-01 5.147255833926653423e+01
9.434242896355485852e-01 7.647353513194758701e-02 3.226490302035081581e-01 -8.298662940974171898e-02 -7.390710027610793154e-02 9.970601875763086541e-01 -2.021689892700997276e-02 -5.987843151693220123e-02 -3.232465948416494150e-01 -4.772940831847809207e-03 9.463027365990035467e-01 5.174012229368302229e+01
9.334860136621621063e-01 7.876313656043687494e-02 3.498574240814861791e-01 3.358362939912178102e-02 -7.612952229724440079e-02 9.968704768134899474e-01 -2.129667616530420138e-02 -5.856254858384581097e-02 -3.504399676029498756e-01 -6.754329525413409717e-03 9.365608477014246702e-01 5.197942149324880035e+01
9.222408916670508106e-01 7.971822436113150390e-02 3.783077144103524359e-01 1.349555756048540778e-01 -7.665178574077223528e-02 9.967883396065054802e-01 -2.318425953021386460e-02 -5.496753170390669685e-02 -3.789409669687079374e-01 -7.616490030314087244e-03 9.253895115945605099e-01 5.219399081379955874e+01
9.096160024267154753e-01 7.852981359740431044e-02 4.079605107670753461e-01 2.789350123061594133e-01 -7.472321336846585171e-02 9.968836760986309331e-01 -2.528592163865468409e-02 -8.163957232670639164e-02 -4.086749160029695127e-01 -7.483641601150219959e-03 9.126493445883109290e-01 5.242441463777552713e+01
8.944861628063193182e-01 7.547053889107219193e-02 4.406797943814506624e-01 4.189958687315802344e-01 -7.018581978618949890e-02 9.971322498728847350e-01 -2.830595487047378456e-02 -9.624825470896389290e-02 -4.415523476105888689e-01 -5.610187652507546245e-03 8.972179618848333815e-01 5.268160107766449585e+01
8.774001709819188033e-01 7.525377389648796322e-02 4.738204143961281534e-01 5.756258613749521968e-01 -6.794830078949862240e-02 9.971577802764726162e-01 -3.254826817131518946e-02 -1.045977407367957857e-01 -4.749231433226994148e-01 -3.637435648612564326e-03 8.800197732256217487e-01 5.288933945729996822e+01
8.576114146520760206e-01 7.714583439188771319e-02 5.084792558904901449e-01 7.526811704349996024e-01 -6.728328977589230486e-02 9.970181813905226731e-01 -3.778498356642980699e-02 -1.149766998819931330e-01 -5.098780714222830301e-01 -1.807323280789782487e-03 8.602447987632972914e-01 5.312786717392548752e+01
8.360414881792034292e-01 7.909908687807090666e-02 5.429345564591810946e-01 9.462420931629572651e-01 -6.663259185706225940e-02 9.968666128751249023e-01 -4.262691526105984174e-02 -1.213991816567111803e-01 -5.446051404287614028e-01 -5.392661681825287184e-04 8.386924239814114168e-01 5.333013589026226242e+01
8.113580561556974491e-01 8.215292819016879744e-02 5.787477558508170583e-01 1.129955958509798464e+00 -6.771474847158485966e-02 9.966187091309456347e-01 -4.653881708194883282e-02 -1.328154804067485095e-01 -5.806142033198332664e-01 -1.430113696151584079e-03 8.141775837192880561e-01 5.355495821889232388e+01
7.838401765717497582e-01 8.602231516741032369e-02 6.149753637842234610e-01 1.353942012302014719e+00 -7.005015834682337683e-02 9.962858542789424510e-01 -5.007466327923866534e-02 -1.504845017418119657e-01 -6.169988598787917722e-01 -3.828588030305177161e-03 7.869547570364971989e-01 5.383349355874236153e+01
7.538248819361380582e-01 9.032456254093836068e-02 6.508375182026567840e-01 1.567099145241865887e+00 -7.321612695092712120e-02 9.958849595957977030e-01 -5.340923145277442358e-02 -1.444636556679061157e-01 -6.529835305583105987e-01 -7.390594400088449679e-03 7.573360770558807964e-01 5.403573791462862630e+01
7.208755627744306560e-01 9.181343811701651869e-02 6.869560864765933417e-01 1.815799945172281049e+00 -7.301926124476687541e-02 9.957312676533235374e-01 -5.645732972321234472e-02 -1.681783902007695231e-01 -6.892072697784914492e-01 -9.462316370744423139e-03 7.245024877163814825e-01 5.427595758721682273e+01
6.843204214021698650e-01 9.001774368002919691e-02 7.236036970239583255e-01 2.119843498438590323e+00 -6.986936578247253393e-02 9.958794682339375814e-01 -5.781311648898460748e-02 -2.068803960858934532e-01 -7.258263486081134586e-01 -1.099503497110156450e-02 6.877901404042168210e-01 5.453069941453085789e+01
6.454561000988912056e-01 8.914521150255760862e-02 7.585772816736288116e-01 2.420080769320003711e+00 -6.774928343875478987e-02 9.959330386825699932e-01 -5.939206178146852477e-02 -2.348998606854507398e-01 -7.607867761322162359e-01 -1.305809862602066475e-02 6.488705797105887019e-01 5.469626766691870046e+01
6.035231425289125928e-01 8.862268078259684378e-02 7.924050539139176896e-01 2.771459917615161750e+00 -6.482814879307106926e-02 9.959676712683078748e-01 -6.201377940347185119e-02 -2.336362829238992078e-01 -7.947057282308205295e-01 -1.394340161508412536e-02 6.068347835776115584e-01 5.494149986959111231e+01
5.576303273092922952e-01 8.856095750286681334e-02 8.253516231264709235e-01 3.125853720107508948e+00 -6.161607480962671968e-02 9.959655630991011144e-01 -6.523845749141969630e-02 -2.741880940718355308e-01 -8.277994624583857597e-01 -1.447598476817095296e-02 5.608373819585310560e-01 5.512203575214669371e+01
5.094761102490891203e-01 8.753237276886506602e-02 8.560210851743554894e-01 3.492876784288482916e+00 -5.790063480398285889e-02 9.960452362801291981e-01 -6.738993722180687540e-02 -2.962922055983125413e-01 -8.585346165201931390e-01 -1.523060090788217608e-02 5.125294330148709721e-01 5.530032412453267199e+01
4.608996969799112886e-01 8.556170827961913361e-02 8.833179381381429662e-01 3.934441480143632486e+00 -5.531769724813754424e-02 9.961757711538671289e-01 -6.762976563069546254e-02 -3.215224519661162295e-01 -8.857265407287819858e-01 -1.769257568959368976e-02 4.638701882159284584e-01 5.548932626793313716e+01
4.113532009413493062e-01 8.343357861393353725e-02 9.076493231793625327e-01 4.313160863633686226e+00 -5.495018582367992149e-02 9.962604600452912296e-01 -6.667512805121762753e-02 -3.610787592062142948e-01 -9.098181736153454491e-01 -2.244847193995386930e-02 4.143996203683987800e-01 5.563368159652237210e+01
3.611121300995480121e-01 8.300138979264667927e-02 9.288211380640672976e-01 4.757393112813727676e+00 -5.686708091908367069e-02 9.961372802557392214e-01 -6.690780121257598745e-02 -3.691876212175784766e-01 -9.307869018383977400e-01 -2.865812910629681604e-02 3.644373024326411081e-01 5.578160639513941987e+01
3.116930253690964325e-01 8.373660576146120527e-02 9.464858916137208755e-01 5.235440621972320407e+00 -5.572307073384854398e-02 9.960057635691967892e-01 -6.976717109851746090e-02 -3.879120472371677120e-01 -9.485475702026066047e-01 -3.099516069608097141e-02 3.151141110867576867e-01 5.590428358254750663e+01
2.645076300820805026e-01 8.068235781685657859e-02 9.610025869341388693e-01 5.736830124050245061e+00 -4.552473510853032035e-02 9.964278978026820388e-01 -7.112624544024789830e-02 -4.510770797885133576e-01 -9.633085231318077035e-01 -2.493595377972949653e-02 2.672358253032104947e-01 5.599249528286188138e+01
2.207140612500432808e-01 7.521918632830335016e-02 9.724336873032783934e-01 6.204824192464818644e+00 -3.161518130843209151e-02 9.970495589977330653e-01 -6.994753056263218471e-02 -4.705042944374995262e-01 -9.748260790775717943e-01 -1.530526271605244827e-02 2.224409261742830990e-01 5.605551872547486170e+01
1.786017205313857048e-01 7.340195867691423626e-02 9.811796344876227982e-01 6.754693810350123506e+00 -2.189899460913746765e-02 9.972629550318210523e-01 -7.061892349756176968e-02 -5.324384879818971905e-01 -9.836777735951157675e-01 -8.874184337276776191e-03 1.797203092030104365e-01 5.612243403838595412e+01
1.398714326711111289e-01 7.564628804039282006e-02 9.872758061561176524e-01 7.267039545741640794e+00 -1.804989942959562763e-02 9.971065701743129228e-01 -7.384232256268376260e-02 -5.276239246401576155e-01 -9.900051957430481275e-01 -7.491795343585032699e-03 1.408321328947605977e-01 5.618139671134606061e+01
1.068844375931908008e-01 7.596748838230905909e-02 9.913649947755325265e-01 7.780684154384362117e+00 -9.782584069762388992e-03 9.971089398843262508e-01 -7.535292148428709980e-02 -5.830501796296961858e-01 -9.942233768475920996e-01 -1.644053772852143748e-03 1.073185870919405455e-01 5.621186984193852965e+01
7.765911002678349551e-02 7.458357393739799279e-02 9.941862238623081494e-01 8.364102834876709025e+00 -1.658935235219805493e-03 9.972061298590579881e-01 -7.468053444568860388e-02 -6.248006443565063961e-01 -9.969786437779908361e-01 4.150337045547751805e-03 7.756587035743506275e-02 5.624733527027467517e+01
5.236827129092468114e-02 7.324817649410758635e-02 9.959378309137922880e-01 8.913179454765089105e+00 4.553379977987336708e-03 9.972784658611048014e-01 -7.358619423870677023e-02 -6.572839637804033242e-01 -9.986175127706754528e-01 8.388469490424972294e-03 5.189222294630687488e-02 5.623229171125216652e+01
3.267389945979631144e-02 7.216236121100497170e-02 9.968575143851273745e-01 9.491396082410924251e+00 1.070731686775002259e-02 9.973075990658701873e-01 -7.254588846780017641e-02 -6.868978449782265905e-01 -9.994087630837030778e-01 1.304403127498182484e-02 3.181326342017429254e-02 5.623191304240762634e+01
1.629057651146180105e-02 7.336762104847095733e-02 9.971718524450858823e-01 1.005774936010403131e+01 1.253157948184004285e-02 9.972109340314557757e-01 -7.357521505245966098e-02 -7.331609062493112949e-01 -9.997888190930286356e-01 1.369472604571001818e-02 1.532572930555165490e-02 5.621884119149262915e+01
2.715029377354392405e-03 7.389361911635031199e-02 9.972623805547149445e-01 1.066011731507302862e+01 1.379247156814876127e-02 9.971684809879415301e-01 -7.392420409756034205e-02 -7.685827503952239459e-01 -9.999012463840682985e-01 1.395542453065804454e-02 1.688166539061238631e-03 5.622388802143509423e+01
-8.939394997564784062e-03 7.460677859396117051e-02 9.971729086930766206e-01 1.122976804989899158e+01 1.470731964556393906e-02 9.971147517787075643e-01 -7.447057287642312728e-02 -7.798769713682114357e-01 -9.998519331056194837e-01 1.400002399335756841e-02 -1.001086790635942469e-02 5.621901733785558974e+01
-1.760118422464749047e-02 7.728018738328021331e-02 9.968539838134160558e-01 1.186777186945761464e+01 1.885649473383991040e-02 9.968568208707748735e-01 -7.694745570282213176e-02 -8.394663558486775701e-01 -9.996673131762675579e-01 1.744281113267968919e-02 -1.900309355309954054e-02 5.621767182938400254e+01
-2.457360146534696976e-02 7.897351430514915060e-02 9.965737385171442586e-01 1.250860226078172666e+01 2.245502047000919391e-02 9.966669188362758947e-01 -7.842719282534443836e-02 -9.054067581738663995e-01 -9.994458545698664542e-01 2.045085107168079230e-02 -2.626504710593343880e-02 5.617353087623759222e+01
-2.922704760880465505e-02 7.871191239492682235e-02 9.964688197404083514e-01 1.312563403733994960e+01 2.343434917931156922e-02 9.966747015786697750e-01 -7.804082352134271428e-02 -9.277442928740978756e-01 -9.992981121681697720e-01 2.107070144254838059e-02 -3.097442096228619074e-02 5.614179161284116049e+01
-3.305110807023469571e-02 7.627951593879067627e-02 9.965384858995985917e-01 1.377503584313504170e+01 2.091127057743279172e-02 9.969177950158621959e-01 -7.561500119418015919e-02 -9.893262789520651523e-01 -9.992349318542103065e-01 1.833973206797162234e-02 -3.454433893360952385e-02 5.613685829033757813e+01
-3.556290029958087545e-02 6.996819612721004444e-02 9.969150544409677295e-01 1.444631085769123580e+01 1.937249592026938499e-02 9.974069394939237831e-01 -6.931163822248857798e-02 -1.010079068961060811e+00 -9.991797098330866822e-01 1.684781549835355843e-02 -3.682614167763662710e-02 5.612360565557268188e+01
-3.695591665632402129e-02 6.417347588425954819e-02 9.972541899053135594e-01 1.513727722642614282e+01 2.022146552368905836e-02 9.977796271383467808e-01 -6.345792150824458577e-02 -1.044678502057665881e+00 -9.991123353037157928e-01 1.782080123150566256e-02 -3.817154199588705665e-02 5.608876792340126372e+01
-3.712967065206485701e-02 6.192749685129292359e-02 9.973897266048107335e-01 1.582270359354595968e+01 2.371110842300765131e-02 9.978515988499776501e-01 -6.107347891891585362e-02 -1.083471195657513153e+00 -9.990291671704393250e-01 2.138158388145479372e-02 -3.851827034395245708e-02 5.605384353701475675e+01
-3.773061564717218597e-02 6.358155010454473455e-02 9.972630952745781263e-01 1.650872009591202172e+01 2.688481236395515866e-02 9.976771028257783724e-01 -6.259077533051418674e-02 -1.142082800700893186e+00 -9.989262802780084494e-01 2.444964916366403410e-02 -3.935234888954878413e-02 5.600549919521782272e+01
-3.598387802513028366e-02 7.036888133612990981e-02 9.968717446031059026e-01 1.721782846113935861e+01 2.827636616009546536e-02 9.971901312793890471e-01 -6.937066322201501656e-02 -1.177788639560257700e+00 -9.989523079499096347e-01 2.569169158217822491e-02 -3.787254386562789732e-02 5.599044124317411786e+01
-3.468412939516746923e-02 7.779913562728232868e-02 9.963654951234685031e-01 1.789206813286075004e+01 2.722339691478620899e-02 9.966690000587594689e-01 -7.687516252309717357e-02 -1.255725301041758835e+00 -9.990275290346840587e-01 2.445811171514666177e-02 -3.668655288586188806e-02 5.597654625193219857e+01
-3.243791878187578942e-02 7.940594627094511859e-02 9.963143938209614303e-01 1.861678584336408804e+01 2.763101241848641212e-02 9.965292738184756693e-01 -7.852345626120219024e-02 -1.295089345893471577e+00 -9.990917948458623021e-01 2.498204440188330974e-02 -3.451940191574669886e-02 5.593798588024404950e+01
-2.997162092738336198e-02 7.540652295048196063e-02 9.967022887385019736e-01 1.938453117286715255e+01 2.852868528601533796e-02 9.968086151564009567e-01 -7.455667993632010548e-02 -1.319622035432311158e+00 -9.991435942894208999e-01 2.620002801793012634e-02 -3.202721848563600676e-02 5.594028900970530316e+01
-2.737186347951738388e-02 6.945842581672150018e-02 9.972092068484899041e-01 2.010557792971065894e+01 2.811026907217316004e-02 9.972420053812270924e-01 -6.868911998353630088e-02 -1.364435289924805117e+00 -9.992300535093145974e-01 2.615167654476118278e-02 -2.924886662447275659e-02 5.591110406884296680e+01
-2.495624109468801144e-02 6.756164880567291919e-02 9.974028793095790490e-01 2.084953717373305793e+01 2.740692394907411067e-02 9.973849000306220791e-01 -6.687466979683152901e-02 -1.386791075355080505e+00 -9.993128401777172654e-01 2.566681104707946651e-02 -2.674263455225235619e-02 5.590360598410190107e+01
-2.137370903053492296e-02 7.255510191659271524e-02 9.971353046600297532e-01 2.157996177299327556e+01 3.281785144381670766e-02 9.968766395056369856e-01 -7.183281920135711762e-02 -1.475003037446518839e+00 -9.992328352952469794e-01 3.118851173677304051e-02 -2.368805336711593199e-02 5.588389367219903647e+01
-1.792985810855240308e-02 7.748534931426327710e-02 9.968321999849747428e-01 2.230798865923258134e+01 3.417673864155386376e-02 9.964573938212216708e-01 -7.684147609406669077e-02 -1.549569730301085801e+00 -9.992550108265102482e-01 3.269072419095243875e-02 -2.051453580983889427e-02 5.587794294765788550e+01
-1.537510929930218859e-02 7.856390852839470473e-02 9.967904556079879574e-01 2.304859682696800505e+01 2.953537810221694426e-02 9.965090138824616028e-01 -7.808614665987616277e-02 -1.581607957406669485e+00 -9.994455330122932191e-01 2.824000680823717316e-02 -1.764184933694823432e-02 5.586620837410950458e+01
-1.246274455682572571e-02 7.588397053346900012e-02 9.970387139263762188e-01 2.379680009418095921e+01 2.470831606670716857e-02 9.968351131023062139e-01 -7.555961922424093979e-02 -1.617769841585185553e+00 -9.996170692726887852e-01 2.369347374796739944e-02 -1.429826607738151831e-02 5.587155884350793400e+01
-7.743118832568588079e-03 7.204910706645822893e-02 9.973709762538165435e-01 2.450352683082927285e+01 2.951080420680183419e-02 9.969829618710029928e-01 -7.179196238276297493e-02 -1.653034607675685663e+00 -9.995345229475007809e-01 2.887733281338417807e-02 -9.845984212395188576e-03 5.585798917391973362e+01
-4.295122088465358479e-03 7.272898391392723649e-02 9.973424390939780171e-01 2.525785465202039859e+01 3.388014740008091219e-02 9.967896884540600189e-01 -7.254276168130761870e-02 -1.718728182652386360e+00 -9.994167266480344924e-01 3.347853627035051599e-02 -6.745401689938006727e-03 5.584639777887907997e+01
