1.000000000000000000e+00 0.000000000000000000e+00 0.000000000000000000e+00 0.000000000000000000e+00 0.000000000000000000e+00 1.000000000000000000e+00 0.000000000000000000e+00 0.000000000000000000e+00 0.000000000000000000e+00 0.000000000000000000e+00 1.000000000000000000e+00 0.000000000000000000e+00
9.999999970020690965e-01 -7.540495645315463099e-05 -1.760552275744353917e-05 -4.238557883388178148e-03 7.540704428252278978e-05 9.999999901216641840e-01 1.186189247142436896e-04 -6.044288257200654095e-03 1.759657812867767429e-05 -1.186202519390665186e-04 9.999999928097981217e-01 4.384681554945988767e-04
9.999999986190910573e-01 2.018151502435114439e-05 -4.852344107007572940e-05 -4.879936924366768541e-03 -2.017841507206719369e-05 9.999999977557496589e-01 6.388530548881004570e-05 -9.959088371418924751e-04 4.852473026342953884e-05 -6.388432627445561423e-05 9.999999967820717428e-01 -7.155701544226441679e-05
9.999999949594907678e-01 -6.883240531248800698e-05 -7.309663771764674889e-05 -4.834029557481477751e-03 6.883236288750816377e-05 9.999999976308829863e-01 -5.829113253711128335e-07 -4.794107337962679252e-03 7.309667766766088446e-05 5.778799081397050293e-07 9.999999973282708288e-01 -1.651750270899209104e-03
9.999999981965951301e-01 -5.949972552525120613e-05 8.160421873732175998e-06 -9.311627467686288406e-04 5.949960881344867083e-05 9.999999981276292971e-01 1.430167467845864341e-05 3.987873820188985591e-04 -8.161272804170761978e-06 -1.430118911075769391e-05 9.999999998644347743e-01 -8.248115253204355360e-04
9.999999988657731764e-01 -3.877702628655830289e-05 -2.765494367247879907e-05 3.796013910119147572e-03 3.877584327914868626e-05 9.999999983332946707e-01 -4.277668305366503961e-05 1.557233135274949110e-03 2.765660237894938204e-05 4.277561066138483805e-05 9.999999987026797488e-01 -3.172400929399960771e-03
9.999999899175363582e-01 1.419082114101315314e-04 -5.194879435579849172e-06 1.429183636829886236e-03 -1.419086747484734549e-04 9.999999859437271876e-01 -8.929990756260343854e-05 1.941056818251688659e-03 5.182206972397907704e-06 8.930064386069654526e-05 9.999999959992698084e-01 -3.125980464483173703e-03
9.999999837812948433e-01 1.764734130781257305e-04 3.597978041627029238e-05 -1.789384678333740290e-03 -1.764721501884188037e-04 9.999999838127801022e-01 -3.510013758166436295e-05 8.346994786206207283e-04 -3.598597407493621836e-05 3.509378758317220658e-05 9.999999987367178544e-01 -5.693332374976435052e-04
9.999999994911782375e-01 2.959546881436225690e-05 -1.190595067588561098e-05 5.541999283470641635e-04 -2.959545074139994752e-05 9.999999995609022418e-01 1.518150570541298498e-06 -1.697302949577786119e-03 1.190599560103559957e-05 -1.517798207792072638e-06 9.999999999279717278e-01 3.581161981210767391e-04
9.999999823598152426e-01 -1.859599131521654544e-04 2.644390175786954508e-05 -3.313852617150706784e-03 1.859583497475778067e-04 9.999999809626476388e-01 5.911172856603987902e-05 -6.037779098216808880e-03 -2.645489366635808600e-05 -5.910681005896628874e-05 9.999999979032617725e-01 -9.074963340959126511e-04
9.999999855858213715e-01 -1.691019537017399827e-04 1.526060979821746154e-05 2.549829593015641785e-03 1.691018248835568115e-04 9.999999856666516029e-01 8.442116768595807927e-06 -6.309017774048726254e-03 -1.526203715792077368e-05 -8.439536049943913241e-06 9.999999998479222052e-01 3.740460042871390604e-04
9.999999632515353953e-01 -1.562488815534937494e-04 -2.215473195911898008e-04 1.534354605071006940e-02 1.562684142848506897e-04 9.999999839048372419e-01 8.815048460006789303e-05 -3.320100141028545487e-03 2.215335426107224888e-04 -8.818510220899450640e-05 9.999999715731382466e-01 -2.330054972125121526e-03
9.999998704566067653e-01 -3.680273920711803638e-04 -3.516285089081148019e-04 3.068382106269968226e-02 3.681042633935142049e-04 9.999999083620061402e-01 2.185754573459166043e-04 -2.381111372073858260e-03 3.515480349300459189e-04 -2.187048649841699687e-04 9.999999142910769301e-01 -4.116764932294741594e-03
9.999997328501433191e-01 -6.869731878898655691e-04 -2.497348216096780698e-04 5.081251007420420351e-02 6.869965463365710831e-04 9.999997596505280084e-01 9.345925077352248620e-05 -5.901046457570533615e-03 2.496705575866039095e-04 -9.363079276584287708e-05 9.999999644489430128e-01 -5.269574498170487460e-03
9.999991797291097884e-01 -1.273140354163929382e-03 -1.401953857471064529e-04 7.919930921353386666e-02 1.273149163853762918e-03 9.999991875754029591e-01 6.276735234794933742e-05 -2.114532863230413062e-03 1.401153601997284792e-04 -6.294579049985744130e-05 9.999999882027565956e-01 1.391839521003601123e-03
9.999979088729372689e-01 -2.043108261880844777e-03 -8.920976890328703452e-05 1.147981240019481236e-01 2.043104489218102674e-03 9.999979119626385415e-01 -4.236046672429851260e-05 -1.713522296649619241e-03 8.929612964949809422e-05 4.217811326385173629e-05 9.999999951236039353e-01 6.345008235052140150e-03
9.999951041658322604e-01 -3.128474261491948766e-03 -6.552222119937095427e-05 1.657424991568686168e-01 3.128469677846352007e-03 9.999951038808350123e-01 -6.994163911766402468e-05 -9.060990220563901881e-03 6.574071101255417587e-05 6.973631241275011355e-05 9.999999954075028397e-01 5.295534411964849565e-03
9.999904711007404634e-01 -4.360005650848452520e-03 -2.192223611995425888e-04 2.170937721760245465e-01 4.360004469047885391e-03 9.999904951181239898e-01 -5.868494554519050095e-06 -1.119783564415883365e-02 2.192458641863144876e-04 4.912628159680399077e-06 9.999999759535582733e-01 4.075069778951941751e-03
9.999846550562536684e-01 -5.535569110580258224e-03 -2.170867278035817395e-04 2.748922933841423388e-01 5.535563234602475756e-03 9.999846782699517433e-01 -2.765893938577896753e-05 -5.794997300333944862e-03 2.172365096298365869e-04 2.645681765176034365e-05 9.999999760541675720e-01 1.516897781792138963e-03
9.999753410078382476e-01 -7.021784957792299997e-03 -1.091433188164959712e-04 3.357773395243555115e-01 7.021775498391464448e-03 9.999753432622480176e-01 -8.681243762622747396e-05 -4.060207073237474817e-03 1.097502059669796620e-04 8.604391703712970733e-05 9.999999902756682157e-01 1.563152468446207333e-03
9.999636168942156456e-01 -8.529600099031944133e-03 -1.039710965854326969e-04 3.902461564828818008e-01 8.529582785042434667e-03 9.999636086937898627e-01 -1.658481422746485665e-04 -7.108416409708584113e-03 1.053819312721899647e-04 1.649552781285669391e-04 9.999999808422022074e-01 3.962951357945988101e-03
9.999524680044644676e-01 -9.749831221598906361e-03 -5.022878385663465128e-05 4.469486872028337610e-01 9.749819494575262535e-03 9.999524432378381622e-01 -2.286536707976590313e-04 1.076478148221850228e-03 5.245572983678331927e-05 2.281530808563652865e-04 9.999999725972836817e-01 1.236584569544421294e-02
9.999399192256174240e-01 -1.096125538100679343e-02 9.391239517000074435e-05 5.065990049784846461e-01 1.096127988002573890e-02 9.999398883971551966e-01 -2.644535434087527800e-04 3.798486609009148890e-03 -9.100800711968458237e-05 2.654670548827385698e-04 9.999999606223919368e-01 1.293435470425847653e-02
9.999201288507918450e-01 -1.263837532586828058e-02 -8.595428066302546470e-05 5.733069598464106686e-01 1.263835784287280217e-02 9.999201125664008982e-01 -2.009881382793946426e-04 -2.513801919023548638e-03 8.848757752375892662e-05 1.998857641686669988e-04 9.999999761078146587e-01 6.564526255429577878e-03
9.999014151708484066e-01 -1.403761202434125957e-02 -3.246351623221987439e-04 6.382711183256818410e-01 1.403751050508284665e-02 9.999014203339662288e-01 -3.129104292669055614e-04 -8.258264037906692945e-03 3.289956751007331323e-04 3.083225115442793547e-04 9.999998983495321792e-01 2.346983311636808775e-03
9.998833746316244664e-01 -1.527166199163554512e-02 -1.160831073834033911e-04 6.928533678560547804e-01 1.527161508490974297e-02 9.998833041594544779e-01 -3.947605225428422971e-04 3.987647288944493745e-04 1.220982102355298675e-04 3.929417069176610773e-04 9.999999153444174560e-01 7.766481060883774143e-03
9.998653265728798534e-01 -1.640743965111417235e-02 3.530458941622483318e-04 7.467286224219680246e-01 1.640760815501992459e-02 9.998652710155155887e-01 -4.798038148917515709e-04 1.265230452352036732e-02 -3.451259765102406701e-04 4.855318367598075312e-04 9.999998225734322288e-01 1.511282169428275479e-02
9.998486409115278084e-01 -1.738737058354103762e-02 6.120551945983075410e-04 8.040333364446604625e-01 1.738766771900364036e-02 9.998487061529418574e-01 -4.835448084129097789e-04 1.696416579926095930e-02 -6.035550216356821551e-04 4.941138318608384768e-04 9.999996957863822589e-01 1.675213996934704977e-02
9.998303762922536864e-01 -1.840872511260913807e-02 5.809328866364051784e-04 8.508571030200536844e-01 1.840897222249374132e-02 9.998304510643153398e-01 -4.229258081823539868e-04 1.884494141867467526e-02 -5.730488651379148047e-04 4.335484473118912121e-04 9.999997418253376846e-01 1.484572018281307346e-02
9.998101910302424900e-01 -1.947936734070197448e-02 3.689987480874986790e-04 8.859305001574570015e-01 1.947949851733870794e-02 9.998101934368267552e-01 -3.552989276294464950e-04 1.267332829102837261e-02 -3.620077113762575072e-04 3.624193992723074372e-04 9.999998688012893266e-01 1.286757791214909741e-02
9.997898352734947425e-01 -2.049962455544569045e-02 2.251152682615734253e-04 9.157807218631649482e-01 2.049969292974702928e-02 9.997898124660227204e-01 -3.057432604258779416e-04 1.126853653438665906e-02 -2.188003297893885391e-04 3.102937978503296458e-04 9.999999279220846971e-01 8.563072186919821333e-03
9.997751185113668004e-01 -2.120566432034114504e-02 1.794611807614344750e-04 9.523806068380752388e-01 2.120572668454022772e-02 9.997750709596543439e-01 -3.530487201283658591e-04 1.470302146180145313e-02 -1.719341820824983277e-04 3.567749307563352549e-04 9.999999215751398385e-01 7.769311749294400063e-03
9.997646948847291881e-01 -2.169130381707366773e-02 2.054282350775028050e-04 9.882552780639128898e-01 2.169139558124547063e-02 9.997646102201493967e-01 -4.555316571200469203e-04 2.367814656871115864e-02 -1.954988037975868441e-04 4.598804933015820050e-04 9.999998751450670520e-01 1.475840997931374132e-02
9.997553796480596056e-01 -2.211742301266319752e-02 2.154165891414103922e-05 1.005701916538470631e+00 2.211742989329673267e-02 9.997552987468479868e-01 -4.023959690204114369e-04 2.909949063487244150e-02 -1.263642577779481724e-05 4.027739809076690968e-04 9.999999188067172362e-01 1.766138570544163039e-02
9.997389064738544384e-01 -2.284694448738923758e-02 -3.687954066347671946e-04 1.026261087480566436e+00 2.284681245395236635e-02 9.997389132928413691e-01 -3.583416562052916870e-04 3.305015814712009004e-02 3.768861309832751121e-04 3.498222960294446226e-04 9.999998677905940214e-01 1.430007106073604567e-02
9.997149841399357584e-01 -2.386539898257987111e-02 -6.270705623858787228e-04 1.059315202115921561e+00 2.386523705015048194e-02 9.997151496899835399e-01 -2.644633697794150878e-04 3.832425440073831957e-02 6.332034649778441396e-04 2.494228059061117677e-04 9.999997684207910797e-01 8.438716821603044899e-03
9.996930171737103965e-01 -2.476438608629040125e-02 -7.723962019719198295e-04 1.106285399660643209e+00 2.476416679830343096e-02 9.996932782945203710e-01 -2.921909316795943739e-04 3.596069879227761085e-02 7.793952203345714440e-04 2.729734857015624419e-04 9.999996590142251618e-01 3.951965798664561560e-03
9.996636625324105685e-01 -2.592578836050669217e-02 -6.444456322098976063e-04 1.170496656174381922e+00 2.592559233534518642e-02 9.996638270598438014e-01 -3.106929806093692041e-04 3.347412410049782627e-02 6.522839474873202937e-04 2.938808481761056831e-04 9.999997440798167325e-01 1.369385621672934532e-02
9.996319727392137811e-01 -2.712227029285575741e-02 -5.491189935390401256e-04 1.223178790226402857e+00 2.712203829667592103e-02 9.996320392466474525e-01 -4.256174604505615099e-04 3.164419667097181921e-02 5.604606511041963128e-04 4.105675952502510820e-04 9.999997586590250176e-01 1.704518551665446316e-02
9.996101288958375575e-01 -2.791488162957244529e-02 -5.912634387969675862e-04 1.267637070064119742e+00 2.791461064945621739e-02 9.996102046992454415e-01 -4.617070736248964384e-04 4.090022308180610300e-02 6.039214653947918166e-04 4.450221786930267341e-04 9.999997186170224150e-01 1.682390951365895018e-02
9.995819209636610525e-01 -2.890736237868289649e-02 -5.896464235858535526e-04 1.323500724445307419e+00 2.890716355629521089e-02 9.995820417882678166e-01 -3.429716128486434354e-04 6.720081059136349955e-02 5.993143807193144611e-04 3.257832180002712174e-04 9.999997673437569512e-01 1.203004854168378268e-02
9.995442660025893877e-01 -3.018225381216635417e-02 -5.402371356221511486e-04 1.390109851195463930e+00 3.018218036362305123e-02 9.995444039001114556e-01 -1.435982889762382460e-04 7.218794384349989934e-02 5.443251256950203815e-04 1.272273116875069336e-04 9.999998437616721692e-01 1.194599499948061083e-02
9.995243242068152512e-01 -3.083731565406159711e-02 -4.304441439698292638e-04 1.458839578048776398e+00 3.083725019947606075e-02 9.995244064420945040e-01 -1.578819612079885443e-04 7.156357712190727915e-02 4.351080833817720498e-04 1.445331468163644248e-04 9.999998948955570732e-01 9.602119765052140668e-03
9.995228192840955872e-01 -3.088843748883560170e-02 -1.953455184146378313e-04 1.532131546075579331e+00 3.088838528695757313e-02 9.995228049029462047e-01 -2.648269460407988831e-04 6.954391511650707958e-02 2.034323910591593926e-04 2.586666680922245073e-04 9.999999458534071239e-01 1.237237437596064998e-02
9.995323386434862289e-01 -3.057945740369462373e-02 -2.812078804598941740e-05 1.602494439219903422e+00 3.057944440083250337e-02 9.995322659917085240e-01 -3.831730897781950767e-04 6.399144351566432576e-02 3.982486017419472718e-05 3.821339764566899144e-04 9.999999261937995154e-01 1.760906662977691425e-02
9.995673190235776495e-01 -2.941384210469218455e-02 -2.515268325454815334e-05 1.668454535796735527e+00 2.941382996759970073e-02 9.995672425013890638e-01 -3.928419611827552974e-04 5.964588507360646386e-02 3.669678966058673896e-05 3.919321491909328833e-04 9.999999225212650167e-01 2.029104611082617818e-02
9.996059591857668902e-01 -2.806839755776710521e-02 -3.023554895197228540e-04 1.740419236805724079e+00 2.806833102195641777e-02 9.996059821076980212e-01 -2.220994063810328176e-04 6.136245573159741784e-02 3.084703304826632957e-04 2.135252761839564822e-04 9.999999296265033033e-01 1.890701365099609413e-02
9.996372923959905288e-01 -2.692550047541426156e-02 -5.487033454759086175e-04 1.804046736717105359e+00 2.692551673900316772e-02 9.996374423020784050e-01 2.227322585177722336e-05 7.586948708065474611e-02 5.479046911008698820e-04 -3.703926829675357704e-05 9.999998492142596618e-01 9.179819888812666348e-03
9.996753797904039951e-01 -2.546748815031604427e-02 -7.362664090317915791e-04 1.877871012478377288e+00 2.546755860009461761e-02 9.996756453882411630e-01 8.646707034655728486e-05 8.058137528395518945e-02 7.338254985370954104e-04 -1.051899093053566229e-04 9.999997252175726326e-01 4.002451540944610038e-03
9.997270561537332512e-01 -2.335465359854294737e-02 -6.110233075032839387e-04 1.947198931933619370e+00 2.335461200072871252e-02 9.997272410284113731e-01 -7.512666681034584342e-05 7.071472043667210994e-02 6.126112026936813854e-04 6.083594917880828800e-05 9.999998105032328333e-01 9.082253354388383423e-03
9.997855764650198651e-01 -2.070511660493660686e-02 -3.150220372064627713e-04 2.021781374372578544e+00 2.070500701636539612e-02 9.997855680607915518e-01 -3.472489203775300281e-04 6.173393680534870059e-02 3.221443158074862386e-04 3.406519285458351398e-04 9.999998900896456266e-01 1.753837369224338708e-02
9.998439974985670053e-01 -1.765993775216855022e-02 -3.275128625214476200e-04 2.098578761810139692e+00 1.765981328136785600e-02 9.998439814588792052e-01 -3.791244169579774197e-04 6.052819809552484331e-02 3.341570780462438579e-04 3.732814566012025866e-04 9.999998744999928357e-01 1.737220012978188746e-02
9.998995910923710317e-01 -1.416773700618786241e-02 -2.880302635162181697e-04 2.168326749582221158e+00 1.416766254545304138e-02 9.998996001054096805e-01 -2.589344319260216938e-04 6.326034567412142096e-02 2.916698602414967856e-04 2.548277170261887539e-04 9.999999249957608471e-01 1.332204938403919701e-02
9.999459088384252681e-01 -1.038332959948649360e-02 -6.048666994622779389e-04 2.248367924864812295e+00 1.038325039214309763e-02 9.999460836317217716e-01 -1.339435539445884703e-04 7.883443423384403625e-02 6.062248673148838002e-04 1.276558263877841681e-04 9.999998080976817416e-01 1.156619543237357751e-02
9.999836167603531889e-01 -5.665821397191831213e-03 -8.152783440253194179e-04 2.317563752188565473e+00 5.665744148708488567e-03 9.999839448353766702e-01 -9.702947812960739432e-05 7.828310020088678767e-02 8.158150062906372900e-04 9.240872996518419179e-05 9.999996629531943126e-01 8.702653725605680873e-03
9.999997803361680981e-01 4.437475171950007805e-04 -4.923573464367085465e-04 2.390800095474993725e+00 -4.437775423922057103e-04 9.999998996778610705e-01 -6.087495849591368155e-05 6.333505309347751966e-02 4.923302839306744607e-04 6.109344225706745399e-05 9.999998769392338671e-01 6.920667129680259724e-03
9.999705775650552519e-01 7.663079883613327196e-03 3.481535682476414586e-04 2.490862079578482824e+00 -7.663053586838489660e-03 9.999706354243415030e-01 -7.680341060014065583e-05 5.182743226430375910e-02 -3.487318955366087558e-04 7.413323140685802075e-05 9.999999364451624961e-01 1.130837218360067863e-02
9.998661864841279501e-01 1.633267273010171466e-02 9.235405667509652070e-04 2.597934030823243479e+00 -1.633260978358049703e-02 9.998666111703798931e-01 -7.565922083207657172e-05 4.450971734421220460e-02 -9.246530940485242836e-04 6.056526890967860291e-05 9.999995706741597878e-01 1.813637597696522025e-02
9.996611039020796285e-01 2.601985285477365073e-02 8.028715286487101256e-04 2.684132738356256542e+00 -2.601980827676422803e-02 9.996614252994565630e-01 -6.592040279604859630e-05 4.462930689865843292e-02 -8.043149358422035195e-04 4.500749938245562611e-05 9.999996755258518943e-01 2.223319211729819778e-02
9.993130584836338315e-01 3.705949393374470546e-02 7.108769275549360047e-05 2.759999050055588654e+00 -3.705950554113464357e-02 9.993130461934679465e-01 1.695776470363544739e-04 4.466822416460588391e-02 -6.475439701271516703e-05 -1.720956318539362362e-04 9.999999830949806157e-01 1.897755974555454667e-02
9.987520845200101860e-01 4.993997041843066531e-02 -5.225146321456318119e-04 2.837165687560634808e+00 -4.993979682456976821e-02 9.987521719514871332e-01 3.401695280254636057e-04 3.529281044159717634e-02 5.388506798987252166e-04 -3.136507506384020837e-04 9.999998056315567707e-01 9.980672784580865015e-03
9.979483234425676752e-01 6.401984857508517812e-02 -7.763546815539615299e-04 2.931867303686990667e+00 -6.401954296643151687e-02 9.979485598468195162e-01 4.123324243080920344e-04 8.784822848624179031e-03 8.011594957539137961e-04 -3.617845796463358440e-04 9.999996136276154690e-01 2.920347281562903421e-03
9.967907925785491896e-01 8.004798439527263665e-02 -6.603218018244949930e-04 3.025321222145870959e+00 -8.004779853396556955e-02 9.967909800759577887e-01 3.032970116532045040e-04 -2.919039456354711667e-02 6.824811304621091878e-04 -2.494663620724708549e-04 9.999997359929855278e-01 4.926851352800789771e-03
9.951226334337333057e-01 9.864319622216127792e-02 -6.813714022944839183e-04 3.113247836121432854e+00 -9.864316883922791268e-02 9.951228666857108163e-01 7.376020946758625983e-05 -6.295069063687405708e-02 6.853242059448484821e-04 -6.187819609251961545e-06 9.999997651461942638e-01 1.673015469341387548e-02
9.928443484904326821e-01 1.194137044135242104e-01 -6.832780164633946119e-04 3.219739889092875007e+00 -1.194136648448241717e-01 9.928445834740172726e-01 9.856283812048099904e-05 -7.404761528062714371e-02 6.901586312700289409e-04 -1.626482474530089488e-05 9.999997617082312384e-01 2.032081599065368310e-02
9.898298829610960858e-01 1.422552946127427220e-01 -4.836857085680011767e-04 3.329681400906560285e+00 -1.422550800108836611e-01 9.898299285200180542e-01 4.525672911396627987e-04 -8.424808231695070371e-02 5.431466836711824854e-04 -3.791578796483307135e-04 9.999997806154671265e-01 1.078709080063281964e-02
9.860829844319402016e-01 1.662538611231827168e-01 3.841134477951341978e-05 3.436856539640406272e+00 -1.662538421028021129e-01 9.860826962493349779e-01 7.590413020731986071e-04 -1.267620971470484192e-01 8.831678479489192741e-05 -7.548637461053750051e-04 9.999997111903934366e-01 5.946127929937502707e-03
9.814049180796716731e-01 1.919480649232083447e-01 5.719626462946072109e-04 3.533440248166989317e+00 -1.919484707522870759e-01 9.814047049878612539e-01 7.678564628186363089e-04 -1.825796467508538634e-01 -4.139382699740187061e-04 -8.633654642731513349e-04 9.999995416274868321e-01 5.007503332891308223e-03
9.756742307806084424e-01 2.192246614210984490e-01 5.858459462946235922e-04 3.644968427863717775e+00 -2.192249169947698417e-01 9.756742613191687896e-01 4.142075936707085540e-04 -2.429139214294978866e-01 -4.807902914173273179e-04 -5.325637042863166611e-04 9.999997426082651852e-01 1.221133452929586312e-02
9.689291218842661646e-01 2.473381946683628207e-01 4.174000239865495714e-04 3.766003049607501652e+00 -2.473383553098267296e-01 9.689290920613403690e-01 3.905762621738208024e-04 -2.939201793155806763e-01 -3.078265987012791761e-04 -4.816797501760344585e-04 9.999998366136884087e-01 1.316340504239501760e-02
9.609620345295425414e-01 2.766798582429084719e-01 4.735351374808019964e-04 3.870448652778547771e+00 -2.766800594693847315e-01 9.609619969079151725e-01 4.303379716410097124e-04 -3.487824200172124356e-01 -3.359834223294402844e-04 -5.445561827624928247e-04 9.999997952868309170e-01 1.047588797850769471e-02
9.517194128308328338e-01 3.069682862849483773e-01 7.940127308979693993e-04 3.966911647423985166e+00 -3.069687014139653169e-01 9.517194964289669157e-01 4.652625252982498091e-04 -4.195197459472104762e-01 -6.128565563449931341e-04 -6.865364342989467008e-04 9.999995765371931800e-01 1.363227651919899676e-02
9.415161503373947749e-01 3.369648687419540267e-01 1.419819555410657902e-03 4.080539502114656436e+00 -3.369658342530674200e-01 9.415167427566505376e-01 4.996549224712807692e-04 -4.947860996782101339e-01 -1.168417727745631922e-03 -9.488638600800613013e-04 9.999988672280526458e-01 1.100116969375135138e-02
9.305080183909186786e-01 3.662666422847428160e-01 1.890624147188189408e-03 4.193156893926069273e+00 -3.662677643329139698e-01 9.305094572394810859e-01 2.734930627983741722e-04 -5.672190027547227009e-01 -1.659072263244607904e-03 -9.469621674926182765e-04 9.999981753692747111e-01 1.768366262839808634e-02
9.183890692652041388e-01 3.956759719457400570e-01 1.429223210730890719e-03 4.295412894252821800e+00 -3.956763922672927314e-01 9.183900001902333132e-01 1.236619558468991971e-05 -6.453330444179914416e-01 -1.307691298317785336e-03 -5.768668626200502492e-04 9.999989785835239342e-01 2.267101402294590534e-02
9.045394228967136296e-01 4.263880096508889106e-01 1.302939612426536053e-03 4.385985162675135385e+00 -4.263883963806101574e-01 9.045401787570156449e-01 2.112339576327654190e-05 -7.156660098682845472e-01 -1.169554467257324145e-03 -5.746652761366574051e-04 9.999991509507237808e-01 3.156551566803000169e-02
8.890477371008703722e-01 4.578126261316471379e-01 1.311682227646553947e-03 4.485003284282211844e+00 -4.578134942930697782e-01 8.890481459143625420e-01 4.457458959392405985e-04 -7.954181356326988084e-01 -9.620805533106420188e-04 -9.967952041477685411e-04 9.999990403997045529e-01 2.337601124437465802e-02
8.721184172504523602e-01 4.892919163862952669e-01 1.699073745496456397e-03 4.610397140309188124e+00 -4.892939706271364764e-01 8.721182071546405012e-01 1.114924798574003142e-03 -8.859569783745567806e-01 -9.362694574250114872e-04 -1.803692990007920664e-03 9.999979350434183845e-01 8.906377349323486847e-03
8.538632749668813027e-01 5.204947269107939034e-01 1.657383748614867265e-03 4.732425829567284303e+00 -5.204969557405608738e-01 8.538622700218596595e-01 1.463864039247207531e-03 -9.899361656788638886e-01 -6.532439365471231314e-04 -2.112602938305785383e-03 9.999975550876034625e-01 -2.771367639788969474e-03
8.339512944447338150e-01 5.518380506931187535e-01 -6.558331900870966510e-05 4.811648663884960264e+00 -5.518377662127477157e-01 8.339509742507685841e-01 9.232158571150149385e-04 -1.109620401113028620e+00 5.641589117412390813e-04 -7.337257068303868228e-04 9.999995716855629713e-01 2.880017364283205504e-03
8.117540310787652036e-01 5.839896140892334442e-01 -3.394652159399086985e-03 4.875887948860408549e+00 -5.839939837891191532e-01 8.117578965103889876e-01 -3.799357088623938868e-04 -1.236462023652497910e+00 2.533757188300983943e-03 2.290870781365624952e-03 9.999941659757689560e-01 2.707542367118044926e-02
7.870578225359547986e-01 6.168218349561188640e-01 -8.414743390509432652e-03 4.975243646672583786e+00 -6.168620211867009706e-01 7.870645287860278394e-01 -3.267161502893994440e-03 -1.358934331755370373e+00 4.607689488193586133e-03 7.762180633978125674e-03 9.999592580447395074e-01 4.928953314017743559e-02
7.598703943291049701e-01 6.499853314761038225e-01 -1.077277531696704989e-02 5.099865427609797663e+00 -6.500546216890817908e-01 7.598726173425397468e-01 -4.753339211844962234e-03 -1.478712709325509245e+00 5.096336212917449218e-03 1.061481412449712287e-02 9.999306741361159157e-01 5.343445899356371459e-02
7.301539198017332755e-01 6.832037944831578224e-01 -1.038405517989264559e-02 5.206238879789990115e+00 -6.832667464894998099e-01 7.301564101101239990e-01 -4.262618532086750664e-03 -1.615807832280677481e+00 4.669747296979955518e-03 1.020744722795533833e-02 9.999369987560570161e-01 4.085688092331624111e-02
6.980340780884592977e-01 7.159928295877475701e-01 -1.013379524785901903e-02 5.302938763520324450e+00 -7.160491850955541526e-01 6.980418855910222042e-01 -3.330237907863463007e-03 -1.785032749582888822e+00 4.689387080157309332e-03 9.580915376985361942e-03 9.999431062362256206e-01 8.809700692960668184e-03
6.649234720303099921e-01 7.467901101908457351e-01 -1.346505344594667655e-02 5.404886111150147165e+00 -7.468943254345844496e-01 6.649223584554190269e-01 -5.208057190585746281e-03 -1.979220378856177298e+00 5.063889490769375896e-03 1.351993148014766360e-02 9.998957788069701147e-01 -8.016664392285306404e-03
6.321905272370519357e-01 7.746312933589843963e-01 -1.677786102950667296e-02 5.497408215551274679e+00 -7.748014388985821066e-01 6.321510214985113230e-01 -8.235065213798846429e-03 -2.156937981300163454e+00 4.227002770902127393e-03 1.820564108664521341e-02 9.998253282849954848e-01 3.024359116259437916e-02
5.991422674447859364e-01 8.004481731627931529e-01 -1.764271638574076151e-02 5.572061486808472353e+00 -8.006358297330026241e-01 5.990822315228063744e-01 -9.096593945054833041e-03 -2.320328428645867191e+00 3.288085897170691524e-03 1.957554479450625620e-02 9.998029738589153670e-01 6.678176402419061519e-02
5.650847784824308828e-01 8.248180884584458417e-01 -1.882323243274607733e-02 5.660169769277175078e+00 -8.250195496091964342e-01 5.650581022136784703e-01 -7.216916607161515812e-03 -2.506374071827799810e+00 4.683576635491484147e-03 1.960770446613743084e-02 9.997967803686247379e-01 4.670803718489388578e-02
5.301576687447675518e-01 8.476860635298644198e-01 -1.900484065590249752e-02 5.759052727539185845e+00 -8.478716087953481750e-01 5.301877270117436591e-01 -3.835247698504835531e-03 -2.704999261779592157e+00 6.825047245365787468e-03 1.814695080071734856e-02 9.998120357880949660e-01 1.711367579908595546e-02
4.941828293984055209e-01 8.691783575230106473e-01 -1.767240621386575311e-02 5.845526001527125537e+00 -8.693281785293832664e-01 4.942321364220481072e-01 -1.764466628434884984e-03 -2.936494738633434132e+00 7.200634872789950583e-03 1.623508981495028897e-02 9.998422739193063569e-01 1.200073539362201888e-02
4.584499393628382879e-01 8.885509920395611161e-01 -1.734323048689538280e-02 5.947054997895291351e+00 -8.887061126443716041e-01 4.584653604991523190e-01 -3.310373228473954300e-03 -3.169996294069913567e+00 5.009835001212642643e-03 1.693067535256639541e-02 9.998441147425766173e-01 -4.921116301345123886e-03
4.239320787914521160e-01 9.054943082311457392e-01 -1.901710631396706999e-02 6.022509351776093922e+00 -9.056879639255626113e-01 4.239123556708611629e-01 -5.256111675949388419e-03 -3.398790585087644978e+00 3.302207129597549418e-03 1.945179864639804551e-02 9.998053425329819222e-01 2.185358098398971008e-02
3.874191427723661096e-01 9.216663786425600691e-01 -2.091636424989334192e-02 6.069647545470294503e+00 -9.218902381715976535e-01 3.874363159483388275e-01 -3.389667873710816223e-03 -3.621007401640055967e+00 4.979616194048141348e-03 2.059581424193413640e-02 9.997754827251325027e-01 6.179951930192786186e-02
3.500690672731989750e-01 9.365138680346795086e-01 -1.983489645032520884e-02 6.136685868647075992e+00 -9.366945023745915089e-01 3.501473290580259246e-01 5.071239954477363421e-04 -3.891236414980068670e+00 7.420064668773851922e-03 1.840171003611067863e-02 9.998031404771932085e-01 5.586146779333998197e-02
3.157524479936770767e-01 9.486400767535616563e-01 -1.955495750435335897e-02 6.215927142612068579e+00 -9.488163609566255818e-01 3.158273197049785708e-01 7.856901398122784208e-04 -4.185477630946570216e+00 6.921326970080716491e-03 1.830598003293178525e-02 9.998084748230569030e-01 -4.037520019959890683e-03
2.823066838404778567e-01 9.589681801387636151e-01 -2.613361322779388790e-02 6.253607584950492182e+00 -9.593236780269397412e-01 2.822303948129281093e-01 -6.639655156931850710e-03 -4.452902657981568701e+00 1.008481956576731328e-03 2.694501299101847991e-02 9.996364085201464578e-01 -4.297678248702418990e-02
2.490367233691658244e-01 9.678466427057891286e-01 -3.540602514661010669e-02 6.267271472393602494e+00 -9.684764613395816513e-01 2.486454575656213972e-01 -1.512548389787009458e-02 -4.708620735802442780e+00 -5.835601486695268444e-03 3.805670289338784762e-02 9.992585416798661635e-01 1.774553145186964775e-02
2.160284937793195414e-01 9.755159211068268332e-01 -4.123563437777839902e-02 6.296752644366903517e+00 -9.763622193110302883e-01 2.155290094930913947e-01 -1.625000827588882896e-02 -4.981080611913690781e+00 -6.964666357985396100e-03 4.377138030752767556e-02 9.990172969916465417e-01 9.919686631366306240e-02
1.846904168705555405e-01 9.820139461492816135e-01 -3.921810149021010689e-02 6.334193446087134305e+00 -9.827901063670083648e-01 1.843953469484147512e-01 -1.104367922832510951e-02 -5.268086373280906898e+00 -3.613411588068958513e-03 4.058282385553978189e-02 9.991696440868313989e-01 8.917968192920330828e-02
1.547400651136598970e-01 9.873890027743804643e-01 -3.344352626196212680e-02 6.359165197450887597e+00 -9.879543807940450728e-01 1.546071873597677504e-01 -6.539043244729675353e-03 -5.558978720359898595e+00 -1.285969857757696122e-03 3.405253025717668719e-02 9.994192170779031548e-01 1.418073494396224904e-02
1.263426708872404935e-01 9.914972977818964361e-01 -3.115506386249282389e-02 6.370846549541173687e+00 -9.919836090113683946e-01 1.262020885100098022e-01 -6.446108011212514297e-03 -5.846451574638914295e+00 -2.459464547218112584e-03 3.171973119225952181e-02 9.994937767126075290e-01 -4.911317746702682785e-02
1.005433773306574352e-01 9.942533556759978186e-01 -3.675995106040243904e-02 6.386570077484982733e+00 -9.949145061288697800e-01 1.002496028989124932e-01 -9.754107491614439837e-03 -6.130386948084673548e+00 -6.012883608773229860e-03 3.755371946463489236e-02 9.992765199808704146e-01 -1.874154168899719308e-02
7.834341140618750199e-02 9.960861344146946239e-01 -4.092337615632499204e-02 6.396050896259865226e+00 -9.968852731913245835e-01 7.790113863915815173e-02 -1.229490516357394959e-02 -6.435315280543816741e+00 -9.058806957843341945e-03 4.175913583293930365e-02 9.990866391815009795e-01 7.662501626326952142e-02
5.838301022850478361e-02 9.975197669275192025e-01 -3.931588362896775574e-02 6.399275981856638040e+00 -9.982436427051183392e-01 5.793818115633342369e-02 -1.236110687245624458e-02 -6.736961860125993518e+00 -1.005255765836224162e-02 3.996850951892155085e-02 9.991503712311581298e-01 9.028615226770364544e-02
4.088253082325477017e-02 9.985764946263981923e-01 -3.425789037785236663e-02 6.389661522798158799e+00 -9.991194811090255978e-01 4.053316167995546504e-02 -1.083167912461395661e-02 -7.036763643506485089e+00 -9.427679561675247552e-03 3.467055211388937047e-02 9.993543273905409752e-01 2.217367840063570739e-02
2.602886695130823824e-02 9.991507119743743282e-01 -3.194296239130600679e-02 6.375243099536870517e+00 -9.996226866881576800e-01 2.573411694390581594e-02 -9.604138871713350720e-03 -7.334075695426570896e+00 -8.773958261860498667e-03 3.218089473924979488e-02 9.994435490162515423e-01 -3.366902921873767690e-02
1.384114229288935238e-02 9.993263303767624395e-01 -3.398982488542287572e-02 6.361034684760277003e+00 -9.998419763381999337e-01 1.345303605827252724e-02 -1.162059262418698759e-02 -7.628597757741082397e+00 -1.115549784413409282e-02 3.414529596486961388e-02 9.993546185570570950e-01 -1.258371852981582384e-03
3.674094503020475244e-03 9.993057676320582505e-01 -3.707403143557432001e-02 6.373442972766174108e+00 -9.998889896099860675e-01 3.135834845681140237e-03 -1.456622794487286848e-02 -7.916798216014829137e+00 -1.443985755830916665e-02 3.712343353090725995e-02 9.992063556626189502e-01 4.113847464553078287e-02
-4.547553538027049314e-03 9.992854842405602955e-01 -3.752120391096944174e-02 6.386065417136603806e+00 -9.998615643954156251e-01 -5.144322204282403277e-03 -1.582365298568400719e-02 -8.217614993613173269e+00 -1.600536789866442017e-02 3.744405073130172706e-02 9.991705416310371346e-01 3.444989139867229988e-02
-1.166749970945679671e-02 9.992808977828391281e-01 -3.607709490595683438e-02 6.369415388574771519e+00 -9.998199413356465559e-01 -1.219856836051702587e-02 -1.453546826003787595e-02 -8.514052653222565326e+00 -1.496510468104376296e-02 3.590100634073350311e-02 9.992432953918720662e-01 7.314753794805988613e-03
-1.741425026760734518e-02 9.992046516865040751e-01 -3.587210525838729208e-02 6.337926884300868480e+00 -9.997395117526539643e-01 -1.793052783135196115e-02 -1.412107688010666787e-02 -8.812270994958902648e+00 -1.475305148713003216e-02 3.561685302972163181e-02 9.992566173171320010e-01 -1.241914668444461106e-02
-2.286482495799724290e-02 9.990326558002669000e-01 -3.756264666268219199e-02 6.318430837957800250e+00 -9.996333819209159977e-01 -2.339128633871156993e-02 -1.363632915312886461e-02 -9.100125347197989711e+00 -1.450177675294358690e-02 3.723708323816147386e-02 9.992012300347322684e-01 -3.730110254620062904e-03
-2.704069915677265179e-02 9.988934229291427380e-01 -3.848025750971099251e-02 6.317283619361476532e+00 -9.995437200611102524e-01 -2.753650338102353601e-02 -1.241340678232775128e-02 -9.392358550643482573e+00 -1.345928213203002183e-02 3.812703254185443452e-02 9.991822542029270560e-01 3.113265021940913452e-02
-3.005303669063885685e-02 9.988733097728030863e-01 -3.672772807018340191e-02 6.331829752445312209e+00 -9.994622662186367634e-01 -3.051226250438854315e-02 -1.200750773352178037e-02 -9.659857041329001248e+00 -1.311462507197265308e-02 3.634711625960868053e-02 9.992531679953945423e-01 2.714194163494091511e-02
-3.222082994799224664e-02 9.988868606715473053e-01 -3.445080108217685871e-02 6.329686751973873093e+00 -9.993767065476781841e-01 -3.269572336398107737e-02 -1.331120143422247909e-02 -9.948867644663065946e+00 -1.442277807424747343e-02 3.400043016561953707e-02 9.993177443742174981e-01 -6.796794478120782648e-03
-3.493513544260418158e-02 9.988519741653800743e-01 -3.277605860273734295e-02 6.312618211067904106e+00 -9.992761088669870340e-01 -3.540657885079956380e-02 -1.391518673018263957e-02 -1.024137233671106983e+01 -1.505969983965907248e-02 3.226620337141164474e-02 9.993658477058009471e-01 -2.025049583260766367e-02
-3.826168110169447800e-02 9.987541994338875462e-01 -3.203268444022215611e-02 6.301300247979130909e+00 -9.991603885476145752e-01 -3.870780866140299814e-02 -1.342473485817275401e-02 -1.052273945727184845e+01 -1.464792533610974855e-02 3.149213650749728421e-02 9.993966598010726177e-01 -1.534179109170762459e-02
-4.104680589786346978e-02 9.986408405482186668e-01 -3.211901796024578537e-02 6.292536484760651305e+00 -9.990586690109050094e-01 -4.147304429212939070e-02 -1.271858763001041531e-02 -1.081169051310839357e+01 -1.403337449590474559e-02 3.156672593555649720e-02 9.994031249770870540e-01 3.268538420158274577e-03
-4.344205095769426705e-02 9.985334611156974072e-01 -3.230658200576323053e-02 6.280623579869738293e+00 -9.989611401708241578e-01 -4.386069733644770707e-02 -1.236445137349168923e-02 -1.107655128140363665e+01 -1.376330764009930929e-02 3.173588286886831061e-02 9.994015234635864608e-01 5.293390899573584274e-03
-4.529523623960929335e-02 9.984386533916813633e-01 -3.268940175965174416e-02 6.250484544995347669e+00 -9.988683748215980707e-01 -4.574124837568027679e-02 -1.302720147590586547e-02 -1.135521026285034729e+01 -1.450211554420620906e-02 3.206233944116148454e-02 9.993806557234846677e-01 -1.238337234947981674e-02
-4.751439796798639925e-02 9.983188236180147168e-01 -3.319500558342194929e-02 6.237009990398896697e+00 -9.987403845352165188e-01 -4.801845640066293441e-02 -1.455582850084246628e-02 -1.163308882266246869e+01 -1.612533051407391907e-02 3.246158121289270670e-02 9.993428938362300951e-01 -1.384760589075247419e-02
-5.021278540761420217e-02 9.982051154948373695e-01 -3.263776312108174205e-02 6.233405177754597126e+00 -9.986156952854806645e-01 -5.069233269783013363e-02 -1.403497542388875904e-02 -1.190319081318846095e+01 -1.566426861061691669e-02 3.188784730256100097e-02 9.993686986709674480e-01 4.730549428777321500e-04
-5.294399981952602197e-02 9.980929181576350118e-01 -3.174050419711102466e-02 6.229538427795493050e+00 -9.985119773980277724e-01 -5.332865774539241599e-02 -1.139672127216998301e-02 -1.216922108336858699e+01 -1.306766527696325009e-02 3.108988560049076935e-02 9.994311657825953876e-01 -7.947030462561753550e-03
-5.543584629805331510e-02 9.979887140910101984e-01 -3.074725178273378379e-02 6.211470911396602901e+00 -9.984045805318344513e-01 -5.573732922687169022e-02 -9.035690549546704017e-03 -1.246453876382049941e+01 -1.073128688790215245e-02 3.019729586614557787e-02 9.994863494836244699e-01 -1.641823177936514028e-02
-5.775652619762472462e-02 9.979011086064241143e-01 -2.928414457779781807e-02 6.181601620264176589e+00 -9.982755103009067765e-01 -5.803690924982607413e-02 -8.816047764842366991e-03 -1.276360642241496102e+01 -1.049710507938381512e-02 2.872446007843701757e-02 9.995322486934349326e-01 -1.391760158100555089e-02
-5.992431997721126002e-02 9.977760085759538322e-01 -2.919096753291122379e-02 6.150055606074065651e+00 -9.981451334536500797e-01 -6.020989285269817692e-02 -9.003408546901223164e-03 -1.306231137632271988e+01 -1.074097007092889369e-02 2.859729904912876319e-02 9.995333041219938153e-01 -2.731005561483593538e-02
-6.276960837046186015e-02 9.976146980539392084e-01 -2.872090687578410587e-02 6.136530300892911960e+00 -9.979702897603318634e-01 -6.304956863261890199e-02 -8.947214701831887954e-03 -1.336827058858811235e+01 -1.073671368244757604e-02 2.810099859416534396e-02 9.995474260170509329e-01 -2.596729463342843658e-02
-6.577533044890815361e-02 9.974874263179395184e-01 -2.631425928941504011e-02 6.124102712492438982e+00 -9.977918290632595832e-01 -6.599340820573673660e-02 -7.505726346348658845e-03 -1.369215430233767350e+01 -9.223435310784037708e-03 2.576246127614014239e-02 9.996255418055618458e-01 -1.332057199445765838e-02
-6.817238703671213429e-02 9.973831786940043909e-01 -2.406907775467630184e-02 6.106826666706513862e+00 -9.976361492653724738e-01 -6.835890320216919669e-02 -7.012419835995648346e-03 -1.403440228996659478e+01 -8.639405342759623810e-03 2.353412864842068658e-02 9.996857033408466098e-01 -2.432607984356793124e-02
-7.050414562880846781e-02 9.972394823200648739e-01 -2.329335422736136807e-02 6.087250342797489999e+00 -9.974613024760153879e-01 -7.071560670747523147e-02 -8.381708110226541303e-03 -1.435186667898147483e+01 -1.000577393324019078e-02 2.264327427743748761e-02 9.996935363490121462e-01 -2.804244475523611640e-02
