1.000000000000000000e+00 0.000000000000000000e+00 0.000000000000000000e+00 0.000000000000000000e+00 0.000000000000000000e+00 1.000000000000000000e+00 0.000000000000000000e+00 0.000000000000000000e+00 0.000000000000000000e+00 0.000000000000000000e+00 1.000000000000000000e+00 0.000000000000000000e+00
9.999999989665225852e-01 -1.314818120100394427e-05 -4.352103013279634921e-05 -1.027698679743529867e-04 1.315468669141548970e-05 9.999999887409940502e-01 1.494823268675898149e-04 -2.907546969969308000e-03 4.351906422207280398e-05 -1.494828992186191246e-04 9.999999878804768372e-01 -2.316726359122103004e-03
9.999999994842144746e-01 -1.111482677433198758e-05 3.013356275494398094e-05 7.192968417079215887e-06 1.111550998247223667e-05 9.999999996811995695e-01 -2.267259122318559468e-05 -1.660896175793099942e-03 -3.013331074341341358e-05 2.267292616140901160e-05 9.999999992889609945e-01 -2.894324204061624137e-03
9.999999980549826306e-01 -1.602230174349891084e-05 6.027703174014309884e-05 1.582598011779444338e-03 1.602872751991852500e-05 9.999999941892173672e-01 -1.066050892033824736e-04 5.768946975385641236e-04 -6.027532333097976227e-05 1.066060551601512020e-04 9.999999925010171209e-01 -1.588288086794260564e-03
9.999999962735762749e-01 2.649577704727849420e-05 8.216338106727119552e-05 -5.122165689156288164e-04 -2.649313064221838252e-05 9.999999991303156754e-01 -3.220997855006383774e-05 1.020269512198089361e-04 -8.216423442422536041e-05 3.220780166484719503e-05 9.999999961058479991e-01 -3.813927739220345685e-04
9.999999994783058677e-01 -2.515885311243499627e-05 -2.025883717144893271e-05 1.304332398746502024e-04 2.515937565592666795e-05 9.999999993508501550e-01 2.579351882926336377e-05 -1.958523373233895387e-03 2.025818822294643323e-05 -2.579402851550178239e-05 9.999999994621369126e-01 -6.225785056143887239e-04
9.999999999167369369e-01 7.158002680216403677e-06 -1.073727768914916711e-05 -7.917322099697169215e-04 -7.157446328741536468e-06 9.999999986320354806e-01 5.181409059459341388e-05 -4.929575162835491027e-03 1.073764855986030254e-05 -5.181401373879044209e-05 9.999999986000054353e-01 -1.153288096025554405e-03
9.999999997654457351e-01 -3.436560345254332538e-06 2.138454312631236451e-05 -1.943048522789965569e-03 3.436178672287668432e-06 9.999999998348192420e-01 1.784808787946889205e-05 -5.846502770945577292e-03 -2.138460445881109595e-05 -1.784801439417153641e-05 9.999999996120735313e-01 -2.892740172914767989e-03
9.999999990612922218e-01 2.675675415001425652e-05 3.408066318195906134e-05 -2.909514387682389860e-05 -2.675623056711572945e-05 9.999999995240348438e-01 -1.536341228837791205e-05 -1.477730254824930270e-03 -3.408107424078335581e-05 1.536250040387418010e-05 9.999999993012369526e-01 -9.141861619287620574e-04
9.999999996832273919e-01 1.552762615924485512e-05 1.981004939867908485e-05 3.241742758772487264e-03 -1.552757759627021604e-05 9.999999998764420583e-01 -2.451582720062399600e-06 -1.151512340791009930e-03 -1.981008746349137336e-05 2.451275117206581157e-06 9.999999998007758073e-01 9.149113144412324063e-05
9.999999990216810186e-01 -4.184505407300370743e-05 1.433978372480106971e-05 -6.295286765072398427e-04 4.184464376291467457e-05 9.999999987151748648e-01 2.861251401995894484e-05 -4.065600776223064067e-03 -1.434098099857328661e-05 -2.861191394882517760e-05 9.999999994878473464e-01 -1.748926071999818473e-03
9.999999999860528233e-01 4.638321291865335175e-06 -2.525910588201595648e-06 -3.936935254435680771e-03 -4.638232401452180939e-06 9.999999993700646739e-01 3.519030183312473766e-05 -2.530492294367234218e-03 2.526073810536694810e-06 -3.519029011687359944e-05 9.999999993776311769e-01 -2.495706845981621007e-03
9.999999999783227844e-01 3.916481401947050897e-06 -5.292982575342354600e-06 -2.662695977424958324e-03 -3.916401476055152172e-06 9.999999998783217769e-01 1.510027647103407610e-05 -3.267836459808408020e-03 5.293041714650276820e-06 -1.510025574126197325e-05 9.999999998719829586e-01 -2.129396696844027773e-03
9.999999991877676075e-01 -3.553399340610492176e-05 -1.902104353837527355e-05 -8.432629345473456562e-04 3.553333937939502966e-05 9.999999987775746169e-01 -3.438360951367402208e-05 -1.850792744070722980e-03 1.902226530207720080e-05 3.438293360455114766e-05 9.999999992279836603e-01 -7.965021664346432330e-04
9.999999999672564144e-01 -3.042622589459695777e-06 7.498643163943877252e-06 -2.755991781259096648e-03 3.042635555619157165e-06 9.999999999938762318e-01 -1.729123280485229231e-06 -3.437205971004175971e-03 -7.498637902828403448e-06 1.729146096066920918e-06 9.999999999703902409e-01 -1.017562561766837109e-03
9.999999991218010420e-01 -3.385706928887336994e-05 2.470013790458887542e-05 -2.830421701258918621e-03 3.385688921000129493e-05 9.999999994002762849e-01 7.290983595895537489e-06 -2.883036015637057466e-03 -2.470038474111240667e-05 -7.290147319660095427e-06 9.999999996683723857e-01 -7.714555190137374705e-04
9.999999997453407063e-01 -2.115159608913637205e-05 7.869464024514910208e-06 -3.082745202324132724e-03 2.115147382097774131e-05 9.999999996556115933e-01 1.553679644557675127e-05 -5.770600074117281618e-03 -7.869792649847693987e-06 -1.553662999085785992e-05 9.999999998483397601e-01 -4.957141725466747200e-04
9.999999982619305339e-01 4.969714293151863971e-05 -3.172275080418604021e-05 2.653041896061108205e-04 -4.969630977241581440e-05 9.999999984202390113e-01 2.626402022935607405e-05 -1.250671333435216144e-03 3.172405600083897227e-05 -2.626244368005658557e-05 9.999999991519341602e-01 -1.402193610490777651e-03
9.999999983814465976e-01 5.092152513691058241e-05 -2.537922397745788323e-05 7.935946075776577867e-04 -5.092081163863009137e-05 9.999999983083557309e-01 2.811333230979311002e-05 5.797876939951243994e-04 2.538065550828315963e-05 -2.811203993360649196e-05 9.999999992827677264e-01 -1.710206262136750380e-03
9.999999985178983364e-01 -5.442397582396153597e-05 1.494728133133236954e-06 -2.022718252425952708e-03 5.442398409752225976e-05 9.999999985036931438e-01 -5.535678112588956840e-06 -1.215740666114910502e-03 -1.494426857284896305e-06 5.535759453444667509e-06 9.999999999835610387e-01 -1.461719216094185293e-03
9.999999991264986177e-01 -3.298835478128719006e-05 2.566653930853198719e-05 -4.612641377900323671e-03 3.298897491347836647e-05 9.999999991639851871e-01 -2.416106614757552662e-05 -1.262536425005114519e-03 -2.566574225325240780e-05 2.416191283929216321e-05 9.999999993787358488e-01 -1.469975407710817248e-03
9.999999996180886086e-01 -2.251571904744093360e-06 2.754547479602037580e-05 -6.153056891854264548e-03 2.251514609707679417e-06 9.999999999953020913e-01 2.080047127141561601e-06 -2.477193804968527962e-03 -2.754547947926663893e-05 -2.079985107308233031e-06 9.999999996184600892e-01 -7.349540252853014244e-04
9.999999953746682158e-01 9.530141214424227888e-05 -1.297322167917341487e-05 -7.849863288048077037e-04 -9.530126724136278864e-05 9.999999953964548993e-01 1.116954282576539187e-05 -1.239390033795123320e-03 1.297428609265490340e-05 -1.116830640963632178e-05 9.999999998534684353e-01 -1.185748358598493705e-03
9.999999988547193519e-01 4.769321608220307348e-05 3.989789415643876902e-06 -4.153408448144289833e-03 -4.769334003563159525e-05 9.999999983798965042e-01 3.107333778541054208e-05 -1.490625591138934874e-03 -3.988307421766609841e-06 -3.107352803620611482e-05 9.999999995092646587e-01 -1.697289868919817655e-03
9.999999955791359918e-01 -9.367838222240251181e-05 8.129497558506531293e-06 -7.963997421827014728e-03 9.367813602509761871e-05 9.999999951537781318e-01 3.027954128640373275e-05 -2.493466427020294730e-03 -8.132334057551328057e-06 -3.027877959636389530e-05 9.999999995085303572e-01 -7.779040967247380801e-04
9.999999955283623843e-01 -9.453701012294801851e-05 -2.455385723826330419e-06 -9.441174646721480282e-03 9.453694891969911514e-05 9.999999952210216758e-01 -2.491429063661171700e-05 -5.971115122210442216e-04 2.457741034638214949e-06 2.491405840052928793e-05 9.999999996866245633e-01 -1.540687554297324297e-04
9.999999983682927862e-01 -5.712278813405194432e-05 -6.335757662300134180e-07 -1.156842984340471919e-02 5.712277388534206632e-05 9.999999981161198370e-01 -2.246661849549975794e-05 1.351221562923736810e-06 6.348591209248396923e-07 2.246658226723558137e-05 9.999999997474248170e-01 -1.553198634822473227e-03
9.999999895649009929e-01 -5.981982756338753238e-05 -1.314982358808035985e-04 -2.073632189084341493e-02 5.981326197108919490e-05 9.999999969645598785e-01 -4.993249401525234643e-05 4.791968292778659572e-03 1.315012224348303612e-04 4.992462815577035812e-05 9.999999901074799746e-01 -4.389480796258454429e-03
9.999997086553878978e-01 -3.851680031866612443e-05 -7.623684118700482966e-04 -9.907340922787843257e-03 3.836994433624425034e-05 9.999999807078366887e-01 -1.926449416572258079e-04 1.817350166182233467e-02 7.623758172290626654e-04 1.926156334976328354e-04 9.999996908411177277e-01 -7.914511892495876624e-03
9.999989255760188822e-01 7.070494818390791472e-05 -1.464188382038508415e-03 2.145838118012886528e-02 -7.098293486349157059e-05 9.999999794675361597e-01 -1.898060857278859362e-04 1.637230319899342368e-02 1.464174931745657136e-03 1.899098141842257771e-04 9.999989100624219196e-01 -2.907541727088687467e-03
9.999988488582156609e-01 7.683370086032324244e-05 -1.515380752821251283e-03 5.539522858009035544e-02 -7.703390379675756014e-05 9.999999883134920164e-01 -1.320560242262232655e-04 7.589810427250984377e-03 1.515370588758679655e-03 1.321726079061442136e-04 9.999988430905210057e-01 4.552486401481998374e-03
9.999994206012540188e-01 9.813388494065006297e-06 -1.076429678950002397e-03 9.248271962311885308e-02 -9.926530187433891018e-06 9.999999944274109431e-01 -1.051030075146971841e-04 3.430928620693335894e-03 1.076428641534857289e-03 1.051136318298491636e-04 9.999994151260810371e-01 2.903465675844036156e-03
9.999996206553265488e-01 4.678058563109918660e-05 -8.697705328154653210e-04 1.452842370687762452e-01 -4.696909647418777992e-05 9.999999754137939290e-01 -2.167171324590518163e-04 9.065969978036360344e-03 8.697603732767350635e-04 2.167579025846281702e-04 9.999995982663716365e-01 1.746361828362792299e-03
9.999993695446527386e-01 1.522180650510466062e-04 -1.112537620813629485e-03 2.212185652422340720e-01 -1.523652922664259679e-04 9.999999796472403002e-01 -1.322510368828810044e-04 1.136155370748247705e-02 1.112517467173483425e-03 1.324204656242602680e-04 9.999993723846558602e-01 3.152948374188097209e-03
9.999990488752596995e-01 2.448208983823621314e-04 -1.357317687097869515e-03 3.155683547237290165e-01 -2.446611692131101250e-04 9.999999631267557643e-01 1.178448101890637248e-04 4.430469112180455277e-03 1.357346487921463158e-03 -1.175126151716302387e-04 9.999990719002178619e-01 3.504856968830329968e-03
9.999986086316949851e-01 5.331983847246239304e-04 -1.580643589375521759e-03 4.585889071825426933e-01 -5.325336195515973812e-04 9.999997696014698567e-01 4.209571846395694910e-04 -2.578573371209542942e-03 1.580867678888450137e-03 -4.201148530812138203e-04 9.999986621795511343e-01 5.746385815045464834e-03
9.999984421626610942e-01 7.254402886339551089e-04 -1.609163956393855214e-03 6.015988771726729079e-01 -7.246469908636210934e-04 9.999996156643722323e-01 4.935158016494501981e-04 1.097822488618565781e-03 1.609521354180409652e-03 -4.923489570132999699e-04 9.999985835157542136e-01 5.871950656955076189e-03
9.999984426439502139e-01 8.562521390444833387e-04 -1.543224529541258440e-03 7.193220353033068504e-01 -8.556316549678835660e-04 9.999995528694334279e-01 4.026852420592465730e-04 9.775383071056846507e-03 1.543568639618275165e-03 -4.013641831767502722e-04 9.999987281505148262e-01 4.533276300532487063e-03
9.999982964356366466e-01 8.373338248923211172e-04 -1.644991759961244270e-03 8.264898440706096583e-01 -8.367544630864080790e-04 9.999995876679075302e-01 3.528540540548499448e-04 8.192548790086410376e-03 1.645286538313060071e-03 -3.514769987483700657e-04 9.999985847470616029e-01 6.653399497747620843e-03
9.999973094723627609e-01 1.167983661919736729e-03 -2.004211116854062551e-03 9.503598838066587007e-01 -1.167510183372694492e-03 9.999992902814074380e-01 2.373955626407506399e-04 1.010143160449542693e-02 2.004486968566746539e-03 -2.350549870328725113e-04 9.999979633884991115e-01 3.025509001294921646e-03
9.999954069388956590e-01 1.532470376888000812e-03 -2.614887312363532810e-03 1.119264141028788462e+00 -1.532060011309434528e-03 9.999988137659535647e-01 1.589301968434090023e-04 8.339509857966467127e-03 2.615127766313830610e-03 -1.549233025819510116e-04 9.999965685468806820e-01 -4.275649167912349028e-05
9.999929739637779535e-01 1.859521180003166933e-03 -3.254873893111638605e-03 1.327015983444596481e+00 -1.858653490435446419e-03 9.999982363636921168e-01 2.695861788247314885e-04 9.389689881760907020e-03 3.255369453907223584e-03 -2.635346019801149543e-04 9.999946665453931516e-01 6.863159107383453444e-03
9.999904391176362983e-01 2.696546661661778071e-03 -3.442427837803985115e-03 1.513617658757860696e+00 -2.693931390382168969e-03 9.999960794133246900e-01 7.641280281695709371e-04 1.025640415647403880e-02 3.444474848350716819e-03 -7.548470580199972317e-04 9.999937828801427342e-01 1.274434747097912164e-02
9.999904617615475999e-01 2.811526482533560373e-03 -3.342410023439271443e-03 1.694996656238134225e+00 -2.808887332419390554e-03 9.999957398273311426e-01 7.940271673560441628e-04 8.150196343273305791e-03 3.344628212604313592e-03 -7.846311405609939860e-04 9.999940988906348416e-01 4.073480673574748911e-03
9.999944770780200276e-01 1.871553912395975154e-03 -2.746470354885686797e-03 1.894369174495038832e+00 -1.870120243731681611e-03 9.999981137840540102e-01 5.244793686183740018e-04 1.602962463898781331e-02 2.747446765863816552e-03 -5.193402421502603178e-04 9.999960909033502876e-01 3.976248204438904109e-03
9.999943238539001911e-01 2.528314120334801841e-03 -2.227080530615628898e-03 2.143131440178549951e+00 -2.528087560281994887e-03 9.999967989173316196e-01 1.045388801351402323e-04 1.194031173081388716e-02 2.227337708673510740e-03 -9.890803217198788834e-05 9.999975145888777561e-01 1.354701783213676375e-02
9.999892124200294719e-01 4.021018198908462953e-03 -2.325178748661133315e-03 2.406091148765782783e+00 -4.020640129520371663e-03 9.999919032074955361e-01 1.672495137120934641e-04 1.248869442991164085e-02 2.325832435509664255e-03 -1.578990025094143348e-04 9.999972827820018395e-01 3.074513401947513019e-02
9.999868243885177144e-01 4.436326511589130418e-03 -2.582645242859436287e-03 2.648657507279944756e+00 -4.435448503124972928e-03 9.999901036319814862e-01 3.455932219278206805e-04 9.630088759381007918e-03 2.584152848424315328e-03 -3.341334785492539559e-04 9.999966052486750634e-01 3.086691421155135159e-02
9.999867200636280984e-01 4.561451103238846512e-03 -2.398512084581934985e-03 2.896082507890484603e+00 -4.559919551379485424e-03 9.999893963848351941e-01 6.436237860528329184e-04 1.107789065409568556e-02 2.401422510111783388e-03 -6.326782166212014617e-04 9.999969164393468501e-01 2.265926984079952647e-02
9.999838725486910329e-01 5.328106734786039293e-03 -1.966194584987094891e-03 3.150735755520088333e+00 -5.326638306135676564e-03 9.999855311163731164e-01 7.513203450300497610e-04 4.237411595384147321e-03 1.970169251336792871e-03 -7.408350207540589710e-04 9.999977847958430033e-01 1.274164793366378348e-02
9.999797005668659144e-01 6.164337633056874918e-03 -1.612264167858661404e-03 3.420395888762153724e+00 -6.163041065647413899e-03 9.999806819034861016e-01 8.079261488926701550e-04 -1.129791973772466089e-03 1.617213351548210838e-03 -7.979732981746485987e-04 9.999983739284734607e-01 1.642628275048405723e-02
9.999773921875340088e-01 6.533758355112973502e-03 -1.589061224694415103e-03 3.719286542864367107e+00 -6.532189193751873797e-03 9.999781743000044631e-01 9.906704633014839015e-04 5.839335912413076701e-03 1.595499343737610213e-03 -9.802680178492748607e-04 9.999982467266916863e-01 2.626910181352639165e-02
9.999729714588125873e-01 7.229133199032901705e-03 -1.340143657719234348e-03 4.011605979559290880e+00 -7.227210710023608889e-03 9.999728553463929082e-01 1.433874379065112978e-03 1.968401592633542765e-03 1.350472948860803862e-03 -1.424150122936362374e-03 9.999980740077661912e-01 2.449393620044978959e-02
9.999697862258682957e-01 7.669560853825352180e-03 -1.266677425676739641e-03 4.297743145033988021e+00 -7.667791001566843199e-03 9.999696272927089957e-01 1.396235380220261753e-03 -3.313136172174523499e-04 1.277347465468920860e-03 -1.386480576913356978e-03 9.999982230259523153e-01 1.502992442561391917e-02
9.999741933449686204e-01 7.038073581371521829e-03 -1.441583969990029241e-03 4.602892977972417476e+00 -7.037329134164623141e-03 9.999751020562047676e-01 5.208323534250430733e-04 -1.628600534805114703e-03 1.445213733940332651e-03 -5.106740116128135991e-04 9.999988252839685510e-01 1.278540425522523005e-02
9.999818940781269871e-01 5.877661727031668545e-03 -1.290197095094228587e-03 4.925868678357878672e+00 -5.878192016760425478e-03 9.999826402064914133e-01 -4.076079842689834718e-04 -1.911239312511953808e-02 1.287778915690301852e-03 4.151846304150959136e-04 9.999990846231745500e-01 1.495787071917036547e-02
9.999932684199944743e-01 3.348584052362559536e-03 -1.500033179982014110e-03 5.263901032478477404e+00 -3.351036435631369464e-03 9.999930480406724609e-01 -1.635366971754706076e-03 -2.079158288541609750e-02 1.494546588050978814e-03 1.640382628991873251e-03 9.999975377346319583e-01 2.364549786430227701e-02
9.999989525850863092e-01 -1.347197108730351014e-04 -1.441068815073872104e-03 5.594889356987295059e+00 1.269408735681146021e-04 9.999854296840648971e-01 -5.396693950063647695e-03 -1.358644841507799031e-02 1.441774859294575216e-03 5.396505366951661990e-03 9.999843993858501534e-01 4.353791247470973486e-02
9.999882242593532977e-01 -4.682552282842534531e-03 -1.274773212675400606e-03 5.947535631413272128e+00 4.672228274968450411e-03 9.999572067376506501e-01 -7.984671338383871747e-03 -9.127401586989984661e-03 1.312107301974171220e-03 7.978621281516606878e-03 9.999673094541011720e-01 7.062609849278311813e-02
9.999524732552279582e-01 -9.708533850219542433e-03 -8.919648153428292496e-04 6.301380077729005436e+00 9.701299374474281478e-03 9.999226321649488103e-01 -7.785529832147267126e-03 -7.613553208679161959e-03 9.674818858734201546e-04 7.776506593552881194e-03 9.999692944905863579e-01 6.450666366068190383e-02
9.998831580357070425e-01 -1.525926218788677818e-02 -9.084019059123708134e-04 6.673477011831542960e+00 1.525343834202712301e-02 9.998650178802728217e-01 -6.105623475761109455e-03 2.830159681263954164e-03 1.001446597334701904e-03 6.091053830259354242e-03 9.999809479024835968e-01 3.486009932402436839e-02
9.997591143042704465e-01 -2.191123714740038364e-02 -1.269272315555071331e-03 7.058648672938073965e+00 2.190402258994476187e-02 9.997452588389694750e-01 -5.443456932968697252e-03 1.213002332631432818e-02 1.388221855411680972e-03 5.414343512585515113e-03 9.999843787401920814e-01 9.807763396581944959e-03
9.995294815203702443e-01 -3.066874963320883121e-02 -4.933229726587508822e-04 7.449773838159227779e+00 3.066209654132360032e-02 9.994773575677647903e-01 -1.023950902383048873e-02 2.913184031591324608e-02 8.070980797592827456e-04 1.021956482899872599e-02 9.999474531631127316e-01 1.919171731316413054e-02
9.991421137937892549e-01 -4.140417806891336788e-02 8.546824651958990007e-04 7.836566834852557228e+00 4.141218767165710107e-02 9.990388958240403738e-01 -1.436368138499429653e-02 4.973615113036061741e-02 -2.591446045200397640e-04 1.438675325151207024e-02 9.998964717284255510e-01 7.379175709579297027e-02
9.985633880569176890e-01 -5.356083108509365059e-02 1.548355825920056045e-03 8.222023980215992012e+00 5.357753743863256229e-02 9.984611287640544619e-01 -1.431159771731304459e-02 7.332281458257244866e-02 -7.794320377817233209e-04 1.437399459733932142e-02 9.998963850144744203e-01 9.769650860351694610e-02
9.977991906344346740e-01 -6.628666349378062317e-02 1.689204584789957267e-03 8.628745812019467110e+00 6.630204696476213466e-02 9.977296237444881477e-01 -1.181678767535942857e-02 1.078699919029040138e-01 -9.020740265959440850e-04 1.190277890008643695e-02 9.999287525203514049e-01 5.172068459750039926e-02
9.968223367500792520e-01 -7.961354159013919740e-02 2.629249243964076541e-03 9.044698960215377781e+00 7.963567755388367697e-02 9.967758671778138568e-01 -9.799462865436354628e-03 1.441747267049126036e-01 -1.840602250780461711e-03 9.977705517421010459e-03 9.999485274632700094e-01 2.067570502307434013e-02
9.955084489914690637e-01 -9.460922174759617276e-02 3.467440974800746218e-03 9.469017129745344263e+00 9.463916936147245829e-02 9.954630379886416636e-01 -9.837053471176700203e-03 2.045405715119436585e-01 -2.521033353623930700e-03 1.012102557740233999e-02 9.999456031365363540e-01 2.491593932265703110e-02
9.936554349531397934e-01 -1.123948228603748600e-01 4.034895571342283528e-03 9.871893581358589742e+00 1.124333670644599437e-01 9.935970646608192069e-01 -1.111805144583664050e-02 2.759407044978033907e-01 -2.759448973091288386e-03 1.150116914008368109e-02 9.999300518285146877e-01 6.725116967576874605e-02
9.911704515110144609e-01 -1.324813158691568182e-01 5.462325240083568123e-03 1.028185152443808370e+01 1.325355683166435095e-01 9.911151243421215673e-01 -1.118630552440075428e-02 3.529191214182272329e-01 -3.931816683935504889e-03 1.181148787738527280e-02 9.999225117836313403e-01 1.075592676130461972e-01
9.881613680939457245e-01 -1.531748305646328800e-01 8.636080603927297900e-03 1.070969760971603613e+01 1.532225060224993163e-01 9.881782658838323963e-01 -5.155432378289594685e-03 4.318115553975272469e-01 -7.744304674189946523e-03 6.417641024392509684e-03 9.999494185351553988e-01 1.005603003461440215e-01
9.844830415252737721e-01 -1.750794427273801301e-01 1.184608304108155513e-02 1.116647517722140392e+01 1.751145815560621877e-01 9.845460513383021972e-01 -1.988999900090625272e-03 5.163206226481907857e-01 -1.131478128782979070e-02 4.032558546052045050e-03 9.999278544955036985e-01 -7.615203613842616570e-03
9.796684824548216319e-01 -2.001804652523986872e-01 1.332087894998287315e-02 1.160713267674841731e+01 2.002601909848166772e-01 9.797303260487119081e-01 -4.933976814854096164e-03 6.224796532973785324e-01 -1.206318330258010323e-02 7.501303341284580421e-03 9.998990999379839817e-01 -2.410693857202358958e-02
9.735554771196347490e-01 -2.281032439366705300e-01 1.259535930126916801e-02 1.202870164300610334e+01 2.282172790582351896e-01 9.735731760200057039e-01 -8.493790294950837386e-03 7.459991503572492855e-01 -1.032504283845364808e-02 1.114365469165146984e-02 9.998845995666186814e-01 7.032005138820546231e-02
9.659832879973599962e-01 -2.583412681430969915e-01 1.166518255433725282e-02 1.244978974442942388e+01 2.584459387249492535e-01 9.659877102226412937e-01 -8.569740684420013022e-03 8.921581774512854501e-01 -9.054505308922787543e-03 1.129304533927438098e-02 9.998952360425444885e-01 1.317405783180385370e-01
9.568169320393730137e-01 -2.904811723451886651e-01 1.104749182967480585e-02 1.288689058019109268e+01 2.905591804157239277e-01 9.568366992412647987e-01 -6.236478270959414788e-03 1.040069932854064128e+00 -8.759066097747297483e-03 9.177118177629318974e-03 9.999195263935238831e-01 8.001454342787923946e-02
9.460788296492151916e-01 -3.237733293333526219e-01 1.028004386993205087e-02 1.334339971183279161e+01 3.238348448819349801e-01 9.461005308474769171e-01 -4.977827881254811952e-03 1.205399394771675903e+00 -8.114267056515805585e-03 8.038453988091717045e-03 9.999347688362560937e-01 7.375027921302977629e-03
9.338704529722683390e-01 -3.575076645962581012e-01 8.616659462913692225e-03 1.378537224772743564e+01 3.575658520732249435e-01 9.338651120514220860e-01 -6.527934155111330891e-03 1.398442228931637832e+00 -5.713011160410843073e-03 9.177268009288511511e-03 9.999415679205293506e-01 -5.917101964120249913e-03
9.206030088928613964e-01 -3.904134049226443692e-01 8.214211716131108315e-03 1.420382225170270019e+01 3.904789515963100199e-01 9.205675576209471078e-01 -9.031069485434358585e-03 1.596082357912961935e+00 -4.035886229398763687e-03 1.152150652091637681e-02 9.999254804783364037e-01 4.546736552069675918e-02
9.065509812797076794e-01 -4.219575697954704441e-01 1.082255206038250719e-02 1.464025819878868617e+01 4.220441702139611784e-01 9.065440404835434229e-01 -7.524696152035751165e-03 1.829469605976433710e+00 -6.636017571400323022e-03 1.138911568438118367e-02 9.999131218834563795e-01 1.055136150631836578e-01
8.916245982767551093e-01 -4.525699033417065476e-01 1.364032027092518598e-02 1.509155661812894778e+01 4.526571661897365040e-01 8.916756123716316207e-01 -4.011508289037372596e-03 2.080773430019830617e+00 -1.034725301189829555e-02 9.751148186454235145e-03 9.998989196234555621e-01 5.014461428064043158e-02
8.753291666522708958e-01 -4.833191011779911506e-01 1.419494432323701281e-02 1.552724348559875267e+01 4.834112444743873249e-01 8.753852510055162295e-01 -3.772404767994295798e-03 2.345342389944609529e+00 -1.060276961765958988e-02 1.016409162238414432e-02 9.998921304410424149e-01 -1.017268542145031984e-02
8.575442412843433670e-01 -5.142285248759114191e-01 1.367108057192600520e-02 1.594209646466008401e+01 5.143283362494578403e-01 8.575790631737566505e-01 -4.951054118725667190e-03 2.608359087269478849e+00 -9.178059213392143062e-03 1.127717207309131275e-02 9.998942887221174969e-01 1.575331533437097919e-02
8.393432741384148077e-01 -5.434060115451128103e-01 1.458680140533163798e-02 1.633939398705291524e+01 5.435289198360481189e-01 8.393678662908947707e-01 -6.156162776383238694e-03 2.880070204002586731e+00 -8.898396510865340739e-03 1.309548223256139579e-02 9.998746555867050745e-01 6.085666296546940468e-02
8.205621444237396478e-01 -5.713671211439446118e-01 1.474381274958291507e-02 1.674433966230282778e+01 5.714962864420467525e-01 8.205784595671055115e-01 -6.556392104381688485e-03 3.198806042253535598e+00 -8.352348272427145837e-03 1.380596139923785312e-02 9.998698083791603963e-01 6.861102684513570305e-02
8.006741006798883120e-01 -5.989379232385977359e-01 1.394089692551110822e-02 1.715950092188051812e+01 5.990546868555887139e-01 8.006832127799738963e-01 -6.314659823907294196e-03 3.538117948440682614e+00 -7.380152898463452141e-03 1.340734421780449132e-02 9.998828813737239418e-01 3.726490740944755214e-02
7.796737808260709723e-01 -6.259235693555846858e-01 1.812403976889542107e-02 1.754868850558731097e+01 6.260872696507824298e-01 7.797380879668756037e-01 -4.821302208890829513e-03 3.875999299444138568e+00 -1.111423742810321684e-02 1.510627349566093063e-02 9.998241216471355219e-01 8.213901095717054957e-03
7.589654974770883022e-01 -6.507370989110603521e-01 2.264070979834272718e-02 1.792453685660748519e+01 6.509459246989823811e-01 7.591197645300737928e-01 -2.566362716384661645e-03 4.211585318156412683e+00 -1.551698286209800270e-02 1.668565853127105050e-02 9.997403723178509560e-01 2.133176896033998904e-02
7.388324007411519734e-01 -6.734184268142647811e-01 2.518543313240004244e-02 1.830814914227016388e+01 6.736750556481915231e-01 7.390237489094912959e-01 -2.412041700978247855e-03 4.570646663708646251e+00 -1.698831988373241536e-02 1.874889262761493536e-02 9.996798867701430780e-01 3.384779412266841758e-02
7.185065345576762130e-01 -6.951004538581054826e-01 2.416027409146360994e-02 1.869131495220491601e+01 6.953355609190253750e-01 7.186826505757503147e-01 -1.924963074530681995e-03 4.973579865601466032e+00 -1.602552711592332424e-02 1.818259628517777601e-02 9.997062446904025901e-01 5.073808582235975195e-02
6.979916208979718428e-01 -7.157794965581415481e-01 2.161965455772854594e-02 1.904387941654277583e+01 7.159503922894240313e-01 6.981511152133600406e-01 -2.368690811558006246e-04 5.376612858167737485e+00 -1.492423990834589737e-02 1.564393279566413456e-02 9.997662398930275973e-01 2.698486562573668146e-02
6.778338476251521971e-01 -7.349652540802456002e-01 1.916638485584001850e-02 1.938918576672362093e+01 7.350663227817348933e-01 6.779908013237395670e-01 2.444265233561161883e-03 5.772617999073109019e+00 -1.479108264531395212e-02 1.243175832912069706e-02 9.998133202048399282e-01 2.980268206916441773e-03
6.579572186825077829e-01 -7.528921408964425188e-01 1.567554018049127987e-02 1.972722999693850099e+01 7.529121534334221044e-01 6.580954697344730819e-01 5.800166136458637621e-03 6.185861043946911053e+00 -1.468290147845540718e-02 7.986043534485027379e-03 9.998603079994921039e-01 -1.827738829492128736e-02
6.382857746287626810e-01 -7.696484778882268785e-01 1.524763558378774801e-02 2.006915283608107359e+01 7.696040105170185441e-01 6.384448534225372063e-01 9.891215011100896320e-03 6.636439156792871330e+00 -1.734753304309061619e-02 5.421219660804869715e-03 9.998348230956491944e-01 -9.506659777639966946e-03
6.188504952156231864e-01 -7.854083120108513727e-01 1.256375722636839630e-02 2.040511456596947326e+01 7.852060490743580923e-01 6.189768724009494516e-01 1.786314445374624985e-02 7.101790784092896658e+00 -2.180653728620517845e-02 -1.189477618062935449e-03 9.997615015965465313e-01 3.852276843294069608e-02
5.996297411684501366e-01 -8.002709843228654751e-01 3.244249862354746036e-03 2.070238870865648551e+01 7.999364586574742031e-01 5.994875851880130391e-01 2.676373135390529290e-02 7.560144589073408028e+00 -2.336312515047211935e-02 -1.345313555855211229e-02 9.996365227055514779e-01 2.889824039192689931e-03
5.807941086929072627e-01 -8.140494051186508706e-01 1.330162990866426420e-03 2.101386146970996904e+01 8.136011055534222436e-01 5.805270003232017029e-01 3.227449361329377125e-02 8.005732873141504058e+00 -2.704522785743611324e-02 -1.766261367171271385e-02 9.994781577045208643e-01 -1.142738039536407291e-01
5.632530213141280218e-01 -8.261827917482336137e-01 1.296258460343644413e-02 2.134207691304743904e+01 8.255570219663970200e-01 5.633460263363780918e-01 3.311884800211046392e-02 8.470271401214384710e+00 -3.466464282926406265e-02 -7.952938457431635647e-03 9.993673565348288879e-01 -1.676158684610585814e-01
5.460882692513501224e-01 -8.372488614632337400e-01 2.831865400374749750e-02 2.167874782011130463e+01 8.366142193297404495e-01 5.467930611899204374e-01 3.307561412650084770e-02 8.992224372769538121e+00 -4.317696378109737304e-02 5.629583739047878954e-03 9.990515790416283348e-01 -4.003127559324620721e-02
5.280848243692729538e-01 -8.486823374587593172e-01 2.940592383195195225e-02 2.196237572294902307e+01 8.478426893746102699e-01 5.288807896241884965e-01 3.805107673276861974e-02 9.510012390364883217e+00 -4.784550496026017397e-02 4.837401371741247014e-03 9.988430343167370440e-01 7.577339479936340272e-02
5.099764540351536812e-01 -8.599840210629889903e-01 1.874832915391081919e-02 2.222092069693407979e+01 8.590325420341762275e-01 5.102997247402578651e-01 4.070973662796657094e-02 9.985743835368326771e+00 -4.457699020831437653e-02 -4.655582278257942852e-03 9.989951038406635897e-01 -1.428633560325154317e-02
4.914182438951716358e-01 -8.708764426769004530e-01 9.073651823440968475e-03 2.248008819152683557e+01 8.700099484590815280e-01 4.913531333743358376e-01 4.067908437328153493e-02 1.046975964042371388e+01 -3.988482354495238857e-02 -1.209627685073400363e-02 9.991310629427644363e-01 -2.053550372436008242e-01
4.737008336175237977e-01 -8.806432561485563193e-01 8.658846928493363349e-03 2.274809917225944389e+01 8.798148141624669849e-01 4.736466311195535184e-01 3.980906441202920754e-02 1.097982134709551261e+01 -3.915881778509779088e-02 -1.123940519625829179e-02 9.991697867532363109e-01 -2.695980699530727831e-01
4.567525845017517128e-01 -8.894231416574399640e-01 1.742273328669868143e-02 2.301452070760917934e+01 8.886704225335636531e-01 4.570830847643566619e-01 3.660510533132353694e-02 1.150567808641498857e+01 -4.052106446019815983e-02 -1.236408714460773134e-03 9.991779194060000924e-01 -2.076343372179010327e-01
4.399004305313913843e-01 -8.976504084577812126e-01 2.667124695013865787e-02 2.326193914461768841e+01 8.969686242925931641e-01 4.406333055153711653e-01 3.591068232783670849e-02 1.203589795603763690e+01 -4.398747836543660805e-02 8.126147068342482946e-03 9.989990327727419350e-01 -7.536231607111323894e-02
4.225913393743804258e-01 -9.059685310263270175e-01 2.525035991360769297e-02 2.347940005416015907e+01 9.051386139576471646e-01 4.232987620934739459e-01 3.927145952167365728e-02 1.255827225672792835e+01 -4.626715258795535690e-02 6.259297095683753059e-03 9.989094912910132518e-01 -2.580552530377056009e-02
4.039266351505219621e-01 -9.147190206367052934e-01 1.150594200420458624e-02 2.368169542329394517e+01 9.137352193091450303e-01 4.040325899724597214e-01 4.296062422981421214e-02 1.306625903058371208e+01 -4.394567566946885884e-02 -6.839555948544667058e-03 9.990105094864520918e-01 -1.571572720041171101e-01
3.850492057522179046e-01 -9.228878200847169255e-01 3.896240350068972541e-03 2.388678993912238013e+01 9.220403946707468323e-01 3.848705365099321929e-01 4.142681163172504122e-02 1.357239374595418013e+01 -3.973184799376559828e-02 -1.235886992553278732e-02 9.991339442683168093e-01 -3.951418990884686955e-01
3.652661093680165116e-01 -9.307942967405313794e-01 1.423539611152026957e-02 2.410894408611040163e+01 9.301925467854961216e-01 3.655419969033298910e-01 3.347946243054863297e-02 1.410240739652571840e+01 -3.636612780960857272e-02 1.012746377736212233e-03 9.993380204379845866e-01 -4.672491046714594143e-01
3.451303175370050713e-01 -9.381220154044349613e-01 2.849821275671812065e-02 2.430310251018209300e+01 9.380074467105019576e-01 3.458068281092491203e-01 2.365729377306186043e-02 1.462461314941929480e+01 -3.204830467358281421e-02 1.856668647177876774e-02 9.993138567642338987e-01 -2.330663122517714347e-01
3.265541765793520401e-01 -9.447550632920957980e-01 2.828851608920944158e-02 2.444726185814424113e+01 9.448523432134112721e-01 3.270814338868431870e-01 1.648590703154956261e-02 1.511979648319204728e+01 -2.482779254600887484e-02 2.134492891706840645e-02 9.994638436315831376e-01 2.309559385186621405e-03
3.073742807460396742e-01 -9.515248995955448708e-01 1.101893758686504042e-02 2.459070467601130261e+01 9.515034414788786643e-01 3.074811374346493320e-01 9.826035606728305075e-03 1.567471428914916665e+01 -1.273783300664507213e-02 7.464286408139965065e-03 9.998910100799547340e-01 -8.678609860513109009e-02
2.844512193096321306e-01 -9.586885751480809237e-01 -1.928655958475671700e-03 2.475107803415864538e+01 9.586876895658482667e-01 2.844449209871423578e-01 3.000133249401370529e-03 1.625344704786100536e+01 -2.327597078402987921e-03 -2.702370285682037000e-03 9.999936397231132812e-01 -4.375213777153015293e-01
2.617488715251646836e-01 -9.651277779007322311e-01 3.987553096520785739e-03 2.490650733207571932e+01 9.651347402527498121e-01 2.617530078191910858e-01 5.441092384438290033e-04 1.677680423556005351e+01 -1.568888957087596512e-03 3.706106042905548716e-03 9.999919016499279056e-01 -5.945524324269361172e-01
2.416910324443518610e-01 -9.701696801485439892e-01 1.887422995662225989e-02 2.504045500941657920e+01 9.702521931439829217e-01 2.419008626576807375e-01 9.729046446666507475e-03 1.730373119588207231e+01 -1.400451838781914017e-02 1.596133972892272226e-02 9.997745291308351989e-01 -3.368206638228583572e-01
2.219340449787581271e-01 -9.746824610717075288e-01 2.719153836335490640e-02 2.516323889888204945e+01 9.746441834867936027e-01 2.225687232868429621e-01 2.306250224555494305e-02 1.791694612841968492e+01 -2.853060242490638651e-02 2.138372029521416751e-02 9.993641684749398069e-01 -1.026897392164946854e-01
1.998877427183149980e-01 -9.794604213416666649e-01 2.649855347337721351e-02 2.525392379876930704e+01 9.791941794722909265e-01 2.006527659446811773e-01 3.028574592668614729e-02 1.853743801402798752e+01 -3.498069751396485488e-02 1.989347993574053924e-02 9.991899720561064902e-01 -1.610864263272419605e-01
1.764529012488568194e-01 -9.840669217762187948e-01 2.183270727002110251e-02 2.534762594304879357e+01 9.837938501436960248e-01 1.770347295650749331e-01 2.843175948237840547e-02 1.910384943650568346e+01 -3.184390146172756675e-02 1.646201669595895659e-02 9.993572774268458803e-01 -3.791155237953950374e-01
1.543565851178432258e-01 -9.877960242010277447e-01 2.081007456499293570e-02 2.545901611836837475e+01 9.876157846457613854e-01 1.548588003470169339e-01 2.517566034128478764e-02 1.966024065370623575e+01 -2.809104037402338286e-02 1.666632916167486156e-02 9.994664211082729954e-01 -4.997279176051734328e-01
1.339822499823506430e-01 -9.906990523928558279e-01 2.375172157054527763e-02 2.553494478789223976e+01 9.905101555842497074e-01 1.346206406110542764e-01 2.769322671584471818e-02 2.025122057298872846e+01 -3.063312543853008094e-02 1.981592060357435792e-02 9.993342488459504569e-01 -4.071585375545308527e-01
1.151477747073413882e-01 -9.929529359542914602e-01 2.802600506138670441e-02 2.557931458515206558e+01 9.927096071101779717e-01 1.160395578797575045e-01 3.259535178867353777e-02 2.088030916016237626e+01 -3.561777549348551369e-02 2.406840224908830816e-02 9.990756157979593377e-01 -3.014752164879708207e-01
9.671553579272818002e-02 -9.949059335436859497e-01 2.843041568272913072e-02 2.560759074130511692e+01 9.946385929964013384e-01 9.766127565133930766e-02 3.400506668560593360e-02 2.150108988263512799e+01 -3.660839327893123524e-02 2.498917040880668100e-02 9.990172005044831716e-01 -2.928902921466336462e-01
7.868777287358152961e-02 -9.965553443717639626e-01 2.618549224801728498e-02 2.563916155923397255e+01 9.963884958988556972e-01 7.946108185339884056e-02 2.993161724838274557e-02 2.210282794718906274e+01 -3.190924067745713744e-02 2.373567093559336011e-02 9.992088962197170909e-01 -3.989791538979072238e-01
6.268973321284854183e-02 -9.977217913174344366e-01 2.492437521848165499e-02 2.570063262418852190e+01 9.976638917422665509e-01 6.332619743327405626e-02 2.562326740127139624e-02 2.269979942933557027e+01 -2.714325815698869632e-02 2.325983338228772984e-02 9.993609076242933043e-01 -4.885287452645403761e-01
4.976320653064580934e-02 -9.984503377619802222e-01 2.491076672396432337e-02 2.574440535010410969e+01 9.984958215257624392e-01 5.030927448693434112e-02 2.179613030312615649e-02 2.332598121448659612e+01 -2.301559626385635618e-02 2.378865115103804759e-02 9.994520410730238780e-01 -4.597660081649009856e-01
3.845586611347939776e-02 -9.989417463429266508e-01 2.522962098024135458e-02 2.574413942933891875e+01 9.990702738511205716e-01 3.892866812924455910e-02 1.852421940947612811e-02 2.399227821259824367e+01 -1.948677162870806473e-02 2.449379944042216761e-02 9.995100397296982075e-01 -4.103985137094252056e-01
2.957548968441792159e-02 -9.992897725038157875e-01 2.335039569684212862e-02 2.574121196303081405e+01 9.993965832049828135e-01 2.998819222176984933e-02 1.752648868074052971e-02 2.463517725774260470e+01 -1.821427704117919988e-02 2.281795119072704478e-02 9.995736997417072889e-01 -4.188534877298351611e-01
2.476750132310789887e-02 -9.994556527208038332e-01 2.179378633101311524e-02 2.574863813765070830e+01 9.995242048755572650e-01 2.515830940711638597e-02 1.784442029489414008e-02 2.527023322931299987e+01 -1.838300155292599269e-02 2.134145525046978950e-02 9.996032250556704524e-01 -4.726724159911426804e-01
2.335651120341564191e-02 -9.994481279651811212e-01 2.362017974739989701e-02 2.578185568718793164e+01 9.995597237296479642e-01 2.377852748484821088e-02 1.774655820609066098e-02 2.594083903985108819e+01 -1.829841747022303844e-02 2.319528265719304067e-02 9.995634781145910086e-01 -5.330403963094308972e-01
2.410196179399026750e-02 -9.993014962850443883e-01 2.855897337357941185e-02 2.581958751459523782e+01 9.995260661668241564e-01 2.463493853973452996e-02 1.845976316796767505e-02 2.662949406497832427e+01 -1.915041750863369363e-02 2.810052180325642648e-02 9.994216438438932038e-01 -5.013059018435150893e-01
2.693801708924470351e-02 -9.991733734781342857e-01 3.044524540261056567e-02 2.582440507946877872e+01 9.993965837922755835e-01 2.758711232350041787e-02 2.110496477088599776e-02 2.732095336002711505e+01 -2.192741525190169960e-02 2.985834834642042690e-02 9.993135981734635465e-01 -4.416299154752941214e-01
