1.000000000000000000e+00 0.000000000000000000e+00 0.000000000000000000e+00 0.000000000000000000e+00 0.000000000000000000e+00 1.000000000000000000e+00 0.000000000000000000e+00 0.000000000000000000e+00 0.000000000000000000e+00 0.000000000000000000e+00 1.000000000000000000e+00 0.000000000000000000e+00
9.999999910535699588e-01 -1.367543333407062194e-04 6.963891597292484977e-06 4.184445477896660791e-04 1.367541497363650160e-04 9.999999907608217997e-01 2.522819121515905937e-05 5.904563792597660073e-04 -6.967372119896711181e-06 -2.522730523596486486e-05 9.999999996674365788e-01 -7.156718549684384662e-04
9.999999891421591514e-01 -1.641200625581619595e-04 4.981031968058170160e-05 5.685818062293027976e-04 1.641178544645852696e-04 9.999999890889187393e-01 4.355731046131449682e-05 2.168373257435239274e-03 -4.981735390155891773e-05 -4.354710943988380627e-05 9.999999982064405879e-01 -9.893080299119743140e-04
1.000000006550967324e+00 -7.769505957337993263e-07 4.127270767136663650e-05 3.936563906441655479e-04 7.763744126129669595e-07 1.000000006288065180e+00 2.986512172823908414e-05 1.644787269316191946e-03 -4.127109368467415929e-05 -2.986555553382712040e-05 9.999999998761509579e-01 -1.314236704964135121e-03
1.000000008644839955e+00 5.405756365779937757e-05 -2.321625373578705662e-05 1.803219976508582114e-03 -5.405680751989702524e-05 1.000000004494155048e+00 7.299014399668269173e-05 1.692829517171579728e-04 2.322134574615426127e-05 -7.298930058077209352e-05 1.000000000265053091e+00 -9.556774425833766771e-04
1.000000014858279052e+00 -3.389090265159779751e-05 -5.767344495182001943e-05 3.586071247471256732e-03 3.389322174436707217e-05 1.000000013855472547e+00 5.005743983590132110e-05 1.104082165800278825e-03 5.766860582845829985e-05 -5.005905588988681748e-05 1.000000001490420454e+00 -4.746225296901339960e-04
1.000000020795650313e+00 -7.169982364259365662e-06 2.609021131098880364e-05 2.954195701836122810e-03 7.165915778756126544e-06 1.000000016573374895e+00 4.397640145000395862e-06 1.726643313604620065e-03 -2.609291492425532200e-05 -4.396254126547237051e-06 1.000000008739211799e+00 -1.090283130095559376e-03
1.000000021176029819e+00 -1.297126456931657721e-05 1.551144494770352009e-05 3.495760607017870530e-03 1.296674581778989587e-05 1.000000016682208059e+00 2.169221599359183919e-05 2.514229659863332473e-04 -1.551404463553143043e-05 -2.169063842410712251e-05 1.000000009027748327e+00 -1.449340515215595364e-03
1.000000018283545566e+00 -7.243985334050440778e-05 3.700269728990534314e-05 3.056304491728542572e-03 7.242909510448265970e-05 9.999999988920482696e-01 1.810660092922025774e-04 -7.481957119653502835e-04 -3.701745944509054890e-05 -1.810620116196057314e-04 9.999999930372449608e-01 -1.334141797093216578e-03
1.000000023416758310e+00 -6.476897957395573792e-07 1.709355318919997393e-05 3.404429661605077196e-03 6.418095084521017344e-07 1.000000008046100897e+00 1.610381528528434861e-04 -1.072369966702587871e-03 -1.709268906073081195e-05 -1.610379042247414929e-04 9.999999985232961297e-01 -2.271773628163320773e-03
1.000000023686326234e+00 5.208447284760389706e-07 -6.115748682661771194e-05 3.356634183585200694e-03 -5.135196365608860651e-07 1.000000008622757841e+00 1.603625584408458057e-04 -5.315277054101479867e-05 6.115828788101419268e-05 -1.603616112295670466e-04 9.999999991681641776e-01 -2.499198328449622319e-03
1.000000018438693017e+00 -8.920412430559597646e-05 -1.046300636953432904e-04 4.852395598720626695e-03 8.921028248405732624e-05 1.000000020971971271e+00 6.290872238863925146e-05 -6.315811608908734149e-04 1.046203139102416568e-04 -6.291569128531699718e-05 1.000000010608815160e+00 -1.792793405279972116e-03
1.000000027222631260e+00 -8.093638548681260857e-05 -2.624679130524626563e-05 4.627678283167618346e-03 8.094321460288754456e-05 1.000000015370344775e+00 1.393125876722121599e-04 -2.901157923366613333e-03 2.623089451097088744e-05 -1.393114015544907034e-04 1.000000012083542833e+00 -1.504899042356697223e-03
1.000000027357383692e+00 -8.482974093298546790e-05 5.863635078467920106e-06 3.439577383412442506e-03 8.483132229274795166e-05 9.999999852224826791e-01 2.830074978184336071e-04 -3.745276212405666046e-03 -5.892296086537646425e-06 -2.830036086452667149e-04 9.999999824951433247e-01 -2.839739650924816197e-03
1.000000028415348075e+00 -7.338284983866337290e-05 1.499533934411463301e-05 4.889094846169702094e-03 7.338183505570173204e-05 9.999999865359935347e-01 2.857765692707595561e-04 -3.585731607282462152e-03 -1.502011978039032184e-05 -2.857720315405532104e-04 9.999999826028471706e-01 -2.738544366313890553e-03
1.000000030171278587e+00 -8.048323663531485706e-06 4.924640979502838497e-05 3.751602805973305605e-03 8.044114027863057058e-06 1.000000019575819410e+00 1.536630624868129608e-04 -5.064034177229335618e-03 -4.925064397216052687e-05 -1.536592131879597177e-04 1.000000011738737760e+00 -1.507126523382667409e-03
1.000000032164929609e+00 7.065903598483096204e-05 -5.611373973999065387e-05 3.946062183981731072e-03 -7.064726790536163508e-05 1.000000025889450805e+00 9.975679298551381308e-05 -6.086161570143065226e-03 5.611949573437261516e-05 -9.975349614982485672e-05 1.000000022259544208e+00 -2.129787505006888911e-04
1.000000035169105850e+00 1.699003301308075884e-05 -5.280911304988115821e-05 3.635744874135736666e-03 -1.696980761251553200e-05 1.000000000664658995e+00 2.614538187700688669e-04 -7.773333815113709494e-03 5.281333277882320568e-05 -2.614538299015333237e-04 9.999999944812065777e-01 1.875180928895167328e-04
1.000000035253379327e+00 1.287027574075491803e-05 -5.580025947799391556e-05 4.883562985894034959e-03 -1.285241654714362371e-05 1.000000014243267454e+00 2.113255261641354280e-04 -6.510797826586523646e-03 5.580194684246751860e-05 -2.113258488482809994e-04 1.000000007722330997e+00 -5.479977509835724661e-04
1.000000031985954996e+00 6.883601380241373695e-05 -7.997759076011390659e-05 8.269385788346069605e-03 -6.881820489527842822e-05 1.000000027681919201e+00 1.376766384169713481e-04 -6.281411270255849583e-03 7.998797498002224564e-05 -1.376726393845640716e-04 1.000000021355883506e+00 -9.365107576332506144e-04
1.000000040066896023e+00 -4.980652233521138316e-05 -4.366768128717200945e-05 8.311966210275275116e-03 4.981780388827476209e-05 1.000000035490895778e+00 1.158835725937743986e-04 -5.001216123407764211e-03 4.366204701016303160e-05 -1.158905795961720178e-04 1.000000027554214466e+00 -5.023388715476393568e-04
1.000000014740048071e+00 -2.396072413441556774e-04 2.236633018115481110e-06 5.268065094544903751e-03 2.396133196549006235e-04 1.000000008212490910e+00 1.253155171546391558e-04 -6.541247038274206754e-03 -2.266199370412731251e-06 -1.253201290434306987e-04 1.000000027579924344e+00 -2.967805398350851229e-04
9.999998236252591877e-01 -6.689229666032433727e-04 -6.963674046593079430e-05 4.803273431223758355e-03 6.689238604787205904e-04 9.999998240885275003e-01 -8.595539755300876878e-05 -9.768548738431831469e-03 6.969093683745843136e-05 8.590535565875904729e-05 1.000000030165245191e+00 -6.603804186215520445e-04
9.999990465081287638e-01 -1.416485868800184452e-03 -7.401259963384485181e-05 7.245683718225027353e-03 1.416472556459406115e-03 9.999990140677051942e-01 -2.720678370176019532e-04 -9.926062883598429920e-03 7.439364795190181348e-05 2.719590253353217882e-04 9.999999966825104947e-01 -6.144237198330844245e-04
9.999974435861669342e-01 -2.271950808458097354e-03 -2.494910544792485461e-04 1.066424924276964011e-02 2.271894326168398277e-03 9.999974444657365735e-01 -2.537674192349383888e-04 -8.134322511693058838e-03 2.500631243633386048e-04 2.531966723656909756e-04 9.999999731874855691e-01 5.521937474307046529e-04
9.999943974423535220e-01 -3.279848502237487414e-03 -7.533537781255174792e-04 1.348081527122709129e-02 3.279778024963068191e-03 9.999946770452263767e-01 -1.022330144364318221e-04 -4.766595196375098681e-03 7.536830308289139664e-04 9.976229160174300776e-05 9.999997490917352794e-01 1.037545415829946175e-03
9.999898757462940546e-01 -4.337997336419822242e-03 -1.247034696022268846e-03 2.034087414326994289e-02 4.338068126008572979e-03 9.999906522572734602e-01 4.964833667555156971e-05 4.999789158142293457e-04 1.246805601254876751e-03 -5.505535734742180901e-05 9.999992597175239029e-01 -2.124185756465521956e-03
9.999855209432307879e-01 -5.249964668358280372e-03 -1.234773898454675448e-03 3.791799937898629458e-02 5.249968580240542068e-03 9.999862827785876984e-01 -4.285862148893457375e-06 -1.071241693174743853e-03 1.234777090546333722e-03 -2.196431577853655406e-06 9.999992773674923896e-01 -4.994860831070523435e-03
9.999765081653392285e-01 -6.803757912382277055e-03 -9.069736943476155826e-04 6.745820250992805300e-02 6.803218085706546660e-03 9.999767412230288199e-01 -6.025810984178487772e-04 -6.457402458550758236e-03 9.110494277628038411e-04 5.963965906638799084e-04 9.999994470311890371e-01 -2.300434658812466025e-03
9.999524862283177828e-01 -9.742045529583581373e-03 -5.016113570255934483e-04 9.956450737870012335e-02 9.741469483486614456e-03 9.999519581214877384e-01 -1.148204693580148501e-03 -2.008347597571578328e-03 5.127694443027856937e-04 1.143263428439565558e-03 9.999992550016295612e-01 1.721520435652490900e-03
9.999029028357715454e-01 -1.394009792510052075e-02 6.316339871123260031e-05 1.296941450725741796e-01 1.394014531346441342e-02 9.999026374163459963e-01 -7.298798841612553958e-04 3.199927778888117177e-03 -5.298641879787202981e-05 7.306888753253309434e-04 9.999997718037507699e-01 4.755460265554141593e-03
9.998328173553253650e-01 -1.828469020315650825e-02 3.994008203334306378e-04 1.613340402673889840e-01 1.828470096110660151e-02 9.998328965328302509e-01 -1.025118073228312689e-05 1.031395963280394568e-02 -3.991492742863797516e-04 1.755067941276474265e-05 9.999999606045164580e-01 3.236761745325843036e-03
9.997271540858866379e-01 -2.335898879769661429e-02 3.695867468903837774e-04 2.020463711384275496e-01 2.335879235529413414e-02 9.997270804710514103e-01 5.401335701897880042e-04 1.548377343334756545e-02 -3.821045142104258934e-04 -5.313523998353264326e-04 9.999998266397883695e-01 9.292733056286502005e-04
9.995400995275028899e-01 -3.030863493172009787e-02 1.070300672126397231e-03 2.491454650702376039e-01 3.030790890977963156e-02 9.995404539650605269e-01 6.928483653262861811e-04 2.199083674899294030e-02 -1.090811069943025888e-03 -6.600897978461679185e-04 9.999992282622326423e-01 1.200947057707987646e-03
9.992489301006380886e-01 -3.868135547495152315e-02 2.345559068532451514e-03 2.886139422776817787e-01 3.867984683169648635e-02 9.992515044267203939e-01 6.873739722789555008e-04 2.924661902596160587e-02 -2.370394741453582185e-03 -5.961310792897226438e-04 9.999970541070006824e-01 5.669659583223308694e-03
9.988570857664900160e-01 -4.768894255010918543e-02 3.235388905052569413e-03 3.283277750645384185e-01 4.768630986721678761e-02 9.988620564340983110e-01 8.876471473855769220e-04 4.180543092955949641e-02 -3.274041534436667334e-03 -7.323481147290032776e-04 9.999944134414516794e-01 1.292119454695832975e-02
9.983215457175246277e-01 -5.781259319888314846e-02 3.461772548252574962e-03 3.836074825442212233e-01 5.781016746256033983e-02 9.983273684106995782e-01 7.983304782998558663e-04 5.888803978604441325e-02 -3.502140333193176115e-03 -5.968626198123577753e-04 9.999937310261326484e-01 1.132740821907085929e-02
9.975971552301863277e-01 -6.919589296036102177e-02 3.469611937831400261e-03 4.443823618534853415e-01 6.919488689163202921e-02 9.976031738023855011e-01 4.108232753342339213e-04 7.080394926924160615e-02 -3.489729724686211655e-03 -1.697543690536957401e-04 9.999939386286166298e-01 1.017543909469047041e-02
9.966994709856844548e-01 -8.110869812419944924e-02 3.427852907436397620e-03 5.017434998090263276e-01 8.110977522912832249e-02 9.967052628372696788e-01 -1.744780454731315999e-04 7.848559108988394095e-02 -3.402417354584895328e-03 4.519386680747116357e-04 9.999941524663387149e-01 1.084975791998432290e-02
9.955699316293054046e-01 -9.394609107873863607e-02 3.854012090300084660e-03 5.617816997998077433e-01 9.395078643912256611e-02 9.955763906261774210e-01 -1.054016135420675175e-03 9.234838019242358476e-02 -3.737953466531425493e-03 1.411437851511252546e-03 9.999920607147354534e-01 1.150314799546705950e-02
9.941033467366129361e-01 -1.083537100632920164e-01 4.269534292550125794e-03 6.350178254184433158e-01 1.083654481438677125e-01 9.941077859544661388e-01 -2.619088147465680177e-03 1.180382093072274013e-01 -3.960600891768733395e-03 3.066317808558223675e-03 9.999874986323277204e-01 1.327999762611085238e-02
9.922977128746242048e-01 -1.237659720464369395e-01 5.240286516113791711e-03 7.078574964988190166e-01 1.237929844547487473e-01 9.922946258625280347e-01 -5.186767695917511231e-03 1.384281439631560862e-01 -4.557978097368005008e-03 5.795533427265026592e-03 9.999728622495107633e-01 8.653456069421788105e-03
9.902261620916492646e-01 -1.392870772820160863e-01 7.175585729678551038e-03 7.842504764171418508e-01 1.393652005988910703e-01 9.901700311178228686e-01 -1.186958520008783192e-02 1.541544097344189623e-01 -5.451788273335297919e-03 1.275360576520569514e-02 9.999038531221919879e-01 -1.430707679465184666e-03
9.879980788133286840e-01 -1.541425575320600483e-01 1.000498970212281187e-02 8.685348531325315369e-01 1.543231631828236861e-01 9.877996543470638491e-01 -2.089122734908382961e-02 1.594859054848986601e-01 -6.662716901933693481e-03 2.218449796263721047e-02 9.997317391371742801e-01 8.896942920447776723e-03
9.856903256499041088e-01 -1.681185451111903151e-01 1.228693724493811271e-02 9.581541993772100252e-01 1.684015128492637459e-01 9.853320910880604133e-01 -2.760152700414177443e-02 1.690571760936493140e-01 -7.466403816750189111e-03 2.927569977259459125e-02 9.995435381384484286e-01 3.313761458477732652e-02
9.832664536475559380e-01 -1.817509884906919893e-01 1.240531460562406887e-02 1.050794815610774480e+00 1.820261920164172043e-01 9.829301638125276241e-01 -2.673969934077877544e-02 2.021538806292624280e-01 -7.333610941453242577e-03 2.855034481819457293e-02 9.995655075236787868e-01 5.464605621414292402e-02
9.804857037667967790e-01 -1.963986452747885914e-01 8.694238760364724275e-03 1.136086784534366290e+00 1.965363307476367671e-01 9.802968968777593384e-01 -1.979200373250749462e-02 2.493525657244448912e-01 -4.635833274688387282e-03 2.111451548262446853e-02 9.997663727834235070e-01 4.400058639649452596e-02
9.772426188013118020e-01 -2.121007263917193408e-01 3.221685839243113979e-03 1.217193871660651183e+00 2.121238199131975088e-01 9.771783219656717812e-01 -1.123711639653726842e-02 3.013422459220268523e-01 -7.647817786999161482e-04 1.166479257594268612e-02 9.999317295117869930e-01 1.508315498654404577e-02
9.738586320706668076e-01 -2.271546214908347905e-01 6.161921401564014571e-04 1.304163719419942913e+00 2.271524108505562911e-01 9.738279436710329806e-01 -7.822178353982661703e-03 3.419509216573414778e-01 1.176759529594627795e-03 7.757674396734534975e-03 9.999692795076867702e-01 -1.124459860808448355e-02
9.707634145418240212e-01 -2.399953171883262015e-01 4.569327618386389601e-03 1.414143807585616974e+00 2.400352345118470510e-01 9.706770000175931612e-01 -1.301990732950272962e-02 3.681732120928736252e-01 -1.310642280699058715e-03 1.373605766432905474e-02 9.999048612483832921e-01 -8.068425132415518383e-03
9.677327910713607872e-01 -2.516184892763433933e-01 1.347665450593421056e-02 1.541781402613919605e+00 2.518826424189605229e-01 9.674576664566106876e-01 -2.410536845556281171e-02 3.898956745020835668e-01 -6.972752752606687504e-03 2.672209712590480762e-02 9.996186475632496959e-01 3.059964574978873975e-02
9.642544389051254106e-01 -2.641497737756856035e-01 2.094073341023337115e-02 1.670039436437315672e+00 2.647361148796580355e-01 9.637388804619478888e-01 -3.350273870392139752e-02 4.263816815387649894e-01 -1.133167371945826771e-02 3.784893726165051292e-02 9.992192879180148424e-01 7.006662094005884633e-02
9.603102080898135995e-01 -2.779946908718233245e-01 2.288009898615728926e-02 1.779894176324036126e+00 2.786950709787167080e-01 9.596511209939924125e-01 -3.740404032728765482e-02 4.703728088133096175e-01 -1.155880512873397846e-02 4.229605788157058538e-02 9.990383259710866604e-01 7.003418885338780209e-02
9.563020808520228400e-01 -2.916511422706802859e-01 2.064435999496168697e-02 1.886081275269226420e+00 2.922516020797510383e-01 9.555929879617918177e-01 -3.783283257287476525e-02 5.053887464846194000e-01 -8.693633292184692329e-03 4.221297030012192281e-02 9.990708841255478978e-01 3.773131955260304593e-02
9.525124825323577626e-01 -3.039353932411626991e-01 1.853378108575531868e-02 2.003443170032888965e+00 3.044423009849642758e-01 9.517508403844371356e-01 -3.854226500951394435e-02 5.438113895009348830e-01 -5.925201666990080954e-03 4.235446052229546732e-02 9.990851528878768040e-01 1.253004605677244740e-02
9.488237278028978094e-01 -3.152911890241997250e-01 1.803507969060122798e-02 2.137794961088824941e+00 3.157862768346978433e-01 9.478619381513765374e-01 -4.286098763960044522e-02 5.910591298231386848e-01 -3.581092158855091537e-03 4.636275142432610269e-02 9.989183283190804508e-01 2.111025964638407748e-02
9.448284093839122155e-01 -3.271114973136985959e-01 1.725141331706614087e-02 2.277255359694768444e+00 3.275660920495808148e-01 9.435153583182660508e-01 -4.979482512220945872e-02 6.485649454934624414e-01 1.146882940989185926e-05 5.269854001487182804e-02 9.986105498345309028e-01 4.620497907433523954e-02
9.404976907841913203e-01 -3.393277957383168952e-01 1.791668642342005013e-02 2.409937133930277753e+00 3.397992657745596001e-01 9.390453799379414601e-01 -5.225456216974589535e-02 6.995800441146254878e-01 9.068244664619615897e-04 5.523336892160288919e-02 9.984731461211858727e-01 5.601652308130787572e-02
9.367649904841162112e-01 -3.491911155753253948e-01 2.317739419469108664e-02 2.546635297479840965e+00 3.499475023271225171e-01 9.352240732342004259e-01 -5.378653873077325620e-02 7.521824171608811893e-01 -2.894296045797725182e-03 5.849621806859554157e-02 9.982835222294308419e-01 3.256580036020415014e-02
9.339529679075664337e-01 -3.559986752875832772e-01 3.157651578677121013e-02 2.713730398459216708e+00 3.572899712993457544e-01 9.321790916201179167e-01 -5.819223147730677448e-02 8.164458501466494988e-01 -8.718629374127335324e-03 6.563077979189024802e-02 9.978059741337381716e-01 2.087789570376702430e-02
9.316466413372851418e-01 -3.613959760188141801e-01 3.778587473076967101e-02 2.893424660942368387e+00 3.631789032465259637e-01 9.294550522349284138e-01 -6.492084818111608369e-02 8.856771174162773042e-01 -1.165815391012863834e-02 7.420632250597058999e-02 9.971748527117636485e-01 4.000665765415772207e-02
9.297374274335794553e-01 -3.662601509763973029e-01 3.797517916859752957e-02 3.070532396607137393e+00 3.680954123404356348e-01 9.271789616805250489e-01 -6.960801045056845548e-02 9.517306570381856012e-01 -9.715162416945928581e-03 7.869565986335236296e-02 9.968514365896798957e-01 6.250731701012891828e-02
9.283046588769865437e-01 -3.702326753847009488e-01 3.432970965910593641e-02 3.240434213518431417e+00 3.717806837425512989e-01 9.255971699481919668e-01 -7.105874293806611897e-02 1.013316123860128926e+00 -5.467233421265004813e-03 7.872728328659234220e-02 9.968812891442676571e-01 5.064227874056047990e-02
9.276875373813127101e-01 -3.722127491932532561e-01 2.922005799061107995e-02 3.411554416735332218e+00 3.733577630590906304e-01 9.247669738065120715e-01 -7.355524074996462602e-02 1.079554811026644856e+00 3.564306039890795361e-04 7.914581125905102710e-02 9.968630776201267141e-01 2.314467670380506922e-02
9.273931226939573502e-01 -3.732446495251572349e-01 2.511460628448479102e-02 3.602509240525440859e+00 3.740553394778908247e-01 9.243225789211555465e-01 -7.556935972153987213e-02 1.154488418250888770e+00 4.991836143762676606e-03 7.947675167524742568e-02 9.968243124368916241e-01 1.935839907586138151e-02
9.279228104533754351e-01 -3.718757464545076052e-01 2.584585944544115499e-02 3.801694151085296625e+00 3.727365082654799378e-01 9.246317215730172068e-01 -7.825621901963887572e-02 1.226002420609664245e+00 5.203661763073848950e-03 8.224941957442546969e-02 9.965982831208541892e-01 2.637585642432351690e-02
9.292184134505941939e-01 -3.683009082926514965e-01 3.013156676929425529e-02 4.015326140563076684e+00 3.695195243667946938e-01 9.254399923786239546e-01 -8.376461271634944028e-02 1.303058656343101029e+00 2.965601110713190786e-03 8.896981638615326926e-02 9.960300001635218337e-01 4.173244169350951577e-02
9.309220481146883719e-01 -3.638288144155212289e-01 3.182876476968404811e-02 4.230377039316831400e+00 3.651946616336764206e-01 9.263261900609202071e-01 -9.248255309026434667e-02 1.371164286056316906e+00 4.163974337448969783e-03 9.771773533375691101e-02 9.952055519216589374e-01 5.665340279424183750e-02
9.330344118973455947e-01 -3.586392758172641804e-01 2.872278093375765784e-02 4.459077119500260977e+00 3.597047204523671216e-01 9.281285033024938569e-01 -9.586644723934967249e-02 1.451076876369114643e+00 7.723013379119872575e-03 9.977840516520682101e-02 9.949798042856115021e-01 7.141590525247608345e-02
9.351672745839750833e-01 -3.533245567254247876e-01 2.498545475366004825e-02 4.691585700344416132e+00 3.541109725439068878e-01 9.309437568674381325e-01 -8.916012324043458281e-02 1.540326997086463034e+00 8.242376533731457511e-03 9.222724616535790676e-02 9.957039652923701523e-01 6.335927378460202986e-02
9.372363182279004334e-01 -3.479117500502540428e-01 2.336344303804337164e-02 4.926281672850550741e+00 3.486355980451010250e-01 9.337297560262205476e-01 -8.125488556780535720e-02 1.636786516004242520e+00 6.454354186061114253e-03 8.430035386304864098e-02 9.964195812150481446e-01 3.979616880680880014e-02
9.392386471837861350e-01 -3.426269583626268544e-01 2.092587889677567994e-02 5.162762280082375810e+00 3.431797471631521379e-01 9.358962862956711204e-01 -7.953744355839920122e-02 1.732878099288380103e+00 7.667181365368208254e-03 8.188597239250734738e-02 9.966123121691714548e-01 2.805944917339827163e-02
9.417753975372503694e-01 -3.357996960712479328e-01 1.726368477051927475e-02 5.396681246973996871e+00 3.360535892262414004e-01 9.382791190661424752e-01 -8.185774877057039323e-02 1.813018471181474078e+00 1.128961363657533454e-02 8.289312668288360830e-02 9.964945933410895851e-01 3.451094356258019996e-02
9.451215868115803165e-01 -3.263498510971082900e-01 1.553515389349273759e-02 5.657165401686165218e+00 3.264754719707546049e-01 9.415107248599859924e-01 -8.349696161630311420e-02 1.889192936119965749e+00 1.262266933606234418e-02 8.398661547508015635e-02 9.963870319626100258e-01 4.156791053630379262e-02
9.485583205443683941e-01 -3.161465609162810719e-01 1.699572744506463312e-02 5.940011019282319893e+00 3.164565704636046473e-01 9.451194873826814780e-01 -8.127007737126439035e-02 1.969342471300189912e+00 9.630223452258244998e-03 8.246780660554131615e-02 9.965473001508902140e-01 5.611292740315565464e-02
9.518270416370940845e-01 -3.059757238566147564e-01 2.011309301827088683e-02 6.220204919900535145e+00 3.066165630172039691e-01 9.489769583671615605e-01 -7.368483974509783263e-02 2.052041111932544570e+00 3.458870894939916184e-03 7.630222320976971784e-02 9.970788390257647738e-01 7.048290567880648172e-02
9.551466489298872098e-01 -2.953443056865135419e-01 2.161067839176641914e-02 6.493794858589517105e+00 2.961301128063233423e-01 9.529564099849213710e-01 -6.466439637056810297e-02 2.148092103550897303e+00 -1.495814755577743642e-03 6.816354967253596131e-02 9.976731432280032674e-01 7.194570197319255511e-02
9.583302652363772101e-01 -2.849102884264540503e-01 2.072771893493135717e-02 6.781848234216178994e+00 2.856465278235664762e-01 9.565339798749291633e-01 -5.873041372663891785e-02 2.247359800303462940e+00 -3.093912950691271677e-03 6.220392958960246216e-02 9.980587702177934339e-01 5.662864745323789584e-02
9.614244826217087647e-01 -2.743754480828952680e-01 1.953182277761264518e-02 7.080211054422901107e+00 2.750506163166008267e-01 9.597689277428186339e-01 -5.649091731975409980e-02 2.327789781237799449e+00 -3.246359180150763107e-03 5.968398327202489861e-02 9.982121517104961539e-01 4.884117680132991218e-02
9.646140722986353833e-01 -2.629301342843622935e-01 1.969408324215217443e-02 7.383618102335980815e+00 2.636272051487146828e-01 9.630678308359715833e-01 -5.478614776091240979e-02 2.393089628304572614e+00 -4.561845860679253697e-03 5.803937709623965130e-02 9.983039833118576567e-01 6.352474268447350081e-02
9.680372114288430252e-01 -2.499370739228155558e-01 2.087694513551179715e-02 7.698632582050956685e+00 2.506923266103069370e-01 9.667569018874059283e-01 -5.034809914680492271e-02 2.473078765482989994e+00 -7.599109977536514134e-03 5.397251817348298203e-02 9.985136175905916511e-01 8.303599745031474411e-02
9.714125413196940118e-01 -2.364664251083006541e-01 2.101780993576827378e-02 8.031716323324822326e+00 2.371882709127963729e-01 9.704669328125951067e-01 -4.400173049093007022e-02 2.560998601663359686e+00 -9.992196651405268332e-03 4.772900635719039275e-02 9.988104540722366753e-01 7.790710594312327819e-02
9.743768109335305683e-01 -2.240205615574753228e-01 2.012633903656421350e-02 8.366475523142854698e+00 2.246467414750548119e-01 9.737091341400279099e-01 -3.774740364523150593e-02 2.645648894065490087e+00 -1.114104831539139244e-02 4.130150583112731505e-02 9.990847284356827451e-01 5.707654225297547484e-02
9.771575371471358240e-01 -2.115465524171522838e-01 2.028935025396757033e-02 8.704553685401167584e+00 2.121334740662755847e-01 9.766726658712635567e-01 -3.332266119640701907e-02 2.714717588650535252e+00 -1.276680033124960069e-02 3.686553395445009429e-02 9.992387982183821293e-01 4.439564950104215452e-02
9.799512307357044483e-01 -1.980014495304816546e-01 2.216910486306845202e-02 9.052438153737545790e+00 1.986140757923918199e-01 9.796166797827554618e-01 -3.006859395935987389e-02 2.779450892845970689e+00 -1.576363736332432944e-02 3.386884767370498817e-02 9.993020792612994363e-01 5.328228277206238650e-02
9.826821978377775491e-01 -1.838413318319908618e-01 2.320632408599009738e-02 9.416188153971830843e+00 1.844252818341395594e-01 9.824978375824934274e-01 -2.618850878293503548e-02 2.852114213681521182e+00 -1.798566744288824376e-02 3.001481247893673238e-02 9.993877447738465092e-01 6.520484261007525317e-02
9.852111685837265931e-01 -1.698661299192498197e-01 2.247067021236006865e-02 9.786726772685584663e+00 1.703376549223242498e-01 9.851611052331018525e-01 -2.105258320755225634e-02 2.918372388729442157e+00 -1.856114658791785041e-02 2.456883750353032470e-02 9.995259361800539200e-01 5.545514632413354322e-02
9.874277695515361053e-01 -1.565492796420470678e-01 2.189079566875112501e-02 1.015915964103120039e+01 1.569193568483039369e-01 9.874764130500973680e-01 -1.634565853789599413e-02 2.971040526382338065e+00 -1.905778049181015843e-02 1.957524349080429910e-02 9.996268583446805689e-01 3.470986172162025124e-02
9.892561131264953067e-01 -1.443566060240339399e-01 2.310847169022683598e-02 1.053379108707559908e+01 1.447013293290514424e-01 9.893765241308060121e-01 -1.400559360823613528e-02 3.018667068378420471e+00 -2.084121880640214808e-02 1.719894275523865812e-02 9.996349769355751258e-01 2.444795142817971292e-02
9.908472151875191702e-01 -1.325868149738830271e-01 2.535794733258130498e-02 1.091260474990945539e+01 1.329645898097564227e-01 9.910244994237068505e-01 -1.383483737990247493e-02 3.073651358179340765e+00 -2.329607111971089203e-02 1.707991444811515075e-02 9.995828226308203224e-01 3.094670743759830520e-02
9.922923076639132978e-01 -1.212733142998688451e-01 2.548065952596156522e-02 1.129624503932558710e+01 1.216645361862281061e-01 9.924670364881824636e-01 -1.440416990881686170e-02 3.118019414435547532e+00 -2.354191961805882083e-02 1.739323519763469328e-02 9.995716613104942416e-01 4.124110308755208482e-02
9.936005022591836155e-01 -1.104842488212242624e-01 2.349022912467491758e-02 1.167983860439364285e+01 1.108145256556693631e-01 9.937530177662595721e-01 -1.325329545900959770e-02 3.158789914653848729e+00 -2.187925375938694003e-02 1.577154034748938158e-02 9.996363401408526750e-01 3.865378963565333642e-02
9.947027729184481082e-01 -1.006334570964420722e-01 2.097203275033835898e-02 1.207537355458503114e+01 1.008212591621805571e-01 9.948718998735459618e-01 -8.096502421793978430e-03 3.192977833300633339e+00 -2.004975193772769518e-02 1.016804546046449695e-02 9.997474076182010227e-01 2.627732011621048205e-02
9.955698724354015150e-01 -9.189727284988127853e-02 1.990118096911545550e-02 1.247246722725111923e+01 9.197616639039889186e-02 9.957567266481228696e-01 -3.084518004340014094e-03 3.229829841600362350e+00 -1.953331973766781610e-02 4.901295743349644816e-03 9.997973234768319228e-01 1.545917668623727950e-04
9.962834119928111187e-01 -8.358042722225376975e-02 2.083799640383983409e-02 1.286634997480626552e+01 8.366011725373714847e-02 9.964901877235202710e-01 -2.981334885070454840e-03 3.267184265768598994e+00 -2.051572321722046344e-02 4.713568630782870826e-03 9.997785506185693505e-01 -1.763024979944016052e-02
9.969590820975958723e-01 -7.490042638065445846e-02 2.151901740495243062e-02 1.326984365965156520e+01 7.508092352407469416e-02 9.971479766171690295e-01 -7.705505913334930769e-03 3.293233762225440397e+00 -2.088054876222782130e-02 9.297742885050284262e-03 9.997388767333565962e-01 -7.941790754975303415e-03
9.975471822090644647e-01 -6.649337576929201243e-02 2.188172121035796350e-02 1.368401854486690539e+01 6.674002324486492943e-02 9.977128898406153468e-01 -1.074144021302447446e-02 3.314750835785213123e+00 -2.111749650716202020e-02 1.217547783242836461e-02 9.997029979260454446e-01 9.883913560253159217e-03
9.980559063153630062e-01 -5.808547095854857401e-02 2.260659379221897219e-02 1.410778435101941675e+01 5.832412681437523089e-02 9.982474796800836492e-01 -1.004477128617077032e-02 3.330420788167966606e+00 -2.198357056591867045e-02 1.134374466729912503e-02 9.996941155050830252e-01 3.861561049191406924e-03
9.984763505211384782e-01 -5.006021890320699191e-02 2.322770004515076203e-02 1.452648103736402518e+01 5.023281140831496738e-02 9.987139672187763662e-01 -6.907599649679163276e-03 3.353009642777147192e+00 -2.285207985449429560e-02 8.063859713441270949e-03 9.997064789591716405e-01 -1.569106016173574605e-02
9.988505900814804717e-01 -4.204488321324782035e-02 2.302827723246691702e-02 1.494896102043797015e+01 4.210210709341490054e-02 9.991116219815134869e-01 -2.006160577528791605e-03 3.375937441137392803e+00 -2.292351673754546362e-02 2.973388037488843179e-03 9.997329473083352847e-01 -3.334721819488115080e-02
9.991671556338604931e-01 -3.430848091012965451e-02 2.210216794826187769e-02 1.538104217155031250e+01 3.431066047654969531e-02 9.994115009429690444e-01 2.799614694748246420e-04 3.393744489688397259e+00 -2.209881098057504822e-02 4.786098695849471925e-04 9.997558276345619444e-01 -4.693380697981414801e-02
9.993470129539183677e-01 -2.835565945625432432e-02 2.240755572723311315e-02 1.582086680247311250e+01 2.837837407195807279e-02 9.995973404705557064e-01 -6.970679876215119149e-04 3.409546184641162991e+00 -2.237881613636561601e-02 1.332499279751798342e-03 9.997488264776093203e-01 -5.462312076732810107e-02
9.994306215429159534e-01 -2.348290643976474329e-02 2.424026460347337292e-02 1.626523679722986060e+01 2.360584383982597401e-02 9.997101628330924417e-01 -4.798706531090151696e-03 3.415119721007970011e+00 -2.412060365858292171e-02 5.368178368639395411e-03 9.996947958497612863e-01 -5.534421647121826049e-02
9.994735457287119429e-01 -1.922774197047992170e-02 2.614458187777414858e-02 1.671781938745537843e+01 1.950289111003818132e-02 9.997569733713419504e-01 -1.031095255912852816e-02 3.410257675226306961e+00 -2.594002792167375213e-02 1.081540551143225261e-02 9.996051481129089034e-01 -5.520883328860333450e-02
9.995120645819225436e-01 -1.600848337042639832e-02 2.683253611212882764e-02 1.717336572415101159e+01 1.634115634789082977e-02 9.997920736181344914e-01 -1.222581155947744143e-02 3.410206825387881668e+00 -2.663129793506497506e-02 1.265830384796923398e-02 9.995653318339159377e-01 -5.078540090100902571e-02
9.995653889619300347e-01 -1.275992949399856920e-02 2.658654742184480071e-02 1.762489008551358083e+01 1.299039351997093375e-02 9.998797170208837404e-01 -8.514643005126758951e-03 3.424420062695166411e+00 -2.647475969507129268e-02 8.856298021557844347e-03 9.996104069686055915e-01 -6.043138989430744956e-02
9.996192386475427627e-01 -9.574744939724032580e-03 2.589077662272141686e-02 1.808256064156197951e+01 9.673981148351464693e-03 9.999466703485958563e-01 -3.711258296615671960e-03 3.440746984865625802e+00 -2.585391592985980189e-02 3.960301740002369550e-03 9.996580456822841132e-01 -8.820997357162785324e-02
9.996698850878079634e-01 -7.892545177885264621e-03 2.446359283447013463e-02 1.854988743807377460e+01 7.923580934896666539e-03 9.999682754862286860e-01 -1.172960504091591838e-03 3.451828985917476444e+00 -2.445361268624187193e-02 1.366405655621455786e-03 9.997001910352997234e-01 -1.125805944796669511e-01
9.996931978701637522e-01 -6.925204457287535004e-03 2.379507435900024212e-02 1.901940889251561728e+01 6.979363300705706576e-03 9.999735990847438138e-01 -2.194768609528259182e-03 3.455894897120803222e+00 -2.377930481037713803e-02 2.360162575882315643e-03 9.997146062681070422e-01 -1.148523551428781986e-01
9.996640009739232724e-01 -6.300402667691045767e-03 2.515667284362158723e-02 1.950138639965640763e+01 6.404691644422476869e-03 9.999715855826757371e-01 -4.068269805181682838e-03 3.455664047576088027e+00 -2.513039014757999234e-02 4.228009736668819282e-03 9.996754048138674076e-01 -1.053945157774448110e-01
9.996391484327581400e-01 -6.375260495534198525e-03 2.610766558766139389e-02 1.998673387982243810e+01 6.493487700865344103e-03 9.999694055358846478e-01 -4.447266442722920890e-03 3.462989095129482386e+00 -2.607857942735790704e-02 4.615173899845647840e-03 9.996494070330146364e-01 -1.038811346490814275e-01
9.996909009218122311e-01 -6.990070328274203965e-03 2.387322479385514673e-02 2.047520430741325370e+01 7.047629475256346129e-03 9.999728341028607526e-01 -2.328965635846131504e-03 3.473729203514155373e+00 -2.385636184352801781e-02 2.496482612314888418e-03 9.997124453996190097e-01 -1.210588031157067146e-01
9.997568575037489857e-01 -7.891018240893140148e-03 2.060713029217722467e-02 2.096538200430849841e+01 7.848045309649602508e-03 9.999672469082772075e-01 2.163861538623884639e-03 3.486236273986630163e+00 -2.062359406209206616e-02 -2.001616733996932577e-03 9.997854758284204779e-01 -1.329692068096521851e-01
9.997647754735672354e-01 -8.526363606961120598e-03 1.995990276842416269e-02 2.146723367687476980e+01 8.428883431312209767e-03 9.999525584371700138e-01 4.961250163612538830e-03 3.492050083619763878e+00 -2.000131637995870848e-02 -4.791847974347364196e-03 9.997886406939300308e-01 -1.541187987812923099e-01
9.996668640108749004e-01 -8.950310677466322140e-03 2.422329742483199724e-02 2.198032027341979600e+01 8.791417645891507968e-03 9.999395888028156376e-01 6.656602269882743936e-03 3.502962931438548644e+00 -2.428146973167830125e-02 -6.441432144995195078e-03 9.996845863801454568e-01 -1.451762671053578868e-01
9.996184841072723870e-01 -8.208422424098381354e-03 2.638616919250061366e-02 2.249680957864466180e+01 7.958233306422880446e-03 9.999229154365144590e-01 9.571537377551375333e-03 3.522146175660642697e+00 -2.646275793821789915e-02 -9.357898127941525340e-03 9.996061771791410200e-01 -1.518993717590264303e-01
9.996937214463933463e-01 -7.657081837044631134e-03 2.354910553137642970e-02 2.301799092790517420e+01 7.310681812813848643e-03 9.998647486039137222e-01 1.475908309058507513e-02 3.540950167732618503e+00 -2.365899258019724463e-02 -1.458240223676281373e-02 9.996139110174362408e-01 -1.751159575124772716e-01
9.997796263821220331e-01 -8.598873520123678435e-03 1.917012026113030718e-02 2.354356185602921414e+01 8.279902877028027033e-03 9.998274145323394757e-01 1.665467071137274532e-02 3.547359731709183173e+00 -1.931008676153682033e-02 -1.649226924132745839e-02 9.996776968262088836e-01 -1.871771784278032646e-01
9.998259907541066083e-01 -9.267784207282230707e-03 1.621212499491523490e-02 2.406646979429483935e+01 9.073342465901695561e-03 9.998869413018186547e-01 1.202396311940206498e-02 3.550908413637960948e+00 -1.632179411669068894e-02 -1.187477055227802517e-02 9.997964606963050116e-01 -1.892843097546116071e-01
9.998833530216555410e-01 -7.267742075669531183e-03 1.346110257253072505e-02 2.459524258268038466e+01 7.189076704849905845e-03 9.999572714092856973e-01 5.880239119779982586e-03 3.551980121615913699e+00 -1.350332760334790709e-02 -5.782781723191967975e-03 9.998922928391389409e-01 -1.659250370243484929e-01
9.998993433159274469e-01 -4.998154069071765980e-03 1.330680937434222839e-02 2.515326735943883207e+01 4.849959111071101142e-03 9.999265599805942095e-01 1.114305010426115163e-02 3.565628380035758216e+00 -1.336159533471355937e-02 -1.107738712304123622e-02 9.998495587803247764e-01 -1.605137106044592088e-01
9.998328742333468799e-01 -4.621373750643820340e-03 1.770932246862798667e-02 2.572601458662936480e+01 4.247893779361624697e-03 9.997694424213828812e-01 2.106734955907886911e-02 3.580641226202212035e+00 -1.780266533625768019e-02 -2.098859180336908395e-02 9.996213932645051647e-01 -2.093360024329545821e-01
9.996990071680595946e-01 -5.288468712119146799e-03 2.397262460076096668e-02 2.629195303090675040e+01 4.770667088721598781e-03 9.997556297425199689e-01 2.160414497542672771e-02 3.584304906804482993e+00 -2.408108194778572561e-02 -2.148326942955963367e-02 9.994793451259597061e-01 -2.590659101053170987e-01
9.995971189877737029e-01 -5.327661824788682693e-03 2.789229683864409212e-02 2.686068526551607860e+01 4.983826196160929742e-03 9.999113468296784157e-01 1.238079666595868177e-02 3.586546675706261400e+00 -2.795584688195984491e-02 -1.223679779952864359e-02 9.995344579696434639e-01 -2.504283345789608539e-01
9.995799905721639567e-01 -4.905122721075267679e-03 2.857530654897382297e-02 2.744168039723698982e+01 4.822619561027037538e-03 9.999844237841145622e-01 2.953866060179661471e-03 3.593457292421524674e+00 -2.858941378246328269e-02 -2.814823263578104806e-03 9.995874801455226777e-01 -2.092744912221459197e-01
9.996246254884636473e-01 -4.716727524130060953e-03 2.700251553147695743e-02 2.803014218528668522e+01 4.647956960615221879e-03 9.999862154435078532e-01 2.607257815510038816e-03 3.598487432320974122e+00 -2.701450451049424231e-02 -2.480776526619790819e-03 9.996321726086397907e-01 -1.999016832495786877e-01
9.996724101784784100e-01 -4.381521889872467580e-03 2.523203171459598160e-02 2.862649380384792153e+01 4.115345077017612194e-03 9.999358800758377797e-01 1.058941094553655406e-02 3.599353893467705845e+00 -2.527687723735013922e-02 -1.048210416274181385e-02 9.996257456759647386e-01 -2.438792053045144015e-01
9.996695620947267935e-01 -4.394690454471210372e-03 2.534244651025955447e-02 2.923271937711318458e+01 3.946852214609237325e-03 9.998361101836601428e-01 1.769227038178207770e-02 3.599714389766535572e+00 -2.541611084429595824e-02 -1.758639791878141567e-02 9.995224743359688580e-01 -2.944707794774948373e-01
9.996342581776564984e-01 -4.522765414154980915e-03 2.667742788431185993e-02 2.984455578228839556e+01 4.077462329226447767e-03 9.998523082186852040e-01 1.672077339464265663e-02 3.607385549372332800e+00 -2.674918003750145767e-02 -1.660588087032471849e-02 9.995044614114217962e-01 -3.123214955588721198e-01
9.995934293770459833e-01 -4.167797478858021806e-03 2.822052811278010637e-02 3.046103532176775630e+01 3.875702383825992223e-03 9.999388843456580300e-01 1.039507811324746206e-02 3.615994385406599232e+00 -2.826219510531087498e-02 -1.028148045619923547e-02 9.995478911146872258e-01 -3.011611115254254067e-01
9.995632466806697591e-01 -3.450722877619769643e-03 2.936327886163938791e-02 3.108760392977431053e+01 3.341691305816283687e-03 9.999877780907946434e-01 3.759301932737350947e-03 3.615090283141932925e+00 -2.937595857678592520e-02 -3.659544018257982183e-03 9.995619606610999242e-01 -2.982697513062900763e-01
