1.000000000000000000e+00 0.000000000000000000e+00 0.000000000000000000e+00 0.000000000000000000e+00 0.000000000000000000e+00 1.000000000000000000e+00 0.000000000000000000e+00 0.000000000000000000e+00 0.000000000000000000e+00 0.000000000000000000e+00 1.000000000000000000e+00 0.000000000000000000e+00
9.999995451566606741e-01 -9.535063136867717769e-04 2.263142899418927353e-05 1.147385182442334922e-01 9.535167057406541318e-04 9.999994378912009374e-01 -4.637059131932835983e-04 -1.793156298455155992e-02 -2.218926975694021872e-05 4.637272817253582525e-04 9.999998922323164452e-01 4.094374399239635726e-03
9.999979056095520402e-01 -2.040769120922613505e-03 -1.550416218107874525e-04 2.692318908108544684e-01 2.040641142288973295e-03 9.999975807297413199e-01 -8.211689185820863135e-04 -2.838350316926182768e-02 1.567170628953067036e-04 8.208508144215127898e-04 9.999996508217903202e-01 1.270378110134956495e-02
9.999905966055059325e-01 -4.315980183644097835e-03 -4.231023738516327183e-04 4.085283973684461500e-01 4.315705850406342976e-03 9.999904778830568386e-01 -6.471678517465589498e-04 -2.534622744847084275e-02 4.258915086449796160e-04 6.453357807817928712e-04 9.999997010790317997e-01 1.101615036668973820e-02
9.999774293127128288e-01 -6.524770259225028644e-03 -1.602572370521406549e-03 5.432470256308857826e-01 6.524159658626893336e-03 9.999786429653421127e-01 -3.859455163576938044e-04 -6.566214164604435889e-03 1.605056350154559532e-03 3.754813672923484370e-04 9.999986414030049842e-01 -1.370627051626050960e-02
9.999696038365142314e-01 -7.019947797794563391e-03 -3.392894923382134675e-03 6.820629591523029722e-01 7.020948342542658246e-03 9.999753127722142976e-01 2.830732829826260524e-04 2.616502160893448021e-03 3.390824002542819002e-03 -3.068860186295792455e-04 9.999942040499811835e-01 -3.172403435843468289e-02
9.999512493215538811e-01 -7.312822726016353012e-03 -6.634877846758441972e-03 8.463502939573241957e-01 7.323440103119764968e-03 9.999719391943349134e-01 1.577355057458454130e-03 7.094700509490233648e-03 6.623156748829393294e-03 -1.625868290831504210e-03 9.999767449030908528e-01 -2.053783586999573252e-02
9.999324537259220991e-01 -8.729769370631862077e-03 -7.673272599888275418e-03 1.000122982867095667e+00 8.744671282630818790e-03 9.999599392617743998e-01 1.910653225263747980e-03 8.566539499010787304e-03 7.656285640919510693e-03 -1.977624414305367232e-03 9.999687346571695112e-01 -3.515039807315502828e-03
9.999293628453738147e-01 -9.765156943304546117e-03 -6.775767817557784740e-03 1.146733726264136832e+00 9.776828887274147811e-03 9.999507748067895108e-01 1.691620587013180051e-03 2.246816638340967329e-02 6.758915338557106717e-03 -1.757746618280368010e-03 9.999756133977828476e-01 5.848653286215372248e-03
9.999256138411394268e-01 -1.070181616369768329e-02 -5.851317391738598134e-03 1.318257198402206898e+00 1.071282389935999252e-02 9.999408988825208011e-01 1.853144926222283044e-03 2.358086459104521276e-02 5.831139556016899997e-03 -1.915691210686367189e-03 9.999811637919303609e-01 1.165411013478880216e-02
9.999058231264759122e-01 -1.238690683289512054e-02 -5.908419152178349606e-03 1.491700937756381462e+00 1.239770474751429943e-02 9.999215353824740804e-01 1.794434548579280659e-03 2.103549244262881493e-02 5.885728056758411132e-03 -1.867516390517017432e-03 9.999809351121515810e-01 2.682701208179743852e-03
9.998798162285278401e-01 -1.411690067513401980e-02 -6.408292606756830004e-03 1.629490576338821883e+00 1.412504521708399588e-02 9.998994831671901284e-01 1.227460631281692598e-03 2.737830368224101682e-02 6.390320525665839531e-03 -1.317830533268436874e-03 9.999787133365714009e-01 1.035938587926538970e-03
9.998628794065921310e-01 -1.517644512242689522e-02 -6.625548898359986429e-03 1.760577749417606919e+00 1.518136770260908666e-02 9.998845160319027592e-01 6.933068050485921129e-04 2.002756038801704538e-02 6.614261821002556489e-03 -7.937966324656896711e-04 9.999778104675470791e-01 1.183060666326598079e-02
9.998578060628291464e-01 -1.553103274927094234e-02 -6.569221945332795638e-03 1.925422519083420880e+00 1.553776753222063135e-02 9.998788058348418994e-01 9.754088400194070975e-04 2.197308272653431330e-02 6.553276687325124139e-03 -1.077341186250236477e-03 9.999779467071400196e-01 2.777284394946243767e-02
9.998522014946132908e-01 -1.585481050294274344e-02 -6.648319358388479240e-03 2.122972722763183828e+00 1.586749516914074884e-02 9.998723741702143508e-01 1.859561312846368412e-03 4.576169103217036377e-02 6.617987868879902577e-03 -1.964778647765788415e-03 9.999761706567975583e-01 3.065544135949734017e-02
9.998443731282511404e-01 -1.618825449175966338e-02 -7.012128085289312356e-03 2.306920021740943572e+00 1.620966662761230345e-02 9.998640913220523396e-01 3.007589158816308811e-03 6.979953060697020872e-02 6.962487457522066950e-03 -3.120785355736674111e-03 9.999708918099402544e-01 2.960120830103582512e-02
9.998405713859441768e-01 -1.626731912526747231e-02 -7.362481857730234641e-03 2.463059327211645666e+00 1.628957240999368700e-02 9.998628969999938665e-01 2.972714833175127414e-03 7.752069452722003262e-02 7.313114338520373091e-03 -3.092172578708052202e-03 9.999684779168866999e-01 2.264674863231631863e-02
9.998279328303925073e-01 -1.703355832485827642e-02 -7.345925598442842701e-03 2.624685911985115361e+00 1.704898010157236687e-02 9.998525706466120377e-01 2.041873859466605563e-03 6.554887028690735418e-02 7.310062215904598870e-03 -2.166763059366394548e-03 9.999709336416955363e-01 2.628202279145939319e-02
9.998229042179248571e-01 -1.737044401979843944e-02 -7.240709619189297612e-03 2.801458765661485550e+00 1.738110749324812271e-02 9.998479395664272573e-01 1.412390554474753568e-03 5.275391099979377663e-02 7.215074742684634418e-03 -1.537991978283438036e-03 9.999727882683269176e-01 3.837063192332011013e-02
9.998244219917498121e-01 -1.725211363937484768e-02 -7.313669656031990089e-03 2.995513723464005018e+00 1.726114182642169217e-02 9.998503272060285108e-01 1.173102231665321994e-03 5.935411636847619937e-02 7.292336505649093734e-03 -1.299138549916377438e-03 9.999725666573641147e-01 3.622161373413344820e-02
9.998250008454802051e-01 -1.700761171280723225e-02 -7.791587011766705657e-03 3.166142749539756274e+00 1.701842554590878367e-02 9.998542999061699188e-01 1.323688438127445730e-03 6.145515933126784180e-02 7.767938997823601796e-03 -1.456057337214147849e-03 9.999687690226914949e-01 2.435159440313316645e-02
9.998248396113557090e-01 -1.682657709965678511e-02 -8.194900806985641259e-03 3.336004543129594602e+00 1.683818780873757442e-02 9.998573164370139210e-01 1.349888399400325572e-03 6.453555884422330913e-02 8.171017528111741007e-03 -1.487639231285659480e-03 9.999655101062600027e-01 1.724852626329111474e-02
9.998274846679164884e-01 -1.663504160687831815e-02 -8.262947014513483818e-03 3.511734149668277905e+00 1.664770387180510361e-02 9.998603426466881050e-01 1.466000765427793485e-03 7.015878649538428991e-02 8.237406049474276307e-03 -1.603306952824947286e-03 9.999647866542057395e-01 3.140135037676333729e-02
9.998317520302648642e-01 -1.631315570525923575e-02 -8.387406215694238540e-03 3.716901744415971987e+00 1.632620097641350465e-02 9.998656096519515923e-01 1.489226983680075724e-03 6.807285016809531963e-02 8.361985037588439904e-03 -1.625910903811840415e-03 9.999637161517231920e-01 3.691600904418147061e-02
9.998340174531237246e-01 -1.583853696554918949e-02 -9.004348412720271713e-03 3.913926528795300452e+00 1.585376414085109403e-02 9.998730051996788104e-01 1.622231650978415074e-03 9.407906544490240996e-02 8.977511131320869628e-03 -1.764715204814676537e-03 9.999581441611108401e-01 2.954086089355782360e-02
9.998397311745834681e-01 -1.516168367013374235e-02 -9.520258033452633217e-03 4.112466830076273006e+00 1.517795819553577168e-02 9.998834639546391179e-01 1.639541120723128761e-03 8.536112149600308396e-02 9.494290376394019099e-03 -1.783776431835946497e-03 9.999533372072368920e-01 2.463000039907160127e-02
9.998425665230873394e-01 -1.500495534734661539e-02 -9.470664366874149281e-03 4.318126820278382461e+00 1.501832233879924275e-02 9.998863182285563367e-01 1.341869393894450351e-03 7.755444244001231946e-02 9.449453034634817603e-03 -1.483891628954503265e-03 9.999542519050458322e-01 4.132139779897069098e-02
9.998541936276200692e-01 -1.465158431329800608e-02 -8.770550859095506760e-03 4.528964525603996982e+00 1.466275461494165322e-02 9.998917630980679316e-01 1.210667476787057658e-03 9.216984100080646836e-02 8.751863365230766120e-03 -1.339091388838891143e-03 9.999608050928239233e-01 5.691231895288566267e-02
9.998647369071516078e-01 -1.410302233874968607e-02 -8.462425805009086283e-03 4.746381998278504710e+00 1.412180552549369486e-02 9.998979407295230937e-01 2.163962467192127610e-03 1.238662543820038264e-01 8.431043724989938787e-03 -2.283174494428265051e-03 9.999618515803166963e-01 7.477663107231374839e-02
9.998739739723879749e-01 -1.310040560650562423e-02 -8.967471528229842975e-03 4.954926299520173494e+00 1.317541411550985676e-02 9.998782756609784217e-01 8.357172016499450629e-03 1.266963986178684665e-01 8.856897625545891856e-03 -8.474268946261612548e-03 9.999248682427480661e-01 8.003389060881488382e-02
9.998738271099375519e-01 -1.228466839533639762e-02 -1.007058999976533954e-02 5.190976308940856931e+00 1.245242401177031402e-02 9.997818609124649036e-01 1.676805673415664166e-02 1.123493959252468838e-01 9.862403193838548132e-03 -1.689134431670353403e-02 9.998086894453441786e-01 1.960832587845974875e-02
9.998757536270169721e-01 -1.152515224019674649e-02 -1.075398412893050111e-02 5.434069872350106856e+00 1.172443426529783811e-02 9.997572213167247313e-01 1.865572475730668811e-02 1.156942201507642348e-01 1.053636322284455008e-02 -1.877949123117992475e-02 9.997681309979501441e-01 -1.800303128330318567e-02
9.998849168533028298e-01 -1.119069581194736054e-02 -1.024311361394591481e-02 5.675691951056649920e+00 1.133474124803705158e-02 9.998361412312687380e-01 1.411433061135073698e-02 1.241960386180422093e-01 1.008348600950027991e-02 -1.422880933215877990e-02 9.998479205833681327e-01 1.869613965856802354e-02
9.998994402520218205e-01 -1.071323405507021084e-02 -9.291716729158358903e-03 5.896735058162430931e+00 1.080010256967058394e-02 9.998979644101452235e-01 9.349788924501558143e-03 1.280218322397871089e-01 9.190602166247447205e-03 -9.449200205806890240e-03 9.999131189494877558e-01 9.732927105708935600e-02
9.999109485907327066e-01 -1.014659529568549823e-02 -8.668419249597773130e-03 6.113707943930837274e+00 1.022318690672573832e-02 9.999086877664300488e-01 8.837566332768926822e-03 1.258558363788331025e-01 8.577956507897192481e-03 -8.925398205206993077e-03 9.999233750288204492e-01 1.278453674574132060e-01
9.999062593971541624e-01 -1.017369557348449770e-02 -9.163423856242414178e-03 6.350175429562964879e+00 1.027845527473465748e-02 9.998815179210144288e-01 1.145877293315036675e-02 1.291781232047506389e-01 9.045760087265744889e-03 -1.155188462313756423e-02 9.998923582996808168e-01 8.810429357395453687e-02
9.999101580286247071e-01 -8.578254138484104827e-03 -1.029997218959912211e-02 6.616015343991375808e+00 8.725650152785499256e-03 9.998589358378269232e-01 1.435170563590052947e-02 1.357510013228675205e-01 1.017540665438632086e-02 -1.444029020428346313e-02 9.998439573844680739e-01 4.737084112329750796e-02
9.999131051520157021e-01 -7.541044543719094273e-03 -1.081271438833551063e-02 6.899258939742297869e+00 7.699623852768951865e-03 9.998623010449654291e-01 1.470016127778647937e-02 1.295573363161708902e-01 1.070037091786750841e-02 -1.478213774312450712e-02 9.998334813687543843e-01 3.637077321584433753e-02
9.999199149231354777e-01 -7.123741972623366669e-03 -1.046021225488099997e-02 7.156764765991726840e+00 7.261978762491035251e-03 9.998860093870035604e-01 1.323751852071265549e-02 1.354751726893710373e-01 1.036471922257461292e-02 -1.331242023227052068e-02 9.998576659020005364e-01 8.030963345732679282e-02
9.999276449559528768e-01 -6.820992412019619491e-03 -9.908527406079439478e-03 7.380183102039710619e+00 6.940152333955115077e-03 9.999034098803086801e-01 1.204181030048551669e-02 1.556938275181838915e-01 9.825433243544734463e-03 -1.210970570437417716e-02 9.998784005514520512e-01 1.125628946561108151e-01
9.999357026769403189e-01 -6.102227566913067704e-03 -9.557893632768411918e-03 7.651347456078938514e+00 6.263742617733605682e-03 9.998365345204973664e-01 1.696083035883172441e-02 1.525282968315307131e-01 9.452832400529298518e-03 -1.701960800852611935e-02 9.998104704907043727e-01 1.169556624759444802e-01
9.999439334419580883e-01 -4.603421356743734282e-03 -9.536167177495167777e-03 7.948515042365134065e+00 4.813496148179412758e-03 9.997436305000521051e-01 2.212472665157283469e-02 1.556176290276855001e-01 9.431872955904483172e-03 -2.216938849827913838e-02 9.997097368667348105e-01 8.589476043427494989e-02
9.999471040668236332e-01 -3.225784164203003394e-03 -9.766441772671104887e-03 8.229147447467058285e+00 3.480967145669173948e-03 9.996499969454194501e-01 2.622530218612897923e-02 1.606513917346652498e-01 9.678426323724833788e-03 -2.625791163723776786e-02 9.996083483746758258e-01 6.463363316069424547e-02
9.999407333861052294e-01 -3.374882263673625090e-03 -1.035083981927860212e-02 8.502466784055373594e+00 3.639193915678067860e-03 9.996650359752731196e-01 2.562366320806034117e-02 1.594079864436156735e-01 1.026089581382220312e-02 -2.565981329359889873e-02 9.996180710645619083e-01 6.894619318400035946e-02
9.999320346311411090e-01 -3.826376707922674730e-03 -1.101294509727126537e-02 8.745393685169508657e+00 4.071199504702273202e-03 9.997431557496125887e-01 2.229457033447353187e-02 1.446649547256242396e-01 1.092480906100222644e-02 -2.233789097240252569e-02 9.996907857802259656e-01 9.399520123074601996e-02
9.999123199220611991e-01 -3.362432108311641608e-03 -1.280806458441599398e-02 9.017370826931403016e+00 3.606787167802052822e-03 9.998110126728949609e-01 1.910314173968598664e-02 1.562967264448662241e-01 1.274141100536964853e-02 -1.914766273771682445e-02 9.997354767423605182e-01 1.314869872837566844e-01
9.999022651285613961e-01 -2.955308303417242960e-03 -1.366478479903468143e-02 9.344848990163111324e+00 3.188027533334122487e-03 9.998497213658825711e-01 1.704028066124022023e-02 1.551999327183764266e-01 1.361237199090884961e-02 -1.708217894177692028e-02 9.997614227861476577e-01 1.553299681772285779e-01
9.999109737146012478e-01 -3.761154985892973222e-03 -1.280227941774976681e-02 9.661998618237353398e+00 3.991025929748602367e-03 9.998304255861305556e-01 1.797753554537173323e-02 1.582394504591222995e-01 1.273249218127076553e-02 -1.802702930127762435e-02 9.997564252643864613e-01 1.450227339279330230e-01
9.999239036569258499e-01 -4.702103218437841611e-03 -1.140513572116305663e-02 9.941606179263180465e+00 4.919733662148224190e-03 9.998049121252511329e-01 1.912939912575470011e-02 1.569569220416344724e-01 1.131296230827799794e-02 -1.918405367856479415e-02 9.997519637231373490e-01 1.138638139390120430e-01
9.999266713265911877e-01 -4.829471542316450539e-03 -1.110532189291905600e-02 1.021577012034445886e+01 5.064601590230776752e-03 9.997615137961967102e-01 2.124300691214498632e-02 1.606638822510366438e-01 1.100008092950336379e-02 -2.129769322154780389e-02 9.997126619599179254e-01 1.137232616358558601e-01
9.999156872547545483e-01 -4.363150717164742190e-03 -1.223034331779685423e-02 1.052990679932783991e+01 4.591921035600146639e-03 9.998138479400209278e-01 1.873989670653242179e-02 1.809957377909619525e-01 1.214630162043929713e-02 -1.879447746514907591e-02 9.997495861333263178e-01 1.148372871054336303e-01
9.999011098337704517e-01 -4.391624309919346485e-03 -1.335979749527432120e-02 1.082214458603614027e+01 4.589533831438737110e-03 9.998796535451468515e-01 1.481939963855448232e-02 1.727208913892072095e-01 1.329310845529711911e-02 -1.487924938824653452e-02 9.998009307883435337e-01 1.350288572249186414e-01
9.998964208042239177e-01 -4.761640365574157895e-03 -1.358213694273670107e-02 1.111800228799595480e+01 4.918294531602005609e-03 9.999215025483824126e-01 1.152385006349045289e-02 1.502039280505993446e-01 1.352619834997003875e-02 -1.158945738222156609e-02 9.998413506330806610e-01 1.711109402659932721e-01
9.999140791918911253e-01 -5.386967461478322020e-03 -1.195051527765990211e-02 1.139670612019721219e+01 5.517831902544351706e-03 9.999248805262893613e-01 1.094471724537788258e-02 1.475078532304215650e-01 1.189065872556574130e-02 -1.100971780087854623e-02 9.998686905534232006e-01 1.987538944307677136e-01
9.999421908915008261e-01 -5.851947429806423663e-03 -9.020509208696195214e-03 1.169907218959486883e+01 5.954833227169200639e-03 9.999170421290738409e-01 1.142141939868293772e-02 1.650313688397704037e-01 8.952923340562708027e-03 -1.147447476457163530e-02 9.998940851872938351e-01 1.837240740863815003e-01
9.999531091909400482e-01 -6.101400909311727357e-03 -7.520128078420494980e-03 1.200996408672665083e+01 6.205722825449754010e-03 9.998837433198924929e-01 1.392798796714922113e-02 1.841555631549937067e-01 7.434273574848468229e-03 -1.397400270299142475e-02 9.998747215650923836e-01 1.607030471621057610e-01
9.999467042523652038e-01 -6.629426243514925134e-03 -7.914503301830813631e-03 1.229408691575586587e+01 6.764995499586506922e-03 9.998287156351082228e-01 1.722713636506589124e-02 1.768327148708797869e-01 7.798941641240147993e-03 -1.727975981117206225e-02 9.998202770549038387e-01 1.673559397308694852e-01
9.999223018902581028e-01 -7.353515304261616474e-03 -1.006558469030359622e-02 1.256259686189121005e+01 7.488030884758952420e-03 9.998822834796512460e-01 1.339210875804419665e-02 1.818121008162023322e-01 9.965920727989961356e-03 -1.346643962554238891e-02 9.998596578659701972e-01 1.763191954849131771e-01
9.999080294256225132e-01 -7.952507171460228980e-03 -1.098591461174203143e-02 1.284581379938460977e+01 8.043658799006567911e-03 9.999333847615753390e-01 8.278018626742267294e-03 1.809491814713997115e-01 1.091935177992620770e-02 -8.365624241346332132e-03 9.999053875681233050e-01 2.021825313289341008e-01
9.999187598688092926e-01 -8.467279159663521418e-03 -9.527793346564214505e-03 1.313709150831920347e+01 8.527140013626617956e-03 9.999440499783976977e-01 6.259776033357465110e-03 1.816187215321479753e-01 9.474256995169242496e-03 -6.340512316218343582e-03 9.999350160675229970e-01 2.239760095434387421e-01
9.999359177598147186e-01 -8.917387851180236247e-03 -6.974279012827627744e-03 1.342601860385726198e+01 8.963424804016451725e-03 9.999380611153169118e-01 6.597798778654779747e-03 1.867236062007125996e-01 6.915011903090795276e-03 -6.659889402422461240e-03 9.999539131797663405e-01 1.996226051371908505e-01
9.999460260028592007e-01 -9.010697183092443788e-03 -5.172273906510180957e-03 1.369320471451055177e+01 9.053496581037502253e-03 9.999244705773102648e-01 8.311879471162530314e-03 1.980991956223675798e-01 5.096987418711020588e-03 -8.358258009932496152e-03 9.999520789729340331e-01 1.664623873359047379e-01
9.999434468655933328e-01 -8.207396513024300608e-03 -6.763262011369135587e-03 1.396278300484142676e+01 8.275450139096470620e-03 9.999147855679978436e-01 1.009646113746066193e-02 2.079061662771680141e-01 6.679820023904874116e-03 -1.015185918848965189e-02 9.999261571533496484e-01 1.737374782912844418e-01
9.999213126533704754e-01 -7.401269836256155719e-03 -1.012865767866291851e-02 1.425994896629757669e+01 7.494161891418998564e-03 9.999299250705141473e-01 9.164195874228658195e-03 1.900668073349622011e-01 1.006012122719282705e-02 -9.239380568357987572e-03 9.999067095522498061e-01 1.988405356560232762e-01
9.998983130113401341e-01 -6.834813973469279491e-03 -1.251594802738790861e-02 1.455379446099038354e+01 6.941600555450291692e-03 9.999397074049440892e-01 8.508568425036684008e-03 1.836384597752511172e-01 1.245703892603608996e-02 -8.594583926114635758e-03 9.998854710957311154e-01 2.236554366611989142e-01
9.999031707538048597e-01 -6.130244962652244348e-03 -1.249276643443022507e-02 1.483681502632363625e+01 6.242400127192103583e-03 9.999403872902836721e-01 8.958476790705273765e-03 1.872127632821153076e-01 1.243710404955195546e-02 -9.035594194929840589e-03 9.998818312582767875e-01 2.321399386132727283e-01
9.999208386870590548e-01 -6.443537578737301187e-03 -1.080727453338204726e-02 1.512834486077838569e+01 6.543404570213558723e-03 9.999359845904898236e-01 9.230957571034738296e-03 2.007670904460166772e-01 1.074710267928041287e-02 -9.300943205886997439e-03 9.998989910183337937e-01 2.260783161222058857e-01
9.999355820100669368e-01 -6.669587493831972101e-03 -9.184140289154530540e-03 1.540688791231267274e+01 6.762946341330881676e-03 9.999253940266241703e-01 1.017196822079141812e-02 2.009613001866794590e-01 9.115612265395587818e-03 -1.023342481101177474e-02 9.999060869049974931e-01 2.265235998800388950e-01
9.999581639868727612e-01 -6.317857712131252045e-03 -6.614752446760645624e-03 1.570567728580799738e+01 6.385755125613527296e-03 9.999266226895061616e-01 1.029423956558765847e-02 2.143068381609441186e-01 6.549229533186545424e-03 -1.033604908498762277e-02 9.999251340384610609e-01 2.097402819826481024e-01
9.999546817386137931e-01 -5.397643364396346143e-03 -7.842188160108402167e-03 1.599462226390253505e+01 5.489973500091932697e-03 9.999153055006824165e-01 1.180008544228420761e-02 2.158518903489457519e-01 7.777831317021769754e-03 -1.184260408810948288e-02 9.998996239965370902e-01 2.336939585645955442e-01
9.999062394513993368e-01 -4.504471211017103439e-03 -1.293143631890947103e-02 1.626706195473063588e+01 4.692189924451289212e-03 9.998835259320858482e-01 1.452301357613762500e-02 2.081889364662557473e-01 1.286451164536650885e-02 -1.458232864562165887e-02 9.998109121385889697e-01 2.579887004269009743e-01
9.998118328268040811e-01 -3.989694373023981722e-03 -1.898371086791935183e-02 1.652407092788277509e+01 4.288725025879230358e-03 9.998669615348128037e-01 1.573740985021718219e-02 2.013034564835292917e-01 1.891839784863653603e-02 -1.581586450217553966e-02 9.996959300971919316e-01 2.616069779886981417e-01
9.997867041822169343e-01 -4.386071719940900365e-03 -2.018188582189128430e-02 1.682429383910858434e+01 4.706893749428740607e-03 9.998628801514528597e-01 1.587658799846818417e-02 2.014060476365467922e-01 2.010948263113475701e-02 -1.596819558087418656e-02 9.996702583543231047e-01 2.572665894177298407e-01
9.998294500091082782e-01 -3.931724190861371135e-03 -1.804473439458511783e-02 1.712393698622192417e+01 4.155356153058397360e-03 9.999148237216946011e-01 1.237248224301208330e-02 2.094524808117739501e-01 1.799455222353052442e-02 -1.244535441437506773e-02 9.997606259719249433e-01 2.538594431192176537e-01
9.998772719587450952e-01 -3.466892668996017935e-03 -1.527814372099507365e-02 1.744473776068098303e+01 3.602410845297331164e-03 9.999543358170153162e-01 8.851492351774547726e-03 2.151073179697166882e-01 1.524675888310048945e-02 -8.905444176092555675e-03 9.998441025517863512e-01 2.837796180099911858e-01
9.999120042096651950e-01 -3.111242753433095601e-03 -1.289589104869380554e-02 1.773393037327592126e+01 3.223709927349609813e-03 9.999568746065297109e-01 8.709570680883385943e-03 2.316779817975183065e-01 1.286823731965176972e-02 -8.750376887323539979e-03 9.998789123551986568e-01 3.058176276063115928e-01
9.999186097038098575e-01 -2.612167387596115668e-03 -1.248801623714443712e-02 1.804819924852957769e+01 2.778997806365343486e-03 9.999068813406859491e-01 1.336060697482275260e-02 2.316880726503793841e-01 1.245195322799682279e-02 -1.339422372079266885e-02 9.998327578308909835e-01 2.854524572720050224e-01
9.998799805259409590e-01 -1.100302528116843493e-03 -1.545360403888527447e-02 1.837477559428891638e+01 1.418379130299645850e-03 9.997870627173766067e-01 2.058682645779224066e-02 2.363185221227040445e-01 1.542766165323708472e-02 -2.060627470716489343e-02 9.996686294460810362e-01 2.542939144232025939e-01
9.998545184425785548e-01 5.580829236622273249e-04 -1.704788823900457717e-02 1.865845591452629648e+01 -1.151362785034728506e-04 9.996626528435746950e-01 2.597243256578115819e-02 2.568073441735913010e-01 1.705663195348501929e-02 -2.596669122543328670e-02 9.995172846195339300e-01 2.571752392993768566e-01
9.998929758550451075e-01 1.537456370454023339e-03 -1.454898840645254231e-02 1.897111584405870843e+01 -1.193004486790905658e-03 9.997194825847617317e-01 2.365444737783495288e-02 2.454472071045254444e-01 1.458127484264105760e-02 -2.363455877238279310e-02 9.996143226542916205e-01 2.661099994908990851e-01
9.999314926902097556e-01 2.330898958452646327e-03 -1.147069467706443233e-02 1.929854717294958988e+01 -2.173057503482529480e-03 9.999030522513171482e-01 1.375368749049864225e-02 2.387257157015781339e-01 1.150164107488615105e-02 -1.372781878323081628e-02 9.998396167606279361e-01 3.025982472696910341e-01
9.999182370164914069e-01 4.265176348214901221e-03 -1.205518778577679452e-02 1.965251973640538097e+01 -4.207964063181406957e-03 9.999797829716292608e-01 4.767251457199582140e-03 2.189021193135699539e-01 1.207527723386455504e-02 -4.716133875519853622e-03 9.999159693499216628e-01 3.577430577268298495e-01
9.998407462161642556e-01 5.466179519853523773e-03 -1.698832208784737882e-02 2.000921797581089834e+01 -5.439217532121907832e-03 9.999838741618326532e-01 1.632889748318739221e-03 2.320114595520058609e-01 1.699697380541509775e-02 -1.540226525106179684e-03 9.998543546855759301e-01 3.732944211262760326e-01
9.996880352640484801e-01 6.752914736504983355e-03 -2.404641953530718690e-02 2.032453036217969000e+01 -6.631246798586721419e-03 9.999648241205431054e-01 5.135862874667386849e-03 2.277581842158069581e-01 2.408025572544325935e-02 -4.974802924000826763e-03 9.996976506024531917e-01 3.484626226847902242e-01
9.993874031354148535e-01 9.027377278129359445e-03 -3.381308790587110591e-02 2.060779001069655791e+01 -8.655332477716866021e-03 9.999005630992634508e-01 1.113324451703231674e-02 1.973181742026996754e-01 3.391022963579031629e-02 -1.083376080842494288e-02 9.993661621011559193e-01 3.353475415744787691e-01
9.989222999933957681e-01 1.022187853151208109e-02 -4.527418442325884668e-02 2.094691301701432096e+01 -9.593566784083823462e-03 9.998549389860562631e-01 1.407353763446917219e-02 2.097863527463238731e-01 4.541147489636914586e-02 -1.362402967100809562e-02 9.988754595860587226e-01 3.160314438855155728e-01
9.982623419781558871e-01 1.146984755351463173e-02 -5.779912789468664991e-02 2.129423482517807287e+01 -1.073175329435114428e-02 9.998570670483134526e-01 1.306426212128133577e-02 2.160257783973023316e-01 5.794071158966201257e-02 -1.242127492021239191e-02 9.982427489693276312e-01 3.579639970620198675e-01
9.975001627290299711e-01 1.277872660969098066e-02 -6.949913310102262543e-02 2.163253095054060893e+01 -1.207551892249568611e-02 9.998716530618578791e-01 1.052897174942717465e-02 1.995795459638819991e-01 6.962475995155266439e-02 -9.663412936564521813e-03 9.975264463923280145e-01 4.395877766885047389e-01
9.969268161690065799e-01 1.349338569216386972e-02 -7.716768589047053040e-02 2.196492580214251689e+01 -1.306990450233609657e-02 9.998966419845506381e-01 5.990237417592841201e-03 1.840977945675973670e-01 7.724053857546329949e-02 -4.963254031562566206e-03 9.970001330541489182e-01 4.513090391329195872e-01
9.963519339268445130e-01 1.448610731671984807e-02 -8.410098961989358191e-02 2.229727649138742152e+01 -1.436775930106597675e-02 9.998947534959691241e-01 2.012318041917812890e-03 1.655770229873246846e-01 8.412128893986113576e-02 -7.966341969006149023e-04 9.964552042721502856e-01 4.522676711116919712e-01
9.956431751391945362e-01 1.487584388401895150e-02 -9.205094821609133282e-02 2.264093013227626017e+01 -1.517458659266097791e-02 9.998816170928014335e-01 -2.546315303764860004e-03 1.622184582179592993e-01 9.200217236829281997e-02 3.932056538587598744e-03 9.957510427867461988e-01 4.686944300249450412e-01
9.949969444310977629e-01 1.507154448220213161e-02 -9.876198215761025634e-02 2.299707778076782816e+01 -1.569008618606288624e-02 9.998618353161138339e-01 -5.489214312293952923e-03 1.528757673875412171e-01 9.866560580188538099e-02 7.011335480019240986e-03 9.950959448246855521e-01 5.085609116110881844e-01
9.947377652847043672e-01 1.752445995163284809e-02 -1.009439033314849382e-01 2.334086699916393215e+01 -1.793489339395828649e-02 9.998341638973601286e-01 -3.159794710775694435e-03 1.423328385782234584e-01 1.008717894921068031e-01 4.953585274375656676e-03 9.948871011715799684e-01 5.491856615109537154e-01
9.948972826598573294e-01 2.055195091549586947e-02 -9.877760003968058533e-02 2.368658043363192078e+01 -1.991904398459752243e-02 9.997742885916971467e-01 7.389422014301794649e-03 1.569569668838309284e-01 9.890717184699865383e-02 -5.384160522572405301e-03 9.950820982073266263e-01 5.714164690332842467e-01
9.949695923350158067e-01 2.259694355455271406e-02 -9.759553509605345401e-02 2.404171312664571758e+01 -2.102944429948492427e-02 9.996332887800056799e-01 1.706020033072775180e-02 1.753892227389415859e-01 9.794525410221519013e-02 -1.492200069903701180e-02 9.950799269877724784e-01 5.760567050946545642e-01
9.948776426004537488e-01 2.243164639491395870e-02 -9.856620868115778533e-02 2.439028984739387340e+01 -2.112778400629980111e-02 9.996751908314763790e-01 1.425235345598971012e-02 1.558546596705962239e-01 9.885389722589162098e-02 -1.209686224046809672e-02 9.950284282005154024e-01 5.884303360369761426e-01
9.946374945028402248e-01 2.104539731846307923e-02 -1.012588059421039438e-01 2.473243711090253072e+01 -2.125059800687565531e-02 9.997737309713697895e-01 -9.481265406788915058e-04 1.399961945535210806e-01 1.012159405106864141e-01 3.094852386624380013e-03 9.948596661214296200e-01 6.509642866226694746e-01
9.944666354614619674e-01 1.993113650912613569e-02 -1.031448532473342866e-01 2.506394829715233996e+01 -2.150128282441657671e-02 9.996689184092909519e-01 -1.413323753790391747e-02 1.116830524440771966e-01 1.028290123985638460e-01 1.627277984405082339e-02 9.945659308689811517e-01 7.580726743824521829e-01
9.945627037245864388e-01 2.040487796076330754e-02 -1.021208564175161426e-01 2.539932462570293836e+01 -2.197056983217098372e-02 9.996573357945606197e-01 -1.423042702699806386e-02 1.077462259447413834e-01 1.017954931285775938e-01 1.639670538636876090e-02 9.946702094821089357e-01 8.164178542843687492e-01
9.945555994122594612e-01 2.255918818652916449e-02 -1.017361425752235232e-01 2.576492759824373735e+01 -2.322454748517001344e-02 9.997159040508548644e-01 -5.360184874703349291e-03 1.179088555515478420e-01 1.015863183299332284e-01 7.693777755217422187e-03 9.947969771325317900e-01 7.966740937863039385e-01
9.939831125838952675e-01 2.507343774552528784e-02 -1.066250187228719865e-01 2.616906898719506458e+01 -2.460065427179335823e-02 9.996808375471400998e-01 5.747247206099453942e-03 1.281949866239893154e-01 1.067350912653904638e-01 -3.089621444382961712e-03 9.942826934689648066e-01 7.942066971752770321e-01
9.931912064627518300e-01 2.680846713858307459e-02 -1.133690147030618905e-01 2.653672555129884003e+01 -2.568971350146451865e-02 9.996058937173087910e-01 1.131794441729233949e-02 1.208997994042725205e-01 1.136277520030921778e-01 -8.328465362823967225e-03 9.934884854085749284e-01 7.995374367586914888e-01
9.929081985315559855e-01 2.589780926139530204e-02 -1.160284997932839179e-01 2.691879418318801243e+01 -2.512145084255737112e-02 9.996511948629227540e-01 8.148700307145770663e-03 1.154954058967804648e-01 1.161990619427914068e-01 -5.176107088448985219e-03 9.932124575935522559e-01 8.558086971991691883e-01
9.932531247604446945e-01 2.381925008491434306e-02 -1.134939358688600297e-01 2.730505801437612945e+01 -2.438102173272096648e-02 9.996963852663250938e-01 -3.564135899748303166e-03 8.000645273075153441e-02 1.133745823934147190e-01 6.307187236446595499e-03 9.935322961314763113e-01 9.438412680019190315e-01
9.936151723777165712e-01 2.277902482244274426e-02 -1.104988925235864811e-01 2.770138868929827680e+01 -2.450112841150160065e-02 9.995982081316582279e-01 -1.425191238189327768e-02 4.281122757881801466e-02 1.101298503011953062e-01 1.686826393309610525e-02 9.937740576934577241e-01 1.051677749882829582e+00
9.936064221736724544e-01 2.402692953799302061e-02 -1.103131201272543327e-01 2.809363368333495004e+01 -2.553034013438569561e-02 9.995991584592082146e-01 -1.223618160478340787e-02 4.162969110337255002e-02 1.099749041729807530e-01 1.497428010353030366e-02 9.938215591279576655e-01 1.127034392323065015e+00
9.933703684765139430e-01 2.531941215208328294e-02 -1.121349116069903645e-01 2.851010247464392222e+01 -2.555177980938043436e-02 9.996732980964513349e-01 -6.353121567368145723e-04 6.973371992994600865e-02 1.120821911875724552e-01 3.496346841561414308e-03 9.936927885304168706e-01 1.100945326287475989e+00
9.932990718399227204e-01 2.625222150260043616e-02 -1.125512094476391473e-01 2.896345307088839505e+01 -2.559616513173374255e-02 9.996459269683967142e-01 7.270283766384963951e-03 6.073145394719096229e-02 1.127022191995213085e-01 -4.340686774364920127e-03 9.936193276229231541e-01 1.064381223225199236e+00
9.938849216947869269e-01 2.595918321263472953e-02 -1.073260603706291116e-01 2.940887778344826486e+01 -2.572102777793515774e-02 9.996626670380672763e-01 3.602896110733885132e-03 3.971157065923413415e-02 1.073833839930263545e-01 -8.203275388019033026e-04 9.942173484228362668e-01 1.111084824889259970e+00
9.945091760543697257e-01 2.456820629401432199e-02 -1.017246380340260242e-01 2.983807740067883785e+01 -2.526350943940234434e-02 9.996654075357754854e-01 -5.552302867905554128e-03 1.028920358332593467e-02 1.015541916144483553e-01 8.091737503557471650e-03 9.947970998900779183e-01 1.249664321206209516e+00
9.948959634964517074e-01 2.330980174498432575e-02 -9.817675366947369031e-02 3.024559296124715502e+01 -2.439173710722828195e-02 9.996541048155755949e-01 -9.834321850645935670e-03 1.816692110681101396e-02 9.791355871052209725e-02 1.217882867847950960e-02 9.951204003298602663e-01 1.359765897117338085e+00
9.947373913993302619e-01 2.394448389585214151e-02 -9.962019796716456432e-02 3.066276520531289052e+01 -2.462094336181669743e-02 9.996813618047165617e-01 -5.566328075260353232e-03 1.977418130439731470e-02 9.945517231411342418e-02 7.989777921099864774e-03 9.950099658539817149e-01 1.382506771956804270e+00
9.944387482815170154e-01 2.575771680114954595e-02 -1.021181469743815684e-01 3.113602111789711202e+01 -2.555792996520113783e-02 9.996680123606126456e-01 3.264548801253286305e-03 -4.059056488974152957e-03 1.021683323353351491e-01 -6.364653750748843581e-04 9.947669208310270239e-01 1.344577413622760176e+00
9.944620900616613079e-01 2.590886622591194108e-02 -1.018522561413318511e-01 3.164362494973139661e+01 -2.551904449319107246e-02 9.996611802142827408e-01 5.128658766369573185e-03 -1.486927250872598430e-02 1.019506243156274583e-01 -2.501084459814406375e-03 9.947863161393899478e-01 1.352249926089011733e+00
9.948530606667382870e-01 2.428160501867387272e-02 -9.837576601856912184e-02 3.211786180474265251e+01 -2.425107481299720869e-02 9.997047646822170286e-01 1.506267601551544840e-03 -2.821090782603712099e-02 9.838329661297978701e-02 8.872031279155267319e-04 9.951481999271124534e-01 1.455859819495193497e+00
9.950413179269629316e-01 2.390611227732879901e-02 -9.654674211984774768e-02 3.258013754354257685e+01 -2.416472681817758913e-02 9.997068497851201441e-01 -1.510122681775275802e-03 -2.945666910968211885e-02 9.648233825926630369e-02 3.835660112016229476e-03 9.953273060232646907e-01 1.575217767018721737e+00
9.948869114253705570e-01 2.525059242149817543e-02 -9.778773469536133911e-02 3.304789683822509971e+01 -2.526467019074432260e-02 9.996801981310375895e-01 1.094488392972213595e-03 -2.366796033231102422e-02 9.778409847536514987e-02 1.381682688903266209e-03 9.952066926213406495e-01 1.638846756655383041e+00
9.947633578549803790e-01 2.565918151482956752e-02 -9.893163433944293650e-02 3.353451588758155566e+01 -2.517863029397824151e-02 9.996643380248887434e-01 6.103102307842053938e-03 -3.782413777626531665e-02 9.905502736158007526e-02 -3.580179499669565880e-03 9.950755166665224971e-01 1.618080284395661428e+00
9.946069890310982320e-01 2.489051856373527410e-02 -1.006846535283362210e-01 3.402772252039154210e+01 -2.422243608740757420e-02 9.996757519916651402e-01 7.852672786398194604e-03 -6.638731045665594022e-02 1.008474638277245400e-01 -5.371495650853060251e-03 9.948873986909214651e-01 1.613692171058787483e+00
9.941172268697755499e-01 2.450496542012955623e-02 -1.055009284817215176e-01 3.449818991738062124e+01 -2.424095368930563599e-02 9.996989825937370178e-01 3.784225849502544266e-03 -7.403527440489955647e-02 1.055619031894556442e-01 -1.204520985852232254e-03 9.944120040125292714e-01 1.700015689698617161e+00
9.935258442243298793e-01 2.438659695798303315e-02 -1.109580585047410806e-01 3.499740776855410473e+01 -2.464264698832355910e-02 9.996958850991551904e-01 -9.366243779819905923e-04 -7.757175359640351708e-02 1.109014734245741124e-01 3.664860792097732276e-03 9.938246485108090944e-01 1.826867114922036572e+00
9.934403991069730155e-01 2.469049580590220241e-02 -1.116537184290648105e-01 3.549848268564776532e+01 -2.508498807357023921e-02 9.996830540032571877e-01 -2.129533298556567783e-03 -9.574702757510944462e-02 1.115657509970107292e-01 4.916396605192488098e-03 9.937448929422950661e-01 1.867707343435471401e+00
9.938164498626688159e-01 2.521776276962443483e-02 -1.081338449480843539e-01 3.601254296241351227e+01 -2.532868123802528570e-02 9.996791169822096812e-01 3.478166354445372992e-04 -1.089278394835159203e-01 1.081079177909921168e-01 2.393221795891411000e-03 9.941362837158352894e-01 1.875749090936106533e+00
9.939322345689081128e-01 2.563048281126954764e-02 -1.069663098163082110e-01 3.652319165431202919e+01 -2.535941799240970518e-02 9.996708150397120018e-01 3.893774123419464772e-03 -1.096067149097758042e-01 1.070308974266004354e-01 -1.157544253659544475e-03 9.942550211527008130e-01 1.907985504697867318e+00
9.939539756362716361e-01 2.561784837959983629e-02 -1.067671305283127842e-01 3.700067065283674594e+01 -2.483601651579385103e-02 9.996541478608390596e-01 8.646210051049839362e-03 -1.211347093447988910e-01 1.069517021859734962e-01 -5.942264637282186276e-03 9.942464598330251757e-01 1.980194358926918197e+00
9.943701899511578901e-01 2.459196436001976141e-02 -1.030687179769584350e-01 3.751219012638021866e+01 -2.379030266683222414e-02 9.996764565278176695e-01 9.000209053505611734e-03 -1.364102894329414783e-01 1.032567035863473370e-01 -6.497503589980295480e-03 9.946335182425632970e-01 2.019933226403523019e+00
9.947424157305058134e-01 2.337415257584265701e-02 -9.970544287048180299e-02 3.805013718816405799e+01 -2.308332508904128305e-02 9.997252612046790832e-01 4.069669774035299115e-03 -1.533903085530791688e-01 9.977317499945223545e-02 -1.746739991323129028e-03 9.950086745601424143e-01 2.092829643223391933e+00
9.946606737539577248e-01 2.320671329610058883e-02 -1.005564147397652319e-01 3.857287944186992235e+01 -2.339124068760077210e-02 9.997261721169453663e-01 -6.562343289057428163e-04 -1.631623037799439790e-01 1.005136505476634939e-01 3.004869779589918084e-03 9.949311417435832139e-01 2.167045829210112462e+00
9.942666379492186568e-01 2.411273800207844667e-02 -1.041749899313664518e-01 3.906698469281160868e+01 -2.441088069647570982e-02 9.997007492288152442e-01 -1.587732650009527442e-03 -1.764008028301601583e-01 1.041055309038842885e-01 4.121632854658321618e-03 9.945577160616831947e-01 2.235953399312341272e+00
9.942485739046973414e-01 2.435001747443905906e-02 -1.042921374671655216e-01 3.957997752115354473e+01 -2.431731157881529895e-02 9.997030335014980285e-01 1.585296654121818704e-03 -1.799808556576097673e-01 1.042997681975106478e-01 9.599254644331950631e-04 9.945454423489398232e-01 2.280476277930154616e+00
9.944579374442976683e-01 2.401111036195617207e-02 -1.023566179258561387e-01 4.011137835948017738e+01 -2.367373957541361526e-02 9.997095661167406666e-01 4.509708326895733865e-03 -2.011475047134763383e-01 1.024351732001719389e-01 -2.061551324643275378e-03 9.947375459374130369e-01 2.311959407653931819e+00
