1.000000000000000000e+00 0.000000000000000000e+00 0.000000000000000000e+00 0.000000000000000000e+00 0.000000000000000000e+00 1.000000000000000000e+00 0.000000000000000000e+00 0.000000000000000000e+00 0.000000000000000000e+00 0.000000000000000000e+00 1.000000000000000000e+00 0.000000000000000000e+00
9.999999968747810275e-01 -6.518618267981088983e-05 -4.473476840163159848e-05 -2.203801488595065038e-03 6.518218591262485418e-05 9.999999938848872505e-01 -8.933928612114852238e-05 2.925454421250455600e-03 4.474059181509902443e-05 8.933636993195299015e-05 9.999999950086462253e-01 -1.370942192731588712e-03
9.999999829787711292e-01 -1.814249483288476225e-04 -3.357745696784511551e-05 -1.083049082849213158e-03 1.814226107728212202e-04 9.999999811203656996e-01 -6.960678492496862014e-05 2.618509904553537309e-03 3.359008474127335371e-05 6.960069203026937699e-05 9.999999970137248839e-01 -1.237644531600290681e-03
9.999999619537844886e-01 -2.729778429194504243e-04 3.969290548059555170e-05 -1.410378885043450745e-03 2.729756575081972018e-04 9.999999612267291837e-01 5.505297920663723026e-05 -5.632149727551696329e-04 -3.970793218508189023e-05 -5.504214191510775015e-05 9.999999976968213522e-01 -2.308461799182723838e-03
9.999999506927575998e-01 -3.133949302013480653e-04 1.995244719311203043e-05 -1.732022434119555353e-03 3.133945256591735666e-04 9.999999506863922472e-01 2.027521515245499665e-05 -9.421033696996559959e-04 -1.995880035882239705e-05 -2.026896116501622310e-05 9.999999995954077514e-01 -2.257297424266464965e-03
9.999998111855569194e-01 -6.036971358005107464e-04 -1.147981650414364035e-04 -5.067549548026644216e-03 6.036824884266424720e-04 9.999998096448344809e-01 -1.275842777419119111e-04 9.305025865879138110e-04 1.148751654520586702e-04 1.275149520102185547e-04 9.999999852718165494e-01 4.333557973850497673e-04
9.999989959989495913e-01 -1.409569200819890287e-03 -1.453126318152997930e-04 4.256160756482036886e-03 1.409542435120684232e-03 9.999989896422463165e-01 -1.841320454096151871e-04 4.401220279930702708e-03 1.455720318576488785e-04 1.839270362199454619e-04 9.999999724898140929e-01 3.871549258269543509e-03
9.999967812881026541e-01 -2.530404875172974008e-03 -1.856464442238256159e-04 1.912184543326832242e-02 2.530393416730642754e-03 9.999967966317361290e-01 -6.193079055680621452e-05 9.524461479258641144e-03 1.858025595042461504e-04 6.146083267913042439e-05 9.999999808499873133e-01 1.069081874758313899e-03
9.999919534684472699e-01 -3.999946250621996997e-03 -3.056605159194282972e-04 4.374918762430705238e-02 3.999966549439086007e-03 9.999919979351721278e-01 6.582724361315290325e-05 2.055198052122085908e-02 3.053947645678854132e-04 -6.704934577132213886e-05 9.999999511192103618e-01 -3.412782763239544537e-03
9.999794317789454379e-01 -6.410423070674893184e-03 -2.061434268081855769e-04 7.037299970759393342e-02 6.410430931257876316e-03 9.999794522736514812e-01 3.749351453528781177e-05 2.740998494488142145e-02 2.058988417388852850e-04 -3.881421155987942884e-05 9.999999780495617552e-01 1.844845599064179678e-03
9.999463187282394694e-01 -1.036140527367769050e-02 -3.070173961322334387e-05 1.217975238666690191e-01 1.036140295480443736e-02 9.999463164297140993e-01 -7.474927639656160205e-05 3.336193735322279946e-02 3.147459898088583665e-05 7.442715066479537508e-05 9.999999967349744168e-01 4.307598152270163648e-03
9.998932298463273360e-01 -1.461259821281421858e-02 2.968081037230469851e-05 1.743572407322088180e-01 1.461259841403462698e-02 9.998932302622981494e-01 -6.573961660042122438e-06 3.731728940558600577e-02 -2.958157869956182568e-05 7.006973519719043063e-06 9.999999995379162954e-01 4.272119844775997856e-03
9.998140684015978108e-01 -1.928280400453720803e-02 -4.578173874437922839e-05 2.331147605893292007e-01 1.928281081230518237e-02 9.998140575762106685e-01 1.532324067172132116e-04 3.061621830263132338e-02 4.281847551104026105e-05 -1.540867165777715412e-04 9.999999872119308408e-01 1.300604778591442964e-03
9.997064480424057153e-01 -2.422836254309887125e-02 6.473729081549531566e-05 2.967095538476908767e-01 2.422835228403198357e-02 9.997064383994670456e-01 1.548168385434276503e-04 3.476692211719219217e-02 -6.846924492479592372e-05 -1.532029138696130012e-04 9.999999859204147246e-01 -1.773021351699271761e-03
9.995646334213159623e-01 -2.950289538789406876e-02 3.503955495671570632e-04 3.688597678877467145e-01 2.950285758832843150e-02 9.995646896144751992e-01 1.125612751508674989e-04 3.747820839979303792e-02 -3.535639022708928630e-04 -1.021745997351488597e-04 9.999999322764567822e-01 -3.578493127631894935e-03
9.993704847956710324e-01 -3.547168244573592477e-02 6.275856390583249783e-04 4.423647310888176309e-01 3.547171264383146283e-02 9.993706800929614831e-01 -3.704922556712703314e-05 4.806123747372308130e-02 -6.258764885581164167e-04 5.928743996439613591e-05 9.999998023817907589e-01 4.245416226149219263e-04
9.991112746844916792e-01 -4.214448510923244490e-02 7.093470292581784912e-04 5.177412453633288836e-01 4.214459558153687418e-02 9.991115118133148121e-01 -1.415110638390853115e-04 5.232929343046285181e-02 -7.027528718796644501e-04 1.712804430492775496e-04 9.999997384006712453e-01 -1.268992358016223475e-03
9.987776665578126378e-01 -4.941594182945508590e-02 1.112420081931826807e-03 5.962851729226469333e-01 4.941598471906007845e-02 9.987782838705245858e-01 -1.108582156585094031e-05 5.212002295924214601e-02 -1.110513204061348369e-03 6.604360476533560642e-05 9.999993811991414461e-01 -6.428738604791392128e-03
9.983947003470348136e-01 -5.662446455408044060e-02 1.300896966815353424e-03 6.820608174585169881e-01 5.662436825995400408e-02 9.983955471909191637e-01 1.107632892473163212e-04 6.998837718249414919e-02 -1.305081650968499844e-03 -3.692301206031658415e-05 9.999991476989245065e-01 -8.059919036908676226e-03
9.979728231597626564e-01 -6.363277067154807232e-02 1.055808313694399109e-03 7.666310772994981981e-01 6.363260775021659099e-02 9.979733744834315967e-01 1.872246232199151227e-04 9.863097548506005730e-02 -1.065582207138680588e-03 -1.196612495150682393e-04 9.999994251077073404e-01 -9.109804294288571802e-03
9.974521206904805037e-01 -7.133347531712601330e-02 8.956725093675696340e-04 8.671384910084380948e-01 7.133331928063725569e-02 9.974525129212937768e-01 2.050058606454692456e-04 1.133277827689818384e-01 -9.080145757234232102e-04 -1.405922373731940023e-04 9.999995778715874417e-01 -4.681708179425627704e-03
9.968617035047440122e-01 -7.914986492212842950e-02 1.429324465809479576e-03 9.715617061695904777e-01 7.914939644176262334e-02 9.968626924024553970e-01 3.814957826775693811e-04 1.417398751285582070e-01 -1.455035574970830418e-03 -2.671683670115723112e-04 9.999989057456709629e-01 -4.185482919109705796e-03
9.961832978701867791e-01 -8.715417697417261744e-02 4.794421803864685853e-03 1.070537059210965314e+00 8.714890577105126324e-02 9.961944506242668140e-01 1.297986257073849726e-03 1.713930859341187551e-01 -4.889301318921045365e-03 -8.752036161503305885e-04 9.999876642995367826e-01 -7.935318361136254814e-04
9.954552005004771997e-01 -9.491845895370583375e-02 7.709082073006327460e-03 1.176619955194861289e+00 9.490271213134089667e-02 9.954836968837760258e-01 2.384212391169056484e-03 1.861422182818579796e-01 -7.900571287604879478e-03 -1.641763827115515044e-03 9.999674422624296177e-01 -6.351430277743129633e-03
9.947300655484743181e-01 -1.022175666587903792e-01 7.979082671824198891e-03 1.306977847321625141e+00 1.022019698892791401e-01 9.947609177178460271e-01 2.339643541167123458e-03 1.930216294805118804e-01 -8.176432270797461682e-03 -1.511835806095391393e-03 9.999654295563504824e-01 -7.959477840215474845e-03
9.938219830536537680e-01 -1.107723736063477016e-01 6.880933433694737776e-03 1.450473258321979708e+00 1.107683011057601918e-01 9.938457827941161726e-01 9.713354178654404203e-04 2.057480444993530222e-01 -6.946183804569420507e-03 -2.031451847210904819e-04 9.999758543397870847e-01 -1.063796472407328025e-02
9.925048622885463967e-01 -1.220261254612397678e-01 6.612339866590325604e-03 1.575675416923163707e+00 1.220334068655520715e-01 9.925257411648481520e-01 -7.076255757522637111e-04 2.127662554300216724e-01 -6.476568719635108703e-03 1.509248185886781371e-03 9.999778878692934247e-01 -1.686133298644409625e-02
9.908393845630738550e-01 -1.346360820900810162e-01 1.050901508715100519e-02 1.683184973111504279e+00 1.346607316625801631e-01 9.908903546073937196e-01 -1.671075740968968422e-03 2.373197888025757041e-01 -1.018829459564166845e-02 3.070919319428822881e-03 9.999433824511095859e-01 1.043397836985713450e-02
9.888007489252566007e-01 -1.483688127315665739e-01 1.611751635572230071e-02 1.814643623755799018e+00 1.484224231849843034e-01 9.889216599987182832e-01 -2.175932277657498769e-03 2.923754174640561532e-01 -1.561612054093705279e-02 4.543764298998296224e-03 9.998677367458388421e-01 2.065213773888866650e-02
9.861019906682961800e-01 -1.651580285061202136e-01 1.804687285917213127e-02 1.971507231215738454e+00 1.652264687593839043e-01 9.862528317451748627e-01 -2.359215108477476577e-03 3.383932221956531539e-01 -1.740913614536566609e-02 5.308247789554938235e-03 9.998343585234890085e-01 2.277739824368383431e-02
9.824760089936463991e-01 -1.856284483915306704e-01 1.682173890146861431e-02 2.125610441718043919e+00 1.856871888136215898e-01 9.826069012350273635e-01 -1.986342314795261355e-03 3.792101194104406381e-01 -1.616043509348690302e-02 5.075115077505695273e-03 9.998565314806616700e-01 9.677432887481608736e-03
9.776626832693569025e-01 -2.096300291163808449e-01 1.519633624353189730e-02 2.270886918883367134e+00 2.096863764494904525e-01 9.777662286277799542e-01 -2.196744520978333431e-03 4.155158129850091142e-01 -1.439796075990389113e-02 5.334139825051200864e-03 9.998821158908098861e-01 -3.242659254996064361e-03
9.714085335085502759e-01 -2.369764236373545496e-01 1.440956858537831460e-02 2.417293450228937601e+00 2.370388882691381593e-01 9.714962162290208258e-01 -2.768989134460131309e-03 4.908696138599117909e-01 -1.334265621601254080e-02 6.105447792322998835e-03 9.998923427211333648e-01 2.741753391576107896e-03
9.633894758883743137e-01 -2.677151175188363652e-01 1.446836547088602154e-02 2.571848787920909096e+00 2.677863695966530289e-01 9.634730030835336745e-01 -3.198841578117314448e-03 5.819797136151876327e-01 -1.308350128093484221e-02 6.956161374838515897e-03 9.998902108797540489e-01 1.624232006396311365e-02
9.533030641250677117e-01 -3.016219619180216527e-01 1.540973778104034846e-02 2.750077328671078902e+00 3.017057915697625714e-01 9.533950681295975116e-01 -3.385173470166904976e-03 6.576709428902758336e-01 -1.367052533810961430e-02 7.876303376816254712e-03 9.998755325449745213e-01 5.390333760642695288e-03
9.411200438366664756e-01 -3.375572206100093675e-01 1.865974016208077346e-02 2.939751071300302776e+00 3.377746548916464864e-01 9.411739841740298651e-01 -9.990697013328379839e-03 7.343522214201518850e-01 -1.418963007622187078e-02 1.570523250475708635e-02 9.997759749415223718e-01 -6.582329988041377145e-02
9.269629877129901274e-01 -3.741103927447620436e-01 2.794697569625216246e-02 3.122175676728908833e+00 3.747331906334376295e-01 9.268757834244760740e-01 -2.182470936684925006e-02 8.179497002770123038e-01 -1.773852440003625616e-02 3.070335717187396701e-02 9.993711265643437924e-01 -2.575184875370814530e-02
9.113901379018416460e-01 -4.101285731285900793e-01 3.409648132533446563e-02 3.297021678821498547e+00 4.110255648228809955e-01 9.112689453250534255e-01 -2.543411779866527542e-02 9.386521883302801905e-01 -2.063980613508185555e-02 3.719492962315563978e-02 9.990948581656472482e-01 1.106171072539010453e-01
8.931030864847366857e-01 -4.488836444515602042e-01 2.950170597308227755e-02 3.511004602066119862e+00 4.494174219383056390e-01 8.932015737544806155e-01 -1.466047410032051898e-02 1.112608341702679526e+00 -1.977012316005947318e-02 2.635189530953034945e-02 9.994572126128420386e-01 1.985356707978503110e-01
8.705182330675849123e-01 -4.919053070299116981e-01 1.507231941998965312e-02 3.702543087925044052e+00 4.917227928560812811e-01 8.706340315985732214e-01 1.432054496972520394e-02 1.335457150618819755e+00 -2.016682629233539428e-02 -5.054892503593815152e-03 9.997838502291742646e-01 6.767599609789037851e-02
8.447088048056919929e-01 -5.352197651630500319e-01 2.614968938411989241e-03 3.875603095011920463e+00 5.348717481493024950e-01 8.443171657550947451e-01 3.226045013624311009e-02 1.504798747990199859e+00 -1.947429370859194223e-02 -2.585201326963499496e-02 9.994760753987351753e-01 -2.595478318829596009e-01
8.157557451672534654e-01 -5.783965370752505164e-01 1.006279158856466724e-04 4.055101441795768480e+00 5.782608486733197273e-01 8.155681173965847464e-01 2.151828937909501527e-02 1.655570706605971942e+00 -1.252817298056809608e-02 -1.749547900312799220e-02 9.997684497403486192e-01 -3.441288481285086354e-01
7.839928453213016457e-01 -6.206869869728676159e-01 1.014311034904462512e-02 4.256031766085641266e+00 6.207471435468702170e-01 7.839992797790492629e-01 -4.255946937325526258e-03 1.822731865904425375e+00 -5.310580327125422745e-03 9.632938724780468892e-03 9.999395002839490676e-01 -6.814841980170921465e-02
7.505517306548092904e-01 -6.604695548876152733e-01 2.126185969350044558e-02 4.467830033655024735e+00 6.607980426547584996e-01 7.503544661860283016e-01 -1.772348437302066759e-02 2.053184171348366061e+00 -4.248109545532195719e-03 2.735218713806931989e-02 9.996168323032846859e-01 2.712668049295815509e-01
7.140590118551267684e-01 -6.998520239242919105e-01 1.807960722892776664e-02 4.650978518685259466e+00 7.000635140905623333e-01 7.140031624785387887e-01 -1.051476151981674267e-02 2.325138846757730970e+00 -5.550119607099263282e-03 2.016503359079295857e-02 9.997812598726928401e-01 2.739388902213643062e-01
6.734595809545536049e-01 -7.392166406502074238e-01 3.309230475378120359e-03 4.826760825700430857e+00 7.392171972898127219e-01 6.734658642978231802e-01 1.290293214788429529e-03 2.601215638250151674e+00 -3.182459977950881196e-03 1.577279749455129257e-03 9.999936920486451886e-01 -4.732250275449023658e-02
6.283006960535354457e-01 -7.779588493568361240e-01 -4.273645519995563496e-03 5.004108503920852158e+00 7.779349486484008480e-01 6.283150145429658995e-01 -6.120308103565102326e-03 2.864415619163774185e+00 7.446543497006319692e-03 5.207756333928310367e-04 9.999721385032119825e-01 -3.253060589732737484e-01
5.806941639246241404e-01 -8.141209708084218288e-01 1.154501552421439807e-03 5.151225342414347708e+00 8.139771837260314502e-01 5.805637093548023930e-01 -1.967037756706286472e-02 3.120370912434172084e+00 1.534380517733575228e-02 1.236221137763458822e-02 9.998058528397073541e-01 -1.386258629974659318e-01
5.337214729494583754e-01 -8.455974828095687013e-01 1.030952854314835104e-02 5.281188498450785751e+00 8.455795559220908864e-01 5.334623446855060180e-01 -2.032588028209579914e-02 3.421103145136236812e+00 1.168776793319878382e-02 1.956588533043602737e-02 9.997402523715727130e-01 1.447072999573343344e-01
4.875179967888881860e-01 -8.730377140703697858e-01 1.146091696736298293e-02 5.431394997423374171e+00 8.731067191143575545e-01 4.874229779478628233e-01 -1.017337730546932252e-02 3.795593603034011387e+00 3.295427788897060603e-03 1.496630813595630806e-02 9.998825679930957167e-01 1.928550746367039270e-01
4.398442037982746022e-01 -8.980670170057499790e-01 3.565017735713038420e-03 5.586560568876980604e+00 8.980740253606717127e-01 4.398391653548051616e-01 -2.133914822139809132e-03 4.185690504822001223e+00 3.483640935123533382e-04 4.140239894311417007e-03 9.999913684907865141e-01 -1.555191149842183318e-02
3.909235855485350131e-01 -9.204018772578567154e-01 -6.255765507961318778e-03 5.691159196022779199e+00 9.204083468922915623e-01 3.909468042500194862e-01 -3.011846227189224779e-03 4.538107141481821927e+00 5.217780454991933006e-03 -4.580457063474852562e-03 9.999758967996243975e-01 -1.146636393304746177e-01
3.420603760171179175e-01 -9.394703747630090973e-01 -1.975130632841646042e-02 5.744382620547473728e+00 9.395233114591325929e-01 3.423098635791764766e-01 -1.095009229509029403e-02 4.880556314840953647e+00 1.704835428694878238e-02 -1.481122003943682874e-02 9.997449581653563566e-01 -6.454412411947806072e-02
2.954331383574668735e-01 -9.550601702345176136e-01 -2.406931639810762011e-02 5.819366733981391704e+00 9.550841297269263563e-01 2.958621691757792327e-01 -1.672967406623517006e-02 5.250802211800265518e+00 2.309904552178882950e-02 -1.804572199212326616e-02 9.995703006861325068e-01 -2.198310232299672401e-02
2.524556453814504886e-01 -9.674292071069974241e-01 -1.862461681112957679e-02 5.910309724567222034e+00 9.674728548176920739e-01 2.526957458468555018e-01 -1.188003458775714616e-02 5.660756843964196428e+00 1.619945387783787438e-02 -1.501962939714292927e-02 9.997559644367380871e-01 -1.620878189873381503e-02
2.134200489796589384e-01 -9.769270986416370706e-01 -8.082489291890674818e-03 5.995926714478590824e+00 9.769386755794556843e-01 2.134633106517572765e-01 -4.923328411830574236e-03 6.101860991858700345e+00 6.535047863583942629e-03 -6.845359393408977783e-03 9.999552160992989380e-01 -9.936431592377739652e-03
1.756013527639760374e-01 -9.844590460239656116e-01 -2.133450033382019214e-03 6.058478786480281819e+00 9.844558704693756601e-01 1.756071972827384364e-01 -2.958269914129500744e-03 6.540415154784555263e+00 3.286944758450308177e-03 -1.580811210953903326e-03 9.999933484929138805e-01 4.156893781967078982e-02
1.388787706968459545e-01 -9.903024019284433210e-01 -3.720186082567197329e-03 6.086812374030937001e+00 9.902938413204734891e-01 1.388966608226018806e-01 -5.081875153159890607e-03 6.949045911226527927e+00 5.549314594982015549e-03 -2.978312792026741387e-03 9.999801671835490957e-01 7.278488809674929505e-02
1.056878691921444569e-01 -9.943321000211388094e-01 -1.156499775947335100e-02 6.078176727154832371e+00 9.943686220467083947e-01 1.057688892623870336e-01 -6.632160517652176124e-03 7.355213584965947682e+00 7.817787062535863293e-03 -1.079893197280985123e-02 9.999111286877906402e-01 5.104753756362977180e-02
7.838071327696560786e-02 -9.967519055504037162e-01 -1.849601491764056929e-02 6.089569189744267419e+00 9.968972419010222463e-01 7.849981374541181722e-02 -5.802441905839517307e-03 7.814198839004383501e+00 7.235528752558202138e-03 -1.798382672222818487e-02 9.998120968962597166e-01 -1.946958186295458942e-02
5.678974428120253659e-02 -9.981987489511124911e-01 -1.934379840955864627e-02 6.101734809430193529e+00 9.983770625619278194e-01 5.686127950830377475e-02 -3.167939850323113829e-03 8.300922069009470050e+00 4.262146723463105906e-03 -1.913249814092717049e-02 9.998078723535812617e-01 -4.442964098786980620e-02
3.998524281170456884e-02 -9.990778113764787749e-01 -1.564311901362703400e-02 6.132553510156785848e+00 9.991990403854654756e-01 4.000485794569341724e-02 -9.428857354091711371e-04 8.796738744610246741e+00 1.567816970878424185e-03 -1.559288799197773231e-02 9.998771943563946607e-01 -5.584553880862069830e-03
2.471943490305428259e-02 -9.996380299558536020e-01 -1.061878543215859227e-02 6.158559113309443056e+00 9.996939969007863080e-01 2.472789517846141205e-02 -6.661535666218241711e-04 9.315582069340232252e+00 9.284926520748996645e-04 -1.059906911118091780e-02 9.999433972157480977e-01 5.315829801749241690e-02
8.486439036705650807e-03 -9.999340966281202725e-01 -7.731930740826765958e-03 6.151264510760866777e+00 9.999621262531770416e-01 8.501096259749929551e-03 -1.864784600747851611e-03 9.832308954015495317e+00 1.930391592656319471e-03 -7.715812522808602678e-03 9.999683694124589239e-01 7.669346100876184291e-02
-7.087319379986745105e-03 -9.999282489474864422e-01 -9.657476938616736326e-03 6.130977065183539132e+00 9.999695198382364536e-01 -7.055315586602883826e-03 -3.343937269227318775e-03 1.032450514077238424e+01 3.275560790636431602e-03 -9.680882128571072220e-03 9.999477742475951780e-01 6.476577050045854989e-02
-1.956718604640572678e-02 -9.997244754544839518e-01 -1.296527699213838834e-02 6.093306474662472105e+00 9.997953738972015225e-01 -1.949872206930791663e-02 -5.386109116915505091e-03 1.083022681948723687e+01 5.131818779027670294e-03 -1.306801495719270984e-02 9.999014408535962239e-01 3.493979158416656017e-02
-2.704343618017790440e-02 -9.995081216773509247e-01 -1.587977520566957734e-02 6.055170214984479493e+00 9.996130306023631729e-01 -2.693592145348788769e-02 -6.945875424336350572e-03 1.138261960511058568e+01 6.514722521144339189e-03 -1.606147055737713880e-02 9.998497824943539669e-01 1.497294439240235732e-02
-3.064335441652921155e-02 -9.993847544364418134e-01 -1.706157759749363581e-02 6.060859408862122599e+00 9.995096460331880373e-01 -3.052830255916383351e-02 -6.963492619859172617e-03 1.196222335893228461e+01 6.438347358884996020e-03 -1.726659615756586871e-02 9.998301917527885330e-01 1.001779339863841795e-02
-3.161016247696757375e-02 -9.993637329896293275e-01 -1.652049676047032123e-02 6.052211853669202668e+00 9.994838206239552436e-01 -3.151048455484795063e-02 -6.259526664232220074e-03 1.253913786999531688e+01 5.734975075906019980e-03 -1.670983387564584088e-02 9.998439335779994996e-01 3.603691526791506089e-02
-3.102689620018495020e-02 -9.994055337660173732e-01 -1.503032900654402426e-02 6.034359558966490233e+00 9.994993247787483659e-01 -3.092952375550406252e-02 -6.668157697901485811e-03 1.311771459295596642e+01 6.199312785246269275e-03 -1.522969592998243797e-02 9.998648033023619375e-01 6.269177108545762045e-02
-2.933814911399013070e-02 -9.994778291799011338e-01 -1.354038346568301951e-02 6.009963236832515321e+00 9.995465969605719092e-01 -2.924299576504507669e-02 -7.172705432786996918e-03 1.370484422298998695e+01 6.772998678964775587e-03 -1.374467811620249010e-02 9.998825982646045718e-01 6.351723352407533107e-02
-2.626471255297402330e-02 -9.995739211678721370e-01 -1.273345968677424764e-02 5.984630850967807447e+00 9.996306148053543117e-01 -2.617292800945980602e-02 -7.322006779663964293e-03 1.430527395461990281e+01 6.985615103873152841e-03 -1.292106653866813282e-02 9.998921177912764024e-01 5.549643862802354499e-02
-2.145482587321678736e-02 -9.996848862068749009e-01 -1.303145181084115409e-02 5.975278229940183650e+00 9.997508326838567827e-01 -2.137226672313397025e-02 -6.441953356775009104e-03 1.493174339164188069e+01 6.161411744526658525e-03 -1.316641578652098105e-02 9.998943356678499095e-01 5.642065468691585817e-02
-1.648131007312425567e-02 -9.997670421053150847e-01 -1.393656838190152070e-02 5.978848761985184446e+00 9.998580664709839638e-01 -1.643089016855925344e-02 -3.724615574116030454e-03 1.558257307989725504e+01 3.494757671103737064e-03 -1.399597685974889039e-02 9.998959442364798722e-01 6.461219493219111376e-02
-1.281760506376095066e-02 -9.998277428415369705e-01 -1.342362264169586969e-02 5.971805703585231662e+00 9.999176494233750212e-01 -1.280792045559864256e-02 -8.071835202074842397e-04 1.624664271801247040e+01 6.351157860471218219e-04 -1.343286335820692741e-02 9.999095733164764521e-01 6.121108409502099695e-02
-9.031869839875916739e-03 -9.998825450036601392e-01 -1.238230690133069675e-02 5.963794229247066703e+00 9.999588439680782148e-01 -9.041795561484988752e-03 7.458572575693494730e-04 1.689124372822172049e+01 -8.577279404892897141e-04 -1.237506080904310704e-02 9.999230581263502948e-01 6.931594829504025834e-02
-4.954572867554407622e-03 -9.999162843859417116e-01 -1.195309280115482847e-02 5.962611006616231890e+00 9.999868329641277143e-01 -4.970189612337083673e-03 1.277150575169551210e-03 1.752726371993624710e+01 -1.336452795400505135e-03 -1.194660767876561114e-02 9.999277436189553114e-01 7.583201603467573659e-02
-6.665305863799986241e-04 -9.999165248194017419e-01 -1.290345419137443883e-02 5.966979102298217263e+00 9.999992924486269530e-01 -6.791887026846854525e-04 9.766293833271561670e-04 1.819349926142446705e+01 -9.853117393253917056e-04 -1.290279410816215847e-02 9.999162700271352344e-01 8.521572544897663970e-02
3.658904347796254619e-03 -9.998851132082263726e-01 -1.470961602307923125e-02 5.975399106423161300e+00 9.999928170725446153e-01 3.643957929687413611e-03 1.042772229826420885e-03 1.889600599002643122e+01 -9.890512071204261846e-04 -1.471332576881991157e-02 9.998912639995062301e-01 7.242981415212476626e-02
7.624508106010341457e-03 -9.998548570913684541e-01 -1.523586646505129330e-02 5.964810939079473684e+00 9.999690421986188182e-01 7.593979053580057759e-03 2.060613139572863017e-03 1.960784707243329095e+01 -1.944613205389477545e-03 -1.525110595770941962e-02 9.998818041381432042e-01 6.205565699624200626e-02
1.068768310567147495e-02 -9.998468943834228906e-01 -1.385500709699342449e-02 5.972328014413101016e+00 9.999401219820904796e-01 1.065405464840285532e-02 2.498713667324852991e-03 2.033085571244816236e+01 -2.350719097462787219e-03 -1.388088294647850905e-02 9.999008926930463836e-01 4.986352923334859411e-02
1.264205707102705745e-02 -9.998462594750038290e-01 -1.215054759491770650e-02 5.982359032474191984e+00 9.999169146652940876e-01 1.261047918702029591e-02 2.671999422303707183e-03 2.105649270907264992e+01 -2.518364400153121942e-03 -1.218331763179443701e-02 9.999226093114560454e-01 7.424584121068600329e-02
1.309513567915399079e-02 -9.998586909208312390e-01 -1.054113900993577588e-02 5.989663409109082792e+00 9.999112568885087926e-01 1.306855300105180806e-02 2.586748944453858695e-03 2.178613588007441138e+01 -2.448625979499673491e-03 -1.057407738485690273e-02 9.999410948242258845e-01 9.764751844897288924e-02
1.324867514379446387e-02 -9.998527271028272434e-01 -1.090856140715987244e-02 5.994590512724683684e+00 9.999090536410875085e-01 1.322033579095283073e-02 2.665927260701301052e-03 2.251588751034215363e+01 -2.521319797071082044e-03 -1.094288931745293451e-02 9.999369460720345382e-01 1.028411176405996386e-01
1.379827577485903678e-02 -9.998351094701176667e-01 -1.180514534086445425e-02 6.004757254802572497e+00 9.999020793328499135e-01 1.376973890814281454e-02 2.495202646065388004e-03 2.326036550602941944e+01 -2.332237441662530358e-03 -1.183841886738144084e-02 9.999272036039604794e-01 8.348859934840413555e-02
1.405459854760349181e-02 -9.998249462519102071e-01 -1.235091543291604727e-02 6.033523803166498389e+00 9.999004116478447113e-01 1.403771872067194337e-02 1.452322137259619284e-03 2.404456083960166168e+01 -1.278689226035973313e-03 -1.237009723020145342e-02 9.999226698342120745e-01 6.284375836531752579e-02
1.352940919349931992e-02 -9.998306318337131238e-01 -1.247648724095083012e-02 6.033437915642399396e+00 9.999084733122876045e-01 1.352847110750599047e-02 1.595862913077511144e-04 2.482252270520355708e+01 9.228534692147342955e-06 -1.247750441763614826e-02 9.999221528690831473e-01 6.855858235635006737e-02
1.301274173646749244e-02 -9.998461889163767768e-01 -1.175870153956913924e-02 6.034543090394151044e+00 9.999152657702770064e-01 1.300760345313989319e-02 5.133536421654807599e-04 2.560811452989385728e+01 -3.603221559349573805e-04 -1.176438531341661778e-02 9.999307323040638185e-01 8.436660586733765732e-02
1.228934997083797054e-02 -9.998723680972234629e-01 -1.020878998434679788e-02 6.058497881248163353e+00 9.999237024415570385e-01 1.227594237558338186e-02 1.374967039416658682e-03 2.642472702358033487e+01 -1.249469032184890617e-03 -1.022490852974209351e-02 9.999469436288587199e-01 8.750507840981899821e-02
1.089974834781726187e-02 -9.998980782631160524e-01 -9.221093844118698202e-03 6.068054875412166815e+00 9.999375820439325713e-01 1.087661066495393403e-02 2.555651888874977025e-03 2.725010295896695567e+01 -2.455097164748106485e-03 -9.248374244741602163e-03 9.999542189879199183e-01 9.082057951898510340e-02
8.226653058986843625e-03 -9.999390444063287475e-01 -7.364078435554415915e-03 6.063228873095626525e+00 9.999607219235076006e-01 8.202096876419040505e-03 3.358603437015605063e-03 2.806924112802251514e+01 -3.297997826615230686e-03 -7.391419253957376596e-03 9.999672445294135459e-01 8.885752339463404148e-02
4.055429906305141330e-03 -9.999713775438175967e-01 -6.387298442618761542e-03 6.063303787305069470e+00 9.999840815531385596e-01 4.030258025046529191e-03 3.948880927263928933e-03 2.888538158006353029e+01 -3.923025439785885783e-03 -6.403211176556778544e-03 9.999718039815058690e-01 1.040177814230826281e-01
-2.086892874204604453e-04 -9.999810491927868528e-01 -6.152861454209232646e-03 6.055544715286794499e+00 9.999887169457121194e-01 -2.378831166272021846e-04 4.744406484617201894e-03 2.971290626485619768e+01 -4.745780236143473489e-03 -6.151801924330910568e-03 9.999698159959800048e-01 1.010830682615119491e-01
-4.307390539978195321e-03 -9.999781065691928372e-01 -5.023222972163407865e-03 6.043984441375290118e+00 9.999631518660847540e-01 -4.344519167396310166e-03 7.404057215457163742e-03 3.055623959203598616e+01 -7.425718603727494635e-03 -4.991145709763327755e-03 9.999599727827720441e-01 8.970594744025953138e-02
-9.214826935112885309e-03 -9.999522840324206463e-01 -3.242934304192505220e-03 6.050298226223569387e+00 9.999216919913929136e-01 -9.241909658429081631e-03 8.437830937854617214e-03 3.140095416328633959e+01 -8.467399224454712214e-03 -3.164927204665028953e-03 9.999591423584079930e-01 7.774153838238409553e-02
-1.514846869782759953e-02 -9.998850915991177590e-01 -5.722708582014735847e-04 6.055543620873622856e+00 9.998595699403993731e-01 -1.515217942028490583e-02 7.159040257989482403e-03 3.224940379025439796e+01 -7.166888774842053098e-03 -4.637419969161092788e-04 9.999742099917624527e-01 8.064741223755174382e-02
-2.115563848021650983e-02 -9.997760459795397292e-01 5.448357666233106470e-04 6.050238886829610863e+00 9.997667824082183685e-01 -2.115307152615031328e-02 4.350673296017204018e-03 3.308021631091017412e+01 -4.338173995299462495e-03 6.367499727339721860e-04 9.999903873517278496e-01 9.597367165353468121e-02
-2.660439975085204800e-02 -9.996459654386895544e-01 3.869057349521103431e-04 6.005652570871859552e+00 9.996419444213440197e-01 -2.660318078954526655e-02 2.872929757949195355e-03 3.394346337461350060e+01 -2.861619718307220703e-03 4.631997729318945625e-04 9.999957982804518197e-01 1.018478950821443130e-01
-3.116723310286517723e-02 -9.995140679205472001e-01 -4.812583836578949829e-04 5.969148709451995494e+00 9.995101723851103070e-01 -3.116846853975996368e-02 2.818131929760518337e-03 3.482131776753347197e+01 -2.831762595842253830e-03 -3.931892752422098351e-04 9.999959132530465977e-01 9.318686572588325001e-02
-3.492418424119958509e-02 -9.993896277338211176e-01 -8.205687915069550652e-04 5.942888737325279891e+00 9.993820763163229204e-01 -3.492715906522625424e-02 3.944502162249198356e-03 3.568960711993396728e+01 -3.970754684230401454e-03 -6.823032223623954132e-04 9.999918837518384507e-01 8.561241308398703787e-02
-3.749645354046937662e-02 -9.992952353102231289e-01 -1.746040713516900213e-03 5.911435607500259870e+00 9.992843816987742045e-01 -3.750462880521099329e-02 4.911955932388772927e-03 3.654831314504007622e+01 -4.973978768129122367e-03 -1.560610287415973218e-03 9.999864119230545967e-01 9.613435797618463674e-02
-3.907110228374865990e-02 -9.992293627232582409e-01 -3.758941074816108188e-03 5.867682549887616617e+00 9.992250244266482895e-01 -3.908835570104596258e-02 4.631523307989528215e-03 3.742609393484408287e+01 -4.774884909271977229e-03 -3.575069266405432600e-03 9.999822095186712279e-01 9.680494237996581375e-02
-3.918953281540216160e-02 -9.992151762347452060e-01 -5.762994002941014202e-03 5.824739299268478554e+00 9.992251420269440132e-01 -3.920966646241441644e-02 3.423097594274277303e-03 3.831365445044035312e+01 -3.646376138611715639e-03 -5.624378905588025765e-03 9.999775348991506441e-01 9.563347644542705139e-02
-3.946746860013794489e-02 -9.991919295772606624e-01 -7.603077664202852193e-03 5.795841407311342230e+00 9.992202848553517480e-01 -3.947443851192899977e-02 7.687898009216950421e-04 3.919151445691263547e+01 -1.068295786379262410e-03 -7.566807242074151570e-03 9.999708006598363452e-01 9.211498255849417949e-02
-4.023037149343289265e-02 -9.991531352435050195e-01 -8.633049436611504174e-03 5.761770935527434467e+00 9.991897629205350739e-01 -4.021885241295186653e-02 -1.503856838416043219e-03 4.006577236476465487e+01 1.155371933895980169e-03 -8.686555339131523529e-03 9.999616036988793200e-01 1.018840400462839024e-01
-3.990725483805790397e-02 -9.991594677278123893e-01 -9.368514352096811437e-03 5.738231199142966865e+00 9.992033704716427600e-01 -3.990373326777740814e-02 -5.625916847843120266e-04 4.093482659753957620e+01 1.882801104957747274e-04 -9.383502606661549283e-03 9.999559562447891681e-01 1.313798169155501738e-01
-3.887715241465516947e-02 -9.991801078424803473e-01 -1.129951822058238367e-02 5.696788735748784305e+00 9.992369365578700480e-01 -3.891690338355058287e-02 3.319525490003089573e-03 4.183865790234185766e+01 -3.756546095958221768e-03 -1.116184227289539199e-02 9.999306484144308005e-01 1.247581421615536479e-01
-3.799206009620270663e-02 -9.992019926649662320e-01 -1.232806651535754347e-02 5.647189048127298605e+00 9.992626958797450332e-01 -3.805695530280095440e-02 5.072748389660715340e-03 4.273049754966276481e+01 -5.537868975581904801e-03 -1.212625281944808633e-02 9.999111390517499975e-01 8.909979381299930334e-02
-3.805468541538425953e-02 -9.992077803348170528e-01 -1.164700117215814595e-02 5.599158114295621935e+00 9.992681549318277456e-01 -3.809698197549415966e-02 3.431399641503941889e-03 4.361944658015198684e+01 -3.872396812953106480e-03 -1.150789653789940914e-02 9.999262837130525883e-01 9.742737348509156181e-02
-3.818237004616387154e-02 -9.992105285657847391e-01 -1.097388814156376874e-02 5.578790688569252865e+00 9.992707162470108040e-01 -3.818421005485261865e-02 -4.187688597044603167e-05 4.449885291558482692e+01 -3.771854245507048550e-04 -1.096748402199150714e-02 9.999397841997201830e-01 1.262906616759591483e-01
-3.792010744199614258e-02 -9.992175585958602557e-01 -1.123993084126442485e-02 5.549547592070395829e+00 9.992774771857646510e-01 -3.788869000964600886e-02 -2.995122469407972797e-03 4.538739738840023819e+01 2.566912706202914042e-03 -1.134538510064306976e-02 9.999323443093921515e-01 1.456074156326477853e-01
-3.773546580793518679e-02 -9.992141201157829222e-01 -1.213164380865513516e-02 5.516146158994895465e+00 9.992830125028613342e-01 -3.769506867674876638e-02 -3.541570366583378197e-03 4.628993196312541869e+01 3.081483971144634640e-03 -1.225658837919919170e-02 9.999201370598745919e-01 1.545637557774695303e-01
-3.787186119925567418e-02 -9.992063570058088429e-01 -1.234415847615276743e-02 5.464447072360546720e+00 9.992824942664461085e-01 -3.786318520604847748e-02 -9.358732193255493020e-04 4.717368571703150337e+01 4.677413115061939200e-04 -1.237074473233262806e-02 9.999233700103388189e-01 1.477427158042947108e-01
-3.840919603484382883e-02 -9.991894909960463700e-01 -1.204552792613905465e-02 5.409971499369672365e+00 9.992603141704987646e-01 -3.842909212943657060e-02 1.424570806928210885e-03 4.806148688233719213e+01 -1.886314881883721477e-03 -1.198190140043440405e-02 9.999264352216100660e-01 1.620298289027223559e-01
-3.892809913288552970e-02 -9.991823946219635655e-01 -1.091537335224210953e-02 5.380718451043786210e+00 9.992413952128431642e-01 -3.893791187326356429e-02 6.878314039964377249e-04 4.895245961432728876e+01 -1.112290874994720062e-03 -1.088031692868201075e-02 9.999401889675906263e-01 1.686589862390456551e-01
-3.938348639523625572e-02 -9.991798523672735799e-01 -9.410824760328435554e-03 5.365205334358210898e+00 9.992240100079946563e-01 -3.937641136658598384e-02 -9.359761922230107681e-04 4.984445608203069611e+01 5.646440465031238309e-04 -9.440384060130584121e-03 9.999552791629723325e-01 1.744790337289668369e-01
-3.977299348899920872e-02 -9.991677668113880806e-01 -9.048908998770276157e-03 5.328105308355063130e+00 9.992080993669256728e-01 -3.976107046216093011e-02 -1.493798928720580215e-03 5.074545983809505145e+01 1.132761431369199399e-03 -9.101156017071392046e-03 9.999579420209094849e-01 1.888378271052980617e-01
-4.006301417781110707e-02 -9.991679818437166904e-01 -7.635375127832416328e-03 5.292834443043797243e+00 9.991971149251828166e-01 -4.005967409881172614e-02 -5.899460044120441275e-04 5.162556153375632562e+01 2.835845193820060728e-04 -7.652879814240551304e-03 9.999706760752382628e-01 1.900487542831895693e-01
-4.061100536221040613e-02 -9.991525128892230212e-01 -6.708370191179372638e-03 5.261835091843078516e+00 9.991747747842097960e-01 -4.060525427210937011e-02 -9.913427365292356956e-04 5.250233193795200037e+01 7.181075089733881221e-04 -6.743093700129732318e-03 9.999770072401449328e-01 2.047453380313818683e-01
-4.145543727438116832e-02 -9.991266586012040873e-01 -5.231328013342197505e-03 5.210463288272619842e+00 9.991319606566008149e-01 -4.143305978814426638e-02 -4.315871996386965760e-03 5.337201463711720351e+01 4.095352840352416146e-03 -5.405703375638865917e-03 9.999770029636320112e-01 2.270993927802767431e-01
-4.162566220793584293e-02 -9.991224194132425351e-01 -4.657818328379232861e-03 5.159406099941997503e+00 9.991042308234804326e-01 -4.158845303052971509e-02 -7.818984918114141314e-03 5.425039987482028181e+01 7.618411669967312810e-03 -4.979116423301201827e-03 9.999585832439612521e-01 2.394702204276122903e-01
-4.199201060014878806e-02 -9.991057816592623375e-01 -4.930324613228793083e-03 5.133114016783971501e+00 9.990917563018661962e-01 -4.195466866631414327e-02 -7.447702112246683791e-03 5.513774166010984601e+01 7.234192104856173623e-03 -5.238590663013285333e-03 9.999601110206624011e-01 2.270189336981601747e-01
-4.267849999787332038e-02 -9.990755161991367039e-01 -5.163193717101951553e-03 5.103610145741053650e+00 9.990801698950322329e-01 -4.265600723944551476e-02 -4.390805040341709369e-03 5.601864899183529189e+01 4.166504583633803306e-03 -5.345837428988065541e-03 9.999770308670781205e-01 2.297505544161376201e-01
-4.273577119134808200e-02 -9.990661291804031618e-01 -6.365798077800492380e-03 5.058037185499821398e+00 9.990846671992469341e-01 -4.272292941658428767e-02 -2.139876032859202963e-03 5.690832335132433428e+01 1.865912123116464025e-03 -6.451420506535029444e-03 9.999774485184136363e-01 2.520818577128343674e-01
-4.205005584304566391e-02 -9.990887219876883885e-01 -7.315627150470299309e-03 5.009655419108295149e+00 9.991142115033336824e-01 -4.203709090786666991e-02 -1.917122864051123456e-03 5.778602860438382294e+01 1.607848148565837413e-03 -7.389762175585841246e-03 9.999714027107572401e-01 2.709246337124083803e-01
-3.935353180585376975e-02 -9.991815332455205034e-01 -9.357518663434781503e-03 4.984732903586267305e+00 9.992145579036042502e-01 -3.930785733445341101e-02 -5.015937128674633275e-03 5.866026693363481570e+01 4.644007742265475122e-03 -9.547563715688172151e-03 9.999436370211995939e-01 2.990425224902770185e-01
-3.565145574763595171e-02 -9.993050697134922000e-01 -1.087894057282539663e-02 4.943494087925128788e+00 9.993208006862768222e-01 -3.554624296615038759e-02 -9.716065393480908738e-03 5.952630561859950120e+01 9.322607940557324849e-03 -1.121794347927111864e-02 9.998936177040448348e-01 2.980309729549906472e-01
-3.149480090586043168e-02 -9.994412561707933795e-01 -1.119164776284737976e-02 4.914419774950364861e+00 9.994279854853383993e-01 -3.135241741809813298e-02 -1.267784487837826483e-02 6.039342976926695883e+01 1.231987599852771460e-02 -1.158453217824395066e-02 9.998569994102117775e-01 2.835421393958023062e-01
-2.777545078612653207e-02 -9.995621957803659807e-01 -1.019515082583090891e-02 4.875642678277494646e+00 9.995556433523207218e-01 -2.766199798274437960e-02 -1.110539103910651061e-02 6.125412590826272208e+01 1.081851081047099407e-02 -1.049907778505474419e-02 9.998863581375171394e-01 2.813735787399403998e-01
-2.448457580743612638e-02 -9.996841189400860195e-01 -5.671674048629470055e-03 4.849302942503753933e+00 9.996778191952755410e-01 -2.444566408992976392e-02 -6.831348050018157259e-03 6.210596363350958171e+01 6.690542317935107772e-03 -5.837109403317998838e-03 9.999605816217485010e-01 3.188334520920180770e-01
-2.205748530750017977e-02 -9.997559309603373245e-01 -1.243322781396253521e-03 4.838070271213013918e+00 9.997439409256697607e-01 -2.205090267713760710e-02 -5.080381239090804579e-03 6.296226280523884355e+01 5.051724885671822832e-03 -1.355064851853500941e-03 9.999863218439174473e-01 3.682043459397722485e-01
