1.000000000000000000e+00 0.000000000000000000e+00 0.000000000000000000e+00 0.000000000000000000e+00 0.000000000000000000e+00 1.000000000000000000e+00 0.000000000000000000e+00 0.000000000000000000e+00 0.000000000000000000e+00 0.000000000000000000e+00 1.000000000000000000e+00 0.000000000000000000e+00
9.999999847928505714e-01 -1.364296194985116842e-04 1.086335935094116356e-04 1.967660726547987987e-03 1.364197511675602919e-04 9.999999865686240996e-01 9.084273796549525309e-05 -7.703029670284100919e-04 -1.086459856904878503e-04 -9.082791681624116035e-05 9.999999899731696340e-01 6.334685055473568936e-04
9.999999379148781786e-01 -3.514198844710615536e-04 2.596737473515233307e-05 -1.081365212479539319e-03 3.514199184440271618e-04 9.999999382511687296e-01 -1.303743048235329250e-06 -1.261819671530138532e-03 -2.596691497046590055e-05 1.312868420003916219e-06 9.999999996619978182e-01 -1.188254070625522226e-05
9.999998886317676972e-01 -4.718015914435650673e-04 1.181992096426223582e-05 -4.928568007132668946e-03 4.718022536849937544e-04 9.999998871284025981e-01 -5.608757004522818421e-05 -1.693238153969018646e-03 -1.179345742532133367e-05 5.609314046420397511e-05 9.999999983572369633e-01 1.757383184271298039e-03
9.999998752507426314e-01 -4.992010816458463405e-04 1.722728405118704442e-05 -5.453016552465194886e-03 4.992031862684640159e-04 9.999998679095628562e-01 -1.223806999298218689e-04 -9.355273325275983987e-03 -1.716618919785002187e-05 1.223892845780095507e-04 9.999999923630924492e-01 5.109841471129928205e-04
9.999998171784183487e-01 -6.046620726956621582e-04 -5.187273679412418012e-06 5.334997477555517877e-03 6.046616611710662909e-04 9.999998140738635133e-01 -7.897160230487173529e-05 -9.783651118107819511e-03 5.235023847696425050e-06 7.896845132163855645e-05 9.999999968682891094e-01 -1.855920206948113917e-04
9.999997792742034708e-01 -6.631197463426520599e-04 4.151802441783237119e-05 1.612727253474499634e-02 6.631189684478327540e-04 9.999997799608624227e-01 1.874727893665779720e-05 -1.047344731255956188e-02 -4.153044697309517063e-05 -1.871974340912577414e-05 9.999999989623965524e-01 -3.375521313077299145e-03
9.999998943321830591e-01 -3.848294141331050854e-04 2.514795117425690923e-04 8.185029538563507942e-03 3.848441362354874267e-04 9.999999242365905650e-01 -5.849618773773204125e-05 -5.185104551203202281e-03 -2.514569816359677693e-04 5.859296197204506905e-05 9.999999666681250732e-01 -2.866011886043489353e-03
9.999999113013374741e-01 1.272562346542428269e-05 4.209933203280116060e-04 -3.540703058282828729e-03 -1.264070749396369386e-05 9.999999795774727751e-01 -2.017058910076840236e-04 -3.556102140298111891e-03 -4.209958785634838082e-04 2.017005514632220619e-04 9.999998910396729057e-01 7.770326275358170761e-05
9.999998835679378972e-01 3.696484811817101271e-04 3.102001144169272721e-04 -3.180670909865967316e-02 -3.696039544222606572e-04 9.999999213878278947e-01 -1.435870983275194996e-04 -5.613878294737788960e-03 -3.102531667842365671e-04 1.434724304204268235e-04 9.999999415793153767e-01 2.602855953524149668e-03
9.999995462687153447e-01 9.509144171600728392e-04 5.678146390471914748e-05 -5.836507342582428204e-02 -9.509178741316930443e-04 9.999995460239357037e-01 6.088611632158469491e-05 -1.008731981390094921e-02 -5.672354064147855189e-05 -6.094008320459527527e-05 9.999999965343731034e-01 1.901250330987296110e-03
9.999975841165866797e-01 2.198126596876280505e-03 -6.740481616512115593e-07 -8.716899952999557222e-02 -2.198126459177157568e-03 9.999975710484756419e-01 1.616700912671714620e-04 -1.522397878636984857e-02 1.029417851954686920e-06 -1.616682190479806389e-04 9.999999869311635425e-01 -1.715396838915891724e-03
9.999913003662678213e-01 4.170109976436230451e-03 9.682233844997732914e-05 -1.048897485106163457e-01 -4.170125993285719521e-03 9.999912912390711561e-01 1.658168127255638764e-04 -9.217474734268203337e-03 -9.613002090237144357e-05 -1.662191315303274575e-04 9.999999815651094970e-01 2.324957794681423422e-03
9.999773693391020846e-01 6.722588907980035604e-03 2.600154290937662120e-04 -1.229498653657265239e-01 -6.722579132230745678e-03 9.999774024702821063e-01 -3.845254644071957460e-05 -5.561933201025883247e-03 -2.602680540495660609e-04 3.670370193649665017e-05 9.999999654566885665e-01 5.061391341835402152e-03
9.999560495048556152e-01 9.370337290306835279e-03 3.095766603242682924e-04 -1.424023394960864664e-01 -9.370297835485897134e-03 9.999560895193456700e-01 -1.286532263252948799e-04 -1.251292606906063629e-02 -3.107685907884682260e-04 1.257467464421425105e-04 9.999999438053177592e-01 6.591089317063509624e-03
9.999263045122377402e-01 1.213765548588580621e-02 2.507265553807306062e-04 -1.863298766918726201e-01 -1.213763112931963255e-02 9.999263313967072797e-01 -9.843825914346204168e-05 -1.690872975825475494e-02 -2.519028943817010527e-04 9.538777824440373520e-05 9.999999637230511107e-01 4.850618171724185336e-03
9.998827232709990298e-01 1.531343890876297152e-02 1.956858663794297537e-04 -2.307749790861126082e-01 -1.531343704853414985e-02 9.998827423876947007e-01 -1.100106538476461094e-05 -1.625058285413394366e-02 -1.958313848646770904e-04 8.003152019711498781e-06 9.999999807930088913e-01 1.319392089987965607e-03
9.998226886420031878e-01 1.882949679354348899e-02 2.032908699899090119e-04 -2.753318093896957031e-01 -1.882949848985437935e-02 9.998227092566122076e-01 6.433379920041838452e-06 -2.097967703442331008e-02 -2.031336910938684741e-04 -1.026010433818788005e-05 9.999999793157167138e-01 -9.623010024181429846e-04
9.997393938234966360e-01 2.282682787478584885e-02 2.834900392986199253e-04 -3.124981041919894231e-01 -2.282681102444404642e-02 9.997394324462911541e-01 -6.253336598534151242e-05 -2.450386532518080904e-02 -2.848436093743575708e-04 5.604589584954638320e-05 9.999999578614869877e-01 -6.350737828589737149e-04
9.996266190299898380e-01 2.732247358886148031e-02 3.239809524627292633e-04 -3.558945829738222044e-01 -2.732241732538823881e-02 9.996266574278732664e-01 -1.768362931512192950e-04 -3.064653861306724722e-02 -3.286916015297930318e-04 1.679183230558860252e-04 9.999999318826315875e-01 1.081406528630692240e-05
9.994747959263202697e-01 3.240408109402408143e-02 3.283846712347249534e-04 -4.043307440140956333e-01 -3.240401486041244450e-02 9.994748309866856584e-01 -2.050489267451624281e-04 -3.910557597735988405e-02 -3.348566358314379230e-04 1.943002524469105504e-04 9.999999250592198630e-01 2.248263032266828443e-03
9.992886607470881088e-01 3.771149630944354431e-02 1.246931988841788947e-04 -4.574022643484711437e-01 -3.771146415967733395e-02 9.992886382559776903e-01 -2.508454644678912598e-04 -4.314678905985676327e-02 -1.340642547202744504e-04 2.459646651419241151e-04 9.999999607640788213e-01 -4.578728082620606328e-03
9.990646102229694403e-01 4.324228650142247776e-02 -9.621930665710954462e-05 -4.987258966257852588e-01 -4.324231411261443558e-02 9.990645667256375928e-01 -3.062409181250674503e-04 -4.891506859047506373e-02 8.288674239600357836e-05 3.101152089831094852e-04 9.999999484791711746e-01 -1.313172676105885117e-02
9.988234125257324791e-01 4.849492138102146771e-02 -1.821831467902738791e-04 -5.352466991880522329e-01 -4.849498809585130882e-02 9.988233530026356943e-01 -3.816099520284048797e-04 -7.113186194235875115e-02 1.634626369157998738e-04 3.899959240736514425e-04 9.999999105915687858e-01 -1.883254317621485194e-02
9.985628866391254022e-01 5.359235054582499325e-02 -1.462528993150215761e-04 -5.823827777820892448e-01 -5.359242061671573576e-02 9.985627546351414363e-01 -5.267902042992133596e-04 -9.875163441365819583e-02 1.178107727204737469e-04 5.338711939547420224e-04 9.999998505510738767e-01 -2.143844273392775390e-02
9.983407584248279454e-01 5.758228391820320591e-02 -1.031818910364580371e-04 -6.257388228662027485e-01 -5.758234436844660020e-02 9.983404898960730467e-01 -7.347456039228250245e-04 -9.502974960319508779e-02 6.070232967300496894e-05 7.394679386518703684e-04 9.999997247511596132e-01 -2.519286947715393757e-02
9.980856938500544118e-01 6.184599956977341467e-02 -1.416653484733926586e-04 -6.667461208826285235e-01 -6.184609637685017230e-02 9.980853515722639679e-01 -8.314684694001434583e-04 -8.350060139895246203e-02 8.997111053587199638e-05 8.386382329906306434e-04 9.999996442954934839e-01 -2.732124429740704838e-02
9.977503708065521559e-01 6.703877251307568952e-02 -2.313715202273310530e-05 -7.002548521234952528e-01 -6.703877208707959001e-02 9.977501203102329130e-01 -7.074305423849781794e-04 -7.351478778107044254e-02 -2.434017898543019005e-05 7.073901722456883224e-04 9.999997495033186024e-01 -2.729567351245451579e-02
9.972857428914668754e-01 7.362840443741013041e-02 7.131210395302267397e-05 -7.412839916640304727e-01 -7.362833442509851556e-02 9.972854912296376106e-01 -7.192723032242291127e-04 -8.569590963118649263e-02 -1.240773986638302173e-04 7.120694218238212770e-04 9.999997387809347327e-01 -2.935016893831226409e-02
9.967051218489799691e-01 8.111039767629910080e-02 5.889654064788044151e-05 -7.934569740414062489e-01 -8.111032171828039261e-02 9.967047878962440599e-01 -8.255273829850892251e-04 -9.362242423279087955e-02 -1.256613183808632606e-04 8.180302534877795673e-04 9.999996575178100588e-01 -3.089263403980651093e-02
9.960103080459988822e-01 8.923825281645682284e-02 -2.236918424349295176e-05 -8.536322198632961822e-01 -8.923823243841301489e-02 9.960098373374915992e-01 -9.704628850313064400e-04 -1.016541759459795163e-01 -6.432248472367799663e-05 9.685872235302187775e-04 9.999995288505931779e-01 -3.398818848796363729e-02
9.951506439067103749e-01 9.836256782000075971e-02 -3.440807676993159141e-05 -9.201060028770919885e-01 -9.836254563034600717e-02 9.951500327174589433e-01 -1.105440888833517489e-03 -1.098185786305666822e-01 -7.449280567554654605e-05 1.103464678344815613e-03 9.999993884080757844e-01 -3.650781749495574796e-02
9.940681078663740067e-01 1.087592303518876841e-01 -1.635121775967259157e-04 -9.751290368306513301e-01 -1.087593532198768004e-01 9.940669399257120453e-01 -1.523822143507687268e-03 -1.297897705450108130e-01 -3.187673496892901460e-06 1.532566473600562376e-03 9.999988256142318122e-01 -4.541559293153553389e-02
9.928049472444664403e-01 1.197416626592699845e-01 -5.205290635221815907e-04 -1.042585617553953403e+00 -1.197425646964098839e-01 9.928021733483023414e-01 -2.358557782564120985e-03 -1.278458690691319510e-01 2.343647551935895560e-04 2.403917319956764415e-03 9.999970831230861057e-01 -5.623360481811578299e-02
9.914617315572041845e-01 1.303916919119557372e-01 -1.281225166822926552e-03 -1.115452083232876479e+00 -1.303949035189630179e-01 9.914579964072038898e-01 -2.865396393756476732e-03 -1.152497218292377751e-01 8.966570530644205105e-04 3.007996102165507585e-03 9.999950739706563452e-01 -6.046975072914248517e-02
9.900115886321505521e-01 1.408998464092409419e-01 -4.928250794955610359e-03 -1.193831020678185695e+00 -1.409286507181848613e-01 9.900010358204668348e-01 -6.088060541310023888e-03 -1.138266321870385900e-01 4.021166596588351266e-03 6.721782223124962014e-03 9.999693234609486892e-01 -3.382351816624412644e-02
9.883848488898437923e-01 1.518061368056910776e-01 -7.091354816436450798e-03 -1.283484605164431525e+00 -1.518635076528727368e-01 9.883657332710951149e-01 -8.405494563471654218e-03 -1.285686361627987329e-01 5.732846445410853808e-03 9.384781490396469986e-03 9.999395283455949635e-01 -2.087451593212882872e-02
9.865121502705914702e-01 1.634538361008179008e-01 -8.753332646543498380e-03 -1.361912334841714145e+00 -1.635542630282622867e-01 9.864570760425068752e-01 -1.234666639015995909e-02 -1.219940182357628355e-01 6.616676943608033011e-03 1.361178127927699204e-02 9.998854629389453130e-01 -2.686209240504859683e-03
9.844012775081759647e-01 1.756895138097473441e-01 -9.344494505640538184e-03 -1.446548062643524091e+00 -1.758058526208726158e-01 9.843313066019713231e-01 -1.357133108814530774e-02 -1.106582979379942960e-01 6.813737925644733004e-03 1.500245248453185853e-02 9.998642404821416196e-01 -7.900284036271555677e-03
9.821378320733237244e-01 1.878258031050702992e-01 -1.125817472982100151e-02 -1.542043893144927624e+00 -1.879806101138090102e-01 9.820615654850813891e-01 -1.477740905001481524e-02 -9.727315161131198928e-02 8.280641977041426974e-03 1.662977104252187990e-02 9.998274259508594941e-01 -9.893635406854133299e-03
9.796864661757874737e-01 2.001286895864267390e-01 -1.276462284665779226e-02 -1.635929457770911366e+00 -2.003042199576703097e-01 9.796281115907831127e-01 -1.438688459068076901e-02 -9.192872390691085582e-02 9.625355014075841556e-03 1.665144394627657981e-02 9.998150238695940883e-01 1.569392075480396855e-03
9.770288651048072426e-01 2.127012185073533512e-01 -1.314490005665966930e-02 -1.723921824306691608e+00 -2.128579500330774477e-01 9.770100237451698755e-01 -1.195435523892949062e-02 -7.587674336676941689e-02 1.029999319069488210e-02 1.447774661160124501e-02 9.998421400367769607e-01 2.568197104355540196e-03
9.740477809676142407e-01 2.261291744100778767e-01 -9.824300111638567534e-03 -1.811190048507562489e+00 -2.262071953172138106e-01 9.740486518711720665e-01 -7.715476308844427221e-03 -6.845894561129942102e-02 7.824651991419845701e-03 9.737569951946462368e-03 9.999219742323118831e-01 -3.164413619110693909e-02
9.707359778766887493e-01 2.400557605140546114e-01 -6.700231324939764400e-03 -1.901083226118313041e+00 -2.400950337086949771e-01 9.707318302404150945e-01 -5.838539758765418780e-03 -6.898543233870561842e-02 5.102552715010959077e-03 7.276372867914540285e-03 9.999605083970454222e-01 -4.574207437329771281e-02
9.672223237047843369e-01 2.539125784862409918e-01 -3.062517524193290180e-03 -1.986858237790207315e+00 -2.539222913195651743e-01 9.672187820079519716e-01 -3.361205449812425076e-03 -5.839705125290849813e-02 2.108672127044364849e-03 4.028674412566241904e-03 9.999896615887277074e-01 -3.306043970020620254e-02
9.634593484405553632e-01 2.678527726881042015e-01 9.879604219828373116e-04 -2.088804095912640157e+00 -2.678538766891054856e-01 9.634587523845279389e-01 1.238223027736285592e-03 -5.307950422511146377e-02 -6.201976443834525876e-04 -1.457606580570401178e-03 9.999987453681820071e-01 -5.038307172947958934e-02
9.593071958794939791e-01 2.823579797894379406e-01 1.917076693634921615e-03 -2.179929736599584444e+00 -2.823629454776374614e-01 9.593022858895473570e-01 3.208006901765992399e-03 -2.919180211301972139e-02 -9.332497064963366212e-04 -3.618775527216484735e-03 9.999930167299514450e-01 -6.037817802277348905e-02
9.547670193808530659e-01 2.973542431961136434e-01 6.267023760381883581e-04 -2.277626292553155185e+00 -2.973548192312159277e-01 9.547662157030780694e-01 1.258901105830096626e-03 -1.319631978088160523e-03 -2.240146703592496374e-04 -1.388310228247270281e-03 9.999990112055799907e-01 -4.039182797671351383e-02
9.497227625671444962e-01 3.130919915630853145e-01 -2.812132499055704595e-04 -2.371257978850079162e+00 -3.130920497701574767e-01 9.497215806342754751e-01 -1.512497356826708389e-03 1.598733394344643496e-02 -2.064765174871565669e-04 1.524498800936428724e-03 9.999988166347266727e-01 -1.801812857913028237e-03
9.441688883905098306e-01 3.294618413381547595e-01 -7.278393781523083850e-05 -2.482523061140085474e+00 -3.294612539686780361e-01 9.441667390313838171e-01 -2.109748854465172060e-03 3.299119792152341302e-02 -6.263615691322884727e-04 2.015938718124916842e-03 9.999977718286523487e-01 9.883942380194993271e-03
9.379949076965142796e-01 3.466483109305634747e-01 7.082827084213753465e-04 -2.576021616462881081e+00 -3.466478867958480148e-01 9.379951019341992158e-01 -6.567552237801729635e-04 3.877301570212995929e-02 -8.920288003021598338e-04 3.705083513805773826e-04 9.999995335039816302e-01 -1.502615497747700722e-02
9.314262175031531310e-01 3.639273486982326222e-01 1.444374343343826032e-03 -2.671498065359958041e+00 -3.639287496872357641e-01 9.314263939076563581e-01 8.590013181324347540e-04 5.494395902287951827e-02 -1.032714313837254693e-03 -1.325745697431756796e-03 9.999985879487489626e-01 -3.456548371202958908e-02
9.241923293451734800e-01 3.819237381581208624e-01 1.672307049952119744e-03 -2.773068584112140300e+00 -3.819255079016385945e-01 9.241926732689470514e-01 8.994943427179874842e-04 8.670906454101899585e-02 -1.201995681198820198e-03 -1.470002491249796902e-03 9.999981971479039444e-01 -3.484463097814684274e-02
9.161945457320794794e-01 4.007301173296748953e-01 1.710975082632153936e-03 -2.878544519500841226e+00 -4.007292972635039252e-01 9.161961414304489182e-01 -8.128607844586676137e-04 1.069187811828748863e-01 -1.893326566320036736e-03 5.910077466198236797e-05 9.999982059091965247e-01 -3.138427784134526638e-02
9.076437852609343659e-01 4.197359875273813934e-01 2.111836077180617114e-03 -2.983175262131778194e+00 -4.197279755639232723e-01 9.076435737304193729e-01 -3.401410719594592791e-03 1.033040266026029053e-01 -3.344488931600302604e-03 2.200872619362078102e-03 9.999919852446317314e-01 -4.488084054090484692e-02
8.987827117415218003e-01 4.383841006809390262e-01 3.002889395366729278e-03 -3.101706092172711760e+00 -4.383421521798041010e-01 8.987602768081468518e-01 -9.280218430650999037e-03 1.266457430395659944e-01 -6.767177915047663597e-03 7.024606886331193414e-03 9.999524289690777668e-01 -3.714081830641997872e-02
8.893360947374023828e-01 4.572361782947016451e-01 4.048191655765343532e-03 -3.211226082918106073e+00 -4.571525251299698445e-01 8.892902908591313604e-01 -1.320406569862709462e-02 1.579827197000763517e-01 -9.637394073001483846e-03 9.892211185429914191e-03 9.999046278487486727e-01 -1.962273381125783159e-02
8.796968738170488633e-01 4.755175618400864779e-01 4.056917323591908639e-03 -3.305433450499277725e+00 -4.754440417917967232e-01 8.796635795134716274e-01 -1.203951835524786664e-02 1.951048332119478257e-01 -9.293724828677504823e-03 8.662289489830833980e-03 9.999192924529475279e-01 -1.635223513703251350e-02
8.700558567986382830e-01 4.929394113302305591e-01 3.680055406274958339e-03 -3.405982761664247072e+00 -4.929137290981689956e-01 8.700564470796654515e-01 -6.150980543478741513e-03 2.374087612049586848e-01 -6.233916660046017778e-03 3.537746813313283941e-03 9.999743109853175271e-01 -3.462707479162407433e-03
8.596095631411527771e-01 5.109188553992829451e-01 5.772534431531605760e-03 -3.522231677142038553e+00 -5.109498812998414241e-01 8.595801627253969457e-01 7.222371401300204004e-03 3.029100951422828980e-01 -1.271910356373078411e-03 -9.157895307705141846e-03 9.999572566852937827e-01 -3.228732497275725588e-02
8.477388454337702051e-01 5.303505207845907732e-01 8.196038441329803539e-03 -3.638796635184789352e+00 -5.304033587366417946e-01 8.475236932986053295e-01 1.938727258747164478e-02 3.509488106424654696e-01 3.335713343145225909e-03 -2.078255039702895518e-02 9.997784547665984345e-01 -1.111418102774570232e-01
8.347563420585731864e-01 5.505545928170320069e-01 8.455159434480446698e-03 -3.728510287026271186e+00 -5.506061260533948731e-01 8.345305427958927824e-01 1.979058092289665699e-02 3.625187252981834085e-01 3.839706429335108286e-03 -2.117577551979448261e-02 9.997683947723451370e-01 -1.194732825306139695e-01
8.215543620602649977e-01 5.700739527605233059e-01 8.007406805183154425e-03 -3.816149004287020752e+00 -5.701272557212494485e-01 8.214240673730903719e-01 1.474495927447949835e-02 3.799840592206684686e-01 1.828240549870955266e-03 -1.667902647763232216e-02 9.998592238971695245e-01 -7.529589736098572794e-02
8.086244183152138110e-01 5.882953755141212548e-01 5.924631050215517156e-03 -3.892925213863588585e+00 -5.883250633581794675e-01 8.085902728610275814e-01 7.442476679380545697e-03 4.477766802970026272e-01 -4.122244246434146587e-04 -9.503777313680517036e-03 9.999547531202578332e-01 1.333027533950866504e-02
7.957384178265948238e-01 6.056111700677224707e-01 5.956600039610794074e-03 -3.973617106632597373e+00 -6.056396433845865346e-01 7.957150341127650073e-01 6.181168814401115028e-03 5.141962164993982842e-01 -9.963713256394264670e-04 -8.526146616465127281e-03 9.999631553552640328e-01 6.104945094837949116e-02
7.828480445291927659e-01 6.221387787800810587e-01 9.606201895055926920e-03 -4.068545616751110039e+00 -6.222110478154395663e-01 7.827143175813199294e-01 1.455022438389293529e-02 5.447537227023266926e-01 1.533347068334223054e-03 -1.736769965304097232e-02 9.998479943749098986e-01 -1.668355836228489070e-03
7.698067158942253352e-01 6.381395637648202834e-01 1.324829506738137153e-02 -4.168404140530109103e+00 -6.382662945942182420e-01 7.695072596579594082e-01 2.178794434232898466e-02 5.691531721466561722e-01 3.709090065505299058e-03 -2.522844608260280466e-02 9.996748312122013536e-01 -9.762882444048132102e-02
7.563029158350957903e-01 6.540623750710494733e-01 1.443291431935582458e-02 -4.258656364848829590e+00 -6.542149165467665561e-01 7.560114201130589962e-01 2.120319849322564731e-02 6.161267664930798471e-01 2.956766314635758414e-03 -2.547826868242087164e-02 9.996710035596245714e-01 -1.062451020331287160e-01
7.428203286311967357e-01 6.693399058652941269e-01 1.421442184824040812e-02 -4.330563276678675244e+00 -6.694869259690779950e-01 7.425761393790317744e-01 1.918158443421299347e-02 6.596141706233668023e-01 2.283709419971997803e-03 -2.376484044069532287e-02 9.997149678934058592e-01 -6.485651842214164298e-02
7.291775202201181694e-01 6.841760512730278299e-01 1.425744963471261943e-02 -4.400541118182300870e+00 -6.843213490414107314e-01 7.289516763537489119e-01 1.826868323669771088e-02 7.139344010330017642e-01 2.106003747088686442e-03 -2.307779030813858837e-02 9.997314541129086463e-01 -1.923410303623415002e-02
7.158483905954263760e-01 6.980843452409125627e-01 1.547024923860339067e-02 -4.474646544920799940e+00 -6.982509367559038838e-01 7.155855515819999901e-01 1.956904919989082767e-02 7.635064180983657245e-01 2.590560063175964458e-03 -2.481058839792668960e-02 9.996888134324140029e-01 -5.879767636907909378e-03
7.023444940648408963e-01 7.116314288690523959e-01 1.711493799561029580e-02 -4.550366788141793073e+00 -7.118309430757685519e-01 7.020343994226123652e-01 2.108104615985697400e-02 8.096990335716689469e-01 2.986659783889948627e-03 -2.698909915360088452e-02 9.996312662128032933e-01 -3.387794258179135237e-02
6.886701588055116341e-01 7.248136070301663958e-01 1.945886519586951732e-02 -4.623813540073706818e+00 -7.250704110027111904e-01 6.883249965650182212e-01 2.194534556864242286e-02 8.562889385846926826e-01 2.512261760025151329e-03 -2.922215200301427063e-02 9.995697846439546286e-01 -5.822839364998067674e-02
6.746534428743682366e-01 7.377941598691969416e-01 2.241672769757827727e-02 -4.695485594330696344e+00 -7.381307128557156316e-01 6.742397360626621872e-01 2.374508482327620379e-02 9.036953611034853617e-01 2.404736342008137288e-03 -3.256617842267312685e-02 9.994666884224145953e-01 -5.127577342958933998e-02
6.603564575474807352e-01 7.505509139439456856e-01 2.454943081316394299e-02 -4.744227931610244475e+00 -7.509500405905737974e-01 6.599214193542279894e-01 2.403657243695215065e-02 9.674392259148262285e-01 1.839976184072722020e-03 -3.430810189167007862e-02 9.994096100359616264e-01 -3.980085117650642573e-02
6.460562145925686783e-01 7.627813355976471588e-01 2.785680617354742081e-02 -4.797628855563818462e+00 -7.632894759651083216e-01 6.455902686392341883e-01 2.454344961964007032e-02 1.008891942162170929e+00 7.372023000310521474e-04 -3.711925514057669989e-02 9.993105710591565494e-01 -5.256858712315663762e-02
6.319621561843565827e-01 7.743889434875170785e-01 3.075056674446821972e-02 -4.864519586313790889e+00 -7.749992401348182458e-01 6.314698422307220005e-01 2.494025147350130076e-02 1.056355044669057941e+00 -1.046005417569743998e-04 -3.959296095765184320e-02 9.992158858331529059e-01 -6.157412485721067141e-02
6.183516343335302423e-01 7.852372545426374861e-01 3.230650701318747015e-02 -4.931947411282997962e+00 -7.859015542065453941e-01 6.178320120003494287e-01 2.534466498765382617e-02 1.094866105069332018e+00 -5.841907645281617552e-05 -4.106164908940024977e-02 9.991566131299288722e-01 -7.489571140600979893e-02
6.056900359824938240e-01 7.950202092647704610e-01 3.290056492107572977e-02 -4.978660860569128488e+00 -7.957006518619869073e-01 6.051839862100293344e-01 2.475510980279060913e-02 1.156548151721891404e+00 -2.300824517115151405e-04 -4.117292430153040445e-02 9.991520091390128089e-01 -7.141340693624717573e-02
5.945344817249911262e-01 8.033867626449958665e-01 3.314301807001365785e-02 -5.030840349396037858e+00 -8.040700621667323800e-01 5.940142071903349308e-01 2.486879135030528598e-02 1.200864597670656897e+00 2.918341710615324908e-04 -4.143466257652972384e-02 9.991411729930789187e-01 -6.207497362946085701e-02
5.845705117141400953e-01 8.106553463909095258e-01 3.339500265163743847e-02 -5.068277104385218834e+00 -8.113422483298463606e-01 5.840221004858885401e-01 2.533657867828253279e-02 1.226665361881329908e+00 1.035813370462541948e-03 -4.190579329740988512e-02 9.991210294948136283e-01 -5.857264325563991264e-02
5.759347632069065082e-01 8.167752564830962347e-01 3.431222707398692839e-02 -5.103456863868964355e+00 -8.174948046972657645e-01 5.753660402239845206e-01 2.561569928679707092e-02 1.249413237653201447e+00 1.180179132141481084e-03 -4.280303907369797239e-02 9.990828329139038733e-01 -6.045699768539589819e-02
5.691027265864347928e-01 8.215280495263751481e-01 3.483892124155846953e-02 -5.143742946735920363e+00 -8.222657022706046925e-01 5.685346954344082659e-01 2.544435019279970081e-02 1.271136822651416587e+00 1.096111908023997663e-03 -4.312729911198275035e-02 9.990689839095149294e-01 -6.660883006466837564e-02
5.647121377758278493e-01 8.245637791292761420e-01 3.456552613082426034e-02 -5.168468194294460361e+00 -8.252873618752365470e-01 5.641661848656465139e-01 2.484524467888299046e-02 1.299587413535260083e+00 9.857878407103703652e-04 -4.255690310851303892e-02 9.990935582917876978e-01 -7.155423840862160101e-02
5.620736722432790877e-01 8.263845551859098082e-01 3.408451145521917275e-02 -5.178893069284701944e+00 -8.270861543934241444e-01 5.615309128590273424e-01 2.472907427310156586e-02 1.320279648390714877e+00 1.296218211533153863e-03 -4.209038909173483389e-02 9.991129660676286717e-01 -6.256760709510861274e-02
5.606365828713975041e-01 8.273507909552684225e-01 3.431166932655074775e-02 -5.173214483063909519e+00 -8.280604374069364670e-01 5.600743928197630117e-01 2.515127251267754854e-02 1.334402873493339747e+00 1.591837842194872028e-03 -4.251285938708061068e-02 9.990946515916390158e-01 -5.016638722167723885e-02
5.603760380373239425e-01 8.275016963278890580e-01 3.492332412669212072e-02 -5.154297089260259312e+00 -8.282363463093586065e-01 5.597845396407846730e-01 2.580356237574973552e-02 1.329428441299370878e+00 1.802954718249140994e-03 -4.338446442704053940e-02 9.990568240098571806e-01 -5.510197567782670891e-02
5.610981575324698323e-01 8.269505608403615593e-01 3.635419562415122263e-02 -5.161778462987439475e+00 -8.277482757638430222e-01 5.604879216495769478e-01 2.619316046074787394e-02 1.336896504306897437e+00 1.284361184574369817e-03 -4.478905681915059528e-02 9.989956410343332482e-01 -4.560228213278159914e-02
5.610172420781370795e-01 8.268573204891110917e-01 3.958062208466080895e-02 -5.184909173955401407e+00 -8.278034354149031993e-01 5.603138198398124326e-01 2.810508160106584344e-02 1.349162814123292309e+00 1.061322912892770018e-03 -4.853241030575215081e-02 9.988210444036452751e-01 -6.413592783415331122e-02
5.600006369394003869e-01 8.274624741265672601e-01 4.129334740373775264e-02 -5.166071977638616808e+00 -8.284909764404164711e-01 5.592189875283863909e-01 2.961124692632268601e-02 1.330365949241518742e+00 1.410171716851518894e-03 -5.079348285032659477e-02 9.987081823614256670e-01 -1.084938116548427173e-01
5.595128218979016355e-01 8.278430710971992346e-01 4.026477080779949924e-02 -5.154173315050673665e+00 -8.288195370156109520e-01 5.587398671478918111e-01 2.946075221009530551e-02 1.307329174837211117e+00 1.891346894548679835e-03 -4.985589730326533270e-02 9.987546306831376342e-01 -1.158455809538411624e-01
5.591065651893867283e-01 8.281751961209737889e-01 3.906012406678537052e-02 -5.167290086503481206e+00 -8.290951843367504459e-01 5.584278293556775852e-01 2.755965730404242794e-02 1.316851626835068068e+00 1.011964295823743936e-03 -4.779334609642751225e-02 9.988567324682610105e-01 -6.999074808455596486e-02
5.592112375917638323e-01 8.281188022664441872e-01 3.875617478387154147e-02 -5.178242852918635286e+00 -8.290250879772237402e-01 5.585748345696902595e-01 2.667503870287571063e-02 1.325413729912167549e+00 4.418771825814182710e-04 -4.704682261570308777e-02 9.988925874318630438e-01 -4.487631553978917859e-02
5.593799571856811204e-01 8.279907675808243495e-01 3.905575885657639607e-02 -5.172628902187087263e+00 -8.289107653970321232e-01 5.587012631715503330e-01 2.756522336968054293e-02 1.333868541348192105e+00 1.003248649105971217e-03 -4.779317243531229498e-02 9.988567495695849230e-01 -5.429907874804091455e-02
5.593571383805149289e-01 8.279742158332962232e-01 3.972769384194867193e-02 -5.165061783697247222e+00 -8.289252243482841953e-01 5.586207307752277806e-01 2.873763364122158478e-02 1.334536866418685186e+00 1.601306312991107247e-03 -4.900588804815856486e-02 9.987972060206733449e-01 -7.492187771111205596e-02
5.589363442716513974e-01 8.282432243193067478e-01 4.004153370439724607e-02 -5.157803377704610170e+00 -8.292087139062673806e-01 5.581809865678475369e-01 2.910146072035096898e-02 1.323765967247858333e+00 1.752664872614980839e-03 -4.946865273385572803e-02 9.987741389135691428e-01 -8.914234885861101187e-02
5.586556810350357116e-01 8.284556847807206248e-01 3.956018707978561921e-02 -5.155581528560786886e+00 -8.293982299086276599e-01 5.579296535151376801e-01 2.851452179002118489e-02 1.313571658214198745e+00 1.551216205327963192e-03 -4.874094872882100277e-02 9.988102490690105029e-01 -7.970957046971970106e-02
5.586018647865661491e-01 8.285171759521874346e-01 3.902878180501113958e-02 -5.146790196727201838e+00 -8.294342622261852149e-01 5.578877214266806384e-01 2.828594927963979863e-02 1.298278275492666722e+00 1.661716665037204707e-03 -4.817239285689119133e-02 9.988376541080969950e-01 -5.726452794420469616e-02
5.587223064804553996e-01 8.284429763122236334e-01 3.887954783822301225e-02 -5.137051332005023951e+00 -8.293517768004190494e-01 5.579794142725629236e-01 2.888950615769496702e-02 1.295631039858170519e+00 2.239321135517360634e-03 -4.838603359433579776e-02 9.988261996933499587e-01 -5.236503969518632035e-02
5.581563446661629291e-01 8.288003127981480311e-01 3.938954702201747510e-02 -5.130167350563795026e+00 -8.297309050659942287e-01 5.573607281980431649e-01 2.992730928288321601e-02 1.293795413152838858e+00 2.849576683277801458e-03 -4.938684205574591507e-02 9.987756603684767587e-01 -6.116990275582932096e-02
5.568163206067726634e-01 8.296861777275320593e-01 3.970430195600559847e-02 -5.103047732071381404e+00 -8.306299588897126940e-01 5.559990671977710353e-01 3.031350639702655794e-02 1.261387769349746391e+00 3.075142404790307937e-03 -4.985863779814388164e-02 9.987515505550436101e-01 -6.925624432089637350e-02
5.541654836605769407e-01 8.314610044292529700e-01 3.966377229584636815e-02 -5.068174529939727613e+00 -8.324008645488245595e-01 5.533565880368371825e-01 3.008799053774739718e-02 1.211130890256344683e+00 3.068781127473721709e-03 -4.968988417905587790e-02 9.987599801717446102e-01 -7.251869685549278133e-02
5.504800769006999994e-01 8.339294056348562911e-01 3.915905199177861784e-02 -5.036817866430890689e+00 -8.348405748693226158e-01 5.496672981716682616e-01 3.011770031920690122e-02 1.161041251697360277e+00 3.591585619000093373e-03 -4.927075946394341571e-02 9.987790009679756720e-01 -5.889807726458800435e-02
5.465884570153712874e-01 8.365336858619759619e-01 3.811103614089418612e-02 -5.008055148104572751e+00 -8.373866202067855591e-01 5.457423390556476184e-01 3.080499408744194478e-02 1.109404134452788293e+00 4.970609239558276826e-03 -4.875132593322456520e-02 9.987985789254708591e-01 -4.710704782842554950e-02
5.417603536103158257e-01 8.397164061494605258e-01 3.704155098615175695e-02 -4.985371722876914546e+00 -8.405060142643988597e-01 5.408635381640120032e-01 3.187903809842042302e-02 1.075395121978688362e+00 6.734926978054642938e-03 -4.840444533449889813e-02 9.988051113357699906e-01 -5.210676615704539633e-02
5.349174303381850626e-01 8.441229436204173986e-01 3.632903486186642161e-02 -4.971966569120203516e+00 -8.448606475943016836e-01 5.339578124757481392e-01 3.315932210783654327e-02 1.007180786007569218e+00 8.592372601927161790e-03 -4.843047129355252528e-02 9.987895977548795212e-01 -6.456791302791027587e-02
5.265026028187663742e-01 8.494661512495863542e-01 3.467372357101373287e-02 -4.940556823786186769e+00 -8.501011446938412375e-01 5.254876103976432455e-01 3.450818901066016187e-02 9.179497597855720281e-01 1.109292636255831445e-02 -4.764482343119112728e-02 9.988027421793181926e-01 -7.591955495999461179e-02
5.168060627322673684e-01 8.555419276208555690e-01 3.097585520954239044e-02 -4.877467134515186764e+00 -8.559791106851371012e-01 5.157789266477602608e-01 3.566315881643056934e-02 8.000128180852187354e-01 1.453463428688351634e-02 -4.494562168749070136e-02 9.988836946798518301e-01 -7.631367309866021742e-02
5.059780506198172656e-01 8.621239640564215545e-01 2.699042220143713089e-02 -4.820903355465601337e+00 -8.624020000540155717e-01 5.050731728913109286e-01 3.411569035411363832e-02 7.032081030361642116e-01 1.577981602565393590e-02 -4.053838458974540898e-02 9.990533703366654139e-01 -3.727325757151903757e-02
4.943376206090528968e-01 8.689345576915524783e-01 2.414645522569509178e-02 -4.782093904231884629e+00 -8.691079296267362198e-01 4.935183815153658116e-01 3.303049751944606149e-02 6.006735923193584625e-01 1.678462125007348926e-02 -3.731409326032474050e-02 9.991626168615653780e-01 -2.403763863708393601e-03
4.830395773357488154e-01 8.752748624349682149e-01 2.380508174211384831e-02 -4.730561394822239585e+00 -8.754085312012211961e-01 4.821899286825376829e-01 3.395255774238242069e-02 4.764442789178193749e-01 1.823924963976722782e-02 -3.723960078433690563e-02 9.991399010679142823e-01 -4.813242870642077224e-03
4.724912456433154051e-01 8.809586479094797529e-01 2.576593611591091945e-02 -4.670079341170945142e+00 -8.811104746468365612e-01 4.715083748013256248e-01 3.638933854631934417e-02 3.382054187616798657e-01 1.990864782083787490e-02 -3.989628009869709141e-02 9.990054717448909605e-01 -2.330808085996848023e-02
4.622543540895611702e-01 8.862843022405800797e-01 2.865393039655664276e-02 -4.592237206872090027e+00 -8.864377999599922786e-01 4.609978794291876847e-01 4.133983507321781214e-02 1.733766886526645901e-01 2.342944573248334494e-02 -4.450944578086970388e-02 9.987341840094131618e-01 -6.514305288573538077e-02
4.532742299186364177e-01 8.908612889063288742e-01 3.014359666366295265e-02 -4.498195790127547333e+00 -8.909804076930315508e-01 4.518152472039687062e-01 4.490985973231028522e-02 -3.421655522260992816e-04 2.638911894751877832e-02 -4.721383613064163848e-02 9.985361626295777837e-01 -8.612228017709656902e-02
4.468269435805026224e-01 8.941399892439150232e-01 2.931487890812491462e-02 -4.425156647969493484e+00 -8.942156337323110549e-01 4.453993203482112251e-01 4.469726861982512706e-02 -1.523842358392717700e-01 2.690878814119386855e-02 -4.618576694440804792e-02 9.985703741111735532e-01 -5.949203886575071126e-02
4.420450778477981180e-01 8.965551050713400638e-01 2.801950608152647265e-02 -4.343012425813910227e+00 -8.966194772564848314e-01 4.407442779548915723e-01 4.263794617860219155e-02 -3.225870186483136282e-01 2.587783133962773263e-02 -4.397072913359358765e-02 9.986976083002391258e-01 -6.631009535922276384e-03
4.398121792394967811e-01 8.976514952085387078e-01 2.805423573152097949e-02 -4.246704878838670538e+00 -8.977481902665049862e-01 4.385688690051299243e-01 4.129811149164994144e-02 -5.183795362797174455e-01 2.476759709419203842e-02 -4.334905177090114109e-02 9.987529353372351926e-01 1.511748395242888156e-02
4.405070781719148121e-01 8.972815661116194663e-01 2.897076451739251032e-02 -4.164894998883684529e+00 -8.974300207297395415e-01 4.392607907741764572e-01 4.085725861416232563e-02 -7.249047730235135267e-01 2.393474406510073121e-02 -4.399714541563889969e-02 9.987449019753809054e-01 -1.557912186425578632e-02
4.439194488639470748e-01 8.955877109104231071e-01 2.929462385076785774e-02 -4.058793518618775131e+00 -8.957811536903164118e-01 4.427155075180054800e-01 3.973794277917086504e-02 -9.487834162186806752e-01 2.261962894424525070e-02 -4.388201760748128982e-02 9.987806170111238613e-01 -6.415791783936351800e-02
4.498073538863702758e-01 8.927225686940358784e-01 2.682833826505489142e-02 -3.948134603182524405e+00 -8.929228682899956748e-01 4.488623133072220384e-01 3.480481255884680658e-02 -1.154829969920323496e+00 1.902881169460695493e-02 -3.961109739469304697e-02 9.990339660335274541e-01 -5.041880756121659007e-02
4.580152271201419212e-01 8.886541039341103732e-01 2.271420892630819297e-02 -3.834079155663072669e+00 -8.887942439201018674e-01 4.573188261205601290e-01 3.007130276870517011e-02 -1.365218932368617466e+00 1.633535125361862753e-02 -3.396137271630837035e-02 9.992896384245384400e-01 2.300028101910686455e-03
4.683005854789893396e-01 8.833453751668243203e-01 1.988742847676277375e-02 -3.709901466119462476e+00 -8.834503989078230646e-01 4.677498745223896970e-01 2.693413362068773284e-02 -1.555163243832999420e+00 1.448980019338099064e-02 -3.018282716498426818e-02 9.994393641610703760e-01 5.919255884593147693e-02
4.797631861582851154e-01 8.771534923161327102e-01 2.071318722126417461e-02 -3.583641341168326999e+00 -8.772727773966794151e-01 4.791621480367421193e-01 2.821542003110358299e-02 -1.765140444966303068e+00 1.482427893582092919e-02 -3.170783509525238603e-02 9.993872392359256507e-01 7.564434752414719854e-02
4.912179345454245061e-01 8.707246316311127998e-01 2.331430144332596530e-02 -3.433329492251562698e+00 -8.708813007999889333e-01 4.904487491304008184e-01 3.202786901035926947e-02 -1.978457010639951941e+00 1.645298446624628153e-02 -3.603665283136686659e-02 9.992150213817169169e-01 2.041733603468390626e-02
5.024788422826813594e-01 8.642188676218666155e-01 2.531327526486619461e-02 -3.295029782986573785e+00 -8.644188735930365963e-01 5.015826678287147455e-01 3.456643328397048659e-02 -2.205353111701518376e+00 1.717626369156556934e-02 -3.925017426977713692e-02 9.990817783271747077e-01 -2.355298189322701727e-02
5.133941185067973922e-01 8.578149795764113961e-01 2.408194130359144966e-02 -3.151214778926860749e+00 -8.579839001019478051e-01 5.125338542024573396e-01 3.424434934737865394e-02 -2.452258573940870434e+00 1.703250564302203826e-02 -3.824276546871786808e-02 9.991233080260039090e-01 -1.082581994988640779e-02
5.242800659224304827e-01 8.512676338876776772e-01 2.176758993657966143e-02 -2.991887419970005180e+00 -8.514028785705212155e-01 5.235522437109063620e-01 3.172044241662611008e-02 -2.674078982184386444e+00 1.560611541039640809e-02 -3.516338437282403445e-02 9.992597187724753249e-01 4.936172332211571229e-02
5.357672421084385128e-01 8.441051746691519142e-01 2.097418366178657734e-02 -2.820121500284548333e+00 -8.442455384673654972e-01 5.351066085853692922e-01 3.017264035865250410e-02 -2.904319542005367794e+00 1.424545757306459361e-02 -3.387287329154343996e-02 9.993246196274306881e-01 9.916241930525473980e-02
5.478025682462375201e-01 8.363042757755082546e-01 2.252786147039463269e-02 -2.647168080899619191e+00 -8.364966478814203077e-01 5.470926569459908517e-01 3.103196414865923292e-02 -3.144913161594975914e+00 1.362733671608656882e-02 -3.584387026228281342e-02 9.992644858387828011e-01 8.062442443489403754e-02
5.595271945539397329e-01 8.284403444971699670e-01 2.481761801640056803e-02 -2.475344673726388223e+00 -8.286928040646275306e-01 5.586880701752275913e-01 3.370277044079555973e-02 -3.396389283330056852e+00 1.405542763855291595e-02 -3.942379805764958250e-02 9.991237206175254126e-01 3.537502365526065673e-02
5.712333194512470014e-01 8.203920098054321430e-01 2.548421072181336969e-02 -2.306748624192528574e+00 -8.206652841219518324e-01 5.703364603121251486e-01 3.499733526530426908e-02 -3.643228949141986472e+00 1.417695967921013024e-02 -4.090565102818859849e-02 9.990624312465232748e-01 1.537956552133513261e-02
