1.000000000000000000e+00 4.398956837314658088e-19 2.733407509747682871e-20 -8.673617379884035472e-19 -5.583667658079949532e-19 1.000000000000000000e+00 -6.100159232558060012e-19 0.000000000000000000e+00 4.145284534913582806e-20 -2.210423569125054137e-19 1.000000000000000222e+00 0.000000000000000000e+00
9.999828932342367249e-01 2.083754968155047071e-05 -5.849170525546896690e-03 -1.669866058482843627e-02 -2.078086996801651107e-05 9.999999997365558446e-01 9.750909364864652693e-06 -1.570605481693836125e-02 5.849170828475626534e-03 -9.629197219428770019e-06 9.999828934120355006e-01 7.474552503683157267e-02
9.999149287207432790e-01 1.000627534866382331e-03 -1.300515447353211423e-02 -1.213402491950754496e-02 -1.001431634996299141e-03 9.999994970381756998e-01 -5.531680654341062807e-05 -6.507670529896203426e-03 1.300509280592992457e-02 6.833586168124611998e-05 9.999154278800249651e-01 1.498156208166576131e-01
9.997956141803537866e-01 1.160126920081945351e-03 -2.018375420267692552e-02 -2.094450630578860439e-02 -1.161882706091046675e-03 9.999993221828766821e-01 -7.526314606005792950e-05 -1.373778142573385541e-02 2.018365355624597915e-02 9.869889973158187731e-05 9.997962844614975975e-01 1.768238710721804496e-01
9.995568321242944698e-01 9.559249747656284888e-04 -2.975273940710979753e-02 -4.779848493696162853e-02 -9.801671639785951295e-04 9.999991994652898120e-01 -8.002144058404296687e-04 -1.307467152810280753e-02 2.975195115835582368e-02 8.290224141943955839e-04 9.995569689522367796e-01 3.344714321760503539e-01
9.991513367000440793e-01 7.395171143260449156e-04 -4.118324169411912566e-02 -7.094712610327388869e-02 -8.098199711638896835e-04 9.999982433388749925e-01 -1.690417881414407438e-03 -1.357553629131418027e-02 4.118191996754749784e-02 1.722334274694486403e-03 9.991501804629343564e-01 4.863093709660132324e-01
9.984881228739330705e-01 8.107367575000659805e-04 -5.496190548675332355e-02 -8.145506978355582239e-02 -9.386782882365523294e-04 9.999969097286165454e-01 -2.302046583175633085e-03 -1.431769412986835799e-02 5.495987023511764158e-02 2.350157689302414480e-03 9.984857983723437469e-01 6.153416450444324504e-01
9.974943336797844617e-01 1.014310180958175349e-03 -7.073913530698790197e-02 -9.514228653166775795e-02 -1.148874256936935085e-03 9.999976072695221374e-01 -1.861597612742511669e-03 -9.185825817071280319e-04 7.073707903278270148e-02 1.938203393730912128e-03 9.974931123584835913e-01 7.545450079982969349e-01
9.960013246431852485e-01 5.359719887435526308e-04 -8.933685565835808307e-02 -1.306498816728757506e-01 -6.821441849718214764e-04 9.999984782541823103e-01 -1.605668151456206283e-03 -1.514051147600181668e-02 8.933586066245313706e-02 1.660188155024630661e-03 9.960001747176212561e-01 8.860051746034406372e-01
9.940456572884458497e-01 2.256515834787545683e-04 -1.089641223029162026e-01 -1.491903340839318970e-01 -4.226033214462476774e-04 9.999983186570350346e-01 -1.784402047308485508e-03 -2.627116193800090038e-02 1.089635383286729486e-01 1.819825622363772022e-03 9.940440814705195915e-01 1.081446990636720784e+00
9.913437611783987302e-01 1.663481841014968245e-04 -1.312917324868728974e-01 -2.029098717978695399e-01 -4.358514613833987294e-04 9.999978567833620602e-01 -2.023972179601160083e-03 -2.449532159694610411e-02 1.312911166874880797e-01 2.063675784803468798e-03 9.913417092009966236e-01 1.226049003506288759e+00
9.878518408846269638e-01 2.950106801860086225e-03 -1.553706429536362843e-01 -2.639821067724229531e-01 -3.617693494852798012e-03 9.999853993342746605e-01 -4.014152409420011780e-03 -2.572502893436727500e-02 1.553565349459007927e-01 4.527471108616259142e-03 9.878480903895756615e-01 1.406102408946274807e+00
9.834360953873398925e-01 6.985995347269608954e-03 -1.811205160309700690e-01 -3.426825034711382112e-01 -7.924187588321638873e-03 9.999586710612353713e-01 -4.456841537571285677e-03 -2.881483564313958023e-02 1.810818981672195072e-01 5.818251667354223076e-03 9.834508096080355477e-01 1.605771140358310145e+00
9.781312563150345030e-01 1.076492120547946872e-02 -2.077097995731704005e-01 -4.063351386789098574e-01 -1.220471628708217314e-02 9.999095487825984119e-01 -5.651475782237709924e-03 -3.890109574255541658e-02 2.076301778638265094e-01 8.062924157476772033e-03 9.781741662514743529e-01 1.777330107999693265e+00
9.714615531394632519e-01 1.119360525177200139e-02 -2.369328019872085911e-01 -4.950318464144578545e-01 -1.320890801541651539e-02 9.998888126979715851e-01 -6.920044615652907322e-03 -4.543518464879703345e-02 2.368290019106372990e-01 9.852180743953472056e-03 9.715013945833623765e-01 1.970691905716719372e+00
9.633052801055075332e-01 1.173529966458282045e-02 -2.681514841157487949e-01 -5.519356021237535881e-01 -1.393756754332050284e-02 9.998829532099546835e-01 -6.310635432849738026e-03 -4.687812566095402034e-02 2.680460452780891734e-01 9.816447692807381623e-03 9.633560902211462107e-01 2.137807108233248599e+00
9.540177195541392763e-01 1.310610117784506180e-02 -2.994635518906395566e-01 -7.087585884808510484e-01 -1.544298545579157050e-02 9.998659612217016823e-01 -5.438181857559514117e-03 -5.068006340313611913e-02 2.993521439729550648e-01 9.812732939484583236e-03 9.540922419332582560e-01 2.341553304353526599e+00
9.426995243791334023e-01 1.554564653091985993e-02 -3.332805683156825904e-01 -8.073311385713703991e-01 -1.806458065339804422e-02 9.998268735571538279e-01 -4.460255114485820772e-03 -5.215350138071871144e-02 3.331535368442181677e-01 1.022525386239882261e-02 9.428171442157607940e-01 2.547231633949088359e+00
9.301532856031159424e-01 1.794321252471929931e-02 -3.667327413337181929e-01 -8.699395506263796207e-01 -2.086275682432968404e-02 9.997743530635819775e-01 -3.998546852268080286e-03 -5.715252243216743799e-02 3.665782487728621031e-01 1.137031725427908868e-02 9.303177447566456371e-01 2.721502491643025046e+00
9.165669133536048507e-01 1.992766163288241243e-02 -3.993844993687343248e-01 -1.031802549212713860e+00 -2.322020057990600503e-02 9.997245694829232088e-01 -3.406978906723074838e-03 -6.616514064766854109e-02 3.992066104651793568e-01 1.239651206355067529e-02 9.167771877139936354e-01 2.927455456409026713e+00
9.008364013094027900e-01 2.046405738216357934e-02 -4.336761425195276298e-01 -1.162845037428592132e+00 -2.428173304300838137e-02 9.996998235663839827e-01 -3.265004162047516201e-03 -5.913799113944416541e-02 4.334791554199898811e-01 1.347164263813237228e-02 9.010628948366258273e-01 3.124804007514162763e+00
8.824618978216197673e-01 1.764055594752602513e-02 -4.700529813128570544e-01 -1.295020623939098892e+00 -2.235853179297034657e-02 9.997400860649996446e-01 -4.456053986333374101e-03 -5.660325950332240064e-02 4.698522088430251986e-01 1.444199208258276773e-02 8.826269512662300309e-01 3.312875479353171837e+00
8.613783254260416467e-01 1.462779423958483066e-02 -5.077532895218035414e-01 -1.468305247275990766e+00 -1.911534727917308871e-02 9.998107141500247597e-01 -3.624832173728437593e-03 -7.539304302962825111e-02 5.076041644849512702e-01 1.282823198163691135e-02 8.614948947755792785e-01 3.524168313819086684e+00
8.366012364784157773e-01 1.618569492305077864e-02 -5.475731809926189797e-01 -1.588476933029079330e+00 -1.973537822805159284e-02 9.998050589256242127e-01 -5.991934089697146821e-04 -7.848295137748928507e-02 5.474567475934357663e-01 1.130784938445064322e-02 8.367575801133612101e-01 3.677658867391094599e+00
8.080107881150521143e-01 2.010017063421780034e-02 -5.888247130750038361e-01 -1.827975512479701914e+00 -2.287911043006734049e-02 9.997345078908349558e-01 2.731315442523040565e-03 -7.095184455899081200e-02 5.887232948474860894e-01 1.126485285594830757e-02 8.082561424762039204e-01 3.875201590113076744e+00
7.757717293410183457e-01 2.306392940174149114e-02 -6.305920008287793088e-01 -2.036908496570025040e+00 -2.560584588555997812e-02 9.996593026149903638e-01 5.061561321133581544e-03 -7.222941336924625089e-02 6.304939101792370604e-01 1.222022494691104785e-02 7.760979982479573325e-01 4.023110294568722267e+00
7.403257902927447009e-01 2.280677810220244420e-02 -6.718612703180436574e-01 -2.203655060463771242e+00 -2.608192744129805493e-02 9.996463156521349092e-01 5.193911464587274741e-03 -6.662666737159606001e-02 6.717421115050402625e-01 1.367824980875004259e-02 7.406587943225421133e-01 4.164464353667312935e+00
7.009707748939101313e-01 2.064235544974761527e-02 -7.128911953289583936e-01 -2.489864858672186987e+00 -2.251196271045723465e-02 9.997233639235134639e-01 6.812283322489298860e-03 -8.827480600329958016e-02 7.128346178095475993e-01 1.127336794747634680e-02 7.012415620257510529e-01 4.348754709880726210e+00
6.588647081301416408e-01 1.772004633592607833e-02 -7.520527147934721324e-01 -2.723749687120476271e+00 -1.808308700571984937e-02 9.998067193843035438e-01 7.715301166282710621e-03 -8.838726040836956954e-02 7.520440860878135902e-01 8.516094429298428498e-03 6.590577965493429335e-01 4.497388253780616019e+00
6.144660134404529295e-01 1.737797624943678357e-02 -7.887518702329767706e-01 -2.941891624724148890e+00 -1.544253507728050520e-02 9.998307674562549874e-01 9.998229117816403305e-03 -9.126198968421714297e-02 7.887921503865112927e-01 6.036755789843138362e-03 6.146303869098411754e-01 4.617040680526772078e+00
5.670992860309655992e-01 1.769140017663968500e-02 -8.234594110993852523e-01 -3.258162897993941876e+00 -1.303301252208096186e-02 9.998368673344540936e-01 1.250517191487671501e-02 -8.179489277668532121e-02 8.235463262262969764e-01 3.640482056238904165e-03 5.672373470102131110e-01 4.789853276658483594e+00
5.163846174724545657e-01 1.895727628842707596e-02 -8.561469121497069512e-01 -3.543567420190218531e+00 -1.133609820236376048e-02 9.998186670704215517e-01 1.530117222551338925e-02 -8.492763311689688344e-02 8.562817478950596195e-01 1.804074767084871446e-03 5.165058826864291630e-01 4.890250715222694389e+00
4.642931740670266927e-01 1.996059164097170949e-02 -8.854566105273881105e-01 -3.840335893653874066e+00 -1.075793014639445100e-02 9.997993553776953757e-01 1.689721692229939620e-02 -7.813848343133029950e-02 8.856162421988227340e-01 1.680417124316819014e-03 4.644147520341848079e-01 4.976853979562275043e+00
4.098203449554121414e-01 2.180730598489050848e-02 -9.119055385985390672e-01 -4.210069593347734340e+00 -9.896999193113906884e-03 9.997616412435722522e-01 1.946047574420416496e-02 -7.302181471599564211e-02 9.121125742687639093e-01 1.049828709693108797e-03 4.099384888600307031e-01 5.107713194344193575e+00
3.549905758366022068e-01 2.351680007875758469e-02 -9.345740396441054587e-01 -4.514695665748245546e+00 -9.590656176959474338e-03 9.997225621972296583e-01 2.151320425511241488e-02 -7.599507524750866161e-02 9.348206913837325827e-01 1.326192718092370632e-03 3.551176308898879030e-01 5.143948805821365156e+00
2.997302603387954623e-01 2.567968151929408971e-02 -9.536783046869076186e-01 -4.936091551212641093e+00 -7.661222751911088598e-03 9.996702218176435339e-01 2.451026888300206555e-02 -5.776626748676590151e-02 9.539932348055119027e-01 -4.012817484194455131e-05 2.998281549407084690e-01 5.247893182807861656e+00
2.464856151600593737e-01 2.805940178174216523e-02 -9.687401586043165036e-01 -5.308427434779369847e+00 -5.304099532304631416e-03 9.996048697473798317e-01 2.760382043304827546e-02 -5.403838420468344561e-02 9.691319435304194263e-01 -1.665651290484567153e-03 2.465370524602903124e-01 5.292367898809030358e+00
1.955795979309465638e-01 2.881569636645200938e-02 -9.802643824996442046e-01 -5.660262538933412912e+00 -3.080750455050863465e-03 9.995813428821973545e-01 2.876887085810438810e-02 -6.244380752257940037e-02 9.806829998685674399e-01 -2.606655119863007797e-03 1.955864924900422019e-01 5.320913569423261436e+00
1.479522034343928871e-01 2.974739887887735065e-02 -9.885470249936246789e-01 -6.126925953065649466e+00 -3.993610464088912133e-03 9.995573625292156761e-01 2.948101223264901899e-02 -4.825486056518966949e-02 9.889864575931817114e-01 -4.139098261821098782e-04 1.480055151603727470e-01 5.354636568561552679e+00
1.055103770848493661e-01 2.991943750493561427e-02 -9.939679926064100002e-01 -6.505633354463384421e+00 -5.370272533274997664e-03 9.995498403861097225e-01 2.951739745895170033e-02 -3.855753361275719715e-02 9.944037095026903028e-01 2.223486446612300306e-03 1.056235575066825361e-01 5.319519734879822437e+00
6.720746129857618767e-02 2.885064214603798999e-02 -9.973218037688985627e-01 -7.010016558171211720e+00 -6.426624986325060393e-03 9.995736261090042429e-01 2.848270487682954058e-02 -2.740989384750644464e-02 9.977183333872831072e-01 4.495162133830530454e-03 6.736421945281913237e-02 5.349223993478356753e+00
3.264700565300111129e-02 2.682646458003444187e-02 -9.991068493851897880e-01 -7.476033910951466410e+00 -5.396857716631937515e-03 9.996298798021112653e-01 2.666415818055442935e-02 -1.711176804474422164e-02 9.994523821561422938e-01 4.521531786705906657e-03 3.277970235479755329e-02 5.334808846111161351e+00
1.063599472153252835e-03 2.449829647372808034e-02 -9.996992972490698071e-01 -7.909624901151720344e+00 -5.067216141267332288e-03 9.996871688318350602e-01 2.449260689085929615e-02 -3.715660339368459519e-02 9.999866046046955725e-01 5.039641300620185081e-03 1.187406314531731831e-03 5.329349414126546947e+00
-2.595984895667923301e-02 2.325532509977474085e-02 -9.993924448587843123e-01 -8.422970001404715745e+00 -4.776902687529976932e-03 9.997150761277985298e-01 2.338691434163395547e-02 -8.480346404720048858e-03 9.996515816931222931e-01 5.381120435729428754e-03 -2.584136254550869344e-02 5.280153731371315828e+00
-4.687283112587940087e-02 2.169655909552069620e-02 -9.986651990658794720e-01 -8.907665572726637393e+00 -5.618312314197624821e-03 9.997425434466474803e-01 2.198366191013180135e-02 -1.449305948132972865e-04 9.988850732745091499e-01 6.641248689615968266e-03 -4.673886395900318791e-02 5.225021934034193904e+00
-6.337852391079351611e-02 2.011209648396773339e-02 -9.977868756080388035e-01 -9.456907702293184670e+00 -5.881569122790033036e-03 9.997720253815618463e-01 2.052570125248201829e-02 9.159656562045301320e-03 9.979722376824229357e-01 7.169440366570512674e-03 -6.324578312759321364e-02 5.185491948032340481e+00
-7.630188773364800225e-02 2.038380552920987521e-02 -9.968763741327771877e-01 -1.000925020620422323e+01 -4.924947534085748549e-03 9.997711109850315747e-01 2.081995514747038423e-02 2.070036865851824365e-02 9.970726072560860409e-01 6.498164956941580514e-03 -7.618403249539747180e-02 5.123092004482252548e+00
-8.631313020175994388e-02 2.089228174863928117e-02 -9.960489641903408353e-01 -1.054897730362406527e+01 -5.703202804742421236e-03 9.997533505001092724e-01 2.146419445186159916e-02 1.841778035397483027e-02 9.962517424519922171e-01 7.533310303681969855e-03 -8.617268679114337138e-02 5.065928055124404139e+00
-9.320809108432547008e-02 2.249354401174024493e-02 -9.953925231853280042e-01 -1.115227739884083213e+01 -6.973573808677838506e-03 9.997054993155425340e-01 2.324400804098796652e-02 2.639092815957658211e-02 9.956222367539054874e-01 9.107972109385759768e-03 -9.302377944884895888e-02 4.986835987504380618e+00
-9.747466355438380581e-02 2.269146728410813621e-02 -9.949792813304348948e-01 -1.172470967580539103e+01 -8.111554604455898515e-03 9.996887255640668490e-01 2.359353019755475178e-02 3.063858580637979223e-02 9.952049587560560795e-01 1.037059946287410828e-02 -9.726025770874631438e-02 4.930981913452122001e+00
-9.910403802453573996e-02 2.367112322984992606e-02 -9.947954817852311393e-01 -1.234621370965308884e+01 -5.594521810303502117e-03 9.996879654196300091e-01 2.434487873698869612e-02 3.120697439401896867e-02 9.950613590406616193e-01 7.978080059317970915e-03 -9.894068412354163622e-02 4.873615933105396536e+00
-9.828529965298332671e-02 2.604664967589236102e-02 -9.948173475160483337e-01 -1.294400211271791612e+01 -3.740501120306601295e-03 9.996406879839694337e-01 2.654248618989385813e-02 5.442058708522515276e-02 9.951512577534450399e-01 6.329850846231521201e-03 -9.815255564215039086e-02 4.829344861779104825e+00
-9.679409936092468747e-02 2.822867435116704210e-02 -9.949040291777497824e-01 -1.357708293079952888e+01 -4.380701414451270911e-03 9.995759567919662025e-01 2.878742873118442583e-02 7.300839155662251778e-02 9.952947950590773640e-01 7.144829965110733629e-03 -9.662939168716706828e-02 4.737669253427642779e+00
-9.510766839939979733e-02 2.760361607746789070e-02 -9.950841948213885457e-01 -1.423223686741713401e+01 -6.728369601434929306e-03 9.995748097868955018e-01 2.837126506128661435e-02 6.517895452289942937e-02 9.954442614957087487e-01 9.393618377906169312e-03 -9.488150081866122965e-02 4.680551345891438508e+00
-9.365934124598543353e-02 2.598142351693205968e-02 -9.952652291793522288e-01 -1.490797192100376556e+01 -9.515803787507647396e-03 9.995904158037459686e-01 2.698981506376406034e-02 9.464401803258937207e-02 9.955588353123263623e-01 1.199859622252158649e-02 -9.337374433224547576e-02 4.608074448395905520e+00
-9.227562171333295038e-02 2.596748730019196594e-02 -9.953948373476272371e-01 -1.560243375525316090e+01 -7.823232769492696401e-03 9.996101305175747465e-01 2.680268639717099319e-02 8.752099533502753770e-02 9.957027789265686657e-01 1.026043933067023219e-02 -9.203649516708481415e-02 4.551097912495655429e+00
-9.044362416125339976e-02 2.842143486696266028e-02 -9.954959346275492615e-01 -1.630704759487857558e+01 -8.594974273958546837e-03 9.995331941515130936e-01 2.931757508017158315e-02 1.217598300607510564e-01 9.958644960859516226e-01 1.120784896611534860e-02 -9.015712164689443364e-02 4.479697368935687152e+00
-8.878049865798554041e-02 3.099750761266123478e-02 -9.955687623393700836e-01 -1.701667496453225681e+01 -7.997699625821034358e-03 9.994612383259712241e-01 3.183190040757404027e-02 1.249760629034770698e-01 9.960191148569382813e-01 1.078831117975609898e-02 -8.848475697227231596e-02 4.404673847715520729e+00
-8.693281215864713529e-02 3.257417261530479169e-02 -9.956814713591534138e-01 -1.774487722255413402e+01 -9.711328707441268734e-03 9.993900793804796345e-01 3.354339475199492188e-02 1.388258573355297398e-01 9.961668502661861213e-01 1.258541097677898929e-02 -8.656345014558464168e-02 4.331008984588949673e+00
-8.481474402512051425e-02 3.304683083116564252e-02 -9.958485573210276165e-01 -1.848452525374638711e+01 -9.855434408686651951e-03 9.993731312217770668e-01 3.400316169658665344e-02 1.388532420001482026e-01 9.963480049240744929e-01 1.269848887868050419e-02 -8.443588403543189624e-02 4.258311721637589642e+00
-8.331040135751098530e-02 3.069275175033107581e-02 -9.960508596237745982e-01 -1.924934052203166956e+01 -1.313553805330177661e-02 9.994049136042297832e-01 3.189476936460390599e-02 1.431804744386196981e-01 9.964370787835514776e-01 1.574082932162865212e-02 -8.285765726174246226e-02 4.202291521224720050e+00
-8.188171698596526105e-02 2.975964628785851898e-02 -9.961976364210398671e-01 -2.000075872513005848e+01 -1.433752549095221838e-02 9.994154850009846491e-01 3.103423456806351718e-02 1.715059788012550102e-01 9.965389290423701807e-01 1.682414474340335545e-02 -8.140717480630058067e-02 4.120636260020615893e+00
-8.066327188065502973e-02 3.084795027552603153e-02 -9.962639326321732769e-01 -2.079978579350906998e+01 -1.494200176854875231e-02 9.993712322847712048e-01 3.215395274727995967e-02 2.022268045144612891e-01 9.966294148101620953e-01 1.747981980627647328e-02 -8.015162189107233326e-02 4.059850675514909746e+00
-7.917331159402345164e-02 3.328102230628197239e-02 -9.963051456315552556e-01 -2.154613797544209675e+01 -1.110782455483943013e-02 9.993510362597040064e-01 3.426547188245645387e-02 2.024434851882679909e-01 9.967989868976895318e-01 1.377969293745718096e-02 -7.875224982721011624e-02 4.006993893801021223e+00
-7.801278675617673297e-02 3.526378592644278248e-02 -9.963284867091775077e-01 -2.235880254119445709e+01 -8.991817392749477944e-03 9.993086922027184515e-01 3.607332678520056013e-02 2.386184952627978806e-01 9.969118163809316258e-01 1.177298384013421469e-02 -7.764176898267402538e-02 3.913240339772158016e+00
-7.735810725224960549e-02 3.156413015260710331e-02 -9.965035934944295182e-01 -2.317288969349898764e+01 -8.121722807346343914e-03 9.994456140442086189e-01 3.228780242215465585e-02 2.432552058114501592e-01 9.969702995473044282e-01 1.059104851160374075e-02 -7.705886448627502494e-02 3.856976950064718856e+00
-7.673525213397004718e-02 2.541620541548479661e-02 -9.967274956032567967e-01 -2.396231600114582960e+01 -6.550118407353598508e-03 9.996406195472581357e-01 2.599476294508086191e-02 2.270122655096963593e-01 9.970299967144131692e-01 8.523397056049210677e-03 -7.654119442763240855e-02 3.784096218093866426e+00
-7.708991617196767066e-02 2.090954569393943183e-02 -9.968048548390791019e-01 -2.477970427022270528e+01 -6.534087350146045893e-03 9.997479987489907849e-01 2.147660828364782518e-02 2.415589283132036358e-01 9.970027421457842154e-01 8.168839176025609675e-03 -7.693386321729164812e-02 3.727281793393516285e+00
-7.771660430243101936e-02 2.090238235296838776e-02 -9.967563407059554237e-01 -2.561686642754454724e+01 -6.425688132735751790e-03 9.997489260682113077e-01 2.146614452474559370e-02 2.256249113260124783e-01 9.969547919871061259e-01 8.073120500080566836e-03 -7.756277809750633523e-02 3.650148498633654537e+00
-7.756646699680264101e-02 2.819738743691558441e-02 -9.965883470392645771e-01 -2.648242802999871870e+01 -9.295327262350057407e-03 9.995360672078416053e-01 2.900426253934087692e-02 2.887399121260283974e-01 9.969438587035077681e-01 1.151337228150059282e-02 -7.726837602343036848e-02 3.579710439311709180e+00
-7.787370402346389942e-02 3.422287711100160945e-02 -9.963756640072231052e-01 -2.734299233357781844e+01 -8.172062653442283692e-03 9.993551630313435297e-01 3.496391727553909562e-02 2.950166422190989568e-01 9.969297472397115056e-01 1.086521336478532551e-02 -7.754381528216382213e-02 3.499110668281484759e+00
-7.805281541559844216e-02 3.853904784269789052e-02 -9.962040366933575530e-01 -2.817265585152219032e+01 -8.081708698329640589e-03 9.991952469695575267e-01 3.928796775783818807e-02 3.114484129696992731e-01 9.969164765955984553e-01 1.111756659014761887e-02 -7.767853941525650063e-02 3.429013201599154570e+00
-7.832046164724998372e-02 4.043801656856352983e-02 -9.961077527223570760e-01 -2.900753502115681925e+01 -9.191940653915804324e-03 9.991052342527723118e-01 4.128243099107976877e-02 3.224381165009225225e-01 9.968858665019521004e-01 1.238942167750256562e-02 -7.787867792998787175e-02 3.357748804881766524e+00
-7.894053493214681083e-02 3.787261953803612580e-02 -9.961596456211351258e-01 -2.983614519296527590e+01 -9.499985918731737242e-03 9.992041185236368861e-01 3.874118982152727902e-02 3.248296093294100739e-01 9.968340682020524479e-01 1.252175213420297570e-02 -7.851791686821180116e-02 3.302016640197995567e+00
-7.898132200370736045e-02 3.509817955351221541e-02 -9.962580245568828374e-01 -3.067414638627081303e+01 -1.156777056837731202e-02 9.992804448660490557e-01 3.612172745996612006e-02 3.317000979825391327e-01 9.968089861022113585e-01 1.437742534143313100e-02 -7.851848149781831543e-02 3.231898810019371293e+00
-7.920367695197776114e-02 3.659928696915487611e-02 -9.961863543938416221e-01 -3.154862687196694893e+01 -1.190238050675544897e-02 9.992198354457874077e-01 3.765705500360896907e-02 3.602913609126213723e-01 9.967874037178966473e-01 1.483956556693704319e-02 -7.870626500911413748e-02 3.153683484066125420e+00
-7.985548640381218144e-02 3.706483616466559050e-02 -9.961171026261811390e-01 -3.234602163437735811e+01 -1.186309961382228141e-02 9.992023416639354005e-01 3.813066065417371198e-02 3.937059219049199865e-01 9.967358654493205794e-01 1.486197817075236502e-02 -7.935208376408796338e-02 3.114566981022406811e+00
-7.886761165767279536e-02 3.650529031092313026e-02 -9.962164657036546300e-01 -3.318928954644354690e+01 -1.245513903162877821e-02 9.992152012275057338e-01 3.760121208565199435e-02 3.996674294697930563e-01 9.968072966519199163e-01 1.537353168531842111e-02 -7.835103658490891188e-02 3.019170951614246867e+00
-7.847108823648432652e-02 3.243004537965341744e-02 -9.963887611722327398e-01 -3.402936136154346514e+01 -1.435239846943069109e-02 9.993304130273471531e-01 3.365611782149902781e-02 4.005947127611576564e-01 9.968130789092175537e-01 1.694160004606525341e-02 -7.795309468312304479e-02 2.931515802342539168e+00
-7.846087165044797473e-02 2.927371108956314943e-02 -9.964872926327946745e-01 -3.483208831424077090e+01 -1.473267116043782722e-02 9.994255727947622958e-01 3.052004026437488485e-02 4.078480545633457743e-01 9.968083353060077645e-01 1.707554788731914866e-02 -7.798452023109762876e-02 2.858232036362864825e+00
-7.778767158643648538e-02 2.886701513065192612e-02 -9.965519336708921205e-01 -3.564835383882514463e+01 -1.476473102604419253e-02 9.994377451473371865e-01 3.010309463043074618e-02 4.368332271178165804e-01 9.968606212419814927e-01 1.705547022042167363e-02 -7.731771997564088061e-02 2.781384868586569858e+00
-7.743748410787071323e-02 3.080313482320532620e-02 -9.965212420500554336e-01 -3.651699068836244777e+01 -1.522071519021421168e-02 9.993695971980155468e-01 3.207394641323770001e-02 4.290243643561250653e-01 9.968810276058468478e-01 1.765149105338407326e-02 -7.691982015762338643e-02 2.710750175608709789e+00
-7.682478038133770670e-02 3.498166703903170249e-02 -9.964307396948697271e-01 -3.733954414627187646e+01 -1.183724413152451721e-02 9.992818831417206171e-01 3.599441177543994536e-02 4.569260739401485583e-01 9.969743477587168501e-01 1.456025600551762514e-02 -7.635552327662638306e-02 2.636847767744742388e+00
-7.622222497287232945e-02 4.029189186026153197e-02 -9.962764268976160853e-01 -3.818115491664680405e+01 -1.109193608611705635e-02 9.990871143812277699e-01 4.125417345920003032e-02 4.779906191815389560e-01 9.970291664205160886e-01 1.419511863449673950e-02 -7.570572630812209824e-02 2.586082162636348158e+00
-7.634262791210433274e-02 4.386274731262678611e-02 -9.961163814974279829e-01 -3.902890779068795979e+01 -1.342725366013261361e-02 9.988961053243594623e-01 4.501421580260396571e-02 4.850679902096507456e-01 9.969912383471211115e-01 1.681161017147040845e-02 -7.566939605481057263e-02 2.511368470330017644e+00
-7.648910934027854103e-02 4.362962637472712207e-02 -9.961153822629860155e-01 -3.986267396157809628e+01 -1.355724690996714527e-02 9.989043025766899397e-01 4.479280464364646108e-02 5.067742429697482676e-01 9.969782517821729195e-01 1.693074323580553986e-02 -7.581380140053667338e-02 2.443475181977226462e+00
-7.595958868785875062e-02 4.085916127149705895e-02 -9.962733825348734085e-01 -4.067806536794707029e+01 -1.504340019720142550e-02 9.989993877058902516e-01 4.211792346928108083e-02 4.928537292525489999e-01 9.969974194124645583e-01 1.818659867143172792e-02 -7.526892047274763575e-02 2.388903671341944257e+00
-7.616628963428390131e-02 3.626160825360320167e-02 -9.964355347974716004e-01 -4.149753823389379193e+01 -1.633039654333035690e-02 9.991590872371758358e-01 3.760899560878951803e-02 5.125933481824156424e-01 9.969613993478417813e-01 1.913672440656451548e-02 -7.551007258555350599e-02 2.302598337612925761e+00
-7.604941557918989958e-02 3.349396015031821938e-02 -9.965413307721943115e-01 -4.232038179550646362e+01 -1.790796112861535103e-02 9.992285724226807053e-01 3.495089410316222500e-02 5.457666776085483562e-01 9.969432324035991666e-01 2.050401784062677590e-02 -7.539093902512022938e-02 2.221850988182293207e+00
-7.607788978801621749e-02 3.140069765176636135e-02 -9.966073117252497449e-01 -4.314743031873427270e+01 -1.650018629328729378e-02 9.993274963511080689e-01 3.274597538839638111e-02 5.505852728338732627e-01 9.969653533875968421e-01 1.893545035395828233e-02 -7.550860836730807768e-02 2.141307410490423724e+00
-7.663017337990120359e-02 2.952579863280588301e-02 -9.966223089291472714e-01 -4.396552532201680208e+01 -1.856174791293864132e-02 9.993459716629209399e-01 3.103369872327621515e-02 5.640091121049273237e-01 9.968868016772349794e-01 2.087716913846981298e-02 -7.603200324308179159e-02 2.095919990517645104e+00
-7.771536671201900726e-02 2.673197478417058473e-02 -9.966171312070668531e-01 -4.478454877648641030e+01 -1.585067651450622686e-02 9.994809876021735207e-01 2.804481223724931277e-02 5.584365558443964428e-01 9.968495850160253857e-01 1.797656796037777616e-02 -7.725131018753161882e-02 2.032295722990826281e+00
-7.855780891762106921e-02 2.443933248674871189e-02 -9.966099400476197134e-01 -4.560551217454077033e+01 -1.449328267658722344e-02 9.995658078606205477e-01 2.565424974052091245e-02 5.659057716001808513e-01 9.968042098278262486e-01 1.645949055367361760e-02 -7.816949217970901864e-02 1.960456529836613226e+00
-7.970651225678521135e-02 2.776269697013114893e-02 -9.964316772786917520e-01 -4.644630034141069075e+01 -1.493985023832165859e-02 9.994665299526861446e-01 2.904232074349480386e-02 5.771442419008910862e-01 9.967064212154979064e-01 1.720140145547506549e-02 -7.924921928425457396e-02 1.886287709887023878e+00
-8.158397046558757415e-02 3.324772351764117284e-02 -9.961117545640000293e-01 -4.726407229953066036e+01 -8.719354574203270342e-03 9.993813788916054985e-01 3.407099028519650769e-02 5.878503787317888030e-01 9.966283389165270234e-01 1.146509752234193928e-02 -8.124360080764224390e-02 1.806632089650446860e+00
-8.321546763052567464e-02 3.664939557232872736e-02 -9.958574148432342010e-01 -4.810505690550306213e+01 -8.845340541918145921e-03 9.992569675191953493e-01 3.751363499773145704e-02 6.283717821928564984e-01 9.964923297286222281e-01 1.193041192011335544e-02 -8.282945804906580167e-02 1.733021350989594644e+00
-8.493356841908998589e-02 3.673824066086654044e-02 -9.957090807978871139e-01 -4.888932607321253698e+01 -8.222747201524807995e-03 9.992601423435945041e-01 3.757065805074807224e-02 6.161133505891429607e-01 9.963526949287843104e-01 1.137847338471813761e-02 -8.456863900115178800e-02 1.685159716810228359e+00
-8.605677295514099767e-02 3.325503980735843718e-02 -9.957350637152625472e-01 -4.969646361159580294e+01 -8.104654710054916972e-03 9.993863333952668349e-01 3.407742936446506166e-02 6.104073242553057499e-01 9.962572778688471020e-01 1.100268174598651588e-02 -8.573444077136205266e-02 1.585207702204222802e+00
-8.776515523485566017e-02 2.974297427619680689e-02 -9.956970502960115210e-01 -5.047230450189134388e+01 -1.093121484015401740e-02 9.994652040692962869e-01 3.081905907619458471e-02 6.198593429390467646e-01 9.960812232802161992e-01 1.358901717325689505e-02 -8.739309054484779848e-02 1.499484283853886879e+00
-8.854404483768078815e-02 2.839826611880647000e-02 -9.956673508596555200e-01 -5.129734332973124822e+01 -1.315422871339595561e-02 9.994729938113782186e-01 2.967660559307322421e-02 6.344851632639368910e-01 9.959854093768403249e-01 1.572492206942241108e-02 -8.812382289059572660e-02 1.409863514646881200e+00
-8.965650009069831006e-02 2.970493684187469965e-02 -9.955296638913271323e-01 -5.207269954799241418e+01 -1.406497324858744201e-02 9.994176984678586617e-01 3.108762661107716124e-02 6.180284457182954050e-01 9.958734386545737838e-01 1.678930521544718876e-02 -8.918649243153664585e-02 1.326833148952306862e+00
-9.068454335862806415e-02 3.070406468547932921e-02 -9.954062271164059172e-01 -5.285181890354960643e+01 -1.483616064139362152e-02 9.993720348054758729e-01 3.217801110163186901e-02 6.569431725214729401e-01 9.957691596097694164e-01 1.768605426618330076e-02 -9.017206478607896203e-02 1.244657870309422876e+00
-9.179198780458874829e-02 2.972919985190896827e-02 -9.953343099831974961e-01 -5.363722025127233195e+01 -1.597374768525319094e-02 9.993816564053954465e-01 3.132322206610524407e-02 6.720287780856437632e-01 9.956500829378536199e-01 1.877443929325317215e-02 -9.126034068029233171e-02 1.179342818939874915e+00
-9.275498691413777697e-02 2.953847444642479156e-02 -9.952507090743039075e-01 -5.441532916559597055e+01 -1.616823422575592792e-02 9.993833828485069182e-01 3.116796920124104142e-02 6.678066688231827364e-01 9.955576918979558432e-01 1.898243050051017303e-02 -9.222020622567805859e-02 1.097173322615979441e+00
-9.307536102304601877e-02 3.171303029726894179e-02 -9.951538794911565233e-01 -5.522172321494173985e+01 -1.563292343546937579e-02 9.993228648555216864e-01 3.330800946883084868e-02 6.743734896503928988e-01 9.955363409577253631e-01 1.865731875384152999e-02 -9.251656765117120818e-02 1.016674035238141149e+00
-9.315435128646687435e-02 3.478401782655007879e-02 -9.950438793993703346e-01 -5.597866704154396444e+01 -1.556061823296230572e-02 9.992166328372077411e-01 3.638664359082487837e-02 6.840483525384360997e-01 9.955300855768710599e-01 1.887307145437378333e-02 -9.254011500507378085e-02 9.375804292956533281e-01
-9.275748586194661194e-02 3.803211302167397445e-02 -9.949621049000453299e-01 -5.675825770152127348e+01 -1.510566532915802104e-02 9.991014813672252082e-01 3.959859607340067422e-02 7.220239064712562493e-01 9.955741484110982586e-01 1.870263012609898329e-02 -9.209963976165819188e-02 8.771307815770993388e-01
-9.350405903796023266e-02 4.014489578699722422e-02 -9.948092084831827719e-01 -5.754581705267436575e+01 -1.715891394781232648e-02 9.989733751754626967e-01 4.192573637765676514e-02 7.112957239494670514e-01 9.954710341875682156e-01 2.099007149086036181e-02 -9.271922123783361835e-02 7.825485707564537874e-01
-9.418982148580191949e-02 4.061000589359076152e-02 -9.947256345097400532e-01 -5.827694269513705905e+01 -1.568281812997372390e-02 9.989831813157644680e-01 4.226881437288339954e-02 7.454287541588298094e-01 9.954307329162229712e-01 1.958139264081970587e-02 -9.345716677899630620e-02 7.088442713473306345e-01
-9.451335191903975641e-02 3.900152366934789283e-02 -9.947593128296160492e-01 -5.900860046039986884e+01 -1.415047737942115927e-02 9.990787117203461243e-01 4.051532772330301152e-02 7.337000108389326591e-01 9.954230294648566124e-01 1.790555791256245172e-02 -9.387438629742211882e-02 6.222566730045260286e-01
-9.505136615873076289e-02 3.658166417750148558e-02 -9.947999812213832449e-01 -5.978517714890701740e+01 -1.322631580967654694e-02 9.991899440508026364e-01 3.800684519609297957e-02 7.330078970514144476e-01 9.953845084442243252e-01 1.677014060091299233e-02 -9.449052719120466792e-02 5.589661396825222894e-01
-9.479896965581802171e-02 3.306175743421634061e-02 -9.949472642022145763e-01 -6.047462750752251281e+01 -1.454866222245268514e-02 9.992956012610737515e-01 3.459245203002961344e-02 7.567426559502690164e-01 9.953901290796034473e-01 1.775447982039218831e-02 -9.425118764047051012e-02 4.867594315950348194e-01
-9.295914843669357552e-02 3.084827517520986190e-02 -9.951919230107222347e-01 -6.120876520491796668e+01 -1.448134478302680675e-02 9.993723166906747224e-01 3.233053196299238985e-02 7.609411526747529297e-01 9.955646160184581372e-01 1.741713541434377135e-02 -9.245407362262572648e-02 4.013160119146988447e-01
-9.126804564209420323e-02 3.121921529080082247e-02 -9.953368713249585165e-01 -6.187355259789038087e+01 -1.551689368836711019e-02 9.993425362973282766e-01 3.276768484749788268e-02 7.554886406180602032e-01 9.957054720902118738e-01 1.843517831364603968e-02 -9.072361357065833465e-02 3.247234499162454102e-01
-8.746389777342963856e-02 3.152108865107904057e-02 -9.956688558537958311e-01 -6.255989726252222738e+01 -1.693391990868971242e-02 9.993077872626235925e-01 3.312383867567111895e-02 7.756191122644227054e-01 9.960237578713435624e-01 1.975771605257438737e-02 -8.686957715881249431e-02 2.608293079191570940e-01
-8.098631341276564533e-02 3.215734788824713142e-02 -9.961963184782489655e-01 -6.325311557015207597e+01 -1.690656126372586457e-02 9.992912880002786657e-01 3.363168042633555427e-02 7.814207718278762815e-01 9.965718250768949016e-01 1.956595924943269407e-02 -8.038524586779083325e-02 1.948727291119876637e-01
-7.393038307619252680e-02 3.323188231361563771e-02 -9.967095481437771021e-01 -6.389363850779173504e+01 -1.641991238013607718e-02 9.992685877710447695e-01 3.453514130597339776e-02 7.992602053395554407e-01 9.971282275894889358e-01 1.891907901612451329e-02 -7.333064349249396319e-02 1.510931485267074104e-01
-6.514562978370634638e-02 3.538867298269992440e-02 -9.972480491921826840e-01 -6.452698262696284814e+01 -1.734414961850705081e-02 9.991798311859668713e-01 3.659023693304919861e-02 7.864969242746562283e-01 9.977250346275192694e-01 1.968011274569681640e-02 -6.447841152823283184e-02 9.126787755961775217e-02
-5.335161701105417542e-02 3.624196125929805140e-02 -9.979178864209140576e-01 -6.516301730302554063e+01 -1.814752532874332192e-02 9.991409376281101817e-01 3.725659800293152496e-02 8.051192085972748158e-01 9.984108821633157493e-01 2.009743921377457956e-02 -5.264808133096410964e-02 5.415149021890963699e-02
-3.918401106709248211e-02 3.813492262787694653e-02 -9.985040429280296337e-01 -6.573585202137167016e+01 -2.135251203765545919e-02 9.990113495329638882e-01 3.899222683876638756e-02 8.083297805049354245e-01 9.990038542681124456e-01 2.284844081229299440e-02 -3.833099397754268639e-02 4.387912023853343668e-02
-2.040994700078338844e-02 3.998114642108793054e-02 -9.989919542918352935e-01 -6.630983956176346794e+01 -2.401123070860242126e-02 9.988922987675855625e-01 4.046771907103421245e-02 8.198217529254990810e-01 9.995033327559186276e-01 2.481296967436064094e-02 -1.942734094174296267e-02 2.319056362390800249e-02
1.431597085503217952e-03 4.043306756095947641e-02 -9.991812149374758034e-01 -6.688820483379220150e+01 -2.454164068422227257e-02 9.988827223739211725e-01 4.038582475047328146e-02 8.320891622461212833e-01 9.996977921874269368e-01 2.446372950274428026e-02 2.422292815132445418e-03 5.357241923126505184e-02
2.666581777410600637e-02 4.073789034763047184e-02 -9.988139672302673855e-01 -6.741861954052252770e+01 -2.541218473743956166e-02 9.988739987491096484e-01 4.006189607908138689e-02 8.480184804720785063e-01 9.993213558620445136e-01 2.431376120549155057e-02 2.767103222990391700e-02 8.291100452795870102e-02
5.532940154052257142e-02 4.101575027125568124e-02 -9.976253546473780043e-01 -6.793778694941217111e+01 -2.525966647430858900e-02 9.988936286326792757e-01 3.966696300845269640e-02 8.346899149915215643e-01 9.981485980280538906e-01 2.300493375880031249e-02 5.630423225001075088e-02 1.251505612348206842e-01
9.020075506337742188e-02 4.088927998225894145e-02 -9.950838523891102350e-01 -6.844161436804560594e+01 -2.470777956292178820e-02 9.989411675717388972e-01 3.880810980668308180e-02 8.437581345243048148e-01 9.956170782223848770e-01 2.108579100372445780e-02 9.111553229477865889e-02 1.847104194868328109e-01
1.274226414106091887e-01 4.044799030046432320e-02 -9.910234171498777389e-01 -6.893310230137026906e+01 -2.452441305593714913e-02 9.989911386769039225e-01 3.761991543445881298e-02 8.738586999553931145e-01 9.915452790771233094e-01 1.951063796109891307e-02 1.282860542513727664e-01 2.956371336398038729e-01
1.675404221064855925e-01 4.094895997833868095e-02 -9.850144022234600394e-01 -6.937848375231494913e+01 -2.458770710289524472e-02 9.989997761674220822e-01 3.734825170295096725e-02 8.694518947906023643e-01 9.855585564534116161e-01 1.796190307059963506e-02 1.683796866031601336e-01 4.033827021329042251e-01
2.128518700751153014e-01 4.119757598792456177e-02 -9.762155624265776988e-01 -6.982320157221839452e+01 -2.335247848741587445e-02 9.990398120950542138e-01 3.706906558760426212e-02 8.791827306560249244e-01 9.768053845948444502e-01 1.490683227532732871e-02 2.136095591645537917e-01 5.028829442167114250e-01
2.595772848445801473e-01 4.019949933626418975e-02 -9.648852869380821762e-01 -7.025275221362105071e+01 -2.023240254892436085e-02 9.991403273136100216e-01 3.618364606856299542e-02 8.946464457736416076e-01 9.655103825741595536e-01 1.012949418590579874e-02 2.601674671537897443e-01 6.813013034453445638e-01
3.104192831159545141e-01 3.624289117178346176e-02 -9.499085774153513961e-01 -7.065921414905902509e+01 -1.261105290733230931e-02 9.993419979830231448e-01 3.400782877659025427e-02 8.680174409930957458e-01 9.505160941484440684e-01 1.422660678386216630e-03 3.106720889574421940e-01 8.366333907814026416e-01
3.603325140170104413e-01 3.095713103297623517e-02 -9.323100985380964323e-01 -7.107078023646232623e+01 -6.787394829367318291e-03 9.995097300849692390e-01 3.056518827889313436e-02 8.524596553389703901e-01 9.327992416388826147e-01 -4.685675252367863843e-03 3.603659734103740186e-01 1.068091597689020178e+00
