1.000000000000000000e+00 0.000000000000000000e+00 0.000000000000000000e+00 0.000000000000000000e+00 0.000000000000000000e+00 1.000000000000000000e+00 0.000000000000000000e+00 0.000000000000000000e+00 0.000000000000000000e+00 0.000000000000000000e+00 1.000000000000000000e+00 0.000000000000000000e+00
9.999999990951132789e-01 1.666486567286642353e-05 -3.914148188182206008e-05 7.734229593063141582e-03 -1.665500973217056696e-05 9.999999681622576686e-01 2.517897821244998607e-04 -4.127383748494125280e-03 3.914567667854253706e-05 -2.517891299948969383e-04 9.999999675349244832e-01 2.173755055809116314e-03
9.999999964356177662e-01 7.822725559385655355e-05 -3.176886708445656056e-05 3.824948248788799781e-03 -7.821650098106435660e-05 9.999999396881862346e-01 3.383870608119754074e-04 -8.811320002042728056e-03 3.179533625951434957e-05 -3.383845747562110539e-04 9.999999422424664663e-01 -1.734569778959797314e-03
9.999999946479295465e-01 3.803607240519089210e-05 -9.621537337153888622e-05 1.058510730155642681e-03 -3.801657373243703042e-05 9.999999787438116350e-01 2.026502318296617971e-04 -4.934797305305342954e-03 9.622307934525758130e-05 -2.026465729662275071e-04 9.999999748377423892e-01 3.339774753550187525e-04
9.999999947541325929e-01 -8.875605520155747230e-06 -1.020439047217594220e-04 -3.002593849913367131e-03 8.883484355253075496e-06 9.999999969798456512e-01 7.721005309359019436e-05 -1.372647228837213995e-03 1.020432191275976304e-04 -7.721095919398762557e-05 9.999999918128246179e-01 2.427643507571762994e-03
9.999999995428212607e-01 -8.979162132297128783e-06 -2.887442021858175188e-05 2.734789769715406486e-03 8.976634234535070758e-06 9.999999961274768090e-01 -8.754693859945319675e-05 -1.194205791722743946e-04 2.887520620492076056e-05 8.754667936431956602e-05 9.999999957509007054e-01 -1.532076950957819922e-03
9.999999994520702984e-01 2.646667127896582127e-05 1.988403271523752995e-05 9.770841793966394961e-04 -2.646766868854305378e-05 9.999999983915808244e-01 5.016274407696855615e-05 -1.426138393555379446e-03 -1.988270504239772823e-05 -5.016327033347299454e-05 9.999999985441622163e-01 -3.263870958799968986e-03
9.999999903288735448e-01 1.336285892704371352e-04 -3.854416961726064855e-05 -1.001539890595437316e-03 -1.336203534477149821e-04 9.999999682612115137e-01 2.135958266504341845e-04 -7.072679562833400664e-03 3.857271090290475651e-05 -2.135906742991543477e-04 9.999999764455845819e-01 1.417677224344321548e-03
9.999999962731570546e-01 5.295055926919126044e-05 -6.819035289320354658e-05 4.638244436663724844e-03 -5.293962079222284641e-05 9.999999857341800302e-01 1.604027317479425944e-04 -3.981524862561877133e-03 6.819884533476658209e-05 -1.603991211787229604e-04 9.999999848105195488e-01 1.907244887569599194e-03
9.999999970777906366e-01 1.566306988873240064e-05 -7.482704702903754531e-05 1.349390172134764566e-03 -1.565296580714953525e-05 9.999999907607858285e-01 1.350311553218398102e-04 -5.122009979657649557e-03 7.482916134011738439e-05 -1.350299836620419273e-04 9.999999880837500132e-01 -1.173440536723877785e-03
9.999999954954098547e-01 9.207550108367443329e-05 -2.304956273136230050e-05 -4.386939759748906438e-03 -9.207523032601202184e-05 9.999999956920735400e-01 1.174754472556696330e-05 -3.021995702187728079e-03 2.305064429313358605e-05 -1.174542237885168389e-05 9.999999996653564649e-01 -1.728098213228696379e-03
9.999999975687962062e-01 6.250522586888935942e-05 -3.091123323759750545e-05 2.863748330943957296e-03 -6.250612120593648303e-05 9.999999976270166346e-01 -2.896466145486777932e-05 -2.659794010320341417e-03 3.090942272153920147e-05 2.896659352574015593e-05 9.999999991027720414e-01 -7.191260050277373944e-05
9.999999978533029577e-01 5.009015359271080513e-05 -4.224181130771963221e-05 2.477322091903731704e-03 -5.008840946080162155e-05 9.999999978931733979e-01 4.128927828998515595e-05 -6.156067640197522041e-03 4.224387940501472593e-05 -4.128716237620843271e-05 9.999999982554124145e-01 6.715737398404373563e-04
9.999999985915682954e-01 5.240922888972091026e-05 -8.374733035959326780e-06 1.091298997130216381e-03 -5.240836246609271407e-05 9.999999932784595646e-01 1.034236156928092248e-04 -2.443191791822034095e-03 8.380153331615668486e-06 -1.034231766410996311e-04 9.999999946167097420e-01 -2.420617767357968308e-03
9.999999993050465719e-01 3.676582073235244599e-05 6.179092609490028497e-06 3.522217423856843950e-03 -3.676667427686887044e-05 9.999999897757321232e-01 1.381909809188592447e-04 1.169858497934161100e-03 -6.174011841482039418e-06 -1.381912080075082367e-04 9.999999904325357347e-01 -1.862407296495394377e-03
9.999999991641529418e-01 -3.665918097682117140e-05 -1.810521002166974019e-05 -1.508053100824620872e-03 3.666006719330504939e-05 9.999999981299566576e-01 4.895024111078394383e-05 4.270333066146244153e-03 1.810341551206447246e-05 -4.895090480808497317e-05 9.999999986380376793e-01 -2.698615451640761376e-03
9.999999998860705785e-01 -9.762590560245349854e-06 -1.151306669649981406e-05 -5.292825995268988885e-03 9.763348307542655237e-06 9.999999977863295308e-01 6.581806708030020297e-05 3.957214710241767006e-03 1.151242411617330539e-05 -6.581817947888182882e-05 9.999999977677156426e-01 -2.072203370743328128e-04
9.999999989107462017e-01 3.567438496705239444e-05 -3.009727233333850415e-05 -3.066854791305630764e-03 -3.567252981364963093e-05 9.999999974641831102e-01 6.163687443021098318e-05 -2.454123724834985764e-03 3.009947111460392307e-05 -6.163580071722817401e-05 9.999999976475248964e-01 3.346653851681781629e-04
9.999999994725965458e-01 2.865645199544304865e-05 -1.528445945648921006e-05 -1.731622496665218382e-04 -2.865526655772598476e-05 9.999999965822079506e-01 7.755294791642943777e-05 -3.252277809527183601e-03 1.528668179657918094e-05 -7.755250989526783257e-05 9.999999968759627489e-01 -5.189945650256386342e-04
9.999999992006749494e-01 -3.116239142691939838e-05 -2.505105822359387209e-05 -3.104997230770430616e-04 3.116586697447959757e-05 9.999999898885441052e-01 1.387501364079888927e-04 -5.045698748881357470e-03 2.504673418422991837e-05 -1.387509170350305788e-04 9.999999900604220615e-01 -1.592589018586495131e-03
9.999999994996027208e-01 -2.937476141069195301e-05 -1.174384894166278939e-05 -3.020354987239708654e-03 2.937577637371860897e-05 9.999999958330924033e-01 8.643424605127191982e-05 -4.311625274029356851e-03 1.174130990737178497e-05 -8.643459099270074729e-05 9.999999961956015371e-01 -2.430577413353522155e-03
9.999999998607220775e-01 -4.631650489595500081e-06 -1.603445288426438793e-05 3.088117673487961179e-03 4.631337742609920400e-06 9.999999997990592915e-01 -1.950466923895376271e-05 7.080588025764819604e-04 1.603454321985324057e-05 1.950459497527036410e-05 9.999999996812320990e-01 -3.141720939228092192e-03
9.999999984266270125e-01 3.719548094596349374e-05 -4.199097617595870708e-05 8.080457350238738276e-03 -3.719651179741820121e-05 9.999999990068869637e-01 -2.454884272575239416e-05 1.673897491707128067e-03 4.199006302824506763e-05 2.455040460496861924e-05 9.999999988170561460e-01 -1.605744873715043443e-04
9.999999957151437524e-01 7.099285461522206945e-05 -5.941150598889950621e-05 4.753967125466503942e-03 -7.099218726485127719e-05 9.999999974169453409e-01 1.123471241101779490e-05 -3.974577366278855307e-03 5.941230341974117516e-05 -1.123049461011981622e-05 9.999999981720271158e-01 -3.744495454464914731e-04
9.999999985365486399e-01 -2.087529019223636439e-06 -5.406056690203031785e-05 3.131774781307906756e-03 2.090626021026554264e-06 9.999999983568779172e-01 5.728763775389158965e-05 -3.637986930443805507e-03 5.406044722359595276e-05 -5.728775069048180446e-05 9.999999968977908438e-01 -3.645885381824481505e-04
9.999999980272560318e-01 -4.823581979495955905e-05 -4.023423533228568977e-05 3.371529123546577328e-03 4.823982955893524723e-05 9.999999938698551638e-01 9.966548314645966387e-05 -1.128215520218921013e-03 4.022942763935916967e-05 -9.966742384250005735e-05 9.999999942239988782e-01 3.571831229868814876e-04
9.999999976672518942e-01 -6.292076999832325456e-05 -2.657955716691543622e-05 7.438728975853934038e-04 6.292229408549360615e-05 9.999999963762462585e-01 5.734363399254999692e-05 6.854204952450449048e-04 2.657594896499235681e-05 -5.734530630549446477e-05 9.999999980026174073e-01 -1.648890713925437509e-03
9.999999994721966434e-01 -2.618862188444716103e-05 -1.922921933271668038e-05 -1.050782789654559294e-03 2.618947294719882568e-05 9.999999986775858218e-01 4.425991228500012446e-05 2.336735102264145551e-04 1.922806020118021189e-05 -4.426041586475909880e-05 9.999999988356486069e-01 -1.149602836132848074e-03
9.999999992655977943e-01 -3.826740843645077595e-05 2.099949056850460966e-06 3.652315392389156486e-03 3.826730454654670441e-05 9.999999980451385051e-01 4.945034254212364247e-05 -6.920161253518104707e-04 -2.101841389200732874e-06 -4.945026214641711160e-05 9.999999987751269082e-01 -3.230673584878949295e-04
9.999999993823937006e-01 2.986294304047548898e-05 -1.853152164647903981e-05 5.639293373255775330e-03 -2.986091804309990940e-05 9.999999935848751242e-01 1.092637875071552175e-04 -3.357118014343501294e-03 1.853478446585972897e-05 -1.092632340714241092e-04 9.999999938590037329e-01 3.266109714385812880e-04
9.999999984017123866e-01 5.598081730343115335e-05 -7.919807735015588549e-06 -5.941917342558267028e-04 -5.597942557024060135e-05 9.999999830120698263e-01 1.756193723500727721e-04 -7.671098056259588460e-03 7.929638916472920085e-06 -1.756189287230948458e-04 9.999999845475562310e-01 2.110121458698620278e-03
9.999999975550117881e-01 -1.318963021771229089e-05 -6.867321181578700821e-05 -1.601965437570905841e-03 1.319775867061344612e-05 9.999999929077566518e-01 1.183651377579822634e-04 -2.224758777892479455e-03 6.867165013634217560e-05 -1.183660438010575598e-04 9.999999906368419733e-01 2.291822582275017915e-03
9.999999979265046246e-01 -4.933197830695418382e-05 -4.139259287730737407e-05 -2.137543832409887108e-03 4.933628469859327622e-05 9.999999933704752930e-01 1.040431654247483013e-04 -9.799967214954852235e-04 4.138745994771442509e-05 -1.040452073657618747e-04 9.999999937308364784e-01 2.763729597466741371e-03
9.999999997828246112e-01 7.913702981268556717e-07 -2.082605119230779181e-05 5.931424869875534262e-04 -7.896517879464655666e-07 9.999999965951431591e-01 8.251721084865028960e-05 -2.096483700934265604e-03 2.082611642306781804e-05 -8.251719438540104157e-05 9.999999963785927148e-01 1.956503294381035235e-03
9.999999964605476022e-01 8.085587309656609852e-05 -2.326440741534480073e-05 1.110157539202979863e-03 -8.085402782577031549e-05 9.999999935864855027e-01 7.930734583117584864e-05 -5.011839977550934001e-03 2.327081973082833748e-05 -7.930546452942675243e-05 9.999999965845560723e-01 1.260848809937742106e-04
9.999999954932559110e-01 7.937641863786533403e-05 -5.208524097982318677e-05 7.271691482222837448e-03 -7.937258559483720028e-05 9.999999941422764715e-01 7.358967152365912426e-05 1.079672412739280957e-03 5.209108195929654066e-05 -7.358553705176140074e-05 9.999999959358439883e-01 -8.872189700546986250e-04
9.999999938911950936e-01 1.058776431378268787e-04 -3.174168489491587994e-05 3.870454093955808580e-03 -1.058773836897674881e-04 9.999999943615720532e-01 8.175302006923438887e-06 -1.323893087362500729e-03 3.174255029765111124e-05 -8.171941230431536512e-06 9.999999994628149258e-01 -1.924889114545895062e-03
9.999999994465570419e-01 2.790606016079464041e-05 -1.811457358505457472e-05 1.002476272565690912e-03 -2.790549277640344767e-05 9.999999991201241611e-01 3.132148149982961181e-05 -3.056563654722478911e-03 1.811544762826305772e-05 -3.132097598639263405e-05 9.999999993454135039e-01 -1.184366002186638901e-04
9.999999986910184102e-01 3.467211802175181086e-06 -5.104842342104515702e-05 -5.886115854329436112e-04 -3.461861055975036268e-06 9.999999945007284063e-01 1.048167858267662149e-04 -4.874886641984950593e-03 5.104878656231289825e-05 -1.048166089670139620e-04 9.999999932037498818e-01 1.436724057738756168e-03
9.999999992883193967e-01 3.009201446695221899e-05 -2.275592026075835909e-05 -1.986730130136932725e-04 -3.008895692110462227e-05 9.999999905222233254e-01 1.343510620928468978e-04 -1.950052436851575609e-03 2.275996293918697587e-05 -1.343503772953274264e-04 9.999999907159801138e-01 -3.958720199860252796e-04
9.999999990834119723e-01 1.414504812582214889e-05 -4.041155251413124501e-05 -4.855964468389854403e-04 -1.414273286287590588e-05 9.999999982588153591e-01 5.729181721868136141e-05 -1.790843537921572816e-03 4.041236283927904054e-05 -5.729124563637658617e-05 9.999999975422770859e-01 -3.177467384585951852e-03
9.999999947558960711e-01 9.668494813871097385e-05 -3.376727077474984810e-05 -1.038911024442768340e-03 -9.668441809846330570e-05 9.999999952028457706e-01 1.569814338061836700e-05 7.816540731280571114e-04 3.376878838694167379e-05 -1.569487852937004308e-05 9.999999993066698289e-01 -1.757459077584942872e-03
9.999999935352877900e-01 1.134767491671760041e-04 -7.242362129378326898e-06 -2.826257183033005190e-04 -1.134772177653222113e-04 9.999999914661625855e-01 -6.473481060228370853e-05 -1.533648112909807241e-03 7.235016171708087017e-06 6.473563202689628260e-05 9.999999978784762655e-01 -2.500621567841862687e-03
9.999999968805945993e-01 7.769864080859233341e-05 1.420323683507519675e-05 -2.077264926837349597e-03 -7.769851924491954977e-05 9.999999969448398751e-01 -8.559222491374847330e-06 -5.246362828482397343e-03 -1.420390183163599304e-05 8.558118894204592753e-06 9.999999998625038744e-01 -4.890067722247867744e-04
9.999999939653246850e-01 1.042189881274263287e-04 -3.475274085217239039e-05 3.939281022796171081e-04 -1.042178787597214791e-04 9.999999940598093273e-01 3.192201587665839012e-05 -2.463076034773706725e-03 3.475606752592813787e-05 -3.191839382708670038e-05 9.999999988866159484e-01 -2.905819282273400424e-03
9.999999990476727829e-01 -9.943864705924215403e-06 -4.249439942273320687e-05 -3.458349312623094397e-03 9.948178938515211535e-06 9.999999947967800340e-01 1.015257284676927173e-04 2.124769383698697257e-03 4.249338964351744420e-05 -1.015261511128963423e-04 9.999999939433762419e-01 -1.471369895712917831e-03
9.999999988516155014e-01 -3.918695616073437037e-05 -2.758897257482082011e-05 -7.460306168074248628e-04 3.918846888885784015e-05 9.999999977288308584e-01 5.483249208130809398e-05 3.283923105627971546e-04 2.758682379369821445e-05 -5.483357318793274069e-05 9.999999981161231677e-01 -1.827244288828964438e-03
9.999999994506891809e-01 2.929347398266624885e-05 -1.550851779992950825e-05 2.031461142597201005e-03 -2.929347155525655551e-05 9.999999995709339951e-01 1.567481890993852270e-07 -3.001538181341719194e-03 1.550852238497432901e-05 -1.562938906882452735e-07 9.999999998797306500e-01 -1.014965903072884536e-03
9.999999902506631067e-01 1.386906934481545997e-04 1.623469480734967985e-05 -5.333507179575269069e-04 -1.386904867481475543e-04 9.999999903014170632e-01 -1.273242562350439684e-05 -5.120705842996835233e-03 -1.623646051883514445e-05 1.273017390164665013e-05 9.999999997871600321e-01 -1.025332681451662136e-03
9.999999930681898741e-01 1.175869515394369747e-04 6.076930121711337948e-06 -1.567530035515052843e-03 -1.175871029437941252e-04 9.999999927761268337e-01 2.492026333495405075e-05 -3.905543788151183675e-03 -6.073999780015248542e-06 -2.492097773081931658e-05 9.999999996710257077e-01 -6.930404755310631132e-04
9.999999926138214423e-01 1.203744418331337832e-04 -1.680329673808043546e-05 -1.508423489109839708e-03 -1.203738348271861071e-04 9.999999921027226124e-01 3.612055594966409881e-05 -4.466412986527167582e-03 1.680764459714128225e-05 -3.611853300560511531e-05 9.999999992064773080e-01 -3.159433683360757424e-03
9.999999947013237245e-01 9.138127456068953014e-05 -4.740058301972700598e-05 -3.178906464664679027e-04 -9.137869007281465106e-05 9.999999943385511347e-01 5.452369034118040601e-05 -5.059557452699801373e-03 4.740556519568815479e-05 -5.451935864909198987e-05 9.999999973901759764e-01 -2.650871179182643939e-03
9.999999966772330495e-01 3.607877897391452952e-05 -7.310168012336169926e-05 5.878877671086428199e-04 -3.607524913489499485e-05 9.999999981834495344e-01 4.828744488905161738e-05 -3.221949067787692987e-03 7.310342214262017092e-05 -4.828480756728106648e-05 9.999999961622335620e-01 -3.471312897299481948e-03
9.999999995526860364e-01 7.049775260718119057e-06 -2.906765566061438524e-05 1.516541457198525939e-03 -7.047984813596985407e-06 9.999999980781603126e-01 6.159549797074816905e-05 -1.883171976311647736e-03 2.906808983916877182e-05 -6.159529307479996555e-05 9.999999976805330482e-01 -2.693221327211181310e-03
9.999999981784046810e-01 4.250111658280814373e-05 -4.285843714101377134e-05 2.377047614006436594e-03 -4.250062962064024807e-05 9.999999990322898658e-01 1.136295419453507066e-05 -3.987142703622712121e-03 4.285892003778016848e-05 -1.136113266327331462e-05 9.999999990170188591e-01 -1.226005320903865393e-03
9.999999965853342276e-01 7.788153081396517914e-05 -2.763690792633257372e-05 1.539880259498743222e-03 -7.788155840920247229e-05 9.999999969667340283e-01 -9.974174132458334521e-07 -5.821435448332286898e-03 2.763683016210747765e-05 9.995698152989012119e-07 9.999999996176032191e-01 -3.375553694782339404e-04
9.999999982329202952e-01 5.472950780752412970e-05 -2.321293517295272850e-05 1.687772777665758105e-03 -5.472919272809511092e-05 9.999999984102329043e-01 1.357386002017722724e-05 -4.313153273656663428e-03 2.321367802672751903e-05 -1.357258957098826843e-05 9.999999996384549839e-01 -7.933723976258108372e-04
9.999999997104577210e-01 7.809276138755207348e-06 -2.276180487171673123e-05 2.551343461734565049e-04 -7.807865508853934630e-06 9.999999980491933727e-01 6.197298217522989540e-05 -4.815893574471583061e-03 2.276228879144379894e-05 -6.197280443617492185e-05 9.999999978206248752e-01 -4.279066396730494258e-04
9.999999982312846036e-01 2.716734974645289470e-05 -5.290903459728682517e-05 7.887452557094115288e-04 -2.716355653740728864e-05 9.999999970611683775e-01 7.169242982436992097e-05 -5.920502745165479464e-04 5.291098213511128881e-05 -7.169099250001378769e-05 9.999999960304147839e-01 -1.604559255625261820e-03
9.999999971160338230e-01 5.697432367703100602e-05 -5.021811106213098098e-05 -9.860363083189240246e-04 -5.697296550953551792e-05 9.999999980112870279e-01 2.704638763366577496e-05 2.934317235141517891e-03 5.021965191190490583e-05 -2.704352648095541489e-05 9.999999983733171005e-01 -2.608002845143896162e-03
9.999999766229566989e-01 -5.445663263089968757e-05 -2.092571653766668615e-04 -1.374892056655266370e-02 5.446142694619173115e-05 9.999999982546458055e-01 2.290548656909398105e-05 8.030288555251462873e-03 2.092559176557716710e-04 -2.291688247745655985e-05 9.999999778433884545e-01 -1.917348730000128631e-03
9.999999249709140559e-01 -2.766972417648890436e-04 -2.711029373693536943e-04 -1.083601928332107896e-02 2.767092961179081715e-04 9.999999607290752657e-01 4.442761870068438073e-05 1.153336704963051594e-02 2.710906337233379474e-04 -4.450263207029571557e-05 9.999999622646913444e-01 -1.662144158219943605e-03
9.999999500723651957e-01 -1.536809943620851362e-04 -2.761112440723182911e-04 6.678720444265295528e-03 1.536970544213519217e-04 9.999999864981929942e-01 5.814489939177576065e-05 1.049606182075973199e-02 2.761023045783619011e-04 -5.818733397364498733e-05 9.999999601908750035e-01 -4.851887899049456450e-03
9.999999579876073241e-01 -1.199589708971818166e-04 -2.638837411780776466e-04 3.175235297544246743e-02 1.199740173805110389e-04 9.999999911783739037e-01 5.700427430551765671e-05 2.081838018632561557e-03 2.638769006761114574e-04 -5.703593110318222513e-05 9.999999635579412960e-01 -4.476303350062157266e-03
9.999999577994768130e-01 -1.733879248234558525e-04 -2.331044231472587515e-04 5.766843461382026303e-02 1.733807082880791447e-04 9.999999844897394796e-01 -3.097823174669172257e-05 -2.422391813827480913e-04 2.331097907830656372e-04 3.093781462940378154e-05 9.999999723513381955e-01 -1.259023673396330624e-03
9.999998904905641472e-01 -3.345939770870868580e-04 -3.272090006833871753e-04 7.788935087251105949e-02 3.345678682804690868e-04 9.999999408446426097e-01 -7.984392811761577594e-05 2.610097501268043591e-03 3.272356966246769364e-04 7.973444575611141755e-05 9.999999432796069510e-01 4.891145782535036941e-04
9.999998480449528993e-01 -4.243808011896710026e-04 -3.518678823070822237e-04 1.030374475348850710e-01 4.243821475593868050e-04 9.999999099428547034e-01 3.751695725633952560e-06 4.403660819156291623e-03 3.518662584712273808e-04 -3.901021603095505631e-06 9.999999380874571298e-01 -2.149743031957782307e-03
9.999997984062940493e-01 -4.967931321249587995e-04 -3.954541124276328488e-04 1.386752736722990098e-01 4.968220921805595802e-04 9.999998739093466371e-01 7.313753847962703241e-05 2.731537882218195660e-03 3.954177283377482521e-04 -7.333399407505730705e-05 9.999999191334694171e-01 -5.289899370980083275e-03
9.999996812769600396e-01 -6.726789701953621043e-04 -4.300569514400353764e-04 1.911638980694788659e-01 6.726739467462568463e-04 9.999997736849346452e-01 -1.182543007010250403e-05 2.889868004587817403e-03 4.300648088297899497e-04 1.153613819421464982e-05 9.999999074555845358e-01 -6.768022278536077289e-03
9.999995230930170953e-01 -8.364760096257006870e-04 -5.041047744465620116e-04 2.394621852291347330e-01 8.364495355564333622e-04 9.999996487860343120e-01 -5.272553878184821141e-05 -4.535427566780589445e-04 5.041487010462107187e-04 5.230385543221299750e-05 9.999998715491886792e-01 -7.400929545325018316e-03
9.999992835521186452e-01 -1.043469179315188126e-03 -5.865725199485509510e-04 2.945995107721266493e-01 1.043428264184806300e-03 9.999994531747564697e-01 -7.005458944181387098e-05 -3.688756436131146021e-03 5.866452990008419943e-04 6.944249290504325505e-05 9.999998255125014390e-01 -6.081255381517446795e-03
9.999987221790925807e-01 -1.404478300511065921e-03 -7.635973320127524425e-04 3.710089059106665976e-01 1.404321382012901388e-03 9.999989927229706588e-01 -2.059963596809543025e-04 5.684536033400223792e-04 7.638858802758562855e-04 2.049237603939055318e-04 9.999996872422582950e-01 -6.399415369123914038e-03
9.999979157652627570e-01 -1.806577657533923542e-03 -9.511794246171628503e-04 4.711224034656756876e-01 1.806284464081805334e-03 9.999983209229461600e-01 -3.090108787533472944e-04 4.555124881820441125e-03 9.517360796631076092e-04 3.072921340848994045e-04 9.999994998848644734e-01 -9.061823239840775812e-03
9.999973462726720053e-01 -2.029073276604114340e-03 -1.091012947580098300e-03 5.611246748009982577e-01 2.028780957698783551e-03 9.999979058483535743e-01 -2.689734803869742738e-04 4.360837766229475922e-03 1.091556429734706407e-03 2.667593403120456725e-04 9.999993686718082753e-01 -1.291395465183882603e-02
9.999963297348184454e-01 -2.375281501259084074e-03 -1.303286109055155385e-03 6.628003092267514829e-01 2.374925974359428597e-03 9.999971422465228077e-01 -2.742724995797392231e-04 -1.898377387301513914e-03 1.303933858979301275e-03 2.711762848945168118e-04 9.999991131095636865e-01 -1.173817807248062409e-02
9.999953985088885222e-01 -2.637039189882655048e-03 -1.499661748630291011e-03 7.570753568977248715e-01 2.636552827894868885e-03 9.999964710854695182e-01 -3.261990090236061338e-04 -2.534198869773732730e-03 1.500516656022651699e-03 3.222435705975286425e-04 9.999988223037296065e-01 -9.828732175521510267e-03
9.999950537335643430e-01 -2.742884299608064607e-03 -1.539186189117835004e-03 8.493905621717297016e-01 2.742408143584996755e-03 9.999961911124631841e-01 -3.113810206890276996e-04 -2.960132163412751947e-03 1.540034408643586221e-03 3.071584037760061495e-04 9.999987669731074114e-01 -9.733751667382117140e-03
9.999940443522654654e-01 -3.058685707437843338e-03 -1.598656230220450508e-03 9.527982513423024491e-01 3.058272781645013805e-03 9.999952894966276373e-01 -2.606763298923015144e-04 -2.896923569887936462e-04 1.599446026709396007e-03 2.557856505598176235e-04 9.999986881721938392e-01 -9.892967559515949971e-03
9.999913324394169578e-01 -3.761313305401179242e-03 -1.785376223152615504e-03 1.090504353849152563e+00 3.760904838456953416e-03 9.999929008400062491e-01 -2.320870214611057221e-04 1.287543595587356711e-03 1.786236500482990845e-03 2.253703797566659927e-04 9.999983792823647910e-01 -9.854576166245921851e-03
9.999888015294484678e-01 -4.268969071789385263e-03 -2.042723368772732164e-03 1.247371112266326243e+00 4.268307824562988899e-03 9.999908369537087172e-01 -3.279587412051512851e-04 7.828336776200747749e-03 2.044104696926972442e-03 3.192360964304955646e-04 9.999978598598612267e-01 -5.108271197597703990e-03
9.999872953513166962e-01 -4.423836217837832409e-03 -2.416362778263181788e-03 1.408121442370934506e+00 4.422976285627481206e-03 9.999901533928855502e-01 -3.611067017201037717e-04 6.461438904533030846e-03 2.417936462193831688e-03 3.504145987205903139e-04 9.999970153919829352e-01 -6.297458994318053810e-03
9.999872972994908737e-01 -4.117458417397886275e-03 -2.907193808590870666e-03 1.571252373729600915e+00 4.116758097407425751e-03 9.999914956514248665e-01 -2.468351548820916803e-04 5.305828814696936929e-03 2.908185418287525907e-03 2.348638057567947865e-04 9.999957436392244992e-01 -4.120491693332986941e-03
9.999889422348497980e-01 -3.475195969125296439e-03 -3.168346730151156820e-03 1.726683852735908076e+00 3.474257967818674287e-03 9.999939192932574272e-01 -3.015096733729866457e-04 -2.727544701828002981e-03 3.169375269565389858e-03 2.904986854777880123e-04 9.999949353226317283e-01 -9.363139446930028933e-03
9.999888871846522864e-01 -3.046849932601577039e-03 -3.597528691892240560e-03 1.909715496681243074e+00 3.044466588271400789e-03 9.999951426311078917e-01 -6.677854318539315796e-04 1.062268258677322337e-02 3.599545859366321161e-03 6.568254549749216568e-04 9.999933059025585269e-01 -2.230170766625518778e-03
9.999891582274830215e-01 -2.417850266835939229e-03 -3.979626562506179653e-03 2.110992883320532698e+00 2.414049225165286732e-03 9.999966257117056667e-01 -9.596517812309926076e-04 1.421742829575968654e-02 3.981933428414173061e-03 9.500343624850197477e-04 9.999916207853353223e-01 7.944627768742648644e-03
9.999849112869083623e-01 -1.488973900992480049e-03 -5.287736305461612080e-03 2.334678366238735148e+00 1.482534976318793151e-03 9.999981551098318100e-01 -1.221420065635937628e-03 -9.398112389880094813e-05 5.289545212768771883e-03 1.213562381960605350e-03 9.999852738804643204e-01 1.911626516985350660e-02
9.999777123428050807e-01 -4.487492945915125568e-04 -6.661339333863071366e-03 2.550547391418854559e+00 4.377477806342466925e-04 9.999985381266955908e-01 -1.652912989907558573e-03 4.555534096507470390e-03 6.662071339367170095e-03 1.649960163840016219e-03 9.999764469410902246e-01 1.984743771614430261e-02
9.999740414195273930e-01 9.175803069925609094e-04 -7.146644910554921133e-03 2.777853436338205917e+00 -9.322378313395347955e-04 9.999974685063004465e-01 -2.047904689284315519e-03 -1.025270199794357491e-03 7.144747701854873602e-03 2.054513901338407989e-03 9.999723653946173130e-01 5.480118484318138514e-03
9.999756298324247172e-01 2.344167358513595846e-03 -6.576064221164047534e-03 3.031129720404829975e+00 -2.357485238451130678e-03 9.999951845842437459e-01 -2.018185242920489744e-03 -6.427561822818538169e-03 6.571301590710895008e-03 2.033639033736422356e-03 9.999763408739650306e-01 1.240195046076153669e-02
9.999732529383299484e-01 3.716610756343318236e-03 -6.299223160094282077e-03 3.279360586192325400e+00 -3.724001432556888098e-03 9.999923908196931555e-01 -1.161944940343943812e-03 -1.041436854203370288e-02 6.294856731105903831e-03 1.185372177803154002e-03 9.999794846253271530e-01 1.499883011985836574e-02
9.999601189213637165e-01 5.693253248730887131e-03 -6.880947189004738181e-03 3.526623189208534903e+00 -5.699256962141798291e-03 9.999833951056137371e-01 -8.532192739578130366e-04 -8.731401727043229186e-03 6.875975338200047277e-03 8.924015328259194768e-04 9.999759620024136764e-01 2.199586337986928278e-02
9.999407985274971766e-01 7.741884587183779122e-03 -7.646088099808510952e-03 3.800194946209044300e+00 -7.747937006777823842e-03 9.999696937516292516e-01 -7.622666277789583167e-04 -1.887883664562909833e-03 7.639954995306567215e-03 8.214629094177438185e-04 9.999704777073962214e-01 1.413244983398825698e-02
9.999226165595077598e-01 9.828294146052039826e-03 -7.626632741017470851e-03 4.105925425056382139e+00 -9.836696831736650715e-03 9.999510513584662919e-01 -1.065027013042315349e-03 -1.328591231948189622e-02 7.615792028947649533e-03 1.139965471708214535e-03 9.999703496556761051e-01 1.480581710108888269e-02
9.999024914087388805e-01 1.180433172587003546e-02 -7.460926691942225408e-03 4.413068854048118439e+00 -1.181374534319958383e-02 9.999294723510994132e-01 -1.218911242876401756e-03 -2.100492655585972993e-02 7.446012057668717141e-03 1.306933876521122100e-03 9.999714240058460435e-01 1.524184852421458548e-02
9.998783875689697398e-01 1.373568000680149698e-02 -7.385199200291731395e-03 4.717448147758021904e+00 -1.374480901363924271e-02 9.999048313499639962e-01 -1.186789020230825421e-03 -2.041623720661167249e-02 7.368195006636116262e-03 1.288152844468645926e-03 9.999720247909905657e-01 2.460632672640928470e-02
9.998519676735085904e-01 1.542339695908016665e-02 -7.626373034137657637e-03 5.026694040025295074e+00 -1.542947333674478221e-02 9.998806858216723326e-01 -7.385616648990946500e-04 -2.345130641154684684e-02 7.614071969968970628e-03 8.561232532838788717e-04 9.999706460496784466e-01 2.946049726720270309e-02
9.998211025112038186e-01 1.745284524046379279e-02 -7.291170433702749525e-03 5.350787808366259668e+00 -1.745596602342653833e-02 9.998475665409695123e-01 -3.645988076598059998e-04 -3.454147291998205943e-02 7.283695728808214052e-03 4.918080052104249105e-04 9.999733525956659985e-01 2.989559209605340689e-02
9.997802607155108490e-01 1.967649928806641801e-02 -7.229499249043510115e-03 5.700657825646710641e+00 -1.967735962448616954e-02 9.998063808683698150e-01 -4.788633195449326684e-05 -5.037482502072319207e-02 7.227157244300178723e-03 1.901332660745545778e-04 9.999738656822523275e-01 3.121311944466215529e-02
9.997338869298598718e-01 2.197842601300284762e-02 -7.007432775638946371e-03 6.061325897902829496e+00 -2.197741329105559402e-02 9.997584429462126332e-01 2.215012383256410747e-04 -3.966009658391167481e-02 7.010608329401378340e-03 -6.743704773156448094e-05 9.999754231095363544e-01 4.543028707217597328e-02
9.996685317175018071e-01 2.481881148506962648e-02 -6.844946328684082745e-03 6.421922148427425370e+00 -2.481452203528798639e-02 9.996918195780845062e-01 7.108901594142902998e-04 -4.632047646492587489e-02 6.860480299089613716e-03 -5.408004503706096474e-04 9.999763203921073762e-01 5.715744799156267930e-02
9.996107563999964141e-01 2.706751171646998994e-02 -6.759104889383889606e-03 6.805026222004147307e+00 -2.706031931811134217e-02 9.996331371948853350e-01 1.153317091401119153e-03 -6.921393952537013838e-02 6.787842649088411152e-03 -9.699646334931810070e-04 9.999764919040752265e-01 5.167266913113559290e-02
9.995531599371174636e-01 2.905530878802048411e-02 -7.019222959557782499e-03 7.183024845387964596e+00 -2.904584977495541787e-02 9.995770346699666131e-01 1.445811622270573148e-03 -7.839253340488105959e-02 7.058262574736496285e-03 -1.241286280094128312e-03 9.999743197391605110e-01 4.787647690784336413e-02
9.994759397708221638e-01 3.171232132161685285e-02 -6.494189374080143635e-03 7.565877069810468036e+00 -3.170204502249105577e-02 9.994959531427629607e-01 1.679283368509434720e-03 -9.384406241621075229e-02 6.544169972108055365e-03 -1.472524238960807967e-03 9.999775025028022624e-01 5.912966175492993803e-02
9.993927136316504978e-01 3.442546770902989162e-02 -5.393617800731243320e-03 7.960552578011510505e+00 -3.441605959997023900e-02 9.994059210001761118e-01 1.827542448527391152e-03 -1.112668183588484960e-01 5.453327569211412380e-03 -1.640805535221393852e-03 9.999837843563357254e-01 7.175287832255994314e-02
9.992995506758501900e-01 3.715721271740701770e-02 -4.444047942735306934e-03 8.378262107563211103e+00 -3.714708976623440351e-02 9.993070709747147173e-01 2.339149810457714397e-03 -1.183535209177444397e-01 4.527884820011086192e-03 -2.172427906699656106e-03 9.999873893285089466e-01 6.512816892910242017e-02
9.991962259305916527e-01 3.995189965215652922e-02 -3.278383785657049132e-03 8.791667624894975219e+00 -3.994496339993446749e-02 9.991995583099250178e-01 2.154662903720534501e-03 -1.387564129725290807e-01 3.361842506712610975e-03 -2.021976121221198425e-03 9.999923047841544621e-01 6.354491397668489416e-02
9.990935177060173977e-01 4.251961307914536858e-02 -2.055573257189700302e-03 9.182134449339208970e+00 -4.251428833035873767e-02 9.990925580971564690e-01 2.568198326279820271e-03 -1.655273364863700247e-01 2.162906743025688316e-03 -2.478479065829273468e-03 9.999945894733337504e-01 6.657260234427778145e-02
9.989916717462559159e-01 4.485551062698555497e-02 -1.903404322051400989e-03 9.569335412966262666e+00 -4.484936042405903572e-02 9.989887652130204909e-01 3.159406228640584350e-03 -1.932529612565606902e-01 2.043196313051007153e-03 -3.070854043602797186e-03 9.999931975789981831e-01 6.552723756394453203e-02
9.988925659077931840e-01 4.698614222736406665e-02 -2.438075621255782113e-03 9.974275452717844104e+00 -4.697467493235502056e-02 9.988856497955389546e-01 4.564925798256866049e-03 -1.970831215098435285e-01 2.649847004003004838e-03 -4.445342634030491867e-03 9.999866085301949425e-01 8.748870875294310900e-02
9.987893534286922392e-01 4.909766748911465611e-02 -3.040809863042964571e-03 1.037536879331569217e+01 -4.907929333341762984e-02 9.987777644910891262e-01 5.848087215045301955e-03 -2.052340891001191714e-01 3.324220718784143876e-03 -5.691766449070262759e-03 9.999782764396945023e-01 8.253378077097771326e-02
9.987127981039275459e-01 5.058211161603932970e-02 -3.767875779042559586e-03 1.079420126089378940e+01 -5.055886875550408277e-02 9.987028921608362975e-01 6.027767393054788217e-03 -2.319460830555434283e-01 4.067885640903588264e-03 -5.829508902437709368e-03 9.999747342470053368e-01 8.414342926430280756e-02
9.986798793065894131e-01 5.122680558188157790e-02 -3.783260241143307674e-03 1.121979985121237178e+01 -5.120464534925452810e-02 9.986716926853778098e-01 5.738860825935098234e-03 -2.578634455634671863e-01 4.072218416683531274e-03 -5.537564338090499201e-03 9.999763759301357746e-01 1.007638517180147186e-01
9.986623353454445740e-01 5.159581101068470149e-02 -3.378201967402025187e-03 1.164075210351101752e+01 -5.157638073191108535e-02 9.986533168043204567e-01 5.606227459399006768e-03 -2.686768746072573655e-01 3.662910452058975447e-03 -5.424492776221151967e-03 9.999785787531355608e-01 1.148179728871616678e-01
9.986292379730148383e-01 5.224992917134026887e-02 -3.096767189467227767e-03 1.206440121839699664e+01 -5.223039994090628718e-02 9.986165323442751651e-01 6.083309190576578242e-03 -2.890384534645689119e-01 3.410335386558279325e-03 -5.913225032509975866e-03 9.999767014197211701e-01 1.056234648026873890e-01
9.985672101650892030e-01 5.345479894836362156e-02 -2.472094759627885101e-03 1.250512505227317739e+01 -5.343808473376807089e-02 9.985506918497426554e-01 6.394287011613081391e-03 -3.219691549876055880e-01 2.810317259168458072e-03 -6.253021332946441350e-03 9.999765006444464310e-01 1.015937463310529476e-01
9.985115306694207771e-01 5.450107930411011298e-02 -2.086977454950433939e-03 1.295751782038885480e+01 -5.448783567436123881e-02 9.984967104465660714e-01 5.949368950586420360e-03 -3.672582373145928947e-01 2.408087152529475323e-03 -5.826798612745736315e-03 9.999801245695797425e-01 9.764790655367688865e-02
9.985152698819442785e-01 5.443942290293443675e-02 -1.898696021850050696e-03 1.341413868391395248e+01 -5.443030340741852879e-02 9.985071463310862816e-01 4.562981122790072189e-03 -3.884249787096231143e-01 2.144267605569355559e-03 -4.452859726741189780e-03 9.999877870037662264e-01 1.061841187073056247e-01
9.985337648655963072e-01 5.410227125467082648e-02 -1.806839346524965811e-03 1.388250874320209149e+01 -5.409355315606508702e-02 9.985254224214118457e-01 4.568181814799175330e-03 -3.958627698700420416e-01 2.051324033421388689e-03 -4.463745425886255815e-03 9.999879334504405692e-01 1.339107391688668103e-01
9.985440505401221856e-01 5.389066187485400117e-02 -2.361290667415877169e-03 1.433441726278316075e+01 -5.387331086260931101e-02 9.985240675518056719e-01 6.881344090922340145e-03 -4.093568403299389646e-01 2.728645749548641065e-03 -6.744114655547254339e-03 9.999735353547544170e-01 1.337536143939786204e-01
9.985532387001304633e-01 5.363900545899200067e-02 -3.779758570413974551e-03 1.478543986344504191e+01 -5.360556174481939662e-02 9.985263976578352407e-01 8.454403023820679028e-03 -4.295049407281583131e-01 4.227674479279030367e-03 -8.239555439285482091e-03 9.999571173278682945e-01 1.078096545724517713e-01
9.985681985869861998e-01 5.324719037159877932e-02 -5.127327595544265912e-03 1.526208290039939008e+01 -5.320627204108012431e-02 9.985529927413049345e-01 7.811101258723717779e-03 -4.582278669968944951e-01 5.535827511030903467e-03 -7.527111326012017253e-03 9.999563476516631910e-01 8.134098922142192489e-02
9.985726749883163667e-01 5.296324474618092915e-02 -6.892566476607405596e-03 1.573091525238387689e+01 -5.293936657519288103e-02 9.985912322608909708e-01 3.601988102807758812e-03 -4.912950437475658294e-01 7.073629428777336234e-03 -3.231958791747829244e-03 9.999697586472666710e-01 1.317792533041652892e-01
9.985680183246925523e-01 5.252799741539287276e-02 -1.013519938752815118e-02 1.619493365395667084e+01 -5.251641889611362995e-02 9.986190718630880703e-01 1.405367436799430858e-03 -5.115083013961649883e-01 1.019502454260857831e-02 -8.710905997517975246e-04 9.999476499676083208e-01 2.028689905748632394e-01
9.985395893836379599e-01 5.215267484978107493e-02 -1.409918223049773552e-02 1.667413291391678598e+01 -5.208289163611100336e-02 9.986288471417561485e-01 5.272386096276574820e-03 -5.425332768337739475e-01 1.435481913424510592e-02 -4.530360067379218293e-03 9.998867010843193182e-01 2.291014836192140358e-01
9.985277363963198649e-01 5.197409342286764961e-02 -1.552588999422164530e-02 1.716592852056611207e+01 -5.179028474530116694e-02 9.985856975679041625e-01 1.201544917274989521e-02 -5.544608079382811194e-01 1.612842376806458700e-02 -1.119366900052602871e-02 9.998072692879684809e-01 1.696945003319410283e-01
9.985289454388197594e-01 5.167994681996475326e-02 -1.640512778140585520e-02 1.764577147997890805e+01 -5.144104220577824793e-02 9.985683463213292921e-01 1.466550039613609413e-02 -5.731674510260106326e-01 1.713955360042902776e-02 -1.380002977429188246e-02 9.997578681263812328e-01 1.158165862376526883e-01
9.985623347716499065e-01 5.093896650789023206e-02 -1.668787783091425433e-02 1.812478842424288672e+01 -5.074159098152124237e-02 9.986391781099530629e-01 1.204503584641662857e-02 -6.146288991817216996e-01 1.727873027903047143e-02 -1.118094964596015595e-02 9.997881934914809587e-01 1.376781861303870702e-01
9.986566440235836728e-01 4.980785007849798662e-02 -1.428584677613412707e-02 1.861714588551150484e+01 -4.970000556106647649e-02 9.987336746114658936e-01 7.807473618821606474e-03 -6.424730713334938503e-01 1.465662972116289590e-02 -7.086978738256639702e-03 9.998674701867144021e-01 2.088774103169269702e-01
9.987446061693915356e-01 4.901445908618342479e-02 -1.033413992724366640e-02 1.912442899653068551e+01 -4.895696319193173357e-02 9.987843649055191397e-01 5.745274171242575542e-03 -6.577190224848895594e-01 1.060317888988210680e-02 -5.232133481454503791e-03 9.999300962450632380e-01 2.616681923536237631e-01
9.988094364507822398e-01 4.797104032871588736e-02 -8.859398774835020030e-03 1.961781882906891994e+01 -4.790279337609650717e-02 9.988218477307256871e-01 7.761371176931636424e-03 -6.632984390226152049e-01 9.221282103798762037e-03 -7.327740822369067063e-03 9.999306336795579231e-01 2.382299031309128012e-01
9.989667565981579234e-01 4.443416844911204922e-02 -9.540643898225878786e-03 2.012300197295896709e+01 -4.432916242408949103e-02 9.989569756626851538e-01 1.094925265212877419e-02 -6.914331468069052633e-01 1.001721371118294984e-02 -1.051501065607600253e-02 9.998945394292175770e-01 1.852420587894353654e-01
