1.000000000000000000e+00 0.000000000000000000e+00 0.000000000000000000e+00 0.000000000000000000e+00 0.000000000000000000e+00 1.000000000000000000e+00 0.000000000000000000e+00 0.000000000000000000e+00 0.000000000000000000e+00 0.000000000000000000e+00 1.000000000000000000e+00 0.000000000000000000e+00
9.999999993122025144e-01 2.368855349717709834e-05 -2.853852636895826060e-05 3.528116510587752178e-03 -2.368630183122446298e-05 9.999999966071174695e-01 7.889692139061556340e-05 -3.266630267019350609e-03 2.854039522607351885e-05 -7.889624536420105521e-05 9.999999964804141550e-01 -2.168133486888441550e-04
9.999999960274494892e-01 8.910122343854758444e-05 -2.464321401861126603e-06 4.531049348345169217e-03 -8.910123074163944507e-05 9.999999960260939069e-01 -2.963579589184789406e-06 -1.446875768603798039e-03 2.464057333500990729e-06 2.963799151481668562e-06 9.999999999925721639e-01 -1.982826235549507449e-03
9.999999917283795003e-01 1.282817491090715138e-04 9.329190729693325384e-06 3.634343971577662456e-03 -1.282807583939970825e-04 9.999999861414708979e-01 -1.061183543702858852e-04 -1.993618641900164268e-04 -9.342803648515661205e-06 1.061171567368531112e-04 9.999999943259305635e-01 -1.302300343235854828e-03
9.999999960624293971e-01 7.816616474112943972e-05 -4.201418738042438339e-05 3.323814359683277542e-03 -7.817160416950880912e-05 9.999999885620104445e-01 -1.294804202127969729e-04 -6.724602776563704930e-04 4.200406591200944517e-05 1.294837040193840840e-04 9.999999907348143813e-01 1.744477811807734671e-03
9.999999998323997330e-01 1.409183708630940036e-05 -1.168848059388615676e-05 6.963736722726968434e-03 -1.409266108512843047e-05 9.999999974156036364e-01 -7.049957172538349743e-05 -3.077825934570401281e-03 1.168748709519908048e-05 7.049973643536336485e-05 9.999999974465948460e-01 3.331862379357650866e-03
9.999999973195737857e-01 6.036159807438829970e-05 4.144067944885793797e-05 1.249705557878398599e-02 -6.036102601120890698e-05 9.999999980829773483e-01 -1.380549898621189517e-05 -6.658370308107548416e-04 -4.144151269139624620e-05 1.380299754727714020e-05 9.999999990460390897e-01 1.262118904881265411e-03
9.999999994689282579e-01 2.779733463642253019e-05 1.701328013856423995e-05 4.840468813333000456e-03 -2.779801022500587735e-05 9.999999988251719873e-01 3.971053625128208553e-05 -2.697555779967933907e-03 -1.701217627151179376e-05 -3.971100916552819268e-05 9.999999990668108074e-01 5.327685570801140051e-04
9.999999987053768136e-01 -3.070309688874192351e-05 -4.057790264503717380e-05 2.808260781246290673e-03 3.070227636723395334e-05 9.999999993242333352e-01 -2.022136321100328110e-05 -4.127626598105779004e-03 4.057852347608986466e-05 2.022011735084282172e-05 9.999999989722651028e-01 1.552798590049134534e-03
9.999999971243195285e-01 1.236661534579076240e-05 -7.482264202437509328e-05 4.015322213351953280e-03 -1.236711764737754111e-05 9.999999999009965279e-01 -6.712770809063318901e-06 -8.835103250475623282e-05 7.482255900271290289e-05 6.713696130176138730e-06 9.999999971782554953e-01 -1.241022355121007299e-03
9.999999932610532660e-01 1.158749532918072913e-04 -7.133628449782682106e-06 5.196507390355546881e-03 -1.158745052245119478e-04 9.999999913159494103e-01 6.277897799860075202e-05 -3.698529893520806702e-03 7.140902898977187847e-06 -6.277815096986950059e-05 9.999999980039556702e-01 -2.222027906735828465e-03
9.999999893756241764e-01 1.387089841916362297e-04 4.481706381251171327e-05 1.442183793280595386e-03 -1.387104153789366827e-04 9.999999898698694878e-01 3.193245177714553839e-05 -4.756145589524993743e-03 -4.481263404056025216e-05 -3.193866803142067241e-05 9.999999984858746194e-01 6.236109705104724704e-04
9.999999985460725771e-01 3.228059531623320182e-05 4.319511670737704798e-05 2.246517101075639570e-03 -3.228164918120056788e-05 9.999999991813333100e-01 2.439730551904612134e-05 -5.491887118559560590e-04 -4.319432911246837755e-05 -2.439869989317809397e-05 9.999999987694766501e-01 2.225536051711819469e-03
9.999999990692542973e-01 -2.783156962359427671e-05 3.296809233038606009e-05 3.808110063321439205e-03 2.783085538430572103e-05 9.999999993780395169e-01 2.166482290529926272e-05 9.214324426886836943e-04 -3.296869527590827838e-05 -2.166390535492487861e-05 9.999999992218702172e-01 8.632647185634516676e-04
9.999999994128151437e-01 -2.338237190866009882e-05 -2.505263092778510438e-05 -5.893232366174132666e-04 2.338274845867457534e-05 9.999999996136704761e-01 1.503017063823953256e-05 -1.760811958154552374e-04 2.505227947706681801e-05 -1.503075642878125752e-05 9.999999995732298252e-01 -2.634184135532309685e-03
9.999999993329787840e-01 -2.860806189133219922e-05 -2.270729394134548800e-05 -2.482670128592588156e-03 2.860809185087290009e-05 9.999999995899185867e-01 1.319055903833165769e-06 -4.284814656576665937e-03 2.270725619640071114e-05 -1.319705515304086138e-06 9.999999997413194786e-01 -1.212687568569414259e-03
9.999999992947371519e-01 2.887273108434636895e-05 -2.401855515104951621e-05 -1.416417293799999803e-02 -2.887332175511772361e-05 9.999999992807754312e-01 -2.459228585317497015e-05 -2.043454702047554743e-03 2.401784508731859239e-05 2.459297933130191678e-05 9.999999994091642863e-01 3.544894462604049508e-03
9.999999719611313287e-01 -1.292227075141708095e-05 -2.364545440284323121e-04 -4.945940894258134268e-02 1.288443602796886527e-05 9.999999871155128561e-01 -1.600092667783233286e-04 2.189347759310944757e-03 2.364566086649048417e-04 1.600062157083984623e-04 9.999999592431407791e-01 -8.097321258550074785e-04
9.999995593967434537e-01 -1.105447262221868421e-05 -9.386608107658495461e-04 -3.025782078484987037e-03 1.093655271569955872e-05 9.999999920486564164e-01 -1.256307240586140926e-04 -7.057773795021001113e-03 9.386621920836345266e-04 1.256204029918688589e-04 9.999995515663011592e-01 -2.888678628518572683e-03
9.999982267698456218e-01 4.736473625400932697e-06 -1.883198006117172731e-03 4.450953920425095023e-02 -3.753876443243521505e-06 9.999998638690472674e-01 5.217737012634193023e-04 -8.281728413065951588e-03 1.883200221123008597e-03 -5.217657067459253355e-04 9.999980906569143624e-01 -6.938967521046907755e-03
9.999977290579271649e-01 1.657973915151267949e-05 -2.131103962904274188e-03 5.888276414272706344e-02 -1.539156102345551135e-05 9.999998444470078462e-01 5.575563290461583348e-04 -2.635332150209269281e-03 2.131112875543173663e-03 -5.575222618513403809e-04 9.999975737604762660e-01 -7.910599038346448342e-03
9.999973850515625484e-01 -2.318110456833132320e-05 -2.286777792734634267e-03 1.060094828638352138e-01 2.226235892030620044e-05 9.999999190350211675e-01 -4.017889228272643483e-04 -5.597203872443418105e-03 2.286786921496752889e-03 4.017369631019555311e-04 9.999973046028615142e-01 -9.479146589905295545e-03
9.999747233171291105e-01 -2.214178941990370387e-05 -7.110009604224222339e-03 1.918751754647550767e-01 3.593027467286061103e-05 9.999981191349451848e-01 1.939184258249801365e-03 -1.336584898691934101e-02 7.109953294246125315e-03 -1.939390706702283970e-03 9.999728432951768831e-01 -2.557987784862897178e-03
9.998930821106468692e-01 5.724661051425552431e-05 -1.462262186124003299e-02 3.808386926922437410e-01 -2.399840854769274615e-05 9.999974143607757160e-01 2.273916409943408171e-03 -1.717647614791252900e-02 1.462271422642244870e-02 -2.273322367946827016e-03 9.998904981217011656e-01 9.387796361461685571e-04
9.998772051183779652e-01 4.078503254095074116e-04 -1.566551444330068626e-02 5.897304229609889870e-01 -3.983472180268693582e-04 9.999997347673660331e-01 6.097414956576121918e-04 -4.946477922002368022e-03 1.566575897156245040e-02 -6.034263084253841964e-04 9.998771023843556760e-01 3.477938300893374662e-02
9.999136810661315433e-01 1.063386163168455675e-03 -1.309578659899898918e-02 7.742501005592491437e-01 -1.070910554422882608e-03 9.999992655090403915e-01 -5.675667046370578292e-04 1.767045627588582739e-03 1.309517343768173796e-02 5.815421289715520759e-04 9.999140854300380132e-01 3.315344157064120667e-02
9.999352837757649048e-01 1.800245601923867317e-03 -1.123331545240652436e-02 9.439402311043576521e-01 -1.805148320003046106e-03 9.999982798437174747e-01 -4.263204767814314988e-04 -7.220120287662362690e-03 1.123252864778503772e-02 4.465706874468359762e-04 9.999368134411282805e-01 3.578246938756930035e-03
9.999290827789016900e-01 2.048841275241764306e-03 -1.173165215871977210e-02 1.187717593818694350e+00 -2.039830573801739051e-03 9.999976153569920534e-01 7.799817687236741378e-04 -6.523929819997479132e-03 1.173322224175917666e-02 -7.559958718295652210e-04 9.999308775940801697e-01 -4.216463660275171499e-03
9.999075778858954600e-01 2.241761200010958851e-03 -1.340933231313415179e-02 1.488069137401268005e+00 -2.226618137989680533e-03 9.999968665806617807e-01 1.144115608498407930e-03 -2.329140661459244092e-03 1.341185513005242920e-02 -1.114152404368334804e-03 9.999094363023034449e-01 1.169749364768419772e-02
9.998951293756195291e-01 3.031513268184367078e-03 -1.416122092963294915e-02 1.789408597762212727e+00 -3.024135365533690400e-03 9.999952802044522748e-01 5.423781981801303366e-04 -2.462289568595692549e-04 1.416279831826961280e-02 -4.994958696073980003e-04 9.998995777815251618e-01 2.794999299653408778e-02
9.999002848204102678e-01 4.157908345563945604e-03 -1.349563685982815495e-02 2.133199001816371787e+00 -4.162290594420584716e-03 9.999912936316426304e-01 -2.966444359570444863e-04 -1.125915991705804834e-03 1.349428594146650714e-02 3.527876183712172638e-04 9.999088857430091792e-01 2.685467641873199099e-02
9.999060923351076324e-01 4.934090756350591883e-03 -1.278519689106167971e-02 2.474557156253814671e+00 -4.944186189913929788e-03 9.999874900514471587e-01 -7.581316023176038832e-04 -6.010353446691749958e-03 1.278129625877524010e-02 8.212728018532668975e-04 9.999179786247122115e-01 1.354961849233483201e-02
9.999088711207582136e-01 5.281099052217384099e-03 -1.242414772978579426e-02 2.844036776253210164e+00 -5.295510353180666804e-03 9.999853432396884623e-01 -1.127331318605886762e-03 -1.958484200636096198e-03 1.241801208367221757e-02 1.193020789098814651e-03 9.999221818108079418e-01 1.458032511124414572e-02
9.999059723902558039e-01 6.142084728816021334e-03 -1.226055355524335172e-02 3.204561536710807346e+00 -6.161607652359255526e-03 9.999798077717643174e-01 -1.555197699212727781e-03 -1.547818571243934557e-02 1.225075383130904555e-02 1.630596188298539086e-03 9.999236271769136319e-01 3.431192212600489566e-02
9.999008330979016757e-01 6.783984634035802007e-03 -1.234105030405868372e-02 3.616860415311047294e+00 -6.811632220792893273e-03 9.999743812921507713e-01 -2.199642213838775597e-03 -1.413669627831229750e-02 1.232581180331733181e-02 2.283486778024256501e-03 9.999214269388989607e-01 3.684860974143083778e-02
9.998965533769074154e-01 7.285028251371550995e-03 -1.240205258649211204e-02 4.069426561385263597e+00 -7.315445726094034137e-03 9.999703399988054686e-01 -2.409019821838193510e-03 -1.720439469328405649e-02 1.238413496413737561e-02 2.499497159461308137e-03 9.999201896727257788e-01 3.214854866345587259e-02
9.998926005935095951e-01 7.431211406072988669e-03 -1.263187932916552680e-02 4.511533629222862274e+00 -7.467778676129149633e-03 9.999680539797021206e-01 -2.850140644221741196e-03 -1.380839097031999127e-02 1.261029579322782423e-02 2.944166619901916054e-03 9.999161526462714278e-01 2.278597460453185564e-02
9.998923745259576945e-01 6.865805284004739863e-03 -1.296534159380242912e-02 4.969830160487785697e+00 -6.908299247990340626e-03 9.999709028307468550e-01 -3.235566930428571478e-03 -1.952690708116527202e-02 1.294274956653596043e-02 3.324787160586291715e-03 9.999107115257815925e-01 3.799951410230451021e-02
9.999038936198093586e-01 4.904350618211771734e-03 -1.296729998722456062e-02 5.453939974742288754e+00 -4.951348494583149989e-03 9.999812808893907556e-01 -3.594720976465016517e-03 -3.672839338980163348e-02 1.294942747885857032e-02 3.658581122114725609e-03 9.999094594572763839e-01 5.936235113287645360e-02
9.999292213726457268e-01 1.574073128230514150e-03 -1.179298685157721162e-02 5.961496043296399705e+00 -1.626075748240509095e-03 9.999889920144768851e-01 -4.401332472258820579e-03 -3.695286341508970118e-02 1.178592901537568564e-02 4.420197241906572740e-03 9.999207737283924979e-01 6.883604273190897793e-02
9.999487500382174821e-01 -2.140214001481430088e-03 -9.895290851423368603e-03 6.476319639740265366e+00 2.088004026903044104e-03 9.999838619419849639e-01 -5.283568375327287250e-03 -2.655466474359954171e-02 9.906439127660192703e-03 5.262636185504827868e-03 9.999370815827308689e-01 5.612190351285849255e-02
9.999440741032802338e-01 -6.952132974918231838e-03 -7.969724765173977210e-03 6.961724858923568959e+00 6.905023908306876478e-03 9.999586163819275120e-01 -5.923357862465138991e-03 -1.861690609342629352e-02 8.010574920646038044e-03 5.867995453318936190e-03 9.999506974440293128e-01 5.794529274081562653e-02
9.998666632238700780e-01 -1.388162625134390336e-02 -8.599780589181644022e-03 7.465752491270266411e+00 1.383804804508077628e-02 9.998912110862288039e-01 -5.106311664668615816e-03 -7.371456200993165876e-03 8.669728938444485125e-03 4.986626628563086208e-03 9.999499834266718512e-01 6.398633720236181210e-02
9.996964809565398458e-01 -2.238108582871155619e-02 -1.029723070725131924e-02 7.981868824619208880e+00 2.233193190215359766e-02 9.997387790639128413e-01 -4.863995612085036599e-03 1.652559588788773612e-02 1.040340235827141684e-02 4.632562241854360982e-03 9.999351521906044704e-01 7.103602751627602352e-02
9.994347667160280446e-01 -3.143827804817563021e-02 -1.190721431084144563e-02 8.502175236807103076e+00 3.138658311787176358e-02 9.994971726996371153e-01 -4.503794579760905283e-03 3.607679568042273383e-02 1.204281858468507146e-02 4.127522113490714011e-03 9.999189637574331657e-01 8.429746573191554404e-02
9.990379544966807579e-01 -4.218173968617849878e-02 -1.199442837885367902e-02 9.027107149808236031e+00 4.212939172844108737e-02 9.991016464506174977e-01 -4.584147931389973181e-03 6.690447077763053696e-02 1.217702047627154671e-02 4.074419800754572156e-03 9.999175562393169958e-01 9.397264391496257252e-02
9.984130035374303436e-01 -5.543299022803680615e-02 -9.932671430459021414e-03 9.577933237735026140e+00 5.537410337671517385e-02 9.984469893115893724e-01 -6.108863220590437376e-03 9.118119110886180323e-02 1.025587844077444945e-02 5.549155701671856095e-03 9.999320096028563309e-01 7.715482410962393178e-02
9.973672833092935841e-01 -7.200823749636829640e-02 -8.562471425118454646e-03 1.013314858658974593e+01 7.194949541441279794e-02 9.973838415357176856e-01 -6.981601038854434033e-03 1.482705067723318892e-01 9.042803428735176133e-03 6.347154962733988701e-03 9.999389688026105727e-01 8.673647998132683057e-02
9.958006502503047308e-01 -9.111606094827809366e-02 -8.884165596153216493e-03 1.068497227677520023e+01 9.106464727425583883e-02 9.958267250326413578e-01 -6.030234454760686341e-03 2.160939083846914466e-01 9.396540740377302969e-03 5.195877984872712685e-03 9.999423522754102844e-01 1.114547677262388153e-01
9.936058318333895745e-01 -1.125248057301362764e-01 -9.253055823509416522e-03 1.124807631744317504e+01 1.124865938689779826e-01 9.936428115201947353e-01 -4.552945639726525308e-03 3.012035722946121985e-01 9.706551727235307458e-03 3.482988607186592901e-03 9.999468244081425317e-01 1.361310533434079428e-01
9.907219405684413172e-01 -1.355237635348147673e-01 -1.016592315834404306e-02 1.182212673350796805e+01 1.354811329979905832e-01 9.907684236118574628e-01 -4.774240804128969048e-03 3.892995234457779508e-01 1.071909874394883985e-02 3.352654326744726812e-03 9.999369283265233666e-01 1.312020025309148519e-01
9.871407675750183408e-01 -1.593607211252756339e-01 -1.254055636069366549e-02 1.239215026685179488e+01 1.593013222426982456e-01 9.872140835898207678e-01 -5.607307164609711021e-03 4.849753344915619380e-01 1.327379836865182246e-02 3.537474288584149286e-03 9.999056418245303446e-01 1.342526739769009103e-01
9.829293693479882466e-01 -1.834706123117234022e-01 -1.372549784625003155e-02 1.297825058400527709e+01 1.834030003051423940e-01 9.830192364951236828e-01 -6.043191178185437600e-03 6.002709698994342924e-01 1.460117639911465842e-02 3.422732607939112624e-03 9.998875389508844469e-01 1.332387279746626296e-01
9.777768323162907560e-01 -2.093011459280021691e-01 -1.206219294927180115e-02 1.359854620490357391e+01 2.092472319061789710e-01 9.778468214305416906e-01 -5.584779117217910510e-03 7.565998432012051023e-01 1.296387770391580797e-02 2.936687149066145603e-03 9.999116529691343125e-01 1.490885637743486480e-01
9.711956310021291339e-01 -2.380879218584467938e-01 -9.653382179444426614e-03 1.418680371199856260e+01 2.380476778479099775e-01 9.712398696594052305e-01 -5.139908092492644076e-03 9.308050646792860316e-01 1.059949968602101611e-02 2.693891071986202063e-03 9.999401949903296005e-01 1.590833364652817217e-01
9.629364814394745231e-01 -2.696178756914877073e-01 -7.715816261030046010e-03 1.474382891080326274e+01 2.695850025748128265e-01 9.629633924172295023e-01 -5.042940713413479430e-03 1.105386469905095037e+00 8.789715564378174431e-03 2.775963240085682453e-03 9.999575165617722305e-01 1.755396586686203686e-01
9.526535499175177168e-01 -3.039827433383898714e-01 -6.760590360182820550e-03 1.531764502040701004e+01 3.039550091771163198e-01 9.526741266230114302e-01 -4.833307275725682098e-03 1.298768469677904935e+00 7.909881521915611974e-03 2.549552029090144858e-03 9.999654661830879032e-01 1.862717909855252096e-01
9.401122604690935747e-01 -3.407933806651328723e-01 -6.986373202242651161e-03 1.590629400893279133e+01 3.407670498089593325e-01 9.401360077489590017e-01 -4.701563393977495342e-03 1.528112912570364967e+00 8.170402694445742450e-03 2.039271605058326844e-03 9.999645423169420955e-01 1.988807873307717466e-01
9.252320261842656990e-01 -3.793280246480371098e-01 -7.479802108108469030e-03 1.647737502628803696e+01 3.793146049715720447e-01 9.252622525749373272e-01 -3.192869432509557338e-03 1.797934045840629658e+00 8.131923402156156569e-03 1.169468724799278651e-04 9.999669285257439810e-01 2.204601573235490664e-01
9.078522240107214092e-01 -4.192382531053418515e-01 -6.605035349505819671e-03 1.703970189322366835e+01 4.192334464162243424e-01 9.078758938299421599e-01 -2.163055352597088345e-03 2.085794839301599257e+00 6.903387919103922722e-03 -8.053171207607535574e-04 9.999758470581043834e-01 1.977323046902697001e-01
8.871238749832611736e-01 -4.615148440835115662e-01 -3.908852165954340534e-03 1.759146473560941004e+01 4.615142526861821248e-01 8.871321048841607215e-01 -1.105916503757730382e-03 2.389903972958858258e+00 3.978065132465216126e-03 -8.229060520096836539e-04 9.999917488776751684e-01 1.848307460437875749e-01
8.626370348596514859e-01 -5.058233108883311013e-01 -3.524918655870066088e-04 1.810626468184684867e+01 5.058233429101298695e-01 8.626362530064731748e-01 1.200319196368757014e-03 2.725110376775861099e+00 -3.030771678848286641e-04 -1.213738406240512163e-03 9.999992174913495679e-01 2.096546615055635554e-01
8.351296831581759283e-01 -5.500310068014221399e-01 4.929895043373207913e-03 1.859652071472848789e+01 5.499833472308558457e-01 8.351329704346779348e-01 8.440347249681659850e-03 3.080590024549019645e+00 -8.759570586999479783e-03 -4.337424346920424126e-03 9.999522271954626174e-01 2.243065194132272955e-01
8.049287037061348959e-01 -5.933388644734575168e-01 6.226865608738974857e-03 1.907026636167466904e+01 5.932060281354313291e-01 8.049077164806657247e-01 1.517155673179345493e-02 3.469310343870166236e+00 -1.401392642149905041e-02 -8.518207277833429736e-03 9.998655159625341460e-01 2.339056993384516225e-01
7.720230741473895764e-01 -6.355827331002255054e-01 3.868122136351007621e-03 1.953693912149496725e+01 6.354740436498507172e-01 7.719809437366469407e-01 1.477032006368628192e-02 3.888310773838183465e+00 -1.237387697215168794e-02 -8.944936686389477060e-03 9.998834308439932261e-01 2.216846258358445287e-01
7.376047299952284142e-01 -6.752316058323266645e-01 -1.241279083718942449e-03 1.998879138117717602e+01 6.751925354919754430e-01 7.375394962624530759e-01 1.226912665369555427e-02 4.316763210688271180e+00 -7.369009742407860164e-03 -9.887868224465717892e-03 9.999239609877302870e-01 2.202739097844441940e-01
7.021059135270683038e-01 -7.120266674775403981e-01 -8.081521586253330100e-03 2.042788786559800229e+01 7.120549205864961095e-01 7.019635201382263823e-01 1.500021545540615106e-02 4.782812806160901431e+00 -5.007620081398484260e-03 -1.628622718673845490e-02 9.998548307355135112e-01 2.403863761029148005e-01
6.651218660202246058e-01 -7.466556161354042098e-01 -1.087631533353045944e-02 2.084522479107410575e+01 7.467228787233665122e-01 6.649582713941823986e-01 1.534404430224913830e-02 5.290138560084870711e+00 -4.224421009182315404e-03 -1.832725287436589787e-02 9.998231173908793679e-01 1.658197416045571471e-01
6.263034830601859060e-01 -7.795655269533140475e-01 -4.640721138079983640e-03 2.123577062345792754e+01 7.795770381964627349e-01 6.262760715518334020e-01 6.158223642741587379e-03 5.808445130826046743e+00 -1.894366255625916677e-03 -7.474716556832753690e-03 9.999702695524925744e-01 1.101531008622434193e-01
5.864447983533995767e-01 -8.099875797779184650e-01 1.618360204282279355e-03 2.158332590444940635e+01 8.099878458792776348e-01 5.864462986482843476e-01 6.544689259818199309e-04 6.320640831026596906e+00 -1.479193053076891798e-03 9.270421983973765358e-04 9.999984762891762635e-01 2.522545078875182423e-01
5.471503988683100728e-01 -8.370342850568637250e-01 -2.160036909051045971e-04 2.189474751901831695e+01 8.370325327950720595e-01 5.471486848023185967e-01 2.203579306494027855e-03 6.845095667860953803e+00 -1.726285293986153059e-03 -1.386491412977545285e-03 9.999975487873185021e-01 3.468722359908468222e-01
5.095111848858817627e-01 -8.604147786973671552e-01 -9.206577830317008368e-03 2.220835620328064763e+01 8.604639148701399565e-01 5.094763375615536383e-01 5.976007966723479239e-03 7.403772873774201457e+00 -4.513120177167817548e-04 -1.096677090244396226e-02 9.999397613123682804e-01 2.357958986401104684e-01
4.740165369839788312e-01 -8.804048085154592140e-01 -1.398913180200245590e-02 2.251578592295589942e+01 8.805100342471303687e-01 4.740117245982863325e-01 3.868401927895738154e-03 8.004125263098487153e+00 3.225252832510034501e-03 -1.415125740759208724e-02 9.998946642811683549e-01 1.009101982231207367e-01
4.428336584648089325e-01 -8.965454704003821274e-01 -1.022596866953786807e-02 2.280805859585196771e+01 8.965903730723199239e-01 4.428606182780782108e-01 -4.191567683120090218e-04 8.597802946745563446e+00 4.904471909501590884e-03 -8.982888339264919614e-03 9.999476255646458922e-01 1.221723803838591915e-01
4.155936456275782787e-01 -9.095496451436444474e-01 -1.168217894719923841e-03 2.309584755849980553e+01 9.095481778119856031e-01 4.155951257768029095e-01 -1.674416155044104043e-03 9.218929985838959951e+00 2.008470282533988873e-03 -3.666737432573689316e-04 9.999979157965731558e-01 2.351502103796729304e-01
3.893993319091395566e-01 -9.210132217743705052e-01 1.013931089915749012e-02 2.338147367881459004e+01 9.210539669546156105e-01 3.894323280539438992e-01 1.432418811390497298e-03 9.880164731443214166e+00 -5.267852112730605184e-03 8.781069597685634345e-03 9.999475699009618967e-01 2.890288146616626364e-01
3.619773892854669661e-01 -9.320088432169096881e-01 1.821773343628779046e-02 2.363852696710864620e+01 9.320964556395666678e-01 3.621453454544369954e-01 6.851726048526614841e-03 1.055231222930850166e+01 -1.298333663720774821e-02 1.450051485860537337e-02 9.998105660766944958e-01 2.643363281141967169e-01
3.340569692651179645e-01 -9.423011392836815325e-01 2.178311708823913589e-02 2.385795362864187297e+01 9.423856967377863825e-01 3.343437790929597586e-01 1.111017398041777571e-02 1.120862845748230363e+01 -1.775217928709389020e-02 1.681666692641448427e-02 9.997009852171022670e-01 1.747731241790685952e-01
3.046565178350083558e-01 -9.521774972256674685e-01 2.328991021260545455e-02 2.406713168495965860e+01 9.522675818079512355e-01 3.049975626901373360e-01 1.276477147121967207e-02 1.186731605844593851e+01 -1.925769400224034908e-02 1.828935565130066637e-02 9.996472581323755380e-01 1.548793388271365867e-01
2.739553816920701212e-01 -9.613599971926795051e-01 2.711834507567419811e-02 2.427085545621054763e+01 9.615200177547637006e-01 2.743894722227459004e-01 1.377218175170093033e-02 1.255850197918053013e+01 -2.068101300302082474e-02 2.230186833012227227e-02 9.995373541644928528e-01 1.663191470532712768e-01
2.438682483523751943e-01 -9.691574307499183361e-01 3.552677677135385875e-02 2.445731631852837751e+01 9.695396050408501276e-01 2.444994052743294510e-01 1.459435088421810224e-02 1.324481572064095225e+01 -2.283049939832149794e-02 3.088551833329866020e-02 9.992621543191290145e-01 1.920779701880585000e-01
2.136108141424064577e-01 -9.759566430528077152e-01 4.334802143711306149e-02 2.458826781517284843e+01 9.766122584334226975e-01 2.144450186996015306e-01 1.555090455558678919e-02 1.395209402109532526e+01 -2.447277587417753114e-02 3.901236773154966725e-02 9.989389963381100079e-01 1.955442702965899948e-01
1.821367568331907494e-01 -9.821999201554929559e-01 4.592949658803513469e-02 2.470878836304562043e+01 9.829882986179838689e-01 1.830096195836340423e-01 1.553975289297463390e-02 1.467417105179851688e+01 -2.366868374895990390e-02 4.231779751353756391e-02 9.988238069966068888e-01 1.600297188117573433e-01
1.497993544358385831e-01 -9.878075154792641532e-01 4.238473514473503623e-02 2.480990518047957849e+01 9.885309873230306854e-01 1.504637859528686894e-01 1.292811737583749246e-02 1.539579438271556100e+01 -1.914785922133678889e-02 3.996200044307887667e-02 9.990177165635388823e-01 1.259440360304528439e-01
1.171618893270505168e-01 -9.923978789182332783e-01 3.767680464035449289e-02 2.490002443992178627e+01 9.930033862817460033e-01 1.176278550058270644e-01 1.039050334264975638e-02 1.614828905737995157e+01 -1.474335519145692115e-02 3.619582358946393102e-02 9.992359560345989156e-01 1.308828354025584895e-01
8.438416814465210525e-02 -9.956996541322158389e-01 3.822971262671310405e-02 2.498244324485995094e+01 9.963150826394753246e-01 8.490300186512611536e-02 1.215468549104018088e-02 1.690156832204728943e+01 -1.534823350196363317e-02 3.706317627074575544e-02 9.991950523762078706e-01 1.481822692517438533e-01
5.141020371849103210e-02 -9.976619007246301241e-01 4.503024312771859716e-02 2.501648836480827853e+01 9.985166186698435364e-01 5.215925432152812569e-02 1.561968081506415543e-02 1.765764936635999405e+01 -1.793190435412786790e-02 4.416043513305027701e-02 9.988635055777611571e-01 1.209113154192327649e-01
1.816128589460219711e-02 -9.985005592440618916e-01 5.164107748633921940e-02 2.498928125782149579e+01 9.996482927787571082e-01 1.913195416360302659e-02 1.836461473590025872e-02 1.840877842634447958e+01 -1.932507281152586603e-02 5.128938992791159945e-02 9.984968402762484097e-01 9.999634395668684228e-02
-1.478480520040159618e-02 -9.984554263642010374e-01 5.355530878510353365e-02 2.496299195741100618e+01 9.997620678160926699e-01 -1.390257581576670454e-02 1.680851396696483868e-02 1.917792424931665352e+01 -1.603799523871281274e-02 5.379107685823425467e-02 9.984234085592917918e-01 9.598969554972078266e-02
-4.593755463966253672e-02 -9.975171759896742651e-01 5.337812922268225790e-02 2.494189420377781374e+01 9.988726984469863401e-01 -4.522881406283030259e-02 1.441133844256480001e-02 1.991559915851147267e+01 -1.196132814382425136e-02 5.397997762184854331e-02 9.984703744453214957e-01 9.949305794379165180e-02
-7.520576659487110405e-02 -9.960481041557417425e-01 4.724687162797466117e-02 2.489529962332722235e+01 9.971157665759849964e-01 -7.463223775223881695e-02 1.379047256909912353e-02 2.069388298875411891e+01 -1.020983430147443666e-02 4.814772368290974602e-02 9.987880435746568919e-01 1.013185114094996148e-01
-1.026904609671168700e-01 -9.938397201451754093e-01 4.168068963105119040e-02 2.481130406448503578e+01 9.946272688541411000e-01 -1.020401078891857161e-01 1.744741911330139131e-02 2.148961260600859902e+01 -1.308683606197091030e-02 4.324843400312097796e-02 9.989786322430349585e-01 7.006946685821076326e-02
-1.282118891264845129e-01 -9.908977329995841687e-01 4.102918745116760496e-02 2.470267826688248647e+01 9.915572069730403948e-01 -1.272687336755484733e-01 2.483897599430117190e-02 2.227424150926960067e+01 -1.939115227213731446e-02 4.386743854964982037e-02 9.988491533002625822e-01 3.301222095125988520e-02
-1.507561109769022245e-01 -9.877100208194119491e-01 4.124936091670816651e-02 2.455087526570537548e+01 9.882623468402759181e-01 -1.495352014236224214e-01 3.125311749165343711e-02 2.302482291481956622e+01 -2.470078583507689940e-02 4.547678867415343162e-02 9.986599685934227644e-01 5.440695900137706292e-02
-1.684180355163804599e-01 -9.848267719307894907e-01 4.185205611656089147e-02 2.442235340829331136e+01 9.854699411042864288e-01 -1.672762383756123405e-01 2.945598843732040450e-02 2.377345785056774119e+01 -2.200819149129357860e-02 4.620486298308726369e-02 9.986895163883501292e-01 8.145644737915536115e-02
-1.819824965950427309e-01 -9.824328795237218248e-01 4.132805540747521572e-02 2.427912372539485730e+01 9.831971884098176240e-01 -1.811893710310481520e-01 2.221937281749169699e-02 2.454573468584981910e+01 -1.434083805308274291e-02 4.467716481717795562e-02 9.988985390458001712e-01 5.993864242896870809e-02
-1.924835179935271423e-01 -9.805720709369617483e-01 3.779562142938884539e-02 2.412267832984573346e+01 9.812669375560573171e-01 -1.920170186497931475e-01 1.564166897110950971e-02 2.532012587507420065e+01 -8.080381191023789864e-03 4.009835716389383714e-02 9.991630643656542743e-01 1.547540999455213062e-03
-2.013475092986571902e-01 -9.788995955533903448e-01 3.485344064272846709e-02 2.395240242026244104e+01 9.794874659786696469e-01 -2.009239133762150686e-01 1.529329997978786000e-02 2.609722443137225412e+01 -7.967715476328383201e-03 3.721777611567157057e-02 9.992754138129747998e-01 -4.459379398737933764e-02
-2.093224903531347714e-01 -9.772439148822158472e-01 3.432820790606462558e-02 2.378783650712793829e+01 9.777665186217383564e-01 -2.087268634264582978e-01 2.014277901577280622e-02 2.688553898260290254e+01 -1.251918905869695182e-02 3.778130900105047124e-02 9.992076073546877213e-01 -4.083863481535662809e-02
-2.157212438185138748e-01 -9.759071517524038342e-01 3.270437469061498320e-02 2.361684256273844795e+01 9.762953830977225689e-01 -2.149594250021202857e-01 2.529368586879286729e-02 2.768017872545060243e+01 -1.765417535498518126e-02 3.738551539391618550e-02 9.991449611198900405e-01 2.534195728740321757e-02
-2.188239191779075554e-01 -9.752833313445270491e-01 3.063520845598984368e-02 2.342639374776863193e+01 9.755812373192573883e-01 -2.180667591087719348e-01 2.623238384942349136e-02 2.846198825495746476e+01 -1.890348608715476317e-02 3.562740761433803860e-02 9.991863420005472340e-01 5.860786466316889043e-02
-2.193778375689643401e-01 -9.752323854628381916e-01 2.819855897076557413e-02 2.324538855583821118e+01 9.755040441208562285e-01 -2.187731837543627211e-01 2.302507272159319551e-02 2.925494853774280557e+01 -1.628570807241512194e-02 3.255899897789352876e-02 9.993371239467377931e-01 3.709471388069007780e-02
-2.182294227415313426e-01 -9.755718649776252693e-01 2.520823900982967214e-02 2.307081937564797158e+01 9.758016070152959465e-01 -2.177730773209243242e-01 1.964969568571391795e-02 3.004183022561960570e+01 -1.368001448334274679e-02 2.888638188235756465e-02 9.994890865564677318e-01 -1.835870094588825524e-02
-2.170896144652429971e-01 -9.758611058220926227e-01 2.381599116171024405e-02 2.287928797200920883e+01 9.760671875794090235e-01 -2.166852098586007358e-01 1.844898803069564691e-02 3.084168447951596903e+01 -1.284307681806744206e-02 2.725109121148418245e-02 9.995461136964259863e-01 -4.463858856561864208e-02
-2.158721586111882473e-01 -9.761309662931494380e-01 2.382326132477254055e-02 2.269864513507435433e+01 9.763145085901629994e-01 -2.154228101926451977e-01 2.007468966266306304e-02 3.164123384203634259e+01 -1.446345231591412983e-02 2.759256226423911773e-02 9.995146117265116814e-01 -4.213941955157868291e-02
-2.140997245504949742e-01 -9.764880833916316227e-01 2.514619139233097850e-02 2.252776878120089421e+01 9.766739555960317620e-01 -2.135660887272348152e-01 2.230493681118964414e-02 3.243762769439289428e+01 -1.641013125488344215e-02 2.933511104271468647e-02 9.994349197683204400e-01 -4.937675161196465601e-02
-2.122467181604947850e-01 -9.768709733742071410e-01 2.596982882171786078e-02 2.235675074609398649e+01 9.770636191371531165e-01 -2.116691775894479211e-01 2.329900034798688610e-02 3.323267224397141462e+01 -1.726310483975217885e-02 3.031931129720042903e-02 9.993911769541270473e-01 -4.590320396023726823e-02
-2.119809771594873826e-01 -9.769395129993738713e-01 2.555881967258757936e-02 2.217589278575074019e+01 9.771381956611835395e-01 -2.114434128640652055e-01 2.219526382820743993e-02 3.404546642954969116e+01 -1.627918617487246478e-02 2.967947265271780877e-02 9.994268942751842744e-01 -4.112427484188235782e-02
-2.125962709239050952e-01 -9.768303463974687961e-01 2.460284427156423509e-02 2.198054233478129049e+01 9.770260673683217600e-01 -2.121193697065102413e-01 2.062611640868734081e-02 3.485396467914353735e+01 -1.492947661646094361e-02 2.842265561685093644e-02 9.994844988170874522e-01 -4.516848013872719336e-02
-2.130832270648810312e-01 -9.767470112898755108e-01 2.368151768599784449e-02 2.181204788163336161e+01 9.769312094023652193e-01 -2.126465339267118448e-01 1.966885112526482390e-02 3.568403873619957523e+01 -1.417569889805635544e-02 2.732631598389552094e-02 9.995260486928292387e-01 -6.456487618148641638e-02
-2.133535872343410578e-01 -9.766868934828863980e-01 2.372675521405263194e-02 2.163425754166543058e+01 9.768692989162265361e-01 -2.129102522161108180e-01 1.988962886009358610e-02 3.649736265557994130e+01 -1.437427038699850418e-02 2.742146239756915876e-02 9.995206069665698578e-01 -8.605087051139784227e-02
-2.129927574405574564e-01 -9.767246555914412820e-01 2.535808426614334643e-02 2.145406944972452479e+01 9.769374589916903773e-01 -2.124951953595244358e-01 2.095216380179424492e-02 3.731201017453604862e+01 -1.507602390312553359e-02 2.923592155035362183e-02 9.994588407705311539e-01 -9.907358455204402781e-02
-2.125642875888711369e-01 -9.767847036773140701e-01 2.660951528791997284e-02 2.128415492420016619e+01 9.770289587568294909e-01 -2.120363512500960113e-01 2.133071726623274322e-02 3.814143035252025271e+01 -1.519333381393752659e-02 3.053241573423676886e-02 9.994182979098641395e-01 -1.056261375271521363e-01
-2.124307634019682034e-01 -9.768390889845190994e-01 2.566252116125307403e-02 2.110602440705632432e+01 9.770664344533170897e-01 -2.119401819740753812e-01 2.055582470925348612e-02 3.898493284567984318e+01 -1.464081367748310512e-02 2.944067758545209842e-02 9.994593003610355852e-01 -8.519667242665239504e-02
-2.131330837373774933e-01 -9.767065081725371245e-01 2.487338959622252543e-02 2.091619501853486796e+01 9.769326898421205607e-01 -2.126977923361934586e-01 1.903072918067611266e-02 3.983276260122420354e+01 -1.329692199100079679e-02 2.835570539977709179e-02 9.995094526000473101e-01 -7.849785946616555377e-02
-2.134542654681903517e-01 -9.766393370029179399e-01 2.475645313724229163e-02 2.073912936397861273e+01 9.768791123691719092e-01 -2.130577960024337969e-01 1.770805973009479534e-02 4.064815150579155301e+01 -1.201983237214947903e-02 2.796392284867246780e-02 9.995366639841977152e-01 -8.453720341184696452e-02
-2.133667040357896116e-01 -9.766381868715765524e-01 2.554410994932039547e-02 2.056051613859603577e+01 9.769272676498119701e-01 -2.130332374491983316e-01 1.516421657013365155e-02 4.146811035256884281e+01 -9.368208536121240548e-03 2.819027644619027939e-02 9.995586751075251630e-01 -8.634162099042555494e-02
-2.133368304446154884e-01 -9.765919877842036412e-01 2.748610870136652257e-02 2.038225849361501929e+01 9.769552724876154892e-01 -2.130524015700896445e-01 1.292554617284365388e-02 4.232038755037654454e+01 -6.767003361491214300e-03 2.961019386824774446e-02 9.995386156045149573e-01 -8.646462841920453390e-02
-2.133395795918637816e-01 -9.765293443533236140e-01 2.960850209711941156e-02 2.019805810268172408e+01 9.769610758144948726e-01 -2.130589137936673705e-01 1.236752183939768095e-02 4.316402212532542393e+01 -5.768892697232652980e-03 3.156483597186778706e-02 9.994850579208860442e-01 -8.379918623889287543e-02
-2.130985518126524703e-01 -9.766302813624742063e-01 2.796963963307891321e-02 2.002447740164374679e+01 9.770041574569391374e-01 -2.127943763471145111e-01 1.346958451099091944e-02 4.398658093708154837e+01 -7.203022088430120762e-03 3.019680315690078179e-02 9.995180186229245534e-01 -8.291951245541934190e-02
-2.129652882191410690e-01 -9.767045686609646671e-01 2.634334015528830286e-02 1.983682382630860275e+01 9.770123328286896003e-01 -2.126118645320260736e-01 1.559155415144702385e-02 4.480604598112198289e+01 -9.627435503825896093e-03 2.905822804326517461e-02 9.995313561207598285e-01 -7.573906547828643254e-02
-2.137756599687936632e-01 -9.764885705523804749e-01 2.774957270796784420e-02 1.963624609775044760e+01 9.768180862203188486e-01 -2.133483271597609310e-01 1.757605561566748589e-02 4.568119740535624373e+01 -1.124249250744918834e-02 3.086361739491628661e-02 9.994603761448075385e-01 -1.022790166908447568e-01
-2.141681920785383220e-01 -9.764412097987068551e-01 2.635430341800241993e-02 1.946598512269814307e+01 9.766886087215501666e-01 -2.136649632090197315e-01 2.065538889614790610e-02 4.655510601907888457e+01 -1.453778165241060953e-02 3.016367523572148837e-02 9.994392455776892614e-01 -1.005090386174883194e-01
-2.140914896404912948e-01 -9.764533351135988859e-01 2.652769136290874033e-02 1.928129218529925026e+01 9.766784215321324680e-01 -2.135310967169745666e-01 2.244396685857734733e-02 4.740432243349756192e+01 -1.625099926214562326e-02 3.071408602541192065e-02 9.993960926192404504e-01 -8.385260229358512674e-02
-2.139573537184995544e-01 -9.764783022396791301e-01 2.669037363715493980e-02 1.907782691694568200e+01 9.767411419269850237e-01 -2.134606022490777022e-01 2.028085192072913087e-02 4.821698409430734245e+01 -1.410646862068791821e-02 3.040882343292855908e-02 9.994379975768774571e-01 -9.076136734743506240e-02
-2.142678306044691894e-01 -9.764468362117290079e-01 2.531546602690150707e-02 1.888739433818624747e+01 9.767173027940990737e-01 -2.139016488892013790e-01 1.641325760173095727e-02 4.904654599149328220e+01 -1.061165353158551386e-02 2.824288679624609860e-02 9.995447624567596057e-01 -1.187870694271521144e-01
-2.146538755088127637e-01 -9.764109501466177177e-01 2.335316173082950184e-02 1.869343609633530434e+01 9.766511566251604437e-01 -2.143701846008754242e-01 1.406919389740927777e-02 4.989200148257332756e+01 -8.731093389914370423e-03 2.582789941063290406e-02 9.996282747202835939e-01 -1.448257590094702840e-01
-2.149706654127390149e-01 -9.764121514082794162e-01 2.017234726697155617e-02 1.850418434232560116e+01 9.765600967410760225e-01 -2.146817731708141608e-01 1.556000389764995717e-02 5.076910768759331916e+01 -1.086234160133472265e-02 2.304445379023094959e-02 9.996754286689484292e-01 -1.497199023441604104e-01
-2.146048989691129449e-01 -9.765652818446570738e-01 1.627844077675926621e-02 1.831916629480036818e+01 9.765830962638148982e-01 -2.142902971580524785e-01 1.910823476132650009e-02 5.161951903128711905e+01 -1.517212675392718563e-02 1.999797088654726648e-02 9.996848942192652077e-01 -1.255057986005149728e-01
-2.148041557990421069e-01 -9.765394502674374921e-01 1.516168601547094978e-02 1.812702305995446750e+01 9.765128984953929114e-01 -2.144797516532510606e-01 2.051816762983432046e-02 5.244722512254577396e+01 -1.678492548649076002e-02 1.921296963331439733e-02 9.996745110656178879e-01 -1.106173208143974851e-01
-2.152593919597798333e-01 -9.764407216106533172e-01 1.506357705102699153e-02 1.793294064487935557e+01 9.764426042971269259e-01 -2.149725878358759168e-01 1.861792127469738198e-02 5.327069415282908693e+01 -1.494104034363146448e-02 1.871640081888164067e-02 9.997131896968434184e-01 -1.252063125806160415e-01
