1.000000000000000000e+00 -1.123966364506625005e-19 0.000000000000000000e+00 0.000000000000000000e+00 0.000000000000000000e+00 1.000000000000000000e+00 0.000000000000000000e+00 0.000000000000000000e+00 0.000000000000000000e+00 0.000000000000000000e+00 1.000000000000000000e+00 0.000000000000000000e+00
9.999999979629047298e-01 -9.103384811801161893e-05 5.323018712958416397e-05 1.899425470341054023e-03 9.103406185609775464e-05 9.999999985353638099e-01 -3.721070555798336704e-05 -1.432706825577036158e-03 -5.322777506828281274e-05 3.721111869410582707e-05 9.999999997595204748e-01 -8.592055303591195070e-05
1.000000001729171251e+00 1.824401710097478746e-05 7.819754484027052592e-05 -1.407683695824113457e-03 -1.823923005653260709e-05 1.000000001121933657e+00 -8.354453345437161697e-05 -1.398396103050512235e-03 -7.819893766320818557e-05 8.353676722136175331e-05 9.999999953792321206e-01 1.631970738857901893e-05
1.000000005698215233e+00 3.611046728442301378e-05 1.995652590946779271e-05 -1.152065807877411530e-03 -3.611296890198689019e-05 1.000000005163818928e+00 -4.099423901529564775e-05 5.343026468905588688e-04 -1.995795740245023234e-05 4.099014532069343878e-05 1.000000002521952647e+00 -3.668164958825492761e-05
1.000000010454265009e+00 -2.726648446453654807e-05 -1.893905551657027982e-05 -7.352130773234932803e-04 2.726260447347399890e-05 1.000000011653087606e+00 1.762521988941098195e-05 1.421048629801437840e-03 1.894171151166747233e-05 -1.762604704473780579e-05 1.000000004798086373e+00 4.809178956979298647e-04
1.000000013016689060e+00 -4.030019412470671713e-06 6.391984310192412686e-05 -1.245238421425209907e-03 4.022200164214423390e-06 1.000000011831821745e+00 4.265030073121348444e-05 4.699529595340867782e-05 -6.391390197359922670e-05 -4.264757266098925326e-05 1.000000006313795931e+00 6.820897296673233967e-04
1.000000016197476249e+00 -1.586747758738167583e-05 1.719847663842567886e-05 3.736685350412827233e-04 1.586709286499708021e-05 1.000000016365378164e+00 -2.132826073620683896e-05 -3.483759873118205674e-05 -1.719306015825702736e-05 2.132852921586696004e-05 1.000000013958477485e+00 -1.703217083546260113e-04
1.000000006961221821e+00 -1.354046377440598387e-04 -4.159180973092230281e-05 -3.033391266186180601e-03 1.354017982422980534e-04 1.000000006759244275e+00 -4.929531262524883712e-05 1.138164367550827116e-04 4.160156332733131905e-05 4.928894516775898647e-05 1.000000012380686698e+00 -7.398059758492170346e-04
1.000000011704514025e+00 -1.212454878484381555e-04 -7.937000261257477245e-06 -4.275472417099468458e-03 1.212432830998300820e-04 1.000000007760915688e+00 -8.092815187644098395e-05 -1.561384057555958993e-04 7.951413628755301503e-06 8.092728815542576926e-05 1.000000012511451875e+00 1.559269222151105083e-04
1.000000007910838873e+00 5.133132355139310938e-05 1.510007879836834687e-04 -2.114537556999973589e-03 -5.132329111880683248e-05 1.000000016328998820e+00 -6.322464919146308189e-05 2.830369155457656410e-03 -1.509942116694693037e-04 6.321861569083768570e-05 1.000000002907173169e+00 1.359909533724001918e-03
1.000000017921975681e+00 6.138165726228644013e-05 5.346051270110316377e-05 -2.797688250543606259e-03 -6.138189604327094068e-05 1.000000017547979070e+00 -2.760679538485910390e-05 4.047714276029339142e-04 -5.345554091442837678e-05 2.760676799899440298e-05 1.000000015000181319e+00 3.922266164377852249e-04
1.000000021816639606e+00 4.050188231951699252e-05 -1.167575589117111364e-05 -3.957461913878246307e-03 -4.050522556634569143e-05 1.000000020202864937e+00 1.911912418855991557e-05 3.067965098603082919e-04 1.168190214684180916e-05 -1.911272530951265165e-05 1.000000018566205906e+00 3.743528024657827302e-04
1.000000024838284540e+00 -5.331919880910952433e-05 3.187830135494905366e-05 -1.326315263114219434e-03 5.331487054792589941e-05 1.000000023506942837e+00 -1.186377518943060224e-05 -1.203437389887266479e-03 -3.187323350929606463e-05 1.186726305057074295e-05 1.000000019421202424e+00 1.249529999061138597e-04
1.000000019724202049e+00 -1.059132913388007952e-04 7.222475327225978583e-05 5.555482874344264133e-04 1.059097901236136230e-04 1.000000019999724765e+00 -2.493816626844629444e-05 -1.012324772471342310e-03 -7.221702974687537640e-05 2.494604892025768447e-05 1.000000017786962569e+00 5.771229911064601481e-04
1.000000017928053264e+00 -1.550450919363787882e-04 1.779031765228752092e-05 3.660394831925817272e-04 1.550390363650048023e-04 1.000000014669011783e+00 -7.093301123360319630e-06 -1.025768328658582806e-03 -1.778546211838820984e-05 7.098400015930158468e-06 1.000000022162349511e+00 -3.782881285385730763e-04
1.000000030647310467e+00 -1.994697912259054296e-05 1.485951673646813682e-05 -2.637328814412143174e-03 1.994126563707905586e-05 1.000000026790754504e+00 -3.271323787446943370e-05 -7.034775852396354945e-04 -1.485504696613539015e-05 3.271517399524262622e-05 1.000000021764508196e+00 -8.047406008047097714e-04
1.000000020543548196e+00 -1.037707907670405841e-04 1.024572362360571631e-04 -3.232401027131182047e-03 1.037669130647600121e-04 1.000000022016521273e+00 -2.244389563573221329e-05 2.794553998116119237e-03 -1.024481229501475596e-04 2.245631530507942583e-05 1.000000017008421338e+00 7.016325488264918420e-04
1.000000033173731984e+00 -3.176407700836686280e-05 4.077427648369738654e-05 -3.256300942420020661e-03 3.175977804299907892e-05 1.000000028250446649e+00 -3.427315630684348773e-05 2.314282134501792487e-03 -4.076800438109897887e-05 3.427261028880774368e-05 1.000000022811260436e+00 4.655985516897054310e-04
1.000000027592949259e+00 -1.072238300546302813e-04 8.843844165478367727e-05 1.562178951075576805e-04 1.072220308118727178e-04 1.000000023916229885e+00 -5.321083693146866155e-05 -2.215483388147101995e-03 -8.842686138318534407e-05 5.321523102406080754e-05 1.000000020202972850e+00 1.781455515750263174e-04
1.000000019254585482e+00 -2.040533217156151595e-04 3.897467014362418996e-05 3.014843122274735165e-03 2.040482746298059522e-04 1.000000011964100821e+00 -4.817436689302903629e-05 -3.363355798287337439e-03 -3.896004951920155091e-05 4.818001148107951771e-05 1.000000024464743564e+00 -5.736320463989308394e-05
1.000000032064083832e+00 -1.267349642724344529e-04 -5.466255349086927303e-05 -9.506150795355328142e-04 1.267264766202464907e-04 1.000000026188742508e+00 -2.791758312328162240e-05 -7.176597688112497375e-04 5.466750238410337680e-05 2.790872667825823803e-05 1.000000024633087126e+00 8.712732205973239274e-05
1.000000046344219795e+00 -2.604519133979967208e-05 -1.587604237846129362e-05 -4.100717580010071472e-03 2.603781683738811553e-05 1.000000037026666844e+00 -3.204325263228770704e-05 9.087825304180431607e-04 1.587951962721121900e-05 3.204553954374220588e-05 1.000000027835295402e+00 6.767893187440421343e-04
1.000000021895423474e+00 -2.144693106378748346e-04 8.784952527728105470e-05 -1.369354312539039498e-03 2.144694806197507131e-04 1.000000013453596681e+00 -8.063673575919578888e-05 -9.112653997905909020e-04 -8.782644252481100738e-05 8.065584507073989993e-05 1.000000021531845196e+00 7.578397166370098859e-04
1.000000021375137660e+00 -1.835649585216441565e-04 1.615781914394067570e-04 -5.048827701445990357e-04 1.835739631272630817e-04 1.000000019205303126e+00 -1.019485811039058600e-04 -1.260807031667338096e-03 -1.615508647093324545e-04 1.019795489310523404e-04 1.000000011594345262e+00 3.885757046337978693e-04
1.000000039103858596e+00 -1.531533301272849402e-04 4.511533548117149973e-05 -4.032203630568442776e-04 1.531479010996863663e-04 1.000000028380197081e+00 -5.238191282656918710e-05 9.626296783255376688e-04 -4.510281801448828219e-05 5.239135429678751254e-05 1.000000027969832228e+00 -3.218792246859614181e-04
1.000000047540819947e+00 -1.130440302511477889e-04 -2.867539002580795471e-05 -2.222471630963340772e-03 1.130334583685031064e-04 1.000000036265913606e+00 -1.034797141918316881e-05 7.935724053050596805e-04 2.867750016286300696e-05 1.034692388360315470e-05 1.000000032693873608e+00 4.329525857937888134e-04
1.000000053958221446e+00 -3.142454965145876342e-05 4.031453139043277597e-05 -2.779156076221367400e-03 3.141825050697200777e-05 1.000000036386066826e+00 -1.110456316280156289e-04 -7.628402262639319420e-05 -4.030756243183218520e-05 1.110463872053832828e-04 1.000000026963842270e+00 1.612021021789811215e-03
1.000000044017532730e+00 1.802590372619602781e-05 1.513703549485378563e-04 -2.592940157415846159e-03 -1.802536340269646209e-05 1.000000040496825227e+00 -7.388546420002303999e-05 -2.186329901190942060e-04 -1.513642726592414538e-04 7.388356431753589427e-05 1.000000019986490241e+00 5.632312722718690878e-04
1.000000040098752097e+00 -1.563699166352553089e-04 1.002113634897496046e-04 -4.056129004157416063e-04 1.563678826465800947e-04 1.000000028807767727e+00 -8.705485547363047577e-05 -3.457642708733273812e-03 -1.001918411917983092e-04 8.707202125794093282e-05 1.000000025681874849e+00 -5.080646398487598248e-04
1.000000024682009547e+00 -2.558923279168150351e-04 2.106466612613102100e-05 -4.332125386641294540e-05 2.558825984995787006e-04 1.000000010721419086e+00 -5.540225242499823764e-05 -3.550407141015180651e-03 -2.104720722144176801e-05 5.541033080233092147e-05 1.000000032933683780e+00 -2.746011831225025901e-04
1.000000044779606245e+00 -1.472425567083819056e-04 7.640244752252724658e-05 -1.917034519908655810e-03 1.472353940730830937e-04 1.000000033743832839e+00 -4.964811595121534780e-05 2.025827904738528029e-04 -7.638982195915120443e-05 4.966275056387904006e-05 1.000000030636733817e+00 5.552612679020629827e-04
1.000000047499830735e+00 -1.239520039962769236e-04 8.642743697787809453e-05 -2.489324827254169037e-03 1.239484494679476967e-04 1.000000035357409667e+00 -8.845668572453604050e-05 3.930685696258533202e-04 -8.640977736537380554e-05 8.846963119367012157e-05 1.000000027943921621e+00 5.767573829467131930e-04
1.000000046326219083e+00 -1.579641959719948108e-04 5.093170781240244371e-05 -2.495122370266278367e-03 1.579546188391518780e-04 1.000000033851815129e+00 -5.627533342782694637e-05 -2.882141244692857512e-03 -5.091639294065292804e-05 5.628780615438833931e-05 1.000000034022725304e+00 5.487824113561412531e-04
1.000000046153742828e+00 -1.223812763056892044e-04 1.518814826707670206e-04 -1.952717329552600134e-03 1.223762992094788032e-04 1.000000040252805755e+00 -4.541596834948863261e-05 -1.824880651750640514e-03 -1.518663305908291386e-04 4.544306676903004803e-05 1.000000028599552726e+00 1.032706871346711353e-03
1.000000059082710280e+00 -8.138867628190130273e-05 1.016913047552469570e-04 -2.610532832623357891e-03 8.139066884628280707e-05 1.000000041974545839e+00 -1.057207588622312571e-04 6.371261917289504362e-04 -1.016729153801557335e-04 1.057335660860214953e-04 1.000000033614688144e+00 6.230381803804529994e-04
1.000000042518523813e+00 -2.227299454130550406e-04 -4.328175777808061499e-05 -1.124898619450531712e-03 2.227170283256906316e-04 1.000000022064357008e+00 -9.440564823093121468e-05 3.982409201458737835e-04 4.330780614978620494e-05 9.440158759147653953e-05 1.000000039296241816e+00 -3.260380763598913489e-04
1.000000044636237817e+00 -2.239958085812046226e-04 -1.658857518369313231e-05 -5.146916828455694315e-04 2.239878854382905404e-04 1.000000025550175753e+00 -5.732056125433479651e-05 -9.855770934997579169e-04 1.660683471865637083e-05 5.732461961243043037e-05 1.000000045023868189e+00 -5.308317285372954331e-04
1.000000051433160619e+00 -2.000356169331618831e-04 6.790975844333682436e-05 4.697065528147525981e-05 2.000325214842084073e-04 1.000000026623608429e+00 -1.249621323955442897e-04 -5.411527000974379609e-04 -6.787497348794979148e-05 1.249835205701648345e-04 1.000000041718906107e+00 -1.326471418494623578e-04
1.000000040563933990e+00 -2.284044069022800219e-04 1.318653531112650259e-04 -3.434642727469183754e-03 2.284059917368203713e-04 1.000000026112190410e+00 -8.175837399857824024e-05 -1.625372968402958446e-03 -1.318345995698288694e-04 8.179747616617123371e-05 1.000000042320878801e+00 8.319284111535374393e-05
1.000000058916767465e+00 -1.523680103530383886e-04 1.221992796585351262e-04 -2.655167362670907139e-03 1.523684835707406898e-04 1.000000043033612229e+00 -7.939212013671696874e-05 2.237653585092928138e-03 -1.221755223640435693e-04 7.941807538180682582e-05 1.000000044144654376e+00 2.038683294018905912e-04
1.000000064191525428e+00 -1.678415929520738696e-04 -5.667928532958751650e-06 -3.231958919824862164e-06 1.678319543093140936e-04 1.000000043479126299e+00 -2.495787783445760892e-05 9.364242293249565308e-04 5.679475327322940174e-06 2.496612551645564565e-05 1.000000054811821970e+00 -5.317610773658554280e-04
1.000000063208346557e+00 -1.787244483939617770e-04 1.346358893287508098e-05 -1.162845167693493664e-03 1.787155977742401272e-04 1.000000042096846675e+00 2.619865867901859081e-05 -1.257169845870192287e-03 -1.346013916898666282e-05 -2.618548838116169472e-05 1.000000056163507844e+00 -3.744536749383797769e-04
1.000000069394120228e+00 -1.266792526433469282e-04 6.422945317956814252e-05 -3.376630879083242220e-03 1.266749975300856743e-04 1.000000048180918144e+00 -7.270576557823615752e-05 -2.648406495287778523e-03 -6.421021131562286086e-05 7.272149653849383107e-05 1.000000052400322748e+00 -1.922196684940313816e-04
1.000000065206170019e+00 -1.395484006827950210e-04 1.020386882559491415e-04 -2.013555080703444133e-03 1.395479545103798721e-04 1.000000045861601849e+00 -8.542315029015354387e-05 5.151275058719699540e-04 -1.020156940309664099e-04 8.544406269629023422e-05 1.000000048617920578e+00 1.370775892335363011e-04
1.000000076347850264e+00 -8.901699670913566570e-05 -1.620981001236054434e-05 -3.638894457947294825e-03 8.900615425670461295e-05 1.000000049998271745e+00 -1.036602487543234483e-04 1.615620091582281592e-03 1.622617275305305001e-05 1.036648391719177209e-04 1.000000052189897737e+00 1.689967658278224150e-04
1.000000022987036497e+00 -1.063530738468708279e-04 -3.244632127276324794e-04 -4.800959745363764242e-03 1.063247502517362594e-04 1.000000052121213123e+00 -5.955896670409303097e-05 -9.708583915604175607e-04 3.244664550797213905e-04 5.953175497115886870e-05 1.000000003978525065e+00 9.294080383919212096e-04
9.999995706324666944e-01 -1.070979155826691645e-04 -1.011482831014917216e-03 1.045581958016850166e-03 1.071194064727809189e-04 1.000000053610453854e+00 3.102828632794682099e-05 -3.473073060512549964e-03 1.011453178803705831e-03 -3.112814841507604338e-05 9.999995528864806804e-01 5.828104414249413168e-04
9.999990487039598364e-01 -1.268525639184099314e-04 -1.436689785474799461e-03 1.575947758812556998e-02 1.269717465645124957e-04 1.000000047859603169e+00 8.989187126520066225e-05 -6.188824041173830726e-03 1.436637625325742299e-03 -9.006391934236118518e-05 9.999990296449147165e-01 4.402625717714325759e-04
9.999990269892117256e-01 -3.536421039209074017e-04 -1.416988447323031582e-03 3.079434382476420318e-02 3.535327557623825154e-04 9.999999972282058724e-01 -6.899617201479943277e-05 -7.778431227375159213e-03 1.416971225239699664e-03 6.849568518942436438e-05 9.999990625644595843e-01 -3.845903589327903660e-04
9.999988856303857476e-01 -4.613011704028439691e-04 -1.484557414564302439e-03 5.178838873078239757e-02 4.611401114026055306e-04 9.999999511204726854e-01 -1.007695194419562962e-04 -1.046940888767867138e-02 1.484559873572894239e-03 1.000839588583184799e-04 9.999989619818897557e-01 -4.821486539139385741e-04
9.999984965684565186e-01 -5.630157325087490131e-04 -1.697247774021481059e-03 8.586332967062060284e-02 5.629355703536736630e-04 9.999999057479357356e-01 -4.141058776726469417e-05 -9.956165071173589051e-03 1.697222138214934256e-03 4.045515729910947943e-05 9.999986298258342066e-01 1.949221953330582124e-03
9.999980901067964112e-01 -8.633122690282846526e-04 -1.808093353540067864e-03 1.244442140654671292e-01 8.635413211386284982e-04 9.999996855866791767e-01 1.316902286563573113e-04 -1.202267152257857456e-02 1.807927861150451917e-03 -1.332457093779889289e-04 9.999984282670457691e-01 5.419174235988144517e-03
9.999981462616500671e-01 -8.300944368685519385e-04 -1.793595546412040222e-03 1.685305406742980683e-01 8.304100191945983436e-04 9.999997073479686138e-01 1.813519818750314273e-04 -1.135553793114579303e-02 1.793393911165027223e-03 -1.828326399930084998e-04 9.999984473742496993e-01 6.163768518015366737e-03
9.999976521446708455e-01 -1.138342597108587921e-03 -1.897610948540207195e-03 2.176286958070792199e-01 1.138409016629901398e-03 9.999994212577340003e-01 3.982270040719153385e-05 -1.094302607055308921e-02 1.897509760828179886e-03 -4.197858005206497753e-05 9.999982719401172560e-01 4.605524531199556293e-03
9.999962269503264167e-01 -1.270410559555733591e-03 -2.476992846857131638e-03 2.805777306573125074e-01 1.270565413058627642e-03 9.999992608252269433e-01 6.563977230320675103e-05 -9.650617674330772000e-03 2.476833262233506944e-03 -6.878175760234319606e-05 9.999970044297114002e-01 4.267608939539258017e-03
9.999920894922255110e-01 -1.648018582419164121e-03 -3.649165366823803325e-03 3.558061650110801999e-01 1.648788184190843123e-03 9.999986894193275688e-01 2.109768381041013179e-04 -1.243351080830083777e-02 3.648698767368871703e-03 -2.169796447637153296e-04 9.999933971492834806e-01 6.129003337206118118e-03
9.999870427393299233e-01 -2.280843318066437617e-03 -4.574669302812490318e-03 4.346138307900366815e-01 2.283338933908708387e-03 9.999973174304749302e-01 5.433095561805313840e-04 -1.363601772482926806e-02 4.573273189034430565e-03 -5.537233577930205774e-04 9.999894686668160393e-01 9.716991404829622425e-03
9.999831616763203979e-01 -2.674077751412394077e-03 -5.171371994478558658e-03 5.232762929935399487e-01 2.678309555568286933e-03 9.999961544245810074e-01 8.142580401347094621e-04 -1.473699397899715449e-02 5.169010297570805594e-03 -8.280602074323956249e-04 9.999863777628449357e-01 1.033308098693619392e-02
9.999824436868024469e-01 -2.899712421819384579e-03 -5.188930795554696357e-03 6.254276757404095832e-01 2.904175216778851973e-03 9.999954898552601001e-01 8.555470383086614863e-04 -1.709464077357596146e-02 5.186261724021376009e-03 -8.705647528788384775e-04 9.999862539749582169e-01 1.145911135072141818e-02
9.999802148390161127e-01 -3.412608259360007997e-03 -5.305586879960528211e-03 7.348744066277472786e-01 3.415899221562300643e-03 9.999940522835709666e-01 6.143426894876057162e-04 -2.082061151730120116e-02 5.303288114356700077e-03 -6.324269969502057179e-04 9.999858206390294102e-01 1.253118334727254535e-02
9.999741565586611758e-01 -4.228556473992883639e-03 -5.834227890892069307e-03 8.594526267093839378e-01 4.230710147510548420e-03 9.999910645180984936e-01 3.595675974330211130e-04 -2.240115796185872254e-02 5.832467340809907239e-03 -3.842226248643596724e-04 9.999830005434862112e-01 1.420429477992080081e-02
9.999630406865656074e-01 -4.785384953588748928e-03 -7.159065837744120649e-03 9.891779418655906042e-01 4.787698082848694005e-03 9.999885702898576589e-01 3.081214328529103749e-04 -2.120683116004241919e-02 7.157276855040908478e-03 -3.423683422786889113e-04 9.999744117766740104e-01 1.686224564977090168e-02
9.999535219797615060e-01 -5.003691382479740803e-03 -8.255707094552661857e-03 1.128444925953767219e+00 5.004814614486699162e-03 9.999875492340022376e-01 1.170680181416405450e-04 -1.883772913326797749e-02 8.254749953222419862e-03 -1.583718149142228858e-04 9.999660021921246145e-01 2.130960424321726165e-02
9.999476628200452133e-01 -5.482061609523129764e-03 -8.652475881332520602e-03 1.269244316500430791e+00 5.483031920866264508e-03 9.999850448004241610e-01 8.987135493814476009e-05 -1.909801963980409939e-02 8.651572196082995062e-03 -1.373020135365817754e-04 9.999626538326713554e-01 2.651125412839916429e-02
9.999405032551921257e-01 -6.406230713974876353e-03 -8.843154250119311319e-03 1.438297867906949135e+00 6.412680503042307058e-03 9.999792771493055676e-01 7.025300672796302558e-04 -1.774005328370066928e-02 8.838186809919450562e-03 -7.591697627082522092e-04 9.999607458449130126e-01 3.502655273818611192e-02
9.999287498965560017e-01 -7.326709202100914822e-03 -9.437918899168670078e-03 1.616718725351295571e+00 7.346310900437918665e-03 9.999710152697458554e-01 2.045309296403998063e-03 -1.799440489029086390e-02 9.422361987938757469e-03 -2.114423983396251407e-03 9.999534665342384443e-01 4.354714573642048947e-02
9.999124652239927968e-01 -7.913518348194783364e-03 -1.061608990058165135e-02 1.805447666581481814e+00 7.945948472775896110e-03 9.999639696456880111e-01 3.017515636505528100e-03 -2.213022924691462889e-02 1.059149102979520946e-02 -3.101499302366755948e-03 9.999391932264664051e-01 5.064620199448377491e-02
9.998999070781916521e-01 -8.451985011146186805e-03 -1.135808353307370469e-02 2.001595133044091757e+00 8.490665348297078349e-03 9.999583925364454728e-01 3.362971988974502741e-03 -2.352708350523691899e-02 1.132882623063476667e-02 -3.458954191630339830e-03 9.999299397441673287e-01 5.242208724458508051e-02
9.998871906085025074e-01 -9.278227697202660190e-03 -1.182319276350571151e-02 2.206027449423181963e+00 9.314358547699625249e-03 9.999521974183166462e-01 3.005805711960914551e-03 -2.051107212805964447e-02 1.179436191678441027e-02 -3.115484606111736717e-03 9.999256868294877920e-01 5.202637492904216288e-02
9.998666485044866992e-01 -1.027835598280046718e-02 -1.270091160577897782e-02 2.435205027897763497e+00 1.031040375473019598e-02 9.999439166078388785e-01 2.461333744668631890e-03 -2.108541617661530143e-02 1.267448976870344697e-02 -2.591865608819510919e-03 9.999164165981032637e-01 5.424834359960439834e-02
9.998466484728744108e-01 -1.059719266932473460e-02 -1.395206157833641346e-02 2.671888590449277956e+00 1.062581807016503566e-02 9.999416879057977381e-01 1.979961145928623052e-03 -2.770455295840600768e-02 1.392981510507125369e-02 -2.127835641118759873e-03 9.999008126017291387e-01 5.748084393290686656e-02
9.998280326006087071e-01 -1.139849034965323415e-02 -1.463771448572075140e-02 2.918257395177477953e+00 1.142043232399816977e-02 9.999338859687512127e-01 1.417101740802845754e-03 -2.524301501224967409e-02 1.462011872721161697e-02 -1.583971956861634405e-03 9.998919682275236864e-01 6.432351668785285526e-02
9.998079163713851081e-01 -1.240034778761093387e-02 -1.518715777305098408e-02 3.174399493619271428e+00 1.240920669241315014e-02 9.999229930156771085e-01 4.901078893356844565e-04 -2.348985702745301149e-02 1.517941281305213580e-02 -6.784513849729429009e-04 9.998846618632518668e-01 6.754799436177916228e-02
9.997781502287077515e-01 -1.318332891042924004e-02 -1.643601250033611613e-02 3.454406620095853420e+00 1.318803643294820180e-02 9.999131291445929604e-01 1.788213081161489561e-04 -2.650599258755300530e-02 1.643168728568004944e-02 -3.955267899696827613e-04 9.998650192230993383e-01 7.660436874626275205e-02
9.997536691846439227e-01 -1.419144205257117687e-02 -1.707333798911497835e-02 3.738176862820147051e+00 1.422576133479020420e-02 9.998971344780605008e-01 1.891064890999800442e-03 -2.727403958606494649e-02 1.704418599829486680e-02 -2.133408276080966514e-03 9.998525701431610901e-01 9.421795450705472419e-02
9.997672317317894963e-01 -1.527987910907724345e-02 -1.524150535850395810e-02 4.037249436423617333e+00 1.534749648475939449e-02 9.998729586284902382e-01 4.330143320536135668e-03 -2.944435580145072368e-02 1.517290956695709937e-02 -4.562900652855291471e-03 9.998745848639190026e-01 1.155917309830476469e-01
9.998138450001508026e-01 -1.492709430316029560e-02 -1.223738815010102197e-02 4.343432606583325750e+00 1.498898982777715529e-02 9.998753584857640320e-01 4.982896798193399077e-03 -2.685764266129934616e-02 1.216108938669146523e-02 -5.165219644284463861e-03 9.999128237203555036e-01 1.258922110900915214e-01
9.998491907953556135e-01 -1.402651418786752570e-02 -1.025460070303789266e-02 4.656889630459264851e+00 1.405922176722430514e-02 9.998963994508782704e-01 3.125562168929153783e-03 -2.093043459305151885e-02 1.020937066136050515e-02 -3.269150863827114620e-03 9.999426534545204914e-01 1.196762388104266606e-01
9.998557776081435922e-01 -1.372662833407568492e-02 -1.001545320222508445e-02 4.985093091370451646e+00 1.373627174913426632e-02 9.999053739195424839e-01 8.957124685493480891e-04 -1.994977229267114877e-02 1.000189202674094113e-02 -1.033122318189406063e-03 9.999495623003951117e-01 1.170506595049751741e-01
9.998387698986284100e-01 -1.456004608165508904e-02 -1.052373125975805679e-02 5.326057134175774976e+00 1.456751595995273672e-02 9.998938100202898749e-01 6.344635872662084683e-04 -2.328208509526650399e-02 1.051304029812231630e-02 -7.876365154025097119e-04 9.999445430588871364e-01 1.345041885530782189e-01
9.998163952992525916e-01 -1.570902579690115416e-02 -1.098728493559142719e-02 5.692514697411136915e+00 1.573410454797759608e-02 9.998739170169156365e-01 2.200859214941035778e-03 -2.367317979656942753e-02 1.095097891772746357e-02 -2.373245436237341344e-03 9.999373375933965358e-01 1.643968924287737554e-01
9.998095757137012152e-01 -1.625777249250928355e-02 -1.080815287169328669e-02 6.060115044850541643e+00 1.630211795338014011e-02 9.998591252642184957e-01 4.028865905520620690e-03 -2.173089800224213899e-02 1.074079058687203020e-02 -4.204147544602794377e-03 9.999335982419956803e-01 1.918728505819609076e-01
9.998078467477501396e-01 -1.666158507784739479e-02 -1.034318451469030432e-02 6.435159902900467799e+00 1.671406195062098698e-02 9.998478958678432837e-01 5.009667694522792342e-03 -2.353874374875036465e-02 1.025781939952888529e-02 -5.181401369594221956e-03 9.999340885684457891e-01 1.965896459927058970e-01
9.998015633934713708e-01 -1.732937515682019328e-02 -9.841129327984161207e-03 6.834164383179917479e+00 1.737487823022228553e-02 9.998387898111645855e-01 4.559150651260413314e-03 -2.563300951458320071e-02 9.760228000242206561e-03 -4.729069826498291489e-03 9.999413145133464464e-01 1.897884866669468096e-01
9.997875164549464566e-01 -1.817984654107435150e-02 -9.733359055655548334e-03 7.243384392235104663e+00 1.820604298799975360e-02 9.998309875730916341e-01 2.611492140121364144e-03 -2.112594118249320682e-02 9.683929671450975524e-03 -2.788044426123893488e-03 9.999493548124719355e-01 1.845383272113938489e-01
9.997736691046293922e-01 -1.910477185001467626e-02 -9.377808814503049706e-03 7.659998926539843822e+00 1.910800866936713388e-02 9.998175381453405786e-01 2.576532442401324534e-04 -1.623270153049589590e-02 9.370874698957060156e-03 -4.367673702618938593e-04 9.999561327406094602e-01 1.953349729235123178e-01
9.997629539596658566e-01 -1.970046235083071362e-02 -9.287263989164511180e-03 8.081874144101865554e+00 1.970353553306006256e-02 9.998059839686816996e-01 2.415937912005769949e-04 -1.360962920520120481e-02 9.280404857319254561e-03 -4.245101431464584044e-04 9.999569826415001250e-01 2.249057434419972079e-01
9.997430152184590968e-01 -2.015490598487148718e-02 -1.039278518688761116e-02 8.509573201774578877e+00 2.019232460420660596e-02 9.997901001370633756e-01 3.510214921225151066e-03 -1.631758614842688040e-02 1.031952236956463868e-02 -3.719037792041124217e-03 9.999399735675059686e-01 2.615581909043296349e-01
9.997183865610609343e-01 -2.029473506493063503e-02 -1.231272979399589303e-02 8.961560577680186768e+00 2.038640384302885245e-02 9.997651798269372447e-01 7.367868590860669059e-03 -1.498111821568065896e-02 1.215991015727466845e-02 -7.616546285955681957e-03 9.998971964232042930e-01 2.885407187724766676e-01
9.996917696129143938e-01 -2.075299881041161101e-02 -1.363879077479278334e-02 9.432351349328795820e+00 2.086347236885770923e-02 9.997503987957992999e-01 8.010133872740432884e-03 -7.726513413841316208e-03 1.346870849496356951e-02 -8.291935798361259324e-03 9.998750516856417248e-01 2.951545940888928854e-01
9.996715753294324047e-01 -2.168925035135041771e-02 -1.366222241635445776e-02 9.909916423611496938e+00 2.176616920645362691e-02 9.997480673582989086e-01 5.508607218392708865e-03 -3.099712854051157179e-03 1.353885587304102904e-02 -5.803974922296384169e-03 9.998916436930634921e-01 2.781982536297384900e-01
9.996523268052175393e-01 -2.252148428050109938e-02 -1.372396247447559871e-02 1.038444467855616438e+01 2.255811421431663799e-02 9.997425085055807736e-01 2.521870619335219235e-03 -7.805550440281409930e-04 1.366318047916342295e-02 -2.830483789217305614e-03 9.999027930588945123e-01 2.632609867428055139e-01
9.996422364750308098e-01 -2.275621561517396363e-02 -1.406749700240959682e-02 1.087280823412772435e+01 2.278297428177892409e-02 9.997390658119459372e-01 1.746532879396569312e-03 1.227438310454911571e-02 1.402361882227175054e-02 -2.066336332473885876e-03 9.998996744431939421e-01 2.857662556915570029e-01
9.996412924959851010e-01 -2.270482096890353088e-02 -1.421693955459367789e-02 1.137481741710291772e+01 2.276195921357076005e-02 9.997335765350828796e-01 3.871966250868756013e-03 1.957660671135582828e-02 1.412476907306830197e-02 -4.194039882557805583e-03 9.998915925174737263e-01 3.316434838579904731e-01
9.996375476209317101e-01 -2.361893288920561412e-02 -1.293305949370670942e-02 1.188776641148269064e+01 2.370625804263911882e-02 9.996970600721457600e-01 6.642891947970869064e-03 2.630418532833547415e-02 1.277182006059492635e-02 -6.946843628217196434e-03 9.998944545786991878e-01 3.702915924139620341e-01
9.996403859137535930e-01 -2.441206229012877690e-02 -1.111286308228542040e-02 1.241037467692722807e+01 2.449850178352321051e-02 9.996702847413639903e-01 7.711934095094852282e-03 2.858366155913051251e-02 1.092057417317811308e-02 -7.981139598409859801e-03 9.999086686563936066e-01 3.862626102141091256e-01
9.996470423455710019e-01 -2.460695775018708134e-02 -1.003176477297568377e-02 1.293821841786222571e+01 2.467420664046849482e-02 9.996736715692490227e-01 6.638352407385534303e-03 4.027680681596759737e-02 9.864819177565075856e-03 -6.883301287996735490e-03 9.999278048815658515e-01 3.816316217472690564e-01
9.996415311484381228e-01 -2.458298092945280372e-02 -1.062243423402397906e-02 1.347467754453012923e+01 2.463397040356693490e-02 9.996856648914187460e-01 4.698446075652858329e-03 4.832473393365450953e-02 1.050325086061835132e-02 -4.958266491372058729e-03 9.999327029290691060e-01 3.812571020677533173e-01
9.995984972293199267e-01 -2.544731026043453581e-02 -1.247529475048524822e-02 1.402160421821494118e+01 2.549947459460402688e-02 9.996668326788854531e-01 4.042072197074084335e-03 5.009000394552062807e-02 1.236787234012933293e-02 -4.358413830179853898e-03 9.999141735838529277e-01 4.016963708150922407e-01
9.995674002688114124e-01 -2.594065296298949524e-02 -1.387278387783828261e-02 1.457885386622235302e+01 2.601707690386587113e-02 9.996473050064235144e-01 5.358893318463724131e-03 5.570673746623336364e-02 1.372842582656850705e-02 -5.717309248657497650e-03 9.998895742138104170e-01 4.361477731714418216e-01
9.995645029083711774e-01 -2.601268480143098527e-02 -1.394652760527521212e-02 1.514754223401304145e+01 2.611696166162300395e-02 9.996320514313512540e-01 7.349512692522795071e-03 6.262227090239987082e-02 1.374975976474277287e-02 -7.710290451751533602e-03 9.998759019354157562e-01 4.673224240822406728e-01
9.995708211453778747e-01 -2.640717752910323388e-02 -1.269647279735620048e-02 1.571612942892769382e+01 2.650412671427553046e-02 9.996205076253847910e-01 7.531380482550082203e-03 7.315495960699727740e-02 1.249235898357296468e-02 -7.864388772348853210e-03 9.998912057874512760e-01 4.761271046476309721e-01
9.995893604857351011e-01 -2.673663346131957899e-02 -1.032617321959874816e-02 1.629100748640821550e+01 2.680431511559628471e-02 9.996199030395978014e-01 6.475179993507163001e-03 7.997814698462063498e-02 1.014879014547989157e-02 -6.749075979972194751e-03 9.999258915822556437e-01 4.708114829139986579e-01
9.996072943078946338e-01 -2.679981596640788541e-02 -8.209668253538407109e-03 1.688514246987511669e+01 2.683820797898578761e-02 9.996293550504083969e-01 4.606067402643133392e-03 8.983070072295690212e-02 8.082921625602267762e-03 -4.824422930656803443e-03 9.999558672331042564e-01 4.813276843311427022e-01
9.996254475204671142e-01 -2.621105829850993441e-02 -7.894641323421370399e-03 1.748354762691822017e+01 2.625270211303145501e-02 9.996418778475262279e-01 5.222267052322676628e-03 9.479292164274767674e-02 7.754679528863960003e-03 -5.427381372788323867e-03 9.999553776791200166e-01 5.168519607946171490e-01
9.996385768360768198e-01 -2.514000014378445919e-02 -9.543838433935761256e-03 1.808344641741115666e+01 2.521435473776769548e-02 9.996521646568096164e-01 7.755964965111973586e-03 9.940825982154266605e-02 9.345222767096332886e-03 -7.993534947940422394e-03 9.999245597719602641e-01 5.578197993590103820e-01
9.996301387451949072e-01 -2.445909154332738880e-02 -1.190520051639868196e-02 1.871220068122356039e+01 2.456192680902548678e-02 9.996617369792004659e-01 8.572826570574332977e-03 1.110053498681942280e-01 1.169109940702512014e-02 -8.861773751621492348e-03 9.998925664825580872e-01 5.829585741847014280e-01
9.996302344206797752e-01 -2.360628037366915150e-02 -1.351067679410244103e-02 1.935457215924379781e+01 2.370342532961716014e-02 9.996941608880696162e-01 7.078486226129687177e-03 1.285177583103447874e-01 1.333900332778937756e-02 -7.395872930005219920e-03 9.998838591887011518e-01 5.805707883256148172e-01
9.996543972002772671e-01 -2.277351133257281973e-02 -1.314751217085306442e-02 1.998159864676789255e+01 2.284824346576624227e-02 9.997236449656191626e-01 5.565089113640135123e-03 1.328692206044666257e-01 1.301671085825876692e-02 -5.863368639349884545e-03 9.998982720800598800e-01 5.784073726098739598e-01
9.996937090194240039e-01 -2.168594336149649859e-02 -1.194246119843840777e-02 2.061336956989092428e+01 2.175667556939216152e-02 9.997464985062646248e-01 5.828135899554682392e-03 1.367641222298201786e-01 1.181265410677172917e-02 -6.085972164070064215e-03 9.999118965511136770e-01 6.008104842664285794e-01
9.997215631639728706e-01 -2.064565938647155985e-02 -1.144421030368242102e-02 2.126190909446741983e+01 2.072357399871209774e-02 9.997627503246661052e-01 6.735059232075465453e-03 1.451696945548867079e-01 1.130207051458513405e-02 -6.970110783095667152e-03 9.999120279566744429e-01 6.441393403067208201e-01
9.997401592187784569e-01 -1.943263818115972819e-02 -1.193355401633862736e-02 2.191625693438937006e+01 1.951586655196415471e-02 9.997859254118951489e-01 6.900930564075777839e-03 1.515827090267158062e-01 1.179650403512071295e-02 -7.131790038079561037e-03 9.999051776900266253e-01 6.799922650742855623e-01
9.997379525135181577e-01 -1.884513005661580740e-02 -1.301210779777768785e-02 2.258113396454973199e+01 1.893138792280261301e-02 9.997995860552109093e-01 6.540665183512411190e-03 1.584722452250252600e-01 1.288581066691174039e-02 -6.785057595907591221e-03 9.998941472392679497e-01 6.976886782750795213e-01
9.997414271476271486e-01 -1.781412541144515582e-02 -1.414838420814147624e-02 2.325755435898126322e+01 1.790879286321074224e-02 9.998180675399296335e-01 6.595345161850772221e-03 1.606818680742240213e-01 1.402785103631513583e-02 -6.846790670278966179e-03 9.998783615022819315e-01 7.071412629955000639e-01
9.997557062270812089e-01 -1.731376755632382455e-02 -1.375519095934986738e-02 2.394148405712290284e+01 1.741703258867860482e-02 9.998209332067156119e-01 7.425941681131317286e-03 1.612662873974783362e-01 1.362370366490189139e-02 -7.663446279654966692e-03 9.998780257077859446e-01 7.240344543811425559e-01
9.997894816315584521e-01 -1.667128127557518727e-02 -1.197939828874974508e-02 2.462513658935008110e+01 1.675636706656458835e-02 9.998350105202273852e-01 7.040755860217926508e-03 1.651441050578878744e-01 1.185964987628573657e-02 -7.239763462418325607e-03 9.999036650476784693e-01 7.452449288814571027e-01
9.998303046781110703e-01 -1.562408201098722943e-02 -9.782479499876411272e-03 2.530357657378166181e+01 1.567900263236390174e-02 9.998617798189610717e-01 5.566746584932493955e-03 1.708488911716911918e-01 9.693832543758973061e-03 -5.718990811608712713e-03 9.999368658597478365e-01 7.711738932902616472e-01
9.998542591213563924e-01 -1.448492387960057665e-02 -9.060720396008999436e-03 2.599950907079183438e+01 1.452549587345598053e-02 9.998848770510087025e-01 4.432381852683344933e-03 1.742708624140051343e-01 8.995180994554196133e-03 -4.563195017722018222e-03 9.999493400131341803e-01 7.911817991976337616e-01
9.998688094694770934e-01 -1.293826876679594201e-02 -9.768519744719827286e-03 2.672008152287105887e+01 1.297795298978166034e-02 9.999079281392628804e-01 4.014111612650753808e-03 1.894108799960197154e-01 9.715366227463608298e-03 -4.140225756402922050e-03 9.999444467691965821e-01 8.167349964384531535e-01
9.998661636589913915e-01 -1.167558847613124964e-02 -1.148043743254396898e-02 2.744166516904789788e+01 1.172184871198773265e-02 9.999236024081625818e-01 3.974032588388692541e-03 1.957552103447613712e-01 1.143278457746890221e-02 -4.107939214294953865e-03 9.999264205692657281e-01 8.492318584848242979e-01
9.998588213502597188e-01 -1.095877442568598398e-02 -1.275622485667621264e-02 2.815552750720543429e+01 1.101133184110538940e-02 9.999313325567512623e-01 4.060708274974074439e-03 1.935848295965922061e-01 1.271043016485881236e-02 -4.200457000763930908e-03 9.999106170202118893e-01 8.754519938305991289e-01
9.998611799043159998e-01 -9.959135621831925397e-03 -1.337599864671524912e-02 2.887652336937153308e+01 1.002115760226873070e-02 9.999394977392670469e-01 4.581308065270768039e-03 1.836591612965356723e-01 1.332912420848922537e-02 -4.714556638456818619e-03 9.999002707974540272e-01 8.967771304712153224e-01
9.998660785788021643e-01 -8.848598689117796734e-03 -1.378438044658453730e-02 2.960968151066027687e+01 8.916585018253894365e-03 9.999485372533740701e-01 4.881871218750635094e-03 1.754335097158702672e-01 1.374001888817759018e-02 -5.003958502515339427e-03 9.998933041007618261e-01 9.201138725269384366e-01
9.998648379200572034e-01 -8.048322705369776592e-03 -1.435318043866577742e-02 3.034942100120887787e+01 8.128656263991732717e-03 9.999517651761073989e-01 5.550706498451601911e-03 1.724043174541352863e-01 1.430734159367546068e-02 -5.666436937409983360e-03 9.998818131926667796e-01 9.423002312107191525e-01
9.998992738709328032e-01 -6.795880079094072240e-03 -1.247971719965390233e-02 3.108355182918344184e+01 6.870069451755783305e-03 9.999591138106345145e-01 5.915345205240083414e-03 1.744225301191715538e-01 1.243859758597328988e-02 -6.000282879684598614e-03 9.999048613586497547e-01 9.726231910737862529e-01
9.999431190352783272e-01 -5.579007466580927950e-03 -9.117145510698641472e-03 3.182755209538943930e+01 5.636635000337861766e-03 9.999643991161419887e-01 6.312568274498277579e-03 1.730963826970733921e-01 9.081307720921928325e-03 -6.363382004436785033e-03 9.999387475903597222e-01 9.990512096841959178e-01
9.999625277143546764e-01 -4.014023490142138925e-03 -7.702175289827291847e-03 3.258451864543578580e+01 4.074286101123838350e-03 9.999612575657021996e-01 7.830111302458026348e-03 1.803284433686194455e-01 7.670196206694893624e-03 -7.860928665678973415e-03 9.999399199625861323e-01 1.036073369113203357e+00
9.999488172280839304e-01 -2.665852257299408581e-03 -9.785372562618941533e-03 3.335640706818713142e+01 2.757846138101369311e-03 9.999521891964096021e-01 9.404346050833777351e-03 1.826530364446780630e-01 9.759512947844103253e-03 -9.430528184502013148e-03 9.999081397713986963e-01 1.069961991950117541e+00
9.999085699828785812e-01 -1.902870820566158940e-03 -1.340651466229397099e-02 3.412641737125985486e+01 2.046293146844759686e-03 9.999409187718968361e-01 1.069583495424442261e-02 1.701766214102684305e-01 1.338492576520902699e-02 -1.072192312670925719e-02 9.998531666838657017e-01 1.093150490895869575e+00
9.998790099025270939e-01 -9.164620921136384891e-04 -1.554459606071586543e-02 3.490014141036456152e+01 1.073120472709688557e-03 9.999488808406616913e-01 1.007548944212640143e-02 1.628763149560734091e-01 1.553405051983804651e-02 -1.009060511762156082e-02 9.998286590200559099e-01 1.101948337732406191e+00
9.999000263630268837e-01 1.034715281155061326e-04 -1.415753774564683203e-02 3.566436167798369183e+01 2.800718688225969921e-07 9.999733421686034518e-01 7.331333461706416796e-03 1.611923576461747609e-01 1.415744886718635180e-02 -7.330351108846898216e-03 9.998731497083939157e-01 1.109289549232828076e+00
