1.000000000000000000e+00 4.398956837314658088e-19 2.733407509747682871e-20 -8.673617379884035472e-19 -5.583667658079949532e-19 1.000000000000000000e+00 -6.100159232558060012e-19 0.000000000000000000e+00 4.145284534913582806e-20 -2.210423569125054137e-19 1.000000000000000222e+00 0.000000000000000000e+00
9.998955220249360343e-01 3.880264334545101604e-04 1.444972269358393152e-02 -1.113402355982889558e-01 -3.823808833715496643e-04 9.999998494858234332e-01 -3.934640780205752968e-04 -1.213550474529097312e-02 -1.444987344375612236e-02 3.878976886355368892e-04 9.998955198800015820e-01 -1.988177761193477000e-03
9.996003079811446312e-01 1.602076064583600858e-03 2.822512460763719477e-02 -1.088664553211893121e-01 -1.590977881562706878e-03 9.999986480104715580e-01 -4.156556999186641682e-04 -2.548160970073250209e-02 -2.822575284884808883e-02 3.705840451360465130e-04 9.996015053598595879e-01 -7.763839680862155701e-02
9.987699216316766604e-01 1.898045371278318533e-03 4.954837122501769275e-02 -1.393137733234110776e-01 -1.928255412937923035e-03 9.999979830413189275e-01 5.619144349914076408e-04 -3.560859043377666289e-02 -4.954720560640737959e-02 -6.567651126138999941e-04 9.987715670008227020e-01 -1.088138798024798626e-01
9.966901149776125068e-01 1.607650220322524078e-03 8.127871900469509081e-02 -6.073631389688342180e-02 -1.805881954169717479e-03 9.999955716859182386e-01 2.365460152783076773e-03 -3.101421263124984340e-02 -8.127455764959906626e-02 -2.504410472160957784e-03 9.966886044336389361e-01 8.140672024186224043e-03
9.926576145872155754e-01 -8.455654309771204729e-04 1.209551368813218120e-01 7.029757842015810221e-02 3.058237955637968498e-04 9.999899142961192755e-01 4.480823156024197132e-03 -3.148596899518954495e-02 -1.209577078830570002e-01 -4.410932193651134411e-03 9.926478613615667967e-01 3.569535421278772214e-01
9.862596615170324821e-01 -3.329114229923688367e-03 1.651689947455275420e-01 1.782874534004565414e-01 2.516329163723816063e-03 9.999836757990981928e-01 5.129933426058724474e-03 -2.004765065629308951e-02 -1.651833794836214675e-01 -4.643826732032616152e-03 9.862519385324752808e-01 6.807695943422171769e-01
9.778413889016168703e-01 -3.540953612195772270e-03 2.093171740057030161e-01 2.465419930703398599e-01 2.274948719529486935e-03 9.999776381019280791e-01 6.288711996789008753e-03 -2.332095665190733746e-02 -2.093347649329886095e-01 -5.673176890002303886e-03 9.778275777073374142e-01 9.591507074721363768e-01
9.671058865872604882e-01 -3.867986750717574383e-03 2.543447307082949416e-01 3.202058026949638481e-01 1.537701495486386771e-03 9.999550109696085931e-01 9.360101778294212943e-03 -1.792554808120479237e-02 -2.543694971313754105e-01 -8.661103094138852820e-03 9.670683248848527258e-01 1.036829099192734027e+00
9.528021659425340850e-01 -7.350748760159824674e-03 3.035028795448517780e-01 4.781724411264428598e-01 2.468184715576701195e-03 9.998613494852126582e-01 1.646784319217603834e-02 1.019812557258212293e-02 -3.035818549347798490e-01 -1.494149533979486320e-02 9.526882020145157615e-01 1.388967774344486816e+00
9.364732163840925327e-01 -1.711808459965431795e-02 3.503211163192250233e-01 5.642327980201440329e-01 8.962753591935310182e-03 9.996500724196296650e-01 2.488778280478142965e-02 -2.903556587801335576e-02 -3.506245665217426755e-01 -2.016690001049449565e-02 9.362989432642079279e-01 1.530560836574131889e+00
9.156950725211304709e-01 -2.259150474335433478e-02 4.012382781320630309e-01 7.546882703378529067e-01 1.156101410670968589e-02 9.994862944555058526e-01 2.989130499186481646e-02 -3.121970293220251158e-02 -4.017074562958588002e-01 -2.273259911119442783e-02 9.154858550320916777e-01 1.830710199947799044e+00
8.920608103970266711e-01 -2.504778309568561970e-02 4.512206956627239363e-01 9.090749896543985908e-01 1.085139598065607697e-02 9.993621514970990605e-01 3.402260019420737247e-02 -3.238642826567982025e-02 -4.517850837256682794e-01 -2.545385364477873238e-02 8.917636135296428401e-01 1.989132818682491921e+00
8.638071325311300619e-01 -2.669955101861284236e-02 5.031146668811548039e-01 1.110026910217364993e+00 8.530876545302082739e-03 9.992267754880185260e-01 3.838066253797998290e-02 1.445081728075948979e-02 -5.037504014410475461e-01 -2.886148070641206265e-02 8.633669855562955409e-01 2.244832650244201311e+00
8.323668119728354631e-01 -3.187567958518771477e-02 5.533077143574974821e-01 1.365713583514582163e+00 9.578549071511319873e-03 9.990229646067105840e-01 4.314356897087857218e-02 2.430693879050371820e-03 -5.541423532838195554e-01 -3.061138959646025892e-02 8.318588821286013735e-01 2.494273951613893203e+00
7.969586089797757733e-01 -3.763154364818387110e-02 6.028605451729236453e-01 1.582982080280715742e+00 1.175888183030849958e-02 9.988348728413043442e-01 4.680411781443827302e-02 1.030152408031825839e-02 -6.039194576092485889e-01 -3.021197838826424759e-02 7.964725548957152235e-01 2.703141145142875956e+00
7.602629866451596774e-01 -4.240458500134655639e-02 6.482299250847552985e-01 1.812534773313242420e+00 1.310816673485233445e-02 9.986654453577967772e-01 4.995502134743907280e-02 1.433092730269429349e-02 -6.494831599953987400e-01 -2.948184740212350663e-02 7.598042196147303251e-01 2.866686188122038459e+00
7.203681259761155475e-01 -4.563260258300842753e-02 6.920891713617656205e-01 2.139962331546554797e+00 1.402969078282083337e-02 9.985878940505086288e-01 5.123851650952073594e-02 2.601117277924712423e-02 -6.934500269667767114e-01 -2.720079659445251777e-02 7.199911001988575920e-01 3.132371389323515665e+00
6.790717899113697387e-01 -4.743656310577543112e-02 7.325375540428641363e-01 2.430856249523229096e+00 1.302309539098660436e-02 9.985313295383024812e-01 5.258880925364187164e-02 3.566003640791037821e-02 -7.339563428270460266e-01 -2.617166987989285112e-02 6.786922270970955351e-01 3.333416236333276217e+00
6.367445742262106689e-01 -4.776597726629083079e-02 7.695938858175300767e-01 2.777424163514053745e+00 8.743010675668868789e-03 9.984625132229373312e-01 5.473727613759051674e-02 6.845850603230231590e-02 -7.710252382056702602e-01 -2.812509550235466754e-02 6.361832052391226400e-01 3.570649168964478370e+00
5.954786915943801606e-01 -4.853680317610915840e-02 8.019035454300312837e-01 3.112403961959614662e+00 5.804394950630802422e-03 9.984071397568848871e-01 5.612033705355272406e-02 8.582699601837040504e-02 -8.033501407906289415e-01 -2.876389943502711405e-02 5.948119029180003459e-01 3.798918287909601510e+00
5.556067676626108565e-01 -4.972469068031602074e-02 8.299569649231987034e-01 3.471613286604526394e+00 3.749623833836771437e-03 9.983497713634507109e-01 5.730335322581026763e-02 1.105655096008349991e-01 -8.314367520564712732e-01 -2.872610385845146205e-02 5.548763371917684317e-01 3.980968078828833079e+00
5.173302461086013437e-01 -5.247983890532396944e-02 8.541751992385999692e-01 3.875201745599412995e+00 2.855258844034691372e-03 9.982182299827616623e-01 5.960044275742076153e-02 1.173530219701803406e-01 -8.557810919054678056e-01 -2.839421980953528435e-02 5.165583249198613114e-01 4.186598030181678531e+00
4.804003659184061248e-01 -5.225654982048012764e-02 8.754911357513726067e-01 4.276158667570898686e+00 -4.265847565075603517e-04 9.982093609234792275e-01 5.981546409993564878e-02 1.434043141070478478e-01 -8.770492120520840817e-01 -2.910884137894614171e-02 4.795178491820530353e-01 4.388838247427077732e+00
4.445825046628881227e-01 -5.155506484605412720e-02 8.942530170923000954e-01 4.766398821776357764e+00 -1.503467341424925743e-03 9.982979254821204851e-01 5.830087069019181806e-02 1.690669624402263982e-01 -8.957366524735042024e-01 -2.726402664890468369e-02 4.437482795064933150e-01 4.564880107590650660e+00
4.111260154149285473e-01 -5.044432036785993778e-02 9.101817160327456691e-01 5.266648537535291830e+00 -2.568669970393564752e-04 9.984612656576314915e-01 5.545299776611823522e-02 1.874136477407237211e-01 -9.115784927162339235e-01 -2.303196492952699903e-02 4.104804429439937175e-01 4.762463518056597955e+00
3.804264677182382370e-01 -4.852283430598462038e-02 9.235373424826545108e-01 5.804071081338367577e+00 1.304366696263296746e-03 9.986497736389450264e-01 5.193195740971329188e-02 2.118496360216398922e-01 -9.248102597780152312e-01 -1.855165898245383915e-02 3.799760961517645308e-01 4.979316106231417294e+00
3.560315643703163002e-01 -4.669476136843936365e-02 9.333065465533130212e-01 6.318396982845841059e+00 2.283768880889530846e-03 9.987912632591258166e-01 4.909986558475284979e-02 2.243811925088755876e-01 -9.344711473127685908e-01 -1.534964468318330069e-02 3.557078546757926341e-01 5.169159703915397586e+00
3.352647989549623064e-01 -4.615032592476695644e-02 9.409929049309709859e-01 6.912654862061184957e+00 3.238996414117021553e-03 9.988500535891240428e-01 4.783387199951966845e-02 2.511543791430561612e-01 -9.421183786008109351e-01 -1.298913997982594284e-02 3.350287418270715967e-01 5.326572290915475349e+00
3.202762262014230976e-01 -4.676967727047702528e-02 9.461689707246124792e-01 7.452606312140109601e+00 4.402947322215947437e-03 9.988432467067488441e-01 4.788300872311514189e-02 2.839227960025276776e-01 -9.473139759084496792e-01 -1.116985631891261911e-02 3.201116687240246894e-01 5.533324088834851828e+00
3.077722007349412703e-01 -4.814204940261642557e-02 9.502413379391309034e-01 8.084702550177098601e+00 5.137495642271219451e-03 9.987886238231802327e-01 4.893762375411880167e-02 3.000469794272595525e-01 -9.514462121848759057e-01 -1.017977853550247960e-02 3.076467010630567489e-01 5.739406999807912690e+00
2.978640922596335061e-01 -5.004485398938539331e-02 9.532955888979234294e-01 8.744099212294702994e+00 4.320036604116163532e-03 9.986853316612189779e-01 5.107783830807627323e-02 3.342576512903111530e-01 -9.545985208481123641e-01 -1.109598121349608668e-02 2.976886940362826750e-01 5.933070320983335755e+00
2.862423390781463906e-01 -5.170322299531431715e-02 9.567612474393494271e-01 9.398954057832986209e+00 2.557315915257373905e-03 9.985807067937816361e-01 5.319804613772235319e-02 3.720590319404288859e-01 -9.581538497217072514e-01 -1.278079151533733325e-02 2.859682974083881946e-01 6.143215900744618096e+00
2.765058631119093890e-01 -5.345582186604320302e-02 9.595243442556617985e-01 1.013305125001117446e+01 1.757086525935067783e-03 9.984782114642863915e-01 5.511963203279480333e-02 4.063734864241403955e-01 -9.610106329674201753e-01 -1.355493325492913327e-02 2.761790048224307959e-01 6.330369957872408193e+00
2.670232850455339091e-01 -5.552448617533856795e-02 9.620891751942212133e-01 1.079426094813821635e+01 1.046393535403068514e-03 9.983549041580578320e-01 5.732704736890380931e-02 4.315132848105049934e-01 -9.636895178147643071e-01 -1.430093174082450874e-02 2.666421052683521364e-01 6.514698350933046278e+00
2.575521019063666817e-01 -5.720871575874902221e-02 9.645693660366305711e-01 1.154695084840088981e+01 3.863757926922543385e-04 9.982517997070950999e-01 5.910325752521576603e-02 4.655695550017643902e-01 -9.662643437658773315e-01 -1.484948107603303175e-02 2.571239519613291447e-01 6.694019106986664802e+00
2.458154688177082159e-01 -5.843180139959247565e-02 9.675538558707348358e-01 1.230186066872473383e+01 7.865669976790357575e-05 9.981826195786438483e-01 6.026152784379260052e-02 4.972576818120330033e-01 -9.693166488337715547e-01 -1.473711024380754131e-02 2.453733232979966039e-01 6.873625218147864757e+00
2.362920721317461337e-01 -6.140919360754051176e-02 9.697396308472850945e-01 1.304754342845986770e+01 -1.186981817756729233e-03 9.979819674029769550e-01 6.348687867874046320e-02 5.251890207289249268e-01 -9.716813594960745926e-01 -1.615250855205287508e-02 2.357423340767285935e-01 7.062754702996861589e+00
2.250459810199177124e-01 -6.479828572947696208e-02 9.721910679189510462e-01 1.383502319020057136e+01 -3.120268836586298760e-03 9.977330967774096226e-01 6.722299805310179288e-02 5.774163854929590389e-01 -9.743431567442397689e-01 -1.816176217494794298e-02 2.243336341309186688e-01 7.258598562568341350e+00
2.134457195091035986e-01 -6.898912533208138853e-02 9.745159871753442671e-01 1.460187752047609244e+01 -2.794440422001515361e-03 9.974563454320681810e-01 7.122520623626259206e-02 6.243777136224867297e-01 -9.769509367129243227e-01 -1.792594138856884109e-02 2.127099999683270126e-01 7.444373224276882972e+00
2.005930280399059185e-01 -7.110341895180159744e-02 9.770909500449076468e-01 1.540276027249555035e+01 -4.073769196509838438e-03 9.972935329347364375e-01 7.340990064959655725e-02 6.630044018513943094e-01 -9.796661974364822001e-01 -1.870595640555547390e-02 1.997604693338642101e-01 7.594882874099671000e+00
1.862834752820009265e-01 -7.192765053096179806e-02 9.798596142077701243e-01 1.622357651957286961e+01 -4.761963938223952655e-03 9.972388002353432812e-01 7.410869683831300403e-02 7.064494567842336537e-01 -9.824845075147591311e-01 -1.847128086785788936e-02 1.854265911477913920e-01 7.742416550771153538e+00
1.721522739798658497e-01 -7.106446470508624713e-02 9.825036488172694815e-01 1.699281702555699525e+01 -6.453725553871813431e-03 9.972916351639410371e-01 7.326488794357027823e-02 7.422839041351610989e-01 -9.850492175667335815e-01 -1.895352509349304201e-02 1.712273908909245912e-01 7.886117264122940007e+00
1.555141888027677111e-01 -7.011529497267005029e-02 9.853421567612137277e-01 1.780138319600931496e+01 -7.388326713006932757e-03 9.973673624407647376e-01 7.213707033626554077e-02 7.859018844110224888e-01 -9.878060370438055404e-01 -1.849836687236005792e-02 1.545867402255920453e-01 8.029123750489764788e+00
1.339889183806014794e-01 -6.877750357557843586e-02 9.885932469979247239e-01 1.857726874550018437e+01 -1.012095126408643631e-02 9.974416792823752598e-01 7.076484108295412467e-02 8.272951539710826641e-01 -9.909311546650839686e-01 -1.948720771195966428e-02 1.329500366126023236e-01 8.119902816552535540e+00
1.086524431846375427e-01 -6.721593186971884515e-02 9.918047429826026828e-01 1.941957084016915047e+01 -1.456999133155732762e-02 9.974965549219200200e-01 6.919781962005217002e-02 8.609218759649162056e-01 -9.939730274021214562e-01 -2.196909781402955897e-02 1.074011008311268472e-01 8.195723695067576031e+00
7.971234865787747703e-02 -6.690058346597256567e-02 9.945703777887222596e-01 2.025719357584082658e+01 -1.809752302452145162e-02 9.974837267584739653e-01 6.854702392631253915e-02 9.037002987791441511e-01 -9.966536200939599688e-01 -2.346330373203332417e-02 7.830103436985141885e-02 8.254834954853185636e+00
4.716880931108028557e-02 -6.679217862661242233e-02 9.966513388105966431e-01 2.110616893606553646e+01 -2.128575596179008503e-02 9.974681490679349061e-01 6.785431579867853835e-02 9.456054302910705811e-01 -9.986601210433408982e-01 -2.441508361310741268e-02 4.562766151156672639e-02 8.320404236724694869e+00
1.329588846099664413e-02 -6.605257712961933036e-02 9.977275475634309609e-01 2.190089903643538705e+01 -2.313822729175859377e-02 9.975282459957468539e-01 6.634772693140117417e-02 9.834401247160926562e-01 -9.996438661431990003e-01 -2.396779789297006497e-02 1.173468335967717269e-02 8.329262434242655999e+00
-2.145725797629497236e-02 -6.496980026108685469e-02 9.976565009295667030e-01 2.277780760060988641e+01 -2.457872747878796574e-02 9.976189338209436874e-01 6.443872309298705192e-02 1.011736802947327041e+00 -9.994676030332748651e-01 -2.313844808363430330e-02 -2.300304323305967652e-02 8.273231429332026821e+00
-5.569685200734411645e-02 -6.284403064964851071e-02 9.964679980772284118e-01 2.361882659026293751e+01 -2.751636144856565644e-02 9.977347440440674786e-01 6.138591358783133251e-02 1.046879740324873298e+00 -9.980684985079412153e-01 -2.400017060458549401e-02 -5.729992483532091174e-02 8.240988537483495691e+00
-8.641585002909496493e-02 -5.971986128962879919e-02 9.944676071952929242e-01 2.447142118941281907e+01 -2.917424083522285327e-02 9.979253380436345910e-01 5.739236341447204875e-02 1.085927905322042530e+00 -9.958319042906570440e-01 -2.405322674900661414e-02 -8.797884935743439938e-02 8.161375202271440088e+00
-1.183522111970558011e-01 -5.567283239479035167e-02 9.914097400311669972e-01 2.528647401376531434e+01 -2.596815918148358271e-02 9.982590667503694615e-01 5.295743926988963346e-02 1.121664806882931353e+00 -9.926320696641874886e-01 -1.947745501016736464e-02 -1.195918902565939745e-01 8.008516366216365867e+00
-1.508487604860815900e-01 -5.010837262824271998e-02 9.872860706714210455e-01 2.611553114665152364e+01 -2.179579399474032564e-02 9.986403260960361461e-01 4.735443454491361504e-02 1.138116115280623175e+00 -9.883165543193878078e-01 -1.437532511708701326e-02 -1.517358085108873600e-01 7.922829802377850505e+00
-1.828478607281857071e-01 -4.405246019464893054e-02 9.821537677989908843e-01 2.701302858145630381e+01 -1.607561626897097834e-02 9.989960327160215536e-01 4.181508322645510062e-02 1.159197839203566227e+00 -9.830097918529074885e-01 -8.142927584123701990e-03 -1.833724592784385377e-01 7.698005542693606706e+00
-2.114183136246598205e-01 -3.849788444199367388e-02 9.766371858234440539e-01 2.780388760974820173e+01 -1.036540064333252471e-02 9.992561033396075709e-01 3.714563779306528923e-02 1.169047400983665552e+00 -9.773407140755050460e-01 -2.269966575670963153e-03 -2.116600876112017526e-01 7.526911193826268054e+00
-2.395674007096782743e-01 -3.188864085944352611e-02 9.703558926782750449e-01 2.858146308690130155e+01 -1.837153559437967312e-03 9.994735542308945675e-01 3.239196268749694463e-02 1.193762173315217501e+00 -9.708780054052656983e-01 5.977366628747350641e-03 -2.394998671554704472e-01 7.289926316433787079e+00
-2.664109339121961129e-01 -2.196368769814668540e-02 9.636092539335096019e-01 2.943654037721892536e+01 5.150700953966689741e-03 9.996936215645904067e-01 2.421018924211254530e-02 1.210582560390369711e+00 -9.638457865723560891e-01 1.141312337496036729e-02 -2.662161843119172921e-01 7.099302182873943323e+00
-2.911367104571418452e-01 -6.680566400425809459e-03 9.566581257777038161e-01 3.019036592496649618e+01 8.737968106002275137e-03 9.999153378192719988e-01 9.641840531617023452e-03 1.208984804297386528e+00 -9.566415625439762538e-01 1.116634305478437367e-02 -2.910536889557840956e-01 6.812979667490846936e+00
-3.155426715355729161e-01 9.551378409722517324e-03 9.488633081765814881e-01 3.097313037931147761e+01 9.498900200156857460e-03 9.999310325661404653e-01 -6.906590351191335339e-03 1.178744641553503225e+00 -9.488638514019641645e-01 6.833834969779991123e-03 -3.156116382914594953e-01 6.501882084806755557e+00
-3.412370452892094508e-01 2.387418135787797852e-02 9.396740321267632590e-01 3.176429274048636131e+01 8.906769970794396404e-03 9.997146463177261078e-01 -2.216518374723825888e-02 1.145537031206266043e+00 -9.399350845729537163e-01 8.058796428848896513e-04 -3.413523152055807364e-01 6.235852588573761679e+00
-3.657818867440361110e-01 3.479309178249098689e-02 9.300500183571217550e-01 3.251466128354540075e+01 1.202606744760396744e-02 9.993942476303006028e-01 -3.265748735986440804e-02 1.110722923108317994e+00 -9.306229094214830688e-01 -7.606721191228196788e-04 -3.659787388776551409e-01 5.918261727791268356e+00
-3.898764016432635371e-01 3.977233197824481259e-02 9.200079009984415412e-01 3.327406367349031768e+01 1.600733813655824331e-02 9.992086270235346346e-01 -3.641270073285628878e-02 1.071490479060598133e+00 -9.207280655705906147e-01 5.304257987722837270e-04 -3.902045144576495872e-01 5.627553288194817149e+00
-4.126626638025236993e-01 3.914452713180794491e-02 9.100424259570512042e-01 3.406621599646167908e+01 1.821003580267711516e-02 9.992310422368593237e-01 -3.472346167448812221e-02 1.021756617886109275e+00 -9.107018910256114985e-01 2.242829951927316056e-03 -4.130581681665015936e-01 5.261142881939187887e+00
-4.334877383615086677e-01 3.613501457796777783e-02 9.004346877127968884e-01 3.481978116914739019e+01 2.222782810753557922e-02 9.993204794942988078e-01 -2.940242985088486333e-02 9.891535048974073874e-01 -9.008852967132345846e-01 7.269115667920972475e-03 -4.339963787156727038e-01 4.906703122809470408e+00
-4.510270228817668814e-01 3.455502602408722090e-02 8.918411071949572388e-01 3.552499195038909363e+01 2.922342013318608017e-02 9.992862026044119217e-01 -2.393902570818940562e-02 9.688081636929756213e-01 -8.920317424486846614e-01 1.526550096579172046e-02 -4.517148982673733770e-01 4.493667843010937801e+00
-4.644285820411213073e-01 3.505514808076917038e-02 8.849165015151855274e-01 3.624738748544901057e+01 3.269737724171278836e-02 9.992137487090588799e-01 -2.242244098207436115e-02 9.167759292153069284e-01 -8.850067721005119292e-01 1.852082732477569604e-02 -4.652096371170549860e-01 4.077757552844678557e+00
-4.763849915442630589e-01 3.823538881798024119e-02 8.784050210127029024e-01 3.691853924359099892e+01 3.462863446442893123e-02 9.990947600699321418e-01 -2.470866285407496629e-02 8.503428153760929087e-01 -8.785546142706404105e-01 1.864713135229709509e-02 -4.772777893690194340e-01 3.705123159739561078e+00
-4.866281438779827551e-01 4.114217775613864675e-02 8.726398782025989176e-01 3.764497485573795643e+01 3.692895508963942031e-02 9.989663446796360757e-01 -2.650461118274472297e-02 8.200567420217218517e-01 -8.728283419020277378e-01 1.932779024023703954e-02 -4.876444769730667317e-01 3.340209370198551131e+00
-4.968138101458414724e-01 4.051204199235207415e-02 8.669110674693939478e-01 3.832745507968012788e+01 3.072691818827565091e-02 9.991046895212973844e-01 -2.908050589573136363e-02 7.609006914654431464e-01 -8.673130386086483901e-01 1.218990955514803395e-02 -4.976138189576135851e-01 2.943965241345455119e+00
-5.083449635731939198e-01 3.934602720216578975e-02 8.602541919355587430e-01 3.906500988565046129e+01 2.897617308155943372e-02 9.991715232666162905e-01 -2.857706138151918512e-02 7.466219574542390935e-01 -8.606659000966524475e-01 1.039987015560514712e-02 -5.090639101050609128e-01 2.546986757928512368e+00
-5.170193728487174623e-01 4.059943590796424862e-02 8.550103161029725118e-01 3.971542901224182032e+01 3.150050083905390347e-02 9.991003655729016053e-01 -2.839327219800670543e-02 7.100800753841192137e-01 -8.553938850415666595e-01 1.225338243001806472e-02 -5.178331481915400270e-01 2.109392406113577589e+00
-5.243412787513624940e-01 4.338055541296263751e-02 8.504024562996275183e-01 4.040132671176115764e+01 3.474909910612140190e-02 9.989596063582735219e-01 -2.953311561893259135e-02 6.621967816870617529e-01 -8.507988806913502344e-01 1.406528867127451558e-02 -5.253031938372575427e-01 1.677071627508189611e+00
-5.285484759840440860e-01 4.692926558386266433e-02 8.476049430705281384e-01 4.112431259492510094e+01 3.590461119684695140e-02 9.988131305042230457e-01 -3.291183930702262089e-02 6.455190257405080123e-01 -8.481434897613784329e-01 1.303742445432890494e-02 -5.296061361508990206e-01 1.249091471526316832e+00
-5.272698933964699020e-01 4.797990430259272548e-02 8.483421333583027746e-01 4.182418864122456625e+01 3.500858329728593482e-02 9.987833879122973713e-01 -3.472957047978048051e-02 5.824482097934988722e-01 -8.489763662399744115e-01 1.138740033283519235e-02 -5.283081201436730101e-01 7.843749328649496366e-01
-5.249063371397769684e-01 4.899623290626738126e-02 8.497486059310900286e-01 4.255696224423166285e+01 3.755706872857059869e-02 9.987027228078271257e-01 -3.438514186894160718e-02 5.461480698787860577e-01 -8.503310035981580528e-01 1.386508896471319759e-02 -5.260655442060612197e-01 3.565376867555880014e-01
-5.190271175232032963e-01 4.782404355808635849e-02 8.534188297191380723e-01 4.331713671896812912e+01 3.574524801075515401e-02 9.987745350097684272e-01 -3.423018258340847220e-02 4.971685104654260945e-01 -8.540100353600714733e-01 1.273927576026941295e-02 -5.201005514633653126e-01 -7.582640140595653389e-02
-5.116524508529267656e-01 4.619358200596224845e-02 8.579498290542074690e-01 4.407066835594657306e+01 3.353044988755439493e-02 9.988665206244559114e-01 -3.378435803902455487e-02 4.607458393426254184e-01 -8.585379960046027881e-01 1.148159518444616042e-02 -5.126213961490040383e-01 -5.550303136888263822e-01
-5.045216070510216699e-01 4.621676800725541684e-02 8.621612058714058779e-01 4.485633530452736295e+01 3.202293404621441020e-02 9.988808946538514366e-01 -3.480646397365082939e-02 4.277542859549009480e-01 -8.628050138732600294e-01 1.004831930954729405e-02 -5.054369919529464461e-01 -9.898180993334224631e-01
-4.978969073158874825e-01 4.420114166235011854e-02 8.661090665635275965e-01 4.564742082714497684e+01 2.862098648924404215e-02 9.989937681142680992e-01 -3.452955762672139939e-02 3.639010086718803549e-01 -8.667638208849202108e-01 7.596736937313806198e-03 -4.986609890714285287e-01 -1.461796800093702497e+00
-4.935704317188301382e-01 4.242322757300442254e-02 8.686705273254203830e-01 4.648788513388902288e+01 2.499225183205225700e-02 9.990889718522876217e-01 -3.459210351267962696e-02 3.238341939674489467e-01 -8.693466677582359914e-01 4.636394087469467712e-03 -4.941810283741583376e-01 -1.889081726784741067e+00
-4.918476441414027511e-01 3.942539551839299022e-02 8.697882037926085719e-01 4.730837886297353378e+01 2.052983095219011039e-02 9.992216846328669799e-01 -3.368309608212333855e-02 2.995914442559785562e-01 -8.704392187236789091e-01 1.289654279147291974e-03 -4.922742294924687956e-01 -2.373632983513950911e+00
-4.930031083327580665e-01 3.708727685411491309e-02 8.692367084984391479e-01 4.816047816602115716e+01 1.763742977088400901e-02 9.993117432765833419e-01 -3.263373694157111621e-02 2.478872607790732485e-01 -8.698487619853300101e-01 -7.574314194352272517e-04 -4.933179210941364690e-01 -2.803171335791299956e+00
-4.931670823530875380e-01 3.584624511456055429e-02 8.691957558150217311e-01 4.901010153284583026e+01 1.629054277997099565e-02 9.993560240765736458e-01 -3.197116398294315431e-02 2.068572672027252923e-01 -8.697820759134488044e-01 -1.607454094754898503e-03 -4.934334506395770537e-01 -3.301005711327133607e+00
-4.941570401448804328e-01 3.519200765542956216e-02 8.686600765662016999e-01 4.991745354224600106e+01 1.651179888322233322e-02 9.993800463528178524e-01 -3.109474904369788351e-02 1.623270834726034395e-01 -8.692158492778679912e-01 -1.022547742045746850e-03 -4.944317702616720100e-01 -3.781706359999304823e+00
-4.936480921013967627e-01 3.447745742868444513e-02 8.689780506043592867e-01 5.076484609725179098e+01 1.600198469274865393e-02 9.994047774592100808e-01 -3.056185935512868365e-02 1.186291166077639708e-01 -8.695145255390174244e-01 -1.181429171069661374e-03 -4.939059705995459959e-01 -4.301263164904438163e+00
-4.941225453721287408e-01 3.407050157020009157e-02 8.687244082119267574e-01 5.165873704560566892e+01 1.659440998219335536e-02 9.994193904998216471e-01 -2.975747669547211885e-02 7.800961993035897268e-02 -8.692338857728519885e-01 -2.878702023639754777e-04 -4.944010342227896926e-01 -4.799907157759787601e+00
-4.940143948096077375e-01 3.351135489118925448e-02 8.688076617739699525e-01 5.255551975982921675e+01 1.585133797809202411e-02 9.994380006142753459e-01 -2.953672261280182454e-02 1.749779189162248283e-02 -8.693092230453047797e-01 -8.198013310785599601e-04 -4.942679600591030620e-01 -5.322679555101018423e+00
-4.948961749126700727e-01 3.234841511085570498e-02 8.683497811667632016e-01 5.350204152143416536e+01 1.451867288904045393e-02 9.994751658584183351e-01 -2.895860739885395760e-02 -2.410323800419039708e-02 -8.688308216486961832e-01 -1.724216683897774986e-03 -4.951060937836314069e-01 -5.782238174657098106e+00
-4.948616345372433001e-01 3.122706210991615938e-02 8.684105132993161780e-01 5.437516384338715625e+01 1.379217194043354244e-02 9.995104735450466293e-01 -2.808183115597547713e-02 -8.275645418569216316e-02 -8.688623315061445584e-01 -1.919352830756996219e-03 -4.950500769079827501e-01 -6.299221859804716495e+00
-4.943747737473240256e-01 3.023596337113523824e-02 8.687228303352535486e-01 5.526303970839293811e+01 1.270790520055097884e-02 9.995394488664728350e-01 -2.755720017080124859e-02 -1.219172794467790755e-01 -8.691559725917383794e-01 -2.583936309703220753e-03 -4.945313258639277287e-01 -6.799265598704728575e+00
-4.928912060849620635e-01 2.904668560287802098e-02 8.696059655603937122e-01 5.617914791288623633e+01 1.223217117643117351e-02 9.995751696550028154e-01 -2.645475712892494946e-02 -1.730621711961705944e-01 -8.700049686317100628e-01 -2.402147201650596271e-03 -4.930371161982290973e-01 -7.325822179506989329e+00
-4.905549278055525986e-01 2.692949627253037742e-02 8.709940592875358156e-01 5.708181859098237254e+01 1.244950625336881979e-02 9.996369494000241218e-01 -2.389517034573830287e-02 -2.307056863551212589e-01 -8.713213443573333272e-01 -8.784466401079112953e-04 -4.907120917027184004e-01 -7.837238908695812079e+00
-4.873504283625474942e-01 2.539122584273082947e-02 8.728372310169930648e-01 5.798401273012161994e+01 1.286294214112490217e-02 9.996774369418759409e-01 -2.189901290351886284e-02 -2.766913038715491657e-01 -8.731117438700097821e-01 5.547624335214985242e-04 -4.875198342151780273e-01 -8.327096059301810627e+00
-4.850840772037935400e-01 2.450923298515659404e-02 8.741239738897368383e-01 5.885914538321973311e+01 1.192634775016633390e-02 9.996996029063234257e-01 -2.141182283940558373e-02 -3.401762028371974611e-01 -8.743861920818787326e-01 3.857311445505223193e-05 -4.852306662224502576e-01 -8.841933056859785367e+00
-4.832567381022804809e-01 2.507515764461435911e-02 8.751195048142296207e-01 5.977692905323519312e+01 1.327864397498107474e-02 9.996846955051754691e-01 -2.131166731370611953e-02 -3.752786562427208317e-01 -8.753779842754589868e-01 1.321394470960276677e-03 -4.834373304030685214e-01 -9.312849722629779947e+00
-4.825995155654982383e-01 2.554293627097513689e-02 8.754685900311680591e-01 6.062856288845306096e+01 1.291205034098455093e-02 9.996735059833907755e-01 -2.204904460756694842e-02 -4.265468705394682147e-01 -8.757459672788809879e-01 6.632372145442031559e-04 -4.827717626222334246e-01 -9.779590377849471494e+00
-4.834018437943209956e-01 2.654428840277302942e-02 8.749960253235355978e-01 6.153381894784068606e+01 1.254268586409205272e-02 9.996475821626299441e-01 -2.339642035179073307e-02 -4.534602136675011108e-01 -8.753087176003719883e-01 -3.350715140776737585e-04 -4.835644222642684342e-01 -1.029495296899488999e+01
-4.863867486308299237e-01 2.842857712733440692e-02 8.732810160374905317e-01 6.242738149908756640e+01 1.188457804419122341e-02 9.995933407543806659e-01 -2.592122493665612037e-02 -4.873327004450034861e-01 -8.736628069048218981e-01 -2.229163003605704862e-03 -4.865268178352101236e-01 -1.074589394925071062e+01
-4.903777689569862597e-01 2.877129245170206504e-02 8.710349262347965027e-01 6.330670537573703172e+01 1.029350075700954242e-02 9.995764108343162535e-01 -2.722209995746730643e-02 -5.511371743718724847e-01 -8.714491953601268825e-01 -4.383113068305000658e-03 -4.904662087934771320e-01 -1.126142256172808764e+01
-4.958561756831614820e-01 2.755050669992299348e-02 8.679675160872353246e-01 6.422340696831662399e+01 1.028991867161168847e-02 9.996128559325253571e-01 -2.585064426471021110e-02 -5.895745871435176255e-01 -8.683437009913138604e-01 -3.886885548199236953e-03 -4.959477016011841766e-01 -1.174392865317902412e+01
-5.011806648633801986e-01 2.553572843161374881e-02 8.649658109955049579e-01 6.508665396043528517e+01 1.342072133711892136e-02 9.996736547057394340e-01 -2.173633599571861766e-02 -6.459413268692253407e-01 -8.652386016273805325e-01 7.146347365938886557e-04 -5.013598160244673307e-01 -1.225060362542840942e+01
-5.071288557355424498e-01 2.366129690475165734e-02 8.615453866493515411e-01 6.597266846593946354e+01 1.078880515976652146e-02 9.997190406156902798e-01 -2.110548494305885051e-02 -6.904227431345301147e-01 -8.618027254531993586e-01 -1.408154189694612235e-03 -5.072416514587168024e-01 -1.274488099096600457e+01
-5.120920343135548780e-01 2.567800207922216887e-02 8.585466645651210760e-01 6.678272091452022607e+01 1.150184188628001515e-02 9.996684164212232826e-01 -2.303833376137904079e-02 -7.376835275404356462e-01 -8.588535778398372900e-01 -1.922878297228325980e-03 -5.122175785321125829e-01 -1.325042742311975097e+01
-5.161067748910111996e-01 2.761653024692484887e-02 8.560789162652410189e-01 6.763535496166804251e+01 1.127326734338928056e-02 9.996125182075488169e-01 -2.545047868595551668e-02 -7.863693710564939598e-01 -8.564500700117421150e-01 -3.484357083455122579e-03 -5.162181226461075578e-01 -1.378518730785054558e+01
-5.217811492005572926e-01 2.807726928156095703e-02 8.526171978633682036e-01 6.847655441011978894e+01 1.062750948241325544e-02 9.995946078920858735e-01 -2.641355514271881422e-02 -8.229156102328700761e-01 -8.530131888451314426e-01 -4.720896915465368909e-03 -5.218680158860274920e-01 -1.427105489358964618e+01
-5.261717827144343218e-01 2.833940035536424568e-02 8.499059479397481631e-01 6.927759395314602386e+01 9.818503660428284235e-03 9.995803858915135454e-01 -2.725158909120088332e-02 -8.686842482357280959e-01 -8.503216238233869406e-01 -5.994211680758750743e-03 -5.262292453130882341e-01 -1.477583439811063393e+01
-5.291343286592182782e-01 2.757611879769339761e-02 8.480898577617078660e-01 7.011790014672941140e+01 9.408840498804573946e-03 9.996010178422860548e-01 -2.663228925910185452e-02 -9.260638710200667090e-01 -8.484859148976336973e-01 -6.112515427082650284e-03 -5.291826739997961271e-01 -1.529505664803620135e+01
-5.314722762887006402e-01 2.104222627305224469e-02 8.468142837806216239e-01 7.098413979228898540e+01 1.088887796644985063e-02 9.997785264170916397e-01 -1.800917636238124828e-02 -9.829244791667671732e-01 -8.470057046155808900e-01 -3.505196322626190331e-04 -5.315836966446513268e-01 -1.581316584456888741e+01
-5.333120016974705058e-01 1.426673910309468780e-02 8.457982950979489045e-01 7.178458392048392511e+01 1.275060510456127449e-02 9.998797551182875276e-01 -8.825947698300147526e-03 -1.000763051074538224e+00 -8.458225243248582714e-01 6.077457214795819671e-03 -5.334297844046771431e-01 -1.635107159485345818e+01
-5.346652438255941053e-01 1.126880523453890198e-02 8.449888035259555119e-01 7.261870876112737960e+01 1.326780010116693047e-02 9.998997782553435965e-01 -4.939524571656352288e-03 -1.019351728509068966e+00 -8.449597944512055037e-01 8.570151437526379520e-03 -5.347611721852940647e-01 -1.685970670303700558e+01
-5.368193065487423254e-01 1.511663813063907590e-02 8.435617976304287113e-01 7.338734352753151313e+01 1.193223951408499753e-02 9.998755060998183453e-01 -1.032443421739632529e-02 -1.065339856544533115e+00 -8.436128646782573570e-01 4.523226770358286693e-03 -5.369328523526054608e-01 -1.734305058690311796e+01
-5.379648800427603295e-01 1.989487041221149263e-02 8.427324421494967188e-01 7.418886182730352630e+01 1.175552892135189008e-02 9.998013007617390091e-01 -1.609864947835273549e-02 -1.113309707932359061e+00 -8.428852869948572080e-01 1.246258500336366176e-03 -5.380918627407771382e-01 -1.783840523875329609e+01
-5.380968522291725842e-01 2.553431032217844468e-02 8.424961505587310606e-01 7.501344630960682025e+01 1.884108270219585560e-02 9.996556641322930092e-01 -1.826380954667406256e-02 -1.125067495191142797e+00 -8.426724172909364485e-01 6.045842201310537740e-03 -5.383926614209660899e-01 -1.838135358371311412e+01
-5.379054415879549467e-01 2.654825025763500254e-02 8.425870361007666842e-01 7.574537304601862786e+01 2.211384087451198285e-02 9.996044109678429157e-01 -1.737813507878983518e-02 -1.159616841891577765e+00 -8.427150915877947845e-01 9.285043223938612214e-03 -5.382797370627531164e-01 -1.888160236748490561e+01
-5.376808016439742488e-01 2.337288943538644997e-02 8.428244483055303826e-01 7.659199005685164252e+01 2.134898881702205695e-02 9.996726104045987604e-01 -1.410293048524617274e-02 -1.213755156951444203e+00 -8.428781571873259493e-01 1.041057577366535057e-02 -5.380037592852355832e-01 -1.939322424855523863e+01
-5.365766146001348380e-01 1.876824626197503079e-02 8.436428608419899167e-01 7.743258693822595262e+01 1.960797476761359445e-02 9.997600064387559549e-01 -9.770200553143378042e-03 -1.238113382687264119e+00 -8.436237761332398000e-01 1.129966782438986822e-02 -5.368158481535786342e-01 -1.992850176276766305e+01
-5.361192971250537953e-01 1.260753580819399915e-02 8.440480651770159159e-01 7.818282943031388754e+01 1.814098068773865174e-02 9.998296179591681376e-01 -3.411721111828415823e-03 -1.242355199414746814e+00 -8.439472825647313936e-01 1.348277118296992670e-02 -5.362566662756936831e-01 -2.041810109593160760e+01
-5.357612693145609173e-01 6.387526257278644710e-03 8.443453374279049628e-01 7.902239313377710062e+01 9.515271134110653631e-03 9.999535628579617752e-01 -1.526999122630148678e-03 -1.283848031780792764e+00 -8.443158968154884647e-01 7.216068832874324157e-03 -5.357971703232204952e-01 -2.093318468935227017e+01
-5.342862308284597184e-01 1.273648050403991148e-03 8.453026608040560275e-01 7.985403411661400241e+01 1.340351307103744821e-03 9.999988842284475155e-01 -6.595437070153367491e-04 -1.298403828013400263e+00 -8.453025723028720906e-01 7.806183548303771702e-04 -5.342873430101153787e-01 -2.140082191699672975e+01
-5.321138320164278124e-01 2.242505122395606343e-03 8.466698458693783236e-01 8.066029850864396167e+01 4.624495642509184046e-03 9.999892737257750630e-01 2.578080924954960127e-04 -1.334219998096338955e+00 -8.466602007835788424e-01 4.052605245119324934e-03 -5.321184960620779503e-01 -2.190778058729786437e+01
-5.301230118719797435e-01 4.750563731636044465e-03 8.479074308861280773e-01 8.143851118059487249e+01 8.905235978490685239e-03 9.999603469866186201e-01 -3.479571513665025731e-05 -1.354189706030637819e+00 -8.478739887875980097e-01 7.532370762010952639e-03 -5.301442969796399396e-01 -2.239520927007915319e+01
-5.244664802226215450e-01 7.278779364791814789e-03 8.513999749359031366e-01 8.222996794124553332e+01 9.082873176643944252e-03 9.999543874756570139e-01 -2.953704014908320810e-03 -1.398899954190070849e+00 -8.513826545400657864e-01 6.184040246470393597e-03 -5.245086714089401969e-01 -2.288372744790336810e+01
-5.164127543553447275e-01 8.667489668798832730e-03 8.562959350896535149e-01 8.301657463126981895e+01 1.397546076142818644e-02 9.999009055690616377e-01 -1.692783122918931765e-03 -1.391440910385775664e+00 -8.562257679457964121e-01 1.109295649360365205e-02 -5.164827140928748284e-01 -2.336259731501793979e+01
-5.083013178944245647e-01 1.153810627732666100e-02 8.611019851820098658e-01 8.380262492603296209e+01 2.122819054570877426e-02 9.997742820267415675e-01 -8.653835019916747417e-04 -1.439534992712698358e+00 -8.609176187950391412e-01 1.783976255727902707e-02 -5.084315194808138871e-01 -2.385365745383337455e+01
-4.985493034274913748e-01 1.192062665221505467e-02 8.667793704883642869e-01 8.461610100891955710e+01 2.149938119370975800e-02 9.997679040478278933e-01 -1.383693720803870876e-03 -1.429688152152754688e+00 -8.665947040207458985e-01 1.794538167233221404e-02 -4.986898794677873115e-01 -2.429986287625007790e+01
-4.869212952704283781e-01 9.906931906342638858e-03 8.733896559460129216e-01 8.546401773745245123e+01 1.859123633260981179e-02 9.998266912903558401e-01 -9.763624260253911131e-04 -1.458167585454893445e+00 -8.732479778007044002e-01 1.576198294931950919e-02 -4.870210909096047702e-01 -2.476767961639648874e+01
-4.760572661417462603e-01 7.356344775406565249e-03 8.793835054014236263e-01 8.624371532314275157e+01 1.969313901429742275e-02 9.998034321211957121e-01 2.297250680511326790e-03 -1.484431426171926693e+00 -8.791937627212318418e-01 1.841144563015302549e-02 -4.761085593315242392e-01 -2.518806699793638160e+01
-4.645188585443911777e-01 5.555901230709938375e-03 8.855457909480208833e-01 8.709167447203348900e+01 1.897158347806416831e-02 9.998132550647296224e-01 3.678856375096030938e-03 -1.508692159798952659e+00 -8.853599957390220210e-01 1.850910520017381641e-02 -4.645375174892097392e-01 -2.561282825345091752e+01
-4.511159095297255228e-01 4.197293396453586484e-03 8.924554916317058995e-01 8.801603685968393620e+01 1.850105140187949596e-02 9.998180294338411267e-01 4.649632625379865845e-03 -1.518167262562003739e+00 -8.922735905932142053e-01 1.860888932164751416e-02 -4.511114753077510864e-01 -2.605386580977042499e+01
-4.390324648657679685e-01 6.454705281361732341e-03 8.984480046428030553e-01 8.883620324422209080e+01 2.243490037240150614e-02 9.997411578726720371e-01 3.780537325138411901e-03 -1.526350936493442445e+00 -8.981910617656944096e-01 2.181637127271258969e-02 -4.390636367019175590e-01 -2.643763983918787730e+01
