1.000000000000000000e+00 0.000000000000000000e+00 0.000000000000000000e+00 0.000000000000000000e+00 0.000000000000000000e+00 1.000000000000000000e+00 0.000000000000000000e+00 0.000000000000000000e+00 0.000000000000000000e+00 0.000000000000000000e+00 1.000000000000000000e+00 0.000000000000000000e+00
9.999999909860881608e-01 1.454339857124064753e-05 1.334777631237946615e-04 2.041104108453146819e-03 -1.450193340307660074e-05 9.999999516437664271e-01 -3.106479659893644492e-04 1.738678720377122549e-03 -1.334822745464975225e-04 3.106460275035794719e-04 9.999999428407623236e-01 -1.414518621091510279e-03
9.999999826656478241e-01 4.470375663528179175e-06 1.861416656787510189e-04 -1.656969499662127969e-03 -4.406964396468604383e-06 9.999999419655524191e-01 -3.406603448209248055e-04 -9.462345955395072561e-05 -1.861431777558372812e-04 3.406595185961051246e-04 9.999999246509020390e-01 -3.254611056461974988e-03
9.999999905689629376e-01 -1.329764199535790278e-04 3.434160306144435769e-05 -3.354242102687391477e-03 1.329817796485261111e-04 9.999999789719870025e-01 -1.561149318302388689e-04 -1.491075480718251573e-03 -3.432084273457259292e-05 1.561194971654042776e-04 9.999999872243910959e-01 -8.662488697656978501e-04
9.999999997598816304e-01 -4.419870026635346847e-06 -2.146395621202949687e-05 2.219806750944276763e-03 4.422875198804825786e-06 9.999999901885191500e-01 1.400121414360133059e-04 -2.754631400354840432e-03 2.146333716596900400e-05 -1.400122363347934377e-04 9.999999899679493653e-01 1.203169044477429579e-03
9.999999977895167591e-01 4.631897428210045764e-05 -4.770240028080670168e-05 2.978994702212396303e-03 -4.631264143330143877e-05 9.999999901162890392e-01 1.327499943755313099e-04 2.561171439623664836e-05 4.770854865290539325e-05 -1.327477848579299848e-04 9.999999900509599637e-01 1.384706686681064962e-03
9.999999989251773247e-01 -2.442608320419982298e-05 3.940827121224869679e-05 -2.087652512779029478e-03 2.443280903280840383e-05 9.999999851358535308e-01 -1.706790278695105155e-04 6.260655811766544128e-04 -3.940410160634242356e-05 1.706799905408256832e-04 9.999999846578286888e-01 -7.262613563601362423e-04
9.999999874185736548e-01 3.584514247141527366e-05 1.545250087613929803e-04 -2.274939232564093979e-03 -3.582589421009345343e-05 9.999999916000303912e-01 -1.245650210205446638e-04 -1.029966395758907631e-03 -1.545294725143130609e-04 1.245594834567222988e-04 9.999999803027883605e-01 1.150885938948033402e-03
9.999999948967825958e-01 8.462766260709118557e-05 5.517783495857055592e-05 -9.965444167123541086e-05 -8.461794300026035016e-05 9.999999809091697500e-01 -1.761291114367214978e-04 -6.135900594935435673e-04 -5.519273930019783213e-05 1.761244415030029629e-04 9.999999829669711238e-01 -1.225887619309121938e-03
9.999999953054226065e-01 9.286023903061606255e-05 -2.767906648609990035e-05 2.938321298988674345e-04 -9.285810311065701382e-05 9.999999927119584964e-01 7.715863973923381880e-05 -5.658361042921664910e-04 2.768623125410317985e-05 -7.715606915139685293e-05 9.999999966402067786e-01 -1.095530303840431489e-03
9.999999995005118825e-01 -1.876719762099149263e-05 -2.543164271074589201e-05 1.419639900463675513e-03 1.876995898992526413e-05 9.999999939285846295e-01 1.085841576676717000e-04 6.245916972581240382e-04 2.542960473599437045e-05 -1.085846349643259398e-04 9.999999937813560669e-01 -1.961253044600491310e-03
9.999999922582426537e-01 -1.078641239441995313e-04 6.203906421389055945e-05 -2.994520142961182903e-03 1.078646393939586870e-04 9.999999941481216847e-01 -8.305184991667071472e-06 2.340625156564434851e-04 -6.203816801934219135e-05 8.311876748660114721e-06 9.999999980410891887e-01 -1.288632041392204393e-03
9.999999991414437739e-01 -3.305038461982868597e-05 2.499568978428138734e-05 -5.467627722039015460e-03 3.305564877925003053e-05 9.999999772708253465e-01 -2.106316046732832560e-04 -1.028386058066977065e-03 -2.498872776060244799e-05 2.106324307411866817e-04 9.999999775047710981e-01 3.854859626588892077e-04
9.999999972525299707e-01 7.314158706115464947e-05 1.205190432663814233e-05 -2.439815853575709806e-03 -7.313787292363155962e-05 9.999999499269096592e-01 -3.078912627705103445e-04 1.080474816801650292e-03 -1.207442337876334764e-05 3.078903804739412066e-04 9.999999525288598701e-01 1.198812603484345016e-03
9.999999976565386861e-01 4.970767886497302879e-05 4.707514516930513766e-05 3.285365969002937729e-04 -4.970246816012356206e-05 9.999999926393816629e-01 -1.106837892327615933e-04 -2.866099835208938025e-03 -4.708064665705370661e-05 1.106814492224744923e-04 9.999999927665147448e-01 -7.783472325265166844e-04
9.999999958880902984e-01 3.550184340010725153e-05 8.344721970765827843e-05 1.803427348388709182e-03 -3.550834020761144431e-05 9.999999963388707114e-01 7.785509806925455952e-05 -2.142874690256335937e-03 -8.344445540264766278e-05 -7.785806082138819442e-05 9.999999934875726249e-01 1.612072892058493898e-04
9.999999966886576885e-01 1.744900269891513225e-05 7.948721244350501430e-05 -2.231062394037857700e-03 -1.744852739490979719e-05 9.999999998298922943e-01 -5.980318098484957227e-06 -1.511640817559388754e-03 -7.948731678057026058e-05 5.978931143878211007e-06 9.999999968230094405e-01 -9.280194551001381097e-05
9.999999991572696700e-01 -2.794117299685638177e-05 -3.007908847500303783e-05 -3.395607726561829937e-04 2.793741248739168629e-05 9.999999917955144646e-01 -1.250138869261214851e-04 -6.350793013682257127e-04 3.008258126286120527e-05 1.250130464888665391e-04 9.999999917333882715e-01 -1.349811200868488532e-03
9.999999993373811513e-01 -1.585461674915883168e-05 -3.276993938105173665e-05 -2.127673902729075583e-03 1.585533996994912761e-05 9.999999996307726846e-01 2.206949881103559594e-05 -4.576702303105621532e-03 3.276958946550668394e-05 -2.207001837494160712e-05 9.999999992195341969e-01 -1.226080616270516658e-03
9.999999998796645917e-01 1.460817805022228427e-05 5.222256407700564759e-06 -4.375589893800315919e-03 -1.460808491890000605e-05 9.999999997342915448e-01 -1.783313406337605551e-05 -6.148406123103656966e-03 -5.222516915910557905e-06 1.783305777406502579e-05 9.999999998273536583e-01 -1.060499405324518427e-03
9.999999998466967410e-01 1.549151445587023261e-05 8.162074377534165101e-06 -7.568362379767343794e-03 -1.549017618731096237e-05 9.999999864424591323e-01 -1.639363775963147813e-04 -5.632938156397088517e-04 -8.164613889639885558e-06 1.639362511392126673e-04 9.999999865291222534e-01 -2.945975580590435954e-04
9.999999982454345071e-01 1.727303931578665818e-05 5.666368455348346129e-05 -1.531770757385512993e-02 -1.726887237694809638e-05 9.999999971469927251e-01 -7.353774980671106158e-05 4.859799071640691359e-03 -5.666495461226515656e-05 7.353677115974730123e-05 9.999999956907130727e-01 -1.034370281473539739e-05
9.999999985064370600e-01 4.398841065326065670e-05 3.243679328998655593e-05 -2.410226286333778251e-02 -4.398582625491434121e-05 9.999999958588645654e-01 -7.967131204505197841e-05 5.138010631767096249e-03 -3.244029777005292626e-05 7.966988516690395265e-05 9.999999963001682257e-01 4.607804552161311098e-04
9.999999924586787658e-01 -7.353766368350563834e-05 -9.836083806277652467e-05 -3.016925107032068787e-02 7.352435146299258941e-05 9.999999881389751710e-01 -1.353374271095086716e-04 4.831239669678437029e-03 9.837078929431475707e-05 1.353301941720577121e-04 9.999999860044630484e-01 -1.782927830868248891e-03
9.999999475150389561e-01 -1.059697020053829706e-04 -3.061704451556826923e-04 -2.685830027469636797e-02 1.058657525082458374e-04 9.999999367622285362e-01 -3.395113860724408039e-04 6.084237092095840654e-03 3.062064037145556029e-04 3.394789552886267312e-04 9.999998954958331243e-01 -9.175587465041028928e-03
9.999994227768397304e-01 -5.199663110028044169e-05 -1.073192591123213685e-03 1.330168324864104690e-02 5.171734872545451190e-05 9.999999647947099835e-01 -2.602612047746204584e-04 8.878540561038889695e-03 1.073206086047011473e-03 2.602055518703406652e-04 9.999993902606979512e-01 -1.188823322550885617e-02
9.999980813206663655e-01 1.622864590001143155e-05 -1.958849564682400585e-03 3.850617100830146244e-02 -1.708703132246974156e-05 9.999999038474525204e-01 -4.381930158527790205e-04 4.083890349734342791e-03 1.958842265054734372e-03 4.382256460247631303e-04 9.999979854456026995e-01 -1.314029573535070369e-02
9.999977415853055218e-01 5.821645499031333557e-05 -2.124484674682402228e-03 6.743042138202083591e-02 -5.977319513762906954e-05 9.999997297851196398e-01 -7.327051610003380063e-04 2.937864204192182360e-03 2.124441445118003570e-03 7.328304934852622726e-04 9.999974748508188016e-01 -1.128861058232915812e-02
9.999988384795558405e-01 -1.148620290295139127e-04 -1.519817835646531052e-03 1.219422666864312527e-01 1.140592708607645359e-04 9.999998539607355408e-01 -5.282698082145876424e-04 9.851456965199446164e-03 1.519878291835498807e-03 5.280958453042302768e-04 9.999987055415402448e-01 -1.003085289517418113e-02
9.999992439407376921e-01 -2.341076051413325514e-04 -1.207191609606251582e-03 2.123692660938385490e-01 2.335425443256684635e-04 9.999998631239962466e-01 -4.681985357227453183e-04 9.492389508473577861e-03 1.207301053208616800e-03 4.679162511369097405e-04 9.999991617389231147e-01 -1.063357244662267546e-02
9.999991836668916667e-01 1.910719591079708738e-04 -1.263391094119376565e-03 3.657194780760628650e-01 -1.914293255886877242e-04 9.999999417041792737e-01 -2.827480350145301045e-04 6.441921288282404651e-03 1.263336995247971812e-03 2.829896543030498753e-04 9.999991619478948435e-01 -1.017252341787959480e-02
9.999982347960438833e-01 6.883725558545034052e-04 -1.748298607400015393e-03 5.382110476794349507e-01 -6.884399749073961310e-04 9.999997623046474882e-01 -3.796115755166333679e-05 3.836018517147525390e-03 1.748272060418514743e-03 3.916468919188694333e-05 9.999984710042960634e-01 -7.745482228517092116e-03
9.999978886855322990e-01 9.252297968466583877e-04 -1.834822689179513213e-03 7.012001462975562260e-01 -9.241265341286553081e-04 9.999993917640739305e-01 6.020478644812467641e-04 7.202716172539588152e-03 1.835378605797781653e-03 -6.003509850363882147e-04 9.999981354802958133e-01 -8.325672931759240183e-03
9.999981761488417886e-01 8.721448828601940668e-04 -1.699135748957728790e-03 8.250195340535475541e-01 -8.708311011873643391e-04 9.999993214491113003e-01 7.737922913242585880e-04 1.205265902120424872e-02 1.699809454994931530e-03 -7.723112197869601422e-04 9.999982570900793899e-01 -8.493966131864908245e-03
9.999980575401236083e-01 1.131309193813469444e-03 -1.614018428509802995e-03 9.857244787107171113e-01 -1.131262178959379283e-03 9.999993596714840116e-01 3.004171147531434503e-05 1.199349680782463637e-02 1.614051381472167901e-03 -2.821577511617859188e-05 9.999986970201550918e-01 -1.187728764224203759e-02
9.999972447671489073e-01 1.645831552546937184e-03 -1.673826935931379710e-03 1.212475017975318758e+00 -1.645791061459479397e-03 9.999986453581166668e-01 2.556782411825739876e-05 8.529241157735121745e-03 1.673866748826970683e-03 -2.281298426336248535e-05 9.999985988238557777e-01 -3.012720217156270378e-03
9.999956199265643830e-01 2.297705248335451741e-03 -1.865657599364526709e-03 1.451110953279068028e+00 -2.296357881927777074e-03 9.999971012671374782e-01 7.240150553780094148e-04 1.089800398016816697e-03 1.867315764514149287e-03 -7.197276666056190951e-04 9.999979975599558868e-01 3.505213682987199861e-04
9.999940233410070656e-01 2.821866644224053141e-03 -1.997586270404163450e-03 1.683044273011538916e+00 -2.819317248128534650e-03 9.999952091919762642e-01 1.277905845551301689e-03 -5.661332380192105919e-03 2.001182780231851137e-03 -1.272266378517062290e-03 9.999971882989182603e-01 -1.803901688384164023e-03
9.999928491712595235e-01 3.105599705329269503e-03 -2.157975165962399983e-03 1.932640240476785953e+00 -3.103597103198817153e-03 9.999947506991487822e-01 9.307304487651312311e-04 -9.845749623050462779e-03 2.160854314308950207e-03 -9.240263077972326808e-04 9.999972384381943247e-01 -4.379155622986807134e-03
9.999917599504165588e-01 3.391134395149971413e-03 -2.231644860291349518e-03 2.195792782809843136e+00 -3.390620780808739285e-03 9.999942244755535281e-01 2.338936872400864720e-04 -4.113493817899251115e-03 2.232425136299511729e-03 -2.263250985058175020e-04 9.999974825243114207e-01 -7.252241750810285888e-03
9.999905720836638201e-01 3.779841525171542468e-03 -2.137414754181371241e-03 2.493169841542539622e+00 -3.782199444784910269e-03 9.999922422331720684e-01 -1.100200360287743396e-03 -3.880824379688143505e-03 2.133239589608269208e-03 1.108274116587333559e-03 9.999971105044933584e-01 -1.487510443287361206e-02
9.999893486861765046e-01 4.035287635867731114e-03 -2.240305312304684878e-03 2.818351521334857779e+00 -4.039616462946721102e-03 9.999899761294782641e-01 -1.931097977286739490e-03 -1.858080388293647687e-03 2.232490319982910563e-03 1.940127382777772410e-03 9.999956259367887013e-01 -1.919460916605185419e-02
9.999873277175027608e-01 4.388549015558246801e-03 -2.466787778827803264e-03 3.103601748555123496e+00 -4.393711875964367679e-03 9.999881605159191000e-01 -2.091440637295400012e-03 -1.016809195306034135e-02 2.457580183583264050e-03 2.102252488728137154e-03 9.999947704033831375e-01 -1.640017672806719923e-02
9.999846648306016661e-01 5.062382965094353211e-03 -2.245524959533656568e-03 3.417078523118687539e+00 -5.065013988048499942e-03 9.999864911522147182e-01 -1.167538600010132590e-03 -1.442986743779783518e-02 2.239584097558998833e-03 1.178894310938472445e-03 9.999967972305079389e-01 -1.368370179914202810e-02
9.999801735656307367e-01 5.929443103398180162e-03 -2.119948144331069203e-03 3.756167108934256316e+00 -5.929955984071429154e-03 9.999823898723432247e-01 -2.357270112659247722e-04 -6.315439256307833413e-03 2.118513081872386728e-03 2.482935368242039751e-04 9.999977251237331943e-01 -6.092826281401484551e-03
9.999751458531580539e-01 6.741938635479500889e-03 -2.062508034102553470e-03 4.134206945934388422e+00 -6.743080546007231869e-03 9.999771154569215836e-01 -5.471994194192468953e-04 -9.238245315740760757e-03 2.058771649641502957e-03 5.610934770452654079e-04 9.999977233141106314e-01 -2.377606745906056963e-03
9.999683723668109092e-01 7.649415619019112565e-03 -2.177316412146333008e-03 4.509993802430053655e+00 -7.651565478749418510e-03 9.999702453672972835e-01 -9.807781561943296807e-04 -2.216349396538614541e-02 2.169749247149426255e-03 9.974070155980591535e-04 9.999971486796598308e-01 6.784236649172593198e-03
9.999634761315419063e-01 8.144838797791337931e-03 -2.589981444170284201e-03 4.873987120065687684e+00 -8.145527203899285973e-03 9.999667920379521346e-01 -2.553583706173350159e-04 -1.937909186678778845e-02 2.587815583400437155e-03 2.764458082528803689e-04 9.999966133883760877e-01 3.628121844260964735e-03
9.999615971174513618e-01 8.226669494983280748e-03 -3.020960002430282589e-03 5.260972666868506842e+00 -8.225817648390790562e-03 9.999661240832206088e-01 2.942957634690748802e-04 -2.069308905332605322e-02 3.023278738620480219e-03 -2.694345955603620764e-04 9.999953935847241127e-01 -5.866217341042135464e-03
9.999594669680235137e-01 8.536086405548457684e-03 -2.863503082464421024e-03 5.686863170913276200e+00 -8.533751214261947604e-03 9.999632451274107492e-01 8.267311963472271426e-04 -1.591210146312400930e-02 2.870454883699648328e-03 -8.022612635181860814e-04 9.999955584229490713e-01 -9.797794399849988484e-03
9.999508623451549560e-01 9.523686430869093833e-03 -2.751779778157577641e-03 6.114074018889645856e+00 -9.522789806466803314e-03 9.999545998296033300e-01 3.387534793281289603e-04 -2.975538593308815760e-02 2.754881028801242464e-03 -3.125322133555037511e-04 9.999961564696799865e-01 3.219389365441520379e-03
9.999372699322217617e-01 1.078927400494116354e-02 -3.007950621505072353e-03 6.570090885333620179e+00 -1.079260051290169969e-02 9.999411620606383222e-01 -1.091874987918998400e-03 -4.510333710782338940e-02 2.995993101465001512e-03 1.124270103947439328e-03 9.999948800079274669e-01 1.260338776259998031e-02
9.999327607113895899e-01 1.125999318342314932e-02 -2.772473554094085843e-03 7.040868304006024481e+00 -1.126755030407902182e-02 9.999328049805296104e-01 -2.725405275402044240e-03 -5.018598850097792663e-02 2.741599212856544836e-03 2.756461006327635445e-03 9.999924427496823531e-01 1.211538149165289520e-02
9.999524187336269465e-01 9.570806943624389843e-03 -1.886775878885138319e-03 7.492625687668865275e+00 -9.574853667851551328e-03 9.999518539537272099e-01 -2.147545515940261270e-03 -5.612864172146939806e-02 1.866131294550656692e-03 2.165508935949376611e-03 9.999959140541724301e-01 1.518600909345207799e-02
9.999766171570776407e-01 6.835095527583889136e-03 -2.158893611117099307e-04 7.959833311300001490e+00 -6.835001276234617049e-03 9.999765467806855934e-01 4.343341217115829025e-04 -4.178953221501518350e-02 2.188530130239640145e-04 -4.328483616863150669e-04 9.999998823728203368e-01 1.990941097025325512e-02
9.999890115089397069e-01 4.422241833057370848e-03 1.555840140734559380e-03 8.437291003796390854e+00 -4.426051342430418513e-03 9.999871947306083753e-01 2.453659373786442298e-03 -3.116409268222056217e-02 -1.544969542655595359e-03 -2.460518640115853632e-03 9.999957794496604491e-01 1.199325179448042407e-02
9.999937733738655243e-01 2.903330150886582282e-03 2.005962993954394941e-03 8.950874518543104230e+00 -2.908821480835959827e-03 9.999920154636700032e-01 2.740030382991706561e-03 -3.480400415576069550e-02 -1.997991764444707798e-03 -2.745848310093490768e-03 9.999942341563611281e-01 7.420240841360909584e-03
9.999960868993859053e-01 1.381462771611566926e-03 2.432641882087430152e-03 9.463300139167531100e+00 -1.384264278910092355e-03 9.999983802814000899e-01 1.150324729125605256e-03 -4.169382165673810037e-02 -2.431048811103575687e-03 -1.153687647049955745e-03 9.999963794966915120e-01 2.569726966924926019e-04
9.999965491064178869e-01 4.434869748911255115e-05 2.626748645887849211e-03 9.953971963480379159e+00 -4.651794407951735682e-05 9.999996579664769403e-01 8.257741882030018334e-04 -4.102719683827574237e-02 -2.626711125442088464e-03 -8.258935294907757303e-04 9.999962091370854234e-01 1.374387249686332552e-02
9.999980818215931100e-01 -6.709705967208290074e-04 1.840149883227159069e-03 1.045899937559227411e+01 6.679471907097717662e-04 9.999984269604446085e-01 1.643144298845635983e-03 -3.320076523622049469e-02 -1.841249490109299596e-03 -1.641912024056736133e-03 9.999969569579801876e-01 2.846752228438646434e-02
9.999979419448005169e-01 -1.265967193288134850e-03 1.585381098970495067e-03 1.100409567144452971e+01 1.261684961212982802e-03 9.999955613125330878e-01 2.699167703280387631e-03 -2.099354629976494732e-02 -1.588791119720816799e-03 -2.697161896753899439e-03 9.999951005182378116e-01 2.756959418548565743e-02
9.999967764488804089e-01 -1.819581135823608456e-03 1.770936570875519464e-03 1.154753859647644099e+01 1.814079579483387399e-03 9.999935394744425832e-01 3.103244214631571858e-03 -1.361193600760872771e-02 -1.776571734327340047e-03 -3.100021591295423762e-03 9.999936168091305699e-01 1.376656817444145940e-02
9.999951299397039639e-01 -2.533227082178599304e-03 1.822870654971899722e-03 1.209495549847314422e+01 2.527849941864406761e-03 9.999924651990753643e-01 2.946102467237639560e-03 -1.987815262675707295e-02 -1.830320066561282608e-03 -2.941480176061788635e-03 9.999939987934066687e-01 1.660720841994833830e-02
9.999926878803693242e-01 -3.389341815915785597e-03 1.771030166054415487e-03 1.266037864704097338e+01 3.385047956051268504e-03 9.999913378947586917e-01 2.421897145984024027e-03 -2.262436846199952778e-02 -1.779223462475462572e-03 -2.415884414738651929e-03 9.999954989230527280e-01 2.215662673440834882e-02
9.999886625888729785e-01 -4.167085957319826769e-03 2.304362892730254641e-03 1.321053543608548608e+01 4.161855344843293572e-03 9.999887629004974299e-01 2.270029255631737797e-03 5.611699272401703131e-04 -2.313796405408987105e-03 -2.260413094355228671e-03 9.999947684257338709e-01 3.157800039361388644e-02
9.999844100101995537e-01 -4.742717822517986473e-03 2.947263851271284246e-03 1.374999926898441771e+01 4.734867145168551034e-03 9.999852392682357927e-01 2.665010087554560599e-03 5.612654784346856468e-03 -2.959859738339572655e-03 -2.651013637296950262e-03 9.999921056473517478e-01 3.277346820192621191e-02
9.999803824656083862e-01 -5.332955735188599569e-03 3.285462990524675147e-03 1.430068039902827692e+01 5.324587324156755674e-03 9.999825714383735464e-01 2.550605678189871942e-03 9.063469804581700956e-04 -3.299007996810180473e-03 -2.533061907001926769e-03 9.999913500343952100e-01 2.300439056550838968e-02
9.999748641408828798e-01 -6.177006525948013083e-03 3.480758078524940919e-03 1.486074533439798984e+01 6.169342031856522163e-03 9.999785308354749436e-01 2.208412782749035602e-03 -7.436868429420446375e-03 -3.494324729728109143e-03 -2.186883285279887963e-03 9.999915035819952891e-01 2.904994138863664643e-02
9.999677108232732925e-01 -6.904312710767047771e-03 4.111906717609776531e-03 1.540924374589021539e+01 6.896618234624305420e-03 9.999744460688307912e-01 1.882515939090577840e-03 -6.143326758945619193e-03 -4.124799120955024816e-03 -1.854096903352987855e-03 9.999897741261580819e-01 5.073389121499073673e-02
9.999608330018622260e-01 -7.603049914107548948e-03 4.530573277779920138e-03 1.593129641668350338e+01 7.595228637556490983e-03 9.999696401714149863e-01 1.741044914455231124e-03 1.397434371729689914e-03 -4.543672981739120889e-03 -1.706565983048366616e-03 9.999882212648210089e-01 5.531703098785426681e-02
9.999546111686414829e-01 -8.099251960412952311e-03 5.017740552559287956e-03 1.646639807271575151e+01 8.091506737394074666e-03 9.999660433377992597e-01 1.561950724359636175e-03 9.878412365383656968e-03 -5.030220799304671239e-03 -1.521278747754088939e-03 9.999861911994994967e-01 5.236159309842457893e-02
9.999532687982073398e-01 -8.602663586872758700e-03 4.410714113509511293e-03 1.701195351672627254e+01 8.597815486571198235e-03 9.999624142888796641e-01 1.116950497541193592e-03 1.487945815899351272e-02 -4.420157083056542625e-03 -1.078975794990130613e-03 9.999896489577254632e-01 5.565176047304964263e-02
9.999456026082740312e-01 -9.730448700512404209e-03 3.756353612533582485e-03 1.754341502975232103e+01 9.729295704527397143e-03 9.999526164357721569e-01 3.250974428029727230e-04 1.608882909498940417e-02 -3.759338967100782358e-03 -2.885330832829184817e-04 9.999928920343335026e-01 5.480073072678039864e-02
9.999409530402207924e-01 -1.022835553266455630e-02 3.670310083955868278e-03 1.806743104746785988e+01 1.022561963250952916e-02 9.999474255740788964e-01 7.634074293032027054e-04 1.772741581966762528e-02 -3.677925522113442616e-03 -7.258311575635325577e-04 9.999929729918027865e-01 4.775342264682440330e-02
9.999416377151622015e-01 -1.040272182393639326e-02 2.916254819660978048e-03 1.859596012422546707e+01 1.040008756644066924e-02 9.999454971448530349e-01 9.170159993842428702e-04 2.814674456525666224e-02 -2.925635337796663252e-03 -8.866331747447572451e-04 9.999953272588245623e-01 4.673681768346645005e-02
9.999362301757224181e-01 -1.097303752840541116e-02 2.669836954744215195e-03 1.912139853730004546e+01 1.097106772514221465e-02 9.999395337601847400e-01 7.513297776127368047e-04 3.287778598439945743e-02 -2.677919889588594587e-03 -7.219909033992577899e-04 9.999961537297032965e-01 2.780824912940986493e-02
9.999250965711991013e-01 -1.189840082460974502e-02 2.868676505828414002e-03 1.964670651645230848e+01 1.189985037986302299e-02 9.999290748191173028e-01 -4.887661210529523461e-04 2.604382873253915931e-02 -2.862657509210565863e-03 5.228663320021900403e-04 9.999957658924281123e-01 2.329270246541442074e-02
9.999195360666605081e-01 -1.208158052614690357e-02 3.867402775067662214e-03 2.018213118122836036e+01 1.209990272433940188e-02 9.999155123732805794e-01 -4.749786241653406252e-03 2.883538023481633378e-02 -3.809691102425108358e-03 4.796199252544040489e-03 9.999812411872704976e-01 4.429544051971327778e-02
9.999139786165567312e-01 -1.241720648129231164e-02 4.224730809067320410e-03 2.071896570137407068e+01 1.244652876175047357e-02 9.998981304091301148e-01 -6.986610487857881566e-03 3.773193078700269598e-02 -4.137546252436172418e-03 7.038592723483847249e-03 9.999666689062600700e-01 7.558850505835114364e-02
9.999053308110367189e-01 -1.305141006954041102e-02 4.357764434653483426e-03 2.123411472881593909e+01 1.307907688701896720e-02 9.998940989826482495e-01 -6.381893720633328645e-03 5.803929227482829828e-02 -4.274010230998263882e-03 6.438285088027096217e-03 9.999701402150319440e-01 8.324052212339493051e-02
9.999049497040495282e-01 -1.333973740436036372e-02 3.484675497794709545e-03 2.174891002667758855e+01 1.335558601461750601e-02 9.999003890661615213e-01 -4.565114187515696004e-03 7.107283552981984165e-02 -3.423430961531870494e-03 4.611220155404952004e-03 9.999835082485760696e-01 6.651542115002634370e-02
9.999019101609797344e-01 -1.377256872594508942e-02 2.546842577209301305e-03 2.225885072661625586e+01 1.378329831732410908e-02 9.998959972084198178e-01 -4.244461576606912111e-03 7.783922709675314411e-02 -2.488120559703104525e-03 4.279149129063073050e-03 9.999877489943622688e-01 4.524323558481230245e-02
9.998935063836056347e-01 -1.457679489362792916e-02 7.020986593085772011e-04 2.276954475340724926e+01 1.457979426654006441e-02 9.998836939779124355e-01 -4.475278341029008920e-03 6.120287611763411406e-02 -6.367817865373246377e-04 4.485038206461633599e-03 9.999897394179816379e-01 4.536204787471573296e-02
9.998849459835750242e-01 -1.514369338927094161e-02 -8.736967179185885961e-04 2.329700080580366617e+01 1.513971111306808975e-02 9.998757179006582119e-01 -4.397487925639397000e-03 7.086186013658837823e-02 9.401823418852018081e-04 4.383754461081648679e-03 9.999899493264864381e-01 4.923004339999452472e-02
9.998884354139669917e-01 -1.492470885549870667e-02 -6.081044217199439500e-04 2.382012910371459924e+01 1.492180081157642828e-02 9.998783802059849624e-01 -4.534827140623549219e-03 9.780002360049828980e-02 6.757114389692549976e-04 4.525247201457331322e-03 9.999895327211265617e-01 4.975917784159044482e-02
9.998936705821894755e-01 -1.457927493194410146e-02 -3.037632874516354910e-04 2.434549785904513897e+01 1.457782434812420272e-02 9.998843691359207142e-01 -4.328440242993597704e-03 1.180906731167819246e-01 3.668336833693265154e-04 4.323551794614652853e-03 9.999905861221534131e-01 8.131562769457566231e-02
9.998885427293087158e-01 -1.476947052084678566e-02 -2.182855742642848297e-03 2.485276283026819755e+01 1.476405440516281170e-02 9.998879377108947919e-01 -2.476836243117028300e-03 1.218933419541618074e-01 2.219192686709223379e-03 2.444332380766420145e-03 9.999945501966656103e-01 1.013712109912760645e-01
9.998779797147357984e-01 -1.525166744928888908e-02 -3.378212781151851765e-03 2.535679845109691755e+01 1.524630804735659963e-02 9.998824775999791692e-01 -1.606573824116538278e-03 1.352667315485402422e-01 3.402318695176187111e-03 1.554872516809263248e-03 9.999930032749994036e-01 1.024764430657457703e-01
9.998784335119939026e-01 -1.548107058463900169e-02 -1.858669189124477657e-03 2.587851163184742376e+01 1.547713298248532161e-02 9.998779861312463435e-01 -2.114522349259585852e-03 1.497986691155212546e-01 1.891177475447663840e-03 2.085498423993247929e-03 9.999960370641874929e-01 7.796870485432352837e-02
9.998782474816355625e-01 -1.559679810302321869e-02 -4.796894689232852871e-04 2.638684845443203741e+01 1.559556853344905118e-02 9.998753352003947326e-01 -2.468258498775291552e-03 1.452397660371634869e-01 5.181265980032385542e-04 2.460476952099724651e-03 9.999968387940016967e-01 7.850895178423974996e-02
9.998758335153220544e-01 -1.575662222141552965e-02 -2.154256519188116228e-04 2.689134811084526078e+01 1.575583504015175274e-02 9.998705348548883043e-01 -3.266066623200203876e-03 1.464006168526707785e-01 2.668599397372650966e-04 3.262266876153827218e-03 9.999946431859528806e-01 8.869393634078846789e-02
9.998757290531123942e-01 -1.556171660874246417e-02 2.521790375145315302e-03 2.740374757309184872e+01 1.557346201231929635e-02 9.998676476341572528e-01 -4.706856221267994959e-03 1.533734170606433633e-01 -2.448209847589536553e-03 4.745544302398871546e-03 9.999857429372761564e-01 8.200600839715901924e-02
9.998571680826748853e-01 -1.553108862760798313e-02 6.665487209123667489e-03 2.791037382044144621e+01 1.557726679238488447e-02 9.998546314607907881e-01 -6.932871388175702691e-03 1.679473576423010095e-01 -6.556843217011394664e-03 7.035711225420509564e-03 9.999537522178613136e-01 9.895485693134087324e-02
9.998494294079236511e-01 -1.585475411791961373e-02 7.053033709676628446e-03 2.839494813133753581e+01 1.591778946781659612e-02 9.998330422112224891e-01 -8.972830161662347787e-03 1.729773052877008610e-01 -6.909594134809278129e-03 9.083747823012352368e-03 9.999348693961922496e-01 1.263570013989643581e-01
9.998656227285416254e-01 -1.590285173583229697e-02 3.979421105361344996e-03 2.889207992761578936e+01 1.592756913988934223e-02 9.998535600252731470e-01 -6.258677662384270514e-03 1.745009362000342901e-01 -3.879307536107985937e-03 6.321219143149438800e-03 9.999724962025628994e-01 1.371062228065182964e-01
9.998710187530857052e-01 -1.590814136143980581e-02 2.208369554882427289e-03 2.940137795096362083e+01 1.591051235059754224e-02 9.998728576478090879e-01 -1.060252774365538081e-03 1.803686096667120875e-01 -2.191222126569246885e-03 1.095252312718296688e-03 9.999969994794801753e-01 1.007982069451989482e-01
9.998658466603533856e-01 -1.620806686189584303e-02 2.363736612877836984e-03 2.990263851920896698e+01 1.621156387694580939e-02 9.998675065092719194e-01 -1.467863615837542877e-03 2.110896775137761638e-01 -2.339632201533195857e-03 1.505986564119277072e-03 9.999961290553229798e-01 7.145033959077039254e-02
9.998629223044999126e-01 -1.654991923475256435e-02 -4.865943163591814969e-04 3.039139340760739927e+01 1.654698141447423151e-02 9.998478327861768378e-01 -5.523466199258892685e-03 2.058705657004792633e-01 5.779331921514193260e-04 5.514657388131941583e-03 9.999846271553962662e-01 9.008251211904996780e-02
9.998599275177095791e-01 -1.611546371311310677e-02 -4.518536664888815960e-03 3.087992786522959321e+01 1.607125005292399378e-02 9.998242206132569310e-01 -9.656230984691956468e-03 1.973851389436308834e-01 4.673357039324126799e-03 9.582259879833627050e-03 9.999431683998737386e-01 1.291348322375532320e-01
9.998669887370607023e-01 -1.577276396995975702e-02 -4.150271151444581350e-03 3.137884576642312950e+01 1.573111091698746120e-02 9.998274001383431475e-01 -9.884436348060314861e-03 1.976932681017705418e-01 4.305459696712050227e-03 9.817833230879266862e-03 9.999425349326083179e-01 1.275382539029027151e-01
9.998834220157409858e-01 -1.515712870125128335e-02 1.844946510174626155e-03 3.188545411356768611e+01 1.516820742804289752e-02 9.998660620458243997e-01 -6.146824578224785278e-03 2.157264065103579043e-01 -1.751531190577322334e-03 6.174092525165834379e-03 9.999794061479362339e-01 1.065189560880697578e-01
9.998758917003350843e-01 -1.362220229530391319e-02 7.914341481490280023e-03 3.237787057648163369e+01 1.365169692331247991e-02 9.999000219474046824e-01 -3.684736176928960286e-03 2.286528588312780885e-01 -7.863355999434436944e-03 3.792323061840232809e-03 9.999618922330094639e-01 9.923983385957022008e-02
9.998921793951421888e-01 -1.110953385623292614e-02 9.602491443886678607e-03 3.287931205750248154e+01 1.114202404292410908e-02 9.999323586911866846e-01 -3.336666376336598454e-03 2.415679320610744085e-01 -9.564773110722679661e-03 3.443297805489451725e-03 9.999483280727875512e-01 1.162107550496901676e-01
9.999309311422835966e-01 -8.474577195526630108e-03 8.143370695410427629e-03 3.338654100204745845e+01 8.515273092730622079e-03 9.999513645019897368e-01 -4.975816994736630833e-03 2.353436548579456167e-01 -8.100806693288463423e-03 5.044816346107356894e-03 9.999544623426368517e-01 1.318970743375746102e-01
9.999628433455850507e-01 -4.868423381059355272e-03 7.114097412583981518e-03 3.388689197507956408e+01 4.915728076624212468e-03 9.999658249704405089e-01 -6.647142894729551714e-03 2.245221997240178236e-01 -7.081493182208673833e-03 6.681866877529043201e-03 9.999526014313585565e-01 1.506138822971024027e-01
9.999849024725856461e-01 1.977043598621050296e-04 5.491424212293856931e-03 3.436825191658091683e+01 -1.575466589499955065e-04 9.999732525657382132e-01 -7.312272707478572123e-03 2.291748775739394783e-01 -5.492722998980503583e-03 7.311297154703386841e-03 9.999581865898053978e-01 1.653586061712410960e-01
9.999688387510882182e-01 7.105186426657385951e-03 3.440618061114506573e-03 3.486155861254355415e+01 -7.083850791291550555e-03 9.999558488795066147e-01 -6.174086947233957574e-03 2.308594794910763803e-01 -3.484334192746408199e-03 6.149521729999034118e-03 9.999750210868897371e-01 1.431847745987340770e-01
9.998749175271202105e-01 1.541267329740472238e-02 3.549479111368317261e-03 3.536354893841695457e+01 -1.539916751157975779e-02 9.998741995427059548e-01 -3.801411419903593866e-03 2.309425298383884217e-01 -3.607622497556948766e-03 3.746276906547944992e-03 9.999864751431664089e-01 1.085794629822143531e-01
9.996606228519243631e-01 2.562196246806297886e-02 4.706820432929879026e-03 3.585000484898412765e+01 -2.561189115510057249e-02 9.996695679194372852e-01 -2.187694499877121477e-03 2.038116828830267568e-01 -4.761318174828829859e-03 2.066401473742089222e-03 9.999865298263709290e-01 1.022385646300280337e-01
9.992333958132535443e-01 3.880059345308325275e-02 5.209091974839412213e-03 3.633983590852479040e+01 -3.879230453317972921e-02 9.992458779668457192e-01 -1.682995921768179644e-03 1.735535003363707363e-01 -5.270464924352183216e-03 1.479633047818962061e-03 9.999850163305072925e-01 1.315504437934897908e-01
9.984493545959676197e-01 5.540847382230510570e-02 5.365383078461147780e-03 3.683794123554660871e+01 -5.540461632824227739e-02 9.984636098337701382e-01 -8.650590945931439183e-04 1.547222019853375929e-01 -5.405071360858854958e-03 5.664507037677134031e-04 9.999852320595460364e-01 1.523183658457734346e-01
9.970312735767284940e-01 7.681518641871311337e-02 5.297796280065257893e-03 3.732545655481198565e+01 -7.681444935507734939e-02 9.970453464532667009e-01 -3.427625439366485801e-04 1.117075385517921349e-01 -5.308472496206339750e-03 -6.520232833303387385e-05 9.999859078349121466e-01 1.381937926233147707e-01
9.947611665175351003e-01 1.020771220491992759e-01 5.521117896376115559e-03 3.782985800434928336e+01 -1.020810131753067673e-01 9.947759971570926396e-01 4.268831395757110951e-04 5.780192652366768213e-02 -5.448700558450204380e-03 -9.882480786133943877e-04 9.999846673964353228e-01 1.241966383969337340e-01
9.914603458741476638e-01 1.302508897998286286e-01 6.410012907040250722e-03 3.831229799942563119e+01 -1.302657975448638927e-01 9.914771627361732564e-01 1.964118791797654726e-03 -3.262389980454277749e-02 -6.099553189870308458e-03 -2.782351340262085183e-03 9.999775267334277684e-01 1.358480775997566170e-01
9.870920712093956828e-01 1.600146318618537733e-01 6.675368578637351676e-03 3.880054352845839105e+01 -1.600395408714282430e-01 9.871048259215857712e-01 3.377573089997335139e-03 -1.255914121263175254e-01 -6.048827424195819639e-03 -4.402298539539268099e-03 9.999720153356098651e-01 1.485996503452172435e-01
9.814611479506551994e-01 1.915496916578696696e-01 6.536871511450969771e-03 3.926591210591449510e+01 -1.915859961919978982e-01 9.814606058875924299e-01 5.466731553651018108e-03 -2.175746700466730243e-01 -5.368531130759812003e-03 -6.617757666684822085e-03 9.999636914193250625e-01 1.553528214806669805e-01
9.742992213772528887e-01 2.251681494658729910e-01 6.350723564522212788e-03 3.972456037879496193e+01 -2.252044915981424866e-01 9.742946193481417660e-01 5.738612487511021709e-03 -3.273844037354698422e-01 -4.895323043566835938e-03 -7.021337149996337290e-03 9.999633676474979360e-01 1.652833995633562481e-01
9.653552014945185888e-01 2.608618115480496602e-01 6.360049005098435994e-03 4.019748215724797546e+01 -2.608969599357791047e-01 9.653509274810981866e-01 5.510272919916544068e-03 -4.823966645606246884e-01 -4.702259429883419960e-03 -6.978688075368583155e-03 9.999645927076622476e-01 1.644065461554115593e-01
9.543047083091160676e-01 2.987616143213425168e-01 6.634870545701035752e-03 4.066701149141906768e+01 -2.988119019805832721e-01 9.542725389147386217e-01 8.681515303496555036e-03 -6.756325656147919023e-01 -3.737771234188674505e-03 -1.026738921654028400e-02 9.999403031105791317e-01 1.875975057939613388e-01
9.405493894715794001e-01 3.395352109527605688e-01 9.093211088699204581e-03 4.112018338862928601e+01 -3.396318231827819001e-01 9.404683648612419677e-01 1.301842451149367620e-02 -8.389021268505659767e-01 -4.131663851144459429e-03 -1.533281508680802048e-02 9.998739091182121674e-01 1.669137629283106716e-01
9.242522752683071108e-01 3.816244361697820331e-01 1.097822296428077257e-02 4.155159667214912389e+01 -3.817542680480957573e-01 9.241507344090786891e-01 1.446025304838153940e-02 -1.032887915878673235e+00 -4.627146898485712430e-03 -1.755590525311991404e-02 9.998351762677303300e-01 1.231995172787798271e-01
9.059029600745278632e-01 4.233514331639738337e-01 1.064851943782317741e-02 4.197657547919365584e+01 -4.234653966318764340e-01 9.058178783566366299e-01 1.307780963651518011e-02 -1.269276605051207651e+00 -4.109109832544064617e-03 -1.635650596829032674e-02 9.998577798511613102e-01 1.317803874066193759e-01
8.860677648209290824e-01 4.634491346464025829e-01 9.940610682612552318e-03 4.240472383373187881e+01 -4.635447916240440502e-01 8.859904285862786333e-01 1.213204894994672142e-02 -1.532011006220739269e+00 -3.184698331756631411e-03 -1.535773580326477150e-02 9.998769912581911834e-01 1.879828748414718032e-01
8.650091999167669465e-01 5.016625621301177285e-01 9.682861994290508506e-03 4.281483231091841191e+01 -5.017508852203357295e-01 8.649264379188943419e-01 1.217810205009715874e-02 -1.795814224365134493e+00 -2.265665457248151275e-03 -1.539255488796089158e-02 9.998789606817701792e-01 2.114491817255428896e-01
8.424758080898885337e-01 5.386253918376107119e-01 1.082589724085778263e-02 4.320597918818301508e+01 -5.387299979674231576e-01 8.423783018663657529e-01 1.299176026404465049e-02 -2.059583783036935678e+00 -2.121808971052204125e-03 -1.677747932552396681e-02 9.998569968321330270e-01 1.844558513639186770e-01
8.177110026535012732e-01 5.755025414397380024e-01 1.206403480632528211e-02 4.356168561759636049e+01 -5.756236118977163807e-01 8.176142459663768847e-01 1.282194285824642122e-02 -2.347059606082822381e+00 -2.484666020369855934e-03 -1.742898703985930678e-02 9.998450164128096507e-01 1.649920915551534029e-01
7.907882221801085798e-01 6.119565252582063186e-01 1.277493072879624936e-02 4.393497805512373588e+01 -6.120835042424185302e-01 7.907028264340149049e-01 1.195090388135151838e-02 -2.666948686308371563e+00 -2.787740221831259448e-03 -1.726995840071509150e-02 9.998469768125985979e-01 1.816185694983750432e-01
7.624022999738838680e-01 6.469989524301342776e-01 1.162275994938025483e-02 4.431463850837300100e+01 -6.471018058072186552e-01 7.623166199429795009e-01 1.151624416846504587e-02 -3.009019952732570946e+00 -1.409225166093664057e-03 -1.630111999280636076e-02 9.998661348257632531e-01 1.677284658797634775e-01
7.327731508668775540e-01 6.803936434437192204e-01 1.039227261042655406e-02 4.463956073654639312e+01 -6.804729924178547495e-01 7.326905132036416468e-01 1.100538283179783305e-02 -3.363931751209153109e+00 -1.263270298657000537e-04 -1.513610989539180413e-02 9.998854345467365068e-01 1.851004849606305014e-01
7.019516871457609497e-01 7.121505805931207522e-01 1.026545050647766424e-02 4.492752708599674349e+01 -7.122241722118187734e-01 7.018632765247146965e-01 1.116555342029720149e-02 -3.708190237138354828e+00 7.466126234294502215e-04 -1.514898105065119044e-02 9.998849688552766679e-01 1.824039264985924669e-01
6.693435855112737087e-01 7.429027568075164956e-01 8.640512872769730984e-03 4.522138298600550144e+01 -7.429499274013063870e-01 6.692620835772183918e-01 1.066155993624376581e-02 -4.070548886320778159e+00 2.137734620098414966e-03 -1.355571516640307304e-02 9.999058319046956189e-01 1.525236845427203058e-01
