1.000000000000000000e+00 0.000000000000000000e+00 -1.355252715606880543e-20 1.734723475976807094e-18 0.000000000000000000e+00 1.000000000000000000e+00 -8.673617379884035472e-19 -6.938893903907228378e-18 -4.743384504624081899e-20 0.000000000000000000e+00 9.999999999999998890e-01 0.000000000000000000e+00
9.989358428819667957e-01 -1.281242419415097415e-03 4.610358374035878476e-02 2.293820862603852123e-02 1.359606069299775302e-03 9.999976839238325921e-01 -1.668417454909613615e-03 -2.931697200785478297e-02 -4.610133313415778339e-02 1.729324807291354391e-03 9.989352713315912125e-01 9.337834433649609966e-01
9.958194616265683141e-01 -4.567417788421787757e-03 9.122904969486290983e-02 1.488496778757575911e-01 5.137543802334356563e-03 9.999687089523110473e-01 -6.015542250196264339e-03 -3.750290972337934348e-02 -9.119870732277698955e-02 6.459087723547728317e-03 9.958117668576161874e-01 2.030605382925136038e+00
9.905912571036777914e-01 -4.955806910990303259e-03 1.367640435788854969e-01 2.724369078173233261e-01 6.279018663332081029e-03 9.999375458570118891e-01 -9.245446855415687115e-03 -8.837810975528120894e-02 -1.367096651211686387e-01 1.001720349002383111e-02 9.905605084147015571e-01 2.980614305603547454e+00
9.831112841236262501e-01 -3.268112859167900119e-03 1.829795799162725611e-01 4.346653779064114653e-01 5.613264602461878749e-03 9.999085963267039245e-01 -1.230000890447920103e-02 -8.699331183583189353e-02 -1.829226325683051546e-01 1.311939123932657006e-02 9.830397692372383478e-01 4.005704780009519794e+00
9.735038856072134594e-01 -5.732968248235255013e-03 2.285986098611069162e-01 6.918148691438926745e-01 8.815302660321853306e-03 9.998834529658151560e-01 -1.246478583388967859e-02 -1.233098501514014594e-01 -2.285004765177930663e-01 1.414968430012547920e-02 9.734409648540177651e-01 4.928247738133794797e+00
9.618217533347617199e-01 -6.840610575902105958e-03 2.735911739645400798e-01 9.482139413560651819e-01 1.099397991885552386e-02 9.998463845731309085e-01 -1.365062683716883676e-02 -1.561221005180589150e-01 -2.734557308599643299e-01 1.613732674534742312e-02 9.617492086721938227e-01 5.930842924075300004e+00
9.480457809617977016e-01 -9.379817427641674171e-03 3.179956435251921065e-01 1.247352567183445782e+00 1.512888429744973194e-02 9.997636273896187697e-01 -1.561429267444435984e-02 -1.640506021053819707e-01 -3.177739762536174739e-01 1.961398485437703537e-02 9.479635956151480913e-01 6.905662401597772337e+00
9.327163123358847008e-01 -1.128474218473117172e-02 3.604343937246700103e-01 1.614346347064100184e+00 1.870508092459601673e-02 9.996787087683064454e-01 -1.710552786172679987e-02 -2.545457569641450535e-01 -3.601255095698650543e-01 2.269656083204597830e-02 9.326277213870785010e-01 7.773825993409594126e+00
9.151793099602766324e-01 -1.152775532596852365e-02 4.028820704036466527e-01 2.017672441810587358e+00 2.040762656965544250e-02 9.996340803470551428e-01 -1.775483237230256889e-02 -2.456428051991060846e-01 -4.025299206164282273e-01 2.447072363496064287e-02 9.150796826682833229e-01 8.657349367150201758e+00
8.952444601203989327e-01 -1.221996375985308705e-02 4.454077402488377802e-01 2.459645055454514839e+00 2.200532444125083073e-02 9.996166131213400918e-01 -1.680453352309055348e-02 -2.915235655704872531e-01 -4.450315663229100216e-01 2.484550889848844563e-02 8.951701401525584689e-01 9.565302250743455303e+00
8.734855061155657463e-01 -1.232069352085764236e-02 4.866942594665614741e-01 2.934250399588778535e+00 2.279104903757171036e-02 9.996185559108474727e-01 -1.559841789132773368e-02 -3.432887150760202122e-01 -4.863163643069396413e-01 2.471726613558822283e-02 8.734331225705419532e-01 1.040463753088107701e+01
8.489296120348537311e-01 -1.240535124779812252e-02 5.283603484204848488e-01 3.449550617847798151e+00 2.404970949523910217e-02 9.995956321152337232e-01 -1.517180276103582623e-02 -3.547087588670260194e-01 -5.279584141556291632e-01 2.558670698523490133e-02 8.488846781312560097e-01 1.127955235765492503e+01
8.234579892293100167e-01 -1.273157557340374654e-02 5.672344218663722959e-01 4.006497914847649611e+00 2.549292276473458935e-02 9.995687772167171081e-01 -1.457293250697374101e-02 -3.886770625498450205e-01 -5.668042050964142708e-01 2.646066248215314665e-02 8.234274613919133623e-01 1.205189046654570539e+01
7.960726290032398289e-01 -1.431520661947932593e-02 6.050318111673327337e-01 4.594408628834445452e+00 2.869852997837161329e-02 9.994884914314495772e-01 -1.411204105998387429e-02 -4.466834097217923794e-01 -6.045202344017059914e-01 2.859773478762005910e-02 7.960762574157737026e-01 1.283260375887494220e+01
7.664887215892051131e-01 -1.415209810756700749e-02 6.421018706468167858e-01 5.204624023460600490e+00 3.047314315370168447e-02 9.994325916878156191e-01 -1.434858974753955643e-02 -4.481675007720394843e-01 -6.415343880706146917e-01 3.056489612437535489e-02 7.664850694867452185e-01 1.364378765377264990e+01
7.362559029364623697e-01 -1.654962544018526507e-02 6.765008616855319179e-01 5.856744461504148624e+00 3.464847140235376155e-02 9.993115611734861847e-01 -1.326223575002079616e-02 -4.973909778491131251e-01 -6.758155566111211376e-01 3.320412195943057976e-02 7.363224561239795074e-01 1.430850986382874623e+01
7.040017284074817638e-01 -1.637359240921264919e-02 7.100095342084514760e-01 6.540660257401819777e+00 3.571530298775982271e-02 9.992854633777117357e-01 -1.236849086952684397e-02 -5.266169876338268052e-01 -7.092995946971093479e-01 3.406564643992416458e-02 7.040834823706941803e-01 1.496516802883179054e+01
6.689805737009781872e-01 -1.544162815654641363e-02 7.431195202495604057e-01 7.259212808501283476e+00 3.727778177322516040e-02 9.992230208229778698e-01 -1.279536524936258045e-02 -5.273658930109011989e-01 -7.423444510854878553e-01 3.626170006048792110e-02 6.690364205912653350e-01 1.564976834165278419e+01
6.335091604820930478e-01 -1.620174387868273530e-02 7.735655929071761916e-01 7.986724096253830396e+00 4.142940385877695586e-02 9.990568052331882942e-01 -1.300400236993698791e-02 -5.768504452607581268e-01 -7.726251788156106581e-01 4.028651821899621732e-02 6.335828678209366460e-01 1.623225454317812222e+01
5.963269948906730900e-01 -1.506069929670136170e-02 8.026003838139356139e-01 8.786770785177616006e+00 4.263658301479087559e-02 9.990069432282353556e-01 -1.293247136575918776e-02 -5.976269874481167088e-01 -8.016084765634283738e-01 4.193212198616281389e-02 5.963769464067665282e-01 1.682321256078760641e+01
5.585847064783437954e-01 -1.444167385519922256e-02 8.293218043732650813e-01 9.543546605566668006e+00 4.549155741802795444e-02 9.988768961033298588e-01 -1.324629114993729206e-02 -6.428978941002686520e-01 -8.281989802004635637e-01 4.512631864451659841e-02 5.586143334195629029e-01 1.733528071198086096e+01
5.199132787996215699e-01 -1.284417660632316757e-02 8.541225361391928672e-01 1.036045275358755902e+01 4.965726542517899522e-02 9.986505053069848481e-01 -1.520933097756782711e-02 -6.796180821363886349e-01 -8.527744366755622973e-01 5.032092549492094002e-02 5.198494666883117787e-01 1.780971843592143244e+01
4.801232813404045507e-01 -1.162552949737425886e-02 8.771240415331322815e-01 1.123260563839563275e+01 5.207899155012986336e-02 9.985261771637263806e-01 -1.527257728725757262e-02 -6.862783358099089348e-01 -8.756536469251976484e-01 5.301245850603495541e-02 4.800211119878942667e-01 1.827364271495282111e+01
4.418035056088523982e-01 -1.319701914213222346e-02 8.970148317325137288e-01 1.208405344864766207e+01 5.682612544089206408e-02 9.982954804675554517e-01 -1.330129729633528629e-02 -7.060817621236925579e-01 -8.953101949549859828e-01 5.685044041976131113e-02 4.418003798536201954e-01 1.868443999703783476e+01
4.047288997839305624e-01 -1.396420105001048434e-02 9.143301538545943741e-01 1.297081691554878091e+01 6.111505036864168378e-02 9.980608610314174456e-01 -1.180963862111602050e-02 -7.556253439854776488e-01 -9.123921061654247655e-01 6.065903900660531839e-02 4.047974985669883230e-01 1.907276005660310148e+01
3.688879691916465142e-01 -1.214294537586293153e-02 9.293946041929231905e-01 1.390831312338105263e+01 6.265982943963151197e-02 9.979648080733911630e-01 -1.183160393766508577e-02 -7.839873334269086280e-01 -9.273593129814289293e-01 6.260024739549954753e-02 3.688980878005327368e-01 1.945924990382099651e+01
3.357031334846615755e-01 -1.247235185784568816e-02 9.418853247735543555e-01 1.480169078726203225e+01 6.373663377724256285e-02 9.979215125864890901e-01 -9.502391431628478408e-03 -8.040354933716539199e-01 -9.398089848473705210e-01 6.322258625714877178e-02 3.358003260272047208e-01 1.976678977663571146e+01
3.019239056260211718e-01 -1.359002842902329658e-02 9.532352215937440754e-01 1.576500768034040156e+01 6.596634655707474260e-02 9.977995644086193883e-01 -6.668549284669118317e-03 -8.051529209954010335e-01 -9.510469356410869990e-01 6.489484318846497346e-02 3.021560276174083959e-01 2.005113464817804214e+01
2.683944102359632211e-01 -1.383451382224297130e-02 9.632098269532678447e-01 1.668492750042736716e+01 6.707420827506041516e-02 9.977384649433759245e-01 -4.359506272815128966e-03 -8.379896652515573807e-01 -9.609710537133547836e-01 6.577660745629253236e-02 2.687153675181530588e-01 2.032462780327292862e+01
2.363462363464423899e-01 -1.145060231492436159e-02 9.716014956989763585e-01 1.766622570048115293e+01 6.496275805356277466e-02 9.978795017787188693e-01 -4.042176568389991946e-03 -8.740866757630013639e-01 -9.694948011564487045e-01 6.407326972675531085e-02 2.365889288802134893e-01 2.057855531944709426e+01
2.041981345711979534e-01 -9.395917493757545425e-03 9.788845522798462762e-01 1.864495325829936334e+01 6.473943718156009719e-02 9.978944771225846111e-01 -3.926449195758784441e-03 -8.688496116260001623e-01 -9.767864649475238581e-01 6.417421217168958747e-02 2.043764787489727175e-01 2.079371460040152542e+01
1.740064343029827099e-01 -9.123959467387638203e-03 9.847023123162799152e-01 1.964461238047610081e+01 6.663438979139041374e-02 9.977742515420277014e-01 -2.529863924165880358e-03 -8.836664021122996315e-01 -9.824873986028015427e-01 6.605525401757252058e-02 1.742271108426088067e-01 2.096694773555693558e+01
1.431230379645725970e-01 -9.447143425329544014e-03 9.896598802320869526e-01 2.066655186717666837e+01 6.796135139925003898e-02 9.976879076169298255e-01 -3.046867320995669259e-04 -8.990747187114579431e-01 -9.873686844035290955e-01 6.730223435348808847e-02 1.434341665403630617e-01 2.109698841747806242e+01
1.121920191824077179e-01 -9.569145686686056362e-03 9.936405358303490587e-01 2.173079613342338590e+01 6.735238304032942214e-02 9.977272376128802911e-01 2.003738487485760660e-03 -9.052332819627345595e-01 -9.914012681807888860e-01 6.669925819979269366e-02 1.125815397778415911e-01 2.123102691092653416e+01
8.301681229346151436e-02 -9.609779768533100591e-03 9.965018785638385390e-01 2.278354405660972049e+01 6.774057304300201698e-02 9.976950385345995098e-01 3.977937040547191438e-03 -9.129775163055888765e-01 -9.942430739726345612e-01 6.717337634018642756e-02 8.347643536260894448e-02 2.132721276505119334e+01
5.504528660228971693e-02 -9.394359705670197319e-03 9.984397307611753147e-01 2.386705454330214593e+01 6.983208075370944679e-02 9.975433987450245121e-01 5.535991052861678231e-03 -9.157794941110117826e-01 -9.960388360564559340e-01 6.941839754739997925e-02 5.556609160549164095e-02 2.136501405990537350e+01
3.013034804171584036e-02 -8.984339818849360754e-03 9.995056666287841507e-01 2.491162708625647682e+01 7.377514799184228811e-02 9.972521232838963412e-01 6.740111969205978514e-03 -9.196140475847727203e-01 -9.968195701314300772e-01 7.353560072235298950e-02 3.071037620172193186e-02 2.140558202192619319e+01
7.131471578448436190e-03 -8.107908023375503398e-03 9.999417672798723844e-01 2.603125344747450143e+01 7.822636388077156000e-02 9.969072189370272730e-01 7.525400476130354559e-03 -9.162695655283153995e-01 -9.969100479562700290e-01 7.816814589218459841e-02 7.743669307862937300e-03 2.140286463017997676e+01
-1.387700024844019248e-02 -8.743953058503881048e-03 9.998655440474536471e-01 2.713863931683822983e+01 8.339876787489422516e-02 9.964673569219012483e-01 9.871715285100987614e-03 -9.326226512855390061e-01 -9.964195602189447332e-01 8.352454915270142444e-02 -1.309874119928733024e-02 2.136721157322146425e+01
-3.138391014236889542e-02 -9.019577889861529058e-03 9.994667735071132153e-01 2.824435584979914537e+01 8.853396817122628770e-02 9.960036349882602780e-01 1.176834929493420986e-02 -9.308571239329794800e-01 -9.955785515689893339e-01 8.885610169396210289e-02 -3.045994790886086961e-02 2.137350067244406659e+01
-4.733087633659872895e-02 -9.138860311999843014e-03 9.988375259171762277e-01 2.937293039961861041e+01 9.112119577316979413e-02 9.957492667659333385e-01 1.342846956397796693e-02 -9.320433525024175436e-01 -9.947143216366899354e-01 9.165085655429237865e-02 -4.629693987671593125e-02 2.130422253481217254e+01
-6.196857686154638722e-02 -9.575435086290093323e-03 9.980322340166505324e-01 3.052055822713047206e+01 9.369611614680099787e-02 9.954822154336270268e-01 1.536863214163326254e-02 -9.217876406313620929e-01 -9.936703675514040324e-01 9.446412217284209933e-02 -6.079143345278829880e-02 2.122289644037984147e+01
-7.474046357550302722e-02 -1.021057524724607903e-02 9.971508113897928904e-01 3.169000637667596010e+01 9.414227975971786733e-02 9.954093120317372145e-01 1.724908527330742264e-02 -9.186486098423131130e-01 -9.927491931828236194e-01 9.516326111721146175e-02 -7.343610494917074405e-02 2.115779456011285475e+01
-8.742939228631603499e-02 -1.016419890438675401e-02 9.961189304330254624e-01 3.281488932111920320e+01 9.444335774171400133e-02 9.953593345696357675e-01 1.844574506821363910e-02 -9.193045560100400193e-01 -9.916836290548433075e-01 9.568952265251975953e-02 -8.606371900894908833e-02 2.106813623513778211e+01
-9.913581618684680352e-02 -7.616046637540606692e-03 9.950448324830051261e-01 3.395335361423602905e+01 9.427952291591029654e-02 9.954004062729667757e-01 1.701179020175524331e-02 -9.085441108989381620e-01 -9.905974603314064986e-01 9.549883563920937013e-02 -9.796179281987126009e-02 2.095519374937599721e+01
-1.090550452897984524e-01 -4.614224878763385079e-03 9.940250694198958792e-01 3.510875137908478649e+01 9.465690837953227854e-02 9.953968576567302495e-01 1.500545585827544118e-02 -9.051260258608190279e-01 -9.895185364553598095e-01 9.572776644960026560e-02 -1.081162794857062764e-01 2.081129779386529677e+01
-1.189065017765586346e-01 -1.926802376796548852e-03 9.929036527252169675e-01 3.633287566543707214e+01 9.550755687656603543e-02 9.953389222936888103e-01 1.336916438918294911e-02 -9.033997321712244899e-01 -9.883012789209768556e-01 9.641948856307402949e-02 -1.181682434981640162e-01 2.069186419183218462e+01
-1.258941528786412245e-01 -4.644711052171979562e-04 9.920436374719410200e-01 3.755011238712918242e+01 9.570735770277136178e-02 9.953296169351443234e-01 1.261164285031399906e-02 -9.018633800007381796e-01 -9.874161390685146644e-01 9.653361327388552959e-02 -1.252617240111416896e-01 2.052431954692076488e+01
-1.319099510219053084e-01 3.607354815507030077e-04 9.912617043975380238e-01 3.882629715737134291e+01 9.562714935573168873e-02 9.953404437540084304e-01 1.236315246982254597e-02 -8.794233712312029549e-01 -9.866382726648105228e-01 9.642235979258806378e-02 -1.313298036468594221e-01 2.036048754150752060e+01
-1.371510220058756724e-01 1.366661561773284926e-03 9.905492724411114613e-01 4.008379262672064414e+01 9.606620852440538039e-02 9.953034728166124667e-01 1.192806635315581988e-02 -8.752993428449671320e-01 -9.858806970895804822e-01 9.679426537638415040e-02 -1.366381768531078345e-01 2.018413709895114394e+01
-1.418519889132912326e-01 3.380587485789228290e-03 9.898821730084317316e-01 4.132206526228701193e+01 9.531574193513285553e-02 9.953942183286154100e-01 1.025951631469789252e-02 -8.653985885869369676e-01 -9.852881765888746868e-01 9.580669238502842466e-02 -1.415208711831469623e-01 2.005668234515846038e+01
-1.449892788675781752e-01 3.887574067838089724e-03 9.894256552348663636e-01 4.265826762312215692e+01 9.562121882765307890e-02 9.953665376677521825e-01 1.010130718435854960e-02 -8.732941612651116126e-01 -9.848017871583278904e-01 9.607467419868626068e-02 -1.446892094323950217e-01 1.982532320824009275e+01
-1.486037638289612328e-01 3.271055099297695209e-03 9.888914768021157542e-01 4.397141381937587568e+01 9.575593508113514063e-02 9.953429823217581074e-01 1.109714557543864041e-02 -8.659214810392090733e-01 -9.842497604195277194e-01 9.634131153507137502e-02 -1.482249347714508225e-01 1.962709753963160253e+01
-1.509062608903606606e-01 1.485147198595448276e-03 9.885470277061718658e-01 4.533618925878582928e+01 9.626030944524571753e-02 9.952686715265482986e-01 1.319933646984211215e-02 -8.610288595605727346e-01 -9.838501521839168040e-01 9.714971124401801383e-02 -1.503352328901227664e-01 1.942207546986490030e+01
-1.529837833172104089e-01 6.698304253202518391e-04 9.882285386037951147e-01 4.671420136461224359e+01 9.712408256757169844e-02 9.951686672460111627e-01 1.436086564540050431e-02 -8.443323830262067231e-01 -9.834443265413441715e-01 9.817777576207957491e-02 -1.523097227801060438e-01 1.925175216148231172e+01
-1.558144227046185659e-01 8.668015195181033930e-04 9.877860321758384909e-01 4.810606329946499216e+01 9.785607617107530687e-02 9.950940226757328810e-01 1.456270945432044939e-02 -8.560012263422395185e-01 -9.829272215807188795e-01 9.892995145636940268e-02 -1.551348208362985370e-01 1.902570267690034456e+01
-1.555546692353202975e-01 1.391988998964197206e-03 9.878263705158284447e-01 4.953725434982005282e+01 9.835998508458947132e-02 9.950511921945522920e-01 1.408674346192047289e-02 -8.166809592142938445e-01 -9.829180673310196070e-01 9.935385190969869829e-02 -1.549217734510391631e-01 1.877550039991329101e+01
-1.569807932041955845e-01 2.025059747504224378e-03 9.875996459509374104e-01 5.095807230436799529e+01 9.995193243160852004e-02 9.948959017137036787e-01 1.384752635594168994e-02 -8.278046310282858311e-01 -9.825306665343342960e-01 1.008862949975908585e-01 -1.563819548002339799e-01 1.856492245231108384e+01
-1.561869301450609093e-01 3.017310901081740951e-03 9.877229721462374989e-01 5.244536347744573135e+01 9.978725027565678307e-02 9.949272327392020276e-01 1.273986943715528508e-02 -7.941305522482406953e-01 -9.826739115363821719e-01 1.005519667411018531e-01 -1.556957177148876048e-01 1.832646789237559304e+01
-1.552815489392422588e-01 3.795570290973417950e-03 9.878630296058109606e-01 5.392943782297430033e+01 9.958425696909697922e-02 9.949587966765085500e-01 1.183075337648107836e-02 -8.056664559860882147e-01 -9.828379750327316255e-01 1.002127096921266308e-01 -1.548767204826350385e-01 1.808204833160926839e+01
-1.542210391350710419e-01 3.815277573132371154e-03 9.880290713558735893e-01 5.543989362137928367e+01 9.936987657007619046e-02 9.949821467354988958e-01 1.166847729692616423e-02 -7.983651553527377764e-01 -9.830266362206636632e-01 9.997985773611495208e-02 -1.538263026084863982e-01 1.786738589256317411e+01
-1.534440359687435640e-01 3.335305494414035968e-03 9.881517771536273420e-01 5.692026389734061809e+01 1.001919759364793272e-01 9.948933221998698118e-01 1.220014017717530215e-02 -7.811653486159968462e-01 -9.830647814561151998e-01 1.008769240742315443e-01 -1.529946159206196921e-01 1.764821196746481036e+01
-1.520974805506173921e-01 3.620793066448677044e-03 9.883589314871711329e-01 5.845358339195953334e+01 1.002224521277453873e-01 9.948953350454143862e-01 1.177838755801186368e-02 -7.914754927695493159e-01 -9.832709113960549363e-01 1.008472250153265581e-01 -1.516839569871053228e-01 1.742103215500856095e+01
-1.512489387376079186e-01 4.308715739121731989e-03 9.884863806431457567e-01 5.999814735514931385e+01 9.968206347299650438e-02 9.949594646963698663e-01 1.091548782221602593e-02 -7.729781959534085534e-01 -9.834567165982648351e-01 1.001853242800791188e-01 -1.509160631529811447e-01 1.717290933343553050e+01
-1.497926608333042808e-01 4.827468795640051796e-03 9.887057123233810030e-01 6.157057201784895994e+01 1.009906943601814044e-01 9.948325585165309626e-01 1.044309126502235459e-02 -7.749552602706980542e-01 -9.835460878896389314e-01 1.014143811294726250e-01 -1.495061438024644362e-01 1.691384914514145166e+01
-1.490150697578147554e-01 4.785727977020657990e-03 9.888234104722868345e-01 6.319331687331116854e+01 1.001788586194894692e-01 9.949163188041227901e-01 1.028167709318471637e-02 -7.670171019423613901e-01 -9.837472103339472973e-01 1.005913316958613052e-01 -1.487369517695845689e-01 1.668404798648258947e+01
-1.478803220683061193e-01 3.458700849770633516e-03 9.889992816372229489e-01 6.481914278833269805e+01 1.014170940793882036e-01 9.947753614637258046e-01 1.168551335524297026e-02 -7.675049919175382929e-01 -9.837915693264112083e-01 1.020294970160267323e-01 -1.474584705815357721e-01 1.644423787772540280e+01
-1.479497389446751132e-01 2.168022803800134443e-03 9.889925711366265304e-01 6.641441695673790946e+01 1.038422723799389547e-01 9.945041187673261396e-01 1.335432841008554056e-02 -7.525528530283397410e-01 -9.835281011159794362e-01 1.046750119191281886e-01 -1.473617555179860539e-01 1.621429973645908262e+01
-1.473504059987031933e-01 2.834417579400262677e-03 9.890803583598888338e-01 6.809684253280019561e+01 1.058580903937440254e-01 9.942972937246308263e-01 1.292107456570785323e-02 -7.482406368327225721e-01 -9.834031680683537058e-01 1.066060902879375355e-01 -1.468101542961982864e-01 1.596117452936746872e+01
-1.457059227687533820e-01 3.866461344760750186e-03 9.893204566648313714e-01 6.974189141622083810e+01 1.056739834569542930e-01 9.943322599720799682e-01 1.167749054293396906e-02 -7.649854991532041293e-01 -9.836679631067334340e-01 1.062469198018641953e-01 -1.452886821990098110e-01 1.569381206180897159e+01
-1.456520378725510989e-01 4.287108038020032846e-03 9.893266578840355097e-01 7.141073712981558685e+01 1.059382151066693145e-01 9.943086421683250409e-01 1.128789014995678144e-02 -7.507314870762793468e-01 -9.836475216201634453e-01 1.064516112098982947e-01 -1.452772469279011991e-01 1.549244114492605284e+01
-1.458358499464648128e-01 3.441772811554518093e-03 9.893028810698910602e-01 7.307528529543279205e+01 1.057261779957063413e-01 9.943213411218507769e-01 1.212615602447738444e-02 -7.531223692835005146e-01 -9.836431001706977817e-01 1.063636474706993185e-01 -1.453715817365258123e-01 1.521722973435585402e+01
-1.451376589908332515e-01 3.377655578339955160e-03 9.894057725899716438e-01 7.482280432347739918e+01 1.072546666630210394e-01 9.941550033781213491e-01 1.233950782799005455e-02 -7.339131429245104865e-01 -9.835808887562453862e-01 1.079093204448708515e-01 -1.446515975353483974e-01 1.496214840249243672e+01
-1.453310925337305270e-01 3.117608639804021406e-03 9.893782317700393625e-01 7.661278893021014369e+01 1.076638233471263334e-01 9.941064611682596253e-01 1.268237768004835606e-02 -7.480333851626429498e-01 -9.835076222336225360e-01 1.083633938418737119e-01 -1.448102301101212575e-01 1.471982360699029790e+01
-1.447862255324183778e-01 3.129216696624654431e-03 9.894580781217630072e-01 7.827385855615881383e+01 1.085400752538537156e-01 9.940104473377487926e-01 1.273892875069161310e-02 -7.293668786209874799e-01 -9.834916721714757060e-01 1.092402826123657217e-01 -1.442586645725347505e-01 1.447287813382933486e+01
-1.447800544829436487e-01 3.777076507155285520e-03 9.894567201147022040e-01 8.004699333935441530e+01 1.079276359587000300e-01 9.940863556515566746e-01 1.199752432487907403e-02 -7.307584288041422127e-01 -9.835599775815632162e-01 1.085267337941063920e-01 -1.443315260171294800e-01 1.421927528165070598e+01
-1.456303067915534766e-01 4.749799922179781184e-03 9.893277437624965476e-01 8.182612583350132240e+01 1.082342491767024906e-01 9.940627778556886396e-01 1.115968903900427939e-02 -7.232197864320171199e-01 -9.834007470805979922e-01 1.087043413720555074e-01 -1.452797566836211973e-01 1.396235377296910407e+01
-1.468250985068483283e-01 5.358812842669306853e-03 9.891480197440518651e-01 8.359907036408348802e+01 1.074045802477889833e-01 9.941593479576328329e-01 1.055673812729662764e-02 -7.203721955706449132e-01 -9.833140469665172523e-01 1.077890288010850683e-01 -1.465431035860131626e-01 1.372237769719066591e+01
-1.480584459752598836e-01 5.557754765223073962e-03 9.889630626475407471e-01 8.539356064172645233e+01 1.058445059003590288e-01 9.943297786178834086e-01 1.025815300866814161e-02 -7.315415994614111739e-01 -9.832982790548323582e-01 1.061951196030672395e-01 -1.478071779642042560e-01 1.346507151931736246e+01
-1.486254202905186173e-01 5.250364328911696910e-03 9.888796941181686728e-01 8.719664219863074095e+01 1.057836700671322960e-01 9.943324576681047411e-01 1.061963070310890933e-02 -7.142294311479593372e-01 -9.832192878809422609e-01 1.061856770641819853e-01 -1.483384805858994071e-01 1.318181248218492385e+01
-1.495418274532584746e-01 4.782692726127826116e-03 9.887438995903741201e-01 8.903298994862907989e+01 1.059394657544685259e-01 9.943093548936465798e-01 1.121312361606538292e-02 -7.371223313773240804e-01 -9.830635482734095820e-01 1.064238381949535878e-01 -1.491975122460930947e-01 1.289988417861972891e+01
-1.497321443430926768e-01 4.176163144199345270e-03 9.887178444267855637e-01 9.088814312770506376e+01 1.042368710195622633e-01 9.944850205095406848e-01 1.158518670810749877e-02 -7.152411937157479027e-01 -9.832165723838945937e-01 1.047955358458304287e-01 -1.493416831680280943e-01 1.264732437295891998e+01
-1.516706164681228264e-01 4.577983054660272715e-03 9.884205569356887544e-01 9.276383470088649119e+01 1.031763628161655455e-01 9.945997300835810462e-01 1.122554979679287780e-02 -7.213313043410614078e-01 -9.830312970060131050e-01 1.036842305358366134e-01 -1.513238921935750048e-01 1.236273805000810455e+01
-1.540864653214256141e-01 5.822977524276989891e-03 9.880402751138356310e-01 9.459918293960832614e+01 1.037004104298512724e-01 9.945551310010921631e-01 1.031087523412415989e-02 -7.131520719723323243e-01 -9.826003535587841675e-01 1.040489548790956287e-01 -1.538513282139675475e-01 1.210923550099632706e+01
-1.586191561659796301e-01 5.929817695221346191e-03 9.873221011837772787e-01 9.649648567117425557e+01 1.033312439940182459e-01 9.945902232444325808e-01 1.062731053179034012e-02 -7.079732738392742197e-01 -9.819177594112646901e-01 1.037069224445356652e-01 -1.583737957343579195e-01 1.181807811475929171e+01
-1.624787486665790481e-01 6.020947683242723267e-03 9.866937393068452300e-01 9.841280612233136083e+01 1.020826547060013634e-01 9.947179405817224707e-01 1.074002952249264453e-02 -7.047123054853829949e-01 -9.814171676540504041e-01 1.024693492205362710e-01 -1.622351589407809713e-01 1.149308199381361284e+01
-1.676248573600480907e-01 5.154440311366052449e-03 9.858374457711013283e-01 1.002778299929193651e+02 9.945004189800996097e-02 9.949736779563992384e-01 1.170757837713306410e-02 -6.968707192699187258e-01 -9.808218318132743141e-01 1.000040626077265959e-01 -1.672949285094267879e-01 1.120220894254111954e+01
-1.732534016059991966e-01 5.761612606913915115e-03 9.848604941560523685e-01 1.022151289704534065e+02 9.832612380835974164e-02 9.950880756637537905e-01 1.147576340581960008e-02 -6.964179633395466418e-01 -9.799566836809469050e-01 9.882573599318408841e-02 -1.729689094032839103e-01 1.088069554296298769e+01
-1.774915067226034426e-01 7.108791681597242777e-03 9.840967230054397108e-01 1.041120455023008162e+02 9.908803389657611094e-02 9.950213144057836745e-01 1.068379533062276468e-02 -7.131754216870953567e-01 -9.791211347211308258e-01 9.940849848744288952e-02 -1.773122268684477199e-01 1.056495408331815078e+01
-1.810756218132448803e-01 9.174454514087101303e-03 9.834264479443097784e-01 1.060667595458181438e+02 9.965496005690155368e-02 9.949807421971015309e-01 9.066952921419671116e-03 -7.150574986426585511e-01 -9.784070615898554646e-01 9.964513365495607233e-02 -1.810810348452986385e-01 1.018099732355160647e+01
-1.870329651157563999e-01 9.582387661995411116e-03 9.823069670270565545e-01 1.079831544565345496e+02 9.839128893317919400e-02 9.951068648013656759e-01 9.026626246774666074e-03 -7.120163985203715740e-01 -9.774137785970163916e-01 9.833873130197345880e-02 -1.870606093684944460e-01 9.838764992083422811e+00
-1.917904029556219969e-01 9.424520389976803053e-03 9.813907219745178212e-01 1.099242403464475615e+02 9.703344469870603395e-02 9.952366781643386950e-01 9.405487520068943341e-03 -7.205577871351425134e-01 -9.766272690137358659e-01 9.703161049500684532e-02 -1.917913355869677594e-01 9.477147477860405900e+00
-1.978153802625581825e-01 8.804076297678802704e-03 9.801998228384570799e-01 1.118646319367559983e+02 9.570978871389880516e-02 9.953552087007250249e-01 1.037511729181020761e-02 -7.121884375635155751e-01 -9.755555251524202776e-01 9.586708151777295628e-02 -1.977392037591630403e-01 9.084089120113354454e+00
-2.030552059152293809e-01 8.695971297567566330e-03 9.791287414227639596e-01 1.138464271996719788e+02 9.541411977127237098e-02 9.953774692269351521e-01 1.094704149636242102e-02 -7.259966657731200534e-01 -9.745073629133933490e-01 9.564556655251359174e-02 -2.029462937980661685e-01 8.700257022616177949e+00
-2.085305647972209853e-01 8.115092082065986784e-03 9.779822479862655404e-01 1.158132426550548502e+02 9.499262366498630039e-02 9.954057040555701619e-01 1.199516624624409264e-02 -7.107944986186112146e-01 -9.733916357686964727e-01 9.540246418313436116e-02 -2.083433859342024297e-01 8.281342607101031206e+00
-2.145483426712896657e-01 9.631185840307334572e-03 9.766659496157110709e-01 1.178340393796348735e+02 9.554483939786370672e-02 9.953624173124141494e-01 1.117318554089524046e-02 -7.245189217277797633e-01 -9.720288392094015295e-01 9.571258552029532352e-02 -2.144735654739458597e-01 7.892266601188898001e+00
-2.200546916180638746e-01 1.073609415207829772e-02 9.754285196222229892e-01 1.197856418260504370e+02 9.544827559910681880e-02 9.953781925816208576e-01 1.057726952487431440e-02 -7.271159553805742748e-01 -9.708065881761192006e-01 9.543055370366407275e-02 -2.200623812649669386e-01 7.453682029141118548e+00
-2.263442319060124108e-01 1.038254726172678152e-02 9.739921041466090834e-01 1.217354724726791346e+02 9.552300410180750156e-02 9.953597690844017132e-01 1.158809670150283411e-02 -7.416358030302916404e-01 -9.693521119900750938e-01 9.566155637253885569e-02 -2.262857128908646043e-01 7.005602860134874099e+00
-2.322254886373527616e-01 1.078398104738586757e-02 9.726022595968080164e-01 1.237690126090263050e+02 9.561646213250117599e-02 9.953483784611757423e-01 1.179389120725699708e-02 -7.210875331343590267e-01 -9.679507671443110528e-01 9.573563504093579590e-02 -2.321763880529727764e-01 6.530006739585437536e+00
-2.370445784638615661e-01 1.121604207720778949e-02 9.714340920098829546e-01 1.257997337603524954e+02 9.399960693950501489e-02 9.955064650459433118e-01 1.144334811990053644e-02 -7.346785178033637953e-01 -9.669404402893786443e-01 9.402701207197161626e-02 -2.370337122995768431e-01 6.051913684400772375e+00
-2.429761818297086762e-01 1.170553441814543502e-02 9.699616910238643142e-01 1.278203411585989073e+02 9.353596851693893321e-02 9.955504429411031753e-01 1.141649861310006092e-02 -7.291187921986055365e-01 -9.655120255102351834e-01 9.350024901384125509e-02 -2.429899323343364947e-01 5.543740705812054692e+00
-2.463093550061090931e-01 1.136255886197981221e-02 9.691247186012490467e-01 1.298140865815790619e+02 9.463702805481723213e-02 9.954348434050317440e-01 1.238158715276841543e-02 -7.312994542264428244e-01 -9.645596967085895423e-01 9.476478960610579261e-02 -2.462602314234349776e-01 5.055408534826390188e+00
-2.504376170585567718e-01 1.110560412246657316e-02 9.680691047443578112e-01 1.318517861641949764e+02 9.649609656863987472e-02 9.952411799885338972e-01 1.354603899567200995e-02 -7.231452929776881478e-01 -9.633116720577032943e-01 9.680733338511472719e-02 -2.503174753556178800e-01 4.544346135188075841e+00
-2.544327238132036428e-01 1.175070907255623513e-02 9.670191495870674725e-01 1.338756879489127982e+02 9.728347316537473699e-02 9.951651007124002746e-01 1.350356663357951681e-02 -7.341002211252096732e-01 -9.621849039458362229e-01 9.751073662613182758e-02 -2.543457154027006784e-01 4.014124032875415082e+00
-2.577318760107101259e-01 1.204458011445553797e-02 9.661414667303014348e-01 1.358958536133661141e+02 9.742340742499412676e-02 9.951503323763652986e-01 1.358284911603235487e-02 -7.263337151287203586e-01 -9.612922731837187929e-01 9.762553283195582465e-02 -2.576553845070277404e-01 3.484472184351214086e+00
-2.610918857580037389e-01 1.197206251192835941e-02 9.652397744805176760e-01 1.379288231542533367e+02 9.645319190217181704e-02 9.952425993152673733e-01 1.374585217902623072e-02 -7.175203376855417980e-01 -9.604830471820874349e-01 9.668939349125577065e-02 -2.610045090825179881e-01 2.940886642189083577e+00
-2.651955616704323448e-01 1.236801932125991543e-02 9.641153827289421496e-01 1.400044826233234687e+02 9.555620617385277016e-02 9.953322724792369458e-01 1.351580670019023392e-02 -7.201160220066843420e-01 -9.594478624712715620e-01 9.571154597864467428e-02 -2.651395404531779465e-01 2.398227165912238945e+00
-2.691270381611561846e-01 1.246024220706209648e-02 9.630241453178108868e-01 1.419891852933547227e+02 9.421288885955772519e-02 9.954612291279910652e-01 1.344883401028326014e-02 -7.227785990922321879e-01 -9.584854951835979353e-01 9.434873726310225028e-02 -2.690794460167149627e-01 1.859660483306680989e+00
-2.737342465167344474e-01 1.282267653095782965e-02 9.617199518015533410e-01 1.441383380766470452e+02 9.389963636910358957e-02 9.954907606013698729e-01 1.345370282647398094e-02 -7.035192726575256739e-01 -9.572106855305928530e-01 9.398789856372367912e-02 -2.737039563365378236e-01 1.275013988554475564e+00
-2.778165696956917952e-01 1.323435652684576240e-02 9.605430388888026583e-01 1.462205673031129152e+02 9.410441738121988475e-02 9.954707680177528051e-01 1.350210784278351242e-02 -7.223402158807592510e-01 -9.560136967938211994e-01 9.414245793334639900e-02 -2.778036838205864001e-01 6.712507633754846159e-01
-2.825031284239775675e-01 1.404817387040423540e-02 9.591635705377807852e-01 1.482778917087199488e+02 9.404376822133167502e-02 9.954816261712745584e-01 1.311868443613724636e-02 -7.080570829318890702e-01 -9.546452894529422473e-01 9.390943149068679829e-02 -2.825478152985799185e-01 7.056683947408975977e-02
-2.872751586070386720e-01 1.394348189804297568e-02 9.577466711018424173e-01 1.504013797053695214e+02 9.278655853918486851e-02 9.955966979332769862e-01 1.333671378075721239e-02 -7.157631331087237481e-01 -9.533433352024180962e-01 9.269732961029020224e-02 -2.873039654195651549e-01 -5.362901313083641153e-01
-2.913705323578650863e-01 1.318149296420869157e-02 9.565195158744240755e-01 1.524319396954761316e+02 9.266948132272943839e-02 9.955912139941835992e-01 1.450862393790677655e-02 -7.054105777948226352e-01 -9.521110530831848884e-01 9.286755838191790291e-02 -2.913074625640494908e-01 -1.149395461837174892e+00
-2.955818472178481371e-01 1.335454359318731174e-02 9.552241362986635398e-01 1.545542270302039185e+02 9.322688743096903263e-02 9.955329463391994205e-01 1.492978603599752138e-02 -6.980352330225665369e-01 -9.507575909157122140e-01 9.346555229753396310e-02 -2.955064681950364536e-01 -1.797185264976288277e+00
-2.993807430037447870e-01 1.389086399972797557e-02 9.540326708906272657e-01 1.566963233986904243e+02 9.388527328412443751e-02 9.954705053939145731e-01 1.496751895355905027e-02 -7.021131794529202885e-01 -9.495033460222724875e-01 9.405061055587929375e-02 -2.993288455249148439e-01 -2.433412503714557751e+00
-3.035745236930919022e-01 1.481322934203000048e-02 9.526926046641757129e-01 1.587977168843176514e+02 9.422832220630590616e-02 9.954443144541779143e-01 1.454779620509041513e-02 -6.913199922449844159e-01 -9.481368098158957647e-01 9.418697161061422019e-02 -3.035873577913710264e-01 -3.082873663414209542e+00
-3.066739520419271559e-01 1.638233722320249497e-02 9.516736983354990853e-01 1.608869022727011213e+02 9.403248682495307653e-02 9.954820774883659240e-01 1.316522269439329013e-02 -6.923441022557219604e-01 -9.471583062457085145e-01 9.352568090934129663e-02 -3.068288932208220188e-01 -3.759647983977236763e+00
-3.098286250601930969e-01 1.762944524719900485e-02 9.506290272443853606e-01 1.630452745648909740e+02 9.511162012780507991e-02 9.953876356136095449e-01 1.253925076825914212e-02 -6.919355712405418357e-01 -9.460231929454951949e-01 9.430089134462230072e-02 -3.100763460652856685e-01 -4.425343987876253493e+00
-3.129998477085156883e-01 1.856484760589110355e-02 9.495717788546580440e-01 1.651372755405262751e+02 9.527372883811947857e-02 9.953794541904145143e-01 1.194391008922967776e-02 -6.902143223408556683e-01 -9.449623754286218258e-01 9.420769179882954036e-02 -3.133223582534742646e-01 -5.137714848301914827e+00
-3.164124651744747441e-01 1.809665867296860950e-02 9.484491467500740791e-01 1.672632494654827724e+02 9.394357013729727479e-02 9.955009677890147568e-01 1.234613430589737507e-02 -6.815252908666442622e-01 -9.439584931925246725e-01 9.300717521822532419e-02 -3.166889784512209038e-01 -5.818607568446275025e+00
-3.204041161870669896e-01 1.874010426849662125e-02 9.470956296137269526e-01 1.693913298687242275e+02 9.458857413028746997e-02 9.954404257947833123e-01 1.230278763860285368e-02 -6.883688026574357188e-01 -9.425465949599488580e-01 9.352629449824706453e-02 -3.207158080133207800e-01 -6.527026403199859494e+00
-3.247461089685113600e-01 1.893308006107292246e-02 9.456117721513124241e-01 1.715078652518035653e+02 9.581392817553134600e-02 9.953146723562185105e-01 1.297660809978020899e-02 -6.895830052211643357e-01 -9.409354579029486354e-01 9.481688703799165396e-02 -3.250386182497528309e-01 -7.238777461019544113e+00
-3.279325027561340034e-01 1.963097258154660948e-02 9.444972306586740807e-01 1.736417350238411927e+02 9.809891912574490724e-02 9.950867470949770199e-01 1.337781477784643833e-02 -6.844919563337674706e-01 -9.395939314493845229e-01 9.704118353836024835e-02 -3.282470630557767777e-01 -7.970962186205841071e+00
-3.305768710077521266e-01 1.917060943372750348e-02 9.435844106527236930e-01 1.757807163015439471e+02 9.869446234354826986e-02 9.950141479798090272e-01 1.436128489871852168e-02 -6.846082335869378976e-01 -9.386043980295650790e-01 9.787407058878158650e-02 -3.308206950699445481e-01 -8.729078325444104891e+00
-3.333031681196816365e-01 1.869240426178651882e-02 9.426344529250045845e-01 1.779195986685771800e+02 9.788494184747230376e-02 9.950865149181107316e-01 1.487830976653911966e-02 -6.770482402758034590e-01 -9.377245955404119870e-01 9.722871221249934637e-02 -3.334951913136028900e-01 -9.499827690868450247e+00
-3.367750304108658166e-01 1.961224143272287043e-02 9.413809315421804991e-01 1.801449668829148720e+02 9.797737914990654884e-02 9.950856102538143677e-01 1.431990052854165835e-02 -6.638064226430433479e-01 -9.364736478847754952e-01 9.705662719748719969e-02 -3.370415411051411736e-01 -1.024975759257707608e+01
-3.386342724271316773e-01 2.102019256694204197e-02 9.406833156148284303e-01 1.823342677033195969e+02 9.656482633113608327e-02 9.952479165160071917e-01 1.252266561845922534e-02 -6.593374482825760108e-01 -9.359497556810206786e-01 9.507753041025401863e-02 -3.390548637754991490e-01 -1.101591177580976577e+01
-3.420213242902543360e-01 2.228292270152883864e-02 9.394280196064734856e-01 1.844572174731075336e+02 9.567102380568362485e-02 9.953497479576348672e-01 1.122197167888452224e-02 -6.776072663129405482e-01 -9.348092589220139415e-01 9.371419957387408517e-02 -3.425626673954412782e-01 -1.178586927508259130e+01
-3.454290176175913718e-01 2.351716163184667738e-02 9.381502307882100267e-01 1.866413760331367655e+02 9.492126568563492850e-02 9.954345833875765104e-01 9.997087065935945926e-03 -6.654903762514438048e-01 -9.336319558951439168e-01 9.250369670491123686e-02 -3.460842674302613275e-01 -1.258051177806459542e+01
-3.481157862195716768e-01 2.444396170534435253e-02 9.371328670527976357e-01 1.888140845737979703e+02 9.421112126583108815e-02 9.955112883188793615e-01 9.029823929165892854e-03 -6.725507261188305996e-01 -9.327054981276319268e-01 9.143176777864109317e-02 -3.488560863063488449e-01 -1.337224437566728241e+01
