1.000000000000000000e+00 0.000000000000000000e+00 0.000000000000000000e+00 0.000000000000000000e+00 0.000000000000000000e+00 1.000000000000000000e+00 0.000000000000000000e+00 0.000000000000000000e+00 0.000000000000000000e+00 0.000000000000000000e+00 1.000000000000000000e+00 0.000000000000000000e+00
9.999268374756781208e-01 -1.208237728479775661e-02 5.795300135049733740e-04 1.114883517229059290e-01 1.208219932218097120e-02 9.999269596345995437e-01 3.096053053096509480e-04 3.482274225728082973e-03 -5.832284525291526935e-04 -3.025806566676177362e-04 9.999997841447358926e-01 1.059512104319833238e-03
9.994185958398988934e-01 -3.409076607063966230e-02 5.384775962491264488e-04 2.627874170371295448e-01 3.409038616605442745e-02 9.994185089941667322e-01 6.996076943876166189e-04 5.252194780520438172e-02 -5.620146386206525653e-04 -6.808440303657594967e-04 9.999996102954001875e-01 -9.894415769763471001e-04
9.983818720058199592e-01 -5.686379269001805986e-02 3.830549060917517817e-04 3.485407020765852737e-01 5.686329760799480743e-02 9.983812541476209113e-01 1.198645805944993821e-03 1.336841269025844103e-01 -4.505943841692981147e-04 -1.174924478485989913e-03 9.999992082582719322e-01 -6.201312054756044807e-03
9.968553762998246803e-01 -7.924238146178300135e-02 6.101147564914239670e-05 4.433580902061480811e-01 7.924214753991112858e-02 9.968538051343772688e-01 1.781359698663875172e-03 1.772203786560377359e-01 -2.019787064198806366e-04 -1.770923312381902882e-03 9.999984115163502718e-01 -8.364140242774356984e-03
9.945761927754296350e-01 -1.040105273163190180e-01 8.349678279406044931e-05 5.985717780212325145e-01 1.040099772995882466e-01 9.945729814824456616e-01 2.551299131406318914e-03 1.972993261157342526e-01 -3.484056122069186055e-04 -2.528776878262357312e-03 9.999967419452072681e-01 -5.889446265167990434e-03
9.912595110567222756e-01 -1.319264245794313228e-01 -1.540374719357580536e-05 7.667757063020255170e-01 1.319250334751901899e-01 9.912485087938568418e-01 4.709496419475168658e-03 2.271851315623829581e-01 -6.060380827555229616e-04 -4.670365257956495680e-03 9.999889101416072901e-01 -6.334651062324572757e-03
9.866904861602882049e-01 -1.626092958187200233e-01 -3.184872276808447199e-04 9.192471887623571147e-01 1.626075718012072735e-01 9.866664391460185923e-01 6.936530532709588893e-03 2.787228692560161369e-01 -8.137036864996108863e-04 -6.895997118327786869e-03 9.999758912644117759e-01 -2.170048375090855367e-02
9.806743569062464916e-01 -1.956443215730507834e-01 -1.051257694657752864e-03 1.095065413422553258e+00 1.956465845138024018e-01 9.806445138035548847e-01 7.664953690201633217e-03 3.428483414306319199e-01 -4.686945737484525250e-04 -7.722498508258290005e-03 9.999700712232274524e-01 -2.964710758827895920e-02
9.731572276142268496e-01 -2.301370338633716706e-01 -1.398565965986273878e-03 1.279460598331251919e+00 2.301407928728630703e-01 9.731246364710889329e-01 7.978555562319061129e-03 4.394775395910759941e-01 -4.751821143949839826e-04 -8.086256091689569131e-03 9.999671927940324556e-01 -2.646967590382129712e-02
9.639206333404725102e-01 -2.661875939989370998e-01 -1.085090576623555254e-03 1.482884560544994956e+00 2.661852019375964273e-01 9.638719797402335310e-01 9.810450605549742367e-03 5.356174416170188524e-01 -1.565531840449083806e-03 -9.745330815316052483e-03 9.999512876322309562e-01 -2.198224687715501571e-02
9.526653357996768268e-01 -3.040206817160007180e-01 -4.278488369003998794e-04 1.675544909091854828e+00 3.040006679780979937e-01 9.525844664850682264e-01 1.290070076500753060e-02 6.310913764393817349e-01 -3.514517685156696991e-03 -1.242011675855841935e-02 9.999166909623743438e-01 -2.213694474585153546e-02
9.387113719814065282e-01 -3.447040948201458010e-01 -2.170875616390814103e-04 1.896000432593463847e+00 3.446689357864087255e-01 9.386062498236156237e-01 1.488732668792561512e-02 7.542523336309880921e-01 -4.927962728139786454e-03 -1.404972619920067181e-02 9.998891540451259052e-01 -3.183417470718644809e-02
9.223854665904893668e-01 -3.862705186771714372e-01 3.707067767995952945e-04 2.104286508457128502e+00 3.862191107679047164e-01 9.222775429194717267e-01 1.545743523586649501e-02 8.697172681096160263e-01 -6.312646061227262725e-03 -1.411453957063581177e-02 9.998804579910613999e-01 -3.167562203486561090e-02
9.031834623372698712e-01 -4.292513624258036953e-01 1.703295644619858213e-03 2.319955103943615704e+00 4.291596682044504507e-01 9.030598215937593043e-01 1.746246860251232658e-02 1.005496838028757223e+00 -9.033966299898070831e-03 -1.504082705967380723e-02 9.998460686396948294e-01 -3.863892253521041681e-02
8.816615536286478427e-01 -4.718520435691676007e-01 5.343578643493212578e-03 2.517714361073881246e+00 4.716706994353815907e-01 8.815487789922655804e-01 1.996250363515579898e-02 1.158508671550631197e+00 -1.412997336362578800e-02 -1.507976249302458473e-02 9.997864495060418966e-01 -4.627331340663873999e-02
8.574937184185517092e-01 -5.144333671450442846e-01 7.926767344734221565e-03 2.698170423826153907e+00 5.141522212572309236e-01 8.573834947402971807e-01 2.326018751365449208e-02 1.336081571930239020e+00 -1.876209607109588853e-02 -1.586989964451197138e-02 9.996980194220113081e-01 -2.785295510396034943e-02
8.305386137695108806e-01 -5.569026388397004812e-01 8.066095164153736299e-03 2.904972810691202056e+00 5.565474078037049299e-01 8.303928039970942532e-01 2.650988375719359399e-02 1.533880121960511378e+00 -2.146145160038384625e-02 -1.752831775218268578e-02 9.996160083612021241e-01 -1.983409181936825888e-02
8.005675066587352173e-01 -5.992042888316930771e-01 6.774033356948054065e-03 3.108380055943821940e+00 5.987711430380824318e-01 8.003348885179043526e-01 3.061346902756744218e-02 1.740950599313013880e+00 -2.376521716888419303e-02 -2.045205287345620501e-02 9.995083431298495968e-01 -4.207309849566930743e-02
7.675952423587462103e-01 -6.409041978199090384e-01 6.273206918068611505e-03 3.312384384132633475e+00 6.403873114693579005e-01 7.673072053332121722e-01 3.381928374143140792e-02 1.948475290878018518e+00 -2.648839778592617863e-02 -2.194223918735031462e-02 9.994082763926760427e-01 -7.412725015181458044e-02
7.311923980130881073e-01 -6.821270580066458589e-01 7.768772301189729584e-03 3.494838235356080958e+00 6.814792091738053337e-01 7.309160669444805247e-01 3.671226697245344450e-02 2.168083049639129012e+00 -3.072075115804703133e-02 -2.154947372001880107e-02 9.992956797818529635e-01 -8.503961997650910654e-02
6.917980578108575695e-01 -7.220362184881677914e-01 8.896426273057728151e-03 3.662790123238005791e+00 7.212842149108206202e-01 6.915548940693302393e-01 3.874157726833762222e-02 2.436705777372491610e+00 -3.412518907795770995e-02 -2.038449607089079171e-02 9.992096595761719158e-01 -7.688417923236851026e-02
6.491980967458690355e-01 -7.605624358700361354e-01 9.306574288013420154e-03 3.837248025047877320e+00 7.597257828432389948e-01 6.489797854349055317e-01 4.052126577602724322e-02 2.725224198538008125e+00 -3.685873118772137191e-02 -1.923588418298065317e-02 9.991353335234072208e-01 -7.656357944240110847e-02
6.036038293672933985e-01 -7.972118349229819767e-01 1.075673890505845186e-02 4.001254343890011889e+00 7.962586669436513276e-01 6.034565572515508958e-01 4.257133809530869867e-02 3.001090071071921273e+00 -4.042959918498807703e-02 -1.713107611441530911e-02 9.990355217613151595e-01 -9.333015773768245371e-02
5.559200899913988581e-01 -8.311338485519997876e-01 1.301458163356214275e-02 4.154420682807576704e+00 8.300451378481047415e-01 5.558934815588733036e-01 4.480520388387360109e-02 3.288423452352489562e+00 -4.447384263447390351e-02 -1.410542276914048508e-02 9.989109641854112542e-01 -1.085511731017364256e-01
5.065441132163089888e-01 -8.620804671650574846e-01 1.517661024007454888e-02 4.303466083575212764e+00 8.608124843343230026e-01 5.066455785969272707e-01 4.808455575707887286e-02 3.608443866510711917e+00 -4.914191876670943870e-02 -1.129273309083738547e-02 9.987279639617914206e-01 -1.149089881269726859e-01
4.569173486539158113e-01 -8.893815467838197542e-01 1.506654371433721086e-02 4.423218204710865464e+00 8.878927133401803840e-01 4.570422662128609814e-01 5.252519864240743491e-02 3.935353197851317208e+00 -5.360098969690754028e-02 -1.062220012202775427e-02 9.985059352693300694e-01 -1.174994396231241744e-01
4.074674095428107989e-01 -9.131186570712515049e-01 1.358779852902380729e-02 4.511983917856507986e+00 9.113078595379691116e-01 4.075316244986703085e-01 5.861706387904477844e-02 4.293991511073883771e+00 -5.906179225858685516e-02 -1.150187558048199228e-02 9.981880642210337884e-01 -1.459920292507567441e-01
3.590755929702658111e-01 -9.331940298954716217e-01 1.461578258259494355e-02 4.618409040405031085e+00 9.310766204785100308e-01 3.592553559260324159e-01 6.349737031386953889e-02 4.655291856360587843e+00 -6.450616506481264556e-02 -9.191942444854092620e-03 9.978749735626811779e-01 -1.976272163894392253e-01
3.120816040903435784e-01 -9.498873630192287143e-01 1.786252962975408420e-02 4.719687583834090816e+00 9.476333619777282946e-01 3.125726522838699895e-01 6.549311651627615083e-02 5.028873296851291919e+00 -6.779442200642810112e-02 -3.512067852804577617e-03 9.976931300375940781e-01 -2.146732944118999453e-01
2.670072254350194796e-01 -9.634699061501289519e-01 2.080580468414391926e-02 4.803870453963617670e+00 9.612437687912523954e-01 2.678048633551986524e-01 6.550551215961041007e-02 5.399286558015936599e+00 -6.868448533316807991e-02 2.509005054883674344e-03 9.976352772271800395e-01 -2.000953699995142998e-01
2.248450811615809175e-01 -9.741661973800568308e-01 2.109287461496297394e-02 4.845477516356655912e+00 9.719894206694481564e-01 2.257575503288336560e-01 6.534596067237115335e-02 5.767535499666364807e+00 -6.841970172481781631e-02 5.809333146290391985e-03 9.976397125537266319e-01 -1.995174433472431397e-01
1.855783650273183649e-01 -9.824271609974712938e-01 1.993849964856569609e-02 4.880364748158991794e+00 9.802401210780626872e-01 1.865031599268117402e-01 6.592326119192574996e-02 6.155943786346425028e+00 -6.848339552513553474e-02 7.310586280358500298e-03 9.976254707381850828e-01 -2.502992340756520218e-01
1.504802714864920121e-01 -9.884050287383361333e-01 2.027774785622508263e-02 4.916025254019954716e+00 9.861332811766367890e-01 1.515231053167085395e-01 6.768973563976968255e-02 6.546240881090249708e+00 -6.997742242432138104e-02 9.810592232410330488e-03 9.975003321457579508e-01 -3.158472811008614656e-01
1.190905771417493791e-01 -9.926443159711249020e-01 2.178752868645435908e-02 4.965489330944685697e+00 9.903482971977681792e-01 1.203249998194133169e-01 6.879058551822218870e-02 6.953189151551610436e+00 -7.090616809225190609e-02 1.338493140349362315e-02 9.973931817181211912e-01 -3.270632715953910030e-01
9.125332560780467783e-02 -9.955687490850917420e-01 2.270895001231168150e-02 4.988566026925625785e+00 9.933081247344330844e-01 9.261993009842667268e-02 6.899650632551158902e-02 7.362160229553865953e+00 -7.079406685648016728e-02 1.626082389389442093e-02 9.973584038369617266e-01 -3.126967118210486341e-01
6.697710344523521986e-02 -9.975292156120961762e-01 2.120216060693713364e-02 4.988128617704004064e+00 9.951917536825295452e-01 6.831205531409267895e-02 7.019142754678753260e-02 7.785886357800428925e+00 -7.146636283159961411e-02 1.639899689250648787e-02 9.973081930298887121e-01 -3.432256807507424456e-01
4.752447254455131886e-02 -9.987129916716902533e-01 1.771397119633856890e-02 4.975843307272232785e+00 9.961054099974672171e-01 4.870400523735211179e-02 7.349783702679990594e-02 8.202127045311883080e+00 -7.426598604435442896e-02 1.415203660334808308e-02 9.971380461986381061e-01 -3.851372120100600704e-01
3.200696315977691331e-02 -9.993647966579475295e-01 1.567027472983223424e-02 4.983323263774975587e+00 9.965586629325096091e-01 3.310864869746311251e-02 7.599110945102212356e-02 8.631042835752504416e+00 -7.646166126535529350e-02 1.318410339187724330e-02 9.969853528383927355e-01 -4.399154149343089681e-01
1.806753822383078481e-02 -9.997004870329353476e-01 1.650758276195568933e-02 4.991322668996265755e+00 9.968165627889065128e-01 1.929282187652115940e-02 7.735972578642864861e-02 9.068867787183259921e+00 -7.765503339926534132e-02 1.505733210609467611e-02 9.968665770992655162e-01 -4.892904963106474714e-01
5.426472747608399559e-03 -9.997782030397484032e-01 2.034940097721508676e-02 5.004387043230861920e+00 9.967794728103382962e-01 7.036113402074185667e-03 7.988226143605110796e-02 9.494171309831456185e+00 -8.000772448622650579e-02 1.985038626337456980e-02 9.965965714308527845e-01 -5.073956455199486459e-01
-4.631879458983067903e-03 -9.996560046969278357e-01 2.581507245880585583e-02 5.001148848729774166e+00 9.965728749894218197e-01 -2.482412966564857045e-03 8.268217740953512362e-02 9.935021921396254285e+00 -8.258965145825392096e-02 2.610957485749958520e-02 9.962415568388847120e-01 -4.938442177641790831e-01
-1.214182067397734030e-02 -9.995298885873018513e-01 2.815276205592385020e-02 4.987013703579585844e+00 9.963441917506294931e-01 -9.712507388981597364e-03 8.487590214545302769e-02 1.039149026228422557e+01 -8.456256710570299318e-02 2.908038893954934673e-02 9.959937264981231220e-01 -5.022908485739581153e-01
-1.804561110392977064e-02 -9.994161913202800340e-01 2.901090220506680195e-02 4.976638143324319863e+00 9.960841223164204061e-01 -1.545861419030370408e-02 8.704856412625464057e-02 1.084986866064980404e+01 -8.654927607445977999e-02 3.046814359591929616e-02 9.957815598999638640e-01 -5.657013710790887995e-01
-2.242764045283454979e-02 -9.993052873522010326e-01 2.976480494901765847e-02 4.968585077005511330e+00 9.959411401966007382e-01 -1.973648358705063985e-02 8.781637933502373095e-02 1.129400815075919695e+01 -8.716791960126772654e-02 3.161350796024973292e-02 9.956918900477367274e-01 -6.316132190797864032e-01
-2.548272601466477702e-02 -9.992265955227361829e-01 2.994731164735589535e-02 4.969445105363734960e+00 9.959026547017724162e-01 -2.277503422406595979e-02 8.751685651378723896e-02 1.172789691816041113e+01 -8.676711953743607153e-02 3.205477524698862463e-02 9.957127890868135989e-01 -6.587988683021077652e-01
-2.860306679187038514e-02 -9.992283418538558948e-01 2.691812411913768396e-02 4.938930513518937637e+00 9.958856372030013837e-01 -2.617022042911673618e-02 8.675780757639765806e-02 1.217919680601902854e+01 -8.598640696570358788e-02 2.928891255552086917e-02 9.958657025013178954e-01 -6.417025237013784800e-01
-3.249105670609469393e-02 -9.993029364684289373e-01 1.838402566623603684e-02 4.887278147168288456e+00 9.958162214211330188e-01 -3.079494943697206819e-02 8.603327404970527448e-02 1.262500809030791515e+01 -8.540716825102381837e-02 2.110242295922025099e-02 9.961226346974509926e-01 -6.830006939973835012e-01
-3.632336145632751589e-02 -9.992620289197324812e-01 1.249043520989498619e-02 4.843133502859832795e+00 9.958000478781332543e-01 -3.514076852609347018e-02 8.454224407539159825e-02 1.307430711784347110e+01 -8.404093085170195876e-02 1.550883446991166426e-02 9.963416070780966027e-01 -7.929843020148760191e-01
-4.013391859690000618e-02 -9.990843827374784603e-01 1.482109132719108650e-02 4.841986736808691738e+00 9.957865255703508556e-01 -3.876862826517905869e-02 8.310348341053488963e-02 1.353951522850938183e+01 -8.245279904640039070e-02 1.809391147618171977e-02 9.964307032086606730e-01 -8.795937884054140232e-01
-4.387696121596412757e-02 -9.987463123089458383e-01 2.409597318503882424e-02 4.857590745278359101e+00 9.955149058769573456e-01 -4.168606716695049536e-02 8.492552019825971854e-02 1.401008133120210175e+01 -8.381458376228621832e-02 2.771417423330224672e-02 9.960958990455290873e-01 -8.615617214344092334e-01
-4.731234831507592081e-02 -9.984080101787707884e-01 3.070809189416083898e-02 4.839134207659361309e+00 9.951630407870327710e-01 -4.446431314250799682e-02 8.759821407010102978e-02 1.447828881734040429e+01 -8.609334439095270297e-02 3.470403532202393643e-02 9.956824624266255030e-01 -7.927035501653155736e-01
-4.936014160121957733e-02 -9.984596064746105171e-01 2.533753460133133031e-02 4.782807868407550345e+00 9.951890672247978298e-01 -4.701723439417557909e-02 8.595405834607400264e-02 1.494560795313456403e+01 -8.463035446779540449e-02 2.945834191683663686e-02 9.959768617765003551e-01 -7.747847130998146703e-01
-5.072672881666213246e-02 -9.986883283299888836e-01 6.958580387792533996e-03 4.727555729788632810e+00 9.955996065764335379e-01 -5.001769043037480184e-02 7.924426811361406919e-02 1.543903279966789022e+01 -7.879227353244717957e-02 1.094776239529088140e-02 9.968309405963100556e-01 -8.815590921186607920e-01
-5.278839794143031644e-02 -9.985543093154359839e-01 -1.013293591954870024e-02 4.678826157569240252e+00 9.959044693414452754e-01 -5.338873744721173847e-02 7.296527022856150180e-02 1.592796292254829460e+01 -7.340076967247358142e-02 -6.239716449099723741e-03 9.972830054453566406e-01 -1.049883395163658140e+00
-5.571664422457207194e-02 -9.983840053762231825e-01 -1.118183192870894106e-02 4.655744707408998373e+00 9.959659187823668436e-01 -5.636369292842797335e-02 6.982136308799560820e-02 1.640537566442166906e+01 -7.033878148182766410e-02 -7.246511464098092173e-03 9.974968390382259464e-01 -1.140164764894092686e+00
-5.810094186168204833e-02 -9.983105059306446316e-01 -6.436639542933425290e-04 4.649304641816740968e+00 9.957674444557507165e-01 -5.799890679217403755e-02 7.129742893664724190e-02 1.689041172971819904e+01 -7.121430415898902244e-02 3.501508162680566031e-03 9.974548923754584795e-01 -1.070649072980773830e+00
-5.908171020158386327e-02 -9.982297840253503418e-01 6.830066204553612852e-03 4.615163042062912169e+00 9.955244521226177534e-01 -5.841328804494653332e-02 7.428965611537000080e-02 1.740105376925061975e+01 -7.375918075479070968e-02 1.118865784983305058e-02 9.972133157905090917e-01 -9.606114201109502426e-01
-5.972165371361873309e-02 -9.982013694322960928e-01 5.229736245748580793e-03 4.556802174218108625e+00 9.955183366062557715e-01 -5.917465162081739921e-02 7.376721552471199317e-02 1.792929084248558169e+01 -7.332506773556386748e-02 9.611798429241759714e-03 9.972617749480477967e-01 -9.818143976819476704e-01
-6.110293761809097723e-02 -9.981240320715435432e-01 -3.853260396659259537e-03 4.528503813038913250e+00 9.957509138783035008e-01 -6.122321813567803417e-02 6.878833528757057059e-02 1.842386272768985123e+01 -6.889519957851741871e-02 3.662817985441910976e-04 9.976238355776592126e-01 -1.105283528654534386e+00
-6.273597004187221604e-02 -9.979260214246189475e-01 -1.441713655816130764e-02 4.509176441439288752e+00 9.959908451028224308e-01 -6.352423986791416732e-02 6.298339003713332440e-02 1.892299784154998576e+01 -6.376860147652055333e-02 -1.040801195402074955e-02 9.979104362380892823e-01 -1.216168295175127811e+00
-6.419942670870340540e-02 -9.977981291998242463e-01 -1.665313710999206595e-02 4.474373623333350203e+00 9.960170640792090913e-01 -6.510165237536670590e-02 6.092440332928131252e-02 1.944909762913810169e+01 -6.187440240766647892e-02 -1.267549696569311886e-02 9.980034519496246981e-01 -1.270086399204643390e+00
-6.528836292432518840e-02 -9.978007734936035211e-01 -1.144753607673206809e-02 4.438775855458096053e+00 9.958269150842259387e-01 -6.588372931666378052e-02 6.315132148389467071e-02 1.997356829517512722e+01 -6.376664379199548094e-02 -7.276718140416217444e-03 9.979383069672241868e-01 -1.245830506542013216e+00
-6.551014485995494685e-02 -9.978285786267100388e-01 -6.822653166319500410e-03 4.388376517378589803e+00 9.955643429764864383e-01 -6.582114340648932693e-02 6.722511490849106264e-02 2.049003206442208835e+01 -6.752821568962993903e-02 -2.388463201000973202e-03 9.977145059230683177e-01 -1.203927923275039724e+00
-6.583527380351089642e-02 -9.978145613428867078e-01 -5.640735352706260052e-03 4.331033036072401643e+00 9.953157071569759262e-01 -6.606939348893919872e-02 7.057958862598080751e-02 2.101993847703979768e+01 -7.079802122817939469e-02 -9.676859543335878788e-04 9.974902023448992683e-01 -1.225058337677335851e+00
-6.610587383008649509e-02 -9.977290550837768501e-01 -1.291302004933392138e-02 4.306743188001410871e+00 9.951265076023941836e-01 -6.687133560976712965e-02 7.246694653997932944e-02 2.155623778055029405e+01 -7.316588899359481590e-02 -8.059597719469877714e-03 9.972872181936240921e-01 -1.282423009276813408e+00
-6.509291244233611495e-02 -9.976980988451729093e-01 -1.901095238281569691e-02 4.255390000586886323e+00 9.951356190322226958e-01 -6.631392912398564876e-02 7.285302009864551287e-02 2.209561201464783764e+01 -7.394601059644133334e-02 -1.417626060942451562e-02 9.971614819837379962e-01 -1.377433889051586036e+00
-6.410233945336342443e-02 -9.977141940331603065e-01 -2.138403847188131632e-02 4.228350105677320059e+00 9.952328357967960004e-01 -6.549180120915068515e-02 7.226635819140669881e-02 2.265608053775618558e+01 -7.350165051530030413e-02 -1.664965462531431059e-02 9.971561043148582382e-01 -1.436025837753774237e+00
-6.357766307077150625e-02 -9.977979394466627294e-01 -1.889848656515281597e-02 4.195556754520159970e+00 9.953136091103338412e-01 -6.477917204895468350e-02 7.179469610224359366e-02 2.319850838766087975e+01 -7.286082814668691510e-02 -1.424538187082852354e-02 9.972403766480443243e-01 -1.441285749906979552e+00
-6.255332604051939971e-02 -9.978970249419287786e-01 -1.698849649958351568e-02 4.174921907098689822e+00 9.953810232505235778e-01 -6.361960438794385386e-02 7.189690181268226787e-02 2.372712002798137476e+01 -7.282650584786706793e-02 -1.241263668885145104e-02 9.972673796411979374e-01 -1.428384997538848511e+00
-6.072511806969720094e-02 -9.980153264619292530e-01 -1.666937858799895367e-02 4.149165199053422626e+00 9.953507609922574995e-01 -6.179694426260490259e-02 7.387828010950461821e-02 2.425731508495919186e+01 -7.476177250142795883e-02 -1.210561138039699391e-02 9.971279414125108209e-01 -1.454303597122300840e+00
-5.831269184063000988e-02 -9.981630772707078547e-01 -1.643475414390785372e-02 4.088312405118787574e+00 9.955358110174322706e-01 -5.936733497994480663e-02 7.337553079360056851e-02 2.482231226687602899e+01 -7.421643316788634204e-02 -1.208266157971753761e-02 9.971689577684348382e-01 -1.512493030700356123e+00
-5.582385167023539568e-02 -9.982689119573325831e-01 -1.851693830586327930e-02 4.035854128999171841e+00 9.961082052649560259e-01 -5.695079016847891945e-02 6.726849859342991234e-02 2.537450090813845449e+01 -6.820660516788654149e-02 -1.468968749529631079e-02 9.975630667244865801e-01 -1.563545466668681438e+00
-5.302897188879788365e-02 -9.983619167662995952e-01 -2.148048628727211931e-02 4.014627323839579098e+00 9.967695752754681671e-01 -5.421922324564457801e-02 5.925107286625282826e-02 2.590457767641172637e+01 -6.031866995864645919e-02 -1.826907171586911877e-02 9.980119734116722485e-01 -1.616398352402765415e+00
-4.892419867760037372e-02 -9.985526970190437002e-01 -2.233683190940197530e-02 4.015113294372752328e+00 9.972412733088131809e-01 -5.008542133439178312e-02 5.478406136070781973e-02 2.645041515850270741e+01 -5.582352186284943868e-02 -1.959494439263983340e-02 9.982483521454355024e-01 -1.632200637914685393e+00
-4.397294777497892659e-02 -9.988303955267379131e-01 -2.010524398954796274e-02 4.012318683112749085e+00 9.974510694532789934e-01 -4.502641810561888031e-02 5.535328101466155393e-02 2.701465628419586551e+01 -5.619380669156594926e-02 -1.761995018376229238e-02 9.982643905524390959e-01 -1.644455406303059197e+00
-3.879152675746827539e-02 -9.990929853849713771e-01 -1.756200462276799601e-02 3.982435448792244870e+00 9.972571336226122574e-01 -3.981697784467657514e-02 6.239244917558677689e-02 2.758860444605695861e+01 -6.303512426128993207e-02 -1.509353602910993609e-02 9.978971681889380330e-01 -1.655099780312906610e+00
-3.254833298231545741e-02 -9.993618078320549714e-01 -1.471676142089193944e-02 3.941161893520213066e+00 9.968636470007545825e-01 -3.352265200143793311e-02 7.168752395742064576e-02 2.815454125976718913e+01 -7.213511841279238168e-02 -1.233729506162650064e-02 9.973185628685223847e-01 -1.714905808363366368e+00
-2.609949153127095328e-02 -9.995761779971583660e-01 -1.289499602181927093e-02 3.916594385941595924e+00 9.967877971994016928e-01 -2.699937696643901069e-02 7.539974136420539430e-02 2.872398256535559469e+01 -7.571594215338049716e-02 -1.088567976828918975e-02 9.970700066092692548e-01 -1.763709913674421426e+00
-2.051818012459586185e-02 -9.997022906911949836e-01 -1.320357039412406626e-02 3.918629784816953787e+00 9.972153604637330471e-01 -2.141062949932628218e-02 7.143605391978254116e-02 2.928533211813158132e+01 -7.169748349532317766e-02 -1.170106538826828045e-02 9.973577873206872502e-01 -1.782060791153423862e+00
-1.544494974802432079e-02 -9.997685602492568657e-01 -1.497596288754562445e-02 3.928304541911398218e+00 9.978294558421437754e-01 -1.637043987505379036e-02 6.378389884656486541e-02 2.984475740893073592e+01 -6.401429981693601556e-02 -1.395831778637353013e-02 9.978513590628225183e-01 -1.821726210548395120e+00
-1.116662667689581265e-02 -9.998258910313325698e-01 -1.494971812648037551e-02 3.930608469164180274e+00 9.982352510136084378e-01 -1.201840572447930057e-02 5.815446292109180404e-02 3.041417624988906709e+01 -5.832400948543982333e-02 -1.427394644953462743e-02 9.981956543535431825e-01 -1.848399631958103084e+00
-7.665741544183387809e-03 -9.998551389915821819e-01 -1.519662589857838537e-02 3.935488545773358826e+00 9.982619875187030978e-01 -8.539773390278969367e-03 5.831017531829967016e-02 3.096458448427937427e+01 -5.843150418897276321e-02 -1.472322323970694583e-02 9.981828419761821225e-01 -1.857737750159931922e+00
-4.820415401237078921e-03 -9.998800167246292281e-01 -1.472126863128935849e-02 3.921622250990461467e+00 9.980726265152212173e-01 -5.721473214283027443e-03 6.179236963627512957e-02 3.152251778812403415e+01 -6.186918292952743592e-02 -1.439503035819346237e-02 9.979804543700339092e-01 -1.900760374638919670e+00
-1.738635043999522435e-03 -9.998788521037944577e-01 -1.546797542610212940e-02 3.908405263494820314e+00 9.978827992165242300e-01 -2.740396095105244404e-03 6.498006815198323349e-02 3.207217251839426808e+01 -6.501458433288817562e-02 -1.532224999276069789e-02 9.977666723634244228e-01 -1.946812508952017629e+00
3.420787310864743997e-04 -9.998979306233245490e-01 -1.428325303755448306e-02 3.908042909869006376e+00 9.978537825435543906e-01 -5.939666245661388497e-04 6.547881998913671064e-02 3.263217198477855874e+01 -6.548062038238951221e-02 -1.427499698220537766e-02 9.977517290466078048e-01 -2.002346868465455287e+00
8.033130688134661537e-04 -9.999564426182161458e-01 -9.298793170933657495e-03 3.920980261930002708e+00 9.979590249733012453e-01 2.078877401733702915e-04 6.385719424642474773e-02 3.317252636428016643e+01 -6.385247968913666805e-02 -9.331111884969265843e-03 9.979157234899841411e-01 -1.997280804142933519e+00
6.448616500396034618e-04 -9.999747211424347970e-01 -7.081047208047423075e-03 3.922218780757458667e+00 9.980844188479078838e-01 2.055527108837126946e-04 6.186639314779500409e-02 3.367242538002280838e+01 -6.186337370760502941e-02 -7.107378151845917917e-03 9.980593209671055899e-01 -1.989271192005380273e+00
-7.548058448599374295e-04 -9.999701069978373935e-01 -7.695152946541331668e-03 3.920310974339714427e+00 9.982011214847107405e-01 -1.214747345462291765e-03 5.994201744646864699e-02 3.418483069562464749e+01 -5.994957326622620680e-02 -7.636065716112657928e-03 9.981721991548234696e-01 -2.011394578155818014e+00
-2.789315800180336598e-03 -9.999852463123547475e-01 -4.661209605511467714e-03 3.932004290107374622e+00 9.980523281036962624e-01 -3.074352097007304347e-03 6.230649023958659272e-02 3.469208606834204289e+01 -6.231990118861659850e-02 -4.478338620880994297e-03 9.980461784902729949e-01 -2.051469067663912682e+00
-6.648628492592436635e-03 -9.999694249841818428e-01 -4.116410568983773326e-03 3.928541530427227091e+00 9.977754758691127490e-01 -6.906989490813842357e-03 6.630530333495054940e-02 3.517747582140025742e+01 -6.633170805379211277e-02 -3.666414185377699520e-03 9.977908908752813888e-01 -2.109151256492055815e+00
-1.181494877001258541e-02 -9.999180729748743390e-01 -4.924867894285032618e-03 3.893319216913114555e+00 9.978217391879352638e-01 -1.210956780624465254e-02 6.484701358975919483e-02 3.565902084217731272e+01 -6.490133888855012523e-02 -4.147976104095014126e-03 9.978830645444952685e-01 -2.136802608641112933e+00
-1.946294188873052763e-02 -9.997973130561292887e-01 -5.150407632435649932e-03 3.885162174155916581e+00 9.979587216829530760e-01 -1.974002285810892363e-02 6.073484431928307531e-02 3.615942780681015023e+01 -6.082420332369437715e-02 -3.957815471404322639e-03 9.981406473973155613e-01 -2.127701082374932273e+00
-2.977395508867175869e-02 -9.995548225407092646e-01 -1.915289531388639829e-03 3.893932683468201983e+00 9.977063035951444503e-01 -2.983532095418839347e-02 6.076170990084277940e-02 3.662594299431206224e+01 -6.079180343509613116e-02 -1.017800169776472387e-04 9.981504627439375943e-01 -2.143264812874376979e+00
-4.176697433089040373e-02 -9.990685361309089574e-01 1.084342973811526847e-02 3.864644782007789381e+00 9.973321860233891334e-01 -4.103917805374979882e-02 6.036800962828417494e-02 3.705882570862411285e+01 -5.986677356473064926e-02 1.333589059325701077e-02 9.981172894229585202e-01 -2.185784773308590445e+00
-5.310260488573805698e-02 -9.984059225664271287e-01 1.912399379395309656e-02 3.819198955679389051e+00 9.970848979990273309e-01 -5.196214796054578200e-02 5.587165078638878235e-02 3.745575388238628278e+01 -5.478886325357576470e-02 2.203517559740127835e-02 9.982547928759334388e-01 -2.160763201810144363e+00
-6.280362307260323185e-02 -9.979913098352445333e-01 8.309658373693474750e-03 3.760680917905544263e+00 9.966842371935974443e-01 -6.228544041101957696e-02 5.235508802993583954e-02 3.789377719968749858e+01 -5.173235214806458371e-02 1.157019473208912262e-02 9.985939586914643895e-01 -2.154027461171458491e+00
-7.231366035448176521e-02 -9.973535397268251668e-01 -7.526707149137701856e-03 3.708109711277686404e+00 9.959215808546402204e-01 -7.261394716846450437e-02 5.354829095881463025e-02 3.838950616995130360e+01 -5.395312144937570997e-02 -3.623737157640457250e-03 9.985368942682495419e-01 -2.259722750391896184e+00
-8.264929589390437870e-02 -9.965295419059641002e-01 -9.897777373287050540e-03 3.685733525191694060e+00 9.949331174310058756e-01 -8.307926588712701010e-02 5.662090973020689894e-02 3.884646336654605392e+01 -5.724670931382892791e-02 -5.167948175568632015e-03 9.983466865695466153e-01 -2.348386048651100566e+00
-9.464479512647706871e-02 -9.955022959575726693e-01 4.188257235270407240e-03 3.647180275568220775e+00 9.938334932109870179e-01 -9.424032388784177316e-02 5.842729777734048668e-02 3.925865479439835326e+01 -5.776980636556175441e-02 9.692269946525030114e-03 9.982828804380896592e-01 -2.320472921212302531e+00
-1.091967257552782788e-01 -9.938593134786918304e-01 1.788127780641968201e-02 3.601066822052561456e+00 9.923623910194604436e-01 -1.079584862934052092e-01 5.968123764950594712e-02 3.966409406205603005e+01 -5.738431819292368063e-02 2.426170333881051341e-02 9.980573178814095003e-01 -2.236902759751585368e+00
-1.268102073120218054e-01 -9.916848673878342346e-01 2.191563632331285788e-02 3.519693708131426124e+00 9.903716390831147631e-01 -1.253436741767368079e-01 5.876206126150240738e-02 4.006914354079476936e+01 -5.552646055086362525e-02 2.915625383772163862e-02 9.980314248764132756e-01 -2.236569769241696370e+00
-1.473067334544759244e-01 -9.890153235878941240e-01 1.222358324326824203e-02 3.436771741425007409e+00 9.876941996512965671e-01 -1.464309687425868201e-01 5.493759521759508657e-02 4.047086696257785832e+01 -5.254421237545312678e-02 2.016583996367899909e-02 9.984149661560580702e-01 -2.301980538844499158e+00
-1.719621150337179161e-01 -9.851023097053464017e-01 1.571752627348401788e-03 3.365818209667112093e+00 9.838942850789316186e-01 -1.716717691857017891e-01 4.980802599650649420e-02 4.089724616912666733e+01 -4.879617589676332745e-02 1.011153192361956103e-02 9.987575732579001553e-01 -2.387434793202859229e+00
-2.001125836011490300e-01 -9.797703556684302928e-01 2.236970681782636007e-03 3.278129019748747819e+00 9.785769370929542355e-01 -1.997550171019879528e-01 4.985089098859796924e-02 4.130347449854426856e+01 -4.839557907749063997e-02 1.216483850869316125e-02 9.987541662640571083e-01 -2.420817319993093353e+00
-2.301199977691527343e-01 -9.731237581604018638e-01 8.656669711901482725e-03 3.167577556285150475e+00 9.718312031622656777e-01 -2.293310643340741861e-01 5.432656340671604411e-02 4.167691405894470336e+01 -5.088122627166397766e-02 2.091445039145478982e-02 9.984856967317634613e-01 -2.379609313319640762e+00
-2.610547908758209523e-01 -9.652618569836531881e-01 1.095187715651383363e-02 3.038589148796011497e+00 9.637383860520948309e-01 -2.599592215781127980e-01 6.024555059259934647e-02 4.205833582457381681e+01 -5.530569057958860391e-02 2.628213402620914463e-02 9.981235043923889494e-01 -2.345767624802637563e+00
-2.938566162544322680e-01 -9.558361616168494779e-01 5.051854022305384689e-03 2.872529569835451380e+00 9.540429290314170752e-01 -2.929723305909786024e-01 6.300240529729263239e-02 4.243222920309924717e+01 -5.873992380527306295e-02 2.333335924503211756e-02 9.980005890267265034e-01 -2.365622106461123142e+00
-3.279278845726165126e-01 -9.447026944393159820e-01 -3.487675800307007056e-04 2.707622676075538415e+00 9.428322212409461223e-01 -3.273017767544338930e-01 6.277698243189205884e-02 4.279605171582006307e+01 -5.941973670079642861e-02 2.025749373656550792e-02 9.980275190784676509e-01 -2.450930986318990978e+00
-3.636163951021857410e-01 -9.315357911540534941e-01 -4.918029268205238377e-03 2.548214096097161097e+00 9.297508917304283527e-01 -3.632374057648548038e-01 6.018194396737145541e-02 4.316712055837591322e+01 -5.784804697969277848e-02 1.731059941798717902e-02 9.981753085547775406e-01 -2.495333347979074468e+00
-4.003804020483439641e-01 -9.163420928162253620e-01 -3.564069133220180118e-03 2.369724358595277636e+00 9.147038540353178426e-01 -3.998915142745242957e-01 5.834069098119535474e-02 4.350412466415317425e+01 -5.488527187271576707e-02 2.009840153862438653e-02 9.982903691747457842e-01 -2.484222648900880959e+00
-4.379973051400156137e-01 -8.989748507986549120e-01 -1.605715298603047634e-03 2.173646999406829927e+00 8.974075110796434496e-01 -4.373377486257656321e-01 5.827051299573545590e-02 4.381262402418329316e+01 -5.308596563992735995e-02 2.408134669163652583e-02 9.982995387125016551e-01 -2.461995143819237342e+00
-4.748783041856043940e-01 -8.800432378076538109e-01 -3.807335397031035452e-03 1.965042524711904548e+00 8.784938852831888356e-01 -4.742906700831751032e-01 5.741823571044327862e-02 4.412590950221554920e+01 -5.233631372051080616e-02 2.392195353799062008e-02 9.983429522989955007e-01 -2.461367127212042316e+00
-5.118162729229785990e-01 -8.590594668564407455e-01 -7.806098613207595842e-03 1.736105091324455563e+00 8.576036436556525588e-01 -5.114418822239344964e-01 5.425118888824329022e-02 4.444127514205225538e+01 -5.059736317022688057e-02 2.107210268499901812e-02 9.984968068695327936e-01 -2.485304372867935818e+00
-5.490185431608751720e-01 -8.357687555848887229e-01 -8.320243602040471032e-03 1.491284572893882165e+00 8.344200527487364294e-01 -5.486521568971955976e-01 5.219182218366706649e-02 4.475558296716809537e+01 -4.818521387632080516e-02 2.171170007489137480e-02 9.986024170026583935e-01 -2.547364008808244318e+00
-5.852764326418278262e-01 -8.108066483027843718e-01 -6.639010623675611900e-03 1.249333061069208606e+00 8.094587270057014283e-01 -5.847409249062562875e-01 5.342864413482448921e-02 4.505087358551129029e+01 -4.720240108686978714e-02 2.589652115210199640e-02 9.985495999317475224e-01 -2.599587769810643323e+00
-6.188164661404924605e-01 -7.854696433491216156e-01 -1.017942092633811191e-02 1.005380006152605921e+00 7.839203263492570128e-01 -6.183227530180255282e-01 5.608827895989895035e-02 4.531000976690161508e+01 -5.034980804200056559e-02 2.672849560324539256e-02 9.983739201085538584e-01 -2.575623763844433256e+00
-6.506628838041859098e-01 -7.591855326013486893e-01 -1.658730624385271191e-02 7.321951952361859250e-01 7.574777238050162120e-01 -6.504292182684028312e-01 5.629680241298352927e-02 4.556849899086694933e+01 -5.352858655702150831e-02 2.406572482933601320e-02 9.982762800495893485e-01 -2.549272692051332001e+00
-6.822683757481894373e-01 -7.307353421933646676e-01 -2.314569341095299576e-02 4.402645060921561715e-01 7.289948993563619695e-01 -6.823629373830503164e-01 5.428865810077929122e-02 4.579962413280684075e+01 -5.546440449815692036e-02 2.016634214531658198e-02 9.982569901974855942e-01 -2.572720289522197668e+00
-7.128041979375542292e-01 -7.008039265341107216e-01 -2.800057065441137819e-02 1.630827211437350377e-01 6.990854721458131804e-01 -7.131378030137757174e-01 5.209584001962546534e-02 4.603170389201585522e+01 -5.647723468146532283e-02 1.755934130478088717e-02 9.982494635589226339e-01 -2.606579582687686969e+00
-7.411804779877171345e-01 -6.707191306918196538e-01 -2.805970017497725830e-02 -1.133550218120466940e-01 6.690153094370567821e-01 -7.414559624311332087e-01 5.159042075968962165e-02 4.624813718115858308e+01 -5.540771416273101296e-02 1.946544372298073325e-02 9.982740514066908988e-01 -2.634157378036660280e+00
-7.684062918304899181e-01 -6.394666545804809088e-01 -2.518269951701576290e-02 -4.104663217051346957e-01 6.377700859384355381e-01 -7.684352500335429603e-01 5.250318074143013602e-02 4.647013527072085992e+01 -5.292530734343423721e-02 2.428300198769935483e-02 9.983031842366668629e-01 -2.615418408325371757e+00
-7.950478109692101780e-01 -6.061426830565155299e-01 -2.213653202550272189e-02 -7.190366595832179408e-01 6.045090881026677909e-01 -7.948380210247011357e-01 5.292714553816349476e-02 4.667772618015319352e+01 -4.967635931052558768e-02 2.869787641247352819e-02 9.983529892853859611e-01 -2.605822120044361867e+00
-8.198475078996809717e-01 -5.722864617220972949e-01 -1.839210483564828608e-02 -1.029986193069324818e+00 5.708740295623222494e-01 -8.194593829801148921e-01 5.088380898799245433e-02 4.685251568902878461e+01 -4.419169788500718066e-02 3.121738899158977773e-02 9.985352114285144243e-01 -2.610337836098873154e+00
-8.414511976862304454e-01 -5.400057645220908142e-01 -1.880574899654763321e-02 -1.349694902805620877e+00 5.388949350868579291e-01 -8.412407553298646423e-01 4.366051430950749351e-02 4.700896731296854369e+01 -3.939709189953285312e-02 2.660386917257758985e-02 9.988694125334443008e-01 -2.625614082565038476e+00
-8.605040889325673570e-01 -5.089933805343049844e-01 -2.141148062588446588e-02 -1.675937334529685074e+00 5.081591407522410009e-01 -8.605587600894165634e-01 3.482683022197434475e-02 4.715444231095221284e+01 -3.615246326706671870e-02 1.908819021348651807e-02 9.991639707245738578e-01 -2.685115070760061062e+00
-8.775826275512446095e-01 -4.787738896257253129e-01 -2.498588467331241958e-02 -2.012421980339210936e+00 4.780497219308830203e-01 -8.778205162369943082e-01 2.999340986321786737e-02 4.732450959225772635e+01 -3.629318368591651078e-02 1.437720021671003677e-02 9.992377599609959526e-01 -2.738490678843203963e+00
-8.922365301023534867e-01 -4.509184584388655770e-01 -2.421813762511684787e-02 -2.348687704876282201e+00 4.501373486339595997e-01 -8.923952929283577307e-01 3.173339761354800753e-02 4.747808239726629154e+01 -3.592132675307409262e-02 1.741220831564794375e-02 9.992029189738546036e-01 -2.746970426124208053e+00
-9.045259674152965612e-01 -4.257590629680260697e-01 -2.370642469903039978e-02 -2.687132059199385914e+00 4.248698097342223368e-01 -9.045808647365185529e-01 3.491566881699997849e-02 4.762093755582514376e+01 -3.631004059248790772e-02 2.150998496329328130e-02 9.991090538570105428e-01 -2.690580770618867135e+00
-9.147139299646394051e-01 -4.034031472439803534e-01 -2.375557034247421928e-02 -3.047462518940665444e+00 4.025111370693180146e-01 -9.147483587455853549e-01 3.493171492243609538e-02 4.776060376360599946e+01 -3.582193272018383001e-02 2.239064460682649305e-02 9.991073256513943734e-01 -2.660129706628482804e+00
