9.999999999999997780e-01 -1.179437378800895267e-19 4.513296021473010816e-20 0.000000000000000000e+00 2.410750703817041256e-18 1.000000000000000000e+00 3.393380551570677611e-19 0.000000000000000000e+00 1.704598014230834765e-20 -9.899396815885539085e-19 1.000000000000000000e+00 5.551115123125782702e-17
9.999464587294063511e-01 -1.936541540045605631e-03 1.016568062727609897e-02 2.412726553671904611e-02 1.928621223461951788e-03 9.999978293807745278e-01 7.888305985441621719e-04 -5.802324582477556836e-03 -1.016718480450534874e-02 -7.691846273294530465e-04 9.999480225094391495e-01 2.927997098946527044e-01
9.998480498497883673e-01 -4.741923688174541976e-03 1.677519574534171859e-02 3.404428727525521392e-02 4.726890562953370636e-03 9.999883908693749657e-01 9.356357753828289979e-04 -1.024179710426414286e-02 -1.677943544231253956e-02 -8.562010469932274624e-04 9.998588563693363573e-01 5.826984647702273534e-01
9.997874408262956702e-01 -7.243505665595012175e-03 1.930357500161106535e-02 3.860140711265756114e-02 7.248497233632557324e-03 9.999737120773347643e-01 -1.887199772771777011e-04 -1.519616846024474111e-02 -1.930169807478072583e-02 3.285991142918359806e-04 9.998136621078698161e-01 8.931275168561281230e-01
9.998074615399105136e-01 -8.519060372020992311e-03 1.767750851065842677e-02 4.726559881589763312e-02 8.546520462678142485e-03 9.999623857681066985e-01 -1.478462815449475788e-03 -2.060666175437454034e-02 -1.766424596058547430e-02 1.629255548031712918e-03 9.998426616564691782e-01 1.195386240774014119e+00
9.998757135531627371e-01 -1.158949955064454522e-02 1.069003187777585635e-02 4.485907064836789498e-02 1.162439032474268247e-02 9.999272909329576242e-01 -3.207603193497877720e-03 -2.038590801553411685e-02 -1.065207857602001006e-02 3.331466024658611032e-03 9.999377326655902731e-01 1.519330661515641889e+00
9.999265553467737710e-01 -1.205460180210854784e-02 -1.270014163023077108e-03 3.659690485961378248e-02 1.204892010944661959e-02 9.999177799259063582e-01 -4.388739047014967448e-03 -3.099701713725486543e-02 1.322813596110608298e-03 4.373108018776854754e-03 9.999895829639720013e-01 1.841873671871647300e+00
9.997910344884897160e-01 -1.161203285729969954e-02 -1.682548331026691504e-02 1.604227481469515382e-02 1.152950226541954622e-02 9.999210661314680282e-01 -4.993662902371608266e-03 -3.885928918851757480e-02 1.688213892447714554e-02 4.798622819324340795e-03 9.998459944517612552e-01 2.175892039048500148e+00
9.993170339067124486e-01 -7.604204811015814226e-03 -3.616214317099532977e-02 -1.993706486960800800e-02 7.414326179576244229e-03 9.999580332716395681e-01 -5.381870351591030131e-03 -4.398709467789577165e-02 3.620154477713823093e-02 5.110068287760918988e-03 9.993314720194423906e-01 2.517638581027155098e+00
9.984563942981717899e-01 -3.875060469562302719e-03 -5.540650441886916383e-02 -5.930564646396972034e-02 3.527192248207410528e-03 9.999734625461291770e-01 -6.374839789644043062e-03 -5.120372080649688434e-02 5.542972877046976193e-02 6.169560102356684041e-03 9.984435616479755415e-01 2.870390476969448823e+00
9.971678396870674588e-01 -3.406113385791529908e-03 -7.513169705205176296e-02 -1.042975323881407124e-01 2.918446484773780901e-03 9.999739666308296027e-01 -6.599632936204733770e-03 -5.738571765742978004e-02 7.515220934960660515e-02 6.361661910019627587e-03 9.971518154636914710e-01 3.227960624959739455e+00
9.953812882187862421e-01 -4.676549463077985143e-03 -9.588691045575575833e-02 -1.541716068835222442e-01 4.111407801135023854e-03 9.999730038333340953e-01 -6.090535202423748989e-03 -6.397091914007707603e-02 9.591279079494802184e-02 5.668161792747270292e-03 9.953736385337921266e-01 3.609677960046060452e+00
9.932885801475880294e-01 -5.819408263843898858e-03 -1.155163217260614522e-01 -2.152848994345845646e-01 5.247449798811935386e-03 9.999724291321994141e-01 -5.254793480245208842e-03 -7.359075265687446687e-02 1.155437002053217310e-01 4.613346408514033305e-03 9.932917255870313822e-01 3.997090323257896483e+00
9.911271599825063339e-01 -4.739925491118568424e-03 -1.328329083526461063e-01 -2.832036336106297791e-01 4.182206315500027957e-03 9.999812356447491668e-01 -4.477324341316315896e-03 -8.152551200097427064e-02 1.328516194755186564e-01 3.882051281762363953e-03 9.911283785798292723e-01 4.382148393817676180e+00
9.888247877625697679e-01 -3.593689670860484523e-03 -1.490393501558965050e-01 -3.524186127201515695e-01 3.049468600638352914e-03 9.999878283467790174e-01 -3.879866699796757912e-03 -8.725058193600651602e-02 1.490514583560511308e-01 3.382005117552826842e-03 9.888237037262278539e-01 4.797644575258960487e+00
9.867349968392485904e-01 -3.048224842231696263e-03 -1.623110143056019639e-01 -4.385572234016076321e-01 2.413310374581529097e-03 9.999886520970335813e-01 -4.108708116584002847e-03 -9.537149174544544417e-02 1.623216739905989359e-01 3.662486746182378860e-03 9.867311483528153904e-01 5.214698813667924426e+00
9.845836806721621759e-01 -4.561964658057896319e-03 -1.748550342599738405e-01 -5.279128605232918936e-01 3.706221122390611963e-03 9.999795125081225589e-01 -5.220217602838787656e-03 -1.030118969881765323e-01 1.748752408627284871e-01 4.491673943693141706e-03 9.845804073711184046e-01 5.653844272318790942e+00
9.828176499158914892e-01 -7.187996808250264776e-03 -1.844394936967656828e-01 -6.176305596215238003e-01 6.021124314217896588e-03 9.999581709879543645e-01 -6.885848865293924155e-03 -1.177175310275076214e-01 1.844812472670837034e-01 5.656984345404855209e-03 9.828198100448229946e-01 6.102726460773167716e+00
9.813242471568470737e-01 -6.489357994478505906e-03 -1.922517702144284912e-01 -7.067807224079440953e-01 4.899937639928409784e-03 9.999497925255842468e-01 -8.741645193035857409e-03 -1.257796402860362484e-01 1.922988170003343267e-01 7.636349296371663063e-03 9.813067652348703707e-01 6.557558322784881710e+00
9.797090003127052471e-01 -6.661352025418420565e-03 -2.003148615473469285e-01 -8.168205163967096061e-01 4.598169207159078127e-03 9.999315104270740662e-01 -1.076314629470079796e-02 -1.288987670529053720e-01 2.003728093865247972e-01 9.623651219333570830e-03 9.796725208623753289e-01 7.029222832135288535e+00
9.781320195304525900e-01 -6.847103935598225846e-03 -2.078726031571215827e-01 -9.212420752535235291e-01 4.224139357622317195e-03 9.999058080038252250e-01 -1.305935209084189454e-02 -1.399065192854835882e-01 2.079424107548157596e-01 1.189566799568530890e-02 9.780688007051600019e-01 7.505938779842741937e+00
9.764687611582322235e-01 -1.108374143384951993e-02 -2.153742465101568804e-01 -1.038033544870751168e+00 8.034821424780484375e-03 9.998548172209786866e-01 -1.502671103927472052e-02 -1.525252848650010540e-01 2.155094973570083616e-01 1.294259964741003611e-02 9.764160405221008476e-01 8.018131558789418634e+00
9.746144068029281016e-01 -1.624963373298063396e-02 -2.232999490136538812e-01 -1.147308887550920087e+00 1.301872502509724902e-02 9.997883049906970410e-01 -1.593346237000313817e-02 -1.695059043532335941e-01 2.235115560441786609e-01 1.262188013501615996e-02 9.746196250981581377e-01 8.522653372422999141e+00
9.726855305668941076e-01 -1.785856122761958487e-02 -2.314391893422296231e-01 -1.270319073190468773e+00 1.391232174539896484e-02 9.997288797290726503e-01 -1.867179466160462029e-02 -1.954314529025699132e-01 2.317098574838654945e-01 1.494190733202521715e-02 9.726702590941824766e-01 9.040997690064783043e+00
9.706133727036582171e-01 -1.354875244799996423e-02 -2.402629478132172480e-01 -1.424328947505291154e+00 8.416849072830573722e-03 9.997142785640259488e-01 -2.237280119629421818e-02 -2.009061027926491438e-01 2.404973870132030567e-01 1.969306202212547929e-02 9.704500724460787264e-01 9.571665762718959414e+00
9.684781344496150579e-01 -1.091877825382535014e-02 -2.488595432944040176e-01 -1.575819567704904944e+00 4.727167363730213484e-03 9.996645860909040282e-01 -2.546391909378953669e-02 -2.188126523719240990e-01 2.490540719141114412e-01 2.348482372167941257e-02 9.682048792582185204e-01 1.009695986082576447e+01
9.662233720429930228e-01 -1.339305574207720097e-02 -2.573581529439166182e-01 -1.727463948183591169e+00 6.499913858462029286e-03 9.995974892040097037e-01 -2.761628565230680316e-02 -2.427072576690193495e-01 2.576243929404848365e-01 2.501067093161307708e-02 9.659214761734631338e-01 1.067232386723308757e+01
9.639197622928381559e-01 -1.507820948335871283e-02 -2.657659591466021154e-01 -1.887225415528292372e+00 7.582573967572209424e-03 9.995446412933236546e-01 -2.920739018148183277e-02 -2.727995714602146626e-01 2.660852979676261998e-01 2.613836693825547994e-02 9.635951230795544165e-01 1.124180082165790395e+01
9.617364134767665274e-01 -1.544174488005573692e-02 -2.735412909450196661e-01 -2.056522195997586788e+00 6.928112867119982747e-03 9.994618871969553897e-01 -3.206240905567732391e-02 -2.976701231045627560e-01 2.738891561348017478e-01 2.894043878894785385e-02 9.613258297649561746e-01 1.180842567645298402e+01
9.595405819785636226e-01 -1.474858624787421177e-02 -2.811842406157642471e-01 -2.246898728429912229e+00 4.911897828835167304e-03 9.993520929100065953e-01 -3.565575452414650875e-02 -3.196389069647245784e-01 2.815278899519978451e-01 3.283196935379074227e-02 9.589912883777742536e-01 1.239601895939818377e+01
9.572315228381060859e-01 -1.522423423693094503e-02 -2.889226019915370758e-01 -2.430488856308146151e+00 3.683060939578629896e-03 9.991749270080161338e-01 -4.044715092250285304e-02 -3.469046618504506574e-01 2.892999516896167522e-01 3.765313985069613373e-02 9.564977646476666706e-01 1.298756629104729043e+01
9.553676398355140931e-01 -1.630747885455006985e-02 -2.949694679662867580e-01 -2.628498896893692649e+00 2.373191201958529950e-03 9.988667391295966702e-01 -4.753607314748535539e-02 -3.872252695388903043e-01 2.954103379135041285e-01 4.471437740699231445e-02 9.543236159261746510e-01 1.360149366067411769e+01
9.540806352649693345e-01 -1.661280752411410655e-02 -2.990893079069190108e-01 -2.834978675390257941e+00 -1.218347181080337467e-05 9.984588484473222447e-01 -5.549776568058516907e-02 -4.217989745223316156e-01 2.995502928634741213e-01 5.295295759736073221e-02 9.526100059163750133e-01 1.422034142743049756e+01
9.529224090655576962e-01 -1.685198150955211083e-02 -3.027460420648541706e-01 -3.036333565485356267e+00 -2.711197234558725133e-03 9.979409424991104727e-01 -6.408275633793041048e-02 -4.665210379014303466e-01 3.032025446601820384e-01 6.188666867811995487e-02 9.509145539440695405e-01 1.483856984396044432e+01
9.514236779732716531e-01 -1.612714225206215643e-02 -3.074624913328230513e-01 -3.261332911866221984e+00 -6.635724645957607679e-03 9.973211957092394941e-01 -7.284557157119839199e-02 -5.135496157558722130e-01 3.078136020312883803e-01 7.134720705449248968e-02 9.487679405237793295e-01 1.547670996902668783e+01
9.502063028636102970e-01 -1.512983374667456124e-02 -3.112544925773326754e-01 -3.481339417945568560e+00 -1.028216303695536626e-02 9.967546213668331267e-01 -7.984097113819524361e-02 -5.730920150593147300e-01 3.114522856744608159e-01 7.906573209202218122e-02 9.469669117037422534e-01 1.612154018521781396e+01
9.485576669652923121e-01 -1.387776213721056764e-02 -3.163005809565962445e-01 -3.717828324734789636e+00 -1.430126057907231234e-02 9.961410723040200477e-01 -8.659399357360575422e-02 -6.358768216207765223e-01 3.162816819275435787e-01 8.666286327042528603e-02 9.446987360029502900e-01 1.678933720883873448e+01
9.469681119697321847e-01 -1.226140492985894163e-02 -3.210940043982854486e-01 -3.958680297513274216e+00 -1.838180639684434264e-02 9.955682369850509250e-01 -9.222844135401234156e-02 -7.026386938621538292e-01 3.208017935039907398e-01 9.323965244846406375e-02 9.425459332438141935e-01 1.746217089562090408e+01
9.454628860602686258e-01 -1.032068279653716031e-02 -3.255667840241874278e-01 -4.202609922393980568e+00 -2.269508371190984836e-02 9.949817581607066641e-01 -9.744913090526052812e-02 -7.779806100538215752e-01 3.249387027281583351e-01 9.952327427160907736e-02 9.404840342242626328e-01 1.812879065356516506e+01
9.437634597178913287e-01 -7.756662293467296576e-03 -3.305309286335171293e-01 -4.463299900233657524e+00 -2.715957425503677525e-02 9.945271325759262870e-01 -1.008873038625610341e-01 -8.571409841619720416e-01 3.295044733648066493e-01 1.041908002658271937e-01 9.383876300074298626e-01 1.883142496083322825e+01
9.419794739182016929e-01 -6.949340916159862415e-03 -3.355990313800923941e-01 -4.718422317933638865e+00 -2.907278382849446882e-02 9.943397039383936598e-01 -1.021931374050418229e-01 -9.325969101509206105e-01 3.344095628537219200e-01 1.060206053039313978e-01 9.364454847523444592e-01 1.950912544449510833e+01
9.398480106730385808e-01 -6.176616682955367831e-03 -3.415375611763777908e-01 -4.993168483684324421e+00 -3.028291935710738375e-02 9.943933293698803411e-01 -1.013161579630986464e-01 -1.023457421674046630e+00 3.402484090146881690e-01 1.055645127560943808e-01 9.343914758900355721e-01 2.023216953273935204e+01
9.376324916613043570e-01 -6.605327446057665877e-03 -3.475658533961819008e-01 -5.268208278273998069e+00 -3.005548122852931547e-02 9.945353044487751371e-01 -9.998154872240531954e-02 -1.108853523784391282e+00 3.463268666736668000e-01 1.041921769792915342e-01 9.323100176124016203e-01 2.096128725830685369e+01
9.351910023440394015e-01 -6.718215174285225612e-03 -3.540805062503751821e-01 -5.542776248315270493e+00 -2.999545413640955852e-02 9.947247810807817725e-01 -9.809689103156682410e-02 -1.194944707870005951e+00 3.528716313604969290e-01 1.023601019347555596e-01 9.300560762429074257e-01 2.167746788875706443e+01
9.323243722928785671e-01 -6.210633529434963010e-03 -3.615702628775115945e-01 -5.827722477482914165e+00 -3.013634661754134580e-02 9.950402026865096117e-01 -9.479933730479678244e-02 -1.278613386782015970e+00 3.603656507402505649e-01 9.928010543538069721e-02 9.275129930035198589e-01 2.238842847466260721e+01
9.283843698118910970e-01 -3.522609385970946506e-03 -3.716052033657810671e-01 -6.160288679974814663e+00 -3.211369928020401526e-02 9.954540786269735486e-01 -8.966611673323353349e-02 -1.361987800307416396e+00 3.702317111690604512e-01 9.517819984221090324e-02 9.240508049209839037e-01 2.319176326473436944e+01
9.251546872074840611e-01 -1.512930885787065229e-03 -3.795878013794193873e-01 -6.470684478152332275e+00 -3.294001279631842555e-02 9.958998823273454981e-01 -8.425264912437246956e-02 -1.443675474543077542e+00 3.781588488533088044e-01 9.045031718850291003e-02 9.213115262326264654e-01 2.391287292960840105e+01
9.216587490536960470e-01 1.257741234440998019e-03 -3.879999438397764844e-01 -6.805276310000222928e+00 -3.525996381006155783e-02 9.961285887069604161e-01 -8.052765547892819231e-02 -1.520716879327105975e+00 3.863964858618276765e-01 8.789983814568200216e-02 9.181348909639971412e-01 2.466542492247228680e+01
9.179070757093591437e-01 2.417195086213184182e-03 -3.967885510030823015e-01 -7.136185912822229582e+00 -3.659577860367371760e-02 9.962352081803032000e-01 -7.858940412671368281e-02 -1.595739235795669453e+00 3.951046889567815801e-01 8.665851172295548077e-02 9.145397192828520483e-01 2.540971723785502334e+01
9.138660824131549232e-01 3.393933139533674131e-03 -4.060020527489567876e-01 -7.492358686042115856e+00 -3.826223491850398034e-02 9.962348689209091779e-01 -7.779604043432286620e-02 -1.674935777698823403e+00 4.042092948507202133e-01 8.662966507038738495e-02 9.105550294215173368e-01 2.618061893076332325e+01
9.102617631685652189e-01 3.504862097023855178e-03 -4.140189007814937261e-01 -7.843125874876720971e+00 -3.876725792728215325e-02 9.962926704116602528e-01 -7.679946792785107001e-02 -1.745469280757573349e+00 4.122147464865902333e-01 8.595794929897114522e-02 9.070229047279513290e-01 2.693154463294340317e+01
9.063435959284205090e-01 4.253658161596411171e-03 -4.225205452710728560e-01 -8.224317524406865587e+00 -3.968316700669876490e-02 9.963867077772441405e-01 -7.509278212313617862e-02 -1.819262668686209672e+00 4.206743523361020642e-01 8.482676740849301456e-02 9.032374141220247399e-01 2.771263563683285724e+01
9.024661397264190921e-01 4.346988471551974098e-03 -4.307393602968306312e-01 -8.608908583259859526e+00 -3.945879320201603480e-02 9.965792746304578120e-01 -7.261480253714697186e-02 -1.893988823836278090e+00 4.289501762213406288e-01 8.252880523106849442e-02 8.995504771533902044e-01 2.849600200801892314e+01
8.987892941788740986e-01 4.823088084879495474e-03 -4.383548495360380381e-01 -8.993300492555404091e+00 -3.878742866388024124e-02 9.968927881184875828e-01 -6.855991622960708187e-02 -1.964409853940283224e+00 4.366620286411874718e-01 7.862352547938566971e-02 8.961835393545970474e-01 2.926486727918955566e+01
8.949820060669749777e-01 5.619993934293542916e-03 -4.460673277182455321e-01 -9.404366893320590393e+00 -3.777228095210849457e-02 9.972845871072839596e-01 -6.322078548937021258e-02 -2.027961827793184124e+00 4.445006799693299593e-01 7.343039525181507821e-02 8.927639376096033752e-01 3.007725117048702401e+01
8.912910440463470696e-01 5.849257505696831699e-03 -4.533944302792721204e-01 -9.818254054265503683e+00 -3.656219144159323503e-02 9.975880048232466102e-01 -5.900459052385958331e-02 -2.099134279725843655e+00 4.519556195720752512e-01 6.916730364948743548e-02 8.893550118638287039e-01 3.088318068172447184e+01
8.876398804653745644e-01 5.824267705538615537e-03 -4.605018802294581493e-01 -1.024706938248662702e+01 -3.609873989765612079e-02 9.977235365952837887e-01 -5.696310182039333869e-02 -2.166588945065727856e+00 4.591216998892719836e-01 6.718620237689089392e-02 8.858293428819775661e-01 3.170004186810135849e+01
8.842198615708710685e-01 5.591027660693569448e-03 -4.670379484865175845e-01 -1.069009708998258468e+01 -3.575083050040858690e-02 9.978051326550241296e-01 -5.574017948302297659e-02 -2.228140060413982049e+00 4.657011189726774081e-01 6.598351168375542197e-02 8.824788925309877685e-01 3.252193596966887412e+01
8.813143413593010900e-01 5.534338670315696804e-03 -4.724985541612394813e-01 -1.113329856845215637e+01 -3.519403757578755398e-02 9.979229973507338647e-01 -5.395594304548637088e-02 -2.282045092006652176e+00 4.712184630886301351e-01 6.418122108454434038e-02 8.796785173283875325e-01 3.332896945087415475e+01
8.782697204661017443e-01 4.094978696205517701e-03 -4.781485406642623781e-01 -1.160296780155049134e+01 -3.327127157139650460e-02 9.980631681521491272e-01 -5.256533931735540149e-02 -2.347351187578771814e+00 4.770070879929591556e-01 6.207509200766230667e-02 8.767047921111232878e-01 3.417728416255418011e+01
8.755204701040475435e-01 2.676536684819609199e-03 -4.831741432767223676e-01 -1.206770756409330048e+01 -3.198570623505197358e-02 9.981123396751570009e-01 -5.242952324232705991e-02 -2.408016109627276524e+00 4.821216368584722023e-01 6.135772053454225522e-02 8.739532824290308088e-01 3.502160600222654807e+01
8.737112296153066726e-01 2.601387842381219177e-03 -4.864385250776934178e-01 -1.254532255382830819e+01 -3.240762145706947706e-02 9.980754462810251804e-01 -5.287092030678634813e-02 -2.469804136164471586e+00 4.853647015291289168e-01 6.195816764671752824e-02 8.721139160864436191e-01 3.586268849412838478e+01
8.721980651534053663e-01 2.144944069815981746e-03 -4.891487151492898144e-01 -1.304679419782563166e+01 -3.248804397853623238e-02 9.980364859607957495e-01 -5.355264006108552410e-02 -2.532550000417858271e+00 4.880732877415710491e-01 6.259992862775545786e-02 8.705550628819113124e-01 3.673596615342835747e+01
8.718837870345738095e-01 2.318908901402298890e-03 -4.897079032961697553e-01 -1.353591925098262294e+01 -3.222189708125405838e-02 9.980935625833315950e-01 -5.264196468479920288e-02 -2.594044012974304980e+00 4.886521242884443450e-01 6.167692889712823867e-02 8.702962003035189520e-01 3.759988161340596946e+01
8.715895008075283945e-01 2.142541753208813439e-03 -4.902323110627520575e-01 -1.405061535437872422e+01 -3.117377100141283802e-02 9.982089557288421622e-01 -5.106140891229789952e-02 -2.655566188946039130e+00 4.892447709965881963e-01 5.978690546524287330e-02 8.700951187601043690e-01 3.849125291090620493e+01
8.711924630995150354e-01 8.537503683233849377e-04 -4.909414909205898625e-01 -1.455970584768155973e+01 -2.948103249065910786e-02 9.982849460223901517e-01 -5.057891867840125927e-02 -2.721273143475178458e+00 4.900562061653905288e-01 5.853736106522512000e-02 8.697233724533076638e-01 3.939271602478874712e+01
8.708275539188294889e-01 -1.162638847114796405e-03 -4.915878472021201762e-01 -1.507032482565122855e+01 -2.762231191227377397e-02 9.983016895688184844e-01 -5.129267460582837002e-02 -2.785028287789659274e+00 4.908125001330610471e-01 5.824579140181098541e-02 8.693163845397851031e-01 4.029188075575498118e+01
8.694573305368258342e-01 -2.685073924079434127e-03 -4.940013634158529898e-01 -1.559639155862379134e+01 -2.628028296086932017e-02 9.983179376783692938e-01 -5.168015053412367693e-02 -2.849412470865737124e+00 4.933090733824164742e-01 5.791610490923840976e-02 8.679241642887629560e-01 4.121195143715645770e+01
8.682412681947956345e-01 -3.099424312041616867e-03 -4.961331587374495644e-01 -1.612033622975584635e+01 -2.498251820156347988e-02 9.984389635123116502e-01 -4.995707189575790408e-02 -2.914118503793688308e+00 4.955133982508421187e-01 5.576936658310882589e-02 8.668083588568228359e-01 4.211678855989137560e+01
8.658159038706740862e-01 -3.224631615890964469e-03 -5.003529214396762459e-01 -1.666378112152786883e+01 -2.310976647386874319e-02 9.986545113571329013e-01 -4.642526356922631325e-02 -2.981192077004287011e+00 4.998292885367073279e-01 5.175869037673417467e-02 8.645763161151547305e-01 4.304834125020111912e+01
8.630499171945299475e-01 -3.891877280790022060e-03 -5.051042764220335934e-01 -1.720159502625132220e+01 -2.013834625200843637e-02 9.989102695776549412e-01 -4.210606629863991590e-02 -3.044552243557127280e+00 5.047176006474313192e-01 4.651151948762063948e-02 8.620309268656867197e-01 4.396709532744420557e+01
8.595871375310849549e-01 -4.698841560450912717e-03 -5.109682196060825188e-01 -1.774381753009485152e+01 -1.859780172279984836e-02 9.990076282604534175e-01 -4.047322015930605171e-02 -3.108819325927320243e+00 5.106512046193788512e-01 4.429306165878393181e-02 8.586465965893825825e-01 4.487607356836273453e+01
8.541526211549098635e-01 -7.625134584530355968e-03 -5.199671282807064587e-01 -1.830411704165868869e+01 -1.693173564235241416e-02 9.989546589551677735e-01 -4.246300818601397159e-02 -3.173801503359155340e+00 5.197472469939312667e-01 4.507375221209240779e-02 8.531305114105526277e-01 4.578905390403839704e+01
8.485573567170239251e-01 -9.613803892402380050e-03 -5.290166882735075626e-01 -1.885760290522861737e+01 -1.709203104984035118e-02 9.988151394416876494e-01 -4.556737368757027284e-02 -3.238536205033904380e+00 5.288278249194041658e-01 4.770841063737098903e-02 8.473874900334051885e-01 4.666652642020210351e+01
8.424341859844080016e-01 -1.011407746540702972e-02 -5.387049571311531837e-01 -1.944338787979869565e+01 -1.699947855648399619e-02 9.988272198428423954e-01 -4.533665249195965863e-02 -3.299203988470865934e+00 5.385315817150700957e-01 4.735075496284114893e-02 8.412741344448771974e-01 4.757963794775323407e+01
8.364847933172274708e-01 -8.103855250539632529e-03 -5.479308470315814583e-01 -2.004352322013597743e+01 -1.672443310468745697e-02 9.990474461652941729e-01 -4.030762720672483035e-02 -3.355642380363850208e+00 5.477354262781239935e-01 4.288045329752222107e-02 8.355523355657178408e-01 4.846255804357036823e+01
8.316857635033461094e-01 -5.128460359656715484e-03 -5.552235494896315959e-01 -2.064099222049611981e+01 -1.754753185497293089e-02 9.992152082101196653e-01 -3.551432686848907810e-02 -3.417616212098770312e+00 5.549698110429879261e-01 3.927946633225667256e-02 8.309429390243709967e-01 4.933063145890241685e+01
8.271219804256660924e-01 -4.106364808578771147e-03 -5.620080728092337052e-01 -2.125063869842946218e+01 -2.000190653297009152e-02 9.991248708753891483e-01 -3.673738635085142118e-02 -3.471503833118377624e+00 5.616669617653677893e-01 4.162743755974662729e-02 8.263158726502654039e-01 5.021851412591516350e+01
8.241210369407986347e-01 -5.641315278025110791e-03 -5.663862672864717895e-01 -2.186428324902083276e+01 -2.161452015716652103e-02 9.989089650634364048e-01 -4.139941600057205767e-02 -3.527170353129592151e+00 5.660017275140368787e-01 4.636020102154726069e-02 8.230998244011646925e-01 5.109499001631514403e+01
8.212081742790969807e-01 -7.923034236204884451e-03 -5.705743405116264766e-01 -2.246533166147975891e+01 -2.391746356184173278e-02 9.985471017735378929e-01 -4.828934070368373632e-02 -3.601976199176628590e+00 5.701278112128995712e-01 5.330219413791239397e-02 8.198254110107363601e-01 5.195054270541883312e+01
8.177507195884057278e-01 -8.752806253202866787e-03 -5.755066250960255703e-01 -2.309108725872739498e+01 -2.445960765437164147e-02 9.984527542540336809e-01 -4.994042159577615630e-02 -3.666792425437620739e+00 5.750531514208994111e-01 5.491538366561542206e-02 8.162712357773114213e-01 5.282697964317624439e+01
8.146735459815308555e-01 -7.591146732679998274e-03 -5.798707853735568518e-01 -2.370342695501445718e+01 -2.370971221097359707e-02 9.986424007370990896e-01 -4.638349848259818581e-02 -3.733736963125161346e+00 5.794355114156078956e-01 5.153588551767300519e-02 8.133874279770451077e-01 5.368787083395474014e+01
8.113257239620064176e-01 -6.072612598987658754e-03 -5.845634565673129002e-01 -2.434432796316719561e+01 -2.186583274283787279e-02 9.989312252544594317e-01 -4.072501175838341009e-02 -3.795931338318348391e+00 5.841858509184059134e-01 4.582312448720218812e-02 8.103256806799638001e-01 5.456085897895990655e+01
8.081037112685724999e-01 -4.454689810610402978e-03 -5.890240193652883649e-01 -2.498261984296068050e+01 -2.197930318128243563e-02 9.990471116502839255e-01 -3.770970588484174463e-02 -3.855603057825252922e+00 5.886305775567484133e-01 4.341960151426361991e-02 8.072356305802738108e-01 5.542188172864675266e+01
8.053726646111399878e-01 -3.660094756667393260e-03 -5.927581553427536676e-01 -2.562295657822345518e+01 -2.371181768897739559e-02 9.989817675072092396e-01 -3.838519376598980432e-02 -3.913165236024394034e+00 5.922949296201882596e-01 4.496967161679364666e-02 8.044656821985702866e-01 5.628110405918155124e+01
8.017445645689538214e-01 -5.401075521842745204e-03 -5.976430718420392418e-01 -2.627604220870344776e+01 -2.305210363745500285e-02 9.989357694934681842e-01 -3.995218254977916245e-02 -3.969324659226327601e+00 5.972226703378623602e-01 4.580828833474764189e-02 8.007666772930798205e-01 5.713403239645472098e+01
7.978733676245732820e-01 -6.924944561915131330e-03 -6.027859472306554833e-01 -2.692595477799746106e+01 -2.349723842724368850e-02 9.988169870442530351e-01 -4.257646146077386645e-02 -4.030973421846919535e+00 6.023675249172677493e-01 4.813434307110476401e-02 7.967666162484201564e-01 5.797893768876982534e+01
7.943045867678587557e-01 -8.004426467998676520e-03 -6.074676316151600419e-01 -2.756873473371168970e+01 -2.312554032662624340e-02 9.987902718143076841e-01 -4.339883336447580842e-02 -4.094215141327805618e+00 6.070799791800697287e-01 4.851982276552798540e-02 7.931584445879263923e-01 5.882594606382222935e+01
7.894685584691145674e-01 -8.350119271080778949e-03 -6.137348385792523731e-01 -2.824156987431794974e+01 -2.234294368823229113e-02 9.988539454388036809e-01 -4.233020480158868060e-02 -4.157024911700111680e+00 6.133847600079017637e-01 4.713091897046674250e-02 7.883770750911932579e-01 5.968099834902203327e+01
7.847819544784536694e-01 -8.161305961694840724e-03 -6.197188676669375118e-01 -2.890578160019237686e+01 -2.253401953105721098e-02 9.988765645730726117e-01 -4.169044135109185867e-02 -4.219745463500977678e+00 6.193627313848220073e-01 4.668256555140939956e-02 7.837162460523318108e-01 6.052095758245563673e+01
7.793522498653415731e-01 -9.228190151718317427e-03 -6.265187294772256443e-01 -2.960027481528558013e+01 -2.222520057676373451e-02 9.988553491107757809e-01 -4.235916513990230226e-02 -4.285019397259749674e+00 6.261923097667375648e-01 4.693711663988702626e-02 7.782549163382169732e-01 6.136520065107404065e+01
7.740901969433819918e-01 -1.043534160017868702e-02 -6.329899576492286073e-01 -3.029200932713490602e+01 -2.207656160282621058e-02 9.988111916686394087e-01 -4.346373959777773827e-02 -4.348686740217951652e+00 6.326908378658850918e-01 4.761899733656814460e-02 7.729394270484957197e-01 6.220071343331980529e+01
7.688991150863763169e-01 -1.200249678043397404e-02 -6.392580953778016495e-01 -3.098566849685809643e+01 -2.127778660393572774e-02 9.987897576824782409e-01 -4.434573004742579927e-02 -4.408675198658538186e+00 6.390165204602223925e-01 4.769929094178923523e-02 7.677130264178928520e-01 6.301975206651542294e+01
7.633592662889401304e-01 -1.305338287851302848e-02 -6.458429124730482584e-01 -3.169994700627820805e+01 -2.148640945388377577e-02 9.987296540395943500e-01 -4.558163705980877722e-02 -4.475981593015675664e+00 6.456172838551419435e-01 4.867190857586968511e-02 7.621089149256805584e-01 6.386969019497487920e+01
7.576229369426077387e-01 -1.461326647332705439e-02 -6.525295200165567300e-01 -3.241716472494857015e+01 -2.104047331299480766e-02 9.986830639314844271e-01 -4.679435192045212216e-02 -4.543676520834926791e+00 6.523538173615670566e-01 4.918190058496294675e-02 7.563175751838770999e-01 6.468644570386177861e+01
7.513188282541893859e-01 -1.552453339820298803e-02 -6.597574255418435785e-01 -3.315478689164683601e+01 -2.044105983538171967e-02 9.986962923232884926e-01 -4.677776604929356763e-02 -4.610109911728243581e+00 6.596233127774669969e-01 4.863104718838760082e-02 7.500218362339834410e-01 6.551873433911383415e+01
7.449105190721341252e-01 -1.586535740470196992e-02 -6.669763747837872403e-01 -3.389841609624535579e+01 -1.941814085906849383e-02 9.987782439710659599e-01 -4.544491424442379662e-02 -4.673765945076135075e+00 6.668823035106941077e-01 4.680371884109714442e-02 7.436921883219306251e-01 6.633870088398420251e+01
7.388295208925474977e-01 -1.694025354252544358e-02 -6.736800793899263562e-01 -3.464202587901360886e+01 -1.773721766377138812e-02 9.988489639629849481e-01 -4.456932638768842242e-02 -4.741056784133923507e+00 6.736594735428971248e-01 4.487822610146324082e-02 7.376784726379727042e-01 6.715264905401701867e+01
7.319440694095108446e-01 -1.837030381206575247e-02 -6.811176947453835284e-01 -3.541443268442949233e+01 -1.683154185613751352e-02 9.988441076051348677e-01 -4.502709889353780082e-02 -4.805654319817031173e+00 6.811573630033870286e-01 4.442145570440429042e-02 7.307886618105838838e-01 6.797003546848084454e+01
7.260000373065594870e-01 -1.980627242097869264e-02 -6.874100438090430254e-01 -3.618056753229963363e+01 -1.718155081286152144e-02 9.987508894163652506e-01 -4.692289499833367933e-02 -4.879825803335330114e+00 6.874805651319085831e-01 4.587667314113851036e-02 7.247527185820780149e-01 6.877476460939747938e+01
7.201070973764008842e-01 -1.905401771143127101e-02 -6.936019274192666284e-01 -3.697094160458126311e+01 -1.875997528582000126e-02 9.987229711496753426e-01 -4.691279227881494512e-02 -4.943366553283398801e+00 6.936098587639347723e-01 4.679407142072883330e-02 7.188298749028796397e-01 6.957638128113858045e+01
7.142631598183520891e-01 -1.912935357041691681e-02 -6.996164176209845875e-01 -3.776686255808115789e+01 -1.830797533046062825e-02 9.987738066021519812e-01 -4.600025744244483350e-02 -5.008122913492084827e+00 6.996383093937652564e-01 4.566473192117298519e-02 7.130369424236188136e-01 7.037684806123591841e+01
7.099136249442986601e-01 -1.866654443340039216e-02 -7.040420008425818388e-01 -3.857381444615057831e+01 -1.941485209469527920e-02 9.987502928177616202e-01 -4.605692223439857708e-02 -5.075363273531004360e+00 7.040216781246371180e-01 4.636519048890979516e-02 7.086638601000323501e-01 7.117322312020841935e+01
7.051020330207300457e-01 -1.920239624568607917e-02 -7.088464811561305812e-01 -3.939210170295286417e+01 -2.014040879431084480e-02 9.986878471400687518e-01 -4.708799502899286421e-02 -5.154442657413420115e+00 7.088203677413449366e-01 4.747818320804201436e-02 7.037899132455135431e-01 7.198863402394269428e+01
6.997929502895865461e-01 -2.113045106251214625e-02 -7.140338071244842766e-01 -4.021914351486989148e+01 -2.045589157150011148e-02 9.985599173596326761e-01 -4.959824419530266260e-02 -5.225647974287018549e+00 7.140533702594983323e-01 4.931458387917863478e-02 6.983527743847550706e-01 7.277660607529047354e+01
6.952752004170584810e-01 -2.287121698400003400e-02 -7.183803044099389412e-01 -4.103348594047073306e+01 -2.100319076045355920e-02 9.984203987453262874e-01 -5.211444940737113701e-02 -5.299415710082391762e+00 7.184372673025846145e-01 5.132204860630209392e-02 6.936963996450754566e-01 7.355731367335872051e+01
6.899028776543668640e-01 -2.343265011392788727e-02 -7.235232530179999122e-01 -4.189398116412795758e+01 -2.170685119669856292e-02 9.983570512807495856e-01 -5.303171647625267576e-02 -5.373978220580946541e+00 7.235770075785873390e-01 5.229202827015755339e-02 6.882605753717454533e-01 7.435941197793009394e+01
6.851331135760202473e-01 -2.386320589484137653e-02 -7.280275633652447675e-01 -4.273937301355210394e+01 -2.014240498843468050e-02 9.984605747228574302e-01 -5.168294479203431463e-02 -5.444889985210402905e+00 7.281399303222757524e-01 5.007380653148266192e-02 6.835975621222833976e-01 7.514034103553986199e+01
6.804966956128586375e-01 -2.402471002874547595e-02 -7.323578600199475153e-01 -4.358747502405334728e+01 -1.964310936987927192e-02 9.985052562158973632e-01 -5.100754908962659706e-02 -5.527162831704680812e+00 7.324884010266444756e-01 4.909613920183535790e-02 6.790074261094515284e-01 7.593324717409248592e+01
6.755557462684652625e-01 -2.453691939003137951e-02 -7.369011829946556791e-01 -4.445490982540560054e+01 -1.956416629300176957e-02 9.984978438847623705e-01 -5.118278935371966404e-02 -5.608576273882514229e+00 7.370498948891955893e-01 4.899356851216373626e-02 6.740607266818456900e-01 7.672346487385541991e+01
6.709860038096229218e-01 -2.547319478620622621e-02 -7.410329888979486634e-01 -4.532596235896127723e+01 -1.903669561006702399e-02 9.984886138570548964e-01 -5.156040584043194985e-02 -5.681614170229170035e+00 7.412261923345667691e-01 4.870301133312274211e-02 6.694867731283179468e-01 7.750692098994500157e+01
6.664963979869983346e-01 -2.591157328568549634e-02 -7.450584849165738932e-01 -4.621232923345114330e+01 -1.850148974618366637e-02 9.985132870438169217e-01 -5.127669848923596674e-02 -5.760637539280995867e+00 7.452792372846653857e-01 4.796030648650225631e-02 6.650259174858306199e-01 7.828719587772692989e+01
6.625168989845382495e-01 -2.731254198914140341e-02 -7.485495265497471573e-01 -4.710088323256511700e+01 -1.672456706458311237e-02 9.985466935671236666e-01 -5.123651429600569601e-02 -5.834631171456956977e+00 7.488608328510651946e-01 4.646410254292208941e-02 6.610970795352703044e-01 7.906170123936621508e+01
6.586209708024884923e-01 -3.027071537861322770e-02 -7.518664237569846476e-01 -4.799124614394541766e+01 -1.371241375484833803e-02 9.985419795355451322e-01 -5.221376066406409333e-02 -5.913239531019993223e+00 7.523505110624624237e-01 4.469885850959719881e-02 6.572454149704929360e-01 7.983106134616168958e+01
6.544789367930740065e-01 -3.371520780509010967e-02 -7.553288237833851726e-01 -4.888483838683526272e+01 -1.189853980117021315e-02 9.984224917802757560e-01 -5.487579373566458391e-02 -5.994793316965538743e+00 7.559872098298476839e-01 4.490223880065828677e-02 6.530451409043555033e-01 8.060923359595457782e+01
6.495452125586191894e-01 -3.765160505578329236e-02 -7.593908164898532931e-01 -4.979631460719352276e+01 -8.514715594726794679e-03 9.983504702585931367e-01 -5.678247767209564784e-02 -6.071696189074316408e+00 7.602758977541450580e-01 4.334866479124935973e-02 6.481529792177318505e-01 8.138777202487059981e+01
6.431586263010133919e-01 -4.202633528398266177e-02 -7.645795071371023210e-01 -5.070623253388192353e+01 -2.576012397832579733e-03 9.983685653064335863e-01 -5.704371469643862436e-02 -6.155245767774622401e+00 7.657292475701172885e-01 3.865760352642534647e-02 6.420008988286554086e-01 8.215320338557154400e+01
6.347485365568884541e-01 -4.545605075553576374e-02 -7.713812954139130929e-01 -5.163578168630994725e+01 1.667358974667255619e-03 9.983467097113911670e-01 -5.745854323446580175e-02 -6.248966816955774384e+00 7.727175766441590765e-01 3.518543539972467799e-02 6.337747079011661899e-01 8.292388111742566537e+01
6.264710286306616194e-01 -4.647226068692140999e-02 -7.780587729111329010e-01 -5.256246611854628981e+01 3.911375502218927824e-03 9.983960973435089814e-01 -5.648321746447404479e-02 -6.336602023334513056e+00 7.794355010564061326e-01 3.234169428645291416e-02 6.256478032757194496e-01 8.367886873841791839e+01
6.170329926433498757e-01 -4.606808196976903969e-02 -7.855883824416091121e-01 -5.352976715837518640e+01 5.908324719512831648e-03 9.985282909315172928e-01 -5.391443572414036239e-02 -6.412022614201553949e+00 7.869157112371530927e-01 2.862534748432584222e-02 6.163968874852645552e-01 8.441803830006384146e+01
6.078740445398322922e-01 -4.597874739205215500e-02 -7.927018376570371672e-01 -5.449355276937121317e+01 5.780886808350444578e-03 9.985521093553699767e-01 -5.348547190905167392e-02 -6.502245662740194554e+00 7.940130346346060408e-01 2.792977818042251259e-02 6.072595070412269980e-01 8.515962984476702502e+01
5.990286858415108107e-01 -4.629277000156670208e-02 -7.993889666201577926e-01 -5.547634118445643736e+01 3.014126633975028509e-03 9.984509241301807725e-01 -5.556171124318789317e-02 -6.579579618405157149e+00 8.007225027169931897e-01 3.087346559948333721e-02 5.982400746808563818e-01 8.588323130843237152e+01
5.884099933310709130e-01 -4.930211791093769974e-02 -8.070589219799024772e-01 -5.646577749203959939e+01 5.220042216460826952e-03 9.983503495142151962e-01 -5.718191567025505961e-02 -6.666514076948615752e+00 8.085464869869862792e-01 2.943339145069119589e-02 5.876964790641803216e-01 8.659550510669468792e+01
5.790893711901953234e-01 -4.993992668779943106e-02 -8.137337590437115908e-01 -5.747028615346868463e+01 3.158277016087902411e-03 9.982522436117703402e-01 -5.901639360563863679e-02 -6.755079180247495430e+00 8.152585632249914616e-01 3.160563180729724503e-02 5.782347826108362732e-01 8.731787997604460827e+01
5.690051094427700518e-01 -5.127941115786655707e-02 -8.207342721785856332e-01 -5.848379687606252730e+01 6.716293796936833281e-03 9.983105654806487816e-01 -5.771792970936611561e-02 -6.844875715318862852e+00 8.223071708081365339e-01 2.732936683393079325e-02 5.683880155708387338e-01 8.801596364549325813e+01
5.585727232918384910e-01 -5.176887371734978371e-02 -8.278391432518119597e-01 -5.950923027089142181e+01 8.573857633213848375e-03 9.983576830547252756e-01 -5.664704822727101990e-02 -6.932063283331315162e+00 8.294118514693051836e-01 2.454357914078215269e-02 5.580990199601612023e-01 8.870431435783991958e+01
5.480430646097544933e-01 -5.261038649854766353e-02 -8.347946469420565174e-01 -6.055675160869093077e+01 9.128711820287155332e-03 9.983370128199595683e-01 -5.692404128175666822e-02 -7.020960438492608979e+00 8.364009146073071443e-01 2.357608284149290134e-02 5.476117294623806808e-01 8.938710304912542881e+01
5.380839487927402409e-01 -5.288450052983755673e-02 -8.412312740725872429e-01 -6.159640730155170729e+01 7.004056143398816950e-03 9.982761216211371025e-01 -5.827705473605348380e-02 -7.110294208154457785e+00 8.428627677510991401e-01 2.546577151251807128e-02 5.375265451219767288e-01 9.005147504002384551e+01
5.280358847399394540e-01 -5.375297015823718438e-02 -8.475198474535103887e-01 -6.267334746160506853e+01 6.174425037970720197e-03 9.982116413719204218e-01 -5.946342790098103209e-02 -7.198619075612990414e+00 8.492002323084010262e-01 2.616573235242392048e-02 5.274232370079329213e-01 9.071225965127015911e+01
5.185255111660912464e-01 -5.434868966226153592e-02 -8.533338672984949191e-01 -6.373728231793383259e+01 4.589491469248024348e-03 9.981407402952252594e-01 -6.078251992121218306e-02 -7.291981035229821551e+00 8.550504636004370163e-01 2.760077605549080687e-02 5.178106424013718678e-01 9.134711038267842298e+01
