1.000000000000000000e+00 0.000000000000000000e+00 0.000000000000000000e+00 0.000000000000000000e+00 0.000000000000000000e+00 1.000000000000000000e+00 0.000000000000000000e+00 0.000000000000000000e+00 0.000000000000000000e+00 0.000000000000000000e+00 1.000000000000000000e+00 0.000000000000000000e+00
9.999997798115058956e-01 -6.031342741478613835e-04 -2.767778661043974802e-04 1.335780221918809497e-02 6.030710680641030190e-04 9.999997920714875921e-01 -2.283906048773843189e-04 -1.080727683865284096e-02 2.769155587560825004e-04 2.282236378650728814e-04 9.999999356158701946e-01 -7.828906994608109474e-03
9.999983966583013695e-01 -1.768658801655901159e-03 -2.802264617644485202e-04 9.287005397278048913e-02 1.768609895729926409e-03 9.999984207526527724e-01 -1.746746611307626728e-04 -1.031779257988766491e-02 2.805349590943872779e-04 1.741787697742727648e-04 9.999999454809449517e-01 1.916751556370531202e-03
9.999889972378451786e-01 -4.688438249221880613e-03 -1.547579790713309760e-04 1.897275630789317935e-01 4.688426235536728021e-03 9.999890062350356157e-01 -7.790057619642643753e-05 -7.474960488730506697e-03 1.551215097395584593e-04 7.717414770567814983e-05 9.999999849907339478e-01 1.086703028233554705e-02
9.999674798269505560e-01 -8.061431729058585183e-03 -2.293621913862924381e-04 2.807025489468779611e-01 8.061418689736331300e-03 9.999675045706838405e-01 -5.771817947840259753e-05 -2.613095439897415977e-03 2.298200293268051091e-04 5.586731781685751988e-05 9.999999720307980455e-01 4.942467618846868582e-03
9.999294232424540407e-01 -1.187694970525850560e-02 -2.942782899348113249e-04 3.835639079834470277e-01 1.187694915305602741e-02 9.999294665453569708e-01 -3.624018290083239634e-06 8.113408454884037460e-03 2.943005757533580734e-04 1.286342322190055633e-07 9.999999566935763307e-01 -5.969692961571946438e-05
9.998749086545525300e-01 -1.581354528945198845e-02 -3.143698913827728766e-04 5.149714300090522112e-01 1.581350632704815046e-02 9.998749507471308418e-01 -1.260399419784348604e-04 1.690334451226053331e-02 3.163237179934867411e-04 1.210528852060977460e-04 9.999999426427506055e-01 2.733203020263662731e-03
9.997861815477159242e-01 -2.067499905521583484e-02 -3.682394659568520644e-04 6.802788514670778941e-01 2.067485182510261574e-02 9.997861726940282523e-01 -3.992390721482745684e-04 2.843708095121046109e-02 3.764149937433648773e-04 3.915404110729637089e-04 9.999998525039186514e-01 -7.249482491557194923e-04
9.996840527615710181e-01 -2.513062134930706126e-02 -4.965126365307595850e-04 8.258712495504466622e-01 2.513042770752218352e-02 9.996841038907265942e-01 -3.924683832834211525e-04 4.838658674550063571e-02 5.062187644525446796e-04 3.798668090633445572e-04 9.999997997218649237e-01 8.485648089485179832e-03
9.995401932505001419e-01 -3.031388969709463560e-02 -6.856881105960499490e-04 9.993007896454598749e-01 3.031372869466994469e-02 9.995404035455150993e-01 -2.439932266407488046e-04 6.465726346635020105e-02 6.927693545307633425e-04 2.230952735545376690e-04 9.999997351495251152e-01 1.381568643644571527e-02
9.993293073980240582e-01 -3.661049303763980189e-02 -7.792143006294226931e-04 1.207619344139612361e+00 3.661050609791670352e-02 9.993296107076030665e-01 2.498932878629713471e-06 8.381950297520461557e-02 7.786004365410436083e-04 -3.102468676761256617e-05 9.999996964093684770e-01 1.030602398043512120e-02
9.990956758630914480e-01 -4.251143804665224318e-02 -7.798120786483497217e-04 1.434012168517368346e+00 4.251157564689189011e-02 9.990959614085372920e-01 1.607270011887473372e-04 9.247426836088359914e-02 7.722743624817034929e-04 -1.937326920539387675e-04 9.999996830299262562e-01 1.176135008060149971e-02
9.988551112284577149e-01 -4.783159309868580122e-02 -7.781223726473276156e-04 1.663161096862536770e+00 4.783188078277984812e-02 9.988553373112397660e-01 3.553950353371704675e-04 1.203340948768985286e-01 7.602325742805280881e-04 -3.922072041146318746e-04 9.999996341099041119e-01 1.385657833590545410e-02
9.985991984902834462e-01 -5.290341075683731298e-02 -9.326869018939664725e-04 1.900070390537109910e+00 5.290741421118574928e-02 9.985870178418055909e-01 4.977280311138839244e-03 1.434585719606211729e-01 6.680539271903116654e-04 -5.019654181612563659e-03 9.999871783057258101e-01 2.112099021075904831e-02
9.983801081061329796e-01 -5.688523788593265879e-02 -1.108805053742606970e-03 2.167681800532542891e+00 5.689256161195683364e-02 9.983450111398859406e-01 8.394948798588803759e-03 1.558194082110602730e-01 6.294213342826758843e-04 -8.444432648916241901e-03 9.999641470502939056e-01 2.021911998517121958e-02
9.981775011232203454e-01 -6.033126599958771319e-02 -1.347068777247983950e-03 2.469381207910915421e+00 6.034323947376785124e-02 9.981030382095676945e-01 1.220731611132496591e-02 1.771237218070755848e-01 6.080306037950608967e-04 -1.226635478523669352e-02 9.999245805754889416e-01 8.216809232160523710e-03
9.980007653160287706e-01 -6.318636508779142125e-02 -1.398461874077204644e-03 2.752102960015418098e+00 6.319901655779198990e-02 9.979209749735058477e-01 1.263376484091254491e-02 2.040382595152735179e-01 5.972727591711969727e-04 -1.269688839518870287e-02 9.999192128818864544e-01 -4.312006199607247570e-03
9.978312519055757557e-01 -6.580735852798830221e-02 -1.477932380150310480e-03 3.018897418613545103e+00 6.581901042710050498e-02 9.977799353102364543e-01 1.015177613511707155e-02 2.215795461658434939e-01 8.065897028397561470e-04 -1.022703553670867814e-02 9.999473771940112776e-01 2.091800744025728177e-03
9.976865763858053793e-01 -6.795701269039661208e-02 -1.827491660090772721e-03 3.303902497805514482e+00 6.796950986194408295e-02 9.976554979729482797e-01 7.978288881432966592e-03 2.307513173550954366e-01 1.281026423426079568e-03 -8.084045431946955407e-03 9.999665030293548584e-01 2.141232546993338676e-02
9.975402602638979710e-01 -7.006779456450178134e-02 -1.983259312708792257e-03 3.641192538242385979e+00 7.007426629923006745e-02 9.975359585782080929e-01 3.407131649962143443e-03 2.538640567242548829e-01 1.739642279108363819e-03 -3.537726434075784583e-03 9.999922290380152123e-01 2.828723607120479586e-02
9.973479896029460168e-01 -7.276080309899278509e-02 -1.689132129664469139e-03 3.982612895718077972e+00 7.276431487672145593e-02 9.973469105797803103e-01 2.120008841721330271e-03 2.857172199253042444e-01 1.530397165181293954e-03 -2.237295098382531544e-03 9.999963261908313417e-01 3.729374694184647149e-02
9.972766997735077465e-01 -7.372859340781959259e-02 -1.810691294856158927e-03 4.328007109601104574e+00 7.373489559393081594e-02 9.972710026097688640e-01 3.703042729749785912e-03 3.257607021560723348e-01 1.532729791244478177e-03 -3.826469366224205786e-03 9.999915043997005260e-01 3.096411233626345655e-02
9.971729364336210377e-01 -7.510707632876872930e-02 -2.249873261728426149e-03 4.700046590965078153e+00 7.511755555064111856e-02 9.971621219022311911e-01 5.005546077713281597e-03 3.627383642002687258e-01 1.867536464350230945e-03 -5.160400060486935656e-03 9.999849411760008966e-01 1.225413866798462717e-02
9.971026425703222174e-01 -7.600646879925244959e-02 -3.055630859292091626e-03 5.056510447357176474e+00 7.601899406595537256e-02 9.970974556248584086e-01 4.216221962075022978e-03 3.823467393640019307e-01 2.726301612117766181e-03 -4.436292044208310290e-03 9.999864432043157336e-01 -3.543376182927989587e-03
9.970831285713344094e-01 -7.623166694772283425e-02 -3.737334982457446702e-03 5.441471881004326328e+00 7.623944519601331959e-02 9.970875628137241264e-01 1.984711160780496236e-03 3.900866972842930713e-01 3.575152388880921232e-03 -2.263854359075669412e-03 9.999910465843367957e-01 -1.051211368752590124e-03
9.970876286395874422e-01 -7.618477414094866618e-02 -3.484394205131108747e-03 5.851652663528887466e+00 7.618786744990450888e-02 9.970931880909116307e-01 7.636204147188665721e-04 4.221289242676877218e-01 3.416089477734900876e-03 -1.026865032336557329e-03 9.999936379202046810e-01 2.166695314944848058e-02
9.971008713319330363e-01 -7.606559894515670106e-02 -1.969021638918842798e-03 6.293349003596194535e+00 7.606797540708674921e-02 9.971019577432268521e-01 1.161456883042445319e-03 4.708715307420408558e-01 1.874968417547156433e-03 -1.307869159701393301e-03 9.999973869824332340e-01 5.043269962698704312e-02
9.970900382095803094e-01 -7.623203127645156174e-02 3.648433692070255242e-04 6.748828075326276377e+00 7.623144724802666250e-02 9.970891514846277337e-01 1.410830300392427799e-03 5.144555784208754146e-01 -4.713318250127068775e-04 -1.378912300072021851e-03 9.999989382230259904e-01 3.118392643260805078e-02
9.971746619148158519e-01 -7.508486496105529207e-02 2.226362246581503872e-03 7.172234363934997248e+00 7.508296874348538430e-02 9.971768624074003329e-01 9.235171885921822366e-04 5.505040139140681132e-01 -2.289419083023092310e-03 -7.537460533351755939e-04 9.999970952093557575e-01 -4.401099556735513056e-03
9.972639124990777537e-01 -7.391215562691917651e-02 1.296949349050796662e-03 7.620409923171897582e+00 7.391549484099514677e-02 9.972607175482248731e-01 -2.749701367554811034e-03 5.603065839414769211e-01 -1.090160283051836484e-03 2.838042596930571634e-03 9.999953785217086111e-01 2.585010499524666530e-04
9.973824179306598481e-01 -7.227106289218918067e-02 2.281637838050245941e-03 8.065682753290211338e+00 7.228362910798497021e-02 9.973659881383593051e-01 -6.013540369323838383e-03 5.790736376612444225e-01 -1.841023022684731923e-03 6.162724497124212955e-03 9.999793155165773717e-01 2.961030562647257863e-02
9.974701939111336735e-01 -7.095217120201573191e-02 4.359089423873098099e-03 8.512673445289159702e+00 7.098524512341071457e-02 9.974455271753390750e-01 -7.969648215541608183e-03 6.222652537929621586e-01 -3.782490403790600680e-03 8.258917582228306534e-03 9.999587406721914817e-01 4.645923682086803425e-02
9.975248085172141455e-01 -7.026111257990383385e-02 2.762689220572287895e-03 8.992259380098003518e+00 7.027681346639452764e-02 9.975090624689925134e-01 -6.069578341320922867e-03 6.661985269512051833e-01 -2.329352207154159089e-03 6.248707967726161404e-03 9.999777636362866540e-01 4.428845017126720185e-02
9.976762432381275358e-01 -6.812507344451244895e-02 -1.043094644120628849e-03 9.456761378015068331e+00 6.812315899373290462e-02 9.976753448603301599e-01 -1.772418273451627658e-03 6.942400777808558354e-01 1.161415933848299747e-03 1.697240702216886886e-03 9.999978852412775288e-01 2.908052944308861174e-02
9.977907479476639807e-01 -6.639786053717997016e-02 -2.224281035913016312e-03 9.943072369606397842e+00 6.640041399739085581e-02 9.977924569878448002e-01 1.094440101217763030e-03 7.221881665484131130e-01 2.146702358648163583e-03 -1.239715388809158438e-03 9.999969273826485594e-01 1.334787705658976344e-02
9.978641069892365545e-01 -6.530776378299965601e-02 1.456012444136417765e-03 1.043954753168215888e+01 6.530605066851791207e-02 9.978645662222421775e-01 1.194664880885886599e-03 7.629734191406052357e-01 -1.530924117823114026e-03 -1.097026782065832744e-03 9.999982264002196253e-01 2.325924443924668340e-03
9.979813330103514124e-01 -6.349062445686669276e-02 1.483094386525921852e-03 1.096407974504103500e+01 6.349153213792775585e-02 9.979822127052829783e-01 -5.731235870503382807e-04 8.146940710510477412e-01 -1.443713843083138356e-03 6.661305762898616636e-04 9.999987359793984787e-01 3.242252705937827273e-02
9.981493247128870872e-01 -6.071475839837279370e-02 -3.412284840796878538e-03 1.147885449397735336e+01 6.071331185374547607e-02 9.981551067191969384e-01 -5.260172414769069809e-04 8.364447109199624197e-01 3.437926549151555395e-03 3.178726406944013092e-04 9.999940397912514545e-01 6.144585958906367829e-02
9.982678617117077824e-01 -5.830466091060938771e-02 -7.864018669447620999e-03 1.196794949676054998e+01 5.830864750342876213e-02 9.982985646108089028e-01 2.784283024100087079e-04 8.584771490212024236e-01 7.834404882022232702e-03 -7.364863186440643228e-04 9.999690393647430176e-01 7.485411014486331727e-02
9.983721782197993999e-01 -5.659478644062576613e-02 -7.072757905736138696e-03 1.252955432674948888e+01 5.659279481933443545e-02 9.983972273921594143e-01 -4.815705404366223325e-04 8.968062455616655493e-01 7.088676264995043622e-03 8.051949245604572898e-05 9.999748717769969542e-01 4.638883491819613403e-02
9.985107892457930623e-01 -5.439288234940959504e-02 -4.197393175120420553e-03 1.308568534323988608e+01 5.439807952372299055e-02 9.985186843038768023e-01 1.134037118143393788e-03 9.295500602729839246e-01 4.129491963180278481e-03 -1.360678425603917491e-03 9.999905478805027892e-01 5.001885730111532008e-02
9.986127688123118684e-01 -5.260921758493473238e-02 -2.192758561477773076e-03 1.365039630158318573e+01 5.262010979981089631e-02 9.986008164520900898e-01 5.247230305098683593e-03 9.764004587171264404e-01 1.913637808934815334e-03 -5.355334379839903243e-03 9.999838290612584890e-01 5.931132213652949570e-02
9.986635676744861634e-01 -5.168238798795020406e-02 -9.680666150967670157e-05 1.422722611668766213e+01 5.168238179660679388e-02 9.986563178727329015e-01 3.806597523346937507e-03 1.010332788330149612e+00 -1.000574659867809623e-04 -3.806513462207115114e-03 9.999927501956029641e-01 2.526921375196029135e-02
9.987201788080769527e-01 -5.051535615803636609e-02 -2.490629195473094588e-03 1.482303079020745784e+01 5.050064034714556171e-02 9.987080222346185199e-01 -5.654347773590938375e-03 1.025659198425455942e+00 2.773042749555080632e-03 5.521332850245106415e-03 9.999809123765642793e-01 5.445029162511276499e-02
9.986617676489010220e-01 -4.792915303926962439e-02 -1.942859040976989068e-02 1.537051647372344654e+01 4.758365296495779828e-02 9.987073626809194193e-01 -1.787175697666227095e-02 1.027092140659831010e+00 2.026005446396417220e-02 1.692335710964831819e-02 9.996515043640240572e-01 1.227724661167494125e-01
9.977039507784378758e-01 -4.574818590135845686e-02 -4.993926398967908631e-02 1.590830796179330875e+01 4.497702896149931295e-02 9.988524332283774676e-01 -1.645853880349195525e-02 1.046318642654873843e+00 5.063490364257212939e-02 1.417462946550439133e-02 9.986166363588296901e-01 1.896692897369656738e-01
9.960491142600316206e-01 -4.342522352644525435e-02 -7.746232596226676481e-02 1.648508861041708329e+01 4.320683289392201337e-02 9.990560419100684708e-01 -4.493852941980067302e-03 1.052729338235242951e+00 7.758435134151021872e-02 1.129196469047905396e-03 9.969851520169451531e-01 1.693289933180474327e-01
9.949095100466505137e-01 -4.112422249284954784e-02 -9.199926707910498214e-02 1.706978277446966530e+01 4.116894746543099670e-02 9.991512012282255384e-01 -1.412391157719427182e-03 1.075435064222485693e+00 9.197926170242110011e-02 -2.382311598516972332e-03 9.957580730318610351e-01 7.796823436524394357e-02
9.946547558578031634e-01 -4.031679409003720294e-02 -9.506036378930779462e-02 1.764326312286356568e+01 3.907083433953136009e-02 9.991248573557632850e-01 -1.493282685356752543e-02 1.099504442330316412e+00 9.557921611661657213e-02 1.113891952243441924e-02 9.953595018476519840e-01 1.243054674178917657e-01
9.950944751624374307e-01 -3.983800873277101168e-02 -9.055340171081831258e-02 1.823211558318767089e+01 3.782176846956558647e-02 9.989992625924170033e-01 -2.387440406882726171e-02 1.134737776638315099e+00 9.141389025212606767e-02 2.033239779304750125e-02 9.956053908396426122e-01 3.090351420494938939e-01
9.957603924089205583e-01 -3.831346787747379884e-02 -8.362606704152859838e-02 1.887903110362344705e+01 3.697348203779392967e-02 9.991627530771393095e-01 -1.751440804915609800e-02 1.181267069440049777e+00 8.422708908441144116e-02 1.434820694418631991e-02 9.963432774008431636e-01 4.207103446597253993e-01
9.960024739284951689e-01 -3.634752226343930526e-02 -8.159613687930340753e-02 1.952902646270756648e+01 3.580250063336458399e-02 9.993257887773262516e-01 -8.133193282629503501e-03 1.196294542880685707e+00 8.183674527200580917e-02 5.179334888136240614e-03 9.966322900716197974e-01 4.162972011707953834e-01
9.958934718382920215e-01 -3.584847589377009036e-02 -8.313290278804608135e-02 2.013642875857387438e+01 3.492035347418905034e-02 9.993107667399244720e-01 -1.259207651270794447e-02 1.204271756609836208e+00 8.352701157775627161e-02 9.637336445200164747e-03 9.964589103837304673e-01 3.929728998715876775e-01
9.955514917683502274e-01 -3.622847835608919431e-02 -8.697542522928482234e-02 2.070662351224452991e+01 3.433907700245410199e-02 9.991427183053556149e-01 -2.312263497104618745e-02 1.220416064449120208e+00 8.773856066993614145e-02 2.003311791477045689e-02 9.959420762063327937e-01 4.911748147036425483e-01
9.948312642224563795e-01 -3.588830697348686927e-02 -9.498834216958298993e-02 2.131740168615879583e+01 3.369941462789084047e-02 9.991304697432995541e-01 -2.454900984298896346e-02 1.255761698087169309e+00 9.578676933317305242e-02 2.122107096992149541e-02 9.951756432748959380e-01 6.163316276514462233e-01
9.942943954566261233e-01 -3.279664855044418098e-02 -1.015038669578697539e-01 2.192899465025323380e+01 3.121780065975917479e-02 9.993662406238661422e-01 -1.710456147606170124e-02 1.293807020002061714e+00 1.020005102218112386e-01 1.383824212750597513e-02 9.946880912976241440e-01 6.575755236819094129e-01
9.943770361331034646e-01 -2.851130469349141133e-02 -1.019873301730156306e-01 2.258167176005900245e+01 2.742953886683485026e-02 9.995517833952778375e-01 -1.199386129952964217e-02 1.308077323624377231e+00 1.022835783921231811e-01 9.128954813912367947e-03 9.947133917743884446e-01 6.481107761311352133e-01
9.948675694225593835e-01 -2.575022400743993620e-02 -9.785420417547559258e-02 2.323578595333966490e+01 2.450926288643826348e-02 9.996034794504797816e-01 -1.386289664023278648e-02 1.300172251922734112e+00 9.817237566654106462e-02 1.139341187094461937e-02 9.951042029968151237e-01 6.879911946034984460e-01
9.955689012966212337e-01 -2.571880956692141826e-02 -9.044946437375399328e-02 2.384946917868069249e+01 2.390675421630090655e-02 9.994923274981617478e-01 -2.106073064138535081e-02 1.307419970261702868e+00 9.094520258859144224e-02 1.880505535136869563e-02 9.956783316007996598e-01 8.087706907534535361e-01
9.962327750689746741e-01 -2.549610190572909260e-02 -8.288670982722336211e-02 2.442516359549421878e+01 2.353306189648384644e-02 9.994209673996637955e-01 -2.457488392030625704e-02 1.337343036336273716e+00 8.346527946485238214e-02 2.253172673216468844e-02 9.962559251589527820e-01 9.423862444552487672e-01
9.964545039248426939e-01 -2.291167626186248543e-02 -8.095354654842142061e-02 2.504479447356595045e+01 2.128254704097054528e-02 9.995543899478227523e-01 -2.093023476898646026e-02 1.366092819337474173e+00 8.139701959743181336e-02 1.913312904121072106e-02 9.964980926091868696e-01 1.005236810526542568e+00
9.964571343084740462e-01 -1.970956568255788355e-02 -8.176009115912884206e-02 2.572531956798070851e+01 1.859427027922998243e-02 9.997236932975487322e-01 -1.438020070415939322e-02 1.384963401305855379e+00 8.202092780825551155e-02 1.280898435138004381e-02 9.965482915149467269e-01 9.868372860371548150e-01
9.965030110382605555e-01 -1.787373543110797741e-02 -8.162278219602280005e-02 2.637872720383841951e+01 1.699153319752737257e-02 9.997896095769742697e-01 -1.149018631348113113e-02 1.394521237795273372e+00 8.181098209456935666e-02 1.006310904541629116e-02 9.965970585171631813e-01 9.851832081195881496e-01
9.965667284904945467e-01 -1.837401310926607689e-02 -8.072887530502130538e-02 2.703707497269559923e+01 1.744176021410958830e-02 9.997729818059901685e-01 -1.223804932955618006e-02 1.382660695723689326e+00 8.093541046035823694e-02 1.078797909803615521e-02 9.966609648424050727e-01 1.087723544882478910e+00
9.965149626584537401e-01 -1.924867775805835443e-02 -8.116290779898872876e-02 2.767425224117408078e+01 1.816945058697774090e-02 9.997366938741245601e-01 -1.401477745104987883e-02 1.393854989178093806e+00 8.141130304317753530e-02 1.249124998555034907e-02 9.966023120636487986e-01 1.196840942169936195e+00
9.963724023643593108e-01 -1.985986672133545697e-02 -8.275035649764003742e-02 2.831164619936377846e+01 1.875408243671412845e-02 9.997244325912020280e-01 -1.411889769621978673e-02 1.418315722534848611e+00 8.300795262282195663e-02 1.251577300889490131e-02 9.964702881809157642e-01 1.255930153594366105e+00
9.959737381593571914e-01 -1.938493677232520918e-02 -8.752449441847304223e-02 2.892462734572091776e+01 1.841501414091327796e-02 9.997598990412656095e-01 -1.187566937854793100e-02 1.421266335244600887e+00 8.773368880348259014e-02 1.021609002170452765e-02 9.960915777947336736e-01 1.292005952424936321e+00
9.954104713795846049e-01 -1.887150846432046267e-02 -9.381822656688115769e-02 2.953930799054112555e+01 1.792432140751195127e-02 9.997796190305356934e-01 -1.092849821509130591e-02 1.434282473411883307e+00 9.400378806172531021e-02 9.196713512887429165e-03 9.955293608380458847e-01 1.325135793227100178e+00
9.953283408425817047e-01 -1.918079811469845797e-02 -9.462341623106235167e-02 3.018851491569378709e+01 1.781259955935063713e-02 9.997245327279817850e-01 -1.528299573895719986e-02 1.456031841397995352e+00 9.489049063258084282e-02 1.352610976969883909e-02 9.953958203358129753e-01 1.377276952863059289e+00
9.955469823353164660e-01 -1.936648207751792000e-02 -9.225586883763302326e-02 3.084235139966352079e+01 1.774574130463226970e-02 9.996740196240766485e-01 -1.835601139110780086e-02 1.473748260723214187e+00 9.258128660044880054e-02 1.663712296590334760e-02 9.955661261366937076e-01 1.483337420441056986e+00
9.957451702360612389e-01 -1.931953119185659748e-02 -9.010167404707111749e-02 3.148608322857666408e+01 1.803756350088263002e-02 9.997244742783197857e-01 -1.502071342809077961e-02 1.485136536259878737e+00 9.036704185990263039e-02 1.333158818236146806e-02 9.958192941001026144e-01 1.570925397369335785e+00
9.961276889375223487e-01 -1.905034688679551821e-02 -8.582954978026927084e-02 3.210780849882554833e+01 1.855803526330866704e-02 9.998064589533873781e-01 -6.530234471634788727e-03 1.502923179861753944e+00 8.593734147131125434e-02 4.912119560993560147e-03 9.962884343513488394e-01 1.578929443152358614e+00
9.962870342759623243e-01 -1.915465439446343426e-02 -8.393595504094999993e-02 3.276636285034320650e+01 1.893779018908330405e-02 9.998149534866924704e-01 -3.379184392356384715e-03 1.511834225814369770e+00 8.398515009429928513e-02 1.777076090646522452e-03 9.964654216600825620e-01 1.606521846530789999e+00
9.961103475120025585e-01 -2.029140260358444636e-02 -8.574633846349932753e-02 3.339264426636868421e+01 1.926215384891292667e-02 9.997323514973660563e-01 -1.281385182713841268e-02 1.522727806378090243e+00 8.598339961073035720e-02 1.111235123303326230e-02 9.962345961877930867e-01 1.671113123026729319e+00
9.958552268336138269e-01 -2.227193573155327594e-02 -8.818349089790646078e-02 3.401932725194850349e+01 2.038740636727826017e-02 9.995453434855030572e-01 -2.221395908124585566e-02 1.522779895181799237e+00 8.863814556829950619e-02 2.032405459590590213e-02 9.958565217715830142e-01 1.803975950947613427e+00
9.957925804925532587e-01 -2.333697964444455750e-02 -8.861445715602418727e-02 3.464113034379702327e+01 2.143628587143078801e-02 9.995205775021771544e-01 -2.234056395332866332e-02 1.540084005505789166e+00 8.909333467785546246e-02 2.034700299280588556e-02 9.958154332933338848e-01 1.891049993344040780e+00
9.957215281669986595e-01 -2.457423893058290412e-02 -8.907718633724132085e-02 3.526821672166951771e+01 2.334562880876080160e-02 9.996177717139359542e-01 -1.480851407769306731e-02 1.577634624514760109e+00 8.940704648013234057e-02 1.266559333976499842e-02 9.959146362942213893e-01 1.906833594983900371e+00
9.956149154141146207e-01 -2.625597920638458524e-02 -8.978621141834362829e-02 3.590373975570815190e+01 2.543695872953689180e-02 9.996238353521258446e-01 -1.025421506005905030e-02 1.605610441686166290e+00 9.002167147713620310e-02 7.925361305328951916e-03 9.959082725395158597e-01 1.878124862036721021e+00
9.957077637903419820e-01 -2.923487172367843223e-02 -8.781441455101000881e-02 3.656022034947787347e+01 2.814269346528516444e-02 9.995107130865108491e-01 -1.365002673307187490e-02 1.591265818654922892e+00 8.817050488772062988e-02 1.112010344352283055e-02 9.960433250452761511e-01 1.948918409467548019e+00
9.959228051376588509e-01 -3.235183645068310382e-02 -8.420881714526742834e-02 3.718972951016635164e+01 3.086503943274751874e-02 9.993448778023675816e-01 -1.889879760688648047e-02 1.610349632981471713e+00 8.476506088921174908e-02 1.622263506460555268e-02 9.962688947086568714e-01 2.082591171609895930e+00
9.959481455745664569e-01 -3.448750654475398608e-02 -8.305361653117723786e-02 3.778653484824231157e+01 3.289106947868846581e-02 9.992483883401461764e-01 -2.051428644064014206e-02 1.637539892469690894e+00 8.369867905248193352e-02 1.769944326655772254e-02 9.963339103096529037e-01 2.192593285812060699e+00
9.958052734950254559e-01 -3.553898678603345518e-02 -8.431392351041284983e-02 3.840020913924229262e+01 3.420984836058653389e-02 9.992673875324552535e-01 -1.715734505125024456e-02 1.685718378511260385e+00 8.486190873792130718e-02 1.420100814323145728e-02 9.962915174852552402e-01 2.214114746899094044e+00
9.956359326197861126e-01 -3.649725314058692438e-02 -8.588969780783174690e-02 3.903527720274017554e+01 3.536573918730682997e-02 9.992669136212797287e-01 -1.465946225266266667e-02 1.700519983680619518e+00 8.636176334503671559e-02 1.155793472008596889e-02 9.961967978150412240e-01 2.204010504081792998e+00
9.954438068032136488e-01 -3.788696080335465788e-02 -8.749974684655512092e-02 3.965018306111873159e+01 3.685230335295015813e-02 9.992307367307605714e-01 -1.341053727796221243e-02 1.728741579347146118e+00 8.794052100544039186e-02 1.012486906515551628e-02 9.960742702186945463e-01 2.258000784281228412e+00
9.952834509793729856e-01 -3.936650954694343590e-02 -8.866301445744162457e-02 4.024134142254646207e+01 3.834689159368868949e-02 9.991776333559890810e-01 -1.317470706416377056e-02 1.775005576116501338e+00 8.910874318321394816e-02 9.712616908694073417e-03 9.959745463419700240e-01 2.347755260265578237e+00
9.949593446022861887e-01 -4.145469503317882748e-02 -9.130942365547635442e-02 4.086790290029841088e+01 4.056604928930804960e-02 9.991098975785221992e-01 -1.156754968402251733e-02 1.798024502552569626e+00 9.170767816080920010e-02 7.805179071683062027e-03 9.957553820823729085e-01 2.426096212007499364e+00
9.944129996873656285e-01 -4.396221429191466551e-02 -9.596931680139830778e-02 4.149268448274629861e+01 4.289156215358069790e-02 9.989926386675060943e-01 -1.319173165884700467e-02 1.808456176542525551e+00 9.645257875661439328e-02 9.001755533520989713e-03 9.952968745296620900e-01 2.478471163628222396e+00
9.939688275999153388e-01 -4.582158523875608236e-02 -9.963107991915465256e-02 4.208291672217062995e+01 4.435080787009605674e-02 9.988725803532900738e-01 -1.692849844581239757e-02 1.833490044625987636e+00 1.002944445167298221e-01 1.240768086982652237e-02 9.948804319386893580e-01 2.534803050404331515e+00
9.940186985935315356e-01 -4.681643477812955090e-02 -9.866634827075969338e-02 4.267494961861922320e+01 4.506620456921504869e-02 9.987858806801559464e-01 -1.989476714341860061e-02 1.854359577101101886e+00 9.947795761950162241e-02 1.532925270945483670e-02 9.949216803141954779e-01 2.602452529041984874e+00
9.944587572987835244e-01 -4.765006180216683346e-02 -9.370833283123201907e-02 4.327165830018022774e+01 4.614524207338172035e-02 9.987696293176424600e-01 -1.816161299797411366e-02 1.893610767963922914e+00 9.445843882760435184e-02 1.373678138971654375e-02 9.954340280356619441e-01 2.664192012258016273e+00
9.945913321450863265e-01 -4.797470795799110149e-02 -9.212225256803144302e-02 4.387602834225668147e+01 4.708543572530906468e-02 9.988211220768968834e-01 -1.180372126096352822e-02 1.936667553740088366e+00 9.257993175856472912e-02 7.402262451048261839e-03 9.956777404091071704e-01 2.731353262247957936e+00
9.942202960011808921e-01 -4.748678706459934229e-02 -9.628607414162128342e-02 4.447741928201018879e+01 4.714759708347173589e-02 9.988711175642148721e-01 -5.796083614913012487e-03 1.975498608197724826e+00 9.645261587214208621e-02 1.222926938887960481e-03 9.953368260750343754e-01 2.775074195440233815e+00
9.940522422930245794e-01 -4.679182217790454207e-02 -9.833953919701474145e-02 4.509527614236002790e+01 4.629612836304062423e-02 9.989009554550001280e-01 -7.317765347480100629e-03 1.993848172264637952e+00 9.857387123778138527e-02 2.721501122409525960e-03 9.951260148045762977e-01 2.795090465065126040e+00
9.945759633184253490e-01 -4.605652513308760437e-02 -9.326011838879257054e-02 4.567855798583547511e+01 4.478007105838519714e-02 9.988729446384071453e-01 -1.573485638331935041e-02 2.003201600937452476e+00 9.387970188082357670e-02 1.147331521675336828e-02 9.955174356146178072e-01 2.868390015664540549e+00
9.954848495854421442e-01 -4.434733522373640602e-02 -8.392394237881797836e-02 4.626712507848258582e+01 4.272293999435164413e-02 9.988650880205299787e-01 -2.105436610249586393e-02 2.022331841346253434e+00 8.476240112271855864e-02 1.737382491832025963e-02 9.962497104459397956e-01 2.996398974415008354e+00
9.963274023544386182e-01 -4.254471654292046184e-02 -7.430783546800008577e-02 4.686534669197813230e+01 4.129893088941041096e-02 9.989806456079487473e-01 -1.822273327790875988e-02 2.069540316479915099e+00 7.500737047149783066e-02 1.508697434904199969e-02 9.970688429491431082e-01 3.064955051188624324e+00
9.970748251216452473e-01 -4.114686320123861485e-02 -6.441062612130989129e-02 4.746922127385052192e+01 4.038088144765090981e-02 9.990978277554218856e-01 -1.314971436603306135e-02 2.113889563870319233e+00 6.489358614032186834e-02 1.051029129453841943e-02 9.978368384935246693e-01 3.065974621662730382e+00
9.977811203612401147e-01 -4.022748338900895143e-02 -5.305266657629678639e-02 4.808690642350022415e+01 3.972994807384236382e-02 9.991563287842951668e-01 -1.040009020823843416e-02 2.129423155195353967e+00 5.342627702468607381e-02 8.269233971578965683e-03 9.985375569766040682e-01 3.041988993531566710e+00
9.985072071428118257e-01 -3.935341960727316984e-02 -3.787698046407552560e-02 4.871052221830655782e+01 3.891602043325728677e-02 9.991677979602696658e-01 -1.221699115430281528e-02 2.133905392937096579e+00 3.832623954290811236e-02 1.072473237148129262e-02 9.992077258898970360e-01 3.092335372687072148e+00
9.991082668519910559e-01 -3.903048995944173594e-02 -1.610254518816016389e-02 4.933471877364847558e+01 3.877078254021878306e-02 9.991178207506602460e-01 -1.613712117048313188e-02 2.150010210494487151e+00 1.671817960275244486e-02 1.549842288678777123e-02 9.997401169097859253e-01 3.133895233001393166e+00
9.992095071757540747e-01 -3.875684983569642472e-02 8.846884219885284631e-03 4.994191764911544595e+01 3.894430913272847045e-02 9.989968722457530648e-01 -2.210407268756015356e-02 2.173283998947681983e+00 -7.981325438876621728e-03 2.243113537063469096e-02 9.997165311278107813e-01 3.152371348013228491e+00
9.989652842387709564e-01 -3.813320098103590433e-02 2.478345957874810920e-02 5.057032045282559807e+01 3.881434862953778153e-02 9.988649245118391695e-01 -2.760994241976279587e-02 2.194153332744603446e+00 -2.370247299790080586e-02 2.854332781751003217e-02 9.993114985883460033e-01 3.195523050287571998e+00
9.988369832310911578e-01 -3.758782623471178946e-02 3.019662644670504867e-02 5.119955665027651293e+01 3.838872611275859908e-02 9.989141923269793111e-01 -2.639587231325980776e-02 2.219816457437338020e+00 -2.917167525618543159e-02 2.752438349332134854e-02 9.991953871371005436e-01 3.233270995126840575e+00
9.989601188313927960e-01 -3.746078524977206059e-02 2.598789242782330658e-02 5.180573313329021090e+01 3.799291619287224059e-02 9.990719222610189298e-01 -2.029365587650233324e-02 2.242702558922009981e+00 -2.520355735865558583e-02 2.125990870495383586e-02 9.994562506574892202e-01 3.199090233376189474e+00
9.991889172107559780e-01 -3.717274290405672699e-02 1.548208345752403146e-02 5.240063068147905057e+01 3.745427887459973348e-02 9.991305835751985720e-01 -1.830994152548803475e-02 2.264141227515712895e+00 -1.478799233096063197e-02 1.887496091842258417e-02 9.997124842339158990e-01 3.125006612895059099e+00
9.993108904168643836e-01 -3.642094411989444530e-02 7.159547727958098795e-03 5.300628712007338095e+01 3.659102304290872548e-02 9.990108923179542577e-01 -2.526527385083965002e-02 2.289374982662387037e+00 -6.232281037205141851e-03 2.550983848439901044e-02 9.996551439439368414e-01 3.083513197286078089e+00
9.993412167298321158e-01 -3.586445542768525868e-02 5.556382079559109635e-03 5.363554159708780844e+01 3.603503551323210957e-02 9.987564151895226283e-01 -3.445430790676111410e-02 2.311466999028428226e+00 -4.313787256989982596e-03 3.463183441068892060e-02 9.993908280972224611e-01 3.137533085989090420e+00
9.993408491956838891e-01 -3.513624864731925562e-02 9.127494718876496410e-03 5.429039675029383716e+01 3.544575176891588686e-02 9.987118376475364601e-01 -3.630790580875065815e-02 2.329164421411460406e+00 -7.840013417447621452e-03 3.660750433551117344e-02 9.992989666841148866e-01 3.209194926582226159e+00
9.993290237166126966e-01 -3.417423586885546399e-02 1.317664450387570109e-02 5.492458163744902322e+01 3.459547634445275105e-02 9.988501524129829168e-01 -3.318924586460491460e-02 2.346506457202200302e+00 -1.202727625450149447e-02 3.362282896099934998e-02 9.993622216186467400e-01 3.179965812206609677e+00
9.993250956500199234e-01 -3.378614779014079555e-02 1.441698378930486232e-02 5.557406183752764406e+01 3.422027874775290801e-02 9.989330813575524326e-01 -3.101082862374990312e-02 2.366159485006174013e+00 -1.335386560155544904e-02 3.148325248458710285e-02 9.994150684707967525e-01 3.125969919965579269e+00
9.993585690668957966e-01 -3.303885175354207004e-02 1.381610319061759261e-02 5.620754368650003840e+01 3.349100284336592459e-02 9.988643600906332853e-01 -3.388720804780612911e-02 2.388904945783560496e+00 -1.268081862940949670e-02 3.432818689556894898e-02 9.993301618701153632e-01 3.102887165132464542e+00
9.993781867579758504e-01 -3.197205093162113626e-02 1.486700344945445992e-02 5.685712182596900277e+01 3.253273390822985361e-02 9.987040156215137854e-01 -3.913962705391194757e-02 2.409639732461432260e+00 -1.359636189561674001e-02 3.959895378275578998e-02 9.991231464651965100e-01 3.144679043354077663e+00
9.993881096667319719e-01 -3.069623172319227433e-02 1.676745701506630534e-02 5.751235968919368702e+01 3.135139538994417135e-02 9.986948950871059605e-01 -4.031868715692169675e-02 2.429429726495860198e+00 -1.550794196079543531e-02 4.081969971656355251e-02 9.990461730326531953e-01 3.189534228107678171e+00
9.994284871090027833e-01 -2.906294832914261411e-02 1.726395636658517238e-02 5.816804112667060878e+01 2.969559483853397713e-02 9.988517144576287698e-01 -3.759553394009918642e-02 2.456455420616368901e+00 -1.615149535477766740e-02 3.808671106138072915e-02 9.991438993650171296e-01 3.173733095232333046e+00
9.995191997455482591e-01 -2.688207854947912215e-02 1.545066965792364112e-02 5.880096763452676356e+01 2.741662189079411074e-02 9.989937325288893444e-01 -3.549438282454178001e-02 2.463688968839028437e+00 -1.448095936448537749e-02 3.590092228421899734e-02 9.992504318713235634e-01 3.107179943589486903e+00
9.996073476851136119e-01 -2.501504601674863631e-02 1.262528917341463643e-02 5.942549417069847095e+01 2.547591957440548810e-02 9.989617045178437182e-01 -3.776890822677698295e-02 2.472310936152126271e+00 -1.166738941540977799e-02 3.807571902911652956e-02 9.992067411925547038e-01 3.078058406251078516e+00
9.996751811083440797e-01 -2.267580513866428171e-02 1.163357800991204893e-02 6.006512012373290332e+01 2.313617657355828555e-02 9.988873211657021134e-01 -4.109546140347738324e-02 2.484206794087095549e+00 -1.068876089902451657e-02 4.135126933627181200e-02 9.990874951247876723e-01 3.130275214791080174e+00
9.997212096673121495e-01 -2.019640433231026377e-02 1.223144281644188321e-02 6.072463477139287846e+01 2.067430654510774360e-02 9.989739320519487320e-01 -4.029461663234242680e-02 2.510311738914374757e+00 -1.140508615508728681e-02 4.053625948104205151e-02 9.991129744313606009e-01 3.171773013308129219e+00
9.997732025463932359e-01 -1.782112225366543068e-02 1.165980581950087219e-02 6.137363825872304801e+01 1.823884251677755988e-02 9.991577337232800948e-01 -3.675823397018686961e-02 2.525512869261700377e+00 -1.099491217685446588e-02 3.696255865844143285e-02 9.992561639357769865e-01 3.141288277213861502e+00
9.998359478156142455e-01 -1.551642390532465519e-02 9.344412493178355650e-03 6.198266397828687246e+01 1.582750941426355404e-02 9.992899374796974099e-01 -3.419226224694634636e-02 2.545214503002132034e+00 -8.807235740787053291e-03 3.433455170834219528e-02 9.993715881280562652e-01 3.094605058585276236e+00
9.998864739547417280e-01 -1.282020120563045519e-02 7.917173952910703041e-03 6.259923009889737955e+01 1.308477139392109564e-02 9.993251531551572420e-01 -3.432239835719975984e-02 2.537443786324343531e+00 -7.471811020249409865e-03 3.442209628231023000e-02 9.993794531245921986e-01 3.092045289574556044e+00
9.999206967176145211e-01 -9.817002361865331123e-03 7.888392763266862187e-03 6.324948881181267524e+01 1.008784142223291373e-02 9.993342606516703031e-01 -3.506096038643686380e-02 2.537210493106922815e+00 -7.538947618886359531e-03 3.513775679246675804e-02 9.993540425276685735e-01 3.136707665972549908e+00
9.999354462176093250e-01 -6.336696322922327068e-03 9.431313657256171559e-03 6.388534019205793157e+01 6.650757698045044707e-03 9.994115596526917944e-01 -3.364969323212179536e-02 2.552512656556196191e+00 -9.212536004400672870e-03 3.371024639905606524e-02 9.993891876882011749e-01 3.137540277251930743e+00
9.999399436969100829e-01 -2.190670564014790198e-03 1.073824761775318652e-02 6.450889441305899652e+01 2.532137503516212074e-03 9.994881968846216491e-01 -3.188938017571298078e-02 2.560244764806359097e+00 -1.066289262271310351e-02 3.191465573694676067e-02 9.994337183976277350e-01 3.111170103474233617e+00
9.999401928290193586e-01 2.157347449889955148e-03 1.072178236320712325e-02 6.513447709963075738e+01 -1.823877769980375473e-03 9.995172515565264870e-01 -3.101511423108951199e-02 2.565299795931038407e+00 -1.078351681705451079e-02 3.099370408434288376e-02 9.994614079954204922e-01 3.101348143994913542e+00
9.999229277473147270e-01 6.963830217446870252e-03 1.027830890472163604e-02 6.575152794726932370e+01 -6.635551246350520661e-03 9.994774699841727506e-01 -3.163473492371945278e-02 2.557088233541201738e+00 -1.049323710278969590e-02 3.156409451797267951e-02 9.994466468563317774e-01 3.108091275124201580e+00
9.998741087543524531e-01 1.264461907315793734e-02 9.585418675465215074e-03 6.637096088683520634e+01 -1.233946813897348130e-02 9.994353616138740293e-01 -3.125212763624202889e-02 2.544153360032889388e+00 -9.975177629319948586e-03 3.112991429862015103e-02 9.994655693254390627e-01 3.123565978284159161e+00
9.997734504160094016e-01 1.943269590989385454e-02 8.684363703849498281e-03 6.699716440792850847e+01 -1.917006753148220791e-02 9.993849064302197105e-01 -2.936523983043968014e-02 2.536362914431711246e+00 -9.249667783523660494e-03 2.919210730890155897e-02 9.995310222883330153e-01 3.123693668463214834e+00
9.996083521325608290e-01 2.691695759950052391e-02 7.656352944629398090e-03 6.760626732745210177e+01 -2.669880785269686599e-02 9.992708169705759591e-01 -2.729483486307102136e-02 2.521888127091530318e+00 -8.385463974689547073e-03 2.707972940308370213e-02 9.995981053650436765e-01 3.096797758335660511e+00
9.993415210488517664e-01 3.562495907809869883e-02 6.883792446842752592e-03 6.821345624891928594e+01 -3.542805336588639165e-02 9.990108306357605716e-01 -2.687402662705437248e-02 2.500259533070894324e+00 -7.834369309097099360e-03 2.661245128002143190e-02 9.996151259831941305e-01 3.083468950522245233e+00
9.989897221578313280e-01 4.463523743144020423e-02 5.218294976135181423e-03 6.883428887080761172e+01 -4.447229604993699348e-02 9.986178084640753294e-01 -2.801227413927660087e-02 2.464681543587774915e+00 -6.461416800188415736e-03 2.775190440035034400e-02 9.995939585126992766e-01 3.104454431598744790e+00
