1.000000000000000000e+00 0.000000000000000000e+00 0.000000000000000000e+00 0.000000000000000000e+00 0.000000000000000000e+00 1.000000000000000000e+00 0.000000000000000000e+00 0.000000000000000000e+00 0.000000000000000000e+00 0.000000000000000000e+00 1.000000000000000000e+00 0.000000000000000000e+00
9.999999994968467032e-01 1.909572731302301246e-05 -2.533100506395018003e-05 -3.225855759401980664e-03 -1.910220520641971528e-05 9.999999671124382150e-01 -2.557542340273663518e-04 2.185683047857705976e-03 2.532612041776304912e-05 2.557547177767395931e-04 9.999999669740554653e-01 2.900392033777448621e-03
9.999999999075044332e-01 -3.377598204182059474e-06 1.317509067543831204e-05 -3.153881290970748669e-03 3.380117282287856791e-06 9.999999817146643100e-01 -1.912047222843812249e-04 3.995204790863335353e-03 -1.317444462180073624e-05 1.912047668000473348e-04 9.999999816335853886e-01 4.777719544554501901e-03
9.999999988665517758e-01 3.665230135209998586e-05 3.038923104695531055e-05 7.393744975654811119e-04 -3.665574794105821630e-05 9.999999928959013573e-01 1.134220141034335760e-04 2.293024085968071481e-03 -3.038507365322633808e-05 -1.134231279148689654e-04 9.999999931059706526e-01 1.904742427914268323e-03
9.999999996627357834e-01 1.188959408122979461e-05 -2.309038512019682531e-05 2.054970015529303251e-03 -1.188561647708511466e-05 9.999999850934985224e-01 1.722548541445877081e-04 6.901993796854926375e-04 2.309243281629426751e-05 -1.722545796430304812e-04 9.999999848975495986e-01 -2.263015306130719898e-03
9.999999996888867537e-01 1.980952066517668316e-05 -1.515946641178929209e-05 -7.377620792249337846e-04 -1.981008307135263461e-05 9.999999991155720247e-01 -3.710008766722416152e-05 -1.092012571626301476e-03 1.515873146342851282e-05 3.710038796597076499e-05 9.999999991968870905e-01 -2.360850969008755455e-03
9.999999979778017023e-01 6.047596802565367434e-05 -1.967368623608413476e-05 -5.218568599918099390e-03 -6.047723018926422624e-05 9.999999961129582005e-01 -6.416064437914120082e-05 6.818384137040498991e-04 1.966980598253371208e-05 6.416183405944683141e-05 9.999999977481789371e-01 7.585385381193229803e-04
9.999999977074932600e-01 5.664702286597827070e-05 3.709620234930142323e-05 -1.744380970914919879e-03 -5.664242490976447564e-05 9.999999907157343104e-01 -1.239361403530182164e-04 5.275371348940386621e-04 -3.710322261826692680e-05 1.239340388500377935e-04 9.999999916318523807e-01 -4.745324444627788130e-04
9.999999973952869992e-01 2.690119412844017922e-05 6.697575446459035910e-05 -3.503544123494499712e-03 -2.689199800613335597e-05 9.999999902124413476e-01 -1.373023585812151030e-04 1.152403834657186443e-03 -6.697944740646372141e-05 1.373005571117263295e-04 9.999999883311552207e-01 -1.034753355771315421e-03
9.999999924991129774e-01 1.057412929934216145e-04 6.181062155675497800e-05 -1.306160752636998518e-03 -1.057420027681937739e-04 9.999999943434203509e-01 1.147989988627951811e-05 8.107259821008286002e-04 -6.180940730766085612e-05 -1.148643577908584438e-05 9.999999980238294395e-01 -6.724260746266528957e-04
9.999999979640926684e-01 6.380393643942425307e-05 9.340132371819460917e-07 -2.958286998837888343e-03 -6.380386181262585985e-05 9.999999947899034236e-01 -7.968224594409980318e-05 -1.767270514915899671e-04 -9.390972732712147543e-07 7.968218618822260906e-05 9.999999968249336790e-01 -1.051140894272267669e-03
9.999999982139605725e-01 4.567014693836863280e-05 -3.855277657460830216e-05 -3.063916529183911830e-03 -4.567468451315211694e-05 9.999999920296699374e-01 -1.177050686364455656e-04 1.881114354480097322e-03 3.854740065954993230e-05 1.177068293121268252e-04 9.999999923296001292e-01 -6.941536980987031728e-04
9.999999999792672511e-01 2.737776647250575594e-06 -5.828380990535923503e-06 -5.335659211052326198e-03 -2.738685434229348175e-06 9.999999878391467867e-01 -1.559301317412398582e-04 -2.738149247866715486e-04 5.827954017784553571e-06 1.559301477001091211e-04 9.999999878259119290e-01 3.200371656562049118e-05
9.999999965383187250e-01 1.594805061879685731e-05 -8.166408168431069222e-05 -1.266006385831541618e-02 -1.595404946811737032e-05 9.999999971747320915e-01 -7.345749840653590301e-05 -3.358004857807001149e-03 8.166290994968486167e-05 7.345880102504841582e-05 9.999999939674868443e-01 -1.308447118648147856e-04
9.999997713078204731e-01 8.814694418168447603e-05 -6.705329395814253008e-04 -1.801027469940836082e-02 -8.815367989262831597e-05 9.999999960643065622e-01 -1.001576120958226325e-05 6.248369979965052827e-03 6.705320540836690177e-04 1.007486886516932519e-05 9.999997751426054071e-01 -7.369730828888707680e-05
9.999990345375484591e-01 3.421639050264194717e-05 -1.389155574289014771e-03 1.530220556368959081e-02 -3.367061540041255580e-05 9.999999222463177295e-01 3.929041207449204820e-04 6.661587232523739910e-03 1.389168910037879342e-03 -3.928569676876716597e-04 9.999989579360282210e-01 -2.193428551609705266e-03
9.999984211383829980e-01 1.081367902449162534e-04 -1.773704365371072235e-03 5.627526498654902842e-02 -1.074821954996769789e-04 9.999999260892805664e-01 3.691463273516323927e-04 3.066154140723737105e-03 1.773744152574277056e-03 -3.689551028813076064e-04 9.999983588505599874e-01 -4.228513027822298868e-03
9.999985604703087727e-01 2.380967724255638374e-04 -1.679990249112814273e-03 1.043560324896819630e-01 -2.377796203128399951e-04 9.999999538738326699e-01 1.889793236736551061e-04 -1.522524605719232944e-03 1.680035166988324939e-03 -1.885795841887443608e-04 9.999985709587679850e-01 -3.861597799815072712e-03
9.999988254781534414e-01 3.102183687944573380e-04 -1.500935334134689218e-03 1.711311511496586002e-01 -3.102045942760169733e-04 9.999999518422788558e-01 9.410079689858522344e-06 -1.969835757908257497e-03 1.500938181032635769e-03 -8.944471601154559246e-06 9.999988735516521787e-01 -1.600278336305756798e-03
9.999986224089424391e-01 4.933642933749481834e-04 -1.584857057113372904e-03 2.519408878682926067e-01 -4.933659937935355863e-04 9.999998782947581155e-01 -6.819586801055039120e-07 2.509558515681689032e-03 1.584856527773899175e-03 1.463872317648761942e-06 9.999987441130331334e-01 -3.364238919921566521e-04
9.999981641068775851e-01 6.305510769170090315e-04 -1.809471805165473570e-03 3.781200044306242125e-01 -6.307082861832207909e-04 9.999997973786283190e-01 -8.631199219858500535e-05 3.635756694431563872e-03 1.809417014408182560e-03 8.745308260012493230e-05 9.999983591796670623e-01 2.449841410763984586e-04
9.999976817343683155e-01 8.311220925313544342e-04 -1.986394209714094881e-03 5.322193094212619435e-01 -8.314453771534606897e-04 9.999996412386902289e-01 -1.619292302309837739e-04 4.930166852868253166e-04 1.986258914112034625e-03 1.635804331188857568e-04 9.999980140065118928e-01 -1.831671309763686483e-03
9.999974102716375768e-01 1.129399636149735434e-03 -1.975830579767638012e-03 6.911012858899935329e-01 -1.129535740582680772e-03 9.999993597779046617e-01 -6.777013686001526064e-05 9.156503036395726575e-03 1.975752775229332875e-03 7.000173261095345211e-05 9.999980457484547447e-01 2.136371600364381229e-04
9.999967439730149676e-01 1.505039173539055638e-03 -2.060800925469138175e-03 8.243292073575616552e-01 -1.504879434687140648e-03 9.999988645429438439e-01 7.906143218425144750e-05 4.621515793522525117e-03 2.060917576070739072e-03 -7.595991782637204247e-05 9.999978734221566246e-01 7.079938345967734959e-04
9.999959303873147132e-01 1.735595815873546607e-03 -2.264269412578033113e-03 9.804945094698125363e-01 -1.734951758432665397e-03 9.999984539641038062e-01 2.863770210078023085e-04 -3.890070009486604023e-03 2.264762946695665895e-03 -2.824474573653273208e-04 9.999973955327229325e-01 2.596432219469980464e-03
9.999947907288937454e-01 2.060036614881356667e-03 -2.484907286264092033e-03 1.193612628566378842e+00 -2.059085656289053479e-03 9.999978058945042658e-01 3.851914296162604868e-04 -5.691489699481231714e-03 2.485695342564106861e-03 -3.800727860993212870e-04 9.999968384266728627e-01 5.407837856743634777e-03
9.999932853480043571e-01 2.627725164112190443e-03 -2.554274724197410414e-03 1.438595271775811479e+00 -2.627153418436666953e-03 9.999965232237102430e-01 2.271682362213196089e-04 -9.623447897254520933e-03 2.554862779246417585e-03 -2.204562392923673387e-04 9.999967120322075242e-01 -1.761231807860044740e-04
9.999911941667732895e-01 3.304221337389172137e-03 -2.587220567397519044e-03 1.657036935338118244e+00 -3.304780655091097471e-03 9.999945167381993905e-01 -2.119395122997777320e-04 -1.043751159295379025e-02 2.586506085931035426e-03 2.204878424773674148e-04 9.999966306800132099e-01 -1.505962511815537447e-03
9.999887155459034060e-01 3.665291330031131105e-03 -3.022320353691577109e-03 1.905704949562395223e+00 -3.666518121795518670e-03 9.999931981112700763e-01 -4.004697950895539055e-04 -4.896195264426601162e-03 3.020831957736944302e-03 4.115466683532157549e-04 9.999953525910122432e-01 6.128549138474950753e-03
9.999864518984044048e-01 3.884541936364970839e-03 -3.465018554733240077e-03 2.174222725643469634e+00 -3.884057342351330232e-03 9.999924462791530688e-01 1.465714724726068722e-04 -2.825463726361744036e-03 3.465561743981842528e-03 -1.331111559485115574e-04 9.999939860635257416e-01 5.145546800376387536e-03
9.999856106578186576e-01 3.956312962495734178e-03 -3.622991174753665417e-03 2.449241547829920762e+00 -3.954436264381445965e-03 9.999920433654365670e-01 5.250139519039090591e-04 -5.904580087362758939e-03 3.625039467440269690e-03 -5.106795096115253904e-04 9.999932991251980763e-01 -6.143694824259488679e-03
9.999866448717258383e-01 3.897386131932657587e-03 -3.394180243821049835e-03 2.752514225953570648e+00 -3.895309299830996413e-03 9.999922221197170558e-01 6.182762562764520598e-04 -5.776322590362148457e-03 3.396563505600370177e-03 -6.050466172486818886e-04 9.999940486197622658e-01 1.805341573380133541e-03
9.999868905150034459e-01 3.741535529768708328e-03 -3.495670180935969099e-03 3.080302546721284784e+00 -3.738806019508504521e-03 9.999927009261901922e-01 7.870348732072904785e-04 -4.189189680226330405e-03 3.498589384722576145e-03 -7.739549228707286047e-04 9.999935804124416849e-01 5.447752483700679486e-03
9.999878325667581613e-01 3.513838403976644268e-03 -3.462319758190079456e-03 3.426757960998732866e+00 -3.512603623688078606e-03 9.999937650308668990e-01 3.626502092141956155e-04 -1.213539114445159016e-02 3.463572464965604912e-03 -3.504840397629996156e-04 9.999939403949994476e-01 1.926965282192941165e-02
9.999889637958595534e-01 3.245984678640771986e-03 -3.396449609392095982e-03 3.769437115043142050e+00 -3.245748097236110779e-03 9.999947297208512387e-01 7.516522464402309938e-05 -3.815310681286893796e-03 3.396675694322100723e-03 -6.414037524821694549e-05 9.999942292234690333e-01 2.302665428227575889e-02
9.999897146682366067e-01 2.915684751727926852e-03 -3.474095589829554083e-03 4.126588714805373037e+00 -2.915228190359248506e-03 9.999957414004583267e-01 1.364754399455667903e-04 6.725773737420283685e-03 3.474478714406902154e-03 -1.263462548509155440e-04 9.999939559988785254e-01 1.915590238238817217e-02
9.999882812597647996e-01 2.830684188547921611e-03 -3.927412655458203256e-03 4.505767050414014818e+00 -2.829625509808777768e-03 9.999959587638287406e-01 2.750917759106849721e-04 -2.867066904885570700e-03 3.928175481796591234e-03 -2.639754451441918585e-04 9.999922498471418564e-01 5.992800844805828975e-03
9.999878050684986031e-01 2.617384818615526871e-03 -4.187960243102725570e-03 4.897576071838484424e+00 -2.617026493647558755e-03 9.999965714362853975e-01 9.103848509712381132e-05 -1.097419933867928819e-02 4.188184167163000633e-03 -8.007737197849156018e-05 9.999912263120094291e-01 1.135755777069918926e-02
9.999875527576974621e-01 2.864360162997397520e-03 -4.085311558227500139e-03 5.316409523539045168e+00 -2.863699067433298460e-03 9.999958855499261334e-01 1.676629661229444581e-04 -6.558674718967412096e-03 4.085774996538029530e-03 -1.559617762819093928e-04 9.999916410243647746e-01 2.537815694778683059e-02
9.999871521327639012e-01 3.326832377615405144e-03 -3.824624914375859309e-03 5.758246917677714016e+00 -3.324140469494710204e-03 9.999942229944553951e-01 7.099773619167927411e-04 -1.878723757872427470e-03 3.826964795171521917e-03 -6.972546497633916535e-04 9.999924340595832684e-01 3.838459290454192957e-02
9.999842562459029249e-01 4.241836801619206475e-03 -3.673429035226937443e-03 6.206810804710987561e+00 -4.239455506841510214e-03 9.999907984340934419e-01 6.557927643911583195e-04 -1.156429619048244574e-03 3.676176999809796335e-03 -6.402091007987526818e-04 9.999930379032512251e-01 3.228110859749280803e-02
9.999776291048697585e-01 5.736288890211038542e-03 -3.440389450572147595e-03 6.676979731587457501e+00 -5.735472192600271808e-03 9.999835214885607337e-01 2.472045004883363217e-04 2.068979625478696918e-04 3.441750794504992543e-03 -2.274667122769082788e-04 9.999940512874880838e-01 3.382433538549491775e-02
9.999692368732000514e-01 7.122389334793248483e-03 -3.285860221244855592e-03 7.132633167962825205e+00 -7.124010866653446988e-03 9.999745077247301772e-01 -4.820475654575384194e-04 -1.488210528874373342e-02 3.282343126752520004e-03 5.054412400896113062e-04 9.999944853611699713e-01 4.318263165656519020e-02
9.999622539823901368e-01 8.009096008762532637e-03 -3.368232708755262029e-03 7.595705634289719121e+00 -8.012405544345495984e-03 9.999674294753752024e-01 -9.702297684096497900e-04 -2.133944523615969799e-02 3.360352340283127241e-03 9.971807925300022000e-04 9.999938568124386862e-01 5.025113968971410550e-02
9.999524963497999908e-01 8.928633165380579079e-03 -3.909546470032076483e-03 8.087197257095043668e+00 -8.931575914294179186e-03 9.999598418973276726e-01 -7.358969755355098926e-04 -1.521612327485804932e-02 3.902818915921460810e-03 7.707804288305531966e-04 9.999920869197116424e-01 5.461711551344052007e-02
9.999349389756599926e-01 1.058473609945879794e-02 -4.252196779074649165e-03 8.576299660541202741e+00 -1.058582096398543414e-02 9.999439415503610373e-01 -2.327042040204043848e-04 -1.702051933018516872e-02 4.249495294926864015e-03 2.777020578534423654e-04 9.999909322945410572e-01 5.995365238151562082e-02
9.999166808058912448e-01 1.213313643793462876e-02 -4.406636620806847135e-03 9.071647005616780390e+00 -1.213328471982409035e-02 9.999263889677418859e-01 -6.916631676341976960e-06 -1.062155427133916474e-02 4.406228323300584102e-03 6.038303216521774243e-05 9.999902907057910406e-01 5.867800516290123947e-02
9.998920575872911609e-01 1.402283777506818825e-02 -4.385566621000203114e-03 9.594663865442401018e+00 -1.402135983757974748e-02 9.999016283431170216e-01 3.675664405403050250e-04 -5.063868093008789054e-03 4.390289530112580912e-03 -3.060351568471597920e-04 9.999903158032704686e-01 7.008167496998610191e-02
9.998647326462709595e-01 1.598584872828235845e-02 -3.868985737565825821e-03 1.013505524080144404e+01 -1.598298362852805174e-02 9.998719672233311595e-01 7.703215407080956202e-04 -1.023273806602095076e-02 3.880804624200850147e-03 -7.083794056492405183e-04 9.999922187467692458e-01 7.911979504616382941e-02
9.998261890642885508e-01 1.829853019202705433e-02 -3.571477844385340713e-03 1.068166979363647151e+01 -1.829541097995621146e-02 9.998322161983556056e-01 9.040956581736683947e-04 -2.645614050456043809e-02 3.587422229952692571e-03 -8.385968614925107300e-04 9.999932135554960855e-01 8.290554520141879546e-02
9.997518763706355616e-01 2.190321050369390538e-02 -4.054018133200840493e-03 1.122030671667051749e+01 -2.190297175624560111e-02 9.997600958031920282e-01 1.032852239848573250e-04 -5.643317290591068347e-02 4.055307835239611164e-03 -1.446455180941696929e-05 9.999917771007610368e-01 8.133525970805040306e-02
9.996612347128832621e-01 2.564454670828493141e-02 -4.446688255366990430e-03 1.177166763280909656e+01 -2.564763641438322708e-02 9.996708409134977824e-01 -6.391976656646522915e-04 -7.795290376810277977e-02 4.428832653129929214e-03 7.530281713056796982e-04 9.999899091440391796e-01 8.974280942161322328e-02
9.995802344059661060e-01 2.865217755215089881e-02 -4.290420309692599340e-03 1.235598683160963240e+01 -2.865589101909502348e-02 9.995890102328613969e-01 -8.065553857935890561e-04 -9.576559742154783228e-02 4.265547422729189936e-03 9.291626384136131853e-04 9.999904708355854543e-01 9.857812261426844580e-02
9.994979079249015630e-01 3.140955133476136529e-02 -4.167989766541151282e-03 1.292862096986463882e+01 -3.141143870039145303e-02 9.995064636511693523e-01 -3.881215084394273396e-04 -9.869330495022939076e-02 4.153741989646356041e-03 5.188491907614308949e-04 9.999912385731190012e-01 1.109185562423805477e-01
9.994048723970743175e-01 3.420253936495466773e-02 -4.481889107988652927e-03 1.350213954954677220e+01 -3.420320702933676849e-02 9.994148965217010128e-01 -7.238387912662279182e-05 -1.201193328297179286e-01 4.476791026607001255e-03 2.256357825252130751e-04 9.999899536648344522e-01 1.102332100434697260e-01
9.993107111671656329e-01 3.676284457827483365e-02 -5.157112087919118321e-03 1.409931074932837625e+01 -3.676618792267377644e-02 9.993237410558671874e-01 -5.549664321783169497e-04 -1.423671317613719733e-01 5.133222400051436207e-03 7.441912521767452557e-04 9.999865480131079343e-01 9.371207822031120405e-02
9.992410460798720750e-01 3.847391667486988603e-02 -6.090120269594772803e-03 1.469956221027232424e+01 -3.848479420734742668e-02 9.992577752475801933e-01 -1.679053922503893166e-03 -1.868257730950143580e-01 6.021000250878438126e-03 1.912156623220652744e-03 9.999800454074206923e-01 8.197426655817686980e-02
9.991850821945352790e-01 3.987484543886327809e-02 -6.258451975260169442e-03 1.529408574488129524e+01 -3.989193927744279916e-02 9.992005369201210074e-01 -2.630627154629690094e-03 -2.298318739861538174e-01 6.148552722770617499e-03 2.878145195889713660e-03 9.999769555242994379e-01 9.528572612101929296e-02
9.991376604653263716e-01 4.111859030064488746e-02 -5.761681313817081963e-03 1.591229108240729140e+01 -4.113450716489760323e-02 9.991500457787362288e-01 -2.671767327123486524e-03 -2.565231609053578166e-01 5.646924842360187026e-03 2.906467277814924095e-03 9.999798321405225510e-01 1.150542633586041780e-01
9.990947137811422296e-01 4.214116697932487887e-02 -5.820218225981528895e-03 1.652584866098982275e+01 -4.215646796998717694e-02 9.991078133260755667e-01 -2.531710702899210141e-03 -2.745672287218276497e-01 5.708336261366755982e-03 2.774778623311666918e-03 9.999798575475001838e-01 1.198585568938846796e-01
9.990357448455878808e-01 4.351108062170595120e-02 -5.862284874768459650e-03 1.714988510428349500e+01 -4.352753875958342150e-02 9.990485528474372101e-01 -2.709690568005148400e-03 -2.983925717895024032e-01 5.738805655752502247e-03 2.962248567014290779e-03 9.999791453790787266e-01 1.129819498347689744e-01
9.989566525536448527e-01 4.529765455579826822e-02 -5.807651036352999216e-03 1.778386154182604173e+01 -4.531780261735294385e-02 9.989668828458985184e-01 -3.385814980706404118e-03 -3.327444660466744031e-01 5.648281575056422407e-03 3.645472382628363317e-03 9.999774034678765577e-01 1.136983368252958149e-01
9.988823985164967389e-01 4.686180632494817144e-02 -6.158331096463538074e-03 1.842468253055663752e+01 -4.689130645813301135e-02 9.988887682622892283e-01 -4.736456280388995875e-03 -3.867542907036302657e-01 5.929528866619643984e-03 5.019935000538406668e-03 9.999698200145893390e-01 1.190931374648990654e-01
9.987939242963259634e-01 4.857689518007408946e-02 -7.140171105035892155e-03 1.906347381668904006e+01 -4.861153925954195265e-02 9.988064123658011439e-01 -4.761183442714474884e-03 -4.316285100790010487e-01 6.900365176069012119e-03 5.102535803035780290e-03 9.999631738663257163e-01 1.343638299509743173e-01
9.986613225295146723e-01 5.093898122421054719e-02 -8.987940556111653073e-03 1.969977669957279787e+01 -5.096643889934585059e-02 9.986962923753426313e-01 -2.852665711805483801e-03 -4.457557318607379693e-01 8.830911024346074084e-03 3.306930235670281059e-03 9.999555386230412068e-01 1.527002781505418239e-01
9.984910368802325520e-01 5.357974615799074997e-02 -1.203578296096498995e-02 2.034642531091713380e+01 -5.359079542290765691e-02 9.985628022476157328e-01 -5.971711054969591152e-04 -4.531760144464835882e-01 1.198648888449989347e-02 1.241277178738166027e-03 9.999273890214165350e-01 1.601375622209655347e-01
9.982711897542536628e-01 5.682833174023370348e-02 -1.500574617434595470e-02 2.101909145944799917e+01 -5.688698436090898480e-02 9.983744512389391979e-01 -3.510857967602345944e-03 -4.856436078417940005e-01 1.478183740096770601e-02 4.358420008320382580e-03 9.998812436775091905e-01 1.594181624364510719e-01
9.980157473548042502e-01 6.104861055072090953e-02 -1.541542025563991981e-02 2.168396329580125581e+01 -6.116920210795328411e-02 9.980994134926013395e-01 -7.475927982639899404e-03 -5.419225879103093391e-01 1.492972689997875031e-02 8.404042809961327631e-03 9.998532268883970620e-01 2.085172743497079040e-01
9.977463698277578841e-01 6.569173572534202366e-02 -1.366665112318073486e-02 2.235197402327848692e+01 -6.580638156421438068e-02 9.977994133110368313e-01 -8.114859307202796496e-03 -6.061221030056022085e-01 1.310349727957926119e-02 8.995924273941614813e-03 9.998736778741110776e-01 2.615816749732618463e-01
9.974793642744731459e-01 7.000607676909399724e-02 -1.157873317736283179e-02 2.302337056726640796e+01 -7.007447149893343552e-02 9.975259869450244787e-01 -5.610152716288682208e-03 -6.251913371224337990e-01 1.115734245857911110e-02 6.407385172957210002e-03 9.999172261364974723e-01 2.649777441990861515e-01
9.972079225581818029e-01 7.381361269034632244e-02 -1.130972010240949288e-02 2.370631309783048479e+01 -7.385925553423473844e-02 9.972619145892562820e-01 -3.672067768915605879e-03 -6.502084913601134941e-01 1.100770453473004853e-02 4.497142578397722926e-03 9.999293005755485186e-01 2.307378259063750936e-01
9.968697426460099154e-01 7.812351768178718570e-02 -1.214216545355670945e-02 2.438891384271062535e+01 -7.818068621755719372e-02 9.969299046939120723e-01 -4.306440472042438045e-03 -7.141117944747784607e-01 1.176845357002883133e-02 5.242243032411487286e-03 9.999170077504229148e-01 2.315970548951379604e-01
9.964822232440686545e-01 8.289640661208562411e-02 -1.230302927582928654e-02 2.508054919900833823e+01 -8.297615072927337632e-02 9.965327507934822471e-01 -6.118415328204816067e-03 -7.931624083410029336e-01 1.175317696246641966e-02 7.117750120597995944e-03 9.999055957761761038e-01 2.910549273190879971e-01
9.960258207566172750e-01 8.812490407540363169e-02 -1.290603222558531736e-02 2.578610652100496736e+01 -8.820299213613827516e-02 9.960867196018825531e-01 -5.610633742541624829e-03 -8.542751431182430411e-01 1.236109074229575951e-02 6.726686737281841431e-03 9.999009726573923063e-01 3.282702501085067448e-01
9.956307748556504356e-01 9.232389133393932579e-02 -1.398782503808448582e-02 2.649302773954590151e+01 -9.238615608799342904e-02 9.957157285566942129e-01 -3.871184327374805820e-03 -9.102331099292226835e-01 1.357049459754566118e-02 5.146551638773243578e-03 9.998946717942882589e-01 3.135972346234954800e-01
9.952803871431813443e-01 9.596111295713252720e-02 -1.443661207304528307e-02 2.718438553170872041e+01 -9.600947635907311484e-02 9.953767755406842666e-01 -2.693541068341184959e-03 -9.769932635818164846e-01 1.411139317628576362e-02 4.066880162816823539e-03 9.998921587193119187e-01 2.839756654647010436e-01
9.948066676141658071e-01 1.005802898383874600e-01 -1.559805649510627619e-02 2.788923948806154840e+01 -1.006360281941765245e-01 9.949192874441938894e-01 -2.828657073328091041e-03 -1.066840297690851314e+00 1.523430010533667091e-02 4.383693370156631179e-03 9.998743417713732429e-01 2.978505178030437239e-01
9.942793326697789702e-01 1.055885885518263040e-01 -1.611392544888448977e-02 2.861164924350879701e+01 -1.056532729633233442e-01 9.943978335546451719e-01 -3.214736997919503698e-03 -1.140630576381672201e+00 1.568421301425614381e-02 4.898835520961888033e-03 9.998649943230646375e-01 3.319795682580100049e-01
9.937740501678543614e-01 1.102492071454046901e-01 -1.607014426782232830e-02 2.935351502906706855e+01 -1.103253172346220640e-01 9.938877741195424331e-01 -3.926427483259753090e-03 -1.213487243889028733e+00 1.553903439918254310e-02 5.674925507083062107e-03 9.998631574522736098e-01 3.505611490610671677e-01
9.932786627262510937e-01 1.147278049038940595e-01 -1.533065408533999634e-02 3.008802935536640533e+01 -1.148018268162672439e-01 9.933802151237628442e-01 -4.035933636020738041e-03 -1.302883732938637129e+00 1.476613464648459002e-02 5.768793860123876127e-03 9.998743332464341549e-01 3.657851976794490589e-01
9.927813290245443012e-01 1.191145087059775065e-01 -1.403447740363361618e-02 3.083535818622855729e+01 -1.191850159070391990e-01 9.928627663720593910e-01 -4.296409577789296608e-03 -1.399194243847329266e+00 1.342254534349980252e-02 5.938094623270493908e-03 9.998922813527199027e-01 3.751183700963465206e-01
9.922273750949859306e-01 1.236916970687344797e-01 -1.360882758986274761e-02 3.159722153524798927e+01 -1.237623404676700123e-01 9.923018012413459266e-01 -4.474185416926146699e-03 -1.482330034137813390e+00 1.295064454298394847e-02 6.123669605467309957e-03 9.998973854733715916e-01 3.860037756757635496e-01
9.916663920434887203e-01 1.281248752392521728e-01 -1.348270137531381620e-02 3.233967020877346243e+01 -1.282002334708063074e-01 9.917363069518294605e-01 -4.878279571479745592e-03 -1.570947982468466231e+00 1.274625550821003976e-02 6.566111366161167702e-03 9.998972042925445836e-01 3.994993211888018259e-01
9.911643332589034072e-01 1.319557233062635948e-01 -1.345182374825958267e-02 3.305976444006844872e+01 -1.320380182558933413e-01 9.912298280519958871e-01 -5.421228188071870735e-03 -1.670532691878596321e+00 1.261848685420777043e-02 7.149480172122387248e-03 9.998948238303759783e-01 4.223902337990276257e-01
9.906736838245719934e-01 1.355639140444405422e-01 -1.371413090222738280e-02 3.377347422689283007e+01 -1.356522650467321400e-01 9.907399572392029397e-01 -5.727138670711829499e-03 -1.792134741093792449e+00 1.281074412916861742e-02 7.534078484722778885e-03 9.998895551490889488e-01 4.369818803415622122e-01
9.902673038058951160e-01 1.384254508362172675e-01 -1.445896171213768844e-02 3.451607809725924625e+01 -1.385172679963106446e-01 9.903444694170249196e-01 -5.549627190154349417e-03 -1.899263405789273884e+00 1.355114311935803201e-02 7.498430229150604247e-03 9.998800628396673496e-01 4.494480188791153408e-01
9.900571441256841299e-01 1.398779300529399416e-01 -1.486660855067785739e-02 3.526299200665851430e+01 -1.399673361816238526e-01 9.901427345697992877e-01 -5.148784406076662747e-03 -2.004297167386853928e+00 1.399986313913607547e-02 7.178430381692448882e-03 9.998762293250803568e-01 4.623040711771110312e-01
9.899232814281396786e-01 1.407856944798296650e-01 -1.520806090125648852e-02 3.598589607203287244e+01 -1.408762144828955842e-01 9.900143424649119339e-01 -5.049149110225624806e-03 -2.097173946603033468e+00 1.434535044930845132e-02 7.140724305008868192e-03 9.998716022454514629e-01 4.761105339141454840e-01
9.898116735980100334e-01 1.415353646863483084e-01 -1.551100745306056676e-02 3.669761511169198087e+01 -1.416256530275715741e-01 9.899082568549503192e-01 -4.880308894703066711e-03 -2.195746432736057852e+00 1.466373805072950127e-02 7.027343274396529935e-03 9.998677868762866350e-01 4.978549487391144002e-01
9.896088584359841178e-01 1.428593748228298710e-01 -1.629436498481939485e-02 3.741068682120839384e+01 -1.429539500456420698e-01 9.897177539365592525e-01 -4.789124045215623418e-03 -2.297378399592281184e+00 1.544265104754948340e-02 7.068703417359486346e-03 9.998557685789590810e-01 5.179258933200329151e-01
9.893763453661660323e-01 1.444761282585457773e-01 -1.615845268920432926e-02 3.813417356888047038e+01 -1.445693382354962808e-01 9.894832653206735440e-01 -4.751220105213815534e-03 -2.408527064162799380e+00 1.530208064413806496e-02 7.036761595914538953e-03 9.998581550971130660e-01 5.391469527856708188e-01
9.891762691080023817e-01 1.460313166655514971e-01 -1.432351864934946692e-02 3.886252034388689935e+01 -1.461127573872650076e-01 9.892562547962830966e-01 -4.808791440859730426e-03 -2.509533937762038036e+00 1.346739626888138891e-02 6.849591181732487058e-03 9.998858496540392604e-01 5.599396073725900758e-01
9.889969954294801635e-01 1.473992563789124355e-01 -1.258579558091081976e-02 3.959784934899830233e+01 -1.474666694256691057e-01 9.890563166318837585e-01 -4.602601337426658230e-03 -2.596288041811626979e+00 1.176964060459221792e-02 6.407944250263894297e-03 9.999102028735001868e-01 5.738398443663880188e-01
9.887897624690077381e-01 1.489421125885081465e-01 -1.053815610794372332e-02 4.030255595326340057e+01 -1.489957619674294742e-01 9.888275991226354034e-01 -4.499125371647658481e-03 -2.704211348493081424e+00 9.750310365743766750e-03 6.018829706584570213e-03 9.999343504134332594e-01 5.896166768329988983e-01
9.886263094795020301e-01 1.501387645592638931e-01 -8.739083565097241491e-03 4.103098179658877598e+01 -1.501859560555154349e-01 9.886450371249947411e-01 -5.016888658174990800e-03 -2.817720030202591097e+00 7.886622130584216434e-03 6.272315739474282684e-03 9.999492283344358912e-01 5.912233157274693340e-01
9.884563374677630687e-01 1.512652660753941447e-01 -8.537458577108220092e-03 4.176191252292675671e+01 -1.513128613464170269e-01 9.884720774529324183e-01 -5.231642862802175081e-03 -2.926471581635526231e+00 7.647673566229310632e-03 6.463077829033556446e-03 9.999498696004716081e-01 6.028307546254821903e-01
9.882419798895160090e-01 1.525768897449171491e-01 -9.903630638143043688e-03 4.247891839686277393e+01 -1.526261809037884609e-01 9.882740907335337832e-01 -4.423854374977246803e-03 -3.032629454961601301e+00 9.112523622653112207e-03 5.883391927651934403e-03 9.999411720759637801e-01 6.242407105953760027e-01
9.880284252599311756e-01 1.537693393684865517e-01 -1.244271467806540993e-02 4.320174504768495893e+01 -1.538212832650314998e-01 9.880930895642381362e-01 -3.325533054622827837e-03 -3.133131310011635584e+00 1.178319536795852801e-02 5.199675526189505986e-03 9.999170564008511564e-01 6.484911365596026656e-01
9.878369505113986371e-01 1.547745938235642049e-01 -1.493265921031221299e-02 4.391484904576137893e+01 -1.548322532312134403e-01 9.879368664480125961e-01 -2.778717730726177910e-03 -3.248689142277834119e+00 1.432244963984842176e-02 5.056977321718973337e-03 9.998846405544399296e-01 6.494993546479926882e-01
9.876684367542900578e-01 1.557605700023897422e-01 -1.580202113236436195e-02 4.463255731420114358e+01 -1.558181183349982568e-01 9.877826727855553157e-01 -2.470899262412718650e-03 -3.363860306716797144e+00 1.522409399200880774e-02 4.902670410619392252e-03 9.998720872116430014e-01 6.706487636553369880e-01
9.874779733620178135e-01 1.571350244330989021e-01 -1.399414953655125221e-02 4.536098731694401209e+01 -1.571819617359480059e-01 9.875669501507577941e-01 -2.312979630192532436e-03 -3.481316703938311719e+00 1.345670946706199744e-02 4.483644314631485099e-03 9.998994018919997728e-01 6.873798204681359492e-01
9.873236588961623594e-01 1.583688699105360587e-01 -1.054957947760202901e-02 4.610988888320249401e+01 -1.584077811111176959e-01 9.873693527129764336e-01 -2.955707463580366495e-03 -3.601340506023103849e+00 9.948239409400655084e-03 4.589375384271184889e-03 9.999399832821145306e-01 6.989714309140888648e-01
9.872471978882191301e-01 1.590463828095443621e-01 -6.871562926981622001e-03 4.686194611127977794e+01 -1.590789909979846151e-01 9.872556516584285458e-01 -4.489197206041700521e-03 -3.728092600087888897e+00 6.069998758049493896e-03 5.525068659435685044e-03 9.999663137983128003e-01 7.168924706145765047e-01
9.871621641271974834e-01 1.596211337515506534e-01 -5.652908594481163840e-03 4.757711897877710072e+01 -1.596538728847727573e-01 9.871553696832887637e-01 -5.909059006493671412e-03 -3.847203513580776946e+00 4.637088375349563210e-03 6.735708226978135912e-03 9.999665632640324375e-01 7.272158310610035148e-01
9.870745040184888408e-01 1.600471786377710426e-01 -8.296030782462564604e-03 4.830092999993789249e+01 -1.600973440422630845e-01 9.870843110504750051e-01 -5.779559552629448364e-03 -3.959433322555228063e+00 7.263879629193272999e-03 7.033028373222146960e-03 9.999488849759441411e-01 7.439166509652467285e-01
9.869737989914073584e-01 1.603594667430153498e-01 -1.294455601265714385e-02 4.902524515667561644e+01 -1.604299532544880280e-01 9.870365215137176795e-01 -4.597314092288603757e-03 -4.069548541355094251e+00 1.203952670298303641e-02 6.614123070833503523e-03 9.999056471351545072e-01 7.597477359564035471e-01
9.869099309914852736e-01 1.606066363206442305e-01 -1.463886881388016398e-02 4.975384392813253953e+01 -1.606567040905686194e-01 9.870076588229409476e-01 -2.303227216847533992e-03 -4.191662922569415528e+00 1.407876205982398071e-02 4.624910228888909000e-03 9.998901933033634837e-01 7.713002696840020045e-01
9.868843162694975746e-01 1.609771658326524524e-01 -1.207055846980748318e-02 5.048958607729962011e+01 -1.610174366106060517e-01 9.869485558920729762e-01 -2.435801695800026562e-03 -4.315859342446225710e+00 1.152091179706706686e-02 4.347424874394531513e-03 9.999241813699305537e-01 7.688863838703662301e-01
9.868222203703242990e-01 1.615687365240459916e-01 -8.800497793112607714e-03 5.123764872611479859e+01 -1.616139252325023146e-01 9.868429319424115720e-01 -4.686880225483682980e-03 -4.443524013109851012e+00 7.927455728437032834e-03 6.047400543066476855e-03 9.999502909606784451e-01 7.828789294157328937e-01
9.867657637523116199e-01 1.619601742745852280e-01 -7.888563574133049608e-03 5.198805976569333609e+01 -1.620109818294691861e-01 9.867689015576300848e-01 -6.291000349662568582e-03 -4.547882058244256065e+00 6.765297699921976257e-03 7.485777694670326353e-03 9.999490956440419964e-01 8.211256240427897701e-01
9.866789244466857012e-01 1.624316724963125458e-01 -8.980635989852653669e-03 5.271902070895075099e+01 -1.624806622680932400e-01 9.866989579644295238e-01 -5.020033947182551276e-03 -4.660982988546079397e+00 8.045771663016338185e-03 6.412341378911862178e-03 9.999470723175236664e-01 8.282811695610171610e-01
9.866370631198488894e-01 1.626007773426361436e-01 -1.040638677975078835e-02 5.345845305278796644e+01 -1.626304271878253049e-01 9.866848966163955792e-01 -2.063720377919216545e-03 -4.794871888759115741e+00 9.932262126261127283e-03 3.728538140243408891e-03 9.999437225026176490e-01 8.187221178792075671e-01
9.866004345267662679e-01 1.628126632658879192e-01 -1.056500221791257382e-02 5.419857330578319932e+01 -1.628286634762582674e-01 9.866541349354389645e-01 -6.666073327932953586e-04 -4.910741111841653961e+00 1.031547100870087649e-02 2.377960274959001891e-03 9.999439666115294001e-01 8.245733939375090582e-01
9.865826823790382338e-01 1.629646952202532251e-01 -9.854894294293982740e-03 5.494443642555201279e+01 -1.629812268297586020e-01 9.866287662400048397e-01 -8.929326921333301768e-04 -5.027912898313855017e+00 9.577605694979228132e-03 2.487114692950458204e-03 9.999510406663196793e-01 8.462117056799449699e-01
9.865009512246896151e-01 1.634669549993572335e-01 -9.717399653240017462e-03 5.568266979439468400e+01 -1.634950445236048322e-01 9.865417802049299967e-01 -2.164792440851909250e-03 -5.145806836414895891e+00 9.232748724358490547e-03 3.724316491064564964e-03 9.999504416808201457e-01 8.801154039646977845e-01
9.864860529692013325e-01 1.635150082772757751e-01 -1.039756535582308378e-02 5.641572078978980898e+01 -1.635561585602234858e-01 9.865287274732367218e-01 -3.233089398592598352e-03 -5.269706474135827712e+00 9.728838279527918242e-03 4.889983447691467755e-03 9.999407171265765060e-01 8.864007434957237308e-01
9.864160705147567709e-01 1.639236843110370989e-01 -1.060007321304554280e-02 5.716534970723565579e+01 -1.639556667431396608e-01 9.864652188487200712e-01 -2.216155355435261119e-03 -5.398931167620165894e+00 1.009332319105084134e-02 3.923993328529660693e-03 9.999413618324419772e-01 8.825155948348573087e-01
9.863290501905703778e-01 1.644412041204507680e-01 -1.068153254844666535e-02 5.792489718541138188e+01 -1.644711235080653644e-01 9.863799116817444368e-01 -1.979738040420211433e-03 -5.509738964592755472e+00 1.021049862455273953e-02 3.709476800064799747e-03 9.999409910088233877e-01 8.916524084582110321e-01
9.863295980790005579e-01 1.644449087517867170e-01 -1.057335986968148400e-02 5.866572737845697105e+01 -1.644827108083814216e-01 9.863759778976458614e-01 -2.805008304653021887e-03 -5.623020449565217405e+00 9.968038846414128268e-03 4.505797607454438067e-03 9.999401662046969452e-01 9.090363094194704452e-01
9.863772170057939492e-01 1.642060440026691659e-01 -9.816358026192083946e-03 5.939914661272849372e+01 -1.642493684334454251e-01 9.864116137709026955e-01 -3.777987175437442363e-03 -5.753644797283504531e+00 9.062601233597686323e-03 5.338851082110197474e-03 9.999446814339300049e-01 9.376802566210150625e-01
9.863877048662567093e-01 1.641915915180770791e-01 -8.967550581925989514e-03 6.014541353612906960e+01 -1.642399346067740795e-01 9.864080219603914568e-01 -4.945512364810352064e-03 -5.898064832325798257e+00 8.033652285296831799e-03 6.351022512071439509e-03 9.999475610970858241e-01 9.632994962594740862e-01
9.863407451033919804e-01 1.644267861461064240e-01 -9.786038347978366983e-03 6.089477850879400478e+01 -1.644920496533337773e-01 9.863584099471707223e-01 -6.281140607738428319e-03 -6.034661811593815983e+00 8.619753461131749936e-03 7.805070412980980032e-03 9.999323880773728357e-01 9.705299369567661483e-01
9.862562228880391579e-01 1.646958417653154316e-01 -1.318872699818538288e-02 6.161920707647465889e+01 -1.647984683449022492e-01 9.863016546001333040e-01 -7.107106599289541790e-03 -6.151470316026582452e+00 1.183755235649387380e-02 9.182910118997971924e-03 9.998877669598491558e-01 9.892297516696102466e-01
9.862260859561445825e-01 1.646788267836300501e-01 -1.545934632481434957e-02 6.234308057281719329e+01 -1.647920131093182361e-01 9.863079036189764670e-01 -6.349147511127148716e-03 -6.269970691091341308e+00 1.420210530173874643e-02 8.809271701277422012e-03 9.998603387159085143e-01 9.963066155269908464e-01
9.862065092328614613e-01 1.649388184694002557e-01 -1.385306134585900621e-02 6.309494465920185746e+01 -1.650283101277057185e-01 9.862730531442975845e-01 -5.578664519330715256e-03 -6.392909958930490966e+00 1.274276277452004134e-02 7.787862565792916421e-03 9.998884793783398006e-01 9.946682890761952001e-01
9.862469051690109234e-01 1.651064893930891953e-01 -7.542493277270814755e-03 6.385368335657877736e+01 -1.651567760447438804e-01 9.862451503252334106e-01 -6.613832963114700883e-03 -6.515877007875717553e+00 6.346760674096856361e-03 7.768566164189865883e-03 9.999496827384357633e-01 1.006427272065339329e+00
9.862557542236443098e-01 1.651949955690937000e-01 -3.193853421436917452e-03 6.458826261851950790e+01 -1.652181605228705552e-01 9.862121824302498840e-01 -9.406947411494094580e-03 -6.627912861213795637e+00 1.595836517157158893e-03 9.805338601534749343e-03 9.999506531028017342e-01 1.054105095102043865e+00
9.862141652895638488e-01 1.653732726889830529e-01 -5.770689936579033799e-03 6.530386531800269267e+01 -1.654279000352961715e-01 9.861626021186545854e-01 -1.081351341962096674e-02 -6.742933521456987656e+00 3.902572500407758185e-03 1.161907322894207423e-02 9.999248807111359438e-01 1.099694575208080449e+00
9.861274656047349652e-01 1.656161966604617342e-01 -1.113090219638833769e-02 6.602360941158450203e+01 -1.657113840383040992e-01 9.861397873751598375e-01 -8.249663980081891473e-03 -6.873653560011944386e+00 9.610347553132125159e-03 9.979737441327338199e-03 9.999040184240236551e-01 1.082302132144008056e+00
9.861135667008401606e-01 1.656300359948758294e-01 -1.211299900452932586e-02 6.674585643992585915e+01 -1.657049184161874245e-01 9.861602794402022365e-01 -5.457404795961662801e-03 -6.990620810274058350e+00 1.104144833037179300e-02 7.388804420096917007e-03 9.999117420992761351e-01 1.032852825189533030e+00
9.861239805121344570e-01 1.657285549595580165e-01 -9.671666346613953455e-03 6.746629370886627441e+01 -1.657894327789355970e-01 9.861437109298322179e-01 -5.869018008007370960e-03 -7.104017468363943877e+00 8.564989068426372490e-03 7.391039477385874176e-03 9.999360047011516262e-01 1.034194554898215213e+00
