1.000000000000000000e+00 0.000000000000000000e+00 0.000000000000000000e+00 0.000000000000000000e+00 0.000000000000000000e+00 1.000000000000000000e+00 0.000000000000000000e+00 0.000000000000000000e+00 0.000000000000000000e+00 0.000000000000000000e+00 1.000000000000000000e+00 0.000000000000000000e+00
9.999999990594311550e-01 4.446028836262443280e-06 -7.118729517792100013e-05 1.415169211650690222e-03 -4.444453349056389143e-06 9.999999995316261048e-01 3.935250750932596514e-05 2.747107113355503087e-04 7.118735372273208900e-05 -3.935257750603427126e-05 9.999999985438324801e-01 -1.776267886039976842e-03
1.000000001497282298e+00 1.806308510583710104e-05 -8.628452072263237437e-05 9.184737407626168823e-04 -1.806394084326021614e-05 9.999999999648688798e-01 5.278643558004847641e-05 2.221920870636737513e-04 8.628531257324677727e-05 -5.278533646311378948e-05 1.000000001669064220e+00 -1.999107041354413784e-03
1.000000002069525884e+00 1.045239681788699159e-05 -9.367454069788359980e-05 1.135106349737500283e-04 -1.046270131613153227e-05 1.000000004666359299e+00 -2.168857173184304788e-05 2.252996518758928232e-04 9.367283170884339134e-05 2.168835599899745541e-05 1.000000006418258369e+00 -1.197037604949338207e-03
1.000000006427221422e+00 -9.494016838875545301e-06 -5.400324693627945981e-05 -4.670344629829438271e-04 9.476122122627227251e-06 9.999999989806438450e-01 -1.320381014566175606e-04 6.112773297246220858e-04 5.400181350008763283e-05 1.320355405819692357e-04 1.000000004668182951e+00 2.791101278548325113e-05
1.000000007307373151e+00 -3.289157320870053575e-06 -3.999520552030080942e-05 -9.025078645575240798e-04 3.275509684740182069e-06 1.000000011532425903e+00 -7.863061560538414424e-05 1.352923747104036204e-04 3.999087368918253984e-05 7.862847433202953935e-05 1.000000017716313083e+00 -3.656219693786549852e-04
1.000000005558721927e+00 2.945172538927289633e-05 -6.664834095876820711e-05 -3.229051279262021420e-04 -2.945840233016124338e-05 1.000000012783841319e+00 6.325194220634679221e-05 -4.781298049658435907e-04 6.664554143489479898e-05 -6.325199658197229512e-05 1.000000018056246276e+00 -1.434573999953553522e-03
1.000000003323127329e+00 3.362526376850813128e-05 -9.722230204955786283e-05 1.101111202056488744e-05 -3.362264294394037449e-05 1.000000004520563923e+00 1.528962000451052582e-04 -2.550454380318556012e-04 9.722276118745453756e-05 -1.528948709532714618e-04 1.000000007761865151e+00 -1.673114320004010121e-03
1.000000002898795648e+00 2.994207976451382361e-05 -1.032578378407298910e-04 -1.937197642301636831e-04 -2.995188902099557530e-05 1.000000017134027086e+00 2.768292495680886565e-05 4.165620730858119120e-04 1.032537005037221763e-04 -2.768182747235198237e-05 1.000000019669768481e+00 -1.241880334836241093e-03
1.000000005371535661e+00 -2.578296702783780391e-06 -8.235143252929360235e-05 -2.732908578596615970e-04 2.556415420534643623e-06 1.000000012152243878e+00 -1.093723011730107341e-04 7.526810803888590341e-04 8.234667777332707356e-05 1.093700384732395866e-04 1.000000016243891343e+00 -4.348366021855703113e-04
1.000000009802674006e+00 -3.024536770383730263e-06 -2.449485024089568378e-05 -3.736749803054500974e-04 3.010920453993332709e-06 1.000000014457034236e+00 -9.336063418320576064e-05 6.960840409645993598e-04 2.448993049944275823e-05 9.335872221827999542e-05 1.000000022952061363e+00 -5.861394077745234101e-04
1.000000009809399737e+00 1.921818531058424049e-06 -3.528488899989811362e-05 -9.743190456725194437e-04 -1.936253177087270096e-06 1.000000020010361146e+00 -4.381040307017315406e-05 7.102095945379434568e-04 3.527910284371114615e-05 4.380844541989494900e-05 1.000000028446588196e+00 -1.500910726117496690e-03
1.000000009628982500e+00 -6.727195107297028069e-06 -4.034297635639159691e-05 -4.910924337090784644e-04 6.716607184731484952e-06 1.000000019285930186e+00 5.852276500098623001e-05 4.099060866718072928e-04 4.033686367387600300e-05 -5.852507976652321337e-05 1.000000027577989892e+00 -2.077076886225120815e-03
1.000000008091877168e+00 1.887526134553804656e-05 -8.227056105650951644e-05 -3.412574901790323221e-04 -1.888110132915848792e-05 1.000000017488750448e+00 8.815283861197023671e-05 2.133952516468109052e-04 8.226644088546348772e-05 -8.815441500721611613e-05 1.000000023837843699e+00 -1.963335907900512229e-03
9.999999993561400347e-01 9.710005813966673821e-06 -1.571943733541998102e-04 1.199596716713870928e-05 -9.725295134764154383e-06 1.000000021818370888e+00 -1.548229180249215123e-05 2.787968238837006747e-04 1.571883633922805138e-04 1.548071736223539379e-05 1.000000019163056031e+00 -1.428756998632917021e-03
1.000000011808891864e+00 -5.497067729359757679e-08 -2.937148740737059859e-05 -1.311238759465569370e-03 3.937771304161133540e-08 1.000000018448145012e+00 -8.502595606623887948e-05 2.950855401387602142e-04 2.936563215533056177e-05 8.502286440130068688e-05 1.000000028149114595e+00 -2.285335685981424760e-04
1.000000011944631062e+00 1.740832740103224953e-05 -2.716217817669649929e-05 -8.983817270897850437e-04 -1.742247168003905523e-05 1.000000023659874060e+00 -2.914407669791069494e-05 6.580169787338259555e-04 2.715462157268390533e-05 2.914141225909495567e-05 1.000000033422338230e+00 -7.884810840074375641e-04
1.000000010412636753e+00 2.472250692091305043e-05 -7.383977203720925014e-05 -2.915895157594410991e-04 -2.473567823118825529e-05 1.000000024979345037e+00 3.679329413951556500e-05 7.868176432764032672e-04 7.383345902055260220e-05 -3.679472284479303514e-05 1.000000033502591368e+00 -1.971052741889700761e-03
1.000000009294266468e+00 3.045754534137235761e-05 -8.663501276934212913e-05 -4.785230408872867872e-04 -3.046952624916887133e-05 1.000000024563228562e+00 4.491225729122936427e-05 4.577109077008295732e-05 8.662911655616856621e-05 -4.491288520966656064e-05 1.000000032267672978e+00 -1.214855292308247197e-03
1.000000014124547310e+00 -1.246205067102124102e-06 -3.931542431849519497e-05 -8.336659459404992516e-04 1.231350620397923582e-06 1.000000025901282008e+00 4.261542703679959624e-05 -1.622257130749763172e-04 3.930750532859371589e-05 -4.262007107099696952e-05 1.000000036389094404e+00 -2.155757904665013726e-05
1.000000010355257540e+00 6.922448596492357899e-06 -1.099145019087695150e-04 -1.788869345755250500e-04 -6.931824208515908286e-06 1.000000024615322447e+00 6.809425551372823347e-05 -4.676361177933093471e-04 1.099071066809184020e-04 -6.809849191539066164e-05 1.000000031312211268e+00 -7.102158032975348706e-04
1.000000013182258174e+00 3.811409311256654421e-06 -8.494508925195285462e-05 -1.027583773972718208e-04 -3.828088596534522217e-06 1.000000028392606710e+00 2.012483850323905008e-05 3.885521147598090396e-04 8.493726197767684661e-05 -2.012952944925681926e-05 1.000000037879866133e+00 -1.263886419718565548e-03
1.000000017373031014e+00 -3.178627714729742490e-05 -3.067286477219167463e-05 -3.890467490365482153e-04 3.176910819085318146e-05 1.000000028240143779e+00 3.050804346825235027e-05 1.006375610620540133e-03 3.066424254730316804e-05 -3.051545680239944305e-05 1.000000041795461758e+00 -1.115903054383205308e-03
1.000000017171117639e+00 -5.717001773747451050e-05 8.335616161319842966e-06 -3.056384430467031042e-03 5.715056237184366645e-05 1.000000029529065637e+00 -5.395598790809602086e-05 6.119588066264772122e-04 -8.341469672522010083e-06 5.394959413271775667e-05 1.000000044785440245e+00 -2.192321850741511314e-04
9.999999862540063233e-01 -1.161367222389696132e-05 -2.608890759796752309e-04 -6.558602259582380946e-03 1.156978420624700524e-05 1.000000028708088795e+00 -9.039629008656908449e-05 3.789078828137336244e-04 2.608809848051892293e-04 9.038592110915389906e-05 1.000000009704454129e+00 -1.406653054965085982e-03
9.999990417803499287e-01 7.498107068378582964e-05 -1.397973046267049707e-03 -4.126073296074916387e-03 -7.519149669978216714e-05 1.000000021119781479e+00 -1.362465169218916535e-04 3.523040897415752348e-04 1.397953656451804980e-03 1.363443531415761158e-04 9.999990631363925297e-01 -2.401602643451099337e-03
9.999890481140245591e-01 1.444048636495311178e-04 -4.683377701325459365e-03 1.295976233499498108e-02 -1.436361920416467908e-04 1.000000009640694687e+00 1.695535750712544722e-04 -5.617149612045130606e-04 4.683393046394208024e-03 -1.688860855916048847e-04 9.999890731140357314e-01 -5.049141144710076433e-03
9.999727978967586361e-01 1.683264646051130633e-04 -7.377733104856367546e-03 4.459854096354583936e-02 -1.664851247037328163e-04 9.999999884331175481e-01 2.533740330472232191e-04 -3.480968552683789686e-05 7.377766433327247360e-03 -2.521454787513030386e-04 9.999728089285969679e-01 -2.745848068388812360e-03
9.999661206439506289e-01 2.490091700391255350e-04 -8.231219391167214627e-03 9.297520501238623614e-02 -2.480770295373139773e-04 9.999999969240697117e-01 1.172026509070875138e-04 6.347019883675250780e-04 8.231239264647615891e-03 -1.151634356637127557e-04 9.999661739160978779e-01 -1.045599755314485140e-03
9.999697932390777533e-01 3.736655185636284199e-04 -7.767469544429227331e-03 1.639992354224493465e-01 -3.737740695522196181e-04 9.999999648688921994e-01 -9.267238924368458624e-06 1.448061210433034332e-03 7.767456507188332838e-03 1.216346018632953889e-05 9.999698923440478726e-01 -5.733001780461223365e-04
9.999749761034921747e-01 3.333899667025534176e-04 -7.071095119159467347e-03 2.545705450165223760e-01 -3.318504861316399503e-04 9.999999550091144274e-01 2.225501912349175655e-04 2.424225994877069520e-03 7.071159677431405714e-03 -2.202050061891618505e-04 9.999750363017739785e-01 -1.660421995278352604e-03
9.999758241270739756e-01 2.755562650399558458e-04 -6.952889571081696980e-03 3.592616121341242197e-01 -2.736741982698629935e-04 9.999999595674418096e-01 2.754534393638144213e-04 2.351272368161199181e-03 6.952955927016931346e-03 -2.735507001132548134e-04 9.999758536449744328e-01 -4.681247091547447933e-03
9.999715062931621157e-01 4.625755514077005957e-04 -7.539288835611866919e-03 4.763701070094112922e-01 -4.579304251980793297e-04 9.999997397653229703e-01 6.216091396531950048e-04 1.360453204362300919e-03 7.539565881952554199e-03 -6.181454528479608020e-04 9.999714523307895453e-01 -2.063167557174445336e-03
9.999625770699813732e-01 5.462466273938813279e-04 -8.638178853303172741e-03 6.110440483911145915e-01 -5.361328734483848365e-04 9.999992023418922127e-01 1.176574699661341776e-03 2.396505871920465679e-03 8.638806119529739147e-03 -1.171905943564785545e-03 9.999620667399934382e-01 1.502072615097063473e-03
9.999577341843947087e-01 3.881791538534947210e-04 -9.189831733873308345e-03 7.632387635723395514e-01 -3.736735551681005492e-04 9.999987152977398708e-01 1.583459624350166571e-03 4.677729448350187100e-03 9.190426454543956097e-03 -1.579964663842659336e-03 9.999565884159962170e-01 2.025482766013911914e-03
9.999581162645247989e-01 5.951645420246904532e-04 -9.137076411075469723e-03 9.322201626542191422e-01 -5.796075170891320334e-04 9.999984112650349699e-01 1.708593513164257836e-03 3.965567087217342426e-03 9.138070588225452595e-03 -1.703232133117098561e-03 9.999568663552048653e-01 2.070857766469701676e-03
9.999620249629342927e-01 1.082555518192886623e-03 -8.651717823365377355e-03 1.124243129662045204e+00 -1.070712394210803246e-03 9.999985177426642391e-01 1.377063209048561866e-03 2.752069872589010379e-03 8.653187483567345573e-03 -1.367753622453656524e-03 9.999616956493979636e-01 2.689374709108210536e-03
9.999653605962484093e-01 1.301324569741189961e-03 -8.225603192771283045e-03 1.334435537108210612e+00 -1.288497877981983333e-03 9.999979791799316065e-01 1.568359884061351758e-03 3.615631810604352965e-03 8.227619266355385916e-03 -1.557713086641780405e-03 9.999650103755999275e-01 2.057917811544871921e-03
9.999617707446120107e-01 1.259447822273481420e-03 -8.657470910556143082e-03 1.557619400890957184e+00 -1.246525230751545322e-03 9.999981351097745330e-01 1.501486323123485877e-03 5.917284035930672585e-03 8.659337584686467235e-03 -1.490643511742741978e-03 9.999614696324035101e-01 2.449256449094186668e-03
9.999633847911968410e-01 1.403681868174130399e-03 -8.446424228896716804e-03 1.796573273047741948e+00 -1.391238736224974584e-03 9.999979730527810418e-01 1.482784492608477025e-03 4.953681327402227434e-03 8.448479644437498215e-03 -1.470986251804288440e-03 9.999633043201515692e-01 6.113620783762974825e-03
9.999653794984804112e-01 1.766100225942161079e-03 -8.136592433904630758e-03 2.056438957692978686e+00 -1.761309578777331148e-03 9.999983119757865913e-01 6.000442135996993326e-04 2.917810632488176265e-03 8.137629364742110169e-03 -5.856994667930339859e-04 9.999667957096984860e-01 8.170081688633486217e-03
9.999673152427853706e-01 1.998528729231627624e-03 -7.839512700738966722e-03 2.332010343576176314e+00 -2.000962217180403228e-03 9.999979968178884793e-01 -2.982763275823402025e-04 2.031387520172092415e-03 7.838891858598691018e-03 3.139460725724065862e-04 9.999693046155249121e-01 1.371998705813515067e-02
9.999732169830544137e-01 1.886668491342180683e-03 -7.077507541139189257e-03 2.615816576382012038e+00 -1.886929264746854944e-03 9.999982634535086179e-01 -2.562305727408509056e-05 3.912227713898247701e-03 7.077438178340550792e-03 3.896976166158098640e-05 9.999750339354471773e-01 1.807535354684876652e-02
9.999768581055356043e-01 1.669438842595654358e-03 -6.601791345131915317e-03 2.910725903703255124e+00 -1.668533259259261667e-03 9.999986422148609000e-01 1.474214775900991247e-04 5.304126630509939551e-03 6.602020786549953751e-03 -1.364111306740558238e-04 9.999782781073243143e-01 1.732972590491651740e-02
9.999776962918430767e-01 1.631459242360776664e-03 -6.483753363486052107e-03 3.218202212750804314e+00 -1.630365603399138970e-03 9.999987004545334290e-01 1.788844564202167020e-04 4.658624161198226740e-03 6.484029294020150769e-03 -1.683166518681819979e-04 9.999790484659168976e-01 1.914832447736334459e-02
9.999760884945358974e-01 2.156018430740335324e-03 -6.578050857095595234e-03 3.539917227158916990e+00 -2.157015384624597770e-03 9.999977094423943003e-01 -1.395703867563863505e-04 1.612081178693409479e-03 6.577727358061031572e-03 1.537486656221780275e-04 9.999784403437625979e-01 2.340034462675623372e-02
9.999715021926216529e-01 2.652063496235191470e-03 -7.075579000853019287e-03 3.877817419615705141e+00 -2.657715125250567027e-03 9.999962062110089311e-01 -7.846800735293069399e-04 6.334125433004513667e-04 7.073463556957118765e-03 8.034550128964195121e-04 9.999747487266595902e-01 2.728965504939015810e-02
9.999606971697626578e-01 2.634421398715316911e-03 -8.471646431023802798e-03 4.222640470117591249e+00 -2.646231001244347264e-03 9.999955938107017994e-01 -1.379018266941131610e-03 5.535478254926213528e-04 8.467968634722440602e-03 1.401374531054111645e-03 9.999632542287238968e-01 3.049604549816072041e-02
9.999457729825117491e-01 2.536149754703926219e-03 -1.010642581522761332e-02 4.581784360279233859e+00 -2.552454594559000998e-03 9.999955147189995008e-01 -1.596744707243101741e-03 -3.818659018850733004e-04 1.010232333725281061e-02 1.622446869079135091e-03 9.999477531372212846e-01 3.464405588883435333e-02
9.999413934319184571e-01 2.495941750315973200e-03 -1.054044214495777898e-02 4.963545153052310255e+00 -2.504591345662407140e-03 9.999965888307896789e-01 -8.036780301637029686e-04 -9.444379497910302323e-04 1.053839276263443536e-02 8.300229940986478304e-04 9.999442255553719905e-01 3.859826828038537272e-02
9.999445671414917136e-01 2.552948104659666113e-03 -1.022119060489146657e-02 5.365367454099614797e+00 -2.550199213734753376e-03 9.999967577897591609e-01 2.854179257117466732e-04 1.160271140916571887e-04 1.022187883124394195e-02 -2.593438275427419472e-04 9.999478273688410246e-01 3.810401836437830869e-02
9.999479088939511318e-01 2.903261019135793507e-03 -9.792121686110245860e-03 5.777094512082409317e+00 -2.904202037272129652e-03 9.999958303985104768e-01 -7.805110066612456739e-05 -9.909881703686498986e-04 9.791847088709768054e-03 1.064779114954020551e-04 9.999521628725532851e-01 3.817070885380092343e-02
9.999462698896475210e-01 3.234393090235159092e-03 -9.855563328614596816e-03 6.200373711161977219e+00 -3.247423014305724723e-03 9.999939311385392937e-01 -1.302448199267208090e-03 -4.756333014222017402e-03 9.851283543980090748e-03 1.334375926654823245e-03 9.999506964983656543e-01 4.528007315819751466e-02
9.999421454600804227e-01 3.024036581618181046e-03 -1.032950712257782976e-02 6.635103237940949583e+00 -3.057121790109530637e-03 9.999903089720817428e-01 -3.185222243519074403e-03 -6.749600016853640576e-03 1.031976674937625481e-02 3.216609416788781921e-03 9.999416914725196559e-01 5.530670183971225090e-02
9.999451695159922160e-01 1.948559526420051962e-03 -1.029558832283784982e-02 7.080354915945764382e+00 -1.986136687019157167e-03 9.999914671914388320e-01 -3.637394139118571654e-03 -5.964036300643273981e-03 1.028840481070051119e-02 3.657635908787941828e-03 9.999404988180964349e-01 6.483807229281775275e-02
9.999527205072377134e-01 5.566217498687698841e-05 -9.731279277975247652e-03 7.531230278867482753e+00 -8.547811356222903491e-05 9.999953702286606960e-01 -3.060303716168084800e-03 -3.243105628621093580e-03 9.731056534321999921e-03 3.060982813403135931e-03 9.999480871040337115e-01 6.750739641223102439e-02
9.999498817021994501e-01 -3.363630110806779382e-03 -9.437440933969323820e-03 7.986245743237420314e+00 3.337357936201836971e-03 9.999905828360018401e-01 -2.794953900154857097e-03 1.249076972004179841e-03 9.446746822615297717e-03 2.763309182903828185e-03 9.999516814936878495e-01 6.828312125085223006e-02
9.999201632000277451e-01 -9.622089444647643694e-03 -8.199322567276687637e-03 8.446650249574258140e+00 9.586116623632479419e-03 9.999443785148738328e-01 -4.411575418799990392e-03 8.187802302284186498e-03 8.241308552174496371e-03 4.332614951827833821e-03 9.999567754477929338e-01 6.991233431383644947e-02
9.998014902799708947e-01 -1.920628719782621965e-02 -5.314832129175183807e-03 8.916088052027962618e+00 1.916808225555956605e-02 9.997908209790357104e-01 -7.142461478406528924e-03 2.124017788330694392e-02 5.450893980053771702e-03 7.039160056876868701e-03 9.999604912937787304e-01 7.507733876773797776e-02
9.995108634671079351e-01 -3.104180350678396524e-02 -3.820168357260947042e-03 9.386494697885847671e+00 3.100882028241645424e-02 9.994838562053847131e-01 -8.402072396553572978e-03 4.288469645848817097e-02 4.079006284812553354e-03 8.279495024604613049e-03 9.999575281119672532e-01 8.521318882612062551e-02
9.989660320251061432e-01 -4.515135919514826762e-02 -5.327297309139862082e-03 9.860293538134030200e+00 4.511360801375222107e-02 9.989573996729845806e-01 -6.999777384880163759e-03 7.540541200891980045e-02 5.637786642898586463e-03 6.752197824410082448e-03 9.999614366879240324e-01 9.462789563519087566e-02
9.980287177647307884e-01 -6.236880338869850438e-02 -6.997963444164360947e-03 1.034218144919881510e+01 6.232833598650495271e-02 9.980385875777818550e-01 -5.854667920399102450e-03 1.179320002312161525e-01 7.349380133334603750e-03 5.406947056297382176e-03 9.999585018228227540e-01 9.804305266354099158e-02
9.964556563195494654e-01 -8.377664561006044341e-02 -7.600160876723906916e-03 1.083538195481430932e+01 8.371928655861274327e-02 9.964606742841080056e-01 -7.571465873448666138e-03 1.729250476166441508e-01 8.207567102631818656e-03 6.908342734199963454e-03 9.999425821465196540e-01 9.793594353901308169e-02
9.939708147606570732e-01 -1.092303963862397143e-01 -9.534495255465428795e-03 1.132811453532321444e+01 1.091210661832837520e-01 9.939640986012802104e-01 -1.131747827295110503e-02 2.408283853488419057e-01 1.071315205848931938e-02 1.020882173180001108e-02 9.998906282370141341e-01 1.084195007501793789e-01
9.904540248187090334e-01 -1.373331492464888726e-01 -1.185783305368331465e-02 1.181884594737581651e+01 1.371876066237261160e-01 9.904685030040837335e-01 -1.232181977817400388e-02 3.255293808224737906e-01 1.343699795809088181e-02 1.057744280904363010e-02 9.998539070909209237e-01 1.244667504981638584e-01
9.860303906438945276e-01 -1.661928024884612998e-01 -1.114461673522862059e-02 1.231808082989239139e+01 1.660906026066954477e-01 9.860643528966323013e-01 -9.546251062992878664e-03 4.304597898106271581e-01 1.257582118634026358e-02 7.561871943753152407e-03 9.998924675162239595e-01 1.276648229176864102e-01
9.805930918582715927e-01 -1.958493250719656742e-01 -8.967510484477723282e-03 1.283329641421071621e+01 1.957946994803920482e-01 9.806226545652428905e-01 -6.616129178694310324e-03 5.535305325277765087e-01 1.008950188988941114e-02 4.731934281253895314e-03 9.999380462110170065e-01 1.242017007055686018e-01
9.738131874308755265e-01 -2.272146397092332237e-01 -7.847112668358226240e-03 1.334743423415864960e+01 2.271594756375633628e-01 9.738300495531103662e-01 -7.330502686474409460e-03 6.916987548066751978e-01 9.307344720765822407e-03 5.355988649749668026e-03 9.999424886270380508e-01 1.273326079182104942e-01
9.655844942875267956e-01 -2.599729922286849737e-01 -7.798812940703579721e-03 1.385068383239007161e+01 2.598973259496215604e-01 9.655893356647466952e-01 -9.526219870352166039e-03 8.453051985844952654e-01 1.000700276773256077e-02 7.171474388773077698e-03 9.999243614485943121e-01 1.494126392820461224e-01
9.561100756210287877e-01 -2.929188097969709359e-01 -7.231249108994710316e-03 1.434741135974984871e+01 2.928528327090385575e-01 9.561157249635701127e-01 -8.948875566241598981e-03 1.020430561741545894e+00 9.535200108583606268e-03 6.438411084365130120e-03 9.999339650798065859e-01 1.654408271760747229e-01
9.453784008271265416e-01 -3.259173131921277999e-01 -6.146728478418357622e-03 1.484603126871805223e+01 3.258867809850738984e-01 9.453930612442915660e-01 -5.469784903339076389e-03 1.217913078678053651e+00 7.593767012214026196e-03 3.167871931102869774e-03 9.999663082010239457e-01 1.674296732139369803e-01
9.333887336457580286e-01 -3.588316541486192279e-01 -5.051239458412698329e-03 1.534170616916473051e+01 3.588266111322056529e-01 9.334023884095173917e-01 -1.898151801019739952e-03 1.430736005743453942e+00 5.395950836351138570e-03 -4.081256721872786032e-05 9.999856034269454241e-01 1.594184951268037553e-01
9.204570150381126137e-01 -3.908187620085266101e-01 -4.447294536964668116e-03 1.583049242747139829e+01 3.908251516711068185e-01 9.204648029684135979e-01 6.420077526968398550e-04 1.656502447145344670e+00 3.842665118249175091e-03 -2.329062544311670622e-03 9.999900703516997336e-01 1.657558490583829203e-01
9.066446677384293329e-01 -4.218618441269294528e-01 -5.313803979258527321e-03 1.630994989874803380e+01 4.218807552182212151e-01 9.066460473236903628e-01 3.120653664761836865e-03 1.908662017074705064e+00 3.501250122494224855e-03 -5.071122890068190114e-03 9.999811811351674296e-01 1.846542833928541683e-01
8.917974677555707830e-01 -4.523563027067868947e-01 -8.441961732402941676e-03 1.678046838997334689e+01 4.524115265258243368e-01 8.917860869987577210e-01 6.446027824993801579e-03 2.183199049186363982e+00 4.612517813060434957e-03 -9.567799199712033464e-03 9.999437629816254614e-01 1.907300059162730932e-01
8.761260074288815813e-01 -4.819593441479349538e-01 -1.089168590008591717e-02 1.725404013390560820e+01 4.820555047879718225e-01 8.760920537500807015e-01 9.239554629032514094e-03 2.469761667809691641e+00 5.089024648756393376e-03 -1.334541811929178257e-02 9.998981714733780057e-01 1.826753032185795822e-01
8.597304315622499304e-01 -5.106732623028731322e-01 -8.753863475159561619e-03 1.773047218008303361e+01 5.107450785523719450e-01 8.596592102254055900e-01 1.121038737245695638e-02 2.769299785185445728e+00 1.800488922952131216e-03 -1.410891061882682887e-02 9.998990226019360827e-01 1.756350319591223896e-01
8.422784689313008721e-01 -5.390299047712038272e-01 -3.738209373344910259e-03 1.819654722332885299e+01 5.390199102384838348e-01 8.421584291825746638e-01 1.506261463898533708e-02 3.088714723607703938e+00 -4.971040536644642273e-03 -1.470189160179292270e-02 9.998797464947212221e-01 1.875797173829053255e-01
8.238251792344211122e-01 -5.668421725488738128e-01 -1.505429071487228215e-03 1.864221157308043786e+01 5.667585517940109119e-01 8.236517204720624763e-01 1.956410307040928886e-02 3.426577054748563889e+00 -9.849814986491581270e-03 -1.697062183305442576e-02 9.998076582810772051e-01 1.988106353321365816e-01
8.039946872600342020e-01 -5.946234862897169515e-01 -3.961825968534343420e-03 1.908336993500105550e+01 5.945691056977434608e-01 8.037850822327681222e-01 2.042761678103175924e-02 3.784552384670551550e+00 -8.962289872136507130e-03 -1.877928074983811063e-02 9.997836735061538249e-01 1.955656689456469755e-01
7.821651235568548577e-01 -6.230175237261446064e-01 -8.193457372806557670e-03 1.952130221698754653e+01 6.230452297715498577e-01 7.819442310687628739e-01 1.944297384982706170e-02 4.158291373564225069e+00 -5.706492715924865906e-03 -2.031251628655086211e-02 9.997775855606594320e-01 1.882331607314764454e-01
7.586732770179052121e-01 -6.514071835155312851e-01 -9.153587627783534714e-03 1.994668527374678035e+01 6.514632786202536607e-01 7.585184271041897075e-01 1.567062100786470458e-02 4.536325227827000539e+00 -3.264796574435992194e-03 -1.785211303305362165e-02 9.998355035190006346e-01 1.764000091792291836e-01
7.336506548778723991e-01 -6.794642613232878547e-01 -9.235027679233304837e-03 2.034608747304339360e+01 6.795178736314894108e-01 7.335026893832869987e-01 1.514730847845290919e-02 4.933559514250339895e+00 -3.518144042626457444e-03 -1.738820447389900770e-02 9.998428217100913118e-01 1.975795232624903697e-01
7.074764433969067401e-01 -7.066845036268775138e-01 -8.622551808389482958e-03 2.073682157273684723e+01 7.067094108650994189e-01 7.072881450557935157e-01 1.747765223548401400e-02 5.357326548705374059e+00 -6.252564420280362113e-03 -1.845867040083869204e-02 9.998102737276143293e-01 1.844327989496064024e-01
6.797283319046372174e-01 -7.334372404434823522e-01 -6.282886595542863835e-03 2.112165550009376602e+01 7.334231399496302650e-01 6.795748681099919031e-01 1.639134978608281640e-02 5.801785808347599271e+00 -7.752341823269412978e-03 -1.574968368682237024e-02 9.998461185235983928e-01 1.732746316379423224e-01
6.497257355140452217e-01 -7.601487254475125521e-01 -5.536210620869854403e-03 2.148775691055627490e+01 7.601501503168730522e-01 6.496414343347636233e-01 1.174482978179563347e-02 6.253015199709434313e+00 -5.331273291553311963e-03 -1.183927355004574591e-02 9.999159098603037643e-01 1.794384561352448948e-01
6.180856214903288626e-01 -7.860983866331850978e-01 -4.444909224588742061e-03 2.183337547222039987e+01 7.861085158817991969e-01 6.180598809204602695e-01 5.964384494426855886e-03 6.706111927976403209e+00 -1.941380921531094201e-03 -7.180685083066329008e-03 9.999725449167480296e-01 1.880950984437058382e-01
5.858075849969149873e-01 -8.104425806280187716e-01 -3.544561116423301014e-03 2.215836074645939746e+01 8.104500867904271821e-01 5.857987027236526423e-01 3.275770524844609944e-03 7.177454570916323995e+00 -5.784336959296481609e-04 -4.791663059705950078e-03 9.999885656132468936e-01 2.029651203355151146e-01
5.526567441857030971e-01 -8.334064568158437991e-01 -2.114147079432852037e-03 2.247658267133716237e+01 8.334090388480982492e-01 5.526558808098169795e-01 1.022652118785662275e-03 7.680340440128620827e+00 3.161011679327744585e-04 -2.327126791944451531e-03 9.999974559293519638e-01 1.873916284137250310e-01
5.183988849218643669e-01 -8.551272507918057375e-01 4.500686168635866825e-03 2.278538062185183932e+01 8.551352023772537114e-01 5.184051562715061845e-01 2.724537614243386480e-04 8.202131408101175580e+00 -2.566171251178448603e-03 3.707453899676175016e-03 9.999900516317085097e-01 1.750887861467367024e-01
4.828679369616953321e-01 -8.755664479901575925e-01 1.490750935802324061e-02 2.306982401846688902e+01 8.756583334001541985e-01 4.829308087478199618e-01 7.155335323408594040e-04 8.728780154470744179e+00 -7.825802157777752427e-03 1.270837544791833529e-02 9.998888419072397005e-01 1.746784402838824080e-01
4.455487023299096738e-01 -8.948993363086850117e-01 2.533420252006979984e-02 2.332714967097899006e+01 8.951566501845630297e-01 4.457453414959504645e-01 2.420258046608907924e-03 9.270019692437113434e+00 -1.345849932436859672e-02 2.159973623549726537e-02 9.996763325192441485e-01 1.924181475732557878e-01
4.068083395769368504e-01 -9.130123432860944854e-01 3.026097853698855866e-02 2.355555591380402447e+01 9.132647784956027248e-01 4.072474822360625524e-01 9.855505942051309004e-03 9.829033095370039774e+00 -2.132191515946213478e-02 2.362698354391462238e-02 9.994936693066590605e-01 2.062072288456999469e-01
3.676673089386006121e-01 -9.293947290052742005e-01 3.234953653779315541e-02 2.376259006110846528e+01 9.295502633642200863e-01 3.683132297906443475e-01 1.678901889485372514e-02 1.039864602557135065e+01 -2.751839721242412343e-02 2.389774687520658525e-02 9.993358308842612558e-01 1.694015724174379733e-01
3.278095870257021760e-01 -9.441054317295831666e-01 3.472926170956080333e-02 2.395410275029740887e+01 9.442938604569334204e-01 3.285665060974850560e-01 1.879779202163402857e-02 1.097547512726507790e+01 -2.915797873212185726e-02 2.663253280758894059e-02 9.992201951704889895e-01 1.364644572972986136e-01
2.874303871007411471e-01 -9.569955910811983602e-01 3.928771371080840014e-02 2.412452499030059272e+01 9.573846619238283173e-01 2.882736769553311262e-01 1.769471905468278025e-02 1.155478760092010226e+01 -2.825939082562478957e-02 3.252745572178744604e-02 9.990714966514510076e-01 1.365371924617306831e-01
2.465046989779134390e-01 -9.680634803772436570e-01 4.570395064367511334e-02 2.426385625158737014e+01 9.687152377713077467e-01 2.475209665151834049e-01 1.801021655012475381e-02 1.214243996544961846e+01 -2.874772806161352695e-02 3.983451186822745821e-02 9.987929075333534801e-01 1.569051342094866242e-01
2.058871731775839820e-01 -9.773134604869976316e-01 4.969096788406913989e-02 2.436296219165495458e+01 9.781134259317347812e-01 2.070852696921756386e-01 2.024920669792061589e-02 1.273019541627955320e+01 -3.008009868117027946e-02 4.443435312487332284e-02 9.985595993564253536e-01 1.567667251649798033e-01
1.666985220410858726e-01 -9.848520758484439197e-01 4.773172651786018045e-02 2.443715024303642736e+01 9.855805762579664675e-01 1.678561626170025078e-01 2.134128715173443450e-02 1.331316354060588303e+01 -2.903008415585948618e-02 4.348590414564509204e-02 9.986324321918792490e-01 1.280346938020180958e-01
1.292849154500710640e-01 -9.907242620186427207e-01 4.184715319932019034e-02 2.450066772391989645e+01 9.912913395241078618e-01 1.301942934118780759e-01 1.977731258359905972e-02 1.390763450444204707e+01 -2.504213243289464888e-02 3.892581555881196448e-02 9.989285205674880430e-01 1.013470105566740137e-01
9.388913052151284799e-02 -9.949037004419305497e-01 3.676681314770285924e-02 2.454915506707720496e+01 9.953709600631973631e-01 9.456685417708714236e-02 1.714582694550647810e-02 1.451474175503400410e+01 -2.053537694049344109e-02 3.498681491302766539e-02 9.991770327882149028e-01 9.348645903593437445e-02
6.080560837321776629e-02 -9.974903537513374330e-01 3.627690354116302335e-02 2.457295615117932996e+01 9.979836530994397048e-01 6.141830402412622875e-02 1.602009124392518233e-02 1.512769556973810481e+01 -1.820796006267424993e-02 3.522964770096704418e-02 9.992136256694507113e-01 9.749419997105146507e-02
3.043582887146913454e-02 -9.987929947081659598e-01 3.855597714701843037e-02 2.457376652761115565e+01 9.993742501156641644e-01 3.110394321088093272e-02 1.684865220224170124e-02 1.573545813397596760e+01 -1.802756611818918248e-02 3.801905069305201723e-02 9.991146555423254805e-01 9.624559774264417056e-02
3.193130373750386729e-03 -9.991866686101560369e-01 4.020149922531970899e-02 2.456161048909099165e+01 9.998261548043022584e-01 3.928771524322028676e-03 1.823322827302899587e-02 1.634427108522148941e+01 -1.837634812745601171e-02 4.013629225298050857e-02 9.990254909974940478e-01 8.658067526989050855e-02
-2.086960234909110076e-02 -9.989905355315895630e-01 3.978350579654563179e-02 2.453989049643377385e+01 9.996193106451085608e-01 -2.013113581178229902e-02 1.887331909828175031e-02 1.696260781430774500e+01 -1.805338611189414438e-02 4.016224469647619588e-02 9.990303384747276638e-01 6.995355782246483189e-02
-4.270186907315931535e-02 -9.983706801730320990e-01 3.785367454896607781e-02 2.450823492529064396e+01 9.989489858605969941e-01 -4.203330999604502211e-02 1.828540433346395599e-02 1.759561447648497889e+01 -1.666450268860784206e-02 3.859471624681860835e-02 9.991162585678826646e-01 6.345489862518600976e-02
-6.282658420294753854e-02 -9.973167572899114264e-01 3.758288081565366173e-02 2.446258587437821674e+01 9.979156990154194329e-01 -6.221894783197521456e-02 1.712589767875220131e-02 1.822641948711451931e+01 -1.474158383899444244e-02 3.858051202000049168e-02 9.991470306221739150e-01 5.909389287333850077e-02
-8.083698966926161633e-02 -9.959460933364659985e-01 3.946053048212052466e-02 2.440439703847062702e+01 9.966461460576658826e-01 -8.026134898922687722e-02 1.596282578291501747e-02 1.884898837356647405e+01 -1.273096432179212159e-02 4.061857593266812033e-02 9.990938990472990611e-01 5.377894270257877612e-02
-9.684464979685256103e-02 -9.944725380354635380e-01 4.056921377485028790e-02 2.433472267687066193e+01 9.952336918875682725e-01 -9.628857551803782222e-02 1.544815357683726638e-02 1.947895686894883482e+01 -1.145641806463451248e-02 4.187192308076168046e-02 9.990575864414532603e-01 4.964741537323012766e-02
-1.109280286605520555e-01 -9.930531022194737378e-01 3.925428223422295498e-02 2.425792638438105797e+01 9.937668236884072970e-01 -1.103943168621784737e-01 1.551878901669228109e-02 2.011799292938298578e+01 -1.107753986089560563e-02 4.073107661099974186e-02 9.991090278484568987e-01 4.531139226743884085e-02
-1.231060480172788546e-01 -9.916537744507063490e-01 3.831560355943285090e-02 2.417594520472342978e+01 9.923395039053237721e-01 -1.226042539425499234e-01 1.519030908549193030e-02 2.076657516767765088e+01 -1.036588054898583341e-02 3.989211132612535682e-02 9.991505150834169013e-01 3.680857093032144367e-02
-1.347886572148742079e-01 -9.900908230074240146e-01 3.940277079146821404e-02 2.409059944406983433e+01 9.908207735742247113e-01 -1.342606669432593047e-01 1.576420204493673288e-02 2.141913799676422059e+01 -1.031775822726230599e-02 4.116592510995255305e-02 9.990993454554717434e-01 3.697462038446051869e-02
-1.465896736386827770e-01 -9.883605154563154249e-01 4.068614246337378532e-02 2.398957788649032707e+01 9.891139986880322921e-01 -1.459188179403862196e-01 1.901164955527145928e-02 2.206521535762781028e+01 -1.285349846931254335e-02 4.303015031800559720e-02 9.989913887279228133e-01 3.807812221155180282e-02
-1.577353162001785269e-01 -9.866950921562099852e-01 3.940518920595446895e-02 2.387050521199505582e+01 9.873389133464225420e-01 -1.569086698123707546e-01 2.327646912058387724e-02 2.270848717023294938e+01 -1.678377044578493321e-02 4.257780359048625451e-02 9.989524739468100822e-01 2.671634383786599884e-02
-1.675056263536438272e-01 -9.852345365786843168e-01 3.542850629781336969e-02 2.375443272835795838e+01 9.856860341412716497e-01 -1.666694263458388392e-01 2.538896133424265247e-02 2.335846322305224732e+01 -1.910924102378465383e-02 3.917418359127850663e-02 9.990499649095367918e-01 1.021076378379617150e-02
-1.757690988692487133e-01 -9.838345650358747418e-01 3.428089398068438765e-02 2.363845235022266777e+01 9.842448822993919988e-01 -1.749510574853505307e-01 2.558133628950012492e-02 2.402177664043780680e+01 -1.917033287477917791e-02 3.823720788384855213e-02 9.990851004652667733e-01 2.494184936865915993e-03
-1.824161573121395319e-01 -9.825476338711903734e-01 3.639921538484798547e-02 2.351744343256561010e+01 9.830930594217643925e-01 -1.816688023306539390e-01 2.290750010768126399e-02 2.468469890933036481e+01 -1.589511687400957732e-02 3.996251918279426080e-02 9.990750593181808581e-01 5.294574877686752078e-03
-1.875216221738921218e-01 -9.816099502978832270e-01 3.574854256814651021e-02 2.338573982109522476e+01 9.821777255328302259e-01 -1.869087685811890998e-01 1.980666191298805293e-02 2.534122931558110992e+01 -1.276070901192259341e-02 3.882560441225495207e-02 9.991648389371917682e-01 1.240501354540242580e-02
-1.920911666509044768e-01 -9.808436047241189115e-01 3.236075863499390110e-02 2.324958337440998690e+01 9.813143423825491096e-01 -1.916010939171551020e-01 1.764842567287366534e-02 2.600601202409778878e+01 -1.110999726780648005e-02 3.514618847761633025e-02 9.993207497295552022e-01 8.321095471977121155e-03
-1.970761393032360309e-01 -9.799331531674349005e-01 2.987349774456532839e-02 2.311278189442356990e+01 9.803178130693683823e-01 -1.966049735784353714e-01 1.799327464357605363e-02 2.667589244847725993e+01 -1.175893653020849625e-02 3.283157221358475736e-02 9.993920499486582676e-01 -4.587078568349661246e-03
-2.019372799907774574e-01 -9.789065981330841160e-01 3.104229466988487479e-02 2.297269892029310867e+01 9.793005510391299406e-01 -2.013671166538747170e-01 2.054284956274613633e-02 2.734790066390882757e+01 -1.385864181901087962e-02 3.454810869888667174e-02 9.993072738675834454e-01 -1.705516846359384983e-02
-2.066288594687448188e-01 -9.778360917845748679e-01 3.378624244383836295e-02 2.282412551577753135e+01 9.782906889290754471e-01 -2.059180066139508769e-01 2.335382473150273558e-02 2.802182498287270818e+01 -1.587902493998507442e-02 3.787834618253521635e-02 9.991565217201723303e-01 -2.253806250522093907e-02
-2.111317341575513762e-01 -9.768486491812046202e-01 3.450400280034355421e-02 2.267215088300620351e+01 9.773186160904935305e-01 -2.103744863217005268e-01 2.431456549880571527e-02 2.869642596151370029e+01 -1.649289639314683101e-02 3.885498634788433353e-02 9.991090750229972839e-01 -2.690583370358247406e-02
-2.152127497151228863e-01 -9.760529159922448628e-01 3.169541048552512730e-02 2.251914196178076466e+01 9.764490802671580427e-01 -2.145682269937720099e-01 2.253825618567834380e-02 2.936936793231935994e+01 -1.519771040412876834e-02 3.579948033774965621e-02 9.992437652265924175e-01 -3.538669408899807606e-02
-2.181261490752339494e-01 -9.755760054473747722e-01 2.593959617810056434e-02 2.236530110257290360e+01 9.758352122245430582e-01 -2.176780924121273775e-01 1.903131730091966317e-02 3.004391905505127269e+01 -1.292002251347688577e-02 2.946400527239763020e-02 9.994826773871378078e-01 -3.704771153085514857e-02
-2.193111117316192682e-01 -9.754358644426512903e-01 2.068660653814643688e-02 2.221162924039273889e+01 9.755802176540658843e-01 -2.189822236430086777e-01 1.703905984590649639e-02 3.072506582149442522e+01 -1.209051852073514226e-02 2.391830544055367769e-02 9.996411429088060130e-01 -4.475976776502437610e-02
-2.193773965700126505e-01 -9.754121778988885660e-01 2.109665117611028012e-02 2.205280438572932411e+01 9.755519887578796290e-01 -2.190154381428867647e-01 1.818968217949300595e-02 3.141905217505333781e+01 -1.312195258812019066e-02 2.457129132991645037e-02 9.996123016576701215e-01 -5.496241412322604852e-02
-2.196701981586009766e-01 -9.752628322856071730e-01 2.465442161912744651e-02 2.188903283816339851e+01 9.754529712099099248e-01 -2.191740687599871562e-01 2.132006695864072793e-02 3.211801233406681177e+01 -1.538906626309433090e-02 2.873261830716604751e-02 9.994690135478426773e-01 -6.337402631155902855e-02
-2.203383500129323380e-01 -9.750607603295102788e-01 2.660741626938834328e-02 2.172642295429525916e+01 9.752741292349990099e-01 -2.197449668988393223e-01 2.351255649601744283e-02 3.281309129110739065e+01 -1.707933258598619622e-02 3.113024876607186839e-02 9.993697523475015831e-01 -7.192117382903795431e-02
-2.214151312810768157e-01 -9.748552256071264521e-01 2.516065394403619107e-02 2.157229361816559532e+01 9.750382899972447337e-01 -2.208697529742630061e-01 2.274217976449107240e-02 3.349566554554671427e+01 -1.661311252173896733e-02 2.956806997541773507e-02 9.994250524405452474e-01 -7.428936958668272417e-02
-2.228275588029698107e-01 -9.745816879833453239e-01 2.321298821795469286e-02 2.142207063014528501e+01 9.747353195696780714e-01 -2.223585065131628569e-01 2.116801075985853126e-02 3.417155943461080625e+01 -1.546835735649885156e-02 2.734334218695985003e-02 9.995067711929496168e-01 -7.852353337347016404e-02
