1.000000000000000000e+00 0.000000000000000000e+00 0.000000000000000000e+00 0.000000000000000000e+00 0.000000000000000000e+00 1.000000000000000000e+00 0.000000000000000000e+00 0.000000000000000000e+00 0.000000000000000000e+00 0.000000000000000000e+00 1.000000000000000000e+00 0.000000000000000000e+00
9.999999956470166929e-01 -1.195012103485382769e-04 1.730880556835486875e-05 2.059868419476533225e-03 1.195015736691595458e-04 9.999999953208850156e-01 -4.748886607434411460e-05 1.035786099982224831e-04 -1.730588043551399574e-05 4.749002756907049486e-05 9.999999995229332805e-01 -8.619653696379729179e-04
9.999999561100415546e-01 -2.954066872107412854e-04 9.832978584528286265e-05 2.753773536530173746e-03 2.954113244280659359e-04 9.999999611543410882e-01 -3.105689437892688491e-05 3.817088487316272678e-04 -9.832178579039105792e-05 3.108346396705913566e-05 9.999999975599435098e-01 -1.076383196115043460e-03
9.999999324102207821e-01 -3.695307704747325924e-04 9.167543723927577012e-05 4.899123622757740578e-04 3.695490454781880508e-04 9.999999216595049090e-01 -1.789285477355722763e-04 6.999047665092854049e-04 -9.160985802940185222e-05 1.789597056138036795e-04 9.999999831514635451e-01 -2.616922009092368935e-04
9.999998115099284490e-01 -6.236035584542858794e-04 2.122803363286527201e-05 1.449035683243175300e-04 6.236146384476473799e-04 9.999997365675284966e-01 -3.903294681689959984e-04 -1.819917013281793089e-03 -2.098630361043500933e-05 3.903411405483344135e-04 9.999999279303455335e-01 -1.229175648813153100e-04
9.999995078415168104e-01 -9.924044280622029875e-04 1.211362806607605829e-04 1.293697004383340815e-03 9.924553098472988031e-04 9.999994389942030715e-01 -3.925097967156547995e-04 -4.109321165104640010e-03 -1.207473751898396333e-04 3.926271587953923019e-04 9.999999205655759615e-01 -5.572444029574467406e-04
9.999994790691614233e-01 -9.268883192021573885e-04 4.464651914732629739e-04 1.074973727417614759e-03 9.270494178921428671e-04 9.999995172357812878e-01 -3.525850865850696666e-04 -3.783329468149747039e-03 -4.461392774421874615e-04 3.529967380086451961e-04 9.999998434327560526e-01 -1.306698213744308945e-03
9.999993922503127575e-01 -3.250217267263253210e-04 1.062480653905984677e-03 -4.673908757512685447e-03 3.255121655205474871e-04 9.999998521857688116e-01 -4.582162852735238300e-04 -1.225444178841997112e-05 -1.062332268472345950e-03 4.585606636490086323e-04 9.999993361069497988e-01 -1.361193295178583524e-03
9.999988456386040836e-01 2.333012068310742889e-04 1.509751005952386085e-03 -1.804736957740021852e-02 -2.322897766024288200e-04 9.999997629065731086e-01 -6.683053374861593586e-04 -1.354006994791941794e-03 -1.509905194889121739e-03 6.679546631939884500e-04 9.999986433968405253e-01 -7.530343357955046569e-04
9.999992108962246773e-01 5.558936879128687164e-04 1.139066741558722841e-03 -4.272823140992221963e-02 -5.550601636855795372e-04 9.999995928804020773e-01 -7.300055488491861934e-04 -2.472806880877780143e-03 -1.139470854407124327e-03 7.293726839603479348e-04 9.999990927206594549e-01 1.183402404793477882e-03
9.999989611678866686e-01 1.383787976465599605e-03 4.411439830473112118e-04 -6.823218426637835121e-02 -1.383598041254534500e-03 9.999989662886298314e-01 -4.272298379692345818e-04 -4.040809875056804168e-03 -4.417344779670286906e-04 4.266173104031378296e-04 9.999998202081721299e-01 2.827457415538308641e-04
9.999951782590984495e-01 3.103537519776481367e-03 2.285190353244879351e-04 -8.716604355070986521e-02 -3.103524511605673924e-03 9.999952019476034959e-01 -5.101273370326391460e-05 -3.119637816666680219e-03 -2.286769694429814886e-04 5.030095498047507259e-05 9.999999814637023920e-01 -2.845858880493359368e-03
9.999872369011679751e-01 5.041772563219200365e-03 3.918756205427450351e-04 -1.090126180342919637e-01 -5.041753859368936636e-03 9.999873116222972591e-01 -4.507188564361624706e-05 -4.488805637594279682e-03 -3.920988729147625125e-04 4.309337710459409509e-05 9.999999311084003528e-01 -4.764875033051922323e-03
9.999733124284357899e-01 7.278139634593547291e-03 6.757734328539221486e-04 -1.363585181902479682e-01 -7.277953270461099897e-03 9.999735028915915924e-01 -2.758103398760721413e-04 -6.176654508235387107e-03 -6.777635212755583720e-04 2.708833597576598348e-04 9.999997426238410592e-01 -2.435744020050839131e-03
9.999523533547329812e-01 9.733294432324108778e-03 7.812560132667373475e-04 -1.636601001827691637e-01 -9.732891776776794387e-03 9.999525283423245092e-01 -5.157910000578203209e-04 -1.094829034165315657e-02 -7.862391084031069037e-04 5.081611332468651768e-04 9.999995709085636175e-01 -3.307219551617530972e-05
9.999234298965804513e-01 1.236232794118418028e-02 6.057107900356685851e-04 -1.964993023863456367e-01 -1.236199070262918726e-02 9.999234623474501094e-01 -5.551050516847945383e-04 -1.419548702755940930e-02 -6.125270213197853185e-04 5.475732419176312015e-04 9.999996716930891205e-01 -5.444427169002638870e-04
9.998827501791262007e-01 1.531089142989898802e-02 3.545206207335752048e-04 -2.346983304329877396e-01 -1.531074885763132783e-02 9.998827351084067505e-01 -3.975015511695036206e-04 -1.562303544473828479e-02 -3.605651120550788943e-04 3.920252245892040608e-04 9.999998674103210972e-01 -2.827510457377174855e-03
9.998234343793740431e-01 1.879200068471993668e-02 1.736483219395015484e-04 -2.718906139079871886e-01 -1.879195179227459087e-02 9.998234125067613220e-01 -2.712732293481310251e-04 -1.682455856087133189e-02 -1.787160552825215495e-04 2.679598527691568984e-04 9.999999574843007055e-01 -6.106044930926815377e-03
9.997392250462475705e-01 2.283551071482423783e-02 3.169114622559643163e-04 -3.141865125053286412e-01 -2.283537003575958346e-02 9.997391821703331960e-01 -4.364544521906523465e-04 -2.236798289389936925e-02 -3.267964200757675396e-04 4.291011395904597799e-04 9.999998639542925227e-01 -6.520280734295496629e-03
9.996208791442329211e-01 2.753095270521344756e-02 4.774204182257799555e-04 -3.572191561527196524e-01 -2.753059896857462316e-02 9.996207358931146203e-01 -7.293889337664678785e-04 -2.935169337587502716e-02 -4.973217804895053865e-04 7.159661348951389592e-04 9.999996296477348112e-01 -4.281996360206334097e-03
9.994645530552446200e-01 3.272040281692756986e-02 2.791144816065522843e-04 -4.004985024309168362e-01 -3.272008843058178684e-02 9.994640386524838993e-01 -1.060590245599814067e-03 -3.270771888182254228e-02 -3.136702027435931241e-04 1.050885858666438834e-03 9.999994083811044598e-01 -4.171240108447588253e-03
9.992742898619894065e-01 3.809053555384906559e-02 -3.226173446802764857e-04 -4.416623648404774949e-01 -3.809094138272148267e-02 9.992733892403115048e-01 -1.367861356548042123e-03 -3.399632545249878235e-02 2.702784321508376738e-04 1.379152676673722506e-03 9.999990223788339794e-01 -7.222012645996145341e-03
9.990669470271855701e-01 4.317744267264976565e-02 -1.024692427042423783e-03 -4.865001089645702992e-01 -4.317905374032834920e-02 9.990661052236252671e-01 -1.609172116953970890e-03 -3.663901328099939542e-02 9.542557995057183474e-04 1.651907907497323583e-03 9.999981920045056816e-01 -1.042945512727800131e-02
9.988417400562665804e-01 4.809675802787632265e-02 -1.410739429813658019e-03 -5.329518449576131633e-01 -4.809992476274162210e-02 9.988399195369523920e-01 -2.307739414080209415e-03 -4.062255726275921380e-02 1.298112970032606027e-03 2.372913673741443644e-03 9.999963578938351194e-01 -1.208081999643704531e-02
9.986039955383967381e-01 5.280394592847807711e-02 -1.384498415368776332e-03 -5.753175193913507846e-01 -5.280820276734104340e-02 9.985994662976958036e-01 -3.243559149875197781e-03 -4.513831803643996582e-02 1.211289692249381024e-03 3.312133358561757633e-03 9.999938019529216460e-01 -9.719832046476103646e-03
9.983307193958479431e-01 5.773393301983071463e-02 -1.637571382477461153e-03 -6.089922370027808229e-01 -5.774002022799661071e-02 9.983238956707605194e-01 -3.951594832693549643e-03 -5.240506267960085007e-02 1.406689598754075647e-03 4.039541392660020609e-03 9.999908746235142143e-01 -5.126301082527639878e-03
9.980481531076580426e-01 6.242797451795172037e-02 -1.659030956697834808e-03 -6.470522737465221885e-01 -6.243423421158160458e-02 9.980409743134838196e-01 -4.039159800881523925e-03 -5.403963658499334050e-02 1.403632336068692116e-03 4.134843092087723757e-03 9.999904950749141097e-01 -3.524873033879209749e-03
9.977132639813158788e-01 6.757023657367103309e-02 -1.622195916944966674e-03 -6.909036851475883756e-01 -6.757605562127080856e-02 9.977067413115402461e-01 -3.857286338421009667e-03 -5.387206472801218254e-02 1.357842906559612048e-03 3.958076201778125934e-03 9.999912792740907053e-01 -7.970308176499404235e-03
9.972752829341651193e-01 7.375378861198905733e-02 -1.588137060347333783e-03 -7.374777436363436633e-01 -7.375969189388870140e-02 9.972678618143036022e-01 -4.058429370216918436e-03 -5.559511790282390536e-02 1.284478066112725676e-03 4.164502221554055097e-03 9.999905380815860001e-01 -1.173459118235059030e-02
9.967158210187245793e-01 8.096760933413182926e-02 -1.400362277481613255e-03 -7.866080128211027089e-01 -8.097279060493285663e-02 9.967076860012974437e-01 -4.166066325193617213e-03 -6.122717982883878196e-02 1.058438547455378643e-03 4.265767785234559836e-03 9.999903764657602778e-01 -1.238939672465786540e-02
9.959862357307678327e-01 8.949840376475713677e-02 -1.266836654221775195e-03 -8.389205373395427490e-01 -8.950332348436706997e-02 9.959759790021074366e-01 -4.601459590049135871e-03 -6.429343598188112796e-02 8.499211710315510192e-04 4.696367962428523932e-03 9.999886463057789943e-01 -1.109184846616768742e-02
9.950942198887045009e-01 9.892010253216435012e-02 -1.570357397507930308e-03 -8.931312778571617317e-01 -9.892699949391398073e-02 9.950812103487991500e-01 -5.197175918690189085e-03 -6.874924159199495566e-02 1.048533695993188793e-03 5.327020581684758539e-03 9.999852972981689847e-01 -1.131562814227231317e-02
9.940357495653103781e-01 1.090312557437126545e-01 -2.298272686178113970e-03 -9.557663377881429057e-01 -1.090434388261156684e-01 9.940183675802243268e-01 -6.099118552725285407e-03 -8.013933302175516027e-02 1.619538280763083800e-03 6.313341611870090277e-03 9.999787953729141199e-01 -1.352835867932892198e-02
9.928381062110136490e-01 1.194192307808632086e-01 -3.422659883185907425e-03 -1.025466705654080046e+00 -1.194416762775835361e-01 9.928140899565930377e-01 -7.352442371103804636e-03 -8.715907594196908859e-02 2.520050421804660885e-03 7.708579911534363741e-03 9.999671496300058804e-01 -1.708656340408146179e-02
9.915046169837332668e-01 1.299811641178497124e-01 -4.865854557885654526e-03 -1.099923148416627416e+00 -1.300205410535808237e-01 9.914713103382007953e-01 -8.916238666142583744e-03 -9.350686661377027864e-02 3.665423483014565529e-03 9.473134235494945835e-03 9.999484493996001477e-01 -1.990810268872431066e-02
9.900131190423504535e-01 1.408210493410319564e-01 -6.606981507127145450e-03 -1.176385848767210529e+00 -1.408861003550618274e-01 9.899679621429349208e-01 -1.071210126449690866e-02 -9.567417894157657920e-02 5.032224093018835762e-03 1.153592952593001340e-02 9.999208363334159966e-01 -2.032909741739603524e-02
9.883254750898842200e-01 1.521382417198566261e-01 -8.180053473736265124e-03 -1.254684781341452782e+00 -1.522301282155251179e-01 9.882708807568814091e-01 -1.211894638046348213e-02 -9.530186671457480108e-02 6.240366327146847601e-03 1.322268874039263763e-02 9.998931437730231853e-01 -2.075158049037498925e-02
9.864765669115523883e-01 1.636255366922666488e-01 -9.533090228341371125e-03 -1.336031549372758365e+00 -1.637423031488306480e-01 9.864159479071042957e-01 -1.312482426657872285e-02 -9.838810402630404628e-02 7.256048529780689121e-03 1.450827589302565966e-02 9.998684615926574093e-01 -2.387664572899744070e-02
9.844453363154610503e-01 1.753462749422831091e-01 -1.101315598704740405e-02 -1.428717433796621972e+00 -1.754945390648127990e-01 9.843757589797810237e-01 -1.436209446610110796e-02 -9.880663907609851804e-02 8.322756946532556058e-03 1.607141823787298918e-02 9.998362477323232689e-01 -3.020260864381631161e-02
9.821737130044928543e-01 1.875949221852528104e-01 -1.196575710835407445e-02 -1.520029239380587205e+00 -1.877623266105455380e-01 9.821021383752883693e-01 -1.486434113889243888e-02 -9.636701508795463000e-02 8.963128031766237971e-03 1.684605840875220972e-02 9.998179624061661608e-01 -2.994562980152092740e-02
9.796942067486220651e-01 2.001049120085996169e-01 -1.255091798477651725e-02 -1.611927500510915268e+00 -2.002743905056404150e-01 9.796381659329522762e-01 -1.412395419051308380e-02 -8.923764548026605348e-02 9.469091066216227606e-03 1.635075988084057005e-02 9.998215228322369086e-01 -2.868901619871853589e-02
9.769932541359827027e-01 2.129238264101201428e-01 -1.216025626277390283e-02 -1.701248106245170311e+00 -2.130677024602181391e-01 9.769626857605966386e-01 -1.209652848996139313e-02 -8.160106265073234499e-02 9.304479389839163603e-03 1.440916348830870684e-02 9.998529396695018390e-01 -2.805087198726182590e-02
9.739733546711192291e-01 2.264385675038783352e-01 -1.008627032111828088e-02 -1.787828605167294027e+00 -2.265344901389762799e-01 9.739552612132662546e-01 -9.671710071973241632e-03 -7.451188132651079266e-02 7.633528144243435440e-03 1.170485692748136908e-02 9.999024134403849962e-01 -3.130636253974466293e-02
9.707084917027849480e-01 2.401581412686603911e-01 -7.025461909369184327e-03 -1.879708517722254557e+00 -2.402099666653918497e-01 9.706896960549085129e-01 -7.807775003986049643e-03 -6.367918430891338077e-02 4.944440006800346343e-03 9.266645511490458065e-03 9.999448993090592763e-01 -3.039996614241712372e-02
9.673184911404019148e-01 2.535326685912805966e-01 -4.048585291626472481e-03 -1.976774743010775381e+00 -2.535524987300319388e-01 9.673059553794897125e-01 -5.531460154918782859e-03 -4.206557762783422194e-02 2.513811967261525126e-03 6.377199694324950027e-03 9.999765680659111755e-01 -2.447113343355590900e-02
9.635977465212002269e-01 2.673499023118537932e-01 -1.920988886264926457e-03 -2.069603410391395393e+00 -2.673541856273524697e-01 9.635951676113111430e-01 -2.526397737901186439e-03 -2.212203767095377929e-02 1.175614961880963073e-03 2.948004320973732998e-03 9.999950286825848300e-01 -2.041610612823764603e-02
9.593984182909676139e-01 2.820548631164299103e-01 -1.319295561453930608e-04 -2.161794686361829587e+00 -2.820547513740256362e-01 9.593983698194251675e-01 4.337600094456158873e-04 -1.232117065232990125e-02 2.489045705749829188e-04 -3.789492362012123502e-04 9.999999635100261797e-01 -2.766008875993109656e-02
9.548239533073333840e-01 2.971719982136000748e-01 5.610161826558554034e-04 -2.257358451536351840e+00 -2.971723412594772240e-01 9.548236901992817049e-01 7.916066282061239847e-04 -4.417056494212123416e-03 -3.004383209964108610e-04 -9.225771625820414169e-04 9.999995978936820906e-01 -3.837109676296428240e-02
9.497014670152023053e-01 3.131571697315213010e-01 1.128992944412242415e-04 -2.360193172422461849e+00 -3.131568367324121249e-01 9.497009809658185642e-01 -1.076464053323797267e-03 1.035319229946066351e-02 -4.443269039892188636e-04 9.869472962126637269e-04 9.999994870998557550e-01 -3.476588514187114315e-02
9.441075989089318110e-01 3.296377680999755255e-01 -3.033094180575234195e-04 -2.466591975583319662e+00 -3.296373509252533140e-01 9.441041092128982237e-01 -2.640415381163141104e-03 2.802371899280294704e-02 -5.840243711060786377e-04 2.592799467169715037e-03 9.999965433003694670e-01 -1.952345017312125119e-02
9.380529339116372434e-01 3.464923597644887221e-01 2.287829541370796675e-04 -2.567527513547872786e+00 -3.464907978067182093e-01 9.380504304458046061e-01 -2.418072469018521346e-03 4.857324752536687495e-02 -1.052451410271657613e-03 2.188989742553562601e-03 9.999971256778844575e-01 -1.489393947220500787e-02
9.314357154801207184e-01 3.639031721896753835e-01 1.521989925051847256e-03 -2.665325029819515468e+00 -3.639019982044763846e-01 9.314369147722313391e-01 -9.758595874001305256e-04 6.775391373117602145e-02 -1.772754691423147986e-03 3.550771513481248173e-04 9.999984411826920994e-01 -2.673884774226428090e-02
9.242040131927540259e-01 3.818902094813872439e-01 2.673703688776973321e-03 -2.762956130868897020e+00 -3.818912462697319765e-01 9.242074530036590296e-01 -1.162852056003843895e-04 8.589604162893262063e-02 -2.515462680750626435e-03 -9.136130729640005868e-04 9.999964948162635148e-01 -4.216670227606340166e-02
9.163477269453994545e-01 4.003707603555832772e-01 3.231125160205143045e-03 -2.863539678377877706e+00 -4.003670957042583245e-01 9.163534030309672396e-01 -1.728570459532161258e-03 1.020349441914244343e-01 -3.652915958788659646e-03 2.903145730859657395e-04 9.999933629226992471e-01 -5.033658840988629313e-02
9.078723220208350098e-01 4.192355774439265326e-01 3.118525502043301492e-03 -2.973964839015150741e+00 -4.192115694360210032e-01 9.078671086215822639e-01 -6.272543774366366384e-03 1.211517799144856966e-01 -5.460867687880965188e-03 4.387325171396339041e-03 9.999755476217060401e-01 -4.632546152202511591e-02
8.988487849079731529e-01 4.382497875126620812e-01 2.888165275328189330e-03 -3.086461534926972838e+00 -4.381890666335038764e-01 8.988032787283455338e-01 -1.197448334300227867e-02 1.424312729948574996e-01 -7.843688680859941045e-03 9.497662901652888234e-03 9.999242175105318431e-01 -3.196446153069890800e-02
8.892155626792636047e-01 4.574794198156398317e-01 2.936785504035621750e-03 -3.194679659845094832e+00 -4.573861335250751781e-01 8.891337108372998621e-01 -1.547758268930026632e-02 1.697345150267599301e-01 -9.691848895318244325e-03 1.241963808101320677e-02 9.998759881101612068e-01 -2.091735391588264367e-02
8.796271836096043462e-01 4.756540875488385889e-01 3.093350201548746362e-03 -3.294975662956294293e+00 -4.755635146062955343e-01 8.795563440291445101e-01 -1.484512262382464351e-02 2.026274104625742645e-01 -9.781898178630749757e-03 1.158706488095264872e-02 9.998851112541906616e-01 -2.130541706642620145e-02
8.701003097321297064e-01 4.928580719476196026e-01 4.090777953086193602e-03 -3.399663615115212867e+00 -4.928204381978312232e-01 8.700975546544796879e-01 -7.659104926007508432e-03 2.544830725298813934e-01 -7.334206411141542918e-03 4.648149026202684844e-03 9.999623944198313685e-01 -2.290466864651685350e-02
8.597156181198200020e-01 5.107395583500669023e-01 5.875649077756246036e-03 -3.501711697941885415e+00 -5.107666615938113441e-01 8.597062994839591576e-01 4.785558147046616723e-03 3.118591422704932170e-01 -2.607138379028730874e-03 -7.115322550386501445e-03 9.999713830122681779e-01 -3.235662524252654743e-02
8.476256845772456305e-01 5.305462483713585531e-01 7.193177398079676245e-03 -3.596877598386731822e+00 -5.305904127316574126e-01 8.474843482465912459e-01 1.563685126344203230e-02 3.549620212215245374e-01 2.199984242635157072e-03 -1.707084364294808934e-02 9.998519638566208956e-01 -6.046367296706896266e-02
8.346519040430208092e-01 5.507275735135902517e-01 7.464185586854873641e-03 -3.691578489586933465e+00 -5.507667079782048170e-01 8.344707865988629791e-01 1.774733468527141256e-02 3.767385936329151752e-01 3.545322824834945628e-03 -1.892388742020948908e-02 9.998147441083096165e-01 -7.351594816475913452e-02
8.216723097595525216e-01 5.699193029097772145e-01 6.854310904981587675e-03 -3.792733918304913576e+00 -5.699596588850460721e-01 8.215912811238607061e-01 1.158391062346557018e-02 4.036540246303501056e-01 9.704769805742995571e-04 -1.342487595322970455e-02 9.999095157368622644e-01 -4.813441274260717162e-02
8.088111692459226676e-01 5.880345216346677395e-01 6.346095950533625282e-03 -3.887956885808546925e+00 -5.880661844038441721e-01 8.087923905342087050e-01 5.785333524190154966e-03 4.465989868594852363e-01 -1.730671626254080527e-03 -8.411184284644138490e-03 9.999632350812909243e-01 -8.542004040254132236e-03
7.957335030456702540e-01 6.056038286296678841e-01 7.251189778425267719e-03 -3.972723062391661397e+00 -6.056457386883746796e-01 7.957009507036503226e-01 7.326633752532749587e-03 4.992101069839588456e-01 -1.332711240227530238e-03 -1.022171744645091786e-02 9.999469774632725461e-01 2.698343269472545589e-03
7.828247356129397483e-01 6.221679708292414679e-01 9.635134606842463492e-03 -4.056625492115583320e+00 -6.222416083501250972e-01 7.827029600770876172e-01 1.385302567989097657e-02 5.444073978839574224e-01 1.077491958039155468e-03 -1.683988681729978870e-02 9.998577301144137008e-01 -3.127130303145109896e-02
7.697436831392917567e-01 6.382362360478788244e-01 1.222948072980746190e-02 -4.140713819017599384e+00 -6.383484027435822883e-01 7.695210011135472650e-01 1.868688584957520216e-02 5.849834258060099268e-01 2.515839867744862259e-03 -2.219079360181272845e-02 9.997507021595702925e-01 -6.608365154128409413e-02
7.563821403904265050e-01 6.539901445010644077e-01 1.354060355301864825e-02 -4.223280250284615178e+00 -6.541271545511826435e-01 7.561525773192464550e-01 1.874596334509955053e-02 6.260340536996145122e-01 2.020943997444895647e-03 -2.303640209101656330e-02 9.997326996891334749e-01 -6.653057023855146745e-02
7.426722651557469135e-01 6.695190530773951210e-01 1.351091326649608848e-02 -4.301900963588789928e+00 -6.696546748658918080e-01 7.424920840482600592e-01 1.638872574315058603e-02 6.748605023161388106e-01 9.408489890651534427e-04 -2.121911208411893929e-02 9.997745240566614511e-01 -3.982494447356901141e-02
7.292121616501874293e-01 6.841467535735089589e-01 1.390146574924447376e-02 -4.380673422422921348e+00 -6.842876180778962869e-01 7.290414997834687716e-01 1.579319425821118159e-02 7.220264404429921345e-01 6.701444833454795391e-04 -2.102920420202026436e-02 9.997787562507161052e-01 -1.853513134390744055e-02
7.158234354528489884e-01 6.981102231289100235e-01 1.547051218248315409e-02 -4.456936642616966537e+00 -6.982801467266011031e-01 7.156012421196826789e-01 1.789356635859092742e-02 7.685079415989030105e-01 1.420993495381371510e-03 -2.361139839635778559e-02 9.997203225961289741e-01 -2.432801793868142465e-02
7.024542332877919959e-01 7.115052916017206019e-01 1.785178275082988444e-02 -4.524986330959919201e+00 -7.117256633915154396e-01 7.021509770581737531e-01 2.076226943058570237e-02 8.150244075373175301e-01 2.237851139551521717e-03 -2.729012657014781226e-02 9.996251728223218835e-01 -4.655604552593758244e-02
6.889102287459096807e-01 7.245767556854773028e-01 1.978995555842064102e-02 -4.587663639028900953e+00 -7.248434027828780657e-01 6.885649001406125569e-01 2.192967305904909570e-02 8.616389100489686426e-01 2.263097616644002292e-03 -2.945220408873475484e-02 9.995637507927395138e-01 -5.969393409410542889e-02
6.747172449900084024e-01 7.377626182254439779e-01 2.152625966987785355e-02 -4.657331438653838696e+00 -7.380751190702431463e-01 6.743710672266773898e-01 2.166284984221932344e-02 9.136836372358316805e-01 1.465388692727731491e-03 -3.050430487243232375e-02 9.995336868895365878e-01 -5.101461513976699585e-02
6.602762837046869393e-01 7.506303377991920822e-01 2.428480492249055628e-02 -4.726877384252756720e+00 -7.510230527207955031e-01 6.599313722748729738e-01 2.134142773394294076e-02 9.607278757771967603e-01 -6.745585204015014037e-06 -3.232969677423531280e-02 9.994773873883268100e-01 -3.610272837396601153e-02
6.458409981239463526e-01 7.629789750104526425e-01 2.743950788280733258e-02 -4.786575836598286671e+00 -7.634717540411340986e-01 6.454624348468696038e-01 2.212754860067251902e-02 1.006487496374492530e+00 -8.282775535200877139e-04 -3.524017592614153704e-02 9.993786641173448837e-01 -4.246161442884704984e-02
6.318793380512865987e-01 7.744607591701108129e-01 3.065092605759847308e-02 -4.846508014120689545e+00 -7.750653693142735001e-01 6.314657780186930802e-01 2.291619516196164233e-02 1.057856076916637855e+00 -1.607274720955750944e-03 -3.823675073169929134e-02 9.992675517515881012e-01 -5.852584302136740885e-02
6.183577951136235429e-01 7.852164670970017690e-01 3.269843575931207641e-02 -4.910113168832615393e+00 -7.858949900746725614e-01 6.179143378933992237e-01 2.348295077993080293e-02 1.107498248355519355e+00 -1.765590588082443894e-03 -4.021840919260303432e-02 9.991894890399060092e-01 -6.582082131968929051e-02
6.054186660248169760e-01 7.952160825492302632e-01 3.316737667994717337e-02 -4.960654607797290616e+00 -7.959061280656156701e-01 6.049676026747371482e-01 2.341262228212164995e-02 1.153497564171430678e+00 -1.447053627586861613e-03 -4.057256200734375012e-02 9.991756837464661478e-01 -6.147726072774324646e-02
5.942039396023200970e-01 8.036449502430337288e-01 3.281673176866663905e-02 -5.006843151362645905e+00 -8.043140730869319244e-01 5.937590050224522686e-01 2.301392513760694425e-02 1.193879157475121966e+00 -9.901693010564837239e-04 -4.006992691464638517e-02 9.991965260615615074e-01 -5.112119250704220269e-02
5.845173296699437415e-01 8.107123392076243107e-01 3.294645014338960093e-02 -5.051815813270611244e+00 -8.113811659777254714e-01 5.840717021335629644e-01 2.283383256489484800e-02 1.235427797438853226e+00 -7.313819002051887355e-04 -4.007890119452856004e-02 9.991963893105280103e-01 -4.596383132512309871e-02
5.761224445532844296e-01 8.166596907108888415e-01 3.391708809122706558e-02 -5.083401268732566258e+00 -8.173635191232989650e-01 5.756522406750610443e-01 2.327928013576753205e-02 1.263725254759524574e+00 -5.131575383501546907e-04 -4.113430658146852159e-02 9.991536339303284109e-01 -5.121862548017554889e-02
5.693209372092162823e-01 8.213850829304939483e-01 3.465144726553723992e-02 -5.110130010780270737e+00 -8.221156126179572921e-01 5.688279561373789095e-01 2.369054048838285104e-02 1.285570834206543056e+00 -2.516095749575337549e-04 -4.197501466331580305e-02 9.991187695298975324e-01 -6.256649550903452262e-02
5.644212122570304579e-01 8.247761614400614949e-01 3.425625022190886826e-02 -5.135668248858500817e+00 -8.254872194111744221e-01 5.639271203017948153e-01 2.361407890022326414e-02 1.306878653041546823e+00 1.583461996028138964e-04 -4.160638067411471380e-02 9.991342077938218935e-01 -6.513643271523635037e-02
5.614217919478410312e-01 8.268387623958614041e-01 3.381939007148861837e-02 -5.150578987353347848e+00 -8.275300023951619455e-01 5.609334133698535840e-01 2.341753354024973810e-02 1.326818145433061646e+00 3.921471492901704202e-04 -4.113366767684033948e-02 9.991537177421421223e-01 -5.317888589181322956e-02
5.600380263397242153e-01 8.277607933328036127e-01 3.420532784232366286e-02 -5.151017681164607787e+00 -8.284670839676525622e-01 5.595384775984485470e-01 2.365525325793764455e-02 1.337041523938528265e+00 4.417438991749544669e-04 -4.158582165743444220e-02 9.991349803122573370e-01 -4.443590371035580772e-02
5.603878553407124485e-01 8.274899175878001056e-01 3.502029666294795285e-02 -5.144278563541806903e+00 -8.282304192587319758e-01 5.598574808697958094e-01 2.438378947378367842e-02 1.331739591817973523e+00 5.710173018381706125e-04 -4.266924483552730213e-02 9.990892330292302503e-01 -5.167711359133743410e-02
5.613869160545614800e-01 8.267400716526391857e-01 3.668957025433382257e-02 -5.139163982947533071e+00 -8.275537259879039986e-01 5.608208228125369788e-01 2.520790637520134783e-02 1.329997866572748988e+00 2.641664873090692682e-04 -4.451396715926559527e-02 9.990088710698996621e-01 -5.104612970366294300e-02
5.610783223811224296e-01 8.268293258494885389e-01 3.930552959084147174e-02 -5.140670111938733022e+00 -8.277629561125187108e-01 5.604648874046493923e-01 2.623363355463062194e-02 1.331547076038979149e+00 -3.385748829356468649e-04 -4.725477092648260047e-02 9.988829567232773154e-01 -5.370926279858071611e-02
5.600305604344508748e-01 8.274597110063162120e-01 4.094809407306072152e-02 -5.139839778314006402e+00 -8.284719060855032513e-01 5.593916312468670826e-01 2.675654542061219054e-02 1.331246173624184514e+00 -7.659985565495687401e-04 -4.890881545590065188e-02 9.988030997995461790e-01 -7.111773487274440642e-02
5.597269430644559174e-01 8.277117061172041268e-01 3.999550162132380071e-02 -5.141479308077152588e+00 -8.286772831264216377e-01 5.591023626175460892e-01 2.644087624517533694e-02 1.331639265877798906e+00 -4.761010106876528442e-04 -4.794302041137614434e-02 9.988501098191289174e-01 -7.555469290713680286e-02
5.592603239267506243e-01 8.281093262376564290e-01 3.825437624817096260e-02 -5.143347729078736386e+00 -8.289923243917654005e-01 5.586849245753005011e-01 2.536720265777120051e-02 1.334799980726055768e+00 -3.652700624922273261e-04 -4.589944104336662195e-02 9.989461526774607858e-01 -5.558548684488360397e-02
5.589573428919870635e-01 8.283312831413583988e-01 3.787534851178212675e-02 -5.142247342774459717e+00 -8.291964643611366981e-01 5.584099598395310116e-01 2.474178308948908611e-02 1.330160412293794892e+00 -6.555226949015761310e-04 -4.523569348000387041e-02 9.989762841626272927e-01 -3.929084205921930945e-02
5.589368663718029540e-01 8.283118606204916690e-01 3.859554870958194217e-02 -5.139562844502536976e+00 -8.292103132397443677e-01 5.583645528176277573e-01 2.529631683697430508e-02 1.328095131600447010e+00 -5.970862952381414792e-04 -4.614285752786791844e-02 9.989348330738410109e-01 -4.679622680959099473e-02
5.590813097477217442e-01 8.281642278270393565e-01 3.965704139228756059e-02 -5.136692843259798025e+00 -8.291131480682745192e-01 5.584420539169391295e-01 2.672985857611284363e-02 1.326655848215404054e+00 -9.383519645646858768e-06 -4.782432392770176455e-02 9.988559247725766754e-01 -6.277936796570787736e-02
5.589156020299952399e-01 8.282575102335921757e-01 4.004282449895309182e-02 -5.134501402826467498e+00 -8.292248212051903655e-01 5.582478250626425886e-01 2.731660268036446154e-02 1.323039858493414878e+00 2.714260773789891885e-04 -4.847216334728603193e-02 9.988246645436548166e-01 -7.109091953017658561e-02
5.586882269129094247e-01 8.284284300241997467e-01 3.967853965973192065e-02 -5.129871738461162067e+00 -8.293780751759504133e-01 5.580512950334516331e-01 2.667208883405901634e-02 1.316423627396061891e+00 -4.667813271645489400e-05 -4.780987680007932339e-02 9.988566245941434829e-01 -6.455267190029471969e-02
5.587747899261203965e-01 8.284265133895978295e-01 3.848167087863498675e-02 -5.121204401370600401e+00 -8.293197258593035803e-01 5.581598014605705371e-01 2.621201970071424317e-02 1.306521824051001479e+00 2.358744942944921493e-04 -4.656020882428771324e-02 9.989156338745982522e-01 -5.380745629768107774e-02
5.586613504477042635e-01 8.285069479969722206e-01 3.839696291985930654e-02 -5.110863108854917236e+00 -8.293955259112639755e-01 5.580036382615780610e-01 2.712301723140041199e-02 1.292424000642029336e+00 1.046026981246414665e-03 -4.699883494793452576e-02 9.988945806564295538e-01 -4.672009281058680380e-02
5.577972742515425741e-01 8.290496084618569350e-01 3.923701538348376566e-02 -5.096167447442052634e+00 -8.299750989592244999e-01 5.570571056405375643e-01 2.879888753122935782e-02 1.269451258150068984e+00 2.018510237224750530e-03 -4.862967062816766356e-02 9.988150239906515848e-01 -5.638916002321906623e-02
5.561308027547915422e-01 8.301275503107569120e-01 4.009214096356262386e-02 -5.076515899917929175e+00 -8.310921039988908854e-01 5.553518274385851328e-01 2.951145677076005142e-02 1.237486192156920684e+00 2.233089614453858188e-03 -4.973247575038385743e-02 9.987602651351861205e-01 -6.726437599275393586e-02
5.538650725495994909e-01 8.316528840009778101e-01 3.984425357452082983e-02 -5.050736457821246361e+00 -8.326035859976130826e-01 5.530962625811852718e-01 2.926531882354808239e-02 1.197472537910229784e+00 2.300940782509018970e-03 -4.938349031977532638e-02 9.987774282089475486e-01 -6.862279634663503991e-02
5.505815138504209783e-01 8.338680937514563185e-01 3.904627819622617096e-02 -5.031339391242583226e+00 -8.347774476510865238e-01 5.498262213690162659e-01 2.895537229498014800e-02 1.159618526003303174e+00 2.676359292483020558e-03 -4.853723020313852055e-02 9.988179772550278557e-01 -5.681716238910281686e-02
5.464675117087264278e-01 8.366187082726055380e-01 3.798713743245309138e-02 -5.006223956794229046e+00 -8.374709782199133423e-01 5.456809769426286261e-01 2.958577939259142420e-02 1.117346982209036499e+00 4.023227296912116301e-03 -4.798077988494760943e-02 9.988403465874823306e-01 -4.902191830443445447e-02
5.412306793103085489e-01 8.400584254758666214e-01 3.703821403193267858e-02 -4.977063138981892010e+00 -8.408535541030911498e-01 5.403811165037266662e-01 3.089084216771459043e-02 1.063613946226249274e+00 5.935429984165302951e-03 -4.786277425062031299e-02 9.988364760415224808e-01 -5.173513381391808136e-02
5.343550393369528306e-01 8.444937547716291348e-01 3.599496373035439289e-02 -4.941219297891019657e+00 -8.452230203796389230e-01 5.334458413851705938e-01 3.216032770834457294e-02 9.932254310046597645e-01 7.957900342337627386e-03 -4.760879512943944764e-02 9.988345485663537859e-01 -5.536288152811588009e-02
5.261745279373248874e-01 8.496946498305723017e-01 3.405919342608163675e-02 -4.905372608648368882e+00 -8.503132350809202711e-01 5.252227305774510580e-01 3.330472526156377788e-02 9.057546591956845417e-01 1.041025303674635374e-02 -4.648507152195006237e-02 9.988649290668580871e-01 -5.719377562700800333e-02
5.168971111983432509e-01 8.554830676010662938e-01 3.109293480954891317e-02 -4.872206359944573961e+00 -8.559513405066342395e-01 5.159523872677235223e-01 3.378117641681046418e-02 8.120694547674007779e-01 1.285682136075506216e-02 -4.407542291841153037e-02 9.989456654893306142e-01 -5.498905391125920306e-02
5.060844946630439489e-01 8.620527603413032924e-01 2.728024237592278564e-02 -4.828904130558528962e+00 -8.623587962519623229e-01 5.052182917957273034e-01 3.305344444737712273e-02 7.134543306961621534e-01 1.471141218651032812e-02 -4.025318358974846328e-02 9.990813993243250479e-01 -4.158075139678599208e-02
4.944104699206616771e-01 8.688793579180459359e-01 2.465043228428916849e-02 -4.779810350995811419e+00 -8.690802751573555307e-01 4.936027630617045303e-01 3.250445808949509185e-02 6.011779618209464049e-01 1.607500830792855939e-02 -3.749373966526243357e-02 9.991677541812450380e-01 -2.760159991288783574e-02
4.830139339509469387e-01 8.752878885605133163e-01 2.386112815600676187e-02 -4.721666838555455215e+00 -8.754357423816252481e-01 4.821885510555499188e-01 3.327491398207129553e-02 4.696048679518526892e-01 1.761964036903953743e-02 -3.696112081485294215e-02 9.991615547273784426e-01 -2.522789493373826797e-02
4.725903933915717725e-01 8.809256943728981382e-01 2.507882660263989136e-02 -4.650515190254592035e+00 -8.810692247904882146e-01 4.716586205850600844e-01 3.543906406277054499e-02 3.297905176889112666e-01 1.939061273315197467e-02 -3.884433046923155969e-02 9.990573138546920973e-01 -2.790961316101900347e-02
4.621462611505290918e-01 8.863697650921333882e-01 2.775216322956336815e-02 -4.578570510449669229e+00 -8.865408057289841937e-01 4.610203704263899915e-01 3.881213058936771459e-02 1.875893810208356105e-01 2.160766142948942689e-02 -4.254028995985937450e-02 9.988612680322370707e-01 -3.809176709972978553e-02
4.534260507017656705e-01 8.907960473959363190e-01 2.979817787805258064e-02 -4.504060119862618450e+00 -8.909697173545860771e-01 4.521055339125493178e-01 4.212262500411761285e-02 2.475344114479870530e-02 2.405082204703313381e-02 -4.564875045190246172e-02 9.986681886737103220e-01 -5.049734626987208153e-02
4.469520283795088700e-01 8.940742318938161848e-01 2.942570065148003566e-02 -4.423810416645527432e+00 -8.941859911831243624e-01 4.455754267296484494e-01 4.352844206560374518e-02 -1.458514652236016784e-01 2.580636471917494706e-02 -4.576715542853210944e-02 9.986189468156657645e-01 -5.148235498272628330e-02
4.420374267910339716e-01 8.965489395139696338e-01 2.834857032515075009e-02 -4.338206842676036956e+00 -8.966322862810754968e-01 4.407359840398513695e-01 4.246314017357818299e-02 -3.209342262314355265e-01 2.557612317598214821e-02 -4.418852265191204609e-02 9.986959691062796685e-01 -3.185602725159721038e-02
4.397543365813862404e-01 8.976732917354744989e-01 2.827579548003017473e-02 -4.240838978586761954e+00 -8.977932981512846133e-01 4.385301756757190583e-01 4.073411608461827149e-02 -5.094674685485127696e-01 2.416621481275516362e-02 -4.329880730544026501e-02 9.987700486891057938e-01 -1.217957952381331678e-02
4.406658794671252655e-01 8.972073752126612511e-01 2.886618353509768156e-02 -4.146265347846445515e+00 -8.973859466949658525e-01 4.394868004168058229e-01 3.937786933756162733e-02 -7.090264298418440525e-01 2.264388787269636452e-02 -4.325657293321828745e-02 9.988075525470605509e-01 -1.524026595462757601e-02
4.441569098834732832e-01 8.954941663716867728e-01 2.855865684833255869e-02 -4.047346488748269522e+00 -8.957094734926971391e-01 4.430748031715773250e-01 3.728364200092765951e-02 -9.091805395664320777e-01 2.073374635410260222e-02 -4.214003022694993300e-02 9.988967588028621059e-01 -2.559805568332426673e-02
4.496834708739868569e-01 8.927999755283282379e-01 2.633912333274492090e-02 -3.941355791487142213e+00 -8.930164570045139305e-01 4.488229385443343600e-01 3.286943727636364165e-02 -1.119777476605313460e+00 1.752431241230260547e-02 -3.830210046869984841e-02 9.991127334500733426e-01 -2.015147137488029760e-02
4.580943886107979868e-01 8.886099786388170774e-01 2.286066466783086282e-02 -3.830675559486216297e+00 -8.887899601613947764e-01 4.574723934368022382e-01 2.778923738228105539e-02 -1.341024217269004337e+00 1.423575458657237031e-02 -3.304841377464916991e-02 9.993525666043567846e-01 6.203048564085576928e-03
4.685703969239846667e-01 8.831923494439793965e-01 2.034288088034756983e-02 -3.709663334296083192e+00 -8.833336963702332900e-01 4.680631348399363345e-01 2.528460890449273774e-02 -1.550698575685184100e+00 1.280950539722246900e-02 -2.981716455014040909e-02 9.994734915696013022e-01 3.819839562884691508e-02
4.798038989932773557e-01 8.771290171411897374e-01 2.082512626170504935e-02 -3.576379498965312820e+00 -8.772679923028238180e-01 4.792369924635498379e-01 2.708518807401505066e-02 -1.754474802846816450e+00 1.377711953205478478e-02 -3.126478862040933671e-02 9.994163859506912662e-01 4.465689982010377646e-02
4.912724742418542734e-01 8.706933331066243342e-01 2.335080516296818634e-02 -3.434789215976595589e+00 -8.708654987940140924e-01 4.905344735316407023e-01 3.114566895067758662e-02 -1.972242020378086824e+00 1.566403942283463302e-02 -3.563641014715096533e-02 9.992422620125215316e-01 2.248907939130826220e-02
5.025068040144281545e-01 8.642252739591432809e-01 2.454335981891162671e-02 -3.291134433066281950e+00 -8.644158632721631319e-01 5.016703602723785460e-01 3.336030238797760977e-02 -2.196572883413243193e+00 1.651823069185960960e-02 -3.797943662265063774e-02 9.991421962493578501e-01 -1.074127560461235822e-03
5.134067286319238255e-01 8.578294406480302392e-01 2.330191331663760898e-02 -3.148236252218460152e+00 -8.579995063311166570e-01 5.126286210545226707e-01 3.239747806897205068e-02 -2.429144222702910749e+00 1.584636946724701789e-02 -3.662610339122981951e-02 9.992036036257351261e-01 1.021124296505054874e-02
5.242782794625878706e-01 8.512687406913893584e-01 2.178576032579154081e-02 -2.991350903491975632e+00 -8.514289817617890499e-01 5.236072147552393030e-01 3.008369916422182905e-02 -2.666608713161040534e+00 1.420221629303784414e-02 -3.432125035843982402e-02 9.993101491859580632e-01 4.745827252304456179e-02
5.358162200600321556e-01 8.440635245209869852e-01 2.141389883453814411e-02 -2.821525314636570414e+00 -8.442297400899283488e-01 5.351765802473467115e-01 2.937748453617619604e-02 -2.902987175021745081e+00 1.333633221480278429e-02 -3.381917639774936757e-02 9.993391975114378489e-01 6.883907633974752083e-02
5.478793742413109458e-01 8.362493212948715060e-01 2.271742604585561681e-02 -2.648495610112903353e+00 -8.364484042743141057e-01 5.471667172521929023e-01 3.104061612759431016e-02 -3.141457112761012915e+00 1.352756460654947097e-02 -3.600846098267347639e-02 9.992601390502738878e-01 6.432732962207994565e-02
5.598497365586896368e-01 8.282318795828971236e-01 2.451642200003678607e-02 -2.477448897277893636e+00 -8.284847861881026176e-01 5.590488913581838082e-01 3.283553159738966665e-02 -3.381150652420226610e+00 1.348965128397900358e-02 -3.869443917788397552e-02 9.991602519355113898e-01 4.612654323392343519e-02
5.716299507162362348e-01 8.201360853627280845e-01 2.483617562921967489e-02 -2.299209490310298865e+00 -8.204100874842065183e-01 5.708201249616088324e-01 3.305382276644153877e-02 -3.623920099928144456e+00 1.293173690415621094e-02 -3.927039836960502517e-02 9.991451582721905256e-01 4.142996162116686920e-02
