1.000000000000000000e+00 0.000000000000000000e+00 0.000000000000000000e+00 0.000000000000000000e+00 0.000000000000000000e+00 1.000000000000000000e+00 0.000000000000000000e+00 0.000000000000000000e+00 0.000000000000000000e+00 0.000000000000000000e+00 1.000000000000000000e+00 0.000000000000000000e+00
9.999999774426958643e-01 -2.123918777107992840e-04 2.073181694083795478e-06 1.087150320330448373e-02 2.123918505506308012e-04 9.999999773591483621e-01 1.309215835562366401e-05 3.159601652059853324e-03 -2.075962315241633826e-06 -1.309171773340333359e-05 9.999999999121486072e-01 -4.162169704783749875e-03
9.999999873943726802e-01 1.377145095719182067e-04 7.903143833297913534e-05 1.389056726504047518e-03 -1.377230937446802543e-04 9.999999846168020623e-01 1.086220287356111987e-04 1.748107139877469246e-03 -7.901647828780682462e-05 -1.086329118205526964e-04 9.999999909776432494e-01 -8.391942816137731289e-04
9.999999644158512613e-01 2.185956140623473065e-04 1.529191081414728044e-04 -3.046684833147794268e-03 -2.186085856946331921e-04 9.999999725083347224e-01 8.481518758874931005e-05 -2.072285891585699900e-03 -1.529005637094590789e-04 -8.484861400062955320e-05 9.999999847110649931e-01 7.520789965130812455e-04
9.999999891497094451e-01 1.357168814260388730e-04 -5.728445823924310944e-05 2.580284564201704850e-03 -1.357224594781333154e-04 9.999999860480836000e-01 -9.738196272352028315e-05 1.127841078495942255e-03 5.727124106372715427e-05 9.738973645445980569e-05 9.999999936176220405e-01 -7.800805444687137656e-04
9.999999914030254233e-01 -1.106807386407958029e-04 -7.031161409634153873e-05 4.013838213301313719e-03 1.106713482096491553e-04 9.999999849588814271e-01 -1.335443360811887923e-04 7.017491603752677026e-03 7.032639382453494473e-05 1.335365534519846712e-04 9.999999886110935154e-01 -2.818603245428969069e-03
9.999999947822755253e-01 -9.993498767225405025e-05 2.117657349744805982e-05 2.504158473470933718e-03 9.993431191811119499e-05 9.999999944974709010e-01 3.190911303271355562e-05 4.054845490641204378e-03 -2.117976221774090450e-05 -3.190699659991934551e-05 9.999999992666805948e-01 -4.006962082537089340e-03
9.999999966538947183e-01 6.093775173258728374e-06 8.157865188217337425e-05 1.430203856075472129e-03 -6.103452163763777544e-06 9.999999929457986658e-01 1.186218801819547206e-04 3.691429024495177132e-03 -8.157792845163268228e-05 -1.186223776964327677e-04 9.999999896368865215e-01 -7.902318492220716415e-04
9.999999960706373869e-01 7.076757285031957056e-05 5.339171985219938514e-05 -9.256769092954267308e-03 -7.077256306778665707e-05 9.999999931274737852e-01 9.346815839306567893e-05 -1.926980911725805542e-03 -5.338510497055513426e-05 -9.347193669465593535e-05 9.999999942065137537e-01 1.662990810190099296e-03
9.999999986018552889e-01 4.940111140040347252e-05 1.886318363695657847e-05 -6.054066582870424977e-03 -4.939967885505128692e-05 9.999999958966293567e-01 -7.593690103352639489e-05 2.067686572875862203e-03 -1.886693492686129995e-05 7.593596909214177671e-05 9.999999969388836396e-01 3.201065632384425975e-03
9.999999980496020457e-01 -5.328579281655856063e-05 3.257944402338258389e-05 -9.373507610489315457e-04 5.328940123529090034e-05 9.999999924454894273e-01 -1.107666951679698225e-04 6.433674029869444061e-03 -3.257354148609113552e-05 1.107684310909952651e-04 9.999999933346594982e-01 -1.581888289544377017e-03
9.999999938456886062e-01 -1.107817198044491676e-04 -6.002767552278442148e-06 3.548085696157463574e-03 1.107816330175876704e-04 9.999999937592238819e-01 -1.445621231940571277e-05 6.392603035265373261e-03 6.004368998879116904e-06 1.445554723404561437e-05 9.999999998774923293e-01 -6.099098224629601224e-03
9.999999979268239247e-01 2.905723894852609942e-05 -5.746328381551877749e-05 1.015333146641330016e-02 -2.905512178028622227e-05 9.999999988991474797e-01 3.684433516397558157e-05 1.640068565216548321e-04 5.746435434691093492e-05 -3.684266548488162853e-05 9.999999976702329541e-01 -1.279440570753157804e-03
9.999999968512709447e-01 7.584048622985475191e-05 2.335976577988613538e-05 9.870828682096968645e-04 -7.584254766883566650e-05 9.999999932291129268e-01 8.825917605847298617e-05 -4.429358943496920775e-03 -2.335307200289327666e-05 -8.826094744471846298e-05 9.999999958323195770e-01 1.444503898844290207e-03
9.999999969500510399e-01 7.340949816032012513e-05 2.666352201355305564e-05 -3.175246548081918016e-03 -7.341119208471524557e-05 9.999999952870989306e-01 6.353423473418928541e-05 -7.482207704852846929e-04 -2.665885787160267835e-05 -6.353619194134932596e-05 9.999999976262288204e-01 1.503672113519437508e-03
9.999999984356063853e-01 -3.641465815602488575e-05 4.245892118419941521e-05 1.145528788149378918e-03 3.641576422104882561e-05 9.999999989976511294e-01 -2.604975643973841715e-05 3.473982118521293933e-03 -4.245797254866497068e-05 2.605130257304926581e-05 9.999999987593251038e-01 1.013679388508248626e-04
9.999999941414086102e-01 -1.082303207015103636e-04 1.838620391592470984e-06 2.122351782960271455e-03 1.082304274732891734e-04 9.999999924511442373e-01 -5.817117906923559105e-05 4.702950696893187375e-04 -1.832324492346742176e-06 5.817137772310536652e-05 9.999999983063666553e-01 -7.046189604088655628e-04
9.999999986693718368e-01 -3.757339748115249195e-05 -3.534821123826060166e-05 5.379566395100469391e-03 3.757229892626227523e-05 9.999999988112326932e-01 -3.107824075021317769e-05 -2.390738489529953791e-03 3.534937891133250971e-05 3.107691259530044066e-05 9.999999988923234939e-01 -9.002969238944605844e-04
9.999999970567902130e-01 6.807611991230797834e-05 3.538448057054293988e-05 2.309161986810337550e-03 -6.807697094787754934e-05 9.999999973935509434e-01 2.405044889639589353e-05 -3.472856557716417613e-03 -3.538284321707208825e-05 -2.405285769386618212e-05 9.999999990847572295e-01 -1.514165876691389015e-03
9.999999991627448459e-01 2.989237989083391663e-05 2.794558983577797543e-05 -1.450373363047943297e-03 -2.989291087321832747e-05 9.999999993727002323e-01 1.900035429659418983e-05 3.217356098610353165e-03 -2.794502185243902159e-05 -1.900118965571230784e-05 9.999999994290152960e-01 8.347976138372221512e-05
9.999999977010378682e-01 1.632955682546699370e-05 -6.581238393021113589e-05 2.796747888300429342e-03 -1.632724488880135365e-05 9.999999992496665380e-01 3.512958824282133758e-05 5.237475492316534011e-03 6.581295753143737235e-05 -3.512851362715059019e-05 9.999999972173210239e-01 -1.000200720954627512e-03
9.999999978298235170e-01 2.113072264642638131e-05 -6.240068506074525855e-05 4.659691944999957286e-03 -2.112984027924556482e-05 9.999999996767814370e-01 1.414096985627524985e-05 1.722482507350796581e-03 6.240098384948821917e-05 -1.413965130907820125e-05 9.999999979530936889e-01 -2.937592992434364986e-04
9.999999998220436837e-01 6.930546808896455982e-06 1.754651660318539162e-05 4.291918934035852604e-03 -6.930609656681401222e-06 9.999999999695690089e-01 3.581723023679200278e-06 -3.451999334351996043e-03 -1.754649177935236273e-05 -3.581844631099221825e-06 9.999999998396454925e-01 4.419508973041174650e-05
9.999999968547036433e-01 -3.376915348833129239e-05 7.176515166184890674e-05 -4.318816940130874578e-04 3.376944254285012476e-05 9.999999994217056987e-01 -4.026575932103227119e-06 -1.740795148957819879e-04 -7.176501564628685284e-05 4.028999388604075724e-06 9.999999974167748107e-01 -1.379058186766179191e-03
9.999999988308586607e-01 -1.893294453089721202e-05 4.449524006434983490e-05 -2.829392517793742688e-04 1.893335461436655411e-05 9.999999997782972327e-01 -9.215941535864905911e-06 -2.843965419331410689e-03 -4.449506556957521434e-05 9.216783969248954180e-06 9.999999989676200407e-01 -2.659752629660354709e-03
9.999999987794293554e-01 -4.664050023013962604e-05 1.630352850891254366e-05 -4.603373349539426063e-03 4.664153313134939322e-05 9.999999969050502591e-01 -6.335981992580325193e-05 5.339192483713336296e-03 -1.630057332475811445e-05 6.336058027003323937e-05 9.999999978598640427e-01 7.333171816244132488e-04
9.999999985441557770e-01 -1.507509061336210196e-05 -5.181148646386572688e-05 -1.676534990882245536e-03 1.507165664912430190e-05 9.999999976900492138e-01 -6.627780037653900071e-05 7.527215590672536351e-03 5.181248548803007195e-05 6.627701939511438268e-05 9.999999964614114667e-01 2.944954612505162970e-03
9.999999998041130267e-01 3.169178711389207870e-06 1.953791694111915985e-05 1.310216604655570520e-03 -3.169264415623350676e-06 9.999999999853570465e-01 4.386530047653321274e-06 3.304882799521108479e-03 -1.953790303913542899e-05 -4.386591967618975085e-06 9.999999997995140388e-01 -2.862654295147149300e-04
9.999999999201322209e-01 -7.627558950289791352e-07 1.261561212953402402e-05 4.687293458668708411e-03 7.627184367778153017e-07 9.999999999953010921e-01 2.969202612747678561e-06 -6.356434099950669485e-04 -1.261561439425154452e-05 -2.969192990350572611e-06 9.999999999160150699e-01 -5.064711215415012386e-04
9.999999980014337986e-01 5.627410755391290271e-05 2.881592048434276446e-05 9.491724110248088431e-03 -5.627449717565679454e-05 9.999999983251894875e-01 1.352042612216169845e-05 -4.410308629148857081e-03 -2.881515958616778493e-05 -1.352204769657614217e-05 9.999999994934204439e-01 1.487353755571767656e-04
9.999999966197298251e-01 3.214775315018852540e-05 -7.567735671504564540e-05 5.504884291790398954e-03 -3.214752132262272099e-05 9.999999994785726543e-01 3.064582068770200727e-06 -5.515964137805810970e-03 7.567745519501324787e-05 -3.062149218972449201e-06 9.999999971317730108e-01 1.829972236065006324e-03
9.999999976482056852e-01 -6.435528808851208760e-05 -2.370623581461539636e-05 -2.203165218802979625e-03 6.435639451769891025e-05 9.999999968398638472e-01 4.667468989751903023e-05 1.247910056670919988e-03 2.370323197658565919e-05 -4.667621543561437396e-05 9.999999986297438692e-01 -1.323452587502176817e-03
9.999999958588920990e-01 -8.214641781015386110e-05 3.916863459296314064e-05 -3.018473223441249693e-03 8.214636727458979218e-05 9.999999966251528205e-01 1.291811929245435666e-06 9.718432688345544565e-03 -3.916874057849746110e-05 -1.288594362852985174e-06 9.999999992320746101e-01 -1.749726330368406085e-03
9.999999976060660600e-01 -5.417113686238039712e-05 4.305061929987536172e-05 -6.624907161493890501e-03 5.417164019495589931e-05 9.999999984643820339e-01 -1.169056535146757375e-05 7.301163640215114700e-03 -4.304998594255039475e-05 1.169289744614001512e-05 9.999999990049874832e-01 -8.991020238012585293e-05
9.999999999990996091e-01 6.510703764536565596e-07 -1.173398200444708491e-06 -5.385313352710230025e-03 -6.510466200517493896e-07 9.999999997948438857e-01 2.024570083156811953e-05 -3.514512864603028513e-03 1.173411381580040701e-06 -2.024570006761295995e-05 9.999999997943673780e-01 -6.701847300610906753e-04
9.999999998390041167e-01 -7.463198657460113874e-06 1.631846956838815566e-05 4.833396571555879234e-04 7.462193861791071984e-06 9.999999980765202912e-01 6.157333020117835914e-05 -6.862321755465490732e-03 -1.631892907099520817e-05 -6.157320841968185094e-05 9.999999979712163034e-01 -3.677820483967656796e-03
9.999999998447762772e-01 1.563622675576981156e-05 8.121316045706658557e-06 9.934986568555391820e-03 -1.563634609199562891e-05 9.999999997697904819e-01 1.469434234861829928e-05 -1.872846595563246402e-04 -8.121086279768061463e-06 -1.469446933404580460e-05 9.999999998590602956e-01 -1.839680428031566792e-03
9.999999997270121455e-01 -2.336603826145564207e-05 6.238841669877218077e-08 4.672771674117414710e-03 2.336603948334389427e-05 9.999999995338046954e-01 -1.965753916452847870e-05 5.628917567062641410e-03 -6.192909785744255140e-08 1.965754061693241746e-05 9.999999998067886642e-01 5.545573982809692094e-05
9.999999994084780575e-01 1.474147094902975689e-05 3.107624212496828042e-05 -1.012288587650258176e-03 -1.474161927491353505e-05 9.999999998799528056e-01 4.772743527489692706e-06 1.917442586395466794e-03 -3.107617176397760566e-05 -4.773201638796411405e-06 9.999999995057440305e-01 8.921782878855822165e-04
9.999999992093594470e-01 3.938925270479250130e-05 5.455990526407199744e-06 -7.827242589916058265e-05 -3.938944730264448029e-05 9.999999985880145825e-01 3.567130939637680931e-05 7.657243398638621671e-04 -5.454585452483295401e-06 -3.567152427662495290e-05 9.999999993488949412e-01 -8.563910214707017021e-04
9.999999990277571582e-01 -4.343116413660747645e-06 -4.388192241994807725e-05 4.254686875140537006e-03 4.343036798695007940e-06 9.999999999889229718e-01 -1.814394988314259783e-06 3.995712983014760959e-03 4.388193029959064692e-05 1.814204405746360035e-06 9.999999990355423751e-01 -3.371896808508675469e-04
9.999999996500600341e-01 -1.200904335424645531e-05 2.357250211726160866e-05 7.090220956878980942e-03 1.200924327998486651e-05 9.999999998919237854e-01 -8.481188496503598345e-06 5.310608344947052991e-04 -2.357240026375362685e-05 8.481471581448333860e-06 9.999999996862033447e-01 4.392503432772666629e-04
9.999999980552722878e-01 -5.228747515148888343e-05 3.399228434008639074e-05 2.525055536051938089e-03 5.228780908494865204e-05 9.999999985847469741e-01 -9.822987207480125891e-06 -2.833885796154097473e-03 -3.399177067277918803e-05 9.824764570451024245e-06 9.999999993740167348e-01 1.239654208056272921e-04
9.999999995249321261e-01 -1.772626466896549830e-05 2.521736077863929979e-05 -2.116735376811249968e-03 1.772648710171008141e-05 9.999999998039859062e-01 -8.820423352303277052e-06 1.758216855966904452e-04 -2.521720442053750010e-05 8.820870363333559741e-06 9.999999996431424565e-01 -4.160947217676331324e-05
9.999999952129929870e-01 9.784065286464876119e-05 1.104859063899445914e-06 4.021261805453894486e-03 -9.784066367844227959e-05 9.999999951656637354e-01 9.791677995659170888e-06 -2.754333472822413902e-03 -1.103901034390449654e-06 -9.791786048930423551e-06 9.999999999514511684e-01 -3.095263591174168653e-04
9.999999973341563431e-01 7.301480542212103562e-05 7.248976903558780581e-07 3.770521663291774572e-03 -7.301482206386926356e-05 9.999999970702868612e-01 2.298395316953139156e-05 -2.143429452843765171e-03 -7.232195193636313393e-07 -2.298400603653564327e-05 9.999999997356061598e-01 -7.882153205776245468e-04
9.999999999496144154e-01 6.915821058460496950e-06 7.276162141529934825e-06 2.099613548860182737e-03 -6.915972165639994458e-06 9.999999997604378521e-01 2.076760864614868841e-05 -5.509471771399591499e-04 -7.276018514721633441e-06 -2.076765896683714112e-05 9.999999997578818967e-01 -6.553932675611934613e-04
9.999999997689713593e-01 -1.539901363624548983e-05 1.499759030119337896e-05 3.237383406245206239e-03 1.539827545940464251e-05 9.999999986702128307e-01 4.921856818698081123e-05 -4.852292560733803811e-04 -1.499834819865244298e-05 -4.921833723858323213e-05 9.999999986763024040e-01 6.047025415537532966e-05
9.999999998360953324e-01 1.075184646172474637e-06 1.807355184943693028e-05 4.981862278378660497e-03 -1.075615940386302646e-06 9.999999997146933328e-01 2.386328641319888802e-05 1.744268230363267514e-03 -1.807352618684126864e-05 -2.386330584948805129e-05 9.999999995519451845e-01 -1.459856043655546338e-05
9.999999997143725894e-01 -3.068366190181484527e-06 2.370316262369345228e-05 -1.550016859564333537e-03 3.068478167877731995e-06 9.999999999841334697e-01 -4.724131976306940347e-06 7.715286133567885937e-04 -2.370314812795053518e-05 4.724204707594620351e-06 9.999999997079213054e-01 -9.560219920232214223e-04
9.999999997725695922e-01 2.092773612403982806e-05 4.109818156098951473e-06 1.609921668714500709e-03 -2.092761935598618710e-05 9.999999993774543183e-01 -2.840996372913979763e-05 -3.089570531933968044e-03 -4.110412709764619082e-06 2.840987771396851741e-05 9.999999995879916836e-01 -3.068470832735201441e-04
9.999999995929884644e-01 2.753797794672631960e-05 -7.462091905648875366e-06 4.755498554830881255e-03 -2.753789186034041230e-05 9.999999995542885323e-01 1.153635217129452312e-05 -4.428499718559351581e-03 7.462409590134614888e-06 -1.153614667631914580e-05 9.999999999056148337e-01 -1.260376574482895400e-03
9.999999997635032889e-01 -2.088013876450352615e-05 6.083848374249891260e-06 4.562585374188396492e-03 2.087983301990636506e-05 9.999999985194417684e-01 5.025086131421955383e-05 -1.140335553951519337e-03 -6.084897610199675714e-06 -5.025073427259720785e-05 9.999999987189188699e-01 -2.055777755838547518e-03
9.999999994390236235e-01 -2.538667709111561447e-05 2.185107485805353074e-05 3.572960896705580040e-03 2.538616057222060703e-05 9.999999993983915703e-01 2.363809865469299946e-05 3.957987438290186746e-03 -2.185167493768533560e-05 -2.363754392653756665e-05 9.999999994818854487e-01 -1.139452382304765969e-03
9.999999998662503220e-01 1.363394906478426878e-05 9.034088656436963937e-06 4.002464051616558098e-03 -1.363387194967305642e-05 9.999999998706269322e-01 -8.536021042793400497e-06 2.952204475645947915e-03 -9.034205034944309693e-06 8.535897872043784608e-06 9.999999999227607850e-01 2.650265033341505294e-04
9.999999982670346732e-01 5.657055260491168159e-05 -1.630040440499798705e-05 6.344898375960691256e-03 -5.657061496192419982e-05 9.999999983925672575e-01 -3.825053011201164323e-06 -1.069748461726584407e-03 1.630018799343359466e-05 3.825975128473797058e-06 9.999999998598328999e-01 -3.930854988727734353e-04
9.999999987297071291e-01 5.031294384477023255e-05 -3.032080587479279341e-06 4.115609868635441461e-03 -5.031293127414401128e-05 9.999999987257106593e-01 4.145808385280159114e-06 -5.647285592331634414e-03 3.032289171440010707e-06 -4.145655827151555294e-06 9.999999999868093292e-01 -3.958020702548990691e-04
9.999999995870096914e-01 -2.732620418745171191e-05 8.902765365687748567e-06 2.115639274167836325e-03 2.732613202964880947e-05 9.999999995937947084e-01 8.105120748575219227e-06 4.907118728783401926e-03 -8.902986844255937209e-06 -8.104877467086071043e-06 9.999999999275238638e-01 1.681381437476420942e-04
9.999999972787586566e-01 -6.883643247868174878e-05 2.653353190972195812e-05 1.985526269310966367e-03 6.883553231366290322e-05 9.999999970553824502e-01 3.392498379212680602e-05 8.851130068165107695e-03 -2.653586710644700069e-05 -3.392315725001556723e-05 9.999999990725335630e-01 -1.325184970548020508e-03
9.999999988685771557e-01 -3.892011595428325748e-05 2.735087470730778974e-05 -2.240684332516463314e-03 3.891969870556943325e-05 9.999999991262592536e-01 1.525577323699756893e-05 4.993381768934514013e-03 -2.735146843987356388e-05 -1.525470873193389559e-05 9.999999995095955052e-01 -9.599790704225680781e-04
9.999999998070927543e-01 1.957248072681059441e-05 1.653042075760216670e-06 -1.380496523438458746e-03 -1.957248449866339927e-05 9.999999998058556328e-01 2.281779195823088100e-06 -3.560814835423427305e-03 -1.652997415359954630e-06 -2.281811549523320013e-06 9.999999999960305086e-01 -8.238280473514319937e-04
9.999999971370132634e-01 7.566610918652187450e-05 -7.832389965507553032e-07 4.497768468536362564e-03 -7.566609934857997132e-05 9.999999970585317088e-01 1.255300555409284874e-05 -9.108793776006651743e-03 7.841888313357576970e-07 -1.255294625351403262e-05 9.999999999209042700e-01 -5.316099304678469214e-04
9.999999997937089047e-01 -1.753623020994480566e-05 1.025002029841087605e-05 1.747991667940838878e-03 1.753615624305119436e-05 9.999999998202040441e-01 7.216313340229342167e-06 -1.947848651746825199e-03 -1.025014684349996555e-05 -7.216133592783232862e-06 9.999999999214309598e-01 1.044557785702822676e-03
9.999999951070812632e-01 -8.631686158100938225e-05 4.832428884341776452e-05 -2.823664767455967301e-03 8.631517922420232219e-05 9.999999956688062630e-01 3.481490003113386591e-05 -2.588054021054366277e-05 -4.832729374702284707e-05 -3.481072874113498935e-05 9.999999982263428899e-01 -3.539978090082313293e-04
9.999999995918356088e-01 -2.848535121191493046e-05 2.216672091214259920e-06 -7.446502689197161606e-04 2.848533481044699845e-05 9.999999995669215380e-01 7.398820198345676685e-06 2.541335544439820085e-03 -2.216882848246169735e-06 -7.398757052679060232e-06 9.999999999701718600e-01 -6.033080164228357386e-04
9.999999998265124423e-01 2.730944079978191229e-06 -1.842598872546609759e-05 3.149648138199207838e-03 -2.731439717706868673e-06 9.999999996344950404e-01 -2.689886878608411898e-05 3.941112958824150372e-03 1.842591525942484338e-05 2.689891911089494552e-05 9.999999994684668492e-01 3.218440759717713581e-04
9.999999987979210081e-01 -3.837613596633413193e-05 3.051934256852827625e-05 -1.767785905282187771e-03 3.837639750729623055e-05 9.999999992269109628e-01 -8.569139332526079240e-06 6.343848833087276269e-03 -3.051901369447796911e-05 8.570310544647367852e-06 9.999999994975697915e-01 -1.105389439832488380e-03
9.999999997900096416e-01 1.262636133428359390e-05 1.614174083623281746e-05 4.637834780859289956e-03 -1.262644412492080561e-05 9.999999999071337298e-01 5.128886604084395226e-06 1.467647350687409542e-03 -1.614167607555828249e-05 -5.129090415796124793e-06 9.999999998565693993e-01 -1.068689462630557398e-03
9.999999996409978387e-01 2.645884077667525757e-05 4.234856072477574748e-06 7.860088445973878804e-03 -2.645893824510168777e-05 9.999999993850628988e-01 2.301735796156043461e-05 -2.704171888937483090e-03 -4.234247057264000654e-06 -2.301747000309245871e-05 9.999999997261336260e-01 -1.059927124926205913e-04
9.999999976078718378e-01 -6.676454640885190743e-05 1.807627086836614252e-05 -1.736632187357939816e-03 6.676404893046741144e-05 9.999999973925980390e-01 2.752027861689020040e-05 5.616233908130658335e-03 -1.807810820015293759e-05 -2.751907170602543740e-05 9.999999994579413798e-01 -6.670996988477752125e-04
9.999999963699601757e-01 -8.486958307541252731e-05 7.565289494187452223e-06 -2.894244264367365916e-03 8.486956458038846579e-05 9.999999963955894522e-01 2.445008767962629256e-06 7.511068939727752296e-03 -7.565496973793795822e-06 -2.444366696261853191e-06 9.999999999683941709e-01 -1.061565862808044403e-03
9.999999999231524717e-01 1.052336482107751335e-06 1.235264106460859825e-05 6.680897653410363020e-03 -1.052439130677215904e-06 9.999999999649193949e-01 8.309844426529754361e-06 -5.381614141019344915e-04 -1.235263231942280765e-05 -8.309857426293985004e-06 9.999999998891794251e-01 -2.366608848634074985e-03
9.999999982351041039e-01 5.939819249686003472e-05 -1.283198345085371903e-06 1.285216270186043987e-02 -5.939818423106825646e-05 9.999999982151870359e-01 6.440632310007309369e-06 -6.330456962616545433e-03 1.283580904712853883e-06 -6.440556078988555982e-06 9.999999999784358051e-01 -1.962131083206529979e-03
9.999999997918984640e-01 1.636575615142583982e-05 -1.218052451615899495e-05 5.843718772044038424e-03 -1.636557514302584615e-05 9.999999997556677789e-01 1.486042795364178429e-05 -3.491870006386064203e-03 1.218076771532309839e-05 -1.486022860926005389e-05 9.999999998154012193e-01 -3.928923360826769252e-04
9.999999991678256706e-01 -3.919968723747036362e-05 1.130191450916207654e-05 1.479370246181500566e-03 3.919946734302250514e-05 9.999999990424337515e-01 1.945595431480967352e-05 7.135498359557655018e-03 -1.130267716566379121e-05 -1.945551126959020453e-05 9.999999997468662638e-01 -3.160124323942658554e-04
9.999999953912726003e-01 -7.313959798405085891e-05 6.219368128125438502e-05 -3.732499591680638745e-03 7.313691134169323098e-05 9.999999963924118829e-01 4.319917253378642932e-05 6.931738373772042619e-03 -6.219684062699756203e-05 -4.319462368093933169e-05 9.999999971328887849e-01 -2.381334650984166020e-03
9.999999992151478168e-01 -3.843592847685582458e-05 9.611645564581882114e-06 2.727795766024602563e-03 3.843607191660736297e-05 9.999999991499742835e-01 -1.492379795581256172e-05 2.318267168298503763e-03 -9.611071946380903794e-06 1.492416737799974527e-05 9.999999998424482506e-01 5.103217972308555047e-05
9.999999999547772855e-01 3.428824824583899459e-07 -9.504102877916552691e-06 8.365231166207638680e-03 -3.431171076218884190e-07 9.999999996952236847e-01 -2.468673324542794106e-05 -1.715457666231988670e-04 9.504094410371546802e-06 2.468673650533183370e-05 9.999999996501186539e-01 6.312987000523743314e-04
9.999999996971865590e-01 5.016699983390414652e-06 2.409272750705407934e-05 3.690619666163925689e-03 -5.016588605684634310e-06 9.999999999767311687e-01 -4.622934788348075288e-06 1.469434884902872480e-03 -2.409275069837034784e-05 4.622813923645896316e-06 9.999999996990844853e-01 5.468394006931028570e-04
9.999999989324919181e-01 -4.592545735291373810e-05 5.086104528006830271e-06 -2.152173650232919167e-04 4.592547947690769981e-05 9.999999989359645847e-01 -4.349858390976398276e-06 8.309307115195358612e-03 -5.085904753359007784e-06 4.350091968122008058e-06 9.999999999776051363e-01 -1.399269222916323064e-03
9.999999989729058125e-01 -4.510723798950684539e-05 4.418773330097820841e-06 5.522215835617252065e-03 4.510723459771319064e-05 9.999999989823740165e-01 7.676838074829304303e-07 5.034646203160179044e-03 -4.418807953697365924e-06 -7.674844880492118884e-07 9.999999999899426006e-01 -2.202960936445608892e-03
9.999999997950220765e-01 3.346533132722495356e-06 1.996889006813279646e-05 6.934910932265845110e-03 -3.346678320324646760e-06 9.999999999679686224e-01 7.270660655401426500e-06 -2.731872392757258346e-03 -1.996886573598638453e-05 -7.270727483362571995e-06 9.999999997741904068e-01 -6.277422058057074723e-04
9.999999996078196007e-01 3.120133665068484766e-06 2.783209677197951920e-05 3.127470522094136403e-03 -3.120195350667926634e-06 9.999999999926761918e-01 2.216304402758116452e-06 -3.776321526118738437e-03 -2.783208985660970229e-05 -2.216391243467871531e-06 9.999999996102312272e-01 6.212799409646716040e-04
9.999999997965791643e-01 -2.000714646161185438e-05 -2.560412361313450819e-06 2.480010330265045287e-03 2.000712581968153712e-05 9.999999997673617580e-01 -8.061727115021558295e-06 -1.834749139566756474e-03 2.560573652872924016e-06 8.061675886889373816e-06 9.999999999642263937e-01 3.519816962264619162e-04
9.999999996723519802e-01 2.231787648333325892e-05 -1.253828280659386706e-05 8.137495486017800456e-03 -2.231788151087325822e-05 9.999999997508757232e-01 -4.008353927973319075e-07 -2.856895168898339245e-03 1.253827385767549206e-05 4.011152205760262971e-07 9.999999999213153856e-01 -8.216974172970452567e-04
9.999999993111904351e-01 1.725964407207780812e-05 -3.285915174724072081e-05 5.380201782529027074e-03 -1.725999663489985751e-05 9.999999997934877483e-01 -1.072926350128121618e-05 3.715289913326144406e-03 3.285896655718571844e-05 1.072983064273938029e-05 9.999999994025795536e-01 -3.391240377042538910e-04
9.999999999296735886e-01 7.078562979866826351e-07 -1.183856864130871185e-05 -1.803251872656766366e-03 -7.073648904747421737e-07 9.999999991382519937e-01 4.150898360959428288e-05 -5.019901241789258327e-04 1.183859801350231672e-05 -4.150897523248730495e-05 9.999999990684262929e-01 -7.151923559559383555e-04
9.999999990768967395e-01 3.340663785364782819e-05 2.702226923828417705e-05 5.333976700127735990e-03 -3.340733080901857262e-05 9.999999991131723887e-01 2.564381814669284117e-05 6.707438533763289239e-04 -2.702141254057406337e-05 -2.564472086490860521e-05 9.999999993060957326e-01 -1.144033430572532085e-03
9.999999994134993742e-01 2.930799024953030288e-05 -1.772125431164186973e-05 1.898725326963445967e-02 -2.930849125425928831e-05 9.999999991708586888e-01 -2.827180464716248602e-05 2.409322876418100619e-03 1.772042570717350873e-05 2.827232401380805598e-05 9.999999994433310668e-01 -5.497544458599420199e-04
9.999999946883476598e-01 9.863497868891756438e-05 -2.990728515652832058e-05 4.224125709951257607e-02 -9.863655336086682174e-05 9.999999937491468316e-01 -5.265488227056190038e-05 1.308941582080302025e-03 2.990209135639165189e-05 5.265783194240569330e-05 9.999999981665088633e-01 1.287354500471904473e-03
9.999999909453973768e-01 1.095380976116783097e-04 -7.817039356199529526e-05 4.991726154756050138e-02 -1.095444482700054728e-04 9.999999906999108568e-01 -8.124156564141070771e-05 9.931301538743867244e-03 7.816149378845631723e-05 8.125012803843439761e-05 9.999999936445987947e-01 3.528724541256865509e-04
9.999999911831598531e-01 9.592254260948667388e-05 -9.182889526028917651e-05 3.255000443823233280e-02 -9.592930516988924599e-05 9.999999926872501499e-01 -7.364148340905103782e-05 8.731374956843961782e-03 9.182183071043728800e-05 7.365029184188267924e-05 9.999999930721928942e-01 2.970464183247174730e-03
9.999999997925663742e-01 4.249323292613194593e-06 1.992010399625790350e-05 -7.490597539887200364e-04 -4.249771493221274850e-06 9.999999997378463679e-01 2.249992472899052398e-05 4.268997552300915141e-03 -1.992000838158154030e-05 -2.250000938021338737e-05 9.999999995484714077e-01 6.276074942769692584e-04
9.999999897562347195e-01 -1.295923223541732095e-04 6.077302383392656790e-05 -2.635848727140181411e-02 1.295898093876577219e-04 9.999999907482405304e-01 4.135214750776687874e-05 1.773013914180218437e-03 -6.077838219249902995e-05 -4.134427151959063396e-05 9.999999972983197871e-01 -3.038395857050891352e-03
9.999999769371695768e-01 -2.037426444828004080e-04 6.793081192646035864e-05 -3.463182808117463984e-02 2.037445937524110407e-04 9.999999788325337757e-01 -2.868924047694545773e-05 3.454035420035188753e-03 -6.792496526681422839e-05 2.870308035096959753e-05 9.999999972811661753e-01 -7.286783079551844297e-04
9.999999620004145218e-01 -2.357015593263919772e-04 1.429823224405106464e-04 -3.224472502695797937e-02 2.357025052789474132e-04 9.999999722003903857e-01 -6.599056114930190298e-06 6.710960563232534586e-03 -1.429807630578415392e-04 6.632757155778623978e-06 9.999999897562539264e-01 -9.017870290758712992e-04
9.999999071529774852e-01 -3.770499752451020293e-04 2.086320986246929300e-04 -5.166200545881789730e-02 3.770325437579564315e-04 9.999999254300564466e-01 8.358434303398329011e-05 1.525707680147497455e-02 -2.086635985414809634e-04 -8.350567418257189174e-05 9.999999747431521646e-01 -3.890497311239902480e-03
9.999998928953234278e-01 -4.336995051947199428e-04 1.615985173018293227e-04 -6.439318174179403664e-02 4.336892875538412673e-04 9.999999039559942515e-01 6.325823381571885800e-05 2.251730055254615864e-02 -1.616259368459657794e-04 -6.318814349462779315e-05 9.999999849421574716e-01 -9.099211323831988630e-04
9.999998761600893404e-01 -4.806392433017552522e-04 1.290957932294100230e-04 -7.362539280132354702e-02 4.806366963320990210e-04 9.999998842989554770e-01 1.975959971653335284e-05 2.174802660843479230e-02 -1.291052755319476179e-04 -1.969754909393813216e-05 9.999999914719172045e-01 1.206909586113838169e-03
9.999998150934729102e-01 -5.776614025956228931e-04 1.900534764146146317e-04 -9.449322413482090510e-02 5.776575160177274378e-04 9.999998329456725177e-01 2.050417480884092098e-05 2.644932680509693226e-02 -1.900652891357380880e-04 -2.039438519838896157e-05 9.999999817296273408e-01 2.924893656765004167e-04
9.999997376936695659e-01 -6.891546439277961575e-04 2.228866726160739966e-04 -1.175079429941006531e-01 6.891243589556645061e-04 9.999997533160613905e-01 1.359243694387900203e-04 2.576004770862515628e-02 -2.229802905439334315e-04 -1.357707371495811045e-04 9.999999659230478510e-01 -2.022087877492199665e-03
9.999995405002263249e-01 -8.625426992187838890e-04 4.183532337469917576e-04 -1.605953181651712247e-01 8.624480810340777025e-04 9.999996024866653066e-01 2.262958656531095791e-04 2.858408807979577818e-02 -4.185482572927851997e-04 -2.259349537265710342e-04 9.999998868853701151e-01 -4.904809998456843888e-04
9.999991512502347524e-01 -1.172346419696647770e-03 5.684212190413794876e-04 -2.239470331589101249e-01 1.172203881500047352e-03 9.999992814607641112e-01 2.510299100188877718e-04 2.851215280295368512e-02 -5.687151046246786230e-04 -2.503633913980232869e-04 9.999998069406323964e-01 -6.020238866378704694e-04
9.999987264758174454e-01 -1.505548725352049691e-03 5.294995550376699117e-04 -2.849733854242379461e-01 1.505461081209247048e-03 9.999988530343503212e-01 1.658822380261969600e-04 3.336249904910051911e-02 -5.297486915118877066e-04 -1.650848857985285148e-04 9.999998460566402736e-01 6.085758423169403521e-04
9.999979185150188465e-01 -1.958720857427736182e-03 5.712952234882863467e-04 -3.580854995510109884e-01 1.958634860143435973e-03 9.999980704646738161e-01 1.510510305518639911e-04 3.774460995160117127e-02 -5.715899879580488719e-04 -1.499317574012548984e-04 9.999998254026616351e-01 1.944462770719254088e-04
9.999968077909993092e-01 -2.413858779236480092e-03 7.467888624994658024e-04 -4.317267443300176200e-01 2.413673704266738104e-03 9.999970561769089272e-01 2.486297757995524146e-04 5.055375324434197015e-02 -7.473868212522614572e-04 -2.468264774812899782e-04 9.999996902447667591e-01 -2.621353605349998738e-03
9.999951103787505513e-01 -2.968925906038043065e-03 9.821901825743377824e-04 -5.174075351300564396e-01 2.968617255350046447e-03 9.999955438580269140e-01 3.155561439761044615e-04 6.363315744751062153e-02 -9.831226686061000745e-04 -3.126388543020519085e-04 9.999994678632410094e-01 1.185942458960442510e-03
9.999922237643111833e-01 -3.781821151030965392e-03 1.118141175874511582e-03 -5.983414888123250730e-01 3.781425631195809312e-03 9.999927871468381468e-01 3.556325265870353015e-04 7.752750921716763943e-02 -1.119478049497437538e-03 -3.514015934029426609e-04 9.999993116426715289e-01 3.327618787710262104e-03
9.999810250239187237e-01 -6.070161181088606049e-03 1.050112064727158926e-03 -7.093368880929769027e-01 6.070047630355492052e-03 9.999815708988480933e-01 1.112853867918474143e-04 3.013998400798863567e-02 -1.050768232340623621e-03 -1.049090449041900207e-04 9.999994424399516468e-01 1.116249118177053794e-02
9.999656051409158142e-01 -8.213623966869290985e-03 1.151050169571459338e-03 -8.417876270792092885e-01 8.213541230113750521e-03 9.999662653683477620e-01 7.658812101406983752e-05 -8.365679385798477363e-03 -1.151640405344314102e-03 -6.713128875073541741e-05 9.999993346086620827e-01 1.684634237791044625e-02
9.999568001055009203e-01 -9.196630237891948237e-03 1.349042265693841877e-03 -9.601648203317874053e-01 9.196275916543527121e-03 9.999576772819938064e-01 2.686150900149952836e-04 -6.968199183117223215e-03 -1.351455524217638586e-03 -2.561973209730462105e-04 9.999990539650018828e-01 1.385122164293708241e-02
9.999474290602665683e-01 -1.015472090481971991e-02 1.421534068655333060e-03 -1.077308853225540819e+00 1.015440439610607558e-02 9.999484163256350255e-01 2.296937414018029855e-04 -2.834535066138295801e-03 -1.423793216542356115e-03 -2.152468343899983298e-04 9.999989632403010198e-01 1.656026217501178205e-02
9.999232283569230439e-01 -1.229240154957961587e-02 1.560210374467556815e-03 -1.253430342087936467e+00 1.229233763662799031e-02 9.999244450859215982e-01 5.054739260787618430e-05 -2.006215413775387993e-02 -1.560713841753989892e-03 -3.136487929436741306e-05 9.999987815935319491e-01 2.219320391609584317e-02
9.998888352406126723e-01 -1.477862335756309833e-02 1.977233629673560370e-03 -1.429380474109456678e+00 1.477833039948355486e-02 9.998907812761702596e-01 1.626946025227520801e-04 -5.919916126982362886e-02 -1.979422080992806424e-03 -1.334563047601230394e-04 9.999980320368835329e-01 1.850386270034777569e-02
9.998530963451705000e-01 -1.700085715913914747e-02 2.180959612155756750e-03 -1.579368189043567794e+00 1.699972715608336071e-02 9.998553507327062606e-01 5.356190771132943564e-04 -7.865101174445961185e-02 -2.189750121367574701e-03 -4.984646743681847786e-04 9.999974782605075552e-01 2.102870193720681249e-02
9.997471811128531005e-01 -2.234125116795645377e-02 2.538179102095291639e-03 -1.702337995378391255e+00 2.233840487634758398e-02 9.997498118669683187e-01 1.144263755320152958e-03 -4.708782872995855018e-02 -2.563108363764435380e-03 -1.087275591399641458e-03 9.999961241461408079e-01 1.928158353734240466e-02
9.996163860385695044e-01 -2.756566379129951963e-02 2.686064581251803359e-03 -1.871662509473365654e+00 2.756298084422190500e-02 9.996195373964353870e-01 1.030796933327283353e-03 -3.320822905737743497e-02 -2.713457235829079203e-03 -9.563655586328727439e-04 9.999958612488091259e-01 3.443062255198223870e-02
9.994530210009898719e-01 -3.294034243453537736e-02 2.931322617962744872e-03 -2.065183163878342665e+00 3.293831655220511023e-02 9.994571148948493411e-01 7.367419974722447338e-04 -1.656641631248727611e-02 -2.953999780257701453e-03 -6.397861827648430172e-04 9.999954322690371988e-01 3.588946387448441189e-02
9.993264906686237792e-01 -3.653976767102763701e-02 3.377932278844021381e-03 -2.282338797242863926e+00 3.653761938503222173e-02 9.993320362121772549e-01 6.955355477432852455e-04 -6.406047700090514163e-02 -3.401090649725516720e-03 -5.716454941487585529e-04 9.999940528842266030e-01 2.286480377726361757e-02
9.992134274516286663e-01 -3.947520849784579705e-02 3.772839039821394066e-03 -2.502276790803931839e+00 3.947166464180969919e-02 9.992201805174395490e-01 1.009225990540911326e-03 -8.726145746534051673e-02 -3.809736312831624085e-03 -8.595119237542914615e-04 9.999923735451583529e-01 1.976881184331004404e-02
9.990205797772002683e-01 -4.406474163864159549e-02 4.022403006465958761e-03 -2.713891443659203873e+00 4.405950045831293072e-02 9.990279521399927365e-01 1.382484117935601836e-03 -1.068181666504866290e-01 -4.079411843707796137e-03 -1.203905017925890062e-03 9.999909544649477899e-01 3.436921731827553145e-02
9.987770095974805029e-01 -4.923038384350082036e-02 4.566662472285599496e-03 -2.934251771116056506e+00 4.922187587902549649e-02 9.987859512423061803e-01 1.957175503471312618e-03 -1.546893861196242670e-01 -4.657470822669302832e-03 -1.730002203222275612e-03 9.999876574527871709e-01 3.673716407226986641e-02
9.984181525164477211e-01 -5.600662074665811035e-02 4.944811238400063924e-03 -3.177802169597180537e+00 5.599867442039125481e-02 9.984293422230438031e-01 1.731199358583778011e-03 -1.609669297100240204e-01 -5.034003258085948881e-03 -1.451557990625418305e-03 9.999862758011218711e-01 4.429492285843932009e-02
9.980906380377472242e-01 -6.154164220158319515e-02 5.263509906444388715e-03 -3.404734167333882677e+00 6.153568186229859543e-02 9.981040543215699001e-01 1.287091522308769559e-03 -1.815356445812056907e-01 -5.332740303530508763e-03 -9.607403276321161735e-04 9.999853193216777791e-01 5.385131526043644007e-02
9.977025875134837296e-01 -6.743440818798504544e-02 6.492107611224160260e-03 -3.658172961260141243e+00 6.742598773857433336e-02 9.977231397229153753e-01 1.507527421165849200e-03 -1.884344595926900345e-01 -6.578985208763083077e-03 -1.066327240652791908e-03 9.999777897032706697e-01 6.176724412856185453e-02
9.972300938198142006e-01 -7.391591235202836507e-02 8.281176322946367033e-03 -3.949671056600225771e+00 7.389606652705209278e-02 9.972623530178751361e-01 2.677798551153576668e-03 -2.051496476988328987e-01 -8.456437308580864662e-03 -2.058434943914751094e-03 9.999621250395575034e-01 5.002607894612028788e-02
9.967406546998970329e-01 -8.015204245974957842e-02 9.149719009402116840e-03 -4.241843937298537703e+00 8.012237444332634406e-02 9.967786599094692335e-01 3.564865024942793451e-03 -2.468104436823947423e-01 -9.405975865582529710e-03 -2.820148686355707698e-03 9.999517860274078629e-01 5.391583219648657388e-02
9.961249330865280527e-01 -8.748658817209144234e-02 9.011912858369176479e-03 -4.513528049385093333e+00 8.745770221005567946e-02 9.961619020985126305e-01 3.551778654506346049e-03 -2.892266128047758511e-01 -9.288057250964303763e-03 -2.749854083448069995e-03 9.999530840469579296e-01 8.393621802083026107e-02
9.952954426597819815e-01 -9.644174828137902500e-02 9.272055279154041429e-03 -4.786370282608102045e+00 9.641284620798662441e-02 9.953352196748793679e-01 3.516185551823051460e-03 -3.360641325839642812e-01 -9.567910260013953727e-03 -2.605698215614625154e-03 9.999508315062622943e-01 9.452158459084079867e-02
9.943342401466409575e-01 -1.058401894070333665e-01 9.862716577370717747e-03 -5.075361304538984264e+00 1.058106022062881291e-01 9.943802246744594120e-01 3.476382762922193819e-03 -3.814958780453154286e-01 -1.017523133618544046e-02 -2.413106432587582874e-03 9.999453192973104532e-01 8.681275534080157286e-02
9.932851929321713236e-01 -1.152364781602651517e-01 1.025083425472938375e-02 -5.389894692821118660e+00 1.152098549361794261e-01 9.933361712256102427e-01 3.152817855395760333e-03 -4.199891121807876604e-01 -1.054584407639782423e-02 -1.950650164314581426e-03 9.999424884145351466e-01 8.174066776579820559e-02
