1.000000000000000000e+00 0.000000000000000000e+00 0.000000000000000000e+00 0.000000000000000000e+00 0.000000000000000000e+00 1.000000000000000000e+00 0.000000000000000000e+00 0.000000000000000000e+00 0.000000000000000000e+00 0.000000000000000000e+00 1.000000000000000000e+00 0.000000000000000000e+00
9.999999990085108870e-01 -1.205692158738215520e-05 -8.428810211470905308e-05 -4.479189180428022631e-04 1.205719159979245529e-05 9.999999999561215436e-01 8.060745890090603713e-06 -2.619485407024356991e-04 8.428805497863665051e-05 -8.061112841287257764e-06 9.999999990251924320e-01 -3.095180339059641910e-04
9.999999916940210953e-01 1.469193394828692966e-05 -1.737921662756971826e-04 -1.218290071493496147e-03 -1.468903788678322499e-05 1.000000000443245662e+00 2.308911509462569271e-05 -1.113857360708351641e-03 1.737924445747880404e-04 -2.308506749888533652e-05 9.999999908553801609e-01 -4.725019237684091058e-04
1.000000008884508462e+00 -2.175224464400101859e-05 -6.353894768387680807e-05 -1.303983326094725753e-03 2.174623948750476984e-05 9.999999990303525266e-01 -5.887375534764243578e-05 -1.316462526324362579e-03 6.353998752437205232e-05 5.887260418515810937e-05 1.000000006694068189e+00 -5.086807327071640001e-04
1.000000012854502351e+00 3.694176423155549823e-07 1.887707246466836927e-05 -1.146523701413643733e-03 -3.693226102806431573e-07 9.999999998190043371e-01 -7.255540240239893130e-05 -6.849450317436304655e-04 -1.887845821278302542e-05 7.255694335302868294e-05 1.000000010114630689e+00 2.977401995077964109e-04
1.000000013068188087e+00 -2.188727363144535830e-05 4.480358159537311651e-05 -2.337220948138861356e-03 2.188450015835307066e-05 1.000000004894657124e+00 -1.596515653258905585e-05 -3.120177456619194624e-04 -4.480319351466804630e-05 1.596806448967925932e-05 1.000000015455434488e+00 4.789164208403497852e-04
1.000000014596037046e+00 -1.171332364544830093e-05 -3.654568816138390532e-05 -1.413937283030635046e-03 1.170836894121888632e-05 1.000000004230767292e+00 -4.537031285004892778e-05 -3.052311996489739400e-04 3.654624114534330974e-05 4.537160711533424589e-05 1.000000015938029341e+00 -3.184688602851201331e-04
1.000000013719630321e+00 1.259655430381056369e-05 -6.894316728113465730e-05 -6.744392574871580989e-04 -1.260355438486692428e-05 1.000000004216284655e+00 -5.128856075495732790e-05 -6.814394644328578866e-04 6.894245668727223245e-05 5.129039426853294740e-05 1.000000014584407682e+00 -6.188481400564247586e-04
1.000000014431287942e+00 2.234558648516388391e-05 -5.680929322045003411e-05 -1.070345024556934067e-03 -2.234758678368932742e-05 1.000000007620480025e+00 1.074599868579933091e-05 -7.853082816667487052e-04 5.680922693897207440e-05 -1.074373763315692956e-05 1.000000018999066986e+00 -4.891972785491659637e-04
1.000000015303014633e+00 1.832829256569503326e-05 -4.307494086514933464e-05 -1.641306233157364004e-03 -1.832924724263431486e-05 1.000000007264467694e+00 3.649858905535023504e-05 -5.081723646568272893e-04 4.307535001965388929e-05 -3.649689187603717298e-05 1.000000019237711646e+00 -5.045360384205626117e-04
1.000000017087654403e+00 9.777433124116789393e-07 -2.867260065151588336e-06 -8.366274448315038238e-04 -9.831813954539943317e-07 1.000000011115553145e+00 -4.260453638907645306e-05 1.199248045704443927e-05 2.865500577362565470e-06 4.260490125397933136e-05 1.000000024239135588e+00 -4.945267020369722988e-04
1.000000016412947001e+00 -1.894811266507872197e-05 5.134993753149147237e-05 -1.889629997642103135e-03 1.894565868956091549e-05 1.000000009594948169e+00 -7.365743911945418060e-05 -2.601190109808012031e-05 -5.135066836452437133e-05 7.365818307639260634e-05 1.000000022127445209e+00 -4.234848435681748532e-04
1.000000020772122244e+00 8.364888202877376558e-06 -1.329202215461018016e-05 -2.362509147947660683e-03 -8.372790568964659773e-06 1.000000010696978192e+00 -6.821159366649168633e-05 -4.389550426296840043e-04 1.328903548337145213e-05 6.820931045512669121e-05 1.000000026331983705e+00 -4.551441247651762090e-04
1.000000018289682213e+00 9.260237459736379438e-05 -5.723975744892014649e-05 -2.486221070181693620e-03 -9.261295603968912001e-05 1.000000011590089777e+00 -3.810322318823215515e-05 -8.895712517353951410e-04 5.723087386848784526e-05 3.810354956879749734e-05 1.000000027878149123e+00 -5.204433644031785213e-04
1.000000003903073198e+00 1.321385084259868187e-04 -1.539760624854465089e-04 -1.465028049685659179e-03 -1.321723179095693099e-04 9.999999943737213348e-01 -1.655386228124569755e-04 -9.655135823713013399e-04 1.539489050544005076e-04 1.655538183346865323e-04 1.000000004817799715e+00 -1.011472494756006585e-03
9.999999952060478758e-01 4.592359349306139826e-05 -2.403324751286279042e-04 -2.015176485655115549e-03 -4.598580107795619497e-05 9.999999906255218063e-01 -2.272586138178403449e-04 -8.009424188000967238e-04 2.403174151599793212e-04 2.272638669927664343e-04 9.999999764087589282e-01 -2.761908644918071296e-04
9.999999810321128502e-01 5.289805625055477907e-05 -2.953047196186786962e-04 -3.723810466036247928e-03 -5.294032227093296698e-05 1.000000009369418352e+00 -1.227886747794784726e-04 -5.339418184481830492e-04 2.952938030104564353e-04 1.227982995898859386e-04 9.999999816397006080e-01 -3.186603879314886512e-04
9.999999933944342390e-01 4.967102349100547935e-05 -2.565943031765675810e-04 -7.612248681195040757e-03 -4.968518975122948887e-05 1.000000016593306951e+00 -3.458424107048191528e-05 -4.828573147969734297e-04 2.565882204427881864e-04 3.459071184526156160e-05 1.000000000864379013e+00 -1.080085818919442183e-03
9.999998592149826893e-01 6.026196546787536981e-05 -5.797549123699682373e-04 -9.298989248227133853e-03 -6.041217924257477937e-05 9.999999854618353279e-01 -2.502035476652702877e-04 -2.953222465781276968e-04 5.797353372373822847e-04 2.502325383799012333e-04 9.999998366352697010e-01 -1.747070291286449478e-03
9.999976540840233019e-01 1.222801199270996924e-04 -2.176673815347204312e-03 -4.966284402030785895e-03 -1.232212060333039074e-04 9.999999185793531087e-01 -4.300159526519689839e-04 -9.974836815930486749e-04 2.176616576086599138e-03 4.302769607094498712e-04 9.999975760361393684e-01 -2.046809771143878048e-03
9.999823187119133427e-01 2.027277733257366302e-04 -5.948434111561264406e-03 2.073913600321285536e-02 -2.042216157375822949e-04 9.999999666333549975e-01 -2.497596850902024553e-04 -6.383567394283495757e-05 5.948378787711473999e-03 2.509637563648211330e-04 9.999823150234242730e-01 -3.721476095683753493e-03
9.999623873484922987e-01 1.788195579659088922e-04 -8.674984539793463567e-03 6.248443236918532068e-02 -1.754754562012672157e-04 9.999999285471725674e-01 3.867507204671037776e-04 -6.410001534941221117e-04 8.675048506403869666e-03 -3.852200494170194417e-04 9.999623355090996313e-01 -6.507071320679826132e-03
9.999581681888765061e-01 1.399029894960049521e-04 -9.149551702745502973e-03 1.247477154571882824e-01 -1.365440040056711466e-04 9.999999417227081189e-01 3.681775735314425754e-04 -4.297732652030053827e-04 9.149598084760479991e-03 -3.669187001028447154e-04 9.999581171297399207e-01 -7.866318757173581394e-03
9.999663185693229428e-01 1.093820298509221397e-04 -8.211147867785283105e-03 2.062182882495773029e-01 -1.132453897460263773e-04 9.999999021835593860e-01 -4.695613287727874361e-04 -3.503696505143344083e-04 8.211091132193169828e-03 4.704694778363669350e-04 9.999662212350488577e-01 -4.279139728807888551e-03
9.999715442509806707e-01 6.909526888680836908e-05 -7.549099787548800566e-03 3.086280671298217149e-01 -7.984197321430262729e-05 9.999990034569475883e-01 -1.422872361083644260e-03 -4.044496054565032415e-05 7.548989347205451762e-03 1.423429412614300293e-03 9.999705412679964489e-01 -1.304466391010670892e-04
9.999689498694110945e-01 -2.488206302825544936e-05 -7.886112107595570284e-03 4.319676429635496695e-01 1.144132319317063034e-05 9.999985668420322549e-01 -1.704234472166553252e-03 -8.640944306960994829e-04 7.886138607411056350e-03 1.704086091181381511e-03 9.999675050567533585e-01 8.164111909965627092e-04
9.999555059714493321e-01 -9.280013517471250733e-05 -9.437875317579056886e-03 5.813676594667300801e-01 7.862582087972830043e-05 9.999988882156933823e-01 -1.501981238923668065e-03 -1.908795770095995893e-03 9.437999600242229920e-03 1.501167091602142187e-03 9.999543895496949553e-01 -1.342810829483198111e-03
9.999424140244843606e-01 -1.066124648144417124e-04 -1.073602920303797295e-02 7.537210101095512815e-01 9.165407690928266730e-05 9.999990446422309942e-01 -1.393508573295207430e-03 -2.581924529736110644e-03 1.073616263723057955e-02 1.392436905044905707e-03 9.999414559344156350e-01 -1.995104258924822269e-03
9.999411478036860368e-01 -1.192075556645144272e-04 -1.085323814732457384e-02 9.458221679834315498e-01 1.019791583776932917e-04 9.999987545265200950e-01 -1.587629450670541807e-03 -2.710903162844811604e-03 1.085340901289710662e-02 1.586421729373588404e-03 9.999399019947491363e-01 -4.189524719951870072e-06
9.999504446082158049e-01 -2.042921430618247988e-04 -9.958712077443263380e-03 1.159403663649151150e+00 1.804943744470582229e-04 9.999971472782259729e-01 -2.390174510228778616e-03 -1.435365044470670497e-03 9.959167080014711543e-03 2.388251329059233510e-03 9.999476163171925336e-01 3.212809495747935389e-03
9.999576493303198310e-01 -1.765377453145599001e-04 -9.207849743981864551e-03 1.397141904457681605e+00 1.469504216448543337e-04 9.999948461743919381e-01 -3.213465083380551146e-03 -8.187552537998029007e-04 9.208364685969550392e-03 3.211967785453086286e-03 9.999525089375604914e-01 7.560658179096234853e-03
9.999569607989976516e-01 -7.914614661396332442e-05 -9.283704617491223346e-03 1.658908236052095031e+00 5.001411182395698764e-05 9.999950964449484392e-01 -3.137771683396171386e-03 -2.064900102121950375e-03 9.283902316737795840e-03 3.137163882559019026e-03 9.999520481083885581e-01 1.086037068515129100e-02
9.999562925908603850e-01 4.701102484344159532e-05 -9.355688817382872349e-03 1.943829884459659540e+00 -6.946326747361043503e-05 9.999971405601372210e-01 -2.399068023256983873e-03 -2.256620743686207648e-03 9.355544145594755362e-03 2.399604594126877096e-03 9.999534232250690824e-01 1.206556126073096528e-02
9.999574274504512417e-01 -8.984245444631514465e-05 -9.233318527066523146e-03 2.252539183264458789e+00 7.089788585693732037e-05 9.999979151181835890e-01 -2.051631447083326031e-03 -8.679176401454340075e-04 9.233479600723742617e-03 2.050880847532783689e-03 9.999553351493337683e-01 1.141613422156601519e-02
9.999630803670105372e-01 -3.771890178695784263e-04 -8.591883568876676480e-03 2.583218469252126503e+00 3.563876244419345225e-04 9.999970257003227836e-01 -2.422012374624921225e-03 -2.022752265397554251e-03 8.592767569316673085e-03 2.418852423178833970e-03 9.999602267008517176e-01 1.272164790992149665e-02
9.999722221958176060e-01 -7.591897995087969067e-04 -7.423214423705324326e-03 2.935201139902933409e+00 7.344912936620405248e-04 9.999942121929578098e-01 -3.328812972325940252e-03 -2.220867500983098822e-03 7.425694538288242150e-03 3.323259386188182844e-03 9.999669780975734001e-01 1.912766864990547711e-02
9.999802871516202396e-01 -9.622825118652911063e-04 -6.215092413479196380e-03 3.303552786477062853e+00 9.402847907536499494e-04 9.999933123330702056e-01 -3.540671406720690990e-03 -5.548064228277657748e-04 6.218453735799539875e-03 3.534748710093408436e-03 9.999744902160894178e-01 2.551939818659619552e-02
9.999853516990394597e-01 -8.635750242603062185e-04 -5.355633448463405569e-03 3.690889936581643216e+00 8.459692254729078318e-04 9.999942590959514099e-01 -3.288361223318802314e-03 2.543619258257205445e-04 5.358437501463271697e-03 3.283774371531813716e-03 9.999803268362595920e-01 2.717430923451044644e-02
9.999874349886830327e-01 -6.738861024856113114e-04 -4.980894009734364823e-03 4.100925025486716002e+00 6.595308000677862961e-04 9.999956518188604093e-01 -2.882576527325336150e-03 7.459412031134251327e-04 4.982809895026717173e-03 2.879247235551346800e-03 9.999835167011773551e-01 2.609510605103476655e-02
9.999853090148701495e-01 -8.625326181451576204e-04 -5.364185482990255043e-03 4.533086521053361295e+00 8.470171005601999630e-04 9.999954789691251067e-01 -2.893536450035045626e-03 5.014033740158108186e-04 5.366651980459330971e-03 2.888942622754955922e-03 9.999815039981196918e-01 2.835332472654421634e-02
9.999836645184942974e-01 -1.326567871702274883e-03 -5.572710582046219198e-03 4.981720720591709117e+00 1.307973039976080857e-03 9.999935956227948841e-01 -3.338570342290579033e-03 2.656522882202225905e-03 5.577098653955966587e-03 3.331218702511721912e-03 9.999789806814656234e-01 3.175949391426538537e-02
9.999815432480532174e-01 -1.817033478357850309e-03 -5.810578878489693587e-03 5.446509742122781716e+00 1.794729731778697867e-03 9.999910369250041287e-01 -3.841008544067223487e-03 3.753562647084028505e-03 5.817500941048814149e-03 3.830501155426250474e-03 9.999758267310229209e-01 3.879758750661659039e-02
9.999778499822787881e-01 -1.791095842769619426e-03 -6.422101406481629977e-03 5.927385926471367306e+00 1.765720379638700604e-03 9.999906465181460646e-01 -3.954429816504292754e-03 3.984672231100207414e-03 6.429118988132189946e-03 3.942994453325716388e-03 9.999716445787095731e-01 4.465404315382757311e-02
9.999757615399982313e-01 -1.674004313880305631e-03 -6.769660063164838204e-03 6.429438330597809781e+00 1.652318135931035367e-03 9.999935160193260675e-01 -3.207311650336342954e-03 5.449303629098162412e-03 6.774979986646745625e-03 3.196040119258527785e-03 9.999720289540389162e-01 4.633544825304466291e-02
9.999783825784147595e-01 -2.490151067454194050e-03 -6.098668944173680009e-03 6.934692211976368093e+00 2.471633241641074761e-03 9.999923440484339565e-01 -3.041791279674565043e-03 6.898999814678355436e-03 6.106191624824982081e-03 3.026643354569427940e-03 9.999768667098845043e-01 4.438928965694616952e-02
9.999750546217351932e-01 -4.204676764921705910e-03 -5.689628748977534033e-03 7.444344812659576149e+00 4.182225203598091863e-03 9.999834706106884852e-01 -3.951900213113065767e-03 9.707264111136988671e-03 5.706145828022636708e-03 3.927997448705180562e-03 9.999760954506771160e-01 4.879845866497737467e-02
9.999610385712854876e-01 -5.971202842500080224e-03 -6.513710977908973229e-03 7.962868741791303329e+00 5.941537631408664276e-03 9.999719590064193309e-01 -4.563941448262547919e-03 1.423097773194424188e-02 6.540775138892493401e-03 4.525053418120381435e-03 9.999684616730434294e-01 6.053569475115609666e-02
9.999420789787497599e-01 -7.094172431556324682e-03 -8.104177565744068515e-03 8.493748630050674819e+00 7.059433227628773844e-03 9.999658314975051754e-01 -4.307053788014174669e-03 2.078443749184054334e-02 8.134450129861865719e-03 4.249585341769355172e-03 9.999579780222760395e-01 6.742739641774801729e-02
9.999238710808664443e-01 -7.586729655009303262e-03 -9.739861613373521076e-03 9.039348994171179541e+00 7.553257091295929003e-03 9.999654824535257891e-01 -3.468839320500512885e-03 2.599152541554388893e-02 9.765837028301974782e-03 3.394999489300901119e-03 9.999466454093156598e-01 7.125509055689877025e-02
9.999170240137382759e-01 -7.280827819339022976e-03 -1.063518881712648134e-02 9.604655384804894780e+00 7.258086981006895040e-03 9.999713200531792356e-01 -2.175246522076590330e-03 3.035831980400786889e-02 1.065071493921939706e-02 2.097866405129915606e-03 9.999411751082408761e-01 7.459381024228976809e-02
9.999316587179224447e-01 -6.470844463189030435e-03 -9.746175979810863671e-03 1.018565847547540137e+01 6.465556185895970399e-03 9.999789597632858795e-01 -5.741776269505569422e-04 3.500901273148669668e-02 9.749679959708636157e-03 5.111153683480861108e-04 9.999524412592167844e-01 7.784297488814048704e-02
9.999488036170025573e-01 -6.223604738126629898e-03 -7.990108684162907857e-03 1.077945028407194172e+01 6.220017746875746573e-03 9.999805697882100386e-01 -4.739401664627910940e-04 4.351248854596859866e-02 7.992896661945787448e-03 4.242091739763363656e-04 9.999680689760178653e-01 8.120222247897805612e-02
9.999564556490742051e-01 -6.923329457136866323e-03 -6.272292672514139487e-03 1.138351090247334874e+01 6.910155301963060749e-03 9.999739040490551734e-01 -2.119964875390452624e-03 4.987722036809785070e-02 6.286799813227609418e-03 2.076522102760461081e-03 9.999781857341786262e-01 8.896327828707997765e-02
9.999596190498379888e-01 -7.359559237552718708e-03 -5.175854741582512110e-03 1.199920096488554577e+01 7.339563028237143863e-03 9.999655956034636528e-01 -3.871977690816416195e-03 5.097109038767755340e-02 5.204166282469491027e-03 3.833824628162201507e-03 9.999792155898228341e-01 1.012863183077128137e-01
9.999621691301975313e-01 -7.055398864951278187e-03 -5.106536490661133312e-03 1.263532928659434162e+01 7.032550493232603457e-03 9.999652679694400748e-01 -4.478933177248515390e-03 5.229274797532126179e-02 5.137953829500600811e-03 4.442842544139326277e-03 9.999770390078955851e-01 1.111941866869190498e-01
9.999614293755385575e-01 -6.806825434237784474e-03 -5.568338032972899518e-03 1.328962826835442534e+01 6.789312711207680026e-03 9.999719919552779723e-01 -3.158385530816339767e-03 5.774321809125237959e-02 5.589674690740934274e-03 3.120449427145261835e-03 9.999796191909782195e-01 1.133092435676555237e-01
9.999626720679938296e-01 -6.735417380508277284e-03 -5.430518979512056164e-03 1.395054336849093346e+01 6.727104111914879517e-03 9.999762044386908411e-01 -1.547620036202708351e-03 6.494012667733346789e-02 5.440807008766633014e-03 1.511021041141560406e-03 9.999841702242288077e-01 1.110457297019205453e-01
9.999618777108721934e-01 -6.971003905487837410e-03 -5.278335924076156191e-03 1.462037428350864054e+01 6.963442087915460744e-03 9.999747337986615303e-01 -1.449833992614652780e-03 7.196326471790319423e-02 5.288302335804078054e-03 1.413016979557192099e-03 9.999851365338110476e-01 1.137156594579075281e-01
9.999542427298239167e-01 -7.523250896575284924e-03 -5.926896737611954229e-03 1.530379456962065632e+01 7.509082037298876917e-03 9.999689335790493683e-01 -2.409450362693037542e-03 7.783061176700316330e-02 5.944832432129435254e-03 2.364828352072028024e-03 9.999796522967727697e-01 1.247473794894128490e-01
9.999393467071994168e-01 -7.817327056057820495e-03 -7.772879354754438398e-03 1.599687963902755428e+01 7.790742411962818699e-03 9.999637475807646725e-01 -3.445091354868626624e-03 8.205665826601191148e-02 7.799522131867258137e-03 3.384318724684303326e-03 9.999639810330998024e-01 1.375981753163283972e-01
9.999195064939304656e-01 -7.628022088622848570e-03 -1.015028675861755561e-02 1.670091803782500506e+01 7.580430269376426528e-03 9.999601613390283195e-01 -4.719559586367405059e-03 8.503591225771915674e-02 1.018587639989769998e-02 4.642229024548400959e-03 9.999374765140658372e-01 1.462190442790307354e-01
9.999058722688134448e-01 -7.541589852942708234e-03 -1.147210541523331628e-02 1.741241092141041591e+01 7.487601423672203202e-03 9.999607535027268401e-01 -4.742253789682175646e-03 8.939052602604989628e-02 1.150741235348620543e-02 4.655901054686375704e-03 9.999230795234103075e-01 1.563627220394473438e-01
9.999165194560369896e-01 -7.568308462989967698e-03 -1.048417585649830466e-02 1.813500548934096557e+01 7.539015220703383126e-03 9.999676038104112763e-01 -2.831329347688458804e-03 9.717086686464658507e-02 1.050525764043192326e-02 2.752045378884964474e-03 9.999411651079493923e-01 1.628589972445301237e-01
9.999399997910197735e-01 -7.731348672011501000e-03 -7.776216649996977107e-03 1.887084331214905575e+01 7.721348733942981317e-03 9.999693550096263595e-01 -1.316076315262366568e-03 1.078860200634031569e-01 7.786146456023266757e-03 1.255947440214784426e-03 9.999690345655357637e-01 1.636696115810201690e-01
9.999499524841293230e-01 -8.328406703181764556e-03 -5.565995259460067811e-03 1.960826047771949732e+01 8.316201351471763648e-03 9.999630006204467403e-01 -2.213707071922622893e-03 1.159146361969669442e-01 5.584219061462863953e-03 2.167301412343809654e-03 9.999821971302540469e-01 1.674551215592503250e-01
9.999438698242342216e-01 -8.951245542628182006e-03 -5.690645317614836593e-03 2.034810169096476073e+01 8.923032657333275497e-03 9.999478924927253098e-01 -4.965316014063383271e-03 1.198017245140599318e-01 5.734787641307578961e-03 4.914252496538368611e-03 9.999716189782660303e-01 1.859904665439542082e-01
9.999221437186791572e-01 -9.149049779557567180e-03 -8.500749584038671744e-03 2.109573373107904004e+01 9.095725503393502914e-03 9.999388718720366720e-01 -6.291524122538826903e-03 1.240503429165580734e-01 8.557784301874917995e-03 6.213708198981160620e-03 9.999442188775243823e-01 2.092551461842612204e-01
9.998874709642511238e-01 -9.101598560670554061e-03 -1.193643285352379707e-02 2.185458656540673061e+01 9.056646508975963600e-03 9.999517400282404989e-01 -3.815556568019749621e-03 1.323567825316998570e-01 1.197057732579923268e-02 3.707017447988942768e-03 9.999216276638254186e-01 2.240247688762598277e-01
9.998882062481965205e-01 -8.940901047526020676e-03 -1.199634312206923972e-02 2.262193039826445329e+01 8.940563454347337860e-03 9.999600611019466845e-01 -8.282692522667185764e-05 1.404188899948631553e-01 1.199659729257391595e-02 -2.444185858299044201e-05 9.999281897303440303e-01 2.193794373505523754e-01
9.999262316396335670e-01 -9.162895527496394549e-03 -7.990775143617796783e-03 2.338412544790653058e+01 9.168745366496172666e-03 9.999577573984287371e-01 6.941868902234633702e-04 1.479438330004952673e-01 7.984069664184720999e-03 -7.674063082373410241e-04 9.999679855814833651e-01 2.169656458387671238e-01
9.999490301747799847e-01 -9.739376378427715489e-03 -2.715551133314066026e-03 2.414365762779827307e+01 9.733275213920443425e-03 9.999501190624280333e-01 -2.255482531658429581e-03 1.578020338318673610e-01 2.737375596610950104e-03 2.228930232709077763e-03 9.999939289021591016e-01 2.302495557381557534e-01
9.999499984127754315e-01 -9.997120591129381520e-03 -5.934418940866125793e-04 2.490439868769573195e+01 9.993587624368244562e-03 9.999338343115115046e-01 -5.702621342476024702e-03 1.709406862807284211e-01 6.504054150787669892e-04 5.696399508995161551e-03 9.999837242165273699e-01 2.552599888328548339e-01
9.999466005436115079e-01 -1.015561839558663804e-02 -1.989644790729106372e-03 2.566374143496015847e+01 1.014521280536955991e-02 9.999351599457427797e-01 -5.178376239365329800e-03 1.801101870809693473e-01 2.042098341227087822e-03 5.157908361610978251e-03 9.999847759422739735e-01 2.766526588597987835e-01
9.999434361938163152e-01 -1.005341793579416290e-02 -3.515257733311567649e-03 2.641634870237228228e+01 1.005095843257733899e-02 9.999492609604399007e-01 -7.202872333113845456e-04 1.857293205573408712e-01 3.522313630375945026e-03 6.849087462673485041e-04 9.999937275654524615e-01 2.772621034762763337e-01
9.999435727469141444e-01 -1.022780591144587144e-02 -2.923567090046500384e-03 2.716480908534408556e+01 1.023639151941624879e-02 9.999433399722474913e-01 2.932426147245115536e-03 1.921446724313810306e-01 2.893402117097424852e-03 -2.962193437252387627e-03 9.999915927665476989e-01 2.687945280772764400e-01
9.999416353598722385e-01 -1.065998920955421765e-02 -1.842867124696016302e-03 2.791238455957346787e+01 1.066352678118249499e-02 9.999413449843982393e-01 1.914746380705550140e-03 2.049138356230662261e-01 1.822340280446516038e-03 -1.934292372987244171e-03 9.999966377989730759e-01 2.712062096454151972e-01
9.999355106393992276e-01 -1.085140728913046651e-02 -3.396070069553143358e-03 2.865074341269706082e+01 1.084364579704582068e-02 9.999385986621449618e-01 -2.298903630358617878e-03 2.165535351903210004e-01 3.420800274714983717e-03 2.261923353445404773e-03 9.999917630606940389e-01 2.940267975465875039e-01
9.999164929438806304e-01 -1.082988929294213462e-02 -7.073534963586482552e-03 2.938287106978901875e+01 1.080472934637776057e-02 9.999352283204673286e-01 -3.587188753123201658e-03 2.243063212632547543e-01 7.111917936625855585e-03 3.510455453388218461e-03 9.999687217019058716e-01 3.241849872272938304e-01
9.998863749537727497e-01 -1.082892972856080473e-02 -1.050195253010532265e-02 3.011594991701573676e+01 1.082977843709115491e-02 9.999413918328936557e-01 2.298882110185358413e-05 2.325417067130093884e-01 1.050108033619606002e-02 -1.367259162963145157e-04 9.999450293293318248e-01 3.380719030588763552e-01
9.998783119862959534e-01 -1.102888620239897248e-02 -1.104779146723203383e-02 3.085391600105558041e+01 1.107911098777970144e-02 9.999285615380505421e-01 4.494179397357782151e-03 2.388351045027728714e-01 1.099742876964011733e-02 -4.616038310137121105e-03 9.999290534014539933e-01 3.351264662441736930e-01
9.999005465126018510e-01 -1.161421522532092229e-02 -8.021544463489732948e-03 3.158279617703269082e+01 1.165723439512368273e-02 9.999178531348904553e-01 5.335596148192335748e-03 2.473342947990887220e-01 7.958909141071238147e-03 -5.428580411697042467e-03 9.999537783376399869e-01 3.337951951829467578e-01
9.999222322169200039e-01 -1.185718976603407360e-02 -3.908989802686662664e-03 3.230362680053188740e+01 1.186699229439628668e-02 9.999265186076656819e-01 2.490969705261309852e-03 2.596782817561089640e-01 3.879159095487338602e-03 -2.537169752925827297e-03 9.999894465864742621e-01 3.476110483515723049e-01
9.999271725378116038e-01 -1.181347223953653318e-02 -2.537096473159236153e-03 3.301885092290405055e+01 1.181204333302947676e-02 9.999301031453579069e-01 -5.817880170782425411e-04 2.772240518738937620e-01 2.543784633895914814e-03 5.517715985458911815e-04 9.999968028835960476e-01 3.721517454222849630e-01
9.999182056074414904e-01 -1.186008453896030511e-02 -4.824056296750796856e-03 3.372367730042571310e+01 1.186185694503739951e-02 9.999296260591986618e-01 3.367332077449222065e-04 2.904855580285976013e-01 4.819715627404515951e-03 -3.939337123573918354e-04 9.999885009212270415e-01 3.942271861488138573e-01
9.998979388132658297e-01 -1.194726455905708619e-02 -7.857246075739067817e-03 3.442754895066216392e+01 1.198409331771717844e-02 9.999173870640262196e-01 4.655640997365781929e-03 2.965189663283692711e-01 7.800967290561578067e-03 -4.749331854100540158e-03 9.999584920352190265e-01 4.005355290312688776e-01
9.998959084438491240e-01 -1.212479021848815626e-02 -7.843727651817839278e-03 3.513226908301520979e+01 1.219010871606857581e-02 9.998910168683023958e-01 8.332527816142416832e-03 3.001569962384827983e-01 7.741834997113308109e-03 -8.427280168746397598e-03 9.999347197126151610e-01 3.989647928119065545e-01
9.999171527853552011e-01 -1.220997684191281116e-02 -4.119889660791339892e-03 3.583532335052294115e+01 1.224089988024215821e-02 9.998965141623136210e-01 7.562874796849613883e-03 3.088671025341824805e-01 4.027113041162950352e-03 -7.612682405800681208e-03 9.999631170551818160e-01 4.014644698234884346e-01
9.999242300807357209e-01 -1.232522308287272751e-02 -6.004034899977234716e-05 3.652613744564126819e+01 1.232536797515543237e-02 9.999181459107581160e-01 3.444227388690291984e-03 3.250853644813183063e-01 1.757684656966992159e-05 -3.444709941269938520e-03 9.999942754966086866e-01 4.154091959266154599e-01
9.999202652577747763e-01 -1.261588435880000268e-02 8.278771469159650455e-04 3.720897263591300685e+01 1.261516876012601547e-02 9.999200780090702345e-01 8.783720762033833240e-04 3.418121520199656760e-01 -8.389001008621256800e-04 -8.678618303733495526e-04 9.999994815420417682e-01 4.363255998537822200e-01
9.999184600464023909e-01 -1.274178168439488515e-02 -1.054821250950374470e-03 3.788971737045761046e+01 1.274528019351072600e-02 9.999131369124916180e-01 3.369489177999210675e-03 3.512960783205507087e-01 1.011788721955138260e-03 -3.382661522574662710e-03 9.999939819712018174e-01 4.488487308943944765e-01
9.999136201303061577e-01 -1.275839161859819090e-02 -3.220700206440589835e-03 3.857498813190203890e+01 1.278292256781850093e-02 9.998885968533568480e-01 7.711537705629650276e-03 3.553464454414183571e-01 3.121946935754718946e-03 -7.752044590652660931e-03 9.999652964794703003e-01 4.478261100866949285e-01
9.999101103658499801e-01 -1.304312433252073113e-02 -3.169436028278758543e-03 3.924835226367309815e+01 1.307360997234463355e-02 9.998666198616387168e-01 9.793079966776771159e-03 3.618158985373511327e-01 3.041273624910466843e-03 -9.833638651204136202e-03 9.999472432358093021e-01 4.462782026314588424e-01
9.999137470974434061e-01 -1.305319082408462616e-02 -1.585526948973168355e-03 3.992820770622525828e+01 1.306431480090388016e-02 9.998886726748557052e-01 7.214375963485106236e-03 3.753015902023831285e-01 1.491172556612281467e-03 -7.234470523604997691e-03 9.999729406456501213e-01 4.525865870081912101e-01
9.999163669930216658e-01 -1.293546033450445297e-02 -5.784088379894527674e-04 4.060119109836377049e+01 1.293770961235884628e-02 9.999081321412021106e-01 4.052709884982661631e-03 3.898933493556569485e-01 5.259248372575198128e-04 -4.059857242596398748e-03 9.999918423169585902e-01 4.689956137575147510e-01
9.999119930429131164e-01 -1.319881833632387605e-02 -1.485729843817362858e-03 4.126084138228662113e+01 1.320401972398864421e-02 9.999065962974718058e-01 3.540376472462664504e-03 4.017180875498171932e-01 1.438855021756096659e-03 -3.559684895380033597e-03 9.999928552353886113e-01 4.845911690342940004e-01
9.999040558475792428e-01 -1.345801487684685112e-02 -3.343141007029730959e-03 4.191059757593940560e+01 1.347655345460598182e-02 9.998936424989858240e-01 5.582833506672058195e-03 4.087693248410118052e-01 3.267644304697038104e-03 -5.627354351960409812e-03 9.999790564248252078e-01 4.899565530467751007e-01
9.998975152798091903e-01 -1.350442301260086631e-02 -4.796842498251230151e-03 4.256439859502882683e+01 1.353774107384250573e-02 9.998840358326720468e-01 6.980422449445434878e-03 4.144651372482663354e-01 4.702012356027071745e-03 -7.044647776296254077e-03 9.999643625954161008e-01 4.882025244161726230e-01
9.998966638935914419e-01 -1.345261733422055406e-02 -5.109872877185416863e-03 4.321815381353868446e+01 1.348785575724138763e-02 9.998851059572223532e-01 6.923496653733147814e-03 4.223013113013939224e-01 5.016139413607480918e-03 -6.991704458625304028e-03 9.999632088640703076e-01 4.965477725374060070e-01
9.999079866100900604e-01 -1.283785413147105377e-02 -4.431442369324343523e-03 4.386639128221342787e+01 1.286380034561913910e-02 9.999000381016696082e-01 5.875325395227448677e-03 4.337422856056888931e-01 4.355565727163004767e-03 -5.931791654476124831e-03 9.999731576545323186e-01 5.125083695965507724e-01
9.999229057781960917e-01 -1.192259256439311653e-02 -3.531546356411253366e-03 4.450615235144792337e+01 1.193808139722540157e-02 9.999191164118346187e-01 4.396249990449881476e-03 4.448906800225893021e-01 3.478839256070575831e-03 -4.438072097866121828e-03 9.999843413070554909e-01 5.220317357247629131e-01
9.999279735598165519e-01 -1.140126399582234128e-02 -3.807803272447111108e-03 4.513851999409153137e+01 1.141570418836922521e-02 9.999276987828888963e-01 3.790383070492097436e-03 4.531432143416855296e-01 3.764307607259459020e-03 -3.833581269749700409e-03 9.999858096525837681e-01 5.299181083750241772e-01
9.999258748812436259e-01 -1.102940301832668057e-02 -5.200517631976697523e-03 4.576625232823108291e+01 1.104939069960683001e-02 9.999316652456562426e-01 3.829438838512509539e-03 4.577656898988083922e-01 5.157920606168326337e-03 -3.886620192420395074e-03 9.999793919579269552e-01 5.378972081955377682e-01
9.999229355297403199e-01 -1.051772774441928592e-02 -6.629742216877727683e-03 4.640313237248544453e+01 1.054048028473032923e-02 9.999386926658788699e-01 3.405594468881854419e-03 4.612464575457385085e-01 6.593511394940796896e-03 -3.475215467141177118e-03 9.999724734053840880e-01 5.453459359725905120e-01
9.999205197348219887e-01 -1.003476798367157301e-02 -7.662690467994453733e-03 4.703252784901917494e+01 1.005417329774955897e-02 9.999463817806126809e-01 2.497297681006864934e-03 4.662390935172441853e-01 7.637214481401167002e-03 -2.574143875156425284e-03 9.999677756523174255e-01 5.573747584186878878e-01
9.999262477106423130e-01 -9.683794943838324246e-03 -7.361184072229148660e-03 4.765431274220489399e+01 9.705508041422216195e-03 9.999486855654813322e-01 2.918730595287700232e-03 4.747076924897575267e-01 7.332536715749843684e-03 -2.989962446391564860e-03 9.999689017202777475e-01 5.693486526156639194e-01
9.999418064202205692e-01 -9.187065997916086038e-03 -5.696770915199112113e-03 4.827037408340667213e+01 9.209607553923186696e-03 9.999498644918106693e-01 3.942289068427878677e-03 4.841665026337014788e-01 5.660262146392903981e-03 -3.994527146206937503e-03 9.999762615476592842e-01 5.751824172835302562e-01
9.999476193965533000e-01 -9.152585106445863816e-03 -4.633005739010532392e-03 4.888501253928686907e+01 9.174101567780172314e-03 9.999471838427494985e-01 4.642838920263086915e-03 4.946110119878849853e-01 4.590262189489407139e-03 -4.685102671531192649e-03 9.999787510175722760e-01 5.800316740363455903e-01
9.999483029453514193e-01 -9.117084930045985663e-03 -4.555341878431362450e-03 4.949380651664522901e+01 9.139167123061765763e-03 9.999465282997606064e-01 4.849045937604714966e-03 5.008449297954883361e-01 4.510887205689372535e-03 -4.890429328062284760e-03 9.999781303477646155e-01 5.891269862256758305e-01
9.999523210822132135e-01 -8.749462052901528161e-03 -4.391437944455680968e-03 5.009919718492847096e+01 8.769586323215058238e-03 9.999510989759016200e-01 4.582340481497067762e-03 5.055179447752919941e-01 4.351129070628369927e-03 -4.620635481871098252e-03 9.999801252216092839e-01 6.017585271243556244e-01
9.999582837541939329e-01 -8.107683727950319025e-03 -4.263733887335026222e-03 5.070349607462753738e+01 8.125275118962337756e-03 9.999585437944793487e-01 4.122485382567210935e-03 5.104597719147104806e-01 4.230132427012823701e-03 -4.156960166624187880e-03 9.999826799091695584e-01 6.143410400883617672e-01
9.999651977179900841e-01 -7.594815453924133944e-03 -3.522672066274733661e-03 5.130524335563575988e+01 7.613467579012062753e-03 9.999569771581030553e-01 5.308848789034288120e-03 5.177296199088667894e-01 3.482199782899472740e-03 -5.335486290134451581e-03 9.999799726897385943e-01 6.223557046990401131e-01
9.999740596302281181e-01 -7.071547744818440506e-03 -1.537398286729507041e-03 5.190548350220436902e+01 7.082145976707970338e-03 9.999505137808984978e-01 6.994176904827772122e-03 5.244443177862398997e-01 1.487861574335256482e-03 -7.004886158058372912e-03 9.999746298429013081e-01 6.257235663705043027e-01
9.999776877492477789e-01 -6.610805849025190410e-03 1.190551889444089540e-03 5.251000741637015068e+01 6.601563064852818824e-03 9.999492604296597031e-01 7.615886609014292652e-03 5.290563897259805692e-01 -1.240839564384575841e-03 -7.607859407548421896e-03 9.999705643470941929e-01 6.258978144169582425e-01
9.999762020930194062e-01 -6.512932972061118153e-03 2.382033796494497941e-03 5.310129165644552529e+01 6.495745928525271246e-03 9.999533352207689019e-01 7.158294264328212905e-03 5.354323768677023976e-01 -2.428545841059658386e-03 -7.142652695922836054e-03 9.999718178939894786e-01 6.330762195758370403e-01
9.999801152889831179e-01 -6.293053113992845386e-03 8.195127484304305827e-04 5.367768030607179952e+01 6.286707146213097071e-03 9.999518470511291612e-01 7.542527895324987151e-03 5.420148531581120421e-01 -8.669405203688616791e-04 -7.537227637552069807e-03 9.999714989796916198e-01 6.452177030727140883e-01
9.999809094424592093e-01 -5.914136457790148196e-03 -1.926912146953497790e-03 5.424695236197661785e+01 5.929739193692612140e-03 9.999489510056621677e-01 8.187959004392030005e-03 5.456675326552652416e-01 1.878387288586985280e-03 -8.199230609798496480e-03 9.999649038014666314e-01 6.556087501900231818e-01
9.999777775229630183e-01 -5.766649306271080105e-03 -3.421369301070527075e-03 5.481814884905053731e+01 5.794365832708770966e-03 9.999501111630293426e-01 8.143085502327725850e-03 5.477293053633146558e-01 3.374238407525963386e-03 -8.162730638704155522e-03 9.999612769135697299e-01 6.608496003410672115e-01
9.999790781659416705e-01 -5.379163482757533775e-03 -3.663876523164571498e-03 5.537987967477706519e+01 5.406681237762302888e-03 9.999570204419868658e-01 7.539085565395485695e-03 5.501347292217998453e-01 3.623163214539371069e-03 -7.558738670244775221e-03 9.999651559683534474e-01 6.639835027252182220e-01
9.999845315081936636e-01 -4.739445318797825928e-03 -2.999481388012527946e-03 5.593868830817711313e+01 4.763586753009777137e-03 9.999559921233650561e-01 8.089189143304340718e-03 5.526842981299742164e-01 2.961009264146412332e-03 -8.103353933772395115e-03 9.999630740919003280e-01 6.736088398211435013e-01
9.999898412463386066e-01 -4.535838503473604323e-03 -5.192313999732573035e-04 5.649271951475788001e+01 4.540207244565785255e-03 9.999517106710685832e-01 8.722144657768288872e-03 5.580394832453758891e-01 4.796423047889220872e-04 -8.724415203074419381e-03 9.999621190571886808e-01 6.801262888903442105e-01
9.999828362104633550e-01 -5.064956338805469589e-03 3.035065008695551209e-03 5.704165827446038861e+01 5.039061812579235730e-03 9.999513758216118653e-01 8.483337683631067203e-03 5.612340825041239878e-01 -3.077886834324374075e-03 -8.467899500822070533e-03 9.999597084739418884e-01 6.798640249556773263e-01
9.999664994272426943e-01 -6.009130310075843154e-03 5.606445353027883667e-03 5.757948964737155961e+01 5.968174130882001986e-03 9.999556330738861298e-01 7.295619833748805821e-03 5.648965194081519980e-01 -5.650038541995064736e-03 -7.261916311331836384e-03 9.999579704666081703e-01 6.813510808560281351e-01
9.999566966806073820e-01 -6.976348393566761917e-03 6.203377404003067482e-03 5.810644089893399666e+01 6.934777841844155626e-03 9.999535684775112676e-01 6.699494374760375792e-03 5.699403402212024350e-01 -6.249828889185844553e-03 -6.656185853677315696e-03 9.999586194566693065e-01 6.930717036242637352e-01
9.999551460343036879e-01 -7.709078395964508862e-03 5.552187601278462011e-03 5.862476849579446281e+01 7.670645207138790736e-03 9.999467460148044884e-01 6.912310611273367496e-03 5.769512264643896771e-01 -5.605180934231580522e-03 -6.869412066310038277e-03 9.999610008827426455e-01 7.026571739231132208e-01
9.999583575952768477e-01 -8.309629737630642998e-03 3.846386087602802432e-03 5.913077158918201803e+01 8.280921879533538130e-03 9.999382223143863380e-01 7.422397843632936795e-03 5.855186338333275842e-01 -3.907827294593727019e-03 -7.390237175964143451e-03 9.999653667092747167e-01 7.091335853355101859e-01
9.999638014721572432e-01 -8.539893884406086350e-03 1.813891552793752218e-04 5.962255806796956392e+01 8.537887812782562688e-03 9.999218330781072250e-01 9.140373594262929044e-03 5.922432953361290719e-01 -2.594343369257258274e-04 -9.138494067736138357e-03 9.999585228673528725e-01 7.134846972826713873e-01
9.999486049833175016e-01 -9.026969486252828939e-03 -4.677072239314827504e-03 6.010177423767623850e+01 9.082000792959834742e-03 9.998882412030891675e-01 1.188010855924464919e-02 5.982259213726608404e-01 4.569306493127427322e-03 -1.192197514746367280e-02 9.999188077086030857e-01 7.144458949030016992e-01
9.999232297372679934e-01 -9.793049890568134713e-03 -7.629923570344788152e-03 6.057460710152388828e+01 9.881394814783736949e-03 9.998836328938072171e-01 1.162727739983830146e-02 6.025123804306585784e-01 7.515167442621102645e-03 -1.170177899573489159e-02 9.999036133909307011e-01 7.161032866733879620e-01
9.999232602545991000e-01 -1.014395980246456976e-02 -7.153163146602876249e-03 6.103966897216917431e+01 1.020118749606606715e-02 9.999159488835518417e-01 8.009293028957944344e-03 6.023832515019630351e-01 7.071314902118603328e-03 -8.081648033380798429e-03 9.999426687034799199e-01 7.224114888894926922e-01
9.999341164495805234e-01 -9.580594934458227380e-03 -6.369898117960831781e-03 6.149500956621529468e+01 9.596687766044796619e-03 9.999508844061673063e-01 2.500907081571144067e-03 6.013935524345404016e-01 6.345624644351936620e-03 -2.561870533991123400e-03 9.999769186467566406e-01 7.394495383811691136e-01
9.999423977262774654e-01 -8.552178182195396480e-03 -6.532257928600970938e-03 6.194380852979730889e+01 8.562745345782298706e-03 9.999621334337890355e-01 1.591802077863914335e-03 6.035802462868269380e-01 6.518396965287599071e-03 -1.647641213600344913e-03 9.999777357050582127e-01 7.615191486949061117e-01
