1.000000000000000000e+00 0.000000000000000000e+00 0.000000000000000000e+00 0.000000000000000000e+00 0.000000000000000000e+00 1.000000000000000000e+00 0.000000000000000000e+00 0.000000000000000000e+00 0.000000000000000000e+00 0.000000000000000000e+00 1.000000000000000000e+00 0.000000000000000000e+00
9.999999932212390030e-01 -1.130005515258463778e-04 2.807841208952216160e-05 1.827623557782005921e-03 1.130057602480493350e-04 9.999999763959928067e-01 -1.855740065766000322e-04 -2.643264515992534928e-03 -2.805744146166710412e-05 1.855771783409429542e-04 9.999999823869453186e-01 -8.162793299763873014e-04
9.999999610489337387e-01 -2.788404991321768132e-04 1.225181905993043261e-05 5.045579612573647746e-03 2.788431952624109223e-04 9.999999367884677692e-01 -2.206117243761539822e-04 -9.639101821895628558e-03 -1.219030280213471867e-05 2.206151321194665591e-04 9.999999755901797238e-01 1.716355014233447891e-03
9.999999328142559207e-01 -3.657340112163488593e-04 2.470054085698526709e-05 1.026971001189731780e-02 3.657351986256700098e-04 9.999999319628057881e-01 -4.808480318411431946e-05 -1.506759120807606850e-02 -2.468295292848269630e-05 4.809383381071753499e-05 9.999999985388674517e-01 4.112573082010337333e-03
9.999999500748214531e-01 -2.342393220846666001e-04 2.120902984420242510e-04 1.155458187946693457e-02 2.342098438043824931e-04 9.999999629118926370e-01 1.390034620906334005e-04 -1.746380386642892163e-02 -2.121228506527240141e-04 -1.389537815151902183e-04 9.999999678478709297e-01 7.742713209468211899e-04
9.999999175036143884e-01 -1.625562653737372605e-04 3.722475318320766168e-04 -3.806454195191736820e-03 1.625530641003656543e-04 9.999999867510113161e-01 8.630090010070481338e-06 -8.346341029922710320e-03 -3.722489297753751717e-04 -8.569579321216144944e-06 9.999999306786458986e-01 -2.566967013938009894e-03
9.999998853008418287e-01 -2.585529078390387536e-04 4.031732842563899078e-04 -3.576676404532685982e-02 2.586117197973965536e-04 9.999999559271804950e-01 -1.458273483456298868e-04 1.538406458347681832e-05 -4.031355624024493133e-04 1.459315969557737085e-04 9.999999080928394513e-01 1.692722044157609664e-03
9.999999782455786246e-01 -1.388597817987003694e-04 1.556496167395499737e-04 -6.929274372357728529e-02 1.388702902520939019e-04 9.999999880790758633e-01 -6.750474500186286338e-05 -4.405794992589501247e-04 -1.556402411899013782e-04 6.752635864079043610e-05 9.999999856081529526e-01 5.744495672979669891e-03
9.999999953966282051e-01 2.870048508038506286e-05 9.155886494765121521e-05 -1.013133636776192559e-01 -2.870621895574796477e-05 9.999999976270740332e-01 6.262431633366854458e-05 -1.443587099524744431e-04 -9.155706738213219991e-05 -6.262694435421007158e-05 9.999999938475846450e-01 5.157572039192734152e-03
9.999998363007261970e-01 5.522855673734859911e-04 1.495967005745788947e-04 -1.370797204611424458e-01 -5.523058876935816241e-04 9.999998382546334552e-01 1.358267767704026622e-04 6.215626206085798737e-03 -1.495216612095325818e-04 -1.359093776741648397e-04 9.999999795859567664e-01 7.936503955221986713e-04
9.999990113028506267e-01 1.392154850873810693e-03 1.982377170254804189e-04 -1.778546190582505071e-01 -1.392173004258357143e-03 9.999990267437397495e-01 9.146529107301320529e-05 7.821368549357877314e-03 -1.981101902407274534e-04 -9.174118183960934363e-05 9.999999761679537746e-01 6.634060578263188852e-04
9.999958495521424906e-01 2.868564670672736194e-03 2.687288949418487971e-04 -2.343438868303149292e-01 -2.868580670955488566e-03 9.999958838632082569e-01 5.917410867401348619e-05 5.049032493325402403e-03 -2.685580440593964436e-04 -5.994473358871832966e-05 9.999999621416022499e-01 5.485801659388742611e-03
9.999856474742474521e-01 5.355333694151674824e-03 1.588915806332404155e-04 -2.918811947465616563e-01 -5.355329101614227268e-03 9.999856596926002261e-01 -2.931498869453459254e-05 -1.022003814562731129e-03 -1.590462936258303910e-04 2.846365124463774092e-05 9.999999869470483915e-01 3.525395729054033901e-03
9.999651105633711179e-01 8.353243877227880393e-03 3.118833865466562376e-05 -3.607704303099080190e-01 -8.353245089721794692e-03 9.999651102810074299e-01 3.895078465656005487e-05 -5.575363189844508016e-03 -3.086188509884848309e-05 -3.920994952235080493e-05 9.999999987550619585e-01 3.675310307428768415e-03
9.999346864665639156e-01 1.142902902682354713e-02 -9.824382127931481686e-06 -4.267278656504242540e-01 -1.142902847501425095e-02 9.999346850359455141e-01 5.449937394467063988e-05 -4.664633446336260113e-03 1.044661537552329064e-05 -5.438353125489870575e-05 9.999999984666498865e-01 1.980974986622492835e-03
9.998977684589869241e-01 1.429713314621386747e-02 -2.112215370351591974e-04 -4.799600145269463103e-01 -1.429712895400295225e-02 9.998977906006691896e-01 2.134415354870110884e-05 -5.788640150019283732e-03 2.115051084139121134e-04 -1.832210995013782600e-05 9.999999774649444007e-01 -5.968763083698471958e-03
9.998559853816809673e-01 1.696877447844639258e-02 -2.630382622090638128e-04 -5.278711730127407797e-01 -1.696879368533141946e-02 9.998560171372199434e-01 -7.096027101755643114e-05 -1.695064214102996042e-02 2.617962803712239168e-04 7.541349370398374604e-05 9.999999628877556113e-01 -7.985544493527410581e-03
9.998039529248594626e-01 1.979915015609081536e-02 -2.221911833162021170e-04 -5.732044384334792353e-01 -1.979919735906452566e-02 9.998039541408084707e-01 -2.122930543241317630e-04 -3.158491076516418972e-02 2.179444015951055038e-04 2.166506419816804430e-04 9.999999527813674405e-01 -4.085035743257985422e-03
9.997266007431721002e-01 2.338000979106297228e-02 -3.144974910264276423e-04 -6.186997301609228339e-01 -2.338013397881047450e-02 9.997265684122312868e-01 -3.971723016572853578e-04 -3.292689600856345267e-02 3.051256051766206251e-04 4.044167085213772549e-04 9.999998716727371839e-01 -1.089645454120135443e-02
9.996214228032305193e-01 2.751168077672339757e-02 -3.442291167200125482e-04 -6.517522577366697822e-01 -2.751178127010744934e-02 9.996214370406459881e-01 -2.906890772974553912e-04 -4.315808656657456333e-02 3.361014592270033748e-04 3.000493852074438369e-04 9.999998985030825738e-01 -1.216750424970993415e-02
9.994747889144914854e-01 3.240417506307805007e-02 -3.402393482230243560e-04 -6.974026269802531264e-01 -3.240421891189941561e-02 9.994748376923882072e-01 -1.241631345662892608e-04 -5.580536069708590813e-02 3.360372633929046226e-04 1.351231130338644004e-04 9.999999344103488452e-01 -1.299715016344746982e-02
9.992770170307574418e-01 3.801829581114737205e-02 -2.289491810571388924e-04 -7.551129687151835190e-01 -3.801830534949870305e-02 9.992770421938235170e-01 -3.745284581198564248e-05 -4.927987920716925263e-02 2.273597670884265815e-04 4.613002791726187972e-05 9.999999730897780603e-01 -8.643611916130916617e-03
9.989585345610569878e-01 4.562717113249639689e-02 -8.649896822664246800e-05 -8.128340944587840733e-01 -4.562719309649224120e-02 9.989585003533935081e-01 -2.717017380784799590e-04 -5.174813656183434307e-02 7.401189788149908422e-05 2.753654752344947862e-04 9.999999593480461968e-01 -1.085442338452943800e-02
9.985237375058539921e-01 5.431707305050977042e-02 3.482191902355065817e-05 -8.633487465103328873e-01 -5.431704841874461509e-02 9.985236102902388389e-01 -5.078818986007516004e-04 -5.358131912884028791e-02 -6.235716648795876758e-05 5.052407077407557656e-04 9.999998704216971346e-01 -1.520870233839530759e-02
9.979571403882192548e-01 6.388697487527356111e-02 -1.973459359338613253e-05 -9.227997816382239593e-01 -6.388697516723834680e-02 9.979569589922627770e-01 -6.019990829181371805e-04 -6.806718079008224065e-02 -1.876562527592493017e-05 6.020300667961507850e-04 9.999998186038084880e-01 -2.040849003075724533e-02
9.972187541500224794e-01 7.453018993900827061e-02 -8.461165627651126423e-05 -9.929415353336563665e-01 -7.453022681275368877e-02 9.972185833960469648e-01 -5.849964279476365910e-04 -8.404920651055594605e-02 4.077642112227708221e-05 5.896755349934467956e-04 9.999998253100081946e-01 -2.154406656232087450e-02
9.962300058028088490e-01 8.675075261820969219e-02 -2.871555494252977766e-04 -1.077562272723163739e+00 -8.675093381257104053e-02 9.962297897599980967e-01 -6.938857232323173384e-04 -9.076515609968377474e-02 2.258778039109468779e-04 7.161807901443241735e-04 9.999997180321069656e-01 -3.458482238767437295e-02
9.950034866190001770e-01 9.983739110311960763e-02 -7.462933444195732433e-04 -1.159518822774496138e+00 -9.983813752332236502e-02 9.950031475228988675e-01 -1.040536111067116984e-03 -1.116130489390560337e-01 6.386798159953392933e-04 1.109845596017658116e-03 9.999991801650867096e-01 -4.871495279657609562e-02
9.935099924183157238e-01 1.137361278891289296e-01 -1.410027569181112076e-03 -1.249630868449647547e+00 -1.137389178556573177e-01 9.935084798564213227e-01 -2.087826239636822630e-03 -1.054324298031897034e-01 1.163413074611158908e-03 2.234651241377643392e-03 9.999968263968876947e-01 -5.737139795876301795e-02
9.916303617675654714e-01 1.290084452090894673e-01 -5.103595346479369334e-03 -1.323736352937833205e+00 -1.290391230166715586e-01 9.916199755304638819e-01 -6.223251565743721792e-03 -9.753082419296796313e-02 4.257975083951631885e-03 6.829728669250679368e-03 9.999676117027435085e-01 -3.425233300204529735e-02
9.893410305799472670e-01 1.453074219289264002e-01 -9.490961140837271548e-03 -1.383186337636242991e+00 -1.454216070881924894e-01 9.892880932038150554e-01 -1.271317572627529875e-02 -9.818452824257245526e-02 7.541976060375939206e-03 1.395785719688931274e-02 9.998741404894797569e-01 2.180489985306875711e-02
9.866975508356152780e-01 1.622112812244216051e-01 -1.074445989940407166e-02 -1.478283244498268312e+00 -1.623622952712865664e-01 9.866155816229105202e-01 -1.510560072044274914e-02 -1.133113999704992159e-01 8.150352706347023871e-03 1.664915440547910797e-02 9.998281739420752379e-01 2.509050786204064520e-02
9.836410172251206507e-01 1.797632233945031521e-01 -1.164185325229024487e-02 -1.588680022419137527e+00 -1.799386635429882919e-01 9.835418751911598756e-01 -1.635411592902872441e-02 -1.108861213593616141e-01 8.510381583288258861e-03 1.818139874362806330e-02 9.997984847683216714e-01 -5.694255751795031240e-04
9.801120302105280624e-01 1.980744511770280436e-01 -1.212105719465709358e-02 -1.690543925054835972e+00 -1.982471563992584396e-01 9.800334273193397339e-01 -1.524946937819390835e-02 -1.186217972235444618e-01 8.858510947386877277e-03 1.734915351328845251e-02 9.998102488253295395e-01 -2.196353482394033940e-02
9.761488366926297511e-01 2.167237851323066122e-01 -1.281598929273483276e-02 -1.765609443913707111e+00 -2.168870397763451585e-01 9.761086073096673088e-01 -1.311482798345872669e-02 -1.137010301511523908e-01 9.667502297892736213e-03 1.558164605898377728e-02 9.998318617174654088e-01 -2.866898771507801758e-02
9.721242117990644971e-01 2.341307917519235837e-01 -1.254149862117865007e-02 -1.834671208829139255e+00 -2.342792181660718898e-01 9.720945650916513747e-01 -1.205837695410189904e-02 -1.053395545592208798e-01 9.368285304245179898e-03 1.466045268368291500e-02 9.998486417241200241e-01 -2.200837632732353250e-02
9.679660070796135551e-01 2.509285883436713771e-01 -8.755152208945030101e-03 -1.930742616991279137e+00 -2.510032207050989506e-01 9.679460337417675753e-01 -8.823772393276108419e-03 -1.039992417195534091e-01 6.260378104943184821e-03 1.073868313310736601e-02 9.999227411908131469e-01 -1.041141929573572572e-02
9.634864364602948594e-01 2.677077841056250129e-01 -5.140922708839682290e-03 -2.021776678373279790e+00 -2.677388621064273888e-01 9.634674130513305457e-01 -6.815108666212668642e-03 -8.889969895894762886e-02 3.128653863511771539e-03 7.942689559140745162e-03 9.999635619399186437e-01 -1.263731627583960853e-03
9.586465616320510863e-01 2.845919150319992652e-01 -2.052259599890854293e-03 -2.107024669789272942e+00 -2.845971965745511256e-01 9.586423229483728159e-01 -3.054890186902958597e-03 -6.880721408082138280e-02 1.097985861629291893e-03 3.512627302610162559e-03 9.999932279153097570e-01 -1.272628468600632209e-02
9.534649182476028217e-01 3.014999928922923456e-01 1.550469941602644012e-03 -2.187103884162671097e+00 -3.015025657172419882e-01 9.534635884450637366e-01 1.840754025469623157e-03 -7.072729299741407905e-02 -9.233293087011155281e-04 -2.222565051868999678e-03 9.999971038295950576e-01 -5.581468959842130623e-02
9.476277475305836528e-01 3.193701878190300381e-01 2.082124527953426504e-03 -2.285796823790652521e+00 -3.193752743199058663e-01 9.476238385306670065e-01 2.914584273812527784e-03 -6.144558204155987219e-02 -1.042239510536180965e-03 -3.426920022664357336e-03 9.999935849574040914e-01 -7.406430939209765474e-02
9.412413692775291052e-01 3.377343087167883895e-01 4.706125318371549631e-04 -2.389963613081828697e+00 -3.377344912815857803e-01 9.412413431314208268e-01 3.838996318750230539e-04 -4.072650035778171973e-02 -3.133038947729418480e-04 -5.202842992019467280e-04 9.999998155724417748e-01 -3.946872656084307596e-02
9.344103054558576815e-01 3.561980788421454380e-01 -5.564953328928297881e-04 -2.478183180676436947e+00 -3.561983767133330425e-01 9.344074366645305219e-01 -2.336393119264705727e-03 -2.142244822499033211e-02 -3.122253629779322298e-04 2.381372542462069711e-03 9.999971157859089965e-01 2.354005956321659609e-03
9.270951107572961147e-01 3.748261559463058057e-01 -9.180649498046747001e-05 -2.566154625023862046e+00 -3.748253051984092310e-01 9.270924256152714982e-01 -2.371697643384030815e-03 -2.649994058896407417e-03 -8.038612046178708311e-04 2.233200686876186426e-03 9.999971833069610794e-01 1.251283731986976150e-02
9.194362154005475407e-01 3.932377554053437252e-01 1.055241055365327939e-03 -2.666377845828386217e+00 -3.932373101983373531e-01 9.194368094799454383e-01 -6.092957535265763544e-04 1.993783313633899767e-02 -1.209825563672146161e-03 1.452484274593839183e-04 9.999992576122243015e-01 -2.089694326361175858e-02
9.112741340314975957e-01 4.117964643176686423e-01 1.767659642336949673e-03 -2.763138015426258143e+00 -4.117981568833584682e-01 9.112748014689011633e-01 7.170741131314148798e-04 4.261024138863122451e-02 -1.315535105193947792e-03 -1.381370074191686685e-03 9.999981805903974674e-01 -4.655165461544378408e-02
9.023772416854659584e-01 4.309429304512877312e-01 1.871999515708247866e-03 -2.872745067568339028e+00 -4.309439109645031296e-01 9.023787049585713094e-01 1.357936305769517037e-04 5.884043354555705541e-02 -1.630733193570430180e-03 -9.292638744214530479e-04 9.999982385874002233e-01 -5.092657713546083070e-02
8.929144782449319750e-01 4.502215106278086298e-01 2.079881870424174582e-03 -2.968273920819735068e+00 -4.502166318552997537e-01 8.929160444045268763e-01 -2.433525393859918822e-03 7.102894911110962939e-02 -2.952785371542588234e-03 1.236532646994949192e-03 9.999948760096536438e-01 -4.635481151914542380e-02
8.830552160961574470e-01 4.692618242394209771e-01 2.612591981074466503e-03 -3.066418291925224526e+00 -4.692239938725465409e-01 8.830338458336670637e-01 -8.948222532993054673e-03 9.480056668411780685e-02 -6.506066374174996995e-03 6.675883738829537124e-03 9.999565508944078251e-01 -2.404745803690456346e-02
8.728105771068312979e-01 4.880511242182945519e-01 2.792246353573248768e-03 -3.165746593610662352e+00 -4.879752150415230805e-01 8.727523356756117234e-01 -1.354806546868031480e-02 1.184609422057661399e-01 -9.049088109835245336e-03 1.046234782556618517e-02 9.999043220640448926e-01 -7.811680037857723566e-03
8.624328708541895150e-01 5.061607457849452985e-01 3.292825022515595383e-03 -3.278315000358587916e+00 -5.060750340569835082e-01 8.623773086406431032e-01 -1.390817910238492834e-02 1.655290445681611988e-01 -9.879431887715312000e-03 1.032845429621081189e-02 9.998978547118836380e-01 -1.128615748262139402e-02
8.522554801949419057e-01 5.231154261626259627e-01 3.293537366297393919e-03 -3.387232285919527186e+00 -5.230700521121437463e-01 8.522396851936814288e-01 -9.232527518182922707e-03 2.121983464698127264e-01 -7.636560815459348187e-03 6.145721411599532925e-03 9.999519553694781182e-01 -1.786437679788877020e-02
8.422200978752216738e-01 5.391128071007411648e-01 4.763187484373370729e-03 -3.492815504151915995e+00 -5.391200860052967059e-01 8.422288556938967163e-01 2.958076921987769572e-04 2.581383112122310752e-01 -3.852220229115999994e-03 -2.817065229710621725e-03 9.999886122065581029e-01 -1.520145915854994451e-02
8.309480082229004916e-01 5.563071101012532216e-01 6.914252033784761518e-03 -3.570150733982576874e+00 -5.563499732496995920e-01 8.308761088372523806e-01 1.093613407584690181e-02 3.245302631351159039e-01 3.389623180630879640e-04 -1.293410276202140718e-02 9.999162935417585940e-01 -3.384182311287184386e-02
8.182411649566940781e-01 5.748010913774378450e-01 9.225037757032032715e-03 -3.669030356104107327e+00 -5.748690747616586050e-01 8.180536615715954252e-01 1.771309323580240458e-02 3.622106264250374852e-01 2.634929408333258963e-03 -1.979677096427586575e-02 9.998005526135705923e-01 -8.120597253378747382e-02
8.048819010185577216e-01 5.933612435148676312e-01 9.357355782622818474e-03 -3.748404587473567862e+00 -5.934328561553179338e-01 8.047362953329498803e-01 1.539286227902276864e-02 3.856522894883249730e-01 1.603324076513805863e-03 -1.794239862140003389e-02 9.998377366771152852e-01 -8.683763311774432558e-02
7.917574702115075524e-01 6.107614921613954140e-01 9.513572255438900588e-03 -3.844774429766824930e+00 -6.108353928226154528e-01 7.916734514395872280e-01 1.154422630463132309e-02 4.079482912450250187e-01 -4.808736993177553307e-04 -1.495145406030139353e-02 9.998881051307531020e-01 -3.920704245751071432e-02
7.783071667724992260e-01 6.278258828263143521e-01 8.521443769929238493e-03 -3.950892585639463661e+00 -6.278815857558042168e-01 7.782681598996203931e-01 7.961504583660728579e-03 4.983957275010348908e-01 -1.633529718648367261e-03 -1.154695370294733792e-02 9.999319974082439000e-01 2.487102656234715242e-02
7.647893073596701008e-01 6.442018138461452770e-01 1.006669685907587465e-02 -4.030646514274076608e+00 -6.442804608625166685e-01 7.646945941098516331e-01 1.203600805717676761e-02 5.522075761349454215e-01 5.566955322214815760e-05 -1.569078635715228168e-02 9.998768904842211258e-01 1.995762379373815232e-02
7.511096794075163841e-01 6.600516906840752096e-01 1.288468569395564631e-02 -4.111445081227879328e+00 -6.601739693106585261e-01 7.508993999070816550e-01 1.790032021485298691e-02 5.859182018346967835e-01 2.140033866017382325e-03 -2.195123787576906682e-02 9.997567521206214280e-01 -4.203725118596132043e-02
7.373588559543928778e-01 6.753076359392136130e-01 1.617140648860153004e-02 -4.208915806254806213e+00 -6.754929455164766505e-01 7.370198886307137709e-01 2.260451990741230155e-02 6.287733397072187147e-01 3.346356690984389481e-03 -2.759131394045754443e-02 9.996136860267249569e-01 -1.109986624070492672e-01
7.231355101500649418e-01 6.904868222980177217e-01 1.740638367930093938e-02 -4.311992750009555841e+00 -6.907008792749967929e-01 7.228015185681664345e-01 2.214181845058478884e-02 6.888752768511325897e-01 2.707273305665039778e-03 -2.803413969320486462e-02 9.996033001560720166e-01 -1.058831490886156107e-01
7.087753472994446913e-01 7.052469288732868824e-01 1.625657944798326177e-02 -4.378950074236520607e+00 -7.054318991961535668e-01 7.085250148630081179e-01 1.892455838010580205e-02 7.519121185254059592e-01 1.828293482848826826e-03 -2.488117015277209465e-02 9.996887439172101875e-01 -3.916596278484964222e-02
6.939935895902643592e-01 7.198176652448916579e-01 1.534361134195500603e-02 -4.437884348026698511e+00 -7.199792777741326200e-01 6.937851755207657956e-01 1.708712390833533323e-02 8.154488815298640558e-01 1.654443549447433964e-03 -2.290543666934701655e-02 9.997362671162470793e-01 2.291254932640324204e-02
6.794755615665259985e-01 7.335115259877936777e-01 1.654697787853045415e-02 -4.503873184089017379e+00 -7.336951281364189059e-01 6.792353240863504560e-01 1.818882794999319985e-02 8.776407542567953302e-01 2.102423063555641618e-03 -2.449930114041744267e-02 9.996976363185485770e-01 2.153200351538250845e-02
6.649688727332812022e-01 7.465578115729846198e-01 2.162943076424227173e-02 -4.608917959159778199e+00 -7.468660684821629703e-01 6.645795051872536163e-01 2.291630500456222352e-02 9.266875736710610267e-01 2.733870118762920728e-03 -3.139291742449256545e-02 9.995033820301724159e-01 -4.790817814072916708e-02
6.502252029942652278e-01 7.593211463486597701e-01 2.527018201010409332e-02 -4.700175620384967168e+00 -7.597352984851304392e-01 6.497254285290819942e-01 2.567379516959915342e-02 9.794309154727010025e-01 3.075975743777929761e-03 -3.589239794800580530e-02 9.993509264231287270e-01 -1.015172513970543922e-01
6.350132984464114116e-01 7.720540948468043174e-01 2.627899211328845602e-02 -4.748969776955033417e+00 -7.724984302112533063e-01 6.345523172589953020e-01 2.428027970161317911e-02 1.030184532050719692e+00 2.070294026938153398e-03 -3.571878065557207438e-02 9.993597363267749945e-01 -7.350303481837758279e-02
6.198662319739600690e-01 7.841864317732727407e-01 2.859186389704604370e-02 -4.794650968816737802e+00 -7.847074681713441802e-01 6.194448803167957873e-01 2.285234441867440430e-02 1.091250756934179167e+00 2.094147175943378986e-04 -3.660164575552551924e-02 9.993299133286579483e-01 -2.315456021687638949e-02
6.052918598595732336e-01 7.953977083454277786e-01 3.105237425030011461e-02 -4.854977315580591757e+00 -7.960032436289896651e-01 6.048688069120732314e-01 2.263984445380388261e-02 1.140190976456165961e+00 -7.749321687136722508e-04 -3.842150418199460210e-02 9.992613209248754069e-01 -1.918806348084791877e-02
5.917361778584413479e-01 8.053755833599015590e-01 3.490652576784942368e-02 -4.918929100420504241e+00 -8.061309603970198134e-01 5.912387465122518337e-01 2.428207800003687189e-02 1.194195642457086759e+00 -1.081897805610590457e-03 -4.250781516756213518e-02 9.990955485572030614e-01 -5.640759984669098392e-02
5.789809585569195560e-01 8.144809286890030142e-01 3.744150678605001614e-02 -4.993476290876004420e+00 -8.153404302315615526e-01 5.784269484324953137e-01 2.534261543099597044e-02 1.257651908931176843e+00 -1.016099563323623334e-03 -4.520046602603337849e-02 9.989774198712936260e-01 -8.827433115956873078e-02
5.663629457709853376e-01 8.233005683349651216e-01 3.753915072208620363e-02 -5.040340051358200846e+00 -8.241557526900241681e-01 5.658057224588268763e-01 2.512329080325133301e-02 1.305175938728248664e+00 -5.558466980393576840e-04 -4.516700800549575123e-02 9.989792952920895086e-01 -8.410571337336594788e-02
5.554782872818830874e-01 8.307423960780778716e-01 3.620695674645789397e-02 -5.076146204778741122e+00 -8.315310366455058722e-01 5.549559754885815543e-01 2.408319673064998959e-02 1.344759573404163522e+00 -8.633444346351284993e-05 -4.348490114937522688e-02 9.990540805774195121e-01 -5.542324348662801270e-02
5.469587595498275334e-01 8.364367752849583004e-01 3.477982608660121211e-02 -5.112333306819036416e+00 -8.371590771610718518e-01 5.464419783386978979e-01 2.378747225143189661e-02 1.382105328027177560e+00 8.915596091298959303e-04 -4.212701342595077947e-02 9.991118655392263737e-01 -4.139287534851929240e-02
5.405293342927856015e-01 8.405991275201317725e-01 3.494489349520683158e-02 -5.163097303207745625e+00 -8.413243303440546272e-01 5.400037128720367452e-01 2.386129199232087800e-02 1.421477523047450120e+00 1.187408996918458415e-03 -4.229771739477417719e-02 9.991043454830260684e-01 -4.529462360093701456e-02
5.359225562809157850e-01 8.435127377268223370e-01 3.568297860226377072e-02 -5.170640617784061810e+00 -8.442658802213884872e-01 5.353696868554949084e-01 2.438076886099817264e-02 1.432362344423629530e+00 1.461904009460151393e-03 -4.319212531064148264e-02 9.990657151297991367e-01 -5.727446315808014388e-02
5.331844075140377281e-01 8.452203286172143004e-01 3.629026971673002255e-02 -5.170173371599104506e+00 -8.459978878140198555e-01 5.326218840307606062e-01 2.452554720572848457e-02 1.439379689475091206e+00 1.400499240233620685e-03 -4.377813088439858058e-02 9.990402964135863817e-01 -7.409195289089634540e-02
5.333381245511031876e-01 8.451209198546756340e-01 3.634660540268794260e-02 -5.175189928411965568e+00 -8.459013347588928422e-01 5.327854494486359282e-01 2.430219555798213832e-02 1.452250060954654920e+00 1.173351369046775339e-03 -4.370692942545686271e-02 9.990437065347856915e-01 -6.647739229256467708e-02
5.347854243238274741e-01 8.442056751020916572e-01 3.635007642640351866e-02 -5.174566249316780109e+00 -8.449874772745311624e-01 5.342471010590217340e-01 2.400413004579136575e-02 1.450815068208259451e+00 8.444998564657406337e-04 -4.355241825034597558e-02 9.990507863389825882e-01 -4.292146192702214758e-02
5.350586745061796101e-01 8.439592910810154169e-01 3.801223268528140797e-02 -5.175711891513617324e+00 -8.448147759653175104e-01 5.345410584340626325e-01 2.353404255249102670e-02 1.474708969935393466e+00 -4.573252241614166047e-04 -4.470538945386540175e-02 9.990001096133160896e-01 -2.087522476051344167e-02
5.338905703544070125e-01 8.445934951054042683e-01 4.028258820238898863e-02 -5.166134351029691096e+00 -8.455533900060737684e-01 5.333162897877392616e-01 2.476286930621297497e-02 1.461173396045709616e+00 -5.688021469726911583e-04 -4.728174143025436205e-02 9.988814310975252519e-01 -6.122353490035720158e-02
5.334254712768562445e-01 8.448508105589278561e-01 4.104113169719358911e-02 -5.169771573588446856e+00 -8.458469065781606400e-01 5.327668830211422790e-01 2.650394287823958084e-02 1.444749013406742444e+00 5.265218137142126109e-04 -4.885239250905791530e-02 9.988058702875752815e-01 -9.950238254497927037e-02
5.332338689343014693e-01 8.450059191412063742e-01 4.033159602199705429e-02 -5.183712389835799073e+00 -8.459671794577937609e-01 5.325660725798999628e-01 2.670036735788556756e-02 1.451412006047975600e+00 1.082728766343857979e-03 -4.835674671797246527e-02 9.988295413859525906e-01 -8.653373817435910942e-02
5.331178832723015848e-01 8.451030128576152434e-01 3.982737995703597433e-02 -5.180464252510647682e+00 -8.460406614050565155e-01 5.324864596123910498e-01 2.594936567155684340e-02 1.452089765574146707e+00 7.223465618170707425e-04 -4.752965377996051788e-02 9.988695661731824549e-01 -4.998380445372764547e-02
5.333851843640897705e-01 8.449306553447734069e-01 3.990529738690932332e-02 -5.179856698891505573e+00 -8.458720883502516275e-01 5.327459064457575888e-01 2.611913695496459117e-02 1.464814728602831684e+00 8.094756760215898739e-04 -4.768633791705752245e-02 9.988620314764147246e-01 -3.912253877222061221e-02
5.331801746707444112e-01 8.450091999268104503e-01 4.096771139722515942e-02 -5.172558839004373965e+00 -8.460013160709868307e-01 5.325073942722508002e-01 2.678895764183446618e-02 1.465113738962461998e+00 8.213064183657942108e-04 -4.894207887318932637e-02 9.988012807217148126e-01 -5.305192729815198793e-02
5.326174915514307884e-01 8.453346505724484983e-01 4.156845240104365541e-02 -5.169827824940369077e+00 -8.463554325711452053e-01 5.319137265617110977e-01 2.739104329051113285e-02 1.451407598801460530e+00 1.043767584756806477e-03 -4.977063428156705549e-02 9.987601286156949643e-01 -7.254484269588742928e-02
5.323480148220371966e-01 8.455026006095669455e-01 4.160460884920406943e-02 -5.173857372825078293e+00 -8.465252393078899207e-01 5.316591058822431881e-01 2.708531608110699429e-02 1.442692586354958451e+00 7.812360435597853758e-04 -4.963816570898833824e-02 9.987669608949283351e-01 -7.264798158769222858e-02
5.320796370823959176e-01 8.456920516921664355e-01 4.118511268602044473e-02 -5.171054878611051286e+00 -8.466940587879678848e-01 5.314119372037429123e-01 2.665565250603840058e-02 1.460108251909617350e+00 6.562129405924682635e-04 -4.905412013337383942e-02 9.987959064205845783e-01 -5.637025422791670792e-02
5.316944037088098263e-01 8.459409949528899908e-01 4.104746183197727216e-02 -5.165334422195041242e+00 -8.469358502891122242e-01 5.310205319997585161e-01 2.677424302855230948e-02 1.465363033094184253e+00 8.523847674276677222e-04 -4.900028217069642839e-02 9.987984009735900726e-01 -4.867256472577725923e-02
5.316040885338164657e-01 8.459789028207073125e-01 4.143415301900806036e-02 -5.168228755795277962e+00 -8.469923905607789072e-01 5.309099834553669961e-01 2.717498481248908915e-02 1.457629382995245804e+00 9.916583420301883223e-04 -4.954074534859431722e-02 9.987716111123896567e-01 -5.232020440835458142e-02
5.312556668773347202e-01 8.461795788364542270e-01 4.180354974017237019e-02 -5.160796928092702629e+00 -8.472108849662959296e-01 5.305461463161025293e-01 2.746821843073187289e-02 1.456335049221919808e+00 1.064333286122473576e-03 -5.000906907045477023e-02 9.987481965968011410e-01 -6.425482025168251232e-02
5.309820571533914180e-01 8.463423734335941973e-01 4.198382917199666026e-02 -5.155914563529865546e+00 -8.473824885825314013e-01 5.302719128185759967e-01 2.747028429784997838e-02 1.456783404782787006e+00 9.864202090549417656e-04 -5.016258971105129472e-02 9.987405777120762496e-01 -6.229942650470844667e-02
5.306829401818593528e-01 8.465355093155760846e-01 4.187180994124002631e-02 -5.162660765132076612e+00 -8.475700437419136923e-01 5.299881691405965434e-01 2.715808392226493062e-02 1.459304231828181697e+00 7.987185158088647152e-04 -4.990162360902314354e-02 9.987538185208184593e-01 -5.912128123660372048e-02
5.302989916616994703e-01 8.467875154572657159e-01 4.163992204958955751e-02 -5.175359398305896086e+00 -8.478102357754540019e-01 5.296074303971645136e-01 2.708825912608241529e-02 1.456968353253674353e+00 8.851875248165677612e-04 -4.966762863096638170e-02 9.987654094476952071e-01 -5.555347708607774604e-02
5.298473484726742289e-01 8.470755540070247225e-01 4.153062869941591406e-02 -5.171971083245529677e+00 -8.480923391535177824e-01 5.291487495971094468e-01 2.722104092297253364e-02 1.442029842720691901e+00 1.082398074197080812e-03 -4.964480439590701621e-02 9.987663499592389638e-01 -5.427107269743024903e-02
5.294341275735097163e-01 8.473339125627528112e-01 4.153005154793205922e-02 -5.159961504973002988e+00 -8.483500584438838921e-01 5.287238813920179803e-01 2.744513771177440470e-02 1.441545965102575266e+00 1.297265869308134728e-03 -4.976241419843378117e-02 9.987602411161589089e-01 -5.789173032964680526e-02
5.289254151825253381e-01 8.476533957295827593e-01 4.149247982587621342e-02 -5.147363388002365703e+00 -8.486669061157569027e-01 5.282029829868559734e-01 2.767835305245664596e-02 1.440665476257730671e+00 1.545198337567370989e-03 -4.985307886073597067e-02 9.987553668893113246e-01 -5.976256094273921932e-02
5.279136105221803321e-01 8.482668852531614068e-01 4.183911098883079382e-02 -5.152570733980004647e+00 -8.492966758441673480e-01 5.271823527392256459e-01 2.781947807529968827e-02 1.420259872428306425e+00 1.541501048693671300e-03 -5.022009899666325661e-02 9.987369851123378828e-01 -6.101595524464866610e-02
5.257540747772796452e-01 8.495971607263068659e-01 4.203947360380026754e-02 -5.145155818026998951e+00 -8.506348722218262104e-01 5.250104647893232279e-01 2.800582121374632985e-02 1.389846659957887587e+00 1.722502610777793680e-03 -5.048441687785258647e-02 9.987233634181484909e-01 -6.339017120439686959e-02
5.229251742359193322e-01 8.513559549818207062e-01 4.174086807105582136e-02 -5.112377551635681527e+00 -8.523747364791361969e-01 5.221481696401311101e-01 2.861114387059403297e-02 1.361278298449309254e+00 2.563349850579862976e-03 -5.054034881609593965e-02 9.987187303636048119e-01 -5.647834807590647321e-02
5.192391389441410876e-01 8.536440777118851075e-01 4.101835169740639109e-02 -5.083429810087887191e+00 -8.546210219755393522e-01 5.184286059238165656e-01 2.923507067501226325e-02 1.323235411058524713e+00 3.691258055433407209e-03 -5.023513857165402136e-02 9.987305970413917766e-01 -5.597294282728243475e-02
5.147161188600949400e-01 8.564037222130641558e-01 4.049668585464142462e-02 -5.064040672729924530e+00 -8.573496317991088356e-01 5.138953238472414586e-01 2.938035026801600474e-02 1.281443560517393498e+00 4.350383837441545998e-03 -4.984235856726435682e-02 9.987476225017605236e-01 -5.343999879953501009e-02
5.094254716574666553e-01 8.595785963775008920e-01 4.012886088905592147e-02 -5.049573800056967876e+00 -8.605005843559063727e-01 5.085949803606879538e-01 2.949390233684046764e-02 1.237355082408796214e+00 4.942989956630242099e-03 -4.955585335353370618e-02 9.987591222355326481e-01 -5.569385941053320299e-02
5.032704719807470362e-01 8.632335123667119747e-01 3.932855399459894707e-02 -5.049405731538149311e+00 -8.641090184162038002e-01 5.024283062463900107e-01 2.968840470905592666e-02 1.195922503342884635e+00 5.868247102936725162e-03 -4.892545563828357147e-02 9.987851938562791743e-01 -5.359206612965101979e-02
4.967866442520026959e-01 8.670545416755462975e-01 3.767561350054667024e-02 -5.038427702297156863e+00 -8.678381875857347216e-01 4.959114062266629652e-01 3.047552037621326440e-02 1.150503347505031471e+00 7.740171880613013616e-03 -4.783616763602757671e-02 9.988252053313214640e-01 -5.606273074701387943e-02
4.889385221953747029e-01 8.716314196742286358e-01 3.460909923837759972e-02 -5.000009011461860275e+00 -8.722594567065576898e-01 4.880600179477549982e-01 3.099772680081665580e-02 1.089265731165071527e+00 1.012727502263149892e-02 -4.534409683217784093e-02 9.989200924914315438e-01 -4.845287073567648706e-02
4.802191428337352352e-01 8.765576318230390296e-01 3.219150429567047000e-02 -4.967932274573244378e+00 -8.770645727437325068e-01 4.793418644771056947e-01 3.145015417237573274e-02 1.011421498638203964e+00 1.213713697239770031e-02 -4.333699403970735220e-02 9.989867841236517165e-01 -3.338919838109528221e-02
4.708272753023405865e-01 8.816943533134858901e-01 3.060627658647704225e-02 -4.926926049238891103e+00 -8.821223458868011624e-01 4.699586140329925499e-01 3.160803668935557864e-02 9.420621101973969402e-01 1.348494414303912266e-02 -4.188040629342909549e-02 9.990316250500563822e-01 -3.077655431697762928e-02
4.612141265195858209e-01 8.868068007232260408e-01 2.924427618888508426e-02 -4.904163555933450880e+00 -8.871628444455802454e-01 4.603426056757700113e-01 3.204329625475051124e-02 8.537824505583304635e-01 1.495382673440860330e-02 -4.072325614042651698e-02 9.990585565798025813e-01 -3.592598440412121674e-02
4.514039165870247228e-01 8.918441713759284184e-01 2.912864694211340227e-02 -4.883247481729190653e+00 -8.921756001597465069e-01 4.505037661835139540e-01 3.269640858054887605e-02 7.690905939786166767e-01 1.603753626623641293e-02 -4.074715495901074652e-02 9.990407733387338673e-01 -3.422079291210587682e-02
4.417456605115722690e-01 8.966565272045592394e-01 2.945918601479671425e-02 -4.840963466151814387e+00 -8.969819050793768067e-01 4.408123998893817008e-01 3.328498255874235562e-02 6.743165898155347726e-01 1.685922238321599029e-02 -4.112785339916789212e-02 9.990116447246297771e-01 -2.633683180480409988e-02
4.326226986297200261e-01 9.010645727733633814e-01 3.033539719691082104e-02 -4.807573575855574433e+00 -9.013991134387518978e-01 4.316286328528263772e-01 3.429812813306390429e-02 5.665186666941637306e-01 1.781120215399523143e-02 -4.218244888998183562e-02 9.989511509996239491e-01 -2.131470612403935788e-02
4.237509533544654428e-01 9.052312745167780950e-01 3.148760340056561829e-02 -4.769285168596553603e+00 -9.055659946040197639e-01 4.226419574616315789e-01 3.638688238682697557e-02 4.691768517156231777e-01 1.963056158172890586e-02 -4.393307899214485973e-02 9.988415918564144125e-01 -3.949157765544036164e-02
4.144273165856950936e-01 9.095108616384951494e-01 3.224890430979797384e-02 -4.713862535210111560e+00 -9.098080528535649192e-01 4.131721534695047549e-01 3.921834468940789409e-02 3.324900538247499426e-01 2.234516122978764258e-02 -4.559346618732239287e-02 9.987101329267868977e-01 -5.303857332823174592e-02
4.055194926893540552e-01 9.135005740342797553e-01 3.272067065343296083e-02 -4.648796051229873605e+00 -9.137741264889104320e-01 4.041855689872894120e-01 4.063091903772305530e-02 1.977799204550769741e-01 2.389114497879684523e-02 -4.637593192015169313e-02 9.986383159733756010e-01 -4.283566444177819288e-02
3.968127672768251291e-01 9.172771641321465497e-01 3.379692127687863173e-02 -4.603891414417643269e+00 -9.175902167096267048e-01 3.954541933635875584e-01 4.054842968519081076e-02 7.317883241408916495e-02 2.382901434992285711e-02 -4.710185891067957681e-02 9.986058246186377829e-01 -2.404409702314627348e-02
3.884704361532057559e-01 9.208088242548170266e-01 3.466741134552403514e-02 -4.550424601708335182e+00 -9.211602173534328974e-01 3.871071234924442495e-01 4.014883443864783463e-02 -5.932132313418825992e-02 2.354939914975748283e-02 -4.753087539554815000e-02 9.985921297926487750e-01 -2.532991126631757225e-02
3.818671407358096292e-01 9.235618357980542870e-01 3.479974545288370275e-02 -4.486382687102490330e+00 -9.239081934563792009e-01 3.804951101847700023e-01 4.021344538397299273e-02 -2.058485530564324872e-01 2.389847046208994769e-02 -4.750796336202903203e-02 9.985849270476521156e-01 -2.983768277079308640e-02
3.768455355240580840e-01 9.256608404637679532e-01 3.375575191721776752e-02 -4.430576274268189785e+00 -9.259761308448833939e-01 3.755458540951391866e-01 3.916014016180319884e-02 -3.653983985270837787e-01 2.357217557047852630e-02 -4.601434454453696282e-02 9.986626220275850452e-01 -2.463070880629066733e-02
3.733431709853396452e-01 9.271303463651061616e-01 3.231404536002881883e-02 -4.378483527120768493e+00 -9.274280159274328472e-01 3.721769348030138369e-01 3.689992511562673744e-02 -5.386849969193168164e-01 2.218449800011641077e-02 -4.374528602663025484e-02 9.987963746424649569e-01 -1.553403393186970557e-02
3.723806937138662843e-01 9.275569935686998058e-01 3.115513811515844417e-02 -4.318284861632998073e+00 -9.278743853409674447e-01 3.713816167537001833e-01 3.353833277802602264e-02 -7.097416397066506066e-01 1.953826955750002925e-02 -4.139708225470341285e-02 9.989517193555931263e-01 -1.861699169952395899e-02
3.732417783452534055e-01 9.272687641519595791e-01 2.938050247648550661e-02 -4.261009431505401679e+00 -9.275983058708500151e-01 3.724581092339803723e-01 2.891954030370562367e-02 -8.653566848191804883e-01 1.587317999652381600e-02 -3.804728497470458159e-02 9.991498617639155144e-01 -1.118324402873054242e-02
3.752931038254969653e-01 9.265123647506274818e-01 2.701710912042095195e-02 -4.203197840867749946e+00 -9.268148107583034090e-01 3.746873910411286923e-01 2.497329681564841586e-02 -1.005068917248493676e+00 1.301509815848172699e-02 -3.441216295137947134e-02 9.993229759496840003e-01 1.601234366882569454e-02
3.786593490909223592e-01 9.251726492841148008e-01 2.593581235765386739e-02 -4.123332623616312809e+00 -9.254492715096389599e-01 3.780912660249603485e-01 2.430309482188330178e-02 -1.162098428211710832e+00 1.267845449247366474e-02 -3.320487271855075695e-02 9.993681469906008363e-01 4.477446223363436284e-02
3.844392986331404138e-01 9.227819055814490135e-01 2.607643376555267289e-02 -4.046271548301509036e+00 -9.230355197004984635e-01 3.837927540671999260e-01 2.661862687564701610e-02 -1.353947273129030071e+00 1.455524090113873015e-02 -3.430272083937353084e-02 9.993054929826643562e-01 3.118111178410488959e-02
3.923754034532633828e-01 9.194120961351198718e-01 2.688754814619848804e-02 -3.963722737861102186e+00 -9.196689071554714490e-01 3.916464855250650912e-01 2.867283709935363606e-02 -1.523891921962598150e+00 1.583173952381292104e-02 -3.597815804471306972e-02 9.992271654470568087e-01 2.993449537370851399e-03
4.021930715119417243e-01 9.151572690454786718e-01 2.697973574762063328e-02 -3.883192621100847841e+00 -9.154167311634268112e-01 4.014458542002847796e-01 2.921360045372430742e-02 -1.680584203017235323e+00 1.590413574691456819e-02 -3.644720920214596788e-02 9.992090168766085689e-01 -1.735087916453655760e-03
4.137597037486741014e-01 9.100125332284679791e-01 2.607866792832549963e-02 -3.810709829178334562e+00 -9.102611037891369383e-01 4.130583749869075616e-01 2.841657582745170385e-02 -1.830467280206242497e+00 1.508742795812086090e-02 -3.549603104970608380e-02 9.992559238239855368e-01 2.006176323445178072e-02
4.261717470458014079e-01 9.042973502375616368e-01 2.497887854276388542e-02 -3.712404220779520703e+00 -9.045290633042771811e-01 4.255191256349103446e-01 2.757983605441383795e-02 -2.000574485922045120e+00 1.431138210713529119e-02 -3.434786852522385414e-02 9.993074643321531170e-01 3.857791607289665081e-02
