1.000000000000000000e+00 0.000000000000000000e+00 0.000000000000000000e+00 0.000000000000000000e+00 0.000000000000000000e+00 1.000000000000000000e+00 0.000000000000000000e+00 0.000000000000000000e+00 0.000000000000000000e+00 0.000000000000000000e+00 1.000000000000000000e+00 0.000000000000000000e+00
9.999999839876827501e-01 1.244592733920457596e-04 -1.285866385309455441e-04 4.562864506440734644e-03 -1.244574653815342172e-04 9.999999921562076066e-01 1.406854671645309456e-05 8.902082814343960501e-04 1.285883884834406843e-04 -1.405254292406956680e-05 9.999999916337761752e-01 1.289799048670864649e-04
9.999999938110567532e-01 6.106032887694169968e-05 -9.300281029426593139e-05 9.642614800310464473e-03 -6.105949679651728073e-05 9.999999980958208523e-01 8.949644056430085614e-06 7.141094880919932172e-05 9.300335658538133002e-05 -8.943965296244017215e-06 9.999999956351905972e-01 8.976275928498293581e-04
9.999999973080702098e-01 -1.668469716480261452e-05 7.145264526538546888e-05 6.898326621346904247e-03 1.669855033697501193e-05 9.999999810652975274e-01 -1.938828589115702155e-04 -3.168448255074512732e-05 -7.144940903566451059e-05 1.938840515452448408e-04 9.999999786519779832e-01 1.244923432580468645e-05
9.999999952953300131e-01 -8.706915586748615698e-05 4.275864818180931902e-05 3.708683042546852271e-03 8.707655590536419912e-05 9.999999812280814249e-01 -1.730939349446784033e-04 3.321724776305990973e-05 -4.274357623634604764e-05 1.730976574061474094e-04 9.999999841050937199e-01 2.773256218712804796e-03
9.999999997467019508e-01 1.974724582805018270e-05 1.080010947885022543e-05 -4.139098047447718406e-03 -1.974657555372631181e-05 9.999999978794142930e-01 -6.205839405853599963e-05 1.926305322622272114e-03 -1.080133493831083624e-05 6.205818077763890586e-05 9.999999980160566571e-01 1.070700794901636218e-03
9.999999964340172687e-01 8.311760960457440428e-05 -1.494752028709365054e-05 5.385171753307850782e-06 -8.311814638003678043e-05 9.999999959007922490e-01 -3.591363453904855655e-05 1.168210155448630569e-03 1.494453517036556091e-05 3.591487682116039195e-05 9.999999992433912244e-01 1.075933380899960065e-03
9.999999946076510993e-01 -1.201545696296994329e-05 -1.031519589876508074e-04 2.226575012535174890e-03 1.201865764824600496e-05 9.999999994463990571e-01 3.102827275842572421e-05 2.336314259427503710e-03 1.031515861116698339e-04 -3.102951233919127184e-05 9.999999941984597518e-01 -1.388830424518501050e-03
9.999999990020950191e-01 -4.529658505436402121e-06 -4.444425775416097491e-05 2.397861152367425364e-03 4.526924273548594523e-06 9.999999980973747205e-01 -6.152038362590218402e-05 2.300771614746167665e-03 4.444453633592914988e-05 6.152018236872144983e-05 9.999999971199752258e-01 -2.231992540801681132e-03
9.999999949688441747e-01 1.001979219901294287e-04 -4.763204285578555441e-06 1.071980784574821715e-03 -1.001982391731204823e-04 9.999999927599301230e-01 -6.663672163013985707e-05 1.398691730753298884e-03 4.756527390057048250e-06 6.663719855956235275e-05 9.999999977684296271e-01 1.282981353953978419e-03
9.999999974233211297e-01 3.717743601516787928e-05 6.141006439129340056e-05 3.586659162385405324e-03 -3.717084078548731242e-05 9.999999935424060959e-01 -1.073942104843562717e-04 3.676508652165564380e-03 -6.141405663612082015e-05 1.073919275439097639e-04 9.999999923476436958e-01 7.046736409642753154e-04
9.999999998198465523e-01 1.871042161325841364e-05 3.197974755058511903e-06 9.882072663441351761e-04 -1.871020742253439145e-05 9.999999975828819387e-01 -6.696390241823768619e-05 2.128967356026022738e-03 -3.199227670175743673e-06 6.696384257140289579e-05 9.999999977528043482e-01 9.660566312403880531e-04
9.999999962637116102e-01 1.594919492143750714e-05 -8.495999038439282041e-05 -1.185679417307026638e-03 -1.595565861650432023e-05 9.999999969786901310e-01 -7.607914749151641076e-05 2.136912242428695534e-03 8.495877672654955593e-05 7.608050279986542622e-05 9.999999934968816229e-01 7.993296111275567260e-05
9.999999934587874284e-01 1.003200436309259274e-04 -5.493918359831959563e-05 6.686853276042952800e-04 -1.003239110575624891e-04 9.999999924897259307e-01 -7.039645612182277446e-05 5.494341126137273178e-03 5.493212101016166409e-05 7.040196737511347812e-05 9.999999960130124821e-01 -1.858065014396968534e-03
9.999999973437511125e-01 7.073049508046969818e-05 -1.759815003817246496e-05 3.255538957250618277e-03 -7.073173800027234112e-05 9.999999950036985163e-01 -7.063727208442940376e-05 4.010846105538643132e-03 1.759315374102113366e-05 7.063851664453701755e-05 9.999999973503403972e-01 -9.605645644598831455e-04
9.999999985577249229e-01 3.319725913346547984e-05 -4.221957133768260552e-05 5.897468005461430247e-03 -3.319758618542912953e-05 9.999999994189615604e-01 -7.745776712642615770e-06 5.829254335304215676e-03 4.221931417459469583e-05 7.747178289329269274e-06 9.999999990787553639e-01 -1.472285852088658789e-03
9.999999971595887605e-01 -3.625532859278946386e-05 -6.607854108508122708e-05 3.153954117505038731e-03 3.626092540262594295e-05 9.999999957555170127e-01 8.470012554393795590e-05 3.889843935875033753e-03 6.607546997372854719e-05 -8.470252137240377645e-05 9.999999942297576050e-01 -9.046771303958332355e-04
9.999999971458963799e-01 -5.309222094394832361e-05 -5.375335665909648108e-05 -2.677313144335046260e-03 5.309212991941729848e-05 9.999999985891766530e-01 -1.694799420603797983e-06 2.523017947656943597e-03 5.375344656392528844e-05 1.691945535571315209e-06 9.999999985538521319e-01 1.054856761309429410e-03
9.999999997076141067e-01 2.373066430424736810e-05 4.650534183691982508e-06 -4.890637330332075691e-04 -2.372992335382167523e-05 9.999999870363778243e-01 -1.592612158875939400e-04 1.009066752706328559e-03 -4.654313497855130368e-06 1.592611054842084503e-04 9.999999873071186984e-01 1.346752294139964877e-03
9.999999961498151624e-01 5.661563381129039045e-05 6.704505646211199657e-05 4.688226039948771920e-03 -5.660250943417318169e-05 9.999999792409444144e-01 -1.957403043975346776e-04 3.767711033992587367e-03 -6.705613703171581154e-05 1.957365087254573873e-04 9.999999785953466169e-01 1.676999107861368472e-03
9.999999977716285127e-01 5.735905117782158773e-05 3.415673018752495607e-05 7.674720037530753517e-05 -5.735766771476027320e-05 9.999999975348031755e-01 -4.050298335235275846e-05 8.171910925868770652e-04 -3.415905331601685351e-05 4.050102411171674376e-05 9.999999985964130866e-01 3.085350479699888043e-03
9.999999985731814478e-01 -3.584929271883337287e-05 -3.960385477198013224e-05 1.057866722900443254e-03 3.584955737682205326e-05 9.999999993350804361e-01 6.681942358463838684e-06 2.848329237518746563e-03 3.960361520273920867e-05 -6.683362129593911113e-06 9.999999991934431787e-01 -2.209151254813056253e-04
9.999999973988746849e-01 -4.600275275608863392e-05 -5.555175330782636612e-05 -1.995639945893443006e-03 4.600644101498008870e-05 9.999999967376386190e-01 6.639375142853705522e-05 9.012899018545837389e-04 5.554869883126495474e-05 -6.639630699430044308e-05 9.999999962529362296e-01 -1.487344812708406251e-03
9.999999963287136140e-01 -6.259849254663008185e-05 -5.851496794888629531e-05 2.931311866250535091e-03 6.259810479038703328e-05 9.999999980187705972e-01 -6.628424320364910322e-06 -8.029311996855169288e-04 5.851538276232514253e-05 6.624761369934597122e-06 9.999999982660312536e-01 -1.283488940221844121e-03
9.999999997330388801e-01 -6.953335518612783735e-06 -2.203572862433027197e-05 -6.156630451814176092e-03 6.947773614869125257e-06 9.999999681245179683e-01 -2.523939213601037791e-04 1.026193567839792445e-03 2.203748290154887654e-05 2.523937681934704854e-04 9.999999679058670932e-01 -4.778148616020661855e-04
9.999999861608998009e-01 2.464791243465130984e-06 -1.663494063326609210e-04 -4.009082046835957258e-02 -2.518451033889748651e-06 9.999999479700470983e-01 -3.225733412428656056e-04 2.359679890166752753e-03 1.663486026015622643e-04 3.225737557215752060e-04 9.999999341371550443e-01 8.869966364147613067e-04
9.999996904385104468e-01 5.661873574369189491e-05 -7.848039258896867933e-04 -3.691089985557442082e-02 -5.663281882023439031e-05 9.999999982357540285e-01 -1.792249583381210084e-05 -1.068854114505007717e-02 7.848029097560441786e-04 1.796693594424190904e-05 9.999996918807435575e-01 -3.539827238433171375e-03
9.999982430416233248e-01 -1.154275231710483445e-04 -1.870986411860869674e-03 3.625637695719120812e-02 1.164210342195178330e-04 9.999998522908698506e-01 5.309090140688349458e-04 -1.761718595208212890e-02 1.870924853986571067e-03 -5.311259034568748720e-04 9.999981087709443051e-01 -4.255605660708380346e-03
9.999972739125750909e-01 9.683266457197650776e-06 -2.334967591339462498e-03 7.170402292663737021e-02 -7.983887966314624974e-06 9.999997351190935690e-01 7.278035451328683817e-04 -8.025487046319690690e-03 2.334974020366786026e-03 -7.277829189571220466e-04 9.999970091097007963e-01 3.970215481366511784e-03
9.999982633915193153e-01 1.116610648564653728e-04 -1.860307972401264824e-03 9.950698647259353935e-02 -1.108725017981156244e-04 9.999999039714975169e-01 4.239861837573600254e-04 -6.869033625956949551e-03 1.860355136507438768e-03 -4.237791904603424803e-04 9.999981797433252773e-01 1.170870449509063028e-02
9.999990529289821684e-01 -6.213905101218027485e-05 -1.374874495016118912e-03 1.577023524019358081e-01 6.238508017317885275e-05 9.999999820506459969e-01 1.789044702950382578e-04 -6.508185729804935767e-03 1.374863353384003740e-03 -1.789900725153991139e-04 9.999990388561947885e-01 1.838478253748607877e-02
9.999989987480869535e-01 -2.019729923692086958e-04 -1.400610486198459364e-03 2.552375745536789031e-01 2.025784152949779561e-04 9.999998861136552009e-01 4.321280624936864887e-04 -9.816679621578429382e-03 1.400523048490182011e-03 -4.324113632773768801e-04 9.999989257772248230e-01 1.366192190977244016e-02
9.999987020266640769e-01 1.456069258549505692e-04 -1.604600763520379596e-03 4.220013556970869661e-01 -1.449465176735007096e-04 9.999999047549332776e-01 4.116802539556728316e-04 -8.933378297380797570e-03 1.604660554186286645e-03 -4.114471383127517204e-04 9.999986278869377188e-01 1.305667975220204009e-02
9.999984255461075167e-01 3.413604700592881222e-04 -1.741372543604079431e-03 6.006682919303445445e-01 -3.409966875232563026e-04 9.999999199786706594e-01 2.091982584733546565e-04 -8.920976458578613400e-04 1.741443816272981570e-03 -2.086041268312293674e-04 9.999984619276937048e-01 2.074067124236234072e-02
9.999980548224631782e-01 2.444727447757633868e-04 -1.957187872166863459e-03 7.289264511100598254e-01 -2.444536222433625204e-04 9.999999700711165174e-01 1.000962737303752688e-05 8.005693512625765978e-03 1.957190260671493650e-03 -9.531166237773239155e-06 9.999980846558859104e-01 1.877562407537101963e-02
9.999977989681714252e-01 4.308082235118722856e-04 -2.053402806845489904e-03 8.658858302359935255e-01 -4.308820883059757577e-04 9.999999065391307340e-01 -3.552964492914003161e-05 3.695960583232793095e-03 2.053387308469464649e-03 3.641434121680762396e-05 9.999978911350548838e-01 1.530214916841481608e-02
9.999981065974705707e-01 4.585236316606448653e-04 -1.891178879203823764e-03 1.045540499314108196e+00 -4.588491560500679387e-04 9.999998799887079848e-01 -1.716974712727860743e-04 -6.216529116559473163e-03 1.891099924892928122e-03 1.725649120130220656e-04 9.999981969795871395e-01 1.246640844073204982e-02
9.999982756126226668e-01 7.089541612926562354e-04 -1.716436942695317427e-03 1.288145865793745903e+00 -7.095139578863777965e-04 9.999996953029387514e-01 -3.255517981223798049e-04 -3.779956963041095335e-03 1.716205618400029912e-03 3.267690727136425902e-04 9.999984739289597968e-01 1.341913870696090881e-02
9.999978822663014855e-01 7.782546514762886392e-04 -1.905198837319247232e-03 1.536500427608336716e+00 -7.788497982991508198e-04 9.999996481309467722e-01 -3.116584256165997203e-04 6.479700197575283087e-03 1.904955617319328311e-03 3.131416293372152782e-04 9.999981365414717382e-01 2.543034064118937509e-02
9.999978024454637682e-01 9.530303056858659442e-04 -1.867307548209302731e-03 1.758013304446469638e+00 -9.543350781808028179e-04 9.999993010347034694e-01 -6.979789847242015175e-04 5.129984208156024295e-03 1.866641047900954517e-03 6.997594879723253005e-04 9.999980129919545657e-01 2.285931051262835023e-02
9.999975220570291867e-01 1.202543213100317051e-03 -1.873437915187831917e-03 1.994149850191406115e+00 -1.204502034245727221e-03 9.999987287846495709e-01 -1.044798513783051904e-03 -2.258835109880434448e-03 1.872179118282988946e-03 1.047052484611795710e-03 9.999976993105751388e-01 1.999009514205557156e-02
9.999967903337807495e-01 1.405022238050731165e-03 -2.108372511454202625e-03 2.282206216724961045e+00 -1.407405328837135500e-03 9.999983720110899865e-01 -1.129241077063438976e-03 -3.916711232125821840e-03 2.106782470221741504e-03 1.132204787284294984e-03 9.999971397858810063e-01 1.721509573273278040e-02
9.999969505938824943e-01 1.462237502107164352e-03 -1.990141809916888722e-03 2.579661397590841787e+00 -1.464699701278273161e-03 9.999981631029051243e-01 -1.236303199319223464e-03 2.521030998448059099e-03 1.988330385329160031e-03 1.239214389443171055e-03 9.999972554412215331e-01 1.905874026365786747e-02
9.999978413635591812e-01 1.174855222382094767e-03 -1.713762944020765172e-03 2.884768482073632789e+00 -1.178008427369780110e-03 9.999976131922967415e-01 -1.840083110831572605e-03 1.059993514210049587e-02 1.711597022345791048e-03 1.842097965951686048e-03 9.999968385503610335e-01 1.333031689339289443e-02
9.999979261749440962e-01 1.257928544336658818e-03 -1.601643402372679263e-03 3.190371764164991575e+00 -1.261279210867113833e-03 9.999970148250654223e-01 -2.092729249107233309e-03 3.257296528319414495e-03 1.599006117328920056e-03 2.094745028679516514e-03 9.999965276053219831e-01 1.637505849585071602e-02
9.999971922954029591e-01 1.745225041185660122e-03 -1.602994343863354838e-03 3.497982572697063919e+00 -1.748807554006506478e-03 9.999959705060753601e-01 -2.236211920061227394e-03 -2.197762106763175797e-03 1.599085191567096694e-03 2.239008970056317622e-03 9.999962148755274782e-01 2.665473520046878625e-02
9.999963628014794104e-01 1.941250637554742774e-03 -1.872412821506000977e-03 3.849857225394605731e+00 -1.945882818922633822e-03 9.999950432785962295e-01 -2.475269337580509113e-03 3.163474798480270939e-03 1.867598422297594291e-03 2.478903830473835716e-03 9.999951835443670056e-01 2.131520735796909455e-02
9.999949490288355669e-01 1.991548804944934595e-03 -2.477024459719143375e-03 4.186632472433315932e+00 -1.997889671036836429e-03 9.999947273083994448e-01 -2.560037550924399233e-03 2.945889461125270493e-03 2.471912959407922186e-03 2.564973441831528735e-03 9.999936552586540239e-01 2.066150774108327717e-02
9.999923231786890243e-01 2.140838449911546329e-03 -3.281827908298608383e-03 4.540412721555886932e+00 -2.148418986343284855e-03 9.999950285434524577e-01 -2.308069374769704685e-03 -6.097895607435949508e-03 3.276870389171195139e-03 2.315102397521640910e-03 9.999919511782789927e-01 4.328499200339712416e-02
9.999909051770876633e-01 2.223744141253843412e-03 -3.639302832014891520e-03 4.918411288117034985e+00 -2.232700086154796627e-03 9.999944849415007830e-01 -2.458686012431977614e-03 -4.376193087486209693e-03 3.633815272431548549e-03 2.466789122864679849e-03 9.999903551224827991e-01 4.986201398254134359e-02
9.999910041504534997e-01 2.047415572444743863e-03 -3.714795773834442608e-03 5.338942937669217237e+00 -2.058137814401835713e-03 9.999937208701044078e-01 -2.884837794524333383e-03 6.737677073326185477e-03 3.708865986324757103e-03 2.892457404612476524e-03 9.999889389404554851e-01 4.654016794951369024e-02
9.999923024021996065e-01 2.163811051385708915e-03 -3.273080824199486698e-03 5.734908620943945934e+00 -2.174526313096125825e-03 9.999922769824218793e-01 -3.273745687248071599e-03 4.269797525590123162e-03 3.265971779041253707e-03 3.280837887647582163e-03 9.999892847081379710e-01 3.731319560926287665e-02
9.999916712495653393e-01 2.519321337424869876e-03 -3.210989177821274229e-03 6.154681296700383442e+00 -2.531101063979333994e-03 9.999900630074096686e-01 -3.669797520412503705e-03 -9.132106673221972171e-03 3.201711871048402557e-03 3.677894293709219400e-03 9.999881109966552994e-01 3.321660104901551919e-02
9.999896000558313736e-01 2.491372794720593965e-03 -3.820057823665821712e-03 6.583947953368396000e+00 -2.506297503060140198e-03 9.999892263237590839e-01 -3.907135681785780558e-03 -1.556510195593249074e-02 3.810282536056724956e-03 3.916669249177830506e-03 9.999850706130506417e-01 4.180924894962255445e-02
9.999904798439083198e-01 1.608823773533294820e-03 -4.056095119166080662e-03 7.051648474786746057e+00 -1.625007075520061703e-03 9.999907206246384517e-01 -3.989738916371872966e-03 -1.829752224655123785e-02 4.049638694318118126e-03 3.996292116702251408e-03 9.999838149069031346e-01 4.367799771895211625e-02
9.999925365607762462e-01 1.926187833522187355e-04 -3.858720092051719924e-03 7.515575713383624290e+00 -2.090526907583815279e-04 9.999909087770068039e-01 -4.258950611181731155e-03 -8.990573576053963178e-03 3.857864657681812134e-03 4.259725500580815311e-03 9.999834856731099064e-01 4.673671158432135542e-02
9.999899564147138875e-01 -2.866492977215210659e-03 -3.445328389307314790e-03 7.973448461761760697e+00 2.850875539402929985e-03 9.999856787500284172e-01 -4.529327047564869237e-03 -1.349320099184495719e-02 3.458262332071573072e-03 4.519459354452092653e-03 9.999838073232916180e-01 4.901592848636884131e-02
9.999518324997338503e-01 -9.313820985532223970e-03 -3.096032795973144899e-03 8.431580073831769440e+00 9.298236786872476553e-03 9.999442175261984422e-01 -5.010451933104069673e-03 -1.399371877670273906e-02 3.142526543966359456e-03 4.981422946122368058e-03 9.999826548257486625e-01 5.205275982326414835e-02
9.998132001477807451e-01 -1.922334596934381634e-02 -2.006932982594493518e-03 8.907375296901845374e+00 1.921093105097886056e-02 9.997972561503645217e-01 -6.032140777278208015e-03 7.173766498251359265e-03 2.122484018373047444e-03 5.992458923119888675e-03 9.999797925446526348e-01 5.436840792531122402e-02
9.995069013165215344e-01 -3.137066651182660731e-02 -1.354807458285670670e-03 9.372453401257518024e+00 3.136117849511763783e-02 9.994867633993909095e-01 -6.533473257572181177e-03 3.669493410006696016e-02 1.559071532238534693e-03 6.487763251984518011e-03 9.999777388641927223e-01 4.888164519146794701e-02
9.989719372340658543e-01 -4.531060714528834660e-02 -1.420386899007041598e-03 9.848463150446621128e+00 4.530234731607814952e-02 9.989587827659898167e-01 -5.389588328001167737e-03 6.960172572130492175e-02 1.663113487093725081e-03 5.319700632295411465e-03 9.999844672987234784e-01 5.202160039847492090e-02
9.980642794380794047e-01 -6.217168347098368103e-02 -1.541390324113800373e-03 1.033147454343031768e+01 6.216290610522794829e-02 9.980524395440920626e-01 -5.205864446864856901e-03 1.070977698980715154e-01 1.862045729854766357e-03 5.099970046023096469e-03 9.999852614370021708e-01 5.190920780297763465e-02
9.965118323494229768e-01 -8.342859591413033515e-02 -1.958920976517094896e-03 1.082886906331256860e+01 8.341476471152824146e-02 9.964949054623936098e-01 -6.315094268149430007e-03 1.619797505219912892e-01 2.478914221159782359e-03 6.129663228268275414e-03 9.999781408675851857e-01 5.616022175313858250e-02
9.940535844894148321e-01 -1.088297603272137676e-01 -3.681634265771241421e-03 1.131975177261632659e+01 1.087885438013845990e-01 9.940147950839376412e-01 -9.981978351583997017e-03 2.350930930306104616e-01 4.745935241858925853e-03 9.522101730105281617e-03 9.999434012369508018e-01 8.283045312518204362e-02
9.905260297503837297e-01 -1.371790533410815194e-01 -6.331801590907347108e-03 1.180353571651225764e+01 1.370984351439901994e-01 9.904874342587667302e-01 -1.177546842186718429e-02 3.238425021835931727e-01 7.886917522772932815e-03 1.079582789460749141e-02 9.999106193215766547e-01 1.094096111647861747e-01
9.860480935631704691e-01 -1.663167382056263410e-01 -6.920966195417512651e-03 1.229788216177103877e+01 1.662388988887393004e-01 9.860283630203390270e-01 -1.061582854466891490e-02 4.409784466455613505e-01 8.589858945086148792e-03 9.317183698491876900e-03 9.999196989814892467e-01 1.022414596205012682e-01
9.805774517347453090e-01 -1.960889679254881612e-01 -4.120413487754029727e-03 1.281950496967536246e+01 1.960575536414873310e-01 9.805674163580508917e-01 -6.998402461435953605e-03 5.562460624403054998e-01 5.412652723804005882e-03 6.054637463448594471e-03 9.999670217340558276e-01 7.142246165235667521e-02
9.738396170649944450e-01 -2.272228631000468568e-01 -2.484093259598794002e-03 1.334100209154400396e+01 2.272032608737734050e-01 9.738260441488565400e-01 -6.443134773804787274e-03 6.810894744834686820e-01 3.883102242935327925e-03 5.710185811924796059e-03 9.999761573632464096e-01 6.107443564412687320e-02
9.656409745806054934e-01 -2.598673374522517676e-01 -2.544628950586513751e-03 1.383137013996477194e+01 2.598419457746853345e-01 9.656211582329804477e-01 -7.611963532690269735e-03 8.302214400481392476e-01 4.435248250562379146e-03 6.689222546384065472e-03 9.999677909186279745e-01 8.247055772800751527e-02
9.561792831976572149e-01 -2.927735490295453324e-01 -2.197128184406742062e-03 1.433276773060101839e+01 2.927514596832384575e-01 9.561613177633541127e-01 -7.219228932469417062e-03 1.004676650977114560e+00 4.214408255913202304e-03 6.259664662792138734e-03 9.999715272753328943e-01 9.958738704799197095e-02
9.453469432591152799e-01 -3.260635688610161176e-01 -1.306113419456816308e-03 1.482902254981381951e+01 3.260520825898382546e-01 9.453357277889015142e-01 -5.513728743519100313e-03 1.208949994512108495e+00 3.032541751800464473e-03 4.786525613133273994e-03 9.999839463026786168e-01 1.076708358439545377e-01
9.332785031375112617e-01 -3.591532067338477074e-01 -4.579019551351194662e-04 1.532768253073236409e+01 3.591479501068933211e-01 9.332704133726666962e-01 -4.368690562222389898e-03 1.441741692719640477e+00 1.996375571603173100e-03 3.912750440045168268e-03 9.999903523877472500e-01 8.670879639590110821e-02
9.204504633229483312e-01 -3.908589992147996073e-01 -4.327832887488406539e-04 1.581524749297390109e+01 3.908581243031089558e-01 9.204499186796648580e-01 -1.368893295253706616e-03 1.662304062185564701e+00 9.333996063495014371e-04 1.090841603385849477e-03 9.999989694143545105e-01 1.011336576749729821e-01
9.066018078353745846e-01 -4.219851286707158033e-01 -1.308896630786060469e-03 1.630238679349456277e+01 4.219869004739085216e-01 9.066003229092061133e-01 1.705968741483456647e-03 1.901324561604547103e+00 4.667526692422985886e-04 -2.098971577405692093e-03 9.999976882274593804e-01 1.047816152275274637e-01
8.917773966263445873e-01 -4.524679700385054737e-01 -2.410592369828744048e-03 1.676881595997731722e+01 4.524734777267412911e-01 8.917522337842087587e-01 6.760583905400920600e-03 2.160879361638996077e+00 -9.092965454137939656e-04 -7.119665027790356669e-03 9.999742414430906612e-01 1.089549119004511180e-01
8.760399992388359092e-01 -4.822284448007481128e-01 -3.105923159421681602e-03 1.722969769660191375e+01 4.822365650829604222e-01 8.760004173779147862e-01 8.435878775022350937e-03 2.454209919566068265e+00 -1.347230718209543529e-03 -8.887956951460615831e-03 9.999595937789791389e-01 9.411928262331084594e-02
8.595327551066691552e-01 -5.110760574209376461e-01 -2.169430756932060837e-03 1.771566403437080695e+01 5.110714204322455156e-01 8.594839428018493654e-01 9.662053775173986073e-03 2.769120805251412243e+00 -3.073453449401438668e-03 -9.413585759838759975e-03 9.999509679414468888e-01 8.357084253809032859e-02
8.421063486601818582e-01 -5.393110473464742816e-01 -7.012533530973938693e-04 1.819479123204062532e+01 5.392712547769064058e-01 8.420269056004059394e-01 1.331179989130698745e-02 3.094220141517616707e+00 -6.588726550496945382e-03 -1.158811697620487809e-02 9.999111481663701673e-01 1.018519987048787101e-01
8.236744851120624267e-01 -5.670627715530216495e-01 3.945807706836676606e-04 1.864114456595905978e+01 5.669743432021385754e-01 8.235579393016877470e-01 1.710013928777113015e-02 3.428456273287245892e+00 -1.002181250485852104e-02 -1.386123124990087073e-02 9.998537040699275735e-01 1.131090551658961441e-01
8.037111517890326295e-01 -5.950195004237016638e-01 -4.226174097666804083e-04 1.908133247194108506e+01 5.949153815925553035e-01 8.035568138190566367e-01 1.929081930739078021e-02 3.784510911058493132e+00 -1.113881656779098540e-02 -1.575566820209614929e-02 9.998138255120172513e-01 1.299722596708465516e-01
7.819692289269408736e-01 -6.233141495217174866e-01 -1.896316804778486144e-03 1.951814583644926060e+01 6.232257909122190798e-01 7.817990903115480394e-01 1.948835369843915713e-02 4.164108505213667044e+00 -1.066482785820269293e-02 -1.642112645510216545e-02 9.998082856491540271e-01 1.348570737908214578e-01
7.583858293424723396e-01 -6.518018561164963254e-01 -2.296566049708548361e-03 1.993968222956261016e+01 6.517489583432672928e-01 7.582682950659519472e-01 1.588987086922062988e-02 4.530965978496174884e+00 -8.615634102990600909e-03 -1.354743742796273888e-02 9.998711105878290706e-01 9.710014409570967564e-02
7.334334773584504363e-01 -6.797538609001934073e-01 -3.165893423942976997e-03 2.033477247602079530e+01 6.797256965455138467e-01 7.333395583873436596e-01 1.364073165089508058e-02 4.924057954104814172e+00 -6.950665119783666461e-03 -1.215650836120795580e-02 9.999019489724262355e-01 1.050553115966448570e-01
7.072823474290614865e-01 -7.069217202038451386e-01 -3.655477981423693908e-03 2.072430321823417998e+01 7.068733829126916390e-01 7.071489594648309174e-01 1.644292119344983524e-02 5.353072501213437029e+00 -9.038890684339455708e-03 -1.421374798718608515e-02 9.998581238472552535e-01 8.168921016493234377e-02
6.795605127241720611e-01 -7.336170736291235395e-01 -1.870514876025866635e-03 2.110437949486594889e+01 7.335544296371979689e-01 6.794641193296589998e-01 1.504690344276591284e-02 5.814719603566696371e+00 -9.767717527929969251e-03 -1.159740589148816094e-02 9.998850393274631987e-01 7.199467117420860207e-02
6.495931795666898267e-01 -7.602809427748815629e-01 -1.260600561407408584e-03 2.148302972278013812e+01 7.602413841710116138e-01 6.495404585362731797e-01 1.141185866685150326e-02 6.256797846279016362e+00 -7.857407599359912675e-03 -8.371426271856878543e-03 9.999340880118010588e-01 8.737812901123678810e-02
6.179782217096556618e-01 -7.861947981409547204e-01 -8.104743519726399911e-04 2.183175592241477858e+01 7.861846604916282732e-01 6.179642545285342070e-01 5.818911638467478067e-03 6.701242667693856347e+00 -4.073953882273719310e-03 -4.233143169868534145e-03 9.999827415504072281e-01 9.795830527794061049e-02
5.858129756221172046e-01 -8.104462228866550211e-01 -2.782112778723640038e-04 2.214213359443015605e+01 8.104434682313527150e-01 5.858100126952526798e-01 2.830870382843827908e-03 7.177594905252429491e+00 -2.131289257035106494e-03 -1.883835115514220955e-03 9.999959543774966653e-01 1.308113908258936864e-01
5.526314967945733514e-01 -8.334223491517148696e-01 2.369954646566998363e-03 2.246134195805986167e+01 8.334230693106422505e-01 5.526346758746751853e-01 9.500324843073062412e-04 7.678037108824065093e+00 -2.101497422785069021e-03 1.450157001862672655e-03 9.999967403713133640e-01 7.672113267754936128e-02
5.185262167239765851e-01 -8.550078367247623268e-01 9.600089018440930225e-03 2.278125403986874176e+01 8.550471852375093329e-01 5.185502009461222528e-01 1.077723798165200737e-05 8.204150717330236375e+00 -4.987342712545766825e-03 8.202940812810076768e-03 9.999539180255704318e-01 6.766170727822773401e-02
4.829344795420565939e-01 -8.754524142338816484e-01 1.890393825399493827e-02 2.306667924467309305e+01 8.755964578831340051e-01 4.830416135969340941e-01 1.281591268477178533e-03 8.723336626575267871e+00 -1.025336100759593159e-02 1.593329676301176792e-02 9.998204832080155313e-01 8.789821398292088639e-02
4.456179997085389921e-01 -8.947631129651648640e-01 2.869790955189050960e-02 2.332395296598246404e+01 8.950988985953828303e-01 4.458613363013587128e-01 2.372872710396430312e-03 9.262646050412838505e+00 -1.491844727488582899e-02 2.463007244111726710e-02 9.995853137488824869e-01 1.117702227131475434e-01
4.067359474392683860e-01 -9.129044630624477685e-01 3.422441206718759149e-02 2.355446004589384046e+01 9.132912718050544276e-01 4.072214222845476628e-01 8.352609008941117366e-03 9.826310190193307648e+00 -2.156204780133051321e-02 2.785955048478058402e-02 9.993792691172851406e-01 1.575893994574824875e-01
3.678223106863300895e-01 -9.291434652748572498e-01 3.740546348328267073e-02 2.374571276758501881e+01 9.294466130049295893e-01 3.685975098038035691e-01 1.627480691436461110e-02 1.039631408123593737e+01 -2.890919118608704583e-02 2.878014425720119146e-02 9.991676345646415269e-01 8.303007137769392865e-02
3.281687677670458436e-01 -9.437900056234236335e-01 3.956873952499305458e-02 2.394206758641028188e+01 9.441027982265735030e-01 3.290862886781846797e-01 1.929043765113835560e-02 1.096708352256258401e+01 -3.122765189719992410e-02 3.102643855418324784e-02 9.990306270918979381e-01 1.835101377974765469e-02
2.876591404132369800e-01 -9.567377923413795671e-01 4.364648488092669198e-02 2.413065727325617260e+01 9.572504427875927480e-01 2.886618030743547947e-01 1.859981797814061824e-02 1.156514920270834246e+01 -3.039422181394362335e-02 3.643020932695444081e-02 9.988738814929135623e-01 1.486052202952797482e-02
2.471289157052344587e-01 -9.677297304084365726e-01 4.925919108115676959e-02 2.427910313597081426e+01 9.685210911160945235e-01 2.482606422647190281e-01 1.826333938794565820e-02 1.215904592922526817e+01 -2.990309491750293633e-02 4.319516623331842026e-02 9.986190377358278303e-01 6.908084453666743507e-02
2.063434602894416159e-01 -9.770677610764035848e-01 5.254490137895084789e-02 2.436314819742741378e+01 9.780104938253473268e-01 2.076096319748389485e-01 1.984224480173729308e-02 1.273733777945600565e+01 -3.029604534060156146e-02 4.729514749333123269e-02 9.984214133622657528e-01 9.205051699419740385e-02
1.668454567757830798e-01 -9.846227922959104317e-01 5.177403253257698013e-02 2.441781191530217043e+01 9.855702097689403862e-01 1.680649152113013745e-01 2.013817000187842834e-02 1.331047845210602354e+01 -2.852989956671398222e-02 4.766698193112408471e-02 9.984557594927734314e-01 3.497860662007517413e-02
1.295455563025734169e-01 -9.904441007736994873e-01 4.731207123805292181e-02 2.447609475785266397e+01 9.912441323487406475e-01 1.305846901133733140e-01 1.956294436394380096e-02 1.390064139129867726e+01 -2.555423500027522235e-02 4.436352049344218645e-02 9.986885696366903931e-01 -1.499506616076841381e-02
9.445497927259273452e-02 -9.946149038045889457e-01 4.265501166806199423e-02 2.453168326985428038e+01 9.952950738218414584e-01 9.527510800596741825e-02 1.761731592571564101e-02 1.451601611123550661e+01 -2.158640582842112285e-02 4.079027977643307629e-02 9.989345224583896510e-01 -1.084210696773012586e-02
6.138143961040833790e-02 -9.971960133177404373e-01 4.280689073687322932e-02 2.454368884666791217e+01 9.979076482889939204e-01 6.218511328558121165e-02 1.770133249190726163e-02 1.513190411060573659e+01 -2.031364954121766750e-02 4.163079039442131590e-02 9.989265403088719575e-01 -1.859261931320130290e-02
3.084163415965359908e-02 -9.985283808285626561e-01 4.460791725973885929e-02 2.452953920193251847e+01 9.993404120820800207e-01 3.166123724824103369e-02 1.778501716416404019e-02 1.575131282631947549e+01 -1.917118624345142200e-02 4.402997542357043465e-02 9.988462478691195745e-01 -5.551905419738956474e-03
3.768412048248365870e-03 -9.989522215419998075e-01 4.560984703918712774e-02 2.455333033901568385e+01 9.998282328920015116e-01 4.591551726191382340e-03 1.795612332335040640e-02 1.635763122081597842e+01 -1.814672925604711440e-02 4.553434669619340486e-02 9.987979372667219469e-01 -6.884505587849990872e-03
-2.008470241551250229e-02 -9.987810841613103952e-01 4.508825401850955622e-02 2.455901066571318481e+01 9.996513641632159830e-01 -1.928822779470116405e-02 1.803092884909012969e-02 1.696666202744660623e+01 -1.713927814995532678e-02 4.543468047754994910e-02 9.988202715976490786e-01 -2.520611217424368472e-02
-4.202067609197891046e-02 -9.981702801611238574e-01 4.347820814887228685e-02 2.452770319486583261e+01 9.989887512811901349e-01 -4.127896752260273860e-02 1.781913729439740454e-02 1.760908841589936102e+01 -1.599179772325994009e-02 4.418301306307195753e-02 9.988954518678352379e-01 -4.729718911601588083e-02
-6.196980851286537639e-02 -9.971538754728405118e-01 4.294055731327070524e-02 2.445727337726108530e+01 9.979694984047354778e-01 -6.127125611389494519e-02 1.739866167343625050e-02 1.822630478787300135e+01 -1.471812103089293819e-02 4.393155817542751529e-02 9.989261209466889779e-01 -3.859775313007544895e-02
-8.007182574021450006e-02 -9.957944884339041680e-01 4.451785627462629541e-02 2.438495277836884156e+01 9.966970686462149898e-01 -7.937767663581681010e-02 1.715044617327238230e-02 1.884843446890613450e+01 -1.354459577363994159e-02 4.574408438868671906e-02 9.988613630873752758e-01 -2.826753860004772856e-02
-9.645640673580196944e-02 -9.943108861503510143e-01 4.518875172564019993e-02 2.432203341545625364e+01 9.952617028313796022e-01 -9.579042659406405980e-02 1.668343639992161953e-02 1.948530865293955827e+01 -1.225987262578677288e-02 4.658385831842682540e-02 9.988391460427290536e-01 -2.129691994848148529e-02
-1.105607164253687436e-01 -9.928904733158564477e-01 4.410029458091910270e-02 2.426456671677861721e+01 9.938004655164068835e-01 -1.099216660441095367e-01 1.666919534531909400e-02 2.012582651219015162e+01 -1.170310740283771710e-02 4.566985146354097386e-02 9.988880327366104206e-01 -4.592033130032635579e-02
-1.225875027392100830e-01 -9.914922764123187404e-01 4.376494015627886702e-02 2.419983510015500983e+01 9.923993164606493833e-01 -1.219826979154417235e-01 1.624247818857463624e-02 2.075974598136791371e+01 -1.076572619939655806e-02 4.542342153546582301e-02 9.989098117024434176e-01 -4.952411225057240518e-02
-1.343806190125129418e-01 -9.899027475065920179e-01 4.510432033313398204e-02 2.409149488026969621e+01 9.908735259589558364e-01 -1.337486772014590819e-01 1.676147071489562934e-02 2.141492484284050590e+01 -1.055958273229891387e-02 4.694509373470248659e-02 9.988416558127517497e-01 -5.705753132627814500e-02
-1.463609278803907066e-01 -9.881345545301040145e-01 4.656802479796660899e-02 2.397923296839066154e+01 9.891485062678960771e-01 -1.455775567856242847e-01 1.980927833916327346e-02 2.208525852329910322e+01 -1.279497315281159613e-02 4.896199652711587247e-02 9.987186848948493845e-01 -5.834109290931482894e-02
-1.574402515632821742e-01 -9.864660621414857999e-01 4.579601981352263845e-02 2.387043922902180171e+01 9.873877985619177178e-01 -1.564656133561441176e-01 2.416292797107331622e-02 2.272087443996737832e+01 -1.667040607604011390e-02 4.902264864484333351e-02 9.986585389817203007e-01 -7.497648074488844072e-02
-1.667677907938140136e-01 -9.851198232632056850e-01 4.156245622700087405e-02 2.376401272705000878e+01 9.858003443034462077e-01 -1.657463333147876361e-01 2.694130961758466752e-02 2.335642764659529291e+01 -1.965159344577255274e-02 4.546522634469108565e-02 9.987726107921002239e-01 -9.583705263109740247e-02
-1.752363289196686436e-01 -9.837637337981157692e-01 3.874461369464217431e-02 2.365452025107921230e+01 9.843224086011015395e-01 -1.742632382768275201e-01 2.723453159132906837e-02 2.401699156086084130e+01 -2.004058263831557177e-02 4.290967080814066248e-02 9.988779380878596292e-01 -1.035445377840212983e-01
-1.816993744594675719e-01 -9.824700646870180298e-01 4.168823952777052366e-02 2.353282100161242241e+01 9.832090268688983281e-01 -1.807809858195975339e-01 2.486452592768612774e-02 2.467821865641741752e+01 -1.689221135767195181e-02 4.550612222526857764e-02 9.988212282663332386e-01 -1.090342287737488536e-01
-1.870558085619224986e-01 -9.814050147176268668e-01 4.306183426585841884e-02 2.338776227611324288e+01 9.822675011596148087e-01 -1.862948012466609793e-01 2.109035784697687113e-02 2.533528590195331986e+01 -1.267598709733760293e-02 4.624331427960076679e-02 9.988497761102748118e-01 -1.017416412814413224e-01
-1.919510033922684489e-01 -9.806338265701736168e-01 3.888586482309473735e-02 2.324403056686780644e+01 9.813444094873021717e-01 -1.913500236013219169e-01 1.866329112969665471e-02 2.600987263804126570e+01 -1.086104344525061841e-02 4.174286351117025007e-02 9.990693524881885113e-01 -9.423946752816984851e-02
-1.969897465808073400e-01 -9.798128365171172582e-01 3.408584953188465577e-02 2.314224307374061596e+01 9.803306923306236431e-01 -1.964260015064228371e-01 1.919790631186163096e-02 2.668117933001681052e+01 -1.211500790711734707e-02 3.719719516952564586e-02 9.992345046358891425e-01 -1.013248687600085407e-01
-2.014955697722773109e-01 -9.788415996662345187e-01 3.561822742631876731e-02 2.299705863184197341e+01 9.793827220250734822e-01 -2.008036238903598558e-01 2.207687548674243383e-02 2.736069757452240836e+01 -1.445749497331942635e-02 3.933226913548897724e-02 9.991215909206195844e-01 -1.117237472591688929e-01
-2.061904706777731022e-01 -9.777460510474494937e-01 3.870593575664713765e-02 2.284107427812740099e+01 9.783787975762044953e-01 -2.053487268658360787e-01 2.463389591439934384e-02 2.803058284828218305e+01 -1.613747982243953633e-02 4.294834147786748962e-02 9.989469564042331440e-01 -1.029132149135425361e-01
-2.107252567646034913e-01 -9.766100277757903125e-01 4.275183983481365552e-02 2.266090049080142421e+01 9.774190313262338670e-01 -2.097934569055888987e-01 2.527335832233627497e-02 2.870368938748612564e+01 -1.571315890514469668e-02 4.711219680053602143e-02 9.987660074060636939e-01 -1.401733098149789969e-01
-2.147130304550111668e-01 -9.757880750769090117e-01 4.166469837316128660e-02 2.250021487290357669e+01 9.765709229500096900e-01 -2.138649791867779926e-01 2.389567170024134435e-02 2.940935916971402975e+01 -1.440649164064875670e-02 4.581924503022873768e-02 9.988458588708608588e-01 -1.781623684788454509e-01
-2.177124238089313824e-01 -9.753796741356941524e-01 3.515383054785509165e-02 2.234887698852099192e+01 9.759243580643544025e-01 -2.170660997693596161e-01 2.130623541586366618e-02 3.009993614482500490e+01 -1.315096406800761453e-02 3.894611166554994702e-02 9.991547690574350549e-01 -1.624677645191562048e-01
-2.189752354952018976e-01 -9.753103923065720160e-01 2.862664665345777959e-02 2.221745194569639636e+01 9.756470078173715699e-01 -2.184786539532932170e-01 1.949343232391709257e-02 3.075186346041750340e+01 -1.275783589919718755e-02 3.219808108503077054e-02 9.994000806471905474e-01 -1.504337404697533576e-01
-2.191338401147509551e-01 -9.752925764689047705e-01 2.801339681667132722e-02 2.206718355933163878e+01 9.756000851337131019e-01 -2.186221728906912465e-01 2.021928306455010593e-02 3.142037565943461885e+01 -1.359536699226930427e-02 3.176060146153106278e-02 9.994030369131100544e-01 -1.374088006984162391e-01
-2.194833987905704664e-01 -9.751093092237357318e-01 3.144634669637630386e-02 2.188630979001305832e+01 9.755061191160399048e-01 -2.188603359927856762e-01 2.208992748489104971e-02 3.211652006117473235e+01 -1.465773592687998235e-02 3.552447598958066721e-02 9.992613083589114709e-01 -1.597156790914553981e-01
-2.199674891158063805e-01 -9.749428220537043055e-01 3.317826785784323135e-02 2.171163317599855347e+01 9.753872470222882951e-01 -2.192798323414091866e-01 2.315326056099306293e-02 3.282421409475463747e+01 -1.529778017783308026e-02 3.745462393727545802e-02 9.991812293409779722e-01 -1.886566751791749208e-01
-2.209988574933264283e-01 -9.747385008168775178e-01 3.231655940707390401e-02 2.154462994651721885e+01 9.751543230837339538e-01 -2.203311445401350821e-01 2.298331822733743965e-02 3.351370390487949180e+01 -1.528238063095225217e-02 3.659291968264753725e-02 9.992133941613022818e-01 -2.036880251309004242e-01
-2.223796255868126792e-01 -9.744862406814451816e-01 3.039521091246579973e-02 2.140198048164920408e+01 9.748283773789194750e-01 -2.217289278947200959e-01 2.336487088431765322e-02 3.417569093895795618e+01 -1.602924766331112819e-02 3.482598537302784153e-02 9.992648367485698069e-01 -1.675543228130887130e-01
