9.999999999999997780e-01 -1.179437378800895267e-19 4.513296021473010816e-20 0.000000000000000000e+00 2.410750703817041256e-18 1.000000000000000000e+00 3.393380551570677611e-19 0.000000000000000000e+00 1.704598014230834765e-20 -9.899396815885539085e-19 1.000000000000000000e+00 5.551115123125782702e-17
9.999915045635181521e-01 -2.600353552073365014e-03 -3.198403193159993045e-03 -8.292855392537362008e-04 2.596122061555274953e-03 9.999957541121322624e-01 -1.325932570156285184e-03 -1.395187912321906032e-02 3.201837281899757789e-03 1.317617858425560329e-03 9.999940092054138141e-01 6.861025112045848751e-01
9.999711415242290569e-01 -1.971070100669080390e-03 -7.337478239632586920e-03 -1.437478611800931116e-02 1.948344031256065301e-03 9.999932943401509400e-01 -3.102927933353297977e-03 -2.251794013782081050e-02 7.343545368062804994e-03 3.088541355218985505e-03 9.999682694860094756e-01 1.389932738638735232e+00
9.999367204987944513e-01 -1.398780938347023856e-03 -1.116307898898178524e-02 -2.887318203097574004e-02 1.352553439079337604e-03 9.999904950808159443e-01 -4.147481892346737038e-03 -2.939633424393083699e-02 1.116877251460046683e-02 4.132120941413811033e-03 9.999290931334982035e-01 2.106426314856914672e+00
9.998717618668686580e-01 1.045226962430776497e-04 -1.601453980684439810e-02 -4.807486618849565740e-02 -1.872535874421218471e-04 9.999866570868355398e-01 -5.164531487444185692e-03 -3.787611230833955178e-02 1.601378400341467445e-02 5.166867836108073736e-03 9.998584249793873724e-01 2.841814805592711934e+00
9.997935344158583870e-01 -3.111946591702071220e-04 -2.031774014984843654e-02 -6.594752089986652410e-02 2.039116843638812994e-04 9.999860413099757039e-01 -5.282075106297376942e-03 -5.251407989584382791e-02 2.031909857406272515e-02 5.276841642978842041e-03 9.997796246411795318e-01 3.584896560070409688e+00
9.996858016307299533e-01 7.236777436629008350e-04 -2.505593260598960176e-02 -9.242925005408643424e-02 -8.736825108825265786e-04 9.999817746771547666e-01 -5.976289636955258583e-03 -6.738036010114832608e-02 2.505114708868174875e-02 5.996299739145121051e-03 9.996681932100526247e-01 4.348336487305817677e+00
9.995480368327637199e-01 3.905633284648892933e-03 -2.980775293421512873e-02 -1.239253204538178221e-01 -4.104016636022455450e-03 9.999698358967082923e-01 -6.597103461457290777e-03 -8.287380538133892749e-02 2.978108421890400190e-02 6.716448831155100337e-03 9.995338858568005858e-01 5.128856650758190305e+00
9.993992593083136367e-01 5.743856826960437936e-03 -3.417841089047671255e-02 -1.576207069067840638e-01 -5.945827319290748238e-03 9.999654615130414426e-01 -5.810550098581709899e-03 -9.207788240942049729e-02 3.414385170071263659e-02 6.010273960549635495e-03 9.993988633712505010e-01 5.914477253570911586e+00
9.992404468290956299e-01 5.790298447844499478e-03 -3.853623489252584744e-02 -1.947198568942203889e-01 -5.923584690417319637e-03 9.999768824379433596e-01 -3.345399671625036604e-03 -1.047679495697839830e-01 3.851597152614142511e-02 3.571127174426213385e-03 9.992516115522922515e-01 6.717413669031392587e+00
9.990999437613389267e-01 4.447928942071749034e-03 -4.218484265694448510e-02 -2.261650365511348459e-01 -4.503538821923036214e-03 9.999891354441132751e-01 -1.223258498995650860e-03 -1.169486508608761494e-01 4.217894169793395126e-02 1.412134205534741789e-03 9.991090827346865710e-01 7.528545093820428136e+00
9.989847956618458369e-01 4.702037203130908852e-03 -4.480305804251581009e-02 -2.743617659757219829e-01 -4.757962924834111332e-03 9.999880540535112106e-01 -1.141654400975324968e-03 -1.315074707769868512e-01 4.479715235144152846e-02 1.353661741225656301e-03 9.989951958364562401e-01 8.352088062261298518e+00
9.988851593328048617e-01 4.297116453787315146e-03 -4.701086836662436708e-02 -3.177840757963310003e-01 -4.399584938316686289e-03 9.999881924950161372e-01 -2.076318867213107489e-03 -1.376872309837124941e-01 4.700138801136649613e-02 2.280827024845531910e-03 9.988922322948168286e-01 9.176154274775495168e+00
9.987871304435489428e-01 2.327152930374067584e-03 -4.918236958265825853e-02 -3.540377080552384870e-01 -2.424326856618419512e-03 9.999952534789471326e-01 -1.916115751562224483e-03 -1.514976863040280730e-01 4.917767288542800735e-02 2.033018593115117935e-03 9.987879901379618230e-01 1.000307511407131322e+01
9.986951121680647248e-01 2.195901917816828718e-03 -5.102262426152202185e-02 -4.042965838240432097e-01 -2.269821417524363599e-03 9.999964850813590767e-01 -1.390751390407881337e-03 -1.602538463184207673e-01 5.101938645007334655e-02 1.504742182719962743e-03 9.986965442408350935e-01 1.084605775676706685e+01
9.986290693797720275e-01 -1.062464655509848168e-03 -5.233463979240369351e-02 -4.506542689135835666e-01 9.802376156624907286e-04 9.999982749556030059e-01 -1.596700891378083050e-03 -1.752567440452168501e-01 5.233624024724327362e-02 1.543203295368292260e-03 9.986283427499595966e-01 1.169907162222454211e+01
9.985367549953946265e-01 2.126448259021367256e-03 -5.403600414039738675e-02 -5.024265834818197884e-01 -2.319071937677851837e-03 9.999912089824979367e-01 -3.502165918034253877e-03 -1.892340046768706263e-01 5.402807614303962308e-02 3.622346470401826678e-03 9.985328618158664238e-01 1.255617228578719669e+01
9.984401798785587090e-01 3.616736198025635556e-03 -5.571529521318428768e-02 -5.556533251561827091e-01 -3.956070302773836284e-03 9.999743222112409402e-01 -5.981297152542445691e-03 -2.096666846354812708e-01 5.569223048497024681e-02 6.192373250257260375e-03 9.984287986074811272e-01 1.343054715861969051e+01
9.983371936381132405e-01 7.458016270660384334e-03 -5.716026303893265853e-02 -6.164793181286443158e-01 -7.900588941949187108e-03 9.999405465381061564e-01 -7.520483755251570167e-03 -2.232239420057688384e-01 5.710077538061794633e-02 7.959570753675862184e-03 9.983367080755516376e-01 1.431602863262781433e+01
9.982658819864915767e-01 8.183336511520793860e-03 -5.829523572104346879e-02 -6.734894306484344728e-01 -8.636486757543445150e-03 9.999344260964933007e-01 -7.525614535051625316e-03 -2.379643290542413081e-01 5.822982544663387466e-02 8.016023416226756779e-03 9.982710426136438553e-01 1.520045775734781301e+01
9.982032862074833313e-01 7.385840673786126138e-03 -5.946195904817070527e-02 -7.302131271968241855e-01 -7.763064644473853700e-03 9.999512088302392465e-01 -6.115402523472459641e-03 -2.576953376046873245e-01 5.941388798029212381e-02 6.566014263668248918e-03 9.982118621758359067e-01 1.609800911724859063e+01
9.981252523072288163e-01 6.106644188880990323e-03 -6.089967761674324603e-02 -7.868936644418401682e-01 -6.418910336571418199e-03 9.999672744838489225e-01 -4.933186710712791564e-03 -2.730366555920524796e-01 6.086755719381725660e-02 5.314840292523445933e-03 9.981317235192899151e-01 1.700230102038378632e+01
9.980613032571828969e-01 6.419041304427716005e-03 -6.190732890320477938e-02 -8.474229678097441321e-01 -6.709471712537013605e-03 9.999674832174965111e-01 -4.484614814006887551e-03 -2.928842441822134823e-01 6.187652980149062343e-02 4.891276759764299174e-03 9.980718506583827754e-01 1.790298991643263449e+01
9.979619505056437356e-01 6.937095845849688795e-03 -6.343431902084266383e-02 -9.082183782747702550e-01 -7.300915271257242198e-03 9.999582434060849678e-01 -5.505363566952704499e-03 -3.071641520293304506e-01 6.339348105702459490e-02 5.957261645186654256e-03 9.979708549823572694e-01 1.881462470726889435e+01
9.978916839890925594e-01 6.806826223140759538e-03 -6.454414246964768065e-02 -9.715190196017167157e-01 -7.207176937055404659e-03 9.999562465737394934e-01 -5.971927103571985328e-03 -3.315369712979302497e-01 6.450066992524661202e-02 6.424506738133935885e-03 9.978970083817212400e-01 1.973160875383845081e+01
9.978555745313086867e-01 6.369893575448894001e-03 -6.514422520329464505e-02 -1.032363639981830339e+00 -6.680629252906490449e-03 9.999673702635418771e-01 -4.553246847569691023e-03 -3.499531336839413198e-01 6.511309748800511721e-02 4.978676417492274714e-03 9.978654967714450930e-01 2.065500577415387085e+01
9.978698234136891276e-01 5.987913927085078934e-03 -6.496194936616483950e-02 -1.098938756841617348e+00 -6.100328379420747772e-03 9.999802724930060283e-01 -1.532261355365011112e-03 -3.605778695732807515e-01 6.495149563395394288e-02 1.925275700285463028e-03 9.978865921774739967e-01 2.158836858399313385e+01
9.979276602256852424e-01 6.527967042897368788e-03 -6.401458183046596084e-02 -1.164954003943927452e+00 -6.406692663825597212e-03 9.999773277905299462e-01 2.099539246707066761e-03 -3.729573384634360944e-01 6.402683801446447387e-02 -1.685076262497908805e-03 9.979467828981071209e-01 2.252282368651816569e+01
9.980217053898344792e-01 6.470458698968721556e-03 -6.253728461957769325e-02 -1.221509301674346126e+00 -6.172502543397328720e-03 9.999687233555990540e-01 4.956403770013473840e-03 -3.850301360138611018e-01 6.256739939760440350e-02 -4.560593807024206081e-03 9.980303527715588263e-01 2.345982507535896033e+01
9.981285162611680528e-01 4.375135082168563234e-03 -6.099533544247433270e-02 -1.284718719819745614e+00 -4.037404554130782572e-03 9.999758959824552873e-01 5.659069795580255399e-03 -3.923986187435726802e-01 6.101862341163915432e-02 -5.402223945748878785e-03 9.981220406656756694e-01 2.441870334256888952e+01
9.982053809227845464e-01 5.472299660032505127e-03 -5.963373919495694453e-02 -1.343686519469583507e+00 -5.304481889796887860e-03 9.999815762529041807e-01 2.972012491679650124e-03 -4.048397376371970502e-01 5.964890549235127293e-02 -2.650360786803048971e-03 9.982159333184604799e-01 2.534582454696460374e+01
9.982363088528605211e-01 9.339166017223645561e-03 -5.862740136538500263e-02 -1.407553640364438641e+00 -9.438978045832198058e-03 9.999545018409528030e-01 -1.425851612911394279e-03 -4.197104990332072849e-01 5.861142126980831146e-02 1.976711819315089217e-03 9.982789493420570759e-01 2.632105058836045330e+01
9.982931157428043267e-01 9.069780596892099492e-03 -5.769501856764666647e-02 -1.461200073403500221e+00 -9.348976546319019698e-03 9.999459164722090954e-01 -4.571169545609939967e-03 -4.339185970260656111e-01 5.765044308713652976e-02 5.102748160197286692e-03 9.983238235323819154e-01 2.725046587517937979e+01
9.983612811042215096e-01 6.796488366061588862e-03 -5.682156892593476227e-02 -1.517193183501971632e+00 -7.006577162991246312e-03 9.999694042535071103e-01 -3.499015569565863074e-03 -4.506869733920493837e-01 5.679605510320203526e-02 3.891398111709360418e-03 9.983782518452608556e-01 2.822098637428931767e+01
9.983801023022680354e-01 3.097802388056320345e-03 -5.681291449195426113e-02 -1.574494322578749994e+00 -3.038630174309902079e-03 9.999948211095941453e-01 1.127809813268106521e-03 -4.614711609292943550e-01 5.681612084362248211e-02 -9.533571792437072791e-04 9.983842392750060801e-01 2.921100336783068840e+01
9.983380379086659318e-01 -1.613671260988623624e-03 -5.760813906001148454e-02 -1.632018155753195865e+00 1.879602223024292793e-03 9.999879041244928990e-01 4.562254689682937459e-03 -4.716189808373985604e-01 5.760008863699728199e-02 -4.662959766563563868e-03 9.983288822248115313e-01 3.017424661654961326e+01
9.982189830451676515e-01 -9.813502629897843943e-03 -5.884473804672517988e-02 -1.682187113503092135e+00 1.007811594984254350e-02 9.999404679962393683e-01 4.201657089707836780e-03 -4.873463480832896932e-01 5.880000933602274465e-02 -4.787224047902277277e-03 9.982583393407753469e-01 3.116059348938271611e+01
9.981456777342445630e-01 -8.516633549993563729e-03 -6.027296929663244346e-02 -1.739320496647191572e+00 8.545105556884107292e-03 9.999635541895945945e-01 2.145874242084712174e-04 -5.058765627515718899e-01 6.026895485769225708e-02 -7.292357474130206412e-04 9.981819438798665844e-01 3.215526609902188682e+01
9.980676814626286975e-01 -7.317004236617791549e-03 -6.170518259277505552e-02 -1.805003460319641650e+00 7.123230264754006405e-03 9.999690763001255478e-01 -3.359775939142232038e-03 -5.230455863361207491e-01 6.172786886647747134e-02 2.913735129614575779e-03 9.980888000564817064e-01 3.313546033907424970e+01
9.979578198503477049e-01 -5.799641701978242372e-03 -6.361389471966208409e-02 -1.871571131787834297e+00 5.536765159404989992e-03 9.999754880232921694e-01 -4.307944830182237374e-03 -5.314509070463617757e-01 6.363733031849501398e-02 3.946923387226307194e-03 9.979653222675169966e-01 3.412242818529034594e+01
9.978626512460787579e-01 -9.129384317424223128e-03 -6.470677398834613625e-02 -1.936066181611371562e+00 8.976861292667110206e-03 9.999563027043147923e-01 -2.647544286254205608e-03 -5.535057696633408630e-01 6.472812885825351970e-02 2.061013693139151105e-03 9.979008441607424285e-01 3.513594437410549176e+01
9.978015451117963064e-01 -7.652795841776287994e-03 -6.583082929959184482e-02 -2.010841961376888420e+00 7.653278500448139864e-03 9.999707857792170529e-01 -2.449102166645030008e-04 -5.603251191599483150e-01 6.583079042015746452e-02 -2.594572904237356175e-04 9.978308039892997972e-01 3.613179523111285363e+01
9.977629792423986510e-01 -3.771550388517831871e-03 -6.674580803541491081e-02 -2.083873276421861043e+00 3.860254172756801515e-03 9.999919334290997552e-01 1.199998328463867513e-03 -5.841255937899364481e-01 6.674075330481946122e-02 -1.454976708200324959e-03 9.977693263297267023e-01 3.714376704801030371e+01
9.976743767276972097e-01 -4.437837344642753604e-03 -6.801718637639862786e-02 -2.159489745066058397e+00 4.692114228403896324e-03 9.999826938617195626e-01 3.579069527455662307e-03 -5.926702522201315881e-01 6.800013703406218579e-02 -3.889896326135012985e-03 9.976777663413841646e-01 3.813752271311902575e+01
9.976959620528620398e-01 -3.612145603800749616e-03 -6.774897151825175212e-02 -2.229724742861775244e+00 4.092979088740355403e-03 9.999675179703316763e-01 6.959748855025295333e-03 -6.154161195812125618e-01 6.772164793474653999e-02 -7.221015172318051220e-03 9.976781624352615285e-01 3.914567101923631753e+01
9.976527636459878723e-01 3.178494702387351430e-04 -6.847683061530641935e-02 -2.311141793325374394e+00 2.796265568251572135e-04 9.999621003893767179e-01 8.715395728690010155e-03 -6.176780141107732769e-01 6.847702285392648358e-02 -8.714092466063467005e-03 9.976146764321752736e-01 4.016730654844379700e+01
9.976534140901119896e-01 1.868711124371952737e-03 -6.844261149082396523e-02 -2.384522514490434730e+00 -1.289167845926294425e-03 9.999630744541608829e-01 8.510714110955551123e-03 -6.318887746119701276e-01 6.845600832750188547e-02 -8.402513609935215524e-03 9.976187933114228912e-01 4.115629954440518645e+01
9.976520907668324778e-01 1.648042566624633885e-03 -6.846757219718080378e-02 -2.452450182878120444e+00 -1.184061194663070526e-03 9.999761916887681679e-01 6.816630863283894629e-03 -6.446655878572056242e-01 6.847719851715791672e-02 -6.719561257717654272e-03 9.976300978006931164e-01 4.213802017098394970e+01
9.976433014889182216e-01 6.316544284484634959e-03 -6.832398153538161989e-02 -2.526865194366582301e+00 -6.037312964022859343e-03 9.999726901131831269e-01 4.292525178351726776e-03 -6.614964130019953537e-01 6.834925201287019025e-02 -3.869920948331391931e-03 9.976539955190770748e-01 4.314863529884467397e+01
9.975916734613073933e-01 5.899987447676577866e-03 -6.911063794757019152e-02 -2.599583533665130286e+00 -5.613705597586953963e-03 9.999749787916270005e-01 4.335793098829212287e-03 -6.718610166740510703e-01 6.913451264093800619e-02 -3.937389240116692495e-03 9.975996229508600210e-01 4.412683484266028699e+01
9.975044371623551509e-01 1.442393982045504309e-03 -7.059079301840934240e-02 -2.667492454395125279e+00 -1.064218380606603764e-03 9.999850213542216260e-01 5.394554810742706666e-03 -6.836131534024101342e-01 7.059753937236613874e-02 -5.305972860138025854e-03 9.974908148803073304e-01 4.511589625937470061e+01
9.974494657269852294e-01 1.431871650923215210e-03 -7.136362245869014298e-02 -2.741466061332293869e+00 -9.858880530512973816e-04 9.999799127698757450e-01 6.284231996280524590e-03 -6.916117107041178658e-01 7.137121326497923579e-02 -6.197851486613071767e-03 9.974306142765428929e-01 4.612134549267030792e+01
9.974345481342671293e-01 1.176803405200159804e-03 -7.157651049281883726e-02 -2.818961165212212627e+00 -9.102217389148200763e-04 9.999926768167168856e-01 3.756883430969241554e-03 -7.080509524864101456e-01 7.158043537641917142e-02 -3.682099027273260782e-03 9.974280817089101747e-01 4.707461209673060409e+01
9.973549274130849573e-01 6.947387258705125211e-03 -7.235435184953092902e-02 -2.894745516554544817e+00 -7.046789184121801490e-03 9.999746987643539642e-01 -1.118698677090967930e-03 -7.284464940629697960e-01 7.234477824871339557e-02 1.625599972305899563e-03 9.973784064739594779e-01 4.805370988991441550e+01
9.973334431260543198e-01 5.529158866321963114e-03 -7.277162757681635008e-02 -2.975680282336041316e+00 -5.679528121651011840e-03 9.999823005952824806e-01 -1.859604970240107602e-03 -7.427060092371560174e-01 7.276008907676675963e-02 2.267948954047547660e-03 9.973469418120544105e-01 4.901597333079296703e+01
9.973157233854179626e-01 4.406627674663492374e-03 -7.309044298226079206e-02 -3.047124313944109542e+00 -4.333121629207363837e-03 9.999900969510158166e-01 1.164173262702064646e-03 -7.532289818448923979e-01 7.309488445882943164e-02 -8.443432014080145100e-04 9.973246837759091044e-01 4.999123279647015039e+01
9.973182736642415280e-01 1.813261651076172941e-04 -7.318820700129193002e-02 -3.117998638759601260e+00 1.645497643717227902e-04 9.999890123575291279e-01 4.719740718188370800e-03 -7.722928127884292060e-01 7.318829461891680765e-02 -4.719130652653969263e-03 9.973070257953686735e-01 5.097707489953987192e+01
9.972886689231410529e-01 8.041574922154007203e-06 -7.359075660213143522e-02 -3.190359395313359325e+00 3.506796299803513679e-04 9.999882865028294487e-01 4.861576320616523179e-03 -7.833012978169980878e-01 7.358996968205415434e-02 -4.874205157759914885e-03 9.972767213740769687e-01 5.192435816765154044e+01
9.972734230568959246e-01 -2.310567482311882623e-03 -7.376090002037655191e-02 -3.259492236470917348e+00 2.608699626345329248e-03 9.999889794079619421e-01 3.945749721144140194e-03 -8.020127906476590685e-01 7.375100509270803018e-02 -4.127415282824627163e-03 9.972681964922184283e-01 5.288428605031504048e+01
9.972406996699696435e-01 -3.731215981051307432e-03 -7.414414763683080389e-02 -3.327937569611213675e+00 3.938487938799748074e-03 9.999889017581562456e-01 2.649474541973454583e-03 -8.265212124610270550e-01 7.413347421523372449e-02 -2.934184107433396652e-03 9.972440635593678993e-01 5.385328374656473471e+01
9.971645915651305980e-01 -3.616090023545586677e-03 -7.516644881232319164e-02 -3.399919126679699311e+00 3.913966931475144906e-03 9.999852299707684411e-01 3.815927031521256299e-03 -8.379869975310567654e-01 7.515157196474929469e-02 -4.099310283362011913e-03 9.971637488805478178e-01 5.479372304603308663e+01
9.970704953356931410e-01 -7.047078106980728118e-03 -7.616475687041460163e-02 -3.470418571004946440e+00 7.659019333363688634e-03 9.999408490633427959e-01 7.745296794340745562e-03 -8.479479477254064923e-01 7.610570394514151737e-02 -8.305956140331768531e-03 9.970652131373403115e-01 5.575518076256977906e+01
9.969902283737372972e-01 -1.006816950233887197e-02 -7.687276192437686451e-02 -3.541101123402860207e+00 1.110430076822420398e-02 9.998531949090818660e-01 1.306296047873127184e-02 -8.606442985575514237e-01 7.672999211399453290e-02 -1.387726268392695285e-02 9.969553858352917519e-01 5.669881130503112843e+01
9.969451079016699024e-01 -9.249294411373724933e-03 -7.755777382488319993e-02 -3.620311839553861155e+00 1.043053126788965820e-02 9.998356678175814860e-01 1.483913834784620842e-02 -8.576171339881537570e-01 7.740781226577625462e-02 -1.560277499451920812e-02 9.968774726386461227e-01 5.764840656484685866e+01
9.968589645138876687e-01 -8.752705696211884531e-03 -7.871405628500792451e-02 -3.700813120178738203e+00 9.683111271563684189e-03 9.998877859677024471e-01 1.144612096281099126e-02 -8.652732482669939218e-01 7.860507445183805009e-02 -1.217236596695246871e-02 9.968315744033897641e-01 5.858688028625317656e+01
9.967783795867022345e-01 -4.145658917792571091e-03 -8.009983839917236836e-02 -3.778914497857338350e+00 4.443707429897734464e-03 9.999840315116805822e-01 3.543028994169240570e-03 -8.883867389639512613e-01 8.008390698554149201e-02 -3.887557884872387855e-03 9.967806016099478583e-01 5.950310634065768767e+01
9.967291944472906895e-01 -2.083028259219151575e-03 -8.078919271834110460e-02 -3.859941216979140499e+00 1.981211563440097613e-03 9.999973265715520476e-01 -1.340455157504717547e-03 -9.074918967816445470e-01 8.079180712590544600e-02 1.176005836305595454e-03 9.967303623005548951e-01 6.042267480866470919e+01
9.966498623267214807e-01 2.079468468045443663e-03 -8.176220268768075172e-02 -3.946176606004713872e+00 -2.153127629409313203e-03 9.999975449225627644e-01 -8.127775229660157488e-04 -9.103673645064805919e-01 8.176034567656369212e-02 9.860951636466461310e-04 9.966515884275037873e-01 6.134600965343228296e+01
9.965857435279672494e-01 3.806980339047955249e-03 -8.247845480591652068e-02 -4.025874673956801431e+00 -3.667292437492625842e-03 9.999917703355937215e-01 1.845019282382466194e-03 -9.282677522467519537e-01 8.248483357182395670e-02 -1.536250439121684833e-03 9.965911961231959104e-01 6.223250916872109428e+01
9.964841992468362886e-01 3.844008112565494139e-03 -8.369467872403078823e-02 -4.108577963131851973e+00 -3.576407798977285571e-03 9.999882016724370715e-01 3.346994488936974512e-03 -9.449494205438943029e-01 8.370659104393035621e-02 -3.035903402105170727e-03 9.964858807051033551e-01 6.312213821429961058e+01
9.963797816297020882e-01 6.002968873846345130e-03 -8.480348862061724835e-02 -4.187206140035139690e+00 -5.759562334219169022e-03 9.999787634303386463e-01 3.114576059078981267e-03 -9.652056378522713143e-01 8.482041763183974237e-02 -2.614872226219019068e-03 9.963928855480654878e-01 6.399869049665592513e+01
9.962480407393288218e-01 7.510217857857219743e-03 -8.621934650390747357e-02 -4.266210486454275141e+00 -7.211811835079909999e-03 9.999670825438378152e-01 3.771937453447407173e-03 -9.770726898602257737e-01 8.624486963977771870e-02 -3.135989789621764293e-03 9.962690970653524936e-01 6.483961619480483307e+01
9.961211966989872435e-01 8.048606576620999029e-03 -8.762489121340434617e-02 -4.345857503854261950e+00 -7.692516790806425489e-03 9.999609323855559451e-01 4.400689110977637833e-03 -9.950932268318680718e-01 8.765692106948198836e-02 -3.709565482939154984e-03 9.961438801732304116e-01 6.568871212226258649e+01
9.959911146924236292e-01 7.795259411120084719e-03 -8.911385358360320030e-02 -4.422851020674123390e+00 -7.397972939703203327e-03 9.999613801697909699e-01 4.787581084668477045e-03 -1.009450619926662851e+00 8.914776625134659960e-02 -4.109128145078928991e-03 9.960099988712121100e-01 6.650571756089655651e+01
9.958743376434775474e-01 8.326908005648305661e-03 -9.036215537546840593e-02 -4.500585686319016787e+00 -7.832863225794019571e-03 9.999525934918008785e-01 5.820602467942537390e-03 -1.023168897656250298e+00 9.040637563462303183e-02 -5.088796091315660360e-03 9.958920226634104811e-01 6.731709365804691458e+01
9.957275704098336178e-01 1.161718724786613838e-02 -9.160788748375585377e-02 -4.581220963584168082e+00 -1.088120330746811075e-02 9.999046339457511312e-01 8.529412145665269882e-03 -1.033541528587087255e+00 9.169827270721525592e-02 -7.496167844958985353e-03 9.957586876905677453e-01 6.812763830314169411e+01
9.956107588116905882e-01 1.071589710114680995e-02 -9.297714924564566552e-02 -4.663473113269461123e+00 -9.625618645063019341e-03 9.998798677365597909e-01 1.216682543534539085e-02 -1.038176550260969444e+00 9.309639215777949783e-02 -1.121845910007293091e-02 9.955939625458514186e-01 6.890440355975688647e+01
9.954415896563387767e-01 1.278776367001361984e-02 -9.451392862082066970e-02 -4.742934917467593436e+00 -1.152492087922555447e-02 9.998372552076522091e-01 1.389523464194811209e-02 -1.045970010172541542e+00 9.467626879498881876e-02 -1.274262718785150635e-02 9.954266220627226991e-01 6.968550261144650904e+01
9.952816496343324104e-01 1.537387242355509748e-02 -9.580422917121585169e-02 -4.823361850016581798e+00 -1.441727298603882011e-02 9.998393633066737785e-01 1.066916647456849984e-02 -1.062171657702367877e+00 9.595289757721045532e-02 -9.237589253789587479e-03 9.953430773067327708e-01 7.044318051645582557e+01
9.951335953071438478e-01 1.670855572502068231e-02 -9.710986153686830546e-02 -4.902498430535286111e+00 -1.648697342820242689e-02 9.998595516640614855e-01 3.083751339219574332e-03 -1.075417742127138032e+00 9.714777290467224713e-02 -1.467698458163424220e-03 9.952689565475011380e-01 7.116255439288876516e+01
9.950316722338985453e-01 1.576281032519312800e-02 -9.830504169929715763e-02 -4.974971879952511777e+00 -1.610624572922256595e-02 9.998668657814753224e-01 -2.700961203744056769e-03 -1.089880439512690424e+00 9.824940325249562068e-02 4.270863283881936798e-03 9.951527292071054021e-01 7.188126552366539102e+01
9.949378488238261875e-01 1.828091463091534308e-02 -9.881736858057681150e-02 -5.050420780327618431e+00 -1.876194275783601637e-02 9.998164465750787322e-01 -3.940738365665945493e-03 -1.100095683283775161e+00 9.872721168837890471e-02 5.774791429728410447e-03 9.950978492296215228e-01 7.256754596146596725e+01
9.948506872623629205e-01 1.869557082844317680e-02 -9.961412824218160433e-02 -5.126041100501948833e+00 -1.886264068563608259e-02 9.998220501977368446e-01 -7.355740138279686247e-04 -1.112251789318324358e+00 9.958266917878925983e-02 2.610769307270565526e-03 9.950259395327378797e-01 7.324442460303274061e+01
9.947801055012427396e-01 1.516320205802200276e-02 -1.009109341591663128e-01 -5.197905569431509498e+00 -1.506138086099031125e-02 9.998852437064777998e-01 1.770808354901345092e-03 -1.123061801009034300e+00 1.009262246468851792e-01 -2.417083155958240617e-04 9.948939559647029807e-01 7.390613479698174615e+01
9.946784743012474506e-01 1.492665715320994763e-02 -1.019427745627036752e-01 -5.260900032685928984e+00 -1.513762893567921833e-02 9.998848225647724020e-01 -1.296234222034690605e-03 -1.144656918766389309e+00 1.019117022884993284e-01 2.832506024165285918e-03 9.947894892124268251e-01 7.452452610299241087e+01
9.947654309026857655e-01 8.360951265619200393e-03 -1.018442246692414649e-01 -5.317886991407372754e+00 -9.033193089544807458e-03 9.999405904590106253e-01 -6.141330638956019571e-03 -1.172439963833745491e+00 1.017868434516900344e-01 7.029157267731072842e-03 9.947814712201260567e-01 7.514089073100701910e+01
9.948771729747808434e-01 5.861333509415006526e-03 -1.009231137896779568e-01 -5.376556456243173798e+00 -6.982915065502143769e-03 9.999179408659197854e-01 -1.076359498071683893e-02 -1.189537343691035254e+00 1.008517587512996333e-01 1.141318598705199500e-02 9.948360710546393371e-01 7.574403395159153263e+01
9.951695471988254438e-01 6.997551873786648363e-03 -9.792359173849626841e-02 -5.436485972809949274e+00 -8.128729461272908227e-03 9.999049666405083192e-01 -1.115750057808420105e-02 -1.204112858950578069e+00 9.783622729709898214e-02 1.189959292679650810e-02 9.951314580379455599e-01 7.631740222569581533e+01
9.955349677716547330e-01 1.017797469059380719e-02 -9.384544173756192986e-02 -5.499484201970941122e+00 -1.107139387238850747e-02 9.998984248194473512e-01 -9.004428499870950273e-03 -1.210454850337811639e+00 9.374428024799121018e-02 1.000321793541099520e-02 9.955461276010609817e-01 7.688172143899438993e+01
9.959895192974124178e-01 9.487899609738731019e-03 -8.896792572884305861e-02 -5.547485715702610065e+00 -1.004257299907759284e-02 9.999330775215372613e-01 -5.789042825859308343e-03 -1.230341654689649733e+00 8.890706137965866118e-02 6.659289428957170659e-03 9.960177413410431502e-01 7.744178190667450679e+01
9.964918072629396217e-01 5.922454406592239651e-03 -8.348319375808095633e-02 -5.582542690727702706e+00 -6.102948439493808934e-03 9.999798254359526517e-01 -1.907079085546439833e-03 -1.245687366391804662e+00 8.347023616510802768e-02 2.409880550544730559e-03 9.965074344235891335e-01 7.797548360771259013e+01
9.971581506266418149e-01 6.398569822463830875e-05 -7.533966249384034530e-02 -5.613396962454615391e+00 7.395636188800798537e-05 9.999985963219761853e-01 1.828076073244405426e-03 -1.262686565891184109e+00 7.533970045750554290e-02 -1.828452966804770949e-03 9.971563275730691567e-01 7.851490181888061670e+01
9.978857667700299361e-01 5.548513328705690847e-03 -6.475847294165167078e-02 -5.645977446288528157e+00 -5.444382678122706640e-03 9.999838591113910935e-01 1.784261154645405733e-03 -1.281216533955729542e+00 6.476736051508265313e-02 -1.427918978131553643e-03 9.978994466759905091e-01 7.902107504130073323e+01
9.987049280644787475e-01 1.051853745933182573e-02 -4.978235901850062983e-02 -5.674886931823337477e+00 -1.047280364953307417e-02 9.999447385189650372e-01 1.179319061163656675e-03 -1.290733620561123507e+00 4.979205355790984611e-02 -6.564308611598495408e-04 9.987594687335352717e-01 7.952300775838644142e+01
9.993922843059326322e-01 1.503971878349741678e-02 -3.145360469240160439e-02 -5.691425780503752030e+00 -1.499846432861080131e-02 9.998865974790993594e-01 1.546943346694997857e-03 -1.293550927385048066e+00 3.147335458215221732e-02 -1.074247014488460090e-03 9.995040920714444166e-01 8.001905144504212331e+01
9.998576147879820741e-01 1.387479854440182292e-02 -9.628833747920144057e-03 -5.682683541632248314e+00 -1.385566503240890680e-02 9.999021878328948620e-01 2.050353542211326170e-03 -1.302259973712702079e+00 9.656404164735548495e-03 -1.916648859922837761e-03 9.999516173284068721e-01 8.048877399349609618e+01
9.998134377505244474e-01 1.006693480610637743e-02 1.649929685086177350e-02 -5.654675134117940871e+00 -1.011894163149615333e-02 9.999443707695940819e-01 3.071972236856228711e-03 -1.313860979918568761e+00 -1.646737476555945948e-02 -3.238355142509266593e-03 9.998592377825676891e-01 8.096486370559013324e+01
9.989117235772648762e-01 8.987578219233006288e-03 4.577201587418312095e-02 -5.612844538092217839e+00 -9.199489706424689509e-03 9.999481993214041076e-01 4.421301027860898361e-03 -1.323360541737941931e+00 -4.572981082489269156e-02 -4.837569114034880394e-03 9.989422101557109412e-01 8.140798643763204723e+01
9.968637664182921077e-01 8.124485880615543026e-03 7.872177979448623242e-02 -5.555758934161580953e+00 -8.631356903317514290e-03 9.999444334703295745e-01 6.100716445318407968e-03 -1.329698209777817830e+00 -7.866772060465994365e-02 -6.761059782614630038e-03 9.968780443402839309e-01 8.185886718497098968e+01
9.931752889530677253e-01 8.030507211914733254e-03 1.163565773572102363e-01 -5.482492705911997888e+00 -8.821529269030915429e-03 9.999416333055565209e-01 6.284930935036707987e-03 -1.336757316531014039e+00 -1.162991729342150171e-01 -7.268482156002405159e-03 9.931877106825018897e-01 8.230662817163484135e+01
9.873913156546617609e-01 8.231973351807100880e-03 1.580858122043316272e-01 -5.389487461885673625e+00 -9.365508479608755307e-03 9.999357850843233475e-01 6.426788627357818591e-03 -1.346309858801271186e+00 -1.580225887305109489e-01 -7.826310801953995783e-03 9.874045608950756669e-01 8.272593009916330686e+01
9.790759470492459426e-01 7.775033052298117864e-03 2.033478384548361717e-01 -5.276943613959025114e+00 -9.195843040757606043e-03 9.999397528580274974e-01 6.043195513556008820e-03 -1.352232358757326613e+00 -2.032884082795985980e-01 -7.786704976831436247e-03 9.790880173523469621e-01 8.314298304198051426e+01
9.677059047850106177e-01 9.465448265431287631e-03 2.519051329261643990e-01 -5.136768755264937703e+00 -1.084462684247295382e-02 9.999331392603675317e-01 4.087254342399218587e-03 -1.360535893294458676e+00 -2.518493804553319504e-01 -6.687080064468147594e-03 9.677434195585788990e-01 8.356165921455858836e+01
9.523043281010072914e-01 1.000927050227231989e-02 3.049865496651646968e-01 -4.986144512952638053e+00 -1.110747252006016351e-02 9.999368672746842268e-01 1.865858956963455280e-03 -1.374944468633302552e+00 -3.049483657205236953e-01 -5.164499151662984601e-03 9.523549611884962740e-01 8.393824477006981510e+01
9.329704712378592557e-01 9.912574474509912650e-03 3.598171255508308408e-01 -4.785461159532007791e+00 -1.045477728821840070e-02 9.999455507844551283e-01 -4.391957959252327571e-04 -1.381650541607394089e+00 -3.598016014446682731e-01 -3.352056987651811856e-03 9.330228918719998266e-01 8.431917318549527351e+01
9.087625620735132470e-01 1.018068312656498879e-02 4.171899927345708581e-01 -4.596633562561857289e+00 -1.022498325820366677e-02 9.999457584628935747e-01 -2.128629023908587721e-03 -1.389087975205367531e+00 -4.171887147790369621e-01 -2.331349119637217589e-03 9.088169678134004892e-01 8.465724656999373110e+01
8.801241949432048184e-01 1.055079034048006861e-02 4.746268320325450762e-01 -4.371453404884080740e+00 -9.524616694946107243e-03 9.999445148450450960e-01 -4.566438896941638070e-03 -1.389247137952356992e+00 -4.746483237462971738e-01 -5.016168281427893462e-04 8.801754702321743506e-01 8.498442091107372676e+01
8.475646518784379913e-01 8.309463327715007480e-03 5.306276245355743271e-01 -4.093559184593146938e+00 -6.071791982034066039e-03 9.999641063671839136e-01 -5.960722943786992030e-03 -1.407048573394594548e+00 -5.306577207659485262e-01 1.830224796461158397e-03 8.475843129390787656e-01 8.529772881446268684e+01
8.107047119254818801e-01 7.698135085253330484e-03 5.854051457578736128e-01 -3.854287135861139912e+00 -4.486882293687772215e-03 9.999661879824326416e-01 -6.935937868529141494e-03 -1.416098296711407079e+00 -5.854383229462242211e-01 2.996339492573161720e-03 8.107114886931197084e-01 8.557067506845056926e+01
7.715414750815940970e-01 5.774047236899730769e-03 6.361532848921490624e-01 -3.547067219015933581e+00 -2.825699616729464899e-03 9.999803613675861680e-01 -5.649243926174813898e-03 -1.431893232065662547e+00 -6.361729553758822542e-01 2.561033957086733537e-03 7.715423058450794347e-01 8.584724645900145390e+01
7.285147143989022522e-01 5.168626692337545750e-03 6.850110914771948556e-01 -3.282360542835998540e+00 -3.363625479573389108e-03 9.999867822769215042e-01 -3.967969581690475311e-03 -1.431772888591149595e+00 -6.850220618799111039e-01 5.865902205256312910e-04 7.285221619086245104e-01 8.608058395970773802e+01
6.836392507961878140e-01 3.892351543439528678e-03 7.298101397838652193e-01 -2.973856937861730110e+00 -2.197723366991148793e-03 9.999925390903282585e-01 -3.274643519553196731e-03 -1.437295435409872590e+00 -7.298169263611564705e-01 6.347412995820107557e-04 6.836424156398408503e-01 8.630745510835029677e+01
6.375339595093636458e-01 2.506935899717897907e-03 7.704185812381573184e-01 -2.621869672425677589e+00 1.231556164391108769e-03 9.999904303659000737e-01 -4.273086689636167342e-03 -1.447746781057931642e+00 -7.704213845710432551e-01 3.673037438280570780e-03 6.375245073236051052e-01 8.651720050455105593e+01
5.905985836275992051e-01 -8.529624760522506489e-04 8.069654402686012862e-01 -2.317008195800239534e+00 6.442232271756058622e-03 9.999728786447034112e-01 -3.657937108345395150e-03 -1.469403589447258351e+00 -8.069398749663470038e-01 7.359014853279033895e-03 5.905878206187806789e-01 8.668391928840149774e+01
5.440051133862380262e-01 1.277720144960482838e-03 8.390813182173713081e-01 -1.963452421610765164e+00 5.603430939723200686e-03 9.999713362555568974e-01 -5.155607042853152869e-03 -1.475356728299971776e+00 -8.390632692553573468e-01 7.506393746647431475e-03 5.439821394518984388e-01 8.686008597554575772e+01
4.966082165204934173e-01 3.937944383242853764e-03 8.679662657649581670e-01 -1.649745020079911084e+00 2.923110481633647059e-03 9.999767783056887627e-01 -6.209329414033089474e-03 -1.478313242824396578e+00 -8.679699567867792398e-01 5.620749189568730909e-03 4.965849761008922503e-01 8.702063118623310345e+01
4.510616022324311913e-01 5.361232772410556152e-03 8.924770947330424864e-01 -1.304918287161517698e+00 2.342432570810226537e-03 9.999717315044609478e-01 -7.190837587655954551e-03 -1.485086115520353411e+00 -8.924897981631959576e-01 5.334060374378329396e-03 4.510361205221412040e-01 8.715627271916724794e+01
4.086496611297800174e-01 3.701065468696747990e-03 9.126841949850059699e-01 -9.265746598901649644e-01 9.231322104620784397e-03 9.999241972536025980e-01 -8.188107639543570904e-03 -1.486811004032702055e+00 -9.126446854803363928e-01 1.177132830180734578e-02 4.085843675094251726e-01 8.727371883435024813e+01
3.690076347255555889e-01 -4.614726214755442146e-03 9.294152791759107135e-01 -5.792651000821769092e-01 2.237976293638808609e-02 9.997421838745730316e-01 -3.921564714122869992e-03 -1.511683035069478320e+00 -9.291569222133968520e-01 2.224715356994712637e-02 3.690156439400292254e-01 8.735253674810795133e+01
3.333964764693996830e-01 -8.207463224733289181e-03 9.427513597449651561e-01 -2.193979839660919195e-01 2.817977719107958232e-02 9.996024094586618558e-01 -1.263146319255836324e-03 -1.514857778609097982e+00 -9.423655123802174849e-01 2.698762272280300425e-02 3.334950904462111732e-01 8.744040634928309430e+01
2.997993605736665179e-01 -4.773917611076864374e-03 9.539907042659190317e-01 1.613000866898197938e-01 2.516727784193400694e-02 9.996793696605374979e-01 -2.906465694114388799e-03 -1.524491566286719779e+00 -9.536702866967760039e-01 2.488067770609772925e-02 2.998232811463952263e-01 8.753806497303260414e+01
2.688407296294584858e-01 3.097638606879066746e-03 9.631800357088511344e-01 5.114655236172781505e-01 1.577649949807067090e-02 9.998468565921133644e-01 -7.619057467659619623e-03 -1.524710324421575391e+00 -9.630554627258405276e-01 1.724389919306689931e-02 2.687506031411387442e-01 8.763495678061670446e+01
2.403633917227486760e-01 7.887864699017586509e-03 9.706512969176664951e-01 8.992611093610308748e-01 1.099168389927149443e-02 9.998810972017360132e-01 -1.084727279436665213e-02 -1.536069222870131812e+00 -9.706207710568250935e-01 1.327635884363050252e-02 2.402480390189660198e-01 8.772061604153259395e+01
2.142489880712490358e-01 9.499425953443507015e-03 9.767332556202474869e-01 1.299043733891703578e+00 1.211039518762352558e-02 9.998503628318022862e-01 -1.238069659833981179e-02 -1.554841318311864118e+00 -9.767040321480248144e-01 1.448115602468261903e-02 2.141018299731303753e-01 8.778654954286182033e+01
1.910768486892358287e-01 1.080937861902666816e-02 9.815159282884271530e-01 1.693459373838041238e+00 1.916744819639951136e-02 9.997079584483887782e-01 -1.474114744245897876e-02 -1.566489861798936234e+00 -9.813879482810646815e-01 2.162982233398027046e-02 1.908138134928832608e-01 8.783560110528527787e+01
1.703456192936565194e-01 1.611853711851085613e-02 9.852529057293653025e-01 2.093414496551604831e+00 2.513389633375171309e-02 9.994701783200011791e-01 -2.069665481868714768e-02 -1.578139903828187141e+00 -9.850638142498505667e-01 2.828879945170117982e-02 1.698502147342966784e-01 8.788108073133872722e+01
1.504668118643071872e-01 2.359664344027312052e-02 9.883337823590282456e-01 2.531678801236632914e+00 2.563623345685465960e-02 9.992861506302922470e-01 -2.776106100578035196e-02 -1.577980787442258226e+00 -9.882826428512018202e-01 2.951424398719715639e-02 1.497544535405845867e-01 8.792747085402663743e+01
1.328663594334896503e-01 2.425591214496578690e-02 9.908374807242523730e-01 2.961828933370787897e+00 2.390177697967315815e-02 9.993316973182969631e-01 -2.766895451695945349e-02 -1.586815841475297084e+00 -9.908457475985360530e-01 2.735902150112692888e-02 1.321977971673568564e-01 8.798647075950447061e+01
1.173189988920163018e-01 1.990409467688145084e-02 9.928951691560435888e-01 3.413945718276738095e+00 2.383344344989466596e-02 9.994550906803174595e-01 -2.285171512991085452e-02 -1.598129754694657789e+00 -9.928082792376620169e-01 2.634502333058013138e-02 1.167806880384695128e-01 8.803440648269290136e+01
1.021383056556171010e-01 1.676552198332606491e-02 9.946292914701947430e-01 3.890518758218216355e+00 2.482087152384073250e-02 9.995040863443286350e-01 -1.939653553124942240e-02 -1.621952369393914628e+00 -9.944605339338672412e-01 2.666866681996479110e-02 1.016715241871836567e-01 8.807364970283303762e+01
8.918865078507003108e-02 1.457892342376349015e-02 9.959084251170315927e-01 4.364183181377772947e+00 2.670671160618181411e-02 9.994987218534955309e-01 -1.702319444525941805e-02 -1.639153958320203497e+00 -9.956566705843143961e-01 2.811568639243414505e-02 8.875459309004413155e-02 8.810884525554831725e+01
