1.000000000000000000e+00 -1.123966364506625005e-19 0.000000000000000000e+00 0.000000000000000000e+00 0.000000000000000000e+00 1.000000000000000000e+00 0.000000000000000000e+00 0.000000000000000000e+00 0.000000000000000000e+00 0.000000000000000000e+00 1.000000000000000000e+00 0.000000000000000000e+00
9.999999987423140446e-01 1.615452335048726023e-05 -1.040352230772455483e-04 3.276034028529162256e-03 -1.615299776240586294e-05 9.999999997348250069e-01 4.691522211015964467e-05 2.915912105450519515e-03 1.040316842285866791e-04 -4.691391319908359538e-05 9.999999982136758003e-01 -1.224666679259911461e-03
1.000000003737857357e+00 -2.348351311045808901e-05 -2.814855757332598941e-05 2.127652889815090376e-03 2.348278547548154904e-05 9.999999966152739450e-01 9.107663460648272673e-05 1.182700114194034507e-03 2.814468475702698705e-05 -9.107625068122433419e-05 1.000000000270569345e+00 -5.277675093178224586e-04
1.000000003297932594e+00 -3.625905475464499572e-07 1.114669393919068253e-04 1.005837118728925006e-03 3.467614352959183521e-07 9.999999999938569140e-01 8.883644603185453193e-05 2.251214422133576004e-03 -1.114614450586532703e-04 -8.883244327274275002e-05 1.000000000428464819e+00 -1.359316688964717912e-05
1.000000000730185468e+00 7.277078846314976028e-05 1.386119880868423181e-04 -7.319977401889499191e-04 -7.277363518226956374e-05 1.000000001715079634e+00 -8.102550276714507634e-06 1.302088253396366246e-03 -1.386059561976902600e-04 8.093019062605007010e-06 1.000000004670425824e+00 -5.973419809057745056e-05
1.000000014422884664e+00 7.704959892880030929e-07 5.133743125703562975e-05 -1.020037046854938012e-04 -7.772784938612012362e-07 1.000000005197030362e+00 2.119212557253437863e-05 -2.140061533335117783e-04 -5.133287403507214453e-05 -2.118839744418597531e-05 1.000000015247777929e+00 -1.865916284677471282e-03
1.000000008492509807e+00 -2.310243261226292434e-05 1.309451388868800384e-04 -2.748021272741762999e-03 2.309355810426860084e-05 1.000000005148930837e+00 3.201656801145259714e-05 5.381953706511712066e-04 -1.309383188953184760e-04 -3.201034350819569068e-05 1.000000009437389759e+00 -3.392040579539568057e-04
9.999999922934335039e-01 2.138368251956656414e-04 8.975665452725924099e-05 -2.716247140076122335e-03 -2.138484157611876199e-04 9.999999816680489317e-01 7.772059367295685835e-05 -2.544963323576517056e-04 -8.973496890000858298e-05 -7.773487824803110128e-05 1.000000012174546704e+00 5.767556910876159293e-04
9.999999955427342213e-01 2.236432433272303130e-04 -9.560427997291877177e-06 -1.478109674594607625e-03 -2.236467180145558856e-04 9.999999775818578795e-01 1.125376103287675837e-04 -2.391791084084066848e-03 9.586913987058366161e-06 -1.125287745652437353e-04 1.000000012980526432e+00 -1.161314980311356493e-04
1.000000021075069911e+00 6.129406898119351896e-05 -3.872204311508916909e-05 -3.872307383101514233e-05 -6.129505923151406382e-05 1.000000005405400572e+00 9.738493833192657801e-05 -1.646422716960079663e-03 3.872780456832117718e-05 -9.737717732023566989e-05 1.000000014108231472e+00 -3.395563389543276855e-04
1.000000019715518551e+00 -7.114501243179244987e-05 -6.199418981798907524e-05 2.513694159852253307e-03 7.114567041249623969e-05 1.000000005741428222e+00 9.051505558383413563e-05 9.947829330211530041e-04 6.198659969805389667e-05 -9.051442158273377786e-05 1.000000013824552614e+00 -1.957318396072160738e-03
1.000000024512287089e+00 -9.104340708726274938e-06 4.011213035032124680e-05 3.458300513070611260e-05 9.098304418082674150e-06 1.000000012713720521e+00 2.071671449191450881e-05 4.866418658043825118e-04 -4.010980077226424456e-05 -2.071250278326791815e-05 1.000000019483402225e+00 -1.871863591901945512e-03
1.000000003709951235e+00 1.879306548734552122e-04 9.979427677227962860e-05 -8.742144128535134229e-04 -1.879430226621797359e-04 9.999999936396708478e-01 7.365522071309996263e-05 1.291720188644294304e-03 -9.977657039017603783e-05 -7.366782318959707926e-05 1.000000013015618805e+00 -1.551127614312308722e-03
1.000000025616015309e+00 5.316620288464431849e-05 2.655005716629724077e-05 9.275152199705871681e-05 -5.317273871821310421e-05 1.000000011509828202e+00 5.969040747054563285e-05 -4.972221874830519417e-04 -2.654567202515232052e-05 -5.968526023363075511e-05 1.000000018985984118e+00 -8.142973932157016037e-04
1.000000002091672613e+00 1.683380736109393655e-04 1.556349208046772250e-04 1.734187989115731909e-03 -1.683621265564693228e-04 9.999999934183076977e-01 1.239099085962223033e-04 -1.190413083773812081e-03 -1.556087550063380801e-04 -1.239265196033598291e-04 1.000000001822315410e+00 -1.379808819854888569e-03
1.000000008015690112e+00 1.679542437467084165e-04 1.274005561717862041e-04 2.329969171548373907e-04 -1.679651975985841511e-04 1.000000000394663191e+00 7.385691165857521565e-05 -3.749297467767410269e-03 -1.273840172079860114e-04 -7.386990674589288201e-05 1.000000014152824024e+00 -1.672033750887758075e-03
1.000000019844479393e+00 1.473542586514756027e-04 2.348767829604734879e-06 1.456514082837978563e-03 -1.473557787054300544e-04 1.000000006679133469e+00 -1.646907123779985169e-06 -3.431734987177855606e-03 -2.349210292676206258e-06 1.652807366244267059e-06 1.000000025230431744e+00 -1.535741586486061294e-03
1.000000015436715461e+00 1.746605214978116884e-04 -1.565977793291902775e-05 8.856411293323152023e-04 -1.746603054499518831e-04 9.999999970006514527e-01 1.058272757914563786e-04 -2.502001383008455038e-04 1.567758014173092877e-05 -1.058147686924989226e-04 1.000000019779637928e+00 -2.500422778809241464e-03
1.000000029608924423e+00 7.828709409139937296e-06 5.908073075052605231e-05 1.850199633441240721e-03 -7.838990544298089780e-06 1.000000006916535789e+00 1.510736766439181372e-04 -1.399071397858442367e-03 -5.907755468637499433e-05 -1.510633495028779736e-04 1.000000012610361200e+00 -1.732451943682544737e-03
1.000000033159356816e+00 5.203840487195251152e-05 6.001129718099707253e-06 -5.741681614079841012e-04 -5.203781863504820804e-05 1.000000014592581143e+00 1.041805177143848260e-04 -1.007689796491646056e-03 -5.992519299959630340e-06 -1.041745439736032318e-04 1.000000023139665295e+00 -9.538502958212902172e-04
1.000000034958637318e+00 -1.666852088817840220e-05 1.806371349868879448e-05 -2.730440511808263082e-03 1.666795744387303962e-05 1.000000019092169401e+00 7.706263070102804022e-05 -3.154788784964838305e-03 -1.806196974195334263e-05 -7.705713999454066323e-05 1.000000026005946063e+00 -4.482039067272847177e-04
1.000000028828866405e+00 1.256902704247328160e-04 1.069595240355876221e-06 -9.915703735481340431e-04 -1.256896240466884654e-04 1.000000015651813179e+00 -3.485519980212308569e-07 -2.127389621759730870e-03 -1.066722984227697316e-06 3.519285248801824764e-07 1.000000029380784472e+00 -1.730302362389801729e-03
1.000000034275754901e+00 5.562132091630997996e-05 -8.620455739056343642e-05 -2.381372681432569749e-03 -5.562123571696813568e-05 1.000000023485638989e+00 4.308040709641905555e-06 -2.083670897880297163e-03 8.620571185717824415e-05 -4.296971389554864158e-06 1.000000027660323143e+00 -2.887697562835134235e-03
1.000000036522908475e+00 -9.259263651575532948e-05 -3.000519872598886927e-05 -2.009304205808470911e-03 9.259431983538179978e-05 1.000000020940451151e+00 5.020249513385488754e-05 -2.756405809225006415e-03 3.000337123136918619e-05 -5.019745164765873976e-05 1.000000030226814163e+00 -1.140719097922238134e-03
1.000000042994945160e+00 -5.867238787431325130e-05 5.581281020456297927e-05 1.007578857166624431e-03 5.866969883211274606e-05 1.000000024217160055e+00 7.372757388742944755e-05 -1.113124933607673867e-03 -5.581247108766224714e-05 -7.371138009671141553e-05 1.000000030863040346e+00 7.054115639353319978e-04
1.000000048105450290e+00 1.674871903197358596e-05 4.773935169455372000e-05 -4.740826184692625844e-04 -1.675125962177087535e-05 1.000000028177474576e+00 8.197687604080991064e-05 6.219699700782226059e-04 -4.773399899076916840e-05 -8.196549196427445891e-05 1.000000030766424963e+00 7.822114730711149377e-04
1.000000050526499429e+00 3.805734361639075798e-05 -2.008145878372609445e-06 -2.951961301291827766e-04 -3.805557766207567222e-05 1.000000027072969422e+00 9.059123698512049289e-05 -7.681466090919200629e-04 2.013939682985485199e-06 -9.057975271558289863e-05 1.000000032866589006e+00 -1.488443135545525209e-03
1.000000049151288817e+00 7.478773581608515989e-05 3.115391859374098781e-05 -3.222567246039531597e-04 -7.478930929300919156e-05 1.000000027061713093e+00 7.493561238778798095e-05 -2.213939592942987949e-03 -3.114416266953884161e-05 -7.492592243668868353e-05 1.000000034628397705e+00 -1.715081114056271616e-03
1.000000040764103204e+00 1.597577227773268218e-04 3.745854769487367230e-05 -3.377941167203246664e-03 -1.597594920762102771e-04 1.000000019481750879e+00 6.773040632223878475e-05 -8.911842313820417250e-04 -3.744265581535381683e-05 -6.772446787000490926e-05 1.000000035046852309e+00 -1.240068598238108777e-03
1.000000052082187896e+00 1.043477270775800095e-04 -2.309936372065090159e-06 -3.085252749747580125e-03 -1.043475345572026161e-04 1.000000027403439740e+00 9.838764170916379850e-05 3.543661163821314186e-04 2.325703994922486546e-06 -9.837211518155926317e-05 1.000000034108194047e+00 -1.090441529034036350e-03
1.000000060281926562e+00 3.114985242790121767e-05 2.418366356680437084e-05 1.193530763500261216e-03 -3.115273788839578728e-05 1.000000039188913670e+00 5.823833363501983282e-05 -7.943207786866961218e-04 -2.417857361065629620e-05 -5.822773680752408139e-05 1.000000038542498082e+00 -6.680423469611618259e-04
1.000000049539922831e+00 -1.703367717930575134e-05 1.520818959621531117e-04 -1.053391998572461574e-03 1.703362750551939975e-05 1.000000041345834090e+00 -9.821599464965973184e-06 -2.509918824830915246e-03 -1.520742649725294673e-04 9.833098816201620812e-06 1.000000028990448486e+00 3.703230406226776239e-04
1.000000057496192918e+00 8.127193899677104629e-05 4.846773304476289986e-05 -3.363238491335129865e-03 -8.127603996976526246e-05 1.000000037887813331e+00 4.083772390018330239e-05 -1.616189988438574560e-03 -4.846085489795543943e-05 -4.083157327510737354e-05 1.000000039235808380e+00 -7.105073035946762872e-04
1.000000061289106679e+00 6.972938039074416802e-05 -1.081143459426245853e-05 -6.930567381111529812e-04 -6.973167777414059076e-05 1.000000038850432427e+00 4.776783882315987004e-05 -1.751515364682106057e-03 1.081665631950395725e-05 -4.775549041721181061e-05 1.000000041642796544e+00 -8.232646870207638301e-04
1.000000052526030414e+00 1.709008350870627670e-04 1.439170524503457172e-05 2.102891281072549745e-03 -1.709047573191669472e-04 1.000000030986192501e+00 7.171799285696703596e-06 -3.196817344282652101e-03 -1.438553224689657255e-05 -7.161461945065629258e-06 1.000000043893177759e+00 -5.759727149801108226e-04
1.000000051354086983e+00 1.731898989493448656e-04 8.008373791366995913e-05 -2.436687907621193361e-03 -1.731937812029602647e-04 1.000000031394403965e+00 1.075168259139331463e-05 -1.828691544782466011e-03 -8.007409928060968624e-05 -1.075428586066869233e-05 1.000000042547825485e+00 -1.621413794765658167e-03
1.000000067773014534e+00 3.126329238778943108e-05 6.637149478577396256e-05 -2.966846749173246423e-03 -3.126741373346304115e-05 1.000000046669924592e+00 1.449189976398272698e-05 8.114827176541467013e-04 -6.636340875948046152e-05 -1.448193664723315328e-05 1.000000043698969998e+00 -2.062972931413442623e-03
1.000000068632531880e+00 -2.013916456939280299e-05 6.595074577176318219e-05 1.280613868432922686e-03 2.013517486380671240e-05 1.000000047502359157e+00 1.191706360499976263e-05 -1.290211915783479740e-03 -6.594337572257028630e-05 -1.190390298283122105e-05 1.000000043844573083e+00 -1.621837558046346217e-03
1.000000069931014979e+00 3.856980082713654779e-05 6.452182400155885415e-05 4.486383117703107715e-03 -3.857859097172820079e-05 1.000000047479697951e+00 7.320768063640934061e-05 -2.148360525640474056e-03 -6.451427133883226150e-05 -7.319698537960893142e-05 1.000000043029112939e+00 -2.168030194702685876e-03
1.000000073826808888e+00 -2.138734847467964787e-05 2.184936631189099041e-05 2.156864603504171640e-03 2.138015957847683168e-05 1.000000046275580701e+00 1.012706611537672027e-04 -9.769626384993797263e-04 -2.184760286194958317e-05 -1.012548512304341388e-04 1.000000043751732903e+00 -1.757226917629806096e-03
1.000000067886735788e+00 -5.199289309433000278e-05 -1.039665349408837991e-04 -3.091303969729120027e-03 5.198802879771442093e-05 1.000000050738475199e+00 1.934844576825300738e-07 8.085256863640220837e-04 1.039665018592910768e-04 -1.868409081773537263e-07 1.000000044085477935e+00 -1.961607763456330034e-03
1.000000078019892324e+00 2.441084281102828211e-05 -4.319114162154124285e-05 -3.444524878421839631e-03 -2.441338450806171401e-05 1.000000053408538481e+00 2.309971331308889738e-05 -3.700710831170857251e-04 4.319272525030950387e-05 -2.308165041919270873e-05 1.000000051372896603e+00 -1.684869233315566817e-03
1.000000064386716625e+00 1.594297784151030132e-04 7.763027807668127021e-05 -2.581698589466663307e-03 -1.594314571657252239e-04 1.000000041504531367e+00 -2.367859914924581399e-05 -5.768036557869081482e-04 -7.762897061960906940e-05 2.368238129852737051e-05 1.000000049624104381e+00 -1.188113811535052022e-03
1.000000076331365895e+00 8.996171217457173109e-05 8.117655512423955523e-05 -5.774334110508760887e-05 -8.996652835356350880e-05 1.000000054846454933e+00 1.350051748544982909e-05 -3.926373391958455639e-03 -8.116644855426289435e-05 -1.349000303676236440e-05 1.000000050672946728e+00 -1.561505083715220010e-03
1.000000080545326631e+00 -9.644219228029424868e-05 3.566526895080434157e-06 3.551848705323212840e-03 9.643812852320066825e-05 1.000000054291162899e+00 5.302472494289895007e-05 -7.616537178925034124e-04 -3.564966625283570662e-06 -5.300433227035736278e-05 1.000000052876233836e+00 -1.914274356452860815e-03
1.000000086028526969e+00 -4.454348181368731946e-05 -2.912673077820059244e-05 2.741967816460189056e-03 4.454119501858238434e-05 1.000000061051683709e+00 3.244240072801225457e-05 7.239521261301097577e-04 2.913230381726661074e-05 -3.242567089740542896e-05 1.000000054018154616e+00 -1.935459498287883662e-03
1.000000080789322121e+00 3.817532340504372501e-05 1.170003883315373752e-04 -1.936564519095629322e-03 -3.819517034317487791e-05 1.000000052152542063e+00 1.438786220914542034e-04 -1.633905451677158949e-04 -1.169832705726227664e-04 -1.438604720972574405e-04 1.000000038137155434e+00 -1.596945002714234008e-03
1.000000069820752291e+00 1.762161002847604033e-04 8.582240530262866371e-05 -4.558490391078695581e-03 -1.762225547269728743e-04 1.000000047224788080e+00 4.964874243547909223e-05 -9.443488376521327887e-04 -8.580275968426459468e-05 -4.964470963756895729e-05 1.000000051239650078e+00 -1.155262891508801459e-03
1.000000004449312252e+00 1.201011591470057079e-04 -4.029640375377460367e-04 -6.448859525156835915e-03 -1.201152692401983441e-04 1.000000056866478415e+00 -3.224455288224034090e-05 -9.008049595601134996e-04 4.029544001388136489e-04 3.231037080928139297e-05 9.999999778300706632e-01 -1.866461012798970032e-03
9.999995229256084528e-01 -3.016594784914775190e-05 -1.071075070726090891e-03 -7.911416245902636035e-03 3.015706954600724798e-05 1.000000064453245852e+00 -8.426450015769237385e-06 2.696395269964829006e-03 1.071047267443504293e-03 8.410987387683385873e-06 9.999994898904769336e-01 -3.405556856700187041e-03
9.999992037104822318e-01 -5.948447812151911007e-05 -1.335568321011159796e-03 -7.349654998511923054e-04 5.963841391044399226e-05 1.000000057047905289e+00 1.151721382843124688e-04 1.160023975278621361e-03 1.335524806109147358e-03 -1.152307435919329751e-04 9.999991652547143284e-01 -4.042418341294373718e-03
9.999990538819977237e-01 -1.664403344520054909e-04 -1.435964818542186366e-03 1.361512234915385200e-02 1.665727720938413661e-04 1.000000047419422833e+00 9.248993316673488542e-05 1.924647179732990460e-03 1.435909318542044925e-03 -9.270900796205157357e-05 9.999990298985265147e-01 -3.697413000918636783e-03
9.999991753907447878e-01 -1.408856741550842322e-04 -1.353192645865395043e-03 3.178969609774529026e-02 1.409457282759655344e-04 1.000000054871359678e+00 4.493976736930436870e-05 3.663629802281461595e-03 1.353149128168805969e-03 -4.511085782657098031e-05 9.999991506004248798e-01 -4.090398874568190735e-03
9.999992211338252224e-01 -1.762304346548756616e-04 -1.316239067303781769e-03 5.060327069693881796e-02 1.762679972413094126e-04 1.000000049985106498e+00 2.922835117948480312e-05 2.307582025150422406e-03 1.316198007469149625e-03 -2.944127255250813510e-05 9.999992024661100709e-01 -2.648273515111654319e-03
9.999982893194113709e-01 -4.323656048864914117e-04 -1.854935644286940903e-03 8.084677088025360447e-02 4.324297622865427154e-04 9.999999719554539812e-01 3.474922584505653241e-05 5.308265886840267400e-04 1.854866398864488033e-03 -3.553180283267852690e-05 9.999983483164798237e-01 -1.140421463820207038e-03
9.999951191937230810e-01 -6.874862704426660479e-04 -3.082899029992983847e-03 1.246535588809329909e-01 6.882615478350255153e-04 9.999997978920240893e-01 2.512278818633952677e-04 2.500841939013301318e-04 3.082630091773311438e-03 -2.533212468473489674e-04 9.999952901120541249e-01 -9.116901857568748824e-04
9.999911886329292399e-01 -8.066775132055352534e-04 -4.146083677264582150e-03 1.819217473100438465e-01 8.086231517271088090e-04 9.999996300775169100e-01 4.683769761866366280e-04 2.117220922566418612e-03 4.145572609830900333e-03 -4.716916469980602647e-04 9.999913703467192549e-01 -2.435515235150065294e-03
9.999883484705093251e-01 -8.761465284421088209e-04 -4.770518442190767143e-03 2.450096805416173140e-01 8.791845178676869696e-04 9.999994805145191457e-01 6.356401293907789404e-04 -2.139809271010307407e-03 4.769806026332323173e-03 -6.397881359469619880e-04 9.999884961113648663e-01 -4.979807177272421725e-03
9.999883865962609919e-01 -1.272879728080747366e-03 -4.673033933779216324e-03 3.098833779434897462e-01 1.276165721313311276e-03 9.999990103914272455e-01 7.011905135572976807e-04 -1.880805042370245483e-03 4.671986803163678294e-03 -7.071086443088140045e-04 9.999889155902159654e-01 -4.980328354622365339e-03
9.999901897925734806e-01 -1.341167497842021611e-03 -4.249736093537325073e-03 3.835237752187972138e-01 1.344150456839294377e-03 9.999989223148361139e-01 7.000206861568309888e-04 -3.441214213221480134e-03 4.248657138807016530e-03 -7.056895497230306720e-04 9.999908088357108982e-01 -1.739123007048926084e-03
9.999886203019171527e-01 -1.305911405173915563e-03 -4.614563708433367002e-03 4.723469629193679520e-01 1.308722364383394128e-03 9.999990324793336383e-01 6.069129976483512252e-04 -8.028412099295915635e-03 4.613620202629075545e-03 -6.129123136001678228e-04 9.999892545537324429e-01 -2.341858291770915201e-03
9.999863048713752978e-01 -1.610169364517238929e-03 -5.004060822850806868e-03 5.678320751431240598e-01 1.611881938976736546e-03 9.999987210164242857e-01 3.387571912130129485e-04 -1.289466993295364239e-02 5.003346451963225187e-03 -3.467947093718506892e-04 9.999875125099771944e-01 1.738855451139276198e-03
9.999830236048183885e-01 -1.929528269288326246e-03 -5.521063807540332879e-03 6.874538918947006305e-01 1.930839932848815721e-03 9.999981891530111966e-01 2.327081873657192213e-04 -1.047724268355986962e-02 5.520424777101550114e-03 -2.433398913358728901e-04 9.999848240619159112e-01 2.153004303713679235e-03
9.999818895283361098e-01 -1.833393940167070933e-03 -5.755021575317676233e-03 8.073635098101156204e-01 1.834818596542570762e-03 9.999983711953929211e-01 2.427242546047956228e-04 -9.402195515241303092e-03 5.754379408243122038e-03 -2.532533971263978972e-04 9.999835031661847840e-01 5.162304837553532977e-03
9.999856864262688383e-01 -1.767287604558717739e-03 -5.075890901594230266e-03 9.327472241332581682e-01 1.771581857937699553e-03 9.999981602402148173e-01 8.421273384907614849e-04 -1.118153086000366232e-02 5.074228380891797341e-03 -8.510615356578773907e-04 9.999868559866024187e-01 8.622282005960268947e-03
9.999889374813596410e-01 -1.915901239242307191e-03 -4.326496357845113772e-03 1.076371101222724391e+00 1.923447779333196071e-03 9.999967207501785360e-01 1.741093058753322067e-03 -1.050831810971881650e-02 4.323008926015264181e-03 -1.749320357434553264e-03 9.999892193245093486e-01 1.753595640242378018e-02
9.999896389131088803e-01 -1.844049488142922083e-03 -4.193642782958213917e-03 1.241116874751085675e+00 1.857363561801964220e-03 9.999933270907205296e-01 3.173659760824203667e-03 -1.338256971603125206e-02 4.187629869691292077e-03 -3.181292421347933167e-03 9.999862664909057175e-01 2.522658137967415115e-02
9.999864196384949944e-01 -2.216935281255634407e-03 -4.745093457725955803e-03 1.415032581302729131e+00 2.237846777711807213e-03 9.999878736278127178e-01 4.407776768559046668e-03 -1.977047333508600430e-02 4.735115157865102745e-03 -4.418168922676359023e-03 9.999791291782975655e-01 3.116336185471846321e-02
9.999851659103891066e-01 -2.436805568703535440e-03 -4.899232950533878930e-03 1.603819520790449538e+00 2.462186960507457313e-03 9.999836304364227990e-01 5.182869827529698083e-03 -2.476804202055006565e-02 4.886369153904659632e-03 -5.194663474902138853e-03 9.999746700858077597e-01 3.048703527158802551e-02
9.999869483524858049e-01 -2.429798548994458775e-03 -4.525508051819526235e-03 1.805580483345602394e+00 2.454196275789200139e-03 9.999825256699375053e-01 5.395984485646347292e-03 -2.507925400882907163e-02 4.512178499503800670e-03 -5.406818850571209686e-03 9.999753094478526227e-01 3.001434070425057499e-02
9.999876411145561805e-01 -2.461463311869389360e-03 -4.352820683077338916e-03 2.016616362108378802e+00 2.488365499512979785e-03 9.999778549207066769e-01 6.188076982625425292e-03 -1.850392992923314411e-02 4.337358758321696595e-03 -6.198602850994086068e-03 9.999714928667299274e-01 3.494543099796088015e-02
9.999865296114524016e-01 -2.078402880433241531e-03 -4.787037591245732991e-03 2.245960828344502502e+00 2.113819078653624700e-03 9.999704331234744448e-01 7.407308637315587925e-03 -2.236782722584933214e-02 4.771348668333071953e-03 -7.417057263555641190e-03 9.999612219870829266e-01 4.279270094374076905e-02
9.999847745395115117e-01 -2.140758349486499186e-03 -5.115782036913203538e-03 2.491626713835454865e+00 2.182622357193099265e-03 9.999641503079808036e-01 8.193967613136222267e-03 -3.319047927873586268e-02 5.097894464030845382e-03 -8.204708629307350815e-03 9.999534612092835228e-01 4.997952870956923199e-02
9.999868015906659968e-01 -2.299297092403823368e-03 -4.627763618262436054e-03 2.739600480017241324e+00 2.336281017296363942e-03 9.999653346482191285e-01 8.005234496888943146e-03 -4.106729695524179158e-02 4.609048726607859088e-03 -8.015648019474873320e-03 9.999573706418676267e-01 5.167194327893231964e-02
9.999793313808106321e-01 -2.508390910272424376e-03 -5.945913252928656904e-03 3.011113033515894877e+00 2.550940735268536833e-03 9.999712112952884313e-01 7.161319533102778259e-03 -3.404872950252246788e-02 5.927586274798665039e-03 -7.176075218060423526e-03 9.999568039821953302e-01 5.041661317936951825e-02
9.999422603633976170e-01 -2.952692713310630865e-03 -1.034753038502663272e-02 3.315844890007614509e+00 3.013262049938001709e-03 9.999784924549727227e-01 5.843901535680737051e-03 -2.679090274263439680e-02 1.032971071439333678e-02 -5.874522772307377849e-03 9.999295120914504231e-01 4.792228049263980161e-02
9.998711280549944513e-01 -3.025622403019459332e-03 -1.577636788283190775e-02 3.612928295803613743e+00 3.075723463633751008e-03 9.999904088358019250e-01 3.152933762194237103e-03 -3.397452634682503192e-02 1.576615127442426711e-02 -3.200920203810593730e-03 9.998707046873811510e-01 4.859350733864720162e-02
9.997962537509178516e-01 -2.903746045112887836e-03 -1.998368968989286745e-02 3.911399177461297505e+00 2.897373490987320208e-03 9.999958536758704053e-01 -3.476774017978663664e-04 -3.785598332574005576e-02 1.998394844395180031e-02 2.897191996425891041e-04 9.998003818977860835e-01 5.185991342494578049e-02
9.997284083250250752e-01 -2.159823546848974474e-03 -2.321171042640750651e-02 4.223530469293199197e+00 2.085470821719580259e-03 9.999927345554816549e-01 -3.226970226856489335e-03 -4.335631985355692386e-02 2.321773767610234296e-02 3.177601222710562615e-03 9.997255045703097309e-01 4.945275495292111856e-02
9.996764251179391936e-01 -1.626217209241412071e-03 -2.539183480732850468e-02 4.561710476860831420e+00 1.459509506800228847e-03 9.999773860729700425e-01 -6.582698509242358893e-03 -3.781765997070274388e-02 2.540111857009510338e-02 6.543309744063688024e-03 9.996560466617336882e-01 5.226072541328719012e-02
9.996760374720224940e-01 -1.713022425464230062e-03 -2.540153272254406028e-02 4.907176910082140964e+00 1.462340406506150263e-03 9.999501995704122015e-01 -9.884236556987694919e-03 -4.078161394685091840e-02 2.541635186697328852e-02 9.843577239175831106e-03 9.996286120690441868e-01 6.407942764552587711e-02
9.997325131573362444e-01 -1.566234052170830489e-03 -2.308244474303445051e-02 5.267449945377486564e+00 1.288842830245520016e-03 9.999269551375823406e-01 -1.202764547325037466e-02 -5.591654570952371561e-02 2.309882680252688808e-02 1.199429486634860480e-02 9.996613596982917294e-01 8.311123224402305887e-02
9.997840605579121354e-01 -1.214637349443988684e-03 -2.075347650859990858e-02 5.617323416583912987e+00 9.801599215143270635e-04 9.999357380569656728e-01 -1.130497526040796612e-02 -6.007087986752425446e-02 2.076518238771900976e-02 1.128183369906550146e-02 9.997208553996282943e-01 1.079086742797483733e-01
9.998628564750300374e-01 -4.336872919031002529e-04 -1.656584704342653480e-02 5.980296735288657572e+00 3.128380139950171293e-04 9.999734484425470971e-01 -7.297193081494091418e-03 -5.911390448590481128e-02 1.656802012353526463e-02 7.290787046462887319e-03 9.998362948578307652e-01 1.426612559844651074e-01
9.999761684482050272e-01 1.186130338336484455e-04 -6.927547342514286076e-03 6.372097507982968700e+00 -1.346159511201273570e-04 9.999974463612019138e-01 -2.309919018539674258e-03 -6.753968827148930376e-02 6.927030456015988678e-03 2.310741060354481666e-03 9.999734804696663870e-01 1.667240684415771668e-01
9.999664013664743001e-01 -4.558903941022979158e-04 8.205895547625590217e-03 6.780901031187862138e+00 4.538881193495835492e-04 9.999999918108020136e-01 2.462054514679151815e-04 -7.732674102368526647e-02 -8.205720140569128934e-03 -2.424437486165125671e-04 9.999664468752985647e-01 1.750180582121287909e-01
9.997529381597196618e-01 -1.487231881964856499e-03 2.218605310870054234e-02 7.189654706819035290e+00 1.533585467532334531e-03 9.999968038450809393e-01 -2.072418533666846308e-03 -9.122203021360862640e-02 -2.218214020783957491e-02 2.105877463885342388e-03 9.997518665288330775e-01 1.649164974617827184e-01
9.996184919448198869e-01 -1.901586230618666122e-03 2.756145633289838401e-02 7.612291013563133646e+00 2.145362056672044278e-03 9.999589472229035714e-01 -8.818154034255861959e-03 -8.118770129290479864e-02 -2.754261543041780155e-02 8.873637160030815180e-03 9.995813773010850944e-01 1.580164528491629916e-01
9.996943772544706341e-01 -1.521334998015338178e-03 2.468225060886660924e-02 8.037650384484933852e+00 1.873604776579010367e-03 9.998967586430952403e-01 -1.425570156669053561e-02 -7.996668341255375179e-02 -2.465717114311636107e-02 1.429712399991970445e-02 9.995938604794791793e-01 1.707602797367446801e-01
9.997976737243778889e-01 -5.112393586112876131e-04 2.011765122116251567e-02 8.476343389250020621e+00 7.633102092883562936e-04 9.999214059205958627e-01 -1.252442945954688157e-02 -9.303235167655950211e-02 -2.010897737640883129e-02 1.253684532407887443e-02 9.997193283591535584e-01 2.160378344283422347e-01
9.998609142894642199e-01 6.548542630662459129e-05 1.668874267847548359e-02 8.925482104524904869e+00 -2.996852892666115875e-06 9.999931196162614722e-01 -3.744377466993345158e-03 -1.136292927855478002e-01 -1.668829956513409596e-02 3.743697392236671351e-03 9.998538775422213254e-01 2.713791506101994599e-01
9.999413997675569155e-01 3.090772448458675345e-04 1.083822755793553694e-02 9.406882725240736320e+00 -3.706001634508288359e-04 9.999839603315087144e-01 5.674982738560101388e-03 -1.204513922468785636e-01 -1.083592269820514951e-02 -5.678455945921491096e-03 9.999253174576562264e-01 2.880669252923848678e-01
9.999990151517461623e-01 8.841821972465593220e-04 1.247944812053606830e-03 9.909658401038706543e+00 -8.958578185335342586e-04 9.999557067396181997e-01 9.383428292149333452e-03 -1.181475223499643262e-01 -1.239540046983043453e-03 -9.384200384701946174e-03 9.999553558256661923e-01 2.412037015342032298e-01
9.999847593459044726e-01 1.751469311484854475e-03 -5.271356029289132362e-03 1.040319544085591552e+01 -1.720018881077734450e-03 9.999808655609389030e-01 5.965093893682577031e-03 -1.223713557469261332e-01 5.281536947507757020e-03 -5.955716447428628657e-03 9.999684788465741381e-01 1.674173238460989754e-01
9.999907048152514299e-01 1.892565185987241366e-03 -3.922123887751717206e-03 1.090464026310746526e+01 -1.892873441017611964e-03 9.999983460176187222e-01 -7.434721121941913690e-05 -1.304696021720117005e-01 3.921854635803951813e-03 8.178565321744129602e-05 9.999924736735565922e-01 1.295321496679016082e-01
9.999981069288214064e-01 1.754609451602163073e-03 1.041801537448905010e-03 1.141496561508288821e+01 -1.751892862327896275e-03 9.999952114425717520e-01 -2.605953978063314195e-03 -1.347600720473979552e-01 -1.046323963759620114e-03 2.604051977514809137e-03 9.999962310859741299e-01 1.505043315772112145e-01
9.999874175743163063e-01 2.316642663446414827e-03 4.492344044430062605e-03 1.194313584274506290e+01 -2.320071052624420385e-03 9.999971636033909705e-01 7.579214891581969628e-04 -1.441065602571657556e-01 -4.490414315646556499e-03 -7.682919481223471738e-04 9.999897945575475511e-01 2.147301285385379011e-01
9.999879823466067963e-01 3.480869961293829411e-03 3.507888298789641271e-03 1.247583872070598332e+01 -3.502245010776265047e-03 9.999753742255683697e-01 6.105727738365099126e-03 -1.621421871703935536e-01 -3.486425596999967718e-03 -6.117716508091175509e-03 9.999753828773032538e-01 2.695226111549773318e-01
9.999924317458788181e-01 3.939303200909250076e-03 -8.501881206444629111e-05 1.302043941473530886e+01 -3.938523672866419030e-03 9.999621398277558360e-01 7.778372085988399104e-03 -1.726112202118436356e-01 1.156581785423170219e-04 -7.777698011594491416e-03 9.999699214436946759e-01 2.807927925793813895e-01
9.999890237239588142e-01 4.065323956924092076e-03 -2.411409448443844767e-03 1.357860810593272483e+01 -4.053453034028799140e-03 9.999798895670015675e-01 4.907887823773913333e-03 -1.769143920790874902e-01 2.431235914198534489e-03 -4.897876461294804230e-03 9.999852265550636110e-01 2.454513840260184043e-01
9.999883692705980875e-01 4.569229241862014963e-03 -1.666114478817280102e-03 1.414280118030316835e+01 -4.566457808668852696e-03 9.999883377079213931e-01 1.664715033698437258e-03 -1.776413020125086339e-01 1.673650421531993390e-03 -1.657013027300099179e-03 9.999974052275462100e-01 2.175604914822026892e-01
9.999857853251079565e-01 5.347095890610659499e-03 4.858287158310048209e-04 1.470579344932010457e+01 -5.347733285376745152e-03 9.999849854086924061e-01 1.315811668251592797e-03 -1.793112445078110795e-01 -4.787638922214931358e-04 -1.318325717068302922e-03 9.999991974733459799e-01 2.297854107217738306e-01
9.999795811812930424e-01 6.093049105752773413e-03 2.028354276575391069e-03 1.526856310879822587e+01 -6.099161269593011622e-03 9.999769879006746853e-01 3.022295318758402849e-03 -1.989619791835208484e-01 -2.009820751909004513e-03 -3.034480642853893372e-03 9.999935627487694934e-01 2.662534918722552213e-01
9.999762883622200782e-01 6.370721588256132370e-03 2.690664966331240884e-03 1.582769452518302167e+01 -6.376830930709630890e-03 9.999772493625481706e-01 2.268980722430341979e-03 -2.187172276246358849e-01 -2.676054876496294574e-03 -2.285986247493023739e-03 9.999939935322296192e-01 2.945586451577035803e-01
9.999665698334686548e-01 7.156480131911195294e-03 4.006001345609548278e-03 1.640163857851580076e+01 -7.146311929163848969e-03 9.999713807551526834e-01 -2.546699167882244055e-03 -2.282434939607940194e-01 -4.023972066584451286e-03 2.517922257283109009e-03 9.999889237545414034e-01 2.976249817054914537e-01
9.999425757320493657e-01 8.526154204296363878e-03 6.523589829986724091e-03 1.698918620084561937e+01 -8.484608575969981165e-03 9.999438763278734044e-01 -6.370084219470087752e-03 -2.247568179668358590e-01 -6.577308339830958105e-03 6.314177132396773910e-03 9.999586241482294469e-01 2.885535086388895110e-01
9.999179902483871230e-01 9.858346692025047112e-03 8.199778650360714516e-03 1.756649565903371979e+01 -9.819211426617884680e-03 9.999404360143040460e-01 -4.799318095669760642e-03 -2.269441511628255970e-01 -8.246321344854447982e-03 4.718272816977292158e-03 9.999550586082811554e-01 3.077036892739162255e-01
9.999188166602002159e-01 1.074365848491789545e-02 6.880801376058767217e-03 1.815458409709553678e+01 -1.075714862940169159e-02 9.999404484946794458e-01 1.926552621117985165e-03 -2.444756069421743228e-01 -6.859458033216489156e-03 -2.000323123350764096e-03 9.999746675052921807e-01 3.559335235183112012e-01
9.999195457018371647e-01 1.208672596748418433e-02 3.902033608945413689e-03 1.873539555087977959e+01 -1.212046153031126269e-02 9.998885091581726225e-01 8.740573952704611127e-03 -2.678422068652093202e-01 -3.795822767098344392e-03 -8.786845503579330738e-03 9.999543867740980918e-01 3.909560069927875414e-01
9.999195761081137723e-01 1.263884407201926359e-02 1.231161836082322013e-03 1.933080112670669592e+01 -1.264826785874018089e-02 9.998883924483485952e-01 7.972379778162307085e-03 -2.806917397677560211e-01 -1.130222624428795734e-03 -7.987016952855889237e-03 9.999676624032991512e-01 3.759257588127282723e-01
9.999173604787501279e-01 1.281471015517094900e-02 1.213170486167912095e-03 1.993595897812309303e+01 -1.281449187284484925e-02 9.999180421856570522e-01 -1.912843392404164455e-04 -2.883798599093658765e-01 -1.215478818879519836e-03 1.757403152359168460e-04 9.999994485515529830e-01 3.266587955788040620e-01
9.998954351909744576e-01 1.375196462916805987e-02 4.519126000322231003e-03 2.053382553215072548e+01 -1.371429562012046847e-02 9.998719650934776437e-01 -8.265470154607840875e-03 -2.971328407194808174e-01 -4.632055372144170020e-03 8.202375351641116863e-03 9.999558370151606645e-01 2.972128814451482359e-01
9.998457760023681251e-01 1.600387650219859195e-02 7.261307051087042413e-03 2.110535409568190701e+01 -1.594588035089312267e-02 9.998412101978304545e-01 -7.977029626310295357e-03 -3.208317008728145958e-01 -7.387567321440675558e-03 7.859771485837670213e-03 9.999420289771738801e-01 3.398960016181777899e-01
9.998127665095286609e-01 1.837786223946649353e-02 6.092104848719062139e-03 2.168248300297997844e+01 -1.838418326462767927e-02 9.998306894062688466e-01 9.818203574277080924e-04 -3.407796142101164327e-01 -6.072824527452095125e-03 -1.093572519288322316e-03 9.999811720752066480e-01 4.248837238164853147e-01
9.997942773737777955e-01 2.020079474896291014e-02 1.939614322125622061e-03 2.230898924624878887e+01 -2.021895775435506720e-02 9.997472872075128247e-01 9.844526515345843401e-03 -3.563913104014105881e-01 -1.740198640788413091e-03 -9.881358853101634282e-03 9.999498782370505046e-01 4.876368818404224204e-01
9.997774169270291500e-01 2.101550265146267735e-02 -1.976129710411245102e-03 2.293095141025562356e+01 -2.098987644163825828e-02 9.997053362453167669e-01 1.220773331564076886e-02 -3.718412612342468782e-01 2.232023749127233850e-03 -1.216309890693333985e-02 9.999237536378867697e-01 4.818773815891899126e-01
9.997623046165795557e-01 2.137768236896285187e-02 -4.332573592497512144e-03 2.353520490244210706e+01 -2.134361741639490689e-02 9.997422201212029513e-01 7.765793948078983377e-03 -3.799405973108179735e-01 4.497317392938912119e-03 -7.671188453586632455e-03 9.999606832294948289e-01 4.231607129963945724e-01
9.997462488333568320e-01 2.215446513764058808e-02 -4.130779770311137147e-03 2.411434503080377922e+01 -2.214621315201583535e-02 9.997528508383799473e-01 2.037469491196924366e-03 -3.904325185610010296e-01 4.174751964985453506e-03 -1.945379934971547134e-03 9.999896179711962318e-01 3.832852300252389544e-01
9.997166367142460430e-01 2.380077864608019789e-02 -7.907412121317817285e-04 2.469477940050865783e+01 -2.379907867466992191e-02 9.997147007461129053e-01 2.119184966835983754e-03 -4.123840824210567857e-01 8.409201965376023741e-04 -2.099671195211766893e-03 9.999976724729539024e-01 4.099924678502562259e-01
9.996734435783208861e-01 2.536131100350496118e-02 3.204604834354804650e-03 2.528395463759537520e+01 -2.538278202302807207e-02 9.996545838674885109e-01 6.841087853899792924e-03 -4.337229236008883770e-01 -3.029901348568021444e-03 -6.919938738681995390e-03 9.999716984421415100e-01 4.749907322602004989e-01
9.995998376208727887e-01 2.733725154179204864e-02 7.300965631133654425e-03 2.586949342329197421e+01 -2.741333855417009413e-02 9.995688981604486933e-01 1.053110478876961333e-02 -4.618167237956349869e-01 -7.009695463945132127e-03 -1.072664754508681657e-02 9.999181307459825696e-01 5.272535831412370477e-01
9.994862538448157085e-01 2.998398654616991205e-02 1.134300491109331219e-02 2.645466876438845816e+01 -3.011069036262026960e-02 9.994843663276525847e-01 1.116823909267802839e-02 -4.872847220664071610e-01 -1.100192146283130237e-02 -1.150363076665538928e-02 9.998735371052637211e-01 5.327983241870062336e-01
9.994098572585071727e-01 3.187197778937751053e-02 1.282929140924860684e-02 2.704368438648839046e+01 -3.198756290729634633e-02 9.994487760518134811e-01 8.906417420404100227e-03 -5.029296199865628259e-01 -1.253793541450037158e-02 -9.311197071084626256e-03 9.998782787502255021e-01 5.101137288738697428e-01
9.993689387913373690e-01 3.372334402137985854e-02 1.117761843445370766e-02 2.763455335402606750e+01 -3.380323761849626796e-02 9.994039301501624895e-01 7.036310776466160946e-03 -5.189816254713794930e-01 -1.093330289539041003e-02 -7.409433566703879127e-03 9.999130159441316223e-01 4.994321692765706366e-01
9.993415533311976739e-01 3.564013262111181968e-02 6.835511653596216056e-03 2.824531909693701337e+01 -3.569733268471592808e-02 9.993272416278486947e-01 8.435017769846762242e-03 -5.416405145870233362e-01 -6.530071871433363109e-03 -8.673154615652199986e-03 9.999413082202573966e-01 5.228818080217747521e-01
9.993013637073083766e-01 3.737232074541710358e-02 7.653278587716507960e-04 2.883531331860297442e+01 -3.737860364440036276e-02 9.992375082069817616e-01 1.129737605875124652e-02 -5.687237658831261200e-01 -3.425291808465822838e-04 -1.131768502236307761e-02 9.999361414320657726e-01 5.537292266973423693e-01
9.992283473794708604e-01 3.912886352179073546e-02 -3.484745114524580387e-03 2.941224941939168858e+01 -3.907724021322079438e-02 9.991407256220876665e-01 1.382667022424666388e-02 -6.031329355387888835e-01 4.022632970946597372e-03 -1.367933885818022749e-02 9.998985948630331189e-01 5.692066663235133550e-01
9.991576332263601978e-01 4.064149151148761796e-02 -5.727301706362663419e-03 2.998380212172770243e+01 -4.056039409560968645e-02 9.990842899193028703e-01 1.363244193701298318e-02 -6.297170134598112368e-01 6.275879389673210199e-03 -1.338817968069658595e-02 9.998909339509326477e-01 5.649959199505301122e-01
9.990929145353011354e-01 4.225735989999270664e-02 -5.308207990435049629e-03 3.055928977050135487e+01 -4.219200138076267120e-02 9.990391042967009527e-01 1.187901384456536286e-02 -6.503871390117368367e-01 5.804877884118878756e-03 -1.164385766288007253e-02 9.999156172242779084e-01 5.538131077694590232e-01
9.990191642973830222e-01 4.421905974691552055e-02 -2.428852764207228756e-03 3.113014664488161642e+01 -4.419068145585815233e-02 9.989658598286631497e-01 1.071457475526872184e-02 -6.799695918745434220e-01 2.900022444880229807e-03 -1.059635121455697673e-02 9.999399129402199993e-01 5.593979864565423732e-01
9.989433843649568878e-01 4.595695320073391738e-02 7.748702991042126292e-04 3.170737340880788935e+01 -4.596283229362425893e-02 9.988783121921503971e-01 1.139928898019755381e-02 -7.070483926517340256e-01 -2.501250118600725162e-04 -1.142245130423769767e-02 9.999349973948444825e-01 5.870127891535210640e-01
