1.000000000000000000e+00 0.000000000000000000e+00 0.000000000000000000e+00 0.000000000000000000e+00 0.000000000000000000e+00 1.000000000000000000e+00 0.000000000000000000e+00 0.000000000000000000e+00 0.000000000000000000e+00 0.000000000000000000e+00 1.000000000000000000e+00 0.000000000000000000e+00
9.999999968063267852e-01 -7.772102940194226264e-05 -1.862224581255576451e-05 -4.212322911991397446e-03 7.771952024202988132e-05 9.999999936970918046e-01 -8.102772725776286348e-05 -4.037598330089529376e-03 1.862854325355403463e-05 8.102627968697639839e-05 9.999999965438597371e-01 1.482698818441198344e-04
9.999999664177646741e-01 -2.529481065904831487e-04 5.640678042725639043e-05 -4.300869463948822635e-03 2.529504992088240137e-04 9.999999671085434416e-01 -4.241411247425352747e-05 -6.259160049822412412e-03 -5.639605000251214748e-05 4.242837917316065753e-05 9.999999975096590665e-01 -1.308368896201442776e-03
9.999999422113905467e-01 -3.395786055328426658e-04 1.623533890425266305e-05 -3.013209164625428073e-03 3.395786510983070448e-04 9.999999423392372799e-01 -2.803886507075746164e-06 -9.033838175696877817e-03 -1.623438582824049531e-05 2.809399519528273908e-06 9.999999998642760124e-01 -3.460095031791402681e-04
9.999998927952814531e-01 -4.628670123115194240e-04 -1.278884729407959239e-05 -6.482679375403529749e-04 4.628667701262031346e-04 9.999998926979282166e-01 -1.893370240576979860e-05 -1.100388954298359319e-02 1.279760970807433661e-05 1.892778084354691258e-05 9.999999997389801276e-01 -1.166917620997247503e-03
9.999997915179924535e-01 -6.449034733699826995e-04 -3.261106509372524708e-05 4.618902480092452589e-04 6.448996853473119894e-04 9.999997853201145759e-01 -1.160349972365572825e-04 -8.146121601961733155e-03 3.268588946553586196e-05 1.160139421797303411e-04 9.999999927361988838e-01 -2.886305152854212394e-03
9.999997727430485206e-01 -6.740003890555534101e-04 1.540541723885729728e-05 2.906135900375247244e-03 6.740010984972011994e-04 9.999997717989634882e-01 -4.609273408874615556e-05 -1.285329443194444844e-02 -1.537434720261666903e-05 4.610310688199371600e-05 9.999999988190665379e-01 -5.283148349352218692e-04
9.999998603341035963e-01 -4.761910735613753020e-04 2.292898486524762075e-04 -2.586715909989149853e-04 4.762203195190486071e-04 9.999998784773818095e-01 -1.275124655250475553e-04 -7.220044526799865997e-03 -2.292291004907226601e-04 1.276216402008925057e-04 9.999999655833676782e-01 7.286024664123836106e-04
9.999999081348489582e-01 -9.457425276052348233e-05 4.180741612351160201e-04 -8.394533356565564430e-03 9.466353146632960219e-05 9.999999727212571798e-01 -2.135329031803332041e-04 -7.874555450613326263e-03 -4.180539551158204623e-04 2.135724599406181243e-04 9.999998898088413579e-01 1.213147830043959704e-03
9.999998960854565855e-01 3.813335641941459678e-04 2.498275183931632942e-04 -3.122739391542671966e-02 -3.813005369321923366e-04 9.999999185619588005e-01 -1.322345503764086271e-04 -4.991112116077345458e-03 -2.498779235201042145e-04 1.321392772684119280e-04 9.999999600501165986e-01 6.452581199921129333e-04
9.999995871026078342e-01 9.085290790502423058e-04 1.922306801942692573e-05 -6.447641103209994506e-02 -9.085293121394350012e-04 9.999995872137091846e-01 1.212023790630584886e-05 -4.638748058923509998e-03 -1.921204849582509763e-05 -1.213769762265612603e-05 9.999999997417867714e-01 -8.349595977499064568e-04
9.999968941336521144e-01 2.492277819343107891e-03 -1.656262748498718281e-05 -8.677771704940898112e-02 -2.492275614614371509e-03 9.999968855869454387e-01 1.318281850521374986e-04 -8.898200358741356272e-03 1.689112836369362810e-05 -1.317864969788190750e-04 9.999999911735044655e-01 8.740920429688250372e-04
9.999908776470652905e-01 4.269451344273495624e-03 1.280932116852406745e-04 -1.009662938378883823e-01 -4.269453472630071675e-03 9.999908857083776859e-01 1.634684424336577382e-05 -4.545093758063700404e-03 -1.280222521502250856e-04 -1.689358312913310744e-05 9.999999916624549012e-01 2.151378707327493249e-03
9.999774880636562724e-01 6.703877704323787240e-03 2.852886706166853623e-04 -1.307739742233216540e-01 -6.703835707532411134e-03 9.999775181019123771e-01 -1.479106010455675223e-04 -8.362390969041387859e-03 -2.862738313664495615e-04 1.459947429144976187e-04 9.999999483664129274e-01 6.232043052121922708e-03
9.999556316483722007e-01 9.415735136583986906e-03 2.804755653849095990e-04 -1.594782892518015471e-01 -9.415689525012508818e-03 9.999556580459534327e-01 -1.635012317044519359e-04 -1.401187190958152681e-02 -2.820026128425125243e-04 1.608531065812954111e-04 9.999999473004008710e-01 6.298927196589176533e-03
9.999266762246166174e-01 1.210799046981677306e-02 1.968277761533838641e-04 -1.942125926855192974e-01 -1.210797359466579161e-02 9.999266920420383231e-01 -8.670235042756750871e-05 -1.406180471084000211e-02 -1.978631383437315979e-04 8.431280756753758326e-05 9.999999768707642511e-01 2.701721766197876656e-03
9.998856952535598586e-01 1.511871461779159750e-02 1.445531423023969540e-04 -2.383462193570578258e-01 -1.511871893022267987e-02 9.998857052229682685e-01 2.878673853677230776e-05 -1.685145695964187368e-02 -1.441014021485138386e-04 -3.096890640487344514e-05 9.999999891378562600e-01 4.444315682489757748e-04
9.998231994844948289e-01 1.880250534429503406e-02 1.885878201039217186e-04 -2.785081775051234110e-01 -1.880250716373584041e-02 9.998232172050594002e-01 7.879236933872217695e-06 -2.520416419378312609e-02 -1.884063316274338590e-04 -1.142376771921783411e-05 9.999999821862757265e-01 -9.900821133601556655e-05
9.997367754385694250e-01 2.294156268882139443e-02 2.540415051671688273e-04 -3.094494903498922755e-01 -2.294152964658902061e-02 9.997367997297302855e-01 -1.322256849931470045e-04 -3.231896047903339009e-02 -2.570081052156917125e-04 1.263627792229481096e-04 9.999999589896401142e-01 1.133657738799412860e-03
9.996237027986916157e-01 2.742922127142663480e-02 3.010373336003955560e-04 -3.548147121385733516e-01 -2.742913732827576001e-02 9.996237113502655092e-01 -2.795205674654643825e-04 -3.931894417323411606e-02 -3.085910881635403656e-04 2.711581902939557993e-04 9.999999156223845498e-01 1.030520434636057010e-03
9.994612097227573155e-01 3.282108204374625110e-02 2.585207925534847937e-04 -4.034518389377429459e-01 -3.282099503538880164e-02 9.994611902374599399e-01 -3.339071832035650435e-04 -3.868743935104352466e-02 -2.693406940815578189e-04 3.252423676108107706e-04 9.999999108364924227e-01 -1.113116800813511572e-03
9.992750022973755364e-01 3.807164963424847920e-02 1.388441832065092361e-04 -4.488272767343083336e-01 -3.807160701482908277e-02 9.992749692313580567e-01 -2.976692406549261887e-04 -4.532067022362405023e-02 -1.500762759387447179e-04 2.921674099599762004e-04 9.999999460576565191e-01 -5.692724834872068748e-03
9.990719167790819144e-01 4.307325254412505688e-02 4.317545599149882992e-06 -4.914944610411318693e-01 -4.307324973540931079e-02 9.990718791608869109e-01 -2.746400649406432895e-04 -5.705069268537927424e-02 -1.614317927102872433e-05 2.741992053847438614e-04 9.999999622770960883e-01 -8.545557701312688978e-03
9.988445815979520859e-01 4.805718488630184027e-02 -9.377214830792047877e-05 -5.362148083130283682e-01 -4.805721801308684982e-02 9.988445080521005659e-01 -3.905521731171893228e-04 -8.020687966385023349e-02 7.489495735437370547e-05 3.946073505241991827e-04 9.999999193378888984e-01 -1.913904518436423952e-02
9.985955906243798585e-01 5.297960996513014637e-02 -8.551893791504934050e-05 -5.857658011394398789e-01 -5.297965319468670581e-02 9.985953962962077490e-01 -6.251746879288252751e-04 -9.505902392670330381e-02 5.227730657156835770e-05 6.288274504080149097e-04 9.999998009215406158e-01 -2.605077111118057204e-02
9.983395093673054221e-01 5.760386655625300556e-02 -1.363598814679971045e-04 -6.255112286072755934e-01 -5.760396598592849859e-02 9.983391104292030915e-01 -8.964876571405113424e-04 -9.267216583741877400e-02 8.449224739174188842e-05 9.028539177574309346e-04 9.999995888578471215e-01 -3.038534899954822149e-02
9.980605155013415608e-01 6.225109447052398770e-02 -9.292157073863288206e-05 -6.712523582995476579e-01 -6.225115493122682087e-02 9.980600588337638079e-01 -9.553378839066087183e-04 -8.873725762834795694e-02 3.327047949598491470e-05 9.592694959862942518e-04 9.999995393474485628e-01 -3.069668135688383148e-02
9.977360918379384325e-01 6.725088875319372439e-02 9.489922281330018662e-05 -7.148669390722689476e-01 -6.725078742798661080e-02 9.977357586374843157e-01 -8.291721168888780075e-04 -7.889986675348856227e-02 -1.504469098578798097e-04 8.209128999052010605e-04 9.999996517338084479e-01 -2.870787837095859982e-02
9.972802593453261588e-01 7.370264935036108245e-02 6.163486555889129788e-05 -7.559020465570277514e-01 -7.370258267690749099e-02 9.972799842624092692e-01 -7.498642026560497532e-04 -9.578785691759501841e-02 -1.167341961433337365e-04 7.432821177239673505e-04 9.999997169523704432e-01 -3.129777627915630855e-02
9.967182297402065183e-01 8.094911789677386449e-02 -1.039965536910016834e-04 -8.045812466242238115e-01 -8.094917497168238607e-02 9.967179172593823022e-01 -7.902439642633109522e-04 -9.908358223961594158e-02 3.968567656668402834e-05 7.960690003445950640e-04 9.999996823495463927e-01 -3.843736266650385480e-02
9.960084267889135479e-01 8.925912377407896336e-02 -1.502949000927933029e-04 -8.564481149179723474e-01 -8.925922869667005100e-02 9.960079454033723412e-01 -9.812165043732790689e-04 -1.039067472297183492e-01 6.211238923300456925e-05 9.907151137194725090e-04 9.999995073126859424e-01 -4.014481734264366275e-02
9.951289914369720879e-01 9.858132564260517483e-02 -1.124107706358401786e-04 -9.165296938975510121e-01 -9.858138970620085317e-02 9.951283177623448939e-01 -1.157925334274647862e-03 -1.129171426434630449e-01 -2.286673366739061454e-06 1.163366680043275260e-03 9.999993232861404957e-01 -4.165645987198627470e-02
9.940654521995959669e-01 1.087832250612641577e-01 -2.944290798266453171e-04 -9.703090122484202551e-01 -1.087835673692429533e-01 9.940640478647343459e-01 -1.674578514321537100e-03 -1.181370458517679439e-01 1.105153114953668486e-04 1.696669693723552603e-03 9.999985545481134830e-01 -5.401527366983831235e-02
9.928242558578500576e-01 1.195808506943998595e-01 -6.458540933083435414e-04 -1.046827226066673333e+00 -1.195820382823347128e-01 9.928216325028006439e-01 -2.311310173066216320e-03 -1.252448954111015644e-01 3.648294785631270602e-04 2.371957351541945785e-03 9.999971203547408649e-01 -5.659873482929221600e-02
9.914522071933851155e-01 1.304013309749175453e-01 -4.244258631964923853e-03 -1.109501855411093363e+00 -1.304261269227137976e-01 9.914385745311071751e-01 -6.211147049162347999e-03 -1.085659748875134611e-01 3.397979885924949477e-03 6.711617666120170758e-03 9.999717035601550785e-01 -2.631953248273444929e-02
9.899765517723635444e-01 1.410859926005295639e-01 -6.416356662789860985e-03 -1.192041123306512018e+00 -1.411377447060666035e-01 9.899535598898664412e-01 -8.490363989010960705e-03 -1.114922895556760968e-01 5.154023688922483928e-03 9.310851373749224474e-03 9.999433704398014156e-01 -5.783740920112396752e-03
9.883207522753839624e-01 1.521543447957850459e-01 -8.434807738443565739e-03 -1.272755247509842480e+00 -1.522489109688887066e-01 9.882692046427297150e-01 -1.201033986254097276e-02 -1.053488689262541689e-01 6.508435342426344139e-03 1.315425842043951334e-02 9.998922970774410945e-01 6.472826831606095718e-03
9.864845740805021634e-01 1.635960093543783744e-01 -9.194064636080025513e-03 -1.362704714652743343e+00 -1.637068760326882144e-01 9.864236312443461774e-01 -1.297992535942567999e-02 -1.092544838502891996e-01 6.945778633697550705e-03 1.430962773940502517e-02 9.998734873538408507e-01 -1.935425148620713992e-03
9.844549968777921434e-01 1.753723002153577959e-01 -9.639265507320096682e-03 -1.448352994884712253e+00 -1.754759430954541954e-01 9.844196986520075132e-01 -1.122721250585847000e-02 -1.261704096973796096e-01 7.520140763783707966e-03 1.274414465804568283e-02 9.998905111360081310e-01 -4.873770543421034745e-02
9.821733983550198221e-01 1.877168065388490348e-01 -9.890202556468361689e-03 -1.547178228290666091e+00 -1.878091143967501320e-01 9.821604432521662265e-01 -9.412771123149685226e-03 -1.388524829085561463e-01 7.946830390795918408e-03 1.110244358529672085e-02 9.999067874722999960e-01 -8.321306186142396477e-02
9.796827301565024237e-01 2.002840000397386744e-01 -1.039555487617409117e-02 -1.643075777500742962e+00 -2.003774900985501040e-01 9.796783945288359829e-01 -8.894085405918265505e-03 -1.270190553503476594e-01 8.402957509534273242e-03 1.079641706698462010e-02 9.999064094622099885e-01 -7.823771113910477082e-02
9.769745277841355158e-01 2.130945953209148480e-01 -1.055772257548635504e-02 -1.727925022997114812e+00 -2.131942064063470643e-01 9.769644101442322981e-01 -9.421871698349839827e-03 -1.011984224821749073e-01 8.306769271701031770e-03 1.145577393927723307e-02 9.998998764014919161e-01 -4.537294911564292155e-02
9.739724421399379439e-01 2.264605916878740521e-01 -9.658279574704796422e-03 -1.803800001083317950e+00 -2.265521407017120625e-01 9.739502015890881825e-01 -9.753582318628620240e-03 -7.302355040079439030e-02 7.197881315834485892e-03 1.168782430363262889e-02 9.999057881958732796e-01 -1.127688657895897437e-02
9.707726538994050358e-01 2.398698949219305876e-01 -7.930192384039871922e-03 -1.885349370509082245e+00 -2.399383468885767090e-01 9.707441324659513704e-01 -9.242238652210781752e-03 -5.476149371030981233e-02 5.481252911783676164e-03 1.087486979551323049e-02 9.999258437871518801e-01 1.828044295131280722e-02
9.673152867643940445e-01 2.535463074430731600e-01 -3.925044445698568259e-03 -1.985906673882596563e+00 -2.535628834160582601e-01 9.673082538506319050e-01 -4.539403724706554330e-03 -4.792698221651042756e-02 2.645778836662124236e-03 5.386280202891391422e-03 9.999819937578493523e-01 -1.390381455500550728e-02
9.635687494945965881e-01 2.674536947999335834e-01 -1.945799394394651929e-03 -2.099259726316528685e+00 -2.674547486390305706e-01 9.635703754270797949e-01 -2.983785339997429924e-04 -4.471793057551507605e-02 1.795112211595420405e-03 8.079215188119628650e-04 9.999980624156065145e-01 -3.677454509359921742e-02
9.594425313116301535e-01 2.819033399223113134e-01 7.321550227983031345e-04 -2.199477607602690732e+00 -2.819042545987410220e-01 9.594378583479518108e-01 2.997867212491988828e-03 -2.662925220261868481e-02 1.426515327927811803e-04 -3.082678922842134461e-03 9.999952383592628502e-01 -5.642002537803070261e-02
9.548715090479508172e-01 2.970156973057050398e-01 1.441097670197144217e-03 -2.278267766680244222e+00 -2.970182866594611171e-01 9.548693433464754410e-01 2.162065435854439686e-03 -1.103530539317076203e-02 -7.338926129884135955e-04 -2.492527046305641203e-03 9.999966243495804763e-01 -5.670491798713783727e-02
9.496520755698348859e-01 3.133057684787333153e-01 6.563564999329149193e-04 -2.368934787078587068e+00 -3.133052490085277975e-01 9.496521482555286831e-01 -7.862934336781063132e-04 8.562802891370175154e-03 -8.696606286710733885e-04 5.410652546494982900e-04 9.999994754692530519e-01 -2.360792317095416343e-02
9.439678895538291536e-01 3.300372821698465686e-01 -1.259731359182490761e-04 -2.475693091346848007e+00 -3.300366654914185793e-01 9.439652361009550630e-01 -2.330764718653650404e-03 2.947977700222679034e-02 -6.503249921323700500e-04 2.241742806233966434e-03 9.999972758295870845e-01 3.810926735098260111e-03
9.379842308266775897e-01 3.466778840651132954e-01 1.655917325082028376e-04 -2.582096846451288563e+00 -3.466773812922535059e-01 9.379835013777966246e-01 -1.320773786295885519e-03 3.324631162073371504e-02 -6.132053746189851601e-04 1.181458075845193655e-03 9.999991140675993373e-01 3.559858023723966314e-03
9.314486695698109830e-01 3.638711910867480359e-01 1.064074123577111357e-03 -2.678580403772505392e+00 -3.638717948302701011e-01 9.314489393539014950e-01 4.362378820159363256e-04 5.733509746355264225e-02 -8.323963160735337779e-04 -7.935197559981461545e-04 9.999993387211663087e-01 -2.891632948362200459e-02
9.241798455149289326e-01 3.819539206940253395e-01 1.677978088191082583e-03 -2.763161882135001246e+00 -3.819556285391451089e-01 9.241802795759678224e-01 8.418254882490813946e-04 8.289772414294273306e-02 -1.229215712889883926e-03 -1.418911325030503510e-03 9.999982378581389053e-01 -5.710829957413619817e-02
9.161953441277950194e-01 4.007268750124292622e-01 2.015698718593357357e-03 -2.870398193622230920e+00 -4.007264395884308494e-01 9.161975331751477380e-01 -6.331023248401819589e-04 9.124663981001845947e-02 -2.100479309795850145e-03 -2.276983684098206632e-04 9.999977680675703473e-01 -5.241282750679097935e-02
9.077455637829822122e-01 4.195141688215083819e-01 2.419419416890590535e-03 -2.987080101301712087e+00 -4.195057265468646879e-01 9.077465503186136209e-01 -3.338529473267683959e-03 9.309938492160842183e-02 -3.596780046520305779e-03 2.015575018613197707e-03 9.999915002791980312e-01 -5.044674403071601476e-02
8.988055892679230885e-01 4.383364761765306539e-01 3.105857994726011692e-03 -3.114644550487180030e+00 -4.382940187141410315e-01 8.987840680283485373e-01 -9.249444189853047241e-03 1.244888035480954669e-01 -6.845864455989883121e-03 6.952173153397729274e-03 9.999523995812477084e-01 -4.365279973665282809e-02
8.892361692822667862e-01 4.574335095272032969e-01 3.690474471630636032e-03 -3.222221022585133543e+00 -4.573533122314141774e-01 8.891868834179158521e-01 -1.321492143329943726e-02 1.480232475351893895e-01 -9.326469383123044132e-03 1.006333538940756660e-02 9.999058686944916063e-01 -2.748175238052250752e-02
8.797310065648875632e-01 4.754556971862627934e-01 3.903344905916603883e-03 -3.308573446228384007e+00 -4.753842337402828244e-01 8.796969740892356393e-01 -1.196094015564114384e-02 1.841876155793480963e-01 -9.120657843264995054e-03 8.666821295461367078e-03 9.999208467719525872e-01 -2.084160040737835853e-02
8.701818995045433880e-01 4.927156190770513033e-01 3.844540568479039473e-03 -3.411015631406964843e+00 -4.926898191865213272e-01 8.701837670530423452e-01 -6.078949525146815948e-03 2.395305378334429691e-01 -6.340650173088197179e-03 3.395625847245314043e-03 9.999741326056830193e-01 -1.075202475275741434e-03
8.597390632413600686e-01 5.107013264541153674e-01 5.735703520558445290e-03 -3.529046097273156324e+00 -5.107323106087784392e-01 8.597073707998569292e-01 7.466156482123701907e-03 3.080687256380253425e-01 -1.118050574412218952e-03 -9.348355491976158629e-03 9.999556781240399594e-01 -3.327395012141767805e-02
8.476127169476381784e-01 5.305588492771942111e-01 7.745290330430635271e-03 -3.640606925523368176e+00 -5.306019246681972223e-01 8.473969679702875180e-01 1.949297856070904625e-02 3.432785458064091522e-01 3.778836732098300212e-03 -2.063216247568512920e-02 9.997799929307092937e-01 -1.190144671300320672e-01
8.346216810344883053e-01 5.507718477975483973e-01 7.551239688883507918e-03 -3.722706017669393574e+00 -5.508046061103993862e-01 8.344005800926777017e-01 1.974734991260124889e-02 3.553775548513435911e-01 4.575525623644895699e-03 -2.064082398251220613e-02 9.997764854959283465e-01 -1.336481122981877934e-01
8.215601156219589640e-01 5.700714297556103149e-01 7.585604499826080829e-03 -3.810827831648607056e+00 -5.701180295736348880e-01 8.214328190667841145e-01 1.461355928827305466e-02 3.756563889833756109e-01 2.099708148666378730e-03 -1.633060734908770364e-02 9.998644420566721314e-01 -8.366858241096264415e-02
8.085508918872260642e-01 5.883924777980359400e-01 6.304545904272158829e-03 -3.904763588318283407e+00 -5.884257863146101775e-01 8.085173346248287762e-01 7.403621491913280062e-03 4.415218305631294915e-01 -7.410994562363618955e-04 -9.695962141559818365e-03 9.999527184270990965e-01 8.690086594960073907e-03
7.957950759358916049e-01 6.055341656235706527e-01 6.210586023459968054e-03 -3.986556725865785467e+00 -6.055648808945366390e-01 7.957715728651157949e-01 6.227266411955777181e-03 5.111127454350929966e-01 -1.171385237423516225e-03 -8.716540732757183108e-03 9.999613241392287799e-01 5.642895409450373462e-02
7.831093728962931211e-01 6.218096811427902271e-01 9.614079211038016257e-03 -4.080680590505608940e+00 -6.218822851924010742e-01 7.829773159646867819e-01 1.445496622659761879e-02 5.474402201056757233e-01 1.460632004160026393e-03 -1.729864508672903853e-02 9.998493003609653096e-01 -1.179202316964186870e-02
7.699225599250729690e-01 6.380044514862009963e-01 1.302196614241761009e-02 -4.174663623125423051e+00 -6.381261892262456437e-01 7.696282223491475172e-01 2.161864906235144712e-02 5.783779785084078862e-01 3.770721683218554096e-03 -2.495434325890154986e-02 9.996814804779092789e-01 -1.006512162187494230e-01
7.562501548172206878e-01 6.541354853749210552e-01 1.387335980382083805e-02 -4.244648393086508875e+00 -6.542740687699193369e-01 7.559620877962492935e-01 2.113681030786836862e-02 6.204256483005607947e-01 3.338603627970143650e-03 -2.506169563402258632e-02 9.996803314748985425e-01 -1.101468338553497350e-01
7.425003763125691547e-01 6.696973149176730367e-01 1.409601247702229124e-02 -4.326897512444141114e+00 -6.698410661734175431e-01 7.422530506642945891e-01 1.932239237794808329e-02 6.663064524114207243e-01 2.477346030025782270e-03 -2.378897163828797706e-02 9.997139328753201770e-01 -6.798040800075999535e-02
7.291340780802326726e-01 6.842201434520877035e-01 1.436285056991900427e-02 -4.402767713993059218e+00 -6.843674902012907291e-01 7.289038618074894504e-01 1.844718400500593158e-02 7.127619647448756313e-01 2.152797639214348684e-03 -2.327993849933806397e-02 9.997266676075974301e-01 -2.285227129202787102e-02
7.159178584391405753e-01 6.980201095653396637e-01 1.515079569876279578e-02 -4.470465961870475624e+00 -6.981794793738494986e-01 7.156616752583286889e-01 1.933342048637085725e-02 7.705106554674392427e-01 2.652272454896106683e-03 -2.441911564396780088e-02 9.996982906067167773e-01 -2.245710253062641049e-02
7.024374256341753275e-01 7.115405694862528829e-01 1.707867218525648684e-02 -4.543763252372663430e+00 -7.117404084366205641e-01 7.021393409023926058e-01 2.063824012910088490e-02 8.271449600371780786e-01 2.693337503010460182e-03 -2.665265338259515532e-02 9.996411266053243372e-01 -3.897041289759788085e-02
6.887728204437777446e-01 7.246937000394332307e-01 2.027419396867854648e-02 -4.626904902389696872e+00 -7.249709954153252811e-01 6.883814134363555048e-01 2.341122469837782910e-02 8.638611427650423336e-01 3.009588748680219056e-03 -3.082321784826099614e-02 9.995203207624357988e-01 -7.685887074352330817e-02
6.747333113911859748e-01 7.377109315103549392e-01 2.274950613111100320e-02 -4.690835561775792861e+00 -7.380550316061902372e-01 6.742764268408685258e-01 2.502140138954205006e-02 9.027052555422575564e-01 3.119105620293594755e-03 -3.367316048183607857e-02 9.994280311474628142e-01 -7.428332198131160080e-02
6.603880752958678491e-01 7.505302131840712043e-01 2.433082622706872478e-02 -4.742588996071808616e+00 -7.509223581493007504e-01 6.599622501603249480e-01 2.377899061806074826e-02 9.540102757655318788e-01 1.789424072799038895e-03 -3.397392325289094045e-02 9.994211176977872979e-01 -4.753479704362422592e-02
6.459460016317085662e-01 7.628792590957778064e-01 2.773083153253807359e-02 -4.814432197769327182e+00 -7.633831012755083467e-01 6.455225453393436119e-01 2.338555420771395305e-02 1.007850208114363655e+00 -6.052268773554074499e-05 -3.627505341267197453e-02 9.993418418323691821e-01 -3.291121116086929282e-02
6.319843416378422285e-01 7.743786234894581844e-01 3.055387712148993282e-02 -4.871168926878936212e+00 -7.749809192485480613e-01 6.315236010038102199e-01 2.413537188144374707e-02 1.040160405910579566e+00 -6.055784494326706124e-04 -3.893184888689816409e-02 9.992416846874380143e-01 -5.497775022076419049e-02
6.182428340879257966e-01 7.853183928328190122e-01 3.241635354890362586e-02 -4.919094008305763488e+00 -7.859871488127579964e-01 6.177167848575106923e-01 2.549854126202900223e-02 1.098309450158468037e+00 3.477524448368407572e-07 -4.124312771575381481e-02 9.991491402268737332e-01 -8.341036601809360962e-02
6.054997152431934593e-01 7.951582278503812606e-01 3.306792285966822509e-02 -4.967594267627388760e+00 -7.958454249789108648e-01 6.049562167148372360e-01 2.565220065038693181e-02 1.145747795911025824e+00 3.929129018211026392e-04 -4.184935531059304908e-02 9.991238547244977175e-01 -8.505020841657365271e-02
5.943622892845270567e-01 8.035065663971799887e-01 3.332666849642305917e-02 -5.020736924041296234e+00 -8.041970365611755822e-01 5.938116686161875046e-01 2.558961901791904220e-02 1.171553772826061657e+00 7.716622832205956295e-04 -4.201071258468935116e-02 9.991168623166397644e-01 -7.971887129691483664e-02
5.847713349596519450e-01 8.104990292532946450e-01 3.367208619871231434e-02 -5.074563629436152468e+00 -8.111975873033637763e-01 5.842167695514198789e-01 2.548019874539508844e-02 1.209057820732594379e+00 9.798789252550774154e-04 -4.221480491924825551e-02 9.991080772783901276e-01 -7.043507246477456740e-02
5.762984811181172118e-01 8.165254219463496943e-01 3.415107577056186727e-02 -5.116181539309466508e+00 -8.172386918972064374e-01 5.757440044905459686e-01 2.529351219844928889e-02 1.250585714131330572e+00 9.905185985406052274e-04 -4.248619315172524891e-02 9.990965630330134184e-01 -6.855369493153223859e-02
5.693292736463453352e-01 8.213984094661728186e-01 3.418817186932565644e-02 -5.147395952123170915e+00 -8.221087928149357626e-01 5.687782961000820148e-01 2.506756194480213792e-02 1.281980846361721493e+00 1.144965368043423387e-03 -4.237809353815982782e-02 9.991009890108091263e-01 -7.400245268501741414e-02
5.646081504106259530e-01 8.246613525743362594e-01 3.393066548357817624e-02 -5.158827911498882202e+00 -8.253578802933390079e-01 5.640594661707907242e-01 2.492565065969675614e-02 1.294496915115402214e+00 1.416307727334132488e-03 -4.207816765722122848e-02 9.991133178368869494e-01 -7.097501516531755372e-02
5.618974722800178512e-01 8.265078505873539871e-01 3.400005239405604757e-02 -5.166492573508223884e+00 -8.272053322374517403e-01 5.613419449081922252e-01 2.503116466757095843e-02 1.309804573160030960e+00 1.602798569232337378e-03 -4.218997279164891229e-02 9.991083210706366291e-01 -6.347612005957735393e-02
5.604964727999212082e-01 8.274402465829531206e-01 3.444332030436199343e-02 -5.179326256016127950e+00 -8.281548399928615467e-01 5.599194245305814110e-01 2.549115591220606214e-02 1.322539132700312425e+00 1.806924249939428212e-03 -4.281210539186613984e-02 9.990815075141120660e-01 -6.162977960503195074e-02
5.603629113419119623e-01 8.275086335012457051e-01 3.496954494009930914e-02 -5.178013229056488420e+00 -8.282449094823643998e-01 5.597626115906879640e-01 2.600362631869833352e-02 1.318772153848603468e+00 1.943581479255166583e-03 -4.353481533294499550e-02 9.990500199414240612e-01 -6.337617547230520176e-02
5.610939819189360023e-01 8.269716927300936327e-01 3.593553780697296418e-02 -5.174470717728955726e+00 -8.277504909108568398e-01 5.604782158521404156e-01 2.633048332327219548e-02 1.336947167268738079e+00 1.633478248508558189e-03 -4.451953479457245594e-02 9.990071785380155722e-01 -5.255372417995972378e-02
5.609294896223275817e-01 8.269291348907681360e-01 3.932319342119721534e-02 -5.167815675737931436e+00 -8.278632307941049540e-01 5.602524576029596082e-01 2.756183682178158997e-02 1.350762370587978767e+00 7.607701240140915533e-04 -4.801447301230964138e-02 9.988463503513284047e-01 -5.980618460535026826e-02
5.599595356970057392e-01 8.274939361468518495e-01 4.122018949718394415e-02 -5.156340455816780022e+00 -8.285192472109199624e-01 5.592005137405757775e-01 2.916577503387790885e-02 1.332846661943975830e+00 1.084150840248057635e-03 -5.048337421831190774e-02 9.987243130836904736e-01 -1.076836330804531588e-01
5.594757976693027768e-01 8.278521384194411636e-01 4.059148601191901740e-02 -5.161355200598508830e+00 -8.288452653791010816e-01 5.587127834707481533e-01 2.924981444413730924e-02 1.310723667704833506e+00 1.535539301017716657e-03 -5.000862426349389489e-02 9.987476055632512617e-01 -1.200827880831957239e-01
5.592183046475052155e-01 8.281041167270971615e-01 3.896741724575102095e-02 -5.167255509109665468e+00 -8.290194310031858693e-01 5.585262305100971991e-01 2.784300363351119995e-02 1.316809785798123356e+00 1.292581263974669492e-03 -4.787506336096270659e-02 9.988524953875120849e-01 -7.450977856387139275e-02
5.591941860039926215e-01 8.281503745962875973e-01 3.832517965203403876e-02 -5.168673720008523986e+00 -8.290362925409534567e-01 5.585498136763176191e-01 2.685016372578525809e-02 1.327629216439725202e+00 8.294511937256970890e-04 -4.678742029840270156e-02 9.989045246231182951e-01 -4.590772265941891334e-02
5.591366324198883131e-01 8.281718301522459358e-01 3.869943188764338182e-02 -5.159771202609067409e+00 -8.290748342752424227e-01 5.584664495770180759e-01 2.738875441343193579e-02 1.327922664535744701e+00 1.070260541222490397e-03 -4.739878098769565590e-02 9.988754727708826220e-01 -5.353117654083706933e-02
5.590725546420036718e-01 8.281785291695652473e-01 3.947407337226969959e-02 -5.153962930236276385e+00 -8.291172080876826334e-01 5.583461407023778689e-01 2.853493325113527768e-02 1.325896806349962764e+00 1.591822524667649286e-03 -4.868173153551584587e-02 9.988130731602155032e-01 -7.769680503656802018e-02
5.589198525005059093e-01 8.282575321589608075e-01 3.997572892094118646e-02 -5.153276716425341242e+00 -8.292200667829657812e-01 5.581737362501574262e-01 2.891644869262879891e-02 1.323141468382688091e+00 1.636864461832726603e-03 -4.931065384364312354e-02 9.987821484649422876e-01 -9.435307645770356355e-02
5.589252656909413641e-01 8.282617748202198982e-01 3.981180407831531876e-02 -5.157407781432067573e+00 -8.292169069690520367e-01 5.582008053971212469e-01 2.848125788451054755e-02 1.320867997814106909e+00 1.366956103709071613e-03 -4.893151566899078819e-02 9.988012005426033513e-01 -8.587131288043257926e-02
5.589043245546966299e-01 8.283099570408550827e-01 3.909694439512254732e-02 -5.146570873271024027e+00 -8.292306869949833681e-01 5.581932631743871109e-01 2.822673719290939853e-02 1.312935397151044681e+00 1.556836499601269019e-03 -4.819643154535808993e-02 9.988366634472360950e-01 -6.672912807396121082e-02
5.587261971101855629e-01 8.284496309233687628e-01 3.868133510783147710e-02 -5.129846469789185903e+00 -8.293491004454506266e-01 5.579890087116462505e-01 2.878082256149422369e-02 1.302295799965700107e+00 2.259701996278961483e-03 -4.816093001519575201e-02 9.988370330374016781e-01 -5.639200382822791291e-02
5.579043516872554953e-01 8.289861481735573134e-01 3.904741354804549397e-02 -5.120298201309015695e+00 -8.299007491392446090e-01 5.571283892099843094e-01 2.954157264616826331e-02 1.289437477626099060e+00 2.735131906097636179e-03 -4.888684969045531403e-02 9.988005781840532116e-01 -6.266675709377962644e-02
5.564351886433471783e-01 8.299501032628123776e-01 3.953108819005389518e-02 -5.107063808566622676e+00 -8.308852105143939015e-01 5.556233354650110812e-01 3.020721826297757817e-02 1.254602290345663951e+00 3.106088841921293003e-03 -4.965415572520669174e-02 9.987616417500839727e-01 -7.372666325900598117e-02
5.541476064344403873e-01 8.314717389474666209e-01 3.968850733722074919e-02 -5.078936998651409240e+00 -8.324122993314186925e-01 5.533304433041990045e-01 3.025201538012259328e-02 1.206851867253606603e+00 3.192836475789724571e-03 -4.980128356232062237e-02 9.987540427706834700e-01 -7.461536000014827585e-02
5.509738804825727865e-01 8.335992496175922417e-01 3.924377737887699280e-02 -5.055530017223182959e+00 -8.345147675370431228e-01 5.501569636334138202e-01 3.020625975286667791e-02 1.162167707492636426e+00 3.589678059475114730e-03 -4.939237190751050860e-02 9.987730011412900843e-01 -6.792355645181598345e-02
5.467603257859507959e-01 8.364228092638424927e-01 3.807926324947229907e-02 -5.022978992108503959e+00 -8.372736692680836645e-01 5.459077836570203068e-01 3.094340790927138651e-02 1.118547643891227850e+00 5.094005967858125650e-03 -4.880139225331175945e-02 9.987955122132546881e-01 -5.861276276588230083e-02
5.414970554041904638e-01 8.398900378565901104e-01 3.695488192170182096e-02 -4.992686981576979655e+00 -8.406720903839903780e-01 5.405792222210252795e-01 3.231935878577454208e-02 1.063641971852427037e+00 7.167666147581488317e-03 -4.856777545005907387e-02 9.987941708629608506e-01 -5.679686156638167477e-02
5.347218358861300924e-01 8.442674736790903856e-01 3.584677271516770181e-02 -4.965736847486915906e+00 -8.449773634202425443e-01 5.337433596425209537e-01 3.363452608391785670e-02 1.004029291627394738e+00 9.263559463927335119e-03 -4.827482703273958120e-02 9.987911330909067242e-01 -7.010656083250059456e-02
5.262841105168253319e-01 8.496113895920653913e-01 3.443140561977982295e-02 -4.933810871142492616e+00 -8.502322957216790211e-01 5.252620327407045986e-01 3.471080916582545972e-02 9.132377523745731640e-01 1.140518870327670263e-02 -4.754244037218544050e-02 9.988041039333488413e-01 -7.754016323433782221e-02
5.165469179887782758e-01 8.556904743331338326e-01 3.119444905477279650e-02 -4.891361295792807873e+00 -8.561408367036086320e-01 5.155279221881280405e-01 3.540945033230928629e-02 8.086576183239622129e-01 1.421791984571883945e-02 -4.499748415109235122e-02 9.988859179983131664e-01 -7.422653930518130494e-02
5.059047526528568373e-01 8.621590972276034215e-01 2.724100422039332781e-02 -4.843918514799960384e+00 -8.624386022164649557e-01 5.049736632286717652e-01 3.465915250444244478e-02 7.111509615141726748e-01 1.612571394270420622e-02 -4.102792357772644394e-02 9.990278628930918670e-01 -4.532936173008941805e-02
4.945565372666103077e-01 8.688105258614723381e-01 2.412678178232201959e-02 -4.787138375184342820e+00 -8.689718195454013694e-01 4.937123327107335591e-01 3.370622146252104379e-02 5.966835108547332567e-01 1.737263027910310870e-02 -3.763512563600511507e-02 9.991405251692815348e-01 -1.648787423716658804e-02
4.833009092716071819e-01 8.751352890801280537e-01 2.363169278487210756e-02 -4.734789849818093366e+00 -8.752563259824115427e-01 4.824415081975205188e-01 3.430094744861332534e-02 4.657332077685686911e-01 1.861706005277033449e-02 -3.726146769442464923e-02 9.991321174400554783e-01 -1.131156131703073275e-02
4.725056473249729105e-01 8.809660465229377513e-01 2.524357581154915500e-02 -4.667624041884567809e+00 -8.810981573061132943e-01 4.715352068976093047e-01 3.633986581979249675e-02 3.315081060596025697e-01 2.011095317930231344e-02 -3.941285995425684863e-02 9.990206084122820185e-01 -2.285885866796730226e-02
4.623197638207229287e-01 8.862612993876395340e-01 2.830804105698480136e-02 -4.589945715055106845e+00 -8.864096947022075401e-01 4.610905892712336973e-01 4.090625408719284622e-02 1.766296695546722695e-01 2.320105856831706018e-02 -4.400429175932093345e-02 9.987619001484138170e-01 -5.228917227569875037e-02
4.534670281104797862e-01 8.907625094118898357e-01 3.016299459407865285e-02 -4.502444651556991140e+00 -8.908884974123532086e-01 4.520176823417580980e-01 4.469563769256575808e-02 5.283591437174182948e-03 2.617899148189210823e-02 -4.713986292532620220e-02 9.985451886261194065e-01 -8.289678183502005582e-02
4.469104985676864983e-01 8.940944871912581693e-01 2.942879957088430018e-02 -4.420492547367585345e+00 -8.941690797625019282e-01 4.454687189875563558e-01 4.493636834754512199e-02 -1.656347526747610210e-01 2.706774956775245475e-02 -4.639685741283532117e-02 9.985562921315705998e-01 -7.098810080458867189e-02
4.420336806772051652e-01 8.965633637260077560e-01 2.793492386366307201e-02 -4.343428389332148143e+00 -8.966229050844749526e-01 4.407332168011028894e-01 4.268017907680941164e-02 -3.333790406486585312e-01 2.595363606200652012e-02 -4.391316923723551785e-02 9.986981737956182048e-01 -1.505702260546504245e-02
4.400115375586446387e-01 8.975621935588583566e-01 2.778408733588643223e-02 -4.258938534893965233e+00 -8.976525853224294194e-01 4.387838334165576892e-01 4.109237880957034017e-02 -5.213672931660235932e-01 2.469175731364881346e-02 -4.302157860982393223e-02 9.987689727332755840e-01 1.108822051887973364e-02
4.406758384825010255e-01 8.972082203829244706e-01 2.867428560662118459e-02 -4.165759207958734223e+00 -8.973488348146597682e-01 4.394457045685166152e-01 4.065146237286467595e-02 -7.234746884236405995e-01 2.387203457012081892e-02 -4.364495404494627556e-02 9.987618554750163913e-01 -1.090962285897473932e-02
4.438830044709086708e-01 8.956155103338652168e-01 2.899544776839181603e-02 -4.055555028446984345e+00 -8.957949356942045416e-01 4.426841791554007033e-01 3.977625812120771237e-02 -9.437165121069880369e-01 2.278840772180316943e-02 -4.362998023056326863e-02 9.987878219614942932e-01 -5.757931361415903615e-02
4.495729341142321589e-01 8.928426267446346598e-01 2.676230146421342340e-02 -3.941018991918863179e+00 -8.930365093118491915e-01 4.486217538691726903e-01 3.499021279522379624e-02 -1.147354454147850422e+00 1.923460288199038346e-02 -3.963036491238265679e-02 9.990292609472875007e-01 -5.407647632465589771e-02
4.583020648967571775e-01 8.884898053211137681e-01 2.334701590820343134e-02 -3.849153827442068909e+00 -8.886460246583204325e-01 4.575830116699483030e-01 3.043074580130319257e-02 -1.361584234384142444e+00 1.635420955999425732e-02 -3.469370651154512347e-02 9.992641725580670986e-01 -8.197978348880037569e-03
4.689474531421535808e-01 8.829893634772870703e-01 2.044676447419605664e-02 -3.734943835077412899e+00 -8.831099413880488802e-01 4.683847454808259814e-01 2.706587560857275088e-02 -1.552324663169905694e+00 1.432192770141636762e-02 -3.074921441008504619e-02 9.994245185105666840e-01 4.436200047487745546e-02
4.799623132707669937e-01 8.770481517359588475e-01 2.056009183618792355e-02 -3.588499685521707061e+00 -8.771637734085589999e-01 4.793657997835162332e-01 2.814506382241946034e-02 -1.751635516409316917e+00 1.482877133926682398e-02 -3.154313767601892721e-02 9.993923844047039040e-01 6.226231468079403142e-02
4.910998089471438899e-01 8.707985548804125786e-01 2.304027930091068210e-02 -3.438699886496300540e+00 -8.709442531176457836e-01 4.903329340624978938e-01 3.208927757068303493e-02 -1.987808485190791341e+00 1.664588878447224862e-02 -3.582583693156791288e-02 9.992194072348313805e-01 1.971561918628464416e-02
5.021996883682624535e-01 8.643899731542795672e-01 2.500894466314252523e-02 -3.305487860781783471e+00 -8.645750942366675629e-01 5.013026876391056819e-01 3.472062487149105842e-02 -2.226732666243800285e+00 1.747510882591693515e-02 -3.905879767931020458e-02 9.990840960076229349e-01 -2.888134839633157286e-02
5.129868301290605448e-01 8.580597602177923999e-01 2.404079884535424011e-02 -3.160370274908633981e+00 -8.582296832415794441e-01 5.121338868915756848e-01 3.406894040596042394e-02 -2.445050892117331731e+00 1.692107907896289731e-02 -3.810944492263240724e-02 9.991302954522459645e-01 -1.447224929302667884e-02
5.242129931813354071e-01 8.513094261040869970e-01 2.174853572531442944e-02 -2.996844708237918820e+00 -8.514443280218086940e-01 5.234863240743152790e-01 3.169581654811403498e-02 -2.677884953713248084e+00 1.559788637463160529e-02 -3.513302625011200525e-02 9.992609150803172247e-01 5.069154354085170233e-02
5.360050743174635812e-01 8.439601716193696479e-01 2.073135369758688853e-02 -2.820463072791127512e+00 -8.440894538871837049e-01 5.353408081223803849e-01 3.038442027277360458e-02 -2.910542430326693797e+00 1.454490090602800559e-02 -3.378532046733923044e-02 9.993232700075351804e-01 8.406559120153149489e-02
5.478451432961021217e-01 8.362743746531501321e-01 2.260241724585809742e-02 -2.649428009122158922e+00 -8.364654626632935797e-01 5.471237347397446271e-01 3.132329254589502621e-02 -3.140295546196020915e+00 1.382854794819615013e-02 -3.606645509217708268e-02 9.992537125668977671e-01 7.320361711083513134e-02
5.595930810029232649e-01 8.283927051876018854e-01 2.492207225779698165e-02 -2.482061295835897852e+00 -8.286492450909646035e-01 5.587521964029326105e-01 3.371070490323887364e-02 -3.389477257648077391e+00 1.400043941561833483e-02 -3.951593358210973156e-02 9.991208528948356538e-01 2.396737919105691728e-02
5.713644644461464139e-01 8.203074167436072983e-01 2.526639672762565417e-02 -2.303497787844735800e+00 -8.205788964484836967e-01 5.704907927094688969e-01 3.450405971926189669e-02 -3.643674649806565746e+00 1.388968939741980560e-02 -4.044746554669857025e-02 9.990851210278790528e-01 1.408485151832700871e-02
