1.000000000000000000e+00 0.000000000000000000e+00 0.000000000000000000e+00 0.000000000000000000e+00 0.000000000000000000e+00 1.000000000000000000e+00 0.000000000000000000e+00 0.000000000000000000e+00 0.000000000000000000e+00 0.000000000000000000e+00 1.000000000000000000e+00 0.000000000000000000e+00
9.999999823896722484e-01 1.778974185971216677e-04 -5.977594554641957986e-05 5.253152423126479682e-03 -1.779239507988989745e-04 9.999998855373256612e-01 -4.441490778581075132e-04 -5.088117938420217042e-03 5.969692572988174073e-05 4.441597056088909920e-04 9.999998995792114265e-01 2.178521691561529066e-03
9.999999856879809856e-01 1.479437069385710398e-04 8.207738606044796717e-05 1.023095544749910886e-02 -1.479217035530977476e-04 9.999999531416059462e-01 -2.680223041072800783e-04 -4.236951119684498508e-03 -8.211703442764531845e-05 2.680101592445704962e-04 9.999999607136728086e-01 2.909351365745177324e-03
9.999999681560594045e-01 1.840445236013576536e-04 1.726716347938280990e-04 9.430326997326021407e-03 -1.840481105895543025e-04 9.999999828477030839e-01 2.075780524188502700e-05 2.024015708631473481e-03 -1.726678114717361795e-04 -2.078958446901092616e-05 9.999999848768099664e-01 1.458127724942522713e-03
9.999999983227965128e-01 2.311617496287788896e-05 -5.310413739517136974e-05 2.672544735987651687e-03 -2.311752733888452688e-05 9.999999994085309041e-01 -2.546601776577047616e-05 1.463113969409809631e-03 5.310354868683963886e-05 2.546724535940682546e-05 9.999999982657162834e-01 5.785772400702223755e-06
9.999999922943725306e-01 4.074466808198255258e-05 -1.172651991296551441e-04 -1.344412561252068816e-03 -4.074577671409090911e-05 9.999999991252236375e-01 -9.451685472560972443e-06 -7.657406339290457123e-03 1.172648139212869299e-04 9.456463461349874923e-06 9.999999930797692782e-01 -1.755563574561646006e-03
9.999999968328265876e-01 8.949352521806921976e-06 -7.908385386745857921e-05 4.058553158214904186e-03 -8.949523777030411653e-06 9.999999999576091314e-01 -2.165135483329004005e-06 -5.628742204049963505e-03 7.908383448754545896e-05 2.165843239302210259e-06 9.999999968705280962e-01 -8.630356270253642000e-04
9.999999645295014616e-01 2.629416208741461921e-04 4.245821230984984170e-05 4.541979235550623953e-03 -2.629373774558975722e-04 9.999999604401561548e-01 -9.991807493106222423e-05 -1.472647042018942684e-03 -4.248448325078659079e-05 9.990690753592206528e-05 9.999999941068392628e-01 8.527184033211482111e-04
9.999999589192420935e-01 2.668255926719453148e-04 1.047168431540761174e-04 4.394735247383769160e-03 -2.668068776187658203e-04 9.999999484412963602e-01 -1.786938572914278207e-04 1.191501277246297293e-03 -1.047645178493900666e-04 1.786659107765926782e-04 9.999999785514438466e-01 1.278450962189567374e-03
9.999999917357692558e-01 1.010931217803726811e-04 7.942696073687247125e-05 5.661993666615661690e-03 -1.010861055558410869e-04 9.999999909892985928e-01 -8.833460257649174033e-05 -1.926101382932231005e-03 -7.943589004191553603e-05 8.832657288433717175e-05 9.999999929441779623e-01 -2.765818746559684481e-04
9.999999976095405030e-01 -5.996203425506226687e-05 -3.443070450252337672e-05 -2.385789518431823651e-03 5.996078493191905185e-05 9.999999975440503341e-01 -3.628503196095123556e-05 1.895384257431451114e-04 3.443288014229268422e-05 3.628296738214560347e-05 9.999999987489615050e-01 1.223545234492447523e-03
9.999999871136592278e-01 -7.093764343875994373e-05 -1.440157357332647265e-04 -2.510414880614934147e-03 7.093463030199600300e-05 9.999999972651636426e-01 -2.092727460351060992e-05 2.928896844886581547e-03 1.440172198709492200e-04 2.091705863086270738e-05 9.999999894107585163e-01 1.858276583794670443e-03
9.999999979297196084e-01 -1.648941641329791395e-06 -6.432605808866328123e-05 -1.197626831255026430e-03 1.643678459707153642e-06 9.999999966513657412e-01 -8.182033316196756347e-05 2.584489724214029168e-03 6.432619279021329847e-05 8.182022726122046175e-05 9.999999945837956261e-01 1.747648288352008153e-03
9.999999709851055130e-01 2.152455286786233437e-04 1.081626112359671536e-04 -1.187471190170651851e-03 -2.152333531131895444e-04 9.999999705017195151e-01 -1.125662638386908370e-04 -1.044400100176960059e-03 -1.081868374303274590e-04 1.125429803710947785e-04 9.999999878148427834e-01 -9.834955798206698047e-05
9.999999830073578178e-01 1.625409273262507263e-04 8.698121044238514283e-05 1.262506854859712577e-03 -1.625304788720621253e-04 9.999999795779098699e-01 -1.201167071860259524e-04 -9.510451802340609377e-04 -8.700073254702041258e-05 1.201025680471396639e-04 9.999999890031228134e-01 1.415114787295601410e-03
9.999999991827328572e-01 3.597077462910257798e-05 1.845637229906116892e-05 2.511000960881974893e-03 -3.596777854244913335e-05 9.999999861811974533e-01 -1.623081138136077948e-04 -4.617882948349283888e-03 -1.846221039259866810e-05 1.623074498462471560e-04 9.999999866577191643e-01 1.844869930645680594e-03
9.999999974901800925e-01 -2.842088491646875141e-05 -6.489910020786623230e-05 5.565022033659227513e-03 2.841552934431965056e-05 9.999999961914254332e-01 -8.252094723577092956e-05 -6.476145787149187837e-03 6.490144527903777053e-05 8.251910288637184028e-05 9.999999944891999615e-01 7.722413081390022780e-04
9.999999967589507932e-01 -1.689599612364633369e-05 -7.871863632013410405e-05 -2.316001597515385951e-04 1.689315012872638478e-05 9.999999992037352792e-01 -3.615454167956079099e-05 -3.303693297717169401e-03 7.871924712444929798e-05 3.615321175664085878e-05 9.999999962481126436e-01 -6.784407444821951736e-04
9.999999996021418092e-01 -2.797840480701551324e-05 -3.595165585335471102e-06 -6.239813879519421139e-03 2.797847683734580165e-05 9.999999994078648813e-01 2.003684228487637314e-05 -2.191871236790513596e-03 3.594604984322147105e-06 -2.003694286416160967e-05 9.999999997927998541e-01 -3.806221826582352735e-04
9.999999947343689577e-01 1.021062674066846194e-04 1.027483246069265937e-05 -3.697018260121493621e-04 -1.021055455332465324e-04 9.999999923209278441e-01 -7.023248404198596470e-05 7.615800478419254994e-04 -1.028200355858770573e-05 7.023143455479396253e-05 9.999999974809129499e-01 3.563959871606748372e-04
9.999999462674278305e-01 3.273795414242331218e-04 -1.696400242263673946e-05 2.121128943822003527e-03 -3.273812603466976661e-04 9.999999412673257204e-01 -1.014241368517166010e-04 -2.475966193618866617e-03 1.693079723888364944e-05 1.014296850984304949e-04 9.999999947126835265e-01 1.657385919164435038e-03
9.999999775774341959e-01 2.087663363983955896e-04 -3.552109005023200867e-05 7.348607811631874612e-03 -2.087693896339948881e-04 9.999999745119418915e-01 -8.597358634318939970e-05 -1.565577662094637217e-03 3.550314075422050304e-05 8.598100013172991574e-05 9.999999956733972573e-01 -6.776784438732143603e-04
9.999999913226910175e-01 1.185011240732614671e-04 -5.755085965517779532e-05 8.225999386890789702e-03 -1.185028866340544766e-04 9.999999925096274556e-01 -3.062369762963164279e-05 -3.922946463900035645e-03 5.754723028150803113e-05 3.063051730689776762e-05 9.999999978750439000e-01 -1.113989864846153801e-03
9.999999960593134452e-01 8.410913286490762433e-05 -2.840821985156969856e-05 5.953053550017614604e-04 -8.410869636214262008e-05 9.999999963448032991e-01 1.536621364770969037e-05 -5.717717912612202587e-03 2.840951218663739357e-05 -1.536382420881857085e-05 9.999999994784262158e-01 1.457989423348173171e-04
9.999999989249743759e-01 4.568150152703111212e-05 -7.953084581830409082e-06 -3.161651812008840941e-03 -4.568260694741676500e-05 9.999999892893756126e-01 -1.390480060549369754e-04 -9.819983936386221177e-04 7.946732574946979740e-06 1.390483692230937640e-04 9.999999903012002367e-01 4.694654569242260678e-04
9.999999952042150086e-01 7.958971994323970831e-05 5.707053988229816301e-05 1.855027470143302305e-03 -7.957712151483156346e-05 9.999999724750434638e-01 -2.207201713059258664e-04 -2.638999168338747835e-03 -5.708810536805409132e-05 2.207156287381122637e-04 9.999999740127794023e-01 1.883443296933196617e-03
9.999999912446774220e-01 8.529617310932543573e-05 1.011692047849118537e-04 2.672811083770718424e-03 -8.528213942562864981e-05 9.999999867430827694e-01 -1.387111783172007343e-04 -1.245353313846093903e-03 -1.011810349763980315e-04 1.387025491765115726e-04 9.999999852620004015e-01 1.481440617186114382e-03
9.999999963856026630e-01 7.587800890888950298e-05 3.835782083388896980e-05 8.758776809624519571e-04 -7.587678086705662009e-05 9.999999966088493064e-01 -3.201586381199344225e-05 -2.015244117496518394e-03 -3.836025000381136624e-05 3.201295322830943481e-05 9.999999987518309874e-01 6.828657968879197487e-04
9.999999961373258195e-01 7.120654489132336872e-05 -5.152646309729700855e-05 7.479313457310728585e-04 -7.120850382014818508e-05 9.999999967420252212e-01 -3.801708172714321981e-05 -2.441720368206025220e-04 5.152375586438845564e-05 3.802075070263991513e-05 9.999999979498624958e-01 -8.408198781665119758e-04
9.999999793578410179e-01 1.965770763071051101e-04 -5.139815869609830703e-05 5.815760946015001258e-03 -1.965777786964009787e-04 9.999999805852773926e-01 -1.366095621501910000e-05 -6.332984911905842340e-03 5.139547226738500757e-05 1.367105966889303455e-05 9.999999985858037954e-01 -1.874957696881750019e-03
9.999999951042618518e-01 9.842387265476107753e-05 -1.020870188146055270e-05 3.926839557137918810e-03 -9.842412851502493443e-05 9.999999948422062523e-01 -2.506548414440426601e-05 -6.513632610069930440e-03 1.020623478678671614e-05 2.506648880427616926e-05 9.999999996337519681e-01 6.021890180518338354e-05
9.999999999225577252e-01 -1.243331594434996464e-05 -5.451513269557065600e-07 2.776701065933821246e-03 1.243323084483103789e-05 9.999999877818878113e-01 -1.558256688288102941e-04 -7.606196830128617720e-03 5.470887500677747880e-07 1.558256620387505145e-04 9.999999878590317692e-01 1.737685158933434653e-03
9.999999896238569441e-01 1.397125717981263240e-04 3.510958899356108931e-05 4.419439018064270398e-03 -1.397092524752028132e-04 9.999999857730371700e-01 -9.452645206853352289e-05 -3.764234392747987760e-03 -3.512279502777972102e-05 9.452154595328053448e-05 9.999999949160333079e-01 1.902521137413435998e-03
9.999999839678500591e-01 1.778722851697352994e-04 -2.063370346242638238e-05 5.694871277111924340e-03 -1.778735163212346779e-04 9.999999823996229553e-01 -5.968053316330369930e-05 -7.597709380829739505e-03 2.062308758645151475e-05 5.968420239588603430e-05 9.999999980062421745e-01 1.391746109967850926e-03
9.999999725487429547e-01 2.326940677681260227e-04 -2.749516530473245407e-05 5.161250653672427857e-03 -2.326967984108798727e-04 9.999999679906763639e-01 -9.935213277267532098e-05 -5.117744549208620881e-03 2.747204577271449363e-05 9.935852808227256506e-05 9.999999946865847367e-01 -2.309796030075967352e-04
9.999999837925387380e-01 1.797880327014024656e-04 -9.549107341656520021e-06 2.970352515473674050e-03 -1.797888995230120736e-04 9.999999797109334621e-01 -9.085199153193223101e-05 -3.730877461766535230e-03 9.532773047089515054e-06 9.085370688295247405e-05 9.999999958273650957e-01 3.951253172532040361e-04
9.999999983613983012e-01 5.643393193428599411e-05 9.613254664326504741e-06 3.146428871826846118e-03 -5.643269792248480353e-05 9.999999901749714315e-01 -1.283176041816444372e-04 -7.910277017232529920e-03 -9.620496036816359410e-06 1.283170614694864543e-04 9.999999917210888878e-01 7.380237251017304810e-04
9.999999995041586320e-01 1.931175620303289957e-05 2.487445931013742900e-05 -7.368735026371539890e-04 -1.930896707540535377e-05 9.999999935277387175e-01 -1.121235310575827935e-04 -6.465803181457083736e-03 -2.487662445143984033e-05 1.121230507018714770e-04 9.999999934047875128e-01 1.060745941520737333e-03
9.999999977463427392e-01 6.579719598860870439e-05 1.334329139535161018e-05 5.242748178215916183e-04 -6.579552922805951783e-05 9.999999900384988205e-01 -1.248757402916637037e-04 -3.407186111771439742e-03 -1.335150773599059041e-05 1.248748620813175706e-04 9.999999921140030334e-01 -3.880226323026106806e-04
9.999999916156263602e-01 1.285707493011239663e-04 -1.543728002333034756e-05 4.866047848986077701e-03 -1.285720300881285235e-04 9.999999882905451498e-01 -8.299483458745652925e-05 -7.436016770295855033e-03 1.542660913449718391e-05 8.299681869402846695e-05 9.999999964367739524e-01 -1.007042892482616333e-03
9.999999825081801186e-01 1.865275067009789433e-04 1.382493048876476236e-05 5.472047126411416773e-03 -1.865269777485084688e-04 9.999999818722281608e-01 -3.825218789649710035e-05 -9.205571224339285930e-03 -1.383206532338376922e-05 3.824960850489507160e-05 9.999999991728206750e-01 -3.058803651372577967e-03
9.999999961641332646e-01 8.022389653382606749e-05 -3.515479902014755434e-05 1.098740921485331576e-03 -8.022400750463258600e-05 9.999999967770765164e-01 -3.155234462962129641e-06 -3.048927850267469167e-03 3.515454578164323705e-05 3.158054709719486535e-06 9.999999993770922746e-01 -1.573521744725817507e-03
9.999999989066949979e-01 -1.243346678618199949e-05 -4.507792059051387662e-05 -1.439202429722911264e-02 1.242998311078898190e-05 9.999999969365984676e-01 -7.728064756410771567e-05 4.156595334708789238e-03 4.507888131878681385e-05 7.728008716182478742e-05 9.999999959978412845e-01 -1.851141024837972115e-03
9.999999770744714134e-01 2.129460630723987210e-04 -2.247289414373541269e-05 -1.419813540076057118e-02 -2.129464811641165972e-04 9.999999771538524707e-01 -1.860351416035203490e-05 1.523515427455351956e-03 2.246893208521659856e-05 1.860829925758612091e-05 9.999999995744391912e-01 -2.473590931057718673e-03
9.999997775681598311e-01 6.565650616567131684e-04 1.174135881120400607e-04 5.146847522763226337e-03 -6.565701164140990472e-04 9.999997835325645790e-01 4.301751034869166345e-05 2.819875973639828816e-03 -1.173853189014873588e-04 -4.309459103344298961e-05 9.999999921817714910e-01 -2.328949262811747922e-03
9.999992932268894075e-01 1.188926288495503183e-03 4.773762787400457792e-08 3.328932339674062213e-02 -1.188926277584664544e-03 9.999992881112155230e-01 -1.011502277887214711e-04 -7.510992291727126152e-03 -1.679977587954420123e-07 1.011500995419401124e-04 9.999999948843145692e-01 -2.368008324410515383e-03
9.999962733040124174e-01 2.728425007226442135e-03 -9.526314545903416683e-05 5.247250328617230480e-02 -2.728437646219253679e-03 9.999962689894430490e-01 -1.327976063391364883e-04 -8.433153202393727302e-03 9.490046172119724860e-05 1.330570309951974672e-04 9.999999866448643360e-01 -1.536199731008666171e-04
9.999929031142166247e-01 3.766503941750258110e-03 -8.467146894035959624e-05 8.532703834915776608e-02 -3.766503220966924918e-03 9.999929066639963171e-01 8.670553205486021596e-06 -1.283893622663404184e-02 8.470352601000609254e-05 -8.351576311072379756e-06 9.999999963777819190e-01 -4.459438409229275063e-04
9.999874782191696676e-01 5.003544133028905126e-03 -8.916823689687563507e-05 1.190161551140062612e-01 -5.003544385165085116e-03 9.999874821900526234e-01 -2.604790029623166976e-06 -2.743515226723376721e-02 8.915408752396231464e-05 3.050914644073738935e-06 9.999999960211203298e-01 2.110506349021515089e-03
9.999691383196117611e-01 7.856098334038249045e-03 -6.424405788439271718e-05 1.701748567451074612e-01 -7.856110032242272570e-03 9.999691233791911937e-01 -1.839114277900811450e-04 -4.721272221555160992e-02 6.279724798350593787e-05 1.844104603620344682e-04 9.999999810246437137e-01 1.987501977778422056e-03
9.999305676672410881e-01 1.178305763363782406e-02 -1.392748051308648595e-04 2.282972510696121837e-01 -1.178312874998413591e-02 9.999304406259078570e-01 -5.213315058644522014e-04 -4.426523424295109033e-02 1.331222380827611377e-04 5.229364015623453286e-04 9.999998544079842233e-01 1.479411498178672280e-03
9.998771437016056307e-01 1.567461446857789861e-02 -6.296332430058515191e-05 2.999058610689593340e-01 -1.567462052309504320e-02 9.998771408990424492e-01 -9.684530595111047360e-05 -1.494713963087719241e-02 6.143757584929316424e-05 9.782033411058867808e-05 9.999999933283032494e-01 3.744162870770437190e-03
9.998132083461692687e-01 1.932705155712672457e-02 -1.161664654313883751e-04 3.709321915863031949e-01 -1.932701999610624000e-02 9.998131800715843731e-01 2.669329799319327431e-04 1.622967797714514049e-02 1.213037906860741104e-04 -2.646379674788799084e-04 9.999999576260674150e-01 6.072272878794275283e-03
9.997306397503630260e-01 2.320853714665382234e-02 -1.083874638366717937e-04 4.639745211387574231e-01 -2.320847727890525125e-02 9.997305095250007545e-01 5.243160085916072832e-04 1.390540953753423292e-02 1.205268620095420793e-04 -5.216592707088727994e-04 9.999998566724301874e-01 4.733680752927672125e-03
9.996266053393308981e-01 2.732465364266643132e-02 -1.148959259958250796e-04 5.558220059290444048e-01 -2.732461686115108396e-02 9.996265647678763688e-01 3.103607031722778139e-04 -1.369243852509851624e-02 1.233335185275076539e-04 -3.071053289860886507e-04 9.999999452375785136e-01 4.082882569681404832e-03
9.994684867930765382e-01 3.259975143945247067e-02 1.066037511354931216e-05 6.532805008764323018e-01 -3.259975257447937647e-02 9.994684778700655414e-01 1.337018211984772602e-04 -3.465619374901957733e-02 -6.296062750190583613e-06 -1.339782825057733967e-04 9.999999910050896279e-01 1.087611655186102554e-02
9.992726269083581636e-01 3.813088214914760188e-02 5.029296143759033914e-04 7.755527631520429122e-01 -3.813096966721170322e-02 9.992727364102975685e-01 1.655877838393530425e-04 -4.975896674192434310e-02 -4.962498437082678944e-04 -1.846445336115937435e-04 9.999998598212346268e-01 1.260073224139527867e-02
9.990833380014763065e-01 4.280318162203332333e-02 6.094020504279015369e-04 8.961823231016827762e-01 -4.280311011955177658e-02 9.990835184757462795e-01 -1.299007951167408534e-04 -5.813109502141081825e-02 -6.144037120340703961e-04 1.036974169227332284e-04 9.999998058774433041e-01 1.236715429165880474e-02
9.989280061164593771e-01 4.628870843035932242e-02 4.405315473107233003e-04 9.698276203264181161e-01 -4.628864555674044173e-02 9.989280946235917780e-01 -1.518690318593817292e-04 -7.909972341758940428e-02 -4.470891605120233927e-04 1.313146205361007449e-04 9.999998914338705802e-01 1.604262301860384307e-02
9.987907994126409283e-01 4.916234695729850696e-02 5.148114069130306020e-05 1.069798909523252961e+00 -4.916232107101271148e-02 9.987907135936753278e-01 -4.202688990328318588e-04 -1.007878981018423131e-01 -7.208029067729690366e-05 4.172297772655048065e-04 9.999999103618683050e-01 1.672579418549957619e-02
9.987053993098899962e-01 5.086755195284341918e-02 -1.324673470575134151e-04 1.206221543398241725e+00 -5.086763133516605112e-02 9.987051673886645498e-01 -6.875416563649691670e-04 -9.179103295735313583e-02 9.732226309171716837e-05 6.933898646362287015e-04 9.999997548694062877e-01 2.026298820936046213e-02
9.986166176717479193e-01 5.258184790434596717e-02 1.344626943563908604e-05 1.333329412834940886e+00 -5.258184050448482666e-02 9.986165624383837036e-01 -3.335759382794380493e-04 -9.638557414513340693e-02 -3.096770661259711909e-05 3.324074456264470971e-04 9.999999442731440924e-01 2.153844886172443310e-02
9.985359898797071532e-01 5.409015830815604164e-02 3.628899997643479430e-04 1.446328499520639577e+00 -5.409020946496477522e-02 9.985360442371782330e-01 1.326619924992503835e-04 -1.094073143403837545e-01 -3.551830366821626421e-04 -1.520965700996478845e-04 9.999999253558191636e-01 2.009977453105176240e-02
9.984853156270396823e-01 5.501669043003934445e-02 4.881099222284608868e-04 1.569712679560224755e+00 -5.501687956968263904e-02 9.984853510905935536e-01 3.829097925510581099e-04 -1.145977513479156246e-01 -4.663041775476749261e-04 -4.091840898800379735e-04 9.999998075643787843e-01 2.039602482019056695e-02
9.984948034384774074e-01 5.484626873660569668e-02 1.196328897236260009e-04 1.706008656646978761e+00 -5.484621714009187132e-02 9.984947338276618511e-01 -3.987277874925256494e-04 -1.200555878005011151e-01 -1.413215417671932522e-04 3.915662123509297391e-04 9.999999133520578454e-01 2.148462717370841490e-02
9.985274139030069218e-01 5.424875163830528146e-02 -2.768209866639276934e-04 1.846429688697366567e+00 -5.424874599154837218e-02 9.985274521922220536e-01 2.787210530516879376e-05 -1.262942670610860407e-01 2.779253814452056011e-04 -1.281386983974126035e-05 9.999999612966428142e-01 3.168975856485566761e-02
9.985118815782896284e-01 5.453002997895670806e-02 -7.058168868744583730e-04 2.003882730859548378e+00 -5.452964319494583295e-02 9.985119972960517787e-01 5.561194848212499793e-04 -1.181813987573062663e-01 7.350918416174816519e-04 -5.168039701689838101e-04 9.999995962767389557e-01 3.130265750175320605e-02
9.984451152192642676e-01 5.572807217619375059e-02 -1.316763575986217580e-03 2.141865300490222168e+00 -5.572772959300149181e-02 9.984459589033457538e-01 2.954724821888971204e-04 -1.327006424073953750e-01 1.331183383088059427e-03 -2.216328120227417805e-04 9.999990894144340503e-01 1.330837150693562829e-02
9.984123555713103615e-01 5.629466061705977464e-02 -1.918183661029313706e-03 2.269086243188426444e+00 -5.629534618715938132e-02 9.984141128865279269e-01 -3.052649264934640576e-04 -1.504993896040564272e-01 1.897956852844773223e-03 4.127650875818403764e-04 9.999981136906045398e-01 1.042914526318163351e-02
9.984248899422816237e-01 5.604616730305342354e-02 -2.562474269326922224e-03 2.383786705096239800e+00 -5.605011698170761503e-02 9.984268351938351271e-01 -1.496379350029265060e-03 -1.647612174443890687e-01 2.474576747589139931e-03 1.637649370423261645e-03 9.999955972775379509e-01 2.790767059142755871e-02
9.984433344782942532e-01 5.571240703562665986e-02 -2.652458889720803441e-03 2.526111590341818314e+00 -5.571895627375161864e-02 9.984434549835492501e-01 -2.462744866387023106e-03 -1.595862020265383097e-01 2.511124773633614197e-03 2.606703437259038150e-03 9.999934496533271489e-01 3.600250586979649586e-02
9.984601122497246406e-01 5.542284379696026109e-02 -2.390111236955745275e-03 2.700491299172036452e+00 -5.542862681081538179e-02 9.984597065161704421e-01 -2.425240917954989313e-03 -1.627459367398812473e-01 2.252016015626018622e-03 2.553986902963520204e-03 9.999942027705784886e-01 2.850084597176603951e-02
9.984966013907947691e-01 5.477954768690786874e-02 -1.933433797712643364e-03 2.834814594087563755e+00 -5.478279046117488088e-02 9.984969053843401054e-01 -1.666075383385492124e-03 -1.926355976958682992e-01 1.839260807867417608e-03 1.769489506581924804e-03 9.999967430079793607e-01 2.364269011542687385e-02
9.985154813332302037e-01 5.444130949131626568e-02 -1.725502459644833765e-03 2.972835173569986278e+00 -5.444462978671408410e-02 9.985149075744741420e-01 -1.939494502962805459e-03 -1.998862798883231096e-01 1.617351308519284284e-03 2.030559629780487232e-03 9.999966304954905905e-01 8.877574677102810508e-03
9.985301711933093349e-01 5.414092274884765160e-02 -2.501539638625475959e-03 3.097099674455593643e+00 -5.414964719468715743e-02 9.985264766380514967e-01 -3.562465647512663616e-03 -2.037895324479027104e-01 2.304978384109714583e-03 3.692686921756198424e-03 9.999905255240905122e-01 3.088162523815341648e-02
9.985003492699073835e-01 5.464496174301955445e-02 -3.313708493037141774e-03 3.222041378307960446e+00 -5.465955202969294269e-02 9.984949765005153299e-01 -4.485005590697484223e-03 -1.972033599375408175e-01 3.063638324963786387e-03 4.659405470575325378e-03 9.999844519095657525e-01 4.959535998653061273e-02
9.984884026151042979e-01 5.486629256012107853e-02 -3.255730923232925955e-03 3.353380131391368035e+00 -5.487434185712771612e-02 9.984902948938948475e-01 -2.436720839548617984e-03 -1.893230173374259584e-01 3.117121891163998973e-03 2.611693590376141204e-03 9.999917312696668947e-01 4.928433299357376507e-02
9.984362971620802663e-01 5.580665298399450219e-02 -3.252382511057951443e-03 3.484198835114292958e+00 -5.580755291190826056e-02 9.984415267021505835e-01 -1.865332764197075014e-04 -2.226082397954845804e-01 3.236903961932953173e-03 3.677491028816352371e-04 9.999946935925903002e-01 3.724087718933850183e-02
9.983854131794992481e-01 5.668761696759272439e-02 -3.616743415836980689e-03 3.608471964097853313e+00 -5.668927793317511676e-02 9.983918055459333196e-01 -3.583101260792344311e-04 -2.337115637795530998e-01 3.590615241951060008e-03 5.627621759853786848e-04 9.999933953686481747e-01 2.145593324838188792e-02
9.983944520505217968e-01 5.652616166956084265e-02 -3.648446470087124676e-03 3.763848088425060467e+00 -5.653597260832479710e-02 9.983970609387732287e-01 -2.644335464797563980e-03 -2.386733847126404073e-01 3.493124098735726855e-03 2.846358327110110487e-03 9.999898481126218153e-01 3.280043410254254027e-02
9.983067250346430166e-01 5.775375888797670137e-02 -6.941619761642409299e-03 3.897837257423213853e+00 -5.778175575336823994e-02 9.983216110674844046e-01 -3.902509151889744024e-03 -2.646661938096643851e-01 6.704584451244373876e-03 4.297000108440748173e-03 9.999682916659928811e-01 2.161256878448544055e-02
9.980560566575296111e-01 6.168964698982554867e-02 -8.859753015339427371e-03 4.012300226194084551e+00 -6.171873032979947188e-02 9.980889298637214413e-01 -3.047361148404132900e-03 -2.530966420507799186e-01 8.654830772441448120e-03 3.588249958129951199e-03 9.999561082200250084e-01 1.246316640844124558e-02
9.975967329457465782e-01 6.873240041423413216e-02 -8.753030861948703570e-03 4.141491745266491442e+00 -6.874197664607649416e-02 9.976341536455596293e-01 -7.975755126034433278e-04 -2.099686535591601400e-01 8.677503256300808307e-03 1.397359368745188825e-03 9.999613734160092138e-01 7.024169324665348671e-03
9.968284042558575031e-01 7.919733604611955968e-02 -7.804769818434680734e-03 4.293878899607968869e+00 -7.920786436873872294e-02 9.968575697592365614e-01 -1.048730590947541223e-03 -2.473929455049173609e-01 7.697187204701916308e-03 1.663603590676339481e-03 9.999689923853783968e-01 1.282271626043066971e-02
9.958280968140209577e-01 9.102681281568766880e-02 -6.365606364104730956e-03 4.421973829546017143e+00 -9.103832455312915739e-02 9.958461956919072433e-01 -1.542072798154458992e-03 -2.905297081300863837e-01 6.198794909020119252e-03 2.115153557887657337e-03 9.999785503035064638e-01 3.307901659399434952e-02
9.945018706291149924e-01 1.045479564082939100e-01 -5.979475398444132443e-03 4.537274035434274211e+00 -1.045554371769898266e-01 9.945186046497217491e-01 -9.516103714343935281e-04 -3.320377804175378422e-01 5.847210610167594656e-03 1.571564958874952650e-03 9.999816699878355530e-01 3.745729127274331771e-02
9.927342800360472452e-01 1.201341555747451884e-01 -6.814242852570132417e-03 4.649619122616170941e+00 -1.201431819260568301e-01 9.927561390475444503e-01 -9.296343878327259329e-04 -3.513491656607265479e-01 6.653200582674319991e-03 1.741564743426538345e-03 9.999763506574799177e-01 3.547977270494161173e-02
9.904068195908233285e-01 1.379610390363268657e-01 -7.815588014187175789e-03 4.766668500593770119e+00 -1.379770033054955325e-01 9.904342370310259547e-01 -1.539050228148577861e-03 -3.865466987743509386e-01 7.528496983175832387e-03 2.602657254919058926e-03 9.999682734509068860e-01 3.366361457529832429e-02
9.873102625078196137e-01 1.586233672269214412e-01 -7.554661894053688563e-03 4.879929626217625938e+00 -1.586429195625925215e-01 9.873338759866967518e-01 -2.059466373325800643e-03 -4.267307481093284838e-01 7.132294118797473555e-03 3.231825904855265604e-03 9.999693423710167561e-01 3.491643776907127350e-02
9.832676317697185420e-01 1.820178800824343024e-01 -7.365843079086162488e-03 5.015757397300374620e+00 -1.820388506828199970e-01 9.832886981611960175e-01 -2.278795852711592001e-03 -4.485940111477085268e-01 6.827968661843081440e-03 3.581535809809232532e-03 9.999702752808184991e-01 5.026349785912537227e-02
9.785935078718944746e-01 2.056732494136714051e-01 -7.298001548507080175e-03 5.147228366878562333e+00 -2.056945698765844377e-01 9.786135505698332349e-01 -2.294027983982334980e-03 -5.077286336144765100e-01 6.670103017737114004e-03 3.746080181480374287e-03 9.999707378763673660e-01 4.972448552990833132e-02
9.735206691481361752e-01 2.284712143237189186e-01 -7.642706772506174459e-03 5.234799801239306660e+00 -2.284932637069498340e-01 9.735431491906366697e-01 -2.136610522318277763e-03 -5.591035641033158532e-01 6.952350819075376470e-03 3.826341519401382611e-03 9.999685114685689102e-01 4.133815687473514633e-02
9.676166388590911049e-01 2.523135079111358814e-01 -7.478898890367676605e-03 5.323881034972006709e+00 -2.523348189585956081e-01 9.676378289584136594e-01 -2.042329498547773656e-03 -6.167770366630275225e-01 6.721558165185886544e-03 3.863378602338138779e-03 9.999699470292129355e-01 4.841087773271578187e-02
9.603775502670375275e-01 2.785956298047018165e-01 -7.709474483084541134e-03 5.444870980825026408e+00 -2.786207073846674320e-01 9.603982830569016693e-01 -2.374724788882654446e-03 -6.686877746018075053e-01 6.742578108653787296e-03 4.428651609346590141e-03 9.999674618133190807e-01 5.602589245513563826e-02
9.519810661060795764e-01 3.060533609806828648e-01 -7.961784219628478126e-03 5.560484062823633167e+00 -3.060829423435781904e-01 9.520007938023177241e-01 -2.778669835505637002e-03 -7.557964237720243839e-01 6.729203654956937217e-03 5.082207412610014775e-03 9.999644438608731312e-01 5.380954746123887966e-02
9.423523952398071835e-01 3.345229528712458378e-01 -8.145992149544990443e-03 5.701082038807251173e+00 -3.345544254021163844e-01 9.423721867858504408e-01 -2.828076433529506679e-03 -8.101786928629229889e-01 6.730499956017211606e-03 5.390322323978957719e-03 9.999628217066800495e-01 4.873010377091702150e-02
9.315133397435804152e-01 3.636182920286093467e-01 -8.039625734942497381e-03 5.822716292374259694e+00 -3.636480177857405738e-01 9.315329148972114615e-01 -2.558832469380396130e-03 -8.720820174644668965e-01 6.558737703450171624e-03 5.307180541647912170e-03 9.999644077638142337e-01 4.819568027073446725e-02
9.195618339088087456e-01 3.928637281659992930e-01 -8.007790567951037636e-03 5.913085243978624561e+00 -3.928938893779115316e-01 9.195802511392685563e-01 -2.559961745264800314e-03 -9.471057585801669898e-01 6.358089946340013225e-03 5.500255098778132276e-03 9.999646603185947669e-01 5.118957891423360496e-02
9.063826897511910730e-01 4.223757637117291353e-01 -8.314682695669664558e-03 6.020143927268235551e+00 -4.224111628946515262e-01 9.063993183929055508e-01 -3.014146457041002366e-03 -1.047027274882302850e+00 6.263320316276574547e-03 6.244184959614705252e-03 9.999608897215960246e-01 5.272858437861570324e-02
8.918099673419185303e-01 4.523253574017929712e-01 -8.760890419727150949e-03 6.122654211195379226e+00 -4.523692535051722641e-01 8.918225608326912912e-01 -3.818176658287060661e-03 -1.156242811022582639e+00 6.086101607712781150e-03 7.368245460145244653e-03 9.999543331202979113e-01 5.398565105905331341e-02
8.757702110790077654e-01 4.826483752679973094e-01 -8.779706019712771314e-03 6.236166486812029675e+00 -4.826920341916822732e-01 8.757824071211010031e-01 -3.684495225405465431e-03 -1.245691122808626705e+00 5.910796437535030187e-03 7.464665319533055933e-03 9.999546696011482050e-01 5.613862594460680006e-02
8.578719289108689416e-01 5.137945809457146185e-01 -8.419155394853579735e-03 6.351724743065504164e+00 -5.138342810231316671e-01 8.578827972350524522e-01 -3.381989592405649885e-03 -1.310986758328741786e+00 5.485000655100743909e-03 7.227364594330127658e-03 9.999588391373087637e-01 6.575078516080970492e-02
8.391469243920803844e-01 5.438440805911861631e-01 -8.127440509744504951e-03 6.457848602334156141e+00 -5.438792159035892304e-01 8.391587082838978251e-01 -2.839158219824519311e-03 -1.387757351088239277e+00 5.276153088098048394e-03 6.802816859771148097e-03 9.999629412590065325e-01 5.768553343739254297e-02
8.193496691993172876e-01 5.732362632436371896e-01 -8.142854870417140858e-03 6.541843862935658116e+00 -5.732716147608694079e-01 8.193606737666894180e-01 -2.782443900990546389e-03 -1.482487472881374613e+00 5.076937308520487052e-03 6.947862050169706025e-03 9.999629752748334655e-01 5.556094094530454608e-02
7.976237172563188649e-01 6.031067929922984128e-01 -7.655188877937499012e-03 6.638086296929387231e+00 -6.031402768669975600e-01 7.976293088833841249e-01 -3.048283290047062478e-03 -1.624680796653045656e+00 4.267562654888760326e-03 7.048535788366043324e-03 9.999660524498953373e-01 5.731936286592521218e-02
7.750108332020428925e-01 6.319085679217372187e-01 -7.054800250509618217e-03 6.727724042084463285e+00 -6.319397165984764753e-01 7.750094222190783144e-01 -3.548247044342567845e-03 -1.761133051792342474e+00 3.225368957595419351e-03 7.208138369208528552e-03 9.999688193820533977e-01 6.065342126466052169e-02
7.528544351920873900e-01 6.581439640845542227e-01 -7.531397657269313199e-03 6.824934134096471539e+00 -6.581807619005431986e-01 7.528479865310246932e-01 -4.241914685887976030e-03 -1.878288675464492963e+00 2.878207015360879049e-03 8.150565333214697394e-03 9.999626414067306346e-01 5.925091944070733085e-02
7.310585405165516137e-01 6.822631203135633982e-01 -8.393151840017707907e-03 6.917633363907503607e+00 -6.823089771282802030e-01 7.310476258284119844e-01 -4.881444540497345205e-03 -2.002954096703986497e+00 2.805364142024986684e-03 9.295344568233304683e-03 9.999528621397052452e-01 6.353111492932940474e-02
7.094355877672970934e-01 7.047113079962967763e-01 -9.116972711292277778e-03 6.954201458583963991e+00 -7.047652279878349191e-01 7.094201196101015405e-01 -5.391410914065353915e-03 -2.126043890092335076e+00 2.668375634130495250e-03 1.025018412214774577e-02 9.999439051751539687e-01 6.795025957663555771e-02
6.875599208138500895e-01 7.260674769879112977e-01 -9.347414126981220747e-03 6.982577672665268409e+00 -7.261274305666102213e-01 6.875126161466973418e-01 -8.084381105362822492e-03 -2.226038299238827012e+00 5.566589484679324712e-04 1.234591023509915529e-02 9.999236313995594205e-01 7.549056222170380526e-02
6.677806684966531847e-01 7.442974499765979690e-01 -9.501828271288412231e-03 7.025108187731398779e+00 -7.443572796525359525e-01 6.677065905932325629e-01 -1.000745255486653988e-02 -2.326672551156332425e+00 -1.104088057924577058e-03 1.375553840077911767e-02 9.999047785428695212e-01 7.429851220181639404e-02
6.493960782967446166e-01 7.603958315572992843e-01 -9.105648965986487889e-03 7.085334312332200568e+00 -7.604488115235646939e-01 6.493241301688015277e-01 -9.786676296241554954e-03 -2.417889005509201716e+00 -1.529230266001081751e-03 1.327980914067417549e-02 9.999106500702854561e-01 5.853424483038262294e-02
6.304613693040992395e-01 7.761575531108021453e-01 -9.895178838838603746e-03 7.144598375954506864e+00 -7.762203557668002629e-01 6.303992617792582021e-01 -8.872995065274337859e-03 -2.487062947632297405e+00 -6.489287034499580109e-04 1.327491985734078998e-02 9.999116737964003354e-01 4.531335720056944849e-02
6.119937220194351379e-01 7.907979684884310911e-01 -1.011223236327553343e-02 7.198048185666448440e+00 -7.908622906168635280e-01 6.119317620623074827e-01 -8.738183997101550693e-03 -2.567488793884522558e+00 -7.221419847433336800e-04 1.334509699814690961e-02 9.999106894603456697e-01 5.044020681528083028e-02
5.957162998279542654e-01 8.031360033555622335e-01 -9.728835148431157903e-03 7.221064662984935545e+00 -8.031929534879928001e-01 5.956442856059127600e-01 -9.432099037699263194e-03 -2.654736764176174990e+00 -1.780333262626657663e-03 1.343298697521522894e-02 9.999081884225159422e-01 6.440526742785192271e-02
5.813502868740112461e-01 8.135992151096465008e-01 -9.389415555410032116e-03 7.230354272941182714e+00 -8.136497023765261183e-01 5.812741831952686899e-01 -9.720379275712802761e-03 -2.712533768432633163e+00 -2.450668091636092408e-03 1.329064045260872941e-02 9.999086723807650845e-01 6.544208446618193786e-02
5.670508055869016850e-01 8.236352261951889187e-01 -8.854267538654788175e-03 7.249863426820389201e+00 -8.236783199881068107e-01 5.669794226661977188e-01 -9.399970993324270607e-03 -2.760563920792989290e+00 -2.721959738116300643e-03 1.262332933522244266e-02 9.999166177695411051e-01 6.532008823297071054e-02
5.518307444958101549e-01 8.339113364501986592e-01 -8.643631704544931654e-03 7.296299504385032719e+00 -8.339519538139852362e-01 5.517655319625369703e-01 -8.884619740632803200e-03 -2.807752014847475941e+00 -2.639727076216429567e-03 1.211117987408932319e-02 9.999231726302878487e-01 6.985131638400456089e-02
5.350140189057273066e-01 8.448011900781567940e-01 -8.423112065738157933e-03 7.337312331038444491e+00 -8.448384881053049300e-01 5.349512271802303598e-01 -8.666807619197502630e-03 -2.866187860598696791e+00 -2.815775254633255849e-03 1.175303283818941204e-02 9.999269661474381454e-01 7.002065591357704843e-02
5.170578745603309212e-01 8.559113621173274344e-01 -8.178909072407352515e-03 7.355720937049334829e+00 -8.559443635622053792e-01 5.169945966503157742e-01 -8.708244396474508139e-03 -2.949871395749226188e+00 -3.225033526108229444e-03 1.150335745940788031e-02 9.999286334163636214e-01 6.589933179962267906e-02
5.000267017432884487e-01 8.659793125613135523e-01 -7.288879170602768735e-03 7.370794593338427347e+00 -8.660001401959682710e-01 4.999631690580954579e-01 -8.977013197595936841e-03 -3.004871438713562881e+00 -4.129736588691863657e-03 1.080091668431333758e-02 9.999331405021469887e-01 6.852351996530611777e-02
4.839308163530606777e-01 8.750844404252831055e-01 -6.179571945481912403e-03 7.392409839095905433e+00 -8.750924955820913453e-01 4.838715347577438042e-01 -9.025631672790622798e-03 -3.056533506092399044e+00 -4.908070880462462975e-03 9.775478338916452833e-03 9.999401736421422715e-01 8.064279075122190998e-02
4.660071377874697163e-01 8.847648947929992458e-01 -5.331835806083456974e-03 7.429507556619305397e+00 -8.847646068409876774e-01 4.659534245768892635e-01 -8.888003520557593781e-03 -3.151613497543787723e+00 -5.379406346659683369e-03 8.859292691970130015e-03 9.999462860175818424e-01 8.842862762236307350e-02
4.497185109134185232e-01 8.931629051714176093e-01 -3.644964687165636562e-03 7.449585606580837904e+00 -8.931490706022864323e-01 4.496758906204042505e-01 -8.736765821408511157e-03 -3.263950630117803176e+00 -6.164302400870441852e-03 7.184582138123227386e-03 9.999551905737632529e-01 8.778230682954527020e-02
4.337729902185030184e-01 9.010221264197576518e-01 -3.473599240364838234e-04 7.459003314247749650e+00 -9.009926921708798497e-01 4.337556357563127074e-01 -8.259364643080975565e-03 -3.358901170586650498e+00 -7.291200968898272662e-03 3.895658051644117995e-03 9.999658305346117437e-01 7.207307637536677913e-02
4.176361886320202332e-01 9.086084892361140364e-01 3.259943708999772909e-03 7.506200480404236153e+00 -9.085679674162508990e-01 4.176484339482584573e-01 -8.604313201500651820e-03 -3.428644477619633424e+00 -9.179462403753091068e-03 6.315921416935894178e-04 9.999576683846894687e-01 7.703593353233130492e-02
4.014649530950211709e-01 9.158559073140541962e-01 5.817944169845058397e-03 7.559795354233962428e+00 -9.158084031451527718e-01 4.015041804180825569e-01 -9.453138924690322395e-03 -3.517905515528617855e+00 -1.099364203246985632e-02 -1.533018184771932704e-03 9.999383929473391053e-01 8.922963653780080495e-02
3.854911028092365965e-01 9.226641182805119801e-01 9.355986990389527497e-03 7.581985208902595197e+00 -9.226139106923438860e-01 3.855780017298698903e-01 -1.063843874731891515e-02 -3.623744722324858447e+00 -1.342316847464129423e-02 -4.530940260717487324e-03 9.998996395281154470e-01 1.062048772760310622e-01
3.702952216884533021e-01 9.288112734569037299e-01 1.382270212599976886e-02 7.602716668742260708e+00 -9.287805223630730689e-01 3.704533383597617968e-01 -1.144837879724599009e-02 -3.751182519384082426e+00 -1.575404943741625513e-02 -8.598976536355627809e-03 9.998389207911695387e-01 1.046945904154377716e-01
3.550874503770033996e-01 9.347043231292861964e-01 1.551550541176550078e-02 7.628613284118801907e+00 -9.346534994260458085e-01 3.552956453315653240e-01 -1.370548864775178975e-02 -3.852422431238856415e+00 -1.832317099757156675e-02 -9.634974408369223128e-03 9.997856913722779071e-01 8.556014882544349387e-02
3.394674733264874122e-01 9.404944207650695054e-01 1.523414136428842547e-02 7.674520838824546054e+00 -9.403996191413163119e-01 3.396930306455152593e-01 -1.603749512025833338e-02 -3.959191679948422138e+00 -2.025810633296732527e-02 -8.881972789961840864e-03 9.997553299118542292e-01 8.357411759598329382e-02
