1.000000000000000000e+00 0.000000000000000000e+00 0.000000000000000000e+00 0.000000000000000000e+00 0.000000000000000000e+00 1.000000000000000000e+00 0.000000000000000000e+00 0.000000000000000000e+00 0.000000000000000000e+00 0.000000000000000000e+00 1.000000000000000000e+00 0.000000000000000000e+00
9.999999977135861640e-01 -9.528374236986533090e-05 6.221493121158014751e-05 8.824555018850427281e-05 9.528415621559981367e-05 9.999999980423408541e-01 -3.814259918715287188e-05 -4.361631821750119376e-04 -6.221388008381708418e-05 3.814454232597968989e-05 9.999999995326197544e-01 -1.326840917271992603e-05
9.999999491556522679e-01 -3.133005979192979209e-04 1.108622142127614987e-04 7.187684279203576231e-04 3.132990506270446132e-04 9.999999545081420527e-01 -4.067644343403665672e-06 5.854147690649055390e-04 -1.108632573291656924e-04 4.098444020665402430e-06 9.999999961523848846e-01 1.776650022503602720e-04
9.999998832117855674e-01 -4.916282166035629156e-04 7.506538692418662003e-05 5.292392745180878738e-04 4.916258297037840678e-04 9.999998827418004055e-01 4.450414287486110129e-06 8.846619807743530276e-04 -7.506989214691891751e-05 -4.417413038108486620e-06 1.000000001981052877e+00 3.190309825220739810e-05
9.999998591608302290e-01 -5.444476540827350095e-04 -1.866029393919077132e-05 5.293339008155449827e-04 5.444437870858378353e-04 9.999998484430080437e-01 -1.232356678631370760e-04 6.424391133319224800e-04 1.872568463215941358e-05 1.232209497787326339e-04 9.999999975540208030e-01 -1.545202680050560863e-04
9.999993970383060926e-01 -1.036619740846671245e-03 -3.936465122559135144e-04 7.132129804832383103e-03 1.036492247354263126e-03 9.999994167280699120e-01 -3.267111557871834292e-04 3.295548604179712911e-03 3.939805770393379624e-04 3.263026054558722808e-04 9.999998774289410308e-01 -6.297784395373005450e-04
9.999975611897858885e-01 -2.082359049986092728e-03 -7.531877745060949975e-04 1.801183276295550972e-02 2.082017784124594057e-03 9.999977374399143804e-01 -4.550939188347120933e-04 6.983785721185510782e-03 7.541290511485102075e-04 4.535246734714216054e-04 9.999996211362902621e-01 1.765749349006852495e-04
9.999941013860669248e-01 -3.335215355493417570e-03 -8.379211615918260095e-04 3.365661298221673398e-02 3.334887571715025503e-03 9.999943710423403465e-01 -3.939738927156867911e-04 9.191455902107377798e-03 8.392262176882576020e-04 3.911759902358250950e-04 9.999995801579691923e-01 9.592608945189047770e-04
9.999871335813682593e-01 -5.004495713965678542e-03 -8.492799699650641987e-04 6.183068019469417642e-02 5.004319359125904490e-03 9.999874675279682990e-01 -2.118826438069949542e-04 1.035490090226320360e-02 8.503266695432721602e-04 2.076270210929219743e-04 9.999996263437781474e-01 5.364854787501045124e-04
9.999709126175079232e-01 -7.582687088487582126e-03 -8.435217670968483527e-04 9.793080800033941713e-02 7.582593440526783773e-03 9.999712569953750352e-01 -1.164184336980395945e-04 1.509711939079095080e-02 8.443772799775938398e-04 1.100156054953513367e-04 9.999996470913634639e-01 -1.825134782805620630e-03
9.999390116817685747e-01 -1.101830108728489056e-02 -7.787237885285665977e-04 1.363523849941544186e-01 1.101819668408566752e-02 9.999393008940631322e-01 -1.405625958771711194e-04 1.953931183904535768e-02 7.802217874107724317e-04 1.319703323531084388e-04 9.999996966436111023e-01 -8.838021575810093775e-04
9.998870216481382522e-01 -1.502665189047895471e-02 -4.272604178912789799e-04 1.800501162214594997e-01 1.502663230360819571e-02 9.998871063584661156e-01 -5.341847787027009743e-05 2.334228454535201142e-02 4.280115675869542217e-04 4.698777386362204393e-05 9.999999172192349794e-01 1.492476548174415975e-03
9.998094334898607327e-01 -1.952268014093097234e-02 -3.981679407886527084e-05 2.330988700396394997e-01 1.952268466464046615e-02 9.998094264598719194e-01 6.531784458355437758e-05 2.827242384943243550e-02 3.853081691166429626e-05 -6.608758622646360528e-05 1.000000007187372475e+00 3.147171458823637327e-03
9.996969912511669554e-01 -2.461088809734706187e-02 5.209865738351573180e-04 2.934160189446382572e-01 2.461076824605231209e-02 9.996970957507219646e-01 2.384873705650253427e-04 3.494013815105973669e-02 -5.267017370359886345e-04 -2.255987310707386457e-04 9.999998462180720304e-01 2.188391876775485582e-03
9.995490604971369875e-01 -3.001075975545567862e-02 1.040227465010202992e-03 3.564784213940948576e-01 3.001061189371878948e-02 9.995495866388779405e-01 1.586968974238636015e-04 4.118394257800166158e-02 -1.044525974221075914e-03 -1.274173748112169787e-04 9.999994580302308256e-01 -3.342678948156725303e-04
9.993492948459223868e-01 -3.603867243447317348e-02 1.501619803032861388e-03 4.233781139897334067e-01 3.603923092089137553e-02 9.993503363961612207e-01 -3.456137946381122416e-04 4.867802055940836925e-02 -1.488194178732872228e-03 3.994964610108747640e-04 9.999988248602404983e-01 1.976115755227067592e-03
9.990925787883633280e-01 -4.253795924474043644e-02 2.144522082637962280e-03 4.944907849116295662e-01 4.253956345466070044e-02 9.990945541094699012e-01 -7.080744693462527779e-04 5.644250124635304816e-02 -2.112467325868488260e-03 7.986474652269447356e-04 9.999974632394909024e-01 5.896575078250712587e-03
9.987747441789256442e-01 -4.938803031250790093e-02 3.145824071312438349e-03 5.731936247999578349e-01 4.939024521666509487e-02 9.987793813660866826e-01 -6.299689793233113119e-04 6.677845004596053013e-02 -3.110877796632293291e-03 7.845562589307630624e-04 9.999948689525858248e-01 7.171786146343797630e-03
9.983934068647971616e-01 -5.654772134008410889e-02 3.608983015943795832e-03 6.589759072041310173e-01 5.654886150006060985e-02 9.983998334459824875e-01 -2.143156404234251714e-04 7.882355393250049802e-02 -3.591095073912272447e-03 4.180412496686232503e-04 9.999934803082455304e-01 4.847271207200062014e-03
9.979466188422423389e-01 -6.396938664382083306e-02 3.245201166432892283e-03 7.494102709478530633e-01 6.396984169909267215e-02 9.979518558783450066e-01 -3.615048905681952115e-05 9.270765837557873312e-02 -3.236248292882148384e-03 2.436589840931362486e-04 9.999947504137832732e-01 -2.036582975788162238e-04
9.974288101743618018e-01 -7.160578781635038026e-02 2.906967094045632711e-03 8.472985597151144743e-01 7.160570393530429900e-02 9.974330326916784895e-01 1.332804459074894243e-04 1.083679108295833166e-01 -2.909054769950202447e-03 7.520659939284297436e-05 9.999957837713441267e-01 -1.130928401117494916e-03
9.968321294376576436e-01 -7.945327621735817636e-02 3.599329306467479068e-03 9.515891743543384296e-01 7.945084090806149579e-02 9.968384773701253199e-01 8.152956325668975776e-04 1.235661200801830839e-01 -3.652733392696961342e-03 -5.267550032552970269e-04 9.999932090897363235e-01 -2.017425369174072596e-03
9.961484221697364250e-01 -8.749767899971006013e-02 5.706008734096221571e-03 1.058621885795972606e+00 8.748906979503981440e-02 9.961639820638947818e-01 1.742737605975788490e-03 1.402240689573419075e-01 -5.836610395134785891e-03 -1.236826288614565738e-03 9.999822260511229688e-01 -2.916651780920668981e-03
9.954202530431270901e-01 -9.527834690491125691e-02 7.787300678023198822e-03 1.169681433346575483e+00 9.526392828463385587e-02 9.954496384194276848e-01 2.203438269261275874e-03 1.548145561062660158e-01 -7.961810231838310423e-03 -1.451513315869727054e-03 9.999672769555664198e-01 -3.858112155118518637e-03
9.946614613983563169e-01 -1.028385278313133644e-01 8.538158712565163677e-03 1.289395993150430408e+00 1.028265471159327538e-01 9.946976431824939846e-01 1.832323802394383860e-03 1.714747545446635157e-01 -8.681324496483915423e-03 -9.446075974411783207e-04 9.999618984930950250e-01 4.912098503120795835e-04
9.937305763785413415e-01 -1.115010737957392167e-01 8.194165227984362074e-03 1.418836230791778119e+00 1.114971607454599417e-01 9.937643439324418404e-01 9.356153247799482622e-04 1.946662468603085061e-01 -8.247396970605383112e-03 -1.613735270659959179e-05 9.999660235335035008e-01 5.405583030036830924e-03
9.924493220407319960e-01 -1.223275005130812360e-01 8.967826070789748985e-03 1.546131667819061750e+00 1.223411865232495455e-01 9.924876462986441661e-01 -9.904285514489873966e-04 2.193356199132058815e-01 -8.779310957396460960e-03 2.080071083305903585e-03 9.999593355460382194e-01 2.141205883574249982e-03
9.908116966277281668e-01 -1.346892136585069732e-01 1.229231486967745542e-02 1.666622697695578470e+00 1.347276999034461020e-01 9.908799031205810515e-01 -2.353964011744105744e-03 2.486389331807794811e-01 -1.186316642031098011e-02 3.988434606895329033e-03 9.999217172713420476e-01 8.635905410003811428e-03
9.887424275882702451e-01 -1.487256038426517657e-01 1.640785863304149161e-02 1.800769417491903779e+00 1.487832110283849041e-01 9.888671074674089123e-01 -2.340612176654539682e-03 2.772336599803744139e-01 -1.587709496980097695e-02 4.755457540629742623e-03 9.998626868562612291e-01 8.873635481263499047e-03
9.859939233602456055e-01 -1.657993070919760170e-01 1.807451914991468900e-02 1.955412299118821196e+00 1.658694428359805961e-01 9.861447397059496245e-01 -2.441953939045487382e-03 3.150557905753696430e-01 -1.741923109310119372e-02 5.405742915027632496e-03 9.998337050707405416e-01 9.100010530247821736e-03
9.823614356103764766e-01 -1.862071103225260704e-01 1.711865348002828899e-02 2.106608818109143577e+00 1.862729647091080909e-01 9.824953345058652365e-01 -2.321938884546318523e-03 3.653877622129052538e-01 -1.638664899785038584e-02 5.469711403474814687e-03 9.998508151419779333e-01 6.185222150516280631e-03
9.776184699285664914e-01 -2.098084269908770394e-01 1.557821764475569859e-02 2.251037079809804720e+00 2.098741436679597561e-01 9.777247526828756197e-01 -2.691912203284305485e-03 4.217804839614465728e-01 -1.466643758825324738e-02 5.901115045498527868e-03 9.998750749659645054e-01 1.114141524001745556e-03
9.713392150685614679e-01 -2.372388926708757229e-01 1.476381845021025943e-02 2.404486252839745486e+00 2.373141755319001789e-01 9.714265194275579773e-01 -3.549292390840134027e-03 4.834217364206668255e-01 -1.349995020314557689e-02 6.951218977749982000e-03 9.998847563506662040e-01 -7.732579146872425738e-04
9.632213647619097818e-01 -2.683051527380554968e-01 1.473380993834932928e-02 2.561248715751936356e+00 2.683828585696253488e-01 9.633058761404448278e-01 -3.540230524331911769e-03 5.552185369020842254e-01 -1.324332111872938283e-02 7.364316496485251440e-03 9.998852316306483523e-01 5.243330766436487232e-03
9.531522930532155824e-01 -3.020811418200836651e-01 1.574278014932466510e-02 2.726837530143016330e+00 3.021717249671183048e-01 9.532464743197835988e-01 -3.676457059358876050e-03 6.382356289327136833e-01 -1.389618083073319507e-02 8.261232896880861543e-03 9.998693643210906368e-01 -1.141994229184542997e-03
9.408851737255871095e-01 -3.382072043389094951e-01 1.873828197777991506e-02 2.906728747003643143e+00 3.384350389973257989e-01 9.409297093872049933e-01 -1.063566779969033968e-02 7.208930402932476333e-01 -1.403436727952921299e-02 1.634861972545059369e-02 9.997679032218963480e-01 -4.202311334166900642e-02
9.268291021045923506e-01 -3.744331008206812084e-01 2.806806920262769345e-02 3.091770408449153962e+00 3.750653942746214886e-01 9.267337292878400357e-01 -2.215082839215936489e-02 8.105008329106273557e-01 -1.771764434322269446e-02 3.105737978583815798e-02 9.993606105481356305e-01 -2.117035546136610685e-02
9.112034573710539043e-01 -4.105705094158428325e-01 3.376792269397666663e-02 3.286544443209112654e+00 4.114409562241350682e-01 9.111007233757277834e-01 -2.473725659047716630e-02 9.248106581764571343e-01 -2.060961323476404386e-02 3.643416287137943993e-02 9.991235677720948782e-01 4.390374201778214636e-02
8.927983023315096966e-01 -4.495500869879495154e-01 2.856690619333492054e-02 3.494313464859603702e+00 4.500344818656124568e-01 8.929113019613603708e-01 -1.336027387640847941e-02 1.090136507406052058e+00 -1.950162333221806474e-02 2.478410733295730028e-02 9.995026501906285610e-01 8.936091832125130086e-02
8.702544095534779922e-01 -4.923721960368443451e-01 1.506791038755243665e-02 3.667018808407848773e+00 4.921780046416425747e-01 8.703671360435212279e-01 1.489939572898333654e-02 1.298167412445201396e+00 -2.045068505961179783e-02 -5.550182354912226203e-03 9.997755177650161640e-01 2.692086053945428811e-02
8.443401682187219315e-01 -5.357893080185239798e-01 4.433662313176572022e-03 3.821075718360381845e+00 5.354299774142201596e-01 8.440267609943966631e-01 3.055663220648925302e-02 1.475533656737116228e+00 -2.011406964524531382e-02 -2.342628523668787571e-02 9.995232689279817118e-01 -1.429124723621937598e-01
8.153648255810544976e-01 -5.789418503523470205e-01 2.587557592983432634e-03 4.013710660831655730e+00 5.787888301851509265e-01 8.152377082605458680e-01 1.977666999017351976e-02 1.633777760709090421e+00 -1.355904153290084235e-02 -1.462755973006484717e-02 9.998011426908504085e-01 -1.855178322796245394e-01
7.840029917684191441e-01 -6.206625002797723223e-01 1.084113931789695146e-02 4.226226375860808737e+00 6.207273785807809752e-01 7.840168998470093964e-01 -3.895537477451680320e-03 1.814765522813895915e+00 -6.081848502407957192e-03 9.783496069335465353e-03 9.999337167521208380e-01 -4.249687853561644885e-02
7.502365052641174481e-01 -6.608817994861629908e-01 1.950883584225053188e-02 4.438565503012100066e+00 6.611561819180891142e-01 7.500830714348282191e-01 -1.574950952961351458e-02 2.039411554365455181e+00 -4.224709915500368326e-03 2.471423558912979115e-02 9.996857044477978071e-01 1.265601055163508570e-01
7.134735196207048213e-01 -7.004974374970398543e-01 1.609469085721507500e-02 4.625440745640880813e+00 7.006639108026913032e-01 7.134329964498979937e-01 -9.143575749834867081e-03 2.299430933541458888e+00 -5.077458075636861329e-03 1.780066102665557939e-02 9.998287396635772151e-01 1.244486664213103611e-01
6.730088004165911686e-01 -7.396246766234765291e-01 3.828140956635302065e-03 4.788529336967230599e+00 7.396279497737275888e-01 6.730156736598399414e-01 7.517614656858312471e-04 2.567809964668248845e+00 -3.132446092838195566e-03 2.325453177415465027e-03 9.999924688371131243e-01 -4.184089757475688287e-02
6.278927534574191283e-01 -7.782990648060924554e-01 -1.191202443887229420e-03 4.949880724617380601e+00 7.782686060397494554e-01 6.278804543044438358e-01 -8.017594054997408820e-03 2.827758427871398972e+00 6.987991374973984843e-03 4.107111228735194075e-03 9.999672300549753423e-01 -1.731868011707711486e-01
5.801689745432391243e-01 -8.144929895594535951e-01 2.300965444279841083e-03 5.106518812444712729e+00 8.143575989536533388e-01 5.800157835286857688e-01 -2.008897241612810775e-02 3.100526469003790364e+00 1.502770285156150576e-02 1.352880547478841830e-02 9.997956324154031460e-01 -7.850951775556616608e-02
5.333009819102906279e-01 -8.458852985406366543e-01 8.263720650817617253e-03 5.256016758321132798e+00 8.458362049318043363e-01 5.330770654918502993e-01 -1.975189399743223356e-02 3.414654905506186555e+00 1.230260879573102061e-02 1.752345899854154329e-02 9.997708476294293600e-01 5.661325704766800165e-02
4.870165679109346168e-01 -8.733408583690136506e-01 9.527504504486986048e-03 5.404381761361886305e+00 8.733860501910327701e-01 4.869407945502843837e-01 -9.255354825029860760e-03 3.781992341895012100e+00 3.443722104672610178e-03 1.282870185008485805e-02 9.999118713330404917e-01 7.420501845945022545e-02
4.394820766286552938e-01 -8.982364957789381599e-01 5.183430214417299176e-03 5.540024756507578196e+00 8.982514549172495588e-01 4.394738314544566760e-01 -2.696404638144018866e-03 4.157086299069193025e+00 1.440007378730970723e-04 5.841048415481682639e-03 9.999830251984453966e-01 -7.695260784531802144e-03
3.906379312782937152e-01 -9.205387582450814676e-01 -3.251775174591745293e-03 5.649926780522355863e+00 9.205260719326251451e-01 3.906500262281191738e-01 -4.950382247402962399e-03 4.513830579402148047e+00 5.827297243528956928e-03 -1.059532862926666937e-03 9.999825591229618560e-01 -3.639381663908524550e-02
3.416796334140356217e-01 -9.396362420771561252e-01 -1.841031510155122231e-02 5.722946532389355134e+00 9.396446743983210004e-01 3.419262472296258348e-01 -1.243097163799772829e-02 4.871472611436312050e+00 1.797553197028706889e-02 -1.305173995186032117e-02 9.997533393519087985e-01 -1.931316535186399647e-02
2.944740360700833781e-01 -9.553120920873069410e-01 -2.576876374339495679e-02 5.787460339572092494e+00 9.553380486856493103e-01 2.949673294934878065e-01 -1.799150932478797357e-02 5.240600447570265885e+00 2.478841996359079647e-02 -1.931984344086230126e-02 9.995061230576355316e-01 -2.733376293346993433e-02
2.511771279482624686e-01 -9.677166769312498529e-01 -2.084866254491268139e-02 5.865506734342981865e+00 9.677662983003004760e-01 2.514829625821440318e-01 -1.359870053282980808e-02 5.641022493587749764e+00 1.840274393549034757e-02 -1.676094358600968212e-02 9.996902672488139352e-01 -3.191531441669313851e-02
2.126103510110133044e-01 -9.771065527105307069e-01 -7.733664652348814193e-03 5.957413124415252170e+00 9.771060417366027595e-01 2.126600828185102043e-01 -6.299999269476690665e-03 6.070641521177270405e+00 7.800385632360047963e-03 -6.217156581179490542e-03 9.999503626118232402e-01 -5.575418024804969230e-04
1.754749847108971472e-01 -9.844835015953453672e-01 9.769927600688313191e-04 6.033028824572406634e+00 9.844790483111105495e-01 1.754708477492259722e-01 -3.347390033227818501e-03 6.516625309283843315e+00 3.123992021604391801e-03 1.549222394762253541e-03 9.999940345931055408e-01 5.800257015752817435e-02
1.384345647482767838e-01 -9.903709607607078524e-01 -1.193909354172276735e-03 6.065079516537319471e+00 9.903543805140292422e-01 1.384391506656372506e-01 -5.747040504046050692e-03 6.941688865830760058e+00 5.856959804656130912e-03 -3.867958045303743404e-04 9.999828909563491797e-01 8.143740307282806845e-02
1.045450788325479191e-01 -9.944530615038735810e-01 -1.156002040541997608e-02 6.063151153751141109e+00 9.944772341460639264e-01 1.046415989612966002e-01 -8.086686677101722828e-03 7.349846214864905747e+00 9.251460882300414565e-03 -1.065074394262996438e-02 9.999006005726867041e-01 5.017472063734661203e-02
7.676741319658089702e-02 -9.968518156438134215e-01 -1.983516927950487382e-02 6.060855970370663925e+00 9.970055455904293096e-01 7.693488804971963801e-02 -7.823012083469828987e-03 7.786244607589199340e+00 9.324365690367004272e-03 -1.917521022163006308e-02 9.997727806625338332e-01 -3.200792934017414673e-03
5.550488789317200439e-02 -9.982645655517204952e-01 -1.967945263716720447e-02 6.079174764729089020e+00 9.984399950144162705e-01 5.561316700450961992e-02 -4.999014582630850224e-03 8.272290796898676746e+00 6.084739853327891454e-03 -1.937126971816960710e-02 9.997939672516045206e-01 -1.331328869037382186e-02
3.936147982373590370e-02 -9.991298685226972509e-01 -1.379877021379691086e-02 6.108397427940704283e+00 9.992220175462589449e-01 3.939222054662087219e-02 -1.964682468737247081e-03 8.784751339964948613e+00 2.506504845312765208e-03 -1.371069031939135298e-02 9.999029867138126138e-01 3.114890982383091214e-02
2.449101035287404651e-02 -9.996708408953863811e-01 -7.657147751570469486e-03 6.127034890072826201e+00 9.996996398195302502e-01 2.449820013448803999e-02 -8.493552065534761344e-04 9.304547006250519559e+00 1.036632413766995931e-03 -7.634037094378454472e-03 9.999704490524986555e-01 7.446868009891359497e-02
8.179658465883482207e-03 -9.999496667823384310e-01 -5.830467877511128633e-03 6.123417023028698836e+00 9.999644530084244032e-01 8.191784327821074671e-03 -2.062614470705257264e-03 9.814371451664701596e+00 2.110242957663849284e-03 -5.813386359269416548e-03 9.999810057868686597e-01 8.885311341997356727e-02
-8.108015388732806028e-03 -9.999282714947755890e-01 -8.829192496461088849e-03 6.097296307909749302e+00 9.999568244263797867e-01 -8.067291023486543311e-03 -4.641290356613177528e-03 1.030740227937206654e+01 4.569697386046792792e-03 -8.866442101167600759e-03 9.999503853196396452e-01 7.238658094912885088e-02
-2.064098671876730962e-02 -9.997005714773909979e-01 -1.315161620661424273e-02 6.063819392277471465e+00 9.997610565133733251e-01 -2.054376361289618480e-02 -7.487288658133135592e-03 1.081371838954608222e+01 7.214828085578466575e-03 -1.330301796216624456e-02 9.998856181657451714e-01 4.592135485906178455e-02
-2.800277160576518376e-02 -9.994798608815613772e-01 -1.600343526902157226e-02 6.043243752062886998e+00 9.995721100407769510e-01 -2.786257236390497771e-02 -8.919300985381229535e-03 1.135995855581765390e+01 8.468725196943102315e-03 -1.624635289891990589e-02 9.998322946311386517e-01 4.286860459981583354e-02
-3.120999162365001647e-02 -9.993875446842401811e-01 -1.583455464213609151e-02 6.031953772978450701e+00 9.994798763432396482e-01 -3.107611564676255114e-02 -8.633380494601019389e-03 1.193919566476957961e+01 8.135975737883435061e-03 -1.609576696092156894e-02 9.998374934730696051e-01 5.979130446922845815e-02
-3.220962682031104640e-02 -9.993805964902434669e-01 -1.418574320157572032e-02 6.016357360741587890e+00 9.994556404549486128e-01 -3.210392147306492111e-02 -7.619405630752726193e-03 1.252549450428676714e+01 7.159226595820351695e-03 -1.442343832201305014e-02 9.998704874279743526e-01 8.527383459150016110e-02
-3.178925419332676028e-02 -9.994175366445274822e-01 -1.242214806250403411e-02 5.992735113937031954e+00 9.994667386910150997e-01 -3.169290171488471641e-02 -7.880283152883272094e-03 1.311138772550070009e+01 7.481959862675457811e-03 -1.266603241861183338e-02 9.998919315226583171e-01 9.253499722757056734e-02
-3.001648414954544847e-02 -9.994801666795583017e-01 -1.177675582961274989e-02 5.975088648693032134e+00 9.995128936307774437e-01 -2.991241698839040494e-02 -8.917952369268634591e-03 1.369715677372867368e+01 8.561006847037911510e-03 -1.203870749776000948e-02 9.998910254292122657e-01 8.585505602308803053e-02
-2.704657288085713165e-02 -9.995653556723516076e-01 -1.174188574463531053e-02 5.966460773883786928e+00 9.995946044135401998e-01 -2.693894430542210713e-02 -9.232070362871542049e-03 1.429995070483488284e+01 8.911703940486693717e-03 -1.198682389252914149e-02 9.998885848624684547e-01 8.556003257279196084e-02
-2.266164709954715528e-02 -9.996711757545254651e-01 -1.201187600983211375e-02 5.957093821510626164e+00 9.997144108194148115e-01 -2.256796621971302388e-02 -7.880283240956319213e-03 1.492109248799768650e+01 7.606566326291588735e-03 -1.218702625285245783e-02 9.998969474307443095e-01 9.379184548518609832e-02
-1.748363651705293204e-02 -9.997719458048774932e-01 -1.227508756160251326e-02 5.947480036494876110e+00 9.998370939049506800e-01 -1.742666665550795038e-02 -4.734745165632421246e-03 1.556194144726405071e+01 4.519708333469231280e-03 -1.235586696227363238e-02 9.999135968878820613e-01 9.761223027937136754e-02
-1.315787143137969045e-02 -9.998515991738354813e-01 -1.113339838931882118e-02 5.939561657571397646e+00 9.999125353496417512e-01 -1.314084057163356946e-02 -1.604106313705804280e-03 1.621442361324765713e+01 1.457524643596052293e-03 -1.115352740667568954e-02 9.999368905901709903e-01 1.007131264964301054e-01
-9.687913929257324988e-03 -9.999011656770985246e-01 -1.020342228134049102e-02 5.933451278860640166e+00 9.999531831451781150e-01 -9.684008545936617987e-03 -4.346845520240875341e-04 1.686565544972610908e+01 3.357920420084728312e-04 -1.020715355558476055e-02 9.999480075829249026e-01 1.126246954263624700e-01
-6.049402708728536526e-03 -9.999291960135091584e-01 -1.026229824633784551e-02 5.930789474111063164e+00 9.999818138820444346e-01 -6.045557739952409256e-03 -4.083726209818859748e-04 1.752284804175932109e+01 3.462629941563686231e-04 -1.026457945086022699e-02 9.999474194441593244e-01 1.220937341401849424e-01
-1.868976713862626187e-03 -9.999333274729038656e-01 -1.140889007078145501e-02 5.929958757418205550e+00 9.999983208223961473e-01 -1.863607677130357625e-03 -4.842400431824546675e-04 1.819749432212594442e+01 4.629062892663424493e-04 -1.140977362174812847e-02 9.999349676666603459e-01 1.270376341982449309e-01
2.665102043813332225e-03 -9.999120088574477982e-01 -1.300751988132821564e-02 5.928913867666156357e+00 9.999965767123207838e-01 2.668862044894715693e-03 -2.747159355603833158e-04 1.888446242541562015e+01 3.093670964673948982e-04 -1.300674092084739934e-02 9.999155348491390871e-01 1.219438714452029116e-01
7.159962730693207079e-03 -9.998812991123481320e-01 -1.365469792548184257e-02 5.934253858307019236e+00 9.999745383612962391e-01 7.157501163818102453e-03 2.259428034096365066e-04 1.958903938575015502e+01 -1.282229601078067004e-04 -1.365596647677050357e-02 9.999069234924139460e-01 1.158699674411071828e-01
1.062943305861452532e-02 -9.998703420127926789e-01 -1.211025330259761154e-02 5.945158571412843429e+00 9.999433524554027786e-01 1.061870815354541350e-02 9.462175597810013484e-04 2.030327148993466224e+01 -8.175445541023405264e-04 -1.211962298413586311e-02 9.999264067091264696e-01 1.190846689065011982e-01
1.232558453323382396e-02 -9.998786652529046970e-01 -9.544226757678122772e-03 5.958793041248799049e+00 9.999231322244671594e-01 1.231089565647139686e-02 1.592172576118456315e-03 2.102724019469977179e+01 -1.474531681431794951e-03 -9.563115289981860209e-03 9.999533769128323701e-01 1.310746806512649298e-01
1.242823808485419429e-02 -9.998880131401910454e-01 -8.358386626615848386e-03 5.965654811014201364e+00 9.999213952281030826e-01 1.241300272105210455e-02 1.867622488101571736e-03 2.175964383762731202e+01 -1.763713199011740116e-03 -8.380937595495498160e-03 9.999635167510491085e-01 1.400808605128597839e-01
1.212305679562435991e-02 -9.998827666776055612e-01 -9.372984356786693075e-03 5.968335296924267119e+00 9.999256805497683809e-01 1.210909352667056092e-02 1.540883441230241849e-03 2.249968155256227220e+01 -1.427254173326418735e-03 -9.390963315289005409e-03 9.999550796274375708e-01 1.399969574597149380e-01
1.239732499321906031e-02 -9.998673462913842958e-01 -1.058174634248428524e-02 5.974254983711025702e+00 9.999231675995652324e-01 1.239038398345936216e-02 7.172453946707154152e-04 2.325244634372277730e+01 -5.860839463347410853e-04 -1.058981741899263189e-02 9.999439523551938436e-01 1.292399439293678565e-01
1.283198276646570733e-02 -9.998654010890253296e-01 -1.024205359222948863e-02 5.987531174794127331e+00 9.999177923931855672e-01 1.283499708145344025e-02 -2.326797816344685342e-04 2.402329533977552600e+01 3.640586440778283465e-04 -1.023821535364111655e-02 9.999477214664942437e-01 1.245319414179106576e-01
1.262326644636302571e-02 -9.998736995179722253e-01 -9.675827023347894490e-03 6.000671889015341876e+00 9.999199701796983586e-01 1.263275280033545646e-02 -9.240951168665588510e-04 2.480348984567835657e+01 1.046162641233697871e-03 -9.663375226358088613e-03 9.999529621305308646e-01 1.368925967881497174e-01
1.202068286186145502e-02 -9.998860482843825448e-01 -9.153245326375248833e-03 6.007379943197889816e+00 9.999277060762806757e-01 1.202647081959449561e-02 -5.820138793970486019e-04 2.559441558516653004e+01 6.919796186581303769e-04 -9.145576599170987878e-03 9.999581402839690103e-01 1.447792294652030798e-01
1.124961875022539165e-02 -9.999009989708558255e-01 -8.475301607180539543e-03 6.013176289520911766e+00 9.999368026058023107e-01 1.124503426316171215e-02 5.833045195429262426e-04 2.640108284320903209e+01 -4.879924380739828773e-04 -8.481321099917060735e-03 9.999641183781200482e-01 1.435387148971234428e-01
9.904921997468776537e-03 -9.999245623348228529e-01 -7.291212331241870778e-03 6.021022756231448447e+00 9.999491357846637118e-01 9.889950898622299619e-03 2.079908991374827820e-03 2.721429125092328860e+01 -2.007696080644129615e-03 -7.311441102116634713e-03 9.999714658408681567e-01 1.391429196825623160e-01
7.067526910879512632e-03 -9.999593524287049284e-01 -5.634539552722555265e-03 6.024986917992771751e+00 9.999720327783088170e-01 7.053091245200660171e-03 2.569276792370548193e-03 2.803066077004529788e+01 -2.529487374570745049e-03 -5.652538610173509295e-03 9.999810366604963141e-01 1.456948797776860538e-01
2.857800334366348161e-03 -9.999856905905876170e-01 -4.567445153221529053e-03 6.025891831587401271e+00 9.999919621038614315e-01 2.844529666832981783e-03 2.898830276832272193e-03 2.885213872380116484e+01 -2.885853726479723456e-03 -4.575691519043436489e-03 9.999855791682841222e-01 1.551696803393134705e-01
-1.419999516546279622e-03 -9.999895245116788844e-01 -4.398763472987330704e-03 6.023749478187328421e+00 9.999911436833475165e-01 -1.437683046949946031e-03 4.008641372162105240e-03 2.967557800833365889e+01 -4.014979457832775281e-03 -4.393031887567567552e-03 9.999825025346539276e-01 1.541675843881452623e-01
-5.709642517681743842e-03 -9.999764046285620767e-01 -3.873959257015196622e-03 6.019967348960280518e+00 9.999663202799727868e-01 -5.732527003486233286e-03 5.909690327160370404e-03 3.050902131236757597e+01 -5.931813670123407475e-03 -3.840088216941033462e-03 9.999752463585237505e-01 1.457253171020305993e-01
-1.071812213569038781e-02 -9.999414558851874579e-01 -1.621821366054120028e-03 6.011549463014973504e+00 9.999174348139541202e-01 -1.072943058814570735e-02 7.101684933780042473e-03 3.135319371337456928e+01 -7.118728393867559609e-03 -1.545572528974290634e-03 9.999736817311581927e-01 1.396089468395075583e-01
-1.649102117228169739e-02 -9.998626919989331840e-01 1.753287424413669865e-03 5.999361954225897797e+00 9.998473634907280028e-01 -1.648057430954307651e-02 5.837635975022246841e-03 3.220579656495038989e+01 -5.808000307258244684e-03 1.849288974559101534e-03 9.999816433554198358e-01 1.504741434767725150e-01
-2.262750871522299298e-02 -9.997387676120975675e-01 3.289958730906486321e-03 5.982632343345289705e+00 9.997402386737027635e-01 -2.261809194886537852e-02 2.884645247908624102e-03 3.306730681343382372e+01 -2.809540615537922843e-03 3.354379101108856311e-03 9.999906500969648615e-01 1.755223865356967394e-01
-2.817556323457737905e-02 -9.995999218096357497e-01 2.563481684716550652e-03 5.957766100808042253e+00 9.996028994044336979e-01 -2.817347796283080699e-02 8.645096298541498064e-04 3.392923563356180239e+01 -7.920023934659873146e-04 2.586825839541449876e-03 9.999965684681392242e-01 1.803520151483213318e-01
-3.303049752522917853e-02 -9.994542592526188818e-01 7.891964782782510263e-04 5.928097471499111926e+00 9.994540596094687590e-01 -3.302971838107057051e-02 1.034448921580188993e-03 3.479203632913333166e+01 -1.007878262647997347e-03 8.229387494411735627e-04 9.999993895514829312e-01 1.649966010017956675e-01
-3.679246637809818060e-02 -9.993231392557921922e-01 -2.003844116226602304e-04 5.897483675209473475e+00 9.993203852123403452e-01 -3.679287271267110693e-02 2.347246704976547072e-03 3.565401766369735981e+01 -2.353094179955425146e-03 -1.138791945509743146e-04 9.999974683979198087e-01 1.570785383857855877e-01
-3.924061558614500012e-02 -9.992296810386265271e-01 -8.310016168650759955e-04 5.861816620881859841e+00 9.992246371254125403e-01 -3.924315358014777294e-02 3.250394878719789840e-03 3.652277053287996722e+01 -3.280569814031101747e-03 -7.027974346050440239e-04 9.999946195847376762e-01 1.688125954959829866e-01
-4.010038737554397908e-02 -9.991928439337116608e-01 -2.469363968383216958e-03 5.820762471674122196e+00 9.991903903854677527e-01 -4.010827637525177236e-02 3.218659781308545222e-03 3.739255390007817681e+01 -3.315174270395036815e-03 -2.338282480578714097e-03 9.999920196405560624e-01 1.821462298820948067e-01
-4.035271023627752529e-02 -9.991767193148749504e-01 -4.245693035254601358e-03 5.776687148158049290e+00 9.991831606779082442e-01 -4.036192001420050440e-02 2.098008184592138180e-03 3.826961348168675414e+01 -2.267718682348669919e-03 -4.157553651714657530e-03 9.999890365496876266e-01 1.839468525105444063e-01
-4.082369651359869789e-02 -9.991482774983759807e-01 -6.052406220293226127e-03 5.734723145385689946e+00 9.991665064859840406e-01 -4.082026675198321269e-02 -6.947795741908995492e-04 3.916248503659235780e+01 4.470531834346837740e-04 -6.075717803845616383e-03 9.999816969307321335e-01 1.772742362584781572e-01
-4.146393700177656433e-02 -9.991141347805480022e-01 -7.223225824942605330e-03 5.702770384782798629e+00 9.991360021843713746e-01 -4.144164188430914109e-02 -3.213876056500785880e-03 4.004677938433351869e+01 2.911612727556330341e-03 -7.350238779470331420e-03 9.999690045021266682e-01 1.795189150453821159e-01
-4.172732092724562580e-02 -9.990923708839509754e-01 -8.588057638463625354e-03 5.673283622348836097e+00 9.991280119272353266e-01 -4.171204197581693945e-02 -1.954126066215519219e-03 4.092325227283623690e+01 1.594052432731564656e-03 -8.662100176067917892e-03 9.999614733041056747e-01 1.998821485429379263e-01
-4.064791125824859797e-02 -9.991187260086515920e-01 -1.048867471467176959e-02 5.630989317958190910e+00 9.991709672854811597e-01 -4.067051846122265307e-02 1.948592557242971677e-03 4.180286354437546947e+01 -2.373530630507424913e-03 -1.040075864747224028e-02 9.999433603374888735e-01 2.002033845908050003e-01
-3.961194847722711299e-02 -9.991664441139609387e-01 -9.889954037051985891e-03 5.581725935603907729e+00 9.992054396934973992e-01 -3.965383272671228060e-02 4.072111712180183536e-03 4.269483374039252510e+01 -4.460963665183303485e-03 -9.720773738934965560e-03 9.999430743731854143e-01 1.844788669633668776e-01
-3.944945426520901632e-02 -9.991816737836658469e-01 -8.957009385239866200e-03 5.542561767831045927e+00 9.992176257183277288e-01 -3.947372957599385584e-02 2.546569508848568145e-03 4.358869744367963506e+01 -2.898124212365001204e-03 -8.849523266344619735e-03 9.999569194892147239e-01 1.907609972963418832e-01
-3.969345759525148842e-02 -9.991691626132757076e-01 -9.269504497714374514e-03 5.513087770319665459e+00 9.992119400846798394e-01 -3.968545892312270312e-02 -1.047575037547810372e-03 4.447642412792841071e+01 6.787668408246254467e-04 -9.303763033400974311e-03 9.999567733605392306e-01 2.132533059038693168e-01
-3.986822377210860746e-02 -9.991458187185296991e-01 -1.089351770580686100e-02 5.480584874915319205e+00 9.991947112291109656e-01 -3.981546147688638793e-02 -5.019905286116233857e-03 4.535876759945723791e+01 4.581812541053493018e-03 -1.108486084667377643e-02 9.999283526195239524e-01 2.294085748783838141e-01
-3.981069137080268244e-02 -9.991326429068712045e-01 -1.223052991879558168e-02 5.438900253399205020e+00 9.991914968790510665e-01 -3.973779115473027174e-02 -6.148363060307514630e-03 4.625313636702981057e+01 5.656942556607927157e-03 -1.246539275189155992e-02 9.999065927199963788e-01 2.369667441185442369e-01
-3.955898100620277441e-02 -9.991433858741729512e-01 -1.216954240892859952e-02 5.395829404568774024e+00 9.992138744437033537e-01 -3.952305336121041818e-02 -3.180108197850014216e-03 4.715073708758755089e+01 2.696333658249485711e-03 -1.228575736051376772e-02 9.999211878520449792e-01 2.366661968885809542e-01
-3.958093248748738302e-02 -9.991705341213966696e-01 -9.597517211564326675e-03 5.355427236748782072e+00 9.992164585951528455e-01 -3.958501726896489215e-02 2.338314692617356346e-04 4.804524994274648009e+01 -6.136272425129122568e-04 -9.580721932228114524e-03 9.999542166168092772e-01 2.338584416898625007e-01
-4.028805942091561593e-02 -9.991701192957971323e-01 -6.039217695777070009e-03 5.318125442740289088e+00 9.991881354831735340e-01 -4.029161092062857191e-02 4.642700921826356281e-04 4.893268167780028932e+01 -7.072872560724540597e-04 -6.015590870607223813e-03 9.999819612518640044e-01 2.442822014377802053e-01
-4.111071426207960761e-02 -9.991402315913049392e-01 -5.406941023573193922e-03 5.281341330554541358e+00 9.991533487352305398e-01 -4.110058775542321102e-02 -1.974049040488709029e-03 4.981389271000760743e+01 1.750049909559347810e-03 -5.483497269905817685e-03 9.999837445976592631e-01 2.654753384537920091e-01
-4.153705426983073101e-02 -9.991120252395130352e-01 -7.097430227595863221e-03 5.242802983269585049e+00 9.991323562410810988e-01 -4.151359304921536930e-02 -3.424553919046669816e-03 5.069606543727963555e+01 3.126800850325556387e-03 -7.233496602253329522e-03 9.999692660623462626e-01 2.732087212175463020e-01
-4.175696780136860242e-02 -9.991045696362701456e-01 -6.852353802691038900e-03 5.202695424971601312e+00 9.991255959201585934e-01 -4.174058971279392960e-02 -2.518882985329523767e-03 5.158625909644892715e+01 2.230533991726029244e-03 -6.951521229466408984e-03 9.999736706511468398e-01 2.712259865885401355e-01
-4.235618404690338901e-02 -9.990938812649804435e-01 -4.232881542023923110e-03 5.165544539177301608e+00 9.990997776321650647e-01 -4.234516292784087227e-02 -2.664531961008627641e-03 5.248030771836106823e+01 2.482803140734107100e-03 -4.341909210088559963e-03 9.999878157294701531e-01 2.833425834207936589e-01
-4.342737592615029257e-02 -9.990553519786218306e-01 -1.737401100008453088e-03 5.129707228163928434e+00 9.990421289907166491e-01 -4.341723463046998077e-02 -5.509105702190167375e-03 5.335990298746781235e+01 5.428394309291037674e-03 -1.974961250314190720e-03 9.999836439086818851e-01 3.054350488118215412e-01
-4.429589014638993932e-02 -9.990172950974447463e-01 -1.695443381201494019e-03 5.090765128412107821e+00 9.989811939781124694e-01 -4.427946626302601413e-02 -8.746000407289122869e-03 5.423091603573958963e+01 8.662258093263434239e-03 -2.081105485611539456e-03 9.999606503024027759e-01 3.274280240636479600e-01
-4.457029288698068775e-02 -9.990012148324355357e-01 -3.260247959965381463e-03 5.047309201940928247e+00 9.989694518578599025e-01 -4.454029290483123987e-02 -8.762907270620505507e-03 5.510742229019045624e+01 8.608867091608818703e-03 -3.647430025971546644e-03 9.999566314120295063e-01 3.335707626240711487e-01
-4.435535671797526808e-02 -9.990086772281752125e-01 -3.851666240226049674e-03 5.003320153414305693e+00 9.989991423571602525e-01 -4.433181251216823660e-02 -6.000048795749441180e-03 5.598878746918880012e+01 5.823273447687138567e-03 -4.113920276309228179e-03 9.999749256613053028e-01 3.312704930916043344e-01
-4.385611709285219123e-02 -9.990301728701804773e-01 -3.991239931800756938e-03 4.962692828612646601e+00 9.990320327452839599e-01 -4.384151014279465824e-02 -3.678107883958698244e-03 5.686899723789392880e+01 3.499481294658754026e-03 -4.148655044724292203e-03 9.999856219392244672e-01 3.437727969195134015e-01
-4.292543577524380455e-02 -9.990696247717107958e-01 -4.227704131396858335e-03 4.925581653355375344e+00 9.990729640742818107e-01 -4.291062095190015246e-02 -3.536314026585253133e-03 5.774398073476172044e+01 3.351530900707688689e-03 -4.375554194219792407e-03 9.999851621669054724e-01 3.643080223924285432e-01
-4.101029392229679077e-02 -9.991428728781465152e-01 -5.679893439199647232e-03 4.887143119666903956e+00 9.991378746267479682e-01 -4.097177573655993305e-02 -6.741300834375854416e-03 5.861119120357376033e+01 6.502724724573848494e-03 -5.951434600998054512e-03 9.999615026773330806e-01 3.885235329743015331e-01
-3.728049215408685974e-02 -9.992754807869305145e-01 -7.698530697610071576e-03 4.849170585394588784e+00 9.992453235585626592e-01 -3.719286396137288370e-02 -1.122961201709769125e-02 5.947688310573320791e+01 1.093506035599128845e-02 -8.111344082643572040e-03 9.999076689383447070e-01 3.979417242290304579e-01
-3.246099809187887736e-02 -9.994373169849674055e-01 -8.481228612211113779e-03 4.820151175725095882e+00 9.993745902839576978e-01 -3.233736247900757810e-02 -1.433052630802031553e-02 6.033950496463333479e+01 1.404811701292931446e-02 -8.941089603853067530e-03 9.998617032611917255e-01 4.054562636324853808e-01
-2.859061468207290888e-02 -9.995621798012723769e-01 -7.656777724525241045e-03 4.798139384891034531e+00 9.995156867780287113e-01 -2.849326220003835231e-02 -1.253699187190812289e-02 6.121059125797012967e+01 1.231325256887120904e-02 -8.011488434993765603e-03 9.998924572583945958e-01 4.195611155773235068e-01
-2.604632699882052441e-02 -9.996571065914412468e-01 -2.804758827577186111e-03 4.776217587027219658e+00 9.996279683489799339e-01 -2.602254849269680648e-02 -8.209966473329445916e-03 6.208744508919868110e+01 8.134082123866633041e-03 -3.017534835497167212e-03 9.999627325793372101e-01 4.339215169240654424e-01
-2.408620738847994450e-02 -9.997074013417575067e-01 2.362653342537320705e-03 4.759030681324365908e+00 9.996881127952159662e-01 -2.410133924904066596e-02 -6.592038165625349957e-03 6.294113376452668263e+01 6.646969233192628369e-03 2.203157440321005644e-03 9.999758530445986837e-01 4.609941355502779059e-01
