1.000000000000000000e+00 0.000000000000000000e+00 0.000000000000000000e+00 0.000000000000000000e+00 0.000000000000000000e+00 1.000000000000000000e+00 0.000000000000000000e+00 0.000000000000000000e+00 0.000000000000000000e+00 0.000000000000000000e+00 1.000000000000000000e+00 0.000000000000000000e+00
9.999999863813916479e-01 -1.524347903027325828e-04 6.325228309968812513e-05 -1.937274768096545899e-03 1.524434610981808679e-04 9.999999789822140439e-01 -1.371005566487371128e-04 -2.398105855610905678e-03 -6.323138287566203392e-05 1.371101971785763842e-04 9.999999886012929107e-01 -2.212644281278474626e-03
9.999999850064368312e-01 -1.688191229383195291e-04 3.856461768597686248e-05 -2.309594201433216344e-03 1.688093675660928676e-04 9.999999537914381342e-01 2.528250758520284676e-04 -7.939465290556333322e-05 -3.860729761152348371e-05 -2.528185619925577736e-04 9.999999672961250585e-01 1.266461168682150905e-03
9.999999999151303332e-01 1.292606174226307925e-05 1.629771206671670441e-06 -6.477836736472257148e-03 -1.292652998133517776e-05 9.999999585504733002e-01 2.876316333551152049e-04 1.559308338375296884e-03 -1.626053194866648984e-06 -2.876316543979904380e-04 9.999999586326928647e-01 1.881351958790628345e-03
9.999999991958622436e-01 4.005428474995726920e-05 1.982350160118957636e-06 -5.492498275406819050e-03 -4.005514982061149880e-05 9.999999031323290044e-01 4.383274091188746487e-04 -1.132583582823507712e-03 -1.964793077234755603e-06 -4.383274881697316549e-04 9.999999039325717654e-01 -1.850393949192164194e-03
9.999999994589375829e-01 -2.482722633789797288e-05 -2.158086547650225331e-05 -6.134450907949008137e-03 2.483690754460419581e-05 9.999998990181034886e-01 4.487169608118726544e-04 -2.905081684724479269e-03 2.156972289967779797e-05 -4.487174965710493692e-04 9.999998990936725951e-01 -7.992278950761915607e-04
9.999999995748496406e-01 1.497443777767689481e-05 -2.502133084313777056e-05 -6.025982952227323941e-03 -1.496222203883644438e-05 9.999998807468117867e-01 4.881418789740350371e-04 -7.281407483499893491e-04 2.502863750945767050e-05 -4.881415043917935103e-04 9.999998805457123163e-01 -8.481085477332748384e-04
9.999999994667421177e-01 2.701755179121237448e-05 1.834577913785702687e-05 -9.357211566832328298e-04 -2.701857266448241482e-05 9.999999980866343119e-01 5.564825287364866301e-05 -1.929574901907900016e-03 -1.834427562320074177e-05 -5.564874852074051380e-05 9.999999982833521761e-01 1.388194546240118172e-03
9.999999997120738726e-01 1.695515541578526523e-05 1.698160447288352343e-05 1.592260696757521760e-03 -1.695091553604784489e-05 9.999999686952961708e-01 -2.496438925241021190e-04 1.051754796459056273e-03 -1.698583669227576997e-05 2.496436045984800809e-04 9.999999686947754762e-01 -5.407401441568631534e-04
9.999999984595461244e-01 -5.054017779374906386e-05 2.294772531505203338e-05 -4.142973656825556933e-03 5.054028769730004549e-05 9.999999987113735722e-01 -4.788745807887157143e-06 7.032579749077023023e-04 -2.294748326141644485e-05 4.789905585149736698e-06 9.999999997252349004e-01 5.867236881518803548e-04
9.999999974152807836e-01 -6.417039072768913974e-05 3.242837303459353933e-05 -7.013424839431446969e-03 6.416847388941102895e-05 9.999999961943554228e-01 5.910749589112059455e-05 -7.080217779365966272e-04 -3.243216586228894088e-05 -5.910541485913596717e-05 9.999999977273522633e-01 1.785552060016849492e-04
9.999999978227482877e-01 -6.544535041673602753e-05 8.450414032232681318e-06 -7.656259598354453987e-03 6.544428111354812173e-05 9.999999898603212367e-01 1.264768894938786588e-04 -1.380545368771032974e-03 -8.458691270900741503e-06 -1.264763361872352091e-04 9.999999919660934600e-01 -5.216151212380485845e-04
9.999999999892084102e-01 -8.540940073724785798e-07 4.566596451865168319e-06 -4.137577338365949764e-03 8.542419712703889123e-07 9.999999994747081900e-01 -3.240144797117521381e-05 7.298081947233860459e-04 -4.566568775583829693e-06 3.240145187180390809e-05 9.999999994646461277e-01 7.687337891208937519e-05
9.999999955245214567e-01 7.096280303742272114e-05 6.257185917664826466e-05 -2.572493374825471357e-03 -7.096758899437763033e-05 9.999999945565578585e-01 7.648846759355097300e-05 9.024899185762819587e-05 -6.256643099998149672e-05 -7.649290782521312772e-05 9.999999951171383294e-01 2.336962746199821417e-06
9.999999997598241208e-01 -4.293733284359487668e-06 2.149222260299698601e-05 -8.080045742539907275e-03 4.288331812755442297e-06 9.999999684109669440e-01 2.513158875603831556e-04 8.053589917188416466e-04 -2.149330100746977258e-05 -2.513157953342411762e-04 9.999999681892040027e-01 1.136990261849248063e-03
9.999999985346781362e-01 -3.218963177381599432e-05 -4.352552554636907213e-05 -1.330168487947886585e-02 3.220390217389601035e-05 9.999999457216431908e-01 3.279018440811921659e-04 1.506913163456160144e-04 4.351496814425613320e-05 -3.279032452924771882e-04 9.999999452929531074e-01 2.766346070348359772e-03
9.999999999885824664e-01 -4.348706364607727691e-06 1.980851382933457403e-06 -1.365707872074038882e-02 4.348483572327694256e-06 9.999999936670193046e-01 1.124591129488867905e-04 1.518413895842180960e-03 -1.981340422049002843e-06 -1.124591043339030912e-04 9.999999936745120888e-01 -4.843612511468597037e-04
9.999999979289435625e-01 -8.593300717885912939e-06 6.378297701160202655e-05 -1.391747861739306945e-02 8.583368069135219447e-06 9.999999878381277130e-01 1.557243402875579128e-04 1.268040879460653617e-03 -6.378431442196681343e-05 -1.557237924922757414e-04 9.999999858408307185e-01 -5.067105141747919993e-06
9.999999982400147314e-01 3.827194100237687688e-05 -4.533463548046522308e-05 -2.464618258823349575e-02 -3.827017916843349174e-05 9.999999985125265223e-01 3.886309774351006014e-05 -2.807886098138635995e-03 4.533612277921516762e-05 -3.886136271048921313e-05 9.999999982172151913e-01 4.754056183303729665e-05
9.999999399285912638e-01 -5.048293184240150211e-05 -3.429202347686339798e-04 -3.125804263976894593e-02 5.041278434368391220e-05 9.999999778058982214e-01 -2.045647924759141163e-04 1.385191456064661540e-03 3.429305541883032916e-04 2.045474926235763902e-04 9.999999202794759290e-01 -8.631426047374696382e-04
9.999990941970345881e-01 -4.700388253478499480e-05 -1.345137816482683268e-03 2.392153475178326189e-02 4.713388198834529106e-05 9.999999942222178584e-01 9.661242850805885928e-05 -1.465088440680405169e-03 1.345133267551529418e-03 -9.667574256333478762e-05 9.999990906347332453e-01 1.129310976115095125e-03
9.999977912022893767e-01 1.454061980631074155e-04 -2.096770750492425554e-03 4.586978270993764817e-02 -1.441057690796096794e-04 9.999997972038058291e-01 6.203433522055480176e-04 -4.736749812019370206e-04 2.096860527043634733e-03 -6.200398252309884334e-04 9.999976093604150407e-01 6.850559966125400156e-03
9.999978184869185993e-01 1.863957637844036502e-04 -2.080451398887190294e-03 7.565429021420237710e-02 -1.841505825565656264e-04 9.999994005790896479e-01 1.079319241211536013e-03 -6.780216144618576163e-03 2.080651332355451088e-03 -1.078933770325406563e-03 9.999972533922042439e-01 8.345817312045330713e-03
9.999988780225853580e-01 -1.047813418076658726e-05 -1.497946520802995998e-03 1.253966260800205845e-01 1.000517281114544582e-05 9.999999501018730363e-01 -3.157469681269073044e-04 -5.697343742778054887e-03 1.497949754497369685e-03 3.157316266521378715e-04 9.999988282293499342e-01 7.866822264404500775e-03
9.999993878929185342e-01 -1.186410140581113963e-04 -1.100062770045968571e-03 2.042717813095209223e-01 1.169793829266421021e-04 9.999988524595359030e-01 -1.510428891202455224e-03 1.592282576826300089e-04 1.100240706494741991e-03 1.510299281994213890e-03 9.999982542317094047e-01 8.364448931454427499e-03
9.999991841131450343e-01 -1.238553194853216609e-04 -1.271390146292941366e-03 3.267604270292631119e-01 1.219133397873477503e-04 9.999988260775313220e-01 -1.527409799883283062e-03 2.995427963693657585e-03 1.271577831608231577e-03 1.527253554270797996e-03 9.999980252912498147e-01 1.593164723145510872e-02
9.999983597381227884e-01 -8.748582799404154174e-05 -1.809106766831205301e-03 5.430225401881400016e-01 8.570840309899457258e-05 9.999995136327710643e-01 -9.825417502289665941e-04 4.780893980655904173e-03 1.809191845419517303e-03 9.823850829511705709e-04 9.999978808699623301e-01 1.512354047824657557e-02
9.999976169498020484e-01 4.450475667056405543e-05 -2.182685053670727331e-03 7.431320333407122058e-01 -4.549393543603639714e-05 9.999998962945041425e-01 -4.531459840552722312e-04 2.308589748856866922e-03 2.182664660162534406e-03 4.532442031185542021e-04 9.999975152692498481e-01 1.386615304333213214e-02
9.999976996395796291e-01 -6.383843851700804603e-05 -2.143977659127068499e-03 8.954558630700609756e-01 6.319836636557642651e-05 9.999999534188227512e-01 -2.986106473904640880e-04 -3.924972202015510753e-03 2.143996622095518771e-03 2.984744645927686233e-04 9.999976570929945963e-01 1.382942709827966743e-02
9.999981670514322962e-01 -8.837990077311607903e-05 -1.912611504935654745e-03 1.052656263488968902e+00 8.718035117062673258e-05 9.999997994764877607e-01 -6.272531950399350825e-04 -7.121735111221440609e-03 1.912666557987215609e-03 6.270853031744361757e-04 9.999979742332784083e-01 1.588239693666846503e-02
9.999981289065364987e-01 -7.990943259120432331e-05 -1.932821230391033006e-03 1.308883012848422345e+00 7.812211928396449619e-05 9.999995693438238353e-01 -9.247751625608247950e-04 1.764535891656706604e-03 1.932894296268147273e-03 9.246224361293476409e-04 9.999977044938603843e-01 2.276707993942280600e-02
9.999977687591369291e-01 -2.549614919099061399e-05 -2.112303646304182318e-03 1.613587002688516847e+00 2.202237962888145854e-05 9.999986474879365428e-01 -1.644547753146705267e-03 4.266627812122398243e-03 2.112342719022886062e-03 1.644497565811766553e-03 9.999964168115771379e-01 1.743486096920205189e-02
9.999972568896763336e-01 2.734106554894291265e-05 -2.342107083133042941e-03 1.902937215750069466e+00 -2.942753545593514329e-05 9.999996027851927316e-01 -8.908217985921533175e-04 -9.483202877318890967e-04 2.342081796796241164e-03 8.908882774089114335e-04 9.999968604805388184e-01 2.404832264524498289e-02
9.999970988780904069e-01 4.948763655179718297e-06 -2.408777887710601175e-03 2.218162290532561087e+00 -6.497989410323181819e-06 9.999997931572569554e-01 -6.431510083199479299e-04 -2.115518525746990040e-03 2.408774206670040701e-03 6.431647946736726747e-04 9.999968920681044926e-01 2.307888967404283370e-02
9.999976317744688759e-01 -9.080987887796047073e-05 -2.174442231866854230e-03 2.535704366626092998e+00 8.770982834568037483e-05 9.999989798012139941e-01 -1.425729117735662944e-03 -6.187264721673817539e-03 2.174569483792023264e-03 1.425535021332661459e-03 9.999966195430177729e-01 1.630522696591782394e-02
9.999984211593687666e-01 -7.722540669250805992e-05 -1.775307017471945822e-03 2.903284743104730836e+00 7.321697299198980590e-05 9.999974484044831247e-01 -2.257836087504759993e-03 -5.302359385734590515e-03 1.775476849916621898e-03 2.257702540135455346e-03 9.999958752220909908e-01 1.165516375871078827e-02
9.999984896786816568e-01 -3.340891724532437214e-04 -1.705586345063248195e-03 3.284950069628785219e+00 3.296379346646843823e-04 9.999965411439549756e-01 -2.609413527663227012e-03 1.390404762580770698e-03 1.706452222491653369e-03 2.608847360650168659e-03 9.999951409563254678e-01 1.399182756493879895e-02
9.999984621739704815e-01 -5.132389895362793678e-04 -1.676972102863922990e-03 3.682798054511696506e+00 5.097134281924048903e-04 9.999976607043351562e-01 -2.102088979708423983e-03 -1.820539579341780637e-03 1.678047053954213495e-03 2.101230971861740328e-03 9.999963844867078011e-01 1.991421429638269222e-02
9.999984540880690886e-01 -7.001208771442900746e-04 -1.612963802844956992e-03 4.079917725061307898e+00 6.978368145642792732e-04 9.999987537091280521e-01 -1.416193479345833912e-03 -5.139212641134664229e-03 1.613953299243857777e-03 1.415065704513252930e-03 9.999976963692465137e-01 1.104544107077964389e-02
9.999984700633524071e-01 -7.303795620671255573e-04 -1.589470556471012227e-03 4.514602682565449498e+00 7.285786522048244519e-04 9.999990923912634999e-01 -1.133309223802040581e-03 -6.299363436793868967e-03 1.590296859748216354e-03 1.132149435594973115e-03 9.999980945949613620e-01 4.745184077494123479e-03
9.999984223714449838e-01 -7.758957727287215831e-04 -1.597886219644611711e-03 4.952567418122132636e+00 7.737452129734737625e-04 9.999987947242801045e-01 -1.346056585889160093e-03 -8.114449628602599801e-03 1.598928693365993421e-03 1.344818105498527460e-03 9.999978174432665456e-01 3.401849523323963783e-03
9.999980305941867931e-01 -1.076662029254443634e-03 -1.667215229843774758e-03 5.428132272459264662e+00 1.073123189970073789e-03 9.999971726581744491e-01 -2.122046718684892242e-03 -2.579297953968345217e-03 1.669495243182735457e-03 2.120253412187931685e-03 9.999963586489207801e-01 1.842643650961587470e-02
9.999977165972390170e-01 -1.195912503211228476e-03 -1.771043080411199323e-03 5.899677300959671911e+00 1.190929707235162437e-03 9.999953375313962445e-01 -2.811868044786631354e-03 -5.465955975224400139e-03 1.774397571130581670e-03 2.809752436342119550e-03 9.999944783870089449e-01 2.866531426939967001e-02
9.999979100406084509e-01 -1.217010327443135247e-03 -1.642802568179650962e-03 6.406150396674445524e+00 1.212940454936117015e-03 9.999961987876972991e-01 -2.476123100532854823e-03 -4.735718199914845834e-03 1.645809790923686384e-03 2.474125303841707632e-03 9.999955849973103383e-01 2.153967247199940413e-02
9.999960828435110471e-01 -2.116929931897137615e-03 -1.831094016516234251e-03 6.935267912315413952e+00 2.113002644388383908e-03 9.999954691059935730e-01 -2.144058606615083153e-03 4.854763673793046318e-03 1.835624541863414708e-03 2.140181101502977145e-03 9.999960250457968769e-01 1.985517427200422097e-02
9.999925560216877951e-01 -3.402181161829243364e-03 -1.820182560522349072e-03 7.432070991712185659e+00 3.397380003838184302e-03 9.999907589469166913e-01 -2.634355685747550007e-03 6.211362114360476604e-03 1.829128295406294439e-03 2.628152223826505426e-03 9.999948735396433364e-01 1.924029966784307141e-02
9.999846066387223509e-01 -5.056946687863207029e-03 -2.283369395409168019e-03 7.940542254076782491e+00 5.052627304634991351e-03 9.999854427142014224e-01 -1.893493333232476334e-03 -1.816993112875226564e-03 2.292911450588275800e-03 1.881927171451708552e-03 9.999956004439225499e-01 1.849586452760944300e-02
9.999753077328328299e-01 -6.398255812983712730e-03 -2.906242794036251100e-03 8.475250885489442609e+00 6.393427157792899544e-03 9.999781711283640684e-01 -1.667739772952937880e-03 9.816312859245556865e-04 2.916849979732196851e-03 1.649117741070367255e-03 9.999943861826784408e-01 2.855547622282642029e-02
9.999713350954769764e-01 -6.780377657733386611e-03 -3.369787261495771173e-03 9.007314514475082134e+00 6.774308965782749499e-03 9.999754176898182356e-01 -1.809075484757290131e-03 2.231123200036809126e-02 3.381970639338064463e-03 1.786195647722913036e-03 9.999926858631030813e-01 4.094976994748519145e-02
9.999709173347495206e-01 -6.644165816809241391e-03 -3.744268326155953189e-03 9.575566365893282139e+00 6.641548517446208867e-03 9.999776918959689676e-01 -7.110159639128164899e-04 2.121369230539864661e-02 3.748908906591248268e-03 6.861275459230482213e-04 9.999927374291279758e-01 5.112098292967836438e-02
9.999737081264399308e-01 -6.249692022811816940e-03 -3.677554279333231438e-03 1.019656489218621331e+01 6.249136685297257930e-03 9.999804607547660984e-01 -1.624788421031723485e-04 1.877749375869220902e-02 3.678497865421674184e-03 1.394930308708463532e-04 9.999932245746210313e-01 4.769119849209127460e-02
9.999769657806611978e-01 -5.857446071315904230e-03 -3.429028087360658401e-03 1.080881544822118734e+01 5.860805591423711401e-03 9.999823543859781561e-01 9.705021872254270422e-04 2.952477118113312066e-02 3.423282915830791560e-03 -9.905766994527305004e-04 9.999936499257786604e-01 4.178157522843089361e-02
9.999753925743516403e-01 -6.462152078901315690e-03 -2.730354607074441872e-03 1.138181267088306470e+01 6.462399554017890339e-03 9.999791151301867798e-01 8.182574686146230675e-05 3.259642947618969500e-02 2.729768813553740472e-03 -9.946837573554885212e-05 9.999962692271741060e-01 4.212152901874121474e-02
9.999747373059030275e-01 -6.717975597755353190e-03 -2.322402604672444814e-03 1.198759732880457918e+01 6.713900291282567587e-03 9.999759159437013878e-01 -1.758145453040369562e-03 3.800225052829032946e-02 2.334157850048194927e-03 1.742508658025625125e-03 9.999957576763551792e-01 5.127192305541852096e-02
9.999772271871288920e-01 -6.476789990927384576e-03 -1.896390928725844678e-03 1.264402989989954484e+01 6.472462536251394859e-03 9.999764558334430786e-01 -2.279255909933200833e-03 3.740070342610685161e-02 1.911108541646178768e-03 2.266929685624613500e-03 9.999956043373102732e-01 6.057954042909553111e-02
9.999787451799591054e-01 -6.291215033320055224e-03 -1.711666357339275933e-03 1.332760802884244278e+01 6.288382618956557361e-03 9.999788581375458341e-01 -1.655150134463997426e-03 4.594867328609033436e-02 1.722043074932923072e-03 1.644351341574804308e-03 9.999971653341390709e-01 6.405521745745737516e-02
9.999805500633741628e-01 -6.022552440527474335e-03 -1.621220852554480828e-03 1.397822027375974763e+01 6.020817413736383183e-03 9.999812990831007387e-01 -1.072959339729153295e-03 4.883011200148220515e-02 1.627652488128114366e-03 1.063177395997420621e-03 9.999981101988155707e-01 5.002238698289244306e-02
9.999789140338161131e-01 -6.349098667251107733e-03 -1.363977222459578477e-03 1.461396967523296198e+01 6.348126859959744850e-03 9.999795943696105915e-01 -7.156324188416334766e-04 4.975050669839363449e-02 1.368493010481226487e-03 7.069586285983808565e-04 9.999988137174852243e-01 4.994034411473036866e-02
9.999741101763903739e-01 -6.967968913408808390e-03 -1.796214396454376243e-03 1.528700432308155399e+01 6.965732377322470664e-03 9.999749597188534178e-01 -1.248402068657791927e-03 5.644356620391129814e-02 1.804868245546732740e-03 1.235857798970445721e-03 9.999976075501965100e-01 5.749852870336021049e-02
9.999703781149501536e-01 -7.315889280245439601e-03 -2.391789431123380119e-03 1.600212389429373161e+01 7.310854531100865854e-03 9.999710555107927945e-01 -2.107023174038760802e-03 6.821304648709683449e-02 2.407134950252183807e-03 2.089474735440534879e-03 9.999949198854268806e-01 6.896418647359892073e-02
9.999693352955910663e-01 -6.951210579723939194e-03 -3.606818538559865457e-03 1.671517351687941044e+01 6.938317606641605274e-03 9.999695394738874477e-01 -3.574894847526028426e-03 8.098067593114595397e-02 3.631558519855111657e-03 3.549759971862183599e-03 9.999871054102943413e-01 7.465767449997261218e-02
9.999656984417222283e-01 -6.660313807976644962e-03 -4.923632798850968717e-03 1.740850769369770035e+01 6.644518017247316721e-03 9.999727483943310347e-01 -3.217584343311483304e-03 8.001944353286867539e-02 4.944928743381563248e-03 3.184758808312341313e-03 9.999827023459234576e-01 7.744715025101958639e-02
9.999669035630947000e-01 -6.764969801639966231e-03 -4.519619676413099904e-03 1.813225819673286665e+01 6.757175291888860118e-03 9.999756602911956671e-01 -1.737644170096227028e-03 7.548727151081216502e-02 4.531264780522966697e-03 1.707046797859394262e-03 9.999882767466420352e-01 8.032001631716079171e-02
9.999719887599050061e-01 -7.049564745731477788e-03 -2.515021362948917979e-03 1.888194140296056744e+01 7.047538695274068246e-03 9.999748348630620454e-01 -8.135348366595962933e-04 7.633348232829718916e-02 2.520693138595856211e-03 7.957873381651375507e-04 9.999965064082041444e-01 7.023952144983572343e-02
9.999696578192331931e-01 -7.668493787023564559e-03 -1.370271478200471137e-03 1.962410863859976473e+01 7.666668495186088061e-03 9.999697230068671505e-01 -1.332390241023570813e-03 9.279258824303818209e-02 1.380447416785515313e-03 1.321844396226253817e-03 9.999981735444928299e-01 6.475709756764091996e-02
9.999675714081578404e-01 -7.860202960021154747e-03 -1.753094834273983844e-03 2.035978141201941582e+01 7.856588629397953313e-03 9.999670164540123141e-01 -2.059130682925851448e-03 1.063965295991487620e-01 1.769222196078901362e-03 2.045290563276172622e-03 9.999963433129807067e-01 9.485300033302160316e-02
9.999623217931281616e-01 -7.894901366483591046e-03 -3.609089429452847636e-03 2.109361992603363234e+01 7.886166382927406807e-03 9.999659556990678766e-01 -2.428131510158556931e-03 1.064829254181012541e-01 3.628136419303773248e-03 2.399578142785676379e-03 9.999905392806771598e-01 1.163390803589246653e-01
9.999520052597546949e-01 -8.372467071563331406e-03 -5.088120687558720691e-03 2.184690856445686791e+01 8.361739490814959833e-03 9.999627800537155276e-01 -2.125986813758379973e-03 1.123842670596875148e-01 5.105731062572811153e-03 2.083339237886296189e-03 9.999847954883797074e-01 1.334367909980874456e-01
9.999541002101572928e-01 -8.302947334698449269e-03 -4.781060389902509755e-03 2.261377688675703013e+01 8.297740048915655878e-03 9.999649593566755090e-01 -1.107957076278922107e-03 1.219738025988990476e-01 4.790092167724126389e-03 1.068234225008387727e-03 9.999879568738141433e-01 9.815292423183732962e-02
9.999568659599318288e-01 -8.895293066661981787e-03 -2.672074259633921110e-03 2.338094235690719813e+01 8.894408826711363777e-03 9.999603852667885429e-01 -3.426203715552721412e-04 1.217718616803778880e-01 2.675016114740596911e-03 3.188390720739211191e-04 9.999963713086322814e-01 8.904920436928839833e-02
9.999551679638073454e-01 -9.406570733026010933e-03 1.085582571009277271e-03 2.414980947660362176e+01 9.407301149507399374e-03 9.999555261044013044e-01 -6.697001959264794286e-04 1.238440647491565877e-01 -1.079234708660446176e-03 6.798825740711982729e-04 9.999991865057337170e-01 9.361893354157921343e-02
9.999521546612817335e-01 -9.307646246372928284e-03 3.009337071933449598e-03 2.491047752666330339e+01 9.313101211698114612e-03 9.999550052555059576e-01 -1.803776671785035576e-03 1.378660962986451577e-01 -2.992412752412366636e-03 1.831716630210233551e-03 9.999938451211116686e-01 1.292921858642459565e-01
9.999552109778816478e-01 -9.303094338272869385e-03 1.740251106420662381e-03 2.566905871070764533e+01 9.306344502464272694e-03 9.999549484541557787e-01 -1.868960686602224317e-03 1.496505208658381603e-01 -1.722785587836176769e-03 1.885072353997839295e-03 9.999967392507029817e-01 1.383631801309214426e-01
9.999563289107236130e-01 -9.332977759498850209e-03 4.855898778802899217e-04 2.642703028622488404e+01 9.333128642109141462e-03 9.999563975439559327e-01 -3.093875624148811573e-04 1.527787917657507655e-01 -4.826811977299005907e-04 3.139061239205848119e-04 9.999998342408896734e-01 1.286499543814891011e-01
9.999521003934550567e-01 -9.652936386912407477e-03 1.617942467396156752e-03 2.718695411311314558e+01 9.650999529516606293e-03 9.999527071764079400e-01 1.200674249848474474e-03 1.589138557188158052e-01 -1.629455982483654902e-03 -1.185001976032692582e-03 9.999979703196991698e-01 1.326347603297160227e-01
9.999452707438685195e-01 -1.005015531814619154e-02 2.906870319190743915e-03 2.793722798017604347e+01 1.004767779414398113e-02 9.999491461161984507e-01 8.656514487023653530e-04 1.785305429502962449e-01 -2.915422425056143473e-03 -8.363967758859196331e-04 9.999954003656800205e-01 1.335348495658682244e-01
9.999469499906790126e-01 -1.011402967673298743e-02 1.950284091279420482e-03 2.868454867785325391e+01 1.011512867898914543e-02 9.999486870505459590e-01 -5.544706455165427208e-04 1.938604178352827390e-01 -1.944576083886791771e-03 5.741686053875069522e-04 9.999979444750206614e-01 1.571073727362437000e-01
9.999505835599209469e-01 -9.732664241591307969e-03 -2.026248981258328957e-03 2.941384217021355241e+01 9.730629580585903327e-03 9.999521446115429146e-01 -1.011600089605318477e-03 1.806654184199302793e-01 2.035997578345111712e-03 9.918334216554422402e-04 9.999974354868739201e-01 1.793176945935188171e-01
9.999389889249810093e-01 -9.536331969666991121e-03 -5.574656962618442305e-03 3.014273069806552385e+01 9.547600291039452791e-03 9.999524240476295178e-01 1.998241715163621892e-03 1.852286319256871150e-01 5.555335846652869995e-03 -2.051344396727173766e-03 9.999824649611596117e-01 2.003475543046437934e-01
9.999330844501402860e-01 -9.950779839458908510e-03 -5.899881576377438881e-03 3.087790623022950953e+01 9.973680042844636218e-03 9.999427927439780150e-01 3.864834508327457535e-03 1.942253222312688155e-01 5.861085943033289732e-03 -3.923419421934679074e-03 9.999751269164688372e-01 1.928033065014330416e-01
9.999363930928827360e-01 -1.090075714706116930e-02 -2.895386332892032309e-03 3.161453430595961578e+01 1.090853456466349056e-02 9.999368978287899168e-01 2.684070451328354236e-03 2.096556414558237436e-01 2.865945227572400979e-03 -2.715484147798867542e-03 9.999922062215262919e-01 1.842564004350083773e-01
9.999393319057218177e-01 -1.100351983546509448e-02 5.050338298253756247e-04 3.232666161358292101e+01 1.100288241168389212e-02 9.999386876242869482e-01 1.248026783844890858e-03 2.118192692584784376e-01 -5.187355524726827141e-04 -1.242394240594815952e-03 9.999990936845780665e-01 1.871644763293706659e-01
9.999408111573796498e-01 -1.079767178674016607e-02 1.335839027531568728e-03 3.303862668048164153e+01 1.079546321610065120e-02 9.999403665702280009e-01 1.649629457751734416e-03 2.204722112702219294e-01 -1.353571524323276013e-03 -1.635110817009028956e-03 9.999977471258345574e-01 2.015888150222075459e-01
9.999399021996787651e-01 -1.093314994716418527e-02 -8.113082827334298268e-04 3.376053405419997233e+01 1.093587529679189950e-02 9.999343034332175417e-01 3.434450322693506814e-03 2.350379683708622713e-01 7.737056222005574265e-04 -3.443116285991026839e-03 9.999937731455388334e-01 2.164359805903937894e-01
9.999341029798590741e-01 -1.105006960953192757e-02 -3.112179218659633876e-03 3.446801001837455658e+01 1.106609743481164199e-02 9.999253477174270266e-01 5.180779839554314897e-03 2.475680459005527856e-01 3.054698909518450793e-03 -5.214878120069164728e-03 9.999817367636095744e-01 2.225913477252515482e-01
9.999357690756125461e-01 -1.098703595970035654e-02 -2.782582250991373542e-03 3.516514010483101060e+01 1.100257514008450357e-02 9.999236084569717020e-01 5.632103574635640569e-03 2.524885057704966962e-01 2.720489560736337985e-03 -5.662357389716795968e-03 9.999802681279971184e-01 2.165690885017333145e-01
9.999378536268939133e-01 -1.110336663169074652e-02 1.002064610093155676e-03 3.587379562444593972e+01 1.109623797513624617e-02 9.999149082631300089e-01 6.859281007182678122e-03 2.503435732783998446e-01 -1.078140454527569013e-03 -6.847735580365908736e-03 9.999759727766370787e-01 2.079136993398022215e-01
9.999274087305474179e-01 -1.122669108400515744e-02 4.374777333422297416e-03 3.656997759685447846e+01 1.120004383793487407e-02 9.999188614591588697e-01 6.068732672298956382e-03 2.693843070043818178e-01 -4.442554157356267373e-03 -6.019294437374774105e-03 9.999720155119518061e-01 2.195209543457942447e-01
9.999257731157407125e-01 -1.140686036081003940e-02 4.281564620229550734e-03 3.725709170663412095e+01 1.138245763374019087e-02 9.999190783726211729e-01 5.681229150812074080e-03 2.845649304616037489e-01 -4.346023136653829819e-03 -5.632072722977562486e-03 9.999746955997130815e-01 2.446338763074083211e-01
9.999293774109883071e-01 -1.163366285077756766e-02 2.428596126906585814e-03 3.792015412085824977e+01 1.161798680469690835e-02 9.999122057386260476e-01 6.372063835316958691e-03 3.020138338919812759e-01 -2.502513352427159551e-03 -6.343398425915222454e-03 9.999767490913631374e-01 2.618910456384022645e-01
9.999294814581279889e-01 -1.181681066334325757e-02 1.181142085434071752e-03 3.858565006807835829e+01 1.180868116298207544e-02 9.999080436250575854e-01 6.667783972281123711e-03 2.971115430754411313e-01 -1.259825412634123492e-03 -6.653366039582808353e-03 9.999770725173017238e-01 2.598220092529817116e-01
9.999270785686182883e-01 -1.198464866081408627e-02 1.485173964609545457e-03 3.926240257605199702e+01 1.197409384039828557e-02 9.999043433161696193e-01 6.922809701340113843e-03 3.024647527063005770e-01 -1.567999339809416108e-03 -6.904521267725955390e-03 9.999749341679189385e-01 2.462122822952780565e-01
9.999250371946030169e-01 -1.187384600074411004e-02 2.988607120761577716e-03 3.995918198584554659e+01 1.185378102626488336e-02 9.999076662944219596e-01 6.644302899788556531e-03 3.164569317408741367e-01 -3.067224601005988805e-03 -6.608378529820239586e-03 9.999734603810510603e-01 2.521245481411660272e-01
9.999204555753505863e-01 -1.198822421015785164e-02 3.919821714092741952e-03 4.063408755427648344e+01 1.196348615216480740e-02 9.999087473671048887e-01 6.274706195049052117e-03 3.306781033703083406e-01 -3.994686604759966828e-03 -6.227312344359420791e-03 9.999726311554208991e-01 2.762598895785052799e-01
9.999222422805777999e-01 -1.208712360084841092e-02 3.067708532331259955e-03 4.129758509629347429e+01 1.206572606651731480e-02 9.999033974331832386e-01 6.900293911509348087e-03 3.379187550962770570e-01 -3.150816889203386130e-03 -6.862743229588422200e-03 9.999714871476563793e-01 2.998700704958531804e-01
9.999245553014803889e-01 -1.221775191820252508e-02 1.268953585417675238e-03 4.194052248136125627e+01 1.220796124304976242e-02 9.998976800879926241e-01 7.456207946305342532e-03 3.325927060969777194e-01 -1.359921845136962846e-03 -7.440154078754725002e-03 9.999713969508625677e-01 2.832390286685463887e-01
9.999252351970148167e-01 -1.222791238910712029e-02 4.663473857593011834e-05 4.258714192458590020e+01 1.222722184789561302e-02 9.998972849392713247e-01 7.477607702736063615e-03 3.428860855266389063e-01 -1.380654803550943109e-04 -7.476478427574978838e-03 9.999720412132756531e-01 2.703232030584873935e-01
9.999248356189408549e-01 -1.225638795886454732e-02 -3.225936079630631185e-04 4.324565199796796122e+01 1.225854765425778148e-02 9.998938897928794090e-01 7.870016789896506354e-03 3.578353611963359659e-01 2.261013984687571313e-04 -7.873379774071743997e-03 9.999689789033912035e-01 2.826021299693051714e-01
9.999282194408085633e-01 -1.198029961558570548e-02 1.684845839709975571e-04 4.390365634725030475e+01 1.197851455321485674e-02 9.998946021063621625e-01 8.203649654764333388e-03 3.591877598838762453e-01 -2.667490068561094744e-04 -8.201042597163610628e-03 9.999663353059876636e-01 2.917925360498864196e-01
9.999368078963695172e-01 -1.120973704467419750e-02 8.497113675339238240e-04 4.454745947254856020e+01 1.120300455461430318e-02 9.999087237919527249e-01 7.552269440224293993e-03 3.626019013665417456e-01 -9.342927636178037336e-04 -7.542272876110592099e-03 9.999711201914254222e-01 2.928521211197795404e-01
9.999473537026195569e-01 -1.023236958958540811e-02 7.670956331801025065e-04 4.516251406050166395e+01 1.022650870560282317e-02 9.999211327175169250e-01 7.290189614280578531e-03 3.624473449735906572e-01 -8.416310489435847733e-04 -7.281961102619438110e-03 9.999731319888937042e-01 2.988764375802571149e-01
9.999516079073564878e-01 -9.829141960200396197e-03 -4.120822958139203724e-04 4.580166533756675307e+01 9.831805725682101968e-03 9.999267694077083046e-01 7.056303425747189988e-03 3.646324876194709796e-01 3.426947106974074955e-04 -7.060013469533524440e-03 9.999750190730493093e-01 3.086453835390517986e-01
9.999540660634599343e-01 -9.455738809014893262e-03 -1.566769520118755981e-03 4.645751584673993051e+01 9.465891425537642165e-03 9.999333866911824797e-01 6.604474227524938929e-03 3.633676073488888436e-01 1.504214969150520281e-03 -6.619001728191177721e-03 9.999769628113683861e-01 3.138067654092256409e-01
9.999529990610497299e-01 -9.379972323104850476e-03 -2.452710343695037581e-03 4.709812009829426671e+01 9.392602357841011926e-03 9.999424217294035078e-01 5.189628780865066134e-03 3.899048992889953547e-01 2.403890546543471611e-03 -5.212422196396853183e-03 9.999835258468444676e-01 3.238167881207091314e-01
9.999582059844570603e-01 -8.836004279998702776e-03 -2.347618518828237417e-03 4.770342306194839921e+01 8.849055034876304737e-03 9.999451198332108826e-01 5.608167859036346237e-03 3.962021493516427184e-01 2.297935885926970321e-03 -5.628707676655684763e-03 9.999815183994926748e-01 3.283372081471997994e-01
9.999643711836101456e-01 -8.357605103494765431e-03 -1.186086127189569465e-03 4.830113143278206422e+01 8.365283248772045765e-03 9.999430750554958447e-01 6.623343923328377583e-03 3.992384563174572465e-01 1.130663316326791651e-03 -6.633029887835227567e-03 9.999773620012466502e-01 3.373003334910216755e-01
9.999663023109297555e-01 -8.192586507874258239e-03 -5.251370460935881040e-04 4.893019067459371030e+01 8.195978613180554539e-03 9.999431523689132906e-01 6.820407985785352338e-03 4.039330843766485990e-01 4.692304108539790443e-04 -6.824482165796488288e-03 9.999766028592820266e-01 3.493704335180646270e-01
9.999667261720076583e-01 -8.121726777051772872e-03 -7.642663122239974063e-04 4.955734117690043661e+01 8.126656188045002643e-03 9.999446366825405219e-01 6.684386959418741996e-03 4.128891123727472245e-01 7.099352353490435020e-04 -6.690375473832369316e-03 9.999773671778680040e-01 3.619833631702083498e-01
9.999686254003586905e-01 -7.869130830781147223e-03 -9.082922905412853633e-04 5.017837238982323100e+01 7.875052717254926032e-03 9.999464677942866420e-01 6.711563933244536588e-03 4.118373762141256944e-01 8.554294929816871548e-04 -6.718506210283852788e-03 9.999770646943283436e-01 3.565144738938692548e-01
9.999729785888108458e-01 -7.309946306756047105e-03 -7.789590580160918971e-04 5.078376071928576607e+01 7.314962103152968312e-03 9.999511762539324833e-01 6.643526007037610370e-03 4.179820560011244801e-01 7.303572079178642954e-04 -6.649044545578925575e-03 9.999776281422398938e-01 3.540367409506261498e-01
9.999788137009536504e-01 -6.509126926306771366e-03 -5.844562091828290880e-05 5.136107661879232467e+01 6.509374018033016115e-03 9.999556201296314617e-01 6.810713696632325100e-03 4.246724402535696496e-01 1.411122719908715607e-05 -6.810949847221501458e-03 9.999768051125245139e-01 3.615752113788905930e-01
9.999812410981308020e-01 -5.697891962169182936e-03 2.247549561049103604e-03 5.196585796637803156e+01 5.678409781467826795e-03 9.999470565467546423e-01 8.581361537371426026e-03 4.386256664416727791e-01 -2.296326238942258784e-03 -8.568438053040645930e-03 9.999606536034982840e-01 3.712255965387267209e-01
9.999690927925695139e-01 -5.761465092061687603e-03 5.349670980396799280e-03 5.258521931920898851e+01 5.711351331838955547e-03 9.999401068023980876e-01 9.336127354156360109e-03 4.538535082019955480e-01 -5.403140343341679593e-03 -9.305284950052837220e-03 9.999421071974259334e-01 3.681624397327177278e-01
9.999622334798988765e-01 -5.707208500301981340e-03 6.554340929963956182e-03 5.316401193793513613e+01 5.649140564061399562e-03 9.999449333590934019e-01 8.844063566357864350e-03 4.615194799095328482e-01 -6.604454919188713913e-03 -8.806703163635264120e-03 9.999394097417143579e-01 3.848579832615781626e-01
9.999743889514391970e-01 -5.279933216703922710e-03 4.831536652338098460e-03 5.372398521040948793e+01 5.236579847309609514e-03 9.999463072724708024e-01 8.942080499087156839e-03 4.669251557542963282e-01 -4.878490821810646527e-03 -8.916550755564089242e-03 9.999483463909147885e-01 3.989211804553942087e-01
9.999866100047419826e-01 -4.793661033940114884e-03 1.949519201169635238e-03 5.431555896283791895e+01 4.774921779963269865e-03 9.999434173082525357e-01 9.505908893378814048e-03 4.496794341921108717e-01 -1.994976997179994695e-03 -9.496472807609688052e-03 9.999529174271132304e-01 3.903004828938623771e-01
9.999880496636023297e-01 -4.829832537129717489e-03 7.571311960629318119e-04 5.488905660990451452e+01 4.821937838639043725e-03 9.999373324896334569e-01 1.010346519747516540e-02 4.552530940574409657e-01 -8.058817934843769907e-04 -1.009969361810416494e-02 9.999486720543986351e-01 3.840389615341875951e-01
9.999896029078298998e-01 -4.506878978839936808e-03 6.943472551090793671e-04 5.543592987298249852e+01 4.499452139011203729e-03 9.999363127526129658e-01 1.035013860570394538e-02 4.719798784967449423e-01 -7.409498561537974579e-04 -1.034690681211667025e-02 9.999461948088667063e-01 3.873044313689854024e-01
9.999920876017340809e-01 -3.806130480416216808e-03 1.156764752125286977e-03 5.600424873739719089e+01 3.794283771196061729e-03 9.999420324558611073e-01 1.007646459355671098e-02 4.799632257134328617e-01 -1.195050036337830766e-03 -1.007199577082965210e-02 9.999485620553704157e-01 3.997854996348983447e-01
9.999885556322051228e-01 -3.809829313499853501e-03 2.893752791464348790e-03 5.656272140592666631e+01 3.780666978755928102e-03 9.999426797603218064e-01 1.001717280185786436e-02 4.920856738377156758e-01 -2.931750639439684690e-03 -1.000611784602468447e-02 9.999456397444010936e-01 4.053717200230055329e-01
9.999678719168131336e-01 -4.362691535275291244e-03 6.724734695737995434e-03 5.710832251557873462e+01 4.292643551223395554e-03 9.999367468118260938e-01 1.039594087729319924e-02 4.888330580077279719e-01 -6.769663618095454576e-03 -1.036673998661453988e-02 9.999233482405277540e-01 4.212212508692622093e-01
9.999378308122288672e-01 -4.914374140479234147e-03 1.000916766478617340e-02 5.763010999343764240e+01 4.808203976933446942e-03 9.999322171938922477e-01 1.060387628289696099e-02 4.842050939411330357e-01 -1.006060063070855944e-02 -1.055509092874960461e-02 9.998936815334094064e-01 4.339450320726905286e-01
9.999261838779324174e-01 -5.823567131706628222e-03 1.066362326687211697e-02 5.817766739798867803e+01 5.718308249606467511e-03 9.999348918914402473e-01 9.874863483413830884e-03 4.835827895854101777e-01 -1.072043590894291784e-02 -9.813156674387890979e-03 9.998943815273722002e-01 4.425071982096134837e-01
9.999377804486758725e-01 -6.435707340495897683e-03 9.111361171810425374e-03 5.869784250242234691e+01 6.350504784696089228e-03 9.999361269889217585e-01 9.349493642672911803e-03 4.846051430625286094e-01 -9.170949806603432772e-03 -9.291050178656683547e-03 9.999147814020065139e-01 4.318312497557300067e-01
9.999478872900326998e-01 -6.823139931328776019e-03 7.593909775445811979e-03 5.919729867209955643e+01 6.749241441076332150e-03 9.999300333862625179e-01 9.714734794011784316e-03 4.845042070637990417e-01 -7.659663450189089715e-03 -9.662975402298819988e-03 9.999239753412277887e-01 4.337935562493928643e-01
9.999632783198730834e-01 -7.253623618956417211e-03 4.563656008786372807e-03 5.967765522315312410e+01 7.196212266487299683e-03 9.998963112665102404e-01 1.247322110129158411e-02 4.978201677800389024e-01 -4.653658860259531765e-03 -1.243992202630569109e-02 9.999117920092710499e-01 4.550543665240703861e-01
9.999685524765175026e-01 -7.918872156466741016e-03 4.307224021730287939e-04 6.015468275412300159e+01 7.911743131553667860e-03 9.998621829267618777e-01 1.459518665693674243e-02 5.089003111330022699e-01 -5.462404585082343382e-04 -1.459131990945461595e-02 9.998933918196786230e-01 4.571076089169540668e-01
9.999576164512397058e-01 -8.581362592587746599e-03 -3.335493548162795675e-03 6.064024437354414943e+01 8.626244220172730667e-03 9.998691768478081832e-01 1.368273000319907354e-02 5.076535374014724544e-01 3.217640720968779379e-03 -1.371092286248607253e-02 9.999008237732628368e-01 4.388728047779013042e-01
9.999530933626120666e-01 -8.887832608693205239e-03 -3.849351382135488171e-03 6.111033388853010706e+01 8.927068935370815334e-03 9.999071183595178436e-01 1.029864525985519502e-02 4.974386823347633491e-01 3.757461212898418213e-03 -1.033252561018119242e-02 9.999395583732791914e-01 4.274432140921822221e-01
9.999613222370933308e-01 -8.307342954497351495e-03 -2.888266414363478869e-03 6.157469459166997439e+01 8.327313677186243962e-03 9.999410178515918401e-01 6.972565155245961065e-03 4.939068568318022434e-01 2.830172568187977727e-03 -6.996346972439722138e-03 9.999715202205888831e-01 4.562456381016320450e-01
9.999693739549565530e-01 -7.499801248630325913e-03 -2.236992034666609140e-03 6.201529228370044677e+01 7.514842188826641699e-03 9.999486907043472206e-01 6.792871671004796670e-03 5.043173922325318026e-01 2.185932068740942865e-03 -6.809474274329207176e-03 9.999744260535357032e-01 4.905402726923672185e-01
