1.000000000000000000e+00 0.000000000000000000e+00 0.000000000000000000e+00 0.000000000000000000e+00 0.000000000000000000e+00 1.000000000000000000e+00 0.000000000000000000e+00 0.000000000000000000e+00 0.000000000000000000e+00 0.000000000000000000e+00 1.000000000000000000e+00 0.000000000000000000e+00
9.999999977555674713e-01 2.760718242572290177e-06 6.694209111938656922e-05 -4.053623403432631174e-03 -2.749371320559130292e-06 9.999999856305786805e-01 -1.695030484449363151e-04 -1.212443564328057895e-04 -6.694255810762547352e-05 1.695028640158327072e-04 9.999999833937364135e-01 -6.092826519297436620e-03
9.999999997758934889e-01 -1.852548488410546209e-05 -1.024789393675100544e-05 -8.164562467509486193e-03 1.852556743199759500e-05 9.999999997959595488e-01 8.055071694960688029e-06 1.434354366414937552e-03 1.024774471055109650e-05 -8.055261541205654431e-06 9.999999999150482877e-01 -2.019443940753156037e-03
9.999999998098659804e-01 -1.410486612280692422e-05 1.346554127261670592e-05 -3.805748174924217329e-03 1.410430691496440640e-05 9.999999990382469894e-01 4.152799709330313007e-05 5.143045511361723533e-03 -1.346612700650553006e-05 -4.152780716328035747e-05 9.999999990470522793e-01 -7.452325564121006080e-04
9.999999838521288487e-01 -2.510464806097908582e-05 -1.779480226808491806e-04 -1.034347314052568370e-03 2.511784394213448240e-05 9.999999969351412998e-01 7.415397091289995695e-05 5.277284945629063043e-03 1.779461605261215093e-04 -7.415843938613469858e-05 9.999999814178447410e-01 1.422039810978542942e-03
9.999999891998031520e-01 -4.926647880995607882e-05 -1.384673520182342786e-04 -6.253668771547218896e-03 4.927127353640100497e-05 9.999999981867625509e-01 3.462392807702389979e-05 1.689992028044294938e-03 1.384656459681411972e-04 -3.463075016585581760e-05 9.999999898139879662e-01 3.103195633552338194e-03
9.999999999815045726e-01 -4.902193193697604080e-06 -3.599913301330316919e-06 3.672797131023119869e-04 4.902355767485904702e-06 9.999999989681869206e-01 4.516185312487463538e-05 4.888601998107216899e-03 3.599691905486876011e-06 -4.516187077209508519e-05 9.999999989737238248e-01 8.369482972649595117e-04
9.999999962089858307e-01 -2.027309476205589928e-05 8.468193446827845772e-05 -3.156889995436237308e-03 2.027932505175430178e-05 9.999999970879092093e-01 -7.357262083591787835e-05 1.464485472747595156e-03 -8.468044267696285803e-05 7.357433784947812723e-05 9.999999937080197299e-01 -4.230967436604806536e-03
9.999999989879830853e-01 -1.799719076677665721e-05 4.123269290201604518e-05 -4.108595695711369199e-03 1.799740027276940490e-05 9.999999998251399846e-01 -5.080699593458474390e-06 3.719430709884542774e-03 -4.123260145648628071e-05 5.081441669595201183e-06 9.999999991370257524e-01 -6.927344488236551875e-04
9.999999964351061754e-01 -4.202009054594280118e-05 -7.324001386241690771e-05 -5.896283426395777620e-03 4.202630650638216513e-05 9.999999955152982789e-01 8.487162603888924787e-05 3.478648466316301528e-03 7.323644722054636381e-05 -8.487470374360202231e-05 9.999999937163537300e-01 2.311950569063306142e-03
9.999999964087573634e-01 -4.774762572436648804e-05 -7.001892207954579404e-05 -7.940481094101782891e-03 4.774675094885516904e-05 9.999999987820609171e-01 -1.249503422514814497e-05 1.435715626089651212e-03 7.001951860248461351e-05 1.249169100424120720e-05 9.999999974706123007e-01 4.419801119626790573e-04
9.999999984012559739e-01 -3.387728763063528007e-05 -4.527490891043427581e-05 2.934377018395942704e-04 3.387725719291511891e-05 9.999999994259392011e-01 -6.730534491526024874e-07 6.123793832901383051e-03 4.527493168566901758e-05 6.715196583430177419e-07 9.999999989748648010e-01 -2.393763084905352421e-03
9.999999996500228416e-01 -4.269104932375705721e-06 2.610994188769493431e-05 2.986239799536098694e-03 4.271628151784949719e-06 9.999999953213313253e-01 -9.663896989325925814e-05 8.115177541339528219e-03 -2.610952920363213541e-05 9.663908139140062561e-05 9.999999949895902462e-01 -2.165793404189288000e-03
9.999999989623495900e-01 -8.513164743995231293e-06 -4.475295392262355800e-05 -6.171158604419875199e-04 8.512293616247981111e-06 9.999999997743193036e-01 -1.946541138461565045e-05 3.652022252383495607e-03 4.475311962477760948e-05 1.946503041413337421e-05 9.999999988091354819e-01 -2.036822137640603107e-03
9.999999995166632960e-01 1.201231500340674571e-05 -2.867712665987931473e-05 -8.485786317918474903e-03 -1.201233419634925722e-05 9.999999999276281137e-01 -6.691048964506206296e-07 -1.282493134821556643e-04 2.867711862030510682e-05 6.694493753564471989e-07 9.999999995885873183e-01 -2.901812416832304058e-03
9.999999935083366820e-01 -1.119604872708097665e-04 2.117016551272789821e-05 -5.512590163478255610e-03 1.119615137077294658e-04 9.999999925566647185e-01 -4.849010094306652581e-05 8.937833482407536723e-03 -2.116473637982186159e-05 4.849247087206136298e-05 9.999999986002671148e-01 -2.927308059167915352e-03
9.999999991246505404e-01 4.082812709613021319e-05 9.152204603880326515e-06 3.327763131021343481e-04 -4.082821008780484871e-05 9.999999991254148179e-01 9.067940125514915357e-06 9.677782382248173443e-03 -9.151834368863997677e-06 -9.068313785709631911e-06 9.999999999170048337e-01 -2.729076935094073338e-03
9.999999998665289880e-01 1.595480104950385925e-05 -3.519426316172279606e-06 1.220822497869192801e-03 -1.595497693234652572e-05 9.999999986236943750e-01 -4.998049568903846653e-05 6.055767028343900238e-03 3.518628882463399043e-06 4.998055183473320873e-05 9.999999987447818484e-01 -3.783630328288549623e-03
9.999999958929228772e-01 -9.046669887532027006e-05 -5.470885121670876483e-06 7.072050844582754726e-04 9.046662967038931319e-05 9.999999958279008894e-01 -1.264860197152847652e-05 6.865325986877605056e-03 5.472029376111553522e-06 1.264810698704142172e-05 9.999999999050411814e-01 -2.113710670122602789e-03
9.999999891535131802e-01 -1.229162710993997787e-04 -8.114532592404083129e-05 -3.409396168128973285e-03 1.229152813221377836e-04 9.999999923714667505e-01 -1.220246241969095421e-05 4.797706110068008199e-03 8.114682518619990067e-05 1.219248828677317656e-05 9.999999966332679957e-01 -1.562097535163359295e-03
9.999999837411690518e-01 -1.517549688750380711e-04 -9.740683265312206538e-05 -2.965242982331123441e-03 1.517580615819743759e-04 9.999999879809107206e-01 3.174380482297331198e-05 6.983323661142105086e-03 9.740201420226776642e-05 -3.175858657896442718e-05 9.999999947521198695e-01 -1.011275373219599170e-03
9.999999932721298501e-01 -1.124178577342775838e-04 -2.860009663101662487e-05 -4.509890075742527607e-03 1.124180425080394401e-04 9.999999936602320671e-01 6.459073666057119347e-06 7.376071441584890719e-03 2.859937033447416174e-05 -6.462288789480109961e-06 9.999999995701573940e-01 -8.128813449868834600e-04
9.999999972326937270e-01 -7.422403433032398348e-05 -5.040359996262931093e-06 -6.165713066540859377e-03 7.422388730369737866e-05 9.999999968201439549e-01 -2.916379091897896984e-05 4.564842820320356293e-03 5.042524634453682493e-06 2.916341672316149017e-05 9.999999995620340032e-01 -1.583617731067639206e-03
9.999999951928706388e-01 -6.443118950898693348e-05 7.391130135373613185e-05 9.856062210767460845e-04 6.443868935667697512e-05 9.999999927754401607e-01 -1.014730261074962738e-04 2.690382363535564775e-03 -7.390476279198435086e-05 1.014777883670901879e-04 9.999999921201722097e-01 -1.895576869399279510e-03
9.999999993681828458e-01 -1.614299567634419125e-05 3.167077633870438202e-05 3.231255647022016411e-03 1.614398073712261801e-05 9.999999993859833847e-01 -3.110313684494352252e-05 3.730395589854327339e-03 -3.167027422145440207e-05 3.110364811769516987e-05 9.999999990147784290e-01 -1.392735277847281621e-03
9.999999962873320491e-01 -2.497491381542125339e-05 -8.247174956289320320e-05 1.312441024113953367e-03 2.497987585775960590e-05 9.999999978780237386e-01 6.016608861627073377e-05 6.444908872047630348e-03 8.247024674501230899e-05 -6.016814852695987978e-05 9.999999947892261876e-01 1.785508128667174621e-04
9.999999832393285937e-01 -2.595445686838451663e-05 -1.812393687070086947e-04 -2.278220191637062627e-03 2.596920575955116321e-05 9.999999963517663959e-01 8.137608676558644345e-05 8.145682347993678588e-03 1.812372559736710785e-04 -8.138079204412625926e-05 9.999999802651117209e-01 2.870231265172991202e-03
9.999999947471509554e-01 -6.371545537916717731e-05 -8.028722680059982466e-05 -4.528260105855635119e-03 6.371609741092563702e-05 9.999999979381761772e-01 7.994153778105200949e-06 4.586117363942814919e-03 8.028671728391335990e-05 -7.999269324876796743e-06 9.999999967450273752e-01 -1.173007540530441451e-04
9.999999963965824357e-01 -5.772331061376156176e-05 6.224832903126168652e-05 -4.217470317688652368e-03 5.772629978744903172e-05 9.999999971809050425e-01 -4.801941593493019731e-05 4.556145846009738987e-03 -6.224555701611623993e-05 4.802300912759911207e-05 9.999999969096405872e-01 -7.748604127948653924e-04
9.999999997521112904e-01 -2.165882373692931264e-05 5.164563042983917754e-06 -3.014256520456389671e-03 2.165846673504369542e-05 9.999999973769914119e-01 6.911532306957379724e-05 7.396176000557364396e-05 -5.166059986037108388e-06 -6.911521119592402176e-05 9.999999975981996858e-01 -1.555594586389706961e-03
9.999999958294154556e-01 5.571923278435120231e-05 -7.236391494617471659e-05 2.001674171254047021e-04 -5.571553830089039176e-05 9.999999971445708846e-01 5.105523557703381030e-05 -1.274338427720709838e-03 7.236675949810067324e-05 -5.105120356962884211e-05 9.999999960784133890e-01 -1.167389441602623623e-03
9.999999983259705294e-01 -1.262048549680736261e-05 -5.646930426226870459e-05 -6.225076274563738458e-03 1.261768417881889145e-05 9.999999986899260618e-01 -4.960788190462091268e-05 1.137902540561204945e-04 5.646993026384384613e-05 4.960716930972888322e-05 9.999999971751378780e-01 2.639252764622766062e-04
9.999999983036528262e-01 -5.270245260044340886e-05 -2.480213345546820763e-05 -4.299613384056182562e-03 5.270104985102988884e-05 9.999999970120732051e-01 -5.655486630782032795e-05 4.106458501198152755e-03 2.480511396152215858e-05 5.655355911341199376e-05 9.999999980932006149e-01 1.372562564871647635e-03
9.999999999775244230e-01 6.557147593561357142e-06 1.398225273071671163e-06 -4.131149874651547128e-03 -6.557114699101224179e-06 9.999999997017993136e-01 -2.352457275355425409e-05 5.037166562610082693e-03 -1.398379526750339564e-06 2.352456358470203285e-05 9.999999997223196768e-01 -2.751630932473125325e-03
9.999999985562947336e-01 1.559879770717454881e-05 -5.142069652799689962e-05 -2.388230227804986547e-03 -1.559872047693572618e-05 9.999999998772114429e-01 1.502329774570331643e-06 4.024187836040754238e-03 5.142071995622126665e-05 -1.501527675329540560e-06 9.999999986768275395e-01 -2.312467141499460928e-03
9.999999999118353022e-01 -3.401524275473773934e-06 -1.283585046169960430e-05 -3.134981282953332865e-03 3.401286639887266452e-06 9.999999998228426001e-01 -1.851340388275705598e-05 2.213580708191055426e-03 1.283591343321836438e-05 1.851336022271814034e-05 9.999999997462474255e-01 -2.494929847103536519e-04
9.999999998334633267e-01 -9.813096530333814861e-06 -1.538753957089614543e-05 -3.931502779298759985e-03 9.811343752712130118e-06 9.999999934647132438e-01 -1.139048329434226488e-04 4.151090789415157883e-03 1.538865722945511282e-05 1.139046819520130879e-04 9.999999933944563324e-01 1.590181324810500301e-03
9.999999987118501910e-01 -3.577289373412726213e-05 -3.600832767787690269e-05 -4.955106915284517369e-03 3.577122409908063509e-05 9.999999982852325608e-01 -4.636760135227182341e-05 2.317656916008824751e-03 3.600998631940687905e-05 4.636631323058460706e-05 9.999999982767229234e-01 3.135847970505698575e-04
9.999999976957041348e-01 -3.160287261181724292e-05 -6.008202789934189949e-05 -2.961586534445575462e-03 3.160162489759770876e-05 9.999999992850203689e-01 -2.076768190505571626e-05 3.614513968677476093e-03 6.008268417479016430e-05 2.076578316749207184e-05 9.999999979794266247e-01 -3.470398354352979766e-04
9.999999999476892887e-01 4.289568293745169239e-06 -9.285527594916236611e-06 -1.882596209681654470e-03 -4.289592735650407788e-06 9.999999999873353529e-01 -2.632239786374998515e-06 3.727059447945981971e-03 9.285516303626310380e-06 2.632279617369022024e-06 9.999999999534251449e-01 -8.781118954080760226e-04
9.999999993081454264e-01 -8.973727920573420770e-06 -3.609960469532759138e-05 9.857158219103152701e-04 8.973997129686547345e-06 9.999999999319284516e-01 7.457242746917572362e-06 6.249389392620356524e-03 3.609953777360278362e-05 -7.457566699507164343e-06 9.999999993206040161e-01 -1.025078808417610645e-03
9.999999982764871120e-01 -2.397989934406695277e-05 -5.359095234218612955e-05 -1.461490090242872821e-03 2.398038444876926124e-05 9.999999996715069894e-01 9.051364602403642949e-06 3.385231607394238035e-03 5.359073527376978735e-05 -9.052649718443639949e-06 9.999999985230413335e-01 -3.409697982246887070e-04
9.999999992821535511e-01 1.710889196177796647e-05 -3.380796747468749100e-05 -5.209111015114812823e-03 -1.710803687691687068e-05 9.999999995338013647e-01 2.529253397270261349e-05 1.922387218866037934e-03 3.380840018615744499e-05 -2.529195556659216096e-05 9.999999991086545581e-01 -4.002845397352727970e-04
9.999999966808932328e-01 -7.775989253797299878e-05 -2.432308996089640237e-05 -5.516089459345071590e-03 7.775918715550111070e-05 9.999999965562506032e-01 -2.900013026621215450e-05 7.079539052846318611e-03 2.432534492414686680e-05 2.899823882625315576e-05 9.999999992836898777e-01 -7.716652854985844823e-05
9.999999974314675022e-01 -5.135106180017387538e-05 -5.000133514827093638e-05 7.317223521023913770e-04 5.134912272662889385e-05 9.999999979296528840e-01 -3.878094688070375288e-05 8.391525514143903172e-03 5.000332648755075559e-05 3.877837925639861173e-05 9.999999979979523612e-01 -6.451998078707899594e-04
9.999999998635660248e-01 1.120767720211637424e-05 -1.213490459736756075e-05 1.201020744233253709e-03 -1.120887616129915063e-05 9.999999950557726391e-01 -9.880696277336336849e-05 2.641332100696482544e-03 1.213379714082574699e-05 9.880709877852560607e-05 9.999999950449640629e-01 -1.800352709041568152e-03
9.999999992474275512e-01 -3.837648295117774031e-05 -5.691267570296573267e-06 -4.213608011918184952e-03 3.837615907593456719e-05 9.999999976450238970e-01 -5.689659541020499140e-05 1.924776165829399912e-03 5.693451048117513203e-06 5.689637695839655041e-05 9.999999983651934876e-01 -3.150108998445864169e-03
9.999999976506490640e-01 -6.155244369114520832e-05 3.016618036194099127e-05 -4.021078155940785437e-03 6.155364368649409205e-05 9.999999973143431919e-01 -3.978017873330666715e-05 3.323411786982917275e-03 -3.016373171371348029e-05 3.978203547816645867e-05 9.999999987537694368e-01 -4.402628029817414607e-03
9.999999806778611111e-01 -8.876434677594412053e-05 -1.754000234790474902e-04 -2.312737563177336402e-03 8.879468941119622561e-05 9.999999810948357881e-01 1.729908414576377350e-04 2.109399779650959761e-03 1.753846647440410081e-04 -1.730064127056922020e-04 9.999999696544997763e-01 -4.017268361744439037e-04
9.999999608586754851e-01 -2.508631340273617663e-06 -2.797791168507423720e-04 3.601523380205652256e-03 2.556755596196308454e-06 9.999999852033881753e-01 1.720078092633608405e-04 3.214555155525654438e-03 2.797786812067782724e-04 -1.720085178575700554e-04 9.999999460684781960e-01 2.904073319944700145e-03
9.999999761992702796e-01 1.344805726986800102e-04 -1.718034760652451085e-04 1.068502993676865437e-02 -1.344653863753156743e-04 9.999999870520670520e-01 8.840206753106052159e-05 3.911839675543753170e-03 1.718153622014145527e-04 -8.837896380623706306e-05 9.999999813343198873e-01 1.950354752642031065e-04
9.999999568038198117e-01 2.241936218432706422e-04 -1.900778223081798308e-04 2.012131438713202214e-02 -2.241639277935575456e-04 9.999999626717658296e-01 1.562274000507026276e-04 4.243475395710017729e-03 1.901128403995589020e-04 -1.561847847110406069e-04 9.999999697317100145e-01 -3.875624739408179906e-03
9.999999075203682697e-01 4.291806985893697633e-04 -2.762576324651273163e-05 3.481438864310612558e-02 -4.291813654326888253e-04 9.999999076103747164e-01 -2.413705722587208464e-05 2.134145767976262497e-03 2.761540153509672954e-05 2.414891145647718383e-05 9.999999993271098120e-01 -4.373534656464973629e-03
9.999997105190623348e-01 7.593554455157663918e-04 -4.838490299269774224e-05 5.587791830912921393e-02 -7.593565853159993211e-04 9.999997114116118135e-01 -2.354292496428922265e-05 3.115048273606297376e-03 4.836701158110158293e-05 2.357965954377861306e-05 9.999999985523159163e-01 -3.069107052763345948e-03
9.999991343438876523e-01 1.205683752369628549e-03 -5.269138114058306019e-04 9.375640733884867128e-02 -1.205503133913326088e-03 9.999992145669728272e-01 3.429688493786435641e-04 2.351253917207770869e-03 5.273269095195853504e-04 -3.423333562346108781e-04 9.999998023670823022e-01 -2.922822279526063154e-03
9.999951532136934773e-01 2.821809157077114980e-03 -1.315652766801798761e-03 1.272449664373462574e-01 -2.820333084187063091e-03 9.999953929135483310e-01 1.122440632020043662e-03 1.111439145150562927e-02 1.318814018729471066e-03 -1.118724612764644775e-03 9.999985045912942461e-01 -1.448832967511333144e-03
9.999907125449534195e-01 4.178573852603757223e-03 -1.055625120346597194e-03 1.751600916671412489e-01 -4.177782609375377092e-03 9.999909912910420751e-01 7.506458737944372850e-04 -7.719738527723331257e-04 1.058752239747921646e-03 -7.462287299348245367e-04 9.999991610928368191e-01 -6.999491380452815131e-03
9.999856423501091163e-01 5.280510484972564256e-03 -9.117580039321460930e-04 2.357460382683387590e-01 -5.279900189410016015e-03 9.999858364577116632e-01 6.704759209488260095e-04 -1.541763534808856910e-02 9.152855453395925510e-04 -6.656523032326354828e-04 9.999993595794858248e-01 -7.641399588681991283e-03
9.999746086458651817e-01 7.002422534431175863e-03 -1.322173285981338708e-03 2.861445175823940645e-01 -7.001100830802220107e-03 9.999749903385886096e-01 1.001640902051473703e-03 -4.346158292267782858e-02 1.329154131699062172e-03 -9.923588005416653351e-04 9.999986242857062946e-01 -8.098628987700825718e-03
9.999661838007412040e-01 8.100333928630102862e-03 -1.419804643951355552e-03 3.667019662690724768e-01 -8.098914507044504066e-03 9.999667005891796911e-01 1.002644801270508295e-03 -3.584199203298176623e-02 1.427879122995328286e-03 -9.911120192060561725e-04 9.999984894279468906e-01 1.297000941997546132e-03
9.999620145963956652e-01 8.565667748259120362e-03 -1.612048493149079772e-03 4.490221353077828992e-01 -8.563941862292145935e-03 9.999627514901772152e-01 1.074491495237496746e-03 -2.091174136395956146e-02 1.621192183891482369e-03 -1.060645190669856240e-03 9.999981233820803839e-01 2.432285119141868422e-03
9.999586969309309792e-01 8.953086327760218996e-03 -1.564185859238589188e-03 5.442857359876732692e-01 -8.951449918135871361e-03 9.999593836335696206e-01 1.050060728981319982e-03 -2.551624443613130164e-02 1.573523612048525859e-03 -1.036015626868874023e-03 9.999982253459569481e-01 2.332950896327359858e-03
9.999583498180079077e-01 9.008386795810273753e-03 -1.465468042500627302e-03 6.559679228336304790e-01 -9.006721189768892091e-03 9.999587897194855968e-01 1.139226119458853310e-03 -3.816530357173859855e-02 1.475670239683486273e-03 -1.125979608412327939e-03 9.999982772821487398e-01 -8.449559086660821464e-03
9.999637193749449926e-01 8.418267065238476191e-03 -1.301043213989107675e-03 7.742532231276094690e-01 -8.416940414175401800e-03 9.999640548567739762e-01 1.021816256895999742e-03 -2.329775555135650544e-02 1.309598369946590648e-03 -1.010828381555094017e-03 9.999986315881099763e-01 -8.668370286777766359e-03
9.999740884040405620e-01 7.116250583844547541e-03 -1.086967403412095494e-03 8.546166745320376013e-01 -7.115679465245859821e-03 9.999745436305729207e-01 5.283905518861948397e-04 -9.733195012205826668e-03 1.090699892741677553e-03 -5.206423488118544886e-04 9.999992696523776203e-01 -1.244031715519531688e-03
9.999782226246005656e-01 6.505154294164899875e-03 -1.112314772805948239e-03 9.155420982996383961e-01 -6.504679777424081030e-03 9.999787520281170350e-01 4.296897517983295622e-04 -4.348533162086877686e-03 1.115086336506999724e-03 -4.224451428744985530e-04 9.999992890610289731e-01 3.444127975638092403e-03
9.999783187449940991e-01 6.491077333354711501e-03 -1.108131304266966920e-03 1.012913956447321295e+00 -6.490620425075485991e-03 9.999788494115382509e-01 4.154227650499807585e-04 -1.579486421949752306e-02 1.110804407931764281e-03 -4.082212984859356821e-04 9.999992997342241896e-01 7.960946340389228951e-03
9.999802067534753203e-01 6.146785302904918258e-03 -1.342807401219897482e-03 1.143276831141245120e+00 -6.146105121076817640e-03 9.999809824254018986e-01 5.100778065942559612e-04 -2.758353945809089922e-02 1.345917203044885669e-03 -5.018146750532257241e-04 9.999989683439250987e-01 3.466289058330833763e-04
9.999790627590487979e-01 6.273118564804681593e-03 -1.588089105243681385e-03 1.261643304544302957e+00 -6.271776697225032657e-03 9.999799722046321948e-01 8.485320755417247174e-04 -2.930196216883229621e-02 1.593380241635968322e-03 -8.385541693778198564e-04 9.999983789818414071e-01 1.187526989828744522e-03
9.999779781617509355e-01 6.397033492950674090e-03 -1.766678812596445903e-03 1.377231127899615659e+00 -6.394826846288267051e-03 9.999787692754749102e-01 1.251873760646761207e-03 -2.062718411534335966e-02 1.774649583101054525e-03 -1.240548586985735363e-03 9.999976558262826387e-01 1.070727870187307461e-03
9.999788374516495049e-01 6.188157913606541667e-03 -2.007822323788824564e-03 1.474989082247721184e+00 -6.185144468053197821e-03 9.999797413719815342e-01 1.503606841673521240e-03 -1.106517997416501912e-02 2.017086204639494552e-03 -1.491156350382217589e-03 9.999968539030419379e-01 1.953608893834471623e-03
9.999782353233290788e-01 6.271212359875589365e-03 -2.049579268536951080e-03 1.570945342664135547e+00 -6.267909269428996802e-03 9.999790538364098369e-01 1.614063762270306988e-03 -2.369747466416016659e-03 2.059658474329878561e-03 -1.601182055798702287e-03 9.999965970057064224e-01 5.142425372736169134e-03
9.999791663480612769e-01 6.172790588494249039e-03 -1.887730432830178606e-03 1.691006447900098575e+00 -6.170230299901303950e-03 9.999800403420462391e-01 1.359108371624231102e-03 -3.608843137379396521e-03 1.896082245741536167e-03 -1.347432324918775015e-03 9.999972946454640521e-01 1.332952711696942100e-02
9.999746389467480956e-01 6.841981081020257795e-03 -1.977057967718563215e-03 1.794343275629270762e+00 -6.840400208425747967e-03 9.999762799534182012e-01 8.052673540696760578e-04 -6.135436345985198145e-03 1.982520695813182014e-03 -7.917230639069755592e-04 9.999977213905443252e-01 8.059482159907267740e-03
9.999685640053309621e-01 7.678916110358647608e-03 -1.976170156241377658e-03 1.879869716667147639e+00 -7.677541271847789471e-03 9.999702805857717536e-01 7.023569120610789057e-04 -1.410791141277136299e-02 1.981504765429166481e-03 -6.871627048381986078e-04 9.999978007207224184e-01 2.916400309633625579e-03
9.999659756856910109e-01 7.995497813541677448e-03 -2.029651614826145228e-03 2.005721066648323614e+00 -7.993039655170954341e-03 9.999673153591361885e-01 1.216359532660199558e-03 -1.348965796313867337e-02 2.039310676375901375e-03 -1.200095061017660740e-03 9.999972004879862375e-01 9.962321232134247265e-03
9.999655948292628382e-01 8.109373193288263448e-03 -1.745630021065265602e-03 2.151712965306285419e+00 -8.105507418199146830e-03 9.999647069428619917e-01 2.210343450630226306e-03 -1.477092971626620989e-02 1.763492912371691403e-03 -2.196118186301244338e-03 9.999960335709636716e-01 1.744702989603607104e-02
9.999650740913975655e-01 8.215731854186584734e-03 -1.533736446062911171e-03 2.283939086667905016e+00 -8.213683583048690326e-03 9.999653732717007637e-01 1.337033876046432286e-03 -4.823699437523141717e-03 1.544668049593272106e-03 -1.324389553055728853e-03 9.999979299943216882e-01 7.340598777026761772e-03
9.999608166538435094e-01 8.720249497547370721e-03 -1.523944119368812310e-03 2.393134160031048729e+00 -8.719156813808866258e-03 9.999617266410620875e-01 7.221893671140582624e-04 -9.910240682795419878e-03 1.530183464374240947e-03 -7.088735615658377232e-04 9.999985780174085459e-01 1.263411101336127731e-02
9.999555307004632798e-01 9.151116815738522675e-03 -2.278965243178000290e-03 2.499071753346005842e+00 -9.149263210562860044e-03 9.999578063845684373e-01 8.224556314904173972e-04 -1.998768287947107203e-02 2.286395472954477759e-03 -8.015682046070251232e-04 9.999970649377699639e-01 2.519192132689336214e-02
9.999550910471681764e-01 9.057246201209354433e-03 -2.789655910749443569e-03 2.613170033447532958e+00 -9.054339697416152397e-03 9.999584544521400442e-01 1.052759388980320293e-03 -4.060747424872981209e-02 2.799075113942919597e-03 -1.027453618403746834e-03 9.999955547489041141e-01 3.097716157823575747e-02
9.999644240990944732e-01 7.753793103629500957e-03 -3.321028255301986323e-03 2.744904803446704289e+00 -7.748014428088608081e-03 9.999684534878624520e-01 1.749371748605311637e-03 -4.249097707084199815e-02 3.334487755043841813e-03 -1.723578138291166195e-03 9.999929552100917940e-01 1.586805225323542970e-02
9.999774565336460030e-01 5.778177599745004320e-03 -3.420392978298051039e-03 2.856795057853662723e+00 -5.772151564511478032e-03 9.999817761914618908e-01 1.769053782482507423e-03 -3.096099977203292664e-02 3.430552552649973868e-03 -1.749270875197156318e-03 9.999925856528081303e-01 1.174091773578210540e-02
9.999896399696157623e-01 3.146804467301572879e-03 -3.289008221749649841e-03 3.009490751330253566e+00 -3.142215624338994418e-03 9.999940840024638122e-01 1.399443119055620178e-03 3.048562524802207003e-04 3.293392537843892708e-03 -1.389093847759424608e-03 9.999936119715334693e-01 2.617765011776349710e-02
9.999937249331879441e-01 -6.168598181540234631e-04 -3.488492254883400565e-03 3.191529729101839408e+00 6.231453172889305598e-04 9.999981840766360985e-01 1.800981216962306737e-03 2.340236450149875067e-02 3.487374967102815481e-03 -1.803143753297872321e-03 9.999922934145261122e-01 3.634563570800736221e-02
9.999814022771452704e-01 -4.657871147636029330e-03 -3.936919634209948109e-03 3.342431727304429945e+00 4.665861530513065215e-03 9.999870688016077036e-01 2.022860782858477719e-03 2.692438547272825791e-02 3.927446500244942060e-03 -2.041192284124246532e-03 9.999902043010455710e-01 2.765859008919360762e-02
9.999465416674750973e-01 -9.138966245641196723e-03 -4.836641729283437489e-03 3.474838002149858163e+00 9.149284653986801061e-03 9.999559064970714450e-01 2.115573666987322944e-03 1.629950935411788107e-02 4.817094308474418815e-03 -2.159712383897317844e-03 9.999860655253363095e-01 8.610589906926023954e-03
9.998951947436557353e-01 -1.360158038579478354e-02 -4.959489848316271481e-03 3.638697335147878409e+00 1.361089298189088574e-02 9.999056582424707962e-01 1.848839345833692320e-03 3.471125395962727789e-02 4.933874824344756070e-03 -1.916148663322319711e-03 9.999859925286542772e-01 6.320670147250725089e-03
9.998342486928872841e-01 -1.759581259181755911e-02 -4.675737371082931866e-03 3.838910192831107793e+00 1.760348999070139239e-02 9.998437568877251991e-01 1.605911824072078602e-03 3.740607233459999903e-02 4.646749495828539182e-03 -1.687954938099137841e-03 9.999877791889508760e-01 1.422222705301516912e-02
9.997802070991561596e-01 -2.040525514143953431e-02 -4.812801199005548383e-03 4.017896529249973980e+00 2.041673195985617764e-02 9.997888004100453641e-01 2.347686248615621883e-03 7.408097149356940303e-02 4.763879600470733409e-03 -2.445431915900938072e-03 9.999856625541673205e-01 2.791775484953647538e-02
9.997134221502236295e-01 -2.328918770808595731e-02 -5.539612674750007786e-03 4.187671812604866872e+00 2.330459013393508180e-02 9.997246774052519491e-01 2.732300432659624280e-03 9.655131967104187141e-02 5.474454436563400139e-03 -2.860615818762490044e-03 9.999809234309219308e-01 1.632475414542947437e-02
9.996376818136928355e-01 -2.613913649718222973e-02 -6.422666216452502241e-03 4.345220280705757609e+00 2.616200941005395950e-02 9.996515768895183340e-01 3.503439157112121609e-03 8.061267075393908910e-02 6.328851536774452932e-03 -3.670199651383345123e-03 9.999732372782506040e-01 -9.950272872460365261e-04
9.995527019265117996e-01 -2.913672718014028926e-02 -6.741453896596400104e-03 4.561696387191146229e+00 2.916281395991530620e-02 9.995674356271976313e-01 3.804197104187737911e-03 8.909682613269147289e-02 6.627695930655644850e-03 -3.999095259957652013e-03 9.999700399930753214e-01 4.349482821316819244e-03
9.995115622963968161e-01 -3.038822772363650171e-02 -7.293315544557348734e-03 4.759213464883455202e+00 3.040571356821961460e-02 9.995349961515493931e-01 2.298706316502158002e-03 9.235667730509612705e-02 7.220070513745535136e-03 -2.519342005078121453e-03 9.999707613213688617e-01 1.380582532180520128e-02
9.994663163036276998e-01 -3.184506714672415834e-02 -7.278342728765128250e-03 4.954312776426892384e+00 3.185617057602583430e-02 9.994914621931385579e-01 1.414708186501598217e-03 1.057496902047627835e-01 7.229589939124094269e-03 -1.645813307285657083e-03 9.999725117861338886e-01 2.069072067022824715e-02
9.993932014166713174e-01 -3.407003388319731346e-02 -7.243048621578042703e-03 5.156682772378301749e+00 3.408545085659116930e-02 9.994168892763878320e-01 2.015804804842248350e-03 1.329573904113529881e-01 7.170146584252269466e-03 -2.261464195185102378e-03 9.999717369894282060e-01 1.912216753451169773e-02
9.993250670553344150e-01 -3.595621184134028397e-02 -7.520717045069838166e-03 5.368926162680500269e+00 3.598702695934614254e-02 9.993442401986488699e-01 4.002932976261679848e-03 1.290826211168693283e-01 7.371854955073193008e-03 -4.270879511975254721e-03 9.999637070127672667e-01 1.634026266182896092e-02
9.992534494959682823e-01 -3.787509855599793807e-02 -7.617124114902142779e-03 5.624279748275584190e+00 3.790841798425806375e-02 9.992720582600340684e-01 4.278484157480835597e-03 1.312120074421132543e-01 7.449531283185542412e-03 -4.564043177762258305e-03 9.999618362685309680e-01 1.633400116450870257e-02
9.992383346241597852e-01 -3.835090570106414187e-02 -7.208234835502224692e-03 5.836740041368686960e+00 3.838458494469147719e-02 9.992524823145810808e-01 4.593498315187065362e-03 1.301451362929312017e-01 7.026681731758296218e-03 -4.866684708911026697e-03 9.999634698946680000e-01 3.386709584250072874e-02
9.992417643200842692e-01 -3.823500258821688202e-02 -7.347177387555817174e-03 6.045499103692312914e+00 3.826380558761796613e-02 9.992603689960132263e-01 3.820488961448087733e-03 1.391919539490283908e-01 7.195666782038968173e-03 -4.098723097577972041e-03 9.999657108363922964e-01 3.661597961748105923e-02
9.992856582653875108e-01 -3.692460706753945832e-02 -8.046525835358590145e-03 6.299242877299513488e+00 3.695652042707975315e-02 9.993094422081890693e-01 3.854129146884907858e-03 1.561453295407830844e-01 7.898657039909696975e-03 -4.148747577986154969e-03 9.999601987631807631e-01 3.422529990795628724e-02
9.993486361906179782e-01 -3.503443561662951400e-02 -8.653997052010439436e-03 6.562763378383205115e+00 3.507825951616466709e-02 9.993722343301673083e-01 4.965174644047039808e-03 1.719881444373740353e-01 8.474612278362164339e-03 -5.265507663419192845e-03 9.999502264491857417e-01 2.358551533751461482e-02
9.994213250959983474e-01 -3.283339777159637735e-02 -8.887234335327258081e-03 6.831290348151239478e+00 3.288632153831985011e-02 9.994418263696148719e-01 5.875845355938658955e-03 1.696039672412031907e-01 8.689349747658302314e-03 -6.164713597629350138e-03 9.999432441429974006e-01 2.959620456378292408e-02
9.995135288397060114e-01 -2.983530193448075130e-02 -9.086276733431304306e-03 7.054953985853351206e+00 2.988532039502496060e-02 9.995386408057409522e-01 5.419701200125888810e-03 1.623400428540268114e-01 8.920386274418327238e-03 -5.688610963171072607e-03 9.999440316407838258e-01 3.186421401977144324e-02
9.996277833790286893e-01 -2.582885804348344222e-02 -8.784349087971814185e-03 7.296180276235257445e+00 2.587049441489438009e-02 9.996544427257481047e-01 4.659684259993280252e-03 1.580592163892579061e-01 8.660959268966077901e-03 -4.885205302082088613e-03 9.999505600546948481e-01 4.205820115411663257e-02
9.997137195949340471e-01 -2.238156667482776516e-02 -8.458387957628420509e-03 7.576534082379448698e+00 2.242619182670766570e-02 9.997348822937695001e-01 5.218337399448405751e-03 1.540970809203804082e-01 8.339350922777188577e-03 -5.406532922586409530e-03 9.999506110943399140e-01 5.730969836286119862e-02
9.997955723176754628e-01 -1.868917467668327129e-02 -7.715460056034962634e-03 7.890942667156490842e+00 1.873384137104273234e-02 9.998079250580559352e-01 5.758140202306521495e-03 1.596346426359438742e-01 7.606363221438890328e-03 -5.901503283844838042e-03 9.999536566749153144e-01 4.167018352107203227e-02
9.998673683923544608e-01 -1.513485193237834592e-02 -6.015137665309446685e-03 8.177860727524835838e+00 1.516417559306211006e-02 9.998732078094851872e-01 4.859638191565327295e-03 1.941509301554877887e-01 5.940825088354343211e-03 -4.950208253712599753e-03 9.999701005707692936e-01 3.091821283307806534e-02
9.999154899743860625e-01 -1.210633678790550873e-02 -4.738092323002699412e-03 8.444917448092354562e+00 1.213210583148130114e-02 9.999115602307291351e-01 5.448277254568170865e-03 2.101702113171593223e-01 4.671714607853180538e-03 -5.505299858019832224e-03 9.999739330383047298e-01 4.165490504011459816e-02
9.999413219100322658e-01 -9.938940603511813715e-03 -4.309315084454192098e-03 8.735149481169901975e+00 9.964743838719839972e-03 9.999323001909994346e-01 6.008237259438277758e-03 2.183005269291009021e-01 4.249307831392687244e-03 -6.050825928488740880e-03 9.999726650706693976e-01 4.199791594761054930e-02
9.999643659863094447e-01 -7.402333325886148452e-03 -4.058598148465790076e-03 9.041022435087382902e+00 7.427213257239675959e-03 9.999535073674873376e-01 6.149764767208762070e-03 2.051981135243736432e-01 4.012886844870887891e-03 -6.179689700380947177e-03 9.999728537187283495e-01 4.488693516939363387e-02
9.999759353798809425e-01 -4.878094012757874971e-03 -4.932834878130204492e-03 9.360828964105120775e+00 4.915585509054783662e-03 9.999589079311730355e-01 7.617051148513075652e-03 1.569137099573525984e-01 4.895475486137448699e-03 -7.641115618716256587e-03 9.999588229881598567e-01 3.100746311734169439e-02
9.999877483645241982e-01 -3.368884112908032257e-03 -3.626808608520684391e-03 9.692156390132369737e+00 3.403215919781299968e-03 9.999490643567457981e-01 9.501937353614445247e-03 1.509242682637874089e-01 3.594612948898811156e-03 -9.514163752136192698e-03 9.999482783853598233e-01 4.293538790171390340e-02
9.999938593330420789e-01 -3.226461333466896803e-03 -1.367934015878304217e-03 1.003912756752827917e+01 3.237719306878233342e-03 9.999602367033278982e-01 8.309162768552749365e-03 1.757394880496837841e-01 1.341070429925984983e-03 -8.313540731125234479e-03 9.999645426566953210e-01 3.453833628755308832e-02
9.999927832862292032e-01 -3.794911892134312376e-03 -1.789390725473044563e-04 1.037085033551410618e+01 3.796154955718541568e-03 9.999642834804930436e-01 7.551223139087918403e-03 1.936091007197221492e-01 1.502764549757448190e-04 -7.551847924518925378e-03 9.999714730980638899e-01 2.202656121594314190e-02
9.999826217295084696e-01 -5.809853537193136568e-03 1.000920004337998038e-03 1.067503378818934934e+01 5.800261427629952414e-03 9.999396193759063634e-01 9.333518615111861469e-03 2.140360444328837652e-01 -1.055085944303934403e-03 -9.327550817007427414e-03 9.999559408240976666e-01 1.380085122621576253e-02
9.999498359618413934e-01 -9.690151940363963060e-03 2.535057249676641190e-03 1.099604061906164176e+01 9.655861539214133371e-03 9.998661739079487409e-01 1.320600668692825316e-02 2.233034765471535177e-01 -2.662686204193586998e-03 -1.318086605850802770e-02 9.999095833484773488e-01 2.709010222571957976e-02
9.998746534715287071e-01 -1.517789318723890626e-02 4.506540090473711707e-03 1.132800727254588935e+01 1.511403121061593441e-02 9.997894049997978483e-01 1.388206435350172220e-02 2.188266196822294118e-01 -4.716291525638273419e-03 -1.381221229734768720e-02 9.998934840200220941e-01 2.536835496560874495e-02
9.997841252631185505e-01 -2.007246573226354608e-02 5.366469163981093041e-03 1.167237381281156949e+01 2.001639509707200948e-02 9.997465383296865182e-01 1.030548519607851939e-02 2.148467448204572916e-01 -5.571965468195738160e-03 -1.019584313511088212e-02 9.999324967134458619e-01 2.957509128627295973e-03
9.996230170713401586e-01 -2.721172182066149831e-02 3.653209102448580579e-03 1.201134950152009395e+01 2.718848861984246579e-02 9.996106893558336370e-01 6.265445883882299512e-03 2.330395137042355347e-01 -3.822280439734245926e-03 -6.163758683635806902e-03 9.999736987796878918e-01 1.778577617147389031e-02
9.993301342147407063e-01 -3.659492796636033135e-02 3.067531340193967583e-04 1.233201937291289418e+01 3.659359156541174690e-02 9.993237671021106827e-01 3.594100887611343179e-03 2.570084211650118244e-01 -4.380715605446110000e-04 -3.580468123500246767e-03 9.999934941494992291e-01 4.276576072103919351e-02
9.988393215577293649e-01 -4.798913831927659190e-02 -4.129444692475952791e-03 1.264514276678392690e+01 4.801380545589395421e-02 9.988280613854354506e-01 6.097399007486230260e-03 2.760170706972923660e-01 3.831996312426055352e-03 -6.288592242009735135e-03 9.999728843383081101e-01 6.300796347327264346e-02
9.981716992574892755e-01 -6.003567990665487075e-02 -6.998281186269928594e-03 1.296536683479836327e+01 6.009695305266211929e-02 9.981528574882561067e-01 8.901085429043732386e-03 3.094517147727323114e-01 6.450971647941772073e-03 -9.305386943845252515e-03 9.999358953146060269e-01 4.075538818387892254e-02
9.972230058687361343e-01 -7.378840790265236982e-02 -1.007707424377479732e-02 1.331139553396804232e+01 7.389527309775353880e-02 9.972088267569072517e-01 1.067915970107555929e-02 3.302517065830845588e-01 9.260949191696381949e-03 -1.139415189052891964e-02 9.998921982507735784e-01 3.480764923392453553e-02
9.958998741503908292e-01 -8.929748249386235126e-02 -1.447066990480982279e-02 1.362733318738938948e+01 8.944799168530212508e-02 9.959401855530617409e-01 1.010957882402066348e-02 3.684938269678578737e-01 1.350916173201509654e-02 -1.136250063988181527e-02 9.998441859252404917e-01 2.929142119871613881e-02
9.940814107846819292e-01 -1.070005283542711655e-01 -1.878924331215238788e-02 1.392920931343950386e+01 1.071140442735140502e-01 9.942334548317045551e-01 5.139923422061975014e-03 4.373268318453673587e-01 1.813091977005364813e-02 -7.122094166732317010e-03 9.998102547598579637e-01 2.894703380389356331e-02
9.917741750934249145e-01 -1.266066901083835461e-01 -1.883432073519983319e-02 1.424942808025071628e+01 1.266738298355537529e-01 9.919414949622522570e-01 2.410685969883743281e-03 4.976740013197614165e-01 1.837733529513497013e-02 -4.776671629069686661e-03 9.998197122259583347e-01 5.322389169818435989e-02
9.889614244523965425e-01 -1.472415916777846390e-01 -1.658959388529581205e-02 1.458428350009880603e+01 1.472981908133524087e-01 9.890896023225429490e-01 2.236416899182495574e-03 5.548539091571222936e-01 1.607930123480900628e-02 -4.655347207917260449e-03 9.998598820905727491e-01 5.594181893554540930e-02
9.853897244444057568e-01 -1.696388983468927192e-01 -1.515701576929019516e-02 1.492609200831340566e+01 1.697308843422642433e-01 9.854777935665417488e-01 4.994525764611935925e-03 6.283177873525983559e-01 1.408963660889944215e-02 -7.494168057432710334e-03 9.998726516838812861e-01 7.548609440259200498e-02
9.811696076024369884e-01 -1.926237825522819358e-01 -1.422250022081658800e-02 1.522085960873441479e+01 1.927187947223355791e-01 9.812378758660866840e-01 5.630020122574094441e-03 6.926492010062118565e-01 1.287118013432333140e-02 -8.264947734953773106e-03 9.998830048365100476e-01 7.533862433653555624e-02
9.761274795057480747e-01 -2.167359257587207766e-01 -1.416623588909598878e-02 1.552505898177186339e+01 2.168338466389614083e-01 9.761914836715313015e-01 5.768029033015107179e-03 7.888268528385027345e-01 1.257881971834380087e-02 -8.702051061940604265e-03 9.998830169583884375e-01 7.317116047610298935e-02
