1.000000000000000000e+00 0.000000000000000000e+00 0.000000000000000000e+00 0.000000000000000000e+00 0.000000000000000000e+00 1.000000000000000000e+00 0.000000000000000000e+00 0.000000000000000000e+00 0.000000000000000000e+00 0.000000000000000000e+00 1.000000000000000000e+00 0.000000000000000000e+00
9.999999973781387164e-01 5.463490595016241510e-05 -4.752630483456239652e-05 -6.066946422104442689e-03 -5.463044704364184779e-05 9.999999941070362164e-01 9.381599954006026698e-05 3.140667275541494659e-04 4.753143018280309216e-05 -9.381340291080829147e-05 9.999999944699042853e-01 1.566570768675824583e-03
9.999999951059936887e-01 2.589362936454937534e-05 -9.548577133856163770e-05 -1.810873915166745507e-03 -2.590046196058416188e-05 9.999999971044791769e-01 -7.155562716337430910e-05 1.274073147499323868e-03 9.548391822719188009e-05 7.155809993876893879e-05 9.999999928811298400e-01 -3.209697243558884069e-03
9.999999859338881691e-01 9.729512469412471840e-05 -1.366231391918216391e-04 -4.918686132834469357e-03 -9.729250280051600125e-05 9.999999950828178941e-01 1.919721456865308029e-05 -1.285851674328159899e-03 1.366250063154060166e-04 -1.918392189147047951e-05 9.999999904827923114e-01 -5.264495231570204964e-03
9.999999973048225854e-01 6.785234607886596379e-05 2.804307315515266349e-05 -6.973204313200902921e-03 -6.785515922972202511e-05 9.999999926651271798e-01 1.003265814393049211e-04 -2.746468016285362555e-03 -2.803626555553555952e-05 -1.003284840361012316e-04 9.999999945740815077e-01 -1.087152886157904952e-03
9.999999935039047827e-01 1.137502869268016949e-04 7.284405494418304578e-06 -4.832872748972693103e-03 -1.137504226676466643e-04 9.999999933567566002e-01 1.863674150787621801e-05 2.741542531553371222e-03 -7.282285511332323415e-06 -1.863756999101404482e-05 9.999999997998046952e-01 5.159586733395659167e-04
9.999999979934437455e-01 -1.780813314732336317e-05 -6.079459645890292641e-05 -5.183421293550330433e-03 1.780453483655368099e-05 9.999999980898877094e-01 -5.918803133075959094e-05 5.082027569734934823e-03 6.079565037112108353e-05 5.918694879248495252e-05 9.999999964003969399e-01 9.220442243868711817e-04
9.999999982305851631e-01 8.223719198455063480e-06 -5.891689107657637311e-05 -1.075296377041759684e-03 -8.228387138282157261e-06 9.999999968274959627e-01 -7.922942423048653818e-05 5.263690086010833560e-03 5.891623932912517196e-05 7.922990888128557765e-05 9.999999951257491082e-01 -6.026302862160766996e-05
9.999999883470808149e-01 1.194907817851876761e-04 -9.501468986197229784e-05 -2.472278679017862399e-03 -1.194969935678864891e-04 9.999999907233485530e-01 -6.537408787392448746e-05 2.031504845581955532e-03 9.500687737968557854e-05 6.538544108190881576e-05 9.999999933492186299e-01 -2.583226423577030320e-03
9.999999850379279742e-01 1.403245240488789649e-04 -1.011591408717091122e-04 -2.680689513858072401e-03 -1.403238829431657970e-04 9.999999901344764908e-01 6.344665136427689123e-06 -1.385454484123399294e-03 1.011600301858367408e-04 -6.330469998056039283e-06 9.999999948632867230e-01 -3.852396031816745538e-03
9.999999927003452305e-01 -7.173957196286159322e-05 -9.722521913523115200e-05 1.150901312810360261e-03 7.173946353720547157e-05 9.999999974260989077e-01 -1.118687927433672099e-06 -2.044457924577776711e-03 9.722529913917613562e-05 1.111713034204587826e-06 9.999999952730026509e-01 -2.663313209566929834e-03
9.999999979915003001e-01 4.836008420737595355e-05 -4.096707984414215125e-05 2.973105677082654458e-03 -4.836317520620086346e-05 9.999999959839114272e-01 -7.545316672874341198e-05 -7.496057350766926336e-04 4.096343075811801184e-05 7.545514787525593313e-05 9.999999963142589543e-01 1.742967173996966572e-03
9.999999910447282536e-01 1.328798635641649463e-04 -1.592122059538654728e-05 -1.050268772592383550e-03 -1.328806446368607254e-04 9.999999899675532378e-01 -4.906758366767403689e-05 4.383406268821587667e-03 1.591470034183456434e-05 4.906969885031661278e-05 9.999999986694434462e-01 9.633757556640207623e-04
9.999999916397985800e-01 1.188606362944519799e-04 5.091710734842916440e-05 1.122097294166444310e-04 -1.188631420548714231e-04 9.999999917248492132e-01 4.921234570907460356e-05 1.785716782387947524e-03 -5.091125751635790231e-05 -4.921839746501326286e-05 9.999999974927965551e-01 -2.369471285654115109e-03
9.999999991704979774e-01 3.483820974529168565e-05 2.110220621464475136e-05 -3.876713866710146741e-03 -3.483788256142260375e-05 9.999999992729601273e-01 -1.550489247810454463e-05 -5.106563599570397181e-04 -2.110274636199883515e-05 1.550415730906131478e-05 9.999999996571475869e-01 -3.083989193492961758e-03
9.999999985170016092e-01 4.979453480323960108e-05 -2.205677158631623588e-05 -3.460145719263183275e-03 -4.979642267842312103e-05 9.999999950965330342e-01 -8.559935863546453815e-05 3.195055723769091131e-03 2.205250909791887622e-05 8.560045685684165764e-05 9.999999960931242882e-01 7.168892011559581693e-04
9.999999995781582163e-01 -2.167046210963769634e-06 -2.896527986271785736e-05 -7.143468265695131734e-04 2.165976954280055495e-06 9.999999993162921319e-01 -3.691509700078488796e-05 -1.031665535663300361e-03 2.896535983963515127e-05 3.691503424708390287e-05 9.999999988991440381e-01 2.936054406516924731e-03
9.999999936945905832e-01 5.204638241195740230e-05 -9.950875772932542111e-05 -1.970666575525947904e-03 -5.205188677335305164e-05 9.999999971155058009e-01 -5.531355671891070104e-05 -6.539652525518581741e-04 9.950587857176743805e-05 5.531873598872636544e-05 9.999999935192087630e-01 -1.333710637181051949e-03
9.999999890605295594e-01 9.194446038316145666e-05 -1.158669797596822439e-04 -2.295155200392465320e-03 -9.194740360722650338e-05 9.999999954503417943e-01 -2.539667928795672055e-05 -1.240864749950473952e-04 1.158646441485544295e-04 2.540733267808321081e-05 9.999999929649258101e-01 -3.464686020279158368e-03
9.999999925625608910e-01 1.156268659808452675e-04 3.879827280972884471e-05 -3.429812078973918082e-03 -1.156258677272570777e-04 9.999999929842977586e-01 -2.573058728099382735e-05 7.702162622875844463e-04 -3.880124768469886507e-05 2.572610100566421126e-05 9.999999989163154135e-01 -1.110699590266779613e-03
9.999999765990846834e-01 2.078383554557028065e-04 6.004205274957037614e-05 9.516133014107398976e-05 -2.078360386717723616e-04 9.999999776575083654e-01 -3.858968424886751299e-05 1.398137747845194442e-03 -6.005007182459315076e-05 3.857720444343638275e-05 9.999999974528940294e-01 1.806197317574323447e-03
9.999999824496683676e-01 1.873314494582782120e-04 2.755179986269584257e-06 3.766635045653797965e-03 -1.873313088597141165e-04 9.999999811559128204e-01 -5.094266117077330352e-05 1.376729673391028849e-03 -2.764723096907115010e-06 5.094214414523973834e-05 9.999999986986271017e-01 1.625593228446876263e-03
9.999999910096063482e-01 1.226140070264737246e-04 -5.428252458504168553e-05 1.592741196277739670e-03 -1.226153593455766146e-04 9.999999921724832541e-01 -2.490997823113475602e-05 -2.185389477233150822e-03 5.427946984789846195e-05 2.491663387844242805e-05 9.999999982164502477e-01 -2.683540817382239901e-03
9.999999950119042857e-01 9.773122662284848788e-05 2.061064859394295864e-05 3.063191526703596367e-04 -9.773156360795334763e-05 9.999999950906147683e-01 1.634967522556626159e-05 -2.521659924881581357e-03 -2.060905061894266379e-05 -1.635168945492657754e-05 9.999999996539445934e-01 -1.867169704590643763e-03
9.999999904014950092e-01 1.196160783990351899e-04 6.992140997811426624e-05 -4.089464061482578697e-03 -1.196181879957208978e-04 9.999999923907034738e-01 3.016756562564624965e-05 1.483797321061094293e-04 -6.991780092016653422e-05 -3.017592920844641206e-05 9.999999971004571719e-01 -1.774476892465409825e-03
9.999999875661615967e-01 1.545789340816461474e-04 -3.119342484022481917e-05 -1.603551315600035244e-04 -1.545793438556608351e-04 9.999999879663546976e-01 -1.313456762900247820e-05 1.966812233134104110e-03 3.119139413739049687e-05 1.313938932483380119e-05 9.999999994272267267e-01 -2.268083264826861126e-03
9.999999903373016918e-01 9.108399405573535843e-05 -1.050195345877018158e-04 5.927782341280930963e-03 -9.108288237593465439e-05 9.999999957958781716e-01 1.059019146567366194e-05 1.326469438297159242e-03 1.050204987431234139e-04 -1.058062588142780939e-05 9.999999944293725962e-01 -4.412725450749594922e-03
9.999999867170852319e-01 1.384623871277482373e-04 -8.598835272095941846e-05 -9.936010754812481943e-04 -1.384612062320269134e-04 9.999999903198669715e-01 1.373900671468077275e-05 4.186383021826686410e-03 8.599025422424719874e-05 -1.372710048114706841e-05 9.999999962086214556e-01 -3.655033140868434779e-03
9.999999793708137519e-01 1.755204023398200433e-04 -1.022299393687394647e-04 -1.794672369729654639e-03 -1.755156345839699284e-04 9.999999835092681089e-01 4.664467341367274151e-05 8.280974910626184892e-04 1.022381247747375182e-04 -4.662672949874929420e-05 9.999999936866569294e-01 -4.782659050207697243e-03
9.999999801840119273e-01 1.987967188942866821e-04 -1.057545398517496827e-05 -1.590554920079697209e-03 -1.987962495267304671e-04 9.999999792558861289e-01 4.436528579895415697e-05 4.942514746988033343e-03 1.058427343904618652e-05 -4.436318255922289485e-05 9.999999989599406280e-01 -3.349478390310464421e-03
9.999999903714581473e-01 1.284654628919479954e-04 5.247578950203879937e-05 1.842446629973993515e-03 -1.284677191121597409e-04 9.999999908237657831e-01 4.299434282975303896e-05 7.246696555076959610e-03 -5.247026573235530697e-05 -4.300108386076614738e-05 9.999999976988890316e-01 -8.786373398013371981e-05
9.999999942434290023e-01 9.842076805191997933e-05 -4.273750679205702438e-05 1.170955551823069443e-03 -9.842139051074304419e-05 9.999999950505767954e-01 -1.456283779974783961e-05 9.229940954172304382e-03 4.273607329484974826e-05 1.456704400076126576e-05 9.999999989807146772e-01 6.052064222309684290e-05
9.999999801295904600e-01 1.871789638585407540e-04 -6.859193931094728202e-05 -3.400622122549191561e-03 -1.871728771929955849e-04 9.999999785463834501e-01 8.873300773095470326e-05 1.203860538506119557e-02 6.860854679184924336e-05 -8.872016741716043440e-05 9.999999937107996173e-01 -7.484186375203645590e-04
9.999999465304688639e-01 2.777480427288889740e-04 -1.726125260979111326e-04 1.858124602189646733e-03 -2.777376827527448713e-04 9.999999596285029657e-01 6.003975364834564731e-05 4.803265075038934406e-03 1.726291950533468094e-04 -5.999180943503564238e-05 9.999999833000717819e-01 -2.598879177964046831e-03
9.999998947465567056e-01 4.163798921069138191e-04 -1.927035573397600516e-04 2.115077680600710788e-02 -4.163516902904647343e-04 9.999999026142484260e-01 1.463651725931388898e-04 8.730829567304674438e-03 1.927644820879518335e-04 -1.462849247358770897e-04 9.999999707212872124e-01 -2.627720521381654920e-03
9.999997408576721813e-01 6.660716536781857581e-04 -2.731906671350645631e-04 3.987179643499273729e-02 -6.660377363069813891e-04 9.999997704809230337e-01 1.242249377638232545e-04 1.476763542246936969e-02 2.732733471423191601e-04 -1.240429502783648569e-04 9.999999549675111510e-01 -7.971992671397119118e-03
9.999995100459662112e-01 9.693135229757244339e-04 -2.008460148674294119e-04 6.190770550717329679e-02 -9.693103337666023837e-04 9.999995300910179408e-01 1.597560948090419715e-05 1.331345173413854555e-02 2.008614058623906656e-04 -1.578091953588305323e-05 9.999999797028289450e-01 -2.499819038757490619e-03
9.999993424533527575e-01 1.133155665538032727e-03 -1.762132223302431255e-04 9.432640286866461610e-02 -1.133140907530909942e-03 9.999993544820544589e-01 8.382814646201831941e-05 6.584075412942922909e-03 1.763080989205408327e-04 -8.362841693043144284e-05 9.999999809608708379e-01 1.798165794370802217e-03
9.999990516317316391e-01 1.367693210463438030e-03 -1.617124590284429683e-04 1.320106789914261280e-01 -1.367685864166882578e-03 9.999990636807595257e-01 4.553000434455952875e-05 5.699131735316200799e-03 1.617745786917705554e-04 -4.530878932107528461e-05 9.999999858880495029e-01 5.453910754371321667e-03
9.999975359897855798e-01 2.209955807102289074e-03 -2.100230657282761389e-04 1.791745780127478593e-01 -2.209948002688040536e-03 9.999975573631251224e-01 3.738460405524990468e-05 7.488268989390430876e-03 2.101051710410193555e-04 -3.692037188457903156e-05 9.999999772463513681e-01 2.781274790590981816e-03
9.999952764141087913e-01 3.060777979897729567e-03 -2.806913393077611007e-04 2.255005904081948120e-01 -3.060743097994050692e-03 9.999953081501552488e-01 1.246168691560740720e-04 6.059981886711396891e-03 2.810714469151810572e-04 -1.237571564381361551e-04 9.999999528415028927e-01 -3.308323459239071417e-03
9.999929547068157065e-01 3.740887849734420879e-03 -3.103140799280956199e-04 2.832608564514105809e-01 -3.740865102873311768e-03 9.999930002126745654e-01 7.385076813437084042e-05 8.572430433142418441e-03 3.105881752367394954e-04 -7.268940472152419260e-05 9.999999491256166273e-01 -8.968140619452866918e-04
9.999886667349052738e-01 4.729985141940971916e-03 -5.418877222704129772e-04 3.525498445787971225e-01 -4.729965351182269934e-03 9.999888129369829404e-01 3.779762342069952836e-05 1.375930136342796983e-02 5.420604423354963806e-04 -3.523408489964321213e-05 9.999998524645071774e-01 2.152319571273020836e-03
9.999785599805458558e-01 6.526517834892989721e-03 -5.330517655261996033e-04 4.426822577916102452e-01 -6.526474165471880980e-03 9.999786988443061242e-01 8.362186287783171827e-05 1.707827987448290105e-02 5.335861704870083645e-04 -8.014112144689891463e-05 9.999998544315891191e-01 2.952259132155977465e-05
9.999649582311938012e-01 8.343705516387706772e-03 -6.818269154206771550e-04 5.469871578511743548e-01 -8.343600339160817114e-03 9.999651792426772490e-01 1.569571303327726996e-04 5.250837972626407751e-03 6.831127777653131332e-04 -1.512627389945461829e-04 9.999997552382283716e-01 -6.083245897920903575e-03
9.999390595923488556e-01 1.101841890138069088e-02 -6.866924222558245215e-04 6.350229743404450788e-01 -1.101843284754262103e-02 9.999392950896410781e-01 -1.652924054505428727e-05 -3.277318444054250820e-03 6.864686105574403004e-04 2.409450758793949080e-05 9.999997640901229223e-01 -4.859771644915676127e-03
9.998813634055794264e-01 1.539326629701702129e-02 -5.535945344938567525e-04 7.169627110233544043e-01 -1.539325603041732243e-02 9.998815165552705775e-01 2.280162627511852708e-05 -1.088869010011175691e-02 5.538799342116844252e-04 -1.427729876132636659e-05 9.999998465065768061e-01 1.319877373912147244e-05
9.997801011618990819e-01 2.096364601152562665e-02 -5.242772228400818585e-04 8.047676722065072452e-01 -2.096361296729328319e-02 9.997802369754317242e-01 6.844492039202717062e-05 -9.962592673276307251e-03 5.255968611742638718e-04 -5.743912464637220678e-05 9.999998602243335144e-01 5.944961120910228353e-03
9.996273378715210267e-01 2.728089852115768432e-02 -9.684811687695765335e-04 9.151514733085347464e-01 -2.728090003217443354e-02 9.996278069149776568e-01 1.165275449591184648e-05 -9.431687428954125922e-04 9.684386043884810622e-04 1.477262599262751597e-05 9.999995309541095390e-01 4.759432697088592651e-03
9.994148335317881715e-01 3.419171067743790454e-02 -9.578296187101072298e-04 1.025211516163192504e+00 -3.419151009833410609e-02 9.994152740510203747e-01 2.250127095278197644e-04 -7.054725088679767060e-03 9.649631203402676957e-04 -1.921313985546725081e-04 9.999995159657338872e-01 2.627403845511057379e-03
9.991147203833129486e-01 4.205808326352757087e-02 -9.450637928042619111e-04 1.126525217804586809e+00 -4.205783532812855385e-02 9.991151383528406038e-01 2.807163982805549940e-04 -2.736651635268862182e-02 9.560339357522115158e-04 -2.407205484027492230e-04 9.999995140262475379e-01 -5.224800243039848593e-03
9.986893744527506334e-01 5.116596974402133624e-02 -1.255744929287705642e-03 1.242288031716324070e+00 -5.116534257604242464e-02 9.986900572283797795e-01 5.266044546909413263e-04 -4.398223539054654796e-02 1.281044202890369932e-03 -4.616636539441944915e-04 9.999990728957807162e-01 1.349793932946392189e-03
9.980748891069060047e-01 6.199307130394862003e-02 -1.837074995961072033e-03 1.360682932503941789e+00 -6.199185025600289362e-02 9.980763999666785180e-01 7.143748260258475907e-04 -3.692751074032576963e-02 1.877827487965193741e-03 -5.991158972078471871e-04 9.999980574101468012e-01 1.145168975907308317e-03
9.972432137245681449e-01 7.417761021431845680e-02 -1.911759186711743360e-03 1.468806991438958098e+00 -7.417624428761987465e-02 9.972448459833258561e-01 7.758499055899045023e-04 -5.444718227618586259e-02 1.964042687591224454e-03 -6.319039367657473946e-04 9.999978716146029623e-01 8.708497995887181905e-04
9.961810439722116328e-01 8.730091637572408303e-02 -1.370266541028220680e-03 1.586954707104364370e+00 -8.729991698153234669e-02 9.961817740050757930e-01 7.730686370778776673e-04 -8.018381633231323746e-02 1.432524154139522884e-03 -6.504921666720799110e-04 9.999987623664785552e-01 2.032725399644388746e-03
9.948856956769454030e-01 1.009974028688199327e-01 -1.406112070078887949e-03 1.709276242220732156e+00 -1.009968942159010091e-01 9.948866487564421712e-01 4.283513951912065743e-04 -1.183214604419978722e-01 1.442184503606315721e-03 -2.841477238015347687e-04 9.999989196813807713e-01 8.466514529963600636e-04
9.932038206359040666e-01 1.163746812341487358e-01 -1.761885891064273509e-03 1.840327201747094410e+00 -1.163747331617884795e-01 9.932053745820772495e-01 7.336755519598292812e-05 -1.525952027126386001e-01 1.758452662254229946e-03 1.321700643027589489e-04 9.999984451864456503e-01 5.583078414279524747e-03
9.910828709132425418e-01 1.332365297999851539e-01 -1.664364510180338722e-03 1.971279197237845837e+00 -1.332370870844385158e-01 9.910841672677794811e-01 -2.280710107449079394e-04 -2.007176884752661372e-01 1.619137924582500065e-03 4.477923512842949720e-04 9.999985889362000835e-01 7.321658609644126833e-03
9.885404909868091838e-01 1.509518505574960479e-01 -1.111976989689190606e-03 2.111354799874495036e+00 -1.509529636041208600e-01 9.885404449366383961e-01 -9.957427408763279333e-04 -2.320686791794276393e-01 9.489250187321812647e-04 1.152188240015608687e-03 9.999988860011637115e-01 9.902683067578396670e-03
9.857440804928245814e-01 1.682512452879256770e-01 -3.552920181193616419e-04 2.251567388759654786e+00 -1.682515259085035630e-01 9.857435671952713419e-01 -1.021647004440597072e-03 -2.539268577628385759e-01 1.783334405951770164e-04 1.066860911172239209e-03 9.999994150023189254e-01 2.367649879021507114e-02
9.827140172444543964e-01 1.851297630545407913e-01 -3.621362115137227050e-04 2.374812814002001282e+00 -1.851299542195069814e-01 9.827138677078773865e-01 -5.952019049373987337e-04 -2.992528056193505814e-01 2.456866894230565180e-04 6.519555153313440730e-04 9.999997572959988812e-01 2.487160978113518023e-02
9.793116320771951822e-01 2.023562649372989408e-01 -8.181191392769721895e-04 2.508294254352132047e+00 -2.023562019206754103e-01 9.793119737658556589e-01 1.599470630056527701e-04 -3.516897480398658571e-01 8.335601593184692329e-04 8.913462424680313506e-06 9.999996525489451837e-01 1.291443200217722020e-02
9.753676647784921272e-01 2.205835011958566239e-01 -9.151528444070679454e-04 2.641704141000686956e+00 -2.205831935855271930e-01 9.753680707711264164e-01 4.257086101204472848e-04 -3.891056051295722629e-01 9.865151600196209094e-04 -2.133550758910880436e-04 9.999994906335956113e-01 1.126474138234218221e-02
9.706753616834647991e-01 2.403941299665985354e-01 -6.706919472262947758e-05 2.793554480456647227e+00 -2.403940746116264848e-01 9.706752673229057660e-01 4.629246430056593257e-04 -4.266055116366272992e-01 1.763867753119640724e-04 -4.332265082814136916e-04 9.999998906012430577e-01 1.076921765030784336e-02
9.656053861811813022e-01 2.600114831434934826e-01 5.165379099801611744e-04 2.954164440048299589e+00 -2.600116563446365769e-01 9.656054306657613218e-01 3.013863106395089659e-04 -4.895097043017290761e-01 -4.204079093930613719e-04 -4.253261224135229624e-04 9.999998211774236978e-01 1.476481308191292599e-02
9.600827463655418059e-01 2.797158021256987426e-01 4.360875780455505946e-04 3.099954031436181534e+00 -2.797159733211938559e-01 9.600827128742287497e-01 3.983830297216350218e-04 -5.660564733353743438e-01 -3.072461162688710015e-04 -5.044613346268657069e-04 9.999998255592776886e-01 1.489287390410641912e-02
9.537926323492047498e-01 3.004647617925879088e-01 7.357970496339509775e-04 3.242244343726305100e+00 -3.004653237227321028e-01 9.537923749221260961e-01 8.335350047581126806e-04 -6.179611322229046078e-01 -4.513497187806297744e-04 -1.016101045055943508e-03 9.999993819108577986e-01 1.145605943996661456e-02
9.468281044073217911e-01 3.217309289828252927e-01 2.397924161871576101e-03 3.400021523201965490e+00 -3.217353056802586542e-01 9.468280675140664515e-01 1.733103115497846691e-03 -6.700930388145227568e-01 -1.712829024858000555e-03 -2.412447600807079290e-03 9.999956231470740198e-01 1.412205018768841053e-02
9.389898341503081225e-01 3.439104860019675525e-01 4.865077621922905306e-03 3.556850337513477900e+00 -3.439302213380036055e-01 9.389864968005339207e-01 4.044956940776060945e-03 -7.535718388432380843e-01 -3.177139085512734312e-03 -5.471420670298964180e-03 9.999799844712292662e-01 6.252319384172689426e-03
9.304196031379055043e-01 3.664415570197687155e-01 6.320394420447818067e-03 3.696975959907626841e+00 -3.664764074738842692e-01 9.304099432923043089e-01 5.690359201893056829e-03 -8.416742727451554940e-01 -3.795373728370389933e-03 -7.610697191361166965e-03 9.999638355593283290e-01 -8.522313412434740984e-03
9.208278574201294031e-01 3.899249358646091901e-01 5.882294623217540659e-03 3.835893374138457101e+00 -3.899527679000649449e-01 9.208229587052152443e-01 4.681616008564979010e-03 -9.264247080293157577e-01 -3.591073117044527897e-03 -6.604779508358017866e-03 9.999717401414471851e-01 -1.479545954183291573e-02
9.098662949356172147e-01 4.148888271213632684e-01 3.253685601283212540e-03 3.989303755037536980e+00 -4.148944496212335076e-01 9.098686616878156608e-01 1.270492785134587355e-03 -1.024926125146804257e+00 -2.433313302101829112e-03 -2.505914659937771242e-03 9.999938996704385019e-01 1.861597906003378431e-03
8.979458560695124936e-01 4.400987126264712668e-01 2.522441696658815537e-03 4.123802497924591748e+00 -4.400923956486940680e-01 8.979484380850492053e-01 -2.699228188555777026e-03 -1.132474485211252491e+00 -3.452949432543864303e-03 1.313653357332942228e-03 9.999931757042510583e-01 4.214952674620564554e-02
8.853806723574813020e-01 4.648511816715339418e-01 3.800515016796539389e-03 4.290903823699871111e+00 -4.648411377045934545e-01 8.853881300725717773e-01 -3.252049214566298668e-03 -1.215843683066114789e+00 -4.876649804279344774e-03 1.112665795861232047e-03 9.999874900525071997e-01 6.992550475639341956e-02
8.721183685374949146e-01 4.892673145765644160e-01 5.200590979435378014e-03 4.426933594475821465e+00 -4.892719191681746405e-01 8.721311835010644442e-01 -4.334495633467849414e-04 -1.308446868604302926e+00 -4.747670269663001839e-03 -2.166483803287756488e-03 9.999863828947574973e-01 3.658262910124916722e-02
8.574587985126425060e-01 5.145186809563011554e-01 5.910651422954474668e-03 4.551189202466208172e+00 -5.145438531788351089e-01 8.574546925778123718e-01 4.009156041700289753e-03 -1.421392050815633912e+00 -3.005330120480419979e-03 -6.478975480529990463e-03 9.999744951085450806e-01 -5.179254418308709175e-03
8.412136524827142914e-01 5.406670145025527230e-01 6.226580569444379459e-03 4.695142149969004031e+00 -5.406962043699954368e-01 8.412046769637087085e-01 4.722926451102356545e-03 -1.552035424459953461e+00 -2.684298152475317421e-03 -7.339678690441577696e-03 9.999694613637707397e-01 -1.900498779872171126e-02
8.241931603397641970e-01 5.662641833726402840e-01 7.106973931885962430e-03 4.845654104106030147e+00 -5.662972168163591391e-01 8.241916246586020733e-01 3.953235214307352502e-03 -1.680457845789948834e+00 -3.618932881017706323e-03 -7.282888982459858641e-03 9.999669308796526046e-01 8.869267595696650117e-03
8.062753393770961674e-01 5.914378201469172591e-01 1.101735050777399687e-02 4.985359715910769651e+00 -5.915117118311903344e-01 8.062798657298482219e-01 5.164579866037705830e-03 -1.785733533144508556e+00 -5.828540030162696235e-03 -1.068096524292730040e-02 9.999259698110636307e-01 3.051776139288350093e-02
7.877577574560966633e-01 6.157856311290181850e-01 1.567711908414703634e-02 5.117012144781429406e+00 -6.159390115180685132e-01 7.877551164129802386e-01 7.810931782876603946e-03 -1.903617012447044177e+00 -7.539871211528029540e-03 -1.580927133706199611e-02 9.998465968746929056e-01 2.644388399301753675e-03
7.684325588934219908e-01 6.397810604177490701e-01 1.384186270876142967e-02 5.239845761232854393e+00 -6.398951370463156207e-01 7.684382761062665823e-01 6.068723037529190519e-03 -2.043032726845261937e+00 -6.753963057688205755e-03 -1.352074500794319539e-02 9.998857801956408942e-01 -5.051146890648088028e-02
7.484235036250762585e-01 6.632148245285063304e-01 2.890630932521814911e-03 5.347563025822821281e+00 -6.632126930521471397e-01 7.484288574057940124e-01 -1.780218182120390678e-03 -2.222509895103691235e+00 -3.344098695286578955e-03 -5.847459962980256463e-04 9.999942375214149193e-01 -3.108611236520710669e-02
7.272186101827826654e-01 6.863268502539859872e-01 -1.041861911505907387e-02 5.421801903615519613e+00 -6.864050556683954918e-01 7.271580625582496626e-01 -9.447306991915191410e-03 -2.393358174595906718e+00 1.092042439095090899e-03 1.402165029429058504e-02 9.999010954921170313e-01 8.262268121652620312e-02
7.043226219448228687e-01 7.096741499114512797e-01 -1.709517956117703394e-02 5.507653064819604261e+00 -7.098583907760774858e-01 7.042848994818555752e-01 -9.156713746215126501e-03 -2.539557124244405717e+00 5.541593775040114592e-03 1.858443728745766410e-02 9.998119370307302356e-01 1.551450931292568391e-01
6.803700251834647883e-01 7.327314319171923662e-01 -1.418723061179606726e-02 5.648822025144242254e+00 -7.328331943418732175e-01 6.804002425026819401e-01 -3.319529029509480679e-03 -2.681771452590983706e+00 7.220671889624346099e-03 1.265538157751193264e-02 9.998938459729562744e-01 9.052677517941791485e-02
6.559539109997141182e-01 7.547603098152981804e-01 -7.832073269226831960e-03 5.792785341880542838e+00 -7.547785719685524697e-01 6.559790470612921753e-01 8.928122265140084942e-04 -2.831907046583272525e+00 5.811535192352237054e-03 5.325837405929872981e-03 9.999689302746529451e-01 -3.779854877959839404e-02
6.309019276973250046e-01 7.758331005879886000e-01 -6.764440836254739103e-03 5.880716299267846559e+00 -7.758487815144972100e-01 6.309187362248969144e-01 4.652986664156863092e-04 -3.019744038111062956e+00 4.628806570742663266e-03 4.954625354838495220e-03 9.999770126544529347e-01 -7.451375551257323482e-02
6.045337819308067573e-01 7.964911839671585669e-01 -1.186171855296567872e-02 5.967519051010479636e+00 -7.965657237336766228e-01 6.045438865178029975e-01 -3.120424104817464284e-03 -3.222821768515677476e+00 4.685539145064479376e-03 1.133504020918163664e-02 9.999247784640483694e-01 9.626636230904607114e-03
5.762972374894467231e-01 8.170432641648424088e-01 -1.793874423954087277e-02 6.065716236572323616e+00 -8.172228585325491679e-01 5.762890494429235844e-01 -6.142555173593978665e-03 -3.417636275402391899e+00 5.319168536658864903e-03 1.819988942359061085e-02 9.998202190749333473e-01 1.137292873715488456e-01
5.469461229091944210e-01 8.369642412701602252e-01 -1.846070068186353094e-02 6.180622126868907884e+00 -8.371451295926296554e-01 5.469606247305918156e-01 -4.701807488621610742e-03 -3.610666883968237428e+00 6.162031640603999640e-03 1.802592104125639791e-02 9.998185313028933319e-01 1.307998160432477519e-01
5.172048135758293697e-01 8.557382258834261846e-01 -1.453511526882465300e-02 6.273362960049770898e+00 -8.558295597788120324e-01 5.172579137125565829e-01 -1.237357603084068163e-04 -3.818780388614113175e+00 7.412517979519116403e-03 1.250357803269546049e-02 9.998943519760392640e-01 4.696010098109451580e-02
4.866042756345227982e-01 8.735176322977983299e-01 -1.353606290802747934e-02 6.354929856557730794e+00 -8.735762609014364743e-01 4.866795269202128793e-01 2.748538917956074024e-03 -4.027080836054672375e+00 8.988621900332399370e-03 1.048733243329595666e-02 9.999046057173486268e-01 -1.932739690740479035e-02
4.552561346205007409e-01 8.902036496396114051e-01 -1.671269154613422292e-02 6.431315440745508205e+00 -8.903004114202953678e-01 4.553633023939507307e-01 3.072500240550241329e-03 -4.256256669834609596e+00 1.034549734199555031e-02 1.348054157633033281e-02 9.998556124178908933e-01 -2.157271964803524501e-03
4.235493519762646986e-01 9.056537854638053719e-01 -1.992905706665265564e-02 6.515519212667497229e+00 -9.058203432261102694e-01 4.236594852157822833e-01 1.465054412058715847e-03 -4.487838683220754632e+00 9.769966131885438054e-03 1.743162246545060592e-02 9.998003232145925567e-01 6.366301071548094437e-02
3.925022944507849387e-01 9.195429673986559305e-01 -1.956220740467807737e-02 6.595866771451635024e+00 -9.197128955329665345e-01 3.925909049443533916e-01 7.557415829486513600e-04 -4.725136128888524745e+00 8.374881565482857407e-03 1.769498410985369599e-02 9.998083560843629147e-01 9.020593231214674157e-02
3.633637354554294374e-01 9.314661116035785060e-01 -1.837603575275215465e-02 6.670666167238350930e+00 -9.316212195020112663e-01 3.634305980505853073e-01 3.221399995144760549e-04 -4.978540733409908547e+00 6.978476156161378050e-03 1.700245084402832868e-02 9.998310945033836994e-01 3.329172792472251396e-02
3.346327785143897726e-01 9.420838664815359698e-01 -2.233589172025522360e-02 6.726657463772773404e+00 -9.423356355610544854e-01 3.346585404674227160e-01 -2.685375943486434207e-03 -5.259724451446227356e+00 4.945047571342803087e-03 2.194652153335416300e-02 9.997469163228778211e-01 -1.053658090149303022e-03
3.042917021363870655e-01 9.521638642186861512e-01 -2.811646647570979415e-02 6.776109227182171679e+00 -9.525760217772553107e-01 3.042307577912454764e-01 -6.524473065498064689e-03 -5.535296842495971426e+00 2.341526416281965520e-03 2.876841479650862551e-02 9.995833609880357962e-01 4.315489585399159139e-02
2.750336639380430159e-01 9.608469970822537398e-01 -3.360850932177007061e-02 6.835035175702170562e+00 -9.614331754464096047e-01 2.749252714000823272e-01 -7.895840463495638895e-03 -5.812817873857318851e+00 1.653133947849510892e-03 3.448395777179510263e-02 9.994038842252632726e-01 8.166667149659660729e-02
2.489781117324315340e-01 9.678970117427794229e-01 -3.442781633433779354e-02 6.893944462102085780e+00 -9.685061470491895808e-01 2.489079524945523036e-01 -6.377641641186433674e-03 -6.094764358202546362e+00 2.396456986167859547e-03 3.493144492241537225e-02 9.993868375907027923e-01 9.058206592402082147e-02
2.246161595175728554e-01 9.739200527184738165e-01 -3.205170504702673645e-02 6.939485694355261636e+00 -9.744462445245282156e-01 2.245432581435378161e-01 -5.902690431334117228e-03 -6.367432311161294045e+00 1.448245704249309174e-03 3.255850326919046411e-02 9.994687821284116147e-01 6.101052744169020714e-02
2.008709025464268383e-01 9.791670437974654417e-01 -2.971162821381509445e-02 6.962394709786778435e+00 -9.796170253200119360e-01 2.007421860580540784e-01 -7.284122445716318534e-03 -6.662806470570581396e+00 -1.167995442845421372e-03 3.056918509816141175e-02 9.995319708288874505e-01 3.387278203918656777e-02
1.778917675165959389e-01 9.836010683320831616e-01 -2.972301172166291056e-02 6.991663142541555409e+00 -9.840456849596702638e-01 1.777197503478748775e-01 -8.353457280819785724e-03 -6.951300917381110445e+00 -2.934103282919865458e-03 3.073481270926749567e-02 9.995232675258998167e-01 3.470029612039694095e-02
1.561414781376819771e-01 9.872332870528895965e-01 -3.146864693193716228e-02 7.012303361923184042e+00 -9.877299905700026583e-01 1.559630817088202281e-01 -8.061195474039892575e-03 -7.249478788510987926e+00 -3.050333352700539905e-03 3.234121331420641149e-02 9.994722314240663819e-01 5.765969867264773147e-02
1.361742944882804451e-01 9.901206140482392559e-01 -3.343248655659761953e-02 7.058707618057752597e+00 -9.906804334830172643e-01 1.359948371136525669e-01 -7.594932016316350600e-03 -7.542714445431315085e+00 -2.973253188080900600e-03 3.415514478331359988e-02 9.994121201237807783e-01 5.949831160270615399e-02
1.195869182551401178e-01 9.922135530448280560e-01 -3.480278920426816552e-02 7.095126603044536573e+00 -9.928146797832025916e-01 1.193626137689405287e-01 -8.460380678421922790e-03 -7.882618862231153933e+00 -4.240352487177914513e-03 3.556447087199560153e-02 9.993583880782607176e-01 5.421344694399904407e-02
1.057238167818531638e-01 9.937679625657995786e-01 -3.532295490041291453e-02 7.110313618254942902e+00 -9.943785046683915052e-01 1.054474068274969811e-01 -9.603845417857973660e-03 -8.203958888443137809e+00 -5.819279897968444512e-03 3.613974226770048925e-02 9.993298029230857082e-01 4.442814639988599407e-02
9.427898462792647094e-02 9.949221305527325976e-01 -3.523389268784622719e-02 7.117015083191501112e+00 -9.955242117735249030e-01 9.398471457704024590e-02 -9.920544268049565073e-03 -8.505999683901400488e+00 -6.558721691705275518e-03 3.601149208632918597e-02 9.993298532554139024e-01 5.793008462985235058e-02
8.456454338546284810e-02 9.957894765066479525e-01 -3.538582315877936840e-02 7.147269639569504562e+00 -9.963962221810711561e-01 8.427454024256389453e-02 -9.610946373505695542e-03 -8.795232029427062059e+00 -6.588355280195894864e-03 3.607104580575289793e-02 9.993275104935224196e-01 6.680487313316348097e-02
7.610873521067743064e-02 9.964835481978130405e-01 -3.504281089935730453e-02 7.169136105080760935e+00 -9.970764929819916356e-01 7.582109248342952523e-02 -9.467263456339043010e-03 -9.125513800885341809e+00 -6.776988074616707193e-03 3.566090444333052528e-02 9.993409690025322201e-01 5.860527807110356424e-02
6.946621015200518667e-02 9.969879744918844766e-01 -3.448803220955099641e-02 7.179383770987076474e+00 -9.975613860138851097e-01 6.918874565332480686e-02 -9.175980000854101759e-03 -9.464297887213739102e+00 -6.762158026399269807e-03 3.504134976694113501e-02 9.993629856190076044e-01 4.910752682217076059e-02
6.516810348108202644e-02 9.972264481184222040e-01 -3.595176576741433705e-02 7.192130098247126568e+00 -9.978588111184555354e-01 6.492404632338831527e-02 -7.915887964160900347e-03 -9.804994309606975378e+00 -5.559798732112322499e-03 3.639064965227434278e-02 9.993221749045418933e-01 3.718646152224120566e-02
6.284523009908350721e-02 9.973355738563360884e-01 -3.704362528756714040e-02 7.216942276866249451e+00 -9.980126974151606323e-01 6.263029235039675735e-02 -6.935580597073781259e-03 -1.011619225318290027e+01 -4.597048173330576734e-03 3.740587655377518306e-02 9.992895814263930143e-01 5.268448209937530435e-02
6.079089229403474709e-02 9.975121267410302917e-01 -3.569347865761839100e-02 7.246955004605393214e+00 -9.981359615829992205e-01 6.055796573844337422e-02 -7.571986555929940271e-03 -1.041199164503719210e+01 -5.391623955426247568e-03 3.608725246133760722e-02 9.993340985881122851e-01 7.021515517028738274e-02
5.823193591852449114e-02 9.977805695427433008e-01 -3.229514951413340468e-02 7.260045218251971022e+00 -9.982780190506219675e-01 5.797077023946761720e-02 -8.965850668475990742e-03 -1.074378443218828316e+01 -7.073776894094065647e-03 3.276163672349450412e-02 9.994381605880627850e-01 6.540008941433031464e-02
5.463938754747798415e-02 9.981007764612029876e-01 -2.844955809816163139e-02 7.259043101128765052e+00 -9.984611459797766431e-01 5.434422327607856679e-02 -1.104741441566902717e-02 -1.107316692696872629e+01 -9.480363768775666722e-03 2.900940233896402709e-02 9.995341801453053732e-01 3.815631103791716078e-02
5.093112535419985071e-02 9.983098595287492882e-01 -2.799008463445064321e-02 7.269109339763317301e+00 -9.986442886054386348e-01 5.060643631943694681e-02 -1.218907046432139533e-02 -1.137895472354301951e+01 -1.075199078739374169e-02 2.857294123354650606e-02 9.995338822287976877e-01 1.695986698976245308e-02
4.892589872384518063e-02 9.983441136572324126e-01 -3.025371316085971943e-02 7.299141074622874648e+00 -9.987423311530965186e-01 4.856828238086125654e-02 -1.244499535764184532e-02 -1.168788129322915914e+01 -1.095501697592709579e-02 3.082454659080086784e-02 9.994647742319529016e-01 4.854481211035233112e-02
4.682148815666471731e-02 9.983995784938581863e-01 -3.171797455831559115e-02 7.323681423426362080e+00 -9.988442842398341792e-01 4.645004079575427991e-02 -1.234866598003801601e-02 -1.200425773064260504e+01 -1.085560169723893270e-02 3.225950051317296591e-02 9.994205724010445380e-01 8.177143312754053817e-02
4.459122527807876657e-02 9.985058440391603174e-01 -3.158642189048384286e-02 7.339626530573640117e+00 -9.989445874519182755e-01 4.421759888149964790e-02 -1.243041228887636386e-02 -1.232438496421569951e+01 -1.101516358100401195e-02 3.210737249914430436e-02 9.994237253550092293e-01 6.891748551176314630e-02
4.200808757486212269e-02 9.986303758924321983e-01 -3.118802531809632475e-02 7.346619199644758069e+00 -9.990459989574538291e-01 4.161177517013608246e-02 -1.324960883548455259e-02 -1.262082482755779189e+01 -1.193367275427049436e-02 3.171486263772160114e-02 9.994257125682050047e-01 4.766517949977647217e-02
3.864390319373276622e-02 9.987456472383392514e-01 -3.183992569753989199e-02 7.333975157891472030e+00 -9.991784666420892025e-01 3.823210794085660919e-02 -1.344238524826338495e-02 -1.291112443875900873e+01 -1.220821627910670740e-02 3.233323437069270806e-02 9.994025822512229151e-01 4.438273679611966921e-02
3.596817493314245773e-02 9.988054381565087958e-01 -3.307547582368967204e-02 7.333630856048307223e+00 -9.992916263114810516e-01 3.557965781138187900e-02 -1.226105761264103047e-02 -1.321012993485314979e+01 -1.106959690930059935e-02 3.349305389195773863e-02 9.993776460203900314e-01 5.491006436076095037e-02
3.451906487004409441e-02 9.988517142972979102e-01 -3.322178510927648737e-02 7.358571135295801646e+00 -9.993686001099062466e-01 3.421882397905497142e-02 -9.564162266337569371e-03 -1.350355902057251356e+01 -8.416369458624487279e-03 3.353095481550910639e-02 9.994022412393801513e-01 6.029433917285070138e-02
3.217823338499178204e-02 9.989885947821390833e-01 -3.140619033612126326e-02 7.392427348934426767e+00 -9.994464189209952831e-01 3.189550949488325488e-02 -9.462144580409413697e-03 -1.379695934743911856e+01 -8.450858075944759490e-03 3.169327956001850854e-02 9.994619147463853492e-01 6.141724886478275997e-02
2.934480702240017599e-02 9.991032248616263933e-01 -3.052258789677475548e-02 7.392142012661166994e+00 -9.995164652344789014e-01 2.901546952826085032e-02 -1.117757814676456629e-02 -1.410923552378107182e+01 -1.028192715353279212e-02 3.083583303808760251e-02 9.994715770720329351e-01 3.984177966711422575e-02
2.756407516094089988e-02 9.991436094971554160e-01 -3.085886196083439253e-02 7.384734672880042261e+00 -9.995532644912427100e-01 2.719228534301394024e-02 -1.240367134052714447e-02 -1.440500677039801047e+01 -1.155392597439102061e-02 3.118697194053855065e-02 9.994467867654377446e-01 2.695264588191497238e-02
2.564931277224462292e-02 9.992044140039292310e-01 -3.053934821465929469e-02 7.403467104636961338e+00 -9.996101121036443660e-01 2.529860406558152863e-02 -1.181543111666475722e-02 -1.467286284048708289e+01 -1.103342804622720746e-02 3.083049898067805397e-02 9.994637281053030398e-01 5.805425245073895374e-02
2.352062478178129981e-02 9.993027134141510004e-01 -2.899770978870957333e-02 7.412620709002073482e+00 -9.996538835074550988e-01 2.316715866169094876e-02 -1.246579111038182038e-02 -1.496292749669845179e+01 -1.178530433795784912e-02 2.928087639842102269e-02 9.995017443101348320e-01 6.020767202424057163e-02
2.158492328452132208e-02 9.993614995113822008e-01 -2.847251975438172197e-02 7.418660079933119711e+00 -9.996819692185574535e-01 2.120286714600915293e-02 -1.365279620064790977e-02 -1.526851928672169301e+01 -1.304037982993850285e-02 2.875815917528478510e-02 9.995013340535068291e-01 3.761503264271315317e-02
2.008083936240570230e-02 9.993454071065647204e-01 -3.009181259937788316e-02 7.419120240719691672e+00 -9.997028010577276858e-01 1.965370292733372923e-02 -1.442364442773458669e-02 -1.553371591696853393e+01 -1.382278726722157951e-02 3.037250823127608454e-02 9.994430655599678692e-01 2.883632606461166911e-02
