1.000000000000000000e+00 0.000000000000000000e+00 0.000000000000000000e+00 0.000000000000000000e+00 0.000000000000000000e+00 1.000000000000000000e+00 0.000000000000000000e+00 0.000000000000000000e+00 0.000000000000000000e+00 0.000000000000000000e+00 1.000000000000000000e+00 0.000000000000000000e+00
1.000000000026614488e+00 2.732254350441392295e-05 -1.104225535131297747e-05 -4.254725922267545428e-04 -2.732252501584008848e-05 1.000000000005456302e+00 -1.549073503536607272e-06 -1.530177941376250142e-03 1.104228070025591661e-05 1.549024827208313642e-06 1.000000000027325253e+00 5.033642875992368388e-05
1.000000000648517684e+00 4.580858837615092754e-05 4.184263281277089723e-05 -1.443528875201087296e-03 -4.580785433951173015e-05 9.999999996457874518e-01 4.874923129298367749e-05 -2.233799873140394042e-03 -4.184009854620567980e-05 -4.875203647426034243e-05 1.000000000864431415e+00 2.489713171128603427e-04
1.000000001902282332e+00 4.261630692884622347e-05 -3.454168087342000928e-05 -1.329203428754740417e-03 -4.261113930331116446e-05 1.000000001093194646e+00 3.673781242207149506e-05 -8.664256171720227835e-04 3.454285009801064392e-05 -3.673657809879082457e-05 1.000000002820485845e+00 1.451094711740569742e-04
9.999999887219289674e-01 6.623219650365010178e-05 -1.611366287961251776e-04 -4.017191676862526132e-04 -6.624402877938836206e-05 9.999999959563632412e-01 -9.904036940432126013e-05 4.980556931789003076e-04 1.611295758353187269e-04 9.905060931278893989e-05 9.999999869920696005e-01 -1.355460196998668852e-03
9.999999906565244512e-01 4.607608661902541257e-05 -1.773595017803592953e-04 7.524638719735736231e-04 -4.608135388897567462e-05 1.000000002130547516e+00 -8.331803413503005259e-05 1.135622964180626701e-04 1.773578781870532720e-04 8.332357165083188364e-05 9.999999914633097564e-01 -2.091588112837890201e-03
1.000000006788109408e+00 -2.546859379856803229e-05 -5.913205833424519899e-05 2.152724930549888133e-04 2.548285252102829051e-05 1.000000005496773925e+00 5.220389875469610817e-05 -1.339885078392599347e-03 5.913308822954754676e-05 -5.220825182680439660e-05 1.000000009448951843e+00 -1.162062604301856983e-03
1.000000011179236203e+00 -4.240983104398766089e-05 2.865959575701656603e-05 -8.205313683023147476e-04 4.241728481455322579e-05 1.000000007324725493e+00 1.468514691554033698e-05 -1.811845014871777499e-03 -2.865751956791176235e-05 -1.468668884271843249e-05 1.000000016458123753e+00 -6.109438272561954798e-04
1.000000011110605547e+00 -2.337107825344934118e-05 6.899447630291194412e-05 -1.239854070958573955e-03 2.338196545979267046e-05 1.000000009888672547e+00 -5.199909541552505784e-05 -1.134529435445310024e-03 -6.898786253952352433e-05 5.199791957562014945e-05 1.000000015780658336e+00 -1.223278746139190533e-03
1.000000012978476294e+00 3.449963764263498498e-05 -4.465366487844317587e-05 2.782245171624365574e-04 -3.449661929481209717e-05 1.000000006796013974e+00 -9.220778897924450618e-05 -2.463373033962121416e-05 4.465577693834363559e-05 9.220618730359340259e-05 1.000000015058976510e+00 -2.135366628286683183e-03
1.000000006694380827e+00 9.362177701712722552e-05 -8.379316953613956452e-05 1.304440301360117226e-03 -9.361129777713740239e-05 1.000000006743426262e+00 4.058718014235914887e-05 -3.700362121195949661e-04 8.380222223404354040e-05 -4.058248434916140351e-05 1.000000016269178227e+00 -2.121191763158456704e-03
1.000000014735608067e+00 4.879079569239590881e-05 -4.726826071185142198e-05 2.057213982753260399e-04 -4.878521588503784118e-05 1.000000013357858819e+00 -3.598838545072504029e-06 -4.629924155200641723e-04 4.727117159460351173e-05 3.595926034327349382e-06 1.000000020857349403e+00 -1.725880732306563428e-03
1.000000015739638037e+00 4.004038523403209913e-06 -8.951849317540943847e-05 7.316493761325234440e-05 -4.000896447127721155e-06 1.000000015725415192e+00 -5.830748444153535122e-05 -3.144775094939589763e-04 8.951850118979548185e-05 5.830495062260188614e-05 1.000000019159736464e+00 -7.244525265090913119e-04
1.000000020292570291e+00 -4.954525848291519428e-06 -3.682318083625808714e-05 -1.633748520945878257e-04 4.958138646894519115e-06 1.000000012913961012e+00 -9.840694483448374252e-05 -3.761964651820236803e-04 3.682382082865473050e-05 9.840377004631523225e-05 1.000000020888430319e+00 -8.931402129454298479e-05
1.000000019939840445e+00 3.421145730657004818e-05 -3.208505844411977141e-05 -5.526307421046912013e-04 -3.420366862992669176e-05 1.000000017409048647e+00 1.436405615877138256e-05 -5.118099794423968752e-04 3.208549922919654485e-05 -1.436591457569728006e-05 1.000000026104272299e+00 -8.292634122835462838e-04
1.000000019564173170e+00 3.804936311724630809e-05 -3.900909736350620599e-05 -3.882400950710645018e-04 -3.803656863782634652e-05 1.000000007823313997e+00 1.392352098506337277e-04 -1.062397479358272341e-03 3.901430324369392513e-05 -1.392366774935433014e-04 1.000000016406014103e+00 -1.948096417709767672e-03
1.000000020501310649e+00 3.521778001089215129e-05 -1.728060454775968592e-05 -6.187755450880349411e-04 -3.520945214445680467e-05 1.000000012700881236e+00 1.158606603326397833e-04 -1.134589844512801570e-03 1.728429683363271889e-05 -1.158630773969376664e-04 1.000000021984125187e+00 -1.711554113789724501e-03
1.000000019943948271e+00 5.137661161498769074e-05 -8.470737124641621155e-06 -1.073626430590839077e-03 -5.137063471713717059e-05 1.000000019346045432e+00 -3.142415150747216595e-05 -6.767360522795582258e-04 8.468731680054149603e-06 3.142157885439961039e-05 1.000000029464972240e+00 -2.614374520638026761e-04
1.000000019596669398e+00 4.593134404177499973e-05 8.010163373950175128e-05 -1.463492444569479368e-03 -4.592036059344469873e-05 1.000000016206370468e+00 -1.022443792245186279e-04 -5.167166599109362978e-04 -8.010702729595818843e-05 1.022373314445765275e-04 1.000000025386963864e+00 2.103934708038804086e-04
1.000000023908284463e+00 5.335581656996005959e-05 2.815367298449128477e-05 -1.275279662915031122e-04 -5.335381391257908032e-05 1.000000019496742221e+00 -7.492027562861791905e-05 -1.161831282584267723e-03 -2.815844786222837260e-05 7.491527595665749197e-05 1.000000033705816360e+00 3.427330608824419642e-05
1.000000017688909226e+00 7.414297918125761105e-05 -1.064264934681729408e-04 -3.870216702587753275e-04 -7.415586022580393012e-05 1.000000013954245759e+00 -1.201299913968922211e-04 -1.489984732498382883e-03 1.064168862265976062e-04 1.201344224689937333e-04 1.000000024576682911e+00 -1.003580956718346700e-03
9.999999808530385392e-01 4.087813811636599085e-05 -2.995676679535453800e-04 -3.095633121980884139e-03 -4.089284060803409558e-05 1.000000022358999541e+00 -4.907257909071988930e-05 -1.006658678191634263e-03 2.995652706254664358e-04 4.908137003717299497e-05 9.999999922049703782e-01 -1.795032051561827298e-03
9.999997988606756927e-01 -5.341158261760469458e-05 -6.763657431805460271e-04 -5.466967574677223003e-03 5.344008059077824907e-05 1.000000022567334224e+00 4.321137848300717960e-05 -5.548971547066480423e-04 6.763632180911779588e-04 -4.325079336627442431e-05 9.999998115743162774e-01 -2.537964426417762404e-03
9.999990726697617349e-01 -3.268376177851359292e-05 -1.386794645619078385e-03 -4.845481887106486800e-03 3.285757088402885940e-05 1.000000016813569648e+00 1.247210130610414526e-04 1.364039144667635994e-04 1.386790418423194254e-03 -1.247703960638590231e-04 9.999990778062759489e-01 -3.114456765492005542e-03
9.999954910997580493e-01 8.378044705645622682e-05 -3.013742292847291799e-03 5.973724306357302075e-03 -8.374050194927452504e-05 1.000000021602885925e+00 1.293700676285495497e-05 9.563847184206269265e-04 3.013743262914347128e-03 -1.268858041810238750e-05 9.999955069650816597e-01 -4.249491495948956588e-03
9.999836030720917757e-01 1.389793736479028865e-04 -5.731233191265514351e-03 3.182689655741571810e-02 -1.410951193146043020e-04 9.999999471934511996e-01 -3.690188852128389397e-04 2.205322621973036887e-03 5.731181373252298115e-03 3.698175440843041268e-04 9.999835571182743577e-01 -5.369197230528835636e-03
9.999670444390316160e-01 3.058047325636456103e-04 -8.117647025999328095e-03 7.160145131888803749e-02 -3.078256174671614546e-04 9.999999474920920894e-01 -2.476911792265509967e-04 -1.394025785856596665e-04 8.117570589557109029e-03 2.501776561787072634e-04 9.999670732868174428e-01 -6.344717761675151488e-03
9.999540826168922258e-01 4.902861573901206183e-04 -9.574590125893142276e-03 1.316347296526807209e-01 -4.919985418626173857e-04 9.999998893523867061e-01 -1.765052714448919866e-04 -1.001508421847207252e-03 9.574501900341187907e-03 1.812038346429908225e-04 9.999542001803272129e-01 -6.095521570680165896e-03
9.999533025899953742e-01 5.068434625939487008e-04 -9.654992594503405967e-03 2.152956477807593527e-01 -5.078255917857796113e-04 9.999998922287786085e-01 -9.937183071680915150e-05 -2.429131584362735781e-04 9.654940636039039889e-03 1.042659896553072674e-04 9.999534391737743277e-01 -4.698341806175574190e-03
9.999629694899971888e-01 5.932221980885036281e-04 -8.590515814862175956e-03 3.173901279937001996e-01 -5.953161797236639335e-04 9.999998200862018072e-01 -2.415398385482780486e-04 -7.899071528696641773e-05 8.590370351161237192e-03 2.466409548996658057e-04 9.999631296812606651e-01 -3.014673403814037596e-03
9.999714754743307399e-01 8.712753213526712752e-04 -7.508830436425928574e-03 4.328429825544939935e-01 -8.768438368965089961e-04 9.999993691839332843e-01 -7.387745091989546872e-04 4.005657628854570338e-04 7.508181400233324837e-03 7.453335932680470351e-04 9.999715955870821515e-01 -2.281583966864961146e-03
9.999700906385403654e-01 1.216141538736761375e-03 -7.644195903434417017e-03 5.631309664681128924e-01 -1.225471986646307953e-03 9.999985360503097498e-01 -1.216491762924585803e-03 6.846293645605516353e-04 7.642704653550933154e-03 1.225819690615667689e-03 9.999701038189054980e-01 3.906715647734301041e-04
9.999614105649198281e-01 1.588059869430307218e-03 -8.646173481887274928e-03 7.105760759963837270e-01 -1.596128493827049825e-03 9.999983241801546630e-01 -9.266363545269192111e-04 -6.084799422890007194e-04 8.644686646505528316e-03 9.403971281210544986e-04 9.999622562590113617e-01 3.157844854144583983e-03
9.999554261136963662e-01 1.813653495180380564e-03 -9.271376748354079669e-03 8.767377022537580222e-01 -1.815343106710523742e-03 9.999983658015154653e-01 -1.738964223044160630e-04 -1.835997768140428671e-03 9.271045295377580361e-03 1.907154912647599572e-04 9.999570710700511622e-01 3.249753206184976834e-03
9.999573889245652047e-01 1.989281144935753799e-03 -9.020642585266769667e-03 1.060806697012006916e+00 -1.990728824932952445e-03 9.999980363304172837e-01 -1.519259853641556331e-04 -4.373514948703021744e-03 9.020321715371558413e-03 1.698732953885593883e-04 9.999593721296872184e-01 2.447520927879774655e-03
9.999607803932653027e-01 2.441802551051953929e-03 -8.519728208022540883e-03 1.261629971040585607e+00 -2.450423078589767691e-03 9.999965257443169664e-01 -1.001863466033961611e-03 -5.967229367361507643e-03 8.517251348146214970e-03 1.022697221997301330e-03 9.999632763943460123e-01 6.406818356077735761e-03
9.999593081887607759e-01 3.094138004331803329e-03 -8.480573727829964631e-03 1.481409812249255387e+00 -3.101640295837163486e-03 9.999948412058764502e-01 -8.717994869903450015e-04 -4.273668540905515255e-03 8.477831042337777290e-03 8.980632908742198356e-04 9.999637329167725408e-01 1.394213988505347418e-02
9.999520825169283533e-01 3.599028281082376334e-03 -9.109984272295071697e-03 1.719403144215289503e+00 -3.597450378722106060e-03 9.999935429273062448e-01 1.894850612547246060e-04 -1.577074763576180073e-03 9.110605888734264052e-03 -1.567076921086910937e-04 9.999585594806741362e-01 1.611500718764562537e-02
9.999445319483811767e-01 3.949743373285090689e-03 -9.769762787146186317e-03 1.973534875044552050e+00 -3.943531348513383203e-03 9.999920419548445905e-01 6.551039589220496000e-04 -3.477908276011903044e-03 9.772271014975401904e-03 -6.165446712663301843e-04 9.999521366813073353e-01 1.247157438641034559e-02
9.999362542502896467e-01 4.493509941264480119e-03 -1.036397940109335357e-02 2.242791922904671775e+00 -4.492501176560510442e-03 9.999899339764626305e-01 1.206316352673204417e-04 -9.196948368834801171e-03 1.036441556473311799e-02 -7.406813403035577995e-05 9.999463623642890209e-01 1.279152446658842444e-02
9.999359278701683840e-01 5.070101183096801210e-03 -1.012672305001198134e-02 2.530694691399628660e+00 -5.084079864265009414e-03 9.999861911957127480e-01 -1.355074029794465021e-03 -1.387286796020566725e-02 1.011971121430533041e-02 1.406467868088260350e-03 9.999478831481868335e-01 1.599920629649628084e-02
9.999381063668899561e-01 5.378681261333748652e-03 -9.745303670544830030e-03 2.832879879271067658e+00 -5.406941231230517550e-03 9.999812852312348621e-01 -2.875511411663308776e-03 -1.547698858759670101e-02 9.729652656020621598e-03 2.928021037531049718e-03 9.999484613261713228e-01 2.183783064937577095e-02
9.999386468239078729e-01 5.453418557970142119e-03 -9.647964570317279706e-03 3.147612359615288735e+00 -5.488064921068920750e-03 9.999786144291388235e-01 -3.567908243386028622e-03 -1.709118380992407163e-02 9.628297141966959960e-03 3.620633280779090787e-03 9.999471749842760993e-01 2.808246285522924060e-02
9.999385163085775519e-01 5.909924494109904461e-03 -9.389186135382547940e-03 3.472876922628659102e+00 -5.938233528447086663e-03 9.999779400624890791e-01 -2.989737618871184891e-03 -2.017718736289436307e-02 9.371306144295210583e-03 3.045304267390501213e-03 9.999515359360406919e-01 3.112830850999844315e-02
9.999333352261632335e-01 6.771922866604613254e-03 -9.358776808209866294e-03 3.809813409241838755e+00 -6.788273772523232066e-03 9.999755278421547100e-01 -1.716124547056328484e-03 -2.187637388899987129e-02 9.346922555372293856e-03 1.779535370381778040e-03 9.999548180541844022e-01 3.255083137332935583e-02
9.999300986731513019e-01 7.782575763913554719e-03 -8.907852447498936302e-03 4.161634811788125887e+00 -7.789803036841876430e-03 9.999693988247163601e-01 -7.765882210204582683e-04 -2.426796853233642234e-02 8.901532229682183189e-03 8.459196570250773458e-04 9.999601080496645089e-01 3.446284479889715618e-02
9.999245693537280877e-01 8.577216113173908099e-03 -8.798339311413353944e-03 4.530871928292048878e+00 -8.586284803586190228e-03 9.999626860859286426e-01 -9.934004122797042684e-04 -2.618652100251011097e-02 8.789486348741092428e-03 1.068866175349762835e-03 9.999608882758711514e-01 3.881084676282629126e-02
9.999103487488403275e-01 9.011701974185146180e-03 -9.910189064858009392e-03 4.917554566108232272e+00 -9.022919620099866325e-03 9.999587435931652779e-01 -1.087886730573010222e-03 -2.876853935880881868e-02 9.899972419920646804e-03 1.177203760838204218e-03 9.999503915013686628e-01 4.715371447389915538e-02
9.998947073718683631e-01 9.253187283551973091e-03 -1.118410651477421726e-02 5.316099698699426668e+00 -9.256301950702655254e-03 9.999571772334644448e-01 -2.266863333117234681e-04 -3.296464987755193948e-02 1.118152604869226269e-02 3.301818451979142356e-04 9.999375229928549880e-01 5.034422855413072523e-02
9.998868369257731814e-01 9.651689044897073660e-03 -1.154528291614661736e-02 5.730348952183395461e+00 -9.642521422721537713e-03 9.999531939576801198e-01 8.498264238636232685e-04 -3.870200649743573557e-02 1.155294129543237187e-02 -7.384082051028478680e-04 9.999330863076846265e-01 4.934813387249242789e-02
9.998817804272025489e-01 1.062411972571391909e-02 -1.112153650391738482e-02 6.161801713553531457e+00 -1.062654340094365372e-02 9.999435701495166251e-01 -1.584762474573386695e-04 -4.500636978603449190e-02 1.111922180978390171e-02 2.766373955738684080e-04 9.999382384230551812e-01 5.314420660656286183e-02
9.998719276914651566e-01 1.179304345284994983e-02 -1.082533638511972048e-02 6.607325101126179767e+00 -1.181554609247283637e-02 9.999282077959503745e-01 -2.016650330754826345e-03 -4.997860164157953006e-02 1.080077355587383964e-02 2.144295721515907405e-03 9.999394694184509103e-01 6.154778950395541764e-02
9.998756172276835885e-01 1.200153256438760835e-02 -1.023959490050485414e-02 7.068037232362860856e+00 -1.204035814990544670e-02 9.999205737440500785e-01 -3.737967343255268419e-03 -5.501465392475587274e-02 1.019391688474213797e-02 3.860787085277111400e-03 9.999406870627576271e-01 7.258812518966997751e-02
9.999138545790186017e-01 1.042273661939050258e-02 -7.986875732611104645e-03 7.535020409389346696e+00 -1.044645691274652226e-02 9.999411804305287088e-01 -2.933678997163824496e-03 -5.763518322676339234e-02 7.955825759526099702e-03 3.016856981240456127e-03 9.999639041896211111e-01 7.819225532767598574e-02
9.999596421063755569e-01 7.524262547472678614e-03 -4.923454590811822927e-03 8.004434343949290209e+00 -7.525082328142846007e-03 9.999717254282262102e-01 -1.476780318425109054e-04 -5.634518248387529460e-02 4.922200931132717644e-03 1.847177488449326373e-04 9.999879727845305544e-01 7.760358915544841862e-02
9.999841543974168356e-01 4.806795728272010397e-03 -2.954170285781156872e-03 8.480179139235275443e+00 -4.797378049809947545e-03 9.999834681376557066e-01 3.186680340570968890e-03 -5.147937530194736377e-02 2.969435974792235516e-03 -3.172461263249068495e-03 9.999906662001026847e-01 7.332915687093741197e-02
9.999912269128790054e-01 3.180696274315501955e-03 -2.751715144572004605e-03 8.969595648352376216e+00 -3.167941534168752273e-03 9.999843311598719531e-01 4.626895651475879112e-03 -4.975501404983011938e-02 2.766385563173609421e-03 -4.618141405660255473e-03 9.999856178490104108e-01 7.616492239987444901e-02
9.999956424778843056e-01 2.119759666266794046e-03 -2.089627032083323128e-03 9.472171304239216383e+00 -2.114723297169856641e-03 9.999949190469843430e-01 2.408040591137218349e-03 -5.031318591483165126e-02 2.094718065307740740e-03 -2.403615149343662442e-03 9.999950275647659925e-01 8.513454206904907950e-02
9.999983430035392917e-01 7.443120150386021028e-04 -1.704663639424425442e-03 9.980595182101971830e+00 -7.464682906594382727e-04 9.999989742894240807e-01 -1.267267715658825693e-03 -5.359452234024240924e-02 1.703715988036625132e-03 1.268533889922312998e-03 9.999978562051499154e-01 1.011878765890903975e-01
9.999976264895213962e-01 -4.520490797755524781e-04 -2.165876418565344450e-03 1.049513044773237702e+01 4.502879860876332131e-04 9.999996218762419176e-01 -8.156517020343385677e-04 -5.354621169841573131e-02 2.166241639024832789e-03 8.146703636287216206e-04 9.999974352213891748e-01 1.100579243276350316e-01
9.999957097108427284e-01 -1.003109082462402216e-03 -2.779315211151269730e-03 1.102440162881584307e+01 1.016214879442912901e-03 9.999884161010667016e-01 4.716691174705979137e-03 -4.634842466985241577e-02 2.774548977682730292e-03 -4.719499351322899855e-03 9.999851285170883175e-01 1.027977938826316329e-01
9.999949747564047531e-01 -1.345458240528529283e-03 -2.896686205030224882e-03 1.156958200569909678e+01 1.372998027129136017e-03 9.999537473997621717e-01 9.525287205837527915e-03 -3.505055135041959535e-02 2.883733727140400712e-03 -9.529220397313463084e-03 9.999505529576679930e-01 8.728231747828241183e-02
9.999959068100795490e-01 -1.957440639724064915e-03 -2.122797615353685160e-03 1.211758398058160857e+01 1.977218977626868119e-03 9.999543471550728091e-01 9.354845793272880197e-03 -3.159816586133577798e-02 2.104387011393579754e-03 -9.359008470760836820e-03 9.999541076543910778e-01 8.902677468261854798e-02
9.999957832116721512e-01 -2.817457174101563669e-03 -8.045873231565635201e-04 1.266225765168246120e+01 2.821400112659052176e-03 9.999838686022606282e-01 4.942021025464692421e-03 -3.602011160019628205e-02 7.906482462676448636e-04 -4.944274071518275047e-03 9.999875842812435689e-01 1.069360446121955660e-01
9.999921286704241963e-01 -3.986766861593381804e-03 1.299698919299105227e-05 1.320734563943890549e+01 3.986748249375024131e-03 9.999913807110076824e-01 1.210979965239205019e-03 -3.789720843664941274e-02 -1.782687966749619570e-05 -1.210922494757613911e-03 9.999993869200545227e-01 1.265899662048562690e-01
9.999873866547236423e-01 -5.037587231145934479e-03 -5.279239387714989532e-05 1.375401065554181912e+01 5.037694868197922088e-03 9.999846206809802629e-01 2.346421503010144832e-03 -3.362946420656873908e-02 4.096929998333571189e-05 -2.346661624072808507e-03 9.999973685815676250e-01 1.298829329076190697e-01
9.999853001639519290e-01 -5.433911166645440972e-03 1.600469470527182627e-04 1.430368207736436403e+01 5.432774150151763876e-03 9.999648564840712961e-01 6.395275792072396132e-03 -2.559910017058474735e-02 -1.947947498106038027e-04 -6.394315981258490503e-03 9.999796615827928337e-01 1.166167376335886380e-01
9.999832135469438610e-01 -5.677883783463854445e-03 1.223148243516690176e-03 1.485388341899605713e+01 5.668392952970648102e-03 9.999548957697854679e-01 7.629356545736327121e-03 -1.775934910099722860e-02 -1.266414167244291110e-03 -7.622298098710842892e-03 9.999702776699059825e-01 1.075520088321053336e-01
9.999767999420337006e-01 -6.459644472895036127e-03 2.198815369002816381e-03 1.539940185769786218e+01 6.448684852860356656e-03 9.999669921612147627e-01 4.955976187432873867e-03 -1.412685021183322266e-02 -2.230759084918440462e-03 -4.941684676507290298e-03 9.999854322033623344e-01 1.184202638167580202e-01
9.999678957436040072e-01 -7.575792172497143769e-03 2.641447695948791110e-03 1.593606805776711965e+01 7.570223355165858585e-03 9.999691808263367898e-01 2.112482517838315792e-03 -1.438831437808657868e-02 -2.657372495032604177e-03 -2.092421315156680825e-03 9.999944111260299362e-01 1.380105854979804259e-01
9.999623433683537677e-01 -8.301631288407449252e-03 2.561620566732690420e-03 1.646995822648834462e+01 8.300187530284415874e-03 9.999654555153971724e-01 5.758910215427755176e-04 -1.293416049581504711e-02 -2.566315523104633397e-03 -5.546102236837808933e-04 9.999966883902033921e-01 1.449087842509026169e-01
9.999606353552421556e-01 -8.732587284611174894e-03 1.624528411047740850e-03 1.700704949726143411e+01 8.732113942681099528e-03 9.999618973363522123e-01 3.019192229618343189e-04 -8.090029799545570693e-03 -1.627105673574484601e-03 -2.877245851705915601e-04 9.999987712486952951e-01 1.417653929868735452e-01
9.999567980114841825e-01 -9.298893668987371491e-03 3.235550608160874648e-04 1.754497639616434768e+01 9.298592765400291379e-03 9.999563977453351793e-01 9.359438151255573910e-04 -2.364347699765447994e-03 -3.322468193362419905e-04 -9.328974769197322450e-04 9.999996473721222134e-01 1.390283964394036509e-01
9.999504945765881336e-01 -9.947905752867566842e-03 -4.714661119348478131e-04 1.807397681463172745e+01 9.948428906395074059e-03 9.999499628364810766e-01 1.113434552952171416e-03 1.551525088885185016e-03 4.603635357321948633e-04 -1.118072475706813470e-03 9.999994090249330059e-01 1.435111310476625546e-01
9.999445756658652540e-01 -1.046103417089724527e-02 -1.260076207721448063e-03 1.859953968717806561e+01 1.046081473764434028e-02 9.999453391255429535e-01 -1.847000733820317779e-04 7.790731691695940500e-03 1.261936720125472018e-03 1.715057370891746543e-04 9.999993318652289354e-01 1.500461846273173916e-01
9.999352675072260555e-01 -1.120979414553271471e-02 -1.994270438554684131e-03 1.912421026528784296e+01 1.120557263612000261e-02 9.999350462774733161e-01 -2.118912884435789935e-03 1.515267476921941699e-02 2.017890397342554307e-03 2.096426147002152830e-03 9.999959132487901137e-01 1.570153693365214098e-01
9.999257479503803614e-01 -1.205403711938564555e-02 -1.839166485458688591e-03 1.965087189861898054e+01 1.204584381651150823e-02 9.999178275656430692e-01 -4.403506476316658598e-03 1.879484882743839499e-02 1.892092241373747978e-03 4.381022430941518622e-03 9.999887657615857961e-01 1.605360822703303103e-01
9.999236051515767443e-01 -1.236815178733646943e-02 -6.841425144855514619e-05 2.018005864402411120e+01 1.236738733815352827e-02 9.998998035059446510e-01 -6.898260583652083937e-03 1.563649482580826630e-02 1.537230094830642144e-04 6.896884957466748942e-03 9.999763611209963043e-01 1.626648641349768831e-01
9.999215474676905746e-01 -1.236353261247975614e-02 2.059200402844910387e-03 2.070988217248936891e+01 1.238030275617838828e-02 9.998886617634076268e-01 -8.339520930560714862e-03 1.781825896420301605e-02 -1.955868274558526885e-03 8.364357612572594428e-03 9.999632653228867074e-01 1.704994358245039143e-01
9.999179303673185748e-01 -1.260418958002889299e-02 2.337815642258029777e-03 2.123527028135615069e+01 1.262305563270976587e-02 9.998864727468907976e-01 -8.238107612826516685e-03 3.212327354641423410e-02 -2.233718894944485261e-03 8.266939286450510072e-03 9.999634988892301957e-01 1.764512392413888631e-01
9.999121245895543630e-01 -1.326007483064197204e-02 3.366033431455619216e-04 2.175593571566700035e+01 1.326175198730286144e-02 9.998965009654140479e-01 -5.592824516162068528e-03 4.950011342583945234e-02 -2.624105859563735676e-04 5.596794474197394446e-03 9.999844695424509045e-01 1.815864357951426089e-01
9.999033705479013490e-01 -1.371103323655123787e-02 -2.336292472890635734e-03 2.227584067966627401e+01 1.370154959202059264e-02 9.998980965460478876e-01 -4.028708982462283171e-03 5.870495087742128026e-02 2.391288762880746949e-03 3.996306342769060348e-03 9.999893224126285007e-01 1.789587891703638967e-01
9.998874481303836603e-01 -1.415406964571603796e-02 -4.996146834645253006e-03 2.279630574832611600e+01 1.412636636709503103e-02 9.998849630691962753e-01 -5.538647996973946816e-03 5.934849807415965711e-02 5.073962969951851046e-03 5.467444795964244292e-03 9.999723527976196458e-01 1.834335075672615389e-01
9.998695375564659038e-01 -1.487258129149076138e-02 -6.318500831537063496e-03 2.331146242392297552e+01 1.483233619650816369e-02 9.998697869708171870e-01 -6.370440222302994372e-03 5.813966513306944445e-02 6.412419205847797073e-03 6.275888787871990171e-03 9.999599196750297292e-01 1.960579602710510461e-01
9.998743927653799268e-01 -1.494321036520864822e-02 -5.302145349550499084e-03 2.382769365764653813e+01 1.490986383275548152e-02 9.998692326952703935e-01 -6.275842576204984993e-03 6.384375170640786690e-02 5.395229490489829825e-03 6.195997834240090166e-03 9.999664261464684678e-01 2.044975964320610295e-01
9.998838961107637813e-01 -1.464638562168464261e-02 -4.230247018960799424e-03 2.434478425539363755e+01 1.462606061471108214e-02 9.998816031696147189e-01 -4.799242539481369738e-03 8.131786844882461784e-02 4.300034016631561901e-03 4.736811290615596318e-03 9.999797149688428588e-01 2.114307168974663698e-01
9.998706767891816227e-01 -1.464696153677691112e-02 -6.657326451470205707e-03 2.485828818789601868e+01 1.462939441049577148e-02 9.998894764160128901e-01 -2.681557225082942079e-03 1.021955345394036097e-01 6.695863518401387604e-03 2.583815384485521702e-03 9.999744266873142884e-01 2.192469393189924176e-01
9.998488279502290021e-01 -1.496788364878468176e-02 -8.860569732025173548e-03 2.537127763890573107e+01 1.496953469267300191e-02 9.998880338057660744e-01 1.191629278594740632e-04 1.131166048739071367e-01 8.857790267142902352e-03 -2.517858187735943099e-04 9.999609239455392595e-01 2.247034584176803573e-01
9.998615517153596199e-01 -1.516818404815512174e-02 -6.858007100301347254e-03 2.588359283149168988e+01 1.517315877960879675e-02 9.998847453537388352e-01 6.728027828141144341e-04 1.125593896447847214e-01 6.847007765492068611e-03 -7.767695454732478043e-04 9.999764452875422593e-01 2.222312677216292387e-01
9.998758341401482452e-01 -1.530670955381656893e-02 -3.775299832307622318e-03 2.639024760987880924e+01 1.529863688885746247e-02 9.998807274116178201e-01 -2.159743698129733703e-03 1.147372832128469439e-01 3.807904480249055777e-03 2.101716310323177312e-03 9.999907311384176323e-01 2.280285758112385319e-01
9.998736055054823213e-01 -1.561272187056876939e-02 -3.041050641856072202e-03 2.689309490467229580e+01 1.559903855709485025e-02 9.998684118702685364e-01 -4.474321967145361047e-03 1.231779585956378487e-01 3.110503392878501572e-03 4.426316670311423139e-03 9.999855604413593335e-01 2.463317341334960997e-01
9.998784106049309894e-01 -1.556423549089226178e-02 -1.073617314891588299e-03 2.740327066834203507e+01 1.555927457270147272e-02 9.998689606303075017e-01 -4.490251599131965185e-03 1.299925531815691870e-01 1.143360549487156463e-03 4.472998633208721299e-03 9.999895383555755801e-01 2.603668446363699429e-01
9.998775246223551294e-01 -1.538488509129370962e-02 2.911774173336284348e-03 2.791365623489435066e+01 1.540153722316647475e-02 9.998647624849895665e-01 -5.782845045291981970e-03 1.392241159718022037e-01 -2.822415320305214637e-03 5.826980197769233115e-03 9.999792375130674982e-01 2.533303268338255587e-01
9.998755089461476286e-01 -1.543365053701837263e-02 3.318068157054265832e-03 2.841069339091931667e+01 1.545971204659012804e-02 9.998487931580789523e-01 -7.974045737050338215e-03 1.473971273666517812e-01 -3.194501025482093630e-03 8.024346920902305710e-03 9.999629036821213734e-01 2.528118848419944609e-01
9.998773004798872099e-01 -1.567211148871038018e-02 -1.173144089775905312e-04 2.890114982911110175e+01 1.567119173751006095e-02 9.998608636331095534e-01 -5.732808638820120761e-03 1.529435611805356199e-01 2.071399735006398382e-04 5.730264192758547509e-03 9.999837648111961075e-01 2.686113016478662296e-01
9.998764306448671979e-01 -1.562507689874747044e-02 -1.796512249824161900e-03 2.940136931019570099e+01 1.562336115274655726e-02 9.998775773208469220e-01 -9.697878134746597614e-04 1.658439019148059412e-01 1.811441964240699445e-03 9.415979505308177564e-04 9.999981222638646416e-01 2.720503109631892680e-01
9.998713174458078168e-01 -1.592565976006646636e-02 -1.992228792306176364e-03 2.989855232728389112e+01 1.592087129490727185e-02 9.998704734637373637e-01 -2.401042752096892077e-03 1.829765157726632729e-01 2.030205686880208731e-03 2.369013260703733883e-03 9.999953409074290311e-01 2.643527869157676902e-01
9.998477840616464274e-01 -1.661085721881611771e-02 -5.360806569145545007e-03 3.038128479161283479e+01 1.657175332595816480e-02 9.998364218588610131e-01 -7.260333519592095802e-03 1.852178649557952861e-01 5.480526773513621532e-03 7.170387780149869474e-03 9.999594848205779485e-01 2.745098087230451456e-01
9.998125836953962731e-01 -1.640337845433996466e-02 -1.029474308726249961e-02 3.086788745119391919e+01 1.628609816315584879e-02 9.998027595985078397e-01 -1.137609668253544704e-02 1.752444085425559628e-01 1.047931573935056114e-02 1.120630059696667465e-02 9.998825102859534297e-01 2.889546678051482242e-01
9.998291200250443156e-01 -1.574495102357807361e-02 -9.699724277527944916e-03 3.137324914917752494e+01 1.563847774820183167e-02 9.998177640287977397e-01 -1.095846914607693200e-02 1.723546254177759085e-01 9.870493924336530209e-03 1.080490499121881595e-02 9.998931252338411069e-01 2.993590947449555340e-01
9.998859401921376122e-01 -1.492525883013199987e-02 -2.367066496344498623e-03 3.188527033559240564e+01 1.490783790474592072e-02 9.998628986725314194e-01 -7.221649512514867475e-03 1.873940197386383399e-01 2.474523777204612907e-03 7.185535455575159901e-03 9.999713407750689953e-01 2.914527988812850023e-01
9.999054494424021167e-01 -1.307852997763443367e-02 4.278608439245652588e-03 3.238758833226757616e+01 1.310078925233714234e-02 9.999007053017255897e-01 -5.211682195940444025e-03 2.121334388481994071e-01 -4.210025514810707137e-03 5.267240090195985519e-03 9.999774861029764317e-01 2.838900699072369194e-01
9.999247361845794435e-01 -1.079441186849866736e-02 5.853650749086401588e-03 3.288146253849394895e+01 1.081745507012170891e-02 9.999339299249099255e-01 -3.915863279993473181e-03 2.290650311853342780e-01 -5.810998394927735858e-03 3.978887591236873224e-03 9.999754217612452090e-01 2.928676507231531279e-01
9.999592659785505600e-01 -8.034012453537702284e-03 4.145583336271389634e-03 3.337889615487431882e+01 8.055046004032048734e-03 9.999547759147281445e-01 -5.077219754265710656e-03 2.252844492780249064e-01 -4.104609217815592334e-03 5.110403068388568587e-03 9.999787406877260754e-01 3.042394733777017413e-01
9.999860663216533219e-01 -4.700081032643613557e-03 2.458603627936641230e-03 3.387912995396860083e+01 4.720247649468455042e-03 9.999549124465639816e-01 -8.252814036792536709e-03 2.096010108937109151e-01 -2.419707625915632800e-03 8.264301275895792262e-03 9.999631475608796727e-01 3.140704373462899213e-01
1.000000062447268023e+00 -7.858305821328430722e-05 3.725982837625880519e-04 3.437077975887076065e+01 8.208369752098051617e-05 9.999564703017037592e-01 -9.341735835058444584e-03 1.966980059131192005e-01 -3.718517051978380327e-04 9.341763939051530435e-03 9.999565218249881760e-01 3.257950991890328774e-01
9.999761326794862626e-01 6.756701109575215594e-03 -1.536386291026672858e-03 3.486515284187944275e+01 -6.768495643930502910e-03 9.999466269760675097e-01 -7.819778837722697953e-03 1.931021323815202695e-01 1.483464370284938872e-03 7.829987321188962637e-03 9.999684761878656625e-01 3.208371198419178727e-01
9.998840669275551596e-01 1.520144308815823790e-02 -1.024430592712685575e-03 3.536335553190831149e+01 -1.520495380605857254e-02 9.998782594201515161e-01 -3.535815211870458989e-03 1.922126503745158754e-01 9.705518088436862001e-04 3.550978065866418863e-03 9.999934601906256271e-01 3.137865408949725432e-01
9.996703117374429182e-01 2.567978881433018168e-02 3.196125230451095454e-04 3.586138061249890541e+01 -2.567944020952398626e-02 9.996698666326487848e-01 -9.752196636558483093e-04 1.809229724673067918e-01 -3.445550160875683133e-04 9.666871850465515777e-04 9.999997122806678629e-01 3.096789905126786091e-01
9.992493087668614660e-01 3.873378256933530939e-02 8.942011293506502666e-04 3.635454468088794755e+01 -3.873298888704793802e-02 9.992493412660745644e-01 -8.624593454672533190e-04 1.524964341966452419e-01 -9.269403411639258981e-04 8.271734076878529355e-04 9.999994711606274844e-01 3.199118207221099963e-01
9.984683568142191934e-01 5.532521863476665830e-02 5.893596633240156353e-04 3.684155312701116713e+01 -5.532500032332270806e-02 9.984684598385323850e-01 -3.397961749250082457e-04 1.097908631097917337e-01 -6.072599792776351866e-04 3.066658963835792529e-04 1.000000012507601621e+00 3.332931205562634225e-01
9.970776918579523640e-01 7.639485731050230100e-02 4.348217998238646399e-04 3.732939528963626685e+01 -7.639531356787174210e-02 9.970769721840294642e-01 1.226550301822922854e-03 5.904591684853249811e-02 -3.398520685502549616e-04 -1.256187841902654334e-03 9.999993972759684269e-01 3.312651342730565385e-01
9.948270814786167593e-01 1.015831327073755258e-01 4.819929732410842293e-04 3.782133069971680328e+01 -1.015839805019408265e-01 9.948241575484653154e-01 2.415657131453400989e-03 2.036210263927638636e-04 -2.341101041037958351e-04 -2.452127456848252930e-03 9.999972140888906402e-01 3.295756722203120881e-01
9.915114815958676608e-01 1.300131007545562434e-01 1.365224421201619107e-03 3.831158157467880443e+01 -1.300179780155201748e-01 9.915015116049213928e-01 4.508330145898099654e-03 -7.337558819844008928e-02 -7.674811109222739493e-04 -4.647567844447857144e-03 9.999891547151160687e-01 3.319182510383664741e-01
9.870730317535283405e-01 1.602574596782226912e-01 2.159944389215040419e-03 3.879677756314129766e+01 -1.602684103805987192e-01 9.870513969619300054e-01 6.620117728780755377e-03 -1.615855966414380673e-01 -1.071052964848890742e-03 -6.880713401388763480e-03 9.999760042548008210e-01 3.374122900701119199e-01
9.814516278917103653e-01 1.917040514099056514e-01 1.598398235774022057e-03 3.927034833584216500e+01 -1.917106847929066771e-01 9.814160872031474359e-01 8.350356845599071418e-03 -2.701964368924311688e-01 3.210452043892805384e-05 -8.501906791732101801e-03 9.999641109265753336e-01 3.435441543552417709e-01
9.743192974827061814e-01 2.251674250956336998e-01 1.354483183070459259e-03 3.973499411795852154e+01 -2.251705211299637743e-01 9.742800955958237363e-01 8.763118868439574022e-03 -4.009572013815328462e-01 6.535263614186616853e-04 -8.843070992056211235e-03 9.999609436801084605e-01 3.451395207675827526e-01
9.653567153927340438e-01 2.609272210021038596e-01 1.922467268512196605e-03 4.019990449267835686e+01 -2.609340068385669897e-01 9.653189354809516010e-01 8.547770239645605117e-03 -5.489253640823948954e-01 3.745571678089254725e-04 -8.753288898133126592e-03 9.999618804639563985e-01 3.490717114265940446e-01
9.542711044156219069e-01 2.989302646672713504e-01 2.766791215461506057e-03 4.066037211283601494e+01 -2.989427104667436441e-01 9.542154103653467390e-01 1.031865584562181512e-02 -7.076939437817325596e-01 4.444488863132276825e-04 -1.067391136883551368e-02 9.999431948988879437e-01 3.577826615922119480e-01
9.406234837006908212e-01 3.394246383716287285e-01 4.321709208556630266e-03 4.111015460143060807e+01 -3.394509423872617560e-01 9.405104343061684302e-01 1.461023242011767059e-02 -8.830689798398690948e-01 8.944636439857199658e-04 -1.520973989232862408e-02 9.998841919828997948e-01 3.570101793029566983e-01
9.243741530440897636e-01 3.814546057516722266e-01 5.010972501572807415e-03 4.155046233275208323e+01 -3.814845016340367434e-01 9.242351971457516413e-01 1.609827933428778848e-02 -1.087952141300944087e+00 1.509449608198116816e-03 -1.679244543892842445e-02 9.998581249409924654e-01 3.486403671781774238e-01
9.059313095208137989e-01 4.234010183273557160e-01 4.510205460840303188e-03 4.197842283015314280e+01 -4.234193406830099038e-01 9.058126760489839668e-01 1.482362910389081918e-02 -1.322723648753623138e+00 2.190942556053794999e-03 -1.533890156063084757e-02 9.998802210164720039e-01 3.586954031763002204e-01
8.859013089849890887e-01 4.638558769136983950e-01 4.111149356146204248e-03 4.239261957019103022e+01 -4.638658794088526549e-01 8.857982620640554305e-01 1.379036106213288836e-02 -1.574742021833700267e+00 2.755096590656187869e-03 -1.412392442987575429e-02 9.998967311715512007e-01 3.750877702187732643e-01
8.649668198173506850e-01 5.018010460372545056e-01 5.331389700233346747e-03 4.279655233429239303e+01 -5.018221822811637090e-01 8.648489739275354582e-01 1.452720840114235523e-02 -1.836069742426444940e+00 2.678926409427253696e-03 -1.524096433571985390e-02 9.998805390624678768e-01 3.889175649256238487e-01
8.424821748600684890e-01 5.386855910892683896e-01 6.475981075043600252e-03 4.318496088293650814e+01 -5.387178521245287177e-01 8.423513045646205954e-01 1.508794026109431044e-02 -2.100831293187689575e+00 2.672609552125302344e-03 -1.620004775924864873e-02 9.998654799843361696e-01 3.771198942773752449e-01
8.176620762896364969e-01 5.756603162983215949e-01 6.652002345905502767e-03 4.355687393242179439e+01 -5.756933009355308384e-01 8.175497066592641859e-01 1.378393415642556463e-02 -2.385046809200399576e+00 2.496526111467778364e-03 -1.510011361269366845e-02 9.998831546406962145e-01 3.745309334128799073e-01
7.906665921779709727e-01 6.122091902646156214e-01 6.824046762152473355e-03 4.392048318497712245e+01 -6.122442746843461681e-01 7.905793384666834900e-01 1.189807717195996532e-02 -2.704772332381545130e+00 1.889166498460176629e-03 -1.358539577614103697e-02 9.999062193564085543e-01 3.919985555328734939e-01
7.622673065824233651e-01 6.472344284116687829e-01 6.039256194509428320e-03 4.427916338122040685e+01 -6.472572899698669779e-01 7.621902370153580408e-01 1.115123187793982604e-02 -3.048078483332658184e+00 2.614403734683464625e-03 -1.240917197904089532e-02 9.999198774863601313e-01 3.930893897558594419e-01
7.327578665774873157e-01 6.804736842986858214e-01 4.669584491336782085e-03 4.460809295455516121e+01 -6.804833987473846157e-01 7.327044222421691400e-01 9.321059403299844504e-03 -3.394886055470649033e+00 2.921315106454338249e-03 -1.000765407225297568e-02 9.999459510216047731e-01 4.037418940752345864e-01
7.020213747393156956e-01 7.121420394626043482e-01 4.476513989788766246e-03 4.491631429383382113e+01 -7.121503309972594398e-01 7.019766283043031851e-01 8.427854416184656430e-03 -3.737589403175501701e+00 2.859425796162204381e-03 -9.104484471243267860e-03 9.999547630297783707e-01 4.066844144390119875e-01
6.692772239612327922e-01 7.430110233335404102e-01 1.718985742754544849e-03 4.520785198036487884e+01 -7.429988096947298670e-01 6.692484085775474156e-01 7.723082448892647049e-03 -4.097704708657476935e+00 4.587911451896372825e-03 -6.446087042235051044e-03 9.999689992240651248e-01 3.974071817586794508e-01
