1.000000000000000000e+00 0.000000000000000000e+00 0.000000000000000000e+00 0.000000000000000000e+00 0.000000000000000000e+00 1.000000000000000000e+00 0.000000000000000000e+00 0.000000000000000000e+00 0.000000000000000000e+00 0.000000000000000000e+00 1.000000000000000000e+00 0.000000000000000000e+00
9.999999869623146243e-01 6.017997688192664314e-05 -1.498457240438067211e-04 5.853697346588799914e-03 -6.015334725250459489e-05 9.999999824000439519e-01 1.777118078439692570e-04 1.822240826595844217e-03 1.498564160990162417e-04 -1.777027918051459052e-04 9.999999729823858541e-01 6.277837637433796372e-03
9.999999754299198074e-01 1.542481769411527877e-04 -1.592094840194544804e-04 2.072683922464621520e-02 -1.542043998921857064e-04 9.999999503142941171e-01 2.749407431448553795e-04 -5.681541848191855315e-04 1.592518852174158457e-04 -2.749161855865989265e-04 9.999999495299627394e-01 3.937110085324452974e-03
9.999999910541242931e-01 1.336284900333511386e-04 5.931106920113057260e-06 3.335165343805730764e-02 -1.336283105767895486e-04 9.999999906142987838e-01 -3.024693184673203186e-05 1.876010310056237633e-04 -5.935148716276281229e-06 3.024613901234915592e-05 9.999999995249725382e-01 -3.051535830779187816e-03
9.999999405058144220e-01 3.060221590964718689e-04 -1.591816754783046035e-04 5.128464543363034367e-02 -3.060095467457123880e-04 9.999999500387366513e-01 7.925075079596072313e-05 -3.919081034201430357e-03 1.592059200112555647e-04 -7.920203496863850419e-05 9.999999841902562636e-01 -1.261432336342892604e-03
9.999998856859013685e-01 3.922733459599000538e-04 -2.734041078887188871e-04 7.933786449536597840e-02 -3.922235240253428416e-04 9.999999064713622765e-01 1.822579873759345537e-04 -5.876211001072564888e-03 2.734755772681409696e-04 -1.821507310185978778e-04 9.999999460161084208e-01 -1.778985296495078127e-03
9.999997780378960810e-01 5.858351074662466670e-04 -3.173663267381720242e-04 9.926934820569832674e-02 -5.857875238792636940e-04 9.999998171757363830e-01 1.500049020054424202e-04 -4.600626637163630905e-03 3.174541468537938824e-04 -1.498189594753361717e-04 9.999999383885701532e-01 -9.134127037599040332e-04
9.999996509271157352e-01 5.632938075748776053e-04 -6.171269990417349322e-04 1.278023276808948894e-01 -5.628940891436712670e-04 9.999996318233147496e-01 6.476908824978727663e-04 7.373946762752535758e-03 6.174916120932959305e-04 -6.473432792665368557e-04 9.999995998253138341e-01 -2.958392774588960907e-03
9.999992455425967819e-01 8.421075007860852682e-04 -8.942981574374942160e-04 1.835734716960713553e-01 -8.412514099456567390e-04 9.999991880108572984e-01 9.572218610939422058e-04 6.679260331726369695e-03 8.951035149862437111e-04 -9.564688093249665594e-04 9.999991419781890656e-01 -9.859236198392316852e-03
9.999986489809088441e-01 1.284310795049036684e-03 -1.025954257644526735e-03 2.508818960395168829e-01 -1.283451074253727639e-03 9.999988250937464906e-01 8.381911873953408476e-04 -6.774403215837951700e-03 1.027029550234740199e-03 -8.368732928889356746e-04 9.999991224263122813e-01 -8.855933761022203449e-03
9.999981316964186018e-01 1.704439597052397190e-03 -9.118603688545727677e-04 3.148084860206385449e-01 -1.703913986669574861e-03 9.999983819407736174e-01 5.768821029812904030e-04 -3.649534827199325815e-03 9.128421541096420119e-04 -5.753272935540104617e-04 9.999994178586840698e-01 -4.896229334750250295e-03
9.999979353906152113e-01 1.830897411370587717e-03 -8.814925842382380795e-04 4.031830645734568730e-01 -1.830386627181960048e-03 9.999981566916124054e-01 5.799122109719278889e-04 1.004249586458003498e-03 8.825527191414547085e-04 -5.782975414415850038e-04 9.999994433361708568e-01 -3.678273017869537146e-03
9.999967740857167442e-01 2.335444975546511950e-03 -9.987566902331039120e-04 5.105252559563632220e-01 -2.334712366507920873e-03 9.999970051333367804e-01 7.340589369059938654e-04 -1.552727307534310791e-03 1.000468053345939879e-03 -7.317247592989648518e-04 9.999992318209803832e-01 -5.897716501295852815e-03
9.999947767042545177e-01 3.081358290110363003e-03 -9.755999672910090721e-04 6.163881014243052237e-01 -3.080746259616603915e-03 9.999950571587991055e-01 6.282200680886266143e-04 -6.030587982359633323e-03 9.775309161701138411e-04 -6.252112107593037552e-04 9.999993267718982892e-01 -1.902595566636270871e-03
9.999927029901896081e-01 3.742190225865416053e-03 -7.681007016382618898e-04 7.107178523726763730e-01 -3.741963489034498720e-03 9.999929548983806926e-01 2.964166863814143545e-04 4.986823150951839173e-03 7.692045379173249441e-04 -2.935403186445136731e-04 9.999996610791727081e-01 -5.861327445103219416e-04
9.999919459221042750e-01 3.998241011755073078e-03 -3.495135695288895702e-04 7.880515903432824265e-01 -3.998292671759678778e-03 9.999919959572114436e-01 -1.472318690910160051e-04 1.040061359039836340e-02 3.489221035100868317e-04 1.486281408178015255e-04 9.999999280815181635e-01 6.069216506771137748e-03
9.999910848357050908e-01 4.218299022848102757e-03 -1.902694496071973018e-04 8.461910406390411588e-01 -4.218381909477752871e-03 9.999910069488614495e-01 -4.373505093462036475e-04 -1.877551068015979874e-03 1.884228632780896853e-04 4.381492394987076319e-04 9.999998862610277595e-01 1.068278744058694975e-02
9.999888633359717005e-01 4.717962952958339867e-03 -1.184466372001936890e-04 9.239906145325146314e-01 -4.718040965349034818e-03 9.999886473867838355e-01 -6.672233508129116978e-04 1.352954210759102840e-03 1.152973574708507490e-04 6.677747562571401292e-04 9.999997703916707614e-01 4.527421821636056290e-03
9.999859241666962939e-01 5.295258856683465222e-03 -3.342186693894936547e-04 1.020480694414324985e+00 -5.295361560856992091e-03 9.999859322994160138e-01 -3.071631612089900046e-04 7.808976564341532298e-03 3.325874592514843544e-04 3.089286463263417109e-04 9.999998969743314481e-01 8.465884971425672451e-03
9.999836558840266010e-01 5.678066605828421994e-03 -6.689726723900482532e-04 1.129788726773939267e+00 -5.677919148295539932e-03 9.999838558187207349e-01 2.221172425448591982e-04 3.571339871302269681e-03 6.702230688714269635e-04 -2.183152394886374574e-04 9.999997515697162109e-01 5.861599315407244916e-03
9.999782857719500262e-01 6.504339322394968835e-03 -1.059034735713782578e-03 1.259855084619843080e+00 -6.503780828446696465e-03 9.999787097652481638e-01 5.299539272527380249e-04 -9.034587878398421881e-03 1.062459188783736663e-03 -5.230546899015111467e-04 9.999992987968859826e-01 1.471056725714871109e-03
9.999703794625387498e-01 7.576274054591144134e-03 -1.356565146251540073e-03 1.363732598591465672e+00 -7.574737174361480772e-03 9.999706677069279959e-01 1.134496584395953966e-03 -1.609614473379897270e-02 1.365120612122480356e-03 -1.124187355554621352e-03 9.999984363230294271e-01 7.099626398000175725e-03
9.999673173047821662e-01 7.991044933699264705e-03 -1.227812341029187312e-03 1.462820155565364599e+00 -7.990154429271150924e-03 9.999678128573835645e-01 7.284788377225502511e-04 -1.115041048881056096e-02 1.233594128383750212e-03 -7.186446188557362412e-04 9.999989808971998517e-01 1.339322827356185727e-02
9.999617605181153612e-01 8.658037108546220995e-03 -1.231216852649412918e-03 1.551701227283192264e+00 -8.657073507895761411e-03 9.999622180622219636e-01 7.858284547040994853e-04 -1.764824246419380988e-02 1.237974066812674292e-03 -7.751396702335955043e-04 9.999989332887818660e-01 1.540999124584450583e-02
9.999497950370470623e-01 9.893492421120147692e-03 -1.589406518391069242e-03 1.632459915715085641e+00 -9.892030485363167633e-03 9.999506447961524769e-01 9.250430451898184261e-04 -2.298299313834873195e-02 1.598479979265152997e-03 -9.092741457044455338e-04 9.999983090397122076e-01 1.670193489290601810e-02
9.999363310841873353e-01 1.112214619084805033e-02 -1.905686753887205235e-03 1.755153861250388081e+00 -1.112112719267445253e-02 9.999380101145476374e-01 5.444796811961921754e-04 -1.201401486091208462e-02 1.911624403195833930e-03 -5.232516299858338670e-04 9.999980359480076242e-01 1.308178819722520189e-02
9.999187472040419467e-01 1.257236170051723341e-02 -2.105875392959104600e-03 1.892568677266443178e+00 -1.257037603609560857e-02 9.999205350717376151e-01 9.535135872219161835e-04 -1.491067585913433483e-02 2.117695967426985043e-03 -9.269644660023138418e-04 9.999973280467644443e-01 3.424047683377495592e-03
9.999090385738760300e-01 1.335948403247599892e-02 -1.854390641941356006e-03 2.067516451637748442e+00 -1.335662359263553589e-02 9.999096004931257164e-01 1.546430691117483018e-03 -2.296293836286759926e-03 1.874882522067087068e-03 -1.521521627778300552e-03 9.999970848894833564e-01 1.518285037774642042e-02
9.999139156626759561e-01 1.303750643304964901e-02 -1.478069735562116682e-03 2.215369887403764615e+00 -1.303519639591223245e-02 9.999138183767679600e-01 1.561881593408193667e-03 -2.110209349478446225e-03 1.498305394434777064e-03 -1.542480210576340155e-03 9.999976879151996068e-01 2.950048506775530821e-02
9.999340351406726946e-01 1.134795703393316757e-02 -1.774609378992203198e-03 2.347662942695161625e+00 -1.134774989273126464e-02 9.999356041799090100e-01 1.267506699576333065e-04 -1.810140473044748871e-02 1.775933462722603445e-03 -1.066044854774212281e-04 9.999984173466573978e-01 2.337317163369396697e-02
9.999580691739828886e-01 8.894715035097387756e-03 -2.178058374910739250e-03 2.478188297437152965e+00 -8.894566976961344740e-03 9.999604395415334634e-01 7.765433364007425301e-05 -2.256497328074942577e-02 2.178662923091829583e-03 -5.827819143434576532e-05 9.999976250129396504e-01 2.368593017724698532e-02
9.999776220461091825e-01 6.271489198799069104e-03 -2.328911814180534539e-03 2.624644395649843531e+00 -6.269063959350815868e-03 9.999798008946122474e-01 1.047205732033502229e-03 -1.215774091506052583e-02 2.335432311682729672e-03 -1.032582200593130852e-03 9.999967397596436491e-01 2.251212702268919064e-02
9.999912485004673890e-01 3.091950321916119623e-03 -2.818291270127219316e-03 2.808075527798226556e+00 -3.087145545870375717e-03 9.999937767754512041e-01 1.707613172708463819e-03 4.369567410507577132e-03 2.823553586366865566e-03 -1.698897753191042298e-03 9.999945706310455762e-01 2.064112625968863787e-02
9.999945135189475254e-01 -4.651561478056591946e-04 -3.279719768754160106e-03 3.005931089458808714e+00 4.727072792693999765e-04 9.999972387330423595e-01 2.301971789308895466e-03 9.865835302403043461e-03 3.278639936242460588e-03 -2.303509506992944180e-03 9.999919721498365943e-01 2.650714708856086871e-02
9.999857041555741954e-01 -3.999432994579932982e-03 -3.549087235088823223e-03 3.175841920807876306e+00 4.005202247114649297e-03 9.999906670251837992e-01 1.619943668071243282e-03 1.750353112500506458e-02 3.542575255391592921e-03 -1.634135321777769462e-03 9.999923898521978494e-01 2.361739109699440703e-02
9.999581256077296754e-01 -8.423586831377284992e-03 -3.576341142860749514e-03 3.341668619008502983e+00 8.425683731163475035e-03 9.999643398911545189e-01 5.716639834098700620e-04 1.549772573150758753e-02 3.571398148943702791e-03 -6.017731647124744537e-04 9.999934414706528329e-01 9.609001599421308423e-03
9.999135389484576919e-01 -1.273627827863919176e-02 -3.271367172937601157e-03 3.531959552215303333e+00 1.274202093059164861e-02 9.999173021426155383e-01 1.740625875269120621e-03 3.821531740523195775e-02 3.248927542355253568e-03 -1.782159207914824420e-03 9.999931341656211892e-01 1.750033965632391553e-02
9.998706462158217789e-01 -1.566169350132138455e-02 -3.660900521118159393e-03 3.742086663852916661e+00 1.566994469275254098e-02 9.998747183705009034e-01 2.236156711341034248e-03 3.796197117334047799e-02 3.625419876501493732e-03 -2.293233564699997257e-03 9.999907986629360535e-01 1.686283187341827000e-02
9.998282881058425664e-01 -1.796011322782872441e-02 -4.563840069927213756e-03 3.944444114814113167e+00 1.797070533384307126e-02 9.998358900735446753e-01 2.290561207864671642e-03 5.242301631970676390e-02 4.521952359820461710e-03 -2.372183316348433491e-03 9.999869622615932263e-01 1.042427721836672490e-02
9.997744806756582170e-01 -2.057055172698216139e-02 -5.276380517505194732e-03 4.143155109702505889e+00 2.058558203439554007e-02 9.997841447643098789e-01 2.810282939964201844e-03 5.375883262918775690e-02 5.217432512561009407e-03 -2.918266530842161116e-03 9.999821308995635594e-01 8.836037566165676552e-03
9.997204505397794261e-01 -2.302658682616098504e-02 -5.366290308735552871e-03 4.348892443233192573e+00 2.304332968494367598e-02 9.997297247915958307e-01 3.079338427508715968e-03 5.325312274850810268e-02 5.293933279835838328e-03 -3.202134796882780826e-03 9.999808601184181356e-01 1.397794650056102990e-02
9.996861127687933779e-01 -2.448421776698028393e-02 -5.310274715908482913e-03 4.562523030089098874e+00 2.449864849676447118e-02 9.996962983578129291e-01 2.669695023548268945e-03 5.815577657146963481e-02 5.243296582428817569e-03 -2.798951594055459381e-03 9.999823366994653462e-01 2.147045777112106812e-02
9.996575391616768780e-01 -2.552921671254577279e-02 -5.750086196247006232e-03 4.779248178246657375e+00 2.554355842782604635e-02 9.996707452556437001e-01 2.434687427601523683e-03 6.305867657440605845e-02 5.686037290119884402e-03 -2.580731305222884030e-03 9.999805042128899757e-01 2.526564268390177337e-02
9.996094405717318443e-01 -2.727439226642524098e-02 -6.088829638474710197e-03 5.004557395782872398e+00 2.728623621594205781e-02 9.996259110093211886e-01 1.870655487399783875e-03 6.325568424225637421e-02 6.035530882782154556e-03 -2.036066129056188483e-03 9.999797131950632911e-01 9.280902414029332248e-03
9.995312624743759589e-01 -2.998202326135734203e-02 -6.191414825023133263e-03 5.227450394239864018e+00 2.999988074189893078e-02 9.995459474753600748e-01 2.811768314875256157e-03 6.614400951344512336e-02 6.104301094468601689e-03 -2.996192039927032119e-03 9.999768799034345346e-01 1.332057454688185399e-02
9.994933496631597247e-01 -3.120378226216337370e-02 -6.274388548073019795e-03 5.440353942235024221e+00 3.122521802347662245e-02 9.995067669128534504e-01 3.347932914675975230e-03 1.067519663362624244e-01 6.166825642341618174e-03 -3.542155833714620734e-03 9.999747113770161011e-01 2.278818007313674482e-02
9.995079791216668896e-01 -3.072708132455015048e-02 -6.296518513912586178e-03 5.671449496085716468e+00 3.075387511165833879e-02 9.995181483061010841e-01 4.203614202026710080e-03 1.232942079809453279e-01 6.164319730358283102e-03 -4.395188280089967238e-03 9.999713413304626153e-01 3.796809416873026671e-02
9.995326182405178672e-01 -2.993642458751966801e-02 -6.193186269673587110e-03 5.911409019249765251e+00 2.996127914115324226e-02 9.995432153145861198e-01 3.960109948569038273e-03 1.306265316446936775e-01 6.071805784198061953e-03 -4.143814848012380807e-03 9.999729806214887606e-01 3.743131527049748525e-02
9.995711886610277874e-01 -2.840584505922917960e-02 -7.109624831949274380e-03 6.145969307935282622e+00 2.843234309608924301e-02 9.995890401069513764e-01 3.654143419447295794e-03 1.151700475446195554e-01 7.002904029491698913e-03 -3.854719773821263518e-03 9.999680497248994993e-01 3.700681400626482792e-02
9.996217909766009768e-01 -2.636740866155240504e-02 -7.812474973228282493e-03 6.386591468316725084e+00 2.640662475547915500e-02 9.996389802923750789e-01 4.959763002802079594e-03 1.104033520676515612e-01 7.678878417838290102e-03 -5.164188270710109822e-03 9.999571820761871122e-01 3.461551479645903068e-02
9.996806714427026730e-01 -2.407359471966239589e-02 -7.682264063448985061e-03 6.638618789580954527e+00 2.411579122387595697e-02 9.996943262907359573e-01 5.448173616729719108e-03 1.238355491770215672e-01 7.548758673685656770e-03 -5.631697735589603730e-03 9.999556491280507942e-01 2.202208202510096136e-02
9.997419389490409536e-01 -2.141856075680114921e-02 -7.569726647598425118e-03 6.897654161842576848e+00 2.145308467318425213e-02 9.997596863849873561e-01 4.509394349224917983e-03 1.357629096802391022e-01 7.471322802377833305e-03 -4.670624636903755386e-03 9.999611815471057819e-01 3.930163809892160687e-02
9.997960269843038095e-01 -1.880890357864420034e-02 -7.357280242756643676e-03 7.167237547273629161e+00 1.884117861166517346e-02 9.998130593993695969e-01 4.342377574094573658e-03 1.440878927869066739e-01 7.274229507275844706e-03 -4.480111677395346576e-03 9.999635064263263651e-01 6.271333243424286052e-02
9.998509901102112796e-01 -1.605355213095251143e-02 -6.346734562663031327e-03 7.412311442662979033e+00 1.608551903674671629e-02 9.998580267986537651e-01 5.018199240869053966e-03 1.529005959161092165e-01 6.265273573322277696e-03 -5.119541999182128551e-03 9.999672677826859646e-01 6.159321477699362946e-02
9.998932532231339376e-01 -1.344172041083168886e-02 -5.727330203059288229e-03 7.666445319776131306e+00 1.347054092384909404e-02 9.998966486619459415e-01 5.023596503302972180e-03 1.662979472970625150e-01 5.659212496165094523e-03 -5.100210486452675870e-03 9.999709801623830607e-01 5.610241673781563715e-02
9.999359603463550128e-01 -1.003538781878157357e-02 -5.231271120798281112e-03 7.924091264369118370e+00 1.005507887893465624e-02 9.999424091821480509e-01 3.751494067708217688e-03 1.701487144431605980e-01 5.193322149746717846e-03 -3.803854667084190580e-03 9.999792798326976317e-01 4.552233760834099863e-02
9.999665224026230703e-01 -7.117037677853772781e-03 -4.037554791732802205e-03 8.212879715167417771e+00 7.131939462356065226e-03 9.999677647544955583e-01 3.688480907245904761e-03 1.589300634307882765e-01 4.011173582571939296e-03 -3.717153022117743785e-03 9.999850465181470138e-01 3.351470895421045093e-02
9.999853601227969291e-01 -4.327787590884154580e-03 -3.248044742342155906e-03 8.481727965601374208e+00 4.342364632529704428e-03 9.999804719686934407e-01 4.494391022949843773e-03 1.385937477531217765e-01 3.228530544725038802e-03 -4.508429420231186216e-03 9.999846252091502130e-01 3.439525241439181369e-02
9.999910723996754403e-01 -2.653805344490391474e-03 -3.288227203308085114e-03 8.739102630532610050e+00 2.672200433022059625e-03 9.999807353749423644e-01 5.602519418554396252e-03 1.231402222900632171e-01 3.273295860868338271e-03 -5.611256203656772232e-03 9.999788994463953973e-01 3.191476867708582105e-02
9.999909237779502913e-01 -2.097799575240969026e-03 -3.708314801051751722e-03 9.012547269840530006e+00 2.120376677234387264e-03 9.999791783273342949e-01 6.094826866783380551e-03 1.330255610571988156e-01 3.695451862522517589e-03 -6.102634572997376119e-03 9.999745504195595158e-01 2.926369350168867012e-02
9.999899291476805896e-01 -1.890692693049790974e-03 -4.070243771227550870e-03 9.314325176055589850e+00 1.919021281143497727e-03 9.999738866606344700e-01 6.967306089670241218e-03 1.499123763330793557e-01 4.056964448856671158e-03 -6.975046807375975474e-03 9.999674443508126398e-01 4.855451263796556338e-02
9.999968626534675442e-01 -1.198145677025619013e-03 -2.199802299880749407e-03 9.635997459746802107e+00 1.211954788600900623e-03 9.999795030154176034e-01 6.286868427834346219e-03 1.479055534414730755e-01 2.192224626338085992e-03 -6.289514764680799973e-03 9.999778178315820165e-01 4.658303158602265098e-02
9.999995321349016697e-01 -9.255461094893552634e-04 -2.812372255761783329e-04 9.926558233146991483e+00 9.272372604662620834e-04 9.999811242220146834e-01 6.073831635670033126e-03 1.261665139548905079e-01 2.756103057646593860e-04 -6.074089567570782437e-03 9.999815145665865712e-01 3.843945252128984358e-02
9.999931667521307910e-01 -3.597062601799064403e-03 8.529886774334869640e-04 1.021849844908556371e+01 3.591920650481208142e-03 9.999758179990672069e-01 5.954957861901533957e-03 1.532768146379021867e-01 -8.743884066808290181e-04 -5.951853302553313137e-03 9.999819052798801788e-01 2.219471895545982454e-02
9.999684423435127867e-01 -7.847388132874747943e-03 1.238069699499206450e-03 1.053308612173031378e+01 7.835601753456529137e-03 9.999264833862446800e-01 9.253711038244275336e-03 1.871212083116671754e-01 -1.310596142993876532e-03 -9.243717991701800793e-03 9.999564170579835487e-01 1.328500296010218240e-02
9.999237460869776495e-01 -1.212797954910682131e-02 2.326826904142341012e-03 1.085790077020926425e+01 1.209699896686480293e-02 9.998436643991776007e-01 1.289609928700612314e-02 2.009180050521092165e-01 -2.482866766676333336e-03 -1.286696828631728011e-02 9.999141345634323663e-01 2.825405028042096440e-03
9.998423113339189872e-01 -1.745323063346071110e-02 3.276767752198610998e-03 1.118607773659119253e+01 1.740690005072083671e-02 9.997550097272878133e-01 1.367188194122591002e-02 1.954545406720235579e-01 -3.514583484687047819e-03 -1.361268767164783289e-02 9.999011663345949152e-01 3.890174464044595867e-03
9.997241710814828153e-01 -2.326745838653471177e-02 3.194860822151249311e-03 1.150754304914750037e+01 2.323083234470095515e-02 9.996689608547292272e-01 1.105880338003481858e-02 1.825757278110922421e-01 -3.451113445605254963e-03 -1.098153376613435900e-02 9.999337456712463768e-01 3.308555351403687228e-02
9.995289267614445583e-01 -3.057440204911969842e-02 2.670300817043857935e-03 1.181607173855325854e+01 3.055710450008038495e-02 9.995132018582886246e-01 6.294654522932561190e-03 2.119834838138677235e-01 -2.861456217712760649e-03 -6.210092618527796211e-03 9.999766231357528623e-01 4.211178345667525302e-02
9.992363345514793105e-01 -3.907356494965751048e-02 6.507110818752427487e-05 1.211603080123213516e+01 3.907318682746575844e-02 9.992317273082155227e-01 3.039936148350604397e-03 2.227118011672426234e-01 -1.838022583674686140e-04 -3.035072118581118653e-03 9.999953772662976137e-01 4.469360199424514402e-02
9.986793906379707320e-01 -5.122468495240267705e-02 -3.937812400115888074e-03 1.244747157051543773e+01 5.124345874458034744e-02 9.986745381445231162e-01 4.824396098579257497e-03 2.591446453687350493e-01 3.685464809750187750e-03 -5.019812083194571256e-03 9.999806092298917370e-01 5.992535238720039098e-02
9.978473910595609953e-01 -6.509780133821692349e-02 -7.928456126988600583e-03 1.277292027529127161e+01 6.516577296275614939e-02 9.978370507722411631e-01 8.639568294905280998e-03 2.873061489159262627e-01 7.348890378421710050e-03 -9.137634654868647538e-03 9.999312463580284360e-01 4.800006523369895056e-02
9.967080603051845511e-01 -8.035587363250927539e-02 -1.076921981541480861e-02 1.309073591150474414e+01 8.046293523802587611e-02 9.967083723387389904e-01 9.906389995498076154e-03 3.281081097321073003e-01 9.937734930947590001e-03 -1.074030179361135963e-02 9.998929379397698547e-01 2.793205196014630562e-02
9.951047254410974041e-01 -9.786756796910471567e-02 -1.373042405065168919e-02 1.341573420450950671e+01 9.798319541609155914e-02 9.951557846077958569e-01 8.016094915493609391e-03 3.733783122681035294e-01 1.287939520513516761e-02 -9.322204752892852830e-03 9.998736008504750528e-01 2.471869191149013781e-02
9.929705644188514535e-01 -1.169262198946877246e-01 -1.837708624474097135e-02 1.375944907790005267e+01 1.170195689842174064e-01 9.931212058146282606e-01 4.085466441771736651e-03 4.141836751865717869e-01 1.777297590319359966e-02 -6.207226630145737389e-03 9.998227801291119654e-01 2.759702839933322535e-02
9.901617004874748718e-01 -1.383801924737974587e-01 -2.075401692846030183e-02 1.408051810566828266e+01 1.384622232665435604e-01 9.903644018052190079e-01 2.562101691301024026e-03 4.738039714758200960e-01 2.019949543523030105e-02 -5.410542293106552006e-03 9.997813292996907686e-01 5.533187437593542479e-02
9.866075481860077101e-01 -1.619869338323851049e-01 -1.912535306803708757e-02 1.440425838108561329e+01 1.620776051335309220e-01 9.867725640103051088e-01 3.279760769875992438e-03 5.481298926958947382e-01 1.834109529373335878e-02 -6.335628154404684617e-03 9.998117142939041413e-01 7.267133814509771361e-02
9.824225394896290986e-01 -1.858757460467876099e-01 -1.720932695657305042e-02 1.474187733843094783e+01 1.859894317964065624e-01 9.825377419844579796e-01 5.245649257490623239e-03 6.426167542389167320e-01 1.593377427974769847e-02 -8.354197007067428946e-03 9.998381480167523039e-01 8.331139670479627279e-02
9.778108373388850749e-01 -2.089489592523445516e-01 -1.504323136798096754e-02 1.510134549772348400e+01 2.090537727371858112e-01 9.778872313100592795e-01 5.751777559653720520e-03 7.371461323812443789e-01 1.350875593745090759e-02 -8.768994703426810297e-03 9.998703007115040675e-01 7.137439224228867007e-02
9.724333173911571260e-01 -2.327722261679162075e-01 -1.380340365495491203e-02 1.543225837605638695e+01 2.328588866728038553e-01 9.724975692414234985e-01 5.021624938709688679e-03 8.346442459749485732e-01 1.225488168573805187e-02 -8.097440605231740612e-03 9.998921188460849763e-01 5.453228559288818278e-02
9.661984409765685955e-01 -2.573625156596511254e-01 -1.500360582607006277e-02 1.575624017250695985e+01 2.574484938837720560e-01 9.662834121648350427e-01 4.079261215082927855e-03 9.381286679057995181e-01 1.344788650404459343e-02 -7.804031549096831707e-03 9.998791184138985377e-01 7.656375494178520313e-02
9.591472946094438123e-01 -2.824599092696607472e-01 -1.590178916851604091e-02 1.608523185754491536e+01 2.825353338103382961e-01 9.592531803290998971e-01 2.668553388638050718e-03 1.055695182518674446e+00 1.450008248478589813e-02 -7.052353074141350098e-03 9.998699975117025796e-01 1.109521422606527669e-01
9.514619095608631838e-01 -3.073573394292619665e-01 -1.586507339287565599e-02 1.641438008665281600e+01 3.073883550492653716e-01 9.515840181437167367e-01 -5.055626226265611846e-04 1.163842914550315744e+00 1.525233866994296465e-02 -4.395715234645049610e-03 9.998740139900993418e-01 1.360965555610750832e-01
9.432025538281836319e-01 -3.318433164058211537e-01 -1.577833352349004847e-02 1.672921074029215305e+01 3.318446758668725516e-01 9.433304341947469362e-01 -2.608260102168599368e-03 1.287322750991352738e+00 1.574971589593601035e-02 -2.775838384408381952e-03 9.998721124076123123e-01 1.499528760631926305e-01
9.339387522418213239e-01 -3.569822797567022699e-01 -1.794600235978792077e-02 1.703191431890626717e+01 3.570071297537250610e-01 9.340997092551128755e-01 -1.908526793227074535e-03 1.433085972883526127e+00 1.744466583219241376e-02 -4.624403661134880369e-03 9.998371360000497532e-01 1.372393006938863735e-01
9.234107451293156466e-01 -3.832067263829594395e-01 -2.156851025402169858e-02 1.733316123033796430e+01 3.833017522731315130e-01 9.236231264424472620e-01 2.949661439479158917e-04 1.580108961582443516e+00 1.980814186310941860e-02 -8.539622681058386955e-03 9.997673291123270189e-01 1.247294517872420683e-01
9.120878105697900473e-01 -4.092796331510103469e-01 -2.420759586950194109e-02 1.763931707396492499e+01 4.093936790320404917e-01 9.123577938179772140e-01 -2.676344597189782640e-04 1.742775607836275720e+00 2.219552609462831921e-02 -9.666330605138113985e-03 9.997069173882987547e-01 1.512265343107724314e-01
9.001210379548637563e-01 -4.348764041762970822e-01 -2.578042128733737046e-02 1.793313049466613762e+01 4.349438317862665548e-01 9.004518089053716867e-01 -3.225372865848523743e-03 1.891765083804638925e+00 2.461666553655349546e-02 -8.309809247979723160e-03 9.996624264461096976e-01 1.795532376912708783e-01
8.872482895702809014e-01 -4.605571505289516310e-01 -2.603043893720677002e-02 1.820800274663834628e+01 4.605450272377175081e-01 8.876101731719916454e-01 -6.816037573034577739e-03 2.081805080147184572e+00 2.624405725533213510e-02 -5.940671531023933825e-03 9.996379133869119915e-01 1.749114437921458765e-01
8.733248954717893753e-01 -4.864287210326955768e-01 -2.628167239130908828e-02 1.849508103815243132e+01 4.864160520432479484e-01 8.736967867197807935e-01 -7.304052997488079228e-03 2.264893483987840739e+00 2.651511387583187912e-02 -6.405016005122907662e-03 9.996278930212610936e-01 1.806407594681116446e-01
8.587436174731534200e-01 -5.117673571359732110e-01 -2.556504682537648690e-02 1.878516134616938160e+01 5.117917514402804402e-01 8.590880569341557971e-01 -6.075655584945254678e-03 2.425613202505178201e+00 2.507194860421924423e-02 -7.866549634875357605e-03 9.996546977782024834e-01 1.979262902073117836e-01
8.433886125501754982e-01 -5.367249773872649898e-01 -2.493886263104161047e-02 1.907876049106056016e+01 5.367748447556718316e-01 8.437093961764966510e-01 -5.217359582765855944e-03 2.615794729363340565e+00 2.384143993584595181e-02 -8.986292457476126316e-03 9.996753634503824371e-01 2.205398510216512453e-01
8.269340751796624422e-01 -5.617590140263566401e-01 -2.463423363719649886e-02 1.934638673054685398e+01 5.618265091497793851e-01 8.272414792157920527e-01 -4.744331506246205615e-03 2.832991668976245769e+00 2.304363086254490253e-02 -9.916916103502740679e-03 9.996852733994168183e-01 2.394691159938241998e-01
8.092495497380267633e-01 -5.869548022408620502e-01 -2.447910078396523664e-02 1.959794630486075562e+01 5.870001974619433183e-01 8.095642238035349880e-01 -6.044478225578700514e-03 3.071059058372441086e+00 2.336523974712306773e-02 -9.477745711427530695e-03 9.996820684136477064e-01 2.377637484173671656e-01
7.906485222265234869e-01 -6.117910228148689677e-01 -2.422103846144990982e-02 1.986743611581739088e+01 6.118065712005033019e-01 7.909706241240148650e-01 -7.628316246063714112e-03 3.296985166631194453e+00 2.382506530731940200e-02 -8.787273524988325341e-03 9.996775230478571750e-01 2.249164907789563406e-01
7.718474692398118453e-01 -6.353299489933755817e-01 -2.464427195460169515e-02 2.014623766091797208e+01 6.353337535467601382e-01 7.721888653280506443e-01 -8.682042821959808435e-03 3.511172236264509028e+00 2.454599422069381545e-02 -8.956125024382892083e-03 9.996585827132508095e-01 2.355382718763630034e-01
7.527308249271882357e-01 -6.578018277902001332e-01 -2.632604338496092461e-02 2.038090419152395683e+01 6.578054007416963556e-01 7.531248923213809121e-01 -9.744296843022498544e-03 3.737013416650144748e+00 2.623661486341717641e-02 -9.982580917803778736e-03 9.996059164084255544e-01 2.793700606580172274e-01
7.326387473344080359e-01 -6.801089785241889452e-01 -2.631051567441910002e-02 2.057807597421674473e+01 6.800467512449357432e-01 7.330600665448473441e-01 -1.262358738523125870e-02 3.989652960111425006e+00 2.787260349299938364e-02 -8.643851459185405983e-03 9.995741102121811217e-01 2.907434437054874921e-01
7.112264266439319860e-01 -7.024884522496207540e-01 -2.582526861885246078e-02 2.079378959038867691e+01 7.023746867033627828e-01 7.116541862732921331e-01 -1.476884010515044400e-02 4.255764285762378307e+00 2.875360015122789548e-02 -7.635025581534940139e-03 9.995573704709063145e-01 3.080479059900761429e-01
6.893271965231759779e-01 -7.239830905638636738e-01 -2.600962727712534742e-02 2.103800353148679747e+01 7.238385782478787833e-01 6.897761565036539810e-01 -1.632686617621910072e-02 4.505116233685371618e+00 2.976119576878983805e-02 -7.572218739769477798e-03 9.995283551404476885e-01 3.290285771785271263e-01
6.674969758193325386e-01 -7.441393102218636368e-01 -2.654193388912333071e-02 2.124417101491039261e+01 7.439868228544617157e-01 6.679732160709767053e-01 -1.718691452007382187e-02 4.776899499805014493e+00 3.051875965647082509e-02 -8.274635600767375754e-03 9.994999428287653087e-01 3.532721878527896320e-01
6.452201308365989041e-01 -7.634615917157125953e-01 -2.858987125037399171e-02 2.145405486415296892e+01 7.632347879420784409e-01 6.457960328004864747e-01 -2.049737773872103985e-02 5.042518098250407199e+00 3.411218606617038435e-02 -8.595463574685730662e-03 9.993810468323497398e-01 3.507300257435857493e-01
6.228383306294840160e-01 -7.817745563548538223e-01 -3.001594467693976739e-02 2.166554119346247376e+01 7.814744212143928115e-01 6.234979933786557460e-01 -2.340899913323051321e-02 5.331538084317436699e+00 3.701544118752913420e-02 -8.876671051766402837e-03 9.992752682943430997e-01 3.197873758272349320e-01
6.003334239519741988e-01 -7.992141246452574288e-01 -2.926709848301039391e-02 2.188683771299820435e+01 7.989157097161000420e-01 6.009765389914312195e-01 -2.368308152882602977e-02 5.626571209978322052e+00 3.651669282560391500e-02 -9.164199331951356636e-03 9.992910229736303718e-01 3.199551177804393354e-01
5.770744644648443389e-01 -8.162392447215378599e-01 -2.717642064412980826e-02 2.207943155803465984e+01 8.159868603231026363e-01 5.776392693000723666e-01 -2.232304509972129342e-02 5.932266374914704876e+00 3.391911323514787413e-02 -9.293542860077191881e-03 9.993813705580313345e-01 3.674923271580030626e-01
5.528795961687653637e-01 -8.329074299927837766e-01 -2.427684499845645869e-02 2.223879227871634612e+01 8.326733856914926291e-01 5.533491816264390906e-01 -2.144098772017830404e-02 6.237716689714680740e+00 3.129193029088833677e-02 -8.360398086580681648e-03 9.994753217776335408e-01 4.369703707524095204e-01
5.284597939799491328e-01 -8.486787638232559106e-01 -2.178536164721807389e-02 2.239303068640490935e+01 8.484135391325809961e-01 5.288659287989287971e-01 -2.225524594730012018e-02 6.547237194072295097e+00 3.040909014091373874e-02 -6.721993088116158359e-03 9.995149333780486423e-01 4.554211599724206083e-01
5.037777103739022877e-01 -8.636215597881528039e-01 -1.912642150290195728e-02 2.253934564604256963e+01 8.631975707318181312e-01 5.041328505584077302e-01 -2.720336138314951788e-02 6.880300983199616027e+00 3.313566678243597824e-02 -2.805433466020874206e-03 9.994469256193402318e-01 4.343149322962556180e-01
4.785615647095976533e-01 -8.778450288902998055e-01 -1.915552231839505459e-02 2.271204679473871479e+01 8.773082017496386387e-01 4.789402583873978436e-01 -3.076602084489050634e-02 7.204965055919107186e+00 3.618214926614016225e-02 -2.081861763307327889e-03 9.993430431669003688e-01 4.105098605533329947e-01
4.523793875011397070e-01 -8.915941429324344414e-01 -2.031684160176956688e-02 2.288877087660146259e+01 8.910456574645609917e-01 4.528190089169078503e-01 -3.150526110124695495e-02 7.526859444284658807e+00 3.728975834786393828e-02 -3.850902762606524601e-03 9.992970751834866494e-01 4.218046495653112737e-01
4.256521446691685640e-01 -9.047019608951066827e-01 -1.829244901826904482e-02 2.301347386776853199e+01 9.041065759119318868e-01 4.260375207264266439e-01 -3.291398374675513772e-02 7.850439553574828366e+00 3.757061526431694498e-02 -2.528415675538327537e-03 9.992907764924243708e-01 4.546293610004144004e-01
3.990972840279032319e-01 -9.167671199532061443e-01 -1.610607507292616952e-02 2.311749054163989925e+01 9.161242100197293237e-01 3.994207655528831946e-01 -3.434361455752254350e-02 8.181272937391426581e+00 3.791819744236332723e-02 -1.048722009094532615e-03 9.992802962556950330e-01 4.920604703513067890e-01
3.722161721929682088e-01 -9.280260126151578248e-01 -1.492786212507321748e-02 2.323546290340255638e+01 9.273202826426680812e-01 3.725152083393810098e-01 -3.618719325105973494e-02 8.515813189981168208e+00 3.914351233009832898e-02 -3.734507707570111634e-04 9.992335292497871446e-01 5.321698925757385457e-01
3.438013015580806409e-01 -9.389155140137034339e-01 -1.543770032591876805e-02 2.334136529450309538e+01 9.381203374632361980e-01 3.441456560774381890e-01 -3.865229412199848447e-02 8.856618693429711087e+00 4.160405611035525308e-02 -1.193711612058393629e-03 9.991334633409860722e-01 5.489346346014731814e-01
3.138802277055626755e-01 -9.493249939000821813e-01 -1.616349628370004898e-02 2.345891663320434262e+01 9.484346587973814247e-01 3.142869198956224075e-01 -4.117559925996689546e-02 9.199592575947256989e+00 4.416900097804872527e-02 -2.405813611172383237e-03 9.990211766591684528e-01 5.348308406284597583e-01
2.832450076361164859e-01 -9.589525451930343003e-01 -1.350117465326985955e-02 2.354494556033744601e+01 9.580643840211930939e-01 2.835638781209437465e-01 -4.128151032971664330e-02 9.554512285484404899e+00 4.341545484396369670e-02 -1.242212869176514967e-03 9.990563323396131068e-01 5.190424966810660568e-01
2.527133657886612150e-01 -9.674843805201084335e-01 -1.048466505849565689e-02 2.360063976672653752e+01 9.666311495336933346e-01 2.529307340241818691e-01 -4.062344812001496275e-02 9.884603409558456732e+00 4.195444556822642418e-02 1.312844663806482515e-04 9.991195160046928425e-01 5.554060154109168312e-01
2.219975395680054975e-01 -9.750052859128782723e-01 -9.043498642593884862e-03 2.366068453341434719e+01 9.741295050368871111e-01 2.221813690764411486e-01 -4.131763124754217475e-02 1.024244301067879981e+01 4.229420577740516940e-02 3.628736212207689382e-04 9.991051338474813415e-01 6.230158318612196711e-01
1.903694411993267499e-01 -9.816922717782790020e-01 -6.305504599749392480e-03 2.370507499114003380e+01 9.807709450483177438e-01 1.904641748483711927e-01 -4.256467371375761977e-02 1.062650405219141447e+01 4.298638396615379192e-02 1.918757444416985952e-03 9.990738156729881414e-01 6.179931521682984208e-01
1.579022122613925605e-01 -9.874497049406874005e-01 -3.157780155095889912e-03 2.375930223993862356e+01 9.865785355735339213e-01 1.578959795923825515e-01 -4.161313223182575710e-02 1.099422590290522095e+01 4.158947593490039396e-02 3.455407517453483457e-03 9.991288083377181106e-01 6.094497225532014006e-01
1.260438586998504640e-01 -9.920245481842061563e-01 -4.914101893136804677e-04 2.378189785810842949e+01 9.912189069294908839e-01 1.259614266713814379e-01 -4.023428309807432213e-02 1.135779702851064243e+01 3.997529524040941556e-02 4.584189222997952368e-03 9.991901525633696268e-01 6.269754492777082078e-01
9.378736267332421495e-02 -9.955907254325491174e-01 1.742996119544953926e-03 2.381936347973616819e+01 9.947797138089533586e-01 9.363995920730527889e-02 -4.055710830213375695e-02 1.171317296332639479e+01 4.021506679043513471e-02 5.537641406284554008e-03 9.991757017315304745e-01 6.664435868163489651e-01
6.142807920209081285e-02 -9.981017139972551133e-01 4.422623800795631721e-03 2.379942391648237532e+01 9.972215281265773834e-01 6.118562610735389651e-02 -4.249168152409478483e-02 1.208385448574390786e+01 4.214041915353552992e-02 7.020518043050504031e-03 9.990870319446507608e-01 7.060157245833414974e-01
2.916830561558003687e-02 -9.995563742955001496e-01 6.022005708276385871e-03 2.376786862337241146e+01 9.985466185760770719e-01 2.886463516942627816e-02 -4.551355146347896286e-02 1.242501790934692352e+01 4.531953748438907748e-02 7.340806615782409505e-03 9.989455701290389511e-01 7.291567943794953210e-01
-3.701410431672380597e-03 -9.999764544322417015e-01 5.778420367129274288e-03 2.374894846553208083e+01 9.988904127663355004e-01 -3.968563874990227447e-03 -4.692753759009889170e-02 1.278707698190032716e+01 4.694936468490633341e-02 5.598310628490470175e-03 9.988815826081640648e-01 7.278077940294843673e-01
-3.638420574595868651e-02 -9.993114159125253693e-01 7.272111051135513732e-03 2.372728184369646343e+01 9.981846706950734394e-01 -3.669074737038258149e-02 -4.776140959782423923e-02 1.316050074105594980e+01 4.799534104060639017e-02 5.521148821311470251e-03 9.988323003157680846e-01 7.182754857769200196e-01
-6.807247531483007208e-02 -9.976188564803480929e-01 1.107949905704714785e-02 2.368643312654996436e+01 9.963270537823423201e-01 -6.855417635928429121e-02 -5.131010431775030745e-02 1.352126436010105870e+01 5.194747352769074622e-02 7.545998843320630284e-03 9.986213085527197997e-01 7.459946289852259493e-01
-1.002919448458885476e-01 -9.948672298256153734e-01 1.344324433074389757e-02 2.363891458020567882e+01 9.934706403486424087e-01 -1.008713972134043235e-01 -5.330148205701713826e-02 1.389852078075549358e+01 5.438393663838766989e-02 8.009759254960936020e-03 9.984879724825880265e-01 8.022024495618154116e-01
-1.331740570528352485e-01 -9.909829204585987039e-01 1.474862323863658856e-02 2.358223437011560009e+01 9.894762145378315221e-01 -1.337917005827626848e-01 -5.510536923981395468e-02 1.427845194317082012e+01 5.658172312657189229e-02 7.254806304750303914e-03 9.983716123736233738e-01 8.231762874691661569e-01
-1.660718037678154957e-01 -9.859805223606811220e-01 1.620387356968812712e-02 2.349750060460407752e+01 9.844537787315338351e-01 -1.667228918352055000e-01 -5.526513258203852308e-02 1.461954537476785809e+01 5.719190095204110258e-02 6.773984312400900543e-03 9.983402223701233202e-01 8.190852212229717821e-01
-1.974385463889722914e-01 -9.801607223692376802e-01 1.740628404984672500e-02 2.337854060531534017e+01 9.788029161898961217e-01 -1.980887726112634528e-01 -5.201624192036980593e-02 1.494496012353738656e+01 5.443226669875984164e-02 6.767310394644718285e-03 9.984945327101484303e-01 8.513242585618384650e-01
