1.000000000000000000e+00 0.000000000000000000e+00 0.000000000000000000e+00 0.000000000000000000e+00 0.000000000000000000e+00 1.000000000000000000e+00 0.000000000000000000e+00 0.000000000000000000e+00 0.000000000000000000e+00 0.000000000000000000e+00 1.000000000000000000e+00 0.000000000000000000e+00
9.999999800029989450e-01 -1.873791059210873269e-04 6.987898448299193811e-05 7.844002768233016357e-03 1.874126550641050382e-04 9.999998670431035075e-01 -4.804063613602819831e-04 4.315547073797531760e-03 -6.978895707762855147e-05 4.804194479596106990e-04 9.999998821633208079e-01 7.394332006594687458e-03
9.999998943089215553e-01 -3.729207311985240927e-04 2.689094160131277108e-04 3.672207060784173950e-03 3.729613195771501661e-04 9.999999190641193358e-01 -1.509026467404955081e-04 5.132288761029532402e-03 -2.688531195233450472e-04 1.510029236020750442e-04 9.999999524580575061e-01 1.746853224619890959e-05
9.999999921522259028e-01 -4.433995844851133588e-05 1.171730181709922287e-04 7.131690738727539634e-03 4.435247929034294011e-05 9.999999933071891389e-01 -1.068572843625315927e-04 4.631327720562150932e-03 -1.171682793392268260e-04 1.068624804378015834e-04 9.999999874260022681e-01 -1.876766404838854261e-03
9.999999873436442588e-01 6.646133637366762102e-05 -1.445531119743718963e-04 3.677856186303061267e-03 -6.645918025750135755e-05 9.999999976802781410e-01 1.492048905791045891e-05 8.942695668220748337e-03 1.445541032746910167e-04 -1.491088198774595124e-05 9.999999894408883039e-01 -6.037013675690856276e-04
9.999999801690430123e-01 -4.408919756079520140e-05 -1.942113700577845334e-04 -5.843726763476390224e-03 4.403452665304113614e-05 9.999999594100925648e-01 -2.814973778730990952e-04 4.605067385880118672e-03 1.942237731682688428e-04 2.814888202849855927e-04 9.999999415205832465e-01 7.503893609614461536e-03
9.999999882676252616e-01 -1.469887053173718591e-04 -4.311693194993047439e-05 -5.915639776479807849e-03 1.469827668675122915e-04 9.999999797174151661e-01 -1.376998023067778961e-04 -1.678573370802828807e-03 4.313717139107117976e-05 1.376934632452753756e-04 9.999999895898472602e-01 1.224254052191565013e-03
9.999999764030598204e-01 -1.555781241804449189e-04 1.516223173142033074e-04 4.252116802957928892e-04 1.555798694939417807e-04 9.999999878313362567e-01 -1.149920075602596383e-05 -2.421043517179521758e-03 -1.516205264450790871e-04 1.152278986502012466e-05 9.999999884392205551e-01 -4.271622830935343194e-03
9.999999874229407171e-01 -1.094736554330415543e-04 1.147590393469821241e-04 4.750870513617316132e-03 1.094891112021612571e-04 9.999999849363712112e-01 -1.346825594489878773e-04 6.300304517394369162e-03 -1.147442934261885908e-04 1.346951226202978643e-04 9.999999843454854265e-01 -2.887377464612182493e-03
9.999999975185726031e-01 -5.496917237048584709e-05 -4.405955962426695685e-05 5.393306176302277953e-03 5.496305367416696048e-05 9.999999888481372334e-01 -1.388624795441586004e-04 6.992874968423284758e-03 4.406719228849465333e-05 1.388600575516409791e-04 9.999999893879834012e-01 1.307810984613277808e-03
9.999999787927690287e-01 -1.491586359691229153e-04 -1.420076156228737075e-04 -1.218019867171202340e-03 1.491457530123186737e-04 9.999999847621277027e-01 -9.072645052081889153e-05 4.987633688482980693e-03 1.420211460925857973e-04 9.070526876399656548e-05 9.999999858012740273e-01 3.874323959258493648e-03
9.999999867991078428e-01 -1.439037241263752844e-04 -7.545530013500821121e-05 -9.421155146918496750e-04 1.439079771707544718e-04 9.999999880568708477e-01 5.636268517413779759e-05 1.803402262746388405e-03 7.544718843353750233e-05 -5.637354304970929660e-05 9.999999955648727346e-01 -4.094481986684347583e-04
9.999999979435837405e-01 -4.544450145379464660e-05 4.525074251594418554e-05 -4.298013699832925385e-04 4.544342603921994677e-05 9.999999986850260925e-01 2.376642254200248840e-05 3.511949545229577438e-05 -4.525182250966440625e-05 -2.376436614435808642e-05 9.999999986937637697e-01 -2.269653404667019026e-03
9.999999935825388819e-01 6.150110236668685653e-05 9.514481957384170402e-05 5.183404872433633979e-03 -6.149739424973887773e-05 9.999999973494774208e-01 -3.897583296371238081e-05 2.409276843483861442e-03 -9.514721637835112491e-05 3.896998155510634468e-05 9.999999947141738899e-01 -2.782695045660445003e-03
9.999999941576918072e-01 -6.510129762410107673e-05 8.629274244320696361e-05 1.252262379135216574e-03 6.510678721683366762e-05 9.999999958571417213e-01 -6.361464369666403659e-05 2.958087682515413413e-03 -8.628860068985581865e-05 6.362026156822828983e-05 9.999999942533698283e-01 -4.824331610808545406e-04
9.999999981471063837e-01 -5.369327437335997188e-05 2.868483111155378684e-05 3.189986966363983858e-04 5.369124723390868414e-05 9.999999960618196626e-01 7.066548426841034059e-05 -3.401350303535627222e-03 -2.868862525982330110e-05 -7.066394401311565452e-05 9.999999970917848868e-01 -1.421494923635697799e-03
9.999999982756851979e-01 -2.418486402256666973e-05 5.351375418442947432e-05 1.945768624700963548e-03 2.417827151442627614e-05 9.999999921198178265e-01 1.231899976122295085e-04 -5.751554573949434722e-03 -5.351673309607252231e-05 -1.231887035297327755e-04 9.999999909802512743e-01 -1.397571667963260237e-03
9.999999967602665185e-01 -7.978727312162298797e-05 -1.065166648534186281e-05 2.524509137809684972e-03 7.978674430922366853e-05 9.999999955851130995e-01 -4.963717518364737965e-05 -2.972631351221418153e-03 1.065562685316932611e-05 4.963632516104582486e-05 9.999999987113463717e-01 2.619956086854264773e-03
9.999999970756208167e-01 -6.717111577732086077e-05 -3.656226821592477804e-05 3.232145618922729110e-03 6.716239846344616285e-05 9.999999693338087470e-01 -2.383728041499148299e-04 3.480063614339186113e-03 3.657827886192498070e-05 2.383703478431957175e-04 9.999999709208029497e-01 4.956008024931025588e-03
9.999999931221419391e-01 -1.131654099087756288e-04 3.081081121952307925e-05 -9.456132561756346207e-04 1.131720882705939524e-04 9.999999700865817021e-01 -2.168384517175145896e-04 2.402352788180195983e-03 -3.078627168559380821e-05 2.168419371499774996e-04 9.999999760158896356e-01 4.217592800548568450e-03
9.999999959813864470e-01 -6.756058246107397110e-05 5.893042386794710249e-05 5.376324833055938068e-04 6.757056965399523127e-05 9.999999833538846250e-01 -1.694887860451978450e-04 2.422920420729108518e-03 -5.891897212587862297e-05 1.694927673263986652e-04 9.999999839003781421e-01 1.802800425535720612e-03
9.999999986266193686e-01 3.117093149604964112e-05 -4.213234343354041136e-05 2.866710649884141905e-03 -3.117486376087223146e-05 9.999999951584621627e-01 -9.333382865528472609e-05 -1.979246210093527254e-03 4.212943392717578996e-05 9.333514199716830967e-05 9.999999947568309899e-01 2.222722492220245791e-03
9.999999993747711313e-01 7.736270921817015603e-06 -3.450518502111601829e-05 -1.249660467699807579e-03 -7.739744424608505915e-06 9.999999949031143087e-01 -1.006671136857802216e-04 1.679121338708880603e-03 3.450440605718264295e-05 1.006673806841536239e-04 9.999999943377622103e-01 3.291852016841010850e-03
9.999999989912092824e-01 -4.237222627394008939e-05 1.490556474313214367e-05 1.090163420999007687e-03 4.237395900103695031e-05 9.999999923433449123e-01 -1.162658919533749146e-04 3.211274615424124495e-03 -1.490063818432358493e-05 1.162665234438762981e-04 9.999999931300331824e-01 3.024790840132107403e-03
9.999999936622133712e-01 -1.111742528035157275e-04 1.777241705832613577e-05 1.678158811070730666e-03 1.111747786723828830e-04 9.999999933822766307e-01 -2.959079701145527676e-05 3.599416182572492853e-04 -1.776912720596558469e-05 2.959277266844805013e-05 9.999999994042629847e-01 1.392335625179345546e-03
9.999999819664758816e-01 -1.850700446853496470e-04 4.261603629177447648e-05 -3.874625324048109232e-04 1.850710135558596722e-04 9.999999826159865490e-01 -2.273205985118010520e-05 4.743904333695134201e-03 -4.261182852760428755e-05 2.273994643427120496e-05 9.999999988335634971e-01 -6.951852466839716091e-04
9.999999996093116295e-01 -2.276592553215466978e-05 1.622003188459105765e-05 1.363768179164654695e-03 2.276941165491051911e-05 9.999999766370391008e-01 -2.149592407917132013e-04 6.504722219251601358e-03 -1.621513775957477056e-05 2.149596100283141583e-04 9.999999767647174131e-01 2.429043536016834738e-03
9.999999984676550824e-01 -2.352439309625912344e-05 5.011280008663729357e-05 -1.989184523785424066e-03 2.353187687352026227e-05 9.999999885714173642e-01 -1.493432823494678042e-04 -5.322461437721990067e-04 -5.010928630383873435e-05 1.493444613688638069e-04 9.999999875926455228e-01 2.136323969230481440e-04
9.999999980345928297e-01 5.000331349704765284e-05 3.782172492304595811e-05 3.260068914743261687e-03 -5.000209525258201280e-05 9.999999982311390534e-01 -3.221043708819897972e-05 -6.866970634012042538e-03 -3.782333548472819381e-05 3.220854585940015493e-05 9.999999987660024292e-01 -1.405370445481482836e-03
9.999999919758547628e-01 -1.203817779255472877e-04 3.945273091674428528e-05 -3.659291117657908002e-03 1.203826961942071967e-04 9.999999924831727283e-01 -2.327361273540533106e-05 -4.821533550987073050e-03 -3.944992890130507202e-05 2.327836197477446096e-05 9.999999989509105180e-01 8.648059107594276845e-04
9.999999967872591489e-01 -7.604311276816893834e-05 2.535599857241073422e-05 -1.303470488788268473e-03 7.604338741550667480e-05 9.999999970500478286e-01 -1.083086326859638244e-05 8.803284451772249363e-04 -2.535517488505484304e-05 1.083279138982237483e-05 9.999999996198828400e-01 9.122834726301640162e-04
9.999999927777747377e-01 -1.171948545071754843e-04 -2.664238420624263996e-05 -4.470023955251313866e-03 1.171941242506786645e-04 9.999999927571285863e-01 -2.740948656352452215e-05 1.892675948495411032e-03 2.664559626406520830e-05 2.740636403468203226e-05 9.999999992694517115e-01 1.187805595239792029e-03
9.999999976240234734e-01 -6.767526505919939351e-05 1.311532129821219826e-05 -1.814229420542554008e-03 6.767669545100653663e-05 9.999999917592997667e-01 -1.090929202526100142e-04 1.012767565731679306e-03 -1.310793829783858952e-05 1.090938075950130336e-04 9.999999939633614776e-01 7.329240256487548535e-04
9.999999870448368355e-01 -1.581909409794427228e-04 2.976495340882464842e-05 -2.879575972258853391e-03 1.581943855047797203e-04 9.999999807873741764e-01 -1.157574520264033243e-04 4.067477417648220376e-04 -2.974664105670029698e-05 1.157621591752607074e-04 9.999999928571299268e-01 -8.180134718847387795e-04
9.999999857897339250e-01 -1.643614042967982906e-04 3.749480914934951689e-05 -3.251587981975719716e-03 1.643629422105915400e-04 9.999999856512012952e-01 -4.101731881607453037e-05 1.847313443258891347e-03 -3.748806694722294999e-05 4.102348099035694242e-05 9.999999984558594068e-01 -1.579768141574750895e-03
9.999999998376657429e-01 -1.470976564446440832e-05 -1.040631196303661902e-05 3.956721087768781675e-03 1.470954607405170924e-05 9.999999996692202631e-01 -2.109949573377783188e-05 1.781045525500153789e-03 1.040662232823188217e-05 2.109934265822737678e-05 9.999999997232599247e-01 -4.006743810385573210e-04
9.999999980247573639e-01 4.727166685030020107e-05 -4.142311966182578336e-05 4.918003758274612155e-03 -4.727410743505298891e-05 9.999999971468302995e-01 -5.891942154425827704e-05 -5.226274366885132021e-03 4.142033432437234474e-05 5.892137966888729924e-05 9.999999974063135122e-01 2.195345195622848238e-03
9.999999980712166447e-01 -6.195334434994446808e-05 4.398845663606022715e-06 -1.054868815214628696e-03 6.195341694424832729e-05 9.999999979446825282e-01 -1.650481705608474646e-05 -4.102700436099764730e-03 -4.397823125950489958e-06 1.650508954777000212e-05 9.999999998541205803e-01 -1.335218830141088895e-03
9.999999912755703768e-01 -1.170542967942757550e-04 6.121397470237959729e-05 -2.111976911061633905e-03 1.170647397512103774e-04 9.999999785920156148e-01 -1.706218483424011610e-04 4.330805293469103256e-03 -6.119400137143632759e-05 1.706290128518405725e-04 9.999999835705170037e-01 -1.863336033393307592e-04
9.999999916443714776e-01 8.782225257932430463e-05 9.486047065815488856e-05 8.695482718522702312e-03 -8.781747427960825210e-05 9.999999948752320567e-01 -5.037486515120630649e-05 7.951078670951961837e-04 -9.486489420614798926e-05 5.036653432335046302e-05 9.999999942319319768e-01 -3.909606426524095163e-04
9.999999988140682028e-01 2.476709596159063488e-05 -4.193392977731688522e-05 5.575920063445220266e-03 -2.476589028178358099e-05 9.999999992799818438e-01 2.875216683360864658e-05 -9.414747869465476182e-04 4.193464185479875753e-05 -2.875112826840658719e-05 9.999999987074291719e-01 5.101667237460588326e-05
9.999999878610668080e-01 -1.557776296293402927e-04 3.346086760462742854e-06 -9.919335136944726003e-03 1.557774903532676029e-04 9.999999870020896964e-01 4.158357852843868799e-05 -2.348436396217191621e-03 -3.352564508265273242e-06 -4.158305677866037118e-05 9.999999991298048618e-01 -9.836973354007017434e-04
9.999999667749529531e-01 -2.572410145734728123e-04 1.664792461138976635e-05 -1.157805168196341349e-02 2.572439289955892128e-04 9.999999515481787782e-01 -1.752974643072914118e-04 1.857468653628849319e-03 -1.660283010719693742e-05 1.753017410605615695e-04 9.999999844968227025e-01 2.117768303301657135e-03
9.999999837586626139e-01 -1.798062892972570681e-04 1.234393809050450763e-05 -1.721303117050180078e-03 1.798086678682816173e-04 9.999999652173503506e-01 -1.929615016759241486e-04 1.069119961476199540e-03 -1.230924196955605756e-05 1.929637180890356510e-04 9.999999813067428356e-01 1.292826042533465640e-03
9.999999998199770035e-01 1.756623839009675337e-05 -7.174488966978426900e-06 1.133946928141381025e-02 -1.756636675670492217e-05 9.999999996856420159e-01 -1.789241972489442865e-05 -1.021635831671823327e-03 7.174174662212806495e-06 1.789254575137786378e-05 9.999999998141939628e-01 -1.328112866025247824e-03
9.999999936146297674e-01 9.640588693448277652e-05 -5.896308570158109019e-05 1.080665934753540641e-02 -9.641062134242807727e-05 9.999999921287023863e-01 -8.029686897972542153e-05 -2.556596365762900825e-03 5.895534414659304605e-05 8.030255313472892912e-05 9.999999950378836155e-01 5.419982683123136889e-04
9.999999927583458348e-01 1.136698520518788803e-04 -3.952812987313392655e-05 6.846415547642417318e-03 -1.136715307383866463e-04 9.999999926376049730e-01 -4.246849586812625099e-05 -3.464373905794219336e-03 3.952330219447002365e-05 4.247298878361399665e-05 9.999999983169769457e-01 -2.371949476840896562e-04
9.999999969432143976e-01 7.810762275336942384e-05 3.573585065459253540e-06 -7.159489199293791973e-04 -7.810753216854640179e-05 9.999999966285092468e-01 -2.534156602046302691e-05 -6.290620356074264063e-03 -3.575564422889650163e-06 2.534128681908883479e-05 9.999999996725172924e-01 -2.740849612584622739e-04
9.999999994071432363e-01 -2.087272419319334804e-05 2.738690951934713000e-05 -4.357153025660266341e-03 2.087478190323524362e-05 9.999999969593622584e-01 -7.513666816187080928e-05 -4.751846531298872627e-03 -2.738534112912212161e-05 7.513723981308877565e-05 9.999999968022191821e-01 9.419851489687556265e-04
9.999999896617302042e-01 -1.378895117988987603e-04 4.078016588086933570e-05 -2.005025183682473868e-03 1.378930377205906646e-04 9.999999867540938503e-01 -8.647151162470103941e-05 8.969161260994209606e-05 -4.076824182617663040e-05 8.647713403168727096e-05 9.999999954298278704e-01 1.310309609978692292e-03
9.999999979093183722e-01 -6.101069518147689177e-05 -2.142564891195595755e-05 6.225936575783637406e-03 6.100957902159122423e-05 9.999999967821608937e-01 -5.209135645076166818e-05 3.468597503199204873e-03 2.142882697288168225e-05 5.209004917203484972e-05 9.999999984137161180e-01 1.130054786201266110e-03
9.999999968330988143e-01 2.098387491281354254e-05 -7.676899996285129965e-05 6.048690903901345929e-03 -2.098525880505143186e-05 9.999999996173420946e-01 -1.802594549834865247e-05 4.339703863966899743e-04 7.676862167928950322e-05 1.802755645859468935e-05 9.999999968907929970e-01 1.235063386235734370e-03
9.999999995530104435e-01 1.911404081625505275e-05 -2.299201267353710864e-05 4.799951206127387078e-03 -1.911597127033170550e-05 9.999999962922582197e-01 -8.396465456710225990e-05 -3.259595404613352594e-05 2.299040768445414313e-05 8.396509404422465106e-05 9.999999962106520535e-01 9.233971573894041987e-04
9.999999955988271294e-01 -8.912246715170985770e-05 2.931776733209596924e-05 1.481765265303218318e-03 8.912588685351386904e-05 9.999999892232744880e-01 -1.166620211970971396e-04 3.546385157009926533e-04 -2.930736980899444435e-05 1.166646336556614362e-04 9.999999927652206688e-01 4.359953885743063058e-04
9.999999762179032636e-01 -1.909799294935985196e-04 1.053131499272713352e-04 -6.551596418699136802e-03 1.909847419203704354e-04 9.999999807187086587e-01 -4.568818896100383366e-05 4.287969263158859269e-04 -1.053044223695913351e-04 4.570830107920258162e-05 9.999999934108648736e-01 3.124932262650941765e-04
9.999999949516497066e-01 -9.986688111052406983e-05 1.110435426453673687e-05 -3.249485100501280782e-03 9.986727304386644509e-05 9.999999943902007082e-01 -3.530051376270026075e-05 -3.409469567888112011e-03 -1.110082885003246076e-05 3.530162254607021601e-05 9.999999993152834943e-01 2.469310696357878429e-04
9.999999973365740757e-01 3.336094067927477587e-05 -6.491455470729297968e-05 -1.327336149629571678e-03 -3.336286388920765703e-05 9.999999990046116727e-01 -2.962593349252546824e-05 -5.508080104037401357e-03 6.491356629366797114e-05 2.962809914907211248e-05 9.999999974542023162e-01 6.128559575627376931e-04
9.999999963441561501e-01 4.642546660102152978e-05 -7.180782554952980462e-05 -5.880487090945528015e-04 -4.642956984088662071e-05 9.999999972895806666e-01 -5.714134813191261425e-05 -4.102702842019453899e-03 7.180517254115124210e-05 5.714468192946423866e-05 9.999999957892512503e-01 1.237568915709307731e-03
9.999999895256040938e-01 1.405540751772586068e-04 -3.454480674492861229e-05 1.493473856792999592e-02 -1.405588592049021232e-04 9.999999805271237996e-01 -1.385242187568789889e-04 1.138729387515340129e-03 3.452533592878484243e-05 1.385290728845490105e-04 9.999999898088485217e-01 2.262478529044087677e-03
9.999999218944823909e-01 3.696124374953675814e-04 1.399916970042074246e-04 3.877558255132256687e-02 -3.695721663040942256e-04 9.999998903555962215e-01 -2.875851341540163787e-04 -1.224149504426298154e-03 -1.400979766973234114e-04 2.875333746573042310e-04 9.999999488485563637e-01 1.075356580018379908e-02
9.999999835097456158e-01 3.205887665160581736e-05 1.787532853683300416e-04 2.840906330897620749e-02 -3.199804813001185167e-05 9.999999415909012201e-01 -3.402856433910299186e-04 -4.586075189333323546e-03 -1.787641841029794822e-04 3.402799180234045541e-04 9.999999261264692629e-01 1.751672475989056454e-02
9.999999908197790832e-01 -6.069856264059187974e-05 1.211450631857661283e-04 3.240845189138960147e-03 6.072180479490226000e-05 9.999999797514055322e-01 -1.918594560946630754e-04 -2.268555051917396821e-03 -1.211334151395349247e-04 1.918668104802295153e-04 9.999999742569110062e-01 1.073642646354259524e-02
9.999999431531102490e-01 -2.736467796371150145e-04 1.970056247788431515e-04 -2.169856175826865435e-02 2.736706861850272563e-04 9.999999551913475448e-01 -1.213328419187731383e-04 7.249367451704782569e-03 -1.969724136098312641e-04 1.213867496858940043e-04 9.999999732335622671e-01 -2.441479285751202303e-04
9.999998661795026500e-01 -4.180385167571001892e-04 3.047700369741584872e-04 -4.296956045261643431e-02 4.180728099822858513e-04 9.999999062831881336e-01 -1.124666192635536750e-04 8.517513379746620428e-03 -3.047229930333805151e-04 1.125940202789709393e-04 9.999999472332407047e-01 -2.327832792669819705e-03
9.999998716660304376e-01 -4.611147959013173355e-04 2.098596379439726699e-04 -3.632393477815244742e-02 4.611512698409545160e-04 9.999998785688886116e-01 -1.737864045877082991e-04 8.009252189613222384e-04 -2.097794769780017175e-04 1.738831593235353780e-04 9.999999628786082617e-01 3.869187218407184759e-03
9.999998085051905461e-01 -5.878138577487562093e-04 1.935573582199607103e-04 -3.547835660375094069e-02 5.878723899432893810e-04 9.999997814545924513e-01 -3.024844138152971325e-04 -6.316396987494845173e-04 -1.933795113886953125e-04 3.025981429178697100e-04 9.999999355193621708e-01 1.692494390756371647e-02
9.999996533316135583e-01 -7.073404100248392636e-04 4.393247057441322396e-04 -5.046907738058242776e-02 7.075693455133045054e-04 9.999996138630942166e-01 -5.211710695656778317e-04 -1.056710795945530086e-02 -4.389558907466100312e-04 5.214817415866553280e-04 9.999997676872326435e-01 2.780046633480299373e-02
9.999984050657502177e-01 -1.574665828245468135e-03 8.427891105865641412e-04 -1.154646537022340769e-01 1.574945669071769246e-03 9.999987048324946448e-01 -3.314807275220732832e-04 -1.461788339880037112e-02 -8.422660476591433852e-04 3.328075458917670792e-04 9.999995899134370703e-01 1.808051083278776686e-02
9.999943193304332567e-01 -3.257064971454408289e-03 8.676604377755615938e-04 -1.968208043016274611e-01 3.257500183580278128e-03 9.999945690050201508e-01 -5.006525920849461521e-04 -9.078816614292158776e-03 -8.660250674955320346e-04 5.034761520783419871e-04 9.999994982560475032e-01 1.095480194816986566e-02
9.999845691037364537e-01 -5.506611589237889182e-03 7.340185416646543377e-04 -2.910787088305582526e-01 5.507108120497474987e-03 9.999846071654046042e-01 -6.761600404723092919e-04 -9.749858793872376542e-06 -7.302838923236082067e-04 6.801919261882642329e-04 9.999995020120661104e-01 1.522486826010026328e-02
9.999696497287426933e-01 -7.756271448570360889e-03 7.347615882592026422e-04 -3.648718754275951937e-01 7.756593645645969842e-03 9.999698218293691099e-01 -4.366755731292793082e-04 2.061510677074156195e-03 -7.313524402184684494e-04 4.423615669737393898e-04 9.999996347198594204e-01 1.731566956132129728e-02
9.999552781171183735e-01 -9.427625544048898187e-03 7.494279938611666430e-04 -4.150654438172768912e-01 9.427864475841648412e-03 9.999555067906512607e-01 -3.159279620873576698e-04 -2.190927855930625140e-02 -7.464161988790897007e-04 3.229793387545630686e-04 9.999996692735476644e-01 1.943833558161079181e-02
9.999400126808001277e-01 -1.090574714853877712e-02 1.017702831624423725e-03 -4.988298711375904748e-01 1.090621193678817553e-02 9.999404232188515707e-01 -4.522765678868514668e-04 -3.751285272888350147e-02 -1.012709786274966668e-03 4.633487197983724728e-04 9.999993798632340614e-01 1.857471175634014399e-02
9.999086453029201182e-01 -1.344561487788506655e-02 1.384373155893696330e-03 -6.198128921993416585e-01 1.344713172013439935e-02 9.999089866519000891e-01 -1.092273441815723488e-03 -4.214381058678952352e-02 -1.369560871417762303e-03 1.110789505683438746e-03 9.999984452236381216e-01 2.159150244989017919e-02
9.998610214426220111e-01 -1.659541153960411228e-02 1.590633693706624847e-03 -7.634185626955124482e-01 1.659720478727901363e-02 9.998616286285407773e-01 -1.120887831549881785e-03 -4.054706000656859571e-02 -1.571812000686633164e-03 1.147132125332065615e-03 9.999981067456685802e-01 1.711474796685381536e-02
9.998034576069977364e-01 -1.975141627492116650e-02 1.711055880769037302e-03 -9.274954046256455031e-01 1.975288436667902922e-02 9.998045353307388750e-01 -8.453941578515999184e-04 -4.937581377463039906e-02 -1.694023697869101929e-03 8.790262910185425802e-04 9.999981787965870339e-01 1.191979046155015182e-02
9.997497515224937903e-01 -2.230989927497132805e-02 1.643996670459485238e-03 -1.078894399254905156e+00 2.231130296443185196e-02 9.997507185976456379e-01 -8.404900478041375453e-04 -8.005171708737646163e-02 -1.624835604355880916e-03 8.769594242364543062e-04 9.999982954242607747e-01 8.871370946106882024e-03
9.997127004057320132e-01 -2.390862397600044750e-02 1.701278064660411218e-03 -1.213928121318994746e+00 2.390994498182600833e-02 9.997138271985940294e-01 -7.604202165206571306e-04 -8.996937537294717735e-02 -1.682610604130135206e-03 8.008792130257953550e-04 9.999982637055131462e-01 2.046448862884163184e-03
9.996677585040866232e-01 -2.571547442572885700e-02 1.756981068439558615e-03 -1.344896142573845044e+00 2.571729936453483883e-02 9.996687309966783008e-01 -1.024100037011716835e-03 -7.112393217382205479e-02 -1.730063816760998678e-03 1.068944596598335895e-03 9.999979321161815982e-01 7.857659099263414673e-03
9.996061948026427890e-01 -2.796773736018997453e-02 2.293682439260843423e-03 -1.507594544223759270e+00 2.797060147605577932e-02 9.996079940264620545e-01 -1.226267287361569504e-03 -6.295242683195938216e-02 -2.258487380616933365e-03 1.289940054351650404e-03 9.999966176389837313e-01 2.783711638095351382e-02
9.995534065012829927e-01 -2.973408814595984023e-02 2.978515369999302186e-03 -1.707230870107440568e+00 2.973646616406162499e-02 9.995574866274236081e-01 -7.573025429939946648e-04 -5.258680979885659024e-02 -2.954679636551110419e-03 8.455348581208533458e-04 9.999952774583733550e-01 3.749306118894139839e-02
9.994930012895977267e-01 -3.164184492801576376e-02 3.540342167615457680e-03 -1.937558988029298490e+00 3.164328973097087216e-02 9.994991634494131416e-01 -3.528157103008789080e-04 -5.587821168934614668e-02 -3.527405294862823344e-03 4.646649061473759335e-04 9.999936707291755544e-01 4.967578258355492132e-02
9.994299449637118471e-01 -3.362995192439270642e-02 2.968407552021537586e-03 -2.169004666642422308e+00 3.363039054846625464e-02 9.994343336285340662e-01 -9.795940806783734868e-05 -7.023216228287905427e-02 -2.963434053508689700e-03 1.977322710954173787e-04 9.999955894705533366e-01 6.165664555420982684e-02
9.994251266033155057e-01 -3.383542651107245003e-02 2.140146434394990353e-03 -2.352254872460621815e+00 3.383652511346768588e-02 9.994272659496171718e-01 -4.792126028842333863e-04 -1.166666099217596175e-01 -2.122706336851137507e-03 5.513522348813836189e-04 9.999975950613684272e-01 6.478791223485952377e-02
9.994071527538151978e-01 -3.436800535718381039e-02 2.045295157360173862e-03 -2.561958941949770807e+00 3.437271958667131172e-02 9.994063994905759696e-01 -2.316204977817197530e-03 -1.443342281540077598e-01 -1.964477724026885384e-03 2.385134178990417231e-03 9.999952259697143520e-01 5.765459276640684527e-02
9.993508329245220922e-01 -3.589601341632539522e-02 3.064139990116098930e-03 -2.801337998336755231e+00 3.590782715921934237e-02 9.993475284801066616e-01 -3.891692357581928458e-03 -1.421770157800263112e-01 -2.922444484959610834e-03 3.999192608192238263e-03 9.999877328131154819e-01 5.587247728361848659e-02
9.992872555441478788e-01 -3.742283543457426698e-02 4.950989303324502926e-03 -3.104461797505529308e+00 3.743798096426554506e-02 9.992944421100310448e-01 -3.002590435125857948e-03 -1.157030711444606841e-01 -4.835130646027248173e-03 3.185805398732172167e-03 9.999832359372817780e-01 4.937789053441128673e-02
9.992390528448430453e-01 -3.845522205388109127e-02 6.520058782542602349e-03 -3.386669713152154593e+00 3.846416396994386394e-02 9.992591964023930240e-01 -1.251597114506057323e-03 -1.210879817599288810e-01 -6.467098254579558073e-03 1.501433325347762337e-03 9.999779609262071656e-01 5.619740702544859245e-02
9.992369797729420133e-01 -3.852808361769570478e-02 6.406639290374276270e-03 -3.632139740839161579e+00 3.852776406315950447e-02 9.992575150336695522e-01 1.733350203930684931e-04 -1.481047891013934636e-01 -6.408560723176049204e-03 7.363072475085671181e-05 9.999794622530873145e-01 7.457781529534905640e-02
9.992855481099731652e-01 -3.744378722972564050e-02 5.133822790646946042e-03 -3.899216931823145771e+00 3.744367132262155229e-02 9.992987328033801075e-01 1.187242282244463777e-04 -1.675580068469457451e-01 -5.134668093871254738e-03 7.358976772636860561e-05 9.999868147971311405e-01 9.022958155015474435e-02
9.992891141292630230e-01 -3.748938010392501713e-02 3.976526395802272226e-03 -4.227222778924685898e+00 3.749470271766217055e-02 9.992960162270324576e-01 -1.272486108680145802e-03 -1.868073610135804474e-01 -3.926022270341575013e-03 1.420680191344318548e-03 9.999912839704787615e-01 1.055412241292569969e-01
9.992549376961680219e-01 -3.835644497611623294e-02 4.283995637457965397e-03 -4.585768393924979591e+00 3.836481975868911293e-02 9.992620117379263922e-01 -1.890106440309572561e-03 -2.039963374248037753e-01 -4.208336335286009915e-03 2.053052913728752905e-03 9.999890373794217968e-01 9.516013043658061443e-02
9.992338102411932876e-01 -3.881678327576940091e-02 5.004978220646420610e-03 -4.889455429912358930e+00 3.882546061664628873e-02 9.992446479801647685e-01 -1.648360064441497901e-03 -2.170431263174980308e-01 -4.937213664856364599e-03 1.841417692634176716e-03 9.999861164546779424e-01 8.853356580537054266e-02
9.991995974585051732e-01 -3.977515603287011536e-02 4.254574164607263266e-03 -5.219155456681985328e+00 3.978181141252044167e-02 9.992072776443282622e-01 -1.491235510909415512e-03 -2.218255025763308519e-01 -4.191887343424937837e-03 1.659296589273503899e-03 9.999898373560247578e-01 1.113690562215080837e-01
9.991552308983304709e-01 -4.105088282032731684e-02 1.910389535124057880e-03 -5.580016660713003063e+00 4.105281602800223140e-02 9.991564933052229369e-01 -9.839624897629317170e-04 -2.152270516843409198e-01 -1.868385579894692129e-03 1.061558138781646104e-03 9.999976911121559731e-01 1.264537348446202747e-01
9.990741728216948614e-01 -4.302050580470286045e-02 -1.824306819719572858e-04 -5.948597711413622591e+00 4.302023631664329828e-02 9.990733721073714602e-01 -1.287017197196107425e-03 -2.295619572119688145e-01 2.376297674162983393e-04 1.277977430646157209e-03 9.999991551525333477e-01 1.449221408978307035e-01
9.990247792194923981e-01 -4.415164539304767405e-02 3.503063388466922312e-04 -6.309512122459594252e+00 4.415227859094583013e-02 9.990226628585721080e-01 -2.072532314637073100e-03 -2.658180714872387385e-01 -2.584582596293713173e-04 2.085977961120499304e-03 9.999977909451969182e-01 1.517008870407894616e-01
9.990053829782908901e-01 -4.450054338925328590e-02 2.818939243650525877e-03 -6.703447279564548111e+00 4.450869769215053118e-02 9.990047901090036708e-01 -2.899166951768953043e-03 -3.233458729323832603e-01 -2.687119302703243947e-03 3.021750705578127305e-03 9.999918241728411594e-01 1.417026207137682126e-01
9.989730502512430554e-01 -4.509607217002224028e-02 4.380541811623591200e-03 -7.097372677449281575e+00 4.510913956675152714e-02 9.989777635216967600e-01 -2.931470064020416828e-03 -3.447349177565504075e-01 -4.243866076417693138e-03 3.126062063533201901e-03 9.999861085718643183e-01 1.378450889834969828e-01
9.989017025521930160e-01 -4.667641193623013607e-02 4.086711035692997852e-03 -7.473379713619413778e+00 4.668589495055907451e-02 9.989070702465919771e-01 -2.256595673891467497e-03 -3.257635768020383238e-01 -3.976914758360435877e-03 2.444909022727753591e-03 9.999891032250678435e-01 1.541382354856303261e-01
9.987845806425044159e-01 -4.914858672898119590e-02 3.711858472574579466e-03 -7.927034606926640414e+00 4.915602136012354323e-02 9.987892300494992659e-01 -1.938943313170039427e-03 -3.108204711281642996e-01 -3.612067942285558664e-03 2.119046878297757303e-03 9.999912312643085555e-01 1.895420870287848336e-01
9.987201900171795987e-01 -5.041587042338854796e-02 4.027662039071200697e-03 -8.372973466091508499e+00 5.042317093885923668e-02 9.987264409789794462e-01 -1.732028271069276874e-03 -3.416351609412899837e-01 -3.935210860863846104e-03 1.932899095477476478e-03 9.999903889620975761e-01 2.018213944323794251e-01
9.986984503032826366e-01 -5.072304914967683265e-02 5.345806466888393220e-03 -8.789063139593523033e+00 5.073701586836695115e-02 9.987088936854469079e-01 -2.510158234860206984e-03 -3.933218380233656220e-01 -5.211581582882334265e-03 2.778121406710646647e-03 9.999825605773605686e-01 1.981097760682853648e-01
9.986761593941065884e-01 -5.103515369031050991e-02 6.429754710993335586e-03 -9.174713951015586844e+00 5.106131522270072887e-02 9.986876196029643715e-01 -3.972472717703816845e-03 -4.541982475650261919e-01 -6.218580671274300496e-03 4.295525529116992099e-03 9.999714384495507202e-01 1.916297205536414139e-01
9.985694192597149854e-01 -5.308924097642264694e-02 6.375532280767125422e-03 -9.668843398717733351e+00 5.312044141883367349e-02 9.985764397646985646e-01 -4.828317546292698950e-03 -4.574318257089458051e-01 -6.110124612807519770e-03 5.160081337237366027e-03 9.999680194575270020e-01 2.056750664348701296e-01
9.984825013938092297e-01 -5.477750069008187339e-02 5.667435796709461605e-03 -1.016660430150456484e+01 5.480153384594010219e-02 9.984885349513391573e-01 -4.175818346224776691e-03 -4.551655933395535869e-01 -5.430128773245220669e-03 4.480065722337741793e-03 9.999752210493165760e-01 2.201355177973678412e-01
9.984211537410832005e-01 -5.596153178579640897e-02 4.848373181963456027e-03 -1.062511123218780007e+01 5.597947298073999850e-02 9.984252582205199733e-01 -3.647238967575150339e-03 -4.832929934575016517e-01 -4.636633166736954352e-03 3.912889913516087552e-03 9.999815952933343022e-01 2.416292451461654334e-01
9.984047161884104238e-01 -5.624391518705418314e-02 4.964342571886177363e-03 -1.108348822215081952e+01 5.626809351339685100e-02 9.984038040198983666e-01 -4.872963263149242101e-03 -5.338238720566127471e-01 -4.682343975746889805e-03 5.144523595808498696e-03 9.999758044732207640e-01 2.570142315788014886e-01
9.983643673151483267e-01 -5.693145307653343229e-02 5.234474760470759526e-03 -1.158335569725247005e+01 5.696387704419675346e-02 9.983565569220860247e-01 -6.269127752032145964e-03 -5.988976682578366351e-01 -4.868961646713536665e-03 6.557049738421818173e-03 9.999666485994473941e-01 2.561776885123653869e-01
9.982612055210080548e-01 -5.869358178971832707e-02 5.443253479060218038e-03 -1.212816554476602882e+01 5.872668920967150791e-02 9.982552404658919798e-01 -6.136029404652257324e-03 -6.215664298530991783e-01 -5.073610766929986630e-03 6.445024365954748861e-03 9.999663595015123585e-01 2.410099505202265568e-01
9.981244797740465025e-01 -6.101054374189240209e-02 5.023587175296041069e-03 -1.268141983127181582e+01 6.104149519884394248e-02 9.981156154101289424e-01 -6.257326773409214830e-03 -6.063692178457701365e-01 -4.632357896220642111e-03 6.552238302927092424e-03 9.999678041984866317e-01 2.619822553443882374e-01
9.980105720743690512e-01 -6.281844995390831188e-02 5.361004866524384307e-03 -1.324125785598667981e+01 6.285025312869274572e-02 9.980050192841435353e-01 -5.985579781069144678e-03 -6.049472731930535252e-01 -4.974304921275836573e-03 6.310612414386806285e-03 9.999677157096150681e-01 2.883953667029510171e-01
9.980115891234860870e-01 -6.282641966581387072e-02 5.070401087572988345e-03 -1.376281455671228038e+01 6.286277338328954967e-02 9.979950364400963503e-01 -7.360636079298927062e-03 -6.795884767490638634e-01 -4.597792706832944457e-03 7.664739584991275313e-03 9.999600552368675954e-01 3.199051343395700742e-01
9.980897534043751129e-01 -6.156987835739545500e-02 5.098453515450322368e-03 -1.426091251122783277e+01 6.161806352371480833e-02 9.980506518189782295e-01 -9.905082094572770571e-03 -7.825434696106204902e-01 -4.478660154681093214e-03 1.020031777780995401e-02 9.999379456348531647e-01 3.503371531997483412e-01
9.980777463467307431e-01 -6.171923023080330001e-02 5.616837824618870108e-03 -1.482291326777721885e+01 6.177447044741246618e-02 9.980374068521976616e-01 -1.025910935133344040e-02 -8.234566117375921035e-01 -4.972629925174020839e-03 1.058636592310838002e-02 9.999315985647064808e-01 3.251329123966987811e-01
9.979481075041058968e-01 -6.387869964317323401e-02 4.368805428358267171e-03 -1.546019934570221999e+01 6.392232806481536189e-02 9.978974411053155302e-01 -1.070668063582346299e-02 -7.913570400478204814e-01 -3.675690921134579323e-03 1.096397589201374666e-02 9.999331380291842652e-01 3.453378052796342579e-01
9.978344100335968525e-01 -6.569226899371818917e-02 3.319028074687739409e-03 -1.609557733087009268e+01 6.572382572108667609e-02 9.977824387048340737e-01 -1.051588060117581921e-02 -8.025480799486979233e-01 -2.620855869333478094e-03 1.071124673840218901e-02 9.999391983054876087e-01 3.819887638074658254e-01
9.978432499862576188e-01 -6.557892276028930156e-02 2.872863808627914000e-03 -1.666960858846226046e+01 6.560586331291200224e-02 9.977894712517244580e-01 -1.058497794856330144e-02 -8.568968141084039036e-01 -2.172361809280863500e-03 1.075062550757273187e-02 9.999398506387099372e-01 4.171907960768009849e-01
9.978929227497395082e-01 -6.475314020654519831e-02 4.092133841142443426e-03 -1.723555308551185306e+01 6.479276473860692831e-02 9.978441931594795866e-01 -1.043378241266528297e-02 -9.330978170476224021e-01 -3.407691815563481785e-03 1.067693829235741992e-02 9.999371933402574353e-01 4.032781094977490044e-01
9.978820283895238896e-01 -6.479229556577471849e-02 5.780644646283029410e-03 -1.784257996724490880e+01 6.484998543670385251e-02 9.978405866571908867e-01 -1.042319569481553639e-02 -1.008711727569154171e+00 -5.092819068905409322e-03 1.077599438336969591e-02 9.999289680467212671e-01 3.924289200370590369e-01
9.978074426230342242e-01 -6.582825773425195204e-02 6.851855934930317638e-03 -1.850493087384248270e+01 6.590312644294411826e-02 9.977615427509769486e-01 -1.134379708191957450e-02 -1.035853858107451231e+00 -6.089775950349853896e-03 1.177048388399335940e-02 9.999121813129446812e-01 4.186928637155525879e-01
9.977051917069027498e-01 -6.727684019708081442e-02 7.627398913716397326e-03 -1.919694424839539693e+01 6.737154839180460597e-02 9.976442197856558725e-01 -1.292614387823150073e-02 -1.028601989903351388e+00 -6.739800322208297154e-03 1.341035053108100700e-02 9.998873624515165481e-01 4.582831947814400841e-01
9.976462005542133804e-01 -6.811616344697339620e-02 7.889663935009207096e-03 -1.987652034937484657e+01 6.822351322447625654e-02 9.975683368434463683e-01 -1.424659856632585000e-02 -1.068113585921578679e+00 -6.900055293393587627e-03 1.475132552232285947e-02 9.998673850227751680e-01 4.676280924920104276e-01
9.976683002472532813e-01 -6.788126447343589831e-02 7.077896244217072967e-03 -2.053037360007582635e+01 6.798350908776923385e-02 9.975679833684557574e-01 -1.537403819123255022e-02 -1.122575281529970548e+00 -6.017073530351033442e-03 1.581937077382435455e-02 9.998567609085066143e-01 4.853982966554617473e-01
9.978536197309064715e-01 -6.523321765363397640e-02 5.725461071498943316e-03 -2.116675595788445463e+01 6.531497406191791311e-02 9.977444166542688286e-01 -1.549300482552759192e-02 -1.211188661663810784e+00 -4.701888260966995831e-03 1.583370928703857483e-02 9.998635836437863578e-01 4.943962491206828624e-01
9.979993657338016577e-01 -6.299073308780665792e-02 5.425268656065622419e-03 -2.188383998065749481e+01 6.306610316345588607e-02 9.978955703398084687e-01 -1.506974876914109196e-02 -1.270038286673931038e+00 -4.464597037374019514e-03 1.538175026612344405e-02 9.998717263389561571e-01 5.147800464285581246e-01
9.980555827356167864e-01 -6.212115773835389515e-02 5.100542276552072485e-03 -2.260872985828924797e+01 6.218315615519307005e-02 9.979792940711242899e-01 -1.306076934484715242e-02 -1.301286262558537299e+00 -4.278885467877854148e-03 1.335254157630590653e-02 9.999016955544208773e-01 5.348598120304267622e-01
9.980080520349191575e-01 -6.284009011172242420e-02 5.572355715199909902e-03 -2.336448184031405972e+01 6.290876569836863219e-02 9.979326429487045402e-01 -1.315018386644452308e-02 -1.318385146760319815e+00 -4.734476927166670311e-03 1.347453940452679293e-02 9.998980055565978020e-01 5.730277854161114348e-01
9.981166777045737959e-01 -6.105018999393416190e-02 5.997665353167598579e-03 -2.402524963800073365e+01 6.113076724490174030e-02 9.980270049294979184e-01 -1.432224589599866843e-02 -1.344644199654777106e+00 -5.111456155900715413e-03 1.466191437569945577e-02 9.998794433744530030e-01 5.846622687184391820e-01
9.982520044158994521e-01 -5.875075457107094279e-02 6.425302869820454302e-03 -2.471536987210191683e+01 5.884435054928142256e-02 9.981467746881295122e-01 -1.550350244679614756e-02 -1.384915346739535424e+00 -5.502552868661950494e-03 1.585449516743807699e-02 9.998591685307052224e-01 5.787592376713460718e-01
9.983740605848727689e-01 -5.659960177308257651e-02 6.761673639084372391e-03 -2.546889097021958293e+01 5.670318615665285999e-02 9.982586573706803135e-01 -1.626043247182821366e-02 -1.434837443935601531e+00 -5.829565245967509475e-03 1.661740243285278820e-02 9.998449270289005986e-01 5.805861025571913414e-01
