1.000000000000000000e+00 0.000000000000000000e+00 0.000000000000000000e+00 0.000000000000000000e+00 0.000000000000000000e+00 1.000000000000000000e+00 0.000000000000000000e+00 0.000000000000000000e+00 0.000000000000000000e+00 0.000000000000000000e+00 1.000000000000000000e+00 0.000000000000000000e+00
9.999996651915651347e-01 -6.338845539586943773e-04 -5.175008502100931400e-04 2.003306720810985736e-02 6.339835094750503278e-04 9.999997807773296499e-01 1.910764304132799799e-04 -4.855476038271797252e-03 5.173796163643102795e-04 -1.914044534444519076e-04 9.999998478413223424e-01 3.835004358988562765e-03
9.999967587611816588e-01 -2.501436132914770447e-03 -4.746413425462518189e-04 9.941613936285512154e-02 2.501508115345114913e-03 9.999968598044933765e-01 1.511234635750440436e-04 -1.689825581421942544e-03 4.742618263873228483e-04 -1.523102929180653021e-04 9.999998759386397040e-01 6.910456142000488342e-03
9.999860373489832810e-01 -5.278846551417044203e-03 -2.426647158921495630e-04 1.901671644132199301e-01 5.278822857559999429e-03 9.999860620980930426e-01 -9.817732619209303591e-05 -2.650536002276000780e-03 2.431795966949396579e-04 9.689497132737489389e-05 9.999999657375235884e-01 5.880910143749372258e-03
9.999648207866647098e-01 -8.382569282260703830e-03 -2.995351760441397398e-04 2.749800305234054165e-01 8.382564359151131045e-03 9.999648655337429748e-01 -1.768751147603429485e-05 -2.805482503621903496e-03 2.996729188259828142e-04 1.517601635227504523e-05 9.999999549829141632e-01 3.140108789493748984e-03
9.999308053626299042e-01 -1.175682687363134235e-02 -4.018814574446232879e-04 3.821665377002648745e-01 1.175686255422788221e-02 9.999308819584650232e-01 8.653697008563782241e-05 6.526061807704271189e-03 4.008362800098900667e-04 -9.125584724964284575e-05 9.999999155013199470e-01 8.242352580352383870e-03
9.998777637313632782e-01 -1.562802582457585576e-02 -4.715977041040492397e-04 5.280337638609380324e-01 1.562806023388948334e-02 9.998778720031907818e-01 6.936639504256482197e-05 1.306375869534932670e-02 4.704560490080642184e-04 -7.672807327916809450e-05 9.999998863919479231e-01 6.031656302460820102e-03
9.997831754623686118e-01 -2.081682608849539859e-02 -5.116776172001480730e-04 6.861721300226031328e-01 2.081684087840756855e-02 9.997833058113636540e-01 2.359542920833446571e-05 2.157084781808515581e-02 5.110755576877323066e-04 -3.424182467860437628e-05 9.999998688146273240e-01 9.475022490955054000e-03
9.996627068456248599e-01 -2.596295259286854687e-02 -6.305828563482084644e-04 8.455238851479401907e-01 2.596296162837595164e-02 9.996629054764976097e-01 6.145767867047093443e-06 3.364927016953110639e-02 6.302107280409400061e-04 -2.251549344449739403e-05 9.999998011637256656e-01 1.191612357549976832e-02
9.995144995784782660e-01 -3.114819972522567607e-02 -7.448397556898958202e-04 1.016257762453501412e+00 3.114818338005462608e-02 9.995147770530249387e-01 -3.353750638212901243e-05 5.630410103054429155e-02 7.455229752956922789e-04 1.032081860965974506e-05 9.999997220444484247e-01 1.056625536238157102e-02
9.993073295597507677e-01 -3.720431520360783367e-02 -8.366710167598758081e-04 1.220737309007768445e+00 3.720426973877417193e-02 9.993076790633759199e-01 -6.984392118429484826e-05 8.504623508397433918e-02 8.386902671567028015e-04 3.866780817451053679e-05 9.999996475516560457e-01 1.299409690984065086e-02
9.990893506443596639e-01 -4.265728875275360404e-02 -9.083750855489694954e-04 1.427859054799248018e+00 4.265740599586135412e-02 9.990897525228914500e-01 1.100792980921812026e-04 9.688925770189076025e-02 9.028525550146616115e-04 -1.487279792710918976e-04 9.999995813685383927e-01 1.435484156022623185e-02
9.988715588622977259e-01 -4.748316743411686719e-02 -9.786247630402427396e-04 1.655695472844923577e+00 4.748356909707574652e-02 9.988719424951023607e-01 3.913589964638505771e-04 1.202953870901991434e-01 9.589378532758755045e-04 -4.373859674285616723e-04 9.999994445657002240e-01 1.677643122863873085e-02
9.985847836943920752e-01 -5.317263064147507295e-02 -1.049344885839851357e-03 1.918849792335897808e+00 5.317392805068985734e-02 9.985844837866785229e-01 1.249846451710018335e-03 1.417582625990073952e-01 9.814018974052441009e-04 -1.303875438092059720e-03 9.999986683786922237e-01 2.412554206849293337e-02
9.983450426126608823e-01 -5.749770364752738311e-02 -1.090855620798418914e-03 2.178619641908669635e+00 5.750331883007592931e-02 9.983266168960357456e-01 6.110181702902516693e-03 1.564548227808629788e-01 7.377087846476774579e-04 -6.162797431115665109e-03 9.999807376712673834e-01 3.014292900625174451e-02
9.981586955457959487e-01 -6.064048122925114886e-02 -1.396618272753942340e-03 2.469367092364797678e+00 6.065061243968711963e-02 9.981186765279779216e-01 8.978350445854764092e-03 1.931278689027124962e-01 8.495392903344608582e-04 -9.046524322774392515e-03 9.999587184882542390e-01 1.130889684377574603e-02
9.979863747966758458e-01 -6.340946103007129298e-02 -1.560760091978108301e-03 2.750897279135219531e+00 6.342403221442317884e-02 9.979087468971910013e-01 1.247096643175278456e-02 2.126132163307987433e-01 7.667188876314634484e-04 -1.254484427778860232e-02 9.999210163928915485e-01 -3.455814355724325625e-03
9.978444197961712225e-01 -6.560230531667381182e-02 -1.688614455777117610e-03 3.028072946277299948e+00 6.561768544064604247e-02 9.977754368996095691e-01 1.176846962037180616e-02 2.139537585971678091e-01 9.128192892223784037e-04 -1.185390471241848376e-02 9.999293233544129800e-01 5.027042784871697811e-03
9.976697663176279374e-01 -6.819640116565270360e-02 -2.070807519527810558e-03 3.322911237543170859e+00 6.821165903788739548e-02 9.976345798595417369e-01 8.509679181648972801e-03 2.287870765222270730e-01 1.485579694451370216e-03 -8.631102857048839755e-03 9.999616478227765226e-01 1.991117153125084027e-02
9.974890819121986496e-01 -7.078852190661713562e-02 -2.125236983348239607e-03 3.638004582857405467e+00 7.079474434455021448e-02 9.974863591736028434e-01 3.011218321535160444e-03 2.553039596884354445e-01 1.906735206781527995e-03 -3.154113007893020928e-03 9.999932079429263432e-01 3.763701068978813485e-02
9.973073715425124774e-01 -7.331293676128404491e-02 -1.794427597014523019e-03 3.984291298130867354e+00 7.331546304451926066e-02 9.973078384864993984e-01 1.384980849726922137e-03 2.810377749064230102e-01 1.688059694647457828e-03 -1.512810901052855875e-03 9.999974309255224014e-01 5.101151248084104944e-02
9.972639322383156646e-01 -7.389733285711976019e-02 -1.957971699534658688e-03 4.341685402730713683e+00 7.390336800524748007e-02 9.972602290636870537e-01 3.213677849968231501e-03 3.254136247017492267e-01 1.715125083803495029e-03 -3.349585712661063818e-03 9.999929192856820137e-01 3.368804236809312680e-02
9.971519057381058593e-01 -7.537880910800338896e-02 -2.472250052670825222e-03 4.709613927420117641e+00 7.539141800117125924e-02 9.971389565149042511e-01 5.480464591663119535e-03 3.716251864572587271e-01 2.052065943485957816e-03 -5.651242149031413843e-03 9.999819260804350129e-01 4.939533557173131709e-03
9.970288678511529668e-01 -7.696081778246237348e-02 -3.235613960709116024e-03 5.068347972571945803e+00 7.697698816885094331e-02 9.970192489957656612e-01 5.211566402921957893e-03 3.981216388804196815e-01 2.824882988849938045e-03 -5.445149968008859524e-03 9.999811850119607604e-01 -4.688805085271332412e-03
9.970235100799008654e-01 -7.699103928598792501e-02 -4.062045989059371968e-03 5.445641702649592908e+00 7.700074195505414443e-02 9.970284087116080274e-01 2.288659076826034863e-03 4.003770472029365424e-01 3.873769007689088946e-03 -2.594627461166441797e-03 9.999891308519371913e-01 4.508126470610529166e-03
9.970458316361580087e-01 -7.672612577727905281e-02 -3.565282621500626050e-03 5.858589779522333174e+00 7.672846907465979971e-02 9.970518875270639736e-01 5.249877883811868108e-04 4.101408215596657469e-01 3.514491488251767371e-03 -7.969955634315805748e-04 9.999935065527429945e-01 4.268407823519172750e-02
9.970833057169560254e-01 -7.628958495971203957e-02 -2.186478269272197801e-03 6.301841238253699906e+00 7.629147917722618744e-02 9.970852401343094362e-01 7.963110304756322849e-04 4.601501924973908642e-01 2.119354972151892350e-03 -9.607980959971565253e-04 9.999972925970953552e-01 7.624059650265717358e-02
9.970694175071183052e-01 -7.649048865476328063e-02 1.334847321339404204e-03 6.743284292998383833e+00 7.648973235627183620e-02 9.970701831924702052e-01 6.087960248652811565e-04 5.151606749474402225e-01 -1.377503568654880753e-03 -5.049097835473375815e-04 9.999989237744353332e-01 1.099725335822850092e-02
9.971344673327201535e-01 -7.560610168049110291e-02 2.563483132702857031e-03 7.170152533501807035e+00 7.560433828551958724e-02 9.971375926126498923e-01 7.780945044316786184e-04 5.462196758448957246e-01 -2.614974091865553737e-03 -5.820544032569084777e-04 9.999964115551468469e-01 -1.572536734840998540e-02
9.972119030585068211e-01 -7.461243973846329314e-02 1.185004095103790430e-03 7.625428313353793897e+00 7.461537921707200871e-02 9.972088184957967893e-01 -2.667864035038383045e-03 5.598572747708536745e-01 -9.826406890464168317e-04 2.748845301411925127e-03 9.999957391243150528e-01 5.137065058501168874e-03
9.972864165374488721e-01 -7.360220857687010954e-02 1.586909733068736636e-03 8.085021970403607483e+00 7.361032120670693568e-02 9.972698145111442702e-01 -5.868362357021286030e-03 5.760408582856977322e-01 -1.150652744937254732e-03 5.969251001154255581e-03 9.999815218496518332e-01 5.797750475384640806e-02
9.973640559726595356e-01 -7.248911428418136627e-02 3.204397612727802845e-03 8.539821283774708505e+00 7.251111085730721495e-02 9.973402664282445818e-01 -7.384562483814108465e-03 6.054767344308268351e-01 -2.660574374992098756e-03 7.597451620967772719e-03 9.999675995115352434e-01 7.378931505392308243e-02
9.974850868735211096e-01 -7.085426589037231715e-02 1.781704257277235163e-03 9.002589456191246953e+00 7.086410871577235315e-02 9.974663673451107382e-01 -6.254926959421627276e-03 6.548708861067541465e-01 -1.334001815281924243e-03 6.365455245693259038e-03 9.999788504856850224e-01 5.406020360110091322e-02
9.976216120394028053e-01 -6.891694214982373168e-02 -1.254701805668542508e-03 9.475942948397252152e+00 6.891550866216576698e-02 9.976218349257592877e-01 -1.152017880082226034e-03 6.889764918759611056e-01 1.331111467252903960e-03 1.062809521468860126e-03 9.999985492880391069e-01 2.613468691505054300e-02
9.977518941448504375e-01 -6.698315728291302784e-02 -2.101040403162471489e-03 9.954193692595655563e+00 6.698855411726324649e-02 9.977503224490060774e-01 2.612981091171547639e-03 7.284109499485400541e-01 1.921288016326524279e-03 -2.747852491830895302e-03 9.999943789637226743e-01 1.355972427387849497e-02
9.978363426102523359e-01 -6.573854320091171433e-02 1.037932568599225086e-03 1.045635979345023969e+01 6.573677014445944433e-02 9.978356204130244267e-01 1.658820644031284552e-03 7.713622309366982011e-01 -1.144734541105306511e-03 -1.587001189799104595e-03 9.999980855031943561e-01 1.523541823503587328e-02
9.979662761967392770e-01 -6.374012531860388797e-02 7.127400522415400968e-04 1.097278017947019002e+01 6.374071901905030424e-02 9.979661360501022038e-01 -8.438223529106428063e-04 8.192082529599864493e-01 -6.575050934224741439e-04 8.875368147093562607e-04 9.999993899825412313e-01 3.715069713427261722e-02
9.980995078418832822e-01 -6.151577308035307418e-02 -3.630717300597465207e-03 1.149384624047496750e+01 6.151611694801754210e-02 9.981060900860525553e-01 -1.699325144282885672e-05 8.526498908080748507e-01 3.624886402106777903e-03 -2.063866741670233667e-04 9.999934087798342253e-01 5.860080577651757827e-02
9.982024018843839164e-01 -5.943455345033015619e-02 -7.713541884682543343e-03 1.198908552675284866e+01 5.944565607358349296e-02 9.982308002340414266e-01 1.217964731187046656e-03 8.598734883042816746e-01 7.627505898269097695e-03 -1.674311878067397596e-03 9.999695084518861465e-01 5.327820301383600493e-02
9.983177042667393808e-01 -5.757075253436479134e-02 -6.882572209135437262e-03 1.253808218346834558e+01 5.758243357529134465e-02 9.983396115334026710e-01 1.511087979529734601e-03 8.714077288329045157e-01 6.784149993491706172e-03 -1.904861139728878088e-03 9.999751730982645581e-01 4.373958899677594936e-02
9.984773834381438506e-01 -5.499064951871698859e-02 -4.352381879791723633e-03 1.309202975344305031e+01 5.499971490330246571e-02 9.984843846426638692e-01 1.991227088102016495e-03 9.258056362366134939e-01 4.236286472059726076e-03 -2.227574975298100054e-03 9.999885458277290029e-01 6.141913224923635506e-02
9.985870866469852558e-01 -5.310014600150272240e-02 -2.050579553536913645e-03 1.365892354544133624e+01 5.311041271240305589e-02 9.985744361185238116e-01 5.327249955682850611e-03 9.678756279476219415e-01 1.764778570956039875e-03 -5.428630139473579648e-03 9.999837076329815000e-01 7.205837928514616242e-02
9.986632706232000389e-01 -5.168734376662694613e-02 3.006701244033854943e-04 1.423514713653765540e+01 5.168512050394651752e-02 9.986502085109745241e-01 5.139003743878038655e-03 9.956525579460652198e-01 -5.658857355562685841e-04 -5.116594114994385892e-03 9.999867500312175084e-01 3.919286475452104374e-02
9.987264369597741442e-01 -5.024294057830506338e-02 -4.599025948960270248e-03 1.481058326165921457e+01 5.022146811873568623e-02 9.987271823934817938e-01 -4.671112113386762486e-03 1.014527704299354349e+00 4.827862636107091952e-03 4.434193322569455857e-03 9.999785146051614060e-01 5.650949303034601134e-02
9.985775519919578569e-01 -4.811536045446213744e-02 -2.297356624657798108e-02 1.536937477462003976e+01 4.776336236499580806e-02 9.987363423695915232e-01 -1.563264679445095992e-02 1.044001224077740986e+00 2.369670595966510279e-02 1.451311539770622390e-02 9.996138432455374812e-01 1.472355494026748590e-01
9.976124774605116263e-01 -4.621917404661197298e-02 -5.131406011561617103e-02 1.593341309212654089e+01 4.540992586959560068e-02 9.988267151033559665e-01 -1.682652157628648434e-02 1.061807567435661515e+00 5.203156203323048429e-02 1.445618021084381019e-02 9.985408030752142006e-01 2.011641382461884509e-01
9.961880764424502210e-01 -4.378791660509951528e-02 -7.544491177856771369e-02 1.649161711058254554e+01 4.347053936769488397e-02 9.990376135380021339e-01 -5.844565285384373601e-03 1.082141490661417516e+00 7.562822595415485960e-02 2.542655241726884605e-03 9.971328428766896845e-01 1.735413782083736201e-01
9.949956591880261270e-01 -4.166859132212761413e-02 -9.081501359475140089e-02 1.707510474166441128e+01 4.171617139000934754e-02 9.991285555116733441e-01 -1.374992987809237847e-03 1.084478037907533610e+00 9.079316737257674130e-02 -2.420342617620511831e-03 9.958668298020918463e-01 1.182585435097998211e-01
9.945055373706223056e-01 -4.132217457237782193e-02 -9.618323153117595836e-02 1.767073813989431486e+01 4.017606599884563506e-02 9.990969965470922753e-01 -1.382299574751554710e-02 1.120398271923154887e+00 9.666757398438356741e-02 9.882781955975999955e-03 9.952676578492763992e-01 1.618088536591949511e-01
9.949486552934249106e-01 -4.059572034172199972e-02 -9.181046138508536236e-02 1.826277313659473123e+01 3.859579483780230247e-02 9.989795811232223821e-01 -2.345551363133051639e-02 1.151960669196512299e+00 9.266896972905130925e-02 1.979353401512616920e-02 9.955002149977408843e-01 2.965169268416326109e-01
9.957366086697688745e-01 -3.875483014517586838e-02 -8.370584982691595122e-02 1.887807402447750249e+01 3.740888084712804679e-02 9.991452340488999884e-01 -1.758911342660944566e-02 1.204378795903588983e+00 8.431596401982849320e-02 1.438278199053729528e-02 9.963352617435657921e-01 4.088764749876404592e-01
9.960652718523614890e-01 -3.688353077168081418e-02 -8.058274857248132195e-02 1.949473262762181136e+01 3.626889684409205505e-02 9.993008313766816864e-01 -9.078300038304679825e-03 1.235219383234144042e+00 8.086124740191605320e-02 6.119932000222523191e-03 9.967065792403092539e-01 4.046533172330757377e-01
9.958854507682080026e-01 -3.724876587297674957e-02 -8.261173275717716147e-02 2.012224490233208485e+01 3.623598982281338310e-02 9.992489982508451218e-01 -1.372561606062026526e-02 1.232564660928455735e+00 8.306095346048021633e-02 1.067562343016811854e-02 9.964872849538086719e-01 4.005321082183461723e-01
9.953765765381461517e-01 -3.756206383694899592e-02 -8.840001266690537818e-02 2.074522346404079087e+01 3.570088835632347773e-02 9.991082479905424307e-01 -2.254230174223966279e-02 1.209383640474912092e+00 8.916791715504736315e-02 1.928212015256163328e-02 9.958299465233272363e-01 5.145776276887599199e-01
9.947310828928495052e-01 -3.513231956502752690e-02 -9.631091759919882533e-02 2.133490618375345704e+01 3.303783388845448615e-02 9.991834806207054998e-01 -2.325668907327839083e-02 1.241106622775804302e+00 9.704933930108833318e-02 1.995224740907755936e-02 9.950795614243863607e-01 6.294489261909679279e-01
9.943383196385531253e-01 -3.206961371934530930e-02 -1.013057055366107934e-01 2.195156538530304147e+01 3.056694712736914357e-02 9.993989722412742749e-01 -1.635102523994579754e-02 1.308413006709835624e+00 1.017691890588263287e-01 1.316184481661686334e-02 9.947209648938400983e-01 6.525899210424098706e-01
9.944433973959100337e-01 -2.971886210182944979e-02 -1.009906857638500216e-01 2.257722541066441835e+01 2.868186245556602135e-02 9.995200550785060534e-01 -1.170513827086982345e-02 1.324989606878975712e+00 1.012900791872542866e-01 8.743496510700641405e-03 9.948185116527572536e-01 6.431169584335977296e-01
9.948843712386202798e-01 -2.729314829567462339e-02 -9.726341512226235886e-02 2.322482622543821407e+01 2.605372691005515204e-02 9.995626387099086907e-01 -1.399051855296176705e-02 1.312316541758808297e+00 9.760272116714516222e-02 1.138487379793086743e-02 9.951603355587348432e-01 7.039037479913596851e-01
9.955603168667372938e-01 -2.649381140205058632e-02 -9.032017181999973943e-02 2.383481735278980196e+01 2.468667717734140260e-02 9.994732350254377229e-01 -2.106704625067077827e-02 1.311252426381942948e+00 9.083074066715207673e-02 1.874381031644166765e-02 9.956899347310275150e-01 8.411835015887898503e-01
9.962130713413992478e-01 -2.587046890997285811e-02 -8.300744139481854023e-02 2.446770076363437951e+01 2.389883656960037003e-02 9.994102166161422662e-01 -2.465896457467703362e-02 1.329641325132756124e+00 8.359642396152862365e-02 2.258180155908232067e-02 9.962437955335985418e-01 9.498257895810373608e-01
9.964405929350407254e-01 -2.370894988596405212e-02 -8.089518185015227847e-02 2.510891737539363078e+01 2.217725573116067356e-02 9.995583496659026235e-01 -1.978067090398698963e-02 1.363356267206766281e+00 8.132843340123467601e-02 1.791623030891213025e-02 9.965263140590011615e-01 9.896836344902382177e-01
9.963609824054697750e-01 -2.105038806262696585e-02 -8.259342529777942421e-02 2.576022295496316872e+01 2.008540872695529708e-02 9.997201600483416328e-01 -1.249711763524966913e-02 1.381004308069067266e+00 8.283338153352311217e-02 1.079271769902893398e-02 9.965049664444181055e-01 1.001130201852417523e+00
9.963533489441757096e-01 -1.941619731099188464e-02 -8.308438679864207921e-02 2.639193364661512575e+01 1.865243295961445044e-02 9.997764269497495526e-01 -9.959059206533690464e-03 1.378309000600258960e+00 8.325917842744323671e-02 8.373016038010818937e-03 9.964927505054989032e-01 1.006051799621886955e+00
9.965221038148256438e-01 -1.933875635819238756e-02 -8.105374211590908595e-02 2.703302083290455116e+01 1.839807572416975526e-02 9.997546302903216331e-01 -1.233653203741294849e-02 1.377279368093634160e+00 8.127242717011433359e-02 1.080239397452592565e-02 9.966333833794137620e-01 1.094124366704295914e+00
9.965561381077734371e-01 -1.936071194191466699e-02 -8.062894289783627266e-02 2.767277222290069005e+01 1.822871650602652521e-02 9.997250064850119466e-01 -1.475212876454306057e-02 1.386846508459846028e+00 8.089238217695939037e-02 1.323156232819637512e-02 9.966350125618163025e-01 1.221651633679375903e+00
9.964399517769938486e-01 -1.945314724733362977e-02 -8.203046729621657485e-02 2.831338168057328986e+01 1.828127164949400890e-02 9.997201650117405469e-01 -1.501288699003820379e-02 1.433086964573128341e+00 8.229956020258860638e-02 1.345981913221005674e-02 9.965167412840532091e-01 1.282915086878494204e+00
9.959878785081300867e-01 -1.993138303256200908e-02 -8.724039107708991825e-02 2.893445636053362335e+01 1.894151545322271188e-02 9.997466487223761744e-01 -1.215966120881167671e-02 1.462481742789637051e+00 8.746064747764914493e-02 1.045840995501005379e-02 9.961130743063275617e-01 1.302676229775563410e+00
9.952832209718681655e-01 -2.047683642114099187e-02 -9.482620535508827497e-02 2.956712548814547503e+01 1.962649444575649202e-02 9.997584506912686741e-01 -9.891460315079782933e-03 1.456133703720582373e+00 9.500584596557322403e-02 7.983698489794213010e-03 9.954446995141366106e-01 1.321771080307250879e+00
9.951730803682700133e-01 -1.991642639994056427e-02 -9.609305942566581660e-02 3.021185720361983940e+01 1.884731625691620990e-02 9.997501092660935340e-01 -1.202071929402937119e-02 1.439216303836598820e+00 9.630845643161650704e-02 1.015159996699134017e-02 9.952997670239200900e-01 1.377897816032362721e+00
9.954509588516073926e-01 -1.934174708586241034e-02 -9.329140014536209391e-02 3.084569927065883377e+01 1.805194067190548854e-02 9.997297192845943092e-01 -1.464977191373138810e-02 1.447100415649954508e+00 9.354953746221057742e-02 1.289903867785818434e-02 9.955310637251826300e-01 1.494257175510697255e+00
9.957112690887910400e-01 -1.965365139884894807e-02 -9.040355411310786737e-02 3.149573706752693880e+01 1.849383948369333341e-02 9.997358039607588953e-01 -1.364918239626107879e-02 1.493717243571928588e+00 9.064792612487328205e-02 1.191873590728230459e-02 9.958116775895088368e-01 1.593141336466856739e+00
9.961516221113738689e-01 -2.039997583141907669e-02 -8.523958441332342428e-02 3.213357619367728546e+01 1.980803871395396196e-02 9.997734961374787899e-01 -7.784473222326882685e-03 1.529840271069294211e+00 8.537908038380991049e-02 6.066086639683020143e-03 9.963300734323413677e-01 1.596731829449206774e+00
9.963493148940696376e-01 -2.089048218714843058e-02 -8.277457619406114464e-02 3.276171963241797869e+01 2.055061350998309277e-02 9.997765306052791567e-01 -4.955919211865554216e-03 1.540410388750291126e+00 8.285961015163720300e-02 3.236758387595805014e-03 9.965559735412050646e-01 1.614678969809519860e+00
9.960057979940830641e-01 -2.165773979454957421e-02 -8.662212574834148027e-02 3.339890999993696852e+01 2.063811049110839124e-02 9.997069878740594273e-01 -1.264937908088473693e-02 1.542936786635743962e+00 8.687070137581888452e-02 1.081113790341730642e-02 9.961609310446312149e-01 1.693451705849279065e+00
9.957099264963004126e-01 -2.276451133992091896e-02 -8.968566942486728977e-02 3.402170073750833268e+01 2.094519411470662645e-02 9.995563653142930383e-01 -2.117478224626509475e-02 1.533325117083008449e+00 9.012791532166504471e-02 1.920545711859253379e-02 9.957450021449451016e-01 1.828697412035782843e+00
9.957256799729724550e-01 -2.346571956940918940e-02 -8.932933587266601860e-02 3.467022919873210185e+01 2.164307148905198624e-02 9.995384526577445472e-01 -2.131804669948949779e-02 1.542297522148702749e+00 8.978834946072632162e-02 1.929356534318311597e-02 9.957739756779481199e-01 1.916802850422399951e+00
9.957614193776381795e-01 -2.543692215935197329e-02 -8.838641677367922722e-02 3.529774075279583911e+01 2.420217153347338154e-02 9.995943382894467710e-01 -1.501378542364725267e-02 1.584181378365144166e+00 8.873246627979966550e-02 1.281100506369662988e-02 9.959731058503347167e-01 1.918312990693360698e+00
9.956634435528294302e-01 -2.790614705122258440e-02 -8.874431885634781469e-02 3.590803747051760553e+01 2.701928645330559445e-02 9.995723993839917831e-01 -1.117929109040129501e-02 1.625256606040115459e+00 8.901834267203476148e-02 8.733003291265268447e-03 9.959917014320144313e-01 1.893379917500831011e+00
9.956450923001745057e-01 -3.046369127570117477e-02 -8.810683113377572317e-02 3.654249253595509117e+01 2.940970028875649137e-02 9.994797978690975748e-01 -1.323643382763659525e-02 1.630680947022048910e+00 8.846422840618924088e-02 1.058759488300596747e-02 9.960230836316450453e-01 1.972235200673762012e+00
9.957385260337920929e-01 -3.289206408607238397e-02 -8.615625277487946876e-02 3.718314081535451976e+01 3.151204177705509146e-02 9.993531329252323125e-01 -1.732936627704829979e-02 1.630305761892630212e+00 8.667051975782973094e-02 1.454055819701125657e-02 9.961309116638369376e-01 2.097417509251687129e+00
9.958308199291520113e-01 -3.442195050410427198e-02 -8.447548403368701497e-02 3.780867798837194727e+01 3.292707693874902947e-02 9.992766427619643732e-01 -1.902626696562243272e-02 1.651917163429483582e+00 8.506929930064321965e-02 1.616541227035145009e-02 9.962438927103277608e-01 2.198583957572143976e+00
9.957855518602154454e-01 -3.597214504394539991e-02 -8.436314057325965121e-02 3.840586090152803678e+01 3.463887373609875198e-02 9.992516114789702364e-01 -1.721526598620503820e-02 1.706115938095003060e+00 8.491927421228247230e-02 1.422046896619568943e-02 9.962863519739897367e-01 2.224757878384474363e+00
9.956231095490560845e-01 -3.750115653827497397e-02 -8.560541449090738886e-02 3.902337617526019642e+01 3.631796232424068516e-02 9.992225763887285783e-01 -1.533781104611806230e-02 1.732352869875318779e+00 8.611404847342443714e-02 1.216166490918014521e-02 9.962110542260377288e-01 2.231357513040031382e+00
9.954353046061897858e-01 -3.925021468796716095e-02 -8.699410894152947993e-02 3.965308494608817824e+01 3.820469770356178796e-02 9.991766807843807108e-01 -1.365143399380249270e-02 1.747398429224564786e+00 8.745830673504759178e-02 1.026553572183022331e-02 9.961152861789553947e-01 2.284292277795270998e+00
9.951982401873354922e-01 -4.066314507250053112e-02 -8.903354065094426506e-02 4.027301393929751328e+01 3.966729731050937235e-02 9.991293230272074721e-01 -1.292677033422711189e-02 1.782996603370511801e+00 8.948166433471285708e-02 9.332979160320348938e-03 9.959447410614119534e-01 2.374735742261043558e+00
9.948810581181536383e-01 -4.242701205906901363e-02 -9.171493251070149400e-02 4.088560746702067661e+01 4.150642252798025789e-02 9.990670993760922824e-01 -1.192257661624302086e-02 1.818795975400093745e+00 9.213521089481312154e-02 8.054786898548242299e-03 9.957139264474447193e-01 2.448414880226283064e+00
9.943572112013890907e-01 -4.465186963312546553e-02 -9.622861876833957440e-02 4.148535478027812218e+01 4.360616070966644164e-02 9.989649463139094188e-01 -1.294367738360547443e-02 1.837110349837992818e+00 9.670697637688197013e-02 8.674478330970993023e-03 9.952750947078534693e-01 2.491756873791829197e+00
9.939396206258824806e-01 -4.670995739102336286e-02 -9.950985092243695707e-02 4.207641805746199992e+01 4.527617709027401127e-02 9.988362514294379935e-01 -1.661958538828872331e-02 1.849383750589550957e+00 1.001703466010125804e-01 1.201343876320412965e-02 9.948977731158693549e-01 2.542890020310542898e+00
9.940087815070949295e-01 -4.800989026860252168e-02 -9.819161228525138951e-02 4.267967496111187131e+01 4.624356627954057802e-02 9.987261913816927184e-01 -2.018730358339795167e-02 1.878997016128763686e+00 9.903572519313486033e-02 1.552562670603923473e-02 9.949627530972476874e-01 2.632230235691535913e+00
9.944298871499615000e-01 -4.888567694054905127e-02 -9.337767470321302332e-02 4.328778374284576813e+01 4.734982882440296609e-02 9.987052834362462050e-01 -1.859436868589135761e-02 1.912940488820618068e+00 9.416577538158189820e-02 1.406937904071780404e-02 9.954571107386767093e-01 2.710191486454433640e+00
9.945472029240043366e-01 -4.889331720588476621e-02 -9.211571358158236744e-02 4.388470677287042321e+01 4.792101115356810909e-02 9.987698902321370253e-01 -1.273903668667916537e-02 1.958376243543658024e+00 9.262525490415120244e-02 8.255295166721144870e-03 9.956668178942448266e-01 2.749314574078218332e+00
9.941526088528015448e-01 -4.802277529834142467e-02 -9.671816460114228409e-02 4.448127073426384470e+01 4.769636279271459445e-02 9.988457005344419937e-01 -5.685375995095436064e-03 2.000031046247739752e+00 9.687955040933247941e-02 1.039026710371651879e-03 9.952955707406623276e-01 2.781061825122914666e+00
9.940037491346320753e-01 -4.737696887607163038e-02 -9.854932534731566940e-02 4.509228481168574376e+01 4.693129972194354932e-02 9.988747220450289177e-01 -6.836868133540952019e-03 2.021591841091241903e+00 9.876234005279763140e-02 2.170824631808601548e-03 9.951086813548123411e-01 2.801209490779933642e+00
9.944832712402411623e-01 -4.676477436038692370e-02 -9.389397798757352642e-02 4.568412477881779665e+01 4.558509901092455685e-02 9.988527244233207369e-01 -1.467084388417440322e-02 2.016240365814214286e+00 9.447233442375101153e-02 1.030974253469553806e-02 9.954741017411730120e-01 2.891302050988882488e+00
9.953932984342943602e-01 -4.540958761373883878e-02 -8.444022018473237856e-02 4.627514052402032974e+01 4.386694376549760133e-02 9.988364374479643537e-01 -2.003652841520738373e-02 2.045658578346583045e+00 8.525181919918531359e-02 1.624009171799585191e-02 9.962270758939553161e-01 3.012804491028333587e+00
9.963030412638809175e-01 -4.359092525437482241e-02 -7.402757056535781699e-02 4.686348931768552006e+01 4.237337633730908076e-02 9.989407719605301050e-01 -1.793965140901718561e-02 2.100690493630274602e+00 7.473116449058116173e-02 1.473653115111507941e-02 9.970948238274601749e-01 3.081203732864530753e+00
9.970661677188124017e-01 -4.203681261967683047e-02 -6.396845765921861660e-02 4.747259271771204681e+01 4.125010591517255798e-02 9.990566923536099431e-01 -1.357034360107794296e-02 2.138760105287669688e+00 6.447856971512404278e-02 1.089182483528129339e-02 9.978596505517444148e-01 3.090357042703902213e+00
9.977598392584511311e-01 -4.112236737496041683e-02 -5.276603134999342110e-02 4.807982209508326576e+01 4.060745988206519719e-02 9.991168715455227556e-01 -1.079403515900049376e-02 2.152503521686647936e+00 5.316330844554505858e-02 8.627160284013751790e-03 9.985485640371016824e-01 3.070994300464451765e+00
9.984461133667670296e-01 -4.037480650410407018e-02 -3.840877116692491267e-02 4.870729403241058009e+01 3.994068308878850199e-02 9.991299445672213730e-01 -1.200398698358201219e-02 2.155030517683925950e+00 3.886001205864468566e-02 1.045126159165477714e-02 9.991900072528471233e-01 3.099004041633750095e+00
9.990605260565665890e-01 -4.007540351516771654e-02 -1.649325039745041729e-02 4.933860638117923259e+01 3.981788435701748979e-02 9.990842831888325781e-01 -1.565666536615785073e-02 2.175742169963852835e+00 1.710559443304140656e-02 1.498523000000827506e-02 9.997413873202104506e-01 3.132627795633401213e+00
9.991744174864914951e-01 -3.958297926192601984e-02 9.147195924455968699e-03 4.995516868372967423e+01 3.977893388852769135e-02 9.989587877792023285e-01 -2.233778720909408710e-02 2.213010455565949997e+00 -8.253475584418508079e-03 2.268321122452812699e-02 9.997086335874671992e-01 3.179291439897453220e+00
9.989245487125812950e-01 -3.890992377077688580e-02 2.521435724975339826e-02 5.056869594318479955e+01 3.961435253767896236e-02 9.988207575837929619e-01 -2.806772688976544652e-02 2.239318389047713076e+00 -2.409251029648733222e-02 2.903639185384964197e-02 9.992879659516186175e-01 3.225543123906245313e+00
9.987943578700982927e-01 -3.864020182628819661e-02 3.027813550537314380e-02 5.118965491353471009e+01 3.943263813454472161e-02 9.988832086947535549e-01 -2.602695597689867399e-02 2.259405447180431015e+00 -2.923863431503039012e-02 2.718952354303191474e-02 9.992025981115615352e-01 3.271474166864907218e+00
9.989278994136784329e-01 -3.860193107230290577e-02 2.555274330605251942e-02 5.180765153688230384e+01 3.910435348137202005e-02 9.990455583598225608e-01 -1.946334658568229375e-02 2.282605333686007487e+00 -2.477703194048360563e-02 2.044170342705464716e-02 9.994839845886579477e-01 3.220358093422015067e+00
9.991502238706441164e-01 -3.826691480121761912e-02 1.531252333346745827e-02 5.241727174217965057e+01 3.853035567617599244e-02 9.991077347556934773e-01 -1.729583888726484234e-02 2.292850972419128830e+00 -1.463700210797982092e-02 1.787113826657950669e-02 9.997331546899641541e-01 3.143223662869890855e+00
9.992708333182808156e-01 -3.742757550384681609e-02 7.548395279292394178e-03 5.301660999126028173e+01 3.760320524060395408e-02 9.989886985818845488e-01 -2.464911887483324515e-02 2.314983382122376199e+00 -6.618204818650831947e-03 2.491498941554042001e-02 9.996676661107939399e-01 3.110447069528602615e+00
9.993168568488213221e-01 -3.650521721255985813e-02 5.760966416850523894e-03 5.362313294956887688e+01 3.668005338552355471e-02 9.987515746059999477e-01 -3.390967274496982375e-02 2.337255497993890430e+00 -4.515894310919801521e-03 3.409782013999768102e-02 9.994082976242857352e-01 3.178078232365095346e+00
9.993257435705393821e-01 -3.555980431041165513e-02 9.141036844572980949e-03 5.426999343150075816e+01 3.586810580961524719e-02 9.987033708130628185e-01 -3.612556037290071131e-02 2.363013881075828770e+00 -7.844566451937129078e-03 3.642907415830215490e-02 9.993054514677431888e-01 3.236512171301550111e+00
9.993017402268175031e-01 -3.509240155505322090e-02 1.282791225231652565e-02 5.492943629155021767e+01 3.549837348603990250e-02 9.988272691899083844e-01 -3.292342331040051112e-02 2.387026978356244111e+00 -1.165750657301350968e-02 3.335580422848628129e-02 9.993755514643987148e-01 3.208147059271694967e+00
9.992771949562622158e-01 -3.512311668051978225e-02 1.454146880445026171e-02 5.558414507750465816e+01 3.555860406175567062e-02 9.988910380283311241e-01 -3.085903147965564711e-02 2.415325906313493309e+00 -1.344147750522613899e-02 3.135380074775111214e-02 9.994179635473573464e-01 3.151507234714036265e+00
9.993204853209193272e-01 -3.397554147746004866e-02 1.429091317150673474e-02 5.621903540836905933e+01 3.444201320721088783e-02 9.988359600853601306e-01 -3.377088341443096331e-02 2.431057844856815642e+00 -1.312689392798098084e-02 3.424014342362147190e-02 9.993274224367774128e-01 3.114632157982736071e+00
9.993638497058965342e-01 -3.233395149483856562e-02 1.504697583368881479e-02 5.686961988925104095e+01 3.289475846443106616e-02 9.987112635589764364e-01 -3.864902205747805519e-02 2.436132646066983209e+00 -1.377790864307529804e-02 3.911940210639870685e-02 9.991395506195622778e-01 3.163102287929321577e+00
9.993767230739768470e-01 -3.110901643103034658e-02 1.668515731461986049e-02 5.752792012386387910e+01 3.175326053851196956e-02 9.987011141292174710e-01 -3.984739743362266523e-02 2.456449662479012641e+00 -1.542387185803575401e-02 4.035236961757739799e-02 9.990664594726185177e-01 3.221640151381195860e+00
9.994091439938426191e-01 -2.977134185745905839e-02 1.717644041997721041e-02 5.816762356288281666e+01 3.039406624621531980e-02 9.988451131543620853e-01 -3.721076006574335071e-02 2.475208688825254466e+00 -1.604878931618816326e-02 3.771083573266378886e-02 9.991598116566882126e-01 3.202893302179067980e+00
9.994902130657341566e-01 -2.798806753224490976e-02 1.536170764022735079e-02 5.879511424377434281e+01 2.851953677181892285e-02 9.989611129429675218e-01 -3.554336576730614955e-02 2.495643880989030450e+00 -1.435095843956735694e-02 3.596335500976153426e-02 9.992500623409075189e-01 3.134053527301658537e+00
9.995871938011359203e-01 -2.574045509944191193e-02 1.276209073953158378e-02 5.943465226709170679e+01 2.620815543210422080e-02 9.989360583082185219e-01 -3.794580346344100102e-02 2.512821978527000955e+00 -1.177177036885654858e-02 3.826461005829067535e-02 9.991983011592192598e-01 3.099038731267980129e+00
9.996531763262481718e-01 -2.344865419616499677e-02 1.198697948740876790e-02 6.007788489504187623e+01 2.391890425909380322e-02 9.988842348200135390e-01 -4.072065135874308045e-02 2.525509581006688098e+00 -1.101876036072974366e-02 4.099324388755632570e-02 9.990986642347632340e-01 3.152881295160939068e+00
9.997093520204226591e-01 -2.091702534361688723e-02 1.198705692324806248e-02 6.072388059354216949e+01 2.138645795565561822e-02 9.989517602313860989e-01 -4.047221450237636908e-02 2.541123444817051880e+00 -1.112793327701396863e-02 4.071681202390332877e-02 9.991087580036481786e-01 3.197544195284113488e+00
9.997685401087688106e-01 -1.865924701641776678e-02 1.070974834258454390e-02 6.137423751652160320e+01 1.904910729325545726e-02 9.991137431390244572e-01 -3.753478096456076829e-02 2.562523995433548141e+00 -9.999886004911731976e-03 3.773010431350298788e-02 9.992379303791369960e-01 3.160847785460167536e+00
9.998260898082729220e-01 -1.635192434079253340e-02 8.966867293122356142e-03 6.198271731924315731e+01 1.665137852639278840e-02 9.992692365692106282e-01 -3.440529667882111231e-02 2.579148669938428284e+00 -8.397721826201198086e-03 3.454862394857298458e-02 9.993677355465253598e-01 3.118184255854280718e+00
9.998773491640418065e-01 -1.354985222409011043e-02 7.854179358412722439e-03 6.260841450033552036e+01 1.381040818891674828e-02 9.993220424019199077e-01 -3.412811444118837162e-02 2.581531520855829154e+00 -7.386423650475065772e-03 3.423239802235112511e-02 9.993866037081420295e-01 3.113920858648741685e+00
9.999155771976966367e-01 -1.031455685525951328e-02 7.902429643895269445e-03 6.324259560951765735e+01 1.058357603988309241e-02 9.993385008325131880e-01 -3.479293997398017618e-02 2.588441059390107934e+00 -7.538328435741459797e-03 3.487363862152319943e-02 9.993632987726186467e-01 3.150484022718901933e+00
9.999332647234686622e-01 -6.935751133257207768e-03 9.239126348468847810e-03 6.388185812634302607e+01 7.241393019350903307e-03 9.994135148140306235e-01 -3.346921920518491911e-02 2.600936051490341239e+00 -9.001573562702577802e-03 3.353388977263067894e-02 9.993970431765907270e-01 3.161571141248761041e+00
9.999378373020179067e-01 -3.025979822883064895e-03 1.073149467104329673e-02 6.451356359825794584e+01 3.362416553588192230e-03 9.994989716744672181e-01 -3.147220641459227281e-02 2.608482539831454616e+00 -1.063088362664563365e-02 3.150633377265674856e-02 9.994470147264049587e-01 3.143770889926411627e+00
9.999412375652956264e-01 1.157626250329915575e-03 1.077874379737657484e-02 6.513782423403016253e+01 -8.259526789961139145e-04 9.995275394094152999e-01 -3.072483953305088153e-02 2.606900576032025185e+00 -1.080921914649693796e-02 3.071413133435836260e-02 9.994697608821483392e-01 3.123710995391033141e+00
9.999307099473411231e-01 6.039540586505407968e-03 1.010441753444502391e-02 6.575705048672567443e+01 -5.718197676075849334e-03 9.994863101960604901e-01 -3.153439306537746123e-02 2.602607446749720665e+00 -1.028968024497199305e-02 3.147442898875782435e-02 9.994515910239414325e-01 3.127863376094387693e+00
9.998854121889801938e-01 1.175180051047845960e-02 9.542414601927704659e-03 6.638814806624266396e+01 -1.144792059449491368e-02 9.994445184661749915e-01 -3.129855622832596052e-02 2.592562570520399401e+00 -9.904928355889512648e-03 3.118572899063705786e-02 9.994645279856545494e-01 3.155540149003232209e+00
9.997880426818768207e-01 1.840258168904570363e-02 9.231180721861187433e-03 6.700130366047082475e+01 -1.812343050033871084e-02 9.994015531120620244e-01 -2.946314484398552744e-02 2.568151438288086119e+00 -9.767854280293825769e-03 2.928959925257220223e-02 9.995232405494044459e-01 3.157282534730258217e+00
9.996247832960796220e-01 2.611569990279859893e-02 8.262132827104529120e-03 6.761205976454257893e+01 -2.588601374973367036e-02 9.993060776219814256e-01 -2.678203726229798007e-02 2.554913310357703082e+00 -8.955831196173383996e-03 2.655811451058759723e-02 9.996071526560962317e-01 3.131382967932816896e+00
9.993667473020756420e-01 3.496779866150043908e-02 6.584636940487363817e-03 6.822798585079371492e+01 -3.478886193722397630e-02 9.990675513442202060e-01 -2.556878832046404967e-02 2.542442318883273433e+00 -7.472581346631919190e-03 2.532352479084809885e-02 9.996513790418063428e-01 3.113371566748850405e+00
9.990203840326424833e-01 4.397303287841685532e-02 4.964339507457894186e-03 6.884768597476991658e+01 -4.382237580458672038e-02 9.986688711777313987e-01 -2.720450549885654323e-02 2.524539224373642643e+00 -6.153995946798281914e-03 2.696030637936842195e-02 9.996175619774881893e-01 3.135837062877324666e+00
