1.000000000000000000e+00 0.000000000000000000e+00 0.000000000000000000e+00 0.000000000000000000e+00 0.000000000000000000e+00 1.000000000000000000e+00 0.000000000000000000e+00 0.000000000000000000e+00 0.000000000000000000e+00 0.000000000000000000e+00 1.000000000000000000e+00 0.000000000000000000e+00
9.999999958244732978e-01 -5.891581447334826987e-05 -6.985685430783933152e-05 -6.870821366055350357e-04 5.891126401259641103e-05 9.999999961431179640e-01 -6.514005749553802393e-05 2.143549269100983052e-04 6.986069181795186893e-05 6.513594186795677496e-05 9.999999954383963496e-01 -3.560571042421538726e-03
9.999999391466586340e-01 -3.313292440531884642e-04 -1.092136031923164342e-04 3.067152178871501451e-03 3.313196461258037431e-04 9.999999412514465336e-01 -8.788854041868114197e-05 -2.651188717289218542e-03 1.092427168198330869e-04 8.785235045800798988e-05 9.999999901739966557e-01 -4.899104779756063149e-03
9.999999304919998666e-01 -3.680721312231512643e-04 5.948866834568570367e-05 6.372392874948503566e-03 3.680765634853717027e-04 9.999999294837834674e-01 -7.451222446181760288e-05 -1.508277267138258618e-02 -5.946123827751004665e-05 7.453411566723288696e-05 9.999999954545133463e-01 -8.848962457100851241e-04
9.999999409774978920e-01 -1.657496125686359000e-04 3.009519342167301108e-04 1.260318320576965870e-02 1.657715948855240562e-04 9.999999835939915593e-01 -7.301914167985223069e-05 -1.518549364370641239e-02 -3.009398263848665290e-04 7.306902665219877331e-05 9.999999520480680193e-01 -2.019861538501337237e-03
9.999998714729757543e-01 -2.463651637504248055e-06 5.069989767857340434e-04 -3.601192656274927219e-03 2.488400003971661013e-06 9.999999988055582323e-01 -4.881281958466800864e-05 -1.600685049967085632e-02 -5.069988559223704552e-04 4.881407492715740510e-05 9.999998702846646381e-01 -3.222741852741537859e-03
9.999999070845907445e-01 -1.115306523274421830e-04 4.164033183519794666e-04 -3.467412467666453751e-02 1.115423763339229381e-04 9.999999933834361476e-01 -2.813229364084094596e-05 -2.127440547268758062e-03 -4.164001779837590627e-04 2.817873764255967792e-05 9.999999129084214955e-01 -3.361793614793898047e-04
9.999999533929017081e-01 -2.663359215617516372e-04 1.492627591807488328e-04 -7.223748558987978796e-02 2.663337027517783187e-04 9.999999644224000228e-01 1.488480739389071297e-05 1.132386817310467898e-02 -1.492667182292326564e-04 -1.484505299681747799e-05 9.999999887495355511e-01 -3.362366444814481460e-04
9.999999901706277949e-01 -1.160692305423460536e-04 7.865543858949730583e-05 -1.059762760992878222e-01 1.160593976653431948e-04 9.999999854519732168e-01 1.250050777406187927e-04 7.840775081741255606e-03 -7.866994668840312707e-05 -1.249959478090716027e-04 9.999999890935261648e-01 4.310867562751008789e-04
9.999997562720797095e-01 6.788555282028198258e-04 1.631286394466852324e-04 -1.392186213700498110e-01 -6.788675513530768998e-04 9.999997668565411280e-01 7.365942637191017070e-05 1.468445864485810057e-03 -1.630785973055131689e-04 -7.377015115906811172e-05 9.999999839816677838e-01 -3.716653669591303728e-03
9.999984139380944104e-01 1.764098295740635725e-03 2.451091563808628225e-04 -1.742413986731744524e-01 -1.764088725471970502e-03 9.999984432237699616e-01 -3.925563793162317180e-05 5.536287860810215622e-03 -2.451780256047277323e-04 3.882318137046982838e-05 9.999999691902476950e-01 -1.365184753763995637e-03
9.999949798406276846e-01 3.157235555697050864e-03 2.686209010733847571e-04 -2.317645154676342967e-01 -3.157223962173544198e-03 9.999950150067185017e-01 -4.357253248155968164e-05 9.592689265711952171e-03 -2.687571307488001893e-04 4.272421739489283137e-05 9.999999629721222361e-01 4.312261649029505879e-03
9.999859536696672491e-01 5.299924656965286120e-03 5.711389148405434952e-05 -2.905612712252523822e-01 -5.299924670070459316e-03 9.999859553006159585e-01 7.810855152623169961e-08 2.493031134890334732e-03 -5.711267536717964602e-05 -3.808067768677819040e-07 9.999999983689986660e-01 3.777582274082693856e-03
9.999650878200548876e-01 8.355256320669805087e-03 -1.132821514884121641e-04 -3.576521105934961087e-01 -8.355245936209544644e-03 9.999650901065409991e-01 9.183443073587568015e-05 1.939109670043242953e-03 1.140454970284339366e-04 -9.088472435983603495e-05 9.999999893667956830e-01 -2.835511627189075609e-03
9.999355131046905321e-01 1.135529446336825364e-02 -1.640722689867829857e-04 -4.222823001125526887e-01 -1.135527028846269014e-02 9.999355159565580520e-01 1.475309054045775294e-04 2.533493130126779520e-03 1.657369458167782638e-04 -1.456583066333394950e-04 9.999999756574609044e-01 -7.747133186749745673e-03
9.998973593571169882e-01 1.432674778197001730e-02 -1.226729643427636228e-04 -4.799690638657614361e-01 -1.432674530150866016e-02 9.998973666956554318e-01 2.107509314292521063e-05 -2.085648622824658009e-03 1.229623115550196094e-04 -1.931542566629637037e-05 9.999999922535921515e-01 -7.355507108854682924e-03
9.998507092791336648e-01 1.727788667507217449e-02 -1.838098385479509131e-04 -5.247930901299379114e-01 -1.727792307612177961e-02 9.998507058759626975e-01 -1.983267879303761893e-04 -1.356814742882729574e-02 1.803557290526233291e-04 2.014730318323047775e-04 9.999999634402135795e-01 -5.842499362419148641e-03
9.997925059003333059e-01 2.036608679531180105e-02 -4.094559534136898234e-04 -5.645503473365511837e-01 -2.036619257033416702e-02 9.997925548557770048e-01 -2.558420337627400482e-04 -2.237062428403137695e-02 4.041605126988799123e-04 2.641280068465806240e-04 9.999998834453311947e-01 -7.930480056131294225e-03
9.997187588412749237e-01 2.370762057542333962e-02 -5.932516435507788994e-04 -6.002915999544453651e-01 -2.370778538276392677e-02 9.997188938641160538e-01 -2.723294936425995358e-04 -2.795924254318189750e-02 5.866285925668774650e-04 2.863175860235263261e-04 9.999997869445444998e-01 -1.598271488870261700e-02
9.996252341773318451e-01 2.736978612844030712e-02 -5.347926680869670131e-04 -6.465024146906565017e-01 -2.736993709602688479e-02 9.996253347087873387e-01 -2.770409796066918701e-04 -3.623266819892709961e-02 5.270097474755911296e-04 2.915743958010133400e-04 9.999998186225323993e-01 -2.177683845173850052e-02
9.994979385638187441e-01 3.168172055356902050e-02 -3.733489551663053880e-04 -7.046840497575849183e-01 -3.168181839213410345e-02 9.994979716034877448e-01 -2.591213641207123835e-04 -4.417557974126450071e-02 3.649521127414716878e-04 2.708196430709685970e-04 9.999998967333327826e-01 -1.926239657586669221e-02
9.992837662886854266e-01 3.784085729011455596e-02 -1.547625567431042484e-04 -7.677436651501203801e-01 -3.784090069387894412e-02 9.992837351672699819e-01 -2.878625109536292362e-04 -4.320310548964220038e-02 1.437587415701154425e-04 2.935126886599072078e-04 9.999999465918615327e-01 -1.832563142434385714e-02
9.989496179514641971e-01 4.582200560919425653e-02 -6.779804538193173681e-05 -8.053968114024927516e-01 -4.582202539586411466e-02 9.989495659197615840e-01 -3.267068119340670843e-04 -5.251449262701999438e-02 5.275646663548418759e-05 3.294702887209579505e-04 9.999999443330405136e-01 -1.641705397563143765e-02
9.985122818144437362e-01 5.452726430470670321e-02 2.265298500823510546e-05 -8.526299057781782098e-01 -5.452725373154148486e-02 9.985122268622735886e-01 -3.337769311473715939e-04 -6.431300200095479980e-02 -4.081922544913713877e-05 3.320451600756636041e-04 9.999999440398996686e-01 -1.409597705377920243e-02
9.979445136763003266e-01 6.408386796015938525e-02 -7.409883477906776465e-05 -9.174779032206301643e-01 -6.408389679159051666e-02 9.979443929453087891e-01 -4.927078482992686094e-04 -6.666231340644165893e-02 4.237189199820694453e-05 4.964436361358688654e-04 9.999998758741617255e-01 -2.068561040987779501e-02
9.972153893370870881e-01 7.457476037840393701e-02 -2.690423484994716209e-04 -9.996747612188775500e-01 -7.457493338497034330e-02 9.972151644884108546e-01 -7.035801155181330190e-04 -8.289488102322102592e-02 2.158237912914744258e-04 7.216847340433318663e-04 9.999997162955776009e-01 -2.520135264039862280e-02
9.962652842271094711e-01 8.634355264448553835e-02 -5.237944306586557160e-04 -1.080218117364796448e+00 -8.634402376275554514e-02 9.962649227321955792e-01 -9.556640983833346314e-04 -8.939594429199561321e-02 4.393225845984938195e-04 9.973214833691071250e-04 9.999994061725864247e-01 -3.809453237011301702e-02
9.950365202172833934e-01 9.950703096857940744e-02 -8.211100399725398220e-04 -1.156993400715466080e+00 -9.950799562068993187e-02 9.950359997766261566e-01 -1.232053603812170066e-03 -1.026786098255841190e-01 6.944360534412140091e-04 1.307645344920117282e-03 9.999989039105090516e-01 -4.932776608329104279e-02
9.934506326584188196e-01 1.142527610203740163e-01 -1.465288302318666332e-03 -1.227485648096091397e+00 -1.142558005696423240e-01 9.934489445169807365e-01 -2.192412891569293573e-03 -1.124550385758613935e-01 1.205199891193103803e-03 2.345471662224739903e-03 9.999965231219076767e-01 -5.879039006246155469e-02
9.916269757672118157e-01 1.290277607361806078e-01 -5.270473430404962016e-03 -1.307602492994462740e+00 -1.290590972505211709e-01 9.916180537964903730e-01 -6.114311223783536718e-03 -1.029946019442050942e-01 4.437380719995396086e-03 6.743318490750912012e-03 9.999674181232497405e-01 -3.925064221189798752e-02
9.893970396261720923e-01 1.449052716081796754e-01 -9.795929722416173852e-03 -1.374501424076751466e+00 -1.450216888301765761e-01 9.893501139781538667e-01 -1.245237889953126897e-02 -1.055993676494172279e-01 7.887188840789883734e-03 1.374096909150616420e-02 9.998744811328149629e-01 1.442768853794414163e-02
9.867041280046244811e-01 1.621593339504180664e-01 -1.092310356036659859e-02 -1.471189171717654620e+00 -1.623121732613251600e-01 9.866259411994141582e-01 -1.496698244656740132e-02 -1.239237944301320032e-01 8.349981426282395910e-03 1.654093604144243196e-02 9.998283228860110894e-01 2.097765399110728887e-02
9.835832822344412474e-01 1.800476687348581961e-01 -1.211461481295306175e-02 -1.566875138619575836e+00 -1.802286343216367992e-01 9.834943807851728170e-01 -1.601381698868966155e-02 -1.269892604170310690e-01 9.031405177555911976e-03 1.793432315790823364e-02 9.997983765606875961e-01 -1.732262333569931914e-03
9.800564966850915383e-01 1.983126301471825059e-01 -1.270291421099586752e-02 -1.671221077722899517e+00 -1.984923323867620881e-01 9.799888682216030267e-01 -1.492019253912480956e-02 -1.269590193342434725e-01 9.489851896013749843e-03 1.714406269961121429e-02 9.998079934793198120e-01 -1.837189412424460738e-02
9.761286857854472032e-01 2.168079759185545796e-01 -1.292634383247847317e-02 -1.761245107701871149e+00 -2.169744727846232013e-01 9.760870643863046592e-01 -1.327105487747455050e-02 -1.141994010468789927e-01 9.739966458402608482e-03 1.575894399462056394e-02 9.998283796420082137e-01 -3.009178797302557162e-02
9.720816283397543112e-01 2.343079762740865046e-01 -1.253315996362292135e-02 -1.837551256577730330e+00 -2.344562057440020553e-01 9.720519850084001767e-01 -1.205097628223257035e-02 -1.215802899759428624e-01 9.359243156250541748e-03 1.465300977857006241e-02 9.998488355106341929e-01 -1.802704823024650974e-02
9.679209085434893334e-01 2.510956370717082886e-01 -8.949628366521824446e-03 -1.927326561022142615e+00 -2.511707659181013352e-01 9.679047825130763227e-01 -8.577781556357572459e-03 -1.131291904930099013e-01 6.508544573115612915e-03 1.055049912881886320e-02 9.999231599556400729e-01 -1.360272753355867316e-02
9.633997451772648990e-01 2.680163619365907857e-01 -5.306668131273351192e-03 -2.012432036422564963e+00 -2.680470662660504044e-01 9.633851420641817986e-01 -6.311760145951357363e-03 -8.062961933553837446e-02 3.420710239799995382e-03 7.503184940464919898e-03 9.999659999005988675e-01 5.984693247036627396e-04
9.585512494488127588e-01 2.849119541399815492e-01 -2.163462099762540353e-03 -2.094895069078639427e+00 -2.849173871720653284e-01 9.585478083637198887e-01 -2.860344061946510329e-03 -6.290123580508194534e-02 1.258835638003481675e-03 3.358194343142452062e-03 9.999935689111156822e-01 -1.311384059356394439e-02
9.534669625301909202e-01 3.014940175521654830e-01 1.452151406091212139e-03 -2.203900441896301299e+00 -3.014962038020316260e-01 9.534659606149086253e-01 1.643484606973174156e-03 -7.239865278669201099e-02 -8.890761584255639375e-04 -2.004826412458119659e-03 9.999975951044284272e-01 -6.334426628189829267e-02
9.478081589322203682e-01 3.188346382019631720e-01 2.041407391491753803e-03 -2.296702705870595995e+00 -3.188394194799139547e-01 9.478047549819602624e-01 2.751548527240867646e-03 -6.848769930980774800e-02 -1.057566653333218273e-03 -3.258821291442065213e-03 9.999941308010583674e-01 -7.955062183043222490e-02
9.413384930593642341e-01 3.374635973815909851e-01 4.024015418616826243e-04 -2.370449399421719061e+00 -3.374637310152755476e-01 9.413384737319809847e-01 3.288178740955491081e-04 -5.630171289001670298e-02 -2.678319905678211866e-04 -4.453248477750309836e-04 9.999998649758933267e-01 -4.321149248293802009e-02
9.343109995207129481e-01 3.564583602851446598e-01 -6.273415594916583078e-04 -2.463654464877971684e+00 -3.564588419841465683e-01 9.343082626021367298e-01 -2.272532661567023236e-03 -2.251498630505928064e-02 -2.239328637298507543e-04 2.346873708297076994e-03 9.999972210150734897e-01 -2.054337914585747948e-04
9.269942660532008993e-01 3.750754451706556636e-01 -2.028164736852192541e-04 -2.561531910446720683e+00 -3.750748682000475953e-01 9.269915765272634944e-01 -2.336726816621673402e-03 8.481456100315360250e-03 -6.884396882994213646e-04 2.242203722477322230e-03 9.999972492828480553e-01 5.747238018479489639e-03
9.193773231455278916e-01 3.933754241322272027e-01 1.055165652418273972e-03 -2.668639762036923990e+00 -3.933751866818334109e-01 9.193779284857108713e-01 -4.325694810046746739e-04 1.674534850518019299e-02 -1.140258214786457613e-03 -1.738141397976904253e-05 9.999993497543335774e-01 -1.808241212717376367e-02
9.112047337421671500e-01 4.119503366149425694e-01 1.689191730303801200e-03 -2.764020359841419694e+00 -4.119521832715161147e-01 9.112049850183567834e-01 9.348665827322793316e-04 2.336694229225132549e-02 -1.154081321857983785e-03 -1.547721076865857161e-03 9.999981363261487566e-01 -4.321768298303797079e-02
9.024765784991175543e-01 4.307349132305645645e-01 1.860049672534114023e-03 -2.864429100741210821e+00 -4.307358568249924913e-01 9.024780369771170374e-01 1.200798449150194865e-04 5.806196125878700098e-02 -1.626931395568305839e-03 -9.095593370216395425e-04 9.999982628965145004e-01 -4.725525526938362947e-02
8.931113856226867709e-01 4.498302298892306039e-01 2.194800429746654284e-03 -2.974703305897901107e+00 -4.498251129610558730e-01 8.931132563163264315e-01 -2.465591535749339473e-03 9.308358200784422332e-02 -3.069302966114573206e-03 1.214771521634898594e-03 9.999945518398849487e-01 -4.128852368082359947e-02
8.831729426517861414e-01 4.690402896006106159e-01 2.600019069213506742e-03 -3.066466783825516629e+00 -4.690021344528183533e-01 8.831510541165142891e-01 -9.011852838912221692e-03 1.244367856965884478e-01 -6.523131647100419844e-03 6.739610097407793682e-03 9.999560122371631277e-01 -3.116937144727775777e-02
8.729430900869113996e-01 4.878134301971777664e-01 2.901514910840575709e-03 -3.169171391828170758e+00 -4.877363429902052405e-01 8.728857609579778742e-01 -1.355389402913331591e-02 1.316882246508943033e-01 -9.144462589760564072e-03 1.041660386475724322e-02 9.999039319694013050e-01 -9.761740124283260420e-03
8.625169040516251773e-01 5.060183464656530239e-01 3.165954100433149981e-03 -3.277986855064983551e+00 -5.059378774201196416e-01 8.624642247223280878e-01 -1.350278733216702179e-02 1.480057192087300133e-01 -9.563180267237070264e-03 1.004460622822553328e-02 9.999038211092585726e-01 -8.112684192894665733e-03
8.522332950672643070e-01 5.231519350264327572e-01 3.234757624961745112e-03 -3.380144446666685010e+00 -5.231111014959634042e-01 8.522203893771373995e-01 -8.670837419776712338e-03 1.895174628429758812e-01 -7.292891777141353137e-03 5.697438720982640759e-03 9.999571755438066978e-01 -1.781516087933597559e-02
8.421492679792519365e-01 5.392294978496360303e-01 4.019837165804446624e-03 -3.470705241955692522e+00 -5.392354783114207128e-01 8.421548844728491412e-01 4.994885139055649931e-04 2.583133300246048814e-01 -3.115986563432750819e-03 -2.588282703186202752e-03 9.999917956765369542e-01 -1.713273711619701933e-02
8.309370495970762605e-01 5.563307028187722825e-01 6.306243578953046533e-03 -3.575466458999821739e+00 -5.563658441720111814e-01 8.308661362124037941e-01 1.088628192896431111e-02 3.371122254956602782e-01 8.167286401650137358e-04 -1.255439351949410969e-02 9.999208569470315888e-01 -3.632063481225284579e-02
8.181391133780699931e-01 5.749427044329906700e-01 9.448691984834898042e-03 -3.679580138365230013e+00 -5.750161896858922983e-01 8.179603202923926286e-01 1.724227439418608149e-02 3.852974865519638858e-01 2.184664748509328527e-03 -1.953972994811619540e-02 9.998066944132206757e-01 -8.787202726793079399e-02
8.048315613348142605e-01 5.934260705209424280e-01 9.573750855266668913e-03 -3.754758182903773278e+00 -5.935017122962518155e-01 8.046874807871718938e-01 1.528972746035925888e-02 3.967731149090672482e-01 1.369445428728575812e-03 -1.798769275000319801e-02 9.998372705239334524e-01 -9.258350345594447417e-02
7.917401836934678805e-01 6.108042250108688398e-01 8.104334266635109321e-03 -3.836745022048126064e+00 -6.108574485341068394e-01 7.916874340438158075e-01 9.175202859863451632e-03 4.281541449103447028e-01 -8.118469280493167224e-04 -1.221496974987737981e-02 9.999250649016530046e-01 -2.442773581147558368e-02
7.783436370964501583e-01 6.277917477819174863e-01 7.661854109476214612e-03 -3.922496731671904158e+00 -6.278352956698409759e-01 7.783206960102679872e-01 6.303623819309404561e-03 4.974866460834111992e-01 -2.006016608332681760e-03 -9.716767930611283632e-03 9.999507789478189190e-01 4.720075687318291829e-02
7.649256006854378009e-01 6.440363101074597640e-01 1.029838235792906488e-02 -4.024914458419193153e+00 -6.441186320318321723e-01 7.648249534198684474e-01 1.240880718430386644e-02 5.484038399641172346e-01 1.152625846109033562e-04 -1.612519424577343527e-02 9.998699739591506708e-01 1.447793039027560347e-02
7.514779864484031346e-01 6.596225697452867687e-01 1.337540152960184359e-02 -4.133334106711552991e+00 -6.597526939221373121e-01 7.512347512848245312e-01 1.930625091804741983e-02 5.902657910399663477e-01 2.686772401284635760e-03 -2.333267975720699702e-02 9.997241456068826082e-01 -7.583297851017355151e-02
7.373069101212577081e-01 6.753563472933646894e-01 1.650225614901251053e-02 -4.218562120459931286e+00 -6.755496168771432108e-01 7.369566230762012449e-01 2.297065173796325119e-02 6.243084291600022873e-01 3.351928487984097253e-03 -2.808451307546306480e-02 9.995999323232898082e-01 -1.266518562309749130e-01
7.227022677842801501e-01 6.909504952630001196e-01 1.699544748670803879e-02 -4.293275178901235556e+00 -6.911548973110976934e-01 7.223893646129729840e-01 2.141293573873383205e-02 6.747564656359212876e-01 2.517948042476767217e-03 -2.722166398073384841e-02 9.996262506295917616e-01 -1.012122425468097026e-01
7.085204305986603224e-01 7.055179311136534626e-01 1.559641950574660457e-02 -4.357751075344727276e+00 -7.056882519937903719e-01 7.082920700400866520e-01 1.806749889380714763e-02 7.381171707617598665e-01 1.700124183018185148e-03 -2.380740211445323690e-02 9.997151180122880731e-01 -2.870629514821503372e-02
6.943348234331696567e-01 7.194897839872851364e-01 1.528409977587264282e-02 -4.427497469830433907e+00 -7.196503794680249033e-01 6.941300320277092872e-01 1.693605528860626236e-02 8.140651282944074696e-01 1.576166094254856896e-03 -2.275850116200273110e-02 9.997397492974371414e-01 1.981578539535785999e-02
6.799186904923510966e-01 7.330920496332470337e-01 1.692988729116295249e-02 -4.525418154576241747e+00 -7.332838412524170790e-01 6.796610063932860823e-01 1.886066135015943696e-02 8.832233100167885542e-01 2.320016652190224401e-03 -2.523812895185455554e-02 9.996787755923115526e-01 6.046183279807099478e-03
6.648720894163593353e-01 7.466498033215775987e-01 2.142839039624924377e-02 -4.618473214016543871e+00 -7.469496657828937902e-01 6.644626031146696477e-01 2.357214137281858635e-02 9.147485111637367883e-01 3.361770656634259155e-03 -3.167838793130745012e-02 9.994924603197994362e-01 -6.623945278053025576e-02
6.498126043888542425e-01 7.596762321947786445e-01 2.521113673992605303e-02 -4.677395667330795703e+00 -7.600880758483160582e-01 6.493137319902750892e-01 2.564750284269189107e-02 9.605183723087575842e-01 3.113861040422531961e-03 -3.582875503287933500e-02 9.993530928466749508e-01 -1.065647589645701138e-01
6.344156108706644481e-01 7.725516275038823988e-01 2.609244190765142024e-02 -4.722548710454419485e+00 -7.729902159510293469e-01 6.339773955461287525e-01 2.363869667575496658e-02 1.039665547072839979e+00 1.720095224873605892e-03 -3.516596049662059492e-02 9.993800060511354166e-01 -6.925427637477708787e-02
6.197404142864444410e-01 7.842979923797475106e-01 2.825735389528835281e-02 -4.771579956384365495e+00 -7.848068377018417863e-01 6.193286643676920722e-01 2.258833745465584422e-02 1.084815693866342245e+00 2.153984703486918793e-04 -3.617547016457350884e-02 9.993454302501567632e-01 -2.776102246662475598e-02
6.054121282405493520e-01 7.952985904424999530e-01 3.124591204336167952e-02 -4.854352911414460792e+00 -7.959118325475403877e-01 6.049803949295056160e-01 2.287086709671442772e-02 1.142390323642501482e+00 -7.139958437108114312e-04 -3.871529143777988763e-02 9.992500269796458223e-01 -2.162748487480015830e-02
5.917706662606577739e-01 8.053411095258597996e-01 3.511660378046315562e-02 -4.928927949816546139e+00 -8.061053321107920500e-01 5.912780017481916728e-01 2.417681102244294625e-02 1.205790155652751716e+00 -1.293095497884003521e-03 -4.261480911986241515e-02 9.990907395966149851e-01 -6.730442898171144772e-02
5.791362097492512850e-01 8.143757861747906723e-01 3.732732845333076172e-02 -4.988968015640549147e+00 -8.152303758845254045e-01 5.785749944948014312e-01 2.550313667994305589e-02 1.260662360895894230e+00 -8.275218707397273988e-04 -4.520016191931331556e-02 9.989776076419437656e-01 -9.769447784174864480e-02
5.665537793128987420e-01 8.231614067120796019e-01 3.771092210569550185e-02 -5.032207644156397208e+00 -8.240245963207502022e-01 5.659894420698979856e-01 2.528667878212662382e-02 1.308345798516133751e+00 -5.289656851721409765e-04 -4.540099079531412229e-02 9.989687033286416273e-01 -7.888158177187042097e-02
5.554059978682764909e-01 8.307941346592794263e-01 3.612870531423784809e-02 -5.070688418231651617e+00 -8.315793025948573503e-01 5.548709743782290760e-01 2.437345458496469747e-02 1.345604424923912523e+00 2.025531898379409233e-04 -4.358104643412845369e-02 9.990498743125448833e-01 -5.142756682868053486e-02
5.464680423615532190e-01 8.367576156168660129e-01 3.477601737848587393e-02 -5.103935663179198556e+00 -8.374798203193772883e-01 5.459728750832774091e-01 2.326306581522510908e-02 1.380782686873260223e+00 4.787852914080286391e-04 -4.183673482093193396e-02 9.991243458069509753e-01 -3.935594857350006165e-02
5.403490941286288596e-01 8.407400741934180077e-01 3.433633818007328364e-02 -5.139860785158277601e+00 -8.414398854979415754e-01 5.398337197432828694e-01 2.363205706962296163e-02 1.410503600986906525e+00 1.332504251945629921e-03 -4.166152509662628123e-02 9.991308932062114012e-01 -4.582723993167388959e-02
5.360792736924947510e-01 8.434228275944330999e-01 3.545343720908428198e-02 -5.174414337538535413e+00 -8.441665808857135023e-01 5.355389366925691341e-01 2.410043572046897259e-02 1.440663455470252208e+00 1.340161576566060173e-03 -4.284835094614066614e-02 9.990806888275566289e-01 -5.486141715982061767e-02
5.336242122435358448e-01 8.449441482981016049e-01 3.625722499394500725e-02 -5.184810564316615356e+00 -8.457205024546586847e-01 5.330605839523049339e-01 2.456105788168179774e-02 1.449406416354294347e+00 1.425424605375569774e-03 -4.376985370347111215e-02 9.990406238344220480e-01 -6.635284193958033983e-02
5.330372882962509662e-01 8.453204546721734269e-01 3.611894514807543338e-02 -5.180041367673627661e+00 -8.460904388777418239e-01 5.324753969721819358e-01 2.451368717650785969e-02 1.442186138844191001e+00 1.489471533799109973e-03 -4.362660349084454547e-02 9.990467961724328605e-01 -6.205048418291223694e-02
5.342895934350658793e-01 8.445258602998083619e-01 3.620361351937807087e-02 -5.172595399837810248e+00 -8.453010266293320418e-01 5.337535807407565169e-01 2.394346311246029965e-02 1.443137366315437431e+00 8.970654318847547971e-04 -4.339569484740577604e-02 9.990575603749374256e-01 -3.982345460244840485e-02
5.345413011513812096e-01 8.442750238631975268e-01 3.827899481681353022e-02 -5.173484010129426380e+00 -8.451421810988097860e-01 5.340215324584552947e-01 2.357321781746490874e-02 1.469569543742190287e+00 -5.395284376714858067e-04 -4.495205169422443470e-02 9.989889999181896796e-01 -2.626790599940132670e-02
5.340080233996706838e-01 8.444947823873137915e-01 4.079207601214269313e-02 -5.182656181173824983e+00 -8.454791589402200769e-01 5.334230746763531927e-01 2.499630373802672056e-02 1.468082901622627112e+00 -6.501865230966036562e-04 -4.783707686961338745e-02 9.988549400859245697e-01 -6.790768966166230158e-02
5.336167648761621640e-01 8.447302628188809726e-01 4.103573224694406080e-02 -5.169248289471146229e+00 -8.457263731342208324e-01 5.329753925925558855e-01 2.615593003599541583e-02 1.451939153169177432e+00 2.236701489406548447e-04 -4.866224377025009373e-02 9.988152662043713326e-01 -1.036665252836588974e-01
5.331609599206221795e-01 8.450548331762909315e-01 4.027058159391359166e-02 -5.170707117500051631e+00 -8.460133542014766084e-01 5.325061271992983514e-01 2.643159109799833942e-02 1.443285040870072811e+00 8.918123612646488034e-04 -4.816174229194925688e-02 9.988391518408337166e-01 -8.081621249317351430e-02
5.327455268673552125e-01 8.453344536517320984e-01 3.989818382021324134e-02 -5.167083276906059730e+00 -8.462753328414471810e-01 5.321243718354479180e-01 2.572380070727963569e-02 1.448711931819115950e+00 5.144190140280705979e-04 -4.746908855305073671e-02 9.988725749588986957e-01 -4.436735865306998955e-02
5.331305678036912798e-01 8.450886560077837117e-01 3.996199645002589118e-02 -5.172694896361066164e+00 -8.460326014144146090e-01 5.324907743629527790e-01 2.612302743369315089e-02 1.445278019050426632e+00 7.968797100303494146e-04 -4.773613626280523436e-02 9.988596629544245209e-01 -4.369362524465719017e-02
5.331932205823156634e-01 8.450073391011738710e-01 4.083609175976677524e-02 -5.181592015265957585e+00 -8.459929268409476233e-01 5.325155098576624946e-01 2.689236873392175653e-02 1.450776565175859512e+00 9.783967219323154441e-04 -4.888587348291750789e-02 9.988038917193238220e-01 -6.243660228181797944e-02
5.328383213194033408e-01 8.451950128948573226e-01 4.157780070160300989e-02 -5.174640801622508057e+00 -8.462164869317524429e-01 5.321369033659358871e-01 2.734910091750395247e-02 1.447199560818369868e+00 9.902415885154483913e-04 -4.975646946653682068e-02 9.987608888857342215e-01 -8.349228965153802917e-02
5.324259135258212483e-01 8.454566022973956096e-01 4.154251121367325689e-02 -5.170701429290560647e+00 -8.464761872189575653e-01 5.317351858913379470e-01 2.712483283562427613e-02 1.439909950276181849e+00 8.432540844961870525e-04 -4.960671040139338211e-02 9.987684732738120186e-01 -7.652341100337364810e-02
5.320204724549671971e-01 8.457335857666185008e-01 4.109645720900001464e-02 -5.164102789688094219e+00 -8.467312257173896795e-01 5.313549217043651574e-01 2.661162482215087555e-02 1.451588903218594684e+00 6.695400812986217415e-04 -4.895558279589388995e-02 9.988007321929605054e-01 -5.776362050630096112e-02
5.317198886852376738e-01 8.459325554672064706e-01 4.089097183096070814e-02 -5.155349804244770517e+00 -8.469198647900749721e-01 5.310517225965811772e-01 2.666103057207867832e-02 1.459604709000746237e+00 8.382126937478646738e-04 -4.880757654223140396e-02 9.988078483229666515e-01 -5.077957798817810120e-02
5.315591110176025591e-01 8.460208583953306993e-01 4.115359831416895431e-02 -5.160575222560810360e+00 -8.470205240687368464e-01 5.308695775733665023e-01 2.708732938844004082e-02 1.459877152899955233e+00 1.069252308178219842e-03 -4.925645914094183009e-02 9.987855915722844147e-01 -5.830790689036116636e-02
5.314085357122843023e-01 8.460908080447512303e-01 4.165708480325929636e-02 -5.167856921364371026e+00 -8.471151464319098823e-01 5.307103139291919902e-01 2.724869491962433540e-02 1.458370848075819737e+00 9.470257493971374375e-04 -4.976853656034781886e-02 9.987603295640407053e-01 -6.387550550575804564e-02
5.311900208344703112e-01 8.462139792061105226e-01 4.194118694118667556e-02 -5.160604034527323414e+00 -8.472522745948394274e-01 5.304880754783194430e-01 2.731272540739747637e-02 1.447481385226620176e+00 8.631105062511092250e-04 -5.004301321332942087e-02 9.987466905420936403e-01 -6.285140144927807426e-02
5.308270644337833577e-01 8.464527710530859173e-01 4.171731104906440529e-02 -5.160489568316005027e+00 -8.474796998921930724e-01 5.301317642196667901e-01 2.717481988868107601e-02 1.447886014864836257e+00 8.865298927014890603e-04 -4.977970411619574154e-02 9.987598285488125116e-01 -6.204931341903607150e-02
5.303008720468461723e-01 8.467936747876639858e-01 4.149045005731259034e-02 -5.162305254924640430e+00 -8.478090710114373207e-01 5.296147215207726022e-01 2.698195432503227090e-02 1.454005403944373498e+00 8.741951029718510180e-04 -4.948453382702941439e-02 9.987745074314039462e-01 -5.848995033294405316e-02
5.299561368516298998e-01 8.470141199960727896e-01 4.139533235251345589e-02 -5.158595711683113372e+00 -8.480244355363009134e-01 5.292650113022969727e-01 2.707590339246044794e-02 1.453107320271485703e+00 1.024571439648182822e-03 -4.945329451571407742e-02 9.987759117614456450e-01 -5.503016600620846965e-02
5.295788010774106214e-01 8.472512720287281862e-01 4.137119160858974964e-02 -5.154396275901783397e+00 -8.482597429676987932e-01 5.288729413976112070e-01 2.736458144778812149e-02 1.443444183401650482e+00 1.304572645013179740e-03 -4.958521859527453834e-02 9.987690444677752577e-01 -5.466953081860181918e-02
5.288851676678062441e-01 8.476789711755545742e-01 4.148302360906296060e-02 -5.150217960837246700e+00 -8.486920875499062156e-01 5.281663784892052238e-01 2.760465837100968198e-02 1.435500022013982635e+00 1.489950059209150038e-03 -4.980600827562164240e-02 9.987577992628993151e-01 -5.975783847820337336e-02
5.276481668323668162e-01 8.484367307462262753e-01 4.174357386590648450e-02 -5.136562016616052162e+00 -8.494611552074060601e-01 5.269067322834346534e-01 2.801858790325754273e-02 1.403493584616173351e+00 1.777029021248626188e-03 -5.024350102300397664e-02 9.987354168010710298e-01 -6.327086717197126509e-02
5.257189888737984207e-01 8.496293301143449384e-01 4.182757639357922302e-02 -5.118596199486166398e+00 -8.506558113618525319e-01 5.249625749150967913e-01 2.826633217840437626e-02 1.377475037457797091e+00 2.057992667495984942e-03 -5.044101850638166296e-02 9.987249212461954961e-01 -6.090000548672695746e-02
5.228993089028758368e-01 8.513762971084268827e-01 4.164989160656482059e-02 -5.116591291603428182e+00 -8.523909132996105864e-01 5.221316247663149168e-01 2.843057057366175921e-02 1.362003023955491887e+00 2.458388323807337433e-03 -5.036831485003175068e-02 9.987276852005342320e-01 -5.603892166036513606e-02
5.190440959098852058e-01 8.537552166120779829e-01 4.117349400711128177e-02 -5.097757735886315977e+00 -8.547407066691926625e-01 5.182459215711833211e-01 2.897393893629199649e-02 1.339450850179858543e+00 3.398656166638123338e-03 -5.023141330381396263e-02 9.987318229904174061e-01 -5.064255442825173897e-02
5.146495164562807645e-01 8.564456984115295102e-01 4.045541847149539127e-02 -5.065985920838442347e+00 -8.573903696683079501e-01 5.138390879352930929e-01 2.917440161971340817e-02 1.297616225189035299e+00 4.198715441500106872e-03 -4.970067788484835991e-02 9.987553321041283683e-01 -5.462491603759440928e-02
5.094727028848453632e-01 8.595577574282471378e-01 3.997532564135972827e-02 -5.041967157074007666e+00 -8.604725901324887793e-01 5.086470557588943509e-01 2.941248541851523152e-02 1.241655390166641837e+00 4.948398316249306809e-03 -4.938253044074254750e-02 9.987676802146597810e-01 -5.873034928838935520e-02
5.037069031669937358e-01 8.629828849491549825e-01 3.924150846680334731e-02 -5.029321610860019831e+00 -8.638537846637486251e-01 5.028593448461242676e-01 2.981808214899672391e-02 1.191555007092362617e+00 5.999535318201725670e-03 -4.891849942261276840e-02 9.987847545843926422e-01 -5.657333563514552882e-02
4.970104263462080119e-01 8.669406301965895123e-01 3.734407339191406910e-02 -5.024958060645714042e+00 -8.677086389384996989e-01 4.961377770047533664e-01 3.047989731410045977e-02 1.143779423804565321e+00 7.896455828846982508e-03 -4.755260185438691528e-02 9.988375223439601713e-01 -6.365579503334324596e-02
4.891779290177974415e-01 8.714931625531967541e-01 3.470765599815506947e-02 -5.007316471740544728e+00 -8.721249582613519458e-01 4.882942841738761031e-01 3.109259109108077762e-02 1.092494239840103853e+00 1.014943050096706045e-02 -4.547922235647245542e-02 9.989137247001648179e-01 -5.422479503455394922e-02
4.802151284749983096e-01 8.765517499252071243e-01 3.241080200794375227e-02 -4.970632964257463371e+00 -8.770652905345472927e-01 4.793246785063029480e-01 3.169114567792886972e-02 1.024079053873860889e+00 1.224363194853412065e-02 -4.364495707280138109e-02 9.989720772868589949e-01 -3.626063227100033426e-02
4.705277970593001458e-01 8.818626656858874480e-01 3.036167096691202646e-02 -4.921478214572115206e+00 -8.822753354815876525e-01 4.696477452679653775e-01 3.195665448022249472e-02 9.195543582193838050e-01 1.392209019415377794e-02 -4.182384767207818210e-02 9.990279981915064500e-01 -3.139775418978475036e-02
4.612149658726525381e-01 8.867937208462317589e-01 2.962519067927711636e-02 -4.901668856704998412e+00 -8.871636792875210453e-01 4.603331427889487126e-01 3.215592951662159943e-02 8.445936557627093944e-01 1.487821925220053805e-02 -4.111318909723391674e-02 9.990437148964697034e-01 -2.915747598314267705e-02
4.514998900142349614e-01 8.917920478308587473e-01 2.923683879590079082e-02 -4.885679748449212489e+00 -8.921334219852856684e-01 4.506120294669961890e-01 3.235361303563313168e-02 7.768879580000224161e-01 1.567822355875416254e-02 -4.069081377017060713e-02 9.990487730740491568e-01 -3.510152771511527298e-02
4.419948923910511085e-01 8.965444012524134143e-01 2.913162685424149079e-02 -4.842285104602662038e+00 -8.968560378712752135e-01 4.410659078935072475e-01 3.331834671639460899e-02 6.839898317208241707e-01 1.702240976068941300e-02 -4.085341450880002750e-02 9.990201379796662673e-01 -3.140273824430179356e-02
4.329387239664140297e-01 9.009118777748462703e-01 3.036197909447915441e-02 -4.801273661461699760e+00 -9.012386733256779747e-01 4.319226506636539842e-01 3.480915893633640401e-02 5.717140830350958547e-01 1.824595825121601983e-02 -4.243362261089193843e-02 9.989326667396613013e-01 -3.435599618870967265e-02
4.240975093332081669e-01 9.050757807231316621e-01 3.129111256864165053e-02 -4.759886809669755081e+00 -9.053953915347520143e-01 4.229772484937109334e-01 3.673461915309494952e-02 4.602324885268805899e-01 2.001218541296328687e-02 -4.390988960477484188e-02 9.988350384472370891e-01 -5.634870393309537873e-02
4.146481985376488377e-01 9.094081128929837332e-01 3.230720746063747706e-02 -4.708930285452217923e+00 -9.097110317065805196e-01 4.133974649931900225e-01 3.909443347272174851e-02 3.436246912567167966e-01 2.219707730381157568e-02 -4.560065944288908824e-02 9.987131067616676905e-01 -5.511564738280967657e-02
4.054435162465070963e-01 9.135319864789783750e-01 3.278513098098478906e-02 -4.656135450402977050e+00 -9.138218406175726560e-01 4.041343552474294665e-01 4.006328143146054704e-02 2.269011245343581229e-01 2.334949130024569636e-02 -4.620316643387647332e-02 9.986591353747800159e-01 -4.665682782533023959e-02
3.967414820719944446e-01 9.173288221367329465e-01 3.322692403084841206e-02 -4.601038916435088666e+00 -9.176324256393263434e-01 3.954305566578075748e-01 3.981716057911295625e-02 8.348009803611586288e-02 2.338648794932176797e-02 -4.628722219501690133e-02 9.986543772711684586e-01 -1.666326262491707802e-02
3.888396149278682823e-01 9.206692548861801217e-01 3.423268861882188679e-02 -4.543281259450079546e+00 -9.209973508787231422e-01 3.874802758346913012e-01 4.028542557111410710e-02 -6.604594151052368967e-02 2.382506111474607183e-02 -4.719278489766848966e-02 9.986016260333652195e-01 -1.659826109839547884e-02
3.822197463225276981e-01 9.234131483532265205e-01 3.487438844660224052e-02 -4.495682321688796002e+00 -9.237518009816317877e-01 3.808227352992222814e-01 4.070202037258384420e-02 -2.203219683136053986e-01 2.430382077646215180e-02 -4.777239503730517506e-02 9.985625281213316162e-01 -3.784807816403320396e-02
3.769734267286188878e-01 9.255934055871127830e-01 3.417430429625235161e-02 -4.443469919533092671e+00 -9.259141569838902353e-01 3.756363013769942194e-01 3.975352795191450933e-02 -3.695580878319013607e-01 2.395849405313889291e-02 -4.662849580956057727e-02 9.986249415777894711e-01 -4.589800790040615697e-02
3.735631005335411370e-01 9.270345777718054237e-01 3.251924868778704319e-02 -4.380091989890849469e+00 -9.273346555981686334e-01 3.723787933225098934e-01 3.720847766702778392e-02 -5.317655832724068610e-01 2.238406679747199576e-02 -4.405594056562812250e-02 9.987782675121060771e-01 -3.213791827817195218e-02
3.723126253459923540e-01 9.275945901771092128e-01 3.084777596741434397e-02 -4.315867557759243134e+00 -9.279036046560281692e-01 3.713287626171041800e-01 3.331441909443971783e-02 -6.986700235916309953e-01 1.944760844742564679e-02 -4.102714135071287849e-02 9.989687503612233455e-01 -1.981232385706306609e-02
3.728596351541009213e-01 9.274416089493302540e-01 2.877072230981242082e-02 -4.254827912395240830e+00 -9.277574817327924883e-01 3.721084646166531451e-01 2.830804919919847201e-02 -8.539347582490151023e-01 1.554823339090504082e-02 -3.724718177412251335e-02 9.991851179277578821e-01 -5.416015141183620936e-03
3.746549074206169672e-01 9.267724165322359653e-01 2.695530190238461937e-02 -4.194309726899461133e+00 -9.270729639561479107e-01 3.740514902048702184e-01 2.492392780199392116e-02 -1.003981211068610824e+00 1.301613795301974352e-02 -3.432740349219066955e-02 9.993258775405909899e-01 1.167004047759100625e-02
3.781452650716880526e-01 9.253806854611206223e-01 2.601433219150015019e-02 -4.118137321082303792e+00 -9.256575956981299980e-01 3.775707860272063399e-01 2.446052054137966975e-02 -1.184899721906203851e+00 1.281304141180016239e-02 -3.332999421398798179e-02 9.993622653750116047e-01 2.907294188261933671e-02
3.843408081590363179e-01 9.228190602323378400e-01 2.621307413417043111e-02 -4.040038346420061544e+00 -9.230754761684378806e-01 3.836879280939672898e-01 2.674395504352946457e-02 -1.367390242024717706e+00 1.462219135665233580e-02 -3.447543918303698496e-02 9.992985718057773026e-01 1.866632003937761242e-02
3.926970655254534703e-01 9.192646988765414973e-01 2.722917786345249030e-02 -3.978156068522690436e+00 -9.195385679392423794e-01 3.919732216407815217e-01 2.838689114352408935e-02 -1.533654193207274030e+00 1.542195836932550371e-02 -3.618572807017441523e-02 9.992260786649266313e-01 3.447760319890127642e-03
4.025527877981036617e-01 9.149927089767920796e-01 2.719550615978399977e-02 -3.893124187420737847e+00 -9.152727456815331619e-01 4.018315406848133042e-01 2.841151040436119130e-02 -1.677228246023069191e+00 1.506831273111941538e-02 -3.632843831189497275e-02 9.992262959516508003e-01 -6.844932938976387715e-03
4.140765206182887570e-01 9.098673313909778626e-01 2.611655299063254596e-02 -3.799946149335542422e+00 -9.101267952657879912e-01 4.133970031833429926e-01 2.778730462383693575e-02 -1.827774632290800172e+00 1.448625596483222103e-02 -3.527544509275241241e-02 9.992726311480913948e-01 8.978898016833927395e-03
4.262347003074987151e-01 9.042619602108401544e-01 2.518506639708560299e-02 -3.712955586313992473e+00 -9.044998523564713455e-01 4.255767977083997899e-01 2.764789936659456729e-02 -1.987417833522741928e+00 1.428276376960373184e-02 -3.456438293840418535e-02 9.993004083313431485e-01 3.778402761771881141e-02
