1.000000000000000000e+00 0.000000000000000000e+00 0.000000000000000000e+00 0.000000000000000000e+00 0.000000000000000000e+00 1.000000000000000000e+00 0.000000000000000000e+00 0.000000000000000000e+00 0.000000000000000000e+00 0.000000000000000000e+00 1.000000000000000000e+00 0.000000000000000000e+00
9.999999987822374425e-01 -6.272656315315057257e-05 3.690389747743145831e-05 2.973183186422684700e-04 6.272679933160585125e-05 9.999999987622565367e-01 -1.866017158386358018e-05 -3.758720464044283368e-04 -3.690325860795839390e-05 1.866110732864319558e-05 9.999999998475044283e-01 -9.796303501048552603e-04
9.999999990691628149e-01 -8.356294527071681444e-05 6.485905379159621485e-05 3.481041030001878734e-05 8.356142901651863520e-05 1.000000000511155562e+00 2.676229953652723607e-06 -5.533165759563088497e-05 -6.486190849798719534e-05 -2.674749499324517461e-06 9.999999998876301088e-01 -1.384501651877990394e-03
9.999999966186600142e-01 -1.194261809201496483e-04 6.722227000815499576e-05 3.228330816995652621e-04 1.194281110891143435e-04 9.999999977117599581e-01 -3.257301772101014651e-05 1.522016220460676358e-03 -6.722088946856123379e-05 3.257611721237434270e-05 1.000000000681511292e+00 -1.071819062234498701e-03
1.000000010725933031e+00 -2.525224619296356614e-05 3.163591912870765763e-05 2.155829064336175875e-03 2.525300042795558726e-05 1.000000009155425529e+00 -3.837258054543169888e-05 2.576088969529808682e-03 -3.163779868682386006e-05 3.836445309012595880e-05 1.000000003277525584e+00 -8.077772483327068029e-04
1.000000010636831194e+00 6.222529446045416653e-06 4.969849194653217352e-05 2.581694336369006262e-03 -6.221246695921262171e-06 1.000000010111815163e+00 -2.906095476581964097e-05 1.397895652209626060e-03 -4.970145627091998965e-05 2.905177352545322089e-05 1.000000003181272135e+00 -1.197458088511715738e-03
1.000000010486809199e+00 2.572667688621858925e-08 6.303781051592229512e-05 1.843674755527358348e-03 -2.661157670360611975e-08 1.000000011617889539e+00 1.616349429980081892e-05 1.314244289649592074e-03 -6.303971112573816056e-05 -1.617250524134800646e-05 1.000000003421933181e+00 -1.176240065773292683e-03
1.000000008514392302e+00 -1.350223782287968838e-04 3.809499161468067884e-05 5.273384738197747822e-04 1.350223655369309607e-04 1.000000008226457515e+00 7.943129085607534136e-06 2.843906254534206424e-03 -3.809885302379489039e-05 -7.944392103679232710e-06 1.000000005240773149e+00 -7.078954746373618007e-04
1.000000002789911635e+00 -1.548765480854041008e-04 1.015972209610005645e-04 -1.187781544511397292e-03 1.548748042644377306e-04 1.000000005595346630e+00 1.531432729259828940e-05 1.722267684750970534e-03 -1.016022047239740681e-04 -1.530488655736019995e-05 1.000000002158507817e+00 -6.077491769833852885e-04
1.000000005041507656e+00 -8.740352462474336340e-05 1.682126208588466420e-04 -2.536868762736913950e-04 8.740570153100155136e-05 1.000000016203117958e+00 -2.447569397705816723e-05 5.576863237501989042e-04 -1.682108816437392061e-04 2.448636189009846707e-05 9.999999949642226493e-01 -1.114369591781592516e-03
1.000000015277395127e+00 -1.941446579359599621e-05 1.400247707140346793e-04 3.307569907688365663e-03 1.941203575927978391e-05 1.000000021806111583e+00 -2.431200681994590263e-06 1.191491336413034075e-04 -1.400263448940830915e-04 2.427977447791522554e-06 1.000000000752680140e+00 -1.770909388254982833e-03
1.000000020618903029e+00 7.114071552937343613e-05 9.553731021275980746e-05 5.001668822811571394e-03 -7.114780626770639586e-05 1.000000020739580053e+00 3.198865963739096674e-05 6.114901928606190917e-04 -9.553808752628756089e-05 -3.200337718610321786e-05 1.000000007022218140e+00 -1.923210346787436508e-03
1.000000026748921522e+00 5.629592474953718310e-06 8.004269133850151882e-05 3.524889805329093143e-03 -5.640623202259832368e-06 1.000000022965116475e+00 8.236856679497667037e-05 8.429576862751924629e-04 -8.004384122774744711e-05 -8.237594734410456703e-05 1.000000006086507742e+00 -2.196107058669686390e-03
1.000000028858667900e+00 -6.662950949782480477e-05 3.923965488017159739e-05 8.866762579231598053e-04 6.662654148987886432e-05 1.000000027938194425e+00 1.173116004083731781e-05 1.397665918246165494e-03 -3.924550519240598283e-05 -1.173405936430078267e-05 1.000000014668068093e+00 -1.754168519917665304e-03
1.000000029299777937e+00 -3.643217145913988140e-05 7.534555317457975561e-05 7.881840044626647630e-04 3.642919578624261213e-05 1.000000029817188718e+00 5.199649174910387648e-06 1.948021164180709043e-03 -7.535077077441993136e-05 -5.201609752216790568e-06 1.000000013362232432e+00 -1.015470010399982829e-03
1.000000027887152809e+00 -3.066197558080213388e-06 1.048085637764819097e-04 1.246819932142979696e-03 3.065577034986555202e-06 1.000000030762310255e+00 -2.384966398646825011e-05 1.866970655486276500e-03 -1.048129704263072359e-04 2.384583433994452112e-05 1.000000010998719491e+00 -1.272066175122911263e-03
1.000000027661257285e+00 -7.035920372933547669e-06 1.079205796410293445e-04 2.705954568324389718e-03 7.034321543710478999e-06 1.000000031296966574e+00 -1.254668677027306453e-05 3.796144781324167251e-03 -1.079247230525779946e-04 1.254324339832583549e-05 1.000000011184952520e+00 -1.345486382938988800e-03
1.000000034239850066e+00 2.042443104777485232e-05 3.862125737382482980e-05 2.397859435459982324e-03 -2.041921016518988659e-05 1.000000028470033886e+00 -1.055542391228660252e-04 1.919953539775183602e-03 -3.862663472724630693e-05 1.055484990993593481e-04 1.000000015069810733e+00 -1.298467812759098719e-03
1.000000034077304090e+00 4.129244608375212797e-05 2.865483187192312590e-05 2.671490778102673328e-03 -4.128741100937875254e-05 1.000000025906538026e+00 -1.254965765851812445e-04 -6.188413186537705451e-04 -2.866301124201647962e-05 1.254903364337976973e-04 1.000000013481017636e+00 -1.187039267170790892e-03
1.000000032532455396e+00 7.840598963970609988e-05 7.171365646622679080e-06 2.882107462236091922e-03 -7.840509316640549076e-05 1.000000037449664481e+00 -7.900825729916865169e-06 3.136136826922234118e-05 -7.176175766470360335e-06 7.894960702575263029e-06 1.000000027571567029e+00 -1.130991535810888090e-03
1.000000037348845128e+00 7.577675855061617910e-06 3.396866406844259358e-05 2.764482675169066886e-03 -7.576386435192430666e-06 1.000000041986890631e+00 -1.536340103526919024e-05 1.798418490542401382e-03 -3.397311619721783086e-05 1.535581652219283723e-05 1.000000027704126992e+00 -1.105870355386753779e-03
1.000000036774957302e+00 -3.121486223377454856e-05 5.133255342722652727e-05 2.510366124846991238e-03 3.121707531259122211e-05 1.000000041631059711e+00 -3.394017170430758875e-05 2.794469753183137332e-03 -5.133630870263165841e-05 3.393391252529414666e-05 1.000000026849423573e+00 -7.965676902464666241e-04
1.000000037344737081e+00 5.467990103161469241e-06 5.728781862241262340e-05 2.480504442884153959e-03 -5.459713248335991918e-06 1.000000036487083577e+00 -1.465859046016714494e-04 8.887974972627179625e-04 -5.729109546956782950e-05 1.465778833550963217e-04 1.000000020575517068e+00 -8.896002038632457769e-04
1.000000015095761974e+00 -2.258699736026480891e-04 8.954679535741876334e-06 2.582095218281954974e-03 2.258723476405393024e-04 9.999999966170479704e-01 -2.331772497261496921e-04 9.909492951806968090e-04 -8.905911869154160316e-06 2.331724287630904580e-04 1.000000006425092902e+00 -1.622850993494427468e-03
9.999998063909819601e-01 -6.863442653343450718e-04 -4.531645568158713380e-05 1.468956840822562612e-03 6.863247912523056304e-04 9.999997187593722137e-01 -4.425796622647546657e-04 2.427649405672567626e-03 4.561442086913475709e-05 4.425424314333080574e-04 9.999999354472324242e-01 -2.394837012368851090e-03
9.999991648225978746e-01 -1.314343737542270681e-03 -1.786801174584410484e-04 3.404925364003817158e-03 1.314208232594255791e-03 9.999989013761571011e-01 -7.605356113730561392e-04 5.084523357951976734e-03 1.796722472935290214e-04 7.602942857736783846e-04 9.999997296288170023e-01 -2.038008157790560573e-03
9.999964263915851470e-01 -2.462676578762902201e-03 -1.084668960577363532e-03 1.064040244723250643e-02 2.461415554486410563e-03 9.999963506904600008e-01 -1.163471751525991084e-03 5.415465116961281321e-03 1.087521359658544197e-03 1.160793160823818046e-03 9.999987702363557496e-01 -1.608392213798592483e-03
9.999870372337743563e-01 -4.328550819151478872e-03 -2.701114321316950596e-03 2.071408035943455780e-02 4.325794480137257203e-03 9.999901786321191421e-01 -1.026023458723709664e-03 6.735366799894114929e-03 2.705519629572888593e-03 1.014327138333999184e-03 9.999958632643111134e-01 -2.341333591711208806e-03
9.999701689754525447e-01 -6.587795038558862289e-03 -4.046468304155797883e-03 3.905467772586890957e-02 6.586175851599520605e-03 9.999782884953060114e-01 -4.137224784679240748e-04 8.810495967410830048e-03 4.049096344510298186e-03 3.870629903806285018e-04 9.999917659016560600e-01 -4.735461928657429438e-03
9.999478549411968675e-01 -9.466456946234640818e-03 -3.845952636206767094e-03 6.917967426043857004e-02 9.465469067747232096e-03 9.999552295740327112e-01 -2.753440865203054177e-04 1.063539030756738453e-02 3.848376715558260355e-03 2.389283288016213873e-04 9.999926050925960208e-01 -1.044202469329778664e-02
9.999063845709316167e-01 -1.341896589625658255e-02 -2.697045075753700533e-03 1.052310278816252220e-01 1.341411518848001708e-02 9.999084577486251346e-01 -1.809122202741815988e-03 1.633918692952371701e-02 2.721063756208931105e-03 1.772776294302773337e-03 9.999947654410799025e-01 -1.138649152497753225e-02
9.998153773241746922e-01 -1.910980295767541332e-02 -2.037913267473809298e-03 1.459547250790763639e-01 1.910125624578040346e-02 9.998090765892764242e-01 -4.134674754254715617e-03 2.341215374507844144e-02 2.116522671161959798e-03 4.094986722945872550e-03 9.999894156692306080e-01 -4.624017870347766311e-03
9.996383251979750195e-01 -2.681393536935901961e-02 -2.089145521835129946e-03 1.886191860561843570e-01 2.680234341235311277e-02 9.996262812631150352e-01 -5.392783456925711628e-03 2.643263129280147908e-02 2.232950911509478612e-03 5.334841724255703042e-03 9.999833168221043955e-01 6.343538021647262886e-04
9.993251143746840759e-01 -3.666875600709383620e-02 -2.204920442341145020e-03 2.396493430553839343e-01 3.665837853471775459e-02 9.993174564461559939e-01 -4.576593975508328957e-03 3.251837674478748330e-02 2.371219244530389358e-03 4.492680102070948679e-03 9.999871369424563339e-01 1.307669045322831661e-03
9.988642451827520752e-01 -4.761276716478617804e-02 -1.844236980618344738e-03 2.909563128741893823e-01 4.761021276288380372e-02 9.988650887626535635e-01 -1.405890772846046842e-03 5.043877484349436335e-02 1.909070091032231357e-03 1.316494522813695198e-03 9.999973518976970066e-01 -1.966690439060035395e-03
9.982205389866883882e-01 -5.960339721094130849e-02 -1.830334489317357984e-03 3.426472070320056851e-01 5.960452145878019498e-02 9.982219985772898818e-01 5.649865086604221199e-04 7.424853306784789941e-02 1.793392831692866693e-03 -6.730712960234661773e-04 9.999982062663085314e-01 -7.951347928568282264e-03
9.973513134064123653e-01 -7.270698756650142980e-02 -2.053543463647858943e-03 4.063676015366820549e-01 7.271033394587657350e-02 9.973519024941244204e-01 1.603864235537896029e-03 9.499367711827391703e-02 1.931481604380427299e-03 -1.748922811836044764e-03 9.999966463059001276e-01 -5.297706979951999004e-03
9.961300275512375846e-01 -8.787912540094207359e-02 -1.550892989998826303e-03 4.854893088476666119e-01 8.788305945126376195e-02 9.961272894007343615e-01 2.680710249041408800e-03 1.117369997676089660e-01 1.309293615280355313e-03 -2.806622496737138771e-03 9.999952462559955624e-01 1.845420422987301178e-03
9.944374653302985312e-01 -1.053279998063414991e-01 5.689071546071031681e-04 5.652514441205475082e-01 1.053245444241851791e-01 9.944284127153133479e-01 4.367316232996939010e-03 1.329438052247308433e-01 -1.025753395105421378e-03 -4.283091782932591310e-03 9.999903435016400666e-01 7.575360763573331900e-03
9.921811529326284296e-01 -1.247786571281025297e-01 2.652437340586743381e-03 6.415170031187485966e-01 1.247628558373992669e-01 9.921716473420311155e-01 5.464275309582815321e-03 1.655645568255914024e-01 -3.313513235307604700e-03 -5.090612326488295168e-03 9.999815953818391723e-01 2.566463357389363927e-03
9.894902390361089983e-01 -1.445537240668259282e-01 3.672552714895466978e-03 7.254638837669344920e-01 1.445395202501547072e-01 9.894915360717947417e-01 3.878829302385033984e-03 2.022902204081619137e-01 -4.194677492542714901e-03 -3.307218331748218963e-03 9.999857771131586137e-01 -1.113727520158722464e-02
9.865276838583862951e-01 -1.635509164910468050e-01 3.799082391807528328e-03 8.177262499341543256e-01 1.635590244598504328e-01 9.865317816651756333e-01 -1.927792821128993580e-03 2.250261381454193022e-01 -3.432645355147185325e-03 2.523213682333057956e-03 9.999909708603937908e-01 -1.534269881688566858e-02
9.833284528917836109e-01 -1.818071495975841223e-01 3.394610430325380093e-03 9.193577859367993987e-01 1.818333962908409984e-01 9.832721864109666976e-01 -1.061421673220669729e-02 2.423377487821795906e-01 -1.408111466925252887e-03 1.105453439174212439e-02 9.999379560910891529e-01 -1.074984934193475190e-02
9.797908120332859960e-01 -2.000091653002307179e-01 2.551282580958043594e-03 1.022489857213152220e+00 2.000162865433170456e-01 9.795441679336965857e-01 -2.206703121305948756e-02 2.617414055329525535e-01 1.914486143256873994e-03 2.213139161503895405e-02 9.997532919369912507e-01 -8.925790593880967693e-04
9.760188667049234379e-01 -2.176806125512160683e-01 1.591820561015956431e-03 1.121595114290321105e+00 2.176342063545122496e-01 9.755983777950493208e-01 -2.904144132363867259e-02 2.865260646636031971e-01 4.768752794750045522e-03 2.869144767075131747e-02 9.995769960079975425e-01 2.470207424700090332e-02
9.722275958494901449e-01 -2.340375539669052318e-01 3.758489163963180655e-04 1.224910753716439205e+00 2.339486654862156512e-01 9.718114553166621317e-01 -2.916800358507950705e-02 3.236922690747382481e-01 6.461122189372541652e-03 2.844588653160119024e-02 9.995745090391719989e-01 3.260039315992797893e-02
9.683635918239368312e-01 -2.495369366881626527e-01 -1.868316964849741843e-03 1.340585486779950708e+00 2.493881952316628348e-01 9.679965700041610610e-01 -2.807903187994931216e-02 3.733044388060616225e-01 8.815244441166813008e-03 2.672479711403313168e-02 9.996040193510862260e-01 1.183600553513305606e-02
9.640115777696797172e-01 -2.658437724983624961e-01 -2.998157253967611690e-03 1.466394204706570337e+00 2.656339264695300462e-01 9.635937676484541692e-01 -3.042918648825702552e-02 4.175980146725206121e-01 1.097837814987305712e-02 2.853769674201630385e-02 9.995324883531847560e-01 -1.289451932183544383e-02
9.599335311945939031e-01 -2.802258985072163533e-01 1.136836363849794270e-03 1.591325570531000544e+00 2.800746677409253760e-01 9.592653752782295262e-01 -3.699179447827675993e-02 4.533577187773702999e-01 9.275495945116165805e-03 3.582808677588759927e-02 9.993149838602137791e-01 -1.481883594172268663e-02
9.567092081569670281e-01 -2.909136625455747693e-01 8.773217323994064037e-03 1.740029924615081880e+00 2.910064912759961486e-01 9.556486122214478129e-01 -4.529051191521798331e-02 4.923437352744392537e-01 4.791484489300027079e-03 4.588293671397044443e-02 9.989353951890442840e-01 1.478177834430242574e-02
9.536998809835952606e-01 -3.004049172245430444e-01 1.461749616812483936e-02 1.903647913653568891e+00 3.007553533764468212e-01 9.522765518617647418e-01 -5.211406526894151597e-02 5.439162137360575855e-01 1.735391071993241637e-03 5.409749289663564470e-02 9.985342142308988311e-01 4.695139610030670679e-02
9.505951184207790394e-01 -3.100573273627070803e-01 1.528484890891783701e-02 2.052207636161437421e+00 3.104323769991254034e-01 9.492853967365614265e-01 -4.989258155268908035e-02 6.100036422336782005e-01 9.598431797050873369e-04 5.217258216872475846e-02 9.986376868151344288e-01 6.943425175270059868e-02
9.479561501059422524e-01 -3.183032228206651992e-01 7.902735204420387877e-03 2.183851760024593691e+00 3.183565284264144313e-01 9.471144853450567114e-01 -4.029363609770094529e-02 6.860548782751846320e-01 5.340760013324207141e-03 4.071251526633804657e-02 9.991566961151990833e-01 5.539046388530987491e-02
9.453212828785526600e-01 -3.261199559458189956e-01 -3.702336611187254968e-03 2.334715839838954921e+00 3.258420961661225301e-01 9.448800104065206984e-01 -3.207811909169220460e-02 7.678036353531976221e-01 1.395953443294784858e-02 2.911778218248468886e-02 9.994785771479597347e-01 4.246229808724482149e-03
9.423284535928821981e-01 -3.346163903859033506e-01 -7.015610048040727895e-03 2.507837799575834303e+00 3.341769222576858045e-01 9.418374842728229890e-01 -3.561254091058231597e-02 8.137039153399913127e-01 1.852406009009225502e-02 3.121428563063631187e-02 9.993411189740366574e-01 -5.482029276418782376e-02
9.398920509484843810e-01 -3.413875584548856090e-01 7.598204540560084437e-03 2.698096214332682763e+00 3.412751307073587648e-01 9.383616049575824736e-01 -5.485532313603964233e-02 8.377000267869634254e-01 1.159702143927219750e-02 5.415118623901885725e-02 9.984654781861159734e-01 -4.312355139195585274e-02
9.381559679392721396e-01 -3.449564228516516784e-01 2.947395240622461762e-02 2.904150010069965315e+00 3.462128153469818947e-01 9.346050576038389401e-01 -8.154996647013611211e-02 8.831564052182336866e-01 5.846426309519378497e-04 8.671086679023130850e-02 9.962334266768291258e-01 5.111228752565776662e-02
9.361933876665016196e-01 -3.492458953762890839e-01 3.961715522499143632e-02 3.113637265558540701e+00 3.514816137603751778e-01 9.307622900278514910e-01 -1.007102951303789073e-01 9.590581779191033052e-01 -1.701530475775066839e-03 1.082090298568544467e-01 9.941267901391520612e-01 1.366730745288287086e-01
9.338827076368114710e-01 -3.562936471282759365e-01 3.030181660231332647e-02 3.301319119073963915e+00 3.575263095893539966e-01 9.289173937807233550e-01 -9.637294595460477176e-02 1.038993210488073027e+00 6.189148066134096682e-03 1.008347418901655856e-01 9.948840215841864287e-01 1.304632415800937029e-01
9.317962439041479472e-01 -3.626204922729647229e-01 1.619924249962766821e-02 3.483895509984120675e+00 3.627700146891407185e-01 9.287983309457458203e-01 -7.570937861795867807e-02 1.121285411645884800e+00 1.240790563910405299e-02 7.642233715116432402e-02 9.969984160512106453e-01 5.290595012680337182e-03
9.313388400808709777e-01 -3.639217801714997313e-01 1.300709608087845075e-02 3.685795765299716642e+00 3.639563245277503967e-01 9.290617050713443348e-01 -6.618520070538001787e-02 1.201431110031182303e+00 1.200180222015998464e-02 6.637488829613524821e-02 9.977226585863411268e-01 -7.745856164785497322e-02
9.317810110885923480e-01 -3.626133037819162519e-01 1.720543573987302552e-02 3.916183388576720326e+00 3.627900519062549067e-01 9.284498331839556862e-01 -7.977863304085337781e-02 1.294158789347498395e+00 1.295437218164358258e-02 8.057819930969556399e-02 9.966641921351423461e-01 -1.553722121668768726e-02
9.319764817560761694e-01 -3.619384690590661258e-01 2.051027647337607535e-02 4.153623531149592374e+00 3.621013622624561501e-01 9.266959495873323682e-01 -1.005861553614927628e-01 1.376169281614109563e+00 1.739917227702240943e-02 1.011707484005615609e-01 9.947170113030623373e-01 1.139499483869913787e-01
9.327963889488555260e-01 -3.598281138330962081e-01 2.036980657611565590e-02 4.382712511557277146e+00 3.598430326436453663e-01 9.267023653197883348e-01 -1.083332203925337217e-01 1.438967208162820421e+00 2.010455118816678252e-02 1.083827857810752415e-01 9.939060133595446489e-01 1.552554213468179400e-01
9.348695672346760688e-01 -3.544476011075232691e-01 1.964936110801680097e-02 4.629609087325794903e+00 3.546172014325366662e-01 9.299090172651598429e-01 -9.755118798374290412e-02 1.519747807545346774e+00 1.630462544533530650e-02 9.816565761282700087e-02 9.950366073477396878e-01 1.074553249600061489e-01
9.382788352831975542e-01 -3.453692725176409906e-01 1.879376575273236302e-02 4.886785138481576141e+00 3.457159275455406466e-01 9.347730071946925845e-01 -8.173313026392867164e-02 1.628473483849926629e+00 1.066016357034962024e-02 8.318579436179913966e-02 9.964771317514032889e-01 3.357552976974879227e-02
9.423782537144199667e-01 -3.341711276051883561e-01 1.591259268087608439e-02 5.153180323695440102e+00 3.343262496119889793e-01 9.389443017048874074e-01 -8.130162708725781340e-02 1.735948582574343257e+00 1.222756944275029713e-02 8.193690837196293542e-02 9.965626028602104780e-01 9.975418715110340520e-03
9.465178027316778486e-01 -3.224934357574280042e-01 1.011787698140713398e-02 5.416974881589592172e+00 3.219985037028290642e-01 9.421408669153550353e-01 -9.320923271892264661e-02 1.807630549488749905e+00 2.052685146277285003e-02 9.148216009901051493e-02 9.955952267887520080e-01 5.601418525673826365e-02
9.510809177622573385e-01 -3.088897895270569793e-01 5.704067260398217043e-03 5.681072592227204510e+00 3.078144447831190345e-01 9.458705266901238362e-01 -1.028573635944750875e-01 1.852706434960947446e+00 2.637622982814941119e-02 9.958148656876525395e-02 9.946798556781629719e-01 1.049583408219131181e-01
9.558454547064997309e-01 -2.938123871278374710e-01 5.840323242430357602e-03 5.968471216532090118e+00 2.928654674713602746e-01 9.507464190767721535e-01 -1.015455525046075058e-01 1.920765143279962395e+00 2.428262136589230680e-02 9.877230199203400340e-02 9.948138428134747357e-01 1.136679437797705472e-01
9.602764883243209981e-01 -2.789212674077851672e-01 8.506794858358677353e-03 6.275501361417133772e+00 2.785111863208352689e-01 9.560783949044785457e-01 -9.135681946763908601e-02 2.012294735952925961e+00 1.734814287933571231e-02 9.009706495230798695e-02 9.957819828953610175e-01 9.071566721096219199e-02
9.646264744068981933e-01 -2.633463333891695735e-01 1.203553271660233806e-02 6.575389600797825196e+00 2.634454731503272362e-01 9.613114846722540241e-01 -8.048084677709257950e-02 2.102169118863764563e+00 9.624385303541642400e-03 8.080468790151275338e-02 9.966835866865674243e-01 7.100142909331602636e-02
9.692239179369278590e-01 -2.458067439390769493e-01 1.358058284237987842e-02 6.887186505018187965e+00 2.461281660475278521e-01 9.663884479855914256e-01 -7.426142188499512686e-02 2.192706719649157865e+00 5.129783219506339927e-03 7.531853929211645982e-02 9.971464301838894873e-01 7.953933066626499293e-02
9.736867901173668072e-01 -2.275849510929673358e-01 1.181217289716651221e-02 7.213846111609386824e+00 2.278344339875203739e-01 9.709776845349112895e-01 -7.276183167838155830e-02 2.266256784458874129e+00 5.090085405391885261e-03 7.353847990465468831e-02 9.972794913791144245e-01 9.984113454387068265e-02
9.776302150366554811e-01 -2.101252664476797316e-01 9.324430780570642716e-03 7.554835013799144683e+00 2.102572576188892484e-01 9.751395950208132657e-01 -6.996526953709029939e-02 2.322956283812819933e+00 5.608791174732123859e-03 7.036071343352715002e-02 9.975059468707551114e-01 1.149938125818402018e-01
9.811885808753423310e-01 -1.927840708298664829e-01 1.018259465786777382e-02 7.902229558109929108e+00 1.930399877053167734e-01 9.791500581785924640e-01 -6.325518323045045688e-02 2.379970437467061384e+00 2.224241967919432170e-03 6.403093689486895335e-02 9.979455390893955391e-01 1.090215399036755378e-01
9.845278650363566975e-01 -1.747089865095123595e-01 1.349365166261879377e-02 8.254320719628076120e+00 1.751995605435837655e-01 9.828566782280236946e-01 -5.743135735014831544e-02 2.442355320976134170e+00 -3.228611600201597778e-03 5.890688470203263999e-02 9.982583676300391673e-01 9.595634369526609420e-02
9.875038032738550076e-01 -1.568097931089655617e-01 1.572759707712526739e-02 8.617779460789085633e+00 1.574391363180497883e-01 9.860518630272826490e-01 -5.399211070831303610e-02 2.505021339267607061e+00 -7.041792540584437300e-03 5.579358587458280172e-02 9.984176051873963065e-01 9.795056629716777929e-02
9.901366792732990696e-01 -1.391736249119061852e-01 1.613976101741410388e-02 8.999285322773136642e+00 1.398206334701701248e-01 9.888925104641944630e-01 -5.042127161551106934e-02 2.556642808642404230e+00 -8.943236289244737777e-03 5.218065475527512015e-02 9.985977326243934415e-01 1.123375200978962291e-01
9.924619095349523912e-01 -1.215733731157902509e-01 1.548256280546129668e-02 9.386221653348764349e+00 1.221508286493385859e-01 9.915163424249646695e-01 -4.444132017570825294e-02 2.598773758405003242e+00 -9.948392354624828113e-03 4.599755886584232234e-02 9.988921326716805327e-01 1.137810756131060336e-01
9.944011772146835737e-01 -1.046418502114252469e-01 1.472501888738612062e-02 9.777144851359473421e+00 1.051316403850452302e-01 9.937411544634315863e-01 -3.776738871200441966e-02 2.636967358975140563e+00 -1.068086453735276470e-02 3.910403914884606758e-02 9.991781827940237060e-01 9.856192448258792316e-02
9.959829191758494682e-01 -8.817483635002705544e-02 1.561026034865425557e-02 1.017185644082876550e+01 8.864238436529171816e-02 9.955385894118300438e-01 -3.234156930670768065e-02 2.671556342182834776e+00 -1.268895914700009057e-02 3.359542200361563535e-02 9.993550852825999753e-01 8.372209581688547231e-02
9.972320343421343658e-01 -7.213540447164110136e-02 1.803369982278155842e-02 1.057832201902159852e+01 7.265049893391607727e-02 9.969136908776765615e-01 -2.975795648836608229e-02 2.707289090133491616e+00 -1.583149769532471440e-02 3.098578385735678217e-02 9.993945653827243092e-01 8.344272700861353476e-02
9.981897363768812426e-01 -5.690257427217535607e-02 1.948892900930702249e-02 1.099653658497765463e+01 5.747462528202371829e-02 9.978912173622509485e-01 -3.017178668267335787e-02 2.727746281184733057e+00 -1.773104143008298605e-02 3.123732415475414734e-02 9.993548395629595626e-01 9.359563494879984125e-02
9.988640350007977897e-01 -4.384345252153906691e-02 1.867814854493987653e-02 1.141549269708454162e+01 4.441433131051976402e-02 9.985219978515447181e-01 -3.133287601995535937e-02 2.739010362530439391e+00 -1.727686575644761524e-02 3.212689732143077237e-02 9.993345929056642873e-01 1.002387969294150083e-01
9.993150437582069001e-01 -3.316595618239040477e-02 1.643025371204681617e-02 1.183374998875352624e+01 3.364227183458190495e-02 9.989953090406655800e-01 -2.961656247156584792e-02 2.747160248258608384e+00 -1.543154960319827358e-02 3.014906554472232894e-02 9.994264144373123937e-01 1.011255476117252222e-01
9.995884568215963606e-01 -2.467504443163893307e-02 1.464767237676188431e-02 1.226447729321801994e+01 2.502537913907513373e-02 9.993932431067350519e-01 -2.423739103818409180e-02 2.757492335546690931e+00 -1.404079181232266785e-02 2.459402035372407896e-02 9.995990432838571804e-01 8.672589284742801552e-02
9.997509485635420745e-01 -1.731891200799492297e-02 1.409243115122401496e-02 1.270956691530708760e+01 1.762052326959261464e-02 9.996123772129624774e-01 -2.156832863748155485e-02 2.771061590351546311e+00 -1.371349389293255276e-02 2.181131516135140919e-02 9.996681769945694462e-01 5.910662299534858583e-02
9.998476694982282309e-01 -1.036646209849369400e-02 1.406010718651382399e-02 1.317025829108465196e+01 1.069787097764941970e-02 9.996620503844827477e-01 -2.370515726320954197e-02 2.772073837802552454e+00 -1.380968693856599386e-02 2.385199921606360324e-02 9.996202449194595552e-01 5.107049948451569676e-02
9.998881583947475393e-01 -3.891352503862347077e-03 1.445837552725551950e-02 1.363196367222093031e+01 4.276682970904609714e-03 9.996341774464266861e-01 -2.671740088700681401e-02 2.765557866628734374e+00 -1.434919039359458873e-02 2.677628423369148372e-02 9.995385890223117409e-01 6.225953323778676135e-02
9.998689156784915655e-01 1.047619643286858311e-03 1.617337263331204006e-02 1.411057062047206223e+01 -5.969693132668681037e-04 9.996123957436686691e-01 -2.784435018471838677e-02 2.764723300331057398e+00 -1.619634507020695571e-02 2.783108122759681002e-02 9.994815502367937476e-01 7.206996321090353153e-02
9.998246232900562802e-01 5.263807814872614385e-03 1.798734262591466029e-02 1.459456193688207470e+01 -4.811312881410408082e-03 9.996734606741294327e-01 -2.510845736871684247e-02 2.769459971956593325e+00 -1.811370555344555058e-02 2.501754749888803614e-02 9.995230242808911258e-01 7.388909959926386051e-02
9.997876432412824421e-01 9.840524029108083798e-03 1.812093244328528627e-02 1.507934095807972241e+01 -9.482670399226988608e-03 9.997606802342421384e-01 -1.973024867875445773e-02 2.780430873081270349e+00 -1.831081736167538068e-02 1.955426528053924584e-02 9.996412422468889947e-01 5.056683248090169946e-02
9.997422777374658232e-01 1.464350920253972010e-02 1.736333198798176852e-02 1.556791687350567166e+01 -1.437551954282852845e-02 9.997774376333603552e-01 -1.546117552887327391e-02 2.772684378870192035e+00 -1.758593719670382971e-02 1.520762853730822824e-02 9.997298334012743037e-01 2.642724543078310215e-02
9.996633074930361129e-01 1.900433911433549797e-02 1.768200393974115117e-02 1.607835933204300716e+01 -1.873678826400775391e-02 9.997095701055662698e-01 -1.517711775556347328e-02 2.757196851839213370e+00 -1.796536632730654989e-02 1.484074834416036943e-02 9.997286012950747924e-01 1.567974405480227276e-02
9.995586515854928411e-01 2.286462396322896592e-02 1.898052456634525403e-02 1.659865313943049259e+01 -2.248300115168631527e-02 9.995458133536864187e-01 -2.008288845917256121e-02 2.741601349213090622e+00 -1.943115966855844465e-02 1.964732663623101547e-02 9.996182738950282198e-01 1.771089089462565477e-02
9.994411133587833840e-01 2.660490206447329448e-02 2.025321529892112893e-02 1.711502621104323651e+01 -2.608755429317112171e-02 9.993373793306908892e-01 -2.539461752257335392e-02 2.732259844054743425e+00 -2.091548580937452328e-02 2.485210474575152290e-02 9.994724600208321208e-01 3.773746480297609368e-02
9.993111040595796801e-01 3.077055376018661761e-02 2.076158190463716496e-02 1.763069149337360741e+01 -3.025154755232942541e-02 9.992332689286087533e-01 -2.486700318829360851e-02 2.720542464209824818e+00 -2.151090346777125017e-02 2.422183927818053958e-02 9.994752980686347765e-01 4.599489568758830665e-02
9.991774953588176134e-01 3.511486988226656530e-02 2.029370332520602158e-02 1.816292843855347883e+01 -3.473157890233755096e-02 9.992174771804258615e-01 -1.894217726998564943e-02 2.709523088925740897e+00 -2.094304649663745327e-02 1.822180267519364280e-02 9.996147500532001073e-01 2.513398442997930027e-02
9.990507475303398444e-01 3.943162900158194567e-02 1.852862299688474643e-02 1.870536702108631033e+01 -3.918687771902633343e-02 9.991424619680987496e-01 -1.339364039182421896e-02 2.690227784905017572e+00 -1.904094141942557286e-02 1.265488580122455832e-02 9.997387641916847256e-01 -1.647576586438606952e-02
9.989007722391610722e-01 4.314265629449311884e-02 1.834477771670151719e-02 1.925462870757705502e+01 -4.292390289707651019e-02 9.990047078905456290e-01 -1.215748169427889255e-02 2.670175734224868425e+00 -1.885110222167218907e-02 1.135673089807028718e-02 9.997579523358620657e-01 -3.064076083958134494e-02
9.986898719501478006e-01 4.720783878612187789e-02 1.976196292666367732e-02 1.981078274071732181e+01 -4.693217502053126378e-02 9.987976227791247608e-01 -1.418998921663256786e-02 2.643695051674067820e+00 -2.040815681044135313e-02 1.324396770260268148e-02 9.997041632793127741e-01 -1.312277974482240449e-02
9.984744137999855829e-01 5.170049062446788884e-02 1.940309679178022981e-02 2.036724512956870825e+01 -5.139831075801169769e-02 9.985541471692002125e-01 -1.576419576752704013e-02 2.618729357331285978e+00 -2.019013505246698703e-02 1.474289987937386567e-02 9.996876110167960405e-01 -9.195923469558015678e-03
9.982700123707773932e-01 5.623269439946266407e-02 1.718871711312043582e-02 2.093189514250142835e+01 -5.599113029477553738e-02 9.983302196407545237e-01 -1.422855051738053378e-02 2.583763120151004511e+00 -1.796020381300340862e-02 1.324155761494357104e-02 9.997511784629971032e-01 -1.430297460293443457e-02
9.980539258913261325e-01 6.000460220209458823e-02 1.698219281479916229e-02 2.151256883809792342e+01 -5.984927478736930262e-02 9.981624263164652344e-01 -9.514401277683801755e-03 2.550023551820461698e+00 -1.752197274902233398e-02 8.479553774875192573e-03 9.998106858802736641e-01 -3.320970633050164544e-02
9.977581800013651803e-01 6.343746254337975787e-02 2.132826409467285592e-02 2.211099678782846567e+01 -6.337364934939236638e-02 9.979835138549008056e-01 -3.657282680560522848e-03 2.527718956844733356e+00 -2.151734097148776115e-02 2.297476247077143586e-03 9.997660035570530290e-01 -4.951524665436256301e-02
9.974588639628256814e-01 6.718548238066139600e-02 2.371754726135087005e-02 2.271071214389279547e+01 -6.722623319373842443e-02 9.977376773801087673e-01 9.224463673047912345e-04 2.499903380373813544e+00 -2.360199121290966137e-02 -2.514498722135844605e-03 9.997184426317483608e-01 -6.585495452624642865e-02
9.972970305101958033e-01 7.043048271857697828e-02 2.094725371151125864e-02 2.330954250748754220e+01 -7.047000145496779000e-02 9.975135815847958609e-01 1.151572262507380862e-03 2.458154549788720722e+00 -2.081414121398024106e-02 -2.624563418401470050e-03 9.997800924746523821e-01 -8.754855005439114712e-02
9.972724165535304941e-01 7.201029900901624592e-02 1.621288069064765955e-02 2.391199279296470337e+01 -7.197170883597781010e-02 9.974026483447804292e-01 -2.954460584779510738e-03 2.412551891898740752e+00 -1.638360230449674090e-02 1.779581880252778785e-03 9.998643716996652442e-01 -8.338627434667124361e-02
9.972904893231927526e-01 7.284820439240483059e-02 1.026855562358795423e-02 2.451891715485682610e+01 -7.275759695455977227e-02 9.973099276414604253e-01 -8.941402891300239547e-03 2.370820485050353366e+00 -1.089238058866081639e-02 8.170108711354715295e-03 9.999074746001308522e-01 -6.228100641544467159e-02
9.972721640837302060e-01 7.326286320947890396e-02 9.022936662625664905e-03 2.514803625240224960e+01 -7.321766460221169892e-02 9.973025445785100862e-01 -5.246416932231479785e-03 2.340703236411731503e+00 -9.383045077981291143e-03 4.571516897250198913e-03 9.999457060291783161e-01 -4.501601274694163463e-02
9.972164094375665089e-01 7.311049458415144753e-02 1.466039872438722885e-02 2.579354565981286385e+01 -7.318896083321366208e-02 9.973064839508505308e-01 4.885822953465476445e-03 2.310412917484798268e+00 -1.426378237202177018e-02 -5.945149386219098636e-03 9.998807751337646099e-01 -8.750113823570884741e-02
9.970917710579387805e-01 7.284791366415477309e-02 2.240151820426927384e-02 2.644572214313221536e+01 -7.302074287838562772e-02 9.973062632188247623e-01 6.993490218281758763e-03 2.263310710011804172e+00 -2.183178682426676481e-02 -8.608875853018428670e-03 9.997247781203618677e-01 -1.459120308939441391e-01
9.969655705530141576e-01 7.321355961294170878e-02 2.645899647506275501e-02 2.710237631325832552e+01 -7.318843748368786262e-02 9.973166477856075796e-01 -1.919628233777626643e-03 2.212351476722313581e+00 -2.652861442796966562e-02 -2.264525734634376654e-05 9.996482455976615222e-01 -1.502528766806151828e-01
9.969542842352464573e-01 7.361622825088216804e-02 2.575775601176219162e-02 2.776675336277299166e+01 -7.330984227272784037e-02 9.972293949692455639e-01 -1.264664630422160721e-02 2.165441894226106889e+00 -2.661746724170454409e-02 1.071986829609510895e-02 9.995884074630951854e-01 -1.075190236051142140e-01
9.969927788074928188e-01 7.393618271415414167e-02 2.322716035932280085e-02 2.842996531551435879e+01 -7.364421407988445967e-02 9.971977615408508244e-01 -1.318688416402035053e-02 2.117399269736132794e+00 -2.413713881775478645e-02 1.143671911634018025e-02 9.996434352254803812e-01 -9.171425600202684492e-02
9.970182706606876000e-01 7.372583290517077670e-02 2.279768864046165244e-02 2.910098910150014007e+01 -7.362990908994332395e-02 9.972733603131169744e-01 -5.022160878581705991e-03 2.071215137387590222e+00 -2.310586998173918757e-02 3.328634461475348839e-03 9.997276834938201295e-01 -1.269910352036159318e-01
9.970471196404085967e-01 7.297555314860029729e-02 2.392237342298865130e-02 2.978790298651308532e+01 -7.304742526009312675e-02 9.973265462636773382e-01 2.140826454079612640e-03 2.025609022880925814e+00 -2.370226715672738363e-02 -3.881927162537091719e-03 9.997117322986643906e-01 -1.845435985177544536e-01
9.970245402715325334e-01 7.290384553532321121e-02 2.505526334744765521e-02 3.047583556609327715e+01 -7.295933964787056081e-02 9.973344398643404496e-01 1.304329781847961061e-03 1.970927476160631686e+00 -2.489346336231811063e-02 -3.128419446587209392e-03 9.996854231507467103e-01 -2.093799149227357770e-01
9.969976544748719860e-01 7.313484367144654219e-02 2.544887242112986100e-02 3.117061595331438184e+01 -7.297090688743571030e-02 9.973076182909864640e-01 -7.315563274447382108e-03 1.922965394900726821e+00 -2.591545383132618299e-02 5.436612213397052154e-03 9.996495668362934683e-01 -1.988582895897271774e-01
9.969742571206303694e-01 7.320595595380681442e-02 2.615138832583080788e-02 3.189326832376552900e+01 -7.286631879884680751e-02 9.972477763058352762e-01 -1.371603207507596928e-02 1.886653661733009857e+00 -2.708358550811224008e-02 1.176901210243460824e-02 9.995641038164571057e-01 -1.723547421117105072e-01
9.969237152610918029e-01 7.364142099012783993e-02 2.684638426482478801e-02 3.262010079552217690e+01 -7.336239650260921452e-02 9.972424140936454462e-01 -1.123792328990244616e-02 1.842674009897183218e+00 -2.760000918709368950e-02 9.233873018974743732e-03 9.995766138262233147e-01 -1.814190360721033568e-01
9.968704653724216325e-01 7.413286014392837797e-02 2.746417653360236702e-02 3.334136774778026080e+01 -7.410343455796571110e-02 9.972487550655028121e-01 -2.091552015342674608e-03 1.794881854458340253e+00 -2.754375169438008641e-02 4.985417784804947988e-05 9.996208176502391352e-01 -2.305352764624228612e-01
9.968758436110660703e-01 7.446855642676639131e-02 2.633778210637694600e-02 3.406641673839934015e+01 -7.458265909794935256e-02 9.972095205026797471e-01 3.372671179829673117e-03 1.738462744550418382e+00 -2.601321362027932821e-02 -5.326437004647231223e-03 9.996476325825736087e-01 -2.804929203894011569e-01
9.968746025006950395e-01 7.503775073715865385e-02 2.471958781883432793e-02 3.479776037654311693e+01 -7.508446250411299205e-02 9.971771049403334031e-01 9.628631994800686397e-04 1.682662046565718494e+00 -2.457764052768050128e-02 -2.815873133564276379e-03 9.996941867903063050e-01 -2.855621551996082030e-01
9.967391918190936506e-01 7.671924867171683871e-02 2.501680477294226934e-02 3.553699090485593359e+01 -7.663696435678134244e-02 9.970504605576167023e-01 -4.235693933627713778e-03 1.635773808642992266e+00 -2.526805848188843837e-02 2.304707676955791359e-03 9.996782856107058191e-01 -2.637364229789757042e-01
9.964806638453692633e-01 7.927808100025834914e-02 2.723939475148849654e-02 3.629583194611142005e+01 -7.918203068813006729e-02 9.968500003523875774e-01 -4.591137439122398509e-03 1.585271399137118342e+00 -2.751764816431826258e-02 2.418151148846598136e-03 9.996186254217209743e-01 -2.667991132860732528e-01
9.962322563889483007e-01 8.128985764273873038e-02 3.023195763426307289e-02 3.706285240904379918e+01 -8.132366987581206297e-02 9.966881404245618858e-01 -1.137544721741378512e-04 1.529858231407158042e+00 -3.014116274403909335e-02 -2.345199443727739082e-03 9.995431359852395836e-01 -3.050398383608850517e-01
9.961156693159876063e-01 8.220319778868125093e-02 3.157419509050302803e-02 3.783463672302951863e+01 -8.235794147574550250e-02 9.965966177099976342e-01 3.627658114264915856e-03 1.470485154161131014e+00 -3.116861026708627955e-02 -6.213901736687588509e-03 9.994950638302101398e-01 -3.466131008907759048e-01
9.961195552232412487e-01 8.296340548971917195e-02 2.938763775490193034e-02 3.860933312386399763e+01 -8.312317074176966969e-02 9.965306130705906540e-01 4.252658542083499055e-03 1.417356110615056952e+00 -2.893294620977792178e-02 -6.678897136871962160e-03 9.995592828914146022e-01 -3.622109525578779410e-01
9.960904490450254167e-01 8.432376354236814642e-02 2.634493883982389970e-02 3.938771627829219568e+01 -8.445794748034528288e-02 9.964193495047080074e-01 4.018157822016428515e-03 1.358006260436424251e+00 -2.591186299242002194e-02 -6.227433342017030249e-03 9.996450789330518782e-01 -3.513182743370069083e-01
