1.000000000000000000e+00 0.000000000000000000e+00 8.809142651444723526e-20 0.000000000000000000e+00 0.000000000000000000e+00 1.000000000000000000e+00 -8.673617379884035472e-19 1.387778780781445676e-17 -2.032879073410320814e-20 0.000000000000000000e+00 1.000000000000000222e+00 0.000000000000000000e+00
9.999461906171448478e-01 -8.455181169608437519e-04 1.033929318680208362e-02 6.062590098120721610e-02 8.422438668036968598e-04 9.999995937812994340e-01 3.210309699902243533e-04 -1.968710831290187979e-04 -1.033956060293987449e-02 -3.123054819426963891e-04 9.999464965382982573e-01 2.811278319444964202e-01
9.998627459860246480e-01 -2.641774712608182044e-03 1.635574024090042169e-02 1.135922345166523462e-01 2.630987989930218957e-03 9.999963070678987709e-01 6.809903113798700461e-04 1.740015267511635377e-03 -1.635747914560541777e-02 -6.378650754452095881e-04 9.998660040155034068e-01 5.135818773386511271e-01
9.998026147393693774e-01 -5.773529463305809850e-03 1.901046945037259545e-02 7.681686699048606570e-02 5.781961385406039940e-03 9.999832088085248705e-01 -3.886041603435750821e-04 -8.676099479195356623e-03 -1.900790695333214736e-02 4.984452821296054062e-04 9.998192091598545606e-01 9.264918619587122484e-01
9.998365439009728739e-01 -6.694427057379439931e-03 1.679494439627206986e-02 8.168007178806734048e-02 6.722237300409172195e-03 9.999761255372224822e-01 -1.599959208309141394e-03 -1.594164719294735577e-02 -1.678383290725546720e-02 1.712597322879233497e-03 9.998576748439661488e-01 1.185316403937880070e+00
9.998898110026115393e-01 -1.014459284125858451e-02 1.083757908334607133e-02 8.230585162463348314e-02 1.017942548892146991e-02 9.999431833984615547e-01 -3.163740539422429422e-03 -1.157655292411931269e-02 -1.080486865831651287e-02 3.273712305992187120e-03 9.999362667727070830e-01 1.553704987490654998e+00
9.999376270888000739e-01 -1.101824985803607874e-02 -1.827599206246108363e-03 4.481978408226768018e-02 1.101011075948322288e-02 9.999296828587622699e-01 -4.405312739372359114e-03 -2.490050290817656664e-02 1.876009560779856459e-03 4.384915943802383115e-03 9.999886264864356056e-01 1.846171285214568192e+00
9.997945700139267977e-01 -1.109142071550926756e-02 -1.696461458030948388e-02 2.285477983740366679e-03 1.101279241100729459e-02 9.999282114240589658e-01 -4.721269206250567133e-03 -3.448410997941710188e-02 1.701576258949102569e-02 4.533471570996442691e-03 9.998449437222803882e-01 2.164992591236976960e+00
9.993167850837335608e-01 -6.173812493751523051e-03 -3.643963537323346297e-02 -8.556237292638177103e-03 5.982104907260914206e-03 9.999677008388855315e-01 -5.367652178789922637e-03 -3.037808564437287362e-02 3.647159790903702764e-02 5.145999215124558851e-03 9.993214404339915147e-01 2.520734777643937718e+00
9.984017593084455466e-01 -4.280855339854657514e-03 -5.635247253736843515e-02 -6.658924039721288157e-02 3.960664383193174265e-03 9.999753803518598438e-01 -5.792393414990998878e-03 -4.580596190730956696e-02 5.637588252901436225e-02 5.559942547361084418e-03 9.983941341176603146e-01 2.852997673042803939e+00
9.971122533149099354e-01 -2.916436631057805519e-03 -7.588575944099675008e-02 -1.083712341058394313e-01 2.454425259374498104e-03 9.999778865111919046e-01 -6.180799437876877828e-03 -4.764140194072165324e-02 7.590210856095075398e-02 5.976694917043733762e-03 9.970973619652886422e-01 3.210541564500260403e+00
9.952750596805086669e-01 -4.105730684682657068e-03 -9.700875353448827620e-02 -1.683855177617703536e-01 3.590666363797070763e-03 9.999785192574639492e-01 -5.483441713389472852e-03 -4.917484777658295836e-02 9.702918492502786429e-02 5.109206670798879801e-03 9.952684228773961417e-01 3.584957380570236829e+00
9.931914217613447837e-01 -4.346729791737272662e-03 -1.164126509040597085e-01 -2.186993605935937390e-01 3.784463124009596925e-03 9.999800847320536867e-01 -5.050541758341222688e-03 -5.828830284721518706e-02 1.164322878674271533e-01 4.575595303209611074e-03 9.931880922891436203e-01 3.985990815735138248e+00
9.910355664549408417e-01 -4.262242200828098362e-03 -1.335302917908130771e-01 -3.021292177818094560e-01 3.695817883074849902e-03 9.999830925487984690e-01 -4.489492256895982226e-03 -6.688055623861469123e-02 1.335471717463639907e-01 3.955742778302912509e-03 9.910345632270487481e-01 4.376257527727588581e+00
9.887866545313420685e-01 -3.227490025915607293e-03 -1.493001491670365721e-01 -3.694034766700021732e-01 2.658910384139808944e-03 9.999884339998659222e-01 -4.007749728118275429e-03 -8.889456180126809048e-02 1.493113599160566796e-01 3.565833626960400286e-03 9.887838000403799121e-01 4.812192028329658200e+00
9.866373185444835547e-01 -3.036149058981620508e-03 -1.629035996361149763e-01 -4.704235143430250954e-01 2.415935872969713141e-03 9.999890607050700986e-01 -4.005211643345146962e-03 -8.765216099969752594e-02 1.629139808229562725e-01 3.558126511301143782e-03 9.866338607972703345e-01 5.221157632162032769e+00
9.844592233437694517e-01 -3.657159796005918836e-03 -1.755752316972400973e-01 -5.485632239923050602e-01 2.837068537381723203e-03 9.999838639936309281e-01 -4.921665377774187347e-03 -9.579228059208556856e-02 1.755904009675370581e-01 4.347059791261530595e-03 9.844537139620590516e-01 5.660853045193429800e+00
9.827106943356068713e-01 -6.375395544117186050e-03 -1.850379548441336564e-01 -6.355528513233839050e-01 5.232989851245617788e-03 9.999641186983148078e-01 -6.661615765222392467e-03 -9.782630102820739915e-02 1.850737890768433813e-01 5.578139200566153283e-03 9.827087960354792262e-01 6.093731875500163042e+00
9.810652594222131206e-01 -5.532142308731356761e-03 -1.935984278091656408e-01 -7.637256423587296394e-01 4.042533910589208267e-03 9.999591159658269834e-01 -8.088529540704152143e-03 -9.920964131389346796e-02 1.936352629674871761e-01 7.152747015194456034e-03 9.810475136597932577e-01 6.536725996511711934e+00
9.795411409747841747e-01 -5.881002665740482464e-03 -2.011580621756133558e-01 -8.361549941642911765e-01 3.879991432729013381e-03 9.999390101668801378e-01 -1.034029047181792352e-02 -1.026748959840796810e-01 2.012066083304075437e-01 9.348248274942256436e-03 9.795042174444682503e-01 7.036200454065346221e+00
9.779932728318023738e-01 -6.167725988166826781e-03 -2.085452383129343112e-01 -9.619451818860623726e-01 3.582321054115370461e-03 9.999120079673313732e-01 -1.277275589698929209e-02 -1.274263388075113912e-01 2.086056704534524908e-01 1.174459326640956910e-02 9.779293122807746208e-01 7.496020127615637740e+00
9.761540613677446299e-01 -9.635527033678739986e-03 -2.168649441441488357e-01 -1.070972150693758174e+00 6.680413753098701085e-03 9.998746378872754859e-01 -1.435550663930251769e-02 -1.286206886523943438e-01 2.169760841148390129e-01 1.256443847751067058e-02 9.760960582413688025e-01 8.003882636540533113e+00
9.743256429041613487e-01 -1.519050293469111426e-02 -2.246303386538458791e-01 -1.185435497649677483e+00 1.198136777472354371e-02 9.998058592615230999e-01 -1.564258905528497640e-02 -1.407996136919459906e-01 2.248243514314238467e-01 1.254959685787544049e-02 9.743184899192912640e-01 8.516754145754694250e+00
9.723379935741149893e-01 -1.632540596803697813e-02 -2.330070946139325139e-01 -1.328728031288473277e+00 1.241253962407792497e-02 9.997564139918810877e-01 -1.824942522173461298e-02 -1.654680116760914588e-01 2.332482706475334788e-01 1.485239964444126301e-02 9.723037857160720110e-01 9.017923224825679540e+00
9.702176257462679088e-01 -1.299836109736193790e-02 -2.418859234819656923e-01 -1.470999042475602980e+00 7.973243261758742803e-03 9.997318195163914512e-01 -2.174204277629022616e-02 -1.633964903716678130e-01 2.421036694960284619e-01 1.916589777616306556e-02 9.700610717447506470e-01 9.556351703805511022e+00
9.679894418835670589e-01 -1.039184623702821102e-02 -2.507756936409857862e-01 -1.655870137648255191e+00 4.379181704132175529e-03 9.996896893749794843e-01 -2.452239214462845901e-02 -1.830760192597719604e-01 2.509527125318424257e-01 2.263922434283418411e-02 9.677345726050807784e-01 1.008863405990110351e+01
9.656744226493079175e-01 -1.197832658944135431e-02 -2.594791468209874385e-01 -1.788865638075080478e+00 5.189564144460312445e-03 9.996264782061703436e-01 -2.683230296806335055e-02 -2.052940965961373987e-01 2.597036362670576137e-01 2.456468499795267171e-02 9.653758848600184628e-01 1.066853983252213567e+01
9.634697418676263503e-01 -1.405245118720237218e-02 -2.674482819975714243e-01 -1.953446439113958322e+00 6.579958450962852465e-03 9.995630831363095936e-01 -2.881574160355230424e-02 -2.383452471604122214e-01 2.677363657475427816e-01 2.600329654614196365e-02 9.631412506047053457e-01 1.122190703735556916e+01
9.612372234122056325e-01 -1.441549646371713227e-02 -2.753455867218592701e-01 -2.136184369430458752e+00 6.067602640733450736e-03 9.994964378976796127e-01 -3.114570298597246420e-02 -2.526909713352806786e-01 2.756559186377628423e-01 2.826772146929239921e-02 9.608406486601991370e-01 1.178065567986850759e+01
9.590374087774696799e-01 -1.419863354731621015e-02 -2.829233917979995239e-01 -2.316131684388746503e+00 4.487204584726928180e-03 9.993792047722844796e-01 -3.494381277854947260e-02 -2.807999663926393219e-01 2.832439135735609903e-01 3.224288856768052491e-02 9.585057554949139025e-01 1.239116711265755555e+01
9.567997420870394398e-01 -1.532025864980388931e-02 -2.903438330524813482e-01 -2.496955002103706800e+00 3.877807244153338648e-03 9.991943763384661947e-01 -3.994447259671359690e-02 -3.115543188995588686e-01 2.907218898418180708e-01 3.709296374644938804e-02 9.560883309853269729e-01 1.298707046614753580e+01
9.547468357727464383e-01 -1.579973999903693666e-02 -2.969997405676652602e-01 -2.705845054962319640e+00 2.010891399649642267e-03 9.989080833211004817e-01 -4.667544726637377211e-02 -3.446108167176155646e-01 2.974129066369594065e-01 4.396600150659098205e-02 9.537361037477486425e-01 1.358950729545568414e+01
9.535235584176335877e-01 -1.644415661967131570e-02 -3.008694256835662828e-01 -2.931130125211882209e+00 -1.114094917353050662e-04 9.984904197637850531e-01 -5.492603400841224864e-02 -3.652643142620496941e-01 3.013184566183949586e-01 5.240678732655790900e-02 9.520823064754809772e-01 1.419262619556974769e+01
9.522795103505053982e-01 -1.691127858192630756e-02 -3.047584959176728447e-01 -3.120192202120858571e+00 -2.632452023298760893e-03 9.979717544465444012e-01 -6.360383246755012265e-02 -4.217836989094652655e-01 3.052159982095280499e-01 6.137088885634576357e-02 9.503035359536127213e-01 1.482659319080264204e+01
9.508705553212734030e-01 -1.545301140866327944e-02 -3.092028289284677323e-01 -3.362274590974802635e+00 -7.260630932084779707e-03 9.973656710965264072e-01 -7.217341157573478605e-02 -4.675378162389258740e-01 3.095035888225197707e-01 7.087257994947995798e-02 9.482534513406730703e-01 1.547642592869879685e+01
9.495568571871102481e-01 -1.476293575346487863e-02 -3.132472323953826576e-01 -3.577937924074916065e+00 -1.072372767709840746e-02 9.967784529012168049e-01 -7.948407058702129657e-02 -5.169433433663408461e-01 3.134115152605229659e-01 7.883382272909619792e-02 9.463395017693239097e-01 1.613118960287371806e+01
9.479892505909727207e-01 -1.310519796335162315e-02 -3.180324392201716588e-01 -3.814908838319747808e+00 -1.489754846931658737e-02 9.962303659157014657e-01 -8.545830011719227071e-02 -5.830623316207501627e-01 3.179535266598053078e-01 8.575145407158292488e-02 9.442204431070791992e-01 1.679940777565546028e+01
9.462934398649825996e-01 -1.159854414038525780e-02 -3.231009087325723006e-01 -4.052213415412798447e+00 -1.913306123434429379e-02 9.955958352876774775e-01 -9.177613365215739338e-02 -6.498664555716179292e-01 3.227423941460984547e-01 9.302906325304576007e-02 9.419038924683924563e-01 1.745459166256644679e+01
9.446929727564910007e-01 -1.037281112208348482e-02 -3.277919915665568618e-01 -4.291495993658930530e+00 -2.276995866537735724e-02 9.950132067388948176e-01 -9.710946081851358491e-02 -7.200728078447011793e-01 3.271646643343786298e-01 9.920243594436986556e-02 9.397457961648628677e-01 1.813721607049091844e+01
9.428845649217186820e-01 -6.957322779331907327e-03 -3.330469794816124929e-01 -4.554647417929333919e+00 -2.800261945911157457e-02 9.945878122668068144e-01 -1.000546699786181715e-01 -8.031631852581685438e-01 3.319405849842461120e-01 1.036661924561322057e-01 9.375866738288731739e-01 1.881686978912522790e+01
9.411685791822222980e-01 -7.581895487167863296e-03 -3.378523612618519745e-01 -4.844328411339103191e+00 -2.857052304298175402e-02 9.943837325987512354e-01 -1.019054343261330819e-01 -8.865970028550902438e-01 3.367275341373648367e-01 1.055628121783794143e-01 9.356661065039812986e-01 1.952831634762678448e+01
9.391165740675141427e-01 -5.696598805191585915e-03 -3.435514613362322667e-01 -5.137612431978251237e+00 -3.085812082111704865e-02 9.944238487808775284e-01 -1.008413870974917692e-01 -9.786149526782454977e-01 3.422102251823869734e-01 1.053031711389730007e-01 9.337041321637455926e-01 2.024941829896935275e+01
9.367605718437602702e-01 -6.250500264695303849e-03 -3.499150750040553870e-01 -5.391880471227631588e+00 -3.058273715823518757e-02 9.945535593422222265e-01 -9.963891702240058879e-02 -1.065325327326941851e+00 3.486320823233451383e-01 1.040391702990049738e-01 9.314674040410172440e-01 2.095717262786005008e+01
9.339450016277468514e-01 -5.799965815672251772e-03 -3.573696848647862079e-01 -5.647664066957069018e+00 -3.118029391803914252e-02 9.947341942030676343e-01 -9.763028299026393908e-02 -1.148015881793566395e+00 3.560541038740059339e-01 1.023242072397448632e-01 9.288461844652022847e-01 2.170572741636557623e+01
9.309950681858050192e-01 -5.294134019195877346e-03 -3.649933593687664790e-01 -5.954795944051401335e+00 -3.137944949465356487e-02 9.950327722866589841e-01 -9.447281213466428296e-02 -1.232343539781643793e+00 3.636805121659916762e-01 9.940701344930384653e-02 9.262044771622925943e-01 2.239124832727729242e+01
9.274397794688206131e-01 -1.624486233363582437e-03 -3.739690008508016472e-01 -6.274402749691038395e+00 -3.419546593442660681e-02 9.954329599693378938e-01 -8.912851585568812296e-02 -1.302555255296325987e+00 3.724058638539476385e-01 9.544937586013939324e-02 9.231485753109485159e-01 2.319627243028727293e+01
9.239276672636609344e-01 7.235452926918593819e-05 -3.825671933123601653e-01 -6.592879656809162547e+00 -3.481294493757176867e-02 9.958669360440470797e-01 -8.388745192231976400e-02 -1.397424803657300041e+00 3.809799555041136765e-01 9.082422889314979708e-02 9.201115345161692272e-01 2.392917421870065198e+01
9.207143455830518741e-01 3.507785951366108532e-03 -3.902214578010487767e-01 -6.931557930017330449e+00 -3.753478331212194152e-02 9.961193459738453271e-01 -7.960771734964881829e-02 -1.457721477247523767e+00 3.884279031350634792e-01 8.794284569994892387e-02 9.172730362656139613e-01 2.465728746054336185e+01
9.167192089078738393e-01 3.230032109387692349e-03 -3.995190303709656443e-01 -7.293198865642640527e+00 -3.732863581254582813e-02 9.962856704509490680e-01 -7.759791136113970700e-02 -1.533274859598987572e+00 3.977844480874861421e-01 8.604899673004370864e-02 9.134347848969247563e-01 2.540739423040626477e+01
9.127109140089552097e-01 4.881502973133776055e-03 -4.085767430428465241e-01 -7.648173198449214283e+00 -3.972337135992566604e-02 9.962522421368068537e-01 -7.683439241233985806e-02 -1.617675787586001501e+00 4.066704359815065395e-01 8.635763464203409512e-02 9.094842048148052971e-01 2.613896952218891911e+01
9.089352768407662486e-01 5.054821618041244191e-03 -4.169065935468939665e-01 -7.999511481414589120e+00 -4.032612013407188556e-02 9.963043118636926154e-01 -7.583879120633481297e-02 -1.681246812602332108e+00 4.149824923334913818e-01 8.574477846653272284e-02 9.057799774324073461e-01 2.691740522488020915e+01
9.051214705582606435e-01 6.408229072596631493e-03 -4.251047570361117800e-01 -8.383942259768241811e+00 -4.187182512350730301e-02 9.963689607031150919e-01 -7.413261407139605519e-02 -1.748829548830716840e+00 4.230861334259239381e-01 8.489893310466375964e-02 9.021032637561102741e-01 2.770367978795375663e+01
9.010424119564143242e-01 6.649483297617123090e-03 -4.336800115424912505e-01 -8.768904673431647367e+00 -4.186766828484876635e-02 9.965466175901105395e-01 -7.170730357183345560e-02 -1.826355131542861665e+00 4.317055394936603063e-01 8.276849299723638975e-02 8.982091668927445482e-01 2.848078916096978119e+01
8.973262762584248708e-01 7.458744936943569395e-03 -4.413047893687996326e-01 -9.157696648816639140e+00 -4.151284997650804554e-02 9.968510905527583343e-01 -6.756172449945345437e-02 -1.901431721086644711e+00 4.394112424070919509e-01 7.894473050217266918e-02 8.948103114324139629e-01 2.926452933443558280e+01
8.934330526049957255e-01 7.978975091141524145e-03 -4.491254973838741948e-01 -9.576728683889806248e+00 -4.014681790628284869e-02 9.972592935209668719e-01 -6.214607442383141694e-02 -1.942317006202669116e+00 4.473987219163513274e-01 7.355431680805343819e-02 8.913047459244155535e-01 3.008851104798553422e+01
8.900743879725895313e-01 7.848936292097605585e-03 -4.557477086015536138e-01 -1.002103136254370597e+01 -3.846833984571119275e-02 9.975781642662505666e-01 -5.794819303618694434e-02 -2.026518546455129854e+00 4.541891386348576587e-01 6.911006041012428269e-02 8.882207101883545786e-01 3.086483370738623222e+01
8.860445758391926052e-01 7.038849065186763773e-03 -4.635466103006263827e-01 -1.041666576535937239e+01 -3.721535215529070406e-02 9.977378047032902098e-01 -5.598473627384832618e-02 -2.090637985041450708e+00 4.621039171647046695e-01 6.685602244185272214e-02 8.843021238508005366e-01 3.170564493054951782e+01
8.827654096042305554e-01 6.895036606441388646e-03 -4.697634358505785035e-01 -1.088098902575820937e+01 -3.683616656057739358e-02 9.978299460657999997e-01 -5.457559558440029657e-02 -2.146762365814473661e+00 4.683677311732125093e-01 6.548173233343251853e-02 8.811037484170930467e-01 3.250401675207140784e+01
8.795232997086533944e-01 6.923058543479446506e-03 -4.758054560547129164e-01 -1.134801463204341410e+01 -3.638349653765052955e-02 9.979455537884160954e-01 -5.273436185049236447e-02 -2.192644857910242440e+00 4.744628644151584473e-01 6.369256625988979625e-02 8.779682521290916863e-01 3.331308115732309716e+01
8.769740373287712165e-01 5.311325239232920353e-03 -4.805084006316605039e-01 -1.182455898583987164e+01 -3.414342064351089806e-02 9.981003632872905706e-01 -5.128246965708933153e-02 -2.263845170125545092e+00 4.793232395956497638e-01 6.137959503468187056e-02 8.754894527252746750e-01 3.415300101707163094e+01
8.738854903612343072e-01 4.144434995330526124e-03 -4.861141519232572983e-01 -1.226192703415006591e+01 -3.324219036567292035e-02 9.981324720970491393e-01 -5.124963399400132152e-02 -2.320998127087728236e+00 4.849939277405899696e-01 6.094581083308395902e-02 8.723912555911292888e-01 3.500456981948889990e+01
8.721785993975627038e-01 4.062258470297029633e-03 -4.891707105503871333e-01 -1.278152387322433903e+01 -3.356992260346121359e-02 9.981052268921833948e-01 -5.156565142496916110e-02 -2.376012368985796819e+00 4.880343784274971952e-01 6.139588065319098731e-02 8.706623892189102598e-01 3.583584651152420264e+01
8.706939151349258887e-01 4.328824269294389085e-03 -4.918062246773921564e-01 -1.327855808618086542e+01 -3.430659972006324526e-02 9.980601627847885959e-01 -5.195159996745491587e-02 -2.436362980953938440e+00 4.906273197463373870e-01 6.210614139040697423e-02 8.691534185945660740e-01 3.671200219403613119e+01
8.702234678153325520e-01 3.991037773677642148e-03 -4.926410284076292445e-01 -1.377038726791594314e+01 -3.355976365326653749e-02 9.981246296207337831e-01 -5.119537155077370782e-02 -2.499668375386190355e+00 4.915128298030468912e-01 6.108433036372681174e-02 8.687254154640717818e-01 3.757271776521806572e+01
8.700970100370932769e-01 4.638699311525560157e-03 -4.928586722153480149e-01 -1.430441794716520576e+01 -3.348163935928391566e-02 9.982021391085786899e-01 -4.971387498365332364e-02 -2.565480145874261098e+00 4.917419816205815253e-01 5.975761040345214242e-02 8.686880085882656699e-01 3.847938230208456645e+01
8.695740642325618941e-01 3.235959908974207159e-03 -4.937919304197726511e-01 -1.480001068226389904e+01 -3.162614819761459806e-02 9.982904737045579235e-01 -4.915197776046667522e-02 -2.624032737545217042e+00 4.927887347750623537e-01 5.835802192830202850e-02 8.681898461329771166e-01 3.936470779705888390e+01
8.690117003466806267e-01 2.534139477483892192e-03 -4.947850421658929188e-01 -1.532885886020945776e+01 -3.118032272352429246e-02 9.982798322245604039e-01 -4.965041897109209734e-02 -2.694057594495265384e+00 4.938081162855756379e-01 5.857435239992076631e-02 8.675958703927492133e-01 4.028302479847363315e+01
8.678119540783376662e-01 1.111870161800660589e-03 -4.968915085017919231e-01 -1.583079184318195054e+01 -2.994477969830582759e-02 9.982969944470645451e-01 -5.006416981201302491e-02 -2.752965452449456230e+00 4.959896431769048597e-01 5.832559188016458313e-02 8.663673608944305604e-01 4.118847900593728895e+01
8.662794061756141639e-01 -2.202380425094826837e-04 -4.995597431766611862e-01 -1.639695007853914532e+01 -2.769897670418060287e-02 9.984403718593589661e-01 -4.847257553267388108e-02 -2.806546589393934976e+00 4.987912998294281031e-01 5.582808770264731379e-02 8.649222327576907565e-01 4.208985258893120118e+01
8.643577317006269078e-01 -1.022191103146419776e-03 -5.028763881781898037e-01 -1.694191879830625425e+01 -2.482430761417470794e-02 9.986920332582238657e-01 -4.469873042384260586e-02 -2.856571483682751378e+00 5.022643418777315016e-01 5.111925141117364124e-02 8.632018060438549911e-01 4.302254963555908773e+01
8.618384258674560705e-01 -1.237738414789710337e-03 -5.071814178732858558e-01 -1.749868260618099214e+01 -2.254078286033844164e-02 9.989154675409608330e-01 -4.074066587402305067e-02 -2.924172693242558019e+00 5.066817981772160362e-01 4.654413753110682450e-02 8.608758352300066585e-01 4.394841571649284617e+01
8.575985746351398875e-01 -1.072927633694238572e-03 -5.143185087200748962e-01 -1.801533933702950918e+01 -2.191327833081786400e-02 9.990135388879771705e-01 -3.862327525372402648e-02 -2.995565227608923298e+00 5.138526023446743363e-01 4.439367038590687209e-02 8.567290763428619949e-01 4.483616914715043578e+01
8.524036652459123786e-01 -4.116766289481109224e-03 -5.228680888684330563e-01 -1.858628106280511716e+01 -2.000447771678050268e-02 9.989801714086161688e-01 -4.047762392371043877e-02 -3.044293418484445457e+00 5.225014989622236428e-01 4.496297797381793027e-02 8.514520065822041017e-01 4.575003209286254702e+01
8.467622630536212336e-01 -7.212780379515327384e-03 -5.319225884900539159e-01 -1.914000631465796687e+01 -1.875091704940550635e-02 9.988820540427613137e-01 -4.339406931359482411e-02 -3.115422928348197118e+00 5.316409288337776706e-01 4.671849662723376317e-02 8.456803830956023393e-01 4.662362192214541778e+01
8.404923485138999784e-01 -6.639054808230022107e-03 -5.417827325858290965e-01 -1.973464538885978925e+01 -1.979288319771254495e-02 9.988813162508635157e-01 -4.294598762051718421e-02 -3.185957352326381553e+00 5.414617791421380000e-01 4.681921628978742700e-02 8.394206980971330445e-01 4.752288993344654244e+01
8.345774093086981704e-01 -4.799504834544443543e-03 -5.508697729333488224e-01 -2.035511845606037085e+01 -1.955385139793124061e-02 9.990738402182881561e-01 -3.832895409288995803e-02 -3.224623511192336700e+00 5.505435489955531336e-01 4.276010479228858907e-02 8.337106092379744648e-01 4.842743884050184278e+01
8.294596439216179729e-01 -2.078412934233310472e-04 -5.585666028817856121e-01 -2.095061368460126161e+01 -2.228650189999559911e-02 9.991913161866580184e-01 -3.346678253534395714e-02 -3.291071756721627217e+00 5.581218645145408219e-01 4.020784105258702612e-02 8.287842420547043565e-01 4.926596196756524648e+01
8.249040813610913903e-01 2.464727056893556596e-04 -5.652726683797535401e-01 -2.157671430441702753e+01 -2.380942650747758238e-02 9.991276034254300553e-01 -3.430952242321722023e-02 -3.338169246912664700e+00 5.647710798166549750e-01 4.176088301043380524e-02 8.241903070253878694e-01 5.015373173879124380e+01
8.214174553705552162e-01 -1.247680365058352831e-03 -5.703260479919123327e-01 -2.215820470645249429e+01 -2.527775541842755547e-02 9.989352850400182726e-01 -3.859185705216471723e-02 -3.396921095471066465e+00 5.697669734383435935e-01 4.611658728403548319e-02 8.205113421499236059e-01 5.103870391980425580e+01
8.186769467172242409e-01 -4.293211533475572647e-03 -5.742382945124454574e-01 -2.280321210574472346e+01 -2.655268337943694767e-02 9.986195043984860131e-01 -4.532152344531200500e-02 -3.464525526713241099e+00 5.736401458402442533e-01 5.235125402578875986e-02 8.174327713023930020e-01 5.186841725327541752e+01
8.158777448954569467e-01 -4.893932673443899747e-03 -5.782037256562002625e-01 -2.344538194638633044e+01 -2.743544433501420715e-02 9.985103000482932201e-01 -4.716436302652868978e-02 -3.516490205982666151e+00 5.775732047577656347e-01 5.434363026291249427e-02 8.145280654416905408e-01 5.275974433576604383e+01
8.125788328950621642e-01 -4.257535281038660885e-03 -5.828357463154231199e-01 -2.406107266760950125e+01 -2.597568838482060966e-02 9.987152332993747272e-01 -4.351030263660734393e-02 -3.582024869712365334e+00 5.822721950369154076e-01 5.049511060923113359e-02 8.114242670673637026e-01 5.362214932235455933e+01
8.089487035859488362e-01 -1.373836480443160757e-03 -5.878776240765966055e-01 -2.470302560955463278e+01 -2.565987351253191592e-02 9.989617196670237398e-01 -3.764377213101773034e-02 -3.644837451638481163e+00 5.873189688126659869e-01 4.553674603428016499e-02 8.080735364027219481e-01 5.451154033946533417e+01
8.059737405585144510e-01 -6.367896676009437290e-04 -5.919509416266450774e-01 -2.533629804553440934e+01 -2.505763056736255018e-02 9.990663803884768379e-01 -3.519208400332970305e-02 -3.682367741326689536e+00 5.914207047712117804e-01 4.319678346214544246e-02 8.052053120503689376e-01 5.534396599019233065e+01
8.030989463576984067e-01 1.278419160783258492e-03 -5.958443095159551284e-01 -2.596842280721802609e+01 -2.769737802327454368e-02 9.989968251044007985e-01 -3.518804820934763600e-02 -3.742884900860483199e+00 5.952015986488939925e-01 4.476280940548615223e-02 8.023287073426750293e-01 5.620691480547080943e+01
7.992635558826488573e-01 -4.133784023514150419e-04 -6.009805241672806497e-01 -2.662839229075400027e+01 -2.709693422339001095e-02 9.989580011453479402e-01 -3.672421757044073282e-02 -3.795773214379339677e+00 6.003694944974931058e-01 4.563705834060109018e-02 7.984195237203340900e-01 5.706164575338842582e+01
7.950866233605519140e-01 -3.056273629432382927e-03 -6.064881808432677213e-01 -2.731326051490232842e+01 -2.599238308178433710e-02 9.988968357207140825e-01 -3.910892044021285069e-02 -3.851169516205438015e+00 6.059386627535819914e-01 4.685905252086009637e-02 7.941300732059993761e-01 5.790211525207790544e+01
7.911497056186859167e-01 -4.406467523153186419e-03 -6.116066703305310659e-01 -2.797247078089000283e+01 -2.504550452696059637e-02 9.989018889966729819e-01 -3.959468283199464589e-02 -3.897734499441496414e+00 6.111095415349506732e-01 4.664331918540061406e-02 7.901705740688202972e-01 5.877588799287213561e+01
7.867004128659582651e-01 -3.790540541666448902e-03 -6.173233228409101825e-01 -2.864754794581222086e+01 -2.558617592232781401e-02 9.989216984884853323e-01 -3.874000437412250530e-02 -3.965779261086031848e+00 6.168045183597099523e-01 4.627172045438465026e-02 7.857551280421097850e-01 5.960080832362811520e+01
7.818962069285796401e-01 -3.256406712346444736e-03 -6.234001203053035622e-01 -2.934162267343118202e+01 -2.629177109240655313e-02 9.989243901255400182e-01 -3.819431417618725233e-02 -4.017982374458164863e+00 6.228539719396691821e-01 4.625428251668627089e-02 7.809695758139070243e-01 6.046105853457981283e+01
7.765464981344588624e-01 -4.188709573680507274e-03 -6.300460168846248044e-01 -3.002038579334852741e+01 -2.568477475542350549e-02 9.989362014426625969e-01 -3.829827465900546846e-02 -4.089630969569630459e+00 6.295362060450429009e-01 4.592298096630884063e-02 7.756128239036720329e-01 6.128664774978390994e+01
7.706899505257364114e-01 -5.452567436271295309e-03 -6.371869913567003163e-01 -3.073038390471145931e+01 -2.537086547866585287e-02 9.989078920831815367e-01 -3.923445381831892204e-02 -4.128728493861559379e+00 6.367050538824157169e-01 4.640358457993398050e-02 7.697099384598640182e-01 6.210584743777808825e+01
7.652946548321558629e-01 -7.115604901520921483e-03 -6.436407783819257933e-01 -3.141206986262321266e+01 -2.436584893072987756e-02 9.989019771470167841e-01 -4.001431622046962289e-02 -4.201647945068518908e+00 6.432187832539375538e-01 4.630559615213421243e-02 7.642809669522848681e-01 6.292537673262030751e+01
7.600667962195505334e-01 -7.548309913660471507e-03 -6.498011082681177664e-01 -3.213916227498806677e+01 -2.516777999955473882e-02 9.988404206492710324e-01 -4.104140559656223319e-02 -4.255347601781748423e+00 6.493574167657971685e-01 4.754826086721355982e-02 7.589954651570824939e-01 6.379449234487911724e+01
7.535846561638548380e-01 -9.655018599385561603e-03 -6.572799543921278298e-01 -3.285376493781611629e+01 -2.377166624000109571e-02 9.988378430072953895e-01 -4.192697584243298969e-02 -4.308001569297825739e+00 6.569209089561017789e-01 4.722016523514250413e-02 7.524793575197954443e-01 6.456520896204730775e+01
7.476588769322999317e-01 -1.006626133840016202e-02 -6.640066760261568168e-01 -3.360830497651919302e+01 -2.388148990316193987e-02 9.988307983853095262e-01 -4.203225760949225870e-02 -4.367962075963534474e+00 6.636534374821793092e-01 4.728325910253562692e-02 7.465443165704520601e-01 6.539775554810681513e+01
7.414236404365465161e-01 -1.072777647692553862e-02 -6.709514823984028542e-01 -3.438342568295526291e+01 -2.241293459673160057e-02 9.989184267743944634e-01 -4.073864324488898209e-02 -4.428032629747168158e+00 6.706628458655828906e-01 4.524258470367104740e-02 7.403812964586365952e-01 6.623737708754012488e+01
7.350943494258080912e-01 -1.199792583476210622e-02 -6.778586420305762195e-01 -3.513415832964970775e+01 -2.045427870034869852e-02 9.989957645356283278e-01 -3.986332849694481512e-02 -4.482366129769188134e+00 6.776562012920249733e-01 4.316841691699252470e-02 7.341107336346386347e-01 6.703478835282570003e+01
7.285924028632834171e-01 -1.155767811533127930e-02 -6.848499994579688721e-01 -3.587994177905152782e+01 -2.226026364795939683e-02 9.989299131096136541e-01 -4.054021949867258473e-02 -4.545692322841945021e+00 6.845857130683955516e-01 4.478223729922674312e-02 7.275554696751060924e-01 6.781838206536221492e+01
7.222706796169948706e-01 -1.414278385523826467e-02 -6.914658618222707664e-01 -3.668401696625901565e+01 -2.092518375906576161e-02 9.988863124831165452e-01 -4.228795874078664779e-02 -4.619750591575257026e+00 6.912938663088293856e-01 4.501240273431099392e-02 7.211703563879735546e-01 6.862978691208762427e+01
7.167879086198305494e-01 -1.380382853607605570e-02 -6.971546021304591001e-01 -3.747242960462534000e+01 -2.170018426455593702e-02 9.988781657668742708e-01 -4.208933350474088758e-02 -4.673630857760067592e+00 6.969535161976249116e-01 4.529750847613787240e-02 7.156842467529346274e-01 6.942253678275268669e+01
7.110818336520533522e-01 -1.479463820391878348e-02 -7.029535797532779906e-01 -3.827327680267907084e+01 -2.011041895819280778e-02 9.989416080123802999e-01 -4.136707465560551800e-02 -4.737241992149711756e+00 7.028216023460275297e-01 4.355206608671294971e-02 7.100317049422834037e-01 7.022729131417692372e+01
7.058452542653199657e-01 -1.411021249276829190e-02 -7.082255075626479046e-01 -3.908368193882706265e+01 -2.129821875082191229e-02 9.989268366614724171e-01 -4.112858997011039491e-02 -4.794429975848625070e+00 7.080458112724787867e-01 4.411436162119553028e-02 7.047872456089381288e-01 7.101990159554078730e+01
7.011396336846197341e-01 -1.404380137935011888e-02 -7.128856684156820167e-01 -3.992628601277110789e+01 -2.264802317315971203e-02 9.988628854567177529e-01 -4.195239139111621440e-02 -4.864539989530968001e+00 7.126642191009133764e-01 4.555993527090106826e-02 7.000242942629439913e-01 7.184257892794455813e+01
6.956809685360253459e-01 -1.616604369528508445e-02 -7.181689490866358661e-01 -4.075844934464789304e+01 -2.234030127413262276e-02 9.987762739802997780e-01 -4.412329896005923180e-02 -4.927289599614774751e+00 7.180034186217848502e-01 4.673984985247930241e-02 6.944684923456971859e-01 7.262435732836904378e+01
6.913453698982074958e-01 -1.847366228101884542e-02 -7.222882344368222185e-01 -4.156682374355388276e+01 -2.199599977070214318e-02 9.986715984191244511e-01 -4.659629321023645021e-02 -4.988995049715634345e+00 7.221895622455606345e-01 4.810158322370690354e-02 6.900206399488775233e-01 7.339973795828618108e+01
6.853846685265853056e-01 -1.853066661717821251e-02 -7.279453693000715875e-01 -4.241857493752109320e+01 -2.316009794247660819e-02 9.986156575742455299e-01 -4.722688163502837544e-02 -5.057032001110132846e+00 7.278128017937283145e-01 4.922786648988301816e-02 6.840066904101956835e-01 7.421136132595250956e+01
6.811452948958698350e-01 -1.846287163713610652e-02 -7.319154320371231703e-01 -4.328130811063230965e+01 -2.248878924620566905e-02 9.986826854939909737e-01 -4.612101570886502355e-02 -5.135339426823505526e+00 7.318028082376539789e-01 4.787500455246630759e-02 6.798328057069311647e-01 7.495705121854936692e+01
6.761525751219025215e-01 -1.886348171799701740e-02 -7.365200975800084704e-01 -4.413194729148582951e+01 -2.133033359443009883e-02 9.987519401005811037e-01 -4.516169891946753695e-02 -5.195203578627806351e+00 7.364527959687312553e-01 4.624641819262444165e-02 6.749063328738320600e-01 7.573918634961351870e+01
6.708880997722138639e-01 -1.885385854005881823e-02 -7.413188783552390193e-01 -4.501076143283956554e+01 -2.192765846921396894e-02 9.987352313249766578e-01 -4.524506095499974956e-02 -5.283244122730629044e+00 7.412343382266628478e-01 4.660975993995718908e-02 6.696261615795878752e-01 7.653414683830710885e+01
6.664569437613560021e-01 -1.959932489007103554e-02 -7.452858500461445601e-01 -4.586989911663022212e+01 -2.134454106648959321e-02 9.987430314465839398e-01 -4.535160128027863197e-02 -5.326603916885984447e+00 7.452379227950253204e-01 4.613267379984739569e-02 6.652008907827907658e-01 7.730203738309597838e+01
6.619425033104812117e-01 -2.040594253854323414e-02 -7.492767909265576343e-01 -4.679268658950477544e+01 -2.048416120886844410e-02 9.987635225880651113e-01 -4.529707628844624467e-02 -5.402944586916211378e+00 7.492746695638544674e-01 4.533236641970000980e-02 6.607060287832264844e-01 7.807828789358897836e+01
6.580921524820935176e-01 -2.108387551950513181e-02 -7.526421317926268451e-01 -4.770729964936430179e+01 -1.973608442209827396e-02 9.987813636515188165e-01 -4.523576710625813735e-02 -5.467922190191764287e+00 7.526786930044698787e-01 4.462351176131688218e-02 6.568740653647318073e-01 7.885065327409182601e+01
6.540616380586908862e-01 -2.389464331962927457e-02 -7.560637599229876882e-01 -4.856544021948835876e+01 -1.666524817760590277e-02 9.988031964507950722e-01 -4.598308696921837163e-02 -5.543086210389927437e+00 7.562576626460187912e-01 4.267576312896952800e-02 6.528806456603691855e-01 7.962637555355782126e+01
6.495521437136740905e-01 -2.854358010269861939e-02 -7.597810644959790416e-01 -4.952484089467230888e+01 -1.297522286521382746e-02 9.987333902725920032e-01 -4.861335990180510463e-02 -5.622050576944031874e+00 7.602063308637719841e-01 4.143524051230134536e-02 6.483590563945631491e-01 8.038405032226663138e+01
6.448801858323524039e-01 -3.235472549812585391e-02 -7.635985246817447170e-01 -5.042656326960134550e+01 -9.362437583213383333e-03 9.986941503660468067e-01 -5.022289112732746669e-02 -5.690877796558153179e+00 7.642263408780906042e-01 3.953689060554201745e-02 6.437351512430536937e-01 8.116436192375937253e+01
6.383968869383181977e-01 -3.621691616148235704e-02 -7.688548229885221463e-01 -5.133596626477470437e+01 -4.031977930443323907e-03 9.987213459882586797e-01 -5.039262065510731470e-02 -5.765906683502635133e+00 7.696968022955836819e-01 3.527049750434001207e-02 6.374345734623548809e-01 8.192609731712825294e+01
6.302640353110214866e-01 -3.983604640198953883e-02 -7.753581908588826899e-01 -5.227991327738579486e+01 6.842694573158756427e-04 9.987108922389138499e-01 -5.075515229356672431e-02 -5.847603351964148821e+00 7.763805686127066563e-01 3.145859280649449669e-02 6.294788167223192010e-01 8.267883235284396903e+01
6.212680261300713713e-01 -4.074792477227683063e-02 -7.825379448155010964e-01 -5.319552176690636003e+01 2.669713777961254218e-03 9.987513025458022442e-01 -4.988695494771628464e-02 -5.920868564701249781e+00 7.835935951042477532e-01 2.890401730599258950e-02 6.206010367150197604e-01 8.342787806043152443e+01
6.121563787137037638e-01 -3.984864920158495000e-02 -7.897320062557641185e-01 -5.419046734407385202e+01 4.246640545882278059e-03 9.988806708123807443e-01 -4.711020593250218186e-02 -5.981752193954206653e+00 7.907253279086277065e-01 2.548510467729132867e-02 6.116403982030942377e-01 8.417871500216926961e+01
6.029447800137843760e-01 -3.964169592137278819e-02 -7.967974124931433977e-01 -5.515291666211348343e+01 3.914910797831937413e-03 9.988996937479702742e-01 -4.673409126148703879e-02 -6.072035894837751080e+00 7.977733237437704128e-01 2.505868514267298175e-02 6.024365509181818235e-01 8.491403241928595946e+01
5.935462064938727966e-01 -4.056237254101417722e-02 -8.037770728619427762e-01 -5.615739157603551490e+01 2.435041044974539486e-03 9.988150247235881851e-01 -4.860675822774467719e-02 -6.134787065709511822e+00 8.047962362480243215e-01 2.689312636633841430e-02 5.929416410772985202e-01 8.562511670336270697e+01
5.833949754827155720e-01 -4.259508974323601704e-02 -8.110708655107849996e-01 -5.716171452952003307e+01 3.427204395709264502e-03 9.987440389276133201e-01 -4.998598761303228721e-02 -6.230618052896771175e+00 8.121813637434259769e-01 2.638186794715220718e-02 5.828082373142123851e-01 8.633764544887398529e+01
5.736866742127061380e-01 -4.350213978967610445e-02 -8.179187926960388433e-01 -5.812169584987412208e+01 2.284039089401084487e-03 9.986696809651361972e-01 -5.151360469355281690e-02 -6.300769257250898647e+00 8.190716659459048588e-01 2.768450963081270019e-02 5.730228496387795856e-01 8.704046038998492918e+01
5.638317904812115700e-01 -4.500312678597948729e-02 -8.246626087174360187e-01 -5.917028058295112913e+01 6.363789751957970621e-03 9.987213829693188938e-01 -5.015078618912933994e-02 -6.369967278572826075e+00 8.258651375294895347e-01 2.302862763780769498e-02 5.633972571397221074e-01 8.771614602233327673e+01
5.532388607359320920e-01 -4.439896107462432129e-02 -8.318386157310549978e-01 -6.021743785868416410e+01 6.304190893293089119e-03 9.987731745172513387e-01 -4.911621950334217612e-02 -6.451462579072880565e+00 8.329988184409983232e-01 2.192893140461778245e-02 5.528400338910973710e-01 8.842455061827467944e+01
5.433087862833674286e-01 -4.586610388099009172e-02 -8.382791005840671827e-01 -6.127382924504261297e+01 8.379085295135178107e-03 9.987530261907752172e-01 -4.921568425789224488e-02 -6.521765577823774862e+00 8.394911347057144591e-01 1.971530107996167375e-02 5.430156116239120978e-01 8.907217485008492019e+01
5.327938724452603303e-01 -4.593082383491581960e-02 -8.449976543938868545e-01 -6.231051695068628504e+01 6.663056534442671208e-03 9.987227079561855625e-01 -5.008548956864655038e-02 -6.616542795547959877e+00 8.462188280441124144e-01 2.105497428976685348e-02 5.324193799268743810e-01 8.973623442886047030e+01
5.227922407029427232e-01 -4.645088487882472611e-02 -8.511936179294161686e-01 -6.338650904114054896e+01 5.152874350959607726e-03 9.986682492973074643e-01 -5.133396252252584585e-02 -6.687191821217706611e+00 8.524445629535708502e-01 2.245090303014175837e-02 5.223353685307356997e-01 9.038609455979529628e+01
5.124645868492795353e-01 -4.733144537382831529e-02 -8.574029205551235711e-01 -6.445540677893256998e+01 4.139964593085503769e-03 9.986043506986856944e-01 -5.265179423906289624e-02 -6.766867331607978819e+00 8.586983871376433486e-01 2.343256175378754733e-02 5.119453177116309872e-01 9.101374541022602216e+01
