1 0 0 0 0 1 0 0 0 0 1 0
0.999999 -0.00147497 -0.000176164 0.609676 0.0014748 0.999998 -0.00093973 -0.00599003 0.00017755 0.000939469 1 0.0165777
0.999996 -0.00259165 -0.000924166 1.16553 0.00259032 0.999996 -0.00143807 -0.0123041 0.000927888 0.00143567 0.999999 0.0272532
0.999989 -0.00422055 -0.00198901 1.68719 0.0042183 0.99999 -0.00113139 -0.0159264 0.00199377 0.00112298 0.999997 0.033327
0.999977 -0.0058491 -0.00355231 2.25464 0.00583733 0.999977 -0.00331491 -0.000204865 0.00357162 0.0032941 0.999988 0.0483014
0.999952 -0.0077242 -0.00606082 2.82241 0.00768691 0.999952 -0.00615141 -0.0170436 0.00610804 0.00610452 0.999963 0.0609761
0.999935 -0.00905354 -0.00689729 3.40405 0.00900404 0.999934 -0.00717454 0.00597669 0.00696179 0.00711197 0.99995 0.066992
0.999927 -0.0104688 -0.00611112 3.98236 0.0104239 0.999919 -0.00733307 0.0018322 0.00618739 0.00726883 0.999954 0.0754181
0.999909 -0.0120019 -0.00622901 4.56749 0.0119558 0.999901 -0.00738007 0.0114732 0.00631697 0.00730492 0.999953 0.0890048
0.999883 -0.0127013 -0.00853379 5.1361 0.0126454 0.999899 -0.00656239 0.0457296 0.00861627 0.00645371 0.999942 0.112022
0.999823 -0.0141457 -0.0124141 5.76585 0.0140723 0.999883 -0.00598063 0.0390462 0.0124973 0.00580488 0.999905 0.113009
0.999746 -0.015465 -0.0163864 6.36466 0.0153913 0.999871 -0.00461406 0.0602211 0.0164556 0.00436069 0.999855 0.124853
0.999719 -0.0167212 -0.0167967 6.97543 0.0166681 0.999856 -0.0032979 0.0749884 0.0168494 0.003017 0.999853 0.132003
0.999779 -0.0180967 -0.0106967 7.61468 0.0180833 0.999836 -0.0013452 0.113847 0.0107193 0.00115147 0.999942 0.131481
0.999828 -0.0185297 -0.000458325 8.28517 0.0185295 0.999828 -0.000480288 0.117147 0.000467146 0.000471713 1 0.134439
0.99978 -0.0198742 0.0067781 8.95626 0.0198691 0.999802 0.000818233 0.127346 -0.00679302 -0.000683378 0.999977 0.148592
0.999762 -0.0209646 0.00611702 9.62358 0.0209482 0.999777 0.00274325 0.134408 -0.00617317 -0.00261446 0.999978 0.176282
0.999773 -0.0212654 -0.000996415 10.3259 0.0212703 0.99976 0.00517843 0.164851 0.000886055 -0.00519845 0.999986 0.17297
0.999718 -0.0227219 -0.00686286 11.0501 0.0227605 0.999725 0.0055922 0.188387 0.00673391 -0.00574682 0.999961 0.179561
0.999701 -0.0237609 -0.00584511 11.7783 0.0237845 0.999709 0.00398596 0.195053 0.0057487 -0.00412379 0.999975 0.191272
0.999696 -0.0244488 0.00311631 12.5259 0.0244419 0.999699 0.00222579 0.216841 -0.00316979 -0.00214895 0.999993 0.189359
0.999638 -0.0247796 0.0104497 13.3079 0.0247641 0.999692 0.00161288 0.261506 -0.0104864 -0.00135352 0.999944 0.1748
0.999593 -0.0254392 0.0129138 14.0915 0.025431 0.999676 0.00080055 0.268625 -0.01293 -0.000471814 0.999916 0.181151
0.999594 -0.0255519 0.0126032 14.8986 0.0255696 0.999672 -0.00124829 0.286664 -0.0125671 0.00157004 0.99992 0.189673
0.999642 -0.0247664 0.0101432 15.7094 0.0247818 0.999692 -0.0013959 0.316577 -0.0101055 0.00164677 0.999948 0.189529
0.999677 -0.0244696 0.00681019 16.5283 0.0244656 0.9997 0.000668932 0.339383 -0.00682452 -0.000502101 0.999977 0.163063
0.99973 -0.0231804 0.00142894 17.3933 0.0231828 0.99973 -0.00164714 0.359289 -0.00139037 0.00167983 0.999998 0.176528
0.999728 -0.0228245 -0.00480285 18.2636 0.0228042 0.999731 -0.00424591 0.378595 0.00489847 0.00413523 0.999979 0.190806
0.99971 -0.0218087 -0.0102094 19.1678 0.0217726 0.999756 -0.00363951 0.393714 0.0102863 0.00341617 0.999941 0.200667
0.999701 -0.0217362 -0.0111806 20.0236 0.021716 0.999762 -0.00192327 0.418497 0.0112198 0.0016799 0.999936 0.202102
0.999703 -0.0218685 -0.0107741 20.9559 0.021847 0.999759 -0.00210784 0.444869 0.0108176 0.00187184 0.99994 0.22286
0.999705 -0.0213489 -0.0115707 21.9088 0.0213376 0.999772 -0.00110471 0.461825 0.0115916 0.000857494 0.999932 0.240708
0.999669 -0.021633 -0.013925 22.843 0.0216602 0.999764 0.00180794 0.501485 0.0138826 -0.00210896 0.999901 0.259645
0.999657 -0.0215772 -0.0148161 23.8335 0.021671 0.999746 0.00620264 0.529576 0.0146785 -0.0065216 0.999871 0.276717
0.999653 -0.0217665 -0.0148391 24.7836 0.0218782 0.999733 0.00740456 0.570006 0.014674 -0.00772664 0.999862 0.297119
0.99966 -0.0215137 -0.0147131 25.7632 0.021633 0.999734 0.00799648 0.589211 0.0145372 -0.00831205 0.99986 0.314473
0.999651 -0.0219726 -0.0146592 26.7499 0.0221015 0.999718 0.00868874 0.616287 0.0144642 -0.0090097 0.999855 0.349522
0.999643 -0.022941 -0.0137237 27.746 0.0230688 0.999691 0.00923022 0.647089 0.0135077 -0.00954351 0.999863 0.369415
0.999675 -0.02246 -0.0120539 28.7575 0.0225786 0.999697 0.00979791 0.662614 0.0118302 -0.0100669 0.999879 0.390229
0.999678 -0.022912 -0.0109001 29.7469 0.0230217 0.999685 0.0100448 0.710074 0.0106665 -0.0102925 0.99989 0.406414
0.99967 -0.0228303 -0.0117677 30.7925 0.0229475 0.999687 0.00991556 0.720414 0.0115376 -0.0101823 0.999882 0.440187
0.999653 -0.0232438 -0.012367 31.7975 0.0233932 0.999653 0.0120726 0.7498 0.0120821 -0.0123578 0.999851 0.464404
0.999648 -0.0237083 -0.0119391 32.8387 0.0238494 0.999646 0.0118197 0.79566 0.0116547 -0.0121003 0.999859 0.488231
0.999675 -0.0237739 -0.00922191 33.8997 0.0238731 0.999657 0.0107972 0.81397 0.00896205 -0.0110138 0.999899 0.510955
0.999686 -0.0244122 -0.00568459 34.9257 0.0244758 0.999636 0.0113891 0.843172 0.00540448 -0.0115247 0.999919 0.526851
0.999693 -0.0245802 -0.00310515 35.9883 0.0246099 0.999648 0.00992544 0.875365 0.00286009 -0.00999881 0.999946 0.540752
0.999674 -0.0253844 -0.00262247 37.0351 0.02541 0.999624 0.0102573 0.910306 0.00236111 -0.0103206 0.999944 0.558285
0.999661 -0.0257746 -0.00368167 38.1273 0.0258132 0.999608 0.0108586 0.940104 0.00340035 -0.0109499 0.999934 0.576463
0.999648 -0.026173 -0.00433236 39.2018 0.0262218 0.999589 0.0116064 0.978234 0.00402681 -0.0117159 0.999923 0.595386
0.99963 -0.0269924 -0.00346391 40.2685 0.0270287 0.999575 0.0109203 1.01409 0.00316767 -0.0110099 0.999934 0.602973
0.999616 -0.0276652 -0.00154786 41.3578 0.0276796 0.999565 0.0101932 1.03747 0.00126519 -0.0102321 0.999947 0.620372
0.999589 -0.0286766 0.00064362 42.4379 0.0286689 0.99954 0.00989647 1.07932 -0.000927122 -0.00987395 0.999951 0.636572
0.999561 -0.0296188 0.000851662 43.5275 0.0296088 0.999511 0.0100132 1.12253 -0.00114782 -0.00998358 0.99995 0.65085
0.999559 -0.0295988 -0.00237903 44.5692 0.0296261 0.999484 0.0124345 1.15293 0.00200976 -0.0124995 0.99992 0.668517
0.999551 -0.029254 -0.0065027 45.6508 0.0293563 0.999437 0.0162486 1.19112 0.00602371 -0.0164322 0.999847 0.700561
0.999548 -0.0292175 -0.00708209 46.7191 0.0293407 0.999408 0.0179639 1.22926 0.00655304 -0.0181635 0.999814 0.718094
0.999551 -0.0296165 -0.00463366 47.8082 0.0296841 0.999443 0.0152794 1.2563 0.00417856 -0.0154101 0.999873 0.734183
0.999566 -0.0293071 -0.00294682 48.8979 0.0293495 0.999448 0.0155676 1.30039 0.00248895 -0.0156474 0.999874 0.74417
0.999565 -0.0294482 -0.00164053 49.9771 0.0294685 0.999466 0.0141358 1.32954 0.00122338 -0.014178 0.999899 0.767766
0.999577 -0.0289955 -0.00207686 51.0411 0.0290238 0.999463 0.0152335 1.36302 0.00163404 -0.0152873 0.999882 0.783441
0.999593 -0.0283278 -0.00327164 52.1158 0.0283705 0.999502 0.0138488 1.40019 0.0028777 -0.013936 0.999899 0.802176
0.999591 -0.0279839 -0.00590841 53.2125 0.0280713 0.999489 0.0152655 1.43143 0.00547821 -0.0154251 0.999866 0.816782
0.999581 -0.02783 -0.0079872 54.2782 0.0279405 0.999511 0.0140733 1.45054 0.00759163 -0.0142906 0.999869 0.840389
0.999547 -0.0279385 -0.0112242 55.3545 0.0280792 0.999527 0.012577 1.49248 0.0108675 -0.0128864 0.999858 0.879492
0.999541 -0.0273498 -0.0130515 56.4277 0.0275252 0.999531 0.0134557 1.51639 0.0126774 -0.0138087 0.999824 0.905877
0.999554 -0.0278076 -0.0109142 57.5037 0.0279284 0.999549 0.0110737 1.55436 0.0106013 -0.0113736 0.999879 0.934547
0.999621 -0.0270175 -0.00536522 58.589 0.0270632 0.999596 0.0086458 1.57424 0.00512947 -0.00878772 0.999948 0.950932
0.999629 -0.0272416 0.000562383 59.681 0.0272386 0.999618 0.00471924 1.60866 -0.000690727 -0.00470217 0.999989 0.956833
0.999627 -0.0272552 0.00178447 60.7535 0.0272468 0.999618 0.00458194 1.6419 -0.00190867 -0.00453161 0.999988 0.985652
0.99964 -0.0268193 -0.00123715 61.854 0.0268221 0.999637 0.00237474 1.66739 0.00117302 -0.00240707 0.999996 1.00871
0.999637 -0.0265706 -0.00450569 62.9108 0.0265752 0.999646 0.000977104 1.69082 0.00447814 -0.00109649 0.999989 1.02425
0.999607 -0.0268254 -0.00816271 64.0083 0.0268539 0.999634 0.00340186 1.75844 0.00806846 -0.00361972 0.999961 1.03224
0.99958 -0.0262711 -0.0122633 65.0954 0.0263275 0.999643 0.00445435 1.75169 0.0121419 -0.00477534 0.999915 1.07447
0.999578 -0.0258521 -0.0132248 66.1708 0.0259723 0.999622 0.00899606 1.79324 0.0129872 -0.00933575 0.999872 1.1031
0.999642 -0.0247656 -0.0100831 67.2665 0.0248658 0.999641 0.00993837 1.85831 0.00983337 -0.0101855 0.9999 1.10461
0.999659 -0.0248875 -0.00787533 68.3468 0.0249683 0.999635 0.0103292 1.8799 0.00761539 -0.0105223 0.999916 1.13763
0.999667 -0.0248498 -0.00700582 69.4373 0.0249334 0.999616 0.0121113 1.90784 0.00670217 -0.0122819 0.999902 1.16754
0.999667 -0.025057 -0.00620613 70.5158 0.0251227 0.999627 0.0107444 1.94762 0.00593459 -0.0108967 0.999923 1.18902
0.999673 -0.0251448 -0.00464007 71.6228 0.0251871 0.99964 0.0092874 1.97602 0.00440487 -0.00940123 0.999946 1.2014
0.999668 -0.0255907 -0.00285584 72.7337 0.0256107 0.999646 0.0072216 1.99998 0.00267002 -0.00729235 0.99997 1.23049
0.999644 -0.0266423 -0.00109103 73.7892 0.0266481 0.999629 0.00563711 2.03424 0.000940443 -0.00566418 0.999984 1.25011
0.999635 -0.0269664 -0.001859 74.8938 0.0269773 0.999617 0.00613097 2.06511 0.00169296 -0.00617889 0.999979 1.26383
0.999605 -0.0275145 -0.00570324 75.9531 0.0275511 0.9996 0.00643715 2.09754 0.00552385 -0.00659174 0.999963 1.29216
0.999598 -0.0273537 -0.00748311 77.026 0.0274162 0.999589 0.00838377 2.12975 0.0072507 -0.00858556 0.999937 1.31824
0.999587 -0.0281519 -0.00583283 78.0971 0.0282011 0.999566 0.0085327 2.16195 0.00559008 -0.00869367 0.999947 1.33432
0.999576 -0.0290543 -0.00213901 79.1535 0.0290745 0.999526 0.0100918 2.21031 0.00184479 -0.0101497 0.999947 1.35493
0.999572 -0.0291975 0.0019858 80.2352 0.0291754 0.999521 0.0103592 2.24035 -0.00228731 -0.0102968 0.999944 1.36455
0.999558 -0.0295995 0.0026273 81.3131 0.0295681 0.999499 0.0112488 2.27737 -0.00295895 -0.0111661 0.999933 1.37885
0.999544 -0.0301945 0.000779866 82.3657 0.030182 0.999461 0.0128855 2.31316 -0.00116852 -0.0128561 0.999917 1.40575
0.999525 -0.0308037 -0.000266701 83.4111 0.0308046 0.999444 0.012729 2.3591 -0.000125548 -0.0127312 0.999919 1.42022
0.9995 -0.0316076 -7.70212e-05 84.4574 0.0316063 0.99943 0.0118542 2.40336 -0.000297706 -0.0118507 0.99993 1.43867
0.99949 -0.031924 0.000340021 85.4807 0.0319186 0.999436 0.0104752 2.42747 -0.000674238 -0.010459 0.999945 1.45815
0.999466 -0.032615 0.00198115 86.49 0.0325947 0.999423 0.00957559 2.46673 -0.00229231 -0.0095059 0.999952 1.47241
0.999427 -0.0335698 0.00436996 87.4851 0.0335338 0.999405 0.00806517 2.50936 -0.0046381 -0.00791401 0.999958 1.48606
0.999383 -0.0346961 0.00549504 88.461 0.0346549 0.999372 0.00741834 2.53918 -0.00574898 -0.00722333 0.999957 1.50881
0.999314 -0.0365445 0.00602978 89.42 0.0365071 0.999314 0.00620174 2.58189 -0.00625228 -0.00597736 0.999963 1.52097
0.999197 -0.0397302 0.00522009 90.3632 0.0397025 0.999197 0.00530501 2.62873 -0.00542667 -0.0050935 0.999972 1.53994
0.999054 -0.0432712 0.00438279 91.2667 0.0432472 0.99905 0.0054316 2.67839 -0.00461366 -0.00523691 0.999976 1.54889
0.998922 -0.0462135 0.0043889 92.158 0.0461896 0.998918 0.00539404 2.71787 -0.00463343 -0.0051855 0.999976 1.56115
0.998768 -0.0493101 0.00558171 93.0167 0.0492777 0.998768 0.00580652 2.76469 -0.00586116 -0.00552431 0.999968 1.57997
0.998606 -0.0523892 0.00646521 93.8763 0.0523425 0.998603 0.00719093 2.7996 -0.00683291 -0.0068425 0.999953 1.592
0.998444 -0.0551559 0.00819111 94.6672 0.0550976 0.998455 0.00718104 2.86457 -0.00857453 -0.00671856 0.999941 1.60597
0.998288 -0.0578325 0.00878083 95.4601 0.0577504 0.998287 0.00932946 2.9103 -0.00930534 -0.00880638 0.999918 1.6169
0.998103 -0.0608833 0.00915582 96.2068 0.0607796 0.998088 0.011207 2.97525 -0.00982063 -0.0106292 0.999895 1.62351
0.997945 -0.0635301 0.00838063 96.9416 0.0634265 0.997913 0.0120972 3.02606 -0.00913168 -0.0115408 0.999892 1.63406
0.997818 -0.0658511 0.00469241 97.6461 0.0657763 0.997727 0.0146223 3.07303 -0.00564464 -0.0142817 0.999882 1.64934
0.997658 -0.0684011 0.000649315 98.2908 0.068379 0.997503 0.01764 3.14423 -0.00185429 -0.0175543 0.999844 1.66243
0.997535 -0.0701371 -0.00225345 98.9291 0.0701678 0.997343 0.0195939 3.18411 0.000873204 -0.0197037 0.999805 1.67077
0.997449 -0.0712941 -0.00341854 99.5111 0.0713518 0.997214 0.0217449 3.24011 0.00185873 -0.0219334 0.999758 1.68314
0.997514 -0.0703944 -0.00309503 100.118 0.070448 0.997237 0.0235855 3.29001 0.00142619 -0.0237449 0.999717 1.69543
0.997696 -0.0678224 -0.00175558 100.666 0.0678451 0.997344 0.0265076 3.32852 -4.68872e-05 -0.0265656 0.999647 1.70708
0.998047 -0.0624731 -0.000406261 101.209 0.0624582 0.997617 0.0293027 3.38091 -0.00142533 -0.0292708 0.999571 1.72348
0.9985 -0.0547199 0.00205902 101.719 0.0546318 0.998041 0.0304945 3.40421 -0.00372364 -0.0303362 0.999533 1.73451
0.998946 -0.0456551 0.00484067 102.212 0.0454932 0.998529 0.0294886 3.43729 -0.00617986 -0.0292373 0.999553 1.74034
0.999409 -0.0337722 0.00635052 102.685 0.0335718 0.999004 0.0293827 3.43233 -0.00733652 -0.0291521 0.999548 1.75211
0.999764 -0.0205666 0.00700267 103.119 0.0203547 0.999369 0.0291006 3.46084 -0.00759675 -0.0289512 0.999552 1.75952
0.999964 -0.00504375 0.0067722 103.562 0.00485032 0.999588 0.0282824 3.44017 -0.00691206 -0.0282486 0.999577 1.76642
0.999908 0.012725 0.00468727 103.993 -0.0128449 0.999566 0.0264952 3.43258 -0.00434808 -0.026553 0.999638 1.77301
0.999425 0.0339133 0.000669662 104.403 -0.0339191 0.999074 0.026468 3.41797 0.000228573 -0.0264754 0.999649 1.78351
0.998271 0.0587002 -0.00304159 104.788 -0.0586016 0.997942 0.0260304 3.37325 0.00456333 -0.0258072 0.999657 1.79755
0.996302 0.085744 -0.00548558 105.186 -0.0855935 0.996054 0.0234538 3.32867 0.00747495 -0.0228975 0.99971 1.80843
0.993295 0.115444 -0.00606882 105.587 -0.115292 0.993105 0.0212322 3.27431 0.0084781 -0.0203902 0.999756 1.80817
0.988906 0.148348 -0.00762547 105.95 -0.148183 0.98878 0.0188761 3.21055 0.0103401 -0.0175367 0.999793 1.81481
0.982992 0.183439 -0.00882425 106.335 -0.18327 0.982913 0.0171421 3.1169 0.011818 -0.0152334 0.999814 1.82931
0.974986 0.222055 -0.00969141 106.68 -0.221929 0.974982 0.0125651 3.01388 0.0122391 -0.0101 0.999874 1.83526
0.965221 0.261229 -0.0103734 107.056 -0.261118 0.965245 0.0109397 2.89129 0.0128706 -0.00785059 0.999886 1.84912
0.952765 0.30351 -0.0109603 107.361 -0.303375 0.95279 0.0124432 2.75558 0.0142195 -0.00853038 0.999863 1.8747
0.937667 0.347382 -0.0102907 107.693 -0.347238 0.937679 0.0135414 2.62874 0.0143534 -0.009124 0.999855 1.8746
0.920258 0.391213 -0.00878976 108.04 -0.391086 0.920259 0.0132563 2.44157 0.0132749 -0.00876171 0.999873 1.88362
0.899899 0.43604 -0.00715965 108.333 -0.435941 0.899894 0.0121139 2.30351 0.0117251 -0.00778007 0.999901 1.8779
0.877286 0.479904 -0.00777967 108.631 -0.479808 0.877297 0.011563 2.06576 0.0123742 -0.00641134 0.999903 1.89881
0.852058 0.523363 -0.00940666 108.924 -0.523246 0.852091 0.0124598 1.90495 0.0145363 -0.00569449 0.999878 1.9192
0.824869 0.565206 -0.0115721 109.183 -0.565067 0.824938 0.0132716 1.66953 0.0170474 -0.00440837 0.999845 1.92255
0.794236 0.607469 -0.0130622 109.441 -0.607252 0.794323 0.0172112 1.47737 0.0208309 -0.00573769 0.999767 1.93134
0.760799 0.648868 -0.0124426 109.697 -0.648525 0.760841 0.0231537 1.2076 0.0244905 -0.009546 0.999654 1.9531
0.723824 0.68989 -0.0114203 109.932 -0.689451 0.723816 0.027331 0.976152 0.0271216 -0.0119091 0.999561 1.93782
0.684901 0.728542 -0.0117528 110.163 -0.728089 0.684922 0.0276958 0.70431 0.0282273 -0.0104118 0.999547 1.95622
0.644028 0.764913 -0.0116787 110.39 -0.764547 0.644097 0.0246631 0.371929 0.0263874 -0.00695481 0.999628 1.98896
0.5999 0.800014 -0.00989695 110.569 -0.799695 0.599951 0.0233965 0.0911916 0.0246552 -0.00612105 0.999677 1.98071
0.55437 0.832237 -0.00748114 110.777 -0.831976 0.55439 0.0216101 -0.271239 0.0221322 -0.00575585 0.999738 2.01115
0.50608 0.862467 -0.00574811 110.94 -0.862267 0.50609 0.0192021 -0.558945 0.0194702 -0.00476139 0.999799 1.99849
0.456033 0.889953 -0.0043157 111.101 -0.889855 0.456047 0.0133454 -0.963993 0.0138449 -0.00224558 0.999902 2.04166
0.404518 0.91453 -0.000827041 111.241 -0.914451 0.404494 0.0127958 -1.30117 0.0120367 -0.00441984 0.999918 2.02799
0.353891 0.935285 0.00203616 111.361 -0.935161 0.353806 0.0171974 -1.65635 0.0153641 -0.00799014 0.99985 2.04527
0.30337 0.952864 0.00403238 111.467 -0.952689 0.303226 0.0209235 -2.09181 0.0187145 -0.0101892 0.999773 2.04579
0.256377 0.966574 0.00236326 111.55 -0.966299 0.256245 0.0245848 -2.46481 0.0231574 -0.00858661 0.999695 2.05555
0.214632 0.976689 -0.00338376 111.63 -0.9764 0.214651 0.0238385 -2.92643 0.0240091 -0.00181259 0.99971 2.07904
0.179173 0.983763 -0.0103326 111.675 -0.983524 0.179366 0.022539 -3.31307 0.0240263 0.00612397 0.999693 2.08693
0.147983 0.988908 -0.0127301 111.728 -0.988681 0.148246 0.0230883 -3.77842 0.0247194 0.00916934 0.999652 2.10285
0.11984 0.992741 -0.0101391 111.791 -0.992512 0.120043 0.0225609 -4.22055 0.0236143 0.00735952 0.999694 2.13251
0.094624 0.995507 -0.00359715 111.823 -0.995333 0.094675 0.018665 -4.71468 0.0189217 0.00181421 0.999819 2.11263
0.0706503 0.9975 0.0014217 111.869 -0.997385 0.0706203 0.0153401 -5.20791 0.0152014 -0.00250177 0.999881 2.12418
0.0482345 0.998834 -0.0020292 111.876 -0.998755 0.0482564 0.0126553 -5.72635 0.0127384 0.00141625 0.999918 2.14724
0.0280877 0.999575 -0.00775342 111.889 -0.999531 0.0281793 0.0119659 -6.25732 0.0121793 0.00741369 0.999898 2.15821
0.0099281 0.999871 -0.0126493 111.88 -0.999852 0.0101038 0.0139062 -6.81676 0.0140322 0.0125094 0.999823 2.1795
-0.00474827 0.999898 -0.0134666 111.855 -0.999799 -0.00448436 0.0195601 -7.38424 0.0194977 0.0135568 0.999718 2.19428
-0.0157593 0.999833 -0.00924071 111.868 -0.99959 -0.0155332 0.0240452 -7.99075 0.0238977 0.00961585 0.999668 2.18894
-0.0226414 0.999676 -0.0115915 111.863 -0.999462 -0.0223584 0.0239936 -8.58291 0.0237267 0.0121285 0.999645 2.19121
-0.024858 0.99953 -0.0179467 111.822 -0.999482 -0.0244816 0.0208982 -9.22847 0.020449 0.0184569 0.999621 2.22554
-0.0246435 0.999497 -0.0199793 111.812 -0.999516 -0.0242541 0.0195045 -9.87742 0.0190101 0.0204503 0.99961 2.24577
-0.0231636 0.999529 -0.0201151 111.787 -0.99957 -0.0227929 0.0184673 -10.5636 0.0180002 0.0205342 0.999627 2.25701
-0.0210798 0.999657 -0.0155256 111.774 -0.999595 -0.0207764 0.0194522 -11.242 0.019123 0.0159293 0.99969 2.26293
-0.01998 0.9997 -0.0141579 111.78 -0.999598 -0.0196894 0.0203783 -11.9475 0.0200934 0.0145593 0.999692 2.28919
-0.0191663 0.999716 -0.0141861 111.771 -0.99961 -0.0188725 0.0205669 -12.6715 0.0202933 0.0145748 0.999688 2.29321
-0.0186059 0.999722 -0.0144598 111.766 -0.999624 -0.0183087 0.0204173 -13.4071 0.0201469 0.0148342 0.999687 2.32298
-0.0176823 0.999761 -0.0128448 111.758 -0.999657 -0.0174291 0.0195656 -14.1593 0.0193371 0.0131864 0.999726 2.33947
-0.0174916 0.999762 -0.0130695 111.731 -0.999686 -0.0172527 0.018171 -14.9439 0.0179411 0.0133832 0.999749 2.36427
-0.0179394 0.999735 -0.0144356 111.719 -0.999715 -0.0177079 0.0160049 -15.7145 0.015745 0.0147186 0.999768 2.391
-0.0189213 0.999735 -0.0131183 111.715 -0.999723 -0.0187339 0.0142613 -16.5064 0.0140118 0.0133845 0.999812 2.39104
-0.0201832 0.999763 -0.0081156 111.705 -0.99971 -0.0200743 0.0132801 -17.3 0.0131141 0.00838128 0.999879 2.40394
-0.0215509 0.999692 -0.012314 111.692 -0.99971 -0.0214156 0.011014 -18.095 0.0107469 0.0125478 0.999864 2.43426
-0.0226913 0.999647 -0.0138437 111.678 -0.999707 -0.0225715 0.00875567 -18.9116 0.0084401 0.0140384 0.999866 2.46119
-0.0238959 0.999547 -0.0183099 111.663 -0.999684 -0.0237479 0.00825668 -19.709 0.00781811 0.0185014 0.999798 2.45483
-0.0251588 0.999614 -0.0117692 111.634 -0.99961 -0.0250126 0.0124019 -20.5264 0.0121028 0.0120766 0.999854 2.4787
-0.0261345 0.999614 -0.0094683 111.63 -0.999515 -0.0259689 0.0172069 -21.3635 0.0169544 0.0099134 0.999807 2.50829
-0.0269055 0.999595 -0.00921596 111.62 -0.999469 -0.0267305 0.018607 -22.212 0.0183531 0.00971171 0.999784 2.53819
-0.0281338 0.999544 -0.0109242 111.608 -0.999463 -0.0279446 0.0170956 -23.0471 0.0167825 0.0113993 0.999794 2.55434
-0.0294538 0.999517 -0.00989575 111.607 -0.999488 -0.0293259 0.0128336 -23.8895 0.0125372 0.0102687 0.999869 2.56808
-0.0295238 0.999524 -0.00899064 111.582 -0.999536 -0.029454 0.00780084 -24.7291 0.00753231 0.00921678 0.999929 2.59118
-0.0295185 0.999555 -0.0043379 111.558 -0.999561 -0.0295077 0.00252636 -25.5929 0.00239723 0.00441058 0.999987 2.60601
-0.0293501 0.999555 -0.00538148 111.551 -0.999569 -0.0293442 0.00116486 -26.4543 0.00100642 0.00541335 0.999985 2.60791
-0.0291458 0.999544 -0.00792109 111.527 -0.999545 -0.0290825 0.00800036 -27.281 0.00776635 0.00815067 0.999937 2.63127
-0.0280524 0.999605 -0.00167591 111.507 -0.999453 -0.0280187 0.017541 -28.1009 0.0174871 0.00216707 0.999845 2.6777
-0.0278348 0.999587 0.00715062 111.491 -0.999367 -0.0279859 0.0219811 -28.9275 0.0221721 -0.00653425 0.999733 2.70232
-0.0262797 0.999651 -0.00277661 111.481 -0.999489 -0.0262248 0.0182493 -29.7425 0.0181701 0.00325478 0.99983 2.71641
-0.0250993 0.999547 -0.016616 111.447 -0.999624 -0.0249113 0.0114299 -30.5785 0.0110108 0.0168967 0.999797 2.72863
-0.0247085 0.999549 -0.0170794 111.427 -0.999665 -0.024572 0.00815357 -31.4203 0.00773022 0.0172752 0.999821 2.75004
-0.0252532 0.9996 -0.0127294 111.409 -0.999652 -0.0251534 0.00794045 -32.2096 0.00761708 0.0129255 0.999887 2.77087
-0.0259298 0.99962 -0.0093879 111.396 -0.99963 -0.0258502 0.00850329 -33.0406 0.00825738 0.00960491 0.99992 2.79296
-0.0276374 0.999587 -0.00791126 111.378 -0.999583 -0.0275694 0.00857452 -33.8551 0.00835287 0.00814494 0.999932 2.80899
-0.0301423 0.999522 -0.00679981 111.368 -0.999511 -0.0300838 0.00853811 -34.6619 0.00832947 0.00705384 0.99994 2.8274
-0.0323299 0.999455 -0.00671371 111.346 -0.999439 -0.032269 0.00900243 -35.4631 0.00878088 0.00700099 0.999937 2.85538
-0.0341181 0.999408 -0.00438435 111.331 -0.999378 -0.0340774 0.00904442 -36.2748 0.00888966 0.0046902 0.999949 2.87055
-0.0357139 0.999359 -0.00254622 111.308 -0.999329 -0.0356917 0.00828175 -37.0871 0.00818556 0.00284029 0.999962 2.896
-0.0379756 0.999276 -0.00251583 111.285 -0.999253 -0.0379565 0.00723997 -37.8611 0.00713923 0.00278889 0.999971 2.90642
-0.0403005 0.999184 -0.00278627 111.267 -0.999161 -0.0402789 0.00739334 -38.6555 0.00727508 0.00308189 0.999969 2.93709
-0.0422025 0.999105 -0.00294076 111.243 -0.999079 -0.0421781 0.00790659 -39.4421 0.00777547 0.00327173 0.999964 2.95334
-0.0430243 0.99907 -0.00287078 111.21 -0.999042 -0.0429998 0.00810241 -40.2138 0.00797143 0.00321663 0.999963 2.96997
-0.044232 0.999012 -0.00426451 111.162 -0.998997 -0.0442008 0.00714969 -41.0008 0.00695413 0.00457648 0.999965 2.99649
-0.0457304 0.998944 -0.00453815 111.139 -0.998932 -0.0456992 0.00676766 -41.7623 0.00655312 0.0048428 0.999967 3.01788
-0.0468853 0.998892 -0.00411088 111.105 -0.998882 -0.0468589 0.00631555 -42.5398 0.00611592 0.00440239 0.999972 3.03039
-0.0481314 0.998837 -0.00270665 111.088 -0.998827 -0.0481163 0.00539689 -43.2712 0.00526038 0.00296324 0.999982 3.05091
-0.0493788 0.998777 -0.00239288 111.05 -0.99877 -0.0493673 0.00464166 -44.0191 0.00451785 0.00261914 0.999986 3.06784
-0.0497909 0.998756 -0.00275747 111.02 -0.998751 -0.0497788 0.00426497 -44.7049 0.0041224 0.00296638 0.999987 3.08981
-0.0501062 0.998742 -0.00180929 110.975 -0.998725 -0.0500941 0.00620426 -45.4261 0.00610582 0.00211786 0.999979 3.0984
-0.0502665 0.998736 -0.000265519 110.948 -0.998697 -0.0502622 0.00881638 -46.1291 0.00879189 0.000708342 0.999961 3.11987
-0.0503399 0.998732 0.00111339 110.928 -0.998677 -0.0503488 0.0104628 -46.8269 0.0105056 -0.000585215 0.999945 3.13826
-0.0509672 0.9987 0.000362947 110.894 -0.998639 -0.0509681 0.0110306 -47.5284 0.0110347 0.000199745 0.999939 3.15433
-0.0507517 0.998711 -0.00119838 110.858 -0.998652 -0.0507356 0.0109382 -48.1968 0.0108633 0.0017519 0.999939 3.16934
-0.0510832 0.998694 -0.00130236 110.831 -0.998638 -0.0510664 0.0106705 -48.9129 0.0105901 0.00184567 0.999942 3.19445
-0.0512611 0.998683 0.00214038 110.809 -0.998626 -0.0512813 0.0107821 -49.5815 0.0108777 -0.00158474 0.99994 3.20155
-0.051306 0.998672 0.00468362 110.778 -0.998623 -0.0513536 0.0106822 -50.2599 0.0109086 -0.00412911 0.999932 3.21745
-0.0510102 0.998694 0.00291826 110.753 -0.998648 -0.0510366 0.00984791 -50.9754 0.00998399 -0.00241197 0.999947 3.246
-0.0523731 0.998618 0.00426518 110.722 -0.998584 -0.0524104 0.00915686 -51.6295 0.00936775 -0.00377957 0.999949 3.26039
-0.0558328 0.998411 0.0076676 110.69 -0.9984 -0.0558975 0.00850272 -52.3017 0.0089178 -0.0071806 0.999934 3.28402
-0.061115 0.998111 0.00621716 110.664 -0.998088 -0.061169 0.00889799 -52.9769 0.00926148 -0.00566147 0.999941 3.29234
-0.0668772 0.997744 0.00586416 110.612 -0.997691 -0.0669411 0.011479 -53.6481 0.0118457 -0.00508293 0.999917 3.31573
-0.0739374 0.997248 0.00547845 110.565 -0.997156 -0.0740089 0.0142637 -54.2963 0.0146299 -0.00440825 0.999883 3.32705
-0.0808598 0.996697 0.00753519 110.507 -0.996599 -0.0809678 0.0153504 -54.9706 0.0159098 -0.00626833 0.999854 3.34327
-0.0870638 0.996164 0.00883376 110.463 -0.99608 -0.0871887 0.0149143 -55.6354 0.0156273 -0.00750064 0.99985 3.35521
-0.0926202 0.995649 0.0101798 110.409 -0.99559 -0.0927582 0.0140382 -56.3237 0.0149213 -0.00883473 0.99985 3.37973
-0.0969414 0.995227 0.0112221 110.346 -0.995177 -0.0970944 0.0139962 -57.0077 0.015019 -0.00981121 0.999839 3.40513
-0.1007 0.994824 0.0136058 110.283 -0.994802 -0.100887 0.0138118 -57.7112 0.0151129 -0.0121443 0.999812 3.42308
-0.103625 0.994498 0.0153632 110.202 -0.994539 -0.103797 0.0108474 -58.3971 0.0123824 -0.0141553 0.999823 3.43989
-0.105893 0.994287 0.0134513 110.138 -0.994337 -0.106001 0.00763124 -59.1241 0.00901349 -0.012567 0.99988 3.44685
-0.107218 0.994185 0.0100142 110.059 -0.994218 -0.107271 0.0049139 -59.8423 0.00595955 -0.0094294 0.999938 3.45743
-0.108454 0.994034 0.0115734 109.994 -0.994086 -0.108509 0.00422483 -60.5639 0.00545545 -0.0110468 0.999924 3.47473
-0.109092 0.993963 0.0117058 109.915 -0.993994 -0.109183 0.00742293 -61.2973 0.00865618 -0.0108257 0.999904 3.49456
-0.109327 0.993981 0.00699166 109.833 -0.993929 -0.109403 0.0116672 -62.0084 0.0123619 -0.00567367 0.999907 3.49593
-0.110065 0.993923 0.00150221 109.742 -0.993801 -0.110075 0.0156214 -62.7702 0.0156918 0.000226467 0.999877 3.53832
-0.111149 0.993801 0.00211921 109.658 -0.993656 -0.111169 0.0170057 -63.5055 0.0171359 -0.000215595 0.999853 3.54555
-0.111427 0.993767 0.00336446 109.578 -0.993654 -0.111466 0.0150819 -64.2271 0.0153629 -0.00166257 0.999881 3.56408
-0.111013 0.993817 -0.00168994 109.498 -0.993756 -0.110987 0.0114391 -65.0089 0.0111808 0.00294928 0.999933 3.57044
-0.111561 0.993756 -0.00150671 109.408 -0.99372 -0.111544 0.00891681 -65.7441 0.00869307 0.00249202 0.999959 3.59485
-0.112056 0.993695 -0.00373439 109.341 -0.993664 -0.112018 0.00913511 -66.4888 0.0086592 0.00473437 0.999951 3.60754
-0.114213 0.993454 -0.00211552 109.246 -0.993413 -0.114188 0.00957969 -67.229 0.00927542 0.00319571 0.999952 3.63154
-0.116403 0.993201 -0.00109523 109.176 -0.993154 -0.116387 0.00996145 -67.962 0.00976625 0.00224728 0.99995 3.65163
-0.118376 0.992967 -0.00163571 109.083 -0.992918 -0.118353 0.0103291 -68.6909 0.0100629 0.00284685 0.999945 3.67003
-0.119932 0.992778 -0.00280752 109.014 -0.99273 -0.119897 0.0105568 -69.4504 0.010144 0.00405321 0.99994 3.68431
-0.121697 0.992565 -0.00204274 108.927 -0.992517 -0.12167 0.010321 -70.1953 0.00999571 0.00328348 0.999945 3.70375
-0.123283 0.99237 -0.00163116 108.835 -0.992317 -0.123259 0.0106427 -70.9501 0.0103605 0.0029307 0.999942 3.71119
-0.124785 0.992184 -0.000177308 108.744 -0.992123 -0.124775 0.0111406 -71.705 0.0110314 0.00156609 0.999938 3.74304
-0.125947 0.992037 0.00079768 108.66 -0.991965 -0.125948 0.0119035 -72.46 0.0119092 0.000707941 0.999929 3.74909
-0.126771 0.991931 0.00148701 108.567 -0.99186 -0.12678 0.0118513 -73.2131 0.0119442 2.749e-05 0.999929 3.78298
-0.128221 0.991745 0.00128214 108.475 -0.991688 -0.128228 0.0106301 -73.9721 0.0107067 9.15168e-05 0.999943 3.79094
-0.128975 0.991647 0.000944269 108.383 -0.991607 -0.128979 0.00891514 -74.7775 0.00896247 0.000213489 0.99996 3.80629
-0.130798 0.991393 0.00567844 108.289 -0.991383 -0.130834 0.00643992 -75.5324 0.00712743 -0.00478718 0.999963 3.82028
-0.132777 0.991133 0.00506607 108.173 -0.991124 -0.132807 0.00593494 -76.3182 0.00655512 -0.00423307 0.99997 3.84039
-0.134596 0.990892 0.00406376 108.079 -0.99088 -0.134619 0.00592411 -77.1168 0.00641721 -0.00322933 0.999974 3.85841
-0.136836 0.990585 0.00410028 107.963 -0.990562 -0.136863 0.00748319 -77.9082 0.00797391 -0.00303761 0.999964 3.86396
-0.137803 0.990453 0.00358802 107.867 -0.990396 -0.137834 0.0108523 -78.6995 0.0112433 -0.00205808 0.999935 3.88303
-0.139092 0.990277 0.00227592 107.758 -0.990178 -0.13911 0.0139971 -79.5104 0.0141776 -0.000306681 0.999899 3.89907
-0.139888 0.990166 0.00182144 107.642 -0.990006 -0.139898 0.0177719 -80.3184 0.0178519 0.000682831 0.99984 3.93234
-0.13979 0.990181 -0.00020687 107.527 -0.990005 -0.139762 0.0188807 -81.1248 0.0186664 0.00284415 0.999822 3.95156
-0.13969 0.990192 -0.00252786 107.412 -0.990034 -0.139621 0.0184266 -81.9522 0.0178929 0.00507668 0.999827 3.98035
-0.139322 0.990235 -0.00483692 107.296 -0.990114 -0.139222 0.0170633 -82.7979 0.0162233 0.0071664 0.999843 3.99861
-0.138351 0.990374 -0.00421239 107.194 -0.990271 -0.138271 0.0156271 -83.6322 0.0148942 0.00633344 0.999869 4.02002
-0.137037 0.990559 -0.00370659 107.067 -0.99049 -0.136979 0.0129323 -84.4921 0.0123025 0.00544355 0.99991 4.03952
-0.135636 0.99075 -0.00415006 106.958 -0.990711 -0.135587 0.0104279 -85.3118 0.00976875 0.00552591 0.999937 4.04688
-0.133821 0.990994 -0.00468083 106.852 -0.990987 -0.133788 0.0068095 -86.1727 0.00612193 0.00554989 0.999966 4.0758
-0.131754 0.991273 -0.00431513 106.749 -0.991262 -0.131722 0.00702088 -87.0337 0.00639121 0.00520245 0.999966 4.09185
-0.129954 0.991508 -0.00481137 106.624 -0.991467 -0.129896 0.0109968 -87.8558 0.0102784 0.0061994 0.999928 4.1115
-0.128711 0.991675 -0.00381975 106.533 -0.991555 -0.128632 0.0164858 -88.7129 0.0158572 0.00590941 0.999857 4.14739
-0.127234 0.991873 0.000639487 106.422 -0.991701 -0.127224 0.0185453 -89.5595 0.0184759 0.00172541 0.999828 4.17956
-0.125658 0.992073 -0.00101067 106.324 -0.991919 -0.125621 0.0177618 -90.432 0.017494 0.00323442 0.999842 4.18088
-0.124455 0.992224 -0.00163711 106.225 -0.992109 -0.124415 0.0155378 -91.2853 0.0152133 0.00355795 0.999878 4.21651
-0.124248 0.992245 -0.00352532 106.111 -0.992163 -0.124189 0.0137425 -92.167 0.0131982 0.00520517 0.999899 4.22263
-0.123349 0.992361 -0.00203029 106.024 -0.992281 -0.123312 0.0131161 -93.0258 0.0127655 0.00363247 0.999912 4.25418
-0.123076 0.992396 -0.00148663 105.905 -0.992317 -0.123047 0.0129361 -93.8789 0.0126548 0.00306734 0.999915 4.28607
-0.122285 0.992494 -0.00135037 105.795 -0.992431 -0.122261 0.0115297 -94.7558 0.0112781 0.00275005 0.999933 4.29096
-0.120994 0.992617 -0.00845223 105.709 -0.992599 -0.120894 0.0114579 -95.6066 0.0103515 0.00977601 0.999899 4.31736
-0.120616 0.992676 -0.00686284 105.612 -0.99264 -0.12053 0.0117917 -96.463 0.0108781 0.0082346 0.999907 4.34488
-0.119874 0.992763 -0.00718519 105.49 -0.992701 -0.119764 0.0142228 -97.3047 0.0132593 0.00883769 0.999873 4.37298
-0.118984 0.992891 -0.00310854 105.382 -0.992796 -0.118927 0.0145609 -98.2005 0.0140877 0.00481866 0.999889 4.40715
-0.118532 0.992948 -0.00217944 105.316 -0.992884 -0.118498 0.0118006 -99.0294 0.0114591 0.00356268 0.999928 4.417
-0.118366 0.992969 0.00120809 105.238 -0.992923 -0.118373 0.00955532 -99.8694 0.00963115 -6.85077e-05 0.999954 4.43802
-0.119581 0.992816 0.00412958 105.136 -0.992764 -0.119619 0.0105715 -100.731 0.0109895 -0.00283554 0.999936 4.46242
-0.121262 0.992544 0.012286 105.054 -0.992511 -0.121424 0.0133852 -101.561 0.0147773 -0.0105709 0.999835 4.49476
-0.121849 0.992449 0.0140622 104.957 -0.992394 -0.122068 0.0159243 -102.394 0.0175206 -0.0120149 0.999774 4.51458
-0.122375 0.992416 0.0116473 104.846 -0.992321 -0.122559 0.0166658 -103.25 0.0179669 -0.00951835 0.999793 4.54635
-0.122667 0.992399 0.00989242 104.763 -0.992301 -0.122814 0.0159898 -104.039 0.0170832 -0.00785485 0.999823 4.56689
-0.122971 0.992374 0.00847603 104.66 -0.992251 -0.1231 0.0168908 -104.856 0.0178054 -0.00633327 0.999821 4.59752
-0.123842 0.992263 0.00873691 104.563 -0.992098 -0.12399 0.0191717 -105.665 0.0201067 -0.0062936 0.999778 4.62848
-0.124217 0.992214 0.00899613 104.47 -0.992014 -0.124381 0.0209078 -106.477 0.021864 -0.00632718 0.999741 4.65737
-0.125587 0.992036 0.00963972 104.369 -0.99184 -0.125765 0.0208943 -107.281 0.0219402 -0.00693701 0.999735 4.68109
-0.127685 0.991752 0.0111226 104.276 -0.991579 -0.127891 0.0203488 -108.102 0.0216035 -0.00843069 0.999731 4.71047
-0.130973 0.991327 0.0108183 104.18 -0.991129 -0.13118 0.0213131 -108.881 0.0225474 -0.00793088 0.999714 4.74309
-0.134493 0.990837 0.0124375 104.071 -0.990606 -0.134753 0.0232856 -109.675 0.0247483 -0.00918892 0.999651 4.77894
-0.137388 0.990396 0.0155276 103.968 -0.990166 -0.13774 0.0244791 -110.469 0.0263827 -0.0120117 0.99958 4.80662
-0.140692 0.989955 0.0139916 103.867 -0.98969 -0.141009 0.0251207 -111.236 0.0268413 -0.0103131 0.999587 4.83974
-0.143668 0.989531 0.0136858 103.77 -0.989293 -0.143965 0.0239589 -112.003 0.0256783 -0.0100971 0.999619 4.86148
-0.146234 0.989169 0.012663 103.646 -0.988913 -0.146506 0.0242414 -112.763 0.025834 -0.00897765 0.999626 4.89105
-0.147734 0.988883 0.0168731 103.548 -0.988548 -0.148172 0.0285944 -113.552 0.0307767 -0.0124555 0.999449 4.93588
-0.149805 0.988519 0.0196869 103.448 -0.988006 -0.150423 0.0349002 -114.323 0.0374609 -0.0142225 0.999197 4.97942
-0.152823 0.988102 0.0172902 103.313 -0.987452 -0.15338 0.0375807 -115.072 0.0397856 -0.01133 0.999144 5.01604
-0.155535 0.987716 0.0150171 103.213 -0.987113 -0.155983 0.0357453 -115.835 0.0376487 -0.00926389 0.999248 5.06435
-0.158471 0.987231 0.0162076 103.095 -0.986843 -0.158899 0.0298596 -116.594 0.0320537 -0.0112625 0.999423 5.07272
-0.160977 0.986821 0.0164682 102.963 -0.986501 -0.161388 0.0277596 -117.355 0.0300515 -0.0117773 0.999479 5.11062
-0.162819 0.986484 0.0184107 102.859 -0.986151 -0.163304 0.0289396 -118.088 0.031555 -0.0134438 0.999412 5.14909
-0.165399 0.986001 0.0210762 102.745 -0.985606 -0.166016 0.0319431 -118.846 0.0349949 -0.0154895 0.999267 5.19902
-0.167951 0.985555 0.0217464 102.598 -0.985042 -0.168645 0.0353847 -119.603 0.038541 -0.0154782 0.999137 5.22027
-0.170025 0.985237 0.0199942 102.476 -0.984551 -0.170698 0.0390175 -120.339 0.0418545 -0.0130514 0.999038 5.26586
-0.172129 0.984876 0.0197631 102.368 -0.984024 -0.172837 0.0427164 -121.058 0.0454861 -0.0120946 0.998892 5.31288
-0.174535 0.98443 0.0208645 102.242 -0.983503 -0.175315 0.0445659 -121.782 0.0475299 -0.012742 0.998789 5.35815
-0.177533 0.98392 0.019598 102.109 -0.983047 -0.178232 0.0430221 -122.537 0.0458233 -0.011628 0.998882 5.39984
-0.181605 0.983244 0.0158159 101.969 -0.982459 -0.182105 0.0401374 -123.24 0.0423451 -0.00824929 0.999069 5.4255
-0.186974 0.982265 0.0140311 101.839 -0.981541 -0.187383 0.0382656 -123.968 0.0402161 -0.00661747 0.999169 5.48244
-0.193401 0.981015 0.0143575 101.704 -0.980332 -0.193811 0.0372373 -124.733 0.039313 -0.00687339 0.999203 5.52089
-0.201626 0.979333 0.0159512 101.566 -0.978662 -0.202093 0.037143 -125.414 0.039599 -0.0081218 0.999183 5.54981
-0.212255 0.977077 0.0163665 101.412 -0.976397 -0.212732 0.0373351 -126.147 0.039961 -0.00805567 0.999169 5.59443
-0.223824 0.97447 0.0176274 101.239 -0.973785 -0.224347 0.0375732 -126.851 0.0405686 -0.00875549 0.999138 5.63316
-0.236223 0.971573 0.0156341 101.08 -0.970834 -0.236661 0.0383671 -127.576 0.0409764 -0.0061149 0.999141 5.67124
-0.247896 0.968675 0.0147324 100.882 -0.967932 -0.248287 0.0382224 -128.259 0.0406829 -0.00478476 0.999161 5.70891
-0.259146 0.965761 0.0121999 100.697 -0.965 -0.259427 0.0383841 -128.974 0.0402349 -0.00182577 0.999189 5.7502
-0.269416 0.962987 0.00837783 100.506 -0.96221 -0.269536 0.0387548 -129.664 0.0395785 0.00237995 0.999214 5.79178
-0.278599 0.960398 0.00428786 100.292 -0.959629 -0.27855 0.0390082 -130.358 0.0386578 0.0067529 0.99923 5.83062
-0.286701 0.95802 -0.000453472 100.082 -0.9573 -0.286467 0.0389047 -131.04 0.0371416 0.0115881 0.999243 5.85961
-0.29263 0.956225 -0.00134202 99.8834 -0.955527 -0.292362 0.0386393 -131.7 0.0365555 0.0125894 0.999252 5.90646
-0.297509 0.954701 -0.00587411 99.6513 -0.954135 -0.297106 0.0368181 -132.415 0.033405 0.0165584 0.999305 5.93776
-0.300074 0.953834 -0.0125147 99.4324 -0.953448 -0.29949 0.0352389 -133.097 0.029864 0.0225064 0.999301 5.96776
-0.301351 0.95337 -0.016546 99.2309 -0.953172 -0.300734 0.0319533 -133.755 0.0254874 0.0254004 0.999352 6.00308
-0.302221 0.952991 -0.0216798 99.0082 -0.952904 -0.301435 0.0333247 -134.414 0.0252231 0.0307302 0.999209 6.01607
-0.302374 0.952946 -0.0215438 98.7924 -0.952786 -0.301511 0.0359052 -135.083 0.02772 0.0313834 0.999123 6.06083
-0.301724 0.953193 -0.0196353 98.5882 -0.952897 -0.300836 0.0385245 -135.763 0.0308143 0.0303342 0.999065 6.09467
-0.300567 0.953528 -0.0210809 98.3841 -0.953249 -0.299608 0.0393897 -136.406 0.0312432 0.0319346 0.999002 6.12129
-0.298964 0.953937 -0.024996 98.184 -0.953824 -0.297927 0.038213 -137.056 0.0290059 0.0352661 0.998957 6.14367
-0.297298 0.954366 -0.0282949 97.9673 -0.954405 -0.296213 0.0369891 -137.707 0.0269198 0.0380016 0.998915 6.17161
-0.295739 0.954864 -0.0278076 97.7798 -0.954895 -0.294683 0.0365645 -138.357 0.0267197 0.0373669 0.998944 6.19549
-0.293014 0.955656 -0.0294022 97.5811 -0.955681 -0.291826 0.0388745 -138.991 0.0285704 0.0394899 0.998811 6.23384
-0.289034 0.956872 -0.0292405 97.3997 -0.956863 -0.28782 0.0396486 -139.637 0.0295227 0.039439 0.998786 6.26835
-0.28409 0.958283 -0.0313979 97.2046 -0.958369 -0.282833 0.0391619 -140.247 0.0286478 0.0412163 0.998739 6.29264
-0.27942 0.959626 -0.0322732 97.0223 -0.959769 -0.278176 0.0382368 -140.863 0.0277154 0.041659 0.998747 6.32299
-0.273483 0.961316 -0.0328515 96.8561 -0.961516 -0.272285 0.0367006 -141.511 0.0263359 0.0416242 0.998786 6.36404
-0.269454 0.962471 -0.0323307 96.6973 -0.962686 -0.268334 0.0351199 -142.125 0.0251264 0.0405875 0.99886 6.38252
-0.266164 0.963307 -0.0345901 96.5025 -0.963645 -0.265046 0.0337591 -142.722 0.0233524 0.0423181 0.998831 6.41303
-0.262503 0.96419 -0.0378197 96.3292 -0.964687 -0.261354 0.0327452 -143.346 0.0216883 0.04508 0.998748 6.43049
-0.259007 0.965062 -0.0396273 96.1584 -0.96567 -0.257887 0.0312541 -143.961 0.0199428 0.0463619 0.998726 6.46036
-0.255142 0.96605 -0.0406097 96.0139 -0.966718 -0.254047 0.0302658 -144.536 0.0189215 0.0469803 0.998717 6.46683
-0.251396 0.967187 -0.036735 95.8815 -0.967671 -0.250362 0.0305189 -145.128 0.0203204 0.0432197 0.998859 6.50151
-0.246874 0.96831 -0.0377957 95.7116 -0.968781 -0.245704 0.0330614 -145.723 0.0227272 0.0447778 0.998738 6.52081
-0.241618 0.969633 -0.037861 95.5729 -0.970029 -0.240311 0.0359844 -146.305 0.0257932 0.0454208 0.998635 6.55555
-0.235356 0.971243 -0.0359799 95.4422 -0.971515 -0.234046 0.0371623 -146.874 0.0276727 0.0437014 0.998661 6.58471
-0.226306 0.973503 -0.032818 95.3242 -0.973653 -0.225115 0.0363672 -147.448 0.0280157 0.0401834 0.998799 6.61736
-0.21605 0.975815 -0.0332647 95.1919 -0.976032 -0.214935 0.0341125 -148.04 0.0261377 0.0398374 0.998864 6.62955
-0.203881 0.978341 -0.0357983 95.071 -0.97867 -0.202734 0.0332255 -148.613 0.0252483 0.0418088 0.998807 6.64826
-0.190826 0.981059 -0.0332998 94.9576 -0.981313 -0.189802 0.0316124 -149.16 0.0246933 0.03871 0.998945 6.68232
