1 0 0 0 0 1 0 0 0 0 1 0
0.999947 0.0103367 0.000299296 0.278806 -0.0103365 0.999946 -0.000583229 -0.0658461 -0.000305309 0.000580105 1 0.00236155
0.999855 0.0170196 0.000742531 0.57151 -0.0170179 0.999853 -0.00213508 -0.110624 -0.00077876 0.00212214 0.999997 0.000840248
0.999812 0.0193994 -0.000435383 0.928902 -0.0194018 0.999792 -0.00631277 -0.0841154 0.000312828 0.00632003 0.99998 0.004126
0.999851 0.0172021 -0.00175022 1.18994 -0.0172135 0.999829 -0.00672697 -0.0915206 0.00163421 0.00675609 0.999976 0.00471995
0.999939 0.0105208 -0.00342349 1.55029 -0.0105582 0.999883 -0.0110918 -0.0677531 0.00330639 0.0111273 0.999933 0.00288373
0.999988 -0.00155664 -0.00460792 1.8591 0.00150369 0.999933 -0.0114728 -0.0565462 0.00462547 0.0114658 0.999924 0.0150911
0.99984 -0.0172634 -0.00477065 2.17934 0.0172073 0.999785 -0.0115736 -0.0154887 0.00496943 0.0114897 0.999922 0.0133586
0.999327 -0.0362909 -0.0053459 2.51398 0.0362536 0.999319 -0.00691522 -0.00742051 0.00559322 0.00671675 0.999962 0.020986
0.998415 -0.0559368 -0.00628431 2.878 0.055911 0.998427 -0.00420578 0.0302352 0.00650968 0.00384775 0.999971 0.0305477
0.997117 -0.0755833 -0.00669743 3.22182 0.0755597 0.997134 -0.00371797 0.0666081 0.00695926 0.0032012 0.999971 0.0303086
0.995278 -0.0968624 -0.00627756 3.59609 0.0968373 0.995291 -0.00418736 0.105443 0.00665359 0.00355969 0.999972 0.0320389
0.993217 -0.116138 -0.00561976 3.99319 0.11611 0.993223 -0.0051072 0.176909 0.00617482 0.00442005 0.999971 0.0403365
0.991076 -0.133196 -0.00521062 4.39696 0.13317 0.99108 -0.00504582 0.233024 0.00583622 0.0043069 0.999974 0.0502128
0.988759 -0.149444 -0.0047145 4.81522 0.149424 0.988764 -0.00426943 0.313081 0.00529957 0.00351697 0.99998 0.0516292
0.986643 -0.16282 -0.0049544 5.22892 0.162801 0.986651 -0.00395768 0.39293 0.00553266 0.00309824 0.99998 0.057277
0.984514 -0.175215 -0.00566052 5.6408 0.175187 0.984522 -0.00498693 0.46035 0.00644669 0.00391805 0.999972 0.0636836
0.982731 -0.184904 -0.00706217 6.11824 0.184847 0.982734 -0.00804932 0.569078 0.00842859 0.00660489 0.999943 0.0711921
0.98123 -0.192636 -0.00885443 6.57713 0.192573 0.981254 -0.00745243 0.657929 0.010124 0.00560742 0.999933 0.0762049
0.979519 -0.201052 -0.0109825 7.03994 0.200979 0.979568 -0.00737039 0.768547 0.0122399 0.00501219 0.999913 0.0624709
0.977891 -0.20869 -0.0133605 7.50536 0.208596 0.977968 -0.00813645 0.885398 0.0147641 0.00516963 0.999878 0.0852016
0.976167 -0.21654 -0.0144196 8.02379 0.216385 0.97624 -0.0115522 0.986439 0.0165785 0.00815669 0.999829 0.080507
0.974304 -0.224773 -0.0144243 8.5382 0.22452 0.974317 -0.0172629 1.08974 0.0179341 0.0135807 0.999747 0.102925
0.972409 -0.232674 -0.016829 9.03599 0.232377 0.972462 -0.0178683 1.20685 0.020523 0.0134646 0.999699 0.117165
0.970146 -0.241574 -0.0213999 9.59263 0.241303 0.970342 -0.0145 1.37477 0.0242681 0.00890328 0.999666 0.121921
0.967943 -0.249888 -0.0253573 10.1295 0.249671 0.968263 -0.0114289 1.51707 0.0274085 0.00473152 0.999613 0.132245
0.96554 -0.25885 -0.0269912 10.6991 0.258549 0.965894 -0.0141703 1.67214 0.0297386 0.00670345 0.999535 0.150258
0.963229 -0.267184 -0.0283465 11.2486 0.266829 0.963616 -0.015719 1.83175 0.031515 0.00757731 0.999475 0.17878
0.96093 -0.275054 -0.0309621 11.8269 0.274671 0.961404 -0.0160864 1.98872 0.0341917 0.00695358 0.999391 0.196474
0.958498 -0.282956 -0.0349033 12.428 0.28257 0.959119 -0.0156191 2.18733 0.0378959 0.00510822 0.999269 0.212352
0.956118 -0.290257 -0.0398693 13.0117 0.289793 0.956937 -0.0170889 2.37193 0.0431125 0.0047852 0.999059 0.244496
0.953967 -0.296235 -0.0468188 13.6083 0.295706 0.955109 -0.018023 2.57066 0.0500561 0.00334876 0.998741 0.273147
0.95222 -0.300417 -0.0550253 14.2265 0.299852 0.953807 -0.018448 2.77766 0.0580256 0.00106708 0.998315 0.298271
0.950409 -0.30443 -0.0636047 14.8519 0.303837 0.952534 -0.0190377 2.97337 0.0663813 -0.00123183 0.997794 0.342579
0.948429 -0.308235 -0.0739806 15.499 0.307781 0.951292 -0.0177399 3.20998 0.0758452 -0.00594474 0.997102 0.386306
0.946546 -0.312077 -0.0816017 16.1418 0.311735 0.950013 -0.0172251 3.43627 0.0828982 -0.0091337 0.996516 0.439352
0.944205 -0.317062 -0.0891533 16.7953 0.317003 0.948303 -0.0152011 3.6676 0.089364 -0.0139089 0.995902 0.499778
0.942164 -0.321168 -0.0957985 17.4754 0.321299 0.946867 -0.0144792 3.89462 0.0953587 -0.0171381 0.995295 0.562593
0.939954 -0.325553 -0.102478 18.1521 0.32606 0.94527 -0.0122379 4.1406 0.100853 -0.0219109 0.99466 0.639065
0.93782 -0.330355 -0.106576 18.8559 0.331206 0.943504 -0.010131 4.40598 0.103901 -0.0257974 0.994253 0.706523
0.935952 -0.33491 -0.108762 19.5407 0.335951 0.941835 -0.00914944 4.67458 0.1055 -0.0279753 0.994026 0.785008
0.933778 -0.341028 -0.108435 20.2557 0.342226 0.939584 -0.00794638 4.93477 0.104594 -0.0296892 0.994072 0.868466
0.931679 -0.347174 -0.106977 20.9766 0.348287 0.937347 -0.00869887 5.20782 0.103294 -0.0291541 0.994223 0.951873
0.929323 -0.353885 -0.105473 21.7051 0.355081 0.934803 -0.00784425 5.49294 0.101372 -0.0301616 0.994391 1.02863
0.926561 -0.362038 -0.102044 22.4251 0.363075 0.931718 -0.00887778 5.77404 0.0982899 -0.0288237 0.99474 1.11537
0.923646 -0.370532 -0.0978985 23.2142 0.371816 0.92829 -0.00546549 6.1063 0.0929034 -0.0313521 0.995181 1.19587
0.920787 -0.378657 -0.0936451 23.9424 0.380058 0.924957 -0.00308646 6.42351 0.0877864 -0.0327486 0.995601 1.27847
0.917528 -0.387182 -0.0907319 24.6943 0.388736 0.921349 -0.000591438 6.7388 0.0838247 -0.0347281 0.995875 1.35379
0.913879 -0.396049 -0.0892818 25.4251 0.397667 0.91753 0.000361843 7.07197 0.0817754 -0.0358351 0.996006 1.42285
0.90983 -0.405209 -0.0895268 26.2115 0.406959 0.913445 0.0014243 7.42677 0.0812007 -0.0377296 0.995983 1.50068
0.906129 -0.413546 -0.0889395 26.9762 0.415318 0.909675 0.00156977 7.78877 0.0802569 -0.0383606 0.996036 1.56734
0.902346 -0.421924 -0.088043 27.7617 0.423745 0.905779 0.00221284 8.14593 0.0788138 -0.0393045 0.996114 1.64133
0.898652 -0.430205 -0.0857261 28.5528 0.43195 0.901895 0.00201535 8.53755 0.0764489 -0.0388405 0.996317 1.7122
0.895337 -0.437756 -0.0821073 29.3278 0.439478 0.898248 0.00325271 8.91716 0.0723288 -0.0389966 0.996618 1.78526
0.892006 -0.445452 -0.0767998 30.1405 0.447033 0.894509 0.0038442 9.34335 0.0669857 -0.0377611 0.997039 1.84516
0.888467 -0.453252 -0.0720407 30.9367 0.454634 0.890672 0.00317241 9.75346 0.0627267 -0.0355708 0.997397 1.91466
0.884736 -0.460817 -0.0699241 31.7425 0.462114 0.886816 0.00270497 10.1856 0.0607633 -0.0347061 0.997549 1.97588
0.881643 -0.466872 -0.0688174 32.5746 0.468151 0.883644 0.00280864 10.6 0.0594988 -0.0346932 0.997625 2.03872
0.878581 -0.472841 -0.0672033 33.3963 0.474091 0.880471 0.00304118 11.0558 0.0577325 -0.0345324 0.997735 2.08939
0.87571 -0.47843 -0.065087 34.2279 0.479516 0.877532 0.00121469 11.529 0.0565348 -0.032274 0.997879 2.15129
0.87298 -0.483461 -0.0645795 35.0814 0.484492 0.874796 0.000344006 12.0075 0.0563276 -0.0315886 0.997913 2.20385
0.871129 -0.486773 -0.0646947 35.9201 0.48778 0.872966 -0.000261379 12.4877 0.0566036 -0.0313291 0.997905 2.25748
0.869431 -0.489708 -0.0653888 36.7774 0.490764 0.871293 9.55806e-05 12.9825 0.056926 -0.0321736 0.99786 2.31582
0.869085 -0.490429 -0.0645776 37.6434 0.491455 0.870903 -3.63266e-06 13.4822 0.0562426 -0.0317338 0.997913 2.37678
0.869013 -0.490804 -0.0626662 38.5492 0.491746 0.870739 -0.000453208 14.0007 0.0547884 -0.030422 0.998034 2.43243
0.868788 -0.491378 -0.0612809 39.4648 0.492213 0.870473 -0.00166403 14.5134 0.054161 -0.0287176 0.998119 2.49519
0.868046 -0.492738 -0.0608745 40.3488 0.493465 0.869759 -0.00350165 15.0226 0.0546715 -0.0269998 0.998139 2.55287
0.866879 -0.494803 -0.0607423 41.2668 0.495467 0.868614 -0.00465192 15.5546 0.0550634 -0.0260632 0.998143 2.61249
0.86562 -0.497264 -0.0585617 42.1752 0.497833 0.867255 -0.00547312 16.0855 0.0535096 -0.0244163 0.998269 2.67565
0.863594 -0.501223 -0.0545988 43.1023 0.501715 0.865017 -0.00527151 16.6415 0.0498711 -0.0228406 0.998494 2.73646
0.861062 -0.506047 -0.0498852 44.0383 0.506456 0.862251 -0.00501629 17.165 0.0455521 -0.0209453 0.998742 2.80071
0.857352 -0.512612 -0.0466548 44.9262 0.512886 0.858429 -0.00681031 17.7253 0.0435409 -0.0180898 0.998888 2.85643
0.851894 -0.521549 -0.0475703 45.8468 0.521724 0.85306 -0.0096339 18.2817 0.0456048 -0.0166115 0.998821 2.91594
0.846065 -0.530725 -0.0500478 46.7196 0.530826 0.847391 -0.0123436 18.8402 0.0489611 -0.0161232 0.998671 2.98415
0.839817 -0.540562 -0.0499995 47.6324 0.540685 0.841137 -0.0121852 19.4118 0.0486432 -0.0168006 0.998675 3.0332
0.83417 -0.549609 -0.0457247 48.5088 0.549755 0.835261 -0.0104574 20.0022 0.0439395 -0.0164141 0.998899 3.08487
0.829271 -0.557252 -0.0421996 49.3935 0.55747 0.830163 -0.00748942 20.6125 0.0392061 -0.0173143 0.999081 3.15155
0.825208 -0.563088 -0.0443006 50.2749 0.563381 0.826169 -0.0067596 21.2187 0.0404061 -0.0193801 0.998995 3.19919
0.821506 -0.568111 -0.0487608 51.1539 0.568428 0.82269 -0.00844329 21.829 0.0449117 -0.0207808 0.998775 3.2455
0.818174 -0.572274 -0.0556132 52.0039 0.572652 0.819732 -0.0104755 22.4356 0.0515827 -0.0232762 0.998397 3.32249
0.815109 -0.576431 -0.0576518 52.8845 0.576842 0.816783 -0.0109257 23.0599 0.0533869 -0.0243503 0.998277 3.37895
0.812103 -0.580984 -0.0542729 53.7451 0.581373 0.813576 -0.00994219 23.6872 0.0499314 -0.0234787 0.998477 3.44382
0.808871 -0.585979 -0.0485364 54.6176 0.586317 0.810038 -0.0084441 24.3236 0.0442644 -0.0216275 0.998786 3.50416
0.806019 -0.59014 -0.0454752 55.494 0.590454 0.807035 -0.00761715 24.9773 0.0411952 -0.0207114 0.998936 3.55203
0.803077 -0.593997 -0.0472753 56.3406 0.594418 0.804133 -0.00611375 25.6018 0.0416472 -0.0231914 0.998863 3.60828
0.799443 -0.598822 -0.0479962 57.2065 0.599183 0.800571 -0.00806737 26.2626 0.0432553 -0.0223091 0.998815 3.66196
0.795415 -0.60397 -0.0503579 58.0392 0.604332 0.796677 -0.00943267 26.9133 0.045816 -0.02293 0.998687 3.72161
0.791247 -0.609406 -0.0505321 58.8901 0.609736 0.792536 -0.0103768 27.5733 0.0463722 -0.0226006 0.998669 3.77666
0.786639 -0.61547 -0.048952 59.7483 0.615733 0.787874 -0.0113043 28.2452 0.0455255 -0.021249 0.998737 3.83523
0.781882 -0.621553 -0.0483015 60.5743 0.621808 0.783087 -0.0113678 28.9125 0.0448899 -0.0211459 0.998768 3.88703
0.776334 -0.628463 -0.0483765 61.4246 0.628676 0.777565 -0.0125646 29.6176 0.0455122 -0.0206588 0.99875 3.94944
0.770941 -0.635001 -0.0492363 62.267 0.635193 0.772233 -0.0136516 30.3036 0.0466907 -0.02075 0.998694 4.01148
0.765381 -0.641656 -0.0496933 63.0895 0.641819 0.766715 -0.0146984 31.0023 0.0475319 -0.0206442 0.998656 4.07188
0.759647 -0.648397 -0.0501701 63.9436 0.6485 0.761038 -0.0164209 31.7175 0.0488286 -0.0200612 0.998606 4.13025
0.753697 -0.655284 -0.050434 64.7414 0.655332 0.755129 -0.0178818 32.4313 0.0498018 -0.0195735 0.998567 4.18999
0.74757 -0.662318 -0.0497426 65.577 0.662304 0.748991 -0.0191342 33.181 0.0499297 -0.0186405 0.998579 4.25217
0.741606 -0.669116 -0.0480079 66.4087 0.66907 0.742946 -0.019393 33.9123 0.0486434 -0.0177387 0.998659 4.31501
0.735286 -0.676173 -0.0463073 67.212 0.676074 0.736558 -0.0201467 34.6623 0.0477307 -0.0164935 0.998724 4.37461
0.72884 -0.683138 -0.0459788 68.0364 0.682959 0.730127 -0.0219589 35.4424 0.0485713 -0.0153971 0.998701 4.44021
0.722202 -0.690097 -0.0467985 68.8324 0.689863 0.723556 -0.0235812 36.2187 0.0501347 -0.0152542 0.998626 4.50271
0.716274 -0.696196 -0.0475707 69.6403 0.696021 0.717657 -0.0228625 37.0057 0.0500562 -0.0167344 0.998606 4.56784
0.711002 -0.701676 -0.0461241 70.4387 0.701453 0.712326 -0.0235672 37.7981 0.0493918 -0.0155976 0.998658 4.62916
0.705994 -0.706685 -0.0465651 71.2291 0.706484 0.707339 -0.0234689 38.6123 0.0495225 -0.0163287 0.99864 4.68845
0.700939 -0.711623 -0.0477222 72.0343 0.711451 0.702344 -0.0234632 39.4349 0.0502144 -0.0175057 0.998585 4.76053
0.695638 -0.716678 -0.0496074 72.8183 0.716458 0.697173 -0.0252581 40.2643 0.0526869 -0.0179711 0.998449 4.83035
0.690673 -0.721311 -0.0517873 73.6186 0.721055 0.692357 -0.0268685 41.0833 0.0552358 -0.0187841 0.998297 4.89734
0.685583 -0.726072 -0.0528743 74.4148 0.725806 0.687344 -0.0276214 41.9208 0.056398 -0.0194398 0.998219 4.96566
0.680772 -0.730698 -0.0512828 75.2039 0.730425 0.682442 -0.0274255 42.7817 0.0550373 -0.0187877 0.998308 5.03955
0.675621 -0.735604 -0.0492276 75.9722 0.735268 0.677193 -0.0281059 43.6434 0.0540114 -0.0172066 0.998392 5.10685
0.670623 -0.740155 -0.0493537 76.7696 0.739821 0.672208 -0.0283027 44.505 0.0541243 -0.0175325 0.99838 5.18635
0.665874 -0.744469 -0.0487686 77.5438 0.744071 0.66745 -0.0294815 45.376 0.0544987 -0.0166564 0.998375 5.25071
0.661427 -0.748489 -0.0477459 78.3212 0.748041 0.662962 -0.0302682 46.2615 0.0543091 -0.0156957 0.998401 5.32376
0.657648 -0.751907 -0.0462128 79.1029 0.751379 0.65912 -0.0314787 47.164 0.0541289 -0.0140215 0.998436 5.39456
0.653686 -0.755432 -0.0449044 79.8806 0.754757 0.655123 -0.0340043 48.0697 0.0551059 -0.0116638 0.998412 5.46915
0.649499 -0.759068 -0.0443569 80.6496 0.758145 0.650954 -0.0384142 48.9625 0.0580332 -0.00867898 0.998277 5.55144
0.644891 -0.763045 -0.0433303 81.4492 0.761911 0.646318 -0.0420022 49.888 0.0600547 -0.00592704 0.998177 5.62166
0.638444 -0.768713 -0.0383318 82.2147 0.767285 0.639594 -0.0468286 50.8113 0.0605145 0.00048601 0.998167 5.70527
0.630451 -0.775476 -0.0341857 82.957 0.773846 0.631354 -0.0505432 51.7244 0.0607783 0.00541059 0.998137 5.79229
0.621507 -0.782797 -0.0309459 83.7104 0.781127 0.622226 -0.0517304 52.6523 0.0597498 0.00797813 0.998182 5.8652
0.612611 -0.789913 -0.0273003 84.4765 0.78833 0.613143 -0.0509116 53.6263 0.0569547 0.00966734 0.99833 5.94546
0.60343 -0.796961 -0.0269368 85.202 0.795402 0.603962 -0.0506432 54.604 0.0566295 0.00913402 0.998353 6.0324
0.593872 -0.804018 -0.0295162 85.9283 0.802409 0.594567 -0.0512802 55.5746 0.0587795 0.00676984 0.998248 6.09634
0.58437 -0.810987 -0.0284967 86.6467 0.809215 0.585 -0.054269 56.5775 0.060682 0.0086532 0.99812 6.19193
0.574214 -0.818122 -0.0309128 87.357 0.816312 0.575012 -0.0547426 57.5858 0.0625614 0.00619944 0.998022 6.26584
0.564361 -0.825108 -0.0263522 88.0608 0.823267 0.564889 -0.0559592 58.5933 0.0610584 0.00988627 0.998085 6.35597
0.554161 -0.832085 -0.0232347 88.7375 0.830242 0.554516 -0.0566573 59.6194 0.0600277 0.0121068 0.998123 6.43322
0.544117 -0.838732 -0.0215859 89.4225 0.836842 0.54438 -0.0578394 60.6514 0.0602627 0.0134073 0.998093 6.52148
0.533616 -0.845392 -0.0237922 90.0881 0.843467 0.534035 -0.0580451 61.7145 0.0617767 0.0109059 0.99803 6.60799
0.523681 -0.851557 -0.0246546 90.7401 0.84958 0.524169 -0.0588336 62.7793 0.0630234 0.00986404 0.997963 6.69125
0.513534 -0.857671 -0.0261435 91.3648 0.855647 0.514134 -0.0594489 63.8339 0.0644289 0.0081594 0.997889 6.77934
0.503636 -0.863521 -0.0261246 92.0063 0.861489 0.504256 -0.0596847 64.9396 0.0647125 0.0075533 0.997875 6.8693
0.495017 -0.868524 -0.0250022 92.6247 0.866587 0.495595 -0.0584103 66.0365 0.0631217 0.00724755 0.99798 6.95042
0.487034 -0.873114 -0.0216907 93.2419 0.871292 0.487435 -0.0570752 67.1426 0.0604059 0.00889861 0.998134 7.04367
0.479401 -0.877344 -0.0210319 93.8438 0.875507 0.479775 -0.0574805 68.2598 0.0605207 0.00914258 0.998125 7.12334
0.471859 -0.881417 -0.0213074 94.4607 0.879447 0.472246 -0.0596329 69.3772 0.0626237 0.00939957 0.997993 7.22376
0.465006 -0.885095 -0.0194035 95.0366 0.882898 0.465245 -0.0635499 70.4934 0.065275 0.0124198 0.99779 7.31178
0.458921 -0.888277 -0.0188459 95.6186 0.885893 0.4591 -0.0664852 71.634 0.0677094 0.013816 0.997609 7.40382
0.453689 -0.890948 -0.0194523 96.1907 0.888372 0.453887 -0.0691418 72.7495 0.0704308 0.014088 0.997417 7.50257
0.44889 -0.893415 -0.0175443 96.7565 0.890807 0.448954 -0.0700227 73.8846 0.0704359 0.0158039 0.997391 7.60137
0.445055 -0.895408 -0.0130383 97.3334 0.892976 0.444845 -0.0686027 75.0142 0.0672275 0.0188891 0.997559 7.70356
0.441326 -0.89733 -0.00553399 97.8925 0.895109 0.440652 -0.0678709 76.1532 0.0633412 0.0249997 0.997679 7.79888
0.43802 -0.898956 -0.00394246 98.46 0.896834 0.437279 -0.0669038 77.2963 0.0618675 0.0257695 0.997752 7.88928
0.435254 -0.900299 -0.00401065 98.9926 0.898226 0.434545 -0.0660334 78.3993 0.0611927 0.0251388 0.997809 7.98376
0.432668 -0.901553 0.000142537 99.5302 0.899611 0.431725 -0.0656752 79.523 0.0591482 0.0285438 0.997841 8.0699
0.430268 -0.902694 0.00355249 100.045 0.900858 0.429135 -0.0655541 80.6637 0.0576508 0.0314061 0.997843 8.1544
0.428553 -0.90351 0.00350106 100.572 0.901663 0.427422 -0.0656748 81.7618 0.0578414 0.0313019 0.997835 8.24417
0.425859 -0.904774 0.0052441 101.112 0.902997 0.424644 -0.0653744 82.8746 0.0569222 0.0325757 0.997847 8.33859
0.423992 -0.90561 0.0100516 101.634 0.904012 0.422522 -0.0650998 83.9826 0.054708 0.0366886 0.997828 8.41814
0.422044 -0.906474 0.0135484 102.127 0.905035 0.420408 -0.0645692 85.0713 0.0528345 0.0395128 0.997821 8.49544
0.420189 -0.907301 0.0156674 102.64 0.905881 0.418395 -0.0657699 86.1692 0.0531179 0.0418285 0.997712 8.58547
0.419164 -0.907785 0.0151204 103.114 0.906317 0.417384 -0.0661776 87.218 0.053764 0.0414431 0.997693 8.66556
0.418829 -0.907942 0.0149313 103.616 0.906402 0.417011 -0.0673501 88.2872 0.0549235 0.0417419 0.997618 8.74383
0.419404 -0.907708 0.0128805 104.096 0.906079 0.417693 -0.0674796 89.34 0.0558717 0.0399719 0.997638 8.82684
0.42128 -0.90686 0.0113728 104.562 0.905169 0.419647 -0.0675641 90.3819 0.0564986 0.0387576 0.99765 8.90554
0.425139 -0.90508 0.00932069 105.039 0.903332 0.423624 -0.0673387 91.3944 0.0569984 0.0370479 0.997687 8.98648
0.430394 -0.902609 0.00756359 105.528 0.900752 0.428936 -0.0682605 92.4316 0.0583683 0.0361918 0.997639 9.07405
0.436296 -0.899787 0.00547943 106.007 0.897898 0.434967 -0.0676977 93.4387 0.0585301 0.0344562 0.997691 9.15164
0.443106 -0.896458 0.00456308 106.499 0.894609 0.441853 -0.0666394 94.4271 0.0577232 0.0336105 0.997767 9.22923
0.450734 -0.89265 0.00388409 106.977 0.890836 0.449532 -0.0658173 95.4392 0.0570058 0.0331262 0.997824 9.30557
0.459635 -0.888103 0.00283058 107.47 0.886309 0.458499 -0.0650768 96.4138 0.0564971 0.0324204 0.997876 9.37884
0.468806 -0.883298 0.00243974 107.991 0.881509 0.467677 -0.0649719 97.3766 0.0562485 0.0326098 0.997884 9.45578
0.478689 -0.877984 0.00119024 108.51 0.876112 0.477579 -0.0659204 98.3507 0.0573086 0.0325981 0.997824 9.53458
0.488862 -0.872357 -0.00263016 109.016 0.870324 0.487925 -0.0668283 99.3324 0.0595814 0.0303807 0.997761 9.61154
0.500725 -0.86558 -0.00675601 109.573 0.863448 0.500013 -0.0666661 100.266 0.061083 0.027548 0.997752 9.68766
0.512622 -0.858553 -0.0102974 110.116 0.856456 0.512146 -0.0647184 101.201 0.0608379 0.0243568 0.99785 9.76253
0.525156 -0.850946 -0.0100708 110.673 0.84899 0.524689 -0.0625901 102.136 0.0585449 0.0243195 0.997989 9.83696
0.537278 -0.843348 -0.0097768 111.236 0.841503 0.536809 -0.060898 103.039 0.0566065 0.024492 0.998096 9.9063
0.54902 -0.835755 -0.00950871 111.802 0.833946 0.54852 -0.0604932 103.944 0.0557732 0.0252822 0.998123 9.99112
0.560627 -0.827979 -0.0121531 112.428 0.826162 0.560272 -0.0595992 104.816 0.056156 0.0233725 0.998148 10.0562
0.571823 -0.820271 -0.0131765 113.012 0.818366 0.571471 -0.0608161 105.678 0.0574157 0.0239928 0.998062 10.135
0.582844 -0.812481 -0.012928 113.622 0.810515 0.582421 -0.0620572 106.563 0.0579498 0.0256914 0.997989 10.2052
0.59359 -0.804662 -0.013049 114.226 0.802722 0.593158 -0.061651 107.396 0.0573483 0.0261207 0.998012 10.2901
0.603779 -0.797047 -0.0128835 114.842 0.79522 0.603362 -0.0598344 108.19 0.0554643 0.0258816 0.998125 10.3547
0.614106 -0.789134 -0.0118579 115.47 0.787491 0.613684 -0.0570046 109.023 0.0522613 0.0256689 0.998303 10.4163
0.623858 -0.781446 -0.01193 116.089 0.779856 0.623444 -0.0560511 109.81 0.0512386 0.0256643 0.998357 10.4836
0.633923 -0.773247 -0.0152181 116.728 0.771655 0.633693 -0.0546152 110.62 0.0518746 0.0228787 0.998392 10.5559
0.643275 -0.765446 -0.0170193 117.344 0.763832 0.643126 -0.0543105 111.381 0.0525173 0.0219368 0.998379 10.6242
0.652658 -0.757445 -0.017757 117.988 0.755855 0.652544 -0.0535583 112.11 0.0521546 0.0215335 0.998407 10.6867
0.661843 -0.749431 -0.0177941 118.648 0.747963 0.661763 -0.0512021 112.845 0.0501479 0.0205785 0.99853 10.7402
0.670523 -0.741727 -0.0154956 119.288 0.740349 0.670331 -0.0504056 113.582 0.0477743 0.022326 0.998609 10.8008
0.678557 -0.734389 -0.0152743 119.925 0.733042 0.67835 -0.0498973 114.278 0.0470053 0.0226614 0.998638 10.864
0.686607 -0.726853 -0.0159752 120.598 0.725526 0.686435 -0.0491779 114.974 0.046711 0.0221755 0.998662 10.9273
0.693756 -0.720025 -0.0163163 121.246 0.718761 0.693619 -0.0476988 115.66 0.0456617 0.0213638 0.998728 10.9913
0.701208 -0.712789 -0.0154815 121.897 0.711663 0.701078 -0.0450027 116.37 0.0429312 0.0205387 0.998867 11.044
0.70838 -0.705666 -0.0152938 122.553 0.704655 0.708284 -0.0423767 117.018 0.0407361 0.0192419 0.998985 11.0942
0.715782 -0.698158 -0.0152376 123.19 0.697215 0.715704 -0.0407357 117.659 0.0393455 0.018534 0.999054 11.1362
0.72318 -0.690469 -0.0162353 123.854 0.689573 0.72316 -0.0390918 118.281 0.0387324 0.017075 0.999104 11.1989
0.73116 -0.681995 -0.0169873 124.503 0.681191 0.731203 -0.0363297 118.921 0.0371978 0.0149912 0.999195 11.2373
0.740043 -0.672352 -0.0167259 125.154 0.671662 0.740111 -0.0332648 119.496 0.0347447 0.0133832 0.999307 11.2906
0.749567 -0.661737 -0.015919 125.816 0.661176 0.749645 -0.029631 120.098 0.0315415 0.0116852 0.999434 11.3197
0.759353 -0.650479 -0.0161556 126.463 0.649989 0.759457 -0.0271948 120.658 0.0299591 0.0101495 0.9995 11.3649
0.769243 -0.638705 -0.017932 127.119 0.63821 0.769398 -0.026741 121.212 0.0308764 0.00912597 0.999482 11.4046
0.779415 -0.626212 -0.0192221 127.788 0.625696 0.7796 -0.0269795 121.757 0.0318805 0.00900105 0.999451 11.4564
0.789033 -0.614044 -0.0194291 128.45 0.613551 0.789225 -0.02607 122.263 0.031342 0.00864935 0.999471 11.4948
0.799115 -0.600869 -0.0193041 129.123 0.600421 0.799307 -0.0245414 122.797 0.0301761 0.00802079 0.999512 11.5192
0.809101 -0.58741 -0.0174375 129.812 0.587038 0.809252 -0.0223082 123.281 0.0272155 0.00781312 0.999599 11.55
0.818712 -0.573993 -0.0155735 130.495 0.573675 0.818821 -0.0207202 123.775 0.0246452 0.00802971 0.999664 11.5881
0.827838 -0.56081 -0.0132974 131.191 0.560547 0.827903 -0.0190849 124.256 0.0217119 0.00834541 0.999729 11.6149
0.835834 -0.548864 -0.0114223 131.896 0.548625 0.835859 -0.0187049 124.713 0.0198139 0.0093676 0.99976 11.6436
0.843315 -0.537333 -0.00962418 132.608 0.537116 0.843305 -0.0185034 125.165 0.0180586 0.0104349 0.999782 11.6701
0.850114 -0.526522 -0.00899652 133.314 0.526313 0.850091 -0.0184253 125.615 0.0173492 0.0109286 0.99979 11.7007
0.856536 -0.516004 -0.00930411 134.025 0.515807 0.856525 -0.0175298 126.063 0.0170146 0.0102158 0.999803 11.7198
0.863368 -0.504484 -0.00954795 134.771 0.504314 0.863376 -0.0157924 126.499 0.0162105 0.00881951 0.99983 11.7433
0.869541 -0.493766 -0.00967093 135.503 0.493615 0.869559 -0.0145202 126.92 0.015579 0.00785223 0.999848 11.7575
0.875334 -0.483424 -0.00955081 136.252 0.483268 0.875346 -0.0148386 127.319 0.0155336 0.00837317 0.999844 11.78
0.880485 -0.473974 -0.00975644 137.026 0.473804 0.880491 -0.0156676 127.743 0.0160165 0.00917247 0.99983 11.8108
0.884869 -0.465732 -0.0100687 137.778 0.46555 0.884874 -0.0161652 128.138 0.0164382 0.00961661 0.999819 11.8371
0.888345 -0.459078 -0.00953313 138.551 0.458914 0.888347 -0.0153926 128.549 0.0155351 0.00929904 0.999836 11.8533
0.891576 -0.452821 -0.00673354 139.335 0.452708 0.891556 -0.0135127 128.962 0.0121222 0.0089993 0.999886 11.8793
0.894926 -0.44619 -0.00455878 140.139 0.446135 0.894914 -0.00959557 129.357 0.00836117 0.0065535 0.999944 11.8858
0.898014 -0.439957 -0.00276727 140.939 0.439932 0.898005 -0.00683621 129.766 0.00549267 0.00492161 0.999973 11.9002
0.901327 -0.433136 -0.00133886 141.766 0.433128 0.901323 -0.00408693 130.154 0.00297694 0.00310377 0.999991 11.9166
0.904577 -0.42631 0.000230465 142.604 0.42631 0.904575 -0.00219988 130.581 0.000729357 0.00208821 0.999998 11.9175
0.907712 -0.419586 0.00244923 143.456 0.419589 0.907713 -0.000943158 130.978 -0.00182747 0.00188379 0.999997 11.928
0.911163 -0.412019 0.00470606 144.323 0.412026 0.911172 -0.000694908 131.37 -0.00400171 0.00257219 0.999989 11.9345
0.914786 -0.403895 0.00595296 145.215 0.403907 0.9148 -0.000817832 131.77 -0.00511545 0.00315258 0.999982 11.9424
0.9184 -0.395603 0.00622201 146.107 0.395619 0.918414 -0.00143956 132.156 -0.00514488 0.00378364 0.99998 11.9229
0.922326 -0.386348 0.00705197 147.021 0.386379 0.922332 -0.00374609 132.532 -0.00505697 0.00617986 0.999968 11.9501
0.92634 -0.376635 0.0064023 147.942 0.376669 0.926333 -0.00531211 132.939 -0.00392993 0.00733236 0.999965 11.94
0.930774 -0.365564 0.00480743 148.88 0.365589 0.930756 -0.00622619 133.295 -0.00219848 0.00755272 0.999969 11.9549
0.935992 -0.352005 0.00329364 149.834 0.352017 0.935984 -0.00430278 133.669 -0.00156819 0.00518679 0.999985 11.9543
0.941904 -0.335865 0.00322577 150.809 0.33587 0.941908 -0.000871164 134.031 -0.00274578 0.00190399 0.999994 11.9555
0.94829 -0.317369 0.00473157 151.821 0.317357 0.948301 0.00320037 134.37 -0.00550265 -0.00153329 0.999984 11.9476
0.954704 -0.297499 0.00583356 152.825 0.297464 0.954713 0.00623799 134.716 -0.00742517 -0.00422016 0.999964 11.9494
0.960935 -0.276693 0.00663177 153.868 0.276638 0.96094 0.00817534 135.026 -0.00863479 -0.00602138 0.999945 11.9627
0.966835 -0.255281 0.00789739 154.893 0.255201 0.966837 0.00991179 135.312 -0.0101658 -0.00756764 0.99992 11.9486
0.972265 -0.233626 0.0109046 155.974 0.233513 0.972294 0.0107358 135.562 -0.0131106 -0.00789167 0.999883 11.9598
0.977285 -0.211447 0.014287 157.053 0.21127 0.977342 0.0129167 135.808 -0.0166945 -0.00960484 0.999815 11.9345
0.981792 -0.189054 0.0185469 158.165 0.188791 0.981902 0.0150448 136.05 -0.0210555 -0.0112693 0.999715 11.9409
0.98572 -0.166963 0.0219034 159.27 0.166611 0.985876 0.0170145 136.237 -0.0244348 -0.0131222 0.999615 11.9156
0.989276 -0.144364 0.0221903 160.41 0.143962 0.989405 0.0187628 136.424 -0.0246638 -0.0153671 0.999578 11.8981
0.992264 -0.122376 0.0208873 161.559 0.121991 0.992353 0.0188233 136.589 -0.0230311 -0.0161296 0.999605 11.8844
0.994667 -0.101126 0.0202858 162.721 0.100746 0.994731 0.0189621 136.71 -0.0220965 -0.0168172 0.999614 11.8606
0.996486 -0.0807253 0.0223455 163.909 0.0803353 0.996608 0.0178354 136.811 -0.0237095 -0.0159775 0.999591 11.8484
0.997844 -0.0607997 0.024695 165.096 0.06036 0.998011 0.0181784 136.901 -0.0257511 -0.0166487 0.99953 11.8216
0.998865 -0.0397945 0.0261616 166.302 0.0393114 0.999052 0.0187262 136.956 -0.026882 -0.0176765 0.999482 11.8044
0.999433 -0.0197405 0.0272848 167.507 0.0191898 0.99961 0.0202977 137.009 -0.0276748 -0.0197626 0.999422 11.7818
0.9996 0.00100623 0.0282595 168.744 -0.00159462 0.999782 0.020806 137.006 -0.0282325 -0.0208428 0.999384 11.7571
0.999365 0.0215578 0.0283592 170.008 -0.0222183 0.999484 0.023187 137.011 -0.0278447 -0.0238024 0.999329 11.7265
0.998763 0.0411966 0.0278479 171.234 -0.0418748 0.998829 0.0242266 136.985 -0.0268172 -0.0253628 0.999319 11.6958
0.997778 0.0611183 0.0265144 172.504 -0.0617725 0.997787 0.0246 136.908 -0.0249522 -0.0261832 0.999346 11.6822
0.99646 0.0804302 0.0244741 173.792 -0.0810746 0.996353 0.026587 136.835 -0.0222464 -0.0284771 0.999347 11.655
0.994771 0.0994269 0.0233292 175.068 -0.100046 0.994615 0.0270634 136.728 -0.0205127 -0.0292558 0.999361 11.6328
0.992701 0.118739 0.0211263 176.36 -0.119288 0.992494 0.0269596 136.572 -0.0177666 -0.0292829 0.999413 11.6241
0.990343 0.137652 0.0164854 177.676 -0.13808 0.990011 0.0285073 136.404 -0.0123967 -0.0305084 0.999458 11.6022
0.987717 0.155865 0.0110163 178.989 -0.156132 0.987275 0.0301917 136.213 -0.00617035 -0.0315408 0.999483 11.615
0.984844 0.173309 0.0067527 180.309 -0.173438 0.984293 0.0329503 136.021 -0.000936037 -0.0336221 0.999434 11.6019
0.981603 0.190898 0.00377107 181.619 -0.190913 0.980996 0.034636 135.797 0.00291255 -0.0347188 0.999393 11.6183
0.977883 0.209144 0.00195748 182.956 -0.209071 0.977192 0.0372196 135.519 0.00587143 -0.0368057 0.999305 11.6282
0.97404 0.226363 0.00251786 184.292 -0.226301 0.973368 0.0366462 135.233 0.00584453 -0.0362646 0.999325 11.6424
0.969834 0.243756 0.00226694 185.642 -0.243683 0.969212 0.0353225 134.904 0.00641295 -0.0348094 0.999373 11.648
0.965311 0.261098 -0.0017947 186.98 -0.260875 0.964729 0.0352319 134.545 0.0109304 -0.0335415 0.999378 11.6951
0.960791 0.277229 -0.00507285 188.324 -0.276862 0.960196 0.037024 134.207 0.015135 -0.0341678 0.999302 11.7308
0.955634 0.294522 -0.00453986 189.682 -0.294133 0.954971 0.0389328 133.803 0.015802 -0.0358702 0.999232 11.7388
0.950251 0.311466 -0.00346921 191.022 -0.311076 0.949514 0.0406931 133.405 0.0159686 -0.0375895 0.999166 11.7768
0.944214 0.329297 -0.00487685 192.385 -0.328765 0.943352 0.0447285 132.963 0.0193295 -0.0406299 0.998987 11.7939
0.937864 0.34693 -0.00704037 193.724 -0.346268 0.937007 0.04601 132.464 0.0225591 -0.0407133 0.998916 11.8493
0.93139 0.363904 -0.00924259 195.08 -0.363121 0.930572 0.0466732 131.972 0.0255855 -0.0401148 0.998867 11.8774
0.924213 0.381645 -0.0133195 196.406 -0.380684 0.92352 0.0468001 131.448 0.0301619 -0.0381827 0.998815 11.9327
0.915838 0.401175 -0.0172845 197.75 -0.399927 0.915161 0.0503807 130.886 0.0360296 -0.0392281 0.998581 12.0065
0.906358 0.422085 -0.0189354 199.097 -0.42062 0.905631 0.0539536 130.303 0.0399215 -0.0409367 0.998364 12.0677
0.8949 0.445899 -0.0181186 200.437 -0.444334 0.894063 0.0567423 129.662 0.0415005 -0.0427279 0.998224 12.1197
0.882265 0.470443 -0.0170595 201.732 -0.468713 0.881235 0.0610949 129.016 0.0437751 -0.045906 0.997986 12.1948
0.868431 0.495525 -0.0168196 203.033 -0.493576 0.867236 0.0654538 128.321 0.0470206 -0.0485403 0.997714 12.2699
0.853825 0.520294 -0.0166718 204.329 -0.518135 0.852498 0.0691541 127.572 0.0501931 -0.0504072 0.997467 12.3586
0.83903 0.543828 -0.0167393 205.616 -0.541539 0.83768 0.0709045 126.807 0.052582 -0.050426 0.997343 12.4448
0.823256 0.567416 -0.0169823 206.858 -0.565025 0.821938 0.0718628 125.979 0.0547344 -0.0495661 0.99727 12.5297
0.807407 0.589666 -0.0196931 208.106 -0.586987 0.806209 0.0739848 125.146 0.059503 -0.0481763 0.997065 12.6316
0.791155 0.611199 -0.0225763 209.318 -0.608184 0.790084 0.0766742 124.25 0.0647004 -0.0469306 0.996801 12.7436
0.774729 0.631822 -0.0244203 210.506 -0.628581 0.773784 0.0783833 123.31 0.0684203 -0.0453757 0.996624 12.8511
0.758988 0.650601 -0.025608 211.679 -0.647181 0.758142 0.0798592 122.369 0.071371 -0.0440391 0.996477 12.967
0.74296 0.668827 -0.0260895 212.818 -0.665316 0.742203 0.0805519 121.367 0.073239 -0.0424891 0.996409 13.0896
0.726946 0.686183 -0.0265055 213.94 -0.682625 0.726295 0.0807332 120.354 0.0746486 -0.0405953 0.996383 13.2052
0.712468 0.701138 -0.0282084 215.041 -0.697448 0.711994 0.0814324 119.327 0.0771795 -0.038344 0.99628 13.3358
0.697363 0.716058 -0.0307369 216.122 -0.71217 0.697124 0.0826547 118.265 0.0806131 -0.0357505 0.996104 13.465
0.682426 0.730193 -0.0333581 217.193 -0.726007 0.682402 0.0850934 117.149 0.0848982 -0.0338518 0.995814 13.6211
0.667462 0.743859 -0.0341711 218.219 -0.739445 0.667517 0.0874162 116.051 0.0878351 -0.0330794 0.995586 13.7446
0.651466 0.757924 -0.0338224 219.252 -0.753483 0.65157 0.0878693 114.891 0.0886359 -0.0317592 0.995558 13.9063
0.635745 0.771258 -0.0314605 220.265 -0.766776 0.635688 0.0891863 113.756 0.0887847 -0.0325766 0.995518 14.0542
0.619009 0.784918 -0.0270386 221.239 -0.780493 0.618626 0.0901789 112.57 0.0875099 -0.0347181 0.995558 14.2104
0.600981 0.798963 -0.0219101 222.18 -0.794638 0.600224 0.0910038 111.375 0.0858596 -0.0372809 0.995609 14.3438
0.583515 0.811907 -0.0177997 223.098 -0.80759 0.582441 0.0925275 110.185 0.085491 -0.0396163 0.995551 14.5001
0.565528 0.824582 -0.0155676 223.967 -0.820069 0.564237 0.095518 108.967 0.0875462 -0.0412516 0.995306 14.6569
0.548148 0.836287 -0.0125473 224.806 -0.831549 0.546531 0.0991461 107.775 0.0897721 -0.0439131 0.994994 14.81
0.528827 0.848675 -0.00965111 225.607 -0.844036 0.527063 0.0990314 106.558 0.0891322 -0.0442246 0.995038 14.9595
0.508115 0.861268 -0.00595954 226.379 -0.85684 0.506181 0.0980087 105.312 0.0874284 -0.0446934 0.995168 15.1108
0.48739 0.873182 -0.00216518 227.112 -0.869045 0.485319 0.0960571 104.072 0.0849261 -0.0449356 0.995373 15.2585
0.466037 0.884764 0.00149096 227.816 -0.880871 0.463827 0.0945012 102.833 0.0829198 -0.0453544 0.995524 15.4051
0.444011 0.896015 0.00337927 228.479 -0.892248 0.441793 0.0933393 101.553 0.0821405 -0.0444589 0.995629 15.5462
0.423502 0.905879 0.00543485 229.097 -0.902186 0.421217 0.0929371 100.315 0.0819005 -0.0442623 0.995657 15.6905
0.402292 0.915496 0.0053129 229.682 -0.911821 0.400144 0.0920141 99.0533 0.0821126 -0.041861 0.995744 15.8179
0.380805 0.924644 0.00449178 230.218 -0.920884 0.378809 0.0920691 97.7805 0.0834296 -0.0391968 0.995742 15.9599
0.360435 0.932775 0.00409683 230.727 -0.929001 0.358575 0.0915494 96.5313 0.083926 -0.0368036 0.995792 16.0987
0.339265 0.940682 0.00403546 231.227 -0.937017 0.337558 0.0897414 95.2659 0.0830559 -0.0342274 0.995957 16.2345
0.319107 0.94771 0.00400427 231.673 -0.944033 0.317491 0.0894492 94.0149 0.0835006 -0.0323241 0.995983 16.3719
0.299178 0.954182 0.00545484 232.094 -0.950143 0.297376 0.0937832 92.7655 0.0878641 -0.0332407 0.995578 16.5005
0.279012 0.960263 0.00685426 232.468 -0.955437 0.276879 0.102364 91.5137 0.0963989 -0.0351097 0.994723 16.6397
0.260256 0.965495 0.00928542 232.843 -0.959944 0.257702 0.109989 90.289 0.103801 -0.0375388 0.993889 16.7797
0.241195 0.970387 0.0131581 233.174 -0.964497 0.238184 0.114079 89.059 0.107567 -0.0402062 0.993385 16.9376
0.2214 0.975025 0.0175473 233.48 -0.969122 0.217985 0.115263 87.8261 0.108559 -0.0425247 0.99318 17.0936
0.202301 0.979061 0.0226849 233.765 -0.973292 0.198434 0.115441 86.5922 0.108522 -0.0454328 0.993055 17.2433
0.183048 0.98274 0.0267479 234.01 -0.977116 0.178868 0.115114 85.377 0.108342 -0.0472072 0.992992 17.4015
0.164395 0.985945 0.0297818 234.23 -0.980487 0.160036 0.114161 84.1645 0.10779 -0.0479681 0.993016 17.5465
0.14588 0.988819 0.0309095 234.443 -0.983396 0.14153 0.113581 82.9575 0.107936 -0.0469655 0.993048 17.6955
0.127149 0.991302 0.0339492 234.603 -0.985843 0.122529 0.11446 81.7577 0.109305 -0.0480221 0.992848 17.8447
0.108487 0.993399 0.0372724 234.775 -0.987746 0.103487 0.116823 80.5733 0.112195 -0.0494894 0.992453 17.9912
0.0904361 0.995102 0.0399041 234.894 -0.989417 0.0852098 0.117443 79.3711 0.113468 -0.0501029 0.992278 18.1553
0.0729734 0.996461 0.0417193 235.007 -0.990998 0.0677388 0.115472 78.1959 0.112238 -0.0497701 0.992434 18.2975
0.0574447 0.997464 0.0420305 235.088 -0.992387 0.0524572 0.111426 77.0031 0.108938 -0.0481114 0.992884 18.4511
0.0430329 0.998156 0.0428223 235.141 -0.993521 0.0382417 0.107021 75.8676 0.105186 -0.0471503 0.993334 18.5851
0.0303176 0.998647 0.0422556 235.202 -0.994212 0.0257697 0.104301 74.7148 0.103071 -0.0451732 0.993648 18.7266
0.0199399 0.998892 0.0426208 235.224 -0.994469 0.0154189 0.10389 73.5706 0.103118 -0.0444567 0.993675 18.8569
0.0115767 0.99897 0.0438627 235.269 -0.994399 0.00689307 0.105464 72.4484 0.105053 -0.0448379 0.993455 19.0067
0.00464917 0.99892 0.0462295 235.266 -0.994173 -0.000361681 0.107796 71.3378 0.107696 -0.0464613 0.993098 19.1335
-0.000990922 0.998933 0.0461679 235.294 -0.993584 -0.00620478 0.112927 70.2439 0.113093 -0.0457598 0.99253 19.2516
-0.00660349 0.998866 0.0471578 235.296 -0.992884 -0.0121567 0.118462 69.1828 0.1189 -0.04604 0.991838 19.4353
-0.0100744 0.998729 0.049387 235.278 -0.99263 -0.0159533 0.12013 68.1153 0.120765 -0.0478128 0.991529 19.5833
-0.0144967 0.998717 0.0485237 235.26 -0.993293 -0.0199516 0.113893 67.0635 0.114715 -0.0465472 0.992307 19.6905
-0.0174259 0.998719 0.0475024 235.271 -0.994111 -0.0223886 0.10603 65.9728 0.106958 -0.045375 0.993228 19.8169
-0.0187541 0.998706 0.0472639 235.252 -0.994503 -0.023504 0.102035 64.9145 0.103014 -0.0450906 0.993657 19.9448
-0.0189825 0.998708 0.0471454 235.247 -0.994403 -0.0237603 0.102944 63.8991 0.103931 -0.0449274 0.993569 20.0629
-0.0181438 0.998724 0.0471225 235.233 -0.994121 -0.023052 0.105796 62.8674 0.106747 -0.0449259 0.993271 20.1915
-0.0160741 0.998669 0.0490001 235.226 -0.993907 -0.0213037 0.108148 61.8301 0.109048 -0.0469631 0.992927 20.3229
-0.0141419 0.998624 0.0504949 235.225 -0.993758 -0.0196256 0.109813 60.8202 0.110653 -0.0486267 0.992669 20.443
-0.0106307 0.998605 0.0517244 235.215 -0.993771 -0.0162898 0.110249 59.8238 0.110937 -0.0502302 0.992557 20.5689
-0.00731507 0.998547 0.0533976 235.214 -0.993629 -0.0132639 0.111919 58.8322 0.112464 -0.0522387 0.992282 20.6908
-0.00162814 0.998482 0.055062 235.22 -0.99366 -0.00780527 0.112157 57.8333 0.112417 -0.0545303 0.992164 20.8099
0.00468182 0.998483 0.0548703 235.234 -0.993653 -0.00152184 0.112477 56.8463 0.11239 -0.0550486 0.992138 20.9262
0.0109607 0.998506 0.0535334 235.245 -0.993831 0.00496951 0.110791 55.8353 0.110359 -0.0544176 0.992401 21.0475
0.0186175 0.99851 0.0512885 235.261 -0.993762 0.0128389 0.110777 54.8724 0.109953 -0.053031 0.992521 21.1785
0.0252459 0.998416 0.0502707 235.289 -0.99359 0.0195176 0.111344 53.8722 0.110187 -0.0527595 0.99251 21.2939
0.0322264 0.998244 0.0496974 235.326 -0.993408 0.0265181 0.111523 52.8862 0.110009 -0.0529638 0.992518 21.4236
0.0390199 0.997982 0.0500844 235.371 -0.993334 0.0332997 0.110359 51.9235 0.108469 -0.0540567 0.992629 21.5295
0.0455525 0.997735 0.049487 235.418 -0.993281 0.0399624 0.108606 50.958 0.106382 -0.0541018 0.992852 21.6438
0.0527509 0.997399 0.0491115 235.47 -0.993107 0.047242 0.10727 49.9753 0.104671 -0.0544316 0.993016 21.7609
0.0598096 0.997009 0.0489442 235.538 -0.992708 0.0542673 0.107642 49.0088 0.104664 -0.0550253 0.992984 21.8728
0.0659806 0.996672 0.0478776 235.604 -0.992164 0.0604287 0.109362 48.0307 0.106104 -0.0547181 0.992848 21.9879
0.0733416 0.996215 0.0466498 235.682 -0.991506 0.0677973 0.110996 47.0793 0.107413 -0.0543941 0.992725 22.095
0.0801248 0.995622 0.048126 235.781 -0.990841 0.0742892 0.112765 46.1303 0.108696 -0.0567204 0.992456 22.2129
0.0864773 0.995055 0.048864 235.87 -0.990256 0.0804795 0.113645 45.1767 0.109151 -0.0582156 0.992319 22.319
0.0932655 0.994438 0.0489403 235.963 -0.989697 0.0872331 0.113539 44.2304 0.108639 -0.0590253 0.992327 22.4367
0.0996067 0.99379 0.0496001 236.052 -0.989365 0.0936065 0.111333 43.2877 0.105999 -0.0601621 0.992545 22.5457
0.106268 0.993162 0.048327 236.141 -0.988914 0.100494 0.109321 42.3449 0.103717 -0.0594086 0.992831 22.6533
0.11287 0.992445 0.0480896 236.271 -0.988248 0.107108 0.10906 41.3714 0.103086 -0.0598341 0.992871 22.7722
0.119767 0.991672 0.0473458 236.385 -0.987362 0.11399 0.110104 40.4484 0.10379 -0.0599343 0.992792 22.8733
0.126672 0.990887 0.0457992 236.521 -0.986433 0.120974 0.110978 39.5004 0.104426 -0.0592357 0.992767 22.9761
0.135203 0.989887 0.0429503 236.634 -0.98518 0.129689 0.112256 38.5809 0.105551 -0.0574912 0.992751 23.0915
0.144899 0.988596 0.0410033 236.781 -0.983617 0.13943 0.11427 37.6316 0.10725 -0.0568892 0.992603 23.2005
0.154501 0.987128 0.0413345 236.927 -0.982012 0.148835 0.116194 36.7228 0.108546 -0.058543 0.992366 23.3154
0.162174 0.985845 0.042529 237.099 -0.98095 0.156398 0.115222 35.7974 0.106939 -0.0604049 0.992429 23.4176
0.167977 0.984879 0.0423888 237.264 -0.98018 0.162286 0.113622 34.8641 0.105025 -0.0606346 0.992619 23.5338
0.171771 0.98417 0.0436254 237.438 -0.979548 0.165919 0.113825 33.9204 0.104785 -0.0622851 0.992542 23.6389
0.173946 0.983753 0.0444251 237.608 -0.978975 0.167869 0.115882 33.0066 0.106541 -0.0636483 0.992269 23.7443
0.177106 0.983203 0.0441133 237.785 -0.978304 0.170974 0.117 32.0908 0.107492 -0.0638777 0.992152 23.8408
0.179914 0.98274 0.0430381 237.964 -0.977785 0.173881 0.117057 31.1313 0.107554 -0.0631423 0.992192 23.956
0.182913 0.982308 0.0401647 238.14 -0.97727 0.177218 0.11635 30.1895 0.107174 -0.0605337 0.992396 24.0669
0.185924 0.981732 0.0404224 238.32 -0.976596 0.180111 0.117558 29.2505 0.10813 -0.0613331 0.992243 24.1801
0.189469 0.981082 0.0397341 238.511 -0.975896 0.183695 0.117827 28.2888 0.108299 -0.0611008 0.992239 24.2983
