1 0 0 0 0 1 0 0 0 0 1 0
1 -7.45557e-05 0.000523132 1.28178 7.46508e-05 1 -0.0001817 -0.0135395 -0.000523118 0.000181739 1 0.0109637
1 -4.47316e-05 0.00070515 2.60769 4.54667e-05 0.999999 -0.00104253 -0.00606879 -0.000705103 0.00104256 0.999999 0.0228827
1 -0.000379345 0.000393149 3.93982 0.000380039 0.999998 -0.00176775 0.00302528 -0.000392477 0.0017679 0.999998 0.051222
1 4.13149e-07 0.000313834 5.24093 3.52331e-07 0.999997 -0.00243912 0.00343313 -0.000313834 0.00243912 0.999997 0.059424
1 -0.000384237 0.000791876 6.55568 0.000386138 0.999997 -0.00240112 0.00256581 -0.000790951 0.00240142 0.999997 0.069166
0.999998 -0.000165506 0.00206111 7.90918 0.000173267 0.999993 -0.00376588 -0.000825362 -0.00206047 0.00376623 0.999991 0.0959635
0.999997 -3.58006e-05 0.00238221 9.24097 4.54467e-05 0.999992 -0.00404927 0.00376326 -0.00238205 0.00404937 0.999989 0.10187
0.999999 -0.000262701 0.00129842 10.5663 0.000266994 0.999994 -0.00330681 0.0227021 -0.00129754 0.00330715 0.999994 0.12073
0.999999 -0.000128269 -0.00100702 11.9168 0.000127621 1 -0.000643195 0.0217781 0.00100711 0.000643066 0.999999 0.136097
0.999997 -0.00035132 -0.00223954 13.2353 0.000356857 0.999997 0.00247268 0.0330054 0.00223866 -0.00247348 0.999994 0.152222
0.999997 -0.0004547 -0.00228156 14.5736 0.000466482 0.999987 0.00516594 0.0418723 0.00227918 -0.00516699 0.999984 0.167635
0.999999 9.95896e-06 -0.00143027 15.9452 -1.48746e-06 0.999982 0.00592287 0.0524722 0.00143031 -0.00592286 0.999981 0.191771
1 -9.82263e-05 0.000878837 17.288 9.47621e-05 0.999992 0.00394094 0.045439 -0.000879217 -0.00394086 0.999992 0.210665
0.999996 0.000281209 0.00279214 18.6387 -0.000280606 1 -0.000216459 0.050941 -0.0027922 0.000215675 0.999996 0.222972
0.999999 -0.000317196 0.00101116 19.9858 0.000319291 0.999998 -0.00207218 0.0499845 -0.0010105 0.0020725 0.999997 0.257976
0.999999 0.000212279 -0.00143047 21.3361 -0.000216368 0.999996 -0.00285903 0.0458763 0.00142985 0.00285934 0.999995 0.265515
0.999998 0.000389524 -0.00219849 22.6964 -0.000391034 1 -0.000686468 0.0582672 0.00219822 0.000687326 0.999997 0.306478
0.999999 0.000966916 -0.000937256 24.0717 -0.00096547 0.999998 0.00154242 0.0633669 0.000938746 -0.00154152 0.999998 0.291493
0.999993 0.00205253 0.00319427 25.4351 -0.00205748 0.999997 0.00154738 0.0664174 -0.00319108 -0.00155394 0.999994 0.304765
0.999989 0.00168792 0.0042951 26.8114 -0.00168698 0.999999 -0.000222647 0.0599982 -0.00429547 0.000215399 0.999991 0.315648
0.999992 0.00212458 0.00348697 28.1754 -0.00211157 0.999991 -0.00373155 0.0539055 -0.00349486 0.00372415 0.999987 0.359145
0.999998 0.00179332 0.000781567 29.5432 -0.00179006 0.99999 -0.00415419 0.0586882 -0.000789009 0.00415278 0.999991 0.348454
0.999996 0.00279788 -0.00106786 30.9236 -0.00280214 0.999988 -0.00400707 0.0537876 0.00105663 0.00401005 0.999991 0.385725
0.999992 0.0030443 -0.00253655 32.2942 -0.00304826 0.999994 -0.00155973 0.0722326 0.00253178 0.00156745 0.999996 0.382637
0.999986 0.00343928 -0.00408467 33.7062 -0.00343834 0.999994 0.000238423 0.0750821 0.00408546 -0.000224375 0.999992 0.422118
0.999984 0.00394399 -0.00407075 35.0873 -0.00393991 0.999992 0.00100899 0.0746555 0.00407469 -0.000992931 0.999991 0.434541
0.999993 0.00294426 -0.00249967 36.4728 -0.00294446 0.999996 -7.68298e-05 0.0753934 0.00249943 8.41893e-05 0.999997 0.456368
0.999994 0.00321344 -0.0011948 37.8775 -0.00321173 0.999994 0.00142831 0.0763672 0.00119938 -0.00142446 0.999998 0.479688
0.999996 0.00277848 -0.000928768 39.2709 -0.00277465 0.999988 0.00410326 0.079757 0.000940157 -0.00410067 0.999991 0.498205
0.999994 0.00319439 -0.00100559 40.6624 -0.00318796 0.999975 0.00633446 0.0841516 0.00102579 -0.00633122 0.999979 0.518901
0.999994 0.00336917 -0.000938314 42.0896 -0.00336129 0.99996 0.00827172 0.0865024 0.000966146 -0.00826852 0.999965 0.534091
0.999995 0.00303375 -0.00069266 43.4673 -0.00302685 0.999948 0.00976307 0.0906304 0.000722243 -0.00976093 0.999952 0.555326
0.999996 0.00261803 -0.000899756 44.9107 -0.00261024 0.99996 0.00856162 0.0875082 0.000922135 -0.00855924 0.999963 0.575124
0.999997 0.00193344 -0.00129105 46.2769 -0.00192281 0.999965 0.00818597 0.0960838 0.00130683 -0.00818347 0.999966 0.598354
0.999999 0.00139446 -0.000854688 47.7261 -0.00138795 0.99997 0.00757325 0.0978252 0.000865223 -0.00757205 0.999971 0.619369
1 2.23961e-05 -0.000448468 49.1455 -1.89402e-05 0.99997 0.0077045 0.110211 0.000448627 -0.00770449 0.99997 0.6386
1 -0.000920662 -0.000163187 50.5545 0.000922004 0.999964 0.00842821 0.11529 0.000155421 -0.00842836 0.999964 0.657986
0.999998 -0.00187147 -0.000189766 51.9984 0.00187307 0.999959 0.00882873 0.131856 0.000173235 -0.00882907 0.999961 0.678449
0.999994 -0.00320676 0.000897919 53.4123 0.00319874 0.999956 0.00880203 0.142988 -0.000926106 -0.00879911 0.999961 0.695248
0.999991 -0.00374331 0.00173153 54.8623 0.00373 0.999964 0.00762452 0.154304 -0.00176001 -0.007618 0.999969 0.713165
0.999989 -0.00428141 0.00195535 56.2595 0.00427035 0.999975 0.00562616 0.16969 -0.00197939 -0.00561775 0.999982 0.728811
0.999988 -0.00457914 0.00157018 57.6654 0.00457355 0.999983 0.0035452 0.159834 -0.00158639 -0.00353798 0.999992 0.753321
0.999987 -0.00467593 0.00190835 59.1347 0.004671 0.999986 0.00257623 0.180695 -0.00192037 -0.00256729 0.999995 0.766291
0.999987 -0.00442846 0.00242297 60.5375 0.0044251 0.999989 0.00139237 0.18479 -0.00242911 -0.00138163 0.999996 0.782242
0.999988 -0.00368628 0.00325496 61.9897 0.00368735 0.999993 -0.000323229 0.192489 -0.00325374 0.000335227 0.999995 0.799775
0.99999 -0.00349963 0.00283079 63.3929 0.00350597 0.999991 -0.00223579 0.200599 -0.00282294 0.00224569 0.999993 0.82097
0.999994 -0.00294706 0.00200981 64.8135 0.0029533 0.999991 -0.00310852 0.1993 -0.00200063 0.00311444 0.999993 0.841048
0.999996 -0.00221085 0.0017478 66.2498 0.00221605 0.999993 -0.00297916 0.205633 -0.00174121 0.00298302 0.999994 0.865905
0.999997 -0.00182698 0.00168742 67.6315 0.00182951 0.999997 -0.00149942 0.211434 -0.00168468 0.0015025 0.999997 0.881983
0.999996 -0.00102614 0.00259656 69.0827 0.00102387 0.999999 0.000876166 0.220914 -0.00259746 -0.000873504 0.999996 0.905172
0.999992 -0.000628778 0.0038306 70.4558 0.000611753 0.99999 0.00444392 0.248518 -0.00383335 -0.00444154 0.999983 0.921994
0.99999 -1.29349e-05 0.00452196 71.8999 -2.33695e-05 0.999968 0.00802832 0.252706 -0.00452192 -0.00802834 0.999958 0.939904
0.999991 0.000532982 0.00413906 73.2679 -0.000583347 0.999926 0.0121766 0.258744 -0.00413226 -0.0121789 0.999917 0.956572
0.999993 0.0015492 0.00354263 74.6836 -0.00160494 0.999874 0.0157844 0.299993 -0.00351773 -0.0157899 0.999869 0.972966
0.999991 0.00253353 0.00340431 76.1005 -0.00259345 0.99984 0.0177137 0.319982 -0.00335889 -0.0177224 0.999837 0.991575
0.999989 0.00278031 0.00379727 77.4544 -0.00284733 0.999838 0.0177589 0.312937 -0.00374728 -0.0177695 0.999835 1.00659
0.999988 0.00299752 0.00386967 78.8403 -0.00306003 0.999863 0.0162501 0.303582 -0.00382043 -0.0162617 0.99986 1.02312
0.999991 0.00292893 0.00301594 80.2399 -0.00297816 0.99986 0.0164522 0.312841 -0.00296734 -0.016461 0.99986 1.03951
0.999993 0.00227978 0.00289211 81.6339 -0.00232444 0.999877 0.0155337 0.316334 -0.00285634 -0.0155403 0.999875 1.05931
0.999993 0.00226752 0.00293718 83.0313 -0.00231138 0.999885 0.0150167 0.316258 -0.00290279 -0.0150234 0.999883 1.07426
0.999995 0.00184905 0.00273656 84.3829 -0.00189018 0.999884 0.0151038 0.318243 -0.00270832 -0.0151089 0.999882 1.09497
0.999995 0.000829623 0.00307487 85.7633 -0.000878588 0.999872 0.0159575 0.312006 -0.00306123 -0.0159601 0.999868 1.10744
0.999994 -0.00025038 0.00358626 87.1587 0.000195518 0.999883 0.01529 0.311961 -0.00358967 -0.0152892 0.999877 1.13185
0.999989 -0.00121374 0.00462192 88.5105 0.00115341 0.999914 0.0130326 0.32173 -0.00463734 -0.0130271 0.999904 1.14535
0.999986 -0.00200049 0.00496613 89.9192 0.00195024 0.999947 0.0101031 0.332166 -0.00498608 -0.0100933 0.999937 1.16335
0.999982 -0.00310417 0.00508174 91.2623 0.00306212 0.999961 0.00826002 0.347274 -0.00510718 -0.00824432 0.999953 1.17951
0.999985 -0.00319455 0.00455582 92.6514 0.00316242 0.99997 0.0070423 0.34861 -0.00457818 -0.00702778 0.999965 1.19474
0.999984 -0.00350933 0.00432706 94.0006 0.00348017 0.999971 0.00672775 0.355698 -0.00435054 -0.00671258 0.999968 1.21576
0.999987 -0.00350518 0.00374429 95.3249 0.00348065 0.999973 0.00653885 0.370054 -0.00376711 -0.00652574 0.999972 1.2241
0.999988 -0.00377358 0.00313069 96.7333 0.00375345 0.999972 0.00641127 0.383348 -0.0031548 -0.00639944 0.999975 1.24623
0.99999 -0.00370971 0.00257458 98.0394 0.00369043 0.999965 0.00745622 0.387299 -0.00260215 -0.00744664 0.999969 1.2687
0.999991 -0.00328897 0.0028002 99.3961 0.00326361 0.999954 0.00901573 0.400163 -0.00282972 -0.00900651 0.999955 1.27689
0.999987 -0.00315582 0.00409577 100.73 0.00311665 0.99995 0.00953541 0.414022 -0.00412566 -0.00952252 0.999946 1.29712
0.999982 -0.00292837 0.0053259 102.047 0.00287562 0.999947 0.0098847 0.420851 -0.00535456 -0.0098692 0.999937 1.30651
0.999986 -0.00330734 0.00409923 103.403 0.00326743 0.999948 0.00970558 0.43477 -0.00413111 -0.00969206 0.999944 1.33081
0.999994 -0.00283368 0.00185184 104.758 0.00281479 0.999945 0.0101258 0.440586 -0.00188043 -0.0101206 0.999947 1.34299
0.999996 -0.00265994 0.000710004 106.084 0.00265342 0.999956 0.00903332 0.453812 -0.000734001 -0.00903141 0.999959 1.36107
0.999995 -0.00280497 0.00163613 107.427 0.00279329 0.999971 0.00709984 0.464552 -0.001656 -0.00709523 0.999973 1.38088
0.999991 -0.002169 0.00357069 108.756 0.00215258 0.999987 0.00459513 0.468838 -0.00358061 -0.00458741 0.999983 1.39721
0.99999 -0.00172119 0.00409131 110.093 0.00171519 0.999997 0.00147134 0.475857 -0.00409384 -0.00146431 0.999991 1.41373
0.999995 -0.000820642 0.00317544 111.409 0.000814927 0.999998 0.00180062 0.480152 -0.00317691 -0.00179802 0.999993 1.43587
0.999999 5.25852e-05 0.00109528 112.726 -5.59933e-05 0.999995 0.0031118 0.501171 -0.00109511 -0.00311186 0.999995 1.44528
0.999999 0.0013203 -0.000930801 114.077 -0.00131443 0.999979 0.00627545 0.514053 0.000939067 -0.00627421 0.99998 1.46765
0.999995 0.0028241 -0.00107 115.4 -0.00281491 0.99996 0.00849696 0.536312 0.00109395 -0.00849391 0.999963 1.48204
0.999991 0.00414182 0.00056819 116.732 -0.00414714 0.999944 0.00971032 0.533643 -0.00052794 -0.00971259 0.999953 1.50478
0.999983 0.00519845 0.00248336 118.063 -0.00522217 0.99994 0.00964256 0.528251 -0.00243309 -0.00965537 0.99995 1.52461
0.999976 0.00594738 0.00356894 119.4 -0.00597846 0.999944 0.00876246 0.533201 -0.00351663 -0.00878359 0.999955 1.53766
0.999971 0.00713557 0.00278342 120.734 -0.00716088 0.999932 0.00919337 0.531196 -0.00271763 -0.00921303 0.999954 1.55559
0.999962 0.00833114 0.00241505 122.044 -0.00835679 0.999907 0.0108131 0.523645 -0.00232474 -0.0108329 0.999939 1.573
0.999954 0.00936577 0.00207456 123.408 -0.00939045 0.999881 0.0122285 0.533755 -0.00195978 -0.0122474 0.999923 1.58506
0.999941 0.0107974 0.00116174 124.721 -0.0108127 0.999842 0.0141092 0.526654 -0.00100922 -0.0141209 0.9999 1.5993
0.99993 0.0118 0.000832351 126.062 -0.0118111 0.999819 0.0149311 0.515716 -0.000656013 -0.0149399 0.999888 1.61474
0.999919 0.0126868 0.000449997 127.397 -0.012692 0.999816 0.0143709 0.507911 -0.000267593 -0.0143755 0.999897 1.64007
0.999903 0.0138686 0.00147293 128.726 -0.0138878 0.999806 0.0139341 0.497626 -0.0012794 -0.0139532 0.999902 1.65345
0.999893 0.0144769 0.00212162 130.092 -0.0145014 0.999822 0.0120338 0.484389 -0.00194703 -0.0120632 0.999925 1.66705
0.999888 0.0147352 0.002577 131.405 -0.0147639 0.999825 0.0114732 0.481837 -0.00240749 -0.0115099 0.999931 1.68609
0.999885 0.0148668 0.00282814 132.777 -0.0148945 0.999839 0.0100217 0.448196 -0.0026787 -0.0100627 0.999946 1.71076
0.999886 0.0146875 0.00346202 134.111 -0.0147129 0.999864 0.00744032 0.452102 -0.00335227 -0.00749041 0.999966 1.71565
0.999898 0.0138784 0.00333714 135.411 -0.0138991 0.999884 0.00624922 0.429745 -0.00325003 -0.00629497 0.999975 1.73587
0.999911 0.0129051 0.00336142 136.775 -0.0129225 0.999903 0.00519824 0.424845 -0.00329401 -0.00524122 0.999981 1.74721
0.99992 0.0119389 0.0041587 138.101 -0.0119549 0.999921 0.00384089 0.400595 -0.00411251 -0.0038903 0.999984 1.7573
0.999933 0.0108101 0.00424772 139.469 -0.0108218 0.999938 0.00275058 0.394231 -0.00421772 -0.00279636 0.999987 1.77746
0.999945 0.00962153 0.00413051 140.795 -0.0096272 0.999953 0.00135506 0.38463 -0.00411728 -0.00139475 0.999991 1.78528
0.999954 0.00884177 0.00384909 142.14 -0.00884535 0.99996 0.000914932 0.378401 -0.00384085 -0.000948936 0.999992 1.80303
0.999967 0.00752178 0.00293001 143.492 -0.00752063 0.999972 -0.000401202 0.378752 -0.00293294 0.000379153 0.999996 1.80753
0.999976 0.00679981 0.00145135 144.826 -0.00680003 0.999977 0.000147992 0.371857 -0.00145031 -0.000157858 0.999999 1.82543
0.999983 0.00580785 0.000472379 146.181 -0.00580612 0.999977 -0.00359893 0.368957 -0.00049327 0.00359612 0.999993 1.85852
0.999985 0.00467592 0.00274571 147.521 -0.00463679 0.99989 -0.0140913 0.353111 -0.0028113 0.0140784 0.999897 1.86725
0.999988 0.00303496 0.00386315 148.836 -0.00294475 0.999728 -0.0231461 0.337748 -0.00393234 0.0231345 0.999725 1.87068
0.999997 0.00205829 0.00108038 150.2 -0.00203055 0.999684 -0.0250727 0.33617 -0.00113165 0.0250705 0.999685 1.89889
0.999994 0.00268424 -0.00220808 151.543 -0.00273051 0.999771 -0.0212252 0.326417 0.0021506 0.0212311 0.999772 1.93669
0.999984 0.00337561 -0.00445774 152.851 -0.00346357 0.999796 -0.0198738 0.330309 0.00438974 0.0198889 0.999793 1.94124
0.999981 0.00425312 -0.00440578 154.214 -0.00433315 0.999823 -0.0183182 0.326473 0.00432709 0.0183369 0.999823 1.97873
0.999986 0.00488396 -0.00189969 155.577 -0.00492613 0.999726 -0.0228689 0.32242 0.00178748 0.022878 0.999737 1.98844
0.999986 0.00512188 0.00137322 156.942 -0.00507835 0.999537 -0.0300154 0.314087 -0.00152632 0.030008 0.999548 2.0076
0.999981 0.00547522 0.00277318 158.295 -0.0053788 0.999419 -0.0336596 0.295498 -0.00295586 0.0336441 0.99943 2.0299
0.999981 0.00540937 0.00285999 159.623 -0.00530612 0.999375 -0.0349562 0.293118 -0.0030473 0.0349404 0.999385 2.04965
0.999976 0.00617947 0.0030786 160.968 -0.00607605 0.999452 -0.0325401 0.288421 -0.003278 0.0325207 0.999466 2.06156
0.999971 0.00711396 0.00255317 162.322 -0.00703161 0.999497 -0.0309321 0.273312 -0.00277194 0.0309133 0.999518 2.06383
0.999967 0.00810056 0.000738916 163.656 -0.00807921 0.999645 -0.0253699 0.289663 -0.000944165 0.0253631 0.999678 2.09566
0.999962 0.00873584 -3.85764e-05 165.019 -0.00873449 0.999707 -0.0225894 0.284438 -0.000158773 0.0225889 0.999745 2.1098
0.999959 0.00894484 0.00101728 166.392 -0.00891953 0.999704 -0.0226336 0.290863 -0.00121943 0.0226236 0.999743 2.1149
0.999957 0.00919232 0.00100315 167.736 -0.00916864 0.999727 -0.0214987 0.270434 -0.0012005 0.0214886 0.999768 2.12926
0.999962 0.00859076 -0.00126302 169.078 -0.00861257 0.999793 -0.0184127 0.262661 0.00110458 0.0184229 0.99983 2.15621
0.999957 0.00818609 -0.00427634 170.437 -0.00824428 0.999871 -0.0137707 0.263414 0.00416306 0.0138054 0.999896 2.18398
0.999956 0.00777728 -0.00533639 171.817 -0.00781711 0.999941 -0.00748531 0.270523 0.00527786 0.00752669 0.999958 2.21333
0.999956 0.00815511 -0.00461199 173.188 -0.00817616 0.999956 -0.00456273 0.272042 0.00457458 0.00460023 0.999979 2.23047
0.999958 0.00865405 -0.00285424 174.585 -0.008661 0.99996 -0.00242915 0.276012 0.0028331 0.00245377 0.999993 2.24777
0.999962 0.00863963 -0.000607251 175.924 -0.00864052 0.999962 -0.00147793 0.269431 0.000594459 0.00148312 0.999999 2.26864
0.999967 0.00806078 0.000575932 177.33 -0.00805909 0.999963 -0.00288433 0.248198 -0.000599161 0.00287959 0.999996 2.29147
0.999981 0.00613133 0.000665123 178.68 -0.00612619 0.999953 -0.00747793 0.254864 -0.000710942 0.00747372 0.999972 2.28952
0.999985 0.0046111 -0.00298502 180.07 -0.00463188 0.999965 -0.00699012 0.250732 0.00295269 0.00700384 0.999971 2.32036
0.999969 0.0028739 -0.00731451 181.464 -0.00289311 0.999992 -0.00261749 0.267338 0.00730693 0.00263857 0.99997 2.36514
0.999962 0.00233591 -0.0084034 182.843 -0.00234259 0.999997 -0.000784592 0.274916 0.00840154 0.000804248 0.999964 2.37189
0.99997 0.00221742 -0.00736634 184.288 -0.00219231 0.999992 0.0034152 0.291198 0.00737385 -0.00339895 0.999967 2.40326
0.999988 0.0023252 -0.00429486 185.667 -0.00231007 0.999991 0.00352415 0.2948 0.00430302 -0.00351419 0.999985 2.41778
0.999995 0.00257972 -0.00200895 187.054 -0.00256989 0.999985 0.00488027 0.293274 0.00202151 -0.00487508 0.999986 2.44712
0.999995 0.00277756 -0.00129798 188.43 -0.00277151 0.999985 0.00463939 0.296315 0.00131085 -0.00463577 0.999988 2.46292
0.999996 0.00278272 -0.00041312 189.867 -0.00278109 0.999989 0.00388454 0.291 0.000423924 -0.00388337 0.999992 2.48563
0.999996 0.00270241 8.87764e-05 191.245 -0.00270251 0.999996 0.00120914 0.291093 -8.55084e-05 -0.00120937 0.999999 2.50579
0.999996 0.00291957 0.00013133 192.694 -0.0029197 0.999995 0.000993351 0.284725 -0.000128429 -0.00099373 0.999999 2.52895
0.999994 0.0033988 0.000983791 194.092 -0.00339624 0.999991 -0.00258502 0.287198 -0.000992568 0.00258166 0.999996 2.54453
0.99999 0.00371419 0.00232881 195.52 -0.00369382 0.999955 -0.00869129 0.269135 -0.00236099 0.00868261 0.99996 2.55771
0.999988 0.00420349 0.0024601 196.945 -0.00417148 0.999908 -0.0128747 0.270052 -0.002514 0.0128643 0.999914 2.56623
0.999989 0.00434005 -0.00153112 198.362 -0.00435451 0.999945 -0.00956937 0.264705 0.00148951 0.00957593 0.999953 2.59473
0.999967 0.00494345 -0.00647496 199.777 -0.00495008 0.999987 -0.00100732 0.269159 0.0064699 0.00103934 0.999979 2.63275
0.999958 0.00618456 -0.00674175 201.208 -0.00612251 0.999939 0.00918578 0.267909 0.00679815 -0.00914411 0.999935 2.65147
0.999969 0.00707774 -0.00335972 202.653 -0.00703099 0.999881 0.0137302 0.289316 0.0034565 -0.0137061 0.9999 2.65925
0.999967 0.00811864 -0.000909794 204.115 -0.00810373 0.999849 0.0153491 0.302681 0.00103427 -0.0153412 0.999882 2.67448
0.999974 0.00722479 -0.000619081 205.531 -0.00721538 0.999875 0.0140526 0.299192 0.00072053 -0.0140477 0.999901 2.70206
0.999982 0.00591013 -0.000546918 206.988 -0.00590406 0.999927 0.0105029 0.291566 0.000608951 -0.0104995 0.999945 2.71977
0.999986 0.0052911 -0.000743705 208.423 -0.00528461 0.99995 0.00847144 0.274044 0.000788492 -0.00846738 0.999964 2.74294
0.999986 0.00493801 -0.00167197 209.864 -0.00492271 0.999947 0.00903652 0.273393 0.00171651 -0.00902817 0.999958 2.76363
0.999988 0.00467591 -0.00145647 211.296 -0.00466088 0.999938 0.0101622 0.274883 0.0015039 -0.0101553 0.999947 2.78602
0.999989 0.00456487 -0.000901744 212.778 -0.00455433 0.999925 0.0113646 0.278888 0.000953555 -0.0113604 0.999935 2.80313
0.99999 0.00436647 -0.00109208 214.265 -0.00435528 0.99994 0.0100457 0.278104 0.00113588 -0.0100409 0.999949 2.82544
0.999989 0.00410112 -0.00211319 215.698 -0.00407561 0.99992 0.011941 0.28059 0.002162 -0.0119323 0.999926 2.85492
0.99999 0.00373777 -0.00225534 217.168 -0.00371597 0.999947 0.00959692 0.271494 0.00229109 -0.00958844 0.999951 2.87266
0.999992 0.00340749 -0.0022246 218.615 -0.00338493 0.999944 0.0100641 0.272928 0.00225876 -0.0100565 0.999947 2.88709
0.999991 0.00333145 -0.00256497 220.097 -0.0033048 0.999941 0.0103249 0.27602 0.00259922 -0.0103163 0.999943 2.91366
0.999992 0.00292724 -0.00286457 221.589 -0.00289708 0.999941 0.0104759 0.286174 0.00289506 -0.0104675 0.999941 2.94146
0.999991 0.00268759 -0.00319774 223.107 -0.00264787 0.99992 0.012362 0.288605 0.00323071 -0.0123535 0.999918 2.96249
0.999993 0.00192139 -0.00331982 224.553 -0.00188107 0.999925 0.0121056 0.305298 0.00334283 -0.0120992 0.999921 2.98259
0.999993 0.0019919 -0.00314811 226.039 -0.00195494 0.99993 0.0117006 0.290378 0.00317119 -0.0116944 0.999927 3.00888
0.999994 0.00182588 -0.00292315 227.554 -0.00179086 0.999927 0.0119384 0.297882 0.00294474 -0.0119331 0.999924 3.03441
0.999993 0.00206824 -0.00322084 229.07 -0.00203174 0.999934 0.0112949 0.295638 0.00324399 -0.0112883 0.999931 3.05829
0.999993 0.00229859 -0.00295031 230.498 -0.00227067 0.999953 0.00943458 0.288352 0.00297186 -0.00942781 0.999951 3.08201
0.999995 0.00228179 -0.00239084 232.039 -0.00226449 0.999971 0.00721429 0.291919 0.00240724 -0.00720884 0.999971 3.10896
0.999995 0.00232588 -0.00215747 233.526 -0.00231047 0.999972 0.00711978 0.295073 0.00217397 -0.00711476 0.999972 3.12356
0.999995 0.00217084 -0.00237881 235.041 -0.00215356 0.999971 0.00724565 0.301367 0.00239447 -0.00724049 0.999971 3.15016
0.999993 0.00270162 -0.00271055 236.507 -0.00267767 0.999958 0.0088015 0.295552 0.00273422 -0.00879418 0.999958 3.18252
0.999993 0.00299335 -0.00217831 238.039 -0.00297161 0.999946 0.0099167 0.300472 0.00220788 -0.00991016 0.999948 3.20435
0.999994 0.00347473 -0.000148336 239.564 -0.00347326 0.999954 0.00892521 0.298812 0.000179342 -0.00892464 0.99996 3.21819
0.999992 0.00405106 0.000159024 241.105 -0.00405232 0.999952 0.00894598 0.298902 -0.000122776 -0.00894655 0.99996 3.2434
0.99999 0.00423855 -0.00116484 242.582 -0.00422656 0.99994 0.0101153 0.306815 0.00120764 -0.0101103 0.999948 3.26615
0.999983 0.00535718 -0.0023417 244.105 -0.00533035 0.999922 0.0113173 0.291983 0.00240214 -0.0113047 0.999933 3.29188
0.999982 0.00555172 -0.00214125 245.598 -0.00552638 0.999917 0.0116654 0.301931 0.00220583 -0.0116534 0.99993 3.30548
0.999985 0.00541125 -0.00120235 247.143 -0.00539649 0.999914 0.0119618 0.298812 0.00126697 -0.0119551 0.999928 3.33072
0.999986 0.00531759 -0.000676592 248.675 -0.00530923 0.999916 0.0118091 0.296107 0.000739331 -0.0118053 0.99993 3.36184
0.999987 0.00499687 -0.000577723 250.173 -0.0049893 0.99991 0.0124338 0.28902 0.000639801 -0.0124307 0.999923 3.38268
0.999985 0.00539779 -0.000395166 251.706 -0.00539173 0.999887 0.014 0.29498 0.000470691 -0.0139977 0.999902 3.39907
0.999986 0.00529788 -0.000338778 253.227 -0.00529215 0.999872 0.0151265 0.297056 0.000418873 -0.0151245 0.999886 3.42557
0.999985 0.00541422 -0.000152049 254.77 -0.00541113 0.99986 0.0158318 0.290332 0.000237744 -0.0158307 0.999875 3.43829
0.999986 0.00536995 0.000130572 256.296 -0.00537129 0.999877 0.0147416 0.290421 -5.13949e-05 -0.0147421 0.999891 3.47022
0.999986 0.00516231 0.000701371 257.85 -0.00517064 0.999909 0.0124325 0.283271 -0.000637128 -0.0124359 0.999922 3.48429
0.999986 0.00509011 0.00165143 259.362 -0.00510413 0.99995 0.00859767 0.273125 -0.00160758 -0.00860597 0.999962 3.5066
0.999988 0.00484509 0.000856258 260.907 -0.0048516 0.999958 0.00777858 0.272653 -0.000818534 -0.00778264 0.999969 3.52223
0.999988 0.00491063 -0.000164539 262.432 -0.00490903 0.999951 0.00862304 0.26491 0.000206876 -0.00862213 0.999963 3.55069
0.999986 0.00514847 0.00134732 263.987 -0.00515678 0.999967 0.00623595 0.259546 -0.00131518 -0.00624281 0.99998 3.57204
0.999979 0.00555656 0.00320874 265.525 -0.00556663 0.99998 0.00313961 0.252041 -0.00319123 -0.00315741 0.99999 3.57438
0.999982 0.00545391 0.00267664 267.072 -0.00546262 0.99998 0.00325675 0.254779 -0.00265883 -0.00327131 0.999991 3.59942
0.999981 0.00591139 0.00164792 268.563 -0.00591503 0.99998 0.00221423 0.243396 -0.00163479 -0.00222394 0.999996 3.62055
0.999975 0.00689284 0.0013104 270.175 -0.006897 0.999971 0.00319771 0.228315 -0.00128832 -0.00320667 0.999994 3.63544
0.999968 0.00786446 0.00147465 271.73 -0.007871 0.999959 0.00448685 0.227783 -0.0014393 -0.00449831 0.999989 3.65545
0.999961 0.00879987 0.000973997 273.232 -0.00880625 0.999938 0.00675266 0.230066 -0.000914514 -0.00676098 0.999977 3.67695
0.999952 0.00974601 0.00103789 274.764 -0.00975414 0.999919 0.00814394 0.225077 -0.000958434 -0.00815367 0.999966 3.69791
0.999943 0.0106316 0.000852979 276.279 -0.0106378 0.999915 0.00756246 0.226983 -0.000772505 -0.0075711 0.999971 3.70846
0.999935 0.0114395 6.12065e-05 277.832 -0.0114396 0.999898 0.00853538 0.208612 3.64398e-05 -0.00853552 0.999964 3.73752
0.999925 0.0122251 -0.000346133 279.372 -0.0122216 0.999887 0.0087712 0.199362 0.000453323 -0.00876631 0.999961 3.7584
0.999915 0.0130145 -0.000215543 280.927 -0.0130122 0.999879 0.00848618 0.18712 0.00032596 -0.00848266 0.999964 3.7836
0.999905 0.0137858 0.00060333 282.47 -0.0137893 0.999885 0.00634191 0.180703 -0.000515832 -0.00634963 0.99998 3.80167
0.9999 0.0141274 0.00102871 284.015 -0.0141316 0.999891 0.00418777 0.157342 -0.000969432 -0.00420189 0.999991 3.81529
0.999896 0.0144055 -0.00106889 285.577 -0.0144015 0.99989 0.00366712 0.147968 0.0011216 -0.00365134 0.999993 3.8514
0.999894 0.0141916 -0.00331994 287.109 -0.0141744 0.999886 0.00515463 0.113893 0.00339272 -0.00510703 0.999981 3.88021
0.999902 0.0135955 -0.00341198 288.628 -0.0135795 0.999897 0.00467037 0.0922715 0.00347512 -0.00462357 0.999983 3.89265
0.999912 0.0127739 -0.00345326 290.236 -0.0127649 0.999915 0.00260281 0.0778579 0.00348622 -0.0025585 0.999991 3.91983
0.999925 0.011568 -0.00405781 291.773 -0.0115591 0.999931 0.00220241 0.0799108 0.00408301 -0.00215534 0.999989 3.94353
0.999924 0.0115657 -0.00431427 293.337 -0.011553 0.999929 0.00296829 0.0620764 0.0043483 -0.00291822 0.999986 3.97579
0.999934 0.0106706 -0.00415336 294.89 -0.010659 0.999939 0.00278711 0.0540637 0.00418285 -0.00274265 0.999987 3.994
0.999946 0.00970644 -0.0037943 296.436 -0.00969614 0.999949 0.00272397 0.0514227 0.00382055 -0.00268703 0.999989 4.02119
0.999958 0.00878231 -0.00271698 298.04 -0.00877497 0.999958 0.00270166 0.0398124 0.00274059 -0.0026777 0.999993 4.04796
0.999963 0.008448 -0.0013272 299.606 -0.00844369 0.999959 0.00322187 0.03027 0.00135436 -0.00321055 0.999994 4.0673
0.999958 0.00906206 -0.0012501 301.181 -0.00905782 0.999953 0.00335578 0.0239717 0.00128045 -0.00334432 0.999994 4.09126
0.999951 0.00976234 -0.00131527 302.772 -0.0097555 0.999939 0.0051107 0.0183926 0.00136508 -0.00509762 0.999986 4.1184
0.999947 0.0102373 -0.0014046 304.357 -0.0102315 0.999939 0.00409366 0.00264678 0.00144642 -0.00407907 0.999991 4.14115
0.999943 0.0104053 -0.00257929 305.96 -0.0104029 0.999945 0.000916065 -0.0205573 0.00258868 -0.00088918 0.999996 4.15377
0.999933 0.0107486 -0.00428748 307.554 -0.0107481 0.999942 0.000139555 -0.0396472 0.00428873 -9.34638e-05 0.999991 4.18478
0.999927 0.0109055 -0.00527113 309.158 -0.0109109 0.99994 -0.000988007 -0.0500122 0.00526004 0.00104545 0.999986 4.20816
0.999941 0.00901047 -0.00601299 310.759 -0.00900883 0.999959 0.000299497 -0.0626779 0.00601545 -0.00024531 0.999982 4.23599
0.999962 0.00663402 -0.00568267 312.395 -0.00662343 0.999976 0.0018812 -0.0482503 0.00569502 -0.00184349 0.999982 4.2667
0.999973 0.00664756 -0.0030253 314.015 -0.00663806 0.999973 0.00313929 -0.0618802 0.00304609 -0.00311913 0.99999 4.29369
0.999976 0.00687186 0.000491128 315.612 -0.00687212 0.999976 0.000517174 -0.0608528 -0.000487563 -0.000520536 1 4.3095
0.999974 0.00715541 0.001082 317.228 -0.00715525 0.999974 -0.000144829 -0.0781653 -0.00108301 0.000137083 0.999999 4.33101
0.999973 0.00728688 9.31615e-05 318.858 -0.00728684 0.999973 -0.000423826 -0.0874675 -9.62474e-05 0.000423136 1 4.36077
0.999971 0.00757685 -8.24629e-05 320.487 -0.00757694 0.999971 -0.00115754 -0.0888041 7.36899e-05 0.00115814 0.999999 4.37512
0.999969 0.00780724 0.00025675 322.122 -0.00780691 0.999969 -0.00124601 -0.10647 -0.00026647 0.00124397 0.999999 4.39825
0.999966 0.00818443 0.000469107 323.729 -0.00818361 0.999965 -0.00170983 -0.106828 -0.000483084 0.00170593 0.999998 4.42278
0.999961 0.00884695 -0.000545999 325.372 -0.00884712 0.999961 -0.00031312 -0.123038 0.000543207 0.000317939 1 4.44737
0.999956 0.0093422 -0.00117336 327.007 -0.00934156 0.999956 0.000556916 -0.133562 0.00117851 -0.00054593 0.999999 4.47865
0.999946 0.0103437 0.000276423 328.606 -0.0103437 0.999946 0.000100323 -0.146304 -0.00027537 -0.000103177 1 4.49491
0.999945 0.0103904 0.001356 330.22 -0.0103881 0.999945 -0.001681 -0.166253 -0.00137339 0.00166682 0.999998 4.51635
0.999947 0.0102663 0.000487668 331.851 -0.0102654 0.999946 -0.00183348 -0.172962 -0.000506465 0.00182837 0.999998 4.54431
0.999947 0.0103198 0.00037261 333.48 -0.0103193 0.999946 -0.00132255 -0.183018 -0.000386238 0.00131864 0.999999 4.57594
0.999947 0.0102093 -0.00155676 335.095 -0.0102091 0.999948 0.000152349 -0.198141 0.00155824 -0.000136448 0.999999 4.58403
0.999943 0.00993351 -0.00400823 336.698 -0.00992343 0.999948 0.00252665 -0.198496 0.00403311 -0.00248673 0.999989 4.62834
0.999955 0.00883593 -0.00354394 338.293 -0.00882374 0.999955 0.0034405 -0.202721 0.00357418 -0.00340907 0.999988 4.6515
0.999967 0.00806562 -0.000727144 339.911 -0.00806273 0.99996 0.00389411 -0.214584 0.000758524 -0.00388812 0.999992 4.6802
0.999971 0.00731738 0.001894 341.53 -0.00732698 0.99996 0.00511585 -0.2131 -0.00185649 -0.00512958 0.999985 4.69953
0.999982 0.00582729 0.00118821 343.116 -0.00583397 0.999967 0.00569725 -0.208774 -0.00115497 -0.00570408 0.999983 4.72068
0.999989 0.00462274 -0.000211934 344.734 -0.00462142 0.999972 0.00586505 -0.211144 0.000239041 -0.00586401 0.999983 4.74749
0.999996 0.00260662 0.000684732 346.327 -0.00260963 0.999987 0.00442021 -0.209076 -0.000673202 -0.00442198 0.99999 4.76214
0.999998 0.00174217 0.00123386 347.924 -0.00174544 0.999995 0.00266041 -0.212602 -0.00122922 -0.00266256 0.999996 4.79936
0.999998 0.00164819 0.000547892 349.513 -0.0016495 0.999996 0.00241028 -0.210535 -0.000543917 -0.00241118 0.999997 4.81577
0.999999 0.00113448 -0.000186267 351.104 -0.00113412 0.999997 0.00194256 -0.213545 0.00018847 -0.00194235 0.999998 4.84434
0.999999 0.00141668 -0.000267005 352.696 -0.00141617 0.999997 0.00189266 -0.201523 0.000269685 -0.00189228 0.999998 4.85845
1 0.000881814 -0.000126338 354.292 -0.000881693 0.999999 0.000954771 -0.193428 0.00012718 -0.00095466 1 4.88221
0.999999 0.000928516 -0.000875076 355.887 -0.000928083 0.999999 0.00049461 -0.195657 0.000875535 -0.000493798 0.999999 4.9113
0.999998 0.00138268 -0.0013856 357.479 -0.00138212 0.999999 0.000404727 -0.201519 0.00138616 -0.000402811 0.999999 4.93464
0.999999 0.000947536 -0.00124371 359.07 -0.00094769 1 -0.000122629 -0.19666 0.00124359 0.000123808 0.999999 4.96112
0.999996 0.00154272 -0.00222334 360.653 -0.00154277 0.999999 -2.46515e-05 -0.206639 0.0022233 2.80816e-05 0.999998 4.9819
0.999995 0.00125784 -0.00288307 362.243 -0.0012604 0.999999 -0.000888175 -0.197623 0.00288195 0.000891804 0.999995 5.01849
0.999997 0.00104929 -0.00201715 363.831 -0.00105443 0.999996 -0.00254913 -0.190584 0.00201447 0.00255125 0.999995 5.03143
0.999998 0.00163111 -0.000947952 365.427 -0.00163591 0.999986 -0.00509163 -0.19519 0.000939633 0.00509318 0.999987 5.0649
0.999998 0.00112517 -0.00155622 367.018 -0.0011333 0.999986 -0.00523413 -0.189087 0.00155031 0.00523589 0.999985 5.09198
0.999996 0.00185801 -0.00201933 368.611 -0.00186515 0.999992 -0.00353599 -0.195194 0.00201274 0.00353974 0.999992 5.1159
0.999997 0.0018509 -0.00143378 370.209 -0.00185427 0.999996 -0.0023495 -0.186581 0.00142943 0.00235215 0.999996 5.13074
0.999996 0.00267203 -0.00080414 371.823 -0.00267291 0.999996 -0.00108788 -0.195614 0.00080123 0.00109002 0.999999 5.1565
0.999996 0.0025273 -0.000894329 373.408 -0.00252817 0.999996 -0.0009764 -0.18291 0.000891858 0.000978658 0.999999 5.18187
0.999995 0.00281972 -0.00147418 375.016 -0.00282103 0.999996 -0.000889619 -0.18115 0.00147166 0.000893773 0.999999 5.20868
0.999992 0.00362167 -0.00185891 376.631 -0.00362273 0.999993 -0.000568099 -0.188594 0.00185684 0.000574828 0.999998 5.23215
0.999992 0.00357782 -0.00195889 378.229 -0.00357813 0.999994 -0.000153875 -0.191185 0.00195833 0.000160883 0.999998 5.25895
0.99999 0.00424558 -0.00159806 379.833 -0.00424395 0.99999 0.00102084 -0.187111 0.00160238 -0.00101404 0.999998 5.27789
0.999991 0.00395205 -0.00129188 381.44 -0.00394972 0.999991 0.00179708 -0.170348 0.00129897 -0.00179197 0.999998 5.29813
0.99999 0.00428806 -0.00152549 383.035 -0.00428349 0.999986 0.00298982 -0.18578 0.00153829 -0.00298326 0.999994 5.32505
0.999983 0.00539267 -0.00206727 384.661 -0.00538419 0.999977 0.00408397 -0.186854 0.00208925 -0.00407277 0.99999 5.35399
0.999985 0.00505699 -0.00194329 386.269 -0.00504716 0.999975 0.00503224 -0.191012 0.00196869 -0.00502235 0.999985 5.38367
0.999981 0.00594427 -0.00131918 387.897 -0.00593617 0.999964 0.00606467 -0.189191 0.00135518 -0.00605673 0.999981 5.40472
0.999983 0.00573204 -0.000845955 389.51 -0.00572639 0.999962 0.00653861 -0.177629 0.000883402 -0.00653366 0.999978 5.4232
0.99998 0.00628423 -0.0011713 391.13 -0.00627478 0.999949 0.00790247 -0.19365 0.00122091 -0.00789496 0.999968 5.45144
0.999974 0.00720042 -0.000897536 392.771 -0.00719289 0.999941 0.00813124 -0.208938 0.000956032 -0.00812457 0.999967 5.47768
