1 0 0 0 0 1 0 0 0 0 1 0
0.9999 0.0141282 -0.000172794 0.0113223 -0.0141281 0.9999 0.000375356 0.064566 0.00017808 -0.000372877 1 0.010883
0.999242 0.038932 -6.22273e-06 0.349374 -0.0389315 0.999229 0.00516718 -0.0672491 0.000207387 -0.00516302 0.999987 -0.0134753
0.997948 0.0640171 0.00158505 0.422958 -0.0640255 0.99793 0.00605997 -0.0168341 -0.00119383 -0.00614902 0.99998 -0.005291
0.995375 0.0959813 0.00409302 0.553399 -0.096003 0.995366 0.00548658 -0.048664 -0.00354744 -0.00585414 0.999977 -0.00619072
0.990838 0.134913 0.00616934 0.838009 -0.134933 0.990851 0.0028365 -0.141415 -0.00573022 -0.00364295 0.999977 -0.0186112
0.984641 0.174444 0.00719748 0.996868 -0.174448 0.984666 -0.000159302 -0.175936 -0.00711491 -0.00109873 0.999974 0.00725492
0.975877 0.218156 0.00852166 1.22886 -0.218161 0.975913 -0.000313907 -0.266094 -0.00838488 -0.00155276 0.999964 -0.00114189
0.964087 0.265301 0.012279 1.41904 -0.26532 0.964161 -0.000156519 -0.346024 -0.0118805 -0.00310697 0.999925 -0.0169281
0.949604 0.312908 0.0184591 1.70696 -0.312897 0.94978 -0.00357864 -0.47768 -0.0186518 -0.0023775 0.999823 -0.0328773
0.932634 0.360032 0.0238764 1.87788 -0.359806 0.932932 -0.01331 -0.572385 -0.0270671 0.00382249 0.999626 -0.0125434
0.911382 0.410671 0.0270582 2.12025 -0.410282 0.911763 -0.018892 -0.708435 -0.032429 0.00611631 0.999455 -0.00467898
0.886571 0.461586 0.0304884 2.3723 -0.46114 0.887085 -0.0207414 -0.919125 -0.0366197 0.00432933 0.99932 -0.00482097
0.857901 0.512663 0.0343908 2.61143 -0.51217 0.858588 -0.0225613 -1.04312 -0.0410939 0.00174138 0.999154 -0.0414235
0.825678 0.56295 0.0366545 2.85652 -0.562268 0.826488 -0.0277875 -1.28055 -0.0459374 0.00233386 0.998942 -0.0387046
0.789988 0.612012 0.0368859 3.0636 -0.611108 0.790839 -0.0334764 -1.47607 -0.0496588 0.00390474 0.998759 -0.0397191
0.752482 0.657597 0.0365731 3.2781 -0.656509 0.753356 -0.0380931 -1.72419 -0.0526024 0.00465381 0.998605 -0.0539301
0.712598 0.700705 0.0348791 3.52767 -0.699502 0.713433 -0.0413524 -2.04335 -0.0538598 0.00506964 0.998536 -0.0628615
0.670931 0.740717 0.034507 3.72877 -0.739457 0.671808 -0.0433226 -2.29292 -0.0552719 0.00355001 0.998465 -0.076824
0.627997 0.777337 0.0369743 4.00819 -0.776106 0.629083 -0.0437385 -2.65556 -0.0572594 -0.00122833 0.998359 -0.118002
0.586167 0.809288 0.0382161 4.21844 -0.808065 0.587393 -0.0447136 -2.97697 -0.058634 -0.00467146 0.998269 -0.138488
0.545802 0.837024 0.038614 4.40985 -0.835793 0.547119 -0.045942 -3.34829 -0.059581 -0.00719807 0.998198 -0.164182
0.507183 0.860968 0.0387285 4.60783 -0.859623 0.508588 -0.0488468 -3.76714 -0.0617524 -0.00851774 0.998055 -0.173356
0.469755 0.881907 0.0396197 4.84298 -0.880636 0.471271 -0.0488222 -4.144 -0.0617283 -0.011956 0.998021 -0.204275
0.433838 0.900169 0.0384732 5.01559 -0.898973 0.435328 -0.0483496 -4.61512 -0.0602713 -0.0136105 0.998089 -0.23894
0.400448 0.915675 0.0343506 5.20996 -0.914535 0.401726 -0.0473537 -5.10848 -0.0571602 -0.0124521 0.998287 -0.258583
0.370241 0.928442 0.030283 5.4225 -0.927389 0.371309 -0.0456054 -5.60416 -0.0535864 -0.0111991 0.9985 -0.283169
0.345078 0.938178 0.0272491 5.58388 -0.937209 0.345996 -0.0438773 -6.15253 -0.0505928 -0.010397 0.998665 -0.311758
0.324307 0.945624 0.0249206 5.79061 -0.944679 0.325124 -0.0433003 -6.75416 -0.049048 -0.00949936 0.998751 -0.346041
0.310058 0.95043 0.0233834 5.97687 -0.949446 0.310822 -0.0440705 -7.30342 -0.049154 -0.00853686 0.998755 -0.383204
0.297084 0.954591 0.0222941 6.18135 -0.953548 0.297817 -0.045283 -7.9431 -0.0498663 -0.00780566 0.998725 -0.403881
0.286903 0.957675 0.0233662 6.36936 -0.956548 0.287718 -0.0472564 -8.57838 -0.0519792 -0.00879294 0.998609 -0.442797
0.275853 0.96087 0.0251779 6.55549 -0.959674 0.276796 -0.0490892 -9.22783 -0.0541375 -0.0106212 0.998477 -0.478121
0.265678 0.963717 0.0257886 6.74024 -0.962428 0.26669 -0.051083 -9.9171 -0.0561071 -0.0112481 0.998361 -0.511961
0.256405 0.966199 0.0267669 6.92382 -0.964809 0.257511 -0.05322 -10.6232 -0.0583138 -0.012179 0.998224 -0.543276
0.245802 0.968939 0.0271826 7.13263 -0.967471 0.246968 -0.0548348 -11.3709 -0.0598448 -0.0128199 0.998125 -0.582188
0.235457 0.971493 0.0276081 7.30046 -0.969958 0.236683 -0.0562404 -12.1327 -0.0611715 -0.0135364 0.998035 -0.61488
0.224728 0.973991 0.0289503 7.48806 -0.972305 0.226098 -0.059178 -12.8961 -0.0641844 -0.0148495 0.997828 -0.658346
0.213756 0.976391 0.0311134 7.65445 -0.974521 0.215346 -0.062734 -13.6536 -0.0679531 -0.0169109 0.997545 -0.709279
0.201118 0.979078 0.0309397 7.81521 -0.976933 0.202791 -0.066909 -14.4397 -0.0717835 -0.0167695 0.997279 -0.753773
0.187511 0.981747 0.0318284 7.96562 -0.979471 0.189321 -0.0692441 -15.2387 -0.0740059 -0.018191 0.997092 -0.798834
0.173012 0.98441 0.0316918 8.10386 -0.982103 0.17486 -0.0699869 -16.045 -0.0744374 -0.019016 0.997044 -0.841051
0.159736 0.986631 0.0323025 8.22221 -0.984395 0.16165 -0.0695345 -16.8138 -0.0738267 -0.0206913 0.997056 -0.888385
0.143028 0.989193 0.0322487 8.35465 -0.987062 0.144954 -0.0685328 -17.6201 -0.0724668 -0.0220294 0.997128 -0.933687
0.121995 0.991985 0.0329104 8.45789 -0.989992 0.123986 -0.067399 -18.4375 -0.0709393 -0.0243587 0.997183 -0.979308
0.0968636 0.994652 0.035831 8.55671 -0.992896 0.0990665 -0.0658983 -19.2644 -0.0690956 -0.0291933 0.997183 -1.02779
0.0668979 0.997035 0.038012 8.63183 -0.99543 0.069295 -0.0657 -20.0883 -0.0681392 -0.0334431 0.997115 -1.07921
0.0332746 0.998681 0.0390925 8.65969 -0.997193 0.0357993 -0.0657624 -20.9435 -0.0670752 -0.0367946 0.997069 -1.1213
-0.000234572 0.99927 0.038212 8.66319 -0.997843 0.00227475 -0.0656117 -21.7569 -0.0656507 -0.038145 0.997113 -1.16318
-0.0350983 0.998675 0.037637 8.61495 -0.997372 -0.0326142 -0.0646987 -22.6271 -0.0633855 -0.0398089 0.997195 -1.20156
-0.0675757 0.996973 0.0384436 8.57597 -0.995891 -0.0650737 -0.0629838 -23.4698 -0.0602915 -0.0425418 0.997274 -1.23805
-0.100276 0.994198 0.0389321 8.50469 -0.993386 -0.0978411 -0.0600907 -24.3082 -0.0559329 -0.0447002 0.997433 -1.28846
-0.132273 0.990595 0.0350134 8.38671 -0.98991 -0.130206 -0.0558895 -25.1551 -0.0508049 -0.0420528 0.997823 -1.31517
-0.163442 0.986088 0.0302908 8.24541 -0.985514 -0.161784 -0.0508714 -25.9595 -0.0452631 -0.0381665 0.998246 -1.33943
-0.193283 0.980846 0.0241529 8.06808 -0.980346 -0.192076 -0.0450321 -26.827 -0.0395304 -0.0323821 0.998694 -1.36338
-0.223209 0.974596 0.0184424 7.89092 -0.974166 -0.222365 -0.0394167 -27.6523 -0.0343144 -0.0267642 0.999053 -1.38695
-0.250484 0.968074 0.00948388 7.63672 -0.967666 -0.250054 -0.0330966 -28.4337 -0.0296684 -0.0174674 0.999407 -1.40988
-0.277028 0.960846 0.00545751 7.40292 -0.960638 -0.276836 -0.023164 -29.2691 -0.0207463 -0.0116598 0.999717 -1.41757
-0.301747 0.953373 0.00534893 7.15723 -0.953367 -0.301699 -0.00828934 -30.0285 -0.00628907 -0.00760078 0.999951 -1.41864
-0.326023 0.945299 0.0108841 6.89733 -0.945296 -0.326115 0.00809785 -30.8074 0.0112044 -0.00764865 0.999908 -1.40163
-0.351608 0.935957 0.0188601 6.57471 -0.935743 -0.351977 0.0223012 -31.5817 0.0275113 -0.00980688 0.999573 -1.37826
-0.376292 0.926293 0.0196443 6.27815 -0.925725 -0.37676 0.0329335 -32.3697 0.0379072 -0.00579259 0.999264 -1.34716
-0.400508 0.91611 0.0183599 5.9261 -0.915342 -0.400924 0.0375439 -33.1158 0.0417553 -0.00176899 0.999126 -1.31225
-0.4229 0.906025 0.0165655 5.59448 -0.905289 -0.423224 0.0365071 -33.8832 0.0400873 0.00044228 0.999196 -1.26623
-0.443344 0.896289 0.0105664 5.23792 -0.895694 -0.443439 0.033078 -34.6127 0.034333 0.00520066 0.999397 -1.23961
-0.461315 0.887232 0.00275658 4.80763 -0.886748 -0.461162 0.03174 -35.3583 0.029432 0.0121978 0.999492 -1.20464
-0.475566 0.87968 -0.000495045 4.4438 -0.879232 -0.475305 0.0321871 -36.0486 0.028079 0.0157423 0.999482 -1.15928
-0.487275 0.873248 -0.000902977 4.02139 -0.872724 -0.486946 0.0351735 -36.7512 0.0302755 0.0179272 0.999381 -1.10493
-0.49755 0.867435 -0.000641176 3.63526 -0.866827 -0.497173 0.0378024 -37.4285 0.0324723 0.0193644 0.999285 -1.06913
-0.507204 0.8618 0.00675345 3.26079 -0.861116 -0.507088 0.0366177 -38.1312 0.0349817 0.0127571 0.999307 -1.01271
-0.518305 0.855162 0.0076581 2.82476 -0.854505 -0.518225 0.0355641 -38.8338 0.0343817 0.0118892 0.999338 -1.00493
-0.527257 0.849684 0.00617021 2.40897 -0.848999 -0.5271 0.0369577 -39.5106 0.0346547 0.0142477 0.999298 -0.964201
-0.53464 0.845069 0.00435046 1.9693 -0.844315 -0.534368 0.0397858 -40.1809 0.0359465 0.0175979 0.999199 -0.918741
-0.538243 0.842771 0.00563296 1.52673 -0.841876 -0.537959 0.0429472 -40.8716 0.0392249 0.0183738 0.999061 -0.883231
-0.538108 0.842842 0.00753871 1.07597 -0.841862 -0.537878 0.0442307 -41.5861 0.0413344 0.0174543 0.998993 -0.83993
-0.535165 0.844733 0.00493973 0.601984 -0.843757 -0.534811 0.0452878 -42.2987 0.0408979 0.0200685 0.998962 -0.802106
-0.529861 0.848065 0.00580197 0.150034 -0.847107 -0.529566 0.0443682 -43.0439 0.0406996 0.0185941 0.998998 -0.765882
-0.52247 0.852629 0.00698046 -0.308347 -0.851697 -0.522253 0.0431884 -43.815 0.0404692 0.0166194 0.999043 -0.725378
-0.51555 0.856818 0.00844029 -0.781545 -0.85589 -0.51541 0.042486 -44.5946 0.0407529 0.0146797 0.999061 -0.682421
-0.508833 0.8608 0.0106192 -1.2257 -0.859895 -0.508807 0.04119 -45.3874 0.0408594 0.0118274 0.999095 -0.638143
-0.504244 0.863449 0.0139174 -1.67505 -0.862603 -0.504378 0.0389811 -46.195 0.0406778 0.0076508 0.999143 -0.590454
-0.502773 0.864236 0.0177453 -2.14058 -0.863492 -0.503079 0.035972 -47.0334 0.0400156 0.00276283 0.999195 -0.551647
-0.502904 0.864123 0.0194695 -2.65968 -0.863469 -0.503281 0.0336182 -47.8747 0.0388489 9.54556e-05 0.999245 -0.505075
-0.503627 0.863679 0.0204561 -3.1401 -0.863081 -0.50404 0.0321857 -48.7226 0.0381088 -0.00144567 0.999273 -0.461532
-0.504401 0.863242 0.0197961 -3.67422 -0.862661 -0.504788 0.0316938 -49.5832 0.0373523 -0.00109093 0.999302 -0.42057
-0.50443 0.863219 0.0200924 -4.16286 -0.862666 -0.504827 0.030942 -50.4551 0.0368529 -0.00172498 0.999319 -0.367511
-0.504299 0.86331 0.0194678 -4.67145 -0.862766 -0.504673 0.0306659 -51.3409 0.036299 -0.00133135 0.99934 -0.320636
-0.504564 0.863151 0.019621 -5.18058 -0.862628 -0.504943 0.0300936 -52.2379 0.0358828 -0.00174146 0.999354 -0.268467
-0.504755 0.863018 0.0205203 -5.70051 -0.86255 -0.505162 0.0286254 -53.135 0.0350703 -0.003251 0.99938 -0.227512
-0.504978 0.86289 0.0204608 -6.22033 -0.862444 -0.50538 0.0279451 -54.0238 0.0344541 -0.00353462 0.9994 -0.177203
-0.504434 0.863183 0.0214797 -6.73145 -0.862776 -0.504867 0.026953 -54.9119 0.0341098 -0.00493615 0.999406 -0.127855
-0.503194 0.863918 0.021033 -7.24115 -0.86356 -0.503605 0.0254362 -55.8119 0.0325671 -0.0053639 0.999455 -0.078618
-0.500926 0.865278 0.0191764 -7.77582 -0.864971 -0.50127 0.0235314 -56.7133 0.0299737 -0.00479953 0.999539 -0.0316549
-0.498251 0.866846 0.0180077 -8.2871 -0.866573 -0.498555 0.022208 -57.6104 0.0282287 -0.00453986 0.999591 0.0225205
-0.496284 0.867979 0.0177272 -8.78444 -0.867721 -0.496579 0.0216758 -58.4863 0.0276171 -0.00462492 0.999608 0.0639564
-0.494304 0.86912 0.0171451 -9.28707 -0.868852 -0.494585 0.0219404 -59.375 0.0275486 -0.0040513 0.999612 0.10848
-0.493046 0.869828 0.0174656 -9.76973 -0.86955 -0.493338 0.0223627 -60.2394 0.0280682 -0.00416137 0.999597 0.153814
-0.493618 0.869473 0.0189172 -10.2941 -0.869162 -0.493957 0.0237388 -61.1665 0.0299845 -0.0047242 0.999539 0.198465
-0.496447 0.867793 0.0218088 -10.7735 -0.867452 -0.496884 0.0251818 -62.0161 0.032689 -0.00641663 0.999445 0.247424
-0.500919 0.865175 0.0234993 -11.2794 -0.864826 -0.501415 0.0256753 -62.8897 0.0339965 -0.00746156 0.999394 0.297171
-0.506661 0.861834 0.023174 -11.7886 -0.861526 -0.507133 0.0242545 -63.7727 0.0326556 -0.00767624 0.999437 0.339719
-0.512228 0.85866 0.0180546 -12.2851 -0.85838 -0.51253 0.0222721 -64.6067 0.0283777 -0.00408933 0.999589 0.390758
-0.517403 0.855502 0.0202553 -12.7905 -0.855293 -0.517753 0.0201362 -65.4853 0.0277139 -0.00690571 0.999592 0.433062
-0.522112 0.852623 0.020798 -13.317 -0.852357 -0.52249 0.0221772 -66.3319 0.0297756 -0.00614831 0.999538 0.49036
-0.527317 0.849384 0.0219994 -13.8229 -0.849063 -0.527741 0.0241034 -67.1615 0.0320831 -0.00596876 0.999467 0.525592
-0.532504 0.846093 0.023795 -14.353 -0.845771 -0.532987 0.0244024 -67.9926 0.0333291 -0.00713078 0.999419 0.567624
-0.53601 0.84383 0.0253769 -14.8591 -0.843504 -0.536549 0.0248253 -68.8358 0.0345643 -0.0080989 0.99937 0.616131
-0.53938 0.841673 0.0256031 -15.3774 -0.841396 -0.539914 0.0233705 -69.6539 0.0334937 -0.00893674 0.999399 0.679467
-0.542133 0.840076 0.0190548 -15.9225 -0.839926 -0.542427 0.0172424 -70.49 0.0248208 -0.00665694 0.99967 0.724739
-0.544083 0.838941 0.0123213 -16.4547 -0.838898 -0.5442 0.0097943 -71.3089 0.0149221 -0.00500743 0.999876 0.749851
-0.545527 0.838036 0.0097945 -16.9714 -0.838018 -0.545597 0.00702736 -72.1303 0.011233 -0.00437435 0.999927 0.77168
-0.54716 0.836911 0.0139677 -17.4828 -0.836848 -0.547313 0.0116152 -72.9184 0.0173656 -0.00533343 0.999835 0.809585
-0.548045 0.836276 0.0170196 -17.9975 -0.836128 -0.548285 0.0165576 -73.7056 0.0231783 -0.0051562 0.999718 0.850429
-0.548705 0.83592 0.012679 -18.5402 -0.835635 -0.54885 0.02186 -74.5235 0.025232 0.00139969 0.999681 0.876207
-0.549004 0.835765 0.00958084 -19.0671 -0.83546 -0.549068 0.0230166 -75.2889 0.024497 0.00463183 0.999689 0.915389
-0.548557 0.836078 0.00767755 -19.5886 -0.835846 -0.548591 0.0202164 -76.0841 0.0211144 0.00467263 0.999766 0.95188
-0.547857 0.836542 0.00708418 -20.1292 -0.83641 -0.547897 0.0150566 -76.9177 0.0164769 0.00232358 0.999862 0.982727
-0.546553 0.83741 0.00494821 -20.6206 -0.837359 -0.546575 0.00924687 -77.6951 0.010448 0.000910471 0.999945 1.00675
-0.546294 0.837518 0.0111961 -21.1562 -0.837552 -0.546352 0.00267593 -78.5191 0.00835817 -0.0079155 0.999934 1.03912
-0.544627 0.838476 0.0184122 -21.6411 -0.838644 -0.544672 -0.0029049 -79.3077 0.0075929 -0.0170233 0.999826 1.06613
-0.54285 0.83971 0.014201 -22.1392 -0.839807 -0.542882 -0.00180699 -80.0862 0.00619214 -0.0129071 0.999898 1.07926
-0.539911 0.84166 0.0102332 -22.6645 -0.841694 -0.539952 0.00162536 -80.9025 0.00689343 -0.00773566 0.999946 1.11566
-0.534754 0.84493 0.0114414 -23.1321 -0.844949 -0.534827 0.00456052 -81.6812 0.00997251 -0.00722866 0.999924 1.1394
-0.527373 0.849607 0.00674614 -23.6524 -0.849584 -0.527412 0.00658993 -82.4669 0.00915684 -0.00225606 0.999956 1.15216
-0.518906 0.854831 -0.000990902 -24.1527 -0.854799 -0.518875 0.00937153 -83.2796 0.00749692 0.00570997 0.999956 1.1712
-0.509377 0.860543 -8.65875e-05 -24.6167 -0.860501 -0.509351 0.00993144 -84.0598 0.00850233 0.00513336 0.999951 1.20183
-0.49846 0.866906 0.00328497 -25.0968 -0.86688 -0.498471 0.00681353 -84.8781 0.00754415 0.000548595 0.999971 1.21464
-0.487091 0.873351 -0.000348249 -25.5299 -0.873346 -0.487087 0.00370855 -85.6828 0.00306924 0.00211054 0.999993 1.22893
-0.475567 0.879679 -0.000776475 -25.9819 -0.879677 -0.475563 0.00276684 -86.49 0.00206467 0.00199886 0.999996 1.25098
-0.463587 0.886051 -0.000635509 -26.4266 -0.886051 -0.463585 0.00172831 -87.3398 0.00123676 0.00136432 0.999998 1.26867
-0.452125 0.891948 -0.00354765 -26.8403 -0.891953 -0.452112 0.00381615 -88.1426 0.00179987 0.00488971 0.999986 1.28358
-0.439763 0.898113 -0.00134387 -27.2373 -0.898101 -0.439747 0.00614491 -88.9516 0.00492786 0.00390923 0.99998 1.30016
-0.428074 0.903743 0.000792293 -27.6374 -0.903618 -0.428029 0.0163277 -89.8045 0.0150952 0.00627352 0.999866 1.31866
-0.415743 0.909481 0.00149671 -27.9898 -0.909236 -0.415668 0.0225846 -90.6083 0.0211624 0.00802852 0.999744 1.35368
-0.403661 0.914902 0.00355722 -28.3689 -0.914732 -0.403657 0.0180769 -91.4599 0.0179744 0.00404303 0.99983 1.38032
-0.392026 0.919954 0.000444882 -28.7097 -0.91986 -0.391993 0.014114 -92.302 0.0131587 0.00512384 0.9999 1.4015
-0.38169 0.924284 0.0034933 -29.0582 -0.924168 -0.381699 0.0148028 -93.1215 0.0150154 0.0024217 0.999884 1.42374
-0.374674 0.927095 0.0106624 -29.3911 -0.926905 -0.374816 0.0189979 -93.9983 0.0216093 -0.002765 0.999763 1.45702
-0.369503 0.929011 0.020153 -29.7054 -0.928757 -0.36992 0.0238734 -94.8193 0.0296336 -0.00989595 0.999512 1.48028
-0.36602 0.930303 0.0237729 -30.0307 -0.930014 -0.36658 0.0263235 -95.6732 0.0332035 -0.0124742 0.999371 1.52177
-0.362316 0.931745 0.0240405 -30.3609 -0.93145 -0.36289 0.0266984 -96.5086 0.0336001 -0.0127192 0.999354 1.57015
-0.357645 0.933519 0.0251561 -30.6788 -0.933258 -0.358251 0.0261808 -97.3688 0.0334524 -0.0141137 0.999341 1.61618
-0.351607 0.935786 0.0260018 -30.9921 -0.935652 -0.352189 0.022749 -98.2088 0.0304458 -0.0163299 0.999403 1.66264
-0.346287 0.937815 0.0242666 -31.3035 -0.937777 -0.34675 0.0184166 -99.0461 0.0256858 -0.0163792 0.999536 1.69857
-0.340879 0.939789 0.0244483 -31.6107 -0.939815 -0.341306 0.0160673 -99.9033 0.0234442 -0.0174998 0.999572 1.73207
-0.334967 0.941779 0.029159 -31.9129 -0.94194 -0.335471 0.0144313 -100.765 0.0233731 -0.022632 0.999471 1.76937
-0.328714 0.943562 0.0404662 -32.1799 -0.944051 -0.329494 0.0142178 -101.599 0.0267488 -0.0335286 0.99908 1.78851
-0.321762 0.946098 0.0369754 -32.4577 -0.946356 -0.322582 0.0187401 -102.445 0.0296576 -0.028962 0.99914 1.8387
-0.314652 0.948509 0.0364055 -32.7432 -0.948638 -0.31556 0.0225258 -103.295 0.0328541 -0.0274478 0.999083 1.876
-0.307894 0.950723 0.0364407 -33.0148 -0.950897 -0.308769 0.0213501 -104.166 0.0315498 -0.0280778 0.999108 1.90753
-0.301596 0.952767 0.0356921 -33.2699 -0.953079 -0.302297 0.0160629 -105.015 0.0260939 -0.0291728 0.999234 1.9466
-0.294159 0.955192 0.0328336 -33.5286 -0.955479 -0.294728 0.0139894 -105.876 0.0230395 -0.0272567 0.999363 1.96374
-0.287402 0.957164 0.0351736 -33.7809 -0.957435 -0.288123 0.0174053 -106.712 0.026794 -0.0286742 0.99923 2.00739
-0.281302 0.95889 0.037407 -34.0226 -0.959169 -0.28215 0.0196477 -107.602 0.0293943 -0.0303527 0.999107 2.04166
-0.274349 0.960848 0.0387821 -34.276 -0.961135 -0.275279 0.0210086 -108.431 0.030862 -0.0315111 0.999027 2.07746
-0.267376 0.962879 0.0370758 -34.5079 -0.963143 -0.268228 0.0202448 -109.312 0.0294381 -0.0302963 0.999107 2.11204
-0.259475 0.965083 0.0358972 -34.7385 -0.965337 -0.260272 0.019595 -110.172 0.0282538 -0.0295684 0.999163 2.14689
-0.251983 0.967244 0.0307118 -34.9653 -0.967326 -0.25267 0.0209394 -111.019 0.0280134 -0.0244319 0.999309 2.19763
-0.244652 0.969264 0.0259232 -35.1957 -0.969192 -0.245244 0.022847 -111.926 0.0285023 -0.019535 0.999403 2.22599
-0.238161 0.970733 0.0309157 -35.3994 -0.970786 -0.23889 0.0224823 -112.784 0.0292098 -0.0246581 0.999269 2.2489
-0.232471 0.971945 0.0357809 -35.5862 -0.972193 -0.233284 0.0204694 -113.618 0.0282423 -0.0300274 0.99915 2.30141
-0.227729 0.973181 0.0325371 -35.7962 -0.973327 -0.228463 0.0209382 -114.497 0.0278102 -0.026901 0.999251 2.32117
-0.223198 0.974169 0.0343062 -35.9883 -0.974418 -0.223929 0.01913 -115.365 0.026318 -0.0291588 0.999228 2.37602
-0.218808 0.975165 0.0343033 -36.1752 -0.975367 -0.21959 0.020952 -116.248 0.0279644 -0.0288739 0.999192 2.40107
-0.213038 0.976582 0.0300367 -36.3788 -0.976708 -0.21367 0.0196601 -117.095 0.0256177 -0.0251488 0.999355 2.43473
-0.208131 0.977903 0.0196562 -36.5546 -0.977837 -0.2085 0.0190425 -117.943 0.02272 -0.0152572 0.999625 2.48539
-0.203234 0.97898 0.0171794 -36.7465 -0.978907 -0.203531 0.0177713 -118.825 0.0208943 -0.0132053 0.999694 2.50748
-0.198855 0.979854 0.0185208 -36.9213 -0.979771 -0.199201 0.019177 -119.69 0.02248 -0.0143327 0.999645 2.53297
-0.195078 0.980587 0.0198275 -37.0898 -0.980464 -0.195493 0.0217472 -120.572 0.0252011 -0.0151978 0.999567 2.5684
-0.192862 0.981014 0.0203928 -37.2666 -0.980913 -0.193283 0.021221 -121.456 0.0247597 -0.0159108 0.999567 2.59551
-0.191879 0.981198 0.0208153 -37.4103 -0.981116 -0.192303 0.0207528 -122.323 0.0243655 -0.0164402 0.999568 2.62504
-0.191554 0.981226 0.022439 -37.5963 -0.981287 -0.191921 0.0155521 -123.186 0.0195667 -0.01904 0.999627 2.64834
-0.190509 0.981497 0.0192042 -37.7458 -0.981591 -0.190726 0.0101398 -124.058 0.0136149 -0.0169189 0.999764 2.68121
-0.189453 0.981727 0.0178566 -37.9177 -0.981829 -0.189613 0.00772903 -124.941 0.0109736 -0.0160678 0.999811 2.71242
-0.188802 0.98184 0.0185482 -38.0572 -0.981889 -0.189047 0.0124661 -125.764 0.0157462 -0.0158586 0.99975 2.73299
-0.188913 0.981642 0.026269 -38.2209 -0.981785 -0.189356 0.0155462 -126.588 0.020235 -0.0228537 0.999534 2.77694
-0.188866 0.981752 0.0222 -38.3786 -0.981795 -0.189243 0.0162887 -127.429 0.0201927 -0.0187195 0.999621 2.77868
-0.188745 0.98172 0.0245066 -38.5305 -0.981818 -0.18916 0.0158945 -128.293 0.0202396 -0.0210611 0.999573 2.82319
-0.187684 0.982039 0.0193207 -38.7174 -0.982047 -0.187992 0.0155799 -129.138 0.0189322 -0.0160497 0.999692 2.84634
-0.186608 0.982139 0.0241039 -38.8828 -0.982192 -0.187051 0.0176054 -129.996 0.0217996 -0.0203893 0.999554 2.8869
-0.186176 0.981964 0.032934 -39.014 -0.982215 -0.186844 0.0184985 -130.825 0.0243184 -0.0289043 0.999286 2.89731
-0.18669 0.981956 0.0301514 -39.1454 -0.982048 -0.187375 0.0217534 -131.624 0.0270105 -0.025549 0.999309 2.9267
-0.186236 0.98192 0.0338957 -39.2998 -0.982031 -0.187107 0.024618 -132.484 0.030515 -0.0287019 0.999122 2.9668
-0.185462 0.982155 0.0312453 -39.4556 -0.98216 -0.186281 0.0257114 -133.326 0.031073 -0.0259194 0.999181 3.01735
-0.184193 0.982405 0.030886 -39.6078 -0.98235 -0.185043 0.0273365 -134.143 0.0325707 -0.0253057 0.999149 3.0618
-0.182591 0.982789 0.0280445 -39.7571 -0.982707 -0.18332 0.0260835 -134.955 0.0307757 -0.0227969 0.999266 3.07989
-0.17928 0.983549 0.0221415 -39.909 -0.983459 -0.179764 0.0222244 -135.748 0.025839 -0.0177909 0.999508 3.10707
-0.177354 0.984007 0.0166019 -40.0876 -0.983947 -0.177633 0.017169 -136.595 0.0198434 -0.0132904 0.999715 3.13481
-0.173557 0.984768 0.0104704 -40.2327 -0.984647 -0.173718 0.0170979 -137.413 0.0186563 -0.00734222 0.999799 3.16102
-0.168561 0.985536 0.0174834 -40.3587 -0.985387 -0.168923 0.0218588 -138.173 0.024496 -0.0135434 0.999608 3.20844
-0.162162 0.986671 0.0135771 -40.4871 -0.986395 -0.162463 0.0251295 -138.982 0.0270003 -0.00931735 0.999592 3.24442
-0.154138 0.987926 0.0156283 -40.6056 -0.987636 -0.154512 0.0264961 -139.75 0.0285909 -0.011351 0.999527 3.26559
-0.144605 0.989452 0.00863498 -40.7297 -0.989215 -0.144765 0.0222711 -140.557 0.0232862 -0.00532136 0.999715 3.28508
-0.13296 0.991121 0.00086307 -40.8571 -0.990905 -0.132949 0.0207746 -141.358 0.0207049 0.00190697 0.999784 3.32395
-0.119093 0.992883 0.000639673 -40.952 -0.992607 -0.119075 0.0235178 -142.178 0.0234266 0.00216586 0.999723 3.3669
-0.104296 0.994542 0.00286653 -41.0199 -0.994217 -0.104335 0.0254322 -142.976 0.0255925 -0.000197483 0.999672 3.41098
-0.090691 0.995873 -0.00357583 -41.091 -0.995557 -0.0905698 0.025754 -143.742 0.0253239 0.00589561 0.999662 3.41556
-0.077744 0.996962 -0.00483974 -41.1433 -0.996629 -0.0775887 0.0266583 -144.507 0.0262018 0.00689595 0.999633 3.45257
-0.0634508 0.997985 -8.65418e-06 -41.2002 -0.997502 -0.0634198 0.0311093 -145.294 0.0310461 0.00198255 0.999516 3.47487
-0.0510238 0.998681 0.00580113 -41.2257 -0.997853 -0.0512186 0.0408269 -146.044 0.0410702 -0.00370553 0.999149 3.51512
-0.0371988 0.99916 0.0171687 -41.2383 -0.998095 -0.0379943 0.0486021 -146.806 0.0492136 -0.015328 0.998671 3.55405
-0.0230933 0.999617 0.0152566 -41.261 -0.998427 -0.0238404 0.0507451 -147.624 0.0510894 -0.0140607 0.998595 3.59602
-0.0115335 0.999878 0.0105676 -41.2555 -0.998829 -0.0120168 0.0468717 -148.397 0.046993 -0.0100146 0.998845 3.63247
-0.000751928 0.999911 0.013354 -41.2332 -0.999031 -0.00133885 0.0439969 -149.118 0.0440108 -0.0133079 0.998942 3.66974
0.00851756 0.999831 0.0163139 -41.2215 -0.998753 0.00770337 0.0493361 -149.861 0.049202 -0.0167138 0.998649 3.73242
0.0159354 0.999582 0.0241422 -41.2118 -0.998172 0.0144958 0.0586762 -150.618 0.0583017 -0.0250331 0.997985 3.77878
0.0196213 0.999409 0.0282278 -41.1951 -0.997908 0.0178369 0.0621346 -151.404 0.0615944 -0.0293879 0.997669 3.82845
0.0193936 0.999401 0.028656 -41.164 -0.998184 0.0177191 0.0575758 -152.165 0.0570336 -0.0297205 0.99793 3.87059
0.0171676 0.999477 0.027388 -41.1537 -0.998542 0.0157365 0.0516389 -152.911 0.0511809 -0.0282346 0.99829 3.9318
0.0146447 0.999711 0.0190743 -41.1403 -0.998654 0.0136747 0.0500245 -153.645 0.0497492 -0.0197812 0.998566 3.97118
0.0117398 0.99979 0.0167865 -41.1278 -0.998676 0.0108826 0.0502775 -154.403 0.0500843 -0.0173545 0.998594 4.01717
0.00809172 0.999772 0.0197649 -41.1009 -0.998714 0.00709087 0.0501934 -155.162 0.0500418 -0.0201456 0.998544 4.06443
0.00319779 0.999868 0.0159179 -41.1019 -0.998824 0.0024234 0.0484328 -155.902 0.0483878 -0.016054 0.9987 4.10067
-0.0023751 0.999775 0.0210876 -41.1093 -0.998801 -0.00340303 0.0488443 -156.643 0.0489051 -0.0209463 0.998584 4.14733
-0.0083977 0.999621 0.0262044 -41.11 -0.99884 -0.00962778 0.0471743 -157.366 0.0474088 -0.0257778 0.998543 4.2039
-0.0138653 0.999686 0.0208698 -41.1224 -0.998904 -0.0147816 0.0444112 -158.105 0.0447057 -0.0202312 0.998795 4.22469
-0.0199717 0.999543 0.0227115 -41.1313 -0.998793 -0.0209659 0.0444173 -158.819 0.0448731 -0.021797 0.998755 4.27116
-0.0250599 0.999441 0.022148 -41.1463 -0.998617 -0.026051 0.0456557 -159.564 0.0462071 -0.0209733 0.998712 4.32014
-0.0291547 0.999212 0.0269221 -41.1837 -0.998394 -0.0304184 0.0477894 -160.304 0.0485706 -0.0254856 0.998495 4.37102
-0.0322514 0.999109 0.0272215 -41.1917 -0.998179 -0.0335868 0.050115 -161.011 0.0509846 -0.0255556 0.998372 4.41989
-0.0336389 0.999079 0.0266354 -41.2208 -0.998074 -0.034971 0.0512328 -161.716 0.0521171 -0.0248607 0.998331 4.46482
-0.0333428 0.999236 0.0204083 -41.2485 -0.998158 -0.0343285 0.0500256 -162.452 0.050688 -0.0187027 0.998539 4.49588
-0.0296258 0.999424 0.0165234 -41.2694 -0.998437 -0.0303723 0.0469243 -163.153 0.0473991 -0.0151074 0.998762 4.54542
-0.0221879 0.999638 0.0152283 -41.2797 -0.998675 -0.0228687 0.046096 -163.857 0.0464275 -0.0141853 0.998821 4.60124
-0.0111417 0.999858 0.0126694 -41.2821 -0.998807 -0.0117307 0.0474057 -164.564 0.0475475 -0.0121261 0.998795 4.64926
0.00300664 0.999958 0.008635 -41.2609 -0.998869 0.00259348 0.0474667 -165.245 0.0474423 -0.00876796 0.998835 4.68337
0.0188218 0.999703 0.0155088 -41.2508 -0.99878 0.0180916 0.0459494 -165.942 0.0456551 -0.0163547 0.998823 4.72234
0.0354329 0.999323 0.0099473 -41.2547 -0.998544 0.0349967 0.0410434 -166.635 0.0406675 -0.0113871 0.999108 4.75654
0.0514924 0.998625 0.00979074 -41.2054 -0.998092 0.0511255 0.0346165 -167.317 0.0340683 -0.0115545 0.999353 4.77958
0.0679133 0.997587 0.0143965 -41.1484 -0.997326 0.0674907 0.0280505 -168.02 0.0270112 -0.016263 0.999503 4.81676
0.0857426 0.996276 0.00902065 -41.0995 -0.996117 0.0855401 0.0208506 -168.686 0.0200013 -0.0107734 0.999742 4.84857
0.103088 0.994615 0.0106358 -40.9901 -0.994586 0.102933 0.0142814 -169.324 0.0131097 -0.0120504 0.999841 4.88491
0.121451 0.992552 0.00951179 -40.9115 -0.992539 0.121335 0.0120003 -169.993 0.0107568 -0.0108983 0.999883 4.91455
0.138955 0.990255 0.00933156 -40.8218 -0.990247 0.138846 0.0115453 -170.64 0.0101371 -0.0108448 0.99989 4.91853
0.156646 0.987627 0.00746258 -40.7169 -0.987603 0.156556 0.0114375 -171.284 0.0101276 -0.0091617 0.999907 4.9409
0.172782 0.984863 0.0138411 -40.6065 -0.984923 0.172636 0.011104 -171.925 0.00854644 -0.015551 0.999843 4.94925
0.187525 0.982202 0.0106486 -40.4623 -0.982241 0.187443 0.00823713 -172.578 0.00609453 -0.0120041 0.999909 4.97582
0.200001 0.979792 -0.0027316 -40.3379 -0.979785 0.200011 0.00406386 -173.18 0.00452809 0.0018636 0.999988 5.00171
0.211165 0.977444 -0.00361638 -40.1982 -0.977444 0.211175 0.0028337 -173.809 0.00353347 0.00293643 0.999989 5.03744
0.220171 0.975415 0.00949583 -40.0516 -0.975452 0.220117 0.00646786 -174.415 0.00421865 -0.0106868 0.999934 5.06161
0.229224 0.973285 0.0131674 -39.891 -0.973319 0.229046 0.0137001 -174.976 0.0103182 -0.0159564 0.999819 5.07617
0.238471 0.971113 0.00839616 -39.7511 -0.970929 0.238223 0.0233933 -175.557 0.0207173 -0.0137307 0.999691 5.08676
0.24699 0.968999 0.00614299 -39.6007 -0.968609 0.246697 0.030606 -176.137 0.0281417 -0.0135095 0.999513 5.09029
0.253456 0.967341 0.00351911 -39.436 -0.966965 0.253252 0.0290298 -176.759 0.0271905 -0.0107606 0.999572 5.09598
0.259126 0.965825 0.00595317 -39.2562 -0.965644 0.258943 0.0219122 -177.4 0.0196218 -0.0114267 0.999742 5.12254
0.263705 0.964545 0.0106029 -39.0903 -0.964571 0.263591 0.0110881 -178.027 0.00790015 -0.0131513 0.999882 5.15332
0.265196 0.964132 0.0109391 -38.9122 -0.964194 0.265193 0.0017766 -178.615 -0.00118809 -0.0110186 0.999939 5.17266
0.266221 0.963867 0.00934641 -38.7412 -0.96391 0.266225 0.000837395 -179.206 -0.00168111 -0.00923203 0.999956 5.20265
0.267816 0.96345 0.00629325 -38.5821 -0.963469 0.267801 0.00317065 -179.803 0.00136942 -0.0069125 0.999975 5.17608
0.269149 0.963096 0.00222848 -38.4003 -0.963095 0.269142 0.00313994 -180.432 0.00242429 -0.00299135 0.999993 5.18481
0.270959 0.962581 0.00439417 -38.2331 -0.962591 0.270955 0.00141509 -181.032 0.000171514 -0.00461322 0.999989 5.17398
0.273442 0.961875 0.00501296 -38.0474 -0.961879 0.273459 -0.00297885 -181.638 -0.00423612 -0.00400732 0.999983 5.20416
0.277266 0.960766 0.00727503 -37.8709 -0.960737 0.277324 -0.008728 -182.253 -0.0104031 -0.00456941 0.999935 5.20584
0.281065 0.959672 0.00572532 -37.6737 -0.959611 0.281113 -0.0110081 -182.889 -0.0121736 -0.0024001 0.999923 5.22501
0.287328 0.957812 0.00628596 -37.4886 -0.957731 0.287387 -0.0126792 -183.522 -0.0139508 -0.00237716 0.9999 5.20587
0.295387 0.955365 0.00503192 -37.2938 -0.955238 0.295429 -0.0155449 -184.141 -0.0163376 -0.00021494 0.999867 5.21946
0.304943 0.952356 0.00524166 -37.0855 -0.952198 0.304988 -0.0173358 -184.769 -0.0181085 0.000295335 0.999836 5.22014
0.315958 0.948764 0.00420647 -36.8845 -0.948632 0.315985 -0.0158584 -185.357 -0.016375 0.00102018 0.999865 5.22126
0.327567 0.944818 0.00436655 -36.6716 -0.944742 0.327596 -0.0120042 -185.961 -0.0127723 -0.00019307 0.999918 5.21687
0.339148 0.940724 0.00402283 -36.4304 -0.940685 0.339171 -0.00860319 -186.599 -0.00945766 -0.000866459 0.999955 5.21196
0.350872 0.936417 0.00357633 -36.2013 -0.936386 0.35089 -0.00764108 -187.215 -0.00841013 -0.000667776 0.999964 5.20396
0.362027 0.932155 0.00480043 -35.9525 -0.932094 0.362059 -0.0106499 -187.836 -0.0116654 -0.000618911 0.999932 5.21092
0.373462 0.927623 0.00653827 -35.6987 -0.927535 0.373517 -0.0128098 -188.461 -0.0143248 -0.0012805 0.999897 5.19769
0.384731 0.922987 0.00874013 -35.403 -0.922909 0.384817 -0.0124482 -189.108 -0.0148529 -0.00327714 0.999884 5.19741
0.393892 0.919074 0.0122988 -35.1436 -0.918986 0.394041 -0.0139725 -189.72 -0.017688 -0.00579876 0.999827 5.19278
0.400923 0.91592 0.0187301 -34.8447 -0.915909 0.401181 -0.0128391 -190.341 -0.0192737 -0.0120076 0.999742 5.18887
0.405944 0.913698 0.0191189 -34.5692 -0.913648 0.406233 -0.0148889 -190.975 -0.0213707 -0.0114239 0.999706 5.17772
0.407951 0.912848 0.0168601 -34.2704 -0.91267 0.408232 -0.0194978 -191.626 -0.0246814 -0.00743354 0.999668 5.19295
0.408589 0.912625 0.013059 -33.9895 -0.912453 0.408773 -0.0182583 -192.296 -0.0220011 -0.00445562 0.999748 5.15791
0.407382 0.913183 0.0116672 -33.681 -0.913011 0.407535 -0.0180357 -192.948 -0.0212247 -0.00330489 0.999769 5.16172
0.406115 0.913795 0.00696582 -33.3993 -0.913631 0.406174 -0.0173632 -193.62 -0.0186958 0.000687279 0.999825 5.16024
0.406577 0.913601 0.00538702 -33.1029 -0.913423 0.406605 -0.0181659 -194.279 -0.0187868 0.00246521 0.99982 5.13579
0.40551 0.914082 0.00403892 -32.7873 -0.913792 0.405486 -0.0237822 -194.983 -0.0233766 0.0059532 0.999709 5.1257
0.40447 0.91454 0.00448326 -32.5049 -0.914155 0.404435 -0.0274452 -195.649 -0.026913 0.00700239 0.999613 5.12224
0.403068 0.915159 0.0044848 -32.1968 -0.914709 0.403016 -0.0297508 -196.35 -0.0290341 0.00788932 0.999547 5.12433
0.400998 0.916062 0.00556322 -31.8827 -0.915606 0.400979 -0.0297065 -197.021 -0.0294438 0.00681855 0.999543 5.10428
0.399649 0.916638 0.00745322 -31.575 -0.916158 0.399684 -0.0301346 -197.713 -0.0306015 0.00521492 0.999518 5.08655
0.397742 0.917467 0.00743726 -31.2702 -0.91701 0.397782 -0.0293659 -198.41 -0.0299007 0.00486003 0.999541 5.08027
0.396313 0.918096 0.00600181 -30.9783 -0.917729 0.396327 -0.0264344 -199.08 -0.026648 0.00496826 0.999633 5.06657
0.395935 0.918261 0.00569935 -30.6899 -0.918048 0.395967 -0.0199494 -199.771 -0.0205755 0.00266639 0.999785 5.05183
0.394739 0.918776 0.00558668 -30.3801 -0.91863 0.394777 -0.0164621 -200.432 -0.0173305 0.00136616 0.999849 5.04652
0.393476 0.919309 0.00690703 -30.0723 -0.919112 0.393535 -0.0190522 -201.146 -0.020233 0.00114823 0.999795 5.04187
0.392264 0.919786 0.0110958 -29.7825 -0.919519 0.392418 -0.0221837 -201.833 -0.0247584 -0.00150088 0.999692 5.0349
0.388895 0.921181 0.0136323 -29.488 -0.920928 0.389113 -0.0219824 -202.531 -0.0255543 -0.00400552 0.999665 5.04165
0.384654 0.922891 0.0177197 -29.1905 -0.922673 0.384978 -0.0215999 -203.226 -0.026756 -0.00804099 0.99961 5.02351
0.377822 0.925694 0.0184453 -28.9188 -0.925455 0.378177 -0.0227036 -203.906 -0.0279922 -0.00849235 0.999572 5.01261
0.369512 0.929074 0.0168058 -28.6453 -0.9288 0.36983 -0.0235833 -204.584 -0.0281259 -0.00689489 0.999581 4.99495
0.359239 0.933152 0.013201 -28.3828 -0.932885 0.359457 -0.0227167 -205.281 -0.0259434 -0.00415429 0.999655 4.99611
0.348731 0.937121 0.0137829 -28.1216 -0.936947 0.348948 -0.0191377 -205.971 -0.0227439 -0.00623996 0.999722 4.99806
0.337529 0.941202 0.0146177 -27.8516 -0.941017 0.337772 -0.0199263 -206.657 -0.0236922 -0.00702977 0.999695 4.97836
0.326296 0.945189 0.012182 -27.6149 -0.944796 0.326514 -0.0273858 -207.386 -0.0298624 -0.00257363 0.999551 4.96281
0.317563 0.94816 0.0120947 -27.409 -0.947502 0.317794 -0.0353103 -208.076 -0.0373235 -0.000246459 0.999303 4.95531
0.310973 0.950316 0.0139615 -27.1851 -0.949456 0.311286 -0.0404273 -208.802 -0.0427647 -0.000684021 0.999085 4.9479
0.306238 0.951786 0.017922 -26.9266 -0.950855 0.306734 -0.0422838 -209.481 -0.0457424 -0.00409232 0.998945 4.9291
0.3033 0.95271 0.0188046 -26.7015 -0.95173 0.303846 -0.0434429 -210.197 -0.0471021 -0.00472072 0.998879 4.89794
0.301754 0.953215 0.0180453 -26.4787 -0.952185 0.30227 -0.0444585 -210.933 -0.0478331 -0.00376691 0.998848 4.86329
0.300893 0.953479 0.0185015 -26.2456 -0.952497 0.301427 -0.0434916 -211.636 -0.0470452 -0.00453636 0.998882 4.86006
0.300707 0.953523 0.0192026 -26.0076 -0.952614 0.301267 -0.0420142 -212.333 -0.0458466 -0.00565873 0.998932 4.81767
0.301207 0.953326 0.0210886 -25.7936 -0.952425 0.301853 -0.0420755 -213.062 -0.0464773 -0.00741184 0.998892 4.79669
0.30237 0.952949 0.0214654 -25.5422 -0.951994 0.303042 -0.0432864 -213.781 -0.0477547 -0.00734645 0.998832 4.77595
0.303806 0.952511 0.0206109 -25.3076 -0.951484 0.304444 -0.0446355 -214.501 -0.0487906 -0.0060504 0.998791 4.74605
0.305796 0.951941 0.0172465 -25.0792 -0.950811 0.306274 -0.0464137 -215.225 -0.0494653 -0.00220507 0.998773 4.72849
0.30883 0.95097 0.0167257 -24.8307 -0.949776 0.309281 -0.0476603 -215.984 -0.0504965 -0.00116676 0.998724 4.6939
0.312922 0.949539 0.0213489 -24.5881 -0.948302 0.313609 -0.048711 -216.725 -0.0529482 -0.00500252 0.998585 4.67571
0.317705 0.947925 0.0223837 -24.3433 -0.946468 0.318461 -0.0527262 -217.445 -0.0571089 -0.00443414 0.998358 4.63337
0.323057 0.946079 0.0238636 -24.0726 -0.944384 0.32391 -0.0567598 -218.175 -0.0614289 -0.00419977 0.998103 4.59851
0.326875 0.944657 0.027863 -23.7965 -0.943025 0.327964 -0.0560655 -218.943 -0.0621007 -0.00794904 0.998038 4.5698
0.330871 0.943275 0.0274919 -23.5468 -0.941784 0.331911 -0.0536437 -219.674 -0.0597257 -0.00814233 0.998182 4.53684
0.335405 0.941403 0.0355525 -23.2685 -0.940433 0.336808 -0.0463269 -220.384 -0.0555866 -0.0178965 0.998293 4.49756
0.340157 0.939609 0.0377877 -22.9743 -0.938837 0.341621 -0.0433633 -221.131 -0.0536536 -0.0207261 0.998344 4.46511
0.344464 0.93805 0.0374991 -22.7051 -0.937224 0.345925 -0.0441329 -221.868 -0.0543708 -0.0199428 0.998322 4.42797
0.348492 0.936584 0.036932 -22.4246 -0.935816 0.349891 -0.0427277 -222.62 -0.0529403 -0.0196713 0.998404 4.40878
0.352191 0.935018 0.0412558 -22.1546 -0.934568 0.353714 -0.0383433 -223.339 -0.0504444 -0.0250521 0.998413 4.38058
0.356753 0.9332 0.0431795 -21.8514 -0.932869 0.35833 -0.0368174 -224.071 -0.0498305 -0.0271461 0.998389 4.34914
0.361368 0.93157 0.0398785 -21.5629 -0.931024 0.362838 -0.0392841 -224.819 -0.0510653 -0.0229318 0.998432 4.32099
0.365711 0.930017 0.036401 -21.2898 -0.929336 0.367023 -0.0403638 -225.561 -0.050899 -0.0190673 0.998522 4.29637
0.370331 0.928318 0.0328731 -20.9762 -0.927583 0.371458 -0.040099 -226.275 -0.0494356 -0.0156426 0.998655 4.26269
0.374552 0.926496 0.0362891 -20.6712 -0.925975 0.375784 -0.0368386 -227.019 -0.0477677 -0.0198048 0.998662 4.24865
0.378313 0.924862 0.0388445 -20.3589 -0.924327 0.379694 -0.038096 -227.777 -0.0499826 -0.0214929 0.998519 4.20388
0.383115 0.922879 0.0389382 -20.0502 -0.922299 0.384515 -0.0388945 -228.503 -0.0508673 -0.0210116 0.998484 4.17184
0.387494 0.921106 0.0375835 -19.7381 -0.920616 0.388772 -0.0363694 -229.246 -0.0481115 -0.0205071 0.998631 4.1468
0.39217 0.919168 0.0365244 -19.4323 -0.91897 0.393246 -0.0292023 -229.951 -0.0412049 -0.0221125 0.998906 4.13245
0.394694 0.917906 0.0407999 -19.1162 -0.918088 0.395757 -0.0221642 -230.635 -0.0364915 -0.0287098 0.998921 4.1179
0.39759 0.916195 0.0500878 -18.7821 -0.916701 0.39899 -0.0215856 -231.399 -0.0397612 -0.0373333 0.998512 4.0783
0.400098 0.915242 0.04748 -18.466 -0.91511 0.40179 -0.0337295 -232.135 -0.0499476 -0.0299544 0.998303 4.04249
0.401527 0.914622 0.0473609 -18.1241 -0.913737 0.403575 -0.047036 -232.87 -0.0621338 -0.0243892 0.99777 4.01372
0.402412 0.914031 0.0510981 -17.8009 -0.912684 0.404909 -0.0552777 -233.605 -0.0712157 -0.024392 0.997163 3.98565
0.404648 0.91313 0.0495398 -17.4875 -0.91146 0.407117 -0.0591339 -234.313 -0.0741654 -0.0212251 0.99702 3.94987
0.40751 0.911661 0.0530123 -17.1575 -0.910538 0.410066 -0.0525918 -235.059 -0.0696845 -0.026838 0.997208 3.90566
0.412164 0.90974 0.0499429 -16.8336 -0.90891 0.414357 -0.0468003 -235.759 -0.0632703 -0.0261042 0.997655 3.867
0.416609 0.907818 0.0479849 -16.508 -0.907213 0.418558 -0.0421207 -236.463 -0.0583224 -0.0259846 0.99796 3.82579
0.420855 0.905927 0.0466676 -16.17 -0.905389 0.422676 -0.040199 -237.205 -0.0561426 -0.0253343 0.998101 3.78714
0.425083 0.903958 0.046522 -15.8081 -0.90356 0.426822 -0.0374366 -237.916 -0.0536977 -0.0261218 0.998216 3.75729
0.428749 0.902273 0.0455884 -15.4628 -0.901776 0.430468 -0.0386983 -238.661 -0.0545408 -0.0245187 0.99821 3.73171
0.432217 0.900699 0.0439347 -15.1243 -0.899837 0.433966 -0.0443396 -239.369 -0.0590028 -0.0203698 0.99805 3.68813
0.434753 0.899249 0.0483958 -14.7702 -0.898187 0.436876 -0.0489929 -240.102 -0.0651997 -0.0221687 0.997626 3.65055
0.437316 0.898251 0.0435891 -14.4047 -0.896528 0.43926 -0.0573471 -240.835 -0.070659 -0.014 0.997402 3.61519
0.439122 0.897297 0.0450467 -14.0643 -0.895237 0.441234 -0.06215 -241.544 -0.0756432 -0.0130361 0.99705 3.56025
0.440414 0.896799 0.042273 -13.7074 -0.894068 0.442385 -0.0702729 -242.291 -0.0817216 -0.00684579 0.996632 3.51089
0.442261 0.895867 0.0427399 -13.3299 -0.893029 0.444274 -0.071552 -242.992 -0.0830893 -0.00652328 0.996521 3.45783
0.443801 0.894883 0.047161 -12.9715 -0.892978 0.446037 -0.0603497 -243.687 -0.0750415 -0.0153305 0.997063 3.40087
0.445006 0.894299 0.0469024 -12.5804 -0.893429 0.446937 -0.0450752 -244.434 -0.0612731 -0.0218452 0.997882 3.37993
0.445819 0.893915 0.0464857 -12.2138 -0.893542 0.447516 -0.036224 -245.137 -0.0531843 -0.0253876 0.998262 3.33879
0.445463 0.894062 0.0470746 -11.8701 -0.893616 0.447234 -0.0378533 -245.862 -0.0548965 -0.0252044 0.998174 3.30455
0.445734 0.894001 0.04564 -11.4987 -0.893077 0.447596 -0.0455096 -246.587 -0.0611139 -0.0204749 0.997921 3.23648
0.447213 0.89332 0.0444989 -11.1409 -0.892246 0.449042 -0.047517 -247.314 -0.0624298 -0.0184537 0.997879 3.20922
0.448464 0.892801 0.0422744 -10.7594 -0.891695 0.450152 -0.0473632 -248.052 -0.0613158 -0.0164552 0.997983 3.17289
0.449749 0.892234 0.0405614 -10.3972 -0.891018 0.451349 -0.0486806 -248.76 -0.0617418 -0.0142469 0.99799 3.13921
