1 0 0 0 0 1 0 0 0 0 1 0
0.99898 0.0451467 -0.00100733 0.950444 -0.0451473 0.99898 -0.000593824 -0.04466 0.000979495 0.000638697 0.999999 0.0167959
0.995937 0.0898718 -0.00574593 2.00219 -0.0898953 0.995943 -0.00397037 -0.115787 0.00536579 0.00447077 0.999976 0.0225536
0.990744 0.135402 -0.00961962 2.96484 -0.135447 0.990776 -0.00419082 -0.232783 0.00896344 0.00545498 0.999945 0.0710102
0.983271 0.181726 -0.012434 4.01467 -0.181767 0.983339 -0.00219711 -0.383378 0.0118276 0.00442044 0.99992 0.0577106
0.973736 0.227335 -0.0125303 4.94411 -0.227403 0.973791 -0.00426081 -0.620438 0.0112333 0.00699834 0.999912 0.091107
0.961998 0.272705 -0.0138435 5.9063 -0.272796 0.962058 -0.00509327 -0.85805 0.0119293 0.00867618 0.999891 0.102847
0.948278 0.316945 -0.0177378 6.90751 -0.317117 0.948354 -0.00784318 -1.15107 0.0143359 0.0130625 0.999812 0.117918
0.933094 0.359069 -0.0201327 7.77178 -0.359308 0.933168 -0.009722 -1.49727 0.0152964 0.0163054 0.99975 0.201615
0.915594 0.401538 -0.0213341 8.68248 -0.401798 0.915678 -0.00955386 -1.88041 0.015699 0.0173195 0.999727 0.179636
0.895673 0.444207 -0.0212303 9.60572 -0.444477 0.895733 -0.0101442 -2.31778 0.0145105 0.0185223 0.999723 0.213576
0.873828 0.485792 -0.0207601 10.4591 -0.486055 0.87387 -0.0100599 -2.76672 0.0132546 0.0188812 0.999734 0.252798
0.849462 0.527242 -0.0207398 11.3263 -0.527508 0.849489 -0.0101603 -3.27693 0.0122613 0.0195712 0.999733 0.262502
0.823882 0.566361 -0.0213049 12.114 -0.566642 0.823899 -0.0104032 -3.79244 0.0116611 0.0206432 0.999719 0.28485
0.796323 0.604446 -0.0226932 12.8964 -0.604773 0.79631 -0.0118335 -4.38179 0.0109181 0.0231476 0.999672 0.328913
0.766735 0.641508 -0.0241815 13.7011 -0.641867 0.766729 -0.0115486 -5.01358 0.0111321 0.024376 0.999641 0.318705
0.736686 0.675699 -0.0269322 14.3876 -0.676159 0.736616 -0.0143351 -5.64358 0.0101524 0.0287709 0.999534 0.363903
0.70457 0.709119 -0.0270367 15.0591 -0.709573 0.704499 -0.0136785 -6.31878 0.0093476 0.028822 0.999541 0.382804
0.66959 0.742177 -0.0286789 15.7477 -0.742669 0.669533 -0.0129503 -7.03509 0.00959007 0.0299704 0.999505 0.369836
0.634269 0.772422 -0.0326515 16.3556 -0.773048 0.634194 -0.0139429 -7.76192 0.00993752 0.0340847 0.99937 0.420954
0.59713 0.801449 -0.0334044 16.955 -0.802086 0.597072 -0.0127575 -8.53749 0.00972042 0.0344111 0.99936 0.430278
0.559677 0.827917 -0.0362583 17.4653 -0.828648 0.559638 -0.0121717 -9.3034 0.0102144 0.0368576 0.999268 0.461437
0.520664 0.852761 -0.0413367 17.9567 -0.853672 0.520702 -0.0106812 -10.1047 0.0124156 0.0408493 0.999088 0.489261
0.481004 0.875638 -0.0435049 18.4598 -0.876632 0.481061 -0.00985702 -10.96 0.0122973 0.0428791 0.999005 0.48623
0.442713 0.895421 -0.0471874 18.8812 -0.896603 0.442679 -0.0117293 -11.8029 0.0103862 0.0475011 0.998817 0.505479
0.405361 0.912743 -0.050824 19.2802 -0.914112 0.405263 -0.0126801 -12.687 0.00902336 0.0515988 0.998627 0.538099
0.369404 0.927811 -0.0520293 19.6508 -0.929224 0.369356 -0.0108821 -13.6219 0.00912082 0.0523668 0.998586 0.556099
0.336128 0.940366 -0.0522429 19.9837 -0.941791 0.336005 -0.0113867 -14.4937 0.0068462 0.0530293 0.998569 0.564555
0.302526 0.951632 -0.0536216 20.3039 -0.953134 0.302268 -0.0130566 -15.4393 0.00378305 0.0550585 0.998476 0.566352
0.269915 0.961348 -0.0543578 20.576 -0.962882 0.2696 -0.013201 -16.396 0.00196409 0.0559033 0.998434 0.586466
0.237016 0.970122 -0.0518303 20.8331 -0.971504 0.236769 -0.0109531 -17.3605 0.00164593 0.0529494 0.998596 0.606899
0.205425 0.977304 -0.0517368 21.0511 -0.978672 0.205221 -0.00929055 -18.3509 0.00153775 0.0525418 0.998618 0.595346
0.174864 0.983157 -0.0531496 21.2216 -0.984593 0.174627 -0.00910383 -19.3357 0.000330857 0.0539227 0.998545 0.601813
0.144116 0.988066 -0.0543629 21.3884 -0.989559 0.143803 -0.00965111 -20.3561 -0.00171839 0.0551862 0.998475 0.608907
0.113351 0.992118 -0.0534245 21.5194 -0.993547 0.112971 -0.0100962 -21.4134 -0.00398116 0.0542242 0.998521 0.611594
0.0841618 0.994998 -0.0538213 21.6288 -0.996435 0.0837252 -0.010321 -22.4653 -0.00576319 0.0544981 0.998497 0.603614
0.0565392 0.99682 -0.0561522 21.6921 -0.998375 0.0560465 -0.0103109 -23.5294 -0.00713098 0.0566439 0.998369 0.596766
0.0313671 0.997674 -0.0605237 21.7272 -0.999473 0.0308052 -0.0101947 -24.6117 -0.00830658 0.0608117 0.998115 0.601285
0.00836436 0.99785 -0.0650063 21.754 -0.999923 0.00775229 -0.00966205 -25.6855 -0.00913733 0.0650821 0.997838 0.588754
-0.0122321 0.99743 -0.0705991 21.733 -0.999863 -0.0129855 -0.0102215 -26.8141 -0.011112 0.0704644 0.997452 0.596835
-0.0298885 0.996705 -0.0754026 21.731 -0.99947 -0.0307732 -0.0105991 -27.9256 -0.0128846 0.0750459 0.997097 0.585913
-0.0453044 0.995912 -0.0781415 21.6773 -0.998871 -0.0462798 -0.0107153 -29.042 -0.0142879 0.0775678 0.996885 0.57422
-0.0600644 0.994914 -0.0808543 21.6071 -0.998064 -0.0611685 -0.0112463 -30.1898 -0.0161348 0.0800223 0.996662 0.568756
-0.0731738 0.993995 -0.0813621 21.532 -0.997155 -0.0743979 -0.0121126 -31.3372 -0.018093 0.0802443 0.996611 0.548177
-0.0856739 0.992972 -0.081647 21.4341 -0.996142 -0.0869316 -0.0119686 -32.4759 -0.0189822 0.0803066 0.996589 0.537106
-0.0970252 0.991958 -0.0812751 21.338 -0.995127 -0.0981264 -0.0096561 -33.6258 -0.0175537 0.0799422 0.996645 0.516513
-0.107305 0.990889 -0.0813933 21.2082 -0.994112 -0.108175 -0.00634298 -34.8214 -0.0150899 0.0802334 0.996662 0.502577
-0.117276 0.989714 -0.0819288 21.0795 -0.993007 -0.117991 -0.00391558 -36.0267 -0.0135421 0.0808966 0.99663 0.487855
-0.124833 0.988783 -0.0820088 20.949 -0.992093 -0.125474 -0.0026839 -37.2484 -0.0129437 0.0810253 0.996628 0.47271
-0.13078 0.988019 -0.0819441 20.7763 -0.991332 -0.131366 -0.00177565 -38.4923 -0.0125191 0.0810016 0.996635 0.446714
-0.136296 0.987262 -0.0820786 20.5969 -0.990597 -0.136807 -0.000617654 -39.7626 -0.0118387 0.0812226 0.996626 0.435926
-0.140549 0.986735 -0.0812417 20.4373 -0.990021 -0.140913 0.00125852 -41.0412 -0.0102062 0.0806079 0.996694 0.419506
-0.144775 0.986127 -0.081202 20.2412 -0.989414 -0.14511 0.00179089 -42.3282 -0.0100172 0.0806017 0.996696 0.411455
-0.148156 0.985592 -0.081599 20.0559 -0.988904 -0.14855 0.00126081 -43.6758 -0.0108789 0.0808804 0.996664 0.397654
-0.149733 0.985281 -0.0824744 19.8779 -0.988639 -0.150306 -0.000745491 -45.033 -0.0131309 0.0814258 0.996593 0.382179
-0.151956 0.984883 -0.083154 19.6564 -0.988291 -0.152577 -0.00112454 -46.4088 -0.0137949 0.0820094 0.996536 0.360524
-0.15431 0.984436 -0.0841028 19.4355 -0.98792 -0.154962 -0.00123813 -47.8029 -0.0142516 0.0828958 0.996456 0.354604
-0.155055 0.984247 -0.084952 19.2286 -0.987808 -0.155673 -0.000659985 -49.2097 -0.0138743 0.083814 0.996385 0.314454
-0.156453 0.983941 -0.0859222 19.0049 -0.987592 -0.157039 -6.954e-05 -50.6387 -0.0135616 0.0848452 0.996302 0.305636
-0.156035 0.983985 -0.0861739 18.7833 -0.98767 -0.156547 0.000818917 -52.0974 -0.0126845 0.0852392 0.99628 0.273068
-0.15539 0.984153 -0.0854168 18.558 -0.987786 -0.155805 0.00182845 -53.5943 -0.0115089 0.0846577 0.996344 0.269445
-0.154859 0.984245 -0.0853227 18.3298 -0.987868 -0.155284 0.00166784 -55.0387 -0.0116077 0.0845458 0.996352 0.247392
-0.153072 0.984479 -0.0858507 18.0962 -0.988143 -0.153528 0.00131574 -56.5764 -0.0118851 0.0850342 0.996307 0.220765
-0.151913 0.984637 -0.0860916 17.8538 -0.988326 -0.152349 0.00152611 -58.1178 -0.0116133 0.0853183 0.996286 0.216246
-0.151002 0.984804 -0.0857909 17.6375 -0.988476 -0.151359 0.00236583 -59.6836 -0.0106554 0.0851595 0.99631 0.191851
-0.150257 0.984856 -0.0864961 17.396 -0.988594 -0.150575 0.00287185 -61.2405 -0.0101958 0.0859411 0.996248 0.178644
-0.149429 0.985004 -0.0862494 17.1597 -0.988721 -0.149746 0.00282354 -62.8524 -0.0101343 0.0856984 0.99627 0.159227
-0.148369 0.985032 -0.0877448 16.9258 -0.988863 -0.14882 0.00141249 -64.4612 -0.0116669 0.0869772 0.996142 0.150911
-0.147532 0.984892 -0.090671 16.7025 -0.988967 -0.148135 7.96131e-05 -66.0963 -0.0133531 0.0896824 0.995881 0.121167
-0.147018 0.984822 -0.0922575 16.4262 -0.989053 -0.147559 0.000965219 -67.7811 -0.0126629 0.0913894 0.995735 0.108292
-0.146171 0.984967 -0.0920587 16.1895 -0.989191 -0.146624 0.00185211 -69.4078 -0.0116738 0.0913343 0.995752 0.108129
-0.145697 0.984943 -0.0930577 15.9566 -0.989263 -0.146128 0.0022096 -71.0806 -0.011422 0.0923805 0.995658 0.0824043
-0.145564 0.985003 -0.0926287 15.7076 -0.989276 -0.146047 0.00158523 -72.7803 -0.0119667 0.0918661 0.995699 0.0798622
-0.144312 0.985112 -0.0934242 15.4684 -0.989455 -0.144837 0.00117944 -74.5049 -0.0123694 0.0926092 0.995626 0.0434715
-0.144821 0.984943 -0.094411 15.2207 -0.989376 -0.145379 0.000974824 -76.2301 -0.0127652 0.0935491 0.995533 0.0390133
-0.144453 0.984904 -0.0953853 14.9546 -0.98943 -0.145009 0.00111536 -77.9662 -0.0127332 0.0945382 0.99544 0.0121222
-0.144573 0.984851 -0.0957417 14.7177 -0.989419 -0.145077 0.00171202 -79.7008 -0.0122039 0.0949761 0.995405 -0.000299727
-0.14575 0.984778 -0.094705 14.4605 -0.989258 -0.146154 0.00269813 -81.4712 -0.0111844 0.094081 0.995502 -0.0176842
-0.146495 0.98471 -0.0942593 14.1768 -0.989155 -0.146838 0.00332086 -83.2737 -0.0105708 0.0937235 0.995542 -0.04089
-0.147564 0.984673 -0.0929686 13.919 -0.988998 -0.147891 0.00340699 -85.075 -0.0103944 0.0924484 0.995663 -0.0431165
-0.148473 0.98458 -0.0925057 13.6594 -0.988862 -0.148796 0.00342955 -86.8886 -0.0103878 0.0919845 0.995706 -0.0595768
-0.149415 0.984475 -0.0921101 13.3901 -0.988714 -0.14979 0.00286783 -88.72 -0.0109738 0.091499 0.995745 -0.059919
-0.149969 0.984556 -0.0903236 13.1237 -0.988622 -0.150407 0.0019718 -90.5547 -0.011644 0.0895916 0.995911 -0.092503
-0.152174 0.984261 -0.0898531 12.8648 -0.988289 -0.152571 0.00247264 -92.3992 -0.0112753 0.0891771 0.995952 -0.101446
-0.154588 0.984032 -0.0882206 12.5855 -0.987924 -0.154907 0.00326327 -94.2566 -0.0104548 0.0876597 0.996096 -0.122195
-0.158966 0.983276 -0.0888712 12.29 -0.987232 -0.159233 0.00412606 -96.1599 -0.0100942 0.0883924 0.996035 -0.129453
-0.163312 0.982746 -0.0868294 12.006 -0.986517 -0.163617 0.0036434 -98.0246 -0.0106262 0.0862538 0.996217 -0.150624
-0.167702 0.982139 -0.0853193 11.6884 -0.985774 -0.168043 0.0032282 -99.9589 -0.0111668 0.0846469 0.996348 -0.163754
-0.173085 0.981264 -0.0846313 11.3683 -0.984847 -0.173381 0.00390286 -101.878 -0.0108437 0.0840244 0.996405 -0.171873
-0.177979 0.980448 -0.0839349 11.0309 -0.983982 -0.178204 0.00486879 -103.767 -0.0101839 0.0834569 0.996459 -0.18408
-0.182537 0.979645 -0.0835214 10.6939 -0.983159 -0.182634 0.00654198 -105.699 -0.00884499 0.083309 0.996485 -0.189345
-0.188145 0.978732 -0.0817648 10.3363 -0.982104 -0.188207 0.00701023 -107.648 -0.00852759 0.0816205 0.996627 -0.204909
-0.192841 0.977903 -0.0807314 9.9669 -0.981187 -0.192947 0.00655515 -109.596 -0.00916659 0.0804767 0.996714 -0.212857
-0.198378 0.976992 -0.0783087 9.59856 -0.980078 -0.198519 0.00606851 -111.533 -0.00961684 0.0779525 0.996911 -0.222668
-0.203659 0.97592 -0.0781222 9.20544 -0.978984 -0.203863 0.00543741 -113.501 -0.0106198 0.0775878 0.996929 -0.22878
-0.20904 0.9748 -0.0778936 8.79561 -0.977842 -0.209279 0.00517592 -115.49 -0.011256 0.0772496 0.996948 -0.248934
-0.215266 0.973382 -0.07866 8.38773 -0.976497 -0.215435 0.00642521 -117.486 -0.010692 0.0781944 0.996881 -0.250687
-0.220439 0.972342 -0.0771885 7.96508 -0.97535 -0.220545 0.0072516 -119.434 -0.0099725 0.0768843 0.99699 -0.268265
-0.226375 0.970923 -0.0778661 7.51159 -0.973984 -0.226497 0.00737443 -121.427 -0.0104765 0.0775097 0.996937 -0.267966
-0.232503 0.969496 -0.0775871 7.04124 -0.972537 -0.232627 0.00756289 -123.428 -0.0107167 0.0772147 0.996957 -0.287646
-0.237374 0.968394 -0.0765974 6.58112 -0.971363 -0.237459 0.00812955 -125.422 -0.0103161 0.0763336 0.997029 -0.295708
-0.242668 0.967179 -0.075353 6.08862 -0.970055 -0.242747 0.0082445 -127.459 -0.0103178 0.0750972 0.997123 -0.306825
-0.2469 0.965995 -0.0767675 5.60575 -0.968973 -0.247044 0.0077583 -129.461 -0.0114705 0.0763012 0.997019 -0.31718
-0.250495 0.964841 -0.0795882 5.07405 -0.968036 -0.250697 0.00760281 -131.491 -0.012617 0.0789486 0.996799 -0.34168
-0.254364 0.963785 -0.0801058 4.54337 -0.967031 -0.254522 0.00840343 -133.534 -0.0122896 0.0796023 0.996751 -0.34531
-0.257482 0.962935 -0.0803687 4.02306 -0.966209 -0.257599 0.00908695 -135.566 -0.0119528 0.0799927 0.996724 -0.365925
-0.260922 0.96209 -0.0793892 3.48069 -0.965281 -0.261066 0.00874644 -137.593 -0.0123109 0.0789151 0.996805 -0.384149
-0.265141 0.961022 -0.0783386 2.92269 -0.964137 -0.26524 0.00932219 -139.656 -0.0118197 0.0780009 0.996883 -0.396824
-0.26953 0.959981 -0.0760875 2.38307 -0.962925 -0.269602 0.009519 -141.706 -0.0113753 0.0758322 0.997056 -0.409406
-0.273788 0.958766 -0.0762108 1.80885 -0.961718 -0.273878 0.00946799 -143.805 -0.0117949 0.0758855 0.997047 -0.431115
-0.278659 0.957352 -0.0763341 1.21311 -0.960318 -0.278732 0.00990903 -145.857 -0.0117904 0.0760663 0.997033 -0.439052
-0.282845 0.956187 -0.0755388 0.630686 -0.9591 -0.282872 0.0105593 -147.941 -0.0112712 0.0754359 0.997087 -0.453624
-0.287592 0.954825 -0.0748361 0.0168729 -0.957684 -0.287629 0.0105048 -150.044 -0.0114949 0.0746904 0.997141 -0.466259
-0.291925 0.953476 -0.0752602 -0.611899 -0.956361 -0.292014 0.010072 -152.12 -0.0123736 0.0749163 0.997113 -0.484179
-0.295646 0.952278 -0.0758957 -1.2128 -0.955211 -0.295757 0.0100295 -154.204 -0.0128958 0.0754615 0.997065 -0.502018
-0.30021 0.950821 -0.0762482 -1.89419 -0.953786 -0.300302 0.010527 -156.327 -0.0128882 0.0758848 0.997033 -0.514343
-0.303611 0.94973 -0.0763719 -2.53504 -0.952717 -0.303642 0.0114907 -158.427 -0.0122766 0.0762495 0.997013 -0.532193
-0.307137 0.948625 -0.0760094 -3.19333 -0.951604 -0.307044 0.0131924 -160.549 -0.0108236 0.0763827 0.99702 -0.54235
-0.311444 0.947164 -0.0766979 -3.87692 -0.95021 -0.311275 0.0144551 -162.677 -0.0101829 0.0773811 0.99695 -0.554436
-0.314085 0.946361 -0.0758378 -4.53821 -0.949344 -0.313892 0.0147612 -164.768 -0.00983542 0.0766325 0.997011 -0.563684
-0.317693 0.945181 -0.0755311 -5.24683 -0.948143 -0.317491 0.0149911 -166.935 -0.00981113 0.0763769 0.997031 -0.579825
-0.321381 0.943918 -0.0757097 -5.95057 -0.946898 -0.321169 0.0152894 -169.047 -0.00988371 0.0766031 0.997013 -0.586033
-0.325349 0.942501 -0.0764237 -6.67441 -0.945539 -0.325141 0.0154926 -171.193 -0.0102467 0.077302 0.996955 -0.599455
-0.329188 0.940961 -0.078919 -7.41444 -0.944202 -0.328973 0.0160927 -173.343 -0.0108196 0.079813 0.996751 -0.610213
-0.331496 0.940043 -0.0801842 -8.14155 -0.943386 -0.331309 0.0160236 -175.49 -0.0115029 0.0809564 0.996651 -0.626182
-0.334431 0.939033 -0.0798263 -8.91289 -0.942341 -0.334298 0.01543 -177.638 -0.0121965 0.0803838 0.996689 -0.642672
-0.337313 0.938095 -0.0787208 -9.6793 -0.941321 -0.337137 0.0159201 -179.829 -0.0116051 0.0794716 0.99677 -0.658235
-0.340228 0.93716 -0.077306 -10.4198 -0.940291 -0.339925 0.0174457 -181.954 -0.00992888 0.0786256 0.996855 -0.67409
-0.343617 0.936016 -0.07617 -11.2011 -0.939069 -0.34323 0.0185223 -184.111 -0.00880666 0.0778935 0.996923 -0.676971
-0.347204 0.934835 -0.0743865 -11.9908 -0.93776 -0.346725 0.0196674 -186.32 -0.00740589 0.0765853 0.997036 -0.692377
-0.350226 0.933861 -0.0724216 -12.7873 -0.936643 -0.349695 0.0203003 -188.491 -0.0063678 0.0749429 0.997167 -0.693595
-0.354506 0.93217 -0.0733744 -13.6098 -0.93503 -0.353957 0.0207968 -190.671 -0.00658521 0.0759799 0.997088 -0.694326
-0.357618 0.931002 -0.0731026 -14.4127 -0.933839 -0.357124 0.0201712 -192.882 -0.00732727 0.0754796 0.99712 -0.700962
-0.361055 0.929664 -0.0732436 -15.2391 -0.932507 -0.360626 0.0194572 -195.055 -0.00832495 0.0753253 0.997124 -0.705322
-0.365417 0.927952 -0.0733143 -16.0987 -0.9308 -0.365031 0.0190767 -197.269 -0.00905973 0.0752119 0.997126 -0.710841
-0.368893 0.926662 -0.0722233 -16.9567 -0.929431 -0.36849 0.0193175 -199.461 -0.00871277 0.0742527 0.997201 -0.725076
-0.372421 0.92533 -0.0711897 -17.8181 -0.92803 -0.371964 0.0200637 -201.679 -0.00791442 0.0735383 0.997261 -0.731806
-0.376069 0.923866 -0.0710213 -18.6833 -0.926557 -0.375609 0.0202357 -203.871 -0.00798113 0.0734154 0.99727 -0.733416
-0.378755 0.922715 -0.0717009 -19.571 -0.925462 -0.378275 0.0206927 -206.082 -0.00802919 0.074194 0.997212 -0.72815
-0.381625 0.921449 -0.0727563 -20.4663 -0.924276 -0.381168 0.020608 -208.28 -0.00874317 0.0751115 0.997137 -0.735953
-0.383723 0.920439 -0.0744871 -21.3637 -0.923398 -0.383295 0.0205259 -210.487 -0.00965767 0.0766575 0.997011 -0.740913
-0.386423 0.919245 -0.075278 -22.2871 -0.922268 -0.385989 0.0208143 -212.684 -0.00992306 0.0774697 0.996945 -0.747852
-0.39008 0.917765 -0.0744659 -23.21 -0.920732 -0.389616 0.0212618 -214.883 -0.00949977 0.0768569 0.996997 -0.755159
-0.391825 0.917061 -0.0739773 -24.1264 -0.919996 -0.391323 0.0217765 -217.087 -0.00897861 0.0765914 0.997022 -0.763618
-0.394647 0.915876 -0.0736535 -25.0515 -0.918797 -0.394068 0.0228554 -219.292 -0.00809172 0.0766924 0.997022 -0.763012
-0.39834 0.914367 -0.0725088 -26.0133 -0.91721 -0.397692 0.0237923 -221.527 -0.00708132 0.0759833 0.997084 -0.756881
-0.400437 0.913601 -0.0705953 -26.9445 -0.916304 -0.399758 0.0241121 -223.729 -0.00619216 0.0743421 0.997214 -0.763702
-0.403459 0.912254 -0.0708089 -27.9024 -0.914978 -0.402753 0.0246241 -225.908 -0.00605501 0.0747234 0.997186 -0.758149
-0.406372 0.910822 -0.0725643 -28.882 -0.91368 -0.405689 0.0245821 -228.122 -0.0070487 0.0762901 0.997061 -0.749403
-0.408302 0.9099 -0.0732895 -29.8286 -0.912808 -0.407711 0.0235268 -230.314 -0.00847393 0.0765053 0.997033 -0.753263
-0.411504 0.90848 -0.0729961 -30.8273 -0.911366 -0.410931 0.0234074 -232.553 -0.00873117 0.0761584 0.997058 -0.75694
-0.414437 0.907277 -0.0713458 -31.7861 -0.910038 -0.413878 0.0231483 -234.716 -0.00852658 0.0745209 0.997183 -0.749954
-0.417911 0.905793 -0.0699244 -32.7849 -0.908447 -0.417383 0.0227021 -236.903 -0.00862181 0.0730101 0.997294 -0.7599
-0.421614 0.904123 -0.0693005 -33.7962 -0.906728 -0.421143 0.0219915 -239.11 -0.00930232 0.0721086 0.997353 -0.766106
-0.424706 0.90275 -0.0683139 -34.7965 -0.905283 -0.424254 0.0217172 -241.307 -0.00937732 0.0710668 0.997427 -0.760913
-0.428444 0.90102 -0.0678102 -35.8184 -0.903515 -0.428022 0.0213813 -243.485 -0.00975923 0.0704283 0.997469 -0.771761
-0.432888 0.898947 -0.0670981 -36.8431 -0.901388 -0.432517 0.0207167 -245.666 -0.0103979 0.0694494 0.997531 -0.769547
-0.436516 0.897219 -0.0667257 -37.8828 -0.899637 -0.436141 0.0208568 -247.836 -0.0103887 0.0691332 0.997553 -0.778988
-0.440187 0.895456 -0.0662862 -38.902 -0.897848 -0.439797 0.0211593 -250.006 -0.0102052 0.068829 0.997576 -0.778226
-0.444521 0.893305 -0.0663898 -39.9668 -0.895709 -0.444125 0.0214186 -252.188 -0.0103521 0.068987 0.997564 -0.777015
-0.44755 0.891815 -0.0660633 -41.0174 -0.894199 -0.447151 0.0215373 -254.341 -0.010333 0.0687128 0.997583 -0.785569
-0.451691 0.8898 -0.0650407 -42.0993 -0.892116 -0.451292 0.021551 -256.5 -0.0101763 0.0677583 0.99765 -0.790935
-0.454839 0.888192 -0.0650971 -43.1633 -0.890517 -0.454421 0.0219366 -258.655 -0.0100977 0.0679477 0.997638 -0.802542
-0.458468 0.886299 -0.0654265 -44.2655 -0.888653 -0.458032 0.0224102 -260.802 -0.0101053 0.0684159 0.997606 -0.813243
-0.462291 0.884247 -0.0662894 -45.3765 -0.886674 -0.461798 0.0234907 -262.991 -0.00984077 0.0696366 0.997524 -0.813121
-0.465402 0.882514 -0.0676111 -46.4989 -0.885052 -0.464808 0.0252243 -265.121 -0.00916539 0.0715788 0.997393 -0.821298
-0.468309 0.8809 -0.0685661 -47.6242 -0.88352 -0.467655 0.0262902 -267.285 -0.00890621 0.0728915 0.9973 -0.828931
-0.471879 0.878914 -0.0695738 -48.7684 -0.881626 -0.471112 0.0280876 -269.436 -0.0080904 0.0745921 0.997181 -0.837951
-0.473928 0.877759 -0.070222 -49.9004 -0.880539 -0.473003 0.0303189 -271.584 -0.0066026 0.0762022 0.997071 -0.837486
-0.477632 0.875669 -0.0712177 -51.0832 -0.878535 -0.476653 0.0312689 -273.756 -0.00656489 0.0775023 0.996971 -0.846975
-0.480238 0.874262 -0.07098 -52.219 -0.877116 -0.479221 0.0318379 -275.938 -0.00618042 0.0775475 0.99697 -0.848602
-0.483666 0.872438 -0.0701332 -53.404 -0.875233 -0.482637 0.0320687 -278.097 -0.00587095 0.0768934 0.997022 -0.86834
-0.48764 0.870231 -0.0700307 -54.599 -0.873028 -0.486553 0.0329794 -280.287 -0.00537393 0.0772209 0.997 -0.875742
-0.490145 0.86889 -0.069194 -55.8031 -0.871628 -0.489019 0.0335324 -282.471 -0.00470127 0.0767471 0.99704 -0.881037
-0.492984 0.867381 -0.0679433 -57.0157 -0.870028 -0.491862 0.0335264 -284.685 -0.00433857 0.0756405 0.997126 -0.890207
-0.496208 0.86547 -0.0688358 -58.2675 -0.868189 -0.495089 0.0336725 -286.886 -0.00493731 0.0764711 0.99706 -0.893567
-0.497912 0.864381 -0.0702105 -59.5142 -0.867208 -0.496809 0.0336245 -289.055 -0.00581682 0.0776292 0.996965 -0.897806
-0.500058 0.863041 -0.0714341 -60.7688 -0.865966 -0.498972 0.0336049 -291.283 -0.00664125 0.0786639 0.996879 -0.899141
-0.502778 0.861449 -0.0715551 -62.0318 -0.864387 -0.501715 0.0334337 -293.505 -0.00709881 0.078661 0.996876 -0.907181
-0.504448 0.860488 -0.0713531 -63.3132 -0.86341 -0.503416 0.0331002 -295.739 -0.00743798 0.0783043 0.996902 -0.927813
-0.507677 0.858502 -0.0723717 -64.6464 -0.861506 -0.506677 0.0329421 -297.978 -0.0083882 0.0790727 0.996834 -0.936961
-0.509099 0.857609 -0.0729779 -65.9193 -0.860663 -0.50811 0.0329246 -300.205 -0.00884438 0.0795712 0.99679 -0.942395
-0.51125 0.856382 -0.0723478 -67.2376 -0.859393 -0.510217 0.0335007 -302.418 -0.00822364 0.0793024 0.996817 -0.969609
-0.514294 0.854772 -0.0697663 -68.5461 -0.857594 -0.513137 0.0349748 -304.685 -0.00590417 0.0778185 0.99695 -0.966913
-0.517177 0.853155 -0.0682255 -69.859 -0.85586 -0.516047 0.034635 -306.936 -0.0056585 0.0763039 0.997069 -0.979081
-0.521618 0.850522 -0.0672855 -71.2215 -0.853149 -0.520633 0.0328299 -309.209 -0.00710854 0.0745292 0.997193 -0.989281
-0.526761 0.84746 -0.0658331 -72.6054 -0.84997 -0.525933 0.0307341 -311.5 -0.00857789 0.0721457 0.997357 -1.00705
-0.53084 0.844965 -0.0651462 -73.9944 -0.847419 -0.530098 0.0296188 -313.743 -0.00950703 0.070929 0.997436 -1.02092
-0.535105 0.842266 -0.0651947 -75.3786 -0.844724 -0.5344 0.0292905 -315.999 -0.0101696 0.0707451 0.997443 -1.0318
-0.540141 0.838894 -0.0671208 -76.798 -0.841508 -0.539385 0.030483 -318.254 -0.010632 0.0729478 0.997279 -1.05187
-0.543409 0.83675 -0.0675007 -78.2426 -0.839404 -0.542599 0.0314191 -320.532 -0.0103358 0.0737338 0.997224 -1.06855
-0.547696 0.833904 -0.0680658 -79.6729 -0.836603 -0.54692 0.0312107 -322.783 -0.0111999 0.074038 0.997193 -1.08142
-0.55118 0.831472 -0.0696773 -81.1418 -0.834284 -0.550494 0.030442 -325.046 -0.0130452 0.0749097 0.997105 -1.10411
-0.55533 0.828746 -0.0691972 -82.6183 -0.831502 -0.554777 0.0287424 -327.309 -0.0145689 0.0734991 0.997189 -1.12844
-0.559687 0.825859 -0.0686169 -84.1173 -0.828566 -0.559185 0.0281212 -329.553 -0.0151454 0.0725927 0.997247 -1.1412
-0.563147 0.823532 -0.0682736 -85.5988 -0.826205 -0.562703 0.0273972 -331.779 -0.0158553 0.0718366 0.99729 -1.17118
-0.566968 0.820761 -0.0699867 -87.0971 -0.823569 -0.566529 0.0278957 -334.006 -0.0167538 0.0734549 0.997158 -1.18759
-0.571459 0.817573 -0.0707758 -88.6412 -0.820429 -0.571101 0.0271979 -336.293 -0.0181839 0.073609 0.997121 -1.21094
-0.574749 0.815363 -0.0696137 -90.1498 -0.818111 -0.57448 0.0258375 -338.496 -0.0189248 0.0718018 0.997239 -1.24083
-0.578057 0.812986 -0.0700299 -91.698 -0.815757 -0.577834 0.0254593 -340.707 -0.0197676 0.0718443 0.99722 -1.27811
-0.581446 0.810496 -0.0708305 -93.2702 -0.813305 -0.581324 0.0244552 -342.954 -0.0213546 0.0718261 0.997189 -1.31531
-0.584092 0.808797 -0.0684415 -94.8247 -0.81141 -0.584016 0.0231978 -345.127 -0.0212086 0.0690838 0.997385 -1.33754
-0.587341 0.806723 -0.0650221 -96.4246 -0.809094 -0.587245 0.0226045 -347.387 -0.0199483 0.0658856 0.997628 -1.38912
-0.590325 0.804903 -0.0603887 -97.9763 -0.806946 -0.590256 0.0208868 -349.544 -0.018833 0.0610604 0.997956 -1.41071
-0.593249 0.802825 -0.0593974 -99.57 -0.804767 -0.593292 0.0188206 -351.774 -0.0201303 0.0589664 0.998057 -1.44324
-0.596624 0.800124 -0.0619863 -101.178 -0.802212 -0.596756 0.0183977 -353.964 -0.0222703 0.0607027 0.997907 -1.49363
-0.599184 0.798258 -0.0613429 -102.783 -0.80032 -0.599272 0.0189946 -356.169 -0.0215985 0.0604753 0.997936 -1.52342
-0.602563 0.79595 -0.0581495 -104.395 -0.797778 -0.602716 0.0168421 -358.316 -0.0216422 0.0565388 0.998166 -1.55862
-0.605634 0.793527 -0.0593454 -106.032 -0.795372 -0.605943 0.0146911 -360.529 -0.0243021 0.0560991 0.998129 -1.61396
-0.608617 0.791302 -0.0585369 -107.667 -0.79304 -0.609047 0.0122495 -362.688 -0.0259587 0.0538773 0.99821 -1.65814
-0.611529 0.789171 -0.0569315 -109.327 -0.790791 -0.611985 0.0110881 -364.864 -0.0260909 0.0518017 0.998317 -1.70899
-0.614834 0.786588 -0.0570789 -110.976 -0.788214 -0.615302 0.011059 -367.04 -0.0264219 0.0517898 0.998308 -1.7562
-0.6174 0.784588 -0.0569206 -112.656 -0.78619 -0.617895 0.0105548 -369.2 -0.0268898 0.0512669 0.998323 -1.80147
-0.620139 0.782389 -0.0573976 -114.323 -0.784004 -0.620672 0.0101715 -371.369 -0.027667 0.0513077 0.9983 -1.85518
-0.622618 0.780608 -0.0547522 -116.005 -0.782047 -0.62316 0.00862738 -373.511 -0.0273848 0.0481904 0.998463 -1.89757
-0.625595 0.778831 -0.0453086 -117.664 -0.779759 -0.626062 0.00479914 -375.62 -0.0246282 0.0383321 0.998962 -1.9399
-0.629568 0.776154 -0.0350512 -119.314 -0.776787 -0.629708 0.00828107 -377.769 -0.0156447 0.0324408 0.999351 -1.99972
-0.63204 0.773995 -0.0381648 -121.011 -0.774856 -0.631916 0.0167524 -379.879 -0.0111507 0.0401604 0.999131 -1.99224
-0.633105 0.7727 -0.0459562 -122.72 -0.773929 -0.632994 0.0187889 -381.963 -0.0145719 0.0474622 0.998767 -1.99267
-0.634716 0.770959 -0.0525136 -124.432 -0.772324 -0.635148 0.0101639 -384.067 -0.0255179 0.0470087 0.998568 -2.0267
-0.636498 0.7694 -0.0538019 -126.159 -0.770525 -0.63741 0.000270423 -386.202 -0.0340858 0.0416279 0.998552 -2.09404
-0.639818 0.766798 -0.0515162 -127.854 -0.767603 -0.640897 -0.0060638 -388.299 -0.0376663 0.0356642 0.998654 -2.18043
-0.642468 0.764624 -0.050846 -129.574 -0.765392 -0.643533 -0.00631336 -390.396 -0.0375484 0.034861 0.998687 -2.2645
-0.645018 0.762306 -0.0533079 -131.31 -0.763338 -0.645997 -0.00152042 -392.475 -0.0355958 0.0397112 0.998577 -2.32156
-0.64814 0.759617 -0.0538122 -133.047 -0.760854 -0.648911 0.00401758 -394.548 -0.0318675 0.0435472 0.998543 -2.37442
-0.650069 0.758042 -0.0527509 -134.785 -0.759331 -0.650663 0.00735138 -396.598 -0.0287504 0.0448343 0.998581 -2.43534
-0.652925 0.755559 -0.0531021 -136.542 -0.75687 -0.65352 0.00766178 -398.673 -0.0289144 0.045194 0.99856 -2.49415
-0.656211 0.752607 -0.0544878 -138.287 -0.753967 -0.656872 0.00724898 -400.7 -0.0303359 0.0458389 0.998488 -2.55204
-0.657891 0.751071 -0.0554238 -140.047 -0.752447 -0.658621 0.00644021 -402.754 -0.0316663 0.0459405 0.998442 -2.61114
-0.659744 0.749403 -0.0559696 -141.823 -0.750805 -0.660492 0.00650141 -404.795 -0.0320953 0.0463115 0.998411 -2.66652
-0.661471 0.747878 -0.0559918 -143.576 -0.7493 -0.662192 0.0071798 -406.797 -0.0317077 0.0467039 0.998405 -2.72833
-0.662138 0.747215 -0.0569461 -145.339 -0.748687 -0.662883 0.00733136 -408.842 -0.0322705 0.0474892 0.99835 -2.79082
-0.663789 0.745616 -0.0586582 -147.138 -0.747161 -0.664605 0.00712572 -410.863 -0.0336714 0.0485571 0.998253 -2.84611
-0.664234 0.744989 -0.0615138 -148.923 -0.746654 -0.66518 0.00651912 -412.9 -0.0360611 0.0502598 0.998085 -2.92059
-0.665235 0.743881 -0.0640668 -150.707 -0.745655 -0.666305 0.00599825 -414.911 -0.038226 0.051762 0.997928 -2.98814
-0.666979 0.742484 -0.0621012 -152.483 -0.744155 -0.667981 0.00597446 -416.904 -0.0370465 0.0501978 0.998052 -3.05525
-0.667837 0.742096 -0.0573348 -154.267 -0.743533 -0.668672 0.00594222 -418.93 -0.0339285 0.0465988 0.998337 -3.13383
-0.669192 0.741108 -0.05424 -156.047 -0.742392 -0.669942 0.00558831 -420.946 -0.0321961 0.044007 0.998512 -3.20648
-0.671063 0.739428 -0.0540443 -157.866 -0.740679 -0.671841 0.00489064 -422.935 -0.0326929 0.0433114 0.998527 -3.2597
-0.671336 0.739279 -0.05267 -159.635 -0.740423 -0.672133 0.00339171 -424.951 -0.0328938 0.0412751 0.998606 -3.32121
-0.672374 0.738525 -0.0499319 -161.432 -0.739538 -0.67311 0.00275358 -426.957 -0.0315761 0.038778 0.998749 -3.38239
-0.673772 0.737292 -0.0493148 -163.245 -0.738248 -0.674527 0.00177526 -428.947 -0.0319553 0.0376027 0.998782 -3.45047
-0.673495 0.737439 -0.0508794 -165.022 -0.738417 -0.674344 0.000637916 -430.94 -0.0338398 0.0379998 0.998705 -3.50389
-0.673927 0.736761 -0.0548281 -166.852 -0.73786 -0.674954 -0.000294715 -432.936 -0.0372236 0.0402568 0.998496 -3.57791
-0.672069 0.737907 -0.0617814 -168.645 -0.739256 -0.673423 -0.0015107 -434.934 -0.0427198 0.0446569 0.998089 -3.66021
-0.670306 0.739046 -0.0670927 -170.447 -0.74057 -0.671972 -0.00312185 -436.921 -0.0473916 0.0475942 0.997742 -3.73247
-0.669831 0.739866 -0.0626535 -172.247 -0.741111 -0.671366 -0.00480808 -438.9 -0.0456207 0.0432126 0.998024 -3.83937
-0.668582 0.741734 -0.0531887 -174.013 -0.742567 -0.669747 -0.00577419 -440.921 -0.0399059 0.0356357 0.998568 -3.94399
-0.667164 0.743365 -0.0479782 -175.784 -0.743963 -0.668179 -0.00740844 -442.932 -0.0375652 0.0307514 0.998821 -4.0378
-0.665518 0.74494 -0.0463661 -177.578 -0.745463 -0.666496 -0.00820863 -444.934 -0.0370178 0.0291012 0.998891 -4.11466
-0.661953 0.748036 -0.0475498 -179.334 -0.748613 -0.662961 -0.00783285 -446.95 -0.037383 0.0304114 0.998838 -4.1675
-0.659047 0.750532 -0.048563 -181.089 -0.751155 -0.660083 -0.00754754 -448.973 -0.0377203 0.0315041 0.998792 -4.25272
-0.657823 0.751832 -0.0449181 -182.878 -0.752344 -0.658726 -0.00762948 -450.967 -0.0353248 0.028775 0.998962 -4.31154
-0.655546 0.754111 -0.0397028 -184.599 -0.754352 -0.656367 -0.0116241 -453.011 -0.0348255 0.0223298 0.999144 -4.38638
-0.655535 0.754378 -0.0344507 -186.37 -0.754327 -0.656275 -0.0171709 -455.046 -0.0355624 0.014731 0.999259 -4.46944
-0.654256 0.755758 -0.0279198 -188.059 -0.755498 -0.654811 -0.0210926 -457.099 -0.0342231 0.00729336 0.999388 -4.5398
-0.653779 0.756251 -0.025654 -189.802 -0.755962 -0.654261 -0.0215692 -459.129 -0.0330961 0.00529199 0.999438 -4.61132
-0.65327 0.756607 -0.0279978 -191.551 -0.756325 -0.653833 -0.0218078 -461.156 -0.0348058 0.00692909 0.99937 -4.67138
-0.65131 0.758168 -0.0312414 -193.27 -0.757875 -0.651999 -0.0228439 -463.189 -0.0376888 0.0087986 0.999251 -4.71996
-0.649943 0.759342 -0.0312107 -195 -0.758972 -0.650648 -0.0248763 -465.217 -0.0391968 0.00751985 0.999203 -4.80741
-0.649821 0.759551 -0.0285566 -196.738 -0.759148 -0.650427 -0.0252871 -467.26 -0.0377808 0.00524659 0.999272 -4.88651
-0.64868 0.760613 -0.0261107 -198.452 -0.760236 -0.649192 -0.0243034 -469.309 -0.0354364 0.00408516 0.999364 -4.96283
-0.647681 0.761478 -0.0256975 -200.167 -0.761153 -0.648173 -0.0227731 -471.327 -0.0339976 0.00480997 0.99941 -5.03993
-0.646788 0.762159 -0.0279082 -201.907 -0.761846 -0.647357 -0.0227945 -473.39 -0.0354397 0.00651855 0.999351 -5.09608
-0.645166 0.763451 -0.0300539 -203.611 -0.763162 -0.645812 -0.0225863 -475.443 -0.0366526 0.00836409 0.999293 -5.16419
-0.644413 0.764079 -0.0302529 -205.321 -0.763786 -0.645068 -0.0227586 -477.486 -0.0369045 0.00844077 0.999283 -5.23638
-0.643334 0.764999 -0.0299683 -207.029 -0.764684 -0.643983 -0.0233397 -479.541 -0.0371539 0.00790112 0.999278 -5.30836
-0.64249 0.765681 -0.0306428 -208.718 -0.765331 -0.643173 -0.0244139 -481.565 -0.0384019 0.00776619 0.999232 -5.39122
-0.64204 0.766053 -0.0308012 -210.443 -0.765674 -0.642735 -0.0251878 -483.622 -0.0390922 0.00741208 0.999208 -5.4663
-0.641132 0.766871 -0.0293024 -212.129 -0.766498 -0.641768 -0.0248154 -485.664 -0.0378355 0.00655029 0.999263 -5.54415
-0.640655 0.767293 -0.0286609 -213.825 -0.766961 -0.64126 -0.0236061 -487.723 -0.0364919 0.00685842 0.99931 -5.61798
-0.640376 0.767498 -0.0294004 -215.506 -0.76715 -0.641012 -0.0241712 -489.767 -0.0373974 0.00707586 0.999275 -5.69141
-0.639583 0.768142 -0.0298542 -217.216 -0.767755 -0.640244 -0.0252934 -491.834 -0.0385429 0.00674349 0.999234 -5.76691
-0.639487 0.768244 -0.0292796 -218.899 -0.767819 -0.640131 -0.0261888 -493.906 -0.0388622 0.00573408 0.999228 -5.84271
-0.639924 0.767885 -0.0291639 -220.588 -0.767427 -0.640568 -0.0269983 -495.978 -0.039413 0.00510427 0.99921 -5.9212
-0.63975 0.768039 -0.0289138 -222.274 -0.767603 -0.640381 -0.0264304 -498.004 -0.0388154 0.00528546 0.999232 -6.00008
-0.640728 0.76722 -0.0290021 -223.995 -0.766784 -0.641362 -0.0264092 -500.066 -0.0388625 0.00531722 0.99923 -6.07437
-0.640229 0.767613 -0.0296279 -225.684 -0.767136 -0.640894 -0.0275353 -502.121 -0.0401248 0.00509972 0.999182 -6.1525
-0.640466 0.767404 -0.0298911 -227.371 -0.76687 -0.641149 -0.0289572 -504.186 -0.0413865 0.0043765 0.999134 -6.23934
-0.641218 0.766789 -0.0295693 -229.06 -0.766219 -0.641889 -0.0297908 -506.245 -0.0418235 0.00355421 0.999119 -6.3086
-0.640822 0.767145 -0.0289074 -230.767 -0.766586 -0.641465 -0.0294773 -508.309 -0.0411565 0.00327028 0.999147 -6.40335
-0.640856 0.767129 -0.0285723 -232.469 -0.766584 -0.641484 -0.0291128 -510.346 -0.040662 0.00324596 0.999168 -6.49494
-0.64135 0.7667 -0.029001 -234.16 -0.76617 -0.641994 -0.0287587 -512.389 -0.0406678 0.00377528 0.999166 -6.57207
-0.640589 0.767343 -0.0288197 -235.86 -0.766813 -0.641226 -0.0287396 -514.464 -0.0405331 0.0036891 0.999171 -6.65532
-0.641068 0.76695 -0.0286251 -237.571 -0.766415 -0.641697 -0.028857 -516.527 -0.0405005 0.00343944 0.999174 -6.72956
-0.640588 0.767382 -0.0277974 -239.266 -0.766843 -0.641185 -0.0288947 -518.563 -0.0399965 0.00280663 0.999196 -6.8152
-0.640651 0.767336 -0.0275959 -240.941 -0.766779 -0.641241 -0.0293418 -520.615 -0.0402107 0.00236209 0.999188 -6.90234
-0.641137 0.766893 -0.0286153 -242.648 -0.766297 -0.64177 -0.0303231 -522.653 -0.041619 0.00248658 0.99913 -6.97618
-0.640284 0.767573 -0.029461 -244.345 -0.766943 -0.640956 -0.0311978 -524.726 -0.0428298 0.00261942 0.999079 -7.07038
-0.640297 0.76757 -0.0292651 -246.043 -0.766947 -0.64096 -0.0310163 -526.774 -0.0425649 0.00258512 0.99909 -7.1574
-0.640592 0.767302 -0.0298308 -247.745 -0.766721 -0.641276 -0.0300658 -528.806 -0.0421994 0.00361198 0.999103 -7.24042
-0.639756 0.767968 -0.0306081 -249.436 -0.767401 -0.640473 -0.0298331 -530.903 -0.0425145 0.00440273 0.999086 -7.32935
-0.639661 0.768043 -0.0307142 -251.146 -0.767434 -0.640387 -0.0308255 -532.96 -0.0433443 0.00385324 0.999053 -7.4195
-0.640176 0.767652 -0.0297469 -252.844 -0.767025 -0.640861 -0.0311479 -535.008 -0.0429744 0.00287648 0.999072 -7.51835
-0.640024 0.767789 -0.0294961 -254.524 -0.767168 -0.640697 -0.0309961 -537.056 -0.0426965 0.00279022 0.999084 -7.59585
-0.639945 0.767827 -0.0301995 -256.225 -0.767168 -0.640651 -0.0319305 -539.141 -0.0438645 0.00273428 0.999034 -7.69235
-0.640857 0.767035 -0.0309743 -257.928 -0.766306 -0.641602 -0.0334956 -541.185 -0.0455654 0.00226991 0.998959 -7.78729
-0.640389 0.767449 -0.0304086 -259.623 -0.766684 -0.641109 -0.0342861 -543.24 -0.0458081 0.00135737 0.998949 -7.88803
-0.641396 0.766664 -0.0289561 -261.318 -0.765928 -0.642049 -0.0335879 -545.302 -0.0443419 0.000635151 0.999016 -7.97165
-0.641028 0.767042 -0.0270037 -263.001 -0.766392 -0.641597 -0.0315722 -547.368 -0.0415427 0.000456701 0.999137 -8.06761
-0.641226 0.766879 -0.026942 -264.718 -0.766224 -0.641792 -0.0316988 -549.42 -0.0416003 0.000317556 0.999134 -8.15265
-0.641678 0.766427 -0.0289692 -266.417 -0.76572 -0.642331 -0.032919 -551.468 -0.0438378 0.00105886 0.999038 -8.25012
-0.641032 0.766905 -0.0305635 -268.123 -0.766165 -0.641758 -0.0337482 -553.536 -0.045496 0.00178296 0.998963 -8.34779
-0.640939 0.766959 -0.0311765 -269.806 -0.76623 -0.641692 -0.033513 -555.563 -0.0457087 0.00240858 0.998952 -8.43398
-0.641672 0.766353 -0.0309712 -271.532 -0.765656 -0.642414 -0.0327876 -557.627 -0.0450233 0.00267441 0.998982 -8.53459
-0.641137 0.766786 -0.0313503 -273.229 -0.766124 -0.641894 -0.0320404 -559.693 -0.0446917 0.00347593 0.998995 -8.63439
-0.641574 0.766382 -0.0322643 -274.937 -0.765728 -0.642371 -0.0319352 -561.741 -0.0452002 0.00421688 0.998969 -8.72323
-0.64103 0.766782 -0.0335421 -276.64 -0.766106 -0.641889 -0.032553 -563.807 -0.0464914 0.00482936 0.998907 -8.82336
-0.640811 0.766945 -0.0339964 -278.349 -0.766242 -0.641694 -0.0331803 -565.861 -0.0472628 0.00478718 0.998871 -8.91916
-0.641123 0.766681 -0.0340766 -280.042 -0.765977 -0.64201 -0.0332 -567.919 -0.0473313 0.00481654 0.998868 -9.02449
-0.640514 0.767152 -0.0349234 -281.756 -0.766452 -0.641442 -0.0332276 -569.972 -0.0478919 0.00548432 0.998837 -9.11843
-0.640024 0.767518 -0.0358487 -283.462 -0.766791 -0.641001 -0.0339009 -572.034 -0.0489986 0.00579111 0.998782 -9.21502
-0.640162 0.767431 -0.0352512 -285.152 -0.76665 -0.641115 -0.0349305 -574.088 -0.0494068 0.00466409 0.998768 -9.32264
-0.639477 0.768031 -0.0346041 -286.858 -0.767178 -0.640404 -0.0363338 -576.17 -0.050066 0.00331287 0.99874 -9.43194
-0.63942 0.768113 -0.0338272 -288.532 -0.767288 -0.640307 -0.0357285 -578.197 -0.0491033 0.0031097 0.998789 -9.53309
-0.638311 0.769024 -0.0340884 -290.229 -0.768272 -0.639206 -0.0342574 -580.267 -0.0481342 0.0043223 0.998832 -9.64339
-0.6377 0.769494 -0.0348814 -291.925 -0.768785 -0.63863 -0.0334753 -582.328 -0.0480354 0.0054691 0.998831 -9.73565
-0.637364 0.76974 -0.03559 -293.604 -0.769004 -0.638333 -0.0341199 -584.397 -0.0489817 0.00562208 0.998784 -9.83361
-0.636424 0.770475 -0.0365091 -295.293 -0.769732 -0.63744 -0.0343911 -586.453 -0.0497698 0.00621486 0.998741 -9.93951
-0.63617 0.770706 -0.0360585 -296.953 -0.769953 -0.637165 -0.0345447 -588.491 -0.049599 0.00578701 0.998752 -10.0414
-0.635197 0.771537 -0.0354266 -298.662 -0.770795 -0.63616 -0.0342834 -590.599 -0.048988 0.00552995 0.998784 -10.1468
-0.634553 0.772091 -0.034895 -300.318 -0.771341 -0.635491 -0.0344063 -592.613 -0.0487403 0.00508337 0.998799 -10.2556
-0.634211 0.772375 -0.0348432 -302.005 -0.771579 -0.635151 -0.0353478 -594.7 -0.0494325 0.00446627 0.998767 -10.3564
-0.63422 0.772385 -0.0344283 -303.68 -0.77158 -0.635141 -0.0354935 -596.758 -0.0492815 0.00405349 0.998777 -10.464
-0.633247 0.773225 -0.0334782 -305.362 -0.772365 -0.634126 -0.0365516 -598.834 -0.049492 0.00271121 0.998771 -10.56
-0.633327 0.773221 -0.0320244 -306.998 -0.772316 -0.634135 -0.0374174 -600.866 -0.0492397 0.00103554 0.998786 -10.6777
-0.633127 0.773449 -0.0304356 -308.702 -0.772557 -0.633858 -0.0371523 -602.954 -0.0480273 -8.88949e-06 0.998846 -10.7791
-0.633334 0.773231 -0.0316574 -310.374 -0.77234 -0.634124 -0.0371247 -605.043 -0.0487807 0.000937962 0.998809 -10.8782
-0.633911 0.772713 -0.0327203 -312.035 -0.771759 -0.634755 -0.0383932 -607.095 -0.0504363 0.000914282 0.998727 -10.9848
-0.633426 0.773132 -0.0322418 -313.716 -0.772141 -0.634246 -0.0391297 -609.164 -0.0507016 0.000109489 0.998714 -11.1001
-0.633579 0.773059 -0.0309541 -315.386 -0.77209 -0.634334 -0.0387064 -611.228 -0.0495575 -0.000624238 0.998771 -11.2081
-0.634175 0.772614 -0.0298231 -317.038 -0.771705 -0.634875 -0.0374737 -613.269 -0.0478867 -0.000750223 0.998852 -11.3161
-0.633626 0.773084 -0.0292931 -318.743 -0.772241 -0.634303 -0.036096 -615.353 -0.0464859 -0.00025003 0.998919 -11.4167
-0.633903 0.772835 -0.0298877 -320.402 -0.77201 -0.634607 -0.0356978 -617.417 -0.0465555 0.000444706 0.998916 -11.5167
-0.633478 0.773141 -0.030956 -322.092 -0.772291 -0.634233 -0.0362734 -619.485 -0.0476778 0.0009286 0.998862 -11.6156
-0.633654 0.772951 -0.0320959 -323.786 -0.772058 -0.634465 -0.0371632 -621.576 -0.049089 0.00123133 0.998794 -11.712
-0.634034 0.772617 -0.0326124 -325.45 -0.771711 -0.63487 -0.0374311 -623.644 -0.0496245 0.00143474 0.998767 -11.8206
-0.633223 0.773301 -0.0321455 -327.127 -0.77241 -0.634037 -0.0371405 -625.719 -0.0491023 0.00131129 0.998793 -11.9257
-0.632841 0.773645 -0.0314067 -328.813 -0.772753 -0.633619 -0.0371466 -627.798 -0.0486382 0.000761768 0.998816 -12.0314
-0.633249 0.773295 -0.031779 -330.469 -0.772401 -0.634045 -0.037184 -629.835 -0.0489036 0.000999359 0.998803 -12.1361
-0.632503 0.77389 -0.0321559 -332.161 -0.772973 -0.633319 -0.0376962 -631.933 -0.0495377 0.00101269 0.998772 -12.242
-0.632257 0.774101 -0.0319153 -333.85 -0.773169 -0.633061 -0.037981 -634.013 -0.0496054 0.000662179 0.998769 -12.3416
