1 0 0 0 0 1 0 0 0 0 1 0
0.999998 -0.00103218 0.00153253 1.57782 0.0010344 0.999998 -0.00145049 -0.0291842 -0.00153103 0.00145208 0.999998 0.0129847
0.999993 -0.00195863 0.00304921 3.0963 0.00196704 0.999994 -0.00275866 -0.0121383 -0.00304379 0.00276464 0.999992 0.0439101
0.999988 -0.00403495 0.00270258 4.62881 0.0040379 0.999991 -0.00108737 0.0288141 -0.00269817 0.00109827 0.999996 0.0429766
0.999984 -0.00516892 0.00249862 6.12498 0.00517054 0.999986 -0.000641533 0.0260822 -0.00249527 0.000654442 0.999997 0.0530846
0.999973 -0.00678489 0.00283535 7.62808 0.00678651 0.999977 -0.000563323 0.0466781 -0.00283146 0.00058255 0.999996 0.0691549
0.999962 -0.00824334 0.00298949 9.13497 0.00824619 0.999966 -0.000943548 0.0607261 -0.00298161 0.000968164 0.999995 0.0742232
0.999949 -0.00967944 0.00279527 10.6421 0.00968394 0.999952 -0.00160366 0.0770738 -0.00277961 0.00163065 0.999995 0.094323
0.999928 -0.0116738 0.00263304 12.1523 0.0116817 0.999927 -0.00297449 0.118912 -0.00259813 0.00300504 0.999992 0.102404
0.999919 -0.0124996 0.00257725 13.6415 0.0125073 0.999917 -0.00299463 0.13151 -0.0025396 0.00302662 0.999992 0.121586
0.999906 -0.0134449 0.00263537 15.1083 0.0134515 0.999906 -0.00251261 0.171139 -0.00260134 0.00254783 0.999993 0.125535
0.999889 -0.0145902 0.0030537 16.6118 0.0145959 0.999892 -0.00185163 0.206419 -0.00302635 0.00189599 0.999994 0.144624
0.999879 -0.015074 0.00386389 18.0952 0.015075 0.999886 -0.000222838 0.246506 -0.00386009 0.000281059 0.999993 0.151135
0.999875 -0.0151611 0.00455129 19.5386 0.0151599 0.999885 0.000303253 0.267255 -0.00455537 -0.000234219 0.99999 0.161432
0.999862 -0.0159181 0.00475555 21.0298 0.0159156 0.999873 0.000556121 0.29059 -0.0047638 -0.000480357 0.999989 0.17909
0.999861 -0.0160104 0.00474792 22.4898 0.0160046 0.999871 0.00125667 0.328392 -0.00476743 -0.00118051 0.999988 0.183817
0.999851 -0.0163398 0.00560085 23.9592 0.0163276 0.999864 0.00220969 0.358417 -0.0056362 -0.00211791 0.999982 0.20346
0.999846 -0.0164188 0.00622982 25.4279 0.0164059 0.999863 0.00211669 0.396386 -0.00626372 -0.00201416 0.999978 0.204417
0.999857 -0.0159882 0.00550492 26.8506 0.015972 0.999868 0.00298393 0.425461 -0.0055519 -0.00289558 0.99998 0.217806
0.999863 -0.0161518 0.00351707 28.2981 0.0161407 0.999865 0.00316156 0.45396 -0.00356766 -0.00310436 0.999989 0.228904
0.99987 -0.0157145 0.0036591 29.7222 0.0157066 0.999874 0.00215875 0.484389 -0.00369257 -0.002101 0.999991 0.23874
0.99987 -0.0151396 0.00555519 31.1445 0.0151356 0.999885 0.000760264 0.501768 -0.00556607 -0.000676084 0.999984 0.247888
0.999855 -0.0154502 0.00713025 32.5709 0.0154568 0.99988 -0.000863302 0.538471 -0.00711606 0.000973388 0.999974 0.259386
0.999871 -0.014709 0.00644007 33.9594 0.0147213 0.99989 -0.00186466 0.552987 -0.00641193 0.00195923 0.999978 0.273631
0.999881 -0.0145249 0.00519988 35.339 0.0145326 0.999893 -0.00144432 0.59871 -0.00517835 0.00151972 0.999985 0.286909
0.99989 -0.0142311 0.00423367 36.7211 0.0142353 0.999898 -0.000966689 0.631826 -0.00421949 0.00102685 0.999991 0.294146
0.999909 -0.0129993 0.00350868 38.0638 0.0130003 0.999915 -0.000273751 0.660844 -0.00350482 0.00031934 0.999994 0.308026
0.999922 -0.0116747 0.00440159 39.4141 0.0116733 0.999932 0.000335319 0.693434 -0.0044052 -0.000283912 0.99999 0.319083
0.999931 -0.0103909 0.00548971 40.7474 0.0103902 0.999946 0.000166299 0.704294 -0.00549114 -0.000109249 0.999985 0.328462
0.999944 -0.00812282 0.0068055 42.0709 0.00812405 0.999967 -0.00015256 0.724173 -0.00680403 0.000207839 0.999977 0.352472
0.999951 -0.00633736 0.00761284 43.3452 0.0063363 0.99998 0.000162697 0.76185 -0.00761371 -0.000114452 0.999971 0.358107
0.999969 -0.00253241 0.00739127 44.6036 0.00253187 0.999997 8.19356e-05 0.751458 -0.00739145 -6.32194e-05 0.999973 0.368925
0.999983 0.000553789 0.00584397 45.8473 -0.000550651 1 -0.00053848 0.777474 -0.00584427 0.000535253 0.999983 0.384642
0.999977 0.00485085 0.00463745 47.087 -0.00484915 0.999988 -0.000378542 0.756616 -0.00463924 0.000356045 0.999989 0.394987
0.999956 0.0081516 0.00459591 48.308 -0.00814985 0.999967 -0.000398407 0.773943 -0.004599 0.000360933 0.999989 0.401422
0.999896 0.0136698 0.00461089 49.5029 -0.0136701 0.999907 2.99379e-05 0.760082 -0.00461005 -9.2966e-05 0.999989 0.418917
0.999786 0.0202876 0.00412547 50.7179 -0.0202928 0.999793 0.00121807 0.755757 -0.00409991 -0.00130152 0.999991 0.429953
0.999599 0.028024 0.00415436 51.9157 -0.0280346 0.999604 0.00250892 0.73669 -0.00408241 -0.00262438 0.999988 0.436676
0.999336 0.0360747 0.00507611 53.0936 -0.0360932 0.999342 0.00359121 0.712109 -0.00494322 -0.00377204 0.999981 0.454511
0.998885 0.0468228 0.00602217 54.2629 -0.0468577 0.998885 0.00579935 0.662966 -0.00574391 -0.00607507 0.999965 0.461285
0.998233 0.0590787 0.00636697 55.4073 -0.0591297 0.998217 0.0081545 0.618201 -0.00587386 -0.00851657 0.999946 0.470941
0.997226 0.0740716 0.0072714 56.5569 -0.0741477 0.997188 0.0108286 0.534523 -0.00644886 -0.0113378 0.999915 0.485045
0.995856 0.0905263 0.00870713 57.6682 -0.0906298 0.995808 0.0123401 0.463063 -0.00755353 -0.0130781 0.999886 0.489943
0.994093 0.108048 0.0102751 58.7867 -0.108177 0.994047 0.0129392 0.361011 -0.00881587 -0.0139743 0.999863 0.499533
0.991825 0.127196 0.0102048 59.8796 -0.127319 0.991783 0.0124841 0.226926 -0.00853299 -0.0136813 0.99987 0.512143
0.989004 0.147583 0.00950157 60.9676 -0.147692 0.98896 0.0120393 0.0666074 -0.00761987 -0.0133102 0.999882 0.510651
0.985671 0.168436 0.009017 62.0372 -0.168516 0.985658 0.00901868 -0.0847934 -0.00736861 -0.010409 0.999919 0.512374
0.981614 0.190591 0.0104703 63.0877 -0.190644 0.98165 0.00427075 -0.286946 -0.00946417 -0.00618831 0.999936 0.531613
0.976873 0.213536 0.0110002 64.1218 -0.213532 0.976935 -0.00148259 -0.513253 -0.0110631 -0.000900594 0.999938 0.527288
0.971352 0.237454 0.00948063 65.1254 -0.237396 0.971389 -0.00688316 -0.732717 -0.0108438 0.00443531 0.999931 0.529326
0.964839 0.262755 0.00674605 66.1279 -0.262659 0.964808 -0.0124893 -1.01532 -0.00979026 0.0102782 0.999899 0.5503
0.95736 0.288831 0.00626945 67.0879 -0.288704 0.957286 -0.0159416 -1.3091 -0.0106061 0.0134518 0.999853 0.544487
0.948648 0.31625 0.0073192 68.075 -0.316069 0.948545 -0.0190484 -1.62247 -0.0129667 0.0157569 0.999792 0.543475
0.938998 0.34383 0.00800272 68.998 -0.343567 0.938831 -0.0236367 -1.94873 -0.0156402 0.0194454 0.999689 0.542505
0.928005 0.37251 0.00649625 69.9147 -0.372222 0.927756 -0.0268357 -2.31758 -0.0160235 0.0224856 0.999619 0.554755
0.915861 0.401493 0.00159865 70.8281 -0.401314 0.915559 -0.0264227 -2.72299 -0.0120722 0.023558 0.99965 0.537202
0.902847 0.42994 -0.0043315 71.6829 -0.429891 0.902471 -0.0271825 -3.10851 -0.00777777 0.0264037 0.999621 0.548811
0.88853 0.458738 -0.00857298 72.541 -0.458781 0.888069 -0.0292047 -3.54064 -0.00578392 0.0298824 0.999537 0.555263
0.872575 0.488434 -0.00672349 73.3868 -0.488402 0.872106 -0.0299146 -4.0202 -0.00874773 0.0293865 0.99953 0.56652
0.854901 0.51879 -0.000994018 74.196 -0.518593 0.854521 -0.029239 -4.49474 -0.0143195 0.0255119 0.999572 0.551543
0.835201 0.549944 0.00116527 75.0229 -0.549678 0.834859 -0.0293932 -5.00505 -0.0171374 0.0239087 0.999567 0.535441
0.813818 0.58112 -0.000335275 75.7902 -0.580956 0.813576 -0.0241614 -5.53111 -0.0137679 0.0198577 0.999708 0.547748
0.791688 0.610915 -0.00357213 76.546 -0.610878 0.79154 -0.0171178 -6.07741 -0.00763002 0.0157341 0.999847 0.552198
0.768803 0.639467 -0.00480495 77.263 -0.639461 0.768687 -0.0144845 -6.68267 -0.00556886 0.0142083 0.999884 0.540599
0.74539 0.666617 -0.0040152 77.9502 -0.666575 0.745241 -0.0171328 -7.28663 -0.00842872 0.0154471 0.999845 0.552334
0.720984 0.692936 -0.00462722 78.6171 -0.692895 0.720825 -0.0175379 -7.89985 -0.00881724 0.0158507 0.999835 0.532526
0.695422 0.718571 -0.00660873 79.2553 -0.718567 0.695268 -0.0162553 -8.57502 -0.00708572 0.0160531 0.999846 0.565278
0.669019 0.743206 -0.00766035 79.8781 -0.743227 0.668894 -0.013929 -9.21456 -0.00522817 0.0150121 0.999874 0.565389
0.64188 0.766765 -0.00791416 80.4542 -0.766794 0.64178 -0.0120215 -9.91715 -0.00413849 0.0137849 0.999896 0.550233
0.613717 0.78947 -0.00936609 81.0428 -0.789522 0.613632 -0.0105138 -10.602 -0.00255299 0.0138472 0.999901 0.5597
0.584897 0.811021 -0.0118689 81.5667 -0.811101 0.584887 -0.00464319 -11.3092 0.00317626 0.0123427 0.999919 0.570813
0.554761 0.831869 -0.0153289 82.0615 -0.831925 0.554873 0.00409358 -12.0989 0.0119109 0.0104816 0.999874 0.571317
0.52343 0.85188 -0.0179326 82.5668 -0.851842 0.52366 0.0120321 -12.8417 0.0196405 0.00897782 0.999767 0.59924
0.491712 0.870594 -0.0168982 83.0393 -0.870456 0.49196 0.0167754 -13.6379 0.0229178 0.00646049 0.999716 0.615446
0.459386 0.888142 -0.0129912 83.4677 -0.888 0.459552 0.0163768 -14.474 0.020515 0.0040129 0.999781 0.635541
0.425878 0.904753 -0.00707137 83.8829 -0.904625 0.425937 0.0151912 -15.3036 0.0167562 -7.26583e-05 0.99986 0.656866
0.391628 0.920123 -0.00138834 84.2664 -0.919997 0.391599 0.0160068 -16.1784 0.0152719 -0.00499144 0.999871 0.682102
0.356582 0.934245 0.00602017 84.6489 -0.934144 0.356425 0.0183626 -17.023 0.0150095 -0.0121715 0.999813 0.713353
0.320899 0.947038 0.0119182 84.9706 -0.946988 0.320626 0.0203227 -17.8974 0.015425 -0.0178079 0.999722 0.709173
0.284515 0.958539 0.0159431 85.2382 -0.958567 0.284199 0.0195134 -18.8381 0.0141734 -0.0208343 0.999682 0.737502
0.247801 0.968652 0.0175337 85.5075 -0.968711 0.247475 0.0188202 -19.7343 0.013891 -0.0216487 0.999669 0.755701
0.212183 0.977058 0.0183112 85.7198 -0.977139 0.21187 0.0176164 -20.6458 0.0133327 -0.0216305 0.999677 0.777224
0.176827 0.984101 0.0166558 85.8995 -0.984149 0.176552 0.0167604 -21.6097 0.0135533 -0.0193555 0.999721 0.78589
0.14176 0.989847 0.0103786 86.0499 -0.989808 0.141594 0.0152332 -22.5563 0.013609 -0.0124323 0.99983 0.823304
0.107418 0.994172 0.00909599 86.1318 -0.994074 0.107245 0.0177631 -23.5395 0.0166841 -0.0109502 0.999801 0.852351
0.0750195 0.997152 0.00774454 86.2436 -0.99692 0.0748195 0.023495 -24.478 0.0228486 -0.00948327 0.999694 0.839102
0.0455634 0.998956 0.00326518 86.2963 -0.998637 0.0454651 0.0256226 -25.4593 0.0254474 -0.00442818 0.999666 0.898009
0.0198093 0.999803 0.00125571 86.2943 -0.999504 0.0197726 0.0245279 -26.4409 0.0244982 -0.00174097 0.999698 0.920906
-0.00249875 0.999997 0.000246401 86.3182 -0.999768 -0.00250345 0.0213869 -27.4176 0.0213874 -0.000192903 0.999771 0.938731
-0.021799 0.999762 -0.000835335 86.3062 -0.999573 -0.0217786 0.019478 -28.4038 0.0194552 0.00125958 0.99981 0.968182
-0.0394626 0.99922 -0.0013698 86.2383 -0.998993 -0.0394243 0.0214114 -29.4127 0.0213407 0.00221337 0.99977 0.998756
-0.0532065 0.998577 -0.00353958 86.2195 -0.998245 -0.0530958 0.0262319 -30.3605 0.0260067 0.00492907 0.99965 1.0111
-0.0657508 0.997815 -0.00646045 86.164 -0.997392 -0.0655272 0.0302425 -31.3661 0.0297531 0.00843207 0.999522 1.05131
-0.0751444 0.997106 -0.0115595 86.0787 -0.996616 -0.07471 0.0342844 -32.3446 0.0333216 0.0140966 0.999345 1.08204
-0.0807302 0.996634 -0.0142792 85.9938 -0.996017 -0.0801194 0.0391401 -33.3407 0.0378643 0.0173821 0.999132 1.12769
-0.0846978 0.996274 -0.0162894 85.9202 -0.995479 -0.0839022 0.0445279 -34.3326 0.0429953 0.0199872 0.998875 1.1599
-0.0882063 0.995957 -0.0170141 85.8308 -0.995024 -0.0873037 0.0480051 -35.3402 0.0463256 0.0211638 0.998702 1.21501
-0.0906405 0.995725 -0.0177961 85.7414 -0.994656 -0.0896274 0.0512415 -36.3196 0.0494274 0.0223455 0.998528 1.26144
-0.0937822 0.995428 -0.0181 85.6525 -0.994205 -0.0926764 0.0544777 -37.3462 0.0525511 0.0231041 0.998351 1.31564
-0.0957369 0.995228 -0.0188675 85.5484 -0.993817 -0.0944961 0.0582921 -38.3503 0.056231 0.0243316 0.998121 1.37543
-0.097606 0.995017 -0.0203572 85.4531 -0.993576 -0.096247 0.0595184 -39.3441 0.0572625 0.0260358 0.99802 1.44428
-0.100102 0.994746 -0.0214441 85.3544 -0.993371 -0.0986926 0.0589462 -40.3524 0.0565201 0.0272026 0.998031 1.49251
-0.101925 0.994557 -0.0216187 85.2488 -0.993217 -0.100517 0.0584524 -41.3945 0.0559612 0.0274299 0.998056 1.55983
-0.103962 0.994374 -0.0203028 85.1686 -0.992956 -0.102604 0.059247 -42.3917 0.0568305 0.0263192 0.998037 1.62626
-0.107033 0.994075 -0.0189363 85.0669 -0.992512 -0.105699 0.0612252 -43.4189 0.0588609 0.0253477 0.997944 1.68054
-0.109087 0.99389 -0.0168414 84.9457 -0.992131 -0.107815 0.0636483 -44.4511 0.0614437 0.0236521 0.99783 1.74731
-0.111957 0.993612 -0.0141425 84.8224 -0.991573 -0.110771 0.0671765 -45.4929 0.0651808 0.0215443 0.997641 1.81697
-0.114027 0.993429 -0.00979886 84.7332 -0.991026 -0.113048 0.071327 -46.5318 0.0697506 0.0178441 0.997405 1.8906
-0.115678 0.993264 -0.00668215 84.6151 -0.990654 -0.114879 0.0735404 -47.5645 0.0722774 0.0151267 0.99727 1.96582
-0.118737 0.992918 -0.00390239 84.4852 -0.99039 -0.118152 0.0718853 -48.5918 0.0709151 0.0124004 0.997405 2.05269
-0.121212 0.992621 -0.00322891 84.3906 -0.99031 -0.120707 0.0686719 -49.6743 0.0677754 0.0115215 0.997634 2.10721
-0.123684 0.992318 -0.0025552 84.2587 -0.990142 -0.123242 0.0665593 -50.7334 0.0657331 0.0107624 0.997779 2.19553
-0.126198 0.992002 -0.00251229 84.126 -0.989806 -0.12575 0.0668596 -51.7717 0.0660089 0.0109243 0.997759 2.26758
-0.126918 0.991909 -0.00273013 83.9938 -0.989535 -0.126423 0.0695567 -52.8652 0.0686488 0.0115296 0.997574 2.3458
-0.127492 0.991838 -0.00188431 83.8604 -0.989291 -0.127028 0.0718802 -53.8968 0.0710542 0.0110283 0.997411 2.42071
-0.128478 0.991712 -0.000834711 83.7198 -0.989093 -0.128077 0.0727473 -54.9772 0.0720374 0.010172 0.99735 2.50972
-0.127656 0.991818 0.00137426 83.5878 -0.989263 -0.127426 0.0715677 -56.0566 0.0711572 0.00777652 0.997435 2.58092
-0.127425 0.991839 0.00418507 83.4896 -0.989293 -0.127398 0.0711937 -57.1234 0.0711459 0.00493159 0.997454 2.65834
-0.127267 0.991827 0.00904274 83.3244 -0.989215 -0.127588 0.0719391 -58.2289 0.0725049 0.000210279 0.997368 2.75127
-0.127071 0.991802 0.013463 83.205 -0.989182 -0.127715 0.0721613 -59.3031 0.0732892 -0.00414774 0.997302 2.82761
-0.126935 0.991776 0.0163784 83.0945 -0.989221 -0.127788 0.0715022 -60.4047 0.0730071 -0.00712578 0.997306 2.92134
-0.127523 0.991695 0.0167025 82.9438 -0.989494 -0.12836 0.066527 -61.4989 0.0681184 -0.00804332 0.997645 2.99287
-0.128122 0.991684 0.0121481 82.7975 -0.989973 -0.128617 0.0583998 -62.5862 0.0594766 -0.00454395 0.998219 3.06263
-0.128503 0.991701 0.00402906 82.6699 -0.990274 -0.128535 0.053254 -63.6936 0.0533299 0.00285345 0.998573 3.12345
-0.127511 0.991834 -0.00254441 82.5163 -0.990353 -0.127179 0.0550101 -64.8062 0.0542372 0.00953424 0.998483 3.20169
-0.127527 0.991815 -0.00627383 82.3606 -0.990077 -0.126922 0.0603144 -65.9089 0.0590245 0.0139033 0.99816 3.27383
-0.126406 0.991934 -0.00936114 82.2163 -0.989888 -0.125521 0.0660833 -67.0216 0.0643752 0.0176198 0.99777 3.33279
-0.126257 0.991964 -0.00811565 82.0679 -0.989698 -0.125403 0.0690752 -68.1377 0.0675024 0.0167533 0.997578 3.45204
-0.126043 0.991999 -0.00721385 81.9354 -0.989777 -0.125264 0.0681978 -69.2608 0.0667485 0.0157359 0.997646 3.49426
-0.125096 0.992112 -0.0080447 81.8024 -0.990195 -0.124338 0.0636694 -70.3863 0.0621669 0.0159306 0.997939 3.55782
-0.124913 0.992147 -0.00646735 81.668 -0.990328 -0.124282 0.061678 -71.5282 0.0603899 0.0141092 0.998075 3.64098
-0.12501 0.992148 -0.00376356 81.5297 -0.990273 -0.124538 0.0620468 -72.6763 0.0610909 0.0114834 0.998066 3.70651
-0.124504 0.992214 -0.00313648 81.385 -0.990052 -0.124023 0.0664506 -73.8186 0.0655442 0.0113787 0.997785 3.79575
-0.124492 0.992217 -0.00253287 81.2462 -0.989826 -0.124014 0.0697557 -74.9487 0.0688987 0.0111911 0.997561 3.87743
-0.123629 0.992328 -0.000848226 81.114 -0.990024 -0.123284 0.068215 -76.1105 0.0675871 0.00927313 0.99767 3.96895
-0.123527 0.992319 -0.00664173 80.9633 -0.990456 -0.122877 0.0624377 -77.2537 0.0611421 0.0142911 0.998027 4.02029
-0.123844 0.992282 -0.00629437 80.8106 -0.99053 -0.123241 0.0605163 -78.4047 0.0592735 0.0137293 0.998147 4.09908
-0.123124 0.992386 -0.00320515 80.6844 -0.99043 -0.122677 0.0632327 -79.5784 0.062358 0.01096 0.997994 4.17498
-0.122729 0.992439 -0.00129472 80.5529 -0.990283 -0.122376 0.0660544 -80.7351 0.0653965 0.00938894 0.997815 4.25492
-0.123062 0.992399 -0.000401486 80.3922 -0.990251 -0.122769 0.0658025 -81.9405 0.0652531 0.00849538 0.997833 4.34607
-0.122774 0.992434 -0.00103117 80.2674 -0.990487 -0.122468 0.0627541 -83.1131 0.0621531 0.00872594 0.998028 4.40419
-0.121398 0.992601 -0.00224014 80.1415 -0.990744 -0.121032 0.0614591 -84.321 0.0607333 0.00968041 0.998107 4.49102
-0.121072 0.992638 -0.00333099 79.9701 -0.990775 -0.120637 0.061732 -85.4872 0.0608757 0.0107743 0.998087 4.56776
-0.120039 0.992755 -0.0052517 79.8263 -0.990901 -0.119487 0.0619443 -86.6932 0.060868 0.0126397 0.998066 4.65087
-0.119149 0.992859 -0.00580359 79.6997 -0.991006 -0.118564 0.0620458 -87.8729 0.0609147 0.0131441 0.998056 4.71292
-0.117967 0.993004 -0.00516125 79.5565 -0.991157 -0.117427 0.0617977 -89.0805 0.0607593 0.0124057 0.998075 4.80603
-0.116514 0.993154 -0.00837141 79.4216 -0.991406 -0.115796 0.0608772 -90.2918 0.0594911 0.0153925 0.99811 4.87249
-0.115588 0.993279 -0.00609697 79.2986 -0.991555 -0.11502 0.0599169 -91.5066 0.0588129 0.0129712 0.998185 4.95292
-0.114161 0.993431 -0.00785823 79.1621 -0.991756 -0.113498 0.0594916 -92.7303 0.0582089 0.0145851 0.998198 5.02835
-0.112246 0.993661 -0.0062838 79.0347 -0.991933 -0.111671 0.0599902 -93.9479 0.0589082 0.0129668 0.998179 5.10055
-0.110803 0.993831 -0.00467495 78.8902 -0.991971 -0.110305 0.0618495 -95.1696 0.0609523 0.0114905 0.998075 5.1875
-0.109641 0.993968 -0.0026763 78.7581 -0.992111 -0.109271 0.0614492 -96.4102 0.0607861 0.00939253 0.998107 5.25791
-0.108627 0.994079 -0.00266239 78.6502 -0.992278 -0.108268 0.0605238 -97.6467 0.0598771 0.00921634 0.998163 5.32787
-0.108593 0.994085 0.00155538 78.5201 -0.992238 -0.108486 0.0607802 -98.8692 0.0605894 0.005057 0.99815 5.41794
-0.108919 0.994033 0.00588077 78.3943 -0.992212 -0.109075 0.0601547 -100.137 0.0604372 0.00071702 0.998172 5.49748
-0.109966 0.993916 0.0062665 78.2596 -0.992212 -0.110144 0.0581695 -101.382 0.0585058 0.000178984 0.998287 5.57062
-0.110978 0.993786 0.00860488 78.1153 -0.992185 -0.111288 0.0564229 -102.643 0.0570299 -0.00227591 0.99837 5.64779
-0.11215 0.993638 0.0102676 77.9833 -0.992077 -0.11255 0.0558252 -103.911 0.0566257 -0.00392545 0.998388 5.7299
-0.113612 0.99346 0.0114215 77.8535 -0.991908 -0.114075 0.0557261 -105.184 0.0566645 -0.00499792 0.998381 5.81366
-0.115834 0.993182 0.0131279 77.7267 -0.991757 -0.116377 0.0536194 -106.416 0.0547816 -0.00680876 0.998475 5.89855
-0.119127 0.992832 0.00970414 77.6239 -0.991529 -0.119469 0.0509665 -107.67 0.0517605 -0.00355044 0.998653 5.94411
-0.122875 0.992363 0.0108471 77.4662 -0.991095 -0.123268 0.0503639 -108.909 0.0513163 -0.00456199 0.998672 6.00648
-0.127755 0.991628 0.0187903 77.303 -0.990193 -0.128605 0.0545712 -110.134 0.0565309 -0.0116343 0.998333 6.10647
-0.135891 0.990342 0.0275016 77.1507 -0.988905 -0.137271 0.0567801 -111.399 0.0600069 -0.0194806 0.998008 6.1836
-0.144634 0.989275 0.020381 76.9735 -0.987874 -0.145543 0.0540514 -112.647 0.0564381 -0.0123162 0.99833 6.25306
-0.15583 0.987674 0.0147046 76.7986 -0.986316 -0.156393 0.0521819 -113.869 0.0538385 -0.00637185 0.998529 6.33111
-0.169034 0.985453 0.0176013 76.5926 -0.984125 -0.169732 0.0518638 -115.083 0.0540968 -0.00855515 0.998499 6.42639
-0.183261 0.982883 0.0188652 76.3714 -0.981566 -0.184007 0.0516736 -116.295 0.0542604 -0.00904766 0.998486 6.49538
-0.197549 0.980188 0.0143634 76.1686 -0.97884 -0.198033 0.0515295 -117.544 0.053353 -0.00387982 0.998568 6.54992
-0.21281 0.976986 0.0144787 75.886 -0.975598 -0.213281 0.052157 -118.737 0.0540447 -0.00302583 0.998534 6.64345
-0.227983 0.973564 0.0140043 75.6223 -0.971944 -0.228411 0.0561473 -119.921 0.0578618 -0.000810785 0.998324 6.7171
-0.243601 0.969674 0.0197469 75.3659 -0.967922 -0.244352 0.0584795 -121.104 0.0615313 -0.00486778 0.998093 6.80454
-0.25895 0.965619 0.0229292 75.0808 -0.963977 -0.259858 0.0567718 -122.266 0.0607782 -0.00740214 0.998124 6.88407
-0.275007 0.961062 0.0270273 74.7679 -0.959754 -0.276081 0.0515017 -123.438 0.0569581 -0.0117762 0.998307 6.94912
-0.290135 0.956576 0.028004 74.4221 -0.955415 -0.29121 0.0487759 -124.63 0.0548129 -0.0126038 0.998417 7.01904
-0.305824 0.951484 0.0338957 74.0782 -0.95042 -0.307202 0.0482605 -125.763 0.0563319 -0.0174559 0.998259 7.10892
-0.319103 0.947065 0.0352383 73.746 -0.94589 -0.320577 0.0502341 -126.912 0.0588715 -0.0173017 0.998116 7.186
-0.333507 0.94205 0.0362527 73.3372 -0.940795 -0.335043 0.051479 -128.039 0.060642 -0.0169378 0.998016 7.26564
-0.347406 0.93704 0.0355611 72.9269 -0.935743 -0.348884 0.0516216 -129.206 0.0607782 -0.0153425 0.998033 7.34567
-0.36209 0.931456 0.035782 72.495 -0.930234 -0.363538 0.0500567 -130.309 0.0596337 -0.0151606 0.998105 7.42269
-0.376444 0.925726 0.0363342 72.0674 -0.924565 -0.377887 0.048793 -131.416 0.0588992 -0.0152254 0.998148 7.50425
-0.39147 0.919349 0.0393392 71.6026 -0.91817 -0.393085 0.0494728 -132.502 0.0609464 -0.0167529 0.998 7.57818
-0.405835 0.913055 0.040353 71.1336 -0.911773 -0.407518 0.0509887 -133.608 0.0630001 -0.0160998 0.997884 7.66074
-0.420375 0.906387 0.0417999 70.6486 -0.904992 -0.422157 0.0526693 -134.674 0.0653849 -0.0156877 0.997737 7.73826
-0.435395 0.89929 0.0413331 70.1319 -0.897679 -0.437159 0.0553601 -135.775 0.067854 -0.0130004 0.997611 7.81953
-0.449541 0.892151 0.0444994 69.6091 -0.890328 -0.451542 0.0585369 -136.852 0.0723171 -0.0133043 0.997293 7.91694
-0.464664 0.884261 0.0465795 69.0841 -0.882384 -0.466795 0.0591707 -137.932 0.0740654 -0.0136065 0.997161 8.01473
-0.479891 0.87604 0.0475226 68.5121 -0.874225 -0.482043 0.0580008 -138.993 0.073719 -0.0137114 0.997185 8.10885
-0.495664 0.867108 0.0493997 67.9383 -0.865535 -0.497871 0.0545244 -140.058 0.0718733 -0.0157314 0.99729 8.17062
-0.511784 0.857553 0.0517603 67.3042 -0.85607 -0.514112 0.0532346 -141.108 0.0722621 -0.0170658 0.99724 8.27977
-0.5278 0.847617 0.054521 66.6928 -0.846237 -0.530277 0.0518594 -142.138 0.0728681 -0.0187663 0.997165 8.36244
-0.543382 0.837643 0.0555906 66.0498 -0.836259 -0.545905 0.0515642 -143.196 0.0735396 -0.018469 0.997121 8.45931
-0.559039 0.827055 0.0587787 65.3612 -0.825767 -0.561753 0.0504321 -144.197 0.0747292 -0.0203439 0.996996 8.54615
-0.574389 0.816368 0.0601691 64.6532 -0.815096 -0.577172 0.049903 -145.243 0.0754672 -0.0203799 0.99694 8.65222
-0.589833 0.805154 0.0618429 63.9222 -0.804108 -0.59265 0.0466501 -146.265 0.0742117 -0.0222126 0.996995 8.75182
-0.604736 0.79415 0.060166 63.2048 -0.79323 -0.607349 0.0437372 -147.25 0.0712757 -0.021276 0.99723 8.82906
-0.620013 0.782302 0.0599006 62.4443 -0.781504 -0.622537 0.0412187 -148.233 0.0695358 -0.0212564 0.997353 8.92816
-0.634409 0.770642 0.0603036 61.6772 -0.769851 -0.636933 0.0405704 -149.231 0.0696746 -0.0206865 0.997355 9.01095
-0.649015 0.757963 0.0653561 60.874 -0.757286 -0.651868 0.0398209 -150.168 0.0727864 -0.0236488 0.997067 9.11716
-0.663748 0.744731 0.0693833 60.0686 -0.744127 -0.666877 0.0393631 -151.155 0.0755851 -0.0255029 0.996813 9.21873
-0.679797 0.729841 0.0721718 59.1967 -0.729599 -0.682998 0.034645 -152.095 0.0745785 -0.0291048 0.99679 9.3226
-0.695644 0.714806 0.0716356 58.3241 -0.714841 -0.698655 0.0297109 -153.027 0.0712861 -0.0305399 0.996988 9.39073
-0.712377 0.698049 0.0724256 57.4514 -0.698282 -0.715341 0.0262709 -153.944 0.0701473 -0.0318587 0.997028 9.49269
-0.729696 0.679693 0.0745744 56.5137 -0.680113 -0.732729 0.0235278 -154.841 0.0706345 -0.0335508 0.996938 9.5978
-0.746644 0.660652 0.0778519 55.5815 -0.661452 -0.749754 0.0187195 -155.688 0.0707368 -0.0375186 0.996789 9.68675
-0.763142 0.641544 0.0776843 54.6192 -0.642248 -0.766265 0.0188715 -156.557 0.0716337 -0.035491 0.996799 9.7621
-0.778849 0.622088 0.0800014 53.6375 -0.622935 -0.78209 0.016957 -157.358 0.073117 -0.0366287 0.996651 9.90926
-0.794001 0.602915 0.0778149 52.6108 -0.603475 -0.797161 0.0187757 -158.145 0.0733512 -0.0320514 0.996791 9.96786
-0.808533 0.583625 0.0752164 51.6021 -0.584007 -0.811524 0.0191008 -158.932 0.0721876 -0.0284832 0.996984 10.0794
-0.822679 0.563286 0.0768639 50.5417 -0.563483 -0.825856 0.0211772 -159.671 0.0754074 -0.0258895 0.996817 10.172
-0.836077 0.5426 0.0809969 49.5006 -0.54289 -0.839558 0.0203235 -160.368 0.0790292 -0.0269804 0.996507 10.2937
-0.848673 0.522841 0.0799442 48.3986 -0.522968 -0.852093 0.021018 -161.068 0.079109 -0.0239709 0.996578 10.4018
-0.8604 0.503536 0.078504 47.2889 -0.503587 -0.863699 0.020592 -161.728 0.0781726 -0.0218162 0.996701 10.4893
-0.87098 0.484984 0.0786413 46.1988 -0.484864 -0.874315 0.0218964 -162.381 0.0793767 -0.0190591 0.996662 10.5901
-0.880553 0.467085 0.080359 45.1022 -0.466775 -0.884057 0.0237595 -162.976 0.0821397 -0.0165881 0.996483 10.7271
-0.888825 0.450607 0.0833244 43.9574 -0.450465 -0.892533 0.0215647 -163.574 0.084087 -0.0183675 0.996289 10.8328
-0.896831 0.434403 0.0835981 42.8308 -0.434301 -0.900538 0.020357 -164.158 0.0841264 -0.01805 0.996292 10.9218
-0.903731 0.419654 0.0846204 41.663 -0.419701 -0.907482 0.0181022 -164.698 0.0843881 -0.0191557 0.996249 11.043
-0.910484 0.404775 0.0847163 40.5241 -0.404916 -0.914209 0.0162793 -165.244 0.0840378 -0.0194809 0.996272 11.1648
-0.91651 0.390826 0.0852309 39.335 -0.391262 -0.920198 0.0122306 -165.763 0.0832094 -0.0221381 0.996286 11.2838
-0.922351 0.377257 0.0833365 38.1493 -0.377905 -0.925806 0.00846158 -166.263 0.0803456 -0.0236888 0.996486 11.3769
-0.92732 0.365412 0.0809413 36.9363 -0.366302 -0.930487 0.00409899 -166.744 0.0768127 -0.0258479 0.99671 11.496
-0.93188 0.354403 0.0774444 35.7434 -0.355052 -0.934829 0.00568901 -167.23 0.0744135 -0.0221953 0.99698 11.5807
-0.935113 0.345978 0.0765685 34.5604 -0.346401 -0.938052 0.00811877 -167.698 0.0746341 -0.0189314 0.997031 11.7111
-0.937323 0.339878 0.0768636 33.3811 -0.33979 -0.940388 0.0146253 -168.125 0.0772524 -0.0124089 0.996934 11.7966
-0.939209 0.334555 0.0772025 32.1713 -0.334354 -0.942313 0.0159034 -168.551 0.0780695 -0.0108763 0.996889 11.9247
-0.941023 0.329321 0.0776134 30.9483 -0.329245 -0.944139 0.0141489 -168.983 0.0779373 -0.0122394 0.996883 12.0325
-0.942743 0.324668 0.0763297 29.7361 -0.32507 -0.945661 0.00744743 -169.434 0.0745999 -0.0177915 0.997055 12.1181
-0.944708 0.31892 0.0762625 28.5277 -0.31965 -0.947532 0.00276371 -169.852 0.0731425 -0.0217664 0.997084 12.2177
-0.945903 0.31447 0.0798484 27.3028 -0.315838 -0.948801 -0.00479255 -170.279 0.0742531 -0.0297524 0.996796 12.3154
-0.94685 0.310653 0.0834818 26.0945 -0.312337 -0.949941 -0.00759611 -170.695 0.0769431 -0.0332669 0.99648 12.421
-0.947485 0.308142 0.0855605 24.8943 -0.309934 -0.950723 -0.00818401 -171.078 0.0788224 -0.0342724 0.996299 12.5273
-0.947411 0.307836 0.0874553 23.6724 -0.309573 -0.950852 -0.00670706 -171.51 0.0810923 -0.0334281 0.996146 12.636
-0.947348 0.307769 0.0883772 22.4255 -0.309354 -0.950936 -0.00448902 -171.911 0.0826595 -0.0315925 0.996077 12.7559
-0.947029 0.308348 0.0897675 21.2157 -0.309928 -0.950752 -0.003882 -172.328 0.0841496 -0.0314979 0.995955 12.8609
-0.94646 0.309798 0.0907693 20.011 -0.311334 -0.950296 -0.0029281 -172.72 0.0853505 -0.0310309 0.995868 12.9776
-0.945789 0.31202 0.0901494 18.8233 -0.313334 -0.949643 -0.000447703 -173.114 0.0854701 -0.0286703 0.995928 13.0873
-0.944913 0.314734 0.0898951 17.6166 -0.316074 -0.948734 -0.000708128 -173.537 0.0850637 -0.0290827 0.995951 13.2088
-0.943481 0.31871 0.0909282 16.3746 -0.320304 -0.94731 -0.00311802 -173.975 0.0851435 -0.0320665 0.995853 13.3321
-0.942158 0.323104 0.0891164 15.1647 -0.324662 -0.945825 -0.00317733 -174.4 0.0832619 -0.0319263 0.996016 13.4467
-0.940336 0.329047 0.0865743 13.9877 -0.330688 -0.943727 -0.00493316 -174.807 0.0800793 -0.0332679 0.996233 13.5509
-0.938056 0.33593 0.0848632 12.7618 -0.337662 -0.941245 -0.0065315 -175.254 0.077683 -0.034782 0.996371 13.6533
-0.935701 0.342891 0.0830082 11.6116 -0.344441 -0.938796 -0.00468992 -175.654 0.0763197 -0.0329798 0.996538 13.768
-0.93233 0.35188 0.0833192 10.4353 -0.353388 -0.93547 -0.00361829 -176.123 0.0766694 -0.0328175 0.996516 13.8589
-0.928517 0.361533 0.0845579 9.20296 -0.362981 -0.931795 -0.00188922 -176.589 0.0781075 -0.0324471 0.996417 13.9858
-0.924541 0.37173 0.0839115 8.02292 -0.373018 -0.927824 0.000348055 -177.064 0.0779845 -0.0309788 0.996473 14.0845
-0.919631 0.383723 0.0838833 6.88087 -0.384863 -0.922969 0.00277088 -177.545 0.0784849 -0.0297354 0.996472 14.1786
-0.914186 0.396286 0.0849803 5.71149 -0.397406 -0.917634 0.0040337 -178.061 0.0795793 -0.0300841 0.996374 14.289
-0.907966 0.410513 0.0841254 4.56686 -0.411453 -0.911407 0.00664746 -178.588 0.0794013 -0.028578 0.996433 14.41
-0.902172 0.423558 0.0817594 3.39234 -0.424495 -0.905407 0.00642107 -179.077 0.0767453 -0.0289136 0.996631 14.5018
-0.895779 0.437293 0.0797158 2.24327 -0.437927 -0.898952 0.0102827 -179.628 0.0761572 -0.0256987 0.996765 14.6075
-0.888885 0.4512 0.0793884 1.12735 -0.451819 -0.892042 0.0110182 -180.209 0.0757892 -0.0260753 0.996783 14.719
-0.882171 0.464906 0.0750734 0.00496635 -0.465267 -0.885065 0.0136819 -180.798 0.0728056 -0.0228593 0.997084 14.8132
-0.874695 0.479547 0.0703084 -1.10873 -0.479618 -0.877313 0.016975 -181.422 0.0698228 -0.0188732 0.997381 14.9128
-0.867231 0.493444 0.0665129 -2.21238 -0.493264 -0.869644 0.02025 -182.008 0.0678348 -0.015247 0.99758 15.0161
-0.858425 0.508889 0.0643344 -3.29668 -0.508566 -0.860728 0.0225288 -182.602 0.0668391 -0.013379 0.997674 15.1116
-0.847746 0.52704 0.0596278 -4.36756 -0.526444 -0.849794 0.0265747 -183.306 0.0646773 -0.00886214 0.997867 15.2055
-0.837533 0.543445 0.056627 -5.37897 -0.542671 -0.839424 0.0296003 -183.95 0.0636202 -0.00593864 0.997957 15.2975
-0.826406 0.560426 0.0545531 -6.47823 -0.559588 -0.82819 0.0310132 -184.62 0.0625609 -0.0048978 0.998029 15.3918
-0.814951 0.577139 0.0525765 -7.41879 -0.57617 -0.81664 0.0335692 -185.306 0.0623102 -0.00293576 0.998053 15.4751
-0.80235 0.594655 0.0511856 -8.42185 -0.593613 -0.803979 0.0352373 -186.068 0.0621061 -0.0021118 0.998067 15.5619
-0.788935 0.612688 0.0468523 -9.45116 -0.611564 -0.790324 0.0371034 -186.81 0.0597613 0.000619014 0.998213 15.6461
-0.774102 0.631623 0.0426453 -10.3551 -0.630442 -0.77527 0.0387278 -187.533 0.057523 0.00309391 0.998339 15.7322
-0.758194 0.650709 0.0414683 -11.2862 -0.649412 -0.759314 0.0413002 -188.275 0.0583619 0.00438348 0.998286 15.8114
-0.740579 0.670753 0.0404148 -12.2274 -0.669254 -0.741652 0.0452916 -189.128 0.0603532 0.00649423 0.998156 15.8901
-0.723445 0.689208 0.0402461 -13.0591 -0.687714 -0.724544 0.0456646 -189.913 0.0606325 0.005358 0.998146 15.9816
-0.704186 0.708994 0.038087 -13.974 -0.707513 -0.705193 0.0461371 -190.768 0.0595696 0.00554204 0.998209 16.0737
-0.684961 0.727615 0.0374688 -14.7639 -0.726168 -0.685972 0.0460765 -191.636 0.0592285 0.00435201 0.998235 16.1482
-0.664303 0.746516 0.0376215 -15.5195 -0.745092 -0.665362 0.0461743 -192.505 0.0595018 0.00264227 0.998225 16.2251
-0.643052 0.764866 0.0382757 -16.3247 -0.763406 -0.644189 0.0472422 -193.445 0.0607907 0.00115929 0.99815 16.3096
-0.622808 0.781456 0.0379054 -17.0584 -0.780069 -0.62396 0.046552 -194.323 0.0600298 -0.000575866 0.998196 16.3848
-0.600525 0.798853 0.0346918 -17.7519 -0.797438 -0.601526 0.0475437 -195.269 0.0588485 0.000886609 0.998267 16.4564
-0.57593 0.816802 0.0337447 -18.4693 -0.815438 -0.576917 0.0471908 -196.226 0.0580135 -0.000338163 0.998316 16.5502
-0.551102 0.833832 0.0318035 -19.1101 -0.832311 -0.552017 0.0503544 -197.186 0.0595432 0.00127995 0.998225 16.6294
-0.524163 0.851121 0.0290794 -19.7255 -0.849515 -0.524962 0.052343 -198.191 0.0598158 0.00273293 0.998206 16.7019
-0.497578 0.866957 0.0283054 -20.315 -0.865439 -0.498381 0.0512964 -199.208 0.0585787 0.00102733 0.998282 16.7799
-0.469875 0.882352 0.0259464 -20.898 -0.880979 -0.470591 0.0491987 -200.239 0.0556207 0.000258973 0.998452 16.86
-0.440339 0.897518 0.0237122 -21.4419 -0.896096 -0.440976 0.0505112 -201.256 0.0557912 0.000993667 0.998442 16.9367
-0.40975 0.911943 0.0215599 -21.9215 -0.910385 -0.410311 0.0533271 -202.321 0.0574775 0.00222302 0.998344 17.0008
-0.378523 0.925387 0.0194568 -22.3772 -0.923755 -0.379012 0.0550241 -203.406 0.058293 0.00285455 0.998295 17.0814
-0.346162 0.938039 0.0159925 -22.8108 -0.936397 -0.346504 0.0556349 -204.486 0.0577292 0.00428335 0.998323 17.1692
-0.315078 0.948986 0.0123313 -23.1884 -0.947361 -0.315263 0.0558182 -205.569 0.0568583 0.00590484 0.998365 17.2242
-0.280688 0.959761 0.00858544 -23.5295 -0.958186 -0.280724 0.0554359 -206.73 0.0556153 0.00733375 0.998425 17.3093
-0.246487 0.969133 0.00506988 -23.8145 -0.967663 -0.246396 0.0540046 -207.858 0.0535868 0.0084055 0.998528 17.3726
-0.213196 0.977008 0.00143177 -24.1256 -0.975624 -0.212972 0.0529263 -208.98 0.0520144 0.00988682 0.998597 17.4444
-0.176476 0.984305 -0.000759503 -24.3572 -0.982976 -0.176198 0.0520756 -210.171 0.0511245 0.00993668 0.998643 17.5225
-0.141657 0.989908 -0.00390909 -24.4817 -0.988542 -0.141251 0.053215 -211.311 0.0521258 0.0114026 0.998575 17.5883
-0.106851 0.994254 -0.00638718 -24.6266 -0.992937 -0.106372 0.0525527 -212.405 0.0515713 0.0119574 0.998598 17.6497
-0.071217 0.997432 -0.00759847 -24.7403 -0.996074 -0.0707144 0.0532531 -213.569 0.0525791 0.0113612 0.998552 17.719
-0.0369326 0.999277 -0.00907886 -24.7996 -0.997895 -0.0363939 0.053671 -214.774 0.0533018 0.011042 0.998517 17.788
-0.00274935 0.999946 -0.0100182 -24.8222 -0.998621 -0.00222019 0.0524534 -215.941 0.0524283 0.0101486 0.998573 17.8584
0.0307341 0.999473 -0.0104718 -24.8085 -0.998129 0.0312435 0.0525565 -217.104 0.052856 0.00883697 0.998563 17.9251
0.0632784 0.997907 -0.0133405 -24.7385 -0.996528 0.0639045 0.0533741 -218.259 0.0541149 0.0099168 0.998485 18.0009
0.0955246 0.995311 -0.0152245 -24.651 -0.994071 0.0961813 0.0507104 -219.419 0.051937 0.0102901 0.998597 18.0659
0.125871 0.991866 -0.0189215 -24.4905 -0.990701 0.126671 0.0496685 -220.585 0.0516613 0.0124937 0.998587 18.1338
0.15594 0.987535 -0.0214043 -24.3124 -0.986359 0.156837 0.0499824 -221.739 0.0527164 0.0133181 0.998521 18.2013
0.185987 0.982224 -0.0253995 -24.116 -0.981104 0.187054 0.0494541 -222.885 0.053326 0.0157217 0.998453 18.2652
0.216393 0.975888 -0.0285628 -23.8776 -0.974793 0.217593 0.0493165 -224.029 0.0543424 0.0171711 0.998375 18.3384
0.247017 0.968439 -0.0332896 -23.5893 -0.967492 0.248407 0.0474659 -225.201 0.0542372 0.0204826 0.998318 18.4117
0.275879 0.960507 -0.0362842 -23.2876 -0.959637 0.277383 0.046429 -226.308 0.05466 0.0220108 0.998262 18.4822
0.305902 0.95115 -0.0416757 -22.9405 -0.950404 0.30766 0.0455865 -227.424 0.0561816 0.0256637 0.998091 18.554
0.333976 0.941581 -0.0434209 -22.5688 -0.940849 0.335799 0.0451777 -228.516 0.0571191 0.0257643 0.998035 18.6187
0.362049 0.931024 -0.0459981 -22.1526 -0.930425 0.363944 0.0430713 -229.646 0.0568411 0.0272039 0.998013 18.6974
0.390969 0.919163 -0.047781 -21.7033 -0.918604 0.392923 0.0421582 -230.769 0.0575246 0.0274093 0.997968 18.7718
0.419201 0.906415 -0.0517902 -21.2197 -0.90584 0.421407 0.0432575 -231.859 0.0610339 0.0287801 0.997721 18.853
0.446846 0.892807 -0.056784 -20.6907 -0.89223 0.449386 0.0444837 -232.939 0.0652333 0.030787 0.997395 18.9262
0.475341 0.87778 -0.0596178 -20.1392 -0.877291 0.478011 0.0432101 -234.031 0.0664269 0.0317626 0.997286 19.0158
0.501877 0.862727 -0.0618173 -19.5291 -0.862414 0.504589 0.040387 -235.051 0.0660353 0.0330428 0.99727 19.0971
0.527598 0.847202 -0.0623572 -18.9127 -0.846974 0.530264 0.0381425 -236.083 0.0653802 0.032691 0.997325 19.1846
0.550585 0.832496 -0.0616998 -18.2782 -0.832152 0.55321 0.0384859 -237.072 0.0661723 0.0301538 0.997352 19.2816
0.572575 0.817482 -0.0622986 -17.5913 -0.817085 0.57523 0.0384947 -238.064 0.0673047 0.0288621 0.997315 19.3581
0.591808 0.803623 -0.0628673 -16.8943 -0.803242 0.594467 0.0375701 -239.055 0.0675647 0.0282633 0.997314 19.4485
0.610956 0.789194 -0.0624957 -16.1397 -0.788929 0.613502 0.0347454 -240.021 0.065762 0.0280768 0.99744 19.5338
0.627737 0.775882 -0.0628806 -15.3824 -0.775775 0.630216 0.0316476 -240.953 0.0641831 0.0289148 0.997519 19.6189
0.644257 0.762118 -0.0641067 -14.6046 -0.762173 0.64673 0.028851 -241.916 0.0634476 0.0302729 0.997526 19.7091
0.660085 0.748281 -0.066056 -13.8028 -0.74849 0.662614 0.0265546 -242.844 0.0636399 0.031914 0.997463 19.7932
0.674928 0.734809 -0.0672874 -12.9786 -0.735045 0.677521 0.0259652 -243.722 0.0646681 0.0319346 0.997396 19.8718
0.690451 0.720176 -0.0680048 -12.1243 -0.720421 0.693075 0.0253087 -244.645 0.0653592 0.0315177 0.997364 19.9639
0.705362 0.70565 -0.0672519 -11.2538 -0.705956 0.707877 0.0231804 -245.508 0.0639633 0.0311263 0.997467 20.0399
0.719949 0.690825 -0.0665939 -10.3819 -0.691296 0.722311 0.0194117 -246.366 0.0615116 0.0320606 0.997591 20.1319
0.734249 0.675596 -0.0666945 -9.47014 -0.676113 0.73658 0.0179098 -247.214 0.0612257 0.0319428 0.997613 20.2197
0.747917 0.660124 -0.0696835 -8.56746 -0.660747 0.750416 0.0169818 -248.04 0.0635017 0.0333423 0.997425 20.2991
0.760531 0.645335 -0.071668 -7.61101 -0.646025 0.763144 0.0162005 -248.856 0.0651477 0.0339783 0.997297 20.3774
0.772359 0.631168 -0.0713295 -6.62884 -0.631835 0.774945 0.0156591 -249.677 0.06516 0.032974 0.99733 20.4707
0.783726 0.617063 -0.0707609 -5.6585 -0.617827 0.786204 0.0131411 -250.456 0.0637414 0.033419 0.997407 20.5521
0.794435 0.603183 -0.071013 -4.64143 -0.604109 0.796838 0.0100526 -251.222 0.0626495 0.0349135 0.997425 20.6432
0.804476 0.589597 -0.072075 -3.64023 -0.590609 0.806912 0.00862096 -251.957 0.063241 0.0356328 0.997362 20.7363
0.813136 0.577111 -0.0758495 -2.61501 -0.578321 0.815778 0.00713737 -252.702 0.0659954 0.0380617 0.997094 20.8165
0.822205 0.56396 -0.0769884 -1.53112 -0.565357 0.824835 0.00434501 -253.46 0.0659531 0.0399535 0.997023 20.9059
0.829833 0.552573 -0.0777199 -0.485116 -0.554178 0.832397 0.00109099 -254.156 0.0652967 0.0421654 0.996975 20.9883
0.837029 0.541432 -0.0789616 0.581039 -0.543127 0.839651 1.24557e-05 -254.867 0.0663069 0.0428757 0.996878 21.0816
0.842839 0.532335 -0.0790081 1.69684 -0.534162 0.845379 -0.00236632 -255.561 0.0655321 0.0441975 0.996871 21.1714
0.847305 0.525383 -0.0777604 2.81542 -0.527201 0.849734 -0.00339399 -256.284 0.0642925 0.0438711 0.996966 21.2603
0.850293 0.520738 -0.0763802 3.93457 -0.522567 0.852585 -0.0047319 -256.949 0.0626565 0.0439373 0.997068 21.3413
0.852769 0.516667 -0.0764201 5.02963 -0.518536 0.855038 -0.00551516 -257.609 0.0624926 0.0443297 0.99706 21.4323
0.85566 0.511824 -0.076696 6.18694 -0.513756 0.857911 -0.00652865 -258.308 0.0624568 0.0449893 0.997033 21.5242
0.857976 0.508112 -0.0754877 7.31389 -0.51014 0.860043 -0.00913251 -258.994 0.0602824 0.0463448 0.997105 21.604
0.860187 0.504329 -0.0756979 8.44148 -0.506493 0.862169 -0.0113762 -259.661 0.059527 0.0481261 0.997066 21.6942
0.862374 0.50044 -0.0766273 9.56889 -0.502706 0.864367 -0.012492 -260.308 0.0599826 0.0492938 0.996982 21.7782
0.864692 0.496419 -0.076654 10.7537 -0.498762 0.866627 -0.0138924 -260.996 0.059534 0.0502447 0.996961 21.8647
0.866885 0.492673 -0.0760552 11.8953 -0.494943 0.868823 -0.0133191 -261.649 0.0595166 0.0491891 0.997015 21.9521
0.869065 0.488853 -0.0758216 13.066 -0.491142 0.870967 -0.0139789 -262.307 0.0592046 0.0493877 0.997023 22.0386
0.870924 0.485588 -0.0754692 14.2404 -0.487854 0.872813 -0.0139905 -262.965 0.0590769 0.0490027 0.99705 22.1285
0.872432 0.482966 -0.0748779 15.385 -0.485138 0.874341 -0.0130037 -263.595 0.0591885 0.047671 0.997108 22.2117
0.873032 0.48207 -0.0736416 16.5908 -0.484099 0.874936 -0.0115926 -264.239 0.0588433 0.0457706 0.997217 22.2985
0.873715 0.480851 -0.073515 17.7302 -0.48282 0.875654 -0.0107194 -264.871 0.0592193 0.0448602 0.997237 22.3789
0.874207 0.480005 -0.0731935 18.9066 -0.481895 0.876175 -0.00966499 -265.492 0.0594911 0.0437208 0.997271 22.4697
0.874506 0.479428 -0.0734006 20.0993 -0.481097 0.876648 -0.00589742 -266.153 0.0615191 0.0404701 0.997285 22.5626
0.87474 0.478729 -0.075154 21.2448 -0.480497 0.876973 -0.00635287 -266.784 0.0628667 0.0416684 0.997152 22.6573
0.874934 0.47851 -0.0742897 22.4236 -0.480104 0.877202 -0.00416654 -267.414 0.0631733 0.0393122 0.997228 22.7444
