1 0 0 0 0 1 0 0 0 0 1 0
0.999982 -0.005995 1.69887e-05 0.082254 0.005995 0.999982 9.35641e-05 0.00983079 -1.75493e-05 -9.34606e-05 1 0.00222547
0.999912 -0.0132291 2.23902e-05 0.150115 0.0132291 0.999912 0.000280314 0.0214752 -2.60966e-05 -0.000279994 1 0.00202464
0.999775 -0.0212109 -0.000257995 0.219259 0.021211 0.999775 0.000149265 0.0419931 0.000254771 -0.000154704 1 0.00297582
0.999541 -0.0302724 -0.000725411 0.366383 0.0302728 0.999542 0.000517251 0.0369575 0.00070942 -0.000538974 1 -0.00153744
0.999148 -0.041249 -0.00164637 0.507927 0.0412505 0.999148 0.000878203 0.0634435 0.00160875 -0.000945368 0.999998 -0.00408587
0.998479 -0.0550673 -0.00274582 0.625844 0.0550678 0.998483 0.000104572 0.0724205 0.0027359 -0.000255619 0.999996 -0.00335687
0.997458 -0.0712093 -0.00271546 0.743774 0.071211 0.997461 0.000540836 0.0879813 0.00267005 -0.000732831 0.999996 -0.00387176
0.99596 -0.08975 -0.00287954 0.909259 0.08975 0.995964 -0.000128245 0.0953658 0.00287943 -0.000130712 0.999996 -0.00161334
0.993962 -0.109676 -0.003301 1.06858 0.109675 0.993967 -0.000396162 0.126836 0.00332454 3.17308e-05 0.999994 0.00536679
0.991292 -0.13163 -0.00367528 1.25466 0.131628 0.991299 -0.000831304 0.165109 0.00375273 0.000340296 0.999993 0.00539389
0.987827 -0.155442 -0.00595265 1.42858 0.155457 0.98784 0.00212035 0.213175 0.00555067 -0.00301992 0.99998 0.0125137
0.98343 -0.181105 -0.00817479 1.61272 0.181153 0.98344 0.00544467 0.286535 0.00705336 -0.00683534 0.999952 0.0196022
0.978038 -0.208156 -0.0105912 1.77126 0.208254 0.978032 0.00910274 0.335939 0.00846374 -0.0111085 0.999902 0.0225341
0.971413 -0.237084 -0.0121686 1.98148 0.2372 0.971417 0.00922216 0.416204 0.00963433 -0.0118449 0.999883 0.0227984
0.963349 -0.267962 -0.0124395 2.17108 0.268092 0.963338 0.0103176 0.460719 0.00921871 -0.0132744 0.999869 0.0322442
0.95394 -0.299733 -0.0126036 2.35716 0.299874 0.953911 0.0113844 0.5934 0.00861044 -0.0146396 0.999856 0.0398905
0.942791 -0.333137 -0.012857 2.57013 0.333299 0.94272 0.0137681 0.700983 0.00753387 -0.0172656 0.999823 0.039667
0.930182 -0.366807 -0.0146223 2.7632 0.367015 0.930081 0.0157553 0.757017 0.00782077 -0.0200219 0.999769 0.0434923
0.916538 -0.399623 -0.0161175 2.95055 0.399878 0.916386 0.0182666 0.904112 0.00747009 -0.023187 0.999703 0.0359948
0.900741 -0.434022 -0.0170658 3.15528 0.434297 0.900577 0.0186531 1.0243 0.00727325 -0.0242132 0.99968 0.0283325
0.882312 -0.470342 -0.0174496 3.3462 0.470592 0.882222 0.0150667 1.12374 0.0083079 -0.0215052 0.999734 0.0357319
0.861185 -0.508029 -0.0163455 3.56897 0.508217 0.861165 0.0105069 1.30663 0.00873839 -0.0173555 0.999811 0.0524857
0.83644 -0.547846 -0.0152411 3.73349 0.548019 0.836388 0.011376 1.413 0.00651517 -0.0178677 0.999819 0.0669309
0.808029 -0.588935 -0.0156573 3.92317 0.589136 0.807859 0.0167747 1.62093 0.00276969 -0.0227787 0.999737 0.042606
0.775783 -0.630774 -0.016871 4.08759 0.630997 0.775573 0.01814 1.83813 0.00164247 -0.0247183 0.999693 0.0655373
0.740316 -0.672006 -0.0184429 4.25623 0.672256 0.740115 0.0173534 1.97852 0.00198831 -0.0252453 0.999679 0.0563618
0.70118 -0.712822 -0.0152041 4.45004 0.712985 0.701029 0.0145627 2.24321 0.000277891 -0.0210514 0.999778 0.0724025
0.659 -0.752036 -0.012708 4.61951 0.752143 0.658913 0.01071 2.4632 0.000319137 -0.0166161 0.999862 0.0752828
0.614557 -0.788791 -0.0113252 4.77107 0.788872 0.614479 0.00984017 2.66847 -0.000802769 -0.0149814 0.999887 0.0748476
0.566925 -0.823732 -0.00782625 4.93764 0.823762 0.566855 0.00955011 2.98428 -0.00343038 -0.0118612 0.999924 0.0700546
0.516455 -0.856285 -0.00707513 5.06272 0.856301 0.516383 0.00985786 3.25972 -0.00478767 -0.0111496 0.999926 0.0781154
0.463937 -0.885844 -0.00658046 5.16042 0.885845 0.463859 0.0106363 3.5458 -0.00636971 -0.0107639 0.999922 0.0730228
0.409644 -0.91223 -0.00522265 5.32696 0.912202 0.409562 0.0121238 3.90568 -0.00892068 -0.00973054 0.999913 0.078226
0.355026 -0.934842 -0.00512971 5.36827 0.934803 0.354942 0.0126046 4.20973 -0.00996254 -0.00927022 0.999907 0.0823862
0.299601 -0.954058 -0.00355324 5.49585 0.953966 0.299514 0.0154866 4.59303 -0.0137109 -0.00802948 0.999874 0.0716291
0.246141 -0.969234 -2.83872e-05 5.5566 0.969097 0.246106 0.0168459 4.98084 -0.0163206 -0.00417398 0.999858 0.0726399
0.19538 -0.980727 0.000567324 5.58732 0.98058 0.195361 0.0172106 5.32642 -0.0169897 -0.0028063 0.999852 0.0840264
0.147716 -0.989029 -0.00125226 5.64106 0.988874 0.14767 0.0179256 5.77866 -0.0175441 -0.00388623 0.999839 0.0781544
0.105223 -0.994437 -0.00489749 5.64682 0.994301 0.105121 0.0177665 6.17919 -0.0171528 -0.00673902 0.99983 0.0568854
0.0669259 -0.997735 -0.00669763 5.67314 0.997633 0.0668099 0.0162557 6.64847 -0.0157714 -0.0077697 0.999845 0.0506722
0.0323204 -0.999454 -0.0068323 5.6808 0.999388 0.0322254 0.0135774 7.12091 -0.0133498 -0.00726695 0.999884 0.0540003
0.00101269 -0.999979 -0.00640946 5.65477 0.999936 0.000940307 0.0112868 7.58101 -0.0112806 -0.00642048 0.999916 0.0604149
-0.0260809 -0.999628 -0.00798471 5.62412 0.999612 -0.0261568 0.00955742 8.09409 -0.00976272 -0.00773235 0.999922 0.0486733
-0.0469198 -0.998859 -0.00885834 5.61184 0.99887 -0.0469842 0.00720489 8.56971 -0.00761288 -0.00851027 0.999935 0.0497748
-0.0636755 -0.997936 -0.00837132 5.55506 0.997949 -0.0637276 0.0061076 9.12888 -0.00662848 -0.00796524 0.999946 0.0333411
-0.0769011 -0.996977 -0.0110729 5.51128 0.997015 -0.0769713 0.00605668 9.66992 -0.00689066 -0.010574 0.99992 0.031637
-0.0864896 -0.996218 -0.00828874 5.46232 0.996223 -0.0865483 0.00700848 10.2303 -0.00769936 -0.00765127 0.999941 0.0367006
-0.0934688 -0.995589 -0.0081332 5.39153 0.995583 -0.0935345 0.00810737 10.804 -0.00883235 -0.00733949 0.999934 0.0386605
-0.0978329 -0.995131 -0.0119969 5.32323 0.995159 -0.0979342 0.00816422 11.3821 -0.00929937 -0.0111401 0.999895 0.0320792
-0.0993816 -0.994984 -0.0113944 5.26599 0.994998 -0.0994868 0.00906798 11.9911 -0.0101561 -0.0104362 0.999894 0.0351141
-0.0984954 -0.995112 -0.00713296 5.20581 0.995064 -0.0985726 0.0114229 12.6001 -0.0120701 -0.00597266 0.999909 0.0197836
-0.0973911 -0.995219 -0.00731417 5.13735 0.995144 -0.0974839 0.0136315 13.2497 -0.0142794 -0.00595106 0.99988 0.0300978
-0.095235 -0.99542 -0.00827081 5.09233 0.995356 -0.0953392 0.0132776 13.9065 -0.0140053 -0.00696791 0.999878 0.0184302
-0.0936525 -0.995543 -0.0111334 5.00372 0.99552 -0.0937845 0.0119898 14.5721 -0.0129805 -0.00996065 0.999866 0.0183299
-0.0923148 -0.995631 -0.0140328 4.93686 0.995652 -0.0924747 0.0112089 15.2425 -0.0124576 -0.012937 0.999839 0.00859864
-0.0902861 -0.995843 -0.0120232 4.87262 0.995803 -0.0904511 0.0139705 15.949 -0.015 -0.0107113 0.99983 -0.00097367
-0.0885872 -0.995953 -0.0151585 4.79956 0.995907 -0.0888366 0.0166574 16.6676 -0.0179366 -0.0136209 0.999746 -0.00550447
-0.086862 -0.996119 -0.0142172 4.73497 0.996035 -0.0871125 0.0180631 17.3958 -0.0192315 -0.0125918 0.999736 -0.0185108
-0.0849563 -0.996292 -0.0136164 4.6598 0.996188 -0.085203 0.0186905 18.1528 -0.0197814 -0.0119766 0.999733 -0.0200838
-0.0832645 -0.996362 -0.0181418 4.59216 0.996376 -0.0835558 0.0159374 18.8994 -0.0173953 -0.0167491 0.999708 -0.0220327
-0.0816573 -0.996433 -0.0212698 4.52141 0.996516 -0.0819901 0.0152744 19.6679 -0.0169638 -0.0199484 0.999657 -0.0267602
-0.0802269 -0.99659 -0.019273 4.4632 0.99661 -0.0805523 0.0167471 20.4352 -0.0182425 -0.0178641 0.999674 -0.0495026
-0.0792627 -0.996712 -0.0168195 4.39347 0.996651 -0.0795755 0.0188228 21.2201 -0.0200993 -0.0152712 0.999681 -0.0555921
-0.0776851 -0.99687 -0.0146386 4.33632 0.996759 -0.0779674 0.0198181 22.0359 -0.0208974 -0.0130516 0.999696 -0.0624427
-0.07711 -0.996862 -0.0178704 4.27052 0.996866 -0.0774028 0.0163124 22.8444 -0.0176445 -0.0165565 0.999707 -0.0782369
-0.0768733 -0.996988 -0.0102554 4.21001 0.996978 -0.0769797 0.0104222 23.6336 -0.0111803 -0.00942317 0.999893 -0.0610864
-0.0769391 -0.996918 -0.0153011 4.15214 0.997015 -0.077028 0.00530443 24.4492 -0.0064667 -0.0148473 0.999869 -0.0687521
-0.0773708 -0.99697 -0.00802614 4.06383 0.996977 -0.0774241 0.00656764 25.288 -0.00716916 -0.00749373 0.999946 -0.0527624
-0.0775867 -0.996893 -0.0135638 4.01162 0.996893 -0.0777576 0.0125621 26.1501 -0.0135777 -0.012547 0.999829 -0.086123
-0.0779033 -0.996916 -0.00946798 3.94032 0.996755 -0.0780769 0.0195957 26.9812 -0.0202745 -0.00791068 0.999763 -0.0806494
-0.0780766 -0.996852 -0.0137754 3.87656 0.99662 -0.0783975 0.0245385 27.8046 -0.0255412 -0.0118129 0.999604 -0.0988429
-0.0782937 -0.996826 -0.014446 3.81301 0.996574 -0.0786451 0.0256156 28.6395 -0.0266704 -0.012391 0.999567 -0.101204
-0.0785093 -0.996734 -0.0189031 3.73308 0.996631 -0.0789244 0.0223166 29.4799 -0.0237356 -0.0170873 0.999572 -0.113795
-0.0788334 -0.996737 -0.0173603 3.66368 0.996645 -0.0791865 0.0206908 30.3246 -0.021998 -0.0156709 0.999635 -0.114983
-0.0786811 -0.99672 -0.0189185 3.58763 0.996651 -0.0790715 0.0208566 31.1789 -0.0222841 -0.0172141 0.999603 -0.133724
-0.0790056 -0.996733 -0.0167663 3.50385 0.996598 -0.0793683 0.022202 32.0046 -0.0234602 -0.0149552 0.999613 -0.145958
-0.0789687 -0.996699 -0.0188216 3.43427 0.99662 -0.0793631 0.0212218 32.8292 -0.0226455 -0.0170822 0.999598 -0.145521
-0.0784465 -0.996634 -0.0238252 3.3688 0.996749 -0.0788513 0.0165559 33.6558 -0.0183788 -0.022449 0.999579 -0.14862
-0.0782835 -0.996629 -0.0245479 3.27213 0.996822 -0.078615 0.0128381 34.4815 -0.0147246 -0.0234648 0.999616 -0.145116
-0.07792 -0.996688 -0.0232692 3.2205 0.996848 -0.0782387 0.0131159 35.3257 -0.014893 -0.0221739 0.999643 -0.148629
-0.0772645 -0.996811 -0.0199428 3.16326 0.996873 -0.0775712 0.0150942 36.156 -0.016593 -0.0187142 0.999687 -0.149757
-0.076475 -0.996851 -0.0209782 3.08653 0.996837 -0.0768968 0.0200931 37.0049 -0.021643 -0.0193752 0.999578 -0.144766
-0.0761176 -0.996928 -0.0184614 3.02184 0.99675 -0.0765676 0.0250362 37.8399 -0.0263729 -0.0164957 0.999516 -0.172723
-0.0761034 -0.99689 -0.0204742 2.95668 0.996649 -0.0766707 0.0285187 38.6592 -0.0299998 -0.0182352 0.999384 -0.186363
-0.0757312 -0.996929 -0.0199163 2.89847 0.996663 -0.0762907 0.029013 39.4644 -0.0304433 -0.0176526 0.999381 -0.200539
-0.0756875 -0.996931 -0.0200016 2.82601 0.996785 -0.0761747 0.0248322 40.2986 -0.0262796 -0.0180578 0.999492 -0.200344
-0.0751022 -0.996958 -0.0208646 2.75319 0.996925 -0.0755361 0.0208472 41.1435 -0.0223598 -0.0192348 0.999565 -0.202851
-0.0751907 -0.996938 -0.021471 2.69527 0.99698 -0.075578 0.0178366 41.9551 -0.0194047 -0.020065 0.99961 -0.204306
-0.0751867 -0.99682 -0.0264098 2.61581 0.997009 -0.0756232 0.0159394 42.7968 -0.0178859 -0.0251324 0.999524 -0.224827
-0.0761371 -0.996823 -0.0234097 2.55068 0.99698 -0.0764677 0.0135654 43.6252 -0.0153123 -0.0223061 0.999634 -0.233838
-0.0772587 -0.996767 -0.0220382 2.49382 0.996936 -0.0775056 0.0105776 44.4184 -0.0122515 -0.0211535 0.999701 -0.224933
-0.0782675 -0.996753 -0.0188899 2.4235 0.996873 -0.0784559 0.00944176 45.2629 -0.0108931 -0.0180919 0.999777 -0.209202
-0.0797761 -0.99668 -0.0162675 2.34379 0.99672 -0.0799811 0.0123626 46.0874 -0.0136226 -0.0152279 0.999791 -0.210867
-0.0815378 -0.996584 -0.0131298 2.27306 0.996495 -0.0817636 0.0176872 46.8946 -0.0187003 -0.0116416 0.999757 -0.216591
-0.0833909 -0.996439 -0.0124498 2.20693 0.996265 -0.0836443 0.0214449 47.7134 -0.0224099 -0.0106149 0.999693 -0.236134
-0.0848459 -0.996312 -0.0127719 2.13317 0.996146 -0.085104 0.0212407 48.5075 -0.0222493 -0.0109205 0.999693 -0.233261
-0.0859817 -0.996183 -0.0150488 2.06999 0.99612 -0.0862414 0.0175516 49.3066 -0.0187825 -0.0134813 0.999733 -0.228459
-0.0868153 -0.996008 -0.0207535 1.97185 0.996098 -0.0871173 0.0141204 50.1096 -0.015872 -0.0194466 0.999685 -0.225801
-0.0881333 -0.995726 -0.0275951 1.90662 0.996003 -0.0884937 0.0121209 50.8952 -0.0145111 -0.0264166 0.999546 -0.232633
-0.0895354 -0.995656 -0.0255459 1.81655 0.995871 -0.0898818 0.0127469 51.6935 -0.0149876 -0.0242991 0.999592 -0.215776
-0.0905078 -0.995548 -0.0263236 1.73825 0.995762 -0.0908975 0.0140025 52.4683 -0.0163329 -0.0249447 0.999555 -0.232143
-0.0914247 -0.995452 -0.0267788 1.66385 0.99568 -0.0918178 0.013835 53.2741 -0.0162309 -0.0253982 0.999546 -0.222637
-0.0922323 -0.995372 -0.0269601 1.58316 0.995603 -0.0926308 0.0139256 54.038 -0.0163584 -0.0255571 0.99954 -0.222964
-0.0922177 -0.995329 -0.0285818 1.51942 0.995576 -0.0926839 0.0154352 54.8376 -0.0180122 -0.0270319 0.999472 -0.233162
-0.092415 -0.995328 -0.0279497 1.43784 0.995498 -0.0929519 0.0185593 55.6318 -0.0210706 -0.0261087 0.999437 -0.240253
-0.0924316 -0.995352 -0.0270286 1.35697 0.995418 -0.0930371 0.0220736 56.3717 -0.0244857 -0.0248644 0.999391 -0.24119
-0.0930127 -0.995281 -0.0276556 1.27783 0.995294 -0.0937002 0.0246953 57.1525 -0.0271701 -0.0252284 0.999312 -0.251091
-0.0936576 -0.995217 -0.0277671 1.20614 0.995228 -0.0943525 0.0248687 57.9084 -0.0273697 -0.0253054 0.999305 -0.261457
-0.0938567 -0.995224 -0.0268521 1.12297 0.995256 -0.0944854 0.0231882 58.6449 -0.0256146 -0.0245483 0.99937 -0.265937
-0.0945658 -0.99518 -0.0259642 1.05409 0.995269 -0.0950935 0.0199 59.3811 -0.0222731 -0.0239595 0.999465 -0.262941
-0.0937396 -0.995255 -0.0260713 0.978988 0.995413 -0.0941938 0.0167744 60.0804 -0.0191505 -0.0243793 0.999519 -0.271781
-0.0926307 -0.995359 -0.0260674 0.91461 0.995549 -0.0930421 0.0150338 60.8185 -0.0173894 -0.0245587 0.999547 -0.266139
-0.0906407 -0.995516 -0.0270508 0.839319 0.995748 -0.0910431 0.0140312 61.5047 -0.0164311 -0.025664 0.999536 -0.274245
-0.0863985 -0.995872 -0.027841 0.773212 0.99611 -0.0868375 0.0149652 62.1775 -0.0173211 -0.0264397 0.9995 -0.278507
-0.0808792 -0.996359 -0.0269681 0.7047 0.996548 -0.0813433 0.0165791 62.8304 -0.0187124 -0.0255341 0.999499 -0.278282
-0.0737821 -0.996919 -0.0266097 0.664711 0.997083 -0.0742644 0.0176146 63.4756 -0.0195364 -0.0252324 0.999491 -0.278793
-0.064476 -0.997526 -0.0280215 0.604295 0.997704 -0.0650201 0.0189587 64.1333 -0.0207337 -0.0267348 0.999428 -0.278691
-0.0528335 -0.998171 -0.0293859 0.564294 0.99835 -0.0534604 0.0209727 64.7345 -0.0225053 -0.0282293 0.999348 -0.282908
-0.0381308 -0.998765 -0.0318515 0.546384 0.998975 -0.0388781 0.0231799 65.3187 -0.0243896 -0.0309349 0.999224 -0.28161
-0.0194007 -0.999287 -0.0323779 0.516826 0.999499 -0.0201939 0.0243553 65.9173 -0.0249918 -0.0318892 0.999179 -0.281571
0.00247892 -0.999445 -0.033217 0.529417 0.99968 0.00164041 0.025247 66.4852 -0.0251785 -0.0332689 0.999129 -0.288721
0.0282247 -0.999067 -0.0326963 0.549101 0.99929 0.0273848 0.0258585 67.0118 -0.024939 -0.0334029 0.999131 -0.288317
0.0571907 -0.997902 -0.0303432 0.591873 0.998058 0.0563951 0.026459 67.5445 -0.0246922 -0.0317975 0.999189 -0.285678
0.091279 -0.995419 -0.0284414 0.631507 0.995542 0.090534 0.026468 68.0271 -0.0237718 -0.0307305 0.999245 -0.285374
0.128848 -0.991306 -0.0266555 0.721774 0.991395 0.128141 0.0267393 68.516 -0.0230912 -0.0298715 0.999287 -0.295123
0.168756 -0.985326 -0.0255771 0.820499 0.985408 0.168072 0.0269034 68.9581 -0.0222098 -0.029744 0.999311 -0.291958
0.21437 -0.976489 -0.0226728 0.920575 0.976499 0.213729 0.0277406 69.4117 -0.0222426 -0.0280868 0.999358 -0.299386
0.260499 -0.965296 -0.0185539 1.07609 0.965249 0.259975 0.0266027 69.8354 -0.020856 -0.0248391 0.999474 -0.309273
0.31097 -0.950383 -0.00837018 1.24007 0.950222 0.310713 0.023164 70.2519 -0.019414 -0.0151568 0.999697 -0.294621
0.360873 -0.932601 -0.0050222 1.45989 0.932491 0.360733 0.018206 70.6472 -0.0151672 -0.0112532 0.999822 -0.273259
0.413064 -0.910702 0.000891702 1.63031 0.910604 0.413034 0.0142291 71.0391 -0.0133267 -0.00506553 0.999898 -0.268839
0.462849 -0.886433 0.00287887 1.91376 0.886331 0.462841 0.0139538 71.4286 -0.0137016 -0.00390689 0.999898 -0.286198
0.511155 -0.859483 0.00302753 2.12076 0.859408 0.511152 0.0118982 71.7797 -0.0117739 -0.00347995 0.999925 -0.310913
0.55636 -0.83087 0.0109368 2.39568 0.83084 0.556449 0.00832069 72.1344 -0.0129992 0.00445741 0.999906 -0.30538
0.599272 -0.800313 0.019295 2.70977 0.800427 0.599423 0.0027361 72.4435 -0.0137556 0.0138046 0.99981 -0.270646
0.641967 -0.766433 0.0214157 2.96901 0.766623 0.642096 -0.00106433 72.7623 -0.0129352 0.017101 0.99977 -0.271004
0.682919 -0.730316 0.0161512 3.30105 0.730463 0.682929 -0.00573691 73.0649 -0.00684036 0.0157157 0.999853 -0.301252
0.723765 -0.690013 0.00675458 3.59044 0.690041 0.723686 -0.0110513 73.3381 0.00273733 0.0126595 0.999916 -0.280341
0.762371 -0.647125 -0.00449264 3.97371 0.647011 0.762339 -0.0147406 73.6131 0.0129639 0.00833102 0.999881 -0.281446
0.799634 -0.600405 -0.00997677 4.33264 0.600224 0.799664 -0.0163901 73.883 0.0178187 0.00711774 0.999816 -0.275929
0.833442 -0.55251 -0.0103182 4.73511 0.552319 0.833466 -0.0166841 74.1138 0.017818 0.00820626 0.999808 -0.267517
0.864196 -0.503001 -0.0124344 5.22595 0.502821 0.864259 -0.0150643 74.3785 0.0183239 0.00676626 0.999809 -0.276202
0.89034 -0.455156 -0.0112908 5.67178 0.455023 0.890391 -0.0125463 74.5886 0.0157638 0.00603286 0.999858 -0.258542
0.911685 -0.410635 -0.0144343 6.16993 0.410575 0.911799 -0.00703952 74.8045 0.0160519 0.000491441 0.999871 -0.253592
0.929264 -0.368893 -0.0196606 6.65585 0.368916 0.929459 -0.00256233 74.984 0.019219 -0.00487205 0.999803 -0.240358
0.942974 -0.332415 -0.017338 7.20784 0.3325 0.943101 0.0021854 75.1641 0.015625 -0.00782565 0.999847 -0.234258
0.95324 -0.301793 -0.0159685 7.77604 0.301879 0.95334 0.00327025 75.3619 0.0142364 -0.00793788 0.999867 -0.231095
0.960777 -0.276956 -0.0142325 8.31974 0.277024 0.960858 0.00302172 75.5126 0.0128385 -0.00684595 0.999894 -0.200224
0.966711 -0.255648 -0.0106474 8.91767 0.255698 0.96675 0.00362647 75.6574 0.00936632 -0.00622828 0.999937 -0.196617
0.971332 -0.237533 -0.00954378 9.52332 0.23759 0.971351 0.00531257 75.7935 0.00800845 -0.00742778 0.99994 -0.182885
0.975018 -0.221834 -0.0113914 10.1524 0.221942 0.975015 0.00934159 75.96 0.00903453 -0.0116364 0.999891 -0.145859
0.978028 -0.208073 -0.0129426 10.8065 0.208229 0.978005 0.012124 76.1174 0.0101352 -0.0145526 0.999843 -0.133507
0.980635 -0.195565 -0.0104196 11.4533 0.195684 0.980595 0.0118728 76.2401 0.00789552 -0.0136819 0.999875 -0.114329
0.983177 -0.182523 -0.00694316 12.1331 0.182602 0.983097 0.0132804 76.3529 0.00440183 -0.0143248 0.999888 -0.136984
0.985853 -0.167481 -0.00655785 12.827 0.167558 0.985767 0.01372 76.4861 0.00416667 -0.0146247 0.999884 -0.131609
0.988203 -0.15306 -0.00528629 13.5465 0.153117 0.98812 0.0132042 76.6112 0.00320246 -0.0138578 0.999899 -0.141733
0.990058 -0.140416 -0.00828993 14.2538 0.140527 0.989965 0.0148775 76.6771 0.00611771 -0.0158946 0.999855 -0.117877
0.991438 -0.129965 -0.0126403 14.9803 0.13016 0.991364 0.0160179 76.7826 0.0104493 -0.017526 0.999792 -0.109784
0.992615 -0.119868 -0.0186402 15.7361 0.120154 0.992641 0.0150668 76.8789 0.016697 -0.0171952 0.999713 -0.090012
0.993634 -0.111092 -0.0187084 16.4653 0.111393 0.993649 0.0158959 76.9788 0.0168237 -0.0178787 0.999699 -0.070612
0.99443 -0.104609 -0.0128923 17.226 0.104808 0.994367 0.0158074 77.0555 0.011166 -0.0170706 0.999792 -0.065637
0.994972 -0.0999728 -0.00599249 18.0134 0.100071 0.994793 0.0193214 77.1563 0.00402967 -0.0198239 0.999795 -0.0649316
0.995406 -0.0957434 -0.000230794 18.7977 0.0957306 0.995228 0.0189074 77.2354 -0.00158056 -0.0188426 0.999821 -0.0641751
0.995669 -0.0929211 -0.00314429 19.568 0.0929659 0.995463 0.0202575 77.2844 0.00124768 -0.0204621 0.99979 -0.00453545
0.996001 -0.0892789 -0.00326831 20.3311 0.0893263 0.995806 0.0197801 77.366 0.00148866 -0.019993 0.999799 0.00556367
0.996194 -0.087161 -0.000940147 21.0868 0.0871635 0.996025 0.0183568 77.4176 -0.000663591 -0.0183689 0.999831 0.00144699
0.996406 -0.0846946 0.00138911 21.8577 0.0846601 0.996272 0.0165489 77.4943 -0.00278553 -0.0163718 0.999862 0.0109978
0.996678 -0.0813888 0.00300439 22.6321 0.0813389 0.996587 0.0140804 77.5615 -0.00414013 -0.0137893 0.999896 0.0221287
0.996915 -0.078489 0.000600593 23.4061 0.0784771 0.996851 0.0114079 77.6244 -0.0014941 -0.0113256 0.999935 0.0339091
0.99704 -0.0766227 -0.00638211 24.1812 0.0767005 0.996969 0.0130015 77.6939 0.00536656 -0.0134526 0.999895 0.0336391
0.997132 -0.0744371 -0.0136711 24.9275 0.0746495 0.997086 0.0157432 77.7637 0.0124594 -0.0167185 0.999783 0.0602892
0.997114 -0.0735924 -0.0186434 25.6752 0.0739407 0.997087 0.0187403 77.8208 0.0172099 -0.0200648 0.999651 0.0914603
0.997296 -0.0715693 -0.0167013 26.4305 0.0718788 0.997237 0.0187349 77.8635 0.0153143 -0.0198847 0.999685 0.103017
0.997541 -0.0688277 -0.0132178 27.1513 0.0690916 0.997396 0.0206679 77.9349 0.0117609 -0.0215303 0.999699 0.114375
0.997737 -0.0666938 -0.00852541 27.9212 0.0668783 0.997483 0.0235709 78.0027 0.00693191 -0.0240878 0.999686 0.12335
0.997948 -0.0637553 -0.00599755 28.6954 0.0638661 0.997746 0.0205886 78.0448 0.0046714 -0.0209294 0.99977 0.151079
0.997981 -0.0632351 -0.00587986 29.4331 0.0633381 0.997804 0.0193932 78.097 0.00464061 -0.0197265 0.999795 0.176526
0.998055 -0.0620918 -0.00563237 30.181 0.0621867 0.997891 0.0186293 78.1502 0.00446377 -0.0189433 0.999811 0.195816
0.998103 -0.0611628 -0.00705638 30.9342 0.0612697 0.997992 0.0160837 78.1921 0.00605848 -0.0164855 0.999846 0.212131
0.998159 -0.0600315 -0.00865753 31.7023 0.0601592 0.998071 0.0153439 78.2446 0.00771972 -0.0158365 0.999845 0.213882
0.998213 -0.0591647 -0.00839552 32.4629 0.0592691 0.99816 0.0127782 78.2896 0.00762405 -0.013253 0.999883 0.239483
0.998236 -0.0588463 -0.00787248 33.2509 0.0589453 0.998177 0.0129915 78.3479 0.00709363 -0.0134326 0.999885 0.244435
0.998232 -0.0588476 -0.00841086 34.0137 0.0589709 0.998143 0.0152445 78.3888 0.00749814 -0.0157136 0.999848 0.266481
0.998162 -0.059961 -0.00873763 34.7803 0.0600773 0.998099 0.0137165 78.4464 0.00789857 -0.0142162 0.999868 0.281581
0.998052 -0.0618171 -0.00837467 35.5746 0.0619189 0.998003 0.0124963 78.4899 0.00758546 -0.0129905 0.999887 0.295633
0.997889 -0.0644042 -0.00836178 36.3447 0.0645283 0.997795 0.0155388 78.5499 0.00734258 -0.0160455 0.999844 0.301743
0.997651 -0.0679213 -0.00890023 37.1423 0.0680528 0.997563 0.0154039 78.6143 0.00783229 -0.0159734 0.999842 0.315009
0.9974 -0.0706896 -0.0140196 37.9459 0.0709607 0.997281 0.0198863 78.6952 0.0125757 -0.0208295 0.999704 0.333296
0.997206 -0.0725727 -0.0176943 38.7593 0.0729597 0.997085 0.0223081 78.7571 0.0160238 -0.0235368 0.999595 0.354902
0.997045 -0.0744064 -0.0190964 39.5628 0.0748088 0.99697 0.0213004 78.8315 0.0174536 -0.0226661 0.999591 0.37901
0.996903 -0.0765125 -0.0181739 40.3752 0.0768428 0.996877 0.0182285 78.8879 0.0167225 -0.0195686 0.999669 0.396763
0.996741 -0.0788547 -0.0169908 41.2137 0.0791617 0.996695 0.0182265 78.9653 0.0154974 -0.0195121 0.99969 0.428941
0.996585 -0.0809769 -0.0161437 42.0527 0.0812802 0.996508 0.0191118 79.0338 0.0145397 -0.0203587 0.999687 0.452257
0.996592 -0.0815746 -0.0122332 42.8952 0.0817832 0.996494 0.0176453 79.1172 0.0107509 -0.0185856 0.999769 0.462581
0.996545 -0.0826851 -0.00788539 43.7598 0.0828046 0.996433 0.0162766 79.188 0.00651143 -0.0168733 0.999836 0.47715
0.996592 -0.0823389 -0.00488474 44.6084 0.0824028 0.99649 0.0147688 79.2606 0.00365155 -0.015121 0.999879 0.493912
0.99676 -0.0802882 -0.00488783 45.4628 0.0803605 0.99662 0.0170535 79.3465 0.00350212 -0.017391 0.999843 0.506759
0.996893 -0.0785676 -0.00561264 46.3001 0.0786581 0.996733 0.0183177 79.4027 0.00415513 -0.0187023 0.999816 0.529487
0.997044 -0.0764748 -0.00735662 47.1549 0.0765814 0.996943 0.0155031 79.4671 0.00614854 -0.0160206 0.999853 0.535721
0.997117 -0.0752915 -0.00937476 48.0598 0.0754178 0.997055 0.0139282 79.5397 0.00829848 -0.014595 0.999859 0.556079
0.99725 -0.0735156 -0.00942519 48.9388 0.0736204 0.997222 0.0113027 79.5928 0.00856808 -0.0119655 0.999892 0.574967
0.997347 -0.0723973 -0.00752736 49.7975 0.072476 0.997312 0.0107801 79.6709 0.00672668 -0.0112971 0.999914 0.59149
0.997423 -0.0716191 -0.00436408 50.6748 0.0716475 0.997407 0.00673179 79.7276 0.00387064 -0.00702711 0.999968 0.601695
0.99753 -0.070104 -0.00440477 51.5404 0.0701368 0.997507 0.00779672 79.8022 0.0038472 -0.0080864 0.99996 0.620866
0.997552 -0.0695663 -0.0071083 52.4118 0.06962 0.997544 0.00761949 79.8748 0.00656079 -0.00809572 0.999946 0.644501
0.997564 -0.0686246 -0.0125134 53.2821 0.0687708 0.997564 0.0116473 79.9564 0.0116836 -0.0124795 0.999854 0.664069
0.997585 -0.0670583 -0.018073 54.1097 0.0673118 0.997637 0.0138007 79.999 0.0171048 -0.0149839 0.999741 0.688243
0.997505 -0.0663104 -0.0242186 54.9686 0.0668246 0.997542 0.0210805 80.0701 0.0227612 -0.0226463 0.999484 0.70647
0.997536 -0.0652966 -0.0256721 55.8348 0.0658614 0.99759 0.0218084 80.1324 0.0241862 -0.0234454 0.999433 0.735543
0.997687 -0.0650735 -0.0196708 56.71 0.0654589 0.997662 0.0196255 80.2024 0.0183477 -0.0208677 0.999614 0.763876
0.997771 -0.0657477 -0.0114245 57.585 0.0659668 0.997621 0.0199953 80.2759 0.0100827 -0.0207043 0.999735 0.782045
0.997729 -0.0672298 -0.0040791 58.4187 0.0672686 0.997682 0.0102884 80.317 0.00337796 -0.0105394 0.999939 0.775228
0.997614 -0.0688558 -0.00493043 59.2441 0.0689301 0.997477 0.0169515 80.3722 0.00375078 -0.0172509 0.999844 0.817805
0.997435 -0.0712238 -0.00715677 60.0653 0.0713095 0.997375 0.012536 80.4349 0.00624513 -0.0130142 0.999896 0.858935
0.997245 -0.0735746 -0.00948931 60.9 0.0736719 0.997229 0.0103401 80.4915 0.00870225 -0.0110107 0.999902 0.859126
0.996999 -0.0764854 -0.0119761 61.7513 0.0766345 0.99698 0.0125324 80.5719 0.0109814 -0.0134126 0.99985 0.896052
0.99672 -0.0794167 -0.0155609 62.5395 0.0796237 0.996738 0.0131622 80.632 0.0144648 -0.014358 0.999792 0.918914
0.996363 -0.0831434 -0.0186721 63.3535 0.0834057 0.996421 0.0137367 80.7286 0.0174632 -0.0152441 0.999731 0.935517
0.995971 -0.0868526 -0.0223054 64.1561 0.0872479 0.996035 0.0174048 80.7963 0.0207053 -0.0192808 0.9996 0.980747
0.99567 -0.0900015 -0.0232648 64.956 0.0904244 0.995744 0.0178123 80.8861 0.0215626 -0.0198388 0.999571 0.993458
0.995385 -0.0934038 -0.0220062 65.7856 0.093893 0.995331 0.022353 80.976 0.0198157 -0.024316 0.999508 1.02064
0.995141 -0.0970495 -0.0166187 66.5569 0.0974445 0.99493 0.0248847 81.0538 0.0141194 -0.0263832 0.999552 1.03793
0.994792 -0.101298 -0.0112687 67.3757 0.101542 0.994546 0.023829 81.1406 0.00879342 -0.0248491 0.999653 1.07557
0.994379 -0.105583 -0.00794797 68.1686 0.105739 0.99413 0.0228888 81.2216 0.00548466 -0.0236005 0.999706 1.08277
0.993665 -0.1121 -0.00791358 68.9535 0.112275 0.993312 0.0269414 81.3337 0.00484052 -0.0276592 0.999606 1.11887
0.992958 -0.118361 -0.00508283 69.7571 0.118445 0.992708 0.022387 81.4393 0.00239603 -0.0228314 0.999736 1.11972
0.99224 -0.124268 -0.00419083 70.5234 0.124333 0.991941 0.0243767 81.5323 0.00112781 -0.0247086 0.999694 1.15246
0.991402 -0.130742 -0.0054067 71.3125 0.130838 0.991078 0.0254163 81.6442 0.00203549 -0.0259051 0.999662 1.15515
0.990589 -0.136556 -0.00931808 72.0762 0.136793 0.990042 0.033232 81.7599 0.00468727 -0.0341939 0.999404 1.17932
0.98975 -0.142247 -0.0126803 72.8533 0.142559 0.989376 0.028508 81.8847 0.0084904 -0.0300235 0.999513 1.18506
0.988962 -0.14749 -0.0141614 73.5895 0.14788 0.988479 0.0322646 82.0021 0.00923955 -0.0340027 0.999379 1.22023
0.988209 -0.152765 -0.0103199 74.3616 0.152998 0.987833 0.0278954 82.1202 0.00593286 -0.0291454 0.999558 1.21385
0.987337 -0.158549 -0.00528227 75.1164 0.158635 0.986936 0.0281583 82.2597 0.000748782 -0.0286397 0.99959 1.21418
0.986334 -0.164732 -0.00302159 75.8759 0.164755 0.985989 0.0260999 82.3828 -0.00132025 -0.026241 0.999655 1.23493
0.985104 -0.171842 -0.00629092 76.6115 0.171951 0.984717 0.0276493 82.5302 0.00144347 -0.0283192 0.999598 1.25396
0.98354 -0.180145 -0.0140222 77.3606 0.180472 0.983202 0.0272665 82.6611 0.00887476 -0.0293484 0.99953 1.27252
0.981809 -0.189242 -0.0154184 78.0955 0.189544 0.981643 0.0212366 82.8078 0.0111165 -0.0237728 0.999656 1.27762
0.979806 -0.199517 -0.0131274 78.847 0.199756 0.979631 0.0204948 82.9491 0.0087709 -0.0227033 0.999704 1.30074
0.977413 -0.2112 -0.00762331 79.5796 0.211309 0.977237 0.0188651 83.1229 0.00346549 -0.0200498 0.999793 1.30036
0.974802 -0.223071 -0.000311213 80.316 0.223018 0.974541 0.0230733 83.3055 -0.00484369 -0.0225614 0.999734 1.31399
0.972217 -0.234042 0.00436608 81.0251 0.233873 0.971967 0.0241542 83.4558 -0.00989678 -0.022462 0.999699 1.33918
0.969333 -0.245746 -0.00154549 81.7644 0.245704 0.969005 0.0256571 83.6531 -0.00480755 -0.02525 0.99967 1.34745
0.966273 -0.257241 -0.0119516 82.4572 0.257472 0.965941 0.0258097 83.8587 0.00490524 -0.0280164 0.999595 1.35524
0.962971 -0.269045 -0.0173828 83.1596 0.269428 0.962675 0.02579 84.0585 0.0097953 -0.0295185 0.999516 1.38143
0.959485 -0.281473 -0.0127262 83.9066 0.2817 0.959236 0.0226364 84.2746 0.00583585 -0.0253042 0.999663 1.37002
0.956124 -0.292932 -0.00420201 84.6079 0.292959 0.955957 0.017939 84.4935 -0.00123795 -0.0183829 0.99983 1.38867
0.95239 -0.304881 0.00138131 85.3065 0.30479 0.952199 0.0204715 84.7558 -0.00755665 -0.0190759 0.999789 1.38408
0.948133 -0.317873 -0.000899328 86.0097 0.317821 0.94792 0.0209211 84.9741 -0.00579775 -0.0201218 0.999781 1.40987
0.944217 -0.329288 -0.00490851 86.7112 0.329323 0.944055 0.01753 85.2185 -0.00113852 -0.0181686 0.999834 1.41481
0.940914 -0.338481 -0.0105631 87.43 0.338601 0.940838 0.0131194 85.481 0.00549747 -0.0159209 0.999858 1.42842
0.938267 -0.345509 -0.0166931 88.1248 0.345728 0.938249 0.0127128 85.7558 0.0112699 -0.0176993 0.99978 1.43265
0.935404 -0.353119 -0.0180508 88.8336 0.353331 0.935443 0.0102155 86.016 0.0132782 -0.0159335 0.999785 1.45014
0.932571 -0.360431 -0.020003 89.5058 0.360728 0.932567 0.0139214 86.289 0.0136364 -0.0201983 0.999703 1.46714
0.929645 -0.367991 -0.018487 90.2176 0.368248 0.929635 0.0131041 86.5862 0.0123639 -0.01899 0.999743 1.48261
0.926265 -0.376667 -0.0124231 90.9202 0.376831 0.926146 0.0158638 86.8806 0.00553026 -0.0193755 0.999797 1.48883
0.923524 -0.383519 -0.0041512 91.6148 0.383533 0.923384 0.0162661 87.1743 -0.00240521 -0.0166143 0.999859 1.48893
0.920964 -0.389646 0.00124639 92.3277 0.38952 0.920739 0.0226816 87.467 -0.00998541 -0.0204035 0.999742 1.50893
0.918597 -0.395178 -0.00368695 93.0399 0.395116 0.918187 0.0285573 87.806 -0.00789991 -0.0276894 0.999585 1.52352
0.916348 -0.400133 -0.0141489 93.7187 0.400382 0.915877 0.0293863 88.1038 0.00120023 -0.032593 0.999468 1.51543
0.914087 -0.405057 -0.0193577 94.4111 0.405431 0.91384 0.0228474 88.4055 0.00843529 -0.0287327 0.999552 1.54882
0.912581 -0.408356 -0.0209976 95.095 0.408792 0.912301 0.0243977 88.7187 0.00919321 -0.0308486 0.999482 1.55743
0.910597 -0.412904 -0.0179903 95.8064 0.413269 0.91017 0.0282674 89.0567 0.00470247 -0.0331751 0.999438 1.5577
0.908126 -0.41849 -0.0131762 96.5301 0.418698 0.907689 0.0281722 89.4064 0.000170092 -0.0311007 0.999516 1.56841
0.905785 -0.423567 -0.0120027 97.2176 0.423735 0.905495 0.0229748 89.7074 0.00113705 -0.0258962 0.999664 1.60258
0.903552 -0.428035 -0.0194737 97.8841 0.428409 0.90329 0.0230789 90.0475 0.00771183 -0.0291957 0.999544 1.59938
0.901091 -0.432771 -0.0272859 98.6113 0.433381 0.900922 0.0228036 90.404 0.0147138 -0.0323733 0.999368 1.63044
0.898733 -0.437389 -0.0311453 99.2684 0.438187 0.898498 0.02632 90.758 0.0164719 -0.0373021 0.999168 1.64272
0.897037 -0.441199 -0.025868 99.9886 0.441786 0.896779 0.0247603 91.0927 0.0122736 -0.033639 0.999359 1.65652
0.894888 -0.445714 -0.0226986 100.686 0.446193 0.894602 0.024481 91.4636 0.0093947 -0.0320357 0.999443 1.67822
0.89264 -0.450232 -0.0220397 101.346 0.450691 0.892335 0.0248295 91.7979 0.00848773 -0.0320969 0.999449 1.69435
0.890408 -0.454545 -0.0237297 102.013 0.455063 0.890098 0.0253492 92.1492 0.00959947 -0.0333696 0.999397 1.71655
0.888282 -0.458584 -0.0256132 102.714 0.459175 0.887957 0.0262791 92.5159 0.0106922 -0.0351041 0.999326 1.74189
0.886263 -0.462581 -0.0236035 103.349 0.463085 0.88597 0.0246845 92.8584 0.00949343 -0.0328074 0.999417 1.75496
0.884095 -0.46668 -0.0242267 104.02 0.467211 0.883778 0.0255113 93.2212 0.00950543 -0.0338734 0.999381 1.77419
0.881801 -0.471019 -0.0238406 104.703 0.471528 0.881505 0.0246933 93.5865 0.00938457 -0.0330161 0.999411 1.78438
0.879164 -0.475731 -0.0274072 105.363 0.476348 0.878936 0.0237628 93.9401 0.0127845 -0.0339467 0.999342 1.82005
0.876738 -0.479929 -0.0316078 106.029 0.480655 0.876645 0.0215498 94.3105 0.0173665 -0.0340859 0.999268 1.85089
0.874875 -0.483028 -0.0357528 106.66 0.483919 0.874824 0.0224916 94.6632 0.0204134 -0.0369788 0.999108 1.87058
0.872885 -0.486723 -0.0342346 107.281 0.487625 0.872659 0.0262075 95.0462 0.0171194 -0.0395698 0.99907 1.88387
0.871309 -0.490138 -0.0241928 107.914 0.490661 0.870975 0.0255907 95.3894 0.00852832 -0.0341679 0.99938 1.90151
0.869845 -0.493139 -0.013539 108.564 0.493325 0.869487 0.0249646 95.7499 -0.000539023 -0.0283945 0.999597 1.91933
0.868318 -0.495959 -0.00698907 109.148 0.495975 0.868011 0.0237807 96.1033 -0.00572766 -0.0241156 0.999693 1.93848
0.866424 -0.499277 -0.00558656 109.772 0.49928 0.866202 0.020334 96.4524 -0.00531322 -0.0204071 0.999778 1.94387
0.86483 -0.502008 -0.00756833 110.383 0.502059 0.864649 0.0178349 96.8144 -0.00240932 -0.0192239 0.999812 1.95964
0.863052 -0.50497 -0.0121077 110.924 0.505114 0.862852 0.0186079 97.1459 0.0010507 -0.0221753 0.999754 1.97518
0.861905 -0.506946 -0.0112102 111.489 0.507068 0.861754 0.016173 97.4654 0.00146166 -0.0196239 0.999806 1.99007
0.860205 -0.509805 -0.0121104 112.05 0.509943 0.860066 0.015622 97.8074 0.00245153 -0.0196138 0.999805 1.99853
0.859099 -0.511701 -0.0105805 112.535 0.511808 0.858966 0.0151495 98.1154 0.00133632 -0.0184301 0.999829 2.01458
0.857818 -0.513866 -0.00949981 113.029 0.513954 0.857676 0.0155916 98.4314 0.000135777 -0.0182572 0.999833 2.01768
0.856273 -0.516457 -0.00831642 113.529 0.516524 0.856151 0.0144419 98.7267 -0.000338513 -0.0166619 0.999861 2.02478
0.855131 -0.51836 -0.00740417 113.983 0.518412 0.85503 0.0131254 98.9885 -0.000472887 -0.0150623 0.999886 2.03901
0.853965 -0.520273 -0.00767489 114.441 0.52033 0.853883 0.0118662 99.2549 0.000379815 -0.0141268 0.9999 2.05178
0.85284 -0.522051 -0.011242 114.845 0.522161 0.852764 0.011893 99.5233 0.00337797 -0.016013 0.999866 2.07356
0.8514 -0.524349 -0.0132454 115.239 0.524477 0.851375 0.00920317 99.7663 0.0064511 -0.0147825 0.99987 2.07844
0.849328 -0.527623 -0.0159917 115.628 0.527782 0.849341 0.00806039 100.005 0.00932953 -0.015286 0.99984 2.09586
0.846323 -0.532525 -0.0124693 116.008 0.53259 0.84637 0.00236676 100.247 0.0092933 -0.00864407 0.999919 2.1025
0.843315 -0.537304 -0.0111614 116.354 0.537359 0.84335 0.00245566 100.472 0.00809352 -0.00806856 0.999935 2.10939
0.839646 -0.543001 -0.0120309 116.684 0.5431 0.839636 0.00733417 100.685 0.00611908 -0.0126921 0.999901 2.12439
0.836 -0.548656 -0.00893845 116.992 0.548726 0.835941 0.0100944 100.905 0.00193368 -0.0133437 0.999909 2.12742
0.832519 -0.553977 -0.00454281 117.297 0.55397 0.832372 0.0165666 101.104 -0.00539619 -0.0163086 0.999852 2.13417
0.827515 -0.561444 -0.000883323 117.554 0.561372 0.827381 0.0173852 101.324 -0.00902998 -0.0148824 0.999848 2.14096
0.822824 -0.568295 0.00107408 117.823 0.568201 0.822721 0.0166843 101.486 -0.0103653 -0.0131179 0.99986 2.15491
0.816274 -0.57765 0.0042421 118.031 0.577554 0.816238 0.0136729 101.637 -0.0113607 -0.00871076 0.999898 2.15114
0.807671 -0.589601 0.0061849 118.289 0.589513 0.807673 0.0117266 101.835 -0.0119094 -0.00582513 0.999912 2.16027
0.797832 -0.60284 0.00691651 118.503 0.60274 0.797842 0.012349 102.003 -0.0129628 -0.00568356 0.9999 2.16553
0.7861 -0.618067 0.00635697 118.68 0.617959 0.786098 0.0132552 102.18 -0.0131898 -0.00649159 0.999892 2.1694
0.772746 -0.634702 0.00412962 118.861 0.63462 0.772726 0.0123306 102.337 -0.0110173 -0.00690769 0.999915 2.18172
0.758495 -0.651679 -0.000857972 119.033 0.651653 0.758451 0.0100209 102.506 -0.00587966 -0.00815988 0.999949 2.18516
0.743461 -0.668758 -0.00528876 119.166 0.668779 0.743443 0.00520741 102.658 0.000449392 -0.00740851 0.999972 2.18656
0.729021 -0.684397 -0.0113616 119.328 0.684478 0.72901 0.00586954 102.827 0.00426564 -0.0120558 0.999918 2.17547
0.714119 -0.699784 -0.0183699 119.446 0.699995 0.714084 0.00955634 102.988 0.0064303 -0.0196832 0.999786 2.17274
0.697307 -0.71648 -0.0204703 119.574 0.716744 0.697249 0.0110358 103.14 0.00636593 -0.0223673 0.99973 2.17529
0.679212 -0.733715 -0.0182649 119.713 0.733926 0.67915 0.0103458 103.315 0.00481375 -0.0204321 0.99978 2.19135
0.660195 -0.75093 -0.0156895 119.821 0.751082 0.660157 0.00823573 103.448 0.00417308 -0.0172213 0.999843 2.18669
0.638149 -0.769769 -0.0148906 119.945 0.769911 0.638073 0.0100306 103.618 0.00178003 -0.0178654 0.999839 2.19195
0.615119 -0.788276 -0.0158086 120.067 0.788431 0.614937 0.0150936 103.828 -0.00217658 -0.0217483 0.999761 2.17966
0.591013 -0.806496 -0.0163639 120.185 0.806641 0.590733 0.0190979 104 -0.00573571 -0.0244869 0.999684 2.19119
0.566736 -0.823726 -0.0168972 120.286 0.823856 0.566375 0.0219269 104.191 -0.00849161 -0.0263476 0.999617 2.1886
0.541653 -0.840388 -0.0189961 120.383 0.840541 0.541202 0.0243181 104.397 -0.0101559 -0.0291389 0.999524 2.19043
0.515399 -0.856669 -0.0219445 120.44 0.856861 0.514806 0.027654 104.565 -0.0123932 -0.0330563 0.999377 2.20206
0.488753 -0.872106 -0.0234825 120.543 0.872277 0.488004 0.0313742 104.775 -0.0159021 -0.0358174 0.999232 2.19556
0.459667 -0.887786 -0.0233023 120.591 0.887935 0.458934 0.0308424 104.987 -0.0166872 -0.0348682 0.999253 2.20929
0.428404 -0.903228 -0.0254838 120.686 0.903476 0.427739 0.0277479 105.154 -0.0141623 -0.0349113 0.99929 2.22134
0.394527 -0.918444 -0.0284336 120.76 0.91882 0.393945 0.0240051 105.419 -0.0108461 -0.0355961 0.999307 2.21118
0.356027 -0.934008 -0.029572 120.806 0.934423 0.355492 0.0218927 105.652 -0.00993532 -0.0354271 0.999323 2.20364
0.315924 -0.948299 -0.0303434 120.874 0.948734 0.315417 0.0203793 105.914 -0.00975489 -0.0352261 0.999332 2.19648
0.272727 -0.96161 -0.030427 120.923 0.962051 0.272288 0.0178097 106.222 -0.00884106 -0.0341295 0.999378 2.19996
0.226335 -0.973555 -0.0310456 120.978 0.974026 0.225991 0.0142209 106.511 -0.00682886 -0.0334579 0.999417 2.19923
0.178114 -0.983524 -0.0309258 121.008 0.983988 0.177811 0.0123074 106.845 -0.0066057 -0.0326228 0.999446 2.1976
0.128143 -0.99125 -0.0316657 121.031 0.991724 0.127819 0.0120633 107.192 -0.00791026 -0.0329494 0.999426 2.1819
0.0763017 -0.996609 -0.0308029 121 0.997029 0.0759327 0.0129763 107.532 -0.0105933 -0.0317015 0.999441 2.17649
0.0236748 -0.999326 -0.0280396 121.009 0.999625 0.0232765 0.0144455 107.887 -0.0137831 -0.0283711 0.999502 2.1732
-0.0292159 -0.999262 -0.0249196 120.988 0.999437 -0.0296139 0.0157542 108.218 -0.0164805 -0.0244453 0.999565 2.17731
-0.0830842 -0.996285 -0.0226556 120.947 0.996347 -0.0834968 0.0179182 108.654 -0.0197433 -0.0210841 0.999583 2.16242
-0.135912 -0.990494 -0.0212199 120.855 0.990422 -0.136366 0.0216563 109.052 -0.0243441 -0.0180733 0.99954 2.15089
-0.186966 -0.982159 -0.0202027 120.756 0.98203 -0.187401 0.022326 109.418 -0.0257136 -0.0156654 0.999547 2.14258
-0.23714 -0.971341 -0.0161909 120.615 0.971225 -0.237424 0.0187489 109.87 -0.0220556 -0.0112789 0.999693 2.16692
-0.285835 -0.958184 -0.0134789 120.508 0.957967 -0.286073 0.0214997 110.311 -0.0244566 -0.006767 0.999678 2.14723
-0.332682 -0.942983 -0.010254 120.3 0.942717 -0.332833 0.0225372 110.705 -0.0246651 -0.00216891 0.999693 2.13846
-0.377719 -0.925891 -0.00733887 120.124 0.925556 -0.37778 0.025047 111.162 -0.0259633 0.00266817 0.999659 2.12797
-0.419112 -0.907918 -0.00546187 119.871 0.907579 -0.419109 0.0254644 111.617 -0.0254087 0.00571536 0.999661 2.12062
-0.45876 -0.888553 -0.0037333 119.637 0.888199 -0.458689 0.0265924 112.059 -0.0253412 0.00888362 0.999639 2.10884
-0.493003 -0.870022 -0.00301618 119.348 0.869679 -0.492901 0.026606 112.531 -0.0246345 0.0104937 0.999641 2.1014
-0.521291 -0.853372 -0.00342437 119.041 0.853017 -0.521182 0.0270505 112.959 -0.0248688 0.0111801 0.999628 2.08827
-0.544981 -0.838434 -0.00490161 118.712 0.838094 -0.544912 0.0258585 113.473 -0.0243516 0.00998439 0.999654 2.0726
-0.562655 -0.826654 -0.00788228 118.357 0.82638 -0.562679 0.022087 113.968 -0.0226935 0.00591361 0.999725 2.06929
