1 0 0 0 0 1 0 0 0 0 1 0
0.999998 0.00180944 -0.000188805 1.19922 -0.00180941 0.999998 0.00018786 0.0149344 0.000189144 -0.000187518 1 0.0157661
0.999995 0.00329431 -7.16775e-05 2.39072 -0.0032943 0.999995 0.000252758 0.0163949 7.25097e-05 -0.00025252 1 0.0251541
0.999991 0.00414563 0.000101676 3.60532 -0.00414566 0.999991 0.00029622 0.0129537 -0.000100447 -0.000296639 1 0.0415429
0.999985 0.00538433 0.000130324 4.79815 -0.00538436 0.999985 0.000159964 0.0044164 -0.00012946 -0.000160664 1 0.0564588
0.999981 0.0061732 7.49249e-05 5.99723 -0.00617321 0.999981 0.000177995 0.00267025 -7.38247e-05 -0.000178454 1 0.068027
0.999974 0.00715199 -0.00061329 7.19282 -0.00715197 0.999974 2.96298e-05 0.00987425 0.000613486 -2.52428e-05 1 0.0894127
0.99997 0.00776105 -0.000824371 8.39057 -0.00776086 0.99997 0.000229996 -0.00716205 0.000826131 -0.000223591 1 0.105342
0.999969 0.00792141 0.000102452 9.59652 -0.00792144 0.999969 0.000325124 -0.0194843 -9.98738e-05 -0.000325926 1 0.124298
0.999976 0.0068788 0.000685516 10.8036 -0.00687876 0.999976 -6.47415e-05 -0.00942149 -0.000685945 6.00244e-05 1 0.136561
0.999988 0.00485887 0.000694505 12.0035 -0.0048576 0.999987 -0.00182422 -0.00855106 -0.000703359 0.00182083 0.999998 0.158324
0.999996 0.00283273 0.000534502 13.194 -0.00283169 0.999994 -0.0019257 -0.0148211 -0.000539954 0.00192418 0.999998 0.169603
0.999999 0.00144432 0.000164005 14.3784 -0.00144402 0.999997 -0.00185534 -0.00613275 -0.000166684 0.00185511 0.999998 0.191841
1 0.000452111 0.00023113 15.5823 -0.000452065 1 -0.000202121 0.00645002 -0.000231221 0.000202016 1 0.200868
1 0.000179112 0.000277394 16.7748 -0.000178922 1 -0.000683231 0.0116089 -0.000277517 0.000683181 1 0.219376
1 2.35195e-06 0.000588647 17.9812 -1.68932e-06 0.999999 -0.00112569 0.00807719 -0.00058865 0.00112569 0.999999 0.243006
0.999999 -0.000781441 0.000860079 19.1803 0.000782696 0.999999 -0.00146042 0.0156045 -0.000858937 0.0014611 0.999999 0.25703
0.999999 -0.00116641 0.000189461 20.3873 0.0011667 0.999998 -0.00157139 0.0233977 -0.000187628 0.00157161 0.999999 0.272829
0.999999 -0.00168199 -0.000402408 21.5581 0.00168162 0.999998 -0.000903285 0.0233475 0.000403927 0.000902607 1 0.291416
0.999996 -0.00265382 -0.000204726 22.7699 0.00265361 0.999996 -0.00100359 0.0347397 0.000207388 0.00100304 0.999999 0.308853
0.999994 -0.0033248 -0.000427373 23.978 0.00332439 0.999994 -0.000960581 0.0530827 0.000430564 0.000959155 0.999999 0.327079
0.999991 -0.00412707 -0.000785635 25.1689 0.00412665 0.999991 -0.000537376 0.0546303 0.000787846 0.000534129 1 0.345764
0.999989 -0.00472531 -0.000282805 26.3658 0.00472532 0.999989 5.2603e-05 0.0611431 0.000282553 -5.39387e-05 1 0.363028
0.999982 -0.0057767 0.00141502 27.5671 0.00577919 0.999982 -0.00175912 0.0700838 -0.00140484 0.00176727 0.999997 0.371556
0.999976 -0.00667328 0.00163168 28.7409 0.00667654 0.999976 -0.00199899 0.0937237 -0.0016183 0.00200984 0.999997 0.395587
0.999974 -0.00718627 0.000778003 29.9495 0.00718801 0.999972 -0.00226083 0.0963912 -0.000761734 0.00226637 0.999997 0.408354
0.999966 -0.00829008 -3.16253e-05 31.1576 0.00828995 0.999961 -0.00305815 0.118341 5.69764e-05 0.00305778 0.999995 0.425446
0.999961 -0.0088811 -0.00012613 32.3537 0.00888081 0.999958 -0.0021654 0.132412 0.000145355 0.00216419 0.999998 0.443658
0.999954 -0.00954454 0.000213937 33.5425 0.00954511 0.99995 -0.00287657 0.149928 -0.000186471 0.00287848 0.999996 0.457988
0.999947 -0.0102681 0.000587881 34.7406 0.0102697 0.999943 -0.00284426 0.163279 -0.000558642 0.00285015 0.999996 0.476104
0.999945 -0.0104795 0.00044532 35.9449 0.0104812 0.999937 -0.00391782 0.182239 -0.000404235 0.00392227 0.999992 0.498124
0.999937 -0.011224 0.000317494 37.1353 0.0112251 0.999929 -0.00392465 0.190934 -0.000273422 0.00392797 0.999992 0.511215
0.999938 -0.0111057 0.000897511 38.3367 0.01111 0.999926 -0.00492586 0.2073 -0.000842739 0.00493552 0.999987 0.530555
0.999935 -0.0112398 0.00191909 39.5357 0.0112474 0.999929 -0.00398914 0.222043 -0.00187412 0.00401047 0.99999 0.543742
0.999935 -0.0110932 0.00270752 40.7368 0.0111043 0.99993 -0.00412396 0.250858 -0.00266158 0.00415375 0.999988 0.559135
0.999934 -0.0111774 0.00264845 41.9443 0.0111876 0.99993 -0.00388692 0.265203 -0.00260482 0.00391629 0.999989 0.568945
0.999939 -0.0107733 0.00250554 43.144 0.0107793 0.999939 -0.00238537 0.287729 -0.00247969 0.00241224 0.999994 0.593652
0.999941 -0.0100159 0.00415241 44.3454 0.0100149 0.99995 0.000268214 0.29481 -0.00415489 -0.000226612 0.999991 0.605348
0.999934 -0.00887099 0.0072454 45.5483 0.00887108 0.999961 2.02652e-05 0.318138 -0.00724529 4.40107e-05 0.999974 0.616371
0.999925 -0.00718744 0.0099117 46.7379 0.00718057 0.999974 0.000727553 0.335591 -0.00991667 -0.000656327 0.999951 0.620854
0.999898 -0.00532148 0.0132331 47.953 0.00531214 0.999986 0.000740802 0.352828 -0.0132368 -0.00067043 0.999912 0.620673
0.999886 -0.00427823 0.014506 49.1665 0.00427853 0.999991 1.01719e-05 0.362465 -0.0145059 5.18937e-05 0.999895 0.622489
0.999908 -0.00259861 0.013291 50.3697 0.00260555 0.999996 -0.000504799 0.376659 -0.0132896 0.000539383 0.999912 0.626825
0.999931 -0.00108122 0.011673 51.5857 0.00108084 0.999999 3.81976e-05 0.389492 -0.0116731 -2.55783e-05 0.999932 0.630382
0.999937 -0.000790282 0.011176 52.7664 0.000787083 1 0.00029066 0.39383 -0.0111762 -0.000281846 0.999938 0.615925
0.999941 -0.000230296 0.0108764 53.9759 0.000233372 1 -0.000281548 0.40627 -0.0108763 0.000284069 0.999941 0.629405
0.99995 -0.00117826 0.00996841 55.18 0.00118841 0.999999 -0.00101321 0.401667 -0.0099672 0.00102501 0.99995 0.635942
0.999947 -0.00261868 0.00994202 56.3868 0.00262212 0.999997 -0.000333326 0.411825 -0.00994111 0.000359378 0.999951 0.63658
0.999929 -0.00386366 0.0112306 57.5953 0.00387294 0.999992 -0.000804648 0.400708 -0.0112274 0.000848086 0.999937 0.647145
0.999919 -0.0050586 0.0117069 58.7924 0.00506833 0.999987 -0.000801405 0.42547 -0.0117027 0.000860675 0.999931 0.648478
0.999918 -0.00564447 0.0115309 60.0043 0.0056462 0.999984 -0.000116685 0.433373 -0.0115301 0.000181781 0.999934 0.650211
0.999917 -0.00637164 0.0111977 61.2122 0.00636991 0.99998 0.000189585 0.45132 -0.0111987 -0.000118241 0.999937 0.655412
0.999921 -0.00662373 0.0106961 62.4149 0.00662842 0.999978 -0.000402945 0.465727 -0.0106932 0.000473811 0.999943 0.659613
0.999929 -0.00644244 0.0100582 63.6193 0.00645302 0.999979 -0.0010199 0.464337 -0.0100514 0.00108473 0.999949 0.671854
0.999918 -0.00706519 0.0106808 64.8164 0.00707562 0.999975 -0.000939679 0.49048 -0.0106739 0.00101518 0.999943 0.676499
0.999897 -0.00709016 0.0124946 66.0176 0.00711493 0.999973 -0.00193938 0.488194 -0.0124805 0.00202807 0.99992 0.674614
0.999907 -0.00748066 0.0114112 67.2104 0.00749614 0.999971 -0.0013144 0.51009 -0.011401 0.00139982 0.999934 0.685489
0.999921 -0.00767535 0.00997001 68.4235 0.00766744 0.99997 0.000831442 0.533342 -0.00997609 -0.000754931 0.99995 0.697434
0.99992 -0.00749595 0.0101402 69.6379 0.00747835 0.99997 0.00177246 0.554844 -0.0101532 -0.00169649 0.999947 0.689246
0.999918 -0.00750064 0.01042 70.816 0.00746967 0.999968 0.00300774 0.559067 -0.0104422 -0.00292966 0.999941 0.699076
0.99992 -0.00683135 0.0106728 71.9917 0.00677558 0.999963 0.00525304 0.57292 -0.0107083 -0.0051803 0.999929 0.698587
0.999913 -0.0063897 0.0115113 73.1881 0.00631843 0.999961 0.00621722 0.585173 -0.0115506 -0.00614395 0.999914 0.712082
0.999914 -0.00448657 0.0123461 74.3728 0.00439795 0.999964 0.00719519 0.591762 -0.012378 -0.00714027 0.999898 0.703697
0.999939 -0.00142191 0.0109351 75.5712 0.00136351 0.999985 0.00534584 0.596445 -0.0109425 -0.0053306 0.999926 0.699048
0.999984 0.00102871 0.00552641 76.7357 -0.0010482 0.999993 0.00352485 0.615268 -0.00552275 -0.00353058 0.999979 0.743284
0.999983 0.00362804 0.00459816 77.9092 -0.00365166 0.99998 0.00513859 0.612146 -0.00457943 -0.0051553 0.999976 0.750293
0.999949 0.00619936 0.00794119 79.1008 -0.00622701 0.999975 0.00346091 0.614399 -0.00791953 -0.00351019 0.999962 0.742162
0.999908 0.00958081 0.00955845 80.2842 -0.00960625 0.99995 0.00261916 0.61424 -0.00953288 -0.00271075 0.999951 0.756689
0.99987 0.0139896 0.00797512 81.4556 -0.0140219 0.999894 0.00400797 0.5892 -0.0079182 -0.00411927 0.99996 0.75547
0.999838 0.0172152 0.00522416 82.6067 -0.0172336 0.999845 0.0034984 0.587907 -0.00516313 -0.00358787 0.99998 0.774872
0.999778 0.0209779 0.00176646 83.7858 -0.0209842 0.999773 0.00365384 0.558483 -0.00168941 -0.0036901 0.999992 0.796369
0.999704 0.0243008 0.000847873 84.9257 -0.0243031 0.999701 0.00271649 0.539077 -0.000781606 -0.00273629 0.999996 0.817143
0.999613 0.0276909 0.00261071 86.0829 -0.0276944 0.999616 0.00130627 0.509596 -0.00257353 -0.00137806 0.999996 0.818582
0.999498 0.0315271 0.00308297 87.262 -0.0315321 0.999501 0.00158248 0.482193 -0.00303154 -0.0016789 0.999994 0.82204
0.999373 0.0353768 0.00136268 88.414 -0.0353795 0.999372 0.00197643 0.44395 -0.00129191 -0.0020234 0.999997 0.845499
0.999248 0.0387758 -0.00085093 89.5636 -0.0387738 0.999245 0.00232116 0.404351 0.000940292 -0.00228642 0.999997 0.868713
0.999132 0.0416333 -0.00112324 90.715 -0.0416303 0.99913 0.00258417 0.374978 0.00122985 -0.00253517 0.999996 0.883436
0.998995 0.044813 -0.000175617 91.8593 -0.0448126 0.998994 0.00147726 0.317057 0.00024164 -0.00146791 0.999999 0.901538
0.99887 0.0475212 0.00111144 93.0338 -0.0475218 0.99887 0.000496658 0.277719 -0.00108658 -0.000548914 0.999999 0.916431
0.998742 0.0500562 0.00303171 94.1688 -0.0500551 0.998746 -0.000433836 0.220629 -0.00304963 0.000281537 0.999995 0.930548
0.998615 0.0524771 0.00389314 95.3464 -0.0524673 0.998619 -0.00258011 0.162724 -0.00402316 0.00237228 0.999989 0.935956
0.998501 0.0546849 0.00211799 96.4943 -0.0546777 0.998499 -0.0032991 0.102903 -0.00229522 0.00317835 0.999992 0.951313
0.998364 0.0571556 -0.00178162 97.6458 -0.0571629 0.998355 -0.00437534 0.0345495 0.00152861 0.00447002 0.999989 0.972865
0.998219 0.0594877 -0.00454904 98.8207 -0.059504 0.998222 -0.00353115 -0.0318439 0.00433089 0.00379554 0.999983 0.982995
0.998125 0.0609722 -0.00544681 99.9749 -0.0609919 0.998132 -0.00352431 -0.105629 0.00522175 0.00384991 0.999979 1.00573
0.998081 0.0617287 -0.00485609 101.167 -0.061746 0.998086 -0.00348821 -0.166104 0.00463147 0.00378136 0.999982 1.02263
0.998152 0.0606856 -0.00307248 102.329 -0.0606965 0.99815 -0.00357944 -0.228066 0.00284957 0.00375931 0.999989 1.03243
0.998223 0.0595597 -0.00169285 103.514 -0.0595666 0.998215 -0.00437027 -0.301136 0.00142954 0.00446334 0.999989 1.05956
0.998348 0.0574482 -0.00103165 104.731 -0.0574518 0.998341 -0.00391906 -0.356284 0.000804791 0.00397186 0.999992 1.0733
0.998473 0.0552393 -0.000510666 105.902 -0.0552408 0.998466 -0.00374961 -0.41976 0.000302757 0.00377209 0.999993 1.08713
0.998633 0.0522572 -0.00058843 107.12 -0.0522587 0.998629 -0.00308046 -0.483467 0.000426647 0.003107 0.999995 1.10454
0.998829 0.048382 -0.000809063 108.308 -0.0483836 0.998827 -0.00204859 -0.532078 0.000708999 0.00208533 0.999998 1.11349
0.999013 0.0444215 -0.000355989 109.512 -0.0444221 0.999011 -0.00184551 -0.584517 0.000273657 0.0018595 0.999998 1.13165
0.999174 0.0406352 0.000669048 110.743 -0.0406345 0.999174 -0.00102006 -0.623926 -0.000709945 0.000992026 0.999999 1.1471
0.999348 0.0360607 0.00148503 111.948 -0.0360594 0.999349 -0.000902303 -0.660787 -0.0015166 0.000848166 0.999998 1.16535
0.999496 0.0316937 0.00192858 113.186 -0.0316921 0.999497 -0.000840161 -0.701875 -0.00195424 0.000778617 0.999998 1.17952
0.999636 0.0268816 0.00223081 114.386 -0.0268807 0.999639 -0.000423269 -0.723395 -0.00224138 0.000363149 0.999997 1.19227
0.999753 0.0221082 0.00207135 115.614 -0.0221085 0.999756 0.00014643 -0.75423 -0.0020676 -0.000192188 0.999998 1.20404
0.999851 0.0171496 0.00187273 116.845 -0.0171512 0.999853 0.000857182 -0.768982 -0.00185775 -0.000889174 0.999998 1.21995
0.999923 0.0123552 0.00131013 118.065 -0.0123573 0.999922 0.00158025 -0.777335 -0.0012905 -0.00159631 0.999998 1.23504
0.999961 0.00876586 0.00122477 119.298 -0.00876963 0.999957 0.00311181 -0.778263 -0.00119744 -0.00312243 0.999994 1.24886
0.999977 0.00662506 0.00122321 120.529 -0.00663189 0.999962 0.00566912 -0.775754 -0.0011856 -0.00567711 0.999983 1.25748
0.999983 0.00578194 0.0011126 121.76 -0.00578941 0.99996 0.00682897 -0.786561 -0.00107307 -0.00683529 0.999976 1.28217
0.999987 0.00500407 0.00118355 123.004 -0.00501428 0.999949 0.00878368 -0.780824 -0.00113953 -0.0087895 0.999961 1.29798
0.999991 0.00364631 0.0020601 124.241 -0.00366733 0.99994 0.0102936 -0.77195 -0.00202244 -0.0103011 0.999945 1.30521
0.999992 0.0033412 0.00236187 125.499 -0.00336637 0.999937 0.0107338 -0.777123 -0.00232586 -0.0107416 0.99994 1.32929
0.999989 0.00227258 0.00404559 126.746 -0.0023272 0.999906 0.0135485 -0.756195 -0.00401442 -0.0135577 0.9999 1.33875
0.999973 0.00150684 0.00725514 127.985 -0.00161835 0.99988 0.0153886 -0.762868 -0.00723108 -0.0154 0.999855 1.32978
0.999971 0.00119107 0.00755671 129.248 -0.00129084 0.999912 0.0132122 -0.751951 -0.00754031 -0.0132215 0.999884 1.35111
0.999983 0.000531096 0.00579341 130.489 -0.00061204 0.999902 0.0139788 -0.750765 -0.00578542 -0.0139822 0.999886 1.36227
0.999979 3.20896e-05 0.00655684 131.764 -0.0001082 0.999933 0.0116077 -0.74979 -0.00655602 -0.0116082 0.999911 1.36589
0.999964 -0.000986846 0.00848018 133.022 0.000914096 0.999963 0.00857837 -0.762393 -0.00848833 -0.00857031 0.999927 1.37668
0.999945 -0.00135023 0.0103712 134.282 0.00128974 0.999982 0.00583641 -0.740126 -0.0103789 -0.00582271 0.999929 1.3796
0.999935 -0.0013065 0.0113266 135.551 0.00126519 0.999993 0.00365369 -0.741005 -0.0113313 -0.00363913 0.999929 1.3775
0.99995 -0.00113949 0.00997078 136.791 0.00113826 0.999999 0.000129537 -0.753456 -0.00997093 -0.000118181 0.99995 1.39821
0.999963 -0.000994771 0.00855899 138.082 0.00101118 0.999998 -0.00191257 -0.742626 -0.00855707 0.00192115 0.999962 1.39505
0.999962 -0.00131062 0.00858446 139.364 0.00134465 0.999991 -0.00395994 -0.729565 -0.0085792 0.00397134 0.999955 1.40843
0.999961 -0.00101515 0.00876759 140.624 0.00105206 0.999991 -0.00420616 -0.727074 -0.00876324 0.00421522 0.999953 1.40716
0.999946 0.000138356 0.0104245 141.922 -9.69831e-05 0.999992 -0.00396919 -0.728069 -0.010425 0.00396797 0.999938 1.41644
0.999924 0.000427637 0.0123289 143.173 -0.000403291 0.999998 -0.00197714 -0.729293 -0.0123297 0.00197202 0.999922 1.40711
0.999938 0.00112405 0.0111035 144.48 -0.00109919 0.999997 -0.0022445 -0.720298 -0.011106 0.00223215 0.999936 1.42227
0.999959 0.0020176 0.00886058 145.769 -0.00201254 0.999998 -0.000579226 -0.734131 -0.00886173 0.00056137 0.999961 1.42723
0.999974 0.00195678 0.00696495 147.034 -0.00194729 0.999997 -0.00136861 -0.719236 -0.0069676 0.00135501 0.999975 1.43399
0.999992 0.00269156 0.00285423 148.301 -0.00268505 0.999994 -0.0022823 -0.718491 -0.00286035 0.00227462 0.999993 1.45103
0.999996 0.00271578 -0.000578001 149.565 -0.0027168 0.999995 -0.00177573 -0.716227 0.000573176 0.0017773 0.999998 1.4622
0.999994 0.00297725 -0.00157128 150.833 -0.0029804 0.999994 -0.00200407 -0.716259 0.0015653 0.00200874 0.999997 1.48218
0.999993 0.00336225 -0.00137271 152.101 -0.00336545 0.999992 -0.00233562 -0.721704 0.00136485 0.00234023 0.999996 1.50376
0.999995 0.00303627 -0.00104222 153.373 -0.00303816 0.999994 -0.00181376 -0.730804 0.0010367 0.00181692 0.999998 1.52476
0.999995 0.00316387 0.000156717 154.635 -0.00316365 0.999994 -0.00143937 -0.72197 -0.00016127 0.00143887 0.999999 1.54107
0.999996 0.00273466 0.00049334 155.9 -0.00273405 0.999995 -0.00123955 -0.712623 -0.000496728 0.0012382 0.999999 1.55504
0.999998 0.00213837 0.000344383 157.186 -0.00213819 0.999998 -0.000520573 -0.714081 -0.000345496 0.000519835 1 1.57859
0.999998 0.00196664 0.000650667 158.436 -0.00196623 0.999998 -0.000631008 -0.706667 -0.000651907 0.000629727 1 1.59186
0.999998 0.00104878 0.0015818 159.707 -0.00104715 0.999999 -0.00103423 -0.705436 -0.00158288 0.00103257 0.999998 1.61132
0.999998 0.000725569 0.00194965 160.967 -0.00072441 1 -0.000595258 -0.701058 -0.00195008 0.000593845 0.999998 1.62199
0.999999 -0.000213735 0.00123584 162.251 0.000213419 1 0.00025575 -0.686138 -0.00123589 -0.000255486 0.999999 1.64815
1 -0.000678856 0.000140221 163.504 0.000678707 0.999999 0.00106512 -0.685282 -0.000140944 -0.00106502 0.999999 1.664
0.999999 -0.00107757 -8.84509e-05 164.756 0.00107768 0.999999 0.00121587 -0.670932 8.71406e-05 -0.00121597 0.999999 1.67194
0.999997 -0.00213234 -0.000899883 166.033 0.00213336 0.999997 0.0011263 -0.658825 0.000897478 -0.00112822 0.999999 1.69985
0.999996 -0.00229581 -0.00171819 167.285 0.00229863 0.999996 0.00163626 -0.661632 0.00171443 -0.0016402 0.999997 1.71891
0.999993 -0.00338728 -0.00161683 168.564 0.00339001 0.999993 0.00168897 -0.64825 0.0016111 -0.00169444 0.999997 1.73784
0.999991 -0.00424288 -0.000439622 169.838 0.00424362 0.99999 0.00169087 -0.641599 0.000432443 -0.00169272 0.999998 1.75337
0.99999 -0.00452025 9.76944e-07 171.092 0.00452024 0.999988 0.00186621 -0.626842 -9.41265e-06 -0.00186618 0.999998 1.77341
0.999984 -0.00567104 0.000320196 172.367 0.0056702 0.999981 0.00256381 -0.614894 -0.000334729 -0.00256195 0.999997 1.79466
0.999983 -0.00582726 0.000533924 173.637 0.00582591 0.99998 0.00250746 -0.588514 -0.000548525 -0.0025043 0.999997 1.80858
0.999976 -0.00687719 -1.9539e-06 174.897 0.00687716 0.999971 0.00328168 -0.582553 -2.06149e-05 -0.00328162 0.999995 1.82841
0.999975 -0.00704931 -0.00076203 176.173 0.00705188 0.999969 0.00342578 -0.566797 0.000737857 -0.00343107 0.999994 1.84018
0.999973 -0.00738083 -0.000298413 177.435 0.00738189 0.999966 0.0037262 -0.547851 0.0002709 -0.0037283 0.999993 1.85527
0.999966 -0.00811495 -0.00111663 178.695 0.00811883 0.999961 0.00351367 -0.533543 0.00108807 -0.00352262 0.999993 1.8731
0.999969 -0.00750759 -0.00238688 179.966 0.00751468 0.999967 0.00297381 -0.535628 0.00236448 -0.00299165 0.999993 1.89673
0.999965 -0.00799497 -0.00253594 181.226 0.00799479 0.999968 -8.27953e-05 -0.524169 0.00253652 6.2518e-05 0.999997 1.93814
0.999964 -0.00850336 0.000670021 182.491 0.00850319 0.999964 0.000246781 -0.502071 -0.000672095 -0.000241074 1 1.9481
0.999953 -0.00830115 0.00507381 183.756 0.00831062 0.999964 -0.00184825 -0.496534 -0.00505828 0.00189032 0.999985 1.9511
0.99995 -0.00869679 0.00503401 185.008 0.00870012 0.999962 -0.000638451 -0.465181 -0.00502827 0.000682215 0.999987 1.97231
0.999967 -0.00795099 0.00171723 186.282 0.00794901 0.999968 0.00116202 -0.456701 -0.00172642 -0.00114833 0.999998 1.98194
0.999965 -0.00838043 -8.54688e-05 187.513 0.00838056 0.999963 0.0016657 -0.43468 7.15064e-05 -0.00166635 0.999999 2.00157
0.999963 -0.00859606 2.13889e-05 188.763 0.00859603 0.999962 0.00112415 -0.416694 -3.10513e-05 -0.00112392 0.999999 2.0195
0.999965 -0.00829176 0.00092519 190.023 0.00829053 0.999965 0.00132038 -0.404376 -0.000936105 -0.00131266 0.999999 2.03792
0.999959 -0.00864348 0.00286331 191.269 0.00863995 0.999962 0.00124473 -0.388398 -0.00287396 -0.00121993 0.999995 2.05302
0.999962 -0.00776311 0.00395502 192.512 0.00776177 0.99997 0.000353792 -0.372959 -0.00395765 -0.000323081 0.999992 2.06751
0.999969 -0.00699619 0.00353721 193.746 0.00699346 0.999975 0.000781678 -0.357671 -0.00354259 -0.000756916 0.999993 2.07989
0.999982 -0.00545839 0.00233638 194.978 0.005459 0.999985 -0.000257506 -0.360305 -0.00233494 0.000270255 0.999997 2.10621
0.999994 -0.00353848 0.000679237 196.205 0.00353836 0.999994 0.00018346 -0.356631 -0.000679882 -0.000181056 1 2.12339
0.999997 -0.00263387 0.000208399 197.428 0.00263401 0.999996 -0.00065665 -0.34681 -0.000206669 0.000657197 1 2.1432
0.999999 -0.000912254 0.000946729 198.667 0.000912499 1 -0.000258959 -0.323393 -0.000946492 0.000259822 1 2.16135
0.999997 -9.75844e-05 0.00253383 199.883 0.000101098 0.999999 -0.00138661 -0.320611 -0.0025337 0.00138686 0.999996 2.1719
0.999995 0.00121623 0.00291616 201.088 -0.00121413 0.999999 -0.000719213 -0.308322 -0.00291704 0.000715669 0.999995 2.1964
0.999993 0.00248504 0.00285961 202.299 -0.00248348 0.999997 -0.000547484 -0.300852 -0.00286096 0.000540378 0.999996 2.21026
0.999988 0.00352606 0.00328195 203.482 -0.00352628 0.999994 5.99444e-05 -0.318419 -0.00328172 -7.15167e-05 0.999995 2.23096
0.999983 0.00474481 0.00345162 204.684 -0.0047439 0.999989 -0.000271943 -0.30614 -0.00345288 0.000255564 0.999994 2.24484
0.999981 0.00526616 0.00330137 205.854 -0.00526685 0.999986 0.000199921 -0.306159 -0.00330027 -0.000217305 0.999995 2.26473
0.999974 0.00626488 0.00350163 207.03 -0.00626482 0.99998 -2.78398e-05 -0.313799 -0.00350174 5.90203e-06 0.999994 2.27054
0.999969 0.00693951 0.00370332 208.194 -0.00693637 0.999976 -0.000859793 -0.319651 -0.0037092 0.000834079 0.999993 2.29402
0.999964 0.00725438 0.0043225 209.302 -0.00725042 0.999973 -0.000930213 -0.33081 -0.00432914 0.00089884 0.99999 2.30733
0.999961 0.00691744 0.00554944 210.471 -0.0069069 0.999974 -0.00191495 -0.320757 -0.00556255 0.00187655 0.999983 2.32444
0.999966 0.0060902 0.00551687 211.559 -0.00608127 0.99998 -0.00163293 -0.328596 -0.00552671 0.00159932 0.999983 2.33446
0.999974 0.00546046 0.00474175 212.667 -0.00545349 0.999984 -0.00148092 -0.321412 -0.00474976 0.00145502 0.999988 2.35292
0.999977 0.00540309 0.00402178 213.753 -0.00539901 0.999985 -0.00102501 -0.331087 -0.00402726 0.00100328 0.999991 2.36801
0.999982 0.00461638 0.00383316 214.823 -0.00461203 0.999989 -0.00114519 -0.330301 -0.00383841 0.0011275 0.999992 2.38363
0.999986 0.0036591 0.00381683 215.896 -0.00365368 0.999992 -0.00142505 -0.329809 -0.00382201 0.00141108 0.999992 2.40436
0.999988 0.00197547 0.00444991 216.93 -0.0019687 0.999997 -0.0015256 -0.331726 -0.00445291 0.00151682 0.999989 2.41749
0.999983 -8.48182e-05 0.00578053 217.978 0.000100834 0.999996 -0.00277046 -0.318661 -0.00578027 0.002771 0.999979 2.43523
0.999968 -0.00192884 0.00776454 219.006 0.00195235 0.999994 -0.00302094 -0.316911 -0.00775866 0.003036 0.999965 2.44335
0.99996 -0.00438326 0.00778821 220.001 0.00440649 0.999986 -0.00296765 -0.303202 -0.0077751 0.00300185 0.999965 2.46227
0.999947 -0.00711495 0.00745327 220.986 0.00713128 0.999972 -0.00216653 -0.280089 -0.00743765 0.00221957 0.99997 2.47308
0.99992 -0.0101378 0.00754663 221.949 0.0101529 0.999947 -0.0019613 -0.280948 -0.00752634 0.00203777 0.99997 2.48381
0.999885 -0.0129154 0.00800342 222.897 0.0129324 0.999914 -0.00207592 -0.27096 -0.00797592 0.00217918 0.999966 2.48862
0.99985 -0.0153147 0.0080632 223.836 0.0153281 0.999881 -0.00160154 -0.257333 -0.00803772 0.0017249 0.999966 2.50009
0.9998 -0.0185418 0.00746428 224.72 0.0185531 0.999827 -0.00144428 -0.2325 -0.00743621 0.00158248 0.999971 2.51489
0.999737 -0.0218585 0.00699499 225.604 0.0218692 0.99976 -0.00144908 -0.210345 -0.00696163 0.00160167 0.999974 2.53396
0.999666 -0.0249698 0.0066404 226.454 0.024976 0.999688 -0.000858937 -0.175593 -0.00661688 0.0010245 0.999978 2.53713
0.999587 -0.0280617 0.0061233 227.282 0.0280636 0.999606 -0.000222709 -0.149876 -0.00611463 0.000394459 0.999981 2.55641
0.999529 -0.0301251 0.00585162 228.095 0.0301182 0.999546 0.0012674 -0.116045 -0.00588714 -0.00109057 0.999982 2.56578
0.999499 -0.0310687 0.0061103 228.877 0.0310574 0.999516 0.0019222 -0.0879222 -0.00616706 -0.00173146 0.999979 2.57126
0.999502 -0.0307377 0.00711922 229.681 0.0307248 0.999526 0.0019209 -0.0652351 -0.00717489 -0.00170121 0.999973 2.58332
0.999501 -0.0306108 0.00784091 230.438 0.0305943 0.999529 0.00221605 -0.0341194 -0.00790505 -0.00197506 0.999967 2.59763
0.999516 -0.0302365 0.00735654 231.175 0.0302232 0.999541 0.00190471 -0.00891975 -0.00741076 -0.00168145 0.999971 2.60894
0.999551 -0.029408 0.00567335 231.919 0.0293948 0.999565 0.00241189 0.0166135 -0.00574181 -0.00224404 0.999981 2.61524
0.999572 -0.0289582 0.00406567 232.648 0.0289474 0.999577 0.00267822 0.0423358 -0.00414151 -0.00255938 0.999988 2.62323
0.999622 -0.027373 0.00269097 233.371 0.0273655 0.999622 0.00276473 0.06446 -0.00276564 -0.00269004 0.999993 2.63106
0.999658 -0.0260527 0.00209795 234.082 0.0260457 0.999655 0.00327462 0.0810621 -0.00218254 -0.00321886 0.999992 2.63901
0.999699 -0.0244508 0.00187869 234.82 0.0244451 0.999697 0.00295954 0.101207 -0.00195048 -0.00291272 0.999994 2.65248
0.999747 -0.0224168 0.001856 235.544 0.0224114 0.999745 0.00284312 0.116683 -0.00191926 -0.0028008 0.999994 2.66346
0.999781 -0.0208928 0.00155761 236.259 0.0208883 0.999778 0.00287873 0.139708 -0.00161741 -0.00284556 0.999995 2.6739
0.999826 -0.0185909 0.00135917 236.96 0.0185867 0.999823 0.00305608 0.151102 -0.00141575 -0.00303029 0.999994 2.68845
0.999873 -0.0158082 0.0018175 237.659 0.0158032 0.999871 0.00272879 0.172181 -0.0018604 -0.00269972 0.999995 2.6906
0.999921 -0.0123769 0.00227065 238.36 0.0123723 0.999921 0.00201393 0.18013 -0.0022954 -0.00198568 0.999995 2.7062
0.999951 -0.00945125 0.00283497 239.062 0.00944934 0.999955 0.000685139 0.187506 -0.00284132 -0.000658317 0.999996 2.71693
0.999974 -0.00657464 0.00279318 239.742 0.00657462 0.999978 1.74718e-05 0.198695 -0.00279323 8.92676e-07 0.999996 2.72363
0.999991 -0.00348093 0.00248824 240.435 0.00348122 0.999994 -0.000109843 0.195514 -0.00248785 0.000118505 0.999997 2.73588
0.999997 -0.000830611 0.00227904 241.125 0.000831415 1 -0.00035193 0.198592 -0.00227875 0.000353824 0.999997 2.74385
0.999996 0.00205048 0.00175294 241.821 -0.00205129 0.999998 0.000460219 0.204095 -0.00175199 -0.000463813 0.999998 2.74726
0.999985 0.00526992 0.00113002 242.524 -0.00527062 0.999986 0.00061955 0.204694 -0.00112673 -0.000625496 0.999999 2.75882
0.999966 0.00796055 0.00193291 243.214 -0.00796188 0.999968 0.000680337 0.206194 -0.00192743 -0.000695704 0.999998 2.76757
0.999941 0.0105945 0.00243881 243.924 -0.0105971 0.999943 0.00104839 0.191531 -0.00242756 -0.00107417 0.999996 2.769
0.999914 0.0128825 0.00248832 244.604 -0.0128844 0.999917 0.000723483 0.187495 -0.00247879 -0.000755481 0.999997 2.78033
0.999883 0.0152639 0.00117088 245.321 -0.0152643 0.999883 0.000292825 0.183921 -0.00116628 -0.000310664 0.999999 2.78733
0.999857 0.016902 -0.00109101 246.021 -0.0169009 0.999857 0.00098539 0.171257 0.00110751 -0.000966809 0.999999 2.79974
0.999831 0.0181475 -0.00296749 246.749 -0.0181471 0.999835 0.000156799 0.157446 0.00296985 -0.000102921 0.999996 2.80862
0.999823 0.0185452 -0.00331426 247.466 -0.0185453 0.999828 -1.4021e-06 0.149534 0.00331366 6.28659e-05 0.999995 2.81187
0.999819 0.0186699 -0.0037012 248.195 -0.0186722 0.999825 -0.000591481 0.134492 0.00368951 0.000660484 0.999993 2.82979
0.999817 0.0186893 -0.00398978 248.942 -0.0186892 0.999825 5.20604e-05 0.129181 0.00399006 2.2515e-05 0.999992 2.83912
0.99981 0.0189701 -0.00456763 249.673 -0.018966 0.99982 0.00094026 0.11972 0.00458464 -0.000853452 0.999989 2.84034
0.999798 0.0190092 -0.00660287 250.418 -0.0190043 0.999819 0.000806252 0.100377 0.006617 -0.000680606 0.999978 2.86804
0.999768 0.0197157 -0.00865951 251.191 -0.0197421 0.999801 -0.0029627 0.0862739 0.00859937 0.00313297 0.999958 2.88676
0.999752 0.0200702 -0.00964485 251.928 -0.0201158 0.999787 -0.00465326 0.0719904 0.0095494 0.00484612 0.999943 2.91072
0.999769 0.0205858 -0.00620526 252.712 -0.0206129 0.999778 -0.00433863 0.0587966 0.00611457 0.00446553 0.999971 2.91836
0.999781 0.0209172 -0.000107627 253.503 -0.0209173 0.999781 -0.000416507 0.0533738 9.88916e-05 0.000418667 1 2.90986
0.999752 0.0218991 0.00392509 254.28 -0.0218912 0.999758 -0.00204706 0.0268057 -0.00396897 0.00196063 0.99999 2.91563
0.999712 0.0238968 0.00220632 255.082 -0.0238874 0.999706 -0.00420227 0.0131659 -0.0023061 0.00414836 0.999989 2.9198
0.999599 0.0279947 -0.0041675 255.867 -0.0279991 0.999607 -0.00100258 -0.0119323 0.0041378 0.00111886 0.999991 2.94788
0.99944 0.0324341 -0.00821298 256.692 -0.0324163 0.999472 0.00229211 -0.0185983 0.00828299 -0.00202459 0.999964 2.95583
0.999341 0.0354241 -0.00786347 257.504 -0.0353997 0.999368 0.00322351 -0.0507455 0.00797269 -0.00294302 0.999964 2.97007
0.999246 0.0383877 -0.00579104 258.33 -0.0383779 0.999262 0.00179216 -0.0781392 0.00585556 -0.00156856 0.999982 2.97561
0.999143 0.0413122 -0.00251239 259.176 -0.0413184 0.999143 -0.00250572 -0.107772 0.00240672 0.00260738 0.999994 2.98552
0.999025 0.0441434 -0.00076008 260.015 -0.0441466 0.999013 -0.00484326 -0.15461 0.000545532 0.0048721 0.999988 3.00323
0.998891 0.047082 -0.000337079 260.851 -0.0470832 0.998877 -0.00522939 -0.186489 9.049e-05 0.00523946 0.999986 3.00926
0.998753 0.0498806 -0.00227398 261.681 -0.0498868 0.998751 -0.00277486 -0.224479 0.00213273 0.00288484 0.999994 3.02502
0.998621 0.0523396 -0.00417259 262.526 -0.0523494 0.998626 -0.00226072 -0.259457 0.00404853 0.00247604 0.999989 3.03531
0.998489 0.054729 -0.00489433 263.381 -0.0547351 0.9985 -0.00112929 -0.313555 0.00482519 0.00139548 0.999987 3.05163
0.998342 0.0575061 -0.00256934 264.202 -0.0575084 0.998345 -0.000808581 -0.351194 0.00251859 0.000954999 0.999996 3.05929
0.998158 0.0606706 -0.000685839 265.069 -0.0606709 0.998158 -0.000371386 -0.38804 0.000662043 0.000412313 1 3.07413
0.997988 0.0634079 -0.000550993 265.883 -0.0634076 0.997987 0.000654994 -0.430233 0.000591416 -0.000618739 1 3.08736
0.997804 0.0662227 -0.000973847 266.723 -0.0662222 0.997805 0.000561189 -0.491124 0.00100887 -0.000495467 0.999999 3.09985
0.997637 0.0686917 -0.00150776 267.578 -0.0686927 0.997638 -0.000654182 -0.555932 0.00145926 0.000756209 0.999999 3.11502
0.997515 0.0704411 -0.00136199 268.428 -0.0704451 0.997511 -0.00319438 -0.609636 0.00113358 0.00328239 0.999994 3.128
0.997452 0.0713313 -0.000986359 269.288 -0.0713356 0.997438 -0.00543729 -0.666451 0.000595983 0.0054938 0.999985 3.13821
0.997432 0.0716129 -0.00112332 270.123 -0.0716181 0.997417 -0.00554416 -0.72985 0.000723382 0.00561037 0.999984 3.14876
0.99739 0.0722016 -0.000929803 270.968 -0.0722058 0.997372 -0.00595745 -0.792229 0.000497222 0.00600903 0.999982 3.15492
0.997396 0.0721133 -0.000561429 271.845 -0.0721153 0.99738 -0.00574159 -0.844132 0.000145913 0.00576713 0.999983 3.16979
0.997447 0.071409 -0.00011295 272.673 -0.0714085 0.997431 -0.00575532 -0.902616 -0.000298322 0.00574869 0.999983 3.17983
0.997528 0.0702611 -0.000870757 273.564 -0.0702648 0.997513 -0.00547063 -0.960199 0.000484219 0.00551829 0.999985 3.19587
0.997639 0.0686505 -0.00165714 274.416 -0.068659 0.997624 -0.00572655 -1.01524 0.00126007 0.00582681 0.999982 3.20928
0.997745 0.0670778 -0.00237909 275.26 -0.0670875 0.997738 -0.0042588 -1.06655 0.00208804 0.0044088 0.999988 3.22759
0.997834 0.065729 -0.00253176 276.133 -0.0657372 0.997832 -0.00327416 -1.12804 0.00231106 0.0034335 0.999991 3.23926
0.99795 0.0639346 -0.00279961 276.969 -0.0639414 0.997951 -0.0023951 -1.16619 0.00264075 0.0025692 0.999993 3.25048
0.998091 0.0617093 -0.00243439 277.834 -0.0617144 0.998092 -0.00208729 -1.22023 0.00230094 0.00223355 0.999995 3.26674
0.99828 0.0586146 -0.000862352 278.667 -0.058616 0.998279 -0.00171838 -1.25666 0.000760146 0.00176597 0.999998 3.28485
0.998497 0.0547917 0.00120309 279.531 -0.0547873 0.998492 -0.00343057 -1.30111 -0.00138924 0.0033595 0.999993 3.29811
0.998748 0.0499089 0.00329285 280.361 -0.0498909 0.99874 -0.00533774 -1.34204 -0.0035551 0.00516678 0.99998 3.31145
0.99896 0.0453655 0.00453868 281.171 -0.0453401 0.998956 -0.0055347 -1.38756 -0.00478503 0.00532316 0.999974 3.31982
0.999159 0.040689 0.00515469 282.02 -0.0406577 0.999155 -0.0060446 -1.4112 -0.00539628 0.00582993 0.999968 3.33197
0.999344 0.0358027 0.00549357 282.819 -0.0357683 0.999341 -0.00623105 -1.44506 -0.00571303 0.00603047 0.999965 3.34571
0.999501 0.0310852 0.00558034 283.617 -0.0310427 0.99949 -0.00755586 -1.46091 -0.00581236 0.00737887 0.999956 3.35187
0.999627 0.0267955 0.0053482 284.425 -0.0267572 0.999617 -0.00711627 -1.47946 -0.00553683 0.00697051 0.99996 3.37052
0.999721 0.0230357 0.00518772 285.179 -0.0229979 0.999709 -0.00722926 -1.49272 -0.00535274 0.00710794 0.99996 3.37489
0.999807 0.0189461 0.00519571 285.936 -0.0189114 0.999799 -0.00663474 -1.51029 -0.00532037 0.0065352 0.999964 3.38939
0.999867 0.015414 0.00527323 286.651 -0.0153771 0.999857 -0.0069717 -1.50909 -0.00537994 0.00688969 0.999962 3.40177
0.999925 0.0113066 0.0045998 287.368 -0.0112686 0.999903 -0.00820254 -1.51617 -0.0046921 0.00815009 0.999956 3.40905
0.999974 0.00639171 0.00333552 288.065 -0.00636803 0.999955 -0.00706344 -1.52024 -0.00338052 0.00704202 0.999969 3.41782
0.999999 0.000173585 0.00146699 288.724 -0.000165788 0.999986 -0.00531354 -1.51244 -0.0014679 0.00531329 0.999985 3.42965
0.999965 -0.00833177 -0.000532743 289.393 0.00832909 0.999954 -0.00484265 -1.49776 0.000573066 0.00483804 0.999988 3.4346
0.999829 -0.0184257 -0.00162528 290.014 0.0184178 0.999819 -0.00479663 -1.47528 0.00171336 0.00476588 0.999987 3.45075
0.999494 -0.0317168 -0.00221314 290.647 0.0317055 0.999485 -0.00494479 -1.45221 0.00236883 0.00487212 0.999985 3.46066
0.998808 -0.0487874 -0.00155357 291.263 0.0487817 0.998803 -0.00349434 -1.42025 0.00172219 0.00341438 0.999993 3.4779
0.997673 -0.0681673 -0.00128768 291.854 0.0681656 0.997673 -0.00132214 -1.36116 0.00137481 0.00123129 0.999998 3.48512
0.995857 -0.0909124 -0.00174297 292.449 0.0909126 0.995859 1.48009e-05 -1.30842 0.0017344 -0.000173197 0.999998 3.49336
0.993285 -0.115673 -0.00194287 293.006 0.115676 0.993286 0.00141401 -1.2149 0.00176626 -0.00162926 0.999997 3.51039
0.98966 -0.143414 -0.00233639 293.568 0.143419 0.989659 0.00236922 -1.12093 0.00197245 -0.0026798 0.999994 3.51531
0.98472 -0.174138 -0.00175439 294.113 0.174144 0.984713 0.00382417 -1.02313 0.00106164 -0.00407125 0.999991 3.52921
0.978323 -0.207086 -0.000464729 294.629 0.207086 0.978317 0.00330249 -0.89484 -0.000229248 -0.00332714 0.999994 3.53611
0.970023 -0.243012 0.000861132 295.142 0.243007 0.970017 0.00377587 -0.753031 -0.00175289 -0.00345342 0.999993 3.55108
0.959722 -0.28094 0.00258279 295.645 0.280927 0.959718 0.00454884 -0.597242 -0.0037567 -0.00364004 0.999986 3.55692
0.947696 -0.319147 0.00405556 296.112 0.31912 0.947694 0.00612865 -0.39773 -0.00579938 -0.00451389 0.999973 3.5701
0.933257 -0.359168 0.00536623 296.568 0.359133 0.933263 0.00654822 -0.231156 -0.00736003 -0.00418399 0.999964 3.57368
0.916873 -0.399126 0.0065706 297.021 0.399087 0.91689 0.00648217 0.00295908 -0.00861172 -0.00332109 0.999957 3.58267
0.897688 -0.440572 0.00724666 297.447 0.440536 0.897715 0.00603892 0.237366 -0.00916601 -0.00222865 0.999956 3.58008
0.87532 -0.483477 0.00800184 297.864 0.483446 0.875356 0.00557193 0.458638 -0.00969836 -0.00100877 0.999952 3.59121
0.85041 -0.526041 0.0091156 298.266 0.526021 0.850459 0.00462317 0.752289 -0.0101844 0.000863408 0.999948 3.59631
0.822352 -0.568881 0.0105732 298.643 0.568865 0.822417 0.00477052 1.03759 -0.0114094 0.00209165 0.999933 3.59779
0.791012 -0.611715 0.0102667 298.989 0.611692 0.791076 0.00563347 1.31494 -0.0115678 0.00182389 0.999931 3.60301
0.75664 -0.65375 0.0103314 299.333 0.653747 0.756702 0.00418427 1.65939 -0.0105533 0.00358816 0.999938 3.59647
0.718226 -0.695671 0.0138989 299.629 0.695705 0.718321 0.0029435 1.96224 -0.0120316 0.00755546 0.999899 3.59556
0.675646 -0.736956 0.0199716 299.946 0.737074 0.675809 0.0020533 2.34041 -0.0150102 0.0133332 0.999798 3.61121
0.628307 -0.777595 0.0239967 300.211 0.777787 0.628524 0.00202133 2.70087 -0.0166543 0.0173943 0.99971 3.61895
0.577721 -0.815884 0.0239056 300.407 0.816032 0.577982 0.00534446 3.03589 -0.0181775 0.0164202 0.9997 3.62287
0.525419 -0.850603 0.0202097 300.631 0.850606 0.525685 0.0111348 3.45671 -0.0200953 0.0113401 0.999734 3.61562
0.470729 -0.882116 0.0169111 300.785 0.882029 0.470965 0.0147004 3.84691 -0.020932 0.00799615 0.999749 3.60096
0.414159 -0.910078 0.0151972 300.912 0.909945 0.414382 0.0169662 4.19825 -0.021738 0.00680191 0.999741 3.60841
0.356509 -0.934165 0.0153722 301.037 0.934019 0.356755 0.0183095 4.62952 -0.0225883 0.00783043 0.999714 3.60084
0.298089 -0.954396 0.0164686 301.136 0.954201 0.298398 0.0214256 4.97779 -0.0253627 0.00932766 0.999635 3.60848
0.238658 -0.970953 0.0171212 301.213 0.970705 0.239028 0.0244569 5.42568 -0.027839 0.0107828 0.999554 3.59028
0.176696 -0.984101 0.018013 301.269 0.983798 0.177146 0.0275714 5.84525 -0.030324 0.0128494 0.999458 3.61034
0.113056 -0.993461 0.0159252 301.265 0.993053 0.113507 0.0310183 6.2098 -0.0326231 0.0123077 0.999392 3.58377
0.0478914 -0.998729 0.0157091 301.261 0.998173 0.048433 0.0361302 6.68857 -0.0368451 0.0139501 0.999224 3.5834
-0.0187278 -0.999723 0.0142645 301.215 0.998954 -0.0181143 0.0419835 7.14282 -0.0417135 0.0150358 0.999016 3.5687
-0.0858003 -0.996233 0.0125733 301.148 0.995212 -0.0851059 0.0480547 7.54153 -0.0468037 0.0166362 0.998766 3.56331
-0.152656 -0.988225 0.0103387 301.047 0.986931 -0.151893 0.0538129 8.03804 -0.0516089 0.0184185 0.998498 3.54229
-0.218461 -0.975804 0.00901407 300.921 0.974242 -0.217563 0.059324 8.45496 -0.0559274 0.0217419 0.998198 3.52431
-0.283081 -0.959064 0.00781349 300.741 0.957317 -0.282051 0.0631739 8.95042 -0.058384 0.0253633 0.997972 3.50967
-0.345394 -0.938434 0.00669996 300.545 0.936587 -0.344246 0.0655741 9.41743 -0.0592305 0.028924 0.997825 3.48639
-0.403978 -0.914752 0.00557473 300.345 0.912916 -0.402765 0.0660654 9.82901 -0.0581881 0.0317782 0.9978 3.47094
-0.460348 -0.887731 0.00374559 300.048 0.885911 -0.459125 0.0660742 10.3214 -0.0569364 0.0337354 0.997808 3.441
-0.511898 -0.859044 0.00215274 299.775 0.857262 -0.510672 0.0657004 10.7484 -0.0553401 0.0354774 0.997837 3.41535
-0.558813 -0.829294 0.000100084 299.417 0.827512 -0.557604 0.0655868 11.2341 -0.0543349 0.0367335 0.997847 3.39185
-0.600041 -0.799966 -0.00232554 299.045 0.798091 -0.598829 0.066745 11.6857 -0.0547863 0.0381937 0.997767 3.35092
-0.637843 -0.770161 -0.0030107 298.648 0.768144 -0.636447 0.0699308 12.1522 -0.0557741 0.0422922 0.997547 3.32046
-0.675373 -0.737473 -0.00215958 298.202 0.735215 -0.673529 0.0762712 12.6417 -0.0577025 0.0499237 0.997085 3.30686
-0.711375 -0.702806 -0.0028837 297.738 0.70026 -0.709135 0.0822414 13.0805 -0.0598447 0.0564852 0.996608 3.26954
-0.744803 -0.66727 -0.00442588 297.209 0.66462 -0.742405 0.0843477 13.5512 -0.0595685 0.0598809 0.996427 3.23572
-0.775281 -0.631593 -0.00548369 296.666 0.629187 -0.77303 0.0809253 13.976 -0.0553509 0.0592896 0.996705 3.19179
-0.802937 -0.596048 -0.0044011 296.049 0.593966 -0.800708 0.0779185 14.4095 -0.0499671 0.0599495 0.99695 3.17923
-0.828411 -0.560111 -0.00325425 295.415 0.558435 -0.826355 0.0727117 14.8226 -0.0434158 0.0584179 0.997348 3.11991
-0.851418 -0.524483 -0.00209162 294.758 0.52309 -0.849433 0.0695767 15.2208 -0.0382685 0.0581448 0.997574 3.11607
-0.872454 -0.488684 -0.00342145 294.033 0.487331 -0.870518 0.0686069 15.6158 -0.0365055 0.058189 0.997638 3.06144
-0.892278 -0.451448 -0.00591003 293.284 0.450122 -0.890522 0.0660423 15.9862 -0.0350777 0.0562679 0.997799 3.03833
-0.91001 -0.414536 -0.00647958 292.496 0.413314 -0.908329 0.0641151 16.335 -0.0324636 0.0556672 0.997921 3.02139
-0.926847 -0.375369 -0.00724261 291.692 0.374088 -0.924975 0.0669254 16.6696 -0.0318209 0.0593202 0.997732 2.99369
-0.941339 -0.337363 -0.00818305 290.829 0.335996 -0.939232 0.0703599 16.972 -0.0314226 0.0634831 0.997488 2.99015
-0.954077 -0.299342 -0.0114853 289.936 0.297843 -0.952005 0.0705352 17.2482 -0.0320482 0.0638752 0.997443 2.94499
-0.965123 -0.261438 -0.0136842 289.005 0.259742 -0.962777 0.074794 17.5115 -0.0327289 0.068631 0.997105 2.92251
-0.974077 -0.225708 -0.0151418 288.072 0.223993 -0.971704 0.0749564 17.7363 -0.0316316 0.0696217 0.997072 2.88633
-0.98155 -0.190743 -0.0132908 287.09 0.189331 -0.979288 0.0717548 17.9169 -0.0267023 0.0679145 0.997334 2.87261
-0.987405 -0.157757 -0.0120415 286.095 0.156527 -0.985123 0.0709333 18.0735 -0.0230526 0.068155 0.997408 2.85537
-0.991939 -0.126027 -0.0131743 285.043 0.124801 -0.989666 0.0706058 18.2154 -0.0219364 0.0683925 0.997417 2.83535
-0.995416 -0.0945257 -0.0145719 283.975 0.0933186 -0.993273 0.0685589 18.3103 -0.0209545 0.0668848 0.997541 2.80778
-0.99771 -0.0660345 -0.0146339 282.897 0.0649042 -0.995602 0.0675557 18.3791 -0.0190305 0.0664512 0.997608 2.79486
-0.999126 -0.0388702 -0.0153419 281.757 0.0377628 -0.997048 0.066855 18.4344 -0.0178953 0.0662172 0.997645 2.78012
