1 0 0 0 0 1 0 0 0 0 1 0
0.999993 0.00200782 -0.00304891 0.951887 -0.00200456 0.999997 0.00107318 -0.00960248 0.00305106 -0.00106706 0.999995 0.0308997
0.999988 0.00263011 -0.00412688 1.91283 -0.0026304 0.999997 -6.67584e-05 -0.0109456 0.00412669 7.7613e-05 0.999991 0.0428333
0.999996 0.00257436 -0.00137964 2.88463 -0.00257527 0.999996 -0.000654459 -0.0338715 0.00137795 0.00065801 0.999999 0.0368338
0.999991 0.00195897 0.00373964 3.84698 -0.00194064 0.999986 -0.00489867 -0.0182118 -0.00374919 0.00489137 0.999981 0.0146865
0.999989 0.00067848 0.0045981 4.77996 -0.000644805 0.999973 -0.00732116 -0.0288102 -0.00460295 0.00731811 0.999963 0.0474168
0.999999 0.00015912 0.00169644 5.71234 -0.000142148 0.99995 -0.0100004 -0.0312278 -0.00169795 0.0100002 0.999949 0.0524293
0.999999 -0.00094075 -0.00120433 6.64202 0.000930351 0.999963 -0.00860624 -0.0190522 0.00121239 0.00860511 0.999962 0.0782947
0.999996 -0.00185696 -0.00202793 7.569 0.0018381 0.999955 -0.0092612 -0.00429668 0.00204504 0.00925744 0.999955 0.0863213
0.999997 -0.00247505 -0.000575912 8.47861 0.00246997 0.999959 -0.0086618 -0.000634905 0.000597327 0.00866035 0.999962 0.0922792
0.999992 -0.00337963 0.00203791 9.41856 0.00339786 0.999954 -0.00900724 0.0138824 -0.00200737 0.00901409 0.999957 0.0918773
0.999986 -0.00414256 0.00324053 10.3367 0.00416973 0.999956 -0.00842314 0.0195079 -0.00320549 0.00843654 0.999959 0.101718
0.999979 -0.00500691 0.0040853 11.2672 0.00505061 0.999929 -0.010759 0.0256825 -0.00403114 0.0107794 0.999934 0.115117
0.999974 -0.00592423 0.00403536 12.1779 0.00596489 0.999931 -0.0101387 0.0323923 -0.00397501 0.0101625 0.99994 0.115568
0.999973 -0.00668271 0.00316247 13.0927 0.00671707 0.999917 -0.0109834 0.038088 -0.00308881 0.0110044 0.999935 0.132458
0.999971 -0.00759003 0.000964357 13.9663 0.00760045 0.999907 -0.0113016 0.0391137 -0.000878487 0.0113086 0.999936 0.142291
0.999954 -0.00955945 -8.76728e-05 14.8805 0.00955761 0.999876 -0.012496 0.0603222 0.000207117 0.0124946 0.999922 0.149614
0.999938 -0.011119 -0.000540573 15.7692 0.0111115 0.999863 -0.0122499 0.0671465 0.000676705 0.0122431 0.999925 0.162072
0.999922 -0.0123942 -0.00141285 16.6612 0.0123779 0.999862 -0.011035 0.0801682 0.00154943 0.0110167 0.999938 0.175869
0.9999 -0.0141122 -0.00134032 17.5375 0.0140982 0.999852 -0.00988858 0.100408 0.00147967 0.00986869 0.99995 0.193942
0.999877 -0.0156742 -0.000865748 18.4504 0.0156646 0.999825 -0.0101942 0.118711 0.00102538 0.0101794 0.999948 0.200626
0.999856 -0.016993 -6.70212e-05 19.3395 0.0169915 0.999805 -0.0100308 0.142083 0.000237462 0.0100282 0.99995 0.209265
0.99983 -0.0184354 0.000396962 20.2163 0.0184384 0.999784 -0.00955714 0.160034 -0.000220686 0.00956283 0.999954 0.222632
0.999804 -0.019815 0.000328684 21.0822 0.0198172 0.999756 -0.0097133 0.179456 -0.000136135 0.00971791 0.999953 0.234288
0.999773 -0.021324 8.68574e-05 21.9548 0.0213239 0.999728 -0.00944197 0.204757 0.000114507 0.00944167 0.999955 0.248012
0.999741 -0.022737 0.000547126 22.8054 0.0227412 0.999697 -0.00937448 0.227997 -0.000333813 0.0093845 0.999956 0.259748
0.999719 -0.0236006 0.00214047 23.6649 0.0236196 0.999677 -0.0093374 0.243524 -0.00191942 0.00938534 0.999954 0.258256
0.999686 -0.0245276 0.00507121 24.5113 0.0245836 0.999634 -0.0112845 0.270103 -0.00479258 0.0114056 0.999923 0.266734
0.999659 -0.0253209 0.00641143 25.3562 0.0253899 0.999618 -0.0109208 0.302595 -0.00613245 0.0110799 0.99992 0.283053
0.999666 -0.0252205 0.00559462 26.1759 0.0252778 0.999626 -0.0104241 0.324096 -0.00532962 0.0105621 0.99993 0.289308
0.999646 -0.0264297 0.00318117 26.9945 0.0264562 0.999613 -0.0086082 0.351822 -0.00295243 0.00868931 0.999958 0.296803
0.999615 -0.0277291 0.00129592 27.7894 0.0277391 0.99958 -0.00841562 0.384878 -0.00106202 0.00844833 0.999964 0.303665
0.999609 -0.0279157 0.00129723 28.58 0.0279251 0.999578 -0.00796457 0.409288 -0.00107435 0.00799769 0.999967 0.312807
0.999564 -0.0295034 0.000868904 29.3596 0.0295095 0.999531 -0.00819426 0.423324 -0.000626738 0.00821633 0.999966 0.32372
0.999506 -0.031437 0.00028449 30.1316 0.0314382 0.999479 -0.00727824 0.46105 -5.55355e-05 0.00728359 0.999973 0.33845
0.999451 -0.033139 0.000157647 30.9151 0.0331393 0.999425 -0.00718481 0.493217 8.05413e-05 0.00718608 0.999974 0.349212
0.999378 -0.0352431 0.000902182 31.669 0.0352486 0.999353 -0.00711975 0.518235 -0.000650677 0.00714713 0.999974 0.357004
0.999297 -0.0373695 0.0029661 32.4161 0.0373903 0.999274 -0.00729968 0.549176 -0.00269116 0.00740545 0.999969 0.366666
0.999222 -0.0391992 0.00442017 33.1467 0.0392286 0.999207 -0.00675003 0.580573 -0.00415207 0.00691817 0.999967 0.366419
0.999153 -0.0408613 0.00479686 33.8683 0.0408904 0.999145 -0.00614479 0.614788 -0.00454167 0.00633574 0.99997 0.385256
0.999069 -0.0429642 0.00397091 34.6038 0.0429792 0.999069 -0.00376497 0.655425 -0.00380545 0.00393213 0.999985 0.391976
0.998983 -0.0449716 0.00325319 35.2931 0.0449784 0.998986 -0.00205376 0.702846 -0.00315753 0.002198 0.999993 0.396633
0.99893 -0.0460797 0.00381092 35.9964 0.0460841 0.998937 -0.00106656 0.730011 -0.00375772 0.00124104 0.999992 0.405393
0.998872 -0.047158 0.00552997 36.6903 0.0471562 0.998887 0.000470611 0.770019 -0.00554601 -0.000209308 0.999985 0.409959
0.998853 -0.0474708 0.00619265 37.3601 0.0474547 0.99887 0.00271878 0.799073 -0.00631471 -0.00242179 0.999977 0.414431
0.998918 -0.0462624 0.00465623 38.0256 0.0462371 0.998916 0.00540288 0.842228 -0.00490113 -0.00518175 0.999975 0.423944
0.999013 -0.0443992 0.00128831 38.6863 0.0443886 0.998988 0.00731329 0.886304 -0.00161171 -0.00724889 0.999972 0.427933
0.999107 -0.0422547 -0.000431143 39.3235 0.0422568 0.999075 0.0080184 0.905819 9.19282e-05 -0.00802946 0.999968 0.44105
0.999231 -0.0392056 0.000205209 39.9612 0.0392022 0.999191 0.00894537 0.942416 -0.000555752 -0.00893045 0.99996 0.447227
0.999358 -0.0357169 0.00267906 40.5942 0.035677 0.99927 0.0136917 0.975934 -0.00316613 -0.0135873 0.999903 0.455594
0.999461 -0.032247 0.00613857 41.2165 0.0321286 0.999313 0.0184955 1.01072 -0.00673078 -0.0182883 0.99981 0.452409
0.999584 -0.0279496 0.00714368 41.8074 0.0277796 0.999352 0.0228917 1.04278 -0.00777886 -0.0226837 0.999712 0.461846
0.999726 -0.022124 0.00761437 42.3899 0.0219115 0.999397 0.026944 1.05286 -0.00820588 -0.0267698 0.999608 0.467721
0.999813 -0.0167756 0.00961382 42.9673 0.016474 0.999395 0.0306409 1.07597 -0.010122 -0.0304768 0.999484 0.469643
0.999889 -0.0102733 0.0108271 43.5311 0.00988606 0.99933 0.0352313 1.08438 -0.0111817 -0.0351203 0.999321 0.467621
0.999933 -0.00306982 0.0111333 44.0542 0.00263645 0.999246 0.0387332 1.10246 -0.0112439 -0.0387013 0.999188 0.477764
0.999925 0.00419848 0.0115375 44.5561 -0.00467673 0.999117 0.0417424 1.09627 -0.011352 -0.0417933 0.999062 0.481623
0.999863 0.0118599 0.0115303 45.0371 -0.0123797 0.99886 0.0461034 1.09574 -0.0109703 -0.0462399 0.99887 0.483867
0.99976 0.0196781 0.0096074 45.517 -0.0201427 0.9985 0.0509192 1.09191 -0.00859099 -0.0511005 0.998657 0.490063
0.999591 0.0276777 0.00721858 45.957 -0.0280187 0.998231 0.0524418 1.10039 -0.00575434 -0.0526226 0.998598 0.50618
0.999329 0.0359531 0.0070351 46.3801 -0.0362777 0.997919 0.0533014 1.08523 -0.00510411 -0.0535208 0.998554 0.49328
0.999019 0.043459 0.00850358 46.783 -0.0438456 0.997667 0.0523279 1.05362 -0.00620963 -0.0526494 0.998594 0.503771
0.998626 0.0514413 0.00997147 47.1601 -0.0519028 0.997219 0.0534819 1.04189 -0.00719256 -0.053926 0.998519 0.506932
0.998119 0.0603237 0.0108938 47.5188 -0.0608445 0.996553 0.0563869 1.02933 -0.00745474 -0.0569437 0.99835 0.510521
0.997563 0.068807 0.0115182 47.8449 -0.0693876 0.995696 0.0614412 1.01893 -0.00724105 -0.0620907 0.998044 0.520044
0.996885 0.0778938 0.0123553 48.1456 -0.0785378 0.99477 0.0653023 0.990572 -0.00720408 -0.0660693 0.997789 0.512332
0.996101 0.0872112 0.0133346 48.4266 -0.0878945 0.994036 0.0645446 0.963659 -0.00762609 -0.0654649 0.997826 0.513917
0.995129 0.0977952 0.0124145 48.6869 -0.0983887 0.993132 0.063315 0.933995 -0.00613738 -0.064228 0.997916 0.523982
0.993888 0.110023 0.00903028 48.9562 -0.110372 0.991958 0.0619433 0.905507 -0.0021425 -0.0625614 0.998039 0.534351
0.992318 0.123555 0.00625168 49.2154 -0.123703 0.990324 0.0628897 0.860915 0.00157916 -0.06318 0.998001 0.541768
0.990302 0.138833 0.00523835 49.4709 -0.13888 0.988214 0.0643796 0.818242 0.00376138 -0.0644828 0.997912 0.536139
0.987853 0.155312 0.00504675 49.7349 -0.155305 0.985673 0.0658012 0.774317 0.00524527 -0.0657857 0.99782 0.54055
0.985022 0.172357 0.00507533 49.9737 -0.17231 0.982803 0.0663838 0.724305 0.00645362 -0.066264 0.997781 0.540709
0.98169 0.190418 0.00506501 50.2246 -0.19034 0.979556 0.06512 0.674441 0.00743856 -0.0648918 0.997865 0.546042
0.977797 0.209477 0.00573396 50.4835 -0.209409 0.97573 0.0640258 0.598768 0.00781714 -0.063805 0.997932 0.553035
0.97327 0.229581 0.00622394 50.7015 -0.229502 0.971199 0.0640367 0.539143 0.00865691 -0.0637534 0.997928 0.557805
0.968041 0.250718 0.00606157 50.9578 -0.250567 0.96587 0.0656537 0.473639 0.0106059 -0.0650743 0.997824 0.564259
0.96183 0.273579 0.006077 51.2104 -0.27336 0.959572 0.0670539 0.398624 0.0125132 -0.0661557 0.997731 0.569771
0.954639 0.297679 0.00717269 51.4336 -0.297463 0.952308 0.068012 0.316535 0.0134151 -0.0670605 0.997659 0.57784
0.946179 0.323518 0.00897408 51.6843 -0.323328 0.943674 0.070274 0.221377 0.0142663 -0.0693934 0.997487 0.581222
0.936458 0.350609 0.0109623 51.9445 -0.350459 0.933802 0.0720574 0.118296 0.0150274 -0.0713205 0.99734 0.592256
0.925272 0.379111 0.0121084 52.1706 -0.378953 0.922571 0.0724997 0.0198072 0.0163146 -0.0716705 0.997295 0.592484
0.912436 0.40904 0.0121197 52.3888 -0.408831 0.909878 0.0705616 -0.0925024 0.0178351 -0.0693378 0.997434 0.604275
0.897192 0.441511 0.0107116 52.646 -0.441178 0.894878 0.0674976 -0.254686 0.0202153 -0.065284 0.997662 0.619847
0.879876 0.475127 0.00852095 52.852 -0.4746 0.877716 0.0661024 -0.386913 0.023928 -0.062206 0.997776 0.630206
0.860153 0.509991 0.0067922 53.1125 -0.509223 0.857954 0.067871 -0.564569 0.0287862 -0.0618382 0.997671 0.640595
0.838298 0.545179 0.00602132 53.312 -0.54423 0.836074 0.0692445 -0.724963 0.0327164 -0.0613245 0.997582 0.649261
0.813934 0.580918 0.00675427 53.5474 -0.579831 0.811579 0.0716667 -0.906959 0.0361508 -0.0622484 0.997406 0.658918
0.786668 0.617299 0.00976985 53.8141 -0.616164 0.784035 0.075041 -1.13247 0.0386628 -0.0650522 0.997133 0.674594
0.757207 0.653037 0.0134162 54.031 -0.651871 0.754239 0.0786683 -1.32497 0.0412543 -0.0683139 0.996811 0.676516
0.724291 0.689314 0.0157999 54.2833 -0.688133 0.721231 0.0793723 -1.57688 0.043317 -0.068361 0.99672 0.692979
0.687697 0.7258 0.0169195 54.535 -0.724659 0.684828 0.0766785 -1.86955 0.0440664 -0.0649925 0.996912 0.721003
0.648254 0.761204 0.0183117 54.7456 -0.760091 0.645511 0.0746824 -2.15733 0.0450281 -0.0623318 0.997039 0.741161
0.606257 0.795026 0.0196439 54.9789 -0.7939 0.603581 0.0735749 -2.49165 0.0466373 -0.0602006 0.997096 0.754802
0.560465 0.827937 0.0199685 55.1712 -0.826721 0.557886 0.0727768 -2.82616 0.0491145 -0.0572972 0.997148 0.783733
0.51227 0.858583 0.0203739 55.3738 -0.857316 0.509821 0.0713563 -3.20687 0.0508783 -0.0540205 0.997243 0.802383
0.463475 0.885807 0.0231485 55.5755 -0.884711 0.461118 0.0682372 -3.63152 0.0497708 -0.0521061 0.997401 0.827903
0.413899 0.909895 0.0278926 55.737 -0.909052 0.41151 0.0654534 -4.0162 0.0480777 -0.0524469 0.997466 0.86025
0.363794 0.930864 0.0338535 55.8904 -0.930255 0.361212 0.0644332 -4.45942 0.0477502 -0.0549327 0.997348 0.865235
0.314624 0.948566 0.0351189 56.0428 -0.947905 0.312031 0.0641235 -4.93378 0.0498672 -0.0534642 0.997324 0.8711
0.266763 0.963343 0.0284254 56.1354 -0.962447 0.264742 0.0600573 -5.39497 0.0503304 -0.043379 0.99779 0.920929
0.221619 0.974955 0.0186566 56.2308 -0.973904 0.220339 0.05442 -5.88802 0.0489462 -0.0302302 0.998344 0.945544
0.179174 0.983746 0.0118508 56.2726 -0.982609 0.178344 0.0517048 -6.43169 0.0487508 -0.0209089 0.998592 0.994508
0.140503 0.990029 0.0100972 56.3352 -0.988722 0.139769 0.053793 -6.93811 0.0518453 -0.0175414 0.998501 0.984997
0.106953 0.994256 0.00404118 56.3872 -0.992853 0.106583 0.0536912 -7.46069 0.0529521 -0.00975471 0.998549 1.03456
0.0774077 0.996997 -0.00210651 56.4002 -0.995644 0.0774124 0.0519617 -8.031 0.0519687 -0.0019249 0.998647 1.07013
0.0518678 0.998631 -0.00679678 56.4246 -0.997395 0.0521429 0.0498422 -8.58196 0.0501284 0.00419386 0.998734 1.08985
0.0315375 0.99944 -0.0112126 56.443 -0.998283 0.0320511 0.0490324 -9.15318 0.0493643 0.00964704 0.998734 1.12239
0.0152138 0.999806 -0.0125046 56.4298 -0.998633 0.0158189 0.0498121 -9.73751 0.0500002 0.0117297 0.99868 1.15649
0.00142072 0.999917 -0.0127918 56.4315 -0.998732 0.00206247 0.0502968 -10.33 0.050319 0.0127041 0.998652 1.18313
-0.010348 0.999864 -0.0128573 56.4346 -0.998646 -0.00967807 0.0511195 -10.9309 0.0509881 0.0133689 0.99861 1.19089
-0.0195583 0.999668 -0.0167631 56.4162 -0.998392 -0.0186356 0.053532 -11.5437 0.0532018 0.0177832 0.998425 1.24026
-0.0266457 0.999445 -0.0199799 56.3898 -0.998157 -0.0255107 0.0550586 -12.1807 0.0545184 0.0214102 0.998283 1.29285
-0.0311612 0.999304 -0.0205224 56.3764 -0.99804 -0.029994 0.0549167 -12.8127 0.0542629 0.0221934 0.99828 1.31462
-0.0349451 0.999228 -0.0179536 56.3513 -0.998055 -0.0339648 0.0522753 -13.4681 0.0516251 0.0197454 0.998471 1.3589
-0.0369636 0.999179 -0.0165728 56.3351 -0.998302 -0.0361737 0.0456669 -14.1278 0.0450299 0.0182327 0.998819 1.37343
-0.03824 0.999116 -0.0174903 56.3102 -0.998501 -0.0375188 0.0398565 -14.8112 0.039165 0.0189882 0.999052 1.40699
-0.0388137 0.999032 -0.0206832 56.2804 -0.998569 -0.0380168 0.0376222 -15.5056 0.0367994 0.0221139 0.999078 1.42912
-0.0389923 0.99894 -0.0244653 56.2555 -0.9985 -0.0380096 0.039421 -16.1852 0.0384493 0.0259657 0.998923 1.47567
-0.0382762 0.998949 -0.0252096 56.2272 -0.998226 -0.0370727 0.0465937 -16.8861 0.0456101 0.0269483 0.998596 1.50042
-0.0363838 0.999059 -0.0235975 56.2109 -0.997932 -0.0350707 0.053859 -17.5962 0.0529808 0.0255083 0.99827 1.5692
-0.0343877 0.999125 -0.0238018 56.179 -0.997885 -0.0330111 0.0559942 -18.316 0.0551595 0.025677 0.998147 1.60064
-0.0322371 0.999165 -0.025106 56.1448 -0.998194 -0.0309115 0.0515103 -19.0545 0.0506913 0.0267212 0.998357 1.62674
-0.0290582 0.999233 -0.0262565 56.133 -0.998575 -0.0278428 0.045527 -19.7929 0.044761 0.027542 0.998618 1.64967
-0.0268124 0.999332 -0.0248259 56.1109 -0.998712 -0.025709 0.0437451 -20.5315 0.0430777 0.0259668 0.998734 1.67181
-0.0238682 0.999246 -0.030609 56.1199 -0.998566 -0.0223617 0.0486484 -21.2536 0.0479272 0.0317263 0.998347 1.73954
-0.0209399 0.99925 -0.0325591 56.0939 -0.998367 -0.0191681 0.0538097 -21.9711 0.0531453 0.0336327 0.99802 1.80057
-0.0182754 0.999476 -0.0267019 56.0792 -0.99835 -0.0167877 0.0549145 -22.7133 0.0544375 0.0276614 0.998134 1.8322
-0.0143338 0.999654 -0.0220574 56.0919 -0.998547 -0.0131651 0.0522493 -23.4775 0.0519408 0.0227743 0.99839 1.86102
-0.00996757 0.999569 -0.027599 56.0825 -0.998795 -0.00862578 0.0483166 -24.2034 0.0480577 0.0280473 0.998451 1.88742
-0.00668543 0.999445 -0.0326357 56.0555 -0.998773 -0.00507203 0.0492717 -24.9423 0.0490788 0.0329251 0.998252 1.94316
-0.00388853 0.999478 -0.0320765 56.0479 -0.998573 -0.0021725 0.0533602 -25.6715 0.0532627 0.0322382 0.99806 2.00813
-0.0001829 0.999599 -0.0283008 56.0712 -0.998488 0.00137306 0.0549501 -26.4295 0.0549669 0.028268 0.998088 2.03789
0.00344243 0.99963 -0.0269907 56.0719 -0.99854 0.00489118 0.0537951 -27.1578 0.0539072 0.0267661 0.998187 2.08895
0.0071655 0.999471 -0.0317241 56.0907 -0.998616 0.00880513 0.0518498 -27.9069 0.0521017 0.0313086 0.998151 2.12156
0.0105249 0.999266 -0.0368282 56.091 -0.998586 0.0124225 0.0516832 -28.6554 0.0521028 0.0362322 0.997984 2.17307
0.0136685 0.999127 -0.0394767 56.0961 -0.998493 0.0157371 0.0525741 -29.3788 0.0531494 0.0386986 0.997836 2.22993
0.0166977 0.999055 -0.0401226 56.0997 -0.998439 0.0187996 0.0525941 -30.1193 0.0532987 0.0391818 0.99781 2.27269
0.0196868 0.998949 -0.0414041 56.1157 -0.99842 0.0218223 0.0517747 -30.8635 0.0526238 0.0403194 0.9978 2.30711
0.0230775 0.998713 -0.0451579 56.1232 -0.998407 0.0253497 0.0504105 -31.6163 0.0514903 0.0439226 0.997707 2.35079
0.0265265 0.998709 -0.0433133 56.1699 -0.998293 0.0287209 0.050855 -32.3501 0.0520334 0.0418904 0.997766 2.39313
0.0296386 0.998762 -0.0399452 56.2007 -0.998128 0.0317115 0.0522988 -33.1005 0.0535008 0.0383203 0.997832 2.44109
0.0323099 0.998605 -0.0417555 56.217 -0.998029 0.0344834 0.0524262 -33.8592 0.053793 0.0399793 0.997751 2.48783
0.0350923 0.998576 -0.0401729 56.2428 -0.997952 0.0371648 0.0520622 -34.603 0.0534811 0.0382636 0.997835 2.52905
0.037242 0.99856 -0.03861 56.2802 -0.99785 0.039245 0.0524891 -35.3897 0.0539288 0.0365721 0.997875 2.5759
0.0405959 0.998489 -0.0370305 56.3319 -0.997702 0.0425204 0.0527535 -36.1066 0.0542483 0.0348038 0.997921 2.61242
0.0437753 0.998454 -0.0342483 56.3688 -0.997468 0.0456037 0.0545639 -36.872 0.0560414 0.0317731 0.997923 2.66455
0.0465314 0.998337 -0.0340377 56.4047 -0.997138 0.048454 0.0580282 -37.6335 0.0595809 0.0312402 0.997735 2.71928
0.0501025 0.998155 -0.0342971 56.4519 -0.996825 0.0521044 0.0602038 -38.3923 0.0618798 0.0311719 0.997597 2.76435
0.0533919 0.998165 -0.0285629 56.5085 -0.996519 0.0550941 0.0625645 -39.1541 0.0640233 0.025123 0.997632 2.82757
0.056255 0.998108 -0.0247965 56.5664 -0.996367 0.0577126 0.0626213 -39.9593 0.0639339 0.0211837 0.997729 2.85716
0.0594684 0.997859 -0.0272239 56.6084 -0.99618 0.0610713 0.0624178 -40.7212 0.0639467 0.023408 0.997679 2.9241
0.0634288 0.997603 -0.0276608 56.6608 -0.995848 0.0650821 0.0636524 -41.5072 0.0653 0.0235085 0.997589 2.98693
0.0671986 0.99747 -0.0231803 56.7253 -0.99555 0.0685715 0.0646443 -42.3052 0.0660702 0.0187332 0.997639 3.03953
0.0716539 0.997183 -0.0221758 56.7908 -0.995301 0.0729349 0.0636853 -43.1 0.0651233 0.0175083 0.997724 3.08196
0.0765281 0.996749 -0.025208 56.8488 -0.995016 0.0779673 0.0621684 -43.8849 0.0639317 0.0203247 0.997747 3.1455
0.0810461 0.996493 -0.0208304 56.9097 -0.994384 0.0822663 0.0665767 -44.6681 0.0680569 0.0153176 0.997564 3.1909
0.0871882 0.996008 -0.0191159 57.0049 -0.993274 0.0883845 0.0748054 -45.4532 0.0761964 0.0124652 0.997015 3.27059
0.0943173 0.995342 -0.0199769 57.0908 -0.992195 0.0956254 0.0800336 -46.2568 0.0815711 0.0122725 0.996592 3.31731
0.101877 0.994683 -0.0150709 57.1862 -0.991247 0.102781 0.0828636 -47.0778 0.083972 0.00649708 0.996447 3.39319
0.109194 0.993942 -0.0124687 57.2705 -0.990601 0.10985 0.0815057 -47.8856 0.0823817 0.00345154 0.996595 3.45962
0.117075 0.993045 -0.0124273 57.3665 -0.989861 0.117695 0.079522 -48.683 0.0804316 0.00299131 0.996756 3.53517
0.124187 0.992183 -0.0122616 57.4709 -0.989197 0.124764 0.0769592 -49.502 0.0778874 0.0025718 0.996959 3.60819
0.132188 0.991163 -0.0110757 57.6013 -0.988624 0.132642 0.0709116 -50.3118 0.0717541 0.00157602 0.997421 3.68207
0.139887 0.990135 -0.00804015 57.7407 -0.988054 0.140114 0.064171 -51.1272 0.0646645 -0.0010326 0.997907 3.73834
0.147094 0.989086 -0.00848587 57.8432 -0.987248 0.147338 0.0602781 -51.9399 0.0608706 -0.000488905 0.998146 3.80241
0.154534 0.987943 -0.00932352 57.9753 -0.985949 0.154814 0.0627509 -52.7221 0.0634378 -0.000504657 0.997986 3.85729
0.160237 0.987026 -0.0101684 58.1072 -0.9846 0.160556 0.0691689 -53.509 0.0699041 -0.00107162 0.997553 3.92764
0.165118 0.986215 -0.0108139 58.2523 -0.983444 0.165464 0.0738931 -54.3087 0.0746637 -0.00156621 0.997208 3.98584
0.17027 0.985347 -0.00997011 58.3927 -0.982438 0.170533 0.0757257 -55.066 0.0763163 -0.00309876 0.997079 4.05139
0.175394 0.984465 -0.00809426 58.5331 -0.981521 0.175497 0.0762765 -55.8202 0.0765121 -0.00543379 0.997054 4.10339
0.18031 0.983554 -0.0104349 58.6556 -0.980834 0.180588 0.073162 -56.5966 0.0738432 -0.00295692 0.997265 4.1891
0.184947 0.982692 -0.0105166 58.8067 -0.980376 0.185233 0.0674606 -57.3462 0.068241 -0.00216641 0.997667 4.23779
0.188624 0.982006 -0.0091915 58.9597 -0.980196 0.188834 0.0596424 -58.0985 0.0603049 -0.00224051 0.998177 4.30346
0.192223 0.98134 -0.00467646 59.1298 -0.97972 0.192176 0.0567151 -58.8579 0.0565555 -0.0063203 0.998379 4.35075
0.195365 0.980723 -0.00375159 59.2652 -0.979106 0.19526 0.0567921 -59.5599 0.0564299 -0.00742199 0.998379 4.40887
0.19799 0.980203 -0.00163321 59.4222 -0.978487 0.197741 0.0588378 -60.2909 0.0579959 -0.0100512 0.998266 4.46113
0.199443 0.979909 0.00109494 59.5803 -0.977998 0.198984 0.062649 -60.9695 0.0611725 -0.0135658 0.998035 4.51191
0.201721 0.979443 0.000861132 59.7486 -0.977218 0.201204 0.067542 -61.6701 0.0659803 -0.0144662 0.997716 4.55562
0.20374 0.979022 0.00249933 59.8822 -0.976409 0.203008 0.0735703 -62.3602 0.0715195 -0.0174296 0.997287 4.62615
0.204682 0.978828 0.000773229 60.0138 -0.97607 0.204046 0.0751814 -63.0039 0.0734319 -0.016143 0.99717 4.68075
0.206792 0.978381 0.00296509 60.185 -0.975666 0.20599 0.0751311 -63.6801 0.072896 -0.0184294 0.997169 4.72494
0.20762 0.978206 0.00255793 60.3406 -0.975682 0.206895 0.0723852 -64.373 0.0702784 -0.0175243 0.997373 4.78783
0.208034 0.978119 0.00210812 60.4917 -0.975774 0.207385 0.0696821 -65.0075 0.0677202 -0.0165533 0.997567 4.83834
0.207515 0.978229 0.00221968 60.624 -0.975949 0.206875 0.0687419 -65.6378 0.0667861 -0.0164313 0.997632 4.89237
0.20644 0.978454 0.00315096 60.744 -0.976248 0.205756 0.0678528 -66.2862 0.0657425 -0.0170836 0.99769 4.94092
0.204825 0.978794 0.00309077 60.8766 -0.976566 0.204143 0.0681473 -66.8919 0.0660712 -0.0169766 0.99767 4.98899
0.202341 0.979306 0.00413323 61.0096 -0.976911 0.201547 0.0708806 -67.5177 0.0685808 -0.0183799 0.997476 5.0358
0.200259 0.979737 0.0032948 61.1419 -0.977026 0.199453 0.0750918 -68.1063 0.0729131 -0.018257 0.997171 5.09173
0.197912 0.980219 0.00155043 61.2412 -0.977434 0.19723 0.0756544 -68.6997 0.0738521 -0.0164884 0.997133 5.14033
0.195831 0.980636 0.00200184 61.3744 -0.977932 0.195138 0.0746336 -69.3091 0.0727978 -0.0165732 0.997209 5.1944
0.19358 0.981079 0.00322108 61.4878 -0.978596 0.192854 0.0718153 -69.869 0.0698353 -0.0170542 0.997413 5.22692
0.191414 0.981506 0.0024683 61.6082 -0.979295 0.190812 0.0676168 -70.461 0.0658954 -0.01536 0.997708 5.27933
0.189209 0.981937 -0.000648156 61.7173 -0.97977 0.188836 0.0662661 -71.0013 0.0651915 -0.0119031 0.997802 5.32586
0.187318 0.982293 -0.00358848 61.8238 -0.97997 0.187124 0.0681492 -71.5715 0.0676139 -0.00924898 0.997669 5.37559
0.18465 0.98277 -0.00817364 61.9069 -0.980311 0.184767 0.0696518 -72.0949 0.0699619 -0.00484846 0.997538 5.42228
0.182318 0.98321 -0.00756945 62.0108 -0.980577 0.182385 0.0721423 -72.6208 0.0723116 -0.00573044 0.997366 5.45316
0.181088 0.983444 -0.00674085 62.1177 -0.98065 0.181084 0.0743981 -73.1489 0.074387 -0.0068622 0.997206 5.51227
0.18025 0.983585 -0.00839958 62.2304 -0.980859 0.180377 0.0733518 -73.7314 0.0736628 -0.00498288 0.997271 5.55125
0.1804 0.983495 -0.0139179 62.3138 -0.98091 0.180934 0.0712696 -74.2606 0.0726115 0.00079514 0.99736 5.59961
0.181915 0.983122 -0.0194262 62.4193 -0.980662 0.182839 0.0697955 -74.82 0.0721694 0.0063537 0.997372 5.6404
0.18405 0.982672 -0.0219241 62.5032 -0.9803 0.185141 0.068806 -75.366 0.0716728 0.00882849 0.997389 5.68332
0.1876 0.982001 -0.0219223 62.6333 -0.979637 0.18868 0.0686362 -75.9196 0.0715371 0.00859976 0.997401 5.72788
0.192872 0.98103 -0.0195268 62.726 -0.978594 0.193773 0.069324 -76.4844 0.0717927 0.00573818 0.997403 5.7753
0.199341 0.979677 -0.0222499 62.837 -0.977325 0.200415 0.0683292 -77.0444 0.0713998 0.00812459 0.997415 5.80985
0.207198 0.978067 -0.0213135 63.0017 -0.975702 0.208185 0.0682932 -77.587 0.0712325 0.0066454 0.997438 5.8579
0.21504 0.976382 -0.0208736 63.1236 -0.974073 0.215971 0.0673613 -78.185 0.0702785 0.00584707 0.99751 5.90013
0.224845 0.974206 -0.0191611 63.2647 -0.971939 0.225631 0.0665258 -78.7873 0.0691332 0.00366542 0.997601 5.94844
0.234316 0.971997 -0.0178064 63.4153 -0.969726 0.234985 0.0664325 -79.3557 0.0687565 0.00170115 0.997632 5.98513
0.24388 0.969681 -0.0155239 63.5657 -0.967187 0.244366 0.0695367 -79.9266 0.0712219 -0.00194416 0.997459 6.03547
0.253715 0.96722 -0.0107216 63.7257 -0.964506 0.253811 0.0728511 -80.5099 0.0731843 -0.00814237 0.997285 6.08036
0.264821 0.964248 -0.00976763 63.9186 -0.961391 0.264795 0.0749126 -81.1236 0.0748208 -0.0104479 0.997142 6.12521
0.275096 0.961376 -0.00880668 64.1165 -0.958368 0.274941 0.0770622 -81.7449 0.0765071 -0.0127595 0.996987 6.1816
0.285503 0.958355 -0.00656326 64.3008 -0.955301 0.285128 0.0781189 -82.3554 0.076737 -0.0160333 0.996922 6.22597
0.295906 0.955193 -0.00679965 64.5161 -0.952096 0.295507 0.0786644 -82.9819 0.077149 -0.0168034 0.996878 6.27653
0.30597 0.95203 -0.00459402 64.6889 -0.94893 0.305356 0.0793112 -83.5905 0.0769094 -0.0199074 0.996839 6.33144
0.316973 0.948428 -0.00366766 64.9715 -0.945624 0.316328 0.0757108 -84.3068 0.0729664 -0.02053 0.997123 6.37709
0.327336 0.94489 -0.00578063 65.1905 -0.942568 0.326949 0.0683422 -84.9542 0.0664659 -0.0169222 0.997645 6.42855
0.337828 0.941181 -0.00716149 65.423 -0.939106 0.337572 0.0642325 -85.6178 0.0628719 -0.0149741 0.997909 6.48692
0.348665 0.937218 -0.00737224 65.6905 -0.935336 0.348445 0.0610881 -86.2878 0.0598217 -0.0144037 0.998105 6.5204
0.357271 0.933927 -0.0117086 65.9319 -0.932163 0.357326 0.0582282 -86.9863 0.0585647 -0.0098889 0.998235 6.5866
0.366267 0.930364 -0.0164678 66.2136 -0.928786 0.366607 0.0543694 -87.7071 0.0566205 -0.00461866 0.998385 6.61002
0.373036 0.927506 -0.0240164 66.4889 -0.926452 0.373766 0.0445699 -88.4254 0.0503154 0.00562386 0.998718 6.65717
0.379652 0.924698 -0.0282402 66.7548 -0.923902 0.380544 0.0399014 -89.1369 0.0476434 0.0109425 0.998804 6.721
0.386975 0.921491 -0.033247 67.0665 -0.92078 0.388095 0.0393235 -89.8499 0.0491393 0.015396 0.998673 6.73771
0.394333 0.918178 -0.0380805 67.3691 -0.917207 0.395803 0.0455159 -90.5522 0.0568641 0.0169793 0.998238 6.79733
0.4011 0.915025 -0.0429807 67.6785 -0.913798 0.402957 0.0509726 -91.265 0.0639606 0.0188306 0.997775 6.84309
0.406372 0.912702 -0.0428651 68.0078 -0.911345 0.408246 0.0527714 -91.9817 0.065664 0.0176201 0.997686 6.89985
0.411199 0.910787 -0.0371684 68.3314 -0.909229 0.412718 0.0544585 -92.7012 0.0649402 0.0114013 0.997824 6.94331
0.415703 0.9089 -0.033028 68.6679 -0.907104 0.416969 0.0574406 -93.3931 0.0659794 0.00608159 0.997802 7.00328
0.419515 0.907174 -0.032282 68.9928 -0.905155 0.420738 0.060607 -94.0609 0.0685634 0.00379466 0.99764 7.07013
0.423616 0.905289 -0.0316407 69.3098 -0.902955 0.424795 0.0649664 -94.7253 0.0722542 0.00104935 0.997386 7.11892
0.426965 0.903772 -0.0299655 69.6432 -0.901189 0.42801 0.0683134 -95.3963 0.0745652 -0.00216289 0.997214 7.19048
0.431156 0.901815 -0.0288904 69.9703 -0.89933 0.432113 0.066956 -96.0597 0.0728658 -0.00288647 0.997338 7.24455
0.435397 0.899774 -0.0289256 70.2788 -0.897525 0.436353 0.0636033 -96.7107 0.0698504 -0.0017313 0.997556 7.31449
0.439133 0.897998 -0.0276034 70.6076 -0.895924 0.439995 0.0610286 -97.3545 0.0669489 -0.00206912 0.997754 7.36302
0.442274 0.896476 -0.0269231 70.9023 -0.894471 0.443086 0.059973 -97.9804 0.0656936 -0.00244258 0.997837 7.42444
0.446083 0.894635 -0.0252452 71.2496 -0.892513 0.446769 0.0617973 -98.5839 0.0665648 -0.00503504 0.997769 7.47482
0.448594 0.893357 -0.0260318 71.553 -0.89118 0.449322 0.06251 -99.202 0.0675404 -0.00484255 0.997705 7.5351
0.451161 0.891996 -0.0282387 71.8557 -0.889933 0.452038 0.0606713 -99.8086 0.0668835 -0.00224201 0.997758 7.58082
0.452717 0.891157 -0.0297697 72.1562 -0.889151 0.453695 0.059756 -100.412 0.0667583 -0.000582805 0.997769 7.64155
0.454261 0.890419 -0.0283124 72.4717 -0.888422 0.455138 0.0596286 -100.978 0.0659804 -0.00193354 0.997819 7.67739
0.456034 0.889444 -0.0303773 72.7551 -0.887496 0.457045 0.0588218 -101.543 0.0662025 0.000134948 0.997806 7.73218
0.458627 0.888092 -0.0308649 73.0565 -0.886006 0.459664 0.0608496 -102.107 0.0682276 -0.000560863 0.99767 7.7831
0.460849 0.886872 -0.0328088 73.319 -0.884783 0.462014 0.0608478 -102.66 0.0691223 0.000986967 0.997608 7.84122
0.464072 0.885072 -0.0358423 73.6363 -0.88306 0.465438 0.0597705 -103.203 0.0695835 0.00391308 0.997568 7.88908
0.467273 0.883292 -0.0380933 73.9222 -0.881381 0.468781 0.0584081 -103.747 0.0694488 0.0062822 0.997566 7.9348
0.47082 0.881336 -0.0396944 74.1933 -0.879484 0.472426 0.0576305 -104.285 0.0695445 0.00777702 0.997549 7.98707
0.474026 0.879577 -0.0405355 74.489 -0.877748 0.475682 0.0573079 -104.803 0.0696887 0.00841452 0.997533 8.02811
0.477187 0.877826 -0.041397 74.7429 -0.876061 0.478888 0.0564202 -105.315 0.0693517 0.00934325 0.997549 8.07642
0.480278 0.876033 -0.0435753 75.0384 -0.874312 0.482121 0.0560148 -105.804 0.0700794 0.0111957 0.997479 8.12027
0.484783 0.873541 -0.0437115 75.2976 -0.871713 0.486641 0.0574163 -106.324 0.0714273 0.0102695 0.997393 8.16655
0.488461 0.871314 -0.0470967 75.5739 -0.869536 0.490553 0.057141 -106.811 0.0728911 0.0130411 0.997255 8.22063
0.49303 0.868736 -0.047116 75.867 -0.866701 0.495153 0.0604416 -107.285 0.0758374 0.011036 0.997059 8.26326
0.498446 0.865638 -0.0471352 76.1624 -0.863113 0.500613 0.0664975 -107.788 0.0811593 0.00753764 0.996673 8.31266
0.504428 0.862244 -0.0456927 76.4798 -0.859067 0.506489 0.0739714 -108.281 0.0869243 0.00193991 0.996213 8.36759
0.510665 0.858652 -0.0440227 76.7768 -0.854883 0.512548 0.08044 -108.744 0.0916337 -0.0034437 0.995787 8.41011
0.517018 0.854886 -0.0431617 77.0852 -0.850664 0.518765 0.0851663 -109.24 0.0951983 -0.00731645 0.995431 8.46491
0.522672 0.851596 -0.0399919 77.3949 -0.847337 0.524085 0.0857636 -109.723 0.0939951 -0.0109396 0.995513 8.51769
0.529008 0.847995 -0.0324768 77.7141 -0.843902 0.529712 0.085051 -110.218 0.0893262 -0.0175855 0.995847 8.56928
0.535405 0.844235 -0.0246733 78.0426 -0.84051 0.535457 0.0826404 -110.72 0.0829794 -0.0235079 0.996274 8.6235
0.541666 0.840418 -0.0171739 78.3919 -0.83707 0.541152 0.0804258 -111.21 0.076885 -0.0291882 0.996613 8.67646
0.5481 0.836303 -0.0135428 78.7472 -0.833212 0.547347 0.0785444 -111.709 0.0730995 -0.0317662 0.996819 8.72818
0.554912 0.831845 -0.0103122 79.0899 -0.828602 0.553768 0.0822164 -112.236 0.0741019 -0.0370782 0.996561 8.78237
0.561481 0.827445 -0.00856785 79.4629 -0.823962 0.560012 0.0864494 -112.76 0.0763302 -0.0414801 0.996219 8.8267
0.567639 0.823231 -0.00873507 79.849 -0.819499 0.566017 0.0896996 -113.287 0.0787877 -0.0437586 0.995931 8.88094
0.573794 0.818961 -0.00795165 80.22 -0.815054 0.571955 0.0924898 -113.818 0.0802936 -0.0465891 0.995682 8.92445
0.580377 0.814326 -0.00605419 80.6451 -0.810442 0.578304 0.0935275 -114.366 0.079663 -0.0493746 0.995598 8.97932
0.587368 0.809318 -0.00143542 81.06 -0.805551 0.584803 0.0953558 -114.889 0.0780126 -0.0548527 0.995442 9.03235
0.594442 0.804139 -3.85836e-05 81.4863 -0.800587 0.591821 0.0938525 -115.45 0.0754933 -0.055759 0.995586 9.0867
0.601997 0.798498 0.000606942 81.926 -0.795148 0.599401 0.091972 -116.029 0.0730757 -0.0558495 0.995761 9.14169
0.609635 0.792682 0.000535675 82.3693 -0.78935 0.607011 0.0920036 -116.615 0.0726044 -0.0565115 0.995759 9.20718
0.617309 0.786716 0.00285047 82.8425 -0.783385 0.614353 0.0942274 -117.167 0.072379 -0.0604004 0.995547 9.25128
0.62494 0.780665 0.00342768 83.3209 -0.777291 0.621819 0.095706 -117.75 0.0725829 -0.0624749 0.995404 9.30852
0.632179 0.77481 0.0043344 83.8051 -0.771477 0.628921 0.0963406 -118.339 0.0719197 -0.0642484 0.995339 9.35464
0.637469 0.770464 0.0041809 84.3167 -0.767221 0.634269 0.0952622 -118.935 0.0707443 -0.0639344 0.995443 9.41456
0.641078 0.76747 0.00303862 84.8322 -0.76425 0.638016 0.0941193 -119.526 0.070295 -0.0626601 0.995556 9.47124
0.644453 0.764643 0.00095283 85.3565 -0.761432 0.641631 0.0923632 -120.144 0.0700135 -0.0602492 0.995725 9.51952
0.647489 0.762068 -0.00332508 85.8669 -0.758876 0.645164 0.0887233 -120.765 0.0697584 -0.054924 0.996051 9.58443
0.650797 0.759207 -0.00828123 86.4316 -0.756187 0.64911 0.0826896 -121.415 0.068154 -0.047552 0.996541 9.64606
0.654186 0.756245 -0.0115767 86.9366 -0.753492 0.652977 0.0766171 -122.036 0.0655007 -0.0413989 0.996993 9.70529
0.6576 0.753236 -0.0140668 87.5113 -0.750758 0.65676 0.0709145 -122.678 0.0626539 -0.0360726 0.997383 9.76865
0.660667 0.750527 -0.0150872 88.0814 -0.748143 0.659953 0.0688769 -123.322 0.0616508 -0.0342173 0.997511 9.81468
0.663702 0.747851 -0.0148238 88.6626 -0.745369 0.662899 0.0706368 -123.963 0.0626524 -0.0358326 0.997392 9.88577
0.667115 0.744855 -0.0122009 89.2382 -0.742171 0.665947 0.0754796 -124.579 0.0643465 -0.0412984 0.997073 9.93115
0.670618 0.741759 -0.00801846 89.8494 -0.739039 0.669013 0.0790096 -125.217 0.0639706 -0.0470593 0.996842 9.98993
0.67363 0.739055 -0.00452842 90.443 -0.73664 0.6719 0.0768869 -125.868 0.0598663 -0.0484575 0.99703 10.0474
0.677109 0.735882 0.00131974 91.0632 -0.733939 0.675188 0.0738571 -126.497 0.0534591 -0.0509779 0.997268 10.0876
0.680821 0.732435 0.00465583 91.6742 -0.730983 0.679041 0.0675806 -127.157 0.0463369 -0.0494136 0.997703 10.1499
0.685211 0.728333 0.00414248 92.299 -0.727083 0.683678 0.0627362 -127.831 0.0428607 -0.0459995 0.998022 10.1889
0.689557 0.724231 -8.15572e-05 92.9089 -0.722902 0.688298 0.0604836 -128.482 0.0438602 -0.0416479 0.998169 10.2414
0.694318 0.719579 -0.0113508 93.5209 -0.717957 0.693668 0.0579869 -129.125 0.0495998 -0.0321119 0.998253 10.2952
0.698912 0.71492 -0.0202701 94.1722 -0.712836 0.698621 0.0615944 -129.771 0.0581962 -0.0285999 0.997895 10.3367
0.704014 0.709726 -0.0255735 94.8006 -0.707504 0.704027 0.0615148 -130.409 0.0616631 -0.0252139 0.997778 10.4064
0.710034 0.703663 -0.026672 95.4678 -0.701678 0.710198 0.057166 -131.063 0.059168 -0.0218746 0.998008 10.4368
0.716311 0.697199 -0.0284944 96.1316 -0.695541 0.716686 0.050839 -131.707 0.0558664 -0.0165976 0.9983 10.5213
0.721003 0.692112 -0.0337033 96.7827 -0.690631 0.721718 0.0463834 -132.341 0.0564268 -0.0101661 0.998355 10.5606
0.725447 0.687307 -0.03655 97.4464 -0.685533 0.726272 0.0507227 -132.967 0.0614073 -0.0117404 0.998044 10.6391
0.729075 0.683377 -0.0380191 98.1251 -0.681412 0.72995 0.0534031 -133.618 0.0642464 -0.0130283 0.997849 10.6789
0.732202 0.679963 -0.039126 98.819 -0.678211 0.73318 0.0497707 -134.251 0.0625286 -0.00990655 0.997994 10.75
0.734831 0.677053 -0.0402751 99.4996 -0.675744 0.735924 0.0422557 -134.888 0.0582488 -0.00383519 0.998295 10.8134
0.73594 0.675911 -0.0391985 100.184 -0.674775 0.736979 0.0392399 -135.524 0.0554112 -0.00242802 0.998461 10.8773
0.737074 0.674617 -0.0401622 100.885 -0.673755 0.738165 0.0341455 -136.165 0.0526815 0.00189165 0.99861 10.9355
0.737333 0.674411 -0.0388632 101.588 -0.673589 0.738354 0.033325 -136.781 0.0511696 0.00160618 0.998689 10.995
0.737284 0.674437 -0.0393327 102.272 -0.673678 0.738327 0.0321083 -137.4 0.0506955 0.00282466 0.99871 11.0433
0.736678 0.675237 -0.0368864 102.97 -0.674259 0.737599 0.0363843 -138.046 0.0517754 -0.00193255 0.998657 11.1055
0.73563 0.676394 -0.0366118 103.686 -0.675289 0.73653 0.0388356 -138.653 0.0532338 -0.00384511 0.998575 11.1512
0.733822 0.678516 -0.0334924 104.372 -0.677155 0.734523 0.0440182 -139.302 0.0544679 -0.00962202 0.998469 11.2223
0.731905 0.680657 -0.0319578 105.048 -0.679233 0.73251 0.0455065 -139.922 0.0543838 -0.0115996 0.998453 11.2648
0.729594 0.683287 -0.028493 105.742 -0.681771 0.729982 0.0481168 -140.539 0.0536769 -0.01568 0.998435 11.3257
0.727549 0.685538 -0.0266231 106.467 -0.68408 0.727851 0.0476221 -141.181 0.0520244 -0.0164351 0.998511 11.3899
0.725131 0.688143 -0.025392 107.139 -0.686857 0.725422 0.0446068 -141.821 0.0491157 -0.0149051 0.998682 11.4317
0.722281 0.691081 -0.0267817 107.797 -0.689969 0.722695 0.0406713 -142.466 0.0474622 -0.0108976 0.998814 11.4808
0.719213 0.694119 -0.0305266 108.46 -0.692857 0.719794 0.0429646 -143.104 0.0517954 -0.00975012 0.99861 11.5574
0.715619 0.697904 -0.0286151 109.106 -0.695879 0.715884 0.0571187 -143.714 0.0603485 -0.0209626 0.997957 11.6105
0.712207 0.701355 -0.0293597 109.783 -0.698871 0.712369 0.064107 -144.362 0.0658767 -0.0251388 0.997511 11.6877
0.70895 0.704576 -0.0310211 110.418 -0.702397 0.709349 0.0588417 -144.977 0.0634632 -0.0199267 0.997785 11.7305
0.705537 0.708298 -0.0230678 111.077 -0.706333 0.705477 0.0582804 -145.625 0.0575537 -0.0248254 0.998034 11.7985
0.702136 0.711761 -0.020016 111.746 -0.710036 0.70199 0.055307 -146.27 0.0534164 -0.024621 0.998269 11.8418
0.698877 0.715033 -0.0173032 112.371 -0.713286 0.698549 0.0570287 -146.89 0.0528645 -0.0275139 0.998223 11.9137
0.695535 0.718187 -0.0209466 112.998 -0.716518 0.695488 0.0538372 -147.542 0.0532333 -0.022437 0.99833 11.9559
0.692296 0.721271 -0.0222519 113.616 -0.719527 0.692309 0.0546683 -148.164 0.0548359 -0.0218357 0.998257 12.0237
0.688753 0.724462 -0.0278242 114.215 -0.722711 0.689121 0.0529303 -148.816 0.0575202 -0.016347 0.99821 12.071
0.684578 0.72843 -0.0272553 114.85 -0.726482 0.68486 0.0564901 -149.468 0.0598152 -0.0188714 0.998031 12.1503
0.680746 0.731907 -0.0299428 115.47 -0.730012 0.681229 0.0548664 -150.12 0.060555 -0.0154916 0.998045 12.1917
0.676614 0.73579 -0.0283944 116.086 -0.733864 0.676998 0.0558438 -150.795 0.0603123 -0.0169471 0.998036 12.2541
0.671974 0.740002 -0.0291217 116.69 -0.738094 0.672421 0.055385 -151.442 0.060567 -0.0157227 0.99804 12.3117
0.66617 0.745266 -0.028211 117.301 -0.743277 0.66655 0.0570082 -152.122 0.0612903 -0.0170086 0.997975 12.3623
0.659999 0.750758 -0.027614 117.921 -0.748336 0.660224 0.0640078 -152.773 0.0662859 -0.0215805 0.997567 12.4432
0.653756 0.756168 -0.0285134 118.524 -0.753347 0.653939 0.0695141 -153.465 0.0712103 -0.0239647 0.997173 12.5057
0.647582 0.761618 -0.0239856 119.129 -0.758458 0.647286 0.075907 -154.141 0.0733376 -0.030964 0.996826 12.5997
0.640908 0.767303 -0.0220019 119.703 -0.764796 0.640745 0.0673242 -154.83 0.0657556 -0.0263216 0.997489 12.6545
0.634558 0.772766 -0.0129572 120.308 -0.770795 0.633991 0.0626913 -155.555 0.0566605 -0.0297939 0.997949 12.6866
0.627623 0.778445 -0.0106342 120.915 -0.77687 0.627125 0.0564662 -156.267 0.0506248 -0.0271782 0.998348 12.7619
0.620444 0.784243 -0.00342689 121.494 -0.782778 0.61954 0.0585559 -156.989 0.0480451 -0.0336481 0.998278 12.7977
0.613018 0.790059 -0.00385817 122.063 -0.788497 0.612099 0.0600636 -157.727 0.0498154 -0.0337779 0.998187 12.8661
0.605767 0.79554 -0.0127628 122.626 -0.79372 0.60534 0.0597687 -158.455 0.0552742 -0.0260759 0.998131 12.8954
0.598486 0.801004 -0.0143591 123.197 -0.798567 0.597907 0.0692659 -159.203 0.0640677 -0.0299881 0.997495 12.998
0.591082 0.806364 -0.0199726 123.748 -0.803712 0.590874 0.0701108 -159.933 0.0683362 -0.025389 0.997339 13.0622
0.583649 0.811747 -0.0205107 124.297 -0.809356 0.583597 0.0660091 -160.704 0.0655527 -0.0219257 0.997608 13.1104
0.576575 0.816731 -0.0226243 124.854 -0.81471 0.576799 0.0595841 -161.48 0.0617138 -0.0159224 0.997967 13.1672
0.568969 0.822102 -0.0205416 125.379 -0.820154 0.569094 0.0589773 -162.235 0.0601755 -0.016709 0.998048 13.2427
0.56217 0.826755 -0.0210185 125.88 -0.824786 0.562337 0.0592089 -162.996 0.0607708 -0.0159497 0.998024 13.291
0.556186 0.830775 -0.0217038 126.418 -0.828833 0.556417 0.0586145 -163.739 0.0607718 -0.0146118 0.998045 13.377
0.550627 0.834373 -0.0251176 126.907 -0.832808 0.551148 0.0516397 -164.493 0.0569303 -0.00751605 0.99835 13.4253
0.546045 0.83741 -0.0240918 127.405 -0.835984 0.546534 0.0493109 -165.272 0.0544604 -0.00678562 0.998493 13.4799
0.541743 0.840258 -0.0219426 127.893 -0.838928 0.542135 0.0478377 -165.999 0.0520919 -0.00750746 0.998614 13.5227
0.536579 0.843582 -0.021277 128.362 -0.842182 0.536933 0.0493169 -166.754 0.0530272 -0.00854336 0.998557 13.6087
0.533141 0.845662 -0.0248381 128.837 -0.844101 0.533678 0.0517729 -167.455 0.0570379 -0.0066364 0.99835 13.6544
0.529501 0.847884 -0.026866 129.301 -0.845949 0.530124 0.0577754 -168.17 0.0632291 -0.00786487 0.997968 13.7257
0.526103 0.850106 -0.0231321 129.776 -0.847984 0.526459 0.0613597 -168.916 0.0643404 -0.0126659 0.997848 13.7987
0.523618 0.85166 -0.0223573 130.207 -0.849872 0.523992 0.0561308 -169.647 0.0595193 -0.0103903 0.998173 13.8408
