1 0 0 0 0 1 0 0 0 0 1 0
1 0.000507547 0.00080528 0.803462 -0.000508966 0.999998 0.00176269 0.021716 -0.000804384 -0.0017631 0.999998 0.0161694
0.999999 0.000434873 0.00111593 1.59423 -0.000440579 0.999987 0.00511883 0.00838062 -0.00111369 -0.00511932 0.999986 0.0250101
0.999999 0.000868473 0.00105222 2.33634 -0.000874879 0.999981 0.00610303 0.0257412 -0.0010469 -0.00610395 0.999981 0.0416839
0.999999 0.00110528 0.000779807 3.07612 -0.00111136 0.999969 0.00783778 0.0335553 -0.000771119 -0.00783864 0.999969 0.047834
0.999999 0.00156515 0.000711744 3.77835 -0.00157082 0.999967 0.00802893 0.0427951 -0.000699153 -0.00803004 0.999968 0.0655936
0.999997 0.00192406 0.00139299 4.47884 -0.00193536 0.999965 0.00815857 0.0391273 -0.00137724 -0.00816124 0.999966 0.0831316
0.99999 0.00222539 0.00388003 5.1785 -0.00226063 0.999956 0.0091034 0.0456539 -0.0038596 -0.00911208 0.999951 0.0924292
0.999961 0.00372019 0.00795696 5.83083 -0.00379114 0.999953 0.0089202 0.0451136 -0.0079234 -0.00895002 0.999929 0.100571
0.999922 0.00475416 0.0115904 6.46635 -0.0048509 0.999954 0.00833307 0.0429456 -0.0115502 -0.00838864 0.999898 0.113438
0.999889 0.0059026 0.0136775 7.07838 -0.00600647 0.999953 0.00756569 0.0431855 -0.0136322 -0.00764701 0.999878 0.124064
0.999881 0.00715921 0.0136814 7.64402 -0.00726224 0.999946 0.00749647 0.0371197 -0.013627 -0.00759493 0.999878 0.125633
0.999896 0.00821443 0.0118195 8.20749 -0.00831799 0.999927 0.00873885 0.0497747 -0.0117469 -0.00883626 0.999892 0.130386
0.999919 0.00916245 0.00884289 8.72126 -0.00924199 0.999917 0.00899714 0.0366996 -0.00875972 -0.00907814 0.99992 0.139899
0.999918 0.0107222 0.00706354 9.22057 -0.010773 0.999916 0.0071812 0.0368149 -0.00698595 -0.0072567 0.999949 0.135412
0.999905 0.0127643 0.00512831 9.69984 -0.0127842 0.999911 0.00387724 0.0255621 -0.00507836 -0.00394244 0.999979 0.153598
0.999885 0.014591 0.00420733 10.144 -0.0146005 0.999891 0.00222405 0.00561586 -0.00417442 -0.00228522 0.999989 0.186214
0.999853 0.0169758 0.00237959 10.5442 -0.0169891 0.99984 0.00566295 0.00344373 -0.00228308 -0.00570254 0.999981 0.168031
0.999801 0.0198839 0.00146475 10.9415 -0.0198973 0.999755 0.00971198 0.00655805 -0.00127128 -0.0097392 0.999952 0.16956
0.999734 0.0229632 0.00228329 11.2826 -0.022986 0.999681 0.0105113 -0.00813218 -0.00204119 -0.0105609 0.999942 0.163042
0.999648 0.0263513 0.00291382 11.6026 -0.0263703 0.99963 0.00670106 -0.02019 -0.00273616 -0.00677554 0.999973 0.181228
0.999574 0.0290538 0.00286304 11.8921 -0.0290595 0.999576 0.00196195 -0.040701 -0.00280482 -0.00204432 0.999994 0.193468
0.999507 0.0311534 0.00394847 12.1457 -0.0311476 0.999514 -0.00152534 -0.0494498 -0.00399407 0.0014016 0.999991 0.204569
0.999427 0.0334564 0.00510002 12.3696 -0.0334434 0.999437 -0.00261336 -0.0512548 -0.00518458 0.0024413 0.999984 0.201715
0.999351 0.0357733 0.00429876 12.5816 -0.0357669 0.999359 -0.00155997 -0.0538839 -0.00435181 0.0014052 0.99999 0.201133
0.999266 0.0382002 0.00298968 12.7536 -0.0381989 0.99927 -0.000486132 -0.0612742 -0.00300607 0.000371573 0.999995 0.217273
0.999174 0.0405763 0.00212706 12.9301 -0.0405794 0.999175 0.00143039 -0.0703544 -0.00206727 -0.00151552 0.999997 0.214799
0.999111 0.04212 0.00177819 13.0947 -0.0421268 0.999104 0.0039891 -0.0688749 -0.00160858 -0.00406047 0.99999 0.218319
0.999049 0.0435986 0.000552315 13.2463 -0.0436009 0.999035 0.00524216 -0.0705126 -0.000323231 -0.00526126 0.999986 0.217546
0.998966 0.0454545 -0.00124353 13.3965 -0.0454482 0.998955 0.00473962 -0.0874728 0.00145767 -0.0046782 0.999988 0.226626
0.998892 0.0469907 -0.00269841 13.548 -0.0469809 0.998889 0.00358174 -0.0945359 0.00286372 -0.003451 0.99999 0.232353
0.998829 0.0482434 -0.00375837 13.6811 -0.0482334 0.998832 0.00268537 -0.0994905 0.00388354 -0.00250094 0.999989 0.241861
0.998754 0.049645 -0.00499045 13.8092 -0.0496296 0.998763 0.00317727 -0.0997245 0.00514201 -0.00292564 0.999983 0.240046
0.998674 0.0509832 -0.00713907 13.9413 -0.0509558 0.998693 0.00397005 -0.108005 0.00733215 -0.003601 0.999967 0.240275
0.998608 0.0518934 -0.00941626 14.07 -0.0518555 0.998646 0.00421836 -0.115772 0.00962241 -0.0037242 0.999947 0.238231
0.998541 0.0527947 -0.0113796 14.1864 -0.0527568 0.998601 0.00360418 -0.128461 0.011554 -0.00299857 0.999929 0.245679
0.99854 0.0523258 -0.0134246 14.3036 -0.0522941 0.998628 0.00269861 -0.133371 0.0135474 -0.00199264 0.999906 0.25142
0.998624 0.0503281 -0.0147528 14.4386 -0.0502992 0.998731 0.00232851 -0.143922 0.0148513 -0.00158326 0.999888 0.25381
0.998751 0.0474618 -0.015644 14.5679 -0.0474343 0.998872 0.00212768 -0.149965 0.0157274 -0.00138296 0.999875 0.251332
0.998915 0.0433878 -0.016922 14.6881 -0.0433484 0.999056 0.00268392 -0.152094 0.0170225 -0.00194746 0.999853 0.254416
0.999122 0.037803 -0.0180697 14.8195 -0.0377543 0.999282 0.00302828 -0.146972 0.0181712 -0.00234341 0.999832 0.253853
0.999338 0.0311285 -0.0188464 14.9269 -0.0310793 0.999513 0.00289654 -0.14543 0.0189273 -0.00230889 0.999818 0.261644
0.999519 0.0239563 -0.0196913 15.058 -0.0239034 0.99971 0.00291823 -0.148675 0.0197555 -0.00244614 0.999802 0.264583
0.999653 0.015984 -0.0209244 15.1935 -0.0159319 0.99987 0.002655 -0.130962 0.0209641 -0.00232071 0.999778 0.262854
0.999734 0.00609629 -0.0222585 15.3437 -0.00606098 0.99998 0.00165341 -0.142018 0.0222681 -0.00151806 0.999751 0.264348
0.999688 -0.00704085 -0.0239799 15.4808 0.00704381 0.999975 3.9152e-05 -0.135353 0.023979 -0.000208049 0.999712 0.26959
0.999406 -0.0226324 -0.0259939 15.6352 0.0226221 0.999744 -0.000690222 -0.126878 0.0260029 0.000101776 0.999662 0.281318
0.998745 -0.0420866 -0.0271453 15.811 0.0420909 0.999114 -0.000412527 -0.0939295 0.0271386 -0.000730559 0.999631 0.279087
0.997606 -0.0635935 -0.0271567 16.0064 0.0636249 0.997974 0.000292711 -0.0712031 0.0270831 -0.00201986 0.999631 0.283931
0.995836 -0.0873561 -0.0260785 16.1971 0.0874034 0.996173 0.000678307 -0.0436024 0.0259195 -0.00295483 0.99966 0.2875
0.993178 -0.113893 -0.0250336 16.436 0.113965 0.993484 0.00149431 0.0080327 0.0247003 -0.00433709 0.999685 0.297816
0.989325 -0.143829 -0.0234419 16.6562 0.143924 0.989586 0.00240489 0.0598073 0.0228519 -0.00575306 0.999722 0.300139
0.984015 -0.176886 -0.0206608 16.9382 0.176974 0.984212 0.00251442 0.121147 0.0198898 -0.00613064 0.999783 0.311277
0.976761 -0.213634 -0.0172772 17.2019 0.213721 0.976889 0.00334658 0.196691 0.016163 -0.00696132 0.999845 0.312907
0.967313 -0.253278 -0.0124533 17.4483 0.253349 0.967365 0.00442856 0.280581 0.0109252 -0.00743883 0.999913 0.337409
0.955636 -0.29439 -0.00976841 17.7442 0.29447 0.955626 0.00819287 0.40185 0.00692304 -0.0107059 0.999919 0.324469
0.941621 -0.336602 -0.00699461 18.0247 0.336664 0.94155 0.0118462 0.541689 0.00259831 -0.0135095 0.999905 0.33671
0.925185 -0.379503 -0.0033085 18.2949 0.379511 0.925081 0.0140182 0.682704 -0.00225931 -0.014225 0.999896 0.334862
0.906156 -0.422935 0.00257781 18.6104 0.422839 0.906053 0.0165843 0.846642 -0.00934973 -0.013938 0.999859 0.344547
0.884444 -0.466596 0.00681227 18.9082 0.466382 0.884341 0.020681 1.04572 -0.015674 -0.0151141 0.999763 0.343603
0.859996 -0.510239 0.00793603 19.1694 0.509919 0.85985 0.0253234 1.24231 -0.0197448 -0.0177313 0.999648 0.339214
0.832511 -0.553947 0.00825772 19.484 0.553548 0.832335 0.028336 1.4815 -0.0225698 -0.019019 0.999564 0.345343
0.802126 -0.597125 0.00600448 19.7395 0.596683 0.80185 0.0317044 1.71689 -0.0237462 -0.0218481 0.999479 0.329424
0.768929 -0.63931 0.00550802 20.0514 0.638806 0.768617 0.0339819 2.01967 -0.0259585 -0.0226111 0.999407 0.336247
0.732306 -0.680956 0.00515444 20.3326 0.68034 0.731929 0.0376367 2.30556 -0.0294016 -0.0240548 0.999278 0.317768
0.693769 -0.720173 0.00596597 20.5811 0.719496 0.693435 0.0383817 2.61056 -0.0317785 -0.0223355 0.999245 0.305393
0.653533 -0.756871 0.00647402 20.869 0.756169 0.653254 0.0383134 2.9726 -0.0332275 -0.0201436 0.999245 0.300381
0.611217 -0.791413 0.00890957 21.1355 0.790706 0.611087 0.0368412 3.36002 -0.0346011 -0.0154731 0.999281 0.285326
0.566477 -0.823988 0.0121673 21.3754 0.823251 0.566509 0.0364083 3.72245 -0.0368928 -0.0106077 0.999263 0.293889
0.520478 -0.853789 0.012161 21.6198 0.853016 0.52054 0.0374482 4.18242 -0.0383031 -0.00911738 0.999225 0.264441
0.471018 -0.882065 0.0101764 21.8391 0.881339 0.471055 0.0367336 4.60378 -0.037195 -0.00833333 0.999273 0.240162
0.419691 -0.90759 0.0118513 22.0313 0.906902 0.419838 0.0355734 5.10531 -0.0372617 -0.00418188 0.999297 0.231159
0.365801 -0.930579 0.0145806 22.2044 0.929946 0.36609 0.0343401 5.61033 -0.037294 0.000997492 0.999304 0.220015
0.31182 -0.950036 0.0141114 22.3676 0.949482 0.312122 0.0326068 6.10189 -0.0353822 0.00323102 0.999369 0.220341
0.258914 -0.965809 0.0132973 22.4829 0.965098 0.259236 0.0371809 6.67677 -0.0393568 0.00320653 0.99922 0.161034
0.207183 -0.978186 0.0150439 22.5961 0.977284 0.207644 0.0424176 7.26954 -0.0446161 0.00591392 0.998987 0.135197
0.158256 -0.987229 0.0182705 22.6999 0.986324 0.15892 0.0437063 7.83381 -0.0460516 0.0111038 0.998877 0.139872
0.113937 -0.993311 0.0187501 22.7491 0.99242 0.114669 0.044201 8.47939 -0.0460554 0.0135719 0.998847 0.113973
0.0731783 -0.997183 0.0164642 22.788 0.996334 0.0738296 0.04322 9.11299 -0.0443138 0.0132411 0.99893 0.103493
0.0380576 -0.999209 0.0115123 22.7862 0.998524 0.0384733 0.038344 9.77733 -0.0387566 0.010036 0.999198 0.0705848
0.00908904 -0.999927 0.0079637 22.783 0.999255 0.00938116 0.0374461 10.4333 -0.0375181 0.00761741 0.999267 0.0254842
-0.0121382 -0.99991 0.00566016 22.75 0.999065 -0.0118926 0.0415768 11.1652 -0.0415057 0.00615953 0.999119 0.000992431
-0.0252389 -0.999664 0.00599029 22.7268 0.998564 -0.024927 0.0474203 11.8894 -0.047255 0.00717852 0.998857 -0.0349907
-0.0331217 -0.999432 0.00622459 22.7007 0.99819 -0.0327664 0.0504346 12.6461 -0.050202 0.0078838 0.998708 -0.0499257
-0.0373058 -0.999284 0.00634992 22.6639 0.998177 -0.0369613 0.0477117 13.4041 -0.0474428 0.00811826 0.998841 -0.0823114
-0.0371776 -0.99922 0.0132925 22.6395 0.998393 -0.0365708 0.0433008 14.186 -0.0427809 0.0148809 0.998974 -0.14613
-0.0335439 -0.999108 0.0256361 22.6409 0.998591 -0.0324492 0.0419837 14.996 -0.0411144 0.0270083 0.998789 -0.127075
-0.0280867 -0.999234 0.0272427 22.6195 0.998752 -0.0269261 0.042073 15.8361 -0.0413072 0.0283904 0.998743 -0.170475
-0.0224491 -0.999425 0.0254264 22.6012 0.998941 -0.0214018 0.0407377 16.6729 -0.0401701 0.0263139 0.998846 -0.241947
-0.0191444 -0.999379 0.0295788 22.5731 0.999211 -0.0180952 0.0353421 17.5404 -0.0347849 0.030232 0.998937 -0.224404
-0.0170481 -0.999481 0.0273247 22.572 0.999572 -0.0163877 0.0242162 18.4212 -0.0237558 0.0277258 0.999333 -0.239832
-0.0155543 -0.999676 0.0201672 22.5408 0.999761 -0.0152393 0.0156832 19.3203 -0.0153708 0.0204063 0.999674 -0.290676
-0.0167212 -0.999762 0.0140055 22.5125 0.999787 -0.0165491 0.0123147 20.2379 -0.01208 0.0142084 0.999826 -0.285622
-0.0200644 -0.999787 0.0048029 22.4703 0.999639 -0.0199751 0.0179749 21.1725 -0.0178752 0.00516182 0.999827 -0.30916
-0.0245296 -0.999699 -0.000574427 22.4261 0.999356 -0.0245362 0.0261969 22.1645 -0.0262031 6.85427e-05 0.999657 -0.351514
-0.0289531 -0.999578 -0.00248201 22.3857 0.99895 -0.0290229 0.0354345 23.1433 -0.0354916 -0.00145347 0.999369 -0.348413
-0.031137 -0.999507 -0.00402231 22.3641 0.998483 -0.0312874 0.0453107 24.1529 -0.0454142 -0.00260537 0.998965 -0.402329
-0.0320521 -0.999484 -0.00215911 22.3279 0.998064 -0.0321217 0.0532555 25.1748 -0.0532973 -0.000447982 0.998579 -0.431606
-0.0339893 -0.999422 -0.000904397 22.2917 0.997899 -0.0339875 0.0551498 26.2065 -0.0551487 0.000972008 0.998478 -0.454851
-0.0356184 -0.999363 -0.00225848 22.2428 0.998029 -0.0356875 0.0516282 27.2118 -0.0516759 -0.000415113 0.998664 -0.51506
-0.0382214 -0.999255 -0.00525207 22.1917 0.998161 -0.0384259 0.0468783 28.2431 -0.0470452 -0.00345066 0.998887 -0.559211
-0.0424468 -0.999084 -0.00541845 22.149 0.998247 -0.0426339 0.0410591 29.2707 -0.0412525 -0.00366612 0.999142 -0.577368
-0.0480836 -0.998832 -0.00469354 22.0956 0.998162 -0.0482238 0.0366998 30.3042 -0.0368833 -0.00292026 0.999315 -0.610314
-0.0549292 -0.998468 -0.00668479 22.0284 0.9979 -0.0551257 0.0340144 31.3317 -0.0343308 -0.00480237 0.999399 -0.64035
-0.0612833 -0.998102 -0.00602302 21.9663 0.997426 -0.0614646 0.0369317 32.3997 -0.0372319 -0.00374422 0.9993 -0.665544
-0.0679809 -0.997653 -0.00818985 21.8866 0.996812 -0.0682627 0.0413121 33.4584 -0.0417742 -0.0053553 0.999113 -0.690232
-0.0738113 -0.997213 -0.010874 21.8014 0.996238 -0.0742268 0.0447194 34.5228 -0.0454019 -0.00753228 0.99894 -0.739558
-0.0781495 -0.996833 -0.0146891 21.7093 0.995808 -0.0787546 0.0465191 35.5831 -0.0475286 -0.0109921 0.998809 -0.770963
-0.0809649 -0.996532 -0.0192203 21.6055 0.995472 -0.0818121 0.0483906 36.6539 -0.0497953 -0.0152153 0.998644 -0.80683
-0.0820487 -0.996359 -0.023167 21.5068 0.995328 -0.0831064 0.0491401 37.7324 -0.0508865 -0.0190269 0.998523 -0.864446
-0.0838995 -0.996176 -0.0243683 21.4073 0.995161 -0.0850191 0.0492634 38.8133 -0.0511468 -0.0201172 0.998489 -0.893216
-0.0853473 -0.996043 -0.0247743 21.3025 0.995067 -0.0864731 0.0486257 39.8751 -0.0505756 -0.020502 0.99851 -0.92924
-0.0861485 -0.995941 -0.0260788 21.1999 0.995021 -0.0873269 0.0480406 40.9626 -0.0501229 -0.0218104 0.998505 -0.967181
-0.0870728 -0.995813 -0.0278217 21.0996 0.994969 -0.0883201 0.0472862 42.0399 -0.0495454 -0.0235644 0.998494 -1.01591
-0.0878387 -0.995631 -0.0316882 20.9907 0.994996 -0.0892143 0.0449782 43.1284 -0.0476087 -0.0275788 0.998485 -1.05289
-0.0876176 -0.995448 -0.0375048 20.8847 0.99522 -0.0891035 0.0399697 44.2258 -0.0431295 -0.0338235 0.998497 -1.08646
-0.087095 -0.995417 -0.0394943 20.7749 0.995318 -0.088617 0.0385774 45.3181 -0.0419005 -0.0359495 0.998475 -1.12524
-0.0851354 -0.995565 -0.0400201 20.6648 0.995303 -0.0868334 0.0428003 46.4341 -0.0460856 -0.0361883 0.998282 -1.16274
-0.083459 -0.995726 -0.0395498 20.5667 0.995265 -0.0852729 0.0466405 47.538 -0.0498137 -0.03547 0.998128 -1.22319
-0.0817755 -0.995939 -0.0376546 20.4739 0.995432 -0.083485 0.0463163 48.6474 -0.0492718 -0.0336951 0.998217 -1.25033
-0.0794281 -0.996132 -0.0375898 20.3911 0.995661 -0.0811119 0.0456171 49.7437 -0.0484896 -0.0338034 0.998252 -1.28161
-0.0751968 -0.996335 -0.040772 20.2845 0.995953 -0.0770609 0.0462566 50.8577 -0.049229 -0.0371286 0.998097 -1.33274
-0.0689177 -0.996553 -0.0461729 20.18 0.996367 -0.0710784 0.0469127 51.9952 -0.0500329 -0.0427721 0.997831 -1.37853
-0.0633432 -0.996785 -0.0490627 20.0992 0.996725 -0.065663 0.0472083 53.1118 -0.0502781 -0.0459116 0.997679 -1.41987
-0.0569729 -0.997095 -0.0505631 20.0218 0.997174 -0.0593152 0.0460998 54.2406 -0.048965 -0.0477937 0.997656 -1.46102
-0.0518984 -0.997413 -0.0497408 19.9616 0.997495 -0.0541712 0.0454886 55.3733 -0.0480654 -0.0472554 0.997726 -1.49622
-0.0465474 -0.997788 -0.0474611 19.9048 0.997776 -0.0487108 0.0454942 56.5023 -0.0477054 -0.045238 0.997837 -1.53704
-0.0408453 -0.998072 -0.0467326 19.844 0.998019 -0.0429938 0.0459321 57.6601 -0.0478528 -0.0447639 0.997851 -1.57601
-0.0356754 -0.998385 -0.0442067 19.805 0.998152 -0.037775 0.0476065 58.7927 -0.0491995 -0.0424266 0.997887 -1.6128
-0.0301239 -0.998496 -0.0458136 19.7574 0.998305 -0.0323387 0.0483972 59.9316 -0.049806 -0.044278 0.997777 -1.66596
-0.0243047 -0.998696 -0.0448944 19.7227 0.998462 -0.026488 0.0486941 61.0991 -0.0498198 -0.0436419 0.997804 -1.70933
-0.0197708 -0.998802 -0.0447582 19.6955 0.998771 -0.0217659 0.0445341 62.2267 -0.0454549 -0.0438227 0.998005 -1.74202
-0.0154377 -0.998909 -0.0440761 19.6677 0.999087 -0.017167 0.0391292 63.385 -0.0398432 -0.0434318 0.998262 -1.76984
-0.012155 -0.998927 -0.044696 19.6475 0.999178 -0.0138626 0.0380952 64.5386 -0.0386739 -0.0441962 0.998274 -1.7998
-0.00833001 -0.999027 -0.0433018 19.6344 0.99912 -0.0100957 0.0407196 65.692 -0.0411171 -0.0429245 0.998232 -1.85524
-0.0058445 -0.999064 -0.0428517 19.6192 0.999138 -0.00759498 0.0408014 66.8711 -0.0410887 -0.0425763 0.998248 -1.8828
-0.00506753 -0.998988 -0.0446963 19.6029 0.999176 -0.00685805 0.0399976 68.0289 -0.0402636 -0.0444568 0.9982 -1.91613
-0.00406269 -0.998959 -0.0454421 19.5852 0.999141 -0.00592949 0.0410217 69.2197 -0.0412484 -0.0452364 0.998124 -1.9576
-0.00310181 -0.998951 -0.0456837 19.5756 0.999147 -0.00497665 0.0409833 70.3698 -0.0411677 -0.0455176 0.998115 -1.98797
-0.00192982 -0.99891 -0.0466398 19.5642 0.999226 -0.00375821 0.0391464 71.5551 -0.039279 -0.0465282 0.998144 -2.01842
-0.00105166 -0.998969 -0.0453772 19.5627 0.999277 -0.00277453 0.0379215 72.7598 -0.0380083 -0.0453045 0.99825 -2.05009
-0.000997384 -0.99911 -0.0421683 19.5572 0.999282 -0.00259254 0.0377906 73.8959 -0.0378663 -0.0421004 0.998396 -2.07475
-0.00075254 -0.999217 -0.0395453 19.5571 0.999269 -0.00226296 0.0381638 75.0691 -0.0382234 -0.0394876 0.998489 -2.10182
-0.000222714 -0.999232 -0.0391864 19.5515 0.999165 -0.00182323 0.0408128 76.2678 -0.0408529 -0.0391446 0.998398 -2.13008
-0.000196651 -0.999161 -0.0409426 19.5466 0.998992 -0.00203457 0.0448533 77.4397 -0.044899 -0.0408925 0.998154 -2.17463
0.00045551 -0.999076 -0.0429649 19.5242 0.998979 -0.00148609 0.0451476 78.6528 -0.0451698 -0.0429416 0.998056 -2.20641
0.000615739 -0.999013 -0.0444175 19.5154 0.999075 -0.00129495 0.042975 79.8035 -0.0429901 -0.0444029 0.998088 -2.23634
0.000832302 -0.998998 -0.0447428 19.5077 0.999175 -0.000985954 0.0406006 80.9812 -0.040604 -0.0447396 0.998173 -2.27363
0.00101453 -0.999083 -0.0428109 19.5146 0.999204 -0.000694673 0.0398907 82.1852 -0.0398839 -0.0428172 0.998287 -2.29667
0.00113945 -0.999167 -0.0407937 19.5095 0.999152 -0.00054121 0.0411643 83.3334 -0.0411521 -0.040806 0.998319 -2.33247
0.00109521 -0.999173 -0.0406481 19.515 0.999031 -0.000695075 0.0440032 84.5141 -0.043995 -0.040657 0.998204 -2.35892
0.00214247 -0.999156 -0.0410301 19.5041 0.998926 0.000239591 0.0463266 85.7079 -0.0462777 -0.0410853 0.998083 -2.39225
0.00225443 -0.99911 -0.042119 19.492 0.998912 0.000288143 0.0466318 86.8569 -0.0465782 -0.0421783 0.998024 -2.43042
0.0024248 -0.999132 -0.0415969 19.4905 0.998997 0.000560387 0.0447742 88.05 -0.044712 -0.0416638 0.998131 -2.46153
0.00262142 -0.999176 -0.0405036 19.486 0.99906 0.000864133 0.0433428 89.186 -0.043272 -0.0405791 0.998239 -2.49511
0.00265362 -0.999254 -0.0385404 19.4861 0.999026 0.000951826 0.0441074 90.3494 -0.0440378 -0.0386199 0.998283 -2.52995
0.00279501 -0.999342 -0.0361639 19.4907 0.99889 0.00108952 0.0470943 91.5454 -0.0470239 -0.0362554 0.998236 -2.57105
0.00299479 -0.999408 -0.034272 19.494 0.99877 0.00129318 0.049565 92.6787 -0.0494913 -0.0343783 0.998183 -2.60565
0.00334592 -0.999393 -0.0346634 19.4982 0.998687 0.00156748 0.0512067 93.8422 -0.0511213 -0.0347892 0.998086 -2.64931
0.00408024 -0.999298 -0.0372511 19.4857 0.998606 0.00211112 0.0527479 95.0272 -0.0526322 -0.0374144 0.997913 -2.69525
0.00433985 -0.999234 -0.0388917 19.4764 0.998647 0.00231496 0.0519594 96.1549 -0.0518295 -0.0390646 0.997892 -2.74726
0.00530011 -0.999097 -0.0421603 19.4859 0.998795 0.00323215 0.0489677 97.3257 -0.0487872 -0.042369 0.99791 -2.7771
0.00506792 -0.999036 -0.0435973 19.4624 0.998897 0.00302192 0.0468681 98.468 -0.0466912 -0.0437867 0.997949 -2.81411
0.00512398 -0.999021 -0.0439412 19.4604 0.99895 0.00311298 0.0457128 99.6161 -0.0455312 -0.0441293 0.997988 -2.84658
0.00537428 -0.9991 -0.0420754 19.4724 0.998948 0.00344773 0.0457275 100.799 -0.0455413 -0.0422769 0.998067 -2.88711
0.0047993 -0.999115 -0.0417885 19.4662 0.998839 0.00278656 0.0480907 101.936 -0.0479316 -0.0419708 0.997968 -2.93443
0.0054067 -0.999213 -0.039298 19.469 0.998736 0.00343189 0.0501469 103.112 -0.0499726 -0.0395195 0.997968 -2.97009
0.00493875 -0.999027 -0.043834 19.4664 0.998779 0.00277333 0.0493245 104.255 -0.049155 -0.044024 0.99782 -3.00786
0.00498128 -0.998823 -0.0482454 19.4613 0.998751 0.0025703 0.0499069 105.414 -0.0497242 -0.0484337 0.997588 -3.06032
0.0050501 -0.99868 -0.0511191 19.4562 0.99877 0.00251605 0.0495151 106.607 -0.0493211 -0.0513063 0.997464 -3.11343
0.00493941 -0.998645 -0.0518018 19.4441 0.998934 0.00254963 0.0460982 107.768 -0.0459036 -0.0519742 0.997593 -3.1459
0.00387505 -0.998585 -0.0530285 19.4442 0.999149 0.00168918 0.0412035 108.956 -0.0410557 -0.0531431 0.997743 -3.19261
0.0032143 -0.998743 -0.0500133 19.4463 0.999184 0.00119458 0.0403612 110.156 -0.0402507 -0.0501022 0.997933 -3.22837
0.00227692 -0.999 -0.0446495 19.4547 0.999202 0.000492608 0.0399331 111.337 -0.0398712 -0.0447048 0.998204 -3.25501
0.00197142 -0.999006 -0.0445332 19.4474 0.999143 0.000126288 0.0413976 112.557 -0.0413508 -0.0445767 0.99815 -3.28916
0.00143841 -0.999058 -0.043363 19.4531 0.998974 -0.000526947 0.0452778 113.762 -0.045258 -0.0433836 0.998033 -3.34102
0.000806629 -0.999132 -0.0416528 19.4462 0.998936 -0.00111563 0.0461058 114.971 -0.0461122 -0.0416456 0.998068 -3.37807
0.000502391 -0.999138 -0.0414984 19.4318 0.999136 -0.00122338 0.0415505 116.217 -0.0415655 -0.0414834 0.998274 -3.41569
-0.000720091 -0.99909 -0.0426546 19.418 0.999283 -0.00233349 0.0377871 117.417 -0.0378522 -0.0425968 0.998375 -3.45922
-0.00158004 -0.999132 -0.0416246 19.4149 0.999334 -0.00309548 0.036368 118.683 -0.0364652 -0.0415394 0.998471 -3.48898
-0.00199322 -0.999074 -0.0429898 19.4106 0.999292 -0.00360519 0.0374516 119.901 -0.0375719 -0.0428847 0.998373 -3.52049
-0.00200072 -0.998873 -0.0474162 19.3911 0.999115 -0.00398862 0.041867 121.156 -0.042009 -0.0472905 0.997997 -3.57128
-0.00158228 -0.998575 -0.0533493 19.3752 0.998949 -0.00402203 0.0456553 122.459 -0.0458048 -0.053221 0.997532 -3.60751
-0.00188777 -0.998181 -0.060259 19.3554 0.998944 -0.00464878 0.0457117 123.703 -0.0459086 -0.0601091 0.997136 -3.65081
-0.00159909 -0.997924 -0.0643771 19.3218 0.99905 -0.0043984 0.0433648 124.957 -0.0435579 -0.0642466 0.996983 -3.68819
-0.00151751 -0.99781 -0.0661288 19.325 0.999095 -0.00432443 0.0423237 126.226 -0.042517 -0.0660047 0.996913 -3.72959
-0.00236141 -0.997789 -0.0664227 19.3134 0.999113 -0.00514712 0.0417993 127.485 -0.0420487 -0.0662651 0.996916 -3.77176
-0.00291745 -0.997918 -0.0644255 19.2989 0.999141 -0.00557132 0.0410518 128.748 -0.0413253 -0.0642504 0.997078 -3.79269
-0.00335752 -0.997903 -0.0646388 19.2851 0.999123 -0.00604541 0.0414327 129.982 -0.0417366 -0.064443 0.997048 -3.82666
-0.00371146 -0.997908 -0.0645503 19.2675 0.998921 -0.00668818 0.0459601 131.246 -0.0462956 -0.06431 0.996856 -3.87117
-0.00400691 -0.998026 -0.0626712 19.259 0.998685 -0.0071967 0.0507546 132.512 -0.0511054 -0.0623854 0.996743 -3.91484
-0.00415666 -0.998 -0.0630739 19.236 0.998743 -0.00729383 0.0495897 133.748 -0.0499505 -0.0627885 0.996776 -3.96055
-0.00339635 -0.997986 -0.0633483 19.2396 0.998825 -0.00644749 0.0480224 135.006 -0.0483341 -0.0631108 0.996835 -4.00656
-0.00238727 -0.998029 -0.0627166 19.2199 0.998845 -0.00538906 0.0477374 136.278 -0.0479812 -0.0625303 0.996889 -4.04231
-0.00152346 -0.997997 -0.0632486 19.2056 0.998888 -0.00449882 0.0469265 137.518 -0.0471171 -0.0631068 0.996894 -4.0782
-0.000460973 -0.998036 -0.0626424 19.196 0.99881 -0.00351456 0.0486449 138.781 -0.0487695 -0.0625454 0.99685 -4.12403
0.000623736 -0.99798 -0.0635296 19.1881 0.998616 -0.0027194 0.0525233 140.008 -0.0525899 -0.0634744 0.996597 -4.16495
0.00213832 -0.997934 -0.0642131 19.1721 0.998534 -0.00134171 0.0541031 141.263 -0.0540775 -0.0642347 0.996469 -4.2176
0.00344236 -0.997744 -0.0670435 19.1624 0.998685 4.67268e-07 0.0512707 142.512 -0.051155 -0.0671318 0.996432 -4.26399
0.00304479 -0.997781 -0.0665106 19.1651 0.998849 -0.000149384 0.0479673 143.739 -0.0478708 -0.0665801 0.996632 -4.3074
0.00279143 -0.997978 -0.0635039 19.166 0.998928 -0.000151412 0.0462892 144.986 -0.0462052 -0.063565 0.996908 -4.34268
0.0029732 -0.998065 -0.0621009 19.142 0.998944 0.00011714 0.0459437 146.217 -0.0458476 -0.0621719 0.997012 -4.38211
0.00240566 -0.998217 -0.0596476 19.1428 0.998939 -0.000344625 0.0460557 147.456 -0.0459942 -0.0596951 0.997156 -4.42741
0.00230091 -0.998364 -0.0571361 19.1533 0.998972 -0.000292241 0.0453358 148.704 -0.0452783 -0.0571817 0.997337 -4.45184
0.00187779 -0.998375 -0.0569506 19.1404 0.998993 -0.000680315 0.0448652 149.934 -0.0448311 -0.0569775 0.997368 -4.49241
0.00192194 -0.998526 -0.0542326 19.1471 0.998891 -0.000633742 0.0470679 151.163 -0.0470329 -0.054263 0.997418 -4.5362
0.00201881 -0.998696 -0.0510178 19.1403 0.99879 -0.000493574 0.0491847 152.398 -0.0491457 -0.0510554 0.997486 -4.58513
0.00165042 -0.998769 -0.0495745 19.1557 0.998863 -0.000715711 0.0476732 153.625 -0.04765 -0.0495968 0.997632 -4.61569
0.000827677 -0.998703 -0.0509126 19.1362 0.998868 -0.00159604 0.0475463 154.847 -0.0475659 -0.0508944 0.997571 -4.66042
0.00161212 -0.998684 -0.0512576 19.1334 0.998646 -0.00105782 0.0520188 156.097 -0.0520046 -0.0512721 0.99733 -4.69936
0.00238227 -0.998474 -0.0551814 19.1257 0.998269 -0.000868382 0.0588096 157.311 -0.0587678 -0.055226 0.996743 -4.76576
0.00431227 -0.998145 -0.0607359 19.1134 0.998229 0.000693224 0.0594821 158.55 -0.0593296 -0.0608849 0.99638 -4.81042
0.00555977 -0.997922 -0.064199 19.1014 0.998445 0.00197879 0.0557088 159.765 -0.055466 -0.0644089 0.996381 -4.87118
0.00682984 -0.997733 -0.0669465 19.0935 0.99874 0.00347724 0.050068 160.97 -0.0497217 -0.0672041 0.9965 -4.90265
0.00818961 -0.997598 -0.0687775 19.0896 0.998815 0.00486091 0.0484268 162.207 -0.0479762 -0.0690925 0.996456 -4.96139
0.00872373 -0.997885 -0.0644196 19.0974 0.998953 0.00580319 0.0453849 163.41 -0.0449151 -0.0647481 0.99689 -4.99
0.0085179 -0.99815 -0.0601982 19.1038 0.999148 0.00606426 0.0408252 164.634 -0.0403846 -0.0604947 0.997351 -5.03386
0.00804218 -0.998432 -0.0553948 19.1151 0.999255 0.00593321 0.0381315 165.856 -0.037743 -0.0556602 0.997736 -5.05121
0.00702427 -0.998618 -0.0520816 19.1143 0.9992 0.0049584 0.0396896 167.064 -0.0393765 -0.0523187 0.997854 -5.08358
0.00788033 -0.998633 -0.0516809 19.1313 0.998877 0.00544612 0.0470735 168.306 -0.0467277 -0.0519938 0.997554 -5.13383
0.0093234 -0.998576 -0.0525275 19.1328 0.998709 0.00667535 0.0503644 169.514 -0.0499421 -0.0529292 0.997349 -5.17835
0.0112928 -0.998421 -0.0550331 19.1217 0.998834 0.0086793 0.0474988 170.732 -0.0469461 -0.0555053 0.997354 -5.20085
0.0124152 -0.998302 -0.0569181 19.1284 0.998862 0.00975997 0.0466936 171.963 -0.0460588 -0.057433 0.997286 -5.24454
0.0128846 -0.998381 -0.0554105 19.1377 0.998801 0.0102327 0.0478798 173.175 -0.0472353 -0.055961 0.997315 -5.29821
0.0137248 -0.998398 -0.0548833 19.1531 0.998845 0.0111621 0.0467318 174.37 -0.0460443 -0.0554613 0.997399 -5.32372
0.0152615 -0.998342 -0.0555048 19.1536 0.998901 0.0127625 0.045101 175.567 -0.0443178 -0.0561321 0.997439 -5.35348
0.0170452 -0.998249 -0.056638 19.1574 0.998809 0.0144094 0.0466253 176.71 -0.0457275 -0.0573653 0.997305 -5.38859
0.0186652 -0.998246 -0.05619 19.1689 0.998688 0.0159345 0.0486586 177.845 -0.0476778 -0.0570245 0.997234 -5.4219
0.019187 -0.998187 -0.0570552 19.1974 0.998599 0.0163179 0.0503343 178.925 -0.049312 -0.0579411 0.997101 -5.44277
0.0197618 -0.998123 -0.0579664 19.2067 0.998519 0.0167642 0.0517508 179.995 -0.0506819 -0.0589033 0.996976 -5.47859
0.0198592 -0.998208 -0.0564401 19.2189 0.99847 0.0168872 0.0526562 181.053 -0.0516088 -0.0573995 0.997016 -5.5053
0.0200182 -0.998171 -0.0570455 19.236 0.998494 0.0170446 0.0521454 182.053 -0.0510777 -0.0580035 0.997009 -5.53269
0.0217553 -0.998092 -0.0577792 19.2442 0.998476 0.0187588 0.0519065 183.041 -0.0507236 -0.0588203 0.996979 -5.56006
0.0230027 -0.998031 -0.0583533 19.2593 0.998425 0.0199456 0.0524414 183.987 -0.0511742 -0.0594677 0.996918 -5.59709
0.0222117 -0.998108 -0.0573302 19.2798 0.998499 0.0192755 0.0512706 184.937 -0.0500685 -0.0583829 0.997038 -5.62364
0.0190813 -0.998326 -0.054607 19.2889 0.998699 0.0164483 0.0482682 185.887 -0.0472892 -0.0554569 0.997341 -5.63853
0.0139168 -0.998405 -0.0547165 19.2896 0.998925 0.0114625 0.044916 186.788 -0.0442172 -0.0552828 0.997491 -5.66188
0.00913661 -0.998308 -0.0574216 19.2901 0.999107 0.00674419 0.0417208 187.705 -0.0412629 -0.0577514 0.997478 -5.69251
0.00521947 -0.998231 -0.0592316 19.2884 0.999165 0.00280639 0.0407501 188.634 -0.0405118 -0.0593948 0.997412 -5.71898
0.00246804 -0.998108 -0.0614338 19.2815 0.999145 -7.4079e-05 0.0413431 189.552 -0.0412695 -0.0614833 0.997255 -5.74307
0.000710507 -0.998188 -0.0601674 19.2822 0.999078 -0.00187456 0.0428973 190.48 -0.0429323 -0.0601423 0.997266 -5.76878
-0.000927634 -0.998354 -0.0573412 19.2775 0.999008 -0.00347843 0.0444008 191.384 -0.0445272 -0.0572431 0.997367 -5.79272
-0.00260587 -0.998435 -0.0558677 19.2638 0.998964 -0.00513687 0.0452078 192.305 -0.0454241 -0.055692 0.997414 -5.81623
-0.00357355 -0.998436 -0.0557878 19.252 0.998999 -0.00605161 0.0443138 193.222 -0.0445821 -0.0555737 0.997459 -5.83575
-0.00418764 -0.998314 -0.0578859 19.2444 0.999052 -0.00668549 0.0430251 194.11 -0.0433396 -0.0576509 0.997396 -5.86412
-0.00361734 -0.998103 -0.0614629 19.2367 0.999087 -0.00622343 0.0422626 195.011 -0.0425649 -0.061254 0.997214 -5.90174
-0.00319353 -0.997972 -0.0635812 19.2231 0.999153 -0.00579306 0.0407429 195.924 -0.0410286 -0.0633972 0.997145 -5.9245
-0.00237622 -0.997926 -0.0643258 19.2052 0.999248 -0.00485862 0.0384623 196.828 -0.0386951 -0.064186 0.997187 -5.9536
-0.00180127 -0.99793 -0.064283 19.2051 0.999363 -0.00408762 0.0354532 197.756 -0.0356426 -0.0641782 0.997302 -5.97595
-0.00138318 -0.997946 -0.0640404 19.1993 0.999373 -0.00364606 0.0352318 198.68 -0.035393 -0.0639515 0.997325 -5.99796
-0.000738308 -0.998098 -0.0616388 19.1846 0.999279 -0.00307584 0.0378368 199.608 -0.0379544 -0.0615664 0.997381 -6.02877
-0.000324224 -0.998153 -0.0607537 19.1809 0.999224 -0.00271572 0.0392854 200.548 -0.0393778 -0.0606938 0.997379 -6.05619
-0.000188855 -0.998422 -0.0561559 19.1863 0.999348 -0.00221552 0.0360299 201.471 -0.0360975 -0.0561125 0.997772 -6.06981
-0.00018256 -0.998502 -0.05472 19.1888 0.999493 -0.00192526 0.0317965 202.415 -0.0318542 -0.0546865 0.997995 -6.08286
0.000429841 -0.998241 -0.0592858 19.1754 0.999455 -0.00152749 0.0329659 203.357 -0.0329984 -0.0592676 0.997697 -6.1089
0.00213818 -0.998192 -0.0600612 19.1699 0.999346 -3.55319e-05 0.0361673 204.315 -0.0361041 -0.0600993 0.997539 -6.15338
0.00418356 -0.998307 -0.0580177 19.1684 0.999337 0.00207575 0.0363432 205.296 -0.0361612 -0.0581313 0.997654 -6.16379
0.00597984 -0.99838 -0.0565885 19.1701 0.999318 0.00390498 0.0367056 206.253 -0.0364251 -0.0567694 0.997723 -6.18957
0.00812068 -0.998335 -0.0571054 19.1684 0.999114 0.00574282 0.0416814 207.254 -0.041284 -0.0573933 0.997498 -6.23113
0.00979926 -0.998504 -0.0537891 19.1798 0.998913 0.00732289 0.046044 208.242 -0.0455813 -0.0541818 0.99749 -6.2552
0.0111426 -0.998519 -0.0532436 19.1793 0.998855 0.00863756 0.0470486 209.222 -0.0465191 -0.0537069 0.997473 -6.27696
0.0136759 -0.998336 -0.0560212 19.1993 0.998819 0.0110267 0.0473287 210.243 -0.0466322 -0.0566022 0.997307 -6.31592
0.0165923 -0.998145 -0.0585743 19.1946 0.998711 0.0137337 0.048874 211.251 -0.0479789 -0.0593097 0.997086 -6.3686
0.0204932 -0.998042 -0.0590971 19.2144 0.998623 0.0175784 0.0494277 212.28 -0.0482921 -0.0600287 0.997028 -6.39681
0.0232081 -0.99779 -0.062263 19.2161 0.998682 0.020287 0.0471444 213.299 -0.0457771 -0.0632751 0.996946 -6.43845
0.0257317 -0.997679 -0.0630432 19.2228 0.998761 0.0229702 0.0441431 214.324 -0.0425925 -0.0641009 0.997034 -6.46886
0.0276533 -0.997677 -0.0622519 19.2572 0.998759 0.0249958 0.0430713 215.37 -0.0414152 -0.0633657 0.997131 -6.49977
0.0295778 -0.997641 -0.0619535 19.288 0.998609 0.0267869 0.0454046 216.406 -0.043638 -0.0632103 0.997046 -6.5342
0.0312215 -0.997509 -0.0632459 19.306 0.998422 0.0281695 0.0485867 217.484 -0.0466841 -0.064663 0.996815 -6.58274
0.0321765 -0.997498 -0.0629527 19.3242 0.998392 0.0291365 0.0486259 218.541 -0.04667 -0.0644161 0.996831 -6.61986
0.0331847 -0.997509 -0.0622504 19.3535 0.998489 0.0303584 0.0458116 219.599 -0.0438077 -0.0636765 0.997009 -6.65374
0.0333314 -0.997626 -0.0602585 19.3877 0.998599 0.0307626 0.043065 220.684 -0.0411091 -0.0616095 0.997253 -6.68401
0.0327069 -0.997815 -0.0574128 19.4185 0.998674 0.0303424 0.041585 221.758 -0.0397521 -0.0586968 0.997484 -6.71592
0.0335153 -0.997731 -0.0583874 19.4533 0.998675 0.0311492 0.0409749 222.863 -0.0390632 -0.0596833 0.997453 -6.75712
0.033663 -0.997775 -0.0575418 19.4875 0.998671 0.0313327 0.0409306 223.958 -0.0390366 -0.0588431 0.997504 -6.77866
0.0335463 -0.997617 -0.0602864 19.5003 0.998646 0.0310589 0.0417352 225.055 -0.0397633 -0.0616048 0.997308 -6.81564
0.033458 -0.997588 -0.0608202 19.5346 0.998567 0.0308242 0.0437395 226.187 -0.0417593 -0.0621965 0.99719 -6.8512
0.0328244 -0.997591 -0.06112 19.5628 0.998513 0.0300692 0.0454657 227.3 -0.0435183 -0.0625215 0.997094 -6.88436
0.0326235 -0.997558 -0.0617568 19.5989 0.998434 0.0297176 0.0474015 228.414 -0.0454504 -0.0632064 0.996965 -6.92766
0.0318865 -0.997473 -0.0634884 19.6222 0.99841 0.0288334 0.0484386 229.588 -0.0464856 -0.064932 0.996806 -6.96546
0.0308972 -0.997323 -0.0662811 19.6534 0.998486 0.0277772 0.0474877 230.721 -0.0455195 -0.067648 0.99667 -7.01732
0.0298415 -0.99744 -0.0649901 19.6749 0.998705 0.0270729 0.0430719 231.886 -0.0412021 -0.0661912 0.996956 -7.0494
0.0276381 -0.997608 -0.0633593 19.7042 0.999002 0.0253409 0.0367773 233.014 -0.0350838 -0.0643126 0.997313 -7.07888
0.0256898 -0.997902 -0.059433 19.7226 0.9992 0.0238087 0.0321454 234.184 -0.030663 -0.0602112 0.997715 -7.10476
0.0230949 -0.998279 -0.0538993 19.7506 0.999258 0.0213873 0.0320466 235.377 -0.0308387 -0.0545994 0.998032 -7.12093
0.0205371 -0.998641 -0.0478974 19.7771 0.999179 0.018828 0.0358635 236.567 -0.034913 -0.0485946 0.998208 -7.15252
0.0184595 -0.998821 -0.044889 19.7865 0.999131 0.01675 0.038165 237.758 -0.0373681 -0.0455545 0.998263 -7.1958
0.0164986 -0.998859 -0.0448163 19.8091 0.999178 0.0148103 0.0377459 238.951 -0.037039 -0.0454022 0.998282 -7.216
0.0142634 -0.998899 -0.0446996 19.8368 0.999199 0.012568 0.0379828 240.169 -0.0373792 -0.0452056 0.998278 -7.2568
0.0118041 -0.998975 -0.0436895 19.8347 0.999173 0.0100837 0.0393907 241.394 -0.0389098 -0.0441183 0.998268 -7.29364
0.00999659 -0.99904 -0.0426507 19.8373 0.999193 0.00832017 0.039304 242.611 -0.0389114 -0.0430091 0.998317 -7.32369
0.00746259 -0.999056 -0.042788 19.842 0.999263 0.00583915 0.0379416 243.83 -0.0376559 -0.0430396 0.998363 -7.35829
0.00534011 -0.999046 -0.0433534 19.8387 0.99929 0.00371454 0.0374903 245.062 -0.0372935 -0.0435228 0.998356 -7.38736
0.00294622 -0.99904 -0.0437009 19.8341 0.999263 0.00126813 0.0383775 246.309 -0.0382852 -0.0437818 0.998307 -7.42992
0.000799879 -0.999029 -0.0440461 19.8305 0.999242 -0.000915681 0.0389152 247.563 -0.0389178 -0.0440438 0.998271 -7.4571
-0.00118546 -0.998975 -0.0452452 19.8182 0.999205 -0.00298615 0.0397517 248.827 -0.0398461 -0.0451621 0.998185 -7.49183
-0.00341558 -0.998922 -0.0462902 19.7892 0.999134 -0.00532885 0.041272 250.072 -0.0414742 -0.0461091 0.998075 -7.52767
-0.00493275 -0.998816 -0.0484057 19.7796 0.999088 -0.00697605 0.0421343 251.339 -0.0424221 -0.0481537 0.997939 -7.56393
-0.00502558 -0.998665 -0.0514144 19.7755 0.999057 -0.00723152 0.0428094 252.6 -0.043124 -0.0511508 0.997759 -7.60388
-0.00500514 -0.998602 -0.0526186 19.7541 0.999039 -0.00728431 0.0432127 253.863 -0.0435356 -0.0523518 0.997679 -7.63229
-0.00513784 -0.998654 -0.0516099 19.7318 0.999079 -0.00732452 0.04227 255.117 -0.0425911 -0.0513452 0.997772 -7.66394
-0.00506586 -0.998773 -0.0492714 19.7289 0.999144 -0.00707896 0.0407691 256.363 -0.0410679 -0.0490226 0.997953 -7.70364
-0.00544468 -0.998839 -0.0478566 19.7131 0.999146 -0.00739419 0.0406542 257.62 -0.0409609 -0.0475944 0.998027 -7.73564
-0.00529027 -0.99886 -0.0474396 19.683 0.99912 -0.0072533 0.0413035 258.882 -0.0416005 -0.0471794 0.99802 -7.77316
-0.00497605 -0.998885 -0.0469512 19.6694 0.999131 -0.00690985 0.0411154 260.125 -0.041394 -0.0467058 0.998051 -7.81103
-0.00432153 -0.998926 -0.0461249 19.6671 0.999108 -0.00625082 0.0417657 261.403 -0.0420092 -0.0459033 0.998062 -7.84565
-0.0045828 -0.998991 -0.0446661 19.66 0.999071 -0.00648846 0.0426135 262.646 -0.0428604 -0.0444293 0.998093 -7.87225
-0.00489738 -0.999192 -0.0398968 19.6531 0.99897 -0.00668849 0.0448845 263.896 -0.0451151 -0.0396359 0.998195 -7.90731
-0.00468958 -0.999348 -0.0358071 19.6454 0.998816 -0.00641506 0.0482265 265.152 -0.0484247 -0.0355386 0.998194 -7.94533
-0.0046817 -0.999432 -0.0333594 19.6557 0.998691 -0.00637225 0.0507524 266.386 -0.0509362 -0.0330781 0.998154 -7.99329
-0.00452327 -0.999403 -0.0342501 19.6325 0.99874 -0.00622687 0.0497979 267.623 -0.0499815 -0.0339817 0.998172 -8.02252
-0.00429858 -0.999323 -0.0365414 19.6112 0.998822 -0.00605699 0.0481474 268.864 -0.0483361 -0.0362914 0.998172 -8.06918
-0.00440563 -0.999092 -0.0423868 19.589 0.998686 -0.00655975 0.0508165 270.096 -0.0510484 -0.0421073 0.997808 -8.11738
-0.00387879 -0.998865 -0.0474786 19.5744 0.998364 -0.00657674 0.0568008 271.354 -0.0570486 -0.0471806 0.997256 -8.17831
-0.00351878 -0.998687 -0.0511144 19.5543 0.998345 -0.00644209 0.0571399 272.579 -0.0573941 -0.0508288 0.997057 -8.2241
-0.00374803 -0.998636 -0.0520863 19.5399 0.998717 -0.00636861 0.0502378 273.812 -0.050501 -0.0518312 0.997378 -8.26949
-0.00419043 -0.998764 -0.0495279 19.5271 0.998993 -0.00639384 0.0444138 275.046 -0.0446756 -0.0492919 0.997785 -8.3056
-0.00493848 -0.999023 -0.0439173 19.5143 0.999046 -0.00683467 0.0431317 276.268 -0.0433898 -0.0436624 0.998104 -8.34836
-0.00396843 -0.999204 -0.0397041 19.5083 0.998982 -0.00574524 0.0447379 277.487 -0.0449303 -0.0394861 0.998209 -8.38183
-0.00213762 -0.99922 -0.0394338 19.5067 0.998909 -0.00397365 0.0465404 278.733 -0.0466608 -0.0392913 0.998138 -8.42142
-0.00129038 -0.999203 -0.0398836 19.4895 0.998791 -0.00324781 0.0490527 279.964 -0.0491432 -0.0397721 0.998 -8.45852
0.000105839 -0.999158 -0.0410168 19.4725 0.998711 -0.00197639 0.0507214 281.194 -0.0507598 -0.0409693 0.99787 -8.50867
0.000787183 -0.999133 -0.0416342 19.4669 0.998663 -0.00136645 0.0516738 282.416 -0.0516858 -0.0416192 0.997796 -8.5575
0.00163887 -0.999138 -0.0414891 19.4618 0.998689 -0.000487293 0.0511844 283.628 -0.0511605 -0.0415186 0.997827 -8.58928
0.00193405 -0.999106 -0.0422291 19.4566 0.998778 -0.000155536 0.0494229 284.861 -0.0493852 -0.042273 0.997885 -8.64028
0.00189889 -0.999118 -0.0419425 19.4557 0.998829 -0.000132727 0.0483822 286.085 -0.0483451 -0.0419853 0.997948 -8.67921
0.00208218 -0.999095 -0.0424768 19.4501 0.998845 3.85384e-05 0.0480561 287.294 -0.048011 -0.0425277 0.997941 -8.72601
0.0026429 -0.999084 -0.0427052 19.4535 0.998848 0.000591266 0.047983 288.539 -0.0479138 -0.0427828 0.997935 -8.76785
0.00271298 -0.999051 -0.0434706 19.4394 0.99883 0.000608586 0.0483498 289.746 -0.0482775 -0.0435509 0.997884 -8.80586
0.00307972 -0.999076 -0.0428784 19.4307 0.998816 0.000991905 0.0486279 290.996 -0.0485405 -0.0429774 0.997896 -8.8499
0.00288448 -0.999081 -0.0427619 19.4272 0.998887 0.000865119 0.0471669 292.201 -0.0470866 -0.0428503 0.997971 -8.88739
0.002831 -0.999079 -0.0428188 19.4289 0.999009 0.000923226 0.044509 293.437 -0.0444285 -0.0429023 0.998091 -8.92533
0.00257995 -0.99903 -0.0439618 19.4266 0.999123 0.000738087 0.0418617 294.654 -0.0417886 -0.0440313 0.998156 -8.96113
0.00225246 -0.998972 -0.045285 19.4182 0.999186 0.000424623 0.0403322 295.881 -0.0402715 -0.045339 0.99816 -8.99428
0.0019358 -0.998823 -0.0484579 19.4062 0.999181 -2.62112e-05 0.0404557 297.113 -0.0404093 -0.0484965 0.998006 -9.02935
0.00220706 -0.998682 -0.0512832 19.3948 0.999135 7.22502e-05 0.0415923 298.346 -0.0415338 -0.0513307 0.997818 -9.06652
0.00181495 -0.998496 -0.0547899 19.3893 0.999092 -0.000522205 0.0426121 299.579 -0.0425767 -0.0548175 0.997588 -9.09727
0.00184425 -0.998402 -0.0564837 19.3812 0.999084 -0.000575232 0.0427889 300.825 -0.042753 -0.0565109 0.997486 -9.14485
0.00160976 -0.998406 -0.056413 19.373 0.999153 -0.000714332 0.0411534 302.031 -0.0411281 -0.0564314 0.997559 -9.16986
0.000576926 -0.998508 -0.054606 19.3713 0.999245 -0.00154583 0.0388237 303.266 -0.0388502 -0.0545872 0.997753 -9.20358
-0.000369342 -0.998676 -0.0514395 19.3709 0.999265 -0.0023398 0.0382514 304.528 -0.0383211 -0.0513876 0.997943 -9.23275
