1 0 0 0 0 1 0 0 0 0 1 0
0.999995 -0.00300141 -0.000540015 0.709684 0.00300067 0.999995 -0.0013663 0.00955941 0.000544112 0.00136467 0.999999 0.0127618
0.999975 -0.00697928 -0.00140493 1.40601 0.00697837 0.999975 -0.000650668 0.00970892 0.00140943 0.000640847 0.999999 0.02042
0.999935 -0.0110336 -0.00276646 2.13963 0.0110321 0.999939 -0.000579863 0.0121113 0.00277268 0.000549306 0.999996 0.0144833
0.999866 -0.0158994 -0.00378537 2.86757 0.0159022 0.999873 0.000711595 0.0361549 0.00377358 -0.000771695 0.999993 0.0198681
0.999787 -0.0203192 -0.00358509 3.58722 0.0203182 0.999794 -0.000327235 0.054396 0.003591 0.000254323 0.999994 0.0173811
0.999684 -0.0247145 -0.00454145 4.34401 0.0247201 0.999694 0.00116649 0.0787672 0.00451123 -0.00127839 0.999989 0.0303293
0.999542 -0.0297676 -0.0053595 5.13702 0.0297887 0.999549 0.0039104 0.133259 0.00524068 -0.00406826 0.999978 0.0439661
0.999394 -0.0344629 -0.00493394 5.93734 0.0344897 0.99939 0.00545449 0.141308 0.00474295 -0.00562135 0.999973 0.041195
0.999234 -0.0390467 -0.00260983 6.74754 0.0390607 0.999222 0.00552502 0.197108 0.00239206 -0.00562273 0.999981 0.0552556
0.999118 -0.0419995 -0.000177127 7.55408 0.0419999 0.999107 0.00453496 0.219979 -1.34972e-05 -0.00453839 0.99999 0.0544998
0.998994 -0.044852 -0.000149037 8.36753 0.0448522 0.998982 0.00478623 0.259981 -6.57869e-05 -0.0047881 0.999989 0.0565503
0.998895 -0.0469841 -0.00066597 9.18306 0.0469866 0.998886 0.00435532 0.311066 0.000460597 -0.0043818 0.99999 0.0463128
0.998814 -0.0486897 -0.000916118 10.0052 0.0486922 0.99881 0.00291983 0.347407 0.000772862 -0.00296097 0.999995 0.0643182
0.998704 -0.0508939 -0.000530994 10.8578 0.0508953 0.9987 0.00295314 0.400279 0.000380007 -0.00297634 0.999995 0.0683888
0.998637 -0.0521831 -0.000303786 11.7204 0.0521829 0.998637 -0.000461732 0.443056 0.000327466 0.00044525 1 0.070532
0.998548 -0.0538185 -0.00240519 12.5958 0.0538236 0.998548 0.00211679 0.482185 0.00228777 -0.00224317 0.999995 0.0824076
0.998444 -0.0555498 -0.00485581 13.4665 0.0555656 0.99845 0.00316476 0.545523 0.00467249 -0.00342966 0.999983 0.092831
0.99836 -0.0568281 -0.00691181 14.3483 0.0568767 0.998356 0.00705524 0.606079 0.00649951 -0.00743679 0.999951 0.10144
0.998294 -0.0579913 -0.00673447 15.2219 0.0580467 0.998279 0.00834891 0.653701 0.00623871 -0.00872559 0.999942 0.109805
0.998217 -0.0594517 -0.00536858 16.1304 0.0594919 0.998199 0.00766212 0.70813 0.00490339 -0.00796784 0.999956 0.112494
0.998139 -0.0608289 -0.00439496 17.0071 0.0608561 0.998126 0.00634209 0.774107 0.00400094 -0.00659775 0.99997 0.129447
0.99809 -0.0616446 -0.0039511 17.9197 0.0616697 0.998075 0.00659731 0.840429 0.00353681 -0.00682837 0.99997 0.151633
0.997983 -0.0633016 -0.00469205 18.8398 0.0633306 0.997973 0.00632202 0.903236 0.00428234 -0.00660642 0.999969 0.144393
0.99792 -0.0642701 -0.00493048 19.7544 0.0643022 0.997908 0.00664421 0.952156 0.00449314 -0.00694743 0.999966 0.158985
0.99787 -0.0651115 -0.00396441 20.6692 0.0651337 0.99786 0.00576394 1.02632 0.00358063 -0.00600988 0.999976 0.175968
0.997885 -0.0650094 -0.000258556 21.6162 0.0650097 0.997865 0.00619421 1.09333 -0.000144677 -0.00619791 0.999981 0.167703
0.997923 -0.0643299 0.00347052 22.5392 0.0643051 0.997907 0.00683069 1.15996 -0.00390267 -0.00659333 0.999971 0.176759
0.998009 -0.0627423 0.0063846 23.4946 0.0627043 0.998014 0.00599342 1.21904 -0.00674796 -0.00558115 0.999962 0.184868
0.998105 -0.0611211 0.00718114 24.4277 0.0611012 0.998127 0.00295513 1.28088 -0.00734831 -0.00251075 0.99997 0.179956
0.99821 -0.0596155 0.00478023 25.3751 0.0595953 0.998214 0.00426431 1.33626 -0.00502591 -0.0039718 0.999979 0.181958
0.998292 -0.0584222 -0.00022598 26.3436 0.0584219 0.998251 0.00899296 1.40001 -0.000299804 -0.0089908 0.99996 0.195673
0.998352 -0.0572911 -0.00341465 27.2901 0.057322 0.998308 0.00977569 1.45535 0.00284882 -0.00995531 0.999946 0.208979
0.998392 -0.0566392 -0.00216095 28.2507 0.0566537 0.998367 0.00738124 1.51708 0.00173935 -0.0074918 0.99997 0.215806
0.998394 -0.0565683 0.00322304 29.2252 0.0565645 0.998398 0.00126005 1.57488 -0.00328915 -0.00107572 0.999994 0.204036
0.998323 -0.0574679 0.00696929 30.2097 0.0574983 0.998337 -0.00424208 1.64417 -0.00671391 0.00463569 0.999967 0.208766
0.998281 -0.0582236 0.0067199 31.1935 0.0582955 0.998238 -0.0110527 1.68245 -0.00606453 0.0114255 0.999916 0.216073
0.998199 -0.0599002 0.0031894 32.174 0.0599328 0.998138 -0.0113804 1.7376 -0.00250177 0.011551 0.99993 0.225168
0.998108 -0.0614766 -0.000904541 33.1603 0.0614676 0.998078 -0.00787236 1.80152 0.00138677 0.00780187 0.999969 0.247235
0.997993 -0.0632997 -0.00188178 34.1483 0.0632841 0.997968 -0.00745167 1.86649 0.00234964 0.00731763 0.99997 0.236972
0.997946 -0.0640552 -0.000163324 35.1686 0.06405 0.997893 -0.0103371 1.93458 0.000825122 0.0103054 0.999947 0.25225
0.997879 -0.0650586 0.0023763 36.1788 0.0650781 0.997836 -0.00937477 2.00477 -0.00176125 0.00950953 0.999953 0.247008
0.997784 -0.0664482 0.00355448 37.1814 0.0664665 0.997775 -0.00531095 2.09048 -0.00319367 0.00553543 0.99998 0.263377
0.997706 -0.067441 0.00594936 38.1747 0.0674774 0.997702 -0.00614844 2.17235 -0.00552103 0.00653578 0.999963 0.263317
0.997665 -0.0677243 0.00877865 39.2079 0.0677697 0.997689 -0.00498184 2.24087 -0.00842096 0.00556514 0.999949 0.2838
0.997616 -0.0681334 0.0109279 40.1924 0.0681765 0.997667 -0.0036183 2.31651 -0.0106559 0.00435471 0.999934 0.267727
0.997621 -0.0681632 0.0103155 41.1823 0.0681713 0.997674 -0.000430801 2.38566 -0.0102621 0.001133 0.999947 0.28261
0.997637 -0.0681632 0.00860649 42.1602 0.0681812 0.997671 -0.00180882 2.45956 -0.00846315 0.00239134 0.999961 0.278108
0.997666 -0.0679983 0.00621389 43.1934 0.0679802 0.997682 0.0030746 2.5325 -0.00640855 -0.00264501 0.999976 0.284669
0.997608 -0.068856 0.00615599 44.1588 0.0688359 0.997622 0.00341557 2.60573 -0.00637653 -0.00298365 0.999975 0.28998
0.997515 -0.0700256 0.0077607 45.1507 0.0700444 0.997541 -0.00217953 2.67813 -0.007589 0.00271771 0.999968 0.280762
0.997438 -0.0710004 0.00868673 46.1585 0.0710158 0.997474 -0.00147522 2.75352 -0.00856005 0.00208833 0.999961 0.282024
0.997425 -0.0714342 0.00636147 47.1195 0.0714515 0.997441 -0.00253625 2.83252 -0.00616402 0.00298426 0.999977 0.29226
0.997391 -0.0721891 0.000374397 48.0949 0.0721859 0.997376 0.0055437 2.9032 -0.00077361 -0.00550221 0.999985 0.307585
0.997368 -0.0725066 -0.000310282 49.0513 0.0725072 0.997349 0.00621403 2.97767 -0.000141099 -0.00622017 0.999981 0.322697
0.997319 -0.0731214 0.0028757 50.0321 0.0731161 0.997322 0.00190686 3.05542 -0.00300743 -0.00169149 0.999994 0.309684
0.997315 -0.07292 0.00674734 51.0214 0.0729301 0.997336 -0.0012536 3.11507 -0.00663795 0.00174232 0.999976 0.324288
0.997278 -0.0733827 0.00713975 51.9824 0.0734008 0.9973 -0.00229766 3.1939 -0.00695186 0.00281547 0.999972 0.324284
0.997281 -0.073408 0.00645877 52.939 0.0734385 0.997289 -0.00461175 3.2683 -0.00610272 0.00507353 0.999969 0.336127
0.997278 -0.0735239 0.0055293 53.9167 0.0735627 0.997265 -0.00717086 3.33114 -0.00498695 0.00755809 0.999959 0.350573
0.997182 -0.074759 0.00618234 54.8671 0.0748059 0.997168 -0.00774106 3.40244 -0.00558612 0.00818173 0.999951 0.354213
0.99709 -0.0754669 0.0108179 55.8363 0.0755877 0.997076 -0.011227 3.48475 -0.009939 0.012012 0.999878 0.355577
0.996962 -0.0762428 0.0159353 56.7809 0.0764788 0.996962 -0.0147655 3.56082 -0.0147611 0.0159393 0.999764 0.363101
0.996862 -0.0770582 0.0181039 57.7075 0.0772941 0.996927 -0.0127102 3.6253 -0.0170688 0.0140696 0.999755 0.343336
0.99683 -0.0781564 0.0148872 58.6662 0.0783519 0.996841 -0.0130366 3.72153 -0.0138213 0.0141617 0.999804 0.347442
0.996774 -0.0799621 0.00697506 59.5828 0.0800202 0.996757 -0.00848985 3.79438 -0.00627357 0.0090206 0.99994 0.354268
0.996734 -0.0807341 0.00164794 60.4689 0.0807434 0.996713 -0.00667609 3.86913 -0.00110353 0.00678735 0.999976 0.36844
0.996648 -0.0818006 0.00153837 61.3976 0.0818037 0.996646 -0.00211735 3.95041 -0.00136001 0.00223609 0.999997 0.362514
0.996588 -0.0824497 0.00380916 62.3102 0.0824482 0.996595 0.000562722 4.03488 -0.00384259 -0.000246743 0.999993 0.37351
0.996483 -0.0836177 0.00539089 63.1829 0.0836208 0.996498 -0.000350399 4.11561 -0.00534271 0.000799957 0.999985 0.380488
0.996385 -0.0848116 0.00490084 64.0862 0.0848048 0.996396 0.00158651 4.20156 -0.00501773 -0.00116516 0.999987 0.389014
0.99627 -0.0860904 0.0058113 64.9038 0.0860652 0.99628 0.00445908 4.2904 -0.00617356 -0.0039423 0.999973 0.393817
0.99613 -0.0876563 0.00641236 65.7498 0.0876144 0.996133 0.00655026 4.35997 -0.00696173 -0.00596309 0.999958 0.407565
0.995985 -0.0892625 0.00672539 66.5761 0.0892301 0.995999 0.00498368 4.42951 -0.00714333 -0.00436357 0.999965 0.416865
0.995876 -0.0904365 0.00723344 67.3862 0.0903923 0.995887 0.00622445 4.51623 -0.0077666 -0.00554493 0.999954 0.434211
0.995748 -0.0916066 0.00972894 68.2057 0.0915484 0.995781 0.00627249 4.59439 -0.0102625 -0.00535515 0.999933 0.419158
0.995567 -0.0930768 0.0135075 68.9981 0.0929802 0.995639 0.00761498 4.67662 -0.0141573 -0.0063253 0.99988 0.418059
0.995377 -0.0948234 0.0152924 69.7675 0.0947035 0.99547 0.00838054 4.76857 -0.0160178 -0.00689356 0.999848 0.413773
0.995306 -0.0960531 0.0117877 70.5253 0.095943 0.995341 0.00957561 4.85224 -0.0126525 -0.00839972 0.999885 0.425492
0.995252 -0.0972402 0.00412576 71.2255 0.0971631 0.99514 0.0159632 4.91206 -0.00565798 -0.0154866 0.999864 0.440955
0.995135 -0.0985077 -0.00165527 71.9595 0.0985212 0.995036 0.0140682 5.00026 0.000261232 -0.0141628 0.9999 0.442591
0.995091 -0.0989017 -0.00348163 72.6221 0.0989511 0.994902 0.0194839 5.06705 0.00153688 -0.0197328 0.999804 0.44872
0.995033 -0.0995411 -0.000385151 73.3188 0.0995334 0.994891 0.0168544 5.142 -0.00129452 -0.016809 0.999858 0.460187
0.994879 -0.101052 0.00224885 73.9966 0.101008 0.994775 0.0148303 5.22573 -0.00373573 -0.0145272 0.999887 0.465729
0.994812 -0.101727 -0.000227906 74.601 0.101722 0.994736 0.0123812 5.27938 -0.00103279 -0.0123401 0.999923 0.47368
0.994797 -0.101774 -0.00455533 75.214 0.101799 0.994789 0.00559142 5.34526 0.00396253 -0.00602605 0.999974 0.492957
0.994892 -0.100536 -0.0090697 75.8168 0.100579 0.994919 0.00447109 5.40389 0.00857412 -0.00536048 0.999949 0.505043
0.99518 -0.0975788 -0.009762 76.3744 0.0976408 0.995203 0.0060875 5.46381 0.00912116 -0.00701133 0.999934 0.511315
0.995582 -0.0935844 -0.00764086 76.9605 0.0936504 0.995566 0.00878823 5.52419 0.00678454 -0.00946497 0.999932 0.508897
0.996034 -0.0888722 -0.00420114 77.5208 0.0889015 0.996013 0.00740379 5.5709 0.00352639 -0.00774792 0.999964 0.513148
0.996513 -0.083434 0.00022643 78.0618 0.083432 0.996502 0.00473672 5.61033 -0.000620841 -0.00470132 0.999989 0.540885
0.997153 -0.0752691 0.00446129 78.584 0.0752715 0.997163 -0.000371275 5.6369 -0.00442069 0.000706026 0.99999 0.559879
0.997889 -0.0647845 0.00443042 79.0823 0.0647767 0.997898 0.00188184 5.67715 -0.00454302 -0.00159088 0.999988 0.565456
0.998754 -0.0497729 0.00371712 79.5927 0.0497419 0.99873 0.00802661 5.7074 -0.0041119 -0.0078317 0.999961 0.57157
0.999498 -0.0313881 0.00428395 80.0952 0.0313275 0.999417 0.0135454 5.72754 -0.00470662 -0.0134044 0.999899 0.565455
0.999941 -0.00959381 0.00506892 80.5697 0.00953199 0.999882 0.0120827 5.72758 -0.00518424 -0.0120337 0.999914 0.575183
0.99984 0.0165927 0.00662451 81.031 -0.0166486 0.999826 0.00846767 5.71404 -0.00648285 -0.00857661 0.999942 0.580427
0.998904 0.0458935 0.00921199 81.4778 -0.0459617 0.998916 0.00732588 5.68321 -0.0088658 -0.00774125 0.999931 0.585106
0.996821 0.0789467 0.0107585 81.9386 -0.0790261 0.996847 0.00716294 5.63918 -0.0101591 -0.00799037 0.999916 0.589321
0.993136 0.116334 0.0121487 82.3736 -0.116416 0.99318 0.00630831 5.56665 -0.011332 -0.00767931 0.999906 0.583584
0.987311 0.158259 0.0130482 82.7916 -0.158364 0.987353 0.00744333 5.50359 -0.0117052 -0.00941524 0.999887 0.5895
0.978948 0.203648 0.0137425 83.2104 -0.203757 0.978996 0.00708731 5.41132 -0.0120106 -0.00973825 0.99988 0.589366
0.967697 0.251789 0.012796 83.6357 -0.251908 0.967713 0.00862482 5.26496 -0.0102112 -0.0115696 0.999881 0.583332
0.95232 0.304866 0.0119712 84.004 -0.304977 0.952319 0.00883266 5.15671 -0.00870766 -0.0120625 0.999889 0.590714
0.933014 0.359666 0.0111721 84.4033 -0.35976 0.93301 0.00800883 4.94557 -0.00754317 -0.0114916 0.999906 0.594056
0.908807 0.417089 0.0103042 84.7493 -0.417179 0.908778 0.00914982 4.78338 -0.0055479 -0.0126141 0.999905 0.599241
0.880213 0.474496 0.00887776 85.0757 -0.474572 0.880145 0.0112324 4.57422 -0.00248399 -0.0141 0.999898 0.597706
0.847581 0.530611 0.00759438 85.4141 -0.530659 0.847554 0.00724183 4.30227 -0.00259405 -0.0101681 0.999945 0.599433
0.810865 0.58519 0.00715705 85.6885 -0.585233 0.810823 0.00830804 4.08616 -0.000941316 -0.0109252 0.99994 0.603928
0.771556 0.636097 0.00901523 85.9945 -0.63615 0.771549 0.00504872 3.77267 -0.00374421 -0.00963041 0.999947 0.606389
0.728638 0.684811 0.0109909 86.253 -0.684886 0.72863 0.00550619 3.54192 -0.00423759 -0.0115395 0.999924 0.607088
0.68378 0.729595 0.0116412 86.4925 -0.72968 0.683761 0.00617762 3.2479 -0.00345264 -0.0127185 0.999913 0.606838
0.63746 0.770439 0.00828303 86.7217 -0.770481 0.637447 0.00445733 2.87909 -0.00184589 -0.00922328 0.999956 0.621611
0.590735 0.806837 0.00680715 86.903 -0.806855 0.59075 -0.000217393 2.60267 -0.00419672 -0.00536396 0.999977 0.63819
0.543816 0.839178 0.006644 87.0931 -0.839201 0.54382 0.00146386 2.24754 -0.0023847 -0.00637172 0.999977 0.634026
0.496914 0.86775 0.00926719 87.2523 -0.867799 0.496893 0.00463281 1.94797 -0.000584681 -0.0103442 0.999946 0.628187
0.451215 0.892359 0.010072 87.3959 -0.892415 0.451182 0.00546802 1.60399 0.000335113 -0.0114557 0.999934 0.620647
0.408629 0.912691 0.00421357 87.5389 -0.912699 0.408616 0.00367626 1.22407 0.00163356 -0.00534795 0.999984 0.608321
0.369202 0.929326 -0.00652085 87.6228 -0.929347 0.369177 -0.00470599 0.896217 -0.00196605 0.00779759 0.999968 0.661481
0.333655 0.942629 -0.011217 87.7186 -0.942687 0.333577 -0.00826463 0.532691 -0.00404875 0.0133316 0.999903 0.652172
0.299945 0.953915 -0.00889509 87.8315 -0.953956 0.299921 -0.00392566 0.149565 -0.00107693 0.00966301 0.999953 0.677613
0.269152 0.963097 -0.000742794 87.9413 -0.96309 0.269153 0.00379054 -0.193265 0.00385058 -0.000304854 0.999993 0.660308
0.240775 0.970571 0.00439511 88.028 -0.970564 0.24074 0.00710614 -0.564176 0.00583893 -0.00597671 0.999965 0.640673
0.214496 0.97672 0.00298486 88.1072 -0.976688 0.21446 0.00933263 -0.978505 0.00847523 -0.00491709 0.999952 0.665611
0.191258 0.981533 -0.0037342 88.1611 -0.981493 0.191284 0.00901203 -1.36942 0.0095599 0.00194147 0.999952 0.662672
0.170456 0.985298 -0.0115172 88.2257 -0.98525 0.170603 0.0133015 -1.76465 0.0150708 0.00908002 0.999845 0.668126
0.150287 0.988552 -0.0133663 88.2829 -0.988361 0.150553 0.0218325 -2.20792 0.0235949 0.00992955 0.999672 0.674438
0.132777 0.991089 -0.0106518 88.3279 -0.990813 0.133003 0.0245076 -2.62794 0.025706 0.00729987 0.999643 0.683555
0.117316 0.993057 -0.00864233 88.3918 -0.992903 0.117459 0.0186124 -3.08412 0.0194983 0.00639748 0.999789 0.676936
0.102597 0.994696 -0.00727623 88.4347 -0.994611 0.102692 0.0142385 -3.55564 0.0149102 0.0057762 0.999872 0.694123
0.0893885 0.995951 -0.00958245 88.4842 -0.9959 0.0895099 0.0130954 -4.0374 0.0139001 0.00837259 0.999868 0.71828
0.0768021 0.996959 -0.0131838 88.4744 -0.996994 0.0769267 0.00921196 -4.54291 0.0101981 0.0124367 0.999871 0.704391
0.0673693 0.997597 -0.0161815 88.5344 -0.997655 0.0675517 0.0110027 -5.06343 0.0120694 0.0154023 0.999809 0.724887
0.0589863 0.998096 -0.0180137 88.5733 -0.998175 0.0592056 0.011897 -5.57535 0.0129408 0.0172791 0.999767 0.738699
0.0531069 0.998391 -0.019861 88.589 -0.998503 0.0533524 0.0120424 -6.12075 0.0130827 0.0191917 0.99973 0.739013
0.0474724 0.998659 -0.0206433 88.6276 -0.998782 0.0477361 0.0124762 -6.68671 0.0134449 0.0200259 0.999709 0.741312
0.0415166 0.998931 -0.0203089 88.6387 -0.999037 0.0417921 0.0133328 -7.26725 0.0141673 0.0197358 0.999705 0.750854
0.0371042 0.999042 -0.0231925 88.6516 -0.999203 0.0374325 0.0138844 -7.88592 0.0147393 0.0226588 0.999635 0.767257
0.0340951 0.999143 -0.0234568 88.6851 -0.999315 0.0344199 0.0135841 -8.50621 0.0143798 0.0229776 0.999633 0.775677
0.0307788 0.999239 -0.0239408 88.7014 -0.999427 0.0311049 0.0133703 -9.1418 0.0141048 0.0235155 0.999624 0.791077
0.0286815 0.999193 -0.0281308 88.7072 -0.99949 0.0290632 0.0132542 -9.7807 0.0140611 0.0277363 0.999516 0.799361
0.027504 0.999142 -0.0309544 88.7167 -0.999526 0.0279165 0.0129714 -10.4801 0.0138244 0.030583 0.999437 0.81832
0.0287562 0.998961 -0.0353457 88.7417 -0.999494 0.0292167 0.0125828 -11.1612 0.0136024 0.034966 0.999296 0.827773
0.0306399 0.998846 -0.0369769 88.746 -0.99944 0.0311128 0.01228 -11.8779 0.0134163 0.03658 0.999241 0.82793
0.0341235 0.99871 -0.0375924 88.773 -0.999321 0.0346203 0.0126443 -12.5986 0.0139294 0.0371354 0.999213 0.853774
0.0384786 0.998403 -0.0413671 88.8242 -0.999165 0.0390116 0.0121553 -13.3457 0.0137497 0.0408649 0.99907 0.865137
0.0429 0.998191 -0.042111 88.8476 -0.998996 0.0434023 0.0110863 -14.0981 0.012894 0.0415932 0.999051 0.879388
0.0469292 0.998004 -0.0422549 88.8977 -0.998834 0.0473655 0.00938298 -14.8889 0.0113657 0.0417653 0.999063 0.893924
0.0511992 0.997884 -0.0400773 88.9559 -0.998641 0.0515457 0.00765993 -15.6568 0.00970953 0.0396307 0.999167 0.889145
0.0554888 0.997706 -0.038776 88.9978 -0.998419 0.0557931 0.00681008 -16.4665 0.00895789 0.0383368 0.999225 0.89648
0.0593921 0.997648 -0.0342303 89.0505 -0.998189 0.0596841 0.00757161 -17.2764 0.0095968 0.0337186 0.999385 0.921682
0.062622 0.997489 -0.0330739 89.1298 -0.997956 0.0630062 0.0107055 -18.0588 0.0127625 0.0323359 0.999396 0.943168
0.064024 0.997576 -0.0272513 89.1874 -0.997786 0.0644819 0.0162719 -18.8957 0.0179897 0.0261492 0.999496 0.948284
0.0639456 0.997669 -0.0238132 89.2251 -0.997738 0.0644092 0.0192362 -19.721 0.0207252 0.0225293 0.999531 0.970542
0.0641252 0.997738 -0.0201465 89.298 -0.997739 0.0645063 0.0188742 -20.5236 0.0201311 0.0188906 0.999619 0.993135
0.064286 0.997705 -0.0212434 89.3526 -0.997758 0.0646574 0.0172824 -21.3548 0.0186163 0.0200847 0.999625 1.01412
0.0642096 0.997738 -0.0198885 89.4056 -0.997778 0.0645414 0.0165178 -22.1769 0.0177641 0.0187837 0.999666 1.04561
0.0648256 0.997629 -0.023099 89.491 -0.997752 0.0651924 0.0154997 -23.0113 0.0169689 0.0220423 0.999613 1.05997
0.0651633 0.997685 -0.0194712 89.5385 -0.99773 0.0654742 0.0157754 -23.8198 0.0170138 0.018399 0.999686 1.09008
0.0650588 0.997804 -0.0124273 89.6006 -0.997727 0.0652629 0.016794 -24.6409 0.0175682 0.0113065 0.999782 1.11159
0.0640649 0.997901 -0.00941724 89.6487 -0.997781 0.0642228 0.0175462 -25.4676 0.0181142 0.00827225 0.999802 1.14293
0.0611932 0.998098 -0.00749487 89.7029 -0.997966 0.0613161 0.0174503 -26.2794 0.0178766 0.00641179 0.99982 1.15278
0.0575646 0.998317 -0.00700872 89.7753 -0.998203 0.0576723 0.0162739 -27.0727 0.0166508 0.00605932 0.999843 1.17741
0.0528585 0.998585 -0.00583339 89.8243 -0.998499 0.0529362 0.0140766 -27.8863 0.0143654 0.00508057 0.999884 1.20472
0.0467056 0.998902 -0.0035396 89.8714 -0.998833 0.0467453 0.0121108 -28.725 0.012263 0.00296982 0.99992 1.22604
0.0389644 0.999236 -0.00307215 89.9144 -0.999168 0.0389985 0.0119344 -29.5383 0.0120451 0.00260458 0.999924 1.25477
0.0300718 0.999547 0.00123779 89.953 -0.99947 0.030054 0.0125205 -30.3322 0.0124776 -0.00161365 0.999921 1.26575
0.0200975 0.999796 0.00214413 89.9542 -0.999714 0.020068 0.0129749 -31.148 0.0129292 -0.00240428 0.999914 1.28778
0.00989303 0.99995 -0.00121334 89.9764 -0.999877 0.00990707 0.0121635 -31.9315 0.012175 0.00109286 0.999925 1.30079
-0.000881104 0.999998 0.00167105 89.974 -0.999941 -0.000899173 0.0108428 -32.7369 0.0108443 -0.0016614 0.99994 1.31096
-0.0117028 0.999931 -0.000757481 89.9705 -0.999881 -0.0116945 0.0101014 -33.5161 0.0100919 0.000875605 0.999949 1.33596
-0.0229161 0.999737 -0.000665332 89.9593 -0.999686 -0.0229081 0.0101795 -34.3121 0.0101615 0.000898396 0.999948 1.35676
-0.0338368 0.999427 -0.000516666 89.9256 -0.999376 -0.0338298 0.0102005 -35.0806 0.0101772 0.000861496 0.999948 1.3729
-0.0447332 0.998999 0.000451701 89.8976 -0.998938 -0.0447354 0.0110514 -35.869 0.0110605 4.31426e-05 0.999939 1.38784
-0.0546682 0.998504 0.000746791 89.8557 -0.998434 -0.0546732 0.011826 -36.6405 0.0118492 -9.91151e-05 0.99993 1.41248
-0.0643483 0.997927 -0.000258908 89.8097 -0.997848 -0.0643398 0.0126768 -37.3973 0.0126338 0.00107408 0.99992 1.42431
-0.0742062 0.997241 -0.00217411 89.7557 -0.99716 -0.0741718 0.0130475 -38.1645 0.0128502 0.00313614 0.999913 1.44073
-0.0833533 0.996518 -0.0018914 89.6876 -0.996436 -0.0833215 0.0131477 -38.8975 0.0129443 0.00298056 0.999912 1.46372
-0.0923904 0.995721 -0.00199427 89.6285 -0.995645 -0.0923581 0.012654 -39.6257 0.0124156 0.00315469 0.999918 1.47901
-0.0995909 0.995023 -0.00330912 89.5555 -0.994965 -0.0995464 0.0116289 -40.3533 0.0112416 0.00445059 0.999927 1.49745
-0.104804 0.994476 -0.00577714 89.4662 -0.994449 -0.104744 0.00994967 -41.0856 0.00928959 0.00678785 0.999934 1.51951
-0.108705 0.994024 -0.00998624 89.393 -0.994045 -0.108619 0.00879136 -41.8121 0.00765413 0.0108824 0.999911 1.54108
-0.11182 0.99365 -0.012523 89.3081 -0.993711 -0.111734 0.00734298 -42.5239 0.0058971 0.0132653 0.999895 1.55473
-0.114134 0.993391 -0.0121719 89.2218 -0.99345 -0.114056 0.00692436 -43.2001 0.00549032 0.0128825 0.999902 1.57309
-0.11454 0.993331 -0.0132292 89.1705 -0.993403 -0.114455 0.00704676 -43.8762 0.00548561 0.0139491 0.999888 1.57761
-0.113082 0.993504 -0.0127023 89.0833 -0.993565 -0.112989 0.00788082 -44.5089 0.00639441 0.0135118 0.999888 1.59088
-0.111293 0.993713 -0.012173 89.0111 -0.99376 -0.11119 0.0088244 -45.1837 0.0074154 0.0130792 0.999887 1.61484
-0.105468 0.994333 -0.0133619 88.9577 -0.994387 -0.105341 0.00987578 -45.7776 0.00841225 0.0143285 0.999862 1.62756
-0.097946 0.995095 -0.013864 88.898 -0.995147 -0.0978006 0.010804 -46.39 0.00939511 0.0148549 0.999846 1.63822
-0.0866437 0.996147 -0.0135789 88.8601 -0.996193 -0.0865001 0.0108323 -46.9664 0.00961595 0.0144658 0.999849 1.64831
-0.0726993 0.997265 -0.0133476 88.8225 -0.997298 -0.0725469 0.0115717 -47.5359 0.0105717 0.0141528 0.999844 1.66133
-0.0562083 0.998333 -0.0131466 88.8016 -0.998346 -0.0560402 0.012829 -48.0861 0.0120708 0.0138459 0.999831 1.68196
-0.0351507 0.999303 -0.012547 88.799 -0.999268 -0.0349545 0.0155289 -48.6345 0.0150795 0.0130836 0.999801 1.69734
-0.0103883 0.999897 -0.0099517 88.8093 -0.999771 -0.0101995 0.0188377 -49.1632 0.0187343 0.0101451 0.999773 1.71411
0.0179502 0.999796 -0.00930798 88.8367 -0.99962 0.0181404 0.0207725 -49.6493 0.0209371 0.00893157 0.999741 1.7295
0.0505498 0.998683 -0.00875371 88.8646 -0.998497 0.0507225 0.0207755 -50.1917 0.0211921 0.00769035 0.999746 1.74144
0.0878432 0.996097 -0.00864128 88.9301 -0.995944 0.0879927 0.0187915 -50.7129 0.0194786 0.00695552 0.999786 1.76233
0.13035 0.991432 -0.008496 89.009 -0.99133 0.13047 0.0155635 -51.2143 0.0165386 0.00639364 0.999843 1.78496
0.175135 0.984525 -0.00622373 89.15 -0.984462 0.175199 0.0118045 -51.7099 0.0127122 0.00405965 0.999911 1.80434
0.222766 0.974872 -0.000728415 89.2928 -0.974836 0.222764 0.00846538 -52.2236 0.00841493 -0.00117571 0.999964 1.81529
0.274475 0.961594 0.000685591 89.4333 -0.961569 0.274462 0.0074414 -52.69 0.00696744 -0.00270172 0.999972 1.83164
0.328073 0.944651 0.00146814 89.6227 -0.944629 0.328053 0.00757222 -53.1518 0.00667148 -0.00387109 0.99997 1.82949
0.384903 0.922956 -0.00141775 89.8334 -0.922921 0.384901 0.00827735 -53.5981 0.00818533 -0.0018775 0.999965 1.8504
0.445077 0.895471 -0.00618032 90.0494 -0.895393 0.44512 0.0118186 -54.0064 0.0133342 0.000273642 0.999911 1.85988
0.503542 0.863908 -0.0103984 90.3261 -0.863775 0.503647 0.0152129 -54.4097 0.0183796 0.00132153 0.99983 1.86969
0.562341 0.826831 -0.0110676 90.5887 -0.826582 0.562445 0.0204362 -54.7676 0.0231223 -0.00234381 0.99973 1.88063
0.617085 0.786808 -0.0117913 90.9206 -0.786482 0.617177 0.02322 -55.1151 0.025547 -0.00505508 0.999661 1.87977
0.669914 0.742292 -0.0147499 91.252 -0.741902 0.670053 0.0247003 -55.4432 0.028218 -0.0056041 0.999586 1.89576
0.719203 0.694562 -0.0181728 91.577 -0.694158 0.719417 0.0241665 -55.7356 0.029859 -0.00476583 0.999543 1.92499
0.764642 0.644332 -0.0126535 91.9855 -0.644056 0.764711 0.0201977 -56.0252 0.0226903 -0.00729444 0.999716 1.9408
0.806416 0.591259 -0.0103062 92.3705 -0.591096 0.806458 0.0152018 -56.2833 0.0172997 -0.00616699 0.999831 1.94816
0.843656 0.536868 -0.00409955 92.7403 -0.53679 0.843627 0.0122341 -56.5137 0.0100266 -0.00812081 0.999917 1.95822
0.875242 0.483685 -0.000846717 93.1969 -0.483651 0.875199 0.0103982 -56.715 0.00577051 -0.00869144 0.999946 1.96916
0.901201 0.433362 0.0058157 93.6152 -0.4334 0.901151 0.00960769 -56.9007 -0.00107721 -0.011179 0.999937 1.97943
0.922295 0.386371 0.00943646 94.0463 -0.386461 0.922239 0.0110956 -57.0604 -0.00441565 -0.0138803 0.999894 1.99395
0.937971 0.346531 0.0112676 94.518 -0.346682 0.937831 0.0168517 -57.195 -0.00472743 -0.0197127 0.999795 2.00382
0.950326 0.311023 0.0120721 94.9744 -0.311222 0.950086 0.0218577 -57.3177 -0.00467126 -0.0245291 0.999688 2.00849
0.959957 0.279972 0.00987166 95.446 -0.280133 0.959657 0.024178 -57.4516 -0.00270424 -0.0259752 0.999659 1.98127
0.966171 0.257631 0.011823 95.9096 -0.25782 0.966005 0.0190685 -57.5605 -0.00650845 -0.0214717 0.999748 1.99049
0.970333 0.241542 0.0105758 96.4073 -0.241679 0.970247 0.0145704 -57.6893 -0.00674178 -0.0166941 0.999838 1.98776
0.973321 0.229273 0.00895926 96.9174 -0.229407 0.973143 0.0191298 -57.7766 -0.00433269 -0.0206748 0.999777 1.99652
0.975635 0.219194 0.00953668 97.4133 -0.219366 0.975338 0.0243904 -57.8824 -0.00395526 -0.0258881 0.999657 1.99006
0.97689 0.213486 0.0104851 97.929 -0.213709 0.976441 0.0298663 -57.9599 -0.00386207 -0.0314169 0.999499 1.99148
0.97755 0.210542 0.00821881 98.4547 -0.210703 0.97682 0.0377804 -58.0659 -7.39189e-05 -0.038664 0.999252 1.98384
0.977804 0.209429 0.00617947 98.984 -0.209509 0.977021 0.0392002 -58.1719 0.0021722 -0.0396248 0.999212 1.99693
0.977279 0.211949 0.00204199 99.5387 -0.21188 0.976604 0.0367624 -58.2816 0.00579756 -0.0363598 0.999322 2.00042
0.97632 0.216299 -0.00384127 100.092 -0.216008 0.975672 0.037464 -58.4173 0.0118513 -0.0357471 0.999291 2.00659
0.975284 0.220787 -0.00865958 100.629 -0.220302 0.97466 0.0387829 -58.5443 0.0170029 -0.0359166 0.99921 2.02203
0.974367 0.224836 -0.00764053 101.211 -0.224331 0.973606 0.0420337 -58.6667 0.0168896 -0.0392423 0.999087 2.01534
0.972931 0.231094 -0.000475813 101.797 -0.230842 0.971962 0.044744 -58.8103 0.0108025 -0.043423 0.998998 1.99065
0.972022 0.234876 0.00263724 102.422 -0.234778 0.971146 0.0418815 -58.9605 0.0072758 -0.0413289 0.999119 2.01877
0.971112 0.238507 0.00740682 103.017 -0.238614 0.970347 0.0386033 -59.1264 0.00202 -0.0392555 0.999227 2.02574
0.970085 0.242479 0.0117704 103.653 -0.242743 0.969511 0.0335234 -59.268 -0.00328284 -0.0353778 0.999369 2.02972
0.969312 0.245623 0.0101726 104.3 -0.245821 0.96885 0.0300172 -59.4331 -0.00248281 -0.0315967 0.999498 2.03883
0.968967 0.247073 0.00766255 104.911 -0.247191 0.968569 0.0277545 -59.5842 -0.000564327 -0.0287873 0.999585 2.03943
0.969239 0.246119 0.000602193 105.58 -0.246058 0.968938 0.0247751 -59.7623 0.00551413 -0.0241611 0.999693 2.05161
0.969361 0.245586 -0.00511164 106.231 -0.245313 0.968938 0.0312999 -59.9227 0.0126397 -0.029087 0.999497 2.04832
0.969911 0.243312 -0.00844444 106.897 -0.242896 0.969446 0.0342946 -60.0736 0.0165307 -0.0312116 0.999376 2.0689
0.970724 0.240146 -0.00505491 107.608 -0.23987 0.97028 0.031925 -60.2567 0.0125713 -0.0297778 0.999477 2.06611
0.97116 0.23843 0.000297317 108.315 -0.238366 0.97087 0.0243304 -60.4319 0.00551245 -0.0236996 0.999704 2.08193
0.971788 0.235773 0.00631382 109.021 -0.235857 0.971492 0.0239515 -60.6022 -0.000486702 -0.0247649 0.999693 2.08641
0.972146 0.234281 0.0067125 109.759 -0.234377 0.97172 0.0287571 -60.7651 0.000214564 -0.0295293 0.999564 2.09971
0.972593 0.232482 0.00398121 110.492 -0.232474 0.971951 0.0356024 -60.9214 0.00440738 -0.0355522 0.999358 2.09032
0.973433 0.228972 -0.00102996 111.253 -0.228757 0.972697 0.0391156 -61.0749 0.00995821 -0.0378408 0.999234 2.10534
0.974371 0.224909 -0.00403635 112.008 -0.224588 0.97368 0.0388377 -61.2476 0.012665 -0.0369358 0.999237 2.11194
0.975153 0.221486 -0.00458406 112.786 -0.221221 0.974667 0.0329332 -61.4296 0.0117622 -0.0311009 0.999447 2.1191
0.975937 0.218021 -0.00375778 113.565 -0.217833 0.97558 0.0281348 -61.5876 0.0098 -0.0266392 0.999597 2.14775
0.976497 0.215522 -0.0016945 114.338 -0.215418 0.976216 0.0244366 -61.78 0.00692083 -0.0234973 0.9997 2.14379
0.976686 0.214671 0.000415536 115.125 -0.214627 0.976446 0.0220834 -61.9664 0.00433491 -0.0216577 0.999756 2.1508
0.976783 0.214232 0.000223101 115.959 -0.214203 0.976631 0.0175948 -62.1408 0.0035515 -0.0172341 0.999845 2.16414
0.976912 0.213638 0.00148996 116.76 -0.213629 0.976739 0.0185535 -62.3026 0.00250844 -0.0184434 0.999827 2.16009
0.976905 0.21367 0.000897056 117.59 -0.213637 0.97666 0.0222257 -62.47 0.00387284 -0.021904 0.999753 2.18016
0.976616 0.214988 -0.00131478 118.385 -0.214884 0.976298 0.0258125 -62.6288 0.006833 -0.0249264 0.999666 2.17937
0.976476 0.215624 -0.000425534 119.196 -0.215449 0.97576 0.0383859 -62.8017 0.00869215 -0.0373913 0.999263 2.19561
0.976002 0.217752 0.00204504 120.096 -0.21763 0.975044 0.0439003 -62.9755 0.00756537 -0.0432919 0.999034 2.20678
0.975265 0.22102 0.00295917 120.942 -0.22095 0.974398 0.0415829 -63.1534 0.00630725 -0.0412082 0.999131 2.2209
0.974579 0.224019 0.00343093 121.737 -0.223949 0.973597 0.0442203 -63.3353 0.00656586 -0.0438645 0.999016 2.2205
0.974123 0.226003 0.00258013 122.583 -0.225831 0.972788 0.051798 -63.5217 0.00919659 -0.0510403 0.998654 2.24775
0.97382 0.227298 0.00311676 123.417 -0.227167 0.972575 0.0499251 -63.7192 0.00831659 -0.0493261 0.998748 2.24502
0.973726 0.227719 0.00126509 124.248 -0.227547 0.972744 0.0446158 -63.9205 0.00892926 -0.0437315 0.999003 2.26463
0.973487 0.228743 -0.000665491 125.095 -0.228569 0.972853 0.036253 -64.1138 0.00894003 -0.0351397 0.999342 2.28611
0.973062 0.230528 0.00248343 125.924 -0.230434 0.972224 0.0409874 -64.3188 0.0070343 -0.0404556 0.999157 2.29324
0.972884 0.231129 0.00867799 126.759 -0.231288 0.971968 0.0422359 -64.5054 0.0013272 -0.0430978 0.99907 2.30097
0.972619 0.232065 0.0126077 127.616 -0.232397 0.971651 0.0434314 -64.6883 -0.00217138 -0.0451722 0.998977 2.29754
0.972352 0.233415 0.00697167 128.428 -0.233496 0.971397 0.0432123 -64.8893 0.00331415 -0.0436454 0.999042 2.30871
0.97222 0.233954 -0.00734415 129.25 -0.233459 0.971472 0.0416983 -65.0765 0.0168901 -0.0388253 0.999103 2.35591
0.972272 0.233315 -0.0158448 130.056 -0.232525 0.971741 0.040643 -65.284 0.0248797 -0.0358318 0.999048 2.39383
0.972596 0.232345 -0.00849677 130.893 -0.231848 0.971955 0.0393645 -65.4753 0.0174046 -0.0363158 0.999189 2.41418
0.972897 0.231066 0.00889792 131.758 -0.231232 0.97242 0.030506 -65.6855 -0.00160361 -0.0317367 0.999495 2.39957
0.973049 0.22962 0.0212042 132.555 -0.230072 0.972921 0.0221606 -65.8819 -0.0155415 -0.0264418 0.99953 2.38079
0.973228 0.229118 0.0182405 133.367 -0.229548 0.972932 0.0266499 -66.061 -0.0116408 -0.0301235 0.999478 2.40342
0.973668 0.227874 0.00663205 134.198 -0.227956 0.972864 0.0396495 -66.2337 0.00258301 -0.0401173 0.999192 2.43805
0.973904 0.226947 -0.00239739 134.988 -0.226661 0.973112 0.0409522 -66.4001 0.0116269 -0.0393402 0.999158 2.4216
0.974275 0.225321 -0.00434958 135.805 -0.225026 0.973693 0.0358607 -66.5906 0.0123153 -0.0339594 0.999347 2.44788
0.975045 0.221977 -0.00377522 136.611 -0.221742 0.974565 0.0324666 -66.7701 0.010886 -0.0308192 0.999466 2.46406
0.975783 0.218697 -0.00442208 137.403 -0.218439 0.975295 0.0329275 -66.9352 0.011514 -0.0311642 0.999448 2.49377
0.976728 0.214404 -0.00574818 138.221 -0.214089 0.976213 0.0342585 -67.1026 0.0129566 -0.0322306 0.999396 2.50998
0.97748 0.210967 -0.0051552 139.015 -0.21059 0.976727 0.0407098 -67.2874 0.0136237 -0.0387074 0.999158 2.52421
0.977973 0.208691 -0.00409531 139.818 -0.208279 0.976956 0.0466477 -67.4378 0.0137359 -0.0447672 0.998903 2.5457
0.978349 0.206955 -0.0016653 140.612 -0.20665 0.977285 0.0470036 -67.5979 0.0113551 -0.0456418 0.998893 2.5604
0.978507 0.206204 0.00205948 141.419 -0.206072 0.97741 0.0469461 -67.7583 0.00766753 -0.0463614 0.998895 2.572
0.978943 0.204126 0.00155185 142.21 -0.203986 0.97793 0.0451922 -67.9296 0.0077073 -0.0445572 0.998977 2.59477
0.97944 0.201735 -0.000746068 143.016 -0.201508 0.978501 0.0439252 -68.0848 0.00959127 -0.0428718 0.999035 2.60715
0.980266 0.197593 -0.00599339 143.782 -0.197212 0.979572 0.0393287 -68.2459 0.013642 -0.0373707 0.999208 2.64672
0.981458 0.191541 -0.00725293 144.598 -0.191149 0.980856 0.0371909 -68.3984 0.0142377 -0.0351149 0.999282 2.66362
0.982838 0.184444 -0.00323778 145.388 -0.184217 0.98225 0.0353444 -68.5516 0.00969937 -0.0341414 0.99937 2.66346
0.983953 0.178375 0.00425536 146.162 -0.178421 0.983486 0.0303426 -68.686 0.00122726 -0.0306149 0.99953 2.67733
0.984717 0.173683 0.0129323 146.978 -0.174007 0.984266 0.0306964 -68.8371 -0.00739736 -0.0324775 0.999445 2.69508
0.985331 0.169919 0.0158143 147.774 -0.170353 0.984857 0.0321934 -68.9642 -0.0101046 -0.0344152 0.999357 2.68393
0.986104 0.165734 0.0114761 148.563 -0.166046 0.985456 0.0361367 -69.0794 -0.00532015 -0.0375401 0.999281 2.67414
0.987301 0.158828 0.00330843 149.346 -0.158839 0.986583 0.0377435 -69.1882 0.0027307 -0.0377897 0.999282 2.7
0.988341 0.152208 -0.00374313 150.141 -0.15196 0.987663 0.0378247 -69.3273 0.00945415 -0.0368149 0.999277 2.71034
0.989342 0.145578 -0.00296155 150.961 -0.145381 0.98873 0.0357454 -69.4437 0.00813191 -0.0349339 0.999357 2.71727
0.990437 0.137964 0.000499938 151.783 -0.137878 0.989682 0.038965 -69.535 0.00488099 -0.0386613 0.99924 2.71576
0.991475 0.130298 -0.000914993 152.563 -0.130133 0.990528 0.0438221 -69.6316 0.00661624 -0.0433294 0.999039 2.7261
0.992689 0.120573 -0.00556049 153.376 -0.120164 0.991565 0.048563 -69.7087 0.011369 -0.0475398 0.998805 2.74852
0.993689 0.111836 -0.00868535 154.192 -0.111282 0.992578 0.0490359 -69.8018 0.0141049 -0.0477599 0.998759 2.77176
0.994558 0.103959 -0.00677559 155.028 -0.103502 0.993403 0.0493706 -69.8939 0.0118634 -0.0484006 0.998758 2.78856
0.995422 0.095573 -4.71217e-06 155.858 -0.0954517 0.994161 0.0503309 -69.9427 0.00481496 -0.0501001 0.998733 2.78717
0.996136 0.0876281 0.00579793 156.681 -0.0878108 0.994803 0.0515398 -70.0038 -0.00125146 -0.0518498 0.998654 2.79475
0.996794 0.079478 0.00917293 157.515 -0.0798438 0.995506 0.0509119 -70.0635 -0.00508533 -0.0514811 0.998661 2.80039
0.997262 0.0732677 0.0100536 158.338 -0.0736892 0.995961 0.0512955 -70.119 -0.00625472 -0.0518959 0.998633 2.80917
0.997571 0.0691347 0.00849456 159.155 -0.0694741 0.996333 0.0499333 -70.1786 -0.00501129 -0.0504022 0.998716 2.81645
0.997902 0.0646501 0.00351798 159.976 -0.0647457 0.996361 0.0554363 -70.2164 7.87826e-05 -0.0555478 0.998456 2.83068
0.998139 0.06092 -0.00254788 160.782 -0.0606536 0.996312 0.0606849 -70.2467 0.00623541 -0.0604174 0.998154 2.83648
0.998287 0.0582553 -0.00534231 161.611 -0.0578071 0.996356 0.0627085 -70.2902 0.00897594 -0.0622923 0.998018 2.85121
0.998495 0.0548459 2.21798e-05 162.448 -0.0547331 0.996416 0.0644995 -70.3099 0.00351543 -0.0644036 0.997918 2.85691
0.998584 0.0524005 0.00912582 163.279 -0.0528839 0.996487 0.0649388 -70.3547 -0.00569094 -0.0653294 0.997848 2.84545
0.99866 0.0488037 0.0171888 164.118 -0.0498463 0.996533 0.0666103 -70.3871 -0.0138784 -0.0673779 0.997631 2.85576
0.998949 0.0438267 0.0134069 164.926 -0.0445585 0.997186 0.0602877 -70.4133 -0.0107269 -0.0608218 0.998091 2.85525
0.999233 0.03894 0.00409203 165.726 -0.0391032 0.997806 0.0534233 -70.4553 -0.00200274 -0.0535424 0.998564 2.88344
0.999483 0.0321217 -0.00152429 166.552 -0.0319905 0.997992 0.054663 -70.478 0.0032771 -0.054586 0.998504 2.8689
0.999684 0.0251407 -0.000823882 167.388 -0.0250522 0.998042 0.0573156 -70.4963 0.00226322 -0.0572768 0.998356 2.87486
0.999834 0.0174559 0.00522447 168.212 -0.0176958 0.998589 0.0500775 -70.5141 -0.00434295 -0.0501617 0.998732 2.87467
0.99991 0.00978774 0.00920057 169.03 -0.010201 0.998889 0.046 -70.5313 -0.00874012 -0.0460897 0.998899 2.88618
0.999922 0.00389235 0.0119009 169.863 -0.0043535 0.999231 0.0389719 -70.5317 -0.01174 -0.0390207 0.999169 2.87346
0.99992 -0.00191283 0.0124825 170.7 0.00151543 0.999494 0.0317687 -70.5342 -0.0125369 -0.0317472 0.999417 2.88427
0.999946 -0.00819353 0.00643349 171.522 0.00801204 0.999583 0.0277454 -70.5146 -0.00665814 -0.0276923 0.999594 2.89381
0.999877 -0.0152033 -0.00378829 172.343 0.0152956 0.999554 0.0256578 -70.5181 0.00339652 -0.0257126 0.999664 2.88665
0.999725 -0.0219478 -0.00823786 173.201 0.022144 0.999454 0.0245332 -70.5195 0.00769491 -0.0247089 0.999665 2.89984
0.999582 -0.0289019 -0.00117226 174.043 0.0289203 0.999356 0.0212318 -70.4817 0.000557863 -0.0212568 0.999774 2.90018
0.999364 -0.0340263 0.0106557 174.889 0.0337613 0.999138 0.0241379 -70.4253 -0.0114678 -0.0237628 0.999652 2.88306
0.999072 -0.0391064 0.0180758 175.737 0.0386558 0.998949 0.0246376 -70.3858 -0.0190203 -0.023916 0.999533 2.89607
0.998984 -0.0423571 0.0153624 176.581 0.0419861 0.998837 0.0237168 -70.3483 -0.0163491 -0.0230477 0.999601 2.89923
0.999008 -0.0440801 0.00629822 177.405 0.0438629 0.998549 0.0312409 -70.3159 -0.00766618 -0.0309337 0.999492 2.91157
0.998879 -0.0470909 -0.00486016 178.257 0.0472521 0.998023 0.0414338 -70.2276 0.0028994 -0.041617 0.999129 2.90062
0.998758 -0.049113 -0.00841782 179.118 0.0494212 0.997916 0.0414775 -70.1795 0.00636319 -0.041842 0.999104 2.92194
0.998678 -0.0512894 -0.00335787 179.967 0.0513737 0.998108 0.0337757 -70.1292 0.00161919 -0.0339035 0.999424 2.91953
0.998635 -0.0520702 0.00412476 180.82 0.0519387 0.998277 0.0273151 -70.0969 -0.00553995 -0.0270636 0.999618 2.92904
0.998587 -0.0521507 0.0102202 181.675 0.0518139 0.998181 0.030837 -70.0465 -0.0118098 -0.0302638 0.999472 2.91059
0.998502 -0.0537858 0.0100069 182.521 0.0534427 0.998062 0.031866 -70.0026 -0.0117015 -0.0312835 0.999442 2.9265
0.998456 -0.0555273 0.00157692 183.37 0.0554618 0.998071 0.0279089 -69.944 -0.00312358 -0.0277783 0.999609 2.91881
0.998325 -0.0570562 -0.0096004 184.225 0.0572938 0.998002 0.0266305 -69.9115 0.00806179 -0.0271359 0.999599 2.93353
0.998139 -0.0596227 -0.0128193 185.074 0.0598421 0.998055 0.017473 -69.8625 0.0117526 -0.0182076 0.999765 2.94877
0.998123 -0.0606004 -0.00879074 185.924 0.0607581 0.997973 0.0189425 -69.8027 0.007625 -0.0194411 0.999782 2.95992
0.998075 -0.0620192 0.000306579 186.801 0.0620096 0.997986 0.0133494 -69.7386 -0.00113388 -0.0133047 0.999911 2.96234
0.997972 -0.0635048 0.00435233 187.605 0.0634529 0.997922 0.0111792 -69.6784 -0.00505322 -0.0108803 0.999928 2.98514
0.997946 -0.0640559 0.00117326 188.453 0.0640306 0.997831 0.0152507 -69.6142 -0.00214761 -0.0151442 0.999883 2.99668
0.997938 -0.0640511 -0.00408988 189.285 0.0641252 0.997705 0.0217294 -69.5649 0.0026887 -0.0219468 0.999756 2.99073
0.997914 -0.0643222 -0.00550707 190.13 0.0644306 0.997668 0.0225088 -69.4879 0.00404641 -0.0228166 0.999731 3.01148
0.99789 -0.0648509 -0.00312594 190.973 0.0649045 0.997645 0.0221997 -69.4322 0.00167891 -0.0223558 0.999749 3.02216
0.997847 -0.0655832 -0.000127451 191.81 0.0655643 0.997509 0.0260067 -69.3729 -0.00157847 -0.025959 0.999662 3.02433
0.997823 -0.0659119 0.00234606 192.63 0.0658179 0.99742 0.0286695 -69.3044 -0.00422967 -0.0284527 0.999586 3.032
0.997798 -0.066295 0.00213735 193.465 0.0661893 0.997266 0.0328531 -69.2262 -0.00430951 -0.0326393 0.999458 3.03117
0.99777 -0.0667382 -0.00121812 194.298 0.066742 0.997223 0.0330344 -69.1696 -0.000989914 -0.033042 0.999453 3.06002
0.997693 -0.0675813 -0.00641934 195.096 0.0677787 0.996962 0.0383649 -69.1206 0.0038071 -0.0387115 0.999243 3.05411
0.997602 -0.0689006 -0.00657606 195.893 0.0691282 0.996582 0.045222 -69.0562 0.00343777 -0.0455681 0.998955 3.06025
