1.000000000000000000e+00 0.000000000000000000e+00 0.000000000000000000e+00 0.000000000000000000e+00 0.000000000000000000e+00 1.000000000000000000e+00 0.000000000000000000e+00 0.000000000000000000e+00 0.000000000000000000e+00 0.000000000000000000e+00 1.000000000000000000e+00 0.000000000000000000e+00
9.999999971591216896e-01 -5.670496340189033215e-06 7.516383562848007909e-05 3.092302034091210655e-02 5.676966241468356559e-06 9.999999962792280872e-01 -8.607738277694223226e-05 1.785703941280758879e-03 -7.516334724732858690e-05 8.607780923496431279e-05 9.999999934705410265e-01 1.525222599519447447e-03
9.999999985872958241e-01 -4.620988645432203993e-05 -2.626889143196891433e-05 7.734930165239510547e-02 4.620758581768714539e-05 9.999999950978151197e-01 -8.757413266167606318e-05 2.055260182896825882e-03 2.627293809392058300e-05 8.757291871590454813e-05 9.999999958203582562e-01 4.571651750849258997e-03
9.999999916671539202e-01 -5.545114363540045691e-05 -1.165798553312588734e-04 1.110645440822827928e-01 5.544395721633427687e-05 9.999999965628645349e-01 -6.164607477537270097e-05 1.231687417862757173e-03 1.165832732759050432e-04 6.163961061317418347e-05 9.999999913044493871e-01 6.779857024321140832e-04
9.999999908295306161e-01 -9.663529684086892785e-05 -9.488181163380369229e-05 1.263393740938275611e-01 9.665481600137881249e-05 9.999999741649114871e-01 2.057377529493542318e-04 4.962615075374205223e-03 9.486192765369604507e-05 -2.057469218466877756e-04 9.999999743347091075e-01 2.683893780520991285e-03
9.999999985048686479e-01 -2.530390167865672883e-05 -4.847654372463545996e-05 1.367012204905580230e-01 2.531781025801006511e-05 9.999999585138090730e-01 2.869344675518559836e-04 7.332755853404770291e-03 4.846928115197315549e-05 -2.869356944427872811e-04 9.999999576593171513e-01 3.219712708337087777e-03
9.999999920173799905e-01 -1.216652657993788395e-04 -3.409989748766276699e-05 1.608313798512636672e-01 1.216671974730175649e-04 9.999999909938704912e-01 5.665114241349298929e-05 7.230720765278860623e-03 3.409300470425509971e-05 -5.665529080022988303e-05 9.999999978139225698e-01 4.722521116517689084e-03
9.999999946038357068e-01 -1.312399664093424487e-05 -1.030538172555140402e-04 1.865738113454366853e-01 1.311596405207964218e-05 9.999999968762069980e-01 -7.794586215022205006e-05 5.693999879392983715e-03 1.030548398948282802e-04 7.794451007945081588e-05 9.999999916521766785e-01 5.768902432215334934e-03
9.999999898054822145e-01 4.435154349755609088e-06 -1.427212836980193183e-04 2.125090358641869293e-01 -4.437434548479667590e-06 9.999999998625339614e-01 -1.597627233412820738e-05 2.585910757098643185e-03 1.427212128211662664e-04 1.597690548761289989e-05 9.999999896876968775e-01 3.706142800012077795e-03
9.999999830691468361e-01 4.669578994480058860e-07 -1.840149122548667574e-04 2.338962904060076509e-01 -4.590974984006643765e-07 9.999999990875598765e-01 4.271614891349584197e-05 3.675118374062656072e-03 1.840149320336073601e-04 -4.271606370948910942e-05 9.999999821569212077e-01 1.546994655323579793e-03
9.999999766247105182e-01 -9.359085940651489595e-06 -2.160161703443960594e-04 2.539904574743451771e-01 9.366428387434461378e-06 9.999999993784994823e-01 3.398927795528591318e-05 9.916049124023010308e-03 2.160158521015684611e-04 -3.399130046076676779e-05 9.999999760908713231e-01 3.477253347249285344e-03
9.999999799049956728e-01 -7.805925486715921651e-05 -1.846530828311480096e-04 2.837081723395875055e-01 7.804348336504513125e-05 9.999999933065589763e-01 -8.541719245285318612e-05 8.921146079261088602e-03 1.846597491975792143e-04 8.540277976659610751e-05 9.999999793035708739e-01 7.652933204957091881e-04
9.999999593932028530e-01 -1.155110442950009751e-04 -2.605202320950186930e-04 3.134617831218595163e-01 1.154854042054178986e-04 9.999999884871608735e-01 -9.843169956195912192e-05 7.487672906222746921e-03 2.605315990440993626e-04 9.840160928065587085e-05 9.999999612202038479e-01 6.847909896244678846e-04
9.999999432702884050e-01 -1.431104160553367522e-04 -3.049243000800949243e-04 3.272368634979310742e-01 1.431422864670281513e-04 9.999999842950351159e-01 1.044998342422496932e-04 1.017176234909774116e-02 3.049093402765133643e-04 -1.045434758755170706e-04 9.999999480504765392e-01 3.855843094398562609e-03
9.999997676746322783e-01 -1.828636423271104330e-04 -6.566670159073839099e-04 3.610306125181207415e-01 1.828085186164768461e-04 9.999999797622088904e-01 -8.400373339518511925e-05 9.881851550418943586e-03 6.566823638465517496e-04 8.388366955458454236e-05 9.999997808658774856e-01 4.907716492474338554e-03
9.999975046860957173e-01 -3.386003338780921019e-04 -2.208160183489508988e-03 4.246376742811444061e-01 3.396428186412015653e-04 9.999998310484244923e-01 4.717476850231684606e-04 1.408774176318150842e-03 2.208000076493711432e-03 -4.724964936133422958e-04 9.999974507381135247e-01 1.503442870994855379e-02
9.999720763855073358e-01 -2.775500128043314313e-04 -7.467892289495376736e-03 4.870728888461098305e-01 2.860025686529277960e-04 9.999993197367459397e-01 1.130808814968982997e-03 -3.649343509052797082e-03 7.467573353361592510e-03 -1.132913075076787818e-03 9.999714755212653072e-01 1.721819399172343223e-02
9.999464563766480296e-01 -2.935575691591274972e-04 -1.034399360681761450e-02 5.764808198496172986e-01 3.038637102332403576e-04 9.999994590365792746e-01 9.947830891142957557e-04 6.835002430239220730e-03 1.034369598498996977e-02 -9.978729890992520633e-04 9.999460046436846605e-01 -3.188573524492702149e-02
9.999622142561693794e-01 -4.106283240222087625e-04 -8.683400502008274333e-03 6.809662717964639622e-01 4.162288757722019234e-04 9.999997065397805418e-01 6.431748407901650760e-04 1.349748521040418543e-02 8.683133847968730820e-03 -6.467648199792232775e-04 9.999620917224042449e-01 -3.925481895967738305e-02
9.999842373219985925e-01 -6.906136973225468966e-04 -5.572087603565248869e-03 7.850371046471177339e-01 6.914340761979405293e-04 9.999997504026509887e-01 1.453050374730863528e-04 1.141706466992399062e-02 5.571985863137785856e-03 -1.491554783212337945e-04 9.999844652424277891e-01 1.453910128447717665e-02
9.999893119240067518e-01 -1.100893481588286751e-03 -4.490442215842857347e-03 8.926154169891071799e-01 1.098021151755782876e-03 9.999991910479684165e-01 -6.420692790179109840e-04 3.231133304925156921e-03 4.491145433174502551e-03 6.371318159989312760e-04 9.999897117849498862e-01 5.570275908816733207e-02
9.999808013845735699e-01 -1.923720278434804584e-03 -5.890344858857467399e-03 1.035575288265214944e+00 1.920159068971216600e-03 9.999979703328314429e-01 -6.101797829061610980e-04 -6.687959802644059121e-05 5.891506718639762628e-03 5.988576691990650340e-04 9.999824656053106775e-01 4.358741207126920481e-02
9.999666286696289319e-01 -2.544477030264294826e-03 -7.763194171149978909e-03 1.201067790578237648e+00 2.549227530914745157e-03 9.999965694561189222e-01 6.020921766715986098e-04 6.736334008178669619e-03 7.761635529458073973e-03 -6.218622323635894598e-04 9.999696846911269033e-01 -2.598119845020209484e-03
9.999612141369279561e-01 -3.012270276302156987e-03 -8.276258187329211050e-03 1.365892149610453910e+00 3.028422586573236829e-03 9.999935328847564531e-01 1.939805480079523836e-03 9.551677801086816411e-03 8.270361445424275967e-03 -1.964794250276606473e-03 9.999638696998587317e-01 -2.437768123506643334e-02
9.999678087814894978e-01 -3.200045050807747652e-03 -7.358064447888079153e-03 1.514139812570263421e+00 3.209694045598216524e-03 9.999940040246098061e-01 1.299914982698036113e-03 7.599125112657589831e-03 7.353860542607876423e-03 -1.323490272496297094e-03 9.999720841646623226e-01 -5.808574483669511068e-03
9.999731159255420554e-01 -3.497355950281603142e-03 -6.444837276415513877e-03 1.668462828374879692e+00 3.494031903462386374e-03 9.999937570096464334e-01 -5.269561554386000077e-04 7.835207637438517184e-03 6.446639994604328253e-03 5.044235216536616107e-04 9.999790929762936154e-01 2.852087922034799924e-02
9.999693360331769476e-01 -4.071447803732979216e-03 -6.689566962717989618e-03 1.868653835915628392e+00 4.062697358809412400e-03 9.999908744950700701e-01 -1.321142216355614390e-03 1.736278114185620808e-02 6.694884878616892687e-03 1.293924018863510262e-03 9.999767518683099210e-01 3.830951259895357119e-02
9.999544896905405711e-01 -5.423551947284236709e-03 -7.848798124913267810e-03 2.097666988751443640e+00 5.421250323230332978e-03 9.999852554613632982e-01 -3.144913429102702421e-04 2.548077107154335386e-02 7.850388058141307551e-03 2.719267309402764298e-04 9.999691482556797295e-01 1.877890766370960904e-02
9.999381920082558439e-01 -6.640230292060983475e-03 -8.917370965075790967e-03 2.341172295385392843e+00 6.654149805439754650e-03 9.999766870823210141e-01 1.532182179950848482e-03 1.756839270890085333e-02 8.906989032616302593e-03 -1.591425001119612694e-03 9.999590656186075899e-01 -5.821565274609425376e-03
9.999295568340924589e-01 -7.772183945479017343e-03 -8.970759515952643481e-03 2.597688877705762955e+00 7.794684098234972748e-03 9.999665557669511484e-01 2.475933640011323492e-03 1.858349510223802209e-02 8.951216084093799319e-03 -2.545683463955230545e-03 9.999566966755696340e-01 -5.954301372399481429e-03
9.999254175486673724e-01 -8.935575627130170132e-03 -8.325552734500175911e-03 2.887293939243922303e+00 8.947484435611411865e-03 9.999589984618126870e-01 1.394244427276573927e-03 3.892007864256158411e-02 8.312752997509168656e-03 -1.468633194619233277e-03 9.999643699923222995e-01 1.137130227084707373e-02
9.999161026850236222e-01 -1.043753900420517355e-02 -7.671073635996603947e-03 3.181490010270893176e+00 1.044288386860034099e-02 9.999452557452113144e-01 6.570305555332415495e-04 5.516254549022196751e-02 7.663795906736639053e-03 -7.370835635619692574e-04 9.999703610308258162e-01 3.479729535107897037e-02
9.998915915263759668e-01 -1.247934351682791071e-02 -7.814805195270188229e-03 3.485519195156202343e+00 1.248701942735678388e-02 9.999215977310885739e-01 9.342037934997370410e-04 5.598733806511888705e-02 7.802534246757972421e-03 -1.031686142186777518e-03 9.999690275618701163e-01 3.904701952133479009e-02
9.998643655440589972e-01 -1.431972038423928728e-02 -8.136100005139977262e-03 3.803088281276857607e+00 1.434013232211486105e-02 9.998941586491459921e-01 2.456034262931685273e-03 5.007478718559026792e-02 8.100069145425456071e-03 -2.572373890720326683e-03 9.999638852340646533e-01 2.633081401931285093e-02
9.998409792914126903e-01 -1.573425105276177877e-02 -8.393418457194379290e-03 4.118689401111229387e+00 1.576087959296654240e-02 9.998709346184262436e-01 3.115891482500326125e-03 5.785883456393995511e-02 8.343308938599670876e-03 -3.247683648906121018e-03 9.999599200702354862e-01 1.935097396692332661e-02
9.998119350027625529e-01 -1.752660578659539711e-02 -8.301368298834132728e-03 4.458825833801655314e+00 1.755291378053998666e-02 9.998411084921587921e-01 3.106925648309937383e-03 7.416625494956051445e-02 8.245595420861796462e-03 -3.252054546356414420e-03 9.999607163770899421e-01 3.552626900400847332e-02
9.997794449691088658e-01 -1.940191027524307624e-02 -8.039110332124860953e-03 4.823826140990242095e+00 1.942403357236515901e-02 9.998077355344358041e-01 2.683073849764168115e-03 9.042657893724240226e-02 7.985507938778269726e-03 -2.838634033311491188e-03 9.999640862649941120e-01 5.630609778762499934e-02
9.997390841424962371e-01 -2.142323295222037932e-02 -7.925195757697891738e-03 5.198031651325031532e+00 2.143902425459553313e-02 9.997683275485735876e-01 1.912974056005700089e-03 8.981123647432934232e-02 7.882377619335306437e-03 -2.082383394811197341e-03 9.999667653489605623e-01 5.830728581423925971e-02
9.996948737246342809e-01 -2.338903393470176048e-02 -7.944340141815123268e-03 5.581544418369087879e+00 2.340024775318296293e-02 9.997253032533310879e-01 1.321529464224177434e-03 8.923662230891643565e-02 7.911248559939288577e-03 -1.507025758415003053e-03 9.999675699839402077e-01 5.142006988912587589e-02
9.996458735895890069e-01 -2.533058713047425803e-02 -8.154064687804711553e-03 5.992925936090311545e+00 2.533693864518744843e-02 9.996787392954703533e-01 6.765653767624650421e-04 1.095517645342322655e-01 8.134307309012784454e-03 -8.829248237979812116e-04 9.999665261839308927e-01 4.562616448600941010e-02
9.995926848837992651e-01 -2.739932236085665038e-02 -7.983824958220600565e-03 6.409505695226304312e+00 2.740762787389870378e-02 9.996239052555815352e-01 9.327249895034814406e-04 1.337461151413734117e-01 7.955266250952025553e-03 -1.151162779981253475e-03 9.999676937597186122e-01 4.969149628976236160e-02
9.995284668716727383e-01 -2.978906652514995076e-02 -7.446840183839765169e-03 6.828169361184857955e+00 2.980798646385185088e-02 9.995526585312228818e-01 2.442696488612369592e-03 1.499712494500147486e-01 7.370743255214153543e-03 -2.663519987693903704e-03 9.999692884309702157e-01 5.573844525598795757e-02
9.994506119111029596e-01 -3.239458389204656619e-02 -7.004661660857733688e-03 7.266615975182551423e+00 3.241407403918666885e-02 9.994709138592854369e-01 2.687034325586209940e-03 1.602694889954525415e-01 6.913910232571568448e-03 -2.912607722627769905e-03 9.999718568847575373e-01 5.602666152888857720e-02
9.993738511248043688e-01 -3.494976177578608401e-02 -5.515418369722632948e-03 7.718473068940111759e+00 3.496226030514375249e-02 9.993862421591743761e-01 2.186169554130629362e-03 1.764655787765111727e-01 5.435627133334440010e-03 -2.377632179257338323e-03 9.999824002565682601e-01 5.701943130295442780e-02
9.992988853654015680e-01 -3.726042989296424190e-02 -3.660337642562724869e-03 8.189719111966226706e+00 3.726367989207726716e-02 9.993051283978122701e-01 8.237224852052308505e-04 1.920458000344921201e-01 3.627101923969242026e-03 -9.595426115253837939e-04 9.999929616800359300e-01 6.988976080312153671e-02
9.992242905601859126e-01 -3.928422036769733949e-02 -2.750851612766857558e-03 8.646480154206541258e+00 3.928301602230423184e-02 9.992280040421449572e-01 -4.904998904238372370e-04 2.085367517407208937e-01 2.767996872226883599e-03 3.820576570493058508e-04 9.999960961050108343e-01 8.761473743167670636e-02
9.991546354883944492e-01 -4.098044098957422804e-02 -3.258502471025772566e-03 9.120725127606933214e+00 4.097788431097983824e-02 9.991596942495324374e-01 -8.475757056789806794e-04 2.231127857693597782e-01 3.290498358852230690e-03 7.133326579717646446e-04 9.999943318724708874e-01 9.483978378668371512e-02
9.990818868658072338e-01 -4.266551762420148219e-02 -3.877749671816723125e-03 9.614480744835100623e+00 4.266702796461682712e-02 9.990893003779252046e-01 3.075630252025010115e-04 2.634849332294985635e-01 3.861095870983769201e-03 -4.727327012366583261e-04 9.999924342026135227e-01 7.648642865054686157e-02
9.990083197809160875e-01 -4.434672340065478474e-02 -3.968013626067436010e-03 1.011221765603582945e+01 4.435258636092288126e-02 9.990149561942045509e-01 1.401921320371185727e-03 3.054533858064369944e-01 3.901934341799784788e-03 -1.576522729760536194e-03 9.999911447030292999e-01 6.550509264852920344e-02
9.989269354545116109e-01 -4.615520568233814902e-02 -3.830745603531336002e-03 1.061322059788787797e+01 4.616200484353456812e-02 9.989325099716287459e-01 1.705822560355522467e-03 3.183011979731140695e-01 3.747923729667557505e-03 -1.880826999749673177e-03 9.999912077401048593e-01 6.886520749554657372e-02
9.988295879383988218e-01 -4.820886761052611130e-02 -3.919099707748964143e-03 1.113259291540031271e+01 4.821052393271186426e-02 9.988371423837518748e-01 3.292063092554034769e-04 3.328194065215070996e-01 3.898671689425528639e-03 -5.177628524754111783e-04 9.999922661104367894e-01 9.574504473756509371e-02
9.987312228270810444e-01 -5.012943841959648095e-02 -4.794158326475853917e-03 1.168554204185929457e+01 5.012602678322078398e-02 9.987425563277229079e-01 -8.292278896775346405e-04 3.660717862509814680e-01 4.829698670855735003e-03 5.878636755840343456e-04 9.999881641434801294e-01 1.130000680971769977e-01
9.986516880866782575e-01 -5.162559908835374217e-02 -5.440900697174197963e-03 1.224730471430283707e+01 5.162423804243414932e-02 9.986665037146880142e-01 -3.903905980405581637e-04 3.992785226317594471e-01 5.453799424808070291e-03 1.089818769902046243e-04 9.999851219867146312e-01 9.795472984232322933e-02
9.985755853141541349e-01 -5.300140608161344608e-02 -6.136071044755766687e-03 1.280480061153496507e+01 5.300635551771330084e-02 9.985939655594354702e-01 6.467016397656356105e-04 4.376747464698497736e-01 6.093167421314224855e-03 -9.710312317328636048e-04 9.999809650233962843e-01 9.279470617229600149e-02
9.984704463107986205e-01 -5.484634705178225572e-02 -6.974672679774214686e-03 1.337341838730632126e+01 5.485111217585519200e-02 9.984944225351891633e-01 4.936184669862046185e-04 4.695238047641273060e-01 6.937098600011620299e-03 -8.754320045871357824e-04 9.999755548421266349e-01 1.010108965753118981e-01
9.983506896111017381e-01 -5.704038846512849564e-02 -6.503432692423346054e-03 1.397055607557936874e+01 5.703322533085288665e-02 9.983714580517265569e-01 -1.281778463640692589e-03 4.915483634616768516e-01 6.565954720968261368e-03 9.087526709333280765e-04 9.999780309622733343e-01 1.063071555086972653e-01
9.982640352373242099e-01 -5.861957558364676996e-02 -5.715007444220245904e-03 1.459244064425527476e+01 5.860909157522687513e-02 9.982790359250025558e-01 -1.985149206997494521e-03 5.244145467652552295e-01 5.821540725704806192e-03 1.646751663274085512e-03 9.999816987688017189e-01 1.183904471453864488e-01
9.981849493487140457e-01 -6.003603083342443775e-02 -4.741507721520744900e-03 1.522635942184819235e+01 6.003263093363842701e-02 9.981960478853901808e-01 -8.562763416700875123e-04 5.784771013976619525e-01 4.784361701490505436e-03 5.700769736234067046e-04 9.999883923803083441e-01 1.162232354477894802e-01
9.980601742184831426e-01 -6.215488913516563352e-02 -3.557863904991296830e-03 1.585659512024074758e+01 6.215232997744173093e-02 9.980663336773405447e-01 -8.255048435304521018e-04 6.364556734483397538e-01 3.602293345407786909e-03 6.027739765143562715e-04 9.999933300508493383e-01 9.399855193409124843e-02
9.979208451984350470e-01 -6.440857764316680611e-02 -2.349860511865010937e-03 1.649113130917355718e+01 6.440405681568585339e-02 9.979219956911280498e-01 -1.951405011313728189e-03 6.763204091695632636e-01 2.470664712780572432e-03 1.796007188299566333e-03 9.999953350761475734e-01 1.065395995471963286e-01
9.977952722575994526e-01 -6.635441668135003135e-02 -1.298478825687353821e-03 1.713565140697574662e+01 6.635067247705858651e-02 9.977926020499752191e-01 -2.740721835926242939e-03 7.032981492244411159e-01 1.477471564898105673e-03 2.648524347178796319e-03 9.999954011877041360e-01 1.338972390176307870e-01
9.976829143851861925e-01 -6.802505009305044592e-02 -1.181060421448122330e-03 1.780091443507667037e+01 6.802316756655253649e-02 9.976825111944940261e-01 -1.567013356983482401e-03 7.533528946931361547e-01 1.284919489248070694e-03 1.483042981921406335e-03 9.999980747808567827e-01 1.460224565055032175e-01
9.975450870417328364e-01 -6.997763464529527244e-02 -2.632483305017781130e-03 1.847581142649416108e+01 6.997727657886668173e-02 9.975485596107508401e-01 -2.279936862450133268e-04 8.108377446843700875e-01 2.641984387997323939e-03 4.321996926576906714e-05 9.999965090191704764e-01 1.338788033151975254e-01
9.973865208604807409e-01 -7.205529325940134011e-02 -5.306855860817867587e-03 1.915436723775747296e+01 7.205017831844724718e-02 9.974003466557895825e-01 -1.149040987370000258e-03 8.636006520436476652e-01 5.375854360544067914e-03 7.636780816368318996e-04 9.999852583841832843e-01 1.423589124524134997e-01
9.972046053082174177e-01 -7.403887453849436473e-02 -1.006082547087451540e-02 1.982086244582406565e+01 7.401070667645681667e-02 9.972524898728352127e-01 -3.144318635601654754e-03 9.150124520003879436e-01 1.026598506397601029e-02 2.390920221130501434e-03 9.999444449824012038e-01 1.616333134238349123e-01
9.970848214472040061e-01 -7.517062207412518460e-02 -1.308573332245192497e-02 2.050197465467147495e+01 7.511947100804462762e-02 9.971650170004129343e-01 -4.358204451119027621e-03 9.594334578552086157e-01 1.337624443066248378e-02 3.362506142039494231e-03 9.999048802948088399e-01 1.614849174025302925e-01
9.969530923508964637e-01 -7.704051462387485893e-02 -1.221845974226513053e-02 2.120274539698524663e+01 7.699036441511393491e-02 9.970215742166508299e-01 -4.523752179266206722e-03 1.015761921711175297e+00 1.253058016265749634e-02 3.569265056000160089e-03 9.999151188514688871e-01 1.584188315846541961e-01
9.967973324256285128e-01 -7.957396882823945805e-02 -7.941130528676818706e-03 2.192268698821071737e+01 7.954754894774980489e-02 9.968246094156162362e-01 -3.589640623986761411e-03 1.070718974066410700e+00 8.201556288684401508e-03 2.946446728926282316e-03 9.999620257420364089e-01 1.600384870420224481e-01
9.965857123506897119e-01 -8.248512853173396719e-02 -3.622362429642257600e-03 2.265295568808909366e+01 8.247105755272175764e-02 9.965859226740687582e-01 -3.876002323353019193e-03 1.119778346005582126e+00 3.929707954035984059e-03 3.564028476079853392e-03 9.999859274491904593e-01 1.749097625614602913e-01
9.963244045569720209e-01 -8.565141418494678915e-02 -1.231313247625761415e-03 2.336128150324876174e+01 8.564490512582417781e-02 9.963150358442216525e-01 -4.615146445764392071e-03 1.191006075531749975e+00 1.622069722194076531e-03 4.492727328246354755e-03 9.999885920804149064e-01 1.914173444465204210e-01
9.960343146402927950e-01 -8.896990510496904925e-02 -6.682440383944468227e-06 2.406403716515738012e+01 8.896910654800116447e-02 9.960256873077074635e-01 -4.162727862751544432e-03 1.268138092749841572e+00 3.770133852031266560e-04 4.145625263059266215e-03 9.999913357885085174e-01 1.903677445501327781e-01
9.957368418805248034e-01 -9.223551720853520597e-02 8.666527982806330934e-04 2.477171724970943956e+01 9.223751870634730454e-02 9.957334906131746211e-01 -2.656278260874258591e-03 1.352613485337922805e+00 -6.179520167401246489e-04 2.724892030332145242e-03 9.999960965417454828e-01 1.803004968868666957e-01
9.954689380738327431e-01 -9.506715614050585683e-02 1.956822299632645507e-03 2.550086773592775202e+01 9.507080783227030152e-02 9.954687634136256680e-01 -1.866163408293896632e-03 1.424698384406043461e+00 -1.770544626715542724e-03 2.043744383136846150e-03 9.999963441336279235e-01 1.744964901596295637e-01
9.952157506579296653e-01 -9.766424968017108077e-02 2.702587053687497808e-03 2.624477704827465629e+01 9.767105073321703801e-02 9.952155865985371497e-01 -2.510386424231625391e-03 1.487580781540467134e+00 -2.444481753439346153e-03 2.762340626864799933e-03 9.999931969684685562e-01 1.836203670529346355e-01
9.949020550215349479e-01 -1.008253615626740624e-01 2.036511645599394221e-03 2.697666991162596872e+01 1.008294902587717617e-01 9.949016338548261063e-01 -2.037853565352095928e-03 1.563902233764153271e+00 -1.820661441032808258e-03 2.232805131133601406e-03 9.999958498779699667e-01 2.104071037611748296e-01
9.945357138436136113e-01 -1.043968345349587101e-01 1.217729618960248529e-04 2.768884935287658777e+01 1.043968443016204395e-01 9.945357173085206393e-01 -7.679511469365381119e-05 1.657478313047194174e+00 -1.130903931262796746e-04 8.908819715476163075e-05 9.999999896369280439e-01 2.018097436552399038e-01
9.941049542932726135e-01 -1.084086645880407845e-01 -1.703317882286458067e-03 2.841159696674142765e+01 1.084132889193055865e-01 9.941016529883053288e-01 2.909005262645085466e-03 1.751606358978512468e+00 1.377909746542571329e-03 -3.076518837354423955e-03 9.999943181821453475e-01 1.916396386944975716e-01
9.936894513555125652e-01 -1.121467136123262542e-01 -2.094967955697417568e-03 2.913922601645541377e+01 1.121540542178517952e-01 9.936835803070843687e-01 3.796096757639001555e-03 1.857363584679238899e+00 1.656015482922401985e-03 -4.007100454078689998e-03 9.999906003351587414e-01 1.866570439149822513e-01
9.933234341548607960e-01 -1.153595511931492928e-01 -8.538778069138587123e-04 2.987805574285009413e+01 1.153622159093099092e-01 9.933136501649646455e-01 4.421711936344854994e-03 1.940531549410001944e+00 3.380817766983262103e-04 -4.490695321374975520e-03 9.999898596267078332e-01 1.996403246487122030e-01
9.929875229205133991e-01 -1.182143955121183337e-01 1.065841398765270034e-03 3.062709327379844026e+01 1.182066700986488667e-01 9.929731841721110008e-01 5.607018752244728385e-03 2.022447247385872782e+00 -1.721182259976129520e-03 -5.441710099159032324e-03 9.999837125287714956e-01 2.136563214572118619e-01
9.925693955109792244e-01 -1.216706219649127119e-01 1.501614344811558286e-03 3.136110000734871051e+01 1.216577860619315332e-01 9.925487378507202862e-01 6.810732813100650075e-03 2.115570480684980215e+00 -2.319091520088043933e-03 -6.577441874577491000e-03 9.999756792407042960e-01 2.219607473365186878e-01
9.921041896869586818e-01 -1.254164106186010375e-01 -2.744320459267162240e-05 3.207215052165798852e+01 1.254112726409682410e-01 9.920615170709243813e-01 9.271409898644427522e-03 2.219362644562539622e+00 -1.135561603680258335e-03 -9.201646291963593016e-03 9.999570191790054796e-01 2.423878821732018962e-01
9.916539781504802864e-01 -1.289004810429930092e-01 -2.655862423334186435e-03 3.279020003938309458e+01 1.289226695381146537e-01 9.915882671336725407e-01 1.147404732457049832e-02 2.327921794715613668e+00 1.154511798452178065e-03 -1.172068554843941866e-02 9.999306439112574107e-01 2.390905312537406069e-01
9.911537958913529955e-01 -1.326699963504206214e-01 -3.581195127551926177e-03 3.351870793021056727e+01 1.327098257899471945e-01 9.910347843758365860e-01 1.543237816867275639e-02 2.424445242105323750e+00 1.501675385725094502e-03 -1.577111998300807089e-02 9.998745004976962170e-01 2.527593348946827190e-01
9.906503267784312339e-01 -1.364253218626279573e-01 -2.482105269657219372e-04 3.424524103746249182e+01 1.364062352917775889e-01 9.904778390299580071e-01 1.862765052465970017e-02 2.534614953141504312e+00 -2.295436191997754158e-03 -1.848734554291173171e-02 9.998264594555724694e-01 2.384825998492116628e-01
9.901710715599104651e-01 -1.397475888175464809e-01 5.644507558741492306e-03 3.498783032503408919e+01 1.396149099482113243e-01 9.900154077203271452e-01 1.942084953103665260e-02 2.640973472745355544e+00 -8.302166346898676164e-03 -1.844190597623465364e-02 9.997954641514994467e-01 2.270583955618371841e-01
9.896917298678379327e-01 -1.430693373899607490e-01 6.437742617102253616e-03 3.569812114653097979e+01 1.429191082808772273e-01 9.895384987335075211e-01 1.968979462653103890e-02 2.750753865915507301e+00 -9.187400035122290573e-03 -1.856675047049591298e-02 9.997854107044976679e-01 2.880727525438587788e-01
9.892964579334265762e-01 -1.458617734578023517e-01 -4.106259139484898582e-03 3.640442315660562400e+01 1.459104376837339900e-01 9.891575186407839393e-01 1.665975664133207551e-02 2.860254697139079205e+00 1.631715452228825079e-03 -1.708058430358777580e-02 9.998527847360985099e-01 3.266960436620165442e-01
9.886516025126393936e-01 -1.489422402435733594e-01 -1.960147750593467866e-02 3.711718274870909084e+01 1.492047174647301577e-01 9.887250104428725317e-01 1.268093099940672749e-02 2.974055444515031787e+00 1.749174478032517951e-02 -1.546165566707991337e-02 9.997274508927783687e-01 3.054542644085316838e-01
9.880197810927369151e-01 -1.524233650114852623e-01 -2.416671198230557066e-02 3.784662292737237266e+01 1.527656536731858139e-01 9.881768954555499862e-01 1.300301294451461712e-02 3.089457871635536979e+00 2.189902343175233884e-02 -1.653907755609387853e-02 9.996233749199390228e-01 2.422472023286765530e-01
9.877802493832434916e-01 -1.554784258564608224e-01 -1.079990840583399184e-02 3.857363333160962071e+01 1.556383116146108914e-01 9.876844893709959550e-01 1.600204404781951223e-02 3.208500210659358753e+00 8.178929400028945446e-03 -1.748738257007324826e-02 9.998136309156407942e-01 1.975228369455521715e-01
9.873479108053319075e-01 -1.583375625678289933e-01 8.562669468406804846e-03 3.929049712404298589e+01 1.582146271589671138e-01 9.873122373963463261e-01 1.351582925202192420e-02 3.321952446415505023e+00 -1.059409181078621934e-02 -1.199008621735598440e-02 9.998719933327491205e-01 2.516360355884120770e-01
9.868691864638811095e-01 -1.607350407051193752e-01 1.592028572736838704e-02 3.999033903638382270e+01 1.606015201763093814e-01 9.869750794713018083e-01 9.345812948903685011e-03 3.429761075715623164e+00 -1.721512489573970989e-02 -6.666272732271620940e-03 9.998295856208112564e-01 3.859400431816578103e-01
9.865168782325379748e-01 -1.635378835336668280e-01 6.309485847252349969e-03 4.068819120934116995e+01 1.634800051111915953e-01 9.865073708877228897e-01 8.803130865632490323e-03 3.540897875065742717e+00 -7.663999685061645764e-03 -7.652962401678458856e-03 9.999413459175022778e-01 4.742608669872183658e-01
9.859232647032586394e-01 -1.667461863424314350e-01 -1.228924151945128343e-02 4.140211531124385402e+01 1.668704268706007743e-01 9.859292723993400287e-01 9.885871844782267645e-03 3.676024181134987412e+00 1.046789152082490404e-02 -1.179742202191250318e-02 9.998756143044719158e-01 3.689481274455144177e-01
9.851404286830655055e-01 -1.705152027498481604e-01 -2.056456674292247641e-02 4.210038306328753066e+01 1.707238513526376789e-01 9.852792205692846306e-01 8.844438574914591233e-03 3.803612900414659048e+00 1.875372905500155216e-02 -1.222387604490249302e-02 9.997494058517716331e-01 2.024722015603500347e-01
9.846434343412070467e-01 -1.740155367234599848e-01 -1.399643481745559311e-02 4.279216602770199529e+01 1.741562225631094196e-01 9.846717760212148063e-01 9.544823192459427758e-03 3.923440612758627211e+00 1.212094679890281072e-02 -1.183581370556170340e-02 9.998564877834344999e-01 2.415712819666350208e-01
9.843389934053270451e-01 -1.762800650241132250e-01 -1.443861794568547519e-03 4.349718983751088075e+01 1.762838522849655420e-01 9.842538842147724454e-01 1.297284979122645225e-02 4.057809702262566098e+00 -8.657282251720480699e-04 -1.302421142440798006e-02 9.999148065867473623e-01 3.950163316382022671e-01
9.838370856392205654e-01 -1.789270967653656952e-01 7.048614334916250904e-03 4.422339109874740615e+01 1.788090333626711492e-01 9.837720524436721625e-01 1.482829790205080107e-02 4.206138231566810326e+00 -9.587414084730362315e-03 -1.332827347717118784e-02 9.998652102245010331e-01 4.506437739493011074e-01
9.832220262996633764e-01 -1.822970493656101143e-01 6.498676155670410695e-03 4.491835160100750102e+01 1.822098016884334537e-01 9.831845998849486623e-01 1.215033817369749400e-02 4.329659473409460446e+00 -8.604369113754058856e-03 -1.076235762580694463e-02 9.999050637387973950e-01 4.053420685976406590e-01
9.826541819091937358e-01 -1.854460503544838879e-01 -7.219309491629363664e-04 4.558704811686588698e+01 1.854419494219789188e-01 9.825875615038585087e-01 1.153114792539049714e-02 4.452119104188934529e+00 -1.429045467904792701e-03 -1.146500701365933163e-02 9.999332534940656991e-01 3.603631375284772620e-01
9.821123488362182297e-01 -1.882301426727409355e-01 -4.974701278073988958e-03 4.628068752230102945e+01 1.882770501617271608e-01 9.820449265659783045e-01 1.181162937196945234e-02 4.583660712255856140e+00 2.662075469430503008e-03 -1.253696914815932706e-02 9.999178655063490906e-01 3.199835435165455100e-01
9.814242826262141728e-01 -1.918495371224671897e-01 -3.641119553694043259e-04 4.699909627451592797e+01 1.918412302638644318e-01 9.813602283442445229e-01 1.135977970645115145e-02 4.738424503985504188e+00 -1.822043486831661759e-03 -1.121861533466749286e-02 9.999354093277749156e-01 3.177679347274037225e-01
9.805099907145307103e-01 -1.963208594405493612e-01 7.634019748137125735e-03 4.770207390109418100e+01 1.962820626661262724e-01 9.805318027763856303e-01 5.543971466563500476e-03 4.891752897146178114e+00 -8.573796389101053309e-03 -3.937498268603504235e-03 9.999554920709535777e-01 3.735555329874450381e-01
9.796407243898890282e-01 -2.005060024862864443e-01 1.006946293616731679e-02 4.836778361390721415e+01 2.004896453351645291e-01 9.796923211718532309e-01 2.618768849341602742e-03 5.011969305975290112e+00 -1.039005439030479989e-02 -5.466295597909137920e-04 9.999458725180533358e-01 4.639213700835807530e-01
9.788784890089295976e-01 -2.044040206175785079e-01 3.987494321424831477e-03 4.903160863802331448e+01 2.043918936801982777e-01 9.788837573232157530e-01 3.247067385521080519e-03 5.143498438464160216e+00 -4.567007052478043276e-03 -2.363472900653992501e-03 9.999867781338063200e-01 4.804895789490682967e-01
9.781223077954057654e-01 -2.079527955223040014e-01 -5.690854720359937030e-03 4.971263776201389817e+01 2.079797189989288642e-01 9.781221679102399813e-01 4.632615643336190393e-03 5.299426253986879054e+00 4.602985782728566400e-03 -5.714847069793279992e-03 9.999730761599798790e-01 3.861262679080506577e-01
9.773413448486196753e-01 -2.111500636721917457e-01 -1.481709353148564015e-02 5.040959923240468754e+01 2.112003539572991362e-01 9.774409491035027653e-01 1.897762881725054834e-03 5.460267742698751370e+00 1.408212121105972825e-02 -4.984137525497130648e-03 9.998884198926017985e-01 3.206737615835451582e-01
9.766798998251691177e-01 -2.140453859356269140e-01 -1.676144496056715741e-02 5.109490762109739137e+01 2.140577686987260309e-01 9.768204137266248699e-01 -1.072840467247052933e-03 5.601558613117823882e+00 1.660255815289651479e-02 -2.540095788346271970e-03 9.998589415393381863e-01 3.527871511790797165e-01
9.760920611493156818e-01 -2.170394915326269158e-01 -1.175360695869294252e-02 5.176646156256488496e+01 2.170310591193474470e-01 9.761626426358155362e-01 -2.003621669735454729e-03 5.748474525632549792e+00 1.190829705772354814e-02 -5.951785613421477043e-04 9.999289165854066130e-01 4.439231408244387334e-01
9.754653513475493032e-01 -2.200469740309613509e-01 -6.832096326873975112e-03 5.243554296565577033e+01 2.200404690636088567e-01 9.754892646892251440e-01 -1.698955662128835741e-03 5.896171336902554572e+00 7.038486674652469355e-03 1.539347014293042815e-04 9.999752176976379747e-01 4.895670274214888318e-01
9.747536824056618476e-01 -2.231258815142315999e-01 -8.372552484113233995e-03 5.310228335378483422e+01 2.231257412400020901e-01 9.747891960281980239e-01 -9.627579129764206583e-04 6.061150859768512866e+00 8.376289912710298269e-03 -9.296801581496303302e-04 9.999644861004323149e-01 4.945781301364028382e-01
9.740387829378805984e-01 -2.259808634030186225e-01 -1.345729202026030649e-02 5.379097140215115758e+01 2.259954295138325853e-01 9.741282589740697384e-01 -4.482265119517768980e-04 6.230998114582672720e+00 1.321041906037280153e-02 -2.604696484029798975e-03 9.999093460831713909e-01 4.699316373682111969e-01
9.733266057788526604e-01 -2.288286267566801979e-01 -1.651599405636379123e-02 5.447873174995617518e+01 2.288660988936783713e-01 9.734578350214420084e-01 3.901442760082638080e-04 6.406549243464906951e+00 1.598834763841894616e-02 -4.159688932962330582e-03 9.998635255512494657e-01 4.416695487252291219e-01
9.726448567072855100e-01 -2.317460812009876081e-01 -1.599176565765263874e-02 5.516019190238554160e+01 2.317855773248879703e-01 9.727666939619320496e-01 6.366023415359032926e-04 6.559907186253070677e+00 1.540872691147440049e-02 -4.325848628666044762e-03 9.998719208821744697e-01 4.575554040650264831e-01
9.720495871662560017e-01 -2.344802819542692596e-01 -1.177274243996201050e-02 5.583794673639847872e+01 2.345135605753888297e-01 9.721116737968165111e-01 1.511149961193654877e-03 6.723855840888059099e+00 1.109008548951441811e-02 -4.229780443257077568e-03 9.999295569995103605e-01 4.985497681883847010e-01
9.714626759798348221e-01 -2.370397835820887422e-01 -8.509416986783705644e-03 5.652197021235792107e+01 2.370651975710559578e-01 9.714914749054428533e-01 2.099115681328231169e-03 6.905466152880400443e+00 7.769252132260117717e-03 -4.056499156160736988e-03 9.999615910303262245e-01 5.350761406150101873e-01
9.708589082322403030e-01 -2.394909326668944183e-01 -8.779150098008735997e-03 5.721174503353451257e+01 2.395135649332694738e-01 9.708916851631400613e-01 1.608693269267464894e-03 7.091282784602332967e+00 8.138336381524027136e-03 -3.664539728139898714e-03 9.999601685214877245e-01 5.505156046299430894e-01
9.701643819335183938e-01 -2.422569234441562247e-01 -9.625750408487093734e-03 5.789981430567679865e+01 2.422838929383887563e-01 9.702038658596140452e-01 1.724498094934352353e-03 7.256076763629373261e+00 8.921168655149833843e-03 -4.005210909839055158e-03 9.999521843745300398e-01 5.429717668502366257e-01
9.694167861687619236e-01 -2.452021361389473963e-01 -1.034442492969623283e-02 5.857819638210481372e+01 2.452348554158902683e-01 9.694616302728656931e-01 2.003276771892361675e-03 7.407518479126895095e+00 9.537315312833043526e-03 -4.478823682009011597e-03 9.999444883367522019e-01 5.387423451643313932e-01
9.687062224789164677e-01 -2.479967825006315074e-01 -1.028836235571508814e-02 5.926270621451194387e+01 2.480230026784981945e-01 9.687532222440067287e-01 1.335864587396456754e-03 7.585947919311823995e+00 9.635594064182077118e-03 -3.845810862309060815e-03 9.999461810846830279e-01 5.504459283126773572e-01
9.679813836322805898e-01 -2.508124583616507253e-01 -1.025434892720192975e-02 5.997015399715767359e+01 2.508170260757355829e-01 9.680341324208884268e-01 -8.590102803214068241e-04 7.782541576083096047e+00 1.014201024745033097e-02 -1.740459342563828839e-03 9.999470538130593722e-01 5.926917829270861304e-01
9.672032332912269270e-01 -2.538211830062215291e-01 -9.628736589955784464e-03 6.067370607769180424e+01 2.538216637222326377e-01 9.672502991438887143e-01 -1.192405692510657006e-03 7.973749204822880188e+00 9.616056170508847922e-03 -1.290683299614542746e-03 9.999529316924600231e-01 6.089801068626601310e-01
9.664676742506956852e-01 -2.566397902393356967e-01 -8.732278875587468417e-03 6.136926044712049588e+01 2.566434005681774710e-01 9.665058930302730111e-01 -7.236591438537691521e-04 8.154918150004650812e+00 8.625518723722464323e-03 -1.541688575629826833e-03 9.999616110746863962e-01 5.949546005093583334e-01
9.655559548633870781e-01 -2.600739409391214507e-01 -7.952563878845792314e-03 6.207485491177870074e+01 2.600795569885921421e-01 9.655871322543987390e-01 -3.377296907386485077e-04 8.347797443220237312e+00 7.766728041487177062e-03 -1.742202376506820282e-03 9.999683208314196214e-01 5.910942755141702643e-01
9.644905004582403629e-01 -2.640107908180193141e-01 -7.508452400936880579e-03 6.279271652213503785e+01 2.640137581222336549e-01 9.645187204375856860e-01 -6.111036059205136265e-04 8.540713729236310670e+00 7.403380848488975464e-03 -1.392931113347142249e-03 9.999716244448767499e-01 6.111978543787238705e-01
9.634349666086186037e-01 -2.678470085981383142e-01 -7.144585423861570146e-03 6.348539988284473878e+01 2.678464576261901375e-01 9.634610366625742106e-01 -1.051651168089062002e-03 8.745975711318820345e+00 7.165211298459379062e-03 -9.004543889772334206e-04 9.999739241244952614e-01 6.427016542649194308e-01
9.624223304321574135e-01 -2.714715362955597566e-01 -6.816367571054075813e-03 6.418200645246679414e+01 2.714629581778279510e-01 9.624464388728316555e-01 -2.171321797342373044e-03 8.950482905246422760e+00 7.149840758925819079e-03 2.393372794506320707e-04 9.999744109199938391e-01 6.563342281627525532e-01
9.614198191627398860e-01 -2.749815731020404108e-01 -7.554189262375413279e-03 6.488663467243797811e+01 2.749731077761614628e-01 9.614494965658147985e-01 -2.157673112590772352e-03 9.148167916662163890e+00 7.856291810013911470e-03 -2.769204485349998843e-06 9.999691388594587060e-01 6.586468058888859112e-01
9.603349261049057839e-01 -2.787183860023636495e-01 -8.537623048754171967e-03 6.562907310086472989e+01 2.787055384741479180e-01 9.603728558819580874e-01 -2.683376411717152028e-03 9.353729515901624936e+00 8.947207772286292632e-03 1.974572589657106955e-04 9.999599534399917777e-01 6.636995766760208637e-01
9.590568679434663402e-01 -2.830592115928882158e-01 -9.349159474572774423e-03 6.634614813436672875e+01 2.830395027275593445e-01 9.591022418013837036e-01 -3.395536378251493709e-03 9.577236313617195407e+00 9.927937661184231891e-03 6.103310353102510150e-04 9.999505305512983444e-01 6.700919985308743110e-01
