1.000000000000000000e+00 0.000000000000000000e+00 0.000000000000000000e+00 0.000000000000000000e+00 0.000000000000000000e+00 1.000000000000000000e+00 0.000000000000000000e+00 0.000000000000000000e+00 0.000000000000000000e+00 0.000000000000000000e+00 1.000000000000000000e+00 0.000000000000000000e+00
9.999999923180321604e-01 9.124751585496742787e-05 -8.389175465401169877e-05 6.935661123614868424e-03 -9.128834902557334647e-05 9.999998773161602461e-01 -4.868614811528355641e-04 3.217161356009335792e-03 8.384731946112848849e-05 4.868691357525605770e-04 9.999998779640283386e-01 -1.591464387344733011e-03
9.999999943692264859e-01 9.536160427884171089e-05 -4.655868800438324554e-05 7.083101997963131037e-03 -9.537637636828385883e-05 9.999999450866899897e-01 -3.173798415306090977e-04 8.829106135224286389e-03 4.652841959683745159e-05 3.173842803424653698e-04 9.999999485511610331e-01 -5.622030123721644124e-03
9.999999807258816986e-01 1.859179048118399770e-05 -1.954548068207291394e-04 5.206511888058647924e-03 -1.861656582709481306e-05 9.999999917931243765e-01 -1.267563590603420370e-04 7.418265155532532441e-03 1.954524485889859832e-04 1.267599953145023633e-04 9.999999728651215447e-01 -6.178307277884368147e-04
9.999999958593042138e-01 5.396143718443632440e-05 -7.327724612884444779e-05 4.543123617138424171e-03 -5.396548627001118486e-05 9.999999970172386288e-01 -5.525621237424400544e-05 1.296138602141605738e-03 7.327426420564282729e-05 5.526016658766470650e-05 9.999999957885981061e-01 1.642715759199359516e-03
9.999999936004919654e-01 7.428850302467958244e-06 1.128885649851447899e-04 3.404382903142409451e-03 -7.426974483917717081e-06 9.999999998343583885e-01 -1.661696070761935830e-05 -4.165958510480450433e-04 -1.128886884113593242e-04 1.661612218078731249e-05 9.999999934900242193e-01 -1.661421108772428946e-03
9.999999997734314583e-01 1.159493239453892823e-05 -1.785201740595435441e-05 7.920388974700704257e-03 -1.159688842112646299e-05 9.999999939296640994e-01 -1.095727334731650852e-04 3.340501687290204410e-03 1.785074680914970112e-05 1.095729404761933021e-04 9.999999938375607744e-01 -2.430366265926109468e-03
9.999999856490665584e-01 5.003778521378769679e-05 -1.618582301830785654e-04 8.480744111745236458e-03 -5.006704858305044501e-05 9.999999824028129591e-01 -1.807973017190781721e-04 1.759728049446994793e-03 1.618491806382783577e-04 1.808054028883423179e-04 9.999999705571240849e-01 -8.873555229012781217e-05
9.999999772096868078e-01 1.055017423530498323e-04 -1.856071338281932784e-04 8.927981374659521921e-03 -1.055160058966083400e-04 9.999999914809994950e-01 -7.683992145633133648e-05 1.955990594076127166e-03 1.855990255014101161e-04 7.685950422855293085e-05 9.999999798228089709e-01 2.561717423331812127e-03
9.999999984915087792e-01 -4.503056670024720864e-05 -3.145203533347638901e-05 4.849645946412020452e-03 4.503350880411139269e-05 9.999999946103665938e-01 9.354811536287613207e-05 -3.702053421500066475e-04 3.144782263931293072e-05 -9.354953161726971820e-05 9.999999951297597889e-01 -6.675211698246116430e-04
9.999999884003677453e-01 -9.871532173171194318e-05 1.159937484396484042e-04 2.859078022612154043e-03 9.873757134744303051e-05 9.999999767265888018e-01 -1.918273023602857532e-04 2.341647757747634690e-03 -1.159748094462087617e-04 1.918387530761719536e-04 9.999999748738678251e-01 -4.051180769518756587e-03
9.999999706450001247e-01 -2.315830374932629110e-04 7.126917736090277735e-05 6.115023977542556263e-03 2.316055497705857345e-04 9.999999232417013939e-01 -3.160307905309416195e-04 1.206814199361955567e-02 -7.119598451998945744e-05 3.160472875908621674e-04 9.999999475226205581e-01 -2.477580475892593621e-03
9.999999921701392402e-01 -7.977189071570710277e-05 -9.641663151093893985e-05 5.181196899256471479e-04 7.975910492850607611e-05 9.999999880270218355e-01 -1.326063397594866419e-04 4.325660886544002541e-03 9.642720861498825697e-05 1.325986486169679628e-04 9.999999865596957971e-01 1.862929183738314207e-03
9.999999809471471490e-01 1.688723721324157895e-04 -9.791745182250079097e-05 -1.651105145327972463e-03 -1.688602926285105135e-04 9.999999781343416050e-01 1.233593036292330528e-04 -8.284777922336254360e-03 9.793828165969975096e-05 -1.233427669093181949e-04 9.999999875973273333e-01 1.503892993953805709e-03
9.999999342697274418e-01 3.368288364130665822e-04 -1.341897004080253324e-04 -1.186481502833847774e-03 -3.368288939446916624e-04 9.999999432730640736e-01 -4.061342840364956588e-07 -9.066146880267321462e-03 1.341895559981164966e-04 4.513332257083832933e-07 9.999999909964796263e-01 6.443128569966455237e-06
9.999999823337608618e-01 1.117528870810576951e-04 -1.511415570837980999e-04 5.974078356699928996e-03 -1.117749275134966480e-04 9.999999831205952372e-01 -1.458258373396350280e-04 3.478179738058899233e-03 1.511252580742848705e-04 1.458427286000282689e-04 9.999999779455271964e-01 -6.170250416633291405e-04
9.999999967949405599e-01 -6.936162924123384101e-05 -3.998853894712625705e-05 1.297346002908426367e-02 6.935269880815000021e-05 9.999999726674599909e-01 -2.232829647929393275e-04 8.583645142233238198e-03 4.000402512435777258e-05 2.232801907642067757e-04 9.999999742728168384e-01 -9.452701874981845210e-04
9.999999957619685187e-01 -2.965106366782994086e-05 -8.716006795401939075e-05 1.122243116655329692e-02 2.963962883613963247e-05 9.999999909550976174e-01 -1.311918333868498845e-04 4.239929350014473922e-03 8.716395714306953313e-05 1.311892494387912711e-04 9.999999875959125761e-01 -1.895464337892911267e-03
9.999999940292252365e-01 -2.549073038267769332e-05 -1.062627501545017285e-04 9.157079496790796261e-03 2.548838102671987740e-05 9.999999994307401385e-01 -2.211022798612231088e-05 4.570197553326191958e-03 1.062633136998709119e-04 2.210751938864223659e-05 9.999999941096828771e-01 -1.790775960784968604e-03
9.999999890282589288e-01 1.481331832782887311e-04 -2.051778369688240031e-07 1.881532200465711735e-03 -1.481331954589489659e-04 9.999999871862620404e-01 -6.069622886415481023e-05 -5.355748003258579623e-03 1.961867087450941546e-07 6.069625859186013366e-05 9.999999981579628106e-01 -2.515278564422318043e-03
9.999999953422050725e-01 9.648474798344986998e-05 -2.506627352701001472e-06 -3.929803147956549515e-04 -9.648499122679275047e-05 9.999999906192759136e-01 -9.722188347016990165e-05 3.847382492247380438e-04 2.497246900261926174e-06 9.722212486924844399e-05 9.999999952708110706e-01 -1.812825204410962229e-03
9.999999989149334079e-01 -3.435119370482226644e-05 -3.146631014121830327e-05 3.387192337542133374e-03 3.435000194225190277e-05 9.999999986928188589e-01 -3.787399710444886808e-05 6.174914478101367621e-03 3.146761111709703995e-05 3.787291619553859092e-05 9.999999987877158381e-01 1.575428260119823278e-04
9.999999991384185272e-01 -3.209002413655351370e-05 -2.633236062244832370e-05 5.961806847285274109e-03 3.208639581754351344e-05 9.999999899938137871e-01 -1.377782116959880992e-04 7.006762484662251884e-03 2.633678166510063754e-05 1.377773666667351745e-04 9.999999901618855658e-01 2.050066250562001396e-03
9.999999985682056503e-01 5.063426220512924863e-05 -1.731358327934380193e-05 4.970637178252474385e-03 -5.063521340936828736e-05 9.999999972086300870e-01 -5.494374350062032234e-05 1.351979282192985023e-03 1.731080119510023928e-05 5.494462009893642687e-05 9.999999983407124038e-01 8.854230122842856590e-04
9.999999983757912325e-01 5.687938297918381609e-05 3.626741934057431597e-06 4.323562263250997802e-03 -5.687922626148962175e-05 9.999999974493789523e-01 -4.319717339434952412e-05 -2.437490939926554613e-03 -3.629198953376102778e-06 4.319696703791323165e-05 9.999999990604254707e-01 -1.270651180807867622e-03
9.999999979507284698e-01 2.884520904360569405e-05 -5.715327631258942660e-05 7.698537613203867112e-03 -2.885444336258236373e-05 9.999999865301655300e-01 -1.615768855624194283e-04 3.108954596185765397e-03 5.714861482370358156e-05 1.615785343572788879e-04 9.999999853132064409e-01 -3.090222812072979715e-03
9.999999951235490903e-01 -9.575330116122664280e-05 -2.417037449573669863e-05 7.403380450886586951e-03 9.574777575070556523e-05 9.999999693099788090e-01 -2.285003387329546064e-04 4.613102045995708111e-03 2.419225341569753303e-05 2.284980233590869561e-04 9.999999736016937923e-01 -5.814753304199959689e-04
9.999999831903436665e-01 -1.560562841085044478e-04 9.625875892062599453e-05 -5.315597130598518168e-05 1.560677815120762668e-04 9.999999806876630482e-01 -1.194467294873220785e-04 5.603423604491459230e-03 -9.624011664889169082e-05 1.194617503704194732e-04 9.999999882333650003e-01 1.423222577662567549e-03
9.999999935398021789e-01 8.738476424901706009e-05 7.269318087265438184e-05 -1.306394333505274830e-03 -8.738029486973346869e-05 9.999999942922199736e-01 -6.148369009175425602e-05 1.457489617297121585e-03 -7.269855319550154709e-05 6.147733774297779871e-05 9.999999954677286640e-01 2.399615785151641093e-03
9.999999807751285275e-01 1.911351933433590557e-04 -4.378447762414390239e-05 -7.806642417327739128e-04 -1.911404895574406366e-04 9.999999744135156243e-01 -1.209887657755150488e-04 1.715391434320740643e-04 4.376135129271417320e-05 1.209971324360096487e-04 9.999999917223190149e-01 6.333175053193061416e-04
9.999999958467484795e-01 5.282246004132874507e-05 -7.427173510746636141e-05 2.716427139408715465e-03 -5.283090517305769751e-05 9.999999921396363067e-01 -1.137084989390616186e-04 9.288127946017406310e-04 7.426572816102192489e-05 1.137124223097961130e-04 9.999999907770432683e-01 -4.201623910956425560e-03
9.999999969189844462e-01 -6.856150275034917912e-06 -7.819862102336738708e-05 6.899327816198476231e-03 6.844979629141912969e-06 9.999999897736508991e-01 -1.428490262733620266e-04 -2.412928693706958686e-04 7.819959961807176245e-05 1.428484905652740024e-04 9.999999867395655828e-01 -3.127651068319576948e-03
9.999999903477517771e-01 -7.274999654626635598e-05 -1.183720172361421309e-04 6.312491043720920916e-03 7.272998433355311733e-05 9.999999830649476396e-01 -1.690575455530681523e-04 2.861231564900307191e-03 1.183843141673609193e-04 1.690489347263236168e-04 9.999999787038056365e-01 1.565908034515200564e-03
9.999999978376301613e-01 3.599561234382648661e-05 -5.503685635846504242e-05 6.459588131024622190e-03 -3.600287895044124376e-05 9.999999906350969248e-01 -1.320363541716574772e-04 2.335287489556043834e-03 5.503210311363015365e-05 1.320383353714232985e-04 9.999999897686727701e-01 2.644753920316790779e-03
9.999999998275365121e-01 1.849724164262103585e-05 1.667058345172801370e-06 1.020062574946998396e-03 -1.849707180346031899e-05 9.999999946450641719e-01 -1.018220506445261859e-04 1.029094965052678758e-03 -1.668941763321130099e-06 1.018220197912676799e-04 9.999999948147454409e-01 1.810404781188972717e-03
9.999999983665037728e-01 -2.354818403959248719e-05 5.208143080872977299e-05 -2.449965132648269993e-04 2.355286762441057691e-05 9.999999956789891176e-01 -8.992932843432908940e-05 -6.941746774720207144e-06 -5.207931291130880994e-05 8.993055495447542763e-05 9.999999946001202344e-01 -2.450548034195417207e-03
9.999999999158827313e-01 1.218053517990215650e-05 4.457468294639190189e-06 1.024683463612232562e-03 -1.217972073902135327e-05 9.999999832419883550e-01 -1.826682165650865086e-04 2.584920161752351630e-03 -4.459693216579006106e-06 1.826681622590019228e-04 9.999999833062266363e-01 -2.118175952914892312e-03
9.999999978733316031e-01 4.018352274775735793e-05 -5.136751220551859085e-05 3.308314019455159839e-03 -4.019578338979070396e-05 9.999999707018696338e-01 -2.387060094186209543e-04 4.407086082664521767e-04 5.135791865218701166e-05 2.387080736683662668e-04 9.999999701904094263e-01 -1.581054911537495798e-03
9.999999997298376631e-01 -2.194210662537003328e-05 -7.672582836110168516e-06 2.995493660670530117e-03 2.194106802823734916e-05 9.999999906010227368e-01 -1.353386270503129432e-04 2.110199285745647732e-03 7.675552378581004974e-06 1.353384586690876122e-04 9.999999908122937375e-01 5.354934748797823656e-04
9.999999996455023465e-01 8.553755884466622626e-06 -2.521564025424196951e-05 2.095134549053178589e-03 -8.553932824859695263e-06 9.999999999387960692e-01 -7.016989553370378301e-06 -4.604151305115728918e-04 2.521558023108299017e-05 7.017205243775742402e-06 9.999999996574666650e-01 1.720775160736446401e-05
9.999999998750693786e-01 -5.085622469823704115e-06 -1.496654922758633372e-05 4.055877258356664454e-03 5.083997569287668396e-06 9.999999940936957765e-01 -1.085668519336384661e-04 -3.199158717337251788e-04 1.496710126921101165e-05 1.085667758301752810e-04 9.999999939946204730e-01 -1.131906954449672740e-03
9.999999990434222941e-01 -4.373880578977989216e-05 -2.686476498081789721e-07 6.997720648217875886e-03 4.373873363687622490e-05 9.999999644722071812e-01 -2.629496293132594417e-04 2.443389864549065822e-03 2.801487430327482230e-07 2.629496173114197069e-04 9.999999654287095030e-01 -1.631664423897524622e-03
9.999999995887132176e-01 -2.062369201321723953e-05 1.993079982390389568e-05 3.527650610486928167e-03 2.062983806234378403e-05 9.999999522262409402e-01 -3.084184261227971235e-04 4.724127977849526885e-03 -1.992443814510310929e-05 3.084188371651215956e-04 9.999999522404177110e-01 -1.354849195637549981e-03
9.999999884892172286e-01 1.514972201186758668e-04 8.376020634186644590e-06 6.352860360857458168e-04 -1.514958608495541828e-04 9.999999753953431325e-01 -1.620441830062707234e-04 4.412790989641433674e-03 -8.400569671359381970e-06 1.620429122085588166e-04 9.999999868357624111e-01 -1.480880018197421174e-03
9.999999973785256291e-01 4.747160797305450283e-05 -5.467536101667384526e-05 4.064280550994193823e-03 -4.747521027077097796e-05 9.999999967025829939e-01 -6.588579806567842632e-05 1.662294430415856309e-03 5.467223313160961956e-05 6.588839361722142129e-05 9.999999963348332743e-01 -9.669837757921292487e-04
9.999999974510006551e-01 3.344714184309783460e-05 -6.308159392893419274e-05 7.651204104333580829e-03 -3.345709166142775117e-05 9.999999870001646807e-01 -1.577348832742601339e-04 2.958840514445062412e-03 6.307631732786936178e-05 1.577369933988642626e-04 9.999999855702094154e-01 -3.912956328698250679e-04
9.999999979496697611e-01 -5.372023951181618327e-05 -3.485392814886362651e-05 8.375155189023460525e-03 5.371541191279840892e-05 9.999999889668086395e-01 -1.384956216645066645e-04 2.425204899680162215e-03 3.486136778228073540e-05 1.384937491874376229e-04 9.999999898020831557e-01 -7.372333883503682551e-04
9.999999990616343926e-01 4.331062865292197944e-05 9.595347238819048140e-07 1.711718096479632970e-03 -4.331047738571408627e-05 9.999999867235445095e-01 -1.570895076248092254e-04 2.705980363775057577e-04 -9.663383564726932757e-07 1.570894659194948661e-04 9.999999876609828586e-01 -1.646365040233664385e-03
9.999999910458405861e-01 1.329988697242880341e-04 -1.481956190987444479e-05 7.769954995285072597e-04 -1.329999540063561637e-04 9.999999884772170500e-01 -7.318864680721396743e-05 -1.492938533408727422e-03 1.480982773180984309e-05 7.319061715292358246e-05 9.999999972119012481e-01 -1.167610001898465458e-03
9.999999967910215837e-01 7.872302946801002096e-05 1.485400347984571668e-05 3.375791427372064769e-03 -7.872110570745698241e-05 9.999999885205875794e-01 -1.294674177132445266e-04 -4.306675077941887579e-03 -1.486419537667026827e-05 1.294662479742082620e-04 9.999999915087731672e-01 -7.594422380750486456e-04
9.999999991283223810e-01 4.000637825923291919e-05 1.195177684982041139e-05 5.292832901548331567e-03 -4.000429729314101089e-05 9.999999840508528859e-01 -1.740630637007185453e-04 -2.085665742152996611e-03 -1.195874029196713470e-05 1.740625854265573575e-04 9.999999847796022800e-01 -9.737224338570282106e-04
9.999999995841843958e-01 8.964360707039997710e-06 2.740933113677735238e-05 -7.706818528334041058e-04 -8.957532882531119998e-06 9.999999689355175692e-01 -2.490958179993808634e-04 3.219088597083388965e-03 -2.741156327008382345e-05 2.490955723758179249e-04 9.999999686000005106e-01 -3.615108163334147546e-03
9.999999995069484005e-01 1.035313238516132259e-05 -2.964651595854184561e-05 8.894889858516647537e-04 -1.035771535205201095e-05 9.999999879971622763e-01 -1.545910506710158699e-04 2.829248141326320357e-03 2.964491510108636788e-05 1.545913576649679934e-04 9.999999876113454533e-01 -1.295321093493022237e-03
9.999999938511670017e-01 7.674797255488679225e-06 -1.106289447051120425e-04 6.454641894062349006e-03 -7.674036985949813131e-06 9.999999999469377787e-01 6.872670800761803885e-06 2.682353190195149728e-03 1.106289974455968057e-04 -6.871821787889515406e-06 9.999999938570014457e-01 2.084623426125516675e-03
9.999999983019968175e-01 5.355039180060146422e-05 -2.298612460148272642e-05 1.710951330919099900e-03 -5.355151295560864246e-05 9.999999973764979178e-01 -4.877745098572314897e-05 -1.480255598813011095e-03 2.298351248956725641e-05 4.877868184464827412e-05 9.999999985461991425e-01 3.824740667042673785e-04
9.999999939927732839e-01 8.406381759797249031e-05 7.034008860014491493e-05 2.402689461817366420e-03 -8.405851521669763422e-05 9.999999936258880950e-01 -7.538162812633461172e-05 -7.062668632569836166e-03 -7.034642501922636342e-05 7.537571499009215910e-05 9.999999946849410515e-01 -2.079184784491652609e-03
9.999999995281745324e-01 1.290507572385976347e-05 2.787669352779088586e-05 2.074069203078447287e-03 -1.290064795396205788e-05 9.999999873035476661e-01 -1.588284540082662215e-04 -2.863599904845648154e-03 -2.787874286708186082e-05 1.588280943059175855e-04 9.999999869982060252e-01 -3.387971980161711815e-03
9.999999961745721366e-01 -8.052654432436540154e-05 -3.415159413154383422e-05 8.134599672402030926e-03 8.051882615446293273e-05 9.999999712342456659e-01 -2.259385457940469113e-04 5.727164253268990715e-03 3.416978719946994070e-05 2.259357950834645047e-04 9.999999738927207726e-01 -1.666404061936654175e-03
9.999999910869388220e-01 1.002586742110194123e-04 -8.817210703829899603e-05 6.750981785640420424e-03 -1.002704709488654229e-04 9.999999860219729308e-01 -1.337979316123233430e-04 9.567213902457077414e-05 8.815869140259125869e-05 1.338067714784713970e-04 9.999999871618964198e-01 1.802754777810992859e-03
9.999999873611933321e-01 1.538345389314368223e-04 -4.015654201110812124e-05 2.809454718098786021e-04 -1.538380743473621425e-04 9.999999842902923541e-01 -8.805260896919114421e-05 3.032777255882651611e-04 4.014299584775812065e-05 8.805878546140666655e-05 9.999999953170950473e-01 1.217015358835338073e-03
9.999999930464653630e-01 1.179117682287847619e-04 -1.970849281556981108e-06 1.377175044370009633e-03 -1.179119248632543574e-04 9.999999898751045224e-01 -7.966535581365932891e-05 -1.360830086662395948e-03 1.961455778631774426e-06 7.966558764633592006e-05 9.999999968247733628e-01 -9.430453742506479360e-04
9.999999970294329854e-01 7.413156574623279199e-05 2.111030623350249402e-05 1.487896299411383197e-02 -7.412726181878396907e-05 9.999999764841573935e-01 -2.038058725921375075e-04 -3.801531497108582517e-03 -2.112541418551938991e-05 2.038043071375212560e-04 9.999999790087603646e-01 -1.351574697197365513e-03
9.999999811611881562e-01 -1.935204142548568483e-04 1.508219606573956375e-05 3.080337831854179295e-02 1.935221292387573995e-04 9.999999748004220201e-01 -1.137907768113141058e-04 2.363988041259791183e-03 -1.506017484740768220e-05 1.137936934063273243e-04 9.999999934120932243e-01 2.292238170515022069e-03
9.999999529016698752e-01 -2.964547855330064039e-04 -7.944317614258477581e-05 2.914825158163413671e-02 2.964678083498367939e-04 9.999999426112261558e-01 1.639645782153477307e-04 9.879115750184413666e-03 7.939456349956846442e-05 -1.639881228372092113e-04 9.999999834021993106e-01 6.600208797997948740e-03
9.999999960229599694e-01 3.003706906393088165e-05 -8.397532038519928165e-05 1.032374553151574163e-02 -3.002591950057157779e-05 9.999999907352836725e-01 1.327700143032576523e-04 3.715481918130374324e-03 8.397930762928100697e-05 -1.327674923390160437e-04 9.999999876601343152e-01 7.314021515265611839e-03
9.999999724701154058e-01 2.254536079143777975e-04 6.504182660995199881e-05 -2.007824594634801882e-02 -2.254414090037873256e-04 9.999999570097227730e-01 -1.875012632484689145e-04 7.482484595234783196e-05 -6.508409665007370236e-05 1.874865949655456080e-04 9.999999803064183457e-01 2.214591542222477116e-03
9.999999716815961559e-01 1.968157321522812173e-04 1.337922809669096866e-04 -2.915860389893145874e-02 -1.967906555259373968e-04 9.999999630741752688e-01 -1.874168776899469890e-04 5.403686488284610654e-04 -1.338291626165195836e-04 1.873905433119243740e-04 9.999999734872694335e-01 -3.853596994504355101e-03
9.999999982283351851e-01 -1.872145676706415322e-05 5.650519085954010192e-05 -2.856752383830441291e-02 1.873761250047635015e-05 9.999999589467734040e-01 -2.859289305260090744e-04 -2.888170178543755101e-03 -5.649983553370839897e-05 2.859299887918094235e-04 9.999999575259040929e-01 -2.352394479677493745e-03
9.999999822987060139e-01 -1.715882838008079658e-04 -7.720134981226268827e-05 -3.880922386846574756e-02 1.715764911774628231e-04 9.999999736171880649e-01 -1.527322192978727356e-04 -4.616323234520406868e-03 7.722755483486439725e-05 1.527189706575998805e-04 9.999999853564103258e-01 3.707195270630070372e-03
9.999999932979390938e-01 -1.149884194018507637e-04 -1.348277396575570946e-05 -6.824515371407494091e-02 1.149891275466923576e-04 9.999999920088824545e-01 5.253318532526194540e-05 -8.065306133420853743e-03 1.347673315006658213e-05 -5.253473534559657051e-05 9.999999985292395976e-01 6.228167388086681446e-03
9.999999832296371238e-01 -1.664307463105452818e-04 7.642991723003997729e-05 -8.552481869401339087e-02 1.664147920791153872e-04 9.999999643747502498e-01 2.087022164554923733e-04 1.442128818551253241e-03 -7.646464897284645517e-05 -2.086894938866959382e-04 9.999999753009259917e-01 3.896058930311335766e-03
9.999999397291801095e-01 -3.464763881672683148e-04 -2.226541469080930782e-05 -1.022104079659566234e-01 3.464725541312905620e-04 9.999999251914224452e-01 -1.719706913189096922e-04 9.121261264674319219e-03 2.232499680916410955e-05 1.719629665989984106e-04 9.999999849651661776e-01 5.224512840114169804e-03
9.999998246523248424e-01 -5.904179350400684664e-04 -4.584737173865757347e-05 -1.387175610075190579e-01 5.904085016955155918e-04 9.999998045943596647e-01 -2.054970646958664089e-04 8.409274212665794265e-03 4.596869193241706121e-05 2.054699599843788898e-04 9.999999778344872414e-01 3.958315801672805841e-03
9.999999406419297632e-01 -3.254532744030669083e-04 1.131207456512741658e-04 -1.619908830415819900e-01 3.254881021231016127e-04 9.999998995970517113e-01 -3.079989966189316153e-04 2.861713326381588093e-03 -1.130204950116552948e-04 3.080357977935183284e-04 9.999999461701560843e-01 9.810653988932379796e-05
9.999999863505920628e-01 1.168825876016781268e-04 1.167787495376047249e-04 -1.837716703834882392e-01 -1.168667014841320417e-04 9.999999839185175210e-01 -1.360335945107839760e-04 -1.062194196136948335e-02 -1.167946476181564829e-04 1.360199451067440864e-04 9.999999839287923020e-01 4.408946156471255616e-03
9.999999992662299553e-01 3.794562467370442282e-05 5.260191464609350848e-06 -2.076766327469234674e-01 -3.794757577847441285e-05 9.999999303049050825e-01 3.714164327005694492e-04 -8.120186723666406037e-03 -5.246097469446905253e-06 -3.714166320395494506e-04 9.999999310110795347e-01 4.464908699026838221e-03
9.999999322299703008e-01 -3.663743833875928173e-04 3.619207254967260403e-05 -2.348808388496927413e-01 3.663625650692063380e-04 9.999998797469630274e-01 3.260130831128571429e-04 2.320220311947878995e-03 -3.631151103976771878e-05 -3.259998015984062985e-04 9.999999462028003050e-01 6.193475840705115268e-03
9.999999227262905688e-01 -3.739169656374605254e-04 1.213816945029169497e-04 -2.737564586170683767e-01 3.739003141912535617e-04 9.999999206906147187e-01 1.371762341494895678e-04 -2.759949928789809208e-03 -1.214329773974401355e-04 -1.371308388956614160e-04 9.999999832245823894e-01 5.433523420858624858e-03
9.999997256386544686e-01 -4.899796127974107756e-04 5.555561130503773462e-04 -3.231241869725564597e-01 4.901528853050928988e-04 9.999998312663894717e-01 -3.117969555859945370e-04 -3.646271266199505989e-03 -5.554032451578188451e-04 3.120691774727228206e-04 9.999997970700112981e-01 2.776172394508840888e-03
9.999992454105334216e-01 -9.418456321512518829e-04 7.887364381634064418e-04 -3.756626671486958946e-01 9.421949257775207639e-04 9.999994581878376421e-01 -4.425977328168242356e-04 1.169267646761781593e-03 -7.883191520749576603e-04 4.433405423070505783e-04 9.999995910009553679e-01 5.795713849371217537e-03
9.999986640902454038e-01 -1.090706197402394441e-03 1.217447212625394262e-03 -4.302360156403055025e-01 1.091180829169160604e-03 9.999993288994946106e-01 -3.892620692037679071e-04 5.666697152586949206e-03 -1.217021825044659966e-03 3.905900042437148757e-04 9.999991831483293625e-01 2.929257934107688983e-03
9.999992757164409829e-01 -8.272416890944356369e-04 8.742069441817018833e-04 -4.992246014421877764e-01 8.271302429416350476e-04 9.999996497566430165e-01 1.278364287475249105e-04 2.602304834011216587e-03 -8.743123896197720199e-04 -1.271132531555789794e-04 9.999996097099569381e-01 1.225777903900035840e-02
9.999995295731202161e-01 -8.175126376593240540e-04 5.220408274292213675e-04 -6.074924275001859497e-01 8.172334565804036935e-04 9.999995230711955507e-01 5.347773919430376562e-04 2.859493157612876587e-03 -5.224777657291614259e-04 -5.343505111395015520e-04 9.999997207432187452e-01 1.639198452976603840e-02
9.999995500488784161e-01 -7.581630999100633615e-04 5.701673040763116608e-04 -7.058432248760676542e-01 7.579340621025896022e-04 9.999996320416079110e-01 4.018116553543446502e-04 1.236621678629292939e-02 -5.704717330486708303e-04 -4.013793253378829837e-04 9.999997567282898903e-01 1.388907830466708931e-02
9.999993578555695928e-01 -7.216791222180540637e-04 8.737663835374612263e-04 -7.757948647427496125e-01 7.214475435330870885e-04 9.999997045590078848e-01 2.653211994201280376e-04 1.190295294748383234e-02 -8.739576021613572028e-04 -2.646906524345726645e-04 9.999995830683972020e-01 1.362895784640668663e-02
9.999988798639940502e-01 -1.040733045846729907e-03 1.075706969637071865e-03 -8.452751311900627007e-01 1.040388695400369179e-03 9.999994073951515849e-01 3.206254951252544903e-04 5.248992682713067570e-03 -1.076040017716024073e-03 -3.195059826103191047e-04 9.999993700267052477e-01 1.852312014856099393e-02
9.999991291109452396e-01 -8.137569886159106043e-04 1.039026907562906306e-03 -9.324445620114443223e-01 8.136644779283871542e-04 9.999996649738595034e-01 8.945549770839780041e-05 -3.176934239444495229e-03 -1.039099354498162087e-03 -8.861000051628821830e-05 9.999994562102517692e-01 2.493053698557952391e-02
9.999992966751976020e-01 -4.533028962394438158e-04 1.095977004501979451e-03 -1.031322773810944948e+00 4.528632277024748401e-04 9.999998169041869334e-01 4.013807290113850681e-04 -3.959498571435914743e-03 -1.096158750880134184e-03 -4.008841190266166938e-04 9.999993188637260610e-01 2.201985470577183177e-02
9.999989240133106971e-01 -6.959192691252052239e-04 1.291382434363378372e-03 -1.169263928978449441e+00 6.949321737302776615e-04 9.999994661801744344e-01 7.646624353230567278e-04 6.191871391127410675e-03 -1.291913888320950004e-03 -7.637641893542253344e-04 9.999988738107499220e-01 1.694856198409843556e-02
9.999988069983197780e-01 -8.085754648589797223e-04 1.316133600659132171e-03 -1.305241818967412204e+00 8.073852313682456164e-04 9.999992648945454921e-01 9.046211675173382013e-04 2.026768546822221156e-02 -1.316864087643190287e-03 -9.035574614710857730e-04 9.999987247256311163e-01 1.580123789037298637e-02
9.999986664132564096e-01 -1.163198835139978493e-03 1.146359532941485654e-03 -1.453539534117133103e+00 1.162445406543053360e-03 9.999991080863793735e-01 6.576831475288262303e-04 3.586444341299260818e-02 -1.147123526758900714e-03 -6.563496900779846373e-04 9.999991266559680181e-01 2.945098660620583397e-02
9.999984326619270059e-01 -1.097147541704029863e-03 1.389583017045142215e-03 -1.584024114249746873e+00 1.096146022031369884e-03 9.999991391015120579e-01 7.212906023602702523e-04 2.234164324320931164e-02 -1.390373182966458043e-03 -7.197662859576311025e-04 9.999987743987017730e-01 3.438968645298907945e-02
9.999976102288139490e-01 -1.212121772104800483e-03 1.819422290350345122e-03 -1.704627468715478544e+00 1.210277635688093364e-03 9.999987531678710129e-01 1.014342520011062313e-03 1.884243657059293114e-02 -1.820649528489054090e-03 -1.012138089856651517e-03 9.999978304035371801e-01 3.452808260848513194e-02
9.999975016202623523e-01 -8.769553979278949625e-04 2.056137753998753172e-03 -1.850804545868111051e+00 8.739032913653602087e-04 9.999985158046265088e-01 1.484817019544894603e-03 2.046809106592309066e-02 -2.057436820588836191e-03 -1.483016444357418244e-03 9.999967838028055445e-01 3.759531836770894225e-02
9.999980626436484332e-01 -7.308089665141212325e-04 1.827738275659534671e-03 -2.000857084426084231e+00 7.265765916434673358e-04 9.999970558984215829e-01 2.315228054777095524e-03 2.387832377367833658e-02 -1.829424884034348830e-03 -2.313895577508573356e-03 9.999956495364618059e-01 4.841928179907810381e-02
9.999980224176647781e-01 -4.411091566365659897e-04 1.939222388351109294e-03 -2.190663767193938849e+00 4.364163095037952231e-04 9.999969772413759284e-01 2.419720834307062009e-03 2.134243710502261790e-02 -1.940283887566428018e-03 -2.418869740831852168e-03 9.999951921722486370e-01 6.081284618084656368e-02
9.999966854460093924e-01 -1.039881486256158914e-03 2.355364831497057821e-03 -2.375399865541241162e+00 1.033302256098574037e-03 9.999955662892227037e-01 2.792792212902156079e-03 3.008334508029981286e-02 -2.358258561407778134e-03 -2.790349152247260066e-03 9.999933262618136975e-01 6.128217528425963095e-02
9.999959265298917765e-01 -1.219674541476099003e-03 2.580565371427871041e-03 -2.523917278951163468e+00 1.211357238245085264e-03 9.999940751108775672e-01 3.222166473345281640e-03 2.033863451297793570e-02 -2.584480076280108642e-03 -3.219027361405025437e-03 9.999914791264882252e-01 6.192289707230609619e-02
9.999955621249688731e-01 -6.640918535806951753e-04 2.904257629344188674e-03 -2.716938466409993591e+00 6.538811428987565582e-04 9.999936074953675869e-01 3.515310491511405584e-03 1.513124245715508596e-02 -2.906573552924058938e-03 -3.513395851704801190e-03 9.999896038858457903e-01 5.936222432910005092e-02
9.999947349572900768e-01 2.654232641961294881e-05 3.244896485890201056e-03 -2.933544455225614023e+00 -4.005240350757733567e-05 9.999913318330035938e-01 4.163490682187609079e-03 1.146388208911079155e-02 -3.244757849856844210e-03 -4.163598727134737963e-03 9.999860678990158958e-01 6.428106808903850944e-02
9.999936674975706818e-01 -9.723641694905071355e-05 3.557458339487260240e-03 -3.151086413692241628e+00 8.376521601878263645e-05 9.999928269107165590e-01 3.786701797368966383e-03 4.930871047878697400e-03 -3.557801026835799400e-03 -3.786379826804350986e-03 9.999865025987403344e-01 6.843628551803657145e-02
9.999933423368341234e-01 -6.688927237746038678e-04 3.587180582495055371e-03 -3.354514606493342210e+00 6.557187511716741374e-04 9.999930416067089878e-01 3.672433945241217884e-03 7.210759352570293018e-03 -3.589612085826271275e-03 -3.670057313841231655e-03 9.999868225953711942e-01 6.603874815665705666e-02
9.999926015550840708e-01 -9.860683994449993134e-04 3.718131816714583936e-03 -3.546367718733806296e+00 9.710686805049885753e-04 9.999913924706346213e-01 4.033857986966505119e-03 2.168849805308487380e-02 -3.722077472674583786e-03 -4.030217581333191655e-03 9.999849516295404861e-01 6.860355341798791973e-02
9.999915537742521954e-01 -8.214231826181156697e-04 4.027113620450419040e-03 -3.790816051686039856e+00 8.046886649770991192e-04 9.999910428446259214e-01 4.155322691439646346e-03 3.898092849872893811e-02 -4.030490827358018321e-03 -4.152047021963188936e-03 9.999832576844563947e-01 7.567604867355169629e-02
9.999913982971001536e-01 -5.598271936672992574e-04 4.109735432313190232e-03 -4.065989001741677988e+00 5.377586043667927735e-04 9.999854423577156926e-01 5.368974606671289909e-03 2.569123803145118706e-02 -4.112681302241807946e-03 -5.366718378756449304e-03 9.999771418319267635e-01 7.380343592597299329e-02
9.999916219581234111e-01 -3.689118941643349469e-04 4.076753313102449150e-03 -4.333916822362305687e+00 3.447540385757936142e-04 9.999823883555011284e-01 5.924873288151046198e-03 3.011402644601420681e-03 -4.078867270999804104e-03 -5.923418172145555362e-03 9.999741376450410613e-01 8.846397023056751241e-02
9.999900353167254785e-01 -5.607359120277707193e-04 4.428864695500416178e-03 -4.619379640621214200e+00 5.332660051357216140e-04 9.999806300683776739e-01 6.201218865530094305e-03 2.056445275773095480e-02 -4.432256154810345836e-03 -6.198795309364728279e-03 9.999709645995181750e-01 1.039603957748334168e-01
9.999889605395126946e-01 -6.026295242813718223e-04 4.660003944344888981e-03 -4.890561961929906332e+00 5.689472797093877987e-04 9.999737310317263761e-01 7.225894095649183953e-03 3.221478444331346558e-02 -4.664236067970488168e-03 -7.223163029109258733e-03 9.999630347256628360e-01 1.110353120108400621e-01
9.999909720722560680e-01 -3.226142953258893248e-04 4.236943945930039118e-03 -5.151275280723679906e+00 2.897565068176885745e-04 9.999699000120634285e-01 7.753393517081128700e-03 3.656195476096346653e-02 -4.239317769554277332e-03 -7.752095837927330466e-03 9.999609658356511943e-01 1.198289008090896585e-01
9.999918600984620820e-01 -4.978698524935562834e-04 4.003980822611858705e-03 -5.475333480861616309e+00 4.642727559197065527e-04 9.999647166922731589e-01 8.387480035743360637e-03 4.734803486070035539e-02 -4.008015422372550318e-03 -8.385552823270556871e-03 9.999568082253463830e-01 1.233704214117033182e-01
9.999905152377517314e-01 -1.115402109055187770e-04 4.353962943929748884e-03 -5.794100222905347763e+00 7.098553728523369086e-05 9.999566261659362798e-01 9.313471312649805600e-03 2.942162486985841485e-02 -4.354812922417974907e-03 -9.313073908189804448e-03 9.999471497328202840e-01 1.168254955374295745e-01
9.999884267136441851e-01 -6.084383274100649795e-04 4.772446078522613391e-03 -6.112993217207286278e+00 5.611612521314323938e-04 9.999508229954917615e-01 9.901347821776396510e-03 2.595011429711922141e-02 -4.778235743428080849e-03 -9.898555118825591581e-03 9.999395917102891218e-01 1.323678319057054187e-01
9.999872308588846348e-01 -5.571905063711424418e-04 5.022714198453530690e-03 -6.447178395509788551e+00 5.031444987378189126e-04 9.999420349240213390e-01 1.075516794943774494e-02 2.385561896524902512e-02 -5.028415733919252249e-03 -1.075250346416279333e-02 9.999295468704082479e-01 1.425894845422301382e-01
9.999880269601846283e-01 -4.369301528425449145e-04 4.873913039706646508e-03 -6.794862636221937535e+00 3.731313274017710206e-04 9.999143430318347958e-01 1.308309490246028703e-02 1.972550131644712490e-02 -4.879211953747950893e-03 -1.308111964840196276e-02 9.999025340499215764e-01 1.322543301136815674e-01
9.999870962626583593e-01 -3.932709279023483082e-05 5.079937160689511691e-03 -7.202186310585147133e+00 -2.648243570792658793e-05 9.999160920996544855e-01 1.295407498959144296e-02 3.036396778288021070e-02 -5.080020359937599018e-03 -1.295404236271953217e-02 9.999031884035611828e-01 1.500485505577846546e-01
9.999873191905088721e-01 4.790524091252565614e-04 5.013179327389567265e-03 -7.578476433678469348e+00 -5.429016926438186416e-04 9.999186613114914302e-01 1.274268491280445073e-02 4.868488037254279505e-02 -5.006667148051616341e-03 -1.274524498878703248e-02 9.999062416118045249e-01 1.587491801020966542e-01
9.999890947187458634e-01 5.307061501069969657e-04 4.639913206670920678e-03 -7.973317363440486361e+00 -5.894396254618399595e-04 9.999196077113122749e-01 1.266612313943243050e-02 4.937074289911226599e-02 -4.632818203980814363e-03 -1.266871996049991067e-02 9.999090161259930332e-01 1.623587526650492885e-01
9.999916836766500339e-01 8.728223251369557562e-04 3.983812084861342549e-03 -8.372120978007119518e+00 -9.288419985495004845e-04 9.999004164562722563e-01 1.408170526303280032e-02 2.972521473459673047e-02 -3.971124536006813074e-03 -1.408528848699726332e-02 9.998929116751241741e-01 1.604842510493265095e-01
9.999904386783785570e-01 8.284680859541853487e-04 4.293738750150534640e-03 -8.791449085032864375e+00 -8.871401633829708016e-04 9.999060209735762816e-01 1.368072377911709776e-02 4.017958848585277687e-02 -4.282001185719325025e-03 -1.368440212141336203e-02 9.998971955178317383e-01 1.754125459418107713e-01
9.999882349287119165e-01 1.197106252646704854e-03 4.700738322755738247e-03 -9.205417686616584660e+00 -1.261320358987366328e-03 9.999056109524392388e-01 1.368131049210050305e-02 4.174741049113309815e-02 -4.683916642208126729e-03 -1.368707866745601416e-02 9.998953569261334051e-01 1.825298453383990549e-01
9.999884863944066282e-01 1.245892768865226440e-03 4.634094283907571991e-03 -9.627718953934525814e+00 -1.309425209145994489e-03 9.999048527095112382e-01 1.373211322383669289e-02 4.811948614496348864e-02 -4.616544621825772500e-03 -1.373802311757797885e-02 9.998949716028057155e-01 1.909364284972759063e-01
9.999922259029010441e-01 3.979713318089582409e-04 3.922977514649623500e-03 -1.009008508507083413e+01 -4.536110478542569927e-04 9.998991804814796325e-01 1.419236095519606743e-02 5.768330259226078088e-02 -3.916933849154577429e-03 -1.419403012834506879e-02 9.998915876923543111e-01 2.168895288113781850e-01
9.999923109882936645e-01 1.929193515610833597e-04 3.916726492305335969e-03 -1.056271326527030396e+01 -2.539085399418573473e-04 9.998786397309875618e-01 1.557694900047285232e-02 2.886527594889471901e-02 -3.913246062424111452e-03 -1.557782371943465353e-02 9.998710006362926395e-01 2.299696921255413862e-01
9.999924842494712918e-01 4.561595416916037170e-04 3.850112081922612509e-03 -1.104486262062433788e+01 -5.169087221269268910e-04 9.998751597584805140e-01 1.579233052231445236e-02 3.785567398330247357e-02 -3.842427610747127607e-03 -1.579420198761429320e-02 9.998678807390657397e-01 2.466513319220426936e-01
9.999919045897802672e-01 1.051847683001456675e-03 3.883860367656038690e-03 -1.151225269446433863e+01 -1.112238425432167778e-03 9.998780077829644286e-01 1.557987412192861701e-02 6.515605308898464454e-02 -3.866998912422527253e-03 -1.558406777519634641e-02 9.998710832657324854e-01 2.311265146560587125e-01
9.999918325345251713e-01 1.097934726000051806e-03 3.889653400952750029e-03 -1.200042936700461560e+01 -1.149035266389533119e-03 9.999127462436984137e-01 1.315977269339559455e-02 8.205087887905955502e-02 -3.874865442656459571e-03 -1.316413456033819346e-02 9.999058410565859756e-01 2.312068016649910795e-01
9.999922548783405363e-01 5.680947008960234024e-04 3.894541275005609059e-03 -1.249707907076583524e+01 -6.190515227803536401e-04 9.999140590225836789e-01 1.309547036929514102e-02 6.856523310337882260e-02 -3.886767106999309326e-03 -1.309777986499076688e-02 9.999066662464373145e-01 2.415689485531849756e-01
9.999907555301346118e-01 8.364800702356454390e-04 4.217719213349221952e-03 -1.302534917532395831e+01 -9.010156448668600170e-04 9.998821984384360650e-01 1.532244813101486108e-02 3.860289132276400331e-02 -4.204405436950837092e-03 -1.532610671410173341e-02 9.998737087392135514e-01 2.579813507183840171e-01
9.999916277767889605e-01 1.203240096184270570e-03 3.911085475771952993e-03 -1.357736581474977555e+01 -1.261897048478250816e-03 9.998862482587048683e-01 1.502990881444637994e-02 3.100633745863793506e-02 -3.892555994061194270e-03 -1.503471836791316942e-02 9.998793953529748757e-01 2.878367935067278616e-01
9.999901805958815171e-01 2.025466530651676752e-03 3.941598298837042935e-03 -1.411425976073262234e+01 -2.084719115390197032e-03 9.998840108778094260e-01 1.508703871257371411e-02 2.031321311467343405e-02 -3.910582824351368537e-03 -1.509510769216241936e-02 9.998784151414290555e-01 2.809993563312032094e-01
9.999926022360212663e-01 1.482745987248024807e-03 3.549216472377753236e-03 -1.464966640099705764e+01 -1.529601219613226050e-03 9.999112374588465801e-01 1.323546461696646810e-02 3.569021814223630878e-02 -3.529276602854391869e-03 -1.324079558996790404e-02 9.999061083615827794e-01 2.971523648283102559e-01
