1.000000000000000000e+00 0.000000000000000000e+00 0.000000000000000000e+00 0.000000000000000000e+00 0.000000000000000000e+00 1.000000000000000000e+00 0.000000000000000000e+00 0.000000000000000000e+00 0.000000000000000000e+00 0.000000000000000000e+00 1.000000000000000000e+00 0.000000000000000000e+00
9.999999925727515171e-01 6.431446172481855681e-05 1.035284839300357624e-04 1.183457242381791459e-03 -6.433074790452908203e-05 9.999999855567007767e-01 1.573154575903438655e-04 -6.918970535015163880e-04 -1.035183647757669591e-04 -1.573221164867235288e-04 9.999999822668497185e-01 -6.206522817835877486e-04
9.999999952105580459e-01 -8.821914791196542129e-05 4.238237695861071731e-05 1.554411561915761218e-03 8.820722598500382633e-05 9.999999565690832481e-01 2.812140054855926741e-04 4.293839155122744760e-04 -4.240718357785008092e-05 -2.812102657068323497e-04 9.999999595612077963e-01 -4.940921669038398278e-04
9.999999907973423641e-01 -1.237795999911115580e-04 -5.553310600981731688e-05 3.049174501818575390e-03 1.237896450835387408e-04 9.999999759724365056e-01 1.809177998054394096e-04 4.939127870090443892e-03 5.551071074260089077e-05 -1.809246725639981782e-04 9.999999820924118099e-01 1.083710165451895555e-03
9.999999913319627121e-01 -1.267804832523035190e-04 -3.553566549895275040e-05 1.387498773763146034e-03 1.267825784050002533e-04 9.999999902247651562e-01 5.896310144116895268e-05 6.217535542336994486e-03 3.552818978108850464e-05 -5.896760623337188583e-05 9.999999976302845761e-01 -1.140311290449695734e-03
9.999999979001807926e-01 4.967598154794313154e-05 4.161652681854641087e-05 -1.017840582131869075e-03 -4.967716621087410348e-05 9.999999983609439980e-01 2.846561523001923550e-05 9.045747753807717451e-04 -4.161511269295767470e-05 -2.846768256136647044e-05 9.999999987288866743e-01 -1.118273893996524302e-03
9.999999844522964310e-01 1.490892236994339310e-04 9.416905212848314269e-05 9.436215066921699486e-04 -1.490926790683143311e-04 9.999999882127075246e-01 3.668729919051073467e-05 -1.326581702799029330e-03 -9.416358133752904529e-05 -3.670133853637463976e-05 9.999999948931158622e-01 6.866727457903857613e-04
9.999999814571718382e-01 1.855223849707147608e-04 5.164398018060241429e-05 2.824366959666796146e-03 -1.855235717084485053e-04 9.999999825265682984e-01 2.297536538850133221e-05 -1.126600296606436197e-03 -5.163971683362239979e-05 -2.298494613813342486e-05 9.999999984025159661e-01 4.114381930775809146e-04
9.999999940736631343e-01 1.022947398279628830e-04 3.726204297438409836e-05 2.308688891214292615e-03 -1.022971959443121944e-04 9.999999925950004975e-01 6.591875802046715687e-05 7.509217455983688413e-04 -3.725529955625720856e-05 -6.592256943232182144e-05 9.999999971331287041e-01 -5.112640907430475055e-04
9.999999965278918435e-01 -7.974009142879543485e-05 -2.420194628463903731e-05 -2.647211405690199325e-03 7.974111299981155566e-05 9.999999959297402041e-01 4.221225422180019512e-05 1.041886629727125377e-03 2.419858017711976395e-05 -4.221418396536817978e-05 9.999999988161957232e-01 7.827509606560974480e-04
9.999999964979109368e-01 -5.324221941731276559e-05 6.457123283935862232e-05 -1.741290643024551513e-04 5.323308118423694880e-05 9.999999885698435120e-01 1.415152000990909319e-04 1.990823501769831486e-03 -6.457876668463390145e-05 -1.415117622778121957e-04 9.999999879020019522e-01 1.091754519650633840e-03
9.999999870961217008e-01 3.451208263775915741e-06 1.606108517327236251e-04 1.361751298146507069e-03 -3.486133449893827772e-06 9.999999763511397965e-01 2.174524471642272003e-04 -1.522447622454220235e-03 -1.606100974607773996e-04 -2.174530042691099339e-04 9.999999634592930953e-01 2.419983497912323034e-03
9.999999372783812124e-01 -1.269315189912818571e-04 3.306533276701889221e-04 3.114606383010027138e-04 1.268356031552787615e-04 9.999999498818334942e-01 2.900845741922573493e-04 -2.283905551958950036e-03 -3.306901319740885789e-04 -2.900426173834329095e-04 9.999999032596537107e-01 5.543600305541292877e-03
9.999998686511031298e-01 -2.760289795292034565e-04 4.318631483940452024e-04 -2.639746355252492026e-03 2.759308412213730736e-04 9.999999361013753862e-01 2.272870781749066870e-04 9.437565551838163896e-03 -4.319258586188328211e-04 -2.271678839591708234e-04 9.999998809173954450e-01 2.941287183220261774e-03
9.999997611543988141e-01 -5.555460098628690630e-04 4.111687928333780011e-04 -2.545614605558555246e-02 5.554265551346480260e-04 9.999998035317078093e-01 2.905819807274005913e-04 1.617565343977088801e-02 -4.113301437116786323e-04 -2.903535372569904455e-04 9.999998732511601318e-01 1.481654687241147021e-03
9.999994680394405089e-01 -9.819252525139878299e-04 3.158221564674451197e-04 -5.404734478080940041e-02 9.818639334798514966e-04 9.999994991043049675e-01 1.942533278156140892e-04 5.503788758259606922e-03 -3.160127405214535742e-04 -1.939431300956759004e-04 9.999999312610027280e-01 -1.129092952619526824e-03
9.999975136920240537e-01 -2.205076253075279307e-03 3.320368779840636702e-04 -7.643125084493625210e-02 2.204957640996978597e-03 9.999975052929597208e-01 3.571689492366941234e-04 -2.606908797549850609e-06 -3.328236344176242235e-04 -3.564359339534830715e-04 9.999998810909196401e-01 1.131678423075606343e-03
9.999922500612273835e-01 -3.912427319551296453e-03 4.390101968127296198e-04 -1.045294777994224822e-01 3.912220982157810917e-03 9.999922368376690240e-01 4.698844347361450348e-04 1.425763785705778941e-02 -4.408451774048004158e-04 -4.681632882571936782e-04 9.999997932393112077e-01 3.708489072563687840e-03
9.999819525547207766e-01 -5.998246609202815410e-03 3.400036226889947854e-04 -1.388711555261361308e-01 5.998066792938031022e-03 9.999818723360671680e-01 5.274409927632658056e-04 3.410846502137331732e-02 -3.431611803639835986e-04 -5.253921093620814164e-04 9.999998031017485189e-01 6.509529954296669474e-03
9.999642099588862409e-01 -8.456777657873894641e-03 2.484209045342568051e-04 -1.684767073700814688e-01 8.456560570806155933e-03 9.999638708642403229e-01 8.622931736016526717e-04 4.650578116860357158e-02 -2.557041509467229386e-04 -8.601615256672689568e-04 9.999995973686873763e-01 6.061628243909721742e-03
9.999286692673426957e-01 -1.194258545589724219e-02 1.761529729754461463e-04 -1.953614075908846615e-01 1.194238418403724064e-02 9.999280793661460276e-01 1.102522168101377313e-03 4.021675828831092897e-02 -1.893072691515463148e-04 -1.100339837908922459e-03 9.999993767073052098e-01 3.564181625795068576e-03
9.998576015582754106e-01 -1.687317343917694307e-02 2.694888207160105794e-04 -2.271206693833889290e-01 1.687284689230109103e-02 9.998569574066714649e-01 1.171222960244207691e-03 4.157450970700970333e-02 -2.892125204803690447e-04 -1.166509136308628699e-03 9.999992778060157184e-01 6.119114041099777378e-03
9.997396396168716226e-01 -2.281560181654845518e-02 3.182647895956157934e-04 -2.800751994397056577e-01 2.281514886829355201e-02 9.997387744948188493e-01 1.360791576714977073e-03 5.142882302712626502e-02 -3.492289294848144039e-04 -1.353176021944545778e-03 9.999990234764274399e-01 1.267412007890809586e-02
9.995651804952412345e-01 -2.948635228960458723e-02 7.049942675259549137e-05 -3.238607096700916177e-01 2.948619188408102207e-02 9.995637691697720761e-01 1.683998602636441536e-03 5.014384984212995333e-02 -1.201236487816725656e-04 -1.681187607573084077e-03 9.999985795882597728e-01 1.069187829893581895e-02
9.993272776705517391e-01 -3.667169428238808288e-02 -4.230153933276246492e-04 -3.660440345656617578e-01 3.667268085005041117e-02 9.993238836523297142e-01 2.624888815799206968e-03 5.203886193723423342e-02 3.264702655266314810e-04 -2.638636102994662471e-03 9.999964655020945337e-01 -2.713852505017967653e-03
9.989991782357445782e-01 -4.470712848062046579e-02 -1.383671682292843264e-03 -3.976994492600264830e-01 4.471345972908328387e-02 9.989876157895600794e-01 4.944695960921486298e-03 6.228136523279052122e-02 1.161207717306735315e-03 -5.001615949630643272e-03 9.999868176303774447e-01 -1.940018496439033582e-02
9.985488334908296792e-01 -5.377695950410052439e-02 -2.875023582101157195e-03 -4.308716431679274206e-01 5.379470320726761901e-02 9.985308689678973337e-01 6.498740266992607088e-03 5.792119886116373073e-02 2.521317303572936236e-03 -6.643970553078378145e-03 9.999747499883907542e-01 -1.499697908463414747e-02
9.979640363560676741e-01 -6.370416206403389792e-02 -3.092228262030089284e-03 -4.743968846780852733e-01 6.372224243455526516e-02 9.979487184675445155e-01 6.150701431336650163e-03 6.095564171919830299e-02 2.694059950512694979e-03 -6.335222545813831360e-03 9.999763032173702992e-01 -5.214250789127763269e-04
9.972084340572218153e-01 -7.463935874898393330e-02 -2.074890523370162554e-03 -5.325050055735427446e-01 7.464883111857002762e-02 9.971976445351727891e-01 4.940622039211386290e-03 8.277124785330919332e-02 1.700311081745242659e-03 -5.081718119259165736e-03 9.999856424385210607e-01 8.816030528382985676e-03
9.963402630370071789e-01 -8.546014382796933428e-02 -1.626059116426003181e-03 -5.816942611892671477e-01 8.546656669469508694e-02 9.963312926506208145e-01 4.406956156383278790e-03 9.092298192694353576e-02 1.243474474426976275e-03 -4.529801545967013753e-03 9.999889672737323210e-01 1.499943737580445094e-02
9.952979915681638978e-01 -9.684258494368640224e-02 -1.849789664780377785e-03 -6.234931121564184497e-01 9.685058730185779063e-02 9.952869495125992172e-01 4.883837547469718245e-03 9.197540158798778176e-02 1.368108060157194371e-03 -5.040026917560684085e-03 9.999863631115206708e-01 1.081375790151841224e-02
9.940272549147696202e-01 -1.091079561273486792e-01 -2.295734374934187225e-03 -6.717422326231801133e-01 1.091191117729866239e-01 9.940135730149246562e-01 5.480520776130878326e-03 9.456767335163733523e-02 1.684022708324405069e-03 -5.698295518460271165e-03 9.999823465920296695e-01 -2.969131417652629348e-03
9.925727439487073145e-01 -1.216315871995289066e-01 -2.259417061376463916e-03 -7.253263830231915232e-01 1.216426725177478796e-01 9.925577097817821492e-01 5.679170316466023404e-03 9.843141363577141700e-02 1.551835324313494352e-03 -5.911831194044759631e-03 9.999813208550744070e-01 -7.975880846699092211e-03
9.909439031123132846e-01 -1.342606793645911012e-01 -2.061761647886749954e-03 -7.809628021476249238e-01 1.342699531882350084e-01 9.909304332849369068e-01 5.334422232661293131e-03 1.057312129079727991e-01 1.326859210095998869e-03 -5.562945828029535258e-03 9.999836464054554508e-01 -2.339233269862938877e-03
9.890898193932069482e-01 -1.473037265956373132e-01 -1.715022959295162911e-03 -8.376235552711174259e-01 1.473102280287303667e-01 9.890794562483328223e-01 4.639606192967674070e-03 1.173269583510421626e-01 1.012862693872730330e-03 -4.841627674666280565e-03 9.999877663004799189e-01 5.841944372275121276e-03
9.870407166164837376e-01 -1.604621109969772419e-01 -1.592066459699727340e-03 -8.837433530352583055e-01 1.604678014439888389e-01 9.870305990108528826e-01 4.547671493149252862e-03 1.291962246468892350e-01 8.416893434710053922e-04 -4.744212334075123723e-03 9.999883919368155460e-01 1.268134139467177839e-02
9.848492326896554072e-01 -1.734039974087365488e-01 -1.744291623541060392e-03 -9.354935747272362656e-01 1.734107570389789854e-01 9.848364449627865502e-01 5.087830208305298141e-03 1.312799427570619515e-01 8.355918652494817665e-04 -5.313224607639726801e-03 9.999855356106425175e-01 9.219208850196801419e-03
9.824754245988678303e-01 -1.863854717409415829e-01 -1.579868089759389272e-03 -9.934039747605972748e-01 1.863915179369770303e-01 9.824590837534693533e-01 5.687775614695038742e-03 1.291526620158405247e-01 4.920370148147948635e-04 -5.882573773461040323e-03 9.999825764608980538e-01 5.982203732111088072e-03
9.798674629515783385e-01 -1.996463904300267433e-01 -1.036261115010708332e-03 -1.051004196058922924e+00 1.996490519124226037e-01 9.798513857828589080e-01 5.614076048808329736e-03 1.315174344035727194e-01 -1.054481291681166433e-04 -5.707939003908637718e-03 9.999837040237304908e-01 -2.059455006829996604e-03
9.770337576936263257e-01 -2.130845369495510677e-01 -1.282188274898540207e-04 -1.100681683249727483e+00 2.130822696302623609e-01 9.770202084887095184e-01 5.240092928059516403e-03 1.268884593885784562e-01 -9.913103895818639686e-04 -5.147068842936655675e-03 9.999862623986579546e-01 -2.986054700352526112e-03
9.739372076422817548e-01 -2.268160969034949404e-01 8.796336847031728480e-04 -1.163196855563315202e+00 2.268084355688401443e-01 9.739249076560625440e-01 5.311101763789146876e-03 1.356627874847994852e-01 -2.061340527465621575e-03 -4.973171281427619245e-03 9.999855091163248888e-01 -5.586370367777759860e-04
9.706641224056209438e-01 -2.404372235385131840e-01 1.050243598784843507e-03 -1.225142232006801946e+00 2.404278321006697305e-01 9.706507527588594808e-01 5.619049744540059038e-03 1.458857764220093389e-01 -2.370448459242685373e-03 -5.201702197404059133e-03 9.999836615007025031e-01 -2.507275071899377726e-03
9.671775129153008521e-01 -2.541016006748259559e-01 1.872043382890009296e-04 -1.271052872569241377e+00 2.540956949607746096e-01 9.671595613966589289e-01 6.144965534763219446e-03 1.410297517027371550e-01 -1.742502044186113475e-03 -5.895704666425316716e-03 9.999811019979889526e-01 5.631551219480062861e-03
9.632631035596315172e-01 -2.685584699297957068e-01 7.359005595378856953e-04 -1.330576930064241603e+00 2.685478465548928328e-01 9.632432701522134488e-01 6.667579560807774218e-03 1.451335324764702339e-01 -2.499486226461831474e-03 -6.225008870432021356e-03 9.999775006634733510e-01 -1.048130721903655846e-02
9.591778720748509457e-01 -2.827958594922824753e-01 2.076433476444381268e-03 -1.399294582039784185e+00 2.827744833277403558e-01 9.591588088183888861e-01 7.278120967580043767e-03 1.533947021764693330e-01 -4.049851934372619353e-03 -6.393850178920798717e-03 9.999713582794255151e-01 -1.032057169265557066e-02
9.552839134781974106e-01 -2.956731304254047732e-01 3.169320782363415148e-03 -1.462976367965021840e+00 2.956409929175681794e-01 9.552657130113172412e-01 7.988795384422556212e-03 1.457209355828587016e-01 -5.389615616566215128e-03 -6.694586575835536138e-03 9.999630665950040020e-01 -1.320679227101197173e-04
9.510765303092379996e-01 -3.089374044498652272e-01 3.333710653543984700e-03 -1.510340153130288465e+00 3.089035373433562381e-01 9.510592307085105057e-01 8.058802696299752558e-03 1.518924643889054960e-01 -5.660221877532728776e-03 -6.634743093484531118e-03 9.999619703130617765e-01 -1.239542806298718491e-03
9.464749287592871818e-01 -3.227675599557999209e-01 2.512263975251029929e-03 -1.563430142834481229e+00 3.227382105901601128e-01 9.464527183753683737e-01 8.203615357696123628e-03 1.561233688091826777e-01 -5.025599980472350396e-03 -6.953712681341393809e-03 9.999631939350476229e-01 9.287929396706732024e-04
9.416364980050317968e-01 -3.366258236878814092e-01 1.939188303188974253e-03 -1.632395541446275633e+00 3.365991243355439533e-01 9.416103471075731868e-01 8.425183469841760267e-03 1.439829224515968564e-01 -4.662094096529721156e-03 -7.280731172816539212e-03 9.999626272177497555e-01 -7.761548605389270022e-03
9.366679807653897072e-01 -3.502126746502376986e-01 2.043605444900072066e-03 -1.695733667933264188e+00 3.501836337808968413e-01 9.366409168952690711e-01 8.672682952607894610e-03 1.267356259206619540e-01 -4.951407970909698676e-03 -7.407787248328120099e-03 9.999603033356819770e-01 -1.304764506437784341e-02
9.314430208225785712e-01 -3.638790730226542092e-01 2.432935897924529221e-03 -1.747197397647194617e+00 3.638472329996934596e-01 9.314189831384510621e-01 8.594701146674562850e-03 1.206553202266517077e-01 -5.393514566244582767e-03 -7.120257404600370196e-03 9.999601051717592615e-01 -1.041691930886491299e-02
9.261089516541407551e-01 -3.772438070922921605e-01 3.052814534458628444e-03 -1.806380191960791137e+00 3.772110730298878223e-01 9.260930561550417828e-01 7.966035717680380185e-03 1.168260600530886262e-01 -5.832327983662248007e-03 -6.225861541036042425e-03 9.999636106370886068e-01 -1.171666429353867243e-02
9.206341146969081457e-01 -3.904129842346658052e-01 3.244779996062823087e-03 -1.856531319674706193e+00 3.903806502933559464e-01 9.206216041281768403e-01 7.668760590806112526e-03 1.146259753755070887e-01 -5.981198272656188496e-03 -5.793423292417446829e-03 9.999653301558899532e-01 -2.279366137498749917e-03
9.147094151003409834e-01 -4.040985137776172964e-01 3.328226181155708591e-03 -1.919348241842537162e+00 4.040648949211875784e-01 9.146973156885983558e-01 7.770544665746041517e-03 1.042708058764785228e-01 -6.184385104578207781e-03 -5.762971004053010944e-03 9.999642701347307705e-01 -6.503856978737712104e-03
9.086087670380299519e-01 -4.176348019350319407e-01 3.358671510838848358e-03 -1.994379314091409672e+00 4.175986207548401663e-01 9.085953379502876848e-01 8.118115462200325289e-03 8.176499083962943115e-02 -6.442080819596378814e-03 -5.973614290287324914e-03 9.999614070188032056e-01 -1.434041515946752818e-02
9.025672738508352388e-01 -4.305364507567350785e-01 3.268140643370698838e-03 -2.052626663377078220e+00 4.304978050434384862e-01 9.025511452454842987e-01 8.548103230912899517e-03 6.380582553828496872e-02 -6.629934106236958120e-03 -6.308310856176235944e-03 9.999581237171328851e-01 -1.311117928274063704e-02
8.962518300358860435e-01 -4.435341076399882954e-01 3.186301511861730842e-03 -2.089500465339138469e+00 4.434932967302497864e-01 8.962333836537264009e-01 8.911665384600368084e-03 6.305976509863339685e-02 -6.808297339261719025e-03 -6.573993047743400576e-03 9.999552138484745223e-01 -1.173020430349796216e-02
8.895514691798382945e-01 -4.568252770645690464e-01 2.974880648196111862e-03 -2.148072684946352062e+00 4.567706337260121763e-01 8.895166266203751171e-01 1.098904597521167467e-02 5.064788981445709354e-02 -7.666279771083001071e-03 -8.416483873198547100e-03 9.999351933768926282e-01 -2.111854767306720060e-02
8.825106738252661565e-01 -4.702877763811330047e-01 2.077972801584719153e-03 -2.218272499003288711e+00 4.702281163949299514e-01 8.824545272650086147e-01 1.263035475220086919e-02 3.713111694015143460e-02 -7.773617957609410198e-03 -1.016930164660786486e-02 9.999180747280596027e-01 -2.630043938976218618e-02
8.752056743602352196e-01 -4.837495920313756859e-01 1.166094817532348140e-03 -2.284608681697671617e+00 4.836951693182883760e-01 8.751387481899237653e-01 1.308260657229525815e-02 2.311906412221345630e-02 -7.349200350940842535e-03 -1.088593707728782896e-02 9.999137390936035930e-01 -2.028989085612585910e-02
8.677135671200358891e-01 -4.970634260593791987e-01 1.056366382965261922e-03 -2.330186010850310740e+00 4.970139423049946825e-01 8.676535907225091382e-01 1.242528312691981197e-02 9.526484487834536649e-03 -7.092713886122916853e-03 -1.025655792401995205e-02 9.999222451917353371e-01 -1.177330754528686622e-02
8.601258374543588880e-01 -5.100807625205544538e-01 1.076777547856744028e-03 -2.386527367729549098e+00 5.100290807895272449e-01 8.600652345405159771e-01 1.257493871782960730e-02 -1.120490989813851569e-02 -7.340333264085141876e-03 -1.026684183266225563e-02 9.999203525613203913e-01 3.410049901054930388e-03
8.523284281472972568e-01 -5.230068683905525484e-01 2.572708006276600706e-04 -2.449446450303641054e+00 5.229550289602310498e-01 8.522506707059724906e-01 1.366864903433882318e-02 -3.325780055476156016e-02 -7.368056538967081466e-03 -1.151563708734222417e-02 9.999065465558825139e-01 3.719626044373178925e-03
8.441821051719233804e-01 -5.360560583702115300e-01 -6.896318526150402133e-04 -2.511812212324159077e+00 5.360075614188627435e-01 8.440869513847546468e-01 1.459837675205685574e-02 -4.539860617807218307e-02 -7.243439052259277589e-03 -1.269333630624118296e-02 9.998932001989576657e-01 -1.165581998303334525e-02
8.359923532289597059e-01 -5.487405565136674879e-01 -7.661460543691412349e-04 -2.583838761340222057e+00 5.486893596041574339e-01 8.358935555963614705e-01 1.489799884723723086e-02 -5.643669243933342045e-02 -7.534719628880191464e-03 -1.287498930263923994e-02 9.998887251342376548e-01 -2.970495591579461886e-02
8.273116449352357904e-01 -5.617429863288962988e-01 -5.093769210671641318e-04 -2.650343843951356249e+00 5.616833200017907757e-01 8.272098491044832524e-01 1.535296636822317679e-02 -8.117932536575184210e-02 -8.203059570679523127e-03 -1.298779638088736615e-02 9.998820065181933670e-01 -3.083811085733699844e-02
8.183972390811582454e-01 -5.746526288601465637e-01 -5.614342884860375540e-04 -2.699307642904399174e+00 5.745897520644385192e-01 8.182924275291529881e-01 1.562433585702625860e-02 -1.195548530618016914e-01 -8.519148247610647956e-03 -1.310950771648870111e-02 9.998777749908068779e-01 -1.960832162717984425e-02
8.094107292481672600e-01 -5.872421823905358274e-01 -9.437156090873950222e-04 -2.750937065439776674e+00 5.871786344713911809e-01 8.092972676790638475e-01 1.609918468476992381e-02 -1.431139113941416463e-01 -8.690373885092066847e-03 -1.358498245867382527e-02 9.998699543707345594e-01 -1.645762117009788236e-02
8.006506536155479914e-01 -5.991314652793492401e-01 -1.348229056000269793e-04 -2.814724210465581411e+00 5.990737169738006296e-01 8.005703162761722558e-01 1.406592793470346631e-02 -1.498323651534866630e-01 -8.319404797855129916e-03 -1.134266325382054033e-02 9.999010608525824573e-01 -2.475287444241091456e-02
7.920076279766630201e-01 -6.105107199944472818e-01 7.602622188793190135e-04 -2.879922550422243432e+00 6.104605377196219429e-01 7.919573404876070200e-01 1.189549220783013908e-02 -1.728228806154125663e-01 -7.864420757427588102e-03 -8.957210484193445926e-03 9.999289571096998674e-01 -1.180048719665714035e-02
7.834179268034187071e-01 -6.214946321352330383e-01 8.798807446070292318e-04 -2.932577596710522094e+00 6.214489402643033067e-01 7.833760438889867395e-01 1.109903172419146600e-02 -2.097517260381302484e-01 -7.587266135288006121e-03 -8.148379466596446241e-03 9.999380167313675072e-01 -2.480977977657583024e-03
7.750543748498910368e-01 -6.318944565842178340e-01 3.343115025093838268e-04 -2.967176186122269854e+00 6.318470212004688724e-01 7.750024642746642378e-01 1.185420466720634586e-02 -2.438016878784231012e-01 -7.749698454702590861e-03 -8.976419460670667649e-03 9.999296805613518968e-01 -1.018874909445913884e-02
7.671256607220096058e-01 -6.414967058067827521e-01 -4.439604331877866107e-04 -3.003025799520692818e+00 6.414481553954859416e-01 7.670587070443198874e-01 1.285316642795833637e-02 -2.618823253718154942e-01 -7.904720206861745244e-03 -1.014477138935437721e-02 9.999172960859857850e-01 -3.590348125891174025e-02
7.595310077170145391e-01 -6.504708056094620217e-01 -6.159270686629863753e-04 -3.051182117022590123e+00 6.504252890655829455e-01 7.594659413520971070e-01 1.258678950827962946e-02 -2.791263521078612420e-01 -7.719563480481001806e-03 -9.960671460824013432e-03 9.999205935291664016e-01 -4.037880435514502875e-02
7.520206144902665812e-01 -6.591394936207195521e-01 3.511852832901746907e-04 -3.096778914999393173e+00 6.590924674724054633e-01 7.519731188770462094e-01 1.155628865439844132e-02 -3.020826264497326608e-01 -7.881288144574486246e-03 -8.459103720203893853e-03 9.999331621970705131e-01 -2.372843887438081875e-02
7.447685372734416109e-01 -6.673208381678317203e-01 1.650707290988276399e-03 -3.131728223913622156e+00 6.672707420399432987e-01 7.447389909943822328e-01 1.065795994235663006e-02 -3.260545440496646075e-01 -8.341624844210282150e-03 -6.836244557639389527e-03 9.999418398363509874e-01 -9.902645996116182445e-03
7.372201414342619552e-01 -6.756497843615081322e-01 1.957538222995012199e-03 -3.166837719398610140e+00 6.755987295275305282e-01 7.371948384131441490e-01 1.049413540055189713e-02 -3.351028780340639668e-01 -8.533447394431719485e-03 -6.413977647768154614e-03 9.999430189597307006e-01 -1.426787054769470750e-02
7.294672259808787640e-01 -6.840123072648165437e-01 2.174794248565624106e-03 -3.200007341013265894e+00 6.839592751851377717e-01 7.294441571584708850e-01 1.053240122616810014e-02 -3.536185187997747392e-01 -8.790683021388068924e-03 -6.195570807444700581e-03 9.999421677249077378e-01 -3.030282354011041429e-02
7.212061988877855878e-01 -6.927176486261469313e-01 1.969255619225742347e-03 -3.246045833480584175e+00 6.926614704162129543e-01 7.211789772226223638e-01 1.099864596130198380e-02 -3.899716576317966976e-01 -9.039141921747699537e-03 -6.568264153824806932e-03 9.999375739611569003e-01 -3.394760363254032548e-02
7.126123745248855723e-01 -7.015561275088485482e-01 1.613576398072239480e-03 -3.292455288225589527e+00 7.015011162845378179e-01 7.125820109197954499e-01 1.109331172589700550e-02 -4.310890337045363285e-01 -8.932386330179842293e-03 -6.773305565878162335e-03 9.999371654289881395e-01 -3.124055733062671911e-02
7.036269513101252038e-01 -7.105679971099565506e-01 1.494949217721845518e-03 -3.344592255959550453e+00 7.105151069503412575e-01 7.035975114916166451e-01 1.090067053669527448e-02 -4.477277085147052804e-01 -8.797510179810504732e-03 -6.607821573656037437e-03 9.999394684223075203e-01 -2.786707258993968012e-02
6.942144518286991195e-01 -7.197665272434905503e-01 1.562412245324192820e-03 -3.392444783792997853e+00 7.197131708278212692e-01 6.941865659933582622e-01 1.086109254690119374e-02 -4.589993177324057649e-01 -8.902056455800803556e-03 -6.415438737485291455e-03 9.999397959560681892e-01 -2.864507746497214555e-02
6.845988654544199470e-01 -7.289190673428321832e-01 1.177574871016599800e-03 -3.442087000900836635e+00 7.288636264752662575e-01 6.845651037936868466e-01 1.133281382809549903e-02 -4.891388037032107228e-01 -9.066830749747635185e-03 -6.900139998185038544e-03 9.999350882173106969e-01 -2.785092427432922860e-02
6.748962675222784924e-01 -7.379125979654561629e-01 1.607742772257942168e-04 -3.469059589362851082e+00 7.378615006420548017e-01 6.748520662033501427e-01 1.162302074868045570e-02 -5.242797451277396714e-01 -8.685272290043375559e-03 -7.725704171159971517e-03 9.999324374878072463e-01 -2.954601449158908433e-02
6.649793878806515846e-01 -7.468613110734816374e-01 -7.718260648281152943e-04 -3.519531597124861744e+00 7.468174781710990029e-01 6.649284035044843444e-01 1.157032891225731955e-02 -5.567770081626973733e-01 -8.128221947890602525e-03 -8.270443432972333919e-03 9.999327636263289909e-01 -3.618847336563284223e-02
6.549079784796971726e-01 -7.557066797075983056e-01 -1.718711422560966189e-03 -3.583124640515761516e+00 7.556726918300437079e-01 6.548529555266503488e-01 1.124230671823534845e-02 -5.843073330896767503e-01 -7.370383027530595307e-03 -8.661459653453921007e-03 9.999353261939989412e-01 -3.322588244592015322e-02
6.445688710095804907e-01 -7.645414639807811552e-01 -2.705619995255501530e-03 -3.626664496396172943e+00 7.645180351817960629e-01 6.445106433070488805e-01 1.087219139364653010e-02 -6.111641716819669057e-01 -6.568440241091229488e-03 -9.076371414724138456e-03 9.999372355676836577e-01 -2.367802775034261176e-02
6.338598883008720319e-01 -7.734428736962830619e-01 -2.786239695624606778e-03 -3.668864408414910461e+00 7.734166976829284224e-01 6.337978573871667631e-01 1.126444480079948074e-02 -6.433951425442500094e-01 -6.946491808069559133e-03 -9.295004027549170350e-03 9.999326723093351355e-01 -2.155595098650171793e-02
6.228587656012952722e-01 -7.823276051904465289e-01 -3.236706754029961518e-03 -3.718378919502325797e+00 7.823026706715344725e-01 6.227910499282369727e-01 1.156890614833656385e-02 -6.834154174302673468e-01 -7.034882644049039908e-03 -9.737878940768380023e-03 9.999278394663884129e-01 -2.149277801490655920e-02
6.115615410370496274e-01 -7.911869896931057466e-01 -3.953335901560672133e-03 -3.762061345464706275e+00 7.911695276001026178e-01 6.114912378564685280e-01 1.136858046523673768e-02 -7.260335345420748654e-01 -6.577242691266745739e-03 -1.008034548640615938e-02 9.999275606329964816e-01 -2.248590631769384340e-02
6.000142246012639680e-01 -7.999746573141348627e-01 -4.845403107702505631e-03 -3.805775862796747067e+00 7.999657496850127725e-01 5.999390267621398376e-01 1.131209523438636219e-02 -7.582983428756971955e-01 -6.142443083927802243e-03 -1.066357458025531113e-02 9.999242764180356069e-01 -1.944143563114570164e-02
5.885124930233174290e-01 -8.084714458756732114e-01 -5.192952838039592393e-03 -3.856613790098511796e+00 8.084648886184897520e-01 5.884347456250444974e-01 1.136107443344047674e-02 -7.944948866284868849e-01 -6.129390391610085691e-03 -1.088445427605427840e-02 9.999219765704421281e-01 -2.734371308058705652e-02
5.764686532580072242e-01 -8.171012318444045297e-01 -5.428510777016950020e-03 -3.893349600767900487e+00 8.170933531280833995e-01 5.763847460039799309e-01 1.179308474626802362e-02 -8.306775644200082853e-01 -6.507233268030277948e-03 -1.123394375472339286e-02 9.999157236602048693e-01 -2.328479712120945511e-02
5.642996525676347019e-01 -8.255520347193311403e-01 -5.453446875086456237e-03 -3.942145564692251192e+00 8.255405670375709493e-01 5.642113681054352625e-01 1.217802430113262835e-02 -8.760147887652732779e-01 -6.976696018378656348e-03 -1.137409650765749611e-02 9.999109738578237927e-01 -2.124783713105077992e-02
5.521210396464897308e-01 -8.337456376690052240e-01 -5.528946335735264971e-03 -3.997110764500922286e+00 8.337348658827562486e-01 5.520342204449191215e-01 1.201635840149049665e-02 -9.266122723533483097e-01 -6.966418817580589430e-03 -1.124415962509296187e-02 9.999125151147891799e-01 -2.498114791084628944e-02
5.394566459339321662e-01 -8.419915463908468345e-01 -6.063246990080864950e-03 -4.035000235896309739e+00 8.419882535302368742e-01 5.393709378397080201e-01 1.160914859133582201e-02 -9.606307452908728894e-01 -6.504465759306263771e-03 -1.136781510513130804e-02 9.999142286741006247e-01 -1.776583752245541187e-02
5.268919946272951904e-01 -8.499052899577177467e-01 -6.769350010026262306e-03 -4.076111762537987460e+00 8.499095237085003696e-01 5.268029553108350971e-01 1.150859615071983880e-02 -9.986157013028617024e-01 -6.215103157668548824e-03 -1.181712222405034013e-02 9.999108600845784123e-01 -2.185025817954237837e-02
5.147869230849195787e-01 -8.572891465683596390e-01 -7.052871532562310711e-03 -4.132465120785582258e+00 8.572946892597090862e-01 5.146945406117662269e-01 1.163381414420574730e-02 -1.049778000051508009e+00 -6.343468125575093403e-03 -1.203532469593414714e-02 9.999074514031802696e-01 -3.475160213175125523e-02
5.025920734149771363e-01 -8.644898301291857878e-01 -7.651231511720073090e-03 -4.169643700384154883e+00 8.645011952662419175e-01 5.024954725437983383e-01 1.166119445957743313e-02 -1.090114730070692595e+00 -6.236274823439714836e-03 -1.247532268907500415e-02 9.999027328696176165e-01 -3.734152608840746179e-02
4.908018271408196576e-01 -8.712344638710654010e-01 -8.004713519566775126e-03 -4.204640872772228199e+00 8.712487734505085513e-01 4.907024884188644354e-01 1.168942344680113862e-02 -1.128433382049665035e+00 -6.256295726504105398e-03 -1.271128722165799224e-02 9.998996359340026618e-01 -3.169113363121230098e-02
4.792716332962190240e-01 -8.776316181546509609e-01 -7.838643557625838906e-03 -4.235752370212990670e+00 8.776410566373414879e-01 4.791703869740070454e-01 1.191284817629062638e-02 -1.179012903902442622e+00 -6.699046354929745484e-03 -1.258900561717892115e-02 9.998983146878012152e-01 -2.562281677101107755e-02
4.678355508265509277e-01 -8.837799662359947517e-01 -7.928976145862239727e-03 -4.271372763329496003e+00 8.837883370493219148e-01 4.677319492371488918e-01 1.204155132909333695e-02 -1.217227571567903510e+00 -6.933446358896105770e-03 -1.264100244130789835e-02 9.998960607877536155e-01 -2.504505309849271166e-02
4.570305744669899140e-01 -8.894114793500286220e-01 -8.382982927749133353e-03 -4.307588612827265351e+00 8.894256715141549696e-01 4.569261641765335336e-01 1.185138567907238066e-02 -1.239624614045077289e+00 -6.710354235637730654e-03 -1.287248582494127797e-02 9.998946295758963654e-01 -3.282197424482928561e-02
4.467795266871630311e-01 -8.946018192518517820e-01 -8.697098623788666882e-03 -4.343799125111607040e+00 8.946207727687213174e-01 4.466765777034094054e-01 1.156321157232094617e-02 -1.263014632627253553e+00 -6.459679859769426949e-03 -1.294681128492467838e-02 9.998953208279663940e-01 -4.054221686009994857e-02
4.371164836886490823e-01 -8.993641164680262756e-01 -8.565377829240959640e-03 -4.369483214498345092e+00 8.993794309305341850e-01 4.370126086078457428e-01 1.168841891936065955e-02 -1.304662786326391988e+00 -6.768966445450559644e-03 -1.281272521567855885e-02 9.998950020706213193e-01 -3.790749535201545090e-02
4.273182977607261623e-01 -9.040637263628927833e-01 -8.237176319367144409e-03 -4.382132368418967694e+00 9.040733434804368862e-01 4.272157862615570956e-01 1.174996072435783266e-02 -1.342621077022877474e+00 -7.103661519227059615e-03 -1.246798475137611030e-02 9.998970383740816148e-01 -2.661523447128313208e-02
4.182495480175856262e-01 -9.082881369501203395e-01 -8.942922272079396190e-03 -4.407612516113540657e+00 9.083048851451804850e-01 4.181404188053138293e-01 1.186700394864416072e-02 -1.383979971207618398e+00 -7.039261643503081332e-03 -1.308626902504667761e-02 9.998895930844157176e-01 -1.753584391263508097e-02
4.104312665775722291e-01 -9.118394264151540307e-01 -9.748633258713992542e-03 -4.446039166839871548e+00 9.118678832209275997e-01 4.103201662224157387e-01 1.158985510669414097e-02 -1.420758320471945835e+00 -6.568026013565831864e-03 -1.364630448481168011e-02 9.998853131275571293e-01 -3.003898486415819413e-02
4.033377765187966535e-01 -9.149995017439196410e-01 -9.723674267090276838e-03 -4.470369439947413426e+00 9.150301938573219829e-01 4.032338136525338568e-01 1.105603259155915966e-02 -1.440896496570327923e+00 -6.195350055107342810e-03 -1.335677115221988939e-02 9.998916012758992666e-01 -4.506519453052668100e-02
3.973071175120092002e-01 -9.176414084859745302e-01 -9.016640514909267379e-03 -4.482365163781164341e+00 9.176606692443611824e-01 3.972045229410829936e-01 1.128995470043050835e-02 -1.462388252844152747e+00 -6.778679538790126358e-03 -1.275979572811666331e-02 9.998956131100321665e-01 -3.591569289700922984e-02
3.922492358141287383e-01 -9.198215801195946950e-01 -8.294440880741880615e-03 -4.487778215202752108e+00 9.198308549660675348e-01 3.921507898544027704e-01 1.135589137678407086e-02 -1.475571338409261024e+00 -7.192722407076426738e-03 -1.208382236133011094e-02 9.999011181019423766e-01 -1.881915254026840512e-02
3.886132243378870310e-01 -9.213637799026411779e-01 -8.279308741008462036e-03 -4.499948157656069370e+00 9.213738302946722358e-01 3.885171103141688009e-01 1.116780377929357630e-02 -1.494981684875760441e+00 -7.072956795845480697e-03 -1.196829464233924341e-02 9.999033619333012046e-01 -1.953617745741864295e-02
3.863185315810547804e-01 -9.223250598850541992e-01 -8.629951627249853041e-03 -4.517908831092745103e+00 9.223422180703936268e-01 3.862255170178431340e-01 1.070900412205098504e-02 -1.503052052102191727e+00 -6.544075339106414715e-03 -1.209685547284403140e-02 9.999054161097564730e-01 -3.540611431041923440e-02
3.849012469696433403e-01 -9.229113056214102162e-01 -9.260239597201191247e-03 -4.512080458776638103e+00 9.229370098651861198e-01 3.848059387445296187e-01 1.056718165126339579e-02 -1.505407535549560416e+00 -6.189176223305839324e-03 -1.261393923900207964e-02 9.999012864450929072e-01 -4.085722874043164199e-02
3.845596209865682624e-01 -9.230577702591230560e-01 -8.845940929221441165e-03 -4.502049221292085512e+00 9.230775189240373324e-01 3.844654223789198966e-01 1.068798634179545133e-02 -1.492600149201710025e+00 -6.464670425525570994e-03 -1.227565718220479697e-02 9.999037535068234783e-01 -3.362221506695001194e-02
3.853503814018197637e-01 -9.227364728247230419e-01 -7.904762644197821028e-03 -4.497269772686303568e+00 9.227429197850497422e-01 3.852587684508802512e-01 1.100842033500687434e-02 -1.499295821386969596e+00 -7.112491830096023468e-03 -1.153616273724133653e-02 9.999081604873852891e-01 -2.859170022579607395e-02
3.857064144856375831e-01 -9.225946483300379031e-01 -7.048169791322746874e-03 -4.495345132742081695e+00 9.225919520895898840e-01 3.856215667732632024e-01 1.095888583997784750e-02 -1.498196582598938509e+00 -7.392683149809529952e-03 -1.072949729053061275e-02 9.999151094586674615e-01 -3.166377881081450241e-02
3.851806476336641083e-01 -9.228155177497647799e-01 -6.883958798892056592e-03 -4.497863734482284492e+00 9.228128917133184839e-01 3.850996975914309228e-01 1.070466266127092364e-02 -1.498227147846213025e+00 -7.227418364412097930e-03 -1.047583482220915824e-02 9.999190073743791096e-01 -2.847879689939016024e-02
3.843294047355434451e-01 -9.231698719100135397e-01 -6.949550580594105430e-03 -4.497769548825320207e+00 9.231719611494962896e-01 3.842541395867730136e-01 1.011367182688718315e-02 -1.499753892496639374e+00 -6.666243546106404537e-03 -1.030261171151286743e-02 9.999247058598491611e-01 -2.598361596757031017e-02
3.839094345052063151e-01 -9.233473080097502894e-01 -6.579885184424346181e-03 -4.498769280556842887e+00 9.233462250256769810e-01 3.838375510770531962e-01 1.002412659550287570e-02 -1.503602699095326622e+00 -6.730143291548897067e-03 -9.923868918828708183e-03 9.999281084142784826e-01 -3.380455920400247949e-02
3.837867517697187703e-01 -9.234020834689947721e-01 -6.026724746342699245e-03 -4.495709861009545172e+00 9.233945428074717965e-01 3.837171702249195793e-01 1.018094239059294699e-02 -1.492001269705585553e+00 -7.088545649760215166e-03 -9.472355551815895072e-03 9.999300110512091555e-01 -3.776952194867883028e-02
3.836763440489071586e-01 -9.234502781502629265e-01 -5.660989442355730990e-03 -4.493177260985501853e+00 9.234381002009770523e-01 3.836078435782152019e-01 1.034878942106865103e-02 -1.488908191556049143e+00 -7.384992516903220693e-03 -9.198159026314390793e-03 9.999304254577174866e-01 -3.410094637524564709e-02
3.832761162530952115e-01 -9.236161387443334592e-01 -5.713751915519848720e-03 -4.495804374409787307e+00 9.236059666634720555e-01 3.832091925941510935e-01 1.013573159531686030e-02 -1.488653320007917502e+00 -7.171963021185855103e-03 -9.162039202445810410e-03 9.999323077009141247e-01 -2.794202945512199929e-02
3.828374311592422918e-01 -9.237992372956475018e-01 -5.520006827252347398e-03 -4.497691947717676442e+00 9.237874318688868991e-01 3.827721028054974495e-01 1.011424910434849216e-02 -1.497417230784457320e+00 -7.230630987647234872e-03 -8.971426076059612828e-03 9.999336135412602022e-01 -2.987987924090892630e-02
3.826393146016795477e-01 -9.238817543894543016e-01 -5.445991867521916135e-03 -4.498951596896635152e+00 9.238691405992330852e-01 3.825743622805167776e-01 1.013254035721426055e-02 -1.499045712991294632e+00 -7.277772295942980252e-03 -8.908492123816207781e-03 9.999338342102882526e-01 -3.705463883470411918e-02
3.823512878564633288e-01 -9.240014851858671108e-01 -5.361720695441248366e-03 -4.491077246317062510e+00 9.239895863180831448e-01 3.822887595355104473e-01 9.927170218069922281e-03 -1.495917338738975255e+00 -7.122994471553406245e-03 -8.749840404983225822e-03 9.999363495956358205e-01 -3.739755568793177998e-02
3.823181541688690510e-01 -9.240146684910927055e-01 -5.451734238304098423e-03 -4.497963349458773408e+00 9.240065747115252526e-01 3.822588182808704937e-01 9.489243193589323028e-03 -1.486339674172044711e+00 -6.684226416240309290e-03 -8.665348222005490181e-03 9.999401146355755277e-01 -3.464883613291324521e-02
3.824930330640305964e-01 -9.239409489909882200e-01 -5.674718945503206581e-03 -4.498452642353741204e+00 9.239431869519063589e-01 3.824443156944185018e-01 8.082863241611967439e-03 -1.477674239401929102e+00 -5.297824330148209575e-03 -8.334756784690517881e-03 9.999512312541581904e-01 -3.623580957473634956e-02
3.828324250141054153e-01 -9.237990256740375994e-01 -5.890205558218876425e-03 -4.482086774891145708e+00 9.238084196964371220e-01 3.827920166147552594e-01 6.948072680998547065e-03 -1.455067597253545619e+00 -4.163899109112812955e-03 -8.101369002066281799e-03 9.999585140217075452e-01 -3.201563942024503173e-02
3.822911045165634514e-01 -9.240266334598032927e-01 -5.319028524852426228e-03 -4.460160637631880753e+00 9.240327484824124582e-01 3.822552893676760544e-01 6.661342392715123226e-03 -1.415279485039967255e+00 -4.122030997541240201e-03 -7.461528487949811023e-03 9.999636665664801694e-01 -3.281152928663531865e-02
