1.000000000000000000e+00 0.000000000000000000e+00 0.000000000000000000e+00 0.000000000000000000e+00 0.000000000000000000e+00 1.000000000000000000e+00 0.000000000000000000e+00 0.000000000000000000e+00 0.000000000000000000e+00 0.000000000000000000e+00 1.000000000000000000e+00 0.000000000000000000e+00
9.999999848904332911e-01 1.269416648467493940e-04 1.259468121908137255e-04 -2.019840048007338082e-04 -1.269480535245196603e-04 9.999999911774373196e-01 5.244510974107731974e-05 -2.312796500810548623e-03 -1.259404443228383458e-04 -5.246027315001928191e-05 9.999999910602850317e-01 3.460302638556381769e-04
9.999999932838771199e-01 5.992519435655096062e-05 1.225882516223699933e-04 1.534191610592055286e-03 -5.993609781703737821e-05 9.999999958902620056e-01 9.129014359831738861e-05 -1.827835583528953766e-03 -1.225832015100084427e-04 -9.129513630167918460e-05 9.999999891832220822e-01 5.479215983381627357e-05
1.000000004961020927e+00 6.170697732480669901e-06 6.361712379539889695e-05 1.597743346802813240e-03 -6.173278023798821786e-06 9.999999984114837925e-01 1.036411204288284146e-04 -1.111911486535363579e-03 -6.361774685462927249e-05 -1.036364994323031396e-04 9.999999985076835074e-01 -3.390491979154238627e-04
1.000000003547573790e+00 -1.575575337763986198e-05 9.386409337754084213e-05 9.231907427722453510e-04 1.574372295308602919e-05 9.999999892884079422e-01 1.783066075876183030e-04 -1.069821709999735967e-03 -9.386760208600384377e-05 -1.782994835607400424e-04 9.999999870912454902e-01 -7.293149226862522764e-04
9.999999960814014432e-01 -6.496646412074284273e-05 1.515999711663796115e-04 5.731574877892187678e-04 6.494669538220343679e-05 9.999999952939242487e-01 1.471645849565329214e-04 -9.082867973537473837e-04 -1.516097417431182389e-04 -1.471499312892492325e-04 9.999999884583613552e-01 -1.202645649501769875e-03
1.000000007084802522e+00 4.382540732027782936e-05 1.205593695886838715e-04 2.002941905091192530e-04 -4.383328449330237516e-05 1.000000008078481217e+00 1.030087759953549287e-04 -1.564911728673447529e-03 -1.205500575561902990e-04 -1.030129378248785689e-04 1.000000000396378930e+00 -3.499527381106135363e-04
9.999999989959453828e-01 1.372599646192775838e-04 1.287663210690105642e-04 1.012372448187672403e-03 -1.372698439720637068e-04 9.999999999992974509e-01 1.123631359107963922e-04 -2.353208438088227016e-03 -1.287464714534448365e-04 -1.123795431169483089e-04 9.999999984492151661e-01 4.828779210889306509e-04
1.000000019422456088e+00 6.156368728853621615e-05 3.771921394715529622e-05 2.133844163597798695e-03 -6.156574016804867554e-05 1.000000007209217001e+00 1.386847620799095966e-04 -2.523027302256135220e-03 -3.770494910493336156e-05 -1.386807652740486600e-04 1.000000005472112985e+00 3.164447009082613704e-04
1.000000015207965109e+00 3.963829304866809788e-05 1.463283572137064081e-04 8.007385643064155638e-04 -3.965998953637142301e-05 1.000000001225622048e+00 1.884007023146355914e-04 -3.965590295612220206e-03 -1.463143512705387885e-04 -1.884029338714959519e-04 9.999999920952972188e-01 -9.628537146130968383e-04
1.000000004648708529e+00 1.688472244851166846e-05 2.169427939457349997e-04 -2.918272804598118241e-04 -1.692278660204796440e-05 9.999999992735800758e-01 2.033433987895003178e-04 -2.269489524791120684e-03 -2.169328301633541051e-04 -2.033445490346581200e-04 9.999999778758235092e-01 -1.861204079646527963e-04
9.999999766666322065e-01 -2.010060887419293048e-05 3.277753306856434580e-04 -3.224014046631359861e-05 2.003884718557426701e-05 9.999999988062008294e-01 2.071255298132996029e-04 -5.256999562070127765e-05 -3.277730037354914159e-04 -2.071177602329121476e-04 9.999999490931559265e-01 1.008818458317813690e-03
9.999999610517379400e-01 -2.601761173301325183e-04 2.777149956217849175e-04 4.916820199775484915e-04 2.601104839288748117e-04 9.999999546765683256e-01 2.599342023702549617e-04 -9.078208449144893307e-04 -2.777755801373732155e-04 -2.598598946193215282e-04 9.999999532122427759e-01 1.163911751569151861e-03
9.999999624269044762e-01 -3.242917136248273514e-04 2.041830154993186049e-04 -5.697575387245141197e-03 3.242120424785616757e-04 9.999998825849615303e-01 4.229723943540315552e-04 4.045877719043442975e-04 -2.043120344986430151e-04 -4.229059614418119646e-04 9.999999164491161219e-01 2.061892717505504728e-03
9.999999820487154301e-01 1.142604950419672243e-04 3.223071520285411529e-04 -1.203492767584925065e-02 -1.144836449655034711e-04 9.999997679751281288e-01 7.157866510913981836e-04 1.563463019827127966e-03 -3.222148739298701776e-04 -7.158230086578476394e-04 9.999997203942254664e-01 1.032647337356308506e-03
9.999999575699562993e-01 2.847986917476731466e-04 3.062194611541820509e-04 -1.262956420330677010e-02 -2.850603267079415280e-04 9.999996113616053117e-01 8.759348152099256934e-04 3.264174851140459223e-03 -3.059629508240597952e-04 -8.760238785239647013e-04 9.999995991440081555e-01 -4.053416372031396799e-04
9.999999409092208413e-01 2.825424936035790644e-04 3.640169762005171701e-04 -1.478774401463247949e-02 -2.828818200573858391e-04 9.999995496482249058e-01 9.468075298276308008e-04 5.779581450402778006e-04 -3.637444801070486189e-04 -9.469140924603786352e-04 9.999995165680398701e-01 3.838563643579484541e-04
9.999998718093544570e-01 2.681675158979805675e-04 5.295513473254368159e-04 -1.997489769441905538e-02 -2.686656693108651576e-04 9.999995521642195406e-01 9.488859200683866105e-04 2.473771392214312720e-04 -5.292923610841759061e-04 -9.490324689829856284e-04 9.999994416909181449e-01 1.595222877632618361e-03
9.999998376269424449e-01 2.415622200596607766e-04 6.047004909298961351e-04 -2.790531511811043461e-02 -2.421822164149081225e-04 9.999994782001808691e-01 1.032156908384291617e-03 2.965582260890573495e-03 -6.044474569036633769e-04 -1.032308263522459073e-03 9.999993168382091957e-01 8.921558040363808222e-04
9.999999253947201572e-01 1.382291190582376008e-04 4.824012345697879420e-04 -3.685260363161171199e-02 -1.387943880202067580e-04 9.999993358939176513e-01 1.179596383747203055e-03 2.845321839644599556e-03 -4.822340747155361173e-04 -1.179666706418486645e-03 9.999992210467486542e-01 8.914215015163681364e-04
9.999997990842089957e-01 -4.229351351245620814e-04 5.774015230871860438e-04 -4.459982444648126487e-02 4.221725562713642675e-04 9.999990759126803352e-01 1.326743447886689128e-03 2.997423642273596214e-03 -5.779576997108293529e-04 -1.326503725472635885e-03 9.999989864307919918e-01 1.896198986245682542e-03
9.999993529873353326e-01 -1.004435769398162722e-03 6.322844394008918581e-04 -5.629532483730400466e-02 1.003555914330991287e-03 9.999985688217074564e-01 1.396380177050244708e-03 1.649413397959941440e-03 -6.336823509326214993e-04 -1.395749356364840797e-03 9.999988586002586111e-01 2.119866949109610547e-03
9.999981575687206803e-01 -1.797046152005838315e-03 7.600845046895529080e-04 -7.316224536736652684e-02 1.795862088428862172e-03 9.999972208573657539e-01 1.560617947059124737e-03 3.721794955943156721e-03 -7.628827950269660187e-04 -1.559254931952390412e-03 9.999985269044135983e-01 3.257236173762777438e-04
9.999947391335703983e-01 -3.101443614589700047e-03 1.017862537597745637e-03 -9.198453236380550735e-02 3.099608498088688140e-03 9.999936256949525371e-01 1.803887045581979275e-03 8.036745638947363421e-03 -1.023444441988815429e-03 -1.800730384891108954e-03 9.999978892210104053e-01 -7.611039954101621275e-04
9.999866687170247959e-01 -5.087786517319978045e-03 9.603047731828323608e-04 -1.115062191432150962e-01 5.085814160830317079e-03 9.999850290690697197e-01 2.049616364853709075e-03 1.075917385237674766e-02 -9.707114686297277665e-04 -2.044710959161109409e-03 9.999974729501739379e-01 1.877746054650856339e-03
9.999674037948371730e-01 -8.041174194956281912e-03 8.254483165500682779e-04 -1.356901841288469801e-01 8.039021196887466761e-03 9.999644117219051997e-01 2.584401897524328789e-03 1.162760557014488362e-02 -8.461938447056513131e-04 -2.577686539281360493e-03 9.999963545203851556e-01 2.960521908677214015e-03
9.999285682202492254e-01 -1.192047257992429228e-02 9.613441052299216086e-04 -1.670261679923719378e-01 1.191711861890894057e-02 9.999231886911352785e-01 3.426616421024286131e-03 1.722519956507175681e-02 -1.002109099701588074e-03 -3.414920971265435375e-03 9.999937019980732478e-01 -9.117946599109836648e-04
9.998658146591906659e-01 -1.636011898237828624e-02 9.336262074094320859e-04 -2.010097607066657077e-01 1.635637680655141479e-02 9.998587381161194720e-01 3.889092645352005152e-03 2.178952438300769262e-02 -9.971107020030230399e-04 -3.873307028167165093e-03 9.999920371920875128e-01 -4.161205969657617507e-03
9.997630694193752054e-01 -2.175262217944487139e-02 8.975305009189570374e-04 -2.348977664862120507e-01 2.174861077397187425e-02 9.997544514937302118e-01 4.265173901264162834e-03 2.728810267370223447e-02 -9.900794220456831697e-04 -4.244650018654537102e-03 9.999905370082811107e-01 -7.219026360645623523e-03
9.996143329996651783e-01 -2.777299406243822003e-02 1.716935501542182947e-04 -2.651713658743077850e-01 2.777193581369486602e-02 9.996040821894345285e-01 4.534461209617513498e-03 3.350019893867849097e-02 -2.975525920170724362e-04 -4.527949123640593286e-03 9.999897406098927632e-01 -3.679103594893775274e-03
9.994039798503187022e-01 -3.451939084933191432e-02 -5.414928059011542673e-04 -2.978082194149824780e-01 3.452169546086280433e-02 9.993912551707129222e-01 5.054389908685428395e-03 3.649169010484882431e-02 3.666967774763393991e-04 -5.070072362390523092e-03 9.999871165184680555e-01 -2.004418359659276318e-03
9.990834820458633914e-01 -4.280331175603510618e-02 -5.296683855155364436e-04 -3.358007910949773467e-01 4.280555710591257140e-02 9.990689152152060215e-01 5.401202445141163426e-03 4.340026713204780257e-02 2.979938500822377611e-04 -5.418927663634720560e-03 9.999853103614427807e-01 -5.601642364227095959e-03
9.986315011909383532e-01 -5.229948647851365845e-02 -3.234607815775589895e-04 -3.789964394299997208e-01 5.230048166494084133e-02 9.986159345529637132e-01 5.573830133069053276e-03 5.071403358329879679e-02 3.151074291892542897e-05 -5.583125494385929311e-03 9.999844521693178612e-01 -6.801517891802228398e-03
9.980609963489937009e-01 -6.224486482885605715e-02 -2.183795704736845038e-04 -4.270651980379691071e-01 6.224510704381248927e-02 9.980449293012374490e-01 5.662604641457356751e-03 6.252859580955061336e-02 -1.345088051072410821e-04 -5.665225738129870889e-03 9.999839822484518637e-01 -7.166600170371733615e-03
9.973621444245430734e-01 -7.258635363066004431e-02 -4.488016717783591516e-04 -4.671228783878209612e-01 7.258773638752610835e-02 9.973460247328277406e-01 5.668401144437689235e-03 6.900924836967736731e-02 3.616809838074975104e-05 -5.686034550368542807e-03 9.999838725969248943e-01 -6.349656153114714881e-03
9.965029153261438788e-01 -8.355724536841876993e-02 -6.058756346349724719e-04 -5.077011170352444536e-01 8.355932891483204561e-02 9.964874499909989192e-01 5.551273788400528687e-03 7.319894292950733516e-02 1.399033229946172773e-04 -5.582497262457625578e-03 9.999844471585564998e-01 -7.130785332811504645e-03
9.954643258648997461e-01 -9.513588032918862680e-02 -4.411341517475441450e-04 -5.541177476502439081e-01 9.513688207573604838e-02 9.954499860738050820e-01 5.341249052223191220e-03 8.318072020371040931e-02 -6.901359026556496670e-05 -5.359000238764372905e-03 9.999856774396350678e-01 -7.428023990197951155e-03
9.942762077264519771e-01 -1.068412068557497013e-01 -1.943251465514576220e-04 -6.025891671154491869e-01 1.068408565992799431e-01 9.942638767600376903e-01 4.960729703226018743e-03 9.032064744798552758e-02 -3.367965941460922350e-04 -4.953107034448680883e-03 9.999877160289091238e-01 -8.215626088557923326e-03
9.929229014264839837e-01 -1.187607882234637119e-01 -5.062234446272001649e-04 -6.523674294642483051e-01 1.187618617365820833e-01 9.929120821941679331e-01 4.632714698037504984e-03 9.706900330452443437e-02 -4.754844972157065854e-05 -4.660056159118838859e-03 9.999891807943381838e-01 -7.004913014168757945e-03
9.913586385375104948e-01 -1.311800754379880696e-01 -3.441684128373696523e-04 -7.010448067104325665e-01 1.311802664514618855e-01 9.913479422703475041e-01 4.609927659186969541e-03 1.021324725450468707e-01 -2.635376063430384355e-04 -4.615249095726312381e-03 9.999893554233032500e-01 -5.468730938627512292e-03
9.896595379334223175e-01 -1.434373923320923505e-01 -5.548188360399016687e-05 -7.518767036855493746e-01 1.434357484318125597e-01 9.896461404553702490e-01 5.193176774902644524e-03 1.053900046571805138e-01 -6.899825765410463581e-04 -5.147446514491707883e-03 9.999865552619259246e-01 -3.044773117917260775e-03
9.877994096469912000e-01 -1.557324142778002407e-01 2.018261586549303954e-04 -8.034638522262043114e-01 1.557289680422879741e-01 9.877846302170799619e-01 5.503738797921050620e-03 1.117230596492918837e-01 -1.056460921624563943e-03 -5.405174644282500183e-03 9.999848774448439892e-01 -9.206538172166770645e-03
9.857115131345396408e-01 -1.684421528237307897e-01 5.995657684680301327e-04 -8.522554912630573298e-01 1.684361442150727473e-01 9.856964542887245440e-01 5.661233205197320831e-03 1.200913559840221245e-01 -1.544571118382211594e-03 -5.479369922259085500e-03 9.999838392669826437e-01 -1.086891819167327272e-02
9.833935165051340688e-01 -1.814827963997586446e-01 1.224316694427993657e-03 -9.044214946169853997e-01 1.814732876571812925e-01 9.833799178544493369e-01 5.627929907913001122e-03 1.261514023072154711e-01 -2.225333749506253414e-03 -5.312307101087363793e-03 9.999834582887073831e-01 -8.627112708817585504e-03
9.808904484469339602e-01 -1.945508476824197308e-01 2.052798125870877299e-03 -9.558493527455321770e-01 1.945374466229455868e-01 9.808801895689875927e-01 5.434298444819830876e-03 1.270078895008066033e-01 -3.070791725930267519e-03 -4.931125327605542265e-03 9.999831728966325217e-01 -4.353543433264559295e-03
9.782707640102339397e-01 -2.073169980640796328e-01 2.509513376870543128e-03 -1.014857476246121548e+00 2.073006481519948652e-01 9.782613946735012611e-01 5.602315389483146328e-03 1.254948491455883108e-01 -3.616409560004008993e-03 -4.960379184255899604e-03 9.999812043259463934e-01 -6.085744277578250885e-03
9.755256418053975809e-01 -2.198730323438873591e-01 2.429055483299741216e-03 -1.068752172549122470e+00 2.198549728374316337e-01 9.755133782373692775e-01 6.143703203684944270e-03 1.278792975747178040e-01 -3.720405901900441029e-03 -5.459322013316717480e-03 9.999782280695215242e-01 -7.926507032088667831e-03
9.724235311135037696e-01 -2.332124337952510840e-01 2.184435428894477421e-03 -1.120722776883292582e+00 2.331929689494362523e-01 9.724065178716643221e-01 6.849354467670537919e-03 1.304587544782556674e-01 -3.721507535198381473e-03 -6.151097854273717205e-03 9.999742089639117593e-01 -1.136251857331603901e-02
9.689352087907466826e-01 -2.473053406114808228e-01 2.230800875991165253e-03 -1.171258982080480404e+00 2.472840760382601366e-01 9.689166158950195396e-01 7.176313843273481562e-03 1.357892808295157738e-01 -3.936197187152348093e-03 -6.401756288333667472e-03 9.999718152154348783e-01 -1.029529019849717564e-02
9.653718587981808819e-01 -2.608608584645619732e-01 3.022776282708173300e-03 -1.232107139126503048e+00 2.608324426697491427e-01 9.653545070476271528e-01 7.578696470936476665e-03 1.399686563285963969e-01 -4.895032631829836396e-03 -6.527838576579555151e-03 9.999667671212271181e-01 -4.064973157012914326e-03
9.619631901781370287e-01 -2.731499283491681807e-01 4.036816554346688707e-03 -1.290181179839779313e+00 2.731099769767629803e-01 9.619464257045134969e-01 8.387220099463637765e-03 1.405835288149378248e-01 -6.174167867428580724e-03 -6.965714232257014422e-03 9.999567349522325843e-01 -1.334641670349818532e-03
9.581060999258966815e-01 -2.863850621523790774e-01 4.081915465860080743e-03 -1.337051835581283488e+00 2.863425651463332167e-01 9.580879518815467177e-01 8.703291062370797915e-03 1.355782823377967294e-01 -6.403325599064598785e-03 -7.169858815419382497e-03 9.999538527234482777e-01 -4.566619453083229849e-03
9.536308876527160860e-01 -3.009543258966487222e-01 3.872907841459126855e-03 -1.396384224114548989e+00 3.009109237318021712e-01 9.536096214356133416e-01 9.036163459055121874e-03 1.335771049003765532e-01 -6.412714184323478270e-03 -7.451773054720505982e-03 9.999517315208019674e-01 -5.737237690581993566e-03
9.489709439805164015e-01 -3.153455809876079541e-01 3.420191530983977216e-03 -1.464811663727658253e+00 3.153016970671925767e-01 9.489430515885268758e-01 9.606284989297006818e-03 1.345041768397273463e-01 -6.274864763451669727e-03 -8.037699585236300973e-03 9.999480683998719366e-01 -7.908795990747004984e-03
9.444137755101444931e-01 -3.287457782822640340e-01 3.036944571861295485e-03 -1.529497506744126545e+00 3.287027536798544647e-01 9.443816626987869833e-01 9.906201610482617478e-03 1.295647057462518681e-01 -6.124654897325042605e-03 -8.357308658638394616e-03 9.999463819388464403e-01 -1.070268987182642142e-02
9.396733798216975186e-01 -3.420557661905216928e-01 3.490559426498237184e-03 -1.581067389352319497e+00 3.420087996288178611e-01 9.396450857847715721e-01 9.872199998898741405e-03 1.217187148841638311e-01 -6.656725658916119205e-03 -8.082848725339816104e-03 9.999452427338991756e-01 -1.202665700656035952e-02
9.347567748532245036e-01 -3.552650613482924435e-01 4.111088654732636752e-03 -1.633187567924432093e+00 3.552150540358254283e-01 9.347358734683174353e-01 9.564711799303895687e-03 1.115799509178962839e-01 -7.240785290750271531e-03 -7.480365986801105344e-03 9.999458754915315772e-01 -7.435992106806530409e-03
9.297740684195764382e-01 -3.681003758836061124e-01 4.763644349400877193e-03 -1.688781441970740538e+00 3.680485192385812843e-01 9.297616495347189591e-01 9.161889748839613032e-03 1.041548040962024524e-01 -7.801540736992881690e-03 -6.765242386254679587e-03 9.999467541844236917e-01 -4.464214128087785373e-03
9.242152242605681245e-01 -3.818396771800279255e-01 5.008224574080163104e-03 -1.749296596282504002e+00 3.817836134844583840e-01 9.242035616027547418e-01 9.456845324341843495e-03 9.851317920609725665e-02 -8.239608564894604012e-03 -6.828109590833371552e-03 9.999428132931521551e-01 -5.860087568957290938e-03
9.183296007914836245e-01 -3.957906867188303868e-01 4.570213747673108375e-03 -1.813258754393670680e+00 3.957379319600194956e-01 9.183156573026708402e-01 9.393208834704331808e-03 8.856679073601149421e-02 -7.914634747184979072e-03 -6.817458339486347219e-03 9.999455122641199845e-01 -8.393847912203700884e-03
9.124145179587769272e-01 -4.092475684242813383e-01 4.073213523245389732e-03 -1.872505703307617342e+00 4.091966576178040493e-01 9.123962525062051521e-01 9.568953848022856631e-03 7.809411631939273957e-02 -7.632445950734708696e-03 -7.064109093556610215e-03 9.999459966955906998e-01 -9.461281588028213133e-03
9.064992623029418661e-01 -4.221888528561457687e-01 4.009969170225044510e-03 -1.924817327317970284e+00 4.221349253486652020e-01 9.064782812119952515e-01 9.981548986692042116e-03 7.013920664187466014e-02 -7.849043381249434792e-03 -7.355519727240614550e-03 9.999422220696307928e-01 -8.759389931731507289e-03
9.002888233924977168e-01 -4.352700151223079517e-01 4.524217954714036642e-03 -1.980368484984402988e+00 4.352025980227686719e-01 9.002645690506384524e-01 1.108190303287228014e-02 6.042713192377929116e-02 -8.896607415786923073e-03 -8.007963017453755342e-03 9.999284399873510365e-01 -9.323213967530731214e-03
8.941467794009876346e-01 -4.477558581295093543e-01 4.080466565143871412e-03 -2.041955851247516218e+00 4.476808912673652663e-01 8.941091106600814742e-01 1.229346332129798054e-02 4.819218252892967791e-02 -9.152849437840516675e-03 -9.165413607275048682e-03 9.999161909262120895e-01 -1.427266150872096885e-02
8.881741021171952744e-01 -4.594981060446461374e-01 2.946885929326876520e-03 -2.100202787622651002e+00 4.594268352928776444e-01 8.881200207941963853e-01 1.304721683492592564e-02 3.552402649852536703e-02 -8.612357688678838954e-03 -1.023432306586800553e-02 9.999106235428911749e-01 -1.584547228147543604e-02
8.821707995054746121e-01 -4.709232395254334125e-01 2.533028359222384580e-03 -2.149013861217343280e+00 4.708551839646534787e-01 8.821137017399139912e-01 1.308572815284471912e-02 2.603145149762332161e-02 -8.396788918538043017e-03 -1.035116078503543931e-02 9.999112551086858369e-01 -1.759908574253737576e-02
8.758367897809905545e-01 -4.826004800598977518e-01 2.670059886664608723e-03 -2.193164219722610664e+00 4.825322758702413894e-01 8.757841253968465800e-01 1.285281505215360442e-02 1.668186268473384123e-02 -8.541165680921372974e-03 -9.968581634713691991e-03 9.999139205575061640e-01 -1.020753714672814443e-02
8.695732587072928510e-01 -4.937974520985512483e-01 2.620677949735489114e-03 -2.243377077106303741e+00 4.937208981088067050e-01 8.695115580528763877e-01 1.377542470341042331e-02 3.337801685518916421e-03 -9.080976909356752377e-03 -1.068485615097257771e-02 9.999017682603454915e-01 -2.340054663718566484e-03
8.632737223675359672e-01 -5.047332195289717660e-01 1.819059620122075692e-03 -2.293069063007886044e+00 5.046525386832778626e-01 8.631902542493057329e-01 1.512762053752603718e-02 -6.028676019719618473e-03 -9.205608586737260013e-03 -1.214128239196933176e-02 9.998840069370152905e-01 -6.070392527148634615e-03
8.567398015670900646e-01 -5.157481552692682047e-01 1.099439238332466408e-03 -2.347998653125040303e+00 5.156671216316737194e-01 8.566393653825830068e-01 1.602704707851541899e-02 -2.325652971157777388e-02 -9.207747148352971034e-03 -1.316406289297900392e-02 9.998710465768471112e-01 -1.753427271340423504e-02
8.497034565940809747e-01 -5.272603298237669156e-01 1.018987601176278741e-03 -2.404418522331905006e+00 5.271786426679747617e-01 8.496028721161086317e-01 1.606524291095837859e-02 -4.000422408328380142e-02 -9.336306467162342609e-03 -1.311350178299967688e-02 9.998705206845525106e-01 -2.262766280428803178e-02
8.427471222387220573e-01 -5.383090327545663190e-01 1.064158610147224789e-03 -2.457091506965781935e+00 5.382300679272883359e-01 8.426543056423149158e-01 1.557504941052793163e-02 -5.722251710528519081e-02 -9.280915769161292642e-03 -1.255306331887792032e-02 9.998782366321264936e-01 -1.417357523954319853e-02
8.355474449808922843e-01 -5.494178401767688680e-01 9.821853151273122681e-04 -2.504173702347616270e+00 5.493395252202804002e-01 8.354560448195038624e-01 1.548417120570816895e-02 -7.187596660740350196e-02 -9.327863153212122282e-03 -1.239820294046294416e-02 9.998797364468071658e-01 -8.316525309458082382e-03
8.280983224249742758e-01 -5.605828453098881115e-01 7.115560178555171023e-04 -2.551464273486632628e+00 5.605034402841079233e-01 8.280011329450631674e-01 1.582712174219071816e-02 -8.942304747877455329e-02 -9.461592238870943430e-03 -1.270758004729991182e-02 9.998745962505908302e-01 -9.470512837092943947e-03
8.206708652058236630e-01 -5.714010806200355841e-01 7.790007995480149969e-04 -2.604102697819369538e+00 5.713186850390088445e-01 8.205742471782155878e-01 1.591686299607356428e-02 -1.093218690642140806e-01 -9.734150115985631263e-03 -1.261744411754721004e-02 9.998731250243810820e-01 -2.022979526618237656e-02
8.129661005012940311e-01 -5.823101448549666825e-01 1.218975848356029703e-03 -2.655634342110112289e+00 5.822301534118385913e-01 8.128858563022939299e-01 1.500395673011111972e-02 -1.316050838062045591e-01 -9.727854061752031628e-03 -1.148797993853198710e-02 9.998868032553084317e-01 -2.010910807064743289e-02
8.049812672615109799e-01 -5.932971142558221000e-01 2.040859149408678474e-03 -2.707455458952223282e+00 5.932264483096917340e-01 8.049302797153934375e-01 1.304301779372548861e-02 -1.539518326339059939e-01 -9.381144349311582378e-03 -9.288689972913721088e-03 9.999129699813230632e-01 -1.577597544465203852e-02
7.966657443486452328e-01 -6.044144560806586908e-01 2.708560129013480935e-03 -2.756349318130939530e+00 6.043511888786310404e-01 7.966342580361936987e-01 1.157606420088981396e-02 -1.765523647755447290e-01 -9.154488217612465062e-03 -7.585328363945167095e-03 9.999294464337771249e-01 -5.880202934312904993e-03
7.879473906907416003e-01 -6.157370585938541918e-01 2.697181585302788759e-03 -2.805369054106189086e+00 6.156732011114740555e-01 7.879165220509697365e-01 1.160099182089243189e-02 -2.031472294043927818e-01 -9.268323707253049715e-03 -7.480385592889564686e-03 9.999291905973750616e-01 -8.033279966509225892e-03
7.788640544239922026e-01 -6.271891417512535094e-01 2.249973733756754305e-03 -2.860849129868502150e+00 6.271227798582463819e-01 7.788253991423410572e-01 1.218778584257113398e-02 -2.267718381177476206e-01 -9.396389437216342774e-03 -8.081614177940996124e-03 9.999233180210362892e-01 -1.687558391039178582e-02
7.697097004679268606e-01 -6.383911076366981519e-01 2.066566737854106956e-03 -2.918620542490501624e+00 6.383247826386576618e-01 7.696695222589943208e-01 1.228123885854187983e-02 -2.491649223594824825e-01 -9.430810464611479038e-03 -8.133844033470356144e-03 9.999225721798075117e-01 -2.705445259453962553e-02
7.607136257226709830e-01 -6.490838979442602463e-01 2.318382185561075528e-03 -2.973611415727687834e+00 6.490209995372681062e-01 7.606815744614608965e-01 1.165431639778364246e-02 -2.751530720073875891e-01 -9.328180990506931836e-03 -7.360915597515385253e-03 9.999295278840872880e-01 -2.793497355502132934e-02
7.516169609605368729e-01 -6.595937221675247653e-01 2.927992995556885115e-03 -3.021450421228481620e+00 6.595354867891558559e-01 7.515980216362543320e-01 1.067241193529266073e-02 -3.049829262446298594e-01 -9.240128539930983834e-03 -6.090447891835583383e-03 9.999388960532732407e-01 -1.865503645232735250e-02
7.420979831514323832e-01 -6.702827987002015764e-01 3.474175375767459169e-03 -3.066521467808376755e+00 6.702264576141806485e-01 7.420880826805639208e-01 1.011542727122670231e-02 -3.334683527591060237e-01 -9.358343795424618403e-03 -5.178153758054912688e-03 9.999429405825067674e-01 -1.229974226749169786e-02
7.320971085264653677e-01 -6.811902990840751349e-01 3.757484815732455713e-03 -3.118415581050622887e+00 6.811319499863957017e-01 7.320905099955522521e-01 1.016391454647016732e-02 -3.560383948229365880e-01 -9.674380170561439757e-03 -4.881630810156406888e-03 9.999414257938168404e-01 -1.439701722774311236e-02
7.219253609974009001e-01 -6.919616438937196135e-01 3.657532136140751681e-03 -3.174498970927631003e+00 6.919003064220494714e-01 7.219169613033161736e-01 1.050840033413042406e-02 -3.847194475735389307e-01 -9.911843065726892721e-03 -5.055635053319981406e-03 9.999382387090438584e-01 -2.069398300263469367e-02
7.118095544555608223e-01 -7.023657973333032878e-01 3.157086219913883031e-03 -3.227531168098408898e+00 7.023019057541701748e-01 7.117943739246194168e-01 1.101659930051959550e-02 -4.173937694189325254e-01 -9.984877184770517972e-03 -5.624494684167603495e-03 9.999344764760953463e-01 -2.423034477116976088e-02
7.015335000570831481e-01 -7.126320905868370748e-01 2.603947609794656295e-03 -3.278322266313344446e+00 7.125705542430049722e-01 7.015134428915531517e-01 1.107511668283926720e-02 -4.489792816343228243e-01 -9.719185689883147114e-03 -5.914070141717604236e-03 9.999354268394810008e-01 -2.046956876986219184e-02
6.908454127389607180e-01 -7.230002045914555309e-01 1.965023530898091751e-03 -3.329295132300519544e+00 7.229419791853101129e-01 6.908199953190230502e-01 1.109946492176529589e-02 -4.792662801963321617e-01 -9.382386645117885698e-03 -6.247413447370779582e-03 9.999366202285357996e-01 -1.789563568581819392e-02
6.797929724783845495e-01 -7.334037857827323537e-01 9.730987021674224451e-04 -3.382939693397717384e+00 7.333510935612554960e-01 6.797589857654923184e-01 1.115646072782298243e-02 -5.105570165016414252e-01 -8.843655459605092445e-03 -6.870456374164580875e-03 9.999374440242335682e-01 -1.769218727104116679e-02
6.686083811498024776e-01 -7.436150527160412249e-01 -1.893071926771220824e-04 -3.435926318156248271e+00 7.435670684082574811e-01 6.685623529172826096e-01 1.153124759550384383e-02 -5.451652339511274814e-01 -8.448235824183235668e-03 -7.850646106962316795e-03 9.999336490578086822e-01 -1.976066995272945936e-02
6.576214393715933415e-01 -7.533479341762693293e-01 -1.219280339635992177e-03 -3.484637010742038576e+00 7.533050700151682211e-01 6.575648932739982522e-01 1.185156347388212177e-02 -5.814967900113477972e-01 -8.126587373080694163e-03 -8.712327212864051651e-03 9.999291803318345329e-01 -2.175551967591802041e-02
6.464589863237990564e-01 -7.629476176543632526e-01 -1.506763047899318132e-03 -3.530623562206500754e+00 7.629047248894315070e-01 6.463988754576051043e-01 1.206035579551340692e-02 -6.137242549151054050e-01 -8.227441281179121921e-03 -8.946035784107162631e-03 9.999262940758254503e-01 -2.159521659144518144e-02
6.352022440909753653e-01 -7.723441999839686378e-01 -1.763771333656178990e-03 -3.579157030816586094e+00 7.723023528093425627e-01 6.351402349157170280e-01 1.210526883922393576e-02 -6.479583958180804570e-01 -8.229180972618689582e-03 -9.051451167834130562e-03 9.999253335556806954e-01 -1.982524234047419037e-02
6.236396535812746000e-01 -7.817084398250881971e-01 -2.462441748358880616e-03 -3.628728656940150010e+00 7.816729700616361631e-01 6.235736190080563013e-01 1.199561610080384505e-02 -6.826912901249486687e-01 -7.841550497347636248e-03 -9.405756858069066681e-03 9.999251811198384132e-01 -1.801990692419251638e-02
6.119601621794508173e-01 -7.908831491581941320e-01 -3.028491687412980179e-03 -3.681165460835993386e+00 7.908493442941342266e-01 6.118867639538871916e-01 1.234892196226675468e-02 -7.175702638624524843e-01 -7.913449596331728272e-03 -9.952120884856764313e-03 9.999193304583081643e-01 -1.858575745384365846e-02
6.004637894490068017e-01 -7.996447085232410990e-01 -3.485781085857951253e-03 -3.732221728364119695e+00 7.996140302120919863e-01 6.003867455372807749e-01 1.239986108216108336e-02 -7.529474123187547274e-01 -7.822653953803250515e-03 -1.023293837347441330e-02 9.999172109095570971e-01 -1.971331114062277456e-02
5.890384625300120192e-01 -8.080959922337479506e-01 -3.891076563515940764e-03 -3.775649470334406566e+00 8.080682719004351755e-01 5.889585218127099120e-01 1.241514012665745174e-02 -7.923860786066524442e-01 -7.740928358168558399e-03 -1.045724153671987247e-02 9.999155266200815406e-01 -1.915241095848820019e-02
5.775866257819960436e-01 -8.163182778429932673e-01 -4.329886310126008879e-03 -3.817731016286761037e+00 8.162938841147727720e-01 5.775034428122700625e-01 1.243711088418714139e-02 -8.313218994244412352e-01 -7.652101469713911558e-03 -1.071795937820748355e-02 9.999134499586388447e-01 -1.911114981963529108e-02
5.665711097046562950e-01 -8.239979144931690591e-01 -5.020902825094457865e-03 -3.858415976141762460e+00 8.239809369737536304e-01 5.664845264674290837e-01 1.230107518309769832e-02 -8.664717031899175081e-01 -7.291780248608413680e-03 -1.110655337493948736e-02 9.999119019477722414e-01 -1.872143450776302467e-02
5.562152917844358502e-01 -8.310172594620152120e-01 -5.955485516239260486e-03 -3.898156430735401745e+00 8.310103429756335869e-01 5.561230572652643422e-01 1.223042078533193543e-02 -9.008975389896849428e-01 -6.851693412623250518e-03 -1.175181074902942671e-02 9.999076395332536782e-01 -2.051486611747977556e-02
5.464219109006841490e-01 -8.374865633798252995e-01 -6.321576786807973566e-03 -3.934429103140212547e+00 8.374833167729931471e-01 5.463279895872611425e-01 1.216788903199607710e-02 -9.301796988056292292e-01 -6.736773992666943156e-03 -1.194301136419428574e-02 9.999061554211674530e-01 -2.244379159076081987e-02
5.368409266218544529e-01 -8.436595809538268709e-01 -6.399500172515715929e-03 -3.966646506768749525e+00 8.436554524458599325e-01 5.367452295727533906e-01 1.227531593910741528e-02 -9.585767245359524402e-01 -6.921272786154389865e-03 -1.198886005531451041e-02 9.999043468816973812e-01 -2.201687727119979593e-02
5.284404083925425821e-01 -8.489452543343072310e-01 -6.582207738327664273e-03 -3.999206790373833975e+00 8.489426740811656380e-01 5.283440122618127122e-01 1.223115859425235284e-02 -9.893633013920274388e-01 -6.905901336690611035e-03 -1.205134971169088270e-02 9.999037022012279285e-01 -2.140580571369905122e-02
5.212285938279218600e-01 -8.533920330257928066e-01 -6.590877096461738964e-03 -4.027911872349562827e+00 8.533906214242318322e-01 5.211354211669556591e-01 1.195797613498901860e-02 -1.016689180094486389e+00 -6.770090809923999704e-03 -1.185742701588271900e-02 9.999069497069912327e-01 -2.195120335497357383e-02
5.148433431799831483e-01 -8.572613068251337953e-01 -6.328305977228814577e-03 -4.048797196241813445e+00 8.572575392282202333e-01 5.147543559243099587e-01 1.175384482190187062e-02 -1.039376426597247605e+00 -6.818581886265295301e-03 -1.147637063282460484e-02 9.999110666707892170e-01 -2.166260167780818813e-02
5.096006406049573556e-01 -8.603883265823438764e-01 -6.307578992304197461e-03 -4.063138263543097040e+00 8.603831069935026221e-01 5.095107133034652014e-01 1.185065184930364675e-02 -1.060283207354565160e+00 -6.982370719825031075e-03 -1.146602832491727154e-02 9.999100551482575927e-01 -2.092718880436868212e-02
5.057347145327134585e-01 -8.626662193398203504e-01 -6.330553160662721890e-03 -4.076461235625049362e+00 8.626621617208642956e-01 5.056467905997427126e-01 1.166301312299422056e-02 -1.074834202462288335e+00 -6.860251791450883499e-03 -1.135951277952605698e-02 9.999121164071633761e-01 -2.243065605087817688e-02
5.028800250892720980e-01 -8.643352046282765100e-01 -6.084727010513252439e-03 -4.088697673965691948e+00 8.643302151650933407e-01 5.027972255830065462e-01 1.135532619094831511e-02 -1.084453152497971029e+00 -6.755414031019811236e-03 -1.096957310885902578e-02 9.999171843703826834e-01 -2.268718132464377091e-02
5.003563418529189954e-01 -8.658015990654824856e-01 -5.641026752904045906e-03 -4.095376048997365181e+00 8.657930500255006656e-01 5.002788297362128489e-01 1.114498744761949559e-02 -1.093217819133385893e+00 -6.827252228076071718e-03 -1.046042063611555932e-02 9.999221525492973939e-01 -1.978628185616137722e-02
4.986050880688813747e-01 -8.668126789794096121e-01 -5.426925744225876216e-03 -4.098951611226583580e+00 8.668025794776467174e-01 4.985302908763266094e-01 1.102579145803149821e-02 -1.098866960129360137e+00 -6.851798934429517360e-03 -1.020158328378862646e-02 9.999246590471320140e-01 -1.728981427838098203e-02
4.975358488783359623e-01 -8.674291211758448084e-01 -5.051398600699691724e-03 -4.099827895119230625e+00 8.674146132585484059e-01 4.974629103882265424e-01 1.110334406262427319e-02 -1.098628929109300323e+00 -7.118471347053987458e-03 -9.905963061317610979e-03 9.999257686069193962e-01 -2.038640912330309807e-02
4.969080638916475445e-01 -8.677905656107236521e-01 -4.758135688777544690e-03 -4.105549265271628556e+00 8.677715228491267307e-01 4.968351194075359967e-01 1.132263203672126059e-02 -1.101399475038228104e+00 -7.461653476764198815e-03 -9.755275345907161305e-03 9.999247485396520752e-01 -2.219247424633641330e-02
4.969327495197394251e-01 -8.677755193824331359e-01 -4.921949976201952723e-03 -4.107410809446531808e+00 8.677586425605549048e-01 4.968593335759864948e-01 1.124723878545024792e-02 -1.103605816236211234e+00 -7.314551235996676060e-03 -9.860178188297709714e-03 9.999248067706630883e-01 -2.067278133737484452e-02
4.972142809791454399e-01 -8.676146544667927563e-01 -4.849266237535812714e-03 -4.102254410986560629e+00 8.675993193383779722e-01 4.971444016484675710e-01 1.093772386828634896e-02 -1.103021765799856446e+00 -7.078935853186926232e-03 -9.645606091780639657e-03 9.999285958074499714e-01 -2.310080824786660617e-02
4.971273220484985211e-01 -8.676678833306786798e-01 -4.198631596267467236e-03 -4.095424911567127957e+00 8.676469532884146796e-01 4.970627751751358070e-01 1.086936362867163205e-02 -1.100640568954377008e+00 -7.344003279443131818e-03 -9.046378264577298323e-03 9.999322857689657562e-01 -2.292442583988001450e-02
4.968058299509897635e-01 -8.678539248198323675e-01 -3.780846823692430268e-03 -4.092300897667790593e+00 8.678314596364727906e-01 4.967469442793837620e-01 1.057429083898512971e-02 -1.099455904930656924e+00 -7.298803097097483240e-03 -8.534498553542586505e-03 9.999371173422080261e-01 -2.022618921782637705e-02
4.964382802564329400e-01 -8.680645906793075239e-01 -3.696369992229848328e-03 -4.093009758144531496e+00 8.680460756325991678e-01 4.963855334505078987e-01 9.909860765129181737e-03 -1.102698777345348047e+00 -6.767562259218942722e-03 -8.128245678794741857e-03 9.999442429451812497e-01 -1.873457581146465920e-02
4.959486596188760199e-01 -8.683449641270581942e-01 -3.566259552733421542e-03 -4.094553704506607161e+00 8.683278985008479056e-01 4.958998081550992088e-01 9.530951106025220901e-03 -1.102327927101754312e+00 -6.507633177925356387e-03 -7.823534596741491334e-03 9.999483998170489718e-01 -1.922100615184408820e-02
4.958414806311365330e-01 -8.684075071501212717e-01 -3.224589202549418138e-03 -4.095745185479763073e+00 8.683856047080921181e-01 4.957924166602166172e-01 9.855377521053861750e-03 -1.100973689406760991e+00 -6.959745118869623166e-03 -7.686877853458120094e-03 9.999464189305445894e-01 -2.114131600746468193e-02
4.956927045101712226e-01 -8.684933336532900672e-01 -2.973744952337537776e-03 -4.094901501628653406e+00 8.684678721843430704e-01 4.956436751618984449e-01 1.008577264932789680e-02 -1.094478886747030977e+00 -7.285497563883007281e-03 -7.582029774974574643e-03 9.999449054081618327e-01 -2.235508703160878768e-02
4.956541212689196674e-01 -8.685169713628166921e-01 -2.457575411547644091e-03 -4.092616370581171559e+00 8.684880430832213616e-01 4.956092348570154127e-01 1.004134524606690483e-02 -1.094677318141574318e+00 -7.503068658650563667e-03 -7.111391375504770400e-03 9.999467562585716562e-01 -2.448099123684566170e-02
4.952735170558906774e-01 -8.687353354683875484e-01 -1.960862175335924447e-03 -4.089861930046792438e+00 8.687043210451085296e-01 4.952336070443414950e-01 9.864368468073659788e-03 -1.095100502193599779e+00 -7.598431001491786838e-03 -6.588952816818100487e-03 9.999496167370475197e-01 -2.289662533062133618e-02
4.949763427834995011e-01 -8.689038970894872316e-01 -2.285505515473141343e-03 -4.088240890168196806e+00 8.688792549808276311e-01 4.949379315420612824e-01 9.279820388610271822e-03 -1.090092233180271597e+00 -6.932079510443370576e-03 -6.579102486091400505e-03 9.999545245897768497e-01 -1.983834519116879289e-02
4.951681251449285281e-01 -8.687908459154271013e-01 -3.432228755164597363e-03 -4.083574814644488349e+00 8.687826201777820723e-01 4.951325211416681138e-01 7.834422771125231985e-03 -1.077966555830113693e+00 -5.107058588880217416e-03 -6.861200046592075275e-03 9.999636159813878322e-01 -2.177442010440123685e-02
4.952602724086004327e-01 -8.687340310986647607e-01 -4.385864749345876751e-03 -4.071489800010917648e+00 8.687386262861156450e-01 4.952307895816296379e-01 6.364494108308257382e-03 -1.052295973613498470e+00 -3.357030296991666933e-03 -6.962237143045697275e-03 9.999703298933422246e-01 -2.476108255655104853e-02
4.942941729087309000e-01 -8.692877683204560668e-01 -3.583876661020042684e-03 -4.052033379141651181e+00 8.692864089106788761e-01 4.942665219387668563e-01 6.526420507134090589e-03 -1.019336427460541428e+00 -3.901940322915811287e-03 -6.341373450605133910e-03 9.999724824886466745e-01 -2.690685577884329230e-02
4.927079046545440599e-01 -8.701937652187485828e-01 -1.592508204673030118e-03 -4.035039468673443430e+00 8.701773192916769650e-01 4.926852277954293924e-01 7.318194603825609393e-03 -9.914696963055661394e-01 -5.583635140406490241e-03 -4.991487451402044397e-03 9.999721570156767658e-01 -2.275273592979928233e-02
4.902727484840577188e-01 -8.715691528455273840e-01 -8.090688195781096156e-04 -4.014510066594373150e+00 8.715486523337396818e-01 4.902543951098902175e-01 7.378184199514450405e-03 -9.609553208034014027e-01 -6.033940213527628528e-03 -4.322456580740113678e-03 9.999726570489946287e-01 -1.686173199107348850e-02
4.864194674365923676e-01 -8.737248439076734652e-01 -1.346698938164805513e-03 -3.997954490519137316e+00 8.737121731015879966e-01 4.864026476149247991e-01 6.353740493507128474e-03 -9.206651450505343171e-01 -4.896375687689999250e-03 -4.267200749581147659e-03 9.999791116201148800e-01 -1.820248571751349048e-02
