1.000000000000000000e+00 0.000000000000000000e+00 0.000000000000000000e+00 0.000000000000000000e+00 0.000000000000000000e+00 1.000000000000000000e+00 0.000000000000000000e+00 0.000000000000000000e+00 0.000000000000000000e+00 0.000000000000000000e+00 1.000000000000000000e+00 0.000000000000000000e+00
9.999999515066160249e-01 -1.095979796746127594e-05 -3.210948260451731940e-04 -6.871749786915180500e-03 1.100314841339573879e-05 9.999999903152734237e-01 1.414672474308330578e-04 -9.702158562252065875e-04 3.210932844235376703e-04 -1.414708201652373600e-04 9.999999419198762896e-01 1.318843402463705256e-03
9.999994901375161005e-01 -2.609980230875117579e-05 -1.016485477202045806e-03 -1.787256604223490253e-02 2.623496070688298350e-05 9.999999916998684180e-01 1.325298049941556894e-04 4.421362735141073962e-04 1.016481838871058840e-03 -1.325559361108727581e-04 9.999994824551401429e-01 1.255201611386308610e-03
9.999980940384471939e-01 2.406379098337718198e-05 -1.956368742094908957e-03 -2.022857296689950166e-02 -2.345907206868999843e-05 9.999999529300838130e-01 3.093177518459319002e-04 1.438887593181483555e-03 1.956375858828033644e-03 -3.092709117255554568e-04 9.999980474382633711e-01 6.049883431793559065e-04
9.999982644914011676e-01 -9.043542574303378787e-06 -1.869153516670829301e-03 -1.311727517611360576e-02 9.754397802025920495e-06 9.999999285638515589e-01 3.815246202526355497e-04 1.271005352797785525e-03 1.869149682195563782e-03 -3.815418973789538588e-04 9.999981930332119129e-01 -2.624706013896691177e-03
9.999993336717954984e-01 -1.280511726446538197e-04 -1.161605468835877905e-03 -6.884054041391211333e-03 1.280623352323813184e-04 9.999999933124573692e-01 1.235569626812393250e-05 6.080854819287044794e-04 1.161603603336647771e-03 -1.250433900904423144e-05 9.999993432540388305e-01 -1.245354371067386402e-03
9.999995996977221191e-01 -9.255968392143229724e-05 -9.135461388227938614e-04 -7.686437825608179869e-03 9.234454842374850768e-05 9.999999750194168424e-01 -2.298885273437219993e-04 -2.519143921753921509e-04 9.135653401446140525e-04 2.298067289392956042e-04 9.999995812619472124e-01 2.945914549053313229e-03
9.999991803978279803e-01 -1.002489666865953683e-05 -1.298525223721756642e-03 -9.878105646455541747e-03 9.645625857889095453e-06 9.999999643661584559e-01 -2.876469263358155800e-04 4.542767716914081341e-04 1.298525945736150660e-03 2.876364016674839096e-04 9.999991427953773826e-01 2.705771108616952282e-03
9.999987000351550082e-01 -1.028467959746698135e-04 -1.624126183825970980e-03 -9.342005571803773181e-03 1.028167546430327686e-04 1.000000001006209782e+00 -1.425499026701189091e-05 2.004575045688912482e-03 1.624125569944247964e-03 1.409025020984099924e-05 9.999987095455543651e-01 -3.836662992981349505e-04
9.999980415036471282e-01 -1.347453139038091400e-04 -1.987691502472327832e-03 -7.828641676411469269e-03 1.351513103224191226e-04 9.999999757725150928e-01 2.081310683083566551e-04 1.984238583731090088e-03 1.987661315295066473e-03 -2.083971153818546280e-04 9.999980333918743192e-01 -2.679462796439100510e-03
9.999921686331556536e-01 -4.634678560394258950e-05 -3.964965062911134618e-03 -2.236699303818844194e-03 4.745055857915075572e-05 9.999999667487289301e-01 2.811890665391195317e-04 1.898105210220169588e-03 3.964949451145271912e-03 -2.813736632323644458e-04 9.999921353843544969e-01 -3.423768953188529186e-03
9.999808804583549815e-01 1.169643182867107561e-05 -6.188965474617098492e-03 1.268174100219358023e-02 -1.067573199058793861e-05 9.999999935854847477e-01 1.669628182122554275e-04 1.436644244046354464e-03 6.188964965396198670e-03 -1.668920928483493980e-04 9.999808719719790462e-01 -6.864794356857547436e-03
9.999775384651788945e-01 -6.441601323091293498e-05 -6.707092632845195086e-03 3.224137249792439347e-02 6.516394247051981200e-05 9.999999991252155329e-01 1.131478283113332797e-04 2.964307203965449791e-03 6.707082933217801274e-03 -1.135812562203991139e-04 9.999775395011871737e-01 -9.987796871419433314e-03
9.999839634553787659e-01 -8.748958039183966603e-05 -5.669056612865146227e-03 5.164775305610283529e-02 8.712499556119224307e-05 1.000000002831045620e+00 -6.182656257949686374e-05 3.998186922644572650e-03 5.669059182013542857e-03 6.133179054037849278e-05 9.999839714318280448e-01 -6.043655954967830715e-03
9.999872759308339187e-01 -1.095233459654672135e-04 -5.050775955823608165e-03 8.088669675393272973e-02 1.088999265584384698e-04 9.999999960336131144e-01 -1.204014679538448782e-04 2.952624487686776860e-03 5.050785889389639537e-03 1.198496654713206242e-04 9.999872812837222735e-01 3.238086425928811147e-03
9.999809182536003593e-01 -2.019379785197987053e-04 -6.180796721807489333e-03 1.222109133479011844e-01 2.012817380015327823e-04 9.999999843532542121e-01 -1.037167503510026396e-04 1.613067513932253455e-03 6.180814945161164364e-03 1.024717589908643006e-04 9.999809403099109151e-01 6.093209031092789406e-03
9.999621714746332879e-01 -3.746555640521111131e-04 -8.694782938969608521e-03 1.851549053285485025e-01 3.727361420838176155e-04 9.999999165328466999e-01 -2.200654651361773513e-04 2.869562900195224333e-03 8.694861994671830921e-03 2.168172724677737743e-04 9.999622247169658307e-01 -1.244041219473845114e-03
9.999370397875002592e-01 -5.136237602857414257e-04 -1.121362172170357885e-02 2.697213265878140032e-01 5.082804837737876910e-04 9.999997670681229911e-01 -4.775355131603437140e-04 3.810650305954121041e-03 1.121386168921593464e-02 4.718061286868601204e-04 9.999370649415275647e-01 -1.139764086604893624e-02
9.999452822376981853e-01 -9.049277454843052864e-04 -1.042715006769843848e-02 3.663042420122573084e-01 8.972510407402196344e-04 9.999993348138680460e-01 -7.390231336873619638e-04 2.124586105631200324e-03 1.042780928518590236e-02 7.296265580113452847e-04 9.999454258712671129e-01 -1.106886784183977804e-02
9.999687181148917414e-01 -1.530672524883835463e-03 -7.768153419871991205e-03 4.739972079810791938e-01 1.520158094182956108e-03 9.999979345958854848e-01 -1.356920597815870332e-03 8.344228536968415454e-04 7.770211853810550864e-03 1.345068175818684743e-03 9.999689764166139749e-01 -7.810284453705223801e-04
9.999710542118890322e-01 -2.195806442564658331e-03 -7.293825784484364930e-03 5.965264008862363188e-01 2.183035376933858962e-03 9.999960867331605385e-01 -1.755764818374528670e-03 1.836069148055249770e-03 7.297650059022152760e-03 1.739789886234001381e-03 9.999719312690328321e-01 9.201210380618015869e-03
9.999502686424207587e-01 -2.892995252878337829e-03 -9.551771411880833826e-03 7.385657473482172275e-01 2.875134661780300808e-03 9.999941092137886178e-01 -1.880859206009737397e-03 5.216222121728045572e-03 9.557153982911705675e-03 1.853301153720156953e-03 9.999526925412768330e-01 5.806279624868720263e-03
9.999245557747574731e-01 -3.787673218544600033e-03 -1.169136818239053729e-02 8.957888386011668702e-01 3.767000543722233852e-03 9.999913197992714720e-01 -1.787555124390293555e-03 6.879914631778692724e-03 1.169803486809633912e-02 1.743376937179022795e-03 9.999301409796050866e-01 -3.956889561881920224e-03
9.999194410379623754e-01 -5.053951386417569920e-03 -1.165013721700446092e-02 1.067409553500519248e+00 5.032136632126925878e-03 9.999855492192191164e-01 -1.898768830604153929e-03 6.471605530563211486e-03 1.165956221070219880e-02 1.839987659516411061e-03 9.999304198077707539e-01 -6.413329668769564632e-03
9.999291783755681617e-01 -6.765086669697505800e-03 -9.799700140524413017e-03 1.254780252676363617e+00 6.750870580584995839e-03 9.999761302917669070e-01 -1.480268981259333849e-03 6.277689219719915364e-03 9.809477431019264157e-03 1.414004708198296836e-03 9.999509767586463038e-01 3.043949521434837369e-03
9.999237661068841598e-01 -8.681439179148930929e-03 -8.790600718279327486e-03 1.456551458235661567e+00 8.668224975978619518e-03 9.999612627213784188e-01 -1.536863540997041944e-03 1.206668449607869315e-02 8.803599396495200013e-03 1.460544503913550028e-03 9.999602805905146719e-01 1.276121172928210666e-02
9.998962881691979554e-01 -1.066159595063010702e-02 -9.692010884503412388e-03 1.672253732837855056e+00 1.064338162523469598e-02 9.999415167067792209e-01 -1.925833154374749371e-03 1.899446891841833143e-02 9.711973537967320477e-03 1.822475265101197337e-03 9.999512824459316773e-01 1.131759880800395704e-02
9.998658848140907773e-01 -1.293715127721212048e-02 -1.005177899342780609e-02 1.904796583713232794e+00 1.290980225549641890e-02 9.999128217713865174e-01 -2.778087272039237755e-03 2.323288252573937201e-02 1.008683811045670183e-02 2.647947256013482003e-03 9.999457278810383043e-01 4.018721794452975032e-03
9.998457349822940099e-01 -1.532936479752609361e-02 -8.585708973950886141e-03 2.153973429390785288e+00 1.529792510240896193e-02 9.998761048103468330e-01 -3.712230224003794637e-03 2.675280464145876960e-02 8.641546183237570899e-03 3.580312707252954543e-03 9.999563598306127066e-01 7.954556938189222270e-03
9.998188965118312010e-01 -1.756227676715980263e-02 -7.344444078371890894e-03 2.418100519126804571e+00 1.753320070685480611e-02 9.998382934617365825e-01 -4.000805533528891712e-03 3.252386047478342257e-02 7.413514682219443652e-03 3.871307195102728291e-03 9.999651353150194044e-01 2.165812417683049898e-02
9.997817703599066741e-01 -1.974448121186704250e-02 -6.838720267925666417e-03 2.694082242845449837e+00 1.972108564248502977e-02 9.997995283610725537e-01 -3.467554790849364157e-03 4.273500368829385998e-02 6.905811774462001021e-03 3.331928773751273182e-03 9.999707175080145838e-01 2.527137167546706503e-02
9.997310814232021059e-01 -2.229200234328554756e-02 -6.405749880058149263e-03 2.980898611300710321e+00 2.227685677862698693e-02 9.997489320841332905e-01 -2.421218721777742763e-03 5.098574131824899769e-02 6.458113411434063603e-03 2.277865537680597973e-03 9.999766691181189993e-01 2.073402393030277305e-02
9.996694311395852850e-01 -2.517637010056211766e-02 -5.233005627657081466e-03 3.274700430030019760e+00 2.516428886761770331e-02 9.996805779322140983e-01 -2.355675197707374560e-03 5.984209129094052171e-02 5.290639164835145292e-03 2.223208595682086078e-03 9.999836521075755602e-01 1.679074714894081624e-02
9.996039892407835303e-01 -2.790272941802591361e-02 -3.675984667089883095e-03 3.583866131785510056e+00 2.788903004398970292e-02 9.996041428188783273e-01 -3.716701014609633587e-03 7.069263744024019414e-02 3.778232959459379859e-03 3.612706151788907215e-03 9.999864608296327173e-01 2.074422173629767233e-02
9.995291664240585350e-01 -3.060413329207043245e-02 -2.246040280095189159e-03 3.903949647882787310e+00 3.059278586801744346e-02 9.995199163065493497e-01 -4.906805375098895715e-03 8.450687009357095436e-02 2.395127071681124077e-03 4.835778619127712417e-03 9.999855662203942508e-01 3.345230759379662355e-02
9.994354046138936853e-01 -3.357755921501610896e-02 -1.277513051860479538e-03 4.232911717420910769e+00 3.357271738944533207e-02 9.994297873348039207e-01 -3.610668551449478566e-03 9.865360765874418847e-02 1.398019762556734682e-03 3.565736483186741392e-03 9.999927952788814078e-01 4.317878717705597724e-02
9.993228335169964671e-01 -3.678447466855449405e-02 -9.972859724886890681e-04 4.573883352856605633e+00 3.678303188685112801e-02 9.993223524787336887e-01 -1.384172106170600009e-03 1.170989493482040844e-01 1.047524781812059517e-03 1.346548412054575285e-03 9.999986807410519152e-01 3.975797772595568436e-02
9.992028840338100792e-01 -3.990138364880470301e-02 -1.305245552571464296e-03 4.927035968441431102e+00 3.990122663499065525e-02 9.992036601035899634e-01 -1.071216262166575827e-04 1.372769816366714302e-01 1.308479540728098777e-03 5.495314728202238720e-05 9.999992842711830088e-01 3.157789994656678978e-02
9.990832642824933885e-01 -4.279537098273678702e-02 -1.190385456062647901e-03 5.286943738090337241e+00 4.279497235740870736e-02 9.990838626093376806e-01 -3.164417778604750758e-04 1.551260766501971200e-01 1.202836113170565680e-03 2.652071519318284975e-04 9.999993846099460848e-01 2.883834311242117546e-02
9.989542614537776366e-01 -4.571869716877081935e-02 -6.435275310539517561e-04 5.663370610721658593e+00 4.571773867895093102e-02 9.989535105213397381e-01 -1.360804585189921007e-03 1.731421088680862030e-01 7.050667747016842743e-04 1.329958892928033388e-03 9.999990128587959992e-01 3.812145359102317443e-02
9.987994053025600616e-01 -4.898631169682363812e-02 -5.705288135854085126e-04 6.060402591710706943e+00 4.898520307012690228e-02 9.987980156348297278e-01 -1.749823500112533377e-03 1.940646717397508103e-01 6.555572600611960735e-04 1.719774858291559004e-03 9.999984590846934251e-01 4.765190488978399835e-02
9.986148273579196211e-01 -5.261120547793973062e-02 -8.549267516429604310e-04 6.469623030035193345e+00 5.260996401542892414e-02 9.986142539081865888e-01 -1.362178123073846383e-03 2.195271477653804870e-01 9.254064581451553135e-04 1.315315504949351273e-03 9.999988640490942160e-01 5.002749755926474973e-02
9.984108443336440208e-01 -5.634815873411574277e-02 -9.567101280900498989e-04 6.884844860461940996e+00 5.634817489106903887e-02 9.984112269577168908e-01 4.311710664308118020e-05 2.515198625012198819e-01 9.527605690367638679e-04 -9.695510275584694508e-05 9.999997012098136295e-01 4.577038022354975449e-02
9.982022570370898684e-01 -5.993505025716832496e-02 -5.376662154893491414e-04 7.309027685617809134e+00 5.993586022040070516e-02 9.982007342937916361e-01 1.757127165216870821e-03 2.841445867296894523e-01 4.313860414382368678e-04 -1.786191784165615812e-03 9.999984738109134463e-01 4.388718710091712299e-02
9.979920771429348081e-01 -6.333909477721792747e-02 -4.674759669291206668e-04 7.742449185868585104e+00 6.334009717443853105e-02 9.979882470371219672e-01 2.755930644151543055e-03 3.142217908882275479e-01 2.919788126061750866e-04 -2.780004879260515940e-03 9.999962569554740055e-01 4.717044790359688211e-02
9.977478791521255941e-01 -6.706448526323897930e-02 -1.332074352363260246e-03 8.184292206318172447e+00 6.706804578715579168e-02 9.977443019114708989e-01 2.879373153706819149e-03 3.470354910725752529e-01 1.135967297632361778e-03 -2.962225857825756797e-03 9.999951340391840526e-01 5.217959787379303910e-02
9.974549701526844725e-01 -7.125840493481175320e-02 -2.465421161199211290e-03 8.630495038715061185e+00 7.126636412361128659e-02 9.974518180011712198e-01 3.328944497259884224e-03 3.854014378644953775e-01 2.221925041231854765e-03 -3.496171082680314159e-03 9.999915896232455248e-01 5.652001113741165345e-02
9.971467555246297243e-01 -7.542961411221477119e-02 -2.996386659438488812e-03 9.085926150007452406e+00 7.544089249517658968e-02 9.971428327315433604e-01 3.866475960962646556e-03 4.287208233450288120e-01 2.696179771019541552e-03 -4.081490773450940565e-03 9.999882060491482871e-01 5.407028963627132784e-02
9.968636528832389709e-01 -7.909921760164455307e-02 -2.536877513449117306e-03 9.550441415759761909e+00 7.911096640488744780e-02 9.968535945685668143e-01 4.947016135428785634e-03 4.698682039464056048e-01 2.137591464726934336e-03 -5.132192519536431935e-03 9.999847193578382809e-01 5.455969702955383582e-02
9.965854243106431198e-01 -8.253741729185344600e-02 -2.310556535164411118e-03 1.003189074266975922e+01 8.254985322885972920e-02 9.965691515230005182e-01 5.962831502633063677e-03 5.121725936951763147e-01 1.810473804970314524e-03 -6.133204424928209546e-03 9.999797305351254550e-01 5.780608644688491060e-02
9.962829312484995370e-01 -8.610566186641001318e-02 -2.531424075986476226e-03 1.052535768447261155e+01 8.612134015416154920e-02 9.962604626304087940e-01 6.950950915561567543e-03 5.609155309597770867e-01 1.923443184309738636e-03 -7.143120781454403122e-03 9.999728168415966678e-01 6.185298416831842144e-02
9.959887164156324690e-01 -8.944053026425681507e-02 -2.672528936057742138e-03 1.102577247412555650e+01 8.945946816829997150e-02 9.959574294324816668e-01 8.119267602807922826e-03 6.135382701747098544e-01 1.935532765632036727e-03 -8.325778402584985138e-03 9.999636507214060277e-01 6.584916670221431512e-02
9.957091772708646094e-01 -9.249428703189693790e-02 -2.884551919396199753e-03 1.153872920997213924e+01 9.251730608328377625e-02 9.956678498568239943e-01 9.285006444750321802e-03 6.666970564518945874e-01 2.013240027597928625e-03 -9.512034360690606663e-03 9.999529197042982265e-01 6.819964047112705985e-02
9.953949729359621301e-01 -9.579668846874379862e-02 -3.482347391618600182e-03 1.206694260638391647e+01 9.582672497705263526e-02 9.953493589768025451e-01 9.850369918070983263e-03 7.203043364944197169e-01 2.522513403565504030e-03 -1.013870734451818335e-02 9.999456129446269159e-01 7.399638644272661658e-02
9.950113134898275202e-01 -9.967573263169710041e-02 -4.185817085062108929e-03 1.260263723782114376e+01 9.971793825737033934e-02 9.949490867023182972e-01 1.152342200687245938e-02 7.799814464796143154e-01 3.016064361463244910e-03 -1.188333235500234168e-02 9.999250377205421980e-01 8.126295413128582779e-02
9.946255326439392697e-01 -1.034241479169466932e-01 -4.876789410378236031e-03 1.314523450987732645e+01 1.034811000156322103e-01 9.945410104458508593e-01 1.341580496687277101e-02 8.460975145771392203e-01 3.462644334986734931e-03 -1.384835345760760533e-02 9.998983082974228775e-01 7.976849029620562692e-02
9.942736295829903703e-01 -1.067262285825038987e-01 -5.454297213641862326e-03 1.369259661423245156e+01 1.068007627315055719e-01 9.941522761055437973e-01 1.596866025168141787e-02 9.147209444919650601e-01 3.718122969711833321e-03 -1.645973660077498443e-02 9.998578159727876669e-01 8.036450105973873270e-02
9.939014379492263629e-01 -1.101532897151169671e-01 -5.145704094761878976e-03 1.425535757728184905e+01 1.102303133998754486e-01 9.937349167799437444e-01 1.844849412196010799e-02 9.815479639790490873e-01 3.081300032103295207e-03 -1.890319397977036769e-02 9.998167756636110459e-01 7.538853727769488644e-02
9.934775652455166695e-01 -1.140095255541062752e-01 -2.113105245118263899e-03 1.482878263278361075e+01 1.140289987557263351e-01 9.932867169239548710e-01 1.946893543574099855e-02 1.051576862765718046e+00 -1.207283497556142007e-04 -1.958290338262277941e-02 9.998084423596692583e-01 7.751830124340301775e-02
9.930350323968534232e-01 -1.177798594651691677e-01 3.105805034351965827e-03 1.541011348767346867e+01 1.176966175938408826e-01 9.928537067678866457e-01 1.972757736981058801e-02 1.125049053693655488e+00 -5.407124931977105864e-03 -1.922463060073455188e-02 9.998007850736917446e-01 7.549096616817746463e-02
9.926508978647285986e-01 -1.208573136982409590e-01 6.166463986070385567e-03 1.599532383656642764e+01 1.207223353130108534e-01 9.925065773072431208e-01 1.889357375077303086e-02 1.198590905707160426e+00 -8.403686181986639789e-03 -1.801029095101994160e-02 9.998027033632334026e-01 9.532376313711322935e-02
9.923328182798980546e-01 -1.235955650338332323e-01 -2.198823983648585359e-04 1.657613175563552232e+01 1.235748300642798420e-01 9.921308112452132955e-01 2.014622120479706707e-02 1.281206036375878154e+00 -2.271835233444210404e-03 -2.001892672889268865e-02 9.997972460846165088e-01 1.213428992655722349e-01
9.919938153970409012e-01 -1.256573406330888099e-01 -1.260345084285424168e-02 1.716008618397998831e+01 1.258946752087256316e-01 9.918370781460891239e-01 2.024590674013202266e-02 1.363273768424860144e+00 9.956519045073929444e-03 -2.167052027663928654e-02 9.997158186183864315e-01 1.178135790652398845e-01
9.915807851890245939e-01 -1.276730494653065540e-01 -2.162156267020615835e-02 1.775677714880821867e+01 1.280766100703644439e-01 9.915929599211263934e-01 1.843744740892597211e-02 1.441134987245869192e+00 1.908582000547378102e-02 -2.105143393249756315e-02 9.995964383085259586e-01 9.696915728503445464e-02
9.912776587340597079e-01 -1.300796964982683379e-01 -2.117172125063697743e-02 1.837082459792539524e+01 1.304411961756211935e-01 9.913155583272486027e-01 1.669473430668169320e-02 1.517639795470708375e+00 1.881620650999958622e-02 -1.931078072399181056e-02 9.996366980785329481e-01 9.026225336409358924e-02
9.911225669085325096e-01 -1.326412846323113681e-01 -9.095321986912813586e-03 1.900305208696142145e+01 1.327697205428274574e-01 9.910275685254839040e-01 1.538557589515240735e-02 1.597378004308443789e+00 6.972948370397272395e-03 -1.645657364286191512e-02 9.998405149674377546e-01 9.847110913770561191e-02
9.908135415011372071e-01 -1.351121620762530950e-01 5.797844773489668063e-03 1.964191715232013991e+01 1.350181675476777032e-01 9.907395486234852333e-01 1.433169840600370844e-02 1.684435229402639012e+00 -7.680544469607743403e-03 -1.341722529423590958e-02 9.998807384276074961e-01 1.257060850844508859e-01
9.904751339174037161e-01 -1.372852443759489949e-01 1.059069791267248060e-02 2.027178837593535476e+01 1.371606487136154129e-01 9.904797044687769780e-01 1.170766720599970140e-02 1.773734489972875528e+00 -1.209716466984917145e-02 -1.014352494847890057e-02 9.998756320855528568e-01 1.487246807678112848e-01
9.901879010643652723e-01 -1.396973757091701240e-01 3.600820037041988636e-03 2.090124874989885129e+01 1.396590387611981177e-01 9.901560973191532167e-01 9.295911234119599159e-03 1.866616005909807141e+00 -4.863991930906874823e-03 -8.701810870323291661e-03 9.999505699136012060e-01 1.610517651785140780e-01
9.897864629374827361e-01 -1.422941975721075114e-01 -8.690827662607538209e-03 2.153524699588070490e+01 1.423805306388126191e-01 9.897585343651962297e-01 1.029497828955969543e-02 1.961932289003753827e+00 7.136901327628258906e-03 -1.142723384838313129e-02 9.999095032601947874e-01 1.531157028641054740e-01
9.892492025914171316e-01 -1.453569075834199309e-01 -1.605643184956361685e-02 2.218259696758240906e+01 1.455425178718851298e-01 9.892901712132784464e-01 1.106757188773871761e-02 2.059199374753094336e+00 1.427571817939905785e-02 -1.328547945197625611e-02 9.998101043520628561e-01 1.276932040658282363e-01
9.887489612271079809e-01 -1.489682315028661164e-01 -1.357898790072185197e-02 2.283711626585316878e+01 1.491121929068106311e-01 9.887668229847141887e-01 1.028991030333406380e-02 2.157655820503956434e+00 1.189357897738230196e-02 -1.219893042653959377e-02 9.998551297859062936e-01 1.351167325077630987e-01
9.883624189472803856e-01 -1.519762557112306622e-01 -6.586858771623298366e-03 2.348863821356331627e+01 1.520385759508132428e-01 9.883207690630675391e-01 1.031928385570004929e-02 2.263819112375555331e+00 4.941639259708056550e-03 -1.120064884541592531e-02 9.999253404524159894e-01 1.631975109040974536e-01
9.880041558743622998e-01 -1.544227728463017923e-01 -1.360921321058272595e-03 2.415004132315354113e+01 1.544275809450742776e-01 9.879248568073700776e-01 1.252035119071964568e-02 2.373058251422520915e+00 -5.889431866046017545e-04 -1.258032293992943085e-02 9.999209803596678103e-01 1.738548390424152212e-01
9.875088661060644757e-01 -1.575627380693835344e-01 8.285548811253633282e-04 2.482666013332809030e+01 1.575339691106369677e-01 9.874056159694464263e-01 1.460688869874337235e-02 2.484849319714346194e+00 -3.119624580721663126e-03 -1.429390729958839729e-02 9.998932645350093740e-01 1.617014410769007093e-01
9.869495609573232242e-01 -1.610217987626766101e-01 1.734369038436031629e-03 2.549802423354504910e+01 1.609899824423814685e-01 9.868836331440461462e-01 1.196221004378157822e-02 2.594005302918746647e+00 -3.637800566851781287e-03 -1.152688267517821066e-02 9.999272458102033134e-01 1.512477177349530189e-01
9.865053901618113796e-01 -1.637295781624302227e-01 4.652565535528947575e-04 2.616081170634056718e+01 1.637139487131177851e-01 9.864434704083420158e-01 1.127827121763045823e-02 2.703610998737870919e+00 -2.305539331155134677e-03 -1.104990778217462659e-02 9.999365971813883869e-01 1.883331935067218965e-01
9.860783977732310301e-01 -1.662755789718312893e-01 -1.521007882817191964e-03 2.683264774482015724e+01 1.662812096806502438e-01 9.859937906196717394e-01 1.292211257089229647e-02 2.827015430922525052e+00 -6.489309611912446891e-04 -1.299513266459005958e-02 9.999156624470053600e-01 1.899013781951700841e-01
9.855079878499447554e-01 -1.696304850755624150e-01 -2.221701028897739058e-05 2.751591443306708840e+01 1.696150644513143013e-01 9.854168038239705663e-01 1.358788536770143100e-02 2.951929562423234454e+00 -2.283029974883635845e-03 -1.339474005304855386e-02 9.999079978980881522e-01 1.656502189980162687e-01
9.848543268729771372e-01 -1.733235551282671372e-01 4.626247143131479757e-03 2.820388451045140599e+01 1.732802254454401947e-01 9.848357809410713815e-01 8.522141923086746368e-03 3.069281215844317234e+00 -6.033185085176831670e-03 -7.591433636770696797e-03 9.999533055253687630e-01 1.489719186976956877e-01
9.842868831026309051e-01 -1.764332010143132012e-01 7.152696749127344412e-03 2.888322226188270037e+01 1.764085296221703236e-01 9.843092414621411601e-01 3.941394873216512960e-03 3.180532483536968158e+00 -7.735861746313111263e-03 -2.617669070561645488e-03 9.999669775580213305e-01 1.902902833779103187e-01
9.838055308956571432e-01 -1.792101379779601489e-01 3.304744487098727757e-03 2.956521429965403769e+01 1.792000817167051230e-01 9.838078355410508902e-01 3.108151575467876879e-03 3.304039842604692634e+00 -3.808249200385793558e-03 -2.465608602602158052e-03 9.999900420273647450e-01 2.185310090438689623e-01
9.831316072053633004e-01 -1.828783307170508965e-01 -2.879280667603948372e-03 3.025871288260624681e+01 1.828887852869765795e-01 9.831257510891413531e-01 3.954407507406895207e-03 3.440164045150152283e+00 2.107516026656270757e-03 -4.414293451663662757e-03 9.999883762276332577e-01 2.046324017868951517e-01
9.822744026859085986e-01 -1.872364435808098193e-01 -8.947078557912626490e-03 3.094678347837747268e+01 1.872649594486663627e-01 9.823064441758321275e-01 2.464217338407402244e-03 3.581066238316799044e+00 8.327377941183919385e-03 -4.096014642739238820e-03 9.999572814271842081e-01 1.839398236396311559e-01
9.814405232258065492e-01 -1.912974088620286728e-01 -1.342940141238368849e-02 3.163167605344920474e+01 1.913148102596279876e-01 9.815288238421540079e-01 1.637503577562349650e-05 3.715297762514804258e+00 1.317820820176379346e-02 -2.585316821873677885e-03 9.999101706190831607e-01 1.911820101603311783e-01
9.807142127157171263e-01 -1.950331590116523295e-01 -1.273786507199017697e-02 3.233329273697339801e+01 1.950395207638561945e-01 9.807951955992015858e-01 -7.476637357989047430e-04 3.852708864980008752e+00 1.263905222545097864e-02 -1.751145040779466568e-03 9.999189426580017415e-01 2.109585990548797085e-01
9.800456410022650999e-01 -1.985506998489051933e-01 -9.419605954903530545e-03 3.304059054181522725e+01 1.985433822979769669e-01 9.800907087799894946e-01 -1.708032611623870210e-03 3.996873307219239724e+00 9.571195508387812106e-03 -1.962530272042663389e-04 9.999545351134060400e-01 2.237099171772485018e-01
9.793417784343825261e-01 -2.020534257898639607e-01 -8.041759527111225214e-03 3.374481806688085328e+01 2.020418396931604188e-01 9.793744531221250105e-01 -2.228303576651821400e-03 4.145557851017088069e+00 8.326126383423674421e-03 5.574961964281141069e-04 9.999655452090080443e-01 2.420203195398814289e-01
9.784814770506030657e-01 -2.060749720751708647e-01 -1.037701894264193153e-02 3.444790335378692703e+01 2.060692903137833765e-01 9.785361609410123673e-01 -1.618739959008164012e-03 4.297984023174014290e+00 1.048786619841507971e-02 -5.544805206917312584e-04 9.999452120280194478e-01 2.631595143239355838e-01
9.775031727193788100e-01 -2.104978077998113373e-01 -1.337180000378351309e-02 3.514836198734164441e+01 2.105256742690724825e-01 9.775881760908737839e-01 7.016117887721622657e-04 4.457757301249392512e+00 1.292442171453571896e-02 -3.500937739230541336e-03 9.999107173278155569e-01 2.670792107464040610e-01
9.765621791811551766e-01 -2.147675409735294860e-01 -1.420565018450644680e-02 3.585003527633173093e+01 2.148122226615629404e-01 9.766540163956154430e-01 1.685433552623838253e-03 4.618021515311846237e+00 1.351202483032427383e-02 -4.697480754137070905e-03 9.998980480389564329e-01 2.621990021554526096e-01
9.756637135050029164e-01 -2.189764349069080185e-01 -1.141197151738284309e-02 3.656175064997209034e+01 2.190231977718724576e-01 9.757150970611833118e-01 3.014651490163488493e-03 4.777994291666863624e+00 1.047469124821964401e-02 -5.440775281880722881e-03 9.999307145665765617e-01 2.765151001650124618e-01
9.748561113615141771e-01 -2.227067010216568776e-01 -7.608315747656143636e-03 3.726849266954966566e+01 2.227366275241294269e-01 9.748730255886091101e-01 3.343490822718249607e-03 4.944397322319808552e+00 6.672519992450298178e-03 -4.954075844908111849e-03 9.999658469284262718e-01 2.998736304030737987e-01
9.740474133855561156e-01 -2.262698688269788594e-01 -5.846800386284657994e-03 3.797416337599408109e+01 2.262893638308495214e-01 9.740558270375461181e-01 2.928099975431811258e-03 5.116610434822365328e+00 5.032565292628540451e-03 -4.175179701789519943e-03 9.999790041035214738e-01 3.198605182033024130e-01
9.730984852210122771e-01 -2.302966474770483940e-01 -6.588118336011321644e-03 3.868031827325053484e+01 2.303220752922647274e-01 9.731085932370951985e-01 3.407590968655700193e-03 5.290072455274062335e+00 5.626193891251363328e-03 -4.833313258217547710e-03 9.999728804243710467e-01 3.328572402562388066e-01
9.721817399274408356e-01 -2.340760908529467832e-01 -8.465624485867531690e-03 3.938542344591773769e+01 2.341155739654270651e-01 9.722005778612549109e-01 4.017305375863419910e-03 5.464548429726844070e+00 7.289925978044558587e-03 -5.887487848591840302e-03 9.999564883137312954e-01 3.352994383524728339e-01
9.713484017244899960e-01 -2.374614922897196334e-01 -9.744037324196546876e-03 4.010141520009568694e+01 2.375018267837870067e-01 9.713819060246843273e-01 3.207151450085838490e-03 5.641329253396111021e+00 8.703602406705524680e-03 -5.429490150356531403e-03 9.999477806869090379e-01 3.333331502682599368e-01
9.705267393954775113e-01 -2.407964594564381833e-01 -9.774324081960545155e-03 4.082243749672625910e+01 2.408227986667860476e-01 9.705678887331794513e-01 1.604444587065413652e-03 5.815883485547073128e+00 9.100296745660946957e-03 -3.911038614807191630e-03 9.999513462651763440e-01 3.522186320643064250e-01
9.697332762719150789e-01 -2.440120444172415581e-01 -8.724892548439416862e-03 4.154073243789579095e+01 2.440269554958219844e-01 9.697683257145258695e-01 6.806704266247395234e-04 5.997722065512514078e+00 8.295028825107310030e-03 -2.789179964197640270e-03 9.999621125925129972e-01 3.705486500692489749e-01
9.689030612467387504e-01 -2.473411039766856834e-01 -7.062111560361666179e-03 4.226027588681370872e+01 2.473511885396531829e-01 9.689258307494954536e-01 5.902759868052898486e-04 6.188577360369371227e+00 6.696658984237405417e-03 -2.318744074620966711e-03 9.999753001243175676e-01 3.797550851785470027e-01
9.679894470091026104e-01 -2.509205139117469119e-01 -5.997137275736461916e-03 4.298585256014062850e+01 2.509328767629439016e-01 9.680035830072694081e-01 1.408413251796676461e-03 6.384440653361099116e+00 5.451846821473795013e-03 -2.868210261381767302e-03 9.999814399500490669e-01 3.824418656673588823e-01
9.670652441903350161e-01 -2.544632006733122398e-01 -5.825779444615520296e-03 4.371406881389833643e+01 2.544752484369426915e-01 9.670783478495607044e-01 1.433333258647282371e-03 6.579672585836213727e+00 5.269252729536598977e-03 -2.868644565718812128e-03 9.999824249304271051e-01 3.894538654791760979e-01
9.661049141842761312e-01 -2.580741262498733590e-01 -6.300697090651803840e-03 4.444483097400486571e+01 2.580859254206623321e-01 9.661214199463377117e-01 1.138041728869702883e-03 6.778174801883015022e+00 5.793537435555231284e-03 -2.725589748365329825e-03 9.999799313045283355e-01 3.998211363154320908e-01
9.651787899949214600e-01 -2.615156383237663418e-01 -6.335217991537279124e-03 4.519126160316136520e+01 2.615203070255823770e-01 9.651981015523952712e-01 -8.188185422552463674e-05 6.980356394981251711e+00 6.136151733303374899e-03 -1.577758236350246300e-03 9.999803658728199096e-01 4.097868017150589348e-01
9.642896292445922724e-01 -2.647639977979228121e-01 -6.797312075643073201e-03 4.593892811333680726e+01 2.647646659933367563e-01 9.643128517761242469e-01 -8.065432372166083958e-04 7.183283966306999169e+00 6.768276924349576201e-03 -1.021947375252451121e-03 9.999770138394389329e-01 4.226290919644714039e-01
9.633129010489690502e-01 -2.682602980779122959e-01 -8.083399519169609873e-03 4.668488666490790706e+01 2.682595728142376235e-01 9.633460714496184796e-01 -1.184573521255571655e-03 7.391980440054652490e+00 8.104883050347282125e-03 -1.027335162042145207e-03 9.999670718381443724e-01 4.342841508533956119e-01
9.622723927317486936e-01 -2.719388783609333338e-01 -9.042715024950872746e-03 4.742601883653392036e+01 2.719340196482191163e-01 9.623143893505260449e-01 -1.777856315881727210e-03 7.607265563112917128e+00 9.185400833270917359e-03 -7.482401836745020997e-04 9.999579823362267916e-01 4.391820488586341553e-01
9.611665346256551556e-01 -2.758392813429818569e-01 -8.501353402870651457e-03 4.817663616799984538e+01 2.758250626337954148e-01 9.612038633558224188e-01 -2.815799664847741437e-03 7.826669009283754974e+00 8.948238847519605563e-03 3.615650540316036254e-04 9.999603534131978888e-01 4.452929395527174261e-01
9.600710301094916854e-01 -2.796584845711718170e-01 -7.446039038007368736e-03 4.893146615126476462e+01 2.796317009021548339e-01 9.600972424771577751e-01 -4.434016047341460438e-03 8.047501983648523094e+00 8.388928746788452614e-03 2.174820773875458125e-03 9.999629062491559583e-01 4.602982231907264965e-01
9.589436294999557076e-01 -2.835038687721804229e-01 -7.305294357395595260e-03 4.969800546436742650e+01 2.834661795913515081e-01 9.589650008715902008e-01 -5.772492075717885682e-03 8.272882290877834777e+00 8.642040951587120004e-03 3.464689473982223659e-03 9.999571166610612405e-01 4.826762176593947240e-01
9.577166586915111246e-01 -2.875697369122831026e-01 -9.118662833776654958e-03 5.046294189805811214e+01 2.875156812711529009e-01 9.577520104767685005e-01 -6.788893262896869042e-03 8.502163851979126719e+00 1.068569334098440349e-02 3.880076341757351683e-03 9.999358437314053161e-01 4.996456069741508910e-01
9.562959307211746918e-01 -2.921973397041524589e-01 -1.093216521581545121e-02 5.122610301014756118e+01 2.921554160036969328e-01 9.563564239065727168e-01 -5.280823815531170834e-03 8.739783914319920299e+00 1.199808517757779136e-02 1.856137927771399744e-03 9.999267713729228513e-01 5.022731079159067358e-01
9.547714611573456800e-01 -2.971895814632587451e-01 -9.514347990196625471e-03 5.199672131911984962e+01 2.971615998803969205e-01 9.548178741209453202e-01 -4.254759282138177723e-03 8.988924428735574068e+00 1.034893599293853703e-02 1.235022319388810871e-03 9.999461678181262858e-01 4.953538849814831946e-01
9.532762162380478133e-01 -3.020353020624663709e-01 -6.312793520844426319e-03 5.277741026237286093e+01 3.020141974953658992e-01 9.532948701614972764e-01 -4.075285561734196156e-03 9.240541065998382209e+00 7.248830169676982044e-03 1.978318489109396391e-03 9.999722556056462874e-01 5.110343801037087186e-01
9.518609286202089903e-01 -3.064997288419909482e-01 -4.405828629147500244e-03 5.355519799363725042e+01 3.064887329095165036e-01 9.518697621927241226e-01 -2.985155931955690758e-03 9.493313177506301770e+00 5.108720976611397409e-03 1.491115418772518937e-03 9.999863287363672804e-01 5.427422317042115418e-01
9.504125539885379670e-01 -3.109230434592826220e-01 -6.601030399057353920e-03 5.433567915723833863e+01 3.109127610494365479e-01 9.504352055099749563e-01 -2.544558471696663215e-03 9.755378770181616588e+00 7.065009941410232454e-03 3.660344030404487792e-04 9.999754724000405881e-01 5.573494115624468837e-01
9.488164429801076993e-01 -3.156617140365938767e-01 -1.028514265921719184e-02 5.512884518974713188e+01 3.156558296279096121e-01 9.488713018717380709e-01 -2.225063723551115938e-03 1.002297001217566574e+01 1.046164044270229791e-02 -1.135389392264547553e-03 9.999451331353021999e-01 5.552183338081868591e-01
9.471540950275744164e-01 -3.205809611418286575e-01 -1.130138997610417861e-02 5.592683051188995336e+01 3.205852339014848562e-01 9.472186870378166423e-01 -1.472666759159202378e-03 1.029177169780303025e+01 1.117699391201850724e-02 -2.228216036241533957e-03 9.999355597893746506e-01 5.531575946993702031e-01
9.455633844004276423e-01 -3.252811626324208505e-01 -1.013996275149206885e-02 5.671871513374902918e+01 3.252825662724592726e-01 9.456157582120447991e-01 -1.547102681242227629e-03 1.056572266962545825e+01 1.009174862882463060e-02 -1.835469787429562906e-03 9.999479070269597925e-01 5.679659511713974762e-01
9.439610922412375871e-01 -3.299501075994571986e-01 -8.435495468989712836e-03 5.751299754724430358e+01 3.299415364482768953e-01 9.439984363695471670e-01 -2.416815502721234542e-03 1.084627103978144014e+01 8.760519502023288857e-03 -5.018411478682533898e-04 9.999620195058573913e-01 5.938497422874969844e-01
9.422484803624321392e-01 -3.348268826544097965e-01 -7.716762938740831870e-03 5.831025585084660889e+01 3.348214325898337673e-01 9.422796097337178267e-01 -2.013524779806460333e-03 1.113501647769588132e+01 7.945526959781479617e-03 -6.864991756633019668e-04 9.999687256304419236e-01 6.155536715443583606e-01
9.405090954466013287e-01 -3.396688284858759288e-01 -8.278316714128361453e-03 5.911177337183113423e+01 3.396667598608245076e-01 9.405445031369306097e-01 -1.685062121847260121e-03 1.143238294782996789e+01 8.358485209580398742e-03 -1.227054131726246222e-03 9.999648489561815401e-01 6.242560423995272556e-01
9.387626526312968789e-01 -3.444353719621163212e-01 -9.474372656385074767e-03 5.992325636637647790e+01 3.444406599456278917e-01 9.388076025569219718e-01 -1.107655276570466973e-03 1.173092276072405760e+01 9.276125639446146723e-03 -2.223534958191295506e-03 9.999550407888302406e-01 6.277288883540977915e-01
9.370464859435111427e-01 -3.490449747760775989e-01 -1.059743249462281010e-02 6.073636281686606253e+01 3.490600755773418107e-01 9.371004125301660714e-01 -4.383486346815354887e-04 1.203149592980018845e+01 1.008385835469859104e-02 -3.288389011597309553e-03 9.999442924667032440e-01 6.363452579112333085e-01
9.352970183950000127e-01 -3.537186843787111235e-01 -1.016863587514977088e-02 6.155149750124886765e+01 3.537323457249055281e-01 9.353467371331678493e-01 -4.701225674147501235e-04 1.234192081171644162e+01 9.677488073107256075e-03 -3.157272690765623117e-03 9.999487330046010758e-01 6.462021410246676645e-01
9.335148781340321111e-01 -3.584337546724164492e-01 -8.720159254033807775e-03 6.236525736024100297e+01 3.584319678074872062e-01 9.335542703799147857e-01 -1.806768775402137293e-03 1.266594943653457861e+01 8.788345303311616633e-03 -1.438939876348030791e-03 9.999608956009089500e-01 6.624090698681694978e-01
9.318570511050129346e-01 -3.627357930454778723e-01 -8.124742632177061469e-03 6.318703323048089260e+01 3.627308983332567238e-01 9.318917221336454615e-01 -2.105031338411283634e-03 1.299143331129067036e+01 8.334948139083898921e-03 -9.855074725882179577e-04 9.999653303716034003e-01 6.803846056134752462e-01
9.303536726476403507e-01 -3.665644720132146261e-01 -8.565415826301695304e-03 6.401436320621299103e+01 3.665632694660866941e-01 9.303916489449095550e-01 -1.751547123994402202e-03 1.331659888190958974e+01 8.611243249568191829e-03 -1.510209604848053574e-03 9.999623369424140984e-01 6.898821357269900867e-01
9.289107377156604617e-01 -3.702017219382839897e-01 -8.738799486454056076e-03 6.484152820567078379e+01 3.701997676977147878e-01 9.289504294777670701e-01 -1.885038408247312813e-03 1.364476194403674825e+01 8.815752395846615519e-03 -1.484072830557331586e-03 9.999605954282734244e-01 6.972976996101224456e-01
9.274932140412601722e-01 -3.737383803969201446e-01 -8.763786031854719355e-03 6.566978781118055508e+01 3.737367620544760904e-01 9.275331082000045635e-01 -1.868391696136326597e-03 1.397939057305767996e+01 8.826986279157520224e-03 -1.542432358276826657e-03 9.999604085557221023e-01 7.140237802793071298e-01
9.261137139521347095e-01 -3.771537584397196552e-01 -8.323399875525437294e-03 6.649907575897243817e+01 3.771485889513571110e-01 9.261502650251529634e-01 -2.226650012370913912e-03 1.432763253174895191e+01 8.548505534409747003e-03 -1.077030094531225383e-03 9.999634406170148093e-01 7.247669228247646256e-01
