1.000000000000000000e+00 0.000000000000000000e+00 0.000000000000000000e+00 0.000000000000000000e+00 0.000000000000000000e+00 1.000000000000000000e+00 0.000000000000000000e+00 0.000000000000000000e+00 0.000000000000000000e+00 0.000000000000000000e+00 1.000000000000000000e+00 0.000000000000000000e+00
9.999999969392087129e-01 -4.042677668954436035e-05 -1.025558638787823210e-04 -2.307132146192142526e-03 4.042715523319662888e-05 9.999999994635782041e-01 1.112432196623542329e-05 3.688301750312032398e-05 1.025556489040886079e-04 -1.112678111977522715e-05 9.999999974699048666e-01 -7.950405326205609415e-04
1.000000002337472216e+00 -1.778071360478562018e-05 -5.347380888421201996e-05 -2.670851217441102144e-03 1.777890907450408099e-05 1.000000000448622028e+00 -9.948830472762378716e-06 6.749352913424497193e-04 5.347449914939829733e-05 9.950281887127468601e-06 1.000000002100483565e+00 -9.968396713098343423e-04
1.000000005265825775e+00 6.307767388851760083e-06 8.541360827572776771e-06 -2.141340275460978070e-03 -6.310310921275155771e-06 9.999999986513085082e-01 -7.574077472019340954e-05 6.116159046441751405e-04 -8.540882024703753779e-06 7.574362525408765063e-05 1.000000002771770147e+00 -2.224377196633582827e-04
1.000000005829645655e+00 4.640671054153389747e-05 -1.075751019692318889e-05 -1.146425219547472178e-03 -4.641381383140811835e-05 1.000000002626273421e+00 -3.764657687434835105e-05 1.537441851317894286e-03 1.075586624849123863e-05 3.764955049867536998e-05 1.000000008664692519e+00 3.036989209585591750e-04
1.000000006486030601e+00 2.525590992910977696e-05 -1.018022774495086925e-04 -1.494669630936895947e-03 -2.526770657029297031e-05 1.000000003053521436e+00 -6.177758143035065824e-05 4.010620511242140099e-03 1.018006848780120174e-04 6.178534971053564122e-05 1.000000006785096929e+00 -5.833924290152650051e-04
1.000000011232633712e+00 2.464465149225391965e-05 -6.366978086667962925e-05 -2.260876724513102495e-03 -2.465980909145045280e-05 9.999999976719530226e-01 -1.284722139318080045e-04 3.493783161228248071e-03 6.366628773733208570e-05 1.284781182015029598e-04 1.000000005820514515e+00 -7.664893652744003260e-04
1.000000012408949424e+00 -4.625628169877589734e-05 -5.856055841002048233e-05 -1.936513924548536637e-03 4.623809332130162774e-05 9.999999890260168334e-01 -1.928982841240417805e-04 1.526995960061122140e-03 5.856764271043447107e-05 1.928996200476511193e-04 9.999999967135276835e-01 -1.340074796700793517e-04
1.000000007512702016e+00 -1.062060500741455061e-04 -7.294025607186105202e-05 -9.591487533995528671e-04 1.061902136411613869e-04 1.000000000519373877e+00 -1.230256155259989808e-04 9.990829269655794771e-04 7.295366778653474612e-05 1.230220376158863466e-04 1.000000011278538770e+00 1.475248730875774474e-04
1.000000014801624815e+00 2.638617081414355864e-06 -1.032725563726373297e-04 -3.314353302079052092e-05 -2.657724807177103021e-06 1.000000011413041179e+00 -1.159539542535763370e-04 2.500050970960218232e-03 1.032705998159637084e-04 1.159568513586476822e-04 1.000000009980606119e+00 -2.914847385063660352e-04
1.000000018693697035e+00 8.800937508262911396e-06 -6.480298293042144374e-05 -8.745095860196703565e-05 -8.811303747415888903e-06 1.000000016307549089e+00 -7.336075521525830666e-05 2.757083310753661535e-03 6.480049444101416273e-05 7.336410881778693217e-05 1.000000018794592327e+00 -2.505858472483713959e-04
1.000000019021233033e+00 -1.639520552997676049e-05 -6.166001974041441093e-05 -1.222300443867533606e-04 1.638585370430601848e-05 1.000000017278481756e+00 -6.147560744818066753e-05 2.051807877453276814e-03 6.165935558017701104e-05 6.147725104962849490e-05 1.000000019884084601e+00 1.080246731744986284e-04
1.000000015267672238e+00 1.149684049698824990e-04 3.234942998910230979e-06 -6.067676155689484888e-04 -1.149737949836179964e-04 1.000000013393965936e+00 -1.564673396311108510e-05 1.911172191532751509e-03 -3.238777993278779209e-06 1.564954502774718281e-05 1.000000023754752165e+00 -8.003139022954898225e-04
1.000000010118301974e+00 1.411165990617868529e-04 -6.990175736007742384e-05 1.213074360057085242e-03 -1.411290396011399232e-04 1.000000004765514428e+00 -1.116922913649765934e-04 2.843199902775465308e-03 6.988355610687050864e-05 1.117056361714932806e-04 1.000000016038971706e+00 -1.009196782931328458e-03
1.000000021038415676e+00 4.400403803784625688e-05 -9.011884772752358855e-05 7.660584247622242169e-04 -4.402212622857069326e-05 1.000000012500490643e+00 -1.509593632623139087e-04 3.502060979658916037e-03 9.010759135765056120e-05 1.509674558732033696e-04 1.000000009815882773e+00 2.243214509958741732e-04
1.000000024683218580e+00 6.345047559890594480e-05 -3.079971650102180400e-05 1.049339688812509462e-03 -6.345833007314733668e-05 1.000000013181695513e+00 -1.412998475290655411e-04 4.347531954810334061e-03 3.078618048562243914e-05 1.413060017853484045e-04 1.000000016138292702e+00 1.144678913276509641e-03
1.000000015564413314e+00 1.669323907052200828e-04 2.007987970661459661e-05 1.425595649872928462e-03 -1.669325792188563432e-04 1.000000002728390847e+00 -1.459191150731203542e-04 3.531287181118819302e-03 -2.010948024982307054e-05 1.459220504197915953e-04 1.000000016498765687e+00 1.042591567929291533e-03
1.000000026188966773e+00 1.110853132701228530e-04 2.023197552198388641e-07 1.234632986448892453e-03 -1.110887464330148486e-04 1.000000013073079952e+00 -1.432520697566442983e-04 1.508577934846201847e-03 -2.227207809983142979e-07 1.432603608182200360e-04 1.000000017737535885e+00 2.538501889030803159e-04
1.000000030129291506e+00 7.389764160387967231e-05 1.775419654782684186e-05 5.862749847068218518e-04 -7.389886123335065655e-05 1.000000019134777318e+00 -1.293621069983592008e-04 -2.305624712875065715e-04 -1.776768842329675649e-05 1.293691295593230148e-04 1.000000019687065977e+00 2.025585557942900209e-04
1.000000027906732258e+00 1.092961785035585786e-04 -1.345221778140459688e-05 7.832240409987572399e-04 -1.093024771186595949e-04 1.000000024890780770e+00 -5.546808315517415088e-05 -6.919002550937838371e-04 1.344067227139926488e-05 5.547703964549333382e-05 1.000000029035297500e+00 3.998188851363933385e-05
1.000000026936602948e+00 1.180024800309254092e-04 -3.110098456331689202e-05 9.177599757554840950e-04 -1.180084642219089187e-04 1.000000026234286299e+00 1.537648775245831567e-05 1.274837034067277447e-03 3.109715956608962058e-05 -1.536531652828786998e-05 1.000000031335386952e+00 -1.055505008927405675e-03
1.000000021504091841e+00 1.639913637342804297e-04 -5.154521467168959776e-06 2.823712594703362867e-03 -1.639989643860405863e-04 1.000000021328580901e+00 -5.315101325799935316e-05 2.920107100957190869e-03 5.141978311723415958e-06 5.315973355499804603e-05 1.000000033007549582e+00 -1.433955214191022769e-03
1.000000011573028091e+00 2.183661831087980109e-04 -3.691008851947238223e-05 4.787074569469051445e-03 -2.183766735631596724e-04 1.000000008303087551e+00 -1.099992121209015746e-04 1.927262071437072085e-03 3.688385326712638766e-05 1.100145121043262915e-04 1.000000029014626479e+00 -1.113376600121408636e-03
1.000000013446928904e+00 1.989651923084259416e-04 -8.898967288738754455e-05 3.835521182636023214e-03 -1.989807947086322845e-04 1.000000013650553798e+00 -1.029419586331188386e-04 7.533134730227970951e-05 8.896703593908188742e-05 1.029675468731654778e-04 1.000000027077694753e+00 -1.463853571987323594e-03
1.000000026894222849e+00 1.322969404402900230e-04 -8.461707750731514775e-05 3.558097861279285821e-03 -1.323037574090763044e-04 1.000000034067656696e+00 -7.621641223908052503e-06 1.418965992738805554e-03 8.461784793896823308e-05 7.640228957444249338e-06 1.000000035151912270e+00 -1.204502880939147024e-03
1.000000031007199031e+00 1.243168486273294533e-04 -4.813124020278394338e-05 2.528388457759430091e-03 -1.243242559786123956e-04 1.000000035401741094e+00 -9.222884846146844716e-06 2.150607257464904557e-03 4.813180540030345358e-05 9.236105823140800612e-06 1.000000038525927115e+00 -9.909656520194058162e-04
1.000000029733604467e+00 1.495309574418110955e-04 -4.256480738854744374e-06 2.014860566386925903e-03 -1.495394236323828007e-04 1.000000032126221461e+00 -4.027958409892029817e-05 2.628674257858220134e-03 4.253018846137763714e-06 4.028838960394222509e-05 1.000000040281713076e+00 -6.156046000198035469e-04
1.000000036480624521e+00 1.021311753199444228e-04 5.101738909577971457e-06 4.816923017841906636e-03 -1.021394605500856769e-04 1.000000039968980570e+00 -4.538456292192130888e-06 2.084712074660106072e-03 -5.098682672541008226e-06 4.546176081874021680e-06 1.000000041423199537e+00 -1.328245324236871164e-04
1.000000034008053040e+00 1.078522836620593195e-04 6.488919007488101395e-05 5.039531649633432857e-03 -1.078702998740849233e-04 1.000000027728910057e+00 1.559335173646905304e-04 2.344462812254391199e-03 -6.486899115371276352e-05 -1.559322488599321839e-04 1.000000027704882832e+00 -1.905143131625037676e-04
1.000000031941180589e+00 8.993317720258368268e-05 1.128297294129846295e-04 4.623456527443136656e-03 -8.996305842832587698e-05 1.000000021979108755e+00 2.028614176189209525e-04 3.108311136165424742e-03 -1.128077255098360927e-04 -2.028635608397073159e-04 1.000000016210763620e+00 -1.775136524134429510e-03
1.000000040947648827e+00 3.924421452779219702e-05 5.363749711980014671e-05 3.578973340872275768e-03 -3.925521037397291060e-05 1.000000041275080020e+00 1.132188163047757407e-04 3.418278336203266470e-03 -5.362911200129774668e-05 -1.132130494950710345e-04 1.000000037642730044e+00 -1.766456515110620190e-03
1.000000042104476794e+00 -2.342695058160716476e-05 5.232036401538003417e-05 3.514267262110499276e-03 2.341038667807395751e-05 1.000000025954775218e+00 2.240363279802151382e-04 2.314968827772543800e-03 -5.231989146759806280e-05 -2.240274275283828825e-04 1.000000021617995838e+00 -8.971394932986509821e-04
1.000000003132824666e+00 1.253397615792332714e-04 -2.636833869805773733e-04 5.382808122670080034e-03 -1.252076647751999578e-04 9.999999095815963468e-01 5.212176957543823100e-04 2.847747060692622234e-03 2.637550527049373770e-04 -5.211785636229258542e-04 9.999998797251354876e-01 -3.133437827080696883e-04
9.999996338066982071e-01 3.333259280714253583e-04 -8.456223308454273099e-04 1.460776929338137957e-02 -3.328707169217691593e-04 9.999998501809220786e-01 5.444857377232953637e-04 4.307811084805606046e-03 8.458101717639008536e-04 -5.441990423390701687e-04 9.999995452054032397e-01 -1.621563721978045401e-03
9.999992372682686703e-01 4.571941184415898832e-04 -1.188548696444339907e-03 3.120267415899318289e-02 -4.563836829209656928e-04 9.999997141045501303e-01 6.868923036751912580e-04 3.631891729044169157e-03 1.188868578736747370e-03 -6.863452675876676162e-04 9.999991098286180602e-01 -2.605082526553864197e-03
9.999993716652393339e-01 6.033035172811283256e-04 -9.978376108931603927e-04 5.205656433341530193e-02 -6.025815824033939946e-04 9.999996057603259825e-01 7.315933520848047792e-04 3.524278329363452356e-03 9.982854649204302936e-04 -7.309856991492873690e-04 9.999992900862033629e-01 -2.048876614536169170e-03
9.999994739413916589e-01 9.522970037820269445e-04 -5.049989277290038540e-04 8.144526237321138284e-02 -9.519990324730703791e-04 9.999994183599775210e-01 6.096244014195068093e-04 2.572919171353825127e-03 5.055881186117126402e-04 -6.091341061834431138e-04 9.999997444652605205e-01 -7.738634051474708975e-05
9.999989754331742864e-01 1.447843999628541491e-03 -2.562968632710355891e-04 1.181647826271978591e-01 -1.447713178633985420e-03 9.999988603325107306e-01 5.497176914978772104e-04 1.338223067702394185e-03 2.571032347582507703e-04 -5.493364004927779251e-04 9.999998744932206973e-01 2.076694760395702156e-03
9.999980366696228362e-01 1.975169757653178620e-03 -3.848680110382577259e-04 1.617339045939892028e-01 -1.974933805695910493e-03 9.999979094688774550e-01 6.391638097693789307e-04 2.526757118521778898e-03 3.861402208155883479e-04 -6.383955262619418368e-04 9.999997806069513828e-01 2.814625671039124727e-03
9.999963815272703282e-01 2.654544991778302280e-03 -5.626910259664749930e-04 2.080705959062807142e-01 -2.654083067648691126e-03 9.999961920395336046e-01 8.385360241719455555e-04 4.360645924077378652e-03 5.649246137459747923e-04 -8.370332213906194266e-04 9.999995492379796236e-01 2.402510669382055056e-03
9.999943214691817683e-01 3.330851550858727680e-03 -6.309406553732264727e-04 2.606242282973902924e-01 -3.330318405265761134e-03 9.999941550692598158e-01 8.600781238958811990e-04 5.202218309920210795e-03 6.338131107805865250e-04 -8.579660705943174381e-04 9.999994907438500835e-01 1.472347137203506955e-03
9.999918442680254538e-01 3.997743435320178125e-03 -6.884909244291756132e-04 3.199206813061961086e-01 -3.997235008369517777e-03 9.999918071415867526e-01 7.506300787332146783e-04 3.067519074049779651e-03 6.915046322744890705e-04 -7.478678704712150068e-04 9.999995444491883712e-01 3.116451262688810057e-03
9.999868277535216565e-01 5.078640724772326941e-03 -8.380916709897580147e-04 3.857133182933497606e-01 -5.078071399747977749e-03 9.999869493082427230e-01 6.902343911853262839e-04 3.219994514077080387e-04 8.416060479575795906e-04 -6.859656131439378262e-04 9.999994740437774254e-01 5.078386860246358360e-03
9.999763490178679159e-01 6.814658311256565140e-03 -1.008426532605238976e-03 4.609998099245199987e-01 -6.813930522287210169e-03 9.999766003661955116e-01 7.317839007621795367e-04 -4.090659110706706893e-04 1.013410202729886876e-03 -7.248916545785079020e-04 9.999992873516708736e-01 5.961460261981276973e-03
9.999600291671701946e-01 8.897144508931163764e-03 -9.700029039424651247e-04 5.449767354928169993e-01 -8.896584525293743315e-03 9.999603367969365220e-01 5.888099103702668351e-04 -3.643920432991947563e-03 9.752236186147388583e-04 -5.801521444677793307e-04 9.999994199730379840e-01 4.759956963592180089e-03
9.999315053931965291e-01 1.168997677381644444e-02 -7.029420753355830609e-04 6.285326555401534732e-01 -1.168976620484196705e-02 9.999317108926463193e-01 3.148375055618881377e-04 -5.877747178093447981e-03 7.065958762770380933e-04 -3.065945810877122760e-04 9.999997673285428990e-01 5.286668709455128769e-03
9.998707828546838927e-01 1.607830862349567819e-02 -2.732388515838270302e-04 7.180433088038399303e-01 -1.607816771169129355e-02 9.998706820707289333e-01 5.403317620455823584e-04 -1.054279167781512622e-02 2.819134869570388835e-04 -5.358644542958326601e-04 9.999998808047835253e-01 7.696471728918037776e-03
9.997709080550792882e-01 2.139858186300074017e-02 -6.358275605539994270e-04 8.171450647054046001e-01 -2.139802751022384236e-02 9.997707411981714420e-01 8.791690141440414727e-04 -1.320121211223939175e-02 6.545175131833604661e-04 -8.653578742814252260e-04 9.999994755636433252e-01 9.675414605320790257e-03
9.996239310538463929e-01 2.738991811085312450e-02 -1.403785861640657971e-03 9.204169353417355204e-01 -2.738796499438118925e-02 9.996239958511700108e-01 1.398489370489393226e-03 -1.843589541293241124e-02 1.441584446638849047e-03 -1.359516824525803603e-03 9.999981030343281230e-01 8.567894542346608105e-03
9.994099510285056054e-01 3.431800312110394602e-02 -1.488476822949543876e-03 1.026260930609162569e+00 -3.431528605257806730e-02 9.994094998237039729e-01 1.819717149519509396e-03 -2.831838788395913895e-02 1.550066943319382360e-03 -1.767564504149019304e-03 9.999973033222875340e-01 7.976333173594557513e-03
9.990953177304472410e-01 4.250840512736508980e-02 -1.335514780810954190e-03 1.132790934950964834e+00 -4.250518458814908640e-02 9.990935640700087106e-01 2.359845113878187434e-03 -4.479060892860676352e-02 1.434636729892198748e-03 -2.300941141826005291e-03 9.999963907337788838e-01 1.125427939117122980e-02
9.986496069271056930e-01 5.191534038947862723e-02 -1.991487423298351350e-03 1.243441571111435495e+00 -5.190949253607569924e-02 9.986477253773552443e-01 2.887645368030598066e-03 -5.779555282384028769e-02 2.138727384153275585e-03 -2.780366315637700699e-03 9.999939148628236296e-01 1.607498756106799306e-02
9.980516444194347248e-01 6.232653219259163407e-02 -2.920460135969068192e-03 1.355932290563129250e+00 -6.231605336879742635e-02 9.980502469598588888e-01 3.553898225605020989e-03 -7.124706208649504713e-02 3.136288731874580134e-03 -3.364981808919406681e-03 9.999894886149118811e-01 1.738491398357284307e-02
9.972511886416466353e-01 7.403354693475819315e-02 -3.051987009953543561e-03 1.469397344351633938e+00 -7.402070874702011694e-02 9.972482757222623784e-01 4.126825072122194266e-03 -8.814851656753287801e-02 3.349133322287937455e-03 -3.889569706514639166e-03 9.999868956763382499e-01 1.431947785520565862e-02
9.962217747914489108e-01 8.680921127844076768e-02 -2.559913568766696099e-03 1.586028500695711108e+00 -8.679853267156605046e-02 9.962178610494480946e-01 4.026307626202354530e-03 -1.092148632049966539e-01 2.899774907589242837e-03 -3.788895874684889645e-03 9.999886870454454124e-01 1.179506725135080585e-02
9.948895226719491891e-01 1.009443266636380898e-01 -2.302567413133133328e-03 1.704751020624893920e+00 -1.009375637082623456e-01 9.948886809348524984e-01 2.889729222547550436e-03 -1.333001940130598972e-01 2.582525657270454220e-03 -2.642540734163893387e-03 9.999932456501708922e-01 1.165500052692512722e-02
9.931745922709523944e-01 1.166115282037591822e-01 -2.491572259795497672e-03 1.825303636458883716e+00 -1.166085646663383851e-01 9.931772105586255117e-01 1.307723699087469122e-03 -1.631602497504430482e-01 2.627098534168876686e-03 -1.008254508393639564e-03 9.999961146579298132e-01 1.568640638052701264e-02
9.910440246698176692e-01 1.335218487600311754e-01 -1.972518874770813873e-03 1.949793164289443492e+00 -1.335230450842751493e-01 9.910457155415295372e-01 -4.815604724198809016e-04 -1.973838699804448260e-01 1.890588952268958470e-03 7.406308991022369321e-04 9.999980127089196369e-01 1.774278459066650632e-02
9.885556961355567163e-01 1.508537865009389467e-01 -1.006027916883159940e-03 2.082864520929360364e+00 -1.508556824806466801e-01 9.885535260731548313e-01 -2.177866395680771658e-03 -2.362511021544436429e-01 6.660071019431833142e-04 2.304715860267527068e-03 9.999971973986163665e-01 1.852235812744112628e-02
9.858134116273109537e-01 1.678454380987790817e-01 -2.677826119116396772e-04 2.213722991739357937e+00 -1.678456008061471605e-01 9.858104260449869205e-01 -2.432276163862004403e-03 -2.733708328223306561e-01 -1.442308129343693906e-04 2.442726723422728070e-03 9.999970816894433456e-01 2.433902711496297930e-02
9.827380879404117309e-01 1.850029194009133460e-01 -1.332142955856528395e-04 2.345095319137873169e+00 -1.850029802998090223e-01 9.827378189579528689e-01 -7.337528557258157866e-04 -3.099944230031089210e-01 -4.800717002079181587e-06 7.457416276778632046e-04 9.999997994914334720e-01 2.372097360910999791e-02
9.792482460415594669e-01 2.026643619666043394e-01 -5.296341588000613894e-04 2.482458029118592258e+00 -2.026638259363816863e-01 9.792480550077666823e-01 9.424539833893615841e-04 -3.493612229189878571e-01 7.096732241822082451e-04 -8.155500701345156636e-04 9.999994946321828504e-01 1.720747130816844064e-02
9.752254630342038766e-01 2.212131787007609318e-01 -5.353086100976940090e-04 2.625640941796635541e+00 -2.212119617864148347e-01 9.752243044284021334e-01 1.761567296480233066e-03 -3.961810968280614631e-01 9.117514006292242726e-04 -1.599499248621494589e-03 9.999983854135716665e-01 1.589345697741544744e-02
9.706707544216260919e-01 2.404129747579201448e-01 4.003435442683973312e-04 2.772462423347877181e+00 -2.404133211833737738e-01 9.706695809115717388e-01 1.513016702205893533e-03 -4.514610682645487927e-01 -2.482833590794819903e-05 -1.564876487313489892e-03 9.999988562337656095e-01 1.925251848108962271e-02
9.657153858929833357e-01 2.595992215093295696e-01 1.523622788020820773e-03 2.919351707627595438e+00 -2.596006196452778081e-01 9.657158972637235328e-01 7.897734260164203986e-04 -5.084691798117623174e-01 -1.266336507993013390e-03 -1.158211535318404324e-03 9.999986104307690971e-01 2.333900185912928665e-02
9.602276943450070990e-01 2.792121078692041958e-01 1.913621952782083163e-03 3.062695138197610412e+00 -2.792144668277294906e-01 9.602283084127613000e-01 1.086779927151537359e-03 -5.680123672654521227e-01 -1.534045812425876513e-03 -1.577849052736586891e-03 9.999976617353553143e-01 2.704652248837453171e-02
9.538957991444334539e-01 3.001292373128735536e-01 2.353759864343948818e-03 3.208603331304866302e+00 -3.001343241222550473e-01 9.538945353615643219e-01 2.216638633051843527e-03 -6.345165029330974704e-01 -1.579935520701669042e-03 -2.820868652099802355e-03 9.999948566150821394e-01 2.702272058663175713e-02
9.467326940696194626e-01 3.219994967904445948e-01 3.719025362721954404e-03 3.363554245741013471e+00 -3.220123671644932184e-01 9.467287197107178143e-01 3.616776029247671925e-03 -6.997872806387350764e-01 -2.356284817317796931e-03 -4.621670909448797986e-03 9.999866289065585390e-01 2.929641657837035035e-02
9.388555739732405980e-01 3.442595841877747476e-01 5.988037229341147509e-03 3.518581237728862110e+00 -3.442939102160305631e-01 9.388418065139364499e-01 6.171314238853586008e-03 -7.680679289031757673e-01 -3.497264989502194086e-03 -7.855593244971951702e-03 9.999631147614947979e-01 3.066978780389947173e-02
9.302402030649228326e-01 3.668722392780602859e-01 7.631355571087914194e-03 3.668521051679893841e+00 -3.669260514993522015e-01 9.302197019144012868e-01 7.543497872083211771e-03 -8.452887858246723729e-01 -4.331316129860032435e-03 -9.817383881789086900e-03 9.999425140138569201e-01 1.876932351285668168e-02
9.208312741100905807e-01 3.898971053197202719e-01 7.094466851637792199e-03 3.809228488773076737e+00 -3.899380638339171035e-01 9.208232943114325053e-01 5.753098782358094868e-03 -9.369940048972373869e-01 -4.289611543410310271e-03 -8.064013235882808162e-03 9.999583716304180081e-01 9.948345267480640866e-03
9.101603567693070662e-01 4.142279500204144593e-01 4.863528627504662590e-03 3.947008313478145958e+00 -4.142387730102599641e-01 9.101673050964584899e-01 1.431487971380699352e-03 -1.036697855144099956e+00 -3.833639105379847440e-03 -3.317524603410855217e-03 9.999872374746383574e-01 2.296762094857185410e-02
8.981043761085811816e-01 4.397731078123377491e-01 2.910771159616762447e-03 4.094167003977296382e+00 -4.397679732784698370e-01 8.981087860513758958e-01 -2.253487839184319021e-03 -1.133947342332539021e+00 -3.605185970783529852e-03 7.438233969663350306e-04 9.999933154538447333e-01 4.541627571917097872e-02
8.853854312818008054e-01 4.648435361509423158e-01 3.668627172633672374e-03 4.244956178181617190e+00 -4.648410706754122490e-01 8.853929711335003505e-01 -1.552687659022343935e-03 -1.234408619186512457e+00 -3.969909208887680355e-03 -3.305808263818307727e-04 9.999921564586577993e-01 5.742861997455969009e-02
8.719831615462816377e-01 4.894963298402066343e-01 6.248763169732174556e-03 4.387479450701861516e+00 -4.895157056041909427e-01 8.719924415020463560e-01 1.976016277547839890e-03 -1.331557144258104008e+00 -4.481599377651677464e-03 -4.781897599993338230e-03 9.999786187076663557e-01 4.212169223057655315e-02
8.572202625365572537e-01 5.148884444100165769e-01 7.978340402675308460e-03 4.522248186129364633e+00 -5.149318165801942682e-01 8.572178004363248949e-01 4.818698447615203315e-03 -1.432537971364638230e+00 -4.358064420829560470e-03 -8.238962034528615058e-03 9.999566602391712911e-01 1.501400589699342786e-02
8.412280133091040168e-01 5.406167747579780913e-01 8.323506579029006647e-03 4.659241097486832572e+00 -5.406627729270285787e-01 8.412260924001935258e-01 4.773479932150642875e-03 -1.552514944664991736e+00 -4.421306877066423675e-03 -8.515769609946434796e-03 9.999540645811184625e-01 1.444806070291708433e-02
8.244159787011033913e-01 5.659161586897877294e-01 8.806181178838056942e-03 4.798598250169192170e+00 -5.659662579471501642e-01 8.244148767320886861e-01 4.760960494638492337e-03 -1.676165275279910993e+00 -4.565620331170959847e-03 -8.908988616437470143e-03 9.999499918672657417e-01 3.735566503579185876e-02
8.066292034722866156e-01 5.909314750943597261e-01 1.223446583417086252e-02 4.940200330557467545e+00 -5.910300012449001272e-01 8.066199015643512604e-01 6.945266273957106419e-03 -1.795754425504404228e+00 -5.764368900212707945e-03 -1.283316170883072246e-02 9.999011395240660072e-01 5.312524560113034838e-02
7.880161411513183500e-01 6.154339846393600544e-01 1.649063216100312215e-02 5.074739677337838373e+00 -6.156134207735068919e-01 7.879911960888849043e-01 9.505603731041815246e-03 -1.920596881726575722e+00 -7.144384128148697534e-03 -1.764239225403385625e-02 9.998189425717690648e-01 2.855339692667775708e-02
7.686412581232719976e-01 6.394990392084974884e-01 1.523058571488072367e-02 5.189365709921588632e+00 -6.396397060397498446e-01 7.686429858491836686e-01 7.026960632760461713e-03 -2.065579152488961956e+00 -7.213128205756744182e-03 -1.514326839772188286e-02 9.998594277979332423e-01 -9.201181407959313149e-03
7.484294494221057636e-01 6.632015812675552402e-01 4.172922706724922423e-03 5.288705914624166837e+00 -6.632031673979875697e-01 7.484387233175442411e-01 -1.186841944613623110e-03 -2.227392238741566555e+00 -3.910273105147998515e-03 -1.879200861896373207e-03 9.999907090520281372e-01 1.944276717182591516e-03
7.271890456101358646e-01 6.863698519600593961e-01 -9.639367109376141204e-03 5.389918673691766138e+00 -6.864359466253010522e-01 7.271457280131248258e-01 -8.071811122481970663e-03 -2.386954016450714811e+00 1.468994567547508281e-03 1.248656418085471002e-02 9.999210845552958249e-01 6.488590976880181938e-02
7.043250149208845068e-01 7.096844951878248375e-01 -1.657115496293031995e-02 5.503512707602640219e+00 -7.098522490891026049e-01 7.043061283226343949e-01 -7.939506454329278012e-03 -2.533130596574896032e+00 6.036638642846405001e-03 1.735508518657554594e-02 9.998312960887300038e-01 1.057813237262719142e-01
6.804451376141738006e-01 7.326715559820005108e-01 -1.368309988659830584e-02 5.624544905997568733e+00 -7.327602253097096341e-01 6.804830318895428443e-01 -2.381344392110543336e-03 -2.682948099508435380e+00 7.566389848955456902e-03 1.164682829449995537e-02 9.999036814110722204e-01 7.377344778564391692e-02
6.559827277752535712e-01 7.547428740435253580e-01 -7.091340878902758528e-03 5.738978636303865066e+00 -7.547498362094184898e-01 6.560093547384866497e-01 2.187844943016601859e-03 -2.850255084440129760e+00 6.303261551650519642e-03 3.917025276369069317e-03 9.999726034113028961e-01 8.067466689774278193e-03
6.311325714539554044e-01 7.756531380156225230e-01 -5.858874211552042403e-03 5.837299313147467750e+00 -7.756601244609487855e-01 6.311494074907185725e-01 1.473981130942576736e-03 -3.031371937788387871e+00 4.841136882725791991e-03 3.614244616002711477e-03 9.999818947300508354e-01 -1.544931058167236387e-02
6.048148357690837917e-01 7.962838644413333666e-01 -1.146615890814164755e-02 5.935340984527764263e+00 -7.963535160750411235e-01 6.048241883063132374e-01 -3.026161042205523233e-03 -3.213711912188880859e+00 4.525340947919249263e-03 1.096140851049443032e-02 9.999298336888154948e-01 2.977226050520737077e-02
5.763953230329892374e-01 8.169918131527971195e-01 -1.712506516272179966e-02 6.039570144427900189e+00 -8.171498077075777244e-01 5.764053674804908711e-01 -4.839849472117532803e-03 -3.402042358766856900e+00 5.916876199174152598e-03 1.678343420847170850e-02 9.998417968133732625e-01 8.986669108036743348e-02
5.468219958036705242e-01 8.370588755280999882e-01 -1.784952375343974024e-02 6.146412744556409180e+00 -8.372154646644768272e-01 5.468668902799628251e-01 -2.693084205687492315e-03 -3.605613330380223136e+00 7.507054455943332552e-03 1.641655913445278989e-02 9.998372145879657058e-01 9.170758127143258109e-02
5.172271190825862286e-01 8.557291260150913237e-01 -1.429121779072167579e-02 6.241877934048967624e+00 -8.558075662540731710e-01 5.172934500568384664e-01 1.131095442155475791e-03 -3.821816176694530220e+00 8.360674813033801972e-03 1.164552477642901047e-02 9.998973964383848223e-01 4.356278247005326149e-02
4.868806058363385203e-01 8.733640551488834891e-01 -1.352688820947830703e-02 6.321392811063476280e+00 -8.734183211439618955e-01 4.869605227974259098e-01 3.204631164997790490e-03 -4.039332524828440185e+00 9.385878065764895542e-03 1.025438592016982703e-02 9.999035357849694883e-01 5.359009087562180244e-03
4.557234827574668246e-01 8.899703944329975247e-01 -1.640995830022658197e-02 6.403037346703142063e+00 -8.900569890942109375e-01 4.558351018176470815e-01 3.646975560066463909e-03 -4.260499222639433370e+00 1.072594180082355603e-02 1.294381195798089725e-02 9.998588643674422016e-01 2.166409116460410803e-02
4.241125675003808437e-01 9.054013986705182759e-01 -1.942493953233664222e-02 6.489400926109803791e+00 -9.055402541088609647e-01 4.242480984843545189e-01 3.283930645509629265e-03 -4.491332363408923278e+00 1.121427608970370672e-02 1.619733375021842683e-02 9.998060970057502939e-01 5.895236130326725332e-02
3.933731077225472994e-01 9.191837089469919730e-01 -1.895804939134329917e-02 6.573033354536444328e+00 -9.193225852348475557e-01 3.934939730790190660e-01 2.977114397357647109e-03 -4.737397156143175359e+00 1.019639993767719466e-02 1.625747153658015434e-02 9.998160247282172897e-01 7.191348988913694174e-02
3.641384479979444810e-01 9.311717294938388623e-01 -1.796981038592918717e-02 6.637420229007285677e+00 -9.313079739876085617e-01 3.642283038947808360e-01 1.894019920328683746e-03 -4.996650644773087180e+00 8.308779711893792691e-03 1.604576638568205524e-02 9.998369195672740517e-01 4.333142212485809747e-02
3.347152498859180536e-01 9.420729314389431064e-01 -2.155948714200356733e-02 6.688410079726837765e+00 -9.423037502974708213e-01 3.347544289307922138e-01 -1.872829695547850552e-03 -5.261154961080349857e+00 5.452796951906192964e-03 2.094247176402925723e-02 9.997660006817690181e-01 2.247018994413960136e-02
3.044270783989660445e-01 9.521387713563337352e-01 -2.750352360677036506e-02 6.745489699670505601e+00 -9.525321201770458046e-01 3.043797526267204012e-01 -5.993344178848915987e-03 -5.529790655824803558e+00 2.665025908570482424e-03 2.802254569692477076e-02 9.996039332086736895e-01 4.542915183951944103e-02
2.755730116966535470e-01 9.607400819156834970e-01 -3.222652322380265694e-02 6.804456833971603835e+00 -9.612776706444655650e-01 2.754964547966491373e-01 -6.880249765784658515e-03 -5.804871418101647862e+00 2.268164483183308499e-03 3.287466759938966615e-02 9.994571070762126030e-01 8.085289394994787937e-02
2.497833041772164198e-01 9.677202170856393781e-01 -3.356224227728223791e-02 6.856949848901865430e+00 -9.682954331505048140e-01 2.497588412766613419e-01 -4.987273529997646865e-03 -6.084132068658609782e+00 3.556185320624646526e-03 3.374392362319895283e-02 9.994243847721430152e-01 8.749540471791641960e-02
2.252135692155345925e-01 9.738019025453948929e-01 -3.145236753596285934e-02 6.898421510746355345e+00 -9.743062959941253265e-01 2.251797872058229899e-01 -4.658618617721221183e-03 -6.365601187600288924e+00 2.545869782395804911e-03 3.169344440424223114e-02 9.994945976293899692e-01 6.601103596561658238e-02
2.011816035930063251e-01 9.791265954174993569e-01 -2.894185779785448526e-02 6.933775654189474835e+00 -9.795539986744511429e-01 2.010767231889144802e-01 -6.520205709577003329e-03 -6.654524955387872254e+00 -5.645679834680845076e-04 2.966187891206972099e-02 9.995600386803571435e-01 4.733065489771053069e-02
1.783513788601172323e-01 9.835417328482247701e-01 -2.893114104029822012e-02 6.973609700619815222e+00 -9.839644334388324420e-01 1.782058258297565811e-01 -7.555068406692945666e-03 -6.947600246875789587e+00 -2.275019132176419202e-03 2.981469093837333523e-02 9.995530643907700741e-01 4.845769747882536921e-02
1.567751255975101121e-01 9.871531371184214532e-01 -3.083527715338827552e-02 7.009148804109230468e+00 -9.876329431928436708e-01 1.566425327094499997e-01 -6.685182792725783904e-03 -7.249763621992133089e+00 -1.769177908964557084e-03 3.150202780325758040e-02 9.995023343218085721e-01 6.395305142790888575e-02
1.371278715631898681e-01 9.900193480856225303e-01 -3.253026956625708344e-02 7.034189442916003010e+00 -9.905521032255887315e-01 1.369973799763084255e-01 -6.217943498223029754e-03 -7.555754660939665968e+00 -1.699322149216649742e-03 3.307560503232317983e-02 9.994516219795925860e-01 6.969833231035992005e-02
1.203888165131602878e-01 9.921672167469178794e-01 -3.333663200509985602e-02 7.054538863008755989e+00 -9.927222165584890234e-01 1.202158360960946387e-01 -7.153340354472828913e-03 -7.867307143832146465e+00 -3.089717085186916620e-03 3.395522243517501426e-02 9.994187938151360973e-01 6.600667698967294106e-02
1.062976900491315463e-01 9.937485655503914828e-01 -3.413471052219900492e-02 7.076311664534240542e+00 -9.943233733288213694e-01 1.060710160510042188e-01 -8.389833131402341451e-03 -8.178177947816207549e+00 -4.716677833878012496e-03 3.483278471516089436e-02 9.993822392543888489e-01 5.959811865214367094e-02
9.492673581954454154e-02 9.948621442101807100e-01 -3.519693772923205427e-02 7.099142723464256122e+00 -9.954697715080359499e-01 9.467383878886669046e-02 -8.787815700639670449e-03 -8.493819232596411695e+00 -5.410433830431319278e-03 3.587171217398939932e-02 9.993419728177896921e-01 5.945740586130365130e-02
8.511072246498252447e-02 9.957437778530300321e-01 -3.537077770556465439e-02 7.121592213404539962e+00 -9.963578280245242169e-01 8.486849417809612384e-02 -8.297417287076577427e-03 -8.810167621631110890e+00 -5.260234700527350454e-03 3.594817674082655123e-02 9.993400272211694357e-01 6.682161860799940012e-02
7.659984179466690357e-02 9.964752002377414986e-01 -3.420882709892018869e-02 7.142051528722474174e+00 -9.970493335379259081e-01 7.637994612400214600e-02 -7.691755157418760092e-03 -9.133473898226446508e+00 -5.051769938406983421e-03 3.469710209560879222e-02 9.993853238783811932e-01 7.155818567353591786e-02
7.036430481187772035e-02 9.969392714791071031e-01 -3.408167586782669123e-02 7.158973956772219260e+00 -9.975097023684155184e-01 7.015569423699033469e-02 -7.280658410589016527e-03 -9.462550527767211506e+00 -4.867345423158584913e-03 3.450912830836683903e-02 9.993927477749057209e-01 6.166514740078347240e-02
6.658008583882189801e-02 9.971236749811724920e-01 -3.622273602480041016e-02 7.177363570116884972e+00 -9.977736210601758637e-01 6.639324134801016797e-02 -6.338717094268531138e-03 -9.787431677630092253e+00 -3.915540186847677427e-03 3.656415141182731837e-02 9.993238581410355259e-01 6.074433300001970404e-02
6.383254607981328488e-02 9.972570371257739597e-01 -3.747576541294776048e-02 7.200033074709398129e+00 -9.979555043199234143e-01 6.366432502471602861e-02 -5.666849010388861491e-03 -1.010506718128440440e+01 -3.265437403595339814e-03 3.776090501752932260e-02 9.992816888054176783e-01 7.215095937443491425e-02
6.141904905608234350e-02 9.974902848326393512e-01 -3.523445108332426412e-02 7.223707896275812779e+00 -9.981042921245097954e-01 6.123896384898313422e-02 -6.169240304811998005e-03 -1.042227222662003072e+01 -3.996036795108467467e-03 3.554659559639260918e-02 9.993602569882150677e-01 7.921866329571483623e-02
5.845240205656075660e-02 9.978086688469818277e-01 -3.101326069435147298e-02 7.240919135763522085e+00 -9.982716370003293926e-01 5.823253572170433712e-02 -7.947252847278783727e-03 -1.074123653261759515e+01 -6.123857337423627145e-03 3.142422572430843275e-02 9.994876083557863167e-01 6.805033482080150020e-02
5.507870063073048300e-02 9.981113871923416037e-01 -2.721481418220260753e-02 7.255025102728127173e+00 -9.984474509478136195e-01 5.482881229012665641e-02 -9.845700180936422727e-03 -1.106858875780536167e+01 -8.334948979318966208e-03 2.771488244755549932e-02 9.995813536366799923e-01 5.159093682832109617e-02
5.210814965185174563e-02 9.982557982134350194e-01 -2.776253869089653076e-02 7.268482653399894744e+00 -9.985997155193039321e-01 5.183100687435653053e-02 -1.061150158318153146e-02 -1.139182122137475339e+01 -9.154033043839935810e-03 2.827664115835725606e-02 9.995584573011705443e-01 4.583761119810584456e-02
4.967151093991525879e-02 9.982931268259591651e-01 -3.072849373381079593e-02 7.285519725148757786e+00 -9.987222997867640784e-01 4.935859420247398766e-02 -1.086031031885647223e-02 -1.170174520862026668e+01 -9.325058464209459719e-03 3.122871124044539898e-02 9.994690066543909790e-01 6.267935360063991990e-02
4.677847939328327875e-02 9.983915142688815081e-01 -3.204428175019853609e-02 7.303319094448217363e+00 -9.988611968484625292e-01 4.645017380488383058e-02 -1.091513917053095299e-02 -1.200725757737446919e+01 -9.409121075470202461e-03 3.251841419889407725e-02 9.994270945020186092e-01 7.761515099810915863e-02
4.426533259135385229e-02 9.985445627425476589e-01 -3.082255765200287920e-02 7.311744511240364730e+00 -9.989691132395938089e-01 4.393051384514458368e-02 -1.145733299731372355e-02 -1.232146583866686740e+01 -1.008660659906633790e-02 3.129797711405957888e-02 9.994594581862320526e-01 7.393847675938149122e-02
4.230245348926507665e-02 9.986470062751499066e-01 -3.025489335219986101e-02 7.318385548896356063e+00 -9.990450986471849371e-01 4.194872667199019828e-02 -1.223302795782580180e-02 -1.262812209024091636e+01 -1.094731936986520666e-02 3.074352170455676297e-02 9.994676120508710904e-01 5.981676205581858141e-02
3.949718810986599382e-02 9.987211739422678924e-01 -3.157045502459122216e-02 7.328699806452402932e+00 -9.991619483507033772e-01 3.913489626224836426e-02 -1.201303546709279330e-02 -1.292205795790963485e+01 -1.076216343495094499e-02 3.201850973928146993e-02 9.994295934000845261e-01 5.888442047236786686e-02
3.688686770218260746e-02 9.987667962760109486e-01 -3.324094363003916863e-02 7.337599933714862743e+00 -9.992817347187228361e-01 3.657520764675112335e-02 -9.936035727091783662e-03 -1.321832511894046469e+01 -8.707986367313355971e-03 3.358360808370691730e-02 9.993982425346932263e-01 6.591874772194900034e-02
3.508925180848436465e-02 9.988202928195077934e-01 -3.357800751945885093e-02 7.350647104830261291e+00 -9.993645202703793640e-01 3.485675064008505325e-02 -7.485115383791088838e-03 -1.351148380486646872e+01 -6.305864177867621240e-03 3.381934957943408954e-02 9.994083402807532046e-01 7.820543158722927102e-02
3.258434130663756534e-02 9.989839131931815830e-01 -3.114683103964692445e-02 7.361967209731978379e+00 -9.994476280077019270e-01 3.236296860986418583e-02 -7.585633869996217041e-03 -1.380389617585125706e+01 -6.569922671582514168e-03 3.137683334110909911e-02 9.994863085862287777e-01 7.499003384756290636e-02
3.010250584649962896e-02 9.991196796711646622e-01 -2.923069681887113108e-02 7.367747412930229167e+00 -9.995058749200506076e-01 2.982295877590424721e-02 -9.953050455271632638e-03 -1.410131222987766186e+01 -9.072542428125433822e-03 2.951589962014282073e-02 9.995234155374030927e-01 5.883911615186079164e-02
2.839523019734248657e-02 9.991672901432877563e-01 -2.931157655623303077e-02 7.373446436400831416e+00 -9.995435709514930434e-01 2.807829203634444951e-02 -1.116862646859282000e-02 -1.439231944215706172e+01 -1.033630789654885196e-02 2.961536395412317849e-02 9.995082093707443605e-01 4.992437277274752727e-02
2.652595353980846324e-02 9.992057041825833652e-01 -2.975022446337239473e-02 7.383998241703112697e+00 -9.995976700194424414e-01 2.621314808603939298e-02 -1.085581576699945656e-02 -1.467363878107445885e+01 -1.006734806820284642e-02 3.002624647805396396e-02 9.994987009511813181e-01 6.071326795982347202e-02
2.406193794520859394e-02 9.993013985212332306e-01 -2.860917818901743265e-02 7.393112367917348493e+00 -9.996532440102450234e-01 2.374386318539465496e-02 -1.140626918433788536e-02 -1.495876742482988675e+01 -1.071901154219111196e-02 2.887374646881328902e-02 9.995258862177945902e-01 6.888134761659030214e-02
2.227587840262008900e-02 9.993491103444009926e-01 -2.838824859764396691e-02 7.394022781596977012e+00 -9.996838109704269115e-01 2.193347798754335595e-02 -1.231640854234819331e-02 -1.524471246211848730e+01 -1.168574385235855544e-02 2.865365800386088582e-02 9.995213891439063136e-01 6.097914682972829792e-02
2.087350420440305110e-02 9.993366602535056487e-01 -2.985460925444771013e-02 7.392336759343775654e+00 -9.997135341372060946e-01 2.051235514303587082e-02 -1.235260419444277058e-02 -1.552164025882284548e+01 -1.173202794257604056e-02 3.010392546827026297e-02 9.994782234843845314e-01 5.415817500180720306e-02
