1.000000000000000000e+00 0.000000000000000000e+00 0.000000000000000000e+00 0.000000000000000000e+00 0.000000000000000000e+00 1.000000000000000000e+00 0.000000000000000000e+00 0.000000000000000000e+00 0.000000000000000000e+00 0.000000000000000000e+00 1.000000000000000000e+00 0.000000000000000000e+00
9.999167753240134626e-01 -1.289549095780403998e-02 3.879016442599617434e-04 1.012113391775539689e-01 1.289530245708556122e-02 9.999167365239924887e-01 4.829558009538952490e-04 1.092081032172449381e-02 -3.940962843138061974e-04 -4.779127280252817031e-04 9.999998088227942672e-01 -5.641322283043508599e-04
9.994275552910852900e-01 -3.380872828310509809e-02 1.238559093176997772e-03 2.224564566678596533e-01 3.380679818260915598e-02 9.994271919649253544e-01 1.546485692230683802e-03 5.100585247525439569e-02 -1.290132844740526702e-03 -1.503727649523286126e-03 9.999980385778973746e-01 -2.219808357702993346e-04
9.984226349557401292e-01 -5.612096016861231607e-02 1.638812812221071774e-03 3.298209718724128825e-01 5.611586420017949245e-02 9.984197516482536949e-01 3.003544619921996034e-03 9.473996429601273805e-02 -1.804779493114085217e-03 -2.906841177537578241e-03 9.999941516286809939e-01 -4.442563294403909305e-03
9.968706326494296555e-01 -7.904038769828654332e-02 1.252119168853713452e-03 4.512226801714835367e-01 7.903444523439373537e-02 9.968628872732737678e-01 4.237421305014301039e-03 1.224977452506682413e-01 -1.583111478342387511e-03 -4.125196808053104708e-03 9.999902454339146818e-01 -5.047846103115887287e-03
9.945718115592508957e-01 -1.040494676706348459e-01 7.947093624655261236e-04 5.969202128856256895e-01 1.040438070754017980e-01 9.945584601236545641e-01 5.326627497560109878e-03 1.501424754992743693e-01 -1.344609509229716202e-03 -5.215024734756617923e-03 9.999855066054075259e-01 -2.287759605169311684e-03
9.912272426354045152e-01 -1.321686364206946240e-01 1.531655365396275071e-04 7.525220889643129407e-01 1.321645209140020205e-01 9.912043529123292229e-01 6.818674256747133365e-03 1.937298392776356792e-01 -1.053021435935420046e-03 -6.738605846035835949e-03 9.999767520422582212e-01 -1.978356331527633162e-03
9.866158782346305944e-01 -1.630607736296639243e-01 -5.592183833841676182e-04 9.112457685031922772e-01 1.630593985515869093e-01 9.865777061416057814e-01 8.722840233977027791e-03 2.577270450996949624e-01 -8.706279225814731425e-04 -8.697271550304972940e-03 9.999618107260375144e-01 -4.451831053829187479e-03
9.806119120485364826e-01 -1.959554661832235145e-01 -1.324510806008578770e-03 1.079941341029267754e+00 1.959583993146585823e-01 9.805551079458041386e-01 1.058372717772562872e-02 3.259314689747827010e-01 -7.751688608065356598e-04 -1.063807127790211172e-02 9.999431267530929368e-01 -7.822626987969729523e-03
9.730669208712544593e-01 -2.305171907951518440e-01 -1.616893075027050000e-03 1.263733872323509644e+00 2.305196855747747853e-01 9.729928693557979846e-01 1.206573141584535089e-02 3.990499339319477645e-01 -1.208117385584304157e-03 -1.211348350878483672e-02 9.999259129014729242e-01 -7.142071809792358006e-03
9.637755711662915337e-01 -2.667110958821851674e-01 -1.365089109006441996e-03 1.456133500529391611e+00 2.667048579479865955e-01 9.636841264418941622e-01 1.347054653952647722e-02 4.838840813833052978e-01 -2.277213543081055974e-03 -1.334665455861760303e-02 9.999083502326705508e-01 -3.643756642622140562e-03
9.524769514816253668e-01 -3.046084008623246020e-01 -1.185239259872659457e-03 1.654675078265845256e+00 3.045887345146030545e-01 9.523543442420967509e-01 1.571439571072645244e-02 5.877973482288544327e-01 -3.657951491351149435e-03 -1.532860724978287771e-02 9.998758344052224301e-01 -3.168413777355287043e-03
9.388506896988075834e-01 -3.443241930766595682e-01 -5.101626727577284175e-04 1.863238660361724586e+00 3.442786475336775398e-01 9.387002721562126561e-01 1.772150647144189045e-02 7.053704266682880863e-01 -5.623034449739345436e-03 -1.681348574449966979e-02 9.998428485890024087e-01 -1.070718643315430804e-02
9.224788999572286485e-01 -3.860433913124808880e-01 1.792434860258228452e-03 2.078116475954377318e+00 3.859444394164955883e-01 9.223298906332200175e-01 1.882828210357124707e-02 8.327199248080739968e-01 -8.921731703528761742e-03 -1.667691513756357560e-02 9.998211445625142524e-01 -1.445778105017865751e-02
9.033619656693513411e-01 -4.288510183735641523e-01 4.899596013187306268e-03 2.286585657590423537e+00 4.286781954011730233e-01 9.032296355863060899e-01 2.027987050069901889e-02 9.716698683194157082e-01 -1.312248637976241340e-02 -1.621971966562727949e-02 9.997823598916999455e-01 -1.178296934087997953e-02
8.816916432098989009e-01 -4.717714563838272257e-01 7.182223149831987695e-03 2.486942573144469204e+00 4.715213322116403871e-01 8.815670620015249037e-01 2.252095151494799483e-02 1.128303935293032856e+00 -1.695633641413757733e-02 -1.646997129125031545e-02 9.997205962445903094e-01 -1.101929212605629906e-02
8.574967744443142692e-01 -5.144367083414997932e-01 7.362519308446694929e-03 2.689108222142192695e+00 5.141214796983596402e-01 8.573369408498895394e-01 2.554463044758880155e-02 1.301152359322906182e+00 -1.945323372749064098e-02 -1.811921778191232305e-02 9.996465971145107599e-01 -1.665074231181869896e-02
8.306092433342797676e-01 -5.568152793031319048e-01 6.714322433655790963e-03 2.890918308109818646e+00 5.564276494242499371e-01 8.303830657705104645e-01 2.919404686346772221e-02 1.491088973877847668e+00 -2.183112889168139711e-02 -2.051282056654712277e-02 9.995512407372736385e-01 -2.579749785042532301e-02
8.008087318086174466e-01 -5.988880188307098562e-01 6.210468038485251682e-03 3.090135517914997632e+00 5.983974070910965670e-01 8.004998619866713350e-01 3.347496373642907391e-02 1.698128635189791069e+00 -2.501921080166736450e-02 -2.309072625527298570e-02 9.994202900891165919e-01 -3.595826556951780412e-02
7.677751246782640315e-01 -6.406768290181097392e-01 7.390492508407518583e-03 3.285281114051555651e+00 6.400517739161940556e-01 7.674504844122173042e-01 3.679056759767081880e-02 1.917111162991540496e+00 -2.924267945814000222e-02 -2.351659964417298840e-02 9.992956999088867809e-01 -4.839280738443045571e-02
7.312568024003772704e-01 -6.820477850118049634e-01 8.624154644770757813e-03 3.470216925499815197e+00 6.812916065278786792e-01 7.309455657950613139e-01 3.950183354589211632e-02 2.151541229025914603e+00 -3.324590726274988250e-02 -2.301043856706969440e-02 9.991823131854942197e-01 -5.302509029833819137e-02
6.916182917409573472e-01 -7.222099179033244498e-01 8.777555060494136863e-03 3.645084618655801911e+00 7.213569033857434309e-01 6.913080337489944105e-01 4.168325369977110562e-02 2.400468353220673645e+00 -3.617203667456021787e-02 -2.249716772233070067e-02 9.990923521490094883e-01 -5.850549187060308243e-02
6.491513818355726384e-01 -7.606059013048984685e-01 9.012260019622667442e-03 3.816257571052851016e+00 7.596735849724858269e-01 6.488676542897019450e-01 4.320748156012280822e-02 2.670759511257344343e+00 -3.871161466601425599e-02 -2.120183833112794514e-02 9.990255057104602265e-01 -7.172866793707211031e-02
6.035880751583666548e-01 -7.972187864207658237e-01 1.112292288925205257e-02 3.980057329685152467e+00 7.961736350274506435e-01 6.034195699553355219e-01 4.463677359274819539e-02 2.958925667518646829e+00 -4.229705086040304318e-02 -1.808646513065548592e-02 9.989413951075544196e-01 -8.745041575783428500e-02
5.558089627563500557e-01 -8.311888299667160585e-01 1.419879152879443239e-02 4.132918141085816899e+00 8.299491301464705373e-01 5.557950361977830323e-01 4.771158388835831238e-02 3.260343954983948134e+00 -4.754894160351624821e-02 -1.473427099576293288e-02 9.987602682980353253e-01 -1.001819562717343043e-01
5.066874020720013583e-01 -8.619792646725756846e-01 1.611545413317570438e-02 4.272951172539417364e+00 8.605359128158389659e-01 5.067983969122071830e-01 5.131672455078555711e-02 3.579742145969700751e+00 -5.240122858551433949e-02 -1.213363264923145862e-02 9.985524352931316461e-01 -1.084524176133191548e-01
4.569783204443849112e-01 -8.893463228554459032e-01 1.529770281550151337e-02 4.397621042543627290e+00 8.876910911818268746e-01 4.570824714883705009e-01 5.549973464973109727e-02 3.912416306765767349e+00 -5.635078730496165950e-02 -1.178256330672331452e-02 9.983415466928194926e-01 -1.217651708580895775e-01
4.075474551765057019e-01 -9.130901308606387268e-01 1.309870006998690647e-02 4.506975844948825305e+00 9.111635428576216889e-01 4.075575534386551291e-01 6.064585256557425419e-02 4.261516744963452119e+00 -6.071359563815680732e-02 -1.278102750097716810e-02 9.980734410002786161e-01 -1.564411556319096064e-01
3.591076446651512155e-01 -9.331919225390344907e-01 1.395121188003544538e-02 4.607586457776391420e+00 9.309701259175956478e-01 3.592273445300812051e-01 6.519528290575948848e-02 4.621355477350916452e+00 -6.585135668299828271e-02 -1.042398333812103242e-02 9.977750417234760860e-01 -1.960118335397242340e-01
3.121563457530995289e-01 -9.498596909756502615e-01 1.803030404939727147e-02 4.697961332861599892e+00 9.474698116159899763e-01 3.126514000251327530e-01 6.745477455191388472e-02 4.986137809054350001e+00 -6.970975812435360741e-02 -3.973288717726812178e-03 9.975594550965288798e-01 -2.149670097711990358e-01
2.671021211669437623e-01 -9.634164395910947976e-01 2.203022231755621257e-02 4.772347386556426763e+00 9.610184931138473496e-01 2.679922166263737360e-01 6.799793094895248413e-02 5.356808664147555632e+00 -7.141424010690580748e-02 3.009036729038146347e-03 9.974422586495089726e-01 -2.124216593903589523e-01
2.246035373320039441e-01 -9.742114726962700644e-01 2.157247541750826475e-02 4.827376627860140879e+00 9.718403254793197554e-01 2.255662791807099277e-01 6.816402798122418727e-02 5.733477808343177884e+00 -7.127219073306237385e-02 5.655093182028414836e-03 9.974409316341721343e-01 -2.165230642142444151e-01
1.857633448739702819e-01 -9.823967312164472165e-01 1.971695247618342889e-02 4.873144090814364837e+00 9.800282435970762984e-01 1.866902014527241083e-01 6.849460319900362026e-02 6.115878771781740220e+00 -7.096982720431627145e-02 6.599356429399083797e-03 9.974566917785078202e-01 -2.612851801136448215e-01
1.505759858727113987e-01 -9.883981050525512124e-01 1.990420450289191040e-02 4.915922090217937246e+00 9.859537096575490267e-01 1.516144744035673453e-01 7.006025686721041590e-02 6.510859964374389186e+00 -7.226518247990931787e-02 9.075201501749941696e-03 9.973442269840201435e-01 -3.111631565940179422e-01
1.192654126385433722e-01 -9.926076017464472434e-01 2.249521211163657899e-02 4.949042333379702896e+00 9.901407430317555880e-01 1.205844219975956283e-01 7.127987161388960047e-02 6.914290811452666219e+00 -7.346550637644178039e-02 1.377216824746589283e-02 9.972027238252648695e-01 -3.344224920722663752e-01
9.147836384187384151e-02 -9.955320469568655906e-01 2.340472732141509263e-02 4.967078027999031420e+00 9.930629074260720612e-01 9.294475709128095786e-02 7.202398573251309055e-02 7.325367451333137048e+00 -7.387752631609709186e-02 1.665369207866087067e-02 9.971283239847426039e-01 -3.381839603435332631e-01
6.728468672601350953e-02 -9.975155985364498878e-01 2.086940454225976252e-02 4.975044822215068940e+00 9.949322211601270283e-01 6.864749200059462597e-02 7.346780508232605977e-02 7.739598660823003407e+00 -7.471790896216234934e-02 1.582034627675087124e-02 9.970792752630006639e-01 -3.624975960732823022e-01
4.742468336760870262e-02 -9.987312967716114320e-01 1.693604541775398098e-02 4.977362039934364546e+00 9.959029961187103597e-01 4.858373032136315689e-02 7.626902946158407859e-02 8.158342098107686624e+00 -7.699507921162976332e-02 1.324958546052893565e-02 9.969434986558379785e-01 -4.031901256775029529e-01
3.150226395889614561e-02 -9.993959334529348704e-01 1.468044868997015091e-02 4.981112222974795500e+00 9.964130864671524312e-01 3.255563948078903092e-02 7.811028299077620030e-02 8.590029234668106639e+00 -7.854103031613368646e-02 1.216710165538710010e-02 9.968366991230139806e-01 -4.489630129346923182e-01
1.760553122126644679e-02 -9.997094930612492325e-01 1.646567308644428240e-02 4.986803432499959499e+00 9.966630390105327697e-01 1.885994343894672326e-02 7.941798260348584271e-02 9.032107416471861328e+00 -7.970545104512614942e-02 1.501249304517465744e-02 9.967054752441441012e-01 -4.854965960037976869e-01
5.433524936337277150e-03 -9.997515262438873007e-01 2.162209781385362670e-02 4.989084621692382093e+00 9.965971736352871035e-01 7.192278703147280718e-03 8.211256753922904772e-02 9.470050934873114556e+00 -8.224767169190227989e-02 2.110232235981679069e-02 9.963885578814052346e-01 -5.067378581778860802e-01
-4.620429917582207814e-03 -9.996402273650545345e-01 2.642388008542510131e-02 4.983742808499545873e+00 9.963136017174839543e-01 -2.338257330065507747e-03 8.575471215755271770e-02 9.902457403594357999e+00 -8.566206839621801072e-02 2.672265664956150269e-02 9.959658919694128754e-01 -5.209914303594657126e-01
-1.245537583164080774e-02 -9.995224556690305295e-01 2.828213635314058561e-02 4.972245477106918443e+00 9.960360158712405765e-01 -9.910648938422578560e-03 8.839777339242985144e-02 1.034334514033725760e+01 -8.807525960092249528e-02 2.927101591695038460e-02 9.956837373507069211e-01 -5.519416356607693697e-01
-1.840078887869550650e-02 -9.994117628413278220e-01 2.894299017925485579e-02 4.965515839336285708e+00 9.958189455629066211e-01 -1.572865258073341890e-02 8.998540233229423979e-02 1.079092285917239202e+01 -8.947723094123501142e-02 3.047774078908180306e-02 9.955225183581747350e-01 -6.011414069820675277e-01
-2.253004740914139534e-02 -9.992900172892000832e-01 3.019962609255976219e-02 4.959506097604703179e+00 9.957000050529216661e-01 -1.971363201915679597e-02 9.051527339016050833e-02 1.123745754583112344e+01 -8.985566120561129522e-02 3.210903933317989928e-02 9.954371542892014313e-01 -6.409609735306526224e-01
-2.553015699466687494e-02 -9.991976600483013504e-01 3.086111318503638110e-02 4.947411109341754099e+00 9.956601917546070712e-01 -2.265184521028379416e-02 9.026528591402994961e-02 1.168628832345146229e+01 -8.949379860265233022e-02 3.303162579170743074e-02 9.954395685511776559e-01 -6.653348683568852673e-01
-2.865351031207225008e-02 -9.992251548657550275e-01 2.698576324376969135e-02 4.923916463987647596e+00 9.956421875861181103e-01 -2.613312466804139020e-02 8.952005610517628498e-02 1.213677768408503255e+01 -8.874546727968220250e-02 2.943318538139908305e-02 9.956194542234669820e-01 -6.787203493164466472e-01
-3.227151901379211180e-02 -9.993297666200638973e-01 1.728408401624673477e-02 4.887101723038379752e+00 9.956465902401910872e-01 -3.062998821182277495e-02 8.803305411286160842e-02 1.258642379161206648e+01 -8.744463807501198782e-02 2.004975754513924763e-02 9.959676798708162471e-01 -7.280847675670069075e-01
-3.607850036371523794e-02 -9.992909050700390372e-01 1.077982747577209237e-02 4.863094987748367792e+00 9.956799071844164573e-01 -3.502045733157162222e-02 8.599557746964547889e-02 1.304092644086652975e+01 -8.555708215266553951e-02 1.383580745069522971e-02 9.962372898652027686e-01 -8.076625117734546055e-01
-4.032214851808371692e-02 -9.990859603069858208e-01 1.419690487946287903e-02 4.856270401288447225e+00 9.956119747792155916e-01 -3.897301406053180900e-02 8.507672595065822463e-02 1.349907746024948452e+01 -8.444566428300813443e-02 1.756504293746133025e-02 9.962733503988543404e-01 -8.643065020950347899e-01
-4.430561126623238505e-02 -9.986991479126318128e-01 2.524309772743522223e-02 4.848396399128318990e+00 9.952606132920707172e-01 -4.193541908751127756e-02 8.773757859330137687e-02 1.396578699502918930e+01 -8.656486307970276406e-02 2.901068524977393551e-02 9.958238301199878739e-01 -8.641494460859036053e-01
-4.738823395954982337e-02 -9.983487225555290889e-01 3.247114419763531129e-02 4.822353614742513450e+00 9.949005216671988894e-01 -4.427704611594700940e-02 9.062365522257256889e-02 1.444099180401403615e+01 -8.903628209582484243e-02 3.660000996765989251e-02 9.953558054989409820e-01 -8.383297490352279446e-01
-4.901606213472840812e-02 -9.984878440171705005e-01 2.489274916995823025e-02 4.773739329092920869e+00 9.950194285986492249e-01 -4.664961831343143739e-02 8.809257603646585000e-02 1.491503169336054135e+01 -8.679812764678840331e-02 2.908667739605269240e-02 9.958013138279192544e-01 -8.531363829059124271e-01
-5.072741592115249248e-02 -9.987026569290747835e-01 4.465387489906809046e-03 4.726475346755853124e+00 9.954816825926793289e-01 -5.020345839092984347e-02 8.059768584446788675e-02 1.539236358716169306e+01 -8.026894373299744978e-02 8.533682636803679999e-03 9.967368213915369646e-01 -9.396599841807327103e-01
-5.372280207999814011e-02 -9.984783265324941315e-01 -1.245414697179134979e-02 4.693359573018479836e+00 9.957145877980828619e-01 -5.450599485471202543e-02 7.471085708715866081e-02 1.587051814198798283e+01 -7.527599615328640914e-02 -8.387139067440280843e-03 9.971275777430735898e-01 -1.051702549719387259e+00
-5.643870324470138394e-02 -9.983424355543276674e-01 -1.128151493352742840e-02 4.666992077221781443e+00 9.956986010179685875e-01 -5.711367145220233588e-02 7.295533261549634607e-02 1.634869152348985466e+01 -7.347873276148440824e-02 -7.115524210009115808e-03 9.972715155865015113e-01 -1.104279797574316602e+00
-5.805365855334956859e-02 -9.983131470007252650e-01 9.253213947866688500e-04 4.633641003268545333e+00 9.955071730147656561e-01 -5.782100546398914048e-02 7.498237628174105052e-02 1.684509062125212964e+01 -7.480238863467296440e-02 5.274124491072122896e-03 9.971845477638311417e-01 -1.071366552771206404e+00
-5.921396992112356455e-02 -9.982123218593320635e-01 8.129688376193168128e-03 4.593053234796817819e+00 9.953349166841773954e-01 -5.841794882491358615e-02 7.678479702261231665e-02 1.736077321443911714e+01 -7.617261037919256794e-02 1.263845396240090638e-02 9.970146652692354339e-01 -1.033441480975885618e+00
-6.060432934993176257e-02 -9.981532459521914591e-01 4.176697420746597333e-03 4.556264021232943051e+00 9.953606520071884844e-01 -6.012046520441675923e-02 7.511897520073475276e-02 1.787409025013484509e+01 -7.472914382809645040e-02 8.709814251806221458e-03 9.971659543658126790e-01 -1.079078129308000733e+00
-6.208311359995355438e-02 -9.980544974380460843e-01 -5.757218413733874128e-03 4.522584972911271706e+00 9.955817964748253646e-01 -6.233441364491220521e-02 7.022442270150089372e-02 1.837347895525034858e+01 -7.044667451964320426e-02 -1.372071780362514289e-03 9.975147317168434613e-01 -1.169255416762180477e+00
-6.335065594913596998e-02 -9.978832371356101127e-01 -1.469628580443809764e-02 4.490654265741864215e+00 9.957775769492187568e-01 -6.418360912718658329e-02 6.563265245534478931e-02 1.887449929581597985e+01 -6.643698539503803402e-02 -1.047640029153411485e-02 9.977357530081555348e-01 -1.239149329211665984e+00
-6.478835190043423509e-02 -9.977866701092770185e-01 -1.498256296619523628e-02 4.452301398082595618e+00 9.957618920480680869e-01 -6.562445088847917996e-02 6.443485425094405694e-02 1.939426698088672651e+01 -6.527546264049026437e-02 -1.074447733971678649e-02 9.978095697621072180e-01 -1.262762886891294123e+00
-6.577226104569160181e-02 -9.977911174930841343e-01 -9.335185412829086204e-03 4.406721816624783905e+00 9.956211824616054695e-01 -6.624632059636019477e-02 6.595491847990665735e-02 1.992122680372394328e+01 -6.642765506873900272e-02 -4.956344774744270154e-03 9.977790700144466562e-01 -1.256525902279581386e+00
-6.630254802725364660e-02 -9.977796353969039522e-01 -6.326288687154503661e-03 4.368296657966389773e+00 9.954028281299355241e-01 -6.658117717196297691e-02 6.885002191108786918e-02 2.045181377914937570e+01 -6.911836303870821929e-02 -1.732314913968413961e-03 9.976071001629897017e-01 -1.264135571650809142e+00
-6.702499855034532716e-02 -9.977155742121835980e-01 -8.457834290189029935e-03 4.332651345505730944e+00 9.951148593984611157e-01 -6.746135573993525258e-02 7.208020548397656158e-02 2.098378847197066221e+01 -7.248612174901146454e-02 -3.585382220833733917e-03 9.973631180685698094e-01 -1.310016893258633575e+00
-6.675030358141972875e-02 -9.976680555368979686e-01 -1.425148453718699804e-02 4.293157725069862707e+00 9.949033268060278878e-01 -6.763368382126327960e-02 7.478790590261605309e-02 2.151418243976137035e+01 -7.557738600666413786e-02 -9.186774853809276734e-03 9.970977636340828676e-01 -1.363437313259583394e+00
-6.555716655679674765e-02 -9.976661891089316780e-01 -1.909706639712599116e-02 4.249402148770494492e+00 9.949047442552187981e-01 -6.682087018578422577e-02 7.549633742554127946e-02 2.205344812189365911e+01 -7.659622722533575290e-02 -1.405047652383659834e-02 9.969633385702966200e-01 -1.410437183626621849e+00
-6.489878227253574605e-02 -9.976937322027371602e-01 -1.989045825583971722e-02 4.208628884314406626e+00 9.950096158547278025e-01 -6.621237766992103813e-02 7.464562199994556613e-02 2.260081113400305952e+01 -7.579046513295750742e-02 -1.494682781053015101e-02 9.970118867927116879e-01 -1.444369803976228495e+00
-6.441629606095503058e-02 -9.977598498768421864e-01 -1.805804169334200571e-02 4.174834145076529168e+00 9.951278401802278184e-01 -6.557884505529111563e-02 7.362190631572158861e-02 2.314342441263492489e+01 -7.464120934218522463e-02 -1.322764997568838877e-02 9.971228776693616958e-01 -1.466701246542855719e+00
-6.340014645327995968e-02 -9.978422503666073418e-01 -1.707462182662924238e-02 4.141874922932001546e+00 9.951843876534869349e-01 -6.449438396998558032e-02 7.381531446018456399e-02 2.368467843952566909e+01 -7.475725727924571740e-02 -1.231253658969400956e-02 9.971259091998904145e-01 -1.490573958483762063e+00
-6.148074025414802801e-02 -9.979593303644394009e-01 -1.725027045690654889e-02 4.106267136345386426e+00 9.951327845027078123e-01 -6.262185397030985146e-02 7.608839835424786868e-02 2.423029806529516250e+01 -7.701337104168487491e-02 -1.248837870591340896e-02 9.969520118673934617e-01 -1.531114926688385447e+00
-5.878595924211912904e-02 -9.981254238047017058e-01 -1.703313605371659448e-02 4.065389797539669559e+00 9.953888722558615898e-01 -5.990329926308311792e-02 7.491858349688253205e-02 2.477501141881446856e+01 -7.579848401577619910e-02 -1.255047373685579289e-02 9.970443395350395699e-01 -1.576406719187004146e+00
-5.629170633897714188e-02 -9.982292132703913801e-01 -1.923435609663252943e-02 4.029294758565088230e+00 9.960060033232773780e-01 -5.748282972555607273e-02 6.832265123489424108e-02 2.532053466755479931e+01 -6.930731213932098123e-02 -1.531157619192406207e-02 9.974780221898491561e-01 -1.606574484779545120e+00
-5.350806480191282188e-02 -9.983244213341841977e-01 -2.203442120912820976e-02 4.007042316168830887e+00 9.966317846679084713e-01 -5.476464866735005627e-02 6.104213211355178498e-02 2.586253394988660403e+01 -6.214655947849136858e-02 -1.869399870162671840e-02 9.978921264562580218e-01 -1.642555156237848202e+00
-4.950928775754950828e-02 -9.985448132519728626e-01 -2.138617694683695586e-02 3.988849569142893792e+00 9.970294538512526339e-01 -5.067644992540683291e-02 5.800337690099998528e-02 2.640700119943800672e+01 -5.900274626772450404e-02 -1.845098448482620362e-02 9.980874703584639018e-01 -1.682042349719220953e+00
-4.461707477281706691e-02 -9.988345966886867933e-01 -1.841324159149335810e-02 3.967581121455461268e+00 9.972246760770008267e-01 -4.562971551076080989e-02 5.883115661659537449e-02 2.696321583026655944e+01 -5.960278493311114284e-02 -1.573730723782416213e-02 9.980982972795464647e-01 -1.711570105742130643e+00
-3.932997962047913437e-02 -9.990767569770380163e-01 -1.729361104686829784e-02 3.947821129475096669e+00 9.970649825573900671e-01 -4.037677264113009867e-02 6.504902075432722475e-02 2.752989810213982835e+01 -6.568722359189207993e-02 -1.468452013770349916e-02 9.977323926658659969e-01 -1.740035724529091610e+00
-3.344313719384212069e-02 -9.993181515892272104e-01 -1.565475029257798814e-02 3.921448877509856157e+00 9.967458311370819279e-01 -3.449837420875774552e-02 7.285502749238015330e-02 2.809711385861448818e+01 -7.334541267639337059e-02 -1.316734963703489018e-02 9.972198612590442712e-01 -1.778119480855874457e+00
-2.740729800836980493e-02 -9.995456138512057720e-01 -1.255747284218265529e-02 3.903172725158134959e+00 9.967397752368208907e-01 -2.827973974879350108e-02 7.556669602976236189e-02 2.866426560967693860e+01 -7.588747865706597928e-02 -1.044549661185059132e-02 9.970618676575698780e-01 -1.810247530902272084e+00
-2.187255634218314426e-02 -9.996881463408916479e-01 -1.206177405798987932e-02 3.894149444036609342e+00 9.971065852194264112e-01 -2.269147062873249840e-02 7.255211917605376704e-02 2.922583570815758947e+01 -7.280318992442987025e-02 -1.044001705403663216e-02 9.972918802474856070e-01 -1.830867926051224392e+00
-1.675191249948109612e-02 -9.997633019374491115e-01 -1.389239634299111424e-02 3.892909193519223265e+00 9.976383126639586374e-01 -1.763878417073659263e-02 6.638470555639723603e-02 2.978256560842056544e+01 -6.661403462343069848e-02 -1.274755876717096302e-02 9.976975827472651659e-01 -1.863689774159857260e+00
-1.238674828003000043e-02 -9.998040855469636501e-01 -1.544811850330257176e-02 3.895285313520171933e+00 9.979930319168812680e-01 -1.332089434788713382e-02 6.190905221832876393e-02 3.034259293509421695e+01 -6.210270339171205384e-02 -1.465030500471803214e-02 9.979624388927305079e-01 -1.904123772360766909e+00
-8.478051231084185110e-03 -9.998298242557566162e-01 -1.639306182840766929e-02 3.898667807628208415e+00 9.980691974878982409e-01 -9.469645313900751371e-03 6.138789057586813841e-02 3.090888763185746413e+01 -6.153267669906450216e-02 -1.584100315676417736e-02 9.979795596834024618e-01 -1.940304516835251736e+00
-5.375330698353916574e-03 -9.998620862952540822e-01 -1.572265192748971765e-02 3.890378714901535862e+00 9.979478298125432634e-01 -6.366994874219142342e-03 6.371706034571654464e-02 3.147320999882136405e+01 -6.380837489764031034e-02 -1.534792954599829840e-02 9.978443489530355315e-01 -1.969283400768587322e+00
-2.755991625052427087e-03 -9.998826015718156324e-01 -1.508228448632095188e-02 3.877304253466709039e+00 9.978114476953182654e-01 -3.746139519883150311e-03 6.601937995227236122e-02 3.202085588934746596e+01 -6.606812543554377304e-02 -1.486737094627479591e-02 9.977045556670300908e-01 -1.991826781908547783e+00
-1.129194058786835890e-03 -9.999179861821599902e-01 -1.276858224715045863e-02 3.878573277925664975e+00 9.977748487524581433e-01 -1.977839468732413460e-03 6.664621344471917397e-02 3.255859814903330829e+01 -6.666599820953134081e-02 -1.266495802244125592e-02 9.976951756891878631e-01 -2.033949600780794231e+00
-5.839864467533874195e-04 -9.999502904346974086e-01 -9.968477914661053388e-03 3.887966759045826226e+00 9.978104016910359642e-01 -1.241999488928152446e-03 6.612971360185225522e-02 3.308704602778976067e+01 -6.613880512006074797e-02 -9.908076265335451563e-03 9.977614505072228690e-01 -2.056475675849266160e+00
-6.302392295988367907e-04 -9.999586736144451260e-01 -9.085743476216759026e-03 3.888714021575351065e+00 9.979466452973727586e-01 -1.210874914038794978e-03 6.404146321015519172e-02 3.360278413395214159e+01 -6.404981707651878631e-02 -9.026769205757444528e-03 9.979060908336032654e-01 -2.074632614333847158e+00
-2.143954402358852398e-03 -9.999601489581004810e-01 -8.683482262832343743e-03 3.887926166965491426e+00 9.980697747492843774e-01 -2.678720851017554489e-03 6.204702598545128178e-02 3.411866321624732024e+01 -6.206781367667493082e-02 -8.533737916909912152e-03 9.980356672086250214e-01 -2.098227389498738216e+00
-4.573554026708256774e-03 -9.999693624703489547e-01 -6.376221094562036645e-03 3.889609515769893999e+00 9.978957422229342011e-01 -4.976318327176567496e-03 6.464992781493614227e-02 3.462575673296796452e+01 -6.467967673575879262e-02 -6.067168123985787302e-03 9.978878518846379109e-01 -2.124232534789340932e+00
-8.113185597356083190e-03 -9.999614972877748365e-01 -3.388342195776921067e-03 3.876028430907661804e+00 9.976564822542691724e-01 -8.324630119194209588e-03 6.791567363545680802e-02 3.511888698744465387e+01 -6.794126510462747404e-02 -2.829434121695331792e-03 9.976855323168130063e-01 -2.164091916222715906e+00
-1.382058972067125302e-02 -9.999002359988030664e-01 -2.968800361455663315e-03 3.859173643652304087e+00 9.977394245026078856e-01 -1.398590035227952402e-02 6.573232600100847867e-02 3.560149947354377531e+01 -6.576729134040747160e-02 -2.053671893884414373e-03 9.978331014659511666e-01 -2.193309140584112082e+00
-2.175907898330465412e-02 -9.997500304191853093e-01 -5.169511943558077922e-03 3.852131802970920393e+00 9.978175074999934280e-01 -2.203890252033266148e-02 6.224801794157299589e-02 3.607928948578728523e+01 -6.234639046814135360e-02 -3.803811284789552875e-03 9.980475514841534723e-01 -2.205045509967361372e+00
-3.193060254088320171e-02 -9.994893493423834263e-01 -1.335875342765924841e-03 3.841362549287727468e+00 9.975167964655563546e-01 -3.195148965654513729e-02 6.276663945975383130e-02 3.654748854775447597e+01 -6.277727408664122988e-02 6.715766889055661739e-04 9.980275659427966239e-01 -2.232940461160896284e+00
-4.359502286908736174e-02 -9.989551334110051695e-01 1.372709146536931976e-02 3.820529984297381887e+00 9.971744646115459076e-01 -4.266770091293083100e-02 6.182930233595561320e-02 3.699312125442050814e+01 -6.117900048107276223e-02 1.638371213001806048e-02 9.979925719418604180e-01 -2.264566970694331882e+00
-5.408369623952535843e-02 -9.983655486786806588e-01 1.847985194676764892e-02 3.790648774490916306e+00 9.969593556682456725e-01 -5.294925312047468052e-02 5.717283535780922493e-02 3.742322124248538273e+01 -5.610090120785266726e-02 2.151573768074727111e-02 9.981934875052820288e-01 -2.239895270043108955e+00
-6.319539573160434798e-02 -9.979957828943826215e-01 3.329210913307896307e-03 3.746309193623291289e+00 9.965639349734634056e-01 -6.292505949459206716e-02 5.386161746789181609e-02 3.786458290359092160e+01 -5.354418353873190844e-02 6.721537190287410479e-03 9.985430999268688490e-01 -2.243877026581329037e+00
-7.342670610935590758e-02 -9.972481448357368716e-01 -1.024611933390281657e-02 3.693483072379442067e+00 9.957099798485867792e-01 -7.388577511041415080e-02 5.570317183146044487e-02 3.832417954869423227e+01 -5.630693457188534756e-02 -6.112102352886509410e-03 9.983950401260806018e-01 -2.331268211905586973e+00
-8.471442366307725680e-02 -9.963841925754863826e-01 -6.506512787015177740e-03 3.648300645846781709e+00 9.946140340820317505e-01 -8.495171446659860459e-02 5.938390827944627776e-02 3.876264218788598725e+01 -5.972193467965082603e-02 -1.440835525121378791e-03 9.982142576991640537e-01 -2.399823590902305348e+00
-9.633231441715706111e-02 -9.953143696917318151e-01 8.349917436689977684e-03 3.613043126229201985e+00 9.935072023226373394e-01 -9.564049652225393994e-02 6.161699152148346348e-02 3.918078942965752276e+01 -6.052969534101554361e-02 1.423136923707020267e-02 9.980651866805779759e-01 -2.378771120182823662e+00
-1.105365954836918102e-01 -9.936822043701398766e-01 1.943382396665677136e-02 3.570027123841372330e+00 9.921029447375987464e-01 -1.091525107846385845e-01 6.178831682661128921e-02 3.959959392707091297e+01 -5.927671059538052595e-02 2.611018234571241964e-02 9.979003094854871359e-01 -2.331732023028000089e+00
-1.285116254625891519e-01 -9.915267113153887202e-01 1.897066750473169056e-02 3.503950458315368444e+00 9.900904531902328110e-01 -1.271863377555827179e-01 5.953867775225010067e-02 4.001234158316988498e+01 -5.662139414511377367e-02 2.643404999029071514e-02 9.980459722842219827e-01 -2.336653690815815754e+00
-1.498375078763292401e-01 -9.886674906512443739e-01 9.255200890871869215e-03 3.418922223010404160e+00 9.872701854608902927e-01 -1.491074937467423145e-01 5.536120054473202268e-02 4.041098461369357864e+01 -5.335381447807341360e-02 1.743253128784385056e-02 9.984237492879534104e-01 -2.394976894763312103e+00
-1.743886401042377687e-01 -9.846752241516125714e-01 1.911110862676514144e-03 3.331267977873458186e+00 9.833759266920352182e-01 -1.740581389450559791e-01 5.172890677416527860e-02 4.081007177359330029e+01 -5.060354537342506842e-02 1.090023918396289954e-02 9.986595880008766191e-01 -2.458322863566281935e+00
-2.016808943828166667e-01 -9.794425398893239487e-01 4.181079949178609714e-03 3.234679380412279759e+00 9.781303889111075955e-01 -2.011854055328874402e-01 5.277982314293355043e-02 4.120526003423036343e+01 -5.085365300564657215e-02 1.473428625008541167e-02 9.985976770703809402e-01 -2.471559222730880023e+00
-2.309549035216018342e-01 -9.729098868675868372e-01 1.032178978736898560e-02 3.117205901942758040e+00 9.714943090069547704e-01 -2.300099257509290451e-01 5.739842025442195433e-02 4.159275079836776712e+01 -5.346939916488547412e-02 2.328396907026634294e-02 9.982982504295718762e-01 -2.450019891907934788e+00
-2.618985932076124956e-01 -9.650279947745628029e-01 1.142158808505438355e-02 2.979350205401389839e+00 9.634097885301754483e-01 -2.607236294437778601e-01 6.217000915732709410e-02 4.197869753685586858e+01 -5.701794580063409418e-02 2.728586973858682443e-02 9.980004797108537051e-01 -2.444425122155762686e+00
-2.947725666479218409e-01 -9.555534287319153997e-01 5.209376099592289214e-03 2.830642333636899988e+00 9.536902772508208947e-01 -2.938475254094335409e-01 6.425600515937107682e-02 4.235666037099761638e+01 -5.986930977330536668e-02 2.390899964864741031e-02 9.979201126978486380e-01 -2.479644858283718722e+00
-3.292730422470402929e-01 -9.442348656119370354e-01 -3.783563328812718034e-04 2.680136726968214589e+00 9.422563587652290629e-01 -3.286089863140673750e-01 6.457118145495696626e-02 4.272497509426901274e+01 -6.109471996667764637e-02 2.090500315869589162e-02 9.979132939966259830e-01 -2.532023547503126970e+00
-3.649119090435535284e-01 -9.310341821487425618e-01 -3.875066018508531874e-03 2.507981118238513218e+00 9.290723093445522052e-01 -3.644072758347423058e-01 6.350066122917856493e-02 4.308088234337606082e+01 -6.053341903077529007e-02 1.957189717044247046e-02 9.979745376924540334e-01 -2.554020489009236172e+00
-4.013167810624199694e-01 -9.159357305031717855e-01 -2.635854571347487092e-03 2.323558292019069160e+00 9.141656184471655955e-01 -4.007169148013140503e-01 6.105350611573602537e-02 4.342413539544435963e+01 -5.697735157819629886e-02 2.209215660130385908e-02 9.981312812071806428e-01 -2.549900721039155993e+00
-4.386695613205056077e-01 -8.986473040023787995e-01 -1.553458210897908044e-03 2.127467812207175513e+00 8.970232078493111105e-01 -4.379793900619040059e-01 5.936139742927832447e-02 4.375087740151504079e+01 -5.402537715753452652e-02 2.464652050856889001e-02 9.982356191189662997e-01 -2.543824255551383473e+00
-4.758178983020485142e-01 -8.795370836070015574e-01 -3.496252849139015653e-03 1.919615968210459878e+00 8.779446010428031411e-01 -4.751885026539586221e-01 5.839112935506680230e-02 4.406678100784954921e+01 -5.301857943031072079e-02 2.471400174863556259e-02 9.982879313284418465e-01 -2.558320532691201965e+00
-5.128148912938651494e-01 -8.584761494057796538e-01 -6.322035654704780128e-03 1.695654926346235936e+00 8.569606910689578916e-01 -5.123225745429205169e-01 5.607422399194975093e-02 4.437415089809277902e+01 -5.137734216662799558e-02 2.333793899836311692e-02 9.984068603040179291e-01 -2.590879357708798292e+00
-5.498444134973352604e-01 -8.352397779979949810e-01 -6.783781251082798662e-03 1.462339349095115315e+00 8.337950167836656323e-01 -5.493391245857266458e-01 5.488864315883077577e-02 4.467240289453105362e+01 -4.957181425995980245e-02 2.452391202723754743e-02 9.984697120994375785e-01 -2.633023005047538945e+00
-5.860576196386703129e-01 -8.102422484447907580e-01 -6.659670515492726109e-03 1.219964343505641757e+00 8.087431021514384089e-01 -5.854380329969751662e-01 5.654444159936186654e-02 4.496057232159492401e+01 -4.971356054274283370e-02 2.775232046815979958e-02 9.983781479424159722e-01 -2.650428712155745270e+00
-6.199264576397133242e-01 -7.845872477309910886e-01 -1.069701176203716186e-02 9.622617957602920269e-01 7.828945587337678980e-01 -6.193880701444026693e-01 5.860806000924329712e-02 4.523328063944020272e+01 -5.260877891211859780e-02 2.795803894344799784e-02 9.982240374950833717e-01 -2.639223560639364585e+00
-6.516644828915183485e-01 -7.583029878506858390e-01 -1.761745867890085124e-02 6.862636471992439313e-01 7.564821069639161566e-01 -6.514452250131494981e-01 5.791646786540477487e-02 4.548502276492237684e+01 -5.539508173021993886e-02 2.441480008519529565e-02 9.981662553642678404e-01 -2.636963139708733639e+00
-6.828505213108321259e-01 -7.301959909999875542e-01 -2.300831204022945123e-02 4.064209904942925333e-01 7.284029841032465535e-01 -6.829156017922499711e-01 5.527887184000148529e-02 4.572646850642972538e+01 -5.607718804914950395e-02 2.098787293193719525e-02 9.982061110707745044e-01 -2.669719295993391750e+00
-7.133245122748652634e-01 -7.003481566962393989e-01 -2.609601811313666531e-02 1.290944634336363139e-01 6.985813149392917643e-01 -7.135216235143121422e-01 5.358572358405152419e-02 4.596476560071334205e+01 -5.614877712760969058e-02 1.999381247547239032e-02 9.982224974879935209e-01 -2.703794076038718242e+00
-7.420247516943194732e-01 -6.698601097626318834e-01 -2.621277392437356898e-02 -1.565287644611147999e-01 6.680713782714425841e-01 -7.421490909306172057e-01 5.381219142143935097e-02 4.618710935694542741e+01 -5.550046722264097288e-02 2.241796817880716691e-02 9.982072587399908326e-01 -2.713890643954299797e+00
-7.691514855137167039e-01 -6.386151351818891708e-01 -2.402316296218325389e-02 -4.561288428239366199e-01 6.368119742442971409e-01 -7.690509590318540534e-01 5.505928506264268218e-02 4.638922287545354095e+01 -5.363676987647235384e-02 2.705068865972679731e-02 9.981943496818854733e-01 -2.705605348070106331e+00
-7.955208549925506523e-01 -6.055702606224082629e-01 -2.077598612938155037e-02 -7.629752392755277945e-01 6.038673233370898119e-01 -7.951755434583304138e-01 5.514076461014857239e-02 4.658560651448156165e+01 -4.991220421953432990e-02 3.131968615287641228e-02 9.982627177652342310e-01 -2.710259370206514529e+00
-8.203482159862727219e-01 -5.715733212389239037e-01 -1.825270563127947415e-02 -1.071952532472422170e+00 5.700847851323648241e-01 -8.198945483345838614e-01 5.269404692956559944e-02 4.676911922893029327e+01 -4.508384659864127925e-02 3.282187577348825297e-02 9.984441813165014779e-01 -2.718739622324312766e+00
-8.425020318441891476e-01 -5.383637466714030761e-01 -1.884733295562918479e-02 -1.390195671325684001e+00 5.371911845516130768e-01 -8.422491784308013818e-01 4.519240420095568117e-02 4.693511854267022443e+01 -4.020414455071986970e-02 2.795007166018796327e-02 9.988008003482745645e-01 -2.731030632298514060e+00
-8.616033689348732150e-01 -5.071391621533343219e-01 -2.121142037028901292e-02 -1.723762266398570997e+00 5.062482427175338806e-01 -8.616158301056195956e-01 3.648677907740102005e-02 4.708714685785691501e+01 -3.678001190934383074e-02 2.069889047578694560e-02 9.991093091032193785e-01 -2.769785971573464955e+00
-8.782274562518079808e-01 -4.776643632576214604e-01 -2.353112995566876073e-02 -2.064409666041399749e+00 4.768711102603357399e-01 -8.783713977544476137e-01 3.252751668839416049e-02 4.723825467612138596e+01 -3.620634939344627434e-02 1.734524782718365604e-02 9.991941106495961789e-01 -2.805853045012873803e+00
-8.925922891640870604e-01 -4.502218261972167346e-01 -2.407777362797836399e-02 -2.404614694773261174e+00 4.493445044309560821e-01 -8.926947328003846938e-01 3.443893916175572167e-02 4.738733207454821894e+01 -3.699930564630006524e-02 1.992072365072870138e-02 9.991170354361158523e-01 -2.803607330076467008e+00
-9.049387292763118040e-01 -4.248895413397767440e-01 -2.356270852180711653e-02 -2.748519532617688554e+00 4.239004488610664256e-01 -9.049235260808948800e-01 3.771253204165143230e-02 4.752943197423891064e+01 -3.734615055301349767e-02 2.413929693702987836e-02 9.990111097290150788e-01 -2.773995933865784025e+00
-9.154413184344677434e-01 -4.017658409970351618e-01 -2.349108966391868017e-02 -3.102553613657521581e+00 4.008067262394813257e-01 -9.154170057933124216e-01 3.696067218039913310e-02 4.765722819508825836e+01 -3.635371739662056345e-02 2.441995055521619176e-02 9.990408964718754392e-01 -2.763434144743888154e+00
