1.000000000000000000e+00 0.000000000000000000e+00 0.000000000000000000e+00 0.000000000000000000e+00 0.000000000000000000e+00 1.000000000000000000e+00 0.000000000000000000e+00 0.000000000000000000e+00 0.000000000000000000e+00 0.000000000000000000e+00 1.000000000000000000e+00 0.000000000000000000e+00
9.999999950809875804e-01 9.269993065908370747e-05 3.528098059109421912e-05 3.050427944229901819e-03 -9.270470768805808297e-05 9.999999865333580873e-01 1.354220102590142111e-04 -1.437749485644628563e-03 -3.526842650501716434e-05 -1.354252803058643201e-04 9.999999902080657366e-01 -1.418200269298624302e-03
9.999999927993634685e-01 1.159881465314807983e-04 -3.078998041987630576e-05 6.923566769229472576e-03 -1.159793434020117643e-04 9.999999524458962341e-01 2.857568846028812003e-04 -1.220316565149272151e-03 3.082312336709008903e-05 -2.857533115435372515e-04 9.999999586974891441e-01 -2.648643493136354672e-03
9.999999917948093620e-01 1.072947115598767821e-04 -6.998732812089295680e-05 9.085957833202705156e-03 -1.072876020436340803e-04 9.999999890855636453e-01 1.015787527185796411e-04 1.997280967244226702e-03 6.999822621999425109e-05 -1.015712431124990791e-04 9.999999923917654021e-01 -1.565015419663511737e-03
9.999999950357342238e-01 -9.914552004834442179e-05 -9.934650565822921383e-06 3.560294408487053083e-03 9.914462753288637059e-05 9.999999910532508807e-01 -8.979889149933770003e-05 1.188226326821661873e-03 9.943553634737565075e-06 8.979790608632213665e-05 9.999999959187308995e-01 -1.895353627871054205e-03
9.999999916821757928e-01 -1.272857908738202757e-04 2.083208616095365975e-05 6.897068114142150064e-04 1.272867076444911553e-04 9.999999909305092860e-01 -4.401221906552025209e-05 7.978165401177087163e-04 -2.082648384190538053e-05 4.401487034709513735e-05 9.999999988144744334e-01 -2.187170570232755112e-03
9.999999959361188795e-01 8.178713805533126746e-05 3.792922644800427790e-05 5.531847734429860136e-03 -8.179254854137783999e-05 9.999999864780130254e-01 1.426672801622611150e-04 -1.667367452280406597e-03 -3.791755758658716177e-05 -1.426703819105736286e-04 9.999999891037104627e-01 -3.927120948157645369e-03
9.999999780966256635e-01 2.081224628907643039e-04 -2.217630976240766871e-05 8.689131438711535094e-03 -2.081181393069358890e-04 9.999999593721689006e-01 1.947883484647793494e-04 2.679144651412875954e-03 2.221684869225721391e-05 -1.947837289059327858e-04 9.999999807828551246e-01 -4.908133092428444526e-03
9.999999858781370987e-01 1.556712354805510139e-04 6.332607751938734936e-05 6.019475030767574078e-03 -1.556805762957049778e-04 9.999999769999251553e-01 1.475252766353878228e-04 1.059911622170371399e-03 -6.330311062080438696e-05 -1.475351331922988677e-04 9.999999871130502704e-01 -4.130816564313873236e-03
9.999999896800659815e-01 1.176986067722966161e-04 8.238267927874136755e-05 1.777280289590340537e-04 -1.177018567752445588e-04 9.999999922951295916e-01 3.944633937025065302e-05 -1.604335647207734590e-03 -8.237803586480735643e-05 -3.945603555748427395e-05 9.999999958285402668e-01 -2.906267686131365404e-03
9.999999970666841875e-01 -5.796176868082531365e-05 5.007059998848168819e-05 2.801673987938332021e-03 5.795806563041758046e-05 9.999999955857701295e-01 7.395486695432536316e-05 -2.021019112886450443e-04 -5.007488632234978471e-05 -7.395196474227209624e-05 9.999999960118063358e-01 -7.530001931726397566e-04
9.999999898350626637e-01 -1.358248083817004386e-04 4.337621573627621423e-05 5.732391950398833293e-03 1.358170270982797198e-04 9.999999746948855517e-01 1.793431445767342046e-04 -3.824236513068395233e-04 -4.340057388688281026e-05 -1.793372515250543186e-04 9.999999829772701077e-01 8.282211455626272431e-04
9.999999722763505128e-01 -1.554878801717115536e-04 1.768355659163081423e-04 -1.375044984477826263e-03 1.554451937587746904e-04 9.999999587865904260e-01 2.413785600088129413e-04 -4.659960554659874771e-04 -1.768730900689261659e-04 -2.413510650781110049e-04 9.999999552327857311e-01 3.311261272193645466e-04
9.999999365091762904e-01 -2.053035295653724522e-04 2.912595135007594758e-04 -9.386672934997255385e-03 2.052446203877523892e-04 9.999999584803130892e-01 2.022721384228303853e-04 7.665671355177649214e-03 -2.913010285917065796e-04 -2.022123461321229175e-04 9.999999371269369108e-01 3.622005914792821545e-03
9.999998965213259261e-01 -2.457542401805342530e-04 3.828344171497701583e-04 -2.250541589353314068e-02 2.456886845463078593e-04 9.999999551509395346e-01 1.712751857765472787e-04 4.165826933988223645e-03 -3.828764915831485210e-04 -1.711811099688695544e-04 9.999999120513060058e-01 4.149248777104142666e-03
9.999996133013970834e-01 -8.198970514353120511e-04 3.180658443830768306e-04 -4.434255872069815807e-02 8.198696706547911215e-04 9.999996601910583482e-01 8.620609572561056507e-05 4.854454920190275774e-03 -3.181364164251600387e-04 -8.594528985075290098e-05 9.999999457013123427e-01 2.891488835002943377e-05
9.999975677262540330e-01 -2.184859635289021842e-03 3.015459334886772674e-04 -7.012385503669965603e-02 2.184771641554040210e-03 9.999975708010259146e-01 2.918302955831285329e-04 9.998808599281518161e-03 -3.021828092067790190e-04 -2.911707767678503372e-04 9.999999119525604385e-01 -2.114391691367049735e-03
9.999923768580480932e-01 -3.895477389144013508e-03 2.673606220337755774e-04 -1.073425582627594577e-01 3.895383339877389779e-03 9.999923512264780046e-01 3.513931922996226518e-04 1.950324422019834164e-02 -2.687274212882312060e-04 -3.503490414666271318e-04 9.999999025205563719e-01 -1.290268151878638586e-03
9.999837318669815289e-01 -5.693394469272752660e-03 3.482252173585311515e-04 -1.339461433552662506e-01 5.693203022790396285e-03 9.999836432584355839e-01 5.483200956020603751e-04 2.674685147711735114e-02 -3.513413241283364443e-04 -5.463286585977309351e-04 9.999997890421131741e-01 1.751655871728310162e-03
9.999644813460683013e-01 -8.425469896737553671e-03 2.179525355523436998e-04 -1.534392098036569674e-01 8.425248638762570380e-03 9.999640100302878976e-01 9.969099865198762390e-04 3.283608973447454948e-02 -2.263441265283708021e-04 -9.950382733155866983e-04 9.999994793334500143e-01 5.126684083525079490e-03
9.999270705781576618e-01 -1.207640598953999868e-02 1.180820050370474245e-04 -1.833105248646936525e-01 1.207626128243563003e-02 9.999264090712434161e-01 1.157737157835570397e-03 3.624356327179152626e-02 -1.320546192198258255e-04 -1.156226735588422854e-03 9.999993228504274745e-01 1.033440593938977697e-03
9.998581094079620479e-01 -1.684459433779746801e-02 1.438496816703941608e-04 -2.322115904184276769e-01 1.684441357589289145e-02 9.998574301713049062e-01 1.176886790783006819e-03 4.297570514311459949e-02 -1.636533536181726534e-04 -1.174296738088684375e-03 9.999992971221283167e-01 -2.006861174995402692e-03
9.997439964976574389e-01 -2.262559389279671096e-02 1.548156648822126419e-04 -2.751374648572206816e-01 2.262539808572200384e-02 9.997433314889162537e-01 1.167263854315298824e-03 5.602792245510136021e-02 -1.811859665094934450e-04 -1.163462264632570721e-03 9.999993067633619059e-01 1.099044475005793355e-03
9.995712531750762242e-01 -2.927972168836111277e-02 8.788549269849901368e-05 -3.156557354050363862e-01 2.927956103566443924e-02 9.995701808957382362e-01 1.469955652352937514e-03 5.937149119828807192e-02 -1.308876102298770687e-04 -1.466752164886597418e-03 9.999989157526723016e-01 6.411503342706263361e-03
9.993274295739391633e-01 -3.666799423783788370e-02 -3.830139913407861266e-04 -3.630086278346952300e-01 3.666884680556338483e-02 9.993242790353227267e-01 2.526065019473689235e-03 6.849356207259457707e-02 2.901294431786073918e-04 -2.538410744220146939e-03 9.999967361425735612e-01 -6.293616002678955777e-05
9.989883077497075936e-01 -4.495916368101159771e-02 -1.017143293566535314e-03 -4.105655857331724778e-01 4.496361747096166289e-02 9.989766613907851145e-01 4.889079713573577998e-03 7.877754326679700658e-02 7.962934764710569461e-04 -4.929867911481371386e-03 9.999875310818003848e-01 -1.906373545650505777e-02
9.985370926623419185e-01 -5.402712397494485730e-02 -2.178176400949438998e-03 -4.515072438270483213e-01 5.404039975045994704e-02 9.985170491347215016e-01 6.583143785356538116e-03 6.033409759963088981e-02 1.819277946934576761e-03 -6.691222779442408328e-03 9.999759585937392226e-01 -2.123691098411381248e-02
9.979615605011424861e-01 -6.374858196990960957e-02 -2.973559979272590286e-03 -4.830003428683787847e-01 6.376591138369465395e-02 9.979459265051802141e-01 6.151123240863127714e-03 6.395841999986708049e-02 2.575326684406729818e-03 -6.328196310419008548e-03 9.999766605395974395e-01 -4.846136016937958868e-03
9.972336939641831544e-01 -7.428826216898599955e-02 -2.492734735598627505e-03 -5.277848745498097127e-01 7.429970265786021988e-02 9.972241012740034050e-01 4.862717677364403190e-03 8.316396626984755291e-02 2.124572310752022124e-03 -5.034475361762934774e-03 9.999850700137118409e-01 1.594454889367993844e-02
9.963632174175144351e-01 -8.518621639574283644e-02 -1.909846485086718389e-03 -5.848921734892972291e-01 8.519393579071810052e-02 9.963546265648536293e-01 4.410377228558331163e-03 1.011089803300008888e-01 1.527181032465948834e-03 -4.557044984291926289e-03 9.999884504628566706e-01 2.348221749613831760e-02
9.953023534999528854e-01 -9.679697493303736355e-02 -1.889645804894392149e-03 -6.317500393019650495e-01 9.680512174592541264e-02 9.952915702363813732e-01 4.843409971816793613e-03 1.006683344241734307e-01 1.411921106711556918e-03 -5.003584736113874006e-03 9.999864852179638497e-01 7.731433044238397029e-03
9.940193863846124023e-01 -1.091827945843405478e-01 -2.139359322857980767e-03 -6.885057678543454740e-01 1.091928951700006367e-01 9.940060552262965921e-01 5.373436316704102711e-03 9.142958462292298527e-02 1.539849327646923517e-03 -5.574902708578799437e-03 9.999832745220481600e-01 -6.267346156345771427e-03
9.925666319713615238e-01 -1.216848409222169997e-01 -2.068957892864021174e-03 -7.449903042595042990e-01 1.216947242778474575e-01 9.925516517291953500e-01 5.622520127542848453e-03 9.957524363513244048e-02 1.369372106618325056e-03 -5.832507126500959677e-03 9.999820531792822376e-01 -1.011820585729834854e-02
9.909423855940503456e-01 -1.342752038049945529e-01 -1.832505470467840798e-03 -7.850471380669453714e-01 1.342831586792611331e-01 9.909288721227309527e-01 5.291851159323011575e-03 1.109699427935803701e-01 1.105318186085638100e-03 -5.489994234899635110e-03 9.999843189945571975e-01 -4.243600774424016384e-03
9.890900520571298538e-01 -1.473029034834260897e-01 -1.650317235055666441e-03 -8.275654259034822546e-01 1.473090560903295987e-01 9.890798068414350386e-01 4.601922672702755089e-03 1.138812526282260568e-01 9.544188807806259058e-04 -4.794822610052108455e-03 9.999880493089595701e-01 5.083745239650917791e-03
9.870455386417360533e-01 -1.604319945027231353e-01 -1.637005596573936055e-03 -8.808362689249737976e-01 1.604380198948045233e-01 9.870347920728689273e-01 4.686257558281732571e-03 1.221613402382361324e-01 8.639558318078782370e-04 -4.888187552299136547e-03 9.999876795254900586e-01 1.221433315293937380e-02
9.848936957366587475e-01 -1.731525437980253324e-01 -1.613900386836889921e-03 -9.476628702172911201e-01 1.731587181006018772e-01 9.848800172735153735e-01 5.235448507634936875e-03 1.316173238076285279e-01 6.829670138450850535e-04 -5.435821151650289083e-03 9.999849925896214797e-01 2.383051500182518413e-03
9.825437466942126274e-01 -1.860254423648456112e-01 -1.523359794111245683e-03 -9.965839571308019451e-01 1.860311508348701792e-01 9.825275358647052037e-01 5.661465065162177811e-03 1.356170494910478030e-01 4.435664015635733021e-04 -5.846029472536927972e-03 9.999828134464380236e-01 -6.921516341569030825e-03
9.798772665909299961e-01 -1.996000924373691754e-01 -5.878071801551542274e-04 -1.047586461268822156e+00 1.996002188433993740e-01 9.798613749177743637e-01 5.607011852650105321e-03 1.378728017094508207e-01 -5.431905323530157636e-04 -5.611509889714420829e-03 9.999841078241209491e-01 -9.823398393048176150e-03
9.769625613120844765e-01 -2.134101313505932518e-01 5.192604875023518673e-04 -1.105226694312317459e+00 2.134045400930420777e-01 9.769497627271787055e-01 5.259598367397386696e-03 1.288198850789226968e-01 -1.629742988496663859e-03 -5.027618146961480503e-03 9.999860333992469652e-01 -3.031103835514684618e-03
9.738879093381894725e-01 -2.270278144879361304e-01 8.435008723001802874e-04 -1.161001988027950738e+00 2.270206176544510290e-01 9.738762389010654497e-01 5.168216685306096375e-03 1.348222375849417454e-01 -1.994794395890595734e-03 -4.841771653637846028e-03 9.999862889272893574e-01 1.275480307485743524e-03
9.706166408646490495e-01 -2.406278762544665217e-01 1.249658309258122211e-03 -1.217200856715765278e+00 2.406167081689035703e-01 9.706022555272089125e-01 5.904347165881827265e-03 1.524895067878519750e-01 -2.633671692799473794e-03 -5.430168943937324112e-03 9.999817883534953822e-01 -3.031067425260061243e-03
9.670388366459188312e-01 -2.546263604287121729e-01 1.142363048953417247e-03 -1.275376234999181735e+00 2.546130610412037920e-01 9.670189399754313131e-01 6.823406482217679592e-03 1.481997464192181257e-01 -2.842105862958804394e-03 -6.307638513811614743e-03 9.999760677789457652e-01 -9.659738117278750258e-03
9.631829526436048727e-01 -2.688446920204404789e-01 1.063630190350058720e-03 -1.340385061104353293e+00 2.688309237190515955e-01 9.631615397435226988e-01 7.055693534178245942e-03 1.425514324661786847e-01 -2.921333447042022673e-03 -6.509987044630917083e-03 9.999745426157458095e-01 -1.195941970507096754e-02
9.592218766723862311e-01 -2.826462167568041250e-01 2.123079407696876197e-03 -1.406300918637762409e+00 2.826246675191897983e-01 9.592031898173432047e-01 7.248306967941937906e-03 1.499989813031984143e-01 -4.085171082479129717e-03 -6.352700000769629339e-03 9.999714768831794443e-01 -8.774046836343271302e-03
9.553383549912577433e-01 -2.954979688597496046e-01 3.094815400029684183e-03 -1.456680930420674702e+00 2.954678251071684580e-01 9.553216099257288985e-01 7.706227050471427774e-03 1.570390087371170695e-01 -5.233718471365660097e-03 -6.447635898231565688e-03 9.999655174966216586e-01 -9.729025278668109074e-04
9.511285886925102684e-01 -3.087771369571036817e-01 3.329784432635788435e-03 -1.492025133117212743e+00 3.087440022412821228e-01 9.511120820917078333e-01 7.934001462805975388e-03 1.542731973383942579e-01 -5.616836460939481079e-03 -6.518204641670267800e-03 9.999629813930215327e-01 -7.781859951536475827e-03
9.464721401456638317e-01 -3.227725045239104307e-01 2.897973679856923231e-03 -1.550900568437622695e+00 3.227410574657426090e-01 9.464526459637907507e-01 8.099307009466077262e-03 1.446256260639099678e-01 -5.357028465587437317e-03 -6.730473349001220122e-03 9.999630008027883266e-01 -1.108525703369544861e-02
9.415984502865816230e-01 -3.367306355055114664e-01 2.199438556202891644e-03 -1.638350345699442823e+00 3.367014337711274341e-01 9.415726412544948021e-01 8.550189325490682724e-03 1.293762690730895226e-01 -4.950041855905846708e-03 -7.310290903173886044e-03 9.999610276068441328e-01 -1.308808136694314395e-02
9.366463354313507850e-01 -3.502719424913608992e-01 1.791263897500750988e-03 -1.702911116022759463e+00 3.502438495771004745e-01 9.366165668945722889e-01 8.868621766590130059e-03 1.219302629327197462e-01 -4.784156815484034812e-03 -7.679382914934215418e-03 9.999590686231165648e-01 -1.309458089552856426e-02
9.314405880588105813e-01 -3.638848979042993426e-01 2.492387175927257125e-03 -1.752111015350730217e+00 3.638521318578615826e-01 9.314162153855466419e-01 8.686763456793842458e-03 1.242483455368563056e-01 -5.482431864271860959e-03 -7.184343675147514437e-03 9.999591632395850027e-01 -1.102295229452266399e-02
9.262342270460746096e-01 -3.769349736258537642e-01 3.190972584909681272e-03 -1.801801787303347835e+00 3.769012702400243442e-01 9.262190127790491667e-01 7.985791010262073206e-03 1.178706875031701462e-01 -5.965663401234768889e-03 -6.194031343188029226e-03 9.999630217342553307e-01 -3.277518099230624683e-03
9.208545006421937629e-01 -3.898905129643548406e-01 3.518031752006448888e-03 -1.852743432528355383e+00 3.898567346777336295e-01 9.208437472858104211e-01 7.649804640746142408e-03 1.064725568016548773e-01 -6.222143797045699698e-03 -5.672828661134805307e-03 9.999645513424715304e-01 3.604845331459934337e-03
9.148670903741293881e-01 -4.037412094356221948e-01 3.353021597807613174e-03 -1.920592002676178023e+00 4.037073410186237110e-01 9.148550279336248314e-01 7.788496147463475246e-03 9.564222555919908719e-02 -6.212065521785919281e-03 -5.771799375191098008e-03 9.999640476406767009e-01 -1.019899755280854027e-03
9.086271582482585707e-01 -4.175961052075381486e-01 3.190644008463363983e-03 -1.992549246539592867e+00 4.175607281430629425e-01 9.086124596514748575e-01 8.150857545807785320e-03 8.101821282597210239e-02 -6.302825265632941605e-03 -6.073802893714440668e-03 9.999616909222468486e-01 -1.154196328731425455e-02
9.024134781251567095e-01 -4.308604831828425352e-01 3.026306247662045694e-03 -2.052972281995737003e+00 4.308252998355928121e-01 9.023976934466185762e-01 8.244021093750070889e-03 7.392661199352795753e-02 -6.282954689376021862e-03 -6.135706452404830931e-03 9.999614380498386135e-01 -1.637646089749955625e-02
8.961307748928757366e-01 -4.437790499940489908e-01 3.128749953793513467e-03 -2.096407341802735136e+00 4.437379105336282659e-01 8.961112609621897374e-01 9.015249969021404269e-03 6.576926265571200747e-02 -6.804487133040497578e-03 -6.690497973513606644e-03 9.999544670592369622e-01 -1.184745357816429333e-02
8.895822619242086393e-01 -4.567637032695562316e-01 3.212264822428664065e-03 -2.149885404011144807e+00 4.567079284645624848e-01 8.895501559974096084e-01 1.088062693929672288e-02 5.366421406115958609e-02 -7.827346128584078064e-03 -8.212145911082076657e-03 9.999356445852495279e-01 -1.258746302420098336e-02
8.825758308788945738e-01 -4.701638636590547704e-01 2.417448576187955413e-03 -2.203230035511368090e+00 4.701018102580513669e-01 8.825236331582021476e-01 1.250299601495652099e-02 4.013271809439065974e-02 -8.011912414136240432e-03 -9.898395144504050155e-03 9.999189122289023901e-01 -1.851535123592503232e-02
8.752647421989966370e-01 -4.836426689022987335e-01 1.183165409218812827e-03 -2.264154840108179467e+00 4.835893860645372189e-01 8.751998789107050536e-01 1.290262145501159044e-02 2.798478926703591371e-02 -7.275764499217505545e-03 -1.072104340765503601e-02 9.999160577164480923e-01 -1.695776580911163497e-02
8.676809558866352967e-01 -4.971209523383234297e-01 7.194010655831281674e-04 -2.341699325088704597e+00 4.970738319786555115e-01 8.676169287093394855e-01 1.258850980173394432e-02 1.131160739645385716e-02 -6.882176524189757838e-03 -1.056521477355785305e-02 9.999205027816353564e-01 -1.260087327164027479e-02
8.601136575231586034e-01 -5.101018046276327711e-01 8.031548836431384123e-04 -2.416191059263121499e+00 5.100527125720578647e-01 8.600507321398488392e-01 1.260827282365246764e-02 -1.024601481363780590e-02 -7.122256666281636187e-03 -1.043489632638388426e-02 9.999201900145017197e-01 -3.127814260017897866e-03
8.523563283386631495e-01 -5.229612609419668212e-01 4.572690908379247496e-04 -2.462856745910014578e+00 5.229095336584407283e-01 8.522836898934321725e-01 1.334659322629741865e-02 -2.610084670371465992e-02 -7.369474210917568990e-03 -1.113694283115005887e-02 9.999108257010873579e-01 -9.958604206170998483e-04
8.442057958856231670e-01 -5.360190839451282052e-01 -3.403523870280118356e-04 -2.509849665940626640e+00 5.359686501438583051e-01 8.441173051570117769e-01 1.426818830246946203e-02 -2.649209886461282096e-02 -7.360723883704432119e-03 -1.222770547118081155e-02 9.998981462943202780e-01 -1.756740646579829992e-02
8.358907168034295232e-01 -5.488956168258352086e-01 -5.580244031811213649e-04 -2.575145201367984082e+00 5.488426129816872390e-01 8.357949699611495475e-01 1.478358424317252964e-02 -5.596865209604802438e-02 -7.648250602758534591e-03 -1.266372840149884542e-02 9.998905611344125477e-01 -3.000985899435490087e-02
8.271892097542722366e-01 -5.619231941377004214e-01 -5.789267544546109878e-04 -2.638689588449052437e+00 5.618646126282799136e-01 8.270871818600334935e-01 1.532810095546425708e-02 -8.425297268469610079e-02 -8.134392551114370123e-03 -1.300451817301596751e-02 9.998823501617137843e-01 -2.689431238697041066e-02
8.185289673193646420e-01 -5.744644052096564701e-01 -9.883350698753736244e-04 -2.699173287948946065e+00 5.744065962229673028e-01 8.184195897260913011e-01 1.569832373603662415e-02 -1.132662984133987749e-01 -8.209255425411596946e-03 -1.341723889971802725e-02 9.998762852601656981e-01 -2.427906520674439836e-02
8.097144394014799129e-01 -5.868233830118079197e-01 -9.185724380929519844e-04 -2.762785430812044751e+00 5.867603007324768694e-01 8.096023312378062275e-01 1.601295533756616138e-02 -1.443027381327774694e-01 -8.653098235916711206e-03 -1.350490299433831053e-02 9.998713624692093793e-01 -3.307008515478082611e-02
8.010564565911844070e-01 -5.985886752333346994e-01 -3.888907008306885385e-04 -2.823919742356326257e+00 5.985351723877068153e-01 8.009758223385068376e-01 1.390609377110169423e-02 -1.597811564206948198e-01 -8.012538199216632379e-03 -1.137233096396513855e-02 9.999032299778074506e-01 -2.402034364776784586e-02
7.921711976800906996e-01 -6.102987811677376140e-01 4.373457035222426403e-04 -2.864817389844080520e+00 6.102553494531095524e-01 7.921229808344971701e-01 1.138383493088991269e-02 -1.711753791433948957e-01 -7.293972165666030502e-03 -8.751053596260731718e-03 9.999351064099119002e-01 -9.743903131159241393e-04
7.832412678466191824e-01 -6.217172313506857950e-01 8.947534064009403289e-04 -2.915534887282982268e+00 6.216731689773897784e-01 7.832013943651963128e-01 1.086493617201588283e-02 -2.134935050769747877e-01 -7.455690151173859082e-03 -7.953622196831725000e-03 9.999405745234662968e-01 7.635583329483889431e-03
7.747627360264798257e-01 -6.322518946706466858e-01 4.945201112852674885e-04 -2.975358318027232940e+00 6.322006979483364431e-01 7.747094978047963654e-01 1.214378543438487251e-02 -2.546504165271643583e-01 -8.061040776431820098e-03 -9.095916469358505951e-03 9.999261392348852695e-01 -6.682181726597220470e-03
7.670292832191926147e-01 -6.416120310649304770e-01 -2.833319364242093351e-04 -3.018398941249528011e+00 6.415591101394029216e-01 7.669601932041963943e-01 1.318977775852157343e-02 -2.724261953802139535e-01 -8.245415780239240267e-03 -1.029871996494564207e-02 9.999129709558199908e-01 -3.404080323903937305e-02
7.595431717193766863e-01 -6.504565743079783191e-01 -6.443865291092826936e-04 -3.052193430481620950e+00 6.504119784082148525e-01 7.594787095031367841e-01 1.250392556606326304e-02 -2.687225220553989269e-01 -7.643862739554334838e-03 -9.916388000648264367e-03 9.999216152336338759e-01 -4.357298403164777678e-02
7.522199582631527992e-01 -6.589120656125563302e-01 1.555016880284599439e-04 -3.086760702180173954e+00 6.588695118980835153e-01 7.521740193180780354e-01 1.118977006327137938e-02 -2.879451597700048993e-01 -7.490038835814799394e-03 -8.314713048677634458e-03 9.999373804719754455e-01 -3.462039240317136418e-02
7.447492622922234906e-01 -6.673428745434606402e-01 1.422712641442048153e-03 -3.127308774902180399e+00 6.672944774843387883e-01 7.447179409718843734e-01 1.064277752752473480e-02 -3.112598731644651839e-01 -8.161901377274294322e-03 -6.976832423682866220e-03 9.999423519259694748e-01 -1.165236013633596211e-02
7.371911747311364893e-01 -6.756805927410326484e-01 2.215511600958387523e-03 -3.171332272913884420e+00 6.756261316506039227e-01 7.371668265737753023e-01 1.069579496766843996e-02 -3.449756421554097674e-01 -8.860142739706639362e-03 -6.387988124316322687e-03 9.999403439597562837e-01 -1.401427375099909174e-02
7.294286024454583739e-01 -6.840528589275244320e-01 2.366458862010922815e-03 -3.209158313977046539e+00 6.839948306201529826e-01 7.294046176088326838e-01 1.095333263534613473e-02 -3.772400405365493592e-01 -9.218764525324786227e-03 -6.371028487830041054e-03 9.999372102170385190e-01 -3.229342349065927875e-02
7.210706740808779935e-01 -6.928583962322937273e-01 2.079843975433578150e-03 -3.251359327836234048e+00 6.928007419606218020e-01 7.210439339614377330e-01 1.108048898855739511e-02 -3.954604281172082736e-01 -9.176868712154092125e-03 -6.548898214782114015e-03 9.999364464868816249e-01 -4.071870595247965852e-02
7.126970026668582037e-01 -7.014700370028337240e-01 1.664204590605514438e-03 -3.294287451484673390e+00 7.014150512778689617e-01 7.126673588361693845e-01 1.105266892398033482e-02 -4.133572611980056988e-01 -8.939140369234415545e-03 -6.709905865333483203e-03 9.999375325152753957e-01 -3.459540186251981037e-02
7.037602609801764109e-01 -7.104361195583704935e-01 1.419539347454139939e-03 -3.349997456216517566e+00 7.103829242447604608e-01 7.037295310887711208e-01 1.099308942205193436e-02 -4.385622159156127853e-01 -8.808859550306706934e-03 -6.728082967916717942e-03 9.999385665594661132e-01 -2.454473797614947772e-02
6.941791767518039613e-01 -7.198010241190999636e-01 1.325232539201245474e-03 -3.391845403328876518e+00 7.197491526927657368e-01 6.941491598588154233e-01 1.086743140520790053e-02 -4.738807974257193689e-01 -8.742297308716820772e-03 -6.590109589062939296e-03 9.999400695508556813e-01 -2.353920811566242652e-02
6.845131183722036328e-01 -7.289999433564707809e-01 9.345387224949393669e-04 -3.435479659243390493e+00 7.289482436853861325e-01 6.844788041010271273e-01 1.110066504398198907e-02 -5.024224342300854795e-01 -8.732056135441465528e-03 -6.917320484842754726e-03 9.999379490113161628e-01 -2.554043857518198055e-02
6.750306833577326415e-01 -7.377895917491752442e-01 3.079483363969567856e-04 -3.483856094841171203e+00 7.377384233650543521e-01 6.749886687461316148e-01 1.150285856510767195e-02 -5.271085752648638767e-01 -8.694550962326462115e-03 -7.537597157600597550e-03 9.999337925146110084e-01 -3.174465207304488085e-02
6.653206853814732646e-01 -7.465573627535974088e-01 -6.998013433907718760e-04 -3.522581552700040142e+00 7.465127103493361949e-01 6.652700176420101030e-01 1.160072900672907449e-02 -5.446157170169546591e-01 -8.195052801219338684e-03 -8.240615571242476678e-03 9.999324644017676400e-01 -3.358442791930924681e-02
6.549150281407299934e-01 -7.557008915445286856e-01 -1.571125148199955602e-03 -3.583799942455817789e+00 7.556650382665472954e-01 6.548604182045328903e-01 1.132177594735028769e-02 -5.795067273853365952e-01 -7.527008505678132143e-03 -8.602045558398007524e-03 9.999346723437320117e-01 -2.669238364777733186e-02
6.445849610638643146e-01 -7.645278942014233081e-01 -2.706835464866228728e-03 -3.636902595479373002e+00 7.645055984594877341e-01 6.445282801580839438e-01 1.069981310878504246e-02 -6.193086269430942981e-01 -6.435673577567076024e-03 -8.966329483115752577e-03 9.999390916656890615e-01 -2.915182394286323572e-02
6.338259377332621236e-01 -7.734683998075125855e-01 -3.363800790278149034e-03 -3.681918775957156331e+00 7.734495386821497176e-01 6.337627160155989703e-01 1.098320995433973296e-02 -6.530344346164902447e-01 -6.363314303151000086e-03 -9.563173518089964492e-03 9.999340247953072414e-01 -2.626139483609513450e-02
6.228101670059982276e-01 -7.823647005456325632e-01 -3.601557177567499789e-03 -3.711372642283938816e+00 7.823437656072284030e-01 6.227405155787404389e-01 1.151011173823539638e-02 -6.873791891794399644e-01 -6.762269549686608303e-03 -9.986270418295986606e-03 9.999272704120385491e-01 -2.006553151311520067e-02
6.116555599542156108e-01 -7.911133940261624309e-01 -4.132041807758695361e-03 -3.748626383024389774e+00 7.910957701197162129e-01 6.115809813537755879e-01 1.166986482553058341e-02 -7.191341064637565283e-01 -6.705108186168134282e-03 -1.040677850052564198e-02 9.999233673064414907e-01 -1.764889210130458908e-02
6.002218046757037406e-01 -7.998205617998156436e-01 -4.566630493997293934e-03 -3.808098623923953596e+00 7.998069429862938451e-01 6.001454064018176826e-01 1.159073447701759046e-02 -7.549111848171724537e-01 -6.529865447373763183e-03 -1.060943434046436248e-02 9.999223973690231082e-01 -2.290057797936163875e-02
5.882257957774558177e-01 -8.086822002894705763e-01 -4.848929465286221097e-03 -3.859989679782882099e+00 8.086711795647160139e-01 5.881489623650638654e-01 1.147699482919552205e-02 -7.955839839647790290e-01 -6.429348597595235977e-03 -1.067225392685639852e-02 9.999223802239508574e-01 -2.925065038129930767e-02
5.761468198938963781e-01 -8.173286447331072901e-01 -5.359890380626134744e-03 -3.896491039686412527e+00 8.173215020141521014e-01 5.760660105051269575e-01 1.155482090027518290e-02 -8.411988279968751758e-01 -6.356435438243592147e-03 -1.103802697266163292e-02 9.999188755539472062e-01 -2.812529109300689056e-02
5.642900471611754787e-01 -8.255567704994586364e-01 -5.723753780749266280e-03 -3.935185859537827291e+00 8.255498536949137378e-01 5.642023761207902721e-01 1.196318703193051391e-02 -8.742869951898432079e-01 -6.646934567532466510e-03 -1.147595147072929915e-02 9.999120565323214027e-01 -2.429767555802603285e-02
5.523344407450813121e-01 -8.336019414206774503e-01 -5.871015797596371155e-03 -3.987772084795550676e+00 8.335971221579374646e-01 5.522487724914535434e-01 1.171030365479152832e-02 -9.037440517353884095e-01 -6.519470593759343208e-03 -1.136206589314448130e-02 9.999141962997709632e-01 -2.104460227478484671e-02
5.397884368520106113e-01 -8.417786269549283329e-01 -6.098085169834168914e-03 -4.039985848964883886e+00 8.417752203155981494e-01 5.397015474159554405e-01 1.169265493587419609e-02 -9.488631023428173439e-01 -6.551481014944154045e-03 -1.144477691782591969e-02 9.999130438082163286e-01 -1.833641738920621655e-02
5.270129067019296842e-01 -8.498306664705536084e-01 -6.725659506543245868e-03 -4.083945825718970468e+00 8.498324101870534664e-01 5.269204386556470832e-01 1.182057200832678685e-02 -1.001539974868588256e+00 -6.501597130463232684e-03 -1.194527744153088371e-02 9.999075155141089466e-01 -2.645345958954331556e-02
5.145837545283404868e-01 -8.574077676803971704e-01 -7.448456003397410825e-03 -4.111996143826324612e+00 8.574164897430257559e-01 5.144856652799655317e-01 1.189383614225439020e-02 -1.052944597495295787e+00 -6.365743653670292469e-03 -1.250680385826451191e-02 9.999015237337057771e-01 -2.960253557051483603e-02
5.024984615890587536e-01 -8.645424204101364030e-01 -7.854897326679065317e-03 -4.156546213795176747e+00 8.645546067201572704e-01 5.023970870391317733e-01 1.193729171753728398e-02 -1.087610786734024559e+00 -6.374017538706527354e-03 -1.278945839269652988e-02 9.998978956145661012e-01 -2.890175401331778610e-02
4.907152066260915269e-01 -8.712809540707134870e-01 -8.251367131552259440e-03 -4.205790926770446525e+00 8.712983339340000244e-01 4.906141659729503224e-01 1.170271039127579633e-02 -1.120917439811512040e+00 -6.148111071540903784e-03 -1.293210038213946436e-02 9.998974754993424918e-01 -2.884587943159453577e-02
4.792450708694415140e-01 -8.776405954026089695e-01 -8.434888778076967200e-03 -4.240584886786927576e+00 8.776592304532104816e-01 4.791430963189463044e-01 1.166912379622793601e-02 -1.167527587835051506e+00 -6.199778030114501577e-03 -1.299532805463299301e-02 9.998963367275278680e-01 -2.841179828509396779e-02
4.678555689795079742e-01 -8.837682156595414451e-01 -8.056523121729403797e-03 -4.279459426491926344e+00 8.837785816328966870e-01 4.677517812313127799e-01 1.198706811023838963e-02 -1.207455526353672148e+00 -6.825336754054589158e-03 -1.272839914852634882e-02 9.998956958769796843e-01 -3.333100858617116247e-02
4.569865740995307513e-01 -8.894353723698488201e-01 -8.245572756479245188e-03 -4.316519196255389268e+00 8.894464380206400511e-01 4.568805520706429868e-01 1.204969012133065218e-02 -1.239918367235445684e+00 -6.950178786888127139e-03 -1.284054192519834894e-02 9.998934020673891920e-01 -3.216492978826188121e-02
4.469205822199964206e-01 -8.945331559893086038e-01 -8.510348050861159946e-03 -4.339068331212526886e+00 8.945478314514685447e-01 4.468152061478939396e-01 1.184688990790707178e-02 -1.279607477005521243e+00 -6.794882899242143774e-03 -1.290753232893311273e-02 9.998936069280386363e-01 -3.265294873297209383e-02
4.369407195094963114e-01 -8.994493360858166753e-01 -8.584838339038440569e-03 -4.372204193913738379e+00 8.994651491729739323e-01 4.368372218257535744e-01 1.164847847562264054e-02 -1.313001125550439241e+00 -6.727039301459940106e-03 -1.281145746357851417e-02 9.998953012690355857e-01 -3.270576863847838439e-02
4.273308282553465176e-01 -9.040525631056606226e-01 -8.793541077671551687e-03 -4.399672516578080561e+00 9.040712871882674584e-01 4.272283209718824581e-01 1.144855629741563761e-02 -1.353670441116113343e+00 -6.593246874527167352e-03 -1.284230904593601508e-02 9.998957966678428955e-01 -2.275640662921616514e-02
4.183830780239877201e-01 -9.082244336348260783e-01 -9.163960490609654105e-03 -4.421988859438635622e+00 9.082468988069444249e-01 4.182778481697372874e-01 1.145480414770934374e-02 -1.381273125363306598e+00 -6.570451334726475426e-03 -1.311563491386615737e-02 9.998923988560289855e-01 -2.467238021527681097e-02
4.106727725582643984e-01 -9.117320124016382588e-01 -9.623483847711822997e-03 -4.434350619050473341e+00 9.117584768214989088e-01 4.105618500213648048e-01 1.163818075021433827e-02 -1.412226953654517780e+00 -6.659866623919638573e-03 -1.355377693093077172e-02 9.998859641516417707e-01 -3.530692640543573596e-02
4.034213201801146176e-01 -9.149619382501432696e-01 -9.792342808253026026e-03 -4.441892361250466159e+00 9.149909665085798061e-01 4.033114251622456625e-01 1.146409792758893917e-02 -1.432621389531253397e+00 -6.539849526442429936e-03 -1.358476673112882574e-02 9.998863357807388219e-01 -3.395465660199031149e-02
3.972136432360623415e-01 -9.176833404396109728e-01 -8.866132569001570346e-03 -4.465077697215479091e+00 9.176990216559119951e-01 3.971090473574026003e-01 1.152866682135615835e-02 -1.472937529000675205e+00 -7.058844021216778217e-03 -1.271578493420995673e-02 9.998942351741962886e-01 -3.370547822496327423e-02
3.923313243557708385e-01 -9.197805347449520275e-01 -8.938670680665689733e-03 -4.497084534223243502e+00 9.197971630972215928e-01 3.922271783264056899e-01 1.144636800079314697e-02 -1.486774345492015925e+00 -7.022156901590552100e-03 -1.271253265075130388e-02 9.998945348515777543e-01 -1.369764710848456538e-02
3.889002423126425856e-01 -9.212357449056388647e-01 -9.016864051370278993e-03 -4.517395317451345704e+00 9.212562531652012110e-01 3.888015639647952049e-01 1.096630578382469350e-02 -1.484328164096544223e+00 -6.596782032394052538e-03 -1.257164136786933194e-02 9.998992130710648851e-01 -1.650608132551696985e-02
3.868020636001343049e-01 -9.221169449054438250e-01 -9.192579231551674737e-03 -4.516043759620468556e+00 9.221426088821227385e-01 3.867084837248078721e-01 1.046697183202368285e-02 -1.491838048217614565e+00 -6.096923712003511457e-03 -1.252551529920991995e-02 9.999029647859531966e-01 -2.874118132850851659e-02
3.856806912028183931e-01 -9.225878991423652753e-01 -9.053882559069324765e-03 -4.502091024124961649e+00 9.226123832290991089e-01 3.855892692927593290e-01 1.035884735857993573e-02 -1.489716013423433960e+00 -6.065867261874700704e-03 -1.234843157462091855e-02 9.999053562672860496e-01 -3.685066390013487514e-02
3.850508654854845059e-01 -9.228543424053502475e-01 -8.700212208222039140e-03 -4.498384173138184394e+00 9.228726739976161886e-01 3.849582068526190559e-01 1.063985739123766462e-02 -1.491172528664237440e+00 -6.469820505162915229e-03 -1.212607440208676723e-02 9.999055454102782070e-01 -3.199510557590753285e-02
3.848579994645212055e-01 -9.229410686216658055e-01 -8.006503585479440854e-03 -4.503539600826386824e+00 9.229480672634179372e-01 3.847647159693366459e-01 1.108956625650515428e-02 -1.494866699287874523e+00 -7.154396053355159199e-03 -1.165749529416370764e-02 9.999064543348934464e-01 -3.004905342001291252e-02
3.851209536255447152e-01 -9.228373585922807765e-01 -7.284275185155539983e-03 -4.509156147075476184e+00 9.228360917843224653e-01 3.850327726670479955e-01 1.110457890074826454e-02 -1.486084419908470400e+00 -7.443035589635890216e-03 -1.099879805921673628e-02 9.999118099424888495e-01 -2.910535524306799571e-02
3.849560726678835643e-01 -9.229074684238910420e-01 -7.115254283816940979e-03 -4.507831646925791524e+00 9.229080743641645546e-01 3.848746713902567729e-01 1.059120369322411222e-02 -1.479683534475173534e+00 -7.036219833733067634e-03 -1.064387380825800554e-02 9.999185964671351012e-01 -2.691961214748329889e-02
3.845825512480260389e-01 -9.230645936432694265e-01 -6.929447145745107860e-03 -4.504742508185799466e+00 9.230647958352801163e-01 3.845048310947354886e-01 1.036424403330103890e-02 -1.486593168766250805e+00 -6.902460802664080186e-03 -1.038223612692261953e-02 9.999222795837047206e-01 -2.591045776193753522e-02
3.841591614525495246e-01 -9.232447087188262458e-01 -6.398944816447633618e-03 -4.501130182296536830e+00 9.232390371237502169e-01 3.840845194394690298e-01 1.042891450549961359e-02 -1.497816614017183579e+00 -7.170704490138557312e-03 -9.914118702238189015e-03 9.999251428219380067e-01 -2.707337506571443411e-02
3.837990880166471386e-01 -9.233961643959275323e-01 -6.146837925265347460e-03 -4.500361834571373620e+00 9.233881482979106048e-01 3.837264744824180895e-01 1.040770696409200162e-02 -1.500797079278163082e+00 -7.251732244522442541e-03 -9.670385730861156409e-03 9.999269453411434583e-01 -3.069266843899044750e-02
3.837636991424201449e-01 -9.234109423555895146e-01 -6.136347324643641292e-03 -4.499326829023221563e+00 9.234025368147370516e-01 3.836907828852742508e-01 1.044691978498366730e-02 -1.501499715374442934e+00 -7.292340134316540115e-03 -9.675467267681729308e-03 9.999266008605418588e-01 -2.995289112303228460e-02
3.834771934975881869e-01 -9.235311567936097532e-01 -5.953528253943118735e-03 -4.500441950587011242e+00 9.235224414343605748e-01 3.834075280093308113e-01 1.024537129109778615e-02 -1.495305900047969372e+00 -7.179292049469535551e-03 -9.427083177280937490e-03 9.999297914695997047e-01 -3.037888384708609113e-02
3.828850203819146869e-01 -9.237786975965949221e-01 -5.655000785122360658e-03 -4.494884093570563621e+00 9.237663845486387970e-01 3.828165480934052067e-01 1.035168023975743638e-02 -1.496122345159899947e+00 -7.397833809793492171e-03 -9.187402929478786368e-03 9.999304294211343036e-01 -2.961824244065934877e-02
3.825177290219850534e-01 -9.239325471913176768e-01 -5.369843985372534448e-03 -4.497958219648779732e+00 9.239162931729157924e-01 3.824498164173855685e-01 1.052716162729678065e-02 -1.492448280533640759e+00 -7.672691410607280528e-03 -8.988112308603218858e-03 9.999301693836653016e-01 -3.285704507180290529e-02
3.824114626644739001e-01 -9.239757931186206585e-01 -5.496085300762276575e-03 -4.493856835766834479e+00 9.239629911500760739e-01 3.823453880971042773e-01 1.021739623772537423e-02 -1.490414843239320941e+00 -7.339223925024774414e-03 -8.985428853999333221e-03 9.999326966653746540e-01 -3.021011269731525145e-02
3.825029102040367057e-01 -9.239362266455815043e-01 -5.776917635496608798e-03 -4.491682799175063856e+00 9.239320601013538692e-01 3.824428645531582349e-01 9.327575743069976485e-03 -1.493278525191381600e+00 -6.408744206995950835e-03 -8.905304278873071508e-03 9.999398099652748728e-01 -3.149842654615269549e-02
3.828206268555450764e-01 -9.238026976704726279e-01 -6.078110782547275527e-03 -4.482364366259838029e+00 9.238111411044817034e-01 3.827746524519495264e-01 7.519375740358187100e-03 -1.486557012528401112e+00 -4.619872851386819246e-03 -8.493598592270751313e-03 9.999532566864265393e-01 -3.587968158439525101e-02
3.825646676996567463e-01 -9.239085646710019084e-01 -6.102389320594837734e-03 -4.473362262948116452e+00 9.239231677721293501e-01 3.825311328056337223e-01 5.992702925394215174e-03 -1.449644055544216936e+00 -3.202355658672540167e-03 -7.930735275338994181e-03 9.999634235091940937e-01 -3.068479518756171351e-02
3.821741153439842664e-01 -9.240733940582741557e-01 -5.595351165485790146e-03 -4.468660640420227814e+00 9.240834534652457855e-01 3.821408979624864033e-01 6.172935782091647575e-03 -1.411580854903453641e+00 -3.566033200667007887e-03 -7.529707699948997267e-03 9.999652928522895223e-01 -2.563481169229721648e-02
