1.000000000000000000e+00 0.000000000000000000e+00 0.000000000000000000e+00 0.000000000000000000e+00 0.000000000000000000e+00 1.000000000000000000e+00 0.000000000000000000e+00 0.000000000000000000e+00 0.000000000000000000e+00 0.000000000000000000e+00 1.000000000000000000e+00 0.000000000000000000e+00
9.999999815267700543e-01 -8.907901198290328192e-05 1.703273000022987032e-04 2.276554146728328350e-03 8.906810184742084563e-05 9.999999939815654715e-01 6.406045737590099426e-05 5.084012112616952822e-03 -1.703330054194451902e-04 -6.404528546319343540e-05 9.999999834424342371e-01 -6.451948598659715435e-03
9.999999811662639848e-01 -1.936890514949462009e-04 -1.232975672491996441e-05 3.094224803487150531e-03 1.936877433458726258e-04 9.999999756234861925e-01 -1.060098348009607338e-04 5.778658471187522044e-03 1.235028936871521484e-05 1.060074446816434399e-04 9.999999943049460160e-01 -1.342894141276694195e-03
9.999999776409970176e-01 1.715591949040424786e-04 -1.236343324155148352e-04 1.241619693056797424e-02 -1.715537927350417428e-04 9.999999843296276669e-01 4.370401223072613680e-05 -1.864045828470940660e-03 1.236418283032712047e-04 -4.368280131490985221e-05 9.999999914022555947e-01 -1.345324504043037082e-03
9.999999926237256309e-01 -5.229490315659479047e-05 -1.096256893132927873e-04 8.196262322230333944e-04 5.230738279976551784e-05 9.999999921523213819e-01 1.138388986092873261e-04 2.272553193048755873e-03 1.096197352588073790e-04 -1.138446320024759910e-04 9.999999875114565784e-01 -9.716028495905222953e-04
9.999999659425319321e-01 -2.609415978371142802e-04 4.941400853368889043e-06 -3.119438840835298508e-03 2.609414458894126804e-04 9.999999654827477213e-01 3.072564320015688089e-05 8.134160728099661813e-03 -4.949418281236532392e-06 -3.072435273743587139e-05 9.999999995157586863e-01 -2.474982985487189386e-03
9.999999792429393741e-01 -1.939865673512104142e-04 6.231639046092858180e-05 -3.418854572692006481e-03 1.939992194807114751e-04 9.999999605596444630e-01 -2.030886810535541059e-04 8.936966239096436407e-03 -6.227699152704251648e-05 2.031007661691402880e-04 9.999999774358272475e-01 1.398140052749498427e-04
9.999999912384200940e-01 -1.451794862158055091e-05 1.315765513613578578e-04 1.973000502838319521e-03 1.455156787250970215e-05 9.999999672505244241e-01 -2.555136043754266222e-04 6.802241411636953360e-03 -1.315728375189143754e-04 2.555155167818413280e-04 9.999999587002037504e-01 -4.568826588210453225e-03
9.999999727825971130e-01 1.607215050360583921e-04 1.691254057251715900e-04 9.313830195084597720e-04 -1.607032465354173211e-04 9.999999812588605819e-01 -1.079664074335843913e-04 -4.294794079751540657e-03 -1.691427550790648672e-04 1.079392254932475123e-04 9.999999798699258369e-01 -8.056738767004908292e-03
9.999999994743725695e-01 3.214870213393461636e-05 -4.209026399168092422e-06 1.355683990857372168e-03 -3.214838764798626583e-05 9.999999966935101403e-01 7.469578882542360311e-05 -2.209743522187417562e-03 4.211427757916597039e-06 -7.469565347274914071e-05 9.999999972014116389e-01 -4.282842017767123956e-03
9.999999805581488710e-01 -1.126285471078895031e-04 -1.618595447021898843e-04 -1.529976380393859373e-03 1.126608232791576514e-04 9.999999737709504011e-01 1.994132328268836236e-04 9.821999157466560285e-04 1.618370808340804934e-04 -1.994314641794829590e-04 9.999999670179245959e-01 2.429656850336468429e-03
9.999999974118655155e-01 -5.149966656275542010e-05 -5.023995687060430181e-05 -3.138631705036198927e-03 5.150228909143601380e-05 9.999999973113287144e-01 5.220016128136055570e-05 2.876327720971242046e-03 5.023726844462505652e-05 -5.220274861904220366e-05 9.999999973755449023e-01 2.629935924195485244e-03
9.999999956268925683e-01 -7.425508763016966764e-05 5.685417208604680956e-05 -1.968912623568276621e-03 7.425719129789938675e-05 9.999999965584385198e-01 -3.699989765579843028e-05 7.462135505080618771e-03 -5.685142445973693891e-05 3.700411932512657554e-05 9.999999976993053652e-01 -2.591552907169673153e-03
9.999999880111734019e-01 -1.298926271928915615e-05 1.543014324459832912e-04 4.069420632420534152e-03 1.300006187464224646e-05 9.999999974664371960e-01 -6.998659853981982959e-05 6.242003893898448626e-03 -1.543005229807356592e-04 6.998860362893175935e-05 9.999999856464718562e-01 -7.682562924396446960e-03
9.999999969308406289e-01 4.742529342736072481e-05 6.236313215566207735e-05 7.881035135144482187e-03 -4.742424521454724744e-05 9.999999987341894325e-01 -1.680958441909533301e-05 1.189582342667202999e-03 -6.236392927619562488e-05 1.680662684303234334e-05 9.999999979141388495e-01 -5.759366422572864859e-03
9.999999997504355198e-01 -9.595001373255532305e-06 -2.017584907605604198e-05 6.270685967685090713e-03 9.595498565623044882e-06 9.999999996503246003e-01 2.464299401125734024e-05 -1.258058305821581650e-03 2.017561261943966319e-05 -2.464318760243819337e-05 9.999999994928290281e-01 -1.836072639069945408e-03
9.999999887735543380e-01 -1.466934325623447347e-04 -3.056023555878807743e-05 -1.651081235323576587e-03 1.466960189009712079e-04 9.999999856576829993e-01 8.464580288741792714e-05 1.542206404713748150e-03 3.054781813710591811e-05 -8.465028500203958478e-05 9.999999959505799785e-01 1.664656189005411617e-03
9.999999961647909608e-01 -8.742976953088972721e-05 -5.143290422997430995e-06 -9.158355355593350957e-04 8.743022117009055093e-05 9.999999923168169103e-01 8.787674608628775889e-05 4.453500040040975737e-03 5.135607339823140744e-06 -8.787719542828130415e-05 9.999999961256120784e-01 4.813516644698264172e-04
9.999999916135146050e-01 -1.226677494641260371e-04 4.154026975127926872e-05 -4.783921227883490513e-04 1.226672495183605052e-04 9.999999924039216781e-01 1.203754144574398360e-05 1.094013902343911500e-02 -4.154174605385434281e-05 -1.203244571415667633e-05 9.999999990647517878e-01 -2.973476350310276083e-03
9.999999916083514018e-01 -1.256444090836278176e-04 3.157181712337105487e-05 2.452771190165636134e-03 1.256455095409028731e-04 9.999999914991284378e-01 -3.485611818941958847e-05 1.032631263859894177e-02 -3.156743737861023578e-05 3.486008475396889329e-05 9.999999988941357110e-01 -3.587717614254477827e-03
9.999999994441339801e-01 -3.132604766022517703e-05 1.141975314570942492e-05 6.594744516438831410e-03 3.132565161173112125e-05 9.999999989080168294e-01 3.467953241597295384e-05 8.944760022466131119e-04 -1.142083950592454709e-05 -3.467917466548725130e-05 9.999999993334596216e-01 -4.721678722134568275e-03
9.999999972686530736e-01 6.625278097584240183e-05 -3.276069156116849073e-05 4.771657059341368086e-03 -6.625092224284434572e-05 9.999999961960051031e-01 5.673451439805167012e-05 -9.006186867214011765e-03 3.276445025590315899e-05 -5.673234381706079811e-05 9.999999978539659828e-01 -1.705524794612225123e-03
9.999999993233378293e-01 3.532629221324710966e-05 -1.026535533680117435e-05 -5.330080015834136912e-06 -3.532555615270145210e-05 9.999999968059871680e-01 7.169470440597519459e-05 -5.201376050677187016e-03 1.026788801209148603e-05 -7.169434172807572262e-05 9.999999973772458750e-01 1.051298348616559438e-03
9.999999983682462679e-01 -5.249569076080486330e-05 2.253242071625575547e-05 6.848358683878499756e-04 5.249631807123853041e-05 9.999999982345171290e-01 -2.784065949900054701e-05 6.438884182214609474e-03 -2.253095916182351288e-05 2.784184232269628647e-05 9.999999993585938496e-01 -1.297578838820044643e-04
9.999999978581733950e-01 3.007261524955920481e-05 5.813167027052271526e-05 6.225363023740706700e-03 -3.006473502109762160e-05 9.999999903605597540e-01 -1.355543877405569980e-04 4.860593953732559799e-03 -5.813574618511385212e-05 1.355526397369600134e-04 9.999999891228583682e-01 -8.703242019328495758e-04
9.999999968075456991e-01 2.991985436108430643e-05 7.409258394248328375e-05 3.881862075170265658e-03 -2.991943201153552596e-05 9.999999995361608107e-01 -5.701396343925589458e-06 -3.125376747030773634e-03 -7.409275449306450983e-05 5.699179517696316694e-06 9.999999972388915470e-01 -3.874030476731466031e-03
9.999999994672083004e-01 2.255574205676776843e-05 2.359707499367957539e-05 2.493576433680541517e-03 -2.255602064472587382e-05 9.999999996759240117e-01 1.180583823614476122e-05 -5.552644829590511547e-03 -2.359680869659031013e-05 -1.180637048596541822e-05 9.999999996519001177e-01 -1.107445544747819423e-03
9.999999988918574223e-01 4.328804079043354571e-06 -4.687799797922985288e-05 4.742541530392110731e-03 -4.328407323087509007e-06 9.999999999548154772e-01 8.463683899600925087e-06 3.588710699520700968e-04 4.687803461474109403e-05 -8.463480983152212343e-06 9.999999988654096894e-01 8.873307299249000128e-04
9.999999992747968802e-01 -3.142563328729917248e-05 -2.151361948926321720e-05 4.339573288147086268e-03 3.142617546433892060e-05 9.999999991886349138e-01 2.520169826920213172e-05 8.125752761150575269e-04 2.151282749247979110e-05 -2.520237434170673156e-05 9.999999994510192503e-01 -2.166131696639731971e-03
9.999999997298948395e-01 -1.183173095312701142e-05 2.000550963317038389e-05 8.090124896582740963e-03 1.183295800030195723e-05 9.999999980489101548e-01 -6.133645610992195004e-05 2.017059022785888493e-03 -2.000478387769152717e-05 6.133669281770990993e-05 9.999999979188093358e-01 -3.491004006641028681e-03
9.999999992978598762e-01 3.613757455878579210e-05 -9.917457680782887277e-06 6.394991866345484111e-03 -3.613802045073160831e-05 9.999999983361496092e-01 -4.496381166860968000e-05 2.107078096573563987e-05 9.915832781185100636e-06 4.496417003432726735e-05 9.999999989399498412e-01 -2.210929771009568189e-03
9.999999983448432106e-01 5.299285214994419227e-05 -2.240694523375434108e-05 7.248152467552528705e-03 -5.299221361211325806e-05 9.999999981898745061e-01 2.849695087696774040e-05 -5.552224608199733983e-04 2.240845532789950928e-05 -2.849576343617260743e-05 9.999999993429262712e-01 -2.270703951977055129e-03
9.999999940882201566e-01 8.288100116978637619e-05 -7.038678365714614660e-05 7.371252873077506138e-03 -8.287632000122474802e-05 9.999999943541891811e-01 6.650666978278727351e-05 1.464466163202889342e-03 7.039229539913175024e-05 -6.650083599200828867e-05 9.999999953112818085e-01 -1.375371886987263818e-03
9.999999995427749644e-01 -5.652322053152278235e-06 -2.970692443782666916e-05 7.528287912140510518e-03 5.653796470066666664e-06 9.999999987523373601e-01 4.963224599729082416e-05 7.778557919347247598e-04 2.970664386332385275e-05 -4.963241393150224227e-05 9.999999983270694282e-01 -1.910899608775564222e-03
9.999999986578588240e-01 -3.674342604527500443e-05 3.652674413143665452e-05 1.873032001650774521e-03 3.674404235631344959e-05 9.999999991825997414e-01 -1.687234303244625300e-05 -7.459759376079025178e-04 -3.652612415389125129e-05 1.687368515003468477e-05 9.999999991905604846e-01 -2.593819523039199437e-03
9.999999967630867070e-01 -6.511507927882817439e-05 4.726365419143642595e-05 8.531317460664332702e-04 6.511522208114399089e-05 9.999999978754441354e-01 -3.019865615074688378e-06 -1.197787695476369924e-03 -4.726345745223320947e-05 3.022943188638687683e-06 9.999999988785136518e-01 -3.636624531085150876e-03
9.999999849768482774e-01 -1.724590354116225784e-04 1.744087973495610255e-05 -1.430097010805381945e-03 1.724599202878151886e-04 9.999999838411596231e-01 -5.074698366948711723e-05 1.196644141095256969e-03 -1.743212767727801978e-05 5.074999075983631917e-05 9.999999985602796571e-01 -2.094050704103982336e-04
9.999999833201123067e-01 -1.779549649229964284e-04 -4.113156552911981364e-05 -2.969113394370800126e-03 1.779554723541791129e-04 9.999999840898677883e-01 1.233345207866209322e-05 1.216247051192751805e-03 4.112937007567912519e-05 -1.234077146011390040e-05 9.999999990780401582e-01 1.620114943818696130e-03
9.999999969850997816e-01 -6.094207685799105470e-05 -4.812342065826387795e-05 -3.442919097872481292e-04 6.094228969186119119e-05 9.999999981332451382e-01 4.421213127146961900e-06 6.297070338427990591e-03 4.812315113051904893e-05 -4.424145865260164856e-06 9.999999988322946232e-01 8.176795359740620913e-04
9.999999978786734411e-01 -6.266883038545656686e-05 -1.775586832922530770e-05 6.360124427077323145e-03 6.266900595373113927e-05 9.999999979874163447e-01 9.887517531692121582e-06 5.361967104442668525e-03 1.775524865433101407e-05 -9.888630253335503839e-06 9.999999997934830853e-01 -1.598933180446165904e-03
9.999999988182664001e-01 3.475946279400686284e-05 -3.398892393445841482e-05 2.557884131008414386e-02 -3.475772653684836260e-05 9.999999980912502862e-01 5.108228460282245915e-05 -6.080024579764574952e-04 3.399069946235315476e-05 -5.108110316473340985e-05 9.999999981176765917e-01 -7.199663835313032311e-04
9.999999771362039214e-01 1.556307357187526564e-04 1.466515110239691828e-04 3.922122831480572697e-02 -1.556199734669509716e-04 9.999999851977895426e-01 -7.339512638462766889e-05 -8.703469910126875042e-03 -1.466629313907200690e-04 7.337230280228201570e-05 9.999999865532447352e-01 2.518230558412334376e-03
9.999999807834764054e-01 3.780617850285282239e-05 1.923635613695590747e-04 2.964109170928598894e-02 -3.776547635089971280e-05 9.999999769019417561e-01 -2.115889523732384530e-04 -7.769961255854600235e-03 -1.923715562960369777e-04 2.115816836057067291e-04 9.999999591131869536e-01 3.947142243181302190e-03
9.999999885793091625e-01 -1.462396314545216943e-04 3.814907353943232583e-05 -3.651444870824627903e-03 1.462396378900116662e-04 9.999999893069703161e-01 -1.659038185556647069e-07 -5.342386872906637781e-03 -3.814904886978987800e-05 1.714827233611745067e-07 9.999999992723103137e-01 2.981109081680036882e-03
9.999999712954065201e-01 -2.348747927013311858e-04 4.736050897575283443e-05 -3.290452425172373657e-02 2.348719330097586127e-04 9.999999705948431350e-01 6.037787616026163320e-05 1.980173495213115743e-03 -4.737468882425652212e-05 -6.036675077284777834e-05 9.999999970557471585e-01 6.195697239875416198e-04
9.999999883141441614e-01 -2.627711763313496905e-05 1.506028708598805251e-04 -4.465566958970947076e-02 2.628942758613028567e-05 9.999999963140101533e-01 -8.173644079800021067e-05 -4.387189364331352086e-03 -1.506007225066901113e-04 8.174039910610764604e-05 9.999999853189646126e-01 -2.179631806339782287e-03
9.999999818374473159e-01 -5.111350287935920236e-06 1.905229094754130469e-04 -6.328984068651306860e-02 5.143527279419038558e-06 9.999999857252487301e-01 -1.688876740093027135e-04 -3.376861345695533496e-03 -1.905220435116847504e-04 1.688886509016536614e-04 9.999999675889867934e-01 -2.799012648504123259e-03
9.999999784632865873e-01 -4.143272284847742380e-06 2.075000230721373560e-04 -7.801582021751496399e-02 4.152853538940316999e-06 9.999999989253437471e-01 -4.617430381209868364e-05 -6.842249756101152942e-03 -2.074998315364329584e-04 4.617516453486109534e-05 9.999999774058367930e-01 -2.117643086450700547e-03
9.999999830301850023e-01 -1.256095560092823128e-04 1.347659791125618758e-04 -9.064492668517716567e-02 1.256167163130410800e-04 9.999999906991278165e-01 -5.312424093913003809e-05 -3.506370783260855887e-03 -1.347593049468029998e-04 5.314116889738834903e-05 9.999999895079728640e-01 3.749528101845254688e-03
9.999999702346352715e-01 -2.033559114992336287e-04 1.348224826307201833e-04 -1.244646598652640046e-01 2.033535029058113985e-04 9.999999791638577440e-01 1.787839174658135188e-05 -9.202134228074046463e-03 -1.348261154981895168e-04 -1.785097459031108577e-05 9.999999907516305964e-01 4.741035108256854216e-03
9.999999516429702862e-01 -1.041199264261916173e-04 2.930411198911932343e-04 -1.557041104261618625e-01 1.041883133899607913e-04 9.999999673429569302e-01 -2.333642657593678379e-04 -2.233272867033505443e-02 -2.930168124511554526e-04 2.333947859346004357e-04 9.999999298340083165e-01 5.267605926320119425e-03
9.999998749808437504e-01 -1.185242021394415299e-04 4.857883390205362177e-04 -1.928121652185111612e-01 1.187143654413770719e-04 9.999999163396904311e-01 -3.914428586749942648e-04 -2.756122305915078424e-02 -4.857419029268257387e-04 3.915004797915439807e-04 9.999998053910701401e-01 4.886404902363962639e-03
9.999997410040979418e-01 -5.013048984737673332e-04 5.164156618301763780e-04 -2.339431975638470995e-01 5.014899829663257763e-04 9.999998100518774358e-01 -3.583350473455401849e-04 -2.273039148416883953e-02 -5.162359286234618518e-04 3.585939318196862315e-04 9.999998024554095366e-01 8.303387148266779677e-03
9.999992327864998254e-01 -1.107623062738751982e-03 5.546147877099201181e-04 -2.870002000728858471e-01 1.107777403112055999e-03 9.999993477573612122e-01 -2.780540907525245998e-04 -1.640369133739631724e-02 -5.543064468429011833e-04 2.786682671549291831e-04 9.999998075441614009e-01 1.586049911644960009e-02
9.999980222021084275e-01 -1.839488102281445049e-03 7.562244330613955567e-04 -3.608002818970704184e-01 1.839735359353100990e-03 9.999982544178629418e-01 -3.263970505614873147e-04 -4.266229063702497992e-03 -7.556227095184060065e-04 3.277876578431986542e-04 9.999996607947285732e-01 1.907949630337763339e-02
9.999962970311673249e-01 -2.579118983588658907e-03 8.683715921387731790e-04 -4.518281664339309778e-01 2.579339321024100035e-03 9.999966415669877540e-01 -2.527121138585592341e-04 1.177940338225465407e-02 -8.677169011607159662e-04 2.549510030663418368e-04 9.999995910335991445e-01 1.640404861296261910e-02
9.999962494585320494e-01 -2.506220042583465809e-03 1.104504399083074823e-03 -5.335376405597553884e-01 2.506935444536143205e-03 9.999966484531728206e-01 -6.468053017808084301e-04 -4.678864789895637206e-03 -1.102879660873887918e-03 6.495717971374099457e-04 9.999991808561314865e-01 2.101378639144896310e-02
9.999960981603732701e-01 -2.495452776702259366e-03 1.255539512924932089e-03 -6.242503409861334118e-01 2.496267318375808720e-03 9.999966746198400980e-01 -6.476100191120402532e-04 -2.467248701241771952e-02 -1.253919257558332341e-03 6.507416544946491603e-04 9.999990021103993820e-01 2.204122031887705696e-02
9.999937747322537041e-01 -3.204111902029050784e-03 1.477891625953081092e-03 -7.271196249541201917e-01 3.205271560441571178e-03 9.999945565806199754e-01 -7.829708507440161615e-04 -1.993659030521964873e-02 -1.475374854947352063e-03 7.877030205389151359e-04 9.999986013955163289e-01 2.323837097987051931e-02
9.999883659592539997e-01 -4.572305272774728618e-03 1.536870402347095821e-03 -8.436856183386007846e-01 4.573459715491907246e-03 9.999892615557378628e-01 -7.484914434317882503e-04 3.021460322579167489e-03 -1.533431567376511906e-03 7.555115503249037546e-04 9.999985388938953390e-01 2.721293161867508262e-02
9.999862827797212361e-01 -5.012974116880856458e-03 1.518006224880928462e-03 -9.347868980708046172e-01 5.013994878860597929e-03 9.999872058119946283e-01 -6.693785731400792201e-04 -1.530436210158088233e-03 -1.514631225762348276e-03 6.769806665643730197e-04 9.999986237937665834e-01 3.186891539918453725e-02
9.999845529484118201e-01 -5.307192544453078614e-03 1.651536212457477282e-03 -1.024281212642639716e+00 5.308431481690961164e-03 9.999856313973313204e-01 -7.466954430598997687e-04 -9.453834919046869359e-03 -1.647549625701463186e-03 7.554509756402321904e-04 9.999983574356781091e-01 3.291757100243156153e-02
9.999789928735609568e-01 -6.146965352751923052e-03 2.056362937502996622e-03 -1.169816609890958148e+00 6.149298053604389247e-03 9.999804544380496152e-01 -1.129989079493026608e-03 -2.842259653952526957e-02 -2.049376741013177357e-03 1.142610530278650050e-03 9.999972472442858473e-01 4.004276173700278135e-02
9.999729394650097580e-01 -7.022410332285072485e-03 2.192279825355700120e-03 -1.328516095157376009e+00 7.024782490958501532e-03 9.999747467583538496e-01 -1.076232558820882030e-03 -3.638645689323341537e-02 -2.184666716542509827e-03 1.091603724324506641e-03 9.999970178118765540e-01 3.923614233763814130e-02
9.999591059054203646e-01 -8.817252394246079608e-03 2.010616086812084223e-03 -1.526426081749217012e+00 8.819613619041708971e-03 9.999604236679243696e-01 -1.168551871387542079e-03 -1.814887725516003622e-02 -2.000233097216362263e-03 1.186236941538704659e-03 9.999972959510816661e-01 5.043092235988962113e-02
9.999515637452552896e-01 -9.687061460086894213e-03 1.740977796294487269e-03 -1.702972985932465821e+00 9.688792439908224322e-03 9.999525738721908308e-01 -9.885886087149246999e-04 -1.177807435351473260e-02 -1.731318709847644126e-03 1.005408697696021569e-03 9.999979958424294324e-01 6.117246115996106265e-02
9.999451798697919225e-01 -1.034235300146679921e-02 1.634927999239449859e-03 -1.853935596015669596e+00 1.034402788648211384e-02 9.999459795730841760e-01 -1.019324633824643866e-03 -2.483051752245900995e-02 -1.624297464544848793e-03 1.036180495132017028e-03 9.999981439921417081e-01 6.389730192498177530e-02
9.999361215892570431e-01 -1.116370522949922291e-02 1.767604758806167083e-03 -2.022845860453259537e+00 1.116586606097176061e-02 9.999369187571170992e-01 -1.217350250008982556e-03 -1.153564031148195633e-02 -1.753903116748898325e-03 1.237009325595260674e-03 9.999976968132403554e-01 5.074775946778692370e-02
9.999342709226836101e-01 -1.127391654727406822e-02 2.086298158529489768e-03 -2.207168886537721697e+00 1.127679042259797752e-02 9.999354752317827222e-01 -1.370901438398626319e-03 -1.332551272693244075e-02 -2.070708112213334208e-03 1.394338077404777857e-03 9.999968839897651618e-01 4.404429259423797705e-02
9.999354419533019733e-01 -1.118511787444449561e-02 2.001265546944537739e-03 -2.408791438952650132e+00 1.118783827794130048e-02 9.999364983434677612e-01 -1.353349648416412362e-03 -3.581078704773809490e-02 -1.986001087924270554e-03 1.375652114097042356e-03 9.999970816862115974e-01 5.371524252868560556e-02
9.999361517721085946e-01 -1.113941147173503829e-02 1.898918442164578479e-03 -2.604224441315160732e+00 1.114219830429119193e-02 9.999368529707886033e-01 -1.463382323069402444e-03 -4.383427301678283206e-02 -1.882497313269107606e-03 1.484447014547620554e-03 9.999971263063341942e-01 7.528055827509938513e-02
9.999252142457764059e-01 -1.210873614386907306e-02 1.715932555861479766e-03 -2.821398527771043607e+00 1.211026078764322438e-02 9.999262800517147998e-01 -8.809345008710321419e-04 -2.891813320295517215e-02 -1.705139053971122540e-03 9.016490102654526858e-04 9.999981397632041746e-01 7.762602020293203620e-02
9.999173345028390392e-01 -1.275417621666731505e-02 1.629463031685071932e-03 -3.042977627232650306e+00 1.275575588173947020e-02 9.999181785525440569e-01 -9.627523295564650039e-04 -2.715143204604031704e-02 -1.617050593797073445e-03 9.834577758069929475e-04 9.999982089774862581e-01 8.172597896573433052e-02
9.999102335848707446e-01 -1.329571247842319462e-02 1.657951127236548944e-03 -3.285183205079850843e+00 1.329694295318114249e-02 9.999113228105842577e-01 -7.333643620465245087e-04 -3.632135888710708721e-02 -1.648053503090704097e-03 7.553442121147866967e-04 9.999983566860358719e-01 7.349207394693758888e-02
9.999036990460259400e-01 -1.374811263771861213e-02 1.892625946943898721e-03 -3.511621948892283740e+00 1.375021852716818739e-02 9.999048515875752496e-01 -1.104202012419080612e-03 -5.724463184039595143e-02 -1.877265172948200172e-03 1.130119697072572149e-03 9.999975993495887616e-01 7.861223906946145090e-02
9.998939171050178487e-01 -1.432232666334744796e-02 2.650565096703401055e-03 -3.742012896479745443e+00 1.432577142893040265e-02 9.998965548607083864e-01 -1.285243421423795098e-03 -5.599850777719486694e-02 -2.631883232504221831e-03 1.323078468813767856e-03 9.999956613175957632e-01 8.284554026491351697e-02
9.998823213316484493e-01 -1.500048595508705028e-02 3.213862091776109337e-03 -3.989367517315892453e+00 1.500438549598191555e-02 9.998867165326932316e-01 -1.192693320710417736e-03 -6.547882529651109784e-02 -3.195607034928864536e-03 1.240774991904616646e-03 9.999941242692867993e-01 8.678512383272649067e-02
9.998774874199684026e-01 -1.530185381487995586e-02 3.295970351604511194e-03 -4.270995157477190496e+00 1.530550668976729187e-02 9.998822741848034656e-01 -1.085926330227758412e-03 -6.872433834753209625e-02 -3.278965644849131562e-03 1.136239786857075416e-03 9.999939786535949615e-01 9.046973488081315462e-02
9.998684015670082914e-01 -1.593891123212421573e-02 3.021697630477929251e-03 -4.557241024775101401e+00 1.594236665197427613e-02 9.998722818447352001e-01 -1.122917688968611081e-03 -5.477792858243175911e-02 -3.003413619465343954e-03 1.170942926296845120e-03 9.999948041861486114e-01 1.023047914862286467e-01
9.998598954125642591e-01 -1.639799666751465962e-02 3.360840797780596714e-03 -4.840590581681162519e+00 1.640271806004715838e-02 9.998645111312498557e-01 -1.382107271250382439e-03 -7.447267104955200556e-02 -3.337721650834744262e-03 1.437040555732050978e-03 9.999933972425131268e-01 1.165881741972780855e-01
9.998497907494852122e-01 -1.693935992500768609e-02 3.667972674600110394e-03 -5.151838802972432241e+00 1.694570478759782270e-02 9.998549563443488442e-01 -1.705685461013672520e-03 -1.014008227716243909e-01 -3.638547438491594819e-03 1.767585633391708776e-03 9.999918182733128491e-01 1.298907481593957469e-01
9.998333986200624857e-01 -1.789899638077652871e-02 3.577839070746701225e-03 -5.455390882453349022e+00 1.790574252647093162e-02 9.998379446460885500e-01 -1.862479653797705862e-03 -1.023088993057546942e-01 -3.543922746187258381e-03 1.926233227319216037e-03 9.999918650854731084e-01 1.314291654468890125e-01
9.998116320237732113e-01 -1.911352981748037916e-02 3.372454280686663572e-03 -5.771111257949243623e+00 1.912110246108823797e-02 9.998146933007564519e-01 -2.227667072741761848e-03 -7.926276858559937188e-02 -3.329250761297291011e-03 2.291732495449907980e-03 9.999918319924105958e-01 1.356567098224971679e-01
9.998013073506042403e-01 -1.951157490272191833e-02 4.079738329614353461e-03 -6.090163471830151387e+00 1.952199173017676523e-02 9.998062285563596996e-01 -2.529264477133029952e-03 -8.144080700605853262e-02 -4.029597859534174951e-03 2.608406548805062772e-03 9.999884792118189925e-01 1.588093435788625052e-01
9.997882686690222620e-01 -1.993122745919188518e-02 5.115076125423299869e-03 -6.445074589409712118e+00 1.994421447621617244e-02 9.997979671452459360e-01 -2.500640150143142431e-03 -1.099099315246707675e-01 -5.064201884365304891e-03 2.602126861583472714e-03 9.999837912661737604e-01 1.738664238328794798e-01
9.997767118891107696e-01 -2.032962188948166452e-02 5.764792973614818461e-03 -6.787408069198239247e+00 2.034931499968566093e-02 9.997872237076264046e-01 -3.378267313321520974e-03 -1.312089016648071704e-01 -5.694887465218168715e-03 3.494822574523112971e-03 9.999776769868070625e-01 1.767556138803043353e-01
9.997421933701017283e-01 -2.200755398038669458e-02 5.586981594597146238e-03 -7.136194629894295538e+00 2.203001302929882138e-02 9.997493450773545787e-01 -3.990682063203107414e-03 -1.164842303006627111e-01 -5.497756039233226387e-03 4.112734516232826286e-03 9.999764297688881198e-01 1.738738054347975515e-01
9.997342142696091782e-01 -2.269059999342588896e-02 4.078908023666396980e-03 -7.482215924081669911e+00 2.270116287097100061e-02 9.997390119662999952e-01 -2.562256222951752281e-03 -1.288394060829197718e-01 -4.019704346445991498e-03 2.654171167191048206e-03 9.999883986088949905e-01 1.646841435636223483e-01
9.997202456901930212e-01 -2.347273279140080215e-02 2.908809454660847213e-03 -7.872286665468122280e+00 2.347639703319245180e-02 9.997236322593550106e-01 -1.232024554051166024e-03 -1.343873633938500733e-01 -2.879086570414208374e-03 1.299968255523903989e-03 9.999950104590795696e-01 1.951084639853574720e-01
9.996925597567627442e-01 -2.457692964640004890e-02 3.280319516011051453e-03 -8.282267324482276649e+00 2.458165488160824960e-02 9.996968339146619087e-01 -1.408014304765868325e-03 -1.368294992272381105e-01 -3.244720365875368613e-03 1.488217106749517441e-03 9.999936284794970209e-01 2.143310927855170134e-01
9.996705614315806177e-01 -2.535127127073179276e-02 4.010193514781074109e-03 -8.681269346874199044e+00 2.536046024460260687e-02 9.996758230856550576e-01 -2.257386586276411648e-03 -1.490081120841107998e-01 -3.951665882909922295e-03 2.358343269275827922e-03 9.999894112208258523e-01 2.181848465973280915e-01
9.996467971206888237e-01 -2.620306832303753372e-02 4.436239038450856022e-03 -9.073021523271803446e+00 2.621482968198700705e-02 9.996529142737722307e-01 -2.614132494423053628e-03 -1.937071910098608074e-01 -4.366200990845635344e-03 2.729504426120694504e-03 9.999867429593730650e-01 2.061147594514659565e-01
9.996170133361934607e-01 -2.730991561949544857e-02 4.471594534865409518e-03 -9.479662123603942447e+00 2.732065477618559821e-02 9.996239391263751495e-01 -2.358420672684337447e-03 -2.047066879347760604e-01 -4.405504673551849902e-03 2.479684319605188897e-03 9.999872212654751236e-01 2.165948110090414602e-01
9.995930246175434020e-01 -2.816741409445771768e-02 4.514633892402598533e-03 -9.886947894526866065e+00 2.817558322509655655e-02 9.996014467223131028e-01 -1.756194916385699512e-03 -2.167791952013772283e-01 -4.463367100826806308e-03 1.882682631254166232e-03 9.999882668612832815e-01 2.479360010226177025e-01
9.995464288517962315e-01 -2.983363750607760656e-02 4.109822718450163899e-03 -1.033354662108767563e+01 2.983951938146587116e-02 9.995537534187324269e-01 -1.377356020496279957e-03 -2.280813867751150248e-01 -4.066897183880137552e-03 1.499366426206160232e-03 9.999906060796849294e-01 2.779066973298143228e-01
9.994948657272316739e-01 -3.157164109863781071e-02 3.639349288229562236e-03 -1.079100302318028426e+01 3.157855046266225263e-02 9.994995482434819722e-01 -1.856936119661689632e-03 -2.448357525810662683e-01 -3.578901448772628651e-03 1.970923492734919132e-03 9.999916534276701574e-01 2.817328287768977590e-01
9.994327555050311895e-01 -3.348177551329488411e-02 3.624628546178688612e-03 -1.122694549692663202e+01 3.348954948812122440e-02 9.994368494161625094e-01 -2.105731269068930774e-03 -2.552267126202125702e-01 -3.552083712854423644e-03 2.225923981671976224e-03 9.999912139432649560e-01 2.768307574904670387e-01
9.993608228871301291e-01 -3.546488916438473443e-02 4.493029592140462478e-03 -1.168777146499300557e+01 3.547203398464696122e-02 9.993695125415497094e-01 -1.520594442047770029e-03 -2.812702874567126199e-01 -4.436269079980969393e-03 1.678999411268886814e-03 9.999887501755341246e-01 2.695648960430417906e-01
9.993069817199805582e-01 -3.682295799779469747e-02 5.442981719141196627e-03 -1.215338369117755057e+01 3.683152686625105338e-02 9.993203894769735474e-01 -1.482499339085975197e-03 -3.133417562240741194e-01 -5.384692600593306809e-03 1.681945267364934240e-03 9.999840879462605914e-01 2.906785166123646569e-01
9.992083063144930888e-01 -3.929909024326931621e-02 6.192099657896151139e-03 -1.268454453431876772e+01 3.931328437477975279e-02 9.992245396875186758e-01 -2.187454670144053665e-03 -3.196700511645768628e-01 -6.101332951875471783e-03 2.429154650822216207e-03 9.999784362394483761e-01 3.124794141234515932e-01
9.990788629352075345e-01 -4.242797845338857482e-02 6.425906974995787557e-03 -1.320699414496427337e+01 4.244938129433731278e-02 9.990933920617254271e-01 -3.231712599108936372e-03 -3.143663303886540805e-01 -6.282966164199104038e-03 3.501511524194679103e-03 9.999741315420240806e-01 3.333191110111198285e-01
9.990048129506524655e-01 -4.424226959786478619e-02 5.657321120587412329e-03 -1.369036429122646403e+01 4.425901076920461807e-02 9.990159702282509491e-01 -2.869005862222644837e-03 -3.416575439144107218e-01 -5.524822817342101532e-03 3.116538101144986344e-03 9.999798815591746104e-01 3.382341547492193068e-01
9.989641974000543767e-01 -4.527669540945414295e-02 4.533559932802558659e-03 -1.414696961435531541e+01 4.528466724199759624e-02 9.989727249901595441e-01 -1.671418115373399889e-03 -3.889112508117555378e-01 -4.453226431066372067e-03 1.874987609122517234e-03 9.999883265297746515e-01 3.681289510214038052e-01
9.988791417539555351e-01 -4.717779339605676636e-02 3.836141180941771926e-03 -1.466073775936489554e+01 4.717773660476126674e-02 9.988865051003114059e-01 1.053439001634147524e-04 -4.218093229614519601e-01 -3.836839550059752829e-03 7.575463362890264929e-05 9.999926364346402030e-01 3.998705955197636719e-01
9.987279354424536404e-01 -5.025193481914393134e-02 4.153795106444124405e-03 -1.523063510854224845e+01 5.024984010711312787e-02 9.987364942213636798e-01 6.071899448975269249e-04 -4.280978369412640760e-01 -4.179059231857691625e-03 -3.976900201523982190e-04 9.999911886144720041e-01 4.215867088149052866e-01
9.985813019836311533e-01 -5.298016926743010641e-02 5.337133413222595879e-03 -1.579605369269303061e+01 5.297922222615545490e-02 9.985955639797675643e-01 3.187667511283124927e-04 -4.431435972277426028e-01 -5.346526067243886557e-03 -3.555734022104299386e-05 9.999857065951931467e-01 4.109872210775654122e-01
9.984579953276758735e-01 -5.519183686229159336e-02 5.957575849709175961e-03 -1.635344985501174619e+01 5.519947447825508668e-02 9.984747127757875873e-01 -1.125150937923472504e-03 -4.739660799222352172e-01 -5.886389688367012381e-03 1.452271005988414829e-03 9.999816204937777009e-01 4.011132380283288779e-01
9.983437058260631325e-01 -5.723587887484347242e-02 5.822302543442338559e-03 -1.689279171767375942e+01 5.725120793416869219e-02 9.983566718437921761e-01 -2.500994815143540648e-03 -5.262377960876976069e-01 -5.669587953432571846e-03 2.830186285572428712e-03 9.999799227074647190e-01 4.187252278071958433e-01
9.981726017229294312e-01 -6.011898832712860713e-02 6.096262149916576410e-03 -1.745985614419890553e+01 6.013717502990379576e-02 9.981860678881815385e-01 -2.845004983015674005e-03 -5.867346076185527837e-01 -5.914165122876236837e-03 3.206418009749164525e-03 9.999773705111760780e-01 4.588666558009146801e-01
9.979997199166574795e-01 -6.282975451815200896e-02 6.998642258467459472e-03 -1.802149155097925970e+01 6.283816912664083598e-02 9.980232396277323170e-01 -9.887688191969011813e-04 -6.204513765325840868e-01 -6.922683517605898902e-03 1.426572870515265207e-03 9.999750203593887887e-01 4.712715997731805606e-01
9.978248023669030742e-01 -6.552693894482405912e-02 7.203058653937894316e-03 -1.861493850162375807e+01 6.552382082594589152e-02 9.978507815818328242e-01 6.682820472742987024e-04 -6.297175886695312030e-01 -7.231368184521376648e-03 -1.948564771074209054e-04 9.999738343302454480e-01 4.984378904110240427e-01
9.977041462517417525e-01 -6.733573347870766557e-02 7.234331272992654618e-03 -1.919713993076007341e+01 6.733185222615459264e-02 9.977303317186936304e-01 7.790021186268931324e-04 -6.626564029193025007e-01 -7.270366419805090324e-03 -2.901127194647522907e-04 9.999735284529944757e-01 5.183149813223395519e-01
9.975677645269679372e-01 -6.936080852903210581e-02 6.901696665797108117e-03 -1.980480028910059431e+01 6.936711578359487651e-02 9.975909697709541835e-01 -6.784388790509334561e-04 -7.437760836036452217e-01 -6.838013200708994120e-03 1.155539547662620247e-03 9.999759528627778504e-01 5.403008854899791213e-01
9.974019715149532450e-01 -7.170836225981687406e-02 6.871535497902004144e-03 -2.038851448386325060e+01 7.173120996244787551e-02 9.974190626697240214e-01 -3.137983488201404221e-03 -8.084554118594122762e-01 -6.628780838681881671e-03 3.622734473277873339e-03 9.999714671227017959e-01 5.493177760143996835e-01
9.971956438232707498e-01 -7.452392785384645557e-02 6.857996582618385711e-03 -2.100386215209843144e+01 7.455252475995646777e-02 9.972090141306991784e-01 -4.012877819638978848e-03 -8.405305680294432591e-01 -6.539800593947507623e-03 4.512905240968366136e-03 9.999684318489645563e-01 5.389103874985302634e-01
9.970587796292023075e-01 -7.642399389244593222e-02 5.758743079290124141e-03 -2.165338709643509318e+01 7.643506501200703074e-02 9.970730652473056566e-01 -1.727250691876625922e-03 -8.794378132061100306e-01 -5.609884217712809464e-03 2.162340368609190055e-03 9.999819265782727840e-01 5.439086204779952638e-01
9.969807742769049019e-01 -7.750766499520717057e-02 4.679485998874357081e-03 -2.226966123831105548e+01 7.750874458991066640e-02 9.969916710079865796e-01 -4.952573450290540793e-05 -9.181710500121050833e-01 -4.661569941437729812e-03 4.120772902301545306e-04 9.999890499190418058e-01 5.876309205590275475e-01
9.969038987495989490e-01 -7.846118623383810387e-02 5.143822764073044569e-03 -2.290410412689652375e+01 7.846668822027039192e-02 9.969163509542945389e-01 -8.763787518221459114e-04 -9.702489243454387458e-01 -5.059199303457236237e-03 1.277284131561653557e-03 9.999863864311628880e-01 6.428490342223548426e-01
9.968276482816149642e-01 -7.935692415731651628e-02 6.092471553874758902e-03 -2.353751248452364209e+01 7.938002973593268063e-02 9.968377483144844620e-01 -3.648892219710056940e-03 -1.030460505461895382e+00 -5.783640762296809491e-03 4.120937223318558822e-03 9.999747833700278754e-01 6.392731210835242983e-01
9.967706497693876733e-01 -8.002073568859593977e-02 6.704745943619117542e-03 -2.419616925644798044e+01 8.005773207316906059e-02 9.967753627580578923e-01 -5.443871218435499156e-03 -1.099022692457168660e+00 -6.247502990258381635e-03 5.963057806033747466e-03 9.999627046285218812e-01 6.191224982921581521e-01
9.966972914416630802e-01 -8.091577097999230750e-02 6.866384752238990398e-03 -2.487981668890839870e+01 8.095534821496240541e-02 9.967014544302218448e-01 -5.695817068203919663e-03 -1.166751900770856665e+00 -6.382854239799382913e-03 6.232876013021457218e-03 9.999602044223357966e-01 6.275163372540955020e-01
9.965951572567237626e-01 -8.225452052568030248e-02 5.682111010574827578e-03 -2.555555875393116949e+01 8.227855528418535902e-02 9.966007980635783747e-01 -4.133840754792769689e-03 -1.185744336926183529e+00 -5.322769278609723598e-03 4.587281562011412579e-03 9.999753121827945623e-01 6.599424594913435582e-01
9.965113902350877240e-01 -8.333510502295640721e-02 4.506595449521538441e-03 -2.622692237429302509e+01 8.334878833799005959e-02 9.965161034714785648e-01 -2.938537835474470603e-03 -1.230867084408058476e+00 -4.246011578146303457e-03 3.303905693934189401e-03 9.999855276916980173e-01 7.133007106790252294e-01
9.964129288847184407e-01 -8.454551623555529860e-02 3.651141717402180305e-03 -2.690146403599518266e+01 8.455640986415031979e-02 9.964143569961586566e-01 -2.939850815551871190e-03 -1.276903911954753390e+00 -3.389498821790792437e-03 3.238032797136923806e-03 9.999890131603155208e-01 7.602283515786409929e-01
9.963184962758265817e-01 -8.563023550416783147e-02 4.112997225415568336e-03 -2.760818430731826822e+01 8.564177680611079202e-02 9.963222899062857962e-01 -2.716744630461983504e-03 -1.355957674132139523e+00 -3.865235331493096279e-03 3.058987315370503574e-03 9.999878512024216182e-01 7.475512545424179978e-01
9.962439655470705091e-01 -8.634910516173466277e-02 6.464762084953818919e-03 -2.832827476692724034e+01 8.637648327843001905e-02 9.962542033862841206e-01 -4.082324290376170180e-03 -1.438333517947758322e+00 -6.088041351573523531e-03 4.625394353823529189e-03 9.999707703125991776e-01 7.402196039443229569e-01
9.961442760154124443e-01 -8.728519825195839299e-02 8.824711204685387403e-03 -2.902379425595606932e+01 8.733727367076095371e-02 9.961625032238400346e-01 -5.698052173470453605e-03 -1.504166292057708132e+00 -8.293490790275494934e-03 6.446808274588810943e-03 9.999448268147509422e-01 7.566187201546697993e-01
9.960696972282653272e-01 -8.806457315370781747e-02 9.475717326263058057e-03 -2.971006866727872620e+01 8.812643208303204412e-02 9.960892424135251444e-01 -6.320847756795639275e-03 -1.553668097667491033e+00 -8.882017333170304577e-03 7.131066070728323512e-03 9.999351267281233469e-01 7.869232874435942993e-01
9.960673238276374075e-01 -8.822836321379529112e-02 8.101995276644317553e-03 -3.042086841713256717e+01 8.827842830066617852e-02 9.960775001633230818e-01 -6.044234041559323582e-03 -1.598888759453431785e+00 -7.536942325127040342e-03 6.735695435485483488e-03 9.999489111486586923e-01 8.176108773540263774e-01
9.962077463839191793e-01 -8.680679066688995471e-02 5.891276499008756169e-03 -3.117572561328238123e+01 8.684481208623773263e-02 9.962004006282703106e-01 -6.537614379865276139e-03 -1.650720002592692026e+00 -5.301382685590621049e-03 7.024448888597174985e-03 9.999612754799219738e-01 8.502969372612954047e-01
9.964826085036022629e-01 -8.369204689581370704e-02 4.248792327897883692e-03 -3.193788191083746142e+01 8.372390809067399575e-02 9.964570731637240053e-01 -7.975497226473267018e-03 -1.738072330511597263e+00 -3.566253479642178537e-03 8.303169778706610479e-03 9.999591687702777953e-01 8.690489412566435590e-01
