1.000000000000000000e+00 0.000000000000000000e+00 0.000000000000000000e+00 0.000000000000000000e+00 0.000000000000000000e+00 1.000000000000000000e+00 0.000000000000000000e+00 0.000000000000000000e+00 0.000000000000000000e+00 0.000000000000000000e+00 1.000000000000000000e+00 0.000000000000000000e+00
9.999999980950605716e-01 5.816911724554780236e-05 -2.064540375513363883e-05 1.277299859577794546e-03 -5.816505508643047629e-05 9.999999789620604984e-01 1.967046131932226175e-04 -2.697414253681759168e-03 2.065684545450445394e-05 -1.967034119774655463e-04 9.999999804405310666e-01 1.332408338960242239e-03
9.999999902811912422e-01 -1.384509808887059027e-04 -1.639949427257217821e-05 1.655990852425252326e-03 1.384547622875142926e-04 9.999999637799092955e-01 2.308039404885681742e-04 -1.098165459350397902e-03 1.636753864662739074e-05 -2.308062088335099591e-04 9.999999732302984334e-01 2.085369466844050074e-03
9.999999998268869206e-01 1.855180448520421800e-05 -1.434143445926051492e-06 -1.690443939097677466e-03 -1.855174240855358799e-05 9.999999988916519200e-01 4.327272874931589237e-05 -1.305192644166305958e-03 1.434946231539819928e-06 -4.327270213596503282e-05 9.999999990627070900e-01 -9.166080847236277344e-05
9.999999987881463825e-01 -2.604638695876074369e-05 4.177670233923304446e-05 -3.998730038096941219e-03 2.604799969882087981e-05 9.999999989156266311e-01 -3.860373479656099567e-05 2.131478911008475002e-04 -4.177569680611692882e-05 3.860482294930887587e-05 9.999999983822294158e-01 3.013292324919618435e-03
9.999999950861706566e-01 -7.660854065576028313e-05 6.291891745168467435e-05 -2.560994559155817165e-03 7.660863311133963552e-05 9.999999970644826153e-01 -1.467031332591539689e-06 -2.705264267703707702e-04 -6.291880487985561864e-05 1.471851457645616591e-06 9.999999980195287685e-01 3.273744484851043302e-03
9.999999904004459594e-01 -9.613785200283323906e-05 9.978287160537739208e-05 -1.493567138931153806e-03 9.612334811411613403e-05 9.999999848169686123e-01 1.453491121373955001e-04 -1.035896869437341909e-03 -9.979684364180235019e-05 -1.453395192784057014e-04 9.999999844585069075e-01 2.227785330878387978e-03
9.999999977812840113e-01 -5.103592002198896693e-05 4.281082607381760466e-05 -8.867809085422106389e-04 5.102830998856536829e-05 9.999999829019787789e-01 1.777418173283099902e-04 7.284980970627218501e-04 -4.281989655901091539e-05 -1.777396323698476215e-04 9.999999832875395844e-01 -9.029353718360410164e-04
9.999999957155288888e-01 -9.092902495066951067e-05 1.734515894106241320e-05 3.585266541620426173e-03 9.092862572332532066e-05 9.999999956011234037e-01 2.301604390316848594e-05 3.740957368256947555e-03 -1.734725169119353698e-05 -2.301446663309144740e-05 9.999999995847036471e-01 -1.500585188799038712e-03
9.999999993361498030e-01 3.376577291556353487e-05 1.369573002073991722e-05 3.235485816946567436e-03 -3.376566975010968048e-05 9.999999994015680294e-01 -7.532834140521008137e-06 5.131084822972128761e-04 -1.369598436451095257e-05 7.532371690023467563e-06 9.999999998778417165e-01 2.408175737259031415e-03
9.999999915404554907e-01 1.251989170124189919e-04 3.527492362668378339e-05 1.063184828837827152e-03 -1.251996986633284632e-04 9.999999919170404761e-01 2.215748964081041883e-05 -3.879428012069020566e-03 -3.527214924785126413e-05 -2.216190586317658110e-05 9.999999991323627047e-01 3.849385557242999880e-03
9.999999919737625476e-01 -1.184765523420770056e-04 4.489745354273647591e-05 5.278760547441963685e-03 1.184723263897375029e-04 9.999999885532886434e-01 9.411551716601783109e-05 -2.418728150743578408e-03 -4.490860351080399183e-05 -9.411019730485415498e-05 9.999999945632440657e-01 2.550520526510402682e-03
9.999999790532727584e-01 -1.777205064320969954e-04 1.015326329605516236e-04 1.725768419754523811e-03 1.777036954006156746e-04 9.999999705060170774e-01 1.655577287465107960e-04 -3.604456242216903241e-04 -1.015620529693464665e-04 -1.655396825545373603e-04 9.999999811408812889e-01 5.587781290634816992e-04
9.999999503781403787e-01 -3.145012827440603321e-04 1.823896663775525966e-05 -7.722492146988953199e-03 3.144990350391298401e-04 9.999999429673100959e-01 1.231086249518323914e-04 9.699734768228947257e-03 -1.827768341800214313e-05 -1.231028827055457978e-04 9.999999922558032717e-01 8.641493221438362746e-04
9.999999950416905703e-01 -8.582522065478812782e-05 5.050396287121707858e-05 -6.336722958191460565e-03 8.582102251967913204e-05 9.999999928628122703e-01 8.312116211902487563e-05 1.355331815178139124e-02 -5.051109640284074564e-05 -8.311682740514954402e-05 9.999999952701110750e-01 2.188845625213689874e-03
9.999999809883883817e-01 1.714658423723880291e-04 9.285842915853246638e-05 -5.140179113051977430e-03 -1.714770200751644159e-04 9.999999780522622617e-01 1.203790125516852845e-04 1.132193942709837538e-02 -9.283778623170889420e-05 -1.203949333498072042e-04 9.999999884431026720e-01 4.574767157911257404e-03
9.999999748252300646e-01 1.967202121434788095e-04 1.079383963282386965e-04 5.558002973267443456e-04 -1.967337238905822038e-04 9.999999728124239207e-01 1.251838380272528545e-04 6.821820746378772296e-03 -1.079137672024817012e-04 -1.252050699984389890e-04 9.999999863391545452e-01 4.817377776103704164e-03
9.999999581246258318e-01 2.753145983779474253e-04 8.917745459797981461e-05 -9.788060320950154811e-03 -2.753250948362573748e-04 9.999999551699680911e-01 1.177121659071137856e-04 3.980819525031376906e-03 -8.914504272247078520e-05 -1.177367137690172379e-04 9.999999890956137172e-01 1.462061342863193525e-03
9.999999876888814310e-01 1.500898549624651423e-04 4.577414618440101593e-05 -2.245896463751713770e-02 -1.500996286719341729e-04 9.999999659243510308e-01 2.135916625192869444e-04 3.843641943379230708e-03 -4.574208668296855942e-05 -2.135985305720797169e-04 9.999999761416643596e-01 2.549956824737269721e-03
9.999999929538716525e-01 -1.018475137006699221e-04 6.098639662348785239e-05 -2.869354520688345914e-02 1.018348388839745614e-04 9.999999732249779116e-01 2.077972788834497159e-04 1.116731406911401422e-02 -6.100755862678376783e-05 -2.077910668794091592e-04 9.999999765504749005e-01 3.071399544633084122e-03
9.999999522847888844e-01 -2.694240602182597279e-04 1.511327088622394443e-04 -3.283527439200506493e-02 2.693924544716501173e-04 9.999999418509455396e-01 2.091071761434687502e-04 1.186972718232387133e-02 -1.511890385784326631e-04 -2.090664521544843661e-04 9.999999667165460071e-01 4.040304427021150849e-03
9.999998344281919582e-01 -5.295051599175887129e-04 2.253172746549962266e-04 -3.688543372629556061e-02 5.294423494330423741e-04 9.999998209993362641e-01 2.787330158967352384e-04 9.054208263296314660e-03 -2.254648248932112275e-04 -2.786136772391446846e-04 9.999999357700137814e-01 4.313922924386519135e-03
9.999993100888978637e-01 -1.149829811143846751e-03 2.402355796770143089e-04 -5.028535697700341200e-02 1.149761021942428355e-03 9.999992980456388070e-01 2.862827660845745827e-04 8.717749698165225616e-03 -2.405645875014621887e-04 -2.860063550693194316e-04 9.999999301645196015e-01 2.600843388601498454e-03
9.999968006563932921e-01 -2.519336606330148474e-03 2.272004434996781374e-04 -7.403071497214497310e-02 2.519257293556276516e-03 9.999967658701358619e-01 3.487003837260008090e-04 1.490977306464778135e-02 -2.280782023453009632e-04 -3.481268917392717059e-04 9.999999133939966312e-01 5.651969302900448390e-03
9.999890709718813886e-01 -4.669501859381320827e-03 2.317092549125462854e-04 -1.025183146542403417e-01 4.669404943815064560e-03 9.999890113002624092e-01 4.170565839691604219e-04 1.857063309083918645e-02 -2.336541552234288330e-04 -4.159700816056107679e-04 9.999998861873069522e-01 1.140437102289726737e-02
9.999689323682777742e-01 -7.880110123369896830e-03 1.953527328771998545e-04 -1.322037921625899559e-01 7.880027698869491309e-03 9.999688642471319389e-01 4.191655593198188564e-04 3.384440540822099969e-02 -1.986497211901509894e-04 -4.176131518924691439e-04 9.999998930687661325e-01 1.123121910667817039e-02
9.999326251015019373e-01 -1.160596660839598171e-02 2.163254585304655634e-04 -1.641416358102180950e-01 1.160586589161192311e-02 9.999325433283534625e-01 4.611613562432349692e-04 4.372890891558649240e-02 -2.216630892366822612e-04 -4.586196412830207802e-04 9.999998702667413086e-01 8.161295319767366066e-03
9.998698114563969730e-01 -1.613297029072002786e-02 2.956480136405875464e-04 -1.863098492881548884e-01 1.613278292883933013e-02 9.998696625237692981e-01 6.255234405063053770e-04 4.244209704687984530e-02 -3.057010307064742210e-04 -6.206723792931900189e-04 9.999997606563100216e-01 6.972927963976176952e-03
9.997727392061189766e-01 -2.131578382395448237e-02 3.275671902352284112e-04 -2.101078777199823500e-01 2.131553614144670108e-02 9.997725228940458342e-01 7.418794223435742604e-04 3.965119176190195355e-02 -3.433064175889040306e-04 -7.347285519548773418e-04 9.999996711572751718e-01 9.122555132940657688e-03
9.996370729835847291e-01 -2.693853496941160663e-02 1.940374011998730866e-04 -2.564494090721531339e-01 2.693837614889574988e-02 9.996367923703717295e-01 7.792495973088990439e-04 3.969392105699688644e-02 -2.149587678623297751e-04 -7.737397340770286146e-04 9.999996775597240761e-01 1.128265037179885036e-02
9.994209337637569579e-01 -3.402630602647485625e-02 -8.748127169057762654e-05 -2.974799414242539908e-01 3.402638095738728941e-02 9.994203468006203073e-01 1.084343059455979402e-03 6.164149049476603387e-02 5.053437411282319351e-05 -1.086691824078924546e-03 9.999994082734031675e-01 8.928815234885641855e-03
9.990838431682602661e-01 -4.279569202814803575e-02 -5.535314757324847880e-05 -3.463221862044603694e-01 4.279572737123828186e-02 9.990831853618672431e-01 1.146492892056949183e-03 8.528369329671754706e-02 6.237442276356652783e-06 -1.147811402974034667e-03 9.999993412448218155e-01 1.458872674058452664e-03
9.986185544344179377e-01 -5.254490941529100373e-02 -1.234254930762817410e-04 -3.812380828619135742e-01 5.254502205336374770e-02 9.986177905715127867e-01 1.236532038355466195e-03 9.312428704502706545e-02 5.828142925154286617e-05 -1.241309231910020820e-03 9.999992278770347687e-01 2.813562757756484217e-03
9.980720843881412119e-01 -6.206520832715882452e-02 -1.558217495291184835e-04 -4.331188888615259414e-01 6.206536197383662190e-02 9.980711834306569274e-01 1.342999770902280265e-03 8.960984379091015140e-02 7.216763739238603878e-05 -1.350081713965156248e-03 9.999990860351811728e-01 5.070661141440372180e-03
9.973755488443830641e-01 -7.240168142083006075e-02 -1.053318675693026650e-04 -4.715570261481000225e-01 7.240175630684303476e-02 9.973747878577104986e-01 1.232164547246397939e-03 1.017169363007716515e-01 1.584456406381471913e-05 -1.236557003783564064e-03 9.999992353375707355e-01 -2.798543339015420895e-03
9.965362959222963113e-01 -8.315893007151620164e-02 -5.708616466134835364e-05 -5.134562003876818048e-01 8.315894402701873300e-02 9.965357407565946790e-01 1.052341682285829003e-03 1.060346847371021889e-01 -3.062320498079923573e-05 -1.053443907281547895e-03 9.999994446589225428e-01 -4.929675429010507356e-03
9.954932135007487082e-01 -9.483279154319697313e-02 -5.934709141950340270e-05 -5.540970981040341803e-01 9.483280143287077524e-02 9.954926596877671230e-01 1.050847357749840755e-03 1.075384775125752951e-01 -4.057519453927545987e-05 -1.051739464001363910e-03 9.999994460987233769e-01 -6.320629816225005471e-03
9.943277160053004549e-01 -1.063597309341625385e-01 2.862333102888183026e-05 -6.140471367392895674e-01 1.063596688112935229e-01 9.943273629705253747e-01 8.462259941000246661e-04 1.128977939217348236e-01 -1.184653303033532975e-04 -8.383815919292845814e-04 9.999996415410716821e-01 -2.809540812218084150e-03
9.929700385374068405e-01 -1.183659546268866353e-01 5.789893392341640571e-05 -6.745721169119686111e-01 1.183658874465172844e-01 9.929698108310539562e-01 6.866346476328535810e-04 1.179260891028471314e-01 -1.387660590122130773e-04 -6.749543738250609291e-04 9.999997625902589116e-01 -1.910742282611731105e-03
9.913824158033408551e-01 -1.309995398420662205e-01 1.618551781125646019e-04 -7.062790762141993861e-01 1.309994114131917409e-01 9.913822377616141601e-01 6.425419610887166946e-04 1.185988330414086689e-01 -2.446330499023796601e-04 -6.158018685722249077e-04 9.999997804713406380e-01 -5.973958340326217427e-04
9.896690477840969224e-01 -1.433706048309847658e-01 2.133741233697372306e-04 -7.574631400358203814e-01 1.433703900862582092e-01 9.896687706004879681e-01 8.097806079891195150e-04 1.330873175736772274e-01 -3.272684419010873078e-04 -7.708232719207864679e-04 9.999996493633637185e-01 -1.679850892932615745e-03
9.878746854349611528e-01 -1.552532951459742183e-01 1.422079236145133100e-04 -8.102417572754940789e-01 1.552530849017356995e-01 9.878742440161124572e-01 9.785898470023170030e-04 1.491336117979524534e-01 -2.924128433772928940e-04 -9.446459184386370254e-04 9.999995110692894151e-01 -6.481835511084795172e-03
9.857925275655796682e-01 -1.679672269909870674e-01 3.213297745975221098e-04 -8.601615463602789724e-01 1.679667803057200703e-01 9.857920305083914814e-01 1.110540351508683844e-03 1.528402630197929213e-01 -5.032987142678048463e-04 -1.040789652421804379e-03 9.999993317234284751e-01 -6.392980272623699153e-03
9.834915339448934146e-01 -1.809532568595514646e-01 5.670014479609282541e-04 -9.070436762220907001e-01 1.809525619722985590e-01 9.834912084701397106e-01 1.101443419264393295e-03 1.428822302661379162e-01 -7.569507132218246392e-04 -9.806599133153133963e-04 9.999992326655816610e-01 -3.252622670966012070e-03
9.809920422583258137e-01 -1.940457278983880596e-01 9.319389593055711716e-04 -9.575430640191887610e-01 1.940448437670273252e-01 9.809921889069899148e-01 9.612028416441005269e-04 1.441783380784883994e-01 -1.100742144681702639e-03 -7.620943888900962851e-04 9.999991037890351153e-01 5.609053435543987290e-03
9.783483378266246699e-01 -2.069624876742741371e-01 1.028867122851189007e-03 -1.014489704361765110e+00 2.069615419773227771e-01 9.783486131257095320e-01 9.546399161727157825e-04 1.554323052264325877e-01 -1.204165374616365802e-03 -7.210344489754714472e-04 9.999990150470519090e-01 7.793266546459458495e-03
9.755974779688065812e-01 -2.195644499672357031e-01 1.006623807136092013e-03 -1.073796340888402367e+00 2.195634707536359420e-01 9.755977063419648543e-01 9.988447899471613201e-04 1.628481787995878782e-01 -1.201370684298575268e-03 -7.534526411166939629e-04 9.999989945082927711e-01 7.302687539227852020e-03
9.724581407714899539e-01 -2.330753656384731975e-01 1.019009199617942809e-03 -1.125673928258600576e+00 2.330736612309756706e-01 9.724578367166415438e-01 1.556999928739861159e-03 1.625774703916257891e-01 -1.353841809544940574e-03 -1.276613050900707487e-03 9.999982686842378010e-01 9.244482230561894276e-03
9.689150444860529232e-01 -2.473917098273691051e-01 9.891801053755640543e-04 -1.181698091207127765e+00 2.473896136047778749e-01 9.689142903643992444e-01 1.864673733210783389e-03 1.657184959213131858e-01 -1.419735562971745921e-03 -1.561997549111506780e-03 9.999977722548124559e-01 5.943536581150472495e-03
9.654493976572976477e-01 -2.605868938696058179e-01 1.389714557625948681e-03 -1.246425674211794066e+00 2.605839903401706015e-01 9.654491646739564725e-01 1.973425639165655738e-03 1.633487691414773069e-01 -1.855947616388029095e-03 -1.543105229793955476e-03 9.999970871381050896e-01 9.519890458876825029e-03
9.621061303859814728e-01 -2.726679236269819451e-01 1.999324551687981129e-03 -1.288551273054833191e+00 2.726624734864801503e-01 9.621061648186565174e-01 2.627388469666788132e-03 1.562888933260144220e-01 -2.639967035237820048e-03 -1.982685776006366460e-03 9.999945497507306547e-01 1.474936499833339083e-02
9.582920912119139434e-01 -2.857847838093059978e-01 1.823530576877817290e-03 -1.315416671538593985e+00 2.857786035064212027e-01 9.582908200101962759e-01 3.048616424750607169e-03 1.642573113909660543e-01 -2.618720797694761536e-03 -2.400338987265846890e-03 9.999936903171589009e-01 8.330496965712357038e-03
9.537795546714655792e-01 -3.004870329778249749e-01 3.479095124357018363e-03 -1.387245957943087582e+00 3.004587911710177028e-01 9.537698242624677025e-01 6.901965980241835108e-03 1.512210374596594797e-01 -5.392207224467156224e-03 -5.537629323559371645e-03 9.999701289352214140e-01 -1.488113816285878063e-02
9.490049841964054433e-01 -3.152398917333799067e-01 3.653851434773086083e-03 -1.478825515721023942e+00 3.151967734127090748e-01 9.489817770553999887e-01 9.196784600751529634e-03 1.439318903372380776e-01 -6.366631809503512165e-03 -7.576112241924076555e-03 9.999510330624694632e-01 -3.776840176998168264e-02
9.443892399863341724e-01 -3.288156836852487164e-01 3.034725792675713966e-03 -1.544790074327951901e+00 3.287815473304332992e-01 9.443686823210505343e-01 8.395593261283374950e-03 1.418739675819586654e-01 -5.626502736187028245e-03 -6.930946097418295981e-03 9.999601514326230678e-01 -3.643492329094669829e-02
9.397956599059971161e-01 -3.417226269997142851e-01 3.124710909102235059e-03 -1.594605595278133725e+00 3.416986767775797573e-01 9.397880024777086616e-01 6.365900361242340585e-03 1.394803308831185640e-01 -5.111938018247657624e-03 -4.914935947936868374e-03 9.999748554310379234e-01 -1.431137254501925124e-02
9.349273417450445489e-01 -3.548184776031325649e-01 3.835832235632801422e-03 -1.634781170438645015e+00 3.547954700388520344e-01 9.349272017638590171e-01 5.594804903695085874e-03 1.357039408064204533e-01 -5.571364056911413606e-03 -3.869800175162266265e-03 9.999769920098909859e-01 1.136818779664964217e-02
9.297710861875984056e-01 -3.681151308752361184e-01 4.120401708727226310e-03 -1.684494471599540244e+00 3.680869742093679231e-01 9.297701954894549425e-01 6.273993695635417603e-03 1.184055860295901152e-01 -6.140578712597636116e-03 -4.316711735632575674e-03 9.999718292496373451e-01 5.347046936672564428e-03
9.242619348167830928e-01 -3.817400894929978139e-01 3.792086841668783348e-03 -1.753659572899823216e+00 3.817075001333704587e-01 9.242548756069146609e-01 7.232514001358815621e-03 1.100595800209320241e-01 -6.265795294275273639e-03 -5.237269395863334426e-03 9.999666548533533428e-01 -1.735989701553473930e-02
9.184558260637262217e-01 -3.955084975547426551e-01 3.453104630401155131e-03 -1.829797436771060326e+00 3.954758033005812412e-01 9.184455851285471262e-01 7.523042046986542879e-03 9.488412188505720990e-02 -6.146915759823686799e-03 -5.543962470188319204e-03 9.999657393664899141e-01 -2.730945613370389796e-02
9.126113787320700999e-01 -4.088117217711449980e-01 3.667090299157350821e-03 -1.887140711507966584e+00 4.087801423960952807e-01 9.126049463691986441e-01 7.141921667189544791e-03 8.320074541817720770e-02 -6.266306039311906294e-03 -5.018765284821413535e-03 9.999677721825026566e-01 -2.117877661088564401e-02
9.067608330065052291e-01 -4.216290901402430791e-01 3.701631107966579619e-03 -1.932984814175917831e+00 4.215992448214025412e-01 9.067565739407927872e-01 6.825861204177125635e-03 7.695318562273997798e-02 -6.234459990393220914e-03 -4.628818711760317173e-03 9.999698523185395205e-01 -4.569172669197395231e-03
9.005628695822729401e-01 -4.347096045697367295e-01 3.752016066741511134e-03 -1.991717193435271982e+00 4.346784394355737158e-01 9.005586185549622202e-01 6.987763321143138258e-03 7.187146731074750550e-02 -6.416558236021802086e-03 -4.661999699822020650e-03 9.999685462749329234e-01 -2.753558273792539447e-04
8.943387475315763835e-01 -4.473789041017646184e-01 3.212604606105246268e-03 -2.064182193362496420e+00 4.473455529624673632e-01 8.943276799755391915e-01 7.743195352941351084e-03 6.242523474736885042e-02 -6.337263475301614137e-03 -5.487895249873970052e-03 9.999648604312908473e-01 -3.278061239171536825e-03
8.883453337083244694e-01 -4.591678846388982937e-01 2.724297135964674071e-03 -2.113233224492530038e+00 4.591332274671731661e-01 8.883279622977011680e-01 8.373221338949047785e-03 4.669634651414213133e-02 -6.264783653303479354e-03 -6.187496767947318378e-03 9.999612329333192884e-01 -1.873756684764154440e-02
8.823639248172255867e-01 -4.705598961175170292e-01 2.699693873950772833e-03 -2.157789231454700918e+00 4.705243866457442525e-01 8.823460849371228543e-01 8.496350262179703031e-03 3.350660735406814361e-02 -6.380106016958518762e-03 -6.226601159786787978e-03 9.999602610530127222e-01 -2.394769372918919420e-02
8.761260618630979380e-01 -4.820724866763766436e-01 3.039952946014362178e-03 -2.195506509914223248e+00 4.820366455625169633e-01 8.761126528573200956e-01 8.203160253561915527e-03 3.142023717344779449e-02 -6.617859102133474662e-03 -5.721633767020437890e-03 9.999617326917767945e-01 -1.073787110853242216e-02
8.699528577764243931e-01 -4.931331713432641761e-01 1.304058114918532889e-03 -2.247255979926947145e+00 4.930864901226500452e-01 8.699014738675828751e-01 1.171063711045558335e-02 1.698501198000632430e-03 -6.909305692905695628e-03 -9.544688781822345536e-03 9.999305777957288033e-01 -4.004850317542963615e-04
8.636232078237043863e-01 -5.041376549470434343e-01 -4.239962152998192572e-04 -2.304670632551619303e+00 5.040908116672982997e-01 8.635308645809430805e-01 1.438400183166863196e-02 -1.277640060130392184e-02 -6.885383133794501648e-03 -1.263609039952205346e-02 9.998964549984743488e-01 -2.614727116938119628e-02
8.569545819528148201e-01 -5.153915890837347247e-01 -5.952913734265973325e-04 -2.358764591811619571e+00 5.153477150679727226e-01 8.568653587675716388e-01 1.408863081851851988e-02 -2.144564825274230049e-02 -6.751077269307916538e-03 -1.238009878246614827e-02 9.999005731120670371e-01 -4.302521874859406570e-02
8.499781414989029393e-01 -5.268177947220209489e-01 4.124782392870587314e-04 -2.413282945554406922e+00 5.267728897172514468e-01 8.499154108770382576e-01 1.241438732487381257e-02 -2.737351210976098070e-02 -6.890691765536527402e-03 -1.033467551218904962e-02 9.999228534487298869e-01 -2.297533281052082862e-02
8.430931675393710245e-01 -5.377667682211718647e-01 9.021337964104261635e-04 -2.463434501200172821e+00 5.377221133760355931e-01 8.430425872867277626e-01 1.158122650283503231e-02 -4.338489621809508284e-02 -6.988535958271623223e-03 -9.278955644712337525e-03 9.999325283974431766e-01 1.032578125115640386e-02
8.359310532234464075e-01 -5.488342582776054579e-01 4.808301264689795649e-04 -2.509870646231716407e+00 5.487890368764999360e-01 8.358728072262650022e-01 1.213437859337160828e-02 -6.352335695629070245e-02 -7.061675502563344135e-03 -9.879629575763050967e-03 9.999262601104854653e-01 5.582725920598455294e-03
8.285222210109682850e-01 -5.599561528239164199e-01 -1.902779311619969905e-04 -2.565785521775835409e+00 5.599105016839484028e-01 8.284502384853161816e-01 1.305497827083428389e-02 -8.505562680175829393e-02 -7.152579610286540109e-03 -1.092287820409785018e-02 9.999147620355731680e-01 -2.443082827981266775e-02
8.209240536472866001e-01 -5.710373715738428224e-01 -1.356810371994571554e-04 -2.617488440369800440e+00 5.709880433751182149e-01 8.208499694877975372e-01 1.334098626549247088e-02 -1.078434469602724405e-01 -7.506827956004306739e-03 -1.102940877467448177e-02 9.999109958771931206e-01 -4.253450425017652609e-02
8.131320470091950581e-01 -5.820790963765499759e-01 4.468647394639852660e-04 -2.668690072309716665e+00 5.820282882063588792e-01 8.130707519456675803e-01 1.261047414186216784e-02 -1.361475025323972687e-01 -7.703626043108965059e-03 -9.993892733358903865e-03 9.999203849576335790e-01 -2.658811989330183909e-02
8.051017296037603632e-01 -5.931351705034770827e-01 1.369124115949637904e-03 -2.715926045355971929e+00 5.930839458561401045e-01 8.050587097990333785e-01 1.148507485508488100e-02 -1.540554404828154145e-01 -7.914427126757122080e-03 -8.434648097403284542e-03 9.999331070400300225e-01 -7.567747438592607213e-03
7.968156164288869858e-01 -6.042190399051486915e-01 2.055536706733476163e-03 -2.765883116578878198e+00 6.041665666501966347e-01 7.967834994218879752e-01 1.090021977408316828e-02 -1.783857590531914283e-01 -8.223938057032895849e-03 -7.443578783765811106e-03 9.999384780963896935e-01 -4.878451627314525640e-03
7.882374923413406620e-01 -6.153682977877343863e-01 1.874498669341098872e-03 -2.813710191553115969e+00 6.153148778608117375e-01 7.882029471157526723e-01 1.112273532798154461e-02 -2.034081448165480921e-01 -8.322064081062712643e-03 -7.613950083128739540e-03 9.999363834832505349e-01 -1.786123569964803010e-02
7.791940121436624622e-01 -6.267815667512415256e-01 1.248607352508350520e-03 -2.862698239362127861e+00 6.267286385841921437e-01 7.791513121298851985e-01 1.159510175389905084e-02 -2.239770511283335208e-01 -8.240450100990819732e-03 -8.252295870670849423e-03 9.999319949851569467e-01 -2.636531905365374628e-02
7.700965868833078432e-01 -6.379262865476976740e-01 1.140088656577329870e-03 -2.924967388415827152e+00 6.378741260052632756e-01 7.700542357720358000e-01 1.153574196000265416e-02 -2.620797054203977128e-01 -8.236883130269974027e-03 -8.156402455181822886e-03 9.999328111704742783e-01 -3.184791793168696011e-02
7.608047742703839544e-01 -6.489791214198969982e-01 1.481691077343057781e-03 -2.975667437594747167e+00 6.489288441270915087e-01 7.607707608928574450e-01 1.091808730409131803e-02 -2.863802477028605797e-01 -8.212837954513352648e-03 -7.345020868679888286e-03 9.999392981382277945e-01 -3.278731449179560914e-02
7.516070372615568651e-01 -6.596069454181007208e-01 2.353528225336406782e-03 -3.035994200824300826e+00 6.595574197514441073e-01 7.515865744830618755e-01 1.008122550260422308e-02 -3.077065007693403631e-01 -8.418526576673617673e-03 -6.024833028362932934e-03 9.999464134628706091e-01 -3.266442079047962577e-02
7.423374018431703192e-01 -6.700168505674581887e-01 3.549898645887926592e-03 -3.090134498856495160e+00 6.699859157161154322e-01 7.423404276535032764e-01 7.040043554732098967e-03 -3.240566612475793140e-01 -7.352181089314367701e-03 -2.847705546317964680e-03 9.999689175201154079e-01 -1.840941431382510374e-02
7.323978091544535163e-01 -6.808654690894633266e-01 3.957543094102003965e-03 -3.135960968180844688e+00 6.808429466962508947e-01 7.324069459233787383e-01 5.739991041370742612e-03 -3.431766974574093632e-01 -6.806693743863616482e-03 -1.509491561400316383e-03 9.999756948823822489e-01 -9.196320653288861608e-04
7.222411152126130274e-01 -6.916319410332806283e-01 3.609659122095799054e-03 -3.194831956697038677e+00 6.916036649030453676e-01 7.222464040512557304e-01 6.671021488982074518e-03 -3.724523036495196449e-01 -7.220954861883901836e-03 -2.321632521917553569e-03 9.999712335029021792e-01 -1.262114626691516681e-02
7.122007698093069106e-01 -7.019698561657852220e-01 2.895603152614248995e-03 -3.247977213476377578e+00 7.019341970878965054e-01 7.121973970027307699e-01 7.953028423485067333e-03 -4.119152235657689287e-01 -7.645027246560983855e-03 -3.631630091505899487e-03 9.999641817691661272e-01 -3.345459363441852241e-02
7.018249014532427221e-01 -7.123445264850978287e-01 2.661444507788549713e-03 -3.288270773066348962e+00 7.123066526190402481e-01 7.018187677191450868e-01 8.345652271625309329e-03 -4.512759252320229231e-01 -7.812831420449257991e-03 -3.961421954622274151e-03 9.999616326646203479e-01 -4.600658447112910415e-02
6.911549499337630298e-01 -7.227033684598983543e-01 2.162498271440058042e-03 -3.331858566724533510e+00 7.226693906275115653e-01 6.911466322648212035e-01 8.079886079469489682e-03 -4.751688933644257484e-01 -7.333964283989136135e-03 -4.021681950671610918e-03 9.999650189092460506e-01 -2.891598758958510706e-02
6.802421277876987693e-01 -7.329873274691294238e-01 -4.747130998289162719e-04 -3.376728458840562386e+00 7.329711885312051312e-01 6.802225467585818475e-01 7.108000029652594351e-03 -4.939440432440522222e-01 -4.887163391640261811e-03 -5.183112089478842006e-03 9.999746251695846855e-01 -1.036157385915319890e-02
6.690521757224249244e-01 -7.432106243954634817e-01 -2.674686298333727417e-03 -3.430499880866277440e+00 7.432083736553110054e-01 6.690257942719665119e-01 6.767564361832498210e-03 -5.133090867706834315e-01 -3.240291609822950995e-03 -6.515702914448330378e-03 9.999735227123836001e-01 -5.216373192449151944e-03
6.579490178806304268e-01 -7.530558272457590352e-01 -3.164003969571318933e-03 -3.497151345420589141e+00 7.530548322264127847e-01 6.579176059818820921e-01 7.269346567479608758e-03 -5.541512271221438191e-01 -3.392569875931940922e-03 -7.165527913176375323e-03 9.999685723458324738e-01 -2.344703623020669842e-02
6.467542970824504689e-01 -7.626935443238138657e-01 -2.727022582151132375e-03 -3.554110940902587057e+00 7.626855456473458084e-01 6.467184718167725554e-01 8.122602513271712926e-03 -6.022952496276754442e-01 -4.431440623042113593e-03 -7.333188785011763092e-03 9.999632926644096420e-01 -3.588060278372233458e-02
6.354688246574879962e-01 -7.721219338985368941e-01 -2.663096170586299206e-03 -3.604503667275589684e+00 7.721094544594185871e-01 6.354280589859198081e-01 8.841503704976336545e-03 -6.417868644883422125e-01 -5.134512908688920046e-03 -7.674701699050495360e-03 9.999573669567223266e-01 -1.917939087760029901e-02
6.240792481097253708e-01 -7.813544542082595523e-01 -3.210758121163689513e-03 -3.647824859358799188e+00 7.813420735153080443e-01 6.240301825224150445e-01 9.533910836597023902e-03 -6.858777172164788327e-01 -5.445753721814373255e-03 -8.458616314394786645e-03 9.999493965078668500e-01 -1.759156978207172123e-02
6.126151938345321124e-01 -7.903724592761032230e-01 -3.741644147053602935e-03 -3.680529594391842796e+00 7.903605256271637458e-01 6.125578794169889152e-01 1.015302390990128686e-02 -7.272675785266544679e-01 -5.732696872505615299e-03 -9.177144545345902044e-03 9.999414563886036555e-01 -2.412912278246227143e-02
6.009779401665418241e-01 -7.992532412468623670e-01 -4.446548050498221744e-03 -3.729632913647574988e+00 7.992452053127411249e-01 6.009135450637683729e-01 1.048871505422122909e-02 -7.534555608507399471e-01 -5.711148551279799680e-03 -9.857368577833093906e-03 9.999351054278202700e-01 -3.232087879157186788e-02
5.890894398748097727e-01 -8.080535925285720067e-01 -4.798273611548474656e-03 -3.787454277201508734e+00 8.080458304819505555e-01 5.890191859420698117e-01 1.087816312049433645e-02 -7.849316572463815866e-01 -5.963863573025673590e-03 -1.028543600484213734e-02 9.999293185708041376e-01 -3.522717981619433864e-02
5.777272339097465625e-01 -8.162158656144625768e-01 -4.785803822385040207e-03 -3.844520086231093536e+00 8.162072261478593438e-01 5.776575585632455212e-01 1.084015769107866435e-02 -8.272987060500149870e-01 -6.083352941419458218e-03 -1.016886198076905751e-02 9.999297910668559775e-01 -3.234593627287770529e-02
5.669504877992973535e-01 -8.237362369341394430e-01 -5.075071006592644408e-03 -3.877440215585979288e+00 8.237305286458098674e-01 5.668806910828896317e-01 1.069103616493940860e-02 -8.762621212063916865e-01 -5.929634139922007607e-03 -1.024177909196790671e-02 9.999299702479159668e-01 -2.023228717359110834e-02
5.566064499985494685e-01 -8.307579145487307137e-01 -5.526955278978852235e-03 -3.911701492874039676e+00 8.307550608996256969e-01 5.565323329730108570e-01 1.085316291580236923e-02 -9.141906339308553120e-01 -5.940421674542001665e-03 -1.063248655119824679e-02 9.999258280592951964e-01 -1.899701698138758429e-02
5.469037311197763040e-01 -8.371748304362562898e-01 -5.883210967906152625e-03 -3.946601942985451750e+00 8.371761087265119361e-01 5.468297270242095109e-01 1.064953614783351564e-02 -9.285708864753894343e-01 -5.698408971181349175e-03 -1.074955471887389068e-02 9.999259848651514959e-01 -2.088149265137403607e-02
5.375108705183916369e-01 -8.432332297854225889e-01 -6.307476532278876585e-03 -3.981642466958149384e+00 8.432374203050920780e-01 5.374327316255749221e-01 1.080333164750758336e-02 -9.569331066019494125e-01 -5.719883895164044711e-03 -1.112560843806444100e-02 9.999217488209308780e-01 -2.928664797930182265e-02
5.290384452613132726e-01 -8.485718165163064208e-01 -6.647980874547995168e-03 -4.005523847603479126e+00 8.485789831172919628e-01 5.289581947393712236e-01 1.081377037337564150e-02 -1.000562979632481531e+00 -5.659756807062812575e-03 -1.136223711605064378e-02 9.999194301145485353e-01 -3.192946303244724449e-02
5.213149311465068436e-01 -8.533354169777924714e-01 -7.029131884513363689e-03 -4.032636392321807151e+00 8.533470970283871804e-01 5.212342931952805847e-01 1.065568348069416763e-02 -1.025155779372898257e+00 -5.429047516580799183e-03 -1.155325618833620907e-02 9.999185205378032792e-01 -3.177595752735130202e-02
5.149676332578121407e-01 -8.571800817033662367e-01 -7.116475803243143584e-03 -4.055547765940302973e+00 8.571926206449688168e-01 5.148873862997169759e-01 1.057310461770155467e-02 -1.047483536836881557e+00 -5.398871054062612425e-03 -1.154499720470351584e-02 9.999187793170428717e-01 -2.445038102958452253e-02
5.099671148449674840e-01 -8.601697006604258622e-01 -6.451964232204156213e-03 -4.069429158712877026e+00 8.601750786274173777e-01 5.098919982398613104e-01 1.043955167994066457e-02 -1.068956214479817035e+00 -5.689981108632916236e-03 -1.087364689123176964e-02 9.999246911234206392e-01 -2.448158059093404754e-02
5.063843185371487143e-01 -8.622846700888486815e-01 -6.330060776376789447e-03 -4.078487023043768644e+00 8.622902860514785051e-01 5.063134028636403494e-01 1.010943430170207005e-02 -1.083817293034910367e+00 -5.512215609607071416e-03 -1.057760891724866641e-02 9.999288623040475388e-01 -2.566684358302553232e-02
5.033482390263031014e-01 -8.640625163336409509e-01 -6.043023770935634573e-03 -4.087291045661937794e+00 8.640648588789660023e-01 5.032788654850257615e-01 1.011450476186661653e-02 -1.095338703866977070e+00 -5.698238288471533554e-03 -1.031268264234445550e-02 9.999305869194751173e-01 -3.501912433439749450e-02
5.005176617421583929e-01 -8.657054630510621074e-01 -6.010118776573872106e-03 -4.093656535466153379e+00 8.657075411180445990e-01 5.004490084829416041e-01 1.006196600023347848e-02 -1.104526568140753229e+00 -5.702940952835060077e-03 -1.023919684286111846e-02 9.999313152974566021e-01 -3.094749152718734644e-02
4.989266930635981590e-01 -8.666257618898077775e-01 -5.651882653812723145e-03 -4.111131305806679848e+00 8.666247572371973407e-01 4.988612201529625256e-01 9.950536220048411193e-03 -1.114504731883280142e+00 -5.803885956069202053e-03 -9.862649563271890310e-03 9.999345193818448552e-01 -2.896082365716393103e-02
4.981024262306801842e-01 -8.671019903695816877e-01 -5.302007187852102003e-03 -4.109511230402980608e+00 8.670981569270127531e-01 4.980400277955662758e-01 9.844641546018575301e-03 -1.123214436999168342e+00 -5.895696471817624650e-03 -9.501000500043540326e-03 9.999374839221751854e-01 -2.314786613068025439e-02
4.975830814111739109e-01 -8.674002317956717167e-01 -5.283462328454404354e-03 -4.107132772822386535e+00 8.673954374645580501e-01 4.975196026853336839e-01 9.969955340718900105e-03 -1.122126253981540867e+00 -6.019315495076501404e-03 -9.543732217683918717e-03 9.999363404818968348e-01 -2.414183767404924977e-02
4.976216206886185933e-01 -8.673776355835900453e-01 -5.362826927423626835e-03 -4.110566611365816136e+00 8.673716172260506063e-01 4.975545183762750678e-01 1.029460412151597670e-02 -1.118931495395236952e+00 -6.261010613180027599e-03 -9.774381452239357462e-03 9.999326283371934299e-01 -3.186697837589091975e-02
4.978832081353903871e-01 -8.672293426815396167e-01 -5.057494335800810821e-03 -4.104184442928184851e+00 8.672217748069113163e-01 4.978200969079802918e-01 1.007692489207096150e-02 -1.107917319995109562e+00 -6.221282630042021013e-03 -9.403100907372742220e-03 9.999364366477315746e-01 -3.952513494329455701e-02
4.975209821618824524e-01 -8.674403680748717926e-01 -4.481087234863879130e-03 -4.093738623318383674e+00 8.674305814321202623e-01 4.974658400860183516e-01 9.587718385812359773e-03 -1.093373038959412291e+00 -6.087586139797000230e-03 -8.657123173586930495e-03 9.999439961884605266e-01 -3.382281551794969615e-02
4.974495093251419253e-01 -8.674839462548242786e-01 -3.948248007996067906e-03 -4.097991590932749340e+00 8.674763179246338662e-01 4.974066632034074842e-01 8.452765273643301699e-03 -1.100883827403890569e+00 -5.368753309189005542e-03 -7.629835582044158272e-03 9.999564801014572124e-01 -2.549173820757362832e-02
4.971542440984192401e-01 -8.676529750441949185e-01 -3.996557504516058679e-03 -4.097737776933558784e+00 8.676466808931103669e-01 4.971125591462346449e-01 8.266841854678233167e-03 -1.111545805921833052e+00 -5.186011000586372884e-03 -7.577495367135540782e-03 9.999578425383056635e-01 -2.515382945273187190e-02
4.966931626389748944e-01 -8.679168341226703998e-01 -4.033761789456549035e-03 -4.107006114664908836e+00 8.679121179849247358e-01 4.966532530655113353e-01 8.006352126130829305e-03 -1.114267597948637611e+00 -4.945466875357826080e-03 -7.477651096863094024e-03 9.999598127382212098e-01 -2.943033401354996914e-02
4.964142836520309965e-01 -8.680776191522245888e-01 -3.755810597766529903e-03 -4.111611908348718813e+00 8.680719266222285402e-01 4.963773250048673091e-01 7.789828713444432381e-03 -1.104100143845670789e+00 -4.897876745426198858e-03 -7.127295982187914838e-03 9.999626055285112392e-01 -2.939712533650459120e-02
4.962945647468531840e-01 -8.681478713278415471e-01 -3.313383718923743060e-03 -4.099613667702743491e+00 8.681387901698028875e-01 4.962594085538779565e-01 7.851141589991155606e-03 -1.096122277990153604e+00 -5.171654014179161672e-03 -6.772955831285354562e-03 9.999636898728199164e-01 -2.994832847852601371e-02
4.962656388510345851e-01 -8.681659536193390148e-01 -2.879699984062876212e-03 -4.090469950968156354e+00 8.681553823274678061e-01 4.962344132572126254e-01 7.592050784746950075e-03 -1.087287177871907984e+00 -5.162153777518041324e-03 -6.267700973534453754e-03 9.999670335030468316e-01 -2.955740703782588213e-02
4.960451967398242790e-01 -8.682927104417369479e-01 -2.632828344320436564e-03 -4.085501352792115348e+00 8.682821698044785874e-01 4.960170715326582824e-01 7.289605462023658264e-03 -1.096108404065291753e+00 -5.023583479473413965e-03 -5.902011683094505849e-03 9.999699644824925349e-01 -2.740734879197503221e-02
4.959053003560482398e-01 -8.683713821213556727e-01 -3.012605421235351084e-03 -4.086080245646489750e+00 8.683649710396117438e-01 4.958777104812682190e-01 6.897341461001633978e-03 -1.100379711974900587e+00 -4.495570058587275604e-03 -6.036469208241055512e-03 9.999716750435215795e-01 -2.216561079424890154e-02
4.957500163650328528e-01 -8.684586136280518787e-01 -3.399660175873207152e-03 -4.098500792996494724e+00 8.684574569710328262e-01 4.957251570601806656e-01 6.181754529691262448e-03 -1.093485990484664327e+00 -3.683300894008618032e-03 -6.017065140163599737e-03 9.999751138011501173e-01 -2.776883710884780684e-02
4.955303361585986499e-01 -8.685822247490023740e-01 -3.821622249734578283e-03 -4.088494077224963164e+00 8.685863848311637936e-01 4.955093578504128349e-01 5.307388114770585953e-03 -1.069144433697745367e+00 -2.716253389421018939e-03 -5.949380870723715992e-03 9.999786131886919671e-01 -3.081985769396388894e-02
4.949673150380101139e-01 -8.689051744972065006e-01 -3.339876650720760998e-03 -4.052990357910881691e+00 8.689069617594513684e-01 4.949484702151774607e-01 5.167556251712691721e-03 -1.024220731213810520e+00 -2.837049527636917139e-03 -5.459813516447223521e-03 9.999810706140108696e-01 -3.459081024826396455e-02
4.934198285362145775e-01 -8.697883818645716358e-01 -2.245791776332564226e-03 -4.030210968864685661e+00 8.697829170190890524e-01 4.934021156820322940e-01 5.659461304653445012e-03 -9.837828274290475461e-01 -3.814455276575880703e-03 -4.745841748785463964e-03 9.999814632867143338e-01 -3.455717874809340062e-02
4.907625882570614273e-01 -8.712914861524677645e-01 -1.796698487292218947e-03 -4.013924058163623521e+00 8.712840562472207173e-01 4.907467978683515142e-01 5.627940240386312964e-03 -9.558243462035864724e-01 -4.021852386649898102e-03 -4.327417264789266971e-03 9.999825489293282521e-01 -2.471700564429257091e-02
4.866520626311701125e-01 -8.735942029192005354e-01 -1.714223671104140754e-03 -3.998157583430203665e+00 8.735888902219863805e-01 4.866393769729751018e-01 4.956577455565683472e-03 -9.113853679966366084e-01 -3.495828592203736439e-03 -3.909655396774322327e-03 9.999862467939908406e-01 -2.501327930964236668e-02
