9.999999999999997780e-01 -1.179437378800895267e-19 4.513296021473010816e-20 0.000000000000000000e+00 2.410750703817041256e-18 1.000000000000000000e+00 3.393380551570677611e-19 0.000000000000000000e+00 1.704598014230834765e-20 -9.899396815885539085e-19 1.000000000000000000e+00 5.551115123125782702e-17
9.999967981487570823e-01 2.512752293239349510e-03 3.127836213657762322e-04 -1.276874058959140933e-02 -2.513230515610248485e-03 9.999956797758086102e-01 1.525447343509079776e-03 -2.041907267341736693e-02 -3.089501788795222530e-04 -1.526230393872427893e-03 9.999987925722780835e-01 7.825008549181404760e-01
9.999848611455099956e-01 5.455223456989744153e-03 7.255337583611756085e-04 -1.538457970884567032e-02 -5.456664669788921333e-03 9.999831269295832437e-01 1.994929215508770004e-03 -3.260713556547534253e-02 -7.146399132147650789e-04 -1.998859747096831847e-03 9.999977550364529399e-01 1.543878620834227000e+00
9.999775278064999551e-01 6.576074732158406280e-03 1.307120279687483616e-03 -1.835682766630004903e-02 -6.578378150159498727e-03 9.999768141918857767e-01 1.762661238696027572e-03 -5.601567652417064475e-02 -1.295500487678179517e-03 -1.771222627740121416e-03 9.999976013364307859e-01 2.296559972386407189e+00
9.999625243503552641e-01 8.565555937640833770e-03 1.262254764554914801e-03 -2.100475210844925458e-02 -8.567324287602560984e-03 9.999623248195127490e-01 1.401536720433855035e-03 -6.979735937757736153e-02 -1.250204205159441070e-03 -1.412300616161845084e-03 9.999982333151539171e-01 3.023093409385493313e+00
9.999593292981124870e-01 8.897181852800088026e-03 1.483335376034120847e-03 -2.897323537311703723e-02 -8.898698630164597612e-03 9.999598996101467518e-01 1.018764256397585799e-03 -8.977391225151797050e-02 -1.474218172004922904e-03 -1.031923950493957324e-03 9.999983946524066969e-01 3.747400560853547891e+00
9.999574904854313662e-01 8.996346919624791799e-03 2.025773444911243507e-03 -2.158155283805868879e-02 -9.000162482370101247e-03 9.999577396751303526e-01 1.882024016620392716e-03 -1.093469248313036074e-01 -2.008762638321916899e-03 -1.900177605993770644e-03 9.999961910418178057e-01 4.442690037936193548e+00
9.999469858671821143e-01 9.992366602198212225e-03 2.489825197692822813e-03 -2.688789687528908220e-02 -1.000386302429522034e-02 9.999391741765487618e-01 4.648173912908204995e-03 -1.202706365887657863e-01 -2.443234871398493584e-03 -4.672836637515527004e-03 9.999861157352469831e-01 5.120249774343434979e+00
9.999511750252049191e-01 9.065766925087473047e-03 3.934634516457086520e-03 -2.906261377659703771e-02 -9.097835010121889734e-03 9.999249300923966910e-01 8.210138035106867571e-03 -1.318794043819546125e-01 -3.859913264329336603e-03 -8.245534963680006130e-03 9.999585773323742544e-01 5.780651615300606672e+00
9.999501615610776328e-01 8.452146474918769900e-03 5.315819443238604079e-03 -3.253736035257483172e-02 -8.514408349976623422e-03 9.998941372494577484e-01 1.180104904809038853e-02 -1.477319334128840700e-01 -5.215517079818052584e-03 -1.184572311047711601e-02 9.999162586575185419e-01 6.422938767951682948e+00
9.999491797107700197e-01 7.772761729143521162e-03 6.422548003202906836e-03 -2.640531734455874718e-02 -7.862724482521092281e-03 9.998696634794610461e-01 1.410271572501309821e-02 -1.604221819977993957e-01 -6.312094720702878317e-03 -1.415249833406172046e-02 9.998799506327956665e-01 7.030142579722745921e+00
9.999389204099281558e-01 7.808692066297888944e-03 7.823536671851436322e-03 -2.660415504689572427e-02 -7.918552312689407929e-03 9.998691069521887798e-01 1.411109892290957589e-02 -1.706812823321668393e-01 -7.712325586303621881e-03 -1.417218832058818496e-02 9.998698539547554720e-01 7.605536667050293964e+00
9.999209701743546619e-01 8.945927896686517791e-03 8.834712481164699871e-03 -2.447675466693834123e-02 -9.049988962185952571e-03 9.998893386770492109e-01 1.180993212126160707e-02 -1.816596604820113758e-01 -8.728086704778328930e-03 -1.188895307402877168e-02 9.998912630692363690e-01 8.159636361855495679e+00
9.999132613891318355e-01 8.852162640158221796e-03 9.753883079363210099e-03 -1.929765756270277605e-02 -8.938543953592654676e-03 9.999209332393592664e-01 8.848699891281083460e-03 -1.882066225269878879e-01 -9.674784499235505875e-03 -8.935118147998216687e-03 9.999133118394046837e-01 8.676691271324340704e+00
9.999082740388655077e-01 7.332453564635252677e-03 1.138911858271454691e-02 -1.392992711255936628e-02 -7.415418197184243769e-03 9.999461906548561263e-01 7.259757848929284871e-03 -1.941526767265411291e-01 -1.133527963382518176e-02 -7.343547189806406451e-03 9.999088236535398355e-01 9.178227735140882970e+00
9.999077050856604032e-01 3.981094835249827761e-03 1.299103833810771533e-02 2.746638294282288673e-04 -4.047916201420628801e-03 9.999787303539161565e-01 5.121660205406372568e-03 -2.122098377956498916e-01 -1.297037828628370450e-02 -5.173773760858100916e-03 9.999025322328840559e-01 9.640568587034179515e+00
9.998849703448010606e-01 2.090512256162910427e-03 1.502372167437614203e-02 1.737584899967160174e-03 -2.149407923531976902e-03 9.999901040775640571e-01 3.905303576529389926e-03 -2.335586035158824236e-01 -1.501541480529814884e-02 -3.937145718753091300e-03 9.998795472463251066e-01 1.008272422830534332e+01
9.998363522936619674e-01 5.756105126471007354e-03 1.715148587375830633e-02 7.371311039792391787e-03 -5.793465905451122312e-03 9.999809905619444494e-01 2.129587633740219216e-03 -2.347486258088569699e-01 -1.713890753457306126e-02 -2.228605076532172349e-03 9.998506709091073974e-01 1.049022988363314823e+01
9.997526251010815379e-01 9.393359756104283781e-03 2.016164200788510968e-02 6.997400230816035530e-03 -9.423724537453484137e-03 9.999546404152775958e-01 1.411797726686550352e-03 -2.407855960889900282e-01 -2.014747210045207682e-02 -1.601445324325825913e-03 9.997957737909538567e-01 1.087554639121091782e+01
9.996731139154670931e-01 1.025013591808230859e-02 2.342303808208883245e-02 1.700324278811286838e-02 -1.030384797348298312e-02 9.999445941747496791e-01 2.173794406660608993e-03 -2.415115481350839644e-01 -2.339946465926626487e-02 -2.414430233698978533e-03 9.997233184667057015e-01 1.122008246045967006e+01
9.996264436167037193e-01 6.441819406661255555e-03 2.656155867242541990e-02 3.145895931204460705e-02 -6.510106000739605304e-03 9.999757642445896710e-01 2.485371982374240656e-03 -2.580120494690602562e-01 -2.654490965738617869e-02 -2.657360629881322985e-03 9.996441288871829034e-01 1.154170913718446911e+01
9.995785300721721223e-01 1.756866960330314125e-03 2.897790146781830181e-02 4.873756970116924214e-02 -1.825008394039147807e-03 9.999956754750921606e-01 2.325364178415419494e-03 -2.712980115634850975e-01 -2.897369564275341369e-02 -2.377266152835277261e-03 9.995773876568786465e-01 1.182566171958465873e+01
9.995140897699829052e-01 -1.510839876906446694e-03 3.113435146907625461e-02 7.069595245893056656e-02 1.396967911542104862e-03 9.999923020993873868e-01 3.678934281449695171e-03 -2.798846709616104045e-01 -3.113967439903185530e-02 -3.633649752859684397e-03 9.995084801086590032e-01 1.208426183147714283e+01
9.994322941535941363e-01 -2.766641640837379061e-03 3.357802108434126270e-02 7.696699622966227117e-02 2.611869266076519060e-03 9.999858140568520515e-01 4.652321276906308707e-03 -2.841093990497203792e-01 -3.359041874889327067e-02 -4.561974488925810318e-03 9.994253157182049208e-01 1.232003449591221234e+01
9.993518279880043709e-01 -1.484461305888684461e-03 3.596911980191731806e-02 8.434961244012970094e-02 1.347375060378714663e-03 9.999917883627327253e-01 3.835178843527240963e-03 -2.874528836916178109e-01 -3.597451881513718391e-02 -3.784228828733104000e-03 9.993455888664432019e-01 1.252429750469762126e+01
9.992688103459927973e-01 -4.827250469395078197e-04 3.823182448915161263e-02 8.794236178735782838e-02 3.865064646521824011e-04 9.999967916794443301e-01 2.524097533919415944e-03 -2.945038048775273642e-01 -3.823292009141360248e-02 -2.507476213060690854e-03 9.992657553662580572e-01 1.270926842442075611e+01
9.991686179688259450e-01 1.375749654811125140e-03 4.074610755446330529e-02 9.417947220206726588e-02 -1.442081384111188174e-03 9.999977364719148110e-01 1.598616328890704354e-03 -2.994269633179523216e-01 -4.074381471383912295e-02 -1.656048190507511918e-03 9.991683004944957869e-01 1.288642757414450202e+01
9.990938107700455539e-01 3.963472156436944130e-03 4.237823720214554946e-02 9.902526698929277338e-02 -4.009351140351351608e-03 9.999915194564231724e-01 9.976985949211088917e-04 -3.051329455112303246e-01 -4.237392224268587970e-02 -1.166706334100939615e-03 9.991011881423762508e-01 1.304711571199837827e+01
9.990387765798492969e-01 4.900488275394832526e-03 4.356119555095573637e-02 1.019229782747561042e-01 -4.894053398603668940e-03 9.999880464916215406e-01 -2.543193909882005043e-04 -3.100109494545931765e-01 -4.356191962269098661e-02 4.088122968359760484e-05 9.990507770343541871e-01 1.320189797484505512e+01
9.989460365384750240e-01 4.485490277034773557e-03 4.568115300845575905e-02 1.087442936479277728e-01 -4.406735348958207982e-03 9.999886818521473986e-01 -1.824531498817172142e-03 -3.183543917359396569e-01 -4.568881913958314916e-02 1.621300679597819207e-03 9.989544542751703782e-01 1.335381190633304982e+01
9.988814221441201235e-01 3.349860599201534821e-03 4.716733510721562994e-02 1.170103725983055176e-01 -3.206549212294861322e-03 9.999900693989473011e-01 -3.113643445070926000e-03 -3.229454464229039590e-01 -4.717729738929005850e-02 2.958914301693155689e-03 9.988821990164520326e-01 1.350225426096154813e+01
9.988185889005549711e-01 2.436537948447303672e-03 4.853418590157274753e-02 1.297730112522677837e-01 -2.228945200555865289e-03 9.999881966676763545e-01 -4.330857145178664686e-03 -3.297476073935513008e-01 -4.854416567384206571e-02 4.217559694592062751e-03 9.988121829535794305e-01 1.364155634492563252e+01
9.987461963822094058e-01 3.017291800456138075e-03 4.997009620907181399e-02 1.359243063080312619e-01 -2.742407583254338147e-03 9.999807944493402934e-01 -5.568583138875887566e-03 -3.302857810217038614e-01 -4.998593912930331812e-02 5.424560969803537101e-03 9.987352412602462648e-01 1.376627725692828363e+01
9.986764345042397073e-01 3.716965246701409327e-03 5.129956222374434244e-02 1.406064436929695405e-01 -3.333866604692803208e-03 9.999659929863882191e-01 -7.551349110283134790e-03 -3.323693874315701846e-01 -5.132588358745658608e-02 7.370325364099065621e-03 9.986548146778359003e-01 1.389468635203546221e+01
9.986316435935970182e-01 4.070904418450690086e-03 5.213783885897659703e-02 1.460293724474418242e-01 -3.570339964261790705e-03 9.999467396661188001e-01 -9.690179565631867886e-03 -3.364575373015347148e-01 -5.217450728643390628e-02 9.490766735141662261e-03 9.985929407819731374e-01 1.401611196190361497e+01
9.985948953343517509e-01 3.311382268367090570e-03 5.289005254575567666e-02 1.553017153164841790e-01 -2.693739789802693414e-03 9.999274652776701799e-01 -1.174471470961201310e-02 -3.408032885874382467e-01 -5.292510537066546367e-02 1.158573741083439648e-02 9.985313318090792700e-01 1.413943283713622989e+01
9.986250457688784499e-01 2.362513899388249319e-03 5.236916605273794767e-02 1.656598708098557526e-01 -1.657352007537549752e-03 9.999075037311321301e-01 -1.350437936409684681e-02 -3.468676945163877146e-01 -5.239622456423118774e-02 1.339901611287293293e-02 9.985365407978549213e-01 1.426479744643362224e+01
9.987256541887259420e-01 1.981488860808228517e-03 5.043051184582056368e-02 1.703762000836073764e-01 -1.244737570462911167e-03 9.998921747697757656e-01 -1.463629417089403438e-02 -3.506602020013468990e-01 -5.045407453613614396e-02 1.455486803586103321e-02 9.986203813236677052e-01 1.439019103008019584e+01
9.988697977505561765e-01 1.823916186209194193e-03 4.749630976447602460e-02 1.713609157698817997e-01 -1.080659454636725492e-03 9.998767070920420164e-01 -1.566954806560686905e-02 -3.530556823103088160e-01 -4.751903307892785949e-02 1.560050858825199650e-02 9.987485636601526329e-01 1.451392192135267756e+01
9.990490389372184143e-01 2.570785341405959403e-03 4.352601095862486391e-02 1.727660611773782218e-01 -1.839504035336131209e-03 9.998566959678460986e-01 -1.683260326396922302e-02 -3.560383639138949841e-01 -4.356304696532618120e-02 1.673652586324742703e-02 9.989105481903380879e-01 1.464457058936210032e+01
9.992759768567339718e-01 2.876523033217089857e-03 3.793889123700743687e-02 1.726020397539322626e-01 -2.198899206626020366e-03 9.998376022530178764e-01 -1.789043114544962287e-02 -3.590555085382069467e-01 -3.798419382643627301e-02 1.779404837729012603e-02 9.991199692866837845e-01 1.477208091600304307e+01
9.995105251195774976e-01 2.524096257441245383e-03 3.118424860861166575e-02 1.695901443179812229e-01 -1.947868524533763164e-03 9.998271294639672346e-01 -1.849462078880617644e-02 -3.633521940178405796e-01 -3.122554285740661642e-02 1.842481907467039340e-02 9.993426032381228508e-01 1.489157887163172944e+01
9.997076825444697334e-01 2.666370335958370870e-03 2.403250323828669613e-02 1.665450056877921525e-01 -2.203417343180435941e-03 9.998119670203865494e-01 -1.926940197416986827e-02 -3.659419656707042501e-01 -2.407936800549934780e-02 1.921080853642196176e-02 9.995255269062974790e-01 1.502059985064182612e+01
9.998714953744921585e-01 2.444371785563369433e-03 1.584755494650870108e-02 1.629309368213906206e-01 -2.121602751044730523e-03 9.997906965012611780e-01 -2.035181568067297164e-02 -3.670704556961693621e-01 -1.589399127259112990e-02 2.031557051345808662e-02 9.996673520077494768e-01 1.515016308891516417e+01
9.999801471359253124e-01 1.771609929258001872e-03 6.057978108422214236e-03 1.544809000218564099e-01 -1.640011398826143581e-03 9.997641380056139226e-01 -2.165902300459244048e-02 -3.725537372402992764e-01 -6.094928309280926715e-03 2.164865054840604472e-02 9.997471424646953153e-01 1.529370511500158614e+01
9.999773023208033962e-01 3.407113119097704705e-04 -6.739009337339864174e-03 1.435781211313800210e-01 -4.967275373512937539e-04 9.997316305504927447e-01 -2.316365274048750797e-02 -3.758447702266991541e-01 6.729298517182943050e-03 2.316646733778983391e-02 9.997090554421438346e-01 1.543937479316045547e+01
9.997424270288727266e-01 -3.552798325110345136e-04 -2.269569128703742555e-02 1.239703740523497022e-01 -2.111979719655797080e-04 9.996886806671081427e-01 -2.495259201521663264e-02 -3.838735484610493187e-01 2.269747768942638119e-02 2.495095093857536972e-02 9.994310602153478884e-01 1.559312239687120538e+01
9.991192583597180432e-01 1.328397370603012946e-04 -4.196237197781746420e-02 9.968359037172540293e-02 -1.227183068537964113e-03 9.996598365863423874e-01 -2.605456269858815940e-02 -3.876003938593059472e-01 4.194462008589430052e-02 2.608310199480694258e-02 9.987795047639649315e-01 1.576944626507550851e+01
9.979781015069137950e-01 8.455940194749985133e-04 -6.355434940359572238e-02 6.309673028791604188e-02 -2.486364364827196687e-03 9.996655908298959226e-01 -2.574218687585918056e-02 -3.923595929248746561e-01 6.351130775795144068e-02 2.584814756706185074e-02 9.976464181383387642e-01 1.595795190201351943e+01
9.961953064736340790e-01 1.314589888441448353e-03 -8.713986969731120358e-02 2.335792858844162184e-02 -3.445527408857380122e-03 9.996986404412087079e-01 -2.430831178340142271e-02 -3.984954404107514114e-01 8.708162756690972228e-02 2.451605624365370273e-02 9.958995700555695052e-01 1.616337872870519377e+01
9.935067778726085486e-01 2.567124866578948412e-03 -1.137447704106287760e-01 -2.613796702469561861e-02 -5.185674075463058905e-03 9.997282292601692433e-01 -2.273135263664280772e-02 -4.089500449738132648e-01 1.136554722216281260e-01 2.317358255982184326e-02 9.932500313579435414e-01 1.639568885731041448e+01
9.896204319763066692e-01 3.405078136008006257e-03 -1.436662513781996053e-01 -8.843911478257174275e-02 -6.451195449522818988e-03 9.997641124419495151e-01 -2.074221911361974133e-02 -4.137744117459796755e-01 1.435616963120452949e-01 2.145372896123160997e-02 9.894089073490995867e-01 1.662175424530659029e+01
9.842322633967135470e-01 3.921058597977963855e-03 -1.768379739365623926e-01 -1.605863977712437551e-01 -7.146797585749900712e-03 9.998194946844534137e-01 -1.760795138353053388e-02 -4.244449877562990747e-01 1.767369684150505715e-01 1.859412403965832877e-02 9.840825750878808842e-01 1.688050622629327435e+01
9.769723070264573206e-01 4.798687520262670016e-03 -2.133126434594496690e-01 -2.475928422588912492e-01 -7.903484815787410397e-03 9.998749193890120734e-01 -1.370473681371029394e-02 -4.294268604522046839e-01 2.132201467328090072e-01 1.507504559653621672e-02 9.768879813788869937e-01 1.714473122075697020e+01
9.674791370038293703e-01 6.077115626333352491e-03 -2.528782362537284056e-01 -3.521588908694802678e-01 -8.442247517769852980e-03 9.999302452482060621e-01 -8.268802368912727199e-03 -4.421969644395583043e-01 2.528102879030598160e-01 1.013473683875818106e-02 9.674629040082749487e-01 1.739445442592509394e+01
9.557033556396492546e-01 1.029324625723336203e-02 -2.941519505173694760e-01 -4.797817809249653176e-01 -1.191850779350468910e-02 9.999220738340534043e-01 -3.733124493564696916e-03 -4.374587095126398206e-01 2.940905358939882031e-01 7.073593060740865010e-03 9.557515109624813432e-01 1.768687343339437135e+01
9.416936474995621920e-01 1.399878609201647348e-02 -3.361805185462284351e-01 -6.216634663941139616e-01 -1.468620842770211425e-02 9.998920986716680614e-01 4.978731877456344908e-04 -4.454896148221783592e-01 3.361511390464158588e-01 4.468353203974482699e-03 9.417975769107094219e-01 1.796541033257057762e+01
9.252155898934886213e-01 1.665475507138775360e-02 -3.790764759409304685e-01 -7.764565042932272121e-01 -1.558846045642749839e-02 9.998612618909314964e-01 5.882104530277680252e-03 -4.457133539873258665e-01 3.791217654587427655e-01 4.669825525149353426e-04 9.253468004003457814e-01 1.823568296871748373e+01
9.061108453281184749e-01 1.997808231901059689e-02 -4.225686596819620555e-01 -9.585985789442172944e-01 -1.587060078552888359e-02 9.997865088512823961e-01 1.323643968827399944e-02 -4.542190548605184452e-01 4.227427923383627051e-01 -5.287284997265745412e-03 9.062344153043327966e-01 1.854047500833300788e+01
8.845794515478269116e-01 2.434051747498928650e-02 -4.657542323312928723e-01 -1.167077824920184748e+00 -1.709766523038803304e-02 9.996584215421222552e-01 1.977002256149095957e-02 -4.548899698256000934e-01 4.660762532438189054e-01 -9.524869698714548069e-03 8.846934175207951112e-01 1.883285268736451457e+01
8.600983214847190972e-01 2.938594566820855805e-02 -5.092814836619882213e-01 -1.380975869289166935e+00 -1.969832043476313702e-02 9.995081372893824811e-01 2.440499165054995159e-02 -4.566700196830786873e-01 5.097480426833083111e-01 -1.095872571331152866e-02 8.602540799411334538e-01 1.910338602314366696e+01
8.324261144779877553e-01 3.323673355065894647e-02 -5.531386641570147367e-01 -1.630139758132285399e+00 -2.137363625260738087e-02 9.993826797016598373e-01 2.788496628136289193e-02 -4.581029295866241302e-01 5.537238893076074087e-01 -1.138961238492002329e-02 8.326225877522839269e-01 1.940191884672405820e+01
8.021665032221151348e-01 3.698519616036107654e-02 -5.959541168571333980e-01 -1.884423897339655873e+00 -2.409138012642506738e-02 9.992718908179235582e-01 2.958780981544619632e-02 -4.447905821101271751e-01 5.966143837981571219e-01 -9.377015016024363089e-03 8.024734220053327816e-01 1.966108625439338198e+01
7.687328160786325304e-01 4.007016089077392040e-02 -6.383138513150653504e-01 -2.187186524573939028e+00 -2.501327781392623587e-02 9.991555668151026470e-01 3.259807585649001499e-02 -4.421941148320970849e-01 6.390809157880119606e-01 -9.092910612258140943e-03 7.690859201761924835e-01 1.995315898449859304e+01
7.323020004648144177e-01 4.407724155003622801e-02 -6.795523003626433578e-01 -2.500801225837023356e+00 -2.635758474808171103e-02 9.989899725135933384e-01 3.639310425692053597e-02 -4.250724262744508541e-01 6.804699016966360148e-01 -8.739407289307653606e-03 7.327240889214160502e-01 2.021977269738745520e+01
6.940384509870775043e-01 4.545168498034544285e-02 -7.185020092164592365e-01 -2.817667015171345213e+00 -2.451171864234470352e-02 9.989184213246963262e-01 3.951340203288936093e-02 -4.117365270849264181e-01 7.195206964918757775e-01 -9.812123252386442326e-03 6.944018592656819866e-01 2.046985940117987823e+01
6.535338229387716025e-01 4.594805623471086981e-02 -7.555016197397133038e-01 -3.195252631461716231e+00 -2.232705250429401281e-02 9.988917038208212640e-01 4.143691756414334681e-02 -4.047667496262117304e-01 7.565680896959230406e-01 -1.021232127648772671e-02 6.538353634533393688e-01 2.074202098207938150e+01
6.112732433160479317e-01 4.508363774024083670e-02 -7.901347190276516441e-01 -3.577212414352493930e+00 -1.780876581021540242e-02 9.989069882376898635e-01 4.321838886834510063e-02 -3.879842169534859497e-01 7.912193719013660420e-01 -1.234693866334577415e-02 6.114079656893175452e-01 2.098984395138932157e+01
5.671490942239058031e-01 4.535777771363998928e-02 -8.223654730580989280e-01 -3.967798350166209076e+00 -1.315235221559466622e-02 9.988539413400229217e-01 4.602146316404824578e-02 -3.863125167581091257e-01 8.235102553259795455e-01 -1.528500898862316347e-02 5.670956405088468655e-01 2.121481798553636366e+01
5.208815240659604440e-01 4.711149675184378438e-02 -8.523281922893602980e-01 -4.428946712263043928e+00 -1.160222044164397649e-02 9.987744632007574674e-01 4.811572908103818602e-02 -3.598454279978144377e-01 8.535502608412506298e-01 -1.517371321106660183e-02 5.207897371613513515e-01 2.144781548404785454e+01
4.718259390847053814e-01 4.652555305648625739e-02 -8.804635544174769235e-01 -4.865349086732337902e+00 -1.034271602094442681e-02 9.988302090749631157e-01 4.723781966202257598e-02 -3.319682784337062431e-01 8.816311763166506665e-01 -1.318166036321404347e-02 4.717551814337113125e-01 2.164544273108732142e+01
4.200089210250378402e-01 4.598222236244126071e-02 -9.063545468320637344e-01 -5.370661853095427318e+00 -6.037231448318226834e-03 9.988351084116988687e-01 4.787638651148273805e-02 -3.161221144499364311e-01 9.075000146114270416e-01 -1.463665364642178536e-02 4.197972449127432282e-01 2.183499935175474249e+01
3.666239278518649836e-01 4.522911097856433665e-02 -9.292694201257799547e-01 -5.874521179305976837e+00 -5.480611293659737402e-04 9.988280443678813070e-01 4.839843723410761078e-02 -3.010700137868399517e-01 9.303691817139058129e-01 -1.723474529473217887e-02 3.662190367704669658e-01 2.200059984787722200e+01
3.130968099059192045e-01 4.436217515972593756e-02 -9.486847860324610915e-01 -6.380688068333818741e+00 1.614822878342860165e-03 9.988822338769232090e-01 4.724245672445783611e-02 -2.944164868420706682e-01 9.497199575312831321e-01 -1.632343693295724985e-02 3.126751964726625643e-01 2.212977070810174851e+01
2.598021930253652245e-01 4.942824392154429591e-02 -9.643962459241816054e-01 -6.965094718065198975e+00 1.892285272938910032e-03 9.986612557251439704e-01 5.169421615226969108e-02 -2.424653223281537096e-01 9.656601173700473106e-01 -1.525519704969438735e-02 2.593608479775889042e-01 2.224970371026044447e+01
2.085500907477171595e-01 5.499720883544192973e-02 -9.764643502672818443e-01 -7.552963170907038837e+00 4.934186723333853011e-03 9.983458488073183590e-01 5.728347932888273875e-02 -2.103318417236448856e-01 9.779993569799646513e-01 -1.676454399229104775e-02 2.079337508849161686e-01 2.234019649020194720e+01
1.608043957606925811e-01 5.692474378135495283e-02 -9.853435900726787988e-01 -8.122320643638831328e+00 1.052637317885222849e-02 9.981797887310395190e-01 5.938418993488485398e-02 -2.036483363476508934e-01 9.869302801015774618e-01 -1.992134513087679207e-02 1.599124901955427946e-01 2.241562789590805593e+01
1.156962585082745298e-01 5.809861214383724159e-02 -9.915842943569180834e-01 -8.773066463008438731e+00 1.310636357607151449e-02 9.981117991878361018e-01 6.001031344765384717e-02 -1.774028158522854004e-01 9.931982924620565978e-01 -1.993904793503794431e-02 1.147163461554327468e-01 2.246368624107840972e+01
7.586725663779692042e-02 5.692127626727600670e-02 -9.954921500800374412e-01 -9.392726448483763591e+00 1.347359372803222551e-02 9.982196935889605660e-01 5.810408580948734497e-02 -1.522329860712132721e-01 9.970270192735917192e-01 -1.782107149541174024e-02 7.496526561753787121e-02 2.248739493767445552e+01
3.984741108853154939e-02 5.280989048767373295e-02 -9.978095003097349203e-01 -1.007017257762244888e+01 1.010509886041034353e-02 9.985300868210480463e-01 5.325159266652276097e-02 -1.195839089568884461e-01 9.991548095163659271e-01 -1.220491983554669591e-02 3.925520259498522374e-02 2.248006479472286401e+01
1.128528002967776889e-02 5.214506751972419751e-02 -9.985760065008885134e-01 -1.072225939300745523e+01 7.691546228942937151e-03 9.986053659099634050e-01 5.223354576868943777e-02 -8.023814644259698314e-02 9.999068721874125876e-01 -8.270083014991023301e-03 1.086848020096519915e-02 2.246912194687847730e+01
-1.034229171217006943e-02 5.609476377058997959e-02 -9.983721424283376056e-01 -1.144668226142298728e+01 6.655423746512009048e-03 9.984071171097407271e-01 5.602780635707477197e-02 -4.703096669830918869e-02 9.999245106181617881e-01 -6.065156741856684956e-03 -1.069913508049195189e-02 2.243857947055353463e+01
-2.336529416547395918e-02 6.183767321313884957e-02 -9.978129540433682276e-01 -1.218154788261996835e+01 7.826963312704052905e-03 9.980659894298443691e-01 6.167009672841037432e-02 -7.654186921792496823e-03 9.996965001901690906e-01 -6.368929316246781103e-03 -2.380408887378403573e-02 2.240709341152199130e+01
-3.110484466127053788e-02 6.488222992354268637e-02 -9.974083021176924913e-01 -1.293727656440175622e+01 8.707450801369500532e-03 9.978706987494367908e-01 6.464078408699638900e-02 2.239557101989050891e-02 9.994783488207806821e-01 -6.674268280806140187e-03 -3.160355374159032338e-02 2.238714316281375361e+01
-3.561483377748202173e-02 6.232678894165719768e-02 -9.974204214060282681e-01 -1.369990570829286192e+01 9.058153254322609191e-03 9.980325493308233042e-01 6.204162311800707347e-02 5.696051053575497403e-02 9.993246918766903741e-01 -6.825212617580216773e-03 -3.610931049650713265e-02 2.235642584023478463e+01
-3.506032417520389688e-02 5.778648729972061387e-02 -9.977134079806863065e-01 -1.447502225102847007e+01 1.538404263539651720e-02 9.982399152557700495e-01 5.727639899029029341e-02 1.121546952485922982e-01 9.992669400484449627e-01 -1.334076472247762435e-02 -3.588758622484922861e-02 2.233561477863938194e+01
-3.117832893013434969e-02 5.675256382135806382e-02 -9.979016055376640493e-01 -1.529072023371034739e+01 2.719954746997790829e-02 9.980652322779849372e-01 5.591207210314524251e-02 1.171373048073404005e-01 9.991438410769122314e-01 -2.539925401989252124e-02 -3.266163177032476578e-02 2.233011922311373709e+01
-2.548622732965714552e-02 5.669579677798109590e-02 -9.980664308688151909e-01 -1.611962667660676374e+01 2.901869086931505373e-02 9.980117763601950021e-01 5.595170509423948169e-02 1.632843756355213949e-01 9.992540676179316739e-01 -2.753661086766496027e-02 -2.708077471755493057e-02 2.231553956438497366e+01
-2.072521049545752655e-02 5.489943168939541429e-02 -9.982770597977654869e-01 -1.696770021176368104e+01 2.661578130865833655e-02 9.981677481837483157e-01 5.434087511963525685e-02 2.234490908392203212e-01 9.994310373677511850e-01 -2.544372605272740562e-02 -2.214841007346696894e-02 2.229407899130739423e+01
-1.697976211405547928e-02 4.964515260706989924e-02 -9.986228658361359090e-01 -1.782326670702550686e+01 3.070931149132951135e-02 9.983213533013510776e-01 4.910803227517028524e-02 2.307525980706267021e-01 9.993842947652051834e-01 -2.983320858391810132e-02 -1.847580988355560297e-02 2.227889554992173515e+01
-1.545206348421286451e-02 3.882989859715164915e-02 -9.991266480515682558e-01 -1.869299626046641194e+01 2.786639210202350447e-02 9.988743303967202447e-01 3.838914815001673309e-02 2.501225432253565417e-01 9.994923924655582104e-01 -2.724889533872475872e-02 -1.651669854833727122e-02 2.226192247366046217e+01
-1.515417113555403948e-02 3.057933218160400340e-02 -9.994177518540676708e-01 -1.959228031965890793e+01 2.049258076008647969e-02 9.993318853065207286e-01 3.026599985151699410e-02 2.905208330752028223e-01 9.996753240940983165e-01 -2.002202499064052732e-02 -1.577067421884290402e-02 2.223516120002036445e+01
-1.574031381923696529e-02 2.739915852994850159e-02 -9.995009341704761407e-01 -2.051335270366413255e+01 1.447688948413728902e-02 9.995260398072026709e-01 2.717188421420257266e-02 3.009760022220034914e-01 9.997714813067142270e-01 -1.404200325824588209e-02 -1.612948631793031246e-02 2.221080665913194352e+01
-1.927537526369751952e-02 3.274181300870233208e-02 -9.992782547296659157e-01 -2.146870534831897714e+01 6.112646284552710613e-03 9.994489227084804028e-01 3.262951649380273211e-02 3.323993095767941441e-01 9.997957068512890455e-01 -5.479325429026135098e-03 -1.946487165606668179e-02 2.217444013629707200e+01
-2.350685379526284979e-02 4.092169289434324092e-02 -9.988861048183653724e-01 -2.244193843576426772e+01 1.253006097246868846e-03 9.991624163525791857e-01 4.090354510048558462e-02 3.712796692238247154e-01 9.997230738118754179e-01 -2.901398626330109975e-04 -2.353842041723482395e-02 2.213753489971842470e+01
-2.805154700461883963e-02 4.988076426234201721e-02 -9.983614748637361647e-01 -2.343369046347523721e+01 -3.141629573591310899e-04 9.987538136210656337e-01 4.990921463802295427e-02 3.897721216172660430e-01 9.996066138557827552e-01 1.713631856516281042e-03 -2.800089812011133730e-02 2.209166435028799214e+01
-3.045687752689364702e-02 5.942330939192387584e-02 -9.977684425226219789e-01 -2.444315838616268621e+01 -1.593342380600215168e-03 9.982271817610229858e-01 5.949928789395876605e-02 4.448980318147648938e-01 9.995349974268320503e-01 3.401902287054108399e-03 -3.030818011328983985e-02 2.205253844767883820e+01
-3.109005810291623484e-02 6.710430594570279683e-02 -9.972617716251646058e-01 -2.546238589054491896e+01 7.679964296163145935e-04 9.977451982880952697e-01 6.711291177070474734e-02 4.845005175257195429e-01 9.995164802043214891e-01 1.320606043762134751e-03 -3.107146950189499171e-02 2.202997259715725420e+01
-3.293060051043848052e-02 6.913364872269119055e-02 -9.970640607997348637e-01 -2.649029513242730971e+01 2.039040826609956909e-03 9.976074860608089567e-01 6.910399960201114855e-02 5.225244708590690568e-01 9.994557526415637216e-01 2.425352973666695315e-04 -3.299275874802688746e-02 2.199017574484604864e+01
-3.437618076010158508e-02 6.560527331399189366e-02 -9.972536569732787237e-01 -2.749558397399119869e+01 5.918780559167495297e-04 9.978443723209401428e-01 6.562374768301504346e-02 5.854682553075659657e-01 9.994089821161904474e-01 1.665593262881347484e-03 -3.434088708074970603e-02 2.195084138605315260e+01
-3.761234994817740096e-02 6.064335889321941647e-02 -9.974509140409849595e-01 -2.852831166348588710e+01 -3.258945920758897583e-03 9.981442458391037720e-01 6.080841834089021486e-02 6.364800039901017392e-01 9.992872845482398958e-01 5.537737343235254496e-03 -3.734489418155537838e-02 2.189775930050771180e+01
-4.195302009036071256e-02 5.499914764730392397e-02 -9.976049719224314716e-01 -2.954776043172455857e+01 -4.090265408614960491e-03 9.984660222735096680e-01 5.521864498496645984e-02 6.675608547714458885e-01 9.991114075297731212e-01 6.397014105020609742e-03 -4.166367932257820927e-02 2.185083237263151190e+01
-4.728089080823622697e-02 5.068949393319100577e-02 -9.975949781491967316e-01 -3.057673627946692818e+01 -2.982939652338163512e-03 9.987000750770188562e-01 5.088703908766596673e-02 7.068870099622290848e-01 9.988773776461939979e-01 5.381708858716449315e-03 -4.706820079166364884e-02 2.180086954304703184e+01
-5.424699588529493383e-02 4.800182272010022899e-02 -9.973734251674343243e-01 -3.163122520066099597e+01 -4.620043347677836067e-03 9.988212006736344462e-01 4.832280296366981559e-02 7.411948669434622605e-01 9.985170645956263913e-01 7.229233789355189559e-03 -5.396125336068773037e-02 2.174012011612690287e+01
-6.017789903844449756e-02 5.091715897070839270e-02 -9.968885229761023092e-01 -3.268100648922003870e+01 -3.345679699738065508e-03 9.986823794872989879e-01 5.121076504667716051e-02 7.769401882601738585e-01 9.981822671907516487e-01 6.416982844162217453e-03 -5.992822795405000624e-02 2.167102987613543519e+01
-6.709336102125439127e-02 5.499006205892967986e-02 -9.962305164668084911e-01 -3.374517517684677870e+01 -4.990242681425467904e-03 9.984491876695682500e-01 5.544862583119906235e-02 8.109853572859287985e-01 9.977344301602654175e-01 8.691621270045319508e-03 -6.671487090042699242e-02 2.159337023742651596e+01
-7.327588152781826236e-02 5.833698731392655823e-02 -9.956043972311379164e-01 -3.481151065101350639e+01 -7.019691526561351591e-03 9.982329682414912142e-01 5.900766984104222068e-02 8.595408161755452303e-01 9.972872135662378401e-01 1.131262683989807567e-02 -7.273686765287519507e-02 2.150333208027545240e+01
-7.714482613966405777e-02 6.020811728748542285e-02 -9.952006540677308388e-01 -3.585892236743833195e+01 -1.023245244034260565e-02 9.980747138984549238e-01 6.117520238763345108e-02 9.049364469259553179e-01 9.969676021289586298e-01 1.490264794509339220e-02 -7.638019894789062347e-02 2.141145043286414662e+01
-8.077361689747845908e-02 6.186672581192184661e-02 -9.948109497772367193e-01 -3.694484037088729167e+01 -1.424583588959486488e-02 9.978983463813778654e-01 6.321544632855541357e-02 9.487262250477742631e-01 9.966308849251620527e-01 1.927800645215246508e-02 -7.972249020323132762e-02 2.130833102393662415e+01
-8.194874602104881833e-02 6.274349985348214032e-02 -9.946599204118452553e-01 -3.799974050430319750e+01 -1.835448174415485120e-02 9.977522012369139937e-01 6.445079299598031886e-02 1.005321096540596315e+00 9.964677440812163001e-01 2.353808065001799718e-02 -8.061289183259789937e-02 2.121700352904542086e+01
-8.420573384381963011e-02 6.274959119168076194e-02 -9.944710129796963116e-01 -3.908731708273425198e+01 -1.924785612880831540e-02 9.977267005446333048e-01 6.458483601965477050e-02 1.048700041888658951e+00 9.962627039277528462e-01 2.457979620570538773e-02 -8.280648974807502949e-02 2.110922915714327530e+01
-8.565651769590502951e-02 6.196905076643492716e-02 -9.943960556579221066e-01 -4.016242403389463789e+01 -1.949804025569042490e-02 9.977685772099380568e-01 6.385879007731257162e-02 1.096172779814444498e+00 9.961341541265044119e-01 2.485864131596535881e-02 -8.425708341103183008e-02 2.101190642759326366e+01
-8.633184295992703261e-02 6.131251957898812416e-02 -9.943783576106455246e-01 -4.123518242128049849e+01 -2.084438420068985415e-02 9.977749567208644699e-01 6.333168032705824291e-02 1.142906535981594640e+00 9.960485939023719926e-01 2.619468620397253159e-02 -8.486170642523395424e-02 2.091570274645313177e+01
-8.762812731324479132e-02 6.062930350385912354e-02 -9.943068604162379476e-01 -4.232616840448787343e+01 -2.212030165952023550e-02 9.977816793043831067e-01 6.279066596352424201e-02 1.195015345258755080e+00 9.959078691496053848e-01 2.749653579514859184e-02 -8.609257887741304793e-02 2.080931270373733355e+01
-8.834820402723621291e-02 5.833511866590260220e-02 -9.943803846082746034e-01 -4.341324520344171134e+01 -2.608302653024607842e-02 9.978059881443018808e-01 6.085351902870815566e-02 1.240748290460202519e+00 9.957483435791241178e-01 3.131268473250948398e-02 -8.663278336646738909e-02 2.070438552560857559e+01
-8.807820433139060268e-02 5.338311396989910140e-02 -9.946824702479107883e-01 -4.449827969905751246e+01 -3.236784574460630642e-02 9.978823876645614988e-01 5.642102030463711643e-02 1.273930506386505401e+00 9.955877920578536378e-01 3.716512447655817564e-02 -8.616376370252290529e-02 2.059753862095563193e+01
-8.763826607911405497e-02 5.197952637819659022e-02 -9.947956629548030394e-01 -4.560418278306682538e+01 -3.508544393942696765e-02 9.978571437798723354e-01 5.523043676756602544e-02 1.318464563106700682e+00 9.955345548436874692e-01 3.974307996757802525e-02 -8.562671625643550333e-02 2.049334742426874811e+01
-8.549524441498104754e-02 5.606200734692519394e-02 -9.947604591490893933e-01 -4.670730931839582922e+01 -3.497076927098659305e-02 9.976317916779691153e-01 5.922943744852424836e-02 1.365333967472745824e+00 9.957249217315227163e-01 3.985131008124010582e-02 -8.333221182388250714e-02 2.039337477443494251e+01
-8.446379186497020297e-02 5.975250995182229685e-02 -9.946337332827033251e-01 -4.782401621551071003e+01 -3.422156702973620096e-02 9.974376780741512905e-01 6.282706109714028542e-02 1.419467453974719406e+00 9.958389764668714728e-01 3.934447355253972017e-02 -8.220251188705976486e-02 2.028948107801244660e+01
-8.228579645504253970e-02 5.944471927869519889e-02 -9.948347263130257190e-01 -4.892339057620859677e+01 -3.240467587763891377e-02 9.975322766985943446e-01 6.228622048636055925e-02 1.459367528921531765e+00 9.960820765121150000e-01 3.736250532122886714e-02 -8.015641914721258199e-02 2.020377217629981459e+01
-8.037622719698769846e-02 5.847936461726234436e-02 -9.950480339014941000e-01 -5.003096049611882279e+01 -3.226961600898221871e-02 9.976016723432119537e-01 6.123608219855931206e-02 1.503418656648931817e+00 9.962423693530954028e-01 3.703167929702060046e-02 -7.829632148480739073e-02 2.010684452921745446e+01
-7.653830327508599762e-02 5.903693458464634447e-02 -9.953176868359632223e-01 -5.114204949659662702e+01 -3.592155329238597150e-02 9.974343306596765713e-01 6.192481602016331604e-02 1.553833687718895629e+00 9.964196216097347403e-01 4.049291303666072150e-02 -7.422120289593181486e-02 2.001444099822539968e+01
-7.037038447819994602e-02 5.967667648263454833e-02 -9.957346433242642014e-01 -5.226427450657227070e+01 -4.193860148269991373e-02 9.971494211672379260e-01 6.272537315942966485e-02 1.604703823828540488e+00 9.966392046785343961e-01 4.617366106031824124e-02 -6.766700245003672010e-02 1.992765845809547542e+01
-6.533560645879286921e-02 5.961506282180525224e-02 -9.960813651990787498e-01 -5.340466855506133470e+01 -4.479795309916128482e-02 9.970322792114422183e-01 6.261041977557636751e-02 1.653564165827102084e+00 9.968575375111439207e-01 4.871302993407990861e-02 -6.247104716360547122e-02 1.983626382379692643e+01
-5.875597978563152496e-02 5.861175234092062120e-02 -9.965506463258508862e-01 -5.453019850763339349e+01 -4.670232908612052120e-02 9.970206035764483943e-01 6.139296171374595407e-02 1.701702854707798140e+00 9.971796153522359818e-01 5.014837340931751347e-02 -5.584358914017156783e-02 1.977052691147180852e+01
-5.354555718016597299e-02 5.778717588444125253e-02 -9.968923263225456521e-01 -5.566086531353717959e+01 -4.600337654849998015e-02 9.971215232661891914e-01 6.027144540346278390e-02 1.745805175501826456e+00 9.975054506129006349e-01 4.908761468297508784e-02 -5.073299540596556273e-02 1.969738965291731603e+01
-4.806631946471540823e-02 5.774679716663357054e-02 -9.971738722105302211e-01 -5.679093689944558321e+01 -4.422040847891672150e-02 9.972256872574523090e-01 5.988136138358561567e-02 1.788404084754368739e+00 9.978650955394702260e-01 4.697364650369294931e-02 -4.537935492122808362e-02 1.964132561949455180e+01
-4.202414384854877283e-02 5.852746684362452462e-02 -9.974012767848736694e-01 -5.792065855145508380e+01 -4.352325279623508320e-02 9.972280424343733518e-01 6.035111730926892570e-02 1.836567174710551864e+00 9.981684582053111932e-01 4.594628766127080433e-02 -3.936032080184850152e-02 1.959660084952013293e+01
-3.681000731430828649e-02 6.003841821410073332e-02 -9.975175254254363688e-01 -5.907395363074515160e+01 -4.143101552138139104e-02 9.972438386987360071e-01 6.155084162544402493e-02 1.879445081971356402e+00 9.984633572269770996e-01 4.359378607013498358e-02 -3.422106962680605824e-02 1.954907009410323937e+01
-3.154143155096217344e-02 6.072114435499788992e-02 -9.976566958862304046e-01 -6.021659445169329672e+01 -4.362121593402521619e-02 9.971184126108422197e-01 6.206751496296212395e-02 1.933345050605496551e+00 9.985504071639956791e-01 4.547663122992495061e-02 -2.880178255882802005e-02 1.950811872548017334e+01
-2.552679610267535523e-02 6.075381436964218812e-02 -9.978267192494767457e-01 -6.136654268301160897e+01 -4.247057377795868116e-02 9.971846266536418257e-01 6.180124000561047770e-02 1.985711842396708837e+00 9.987718608683083810e-01 4.395579571182857415e-02 -2.287465116726156156e-02 1.948002605510226815e+01
