1.000000000000000000e+00 0.000000000000000000e+00 8.809142651444723526e-20 0.000000000000000000e+00 0.000000000000000000e+00 1.000000000000000000e+00 -8.673617379884035472e-19 1.387778780781445676e-17 -2.032879073410320814e-20 0.000000000000000000e+00 1.000000000000000222e+00 0.000000000000000000e+00
9.999997355824630230e-01 -7.070985451949228159e-04 -1.698461572867588666e-04 2.894816861105424521e-02 7.072458822236339995e-04 9.999993723655540290e-01 8.689477927531687879e-04 -3.004480644436435810e-02 1.692316227739996807e-04 -8.690676936309689113e-04 9.999996080411381882e-01 1.370539141667945549e+00
9.999986333570791697e-01 -1.629517257432240920e-03 -2.792133268518020781e-04 8.971534824154078075e-03 1.629816129795146062e-03 9.999980956504518348e-01 1.073495050986723355e-03 -4.957818755130885546e-02 2.774635223905959867e-04 -1.073948659269138330e-03 9.999993848242604289e-01 2.608262870762976249e+00
9.999972510513169821e-01 -2.305990645766858339e-03 -4.246181525363510964e-04 4.216314966329391158e-03 2.306238765121012939e-03 9.999971696703924273e-01 5.847303770243148652e-04 -8.483894855315779471e-02 4.232685760624768818e-04 -5.857080446301050555e-04 9.999997388952277522e-01 3.971388437193092980e+00
9.999959849002685308e-01 -2.818191471766762213e-03 -2.966224915557922389e-04 2.113641830407843921e-03 2.818374027982880996e-03 9.999958381746747449e-01 6.167624229829775026e-04 -9.661257697483374707e-02 2.948831084407181721e-04 -6.175959437172782313e-04 9.999997658098486175e-01 5.294808648436019283e+00
9.999954066775181838e-01 -3.007318387638907228e-03 -3.777101252667751027e-04 1.358445353449996493e-03 3.007771006908316162e-03 9.999947524815260280e-01 1.203460521880912563e-03 -1.086399309907926242e-01 3.740889621806363949e-04 -1.204591068868518175e-03 9.999992045089838300e-01 6.588518773887213520e+00
9.999899898181409119e-01 -4.471147802382861511e-03 -1.706127618344341866e-04 -6.523752226563294017e-03 4.471501599693517189e-03 9.999877285458733667e-01 2.132703101644023609e-03 -1.455454509267466445e-01 1.610750426205242146e-04 -2.133444664754190895e-03 9.999977112320864725e-01 7.937242418694279600e+00
9.999917928831199010e-01 -4.044441354284575817e-03 -2.380494720914084431e-04 -1.575508136078845878e-02 4.045018294662660642e-03 9.999887559155821171e-01 2.475047774692143085e-03 -1.606598810841733393e-01 2.280366165377440183e-04 -2.475990396283631739e-03 9.999969087311013638e-01 9.302569984358051158e+00
9.999943081421550639e-01 -3.353869991615934971e-03 -3.677566693967540719e-04 -2.232271599550613578e-02 3.354399103392185534e-03 9.999933261683956465e-01 1.447625259120078819e-03 -1.882210699344189497e-01 3.628990761152364243e-04 -1.448850633382421822e-03 9.999988845678478011e-01 1.058566103407237868e+01
9.999988208277845736e-01 -1.495303934460933022e-03 -3.498734618777516511e-04 -2.896280529544821569e-02 1.495110015836809310e-03 9.999987289216871744e-01 -5.538938660934553809e-04 -2.056790512197597953e-01 3.507012625567695408e-04 5.533701194512718677e-04 9.999997853952350413e-01 1.195673259412202150e+01
9.999987060214603485e-01 1.593073872728395166e-03 -2.237582566685768898e-04 -6.186667907478664297e-02 -1.593493432670319357e-03 9.999969490546621875e-01 -1.887501890167726619e-03 -2.354175268321672676e-01 2.207506459559640914e-04 1.887856021121117264e-03 9.999981936327391185e-01 1.328743380795391893e+01
9.999913642947863002e-01 4.139913620267726344e-03 -3.639268548707175481e-04 -6.607869975850752531e-02 -4.140612790186260286e-03 9.999895423262765703e-01 -1.941796073870937986e-03 -2.571490811237558960e-01 3.558841849615615796e-04 1.943286199905645655e-03 9.999980484907553535e-01 1.460146708092800694e+01
9.999873961188932014e-01 5.019050106564160868e-03 1.293447814366888897e-04 -7.689043067479245375e-02 -5.018914066715172637e-03 9.999868728990781719e-01 -1.031765874811891789e-03 -2.832734609429382600e-01 -1.345215719414397061e-04 1.031103706290094346e-03 9.999994593642029805e-01 1.596621143309354096e+01
9.999960464074982847e-01 2.805474629811038900e-03 1.909881835090830463e-04 -7.066288263587330865e-02 -2.805689242166675701e-03 9.999954224965275085e-01 1.132739541576411983e-03 -3.086529827750511545e-01 -1.878094397101740779e-04 -1.133270928889790197e-03 9.999993402120836983e-01 1.735738032554789712e+01
9.999995078994760034e-01 -8.723536646236653216e-04 4.724427560340944878e-04 -8.238627046416653610e-02 8.709369448519164308e-04 9.999951486363360953e-01 2.990680577523287774e-03 -3.373249461231102586e-01 -4.750494005739678335e-04 -2.990267664387966096e-03 9.999954163031988807e-01 1.869249337127775590e+01
9.999969498082618147e-01 -2.464952300361436532e-03 -1.561685681288516481e-04 -8.682077052495608405e-02 2.465168060297328115e-03 9.999959861399433381e-01 1.396655153337783561e-03 -3.714286381094683565e-01 1.527252571548707064e-04 -1.397035886288595929e-03 9.999990124826401150e-01 2.004745794348191623e+01
9.999932949402215998e-01 -3.660374975147410830e-03 1.083349288236088966e-04 -9.117025917413755509e-02 3.660470567818208121e-03 9.999928995190652259e-01 -8.954664632801262111e-04 -3.901970044309455710e-01 -1.050564188186115921e-04 8.958570268425810126e-04 9.999995932014213995e-01 2.139445922561123226e+01
9.999991162829970914e-01 -1.320279441808024784e-03 1.558783758010865936e-04 -9.225693498696473094e-02 1.320593311521869179e-03 9.999970658128438661e-01 -2.030861138665247811e-03 -4.392376613530048490e-01 -1.531966186079074949e-04 2.031065215634871371e-03 9.999979256499897939e-01 2.275073612461443773e+01
9.999987838897653747e-01 8.973644699493618648e-04 1.275521890948317022e-03 -1.147924670436580863e-01 -8.962911532860544372e-04 9.999992440168251617e-01 -8.418015108223320109e-04 -4.371888669306141506e-01 -1.276276352412476821e-03 8.406572563892924718e-04 9.999988322053767753e-01 2.411178252316096504e+01
9.999983133570835570e-01 5.932260890504359452e-04 1.738208009244210850e-03 -1.001287720253983687e-01 -5.985550344296715342e-04 9.999951180595895162e-01 3.066853311521434543e-03 -4.547347454258313659e-01 -1.736380213313504705e-03 -3.067888578995800909e-03 9.999937865015751104e-01 2.550237036450838701e+01
9.999979627306391228e-01 -1.125153012541770838e-03 1.675878768534100728e-03 -1.077111491104787294e-01 1.117737923036626890e-03 9.999896115431542443e-01 4.418989086486392603e-03 -4.739269113271967204e-01 -1.680833422528308849e-03 -4.417106928812477087e-03 9.999888319197214326e-01 2.689707034664757757e+01
9.999869171250728161e-01 -4.691329685352392184e-03 2.038876105034663922e-03 -1.124760248092209064e-01 4.683655765368983578e-03 9.999819911322926913e-01 3.752435260460947660e-03 -5.217129937694950925e-01 -2.056443329762942893e-03 -3.742836803199183198e-03 9.999908810642144097e-01 2.824827419586340937e+01
9.999858809607778953e-01 -4.978734769440919250e-03 1.857441992233077425e-03 -1.079621343788574606e-01 4.976968247309590358e-03 9.999871592846232282e-01 9.544861045881038522e-04 -5.218123838223356348e-01 -1.862170305341721323e-03 -9.452282018145045581e-04 9.999978194291471167e-01 2.960142788790915702e+01
9.999840586698827138e-01 -5.120530869281571945e-03 2.379618085729332498e-03 -1.124706959615649204e-01 5.122080960549130896e-03 9.999866735540707818e-01 -6.457489918578985730e-04 -5.661344421665153170e-01 -2.376279837436814577e-03 6.579273060900716827e-04 9.999969602065916785e-01 3.100301976615072874e+01
9.999936690754248625e-01 -2.262930477632133300e-03 2.746081316255049969e-03 -1.250454012783315805e-01 2.267728398628568627e-03 9.999959056088004727e-01 -1.745327970410968238e-03 -5.740863982073423077e-01 -2.742120565727017550e-03 1.751544307681158173e-03 9.999947064176337719e-01 3.238057671508523327e+01
9.999951610970161386e-01 -8.550271482806078016e-04 2.991106275449147318e-03 -1.380739982602389171e-01 8.655775033965572643e-04 9.999934029406425395e-01 -3.527725869083621693e-03 -6.166066414978699228e-01 -2.988070296471323842e-03 3.530297868874153130e-03 9.999893041569045682e-01 3.376505759433754150e+01
9.999938031089052881e-01 -2.995932642094190079e-06 3.520474335549278466e-03 -1.365568537612501798e-01 1.555465209648193570e-05 9.999936369870346953e-01 -3.567316092024307508e-03 -6.422307295750582234e-01 -3.520441311546317412e-03 3.567348781555021789e-03 9.999874401762770537e-01 3.515968605662570212e+01
9.999953109055285116e-01 -9.488734952864735436e-04 2.911668205091564893e-03 -1.298759237602209737e-01 9.560624745259104634e-04 9.999964959121588892e-01 -2.468624444217765862e-03 -6.734339553457981964e-01 -2.909315642607880961e-03 2.471396631386077805e-03 9.999927140118535229e-01 3.656146579178780343e+01
9.999946711773646246e-01 3.657240392564101855e-04 3.244050939290758946e-03 -1.324337637111818733e-01 -3.618145308155237133e-04 9.999992077638653054e-01 -1.205637921864448348e-03 -7.044853801591501874e-01 -3.244489357338034737e-03 1.204457766280779205e-03 9.999940112649138291e-01 3.793488592246475832e+01
9.999896805357582075e-01 3.421413592293523140e-03 2.988770422223865214e-03 -1.516863522924531693e-01 -3.420270385664350710e-03 9.999940757682318493e-01 -3.875376559937162430e-04 -7.325574282231360757e-01 -2.990078695136775145e-03 3.773112576798678605e-04 9.999954585204333668e-01 3.930797090275886774e+01
9.999790794861195264e-01 5.795406755165205884e-03 2.872950317421199551e-03 -1.542840421701773268e-01 -5.793269648565938998e-03 9.999829363821961525e-01 -7.516530927022969238e-04 -7.606403799799225096e-01 -2.877257481003435251e-03 7.349935972043013938e-04 9.999955905751570784e-01 4.072194581952032166e+01
9.999646579668005630e-01 7.714639755729682524e-03 3.341727175321074130e-03 -1.666859168586866669e-01 -7.712400428015813228e-03 9.999700260956784215e-01 -6.824988991885423337e-04 -7.817268293600930784e-01 -3.346892303200833980e-03 6.567020439054212927e-04 9.999941835079343422e-01 4.214886698917031538e+01
9.999575360288568415e-01 8.765227125387332896e-03 2.845508661967773630e-03 -1.850424209605759929e-01 -8.764262827812799306e-03 9.999615314455859716e-01 -3.512022235384552188e-04 -8.050522098656198722e-01 -2.848477617137407016e-03 3.262485237809564440e-04 9.999958898581733369e-01 4.352399887800883960e+01
9.999704818958677910e-01 7.258154297056148077e-03 2.520817866011197499e-03 -1.780869125358785499e-01 -7.256725147013056570e-03 9.999735039411666859e-01 -5.756472409435831050e-04 -8.327944678614036533e-01 -2.524929255747871207e-03 5.573373688888307032e-04 9.999966570462941462e-01 4.494224542710782089e+01
9.999689219793111983e-01 7.634402703113512059e-03 1.967475284051757155e-03 -1.735499428921316034e-01 -7.632719255544612863e-03 9.999704990526392390e-01 -8.617632868627520676e-04 -8.702278645761413189e-01 -1.973996325379481602e-03 8.467193227251574791e-04 9.999976931983508566e-01 4.633964679776872231e+01
9.999765516596135217e-01 6.751178251844448114e-03 1.147916323013656748e-03 -1.897301038253586536e-01 -6.750300134370499847e-03 9.999769221848117118e-01 -7.671759325658727632e-04 -9.068381356172551255e-01 -1.153069194446525994e-03 7.594091671577268485e-04 9.999990468632462548e-01 4.779205151327881396e+01
9.999767219709759791e-01 6.816784119556669463e-03 2.948861975702224522e-04 -2.109579723297435594e-01 -6.816815597748635686e-03 9.999767596642449297e-01 1.056857196709056618e-04 -9.255284479908640893e-01 -2.941589132750624391e-04 -1.076934498532473861e-04 9.999999509361316985e-01 4.917993047761957826e+01
9.999711975839680189e-01 7.557686571953907070e-03 -6.966783548988573181e-04 -2.000021074062213466e-01 -7.557435436198528186e-03 9.999713764814950334e-01 3.624937224238162711e-04 -9.627734688626872206e-01 6.993980391168510896e-04 -3.572181892816548784e-04 9.999996916192603891e-01 5.058267371408953750e+01
9.999674413130290596e-01 7.909010981216066036e-03 -1.601200093523254134e-03 -2.255436100013963885e-01 -7.908279044089111531e-03 9.999686219039830570e-01 4.629741318447422663e-04 -9.808000699343429885e-01 1.604811545799393569e-03 -4.502963320497247249e-04 9.999986109067912077e-01 5.203443909453134353e+01
9.999687079191473815e-01 7.453899903092369925e-03 -2.650007672120764223e-03 -2.372476980700378990e-01 -7.451164548801739868e-03 9.999716982480214567e-01 1.040607434909480641e-03 -1.010076077459801214e+00 2.657689302116450752e-03 -1.020829245994369847e-03 9.999959472914418113e-01 5.344284982091721758e+01
9.999708054399055746e-01 6.787566575968049382e-03 -3.509585413167206139e-03 -2.433787270820280402e-01 -6.780075195812551928e-03 9.999747207374664049e-01 2.142073474851020898e-03 -1.046198567558640047e+00 3.524036222036771270e-03 -2.118215712446981300e-03 9.999915471325574456e-01 5.488520974007951736e+01
9.999790580868332945e-01 5.236531110746992304e-03 -3.802908649531388987e-03 -2.740046106388307479e-01 -5.226149634835126553e-03 9.999826042027621931e-01 2.734714077292602508e-03 -1.073428314842274300e+00 3.817162978311150652e-03 -2.714782269657896492e-03 9.999890295549729302e-01 5.629592020629107196e+01
9.999874525738911002e-01 2.582387441764524491e-03 -4.292546878407742759e-03 -2.812606808618249299e-01 -2.573083040583188166e-03 9.999943314961950991e-01 2.171686775549398936e-03 -1.089530788615726831e+00 4.298130758896857515e-03 -2.160614472543315179e-03 9.999884288450296976e-01 5.770425166391706995e+01
9.999896142826121270e-01 1.604392875716849354e-03 -4.265822443443194334e-03 -2.994290448439878016e-01 -1.593918251118401838e-03 9.999957094480573794e-01 2.457745405244813296e-03 -1.128017689983148664e+00 4.269747405957989399e-03 -2.450920535148960397e-03 9.999878810528263218e-01 5.918507793240540593e+01
9.999913858216773477e-01 5.698292087970412839e-04 -4.111395139285617222e-03 -3.022727554041496623e-01 -5.586042809264911424e-04 9.999961152523657582e-01 2.730831709449373784e-03 -1.146793024555211371e+00 4.112935348903787661e-03 -2.728511571934355215e-03 9.999878194228916106e-01 6.062456127137694040e+01
9.999929025686228323e-01 -1.509334180239680148e-03 -3.452060317056949556e-03 -3.154258890058513343e-01 1.521589835262783692e-03 9.999925397798334892e-01 3.550372571891293426e-03 -1.174287119549568992e+00 3.446675928376742408e-03 -3.555600028062017894e-03 9.999877389945429629e-01 6.204354839310258996e+01
9.999905001455445808e-01 -2.947347551096940986e-03 -3.211348901975906445e-03 -3.158875188265584666e-01 2.957538394485721873e-03 9.999905916413535101e-01 3.173261614209030562e-03 -1.203271479646912834e+00 3.201966042303291612e-03 -3.182729186505856792e-03 9.999898087749919950e-01 6.345527747546335462e+01
9.999873391836553438e-01 -4.203458468250277288e-03 -2.766299498208050611e-03 -3.217937072786080654e-01 4.210085413734137791e-03 9.999882715662651300e-01 2.394139205177788811e-03 -1.221250745648940539e+00 2.756203439527976119e-03 -2.405755272298309641e-03 9.999933078219791494e-01 6.486351718594708871e+01
9.999937096890316734e-01 -2.886188363796960907e-03 -2.061674416651446302e-03 -3.376193468220465843e-01 2.891209694690241583e-03 9.999928515904799031e-01 2.436733182375325733e-03 -1.262827532638319150e+00 2.054626846142540951e-03 -2.442678609951286738e-03 9.999949059036592480e-01 6.630532337676169163e+01
9.999964602408006886e-01 -1.994593023658472984e-03 -1.760995647352679933e-03 -3.409945538214250726e-01 1.998593938969957240e-03 9.999954192548249354e-01 2.273122840689853486e-03 -1.285700642184006703e+00 1.756453658449531928e-03 -2.276634330758334386e-03 9.999958658963166158e-01 6.772554896160617943e+01
9.999991498031216564e-01 1.060740633178751738e-03 -7.584321303469207217e-04 -3.553924187231611298e-01 -1.058467276654853975e-03 9.999949649903024929e-01 2.991595280037589143e-03 -1.324107064630229758e+00 7.616016341454940252e-04 -2.990789989938110426e-03 9.999952375586508291e-01 6.912011598472929563e+01
9.999920594053003375e-01 3.953071379283799522e-03 -5.043261466756802100e-04 -3.783170727795218125e-01 -3.950870246889993248e-03 9.999829787538738746e-01 4.293347547413972967e-03 -1.339696139036300915e+00 5.212894843071140278e-04 -4.291320971212689642e-03 9.999906563680526217e-01 7.054678427130112084e+01
9.999731895202262910e-01 7.312309679063979870e-03 3.877556947904052661e-04 -3.964843366132445590e-01 -7.314119843287468503e-03 9.999612823786281357e-01 4.892586971787486402e-03 -1.365453790747317431e+00 -3.519645730668657913e-04 -4.895291940607823800e-03 9.999879560467268558e-01 7.195653188732087813e+01
9.999330731621745016e-01 1.154498801073955243e-02 7.499512501226221614e-04 -4.147376055434872089e-01 -1.154836513033937438e-02 9.999224260460309877e-01 4.666602000386763267e-03 -1.395259271015308222e+00 -6.960172181954313959e-04 -4.674950440773337733e-03 9.999888301369261878e-01 7.334016034789407001e+01
9.998885466305783565e-01 1.485658950140504586e-02 1.475140035276513916e-03 -4.196326080133457870e-01 -1.486266339637028547e-02 9.998807421305720977e-01 4.195566868090482709e-03 -1.416181886908687737e+00 -1.412632320584167106e-03 -4.217023815726732988e-03 9.999901105406768798e-01 7.475310667111943985e+01
9.998558446251648579e-01 1.676141109516327693e-02 2.710172941205387775e-03 -4.419388601193822708e-01 -1.677168095915042637e-02 9.998520784860791544e-01 3.812072554762239301e-03 -1.436791984067624428e+00 -2.645876377021530879e-03 -3.856977224711970968e-03 9.999890614712847459e-01 7.616303881109742235e+01
9.998476900401017664e-01 1.732303390496498993e-02 2.123484449429721005e-03 -4.519862700588602178e-01 -1.733213632449675384e-02 9.998403429494648886e-01 4.345767416686718496e-03 -1.471686682024654358e+00 -2.047863576992412209e-03 -4.381910085543277468e-03 9.999883024901097262e-01 7.751323253175861794e+01
9.998678916962560059e-01 1.603464702039105599e-02 2.662559232349385931e-03 -4.486907629424992661e-01 -1.604545152501226507e-02 9.998629090959780807e-01 4.087362249667179925e-03 -1.500867719565562197e+00 -2.596654851523147456e-03 -4.129544287091568150e-03 9.999881020517390473e-01 7.891423001260285730e+01
9.998832280955397556e-01 1.515140351773483149e-02 1.991260281232188917e-03 -4.512936734829557373e-01 -1.515774812959930218e-02 9.998799599649902392e-01 3.210663657687939584e-03 -1.515457719928196001e+00 -1.942375221792617132e-03 -3.240471802816963492e-03 9.999928632340820966e-01 8.032217842122709328e+01
9.999063559262242329e-01 1.357608276689039641e-02 1.723174626071913122e-03 -4.602996431335161787e-01 -1.358175452813857251e-02 9.999022403320425578e-01 3.323514504901918520e-03 -1.536641804290411750e+00 -1.677885888421307495e-03 -3.346607050992110415e-03 9.999929924347874532e-01 8.170963216546678609e+01
9.999018136114564692e-01 1.389405224699152321e-02 1.821654164955993551e-03 -4.596403175791973217e-01 -1.390087455540610362e-02 9.998962050177696570e-01 3.787466692267163048e-03 -1.560712048742569191e+00 -1.768841854787969953e-03 -3.812417443789251677e-03 9.999911682961108994e-01 8.308915775930324799e+01
9.998945399062452166e-01 1.445030749094502326e-02 1.448327537142368249e-03 -4.808423746598670667e-01 -1.445510934039746440e-02 9.998898686046123752e-01 3.361622134082379188e-03 -1.591739217093782521e+00 -1.399591579859846280e-03 -3.382203389954126140e-03 9.999933008988186600e-01 8.448323520733373471e+01
9.998985266166716679e-01 1.423177725338158409e-02 6.268643493122651828e-04 -4.893245441595573952e-01 -1.423389019770255129e-02 9.998925467741965889e-01 3.505895365327864072e-03 -1.609408266968799683e+00 -5.769018769708638729e-04 -3.514462370350641095e-03 9.999936578491469552e-01 8.583218888239285604e+01
9.999022738447613801e-01 1.397682694730556507e-02 -3.017294950076215192e-04 -4.909092176590076906e-01 -1.397552948140396746e-02 9.998945635759582951e-01 3.942883887969232323e-03 -1.641210411078422471e+00 3.568066959187524059e-04 -3.938281781983278551e-03 9.999921812829662970e-01 8.722086547012662550e+01
9.999216858472205205e-01 1.244182691544340816e-02 -1.350218225093394262e-03 -4.948279819437192972e-01 -1.243501268101103452e-02 9.999104644108968154e-01 4.943039967649485479e-03 -1.665692706541273882e+00 1.411597807959539229e-03 -4.925862932233449759e-03 9.999868715484673265e-01 8.860694642852445213e+01
9.999348431955146221e-01 1.114542129094068731e-02 -2.467574236406318722e-03 -5.021585388711899967e-01 -1.113139401500049669e-02 9.999222100714066919e-01 5.627245617251449075e-03 -1.693568420393935403e+00 2.530100354945116672e-03 -5.599411484457804053e-03 9.999811224160075618e-01 8.996617430089347067e+01
9.999492290162440566e-01 9.482555203997563784e-03 -3.408887408577738684e-03 -5.243671791517129366e-01 -9.463368641020384123e-03 9.999395340043747415e-01 5.601161109539183613e-03 -1.716236663716066646e+00 3.461794670352143829e-03 -5.568617235921245745e-03 9.999785030120905693e-01 9.135541209211613989e+01
9.999629025365094348e-01 7.714330317333768783e-03 -3.831793069508827084e-03 -5.164799140950893097e-01 -7.693824028648136096e-03 9.999561552619590232e-01 5.337849643051725997e-03 -1.734428098826636955e+00 3.872803072046194714e-03 -5.308170538566626268e-03 9.999784121314871932e-01 9.272553469944355697e+01
9.999712082670366708e-01 6.212398057840006274e-03 -4.357605888859564583e-03 -5.359272763483123869e-01 -6.189668884740246943e-03 9.999672702553311643e-01 5.210223370684709428e-03 -1.762215187181427556e+00 4.389831327238338278e-03 -5.183101277803648863e-03 9.999769321589074833e-01 9.403272892900656643e+01
9.999697495194806995e-01 6.531876985587261805e-03 -4.223104346992045434e-03 -5.572532705091642891e-01 -6.510587259073968847e-03 9.999661273928844851e-01 5.035507072044199429e-03 -1.780726971344223974e+00 4.255852689836589833e-03 -5.007859910731524838e-03 9.999784042991183286e-01 9.540419575668332186e+01
9.999766070291580267e-01 5.533623931473961866e-03 -4.020495520253727917e-03 -5.673346670105875456e-01 -5.516709559519338696e-03 9.999759373425126663e-01 4.206026744419734051e-03 -1.804488144083931989e+00 4.043673420007355516e-03 -4.183748492967370204e-03 9.999830723371542218e-01 9.677002645420456872e+01
9.999673442921630517e-01 6.994171348859747062e-03 -4.048690790746985006e-03 -5.801591947587011466e-01 -6.978947381874794909e-03 9.999685694842598283e-01 3.762226653902911878e-03 -1.835450415011986358e+00 4.074877269466769397e-03 -3.733848238734023984e-03 9.999847267631244430e-01 9.812210166364872066e+01
9.999691518346275343e-01 7.090446366982012735e-03 -3.379486793215584917e-03 -6.165855603868598545e-01 -7.078160315415481935e-03 9.999683474597127475e-01 3.633694789476879950e-03 -1.844576152974358285e+00 3.405144403460352506e-03 -3.609662188659447466e-03 9.999876875923822128e-01 9.944607875502950378e+01
9.999521701168884169e-01 9.079212088616849669e-03 -3.636669297171066326e-03 -6.165400240794477460e-01 -9.061603751329879927e-03 9.999472804172209184e-01 4.829465788287174918e-03 -1.884647947224193709e+00 3.680325384879156239e-03 -4.796280793222484212e-03 9.999817252841525228e-01 1.008156198681907938e+02
9.999512979340348107e-01 9.156345315354429831e-03 -3.682808368908260799e-03 -6.385223605737063712e-01 -9.133606536899173400e-03 9.999394095647694547e-01 6.144464724347662235e-03 -1.900483697177513642e+00 3.738846136187146292e-03 -6.110528219681225087e-03 9.999743409116107484e-01 1.021546081881143948e+02
9.999571879456280454e-01 8.413675071716633300e-03 -3.851275874024895785e-03 -6.540218797814431051e-01 -8.392742746015119382e-03 9.999500944580327344e-01 5.419453588565008653e-03 -1.922600980454673758e+00 3.896681267161942672e-03 -5.386898861994119520e-03 9.999778983572219504e-01 1.034812469013842815e+02
9.999547997820306122e-01 8.958547499670925160e-03 -3.184775926871417657e-03 -6.814056721667957062e-01 -8.949020162696314992e-03 9.999554765670931600e-01 2.993315563923234796e-03 -1.944290659356685325e+00 3.211449946807510333e-03 -2.964679677936861608e-03 9.999904485889140604e-01 1.048358365209883374e+02
9.999588532087797521e-01 8.375767489615890474e-03 -3.484018825563757731e-03 -6.852228546790944952e-01 -8.368640593307087594e-03 9.999628703457832390e-01 2.055188556145532731e-03 -1.961955515457405763e+00 3.501103308281512498e-03 -2.025947518102976484e-03 9.999918188754768344e-01 1.061878428943824559e+02
9.999722096194363363e-01 6.438541897844271902e-03 -3.758343954929993947e-03 -7.025220632944343402e-01 -6.426810745506690917e-03 9.999744644461613374e-01 3.125151309362537381e-03 -1.994614249177540488e+00 3.778369468804177074e-03 -3.100910331421219152e-03 9.999880540714422006e-01 1.074896820651899532e+02
9.999850793123785664e-01 4.547559643215737246e-03 -3.026688110508905447e-03 -7.163826384130175251e-01 -4.533605863214622625e-03 9.999791371923980599e-01 4.601261260546939645e-03 -2.012078386182488465e+00 3.047549531848923066e-03 -4.587470843776639447e-03 9.999848336643578639e-01 1.088348345146384162e+02
9.999952479875846567e-01 2.006686743709766227e-03 -2.340342589312483391e-03 -7.200909197946423479e-01 -1.993916336607533604e-03 9.999831810655577247e-01 5.446272664725707036e-03 -2.046435973803811148e+00 2.351232235930180749e-03 -5.441580390244745921e-03 9.999824303029866135e-01 1.101702563955648344e+02
9.999970544986523935e-01 2.003928081132462166e-03 -1.369401536868025855e-03 -7.207480655767340982e-01 -1.997914332261924511e-03 9.999884168408156304e-01 4.378872587725356029e-03 -2.073079962754437400e+00 1.378160648310434219e-03 -4.376123785695175579e-03 9.999894750530708976e-01 1.115036969344305362e+02
9.999929601260401091e-01 3.664008207625616201e-03 -8.091564609744105558e-04 -7.232399774932238845e-01 -3.662186506556818627e-03 9.999907819633190309e-01 2.241513938734565441e-03 -2.085922436631690857e+00 8.173619434508692504e-04 -2.238534900789244768e-03 9.999971604372840384e-01 1.128150880716434585e+02
9.999862151037894886e-01 5.236003627029701957e-03 3.922487115365145931e-04 -7.568027298295857408e-01 -5.236194745114438470e-03 9.999861721176399598e-01 4.876965292536271715e-04 -2.118975280922546833e+00 -3.896897136070989515e-04 -4.897437048681360303e-04 9.999998041462762055e-01 1.141694611640636765e+02
9.999539687898825191e-01 9.353207352906371327e-03 2.139579042580999017e-03 -7.714650173899759711e-01 -9.353549419264532011e-03 9.999562433749020762e-01 1.498892919035363369e-04 -2.135815796947017731e+00 -2.138083514012751457e-03 -1.698950567841596079e-04 9.999976998631892045e-01 1.154882874936054122e+02
9.999529775736238912e-01 9.074593130666028934e-03 3.419705877586725826e-03 -7.785412118017184246e-01 -9.079819860559716627e-03 9.999576284485693911e-01 1.515980185991570341e-03 -2.170885968779134867e+00 -3.405804134428332738e-03 -1.546959231711393656e-03 9.999930036810703582e-01 1.168452016697881533e+02
9.999477198915404097e-01 9.057937264364403912e-03 4.744601675649244218e-03 -7.816165132093295664e-01 -9.074321872039879319e-03 9.999528993170005986e-01 3.443232009225264279e-03 -2.192376772819268016e+00 -4.713189701456628466e-03 -3.486106073484016282e-03 9.999828163032919992e-01 1.181624503539319022e+02
9.999483565415631103e-01 8.593786596633340782e-03 5.425041230767996964e-03 -7.914275447475042080e-01 -8.615356672371054028e-03 9.999550252513750292e-01 3.965238889123675128e-03 -2.215549128063628803e+00 -5.390720914598614612e-03 -4.011772813559169940e-03 9.999774226455308002e-01 1.194827095981651013e+02
9.999306490661686864e-01 1.005282496691135667e-02 6.134961843663649765e-03 -7.922799275618881421e-01 -1.007390289632013533e-02 9.999434271862073231e-01 3.414516968540465096e-03 -2.237168293392792773e+00 -6.100289333616644785e-03 -3.476083211851251423e-03 9.999753513504380242e-01 1.208143947289148201e+02
9.999058506897360310e-01 1.115984044844683595e-02 7.984216055963734224e-03 -8.068009389127662745e-01 -1.118710011413493258e-02 9.999317176238947669e-01 3.377706560975415277e-03 -2.265403396854488882e+00 -7.945976343931591968e-03 -3.466708808932115506e-03 9.999624209842585820e-01 1.221488156220930819e+02
9.998892494258262431e-01 1.195639658059729875e-02 8.861910135106504730e-03 -7.952889896992810792e-01 -1.198200875657575229e-02 9.999241724177002633e-01 2.842693010454595826e-03 -2.279257060694369397e+00 -8.827249944224752759e-03 -2.948561692741015310e-03 9.999566918781893632e-01 1.234740938086498545e+02
9.998723490035044126e-01 1.275179432612312883e-02 9.626911584222829985e-03 -8.007789606901628554e-01 -1.277295879014112359e-02 9.999161320668644715e-01 2.140182378828438259e-03 -2.309704959630041632e+00 -9.598813194927871897e-03 -2.262873348230321630e-03 9.999513699065861738e-01 1.248016093875739898e+02
9.998363394597340470e-01 1.460582683436790173e-02 1.067539706383462302e-02 -7.922427816556976143e-01 -1.462392217961752498e-02 9.998917541130414310e-01 1.618945714689205492e-03 -2.325257046880160772e+00 -1.065059563948447634e-02 -1.774796949774951754e-03 9.999417057487337557e-01 1.261389592214914757e+02
9.998332713778035341e-01 1.417269690655443420e-02 1.151364817670499918e-02 -7.758552494438423208e-01 -1.418771426029924454e-02 9.998986005773946584e-01 1.223664589403845350e-03 -2.357316157896413689e+00 -1.149513827126379117e-02 -1.386812931982548715e-03 9.999329670195111763e-01 1.274851343851613592e+02
9.998275239947190807e-01 1.379715578219958480e-02 1.243224607949060777e-02 -7.875058434286806852e-01 -1.382081644899625129e-02 9.999028329648392832e-01 1.819254860524977847e-03 -2.380031350057079553e+00 -1.240593774663472683e-02 -1.990764890335129308e-03 9.999210616590852307e-01 1.288241021269359123e+02
9.998393698371818017e-01 1.185274585964563379e-02 1.344421555229274000e-02 -7.703149309209397222e-01 -1.188814393106799212e-02 9.999260664835817325e-01 2.556095274159192292e-03 -2.412978310619319888e+00 -1.341292505741870610e-02 -2.715511478552769774e-03 9.999063553271710925e-01 1.302019110449451205e+02
9.998429866138089928e-01 1.060627626782141737e-02 1.419538723609006445e-02 -7.417225238490178230e-01 -1.065017276335211531e-02 9.999387239850703324e-01 3.020283940897155236e-03 -2.421893225200343114e+00 -1.416248367681790903e-02 -3.170993065877991419e-03 9.998946788754021764e-01 1.314846279739304009e+02
9.998536461614079274e-01 1.008482033861179961e-02 1.381964735651759063e-02 -7.639750806944447525e-01 -1.013270269302781780e-02 9.999428853747087675e-01 3.399168037952012781e-03 -2.444416956219841897e+00 -1.378457829001272610e-02 -3.538700961493336430e-03 9.998987263626130106e-01 1.328271447135506946e+02
9.998677144620634616e-01 9.160471092992769626e-03 1.344021368323186812e-02 -7.450629104402707314e-01 -9.216547912733873138e-03 9.999490542888420652e-01 4.116319726599268827e-03 -2.462553841763511553e+00 -1.340182176319750298e-02 -4.239647603391355143e-03 9.999012033930503307e-01 1.341649101807770137e+02
9.998731124477077126e-01 8.914567201673266605e-03 1.320187464321191488e-02 -7.114727422417528313e-01 -8.966518286216956096e-03 9.999522678846064494e-01 3.881174886006524480e-03 -2.499040215619122041e+00 -1.316664572066529940e-02 -3.999057294452303124e-03 9.999053190010676051e-01 1.355096007634767545e+02
9.999015179899010120e-01 7.156467176638814376e-03 1.207225330223363376e-02 -7.109264762728026987e-01 -7.203588603206443480e-03 9.999665871148977203e-01 3.864321128133630431e-03 -2.525081393077018177e+00 -1.204419525174147201e-02 -3.950904138512160817e-03 9.999196606246485430e-01 1.368453040286913733e+02
9.999294383885209969e-01 4.414860287657538032e-03 1.102847485829500269e-02 -7.204095739190558012e-01 -4.466840113515148369e-03 9.999790110584931835e-01 4.693057541378584802e-03 -2.535008779903943577e+00 -1.100752437559187648e-02 -4.741988862055924840e-03 9.999281713885764811e-01 1.381837870350402397e+02
9.999443566251473570e-01 4.301474998742459838e-03 9.632287898322218489e-03 -7.246131820602010887e-01 -4.351559929997833587e-03 9.999770907254431629e-01 5.184781315622831108e-03 -2.569934909201001982e+00 -9.609765184408401023e-03 -5.226408337104673264e-03 9.999401667391690784e-01 1.394910085925799592e+02
9.999580937272081194e-01 2.804792454195665849e-03 8.714581711139085876e-03 -7.033871544612881888e-01 -2.848236046691404733e-03 9.999835596051828146e-01 4.976753440905571160e-03 -2.584074100973958732e+00 -8.700479825803842521e-03 -5.001366109361767183e-03 9.999496427211401750e-01 1.408177205534532845e+02
9.999669808937893256e-01 2.904706075834739484e-03 7.589453800160604786e-03 -6.972270342245612262e-01 -2.941852723396828559e-03 9.999837266660400736e-01 4.887935136422363359e-03 -2.603667989078613854e+00 -7.575132406489978008e-03 -4.910100836659610224e-03 9.999592533050234433e-01 1.421875191636710554e+02
9.999734716788170052e-01 2.950055699177198815e-03 6.659813288377490828e-03 -6.947170320138087440e-01 -2.978377989377476581e-03 9.999865468575845906e-01 4.246807377616523133e-03 -2.619560696772179842e+00 -6.647195486117912257e-03 -4.266530193389670746e-03 9.999688052658050053e-01 1.435492115802835826e+02
9.999823343610594328e-01 1.310527302428653867e-03 5.797714128442633084e-03 -7.052558622883640105e-01 -1.322408528121080465e-03 9.999970326904896734e-01 2.045934478213442924e-03 -2.652666668455765819e+00 -5.795015770417836012e-03 -2.053565296511222077e-03 9.999811001487408646e-01 1.449302458450341078e+02
9.999869008228227107e-01 -1.236502222135817987e-03 4.966815261862384499e-03 -7.019152898844308597e-01 1.228906393179945294e-03 9.999980712586994391e-01 1.532078769010033689e-03 -2.695701672445629526e+00 -4.968700185454756960e-03 -1.525954957567734679e-03 9.999864916456189246e-01 1.462359446001684944e+02
9.999470581493519195e-01 -9.427129271370442848e-03 4.124336841731701848e-03 -6.796299208443083995e-01 9.411466153590604053e-03 9.999484877170636832e-01 3.800815651911114423e-03 -2.695720679854407109e+00 -4.159955235744969455e-03 -3.761798397213834966e-03 9.999842716966131917e-01 1.475178624647727190e+02
9.998635570676644990e-01 -1.635951978084305980e-02 2.287660761866075389e-03 -6.731460888346094684e-01 1.634795922664430273e-02 9.998539410889881740e-01 4.984043409092899814e-03 -2.724925628931369914e+00 -2.368863220001283382e-03 -4.945964818528169465e-03 9.999849628454787753e-01 1.489107918542484299e+02
9.998193322311121900e-01 -1.897731564890286354e-02 1.079083582972752966e-03 -6.664487223901761626e-01 1.897464654577777840e-02 9.998170066190678051e-01 2.432289264826353360e-03 -2.764304190541927220e+00 -1.125044454075857384e-03 -2.411374606786718944e-03 9.999964597669734889e-01 1.503241800228980480e+02
9.998222118594959351e-01 -1.878609044517138768e-02 1.620960301130762969e-03 -6.694138325018210711e-01 1.878733619896575530e-02 9.998232160907233323e-01 -7.566589668670043248e-04 -2.802220830515062211e+00 -1.606459104087699366e-03 7.869779899102192361e-04 9.999983999749304520e-01 1.516613052615595336e+02
9.998550530846572748e-01 -1.692473383491775382e-02 1.851009785945644968e-03 -6.817326232224006910e-01 1.692987584173430426e-02 9.998527632551796884e-01 -2.798407836674452094e-03 -2.813163885133578290e+00 -1.803374973456900975e-03 2.829339621489533607e-03 9.999943713206704832e-01 1.529971475444680493e+02
9.998626731064209627e-01 -1.632346609918132810e-02 2.859967641812480484e-03 -6.936732825223024257e-01 1.633101093414609378e-02 9.998631684518773932e-01 -2.634848690600318649e-03 -2.841369938712233090e+00 -2.816566494174980832e-03 2.681193056540301205e-03 9.999924390477537006e-01 1.543653436116268267e+02
9.997904609904696427e-01 -2.015602565997030859e-02 3.573343092920497777e-03 -6.851025250175699632e-01 2.015571797798167142e-02 9.997968454037894359e-01 1.221450427227425972e-04 -2.861733708109263308e+00 -3.575079170055250801e-03 -5.009613597284964109e-05 9.999936081268300248e-01 1.556758065162062508e+02
9.996898504425056897e-01 -2.457049559474124706e-02 4.061245431478203646e-03 -6.796316097373477083e-01 2.455855324876132784e-02 9.996939969125457903e-01 2.964786368901940750e-03 -2.895151915121994435e+00 -4.132849014370874353e-03 -2.864128534814664416e-03 9.999873580810453300e-01 1.569882036124333524e+02
9.995938727973228133e-01 -2.816232230400381523e-02 4.355814499677734472e-03 -6.645481682396942036e-01 2.814312336582776297e-02 9.995941849737349783e-01 4.407939128012804825e-03 -2.927735688926376589e+00 -4.478184717465047079e-03 -4.283562734694374222e-03 9.999807982891608660e-01 1.583387620597404748e+02
9.995452397624591256e-01 -2.986799119099052546e-02 4.149316084918593973e-03 -6.632538158032224018e-01 2.984990307299423967e-02 9.995449051828356746e-01 4.354969654124719869e-03 -2.956499894469759138e+00 -4.277502014644435704e-03 -4.229132518121683608e-03 9.999819085413446107e-01 1.597047709621634226e+02
9.995585297838261996e-01 -2.930963586362916179e-02 4.867323250297682542e-03 -6.649435213712482362e-01 2.928661039857545847e-02 9.995598334284846453e-01 4.736433212056112216e-03 -2.951609915939170214e+00 -5.004004029068194297e-03 -4.591794835182985007e-03 9.999769374132547739e-01 1.610253071314214139e+02
9.996461257775083320e-01 -2.601677766345642309e-02 5.545317658894925728e-03 -6.692708131214486489e-01 2.599251720246081171e-02 9.996524406226982018e-01 4.403062914146809587e-03 -2.982468487537359270e+00 -5.657943931680150043e-03 -4.257368034699275661e-03 9.999749309265257846e-01 1.624014188328949331e+02
9.997064283882122204e-01 -2.325114989681752176e-02 6.814771836037447454e-03 -6.763263102107194280e-01 2.323435514027848842e-02 9.997268359935982396e-01 2.533396206298763921e-03 -3.006273270913124573e+00 -6.871814774756634242e-03 -2.374315643216610289e-03 9.999735700400370630e-01 1.637659552345799625e+02
9.997438505853408763e-01 -2.130754060029074054e-02 7.630332616063599527e-03 -6.809562224102775341e-01 2.129483010300813051e-02 9.997717196489394054e-01 1.743205390005515137e-03 -3.024910810918306936e+00 -7.665734309548041282e-03 -1.580272224767739764e-03 9.999693691547640872e-01 1.651068434813528256e+02
9.997755807379478110e-01 -1.978614974246312164e-02 7.569443939931611194e-03 -6.778232402866566364e-01 1.976635230474279789e-02 9.998010308902006704e-01 2.681401406976087302e-03 -3.033873023531187929e+00 -7.620992591567564076e-03 -2.531179355520315165e-03 9.999677562770959982e-01 1.664423262678231765e+02
9.997894815272303504e-01 -1.903938377574500990e-02 7.648172002999368939e-03 -6.965768843467636806e-01 1.902140396948154288e-02 9.998161557389916299e-01 2.416791588817139742e-03 -3.067829267312285335e+00 -7.692780282007163038e-03 -2.270803840645956549e-03 9.999678317686848672e-01 1.678063742680325845e+02
9.998260077894471909e-01 -1.711849321233931132e-02 7.410221098369614359e-03 -6.798137793585520283e-01 1.711631450022459144e-02 9.998534412826483031e-01 3.573567109575589637e-04 -3.087291386834305040e+00 -7.415252600578580572e-03 -2.304588420876281518e-04 9.999724800754152820e-01 1.691508531529572679e+02
9.999081165539686067e-01 -1.162713839808108239e-02 6.969083981694304021e-03 -6.814627408582988322e-01 1.164444514551956147e-02 9.999292047380702320e-01 -2.447935685226210016e-03 -3.121275630757500252e+00 -6.940128237803685866e-03 2.528861914421866655e-03 9.999727193619374344e-01 1.704911664535201226e+02
9.999469144990238423e-01 -7.780606954986630380e-03 6.755024937450241664e-03 -6.882353657574894479e-01 7.804419490257033694e-03 9.999633989096597952e-01 -3.505975484830095926e-03 -3.154688040274873373e+00 -6.727499197871431545e-03 3.558508461036218040e-03 9.999710384620266179e-01 1.719235122834141407e+02
9.999660433658049685e-01 -4.490533808880206416e-03 6.909937660851343810e-03 -6.881075166098776785e-01 4.510683875161732720e-03 9.999856122452355223e-01 -2.903278462957509590e-03 -3.174854904749417006e+00 -6.896801093922111554e-03 2.934348458282382346e-03 9.999719114677343423e-01 1.733091532732902067e+02
9.999734812169883691e-01 -4.333796086265079284e-05 7.282512889612404242e-03 -6.877408923902637028e-01 5.011311904941188888e-05 9.999995661522750323e-01 -9.301526928024274679e-04 -3.219750568530588719e+00 -7.282469546141034054e-03 9.304929910435499538e-04 9.999730495421462750e-01 1.746112443524390301e+02
9.999734332372292034e-01 -7.881877124181393274e-04 7.246488156319932407e-03 -6.717199797030127817e-01 7.792118025803981135e-04 9.999989258794365066e-01 1.241397288892037883e-03 -3.236761837938785469e+00 -7.247458951071449919e-03 -1.235717763981473462e-03 9.999729733004537602e-01 1.760072417756502148e+02
9.999746098515882586e-01 -2.164161801580181954e-03 6.789408557895334345e-03 -6.859399534124087650e-01 2.148707313286315861e-03 9.999950860720902002e-01 2.282736098344602914e-03 -3.269007719742466733e+00 -6.794315520816824119e-03 -2.268089700552352282e-03 9.999743461896751784e-01 1.774146498224754112e+02
