1.000000000000000000e+00 0.000000000000000000e+00 0.000000000000000000e+00 0.000000000000000000e+00 0.000000000000000000e+00 1.000000000000000000e+00 0.000000000000000000e+00 0.000000000000000000e+00 0.000000000000000000e+00 0.000000000000000000e+00 1.000000000000000000e+00 0.000000000000000000e+00
9.999999836991783075e-01 -3.619689050858657933e-05 1.768938333369323801e-04 2.244669884238582012e-03 3.621812153945621791e-05 9.999999921417731530e-01 -1.200195876101331900e-04 1.717365843759720940e-03 -1.768894876109888923e-04 1.200259924160706717e-04 9.999999771519348934e-01 -3.802670812589414341e-03
9.999999999619219038e-01 3.282039951322003235e-07 8.720582114122322687e-06 -1.497696467332525726e-03 -3.272956140062406185e-07 9.999999945747737318e-01 -1.041649910469342701e-04 4.678791138255895300e-03 -8.720616254177407533e-06 1.041649881887595814e-04 9.999999945368029941e-01 2.438998713567008814e-04
9.999999960984236047e-01 -7.849650657137087159e-05 -4.051482818899229888e-05 -9.626173083277598380e-04 7.849667220498891232e-05 9.999999969107858933e-01 4.086648202539405105e-06 5.863509742430860101e-03 4.051450727622583203e-05 -4.089828465782827452e-06 9.999999991709239699e-01 -1.887955938773806276e-03
9.999999986994446699e-01 -3.298211219803989113e-05 -3.890103950530190833e-05 -4.954668036992826517e-04 3.298389834321458126e-05 9.999999984019213306e-01 4.591535362614886112e-05 4.124391799222729485e-04 3.889952505779008073e-05 -4.591663667436588940e-05 9.999999981892446765e-01 -3.824138744619904728e-03
9.999999993646071506e-01 -3.537701488747555369e-05 -4.387779082298372311e-06 -4.105267874538208461e-03 3.537681496567372981e-05 9.999999983366097966e-01 -4.555503603679757630e-05 -9.037156942069664647e-04 4.389390676187856148e-06 4.555488078220352403e-05 9.999999989527430522e-01 -4.650436430237497518e-03
9.999999994634871658e-01 -3.262829537685888376e-05 -2.901735318605928088e-06 1.244031269606365488e-03 3.262834234375071237e-05 9.999999993366825990e-01 1.618722042610485842e-05 2.065257787702401600e-03 2.901207155271763400e-06 -1.618731509623357582e-05 9.999999998647769450e-01 -2.082631094928505313e-03
9.999999934879544305e-01 -1.000149586730966582e-04 5.496452622823081498e-05 -1.111097634084850724e-03 1.000173319332174995e-04 9.999999940661408182e-01 -4.317698051737660998e-05 1.258650795529316514e-03 -5.496020755815698392e-05 4.318247764147046413e-05 9.999999975573246047e-01 -1.940804962984786063e-03
9.999999962404723108e-01 -6.408716407330414906e-05 5.841139230794053486e-05 -3.355908140693445504e-03 6.408742505270242462e-05 9.999999979364280200e-01 -4.466092965761705495e-06 2.508091446152119642e-03 -5.841110596817175810e-05 4.469836384698064224e-06 9.999999982840815926e-01 -2.070130410058104546e-03
9.999999952684669458e-01 8.139872144777993016e-05 5.326644663607664866e-05 -2.348986283287926059e-03 -8.140017061750246669e-05 9.999999963169650119e-01 2.720444971989278076e-05 -2.937285524819394523e-03 -5.326423203246956968e-05 -2.720878548901839379e-05 9.999999982113018104e-01 -3.779075516089688141e-04
9.999999983726793884e-01 3.441366985392158912e-05 4.550099596381791629e-05 -6.437921355768434989e-04 -3.441216188459057340e-05 9.999999988587112698e-01 -3.314182520091717404e-05 -2.470694931989272057e-03 -4.550213644371895930e-05 3.314025935934577897e-05 9.999999984156393573e-01 6.725470271175666660e-04
9.999999978732083683e-01 -4.216521529615980667e-05 4.975618355573850973e-05 2.381268764857999605e-03 4.216804589360082975e-05 9.999999974927099577e-01 -5.688968237750419642e-05 4.492888084725100636e-03 -4.975378466527975566e-05 5.689178037754336905e-05 9.999999971439431645e-01 -2.387433654842078569e-03
9.999999974442579376e-01 -6.777287237735236448e-05 -2.276668601644200906e-05 2.611420528248763456e-03 6.777125506043988994e-05 9.999999951807551080e-01 -7.103201155836741582e-05 5.983782023936021557e-03 2.277149995017782401e-05 7.103046844994300997e-05 9.999999972180656505e-01 -2.595390774368844591e-03
9.999999891383221096e-01 -8.120288788274649143e-05 -1.230018154778763576e-04 4.033738724529309198e-03 8.121375694087571177e-05 9.999999927981878534e-01 8.836260487111550772e-05 2.553595747906430881e-03 1.229946392933440062e-04 -8.837259335089485272e-05 9.999999885313016756e-01 -2.697056104044685387e-03
9.999999995457220514e-01 -4.759817540004985038e-06 2.976407455800509958e-05 -3.346368404705760830e-04 4.759549340939032333e-06 9.999999999480752022e-01 9.010896019478428402e-06 -2.978046144584186889e-03 -2.976411744668053269e-05 -9.010754351803529637e-06 9.999999995164517985e-01 -2.402459310947790971e-03
9.999999907519524500e-01 -4.505872728151551654e-05 1.283191576084032732e-04 -4.674590412030114189e-05 4.507589559917000511e-05 9.999999900336473679e-01 -1.337941284965407055e-04 1.525027336586170373e-04 -1.283131277363814930e-04 1.337999113601579784e-04 9.999999828166623583e-01 -8.153547556134608121e-04
9.999999975116682371e-01 1.131802551068296298e-05 6.963164386988314860e-05 1.655676008658519670e-03 -1.131239204191276580e-05 9.999999966633087434e-01 -8.090372194789584174e-05 6.388982636514543845e-03 -6.963255930793275906e-05 8.090293404612656884e-05 9.999999943030110083e-01 -1.634017506968614853e-03
9.999999951514384477e-01 -9.796468331566477903e-05 -1.000219311725191951e-05 -1.970574715478794377e-03 9.796505742690150593e-05 9.999999945016965208e-01 3.740928437297610205e-05 4.956243464551488356e-03 9.998528273560161980e-06 -3.741026405701801416e-05 9.999999992502507373e-01 -1.858460698405249795e-03
9.999999945775316368e-01 -1.040898122650081966e-04 -3.201206375009033913e-06 -4.622925130972289388e-03 1.040898448469217635e-04 9.999999945308406524e-01 1.017952909518530444e-05 1.282354559037195748e-03 3.200146772228661959e-06 -1.017986225306202813e-05 9.999999999430647657e-01 -4.404939661112878060e-03
9.999999963345681531e-01 -6.856149203273425457e-05 -5.128533318137851112e-05 -6.404799198816117298e-03 6.855888011225674502e-05 9.999999963529475622e-01 -5.092921437830962575e-05 -2.586688670391149459e-03 5.128882477726404442e-05 5.092569812662296936e-05 9.999999973880148163e-01 -5.810720792494366259e-03
9.999999920166134926e-01 -1.232802915909652936e-04 -2.772620772138688328e-05 -1.263948733884081091e-03 1.232788157723162562e-04 9.999999909847855362e-01 -5.322370257137781324e-05 3.643362477079303829e-03 2.773276890500172626e-05 5.322028409241867956e-05 9.999999981992474529e-01 -1.185879248869715560e-03
9.999999983015114280e-01 -4.612400333657530844e-06 5.810079922562712236e-05 -1.355313552125155842e-03 4.618724318817350208e-06 9.999999940656731923e-01 -1.088453992156264910e-04 4.860943889638264480e-03 -5.810029684228233156e-05 1.088456673823281448e-04 9.999999923884880237e-01 9.651505371481398921e-05
9.999999928103807667e-01 -9.345875522558536931e-05 7.513121548482691819e-05 -1.709003937439954610e-03 9.346622054069554457e-05 9.999999906951995143e-01 -9.936632451010777428e-05 4.495266058093812245e-03 -7.512192813274589872e-05 9.937334602645772998e-05 9.999999922408169262e-01 -1.064094056500952158e-03
9.999999878034613321e-01 -1.552803091418432455e-04 1.676611734066554013e-05 -5.783305448578437286e-03 1.552802926719164776e-04 9.999999879435315098e-01 9.836312341804192920e-07 3.839996649185996227e-03 -1.676626987708749658e-05 -9.810277745758925813e-07 9.999999998589649275e-01 -4.328884549591413902e-03
9.999999924412561469e-01 -3.814787247558833688e-05 -1.168855314073796514e-04 -3.481781614440810496e-03 3.816221286516125968e-05 9.999999917456878773e-01 1.226876913361831651e-04 2.424659363677890336e-03 1.168808501681665714e-04 -1.226921510193487838e-04 9.999999856427513878e-01 -6.459766595583562102e-03
9.999999999099460357e-01 2.627940139359169803e-06 -1.316061599521322312e-05 -1.149199576980320563e-03 -2.627188838819646230e-06 9.999999983671017389e-01 5.708672642879295483e-05 -4.144010157840400527e-03 1.316076599422308259e-05 -5.708669184822861778e-05 9.999999982839519186e-01 -3.088258122990327967e-03
9.999999925966249759e-01 -1.631467983449963144e-06 1.216720519657236993e-04 8.719059019887692328e-04 1.647766921058356433e-06 9.999999910262746816e-01 -1.339579614741283732e-04 -2.052897582690532685e-03 -1.216718323257468388e-04 1.339581609695698070e-04 9.999999836255880625e-01 -4.597342118950083754e-04
9.999999962059910041e-01 3.334626832740767224e-05 8.047387409828199618e-05 2.077968156927291390e-03 -3.333983017480249180e-05 9.999999962439853896e-01 -8.000303104417273877e-05 1.020327398815376249e-03 -8.047654159856114462e-05 8.000034775534457397e-05 9.999999935617353009e-01 2.610290575618444756e-04
9.999999949287856627e-01 -5.100558203716579566e-05 8.683812156749271015e-05 -1.944861122802110914e-03 5.101294908911974634e-05 9.999999951002227494e-01 -8.483651004144167037e-05 5.367743546976095834e-03 -8.683379400643258391e-05 8.484093947989205533e-05 9.999999926309536269e-01 -2.660167154884655622e-03
9.999999843045023207e-01 -1.771345288183216943e-04 3.788632687038623132e-06 -2.682668103143509390e-03 1.771344344820175722e-04 9.999999840020472597e-01 2.488568705558200287e-05 4.888525203109913772e-03 -3.793040740879166750e-06 -2.488501556768028266e-05 9.999999996831744342e-01 -4.838589240749310155e-03
9.999999949855057357e-01 -8.675454238017343768e-05 -5.002637147475844326e-05 8.429903217736034807e-04 8.675535557038324165e-05 9.999999961046693864e-01 1.625328979958208595e-05 1.610136316805619357e-03 5.002496123317045344e-05 -1.625762977372524517e-05 9.999999986165963861e-01 -3.293701640934427067e-03
9.999999981516725089e-01 4.065360530113526982e-05 -4.520994782004894157e-05 2.176546470144000676e-03 -4.065394847228389935e-05 9.999999991448262904e-01 -7.589718397320454665e-06 9.202935520568899814e-04 4.520963923197051135e-05 7.591556346181280422e-06 9.999999989492284191e-01 -8.454056482188387683e-04
9.999999953741737224e-01 6.952017108197721025e-05 6.647253824693704813e-05 1.347669520143464882e-03 -6.950916665731783032e-05 9.999999838830851973e-01 -1.655364160335230162e-04 3.703070818123733944e-04 -6.648404529556776153e-05 1.655317948170411605e-04 9.999999840895481551e-01 -3.578899527360266970e-04
9.999999922869788893e-01 3.311893432352452422e-05 1.197045457123675110e-04 3.697135711469325126e-04 -3.309663269434562105e-05 9.999999820979403875e-01 -1.863027959721149946e-04 2.565434080330783375e-03 -1.197107137194736897e-04 1.862988327177762956e-04 9.999999754810446895e-01 -5.189994895981795125e-05
9.999999982827222356e-01 -7.806285744910840862e-06 5.808284980485006239e-05 -7.811671310466337600e-04 7.812672380876908583e-06 9.999999939241077662e-01 -1.099579308031118242e-04 2.938791680539772164e-03 -5.808199108891716093e-05 1.099583843965599994e-04 9.999999922678179942e-01 -2.679409493764975305e-03
9.999999978681700652e-01 -6.443551428194464205e-05 -1.056997383414984709e-05 -9.313747778664979975e-04 6.443607016355599993e-05 9.999999965406835001e-01 5.259872504708058838e-05 -3.457310624664497109e-04 1.056658457168597791e-05 -5.259940602252465892e-05 9.999999985608248876e-01 -4.384406489833251631e-03
9.999999968601546163e-01 -6.155074017781006718e-05 -4.991189281373168812e-05 -2.486905632562483488e-03 6.155348850834086013e-05 9.999999965895634002e-01 5.506397418171530178e-05 -1.106644469419495840e-03 4.990850341514232628e-05 -5.506704625994367685e-05 9.999999972383808444e-01 -2.055648886450791440e-03
9.999999961844350249e-01 7.064066660695901881e-05 5.139091434380748286e-05 -2.424116956292566433e-03 -7.063472967066986171e-05 9.999999908332023457e-01 -1.155176615880078327e-04 -2.648531025091494830e-03 -5.139907411733682748e-05 1.155140311639004996e-04 9.999999920073218140e-01 -1.088647710886266398e-03
9.999999929021061718e-01 5.904137060152409125e-05 1.034886669171351060e-04 -3.464561572283386161e-04 -5.902023823874300409e-05 9.999999774113357276e-01 -2.041909386241571667e-04 -1.219457902851401460e-03 -1.035007202923451459e-04 2.041848292490551064e-04 9.999999737980778125e-01 -1.606530148249842201e-03
9.999999958216010398e-01 5.257277352365778949e-05 7.478570307360159924e-05 7.559563505147891879e-04 -5.256750422041361794e-05 9.999999961360991341e-01 -7.045891847809582068e-05 1.422730508277337299e-05 -7.478940700540091758e-05 7.045498688592840598e-05 9.999999947213197293e-01 -3.424673114680917146e-03
9.999999961747149113e-01 6.278799530296983681e-05 -6.089530227611947798e-05 2.412405953163588700e-03 -6.278369425165744957e-05 9.999999955348333192e-01 7.062960455544623579e-05 1.940394715424279947e-03 6.089973669549087983e-05 -7.062578105322838253e-05 9.999999956516105737e-01 -4.357265096209657351e-03
9.999999989041842285e-01 3.507854487670956651e-05 -3.100205369488705015e-05 -7.171372983325969772e-04 -3.507610714872699863e-05 9.999999962936345632e-01 7.862822345905733578e-05 -8.972241085897720084e-04 3.100481174364729236e-05 -7.862713594153804676e-05 9.999999964282375586e-01 -5.836138833618049852e-03
9.999999985876696362e-01 -1.967375135261281323e-05 4.937209992836315867e-05 -9.425316506353445707e-04 1.967531865915811599e-05 9.999999993025843192e-01 -3.174449699954952673e-05 -3.686403663075001145e-03 -4.937147536058950639e-05 3.174546836651477008e-05 9.999999982773413176e-01 -4.048557040444907343e-03
9.999999994329050734e-01 -2.192567239281747806e-05 2.556276172605605806e-05 8.634894325528785514e-04 2.192685468962268138e-05 9.999999986900113269e-01 -4.625138338536821290e-05 9.086484478066864448e-04 -2.556174759988930748e-05 4.625194387010112494e-05 9.999999986036773869e-01 -1.480556649268708735e-03
9.999999965037942307e-01 8.131409278307526417e-05 1.950461015317597817e-05 2.164893296726557153e-03 -8.131232614504511739e-05 9.999999925936768896e-01 -9.055910692154285244e-05 2.798545373679824002e-03 -1.951197374034110244e-05 9.055752063970747402e-05 9.999999957093091973e-01 -1.641279685653121564e-03
9.999999978387806854e-01 3.159036169487489030e-06 -6.566931709800490167e-05 4.557238821821705220e-04 -3.158723569423220628e-06 9.999999999836809428e-01 4.760318109344929096e-06 -2.042146781651023313e-03 6.566933213495033180e-05 -4.760110667837132201e-06 9.999999978324400907e-01 -1.660306713974749829e-03
9.999999736815605722e-01 -1.818021411153877180e-04 -1.399459169585388733e-04 2.386504226604244713e-03 1.818193251297684334e-04 9.999999759324851301e-01 1.227874673231230855e-04 2.516648289603840710e-03 1.399235905659269668e-04 -1.228129089637246306e-04 9.999999826691889915e-01 -2.004137953631882681e-03
9.999999960520341569e-01 -7.445520475230083923e-05 -4.850107284816685901e-05 -8.988387589238559447e-04 7.445805725465573955e-05 9.999999954984537531e-01 5.881403014547192362e-05 -5.488968825734944282e-04 4.849669361918024441e-05 -5.881764120893518739e-05 9.999999970942778926e-01 -5.476173071862297341e-03
9.999999877445950869e-01 -7.827505822828412796e-06 -1.563634864670010612e-04 2.609608948255301777e-03 7.852890114647530589e-06 9.999999867917680474e-01 1.623416025047428571e-04 -1.588863282748133321e-03 1.563622136718769904e-04 -1.623428284204579360e-04 9.999999745978317423e-01 -2.447109994773879853e-03
9.999999804118865354e-01 9.253384618016119478e-05 -1.749677509849766456e-04 4.084475835731493296e-03 -9.250701491970705827e-05 9.999999839628659348e-01 1.533516225892768209e-04 -1.799085879522791150e-03 1.749819383944515238e-04 -1.533354338410569868e-04 9.999999729347825994e-01 -2.586746637190988352e-03
9.999999822596248311e-01 1.126016311925445490e-04 -1.510020621199359740e-04 1.040420899509048036e-02 -1.125790136393432160e-04 9.999999824454774977e-01 1.497832109699792917e-04 8.201580611481617059e-04 1.510189253030473687e-04 -1.497662086495579335e-04 9.999999773816832249e-01 -4.535690358891434140e-03
9.999999446698720762e-01 2.589974126004271457e-04 -2.087596538153039920e-04 2.185695953593638774e-02 -2.589505637450541437e-04 9.999999412921362074e-01 2.244110732115961720e-04 -4.752162084260736288e-03 2.088177634467913572e-04 -2.243570023648601051e-04 9.999999530295374806e-01 -6.364783553934387668e-03
9.999998664362560463e-01 4.343766232137027472e-04 -2.800793087985593410e-04 4.265514463992099714e-02 -4.342747475531623944e-04 9.999998395649936089e-01 3.636968940055366421e-04 -1.628930105278782875e-03 2.802372452927250632e-04 -3.635752140576945174e-04 9.999998946400694422e-01 -7.744556881085280786e-03
9.999997001068404723e-01 6.771426835086763506e-04 -3.758510548000880414e-04 5.944744082628338616e-02 -6.770266424016201318e-04 9.999997231437441902e-01 3.087836791860600690e-04 5.284168034708016520e-03 3.760600413525199337e-04 -3.085291254062724297e-04 9.999998816943050928e-01 -9.222657384383794316e-03
9.999994189849611415e-01 1.001684534018728407e-03 -3.983187597101370747e-04 7.746417212608025515e-02 -1.001584052727591849e-03 9.999994665659545090e-01 2.523830260304142734e-04 4.841060430313069360e-03 3.985713554071732174e-04 -2.519839296744526584e-04 9.999998888224806981e-01 -6.664498933885240443e-03
9.999975396139370032e-01 1.941849951878597694e-03 -1.072373459566521069e-03 1.182922447942663796e-01 -1.940791992637175235e-03 9.999976298526664920e-01 9.867195603054837016e-04 1.553925276227606164e-03 1.074286979214122148e-03 -9.846358787709860814e-04 9.999989381992725468e-01 -7.354643869237923945e-03
9.999909571640258621e-01 3.999202137845908611e-03 -1.446365249844694433e-03 1.704477986285088675e-01 -3.997110101903166360e-03 9.999909654506569101e-01 1.446418990598099955e-03 -1.079927406543929741e-02 1.452136704505897552e-03 -1.440624629717222318e-03 9.999979079476455368e-01 -1.007014337128765008e-02
9.999866601202866967e-01 5.036680934744081593e-03 -1.145175373377308467e-03 2.246537470310006612e-01 -5.035416561029117284e-03 9.999867124593232459e-01 1.104302880412578710e-03 -1.759315380323993663e-02 1.150722178076909628e-03 -1.098521714104600195e-03 9.999987345434555586e-01 -1.753774406256074225e-02
9.999799336867083444e-01 6.176795869472354039e-03 -1.406917450761386050e-03 2.780947146045641971e-01 -6.175091402295841345e-03 9.999801986916724283e-01 1.212629678297233058e-03 -2.969913025442591503e-02 1.414379757943258183e-03 -1.203917501436264784e-03 9.999982750547873334e-01 -7.776667345159665734e-03
9.999686510630633185e-01 7.751762996805552745e-03 -1.614639761307387969e-03 3.533007258893786640e-01 -7.749635649959126828e-03 9.999691003552473312e-01 1.319652230764857244e-03 -3.125593718219991241e-02 1.624819500843454820e-03 -1.307097991214227354e-03 9.999978257258518299e-01 -1.880751469769602509e-03
9.999604629173385328e-01 8.725234687007045117e-03 -1.715482963697330431e-03 4.618434446451565312e-01 -8.722820245264989794e-03 9.999609615019696696e-01 1.409921637915464770e-03 -3.650009003757601067e-02 1.727717891000132974e-03 -1.394902044200974208e-03 9.999975346165490553e-01 -1.197206552486082196e-02
9.999574150818099083e-01 9.039506261665443757e-03 -1.858857027941037722e-03 5.914319376514625137e-01 -9.036685392065721065e-03 9.999580125150162591e-01 1.520369739012407840e-03 -2.592701968440808483e-02 1.872522370985339399e-03 -1.503507088041119814e-03 9.999971165590461064e-01 -1.051589675066287588e-02
9.999596807369883766e-01 8.780618733403224019e-03 -1.880860185920901978e-03 6.850675972642027434e-01 -8.777691140282949112e-03 9.999602597915410174e-01 1.559158708916166597e-03 -1.969425499929141482e-02 1.894475818312889520e-03 -1.542586234996036173e-03 9.999970156900876983e-01 -8.890949779544301060e-03
9.999637693375431624e-01 8.383955421138749101e-03 -1.472855644346115220e-03 7.744903445144172283e-01 -8.382065497726865974e-03 9.999640446283625250e-01 1.284690031861566344e-03 -9.620549384930838013e-03 1.483573471231162998e-03 -1.272297914211054657e-03 9.999980901320626447e-01 -8.618768887196615394e-03
9.999736163033717817e-01 7.162891133987400391e-03 -1.208175384459821535e-03 8.487290829391727076e-01 -7.161746495461635345e-03 9.999739039658592787e-01 9.490913618993627966e-04 -1.789964682049755701e-02 1.214942093975233733e-03 -9.404136755352398040e-04 9.999988197682171398e-01 -1.132146410484668499e-02
9.999765343042954502e-01 6.793631975385998160e-03 -8.817059335589522455e-04 9.225361112119161433e-01 -6.793343186120260994e-03 9.999768704879691272e-01 3.301173170918529349e-04 -2.053637362616148043e-02 8.839282356919781663e-04 -3.241198396634387591e-04 9.999995568085036091e-01 -1.695329053081272644e-03
9.999774627867751287e-01 6.664561938773226092e-03 -8.108838930111196769e-04 1.009793735322355390e+00 -6.664531848690581801e-03 9.999777909688107869e-01 3.980421152733754347e-05 -1.879021062183826307e-02 8.111311616985969865e-04 -3.439915292077229793e-05 9.999996704414141346e-01 5.554199884245268268e-03
9.999785178914704087e-01 6.447242758854439953e-03 -1.181869868735967383e-03 1.127286904982046867e+00 -6.446695004668280202e-03 9.999791109441495962e-01 4.666892594760067110e-04 -1.562525815317487160e-02 1.184854039539063155e-03 -4.590600794277369156e-04 9.999991926920483998e-01 4.365609086495867222e-03
9.999785826720184456e-01 6.380612848866032069e-03 -1.456700701605647937e-03 1.252193883019041554e+00 -6.379609330297233635e-03 9.999794102963179832e-01 6.925086431553909147e-04 -4.186431775439957911e-03 1.461089338116316463e-03 -6.832006300832364721e-04 9.999986992265765817e-01 2.557727076772610061e-04
9.999790964746175792e-01 6.248220171242294292e-03 -1.663237355021380051e-03 1.369019667301028420e+00 -6.246372139931581115e-03 9.999798707276871257e-01 1.113990362467833558e-03 -1.008212338023956739e-02 1.670164332317080995e-03 -1.103577876665516773e-03 9.999979963314792331e-01 -1.914523988066817606e-03
9.999791311680170658e-01 6.237136367863401094e-03 -1.683852246016242756e-03 1.461246986371141032e+00 -6.235203757668440934e-03 9.999798990303763180e-01 1.150551736634553143e-03 -7.443675027232419736e-03 1.690994547033066548e-03 -1.140028564111954809e-03 9.999979204339951577e-01 1.030241978830184757e-03
9.999795210701579729e-01 6.175682878212377866e-03 -1.678803527867410135e-03 1.551543563505995538e+00 -6.173692912316255249e-03 9.999802369418914205e-01 1.187956843938215313e-03 -6.613424806052103228e-03 1.686106794316900382e-03 -1.177568098412186317e-03 9.999978851863896567e-01 5.363244364020840899e-03
9.999786758515540885e-01 6.310415568813049388e-03 -1.681219058108868051e-03 1.663646716343535337e+00 -6.308451699645737688e-03 9.999794160320567560e-01 1.170875458820815149e-03 -2.649893345020154847e-02 1.688573162674154382e-03 -1.160244601674115857e-03 9.999979012743669404e-01 8.042409762483019794e-03
9.999791664168869998e-01 6.207688705903559832e-03 -1.769557322721968017e-03 1.784412225875371627e+00 -6.206330590250210173e-03 9.999804425858105361e-01 7.719497982954624674e-04 -3.195453342794846163e-02 1.774314738800878690e-03 -7.609512580719700976e-04 9.999981363784586907e-01 1.118306062233714870e-02
9.999722505016529484e-01 7.177244397575927200e-03 -1.996344037693326915e-03 1.887656129308319386e+00 -7.176260425287950100e-03 9.999741255011139751e-01 4.996144420924701667e-04 -1.741148952211160270e-02 1.999878238247203722e-03 -4.852742933293769582e-04 9.999978824957043155e-01 1.848603956149557151e-02
9.999640383646042352e-01 8.163547821310505881e-03 -2.297490918708335658e-03 2.009523583201033858e+00 -8.161215570542407899e-03 9.999661737702975062e-01 1.022680596431284122e-03 -1.315267404588456659e-02 2.305761905207673063e-03 -1.003893500505606854e-03 9.999968378249384227e-01 1.660196176390404260e-02
9.999599962114971152e-01 8.765188314675447304e-03 -1.782540465426878671e-03 2.150019718889109921e+00 -8.762754862074067716e-03 9.999606700057186437e-01 1.368418408784331190e-03 -1.027453970579087286e-02 1.794464803166830090e-03 -1.352743701733459536e-03 9.999974749870859103e-01 5.129221615534949180e-03
9.999590872496493255e-01 8.936837536352935582e-03 -1.398842985163096251e-03 2.269685546530559872e+00 -8.934978074502416059e-03 9.999591978834094785e-01 1.329938034857740736e-03 -1.224363735631669135e-02 1.410671349559463683e-03 -1.317384992032835005e-03 9.999981372498282228e-01 5.950162201754634859e-03
9.999539395883373372e-01 9.467098121068846101e-03 -1.578846075428149906e-03 2.386337547395093406e+00 -9.465732577627544025e-03 9.999548203599983864e-01 8.701411220057560323e-04 -1.563180517541857759e-02 1.587012455112049667e-03 -8.551561082162321276e-04 9.999983750484287004e-01 8.933088685336477291e-03
9.999499907468563098e-01 9.680265579261347619e-03 -2.511665518537927605e-03 2.497795106791046216e+00 -9.679153737299477783e-03 9.999530526270757891e-01 4.544499117237781245e-04 -2.596913468621554755e-02 2.515946798278125701e-03 -4.301163883324989425e-04 9.999967425004947508e-01 8.651891381145781698e-03
9.999529048437642009e-01 9.236572000881623085e-03 -2.978897814692119637e-03 2.629374498403255433e+00 -9.236229819046617301e-03 9.999573368496218473e-01 1.286053718332433738e-04 -3.264917703156378082e-02 2.979958598303328321e-03 -1.010855303192119642e-04 9.999955548043540920e-01 4.320355593327850074e-03
9.999630005681129363e-01 8.075319505219179933e-03 -2.964238469630395452e-03 2.767013322814351639e+00 -8.071755065970031423e-03 9.999666877751711702e-01 1.212480972371830345e-03 -2.713183906417544061e-02 2.973930895497949728e-03 -1.188509504380696417e-03 9.999948715769430008e-01 1.636581297945273461e-02
9.999801662337982622e-01 5.365083651894157236e-03 -3.298941714159148164e-03 2.906583326646203780e+00 -5.361722234702169347e-03 9.999850985541683945e-01 1.026939281548463730e-03 -1.954507678719567820e-02 3.304402170308817083e-03 -1.009230904335056559e-03 9.999940311718258368e-01 8.780625280719423636e-03
9.999912830567152522e-01 2.409392807540321722e-03 -3.410078720978339511e-03 3.026383216685418542e+00 -2.404783812110689208e-03 9.999961904390164413e-01 1.355035893005928195e-03 -1.160829312496401700e-02 3.413330543810060794e-03 -1.346823579128668446e-03 9.999932675977600827e-01 1.990136888844111149e-02
9.999927424520986818e-01 -8.076597713914254132e-04 -3.723268567306373383e-03 3.164686095657772924e+00 8.137779065256051363e-04 9.999983208089063824e-01 1.641994179742919903e-03 1.064625856454069416e-02 3.721936142583118830e-03 -1.645012176591642084e-03 9.999917205288698652e-01 2.742260441094246728e-02
9.999798576135324746e-01 -4.781505265343635215e-03 -4.173915981050925657e-03 3.325525150454881729e+00 4.787281407067539400e-03 9.999875956146361267e-01 1.374974031978346781e-03 3.783353012331293341e-02 4.167289760615005244e-03 -1.394928047090758950e-03 9.999903438892769891e-01 2.336405791448981084e-02
9.999453209887646521e-01 -9.445291974706008370e-03 -4.487927382327011258e-03 3.484046945258011618e+00 9.454018369280586809e-03 9.999534526445745808e-01 1.927195077765420442e-03 4.217144266598587404e-02 4.469515560974312435e-03 -1.969518648556627637e-03 9.999880721423346497e-01 1.468153535970069534e-02
9.999019457139873834e-01 -1.326403098262115068e-02 -4.490483211662844344e-03 3.657055224361883017e+00 1.327628407325932500e-02 9.999081939957645826e-01 2.709955965414178724e-03 5.022074311113384343e-02 4.454126018455303350e-03 -2.769307173361102315e-03 9.999862457550060535e-01 2.295491914230973415e-02
9.998591666710650028e-01 -1.610831146238047087e-02 -4.708410100500033321e-03 3.830274969038018895e+00 1.611888542532052479e-02 9.998676255572085392e-01 2.216505185034004302e-03 4.671044324629727157e-02 4.672082671458036018e-03 -2.292087350175575980e-03 9.999864588978644164e-01 1.972795755213214985e-02
9.997892076364625069e-01 -1.988737049767359821e-02 -5.102233662111866491e-03 3.976717840244026192e+00 1.989242294103225894e-02 9.998016829666805938e-01 9.414066752226343078e-04 4.546700163160601049e-02 5.082499698929559065e-03 -1.042704023835215252e-03 9.999865403919839801e-01 9.386285247558509570e-03
9.997140820072234479e-01 -2.326796016933251748e-02 -5.509652077293839163e-03 4.138019077699178538e+00 2.327176023136837829e-02 9.997289795489393560e-01 6.265985717528233835e-04 5.884271295751603015e-02 5.493579178292957825e-03 -7.546387180479541788e-04 9.999846254359199271e-01 -7.172567391849828545e-04
9.996363400141743405e-01 -2.631510817811837794e-02 -5.890908642976139600e-03 4.345190601823897047e+00 2.632876117456401516e-02 9.996508010010350942e-01 2.252197371854246233e-03 6.247595186519849797e-02 5.829584726096199293e-03 -2.406478664552015069e-03 9.999801122034169820e-01 6.704786621936326130e-03
9.995946189557194383e-01 -2.778002247715003273e-02 -6.234429078848046681e-03 4.561605504024766944e+00 2.780262401097604100e-02 9.996070632636915310e-01 3.568356966786760849e-03 7.684246394443823569e-02 6.132850305889226729e-03 -3.740243910115507130e-03 9.999741990284641835e-01 2.057677673442699293e-02
9.995492029435989467e-01 -2.914261255175269738e-02 -7.217965674232079687e-03 4.766530432457079414e+00 2.916230066350218586e-02 9.995712097881718217e-01 2.637571349190607865e-03 7.744846562884627472e-02 7.138004961294592415e-03 -2.846874824961139437e-03 9.999704716584902897e-01 2.065822414079425753e-02
9.995004547564678710e-01 -3.075492303451573053e-02 -7.278437384139957271e-03 4.941882690919412902e+00 3.076900620432015607e-02 9.995248451656473243e-01 1.830888797076088209e-03 7.962854850585568411e-02 7.218670155391518177e-03 -2.053924470316430707e-03 9.999718357011150305e-01 2.605925447732537759e-02
9.994097166157441814e-01 -3.361196481668073111e-02 -7.103108840513240943e-03 5.124434096643789793e+00 3.362049236552432097e-02 9.994340830162403710e-01 1.084526895191668559e-03 8.786049532829354192e-02 7.062635990738974634e-03 -1.322696733529622184e-03 9.999741844898863974e-01 1.045740809391857568e-02
9.993284278727722070e-01 -3.588345433016469632e-02 -7.420980438494301397e-03 5.372768041344366807e+00 3.590566440803838466e-02 9.993510293000872347e-01 2.881579475492196396e-03 1.101196991749925636e-01 7.312763414117529233e-03 -3.146099520237258078e-03 9.999683122724729589e-01 1.296478751294354546e-02
9.992852461615031601e-01 -3.694071530598531938e-02 -8.023737073596602307e-03 5.614539857558582092e+00 3.696829693503519976e-02 9.993109345924483522e-01 3.316779415419412146e-03 1.141503071977506278e-01 7.895683989822136276e-03 -3.611032629266163613e-03 9.999623085985207549e-01 1.689473836173107160e-02
9.992348311834321484e-01 -3.835203493742520703e-02 -7.672911180009924642e-03 5.841946969515914745e+00 3.837750750870853184e-02 9.992581866319339978e-01 3.200525968965073180e-03 1.229635461148557291e-01 7.544472628144725454e-03 -3.492544232721489852e-03 9.999654409366084407e-01 3.038017522192040798e-02
9.992428882276140900e-01 -3.815124491108271704e-02 -7.624489377689939139e-03 6.051462675415858250e+00 3.817161257727224449e-02 9.992679604181908815e-01 2.543870067323275586e-03 1.443697724984887576e-01 7.521856139713963864e-03 -2.832983127972593315e-03 9.999676974216767933e-01 2.730692488605598531e-02
9.992750606316630479e-01 -3.715925750957115026e-02 -8.279056765332491741e-03 6.280587332385985100e+00 3.718648568121343811e-02 9.993033489196596619e-01 3.159449419418224481e-03 1.539294235169340330e-01 8.155886356928095798e-03 -3.465028036009808621e-03 9.999607367784210110e-01 3.122874751928231274e-02
9.993545606095169953e-01 -3.486270338027983723e-02 -8.663377053883059356e-03 6.545675757406440809e+00 3.490738173194257027e-02 9.993777391660383369e-01 5.060549377131255168e-03 1.454382059429953633e-01 8.481561741776397559e-03 -5.359698909133418267e-03 9.999496671023115901e-01 3.021762333540557732e-02
9.994430149726885038e-01 -3.209007030792433018e-02 -9.158996120477472594e-03 6.818669513718481845e+00 3.214278183666279681e-02 9.994672205631308648e-01 5.667150572429877943e-03 1.457214793225190264e-01 8.972257135367251238e-03 -5.958389668556863215e-03 9.999419964150193518e-01 2.369919517491880789e-02
9.995258120751624453e-01 -2.929830146437627236e-02 -9.474203227165247168e-03 7.077422557277575521e+00 2.934916126535638131e-02 9.995553043559072259e-01 5.274492107284480327e-03 1.609161838649548204e-01 9.315456430428184151e-03 -5.550050925192387061e-03 9.999412078748532995e-01 2.294044288168829021e-02
9.996176852957351366e-01 -2.601770097878682367e-02 -9.357482555419674095e-03 7.338007078017001028e+00 2.606942150861661298e-02 9.996452875969888963e-01 5.448325186655197765e-03 1.705056781528688781e-01 9.212410444754718167e-03 -5.690186368819486092e-03 9.999413749179926203e-01 3.639449957289725424e-02
9.997099188973306294e-01 -2.253212080045663077e-02 -8.507737097850446087e-03 7.581107977059606817e+00 2.257456456781438067e-02 9.997330251517566602e-01 4.926200918635762448e-03 1.617202234937728245e-01 8.394467991843830232e-03 -5.116830381282727776e-03 9.999516743093053162e-01 5.320729876311418305e-02
9.997820492414992710e-01 -1.931933334368365549e-02 -7.913114028235730332e-03 7.870506095366051724e+00 1.935349720920918545e-02 9.998036118426467667e-01 4.263788476371003534e-03 1.701850284673371572e-01 7.829186435470829666e-03 -4.416005610700106561e-03 9.999596005510447139e-01 5.652855939704488908e-02
9.998593770600340269e-01 -1.538083404939954123e-02 -6.682518167983281937e-03 8.188197306331270298e+00 1.540949167569059634e-02 9.998721989179816250e-01 4.258332680401021204e-03 1.833825479483651433e-01 6.616167426646423974e-03 -4.360708069222340132e-03 9.999686047840290470e-01 3.376424282217097006e-02
9.999153826801450151e-01 -1.189016716265474567e-02 -5.277442985324719629e-03 8.476754410572510778e+00 1.191751494193251347e-02 9.999155605721458118e-01 5.181173930706508245e-03 2.043418989634434302e-01 5.215392336923616728e-03 -5.243629519287592612e-03 9.999726516421518774e-01 1.342125700843495653e-02
9.999474141686891526e-01 -9.000436917295049494e-03 -4.915387334667628907e-03 8.761546086972661129e+00 9.032645724212036431e-03 9.999376196921168081e-01 6.570238632234025496e-03 1.935679134784997202e-01 4.855945692951330397e-03 -6.614292083164969617e-03 9.999663348991633116e-01 3.583744587136239446e-02
9.999602516478279801e-01 -6.995237138248809605e-03 -5.528271139525448019e-03 9.052600280348535478e+00 7.034573237068485196e-03 9.999498496410298420e-01 7.128322541397011727e-03 1.782457354956500928e-01 5.478129588168319589e-03 -7.166928230527605179e-03 9.999593117902116912e-01 4.631801223716922045e-02
9.999700195662601931e-01 -4.938960302048759320e-03 -5.963777308712696866e-03 9.370769393418894921e+00 4.987829201788986609e-03 9.999538789447921516e-01 8.207407819636402049e-03 1.738418107005640645e-01 5.922966191606285520e-03 -8.236908060603452195e-03 9.999485345842026307e-01 4.838228774816176470e-02
9.999839412900355384e-01 -3.389025273200197211e-03 -4.542209786469036774e-03 9.705078812212082795e+00 3.427497333574406647e-03 9.999580932751708229e-01 8.489049152474991214e-03 1.698571664192745634e-01 4.513249835210221723e-03 -8.504481241228436031e-03 9.999536511132616212e-01 4.336661071582172122e-02
9.999939895593694672e-01 -2.828782633712321071e-03 -2.004702957265938092e-03 1.003673607550598135e+01 2.845096074129654321e-03 9.999624794564234698e-01 8.181999003353002467e-03 1.574698510998597811e-01 1.981482643031535693e-03 -8.187653398447266098e-03 9.999645173996736247e-01 3.284106752466232210e-02
9.999947624938221313e-01 -3.234760413059372015e-03 -1.063484574920128389e-04 1.035073718310858837e+01 3.235621066859513742e-03 9.999501020129613060e-01 9.451150225232076221e-03 1.626358908994728625e-01 7.577094431160142241e-05 -9.451444828083873859e-03 9.999553312270632599e-01 3.757582198555443898e-02
9.999827533203931029e-01 -5.654084315358790490e-03 1.588833635277255713e-03 1.066169786418079823e+01 5.637743725942392752e-03 9.999330248837314805e-01 1.010750179576229944e-02 1.984631414709727981e-01 -1.645875890330682212e-03 -1.009837003805835222e-02 9.999476556375979097e-01 1.686233195889482589e-02
9.999522402829910117e-01 -9.443988423390576453e-03 2.515598474778862458e-03 1.097799104908814272e+01 9.410749904821654604e-03 9.998723457381764046e-01 1.291239769622481819e-02 2.152243324478267106e-01 -2.637221882273882347e-03 -1.288810733565784288e-02 9.999134671310554445e-01 8.756246534100288817e-03
9.998894850018026359e-01 -1.444902495672769661e-02 3.499065679550170463e-03 1.133720482648623928e+01 1.439881392497537570e-02 9.997986899093755930e-01 1.397332505347435340e-02 2.146034354572091407e-01 -3.700262204747239297e-03 -1.392139839585014756e-02 9.998962459807118064e-01 2.070193953762205705e-02
9.997968922158458893e-01 -1.970765665161754165e-02 4.216940222262859778e-03 1.168896626988470189e+01 1.965827465729018397e-02 9.997412164695492764e-01 1.144780893815174581e-02 2.175039923805378306e-01 -4.441458435550856357e-03 -1.136258602994228047e-02 9.999255797736537055e-01 3.306595468995628812e-02
9.996304121847298108e-01 -2.698031433853137484e-02 3.331917403105184427e-03 1.201946876120537055e+01 2.695596368792019248e-02 9.996110590865888712e-01 7.148886168052362954e-03 2.183729789148347034e-01 -3.523500680091441652e-03 -7.056428982302644613e-03 9.999688953927392543e-01 4.450415797305720678e-02
9.993375930095834692e-01 -3.638413264807274089e-02 -7.550425547900585510e-04 1.232502774543062962e+01 3.638738917269471879e-02 9.993258680203146449e-01 4.875183549326153089e-03 2.482880682351817359e-01 5.771542315154663816e-04 -4.899428220946608174e-03 9.999878311740102443e-01 5.910491775656456087e-02
9.988406896804530311e-01 -4.785207593556482786e-02 -5.239796497363206733e-03 1.263387689397034563e+01 4.788857741602234319e-02 9.988276087068794773e-01 7.077587015823332862e-03 2.858441610989082005e-01 4.894976174250228497e-03 -7.320308296366577309e-03 9.999612253956148278e-01 7.419779399247881935e-02
9.981528056547414041e-01 -6.017264101754703221e-02 -8.380324369698393186e-03 1.296286028316304773e+01 6.025753773159003845e-02 9.981299707829167644e-01 1.027572729395214227e-02 3.030012272046008204e-01 7.746335268625230593e-03 -1.076172374051139954e-02 9.999120859315777654e-01 6.157477840425995552e-02
9.972084206819138430e-01 -7.383316179380529365e-02 -1.113687301772339766e-02 1.328858041177600491e+01 7.396863003345004184e-02 9.971848854077568491e-01 1.228601177329091514e-02 3.097453374472818877e-01 1.019840634892126008e-02 -1.307549363690032641e-02 9.998625025342703365e-01 4.598377362198565604e-02
9.959008107352369521e-01 -8.933935571784182295e-02 -1.414406931609718879e-02 1.361947036012999313e+01 8.948094463696679157e-02 9.959411563794763333e-01 9.714606342387915525e-03 3.565411582725213080e-01 1.321876407890390862e-02 -1.094040901577291412e-02 9.998527750258003888e-01 4.235669789424852810e-02
9.941404302104872581e-01 -1.065359213407941208e-01 -1.830034111637107025e-02 1.394811764595889336e+01 1.066417639004473006e-01 9.942854055041249195e-01 4.905771468299261959e-03 4.128720411450180205e-01 1.767312120449218010e-02 -6.828606414639053213e-03 9.998204993504210547e-01 4.755484910510279078e-02
9.917608678467344507e-01 -1.264899805811404432e-01 -2.026489132649759300e-02 1.427270346476062812e+01 1.265873805828722498e-01 9.919489539747137208e-01 3.592740686199629319e-03 4.890762924057630023e-01 1.964729205410007534e-02 -6.128419131711514492e-03 9.997881907653675126e-01 7.685129392051116837e-02
9.888547199937132159e-01 -1.476914308345409488e-01 -1.880382950893273036e-02 1.459904668663910243e+01 1.478077113410995458e-01 9.890037582315476250e-01 4.944357590285219928e-03 5.482743349054943760e-01 1.786681880641290132e-02 -7.668602344653861064e-03 9.998109667951329271e-01 8.403898973118818783e-02
9.853672802679700471e-01 -1.697215750091507769e-01 -1.568151630796392124e-02 1.490434647712492833e+01 1.698395846405430787e-01 9.854501653593961130e-01 6.518211584993990199e-03 5.986028766257185385e-01 1.434707170232103930e-02 -9.086174637995197284e-03 9.998557910839024343e-01 8.318830525782899832e-02
9.810876686888728715e-01 -1.929529437956389870e-01 -1.536710210902920461e-02 1.522165629875196480e+01 1.930792996421628049e-01 9.811567398905559623e-01 7.199709509966812152e-03 6.949866442333431094e-01 1.368833066243882630e-02 -1.003061553111140973e-02 9.998559978095559186e-01 8.602470191856056991e-02
9.761149492860830001e-01 -2.166792943762212431e-01 -1.580155589967430912e-02 1.554196513407940827e+01 2.168001535997490237e-01 9.761952596757124123e-01 6.364619846750187507e-03 7.944138191484135803e-01 1.404632262739612288e-02 -9.638380325100165749e-03 9.998548906943226511e-01 7.917576420306425555e-02
