1.000000000000000000e+00 0.000000000000000000e+00 0.000000000000000000e+00 0.000000000000000000e+00 0.000000000000000000e+00 1.000000000000000000e+00 0.000000000000000000e+00 0.000000000000000000e+00 0.000000000000000000e+00 0.000000000000000000e+00 1.000000000000000000e+00 0.000000000000000000e+00
9.999999839835970183e-01 1.533457809059590542e-04 -9.229234652353624142e-05 1.099695971137844112e-02 -1.533520087159875856e-04 9.999999859650843259e-01 -6.747586675023046706e-05 -3.755580337270933520e-03 9.228199808874182884e-05 6.749001888623828245e-05 9.999999934645650290e-01 -1.624690678501586110e-03
9.999999013868280384e-01 4.281249584750191294e-04 -1.180481011892381193e-04 3.432461325194297724e-02 -4.281381525000050822e-04 9.999999021030815394e-01 -1.117656015292821663e-04 -7.578839874469912689e-03 1.180002399891791185e-04 1.118161314036709725e-04 9.999999867865480008e-01 1.201662023000702080e-03
9.999997298494869291e-01 6.951954279795027631e-04 -2.387556702517272208e-04 6.165506661817288236e-02 -6.952476644027962005e-04 9.999997343845291597e-01 -2.187728416507195490e-04 -3.864330698507691814e-03 2.386035169552458012e-04 2.189387768712295745e-04 9.999999475670854343e-01 1.079306317725414917e-03
9.999994261012059571e-01 1.004650737803852679e-03 -3.721211547182147450e-04 9.975201426271335103e-02 -1.004867768320356338e-03 9.999993248849953220e-01 -5.834983476149816157e-04 2.679296953316539706e-03 3.715346914482009120e-04 5.838719453002701567e-04 9.999997605277336499e-01 1.032656681512640010e-03
9.999986396468822925e-01 1.524694019394241254e-03 -6.292952662742761589e-04 1.516352019508709625e-01 -1.525101276957531405e-03 9.999986276028379750e-01 -6.471928116818350188e-04 2.372758713048783198e-03 6.283076316218723584e-04 6.481516702852541893e-04 9.999995925643831995e-01 2.978542434411854400e-03
9.999968817633692053e-01 2.369330520389729359e-03 -7.891365048311712932e-04 2.231981348439193158e-01 -2.369942255262411351e-03 9.999968912421157707e-01 -7.751643766569240278e-04 -9.244435091242458533e-04 7.872974309809079247e-04 7.770321674589392765e-04 9.999993881916957594e-01 2.703664410476361822e-03
9.999945273887023145e-01 3.231593912409483089e-03 -7.085149476899006617e-04 3.126153623399143822e-01 -3.232063199214896178e-03 9.999945576070448094e-01 -6.622112706396619461e-04 -5.722325918500166878e-04 7.063710937622127463e-04 6.644976117033030323e-04 9.999995297412903605e-01 4.604023569760258561e-03
9.999922930644545849e-01 3.835280794237789191e-03 -8.393050240481983709e-04 4.391412829484096503e-01 -3.835891782736224054e-03 9.999923782556358054e-01 -7.275746480569087382e-04 3.010015466253123783e-03 8.365081740057944953e-04 7.307885239309473572e-04 9.999993831009137413e-01 7.663117791054371852e-03
9.999899871570402388e-01 4.333649309233068153e-03 -1.115826745964923613e-03 5.736477035641406319e-01 -4.334420447119095507e-03 9.999903685773163797e-01 -6.896027773229420049e-04 2.692377168603491983e-03 1.112827502366300946e-03 6.944323347017808661e-04 9.999991396889711393e-01 6.917509620587833363e-03
9.999851649272999410e-01 5.255029603364459560e-03 -1.433383824583945058e-03 6.966338380797093555e-01 -5.255674716308411133e-03 9.999860890886704823e-01 -4.466681340418444100e-04 -4.351977900676639970e-03 1.431016630641390687e-03 4.541949068132343612e-04 9.999988729485596028e-01 8.866207077233085460e-03
9.999769707547017106e-01 6.576563444354925798e-03 -1.675342804536036770e-03 8.065033287225058523e-01 -6.577805454547446494e-03 9.999780944732151733e-01 -7.369186655550284421e-04 -7.400852442991549991e-03 1.670459712912006128e-03 7.479217739122284887e-04 9.999983250872811480e-01 1.282385567639065561e-02
9.999676036126146084e-01 7.858710083532461851e-03 -1.741379070709021034e-03 9.233862861086544749e-01 -7.860197489685838076e-03 9.999687477903683730e-01 -8.489628883263135306e-04 -9.463599850927043727e-03 1.734652895554220347e-03 8.626229683958860049e-04 9.999981234287124154e-01 1.919711847392476314e-02
9.999602141405070643e-01 8.744045122883485274e-03 -1.764032584768610284e-03 1.073205148258935315e+00 -8.745506483909289488e-03 9.999614191309287303e-01 -8.224147366699289868e-04 -9.414341059358250635e-03 1.756773295291253791e-03 8.378093746006920603e-04 9.999981059097265979e-01 2.211578614801788106e-02
9.999480386864882941e-01 1.002412989815405081e-02 -1.853846495864724421e-03 1.243079114314284528e+00 -1.002478717809571901e-02 9.999496908367498937e-01 -3.455973410600366629e-04 -1.487301967379055928e-02 1.850288917759481105e-03 3.641637999501513975e-04 9.999982219062429900e-01 1.628475962769913160e-02
9.999293024550189868e-01 1.172395235431574791e-02 -1.984699728632073005e-03 1.425726980945369426e+00 -1.172318333525234312e-02 9.999312016526500368e-01 3.986652422872388074e-04 -1.913513572878853056e-02 1.989237116876654225e-03 -3.753700588491604953e-04 9.999979510144066941e-01 1.034967103711421400e-02
9.999088286688525562e-01 1.334053750259121991e-02 -2.089116852920758563e-03 1.611577206379918303e+00 -1.333887650814620691e-02 9.999107075790113486e-01 8.069958743658214124e-04 -1.218076204611607746e-02 2.099696069345647134e-03 -7.790558277655279572e-04 9.999974921710721443e-01 1.641777930543749861e-02
9.998876903865099308e-01 1.483519383535627373e-02 -2.126884434640190051e-03 1.787805863436938925e+00 -1.483382280368769277e-02 9.998897556642020179e-01 6.589528140806993114e-04 -1.528481044253118034e-03 2.136425650403614603e-03 -6.273289805174676968e-04 9.999975210688226701e-01 2.377781808141100905e-02
9.998611861744711726e-01 1.651389271137614426e-02 -2.213533215608051111e-03 2.002307519102511257e+00 -1.651263543219861837e-02 9.998634859610872061e-01 5.850750601333659564e-04 -9.464266914421896534e-03 2.222892904019664866e-03 -5.484425766196492774e-04 9.999973789755037812e-01 1.720646174178583343e-02
9.998323641347298674e-01 1.816847310357912193e-02 -2.269408258004041844e-03 2.247485374065062214e+00 -1.816696952222601052e-02 9.998347347921867634e-01 6.814113413660121028e-04 -2.733616940148697952e-02 2.281413407404752226e-03 -6.400688417295499234e-04 9.999971927284307949e-01 1.592965103102565033e-02
9.997976755740707322e-01 1.998574286627990276e-02 -2.275521647495751427e-03 2.481636189878516419e+00 -1.998288351902102744e-02 9.997995125243509529e-01 1.272447380242975028e-03 -3.408722914579566388e-02 2.300496240057267432e-03 -1.226718449030323680e-03 9.999966014336729714e-01 2.471616816500218916e-02
9.997607870363002247e-01 2.177127883559654836e-02 -2.092874200761494878e-03 2.736599800617081524e+00 -2.176765911321652119e-02 9.997615474205582276e-01 1.737042308558907865e-03 -3.805612651697686671e-02 2.130192781958740317e-03 -1.691069813351184052e-03 9.999963012739587764e-01 2.824466806249449971e-02
9.997156534444643361e-01 2.376351040410922683e-02 -1.976823558529428385e-03 3.003187238308148377e+00 -2.375821429127322054e-02 9.997141928999387916e-01 2.660783364726440354e-03 -3.796228586522782528e-02 2.039488121491590117e-03 -2.613060982422074196e-03 9.999945061851611694e-01 2.397641730016034783e-02
9.996711355855779635e-01 2.556873261548438248e-02 -1.964838283124201602e-03 3.273437779454239749e+00 -2.556300989967746906e-02 9.996690513769534991e-01 2.884483310903874879e-03 -4.710221373851744553e-02 2.037940605110221282e-03 -2.833307526506154833e-03 9.999939095647284448e-01 2.744097495894135333e-02
9.996115895196000523e-01 2.779429082471809864e-02 -2.036540117348768601e-03 3.540286108814574284e+00 -2.778779389134546779e-02 9.996088755209356913e-01 3.151902667059598793e-03 -6.574316163086645071e-02 2.123348476035735732e-03 -3.094087477998168096e-03 9.999929589821759945e-01 3.506071644957201028e-02
9.995501526044500151e-01 2.991528336438613669e-02 -2.137346403669637684e-03 3.812290445377590320e+00 -2.990910800437352954e-02 9.995485164136821421e-01 2.865064325566714278e-03 -7.425949715130403250e-02 2.222090638006627913e-03 -2.799849359411659810e-03 9.999936115579743934e-01 3.461847639658026388e-02
9.994929156761225286e-01 3.174360813190287706e-02 -2.500971013769593375e-03 4.112189242440686066e+00 -3.173614128112085125e-02 9.994918668764617431e-01 2.970754851894893966e-03 -9.102829376869848998e-02 2.594002665430988723e-03 -2.889877259246434980e-03 9.999924598513721952e-01 3.519772335435869537e-02
9.994349588976463306e-01 3.346253418611300212e-02 -3.165713048132334177e-03 4.435516778229692036e+00 -3.345305015773886170e-02 9.994357790363909144e-01 3.002834838322652848e-03 -1.055815173008275154e-01 3.264409349898429475e-03 -2.895235355831241551e-03 9.999904805766055560e-01 3.522839695891245154e-02
9.993734236613074362e-01 3.520129876434243549e-02 -3.691699443405128695e-03 4.762725908717883705e+00 -3.519016760060298538e-02 9.993760165861195199e-01 3.038021840225182089e-03 -1.097916064448132001e-01 3.796338198633776324e-03 -2.906206765479186702e-03 9.999885708239458770e-01 3.974420034531440937e-02
9.993193734461477407e-01 3.669540821448447065e-02 -3.773177861044648730e-03 5.099619980818303588e+00 -3.668068457453400877e-02 9.993194269066779656e-01 3.900049493570169595e-03 -1.097485942410655751e-01 3.913723845939354185e-03 -3.758992269358914142e-03 9.999852762629940495e-01 4.919191083489939109e-02
9.992818260766104244e-01 3.768578549885541473e-02 -3.951410422775574784e-03 5.456150327941281297e+00 -3.766224670841665512e-02 9.992732777128612298e-01 5.871253858354346690e-03 -1.122055838677908091e-01 4.169801658270981017e-03 -5.718218282746893345e-03 9.999749570533261744e-01 5.347729566418104458e-02
9.992420828069039640e-01 3.869998190691897877e-02 -4.191819190354797303e-03 5.819186370602007052e+00 -3.866493813955144965e-02 9.992190666937541543e-01 8.141210863720828653e-03 -1.187990842872251873e-01 4.503610372261697067e-03 -7.972964070347339852e-03 9.999580737898703386e-01 4.975772182339579380e-02
9.991871875279025872e-01 4.010793132541313338e-02 -4.039569887483379119e-03 6.185875397696562139e+00 -4.006622052126253969e-02 9.991477291217042422e-01 9.925389870583565047e-03 -1.341143072714038875e-01 4.434213935014753340e-03 -9.755472091983364777e-03 9.999425826071419721e-01 4.801424201983205131e-02
9.991347390750940916e-01 4.139440398859338399e-02 -4.034413436037032584e-03 6.576493607239787487e+00 -4.135342115441421884e-02 9.990968983363005540e-01 9.761264959497278904e-03 -1.497176729068946111e-01 4.434831695724028057e-03 -9.585982120418706093e-03 9.999442190515517304e-01 4.583868289522258915e-02
9.991157291651295846e-01 4.191386024052624198e-02 -3.314823459716396623e-03 6.993967322371722695e+00 -4.187904017957534003e-02 9.990730840443045047e-01 9.955839082650613098e-03 -1.692126447375234544e-01 3.729038544848658002e-03 -9.808213799655501192e-03 9.999449450912741844e-01 5.119569141269370016e-02
9.991178159572523532e-01 4.193884131612934940e-02 -2.173344397595256428e-03 7.411862100309903667e+00 -4.191458257946438504e-02 9.990690229830826441e-01 1.021053783196451681e-02 -1.972283669107696980e-01 2.599539189798344679e-03 -1.011043543519466251e-02 9.999455092610354257e-01 4.311356355032384957e-02
9.991711778217389206e-01 4.070565489589269420e-02 -8.408219464464491044e-05 7.827130927339247535e+00 -4.070245450647192592e-02 9.991146081448516458e-01 1.064471646913030430e-02 -2.040100475542686587e-01 5.173079040113870691e-04 -1.063247154033705906e-02 9.999433398655527272e-01 3.712713003117117105e-02
9.992531753046622889e-01 3.862095614527549098e-02 1.230199160558318339e-03 8.235134556224572577e+00 -3.863267710976885788e-02 9.991856913644099336e-01 1.163917660139767579e-02 -2.060516210121746405e-01 -7.796812696686839265e-04 -1.167801006382891346e-02 9.999315057433018072e-01 2.923998147872870768e-02
9.993410071994967003e-01 3.627060121085846911e-02 1.412380012035298511e-03 8.648312809191278205e+00 -3.628593620643563722e-02 9.992566822377159097e-01 1.301590707154081858e-02 -2.078440199296224256e-01 -9.392353900958078311e-04 -1.305857921350461054e-02 9.999142919999727264e-01 3.588478961704573422e-02
9.994201209333997138e-01 3.404172313828286028e-02 7.635176783937911360e-04 9.073459780106359673e+00 -3.404913081337299779e-02 9.993195634645533065e-01 1.417980140440600750e-02 -2.233041246380816081e-01 -2.802932795053289647e-04 -1.419757594771299536e-02 9.998991700531041360e-01 3.949665460176740583e-02
9.994829034483493357e-01 3.215468180633052758e-02 -4.639387178180469210e-05 9.501024559889780008e+00 -3.215044867593318950e-02 9.993727457902884526e-01 1.484801742710514620e-02 -2.398731986240492109e-01 5.237980468538410263e-04 -1.483884798470114057e-02 9.998897610367319944e-01 4.923826854132578451e-02
9.995326376882689434e-01 3.054210925708782456e-02 -1.298367459482744094e-03 9.940225073424718616e+00 -3.051747558578545363e-02 9.994062949088003966e-01 1.599191609954655341e-02 -2.544598281086712932e-01 1.786023460854333942e-03 -1.594481918342311594e-02 9.998712781460448173e-01 5.675530240856262176e-02
9.995921614513898490e-01 2.842372698971037948e-02 -2.757264759314178096e-03 1.036680770888081504e+01 -2.837267286904574665e-02 9.994517950333784428e-01 1.706167749149495316e-02 -2.512268778507498190e-01 3.240709676083570676e-03 -1.697648811068060148e-02 9.998506371714843688e-01 6.733399517780946919e-02
9.996561810849556862e-01 2.589579387201886365e-02 -4.114301688034491256e-03 1.081160736306317638e+01 -2.581961239359506846e-02 9.995116689312972813e-01 1.760032062257132698e-02 -2.544235379986788947e-01 4.568066821617757303e-03 -1.748803962457507952e-02 9.998366372741112063e-01 7.302075271225659525e-02
9.997148971714496790e-01 2.337309378651549613e-02 -4.880866759557689512e-03 1.127743485552045577e+01 -2.328148459029993206e-02 9.995659804851539931e-01 1.805057151517489716e-02 -2.670980441226739055e-01 5.300646069059065761e-03 -1.793179142192902198e-02 9.998251617196133312e-01 7.058964965169765848e-02
9.997751482484751318e-01 2.078112811439567637e-02 -4.218727181578587476e-03 1.174467989453424366e+01 -2.070462157876084425e-02 9.996336241114868182e-01 1.743376582999053154e-02 -2.790834468761467790e-01 4.579474862888448239e-03 -1.734249866736936596e-02 9.998391201338105994e-01 6.858481778868283363e-02
9.998370206277276129e-01 1.770747885065570779e-02 -3.518149374689154198e-03 1.222522872401685134e+01 -1.764453163065584848e-02 9.996966651247577440e-01 1.718278912088257865e-02 -2.914795077447017713e-01 3.821346072240804689e-03 -1.711791258277469557e-02 9.998461753604924729e-01 6.846670439362183280e-02
9.998909413259652323e-01 1.460524999865323546e-02 -2.189092677817182277e-03 1.273007383361326639e+01 -1.456360083304426671e-02 9.997325139911829028e-01 1.796669139394095269e-02 -2.942570165996400422e-01 2.450915145611021629e-03 -1.793285089845446725e-02 9.998361895198647487e-01 7.120782700973382617e-02
9.999195743966493577e-01 1.158541712444785370e-02 5.159733372577801624e-03 1.323700767288024771e+01 -1.171298439674590443e-02 9.996082194949342803e-01 2.542073001880501906e-02 -2.797873367331701333e-01 -4.863202128755258688e-03 -2.547912141774002007e-02 9.996635252107756164e-01 5.051908233266072523e-02
9.998955288157161947e-01 7.614669588579341640e-03 1.228610033314382274e-02 1.375420648489763487e+01 -7.988698170427901632e-03 9.994971186520898998e-01 3.068697619042878508e-02 -2.666047683163752513e-01 -1.204625069808501481e-02 -3.078192023293716342e-02 9.994535313014267786e-01 9.839562305913169410e-03
9.999265440292911533e-01 3.109848765816984172e-03 1.171475079938869013e-02 1.426173703518660574e+01 -3.409849226850891323e-03 9.996644897873495639e-01 2.567646366710626266e-02 -2.715743350917884102e-01 -1.163097046201114551e-02 -2.571452311149927117e-02 9.996016625772787823e-01 2.019311562870185900e-02
9.999795075759456697e-01 -1.720149252461266112e-03 6.166483172638600845e-03 1.476747527531933635e+01 1.615978791817072532e-03 9.998565816474580537e-01 1.685837325498795725e-02 -2.953812107746314197e-01 -6.194597703933283663e-03 -1.684806288002727026e-02 9.998388718871041858e-01 8.993713621347131093e-02
9.999815128333431336e-01 -6.077483850597554041e-03 1.954010854064371257e-04 1.529758219161105082e+01 6.074191977938710532e-03 9.998854952235256555e-01 1.386003728061633265e-02 -2.954201035772910378e-01 -2.796128637904556047e-04 -1.385859414409179764e-02 9.999039259773889743e-01 1.533991536692582425e-01
9.999219070332441284e-01 -1.004243775537330338e-02 -7.438365339892828894e-03 1.582830180166489953e+01 1.017609689428126615e-02 9.997834076999193575e-01 1.815446886953952371e-02 -2.529465997574205094e-01 7.254439123630807527e-03 -1.822874465963943841e-02 9.998075244671522643e-01 1.302278702313944825e-01
9.998140807726635382e-01 -1.399078778376343195e-02 -1.326882609364745703e-02 1.638265191528233444e+01 1.432832761968667705e-02 9.995671602258994204e-01 2.569418661008792890e-02 -2.304336112825324800e-01 1.290360090582034526e-02 -2.587952965416477277e-02 9.995817860628226637e-01 1.644010819908078846e-02
9.997500789741515792e-01 -1.902206762702044265e-02 -1.174480882648442498e-02 1.696244646519031463e+01 1.932747790778680322e-02 9.994629510280472751e-01 2.646239067112344384e-02 -2.260687376579968710e-01 1.123513190405963508e-02 -2.668277469642557631e-02 9.995808128138505833e-01 -6.509320732851470170e-02
9.996912556913741810e-01 -2.428061642171226372e-02 -5.276832419663675736e-03 1.753120379213898872e+01 2.438088989878355387e-02 9.995056363001323385e-01 1.985082396302182556e-02 -2.148470603501845821e-01 4.792233502964041852e-03 -1.997334900433986316e-02 9.997890276591376857e-01 -2.800582016327490820e-03
9.995885073555147438e-01 -2.865260819048421476e-02 -1.357942066767546356e-03 1.809541702631448956e+01 2.867086442831288939e-02 9.994576196405084989e-01 1.620024924073192041e-02 -1.975714922287858388e-01 8.930261515783235668e-04 -1.623251633022832624e-02 9.998678452264986305e-01 1.332862446811636514e-01
9.994454853139265182e-01 -3.309874977080647790e-02 -3.632443973342571429e-03 1.866444672615516254e+01 3.315405312424451328e-02 9.993157079812685639e-01 1.639891896835588350e-02 -1.650924043510148820e-01 3.087174605477780581e-03 -1.651025576741524045e-02 9.998589304534164501e-01 1.824403085264778845e-01
9.992104572409956642e-01 -3.813929209195700970e-02 -1.112908527079842225e-02 1.925235970057539348e+01 3.831591087402100998e-02 9.991357494039224685e-01 1.611351100649283455e-02 -1.475319109106774662e-01 1.050490904931574224e-02 -1.652720973990081180e-02 9.998082307243119082e-01 1.103493916979456646e-01
9.989295820404238135e-01 -4.304433164451948457e-02 -1.693740351472756284e-02 1.986056476431983597e+01 4.325440825557617941e-02 9.989891265097211592e-01 1.223851632365418989e-02 -1.280234472227834708e-01 1.639348318704813429e-02 -1.295803336239824237e-02 9.997816477013242720e-01 4.880153526662268926e-02
9.988000877947452727e-01 -4.654250398576182529e-02 -1.523745201615066443e-02 2.047762843176570158e+01 4.669490436855110865e-02 9.988610914466731217e-01 9.803361666934776522e-03 -1.027979009980558855e-01 1.476382495226138784e-02 -1.050310985833263593e-02 9.998358436043802699e-01 7.820225016375201288e-02
9.987371325214601248e-01 -4.982443694515271276e-02 -6.454890077290128744e-03 2.112529065518262783e+01 4.989093966177491485e-02 9.986985529556661190e-01 1.058746730449495847e-02 -6.321648371759665264e-02 5.918974782555864317e-03 -1.089613726772547912e-02 9.999231170095860266e-01 1.317695758999301026e-01
9.985395478480044718e-01 -5.381697615947260427e-02 4.743886650575873665e-03 2.177651394979130828e+01 5.372345300433839510e-02 9.983931554671295894e-01 1.802491924194329909e-02 -1.231103427246769619e-02 -5.706310611366921526e-03 -1.774373673831673714e-02 9.998262838242291117e-01 1.257963245244410055e-01
9.982698089196646585e-01 -5.762069701592485715e-02 1.171511309783981360e-02 2.241674513347075148e+01 5.737481763668615675e-02 9.981454796991490186e-01 2.034039471870550606e-02 3.491794097805791391e-02 -1.286541490404395117e-02 -1.963304947161098948e-02 9.997244742766839831e-01 3.267431597364878204e-02
9.980791122624562695e-01 -6.073930014634768698e-02 1.219930666550767158e-02 2.305277917738657223e+01 6.049869207683617606e-02 9.979834314449860244e-01 1.920882136631716849e-02 7.502601558700938700e-02 -1.334143629371935084e-02 -1.843388127939449631e-02 9.997410655257679135e-01 6.283273665882480041e-02
9.979792867701786641e-01 -6.294241058530515576e-02 8.694603348999730558e-03 2.371077400443367722e+01 6.277800121753969453e-02 9.978644619832857110e-01 1.803990227075320113e-02 1.214057629866146515e-01 -9.811510628652216071e-03 -1.745761898194047451e-02 9.997994627917466959e-01 1.301460994827978446e-01
9.979735937426643666e-01 -6.362499207574558169e-02 -7.527122376904380775e-04 2.437158818358211221e+01 6.362577736325207567e-02 9.977192520957299804e-01 2.254006327539982354e-02 1.649363204726244925e-01 -6.831158564523100944e-04 -2.254227985139170207e-02 9.997456571407691284e-01 1.888356445882440615e-01
9.978553809629019389e-01 -6.411184820591424305e-02 -1.320263621416720851e-02 2.506175315812665971e+01 6.443225729500258459e-02 9.975969581791562790e-01 2.547142028951937184e-02 2.196956748122615988e-01 1.153788989600846790e-02 -2.626746945018808635e-02 9.995883638505557167e-01 1.173598384211122503e-01
9.976350764931978254e-01 -6.565259633097607350e-02 -2.034676252904356331e-02 2.574589849389725771e+01 6.619482487542506510e-02 9.974350481209601771e-01 2.723178179351722072e-02 2.776913027418183022e-01 1.850673688479930606e-02 -2.851423109501352582e-02 9.994220526458964526e-01 6.237012126393802480e-02
9.975300294419886526e-01 -6.716303678604212957e-02 -2.056615790910066091e-02 2.642150411506646890e+01 6.769731085205535348e-02 9.973542224878972906e-01 2.648828021903275320e-02 3.224883728814755268e-01 1.873271109224452016e-02 -2.781512853176423133e-02 9.994375439015166229e-01 6.481035206002927485e-02
9.975675570087558786e-01 -6.793228215299952633e-02 -1.562607580513885111e-02 2.711094492025231162e+01 6.829467700882603520e-02 9.973773912169539013e-01 2.396198200323529370e-02 3.574300044377900498e-01 1.395730259909887423e-02 -2.497087364808259213e-02 9.995907408401744076e-01 1.041175323443502693e-01
9.976090847153096242e-01 -6.870745133451608422e-02 -7.443132713942300985e-03 2.783100841792592206e+01 6.883718809795680293e-02 9.974496015375248215e-01 1.886091003635785579e-02 4.166711527761814415e-01 6.128264701264920719e-03 -1.932817952493645630e-02 9.997944117907456851e-01 1.437460327233094359e-01
9.975851910426776215e-01 -6.945157118481776193e-02 -5.156280679955292006e-04 2.856067429553887038e+01 6.944978254520312033e-02 9.974278579339703743e-01 1.773121320371029430e-02 4.787718065558281832e-01 -7.171588166592536432e-04 -1.772420596843827384e-02 9.998426567245568553e-01 1.694841736111579733e-01
9.975515849649269073e-01 -6.993294446099518336e-02 -4.675606673703250750e-04 2.929421366924251302e+01 6.992911661522283051e-02 9.973693853907357187e-01 1.908475136648947815e-02 5.355479686906925441e-01 -8.683221619165872734e-04 -1.907072007873636052e-02 9.998177602204821879e-01 1.487465528174550244e-01
9.974827668480612530e-01 -7.073909457550417446e-02 -4.910228077621183775e-03 3.002556054487272519e+01 7.082396030823270849e-02 9.972871355728100129e-01 2.005831167465549694e-02 5.830535155024063609e-01 3.478000487961620518e-03 -2.035558202600994473e-02 9.997867541595998331e-01 1.258547757810137557e-01
9.973764312236503837e-01 -7.204469091726392604e-02 -7.058112368816480027e-03 3.075534345487240628e+01 7.218351242720544292e-02 9.971503748151250290e-01 2.192419986515059538e-02 6.289542274962006685e-01 5.458477191159529819e-03 -2.237615956082501800e-02 9.997347210685753049e-01 1.329251808845920979e-01
9.973234291250067107e-01 -7.287240449128087882e-02 -5.965767511134307047e-03 3.149136474361909066e+01 7.299731021748995241e-02 9.970328786409212718e-01 2.443013733095969822e-02 6.876660287691818141e-01 4.167783505569486874e-03 -2.480023331860325628e-02 9.996837389934846163e-01 1.649761941413065702e-01
9.972982036806622430e-01 -7.322331658196309934e-02 -5.885477386065266631e-03 3.224443739622193306e+01 7.335148439109917540e-02 9.969734495762986315e-01 2.575850495579920171e-02 7.583742811911344806e-01 3.981541528932236451e-03 -2.612061922453611310e-02 9.996508693430823378e-01 1.591054458569031993e-01
9.972429579518843346e-01 -7.367230780149210123e-02 -8.881096699085423013e-03 3.300966174278032383e+01 7.387026651937607380e-02 9.969662884647192413e-01 2.452352725932081812e-02 8.227343136454912109e-01 7.047449164956498015e-03 -2.511196384364455109e-02 9.996598034992618675e-01 1.542602338726529188e-01
9.971511309673487533e-01 -7.443625261063084586e-02 -1.220107814185697123e-02 3.376461112024073685e+01 7.470667878447694032e-02 9.969297553891844910e-01 2.345154503766669341e-02 8.759684593047729617e-01 1.041797271691245058e-02 -2.429623668280907201e-02 9.996505182950302659e-01 1.741278124680128159e-01
9.970985355097156111e-01 -7.511733963446501350e-02 -1.232460022154474415e-02 3.451296772633752141e+01 7.538684916425947291e-02 9.968868976555466110e-01 2.309407404043226780e-02 9.277846144119837879e-01 1.055146707646196884e-02 -2.395618018257934800e-02 9.996573252738131243e-01 1.881669429073717925e-01
9.970732113664806384e-01 -7.609256400587376123e-02 -7.411671764543914173e-03 3.528816086734654789e+01 7.624419930134605783e-02 9.968251042326560230e-01 2.294632093497843070e-02 9.873921465567144784e-01 5.642096084785554536e-03 -2.344425888285689777e-02 9.997092244633954961e-01 1.853861863132197918e-01
9.970250288372640712e-01 -7.706178275101115138e-02 -1.604216721208209361e-03 3.605776328374003015e+01 7.707843517501682118e-02 9.967863946239651218e-01 2.181280182662594450e-02 1.053358627765088151e+00 -8.187199382569802265e-05 -2.187155988476558247e-02 9.997607854707963870e-01 2.011339164365482934e-01
9.969643174301349164e-01 -7.784701336217009215e-02 -1.411482077535816670e-03 3.682074653811520903e+01 7.785963619140875980e-02 9.967601428683825482e-01 2.017658645913937218e-02 1.121842395643457779e+00 -1.637779184268406971e-04 -2.022523422835361892e-02 9.997954356153070377e-01 2.113121486422833428e-01
9.968771477053004482e-01 -7.883396088399508006e-02 -4.599890681887654556e-03 3.759475666271735150e+01 7.890676696556525593e-02 9.967065550284468500e-01 1.870201300308733591e-02 1.183088993928436361e+00 3.110387433514342961e-03 -1.900657188096792696e-02 9.998145206563801013e-01 2.118392552004316198e-01
9.968000794489614291e-01 -7.983566986343641758e-02 -3.983394030283346487e-03 3.837736891607941203e+01 7.989210860704416828e-02 9.966595802297096851e-01 1.693907077318748677e-02 1.241524986228038197e+00 2.617745760070150363e-03 -1.720310884099691962e-02 9.998485887639890768e-01 1.977074236869376667e-01
9.967576962361957005e-01 -8.045421075792788534e-02 1.102254612490268350e-03 3.916706276955373767e+01 8.042615858886231761e-02 9.966306407909897302e-01 1.609344124729900072e-02 1.301575765140627672e+00 -2.393325834691523331e-03 -1.595261131790087078e-02 9.998698846267892737e-01 2.181685155295743361e-01
9.967070071784789320e-01 -8.079269166148762837e-02 6.905274463148328157e-03 3.995470301492898813e+01 8.066935108359686579e-02 9.966029237024048859e-01 1.658518204813862196e-02 1.370415943866170938e+00 -8.221778218306082311e-03 -1.597352315271417106e-02 9.998386114373752909e-01 2.203214136250264410e-01
9.966434102537274908e-01 -8.158442551567748890e-02 6.774534013282301932e-03 4.074519615638218539e+01 8.146074197871536193e-02 9.965336913510469685e-01 1.687452276461173795e-02 1.441664388542421626e+00 -8.127749633041504718e-03 -1.626602334724477905e-02 9.998346644172573239e-01 2.138953377431783709e-01
9.965533975415101775e-01 -8.294282519971193923e-02 1.346698319170479882e-03 4.153495751334794051e+01 8.290870992580559595e-02 9.964159098030148654e-01 1.677738090015161790e-02 1.508651977993265003e+00 -2.733435002236706251e-03 -1.660790291759245765e-02 9.998583429135191603e-01 2.028477757637083545e-01
9.964368222945327869e-01 -8.433715437946441573e-02 -9.505612804947132259e-04 4.232650068498222851e+01 8.434161485656800628e-02 9.963109941695396099e-01 1.583966225302326641e-02 1.581665090693708642e+00 -3.888173863630398292e-04 -1.586339459503821603e-02 9.998740928401745887e-01 2.093476908101730705e-01
9.963792617108246930e-01 -8.488236524006730066e-02 4.832277293750719335e-03 4.315175712465517677e+01 8.480052717173706955e-02 9.962824125206118930e-01 1.517317018638163206e-02 1.646064518359239726e+00 -6.102247453796685872e-03 -1.470845244616954955e-02 9.998732039627081791e-01 2.115870709789284820e-01
9.962406827742872339e-01 -8.539544128787576738e-02 1.456436035913956720e-02 4.397512574279051734e+01 8.514387561873615340e-02 9.962219536174344858e-01 1.709794067375911344e-02 1.721925229357256226e+00 -1.596942171911991740e-02 -1.579359800397500332e-02 9.997477380979892247e-01 2.505520553492975866e-01
9.960891521743863164e-01 -8.664517394576966292e-02 1.729204303775426152e-02 4.478201134238567249e+01 8.630512476242079012e-02 9.960773296735304649e-01 1.952892086603819771e-02 1.804786713108624818e+00 -1.891629879905707898e-02 -1.796015429656214191e-02 9.996597453620849061e-01 2.289885866092929989e-01
9.960381331062986288e-01 -8.812927478332048536e-02 1.188563520748223135e-02 4.559443793075330831e+01 8.787645497997108313e-02 9.959237293054826745e-01 2.033848731869925333e-02 1.882447823891208794e+00 -1.362960227858697401e-02 -1.921344145190466077e-02 9.997225003016095846e-01 1.925783317373974679e-01
9.959840495359993939e-01 -8.930309840374374419e-02 6.381981303880119964e-03 4.641214265766045344e+01 8.916030436294812567e-02 9.958174127703569578e-01 1.995295840869237489e-02 1.949761732562562466e+00 -8.137149118595952274e-03 -1.930380892062020723e-02 9.997805508037140854e-01 1.835538011271574954e-01
9.959133535126972747e-01 -8.994037232998070008e-02 8.204981428242927310e-03 4.722314524384057677e+01 8.975153734784385717e-02 9.957418991295038380e-01 2.104119439736159072e-02 2.028334271323339433e+00 -1.006249664804712701e-02 -2.021879677709364706e-02 9.997449406814192807e-01 1.988217835023432800e-01
9.957367712887770228e-01 -9.057285818983469572e-02 1.745965815031797971e-02 4.804308704369252325e+01 9.017135192645893416e-02 9.956708062956244332e-01 2.255599216119350686e-02 2.106388260226460751e+00 -1.942703258751987336e-02 -2.088546982821379294e-02 9.995931109981192053e-01 1.834310352133876332e-01
9.954850966813998392e-01 -9.117790870021334759e-02 2.638202513605800159e-02 4.885757759605917272e+01 9.063746330139325902e-02 9.956623992045462446e-01 2.100564344492873714e-02 2.183988773416074114e+00 -2.818284108305309926e-02 -1.851960516054400319e-02 9.994312140878855999e-01 1.500232736309051740e-01
9.953367989789464465e-01 -9.213731760966105411e-02 2.855470717834148950e-02 4.965287414152582812e+01 9.168153675890843013e-02 9.956452560094182225e-01 1.688253545724231405e-02 2.253945263487214579e+00 -2.998587027033408278e-02 -1.418586936484914768e-02 9.994496529062852908e-01 1.555005273518195730e-01
9.952982107497744257e-01 -9.324980400104042333e-02 2.619056570723788530e-02 5.045005244478947048e+01 9.294328828476915161e-02 9.955905443566336332e-01 1.268909573122255045e-02 2.324986636909000648e+00 -2.725833525936408736e-02 -1.019519697844940669e-02 9.995764308533183762e-01 1.865798400990640871e-01
9.951629429179089659e-01 -9.427458130975627237e-02 2.762282320540231095e-02 5.125559842293668567e+01 9.393810296536386772e-02 9.954900171005310883e-01 1.323852954270446011e-02 2.406382104647579734e+00 -2.874630157490619398e-02 -1.057965840916032588e-02 9.995307503892564283e-01 1.944691435825857684e-01
9.948521230640958724e-01 -9.522043052932462059e-02 3.467452731719656428e-02 5.207084563106560893e+01 9.462041443331033197e-02 9.953404666239997756e-01 1.855620309187640954e-02 2.487910951749832122e+00 -3.627988984726310956e-02 -1.517975989692951083e-02 9.992263729916970316e-01 1.257051711064102739e-01
9.944049974068693842e-01 -9.644481905939183974e-02 4.309406001812048775e-02 5.287949790576506359e+01 9.552528682764832579e-02 9.951632072610512303e-01 2.291528944598897680e-02 2.574829713882621718e+00 -4.509568392584501623e-02 -1.867050589831747640e-02 9.988081855395264386e-01 4.422763786470695208e-02
9.940910952516062160e-01 -9.788097517418496707e-02 4.692770013981740346e-02 5.366244652328315112e+01 9.684714892169378475e-02 9.950140665711141308e-01 2.382513528510653636e-02 2.662856954267822651e+00 -4.902574922631266346e-02 -1.913954086609575764e-02 9.986141166077283637e-01 1.953784404300235034e-02
9.941568776784761585e-01 -9.890437114618944037e-02 4.324381959032030237e-02 5.444467952367175201e+01 9.793140643352291064e-02 9.949019892857117187e-01 2.407221114242775323e-02 2.747500966221362084e+00 -4.540420903986221862e-02 -1.969662619613540139e-02 9.987744994331574366e-01 4.523444766217421531e-02
9.943317566806314511e-01 -9.993040743410719351e-02 3.630800636860850167e-02 5.523121619845790065e+01 9.896902807769178412e-02 9.947137679385107401e-01 2.737976177631243346e-02 2.834047176837096060e+00 -3.885214457100970992e-02 -2.363119852279812333e-02 9.989655035678707273e-01 6.726496108653873263e-02
9.943598691426803748e-01 -1.013686970067089743e-01 3.119034956061883870e-02 5.603149143500358065e+01 1.004160870201002420e-01 9.944708453970453332e-01 3.073023141562099964e-02 2.918595315475426055e+00 -3.413297681309411524e-02 -2.742489603349473892e-02 9.990409475949565410e-01 -9.581731617453292937e-03
9.941977200987974772e-01 -1.030839024786525671e-01 3.073438465505463901e-02 5.681937011860432563e+01 1.021155274353217624e-01 9.942713998893493166e-01 3.157217792106910975e-02 2.992485532443556195e+00 -3.381290296557307173e-02 -2.825052940822953690e-02 9.990288260011297439e-01 -9.349823894392145229e-02
9.939779276344495873e-01 -1.044771116806906958e-01 3.305166426044945510e-02 5.759180117619482786e+01 1.035093787871787935e-01 9.941833814526874757e-01 2.975252168123502031e-02 3.077125393285303101e+00 -3.596787286756513574e-02 -2.615219260713149210e-02 9.990106981124987628e-01 -8.842973318828017959e-02
9.937714692539472150e-01 -1.057539020981091010e-01 3.513373148235975768e-02 5.835537822723453871e+01 1.048607680796564828e-01 9.941373919515023028e-01 2.636409000154500346e-02 3.165622192425457726e+00 -3.771586157832664682e-02 -2.251573038763402326e-02 9.990348120413601318e-01 -5.306417495985295274e-02
9.935503614571997710e-01 -1.074252489432027668e-01 3.629731584785073073e-02 5.912705484770552289e+01 1.065444574140580747e-01 9.939836663029909536e-01 2.539192228265379006e-02 3.261848808943742739e+00 -3.880667265576485947e-02 -2.136087573942785020e-02 9.990183957991128905e-01 -5.254364884011224202e-02
9.933424139174243939e-01 -1.088638182858559095e-01 3.767648843680188042e-02 5.989232399567583087e+01 1.079132203518516492e-01 9.938094119607687738e-01 2.641192101085532151e-02 3.339457133012956991e+00 -4.031855138763092150e-02 -2.217029017435477589e-02 9.989408854619916678e-01 -9.365264898757927337e-02
9.931031500969119685e-01 -1.102724804629446886e-01 3.982603821797738725e-02 6.064261212166940140e+01 1.091615156634078987e-01 9.935987103937045095e-01 2.907518189168842304e-02 3.413509553517457995e+00 -4.277729264058049291e-02 -2.452718403153324872e-02 9.987835203275159390e-01 -1.550175232072372733e-01
9.928366984701334497e-01 -1.117135703977675532e-01 4.237178731076068905e-02 6.138268690606069100e+01 1.104207638317860618e-01 9.933785897956896038e-01 3.172116407592927290e-02 3.505743303398944910e+00 -4.563491082198180282e-02 -2.681521069300284860e-02 9.985982171973669663e-01 -1.896591182454422653e-01
9.926203178640103930e-01 -1.132822534277430487e-01 4.326702695914642210e-02 6.211614911688458562e+01 1.120311650038743750e-01 9.932417432708683380e-01 3.032915251241261392e-02 3.590185092163792557e+00 -4.641037202421004898e-02 -2.525807757092984537e-02 9.986030777471073261e-01 -2.137631675163031153e-01
9.924666186125933320e-01 -1.148313331137885279e-01 4.270568902377478576e-02 6.283605685176080158e+01 1.136711825137680792e-01 9.931044810798261846e-01 2.867667911545665124e-02 3.684221138157393938e+00 -4.570419242921650721e-02 -2.360624058335791461e-02 9.986760596909859400e-01 -1.924613185771895107e-01
9.923242592888975588e-01 -1.162772550265661342e-01 4.209708291827004428e-02 6.354520951403289075e+01 1.151333385297559353e-01 9.929366241597428200e-01 2.865614700629420808e-02 3.781957614924800204e+00 -4.513179351336946837e-02 -2.358941215335026709e-02 9.987024886564196402e-01 -1.916996168170429504e-01
9.920707376128243826e-01 -1.181753962068520930e-01 4.278115594160659257e-02 6.425041023873724555e+01 1.169302782289090709e-01 9.926707266394315665e-01 3.053094342553041435e-02 3.871167855079201470e+00 -4.607560749091049040e-02 -2.528644309697496151e-02 9.986178619421179903e-01 -2.368829696530582174e-01
9.917112655448269143e-01 -1.204076313688984406e-01 4.484158895054050908e-02 6.493844900572558743e+01 1.190198135949918773e-01 9.923618061698615822e-01 3.243963050195648040e-02 3.947191334856020362e+00 -4.840505927370773731e-02 -2.683370946070524898e-02 9.984672765160044206e-01 -3.022243612789438094e-01
9.913762969082271503e-01 -1.221719415765913919e-01 4.740310770336205598e-02 6.563109228169635401e+01 1.207119289117448979e-01 9.921541410666034899e-01 3.253906241421546802e-02 4.030030825878732514e+00 -5.100655003954347039e-02 -2.653633463378658741e-02 9.983457090593754746e-01 -3.411972882247100713e-01
9.911531685015620985e-01 -1.237818340760385993e-01 4.789002111177256826e-02 6.633449361291124546e+01 1.223822409979899162e-01 9.919943716965287095e-01 3.114086721205886962e-02 4.119678737141089897e+00 -5.136130506153334385e-02 -2.500448110201878085e-02 9.983670628917977741e-01 -3.462165285799843062e-01
9.909499316767264032e-01 -1.258121070092482474e-01 4.679259171904053688e-02 6.700458135225862577e+01 1.244575403442802208e-01 9.917459556161535295e-01 3.082661464472419982e-02 4.221424690722455075e+00 -5.028472493057126874e-02 -2.472394080432829822e-02 9.984288523423994199e-01 -3.330209810856921138e-01
9.906915939838004670e-01 -1.280199947487654089e-01 4.627144426493226548e-02 6.766655144504552766e+01 1.266332696514509415e-01 9.914409170717995989e-01 3.176354786877581826e-02 4.315240653601764897e+00 -4.994177236762394057e-02 -2.560837558993501323e-02 9.984237729904197334e-01 -3.706897723444949055e-01
9.903673026843036187e-01 -1.302499614888889268e-01 4.698460711722343003e-02 6.831856412908395271e+01 1.287888897050888659e-01 9.911261061503897629e-01 3.290081451418388342e-02 4.397240668915903150e+00 -5.085300052452507852e-02 -2.653279554267186022e-02 9.983536362924428920e-01 -4.233897274266705812e-01
9.900298661587370042e-01 -1.324414243318056683e-01 4.795970428052972329e-02 6.896938508170350701e+01 1.309809907303087217e-01 9.908544841850188689e-01 3.242485524635504990e-02 4.479181897396256495e+00 -5.181548205913020372e-02 -2.581976551796890187e-02 9.983228413331917128e-01 -4.598868572480091510e-01
9.896023645163484206e-01 -1.350204101874640239e-01 4.956459398059392257e-02 6.962138932915399891e+01 1.335691334667240548e-01 9.905379723628757738e-01 3.152478219101906287e-02 4.569399185496799021e+00 -5.335210144502856161e-02 -2.457669912847740279e-02 9.982732787825925325e-01 -4.609394221822063487e-01
9.890976693022281996e-01 -1.376892884108128490e-01 5.222509394748822698e-02 7.026856792111135519e+01 1.361217735442810106e-01 9.901593293717546596e-01 3.248638522884068902e-02 4.675965678174513585e+00 -5.618419126462044499e-02 -2.502323550225186641e-02 9.981067950559896484e-01 -4.625177006580696304e-01
9.885602755773097439e-01 -1.406026107695467486e-01 5.458468095812926690e-02 7.089122415122534449e+01 1.388651465193718459e-01 9.897124566645124633e-01 3.443434630204104951e-02 4.772307904955789937e+00 -5.886469767752841586e-02 -2.646051715070643282e-02 9.979152210480860541e-01 -5.083063772323346274e-01
9.880941121016062478e-01 -1.434119811793425625e-01 5.570484076230990123e-02 7.150424655120058048e+01 1.415917298503220900e-01 9.892929110218368072e-01 3.537397687472432217e-02 4.858751358420902555e+00 -6.018145618154989440e-02 -2.706547350696128507e-02 9.978204510209801592e-01 -5.624526271784781040e-01
