1.000000000000000000e+00 0.000000000000000000e+00 0.000000000000000000e+00 0.000000000000000000e+00 0.000000000000000000e+00 1.000000000000000000e+00 0.000000000000000000e+00 0.000000000000000000e+00 0.000000000000000000e+00 0.000000000000000000e+00 1.000000000000000000e+00 0.000000000000000000e+00
9.999999943380313283e-01 -1.078050728894107364e-05 1.058665105382687848e-04 3.747018375080829206e-04 1.078748408326735792e-05 9.999999977703141196e-01 -6.590145693439433856e-05 5.880674019240669619e-03 -1.058657998510828719e-04 6.590259859455972324e-05 9.999999922246399775e-01 -1.808524564485624849e-03
9.999999765565431575e-01 -1.514552715786969691e-04 1.547521046560366292e-04 2.097740703738266294e-03 1.514887944443366204e-04 9.999999650603730306e-01 -2.166342492327766691e-04 8.820580536295490395e-03 -1.547192888500049978e-04 2.166576873638930540e-04 9.999999645606933996e-01 -4.009303667362660445e-03
9.999999962974600587e-01 -7.020107145170777837e-05 4.976835729484423913e-05 1.479953311545484287e-03 7.020409489903407308e-05 9.999999956903352638e-01 -6.075125039813971089e-05 3.702647841330376777e-03 -4.976409227748932666e-05 6.075474411568428025e-05 9.999999969161981195e-01 5.226414270476150564e-04
9.999999988639169946e-01 -7.612465625021909027e-06 4.705546120836114375e-05 -1.022528311056743492e-04 7.616982330060140337e-06 9.999999953641997008e-01 -9.598740631991669204e-05 3.600368619903783745e-04 -4.705473028939038260e-05 9.598776463148357826e-05 9.999999942861006463e-01 -2.842037231832583027e-05
9.999999924589848543e-01 5.860862506716827102e-05 1.079215422464863046e-04 1.779927006533037074e-03 -5.859391716669494699e-05 9.999999889970681011e-01 -1.362813869972780059e-04 3.455313152152814440e-04 -1.079295283237470857e-04 1.362750624236710962e-04 9.999999848901620636e-01 -2.029429911798206511e-03
9.999999978532015943e-01 -4.570121062482028707e-05 4.695738751470338864e-05 1.407775519315939642e-03 4.570171338690240257e-05 9.999999988983701016e-01 -1.070575562593508490e-05 2.393852965402024947e-03 -4.695689819698096659e-05 1.070790163601757933e-05 9.999999988401953033e-01 -2.697401990744179717e-03
9.999999994612405185e-01 -2.935224267181505602e-05 1.469574358104130152e-05 -7.268013206971147069e-03 2.935205757711857561e-05 9.999999994899090305e-01 1.259518015187695080e-05 -8.666021610924746002e-04 -1.469611327032944908e-05 -1.259474879477944867e-05 9.999999998126982703e-01 -1.422199059804364445e-03
9.999999832441655023e-01 -1.333318965421392084e-04 -1.254363345685114957e-04 -7.931520183506419325e-03 1.333261837776605061e-04 9.999999900746449066e-01 -4.555039911994347105e-05 3.515829169675729893e-03 1.254424066446142177e-04 4.553367440891345247e-05 9.999999910954434634e-01 2.796794548894905130e-04
9.999999765007252517e-01 -1.519783341366207946e-05 -2.162581205891798790e-04 -1.569051212598137138e-03 1.523467115171502633e-05 9.999999853759417023e-01 1.703408972706625538e-04 4.961331518444959954e-03 2.162555286140282779e-04 -1.703441878891260859e-04 9.999999621082013013e-01 2.195941945108215946e-03
9.999999539936786919e-01 2.280265436915825746e-04 -2.000413355372218183e-04 1.055462058152155380e-02 -2.280055653635463262e-04 9.999999685061412569e-01 1.048865037889606337e-04 1.678600066155435874e-03 2.000652461440871578e-04 -1.048408884257131840e-04 9.999999744911424182e-01 -9.344335896896774352e-06
9.999999610920581317e-01 2.780336048310536349e-04 -2.265384657112228054e-05 2.165582039433702755e-02 -2.780334550687451776e-04 9.999999613268271137e-01 6.613780837298898385e-06 -9.441459514861709609e-04 2.265568454835391413e-05 -6.607482052737531449e-06 9.999999997215305303e-01 -1.506181214745968069e-04
9.999998049435407932e-01 6.110622474490404231e-04 1.292896363534242344e-04 3.718117765964088633e-02 -6.110464456682245101e-04 9.999998058417202129e-01 -1.222242325281219615e-04 3.915365103249460708e-03 -1.293642978649922235e-04 1.221452067147404215e-04 9.999999841727132965e-01 -4.605437381138062503e-03
9.999995367890742726e-01 9.561108227263958323e-04 -1.107868742287395231e-04 5.881950692646191470e-02 -9.560957523538214002e-04 9.999995336918693356e-01 1.360035151041257950e-04 -3.673670457630083541e-05 1.109168570006391889e-04 -1.358975292459450326e-04 9.999999846146561122e-01 -7.893859473157969001e-03
9.999989821660131284e-01 1.329642935097468661e-03 -5.174133771828977497e-04 8.544725152266542667e-02 -1.329403987679940924e-03 9.999990096746931290e-01 4.618816628634941608e-04 -8.709304499431080870e-03 5.180270024652136943e-04 -4.611933413377339438e-04 9.999997594743343932e-01 -1.071540628083850026e-02
9.999985073500113897e-01 1.465120029849574946e-03 -9.158171473501386861e-04 1.309615260645584367e-01 -1.464309141342870144e-03 9.999985358692815574e-01 8.854705143189380966e-04 -6.934167528719403090e-03 9.171131270604907090e-04 -8.841281532007215071e-04 9.999991886101312621e-01 -8.570076687607099120e-03
9.999965232072609567e-01 2.305482488833747543e-03 -1.279970266687214912e-03 1.855118021762907909e-01 -2.303908767179678203e-03 9.999965900202623104e-01 1.229614671318517670e-03 -8.929731724432770495e-03 1.282800757107278519e-03 -1.226661461484006808e-03 9.999984248606976767e-01 -7.104155689523739339e-03
9.999895556507530925e-01 4.322914663598811068e-03 -1.483576159369498189e-03 2.468311393082029126e-01 -4.321120880431885726e-03 9.999899316422434792e-01 1.210177044040972255e-03 -1.723614636494049182e-02 1.488792714283201880e-03 -1.203753692609311381e-03 9.999981672349711470e-01 -1.124239516945660378e-02
9.999850638500479283e-01 5.331820162598615263e-03 -1.201570043435993846e-03 3.308327632092314952e-01 -5.330499260079886274e-03 9.999851879462733351e-01 1.099848032586650233e-03 -2.657162857711868262e-02 1.207416437631894050e-03 -1.093426636864041094e-03 9.999986732809879042e-01 -1.499983181706899572e-02
9.999818730465191985e-01 5.828140402262895620e-03 -1.512070708245938366e-03 4.344127030099244613e-01 -5.826743417881181594e-03 9.999825950349567893e-01 9.266543561653505304e-04 -2.304151368891415794e-02 1.517445062400218751e-03 -9.178271106983005353e-04 9.999984274757023339e-01 -5.956483606308304174e-03
9.999746809370492207e-01 6.662085455391991359e-03 -2.500820311749780023e-03 5.357208216067563811e-01 -6.658033196840251397e-03 9.999765143594929739e-01 1.625214874595854548e-03 -1.281242473450488334e-02 2.511588898760897231e-03 -1.608523181023173822e-03 9.999955522772987493e-01 5.081594038230518619e-03
9.999712860694512928e-01 7.169955706746572281e-03 -2.453318522105955163e-03 6.319049681645951821e-01 -7.165154785552625520e-03 9.999724088347885509e-01 1.960134191722501251e-03 -1.221580629455214402e-02 2.467304907523224997e-03 -1.942499501616301539e-03 9.999950695389350219e-01 -3.318738046908045053e-03
9.999762978770626587e-01 6.672296352323973251e-03 -1.698277206680315864e-03 7.239629109316506606e-01 -6.669776844459816834e-03 9.999766542545338588e-01 1.484931901960419428e-03 -1.394561539053457491e-02 1.708145464845817977e-03 -1.473569575933335188e-03 9.999974554126503934e-01 -1.507610731579898250e-02
9.999810909948192439e-01 6.084789254413389831e-03 -8.905012860300428896e-04 8.058929665105608597e-01 -6.084341547676451120e-03 9.999813629064018272e-01 5.046065659592197019e-04 -2.439350010256458728e-03 8.935551142844808375e-04 -4.991789103781978185e-04 9.999994761896994211e-01 -4.870378856042904825e-03
9.999820126034951739e-01 5.952112377018034702e-03 -7.394780013543603191e-04 8.910392010396918083e-01 -5.951930946564068688e-03 9.999822565209015579e-01 2.473082552607101499e-04 -1.323474301041633640e-02 7.409368869689755702e-04 -2.429024848284995312e-04 9.999996960054099437e-01 3.598795363468710543e-03
9.999840605212098055e-01 5.590039472239591821e-03 -7.938275708039988898e-04 1.008471043757501517e+00 -5.589910244550184808e-03 9.999843627307972715e-01 1.649161580205452484e-04 -1.741281658150803727e-02 7.947370453415185214e-04 -1.604761044724986856e-04 9.999996713201703136e-01 3.068366260171994514e-03
9.999859722043836774e-01 5.242731688695877711e-03 -7.544262017457791436e-04 1.112199650307153176e+00 -5.242631685647216287e-03 9.999862482706278755e-01 1.344717175130336550e-04 -2.153489908440333819e-02 7.551208262154604891e-04 -1.305146524615093042e-04 9.999997063791885576e-01 5.847080655830396226e-03
9.999871315050006260e-01 4.988652425596434500e-03 -9.220473833086518037e-04 1.216624386299061333e+00 -4.988279688446206270e-03 9.999874759925676537e-01 4.061080690399263048e-04 -5.826090214517142679e-03 9.240617675840404922e-04 -4.015034128063272017e-04 9.999994924523007978e-01 -2.062475662924315514e-03
9.999884325394308160e-01 4.600659073495756354e-03 -1.403112048842049958e-03 1.333506597560153217e+00 -4.599379801402979362e-03 9.999890054533494554e-01 9.136070619045410460e-04 1.661164813818992794e-03 1.407299816880133725e-03 -9.071430485743275148e-04 9.999985982983750077e-01 -3.682793140515748520e-03
9.999896483214332221e-01 4.205304708415594402e-03 -1.737429793048847915e-03 1.437935447301235792e+00 -4.203150767445170029e-03 9.999903960232008338e-01 1.241525266755354618e-03 -9.360046120226896485e-03 1.742634098863328398e-03 -1.234209735516825397e-03 9.999977199737638545e-01 2.328143836315137334e-03
9.999908268882053974e-01 4.075515607516316807e-03 -1.317691912477791634e-03 1.532655028414692922e+00 -4.074486084497097246e-03 9.999913926604413472e-01 7.830505591611015143e-04 -7.031769020086627020e-03 1.320871905431402751e-03 -7.776744587897363534e-04 9.999988252592327820e-01 1.085101003269540836e-02
9.999899170916550784e-01 4.302962955144134377e-03 -1.284610770377602905e-03 1.633977825452915811e+00 -4.302292421216631982e-03 9.999906076599016647e-01 5.242822741978170591e-04 -1.430945495073013100e-02 1.286854672080265391e-03 -5.187502167260907467e-04 9.999990374511695812e-01 1.653457002963685391e-02
9.999916930759543687e-01 3.811151784158153810e-03 -1.445303139257672880e-03 1.776639217525302961e+00 -3.810866658692038840e-03 9.999927186251593714e-01 1.999799304592960413e-04 -1.778515751289901081e-02 1.446054769332523471e-03 -1.944704116961030441e-04 9.999989355528650092e-01 1.189741700137843076e-02
9.999930030579400331e-01 3.155246962654689041e-03 -2.009540188039198559e-03 1.926045366797646485e+00 -3.153974463872850215e-03 9.999948239081130064e-01 6.360833775928004122e-04 -1.078122910302327549e-02 2.011536786619679516e-03 -6.297408885170603264e-04 9.999977785706173350e-01 1.502663628561274126e-02
9.999910790324696430e-01 3.207019470377185308e-03 -2.748978281773965717e-03 2.062919408151804301e+00 -3.203424340808669335e-03 9.999940093789591034e-01 1.311212678043521904e-03 -5.130562619195555910e-03 2.753166898275120986e-03 -1.302394836817606649e-03 9.999953619091036527e-01 6.098169368803352947e-03
9.999918987438839446e-01 2.996509681142470616e-03 -2.687633965520033752e-03 2.210823573588008628e+00 -2.991606275257006810e-03 9.999938568922305260e-01 1.826600584445539762e-03 -3.321687236401671059e-03 2.693090881429809763e-03 -1.818545444049539947e-03 9.999947200630472377e-01 5.830926164547233642e-03
9.999946271763761052e-01 2.512356888332223197e-03 -2.105630842800522776e-03 2.346068555896405616e+00 -2.508805376644929891e-03 9.999954289050193568e-01 1.687621002644544999e-03 -1.392188550960946590e-02 2.109861124012834058e-03 -1.682329317374906506e-03 9.999963591204246161e-01 1.428865940472633968e-02
9.999966166900967623e-01 1.923259291195137093e-03 -1.751479962326612074e-03 2.494215267693799198e+00 -1.922102608005642980e-03 9.999979337377170596e-01 6.618473091803179793e-04 -1.172662190427997686e-02 1.752749247296360316e-03 -6.584785457423047474e-04 9.999982471365042036e-01 1.911822435120345137e-02
9.999960696917116199e-01 1.790770105414636777e-03 -2.157253707584939461e-03 2.654744328415157284e+00 -1.792145332647188637e-03 9.999981920324599871e-01 -6.357255052093811276e-04 -1.212758974870113693e-02 2.156111369110282321e-03 6.395891187755431981e-04 9.999974710515637799e-01 2.005248890939729731e-02
9.999957957215396265e-01 5.523297894574519425e-04 -2.846659629900791764e-03 2.834251929632623845e+00 -5.516095216786312799e-04 9.999998156559752882e-01 2.538010068242882640e-04 -8.369404217218375658e-03 2.846799286992761704e-03 -2.522296952173506209e-04 9.999959160486608933e-01 2.799516179402639776e-02
9.999909784019568315e-01 -2.505751151314994027e-03 -3.429916305794135974e-03 3.002613838581712269e+00 2.510733158108313136e-03 9.999957983273891626e-01 1.448981220200407398e-03 1.194995927090847232e-02 3.426271108047984886e-03 -1.457579752672760352e-03 9.999930680397532967e-01 2.759929175751394542e-02
9.999754440840926684e-01 -5.968791185162095926e-03 -3.672160210220393444e-03 3.120808112250488708e+00 5.975564422779622124e-03 9.999804601533548443e-01 1.836284649485018161e-03 1.583485531013383019e-02 3.661128057143734228e-03 -1.858182787740523525e-03 9.999915716135193700e-01 2.305415896135126416e-02
9.999340117530010064e-01 -1.082137495113986644e-02 -3.856161785515612502e-03 3.303995492419455449e+00 1.082705720066317115e-02 9.999403260552184314e-01 1.455733820831002848e-03 3.582790215522410615e-02 3.840178631625887091e-03 -1.497388643734858058e-03 9.999915053915842122e-01 1.831335431302400299e-02
9.998518416997220770e-01 -1.668153905086289246e-02 -4.245103599253429935e-03 3.516887026233600722e+00 1.668695845300053465e-02 9.998599886153725080e-01 1.244421011915515995e-03 3.595668706594214170e-02 4.223750378714629175e-03 -1.315074508002985658e-03 9.999902152080172302e-01 2.032686579695908852e-02
9.997374997353670745e-01 -2.239711047658013432e-02 -4.827117688300975804e-03 3.710773251795015604e+00 2.240653419942968683e-02 9.997471231571641859e-01 1.907082626339741621e-03 3.887210472882943885e-02 4.783183881749863975e-03 -2.014740994213238320e-03 9.999865308946314091e-01 1.412997389531831134e-02
9.995958921952708964e-01 -2.792508654040315105e-02 -5.314305980208006847e-03 3.905062958788758198e+00 2.793987530237491620e-02 9.996058797114525385e-01 2.729214975191324600e-03 4.510706703036391346e-02 5.235997940032075665e-03 -2.876593124524743587e-03 9.999821546095549740e-01 1.640181960697870145e-02
9.994081884446023301e-01 -3.385096213879761756e-02 -6.114346420988858895e-03 4.107905724265664915e+00 3.386524108537074945e-02 9.994238821477828827e-01 2.247051153040061436e-03 4.939433940252726390e-02 6.034758993355587332e-03 -2.452785137828383984e-03 9.999787825393895435e-01 1.169560418355984101e-02
9.992371588240028801e-01 -3.857920914007210988e-02 -6.061769334190321955e-03 4.289859983335579052e+00 3.858845916122469188e-02 9.992541841358351107e-01 1.416441523316640944e-03 7.788153172245421141e-02 6.002603176693260302e-03 -1.649275341796430528e-03 9.999806241352630076e-01 1.193220491275439124e-02
9.990601415518312045e-01 -4.277627863581231343e-02 -7.001681834129479080e-03 4.506386765158330476e+00 4.279110212593837531e-02 9.990820770610417956e-01 1.981129536907386482e-03 1.207580219512739694e-01 6.910509480678257190e-03 -2.278877237992769055e-03 9.999735254381746374e-01 1.574242732807936904e-02
9.989075466757341148e-01 -4.604868539977035463e-02 -7.951840492548906125e-03 4.744163136449244256e+00 4.607135131404008904e-02 9.989345268185736426e-01 2.691044007577172905e-03 1.340977737704683037e-01 7.819448980859258075e-03 -3.054456204530779564e-03 9.999647626366292563e-01 1.806626181367956135e-02
9.987814734955444695e-01 -4.822659051828666332e-02 -1.047683964993230063e-02 4.993285532885431088e+00 4.825919107480772241e-02 9.988306905570153438e-01 2.881332712676439468e-03 1.199803168606424497e-01 1.032563212951580905e-02 -3.383425538924093087e-03 9.999409651338164728e-01 3.037095973214213457e-02
9.986569545231305245e-01 -5.087320295694471028e-02 -9.808384346442558521e-03 5.228914547838089177e+00 5.090108301560417048e-02 9.987002788853498458e-01 2.613943794925134914e-03 1.408108435911003820e-01 9.662656489009609218e-03 -3.109690535401794971e-03 9.999484801200256845e-01 1.986417939754366035e-02
9.985216614777762123e-01 -5.373881115444628653e-02 -8.162826432556523348e-03 5.462929876080923286e+00 5.376686102713519599e-02 9.985482062069644948e-01 3.256460677217203840e-03 1.824114638603818173e-01 7.975977366443256361e-03 -3.690536080339858801e-03 9.999613811185358303e-01 6.132451785409618120e-03
9.983937898426038515e-01 -5.613778876310009103e-02 -7.641274534533329041e-03 5.702273811135516901e+00 5.616646338828135132e-02 9.984149602422519587e-01 3.591038138931241901e-03 1.820114191816799010e-01 7.427569870112667866e-03 -4.014453543380566529e-03 9.999643570490763800e-01 1.164615354241434718e-02
9.983359878565984946e-01 -5.710867232498942347e-02 -7.990925832881710933e-03 5.954471903482168038e+00 5.713774709333159507e-02 9.983603137945769035e-01 3.458568647935613988e-03 2.023041010738219070e-01 7.780308958396538882e-03 -3.909397046987426322e-03 9.999620909850737149e-01 2.856568164424383438e-02
9.983053407678299518e-01 -5.752095784019552877e-02 -8.819637383326701940e-03 6.219381511939218399e+00 5.755113952550398176e-02 9.983374081245781628e-01 3.207160491056029739e-03 2.239217520754839263e-01 8.620494982476242102e-03 -3.709305628532996030e-03 9.999559630893808393e-01 3.995298494673339001e-02
9.983529555023494817e-01 -5.655052273436945998e-02 -9.665123806412122265e-03 6.500923358802495500e+00 5.660378228546192325e-02 9.983825010876122841e-01 5.328541359876036096e-03 2.268963736160379274e-01 9.348158679854459696e-03 -5.866847578848935485e-03 9.999390941596306703e-01 3.461366520369479199e-02
9.984636270265564439e-01 -5.446536707515396009e-02 -1.019359084632746534e-02 6.775835510075333801e+00 5.453405395723392307e-02 9.984901913241163163e-01 6.585953880736476231e-03 2.353123163370413329e-01 9.819494078774925611e-03 -7.131733232421355075e-03 9.999263552467944072e-01 6.293382172439389299e-03
9.985773317722751452e-01 -5.238919003741240865e-02 -9.934044382193482972e-03 7.054389333620973090e+00 5.245501525169032897e-02 9.986022279276951519e-01 6.485503279506871742e-03 2.486016611812032762e-01 9.580388588592668106e-03 -6.997367009629240110e-03 9.999296240283234161e-01 1.945925298889663105e-02
9.986298920437706172e-01 -5.143186133680980460e-02 -9.648956217029521290e-03 7.344004715405329620e+00 5.148950831079202733e-02 9.986565525875142901e-01 5.824131517599211508e-03 2.581246685000062047e-01 9.336447427146057562e-03 -6.312971839996033355e-03 9.999364865510146361e-01 5.085718830381146666e-02
9.986612578945771590e-01 -5.081892118191396607e-02 -9.650348715324025273e-03 7.652570173607257331e+00 5.087295853747599711e-02 9.986903221970701017e-01 5.438974127217359976e-03 2.775145503929616897e-01 9.361307070339504321e-03 -5.922634533609812992e-03 9.999386422826732623e-01 6.519022972956932394e-02
9.987409006197414119e-01 -4.913344778836250398e-02 -1.012510433013541836e-02 7.961268637055832542e+00 4.919857491975727221e-02 9.987692316454344077e-01 6.286664000375630917e-03 2.882510623605576416e-01 9.803757194713779571e-03 -6.776889169585390352e-03 9.999289775369299971e-01 5.705599593167806627e-02
9.988445966697977463e-01 -4.723889480889637005e-02 -8.829412255812860502e-03 8.267622675532884102e+00 4.729768214656784875e-02 9.988592169540089216e-01 6.572211924936731918e-03 3.240611190467718727e-01 8.508875784221504521e-03 -6.982229103808313027e-03 9.999394219199634337e-01 2.677189773486303437e-02
9.989335167379714830e-01 -4.565070571632145330e-02 -6.916805990533807583e-03 8.601937714797134760e+00 4.569230462348301131e-02 9.989376596442566258e-01 5.980421611410793176e-03 3.484639445419652204e-01 6.636447521355172754e-03 -6.290088398203353207e-03 9.999581953023031211e-01 1.688500489335503438e-02
9.989980705272074601e-01 -4.433469497749613353e-02 -6.106546009728257285e-03 8.936023689148916205e+00 4.437325754431389879e-02 9.989949598273214493e-01 6.331212720668025380e-03 3.467023047344467424e-01 5.819716300863709765e-03 -6.595836630840542884e-03 9.999613121722843445e-01 3.750435247824322749e-02
9.990399861005465620e-01 -4.334164416721576069e-02 -6.372444829285696215e-03 9.262218361207553485e+00 4.338783642358812892e-02 9.990316447456653037e-01 7.298523635010794285e-03 3.475776506533364008e-01 6.049944024517647269e-03 -7.568003544747081875e-03 9.999530606481720207e-01 6.166507320310720547e-02
9.990254103237579120e-01 -4.362928446722201536e-02 -6.686932355371044689e-03 9.604790179783053716e+00 4.369143141834314070e-02 9.990003981490729323e-01 9.447926683134273695e-03 3.675934039661828967e-01 6.268041804527668681e-03 -9.730880477730793204e-03 9.999330085646062072e-01 6.784553367636715626e-02
9.990126931727443260e-01 -4.418787708123684405e-02 -4.590250406432254751e-03 9.954106613285894412e+00 4.423404937344493221e-02 9.989660360396225292e-01 1.049798625028938726e-02 3.883845555207453004e-01 4.121620526914593005e-03 -1.069066687990663858e-02 9.999343587885631823e-01 4.239630869357733506e-02
9.989557880492396791e-01 -4.563431135709505176e-02 -2.200715766821367044e-03 1.034286061438420923e+01 4.565277967914787433e-02 9.989146732560167941e-01 9.235759925006532811e-03 4.139615949549898533e-01 1.776859727106601481e-03 -9.326584626157610747e-03 9.999549277786080603e-01 2.120161546221063786e-02
9.988271935123865797e-01 -4.841691587508899913e-02 1.993923618782544990e-04 1.072333735112367670e+01 4.841304134307173462e-02 9.987851136662542206e-01 9.190981808369056566e-03 4.495993913612212900e-01 -6.441491158480332083e-04 -9.170549374617559257e-03 9.999577421551794076e-01 2.167006425226486802e-02
9.986302274469934792e-01 -5.230717442241627352e-02 1.276061561601739280e-03 1.108074893433926711e+01 5.228889219833404017e-02 9.985644812018891203e-01 1.161243448520101612e-02 4.701070391455586805e-01 -1.881643387328804564e-03 -1.152980424573657112e-02 9.999317591877047162e-01 2.598898518621356457e-02
9.983126744945416409e-01 -5.797379396010360342e-02 3.292894991775077631e-03 1.146342999359334769e+01 5.792251682153334857e-02 9.982233003519427328e-01 1.397228254561038753e-02 4.961671128867514158e-01 -4.097070735853669196e-03 -1.375797399134907374e-02 9.998969607729781828e-01 2.055208381354928573e-02
9.979499675956408078e-01 -6.383595583156881359e-02 4.564309249976984326e-03 1.184537102524849495e+01 6.377086816468147124e-02 9.978771078063030098e-01 1.321189197847288249e-02 5.204428949120933900e-01 -5.398013466289841925e-03 -1.289373720835100198e-02 9.999023017232332444e-01 9.122804236114646914e-03
9.974730710592754068e-01 -7.098842664279864101e-02 2.848823328617755297e-03 1.221833088633834308e+01 7.096126246460462972e-02 9.974410215449536210e-01 8.712506458470563667e-03 5.491704134991419739e-01 -3.460020376699635743e-03 -8.488334473817070805e-03 9.999579873358946935e-01 7.826435080954773776e-03
9.967378989064588080e-01 -8.069088621273004525e-02 -1.594291611421474065e-03 1.257511931745393241e+01 8.069658959817452293e-02 9.967310299175164978e-01 3.913365149149709322e-03 5.938176209483084778e-01 1.273307017882080363e-03 -4.029253252283932461e-03 9.999910718638778118e-01 3.430643959254436881e-02
9.956796145545460108e-01 -9.260301554613808994e-02 -6.840078382034439110e-03 1.294247165781268727e+01 9.263188542929032265e-02 9.956922632434687115e-01 4.031218043456501893e-03 6.389094960686060309e-01 6.437310177822519637e-03 -4.647410984706079953e-03 9.999684808076770848e-01 8.101754030569760512e-02
9.943138262752992951e-01 -1.058964622144717566e-01 -1.122293046547510886e-02 1.329277300512032056e+01 1.059914997761862848e-01 9.943328933462984853e-01 8.240096162863318890e-03 6.580545434346674050e-01 1.028673188960591706e-02 -9.382776776492598308e-03 9.999030686256512590e-01 7.297103439461138930e-02
9.925485231979089829e-01 -1.207297898020704002e-01 -1.648474907294174979e-02 1.365209293379800748e+01 1.209293791691011116e-01 9.925921890335529518e-01 1.169750073114664973e-02 7.007779789566869200e-01 1.495039636349918682e-02 -1.360382754695532714e-02 9.997956898910131951e-01 3.012218843326784634e-02
9.902968180285801614e-01 -1.372747033488549151e-01 -2.163025711712767210e-02 1.402045794677519197e+01 1.375411053442703591e-01 9.904310911695305419e-01 1.134451344965223610e-02 7.661629716338529406e-01 1.986596444035615763e-02 -1.420948504404355092e-02 9.997016724961690359e-01 3.314086262211583811e-02
9.875560337055305782e-01 -1.555941529022127623e-01 -2.288099373811621276e-02 1.436660931337995883e+01 1.557963278062064194e-01 9.877620396910380407e-01 7.325106654600554816e-03 8.571090625572377331e-01 2.146123328007860584e-02 -1.079872807524262165e-02 9.997113598124485190e-01 7.565984693717503484e-02
9.842556240073774276e-01 -1.758047289945387504e-01 -1.826373108115700306e-02 1.472218494954095647e+01 1.758641404307635381e-01 9.844130020661150393e-01 1.686853202756224447e-03 9.421970313835942301e-01 1.768249757236584757e-02 -4.872230119333966283e-03 9.998317811778476560e-01 7.524759488487967052e-02
9.801657846351501391e-01 -1.977135925583159981e-01 -1.357828959201448117e-02 1.506582125879878653e+01 1.977365614561398255e-01 9.802551324952973877e-01 3.570435957915187985e-04 1.025217883012972342e+00 1.323959569105579055e-02 -3.034886210598584239e-03 9.999077470305078874e-01 6.282987175964215021e-02
9.751125366129799188e-01 -2.213021147906241992e-01 -1.345046205144001875e-02 1.542047031179681937e+01 2.213775554458010386e-01 9.751783076609744638e-01 4.387050526172350459e-03 1.121596171292940092e+00 1.214573526144617499e-02 -7.255498375389532809e-03 9.998999144205802381e-01 9.100531793071936493e-02
9.691082868977728415e-01 -2.461472820772872550e-01 -1.551269776758607000e-02 1.579099322812738038e+01 2.462736033415284798e-01 9.691764183744046024e-01 6.810459906691220845e-03 1.232787093781650745e+00 1.335816466598531080e-02 -1.042044110993100084e-02 9.998564766224354861e-01 1.016694596103054904e-01
9.622801488273067250e-01 -2.714913318068417070e-01 -1.758897173355216184e-02 1.614869378158990543e+01 2.716164606745388177e-01 9.623919603067138118e-01 5.119865978456688421e-03 1.343827056519752094e+00 1.553748575326889883e-02 -9.704199644897111565e-03 9.998321934433392899e-01 9.684345011343309384e-02
9.549159452275869375e-01 -2.963912530232875597e-01 -1.696356924086772980e-02 1.649874073732407709e+01 2.964320400767562202e-01 9.550539421221527769e-01 -1.151211015716158484e-04 1.455485527919682109e+00 1.623524456349705394e-02 -4.918614461530831754e-03 9.998561016795077805e-01 1.328989498340127362e-01
9.466730775180282054e-01 -3.217578676689743511e-01 -1.679163171523744003e-02 1.684804701127585602e+01 3.217251840585329536e-01 9.468214943217541091e-01 -4.686558740010495112e-03 1.615652396461236595e+00 1.740661497961284304e-02 -9.656518188531151847e-04 9.998480270878751242e-01 1.708039888086928526e-01
9.370276943824565885e-01 -3.487674268002739497e-01 -1.844944344453660484e-02 1.717883397942006241e+01 3.487311035709969032e-01 9.372080891913183720e-01 -5.254993483585766387e-03 1.769960894050254918e+00 1.912373819241985906e-02 -1.509820344764739152e-03 9.998159846092051772e-01 1.730270089714823767e-01
9.259930430805828339e-01 -3.769153775468731538e-01 -2.171824889488058880e-02 1.749495146838769699e+01 3.769531338186842828e-01 9.262289991469934147e-01 -2.485164668989458658e-03 1.908429191026146832e+00 2.105276871660885507e-02 -5.885516787585516260e-03 9.997610422603533387e-01 1.526043201003717542e-01
9.138095375161716660e-01 -4.053519815349290734e-01 -2.533574964722640904e-02 1.784120301857247171e+01 4.054454272919679192e-01 9.141179143388631356e-01 -1.563385045495948623e-03 2.077988523433563994e+00 2.379358385182805263e-02 -8.843627676097684520e-03 9.996777758943191650e-01 1.616876155769487733e-01
9.006400971338511807e-01 -4.337175219419191485e-01 -2.713902347705402993e-02 1.818774762776548215e+01 4.337414496502468575e-01 9.010217577162500380e-01 -5.305372486605657717e-03 2.258542637256731656e+00 2.675388364386723991e-02 -6.993088193361713528e-03 9.996175900950774462e-01 1.868118660559077993e-01
8.858957587954601198e-01 -4.631185068275116001e-01 -2.664494665170297552e-02 1.851891655663894909e+01 4.630362599549931457e-01 8.862878857757884310e-01 -9.550156751333907165e-03 2.472899790385182150e+00 2.803794776919294254e-02 -3.877133082466328092e-03 9.995993403979180902e-01 2.077943428944359350e-01
8.693981637783601002e-01 -4.934757021234789098e-01 -2.507118330983330520e-02 1.885900248892874842e+01 4.933494549949634100e-01 8.697561700921484507e-01 -1.142452812199895931e-02 2.665054202294200092e+00 2.744354341167167324e-02 -2.436390850684951384e-03 9.996203859088881316e-01 2.196068414704425709e-01
8.515488248299182272e-01 -5.237310553756048259e-01 -2.388264151932222024e-02 1.919923748616572112e+01 5.236309857613378194e-01 8.518771326585884429e-01 -1.076761830636335099e-02 2.865153053639595271e+00 2.598441227726652758e-02 -3.336538406346517202e-03 9.996567800150549798e-01 2.199944458125811242e-01
8.327401175611143236e-01 -5.531856574498703605e-01 -2.301141012750466952e-02 1.949418681799500419e+01 5.531396408942941267e-01 8.330410235347803782e-01 -8.898920128700422982e-03 3.123012246906172074e+00 2.409220362758413003e-02 -5.318035340258295100e-03 9.996955957812792004e-01 2.315795158499811823e-01
8.124485563379058028e-01 -5.825797349554341364e-01 -2.298250908210177496e-02 1.978863325182617317e+01 5.825610219752773711e-01 8.127456730855584510e-01 -8.193079752030683199e-03 3.376964915840626080e+00 2.345205704353453546e-02 -6.732258161926641879e-03 9.997022945459652643e-01 2.446536848901649797e-01
7.903518214850572265e-01 -6.122347404981016705e-01 -2.264113076845641545e-02 2.010598510647109194e+01 6.121925268966712519e-01 7.906509254038008860e-01 -9.561598714739849916e-03 3.632156130600800115e+00 2.375517390213427102e-02 -6.303704096435482247e-03 9.996979318912008194e-01 2.530080191945887069e-01
7.677390093330087595e-01 -6.403801541698344035e-01 -2.213756295958140691e-02 2.040532529413084006e+01 6.402921414288682556e-01 7.680410165970599223e-01 -1.178857281391052642e-02 3.879208106537615386e+00 2.455172443647266750e-02 -5.123960379805066190e-03 9.996854294512957928e-01 2.748836310786343939e-01
7.445658764961019527e-01 -6.671434270381629839e-01 -2.326592610163667404e-02 2.069247505131061260e+01 6.670377298533559651e-01 7.449074154306396522e-01 -1.317609154969026294e-02 4.148133410360682838e+00 2.612130375139937524e-02 -5.708782376283649124e-03 9.996424797366842974e-01 3.174557403948863321e-01
7.201384365651506414e-01 -6.934567604806628482e-01 -2.276737853080734036e-02 2.095477272798241231e+01 6.932768500100831011e-01 7.204869032763780989e-01 -1.630433829726417316e-02 4.455252673325245993e+00 2.770995167078409843e-02 -4.042715780204173513e-03 9.996078306153485249e-01 3.299844367496642117e-01
6.944302820529165698e-01 -7.192074462016038172e-01 -2.252182710336929697e-02 2.118502152284338536e+01 7.189750673846457829e-01 6.947875961876159856e-01 -1.857548554085345152e-02 4.771216219031735761e+00 2.900751363269507901e-02 -3.293252495865538719e-03 9.995737684837709969e-01 3.552746577741742739e-01
6.678624424566945716e-01 -7.438717585039444913e-01 -2.479041863357362568e-02 2.143530726304991774e+01 7.436328741057383063e-01 6.683009805884407850e-01 -1.959458837964841993e-02 5.068711627018644528e+00 3.114332199714523602e-02 -5.348480604603238209e-03 9.995006189343778047e-01 3.658729563954464803e-01
6.407731148751074635e-01 -7.672912158164170160e-01 -2.596161366743204163e-02 2.169269459555275503e+01 7.669290219939671749e-01 6.412828346328420803e-01 -2.400419189733509623e-02 5.395294594328242432e+00 3.506694278989038599e-02 -4.529474167233635273e-03 9.993747011942711866e-01 3.547012066092378180e-01
6.126939605016015200e-01 -7.898985357551167041e-01 -2.581499519242082610e-02 2.195417759595737550e+01 7.894473640471821874e-01 6.132254426590288965e-01 -2.697064839031593914e-02 5.732752121718563743e+00 3.713448752598961372e-02 -3.854826527988483229e-03 9.993028420597137584e-01 3.458514696845641501e-01
5.843970683024561907e-01 -8.111297175671631221e-01 -2.342323288764141739e-02 2.217028635773553802e+01 8.107063486504312300e-01 5.848555977111175030e-01 -2.644137068793978029e-02 6.078617245545189895e+00 3.514659040902548548e-02 -3.537104095997957096e-03 9.993759082933879601e-01 3.591385330180684177e-01
5.552367339116321965e-01 -8.313974104208036175e-01 -2.214757911658043338e-02 2.236541886415989921e+01 8.310450795711435967e-01 5.556582696945973066e-01 -2.465690654964249745e-02 6.440937446999997817e+00 3.280617374420380372e-02 -4.715216388258945332e-03 9.994506099346165406e-01 4.059967151951818232e-01
5.254770873735568060e-01 -8.505277832687651030e-01 -2.182476880344476344e-02 2.254323380669035615e+01 8.501941153291540099e-01 5.258993827515736630e-01 -2.449092650739699562e-02 6.803823744215379499e+00 3.230784587496200733e-02 -5.685869276921239057e-03 9.994617921589026288e-01 4.110305474585957963e-01
4.955952274378306877e-01 -8.683322273125264612e-01 -1.960901709193555581e-02 2.274022069427867265e+01 8.679226240424546823e-01 4.959693726069326347e-01 -2.692025466346316398e-02 7.145199827833236483e+00 3.310119659627128869e-02 -3.677559836702698828e-03 9.994452392890480485e-01 4.118200676209167743e-01
4.655060866181287560e-01 -8.848911039254603317e-01 -1.648688918671905104e-02 2.293192321724474070e+01 8.843891972654989164e-01 4.657974206354228430e-01 -2.980789642818282292e-02 7.507007489882465023e+00 3.405629283350626590e-02 -7.050694766458174417e-04 9.994196675048333534e-01 4.539943951054699611e-01
4.348279320586176944e-01 -9.003965375645502922e-01 -1.451704664853468302e-02 2.309025999627110792e+01 8.998232420238237994e-01 4.350692398045989950e-01 -3.213860123875443564e-02 7.907129734461901371e+00 3.525340572712814396e-02 9.119855360085610263e-04 9.993779893849076279e-01 5.029049571878243530e-01
4.036876815767590498e-01 -9.147879354007741881e-01 -1.411697518486981946e-02 2.321247945966959847e+01 9.141258040718680533e-01 4.039328019484796917e-01 -3.481818260637507823e-02 8.306966500921735275e+00 3.755356272235462617e-02 1.150980121152053032e-03 9.992939533348628167e-01 5.107800916305608174e-01
3.721091698050628116e-01 -9.280816447682920245e-01 -1.411475792100771141e-02 2.333966450802089909e+01 9.273231743938972205e-01 3.723757467566268797e-01 -3.752377192487656166e-02 8.697924473029448933e+00 4.008111748707395700e-02 8.739974978100618908e-04 9.991960469043906778e-01 5.115846563338437569e-01
3.397583405757432784e-01 -9.404129992697473073e-01 -1.369893476500291113e-02 2.348495802054558013e+01 9.395738433441510606e-01 3.400338213998402859e-01 -3.972396263872128575e-02 9.070246364674229511e+00 4.201503198521032434e-02 6.253868403501838813e-04 9.991167829531149014e-01 5.274274572872946765e-01
3.054654906865191810e-01 -9.521391009073172373e-01 -1.104384548286840503e-02 2.359574372273056397e+01 9.512345106866590960e-01 3.056572392639108626e-01 -4.155186836083785834e-02 9.465474566818793178e+00 4.293878990325812606e-02 2.187374903789583713e-03 9.990753103308449568e-01 5.651138159537215655e-01
2.690489776590170301e-01 -9.630863919363724657e-01 -8.789157389526125463e-03 2.368049716388064851e+01 9.621501114895488760e-01 2.691758400722947808e-01 -4.256207328153850666e-02 9.874283956584301691e+00 4.335678241390170801e-02 2.994793541214350180e-03 9.990551639576060738e-01 5.767168613996274118e-01
2.318833645903682905e-01 -9.727194460581140012e-01 -6.854523079438928912e-03 2.375965621688651552e+01 9.717619121071648935e-01 2.319600966404061770e-01 -4.328163287585756747e-02 1.029288880340127754e+01 4.369086179142537413e-02 3.375326201960692635e-03 9.990393965049391145e-01 5.857730418474718093e-01
1.947329795183646572e-01 -9.808392995434266348e-01 -5.773660802335687375e-03 2.382779579540591897e+01 9.798816338595998099e-01 1.947984539066385246e-01 -4.342287392866149565e-02 1.071852325889145696e+01 4.371556144602721516e-02 2.798361439034748738e-03 9.990400987251287779e-01 6.147206995727361178e-01
1.574153969592081426e-01 -9.875249413524501696e-01 -3.857850050791866714e-03 2.388208304003685356e+01 9.865760051880975157e-01 1.574336280804339294e-01 -4.338708029501830293e-02 1.113214463144432642e+01 4.345317925387845448e-02 3.023732175816397361e-03 9.990508887221206669e-01 6.165560147949770142e-01
1.197724693638207993e-01 -9.928012607777957355e-01 4.606305586780899686e-04 2.389848499297255202e+01 9.919292411871264425e-01 1.196477991120892259e-01 -4.196170451214518982e-02 1.156389420606170404e+01 4.160451971149346784e-02 5.482769888671770037e-03 9.991191136065428191e-01 6.304995414648634222e-01
8.240693746516947193e-02 -9.965901995987376250e-01 4.131672949310102178e-03 2.391200517205438913e+01 9.957905995077998007e-01 8.217247885231904192e-02 -4.060499539665146651e-02 1.200517389002747493e+01 4.012703065900281862e-02 7.460414399589023610e-03 9.991667346481656331e-01 6.825438894553733649e-01
4.467027004457935213e-02 -9.989691717660418302e-01 8.072226162190287296e-03 2.390908280102173222e+01 9.981805691954828141e-01 4.430452666940676298e-02 -4.089816862870913894e-02 1.242532414091492043e+01 4.049837348248522262e-02 9.884471542222956347e-03 9.991307116526866317e-01 7.399841046551826063e-01
6.769619380109670459e-03 -9.999235873968289612e-01 1.034367540598095034e-02 2.387221170100594136e+01 9.989979256305380195e-01 6.304987418200513893e-03 -4.431017625261757936e-02 1.283242995119882757e+01 4.424157365341049863e-02 1.063327330186637082e-02 9.989642719634960200e-01 7.707022886135015405e-01
-3.047104971749470259e-02 -9.994938386581426748e-01 9.142298043946988501e-03 2.383564851805491713e+01 9.984064840000790308e-01 -3.086999309545035430e-02 -4.723913878222785190e-02 1.323717795739645098e+01 4.749745083384684929e-02 7.688303499293010213e-03 9.988417703288089422e-01 7.695895956621634504e-01
-6.702421172636929825e-02 -9.976929151528188822e-01 1.079824505783396130e-02 2.379336123739568976e+01 9.964084087417521829e-01 -6.749140754398275099e-02 -5.113895674005722314e-02 1.369843580984455933e+01 5.174976358581966085e-02 7.331913911268601175e-03 9.986331683892787359e-01 7.263694933021169753e-01
-1.029934013722342279e-01 -9.945830331342092601e-01 1.403386886551025517e-02 2.374315259705961267e+01 9.931788703244593952e-01 -1.036028853972223995e-01 -5.349928670927026064e-02 1.413977558673321511e+01 5.466343215357581664e-02 8.428068516952973849e-03 9.984692668511460090e-01 7.407197574176942467e-01
-1.386656534723886836e-01 -9.901725105257300763e-01 1.817239517091582407e-02 2.367278229270030820e+01 9.887913795645389969e-01 -1.394511441307373367e-01 -5.333841110760396964e-02 1.457289144361959821e+01 5.534838973204982832e-02 1.057250205962699183e-02 9.984111267179810456e-01 8.094538954548911036e-01
-1.744882637990485819e-01 -9.844216772901955848e-01 2.162884827150694106e-02 2.356819700002489881e+01 9.830753077053139277e-01 -1.754109627833388974e-01 -5.285767224845303036e-02 1.498750947520531973e+01 5.582817547167733679e-02 1.203974321073150722e-02 9.983677976612242988e-01 8.792975799321501862e-01
-2.107470919813738686e-01 -9.772887749805777569e-01 2.218813913685145287e-02 2.344829700087769453e+01 9.759365724726708491e-01 -2.116468335197327910e-01 -5.247308235053591008e-02 1.540673694314415165e+01 5.597740375982006300e-02 1.059566694609093487e-02 9.983758120619097287e-01 9.053454837558881918e-01
-2.464317203938324319e-01 -9.689193474274135909e-01 2.160336465858262583e-02 2.331708851903442437e+01 9.676310294772099141e-01 -2.472334497627171057e-01 -5.065384596752423724e-02 1.584323104982852648e+01 5.442056575056563456e-02 8.421371578414701964e-03 9.984825899955024342e-01 8.825759086604854087e-01
-2.818028633587352783e-01 -9.591775225598113686e-01 2.378290181707765419e-02 2.318573889407713651e+01 9.581807105046840078e-01 -2.826227742575622148e-01 -4.487865291759618458e-02 1.624442578399683512e+01 4.976818481275925576e-02 1.014138486508914250e-02 9.987093071026529323e-01 8.687544850024467857e-01
-3.162883616212452953e-01 -9.482383637040060487e-01 2.838446587304090801e-02 2.302278215974106956e+01 9.475269193241137033e-01 -3.172320483067225805e-01 -3.945332284201107792e-02 1.664073774785970983e+01 4.641561654339149828e-02 1.441641866312915778e-02 9.988181803580801210e-01 9.106187287856155610e-01
