1.000000000000000000e+00 0.000000000000000000e+00 0.000000000000000000e+00 0.000000000000000000e+00 0.000000000000000000e+00 1.000000000000000000e+00 0.000000000000000000e+00 0.000000000000000000e+00 0.000000000000000000e+00 0.000000000000000000e+00 1.000000000000000000e+00 0.000000000000000000e+00
9.999999976614919461e-01 6.822732475457914060e-05 4.695547732296066087e-06 -3.916872007258335488e-03 -6.822754277548849077e-05 9.999999965938427549e-01 4.644692464599614492e-05 -5.498276688993560847e-03 -4.692378766890619156e-06 -4.644724490306340265e-05 9.999999989103175446e-01 4.465778711612382166e-05
9.999999962459474867e-01 8.028348116455953426e-05 3.259858359828868822e-05 -8.329693633440278522e-04 -8.028545862250304681e-05 9.999999949370573793e-01 6.066407800762346655e-05 -4.040833939692317633e-03 -3.259371310987983956e-05 -6.066669497212196313e-05 9.999999976286010339e-01 -2.396290749656916977e-03
9.999999935156362874e-01 1.025253646588433895e-04 4.957092915179942672e-05 4.103782338647438480e-04 -1.025244815388052730e-04 9.999999945856338224e-01 -1.781749403101388809e-05 -1.108198255230062200e-04 -4.957275562847709250e-05 1.781241168166808987e-05 9.999999986126298923e-01 -3.366711729459537575e-03
9.999999946279654051e-01 1.030131846324881968e-04 1.150447072266873846e-05 -3.186028914421082728e-03 -1.030129062241456471e-04 9.999999944013993058e-01 -2.419798428578186296e-05 9.720306958059367688e-04 -1.150696336968276669e-05 2.419679904682574221e-05 9.999999996410523506e-01 9.710808553528450099e-04
9.999999984848828571e-01 1.204237820637729222e-05 -5.371420022328803046e-05 -3.211217259314020928e-03 -1.204272830594218057e-05 9.999999999062474387e-01 -6.517502751462370922e-06 -1.244518854534664397e-03 5.371412173201908541e-05 6.518149607107051797e-06 9.999999985361534005e-01 2.329041077460414829e-03
9.999999997966341203e-01 9.756857242181480442e-06 1.765036735699076616e-05 -2.564261787562113586e-03 -9.757953572589322469e-06 9.999999980232716634e-01 6.211472474704813707e-05 -2.973580514463014263e-03 -1.764976127759879047e-05 -6.211489696588132550e-05 9.999999979151127372e-01 -2.667722137004277148e-04
9.999999978175725390e-01 5.525822322787365588e-07 6.606473848064188178e-05 -1.646033434256622286e-03 -5.532131885986946784e-07 9.999999999542403817e-01 9.550558322140261766e-06 6.315085181028889591e-04 -6.606473320014993639e-05 -9.550594849181490294e-06 9.999999977721185651e-01 -1.552396825228150512e-03
9.999999984454303048e-01 5.148948391992457326e-05 2.140028859783424777e-05 -1.471256383724284548e-03 -5.148910378589173362e-05 9.999999985166704297e-01 -1.776320438997529763e-05 2.436222389543634369e-03 -2.140120318431736702e-05 1.776210248068049721e-05 9.999999996132481472e-01 7.656673625920444289e-04
9.999999973291751054e-01 7.305564199195895415e-05 2.126743714167498089e-06 -5.827095344291397709e-04 -7.305559107188599999e-05 9.999999970450464959e-01 -2.393298040135749001e-05 -2.201852355558937130e-03 -2.128492147131071602e-06 2.393282496691759412e-05 9.999999997113446781e-01 1.444289373967364964e-03
9.999999951715760060e-01 9.748581422357835045e-05 1.238402401548214207e-05 -2.348580506747242544e-03 -9.748598038309816882e-05 9.999999951582291269e-01 1.341735286746910281e-05 -3.684668206882398683e-03 -1.238271595395252561e-05 -1.341856007140667264e-05 9.999999998333053419e-01 4.340205436547798536e-04
9.999999999028545972e-01 -1.078048224835791074e-05 8.835832411917956823e-06 -1.537024293925640887e-03 1.078023193573437677e-05 9.999999995406322340e-01 2.832882142936270147e-05 -3.921109669007052760e-03 -8.836137806215596261e-06 -2.832872617428794525e-05 9.999999995597029789e-01 -1.883683380891757950e-03
9.999999999003404971e-01 5.301238228548012032e-06 1.308495092883625948e-05 -1.826153136375199826e-03 -5.301815467595793755e-06 9.999999990128749516e-01 4.411508728849930489e-05 1.687689233292963292e-05 -1.308471705133258534e-05 -4.411515665809804745e-05 9.999999989413215218e-01 -2.610760159315550499e-03
9.999999991363850427e-01 2.561903128616634885e-05 -3.272453392652124827e-05 -4.512718438662334519e-03 -2.561898846526477301e-05 9.999999996709770800e-01 1.308944456329721112e-06 2.157471269722694481e-03 3.272456744964310810e-05 -1.308106085742102471e-06 9.999999994636957767e-01 -5.603888983548906827e-04
9.999999986486930448e-01 1.611032547190281293e-05 -4.942743421377862736e-05 -5.419150355834697827e-03 -1.611082195212301628e-05 9.999999998197772744e-01 -1.004424690223961927e-05 -3.212709964454352543e-03 4.942727238878396587e-05 1.004504320525892811e-05 9.999999987280209224e-01 8.201963096764259198e-04
9.999999994580240914e-01 -6.077395161778419209e-06 3.235764457958840333e-05 -3.594964189493554500e-03 6.077622307257170823e-06 9.999999999568928155e-01 -7.019746021597055599e-06 -3.105594635589313968e-03 -3.235760191642304443e-05 7.019942675335028869e-06 9.999999994518530277e-01 5.392322238228287098e-04
9.999999981833261886e-01 4.503255583528980785e-05 4.006765020968274774e-05 -1.696753566039881046e-03 -4.503274956945703920e-05 9.999999989743405537e-01 4.834287622726966684e-06 -5.371870184451916358e-03 -4.006743246825968411e-05 -4.836091970402371614e-06 9.999999991856065584e-01 -8.217846665506225220e-04
9.999999936703375392e-01 1.119482316652123291e-04 -1.126579802808092366e-05 -2.000274342203234735e-03 -1.119475613866354922e-04 9.999999919649471547e-01 5.947982162282444766e-05 -1.925382084479504777e-03 1.127245659841007699e-05 -5.947856006772094206e-05 9.999999981676163108e-01 -7.937236894954853138e-04
9.999999997967834453e-01 1.950510316108400508e-05 -5.097454002386228932e-06 -4.139328590932097804e-03 -1.950470724556227712e-05 9.999999967944178669e-01 7.765777974917567432e-05 -5.575794296936296317e-04 5.098968709051190125e-06 -7.765768030904631218e-05 9.999999969716425463e-01 -7.740142228973638213e-04
9.999999990109273984e-01 -4.090019986314705360e-05 1.747337607921204327e-05 -2.482661345714851000e-03 4.089919605148665925e-05 9.999999975136890651e-01 5.744456122903070450e-05 -1.053403254755688832e-03 -1.747572552980311767e-05 -5.744384652517991547e-05 9.999999981974017071e-01 -7.275106011476310287e-04
9.999999997343113067e-01 1.547184118645947211e-05 1.708799532343893734e-05 -4.154967944545897088e-03 -1.547155027058674782e-05 9.999999997353974379e-01 -1.702457684155575841e-05 -3.678191892087556095e-03 -1.708825872046656916e-05 1.702431245925385258e-05 9.999999997090821546e-01 8.311343638174562790e-04
9.999999995388435536e-01 2.544953291121450568e-05 1.657208953178408606e-05 -3.293515482096715744e-03 -2.544950622526657318e-05 9.999999996748644149e-01 -1.610503584307028221e-06 -4.654842125639673325e-03 -1.657213051295988214e-05 1.610081832068629366e-06 9.999999998613861019e-01 1.643703225844614325e-03
9.999999954290293980e-01 9.259584241633400041e-05 -2.383172640970983183e-05 -2.247966010196722052e-03 -9.259539890791851477e-05 9.999999955398719553e-01 1.861043003765053586e-05 -2.218152076875432380e-03 2.383344955186434907e-05 -1.860822324436923439e-05 9.999999995428503485e-01 9.500436958708240957e-04
9.999999991853317782e-01 4.008879891441061264e-05 -4.714294695531811159e-06 -5.506455219325918915e-03 -4.008859258857443570e-05 9.999999982390730402e-01 4.375795637501115541e-05 -1.264186786064538373e-03 4.716048891144305444e-06 -4.375776734992355366e-05 9.999999990315083798e-01 -1.934124368045252217e-03
9.999999990462791200e-01 2.167531107982221899e-05 3.791599318835940061e-05 -8.759599997402989918e-03 -2.167777451968810648e-05 9.999999976543701985e-01 6.497179228193443370e-05 -6.589267546040960058e-04 -3.791458481561339245e-05 -6.497261415432049924e-05 9.999999971705217927e-01 -2.378965307781112908e-03
9.999999993930319686e-01 -5.040888470466171556e-06 3.447499926896762306e-05 -7.454026077390191359e-03 5.040071033235302882e-06 9.999999997061916890e-01 2.371106095167976278e-05 8.082298474696052778e-04 -3.447511878365235228e-05 -2.371088718084272148e-05 9.999999991246300013e-01 -1.639215796311190671e-03
9.999999963949415260e-01 -8.456866687446692402e-05 -7.632661339975772892e-06 -8.965399714934600001e-03 8.456860605732035782e-05 9.999999963923310586e-01 -7.967984280789858572e-06 -1.800223485753285136e-03 7.633335154247960084e-06 7.967338768534780138e-06 9.999999999391268046e-01 -1.413547126912124714e-03
9.999999931192686820e-01 -2.353889097318578083e-05 -1.149233797638331029e-04 -2.029853627741142960e-02 2.353332965765472679e-05 9.999999985521683676e-01 -4.839261940131696669e-05 4.111334171579541716e-03 1.149245187060353988e-04 4.838991453855899836e-05 9.999999922253856033e-01 -2.407443517499287776e-03
9.999997575944724604e-01 -2.493121478604297454e-05 -6.958372156977754358e-04 -9.741761757092615853e-03 2.477041399057175504e-05 9.999999729902236956e-01 -2.310973356156291599e-04 2.679588149032058331e-02 6.958429584406786118e-04 2.310800434204547487e-04 9.999997312022592677e-01 -2.235521533707070588e-03
9.999990079440512769e-01 8.906480944635509014e-05 -1.405766116032810230e-03 2.039511886076410263e-02 -8.937999374651765035e-05 9.999999708846746271e-01 -2.241469756350442891e-04 1.212931911672184698e-02 1.405746111495799391e-03 2.242724006353638024e-04 9.999989867893668283e-01 3.131679951183755518e-03
9.999986338092625715e-01 8.876237005844500269e-05 -1.650606206803885640e-03 5.446920986956896304e-02 -8.898733195076590006e-05 9.999999867630201544e-01 -1.362175258224182679e-04 7.417945580520891782e-04 1.650594093964408973e-03 1.363642227657410589e-04 9.999986284710272733e-01 8.428793385054101847e-03
9.999992321229139725e-01 4.313769745516385780e-05 -1.238504227483734187e-03 9.705069209259258034e-02 -4.318954002406300648e-05 9.999999981923610726e-01 -4.183230179492516629e-05 5.791735997117786888e-03 1.238502420695787067e-03 4.188576010076204526e-05 9.999992321783737204e-01 3.513358713630754596e-03
9.999995493505214883e-01 -4.040833656327256210e-05 -9.485072062123911475e-04 1.565612363552806585e-01 4.030615746457673403e-05 9.999999933832044441e-01 -1.077450910247362842e-04 1.674642379411291418e-02 9.485115537362140805e-04 1.077068117886573342e-04 9.999995443624337677e-01 2.696669221821881238e-03
9.999991999641785201e-01 1.185548354433512623e-04 -1.259371174014170059e-03 2.349528253626646523e-01 -1.186264457825770701e-04 9.999999913514767691e-01 -5.678743536434373469e-05 1.234866970089753928e-02 1.259364430697414378e-03 5.693678465865556720e-05 9.999992053794009017e-01 7.106353218396445175e-03
9.999988304807597705e-01 4.431974067128711644e-04 -1.463766774897329922e-03 3.340381671215560400e-01 -4.429525044140727227e-04 9.999998878466922481e-01 1.676295967551992691e-04 7.928675331540194215e-03 1.463840903733614526e-03 -1.669810215503417716e-04 9.999989146429845155e-01 6.926936578167771329e-03
9.999985410698090105e-01 6.014921053172848616e-04 -1.598769996215807431e-03 4.648229948969156422e-01 -6.008073789250954798e-04 9.999997276109247046e-01 4.287290166550654369e-04 3.285338369197686372e-03 1.599027437847165252e-03 -4.277678383584288067e-04 9.999986300620263835e-01 7.059468637773237167e-03
9.999983604392816972e-01 7.041726914530075689e-04 -1.668310393468221001e-03 5.929911378425489765e-01 -7.032420967223668509e-04 9.999995968603005991e-01 5.583276723789806816e-04 -6.068792057748844922e-04 1.668702880005842057e-03 -5.571535308677748799e-04 9.999984525041232253e-01 6.356716878642917207e-03
9.999982715900515018e-01 7.674097903895977764e-04 -1.693487266899390640e-03 7.131822220207401086e-01 -7.665238742721867298e-04 9.999995690800470571e-01 5.237183119388133783e-04 8.706565202674909285e-03 1.693888443701925626e-03 -5.224193083180185635e-04 9.999984289087691103e-01 7.634067026647808549e-03
9.999980624775265392e-01 8.387081273049456316e-04 -1.780901420657331549e-03 8.293779979730573348e-01 -8.380652307481674607e-04 9.999995834059677291e-01 3.617106026892965317e-04 1.887391637374376957e-02 1.781204048366635557e-03 -3.602173903068319632e-04 9.999983487764216861e-01 7.277942255881847747e-03
9.999970763224048653e-01 1.199154200347604194e-03 -2.099851386708881298e-03 9.584717965215805435e-01 -1.198602660448158186e-03 9.999992468551603952e-01 2.638953851207888768e-04 1.374921440245726288e-02 2.100166256476165057e-03 -2.613777261171089600e-04 9.999977604891819860e-01 1.012387819492776772e-02
9.999951517347482888e-01 1.547881603048304085e-03 -2.701956613417877406e-03 1.137007930280250712e+00 -1.547448668924744902e-03 9.999987895278080741e-01 1.623130791052943391e-04 6.634565029023938021e-03 2.702204584203614021e-03 -1.581311530035071022e-04 9.999963365357512624e-01 6.506393373758438334e-03
9.999931462534079607e-01 1.742085718613159201e-03 -3.266892033608385579e-03 1.330327097671499370e+00 -1.741188423190480989e-03 9.999984456306122427e-01 2.774873588909889028e-04 1.677903757716224520e-02 3.267370362416434880e-03 -2.717971824742164010e-04 9.999946251941589370e-01 9.180353680992341114e-03
9.999908248946719480e-01 2.470789094171638080e-03 -3.499332468589563382e-03 1.526004489096726369e+00 -2.467433654374894762e-03 9.999964923174240461e-01 9.628727898254191850e-04 1.052758499773269116e-02 3.501699249630210644e-03 -9.542295846653104296e-04 9.999934137524431055e-01 1.132574837192156306e-02
9.999909552051239325e-01 2.529519304293778581e-03 -3.419216289311211368e-03 1.705656977795730000e+00 -2.526170070591548557e-03 9.999963255927654115e-01 9.834966915726291777e-04 6.457621159496014680e-03 3.421691499585183260e-03 -9.748502741918555056e-04 9.999936708270831254e-01 2.570960449362892555e-03
9.999939611870528600e-01 1.895723053189728429e-03 -2.912700384963391731e-03 1.900786787888586682e+00 -1.894291044693346884e-03 9.999980836512505356e-01 4.943230366564857524e-04 1.221584401586168350e-02 2.913631902789964173e-03 -4.888025492770208804e-04 9.999956359010787610e-01 7.818865948444889830e-03
9.999938093913055548e-01 2.712518238027014032e-03 -2.241299594812059832e-03 2.145671621423493214e+00 -2.712647468840904356e-03 9.999963192733569706e-01 -5.462094996883495504e-05 1.395988687146566126e-02 2.241143184877957256e-03 6.070046750468824646e-05 9.999974867931809008e-01 1.903518194726663837e-02
9.999900176958237408e-01 3.936304109960635927e-03 -2.114241864145511868e-03 2.415347163425486610e+00 -3.936048484766616756e-03 9.999922459118970597e-01 1.250536104034761879e-04 9.711285210936991888e-03 2.114717719168423497e-03 -1.167306035944986985e-04 9.999977571689521172e-01 2.737754290661747331e-02
9.999872692991752521e-01 4.409107608478185156e-03 -2.453774577158547663e-03 2.649065080294934926e+00 -4.407768181634354535e-03 9.999901339383006071e-01 5.510042799923358606e-04 1.459086977292795018e-02 2.456179805230391654e-03 -5.401815958155913467e-04 9.999968376873038522e-01 2.550142876458737912e-02
9.999861938503717962e-01 4.727365220362398333e-03 -2.294368479571642135e-03 2.882871762219465506e+00 -4.725482719560907853e-03 9.999884943494291578e-01 8.252162316096437172e-04 1.303824483490174414e-02 2.298243179882225162e-03 -8.143628399483533904e-04 9.999970274413074733e-01 1.862344844041768574e-02
9.999835279357683904e-01 5.415213394356890343e-03 -1.902451320782669623e-03 3.153744326263040243e+00 -5.413617257865598574e-03 9.999849908192710579e-01 8.431395896672091777e-04 8.435063576485416284e-03 1.906988547346246321e-03 -8.328265581152937249e-04 9.999978348949583040e-01 1.198577216634919874e-02
9.999802327910349842e-01 6.080293257041065151e-03 -1.601268589523369233e-03 3.435532302547783967e+00 -6.079041847693085303e-03 9.999812141617073769e-01 7.852221924657823773e-04 4.354613256152725133e-03 1.606012889552712285e-03 -7.754724920495108687e-04 9.999984096812417622e-01 1.700600959149045979e-02
9.999780084179905604e-01 6.469413283078043891e-03 -1.459236842304409637e-03 3.717847658074654227e+00 -6.467849023955704948e-03 9.999785063294968079e-01 1.074154566056037888e-03 6.759799472039653388e-03 1.466154627766257058e-03 -1.064692820111588778e-03 9.999983584085557764e-01 2.629577388783697553e-02
9.999765650504183201e-01 6.724167945771377525e-03 -1.286435153305392088e-03 4.017656841996156913e+00 -6.722211579720197699e-03 9.999762518326426042e-01 1.519092563579267988e-03 9.532909271228412126e-03 1.296619236350756398e-03 -1.510409274437522070e-03 9.999980187192271108e-01 2.212945142508249141e-02
9.999723558584724392e-01 7.285661793127199901e-03 -1.485480088322146432e-03 4.297134209800494986e+00 -7.283677620539951575e-03 9.999725801611792919e-01 1.336774518737928472e-03 -2.046971927832945751e-03 1.495178643734748018e-03 -1.325917806678872162e-03 9.999980031894030175e-01 1.755446028455864144e-02
9.999744817965142696e-01 6.942898369033518452e-03 -1.682830362813155563e-03 4.612179822447300737e+00 -6.941838465770334282e-03 9.999757036215192185e-01 6.348585376159031563e-04 -7.732052689204510845e-03 1.687197234435122012e-03 -6.231604006226130902e-04 9.999983825169954654e-01 1.889573926913990648e-02
9.999809885226356165e-01 5.988455709227916146e-03 -1.470031125899621139e-03 4.935308963357375234e+00 -5.988708839968225756e-03 9.999820534349047607e-01 -1.678527370030035934e-04 -1.348575398696610049e-02 1.468999565209112932e-03 1.766531342731970033e-04 9.999989054163747060e-01 2.197204174300170995e-02
9.999929345653262303e-01 3.427466278291216566e-03 -1.543792193997909745e-03 5.277376869374149848e+00 -3.429578072901984329e-03 9.999931841331245463e-01 -1.367362986427365576e-03 -2.263969620758267756e-02 1.539095081189668576e-03 1.372647881271162225e-03 9.999978735098015159e-01 2.191312947133740308e-02
9.999986804366898241e-01 -1.903583760179036993e-04 -1.613347007889697361e-03 5.605080852535884617e+00 1.815584950763802401e-04 9.999851167962012788e-01 -5.452817858728523613e-03 -1.389909560024890980e-02 1.614360985669689979e-03 5.452517746535352240e-03 9.999838318137107551e-01 4.161830435030249020e-02
9.999882684932234200e-01 -4.707023604052681422e-03 -1.143155595598978422e-03 5.941377522694017088e+00 4.697443880851863603e-03 9.999549928342164051e-01 -8.242956199593906574e-03 -8.098927693260205007e-03 1.181903934804231626e-03 8.237489588039985378e-03 9.999653728346675763e-01 7.154341293935367885e-02
9.999518269966609640e-01 -9.787046640735853897e-03 -7.465949986198638314e-04 6.297052278159734229e+00 9.780698449474246881e-03 9.999195300410300691e-01 -8.079070513740444978e-03 -8.186825723244391464e-03 8.256051600827291710e-04 8.071379100104225310e-03 9.999670850660745680e-01 6.917353001455858741e-02
9.998825289997365084e-01 -1.530899251331064789e-02 -7.502994859040656344e-04 6.675122040269596546e+00 1.530415170856095838e-02 9.998643928439479023e-01 -6.081024854801697285e-03 4.850483733366903714e-03 8.432921039000100582e-04 6.068827813570244756e-03 9.999812289175216140e-01 3.498211603471704928e-02
9.997576336444435885e-01 -2.198630927628587167e-02 -1.129678746378059030e-03 7.052819655883552308e+00 2.198009688654844335e-02 9.997446489695732685e-01 -5.245207103891249764e-03 8.935936497076092319e-03 1.244713027350444982e-03 5.219105393865277123e-03 9.999856057105858120e-01 1.528674589435910286e-03
9.995254841043352823e-01 -3.080102386453884358e-02 -3.217994567050068747e-04 7.456711578711175292e+00 3.079645572015480767e-02 9.994785973323939698e-01 -9.701123107495445569e-03 3.152632051279085496e-02 6.204361939566430985e-04 9.686609487655952616e-03 9.999528912181627760e-01 2.902318336228315240e-03
9.991368224865392333e-01 -4.153311232256506197e-02 7.813656652906955918e-04 7.846521364114244612e+00 4.154002008112318151e-02 9.990361633225370852e-01 -1.418348001883832331e-02 5.649009765820293266e-02 -1.915284876567091218e-04 1.420369510325031684e-02 9.998991040911339168e-01 7.310229699784075164e-02
9.985590671047561706e-01 -5.364591240211663559e-02 1.380429434445361921e-03 8.234429892285925590e+00 5.366041711140083492e-02 9.984513594680849424e-01 -1.467795666172438257e-02 7.907389823356389402e-02 -5.908792681548008735e-04 1.473088113038073174e-02 9.998913200957457725e-01 1.137964645079581616e-01
9.977984527782020052e-01 -6.628517742291957504e-02 2.126708122485214403e-03 8.634749993664382117e+00 6.630644352743590708e-02 9.977232124932993163e-01 -1.232261331024054295e-02 1.100682518287723621e-01 -1.305059450418215869e-03 1.243649894716499296e-02 9.999218121002101389e-01 7.064836597186166522e-02
9.968336776927345655e-01 -7.946031827603393383e-02 2.945647135806864041e-03 9.048030766467448416e+00 7.948636501139415278e-02 9.967843185442193388e-01 -1.014593916854120322e-02 1.565357621575496905e-01 -2.129975317395413001e-03 1.034795263845520764e-02 9.999441899832908209e-01 1.908382335950598030e-02
9.954993174782142962e-01 -9.470129375321502396e-02 3.574053983467454822e-03 9.471396408295332137e+00 9.473178518178416996e-02 9.954562010958760698e-01 -9.635381468272955288e-03 2.059320674121075667e-01 -2.645331110042893966e-03 9.930592189497901984e-03 9.999471913866672113e-01 2.269230384067476292e-02
9.936298054613688091e-01 -1.126247293469139210e-01 3.934467986483708608e-03 9.884853437786235375e+00 1.126620868749013959e-01 9.935712349456371495e-01 -1.111104268706334178e-02 2.683068027516388177e-01 -2.657796040792177825e-03 1.148352855771945895e-02 9.999305299329896979e-01 5.847229432080145589e-02
9.911801259987172985e-01 -1.323964209011029014e-01 5.757217882354819655e-03 1.028418326942497885e+01 1.324524908759139585e-01 9.911306012365758145e-01 -1.079207826091210971e-02 3.415426758100247318e-01 -4.277322285358936202e-03 1.145945133947213167e-02 9.999251899462606730e-01 1.001202901407685641e-01
9.881690162275019729e-01 -1.531147680411772127e-01 8.824011313882610535e-03 1.070677584838926855e+01 1.531631803821308091e-01 9.881877706127596417e-01 -5.096095232126137027e-03 4.313337859678122443e-01 -7.939492628744682437e-03 6.387317048693911745e-03 9.999480819711179524e-01 1.004786148454835659e-01
9.845023474228484783e-01 -1.750098149187448160e-01 1.125578078178394656e-02 1.116933349757221627e+01 1.750418600500906752e-01 9.845591197340514134e-01 -1.920150700899877225e-03 5.214500009276185066e-01 -1.074593639965206945e-02 3.860625676801083400e-03 9.999348080851462317e-01 2.947479140544526349e-03
9.796942335477677455e-01 -2.001149912472153514e-01 1.237735962873185228e-02 1.161375877095922959e+01 2.001873775157876068e-01 9.797453626588934483e-01 -4.902879943956323441e-03 6.273863264389792915e-01 -1.114552092114046850e-02 7.281114373516623869e-03 9.999113774414591926e-01 -2.067990918176553297e-02
9.735066170176374101e-01 -2.283440737942819543e-01 1.199377279702103227e-02 1.204048687511828497e+01 2.284509937644450539e-01 9.735187668722483645e-01 -8.447129428065745446e-03 7.589015206651347212e-01 -9.747310958029737488e-03 1.096332570749083621e-02 9.998923919195099597e-01 6.918592495227757211e-02
9.660020274314811140e-01 -2.582497033953043974e-01 1.213151657894822634e-02 1.246442683908305327e+01 2.583579457730480478e-01 9.660128344494962604e-01 -8.389012741731510792e-03 8.979942445681791119e-01 -9.552740664269240844e-03 1.123807701910990546e-02 9.998912194687549215e-01 1.244358698008530967e-01
9.569054243298147355e-01 -2.901557000499209726e-01 1.190288270619659604e-02 1.290294875803619234e+01 2.902428311284256379e-01 9.569318980685512788e-01 -6.359358259773147289e-03 1.043874686914635808e+00 -9.545044092795317361e-03 9.540030789269609429e-03 9.999089358265613736e-01 7.680410793350647691e-02
9.460352820433417520e-01 -3.238986915686015711e-01 1.033841038665630520e-02 1.334790841726295518e+01 3.239638644513091470e-01 9.460542107865502759e-01 -5.370733917392952333e-03 1.215613584795273816e+00 -8.041122990528917075e-03 8.430175157465309710e-03 9.999321339410318643e-01 4.573102811147923899e-03
9.337583500975437101e-01 -3.578103083971423959e-01 8.193096353322602485e-03 1.378362599984222747e+01 3.578653823461772077e-01 9.337493761713387963e-01 -6.668629383910748380e-03 1.401699041180171079e+00 -5.264194272383300628e-03 9.158913930013364360e-03 9.999441997203070143e-01 -7.822019144193731108e-03
9.204620066506346010e-01 -3.907583887947588819e-01 7.587878439398648700e-03 1.420637351078801558e+01 3.908157712817160734e-01 9.204273928078142708e-01 -8.743425329173101085e-03 1.602886277757199052e+00 -3.567524374743362512e-03 1.101345338817614344e-02 9.999329860617170995e-01 4.420059621341788231e-02
9.066845656847010160e-01 -4.216813777971302191e-01 1.038816481670239329e-02 1.464110900761833989e+01 4.217608156302919964e-01 9.066787968505424233e-01 -7.167547734300899406e-03 1.844566208183494815e+00 -6.396307373466158554e-03 1.088002577049327832e-02 9.999203529737843432e-01 9.782555911558631079e-02
8.916972816893443676e-01 -4.524411013010871674e-01 1.315323843368914822e-02 1.509173375565034725e+01 4.525229108183657090e-01 8.917440906176756776e-01 -3.935991987798713281e-03 2.099830809729493541e+00 -9.948518096055687654e-03 9.461855098972163716e-03 9.999057457009528083e-01 4.757077190553264667e-02
8.753333750401318669e-01 -4.833101079753821527e-01 1.424156134965810262e-02 1.553377204606856488e+01 4.834036390759110513e-01 8.753890759138323041e-01 -3.858432180683039892e-03 2.349399287575875128e+00 -1.060208795558574904e-02 1.026183704562831124e-02 9.998911392903884199e-01 -5.656245532115366376e-03
8.575540983682976570e-01 -5.142000702957222336e-01 1.411580956269873482e-02 1.594353226226348852e+01 5.143067146146217405e-01 8.575909376069746903e-01 -5.136831387565587818e-03 2.599638654187748976e+00 -9.464231297372805232e-03 1.166496644935102397e-02 9.998871720767725790e-01 2.108264287546707944e-02
8.393128053711107484e-01 -5.434433535409383120e-01 1.494443817126432303e-02 1.634534879467656410e+01 5.435739930904187611e-01 8.393361880636205363e-01 -6.486712770566141657e-03 2.872331262451247369e+00 -9.018246825928166732e-03 1.356778902434750168e-02 9.998672843558675805e-01 6.311456260860442979e-02
8.205448594732623890e-01 -5.714024343862283972e-01 1.433148873970511994e-02 1.675134300379796315e+01 5.715254830653414553e-01 8.205585925381601031e-01 -6.497570216772239303e-03 3.187783162958987671e+00 -8.047098789769809371e-03 1.352235886544450073e-02 9.998761873411036172e-01 6.981362974704043156e-02
8.006342842794534898e-01 -5.989884502295909074e-01 1.405629139852301174e-02 1.715942786453756952e+01 5.991058004134529602e-01 8.006459715054865534e-01 -6.186131504543193778e-03 3.530303932781713172e+00 -7.548691759711896425e-03 1.337403467875538342e-02 9.998820692707357516e-01 3.354754258171044334e-02
7.796870081444902123e-01 -6.259072088520041266e-01 1.812002311773978219e-02 1.754554046150896340e+01 6.260710400905122874e-01 7.797510115296126809e-01 -4.838675286687213646e-03 3.883607681955610680e+00 -1.110054461176599588e-02 1.511707397744731229e-02 9.998241105232872350e-01 -3.306178193037067996e-03
7.589775748989796567e-01 -6.507177191110393721e-01 2.279234159515161617e-02 1.792093874713136259e+01 6.509362251115951015e-01 7.591263817467428510e-01 -3.027767092291737839e-03 4.231163038167527368e+00 -1.533204611036768743e-02 1.713436812446850893e-02 9.997356359513472901e-01 1.219946544633148874e-02
7.388210574709168643e-01 -6.734549279616681705e-01 2.453375311077885326e-02 1.832148605202058533e+01 6.737068833089558950e-01 7.389931195482016824e-01 -2.864374722387512048e-03 4.576814632331490884e+00 -1.620124747323915468e-02 1.864481870552152365e-02 9.996948986144468252e-01 4.630067106882972128e-02
7.184925029650879313e-01 -6.951484900160475044e-01 2.317541825668867350e-02 1.870424930923222817e+01 6.953733086911914052e-01 7.186446798289315430e-01 -2.405351000949786273e-03 4.963566068264645637e+00 -1.498281491671077728e-02 1.784379393463783256e-02 9.997285202869775622e-01 5.203409917677852270e-02
6.979055425167064453e-01 -7.158873948253694497e-01 2.081085424981903714e-02 1.905045603666031795e+01 7.160412108510858520e-01 6.980580039749852972e-01 8.630973441619046299e-05 5.366980693829211724e+00 -1.458897142956229291e-02 1.484119323386368268e-02 9.997834269960782505e-01 2.619339941953625905e-02
6.777088361107925785e-01 -7.350912873474909626e-01 1.874920593421209106e-02 1.938368755346265004e+01 7.351823638231561597e-01 6.778636808281117698e-01 2.778873433672906460e-03 5.763276293779604487e+00 -1.475213139690364356e-02 1.190081845808752155e-02 9.998203564337325711e-01 1.968214050106493335e-02
6.581614051833239998e-01 -7.527078651231750017e-01 1.595100337987219799e-02 1.971697044732772142e+01 7.527306543221882196e-01 6.583034081714334018e-01 5.760627879454215117e-03 6.193484083848339594e+00 -1.483666980163694457e-02 8.215386271346814678e-03 9.998561799867067279e-01 -2.753424456141012958e-03
6.383931218305746169e-01 -7.695639918915263555e-01 1.501613743250638025e-02 2.007566588320208112e+01 7.695185990580052371e-01 6.385480943282820787e-01 9.872027832440403300e-03 6.639010510104672136e+00 -1.718568308849562076e-02 5.252962373574833303e-03 9.998385163030496514e-01 -9.493746216017779141e-03
6.187311170898471824e-01 -7.855135481819068843e-01 1.184357916430033887e-02 2.040228425181556204e+01 7.853158336255918748e-01 6.188422582079189382e-01 1.770030827599356274e-02 7.091528364583981059e+00 -2.123313923308915371e-02 -1.650781267916957102e-03 9.997731886380599731e-01 4.516936494295350352e-02
5.994738291124492857e-01 -8.003886748349283708e-01 3.016190518650708943e-03 2.071692862932027168e+01 8.000637944625342834e-01 5.993302842279555342e-01 2.647895763525304549e-02 7.546762775915756727e+00 -2.300115213351899487e-02 -1.346029729333785875e-02 9.996448206224577415e-01 1.543940224116254444e-02
5.811007561862722159e-01 -8.138311896935366274e-01 8.401438837654936305e-04 2.101774429153784496e+01 8.133920050705683025e-01 5.808204728151870055e-01 3.226491044498968480e-02 8.002456767289649164e+00 -2.674616322060282408e-02 -1.806579753970206578e-02 9.994789991351651359e-01 -1.101417723789438335e-01
5.633942921782471025e-01 -8.261029601272545930e-01 1.186468752051783072e-02 2.135095909535476721e+01 8.254846524740205860e-01 5.634490173602632046e-01 3.317067026153093512e-02 8.481118037639239660e+00 -3.408753541717814833e-02 -8.894048838485740793e-03 9.993792752626208253e-01 -1.776070141182084228e-01
5.460179312777407867e-01 -8.373263743728232011e-01 2.736716102994294839e-02 2.167852326521081352e+01 8.366780878291004697e-01 5.466829138303433977e-01 3.328016034524548111e-02 8.995305196816302029e+00 -4.282751533554404744e-02 4.725939655541301979e-03 9.990713034736589115e-01 -4.309878208270950112e-02
5.282006722051549863e-01 -8.486212631846838939e-01 2.908610583859674859e-02 2.196119370564117901e+01 8.477537726051513900e-01 5.289836639576768196e-01 3.859824218335834722e-02 9.506416757656149130e+00 -4.814136387511158688e-02 4.270238487875866427e-03 9.988314042657553404e-01 9.406210615614732373e-02
5.101396526662386188e-01 -8.598933352079938253e-01 1.846582904834026193e-02 2.221924027178054928e+01 8.589505905587973000e-01 5.104509872208049526e-01 4.054223259761748077e-02 9.985407436101521483e+00 -4.428789627271944446e-02 -4.820965689432779068e-03 9.990071774184398068e-01 3.578705548498731194e-04
4.915459526603884743e-01 -8.708045584710030207e-01 9.055239881556924331e-03 2.248186476338700146e+01 8.699453724437383739e-01 4.914821276590143340e-01 4.050144633829281388e-02 1.047036672139491742e+01 -3.971933265950445407e-02 -1.203075799315130728e-02 9.991384466004668008e-01 -2.090279629734743683e-01
4.738584234869846479e-01 -8.805591065895163050e-01 8.593852029372789705e-03 2.275408289638312809e+01 8.797311848617556107e-01 4.738014646756813497e-01 3.981475169972555767e-02 1.096806290455598543e+01 -3.913102186451665465e-02 -1.130627584363096995e-02 9.991701212778464347e-01 -2.766290151218319116e-01
4.567871184546188346e-01 -8.894249134599273576e-01 1.639669877527105343e-02 2.302053547554642066e+01 8.886722875769007546e-01 4.570761666947040780e-01 3.664618851276944117e-02 1.149166794175327233e+01 -4.008857326925478054e-02 -2.168215043763221158e-03 9.991937775710774128e-01 -2.092473874369587816e-01
4.397438211613977632e-01 -8.977506453277932508e-01 2.586794471742081755e-02 2.326766836878687883e+01 8.970390251800786086e-01 4.404455622282299476e-01 3.645125536154852214e-02 1.201200578705769217e+01 -4.411755947859154897e-02 7.175341593910095593e-03 9.990005782874520346e-01 -6.800778194459289328e-02
4.224992339166055433e-01 -9.060156830670019756e-01 2.509938996301040032e-02 2.348638362854094908e+01 9.051557500483374819e-01 4.232035197288158135e-01 3.989798295119107580e-02 1.255028918005821659e+01 -4.677034845191109513e-02 5.861989916028357943e-03 9.988884680383046666e-01 -1.364772494565656517e-02
4.041488812164418798e-01 -9.146117158798235947e-01 1.221028201408342478e-02 2.367787750655987367e+01 9.136076639220050977e-01 4.042834373138403659e-01 4.331210843035654401e-02 1.307380513632744545e+01 -4.455017659308636857e-02 -6.349132938538186791e-03 9.989869720253881091e-01 -1.269910936523225009e-01
3.852367874342779164e-01 -9.228069264430586172e-01 4.471478059051877188e-03 2.388253548396452786e+01 9.219536345617064255e-01 3.850811763658973375e-01 4.140028172750164631e-02 1.357881502938797347e+01 -3.992634876590651222e-02 -1.182641608317097637e-02 9.991326351175058296e-01 -3.767920421635500006e-01
3.653227775876186634e-01 -9.307776966230080218e-01 1.386173311080806693e-02 2.412325968387168373e+01 9.301660852716086003e-01 3.655852264863567180e-01 3.374160614745747716e-02 1.409994465875490555e+01 -3.647357928909939623e-02 5.671367447035340677e-04 9.993344567109424537e-01 -4.712759565943216988e-01
3.450511572943377736e-01 -9.381940554335409521e-01 2.704834928427908916e-02 2.431818158637834415e+01 9.380374284415508024e-01 3.456902760837169408e-01 2.416642017193575478e-02 1.461766488631456440e+01 -3.202314307811059135e-02 1.703371275822633535e-02 9.993419689661138250e-01 -2.331143525678240069e-01
3.265860017122328984e-01 -9.447650066517345735e-01 2.758016845426823627e-02 2.445290657924009281e+01 9.448417861623226166e-01 3.271004266086308676e-01 1.671257113803353150e-02 1.512524895840684103e+01 -2.481093724972087758e-02 2.060080383868690204e-02 9.994798768729615812e-01 4.872544589880429579e-03
3.073457719064311422e-01 -9.515284301452303639e-01 1.149883109683690757e-02 2.458696298812349568e+01 9.515123975982543447e-01 3.074577057063301866e-01 9.691048375756716390e-03 1.568003316938241198e+01 -1.275671227478335397e-02 7.962777602899137608e-03 9.998869238392835701e-01 -7.231048319631025456e-02
2.843577254957911360e-01 -9.587172439047902950e-01 -1.389312946372392964e-03 2.473804207617462936e+01 9.587149722080251513e-01 2.843526648486163766e-01 3.027219459468693391e-03 1.625091413115180927e+01 -2.507192658267102386e-03 -2.192768362840773807e-03 9.999944528605552163e-01 -4.219090415966620933e-01
2.614914504457453437e-01 -9.651992127105097907e-01 3.563864025559351431e-03 2.490614204413052590e+01 9.652051611622602945e-01 2.614937192071167815e-01 1.779914746299275478e-04 1.676578130206558725e+01 -1.103725289973951163e-03 3.393316702282438320e-03 9.999936335758554673e-01 -5.933977305572892824e-01
2.415808917089752594e-01 -9.702213062474868144e-01 1.758663312054444330e-02 2.504035905863251443e+01 9.703009679652320196e-01 2.417536714398670905e-01 8.437648432985063451e-03 1.730650263395872557e+01 -1.243801940946541972e-02 1.502595250774631415e-02 9.998097401127900019e-01 -3.548432477683254316e-01
2.217935952919689035e-01 -9.747319166320276285e-01 2.655733018050420932e-02 2.515359545692018628e+01 9.746929552756198323e-01 2.224009157168932993e-01 2.261582685568097259e-02 1.790951684374354613e+01 -2.795074280839601397e-02 2.086919708904390672e-02 9.993914311166158804e-01 -9.945464135277815032e-02
1.995539545011068283e-01 -9.795256866294758114e-01 2.660166303118185332e-02 2.525322703366141042e+01 9.792471837166757398e-01 2.003309467339195182e-01 3.069959223916819691e-02 1.853250745021571788e+01 -3.540017550704951943e-02 1.992337857256732889e-02 9.991746026397609892e-01 -1.366929129038296220e-01
1.763838176043775741e-01 -9.840736850816809156e-01 2.208463758059748053e-02 2.535368545978542087e+01 9.837723317259357003e-01 1.769903799263413402e-01 2.943475401706020789e-02 1.909885881471125302e+01 -3.287473525096675647e-02 1.653444112421173853e-02 9.993227026535966839e-01 -3.468280017395560244e-01
1.543775184056958572e-01 -9.877768533303842302e-01 2.155156225483185334e-02 2.546080529200738951e+01 9.876002908274005287e-01 1.549060841037483427e-01 2.549059954721510229e-02 1.965466513600600962e+01 -2.851749232546720719e-02 1.734915364988434336e-02 9.994427244715424763e-01 -4.884281432392181821e-01
1.342761391810353699e-01 -9.906559916527479803e-01 2.388775102737903527e-02 2.553432995749587775e+01 9.904715632744605092e-01 1.349173714036765725e-01 2.762942703294891250e-02 2.025332238661950157e+01 -3.059413001348270517e-02 1.995016531343068653e-02 9.993327724600473694e-01 -4.155911270265779112e-01
1.152702604993455088e-01 -9.929575860027733958e-01 2.734957849690835760e-02 2.557741206951322610e+01 9.926898301845877848e-01 1.161433538760582168e-01 3.282715946461883805e-02 2.087627260558805631e+01 -3.577244879104347214e-02 2.336565321077582399e-02 9.990867720861517087e-01 -3.078607089190842361e-01
9.646213784460967722e-02 -9.949453173523558069e-01 2.790826832800337443e-02 2.561315649873870726e+01 9.946705359548214664e-01 9.738532335970785658e-02 3.386183245888743643e-02 2.150702310312343357e+01 -3.640852737747216072e-02 2.449314746506579474e-02 9.990367885425733840e-01 -2.962206763387626451e-01
7.847329910538407283e-02 -9.965741509443076795e-01 2.611327243279038673e-02 2.565372804757923220e+01 9.964216267434325980e-01 7.923245958074037754e-02 2.943058114882725687e-02 2.210601254328340559e+01 -3.139877522274199528e-02 2.371031459973823446e-02 9.992256691539169733e-01 -3.953953905786457557e-01
6.271519370693108553e-02 -9.977174170652575169e-01 2.503517850812432208e-02 2.570811090928354403e+01 9.976645882725204695e-01 6.335250702875645790e-02 2.553094514885646815e-02 2.270509900376413270e+01 -2.705870997155395211e-02 2.337553288810533675e-02 9.993605008588604122e-01 -4.728465500753440964e-01
4.976233685819789893e-02 -9.984458082510880850e-01 2.509338192120243519e-02 2.572797387219848986e+01 9.984888009164591960e-01 5.031969757098190416e-02 2.209168352066380459e-02 2.333253272972448045e+01 -2.332004019772446896e-02 2.395612702832018021e-02 9.994409836018229853e-01 -4.539204908082604684e-01
3.844447427203633721e-02 -9.989449246633723689e-01 2.512090538249022592e-02 2.573110054712137895e+01 9.990665940158571789e-01 3.892039041113014991e-02 1.873883485703991061e-02 2.398070907200861868e+01 -1.969677941951268260e-02 2.437705272452972069e-02 9.995087774406808956e-01 -4.062132408888166069e-01
2.942304499634701420e-02 -9.992878859665136337e-01 2.362213757725574459e-02 2.573235734270000208e+01 9.994021003845395823e-01 2.983928463094703831e-02 1.746593369058405121e-02 2.462743928745881661e+01 -1.815836364085417903e-02 2.309411295740068301e-02 9.995683747381153283e-01 -4.224653574458603900e-01
2.440193304462790966e-02 -9.994616191967549135e-01 2.193210925302147701e-02 2.575484746257463442e+01 9.995363941343333725e-01 2.479159757891293003e-02 1.767409093616691823e-02 2.527605516444069167e+01 -1.820830757154973806e-02 2.149065941487631956e-02 9.996032258317765207e-01 -4.753894339205401720e-01
2.304696142635121250e-02 -9.994568224143529633e-01 2.355626664853922858e-02 2.578446464784824244e+01 9.995743213109169467e-01 2.345849419078106096e-02 1.734575527676140289e-02 2.593767602197100786e+01 -1.788892799562020325e-02 2.314647229505812850e-02 9.995720219551273988e-01 -5.356008781103348548e-01
2.393145718027817406e-02 -9.993202743119904419e-01 2.804059033324551517e-02 2.582429080565644952e+01 9.995314962796935099e-01 2.445302483511074126e-02 1.840753979462298601e-02 2.662720647118613115e+01 -1.908070496878154498e-02 2.758693396196551170e-02 9.994372855624671370e-01 -5.011558263106902222e-01
2.701918171978655303e-02 -9.991842080161187356e-01 3.001470090464300813e-02 2.583190066022044462e+01 9.994012249462299602e-01 2.764989097409474572e-02 2.080084385538206321e-02 2.731666243521688031e+01 -2.161377790134032251e-02 2.943470707044145568e-02 9.993329988669986674e-01 -4.332313649851589621e-01
