1.000000000000000000e+00 0.000000000000000000e+00 0.000000000000000000e+00 0.000000000000000000e+00 0.000000000000000000e+00 1.000000000000000000e+00 0.000000000000000000e+00 0.000000000000000000e+00 0.000000000000000000e+00 0.000000000000000000e+00 1.000000000000000000e+00 0.000000000000000000e+00
9.999999911612975634e-01 -6.463005986699850073e-06 1.327992253657653157e-04 -3.200367527367273843e-05 6.460294733076026353e-06 9.999999997707134103e-01 2.041660435215227198e-05 -1.028349824856789226e-03 -1.327993572879524115e-04 -2.041574624955979687e-05 9.999999909737640191e-01 2.438914698626319481e-03
9.999999801125822874e-01 1.516162087533117354e-04 1.295660462971432966e-04 1.580640888201051571e-06 -1.516069734443779057e-04 9.999999859668426971e-01 -7.128562316197027400e-05 -1.397066804537457465e-03 -1.295768525348450003e-04 7.126597862814303000e-05 9.999999890654996948e-01 5.905530208467554831e-05
9.999999879051236773e-01 2.367490901883872229e-06 1.555125315973379652e-04 -1.398059362602877519e-03 -2.362589189948642283e-06 9.999999995004570374e-01 -3.151989924826310727e-05 -2.027531086246999945e-03 -1.555126061427274662e-04 3.151953145480777498e-05 9.999999874111741294e-01 -1.496856499426410352e-04
9.999999989813872503e-01 2.514111569098087908e-05 -3.748532777702876304e-05 -2.022869153874322194e-03 -2.514214798601624061e-05 9.999999993047538061e-01 -2.753842545162569789e-05 -2.242148816746673996e-03 3.748463540422699837e-05 2.753936788523298022e-05 9.999999989182426496e-01 9.225180230670365546e-04
9.999999987521471789e-01 2.561539035292683970e-05 -4.289006253163624551e-05 -4.853235909968684619e-03 -2.561366327061348144e-05 9.999999988612253699e-01 4.026772178311431452e-05 -4.535366530021385165e-04 4.289109395620622513e-05 -4.026662316124677676e-05 9.999999982694766087e-01 1.473243828401832323e-03
9.999999896607657535e-01 1.437960648823988685e-04 1.077058673582260336e-06 -9.421117251644794965e-04 -1.437960106381238354e-04 9.999999884015730034e-01 -5.019522970098384303e-05 1.126462413400725927e-03 -1.084276537596943773e-06 5.019507430526312419e-05 9.999999987396394063e-01 1.068647383163842494e-03
9.999999745046486144e-01 2.104074604762347454e-04 8.197196341668841837e-05 -4.323657674803246115e-04 -2.104084831167075910e-04 9.999999777864210238e-01 1.246706672348659006e-05 -1.454669418705033766e-03 -8.196933843194886143e-05 -1.248431400211494642e-05 9.999999965625847587e-01 9.967943668262495630e-04
9.999999905528065280e-01 9.674337650308237845e-05 9.764786684392000391e-05 -6.008031811621170060e-03 -9.674764874833710171e-05 9.999999943630124566e-01 4.374777186890077194e-05 2.961892168910039425e-04 -9.764363398631510638e-05 -4.375721865712954724e-05 9.999999942755132265e-01 -1.885240893805629602e-03
9.999999966890248393e-01 1.176337934365777617e-05 8.052063806100079899e-05 -4.498607645495047991e-03 -1.176140844454668299e-05 9.999999996312637363e-01 -2.447737328838604133e-05 1.419431322944520379e-03 -8.052092596793723603e-05 2.447642617122961723e-05 9.999999964586425705e-01 -2.088983590894693838e-03
9.999999958423461122e-01 -2.523405939700370782e-06 9.115338876147425183e-05 -3.246727487995044147e-03 2.526622673640910931e-06 9.999999993741462978e-01 -3.528914348338520104e-05 5.116695622819395113e-04 -9.115329965559128777e-05 3.528937364688397539e-05 9.999999952228679767e-01 -6.050669346537018971e-04
9.999999989249325205e-01 6.425888035395120193e-06 4.592214071130157707e-05 -2.353650178891581769e-03 -6.423060266640888881e-06 9.999999980834876068e-01 -6.157734156901495805e-05 -3.779902429368611760e-03 -4.592253631239366358e-05 6.157704654213778917e-05 9.999999970496940005e-01 5.904134246675631862e-04
9.999999957217761137e-01 9.001864174342618567e-05 2.128595687447217179e-05 -4.409839194702296419e-03 -9.001820498221191358e-05 9.999999957378504778e-01 -2.051881726458465677e-05 -3.352708047715710106e-03 -2.128780385980858045e-05 2.051690105317139154e-05 9.999999995629430538e-01 -8.904748847541632019e-04
9.999999990834680386e-01 4.260853085560372717e-05 -4.192498792686569278e-06 -1.240897229056865843e-03 -4.260847825981837485e-05 9.999999990135765016e-01 1.254450148520591637e-05 -3.141423915790921787e-03 4.193033291329590770e-06 -1.254432283771481878e-05 9.999999999125291916e-01 -1.208415598524392601e-03
9.999999969915200904e-01 -7.563804986804731009e-05 1.720015202342811862e-05 -6.491896757614273872e-04 7.563804256460061718e-05 9.999999971393528364e-01 4.252653374512588887e-07 -7.377231752229962934e-04 -1.720018414046535200e-05 -4.239643503409910027e-07 9.999999998519869537e-01 -9.488551445659782965e-04
9.999999895962088381e-01 -8.968268226722424306e-05 1.129805233466032289e-04 -4.471180296402484100e-03 8.968298319192774732e-05 9.999999959749475975e-01 -2.658446155837130352e-06 -4.796954344050644720e-03 -1.129802844752687867e-04 2.668578558555520730e-06 9.999999936141670265e-01 -1.574443801982184678e-03
9.999999999397750639e-01 -1.095466159121595997e-05 6.672092867016336614e-07 -2.988571374276626814e-03 1.095472933061640345e-05 9.999999947775767284e-01 -1.016112214339842944e-04 -7.307427410583565430e-03 -6.660961666725050156e-07 1.016112287369619072e-04 9.999999948373572423e-01 -1.096712860906507228e-04
9.999999974513558154e-01 -6.965802269744505483e-05 1.565401573950812235e-05 -4.260163553363505162e-03 6.965934750025816100e-05 9.999999939913473135e-01 -8.464561740197965262e-05 -7.600062067166558216e-03 -1.564811939911035305e-05 8.464670763477025455e-05 9.999999962950356647e-01 1.615359321721356392e-03
9.999999580119345310e-01 -2.866522349395224053e-04 4.250441604061887843e-05 -2.341575906020856683e-03 2.866547182207947512e-04 9.999999572075320975e-01 -5.842949940655365373e-05 1.283040980580539558e-04 -4.248766527515873497e-05 5.844168104461527300e-05 9.999999973896841476e-01 -1.551189629371466962e-03
9.999998361319869522e-01 -5.384084678967048735e-04 -1.945567293422612260e-04 -9.832522825491449292e-03 5.383913590541614461e-04 9.999998511971888160e-01 -8.797922862847519358e-05 6.737019768369846388e-03 1.946040691533655381e-04 8.787446654957010148e-05 9.999999772036669565e-01 1.694578102214547993e-03
9.999993377588710652e-01 -9.946100449018837990e-04 -5.789928132796129953e-04 -1.363237211031214334e-02 9.946312545103227001e-04 9.999995046937274479e-01 3.634511314379730817e-05 1.540463114975911159e-02 5.789563772862249850e-04 -3.692097342279331132e-05 9.999998317231633127e-01 1.976660816505227455e-03
9.999974281299963685e-01 -1.932999511032864812e-03 -1.186274118031953751e-03 3.829865367352944944e-03 1.933352058247063150e-03 9.999980872313568581e-01 2.961139078614389956e-04 1.526882530868058432e-02 1.185699460924912515e-03 -2.984066318027039878e-04 9.999992525348558869e-01 1.157571159777252877e-03
9.999937731014651998e-01 -3.164079311446704994e-03 -1.562805300171761806e-03 2.378783013057000906e-02 3.165329720681866760e-03 9.999946717031902299e-01 7.982812713305728874e-04 2.148930939551691593e-02 1.560271147825934230e-03 -8.032230945783668842e-04 9.999984601921172445e-01 1.277005263883292281e-03
9.999845926899428861e-01 -5.215295293868363671e-03 -1.901335774335807588e-03 4.380953881110231235e-02 5.217694794792364019e-03 9.999855948846331222e-01 1.259239554218653931e-03 2.318940415681577938e-02 1.894741079253657373e-03 -1.269140742497310145e-03 9.999973996156281686e-01 3.768375211284002036e-03
9.999628982068805572e-01 -8.063165505722981463e-03 -3.031100744473051462e-03 7.376092957275195983e-02 8.068656260208730002e-03 9.999658212699480409e-01 1.803629139540540967e-03 2.204124285460164895e-02 3.016454185035885496e-03 -1.828019131662557547e-03 9.999937796557555325e-01 5.515993838024388016e-03
9.999136698438929605e-01 -1.226210974583822992e-02 -4.721601836172148632e-03 1.070119107035746586e-01 1.227822339177426191e-02 9.999188426489218351e-01 3.399021327159835147e-03 2.427079133645212647e-02 4.679539470932200275e-03 -3.456700771229583719e-03 9.999830764218553547e-01 2.104714158641529317e-03
9.998260685653959090e-01 -1.773930221028676563e-02 -5.757584055525981001e-03 1.374608385143885336e-01 1.777997599867501416e-02 9.998167726486592022e-01 7.091796944763380413e-03 3.001258730850590514e-02 5.630725579432218839e-03 -7.192933164664462066e-03 9.999582774505832994e-01 5.121519605497552863e-03
9.996778176222220758e-01 -2.464242074117306905e-02 -6.083753289398460828e-03 1.680756356416594766e-01 2.470211607050927863e-02 9.996454355203271414e-01 9.940256788161634660e-03 4.384429557202711158e-02 5.836644216529766546e-03 -1.008733579249296644e-02 9.999320873143831001e-01 5.709049776016271102e-03
9.994229515475789860e-01 -3.329567530748910736e-02 -6.720262327011613385e-03 2.062940150468144940e-01 3.338229951210532759e-02 9.993552451876418496e-01 1.321801782538855295e-02 6.362245511876206405e-02 6.275826575813223465e-03 -1.343472819845856030e-02 9.998900549955599404e-01 -3.398529683475656239e-03
9.990168772561341948e-01 -4.355820418510759906e-02 -8.243895048499583905e-03 2.409118350273520837e-01 4.368235879371723529e-02 9.989247214026565347e-01 1.553230507174943424e-02 9.025527761903537338e-02 7.558471248814542520e-03 -1.587714769073504326e-02 9.998453808932595832e-01 -7.606098726414408165e-03
9.985015079503970492e-01 -5.416215495564217358e-02 -7.823016767478775321e-03 2.823963553483608835e-01 5.428524978690265484e-02 9.983893311874609822e-01 1.648802676574280535e-02 1.015317403277689740e-01 6.917389417752490936e-03 -1.688799400803041306e-02 9.998334588230320952e-01 -1.427868346043945774e-02
9.978720415998175719e-01 -6.503261132422390178e-02 -4.706172305000531561e-03 3.528512948505332925e-01 6.510830225921816761e-02 9.977108074619023270e-01 1.827713463979647665e-02 1.123047979542847047e-01 3.506789177326529502e-03 -1.854465254652639186e-02 9.998218832830148006e-01 -2.653023207423336333e-03
9.971095390103694722e-01 -7.597100969983025531e-02 -9.863567897994728658e-04 4.334054111240828178e-01 7.597615262949303228e-02 9.969342133012301099e-01 1.870290301202726102e-02 1.246984695185796438e-01 -4.375455958686429603e-04 -1.872378259448709281e-02 9.998245988768259540e-01 5.997595368308818869e-04
9.960233692585888088e-01 -8.909138234450958427e-02 4.165125608103878874e-04 5.161431370699057775e-01 8.906883286767511287e-02 9.958569308442102308e-01 1.832256262480656123e-02 1.523153043409284368e-01 -2.047169352804557863e-03 -1.821260227134521847e-02 9.998320410029609695e-01 1.608566597883969926e-02
9.945614426486932835e-01 -1.041403447787996456e-01 -1.524921605467126568e-03 5.789333024447259612e-01 1.041507117482488448e-01 9.943899415924234431e-01 1.847358390107118470e-02 1.750101962165661051e-01 -4.074786905641553016e-04 -1.853193592611071527e-02 9.998281858959304769e-01 2.312964553125362172e-02
9.927027576776247253e-01 -1.204746395595320679e-01 -5.205393572042507980e-03 6.269973873432737044e-01 1.205559619728031190e-01 9.925018215196245164e-01 2.015922401878347120e-02 1.996087590030359571e-01 2.737687354515934771e-03 -2.063965850561198800e-02 9.997832312880230443e-01 1.886103792292758569e-02
9.904968746727881301e-01 -1.373113464927479266e-01 -7.844449489127732975e-03 6.999868525239608674e-01 1.374508051361149341e-01 9.902756184696600572e-01 2.148198389269509456e-02 2.209016881104514940e-01 4.818446935758488592e-03 -2.235606380561586115e-02 9.997384602886129068e-01 -5.748480494245977734e-03
9.878481591285279695e-01 -1.552643950846686605e-01 -6.998723124287838798e-03 8.045889253909260797e-01 1.553841381374875819e-01 9.875999488103929247e-01 2.240782731501221245e-02 2.491357590192993243e-01 3.432800846057697166e-03 -2.322302152393513133e-02 9.997244156014447602e-01 -8.061433693499889253e-03
9.846747492925354006e-01 -1.743268265458963739e-01 -5.078942027577309712e-03 9.047073963401802699e-01 1.743991456549123797e-01 9.843745289890147854e-01 2.432539151775365421e-02 2.894035748796696672e-01 7.590128583824656827e-04 -2.483836194462715752e-02 9.996911921565521109e-01 9.491455996853311039e-03
9.807478822286423981e-01 -1.952305314220165733e-01 -4.316376340159702729e-03 9.999125976613351119e-01 1.952767085516260437e-01 9.804129978610680585e-01 2.563904682932996101e-02 3.419796448608278805e-01 -7.736932700914988560e-04 -2.598832864480285151e-02 9.996619469465533037e-01 1.542486187279319687e-02
9.756671295326857507e-01 -2.192116899301498889e-01 -4.459523227579500343e-03 1.098095759523584736e+00 2.192530149505838022e-01 9.753240262317321996e-01 2.590674217655229705e-02 3.918347119918708099e-01 -1.329580583709948560e-03 -2.625412068782910502e-02 9.996544169673738933e-01 1.020217339329290533e-02
9.696679745258929284e-01 -2.443992851613193684e-01 -3.606742503759760056e-03 1.185835289169486106e+00 2.444209550675695564e-01 9.694489639930357061e-01 2.066646889739244194e-02 4.278808078713535745e-01 -1.554317441671804753e-03 -2.092117648378865116e-02 9.997799200183131729e-01 -3.033036348225496073e-02
9.636489907621170747e-01 -2.671674887522955122e-01 -1.468181509634955591e-03 1.281812159213734814e+00 2.671712633369067169e-01 9.636258458192327181e-01 6.689193982064233282e-03 4.538826828242545908e-01 -3.723575089269267778e-04 -6.838290938565283125e-03 9.999765492884945539e-01 -4.131302373499354946e-02
9.580873492123881396e-01 -2.864736237251881423e-01 1.222370213457555418e-03 1.419543276024971767e+00 2.864708681463176143e-01 9.580345801574163822e-01 -1.020710174819998428e-02 4.805366488413126413e-01 1.752992491291811578e-03 1.012946851331944162e-02 9.999471590463984150e-01 2.806269265309768723e-02
9.519720780149699690e-01 -3.061824696793866707e-01 1.207452231533204419e-03 1.588222099294473999e+00 3.061440878225463180e-01 9.517735930014771251e-01 -2.007050463639793725e-02 5.446212864512751661e-01 4.996015528499890904e-03 1.947621436753286389e-02 9.997978380166406831e-01 1.218004598252115517e-01
9.448360618174939107e-01 -3.275382347754087209e-01 -1.876445953955465859e-03 1.717034812294933488e+00 3.274393006092277125e-01 9.446642392833234370e-01 -1.982370893147227670e-02 6.044961673608678643e-01 8.265634019765542503e-03 1.811573292663435503e-02 9.998017301019148650e-01 1.001654394241312251e-01
9.376313055561669163e-01 -3.476139791270096424e-01 -3.472226450676682303e-03 1.794496147682300702e+00 3.475372534412480841e-01 9.375631736700478225e-01 -1.389794403001395721e-02 6.401449605728002368e-01 8.086551276755135284e-03 1.182441936141429527e-02 9.998973901332145475e-01 6.633906910153558600e-04
9.317732735163072322e-01 -3.630391184548685812e-01 -1.079459224290659240e-03 1.887790719520121119e+00 3.630093884739805654e-01 9.317277970548373256e-01 -1.036803139879892768e-02 7.030058814741753093e-01 4.769763144191220376e-03 9.268800723486386034e-03 9.999456678703581014e-01 -4.694025765158185703e-02
9.267832794868915425e-01 -3.755799885176956399e-01 3.524923909795968716e-03 2.073349729229284844e+00 3.755963142560503898e-01 9.267318904101492505e-01 -9.767907355284582288e-03 8.024355920428887234e-01 4.019711338625450627e-04 1.037668164100716620e-02 9.999460799949808631e-01 1.334306788508130004e-02
9.212437336909433672e-01 -3.889498862586295291e-01 5.288583418013768044e-03 2.251438388351227005e+00 3.889858347751519729e-01 9.211565131365967440e-01 -1.267669713707546102e-02 8.977445528670229269e-01 5.898684883100767384e-05 1.373551183706280161e-02 9.999056616677023390e-01 9.201973202776186911e-02
9.154152115894352848e-01 -4.025002028086435701e-01 2.928673704970766352e-03 2.361499623234062817e+00 4.024844807676322689e-01 9.152476983497849217e-01 -1.810782722003250952e-02 9.559891067918474539e-01 4.607942260794929343e-03 1.775492620153397080e-02 9.998317505779156233e-01 9.432700094872870089e-02
9.105218353153583521e-01 -4.134494449287209328e-01 3.089320650897293963e-03 2.457175559344503046e+00 4.133809533252255086e-01 9.101731666635372031e-01 -2.647629342632293672e-02 9.929550541056528790e-01 8.134792061216908343e-03 2.538430959867874967e-02 9.996446678616953685e-01 7.696956857488015946e-03
9.075769286968765615e-01 -4.197405159568029509e-01 1.104616501151292444e-02 2.603731676937832695e+00 4.198417079385340367e-01 9.067860436847909877e-01 -3.836679884664657286e-02 1.030791697524899631e+00 6.087591674823132973e-03 3.945846224577482381e-02 9.992026676229399662e-01 -2.634238655507931126e-02
9.057753014168273831e-01 -4.232577208801182045e-01 2.059138311584229886e-02 2.815140983963484445e+00 4.237524028045688840e-01 9.044361761278355560e-01 -4.928594554853516635e-02 1.105998627631376019e+00 2.237065177818915729e-03 5.336764025724539257e-02 9.985724262730086842e-01 5.650222406540252040e-02
9.040217088924639155e-01 -4.268670398539177180e-01 2.300608913968468089e-02 3.008845779994806069e+00 4.274743409960559681e-01 9.022791058712507084e-01 -5.619700079331632625e-02 1.208269731515902334e+00 3.230733838762206780e-03 6.063782148568820640e-02 9.981546057421830653e-01 1.343048696959020516e-01
9.023773184506785894e-01 -4.306045347419091840e-01 1.717293817221189275e-02 3.142373626877886128e+00 4.308422530347382207e-01 9.005638802535002041e-01 -5.796249289592333986e-02 1.289183568656193213e+00 9.493584450209690065e-03 5.970286628348184244e-02 9.981710472718708926e-01 9.683269862299445641e-02
9.018379583467185379e-01 -4.319135123495781992e-01 1.179045100380518400e-02 3.258799618707926893e+00 4.318764862734043586e-01 9.002633013381632354e-01 -5.485151655013218580e-02 1.337800847243374003e+00 1.307660082591709412e-02 5.455919824889456787e-02 9.984249077408262618e-01 -9.239497302059300476e-03
9.023090300659957208e-01 -4.308346854734688147e-01 1.482862280655929989e-02 3.434576731757399859e+00 4.310023726949258061e-01 9.008994485436262467e-01 -5.115797440413813457e-02 1.404055807324220639e+00 8.681531702775911394e-03 5.255147387816405669e-02 9.985804792807269070e-01 -5.817431113723084413e-02
9.031987700512080774e-01 -4.286105265532991759e-01 2.291284150184290033e-02 3.639020015130888019e+00 4.292123154669100216e-01 9.015211697544012193e-01 -5.510325522316913277e-02 1.498206097464094499e+00 2.961423562864752557e-03 5.960366609831647261e-02 9.982177282327346912e-01 3.064418661645301745e-02
9.043753405939582990e-01 -4.260157386845792593e-01 2.481599723150678533e-02 3.824204261256177517e+00 4.267011940738645870e-01 9.020043682722546086e-01 -6.568265062943945409e-02 1.593078014565337153e+00 5.597705020810488444e-03 6.999078518493093148e-02 9.975319321644279258e-01 1.514830862483558527e-01
9.051480000751810362e-01 -4.247427649779754177e-01 1.734017182050360747e-02 3.992265958690240257e+00 4.247963967618096359e-01 9.022233369721919249e-01 -7.443837398107197578e-02 1.665357573677856751e+00 1.597245310161915857e-02 7.474378784639629236e-02 9.970748451948275859e-01 1.638774961460232327e-01
9.056673097189354982e-01 -4.238895710564757890e-01 9.184533522324643540e-03 4.164363726511829178e+00 4.233206493203704457e-01 9.028114764535262182e-01 -7.570380335745399702e-02 1.736867717598112426e+00 2.379815046270814666e-02 7.245046261661186593e-02 9.970880495228058304e-01 5.456669753900951492e-02
9.075825108012327558e-01 -4.197537413325721500e-01 1.003905996786471494e-02 4.360503665721872757e+00 4.193415727819299610e-01 9.049695408542002273e-01 -7.199149576800976946e-02 1.789199867146213707e+00 2.113365620302382411e-02 6.954801768164313447e-02 9.973547221585939981e-01 -1.763785801468260861e-02
9.107396291467492189e-01 -4.126306814642555221e-01 1.700731066294030105e-02 4.576988548135689783e+00 4.128094162821023261e-01 9.084018096249475427e-01 -6.629131239423806388e-02 1.897857425512629037e+00 1.190435762532566014e-02 6.739490325287643413e-02 9.976553579694060758e-01 5.372669534307643324e-02
9.146446109990734596e-01 -4.037556842072688168e-01 2.016390440053372410e-02 4.820567061521090935e+00 4.041955885896129086e-01 9.124806084580521226e-01 -6.328558566308296884e-02 2.030395488561399731e+00 7.152743183566768158e-03 6.603398108809747924e-02 9.977917375918717857e-01 1.351156541980974291e-01
9.183234702186189313e-01 -3.955681243604671216e-01 1.441745593283717472e-02 5.058122205918888170e+00 3.955978807919743878e-01 9.159248892490893246e-01 -6.770460816622703160e-02 2.152979616373837057e+00 1.357647813433727688e-02 6.787824573444350973e-02 9.976012344606848270e-01 1.181181496693039235e-01
9.225653213119960894e-01 -3.858116539880561691e-01 4.753478672910267655e-03 5.246425099423911220e+00 3.850294801465605765e-01 9.197566420268510345e-01 -7.615785491701107524e-02 2.188488155219626918e+00 2.501054438757225121e-02 7.209082531426311280e-02 9.970844425498502916e-01 4.904602187518937451e-02
9.284584280982794979e-01 -3.714349014765554458e-01 1.030173953045745300e-03 5.464097879749136411e+00 3.702190282478857730e-01 9.251876899590287806e-01 -8.346022688363072262e-02 2.211531922286100293e+00 3.004693688985799263e-02 7.787074106092442549e-02 9.965105765972378515e-01 1.409051028768317643e-02
9.347945375448162286e-01 -3.551545088769845204e-01 4.944431283892478102e-03 5.747278361980225014e+00 3.542768822142936536e-01 9.313069120883060714e-01 -8.458916139236603848e-02 2.307795054022990566e+00 2.543743903958700994e-02 8.082518370466086621e-02 9.964036463071656025e-01 7.239494392170162107e-02
9.401714778605689826e-01 -3.406067109628958534e-01 8.041185516581200732e-03 6.054101776102943866e+00 3.401127260722648371e-01 9.368978919415047457e-01 -8.090533752019679614e-02 2.439676810954587882e+00 2.002313115290171169e-02 7.879980027006880383e-02 9.966893526551946492e-01 1.425092671811294676e-01
9.445635196113073562e-01 -3.282557431718587382e-01 6.922751923202735171e-03 6.317504805805508994e+00 3.278896255909154456e-01 9.420004403747473942e-01 -7.157907350358244658e-02 2.538937391361705043e+00 1.697500660820944543e-02 6.988088013521803754e-02 9.974109041624612537e-01 1.423971208206433747e-01
9.490774378962348878e-01 -3.149943453257453285e-01 5.529854349220104937e-03 6.559917884673386546e+00 3.147379559600269605e-01 9.472406809630969926e-01 -6.062269712469373767e-02 2.609621882279885341e+00 1.385770379329184787e-02 5.927608912009397352e-02 9.981454349463328990e-01 8.314814715146134905e-02
9.543307155272664488e-01 -2.986886967592216058e-01 6.160180962710377038e-03 6.838055616111395452e+00 2.985714613955616770e-01 9.528333812124261115e-01 -5.443923297966275776e-02 2.671654235852454651e+00 1.039075749568735621e-02 5.379228639473468410e-02 9.984980831644558741e-01 5.354863689788426362e-02
9.595773349652058082e-01 -2.813610289550310672e-01 6.878197906376560568e-03 7.157831785049244999e+00 2.813168089950797701e-01 9.581157139587139770e-01 -5.362025402970133775e-02 2.767504575570037595e+00 8.496540348809608276e-03 5.338773314863664438e-02 9.985377102299897167e-01 9.343355611436185426e-02
9.642778773026693395e-01 -2.648036430551910514e-01 6.870660037962412515e-03 7.495256972070203361e+00 2.647914477886790796e-01 9.628674740728674353e-01 -5.264709441660873207e-02 2.869512609919688817e+00 7.325607321822338348e-03 5.258572046891656776e-02 9.985895440470681228e-01 1.460389927479718297e-01
9.686324332564351103e-01 -2.483722130672312844e-01 7.902722303332316775e-03 7.802285798220475854e+00 2.484634865567228457e-01 9.674791014083665708e-01 -4.743505229402493473e-02 2.934697192519892361e+00 4.135830242519011879e-03 4.791066806198314432e-02 9.988430621444289725e-01 1.535534658457345103e-01
9.726339109103466773e-01 -2.321444397245258084e-01 9.603876937457424962e-03 8.114296531815289981e+00 2.323429428552382658e-01 9.717704066733434676e-01 -4.097601273052577792e-02 2.996680545188122213e+00 1.795901203191967513e-04 4.208605254607184626e-02 9.991139734427089136e-01 1.276190892784039577e-01
9.759716970245595480e-01 -2.176402929588104052e-01 1.058061849820189290e-02 8.460672706585306457e+00 2.178856415830844606e-01 9.752710757015751186e-01 -3.704289529478237142e-02 3.082718369284468629e+00 -2.256944600330371663e-03 3.845818223337839348e-02 9.992576616770948439e-01 9.447785084689988566e-02
9.789328625738618062e-01 -2.038806659482667594e-01 1.109615363248950271e-02 8.799940679888793582e+00 2.041483992533051905e-01 9.783151453855591928e-01 -3.497009281579394752e-02 3.145460978027010412e+00 -3.725809342632700055e-03 3.649863506658029139e-02 9.993267573636858137e-01 1.092502183746645317e-01
9.814012043755923065e-01 -1.916691669035062995e-01 1.070544294519252225e-02 9.137124305943965297e+00 1.919108362349049857e-01 9.809423597043043230e-01 -3.036968675127915337e-02 3.214294976030202644e+00 -4.680489905598821110e-03 3.185933766209179258e-02 9.994814033377391604e-01 1.460507208863872086e-01
9.834597655129112548e-01 -1.808620892378519363e-01 9.787455941611804613e-03 9.476077870710780005e+00 1.810445559642065161e-01 9.832048620923599103e-01 -2.304491079754352953e-02 3.283740965871189132e+00 -5.455123556163827755e-03 2.443570818418646165e-02 9.996865197613321596e-01 1.433554896428953507e-01
9.852980209583539484e-01 -1.705576721381368566e-01 9.893956254751040333e-03 9.843758389932075303e+00 1.706980316853402291e-01 9.851983698872694983e-01 -1.569566660634366673e-02 3.349390881994483316e+00 -7.070493214882412822e-03 1.715378810311940505e-02 9.998278630241365095e-01 9.926951732322863986e-02
9.871088513440864354e-01 -1.596340929592151847e-01 1.153568217518563879e-02 1.021351006137682305e+01 1.597581275443560600e-01 9.870974150335669606e-01 -1.077190408290158372e-02 3.394490518811664526e+00 -9.667278918056878417e-03 1.247596085031611735e-02 9.998754393019071429e-01 9.272097425116687663e-02
9.886557859216852373e-01 -1.495786008710536796e-01 1.363741636208573929e-02 1.059268800329376248e+01 1.497125065820915091e-01 9.886850096174715219e-01 -9.387072525954571339e-03 3.464407001955786214e+00 -1.207900395239881047e-02 1.132227535252295844e-02 9.998629424797979004e-01 1.143211647973819273e-01
9.899236014789369875e-01 -1.408540640556342205e-01 1.453945920527790689e-02 1.096577239978402218e+01 1.410061962161958671e-01 9.899579528482327362e-01 -1.002517935879354040e-02 3.525854857200077852e+00 -1.298136601480458230e-02 1.197431549390599349e-02 9.998440377903156095e-01 1.441416672826868473e-01
9.911047173968141610e-01 -1.323920627021612229e-01 1.355658095716413478e-02 1.132818443337746928e+01 1.325219859875542416e-01 9.911375758179560291e-01 -9.177637583822968043e-03 3.568885692097442774e+00 -1.222139041580832391e-02 1.089254493552969244e-02 9.998659860606979866e-01 1.551675643441250141e-01
9.921277122734136755e-01 -1.247256791889870264e-01 1.122975912334992811e-02 1.169555365175654593e+01 1.247829532059083202e-01 9.921736297466507981e-01 -4.550057644462396356e-03 3.608953445020860240e+00 -1.057436184054004989e-02 5.915520788715230779e-03 9.999265920483680903e-01 1.328296682486892755e-01
9.929010670627170798e-01 -1.185564075707563475e-01 9.583801418774535313e-03 1.208388941841603170e+01 1.185567757683587548e-01 9.929471326339119885e-01 5.317080997998961970e-04 3.673391062209815594e+00 -9.579245540693542144e-03 6.082910561569242246e-04 9.999539329573448043e-01 8.538807374643174464e-02
9.934487505875980728e-01 -1.138184165339876236e-01 1.024441377707714998e-02 1.246206517902427002e+01 1.138103765075867552e-01 9.935015507844586757e-01 1.366304533043161303e-03 3.716615886347811593e+00 -1.033335159285800331e-02 -1.914329422052408634e-04 9.999465911728920853e-01 6.538582014512116236e-02
9.938434164947963501e-01 -1.102011729029209047e-01 1.144399321789414670e-02 1.283271836588226655e+01 1.102348964680009008e-01 9.939027675641232129e-01 -2.357165472664009970e-03 3.752892941514080594e+00 -1.111445413143620844e-02 3.604180794151036829e-03 9.999317370651674697e-01 1.071651090028367115e-01
9.942524941434647268e-01 -1.064580555543887946e-01 1.134285224616093761e-02 1.321743913440471019e+01 1.065104213330835409e-01 9.943030691921378450e-01 -4.115427382871430367e-03 3.790990288277215292e+00 -1.084011240479497602e-02 5.299905911743745326e-03 9.999271988301838832e-01 1.591452811488804076e-01
9.947920997586207070e-01 -1.012998940658780128e-01 1.126985891998724502e-02 1.362364484858512981e+01 1.012964810272706656e-01 9.948558980017876419e-01 8.747242700324808686e-04 3.841307697788939546e+00 -1.130049509208850937e-02 2.714282569730662432e-04 9.999361105277552175e-01 1.536900229770452320e-01
9.956130263228210042e-01 -9.287359822022878131e-02 1.136646690671075551e-02 1.403518359754316869e+01 9.278024464636314139e-02 9.956504731762418903e-01 8.483010508457497489e-03 3.886093104347251970e+00 -1.210487586366911818e-02 -7.391212184284246152e-03 9.998994159228077327e-01 9.843899426720881252e-02
9.965251813984038476e-01 -8.238652813034338940e-02 1.224838036258447949e-02 1.444407978411801352e+01 8.220216512588879310e-02 9.965048408877175135e-01 1.486291142276474804e-02 3.915088889073821576e+00 -1.343007399437989857e-02 -1.380442211658918471e-02 9.998145183195393804e-01 5.961860517298655376e-02
9.974447248237188202e-01 -7.033601631432030710e-02 1.252460499845805229e-02 1.485272423114358098e+01 7.013472835815333373e-02 9.974116818578713239e-01 1.584477111164798654e-02 3.938982565739981734e+00 -1.360664541552309044e-02 -1.492587359199251153e-02 9.997960179446866436e-01 5.708680643098842933e-02
9.982379364850362258e-01 -5.785609984115156618e-02 1.317929714618949581e-02 1.528215530366753150e+01 5.768733323389255846e-02 9.982520626546825815e-01 1.284488186141119828e-02 3.967835637820928962e+00 -1.389941532794423777e-02 -1.206196985746846306e-02 9.998306432274912670e-01 8.557596942069918555e-02
9.988590142861777377e-01 -4.574162801019998614e-02 1.372490605511955675e-02 1.573137966285096390e+01 4.562190418096376265e-02 9.989190148026358962e-01 8.913120925595260230e-03 3.981107007138955822e+00 -1.411777029662726612e-02 -8.276794833014192859e-03 9.998660826476433172e-01 1.138199889974943341e-01
9.992958499113584470e-01 -3.456140468747601058e-02 1.460526124259229307e-02 1.616416400466596670e+01 3.444550447214610178e-02 9.993736389417311461e-01 8.114000864043024314e-03 3.979649821197357884e+00 -1.487654434320081175e-02 -7.605201798166795479e-03 9.998604149250104323e-01 1.168916464701373198e-01
9.995674373277732006e-01 -2.532449928897564928e-02 1.495352700037600596e-02 1.660958773895513119e+01 2.519039090248215845e-02 9.996413470545181257e-01 9.089635042652243271e-03 3.991741011857793620e+00 -1.517835433004667209e-02 -8.709018015318334069e-03 9.998468735586666378e-01 8.661354223659761820e-02
9.997429893749553154e-01 -1.730409880474137463e-02 1.464661599769176772e-02 1.703333485350499998e+01 1.716666328545579656e-02 9.998079101531531787e-01 9.457719959280120464e-03 3.991567550121388752e+00 -1.480745985211090465e-02 -9.203855699658144290e-03 9.998480025348792655e-01 7.165999130093037017e-02
9.998503398384888108e-01 -1.011631000992433208e-02 1.403417958562687244e-02 1.748532822875725401e+01 9.976836647193277480e-03 9.999004981586767649e-01 9.972788604258674139e-03 3.987712576705804590e+00 -1.413367098010076366e-02 -9.831279357902268645e-03 9.998517816610685838e-01 7.309171286505297682e-02
9.998880240548922993e-01 -4.068527844997268071e-03 1.440091777553162422e-02 1.795745654592609597e+01 3.922769885404394329e-03 9.999409425222933745e-01 1.013525254020406288e-02 3.978274701273110558e+00 -1.444130285082704038e-02 -1.007762614914992777e-02 9.998449330887108077e-01 8.030527147464740223e-02
9.998912174586374046e-01 1.132982882708223399e-03 1.470610753637051002e-02 1.844540052393038110e+01 -1.305125609833528372e-03 9.999306867394734955e-01 1.170121206830647062e-02 4.001008425596860540e+00 -1.469183093512718002e-02 -1.171913249828734210e-02 9.998233904231592639e-01 7.900638807172426226e-02
9.998681109233669151e-01 7.157245043340417640e-03 1.457856652511824169e-02 1.890681012468143152e+01 -7.347980720389975587e-03 9.998875583989226268e-01 1.307202120461274826e-02 4.003613494027153941e+00 -1.448336762878358816e-02 -1.317742017356383390e-02 9.998082754506980585e-01 6.391777472940016191e-02
9.997960975600781452e-01 1.338109273854358114e-02 1.512314982935988004e-02 1.939120381072105914e+01 -1.359051088857443287e-02 9.998119880531536330e-01 1.383063841578338268e-02 3.995445663194946651e+00 -1.493523744124315190e-02 -1.403334964729018378e-02 9.997899798358905743e-01 6.180766146694270657e-02
9.996780619133832646e-01 1.912776353657227521e-02 1.667036865791300324e-02 1.988605121327617908e+01 -1.938102514277788638e-02 9.996971453560790088e-01 1.516553432364231915e-02 3.999498893272876998e+00 -1.637523720490067711e-02 -1.548374079463803524e-02 9.997460204359344127e-01 6.315500107381233352e-02
9.995606273121919738e-01 2.470736636800918359e-02 1.637370985495707060e-02 2.038938187263749668e+01 -2.495671941942181546e-02 9.995729146209214599e-01 1.520363483040435698e-02 3.979655520572315641e+00 -1.599107510699651624e-02 -1.560558885120965494e-02 9.997503443928036360e-01 6.061330905749555409e-02
9.994988648139417897e-01 2.865380148306549343e-02 1.345283970805822432e-02 2.089920691992854174e+01 -2.884897569815002630e-02 9.994779490107307263e-01 1.454530998193628161e-02 3.960770324628668959e+00 -1.302903821504810059e-02 -1.492612146112108976e-02 9.998037082654368524e-01 6.385052903704019345e-02
9.994192636699129606e-01 3.185280570639623804e-02 1.210513007446300561e-02 2.138376034349927934e+01 -3.203227352835048142e-02 9.993752757867196967e-01 1.493290322820106479e-02 3.937632583962000332e+00 -1.162191284144027496e-02 -1.531198598642423588e-02 9.998152200417123048e-01 1.886624208636163841e-02
9.992547666462721079e-01 3.463983405745021255e-02 1.702918762526873381e-02 2.190337724742621006e+01 -3.486998053033244643e-02 9.993018995645669422e-01 1.340887707686020183e-02 3.920773203569961840e+00 -1.655281826513328031e-02 -1.399269177536698744e-02 9.997650767977250830e-01 2.764737834621147639e-02
9.991128098849313410e-01 3.755274321413390459e-02 1.906264936808278396e-02 2.243913809341502485e+01 -3.784581266317919857e-02 9.991671690103167691e-01 1.525328934271668116e-02 3.920411462424140847e+00 -1.847397054508565298e-02 -1.596119823203787091e-02 9.997019318593401982e-01 7.430489577996035599e-02
9.990583781237103445e-01 4.140184789989848069e-02 1.297089400523368692e-02 2.298119900316817166e+01 -4.168160881482768643e-02 9.988865758338328904e-01 2.209642743902570303e-02 3.906697565322247989e+00 -1.204161897042978040e-02 -2.261626868946601740e-02 9.996716980104702888e-01 4.769684491618197963e-02
9.989882828460833197e-01 4.436767932082018306e-02 7.343008097411894350e-03 2.355655228728230810e+01 -4.456313215289647855e-02 9.985847205876511312e-01 2.902900379975534989e-02 3.876631307148594718e+00 -6.044666157636499962e-03 -2.932686209889478340e-02 9.995515980530845779e-01 -1.890401358038915763e-02
9.989744762062481298e-01 4.488310239968851950e-02 5.958440016589177692e-03 2.410180628162056493e+01 -4.501759360601142318e-02 9.986789468496942712e-01 2.477453097658116957e-02 3.848155623864270680e+00 -4.838610789908207553e-03 -2.501735873677824948e-02 9.996753070909869532e-01 -6.386263812372534876e-02
9.990364500272320702e-01 4.354553550314610444e-02 5.473376903705965378e-03 2.462440507666281420e+01 -4.361186252834230170e-02 9.989684965179357334e-01 1.264707126191711058e-02 3.814597751301058715e+00 -4.917007605724512363e-03 -1.287358933783732361e-02 9.999050423584061598e-01 2.359118666499471217e-02
9.990685369484096912e-01 4.243131715917594637e-02 7.851229451599191569e-03 2.516688920400207152e+01 -4.251071953322371755e-02 9.990435431421501589e-01 1.023902489235932120e-02 3.805186826364369779e+00 -7.409264776739261926e-03 -1.056324903219569428e-02 9.999167568179623267e-01 1.065661759112650347e-01
9.990175484740853040e-01 4.220078835478820872e-02 1.352890620349715863e-02 2.574870214376095490e+01 -4.243793805977538053e-02 9.989414311887773179e-01 1.774932302235905646e-02 3.813262299946067024e+00 -1.276554950103283605e-02 -1.830602405635230884e-02 9.997509340976805658e-01 5.467768075158914443e-02
9.989630112785620186e-01 4.176431895026962854e-02 1.812853441091611187e-02 2.635416053447847062e+01 -4.220503431051225024e-02 9.988048481525015898e-01 2.464975427680303130e-02 3.786366656692451649e+00 -1.707738785986029004e-02 -2.538930817644378599e-02 9.995317633043011574e-01 -5.205815706962220457e-02
9.989964645202088489e-01 4.059467231411607174e-02 1.892449354230245351e-02 2.695132772668911514e+01 -4.103827734594767823e-02 9.988770858833649902e-01 2.367334132803574492e-02 3.747893436486391838e+00 -1.794223142756180139e-02 -2.442621290470845669e-02 9.995406127089252468e-01 -8.046378312407331812e-02
9.990991125781446547e-01 3.859225076296785018e-02 1.765223573975888138e-02 2.753534900821372489e+01 -3.889893940124287963e-02 9.990921031566388777e-01 1.737359846153010978e-02 3.718145501707425193e+00 -1.696572306217000725e-02 -1.804460005354108915e-02 9.996932312714162938e-01 -1.103566445733280416e-02
9.991843490980665266e-01 3.678947812071426543e-02 1.664844788797697692e-02 2.811218847859606740e+01 -3.700894450376875783e-02 9.992294333477743651e-01 1.307201431312784295e-02 3.709056422132316566e+00 -1.615470656465670465e-02 -1.367749359682327720e-02 9.997759507133179291e-01 3.832410879432475437e-02
9.992121269712134213e-01 3.541337515652556028e-02 1.791698003813173984e-02 2.872053944267887005e+01 -3.566832302619590139e-02 9.992639882486724634e-01 1.411568354192928483e-02 3.705708713402101395e+00 -1.740390893341423745e-02 -1.474363080723769918e-02 9.997398308082244833e-01 7.680107007447291301e-03
9.991937592498471021e-01 3.539189469669672128e-02 1.895376653692920632e-02 2.934501718851868901e+01 -3.575264793251409223e-02 9.991791771913202114e-01 1.904521024010847469e-02 3.687584633854866567e+00 -1.826416277775093355e-02 -1.970750255750756963e-02 9.996389521727200300e-01 -4.392160118155645498e-02
9.991788810041865032e-01 3.565987821469013275e-02 1.923374224988771281e-02 2.998088117857188450e+01 -3.607425024476194897e-02 9.991146712821414866e-01 2.164537128479779651e-02 3.655782761874859510e+00 -1.844484276159435998e-02 -2.232144069033011394e-02 9.995806826169701953e-01 -7.006746605649812054e-02
9.991689567034628405e-01 3.599536865563143090e-02 1.912405279899462296e-02 3.060694609815412193e+01 -3.637090532389706393e-02 9.991448381024315983e-01 1.966595380819182587e-02 3.634526586628292311e+00 -1.839981538042335246e-02 -2.034516966287096273e-02 9.996236896279295792e-01 -7.189994283843050005e-02
9.991494942432145310e-01 3.652691757734572581e-02 1.913301977802513154e-02 3.125215317020563788e+01 -3.679027253142302251e-02 9.992304878243528643e-01 1.359808991621142861e-02 3.612826777826109836e+00 -1.862160037677025592e-02 -1.429043367443905664e-02 9.997244717945061865e-01 -5.716329933646785433e-02
9.991125183030294954e-01 3.701454118055277909e-02 2.010222652771795696e-02 3.189582559655751126e+01 -3.722886377759414278e-02 9.992527086140774450e-01 1.039403815939184128e-02 3.592178385084773051e+00 -1.970247375351288563e-02 -1.113319669379451982e-02 9.997438994359352238e-01 -4.253434359810549098e-02
9.990862516308860464e-01 3.693146145377544654e-02 2.151113565189433086e-02 3.254973858884074644e+01 -3.723390079993793567e-02 9.992108319292396512e-01 1.383293123301110317e-02 3.577921817958268136e+00 -2.098328938384738662e-02 -1.462123490561351505e-02 9.996729070333298939e-01 -3.754518384636168493e-02
9.990777735545466332e-01 3.684252613629059037e-02 2.205063847571813243e-02 3.322328943544370361e+01 -3.730911159516162034e-02 9.990802243894143508e-01 2.113611662480201908e-02 3.545955677261614980e+00 -2.125164890708136980e-02 -2.193931407073157480e-02 9.995334081044194852e-01 -8.423852816387285281e-02
9.990829766980874327e-01 3.716999507181795170e-02 2.125081500672328094e-02 3.389034305783646772e+01 -3.766269872586368306e-02 9.990194151170899151e-01 2.327507988799417879e-02 3.528241511520052498e+00 -2.036484217404525843e-02 -2.405409914066029484e-02 9.995032133603961588e-01 -1.430817152326901431e-01
9.990895251903748608e-01 3.761643232080582461e-02 2.012770911767185200e-02 3.456159555095960911e+01 -3.800629527457476814e-02 9.990901217442518245e-01 1.935071452318575663e-02 3.507791218348793372e+00 -1.938149050958700575e-02 -2.009807584099113781e-02 9.996101365898190094e-01 -1.268349601508534930e-01
