1.000000000000000000e+00 4.398956837314658088e-19 2.733407509747682871e-20 -8.673617379884035472e-19 -5.583667658079949532e-19 1.000000000000000000e+00 -6.100159232558060012e-19 0.000000000000000000e+00 4.145284534913582806e-20 -2.210423569125054137e-19 1.000000000000000222e+00 0.000000000000000000e+00
9.999468696829852954e-01 -1.188368045660126264e-03 1.023941440414289326e-02 4.450250310146731947e-02 1.184566977460019136e-03 9.999992272301575502e-01 3.772769580978149089e-04 -9.456921649642333061e-03 -1.023985501215288543e-02 -3.651276341234017129e-04 9.999475046414428858e-01 2.692151952270572801e-01
9.998520115464539781e-01 -2.593028826222198123e-03 1.700679957073319634e-02 9.593267514668740725e-02 2.583658787428074963e-03 9.999964982333442443e-01 5.729079082680518017e-04 -3.801454317537616978e-03 -1.700822587734295704e-02 -5.288833446443675810e-04 9.998552097759645374e-01 5.338524975066747391e-01
9.997997305909026577e-01 -5.953282888460110014e-03 1.910646917834698394e-02 6.929995042385148074e-02 5.966191427430172015e-03 9.999820107318952989e-01 -6.186774746642552609e-04 -1.439843754080119553e-02 -1.910244263572186824e-02 7.325464537166203076e-04 9.998172633238618934e-01 9.337697529126325335e-01
9.998367159086923861e-01 -6.375600987322149749e-03 1.690837849262160492e-02 7.915643225988337750e-02 6.404238801008764990e-03 9.999781476597504604e-01 -1.640096686881914803e-03 -8.734597230453888805e-03 -1.689755269643544722e-02 1.748114214979496492e-03 9.998556979837122105e-01 1.183435073665630721e+00
9.998938018752214774e-01 -1.012227911131161756e-02 1.048448700917376658e-02 5.731508794005817781e-02 1.015834941384278350e-02 9.999426467033408761e-01 -3.392819433047800787e-03 -5.179376547329153646e-03 -1.044954280707398667e-02 3.498964253384387064e-03 9.999392803020281661e-01 1.520701344132393107e+00
9.999345915685284858e-01 -1.128369695102537755e-02 -1.868364245430962842e-03 4.886282395083728358e-02 1.127539513151161465e-02 9.999267681988903700e-01 -4.395871335483849882e-03 -3.080048109855830496e-02 1.917829132121247771e-03 4.374517309664877583e-03 9.999885927007989839e-01 1.842849426220239506e+00
9.997865208574723273e-01 -1.117374476354555772e-02 -1.737987714732599359e-02 -1.414729682662100793e-02 1.109062818882109933e-02 9.999266309740185710e-01 -4.871408064935998233e-03 -3.567450963341604886e-02 1.743303417175062070e-02 4.677614400227036486e-03 9.998370913663360282e-01 2.167620247804134426e+00
9.993181861073013872e-01 -6.469214760188167664e-03 -3.634985712878965880e-02 -1.814285150710837763e-02 6.283837246218433245e-03 9.999666749627642570e-01 -5.211750461288294257e-03 -2.828680735297975368e-02 3.638236232747413257e-02 4.979780448013205151e-03 9.993255353341992109e-01 2.515777652807810849e+00
9.983927212037443377e-01 -4.080734275875009393e-03 -5.652717689684955138e-02 -8.916969074381959903e-02 3.752079787819433132e-03 9.999754433021358357e-01 -5.919010392490890206e-03 -4.832250093095255550e-02 5.654994365890743391e-02 5.697402417769014543e-03 9.983835152941105129e-01 2.862680568645871837e+00
9.970868652341583482e-01 -3.537685277407132036e-03 -7.619230774536242534e-02 -1.358725947055589856e-01 3.077424727691622282e-03 9.999763080461114839e-01 -6.157336990673475778e-03 -4.756846143931270365e-02 7.621228663560100647e-02 5.904923732850933873e-03 9.970741293640171810e-01 3.202870518734870497e+00
9.952943505608513597e-01 -4.022741238531277880e-03 -9.681411572786639830e-02 -1.721169748841442915e-01 3.476911896425932680e-03 9.999771007209847795e-01 -5.805954862534589214e-03 -5.603698145305718858e-02 9.683525628049068079e-02 5.442019887314559698e-03 9.952855458894709351e-01 3.584757635205493731e+00
9.931809333697668718e-01 -4.540410024528382729e-03 -1.164947118034797557e-01 -2.472765516606417191e-01 3.959370001569212892e-03 9.999785444539412982e-01 -5.218621904993230205e-03 -6.519307379829090976e-02 1.165159090425448990e-01 4.721790046744401767e-03 9.931776014563139521e-01 3.990690087054574953e+00
9.910303098042790859e-01 -4.388785710117326135e-03 -1.335652017638560285e-01 -3.223894142066517920e-01 3.835343423335076801e-03 9.999829622038315380e-01 -4.400617754637853839e-03 -7.260832536173957019e-02 1.335822417852975674e-01 3.848877074339825208e-03 9.910302575189822161e-01 4.377383519654890698e+00
9.887788742863595770e-01 -3.301685029847750089e-03 -1.493500453740056189e-01 -3.906520258900508802e-01 2.748974977282033025e-03 9.999885889571941133e-01 -3.907056131591811997e-03 -7.745235724893899387e-02 1.493612435862551602e-01 3.452654923015695872e-03 9.887766677467942911e-01 4.816622383886699943e+00
9.865747114174414634e-01 -3.110558841484859036e-03 -1.632809313206416146e-01 -4.889303727056585336e-01 2.512416017207903893e-03 9.999893567378830284e-01 -3.869647629528973586e-03 -8.354930529297231734e-02 1.632912330700214132e-01 3.407466750064920818e-03 9.865720262905814941e-01 5.207168703261702447e+00
9.844670687936529774e-01 -4.022857611239942684e-03 -1.755232358077390697e-01 -5.537910790626512370e-01 3.197251168383300271e-03 9.999824574090021567e-01 -4.986226447357467763e-03 -9.414181124386751531e-02 1.755402185901919765e-01 4.347583746205396435e-03 9.844626610222277918e-01 5.650354409091248975e+00
9.826661730762908942e-01 -6.863349699721433932e-03 -1.852568106290072847e-01 -6.707278573097215091e-01 5.724324563714819868e-03 9.999612872052546786e-01 -6.682528691705358868e-03 -1.096539651048742819e-01 1.852955065552957803e-01 5.506224670074139939e-03 9.826674196226043989e-01 6.093181104235608103e+00
9.811616336969782859e-01 -5.879117024990286426e-03 -1.930991549503839333e-01 -7.691309241336206082e-01 4.330581604059971328e-03 9.999550010574492775e-01 -8.440492661943929317e-03 -1.105209927876331516e-01 1.931400916744694662e-01 7.445255817046881990e-03 9.811429427265521142e-01 6.548614634213734575e+00
9.794861623019582852e-01 -6.265723650988436720e-03 -2.014139955351103850e-01 -8.612610131203721764e-01 4.275616948005826930e-03 9.999376661782737319e-01 -1.031420627235651345e-02 -1.086256194155998944e-01 2.014660700774439372e-01 9.241453131112463068e-03 9.794518973011909768e-01 7.015095831815988170e+00
9.779113599325147677e-01 -6.195127149257181193e-03 -2.089281969539819872e-01 -9.787350697693216750e-01 3.577695098782065087e-03 9.999103459885430034e-01 -1.290349090194214086e-02 -1.246386750435842794e-01 2.089894080778055552e-01 1.187098887196513797e-02 9.778458508231184787e-01 7.510939663761071472e+00
9.761636464918370670e-01 -9.920186012530869679e-03 -2.168089575704640615e-01 -1.096118108485362175e+00 6.873079279415841847e-03 9.998667940322779613e-01 -1.480388332356393638e-02 -1.316356925921691179e-01 2.169269383444963339e-01 1.296086750137739711e-02 9.761017981952065936e-01 8.013192704555876844e+00
9.743169229136260379e-01 -1.516041968060953711e-02 -2.246701899286623894e-01 -1.198940974079156785e+00 1.192622640696098558e-02 9.998049036018208380e-01 -1.574547037418717876e-02 -1.435722435975587685e-01 2.248650694058225707e-01 1.266161061446502423e-02 9.743076441014670852e-01 8.527525611313027554e+00
9.723641672270373348e-01 -1.583613307249104318e-02 -2.329316250540908462e-01 -1.334648991185938716e+00 1.186445697623536230e-02 9.997595325698099833e-01 -1.844211690926179925e-02 -1.685306822980249253e-01 2.331676684267765809e-01 1.516884634420306507e-02 9.723182327577774009e-01 9.030475260115251146e+00
9.701888525140137665e-01 -1.312833238831321095e-02 -2.419942892385299471e-01 -1.498606137374472125e+00 8.068923089715830665e-03 9.997279022145926231e-01 -2.188638844893562446e-02 -1.744699249536073304e-01 2.422157790875273387e-01 1.928129675237742410e-02 9.700307981158101667e-01 9.574366588438149250e+00
9.679356742534532820e-01 -9.966997640999996147e-03 -2.510003746013537707e-01 -1.634782707297977256e+00 3.886829576739497371e-03 9.996871585167191876e-01 -2.470784581856151976e-02 -1.865263728474074734e-01 2.511681186407996869e-01 2.294000971077863466e-02 9.676716041902043708e-01 1.008541595256632206e+01
9.656330063290038401e-01 -1.226349500830415870e-02 -2.596199188796806667e-01 -1.789009295707175706e+00 5.458084019033984657e-03 9.996227530918526671e-01 -2.691766722523126001e-02 -2.157286402637736411e-01 2.598520872225849598e-01 2.457556059346448912e-02 9.653356598084111839e-01 1.066701754078189346e+01
9.634659615788008225e-01 -1.440725314824748207e-02 -2.674430226396611876e-01 -1.981766465912304431e+00 6.983065795518836674e-03 9.995639562112975662e-01 -2.869031580485770228e-02 -2.410392554425163925e-01 2.677397590260641724e-01 2.577457048439351500e-02 9.631464553973414500e-01 1.123482940959396004e+01
9.612744340824945777e-01 -1.407026005147070553e-02 -2.752335163109017602e-01 -2.132776791373573122e+00 5.638745278299635635e-03 9.994909489515235723e-01 -3.140139332564396285e-02 -2.625826699078288029e-01 2.755352389155993897e-01 2.863338493015202962e-02 9.608644353167846708e-01 1.179959740942688384e+01
9.589753808911325450e-01 -1.313390282900078754e-02 -2.831849531532374398e-01 -2.313610663281091107e+00 3.313149083160302905e-03 9.993772333883321757e-01 -3.513073324141071513e-02 -2.797771445252535405e-01 2.834700035341063962e-01 3.275127437552434462e-02 9.584216780113511414e-01 1.239495385410581463e+01
9.567346857860085096e-01 -1.531194431834901476e-02 -2.905585716292535259e-01 -2.508518459281281920e+00 3.845869335789252764e-03 9.991925867788977733e-01 -3.999229677887026352e-02 -3.103603103901364513e-01 2.909363356215295404e-01 3.714456727920763951e-02 9.560210936889218525e-01 1.297517437075207347e+01
9.548723006642217959e-01 -1.549838111894014103e-02 -2.966120154516642682e-01 -2.728276286878242640e+00 1.558335584442740833e-03 9.988853570523403835e-01 -4.717642465386402695e-02 -3.493691698256832234e-01 2.970125622704926083e-01 4.458524023848205869e-02 9.538321110743264164e-01 1.359917486603474046e+01
9.534812462843775815e-01 -1.568421250096847797e-02 -3.010440441440422332e-01 -2.924910305277978573e+00 -9.869275168298201166e-04 9.984778174352615387e-01 -5.514593411428966169e-02 -3.697604323745016242e-01 3.014507258675753754e-01 5.287772286072524308e-02 9.520143949862555077e-01 1.422254498674239898e+01
9.522485704464879186e-01 -1.615073305575431134e-02 -3.048963953744650013e-01 -3.129003422591158934e+00 -3.479840787313354805e-03 9.979610207119917753e-01 -6.373140380113896664e-02 -4.174540203805234828e-01 3.053040320567797505e-01 6.174912937611223840e-02 9.502507537699275142e-01 1.483922829642403407e+01
9.508020952915465784e-01 -1.518916532548498025e-02 -3.094263447071421425e-01 -3.351624475271572479e+00 -7.608316791762039129e-03 9.973512367246605281e-01 -7.233687926473394980e-02 -4.664798597079839459e-01 3.097054896812002633e-01 7.113227040905578669e-02 9.481680820574500679e-01 1.549303197326723236e+01
9.494856632911489180e-01 -1.518087232909112218e-02 -3.134429999611303419e-01 -3.588430096516529666e+00 -1.032336824347014799e-02 9.967775597668564469e-01 -7.954825197908557688e-02 -5.250911891614387095e-01 3.136405658389926354e-01 7.876571275564611674e-02 9.462692851773041314e-01 1.612432180295224171e+01
9.478055473606504799e-01 -1.324646698886321194e-02 -3.185736545044387524e-01 -3.811348123610059258e+00 -1.496758967134241905e-02 9.961867674793910554e-01 -8.595286812973564061e-02 -5.902804073841239063e-01 3.184974363458674129e-01 8.623488547831265061e-02 9.439930771709578172e-01 1.679308524802161173e+01
9.463071531473467024e-01 -1.230285336992430201e-02 -3.230346877418686646e-01 -4.071906106659815450e+00 -1.842151476619879533e-02 9.955994758287258772e-01 -9.188216096727136462e-02 -6.533750270678418959e-01 3.227435840412941070e-01 9.289953500968282929e-02 9.419162688854412213e-01 1.747316399375698381e+01
9.446482308903944025e-01 -1.045071343539804437e-02 -3.279184352611389519e-01 -4.318394324874477164e+00 -2.276063129549715097e-02 9.949969664212697795e-01 -9.727790323666374306e-02 -7.303379461082939450e-01 3.272944773780316896e-01 9.935703042071268587e-02 9.396842596752503773e-01 1.812666574908736905e+01
9.429152437637349227e-01 -7.964696151629719473e-03 -3.329375382047614629e-01 -4.591726430725135089e+00 -2.701286113473608599e-02 9.945908345760688940e-01 -1.002964460914795436e-01 -8.100163413130611056e-01 3.319354603480195731e-01 1.035646440573540911e-01 9.375997104437354679e-01 1.883819129352431787e+01
9.410530192854323905e-01 -6.032822683103845375e-03 -3.382052890280620727e-01 -4.839305770860887534e+00 -3.021271598693096166e-02 9.943456349147494766e-01 -1.018034877204717359e-01 -8.875766862742873187e-01 3.369071209684540436e-01 1.060205805089296793e-01 9.355496944436529905e-01 1.952394945028619944e+01
9.391594117062849190e-01 -6.042209824425897116e-03 -3.434284330375156902e-01 -5.140121841060415697e+00 -3.044956008499612871e-02 9.944441669112098481e-01 -1.007651883466749720e-01 -9.813749671714381284e-01 3.421292522163095207e-01 1.050918203747555485e-01 9.337576165996864797e-01 2.023744643642436714e+01
9.368879505096435745e-01 -6.454642642126865587e-03 -3.495701692261392046e-01 -5.415212296441723083e+00 -3.037747299672624579e-02 9.945458164105684951e-01 -9.977889652430847744e-02 -1.067858701713581882e+00 3.483075923937571372e-01 1.041007048905523286e-01 9.315819163608346498e-01 2.096779707747226951e+01
9.341438498040909311e-01 -6.907739505027014545e-03 -3.568298591015033883e-01 -5.680458821529660973e+00 -2.999467407173657396e-02 9.947559369509358929e-01 -9.778008707007981859e-02 -1.156512934630756773e+00 3.556340662494626437e-01 1.020436629132113887e-01 9.290379456430267746e-01 2.168871219115648330e+01
9.311132182301399274e-01 -5.874833186949195152e-03 -3.646829560068745035e-01 -5.972961881431634090e+00 -3.078099839692076747e-02 9.950374868859667155e-01 -9.461992303600799681e-02 -1.232532640301022830e+00 3.634290945134563411e-01 9.932716711896438788e-02 9.263117239339488940e-01 2.239412155115957503e+01
9.275791750937243396e-01 -2.725623035385270169e-03 -3.736167046750850096e-01 -6.295739737516934831e+00 -3.300276726338084027e-02 9.954669728555542996e-01 -8.919822490439389961e-02 -1.311506150075901989e+00 3.721662170972657724e-01 9.506880156566333007e-02 9.232844809159788113e-01 2.318077645049451974e+01
9.242285644231608144e-01 -5.028567509554170839e-04 -3.818393704427133772e-01 -6.613839614549577917e+00 -3.420752499251455969e-02 9.958691796956136155e-01 -8.410958444472463325e-02 -1.396257419269310462e+00 3.803043621852674194e-01 9.079826078404630574e-02 9.203935413352057893e-01 2.390681559016134372e+01
9.207942677077363136e-01 2.224788962473695907e-03 -3.900422589008518681e-01 -6.962125637435768510e+00 -3.613370922650908923e-02 9.961701144004765363e-01 -7.962071509699807093e-02 -1.469223162555559181e+00 3.883713090196703188e-01 8.740797207201930763e-02 9.173481214081654622e-01 2.466184240189122079e+01
9.169915469635013805e-01 3.624922648218225664e-03 -3.988901596412616213e-01 -7.299209432960225286e+00 -3.777244198121548074e-02 9.962547463040893891e-01 -7.777996618285912267e-02 -1.541177445863571638e+00 3.971142752253863373e-01 8.639062735742543409e-02 9.136941037051723447e-01 2.541042449547303761e+01
9.128911151833259963e-01 5.368379441683155708e-03 -4.081678440356770188e-01 -7.659808932687975691e+00 -4.036709135486261923e-02 9.961995780117702814e-01 -7.718094815547338339e-02 -1.626539330942613271e+00 4.062023043173393910e-01 8.693435090935672238e-02 9.096384501342136275e-01 2.617499997061131367e+01
9.088603340591432378e-01 4.280328913203433790e-03 -4.170786117831957185e-01 -8.003665953526917676e+00 -3.963578531707848823e-02 9.963085830461990700e-01 -7.614599085653357691e-02 -1.688017215151774275e+00 4.152130779419475615e-01 8.573730941446579268e-02 9.056750063786085381e-01 2.693450912039449818e+01
9.050645660301044337e-01 4.663134300232958489e-03 -4.252486129501434342e-01 -8.407259645249608226e+00 -4.003893615758376961e-02 9.964326460885039038e-01 -7.428906686931074921e-02 -1.757289254175939952e+00 4.233851879980926047e-01 8.426290452123087749e-02 9.020225879260451718e-01 2.770403368630053365e+01
9.010307217004395186e-01 5.713520833546290728e-03 -4.337176390423692074e-01 -8.806030450904062334e+00 -4.101691284821255140e-02 9.965548939042280230e-01 -7.208298243521547854e-02 -1.828756020119018055e+00 4.318115955322690547e-01 8.273874065449758619e-02 8.981609268461563378e-01 2.848668266807614202e+01
8.973172210789194247e-01 6.216392170086167644e-03 -4.413424489948230001e-01 -9.155448484746628424e+00 -4.028722318053525042e-02 9.968805116964598589e-01 -6.786888176073302414e-02 -1.897458257283731076e+00 4.395437943339938203e-01 7.868037844379972834e-02 8.947684922850244194e-01 2.926432745762737042e+01
8.935880132737966663e-01 8.429047218204229266e-03 -4.488088787354133080e-01 -9.602656817273452106e+00 -4.064891064668169768e-02 9.972353526680629576e-01 -6.220383848059513054e-02 -1.961530296364891512e+00 4.470437690410054010e-01 7.382819672515643361e-02 8.914601897589649049e-01 3.009210829980697355e+01
8.899879703733338809e-01 8.121125204254316457e-03 -4.559116753651307752e-01 -1.003661687561874416e+01 -3.882404445821269895e-02 9.975602581761522369e-01 -5.801917741361502234e-02 -2.033341673692630636e+00 4.543281953758499525e-01 6.933670532517241525e-02 8.881319250509953633e-01 3.089224153017729080e+01
8.860755706669151133e-01 6.120665252889344841e-03 -4.635003950568692965e-01 -1.045682512502174610e+01 -3.619404901856298346e-02 9.977735984065743136e-01 -5.601640118462680035e-02 -2.100191444180910416e+00 4.621256073336195147e-01 6.641072085561271210e-02 8.843243428997199507e-01 3.170110077982418773e+01
8.825611901156682482e-01 6.740097397808664931e-03 -4.701492447808345854e-01 -1.087580249376112285e+01 -3.674064497227708809e-02 9.978286092416877029e-01 -5.466435448682729209e-02 -2.153475415962812001e+00 4.687599320331402586e-01 6.551822441529284169e-02 8.808924410759844115e-01 3.251713441932809445e+01
8.796737745335825309e-01 7.104304252048679325e-03 -4.755245259131604119e-01 -1.136703447442076609e+01 -3.680691600351645304e-02 9.979063492336023300e-01 -5.318053366101890833e-02 -2.218919542900123609e+00 4.741511410790524295e-01 6.428411221992974545e-02 8.780935330456711707e-01 3.334823498150158372e+01
8.767661081546163082e-01 5.716644026537389366e-03 -4.808830491578919286e-01 -1.183617949399957503e+01 -3.479600156551403145e-02 9.980626618752989065e-01 -5.157675162754978698e-02 -2.282026783733857034e+00 4.796565784073117400e-01 6.195355526157948073e-02 8.752664327638338682e-01 3.417621120718890637e+01
8.740984522083371511e-01 3.925575028397944310e-03 -4.857329317847003947e-01 -1.228776783085410962e+01 -3.302257072086447337e-02 9.981341440132799336e-01 -5.135893726160335043e-02 -2.332483449544380694e+00 4.846250190547172765e-01 6.093291778082245841e-02 8.725971436268153969e-01 3.501836126582262665e+01
8.720671712608110138e-01 3.771373895715864066e-03 -4.893716591674829308e-01 -1.279028967079808332e+01 -3.332248952188113927e-02 9.981071293748995377e-01 -5.168916755324853840e-02 -2.392370926639662887e+00 4.882504111445284400e-01 6.138350824108692455e-02 8.705421331708768085e-01 3.583525524599502887e+01
8.705661139088967104e-01 3.307303176377689516e-03 -4.920403421068734739e-01 -1.326843383780261476e+01 -3.317016040303427671e-02 9.980971471224044933e-01 -5.197908640658407270e-02 -2.452064685151785550e+00 4.909321595673266647e-01 6.157228845288763991e-02 8.690192591290133439e-01 3.670694768076225500e+01
8.701186697173002305e-01 4.570029773104427456e-03 -4.928210736390215563e-01 -1.377010546832502058e+01 -3.429594230445014852e-02 9.980943899536958153e-01 -5.129695065370200313e-02 -2.515248490699421691e+00 4.916475287095432578e-01 6.153619769238018178e-02 8.686172969956076351e-01 3.759872271092565654e+01
8.698893059212123857e-01 3.799785552325312624e-03 -4.932323511824485140e-01 -1.430767560257353210e+01 -3.255820998314873371e-02 9.982318287431680703e-01 -4.973106780983706926e-02 -2.578763391794022475e+00 4.921712729857818935e-01 5.931928662089680504e-02 8.684749075501845272e-01 3.848855392471809012e+01
8.694764055410265646e-01 1.567688575723887858e-03 -4.939719807129595575e-01 -1.482630714006583794e+01 -2.984871980782863657e-02 9.983344131461965310e-01 -4.937057328300304554e-02 -2.639570688466740922e+00 4.930718382720359894e-01 5.767097992925891703e-02 8.680750112490950299e-01 3.939015201870789440e+01
8.690685933837727362e-01 1.672748755130088177e-03 -4.946887678753481010e-01 -1.533695766554400919e+01 -3.043886305353491611e-02 9.982802865119003721e-01 -5.009935359942691013e-02 -2.699060171779804840e+00 4.937542497883337655e-01 5.859753851585641771e-02 8.676249616545225196e-01 4.026472009790438733e+01
8.678269625315380154e-01 3.602061530419572674e-04 -4.968664090820661960e-01 -1.584163095470921867e+01 -2.918952902667616353e-02 9.983095882121792997e-01 -5.025870600281884260e-02 -2.761112059263647556e+00 4.960084052825097234e-01 5.811915673033410390e-02 8.663704925379865918e-01 4.117746448205584642e+01
8.663279509904302511e-01 -1.359597448746746508e-03 -4.994737509642044326e-01 -1.641090590685960393e+01 -2.648586820806545297e-02 9.984643122934325765e-01 -4.865712595886102082e-02 -2.814893348759870406e+00 4.987728779506334642e-01 5.538202423696833576e-02 8.649615323773639508e-01 4.208205632893660209e+01
8.645340343891042556e-01 -9.154333001573549192e-04 -5.025734378004649283e-01 -1.695305749756217040e+01 -2.524941591173278377e-02 9.986563934622043615e-01 -4.525345110941303428e-02 -2.873162871719698863e+00 5.019396119994190553e-01 5.181283444152774698e-02 8.633493273473196172e-01 4.300852596404704542e+01
8.615274804016760379e-01 -2.270484758296802217e-04 -5.077108861197962009e-01 -1.750662500433346835e+01 -2.364754112787797666e-02 9.988966680825414057e-01 -4.057388735630050591e-02 -2.943011369057445759e+00 5.071599334684016025e-01 4.696163298184581614e-02 8.605715611999888992e-01 4.394073699452962956e+01
8.573375175397796033e-01 -1.481838848182873191e-03 -5.147525424578838216e-01 -1.804307649552124815e+01 -2.148049174964162047e-02 9.990218118575082684e-01 -3.865239897023409893e-02 -3.009415784015835538e+00 5.143063031123096263e-01 4.419528946784210405e-02 8.564670502326894308e-01 4.485031662676921371e+01
8.524110969193771092e-01 -4.090280143477850218e-03 -5.228561810895182571e-01 -1.861863997573757601e+01 -1.992628802336197588e-02 9.989888822816300751e-01 -4.030082081103615599e-02 -3.050756370168746567e+00 5.224923625905146807e-01 4.477144967991759927e-02 8.514677055807483574e-01 4.575005517984021708e+01
8.465371504877154951e-01 -8.015272635494391854e-03 -5.322692953022950535e-01 -1.918941356232339501e+01 -1.795000091270227902e-02 9.988882296893099033e-01 -4.359016040329345698e-02 -3.131606894386724793e+00 5.320269302887105090e-01 4.645492447006113051e-02 8.454521222036021078e-01 4.663696169715042572e+01
8.403405145934663700e-01 -7.860020104196558180e-03 -5.420018762895877362e-01 -1.977933000287298526e+01 -1.880099924768231442e-02 9.988706061921714952e-01 -4.363524427592799931e-02 -3.186347278523436799e+00 5.417327259578860188e-01 4.685864044935554584e-02 8.392436637391701426e-01 4.753170324854743001e+01
8.341620980808187591e-01 -5.591296643679550572e-03 -5.514910023044423681e-01 -2.037062281116626394e+01 -1.858175943619239795e-02 9.990959802095731312e-01 -3.823533154147568114e-02 -3.224286380839186616e+00 5.512062381075732986e-01 4.214213741418882525e-02 8.333041036723585204e-01 4.842924554755111188e+01
8.293018712071478227e-01 -6.503138786236535617e-04 -5.588004808942204082e-01 -2.096905330079401608e+01 -2.187625478433386297e-02 9.991949414230222315e-01 -3.362883514635622850e-02 -3.297013091347106517e+00 5.583724927007509553e-01 4.011291747748359227e-02 8.286200089673906310e-01 4.928936117049609322e+01
8.250103171063077889e-01 -2.720063996261337094e-04 -5.651175952814390113e-01 -2.158816801298193155e+01 -2.355463306286732089e-02 9.991143049906510143e-01 -3.486810676948531862e-02 -3.342565899040745858e+00 5.646265675303187015e-01 4.207768529991173789e-02 8.242732033600012054e-01 5.016809851188261149e+01
8.213674411311926438e-01 -1.925398180363303109e-03 -5.703961896811313714e-01 -2.218410811764974966e+01 -2.442720435959038275e-02 9.989581748240979886e-01 -3.854707103079333536e-02 -3.402204549004285372e+00 5.698761648528701818e-01 4.559449329884563556e-02 8.204646885493157571e-01 5.103375335570953553e+01
8.184866256983169830e-01 -4.395603862203142746e-03 -5.745087604643956958e-01 -2.281584360504635356e+01 -2.656892488093071450e-02 9.986113005426758837e-01 -4.549244669398200269e-02 -3.475702172932507938e+00 5.739109171198673032e-01 5.249903926320358821e-02 8.172332080926101305e-01 5.189590958153267053e+01
8.154337531191371280e-01 -4.734272775521579553e-03 -5.788310413908406282e-01 -2.345240034865152268e+01 -2.750147432212988671e-02 9.985204712479179845e-01 -4.690988656294901860e-02 -3.533566924278543020e+00 5.781967383788360060e-01 5.417061186570674980e-02 8.140970967565770433e-01 5.277684889151839798e+01
8.126475584408888730e-01 -4.242778073020529728e-03 -5.827400261309311214e-01 -2.408743309724271242e+01 -2.630582133789169386e-02 9.986871016041595217e-01 -4.395539671715040925e-02 -3.591158152576948037e+00 5.821614507080600243e-01 5.104970078955507751e-02 8.114690258109983345e-01 5.362281779575771168e+01
8.090464661873313368e-01 -2.286232936144978831e-03 -5.877402334729673328e-01 -2.473442095447814282e+01 -2.498389285986691091e-02 9.989547893368913023e-01 -3.827706892686775358e-02 -3.649931576982107906e+00 5.872134415315309885e-01 4.565196627175740346e-02 8.081437240113512610e-01 5.450920844522719477e+01
8.059238222208768843e-01 -2.210062296804870500e-04 -5.920192034003406434e-01 -2.538068873895671373e+01 -2.559222192744951135e-02 9.990521275445198857e-01 -3.521199618724826091e-02 -3.699657089539991173e+00 5.914658369725103171e-01 4.352927326736291680e-02 8.051542540107962109e-01 5.535301462783597515e+01
8.029752954647644270e-01 1.900373459301463142e-04 -5.960122749876589632e-01 -2.599838368507942121e+01 -2.668096231143662553e-02 9.990089199978811063e-01 -3.562729384991458748e-02 -3.747825353463496434e+00 5.954148188895458382e-01 4.451001773059926059e-02 8.021845539146228443e-01 5.620150664923045980e+01
7.993365535748859774e-01 -7.660760082132515598e-04 -6.008830837370787714e-01 -2.666304613649136357e+01 -2.681675362894654635e-02 9.989573431514500168e-01 -3.694710192459527837e-02 -3.812743055529122849e+00 6.002848835112245540e-01 4.564690261911794750e-02 7.984825770061373396e-01 5.706609591171680762e+01
7.953665277754801144e-01 -3.719249198071383506e-03 -6.061173538569534225e-01 -2.731850722612267290e+01 -2.547873121770639904e-02 9.988921724991184359e-01 -3.956339246376990720e-02 -3.872239142844722704e+00 6.055930369383037970e-01 4.691049913118833237e-02 7.943906379537802875e-01 5.791237478373645331e+01
7.916030167306946641e-01 -3.309768208596144522e-03 -6.110267606232752113e-01 -2.798583416656460088e+01 -2.660987204419440130e-02 9.988499146034979237e-01 -3.988436857424783322e-02 -3.916759614089217134e+00 6.104560462063735038e-01 4.783193029856533385e-02 7.906045340012296530e-01 5.872375137102064713e+01
7.863668192430574022e-01 -5.254442260603659973e-03 -6.177374921010552189e-01 -2.867921403907713795e+01 -2.412604805001426767e-02 9.989397367416794626e-01 -3.920887920764294654e-02 -3.970679245054609563e+00 6.172885591695603802e-01 4.573612592069084548e-02 7.854062953288279969e-01 5.961596359152849089e+01
7.817821867870019537e-01 -4.633102797857445096e-03 -6.235343930934499346e-01 -2.933374329638524713e+01 -2.457859235459878763e-02 9.989662962270638991e-01 -3.823914024282790147e-02 -4.031314022550493092e+00 6.230670198496779388e-01 4.522027621213230153e-02 7.808601813124157465e-01 6.043830485274214936e+01
7.762054270813835144e-01 -4.814713488672786243e-03 -6.304616926823841672e-01 -3.003175942042189561e+01 -2.520818130475858607e-02 9.989342449741667185e-01 -3.866421938581594137e-02 -4.100955423295696178e+00 6.299759429656057730e-01 4.590416944190828935e-02 7.752568129519534779e-01 6.129572203471284553e+01
7.710046703208158769e-01 -6.657244827788410396e-03 -6.367946856972386271e-01 -3.073962602511746312e+01 -2.425616467331018558e-02 9.989127584932439019e-01 -3.981129788808328990e-02 -4.163468865207870628e+00 6.363673806133198774e-01 4.614089322664274156e-02 7.700049236994293000e-01 6.211785127728057887e+01
7.658428090591560267e-01 -7.482870741040756508e-03 -6.429842848911624387e-01 -3.144203269775029241e+01 -2.440716296665242091e-02 9.988734536104016959e-01 -4.069538196195473384e-02 -4.212781197209690909e+00 6.425644626287172478e-01 4.685968772984602099e-02 7.647974168554068086e-01 6.291669219175234673e+01
7.603677071287424649e-01 -9.325522971706256409e-03 -6.494258822930815134e-01 -3.214775019558568658e+01 -2.326320017643586716e-02 9.988642937079791340e-01 -4.158060021710553028e-02 -4.266416652134346954e+00 6.490760972671202333e-01 4.672426980829527676e-02 7.592872121343136049e-01 6.376883455636913567e+01
7.541180834520143650e-01 -1.043301017281105837e-02 -6.566559680381260922e-01 -3.288436740648597834e+01 -2.340064890790965330e-02 9.988120157086466389e-01 -4.274303391215412279e-02 -4.335862289936484260e+00 6.563218208877470428e-01 4.759947043951291007e-02 7.529780647193385912e-01 6.457201709375462428e+01
7.478516400257094743e-01 -1.182113740400837949e-02 -6.637606322381958135e-01 -3.361369383790398047e+01 -2.172758374246127125e-02 9.988699649349384035e-01 -4.226943687037478664e-02 -4.397156047115609923e+00 6.635102437131642494e-01 4.603318225237820749e-02 7.467496976187875113e-01 6.541288475982719319e+01
7.416501380344231453e-01 -1.256255811656259262e-02 -6.706692526235099594e-01 -3.438548001501272466e+01 -2.056074415818455112e-02 9.989290809335463761e-01 -4.144812541578955095e-02 -4.444708868546347169e+00 6.704717261830061004e-01 4.452946667875486847e-02 7.405975961501882754e-01 6.622458489659567249e+01
7.351024915816670724e-01 -1.177591626872497368e-02 -6.778537054733625444e-01 -3.512930416439434111e+01 -2.126141972446620246e-02 9.989568950681887438e-01 -4.041130862383848082e-02 -4.511254497798296015e+00 6.776225248060038231e-01 4.411858561597013090e-02 7.340853307917308834e-01 6.702380698857869845e+01
7.287045817504925749e-01 -1.288504102104740499e-02 -6.847069442101383352e-01 -3.593197041466684283e+01 -2.064886979405920059e-02 9.989549910005085520e-01 -4.077438126458236833e-02 -4.576846398414998518e+00 6.845168106755082915e-01 4.385090279089658150e-02 7.276770183227496691e-01 6.784386001405731292e+01
7.221355717243805872e-01 -1.522595675265525812e-02 -6.915839625993839279e-01 -3.667425798823634153e+01 -1.941037495257797590e-02 9.989180754951958452e-01 -4.226009732284158327e-02 -4.637064240119352476e+00 6.914791833067652771e-01 4.394142337059876030e-02 7.210587349860035911e-01 6.865111242354946341e+01
7.162679060568389877e-01 -1.490616406046811789e-02 -6.976661693905924500e-01 -3.746585065784353219e+01 -2.023016493268772753e-02 9.989080645468737529e-01 -4.211198219608463383e-02 -4.704465555510440211e+00 6.975321031151651141e-01 4.427736278409705878e-02 7.151842345493660824e-01 6.942281138004577201e+01
7.109419609548106589e-01 -1.398071914799585598e-02 -7.031116969576729492e-01 -3.831228270942187208e+01 -2.131395524513172643e-02 9.989147171044885365e-01 -4.141380568286986974e-02 -4.746723724562667890e+00 7.029276287724620653e-01 4.442890326225235054e-02 7.098724043608833911e-01 7.023244916865323262e+01
7.059033653696288324e-01 -1.454541636098738086e-02 -7.081587818085728347e-01 -3.909550375585396154e+01 -2.099450272412491797e-02 9.989201791050799084e-01 -4.144522491888769089e-02 -4.814042071812714596e+00 7.079969474267961971e-01 4.412376501415622709e-02 7.048357433678392736e-01 7.102120267305531343e+01
7.011143578410695687e-01 -1.408869867763695716e-02 -7.129096410564139674e-01 -3.991937149073558544e+01 -2.290157951194303140e-02 9.988440493482713123e-01 -4.226207256895472136e-02 -4.881937311219159525e+00 7.126809825924094177e-01 4.595730250401850597e-02 6.999812517808926549e-01 7.184080162686048254e+01
6.956720620002706523e-01 -1.672492870638932552e-02 -7.181647786523944754e-01 -4.076749103641550676e+01 -2.162835837227835081e-02 9.987880589869426728e-01 -4.421116799701890060e-02 -4.957526732737646213e+00 7.180338463225318657e-01 4.628919941181034586e-02 6.944672167437815347e-01 7.260692194321146076e+01
6.911715775039383169e-01 -1.871972450926051579e-02 -7.224482075864363528e-01 -4.160165038056285169e+01 -2.209916060525388137e-02 9.986495108811754839e-01 -4.701894887340246632e-02 -5.022063340222580052e+00 7.223527433721645963e-01 4.846365985654234321e-02 6.898244686152776861e-01 7.341165571454664018e+01
6.859247430286372627e-01 -1.929233713960745722e-02 -7.274166913019645131e-01 -4.242088470176703652e+01 -2.249719463050279394e-02 9.986083841294109975e-01 -4.769875697025938166e-02 -5.091760736465188231e+00 7.273246397352349790e-01 4.908259232405492306e-02 6.845361768179605289e-01 7.417078337312037206e+01
6.811114651964325084e-01 -1.857059904869302891e-02 -7.319441883574627772e-01 -4.331054304804519717e+01 -2.288042037648507776e-02 9.986502116483860769e-01 -4.662875910721597100e-02 -5.160994608420500285e+00 7.318221552307094813e-01 4.850657297284304698e-02 6.797672067794509054e-01 7.497075233970640795e+01
6.763846130905429854e-01 -1.853784737003190408e-02 -7.363152811940963938e-01 -4.416321877726758061e+01 -2.240112627220934224e-02 9.987030171066569872e-01 -4.572169289414525217e-02 -5.223478794381922086e+00 7.362078873348875119e-01 4.741974094995692751e-02 6.750920861824201147e-01 7.576328093980349365e+01
6.710738698667597646e-01 -1.930209709544688720e-02 -7.411391772389331889e-01 -4.501077304137258750e+01 -2.206907094962697741e-02 9.986979692986327484e-01 -4.599263269914860564e-02 -5.293658064009989950e+00 7.410619583227140428e-01 4.722070689330705451e-02 6.697741327659467725e-01 7.652081865368595004e+01
6.665154094516768657e-01 -2.014031235887979443e-02 -7.452191399089003188e-01 -4.590840590862205062e+01 -2.144727045786574277e-02 9.987031856177722711e-01 -4.617317036649780382e-02 -5.361990344747970205e+00 7.451826839404798175e-01 4.675804578601083783e-02 6.652191089931593915e-01 7.731272433784695863e+01
6.620721293213386316e-01 -2.130555615081539123e-02 -7.491372093670971566e-01 -4.680895668970816814e+01 -1.999991467480020588e-02 9.987375337879320636e-01 -4.607973576177982339e-02 -5.431616331864323577e+00 7.491732162765440961e-01 4.549078881687079051e-02 6.608101773654015965e-01 7.808296110406985235e+01
6.584446689312304368e-01 -2.195471162417769392e-02 -7.523088449018676682e-01 -4.769717932674008409e+01 -1.902550935173295474e-02 9.987694868684031668e-01 -4.579893147452755719e-02 -5.500750522923892660e+00 7.523886343059529302e-01 4.446912100013836189e-02 6.572167455953805693e-01 7.882462585942185740e+01
6.543760599806248690e-01 -2.471918260322572905e-02 -7.557651246070122841e-01 -4.862937606296012660e+01 -1.613052141889271401e-02 9.987817871682581616e-01 -4.663419263299497380e-02 -5.577381374363695521e+00 7.559972140056561152e-01 4.270718451243410430e-02 6.531801584152113760e-01 7.960953737655820817e+01
6.498984998383819933e-01 -2.918864076982177064e-02 -7.594603034401032904e-01 -4.954554511155698293e+01 -1.272166810026032283e-02 9.987044732972280014e-01 -4.927001309723934991e-02 -5.646507931100710920e+00 7.599145401674183287e-01 4.168210925191045968e-02 6.486852118348325202e-01 8.039981014131583947e+01
6.448371527441769668e-01 -3.224296587168332118e-02 -7.636395922349820120e-01 -5.041210368962551769e+01 -1.030430836576145572e-02 9.986522728020290618e-01 -5.086707445877668154e-02 -5.718273289866048437e+00 7.642505329262200275e-01 4.066975702778066054e-02 6.436358477753644225e-01 8.116782103927916125e+01
6.386176226381082843e-01 -3.581155576670887880e-02 -7.686904797350091467e-01 -5.132007759770699096e+01 -5.266773898478230818e-03 9.986897517547802527e-01 -5.090226743374416662e-02 -5.789701818700993208e+00 7.695062070605102056e-01 3.655560365723809629e-02 6.375922647223415396e-01 8.194558998990011389e+01
6.300144896338794043e-01 -4.065206610575702179e-02 -7.755186273070530101e-01 -5.228645075401377795e+01 1.397381010732262575e-03 9.986866652205170780e-01 -5.121515421261706863e-02 -5.884983579980441526e+00 7.765821269735476706e-01 3.118259387499647955e-02 6.292438771994207647e-01 8.267970643699808875e+01
6.213444738275459844e-01 -4.084090155135259442e-02 -7.824723984570308710e-01 -5.321249348498300691e+01 2.561204390937669041e-03 9.987411640019079329e-01 -5.009518482633924796e-02 -5.953216419436365037e+00 7.835333400856885344e-01 2.912229412565543046e-02 6.206669060242899771e-01 8.342206424289136635e+01
6.121722154552952100e-01 -4.013858842389811388e-02 -7.897050467690764908e-01 -5.418274005392539294e+01 4.123580912863173895e-03 9.988592630035946218e-01 -4.757277345089992032e-02 -6.008467544956946682e+00 7.907137186469735957e-01 2.586631703619800271e-02 6.116394037800062522e-01 8.415070003122680475e+01
6.035076574654691939e-01 -3.996256736012684246e-02 -7.963551274147600001e-01 -5.517107564939585984e+01 4.037583990036746132e-03 9.988836221613440758e-01 -4.706598851923189664e-02 -6.107278068367878454e+00 7.973469857181367804e-01 2.518933332819035462e-02 6.029952682247993190e-01 8.486788398595577121e+01
5.939181215610057629e-01 -4.081044538902707519e-02 -8.034897389540481827e-01 -5.615784123435485498e+01 2.160159782840926235e-03 9.987898940792109270e-01 -4.913330010275045179e-02 -6.161372501418262537e+00 8.045225970289017203e-01 2.744549066229380954e-02 5.932875759294927720e-01 8.562312525345045344e+01
5.834809011464664463e-01 -4.267692633693501159e-02 -8.110047508656804682e-01 -5.717561154471007256e+01 2.792945602025412397e-03 9.987178578851753086e-01 -5.054542291796718101e-02 -6.254916667458378043e+00 8.121220648462945668e-01 2.722719633340504528e-02 5.828519911751209870e-01 8.634680705310310600e+01
5.738176084550365985e-01 -4.385159721875719896e-02 -8.178082766958962857e-01 -5.817275242146936876e+01 2.174287371021039420e-03 9.986435435033220731e-01 -5.202254776034113959e-02 -6.325560064356776202e+00 8.189802413109604773e-01 2.807330330946309488e-02 5.731345969470093005e-01 8.703556418643249515e+01
5.636886695050984386e-01 -4.494521251809932560e-02 -8.247636020914517196e-01 -5.916823153830203808e+01 5.446735598910267158e-03 9.986990161162140334e-01 -5.070116622562192282e-02 -6.414398555428915571e+00 8.259693869076542017e-01 2.408740319442227718e-02 5.632001254708094429e-01 8.772712672090739261e+01
5.535231314147937010e-01 -4.512351698274744832e-02 -8.316104849054357651e-01 -6.019762327491468312e+01 7.271973144011742787e-03 9.987549450865743639e-01 -4.935258905243853494e-02 -6.485939583295758482e+00 8.328020609761241921e-01 2.127035002673851108e-02 5.531621028852234945e-01 8.840640917530303966e+01
5.431172959722503357e-01 -4.521583368697446731e-02 -8.384385000756728878e-01 -6.126026015521120627e+01 6.486930368935900186e-03 9.987451695048907840e-01 -4.965889749791267682e-02 -6.569845118859170441e+00 8.396317848464868172e-01 2.153171346216420368e-02 5.427290889623043180e-01 8.910101471979049848e+01
5.325168401833635379e-01 -4.601426126262912752e-02 -8.451677287386958337e-01 -6.232600358614840985e+01 6.039286198859965434e-03 9.987023549860005733e-01 -5.056810401286795237e-02 -6.649915944581128890e+00 8.463978696345662023e-01 2.182415666196491077e-02 5.321037168339326495e-01 8.975359739851437268e+01
5.231291257014607510e-01 -4.732081632072100003e-02 -8.509386846547269956e-01 -6.338960410897063724e+01 5.482274703761989311e-03 9.986235217010397403e-01 -5.216326816017542028e-02 -6.726023073103207572e+00 8.522358091885600118e-01 2.262304474373322966e-02 5.226684767146643207e-01 9.039041779260907106e+01
5.127920687118497911e-01 -4.830711724787346145e-02 -8.571526721470884569e-01 -6.443103896697199673e+01 5.019258178594411361e-03 9.985673101522708484e-01 -5.327414117805467225e-02 -6.809472760201942698e+00 8.584981732436246515e-01 2.301628600586591231e-02 5.122998638109518277e-01 9.102583278136093270e+01
