1.000000000000000000e+00 0.000000000000000000e+00 0.000000000000000000e+00 0.000000000000000000e+00 0.000000000000000000e+00 1.000000000000000000e+00 0.000000000000000000e+00 0.000000000000000000e+00 0.000000000000000000e+00 0.000000000000000000e+00 1.000000000000000000e+00 0.000000000000000000e+00
9.999999991305499325e-01 7.143421047167914842e-06 6.095046101646976142e-05 -2.505416053597731181e-03 -7.144291296403065837e-06 9.999999998888944308e-01 4.044108499579833076e-05 2.258205850399070715e-03 -6.095050798903154727e-05 -4.044113665814287199e-05 9.999999989664920541e-01 -9.120765562760622686e-04
1.000000001363541058e+00 8.150886696757850399e-05 4.689158190821496861e-05 1.656787009529758065e-04 -8.150760263252350424e-05 9.999999974039930351e-01 6.700131259651794327e-05 3.339613284654054624e-03 -4.688642370412432172e-05 -6.700719642904131733e-05 1.000000002519200848e+00 -1.888708429591269252e-03
9.999999909202987869e-01 1.779121916175785618e-04 3.886993099912987705e-05 1.488915114249794247e-03 -1.779101361547961600e-04 9.999999868373813383e-01 7.152575091826733600e-05 -4.843255050093358584e-04 -3.885879676953081198e-05 -7.153433361193516559e-05 1.000000003287888184e+00 -1.461661529796264535e-03
9.999999896756756046e-01 1.843484250063674788e-04 1.131222105668768608e-04 2.275088544519590205e-04 -1.843505031545835987e-04 9.999999925740956641e-01 3.857545419452850692e-05 -2.490584184423971434e-03 -1.131200674789705325e-04 -3.860056696671603762e-05 1.000000002290413192e+00 -1.521135490909690351e-03
9.999999940156361067e-01 3.364483824372305535e-05 2.069337522126368160e-04 -2.321837927807286935e-03 -3.365891392632497484e-05 1.000000009074741403e+00 7.911027330650038979e-05 1.514870435807844215e-03 -2.069355028061328262e-04 -7.912063959382125279e-05 9.999999854558631052e-01 -5.932788721238302192e-04
9.999999927440224035e-01 -1.399654827834852873e-04 1.795556837747258844e-04 -3.546613023733639729e-03 1.399468818143454255e-04 9.999999970447140951e-01 1.192591904539030734e-04 3.912592079714136660e-03 -1.795765539683122250e-04 -1.192375834263736294e-04 9.999999883754251417e-01 -7.091224219974978909e-04
1.000000019361117598e+00 1.056873466324293094e-05 9.277969486497709528e-05 3.887183819318864274e-04 -1.057011297068383687e-05 1.000000016620204990e+00 5.863156262856022494e-05 2.409484966925742096e-03 -9.278075947100217636e-05 -5.864009647914983163e-05 1.000000007005531488e+00 -1.600971096328222820e-03
9.999999849348125691e-01 2.821126275319679570e-04 6.414046786989899805e-05 2.578670166138437563e-03 -2.821079243938899128e-04 9.999999815885790566e-01 -8.450357953902523623e-06 4.631501487078635779e-04 -6.414395566095038449e-05 8.423700633005428202e-06 1.000000011075232065e+00 -1.707465805810437498e-03
9.999999753506904066e-01 3.150137487856188509e-04 8.017665353688655395e-05 -5.676853406878293442e-05 -3.150064271932913741e-04 9.999999725454365995e-01 -3.922403790038649931e-05 2.337821306968457941e-03 -8.018953349551228074e-05 3.918973834051540255e-05 1.000000009500114029e+00 -1.468966310911225736e-03
1.000000016380909962e+00 2.488164459880750883e-05 1.815242219322695373e-04 -2.171506522786210720e-03 -2.488101240686662883e-05 1.000000027221560339e+00 2.223621433211458886e-05 8.064290454416052313e-04 -1.815220635733836056e-04 -2.225236214095642308e-05 9.999999975061072410e-01 -1.075137120550477901e-03
1.000000025382570268e+00 -5.295008720977010570e-05 1.341810472093101186e-04 -1.504728123343628812e-03 5.296930761783294039e-05 1.000000027136871417e+00 -8.184694056948647466e-05 -9.068388566708268130e-04 -1.341788851501929847e-04 8.184466088420063422e-05 1.000000006005981046e+00 -8.308888007327768551e-04
1.000000031994100924e+00 -4.917300317079573689e-05 8.857882970885525540e-05 1.446910721754107688e-03 4.919579843642295388e-05 1.000000020633402320e+00 -1.538474604211746352e-04 1.070466647647122516e-03 -8.857327398948722003e-05 1.538414809420188690e-04 1.000000003987911557e+00 -6.682603564944985825e-04
1.000000037588405055e+00 3.363987133876370904e-05 7.201747177319505258e-05 8.389727068832242675e-04 -3.361368382718814426e-05 1.000000011578615622e+00 -2.287366401626090933e-04 -2.237509195824218379e-04 -7.202610294663062203e-05 2.287232809088362434e-04 9.999999921732271035e-01 -2.774304973028398637e-04
1.000000029636201271e+00 -5.784807579086931393e-05 1.646988249156410185e-04 1.916222720186246771e-03 5.790154049716575522e-05 1.000000006523352081e+00 -2.564648503633320262e-04 -1.223852114083952020e-03 -1.646845994488819825e-04 2.564596994122681785e-04 9.999999783949883314e-01 -1.518921444118778437e-04
1.000000017306222899e+00 -1.184920521327469074e-04 2.069523578960840999e-04 -1.126480050397740684e-03 1.185656198088456736e-04 9.999999898361283668e-01 -3.032365777181061234e-04 -1.557496027396420213e-03 -2.069182165962563926e-04 3.032457378075372346e-04 9.999999588491184088e-01 -5.244199431688018834e-04
9.999999801108252484e-01 -2.995439033355064827e-04 2.287402265768496848e-04 -1.523400649706918531e-03 2.996277491969051533e-04 9.999999522134680463e-01 -3.240523623513115741e-04 -5.023530847889503626e-04 -2.286442266987647831e-04 3.241052701308799462e-04 9.999999493513839210e-01 -1.676344118193652316e-03
9.999998492959802920e-01 -6.215531017664810420e-04 1.676839569406852082e-04 3.002581217528573594e-05 6.216317524176964921e-04 9.999997755848520908e-01 -4.165100174604533662e-04 -4.148979311385673878e-03 -1.674294606484432986e-04 4.165983027172562758e-04 9.999999286655594233e-01 -1.649388727541172114e-04
9.999997247463245920e-01 -7.953164302118680964e-04 1.789031783796703060e-04 -5.226589468770865676e-04 7.954160242722530059e-04 9.999996110826744333e-01 -5.078345848712184901e-04 -1.912942418380059705e-03 -1.785044188146703737e-04 5.079608010560816107e-04 9.999998848676733276e-01 8.296023562623599618e-06
9.999997351895159037e-01 -7.774629418370091307e-04 2.027096811342439780e-04 -7.165760048264515399e-04 7.775722785025770403e-04 9.999996319053711114e-01 -4.965374337098682781e-04 -2.598804516927289408e-04 -2.023295586041149569e-04 4.966788293901487541e-04 9.999998861813466089e-01 8.266603374806703658e-04
9.999998307069252190e-01 -6.371791584595256448e-04 2.315741554597229102e-04 1.620040527723360779e-03 6.373043515748666541e-04 9.999997302891816542e-01 -5.033515246928741901e-04 -8.914370036967112550e-04 -2.312599456886999189e-04 5.034823099622658983e-04 9.999998765857137650e-01 -5.178576038941323854e-05
9.999998145543980144e-01 -6.248684080781461390e-04 3.359877544116554268e-04 2.500027161229397606e-03 6.250577333421421548e-04 9.999997242088917160e-01 -5.382161384738534757e-04 -5.452782609379247351e-03 -3.356609615443913045e-04 5.384108118227718927e-04 9.999998317475805587e-01 -5.433520994870466234e-04
9.999995380834896253e-01 -7.672168372153231452e-04 6.929654366444578176e-04 5.518943889694414391e-04 7.676953623619890352e-04 9.999995385389414126e-01 -6.841266381185364884e-04 -5.585463094511947460e-03 -6.924524987342701131e-04 6.846390734957402170e-04 9.999995647502812890e-01 4.703395299780090805e-04
9.999993558019472095e-01 -5.691941388883170515e-04 1.058173871365093721e-03 -8.489990153853058108e-03 5.700258230817640322e-04 9.999996015341809930e-01 -7.816792828658970143e-04 -2.688655437413385758e-03 -1.057740664759084523e-03 7.822677734193432281e-04 9.999991763724461746e-01 2.207314103281188440e-03
9.999993638916456762e-01 1.749085182549114383e-04 1.186791363200889043e-03 -1.746833942508590684e-02 -1.739929603324877501e-04 9.999997654609972253e-01 -7.677950219720637527e-04 -1.985806617282969647e-03 -1.186937570224857238e-03 7.675736698435072858e-04 9.999990428434347711e-01 2.335982054638589562e-03
9.999992461571650670e-01 8.321846409541734440e-04 9.947820397210706614e-04 -3.158697005753359488e-02 -8.315883768774232250e-04 9.999995547170406063e-01 -5.958306211110354260e-04 -2.550331675554509767e-03 -9.952905440416251383e-04 5.949850186041617459e-04 9.999993708612874288e-01 1.134087677690447148e-03
9.999987770315061919e-01 1.443355313821980453e-03 7.361759881428041720e-04 -5.414060877266506366e-02 -1.443143405584799716e-03 9.999989979438063115e-01 -2.843494447397338482e-04 -9.944789791232139589e-04 -7.365999288352079654e-04 2.832664884304774951e-04 9.999997329216194775e-01 1.427319905451180423e-04
9.999970041433129397e-01 2.415140852298767234e-03 5.887783988628721805e-04 -7.907173692192774606e-02 -2.415145335353441249e-03 9.999971675587095987e-01 1.061226961640604888e-05 -3.180905515703478549e-03 -5.887678649984564574e-04 -1.205668033887390734e-05 9.999998716888341965e-01 -4.960491667021954982e-05
9.999923521711487906e-01 3.877948195971415730e-03 6.696668977629429472e-04 -1.083267764640731545e-01 -3.878014268640890723e-03 9.999925612763043148e-01 1.006788108459401288e-04 -4.885038661143870087e-03 -6.692876808114265122e-04 -1.032975190879037073e-04 9.999998158358865963e-01 -1.797315581387811550e-04
9.999833641929467554e-01 5.745866818091398091e-03 6.714729958749228889e-04 -1.398692111209246247e-01 -5.745862186489278031e-03 9.999835798249673280e-01 -5.474156124613360816e-06 -4.490801452989210373e-03 -6.715095016972974593e-04 1.592995442854729744e-06 9.999998197278034961e-01 2.399048937727776837e-05
9.999678641014023706e-01 8.009241860814081751e-03 5.668510308297547082e-04 -1.757110247723063234e-01 -8.009160402503080756e-03 9.999680054754999103e-01 -1.419029133278434875e-04 -7.818246547210548625e-03 -5.679857671730550268e-04 1.373347742435456289e-04 9.999998745415082935e-01 2.802252454019397033e-04
9.999470783660918682e-01 1.029249839081882410e-02 3.276915602281816253e-04 -2.168942584389355055e-01 -1.029241733621401658e-02 9.999470939380539214e-01 -2.412229344606089379e-04 -6.762737596489911719e-03 -3.301731615054831525e-04 2.378137945133463303e-04 9.999999625309039519e-01 6.075705186708670914e-04
9.999160111782028348e-01 1.296738003246201282e-02 1.559229950673367586e-04 -2.708011701725929754e-01 -1.296739196874269022e-02 9.999160093751255918e-01 9.011140162840467892e-05 -8.618370264360403557e-03 -1.547583543460326436e-04 -9.214977997861683809e-05 1.000000029263621970e+00 -4.197241676876831785e-05
9.998650766282848323e-01 1.643307573506893465e-02 1.767218856994126738e-05 -3.198351311199624236e-01 -1.643307943878638891e-02 9.998649884528926224e-01 3.965905730630263359e-04 -9.588800731838837549e-03 -1.117156803256997777e-05 -3.968528327579694086e-04 9.999999669829328086e-01 -3.309034181453705554e-03
9.997864175066386583e-01 2.067149335373835717e-02 -1.711809716056557102e-04 -3.701647841725161925e-01 -2.067144745087396915e-02 9.997863912255544605e-01 2.540670268406385090e-04 -1.456805268488159215e-02 1.763775467499493197e-04 -2.504998705040121371e-04 9.999999988972753107e-01 -5.219328412942017895e-03
9.996795452833711071e-01 2.531801383590822491e-02 -1.727781527579574114e-04 -4.278399990852979062e-01 -2.531802577499638052e-02 9.996795471292591051e-01 -7.941948459037155290e-05 -2.081590466112021726e-02 1.706933901251786359e-04 8.374245527939207972e-05 1.000000027802321112e+00 -2.831354236851537417e-03
9.995517249560266215e-01 2.994293986317517892e-02 -6.565003564870241105e-05 -4.862780031136678671e-01 -2.994295232582382463e-02 9.995516891562656880e-01 -2.360108703166236585e-04 -2.561901460646505077e-02 5.853396323560519356e-05 2.378462143339703575e-04 1.000000016164385164e+00 -1.310475296074337483e-04
9.993844310668807962e-01 3.508425749231570273e-02 -3.093169902712346602e-04 -5.553263868096172118e-01 -3.508434836291293712e-02 9.993844206865010182e-01 -3.008537636136208635e-04 -2.842326959962126684e-02 2.985511540807920519e-04 3.114950742067643347e-04 9.999999531925009011e-01 -2.125622761337377011e-03
9.991642366226755057e-01 4.086712565488315185e-02 -9.758944298826347430e-04 -6.228356937509650360e-01 -4.086747926401925607e-02 9.991646284558316493e-01 -3.474849420114580509e-04 -2.600370965545478752e-02 9.608580179379087351e-04 3.870500580604367778e-04 9.999995099287185552e-01 -7.534813880998687645e-03
9.988725384074920166e-01 4.744656581774873289e-02 -1.653025318975681612e-03 -6.890731548375835791e-01 -4.744744779910303051e-02 9.988737291936076179e-01 -4.998943633351593443e-04 -3.372700519007140740e-02 1.627425317610070024e-03 5.777338883774816919e-04 9.999985554955398426e-01 -1.160371786519792149e-02
9.985288230996335335e-01 5.418763210854699724e-02 -2.038249139289619125e-03 -7.598921217967559150e-01 -5.419007958957273302e-02 9.985300790287209294e-01 -1.166594969677402357e-03 -4.441778142181638384e-02 1.972019271079221772e-03 1.275301691776561984e-03 9.999972892192591223e-01 -1.281545219028615290e-02
9.981545594077804173e-01 6.068903236174952309e-02 -2.142080672152170493e-03 -8.370065521411013121e-01 -6.069373993812653828e-02 9.981541227581421927e-01 -2.206759755867163109e-03 -4.696935022681034133e-02 2.004184269800485772e-03 2.332668590883575123e-03 9.999953184493985958e-01 -1.065264471974505800e-02
9.977255574271520766e-01 6.737494286362628870e-02 -2.147472589755077335e-03 -9.231080881180542264e-01 -6.738131502436735254e-02 9.977227724101743744e-01 -3.048012419309975313e-03 -4.474851965712125373e-02 1.937209405511854630e-03 3.185753956837035321e-03 9.999930983899067982e-01 -7.050097542702704785e-03
9.972308302102257382e-01 7.432238471835318772e-02 -2.673501779938681350e-03 -1.008833864693243765e+00 -7.433081067592794966e-02 9.972286317980892933e-01 -3.203537560245049796e-03 -4.644158062395539049e-02 2.427979205774954182e-03 3.393361113016988683e-03 9.999913467321250859e-01 -7.492124635606142551e-03
9.966442285050588490e-01 8.178657523300963961e-02 -3.396849597927647461e-03 -1.090418516981473074e+00 -8.179697607364984357e-02 9.966445050800238903e-01 -3.044539208903900007e-03 -5.001893541994472531e-02 3.136428888175139471e-03 3.312144514090289808e-03 9.999896483313518436e-01 -1.624582197163442973e-02
9.959478293938300864e-01 8.984054953541030508e-02 -4.111755616060615640e-03 -1.164113337807284987e+00 -8.985642515898790983e-02 9.959474197174079668e-01 -3.853988343920512760e-03 -5.052953042395418731e-02 3.748829046398779313e-03 4.207808284765130261e-03 9.999841724475108107e-01 -2.337624472585552587e-02
9.951768435743240104e-01 9.796486481438734795e-02 -5.123278793282712296e-03 -1.247886356203692815e+00 -9.799393530388302020e-02 9.951704386696582638e-01 -5.769169521880184240e-03 -5.603672127217085297e-02 4.533342387518473141e-03 6.243361811773475052e-03 9.999702873428307770e-01 -2.095709727463602318e-02
9.943574754075924504e-01 1.058622489214332274e-01 -6.834770890638411540e-03 -1.342694473978277125e+00 -1.059168211519044833e-01 9.943414321103879461e-01 -8.188200751001085617e-03 -6.322950039874836170e-02 5.929260590462158767e-03 8.865880144397382534e-03 9.999431740542321645e-01 -1.707345138276767163e-02
9.933378013928777506e-01 1.148827925705918768e-01 -9.071111252395985813e-03 -1.433467043992705525e+00 -1.149720070926544685e-01 9.933183977482397120e-01 -1.001554334129604353e-02 -6.231566825620746958e-02 7.859876783831211758e-03 1.099170214102086936e-02 9.999087550922355350e-01 -1.951690523361154783e-02
9.921463712813444191e-01 1.246024667962183224e-01 -1.096072427593986452e-02 -1.518097245525043659e+00 -1.247289064918043200e-01 9.921217322791229254e-01 -1.172543446614785281e-02 -6.727358833660759818e-02 9.413342821060094803e-03 1.300042415586707099e-02 9.998712380229228813e-01 -2.784069590853498199e-02
9.907519253129705161e-01 1.351487172450598073e-01 -1.207429664076102756e-02 -1.602719015569295857e+00 -1.353082410798524815e-01 9.907111029137175562e-01 -1.354679254830394412e-02 -6.925016833393748961e-02 1.013129719630161997e-02 1.505522096535462720e-02 9.998353926454376372e-01 -3.256825536027520285e-02
9.890359097532250843e-01 1.471374804171719231e-01 -1.260476376876457257e-02 -1.698616044115782930e+00 -1.473100779658453596e-01 9.889903849909981171e-01 -1.407453413784264841e-02 -6.777985172835816752e-02 1.039508554480464940e-02 1.577698700323328443e-02 9.998215568988373381e-01 -2.788666525260030324e-02
9.867877965758116154e-01 1.615427169902963755e-01 -1.241571352016957418e-02 -1.791095699709653655e+00 -1.616993339050495082e-01 9.867565117054063473e-01 -1.285500971933838284e-02 -6.565074125655542825e-02 1.017463937141433600e-02 1.469273763352953004e-02 9.998403458803462041e-01 -2.588237886770466956e-02
9.840492873936211859e-01 1.775228609072495300e-01 -1.153223854117630537e-02 -1.876972419399646208e+00 -1.776456513760076295e-01 9.840368540995457769e-01 -1.066936248689043590e-02 -6.563048943916779954e-02 9.454079126865910787e-03 1.254778859493989318e-02 9.998766377506248526e-01 -2.849709896461890060e-02
9.808806950935806679e-01 1.943697074775697642e-01 -9.687201168810768634e-03 -1.965263951408424026e+00 -1.944498404435862915e-01 9.808787562698358942e-01 -8.153088363740720879e-03 -6.262259431868597015e-02 7.917243338335771749e-03 9.880840771662105851e-03 9.999198990028355105e-01 -3.146956106770276013e-02
9.770507167995893250e-01 2.128935231615145529e-01 -6.972383084772512327e-03 -2.054082248041401382e+00 -2.129319256023739781e-01 9.770527338154096908e-01 -5.320221047475290170e-03 -5.841271612465492175e-02 5.679732915053034049e-03 6.682728269054552701e-03 9.999615993286623539e-01 -2.847563952269745874e-02
9.726844794189233312e-01 2.321017141053191568e-01 -3.751541631086970606e-03 -2.141045740072352377e+00 -2.321127879330607824e-01 9.726849004692521561e-01 -2.846055970795877826e-03 -4.849599463437611474e-02 2.988479641223829291e-03 3.639056145403886302e-03 9.999889729992670340e-01 -2.486079179927904240e-02
9.681650546083927500e-01 2.503106801208289656e-01 -1.173410218770751679e-03 -2.236872900912413087e+00 -2.503117359525005581e-01 9.681650994748888239e-01 -8.657562254792584974e-04 -4.734271615262048566e-02 9.193285689525318612e-04 1.131875812409131789e-03 9.999989987024702209e-01 -2.496244014102039221e-02
9.632467928573745786e-01 2.686187038748383271e-01 -5.365306717630614653e-05 -2.341904071100942897e+00 -2.686186899388990912e-01 9.632467846774264153e-01 1.162388133765937873e-04 -4.328266877807319252e-02 8.288873579691032197e-05 -9.759402657726068409e-05 1.000000054078860945e+00 -2.666278116332881226e-02
9.574878603284697753e-01 2.884738999819454475e-01 -4.566095920806066211e-04 -2.446317218277135996e+00 -2.884739698802734620e-01 9.574879345063936897e-01 -1.106631198716535451e-04 -3.084734229567784314e-02 4.052599723407229564e-04 2.376359327098293581e-04 9.999999525862075522e-01 -2.754880642669606944e-02
9.509113857893586319e-01 3.094625114076101080e-01 -9.493800088428180732e-04 -2.542300910774294653e+00 -3.094633397063250024e-01 9.509111425224445746e-01 -9.139563225101504781e-04 -2.183086667898645125e-02 6.199276971820496564e-04 1.162842839460492958e-03 9.999991958660447988e-01 -2.592234052576515568e-02
9.436715045367214394e-01 3.308835722212969954e-01 -7.578406646961910681e-04 -2.639459912007796838e+00 -3.308843529802319439e-01 9.436703834043457251e-01 -1.468558996131969028e-03 -1.516072299724757766e-02 2.292199325070089634e-04 1.636544950466294404e-03 9.999986993449069272e-01 -2.335773003416341878e-02
9.359377474703894917e-01 3.521659975842552082e-01 2.751951330875635903e-04 -2.746355804131642042e+00 -3.521654243123275019e-01 9.359371953877415606e-01 -1.223064793533388574e-03 -1.452015940785929054e-03 -6.882938724447553065e-04 1.047746763602720992e-03 9.999992794486607384e-01 -2.489614801151254775e-02
9.274958761344406222e-01 3.738309342913324618e-01 1.508172633215418583e-03 -2.856019289606042122e+00 -3.738300637447850017e-01 9.274970738834713568e-01 -8.285918723095188300e-04 1.416079306816217694e-02 -1.708584072852034489e-03 2.046647615991220560e-04 9.999985847510225456e-01 -3.078027802421970036e-02
9.182673621459916946e-01 3.959543724481396354e-01 2.374650871045717610e-03 -2.963405203749205352e+00 -3.959529983883893767e-01 9.182704267816957922e-01 -1.040006307742105240e-03 2.925390734328409820e-02 -2.592369550219236242e-03 1.470275050910472208e-05 9.999967050970608451e-01 -3.660081437305520019e-02
9.078964027178741958e-01 4.191860011313859880e-01 2.770598799821479864e-03 -3.063621306534806799e+00 -4.191766476525395912e-01 9.078985938210996087e-01 -3.394409930003362223e-03 4.715789512336195782e-02 -3.938311095756896231e-03 1.920349690248316418e-03 9.999904667895507249e-01 -4.243348316165043016e-02
8.967444477214934206e-01 4.425396183669328964e-01 2.923473345775197321e-03 -3.165628597030389901e+00 -4.425040274996174250e-01 8.967276645298959403e-01 -8.374473408637546010e-03 6.301863576043802151e-02 -6.327588559594844730e-03 6.216061151920028796e-03 9.999607275528988870e-01 -4.339709531549611199e-02
8.852080224693361643e-01 4.651886063054566089e-01 2.605276985855997651e-03 -3.272931943322539894e+00 -4.651173079072256633e-01 8.851475400499820845e-01 -1.342313495137532897e-02 7.975725197135503930e-02 -8.550330683788204961e-03 1.067045365317259575e-02 9.999065813252115964e-01 -3.370950209352409355e-02
8.734110415746537681e-01 4.869798469526273044e-01 2.062198747650405457e-03 -3.387627986867477237e+00 -4.869032013199999231e-01 8.733351639156169410e-01 -1.454049597413417660e-02 1.104921827312655147e-01 -8.881905889425393413e-03 1.169568371537787511e-02 9.998922257314283302e-01 -1.757691262094776899e-02
8.615262457357344417e-01 5.077083759151531650e-01 2.282039803605842056e-03 -3.490598987572245626e+00 -5.076750515097457894e-01 8.615076231481736402e-01 -8.433997913804501187e-03 1.553641887332304627e-01 -6.247987734777635423e-03 6.107525446234406998e-03 9.999619049443730923e-01 -9.461270209519668031e-03
8.491465887516795874e-01 5.281416050695629805e-01 4.122061921192954163e-03 -3.591302012648040609e+00 -5.281570855455177682e-01 8.491315334280330474e-01 5.120418459853654132e-03 2.095872056496621560e-01 -7.958475078963955394e-04 -6.525126340121646142e-03 9.999784755573450923e-01 -1.962720380182706587e-02
8.350360662236954168e-01 5.501545818727081594e-01 6.721634181314484896e-03 -3.686748902342097178e+00 -5.501774818782677601e-01 8.348469660195787512e-01 1.832412197924496861e-02 2.577605229381068619e-01 4.469581055811504972e-03 -1.899943358494200069e-02 9.998095876676760252e-01 -5.713845167469292635e-02
8.194039521491395250e-01 5.731505981995583809e-01 8.719793931740448673e-03 -3.778674587629385684e+00 -5.731936609787344761e-01 8.191388719979175725e-01 2.147164119725885126e-02 2.804414621108295425e-01 5.163781750990048026e-03 -2.259211481251768155e-02 9.997315138597364648e-01 -8.396392827138998705e-02
8.035925538139632174e-01 5.951180367440350727e-01 8.603064614700116006e-03 -3.874411342757161592e+00 -5.951780909869442970e-01 8.034671638810269023e-01 1.428508305553939824e-02 3.068115164889126945e-01 1.589056743024822157e-03 -1.659977926555641914e-02 9.998610404877823488e-01 -6.307912768821657967e-02
7.876534009787065083e-01 6.160688796689927083e-01 7.857440464276780473e-03 -3.975548095062789056e+00 -6.161161692485754848e-01 7.876243078252582741e-01 7.023665081763380905e-03 3.538815492391531592e-01 -1.861619350727205212e-03 -1.037334821700452124e-02 9.999445562059163795e-01 -4.910624615456240377e-03
7.716150970761423977e-01 6.360274826196794518e-01 8.925976043812301405e-03 -4.073624172586106873e+00 -6.360877545513332620e-01 7.715744768252198460e-01 8.106629560778564822e-03 4.134227137415477094e-01 -1.730982809865660261e-03 -1.193293856935628144e-02 9.999273959136358858e-01 1.847642462453754492e-02
7.551954131664421199e-01 6.553888012052815348e-01 1.207888311889227309e-02 -4.162106083127384615e+00 -6.554985713029388705e-01 7.550257043794283973e-01 1.607291973122078679e-02 4.639223765263972288e-01 1.414180451758407933e-03 -2.005591737167516583e-02 9.997979576316639028e-01 -2.102265763708283802e-02
7.385151590064802374e-01 6.740661612395828506e-01 1.518771705585126620e-02 -4.249604540523532314e+00 -6.742248345484366245e-01 7.381775823407479287e-01 2.269952965146692855e-02 5.034267733064317074e-01 4.089792747987150597e-03 -2.700390897476227445e-02 9.996270632433078562e-01 -7.432749079345182808e-02
7.209219810793960903e-01 6.928114555461297730e-01 1.686066255605165459e-02 -4.335513887951852219e+00 -6.930055238861106970e-01 7.205596291037880130e-01 2.318853262244230037e-02 5.520645396991863407e-01 3.916209417690811982e-03 -2.840167975249783053e-02 9.995890234474361646e-01 -7.825543818285848885e-02
7.026330724349755252e-01 7.113412667720986349e-01 1.734554763538856750e-02 -4.424514250344936173e+00 -7.115495727628966538e-01 7.023487756244317648e-01 2.009867080830743738e-02 6.112451451102403066e-01 2.114435637171173908e-03 -2.646423079919086457e-02 9.996476340052593557e-01 -4.299491867244153998e-02
6.839158409960696128e-01 7.293408200477267123e-01 1.793308424296256864e-02 -4.512649391823949863e+00 -7.295604312080318232e-01 6.836715228699340452e-01 1.831355744210653308e-02 6.730585949874772211e-01 1.096536015933858568e-03 -2.560822227280940347e-02 9.996715678806210592e-01 -1.485069396536655567e-02
6.653393508817635471e-01 7.462665884922222714e-01 2.025431802385701391e-02 -4.596368494900749724e+00 -7.465404148540144558e-01 6.650496351635576397e-01 1.967125461420317703e-02 7.299215791849363866e-01 1.209928007911117379e-03 -2.820874544153255392e-02 9.996014389185825522e-01 -1.622452897627827198e-02
6.465067503876341659e-01 7.624971202201278331e-01 2.505357565525262106e-02 -4.674165540566690424e+00 -7.629073075920529412e-01 6.460965325866651066e-01 2.307125560461020103e-02 7.803520817994157310e-01 1.404797461321369290e-03 -3.402929367642033159e-02 9.994199694067082973e-01 -4.387218496941718004e-02
6.273570531466373668e-01 7.781694612536076416e-01 2.959633349537003910e-02 -4.749074399713789418e+00 -7.787316560791998077e-01 6.268640523930217867e-01 2.488055679939857670e-02 8.375780391879980025e-01 8.084750795645755366e-04 -3.865660848503856689e-02 9.992523503044608013e-01 -6.748961304492517854e-02
6.082941572175356582e-01 7.930233093050178539e-01 3.305719301614013644e-02 -4.818137776470662104e+00 -7.937117394392412262e-01 6.078000431340025989e-01 2.452265444151501689e-02 8.972826954375683339e-01 -6.450627585652178673e-04 -4.115488208941973231e-02 9.991526945481785660e-01 -6.937649987465970003e-02
5.899537132177131715e-01 8.066984510153520915e-01 3.453643895968827593e-02 -4.885290090835423982e+00 -8.074354341911783584e-01 5.895067487095284609e-01 2.303048010927184058e-02 9.558176932688459138e-01 -1.780749990894163687e-03 -4.147287351355131296e-02 9.991381683776545675e-01 -5.723287524171016827e-02
5.729462949448743680e-01 8.188482526640000758e-01 3.493758982203597901e-02 -4.950004261337350719e+00 -8.195918539494099209e-01 5.725031911512713512e-01 2.258076609793142550e-02 1.011644417396658779e+00 -1.511601617804973633e-03 -4.157213804420179654e-02 9.991344870879262929e-01 -5.166047316091436359e-02
5.584853167929356710e-01 8.287956202040001052e-01 3.453304604399465988e-02 -5.012003322802485172e+00 -8.295147409182538345e-01 5.580041537912625582e-01 2.317905244749031077e-02 1.062518452580264228e+00 -5.882689968676104716e-05 -4.159083684552411508e-02 9.991348507496884412e-01 -5.626766495261506518e-02
5.467024074818386259e-01 8.366748159449401978e-01 3.304993907785026830e-02 -5.064614398821373875e+00 -8.373258493503656918e-01 5.462014211786883067e-01 2.345310060862827034e-02 1.109701112771549258e+00 1.570755653793321632e-03 -4.049543787967583436e-02 9.991786149711593401e-01 -6.230249757803885818e-02
5.379031138701596548e-01 8.424191136229456367e-01 3.147787045567692482e-02 -5.105708604432134479e+00 -8.430037588955019423e-01 5.374222620097287573e-01 2.286052941632168642e-02 1.151999496777284859e+00 2.341300333756057232e-03 -3.883271597797052777e-02 9.992431091511312369e-01 -5.466807033759912143e-02
5.317935763768683044e-01 8.463028862634983662e-01 3.110629829887604642e-02 -5.133040639066367206e+00 -8.468707896404082947e-01 5.313259106921085495e-01 2.243383510455789973e-02 1.186946428358084615e+00 2.458299443388980206e-03 -3.827318829863182725e-02 9.992644158780559227e-01 -4.452360565133826886e-02
5.275366095919827858e-01 8.489340747129590081e-01 3.188499340556316675e-02 -5.144100722873651499e+00 -8.495274189033268364e-01 5.270300545288171268e-01 2.330507056860725221e-02 1.200723091604874782e+00 2.980180907907373222e-03 -3.938145667670735900e-02 9.992199319916454936e-01 -4.665306470286412210e-02
5.258862616509081267e-01 8.499248981194226227e-01 3.273997083336625119e-02 -5.149070863080919658e+00 -8.505474682150899746e-01 5.253270713987067131e-01 2.451774512943898435e-02 1.203522667789300726e+00 3.639112985877194888e-03 -4.074044675034848434e-02 9.991632633017504261e-01 -5.869150465794008981e-02
5.265090256952341674e-01 8.495239396758689221e-01 3.313495481679049059e-02 -5.151057504373941498e+00 -8.501616167855153838e-01 5.259319235813266769e-01 2.492969664261262056e-02 1.203740423633258949e+00 3.751707961328841576e-03 -4.129577906069747256e-02 9.991400490135586843e-01 -6.412971844414019906e-02
5.278105274253968027e-01 8.486661048177485123e-01 3.438751835552806418e-02 -5.142821297037640349e+00 -8.493572746031996523e-01 5.272325411294521702e-01 2.487425265963144616e-02 1.209416450516810571e+00 2.979782496627765218e-03 -4.233618244058948848e-02 9.990991058849738593e-01 -5.077636907239042874e-02
5.282324065616471609e-01 8.482922306356970310e-01 3.703287131094021301e-02 -5.129738171146184911e+00 -8.490982503587474195e-01 5.276352639564400038e-01 2.517647579253446538e-02 1.202126936539184454e+00 1.817228749804257470e-03 -4.474357715489236248e-02 9.989969799842240983e-01 -4.726145049336633736e-02
5.291991567914079431e-01 8.476191046965305675e-01 3.861004161506648852e-02 -5.118353616910906290e+00 -8.484968160823798122e-01 5.285738147621260596e-01 2.575951455729176900e-02 1.181289444541288480e+00 1.426070130329515394e-03 -4.639241152836453413e-02 9.989224030209072902e-01 -6.190003257165392625e-02
5.310256019849804998e-01 8.464931216626430110e-01 3.823400292686703755e-02 -5.115208240452233213e+00 -8.473541867790280735e-01 5.303864868007140965e-01 2.611011647268612554e-02 1.175964037931174433e+00 1.823304709006963150e-03 -4.626288334550730103e-02 9.989277643260568995e-01 -6.844425199895493028e-02
5.322410132594385113e-01 8.457622073281229058e-01 3.750241788013473909e-02 -5.106233364896008098e+00 -8.465908702173827738e-01 5.316119644930807908e-01 2.594803818062904263e-02 1.176168966744011390e+00 2.009203128531688535e-03 -4.555981454986217372e-02 9.989597223609302246e-01 -5.590340479681773361e-02
5.330315839569661485e-01 8.452698122044621787e-01 3.737535489275397443e-02 -5.098869492907630807e+00 -8.460940794900192463e-01 5.324233314553409313e-01 2.551251919861012921e-02 1.165612418346440693e+00 1.665519294488164827e-03 -4.522204516661117168e-02 9.989757038361631869e-01 -4.737614105136856574e-02
5.352714815430431594e-01 8.438769286953582416e-01 3.683498758097899367e-02 -5.089385469339358536e+00 -8.446782519829357794e-01 5.346612287145545706e-01 2.562633273830115452e-02 1.148830211699153114e+00 1.931297705329743835e-03 -4.483075848746898018e-02 9.989928619320201930e-01 -5.328900607916531307e-02
5.385627743301765191e-01 8.417816494323997478e-01 3.680276704968031554e-02 -5.079038665908598205e+00 -8.425813640362559420e-01 5.379047690871432419e-01 2.675438833192250385e-02 1.138329322647922304e+00 2.725036900120499962e-03 -4.541824281275168990e-02 9.989644754900589563e-01 -5.381788872449577016e-02
5.410451749456701709e-01 8.401459549306715680e-01 3.775643038212388169e-02 -5.057514174000798057e+00 -8.409875183952856270e-01 5.403204843365494447e-01 2.818626185440928356e-02 1.120767663747610721e+00 3.280070233270769835e-03 -4.700272590207635326e-02 9.988895094678872377e-01 -5.682101891199820703e-02
5.437105872612424395e-01 8.384053303884508868e-01 3.815709685702704107e-02 -5.030644587942988188e+00 -8.392665473319745884e-01 5.429635280434909061e-01 2.868755261268081738e-02 1.087518965216426547e+00 3.333956214606512147e-03 -4.762170135333294169e-02 9.988600136919795203e-01 -6.499197723073546484e-02
5.477741065969190526e-01 8.357875732942421365e-01 3.746105108444915122e-02 -5.008280485283158612e+00 -8.366202955287806997e-01 5.470457705814454341e-01 2.842740196186691048e-02 1.052682503659025270e+00 3.266431052556599025e-03 -4.691247068587445918e-02 9.988937978330305612e-01 -6.504933365850013027e-02
5.522280854671706152e-01 8.328802905320966676e-01 3.681357151707307512e-02 -4.976585158482349058e+00 -8.336878151238649171e-01 5.515230575073674091e-01 2.806530281878778094e-02 1.022747089054263148e+00 3.071575293059853728e-03 -4.618947668887561642e-02 9.989281090260890839e-01 -5.167744661028020325e-02
5.566849185774451758e-01 8.298910984454312967e-01 3.719339525250045519e-02 -4.939708605401884611e+00 -8.307185317853338358e-01 5.559586781849152892e-01 2.859009316556041652e-02 9.790296835378949902e-01 3.048745589357902165e-03 -4.681291743275144135e-02 9.988991570244399876e-01 -4.657552981521442120e-02
5.612602391486629649e-01 8.267535030603585522e-01 3.829201589695140767e-02 -4.903595219729689703e+00 -8.276341991133302489e-01 5.604854172792186340e-01 2.963881669994719234e-02 9.263968369126392988e-01 3.041955007843434068e-03 -4.832687182812580445e-02 9.988270784091864973e-01 -5.423171287442447169e-02
5.657148214907162798e-01 8.236881057623041125e-01 3.879873490030930766e-02 -4.857583593282289947e+00 -8.245964949059219062e-01 5.649231379262384944e-01 3.005338497644754331e-02 8.680188656216798471e-01 2.836390038213420974e-03 -4.899494641913772208e-02 9.987951356942239567e-01 -6.281549698090334310e-02
5.701426383506347229e-01 8.206306767628028798e-01 3.877326661762715843e-02 -4.809792999970339267e+00 -8.215417377996265813e-01 5.693498154012240908e-01 3.017784864364385713e-02 8.044326191387777270e-01 2.689391578119022450e-03 -4.905953538063193703e-02 9.987923725313490042e-01 -6.027364324071703833e-02
5.747417836723568429e-01 8.174360939824690808e-01 3.835127975385115018e-02 -4.752659667580879876e+00 -8.183304415211500871e-01 5.739463797595280026e-01 3.035764473934778052e-02 7.339637228480111464e-01 2.803930370007407576e-03 -4.883182550220240697e-02 9.988032173939007663e-01 -5.200637592975865947e-02
5.793722204787415953e-01 8.141767825191223995e-01 3.800932853264844813e-02 -4.693658170470375701e+00 -8.150587039249931331e-01 5.785783914638861214e-01 3.044836480130853895e-02 6.623737454524285528e-01 2.799047067295702251e-03 -4.862076870208997120e-02 9.988135284490811117e-01 -4.711249442994147607e-02
5.835105800719886382e-01 8.111914032015600240e-01 3.853086134090444315e-02 -4.626255671296996219e+00 -8.121015172752933386e-01 5.826932577293363336e-01 3.099103755141630057e-02 5.824914972722622375e-01 2.688059095228799260e-03 -4.937456656709051511e-02 9.987768562986301113e-01 -4.365857564593978585e-02
5.873084527915660713e-01 8.084111375344710249e-01 3.925472421302943216e-02 -4.556638282316087363e+00 -8.093590006938056192e-01 5.864500048142264887e-01 3.186147051305347755e-02 4.957793084326772570e-01 2.736301918412933822e-03 -5.048367217259982359e-02 9.987212803354565960e-01 -4.699303975174127374e-02
5.909489785412833651e-01 8.057216063630512348e-01 3.990889225712622446e-02 -4.480626767869987148e+00 -8.067021884549295807e-01 5.900114536426347422e-01 3.344882358973556846e-02 4.046068004307522004e-01 3.403800843784728081e-03 -5.196113704096466668e-02 9.986434516021234220e-01 -5.216930159233292008e-02
5.933836834831149876e-01 8.039145739264779156e-01 4.022303638354983446e-02 -4.400992553245801631e+00 -8.049095752412356308e-01 5.923779194710490081e-01 3.478139165923124776e-02 3.090633548367095473e-01 4.134092831496257933e-03 -5.301461637187336595e-02 9.985853239320695574e-01 -5.058799135422491905e-02
5.941496175790338397e-01 8.033152143363561093e-01 4.088562864963756621e-02 -4.319840975913339598e+00 -8.043420640975580405e-01 5.930839209356525421e-01 3.586199273694302969e-02 2.030184310133451020e-01 4.559937191124409719e-03 -5.419342007652853954e-02 9.985201905450669102e-01 -4.516093974859818755e-02
5.936799269374619659e-01 8.036476552902003245e-01 4.117452513175308415e-02 -4.236567700086430577e+00 -8.046881676540256212e-01 5.925952357591891539e-01 3.617498797312112407e-02 8.976204936247668409e-02 4.672179234879575253e-03 -5.460901939147413259e-02 9.984970292892724197e-01 -4.393515937506043550e-02
5.921541277190105479e-01 8.047731896792063022e-01 4.116268826636160227e-02 -4.149668251776427397e+00 -8.058106509365537962e-01 5.910636187389731733e-01 3.624633127069903232e-02 -3.036369745276873075e-02 4.840373090118335782e-03 -5.463275089217439762e-02 9.984949305080785820e-01 -4.276501174847118641e-02
5.898434770196989696e-01 8.064875449229051974e-01 4.078341767230299342e-02 -4.057126371379268903e+00 -8.074962346179435091e-01 5.887034840917008127e-01 3.713288439167048566e-02 -1.582175085313970997e-01 5.937934746267197091e-03 -5.483505102846055607e-02 9.984779176863206596e-01 -4.201066284516247890e-02
5.874681497978905265e-01 8.082858981351594974e-01 3.944441702351467183e-02 -3.963227946196745677e+00 -8.092098743580367071e-01 5.862708295317278218e-01 3.829769215204248400e-02 -2.940566889521218918e-01 7.830438980195968124e-03 -5.441749290008641299e-02 9.984877142236293635e-01 -4.148124027211091969e-02
5.854364882826806893e-01 8.098467024330754382e-01 3.759286564181877482e-02 -3.875763443264570451e+00 -8.106641759929401614e-01 5.842294425540454084e-01 3.873467192662168046e-02 -4.275796271651213787e-01 9.406353735417654835e-03 -5.315188833525433254e-02 9.985422844304044920e-01 -3.882316190202322187e-02
5.833304897155335844e-01 8.114741877411192350e-01 3.515646680702049637e-02 -3.783551081982763353e+00 -8.121657505229441520e-01 5.821671561817715057e-01 3.832784373117073540e-02 -5.695453428411823005e-01 1.063518404949659671e-02 -5.091068965630085597e-02 9.986467314654480232e-01 -3.341673669813446240e-02
5.810875022871265783e-01 8.131860439327269763e-01 3.265843282451171697e-02 -3.679285806506787271e+00 -8.137533427576112421e-01 5.799657086931607752e-01 3.802767748451950369e-02 -7.158978453048818746e-01 1.198287567849159498e-02 -4.867333101868737133e-02 9.987430203259072270e-01 -2.565936992388441820e-02
5.787638989502362774e-01 8.149258905866781921e-01 3.047862060624451780e-02 -3.573450440752760304e+00 -8.153773011441829421e-01 5.776389905074776898e-01 3.865082178222054021e-02 -8.682249557992093303e-01 1.389198579848906906e-02 -4.722129190408845545e-02 9.987879991950768810e-01 -2.008649664146842581e-02
5.766711017611275691e-01 8.164446419554552969e-01 2.948547998549486127e-02 -3.465840051175706371e+00 -8.168218689942775557e-01 5.754830898502404368e-01 4.027513330823337401e-02 -1.028634713647832211e+00 1.591409195688082631e-02 -4.730990563103433522e-02 9.987536368015003108e-01 -1.551422933504648626e-02
5.755568778463890922e-01 8.172289812225151939e-01 2.952766123335983164e-02 -3.348509642570505651e+00 -8.175825624833176208e-01 5.742983770926058940e-01 4.172491927242882870e-02 -1.196845715355075557e+00 1.714119619750610612e-02 -4.815638054038684501e-02 9.986928737840796710e-01 -1.994314349560066119e-02
5.750918428725885212e-01 8.175444082786127442e-01 2.985508774568872148e-02 -3.227494744770803781e+00 -8.179006310168615013e-01 5.737924638664090304e-01 4.244537925564061814e-02 -1.368624676847209232e+00 1.757042948362865648e-02 -4.882850223321828081e-02 9.986527784449272804e-01 -2.490723264598734485e-02
5.746849285853220524e-01 8.178464424341732597e-01 2.941515962874399759e-02 -3.101278817326248216e+00 -8.181873580389417144e-01 5.734116394322213983e-01 4.206414166963372281e-02 -1.547029865133886517e+00 1.753508470216230686e-02 -4.824075817041229008e-02 9.986819640902129258e-01 -2.229791774491911641e-02
5.750307570817932978e-01 8.176168428440004909e-01 2.903723548830572376e-02 -2.970654292356841086e+00 -8.179484098485496624e-01 5.737869136578509499e-01 4.159135552452821599e-02 -1.727620328543636674e+00 1.734468065824102886e-02 -4.766728878520173213e-02 9.987128256153428030e-01 -9.938591454702433783e-03
5.766267135180689341e-01 8.164867967101898660e-01 2.918537897568267495e-02 -2.832331991926889003e+00 -8.168260629120823735e-01 5.753759332638387347e-01 4.169640412181783301e-02 -1.918167643187887794e+00 1.725207480240349353e-02 -4.788265822578579439e-02 9.987041276213808327e-01 -2.407313385264609612e-03
