1 0 0 0 0 1 0 0 0 0 1 0
1 2.68348e-05 -5.62381e-06 0.000360436 -2.68348e-05 1 -7.66987e-06 -0.000359831 5.6236e-06 7.67002e-06 1 0.000976126
1 1.23898e-05 -7.40769e-07 -0.00239303 -1.23898e-05 1 1.17841e-05 -0.000721353 7.40915e-07 -1.17841e-05 1 0.000518636
1 1.54433e-05 1.72876e-05 -0.00310972 -1.54433e-05 1 -1.69472e-07 -0.000347325 -1.72876e-05 1.69205e-07 1 1.96341e-06
1 8.81908e-06 -6.92624e-06 -0.000473523 -8.81913e-06 1 -7.83657e-06 -0.00108108 6.92617e-06 7.83663e-06 1 -0.00101371
1 -3.09726e-05 5.74204e-06 -0.00217422 3.09725e-05 1 6.45749e-06 -0.000747414 -5.74224e-06 -6.45732e-06 1 1.3272e-06
1 -1.32396e-05 5.57997e-06 -0.00122815 1.32395e-05 1 1.82636e-05 0.00081095 -5.58021e-06 -1.82636e-05 1 0.000341628
1 -3.72985e-05 7.83682e-06 -0.00317327 3.72983e-05 1 1.95439e-05 0.00099871 -7.83755e-06 -1.95436e-05 1 -0.000658434
1 -1.66527e-05 6.99137e-06 -0.00598064 1.66526e-05 1 1.08522e-05 -0.00196268 -6.99155e-06 -1.08521e-05 1 2.12247e-06
1 -7.76547e-06 -8.52691e-06 -0.00182529 7.76531e-06 1 -1.9069e-05 0.000606867 8.52706e-06 1.9069e-05 1 0.000842368
1 -1.90232e-05 1.15478e-05 0.00144968 1.90233e-05 1 -4.21045e-06 0.000605226 -1.15477e-05 4.21067e-06 1 0.000813915
1 -2.95554e-05 1.73288e-05 -0.00282837 2.95551e-05 1 1.49346e-05 0.000537027 -1.73292e-05 -1.49341e-05 1 -0.000339953
1 3.66128e-06 1.14093e-05 -0.00338932 -3.66128e-06 1 3.31477e-07 0.000230423 -1.14093e-05 -3.31518e-07 1 -0.000499529
1 -1.21467e-05 2.30024e-05 -0.00239493 1.21468e-05 1 -1.52628e-06 0.00260067 -2.30024e-05 1.52656e-06 1 -0.00102669
1 1.24951e-05 2.58746e-06 -0.000190565 -1.24951e-05 1 3.74283e-06 -0.00131327 -2.58741e-06 -3.74286e-06 1 0.000182454
1 1.08942e-05 6.9588e-06 -0.00223768 -1.08943e-05 1 4.89927e-06 -0.00140836 -6.95875e-06 -4.89934e-06 1 -0.00053562
1 -7.1778e-07 8.54284e-06 -0.00303801 7.17688e-07 1 1.08019e-05 -0.0005401 -8.54285e-06 -1.08019e-05 1 -0.000686541
1 2.35013e-06 -4.52673e-06 0.0019428 -2.35008e-06 1 9.71629e-06 -0.000855184 4.52675e-06 -9.71628e-06 1 -0.000686963
1 -4.35938e-05 2.68723e-05 -0.00184986 4.35935e-05 1 1.28894e-05 0.00119261 -2.68728e-05 -1.28883e-05 1 -0.00120254
1 -3.63608e-05 2.70709e-07 -0.0031598 3.63608e-05 1 -7.21866e-06 0.0045963 -2.70447e-07 7.21867e-06 1 -0.00016653
1 9.211e-06 -9.58812e-06 -0.00214786 -9.2109e-06 1 1.08561e-05 7.11048e-05 9.58822e-06 -1.0856e-05 1 -0.000234644
1 1.57463e-05 4.94895e-06 -0.000588063 -1.57464e-05 1 8.43751e-06 0.00142063 -4.94882e-06 -8.43759e-06 1 -0.000408518
1 -2.27795e-06 1.30862e-05 -0.00342972 2.27777e-06 1 1.38532e-05 -0.00367966 -1.30862e-05 -1.38532e-05 1 -0.000212008
1 -1.64295e-05 7.10396e-06 -0.00574659 1.64295e-05 1 -1.00475e-05 -0.00110083 -7.1038e-06 1.00476e-05 1 0.00105744
1 -2.03128e-05 2.43145e-06 -0.00291387 2.03128e-05 1 1.56829e-06 -0.0009718 -2.43148e-06 -1.56824e-06 1 0.000367932
1 -2.81112e-05 -2.28237e-06 -0.00131334 2.81111e-05 1 -1.70389e-05 0.00453996 2.28285e-06 1.70389e-05 1 0.000196827
1 -3.96227e-05 2.97119e-06 -0.00308949 3.96227e-05 1 -1.62528e-05 0.0042146 -2.97055e-06 1.6253e-05 1 -0.000209253
1 -1.90792e-05 1.55584e-05 -0.0028781 1.9079e-05 1 1.19204e-05 0.000280262 -1.55586e-05 -1.19201e-05 1 -0.00122287
1 2.49988e-06 1.23987e-06 -0.00243103 -2.49988e-06 1 -6.28692e-06 -0.00130145 -1.23989e-06 6.28692e-06 1 0.000492894
1 1.29446e-05 -3.78055e-06 -0.00141888 -1.29446e-05 1 -7.99323e-06 -0.00206975 3.78045e-06 7.99328e-06 1 0.00118748
1 -2.87869e-05 -1.61889e-05 -0.0014073 2.87869e-05 1 -4.86682e-06 0.00187387 1.6189e-05 4.86636e-06 1 0.00036137
1 -3.17065e-05 -9.44207e-06 -0.00146648 3.17064e-05 1 -5.12501e-06 0.00396443 9.44223e-06 5.12471e-06 1 0.000348187
1 -1.30172e-05 1.26311e-05 -0.00240496 1.30172e-05 1 1.41301e-06 0.00269398 -1.26311e-05 -1.41285e-06 1 -0.000242473
1 -2.13269e-05 6.42172e-06 -0.00308491 2.13269e-05 1 -1.63802e-06 0.000131922 -6.42169e-06 1.63816e-06 1 -0.00012178
1 4.15793e-05 7.05421e-06 -0.000104877 -4.15793e-05 1 4.91803e-06 -0.00438969 -7.05401e-06 -4.91833e-06 1 -0.000415701
1 -2.95276e-05 1.90426e-05 -0.00595062 2.95273e-05 1 1.61207e-05 -0.000684561 -1.90431e-05 -1.61201e-05 1 -0.000776125
1 -2.08483e-05 1.11742e-05 -0.00145016 2.08481e-05 1 1.52309e-05 0.00141995 -1.11745e-05 -1.52307e-05 1 -0.00133428
1 -1.0141e-05 1.78139e-05 -0.00245858 1.0141e-05 1 4.99343e-07 -0.00130789 -1.78139e-05 -4.99162e-07 1 -0.000747243
1 7.16495e-07 1.25956e-05 -0.00305993 -7.16498e-07 1 2.85876e-07 -0.000100882 -1.25956e-05 -2.85885e-07 1 0.00043158
1 -7.1198e-06 1.00593e-05 -0.0003982 7.11964e-06 1 1.61101e-05 0.00150253 -1.00594e-05 -1.61101e-05 1 -0.000715548
1 -4.10896e-05 3.41202e-06 -0.00315906 4.10896e-05 1 -1.12004e-07 0.00201572 -3.41202e-06 1.12144e-07 1 -0.000516392
1 -3.34426e-05 9.50482e-07 -0.00180878 3.34426e-05 1 -1.38314e-05 0.00272028 -9.50019e-07 1.38314e-05 1 0.000544565
1 -2.38315e-05 1.02359e-05 -0.00411608 2.38315e-05 1 -4.6502e-06 0.00218297 -1.02358e-05 4.65045e-06 1 -0.000265188
1 -3.1808e-05 1.65354e-05 -0.00349782 3.1808e-05 1 -3.36675e-07 0.000857859 -1.65353e-05 3.37201e-07 1 -0.000252206
1 2.09063e-06 3.34386e-06 0.00208288 -2.09063e-06 1 5.94647e-08 -2.00908e-05 -3.34386e-06 -5.94717e-08 1 -0.000457925
1 -8.52425e-06 6.46181e-06 -0.00265394 8.5242e-06 1 7.69489e-06 -0.00104358 -6.46187e-06 -7.69483e-06 1 -0.000137373
1 -4.32649e-06 1.20886e-05 -0.00377208 4.32653e-06 1 -3.70553e-06 0.00189666 -1.20886e-05 3.70558e-06 1 -0.000200399
1 -2.02122e-05 1.18639e-05 -0.00516405 2.02123e-05 1 -4.86375e-06 0.0021768 -1.18638e-05 4.86399e-06 1 4.59192e-05
1 1.11386e-05 1.16263e-05 0.00162768 -1.11389e-05 1 2.4455e-05 -0.00251022 -1.1626e-05 -2.44551e-05 1 -0.00201456
1 -1.95694e-06 1.10347e-05 -0.00219665 1.95689e-06 1 5.18037e-06 -0.000744521 -1.10347e-05 -5.18034e-06 1 -0.000178639
1 -4.42493e-06 -3.8337e-06 -0.00163196 4.42486e-06 1 -1.94788e-05 0.00243207 3.83379e-06 1.94788e-05 1 0.00150312
1 -2.0764e-05 -1.33162e-06 -0.00342222 2.0764e-05 1 -1.07442e-05 0.00191256 1.33184e-06 1.07441e-05 1 0.000928915
1 -2.32537e-05 9.36367e-06 -0.00547004 2.32537e-05 1 3.45279e-06 -0.00118068 -9.36375e-06 -3.45257e-06 1 0.000396748
1 -1.33663e-05 4.49094e-06 -0.00202183 1.33663e-05 1 -3.62731e-06 0.000291031 -4.4909e-06 3.62737e-06 1 -0.000482807
1 -1.17323e-05 9.64885e-06 -0.0016438 1.17323e-05 1 2.0373e-06 0.00152581 -9.64887e-06 -2.03719e-06 1 -0.00071254
1 -1.50011e-05 7.26062e-06 -0.00288981 1.50011e-05 1 -6.63903e-06 0.00150818 -7.26052e-06 6.63914e-06 1 0.000319249
1 1.29449e-05 -1.15183e-05 0.000709989 -1.2945e-05 1 -6.717e-06 -0.00215884 1.15182e-05 6.71715e-06 1 0.00107832
1 -2.88835e-05 1.32557e-05 -0.00326759 2.88835e-05 1 2.06355e-06 0.00236563 -1.32557e-05 -2.06317e-06 1 5.69717e-05
1 -9.95597e-06 -7.59638e-06 0.000817398 9.95598e-06 1 3.97453e-07 0.00265345 7.59638e-06 -3.97529e-07 1 0.000647453
1 -1.84315e-05 -1.20785e-05 0.000497629 1.84315e-05 1 1.15692e-06 0.00145386 1.20785e-05 -1.15714e-06 1 2.43297e-05
1 -4.47536e-06 1.3077e-05 -0.000297822 4.47529e-06 1 5.69198e-06 0.00018668 -1.30771e-05 -5.69192e-06 1 -0.0012002
1 -1.91465e-05 1.39557e-05 -0.00529203 1.91464e-05 1 8.61538e-06 -0.000201951 -1.39559e-05 -8.61511e-06 1 -0.000920348
1 -3.32176e-06 2.18715e-05 -0.00451179 3.32152e-06 1 1.07768e-05 -0.00188101 -2.18716e-05 -1.07767e-05 1 -0.000903147
1 -2.70622e-05 1.57197e-05 -0.00583198 2.7062e-05 1 1.50936e-05 -0.00259682 -1.57201e-05 -1.50932e-05 1 -2.55709e-05
1 -1.74873e-05 6.59337e-06 -3.82859e-05 1.74872e-05 1 2.21602e-05 -0.000619521 -6.59376e-06 -2.21601e-05 1 -0.000868891
1 -1.91937e-05 6.94446e-06 -0.000587417 1.91937e-05 1 1.30911e-06 0.00235238 -6.94449e-06 -1.30898e-06 1 -0.000737968
1 -4.13965e-05 1.56116e-05 -0.0044184 4.13966e-05 1 -1.55624e-06 0.00435363 -1.56115e-05 1.55688e-06 1 -0.0006973
1 3.49557e-05 1.04253e-05 0.00071973 -3.49559e-05 1 2.01637e-05 -0.00272769 -1.04246e-05 -2.01641e-05 1 -0.00138971
1 -1.20811e-05 2.86742e-05 -0.00102307 1.20806e-05 1 1.73587e-05 -0.000304396 -2.86744e-05 -1.73584e-05 1 -0.00190838
1 -5.89753e-05 2.7032e-05 -0.00782856 5.89753e-05 1 -1.53521e-06 0.00415781 -2.70319e-05 1.5368e-06 1 -0.000540675
1 -1.42354e-05 -8.66781e-06 -0.000636544 1.42354e-05 1 -4.18277e-06 0.0014488 8.66787e-06 4.18264e-06 1 1.52672e-05
1 -1.21192e-05 2.3047e-06 -0.000754269 1.21192e-05 1 7.08752e-06 0.00151219 -2.30478e-06 -7.08749e-06 1 -0.000665268
1 3.57939e-06 5.62219e-06 0.00173831 -3.57949e-06 1 1.66246e-05 -0.00104714 -5.62213e-06 -1.66246e-05 1 -0.000774632
1 -3.60634e-05 1.19075e-05 -0.00247677 3.60634e-05 1 3.714e-06 0.00182956 -1.19076e-05 -3.71357e-06 1 7.37636e-05
1 -4.86896e-05 1.14097e-05 -0.00536256 4.86897e-05 1 -9.4017e-06 0.0051353 -1.14093e-05 9.40226e-06 1 0.000173239
1 -1.24393e-05 1.51682e-05 -0.00335857 1.24392e-05 1 6.59046e-06 0.00136465 -1.51683e-05 -6.59027e-06 1 -0.000447791
1 9.87505e-06 4.94989e-06 0.00127219 -9.87512e-06 1 1.29577e-05 0.00102498 -4.94976e-06 -1.29577e-05 1 -0.00131771
1 -4.28194e-06 -5.79729e-07 -0.000949655 4.28195e-06 1 4.65122e-06 -0.00134467 5.79709e-07 -4.65122e-06 1 9.62725e-06
1 -2.48801e-05 1.36992e-05 -0.00323209 2.488e-05 1 8.11297e-06 -0.00114786 -1.36994e-05 -8.11262e-06 1 -4.33656e-06
1 -4.08239e-05 7.46843e-06 -0.00148811 4.08239e-05 1 9.60122e-07 0.00462604 -7.46847e-06 -9.59817e-07 1 -0.000715554
1 -3.43167e-05 1.03387e-05 -0.000734551 3.43165e-05 1 1.52452e-05 0.00238488 -1.03392e-05 -1.52448e-05 1 -0.00130132
1 -2.07509e-06 1.07967e-05 -0.000999744 2.0749e-06 1 1.84428e-05 -0.00262331 -1.07967e-05 -1.84428e-05 1 -0.000684441
1 -2.09908e-05 9.28151e-06 -0.0029999 2.09907e-05 1 6.37303e-06 -0.000107001 -9.28164e-06 -6.37283e-06 1 -0.000126023
1 -5.45272e-06 -6.5288e-06 -0.00283427 5.45273e-06 1 5.43798e-07 -0.00163421 6.5288e-06 -5.43834e-07 1 0.000965394
1 1.58946e-05 -1.33482e-05 0.00277576 -1.58946e-05 1 2.11815e-06 -0.000899363 1.33482e-05 -2.11794e-06 1 6.241e-05
1 -1.91708e-06 -1.00205e-05 -0.00214221 1.91695e-06 1 -1.33782e-05 0.000930358 1.00205e-05 1.33782e-05 1 0.000718076
1 -2.02431e-05 1.48224e-05 -0.00620731 2.02429e-05 1 1.14155e-05 -0.00149618 -1.48226e-05 -1.14152e-05 1 0.000423353
1 1.29173e-05 -1.08477e-05 0.00159348 -1.29174e-05 1 -6.05588e-06 -0.00112955 1.08476e-05 6.05602e-06 1 0.000668982
1 2.27322e-05 -3.58551e-05 0.00985418 -2.27333e-05 1 -3.10144e-05 0.00330773 3.58544e-05 3.10152e-05 1 0.00147597
1 5.5349e-05 -4.04876e-05 0.0224249 -5.53506e-05 1 -3.7808e-05 0.00556444 4.04855e-05 3.78103e-05 1 0.000695399
1 8.4185e-05 -7.66352e-05 0.0244475 -8.41896e-05 1 -6.06606e-05 0.00532364 7.66301e-05 6.06671e-05 1 0.00233269
1 3.84825e-05 -7.46963e-05 0.014184 -3.84875e-05 1 -6.68054e-05 0.00499459 7.46937e-05 6.68082e-05 1 0.00472616
1 -6.77617e-05 -1.78832e-05 -0.00315348 6.77612e-05 1 -2.36946e-05 0.00536551 1.78848e-05 2.36934e-05 1 0.0030041
1 -0.000113581 2.17144e-05 -0.0161751 0.000113581 1 -4.88535e-06 0.00505125 -2.17138e-05 4.88781e-06 1 0.000566506
1 -0.000148141 4.27047e-05 -0.0257875 0.000148142 1 -1.80409e-05 0.00447914 -4.2702e-05 1.80472e-05 1 0.000301458
1 -0.000184085 7.92076e-05 -0.0372562 0.000184084 1 9.66514e-06 0.00141555 -7.92094e-05 -9.65056e-06 1 0.000218317
1 -0.000288891 8.47378e-05 -0.048529 0.00028889 1 1.1078e-05 0.00886182 -8.4741e-05 -1.10535e-05 1 0.00137122
1 -0.000371691 5.60703e-05 -0.0600603 0.000371693 1 -3.55581e-05 0.0143988 -5.60571e-05 3.55789e-05 1 0.00645026
1 -0.000495806 0.000112219 -0.0788411 0.00049581 1 -3.58656e-05 0.0176606 -0.000112201 3.59213e-05 1 0.00687059
1 -0.000556975 0.000152872 -0.094921 0.000556977 1 -1.46745e-05 0.0146426 -0.000152864 1.47597e-05 1 0.00594953
1 -0.000764209 0.000184807 -0.130489 0.000764209 1 -5.51735e-07 0.0228555 -0.000184806 6.92966e-07 1 0.0078203
0.999999 -0.000996968 0.000370777 -0.180168 0.000996951 1 4.74367e-05 0.028391 -0.000370824 -4.70671e-05 1 0.00862014
0.999999 -0.00132056 0.00055388 -0.259403 0.00132048 0.999999 0.000156566 0.0323921 -0.000554086 -0.000155834 1 0.0046898
0.999998 -0.00164732 0.000637652 -0.330367 0.00164721 0.999999 0.000183072 0.0285479 -0.000637953 -0.000182021 1 0.00408851
0.999998 -0.00182071 0.000708323 -0.38476 0.00182058 0.999998 0.000187137 0.0291934 -0.000708663 -0.000185847 1 0.00549817
0.999997 -0.0021869 0.000804758 -0.439107 0.00218673 0.999998 0.000215023 0.0471226 -0.000805226 -0.000213262 1 0.0063833
0.999996 -0.00277011 0.000868188 -0.505788 0.00276989 0.999996 0.000254286 0.0587434 -0.000868889 -0.00025188 1 0.00986865
0.999993 -0.00361409 0.000961483 -0.579379 0.00361384 0.999993 0.000261374 0.0704391 -0.000962421 -0.000257898 1 0.00998292
0.999981 -0.00604368 0.00100295 -0.707364 0.00604366 0.999982 1.3733e-05 0.0233338 -0.00100301 -7.67123e-06 0.999999 0.0196197
0.99997 -0.00758536 0.00126508 -0.834621 0.00758527 0.999971 6.90506e-05 0.00736165 -0.00126557 -5.94526e-05 0.999999 0.022044
0.999964 -0.00840078 0.00147948 -0.94912 0.00840048 0.999965 0.000209108 0.0142881 -0.00148119 -0.000196672 0.999999 0.0229645
0.999949 -0.00994908 0.00147975 -1.09329 0.0099489 0.999951 0.000125729 -0.0138347 -0.00148093 -0.000111001 0.999999 0.0277553
0.999923 -0.0123364 0.00165292 -1.26165 0.0123363 0.999924 2.71254e-05 -0.0440876 -0.00165313 -6.73237e-06 0.999999 0.0294195
0.999896 -0.0142393 0.00211093 -1.42875 0.014239 0.999899 0.00019936 -0.0621651 -0.00211355 -0.000169282 0.999998 0.0291308
0.999867 -0.0161073 0.00238013 -1.55823 0.0161061 0.99987 0.000539803 -0.080894 -0.00238852 -0.000501397 0.999997 0.0306898
0.999756 -0.0219495 0.00260876 -1.69523 0.0219472 0.999759 0.000917237 -0.065343 -0.00262826 -0.000859758 0.999996 0.0324704
0.999657 -0.0260318 0.00281629 -1.88215 0.0260297 0.999661 0.000778238 -0.0641974 -0.0028356 -0.000704664 0.999996 0.0433263
0.999513 -0.0310259 0.00339115 -2.06339 0.0310231 0.999518 0.000858376 -0.0480072 -0.00341614 -0.000752754 0.999994 0.037227
0.999389 -0.0347688 0.00358951 -2.24369 0.0347661 0.999395 0.000807301 -0.0763888 -0.00361541 -0.000682014 0.999993 0.0479929
0.999288 -0.037532 0.00392352 -2.49257 0.0375282 0.999295 0.00103009 -0.113243 -0.00395942 -0.000882115 0.999992 0.0482524
0.999064 -0.0430177 0.00450851 -2.6918 0.0430115 0.999074 0.00146079 -0.110449 -0.00456718 -0.00126551 0.999989 0.0498366
0.998835 -0.0479932 0.00502532 -2.91852 0.0479854 0.998847 0.00166132 -0.135076 -0.00509926 -0.00141824 0.999986 0.0614843
0.99851 -0.0543032 0.00543844 -3.14436 0.0542952 0.998524 0.00160047 -0.152544 -0.00551732 -0.0013028 0.999984 0.069652
0.998226 -0.0592132 0.00621509 -3.39859 0.0592043 0.998245 0.00160576 -0.1878 -0.00629927 -0.00123495 0.999979 0.0722007
0.997836 -0.0653333 0.00737884 -3.65794 0.06532 0.997862 0.00203309 -0.212127 -0.0074959 -0.0015467 0.999971 0.0695183
0.997327 -0.0725974 0.00825697 -3.89175 0.0725769 0.997359 0.00276283 -0.21079 -0.00843574 -0.00215618 0.999962 0.0847319
0.996866 -0.0786221 0.00870564 -4.15594 0.0785969 0.996901 0.00320119 -0.26551 -0.00893034 -0.00250692 0.999957 0.101513
0.996219 -0.0863969 0.00914141 -4.45758 0.0863682 0.996257 0.00349336 -0.297577 -0.00940901 -0.00269062 0.999952 0.112431
0.995462 -0.0946707 0.00964985 -4.73785 0.094639 0.995505 0.00368371 -0.331981 -0.00995521 -0.00275374 0.999947 0.114614
0.994593 -0.10335 0.0102017 -5.02378 0.103318 0.994642 0.0036675 -0.367279 -0.0105261 -0.00259365 0.999941 0.117998
0.993602 -0.112437 0.0105989 -5.31616 0.112402 0.993656 0.00380719 -0.415258 -0.0109597 -0.00259149 0.999937 0.122183
0.99245 -0.122217 0.0103145 -5.61855 0.122184 0.9925 0.00377991 -0.465549 -0.0106991 -0.00249111 0.99994 0.140445
0.991119 -0.132571 0.0104186 -5.94474 0.132532 0.991169 0.00436878 -0.526865 -0.0109058 -0.00294918 0.999936 0.154374
0.989669 -0.142979 0.0105909 -6.26747 0.142938 0.989721 0.00457155 -0.587702 -0.0111357 -0.00301047 0.999933 0.165278
0.987994 -0.15409 0.0111403 -6.59288 0.154045 0.988052 0.00479467 -0.653051 -0.0117461 -0.00302099 0.999926 0.174361
0.986079 -0.165936 0.0106884 -6.91511 0.165898 0.986133 0.00433026 -0.724944 -0.0112587 -0.0024968 0.999934 0.193942
0.984091 -0.177357 0.0105009 -7.26236 0.177329 0.984145 0.00351594 -0.80449 -0.010958 -0.00159788 0.999939 0.203899
0.981957 -0.188816 0.0104446 -7.59782 0.188798 0.982012 0.00267812 -0.87756 -0.0107624 -0.000657877 0.999942 0.215727
0.979653 -0.200398 0.0109427 -7.94741 0.20039 0.979714 0.00190731 -0.968782 -0.0111029 0.000324289 0.999938 0.215577
0.977115 -0.212419 0.011143 -8.29122 0.212407 0.977179 0.00233878 -1.06875 -0.0113855 8.15994e-05 0.999935 0.225606
0.974412 -0.224484 0.0112927 -8.65737 0.224462 0.974478 0.00319341 -1.16823 -0.0117213 -0.00057692 0.999931 0.245422
0.971682 -0.236053 0.0106175 -9.0462 0.236032 0.97174 0.00318321 -1.28204 -0.0110689 -0.000586988 0.999939 0.25106
0.968782 -0.24772 0.00979458 -9.39871 0.24771 0.968832 0.00216526 -1.39152 -0.0100257 0.000328551 0.99995 0.258166
0.965936 -0.258611 0.00934124 -9.77367 0.258626 0.965977 -0.000487158 -1.51486 -0.00889744 0.00288645 0.999956 0.296906
0.962962 -0.269458 0.0097771 -10.1426 0.26949 0.963001 -0.00200737 -1.61633 -0.00887446 0.00456785 0.99995 0.304775
0.959925 -0.280065 0.0103511 -10.4977 0.280099 0.959969 -0.0019579 -1.74634 -0.00938844 0.00477878 0.999945 0.311957
0.95699 -0.289929 0.010588 -10.8889 0.28996 0.957038 -0.00151218 -1.88954 -0.00969471 0.00451724 0.999943 0.317723
0.954418 -0.298327 0.00928252 -11.2952 0.298356 0.954453 -0.00186791 -2.02885 -0.00830248 0.00455227 0.999955 0.331992
0.951853 -0.306432 0.00870094 -11.6925 0.30646 0.951881 -0.00201448 -2.15302 -0.00766496 0.00458397 0.99996 0.339638
0.949802 -0.312753 0.00780963 -12.0944 0.312779 0.949823 -0.00222154 -2.27793 -0.00672298 0.00455271 0.999967 0.349536
0.948026 -0.318117 0.0068916 -12.5079 0.31814 0.948041 -0.00243843 -2.42768 -0.00575781 0.00450419 0.999973 0.361203
0.946465 -0.322738 0.00662594 -12.9203 0.322761 0.946476 -0.00276942 -2.57786 -0.0053775 0.00475975 0.999974 0.378859
0.94533 -0.326048 0.00668943 -13.3407 0.326072 0.94534 -0.00294339 -2.72178 -0.0053641 0.00496371 0.999973 0.386537
0.944363 -0.32885 0.00605375 -13.7569 0.328871 0.94437 -0.00293014 -2.86969 -0.0047534 0.00475802 0.999977 0.391601
0.943723 -0.330693 0.00533295 -14.1913 0.330709 0.94373 -0.00236254 -3.00675 -0.00425159 0.00399324 0.999983 0.4035
0.943517 -0.331292 0.00465281 -14.6469 0.331302 0.943524 -0.00155017 -3.15537 -0.00387647 0.0030041 0.999988 0.419605
0.943448 -0.331517 0.00134543 -15.0898 0.331512 0.943447 0.00266833 -3.3198 -0.00215394 -0.0020714 0.999996 0.446725
0.943445 -0.331528 -4.5047e-05 -15.5369 0.331526 0.943438 0.00387177 -3.48218 -0.0012411 -0.00366774 0.999993 0.478818
0.943403 -0.331646 0.000776853 -15.9804 0.331641 0.943398 0.00386022 -3.64802 -0.00201311 -0.00338411 0.999992 0.491945
0.943555 -0.331207 0.00252184 -16.4464 0.331202 0.943557 0.00216786 -3.79806 -0.00309751 -0.00121025 0.999994 0.490113
0.943804 -0.330478 0.00419278 -16.9192 0.330472 0.943813 0.00218583 -3.96346 -0.00467957 -0.0006774 0.999989 0.495952
0.943836 -0.33037 0.00539654 -17.3957 0.330351 0.943849 0.00416657 -4.13159 -0.00647002 -0.00214981 0.999977 0.517937
0.943781 -0.330522 0.00579265 -17.8685 0.33049 0.943792 0.00577903 -4.28806 -0.00737715 -0.00353972 0.999967 0.539183
0.943924 -0.330112 0.00587202 -18.3539 0.330073 0.943931 0.0067364 -4.44535 -0.00776655 -0.00442045 0.99996 0.542433
0.944221 -0.329286 0.00424953 -18.8518 0.329264 0.944224 0.0051771 -4.62062 -0.00571726 -0.0034891 0.999978 0.565301
0.944485 -0.328536 0.00350828 -19.3594 0.328524 0.944489 0.00360133 -4.80839 -0.00449669 -0.00224885 0.999987 0.582434
0.944513 -0.328447 0.00414837 -19.8409 0.328438 0.944521 0.00288492 -4.98287 -0.00486577 -0.00136237 0.999987 0.608238
0.94461 -0.328142 0.00590272 -20.3493 0.328126 0.944628 0.00342534 -5.15268 -0.00669987 -0.00129878 0.999977 0.613769
0.944774 -0.327654 0.00674083 -20.8702 0.327629 0.944796 0.00452643 -5.33814 -0.00785181 -0.00206796 0.999967 0.622169
0.944656 -0.327972 0.00766697 -21.3856 0.327936 0.944684 0.00556797 -5.50561 -0.00906899 -0.00274554 0.999955 0.645997
0.944249 -0.329132 0.00814346 -21.9093 0.329089 0.944279 0.00613426 -5.67164 -0.00970867 -0.00311234 0.999948 0.663635
0.943741 -0.330584 0.00822759 -22.4245 0.330547 0.943773 0.00551101 -5.86808 -0.00958683 -0.00248136 0.999951 0.67973
0.943033 -0.332607 0.00785209 -22.9557 0.332581 0.943064 0.00436421 -6.06773 -0.00885659 -0.00150413 0.99996 0.693921
0.942159 -0.335096 0.00680075 -23.4856 0.335083 0.942184 0.00300659 -6.25556 -0.00741505 -0.000553874 0.999972 0.699305
0.941332 -0.337429 0.00593279 -24.0368 0.337421 0.941351 0.00236659 -6.44988 -0.0063834 -0.000225901 0.99998 0.721482
0.940558 -0.339587 0.00566413 -24.5616 0.339583 0.940575 0.00168613 -6.64495 -0.00590013 0.000337537 0.999983 0.743879
0.939735 -0.341874 0.0045195 -25.1004 0.341873 0.939746 0.0011995 -6.83698 -0.00465726 0.000417878 0.999989 0.758252
0.938832 -0.34436 0.00313915 -25.6604 0.34436 0.938837 0.000650019 -7.05145 -0.00317099 0.000470737 0.999995 0.77105
0.937857 -0.347022 -8.69026e-05 -26.2162 0.34702 0.93785 0.00384814 -7.25282 -0.00125389 -0.00363916 0.999993 0.761178
0.936542 -0.350525 -0.00460094 -26.7655 0.350548 0.936527 0.00572469 -7.4497 0.00230226 -0.00697426 0.999973 0.838788
0.935322 -0.353768 -0.00457833 -27.3301 0.353759 0.935333 -0.00267558 -7.68049 0.0052288 0.000882903 0.999986 0.897598
0.933872 -0.357606 -0.000745985 -27.8795 0.357592 0.933851 -0.00710027 -7.91014 0.00323574 0.00636399 0.999975 0.825242
0.932171 -0.362007 0.00285555 -28.4634 0.362018 0.932156 -0.00537263 -8.13405 -0.000716889 0.00604197 0.999981 0.805398
0.930039 -0.367429 0.00490967 -29.0505 0.367415 0.930051 0.00344762 -8.3668 -0.005833 -0.00140253 0.999982 0.810287
0.928046 -0.372452 0.00309939 -29.6193 0.372423 0.928034 0.00733212 -8.58785 -0.00560721 -0.00565026 0.999968 0.914239
0.926514 -0.376237 0.0040636 -30.1919 0.376227 0.926522 0.00307862 -8.83595 -0.00492331 -0.00132354 0.999987 0.945925
0.924373 -0.381463 0.00451069 -30.8057 0.381479 0.924371 -0.00338435 -9.10749 -0.00287855 0.00484914 0.999984 0.922621
0.921438 -0.388512 0.00318298 -31.3977 0.388524 0.921425 -0.00505117 -9.36688 -0.000970433 0.005891 0.999982 0.896109
0.918326 -0.395819 0.00231339 -31.9864 0.395824 0.918323 -0.00259391 -9.61834 -0.00109772 0.00329775 0.999994 0.931995
0.915092 -0.403236 0.00280371 -32.5887 0.403238 0.915095 -0.000286343 -9.88815 -0.0024502 0.0013926 0.999996 0.982154
0.911406 -0.411485 0.0044053 -33.1847 0.411488 0.911415 5.93229e-05 -10.1695 -0.00403947 0.00175866 0.99999 1.01782
0.90745 -0.420114 0.00625223 -33.7838 0.420131 0.907461 -0.00184217 -10.4632 -0.00489974 0.00429844 0.999979 1.02274
0.903438 -0.428647 0.00787315 -34.3936 0.428683 0.903448 -0.00353536 -10.7609 -0.00559756 0.00656907 0.999963 1.01974
0.899049 -0.437755 0.00899558 -35.0075 0.437802 0.899062 -0.00404594 -11.0709 -0.00631645 0.00757579 0.999951 1.02723
0.894077 -0.447831 0.00859322 -35.6129 0.447867 0.894096 -0.00280477 -11.3952 -0.0064271 0.0063563 0.999959 1.05389
0.888414 -0.458972 0.00807234 -36.2289 0.458997 0.888437 -0.00147313 -11.7232 -0.00649563 0.00501393 0.999966 1.08897
0.882613 -0.470046 0.00711888 -36.8313 0.470067 0.882629 -0.00155307 -12.0613 -0.00555332 0.00471711 0.999973 1.12023
0.876959 -0.480532 0.00563736 -37.4532 0.480553 0.87696 -0.00314548 -12.4157 -0.00343224 0.00546751 0.999979 1.13623
0.871143 -0.491011 0.00427058 -38.0721 0.491028 0.871128 -0.00527326 -12.7774 -0.001131 0.00669074 0.999977 1.14985
0.86525 -0.501329 0.00334295 -38.6859 0.50134 0.865237 -0.00484645 -13.1467 -0.000462775 0.00586935 0.999983 1.1392
0.858959 -0.512041 0.00180689 -39.3097 0.512044 0.858947 -0.00449026 -13.5124 0.000747179 0.00478216 0.999988 1.16283
0.852596 -0.522568 0.0012146 -39.9199 0.522568 0.852584 -0.00484263 -13.9099 0.00149505 0.00476352 0.999988 1.19498
0.84614 -0.532957 0.00208725 -40.5338 0.53296 0.846124 -0.00527297 -14.3208 0.0010442 0.00557409 0.999984 1.20022
0.839497 -0.543358 0.00243026 -41.1689 0.543364 0.839486 -0.00435632 -14.7326 0.000326868 0.00497763 0.999988 1.19434
0.832508 -0.554013 0.000517629 -41.794 0.554012 0.832503 -0.00319822 -15.141 0.00134093 0.00294931 0.999995 1.22668
0.825725 -0.564073 -0.000332842 -42.3943 0.564071 0.825724 -0.00204074 -15.5718 0.00142596 0.00149734 0.999998 1.25843
0.818854 -0.574001 0.000781099 -43.0039 0.574002 0.818852 -0.00193548 -16.023 0.000471366 0.00203323 0.999998 1.27673
0.811885 -0.583816 0.00129291 -43.6252 0.583817 0.811881 -0.00244712 -16.4804 0.000378976 0.00274161 0.999996 1.27453
0.805173 -0.59304 0.000451089 -44.2395 0.593038 0.805169 -0.00308138 -16.9358 0.00146418 0.00274856 0.999995 1.27889
0.799218 -0.60104 -0.00128076 -44.8563 0.601034 0.799216 -0.00341563 -17.4147 0.00307654 0.00196005 0.999993 1.30941
0.794412 -0.60738 0.000253006 -45.4621 0.607378 0.794408 -0.00298954 -17.8951 0.00161479 0.00252859 0.999995 1.33444
0.790526 -0.612414 0.00418052 -46.0859 0.612422 0.790531 -0.000821946 -18.3849 -0.00280146 0.00321001 0.999991 1.34572
0.787035 -0.61686 0.00773957 -46.7078 0.616871 0.787063 0.0012394 -18.8683 -0.00685607 0.00379886 0.999969 1.36062
0.783424 -0.621404 0.0102347 -47.3214 0.621402 0.783483 0.00376473 -19.3648 -0.0103581 0.00341049 0.999941 1.39389
0.77977 -0.625988 0.00989974 -47.9267 0.625978 0.779828 0.00444862 -19.8553 -0.0105049 0.00272812 0.999941 1.42203
0.776175 -0.630476 0.00728565 -48.5453 0.630468 0.776207 0.00354669 -20.359 -0.00789127 0.00184052 0.999967 1.44329
0.772644 -0.63481 0.0061661 -49.1639 0.63482 0.77266 0.000391367 -20.8759 -0.00501274 0.00361197 0.999981 1.46674
0.769408 -0.638733 0.00556278 -49.7781 0.638753 0.769405 -0.0031177 -21.3942 -0.00228865 0.00595203 0.99998 1.49137
0.766459 -0.642263 0.00626015 -50.3866 0.642288 0.766457 -0.00330425 -21.9083 -0.00267594 0.00655339 0.999975 1.50382
0.763787 -0.645419 0.00802703 -51.0045 0.645453 0.763796 -0.00247436 -22.4284 -0.00453402 0.00707095 0.999965 1.53186
0.761253 -0.648387 0.00937884 -51.6132 0.648429 0.761272 -0.00217212 -22.9508 -0.00573147 0.00773505 0.999954 1.56359
0.758936 -0.651087 0.0100899 -52.227 0.65114 0.758952 -0.00297133 -23.4818 -0.00572313 0.00882497 0.999945 1.58319
0.756931 -0.653417 0.0101191 -52.8396 0.653481 0.756926 -0.00507249 -24.0257 -0.00434494 0.0104521 0.999936 1.60647
0.755099 -0.655551 0.00887379 -53.4568 0.655608 0.755067 -0.00721357 -24.5701 -0.00197145 0.0112647 0.999935 1.62448
0.753951 -0.656886 0.00766409 -54.0824 0.656931 0.753893 -0.00932517 -25.1062 0.000347667 0.0120655 0.999927 1.64689
0.753656 -0.657236 0.00656263 -54.6958 0.657265 0.753579 -0.0110138 -25.6519 0.00229321 0.012614 0.999918 1.66353
0.753591 -0.657318 0.00584499 -55.3162 0.657338 0.753517 -0.0109312 -26.1838 0.00278096 0.0120798 0.999923 1.6809
0.754196 -0.656611 0.00709847 -55.9477 0.656649 0.754132 -0.00989096 -26.7242 0.00114134 0.0121209 0.999926 1.70624
0.754984 -0.655698 0.00771275 -56.57 0.655743 0.754934 -0.00872078 -27.2718 -0.000104415 0.0116416 0.999932 1.72143
0.755586 -0.655005 0.00764037 -57.1995 0.65505 0.755535 -0.0087684 -27.8113 -2.92153e-05 0.0116301 0.999932 1.74062
0.756016 -0.654528 0.0057136 -57.8221 0.654548 0.75595 -0.0102776 -28.3506 0.00240774 0.0115098 0.999931 1.76201
0.75722 -0.65315 0.00371209 -58.4457 0.653134 0.757127 -0.0132233 -28.905 0.00582629 0.0124375 0.999906 1.7821
0.757738 -0.652554 0.0024977 -59.0631 0.652506 0.757623 -0.0155765 -29.4292 0.00827221 0.0134327 0.999876 1.79644
0.758862 -0.65125 0.000975321 -59.6811 0.651185 0.758764 -0.0153219 -29.9592 0.00923832 0.0122623 0.999882 1.80655
0.760008 -0.649913 -0.000392913 -60.3074 0.649831 0.759921 -0.0154858 -30.4769 0.010363 0.011514 0.99988 1.8364
0.76126 -0.648447 0.000573736 -60.9253 0.648385 0.761175 -0.014468 -31.0022 0.008945 0.0113859 0.999895 1.84479
0.7627 -0.646749 0.00228898 -61.5588 0.646714 0.762611 -0.0135999 -31.529 0.00705013 0.011853 0.999905 1.86614
0.764227 -0.644936 0.00389125 -62.1658 0.644927 0.764141 -0.0125579 -32.0388 0.00512558 0.0121067 0.999914 1.87358
0.766479 -0.642259 0.00356733 -62.7736 0.642246 0.766394 -0.0126716 -32.5449 0.00540447 0.0120036 0.999913 1.90086
0.768714 -0.639588 0.00249043 -63.3956 0.639564 0.768635 -0.0125606 -33.0541 0.0061194 0.0112483 0.999918 1.91744
0.771458 -0.636271 0.0032928 -64.0307 0.63626 0.771382 -0.0119587 -33.5796 0.00506899 0.0113207 0.999923 1.92498
0.774361 -0.632734 0.00372834 -64.6566 0.632731 0.774292 -0.0111312 -34.0822 0.00415623 0.0109786 0.999931 1.94726
0.776898 -0.629613 0.00408584 -65.279 0.629616 0.776831 -0.0108626 -34.592 0.00366524 0.0110116 0.999933 1.96607
0.779917 -0.625868 0.00441829 -65.9201 0.62587 0.779835 -0.011975 -35.0914 0.00404923 0.0121048 0.999919 1.97536
0.783038 -0.621959 0.00438593 -66.5557 0.621955 0.78294 -0.0132779 -35.584 0.00482436 0.0131249 0.999902 1.98492
0.786668 -0.617349 0.00577969 -67.1847 0.61736 0.786546 -0.0145716 -36.0837 0.00444974 0.0150311 0.999877 1.99478
0.790172 -0.612859 0.00562505 -67.8497 0.61287 0.790055 -0.0142611 -36.588 0.00429594 0.0147162 0.999882 2.0204
0.793507 -0.608544 0.00455471 -68.4913 0.608538 0.79339 -0.0146349 -37.0689 0.00529234 0.0143846 0.999883 2.04465
0.796961 -0.604014 0.00444027 -69.1401 0.604008 0.796847 -0.0144801 -37.546 0.00520795 0.014222 0.999885 2.05429
0.800537 -0.599272 0.00363586 -69.7858 0.599246 0.800404 -0.0160847 -38.0312 0.00672896 0.0150552 0.999864 2.07405
0.804503 -0.593939 0.00328892 -70.4316 0.593902 0.80436 -0.0169214 -38.5151 0.00740479 0.0155666 0.999851 2.09298
0.807772 -0.589483 0.00377141 -71.0945 0.589458 0.807633 -0.0163789 -38.9854 0.0066092 0.0154535 0.999859 2.10706
0.81115 -0.584823 0.00433395 -71.7603 0.584804 0.810998 -0.0169104 -39.4307 0.00637477 0.0162514 0.999848 2.12742
0.814935 -0.579541 0.00375129 -72.4202 0.579515 0.814791 -0.0166837 -39.9038 0.00661239 0.0157701 0.999854 2.13919
0.819116 -0.573615 0.00376916 -73.0965 0.573596 0.818985 -0.0158599 -40.3755 0.00601061 0.0151531 0.999867 2.15207
0.823313 -0.567574 0.00384343 -73.7713 0.567557 0.823182 -0.0158322 -40.8371 0.00582213 0.0152163 0.999867 2.16974
0.827137 -0.561975 0.00532552 -74.4445 0.561986 0.827011 -0.0149527 -41.2858 0.00399881 0.0153608 0.999874 2.18622
0.831498 -0.555484 0.00702346 -75.1121 0.555526 0.831391 -0.0134238 -41.7234 0.00161747 0.0150636 0.999885 2.19702
0.836064 -0.548582 0.00737263 -75.7964 0.548631 0.835986 -0.0114594 -42.1671 0.000123009 0.0136257 0.999907 2.22026
0.840495 -0.541779 0.00663597 -76.5131 0.541819 0.840434 -0.0101154 -42.6021 -9.68128e-05 0.0120974 0.999927 2.24127
0.844819 -0.535033 0.00445816 -77.2011 0.535051 0.844771 -0.00908761 -43.0246 0.00109605 0.0100627 0.999949 2.25857
0.849152 -0.528132 0.00418929 -77.8858 0.528147 0.849104 -0.00914984 -43.4523 0.00127518 0.00998217 0.999949 2.28889
0.853576 -0.520956 0.00366125 -78.5895 0.520964 0.85352 -0.0100347 -43.8631 0.00210266 0.0104727 0.999943 2.3055
0.8584 -0.512968 0.0035534 -79.2973 0.512976 0.858344 -0.0100915 -44.2756 0.00212656 0.0104853 0.999943 2.31023
0.863492 -0.504352 0.00307564 -80.0133 0.504357 0.863439 -0.00985432 -44.6821 0.00231442 0.0100604 0.999947 2.33351
0.868167 -0.496258 0.00375984 -80.7308 0.496271 0.86812 -0.00912658 -45.0826 0.00126514 0.00978929 0.999951 2.34578
0.872889 -0.487887 0.00551517 -81.4466 0.487917 0.872858 -0.00746034 -45.4706 -0.00117416 0.009203 0.999957 2.36433
0.877423 -0.479645 0.00833229 -82.178 0.479683 0.877436 -0.00325397 -45.8536 -0.0057503 0.00685197 0.99996 2.39104
0.881923 -0.471259 0.0112318 -82.9119 0.471296 0.881975 -0.000713477 -46.2285 -0.00956992 0.00592272 0.999937 2.42433
0.886383 -0.46279 0.0122794 -83.6395 0.462833 0.886445 -0.00073874 -46.6068 -0.0105431 0.00633812 0.999924 2.44763
0.890792 -0.454273 0.0112504 -84.3836 0.454314 0.890841 -0.00127345 -46.9736 -0.00944383 0.0062456 0.999936 2.46762
0.895231 -0.445489 0.0100141 -85.1284 0.445526 0.895267 -0.00168252 -47.3277 -0.0082158 0.00596781 0.999948 2.4971
0.899649 -0.436493 0.010285 -85.8737 0.436526 0.899691 -0.00120494 -47.6846 -0.0087274 0.00557371 0.999946 2.52995
0.903663 -0.428058 0.0126635 -86.6189 0.428099 0.903732 -0.000601422 -48.0204 -0.011187 0.00596471 0.99992 2.56924
0.907481 -0.419779 0.0162113 -87.3693 0.419845 0.907596 -0.000725731 -48.3548 -0.0144086 0.00746481 0.999868 2.61932
0.911387 -0.411154 0.0180413 -88.1375 0.411223 0.911535 -0.000168681 -48.6903 -0.0163759 0.00757275 0.999837 2.64294
0.915245 -0.402529 0.017252 -88.8977 0.402589 0.915381 -1.77681e-05 -49.0154 -0.015785 0.00696173 0.999851 2.67038
0.919251 -0.393351 0.0158869 -89.6565 0.393412 0.919362 -0.000811872 -49.3423 -0.0142864 0.00699641 0.999873 2.70858
0.923056 -0.384322 0.0162579 -90.4358 0.384403 0.923163 -0.00201254 -49.655 -0.0142352 0.00810724 0.999866 2.74988
0.926763 -0.375205 0.0182281 -91.2107 0.375298 0.926902 -0.00185907 -49.9657 -0.0161981 0.00856388 0.999832 2.77934
0.930237 -0.366424 0.019806 -91.9802 0.36651 0.930414 -0.000782439 -50.2561 -0.018141 0.00798694 0.999804 2.80183
0.933844 -0.357151 0.0194605 -92.7773 0.357239 0.934012 -0.00113383 -50.5382 -0.0177714 0.00801089 0.99981 2.84076
0.937412 -0.347752 0.0180917 -93.564 0.347836 0.937554 -0.0016317 -50.8336 -0.0163945 0.00782251 0.999835 2.87201
0.940598 -0.339038 0.0181525 -94.3407 0.339131 0.940736 -0.00224755 -51.101 -0.0163147 0.00827013 0.999833 2.91763
0.94375 -0.330139 0.0185492 -95.1303 0.330238 0.943895 -0.00245189 -51.3688 -0.016699 0.00843961 0.999825 2.95806
0.946628 -0.321812 0.0182365 -95.929 0.321912 0.946765 -0.0027863 -51.6221 -0.016369 0.00850814 0.99983 2.97681
0.949329 -0.313822 0.0170463 -96.7403 0.313926 0.94944 -0.00374209 -51.8802 -0.0150101 0.00890374 0.999848 3.00075
0.951892 -0.305989 0.0165044 -97.5411 0.306098 0.95199 -0.00442983 -52.1372 -0.0143565 0.00926867 0.999854 3.03987
0.954147 -0.298805 0.0178428 -98.3392 0.298921 0.954268 -0.00421319 -52.3728 -0.0157679 0.00935359 0.999832 3.07233
0.956269 -0.291824 0.0196968 -99.1313 0.291939 0.956432 -0.00314877 -52.6075 -0.0179197 0.00876132 0.999801 3.11789
0.958442 -0.284529 0.0207843 -99.9458 0.284642 0.95863 -0.00261435 -52.8561 -0.0191806 0.00842178 0.999781 3.15741
0.960476 -0.277777 0.0180359 -100.779 0.277873 0.960613 -0.00305409 -53.0848 -0.0164771 0.00794507 0.999833 3.17278
0.962235 -0.271876 0.0136736 -101.59 0.271936 0.962312 -0.00266833 -53.2928 -0.0124328 0.0062859 0.999903 3.19996
0.964119 -0.265288 0.00987421 -102.409 0.265314 0.964161 -0.00136493 -53.5051 -0.00915823 0.00393572 0.99995 3.24515
0.966067 -0.25814 0.00886675 -103.235 0.258157 0.966103 -0.00072828 -53.7268 -0.0083782 0.00299258 0.99996 3.29947
0.967807 -0.2515 0.00983639 -104.05 0.251528 0.967848 -0.0017245 -53.9302 -0.00908642 0.00414312 0.99995 3.33049
0.969604 -0.244301 0.0135893 -104.877 0.244334 0.969691 -0.000798221 -54.1277 -0.0129824 0.00409428 0.999907 3.32677
0.971222 -0.237653 0.0157624 -105.705 0.237654 0.971348 0.00185974 -54.3299 -0.0157528 0.00193979 0.999874 3.33999
0.972943 -0.230655 0.0134094 -106.536 0.230634 0.973036 0.00308489 -54.5133 -0.0137594 9.1251e-05 0.999905 3.39874
0.974565 -0.22407 0.00406626 -107.385 0.22407 0.974573 0.000337776 -54.7036 -0.00403855 0.000581944 0.999992 3.47606
0.976219 -0.216764 -0.00325981 -108.212 0.216747 0.976216 -0.00490032 -54.886 0.00424449 0.00407723 0.999983 3.44124
0.977734 -0.209834 -0.0025069 -109.058 0.209817 0.977725 -0.00560227 -55.0592 0.0036266 0.00495154 0.999981 3.44496
0.97938 -0.201931 0.00629038 -109.892 0.201948 0.979394 -0.00216939 -55.2167 -0.0057227 0.00339498 0.999978 3.49886
0.980933 -0.193798 0.0145956 -110.743 0.193802 0.98104 0.00112129 -55.376 -0.0145362 0.00172875 0.999893 3.53752
0.982329 -0.186476 0.0159916 -111.588 0.186455 0.98246 0.00279374 -55.5332 -0.0162321 0.000237345 0.999868 3.5975
0.983807 -0.178742 0.0132102 -112.437 0.178742 0.983895 0.00118286 -55.675 -0.0132089 0.00119752 0.999912 3.60688
0.98522 -0.171004 0.00995817 -113.296 0.171009 0.985269 0.000257515 -55.8154 -0.00985552 0.00144923 0.99995 3.61448
0.986582 -0.163048 0.00842854 -114.156 0.163054 0.986617 1.61285e-05 -55.9398 -0.00831837 0.00135839 0.999964 3.65122
0.987851 -0.155177 0.00841126 -115.026 0.155179 0.987886 0.000445558 -56.0739 -0.00837851 0.000865105 0.999965 3.69398
0.988996 -0.147649 0.0093125 -115.871 0.147647 0.98904 0.000907992 -56.1929 -0.0093445 0.000476963 0.999956 3.72422
0.990121 -0.139836 0.0103514 -116.724 0.139827 0.990175 0.00154374 -56.2982 -0.0104656 -8.10763e-05 0.999945 3.74294
0.991119 -0.132436 0.011999 -117.598 0.132415 0.991191 0.00250188 -56.4074 -0.0122246 -0.00089081 0.999925 3.7531
0.992104 -0.124876 0.0116273 -118.468 0.12484 0.99217 0.00376723 -56.5025 -0.0120067 -0.00228593 0.999925 3.78535
0.993093 -0.116795 0.0111637 -119.335 0.116735 0.993146 0.00585619 -56.6003 -0.0117711 -0.00451255 0.999921 3.82168
0.99401 -0.108709 0.0112498 -120.207 0.108618 0.994048 0.00842369 -56.6929 -0.0120986 -0.0071513 0.999901 3.86244
0.994836 -0.100909 0.0109126 -121.09 0.1008 0.994856 0.0100603 -56.7686 -0.0118717 -0.00890838 0.99989 3.90516
0.995606 -0.093053 0.010519 -121.971 0.0929508 0.995622 0.009822 -56.8417 -0.0113869 -0.00880109 0.999896 3.92846
0.996305 -0.0851665 0.0110495 -122.843 0.0850658 0.996332 0.00929008 -56.9071 -0.0118001 -0.00831582 0.999896 3.93318
0.996924 -0.0775077 0.0116035 -123.726 0.0773947 0.996951 0.00989401 -56.968 -0.012335 -0.00896552 0.999884 3.96085
0.997502 -0.0696546 0.0117654 -124.595 0.0695362 0.997527 0.0101878 -57.0271 -0.0124459 -0.00934419 0.999879 4.00939
0.99802 -0.0618148 0.0116318 -125.469 0.0617031 0.998047 0.00972641 -57.0713 -0.0122103 -0.00898944 0.999885 4.04336
0.998468 -0.0544462 0.00987397 -126.364 0.0543675 0.998488 0.00807038 -57.1094 -0.0102984 -0.00752119 0.999919 4.09143
0.998876 -0.046686 0.00823181 -127.237 0.0466304 0.998889 0.00681736 -57.1362 -0.00854094 -0.00642585 0.999943 4.12731
0.999236 -0.0383898 0.00734213 -128.126 0.0383488 0.999248 0.00564788 -57.1683 -0.00755343 -0.005362 0.999957 4.16116
0.999518 -0.0301514 0.007452 -129.015 0.0301169 0.999535 0.00470133 -57.1868 -0.00759029 -0.00447464 0.999961 4.18926
0.999724 -0.0222201 0.00759634 -129.91 0.0221876 0.999744 0.00434025 -57.1954 -0.00769084 -0.00417051 0.999962 4.21533
0.99987 -0.0146113 0.0068251 -130.803 0.0145845 0.999886 0.00397144 -57.2057 -0.00688235 -0.00387138 0.999969 4.2463
0.999955 -0.00767974 0.00564228 -131.692 0.00765875 0.999964 0.00373212 -57.216 -0.00567073 -0.00368874 0.999977 4.27407
0.99999 -0.000716578 0.00432413 -132.592 0.000702457 0.999994 0.00326628 -57.2077 -0.00432645 -0.00326321 0.999985 4.30317
0.999972 0.00616753 0.00427288 -133.513 -0.00618 0.999977 0.00291073 -57.1927 -0.00425483 -0.00293706 0.999987 4.33606
0.999899 0.0134735 0.00447249 -134.416 -0.0134828 0.999907 0.00206714 -57.1771 -0.00444422 -0.00212723 0.999988 4.36769
0.999777 0.0203726 0.00551917 -135.317 -0.0203853 0.99979 0.00226434 -57.1473 -0.00547188 -0.00237634 0.999982 4.38538
0.999625 0.0264368 0.00714176 -136.206 -0.0264598 0.999645 0.00315066 -57.1119 -0.00705593 -0.00333844 0.99997 4.40967
0.999426 0.0330351 0.00750206 -137.107 -0.0330569 0.99945 0.00279709 -57.0753 -0.00740553 -0.00304348 0.999968 4.45015
0.999192 0.0395013 0.00745611 -138.013 -0.0395184 0.999217 0.00216051 -57.0384 -0.00736493 -0.00245342 0.99997 4.47653
0.998901 0.0463319 0.00702119 -138.934 -0.0463498 0.998922 0.00240233 -56.986 -0.00690232 -0.00272512 0.999972 4.49248
0.998572 0.0529777 0.00686302 -139.856 -0.0529973 0.998591 0.00270543 -56.9286 -0.00671003 -0.00306529 0.999973 4.5124
0.998172 0.0597036 0.00935799 -140.76 -0.0597368 0.998209 0.00330401 -56.8678 -0.00914397 -0.00385699 0.999951 4.54172
0.997739 0.066541 0.00948453 -141.695 -0.0665758 0.997776 0.00340127 -56.7939 -0.00923711 -0.00402502 0.999949 4.56834
0.997262 0.0736464 0.00672237 -142.63 -0.0736706 0.997277 0.00342257 -56.7254 -0.00645201 -0.00390844 0.999972 4.57073
0.996719 0.0809327 -0.00057626 -143.545 -0.0809287 0.996707 0.00512204 -56.6568 0.000988903 -0.0050586 0.999987 4.5896
0.996082 0.0884196 -0.00152957 -144.447 -0.0884098 0.996068 0.00559937 -56.5612 0.00201865 -0.00544221 0.999983 4.64701
0.995343 0.096221 0.00576835 -145.379 -0.0962485 0.995346 0.00471171 -56.46 -0.00528814 -0.00524497 0.999972 4.66403
