1 0 0 0 0 1 0 0 0 0 1 0
1 8.54666e-05 -2.32184e-05 0.00347316 -8.54666e-05 1 1.7186e-06 -0.00122018 2.32186e-05 -1.71661e-06 1 0.000880634
1 -1.60111e-05 2.38847e-06 0.000359651 1.6011e-05 1 1.63418e-05 0.000556204 -2.38873e-06 -1.63418e-05 1 7.95537e-05
1 -0.000106202 1.79615e-05 -0.00198623 0.000106201 1 5.63701e-05 0.00378864 -1.79675e-05 -5.63682e-05 1 -0.00214785
1 -0.000116772 2.49874e-06 -0.000749708 0.000116772 1 9.41856e-06 0.0100745 -2.49984e-06 -9.41827e-06 1 -0.00141617
1 -6.28365e-05 -1.47938e-05 -0.000249128 6.28357e-05 1 -5.04758e-05 0.00356529 1.47969e-05 5.04749e-05 1 0.00103084
1 3.13909e-05 -8.41549e-06 0.00039482 -3.13906e-05 1 3.85476e-05 -0.00225656 8.4167e-06 -3.85474e-05 1 -0.000788528
1 -0.000108264 4.80766e-05 -0.00454213 0.00010826 1 7.53744e-05 -0.000237401 -4.80848e-05 -7.53692e-05 1 -0.00178927
1 -0.000135451 1.02781e-05 -0.00373457 0.000135451 1 7.03233e-06 0.00207764 -1.0279e-05 -7.03093e-06 1 0.000352017
1 -6.42709e-05 1.05358e-05 0.00126882 6.42704e-05 1 4.63566e-05 0.001185 -1.05388e-05 -4.6356e-05 1 -0.000493408
1 -1.7754e-05 5.70548e-06 0.00273111 1.7754e-05 1 3.53069e-06 0.0013174 -5.70554e-06 -3.53059e-06 1 -0.00070393
1 3.56767e-05 -6.31666e-06 0.0042832 -3.56768e-05 1 -1.99515e-05 0.00215569 6.31594e-06 1.99517e-05 1 0.000444917
1 -5.74238e-05 -8.86261e-06 -0.00269406 5.7424e-05 1 1.55345e-05 0.00470321 8.86172e-06 -1.5535e-05 1 -0.000343795
1 7.87348e-06 -2.34009e-05 1.84965e-05 -7.87206e-06 1 6.03538e-05 0.00146356 2.34013e-05 -6.03536e-05 1 0.000138825
1 -8.56859e-05 -4.42375e-06 -0.00382818 8.56859e-05 1 -2.22403e-06 0.00209638 4.42394e-06 2.22365e-06 1 0.00137992
1 -8.77849e-06 1.80258e-05 -0.00171711 8.77813e-06 1 1.98564e-05 -0.000170287 -1.80259e-05 -1.98562e-05 1 -0.000460446
1 5.31539e-05 1.82506e-05 0.00279541 -5.31545e-05 1 3.41744e-05 -0.00118662 -1.82488e-05 -3.41754e-05 1 -0.000990146
1 2.20028e-05 3.21242e-05 0.00496636 -2.20038e-05 1 3.25304e-05 -0.000710533 -3.21235e-05 -3.25311e-05 1 -0.00094409
1 2.1885e-05 -1.38452e-05 0.00182141 -2.18859e-05 1 -7.05425e-05 0.000125711 1.38436e-05 7.05428e-05 1 0.00257382
1 -4.84735e-05 9.19648e-06 -0.00260258 4.84734e-05 1 2.05089e-05 0.00138124 -9.19748e-06 -2.05084e-05 1 -0.000263141
1 -4.88416e-05 2.79896e-05 -0.00150067 4.88388e-05 1 9.92084e-05 0.00298019 -2.79945e-05 -9.9207e-05 1 -0.00313539
1 0.000107642 -2.55369e-05 0.00597218 -0.00010764 1 9.0322e-05 0.000891362 2.55466e-05 -9.03192e-05 1 -0.00154574
1 -1.67084e-05 -1.7721e-05 -0.00174201 1.67088e-05 1 1.90016e-05 -0.000371271 1.77207e-05 -1.90019e-05 1 -1.88542e-05
1 -4.18661e-05 -1.35017e-06 -0.00215068 4.18661e-05 1 2.38735e-06 -0.000998766 1.35007e-06 -2.38741e-06 1 0.000572701
1 -7.66618e-05 6.09023e-05 -0.00381566 7.66547e-05 1 0.000116989 0.000972411 -6.09112e-05 -0.000116985 1 -0.00354153
1 -5.13237e-05 4.59975e-05 0.000589017 5.13227e-05 1 2.21611e-05 0.00305518 -4.59986e-05 -2.21587e-05 1 -0.00140108
1 2.96499e-05 -5.22601e-06 0.00192154 -2.96497e-05 1 2.71362e-05 -0.000730092 5.22682e-06 -2.7136e-05 1 8.02217e-05
1 2.89096e-05 2.44995e-05 -0.00029559 -2.89118e-05 1 8.85961e-05 -0.0028657 -2.4497e-05 -8.85968e-05 1 -0.00155837
1 5.33587e-05 1.20834e-05 0.00158194 -5.33586e-05 1 -3.66627e-06 -0.00150965 -1.20836e-05 3.66562e-06 1 -0.000709243
1 2.0375e-05 -3.51752e-06 0.00163361 -2.0375e-05 1 -1.08808e-05 -0.000397168 3.5173e-06 1.08809e-05 1 0.000777483
1 -2.50163e-06 -6.01138e-06 0.00167146 2.50212e-06 1 8.13493e-05 0.0013507 6.01117e-06 -8.13493e-05 1 -0.00162802
1 -5.67531e-05 -5.11087e-06 -0.000369863 5.67535e-05 1 7.96299e-05 0.00209044 5.10635e-06 -7.96302e-05 1 -0.00184932
1 -2.80962e-05 2.19838e-05 -0.00211321 2.80957e-05 1 2.33286e-05 0.00219981 -2.19844e-05 -2.3328e-05 1 -0.000536969
1 4.29608e-05 6.11698e-07 -0.00132287 -4.29608e-05 1 -3.09831e-05 -0.00088965 -6.13029e-07 3.09831e-05 1 0.0015303
1 2.2527e-05 1.21039e-05 0.00128033 -2.25273e-05 1 3.0854e-05 0.00213682 -1.21032e-05 -3.08543e-05 1 -0.000707044
1 -1.45175e-06 2.05757e-05 0.00350346 1.45018e-06 1 7.63581e-05 0.00374861 -2.05758e-05 -7.63581e-05 1 -0.00304798
1 -4.02798e-05 7.2738e-06 0.000677161 4.02794e-05 1 5.15069e-05 0.00219203 -7.27587e-06 -5.15066e-05 1 -0.00190745
1 6.31322e-05 -4.01581e-06 0.00325839 -6.3132e-05 1 5.55796e-05 -0.00223105 4.01932e-06 -5.55793e-05 1 -0.000741098
1 3.39406e-05 -2.83626e-06 0.000689466 -3.39407e-05 1 -1.57602e-05 0.000216935 2.83573e-06 1.57603e-05 1 0.000249075
1 5.89115e-05 3.65734e-06 0.00321836 -5.89115e-05 1 2.84835e-06 -3.41703e-05 -3.65717e-06 -2.84856e-06 1 -0.000313704
1 9.37966e-06 -2.89156e-05 0.00316165 -9.37954e-06 1 4.23263e-06 -0.000330034 2.89156e-05 -4.23235e-06 1 0.000501513
1 5.70267e-06 1.13465e-05 -0.000444285 -5.70327e-06 1 5.3181e-05 -0.00216805 -1.13462e-05 -5.31811e-05 1 -0.00135879
1 -2.82646e-06 -5.57516e-06 -0.0020968 2.82626e-06 1 -3.50012e-05 0.000678824 5.57526e-06 3.50012e-05 1 0.000938486
1 2.6491e-05 9.21049e-07 0.000820903 -2.6491e-05 1 -1.69972e-05 0.000991957 -9.21499e-07 1.69972e-05 1 0.000343841
1 8.84432e-05 1.36096e-05 0.00473897 -8.84445e-05 1 9.57835e-05 0.00209497 -1.36011e-05 -9.57847e-05 1 -0.00243443
1 2.82107e-05 -2.31883e-06 0.00118695 -2.82107e-05 1 2.10721e-05 0.00193868 2.31942e-06 -2.1072e-05 1 2.11995e-05
1 0.000104151 -3.63424e-05 0.00453516 -0.000104149 1 2.86105e-05 -0.00429719 3.63454e-05 -2.86067e-05 1 0.00010393
1 -7.24736e-06 -2.01985e-06 0.00205191 7.24741e-06 1 2.10667e-05 0.00100889 2.0197e-06 -2.10667e-05 1 -0.00065894
1 -5.68031e-05 1.28276e-05 -0.000748537 5.68026e-05 1 3.78819e-05 0.00356274 -1.28298e-05 -3.78812e-05 1 -0.001041
1 2.37084e-05 2.76464e-05 0.000455289 -2.37077e-05 1 -2.76344e-05 0.00267444 -2.76471e-05 2.76337e-05 1 -0.000127009
1 1.18819e-05 1.84623e-05 -0.00057304 -1.18818e-05 1 -5.57626e-06 0.00231969 -1.84623e-05 5.57604e-06 1 -0.000803953
1 1.57937e-05 6.16732e-07 0.000473347 -1.57937e-05 1 3.64711e-05 -0.00215452 -6.16156e-07 -3.64711e-05 1 -0.000592661
1 8.25866e-05 -2.63017e-05 0.00558637 -8.25864e-05 1 7.44668e-06 -0.00345958 2.63024e-05 -7.44451e-06 1 0.000810478
1 5.19044e-05 -2.42302e-06 0.0037768 -5.19045e-05 1 -2.38146e-05 0.00410657 2.42179e-06 2.38147e-05 1 0.000772316
1 -1.01397e-05 1.55048e-05 -0.000314069 1.01387e-05 1 6.54002e-05 0.00293516 -1.55055e-05 -6.54e-05 1 -0.00124233
1 6.862e-05 9.06802e-06 0.00523028 -6.8621e-05 1 0.000109829 -0.00151752 -9.06048e-06 -0.000109829 1 -0.00259323
1 -4.02447e-05 7.2095e-06 -0.0022736 4.02449e-05 1 -2.10707e-05 -0.000892429 -7.20865e-06 2.1071e-05 1 -0.000266655
1 1.707e-05 -8.20834e-06 -0.00156725 -1.707e-05 1 -2.39469e-06 -0.00398976 8.2083e-06 2.39483e-06 1 0.000764081
1 0.000198308 -5.46719e-05 0.0131391 -0.000198308 1 -4.18831e-06 -0.00446117 5.46711e-05 4.19915e-06 1 0.00260193
1 0.000451156 -3.7874e-05 0.0316254 -0.000451162 1 -0.000166232 -0.00328501 3.7799e-05 0.000166249 1 0.00772936
1 0.000384223 1.1278e-05 0.0260415 -0.00038422 1 -0.000217121 -0.00184069 -1.13614e-05 0.000217116 1 0.00897806
1 0.000157677 5.19562e-05 0.00648151 -0.000157667 1 -0.000197642 -0.00174887 -5.19874e-05 0.000197634 1 0.00779267
1 -0.00013436 9.57916e-05 -0.0171543 0.000134377 1 -0.000179157 0.00453396 -9.57675e-05 0.00017917 1 0.00567276
1 -0.000272836 6.40417e-05 -0.0310543 0.00027285 1 -0.0002268 0.00830478 -6.39798e-05 0.000226817 1 0.00814495
1 -0.000429944 4.79613e-05 -0.0384554 0.000429953 1 -0.000188118 0.00717795 -4.78804e-05 0.000188138 1 0.00751146
1 -0.000413534 9.91223e-05 -0.0407062 0.000413571 1 -0.000376177 0.00427739 -9.89667e-05 0.000376217 1 0.0133194
1 -0.000486235 0.000317138 -0.0585824 0.000486397 1 -0.00051346 -0.00836639 -0.000316888 0.000513614 1 0.0188544
0.999999 -0.00142234 0.000547396 -0.118778 0.0014227 0.999999 -0.000642524 -0.00541554 -0.000546481 0.000643302 1 0.0227799
0.999996 -0.00290871 0.000587539 -0.186499 0.00290917 0.999995 -0.00079062 -0.00218599 -0.000585237 0.000792326 1 0.0236263
0.999989 -0.00459994 0.000658298 -0.259273 0.00460037 0.999989 -0.000647102 -0.00908768 -0.000655314 0.000650124 1 0.0189753
0.999977 -0.00679591 0.000736251 -0.347993 0.00679623 0.999977 -0.000424912 -0.0201521 -0.000733347 0.000429906 1 0.0146288
0.999964 -0.00837857 0.000901939 -0.425301 0.00837899 0.999965 -0.000467382 -0.0245595 -0.000897992 0.000474923 0.999999 0.0169076
0.999951 -0.00988239 0.00109826 -0.502217 0.00988303 0.999951 -0.000584435 -0.0358793 -0.00109243 0.00059526 0.999999 0.017156
0.999913 -0.0131467 0.00127804 -0.62489 0.0131479 0.999913 -0.00099768 -0.0432547 -0.00126481 0.0010144 0.999999 0.0228489
0.999866 -0.0162735 0.00158826 -0.749134 0.0162747 0.999867 -0.000751616 -0.0387904 -0.00157581 0.000777364 0.999998 0.0147405
0.999824 -0.0186672 0.00183838 -0.883152 0.0186684 0.999826 -0.000645548 -0.0423873 -0.00182601 0.000679754 0.999998 0.00349982
0.999769 -0.0213973 0.00185586 -1.0352 0.0213991 0.999771 -0.000982926 -0.0623921 -0.0018344 0.00102241 0.999998 0.00303501
0.999721 -0.0235465 0.00176178 -1.18713 0.0235484 0.999722 -0.00106159 -0.0878381 -0.00173629 0.00110278 0.999998 0.00188818
0.999674 -0.0254657 0.00195057 -1.33782 0.025468 0.999675 -0.00118652 -0.0957868 -0.00191972 0.00123581 0.999997 0.00723375
0.999621 -0.0274268 0.0022197 -1.49582 0.0274297 0.999623 -0.00130288 -0.0657955 -0.00218313 0.00136327 0.999997 0.028661
0.999576 -0.0290178 0.00230773 -1.66932 0.0290202 0.999578 -0.0010281 -0.0540982 -0.00227692 0.00109464 0.999997 0.0507879
0.99953 -0.0305643 0.00254131 -1.86922 0.0305657 0.999533 -0.000532957 -0.0781087 -0.00252383 0.000610383 0.999997 0.0574427
0.99946 -0.0327634 0.00243181 -2.08606 0.0327652 0.999463 -0.000687315 -0.0879495 -0.00240798 0.000766623 0.999997 0.063633
0.999428 -0.0337351 0.00228441 -2.30199 0.0337379 0.99943 -0.0011945 -0.104158 -0.00224281 0.00127088 0.999997 0.0613009
0.999373 -0.0352918 0.00274889 -2.54106 0.0352979 0.999374 -0.00220681 -0.125262 -0.00266929 0.00230246 0.999994 0.0481926
0.999338 -0.0362183 0.00332333 -2.76291 0.0362276 0.99934 -0.00278987 -0.140417 -0.00322009 0.00290842 0.999991 0.0576027
0.999317 -0.0367049 0.00427377 -3.00609 0.0367145 0.999323 -0.00219982 -0.138992 -0.00419013 0.00235522 0.999988 0.0629545
0.999291 -0.0373181 0.00497416 -3.27697 0.0373265 0.999302 -0.00160716 -0.156177 -0.00491071 0.00179169 0.999986 0.081959
0.999267 -0.0379302 0.0052664 -3.55906 0.0379379 0.999279 -0.00136305 -0.157818 -0.0052109 0.00156185 0.999985 0.0940217
0.999255 -0.0382285 0.00534836 -3.84954 0.0382374 0.999267 -0.00157926 -0.157397 -0.00528407 0.00178259 0.999984 0.0955338
0.999259 -0.0381862 0.00483212 -4.15279 0.0381959 0.999268 -0.00194426 -0.174811 -0.00475434 0.00212739 0.999986 0.10318
0.999255 -0.038321 0.00460819 -4.47703 0.0383284 0.999264 -0.00151489 -0.194155 -0.00454674 0.00169039 0.999988 0.0939534
0.999228 -0.0390203 0.00451333 -4.78186 0.0390285 0.999237 -0.00174391 -0.198698 -0.00444184 0.00191871 0.999988 0.108052
0.999182 -0.0402772 0.00348062 -5.13568 0.0402829 0.999187 -0.00157358 -0.218728 -0.00341442 0.00171251 0.999993 0.120182
0.999155 -0.0410285 0.00231565 -5.47329 0.0410325 0.999156 -0.00168954 -0.230155 -0.00224438 0.00178313 0.999996 0.134712
0.999071 -0.0430674 0.00139569 -5.84123 0.0430698 0.999071 -0.00168723 -0.246865 -0.00132173 0.00174577 0.999998 0.134556
0.999015 -0.044347 0.00140693 -6.22716 0.0443496 0.999014 -0.00182354 -0.271907 -0.00132468 0.00188414 0.999997 0.135884
0.999015 -0.0443387 0.00185663 -6.5786 0.0443434 0.999013 -0.00255222 -0.299727 -0.00174163 0.00263204 0.999995 0.145924
0.998979 -0.0451085 0.00240718 -6.95302 0.0451151 0.998978 -0.00274639 -0.320464 -0.00228083 0.00285218 0.999993 0.174077
0.998897 -0.046866 0.00275989 -7.37169 0.046872 0.998899 -0.00216527 -0.330883 -0.00265538 0.00229224 0.999994 0.17044
0.9988 -0.0488417 0.00349196 -7.79995 0.0488483 0.998805 -0.00182067 -0.338489 -0.00339887 0.00198907 0.999992 0.175856
0.998747 -0.0498365 0.00462592 -8.21226 0.0498492 0.998753 -0.00266986 -0.361758 -0.0044871 0.00289711 0.999986 0.193178
0.99871 -0.0504799 0.00549001 -8.63189 0.0504995 0.998718 -0.00350184 -0.397569 -0.0053062 0.00377457 0.999979 0.202089
0.998653 -0.0515263 0.00613372 -9.08361 0.0515523 0.998662 -0.00416764 -0.423308 -0.00591077 0.00447823 0.999973 0.210575
0.99859 -0.0527616 0.00585746 -9.53435 0.0527869 0.998597 -0.0042537 -0.436345 -0.00562481 0.0045569 0.999974 0.225704
0.998511 -0.0542708 0.00554525 -10.0039 0.0542936 0.998517 -0.00404169 -0.465371 -0.00531768 0.00433674 0.999976 0.232711
0.998452 -0.0553171 0.00576667 -10.4574 0.0553433 0.998457 -0.00449649 -0.498066 -0.00550904 0.00480868 0.999973 0.238322
0.998415 -0.0559477 0.00605194 -10.9301 0.0559798 0.998418 -0.00525896 -0.539859 -0.00574814 0.00558942 0.999968 0.241159
0.998333 -0.0574378 0.0057004 -11.4412 0.0574726 0.998328 -0.00614312 -0.579888 -0.00533803 0.0064605 0.999965 0.25064
0.998261 -0.0587203 0.00514136 -11.967 0.0587502 0.998256 -0.00586055 -0.603668 -0.00478826 0.00615242 0.99997 0.262987
0.998183 -0.0600646 0.00488959 -12.4894 0.0600922 0.998177 -0.00570436 -0.628345 -0.00453804 0.00598782 0.999972 0.280288
0.998124 -0.0610266 0.00494089 -13.0148 0.0610583 0.998113 -0.00654573 -0.666818 -0.00453211 0.00683513 0.999966 0.301905
0.99807 -0.0618858 0.00517773 -13.5566 0.0619251 0.99805 -0.00781295 -0.697156 -0.00468413 0.0081185 0.999956 0.308503
0.99802 -0.0626575 0.00551161 -14.1186 0.0627059 0.997991 -0.00910301 -0.732985 -0.00493016 0.00943059 0.999943 0.329388
0.997986 -0.0631821 0.00556769 -14.6926 0.0632309 0.997958 -0.009077 -0.773261 -0.00498282 0.00941077 0.999943 0.333057
0.997974 -0.0634791 0.00430543 -15.2744 0.0635176 0.997936 -0.00948792 -0.810589 -0.00369426 0.00974217 0.999946 0.34963
0.997948 -0.0639245 0.00353847 -15.8602 0.0639583 0.997898 -0.0104536 -0.849116 -0.00286279 0.0106584 0.999939 0.381394
0.997899 -0.0646756 0.00386728 -16.4605 0.0647143 0.997844 -0.0109099 -0.890928 -0.00315334 0.0111372 0.999933 0.395918
0.997861 -0.0652229 0.00451336 -17.0596 0.0652709 0.997802 -0.0114593 -0.931755 -0.00375603 0.0117294 0.999924 0.406997
0.997793 -0.0661785 0.00549716 -17.6846 0.0662371 0.99774 -0.011277 -0.980842 -0.00473844 0.0116163 0.999921 0.421792
0.997746 -0.0668113 0.0062002 -18.3202 0.0668806 0.997692 -0.0117335 -1.01249 -0.00540196 0.0121217 0.999912 0.445617
0.997688 -0.0675873 0.00717843 -18.9787 0.0676766 0.997622 -0.0130196 -1.04045 -0.0062814 0.0134753 0.999889 0.463327
0.997667 -0.0678878 0.00723953 -19.6289 0.0679853 0.997585 -0.0142026 -1.0947 -0.00625787 0.0146616 0.999873 0.473207
0.9977 -0.0674732 0.00648595 -20.284 0.0675632 0.997605 -0.0148412 -1.15299 -0.00546903 0.0152453 0.999869 0.4847
0.997802 -0.0659418 0.00649088 -20.9565 0.066033 0.997704 -0.0150236 -1.20064 -0.0054853 0.0154192 0.999866 0.496436
0.997874 -0.064843 0.00647463 -21.6592 0.0649319 0.997783 -0.0146104 -1.23888 -0.00551288 0.0149998 0.999872 0.50886
0.997922 -0.0641521 0.00603116 -22.3598 0.0642305 0.997839 -0.0138607 -1.2732 -0.00512893 0.0142193 0.999886 0.53119
0.998014 -0.0626969 0.00609315 -23.0735 0.0627776 0.997928 -0.0141046 -1.31189 -0.00519621 0.0144591 0.999882 0.554264
0.998112 -0.0611147 0.00617821 -23.7853 0.0612012 0.998014 -0.014944 -1.35555 -0.00525264 0.0152939 0.999869 0.577839
0.998204 -0.0595586 0.00641622 -24.5141 0.0596515 0.9981 -0.01542 -1.3892 -0.00548564 0.015775 0.999861 0.586608
0.9983 -0.0579156 0.00648616 -25.2563 0.0580164 0.998177 -0.0166114 -1.43827 -0.00551228 0.0169595 0.999841 0.612427
0.998447 -0.0553598 0.00629896 -25.9946 0.0554607 0.998313 -0.01716 -1.49044 -0.00533836 0.0174827 0.999833 0.626596
0.998548 -0.0534982 0.0062629 -26.7526 0.0535992 0.998413 -0.017262 -1.51771 -0.00532947 0.0175726 0.999831 0.645209
0.99863 -0.0519572 0.00627272 -27.5365 0.0520576 0.998498 -0.0170724 -1.55306 -0.00537626 0.0173755 0.999835 0.664264
0.998726 -0.0501406 0.00561378 -28.3158 0.0502267 0.998603 -0.0164202 -1.57509 -0.00478262 0.0166812 0.999849 0.686511
0.998838 -0.0479504 0.00480061 -29.0907 0.0480235 0.99871 -0.0164948 -1.61508 -0.00400349 0.0167062 0.999852 0.716439
0.998931 -0.046054 0.00410313 -29.8716 0.0461156 0.998801 -0.0164531 -1.64904 -0.00334048 0.0166247 0.999856 0.730307
0.998994 -0.0447208 0.00330745 -30.6921 0.0447722 0.998843 -0.0175629 -1.68334 -0.0025182 0.0176934 0.99984 0.766343
0.999013 -0.0442949 0.003327 -31.5177 0.0443458 0.998868 -0.0172252 -1.71653 -0.00256025 0.0173557 0.999846 0.792098
0.998999 -0.0446132 0.00337221 -32.3345 0.0446595 0.998887 -0.015189 -1.7498 -0.00269082 0.0153244 0.999879 0.801387
0.998963 -0.045389 0.00364328 -33.1727 0.0454349 0.998873 -0.0137022 -1.78527 -0.00301725 0.0138535 0.999899 0.815145
0.998953 -0.0455684 0.00408193 -34.0154 0.0456191 0.99887 -0.0133177 -1.8194 -0.00347046 0.01349 0.999903 0.83719
0.998954 -0.045533 0.00420482 -34.8661 0.0455864 0.998867 -0.0136281 -1.85865 -0.00357953 0.0138056 0.999898 0.863996
0.998965 -0.0453595 0.00339999 -35.7314 0.045401 0.99888 -0.0133307 -1.89944 -0.00279151 0.0134713 0.999905 0.885898
0.99896 -0.0455187 0.00250143 -36.5961 0.0455459 0.998887 -0.0122215 -1.9322 -0.00194234 0.0123227 0.999922 0.899007
0.998947 -0.0458368 0.00201979 -37.4844 0.0458564 0.998887 -0.0110403 -1.9768 -0.00151149 0.0111213 0.999937 0.912717
0.998924 -0.0463208 0.00227137 -38.3637 0.0463434 0.998863 -0.0111478 -2.01739 -0.00175241 0.0112411 0.999935 0.940707
0.998857 -0.0477191 0.00270633 -39.253 0.0477488 0.998784 -0.0122394 -2.05456 -0.00211899 0.0123547 0.999921 0.975816
0.998763 -0.0495921 0.00352617 -40.1753 0.0496306 0.998698 -0.0118225 -2.09867 -0.00293528 0.0119829 0.999924 0.985369
0.998707 -0.0507349 0.00307693 -41.0931 0.0507681 0.998639 -0.0119069 -2.15405 -0.00246865 0.0120477 0.999924 1.00267
0.998614 -0.0525778 0.00248083 -42.0105 0.0526022 0.998554 -0.011069 -2.1985 -0.00189526 0.0111842 0.999936 1.0159
0.998458 -0.0554526 0.00252966 -42.9537 0.0554755 0.998409 -0.0101445 -2.2447 -0.00196309 0.0102692 0.999945 1.04301
0.998265 -0.0587942 0.00316896 -43.9129 0.0588223 0.998222 -0.00963374 -2.30096 -0.00259692 0.00980343 0.999949 1.0754
0.998091 -0.0615938 0.00463048 -44.851 0.0616328 0.99806 -0.0088032 -2.35101 -0.00407927 0.00907178 0.999951 1.09067
0.997901 -0.0645737 0.00485143 -45.7898 0.0646137 0.997873 -0.00858952 -2.41097 -0.00428646 0.00888496 0.999951 1.12074
0.997683 -0.0678923 0.00435165 -46.7731 0.0679252 0.997659 -0.00791293 -2.48023 -0.00380423 0.00819018 0.999959 1.13461
0.997461 -0.0711272 0.00346515 -47.7589 0.0711481 0.997446 -0.00632918 -2.57017 -0.00300613 0.00655966 0.999974 1.151
0.997235 -0.0742669 0.00248199 -48.7485 0.0742807 0.997219 -0.00600425 -2.63141 -0.00202917 0.00617202 0.999979 1.19519
0.996941 -0.0780753 0.00364985 -49.7364 0.0780951 0.99693 -0.00563969 -2.7058 -0.00319832 0.00590748 0.999977 1.21379
0.996533 -0.0830301 0.00536652 -50.7272 0.0830637 0.996524 -0.00637024 -2.79067 -0.00481895 0.00679392 0.999965 1.23302
0.996124 -0.0877414 0.00612767 -51.7411 0.0877816 0.996118 -0.00663162 -2.88739 -0.00552201 0.00714381 0.999959 1.23906
0.9957 -0.0925179 0.00469204 -52.752 0.0925509 0.995681 -0.00738906 -2.98012 -0.00398816 0.00779154 0.999962 1.26949
0.995328 -0.096514 0.00274137 -53.7598 0.0965334 0.995297 -0.00812973 -3.07653 -0.00194385 0.00835638 0.999963 1.30773
0.994738 -0.102438 0.00187594 -54.8102 0.10245 0.994708 -0.0077922 -3.18616 -0.00106779 0.00794339 0.999968 1.33311
0.994169 -0.107834 0.000713215 -55.8491 0.107837 0.994145 -0.00684892 -3.29521 2.95093e-05 0.0068859 0.999976 1.35098
0.993556 -0.113338 -0.000278179 -56.8891 0.113334 0.993536 -0.00647499 -3.42324 0.00101024 0.00640174 0.999979 1.36552
0.992885 -0.119072 -0.0010529 -57.9195 0.119058 0.992848 -0.00888569 -3.55353 0.0021034 0.00869711 0.99996 1.40362
0.992214 -0.124542 -0.000483642 -58.9703 0.124532 0.992169 -0.00957906 -3.68376 0.00167285 0.00944425 0.999954 1.41666
0.991582 -0.129483 0.000529169 -60.0519 0.129482 0.991536 -0.00952159 -3.81072 0.000708191 0.00950995 0.999955 1.45175
0.990752 -0.135661 0.00268235 -61.1398 0.135681 0.990704 -0.00984049 -3.96709 -0.00132245 0.0101134 0.999948 1.47592
0.990091 -0.14035 0.00462547 -62.1781 0.140395 0.99003 -0.0114364 -4.12589 -0.00297425 0.0119725 0.999924 1.49367
0.989488 -0.144473 0.00636727 -63.2565 0.144547 0.989407 -0.0134017 -4.2929 -0.00436364 0.0141812 0.99989 1.51769
0.988844 -0.1488 0.00679353 -64.3695 0.148889 0.988732 -0.0155318 -4.45664 -0.00440585 0.01637 0.999856 1.54209
0.98846 -0.151357 0.00615824 -65.4583 0.151442 0.988315 -0.0172569 -4.62258 -0.00347433 0.0179904 0.999832 1.57434
0.988006 -0.154303 0.00588559 -66.5678 0.15438 0.987876 -0.0163676 -4.79138 -0.00328866 0.0170799 0.999849 1.60344
0.987701 -0.156277 0.00483677 -67.6761 0.156334 0.987583 -0.0154497 -4.96631 -0.00236228 0.0160159 0.999869 1.63056
0.987483 -0.157666 0.00431334 -68.791 0.157714 0.987374 -0.0147866 -5.14545 -0.00192752 0.0152818 0.999881 1.66958
0.987268 -0.158995 0.00481247 -69.9105 0.159049 0.98716 -0.0147568 -5.32346 -0.00240443 0.0153343 0.99988 1.71358
0.986983 -0.160735 0.00542958 -71.061 0.160797 0.986887 -0.0140678 -5.50973 -0.00309719 0.0147577 0.999886 1.72962
0.98679 -0.161913 0.00542753 -72.2091 0.161975 0.986696 -0.0139578 -5.69581 -0.00309538 0.0146525 0.999888 1.75304
0.986842 -0.161605 0.0051751 -73.3534 0.161667 0.986725 -0.0154218 -5.88429 -0.00261416 0.0160555 0.999868 1.78383
0.986994 -0.160692 0.00445806 -74.5109 0.160746 0.986843 -0.0173768 -6.07727 -0.00160709 0.0178674 0.999839 1.81838
0.987239 -0.159201 0.00384983 -75.6821 0.159246 0.987048 -0.0194069 -6.26316 -0.000710364 0.0197723 0.999804 1.84785
0.98761 -0.156875 0.00405952 -76.8612 0.156924 0.987416 -0.0195832 -6.44663 -0.00093634 0.0199776 0.9998 1.86181
0.988085 -0.153845 0.00450384 -78.0347 0.153905 0.987888 -0.019754 -6.62416 -0.00141023 0.0202118 0.999795 1.8939
0.988277 -0.152589 0.00504153 -79.2232 0.152661 0.988066 -0.0205007 -6.79984 -0.00185319 0.02103 0.999777 1.92927
0.98855 -0.150756 0.00642823 -80.4236 0.150859 0.988333 -0.0209668 -6.97515 -0.00319235 0.0216965 0.99976 1.96831
0.988937 -0.148117 0.00809083 -81.6131 0.148249 0.988759 -0.019448 -7.14567 -0.0051193 0.0204323 0.999778 2.00054
0.989407 -0.144825 0.0100203 -82.8096 0.144985 0.989275 -0.0177284 -7.32481 -0.00734536 0.0189934 0.999793 2.02242
0.989815 -0.141905 0.0113384 -84.0061 0.142068 0.98974 -0.0152087 -7.50151 -0.0090639 0.0166646 0.99982 2.0538
0.990151 -0.139481 0.0121203 -85.2353 0.139633 0.990122 -0.0127243 -7.66666 -0.0102258 0.0142913 0.999846 2.08957
0.990532 -0.136901 0.0101958 -86.4621 0.137012 0.990507 -0.0111504 -7.82538 -0.0085725 0.0124418 0.999886 2.13209
0.990865 -0.134669 0.00712305 -87.7135 0.134745 0.990812 -0.0116042 -7.98967 -0.00549488 0.012458 0.999907 2.17289
0.991168 -0.132506 0.00520725 -88.9535 0.132565 0.991086 -0.0132017 -8.14669 -0.00341153 0.0137754 0.999899 2.21182
0.991517 -0.129868 0.00540141 -90.1824 0.129939 0.991391 -0.0161148 -8.31467 -0.00326212 0.0166799 0.999856 2.2545
0.991776 -0.127779 0.00732427 -91.4536 0.127885 0.991654 -0.0163536 -8.47858 -0.00517349 0.0171558 0.999839 2.26732
0.99204 -0.125531 0.00990735 -92.7229 0.125661 0.991977 -0.0138509 -8.6157 -0.00808915 0.0149856 0.999855 2.30343
0.992314 -0.123457 0.0084202 -93.9943 0.123559 0.992253 -0.0128935 -8.77185 -0.00676318 0.0138348 0.999881 2.35181
0.992501 -0.122185 0.00340715 -95.2564 0.122217 0.992433 -0.0117891 -8.93045 -0.00194092 0.0121171 0.999925 2.37094
0.992574 -0.121638 0.000602635 -96.5404 0.121635 0.992489 -0.0130289 -9.0861 0.000986693 0.0130054 0.999915 2.41474
0.992693 -0.120657 0.00143068 -97.8144 0.120665 0.992583 -0.0147831 -9.24097 0.000363607 0.0148477 0.99989 2.45184
0.992774 -0.119953 0.00326633 -99.0971 0.11999 0.99265 -0.015792 -9.39139 -0.00134802 0.0160698 0.99987 2.47716
0.992873 -0.119084 0.00474627 -100.376 0.119147 0.992738 -0.0166022 -9.53696 -0.00273475 0.0170494 0.999851 2.52017
0.992992 -0.118019 0.00626081 -101.625 0.118105 0.992874 -0.0158643 -9.69715 -0.00434392 0.0164925 0.999855 2.56272
0.992939 -0.118353 0.0080441 -102.907 0.118458 0.99286 -0.0140466 -9.8483 -0.0063242 0.0149003 0.999869 2.61856
0.992948 -0.118259 0.00834644 -104.175 0.118365 0.992878 -0.0135564 -9.99301 -0.00668383 0.0144487 0.999873 2.66622
0.992952 -0.118306 0.00709357 -105.427 0.1184 0.992854 -0.0149377 -10.1438 -0.00527566 0.0156723 0.999863 2.69833
0.993036 -0.117664 0.00582182 -106.685 0.117743 0.992916 -0.0159743 -10.2874 -0.00390098 0.0165486 0.999855 2.73259
0.993102 -0.117137 0.00525627 -107.945 0.11721 0.992968 -0.0166053 -10.4317 -0.00327421 0.0171068 0.999848 2.78571
0.993128 -0.116909 0.00531256 -109.209 0.116986 0.992974 -0.0178144 -10.5789 -0.00319258 0.0183134 0.999827 2.82515
0.993235 -0.115992 0.0055653 -110.46 0.116078 0.99306 -0.0188926 -10.7288 -0.00333528 0.0194108 0.999806 2.84468
0.993363 -0.1149 0.00529042 -111.7 0.114986 0.993155 -0.0205367 -10.8799 -0.00289453 0.0210087 0.999775 2.88078
0.993502 -0.113687 0.00538792 -112.956 0.113779 0.993266 -0.0218447 -11.0109 -0.00286817 0.0223158 0.999747 2.93113
0.993668 -0.112063 0.00808392 -114.211 0.112214 0.993452 -0.0214707 -11.1421 -0.00562491 0.0222419 0.999737 2.97028
0.9938 -0.110523 0.0121296 -115.458 0.110753 0.993641 -0.020273 -11.2918 -0.00981184 0.0214907 0.999721 3.00901
0.993866 -0.109595 0.014822 -116.706 0.109872 0.993757 -0.0193542 -11.4267 -0.0126083 0.020864 0.999703 3.05245
0.993971 -0.108567 0.0153338 -117.949 0.10885 0.993877 -0.018987 -11.5585 -0.0131786 0.0205416 0.999702 3.10178
0.994156 -0.107193 0.0127546 -119.201 0.107419 0.994041 -0.0185635 -11.6896 -0.0106887 0.0198251 0.999746 3.1579
0.994263 -0.106489 0.0100555 -120.469 0.106658 0.994131 -0.0181078 -11.8193 -0.00806815 0.0190764 0.999785 3.20209
0.994253 -0.106634 0.00953481 -121.736 0.106787 0.994131 -0.017332 -11.9587 -0.00763067 0.0182506 0.999804 3.24744
0.994222 -0.10678 0.0109433 -122.963 0.106961 0.994109 -0.0175201 -12.0929 -0.00900803 0.0185894 0.999787 3.29126
0.994111 -0.107681 0.0121425 -124.218 0.107875 0.994025 -0.0166573 -12.2187 -0.0102762 0.0178691 0.999788 3.31682
0.994062 -0.108195 0.0115912 -125.462 0.108384 0.99396 -0.0171962 -12.3558 -0.00966069 0.0183504 0.999785 3.36431
0.994018 -0.108689 0.0107002 -126.713 0.108863 0.993906 -0.0173283 -12.4932 -0.00875162 0.0183895 0.999793 3.41084
0.993992 -0.108885 0.0111001 -127.944 0.109066 0.993884 -0.0172827 -12.6188 -0.0091504 0.0183895 0.999789 3.45612
0.993926 -0.109323 0.0126262 -129.187 0.109525 0.993846 -0.0165979 -12.7532 -0.0107339 0.01788 0.999783 3.51053
0.993842 -0.109928 0.0139044 -130.428 0.110145 0.993789 -0.015887 -12.8979 -0.0120716 0.0173206 0.999777 3.55271
0.993779 -0.110511 0.0138204 -131.69 0.11073 0.993717 -0.01626 -13.0336 -0.0119367 0.0176892 0.999772 3.58707
0.993723 -0.11115 0.0126205 -132.929 0.111367 0.993616 -0.0180023 -13.1611 -0.010539 0.0192948 0.999758 3.6365
0.993759 -0.110928 0.0117638 -134.166 0.111135 0.993631 -0.0186406 -13.3004 -0.00962109 0.0198316 0.999757 3.68862
0.993735 -0.111041 0.0126357 -135.406 0.111258 0.99363 -0.0179402 -13.4399 -0.0105631 0.0192337 0.999759 3.73153
0.993769 -0.110602 0.0138303 -136.655 0.110842 0.993674 -0.0180352 -13.5744 -0.0117481 0.0194558 0.999742 3.77509
0.993907 -0.109198 0.0149896 -137.897 0.109468 0.993817 -0.0185604 -13.708 -0.0128701 0.0200882 0.999715 3.83426
0.993998 -0.108449 0.0143708 -139.143 0.108714 0.993888 -0.0191709 -13.8548 -0.0122039 0.0206181 0.999713 3.89122
0.99407 -0.107946 0.0131445 -140.381 0.108186 0.993946 -0.0191777 -13.9787 -0.0109947 0.020486 0.99973 3.92049
0.994135 -0.107382 0.012798 -141.639 0.10761 0.994018 -0.0186594 -14.1016 -0.0107178 0.0199271 0.999744 3.96568
0.994254 -0.106134 0.0139603 -142.868 0.106364 0.994182 -0.0169737 -14.2342 -0.0120776 0.018361 0.999758 4.02304
0.994298 -0.105295 0.0168377 -144.104 0.105569 0.994278 -0.0163118 -14.3677 -0.0150238 0.0179964 0.999725 4.07759
0.994324 -0.104503 0.0199668 -145.339 0.104833 0.994357 -0.0162568 -14.4971 -0.0181552 0.0182577 0.999668 4.12533
0.994338 -0.104141 0.021128 -146.564 0.104491 0.994393 -0.0162347 -14.6177 -0.0193189 0.0183505 0.999645 4.18238
0.994318 -0.104513 0.0202392 -147.798 0.104827 0.994375 -0.0151367 -14.7434 -0.0185433 0.0171723 0.999681 4.21468
0.994233 -0.105893 0.0169686 -149.054 0.106151 0.994236 -0.0150866 -14.878 -0.0152732 0.0168009 0.999742 4.28943
0.994185 -0.106787 0.0138527 -150.305 0.106995 0.994142 -0.0152599 -15.0047 -0.012142 0.0166533 0.999788 4.34852
0.99423 -0.106493 0.0128897 -151.532 0.106691 0.994167 -0.0157878 -15.1355 -0.0111332 0.0170719 0.999792 4.38748
0.994265 -0.106104 0.0133407 -152.748 0.106313 0.994204 -0.0160052 -15.2551 -0.0115652 0.0173317 0.999783 4.42131
0.994259 -0.106186 0.0131453 -153.99 0.106396 0.994188 -0.0164581 -15.3894 -0.0113213 0.0177622 0.999778 4.46084
0.994408 -0.10475 0.0134041 -155.22 0.10497 0.994331 -0.016929 -15.5229 -0.0115548 0.0182413 0.999767 4.51023
0.994573 -0.102992 0.0147358 -156.431 0.103236 0.994514 -0.0168833 -15.6587 -0.0129161 0.018313 0.999749 4.5712
0.994581 -0.102598 0.0168044 -157.671 0.102875 0.994557 -0.0165329 -15.7809 -0.0150167 0.018172 0.999722 4.61141
0.994612 -0.102229 0.0172064 -158.923 0.102528 0.994576 -0.0174832 -15.8999 -0.0153257 0.0191532 0.999699 4.66787
0.994756 -0.101103 0.0154682 -160.164 0.101376 0.994685 -0.0180384 -16.0181 -0.0135623 0.0195119 0.999718 4.71846
0.994905 -0.0998246 0.0141442 -161.383 0.100078 0.994808 -0.0184848 -16.141 -0.0122256 0.0198061 0.999729 4.76209
0.994898 -0.0997263 0.0152364 -162.63 0.0999896 0.994832 -0.0176219 -16.2599 -0.0134003 0.0190554 0.999729 4.79719
0.994896 -0.0996074 0.0161177 -163.852 0.0998719 0.994863 -0.0165323 -16.3869 -0.0143882 0.0180577 0.999733 4.85404
0.994818 -0.100299 0.0166266 -165.071 0.100548 0.994821 -0.014896 -16.5071 -0.0150465 0.0164906 0.999751 4.91198
0.99471 -0.101213 0.0175425 -166.308 0.101481 0.994722 -0.0151508 -16.6341 -0.0159164 0.0168508 0.999731 4.96972
0.99457 -0.102146 0.0198973 -167.529 0.102458 0.994619 -0.0153172 -16.7525 -0.0182256 0.0172726 0.999685 5.01272
0.994508 -0.102521 0.0210331 -168.757 0.102862 0.994569 -0.0158434 -16.8734 -0.0192946 0.0179199 0.999653 5.04729
0.994542 -0.102701 0.0184201 -170.001 0.103024 0.994525 -0.0175052 -17.0058 -0.0165215 0.0193073 0.999677 5.10211
0.994517 -0.103494 0.0150056 -171.236 0.103766 0.994428 -0.0186115 -17.1287 -0.0129958 0.0200666 0.999714 5.16068
0.994468 -0.104077 0.0141783 -172.486 0.104319 0.994389 -0.0175666 -17.2554 -0.0122705 0.0189485 0.999745 5.20184
0.994438 -0.104306 0.0145842 -173.712 0.10455 0.994372 -0.0171411 -17.3849 -0.0127142 0.0185705 0.999747 5.2634
0.994383 -0.104459 0.0170774 -174.939 0.104748 0.994353 -0.0170206 -17.5194 -0.0152031 0.0187138 0.999709 5.31762
0.994252 -0.104812 0.0218384 -176.17 0.105169 0.994327 -0.0159074 -17.6392 -0.0200472 0.0181126 0.999635 5.34824
0.99417 -0.105185 0.0237154 -177.4 0.10557 0.994289 -0.0156218 -17.7609 -0.0219368 0.0180344 0.999597 5.38514
0.994223 -0.105265 0.0209787 -178.642 0.105614 0.994273 -0.0163234 -17.8918 -0.0191403 0.0184448 0.999647 5.44226
0.994291 -0.105368 0.0168096 -179.889 0.10564 0.994273 -0.0161992 -18.0231 -0.0150065 0.0178825 0.999727 5.50237
0.994319 -0.105443 0.0145252 -181.12 0.10567 0.994274 -0.0158821 -18.1509 -0.0127674 0.0173267 0.999768 5.56772
0.994289 -0.105601 0.0154411 -182.35 0.105845 0.994255 -0.0159199 -18.2843 -0.0136713 0.0174633 0.999754 5.62339
0.994197 -0.105917 0.01882 -183.59 0.10622 0.994215 -0.0159003 -18.4093 -0.017027 0.0178071 0.999696 5.66046
0.994129 -0.106132 0.0210568 -184.819 0.106483 0.994181 -0.0162989 -18.5348 -0.0192044 0.0184454 0.999645 5.70441
0.994124 -0.106335 0.0202775 -186.066 0.106699 0.994132 -0.0177813 -18.6675 -0.0182677 0.0198404 0.999636 5.75686
0.994155 -0.106398 0.0183047 -187.319 0.106766 0.994073 -0.0204922 -18.802 -0.0160159 0.0223268 0.999622 5.80887
0.994264 -0.10591 0.0148801 -188.56 0.106243 0.994058 -0.0236984 -18.9427 -0.0122818 0.0251433 0.999608 5.85909
0.994369 -0.105066 0.0138313 -189.795 0.105411 0.994058 -0.0271661 -19.0815 -0.0108949 0.0284711 0.999535 5.92861
0.994409 -0.104362 0.0160808 -191.034 0.10482 0.994012 -0.0308751 -19.2039 -0.0127623 0.0323881 0.999394 5.97798
0.994372 -0.104185 0.019212 -192.29 0.104745 0.994019 -0.0308991 -19.3329 -0.0158778 0.0327375 0.999338 5.99967
0.994413 -0.103384 0.0213047 -193.528 0.103985 0.994145 -0.029385 -19.463 -0.018142 0.0314362 0.999341 6.05168
0.9944 -0.103235 0.0225988 -194.769 0.103834 0.994224 -0.0271489 -19.5916 -0.0196655 0.0293434 0.999376 6.12733
0.994391 -0.103138 0.023449 -196.013 0.103744 0.994257 -0.0262825 -19.7185 -0.0206036 0.0285677 0.999379 6.16145
0.994536 -0.102476 0.0199066 -197.249 0.10301 0.994287 -0.0279759 -19.8379 -0.016926 0.0298736 0.99941 6.22444
0.994657 -0.101867 0.0167622 -198.508 0.102324 0.994324 -0.0291339 -19.9641 -0.0136993 0.0306934 0.999435 6.30099
0.99469 -0.101352 0.0178974 -199.773 0.101837 0.994387 -0.0286858 -20.0988 -0.0148896 0.0303561 0.999428 6.34218
0.994664 -0.101206 0.0200254 -201.032 0.10175 0.994408 -0.0282927 -20.2284 -0.01705 0.0301793 0.999399 6.37778
0.99458 -0.101919 0.0205525 -202.29 0.102497 0.994299 -0.0293942 -20.3455 -0.0174395 0.0313415 0.999357 6.42854
0.99449 -0.103015 0.0194129 -203.545 0.10357 0.994165 -0.0301651 -20.4752 -0.0161921 0.0320094 0.999356 6.46751
0.994425 -0.10419 0.0162526 -204.787 0.10467 0.993986 -0.0321723 -20.6083 -0.0128028 0.0336941 0.99935 6.54147
0.994407 -0.104553 0.014974 -206.048 0.105044 0.99378 -0.036972 -20.7517 -0.0110153 0.0383381 0.999204 6.61105
0.994301 -0.105277 0.0167969 -207.308 0.105892 0.993519 -0.0413039 -20.8869 -0.0123397 0.0428472 0.999005 6.64984
0.994141 -0.106433 0.018846 -208.551 0.10716 0.993311 -0.0430019 -21.0154 -0.0141431 0.0447695 0.998897 6.68588
0.994131 -0.106555 0.018686 -209.804 0.107299 0.993217 -0.0447932 -21.1508 -0.0137863 0.0465353 0.998822 6.73734
0.994105 -0.106798 0.0186838 -211.072 0.107559 0.993134 -0.0460042 -21.2898 -0.0136423 0.0477426 0.998767 6.78372
0.994051 -0.106999 0.0203219 -212.322 0.107831 0.993123 -0.0455881 -21.4254 -0.0153043 0.0475082 0.998754 6.83554
0.99404 -0.106949 0.0211234 -213.56 0.107801 0.993178 -0.0444618 -21.5595 -0.0162241 0.046474 0.998788 6.87713
0.994018 -0.107244 0.0206724 -214.821 0.108083 0.993125 -0.0449444 -21.7022 -0.0157103 0.0469098 0.998776 6.93408
0.993989 -0.107528 0.0205629 -216.087 0.108368 0.993073 -0.0454082 -21.834 -0.0155378 0.0473637 0.998757 6.97708
0.994026 -0.107177 0.0206473 -217.342 0.108002 0.993169 -0.0441674 -21.965 -0.0157725 0.0461334 0.998811 7.03764
0.994059 -0.106712 0.0214509 -218.603 0.107552 0.993277 -0.0428245 -22.1094 -0.0167368 0.0448772 0.998852 7.09818
0.994149 -0.10585 0.0215106 -219.854 0.106683 0.993397 -0.0422071 -22.2492 -0.0169009 0.044255 0.998877 7.15585
0.994111 -0.106297 0.0211009 -221.113 0.107122 0.993323 -0.0428276 -22.3817 -0.0164076 0.0448357 0.99886 7.20728
0.994153 -0.106061 0.0202532 -222.357 0.106871 0.993286 -0.0442914 -22.5053 -0.0154197 0.0461969 0.998813 7.26824
0.994248 -0.104982 0.0212028 -223.587 0.105876 0.993281 -0.0467265 -22.6475 -0.016155 0.0487026 0.998683 7.32666
0.994314 -0.103814 0.0237321 -224.82 0.104833 0.993392 -0.0467247 -22.7711 -0.0187246 0.0489469 0.998626 7.36608
0.994401 -0.102447 0.0259091 -226.042 0.103552 0.993575 -0.0456673 -22.8935 -0.0210642 0.0480945 0.998621 7.4256
0.994615 -0.100798 0.0241088 -227.277 0.101839 0.993699 -0.0468038 -23.0231 -0.0192392 0.049007 0.998613 7.47779
0.994865 -0.0997946 0.0168677 -228.506 0.10055 0.993555 -0.05233 -23.1523 -0.0115368 0.0537574 0.998487 7.52458
0.995082 -0.098755 0.00764913 -229.717 0.0990301 0.993484 -0.0564227 -23.2785 -0.00202726 0.0569027 0.998378 7.56455
0.995296 -0.0966706 0.00630685 -230.945 0.0968737 0.993627 -0.0576223 -23.409 -0.000696275 0.0579623 0.998319 7.60503
0.995427 -0.0951443 0.00852275 -232.164 0.0954712 0.993898 -0.0552401 -23.5202 -0.00321496 0.0558012 0.998437 7.62699
0.995529 -0.0939898 0.00942385 -233.385 0.0943535 0.994194 -0.0517337 -23.6253 -0.00450669 0.0523915 0.998616 7.6634
0.995529 -0.0940539 0.00865811 -234.588 0.0943564 0.994454 -0.0464645 -23.7384 -0.00423992 0.0470737 0.998882 7.71155
0.99554 -0.0940279 0.00769954 -235.779 0.0942752 0.994594 -0.0435396 -23.8464 -0.00356398 0.0440712 0.999022 7.76262
0.995576 -0.093636 0.00781139 -236.993 0.0938895 0.99462 -0.0437726 -23.9495 -0.00367068 0.0443123 0.999011 7.79462
0.995627 -0.0929876 0.00900576 -238.23 0.0932991 0.994635 -0.044679 -24.0544 -0.00480285 0.0453238 0.998961 7.82735
0.995667 -0.092327 0.0110792 -239.442 0.0927289 0.994717 -0.0440423 -24.1688 -0.00695433 0.0448788 0.998968 7.85244
0.995542 -0.0936225 0.0114711 -240.652 0.094021 0.99471 -0.0413684 -24.2989 -0.00753738 0.0422625 0.999078 7.87862
0.995495 -0.0943632 0.00926999 -241.855 0.0946534 0.99476 -0.0386507 -24.412 -0.00557421 0.039354 0.99921 7.93435
0.995423 -0.0953181 0.00685525 -243.084 0.095509 0.994724 -0.0374452 -24.5091 -0.00324987 0.0379286 0.999275 7.98996
0.995307 -0.0965327 0.00668308 -244.304 0.0967193 0.994568 -0.0384798 -24.6267 -0.00293222 0.0389456 0.999237 8.02914
0.995191 -0.0976326 0.00795178 -245.504 0.0978786 0.994347 -0.0411506 -24.745 -0.0038892 0.041731 0.999121 8.06538
0.995155 -0.097818 0.00992831 -246.714 0.0981692 0.994144 -0.0451621 -24.8651 -0.00545251 0.0459179 0.99893 8.11135
0.995121 -0.0980715 0.0107838 -247.934 0.0984881 0.993907 -0.0494812 -24.9892 -0.00586537 0.0503018 0.998717 8.14695
0.995098 -0.0981511 0.0120587 -249.146 0.0986512 0.99375 -0.0522398 -25.1234 -0.00685593 0.0531733 0.998562 8.16027
0.995179 -0.0972022 0.0130443 -250.34 0.0977506 0.993874 -0.0515609 -25.2377 -0.00795252 0.0525875 0.998585 8.19478
0.995208 -0.0969698 0.0126036 -251.559 0.0974801 0.994003 -0.0495635 -25.3573 -0.00772183 0.0505546 0.998691 8.25249
0.995084 -0.0981888 0.0128984 -252.788 0.0986858 0.994042 -0.0462683 -25.4769 -0.00827849 0.0473138 0.998846 8.28942
0.994867 -0.100414 0.0125437 -253.984 0.100876 0.993911 -0.0443285 -25.5958 -0.00801608 0.0453663 0.998938 8.32581
0.99464 -0.102727 0.0117585 -255.187 0.103142 0.993737 -0.0429834 -25.7064 -0.00726929 0.0439658 0.999007 8.37993
0.994409 -0.105068 0.0105559 -256.407 0.105416 0.993582 -0.041024 -25.8266 -0.00617789 0.0419074 0.999102 8.42857
0.99422 -0.106916 0.00978503 -257.619 0.107207 0.993559 -0.0367182 -25.9651 -0.00579622 0.037555 0.999278 8.44815
0.994001 -0.108888 0.0102191 -258.823 0.109161 0.993516 -0.0317793 -26.0902 -0.0066925 0.0327042 0.999443 8.48431
0.993813 -0.110667 0.00937985 -260.032 0.110877 0.993495 -0.0259521 -26.2094 -0.00644679 0.0268315 0.999619 8.53238
0.993638 -0.112273 0.00881702 -261.248 0.112453 0.993376 -0.0236386 -26.3417 -0.00610464 0.0244797 0.999682 8.59575
0.993535 -0.113146 0.00932188 -262.43 0.11334 0.99327 -0.023866 -26.4794 -0.0065588 0.0247683 0.999672 8.64094
0.99344 -0.113849 0.0107023 -263.629 0.114083 0.993164 -0.0247173 -26.6148 -0.00781512 0.0257762 0.999637 8.66546
0.993416 -0.113824 0.01302 -264.833 0.114138 0.993107 -0.0266717 -26.7667 -0.00989435 0.0279822 0.999559 8.70209
0.993422 -0.113575 0.0145972 -266.031 0.113952 0.993082 -0.0283278 -26.8988 -0.0112789 0.0298048 0.999492 8.73655
0.993435 -0.113713 0.0124887 -267.208 0.114039 0.993033 -0.0296661 -27.0352 -0.00902824 0.0308956 0.999482 8.78847
0.99353 -0.113047 0.0108476 -268.397 0.113332 0.99308 -0.0307917 -27.1664 -0.00729162 0.0318219 0.999467 8.84665
0.993681 -0.111779 0.010143 -269.6 0.112035 0.993259 -0.0297289 -27.3006 -0.00675159 0.0306775 0.999507 8.87432
0.993865 -0.110179 0.00965481 -270.781 0.110414 0.993472 -0.0286837 -27.4237 -0.00643143 0.0295738 0.999542 8.92746
0.994022 -0.108788 0.00920561 -271.96 0.109003 0.993661 -0.027488 -27.5419 -0.0061569 0.0283271 0.99958 8.97412
0.994117 -0.10801 0.00809866 -273.145 0.108181 0.993818 -0.0249388 -27.6717 -0.00535495 0.0256682 0.999656 8.99314
0.994257 -0.106811 0.00662431 -274.331 0.106935 0.994006 -0.0227478 -27.8013 -0.0041549 0.0233255 0.999719 9.04194
0.994442 -0.10509 0.00640158 -275.52 0.105211 0.994183 -0.0230331 -27.9276 -0.0039438 0.0235786 0.999714 9.09135
