1 0 0 0 0 1 0 0 0 0 1 0
1 -3.51642e-05 5.42547e-05 0.00431819 3.51687e-05 1 -8.22412e-05 0.00437891 -5.42518e-05 8.22431e-05 1 -0.00154188
1 5.19053e-06 4.69114e-05 0.00766823 -5.18725e-06 1 -6.98381e-05 0.00206445 -4.69118e-05 6.98378e-05 1 -0.00176584
1 3.94005e-05 2.24123e-05 0.00693519 -3.93998e-05 1 -3.26662e-05 0.000743085 -2.24136e-05 3.26653e-05 1 -0.000517489
1 -2.37695e-05 3.62969e-05 -0.00149748 2.37687e-05 1 2.20607e-05 -0.000922624 -3.62975e-05 -2.20598e-05 1 -0.00148891
1 3.68763e-05 4.55365e-06 -0.00301705 -3.68761e-05 1 -6.12479e-05 -0.00283251 -4.55591e-06 6.12477e-05 1 0.00218404
1 7.04562e-05 6.98609e-06 -0.000459468 -7.04557e-05 1 -7.93258e-05 -0.00109742 -6.99167e-06 7.93253e-05 1 0.00198968
1 3.34761e-06 2.37291e-05 0.00112963 -3.34611e-06 1 -6.31387e-05 0.00172561 -2.37293e-05 6.31386e-05 1 -0.000448435
1 1.04699e-05 2.14021e-05 0.0035892 -1.04693e-05 1 -2.83725e-05 -0.00125595 -2.14024e-05 2.83722e-05 1 -0.00137225
1 -3.73686e-05 1.49013e-06 0.00380211 3.73687e-05 1 -3.96526e-05 0.00161464 -1.48865e-06 3.96527e-05 1 -0.000507746
1 3.88289e-05 -1.26066e-05 0.0032208 -3.88282e-05 1 5.57529e-05 -0.00250406 1.26087e-05 -5.57524e-05 1 -0.00140459
1 7.71962e-05 3.73767e-05 0.00313373 -7.71934e-05 1 -7.22906e-05 -0.00221936 -3.73823e-05 7.22877e-05 1 0.000158098
1 -2.27316e-06 3.46938e-05 0.00223287 2.27467e-06 1 -4.33832e-05 0.00157923 -3.46937e-05 4.33833e-05 1 -0.000676542
1 2.65346e-05 8.52882e-06 0.00231131 -2.6534e-05 1 -6.74799e-05 0.00154237 -8.53061e-06 6.74797e-05 1 0.000949186
1 6.99664e-05 -2.65412e-05 0.00191365 -6.99661e-05 1 1.15166e-05 -0.00420583 2.6542e-05 -1.15147e-05 1 0.000944268
1 1.72685e-05 2.23373e-05 0.0033538 -1.72669e-05 1 -7.23139e-05 0.00024118 -2.23386e-05 7.23135e-05 1 0.000535987
1 -2.52553e-06 2.99512e-05 0.00147663 2.52796e-06 1 -8.11007e-05 0.002244 -2.9951e-05 8.11007e-05 1 0.00129415
1 2.11854e-05 1.21071e-05 0.00213027 -2.11849e-05 1 -4.08683e-05 -0.00135112 -1.21079e-05 4.0868e-05 1 0.000539696
1 2.67226e-07 1.08273e-05 0.0022211 -2.66583e-07 1 -5.94314e-05 -0.000178038 -1.08273e-05 5.94314e-05 1 0.00127472
1 -2.57177e-06 1.62816e-05 0.00117067 2.57312e-06 1 -8.28318e-05 0.00252333 -1.62814e-05 8.28318e-05 1 0.00115397
1 3.84551e-05 1.55726e-05 0.00218486 -3.84546e-05 1 -3.28619e-05 -0.000952276 -1.55739e-05 3.28613e-05 1 -9.28034e-05
1 6.26957e-05 1.21195e-05 0.00305749 -6.26953e-05 1 -3.61184e-05 -0.000854007 -1.21218e-05 3.61176e-05 1 -0.000194042
1 2.51044e-05 2.32236e-05 0.00448343 -2.51029e-05 1 -6.36806e-05 0.000439646 -2.32252e-05 6.368e-05 1 0.000383363
1 4.85141e-05 4.24758e-05 0.00395382 -4.85096e-05 1 -0.000105656 0.000499027 -4.24809e-05 0.000105654 1 3.16818e-05
1 6.80927e-05 2.0277e-05 0.00497122 -6.80905e-05 1 -0.000109094 0.000237775 -2.02844e-05 0.000109093 1 0.00131706
1 0.000112257 -2.24521e-05 0.0050712 -0.000112257 1 1.7925e-05 -0.00510049 2.24541e-05 -1.79225e-05 1 7.81131e-05
1 6.54154e-05 -1.05773e-05 0.00137197 -6.54156e-05 1 -2.44933e-05 -0.00165729 1.05756e-05 2.4494e-05 1 0.000856816
1 8.05979e-05 1.51571e-05 0.000544331 -8.0597e-05 1 -5.9409e-05 -0.00300213 -1.51619e-05 5.94078e-05 1 0.000566128
1 3.84772e-05 -3.78093e-06 -0.000187722 -3.84772e-05 1 -1.83872e-05 -0.00408228 3.78022e-06 1.83873e-05 1 -0.000742636
1 3.16363e-05 -4.38624e-06 0.00397102 -3.16366e-05 1 -7.27055e-05 -0.00167476 4.38394e-06 7.27056e-05 1 -0.000338219
1 4.55283e-05 -1.16937e-06 0.00453383 -4.55284e-05 1 -5.10265e-05 -0.00321776 1.16705e-06 5.10265e-05 1 1.4828e-05
1 0.000114563 4.33862e-05 0.00526338 -0.00011456 1 -6.16418e-05 -0.00263738 -4.33933e-05 6.16369e-05 1 -0.000226286
1 5.95103e-05 4.1261e-05 0.00657532 -5.95075e-05 1 -6.83079e-05 0.00290562 -4.12651e-05 6.83054e-05 1 -0.000634613
1 4.42651e-05 2.16495e-05 0.00167723 -4.42636e-05 1 -6.9012e-05 -0.000272008 -2.16525e-05 6.9011e-05 1 0.000870585
1 4.40562e-05 3.00418e-05 -0.00111479 -4.40552e-05 1 -3.3847e-05 -0.00326239 -3.00433e-05 3.38457e-05 1 -2.25694e-05
1 7.68209e-05 7.86211e-07 0.00413266 -7.68208e-05 1 -5.01256e-05 -0.000668177 -7.90062e-07 5.01255e-05 1 0.000458716
1 -5.48468e-06 3.9608e-06 -0.000456011 5.48482e-06 1 -3.67084e-05 -0.000797898 -3.9606e-06 3.67084e-05 1 0.000735579
1 1.94356e-05 -6.17633e-06 5.71719e-05 -1.94357e-05 1 -2.18383e-05 -0.00334352 6.1759e-06 2.18384e-05 1 0.0011959
1 5.36934e-05 -1.14027e-05 0.00571824 -5.36939e-05 1 -4.85974e-05 -0.00245189 1.14001e-05 4.85981e-05 1 0.00124774
1 6.31882e-05 3.24763e-06 0.0119236 -6.31879e-05 1 -9.00571e-05 -0.00168034 -3.25332e-06 9.00569e-05 1 0.00122277
1 0.000160704 -3.33661e-05 0.0227983 -0.000160704 1 -1.13898e-05 -0.00431708 3.33643e-05 1.13952e-05 1 0.00330222
1 0.000257832 3.42142e-05 0.0315769 -0.000257828 1 -0.000115632 0.000905646 -3.4244e-05 0.000115623 1 0.00434422
1 0.000112084 6.21268e-05 0.0217366 -0.000112077 1 -0.000120583 -0.000676429 -6.21403e-05 0.000120576 1 0.00314951
1 0.000178746 9.35081e-05 0.0039046 -0.000178732 1 -0.000147253 -0.00620443 -9.35344e-05 0.000147236 1 0.00293528
1 0.000183767 0.000127814 -0.0144685 -0.000183746 1 -0.000164328 -0.00836066 -0.000127844 0.000164305 1 0.00280189
1 9.25524e-05 9.8169e-05 -0.028866 -9.25373e-05 1 -0.000153981 -0.00581762 -9.81833e-05 0.000153972 1 0.00346403
1 -2.31948e-06 8.57066e-05 -0.0456175 2.33142e-06 1 -0.000139392 -0.00538591 -8.57063e-05 0.000139392 1 0.00464513
1 -6.83067e-05 0.00018961 -0.0646461 6.8341e-05 1 -0.000180833 -0.0049195 -0.000189598 0.000180846 1 0.00237281
1 2.56242e-05 0.000203488 -0.084553 -2.55685e-05 1 -0.000273669 -0.00855862 -0.000203495 0.000273664 1 0.00487732
1 6.26067e-06 0.000197726 -0.121661 -6.2241e-06 1 -0.000184974 -0.0126351 -0.000197727 0.000184973 1 0.00674719
1 -5.73675e-05 0.000257052 -0.155892 5.74218e-05 1 -0.000211123 -0.0179847 -0.00025704 0.000211138 1 0.00770224
1 -0.00025211 0.000364492 -0.196803 0.000252218 1 -0.000295677 -0.0212391 -0.000364418 0.000295769 1 0.00789277
1 -0.000557012 0.000530965 -0.253967 0.000557269 1 -0.000483286 -0.0187038 -0.000530695 0.000483582 1 0.0143049
0.999999 -0.0011368 0.000732073 -0.31983 0.00113728 0.999999 -0.00065944 -0.0116564 -0.000731323 0.000660272 1 0.0197344
0.999998 -0.00155654 0.000898739 -0.390402 0.00155726 0.999998 -0.000793501 -0.00272225 -0.000897503 0.0007949 0.999999 0.0212274
0.999997 -0.00205299 0.00102149 -0.459018 0.00205383 0.999998 -0.000828145 -0.00190826 -0.00101979 0.000830241 0.999999 0.0232301
0.999997 -0.00211964 0.00108453 -0.512534 0.00212056 0.999997 -0.000849747 -0.0102636 -0.00108273 0.000852045 0.999999 0.0265876
0.999995 -0.00274519 0.00128573 -0.614258 0.00274615 0.999996 -0.000744073 -0.00773418 -0.00128368 0.0007476 0.999999 0.026468
0.999993 -0.00346701 0.0014949 -0.718145 0.00346828 0.999994 -0.000843321 -0.0144008 -0.00149197 0.0008485 0.999999 0.0264078
0.999989 -0.00438742 0.00166987 -0.82701 0.004389 0.99999 -0.000940095 -0.00340022 -0.00166573 0.000947414 0.999998 0.0296192
0.999986 -0.0049575 0.00192185 -0.932337 0.00495935 0.999987 -0.000959369 -0.0072536 -0.00191706 0.000968886 0.999998 0.033893
0.999982 -0.00555005 0.00208429 -1.03737 0.00555239 0.999984 -0.00112267 -0.00591427 -0.00207802 0.00113423 0.999997 0.0401686
0.999978 -0.00624843 0.00221526 -1.17971 0.00625091 0.99998 -0.00111377 -0.017451 -0.00220826 0.00112759 0.999997 0.0388885
0.999969 -0.00750712 0.00249994 -1.32371 0.00751084 0.999971 -0.0014808 -0.0240736 -0.00248875 0.00149953 0.999996 0.0393424
0.999956 -0.00904782 0.00245718 -1.49282 0.0090515 0.999958 -0.00149367 -0.0147716 -0.00244356 0.00151585 0.999996 0.0473049
0.99995 -0.00971867 0.00238985 -1.65841 0.00972148 0.999952 -0.00116822 -0.0244829 -0.00237839 0.00119139 0.999996 0.0485441
0.999944 -0.0103865 0.00211149 -1.81605 0.0103889 0.999945 -0.00116452 -0.0286154 -0.00209928 0.00118639 0.999997 0.0544654
0.999942 -0.010639 0.00178827 -1.97667 0.0106414 0.999942 -0.0013375 -0.0429907 -0.00177394 0.00135645 0.999998 0.0580438
0.999935 -0.0112716 0.00177622 -2.17343 0.0112739 0.999936 -0.0012836 -0.0412801 -0.00176164 0.00130354 0.999998 0.0567627
0.999934 -0.0113589 0.00193358 -2.35052 0.0113613 0.999935 -0.00121713 -0.0388093 -0.00191963 0.00123902 0.999997 0.0642299
0.999932 -0.0114733 0.00212862 -2.56659 0.0114765 0.999933 -0.00149681 -0.0430852 -0.00211131 0.00152114 0.999997 0.0778975
0.999926 -0.011976 0.00189431 -2.78257 0.0119785 0.999927 -0.00134788 -0.0408089 -0.00187803 0.00137047 0.999997 0.0856022
0.999918 -0.0126685 0.00188217 -3.00189 0.0126702 0.999919 -0.000880237 -0.0387481 -0.00187087 0.000904012 0.999998 0.077445
0.999905 -0.0136593 0.00195417 -3.22891 0.0136608 0.999906 -0.000738073 -0.0277023 -0.0019439 0.000764698 0.999998 0.0768317
0.999898 -0.0140895 0.00232885 -3.45818 0.0140924 0.9999 -0.00122527 -0.036101 -0.00231136 0.00125796 0.999997 0.0834752
0.999893 -0.0143673 0.00280962 -3.68911 0.0143715 0.999896 -0.00149401 -0.0599714 -0.00278786 0.00153423 0.999995 0.090768
0.999884 -0.0148983 0.00324405 -3.93761 0.0149026 0.999888 -0.00128505 -0.0816776 -0.00322454 0.00133325 0.999994 0.0906377
0.99987 -0.0157729 0.00341769 -4.212 0.0157783 0.999874 -0.00156623 -0.0757442 -0.00339255 0.00161995 0.999993 0.104686
0.999861 -0.016341 0.00321097 -4.48323 0.0163449 0.999866 -0.00118951 -0.08378 -0.00319111 0.00124183 0.999994 0.113879
0.999847 -0.0171261 0.00354236 -4.77628 0.0171324 0.999852 -0.0017621 -0.0891064 -0.00351166 0.00182252 0.999992 0.126776
0.999837 -0.0176465 0.0037975 -5.06176 0.0176547 0.999842 -0.00214946 -0.0854969 -0.00375897 0.00221616 0.99999 0.140838
0.999818 -0.0186711 0.00382567 -5.38349 0.0186807 0.999822 -0.00249364 -0.0725694 -0.00377843 0.00256465 0.99999 0.145469
0.9998 -0.0196351 0.00382204 -5.68797 0.019645 0.999804 -0.00256382 -0.0868086 -0.00377095 0.00263839 0.999989 0.14866
0.99979 -0.0199519 0.00470985 -6.00931 0.0199665 0.999796 -0.00308316 -0.118507 -0.00464738 0.00317655 0.999984 0.159273
0.999781 -0.0201978 0.00538723 -6.35021 0.0202157 0.99979 -0.0032825 -0.121798 -0.0053198 0.00339069 0.99998 0.173497
0.999771 -0.0206257 0.00566771 -6.69682 0.020646 0.999781 -0.00355122 -0.130954 -0.00559322 0.00366742 0.999978 0.178255
0.999744 -0.0220361 0.00520982 -7.05442 0.0220535 0.999751 -0.00331794 -0.129485 -0.00513541 0.00343198 0.999981 0.179321
0.999736 -0.0225771 0.00426327 -7.41716 0.0225876 0.999742 -0.00241545 -0.138381 -0.00420763 0.00251111 0.999988 0.186848
0.999724 -0.0232158 0.00354936 -7.76894 0.0232232 0.999728 -0.00205813 -0.154259 -0.00350061 0.00213999 0.999992 0.210056
0.999698 -0.0242367 0.00393802 -8.15469 0.0242457 0.999703 -0.00225353 -0.167389 -0.00388224 0.00234833 0.99999 0.212552
0.999683 -0.0248531 0.00391807 -8.56898 0.0248621 0.999688 -0.00226993 -0.19077 -0.00386044 0.00236662 0.99999 0.207067
0.999647 -0.0262654 0.00392292 -8.97617 0.0262759 0.999651 -0.00265972 -0.194028 -0.0038517 0.00276186 0.999989 0.223486
0.999614 -0.0274625 0.00409892 -9.36311 0.0274722 0.99962 -0.00232087 -0.193189 -0.00403363 0.00243258 0.999989 0.239422
0.999579 -0.0286756 0.00438287 -9.77559 0.0286855 0.999586 -0.0022134 -0.205497 -0.00431759 0.00233819 0.999988 0.263902
0.999533 -0.0302426 0.00431326 -10.2137 0.0302484 0.999542 -0.00130035 -0.227705 -0.00427196 0.00143021 0.99999 0.261434
0.999494 -0.0315425 0.00414722 -10.6494 0.031549 0.999501 -0.00151977 -0.2481 -0.00409722 0.00164984 0.99999 0.272529
0.999434 -0.0333309 0.00446518 -11.1087 0.0333383 0.999443 -0.00159204 -0.254639 -0.00440963 0.00174 0.999989 0.277398
0.999368 -0.0352374 0.00457428 -11.5651 0.0352459 0.999377 -0.00177979 -0.262289 -0.00450872 0.00193989 0.999988 0.300424
0.999302 -0.0369846 0.00520644 -12.0281 0.0369943 0.999314 -0.00178167 -0.288201 -0.00513698 0.00197304 0.999985 0.31187
0.999221 -0.0390473 0.00577221 -12.5173 0.0390604 0.999234 -0.00217216 -0.314096 -0.00568297 0.00239593 0.999981 0.322669
0.999125 -0.0413941 0.00595231 -13.0164 0.0414075 0.99914 -0.00214291 -0.332513 -0.00585849 0.0023875 0.99998 0.331527
0.999018 -0.0439595 0.00557555 -13.5274 0.0439733 0.99903 -0.00238024 -0.347804 -0.0054655 0.00262308 0.999982 0.343347
0.998941 -0.0457252 0.00510999 -14.0325 0.0457348 0.998952 -0.00176293 -0.37569 -0.00502402 0.00199477 0.999985 0.367169
0.998845 -0.0478219 0.00475222 -14.5402 0.0478265 0.998855 -0.00085258 -0.397214 -0.00470601 0.00107888 0.999988 0.387108
0.998738 -0.0499854 0.00492817 -15.0611 0.0499902 0.998749 -0.000846421 -0.425203 -0.0048797 0.00109171 0.999987 0.404017
0.998625 -0.0521566 0.00531082 -15.6024 0.0521623 0.998638 -0.000939988 -0.462859 -0.00525456 0.00121572 0.999985 0.415128
0.998498 -0.0545399 0.00526584 -16.1606 0.0545483 0.99851 -0.00145359 -0.500038 -0.00517871 0.00173865 0.999985 0.429488
0.998333 -0.0574351 0.00578137 -16.7209 0.0574503 0.998345 -0.00249917 -0.525902 -0.00562826 0.00282715 0.99998 0.442135
0.998193 -0.0597089 0.00668853 -17.2746 0.0597279 0.998211 -0.00268306 -0.564539 -0.00651636 0.0030777 0.999974 0.457067
0.998026 -0.0624044 0.00707918 -17.8376 0.0624206 0.998048 -0.0020792 -0.600039 -0.00693561 0.00251698 0.999973 0.47867
0.99786 -0.0649964 0.00710835 -18.4076 0.065003 0.997885 -0.000714559 -0.639489 -0.00704687 0.00117509 0.999974 0.503969
0.997672 -0.0677716 0.00762553 -18.9968 0.0677732 0.997701 4.87632e-05 -0.686525 -0.0076113 0.000468157 0.999971 0.521996
0.997504 -0.0701804 0.00782709 -19.613 0.0701899 0.997533 -0.000943427 -0.733355 -0.00774158 0.00149045 0.999969 0.533227
0.997364 -0.0721773 0.00743501 -20.2016 0.0721986 0.997387 -0.00263842 -0.779338 -0.00722515 0.00316826 0.999969 0.547645
0.997261 -0.0736296 0.00703212 -20.8056 0.0736525 0.997279 -0.00306206 -0.831385 -0.00678753 0.0035716 0.999971 0.555839
0.997147 -0.0752616 0.00582027 -21.4252 0.0752805 0.997158 -0.00309185 -0.869875 -0.00557103 0.00352118 0.999978 0.580874
0.99697 -0.0775911 0.00556035 -22.058 0.077605 0.996981 -0.00232203 -0.910331 -0.0053634 0.0027465 0.999982 0.60839
0.996838 -0.0792257 0.00611851 -22.705 0.0792392 0.996854 -0.00200771 -0.965588 -0.0059402 0.00248618 0.999979 0.620768
0.996765 -0.0801173 0.00638266 -23.3527 0.0801391 0.996778 -0.0032439 -1.02079 -0.00610221 0.00374491 0.999974 0.630241
0.996713 -0.0807613 0.00632862 -23.9972 0.0807917 0.99672 -0.00470338 -1.08511 -0.00592801 0.00519923 0.999969 0.646657
0.996643 -0.0816114 0.00648902 -24.6599 0.0816473 0.996646 -0.00548319 -1.13487 -0.00601977 0.0059946 0.999964 0.666523
0.996553 -0.0827701 0.00554105 -25.3141 0.0827937 0.996558 -0.00417639 -1.18357 -0.0051763 0.00462076 0.999976 0.685636
0.996476 -0.0837309 0.0049302 -26.002 0.0837492 0.99648 -0.00362523 -1.23455 -0.0046093 0.00402536 0.999981 0.719573
0.996382 -0.0848642 0.0046669 -26.6845 0.0848816 0.996384 -0.00366134 -1.28777 -0.00433931 0.00404423 0.999982 0.738369
0.996331 -0.0854563 0.00473924 -27.3671 0.085476 0.996332 -0.00412171 -1.35074 -0.00436963 0.00451168 0.99998 0.755162
0.996263 -0.0861538 0.00610052 -28.0696 0.0861862 0.996265 -0.0052764 -1.41758 -0.00562315 0.00578247 0.999967 0.775576
0.996121 -0.0876725 0.00755985 -28.7764 0.0877132 0.996132 -0.00521787 -1.48547 -0.00707314 0.00586073 0.999958 0.7819
0.996039 -0.0885386 0.00820391 -29.4851 0.0885922 0.996047 -0.0064179 -1.5364 -0.00760325 0.00711928 0.999946 0.819018
0.996041 -0.0885225 0.00818295 -30.2029 0.0885715 0.996053 -0.00584232 -1.59775 -0.00763348 0.00654397 0.999949 0.82594
0.996176 -0.0870765 0.00716092 -30.9317 0.0871256 0.996174 -0.0068575 -1.6629 -0.00653639 0.00745517 0.999951 0.850224
0.996367 -0.0849869 0.00543789 -31.6711 0.0850336 0.996337 -0.0090377 -1.72893 -0.00464989 0.00946727 0.999944 0.87888
0.996543 -0.0828862 0.00563189 -32.4191 0.0829391 0.996505 -0.00991599 -1.79395 -0.00479031 0.0103488 0.999935 0.909755
0.996685 -0.081059 0.0069493 -33.1685 0.08112 0.996664 -0.0089885 -1.85394 -0.00619752 0.00952243 0.999935 0.916391
0.9968 -0.0795791 0.00760527 -33.9188 0.0796422 0.996788 -0.00839548 -1.90398 -0.00691274 0.00897431 0.999936 0.933925
0.99695 -0.0777211 0.00701647 -34.681 0.0777877 0.996922 -0.00978272 -1.95469 -0.00623455 0.0102987 0.999928 0.968732
0.997169 -0.0749571 0.00588438 -35.4371 0.0750179 0.997123 -0.0108878 -2.01081 -0.00505134 0.0112984 0.999923 0.981935
0.997392 -0.0720088 0.00479751 -36.2335 0.0720575 0.997341 -0.0108995 -2.0751 -0.00399989 0.0112168 0.999929 0.993078
0.997585 -0.0693107 0.00440982 -37.0247 0.0693529 0.997539 -0.0102596 -2.1181 -0.00368787 0.0105406 0.999938 1.01601
0.997769 -0.0665351 0.00545508 -37.8048 0.0665868 0.997731 -0.0099267 -2.15476 -0.00478223 0.0102678 0.999936 1.05261
0.99795 -0.0634508 0.00835362 -38.6054 0.063532 0.997931 -0.00983202 -2.2029 -0.00771249 0.0103426 0.999917 1.07494
0.998099 -0.0607337 0.0104795 -39.4119 0.0608348 0.998102 -0.0096097 -2.25051 -0.00987592 0.0102289 0.999899 1.08895
0.998278 -0.0577492 0.0102729 -40.224 0.0578489 0.998278 -0.00969214 -2.29302 -0.00969552 0.0102697 0.9999 1.11802
0.99847 -0.054628 0.00860697 -41.0486 0.0547011 0.998467 -0.00850229 -2.33226 -0.00812931 0.00896009 0.999927 1.14325
0.998655 -0.0513433 0.00719153 -41.8831 0.0513975 0.99865 -0.00755731 -2.37016 -0.0067938 0.00791677 0.999946 1.1777
0.998792 -0.0484659 0.00807001 -42.7193 0.0485285 0.998792 -0.00774935 -2.40566 -0.00768468 0.00813161 0.999937 1.20811
0.998921 -0.0451926 0.0107338 -43.5513 0.0452713 0.998949 -0.00720262 -2.43599 -0.010397 0.00768078 0.999916 1.22612
0.999033 -0.0421329 0.0125337 -44.3902 0.0422139 0.999089 -0.0062743 -2.46831 -0.012258 0.00679734 0.999902 1.25634
0.999161 -0.0390115 0.0124905 -45.2329 0.0390778 0.999223 -0.00510519 -2.49084 -0.0122817 0.005589 0.999909 1.29737
0.999276 -0.036017 0.0122233 -46.1123 0.0360574 0.999345 -0.00310012 -2.5163 -0.0121037 0.00353862 0.99992 1.31186
0.999404 -0.0327535 0.0109197 -46.9835 0.0327905 0.999457 -0.00322853 -2.53478 -0.0108081 0.00358466 0.999935 1.35404
0.999511 -0.0296277 0.0100351 -47.8455 0.029662 0.999555 -0.00328856 -2.55341 -0.00993315 0.00358461 0.999944 1.38888
0.999583 -0.0270255 0.0101819 -48.7198 0.0270552 0.99963 -0.00278829 -2.57326 -0.0101027 0.0030626 0.999944 1.41122
0.99966 -0.0239291 0.0103226 -49.6108 0.0239559 0.99971 -0.00247466 -2.59049 -0.0102604 0.00272111 0.999944 1.44196
0.999738 -0.0203132 0.0105808 -50.495 0.0203454 0.999789 -0.00294263 -2.6082 -0.0105188 0.00315713 0.99994 1.47797
0.999799 -0.0168616 0.0108643 -51.4046 0.0168875 0.999855 -0.00230371 -2.62179 -0.0108238 0.00248672 0.999938 1.49374
0.999849 -0.0138127 0.0105077 -52.313 0.013836 0.999902 -0.00215569 -2.63267 -0.0104769 0.00230075 0.999942 1.52247
0.999891 -0.0105045 0.0103829 -53.2065 0.0105282 0.999942 -0.00223763 -2.63184 -0.0103588 0.0023467 0.999944 1.55464
0.999913 -0.00780488 0.0106277 -54.1228 0.00781973 0.999969 -0.00135656 -2.63092 -0.0106168 0.00143955 0.999943 1.58377
0.999928 -0.00626871 0.0102635 -55.0488 0.00627076 0.99998 -0.000167874 -2.62696 -0.0102622 0.000232222 0.999947 1.62554
0.99994 -0.00541194 0.00953884 -55.9754 0.00540057 0.999985 0.0012171 -2.62209 -0.00954528 -0.00116551 0.999954 1.66243
0.999953 -0.00506136 0.00830232 -56.91 0.00505019 0.999986 0.00136616 -2.62412 -0.00830912 -0.00132416 0.999965 1.70132
0.999945 -0.00546924 0.00893367 -57.8456 0.00546149 0.999985 0.000892506 -2.63662 -0.00893842 -0.000843666 0.99996 1.72898
0.999932 -0.00605044 0.00996484 -58.79 0.00604583 0.999982 0.000492721 -2.64167 -0.00996764 -0.000432442 0.99995 1.75256
0.999925 -0.00698336 0.0100303 -59.7423 0.00698997 0.999975 -0.000624386 -2.64495 -0.0100257 0.00069445 0.99995 1.78942
0.999926 -0.00751349 0.00955869 -60.6935 0.00754053 0.999968 -0.0027964 -2.64509 -0.00953737 0.00286827 0.99995 1.82677
0.999913 -0.00781289 0.0106099 -61.6627 0.00785628 0.999961 -0.00405445 -2.66473 -0.0105778 0.00413745 0.999935 1.84421
0.999891 -0.00865696 0.0119529 -62.638 0.00872862 0.999944 -0.005956 -2.67968 -0.0119007 0.00605969 0.999911 1.878
0.999882 -0.00922972 0.0122776 -63.6106 0.00931626 0.999932 -0.00701024 -2.68747 -0.0122121 0.00712379 0.9999 1.91447
0.999888 -0.00925967 0.0117851 -64.5879 0.00935729 0.999922 -0.00825502 -2.69186 -0.0117077 0.00836437 0.999896 1.9522
0.999877 -0.00941447 0.012538 -65.5699 0.00952569 0.999916 -0.00884087 -2.70094 -0.0124537 0.00895922 0.999882 1.98637
0.999871 -0.00952738 0.0129596 -66.5561 0.00962654 0.999925 -0.00761063 -2.70084 -0.0128861 0.0077344 0.999887 2.01409
0.999875 -0.0098402 0.0123554 -67.57 0.00993159 0.999924 -0.00735727 -2.70394 -0.0122821 0.00747906 0.999897 2.06607
0.999882 -0.00944849 0.0121144 -68.5707 0.00953857 0.999927 -0.0073995 -2.70938 -0.0120436 0.00751419 0.999899 2.11162
0.999882 -0.00878561 0.0125786 -69.5752 0.00888579 0.999929 -0.00793118 -2.72548 -0.012508 0.00804202 0.999889 2.13312
0.999877 -0.00837437 0.013272 -70.5857 0.00847185 0.999937 -0.00730569 -2.729 -0.01321 0.00741723 0.999885 2.14581
0.999904 -0.00858127 0.0108815 -71.6022 0.00862239 0.999956 -0.00373805 -2.72674 -0.010849 0.00383152 0.999934 2.18954
0.999939 -0.00819553 0.00744143 -72.641 0.00820876 0.999965 -0.00174907 -2.72611 -0.00742683 0.00181005 0.999971 2.23444
0.999943 -0.00761728 0.00741843 -73.667 0.00761336 0.999971 0.000556259 -2.73025 -0.00742245 -0.000499749 0.999972 2.27057
0.999904 -0.00749855 0.0116463 -74.6952 0.0074898 0.999972 0.000794358 -2.73953 -0.011652 -0.000707053 0.999932 2.31041
0.999838 -0.0065864 0.01676 -75.6967 0.00657525 0.999978 0.00072069 -2.75174 -0.0167644 -0.000610373 0.999859 2.33353
0.999792 -0.00700946 0.0191703 -76.7529 0.00699028 0.999975 0.00106723 -2.7454 -0.0191773 -0.000932998 0.999816 2.37837
0.999787 -0.00694271 0.0194353 -77.8078 0.00690006 0.999974 0.00226076 -2.74404 -0.0194505 -0.00212618 0.999809 2.42382
0.99979 -0.00643941 0.0194398 -78.8475 0.0063983 0.999977 0.00217664 -2.74934 -0.0194534 -0.0020518 0.999809 2.46578
0.999814 -0.00644137 0.0181757 -79.9081 0.00641206 0.999978 0.00167018 -2.757 -0.0181861 -0.00155332 0.999833 2.50888
0.999844 -0.00631035 0.0165 -80.9717 0.00628137 0.999979 0.00180758 -2.76134 -0.0165111 -0.00170366 0.999862 2.5578
0.999867 -0.00687301 0.0147835 -82.0465 0.00685183 0.999975 0.00148318 -2.7573 -0.0147934 -0.00138169 0.99989 2.62478
0.999864 -0.00607456 0.0153375 -83.1174 0.00602859 0.999977 0.00304211 -2.74814 -0.0153556 -0.00294923 0.999878 2.66363
0.999833 -0.00536327 0.0174765 -84.192 0.00530059 0.999979 0.00363068 -2.75641 -0.0174956 -0.00353744 0.999841 2.70206
0.999762 -0.00517544 0.0211855 -85.2561 0.00513627 0.999985 0.00190311 -2.77091 -0.021195 -0.00179384 0.999774 2.74195
0.999713 -0.00545527 0.0233404 -86.3399 0.00546826 0.999985 -0.000492801 -2.77792 -0.0233374 0.000620291 0.999727 2.78787
0.999725 -0.00506674 0.0229046 -87.4139 0.00509424 0.999986 -0.00114252 -2.77722 -0.0228985 0.00125889 0.999737 2.81546
0.999807 -0.00487517 0.0190107 -88.5208 0.0048827 0.999988 -0.000350127 -2.78355 -0.0190088 0.000442883 0.999819 2.85404
0.999929 -0.0039891 0.0112098 -89.6182 0.00396961 0.999991 0.00176025 -2.7721 -0.0112167 -0.00171563 0.999936 2.91545
0.999978 -0.00338051 0.00574818 -90.7271 0.00337229 0.999993 0.00143995 -2.77006 -0.00575301 -0.00142053 0.999982 2.98697
0.999962 -0.00215042 0.00845926 -91.8071 0.00213595 0.999996 0.00171921 -2.76729 -0.00846293 -0.00170108 0.999963 3.01945
0.999908 -0.000468014 0.0135217 -92.8875 0.000424802 0.999995 0.00319843 -2.76732 -0.0135231 -0.00319239 0.999903 3.02419
0.999888 0.00114113 0.0149181 -93.9664 -0.0011788 0.999996 0.00251639 -2.76497 -0.0149152 -0.0025337 0.999886 3.06565
0.999922 0.00277236 0.012185 -95.0411 -0.00279544 0.999994 0.00187736 -2.75759 -0.0121797 -0.00191128 0.999924 3.11407
0.999945 0.00375028 0.0098227 -96.112 -0.00376053 0.999992 0.00102561 -2.74954 -0.00981878 -0.00106249 0.999951 3.16654
0.99994 0.00442947 0.0100022 -97.1941 -0.0044397 0.99999 0.00100149 -2.74142 -0.0099977 -0.00104584 0.999949 3.20775
0.999901 0.00623085 0.0126508 -98.2472 -0.00623983 0.99998 0.000670386 -2.72917 -0.0126464 -0.000749258 0.99992 3.25342
0.999853 0.00758714 0.0154036 -99.3002 -0.00758906 0.999971 6.62766e-05 -2.718 -0.0154026 -0.000183166 0.999881 3.29522
0.999824 0.00878836 0.0165485 -100.358 -0.00878584 0.999961 -0.000224693 -2.71007 -0.0165498 7.92611e-05 0.999863 3.32959
0.999828 0.00930269 0.0160475 -101.427 -0.00928871 0.999956 -0.000945019 -2.69307 -0.0160556 0.000795796 0.999871 3.37324
0.99982 0.0101077 0.0160384 -102.454 -0.0100814 0.999948 -0.00172014 -2.67681 -0.0160549 0.00155814 0.99987 3.42721
0.999815 0.00962967 0.0166228 -103.497 -0.00961765 0.999953 -0.000802579 -2.66723 -0.0166298 0.000642558 0.999862 3.4743
0.999822 0.00876124 0.0167222 -104.55 -0.0087506 0.999961 -0.000709421 -2.65907 -0.0167277 0.000562966 0.99986 3.51433
0.999829 0.00845555 0.0164196 -105.597 -0.00841791 0.999962 -0.00236032 -2.65089 -0.0164389 0.0022217 0.999862 3.5702
0.999826 0.00849491 0.0165777 -106.625 -0.00844052 0.999959 -0.00334845 -2.63608 -0.0166054 0.00320794 0.999857 3.6041
0.999845 0.00811503 0.0156024 -107.658 -0.00805272 0.999959 -0.00405253 -2.6212 -0.0156347 0.00392626 0.99987 3.64411
0.999871 0.00744244 0.0142573 -108.694 -0.00738838 0.999965 -0.00384094 -2.61063 -0.0142854 0.0037351 0.999891 3.6881
0.999887 0.00676399 0.0134446 -109.719 -0.00672321 0.999973 -0.00307552 -2.60214 -0.013465 0.00298478 0.999905 3.74288
0.999899 0.00527097 0.0132061 -110.739 -0.00526526 0.999986 -0.000467078 -2.59774 -0.0132083 0.000397497 0.999913 3.79288
0.999911 0.00238497 0.0131005 -111.728 -0.00241662 0.999994 0.00240064 -2.60044 -0.0130947 -0.00243208 0.999911 3.84317
0.999903 -0.00151608 0.0138782 -112.73 0.00146673 0.999993 0.00356544 -2.59996 -0.0138835 -0.00354474 0.999897 3.88037
0.999868 -0.00678281 0.0147601 -113.759 0.00673507 0.999972 0.00328155 -2.59911 -0.014782 -0.0031817 0.999886 3.91917
0.99981 -0.0118512 0.0154921 -114.779 0.0118229 0.999928 0.00191497 -2.60779 -0.0155137 -0.00173144 0.999878 3.96291
0.999744 -0.0161707 0.0158206 -115.785 0.0161618 0.999869 0.000690184 -2.62656 -0.0158297 -0.000434318 0.999875 4.00119
0.999659 -0.0203003 0.016435 -116.776 0.0202794 0.999793 0.00143858 -2.64965 -0.0164608 -0.0011048 0.999864 4.03148
0.99955 -0.025465 0.0158792 -117.784 0.0254559 0.999676 0.000775065 -2.67747 -0.0158938 -0.000370496 0.999874 4.09815
0.999385 -0.0311316 0.016147 -118.793 0.0310933 0.999513 0.00261853 -2.71004 -0.0162206 -0.00211486 0.999866 4.12808
0.999221 -0.0360095 0.0161673 -119.809 0.0359821 0.99935 0.0019838 -2.73399 -0.0162283 -0.00140052 0.999867 4.18914
0.999014 -0.0408444 0.0174234 -120.814 0.040825 0.999165 0.00146968 -2.77296 -0.0174689 -0.00075692 0.999847 4.2299
0.99872 -0.0465687 0.0197167 -121.824 0.046543 0.998915 0.00175855 -2.83696 -0.0197771 -0.00083863 0.999804 4.25678
0.998442 -0.0518062 0.0207497 -122.828 0.0517972 0.998657 0.000973843 -2.88865 -0.0207723 0.000102452 0.999784 4.30732
0.998218 -0.0561749 0.0201467 -123.828 0.0561649 0.998421 0.00106623 -2.94491 -0.0201748 6.72081e-05 0.999796 4.34293
0.998022 -0.0602911 0.0177837 -124.844 0.0602937 0.998181 0.000393098 -2.99837 -0.017775 0.000679924 0.999842 4.3859
0.997859 -0.0633104 0.0164137 -125.866 0.0633337 0.997992 -0.000899445 -3.05764 -0.0163238 0.00193706 0.999865 4.43954
0.997619 -0.0666701 0.0176365 -126.874 0.0666964 0.997773 -0.00090511 -3.1323 -0.0175369 0.00207924 0.999844 4.48426
0.997375 -0.0698778 0.0189757 -127.872 0.0699084 0.997553 -0.000955688 -3.19954 -0.0188625 0.00227974 0.999819 4.5342
0.997164 -0.0724824 0.0202307 -128.87 0.0725125 0.997367 -0.000757172 -3.27835 -0.0201226 0.00222201 0.999795 4.5699
0.99702 -0.0745458 0.0198337 -129.877 0.0746346 0.997204 -0.00377304 -3.35807 -0.019497 0.00524208 0.999796 4.61777
0.996969 -0.0754574 0.0189575 -130.891 0.0756148 0.997107 -0.00772796 -3.4374 -0.0183195 0.009138 0.99979 4.66569
0.996969 -0.075501 0.0187634 -131.905 0.0757095 0.997073 -0.0106618 -3.51482 -0.0179035 0.0120501 0.999767 4.70403
0.99693 -0.0761599 0.0181767 -132.93 0.0763654 0.99702 -0.0108941 -3.59117 -0.0172929 0.0122487 0.999775 4.74608
0.996946 -0.076096 0.0175443 -133.93 0.0762565 0.997051 -0.00866631 -3.66871 -0.0168331 0.00997771 0.999809 4.79763
0.996908 -0.0764122 0.0183339 -134.95 0.0765319 0.99705 -0.00591988 -3.73515 -0.0178274 0.0073047 0.999814 4.84437
0.996831 -0.0771266 0.0194878 -135.964 0.0772508 0.996995 -0.00570287 -3.81308 -0.0189894 0.00719024 0.999794 4.89014
0.996806 -0.077259 0.0202133 -136.972 0.0774036 0.996979 -0.00646959 -3.88174 -0.0196524 0.00801351 0.999775 4.93183
0.996837 -0.0770408 0.0194929 -137.986 0.0772137 0.99698 -0.00827653 -3.96675 -0.0187964 0.00975547 0.999776 4.97224
0.996937 -0.0762254 0.0175053 -139 0.0764321 0.997009 -0.0114592 -4.04907 -0.0165794 0.0127621 0.999781 5.01829
0.997087 -0.0744242 0.0166953 -140.014 0.0746693 0.997102 -0.0145684 -4.12012 -0.0155626 0.0157726 0.999754 5.0677
0.997322 -0.0710059 0.0175437 -141.012 0.0712804 0.997335 -0.0155513 -4.19013 -0.0163928 0.0167602 0.999725 5.1113
0.997498 -0.0679668 0.0194467 -142.017 0.0682503 0.997566 -0.0143073 -4.25845 -0.0184269 0.0155988 0.999709 5.14803
0.997639 -0.0654734 0.020728 -143.036 0.06573 0.997766 -0.0119527 -4.31661 -0.0198991 0.013287 0.999714 5.19079
0.997766 -0.0634786 0.0208287 -144.045 0.0637395 0.997893 -0.0121109 -4.37649 -0.020016 0.0134114 0.99971 5.25963
0.997938 -0.0607101 0.0208245 -145.033 0.0609778 0.998061 -0.012474 -4.4421 -0.0200268 0.0137181 0.999705 5.29802
0.998116 -0.057557 0.0212289 -146.046 0.0578724 0.998218 -0.014554 -4.49303 -0.0203534 0.0157551 0.999669 5.34412
0.998265 -0.0547161 0.0217449 -147.048 0.05506 0.998362 -0.0155466 -4.54191 -0.0208587 0.0167169 0.999643 5.38207
0.998423 -0.0520113 0.0211233 -148.046 0.0523849 0.998473 -0.0175323 -4.60087 -0.0201792 0.0186112 0.999623 5.43886
0.998538 -0.0498045 0.0210191 -149.041 0.0501636 0.998598 -0.0169212 -4.65214 -0.0201469 0.0179509 0.999636 5.47071
0.998678 -0.0471847 0.0204161 -150.034 0.0475299 0.998729 -0.0167665 -4.68466 -0.019599 0.0177147 0.999651 5.51887
0.998792 -0.0452429 0.0191702 -151.02 0.0455749 0.998812 -0.0172523 -4.72278 -0.0183668 0.0181051 0.999667 5.58193
0.998896 -0.0428525 0.0192334 -152.002 0.0431666 0.998936 -0.0162259 -4.76663 -0.0185176 0.0170382 0.999683 5.6213
0.999006 -0.0398878 0.019885 -152.985 0.0401947 0.999075 -0.0152837 -4.81571 -0.019257 0.0160678 0.999685 5.65753
0.99906 -0.0384013 0.0200982 -153.954 0.0387128 0.999133 -0.015345 -4.83737 -0.0194915 0.0161086 0.99968 5.6947
0.999142 -0.0368084 0.0190036 -154.924 0.037079 0.999213 -0.0140933 -4.86018 -0.0184699 0.0147858 0.99972 5.74977
0.999191 -0.0355089 0.0189038 -155.906 0.035775 0.999263 -0.013929 -4.89246 -0.0183952 0.014594 0.999724 5.81443
0.999238 -0.0340917 0.018987 -156.863 0.0343426 0.999325 -0.01305 -4.91813 -0.0185293 0.0136921 0.999735 5.84579
0.999316 -0.031831 0.0188118 -157.832 0.0320831 0.999397 -0.0132533 -4.95137 -0.0183786 0.0138478 0.999735 5.89645
0.999371 -0.0297852 0.0192441 -158.81 0.0300284 0.999471 -0.0124727 -4.98015 -0.0188624 0.0130427 0.999737 5.93659
0.999408 -0.0285574 0.0191996 -159.751 0.0287908 0.999514 -0.0119887 -4.99246 -0.0188479 0.0125344 0.999744 5.98445
0.999451 -0.0265821 0.0197867 -160.693 0.0268034 0.99958 -0.0110024 -5.02603 -0.0194859 0.0115267 0.999744 6.0296
0.999476 -0.0249074 0.020651 -161.652 0.0251101 0.999638 -0.00961858 -5.03979 -0.0204039 0.0101321 0.99974 6.07539
0.99951 -0.0236515 0.0205192 -162.598 0.0238512 0.99967 -0.00954136 -5.05405 -0.0202868 0.0100261 0.999744 6.13881
0.999543 -0.0218907 0.0208383 -163.542 0.0220737 0.999719 -0.00859524 -5.06832 -0.0206443 0.0090513 0.999746 6.1817
0.999572 -0.0200407 0.0212965 -164.483 0.0202179 0.999762 -0.00813758 -5.08474 -0.0211284 0.00856467 0.99974 6.22063
0.999613 -0.0178489 0.0213372 -165.395 0.0180532 0.999793 -0.009418 -5.10968 -0.0211647 0.00979956 0.999728 6.25732
0.999629 -0.0161773 0.0218952 -166.335 0.0164033 0.999814 -0.0101858 -5.12375 -0.0217263 0.0105412 0.999708 6.29518
0.999649 -0.0145277 0.0221387 -167.28 0.0147802 0.999827 -0.0112856 -5.12843 -0.0219709 0.0116089 0.999691 6.34939
0.999678 -0.0123512 0.0221545 -168.205 0.012625 0.999845 -0.0122623 -5.13967 -0.0219996 0.0125381 0.999679 6.39622
0.999698 -0.010179 0.0223846 -169.137 0.0104632 0.999866 -0.0126182 -5.15172 -0.0222531 0.0128486 0.99967 6.43848
0.999721 -0.00748113 0.0224045 -170.064 0.00778554 0.999878 -0.0135308 -5.1732 -0.0223006 0.0137014 0.999657 6.48604
0.999737 -0.0061794 0.0221058 -170.998 0.00647991 0.999887 -0.0135489 -5.17863 -0.0220195 0.0136886 0.999664 6.53461
0.999739 -0.00495205 0.0223165 -171.912 0.00527416 0.999882 -0.014398 -5.16665 -0.0222425 0.0145119 0.999647 6.58597
0.999748 -0.00372622 0.022155 -172.831 0.0040727 0.99987 -0.0156147 -5.15488 -0.022094 0.015701 0.999633 6.63424
0.999742 -0.00230066 0.0225785 -173.742 0.00269347 0.999845 -0.0173828 -5.17052 -0.022535 0.0174391 0.999594 6.67577
0.999739 -0.00130087 0.022823 -174.659 0.00173292 0.999819 -0.0189211 -5.18078 -0.0227943 0.0189557 0.99956 6.71678
0.999756 -0.000979289 0.0220475 -175.575 0.001416 0.999803 -0.0198011 -5.17313 -0.0220237 0.0198275 0.999561 6.76993
0.999747 -0.00054514 0.0224664 -176.476 0.000981463 0.999811 -0.0194147 -5.17135 -0.0224516 0.0194318 0.999559 6.80942
0.999736 0.000335437 0.0229778 -177.381 9.22537e-05 0.999827 -0.0186096 -5.17937 -0.0229801 0.0186068 0.999563 6.84854
0.999728 0.00107609 0.023285 -178.285 -0.000622548 0.99981 -0.0194763 -5.17644 -0.0233015 0.0194565 0.999539 6.89567
0.999706 0.00106586 0.0242355 -179.198 -0.000578583 0.999798 -0.020104 -5.17497 -0.024252 0.0200841 0.999504 6.93237
0.999718 0.00185495 0.0236717 -180.088 -0.00135286 0.999774 -0.0212091 -5.17057 -0.0237057 0.0211711 0.999495 6.98454
0.999748 0.00242155 0.0222979 -180.977 -0.00195955 0.999783 -0.020718 -5.17199 -0.0223432 0.0206691 0.999537 7.03028
0.999801 0.00311611 0.019688 -181.879 -0.00276053 0.999833 -0.0180621 -5.16163 -0.019741 0.0180041 0.999643 7.05537
0.999867 0.00385648 0.0158653 -182.769 -0.00359303 0.999856 -0.0166006 -5.15393 -0.015927 0.0165414 0.999736 7.11478
0.999867 0.00393979 0.0158051 -183.659 -0.00368339 0.999862 -0.0162189 -5.14666 -0.0158668 0.0161586 0.999744 7.16836
0.999798 0.00436399 0.0196379 -184.558 -0.0040479 0.999862 -0.0161073 -5.15312 -0.0197055 0.0160245 0.999677 7.20156
0.999701 0.0052129 0.0239106 -185.432 -0.00480503 0.999843 -0.0170839 -5.14407 -0.0239959 0.0169639 0.999568 7.24164
0.999637 0.00538855 0.0263815 -186.304 -0.00491632 0.999827 -0.0179325 -5.12875 -0.0264735 0.0177963 0.999491 7.26961
0.999657 0.00603293 0.0254849 -187.153 -0.00555985 0.999812 -0.0185932 -5.12254 -0.0255923 0.0184451 0.999502 7.31452
0.999708 0.0066765 0.0232315 -188.023 -0.00623391 0.999799 -0.0190716 -5.12346 -0.0233541 0.0189212 0.999548 7.36432
0.999754 0.00626837 0.0212893 -188.908 -0.00583865 0.999779 -0.0201874 -5.11683 -0.0214111 0.0200581 0.99957 7.42083
0.999747 0.00579038 0.0217327 -189.784 -0.00534356 0.999774 -0.0205618 -5.12209 -0.0218469 0.0204405 0.999552 7.46132
0.999716 0.00480248 0.023325 -190.631 -0.00431238 0.99977 -0.0210167 -5.10386 -0.0234206 0.0209102 0.999507 7.50052
0.999699 0.00460935 0.0240929 -191.466 -0.00408046 0.999751 -0.021955 -5.10081 -0.0241881 0.02185 0.999469 7.55033
0.99968 0.00386384 0.0250024 -192.317 -0.00331196 0.999751 -0.022077 -5.10188 -0.0250815 0.0219871 0.999444 7.58894
0.999695 0.00350121 0.0244386 -193.16 -0.00294292 0.999735 -0.0228436 -5.09626 -0.0245121 0.0227647 0.99944 7.62401
0.999755 0.003088 0.0219193 -194.008 -0.00259051 0.999739 -0.0226886 -5.09029 -0.0219836 0.0226263 0.999502 7.67579
0.999816 0.00296188 0.0189748 -194.846 -0.00254257 0.999753 -0.0220841 -5.08414 -0.0190356 0.0220318 0.999576 7.71713
0.999848 0.00289012 0.0171884 -195.684 -0.00251283 0.999756 -0.0219317 -5.09202 -0.0172476 0.0218852 0.999612 7.75833
0.999859 0.00273461 0.0165459 -196.517 -0.00236541 0.999749 -0.0222923 -5.08107 -0.0166027 0.02225 0.999615 7.79939
0.999847 0.00218731 0.0173829 -197.35 -0.00179014 0.999738 -0.0228309 -5.0777 -0.0174282 0.0227962 0.999588 7.83425
0.999831 0.00209435 0.0182885 -198.181 -0.00169483 0.99976 -0.0218339 -5.08363 -0.0183299 0.0217992 0.999594 7.85989
0.99983 0.00266494 0.0182218 -198.991 -0.00229316 0.999789 -0.0203936 -5.09272 -0.0182723 0.0203483 0.999626 7.90709
0.99984 0.00283012 0.0176588 -199.801 -0.00249485 0.999817 -0.018979 -5.07831 -0.0177093 0.0189319 0.999664 7.94347
0.999851 0.00249147 0.0171028 -200.62 -0.00215525 0.999805 -0.0196489 -5.06742 -0.0171484 0.0196091 0.999661 7.98845
0.999843 0.00229475 0.017575 -201.432 -0.00192458 0.999777 -0.0210504 -5.0707 -0.0176193 0.0210132 0.999624 8.02564
0.999821 0.00215595 0.0188084 -202.247 -0.00176428 0.999782 -0.0208158 -5.06163 -0.0188492 0.0207788 0.999606 8.05238
0.999825 0.00217998 0.0185601 -203.041 -0.0018202 0.999811 -0.0193792 -5.05451 -0.0185988 0.019342 0.99964 8.08737
0.99984 0.00228571 0.0177535 -203.838 -0.00194459 0.999814 -0.0192072 -5.06129 -0.0177941 0.0191696 0.999658 8.13665
0.999834 0.00271005 0.0180392 -204.626 -0.00237263 0.999822 -0.0187001 -5.05488 -0.0180867 0.0186542 0.999662 8.17201
0.99982 0.00310011 0.0187206 -205.416 -0.00273787 0.999809 -0.0193446 -5.05533 -0.018777 0.0192899 0.999638 8.2106
0.999816 0.00281547 0.0189827 -206.208 -0.00245818 0.99982 -0.0188191 -5.04824 -0.0190322 0.0187689 0.999643 8.2427
0.999822 0.00199487 0.0187548 -207.011 -0.00164211 0.999822 -0.0188059 -5.04235 -0.018789 0.0187717 0.999647 8.27835
0.999819 0.00216911 0.0188989 -207.784 -0.00180383 0.999812 -0.0193239 -5.0378 -0.0189373 0.0192863 0.999635 8.31475
0.999826 0.00195874 0.0185239 -208.562 -0.00159699 0.999808 -0.0195239 -5.04031 -0.0185586 0.0194909 0.999638 8.35176
0.999821 0.00172942 0.0188256 -209.318 -0.00134547 0.999791 -0.0203885 -5.04161 -0.0188569 0.0203595 0.999615 8.38432
0.999822 0.00151475 0.0187991 -210.079 -0.00113122 0.999791 -0.0203953 -5.031 -0.0188261 0.0203704 0.999615 8.41629
0.99981 0.0015816 0.0194252 -210.83 -0.00117451 0.99978 -0.0209508 -5.02739 -0.019454 0.020924 0.999592 8.45642
0.999797 0.00168614 0.0200981 -211.579 -0.00124365 0.999757 -0.0220087 -5.03932 -0.0201303 0.0219792 0.999556 8.49475
0.999788 0.000983707 0.020571 -212.316 -0.000517497 0.999743 -0.0226565 -5.03518 -0.020588 0.022641 0.999532 8.52976
0.999785 0.00034586 0.0207117 -213.048 0.000120557 0.999747 -0.0225141 -5.03228 -0.0207142 0.0225117 0.999532 8.5627
0.999801 0.00110524 0.0199398 -213.775 -0.000641432 0.999729 -0.023252 -5.03984 -0.0199601 0.0232346 0.999531 8.60565
0.999812 0.00189341 0.0192913 -214.515 -0.00141908 0.999697 -0.0245723 -5.03528 -0.0193319 0.0245404 0.999512 8.63829
0.999811 0.00275548 0.0192535 -215.229 -0.00227822 0.999691 -0.0247663 -5.03618 -0.0193158 0.0247177 0.999508 8.66524
0.999803 0.0033986 0.0195487 -215.917 -0.00290586 0.999679 -0.0251791 -5.03048 -0.019628 0.0251173 0.999492 8.69489
0.999828 0.00341171 0.0182293 -216.627 -0.00296842 0.999701 -0.0242895 -5.0227 -0.0183067 0.0242312 0.999539 8.72852
0.999834 0.00370697 0.0178619 -217.332 -0.00324211 0.999657 -0.025984 -5.0258 -0.0179521 0.0259217 0.999503 8.76721
0.999811 0.00481457 0.0188536 -218.037 -0.00431211 0.999637 -0.0266013 -5.02824 -0.0189749 0.0265149 0.999468 8.79603
0.9998 0.0059432 0.0191106 -218.703 -0.00545807 0.999664 -0.0253379 -5.02868 -0.0192548 0.0252285 0.999496 8.82079
0.999813 0.00643233 0.0182522 -219.381 -0.00598886 0.999688 -0.0242484 -5.02028 -0.0184025 0.0241346 0.999539 8.8556
0.999833 0.00728114 0.0167874 -220.055 -0.00688571 0.9997 -0.0234937 -5.01778 -0.0169534 0.0233741 0.999583 8.88946
0.999846 0.00789126 0.0156503 -220.717 -0.00751159 0.99968 -0.024172 -5.00789 -0.015836 0.0240507 0.999585 8.92304
0.99985 0.00811947 0.0153035 -221.382 -0.00775807 0.999693 -0.0235289 -4.99944 -0.0154898 0.0234067 0.999606 8.95352
0.999853 0.0087601 0.0147494 -222.027 -0.00840712 0.999681 -0.0238263 -4.99648 -0.0149534 0.0236988 0.999607 8.98361
0.999853 0.00961016 0.0142206 -222.667 -0.00928751 0.999702 -0.0225834 -4.9865 -0.0144334 0.022448 0.999644 9.01456
0.999849 0.00994492 0.0142834 -223.291 -0.00962386 0.999703 -0.0223736 -4.97425 -0.0145017 0.0222327 0.999648 9.05036
