1 0 0 0 0 1 0 0 0 0 1 0
1 -3.96185e-05 -1.3103e-05 0.00325723 3.96186e-05 1 4.19209e-06 0.00041165 1.31029e-05 -4.19261e-06 1 0.000300198
1 -2.53037e-05 -7.99096e-06 0.00166485 2.53036e-05 1 -3.2394e-06 -0.00209561 7.99104e-06 3.23919e-06 1 0.000156022
1 -1.68667e-05 -9.70313e-06 0.000332019 1.68666e-05 1 -1.10698e-05 -0.00263765 9.70331e-06 1.10696e-05 1 4.7657e-05
1 -1.6722e-05 -1.55185e-05 -0.000313157 1.6722e-05 1 -3.46391e-06 -0.000898545 1.55186e-05 3.46365e-06 1 -2.17717e-05
1 2.06938e-05 -3.24932e-06 0.0032204 -2.06938e-05 1 -7.07536e-06 0.00124772 3.24917e-06 7.07542e-06 1 0.000196245
1 6.8432e-07 -1.18672e-06 0.000868184 -6.84329e-07 1 -7.00083e-06 -0.000100543 1.18672e-06 7.00083e-06 1 0.000603604
1 -3.15407e-06 -1.66131e-05 0.00386194 3.15411e-06 1 1.98302e-06 -0.000415027 1.66131e-05 -1.98308e-06 1 0.000748671
1 -2.07099e-05 -9.28796e-06 -0.000596687 2.071e-05 1 7.28794e-06 -0.000846305 9.2878e-06 -7.28813e-06 1 0.000659588
1 1.82554e-06 -3.61268e-06 9.29873e-05 -1.82556e-06 1 -6.48451e-06 -0.000856863 3.61267e-06 6.48452e-06 1 0.000794832
1 -1.42961e-05 -2.72979e-05 0.00353093 1.42959e-05 1 -8.01737e-06 -0.00226668 2.7298e-05 8.01698e-06 1 0.000901576
1 7.0566e-06 -1.23746e-05 0.00198517 -7.05653e-06 1 5.28123e-06 -0.00485403 1.23746e-05 -5.28115e-06 1 5.29238e-05
1 -7.1928e-06 -3.32604e-06 0.000551544 7.19279e-06 1 -4.93983e-06 -0.00274833 3.32607e-06 4.9398e-06 1 0.000462112
1 -2.96166e-05 -1.44706e-05 -0.000519619 2.96164e-05 1 -9.06083e-06 0.00139085 1.44709e-05 9.0604e-06 1 0.000550108
1 -2.99415e-06 -2.20891e-05 0.00330138 2.99406e-06 1 -3.77275e-06 -0.000503134 2.20891e-05 3.77268e-06 1 -0.000136949
1 -1.66413e-05 -8.92828e-06 0.000205042 1.66413e-05 1 -6.4553e-06 -0.00152042 8.92839e-06 6.45516e-06 1 0.000533595
1 1.53752e-05 -1.92863e-05 0.00251546 -1.53752e-05 1 -1.87567e-06 -0.00210805 1.92863e-05 1.87597e-06 1 0.000672708
1 -1.24269e-05 -1.56068e-05 0.000750325 1.24269e-05 1 6.75411e-07 -0.00218232 1.56068e-05 -6.75605e-07 1 4.69279e-05
1 -7.57563e-06 -5.7538e-06 0.000528494 7.57565e-06 1 4.34792e-06 -0.00287956 5.75377e-06 -4.34796e-06 1 -0.000799977
1 -3.31403e-05 -8.39999e-06 -0.000770541 3.31402e-05 1 -1.09854e-05 0.00135666 8.40035e-06 1.09852e-05 1 0.000613249
1 1.31213e-06 -9.86311e-06 0.000123682 -1.3121e-06 1 2.88192e-06 0.00129719 9.86311e-06 -2.88191e-06 1 0.00050209
1 -2.91462e-05 2.57763e-06 -0.0020023 2.91462e-05 1 -3.72208e-07 0.00048032 -2.57762e-06 3.72283e-07 1 -4.11883e-05
1 -1.98891e-05 2.96926e-06 -0.000601946 1.98891e-05 1 -4.37794e-06 0.00108401 -2.96918e-06 4.37799e-06 1 -0.000196643
1 -3.2353e-05 -7.63554e-06 0.000977405 3.2353e-05 1 -6.63441e-06 0.0033393 7.63575e-06 6.63416e-06 1 -6.79259e-05
1 -4.89511e-05 -7.26516e-06 -0.000801277 4.89511e-05 1 -7.37881e-07 0.00384444 7.2652e-06 7.37525e-07 1 -2.69544e-05
1 -4.83866e-05 -8.63856e-06 -0.00123481 4.83866e-05 1 -1.36388e-06 0.00388777 8.63862e-06 1.36346e-06 1 0.000501526
1 -4.12741e-05 -5.64016e-06 -0.00170408 4.1274e-05 1 -1.21188e-05 0.00428993 5.64066e-06 1.21186e-05 1 0.000619977
1 -3.21443e-05 -1.14623e-05 0.000456634 3.21442e-05 1 -1.25304e-05 0.0035739 1.14627e-05 1.25301e-05 1 0.000580908
1 -5.58331e-05 -1.25887e-05 1.83852e-05 5.5833e-05 1 -6.15249e-06 0.00350967 1.2589e-05 6.15179e-06 1 -0.000144757
1 -4.83853e-05 -1.05302e-05 -0.000149007 4.83852e-05 1 -1.16509e-05 0.00358524 1.05307e-05 1.16503e-05 1 6.34072e-05
1 -6.05321e-05 -3.58554e-07 -0.00096189 6.05321e-05 1 -3.0167e-06 0.00243494 3.58736e-07 3.01668e-06 1 -7.09428e-05
1 -3.97987e-05 -2.35323e-06 -0.000433261 3.97987e-05 1 -3.73234e-06 0.00134587 2.35337e-06 3.73225e-06 1 -1.33494e-05
1 -1.91223e-05 -9.40951e-06 -0.00219228 1.91223e-05 1 9.32671e-08 0.000439092 9.40951e-06 -9.34471e-08 1 0.000508804
1 -3.70781e-05 -8.88332e-06 -0.00303977 3.70781e-05 1 -4.39948e-06 0.00283996 8.88348e-06 4.39915e-06 1 0.000842069
1 -5.11983e-05 -5.33774e-06 0.00067567 5.11983e-05 1 -4.24743e-06 0.00406023 5.33796e-06 4.24716e-06 1 3.4706e-05
1 -1.35999e-05 -1.39816e-05 0.00243809 1.35999e-05 1 -5.06219e-06 -0.00119307 1.39817e-05 5.062e-06 1 -0.000347486
1 -5.57442e-05 -2.17335e-06 -0.00289389 5.57442e-05 1 -7.42656e-06 0.00107397 2.17376e-06 7.42644e-06 1 -0.000184159
1 -3.52499e-05 -3.06553e-06 -0.00152617 3.52499e-05 1 -7.87769e-07 0.00119782 3.06556e-06 7.87661e-07 1 0.000488397
1 -1.63818e-05 -7.88312e-06 0.000181 1.63818e-05 1 5.89619e-06 0.0017254 7.88302e-06 -5.89632e-06 1 2.37408e-05
1 -3.93584e-05 -2.00657e-05 0.0014598 3.93583e-05 1 -9.3376e-06 0.00359754 2.0066e-05 9.33682e-06 1 0.000433377
1 -3.50287e-05 -5.62439e-06 -0.000398894 3.50286e-05 1 -1.07105e-05 0.00342221 5.62477e-06 1.07103e-05 1 -0.000139855
1 -2.24692e-05 -2.27633e-06 0.000260558 2.24691e-05 1 -1.05742e-05 0.0035553 2.27656e-06 1.05741e-05 1 -0.000236134
1 -4.25895e-05 -7.59597e-06 -3.85619e-05 4.25895e-05 1 -5.504e-06 0.00407123 7.5962e-06 5.50368e-06 1 0.000441359
1 -9.94467e-06 -1.84909e-05 0.00212293 9.94471e-06 1 2.01748e-06 -0.00182724 1.84909e-05 -2.01766e-06 1 0.000416556
1 -1.05458e-05 -2.09869e-05 0.00565854 1.05458e-05 1 -1.70998e-06 0.00113966 2.09869e-05 1.70976e-06 1 0.000811255
1 1.45203e-05 -2.82552e-05 0.0136536 -1.45205e-05 1 -5.4331e-06 0.00322595 2.82551e-05 5.43351e-06 1 0.00101707
1 1.12806e-05 3.23178e-06 0.0195356 -1.12805e-05 1 -1.03816e-05 0.00537345 -3.2319e-06 1.03816e-05 1 0.00156776
1 4.55913e-05 2.2746e-05 0.0168935 -4.55911e-05 1 -9.19786e-06 0.00109366 -2.27465e-05 9.19682e-06 1 0.000832503
1 3.01938e-05 -8.26278e-06 0.0105701 -3.01938e-05 1 -5.84896e-06 -0.000220143 8.2626e-06 5.84921e-06 1 0.00151364
1 4.38138e-05 2.3063e-05 -0.0033028 -4.38136e-05 1 -6.74842e-06 0.000489707 -2.30633e-05 6.7474e-06 1 0.00143315
1 1.83095e-05 8.07241e-05 -0.0176699 -1.83082e-05 1 -1.64717e-05 -0.00218576 -8.07245e-05 1.64702e-05 1 0.0011691
1 -2.32922e-05 0.000100945 -0.0403546 2.32946e-05 1 -2.38971e-05 -0.00231536 -0.000100945 2.38995e-05 1 0.00215392
1 -3.68859e-05 0.000103429 -0.0683491 3.68884e-05 1 -2.43763e-05 -0.00194521 -0.000103428 2.43801e-05 1 0.00300896
1 6.10644e-06 0.000131553 -0.0994795 -6.10283e-06 1 -2.75006e-05 -0.00505846 -0.000131553 2.74998e-05 1 0.0038663
1 -0.000169739 0.000163478 -0.135935 0.000169748 1 -5.15918e-05 -0.0101587 -0.000163469 5.16195e-05 1 0.00603321
1 -0.000395177 0.000313295 -0.198841 0.000395206 1 -9.18005e-05 -0.0145008 -0.000313258 9.19243e-05 1 0.00647382
0.999998 -0.00178858 0.00045171 -0.327484 0.00178862 0.999998 -9.22584e-05 -0.00623587 -0.000451544 9.30662e-05 1 0.00982229
0.999998 -0.00211285 0.000544494 -0.404241 0.0021129 0.999998 -9.8346e-05 -0.00601711 -0.000544285 9.94962e-05 1 0.0125459
0.999998 -0.0021199 0.000633164 -0.474021 0.00211998 0.999998 -0.000137616 -0.00875292 -0.000632871 0.000138958 1 0.0138019
0.999998 -0.00182866 0.000689305 -0.574318 0.00182875 0.999998 -0.000132225 -0.0126717 -0.000689062 0.000133485 1 0.0159075
0.999994 -0.00324995 0.000866545 -0.74217 0.00325011 0.999995 -0.000178403 0.00973396 -0.00086596 0.000181218 1 0.0203894
0.999994 -0.00341738 0.00110588 -0.870598 0.00341759 0.999994 -0.000187177 -0.00228932 -0.00110524 0.000190955 0.999999 0.0247463
0.999994 -0.00326381 0.00129918 -0.985429 0.00326403 0.999995 -0.000160158 -0.0126392 -0.00129865 0.000164398 0.999999 0.0266927
0.999994 -0.00329697 0.00144173 -1.12206 0.00329726 0.999995 -0.000195958 -0.0156073 -0.00144108 0.00020071 0.999999 0.0305539
0.999989 -0.00446319 0.00173507 -1.30206 0.00446378 0.99999 -0.000337871 -0.0267646 -0.00173354 0.000345612 0.999998 0.0384517
0.999986 -0.00487944 0.00216656 -1.4729 0.00488043 0.999988 -0.000450292 -0.0398021 -0.00216433 0.000460859 0.999998 0.0393171
0.999984 -0.00498967 0.00282044 -1.63722 0.00499194 0.999987 -0.000798418 -0.0407221 -0.00281642 0.000812484 0.999996 0.0434265
0.999976 -0.0061035 0.00316888 -1.8433 0.00610666 0.999981 -0.000988244 -0.0373956 -0.00316279 0.00100757 0.999994 0.0450209
0.99997 -0.00688891 0.00346651 -2.04154 0.00689245 0.999976 -0.00101113 -0.0350726 -0.00345946 0.00103499 0.999993 0.0496768
0.999962 -0.0079137 0.00378797 -2.25837 0.00791712 0.999968 -0.000889543 -0.0342498 -0.00378081 0.000919498 0.999992 0.0568288
0.999954 -0.00852798 0.00449348 -2.49148 0.00853167 0.999963 -0.0008024 -0.0296405 -0.00448647 0.0008407 0.99999 0.0656003
0.999943 -0.00947541 0.00496436 -2.74588 0.00947871 0.999955 -0.000641175 -0.0263553 -0.00495806 0.000688194 0.999987 0.0699163
0.999936 -0.00982189 0.00566763 -2.99546 0.00982377 0.999952 -0.000305592 -0.0282872 -0.00566436 0.00036125 0.999984 0.0767072
0.999916 -0.0105767 0.00742984 -3.28331 0.0105802 0.999944 -0.00044267 -0.0391125 -0.00742474 0.000521242 0.999972 0.100883
0.999899 -0.01091 0.009138 -3.54447 0.0109243 0.999939 -0.00151884 -0.0474108 -0.00912088 0.00161852 0.999957 0.113242
0.999888 -0.0116175 0.00939771 -3.85477 0.0116427 0.999929 -0.0026324 -0.0614206 -0.00936645 0.00274152 0.999952 0.104786
0.999899 -0.0112664 0.00862809 -4.18059 0.0112921 0.999932 -0.00293387 -0.0740441 -0.00859445 0.00303101 0.999958 0.103094
0.999913 -0.0110712 0.00721878 -4.51649 0.0110844 0.999937 -0.00178594 -0.0649332 -0.00719855 0.0018658 0.999972 0.101795
0.999928 -0.0109014 0.00499965 -4.83722 0.0109024 0.999941 -0.000166421 -0.0552797 -0.00499753 0.000220917 0.999987 0.120318
0.999921 -0.0116371 0.00474981 -5.16643 0.0116368 0.999932 7.34727e-05 -0.0538568 -0.00475034 -1.81941e-05 0.999989 0.141374
0.999912 -0.0121785 0.00525066 -5.5209 0.012181 0.999926 -0.000439616 -0.0651433 -0.00524491 0.000503535 0.999986 0.140785
0.99991 -0.0121755 0.00564481 -5.8875 0.0121821 0.999925 -0.00112905 -0.096828 -0.00563064 0.00119771 0.999983 0.141384
0.999898 -0.0130081 0.00587501 -6.28147 0.0130166 0.999914 -0.00140158 -0.106422 -0.00585628 0.00147791 0.999982 0.13969
0.999891 -0.0135764 0.00587754 -6.66558 0.0135845 0.999907 -0.0013406 -0.109303 -0.00585879 0.0014203 0.999982 0.14842
0.999878 -0.0145526 0.00559731 -7.06269 0.0145569 0.999894 -0.000736735 -0.0982001 -0.005586 0.000818125 0.999984 0.154587
0.999869 -0.0153916 0.00509562 -7.47568 0.0153924 0.999882 -0.000110964 -0.073701 -0.00509331 0.000189383 0.999987 0.174172
0.999861 -0.0158122 0.00534042 -7.90328 0.0158127 0.999875 -4.57689e-05 -0.0908633 -0.00533903 0.000130209 0.999986 0.189581
0.99985 -0.0161215 0.00631203 -8.32802 0.0161277 0.99987 -0.000921641 -0.120754 -0.00629634 0.0010233 0.99998 0.199216
0.999836 -0.016409 0.0076356 -8.77024 0.0164247 0.999863 -0.00199905 -0.133327 -0.00760175 0.00212414 0.999969 0.195238
0.999822 -0.0169006 0.00839699 -9.23336 0.0169198 0.999854 -0.0022198 -0.143673 -0.00835825 0.00236148 0.999962 0.194238
0.999811 -0.017572 0.00829803 -9.7067 0.0175879 0.999844 -0.00184706 -0.136908 -0.00826428 0.00199265 0.999964 0.207476
0.999799 -0.0182375 0.0082801 -10.1901 0.0182491 0.999833 -0.00132709 -0.141654 -0.00825451 0.00147793 0.999965 0.224367
0.999796 -0.0181048 0.00890214 -10.6708 0.0181157 0.999835 -0.00115317 -0.143965 -0.00887979 0.0013142 0.99996 0.245698
0.999793 -0.0181732 0.00910443 -11.1628 0.0181852 0.999834 -0.00123838 -0.173922 -0.00908041 0.0014037 0.999958 0.253806
0.999788 -0.0188052 0.00839148 -11.6844 0.0188191 0.999822 -0.00158027 -0.19752 -0.00836027 0.00173786 0.999964 0.250419
0.999795 -0.0192301 0.00638688 -12.1988 0.0192536 0.999808 -0.00364248 -0.208532 -0.00631561 0.0037647 0.999973 0.281349
0.999789 -0.0196326 0.00605245 -12.7302 0.0196585 0.999798 -0.00425122 -0.210478 -0.00596777 0.0043693 0.999973 0.301926
0.999779 -0.0199994 0.00650382 -13.2722 0.0200233 0.999793 -0.00362882 -0.20822 -0.0064299 0.00375824 0.999972 0.315622
0.999769 -0.0202708 0.00709669 -13.7993 0.0202942 0.999789 -0.00323069 -0.215993 -0.0070297 0.00337396 0.99997 0.342067
0.999764 -0.0203891 0.00752212 -14.3464 0.0204175 0.999785 -0.00371754 -0.223476 -0.00744471 0.00387024 0.999965 0.3686
0.999758 -0.0205938 0.00775795 -14.9193 0.0206281 0.999778 -0.00435585 -0.236881 -0.00766652 0.00451482 0.99996 0.37893
0.999751 -0.0211038 0.00718825 -15.5075 0.0211365 0.999766 -0.00450574 -0.250475 -0.00709148 0.00465656 0.999964 0.378805
0.999741 -0.0218849 0.00623292 -16.0992 0.0219122 0.99975 -0.00434228 -0.269804 -0.00613633 0.00447773 0.999971 0.387659
0.999749 -0.0218953 0.00481761 -16.6792 0.0219142 0.999752 -0.00391532 -0.266851 -0.00473069 0.00401991 0.999981 0.403669
0.999764 -0.0213397 0.00407135 -17.2848 0.0213575 0.999762 -0.00438028 -0.278526 -0.00397691 0.0044662 0.999982 0.431098
0.999781 -0.0203072 0.00510592 -17.8835 0.0203317 0.999782 -0.00478985 -0.295796 -0.00500754 0.00489261 0.999975 0.443261
0.999798 -0.0190751 0.0063952 -18.4997 0.0191064 0.999806 -0.00488242 -0.313395 -0.00630082 0.00500362 0.999968 0.448108
0.999805 -0.0182932 0.00741395 -19.1234 0.0183275 0.999822 -0.00458346 -0.301746 -0.00732878 0.00471845 0.999962 0.46338
0.999815 -0.0176536 0.00757619 -19.758 0.0176876 0.999834 -0.00443369 -0.308196 -0.00749666 0.00456688 0.999961 0.484668
0.999836 -0.0167153 0.00703092 -20.3873 0.0167471 0.99985 -0.00449192 -0.325216 -0.00695478 0.00460892 0.999965 0.503388
0.999862 -0.0151692 0.00671984 -21.0334 0.0152006 0.999874 -0.00465088 -0.335505 -0.00664844 0.00475239 0.999967 0.51466
0.999867 -0.014574 0.00726518 -21.6993 0.0146066 0.999883 -0.00446225 -0.33783 -0.0071993 0.00456778 0.999964 0.526853
0.999875 -0.0136988 0.00794222 -22.3499 0.0137336 0.999896 -0.00433957 -0.348475 -0.00788195 0.0044481 0.999959 0.55128
0.999884 -0.0125895 0.00857712 -23.0231 0.0126284 0.99991 -0.0045 -0.361199 -0.0085197 0.00460779 0.999953 0.575501
0.999902 -0.011354 0.00818603 -23.7 0.0113951 0.999923 -0.0049836 -0.372477 -0.00812882 0.00507639 0.999954 0.580951
0.999916 -0.0108519 0.00712486 -24.3915 0.0108848 0.99993 -0.0045906 -0.367826 -0.00707455 0.00466777 0.999964 0.583846
0.999933 -0.0100588 0.00566127 -25.088 0.0100816 0.999941 -0.00402219 -0.359926 -0.00562048 0.004079 0.999976 0.610747
0.999948 -0.00883058 0.00501728 -25.8018 0.00884669 0.999956 -0.0031992 -0.35556 -0.00498881 0.00324343 0.999982 0.636004
0.999955 -0.00772373 0.00549795 -26.499 0.00773902 0.999966 -0.00276457 -0.359576 -0.00547641 0.00280699 0.999981 0.65879
0.999957 -0.00674039 0.00634009 -27.2059 0.00675629 0.999974 -0.00248967 -0.365344 -0.00632315 0.0025324 0.999977 0.687249
0.999959 -0.00567311 0.00711037 -27.921 0.00568992 0.999981 -0.00234648 -0.369218 -0.00709692 0.00238684 0.999972 0.709588
0.999958 -0.00443959 0.00802846 -28.6434 0.00446074 0.999987 -0.00261847 -0.373474 -0.00801672 0.00265417 0.999964 0.731381
0.999959 -0.00325189 0.00840778 -29.3729 0.00327662 0.99999 -0.00292907 -0.376326 -0.00839818 0.0029565 0.99996 0.750922
0.999958 -0.00257887 0.00879059 -30.1161 0.00260658 0.999992 -0.00314291 -0.372461 -0.00878241 0.00316569 0.999956 0.766187
0.999974 -0.00129383 0.00707007 -30.8523 0.00132043 0.999992 -0.00375874 -0.372626 -0.00706515 0.00376798 0.999968 0.786057
0.999989 0.00019237 0.00467052 -31.6115 -0.000171783 0.99999 -0.00440775 -0.373434 -0.00467133 0.0044069 0.999979 0.806958
0.999994 0.00135987 0.00325701 -32.3665 -0.00134143 0.999983 -0.00565876 -0.373676 -0.00326465 0.00565435 0.999979 0.833456
0.999984 0.00278663 0.00496638 -33.1193 -0.00275347 0.999974 -0.00667116 -0.366726 -0.00498484 0.00665738 0.999965 0.854299
0.999966 0.00389563 0.00720774 -33.8835 -0.00384104 0.999964 -0.00757244 -0.360732 -0.00723698 0.0075445 0.999945 0.877855
0.999949 0.00474456 0.00895526 -34.6436 -0.00468502 0.999967 -0.00665885 -0.354309 -0.00898655 0.00661656 0.999938 0.885231
0.999952 0.00561187 0.00803278 -35.4042 -0.00556927 0.99997 -0.00531605 -0.344704 -0.00806238 0.00527106 0.999954 0.909382
0.999964 0.00626552 0.00566131 -36.1986 -0.0062409 0.999971 -0.00435619 -0.333324 -0.00568844 0.0043207 0.999974 0.93371
0.999969 0.00689631 0.00380692 -36.9733 -0.00688212 0.999969 -0.0037258 -0.32371 -0.00383249 0.00369948 0.999986 0.950567
0.999978 0.00644656 0.0015104 -37.778 -0.00644264 0.999976 -0.0025902 -0.322652 -0.00152706 0.00258041 0.999996 0.984345
0.999983 0.00573272 0.000791375 -38.5662 -0.00573079 0.999981 -0.00242691 -0.320312 -0.000805272 0.00242234 0.999997 1.01496
0.999983 0.0053937 0.00215072 -39.3558 -0.00538882 0.999983 -0.00227176 -0.309734 -0.00216294 0.00226013 0.999995 1.03427
0.999975 0.00485743 0.00505954 -40.1727 -0.00484324 0.999984 -0.00281365 -0.301393 -0.00507313 0.00278908 0.999983 1.04628
0.999967 0.00470117 0.00655525 -40.974 -0.00468286 0.999985 -0.00280459 -0.298509 -0.00656833 0.0027738 0.999975 1.05198
0.999973 0.0044537 0.00580493 -41.7803 -0.00444148 0.999988 -0.00211578 -0.284731 -0.00581429 0.00208994 0.999981 1.07211
0.999979 0.00410511 0.00500728 -42.5805 -0.00409797 0.999991 -0.00143465 -0.283721 -0.00501312 0.0014141 0.999986 1.10625
0.999981 0.00412991 0.00464678 -43.401 -0.00412414 0.999991 -0.00124907 -0.279953 -0.0046519 0.00122988 0.999988 1.14201
0.999987 0.0037492 0.00343151 -44.2122 -0.00374504 0.999992 -0.00121977 -0.280715 -0.00343606 0.00120691 0.999993 1.1558
0.999994 0.00318037 0.00164185 -45.0334 -0.0031785 0.999994 -0.00114271 -0.273169 -0.00164547 0.00113748 0.999998 1.16282
0.999996 0.00253266 -0.001414 -45.8485 -0.00253357 0.999997 -0.000642288 -0.263106 0.00141237 0.000645867 0.999999 1.18141
0.999987 0.0024906 -0.0045259 -46.6543 -0.00249181 0.999997 -0.000261051 -0.26522 0.00452523 0.000272325 0.99999 1.21431
0.99999 0.0025897 -0.00359153 -47.4746 -0.00259066 0.999997 -0.000264888 -0.263949 0.00359083 0.00027419 0.999994 1.24076
0.999997 0.0021812 0.000664739 -48.2821 -0.00218037 0.999997 -0.00124402 -0.265788 -0.00066745 0.00124256 0.999999 1.26219
0.999976 0.00209381 0.00663508 -49.0892 -0.00207907 0.999995 -0.00222749 -0.258884 -0.00663971 0.00221364 0.999976 1.26461
0.999952 0.0015772 0.00965559 -49.8882 -0.00155547 0.999996 -0.00225733 -0.252441 -0.00965911 0.0022422 0.999951 1.27445
0.999979 0.00139771 0.00635279 -50.6807 -0.00138938 0.999998 -0.00131528 -0.24086 -0.00635461 0.00130642 0.999979 1.30282
0.999999 0.00146077 0.000553974 -51.4746 -0.00146051 0.999999 -0.000463752 -0.241528 -0.000554651 0.000462943 1 1.35126
0.999995 0.0015099 -0.00268354 -52.2728 -0.00151118 0.999999 -0.000473391 -0.241449 0.00268283 0.000477444 0.999996 1.37431
0.999996 0.00150556 -0.00234505 -53.0766 -0.00150628 0.999999 -0.000303884 -0.241213 0.00234459 0.000307415 0.999997 1.38214
0.999999 0.00109017 -0.000586692 -53.8628 -0.00109002 0.999999 0.000262603 -0.23437 0.000586978 -0.000261963 1 1.39533
0.999999 0.000918664 0.00131457 -54.6352 -0.000918864 1 0.000151616 -0.232811 -0.00131443 -0.000152824 0.999999 1.42497
0.999994 0.00105427 0.00338907 -55.4201 -0.00105531 0.999999 0.000303651 -0.227139 -0.00338875 -0.000307226 0.999994 1.45352
0.999985 0.000987666 0.00546653 -56.1921 -0.000985485 0.999999 -0.000401623 -0.227979 -0.00546693 0.00039623 0.999985 1.47624
0.999974 0.00112062 0.0071697 -56.9475 -0.00111132 0.999999 -0.00130106 -0.230984 -0.00717115 0.00129305 0.999973 1.49118
0.999976 0.000918521 0.00692328 -57.7246 -0.000909152 0.999999 -0.00135638 -0.231337 -0.00692452 0.00135005 0.999975 1.50697
0.999993 0.00097573 0.00374733 -58.4895 -0.000971715 0.999999 -0.001073 -0.220232 -0.00374838 0.00106935 0.999992 1.52502
0.999999 0.00137706 -0.00101776 -59.2601 -0.00137783 0.999999 -0.000749198 -0.215345 0.00101672 0.000750599 0.999999 1.56558
0.999996 0.00139845 -0.00259302 -60.0127 -0.00139989 0.999999 -0.000555196 -0.211907 0.00259224 0.000558824 0.999996 1.59584
0.999998 0.00135229 -0.00176496 -60.7639 -0.00135219 0.999999 5.75707e-05 -0.207155 0.00176504 -5.5184e-05 0.999998 1.61301
0.999999 0.00148173 0.00024236 -61.5091 -0.00148175 0.999999 6.64899e-05 -0.206167 -0.000242261 -6.68489e-05 1 1.64205
0.999988 0.00176307 0.00448129 -62.2599 -0.00175816 0.999998 -0.00109878 -0.205207 -0.00448322 0.00109089 0.999989 1.6687
0.999962 0.00254904 0.00833421 -62.9982 -0.00252307 0.999992 -0.00312578 -0.207204 -0.00834211 0.00310464 0.99996 1.68554
0.999945 0.0033861 0.009969 -63.7397 -0.00334068 0.999984 -0.00456948 -0.203572 -0.00998431 0.00453592 0.99994 1.70112
0.999949 0.00425649 0.00910917 -64.4707 -0.00421404 0.99998 -0.00467436 -0.201911 -0.00912888 0.00463574 0.999948 1.71929
0.999968 0.00550509 0.00578688 -65.2007 -0.00547948 0.999975 -0.00443149 -0.203618 -0.00581114 0.00439964 0.999973 1.75102
0.999974 0.0065986 0.00306335 -65.9271 -0.00658389 0.999967 -0.00479065 -0.194547 -0.00309486 0.00477035 0.999984 1.78269
0.999965 0.00746285 0.00387311 -66.6469 -0.00744385 0.99996 -0.00489573 -0.189549 -0.0039095 0.00486673 0.999981 1.80013
0.999945 0.00848944 0.00607943 -67.3611 -0.00846025 0.999953 -0.00481167 -0.17726 -0.00612 0.00475997 0.99997 1.81842
0.999936 0.00897401 0.00692972 -68.0838 -0.0089377 0.999946 -0.00525234 -0.172177 -0.00697649 0.00519007 0.999962 1.84641
0.999929 0.0100294 0.00650067 -68.8094 -0.00999046 0.999932 -0.00599037 -0.167755 -0.00656031 0.005925 0.999961 1.8674
0.999931 0.0108653 0.00437061 -69.5354 -0.0108326 0.999914 -0.00742953 -0.160736 -0.00445096 0.00738167 0.999963 1.89163
0.999928 0.011738 0.00258186 -70.2576 -0.0117153 0.999894 -0.00865796 -0.144262 -0.00268321 0.00862709 0.999959 1.90633
0.999919 0.0125161 0.00218083 -70.9846 -0.0124968 0.999885 -0.00863841 -0.1365 -0.0022887 0.00861046 0.99996 1.91945
0.999912 0.0129489 0.00281007 -71.7075 -0.0129255 0.999883 -0.00817665 -0.123734 -0.00291562 0.00813961 0.999963 1.946
0.999904 0.0133633 0.00369188 -72.427 -0.0133307 0.999873 -0.00872643 -0.119918 -0.00380803 0.00867637 0.999955 1.97957
0.99989 0.0138852 0.00528347 -73.1389 -0.0138296 0.99985 -0.01042 -0.106375 -0.00542736 0.0103458 0.999932 2.00339
0.999881 0.0143699 0.00557158 -73.856 -0.014306 0.999833 -0.0113319 -0.100537 -0.00573349 0.0112508 0.99992 2.01001
0.999888 0.0145956 0.00334306 -74.5942 -0.0145576 0.999832 -0.0111314 -0.0892172 -0.00350497 0.0110815 0.999932 2.01072
0.999887 0.0150358 -0.000307814 -75.3162 -0.0150382 0.999835 -0.0101412 -0.0688706 0.000155281 0.0101447 0.999949 2.02339
0.999868 0.0154921 -0.00496106 -76.035 -0.015537 0.999837 -0.00915753 -0.0554028 0.00481838 0.0092334 0.999946 2.03125
0.999835 0.0159858 -0.00864151 -76.7699 -0.0160457 0.999847 -0.0069006 -0.0418816 0.00852988 0.00703812 0.999939 2.06703
0.999819 0.016957 -0.00862331 -77.4822 -0.0170056 0.99984 -0.00560067 -0.0204684 0.00852696 0.0057463 0.999947 2.09956
0.999841 0.0174978 -0.00355854 -78.2028 -0.0175213 0.999824 -0.00667521 -0.0045116 0.00344111 0.00673649 0.999971 2.13573
0.999825 0.0177223 0.00605887 -78.9246 -0.0176712 0.999809 -0.00837389 0.00601635 -0.00620611 0.00826535 0.999947 2.14831
0.999732 0.0177972 0.0148297 -79.6343 -0.0176482 0.999793 -0.0101154 0.0109168 -0.0150067 0.00985095 0.999839 2.1573
0.999681 0.0180316 0.0177027 -80.3579 -0.0178499 0.999787 -0.0103679 0.0278096 -0.0178859 0.0100486 0.99979 2.168
0.999729 0.0187604 0.0137862 -81.0813 -0.0186109 0.999767 -0.0108925 0.0433479 -0.0139874 0.010633 0.999846 2.20671
0.999799 0.0190657 0.0061897 -81.8168 -0.0189864 0.99974 -0.0126236 0.0495513 -0.00642877 0.0125036 0.999901 2.23832
0.999793 0.0200521 0.00342267 -82.5555 -0.0200026 0.999703 -0.0139385 0.0598944 -0.00370115 0.0138672 0.999897 2.25035
0.999767 0.0205389 0.00665352 -83.2849 -0.0204422 0.999689 -0.0142812 0.0723743 -0.00694477 0.0141419 0.999876 2.27341
0.999561 0.0205706 0.0213096 -83.9923 -0.0203637 0.999744 -0.00988216 0.103617 -0.0215074 0.00944388 0.999724 2.30845
0.999033 0.020734 0.038772 -84.6874 -0.0206296 0.999782 -0.0030912 0.132813 -0.0388277 0.00228836 0.999243 2.34284
0.9988 0.0213366 0.0440915 -85.4091 -0.0214389 0.999768 0.00184736 0.169305 -0.0440418 -0.00279041 0.999026 2.40712
0.999271 0.022733 0.0306557 -86.1683 -0.0227948 0.999739 0.00166798 0.181444 -0.0306097 -0.00236556 0.999529 2.43225
0.999704 0.02429 -0.00168603 -86.9422 -0.0242942 0.999702 -0.00256315 0.196726 0.00162327 0.00260336 0.999995 2.42438
0.999145 0.0253694 -0.032649 -87.6937 -0.0255374 0.999663 -0.00473907 0.214834 0.0325178 0.00556879 0.999456 2.41247
0.998655 0.0264182 -0.0446213 -88.4097 -0.026782 0.999613 -0.0075735 0.235623 0.0444039 0.00875836 0.998975 2.46624
0.999208 0.0276667 -0.0285826 -89.1372 -0.0279658 0.999558 -0.0101186 0.258598 0.0282901 0.0109099 0.99954 2.51326
0.999555 0.0294998 0.00440025 -89.859 -0.0294478 0.999501 -0.0114358 0.278496 -0.00473541 0.0113011 0.999925 2.49316
0.999189 0.0312024 0.0254556 -90.6001 -0.0308788 0.999438 -0.0130085 0.3113 -0.0258472 0.0122119 0.999591 2.48339
0.999154 0.0332022 0.0242542 -91.3374 -0.0328708 0.999362 -0.013936 0.333476 -0.0247014 0.0131269 0.999609 2.48937
0.999298 0.0354726 0.0120251 -92.0898 -0.0353035 0.999279 -0.013992 0.366552 -0.0125128 0.0135577 0.99983 2.52271
0.999311 0.0369978 0.00304787 -92.8625 -0.0369588 0.999245 -0.0119766 0.39786 -0.00348868 0.0118557 0.999924 2.56837
0.999262 0.0383552 0.00212728 -93.6253 -0.0383313 0.999212 -0.0103443 0.431283 -0.00252236 0.0102551 0.999944 2.61056
0.999185 0.039829 0.00652959 -94.3732 -0.0397638 0.999161 -0.0098372 0.462361 -0.00691591 0.00956955 0.99993 2.62918
0.99909 0.0414996 0.00981012 -95.1285 -0.0414109 0.999101 -0.00908205 0.49339 -0.0101782 0.00866754 0.999911 2.63593
0.999023 0.0431202 0.00964414 -95.8972 -0.0430542 0.999049 -0.00695191 0.539946 -0.00993473 0.0065299 0.999929 2.64863
0.99895 0.0453625 0.00648709 -96.664 -0.0453283 0.998958 -0.0053194 0.590923 -0.00672164 0.00501976 0.999965 2.68515
0.998873 0.0473577 0.00315566 -97.4429 -0.0473367 0.998858 -0.00642831 0.623155 -0.00345649 0.00627168 0.999974 2.72832
0.998786 0.0491287 0.00351639 -98.2117 -0.0490969 0.998757 -0.00860347 0.650861 -0.0039347 0.00842039 0.999957 2.74024
0.998726 0.0501627 0.0054697 -98.9982 -0.0501115 0.998702 -0.00912986 0.693099 -0.00592058 0.00884413 0.999943 2.74051
0.998653 0.0514098 0.00703281 -99.7671 -0.0513587 0.998654 -0.00726376 0.743019 -0.00739677 0.00689278 0.999949 2.76108
0.99853 0.0537266 0.00717147 -100.554 -0.0536932 0.998546 -0.00477811 0.793043 -0.00741775 0.00438602 0.999963 2.80201
0.998397 0.0560578 0.00783102 -101.364 -0.0560214 0.998418 -0.00478612 0.844093 -0.00808693 0.00433974 0.999958 2.85335
0.998263 0.0581435 0.00949157 -102.162 -0.0580853 0.998292 -0.0062918 0.891007 -0.00984119 0.00572955 0.999935 2.87333
0.998127 0.0600575 0.0116481 -102.959 -0.0599553 0.998161 -0.00893075 0.938249 -0.012163 0.00821566 0.999892 2.89472
0.998002 0.0616256 0.0139364 -103.756 -0.061476 0.998049 -0.0109228 0.988388 -0.0145823 0.0100442 0.999843 2.91065
0.997895 0.063394 0.013659 -104.541 -0.0632436 0.997936 -0.0111754 1.04947 -0.0143393 0.010288 0.999844 2.92993
0.997819 0.0653019 0.00958853 -105.377 -0.0652013 0.997817 -0.010451 1.10064 -0.0102501 0.00980307 0.999899 2.95814
0.997691 0.0678481 0.00313493 -106.192 -0.0678123 0.997644 -0.010379 1.15062 -0.00383174 0.0101424 0.999941 2.98816
0.997531 0.0702166 -0.00147477 -107.016 -0.0702283 0.997476 -0.0105015 1.219 0.000733671 0.0105791 0.999944 3.02104
0.997373 0.0724319 -0.000398981 -107.84 -0.0724315 0.997302 -0.01195 1.27821 -0.000467657 0.0119475 0.999929 3.04371
0.997184 0.0747047 0.00659557 -108.654 -0.0746088 0.997118 -0.0137577 1.33818 -0.00760433 0.0132269 0.999884 3.06681
0.99695 0.076623 0.0147931 -109.472 -0.0763952 0.996959 -0.0153986 1.40862 -0.015928 0.0142216 0.999772 3.09432
0.996687 0.0788541 0.0199281 -110.296 -0.0785426 0.996783 -0.015959 1.47793 -0.0211224 0.0143409 0.999674 3.11892
0.996499 0.0816351 0.0180637 -111.128 -0.0813535 0.99656 -0.0158142 1.54497 -0.0192925 0.0142893 0.999712 3.15319
0.996402 0.0839635 0.0115678 -111.973 -0.0837714 0.996353 -0.0161989 1.61756 -0.0128858 0.0151716 0.999802 3.18139
0.996204 0.0868829 0.00540752 -112.826 -0.0867949 0.996116 -0.0148139 1.70895 -0.0066736 0.0142883 0.999876 3.1933
0.996025 0.0890426 0.0025311 -113.663 -0.0890031 0.995948 -0.0128774 1.7956 -0.00366748 0.0126009 0.999914 3.21541
0.995798 0.0915422 0.00254509 -114.494 -0.0915123 0.995753 -0.0100605 1.87313 -0.00345524 0.00978537 0.999946 3.247
0.995586 0.0936987 0.00545946 -115.36 -0.0936383 0.995552 -0.0104236 1.95303 -0.00641185 0.0098664 0.999931 3.30885
0.995277 0.0962102 0.0129151 -116.208 -0.0960188 0.995271 -0.0147072 2.03429 -0.014269 0.0133977 0.999808 3.33702
0.994983 0.0977205 0.0214333 -117.063 -0.0973909 0.995119 -0.0159213 2.11967 -0.0228845 0.013754 0.999644 3.33552
0.994824 0.0989845 0.0229828 -117.903 -0.098694 0.995027 -0.0134496 2.21119 -0.0241998 0.0111117 0.999645 3.37364
0.994736 0.100722 0.0188632 -118.753 -0.100526 0.994873 -0.0110769 2.30681 -0.0198822 0.00912233 0.999761 3.43643
0.994654 0.102293 0.0141592 -119.62 -0.102161 0.99472 -0.00979939 2.39014 -0.0150868 0.0083005 0.999852 3.47875
0.994481 0.103885 0.01465 -120.485 -0.103723 0.994541 -0.0114333 2.47546 -0.0157578 0.0098507 0.999827 3.51121
0.994285 0.105177 0.0183315 -121.33 -0.104933 0.994383 -0.0138231 2.56504 -0.0196824 0.0118206 0.999736 3.54131
0.994141 0.106097 0.0206854 -122.182 -0.105805 0.994277 -0.0147745 2.65673 -0.0221345 0.0124993 0.999677 3.5598
0.99407 0.107376 0.0171667 -123.044 -0.107175 0.994165 -0.012215 2.75823 -0.0183781 0.0103027 0.999778 3.59373
0.994033 0.10885 0.00710466 -123.904 -0.108786 0.994026 -0.00884113 2.85548 -0.00802457 0.00801549 0.999936 3.64126
0.993825 0.110936 -0.00211074 -124.785 -0.110949 0.993794 -0.0079278 2.95931 0.00121817 0.00811304 0.999966 3.67354
0.993621 0.112737 -0.00283763 -125.637 -0.112757 0.993587 -0.00839323 3.06238 0.00187321 0.00865965 0.999961 3.67362
0.993474 0.113992 0.003983 -126.494 -0.113952 0.993445 -0.00907173 3.15951 -0.004991 0.00855865 0.999951 3.68539
0.993311 0.114998 0.0104602 -127.349 -0.114911 0.993339 -0.00853423 3.2597 -0.011372 0.00727514 0.999909 3.7331
0.993113 0.116482 0.0125735 -128.21 -0.116375 0.993165 -0.00892368 3.36156 -0.013527 0.00739899 0.999881 3.78605
0.99293 0.118183 0.0110418 -129.081 -0.118069 0.992951 -0.0104348 3.472 -0.0121972 0.00905734 0.999885 3.81546
0.992795 0.119569 0.00789295 -129.957 -0.119478 0.992774 -0.0111896 3.58397 -0.00917384 0.0101659 0.999906 3.81481
0.992638 0.121045 0.00419225 -130.839 -0.120995 0.992597 -0.010525 3.68922 -0.00543521 0.00994028 0.999936 3.83087
0.992458 0.122566 0.00230185 -131.723 -0.122545 0.992432 -0.0077774 3.80869 -0.00323768 0.00743666 0.999967 3.86268
0.992279 0.12397 0.00384619 -132.589 -0.123948 0.992274 -0.00544995 3.9253 -0.0044921 0.00493114 0.999978 3.90678
0.992084 0.125335 0.00781023 -133.456 -0.125294 0.992104 -0.00551579 4.042 -0.00843989 0.00449356 0.999954 3.94632
0.991895 0.126566 0.0111835 -134.34 -0.126511 0.99195 -0.00553134 4.15392 -0.0117935 0.00407168 0.999922 3.95593
0.991753 0.127775 0.00998456 -135.223 -0.12773 0.991796 -0.00502581 4.2764 -0.0105448 0.00370903 0.999938 3.97877
0.991655 0.128764 0.00629985 -136.098 -0.128736 0.991668 -0.00466161 4.39404 -0.00684761 0.00381169 0.999969 4.0085
0.991527 0.129833 0.00417024 -136.992 -0.129813 0.991527 -0.00474866 4.5111 -0.00475144 0.00416707 0.99998 4.04819
0.991479 0.130212 0.00367611 -137.882 -0.130191 0.991474 -0.00544217 4.63145 -0.0043534 0.0049172 0.999978 4.08397
0.991437 0.130518 0.0041785 -138.765 -0.130494 0.991433 -0.00563444 4.74244 -0.0048781 0.00504092 0.999975 4.09939
0.991458 0.13034 0.00471945 -139.651 -0.130312 0.991456 -0.0058562 4.85948 -0.00544242 0.00519118 0.999972 4.11504
0.991468 0.130197 0.00634203 -140.528 -0.130156 0.991472 -0.00649431 4.97733 -0.00713349 0.00561345 0.999959 4.14724
0.99149 0.129908 0.00840388 -141.408 -0.129842 0.991503 -0.00797805 5.08973 -0.00936888 0.00681898 0.999933 4.17678
0.991516 0.129611 0.00989346 -142.296 -0.129536 0.991544 -0.00786499 5.20808 -0.0108292 0.0065167 0.99992 4.19147
0.991563 0.12923 0.0101076 -143.192 -0.129167 0.9916 -0.00665216 5.33244 -0.0108824 0.00529046 0.999927 4.22424
0.99154 0.129443 0.00965916 -144.074 -0.129382 0.991572 -0.00670953 5.44135 -0.0104463 0.00540305 0.999931 4.28314
0.991512 0.129631 0.00996862 -144.969 -0.12956 0.991544 -0.00742851 5.5487 -0.0108473 0.00607392 0.999923 4.31167
0.991561 0.129271 0.00978591 -145.861 -0.129194 0.991586 -0.008183 5.66243 -0.0107614 0.00684967 0.999919 4.31716
0.991658 0.128645 0.00803188 -146.757 -0.128578 0.991664 -0.00835326 5.78583 -0.00903953 0.00725085 0.999933 4.33657
0.991709 0.12834 0.00653129 -147.642 -0.128281 0.991699 -0.00876981 5.91132 -0.00760259 0.00785926 0.99994 4.38273
0.991656 0.128676 0.0077371 -148.511 -0.128602 0.991651 -0.00946414 6.02166 -0.00889032 0.00839017 0.999925 4.43351
0.99168 0.128318 0.0102444 -149.397 -0.128218 0.991697 -0.00991316 6.12731 -0.0114314 0.00851717 0.999898 4.45422
0.991715 0.128061 0.010053 -150.289 -0.127968 0.991734 -0.00938343 6.25293 -0.0111715 0.00801923 0.999905 4.47217
0.991806 0.127498 0.00809206 -151.177 -0.127421 0.991804 -0.009399 6.37758 -0.00922409 0.00829089 0.999923 4.52255
0.99182 0.127349 0.00864067 -152.044 -0.127269 0.991825 -0.00921252 6.48586 -0.00974324 0.00803748 0.99992 4.54999
0.991807 0.127225 0.0115271 -152.909 -0.127145 0.991856 -0.00742718 6.59859 -0.0123781 0.00590071 0.999906 4.57071
0.991883 0.126602 0.011825 -153.778 -0.126545 0.991946 -0.0054541 6.71526 -0.0124202 0.00391343 0.999915 4.61565
0.991913 0.12658 0.00929914 -154.654 -0.126547 0.991952 -0.00403924 6.83195 -0.00973559 0.0028298 0.999949 4.67436
0.991926 0.126615 0.00719213 -155.514 -0.126592 0.991948 -0.00362401 6.93799 -0.00759308 0.00268428 0.999968 4.69711
0.991991 0.126073 0.00774395 -156.374 -0.126049 0.992018 -0.00341495 7.05451 -0.00811267 0.00241148 0.999964 4.71335
0.992036 0.125609 0.00936936 -157.229 -0.125578 0.992077 -0.00373124 7.16959 -0.0097638 0.00252494 0.999949 4.74804
0.992011 0.125678 0.0108868 -158.075 -0.125644 0.992068 -0.00380543 7.2776 -0.0112787 0.00240717 0.999933 4.77836
0.99204 0.125385 0.0116623 -158.926 -0.125347 0.992105 -0.00389005 7.39484 -0.012058 0.00239724 0.999924 4.80864
0.992076 0.12508 0.0118183 -159.777 -0.125042 0.992144 -0.00392809 7.49019 -0.0122168 0.00241919 0.999922 4.843
0.992111 0.124913 0.0106467 -160.621 -0.124876 0.992164 -0.00408158 7.59227 -0.0110731 0.00271986 0.999935 4.86848
0.992131 0.124856 0.00931925 -161.47 -0.124817 0.992169 -0.00458811 7.69675 -0.00981912 0.0033888 0.999946 4.87916
0.992146 0.124837 0.00789858 -162.318 -0.124809 0.992173 -0.00403211 7.80555 -0.00834011 0.00301463 0.999961 4.90584
0.992216 0.124361 0.00644038 -163.152 -0.124344 0.992235 -0.00292803 7.92353 -0.0067545 0.00210442 0.999975 4.94183
0.99224 0.124219 0.00536504 -163.977 -0.124208 0.992253 -0.00236465 8.031 -0.00561721 0.00167992 0.999983 4.9917
0.992264 0.124009 0.00577112 -164.809 -0.123993 0.992278 -0.00303256 8.1281 -0.00610262 0.00229352 0.999979 5.01716
0.992285 0.123748 0.00753288 -165.638 -0.123723 0.99231 -0.00379888 8.23028 -0.00794505 0.00283758 0.999964 5.03191
0.992271 0.123772 0.00884507 -166.455 -0.123744 0.992307 -0.00367107 8.33947 -0.00923141 0.00254818 0.999954 5.05817
0.992334 0.123266 0.00881773 -167.274 -0.123243 0.992372 -0.00316724 8.45402 -0.00914088 0.00205624 0.999956 5.09465
0.992332 0.123322 0.00827346 -168.086 -0.123306 0.992366 -0.00241617 8.5525 -0.00850827 0.00137747 0.999963 5.12333
0.992328 0.123316 0.0088265 -168.9 -0.123298 0.992367 -0.00249936 8.64962 -0.00906734 0.00139189 0.999958 5.15468
0.992298 0.123348 0.0113874 -169.705 -0.123324 0.992363 -0.00274293 8.75199 -0.0116388 0.00131746 0.999931 5.18519
0.992304 0.12312 0.0131844 -170.504 -0.123099 0.992391 -0.00241588 8.84929 -0.0133815 0.000774308 0.99991 5.23102
0.992317 0.122979 0.0135134 -171.301 -0.122956 0.992409 -0.00250304 8.95199 -0.0137187 0.000822247 0.999906 5.27558
0.992345 0.122885 0.0123006 -172.095 -0.122857 0.99242 -0.00301831 9.03861 -0.0125783 0.00148399 0.99992 5.30218
0.992366 0.122885 0.0104301 -172.898 -0.12284 0.992415 -0.00484373 9.14369 -0.0109462 0.00352552 0.999934 5.32367
0.992396 0.122695 0.00978412 -173.695 -0.122643 0.992434 -0.00582078 9.24571 -0.0104243 0.00457656 0.999935 5.33508
0.992432 0.122505 0.00842202 -174.48 -0.122454 0.992454 -0.00635763 9.34575 -0.00913731 0.0052782 0.999944 5.38136
0.992452 0.12235 0.00836177 -175.265 -0.122298 0.992472 -0.00649814 9.43772 -0.00909387 0.00542647 0.999944 5.41725
0.992433 0.122456 0.00897657 -176.054 -0.122396 0.992457 -0.00689357 9.53609 -0.00975302 0.00574271 0.999936 5.44861
0.992423 0.122488 0.00969346 -176.826 -0.122413 0.992447 -0.00800473 9.63315 -0.0106007 0.00675747 0.999921 5.48168
0.992421 0.122312 0.0118355 -177.604 -0.122211 0.992464 -0.00889298 9.73199 -0.012834 0.00737915 0.99989 5.50877
0.992453 0.121872 0.0135986 -178.382 -0.121756 0.992519 -0.0090678 9.82822 -0.0146019 0.00734366 0.999866 5.54071
0.992478 0.121574 0.0144073 -179.144 -0.121447 0.992553 -0.00939741 9.92359 -0.0154425 0.007577 0.999852 5.58573
0.992485 0.1214 0.0153189 -179.922 -0.121234 0.992559 -0.011354 10.0149 -0.0165833 0.00941152 0.999818 5.61544
0.992499 0.121288 0.0153249 -180.704 -0.12109 0.992553 -0.0132579 10.1007 -0.0168188 0.0113028 0.999795 5.63356
0.99256 0.120897 0.014452 -181.486 -0.120657 0.992558 -0.016466 10.1817 -0.0163351 0.0145998 0.99976 5.67577
0.992471 0.120655 0.0210861 -182.261 -0.120298 0.992585 -0.0174427 10.285 -0.0230343 0.0147748 0.999625 5.71003
0.992179 0.120129 0.0339101 -183.027 -0.119666 0.992695 -0.0153799 10.3805 -0.03551 0.0112017 0.999307 5.73702
0.991908 0.119633 0.0424931 -183.788 -0.119385 0.992813 -0.00833893 10.4895 -0.0431853 0.00319843 0.999062 5.78355
0.992207 0.119369 0.0357238 -184.571 -0.119347 0.992849 -0.00275926 10.6026 -0.0357977 -0.00152577 0.999358 5.86522
0.992679 0.119905 0.0145582 -185.366 -0.119863 0.992784 -0.00371153 10.6996 -0.0148981 0.00193937 0.999887 5.92002
0.992567 0.120988 -0.0131066 -186.193 -0.121059 0.992634 -0.00475297 10.7851 0.012435 0.0063043 0.999903 5.85227
0.992074 0.121763 -0.0310265 -187.005 -0.121914 0.992536 -0.0030244 10.8752 0.0304266 0.00678299 0.999514 5.84484
0.992152 0.122397 -0.0255615 -187.783 -0.12247 0.992471 -0.00128708 10.9852 0.0252115 0.00440748 0.999672 5.91689
0.992345 0.123446 0.00357194 -188.546 -0.123427 0.992341 -0.00501822 11.0846 -0.00416406 0.00453894 0.999981 6.00364
0.991699 0.123648 0.035274 -189.302 -0.123296 0.992297 -0.0120122 11.1739 -0.0364876 0.00756331 0.999305 6.00278
0.991186 0.123814 0.0471174 -190.092 -0.12331 0.992277 -0.0134661 11.2764 -0.0484208 0.00753739 0.998799 5.96208
0.991723 0.124033 0.0331792 -190.913 -0.123808 0.992267 -0.00877732 11.3901 -0.0340113 0.00459684 0.999411 6.0056
0.992093 0.124837 0.0129585 -191.729 -0.12481 0.992176 -0.00290691 11.5015 -0.01322 0.00126657 0.999912 6.0713
0.992052 0.125828 0.000627327 -192.543 -0.125829 0.992051 0.00129778 11.5997 -0.000459044 -0.0013664 0.999999 6.11894
0.991995 0.126269 -0.00151179 -193.349 -0.126268 0.991996 0.000702789 11.702 0.00158843 -0.000506273 0.999999 6.16605
0.992007 0.126068 0.00530958 -194.154 -0.126052 0.992018 -0.00335321 11.796 -0.00568994 0.00265713 0.99998 6.18775
0.991988 0.125319 0.0159576 -194.958 -0.125239 0.992109 -0.00593169 11.9017 -0.0165751 0.00388565 0.999855 6.16136
0.992001 0.124586 0.0202795 -195.765 -0.124539 0.992208 -0.00358297 12.0118 -0.0205679 0.00102871 0.999788 6.18214
0.992066 0.12475 0.0155583 -196.576 -0.124777 0.992184 0.000766379 12.1277 -0.0153411 -0.00270162 0.999879 6.23407
0.992031 0.125682 0.00881369 -197.413 -0.125706 0.992065 0.00230732 12.2354 -0.00845376 -0.00339687 0.999958 6.2911
0.991934 0.126236 0.0114561 -198.252 -0.126257 0.991997 0.00111246 12.3309 -0.011224 -0.0025499 0.999934 6.30471
0.991825 0.125978 0.020297 -199.063 -0.126014 0.992028 0.000529352 12.4322 -0.0200685 -0.00308274 0.999794 6.32762
0.991773 0.125351 0.0259425 -199.861 -0.125417 0.992104 0.000942764 12.5347 -0.0256195 -0.00418865 0.999663 6.37559
0.991829 0.125251 0.0242546 -200.68 -0.125314 0.992117 0.0010887 12.6451 -0.0239271 -0.00411924 0.999705 6.41311
0.991981 0.125156 0.0176095 -201.531 -0.12521 0.992128 0.00202107 12.7623 -0.0172179 -0.00420974 0.999843 6.43904
0.992012 0.125634 0.0113139 -202.38 -0.12567 0.992069 0.00249993 12.8746 -0.0109101 -0.00390178 0.999933 6.47822
0.991978 0.126075 0.00918058 -203.207 -0.126087 0.992019 0.000775534 12.972 -0.00900953 -0.00192687 0.999958 6.5324
