1 0 0 0 0 1 0 0 0 0 1 0
1 -8.17919e-06 -3.0944e-05 0.00337863 8.17839e-06 1 -2.5868e-05 -0.00350213 3.09442e-05 2.58678e-05 1 -0.000121157
1 -1.10323e-05 2.73033e-05 0.004059 1.1032e-05 1 9.07748e-06 9.57868e-05 -2.73034e-05 -9.07718e-06 1 -0.00175107
1 2.83726e-05 2.04205e-07 0.00417192 -2.83726e-05 1 4.80231e-06 -0.00410829 -2.04069e-07 -4.80232e-06 1 0.00147822
1 7.72199e-05 -2.19278e-05 0.00242238 -7.72204e-05 1 -2.37905e-05 -0.00443765 2.1926e-05 2.37922e-05 1 0.00316095
1 -2.93881e-05 4.25026e-05 0.00429176 2.93877e-05 1 9.75028e-06 0.0019272 -4.25028e-05 -9.74904e-06 1 -0.00107822
1 5.30542e-06 -8.04237e-06 0.00167859 -5.30551e-06 1 -1.09157e-05 -0.0030824 8.04231e-06 1.09157e-05 1 0.00175483
1 1.5409e-05 -3.50327e-05 0.00121472 -1.54091e-05 1 -1.4953e-06 -0.00281978 3.50327e-05 1.49584e-06 1 0.00117482
1 2.49749e-05 -3.30515e-05 0.000458221 -2.49748e-05 1 5.86105e-06 -0.000398078 3.30516e-05 -5.86023e-06 1 -0.00012701
1 -1.53092e-05 3.87892e-05 0.000723266 1.53089e-05 1 6.57453e-06 0.00335857 -3.87893e-05 -6.57393e-06 1 -0.000706948
1 4.97527e-06 6.218e-05 0.00177601 -4.97641e-06 1 1.83477e-05 -0.00248011 -6.21799e-05 -1.8348e-05 1 -0.000399295
1 7.53456e-05 5.4869e-06 -0.00259631 -7.53456e-05 1 9.11127e-06 -0.00356777 -5.48621e-06 -9.11168e-06 1 0.000188418
1 3.12485e-05 -2.2899e-05 0.000860306 -3.12488e-05 1 -1.11755e-05 -0.00186863 2.28987e-05 1.11762e-05 1 -0.000281215
1 -4.16363e-05 2.79483e-05 0.00365813 4.16356e-05 1 2.63943e-05 -6.63206e-05 -2.79494e-05 -2.63931e-05 1 -0.00282204
1 -1.89497e-05 1.98521e-05 0.00445667 1.89489e-05 1 3.58194e-05 0.000267232 -1.98528e-05 -3.5819e-05 1 -0.00167691
1 -3.34406e-05 9.08622e-06 0.00324421 3.34406e-05 1 6.49247e-06 0.00122247 -9.08644e-06 -6.49217e-06 1 0.000846992
1 3.04304e-05 -3.60486e-05 -9.76357e-06 -3.04302e-05 1 4.83848e-06 0.000160021 3.60487e-05 -4.83738e-06 1 0.00253911
1 6.83012e-05 2.04332e-05 -0.00199705 -6.83011e-05 1 -3.3014e-06 -0.00164031 -2.04335e-05 3.30001e-06 1 -0.000117076
1 5.5603e-05 -9.09912e-06 0.0035764 -5.56031e-05 1 -6.83609e-06 -0.00322642 9.09874e-06 6.8366e-06 1 0.000922927
1 1.91202e-05 -3.44309e-05 0.00461378 -1.91203e-05 1 -1.74322e-06 5.85104e-05 3.44309e-05 1.74388e-06 1 0.00188559
1 4.22827e-05 1.32887e-05 0.00547492 -4.22827e-05 1 -2.91308e-07 -0.00214946 -1.32887e-05 2.90747e-07 1 -7.90968e-05
1 3.50311e-05 3.1039e-05 0.00685592 -3.50303e-05 1 -2.62405e-05 -0.00170298 -3.10399e-05 2.62394e-05 1 0.00026247
1 1.42506e-05 9.62004e-05 0.00299381 -1.4253e-05 1 2.499e-05 -0.00387704 -9.62e-05 -2.49914e-05 1 -0.00365269
1 2.66207e-05 3.46254e-05 0.000441835 -2.66212e-05 1 1.40105e-05 -0.00467455 -3.46251e-05 -1.40115e-05 1 -0.0017597
1 5.56456e-05 1.26819e-05 0.00200543 -5.5646e-05 1 2.97229e-05 -0.00110368 -1.26803e-05 -2.97237e-05 1 -0.00219732
1 -5.55929e-06 -1.39938e-05 0.00142546 5.55929e-06 1 -1.99048e-07 5.10476e-05 1.39938e-05 1.98971e-07 1 -0.000343476
1 -3.57583e-05 -6.4691e-05 -6.82028e-05 3.57572e-05 1 -1.67643e-05 0.00321827 6.46916e-05 1.6762e-05 1 0.00371608
1 -1.84399e-05 -3.12971e-07 0.00339819 1.84399e-05 1 6.28367e-06 0.000615984 3.12855e-07 -6.28368e-06 1 0.000135308
1 3.39808e-05 2.91775e-05 0.00504624 -3.39802e-05 1 -2.18804e-05 -0.00425774 -2.91783e-05 2.18794e-05 1 -0.000762778
1 -2.60562e-05 3.2152e-05 0.00484339 2.60561e-05 1 1.76453e-06 0.00200526 -3.21521e-05 -1.76369e-06 1 -0.000255333
1 1.73671e-06 -3.51068e-05 0.00342826 -1.73624e-06 1 1.3291e-05 -0.000989785 3.51068e-05 -1.3291e-05 1 0.00164692
1 2.08732e-05 -1.22235e-06 0.00671487 -2.08732e-05 1 2.101e-05 -0.00364786 1.22279e-06 -2.10099e-05 1 0.000554842
1 -1.31979e-05 1.43409e-05 0.00506985 1.3198e-05 1 -5.45699e-06 -0.00366003 -1.43408e-05 5.45718e-06 1 0.000690409
1 2.13287e-05 4.82552e-05 0.00287001 -2.13288e-05 1 8.72036e-07 -0.00216545 -4.82552e-05 -8.73065e-07 1 -0.00190587
1 4.15062e-05 4.75324e-05 0.00243139 -4.1507e-05 1 1.54549e-05 -0.0042893 -4.75318e-05 -1.54569e-05 1 -0.00298099
1 -2.0547e-05 1.34455e-05 0.00102814 2.05465e-05 1 3.42321e-05 -0.00168474 -1.34462e-05 -3.42318e-05 1 -0.0013765
1 -5.21907e-05 -1.77103e-05 0.0039511 5.21905e-05 1 -1.61799e-05 0.00456796 1.77111e-05 1.6179e-05 1 0.00213088
1 8.55594e-06 2.49148e-06 0.000971609 -8.55594e-06 1 -1.24099e-06 0.00093527 -2.49149e-06 1.24097e-06 1 0.00194417
1 2.49269e-06 -2.61352e-05 0.00138601 -2.49286e-06 1 -6.22725e-06 0.000718526 2.61352e-05 6.22732e-06 1 0.00237149
1 -1.63926e-05 -5.94098e-05 0.00209373 1.6393e-05 1 6.99764e-06 0.00317866 5.94097e-05 -6.99861e-06 1 0.000777652
1 9.1709e-06 -2.40855e-05 0.00388614 -9.17101e-06 1 -4.36397e-06 0.000395579 2.40855e-05 4.36419e-06 1 0.00110819
1 1.95337e-05 9.183e-05 -0.00332028 -1.95377e-05 1 4.45358e-05 -0.00142107 -9.18291e-05 -4.45376e-05 1 -0.00333496
1 3.28039e-05 5.9143e-05 0.00357062 -3.28038e-05 1 -2.07794e-06 -9.14326e-05 -5.9143e-05 2.076e-06 1 -0.000544363
1 2.24101e-05 -1.11664e-05 0.00266487 -2.24103e-05 1 -2.06129e-05 -0.00312873 1.1166e-05 2.06132e-05 1 0.000735258
1 6.5697e-08 8.54831e-06 0.00282361 -6.58438e-08 1 1.7168e-05 -0.00229935 -8.54831e-06 -1.7168e-05 1 -0.000367416
1 -8.28941e-06 3.16796e-05 0.00519209 8.28819e-06 1 3.84538e-05 -0.0068009 -3.16799e-05 -3.84535e-05 1 -0.00187223
1 -2.10667e-05 3.34028e-05 0.00766039 2.10662e-05 1 1.60234e-05 -0.0011898 -3.34031e-05 -1.60227e-05 1 -0.000627045
1 1.63271e-05 3.4552e-05 0.00816183 -1.63275e-05 1 1.1946e-05 0.00110954 -3.45518e-05 -1.19465e-05 1 -0.000973545
1 1.51522e-05 3.84127e-05 0.00113689 -1.5153e-05 1 1.90379e-05 0.000720821 -3.84124e-05 -1.90385e-05 1 -0.000852457
1 2.58238e-05 8.67037e-05 0.00061195 -2.5828e-05 1 4.78808e-05 -0.00636536 -8.67025e-05 -4.7883e-05 1 -0.00339511
1 -5.45301e-05 3.76675e-05 0.00257752 5.45286e-05 1 4.00745e-05 0.00255017 -3.76697e-05 -4.00725e-05 1 -0.00215627
1 -5.11446e-05 -3.41491e-05 0.00472956 5.1145e-05 1 1.00313e-05 0.00443217 3.41486e-05 -1.00331e-05 1 0.000961501
1 5.24804e-05 -5.21862e-05 0.00805457 -5.24811e-05 1 -1.49699e-05 -0.0034508 5.21854e-05 1.49727e-05 1 0.00287061
1 5.83756e-06 3.04844e-05 0.00513918 -5.8389e-06 1 4.40303e-05 -0.00337935 -3.04841e-05 -4.40304e-05 1 -0.00223006
1 -5.70624e-06 3.5193e-05 0.0117939 5.70542e-06 1 2.31645e-05 -0.00360341 -3.51932e-05 -2.31643e-05 1 -0.00151113
1 -3.19977e-05 2.25514e-05 0.0192919 3.19969e-05 1 3.31888e-05 0.00104983 -2.25524e-05 -3.31881e-05 1 0.000130972
1 -4.73723e-06 8.39677e-05 0.0332468 4.73433e-06 1 3.45325e-05 -0.000371259 -8.39678e-05 -3.45321e-05 1 0.00102893
1 2.54707e-05 0.000191366 0.0378588 -2.54661e-05 1 -2.43859e-05 0.00503345 -0.000191367 2.4381e-05 1 0.00302355
1 4.85426e-06 0.000146592 0.0269182 -4.84678e-06 1 -5.10337e-05 -0.000345335 -0.000146593 5.1033e-05 1 0.00645782
1 1.43019e-05 2.18128e-06 0.00283808 -1.43017e-05 1 -7.31737e-05 0.00153424 -2.18232e-06 7.31737e-05 1 0.00671732
1 4.49361e-05 -2.40679e-05 -0.0133101 -4.49371e-05 1 -4.17338e-05 -0.00172297 2.4066e-05 4.17349e-05 1 0.00428006
1 -1.47786e-06 5.24703e-05 -0.017813 1.47876e-06 1 -1.72012e-05 -0.00552654 -5.24703e-05 1.72012e-05 1 0.00297795
1 -2.5239e-05 0.000198949 -0.0172709 2.52467e-05 1 -3.88205e-05 -0.00733871 -0.000198948 3.88255e-05 1 0.00779872
1 -0.000162713 0.000213713 -0.0313243 0.000162749 1 -0.000170196 -0.00037818 -0.000213685 0.000170231 1 0.0156937
1 -0.000113615 0.000288138 -0.0545433 0.000113658 1 -0.000150619 0.000708707 -0.000288121 0.000150651 1 0.0144999
1 -4.54849e-05 0.00032588 -0.11669 4.55086e-05 1 -7.27515e-05 -0.00350465 -0.000325876 7.27663e-05 1 0.0113347
1 -0.000870644 0.000427163 -0.232967 0.000870635 1 2.0912e-05 0.00110313 -0.000427181 -2.05401e-05 1 0.00791499
0.999999 -0.00167598 0.000348987 -0.348199 0.00167596 0.999999 6.89468e-05 0.0197622 -0.000349103 -6.83618e-05 1 0.0150163
0.999998 -0.00201458 0.000408836 -0.433351 0.00201449 0.999998 0.000233316 -0.00625693 -0.000409305 -0.000232492 1 0.0132071
0.999997 -0.00248353 0.000392456 -0.518829 0.00248344 0.999997 0.000224907 -0.00113649 -0.000393014 -0.000223931 1 0.0137126
0.999991 -0.00433646 0.000320586 -0.638455 0.00433644 0.999991 5.38662e-05 0.00413713 -0.000320817 -5.24755e-05 1 0.0282631
0.999982 -0.00598553 0.000647091 -0.778807 0.00598553 0.999982 1.02728e-05 0.0142113 -0.000647141 -6.39942e-06 1 0.038402
0.999973 -0.00727871 0.00121165 -0.917509 0.00727864 0.999974 6.48803e-05 -0.00726575 -0.00121209 -5.60594e-05 0.999999 0.0374684
0.99996 -0.00875709 0.00185949 -1.07195 0.0087573 0.999962 -0.000106159 -0.0102736 -0.00185848 0.000122439 0.999998 0.0287184
0.999934 -0.0111772 0.00257446 -1.24276 0.0111766 0.999938 0.000230758 -0.0131471 -0.00257688 -0.000201969 0.999997 0.0269804
0.999897 -0.0140253 0.00288267 -1.42636 0.0140234 0.999901 0.0006481 -0.00152327 -0.00289147 -0.000607608 0.999996 0.0491837
0.99984 -0.0176596 0.00275189 -1.5889 0.0176569 0.999844 0.000996717 -0.0115159 -0.00276906 -0.000947968 0.999996 0.0608091
0.999789 -0.0204054 0.00253052 -1.76114 0.020403 0.999791 0.00093787 -0.0419077 -0.00254913 -0.000886041 0.999996 0.0639768
0.999719 -0.0235903 0.00233633 -1.99748 0.0235895 0.999722 0.000353242 -0.0496541 -0.00234401 -0.00029803 0.999997 0.0555594
0.99965 -0.0263853 0.00208099 -2.19702 0.0263854 0.999652 -3.21322e-05 -0.0595652 -0.00207942 8.70288e-05 0.999998 0.0442093
0.999526 -0.0306938 0.00235871 -2.41665 0.0306938 0.999529 5.64214e-05 -0.0661216 -0.00235933 1.6003e-05 0.999997 0.0571664
0.999383 -0.0350253 0.0024845 -2.66447 0.0350244 0.999386 0.000410447 -0.069207 -0.00249735 -0.000323176 0.999997 0.0699736
0.999249 -0.0386488 0.00270443 -2.94356 0.0386466 0.999253 0.000865289 -0.100234 -0.00273586 -0.000760122 0.999996 0.0913398
0.99912 -0.0418683 0.00230489 -3.18916 0.0418669 0.999123 0.000664329 -0.127338 -0.00233068 -0.000567247 0.999997 0.0946909
0.998937 -0.046012 0.00260323 -3.47124 0.0460112 0.998941 0.000345598 -0.138081 -0.00261638 -0.000225453 0.999997 0.09422
0.998694 -0.0509865 0.00325044 -3.76609 0.0509855 0.998699 0.000390449 -0.149474 -0.00326612 -0.000224214 0.999995 0.0896272
0.998406 -0.0563632 0.0028747 -4.07247 0.0563608 0.99841 0.000906078 -0.161281 -0.00292119 -0.000742613 0.999995 0.105988
0.998133 -0.0610272 0.00263932 -4.39703 0.0610236 0.998135 0.00142729 -0.199104 -0.0027215 -0.00126357 0.999995 0.11791
0.997791 -0.0663476 0.00319199 -4.71199 0.0663424 0.997795 0.00170145 -0.212729 -0.00329784 -0.00148593 0.999993 0.135747
0.997436 -0.0714892 0.0033942 -5.04579 0.0714844 0.997441 0.001521 -0.261275 -0.00349424 -0.00127447 0.999993 0.161952
0.99707 -0.0764264 0.00335617 -5.37979 0.0764245 0.997075 0.000706009 -0.305458 -0.00340031 -0.000447446 0.999994 0.155684
0.996623 -0.0820837 0.00219584 -5.74457 0.082085 0.996625 -0.000551172 -0.334775 -0.00214319 0.000729557 0.999997 0.140613
0.996236 -0.0866768 0.00116697 -6.11699 0.0866789 0.996235 -0.00183305 -0.368453 -0.0010037 0.0019273 0.999998 0.143859
0.995938 -0.0900401 0.000751011 -6.50092 0.0900417 0.995935 -0.00233624 -0.435424 -0.000537603 0.00239437 0.999997 0.16086
0.995512 -0.0946228 0.00155645 -6.9219 0.0946274 0.995508 -0.00323606 -0.480849 -0.00124325 0.00336882 0.999994 0.181344
0.995111 -0.0987228 0.00290129 -7.30928 0.0987331 0.995107 -0.00362575 -0.531002 -0.00252915 0.00389448 0.999989 0.20136
0.994581 -0.103887 0.00392239 -7.72172 0.103898 0.994583 -0.00297845 -0.562324 -0.00359172 0.00336984 0.999988 0.209311
0.993972 -0.109527 0.00483563 -8.17485 0.109537 0.993981 -0.00192588 -0.58837 -0.00459558 0.00244395 0.999986 0.229792
0.99361 -0.112713 0.00590022 -8.60894 0.112728 0.993623 -0.00230753 -0.644511 -0.0056025 0.0029579 0.99998 0.245402
0.993298 -0.115323 0.0077283 -9.03726 0.115369 0.993306 -0.00581807 -0.725529 -0.00700561 0.00667068 0.999953 0.26395
0.992742 -0.11989 0.00942546 -9.51846 0.119962 0.99275 -0.0075483 -0.811318 -0.00845216 0.00862421 0.999927 0.270208
0.992151 -0.124674 0.00960648 -9.95815 0.124749 0.992159 -0.00764706 -0.874721 -0.00857776 0.00878544 0.999925 0.266635
0.991636 -0.128751 0.0090146 -10.4399 0.128818 0.991641 -0.00732951 -0.949318 -0.00799557 0.00842945 0.999933 0.274527
0.990755 -0.135417 0.00816894 -10.9442 0.135473 0.990758 -0.00680929 -0.993519 -0.00717134 0.00785302 0.999943 0.286896
0.989851 -0.141924 0.00721344 -11.4431 0.141971 0.98985 -0.00647461 -1.04804 -0.00622132 0.00743299 0.999953 0.300866
0.98914 -0.146835 0.00644805 -11.9439 0.146876 0.989134 -0.00648664 -1.12977 -0.00542552 0.00736326 0.999958 0.315197
0.988429 -0.15155 0.00638329 -12.4526 0.151591 0.988421 -0.00662022 -1.2424 -0.00530609 0.00751127 0.999958 0.330292
0.987828 -0.155398 0.00685581 -12.9592 0.155447 0.987818 -0.00724313 -1.32075 -0.00564672 0.00822068 0.99995 0.345418
0.987336 -0.158474 0.00730353 -13.4639 0.158529 0.987325 -0.00757467 -1.41099 -0.00601057 0.00863656 0.999945 0.352692
0.987119 -0.159806 0.00756501 -14.0321 0.159863 0.98711 -0.00762225 -1.5166 -0.00624941 0.00873344 0.999942 0.366742
0.986867 -0.161352 0.00772744 -14.5879 0.161411 0.986857 -0.0077046 -1.5965 -0.00638273 0.0088507 0.99994 0.387855
0.986709 -0.162294 0.00813033 -15.1238 0.162353 0.986706 -0.00729006 -1.67501 -0.00683911 0.00851315 0.99994 0.385719
0.986875 -0.161307 0.00757888 -15.7053 0.161358 0.986874 -0.00659429 -1.75339 -0.00641569 0.00773065 0.99995 0.397851
0.987205 -0.15932 0.00663026 -16.2922 0.159358 0.987204 -0.00571395 -1.83504 -0.00563507 0.00669743 0.999962 0.411493
0.987725 -0.156159 0.00376251 -16.8749 0.15617 0.987726 -0.00288063 -1.92407 -0.00326649 0.00343286 0.999989 0.452253
0.98824 -0.1529 0.00159736 -17.4694 0.152902 0.988241 -0.0012128 -2.01932 -0.00139314 0.00144278 0.999998 0.490096
0.988667 -0.150113 0.00171642 -18.0813 0.150112 0.988669 0.000522348 -2.11927 -0.00177538 -0.000258772 0.999998 0.497412
0.989031 -0.147666 0.00341582 -18.6862 0.14766 0.989037 0.00182085 -2.19768 -0.00364724 -0.0012965 0.999993 0.49603
0.989499 -0.144452 0.00501071 -19.321 0.144441 0.989511 0.00235873 -2.29372 -0.00529888 -0.0016102 0.999985 0.521292
0.989865 -0.141892 0.00584711 -19.9572 0.141879 0.989881 0.00258457 -2.36574 -0.00615467 -0.00172879 0.99998 0.531623
0.990455 -0.13774 0.00515295 -20.5951 0.13773 0.990467 0.00233996 -2.45064 -0.00542614 -0.00160791 0.999984 0.539212
0.991107 -0.133042 0.00258761 -21.2712 0.133035 0.991108 0.00258809 -2.52752 -0.00290893 -0.00222083 0.999993 0.546194
0.991751 -0.128177 0.000190802 -21.9547 0.128176 0.991747 0.00297517 -2.60398 -0.000570575 -0.00292617 0.999996 0.564678
0.992334 -0.123582 -0.000825425 -22.6073 0.123584 0.99233 0.0026994 -2.67051 0.000485496 -0.00278072 0.999996 0.600643
0.992963 -0.118419 0.00084591 -23.2329 0.118418 0.992962 0.00166154 -2.74339 -0.00103672 -0.00154968 0.999998 0.620889
0.993557 -0.113271 0.00364101 -23.9276 0.113273 0.993564 -0.000215681 -2.81556 -0.00359315 0.000626718 0.999993 0.644487
0.994344 -0.106053 0.00579173 -24.6034 0.106056 0.99436 -0.000234333 -2.88283 -0.00573422 0.000847254 0.999983 0.651676
0.995135 -0.0983837 0.0051885 -25.2721 0.0983693 0.995146 0.00295319 -2.93857 -0.00545386 -0.00242843 0.999982 0.655772
0.995905 -0.0903197 0.00388298 -25.9574 0.0903031 0.995905 0.00424026 -2.97827 -0.00425006 -0.00387226 0.999983 0.676496
0.996639 -0.0818863 0.00218881 -26.6636 0.0818838 0.996641 0.00121576 -3.02732 -0.00228101 -0.00103244 0.999997 0.725522
0.997376 -0.0723104 0.00343009 -27.3623 0.0723197 0.997378 -0.00267031 -3.08723 -0.00322801 0.00291137 0.999991 0.755142
0.997928 -0.0639328 0.00722018 -28.0714 0.0639673 0.997941 -0.00465457 -3.10982 -0.00690773 0.00510678 0.999963 0.759025
0.998385 -0.0559701 0.00973768 -28.7759 0.0560169 0.998419 -0.00459703 -3.13965 -0.00946499 0.00513508 0.999942 0.768796
0.998826 -0.0475029 0.00948685 -29.4545 0.0475412 0.998862 -0.00385422 -3.17375 -0.00929297 0.00430071 0.999948 0.78481
0.999229 -0.0387361 0.0063421 -30.1786 0.0387636 0.999239 -0.00427029 -3.19013 -0.00617186 0.00451284 0.999971 0.821563
0.999537 -0.0300792 0.00464508 -30.9149 0.0301058 0.99953 -0.00575926 -3.20689 -0.00446966 0.00589643 0.999973 0.845355
0.999756 -0.0215655 0.00483206 -31.6557 0.0215973 0.999745 -0.00662653 -3.22238 -0.00468793 0.00672927 0.999966 0.848138
0.999871 -0.0147378 0.00640503 -32.4201 0.014772 0.999877 -0.00531817 -3.22651 -0.00632586 0.0054121 0.999965 0.857778
0.999926 -0.00941476 0.00775021 -33.188 0.00944115 0.99995 -0.00337555 -3.20178 -0.00771804 0.00344847 0.999964 0.892646
0.99996 -0.00494013 0.00742101 -33.9191 0.00496134 0.999984 -0.00284209 -3.18831 -0.00740685 0.0028788 0.999968 0.929804
0.999978 -0.000304599 0.00656517 -34.6741 0.00032441 0.999995 -0.00301672 -3.19381 -0.00656422 0.00301878 0.999974 0.946006
0.999979 0.00429718 0.00478033 -35.4443 -0.00428367 0.999987 -0.00283151 -3.19765 -0.00479244 0.00281097 0.999985 0.962436
0.999955 0.00831751 0.00462284 -36.2306 -0.00830843 0.999964 -0.00197906 -3.18187 -0.00463914 0.00194056 0.999987 0.982729
0.999929 0.010682 0.00519712 -37.0229 -0.010675 0.999942 -0.00137601 -3.14554 -0.00521152 0.00132043 0.999986 1.02719
0.999901 0.0124452 0.00654953 -37.8429 -0.0124372 0.999922 -0.00126581 -3.12566 -0.00656477 0.00118423 0.999978 1.05597
0.999876 0.0140938 0.00707261 -38.6434 -0.0140886 0.9999 -0.000783037 -3.12299 -0.00708294 0.000683296 0.999975 1.06234
0.999855 0.0155361 0.00693834 -39.4576 -0.0155386 0.999879 0.000303249 -3.10857 -0.00693279 -0.000411017 0.999976 1.08032
0.999836 0.0168007 0.006795 -40.2618 -0.0168132 0.999857 0.00178514 -3.08616 -0.00676404 -0.0018991 0.999975 1.1031
0.999819 0.0175634 0.00736847 -41.0784 -0.017587 0.99984 0.00315608 -3.06851 -0.00731186 -0.00328509 0.999968 1.12449
0.999786 0.0179952 0.01018 -41.908 -0.0180521 0.999822 0.00552221 -3.05535 -0.0100788 -0.0057048 0.999933 1.13503
0.999751 0.0178316 0.0133864 -42.7636 -0.0179381 0.999808 0.00787813 -3.03696 -0.0132433 -0.0081163 0.999879 1.17317
0.999732 0.017788 0.0148233 -43.623 -0.0179194 0.999801 0.00877565 -3.01603 -0.0146642 -0.00903892 0.999852 1.22705
0.999782 0.0170553 0.0120356 -44.4944 -0.017143 0.999827 0.00722159 -2.99556 -0.0119104 -0.00742634 0.999901 1.26735
0.999848 0.016219 0.00633119 -45.372 -0.016257 0.99985 0.0059937 -2.98758 -0.00623303 -0.00609572 0.999962 1.24801
0.999885 0.0145971 0.0040563 -46.2305 -0.0146405 0.999834 0.0108856 -2.96528 -0.00389673 -0.0109437 0.999933 1.25882
0.999904 0.0133523 0.00371906 -47.0996 -0.0134065 0.999798 0.0149656 -2.93976 -0.00351848 -0.015014 0.999881 1.33595
0.999906 0.0126071 0.0054004 -48.0196 -0.0126774 0.999833 0.0131738 -2.92214 -0.00523342 -0.013241 0.999899 1.39272
0.999915 0.011994 0.00510537 -48.9164 -0.0120436 0.999879 0.00980399 -2.91758 -0.00498716 -0.00986465 0.999939 1.37173
0.999943 0.0104665 0.00230626 -49.8402 -0.0104861 0.999907 0.00867204 -2.91054 -0.00221528 -0.00869572 0.99996 1.37267
0.999962 0.00867204 0.000140173 -50.745 -0.00867304 0.999906 0.0106642 -2.89503 -4.76796e-05 -0.010665 0.999943 1.4115
0.999968 0.00768641 0.00202546 -51.6552 -0.00770981 0.999901 0.011811 -2.88188 -0.00193448 -0.0118262 0.999928 1.45129
0.999953 0.00715447 0.00657618 -52.6234 -0.00723965 0.999889 0.0130206 -2.86951 -0.00648229 -0.0130676 0.999894 1.45595
0.999936 0.00666815 0.0091683 -53.5693 -0.00682669 0.999826 0.0173709 -2.85871 -0.00905087 -0.0174323 0.999807 1.48396
0.999929 0.00688611 0.0097688 -54.5019 -0.00706361 0.999808 0.0182534 -2.85265 -0.00964123 -0.0183211 0.999786 1.5419
0.99991 0.0074583 0.0111742 -55.46 -0.00764919 0.999824 0.0171393 -2.84575 -0.0110444 -0.0172233 0.999791 1.56951
0.999929 0.00670702 0.00989765 -56.4467 -0.00685142 0.99987 0.0146286 -2.8367 -0.00979824 -0.0146954 0.999844 1.59866
0.999979 0.00592894 0.00275004 -57.4257 -0.00595672 0.99993 0.0102058 -2.81695 -0.00268934 -0.0102219 0.999944 1.62199
0.99996 0.00662738 -0.00593167 -58.4018 -0.00659318 0.999962 0.00576665 -2.81456 0.00596966 -0.00572731 0.999966 1.64084
0.999958 0.00750576 -0.00517068 -59.3904 -0.00748755 0.999966 0.0035324 -2.81628 0.00519701 -0.00349354 0.99998 1.66413
0.999955 0.00671352 0.00668966 -60.3774 -0.00673866 0.99997 0.00374261 -2.81747 -0.00666433 -0.00378752 0.999971 1.70452
0.999813 0.00534057 0.0185974 -61.3691 -0.00542738 0.999975 0.00462089 -2.81288 -0.0185723 -0.00472096 0.999816 1.74122
0.999732 0.00422146 0.0227782 -62.3978 -0.0043421 0.999977 0.00524945 -2.79754 -0.0227555 -0.00534695 0.999727 1.76857
0.999841 0.0038355 0.017424 -63.4256 -0.00394113 0.999974 0.00603164 -2.77861 -0.0174004 -0.00609935 0.99983 1.80276
0.999952 0.00342356 0.00922812 -64.4437 -0.00349146 0.999967 0.00735131 -2.77023 -0.00920265 -0.00738317 0.99993 1.82217
0.999985 0.00279136 0.00469186 -65.4824 -0.00283262 0.999957 0.00881076 -2.76298 -0.00466707 -0.00882392 0.99995 1.86223
0.999987 0.00325401 0.00397668 -66.5188 -0.00329079 0.999952 0.00927627 -2.76056 -0.00394631 -0.00928924 0.999949 1.91926
0.999962 0.00293831 0.00820616 -67.586 -0.00300447 0.999963 0.00806215 -2.75261 -0.00818217 -0.0080865 0.999934 1.95278
0.999911 0.00332705 0.0129497 -68.6476 -0.00341419 0.999972 0.00671321 -2.74112 -0.012927 -0.00675683 0.999894 1.968
0.999871 0.00365537 0.015639 -69.6817 -0.00374216 0.999978 0.00552416 -2.73835 -0.0156185 -0.00558197 0.999862 1.99567
0.999868 0.00410209 0.0157308 -70.7561 -0.00416689 0.999983 0.00408845 -2.73721 -0.0157138 -0.00415346 0.999868 2.03378
0.999911 0.00444078 0.0125796 -71.8422 -0.00447138 0.999987 0.00240554 -2.73191 -0.0125687 -0.00246157 0.999918 2.08177
0.999943 0.00420334 0.00978846 -72.9219 -0.00422367 0.999989 0.00205694 -2.72745 -0.0097797 -0.00209817 0.99995 2.11802
0.999944 0.00388718 0.00982105 -74.0247 -0.00390921 0.99999 0.00222435 -2.7149 -0.0098123 -0.00226261 0.999949 2.1444
0.999932 0.00445686 0.0107859 -75.0985 -0.00448112 0.999987 0.00222595 -2.71257 -0.0107758 -0.00227414 0.999939 2.18306
0.999929 0.00492571 0.0108659 -76.1897 -0.00495428 0.999984 0.00260379 -2.70642 -0.0108529 -0.00265743 0.999938 2.22336
0.999925 0.00534865 0.0110463 -77.3094 -0.00537873 0.999982 0.0026959 -2.69322 -0.0110316 -0.00275511 0.999935 2.26174
0.999916 0.00570733 0.0116258 -78.415 -0.00574222 0.999979 0.00296913 -2.67796 -0.0116086 -0.00303564 0.999928 2.29188
0.999911 0.00685795 0.0114832 -79.5192 -0.00688899 0.999973 0.00266554 -2.66867 -0.0114646 -0.00274441 0.999931 2.32597
0.999906 0.00771697 0.0113539 -80.6494 -0.00773603 0.999969 0.00163608 -2.66271 -0.0113409 -0.00172376 0.999934 2.36459
0.999904 0.00929946 0.0102782 -81.7945 -0.00930584 0.999957 0.000573324 -2.64473 -0.0102725 -0.000668916 0.999947 2.40859
0.999873 0.0121261 0.0103326 -82.9311 -0.0121284 0.999926 0.000152131 -2.61179 -0.01033 -0.00027743 0.999947 2.44889
0.999829 0.0145135 0.011491 -84.0791 -0.014524 0.999894 0.000829089 -2.59805 -0.0114778 -0.000995843 0.999934 2.4849
0.999768 0.017142 0.0130531 -85.2178 -0.0171704 0.99985 0.00207252 -2.56995 -0.0130156 -0.00229617 0.999913 2.51849
0.999714 0.019331 0.0140499 -86.3538 -0.0193667 0.99981 0.00241244 -2.5393 -0.0140006 -0.00268385 0.999898 2.58004
0.999638 0.0220555 0.015381 -87.5253 -0.0220633 0.999757 0.00034023 -2.50943 -0.0153697 -0.000679462 0.999882 2.64588
0.999533 0.0255611 0.0167197 -88.6855 -0.0255407 0.999673 -0.00143555 -2.49095 -0.016751 0.00100785 0.999859 2.67528
0.999425 0.0290614 0.0174891 -89.839 -0.0290175 0.999575 -0.00275713 -2.45527 -0.0175618 0.00224806 0.999843 2.7061
0.999326 0.0327897 0.016518 -91.0046 -0.0327118 0.999452 -0.00496582 -2.40574 -0.0166718 0.00442214 0.999851 2.76895
0.999216 0.0370936 0.0138483 -92.2139 -0.0370194 0.999299 -0.00557301 -2.34586 -0.0140454 0.00505599 0.999889 2.82744
0.999081 0.0413265 0.0113984 -93.3851 -0.041266 0.999133 -0.00548998 -2.30428 -0.0116154 0.00501456 0.99992 2.89012
0.998911 0.0451533 0.0117436 -94.5409 -0.0450932 0.998969 -0.0053308 -2.25745 -0.0119722 0.00479544 0.999917 2.92221
0.998718 0.0489425 0.0129364 -95.7234 -0.0488816 0.998792 -0.0049807 -2.19212 -0.0131646 0.00434196 0.999904 2.9557
0.998513 0.0530694 0.0124496 -96.9312 -0.053007 0.99858 -0.00528749 -2.11834 -0.0127126 0.00461971 0.999909 2.99135
0.998306 0.0570287 0.0115075 -98.1592 -0.0569722 0.998362 -0.0051855 -2.04402 -0.0117844 0.00452111 0.99992 3.00982
0.998074 0.0610962 0.0107294 -99.349 -0.0610566 0.998126 -0.00397712 -1.9622 -0.0109523 0.00331436 0.999935 3.03616
0.997874 0.0643378 0.0104168 -100.552 -0.0643308 0.997928 -0.00101318 -1.86931 -0.0104604 0.0003409 0.999945 3.08863
0.997611 0.0683132 0.0102946 -101.762 -0.0683673 0.997648 0.00499527 -1.76807 -0.00992917 -0.00568715 0.999935 3.14563
0.997277 0.0730378 0.0101701 -102.988 -0.0731265 0.997285 0.00863859 -1.67506 -0.00951156 -0.00935877 0.999911 3.22511
0.996975 0.0768909 0.0113229 -104.22 -0.0769761 0.997006 0.00729199 -1.58624 -0.0107283 -0.00814152 0.999909 3.26785
0.996677 0.0801078 0.0147668 -105.434 -0.0801206 0.996785 0.000276042 -1.48289 -0.0146973 -0.00145825 0.999891 3.31823
0.996312 0.0837575 0.0186387 -106.664 -0.0836384 0.996471 -0.00708379 -1.38064 -0.0191662 0.00549876 0.999801 3.3598
0.995891 0.0876113 0.0229211 -107.882 -0.0873626 0.996109 -0.0116367 -1.27728 -0.0238514 0.00958648 0.99967 3.38496
0.99553 0.091344 0.0240243 -109.104 -0.0911107 0.995784 -0.0106369 -1.16473 -0.0248946 0.00840044 0.999655 3.42469
0.995251 0.0952512 0.0200445 -110.365 -0.095113 0.995436 -0.00774127 -1.05315 -0.0206904 0.00579802 0.999769 3.51646
0.994952 0.0991365 0.0155598 -111.618 -0.0990265 0.995055 -0.00769024 -0.912435 -0.0162452 0.00611059 0.999849 3.57804
0.994666 0.10227 0.0134013 -112.847 -0.102142 0.99472 -0.00994264 -0.771151 -0.0143474 0.00852077 0.999861 3.63415
0.994263 0.106125 0.013365 -114.031 -0.105967 0.994297 -0.0120418 -0.645028 -0.0145667 0.0105565 0.999838 3.68504
0.993821 0.110053 0.0144216 -115.229 -0.10986 0.993854 -0.0135653 -0.516069 -0.0158259 0.0118972 0.999804 3.74614
0.993319 0.113972 0.0180799 -116.462 -0.113751 0.993427 -0.0127998 -0.371391 -0.0194198 0.0106577 0.999755 3.79272
0.992806 0.117785 0.0214996 -117.696 -0.117565 0.993002 -0.0112461 -0.218323 -0.0226738 0.00863762 0.999706 3.82849
0.992319 0.121986 0.0205764 -118.913 -0.121868 0.992522 -0.00688878 -0.0691571 -0.0212628 0.00432827 0.999765 3.91375
0.991968 0.125268 0.0175314 -120.124 -0.125202 0.99212 -0.00481576 0.100417 -0.0179965 0.0025821 0.999835 3.98479
0.991613 0.128198 0.0163944 -121.325 -0.128132 0.991744 -0.00500399 0.266868 -0.0169005 0.00286138 0.999853 4.01687
0.991113 0.131855 0.01757 -122.549 -0.131811 0.991268 -0.00359908 0.44617 -0.0178912 0.00125116 0.999839 4.0521
0.990557 0.135977 0.0175264 -123.783 -0.135939 0.990712 -0.0033376 0.61042 -0.0178174 0.000923553 0.999841 4.13235
0.989956 0.140025 0.0195129 -125.001 -0.139955 0.990146 -0.00491861 0.773185 -0.0200094 0.00213828 0.999798 4.19397
0.989344 0.143835 0.0225603 -126.212 -0.143747 0.989599 -0.00550898 0.960332 -0.023118 0.00220731 0.99973 4.25359
0.988811 0.147204 0.0241553 -127.417 -0.147121 0.989105 -0.00520378 1.15908 -0.0246582 0.00159181 0.999695 4.2995
0.988283 0.150924 0.0227691 -128.643 -0.150835 0.988543 -0.00559179 1.34147 -0.0233522 0.00209189 0.999725 4.35322
0.98776 0.154514 0.0213569 -129.872 -0.154427 0.987988 -0.00566981 1.52816 -0.0219764 0.00230232 0.999756 4.39854
0.987158 0.158272 0.0216524 -131.109 -0.158182 0.987393 -0.00582065 1.71882 -0.0223007 0.00232088 0.999749 4.45359
0.986552 0.161867 0.0226602 -132.314 -0.161771 0.98681 -0.00604449 1.93782 -0.0233397 0.00229745 0.999725 4.51605
0.985929 0.165404 0.0242035 -133.54 -0.165309 0.986224 -0.00591374 2.14974 -0.0248482 0.00182948 0.99969 4.58035
0.985378 0.168698 0.0239184 -134.781 -0.168589 0.985665 -0.00652676 2.36273 -0.0246766 0.00239895 0.999693 4.64939
0.984711 0.172597 0.0235656 -136.013 -0.172485 0.984989 -0.00671675 2.56753 -0.0243711 0.00254933 0.9997 4.72027
0.983965 0.176735 0.0240491 -137.24 -0.17661 0.984254 -0.00723555 2.79993 -0.0249492 0.00287221 0.999685 4.78116
0.983345 0.180056 0.0247507 -138.458 -0.179967 0.983656 -0.00578605 3.04215 -0.025388 0.00123537 0.999677 4.82498
0.982697 0.183568 0.0246718 -139.712 -0.183493 0.983007 -0.00529144 3.2872 -0.0252239 0.000672772 0.999682 4.89132
0.981968 0.187428 0.0246758 -140.929 -0.187345 0.982278 -0.00563146 3.51527 -0.0252939 0.000907027 0.99968 4.95989
0.981173 0.191386 0.0259001 -142.17 -0.191298 0.981514 -0.00585815 3.74429 -0.0265425 0.000793215 0.999647 5.0091
0.980433 0.195199 0.0254562 -143.404 -0.195115 0.980763 -0.00575233 4.01824 -0.0260894 0.000672881 0.999659 5.07062
0.979689 0.199167 0.0232584 -144.654 -0.19912 0.979965 -0.00434761 4.26925 -0.0236584 -0.000371915 0.99972 5.14353
0.978954 0.202915 0.0217967 -145.915 -0.202887 0.979196 -0.00350227 4.53626 -0.0220539 -0.0009937 0.999756 5.23082
0.978131 0.206637 0.0236662 -147.144 -0.206624 0.978416 -0.00299576 4.79702 -0.0237744 -0.00195977 0.999715 5.28109
0.977387 0.20987 0.0258622 -148.388 -0.209817 0.977729 -0.00478553 5.07149 -0.0262906 -0.000749021 0.999654 5.34816
0.976507 0.213579 0.0286024 -149.628 -0.213508 0.976925 -0.00555378 5.33888 -0.0291286 -0.000683542 0.999575 5.39468
0.975475 0.218316 0.0280457 -150.863 -0.218252 0.975878 -0.00538111 5.62906 -0.0285439 -0.000871877 0.999592 5.44685
0.974688 0.22221 0.0246305 -152.126 -0.222152 0.974999 -0.00512162 5.92506 -0.0251528 -0.000479733 0.999684 5.5227
0.973761 0.226442 0.0226581 -153.383 -0.226376 0.974025 -0.00548305 6.22179 -0.0233111 0.000209937 0.999728 5.59255
0.97262 0.231269 0.0229084 -154.611 -0.231159 0.972888 -0.00734283 6.52572 -0.0239855 0.00184628 0.999711 5.67562
0.971289 0.236518 0.0256394 -155.883 -0.236353 0.971622 -0.00934795 6.8299 -0.0271228 0.00301962 0.999628 5.7461
0.970039 0.241401 0.0273836 -157.107 -0.241174 0.970416 -0.0113444 7.12253 -0.0293121 0.00440028 0.999561 5.81098
0.968844 0.246151 0.0274139 -158.349 -0.245877 0.969214 -0.0130157 7.43983 -0.0297737 0.00586979 0.999539 5.86675
0.967649 0.250964 0.0259313 -159.611 -0.250713 0.96798 -0.012577 7.77599 -0.0282573 0.00566883 0.999585 5.92033
0.966325 0.256051 0.025555 -160.864 -0.255861 0.966657 -0.0104839 8.12947 -0.0273874 0.00359236 0.999618 5.98386
0.965026 0.260955 0.0250562 -162.12 -0.260815 0.965349 -0.00877607 8.46506 -0.0264781 0.00193411 0.999648 6.06906
0.963806 0.265309 0.0262637 -163.366 -0.265203 0.964163 -0.00751604 8.81813 -0.0273166 0.000278799 0.999627 6.14282
0.962369 0.270358 0.0274174 -164.597 -0.27026 0.96276 -0.00730832 9.17548 -0.0283723 -0.000376529 0.999597 6.21727
0.960916 0.27557 0.0265009 -165.83 -0.275413 0.961279 -0.00945285 9.53094 -0.0280797 0.0017847 0.999604 6.2965
0.959631 0.280035 0.0262463 -167.081 -0.279834 0.959984 -0.0110914 9.88304 -0.028302 0.00329899 0.999594 6.35695
0.9585 0.283757 0.0275653 -168.309 -0.283541 0.958891 -0.0115345 10.2384 -0.0297051 0.00323992 0.999553 6.42994
0.957505 0.286901 0.029512 -169.542 -0.286623 0.95795 -0.0133514 10.6119 -0.0321016 0.00432517 0.999475 6.52205
0.956667 0.289484 0.0314121 -170.748 -0.289136 0.957167 -0.0152191 10.982 -0.0344724 0.00547727 0.999391 6.5969
0.955668 0.292847 0.0306442 -171.95 -0.292469 0.956137 -0.0162622 11.3597 -0.0340624 0.00657872 0.999398 6.64612
0.954842 0.29587 0.0271596 -173.173 -0.295582 0.955213 -0.0141423 11.7465 -0.0301274 0.00547574 0.999531 6.69675
0.953768 0.299584 0.0239879 -174.397 -0.299407 0.954065 -0.0107653 12.1402 -0.0261112 0.00308544 0.999654 6.77812
0.95254 0.303524 0.0232538 -175.608 -0.303391 0.952822 -0.0091353 12.5422 -0.0249296 0.00164672 0.999688 6.85962
0.950901 0.308344 0.0266622 -176.817 -0.308189 0.951274 -0.00984071 12.9309 -0.0283974 0.00114056 0.999596 6.93143
0.949078 0.313401 0.0320949 -178.014 -0.313197 0.949621 -0.0113223 13.3172 -0.0340264 0.000693703 0.999421 7.00097
0.947448 0.318201 0.0330167 -179.213 -0.317981 0.948023 -0.0118609 13.7333 -0.0350747 0.000738869 0.999384 7.07544
0.945904 0.323173 0.0287065 -180.411 -0.322918 0.946334 -0.0132345 14.1341 -0.031443 0.0032487 0.9995 7.16818
0.944605 0.327083 0.0271595 -181.639 -0.326756 0.944976 -0.0158302 14.5549 -0.0308429 0.0060787 0.999506 7.20142
0.942784 0.332054 0.0299651 -182.836 -0.331725 0.943249 -0.0155021 14.9785 -0.0334121 0.00467497 0.999431 7.27394
0.940095 0.339111 0.0350157 -184.02 -0.338761 0.940742 -0.0156575 15.4081 -0.0382503 0.00285756 0.999264 7.36835
0.937303 0.346295 0.0392897 -185.226 -0.346031 0.938125 -0.0135537 15.87 -0.0415523 -0.000891527 0.999136 7.44827
0.934871 0.352701 0.0402235 -186.398 -0.352557 0.935727 -0.0108356 16.3252 -0.04146 -0.0040512 0.999132 7.53256
0.932761 0.358299 0.039739 -187.589 -0.358202 0.933593 -0.00977824 16.7955 -0.0406036 -0.00511383 0.999162 7.61318
0.930269 0.364868 0.038366 -188.762 -0.36479 0.931044 -0.00925054 17.2637 -0.0390956 -0.00539004 0.999221 7.68334
0.927646 0.371892 0.0341781 -189.941 -0.371873 0.928256 -0.00714282 17.739 -0.0343824 -0.00608392 0.99939 7.77972
0.925151 0.378373 0.0304756 -191.121 -0.378369 0.925635 -0.00612638 18.227 -0.0305274 -0.00586319 0.999517 7.85501
0.922544 0.384622 0.0312684 -192.313 -0.384644 0.923048 -0.00555597 18.723 -0.0309992 -0.00690158 0.999496 7.91635
0.919857 0.390771 0.0340796 -193.487 -0.390844 0.920445 -0.00478898 19.2196 -0.0332398 -0.00891461 0.999408 7.96935
0.917747 0.395598 0.0352572 -194.659 -0.39572 0.918363 -0.00372615 19.7462 -0.0338529 -0.0105323 0.999371 8.05549
0.91614 0.399268 0.0356725 -195.853 -0.399381 0.916775 -0.00419684 20.27 -0.0343794 -0.0104021 0.999355 8.15963
0.914395 0.403004 0.0383446 -197.033 -0.403047 0.915153 -0.00693489 20.7945 -0.037886 -0.00911344 0.999241 8.24221
0.912472 0.40713 0.040501 -198.186 -0.407061 0.913343 -0.0103019 21.3162 -0.0411855 -0.00708615 0.999126 8.31357
0.910271 0.412164 0.0390953 -199.365 -0.412024 0.911095 -0.0119456 21.8372 -0.0405431 -0.0052345 0.999164 8.39375
0.908657 0.416079 0.0349395 -200.545 -0.415889 0.909324 -0.0128984 22.3914 -0.0371381 -0.00281072 0.999306 8.49134
0.906997 0.419797 0.0335618 -201.723 -0.419588 0.907616 -0.0133857 22.9411 -0.0360805 -0.00194129 0.999347 8.56307
0.904902 0.424188 0.0348689 -202.891 -0.423996 0.905569 -0.0131129 23.4966 -0.0371385 -0.00291836 0.999306 8.62697
0.902776 0.42866 0.0352919 -204.051 -0.4285 0.903457 -0.0123579 24.0443 -0.037182 -0.00396617 0.999301 8.7095
0.900802 0.432721 0.036163 -205.209 -0.43261 0.901511 -0.0112558 24.6041 -0.037472 -0.00550523 0.999283 8.79716
0.899049 0.436207 0.0378818 -206.374 -0.436122 0.899821 -0.0109098 25.177 -0.0388458 -0.00671264 0.999223 8.88318
0.896972 0.440422 0.0383387 -207.533 -0.440319 0.897767 -0.0115522 25.7555 -0.0395071 -0.00651924 0.999198 8.96993
0.895081 0.444314 0.037613 -208.674 -0.444154 0.895856 -0.0129641 26.3171 -0.039456 -0.00510206 0.999208 9.05327
0.892864 0.448771 0.037397 -209.839 -0.448573 0.893637 -0.0140062 26.9003 -0.0397049 -0.00426969 0.999202 9.13371
0.890397 0.453598 0.0379835 -210.995 -0.453345 0.8912 -0.0155164 27.4937 -0.0408891 -0.00340392 0.999158 9.21808
0.888375 0.457532 0.0381413 -212.15 -0.457239 0.889189 -0.016597 28.0896 -0.0415085 -0.00269529 0.999135 9.29949
0.886864 0.460522 0.0373069 -213.285 -0.460233 0.887645 -0.0165036 28.6862 -0.0407156 -0.00253347 0.999168 9.38486
0.8858 0.462713 0.0354297 -214.457 -0.462514 0.8865 -0.0141166 29.3026 -0.0379403 -0.00388225 0.999272 9.46147
0.884108 0.46616 0.032358 -215.607 -0.466056 0.884685 -0.0111405 29.9279 -0.0338199 -0.00523124 0.999414 9.52843
0.882177 0.469873 0.0313592 -216.748 -0.469835 0.882708 -0.00903913 30.5422 -0.0319283 -0.00675954 0.999467 9.6145
0.88005 0.473563 0.03536 -217.883 -0.473542 0.88072 -0.00949009 31.1618 -0.0356364 -0.00839268 0.99933 9.69665
0.877847 0.477119 0.0417511 -219.024 -0.477023 0.878797 -0.0128661 31.7928 -0.0428294 -0.00862182 0.999045 9.80425
0.875533 0.480871 0.0469605 -220.16 -0.480777 0.876731 -0.0140115 32.4082 -0.0479094 -0.01031 0.998798 9.88882
0.873728 0.484062 0.0477844 -221.308 -0.483995 0.874963 -0.0137278 33.0351 -0.0484547 -0.0111331 0.998763 9.96199
0.871681 0.488065 0.0443231 -222.452 -0.488108 0.872719 -0.0105868 33.6811 -0.0438486 -0.0124061 0.998961 10.0299
0.869968 0.491692 0.0373439 -223.569 -0.491854 0.870661 -0.00536726 34.3291 -0.0351529 -0.0136984 0.999288 10.1397
0.868487 0.494481 0.034915 -224.711 -0.494719 0.86905 -0.00203593 34.9902 -0.0313497 -0.015505 0.999388 10.2263
0.866373 0.497881 0.0388941 -225.838 -0.498156 0.867083 -0.00297675 35.651 -0.0352065 -0.0167963 0.999239 10.2963
0.863869 0.501687 0.0451807 -226.967 -0.501979 0.864863 -0.00545842 36.3085 -0.0418135 -0.0179644 0.998964 10.3755
0.861305 0.505824 0.0479182 -228.077 -0.506118 0.862439 -0.0066863 36.9668 -0.0447086 -0.0184933 0.998829 10.4568
0.859203 0.50954 0.0462453 -229.202 -0.509838 0.86025 -0.00598241 37.6472 -0.0428308 -0.0184375 0.998912 10.5384
0.857626 0.512575 0.0417743 -230.326 -0.512857 0.858462 -0.0044702 38.3094 -0.038153 -0.0175905 0.999117 10.6491
0.855486 0.516229 0.0406451 -231.441 -0.516508 0.856272 -0.00411879 38.9885 -0.0369296 -0.01747 0.999165 10.7257
0.853266 0.519808 0.0416717 -232.549 -0.520088 0.8541 -0.00468729 39.6809 -0.0380283 -0.0176734 0.99912 10.8066
0.851086 0.523134 0.044541 -233.682 -0.523368 0.852077 -0.00717452 40.3644 -0.0417055 -0.0172052 0.998982 10.8956
0.848695 0.526722 0.0477639 -234.792 -0.526819 0.849899 -0.0115546 41.0565 -0.0466806 -0.0153566 0.998792 10.9985
0.84627 0.530459 0.0494095 -235.89 -0.530474 0.847588 -0.0138926 41.754 -0.0492484 -0.0144536 0.998682 11.0767
0.843942 0.534007 0.0509754 -236.98 -0.534048 0.845339 -0.0139595 42.4565 -0.050546 -0.0154423 0.998602 11.1558
0.842238 0.537042 0.047125 -238.09 -0.537207 0.843389 -0.0101669 43.1769 -0.0452047 -0.0167529 0.998837 11.2583
0.840568 0.540152 0.040997 -239.19 -0.540359 0.841407 -0.00679844 43.8867 -0.0381674 -0.0164386 0.999136 11.3484
0.838872 0.543043 0.0373821 -240.283 -0.543192 0.83958 -0.00694819 44.6021 -0.0351585 -0.014477 0.999277 11.4404
0.836529 0.546525 0.0391048 -241.376 -0.546576 0.837346 -0.0103288 45.3154 -0.0383891 -0.0127334 0.999182 11.5382
0.833795 0.550438 0.042483 -242.465 -0.550387 0.834793 -0.0139358 46.0316 -0.0431353 -0.0117625 0.999 11.6206
0.831811 0.553228 0.0450396 -243.566 -0.553296 0.832897 -0.0120845 46.7822 -0.0441989 -0.0148682 0.998912 11.6557
0.830013 0.555926 0.0450015 -244.663 -0.556249 0.830993 -0.00614494 47.5135 -0.0408121 -0.0199317 0.998968 11.7421
0.828607 0.558059 0.0445026 -245.727 -0.558513 0.829491 -0.00264247 48.2485 -0.0383892 -0.0226657 0.999006 11.8998
0.827464 0.559934 0.0421477 -246.785 -0.560238 0.828315 -0.00534227 48.9614 -0.0379029 -0.0191922 0.999097 12.0148
0.826239 0.561836 0.040851 -247.849 -0.561996 0.827096 -0.00853308 49.6783 -0.0385818 -0.0159077 0.999129 12.0468
0.824769 0.564004 0.040677 -248.902 -0.564146 0.825626 -0.0089911 50.4074 -0.038655 -0.0155322 0.999132 12.1002
0.82286 0.566505 0.0444174 -249.943 -0.566706 0.823869 -0.00914547 51.1303 -0.041775 -0.0176462 0.998971 12.2038
0.821016 0.568672 0.0504522 -250.999 -0.568955 0.822308 -0.0099579 51.8782 -0.04715 -0.0205294 0.998677 12.309
0.819559 0.57049 0.0535252 -252.049 -0.57095 0.820948 -0.00776165 52.6207 -0.0483694 -0.0241991 0.998536 12.4128
0.818202 0.572629 0.0513904 -253.097 -0.573144 0.819436 -0.00554631 53.36 -0.0452871 -0.0249161 0.998663 12.4899
0.816573 0.574865 0.0523363 -254.11 -0.575615 0.81772 -0.00090111 54.0922 -0.0433144 -0.0293897 0.998629 12.572
0.814737 0.577185 0.0553234 -255.114 -0.578048 0.816003 -0.000495636 54.8136 -0.0454301 -0.0315758 0.998468 12.7076
0.813601 0.579238 0.050367 -256.151 -0.579843 0.814722 -0.00310741 55.5688 -0.0428351 -0.0266768 0.998726 12.8018
0.812019 0.582166 0.0413332 -257.183 -0.582516 0.812808 -0.00422701 56.2967 -0.0360568 -0.0206448 0.999136 12.8339
0.810202 0.584912 0.0380824 -258.206 -0.585121 0.81092 -0.0065904 57.0292 -0.0347366 -0.0169433 0.999253 12.916
0.807837 0.587624 0.0458115 -259.229 -0.587688 0.808976 -0.0134772 57.754 -0.0449799 -0.0160355 0.998859 13.0072
0.805429 0.5902 0.0542937 -260.238 -0.59009 0.807096 -0.0197584 58.4885 -0.0554816 -0.0161242 0.99833 13.1078
0.80378 0.592073 0.0582063 -261.239 -0.591908 0.805708 -0.0218885 59.2447 -0.0598568 -0.0168593 0.998065 13.181
0.802666 0.593691 0.0570883 -262.247 -0.593585 0.804507 -0.0206249 60.0139 -0.0581727 -0.0173319 0.998156 13.2645
