1 0 0 0 0 1 0 0 0 0 1 0
1 -6.30067e-05 -0.00012294 0.00707948 6.30146e-05 1 6.49268e-05 0.00287926 0.000122936 -6.49345e-05 1 0.000514997
1 -7.85901e-05 -2.69271e-05 0.00642319 7.85906e-05 1 2.08252e-05 0.000652251 2.69255e-05 -2.08273e-05 1 0.000202528
1 2.99392e-05 -2.78635e-05 0.00262874 -2.9939e-05 1 7.64045e-06 -0.00280696 2.78637e-05 -7.63962e-06 1 -0.000164973
1 9.22191e-05 -1.33577e-05 0.00350492 -9.22188e-05 1 1.75743e-05 -0.00160723 1.33593e-05 -1.75731e-05 1 -0.000474011
1 6.5272e-05 -2.25973e-05 0.00293904 -6.52694e-05 1 0.000113662 -0.00230553 2.26047e-05 -0.000113661 1 1.42566e-05
1 3.4436e-05 -7.22131e-05 0.00808559 -3.4429e-05 1 9.766e-05 0.00159773 7.22165e-05 -9.76575e-05 1 0.000451935
1 4.78057e-05 -0.000102353 0.00409034 -4.77967e-05 1 8.72284e-05 0.000602952 0.000102357 -8.72235e-05 1 0.00138868
1 3.32751e-05 -5.27627e-05 0.00512233 -3.32719e-05 1 5.99341e-05 0.00027158 5.27647e-05 -5.99324e-05 1 0.00109156
1 1.97432e-05 -2.42198e-06 0.00574598 -1.97431e-05 1 4.96811e-05 -0.000114674 2.42296e-06 -4.96811e-05 1 -0.00121606
1 -3.21193e-05 -7.72281e-06 0.00217784 3.21195e-05 1 3.11631e-05 0.00341839 7.72181e-06 -3.11634e-05 1 -0.000412609
1 -5.61704e-05 -3.75195e-05 0.00578503 5.61719e-05 1 4.0457e-05 0.00415993 3.75173e-05 -4.04591e-05 1 0.0016009
1 -2.83908e-05 -6.14793e-05 0.00587127 2.83968e-05 1 9.80856e-05 -0.000278775 6.14766e-05 -9.80874e-05 1 0.000956535
1 4.19779e-05 -1.57212e-05 0.00437709 -4.19768e-05 1 6.46918e-05 -0.00156341 1.57239e-05 -6.46911e-05 1 -8.75493e-05
1 3.56522e-05 -3.54552e-05 0.00158555 -3.56497e-05 1 7.03684e-05 -0.000796541 3.54577e-05 -7.03672e-05 1 0.000828399
1 4.69235e-05 -9.79258e-05 0.00372002 -4.69089e-05 1 0.000148841 -0.000864895 9.79328e-05 -0.000148837 1 0.00225372
1 6.3774e-05 -6.3155e-05 0.0074604 -6.3767e-05 1 0.000111667 -0.00148813 6.31621e-05 -0.000111663 1 -0.000421869
1 -3.74408e-05 -7.14519e-05 0.00785479 3.7447e-05 1 8.72327e-05 0.00279758 7.14486e-05 -8.72353e-05 1 0.000302759
1 -3.4087e-05 -2.83061e-05 0.00468933 3.40877e-05 1 2.51644e-05 0.00482199 2.83053e-05 -2.51654e-05 1 -0.000412744
1 7.24926e-05 -2.36893e-05 0.00471302 -7.24921e-05 1 2.22501e-05 -0.00396742 2.36909e-05 -2.22484e-05 1 -4.26264e-06
1 4.11696e-05 -5.23708e-05 0.00171139 -4.11644e-05 1 9.82138e-05 -0.00299198 5.23748e-05 -9.82117e-05 1 0.000260533
1 -3.06929e-05 -5.76236e-05 0.00216292 3.06969e-05 1 7.02108e-05 0.00383247 5.76215e-05 -7.02126e-05 1 0.00125486
1 -5.49273e-05 -3.31872e-05 0.00104007 5.4927e-05 1 -9.38687e-06 0.00426838 3.31877e-05 9.38505e-06 1 0.000325611
1 -2.42526e-05 -3.83135e-05 0.00296283 2.42527e-05 1 2.4865e-06 0.00206278 3.83134e-05 -2.48743e-06 1 0.000320692
1 2.86053e-06 -2.29402e-05 0.00272091 -2.85917e-06 1 5.92376e-05 0.00143831 2.29404e-05 -5.92375e-05 1 -0.000304434
1 3.38368e-05 -6.59206e-05 0.00243013 -3.38332e-05 1 5.54331e-05 0.00103209 6.59225e-05 -5.54309e-05 1 0.00153963
1 -5.27957e-05 -5.60099e-05 0.00182066 5.28028e-05 1 0.000125519 -9.20194e-05 5.60033e-05 -0.000125522 1 0.00199253
1 -8.70841e-05 -4.98414e-05 0.00264693 8.70865e-05 1 4.94067e-05 0.00324897 4.98371e-05 -4.9411e-05 1 0.00195874
1 -1.17183e-05 -3.11844e-05 0.00492992 1.17194e-05 1 3.37603e-05 0.00231072 3.1184e-05 -3.37607e-05 1 0.000434819
1 3.93069e-05 -3.07018e-05 0.00136337 -3.93054e-05 1 4.88715e-05 8.03919e-05 3.07037e-05 -4.88703e-05 1 0.000525284
1 4.47884e-05 -5.07879e-05 0.00335717 -4.47837e-05 1 9.14289e-05 -0.00229089 5.0792e-05 -9.14266e-05 1 0.00124619
1 -3.38225e-05 -7.16605e-05 0.00555624 3.38351e-05 1 0.000175525 0.000914934 7.16545e-05 -0.000175528 1 0.000637865
1 3.5201e-06 -5.59394e-05 0.00253016 -3.51964e-06 1 8.31622e-06 -0.000348932 5.59394e-05 -8.31602e-06 1 0.000764298
1 2.56016e-05 -2.79385e-05 0.000361131 -2.56003e-05 1 4.90077e-05 -0.000727884 2.79397e-05 -4.9007e-05 1 0.000579576
1 2.75555e-05 -5.51488e-05 0.00391415 -2.75505e-05 1 8.9115e-05 -0.00236131 5.51512e-05 -8.91134e-05 1 0.000938455
1 -3.98052e-05 -8.16334e-05 0.00370461 3.98098e-05 1 5.54309e-05 0.00191065 8.16312e-05 -5.54341e-05 1 0.00219537
1 -1.37472e-05 -5.34317e-05 0.00337525 1.37497e-05 1 4.76053e-05 0.00149511 5.3431e-05 -4.7606e-05 1 0.00126012
1 -4.13998e-06 -5.00615e-05 0.00440398 4.1435e-06 1 7.02873e-05 0.00253471 5.00612e-05 -7.02875e-05 1 0.000931753
1 1.8781e-05 -8.22355e-05 0.00573166 -1.87752e-05 1 6.97379e-05 0.00209917 8.22368e-05 -6.97364e-05 1 0.00253237
1 4.73684e-05 -3.83067e-05 -8.28372e-05 -4.73646e-05 1 0.000100005 0.000335696 3.83114e-05 -0.000100003 1 0.000785956
1 3.53462e-05 -3.25623e-05 0.00221633 -3.53437e-05 1 7.58531e-05 -0.00216327 3.2565e-05 -7.5852e-05 1 0.000384932
1 -1.67203e-05 -1.01884e-05 0.00460491 1.67204e-05 1 5.7767e-06 0.00126031 1.01883e-05 -5.77687e-06 1 -0.000649882
1 1.55433e-05 -1.75794e-05 0.0039595 -1.55425e-05 1 4.56677e-05 0.000254607 1.75801e-05 -4.56674e-05 1 0.000692305
1 7.74395e-05 -3.3978e-05 0.00416923 -7.74372e-05 1 6.71154e-05 -0.0016496 3.39832e-05 -6.71128e-05 1 0.00140179
1 -1.93539e-05 -3.62985e-05 0.00494347 1.93561e-05 1 6.05367e-05 0.000204723 3.62974e-05 -6.05374e-05 1 0.000725075
1 3.46324e-05 -3.70366e-05 0.00437471 -3.46311e-05 1 3.5304e-05 0.000725032 3.70378e-05 -3.53027e-05 1 1.3918e-05
1 4.40728e-06 -3.7329e-05 0.00325671 -4.40444e-06 1 7.60573e-05 0.000751655 3.73293e-05 -7.60572e-05 1 0.000335796
1 -1.88003e-05 -4.70003e-05 0.0053978 1.88033e-05 1 6.48071e-05 0.00131574 4.69991e-05 -6.4808e-05 1 0.000810786
1 5.82158e-05 -1.3847e-05 0.00268616 -5.82149e-05 1 6.57649e-05 -2.78947e-05 1.38508e-05 -6.57641e-05 1 0.000274188
1 2.73994e-05 4.90878e-06 0.00447438 -2.73994e-05 1 -1.78473e-05 -0.00207657 -4.90927e-06 1.78472e-05 1 -0.000987375
1 -4.45406e-05 -4.96038e-05 0.00377348 4.45398e-05 1 -1.63752e-05 0.00219562 4.96045e-05 1.6373e-05 1 0.000687811
1 -2.22147e-05 -4.85697e-05 0.0057807 2.22157e-05 1 1.95265e-05 0.002704 4.85692e-05 -1.95275e-05 1 0.000212765
1 1.30249e-07 -6.4009e-05 0.00285934 -1.27116e-07 1 4.89426e-05 -8.344e-05 6.4009e-05 -4.89426e-05 1 0.00151183
1 1.25106e-05 -4.28877e-05 0.00345976 -1.25093e-05 1 3.07264e-05 0.00294807 4.28881e-05 -3.07258e-05 1 0.00150443
1 5.49386e-05 -4.52698e-05 0.00289829 -5.49378e-05 1 1.78542e-05 -0.00128476 4.52708e-05 -1.78517e-05 1 0.00145817
1 2.64076e-05 -5.17361e-05 0.00571988 -2.6405e-05 1 4.95018e-05 -0.0021771 5.17374e-05 -4.95004e-05 1 0.000221386
1 -2.90044e-05 -6.25654e-05 0.00458218 2.90065e-05 1 3.29463e-05 0.00244848 6.25645e-05 -3.29481e-05 1 0.00137387
1 -6.17323e-06 -5.29858e-05 0.00367236 6.17281e-06 1 -7.91221e-06 0.00352978 5.29859e-05 7.91188e-06 1 0.00182917
1 4.47242e-05 -3.29032e-05 0.00616491 -4.47215e-05 1 8.16369e-05 -0.000838792 3.29068e-05 -8.16355e-05 1 0.000612574
1 2.62447e-05 -2.85661e-05 0.00404642 -2.62436e-05 1 3.96933e-05 -0.00168553 2.85672e-05 -3.96926e-05 1 0.000350991
1 4.87506e-05 -5.31525e-05 0.00208131 -4.87459e-05 1 8.95502e-05 0.000518566 5.31568e-05 -8.95476e-05 1 -8.27768e-05
1 -2.06588e-05 -0.000115078 0.0135203 2.06754e-05 1 0.000144203 0.000935039 0.000115075 -0.000144205 1 0.00306515
1 -0.000171338 -2.21601e-05 0.0206293 0.00017134 1 0.000110197 0.00334644 2.21413e-05 -0.000110201 1 0.00415227
1 -0.000183942 2.34171e-06 0.0254007 0.000183942 1 0.000138556 0.0063714 -2.36719e-06 -0.000138556 1 0.00451377
1 -2.66509e-05 -6.95359e-06 0.0133899 2.66521e-05 1 0.000159718 0.00327612 6.94933e-06 -0.000159718 1 0.00437033
1 7.84921e-05 -1.60811e-05 -0.00563101 -7.84918e-05 1 2.17304e-05 -0.000498222 1.60828e-05 -2.17291e-05 1 0.00430028
1 4.08573e-05 4.21677e-05 -0.0173949 -4.08555e-05 1 -4.1635e-05 0.00158346 -4.21694e-05 4.16333e-05 1 0.000572488
1 -0.000106542 -1.23096e-05 -0.0312515 0.000106542 1 -1.99256e-05 0.00226985 1.23118e-05 1.99243e-05 1 0.00270568
1 -0.000121122 -7.60005e-05 -0.0435206 0.000121124 1 2.55354e-05 -0.0025101 7.59974e-05 -2.55446e-05 1 0.00691355
1 -0.000221093 -1.82435e-05 -0.0568894 0.000221094 1 5.24567e-05 0.00370887 1.82319e-05 -5.24607e-05 1 0.00528362
1 -0.000277908 1.02087e-05 -0.0851983 0.000277908 1 -7.07316e-05 0.0050745 -1.0189e-05 7.07344e-05 1 0.00750731
1 -0.00038467 -6.2903e-05 -0.0979358 0.000384678 1 0.000116078 0.0071296 6.28583e-05 -0.000116102 1 0.00645316
1 -0.000359617 -0.000121275 -0.12509 0.000359612 1 -4.50009e-05 0.00806298 0.000121291 4.49573e-05 1 0.00932028
1 -0.000319881 -1.56252e-05 -0.152968 0.000319883 1 8.85993e-05 0.00601852 1.55969e-05 -8.86043e-05 1 0.00511879
1 -0.000253163 0.00013908 -0.19287 0.000253161 1 1.74311e-05 3.3489e-05 -0.000139085 -1.73959e-05 1 0.00182734
1 -0.000384422 0.000178555 -0.236292 0.000384381 1 0.000229458 0.00227471 -0.000178644 -0.00022939 1 0.00359398
1 -0.000451135 0.000204044 -0.280119 0.000451105 1 0.000144763 0.00738331 -0.00020411 -0.000144671 1 0.00959329
1 -0.000423023 0.000270387 -0.316492 0.000422921 1 0.000374887 0.00268531 -0.000270546 -0.000374773 1 0.00799045
1 -0.000576366 0.000597463 -0.362563 0.000576296 1 0.000116612 0.011129 -0.00059753 -0.000116267 1 0.00857792
1 -0.000606876 0.000740104 -0.402244 0.000606768 1 0.000145819 0.0137145 -0.000740192 -0.00014537 1 0.00609357
0.999999 -0.00074804 0.000758685 -0.445656 0.000747931 1 0.000143617 0.0131639 -0.000758792 -0.00014305 1 0.0127779
1 -0.000796341 0.000580198 -0.507294 0.000796042 1 0.000514759 0.00900872 -0.000580607 -0.000514297 1 0.018155
0.999999 -0.000799214 0.000651763 -0.59009 0.00079888 1 0.000513705 0.0132796 -0.000652173 -0.000513184 1 0.018891
0.999999 -0.000752127 0.000719336 -0.682976 0.000751773 1 0.000492982 0.0144882 -0.000719707 -0.000492441 1 0.0214494
0.999999 -0.000622477 0.00078987 -0.760174 0.000621941 1 0.000677662 0.00528832 -0.000790291 -0.000677171 0.999999 0.0225903
0.999999 -0.000690039 0.000882071 -0.849778 0.000689326 0.999999 0.000808433 0.00430328 -0.000882628 -0.000807824 0.999999 0.0243547
0.999999 -0.000682655 0.000935005 -0.941806 0.000682048 1 0.000650113 0.00499678 -0.000935449 -0.000649475 0.999999 0.0303108
0.999999 -0.000510214 0.00117873 -1.0581 0.000508996 0.999999 0.00103337 0.00507031 -0.00117925 -0.00103277 0.999999 0.0259257
0.999999 -0.000708049 0.00126438 -1.17377 0.00070682 0.999999 0.000972597 0.00960781 -0.00126506 -0.000971702 0.999999 0.0296757
0.999999 -0.000629071 0.00124545 -1.27991 0.000627662 0.999999 0.00113117 0.0076525 -0.00124616 -0.00113038 0.999999 0.0317756
0.999999 -0.000579326 0.00120177 -1.40741 0.000577901 0.999999 0.00118649 0.0104895 -0.00120246 -0.0011858 0.999999 0.0361531
0.999999 -0.000458311 0.0013128 -1.55423 0.000455962 0.999998 0.00178946 0.00839267 -0.00131362 -0.00178886 0.999998 0.0436507
0.999998 -0.00068955 0.00159852 -1.69064 0.000686692 0.999998 0.0017875 0.0114357 -0.00159975 -0.0017864 0.999997 0.0513023
0.999998 -0.000532178 0.00191432 -1.86924 0.000528339 0.999998 0.00200552 0.0117118 -0.00191538 -0.0020045 0.999996 0.0505097
0.999998 -0.000663257 0.00202857 -2.00812 0.000658447 0.999997 0.00237048 0.0142833 -0.00203014 -0.00236914 0.999995 0.0489432
0.999997 -0.000518407 0.00240579 -2.16709 0.000512313 0.999997 0.00253297 0.0103498 -0.0024071 -0.00253173 0.999994 0.0499775
0.999996 -0.000612697 0.00272545 -2.32787 0.000603908 0.999995 0.00322439 0.012946 -0.00272741 -0.00322273 0.999991 0.0471791
0.999996 -0.000990828 0.00264337 -2.48909 0.000981775 0.999994 0.00342389 0.0197435 -0.00264675 -0.00342128 0.999991 0.0561089
0.999995 -0.000911033 0.00307107 -2.70111 0.000900008 0.999993 0.00358938 0.0303049 -0.00307432 -0.0035866 0.999989 0.0692936
0.999994 -0.00037715 0.00338697 -2.88481 0.000361429 0.999989 0.00464099 0.00969586 -0.00338868 -0.00463974 0.999983 0.072805
0.999993 -0.000461834 0.00362656 -3.11314 0.000447351 0.999992 0.00399345 0.0130406 -0.00362838 -0.0039918 0.999985 0.0743332
0.999994 -0.000311607 0.0035559 -3.3005 0.000297894 0.999993 0.00385648 0.015819 -0.00355708 -0.0038554 0.999986 0.0769803
0.999991 -0.00038583 0.00429712 -3.54729 0.000370088 0.999993 0.00366358 0.0177931 -0.0042985 -0.00366195 0.999984 0.0738247
0.99999 -0.000236923 0.00449649 -3.77259 0.000218441 0.999992 0.00411031 0.0161088 -0.00449743 -0.00410929 0.999981 0.0801214
0.999991 -0.000620837 0.00419335 -4.02107 0.000598872 0.999986 0.00523733 0.0173105 -0.00419655 -0.00523477 0.999977 0.0964328
0.999989 -0.000706071 0.00467387 -4.28523 0.00067974 0.999984 0.00563294 0.0163657 -0.00467777 -0.0056297 0.999973 0.109888
0.999986 -0.0006157 0.00529248 -4.52103 0.000582806 0.999981 0.0062145 0.0346673 -0.0052962 -0.00621133 0.999967 0.109717
0.999985 -0.000339567 0.00547183 -4.80641 0.000303337 0.999978 0.00662068 0.0218674 -0.00547395 -0.00661892 0.999963 0.111803
0.999985 -0.000296362 0.00543674 -5.0971 0.000255398 0.999972 0.00753392 0.0159592 -0.00543882 -0.00753242 0.999957 0.116995
0.999985 -0.000636976 0.00536562 -5.39905 0.000590844 0.999963 0.00859481 0.0358069 -0.0053709 -0.00859151 0.999949 0.124004
0.999984 -0.0001223 0.00569319 -5.71464 7.30797e-05 0.999963 0.00864483 0.0282314 -0.00569403 -0.00864427 0.999946 0.124751
0.999982 -0.000112249 0.00601875 -6.05258 5.81559e-05 0.99996 0.00898678 0.0323521 -0.00601952 -0.00898627 0.999942 0.133819
0.999979 -0.000233731 0.00642296 -6.38698 0.000170771 0.999952 0.00980117 0.0345085 -0.00642494 -0.00979987 0.999931 0.143511
0.999982 -0.000605824 0.00592734 -6.73888 0.000539376 0.999937 0.0112056 0.0431636 -0.00593376 -0.0112022 0.99992 0.150949
0.999982 0.000155757 0.00594663 -7.10718 -0.000224677 0.999933 0.0115909 0.0364638 -0.00594443 -0.0115921 0.999915 0.162814
0.999984 0.000170608 0.00566372 -7.4972 -0.000239291 0.999926 0.0121284 0.0494879 -0.00566123 -0.0121296 0.99991 0.170187
0.999985 0.000839399 0.00541818 -7.88735 -0.000908805 0.999917 0.0128201 0.0256039 -0.00540697 -0.0128248 0.999903 0.174406
0.999986 0.000490389 0.00533912 -8.30532 -0.000559315 0.999916 0.0129159 0.0448567 -0.00533234 -0.0129187 0.999902 0.178693
0.999984 0.000631665 0.00561243 -8.7057 -0.000700189 0.999925 0.0122159 0.0443357 -0.0056043 -0.0122196 0.99991 0.195296
0.999989 0.000870446 0.00468337 -9.11434 -0.000935733 0.999902 0.0139561 0.0482822 -0.00467077 -0.0139603 0.999892 0.204052
0.99999 0.00100852 0.00437514 -9.53228 -0.00107284 0.999891 0.0147237 0.0478421 -0.00435981 -0.0147283 0.999882 0.207809
0.99999 0.000839674 0.0044706 -9.98337 -0.000902506 0.999901 0.0140712 0.0430356 -0.00445834 -0.014075 0.999891 0.221479
0.99999 0.000476141 0.0045114 -10.4372 -0.000543883 0.999887 0.0150263 0.0526419 -0.00450374 -0.0150286 0.999877 0.230354
0.999991 0.000401722 0.00413253 -10.8814 -0.000464162 0.999886 0.0151196 0.0587578 -0.00412599 -0.0151214 0.999877 0.241537
0.999992 0.000999977 0.0039059 -11.3492 -0.00106065 0.999878 0.0155625 0.0556796 -0.00388986 -0.0155665 0.999871 0.243953
0.999992 0.00112296 0.00385374 -11.8709 -0.00118041 0.999888 0.0149377 0.0459138 -0.00383653 -0.0149421 0.999881 0.25465
0.999991 0.000965114 0.00405525 -12.3841 -0.00102184 0.999901 0.0140095 0.059566 -0.00404133 -0.0140135 0.999894 0.2728
0.999991 0.000848353 0.00419445 -12.8853 -0.000909099 0.999894 0.0145018 0.0634129 -0.00418171 -0.0145055 0.999886 0.273139
0.999991 0.00103644 0.00400469 -13.4259 -0.00109334 0.999898 0.0142317 0.0675613 -0.00398953 -0.014236 0.999891 0.287468
0.999991 0.000930441 0.00408743 -13.9685 -0.000986016 0.999907 0.0136156 0.0745535 -0.00407438 -0.0136195 0.999899 0.288057
0.999993 0.000506873 0.00361325 -14.4932 -0.000555549 0.999909 0.0134833 0.0690993 -0.00360609 -0.0134852 0.999903 0.30436
0.999994 0.000591955 0.00337194 -15.0735 -0.000640473 0.999896 0.0144059 0.0732373 -0.00336306 -0.014408 0.999891 0.320039
0.999994 0.00134999 0.00322752 -15.6515 -0.00139408 0.999905 0.0136973 0.0614885 -0.00320872 -0.0137017 0.999901 0.336695
0.999991 0.00199659 0.00377127 -16.2345 -0.00204181 0.999926 0.0120246 0.0604323 -0.00374698 -0.0120322 0.999921 0.343901
0.99999 0.00137067 0.00423403 -16.815 -0.00141831 0.999935 0.0112697 0.0706228 -0.00421831 -0.0112756 0.999928 0.355275
0.999992 0.0011838 0.00374678 -17.3951 -0.00122269 0.999945 0.0103954 0.0781873 -0.00373427 -0.0103999 0.999939 0.382907
0.999991 0.00107553 0.00421248 -18.0232 -0.00112584 0.999928 0.0119588 0.0802919 -0.00419932 -0.0119635 0.99992 0.381286
0.999993 0.00102906 0.0035927 -18.6471 -0.00107137 0.99993 0.0117934 0.0752189 -0.00358031 -0.0117972 0.999924 0.404858
0.999993 0.00194603 0.00311531 -19.2739 -0.00198042 0.999937 0.0110746 0.0726766 -0.00309356 -0.0110807 0.999934 0.422346
0.999993 0.00210478 0.00304657 -19.9256 -0.00213597 0.999945 0.0102729 0.0795708 -0.00302478 -0.0102793 0.999943 0.428735
0.999992 0.00312121 0.00262033 -20.5674 -0.00314743 0.999944 0.0100611 0.0741856 -0.00258878 -0.0100693 0.999946 0.443848
0.999993 0.00342637 0.00125453 -21.2327 -0.00343919 0.99994 0.0103698 0.0719732 -0.00121893 -0.010374 0.999945 0.462007
0.999992 0.00364736 0.0015926 -21.9205 -0.00366307 0.999944 0.00997172 0.0779179 -0.00155614 -0.00997748 0.999949 0.476042
0.999992 0.00339035 0.00195967 -22.6155 -0.00340857 0.99995 0.0093674 0.0888607 -0.00192781 -0.00937401 0.999954 0.485249
0.999992 0.00344647 0.0019999 -23.306 -0.00346315 0.999959 0.00839758 0.0926152 -0.00197088 -0.00840444 0.999963 0.492171
0.999991 0.00381816 0.0019129 -24.0043 -0.00383207 0.999966 0.00732247 0.0871171 -0.00188487 -0.00732973 0.999971 0.503537
0.99999 0.00426562 0.00125632 -24.7311 -0.00427417 0.999967 0.00688804 0.0816459 -0.0012269 -0.00689334 0.999975 0.519609
0.999986 0.00523073 0.000828811 -25.4644 -0.00523588 0.999966 0.00633814 0.0930084 -0.00079563 -0.0063424 0.99998 0.536674
0.999987 0.00502095 0.00079596 -26.2089 -0.00502595 0.999967 0.00641428 0.100643 -0.000763727 -0.0064182 0.999979 0.55477
0.999987 0.00483177 0.00130073 -26.9571 -0.00483881 0.999973 0.00547031 0.113177 -0.00127426 -0.00547653 0.999984 0.572058
0.999985 0.00523833 0.00154249 -27.7195 -0.00524463 0.999978 0.00410772 0.118641 -0.00152094 -0.00411575 0.99999 0.588786
0.999982 0.00582596 0.00169432 -28.4823 -0.00583415 0.999971 0.00486983 0.105355 -0.0016659 -0.00487962 0.999987 0.599499
0.999984 0.00554968 0.00137091 -29.2804 -0.00555614 0.999973 0.00475384 0.11771 -0.00134449 -0.00476138 0.999988 0.623953
0.99998 0.00608859 0.00173653 -30.0691 -0.00609323 0.999978 0.00268022 0.130148 -0.00172018 -0.00269074 0.999995 0.641712
0.999982 0.00568675 0.0021318 -30.8601 -0.00568979 0.999983 0.00142075 0.145964 -0.00212368 -0.00143285 0.999997 0.652259
0.999978 0.00610996 0.00246553 -31.6746 -0.00611233 0.999981 0.000955497 0.156548 -0.00245964 -0.000970546 0.999997 0.662233
0.999974 0.00685324 0.00228303 -32.481 -0.00685338 0.999977 5.31725e-05 0.160058 -0.00228261 -6.88176e-05 0.999997 0.682788
0.999972 0.00733229 0.0016457 -33.3249 -0.00733185 0.999973 -0.000272137 0.149439 -0.00164765 0.000260063 0.999999 0.696968
0.999973 0.00732042 0.000869764 -34.1662 -0.00731902 0.999972 -0.00159718 0.157894 -0.000881432 0.00159077 0.999998 0.721425
0.999975 0.00697502 0.0010571 -35.021 -0.00697223 0.999972 -0.00262355 0.175856 -0.00107537 0.00261612 0.999996 0.737717
0.99997 0.00753653 0.00178496 -35.8836 -0.00752992 0.999965 -0.0036834 0.173629 -0.00181266 0.00366985 0.999992 0.752521
0.999965 0.00792528 0.00275911 -36.7541 -0.00791657 0.999964 -0.00315344 0.181124 -0.002784 0.00313149 0.999991 0.756106
0.999963 0.00827825 0.00217176 -37.6367 -0.0082704 0.999959 -0.00359811 0.178018 -0.00220146 0.00358002 0.999991 0.785747
0.999963 0.00857731 0.000771896 -38.5105 -0.00857529 0.99996 -0.00257444 0.196474 -0.000793947 0.00256773 0.999996 0.804674
0.999962 0.00874935 -0.000377252 -39.4301 -0.00874919 0.999962 0.000409995 0.226249 0.000380825 -0.000406679 1 0.816318
0.999957 0.00916175 -0.00132572 -40.3588 -0.00915733 0.999953 0.00330609 0.242695 0.00135595 -0.00329381 0.999994 0.851938
0.999952 0.00973331 -0.00144924 -41.2663 -0.0097282 0.999947 0.00349197 0.257931 0.00148315 -0.0034777 0.999993 0.877545
0.999951 0.00994241 -7.9314e-05 -42.1738 -0.00994221 0.999948 0.0021585 0.272085 0.000100771 -0.00215761 0.999998 0.895548
0.99994 0.010507 0.00296979 -43.0943 -0.0105153 0.999941 0.00279366 0.276181 -0.00294026 -0.00282472 0.999992 0.900322
0.999935 0.010753 0.00369208 -44.0677 -0.0107648 0.999937 0.00319262 0.277515 -0.00365752 -0.00323216 0.999988 0.905648
0.999943 0.0106044 -0.00104489 -45.0473 -0.0106022 0.999941 0.00214281 0.298839 0.00106755 -0.00213161 0.999997 0.926284
0.999925 0.0112887 -0.00472477 -46.0058 -0.0112872 0.999936 0.000346024 0.314926 0.00472837 -0.000292669 0.999989 0.953102
0.999921 0.0118418 -0.00429761 -46.9624 -0.0118469 0.999929 -0.00115514 0.313777 0.00428363 0.00120596 0.99999 0.984717
0.999931 0.0116376 -0.00155956 -47.9589 -0.0116405 0.99993 -0.0018798 0.316102 0.00153758 0.00189782 0.999997 0.997159
0.999929 0.0118143 0.00125031 -48.9424 -0.0118126 0.999929 -0.0013499 0.342543 -0.00126617 0.00133504 0.999998 0.999758
0.99994 0.010721 0.00228883 -49.9632 -0.0107202 0.999942 -0.000370755 0.369169 -0.00229267 0.000346195 0.999997 0.999493
0.999943 0.0106655 -0.00106347 -50.9681 -0.010667 0.999942 -0.0014183 0.379755 0.00104828 0.00142957 0.999998 1.02762
0.999923 0.0108598 -0.00594954 -51.9741 -0.0108822 0.999934 -0.00375675 0.388471 0.00590835 0.00382121 0.999975 1.062
0.999923 0.00943678 -0.00804797 -53.0077 -0.00948503 0.999937 -0.00597906 0.407569 0.00799104 0.00605493 0.99995 1.08526
0.99994 0.00897901 -0.00632063 -54.0357 -0.00901013 0.999947 -0.00491333 0.418323 0.00627618 0.00496999 0.999968 1.07747
0.999946 0.00920551 -0.00486428 -55.0753 -0.00922591 0.999949 -0.00418775 0.431017 0.00482548 0.0042324 0.999979 1.10033
0.999942 0.00994224 -0.00405014 -56.1155 -0.00995654 0.999944 -0.00352739 0.436041 0.00401484 0.00356751 0.999986 1.12756
0.999954 0.0086992 -0.00408513 -57.1693 -0.0087136 0.999956 -0.00352091 0.461558 0.00405432 0.00355634 0.999985 1.14487
0.999957 0.008057 -0.00456635 -58.2176 -0.0080701 0.999963 -0.00285746 0.479727 0.00454316 0.00289419 0.999985 1.15661
0.999955 0.00773383 -0.00551181 -59.3101 -0.00774772 0.999967 -0.00250379 0.484999 0.00549227 0.00254638 0.999982 1.17458
0.999955 0.00795731 -0.0051429 -60.3617 -0.00796689 0.999967 -0.00184546 0.48322 0.00512805 0.00188635 0.999985 1.18836
0.999965 0.00740527 -0.00376332 -61.4377 -0.00741142 0.999971 -0.00162265 0.499434 0.00375119 0.00165049 0.999992 1.20329
0.999971 0.00706464 -0.00285738 -62.5232 -0.00707301 0.999971 -0.00292944 0.507148 0.0028366 0.00294957 0.999992 1.216
0.999973 0.00694328 -0.00242009 -63.6172 -0.00695358 0.999967 -0.00427238 0.521096 0.00239034 0.0042891 0.999988 1.23598
0.99997 0.00737969 -0.00224166 -64.707 -0.0073883 0.999965 -0.00385798 0.517098 0.00221311 0.00387442 0.99999 1.24637
0.999969 0.00737597 -0.00285794 -65.7936 -0.00739026 0.99996 -0.00502453 0.532285 0.00282076 0.0050455 0.999983 1.27456
0.999969 0.00762638 -0.00196186 -66.8889 -0.00763731 0.999955 -0.00562543 0.534981 0.00191887 0.00564024 0.999982 1.29004
0.999969 0.0078763 -0.000654176 -67.996 -0.00788068 0.999944 -0.00699506 0.5461 0.000599045 0.007 0.999975 1.32227
0.999969 0.00791329 -0.000263494 -69.0862 -0.00791507 0.99994 -0.007627 0.555995 0.000203124 0.00762885 0.999971 1.33782
0.999967 0.00786272 -0.00195193 -70.1903 -0.00787781 0.999938 -0.00784731 0.57397 0.00189011 0.00786243 0.999967 1.36156
0.99996 0.00776827 -0.00447885 -71.2985 -0.00780438 0.999937 -0.00810149 0.586699 0.00441563 0.00813612 0.999957 1.37913
0.999954 0.0083095 -0.00470813 -72.4162 -0.00834622 0.999934 -0.00783422 0.601217 0.00464272 0.00787316 0.999958 1.40126
0.99996 0.00864875 -0.00227171 -73.5372 -0.00866699 0.999929 -0.00814796 0.602498 0.00220108 0.00816732 0.999964 1.43477
0.999963 0.00847418 0.00143391 -74.6657 -0.00846163 0.999928 -0.00854005 0.612525 -0.00150618 0.0085276 0.999963 1.45048
0.99996 0.0078811 0.00426486 -75.7948 -0.00784198 0.999928 -0.00911411 0.631602 -0.00433638 0.0090803 0.999949 1.47598
0.999953 0.00842129 0.00488095 -76.9308 -0.00836734 0.999905 -0.0109702 0.635083 -0.00497287 0.0109288 0.999928 1.50568
0.99995 0.00889413 0.00467183 -78.0859 -0.00883111 0.999872 -0.0133413 0.633949 -0.00478989 0.0132993 0.9999 1.52909
0.999945 0.00906535 0.00527082 -79.2261 -0.00898749 0.999853 -0.0146123 0.643759 -0.00540251 0.0145642 0.999879 1.56304
0.999936 0.00812305 0.00787225 -80.3619 -0.00800043 0.999848 -0.0154847 0.662655 -0.00799684 0.0154207 0.999849 1.59433
0.999931 0.007757 0.00881921 -81.5157 -0.00762241 0.999856 -0.0151932 0.684477 -0.00893579 0.0151249 0.999846 1.62169
0.999935 0.00857189 0.0074581 -82.6936 -0.00844572 0.999823 -0.0167874 0.685739 -0.00760068 0.0167233 0.999831 1.65521
0.999932 0.00883653 0.0075479 -83.8739 -0.00869108 0.99978 -0.0190905 0.682482 -0.00771494 0.0190236 0.999789 1.68216
0.999935 0.00846881 0.00760488 -85.0258 -0.00831065 0.999753 -0.0205936 0.702729 -0.00777741 0.0205291 0.999759 1.70993
0.999946 0.00786255 0.00680877 -86.197 -0.00772453 0.999769 -0.0200655 0.717682 -0.00696496 0.0200118 0.999775 1.72481
0.999957 0.00782769 0.00493039 -87.3761 -0.00774041 0.999817 -0.0174785 0.733279 -0.00506631 0.0174396 0.999835 1.77013
0.999959 0.00838581 0.00339659 -88.5716 -0.00832269 0.9998 -0.0181896 0.745968 -0.00354845 0.0181606 0.999829 1.82441
0.999954 0.00801853 0.00528895 -89.755 -0.00791204 0.999772 -0.0198566 0.752768 -0.00544696 0.0198138 0.999789 1.852
0.999947 0.00744779 0.00717185 -90.9264 -0.00730056 0.999766 -0.0203411 0.761264 -0.00732167 0.0202877 0.999767 1.85892
0.999944 0.0075877 0.00734143 -92.1075 -0.00743239 0.999753 -0.0209561 0.768623 -0.00749862 0.0209003 0.999753 1.8976
0.999947 0.00823869 0.00621296 -93.3027 -0.00809187 0.999696 -0.0232974 0.774443 -0.00640301 0.0232458 0.999709 1.93467
0.99996 0.00788738 0.00427434 -94.5083 -0.00777669 0.999649 -0.0253212 0.785466 -0.00447256 0.0252869 0.99967 1.95563
0.999969 0.00785175 0.000792807 -95.7269 -0.007828 0.999619 -0.0264843 0.802908 -0.00100045 0.0264773 0.999649 1.97483
0.999964 0.00754665 -0.00379646 -96.9375 -0.00764281 0.999633 -0.0259857 0.810697 0.00359896 0.0260138 0.999655 1.9939
0.999933 0.00804549 -0.00827308 -98.149 -0.00824261 0.999676 -0.0240747 0.813851 0.00807671 0.0241413 0.999676 2.00923
0.999907 0.00815267 -0.0109121 -99.3708 -0.00838859 0.999728 -0.0217521 0.835619 0.0107318 0.0218416 0.999704 2.03797
0.999907 0.00807563 -0.0110155 -100.595 -0.00828901 0.999776 -0.0194647 0.862863 0.0108558 0.0195542 0.99975 2.0423
0.999906 0.00824136 -0.0109873 -101.813 -0.00842599 0.999822 -0.0168649 0.879174 0.0108464 0.0169558 0.999797 2.06687
0.999931 0.00821375 -0.00841544 -103.036 -0.00836379 0.999804 -0.0179515 0.883243 0.00826635 0.0180206 0.999803 2.08458
0.999952 0.0080622 -0.0055058 -104.273 -0.00817009 0.999769 -0.0198632 0.888238 0.00534439 0.0199073 0.999788 2.08611
0.999965 0.00820848 -0.001878 -105.51 -0.00824469 0.999763 -0.0201648 0.903457 0.00171203 0.0201796 0.999795 2.10357
0.999963 0.00855279 0.00135509 -106.758 -0.00852549 0.999783 -0.0190114 0.921638 -0.00151739 0.0189991 0.999818 2.14023
0.999954 0.00863471 0.00414503 -107.998 -0.00855658 0.999792 -0.0185114 0.933014 -0.00430401 0.0184751 0.99982 2.17128
0.999959 0.00850314 0.00323986 -109.247 -0.00844469 0.999809 -0.0176472 0.941265 -0.0033893 0.0176191 0.999839 2.1954
0.999965 0.00839637 -0.000365083 -110.507 -0.00840102 0.999844 -0.0155218 0.963958 0.000234699 0.0155243 0.999879 2.2275
0.999954 0.00857747 -0.00425389 -111.771 -0.00863406 0.999872 -0.0134689 0.977882 0.00413782 0.013505 0.9999 2.25521
0.999948 0.00871862 -0.00526633 -113.009 -0.00878889 0.999871 -0.0134701 0.986994 0.0051482 0.0135156 0.999895 2.28144
0.999958 0.00868738 -0.00283526 -114.273 -0.00872423 0.999874 -0.0132516 0.994259 0.00271978 0.0132758 0.999908 2.29482
0.999959 0.00886683 -0.0016593 -115.522 -0.00888823 0.999871 -0.0133644 1.01136 0.00154059 0.0133786 0.999909 2.31021
0.999957 0.00882862 -0.00272173 -116.786 -0.00886423 0.999871 -0.0133624 1.0232 0.00260341 0.0133859 0.999907 2.33396
0.999955 0.00864918 -0.00395838 -118.056 -0.00870236 0.999869 -0.0136215 1.03638 0.00384005 0.0136553 0.999899 2.35083
0.999947 0.00873084 -0.00544138 -119.327 -0.00880494 0.999867 -0.0137469 1.05367 0.00532063 0.0137941 0.999891 2.3743
0.999932 0.00883025 -0.00759097 -120.605 -0.0089314 0.99987 -0.0133962 1.06327 0.00747169 0.0134631 0.999881 2.4054
0.999918 0.00872958 -0.00933893 -121.862 -0.00885076 0.999876 -0.0130146 1.07226 0.00922416 0.0130962 0.999872 2.41526
0.999905 0.00868145 -0.0107163 -123.122 -0.00881638 0.999882 -0.0126088 1.09087 0.0106056 0.0127021 0.999863 2.42247
0.999911 0.00815906 -0.0105568 -124.37 -0.00827524 0.999905 -0.0110092 1.10493 0.010466 0.0110955 0.999884 2.43785
0.999918 0.00862951 -0.0095092 -125.635 -0.00872331 0.999913 -0.00986708 1.11353 0.00942323 0.00994921 0.999906 2.47324
0.99993 0.00874013 -0.00799752 -126.897 -0.00880916 0.999924 -0.00863627 1.12899 0.00792143 0.00870612 0.999931 2.49661
0.999934 0.00862353 -0.00761517 -128.154 -0.00868592 0.999929 -0.00819816 1.14821 0.00754393 0.00826377 0.999937 2.51232
0.999919 0.00924927 -0.00877285 -129.41 -0.00932301 0.999921 -0.00840195 1.15891 0.00869444 0.00848305 0.999926 2.52966
0.99991 0.00923276 -0.00975407 -130.668 -0.00932016 0.999916 -0.00895233 1.17458 0.0096706 0.00904243 0.999912 2.53473
0.999907 0.00917866 -0.0100422 -131.922 -0.00926968 0.999916 -0.00905451 1.18851 0.00995828 0.00914676 0.999909 2.54404
0.999891 0.0101462 -0.0107307 -133.179 -0.0102315 0.999916 -0.00792623 1.19029 0.0106494 0.00803515 0.999911 2.58011
0.999905 0.0102695 -0.00922837 -134.42 -0.0103377 0.999919 -0.00737378 1.2058 0.0091519 0.00746848 0.99993 2.60117
0.999934 0.00984811 -0.0058835 -135.668 -0.00989796 0.999915 -0.00850396 1.22364 0.00579925 0.00856164 0.999947 2.62727
0.999948 0.00973701 -0.00315673 -136.915 -0.00976792 0.999903 -0.00992856 1.23633 0.00305975 0.00995887 0.999946 2.64471
0.999943 0.0103682 -0.0026087 -138.169 -0.0103979 0.999878 -0.0116214 1.25908 0.00248789 0.0116478 0.999929 2.65282
0.999932 0.0105809 -0.00498704 -139.424 -0.0106392 0.999873 -0.0118243 1.26877 0.0048613 0.0118765 0.999918 2.68021
0.999917 0.0108143 -0.00699123 -140.675 -0.0108978 0.999868 -0.0120144 1.28455 0.00686039 0.0120896 0.999903 2.69966
0.999917 0.0109513 -0.0068457 -141.921 -0.0110281 0.999876 -0.0112799 1.29859 0.00672131 0.0113544 0.999913 2.71241
0.999914 0.0112378 -0.00682291 -143.186 -0.011302 0.999892 -0.00944533 1.30427 0.00671602 0.00952162 0.999932 2.74007
0.999914 0.0112341 -0.00677668 -144.425 -0.0112922 0.999899 -0.00859925 1.32027 0.00667939 0.00867504 0.99994 2.77488
0.99992 0.0113848 -0.00549865 -145.652 -0.011441 0.999881 -0.0103098 1.33325 0.00538063 0.0103719 0.999932 2.80376
0.999923 0.0114564 -0.00482723 -146.894 -0.011514 0.999861 -0.0120809 1.3456 0.00468816 0.0121355 0.999915 2.80707
0.999911 0.011778 -0.00622164 -148.141 -0.0118488 0.999864 -0.0114704 1.35584 0.00608569 0.0115431 0.999915 2.81734
0.999898 0.011643 -0.0083115 -149.386 -0.0117219 0.999886 -0.00950731 1.37312 0.00819986 0.00960376 0.99992 2.83737
0.999887 0.0121333 -0.0088481 -150.634 -0.0122112 0.999887 -0.00880129 1.38355 0.00874031 0.00890835 0.999922 2.87178
0.999903 0.0121731 -0.0067421 -151.881 -0.0122269 0.999893 -0.00800544 1.40504 0.00664393 0.0080871 0.999945 2.88171
0.999918 0.0113045 -0.00603492 -153.138 -0.0113535 0.999902 -0.00815095 1.42673 0.00594219 0.0082188 0.999949 2.90804
0.999908 0.0117007 -0.00684327 -154.372 -0.0117559 0.999898 -0.00807567 1.44865 0.00674808 0.00815538 0.999944 2.92999
0.999892 0.01217 -0.00819092 -155.632 -0.0122284 0.9999 -0.00711496 1.47022 0.00810351 0.00721435 0.999941 2.94014
0.999872 0.0124591 -0.0100222 -156.872 -0.0125314 0.999896 -0.00718502 1.48162 0.0099316 0.00730969 0.999924 2.97489
0.999884 0.0122111 -0.00912637 -158.12 -0.0122703 0.999904 -0.00645906 1.51194 0.00904662 0.00657029 0.999937 2.98667
0.99989 0.0121237 -0.00849074 -159.366 -0.0121768 0.999906 -0.00622736 1.51666 0.00841444 0.00633007 0.999945 3.00532
0.999898 0.012339 -0.0072519 -160.629 -0.0123946 0.999894 -0.00767324 1.53599 0.00715645 0.00776234 0.999944 3.02229
0.999906 0.0123366 -0.00599601 -161.883 -0.0123888 0.999885 -0.00875117 1.55085 0.00588736 0.00882463 0.999944 3.03722
0.999913 0.0120964 -0.00518895 -163.128 -0.0121377 0.999894 -0.00799533 1.56949 0.00509169 0.00805762 0.999955 3.06133
0.999916 0.0117282 -0.00558013 -164.369 -0.0117682 0.999905 -0.00718252 1.59532 0.00549536 0.00724758 0.999959 3.09628
0.999915 0.0121891 -0.00465072 -165.652 -0.0122226 0.999899 -0.00723358 1.59766 0.00456208 0.00728981 0.999963 3.11977
0.99992 0.0121367 -0.00351455 -166.896 -0.0121629 0.999898 -0.00752229 1.62366 0.00342289 0.00756444 0.999966 3.1349
0.99991 0.0127128 -0.00432333 -168.129 -0.0127457 0.999889 -0.00768535 1.63374 0.00422515 0.00773976 0.999961 3.16428
0.999902 0.0130223 -0.00507616 -169.389 -0.0130571 0.999891 -0.00687969 1.64117 0.00498602 0.00694529 0.999963 3.17655
0.999895 0.0133695 -0.00555163 -170.647 -0.0134022 0.999893 -0.00589904 1.66294 0.00547217 0.00597283 0.999967 3.19577
0.999895 0.0131367 -0.00613508 -171.906 -0.0131701 0.999898 -0.00543817 1.69408 0.00606302 0.00551839 0.999966 3.22663
0.999904 0.0124769 -0.00599753 -173.144 -0.0125129 0.999904 -0.00601473 1.71759 0.00592191 0.0060892 0.999964 3.24324
0.999901 0.0127696 -0.005963 -174.407 -0.0128061 0.999899 -0.00613482 1.7335 0.00588406 0.00621057 0.999963 3.25355
0.999886 0.0133878 -0.00699977 -175.667 -0.0134272 0.999894 -0.00560985 1.75311 0.00692392 0.0057032 0.99996 3.2762
0.999873 0.0135449 -0.00836002 -176.927 -0.0135961 0.999889 -0.00608819 1.77078 0.00827663 0.00620109 0.999947 3.31941
0.999878 0.0135591 -0.00771957 -178.166 -0.0136111 0.999885 -0.00673079 1.78943 0.00762742 0.00683505 0.999948 3.33469
0.999881 0.0140981 -0.00622701 -179.416 -0.0141359 0.999882 -0.00606108 1.79606 0.00614083 0.00614838 0.999962 3.34357
0.999897 0.0137085 -0.00430349 -180.675 -0.0137332 0.999889 -0.00577309 1.83179 0.00422387 0.00583159 0.999974 3.35887
0.999905 0.0132984 -0.00359877 -181.95 -0.0133157 0.9999 -0.0048022 1.8518 0.00353454 0.00484966 0.999982 3.37738
0.999889 0.0140548 -0.00487248 -183.234 -0.0140767 0.999891 -0.00449796 1.86457 0.00480873 0.00456606 0.999978 3.40605
0.999877 0.0145308 -0.00594373 -184.494 -0.0145581 0.999884 -0.00456577 1.87634 0.0058767 0.00465174 0.999972 3.42492
0.999876 0.0142192 -0.00678567 -185.766 -0.0142533 0.999886 -0.00500477 1.90117 0.00671374 0.00510087 0.999964 3.45798
0.999887 0.0134554 -0.00675391 -187.036 -0.0134957 0.999891 -0.00595142 1.92409 0.00667309 0.00604189 0.999959 3.47506
0.999879 0.0143326 -0.00601337 -188.32 -0.0143726 0.999874 -0.00666479 1.92431 0.00591709 0.00675041 0.99996 3.48193
0.999871 0.0148919 -0.00606155 -189.602 -0.0149296 0.999869 -0.00621287 1.94251 0.00596824 0.00630256 0.999962 3.49695
0.999881 0.0136155 -0.00728535 -190.907 -0.0136518 0.999895 -0.00495612 1.97864 0.0072171 0.00505498 0.999961 3.52397
0.999878 0.0135168 -0.0078599 -192.201 -0.0135445 0.999902 -0.00348704 2.00331 0.007812 0.00359307 0.999963 3.54378
0.999855 0.0144312 -0.00900958 -193.498 -0.0144707 0.999886 -0.004339 2.01705 0.00894594 0.00446875 0.99995 3.56723
0.999858 0.0143602 -0.00886337 -194.804 -0.0144047 0.999884 -0.00496974 2.02563 0.00879097 0.0050967 0.999948 3.57694
0.999865 0.0146653 -0.00739364 -196.101 -0.0147033 0.999879 -0.00509914 2.04087 0.00731797 0.00520716 0.99996 3.59323
0.999871 0.0146941 -0.00650092 -197.41 -0.0147319 0.999875 -0.00579761 2.06672 0.00641491 0.00589263 0.999962 3.62644
0.999885 0.0144787 -0.00450587 -198.721 -0.0145044 0.999878 -0.00571105 2.09654 0.00442264 0.00577575 0.999974 3.63242
0.999882 0.0146986 -0.00446194 -200.039 -0.0147238 0.999876 -0.00567064 2.11221 0.00437804 0.00573567 0.999974 3.64998
0.99987 0.0150311 -0.00576761 -201.361 -0.0150732 0.99986 -0.00732145 2.12983 0.00565675 0.00740743 0.999957 3.67142
0.999866 0.0145403 -0.00754877 -202.689 -0.0146051 0.999856 -0.00859769 2.15863 0.00742267 0.00870679 0.999935 3.70436
0.999868 0.0142973 -0.0076992 -204.006 -0.014369 0.999853 -0.00933415 2.17073 0.00756462 0.00944355 0.999927 3.72845
0.999881 0.0144435 -0.00541725 -205.322 -0.0144916 0.999855 -0.00896066 2.18696 0.00528704 0.0090381 0.999945 3.73574
0.999884 0.0144992 -0.00468827 -206.653 -0.0145402 0.999855 -0.00884485 2.21856 0.00455935 0.00891199 0.99995 3.7562
0.999885 0.0144115 -0.00482601 -207.987 -0.0144523 0.999859 -0.0085391 2.23964 0.00470227 0.00860787 0.999952 3.78528
0.999883 0.0142747 -0.00557789 -209.321 -0.014324 0.999858 -0.00889762 2.26508 0.00545009 0.00897647 0.999945 3.82036
0.999882 0.0144752 -0.005114 -210.667 -0.01452 0.999855 -0.00884431 2.27832 0.00498524 0.00891753 0.999948 3.83695
0.999885 0.0144708 -0.00453424 -212.009 -0.0145119 0.999853 -0.00917331 2.29817 0.00440082 0.00923805 0.999948 3.85375
0.999878 0.0149169 -0.00473874 -213.339 -0.014966 0.999833 -0.0104963 2.32395 0.00458137 0.010566 0.999934 3.88233
0.999878 0.0147754 -0.00502285 -214.688 -0.0148276 0.999835 -0.0105181 2.34546 0.00486661 0.0105913 0.999932 3.90761
0.999879 0.0147747 -0.00495825 -216.03 -0.014826 0.999835 -0.010487 2.36518 0.00480249 0.0105593 0.999933 3.93007
0.999883 0.0146277 -0.00438246 -217.391 -0.0146732 0.999837 -0.0105307 2.39293 0.00422771 0.0105938 0.999935 3.95439
0.999885 0.0149115 -0.0028777 -218.746 -0.0149389 0.999841 -0.00977056 2.40235 0.00273155 0.00981243 0.999948 3.97173
0.999889 0.0147432 -0.00227105 -220.103 -0.0147638 0.999847 -0.00933572 2.43702 0.00213306 0.00936821 0.999954 3.99728
0.999877 0.015493 -0.00260851 -221.465 -0.0155165 0.999837 -0.00920633 2.44633 0.00246545 0.00924567 0.999954 4.01725
0.999877 0.0154145 -0.00287285 -222.834 -0.0154373 0.999848 -0.00809886 2.46577 0.00274757 0.00814221 0.999963 4.03451
0.999875 0.0150662 -0.00483163 -224.207 -0.0151072 0.999849 -0.00856644 2.50437 0.00470184 0.00863836 0.999952 4.07311
0.99987 0.0147933 -0.00645913 -225.589 -0.014847 0.999855 -0.00834517 2.5288 0.00633474 0.00843999 0.999944 4.08882
0.999872 0.0148733 -0.00582221 -226.962 -0.0149222 0.999853 -0.00844325 2.54649 0.00569577 0.00852905 0.999947 4.10872
0.999868 0.0154507 -0.00510642 -228.337 -0.0154994 0.999833 -0.00964098 2.56044 0.00495661 0.00971885 0.99994 4.1498
0.999881 0.0153265 -0.00196077 -229.711 -0.0153455 0.999831 -0.0100845 2.5928 0.00180588 0.0101134 0.999947 4.1646
0.999888 0.0149748 -0.000318926 -231.101 -0.0149775 0.999821 -0.0115181 2.60596 0.000146388 0.0115216 0.999934 4.18175
0.999886 0.0150728 -0.0005716 -232.489 -0.0150785 0.999815 -0.0119586 2.6226 0.000391245 0.0119658 0.999928 4.20044
0.999881 0.0153332 -0.00153874 -233.867 -0.0153501 0.999814 -0.0116343 2.65791 0.00136007 0.0116565 0.999931 4.23539
0.999881 0.015249 -0.00245803 -235.25 -0.0152766 0.999816 -0.0116383 2.68288 0.0022801 0.0116745 0.999929 4.27754
0.999888 0.0148897 -0.00177129 -236.642 -0.0149072 0.999836 -0.0103218 2.69495 0.00161731 0.010347 0.999945 4.30729
0.999891 0.0147456 -0.000981355 -238.036 -0.0147547 0.99984 -0.010076 2.73046 0.000832622 0.0100894 0.999949 4.33231
0.999896 0.0143696 -0.00144327 -239.436 -0.0143837 0.999844 -0.0102693 2.75173 0.00129548 0.0102889 0.999946 4.34967
0.999885 0.0149149 -0.00267188 -240.853 -0.014939 0.999846 -0.00924219 2.76624 0.00253362 0.00928104 0.999954 4.36992
0.999886 0.0146471 -0.00359165 -242.255 -0.0146786 0.999852 -0.00892507 2.79805 0.00346039 0.00897677 0.999954 4.39929
0.999889 0.0144349 -0.00370167 -243.669 -0.0144698 0.999849 -0.00957501 2.82435 0.0035629 0.00962751 0.999947 4.42332
0.999888 0.0144478 -0.00387173 -245.087 -0.014486 0.999845 -0.0100355 2.83947 0.00372614 0.0100904 0.999942 4.45422
0.999889 0.0145046 -0.00338206 -246.499 -0.0145387 0.999841 -0.0102766 2.86209 0.00323247 0.0103246 0.999941 4.47883
0.999883 0.0147465 -0.00400081 -247.876 -0.014787 0.999838 -0.0102938 2.8864 0.00384836 0.0103517 0.999939 4.51389
0.999868 0.0152455 -0.00570286 -249.277 -0.0153055 0.999826 -0.0106413 2.89966 0.00553964 0.0107271 0.999927 4.55617
0.999876 0.0148685 -0.00513223 -250.686 -0.0149154 0.999846 -0.0092251 2.93748 0.00499428 0.00930051 0.999944 4.56496
