1 0 0 0 0 1 0 0 0 0 1 0
1 5.23545e-05 2.19236e-06 -0.00144529 -5.23544e-05 1 -3.36796e-05 0.000899006 -2.19412e-06 3.36795e-05 1 -0.00118471
1 6.43443e-05 2.40251e-05 -0.00346435 -6.43431e-05 1 -5.00663e-05 0.000886021 -2.40283e-05 5.00648e-05 1 2.97455e-05
1 1.78882e-05 2.00229e-05 -0.00305226 -1.78881e-05 1 -1.04412e-06 -0.00489167 -2.00229e-05 1.04376e-06 1 -0.000166331
1 -1.84387e-05 1.05296e-05 -0.00133375 1.84388e-05 1 -3.04203e-06 -0.00264203 -1.05296e-05 3.04223e-06 1 -0.000308034
1 -1.92667e-05 2.94363e-05 -0.000345535 1.92665e-05 1 9.03719e-06 -0.000408616 -2.94364e-05 -9.03663e-06 1 -0.00104397
1 4.02341e-05 2.93457e-05 -0.00117146 -4.02345e-05 1 1.2811e-05 -0.00282449 -2.93451e-05 -1.28122e-05 1 -0.000275715
1 1.25351e-05 6.83858e-06 -0.00305391 -1.25351e-05 1 1.18115e-05 -0.00371866 -6.83843e-06 -1.18115e-05 1 -5.1996e-05
1 3.76135e-05 4.87519e-05 -0.00618546 -3.76137e-05 1 4.29636e-06 -0.00109159 -4.87518e-05 -4.29819e-06 1 -0.000263091
1 7.743e-05 -8.13811e-06 -0.00134732 -7.74301e-05 1 -1.17935e-05 0.00372616 8.1372e-06 1.17942e-05 1 0.000314925
1 6.27666e-05 -5.2316e-06 -0.000321147 -6.27667e-05 1 -9.2865e-06 0.000985706 5.23102e-06 9.28683e-06 1 -1.2841e-05
1 5.4687e-05 2.13498e-05 -0.00182621 -5.46872e-05 1 9.29975e-06 -0.00300554 -2.13493e-05 -9.30092e-06 1 -0.000192424
1 -1.0292e-05 2.16554e-05 -0.00421983 1.02919e-05 1 3.62843e-06 -0.00311646 -2.16555e-05 -3.62821e-06 1 -0.000460472
1 1.76164e-05 3.89179e-05 -0.00293258 -1.76166e-05 1 6.21641e-06 -0.000480597 -3.89178e-05 -6.2171e-06 1 -0.000619176
1 2.09225e-05 4.30619e-05 -0.00569244 -2.09219e-05 1 -1.26686e-05 0.000148726 -4.30622e-05 1.26677e-05 1 -0.000460393
1 6.96742e-05 1.77741e-05 -0.00315988 -6.96744e-05 1 1.50108e-05 -0.00223489 -1.77731e-05 -1.50121e-05 1 -0.000381761
1 5.57075e-05 2.50204e-05 -0.00236953 -5.57076e-05 1 4.67617e-06 -0.00117518 -2.50201e-05 -4.67756e-06 1 -0.000257155
1 5.05095e-05 9.30894e-06 -0.00132551 -5.05094e-05 1 -9.94843e-06 0.00118562 -9.30944e-06 9.94796e-06 1 -0.000215619
1 2.73102e-05 -8.936e-06 0.000179492 -2.73103e-05 1 -7.16359e-06 -0.000328626 8.93581e-06 7.16383e-06 1 -0.000464631
1 6.55167e-05 1.43058e-05 -0.00318443 -6.55167e-05 1 -5.24444e-07 -0.00505723 -1.43058e-05 5.23507e-07 1 -0.000472727
1 9.21055e-05 9.01388e-06 -0.00274891 -9.21054e-05 1 -2.79896e-06 -0.00580808 -9.01414e-06 2.79813e-06 1 -4.74884e-05
1 1.22079e-05 3.31914e-05 -0.00380525 -1.22078e-05 1 -3.91945e-06 -0.000401337 -3.31915e-05 3.91904e-06 1 -0.000785166
1 7.2013e-05 1.72077e-06 0.000342709 -7.20129e-05 1 -9.70022e-06 -0.00246438 -1.72147e-06 9.7001e-06 1 -0.000680198
1 5.77577e-05 1.37111e-05 -0.00200259 -5.77577e-05 1 -9.43601e-07 -0.00419293 -1.37112e-05 9.42809e-07 1 -0.000185033
1 5.16413e-05 -6.43197e-06 -0.00228727 -5.16414e-05 1 -5.183e-06 -0.00310275 6.4317e-06 5.18333e-06 1 0.000109234
1 -4.44753e-05 2.60878e-05 -0.00284537 4.44755e-05 1 -6.33179e-06 0.00237458 -2.60876e-05 6.33295e-06 1 -0.000209244
1 2.37146e-05 1.92505e-05 -0.000759039 -2.37143e-05 1 -1.74908e-05 0.00108507 -1.92509e-05 1.74903e-05 1 -0.000672983
1 5.74784e-05 2.55377e-05 -0.00291159 -5.74783e-05 1 -1.67366e-06 -0.00249214 -2.55378e-05 1.67219e-06 1 -0.000513517
1 4.57502e-05 2.43869e-05 -0.00190706 -4.575e-05 1 -7.70955e-06 -0.00183288 -2.43873e-05 7.70843e-06 1 -0.000816807
1 1.64139e-05 3.58874e-05 -0.00195645 -1.64138e-05 1 -1.56167e-06 -0.00169421 -3.58874e-05 1.56108e-06 1 -0.000456835
1 2.54858e-05 2.6861e-05 -0.00404127 -2.54862e-05 1 1.38356e-05 -0.0015805 -2.68607e-05 -1.38362e-05 1 -0.000381184
1 4.85451e-05 -1.00059e-05 -0.00384065 -4.85452e-05 1 -1.22122e-05 -0.000971068 1.00053e-05 1.22126e-05 1 0.000650227
1 3.1869e-05 2.05042e-05 -0.00348207 -3.18689e-05 1 -5.2241e-06 -4.01479e-05 -2.05043e-05 5.22345e-06 1 -7.38912e-06
1 9.70524e-05 2.11436e-05 -0.00552661 -9.70525e-05 1 3.68999e-06 -0.00811557 -2.11432e-05 -3.69204e-06 1 9.739e-05
1 6.264e-05 5.82699e-06 -0.00196768 -6.26399e-05 1 -1.1415e-05 -0.00379952 -5.82771e-06 1.14147e-05 1 -2.71911e-05
1 1.9616e-05 1.62615e-05 -0.00060592 -1.96158e-05 1 -1.34225e-05 -0.000143336 -1.62617e-05 1.34222e-05 1 -0.000440071
1 2.77585e-05 -9.33082e-06 -0.00108585 -2.77585e-05 1 -8.93808e-06 -0.00249917 9.33057e-06 8.93833e-06 1 -0.000434911
1 4.17357e-05 -9.8844e-07 -0.00195888 -4.17357e-05 1 1.14653e-06 -0.00371694 9.88488e-07 -1.14649e-06 1 -0.000323525
1 7.44706e-05 -5.66063e-06 -0.00238227 -7.44706e-05 1 1.36353e-06 -0.0033141 5.66073e-06 -1.36311e-06 1 0.00029431
1 7.69578e-05 6.50899e-06 -0.00315786 -7.69578e-05 1 -8.17443e-06 -0.00264537 -6.50961e-06 8.17393e-06 1 -0.000179024
1 2.99848e-05 2.49984e-05 -0.00302129 -2.99847e-05 1 -2.18407e-06 9.63789e-05 -2.49985e-05 2.18332e-06 1 -0.000936872
1 8.95883e-06 2.39952e-05 -0.000821918 -8.9583e-06 1 -2.19441e-05 0.00338983 -2.39954e-05 2.19439e-05 1 -0.000705477
1 3.03179e-05 1.68105e-05 4.60444e-05 -3.0318e-05 1 4.69203e-06 -0.00171141 -1.68103e-05 -4.69254e-06 1 -0.000172923
1 4.58622e-05 -3.82143e-05 0.00746724 -4.58621e-05 1 2.09176e-06 -0.00311769 3.82144e-05 -2.09e-06 1 0.000446625
1 -1.154e-05 -9.96415e-05 0.0228545 1.15409e-05 1 9.36948e-06 -0.00522676 9.96414e-05 -9.37063e-06 1 0.000975739
1 -0.000105386 -0.000142563 0.0299789 0.000105389 1 2.49671e-05 -0.00855844 0.00014256 -2.49821e-05 1 0.0026062
1 -7.78237e-05 -7.03994e-05 0.018884 7.78258e-05 1 2.94492e-05 -0.0063094 7.03971e-05 -2.94547e-05 1 0.000938876
1 -5.2919e-05 -1.7736e-05 0.00547447 5.29192e-05 1 1.21448e-05 -0.00343522 1.77353e-05 -1.21457e-05 1 0.000479084
1 1.6135e-05 1.92158e-05 -0.0121139 -1.61354e-05 1 2.28914e-05 -0.00662077 -1.92154e-05 -2.28917e-05 1 0.000514453
1 6.8087e-05 2.83154e-05 -0.0249029 -6.80885e-05 1 5.50041e-05 -0.0200738 -2.83116e-05 -5.5006e-05 1 0.0017408
1 5.77512e-05 3.46304e-05 -0.0351197 -5.77528e-05 1 4.75863e-05 -0.0174847 -3.46277e-05 -4.75883e-05 1 0.00129674
1 2.25144e-05 4.93127e-06 -0.042114 -2.25146e-05 1 3.72763e-05 -0.0157681 -4.93043e-06 -3.72764e-05 1 0.00186435
1 -8.77399e-05 4.24264e-07 -0.0568191 8.77399e-05 1 2.96245e-05 -0.00837231 -4.26863e-07 -2.96245e-05 1 0.00317835
1 -0.000107067 5.59996e-05 -0.0880982 0.000107064 1 5.20312e-05 -0.00594645 -5.60052e-05 -5.20252e-05 1 0.00476437
1 9.67655e-05 0.000145553 -0.1248 -9.67816e-05 1 0.00011041 -0.00495031 -0.000145543 -0.000110424 1 0.00295532
1 0.00024603 0.000235211 -0.188466 -0.000246056 1 0.000109434 -0.00302845 -0.000235184 -0.000109491 1 0.00489474
1 0.000721911 0.000400332 -0.252749 -0.000721954 1 0.00010636 -0.00841509 -0.000400255 -0.000106649 1 0.0039478
1 0.000796943 0.000576843 -0.323911 -0.000796999 1 9.6572e-05 -0.00985712 -0.000576766 -9.70317e-05 1 0.00453307
1 -0.000500902 0.000599527 -0.401506 0.000500834 1 0.000114669 -0.003925 -0.000599584 -0.000114368 1 0.00599621
1 -0.000707143 0.000693071 -0.464716 0.00070704 1 0.000148433 0.00226162 -0.000693176 -0.000147943 1 0.00728557
0.999999 -0.00047067 0.000962769 -0.555794 0.000470496 1 0.000181239 0.00532307 -0.000962855 -0.000180786 1 0.00783364
0.999999 -0.000378928 0.00121246 -0.664907 0.000378597 1 0.000273324 0.0140784 -0.00121256 -0.000272865 0.999999 0.0104362
0.999999 -0.000191863 0.00138403 -0.777709 0.000191341 1 0.000377498 0.0152843 -0.0013841 -0.000377233 0.999999 0.0145639
0.999999 -0.000703823 0.00155634 -0.888749 0.000703146 1 0.000435442 0.00446503 -0.00155664 -0.000434347 0.999999 0.0161392
0.999998 -0.00133999 0.00171056 -1.01887 0.00133939 0.999999 0.00035255 -0.000684375 -0.00171104 -0.000350258 0.999998 0.0175267
0.999997 -0.00106152 0.0020415 -1.15924 0.00106064 0.999999 0.000432622 0.00107593 -0.00204196 -0.000430455 0.999998 0.0188283
0.999997 -0.000714704 0.00232624 -1.29891 0.000713255 1 0.000623915 0.00242727 -0.00232668 -0.000622254 0.999997 0.0212195
0.999996 -0.000433706 0.00261663 -1.45416 0.000431963 1 0.000666769 -0.0110428 -0.00261692 -0.000665636 0.999996 0.0268872
0.999996 0.000164899 0.00276278 -1.63471 -0.000166411 1 0.000546949 -0.0183226 -0.00276269 -0.000547406 0.999996 0.0305039
0.999995 0.00109346 0.00281115 -1.83366 -0.00109487 0.999999 0.000500575 -2.6305e-05 -0.0028106 -0.000503651 0.999996 0.0318168
0.999994 0.00171696 0.00299125 -2.04726 -0.00171896 0.999998 0.000664057 0.0101055 -0.0029901 -0.000669195 0.999995 0.0370798
0.999994 0.00210505 0.0027495 -2.26337 -0.00210788 0.999997 0.00102935 0.0205595 -0.00274732 -0.00103514 0.999996 0.0475127
0.999991 0.00322507 0.00267954 -2.45656 -0.00322808 0.999994 0.00111786 0.0290048 -0.00267592 -0.0011265 0.999996 0.0540622
0.999984 0.00469221 0.00311685 -2.69166 -0.00469605 0.999988 0.00122477 0.0297842 -0.00311106 -0.00123939 0.999994 0.0559506
0.999973 0.00643474 0.00350448 -2.9324 -0.00643997 0.999978 0.00148222 0.0357534 -0.00349487 -0.00150475 0.999993 0.0616931
0.999962 0.00794391 0.00361125 -3.1631 -0.00795062 0.999967 0.00184834 0.0396142 -0.00359645 -0.00187698 0.999992 0.0716244
0.999953 0.00885789 0.00397955 -3.42891 -0.0088668 0.999958 0.00222465 0.0391218 -0.00395967 -0.00225983 0.99999 0.0843019
0.999933 0.0103725 0.00523195 -3.69438 -0.0103863 0.999943 0.00260596 0.0399941 -0.00520462 -0.00266013 0.999983 0.0875121
0.999913 0.0120101 0.00553229 -3.96901 -0.0120249 0.999924 0.00265845 0.0411343 -0.00549994 -0.00272474 0.999981 0.0975189
0.999883 0.0140573 0.0060804 -4.26213 -0.0140716 0.999898 0.00231784 0.0381181 -0.0060472 -0.00240313 0.999979 0.107472
0.999847 0.0160877 0.00692221 -4.54834 -0.0161008 0.999869 0.00183427 0.033442 -0.00689179 -0.00194544 0.999974 0.109831
0.999824 0.0169932 0.00799745 -4.88376 -0.0170045 0.999855 0.00134466 0.0441017 -0.00797344 -0.00148041 0.999967 0.103941
0.999781 0.0188109 0.00912328 -5.19256 -0.018827 0.999821 0.00168203 0.0610372 -0.00909001 -0.00185343 0.999957 0.108693
0.999733 0.0207722 0.0100751 -5.51155 -0.0207983 0.999781 0.00249266 0.0786174 -0.0100211 -0.00270154 0.999946 0.124963
0.999694 0.0222224 0.0108838 -5.84485 -0.022256 0.999748 0.00297172 0.109617 -0.010815 -0.00321304 0.999936 0.141851
0.999654 0.0236959 0.0113834 -6.19427 -0.0237323 0.999714 0.00307521 0.117257 -0.0113073 -0.0033443 0.99993 0.148097
0.999598 0.0261278 0.01098 -6.54868 -0.02616 0.999654 0.00280087 0.119798 -0.010903 -0.00308698 0.999936 0.153852
0.999549 0.0281313 0.0104695 -6.92104 -0.0281594 0.9996 0.00254855 0.111077 -0.0103937 -0.00284222 0.999942 0.164989
0.999497 0.029965 0.0103621 -7.2991 -0.0299862 0.999549 0.00189973 0.125994 -0.0103005 -0.0022095 0.999945 0.170914
0.999431 0.0320563 0.010506 -7.64789 -0.0320727 0.999485 0.00139362 0.136579 -0.0104559 -0.00172978 0.999944 0.17875
0.999373 0.0339512 0.0100422 -8.04185 -0.0339627 0.999423 0.000979243 0.150334 -0.0100032 -0.00131969 0.999949 0.189818
0.999321 0.0354733 0.00991625 -8.44434 -0.0354865 0.999369 0.00115264 0.173502 -0.00986911 -0.00150375 0.99995 0.192195
0.999254 0.0372612 0.010191 -8.83789 -0.0372803 0.999303 0.00168759 0.209868 -0.0101211 -0.00206625 0.999947 0.201658
0.999194 0.0388439 0.0101677 -9.26232 -0.0388644 0.999243 0.0018332 0.25456 -0.0100888 -0.00222688 0.999947 0.216285
0.999096 0.0412652 0.0102182 -9.6866 -0.0412846 0.999146 0.00168678 0.264364 -0.0101399 -0.00210711 0.999946 0.227853
0.99903 0.0427608 0.0105343 -10.1076 -0.0427782 0.999084 0.00143089 0.274925 -0.0104634 -0.00188013 0.999943 0.233476
0.998973 0.0442849 0.00960902 -10.5485 -0.0442987 0.999018 0.00122798 0.292841 -0.0095452 -0.00165238 0.999953 0.237432
0.998906 0.0459766 0.00857964 -10.9967 -0.0459897 0.998941 0.00133539 0.323571 -0.00850916 -0.0017285 0.999962 0.243261
0.998888 0.046385 0.00838088 -11.4446 -0.0463999 0.998922 0.00159223 0.363866 -0.00829799 -0.00197934 0.999964 0.253704
0.998828 0.0476002 0.00871915 -11.8867 -0.0476202 0.998863 0.00210203 0.39233 -0.00860918 -0.00251477 0.99996 0.26731
0.998779 0.0486191 0.00877913 -12.3382 -0.048641 0.998814 0.00230745 0.405145 -0.00865653 -0.00273166 0.999959 0.285312
0.998749 0.0493569 0.00805561 -12.8263 -0.0493786 0.998777 0.00252069 0.432358 -0.00792134 -0.00291531 0.999964 0.290096
0.99874 0.0496064 0.00765522 -13.3316 -0.0496302 0.998763 0.00294827 0.463187 -0.00749949 -0.00332449 0.999966 0.302314
0.998754 0.0493679 0.00723586 -13.8142 -0.0493942 0.998773 0.00350985 0.495697 -0.00705371 -0.00386289 0.999968 0.321405
0.998781 0.0489129 0.00661106 -14.2932 -0.0489396 0.998794 0.0039423 0.523198 -0.00641026 -0.00426104 0.99997 0.346066
0.998804 0.0484073 0.00690933 -14.7859 -0.0484364 0.998818 0.00410981 0.52893 -0.00670221 -0.00443956 0.999968 0.358135
0.99883 0.0477673 0.00758073 -15.289 -0.0477996 0.998848 0.00413867 0.54948 -0.00737431 -0.00449618 0.999963 0.364819
0.998847 0.0472733 0.00839381 -15.8097 -0.0473095 0.998872 0.00415896 0.571287 -0.00818773 -0.00455127 0.999956 0.380085
0.998859 0.0467827 0.00962758 -16.3355 -0.0468246 0.998894 0.00418057 0.600298 -0.00942136 -0.00462661 0.999945 0.398672
0.998869 0.0462247 0.0111738 -16.8705 -0.0462761 0.998919 0.0043883 0.620205 -0.0109588 -0.00490042 0.999928 0.413234
0.998879 0.0459785 0.0112811 -17.404 -0.0460354 0.998928 0.00483098 0.663442 -0.0110469 -0.00534489 0.999925 0.428762
0.99892 0.0453461 0.0101148 -17.9576 -0.0454 0.998956 0.00515903 0.692839 -0.00987025 -0.00561267 0.999936 0.437066
0.998957 0.0447829 0.00885552 -18.5134 -0.0448325 0.998979 0.00548241 0.705407 -0.00860097 -0.00587371 0.999946 0.458266
0.998971 0.0445773 0.00837374 -19.0725 -0.0446241 0.998989 0.00548045 0.725759 -0.00812097 -0.00584848 0.99995 0.478778
0.998991 0.0442082 0.00787892 -19.6426 -0.0442501 0.999007 0.00522384 0.745782 -0.00764016 -0.00556722 0.999955 0.487308
0.999021 0.0434697 0.0081781 -20.2091 -0.0435162 0.999037 0.00559428 0.768314 -0.00792704 -0.00594468 0.999951 0.505253
0.999019 0.0431575 0.00991332 -20.7799 -0.0432163 0.999049 0.00579011 0.793166 -0.00965401 -0.00621284 0.999934 0.522446
0.999007 0.0429172 0.0119282 -21.3874 -0.0429868 0.99906 0.00563844 0.825137 -0.011675 -0.0061456 0.999913 0.53936
0.99893 0.042597 0.0179924 -21.9912 -0.0427066 0.999071 0.00575333 0.846013 -0.0177306 -0.00651558 0.999822 0.555655
0.998483 0.0423969 0.0351186 -22.5841 -0.0426879 0.99906 0.00757569 0.866319 -0.0347644 -0.00906334 0.999354 0.593864
0.997694 0.0419858 0.0533345 -23.1738 -0.0426156 0.999034 0.0107269 0.905562 -0.0528326 -0.012975 0.998519 0.629512
0.997202 0.0419705 0.0618623 -23.7565 -0.0431094 0.998922 0.0171909 0.94966 -0.0610741 -0.0198096 0.997937 0.642511
0.997464 0.0424071 0.0571584 -24.389 -0.043645 0.998835 0.0205855 0.983331 -0.0562189 -0.0230279 0.998153 0.71409
0.998529 0.0424604 0.0337097 -25.0426 -0.0431058 0.998896 0.0186554 1.01645 -0.0328804 -0.0200811 0.999258 0.75911
0.999091 0.0424847 0.00361454 -25.7339 -0.0425336 0.998986 0.0147606 1.03201 -0.00298377 -0.014901 0.999885 0.754274
0.998932 0.0415061 -0.0202955 -26.4094 -0.0412344 0.999057 0.0136277 1.05675 0.020842 -0.0127763 0.999701 0.735552
0.998651 0.0396094 -0.0335731 -27.0919 -0.0391007 0.999112 0.0156773 1.08818 0.0341643 -0.0143435 0.999313 0.734258
0.998748 0.0381728 -0.0323397 -27.7482 -0.037577 0.999116 0.0188334 1.12964 0.0330301 -0.0175946 0.999299 0.772844
0.999083 0.0368101 -0.0218553 -28.4077 -0.0364013 0.99916 0.0188166 1.14936 0.0225296 -0.0180038 0.999584 0.807849
0.999365 0.0353112 -0.00484663 -29.0924 -0.0352424 0.999286 0.0136017 1.16538 0.00532347 -0.0134223 0.999896 0.829257
0.999261 0.034178 0.0176127 -29.7911 -0.0342953 0.999391 0.0064014 1.16905 -0.0173832 -0.0070007 0.999824 0.809687
0.998955 0.0319583 0.0326683 -30.4996 -0.0320654 0.999482 0.00275892 1.18793 -0.0325632 -0.00380356 0.999462 0.781736
0.99897 0.0306987 0.0334011 -31.2025 -0.0308453 0.999517 0.00388375 1.22096 -0.0332657 -0.00491002 0.999434 0.79977
0.999257 0.0294294 0.024867 -31.9708 -0.0296003 0.99954 0.00653158 1.25752 -0.0246633 -0.0072628 0.999669 0.862393
0.999473 0.0293847 0.0137764 -32.7256 -0.0294993 0.999531 0.00818554 1.27959 -0.0135295 -0.00858762 0.999872 0.925216
0.999516 0.0301558 0.00759995 -33.4675 -0.0302056 0.999522 0.00652737 1.28594 -0.00739949 -0.00675378 0.99995 0.964039
0.999486 0.0306437 0.0094009 -34.2264 -0.0306913 0.999517 0.00496602 1.30034 -0.00924418 -0.00525199 0.999943 0.950014
0.99942 0.0306943 0.0147323 -34.9914 -0.0307708 0.999514 0.00499317 1.33133 -0.0145719 -0.0054436 0.999879 0.954516
0.99935 0.0310059 0.0184078 -35.7604 -0.0311361 0.999492 0.00682962 1.36994 -0.0181867 -0.00739833 0.999807 0.976653
0.999334 0.0310486 0.0191912 -36.5584 -0.0312078 0.99948 0.00805196 1.40384 -0.0189312 -0.00864551 0.999783 1.0315
0.999342 0.0311792 0.0185233 -37.3734 -0.031335 0.999475 0.00817881 1.42939 -0.0182586 -0.00875386 0.999795 1.06455
0.999363 0.0304419 0.0186335 -38.1756 -0.0305888 0.999503 0.00765014 1.44214 -0.0183913 -0.00821524 0.999797 1.09521
0.999369 0.0285283 0.021162 -38.9948 -0.0286718 0.999568 0.00651163 1.46924 -0.0209671 -0.00711428 0.999755 1.12826
0.999371 0.0268163 0.0232031 -39.7975 -0.026948 0.999622 0.00538305 1.4827 -0.0230499 -0.00600494 0.999716 1.14269
0.99942 0.0252768 0.0228338 -40.6138 -0.0253953 0.999665 0.00491247 1.50064 -0.022702 -0.00548949 0.999727 1.17098
0.999531 0.0236267 0.0194975 -41.4564 -0.0237015 0.999713 0.0036106 1.53006 -0.0194066 -0.00407102 0.999803 1.19783
0.999622 0.0220736 0.016391 -42.3134 -0.0221151 0.999753 0.00235409 1.55113 -0.016335 -0.00271569 0.999863 1.22652
0.999666 0.0206693 0.0155031 -43.1824 -0.0207001 0.999784 0.00183301 1.56409 -0.0154619 -0.00215332 0.999878 1.26192
0.999699 0.0193841 0.015071 -44.044 -0.019412 0.99981 0.00171025 1.58504 -0.015035 -0.00200229 0.999885 1.29346
0.999727 0.0182267 0.0146203 -44.9095 -0.0182593 0.999831 0.00209866 1.60295 -0.0145795 -0.00236505 0.999891 1.31971
0.99975 0.0169527 0.0145511 -45.7826 -0.0169876 0.999853 0.00227551 1.61111 -0.0145104 -0.00252213 0.999892 1.34945
0.999753 0.0156393 0.015775 -46.6559 -0.0156761 0.999875 0.00221406 1.61443 -0.0157384 -0.0024608 0.999873 1.38437
0.999753 0.0143742 0.0169512 -47.5718 -0.0144172 0.999893 0.00241967 1.63636 -0.0169146 -0.00266346 0.999853 1.41171
0.999789 0.0127029 0.0161561 -48.4506 -0.012746 0.999915 0.00256837 1.64423 -0.0161221 -0.00277375 0.999866 1.43784
0.999835 0.0110819 0.0143595 -49.3422 -0.011112 0.999936 0.00201471 1.65765 -0.0143363 -0.00217394 0.999895 1.47369
0.999875 0.00960775 0.0125235 -50.2364 -0.00962781 0.999952 0.00154253 1.66243 -0.012508 -0.00166291 0.99992 1.50268
0.999908 0.00790428 0.011051 -51.1415 -0.00791371 0.999968 0.00081032 1.67597 -0.0110443 -0.0008977 0.999939 1.5356
0.999927 0.0058689 0.0105666 -52.0245 -0.00588191 0.999982 0.00120098 1.68169 -0.0105593 -0.00126304 0.999943 1.56277
0.999933 0.0038193 0.0109076 -52.9049 -0.0038362 0.999991 0.00152891 1.68605 -0.0109017 -0.00157065 0.999939 1.60452
0.99994 0.0019912 0.0107818 -53.7793 -0.00201643 0.999995 0.00232955 1.69056 -0.0107771 -0.00235115 0.999939 1.62756
0.999966 -7.37947e-05 0.00820271 -54.6684 5.27854e-05 0.999997 0.00256145 1.68873 -0.00820287 -0.00256093 0.999963 1.65792
0.999955 -0.0021024 0.00926247 -55.5367 0.0020888 0.999997 0.00147781 1.67978 -0.00926555 -0.00145839 0.999956 1.69648
0.999875 -0.00417433 0.0152238 -56.3936 0.00417417 0.999991 4.19721e-05 1.67031 -0.0152239 2.158e-05 0.999884 1.72537
0.999729 -0.00666436 0.0223078 -57.2592 0.00666704 0.999978 -4.57967e-05 1.66715 -0.022307 0.000194511 0.999751 1.75565
0.999693 -0.00852054 0.0232827 -58.1307 0.00851776 0.999964 0.000218668 1.66866 -0.0232837 -2.02843e-05 0.999729 1.78394
0.999793 -0.0101032 0.0176699 -58.9872 0.0100936 0.999949 0.00063277 1.6567 -0.0176754 -0.000454286 0.999844 1.82961
0.999863 -0.0116215 0.0117778 -59.8626 0.011625 0.999932 -0.000226945 1.64059 -0.0117744 0.000363832 0.999931 1.87654
0.99985 -0.0131977 0.0112097 -60.7294 0.0132113 0.999912 -0.00114162 1.6206 -0.0111936 0.00128954 0.999937 1.90815
0.999779 -0.0148609 0.0148966 -61.5872 0.0148832 0.999888 -0.00138983 1.61478 -0.0148743 0.00161123 0.999888 1.94704
0.99968 -0.0166709 0.019003 -62.4445 0.016701 0.99986 -0.00142595 1.60422 -0.0189765 0.00174286 0.999818 1.97884
0.999637 -0.0176642 0.0203391 -63.2854 0.0177005 0.999842 -0.00160735 1.59283 -0.0203075 0.00196678 0.999792 2.01131
0.99966 -0.0178106 0.0190537 -64.1354 0.0178469 0.999839 -0.0017366 1.57179 -0.0190197 0.00207606 0.999817 2.03557
0.999674 -0.018442 0.017636 -65.003 0.0184826 0.999827 -0.00214444 1.54984 -0.0175934 0.0024697 0.999842 2.0578
0.999678 -0.0195569 0.0161951 -65.878 0.0195833 0.999807 -0.00147048 1.53503 -0.0161632 0.00178716 0.999868 2.09333
0.999674 -0.0203673 0.0154163 -66.7328 0.0203872 0.999792 -0.00113274 1.51822 -0.01539 0.00144667 0.999881 2.13359
0.999662 -0.020839 0.0155379 -67.558 0.0208545 0.999782 -0.000837191 1.50507 -0.015517 0.00116094 0.999879 2.16495
0.999648 -0.0218658 0.0149939 -68.3957 0.0218575 0.999761 0.000718561 1.4842 -0.015006 -0.000390579 0.999887 2.1946
0.999649 -0.0226595 0.0137139 -69.2449 0.022622 0.99974 0.00288078 1.47551 -0.0137756 -0.00256954 0.999902 2.24046
0.99964 -0.0232534 0.0133818 -70.0745 0.0232124 0.999725 0.00320813 1.44916 -0.0134527 -0.00289635 0.999905 2.2882
0.999561 -0.0239258 0.0174913 -70.9239 0.023913 0.999714 0.000939336 1.43513 -0.0175088 -0.000520652 0.999847 2.32836
0.999371 -0.0252537 0.0249146 -71.761 0.0252906 0.999679 -0.00116714 1.41574 -0.0248771 0.00179651 0.999689 2.33659
0.999189 -0.0270367 0.0298523 -72.6058 0.0270738 0.999633 -0.000838342 1.38989 -0.0298187 0.00164588 0.999554 2.35877
0.999052 -0.0281412 0.0332116 -73.4216 0.0281689 0.999603 -0.000369179 1.36694 -0.033188 0.00130437 0.999448 2.42307
0.998608 -0.0290338 0.0440401 -74.2399 0.0289754 0.999578 0.00196381 1.33534 -0.0440785 -0.000685001 0.999028 2.49337
0.997899 -0.0305364 0.0571344 -75.0512 0.0303216 0.99953 0.00462343 1.31644 -0.0572487 -0.00288131 0.998356 2.55294
0.997747 -0.032555 0.0586626 -75.8678 0.0322875 0.999463 0.00550385 1.30718 -0.0588103 -0.00359738 0.998263 2.60591
0.998708 -0.0338662 0.0378895 -76.7258 0.0338003 0.999426 0.00238022 1.28417 -0.0379483 -0.00109647 0.999279 2.6268
0.999365 -0.0356244 -0.00071365 -77.5915 0.0356255 0.999364 0.00167624 1.24936 0.000653481 -0.0017006 0.999998 2.6261
0.998644 -0.0372087 -0.0364234 -78.4479 0.0372762 0.999304 0.00117582 1.21011 0.0363543 -0.00253195 0.999336 2.67292
0.99819 -0.0381866 -0.0464526 -79.2848 0.0381552 0.999271 -0.00156129 1.17054 0.0464783 -0.000213943 0.998919 2.71442
0.999029 -0.0394108 -0.0196897 -80.0831 0.0393206 0.999214 -0.00494813 1.12686 0.0198692 0.00416912 0.999794 2.73915
0.99873 -0.0417063 0.0282778 -80.8746 0.0418587 0.999112 -0.00481969 1.09325 -0.0280517 0.00599725 0.999588 2.72426
0.997357 -0.0444931 0.0574464 -81.7159 0.044803 0.998987 -0.00411644 1.06861 -0.0572051 0.00667933 0.99834 2.73187
0.997676 -0.0460539 0.0502085 -82.5623 0.0463267 0.998917 -0.00428133 1.03652 -0.049957 0.00659738 0.99873 2.77526
0.998555 -0.0466931 0.0265935 -83.4193 0.0468968 0.998875 -0.00708716 0.977062 -0.0262326 0.00832407 0.999621 2.85942
0.998695 -0.04798 0.0174805 -84.2788 0.0481775 0.998778 -0.0110579 0.910299 -0.0169286 0.0118856 0.999786 2.93358
0.99844 -0.0499587 0.0249379 -85.1399 0.0503203 0.998634 -0.0140907 0.868151 -0.0241999 0.0153236 0.99959 2.94059
0.998112 -0.0517616 0.0330546 -85.9846 0.0522351 0.998542 -0.013627 0.832969 -0.032301 0.0153279 0.999361 2.94917
0.998033 -0.0529628 0.033542 -86.8424 0.0533962 0.998499 -0.0121606 0.79723 -0.0328476 0.0139277 0.999363 2.99466
0.998211 -0.0543348 0.0249633 -87.6998 0.0546169 0.998449 -0.0107596 0.749744 -0.02434 0.0121037 0.99963 3.04597
0.998302 -0.055926 0.01628 -88.5582 0.0561023 0.998369 -0.010582 0.694579 -0.0156616 0.0114774 0.999811 3.0929
0.998279 -0.0571256 0.0132308 -89.4342 0.0572706 0.9983 -0.0108521 0.629889 -0.0125883 0.0115911 0.999854 3.12067
0.998168 -0.0587653 0.014411 -90.2938 0.0589303 0.998198 -0.0113005 0.579061 -0.0137209 0.012129 0.999832 3.14904
0.998091 -0.0593295 0.0171648 -91.1537 0.0595184 0.99817 -0.0107091 0.542738 -0.0164981 0.0117103 0.999795 3.17608
0.997995 -0.0598137 0.0206731 -92.0162 0.0600204 0.998152 -0.00952631 0.493091 -0.0200651 0.010748 0.999741 3.20416
0.997982 -0.0599126 0.0210536 -92.9076 0.0600548 0.998176 -0.00618741 0.452416 -0.0206445 0.00743929 0.999759 3.23682
0.998021 -0.0600556 0.0186369 -93.7828 0.0601191 0.998187 -0.00286607 0.409709 -0.018431 0.00398083 0.999822 3.28762
0.998064 -0.0595992 0.0177863 -94.6678 0.0596342 0.998219 -0.00144205 0.363292 -0.0176686 0.00249993 0.999841 3.33242
0.997972 -0.0602642 0.0204911 -95.5522 0.0602936 0.99818 -0.00081824 0.30763 -0.0204045 0.00205207 0.99979 3.36146
0.997757 -0.061724 0.025909 -96.4211 0.061762 0.998091 -0.0006683 0.252334 -0.0258183 0.00226699 0.999664 3.40855
0.997493 -0.0634601 0.0313068 -97.2894 0.0635543 0.997976 -0.00201948 0.191452 -0.0311152 0.0040041 0.999508 3.45427
0.997336 -0.0647649 0.0335624 -98.1957 0.0649603 0.997876 -0.00476475 0.138161 -0.0331825 0.00693228 0.999425 3.49346
0.997284 -0.0660456 0.0325998 -99.0992 0.0663127 0.997773 -0.00718284 0.0706688 -0.0320528 0.00932511 0.999443 3.52221
0.997337 -0.0670283 0.0287357 -99.9927 0.0673396 0.99768 -0.0100052 -0.00166202 -0.0279984 0.0119136 0.999537 3.57033
0.997357 -0.0683005 0.0247904 -100.882 0.0686052 0.997576 -0.0116544 -0.0572574 -0.0239343 0.0133243 0.999625 3.60737
0.997318 -0.0698632 0.0218363 -101.769 0.0701401 0.997463 -0.0121812 -0.123725 -0.0209298 0.0136801 0.999687 3.65103
0.997243 -0.0709093 0.0218672 -102.677 0.0711866 0.997389 -0.0121737 -0.196344 -0.0209469 0.0136968 0.999687 3.69665
0.997094 -0.0721054 0.0245819 -103.587 0.0724128 0.997304 -0.0118517 -0.258524 -0.023661 0.0135973 0.999628 3.73646
0.996942 -0.0731432 0.0275096 -104.503 0.073495 0.997223 -0.0120012 -0.321741 -0.0265554 0.0139864 0.999549 3.7693
0.996829 -0.0742206 0.0286802 -105.411 0.0745937 0.99714 -0.0121665 -0.388058 -0.0276952 0.0142673 0.999515 3.81173
0.996772 -0.0751647 0.0282136 -106.291 0.0755439 0.997063 -0.012623 -0.461521 -0.027182 0.0147136 0.999522 3.8549
0.996711 -0.0760841 0.0278947 -107.198 0.0764826 0.996979 -0.0135067 -0.532499 -0.0267828 0.0155957 0.99952 3.89397
0.9967 -0.0765191 0.0270811 -108.108 0.0769233 0.996936 -0.0142109 -0.608344 -0.0259107 0.0162472 0.999532 3.93358
0.996719 -0.0767325 0.0257518 -109.032 0.0771241 0.996915 -0.0145705 -0.682848 -0.0245543 0.0165087 0.999562 3.97694
0.996783 -0.0763754 0.0243046 -109.941 0.076743 0.996945 -0.0145656 -0.749481 -0.0231179 0.016384 0.999598 4.02028
0.996863 -0.0759641 0.022239 -110.866 0.076283 0.99699 -0.0138608 -0.819502 -0.0211192 0.0155138 0.999657 4.06531
0.996993 -0.074779 0.0203433 -111.774 0.075058 0.99709 -0.013314 -0.885587 -0.0192885 0.0148009 0.999704 4.10976
0.997036 -0.0739444 0.0212613 -112.709 0.0742334 0.997154 -0.0131426 -0.947991 -0.020229 0.0146819 0.999688 4.14881
0.996977 -0.0729736 0.026687 -113.633 0.0733289 0.997228 -0.0125865 -1.0099 -0.0256945 0.0145053 0.999565 4.18136
0.996901 -0.0724823 0.0305585 -114.57 0.0728826 0.997266 -0.0121933 -1.0724 -0.0295911 0.0143827 0.999459 4.22697
0.997006 -0.0712309 0.0300736 -115.497 0.071635 0.997352 -0.0125768 -1.14607 -0.0290981 0.0146935 0.999469 4.27179
0.997122 -0.0705263 0.027817 -116.432 0.0709084 0.997398 -0.0129984 -1.22183 -0.0268279 0.0149334 0.999529 4.30939
0.997253 -0.0696868 0.0251103 -117.373 0.0700351 0.997456 -0.0132681 -1.28048 -0.0241218 0.0149903 0.999597 4.34235
0.997374 -0.068878 0.0223846 -118.314 0.0691832 0.997517 -0.0131606 -1.33314 -0.0214226 0.0146747 0.999663 4.38681
0.997481 -0.0679782 0.0202736 -119.236 0.0682375 0.997592 -0.0123847 -1.39366 -0.0193829 0.0137369 0.999718 4.4317
0.99755 -0.067282 0.0191827 -120.153 0.0675131 0.99765 -0.0116645 -1.45482 -0.0183528 0.012931 0.999748 4.47616
0.997564 -0.0663632 0.0214739 -121.072 0.066604 0.997722 -0.0106984 -1.51994 -0.020715 0.0121026 0.999712 4.52277
0.997498 -0.0660948 0.0250653 -121.978 0.0663728 0.99774 -0.0104255 -1.5756 -0.0243196 0.012063 0.999631 4.57155
0.997386 -0.0664418 0.0284 -122.888 0.0667784 0.997706 -0.0110699 -1.64247 -0.0275994 0.0129375 0.999535 4.61857
0.99738 -0.0665081 0.0284398 -123.8 0.0668742 0.997688 -0.0121177 -1.70075 -0.0275682 0.0139879 0.999522 4.65967
0.997476 -0.0660901 0.0259488 -124.708 0.0664396 0.997708 -0.0128459 -1.76034 -0.0250404 0.0145375 0.999581 4.68705
0.997591 -0.0658604 0.0217631 -125.625 0.0661632 0.997718 -0.0134953 -1.81218 -0.0208246 0.0149027 0.999672 4.7321
0.997663 -0.0659131 0.0179882 -126.518 0.0661427 0.997732 -0.0124824 -1.8758 -0.0171247 0.0136431 0.99976 4.7729
0.997698 -0.0655792 0.0172471 -127.388 0.0657674 0.997779 -0.0105787 -1.92207 -0.016515 0.0116886 0.999795 4.81871
0.997658 -0.0653834 0.0201039 -128.274 0.0655756 0.997807 -0.00905437 -1.96893 -0.0194678 0.0103515 0.999757 4.86201
0.997526 -0.0653245 0.0259793 -129.136 0.0655568 0.997815 -0.00819293 -2.03946 -0.0253873 0.00987578 0.999629 4.91615
0.997383 -0.0655514 0.0304952 -130.025 0.065823 0.997799 -0.00798955 -2.10065 -0.0299044 0.00997593 0.999503 4.94972
0.997295 -0.065358 0.0336361 -130.899 0.0656822 0.997803 -0.00862563 -2.15533 -0.0329984 0.0108116 0.999397 4.99318
0.996752 -0.0653856 0.047019 -131.759 0.0658091 0.997804 -0.00751529 -2.20827 -0.0464244 0.0105852 0.998866 5.06716
0.995486 -0.0657855 0.0684031 -132.598 0.066086 0.997812 -0.00213705 -2.26302 -0.0681129 0.0066479 0.997655 5.12433
0.994708 -0.0666091 0.0782257 -133.426 0.066768 0.997768 0.000585678 -2.29404 -0.0780901 0.00464039 0.996936 5.22164
0.995838 -0.0677276 0.0609967 -134.309 0.0679631 0.997686 -0.00179235 -2.35078 -0.0607342 0.00593041 0.998136 5.26892
0.997559 -0.0680795 0.015526 -135.231 0.0681658 0.997661 -0.00509855 -2.41222 -0.0151426 0.00614445 0.999866 5.28099
0.997163 -0.069048 -0.0299677 -136.14 0.0688209 0.997592 -0.00854435 -2.47671 0.0304855 0.00645771 0.999514 5.30979
0.99639 -0.0694223 -0.0488595 -137.032 0.069008 0.997565 -0.0101189 -2.55549 0.049443 0.00671065 0.998754 5.32264
0.997175 -0.0699888 -0.0272781 -137.913 0.0697766 0.997525 -0.00865939 -2.61892 0.0278167 0.00673155 0.99959 5.33419
0.997208 -0.0717444 0.0207211 -138.735 0.0718527 0.997405 -0.00453071 -2.67208 -0.0203423 0.00600693 0.999775 5.3561
0.995538 -0.0744068 0.0580261 -139.561 0.0747265 0.997198 -0.00335495 -2.73161 -0.0576139 0.00767607 0.998309 5.38159
0.995366 -0.0767167 0.0579757 -140.431 0.0770814 0.997016 -0.00407837 -2.77896 -0.0574899 0.00852833 0.99831 5.3987
0.996521 -0.0773046 0.0311485 -141.331 0.0774953 0.99698 -0.00496134 -2.86827 -0.0306709 0.00735794 0.999502 5.45605
0.996962 -0.0772536 0.00990196 -142.262 0.0773109 0.996992 -0.00554294 -2.93736 -0.00944396 0.00629163 0.999936 5.53448
0.996907 -0.0782727 0.0069911 -143.173 0.078304 0.99692 -0.00432207 -3.01902 -0.00663127 0.00485613 0.999966 5.56967
0.996672 -0.0795314 0.0178945 -144.043 0.0795882 0.996825 -0.00248557 -3.09564 -0.01764 0.00390149 0.999837 5.59244
0.996185 -0.0814384 0.0313585 -144.919 0.0815222 0.996671 -0.00140093 -3.15878 -0.03114 0.003952 0.999507 5.62838
0.995738 -0.0830996 0.0400033 -145.813 0.0832205 0.99653 -0.00136253 -3.22051 -0.0397513 0.00468582 0.999199 5.68184
0.995671 -0.084527 0.0386654 -146.704 0.0846719 0.996407 -0.00212352 -3.30715 -0.0383469 0.0053882 0.99925 5.71923
0.995903 -0.0854284 0.0296591 -147.613 0.0855859 0.996322 -0.00407776 -3.38886 -0.0292017 0.00659946 0.999552 5.77191
0.995991 -0.0866592 0.0221982 -148.525 0.0867955 0.996212 -0.00525251 -3.46654 -0.0216589 0.00715816 0.99974 5.8158
0.995909 -0.0880856 0.0201734 -149.439 0.0882027 0.99609 -0.00499042 -3.54636 -0.019655 0.00674935 0.999784 5.85367
0.995646 -0.0900643 0.0240296 -150.336 0.0901636 0.995922 -0.00307932 -3.62152 -0.0236543 0.00523251 0.999707 5.89003
0.995304 -0.0922517 0.0293267 -151.236 0.0923448 0.995725 -0.00183431 -3.70221 -0.0290321 0.00453386 0.999568 5.94435
0.994974 -0.0942067 0.0339421 -152.139 0.0943112 0.995542 -0.00148584 -3.77953 -0.0336508 0.00467949 0.999423 5.98948
0.994775 -0.0957746 0.0353517 -153.033 0.0959187 0.995386 -0.00239936 -3.87134 -0.0349588 0.00577771 0.999372 6.03849
0.994671 -0.0977351 0.0328151 -153.954 0.0979117 0.995188 -0.00381564 -3.9737 -0.0322842 0.00700829 0.999454 6.07098
0.994611 -0.0997404 0.0283102 -154.873 0.0998983 0.994989 -0.00421261 -4.05671 -0.0277481 0.00701804 0.99959 6.11406
0.994498 -0.101678 0.0251955 -155.796 0.101804 0.994797 -0.00379491 -4.1409 -0.0246786 0.00633905 0.999675 6.15705
0.99434 -0.103357 0.0246192 -156.723 0.103416 0.994638 -0.00111645 -4.22827 -0.0243718 0.00365614 0.999696 6.19733
0.994134 -0.105176 0.0252051 -157.634 0.105171 0.994453 0.00154627 -4.33733 -0.0252279 0.00111364 0.999681 6.2641
0.993904 -0.106487 0.0285636 -158.529 0.10647 0.994314 0.00212988 -4.4343 -0.028628 0.000924276 0.99959 6.347
0.993599 -0.107515 0.0346525 -159.443 0.107557 0.994199 0.000660149 -4.53598 -0.0345225 0.00307119 0.999399 6.38401
0.99334 -0.10864 0.0383923 -160.368 0.108739 0.99407 -0.000487959 -4.63895 -0.0381116 0.00465944 0.999263 6.39493
0.993307 -0.109592 0.0364877 -161.297 0.109697 0.993965 -0.000885703 -4.74067 -0.0361704 0.00488237 0.999334 6.43135
0.993418 -0.110242 0.031088 -162.222 0.110305 0.993898 -0.00029571 -4.83871 -0.0308657 0.00372292 0.999517 6.49509
0.993438 -0.111124 0.0270584 -163.153 0.11117 0.993801 -0.000225708 -4.94766 -0.0268656 0.00323232 0.999634 6.56576
0.993322 -0.112104 0.0272783 -164.083 0.112143 0.993692 0.000103161 -5.05014 -0.0271178 0.0029566 0.999628 6.60531
0.993102 -0.113482 0.0294998 -165.009 0.113509 0.993537 0.000781031 -5.15298 -0.0293978 0.00257285 0.999564 6.6433
0.99283 -0.115285 0.0315905 -165.944 0.115285 0.993331 0.00182699 -5.26456 -0.0315905 0.00182802 0.999499 6.67791
0.992549 -0.117663 0.031649 -166.868 0.117634 0.993053 0.00278293 -5.35723 -0.0317566 0.000960796 0.999495 6.72949
0.992315 -0.119817 0.0308986 -167.791 0.119781 0.992796 0.00301652 -5.47368 -0.0310374 0.00070773 0.999518 6.7916
0.992042 -0.121844 0.0317172 -168.739 0.121853 0.992547 0.00163349 -5.60379 -0.0316798 0.00224435 0.999496 6.85368
0.991726 -0.123179 0.0361384 -169.671 0.123193 0.992381 0.00186816 -5.72644 -0.0360932 0.00259928 0.999345 6.86832
0.991154 -0.125417 0.0434179 -170.606 0.125121 0.992096 0.00948233 -5.83391 -0.044264 -0.00396595 0.999012 6.898
0.990706 -0.127159 0.0483022 -171.529 0.126463 0.991822 0.0171969 -5.93263 -0.050094 -0.0109286 0.998685 7.01455
0.990622 -0.128547 0.0463016 -172.452 0.127926 0.991652 0.0161434 -6.04821 -0.0479903 -0.0100688 0.998797 7.13485
0.99079 -0.130881 0.0347214 -173.406 0.130623 0.991386 0.00960203 -6.16958 -0.035679 -0.00497817 0.999351 7.14515
0.990979 -0.133177 0.0149825 -174.364 0.133172 0.991092 0.00136029 -6.30188 -0.0150302 0.000647226 0.999887 7.14229
0.990862 -0.134844 -0.00310441 -175.322 0.134833 0.990862 -0.00341441 -6.44137 0.00353646 0.00296463 0.999989 7.16665
0.990747 -0.135602 -0.00570515 -176.269 0.135577 0.990757 -0.00451437 -6.58114 0.00626457 0.00369911 0.999974 7.23234
0.990582 -0.136292 0.0130895 -177.204 0.136341 0.990658 -0.00294251 -6.7182 -0.0125662 0.00469943 0.99991 7.31085
0.989572 -0.138379 0.0399815 -178.136 0.138486 0.990364 9.25497e-05 -6.85031 -0.0396091 0.00544529 0.9992 7.31798
0.988627 -0.141193 0.0517757 -179.074 0.141314 0.989964 0.001322 -6.98002 -0.0514428 0.00600969 0.998658 7.31417
0.988793 -0.14296 0.0430204 -180.017 0.143027 0.989718 0.00152778 -7.09456 -0.0427965 0.00464244 0.999073 7.36952
0.989238 -0.143919 0.0263765 -180.99 0.143976 0.989581 -0.000270263 -7.24584 -0.0260628 0.00406493 0.999652 7.47349
0.989346 -0.144839 0.0146968 -181.955 0.144883 0.989447 -0.00198405 -7.39326 -0.0142543 0.00409222 0.99989 7.52351
0.98915 -0.146357 0.0127418 -182.917 0.146397 0.989223 -0.00227401 -7.53483 -0.0122717 0.0041147 0.999916 7.53799
0.988763 -0.148424 0.017842 -183.87 0.148439 0.988921 0.000456707 -7.6712 -0.0177121 0.00219688 0.999841 7.56045
0.988367 -0.150108 0.0244502 -184.824 0.150034 0.988669 0.00486334 -7.80516 -0.0249032 -0.00113841 0.999689 7.60512
0.988109 -0.151625 0.0255171 -185.793 0.151483 0.988432 0.00740622 -7.95786 -0.0263449 -0.00345273 0.999647 7.65875
0.988027 -0.152809 0.0212715 -186.765 0.152696 0.988249 0.00686969 -8.09685 -0.0220713 -0.00353937 0.99975 7.70472
0.987835 -0.154466 0.0179601 -187.738 0.154384 0.987994 0.00583815 -8.24591 -0.0186462 -0.00299437 0.999822 7.73184
0.987537 -0.156028 0.0206446 -188.689 0.155965 0.987752 0.00463198 -8.40748 -0.0211145 -0.00135442 0.999776 7.80603
0.98686 -0.158043 0.0336194 -189.646 0.157953 0.987432 0.0053333 -8.56898 -0.0340398 4.70554e-05 0.99942 7.86119
0.98594 -0.161043 0.0445825 -190.613 0.160924 0.986947 0.00626636 -8.73032 -0.0450097 0.000996135 0.998986 7.91017
0.985577 -0.163679 0.0429804 -191.566 0.163605 0.986512 0.00527743 -8.874 -0.0432644 0.00183047 0.999062 7.93864
0.985718 -0.16588 0.029049 -192.507 0.165902 0.986141 0.00165959 -9.03171 -0.0289217 0.00318341 0.999577 8.0106
0.985704 -0.167551 0.0177175 -193.454 0.167615 0.98585 -0.00215461 -9.20105 -0.0171058 0.00509352 0.999841 8.07844
0.985415 -0.169479 0.0153093 -194.414 0.169558 0.985512 -0.00402634 -9.37423 -0.0144051 0.00656343 0.999875 8.11963
0.98494 -0.171866 0.0188376 -195.341 0.171971 0.985093 -0.00409414 -9.53653 -0.0178532 0.00727202 0.999814 8.15062
0.984368 -0.174501 0.0238749 -196.27 0.17463 0.984628 -0.00343071 -9.68402 -0.0229093 0.00754635 0.999709 8.18876
0.983861 -0.176968 0.0264654 -197.189 0.177075 0.984196 -0.00172852 -9.85174 -0.0257412 0.00638697 0.999648 8.21974
0.983508 -0.179052 0.0255348 -198.119 0.17913 0.983825 -0.000808091 -10.0312 -0.0249771 0.00536881 0.999674 8.27084
0.983338 -0.180334 0.0229541 -199.039 0.180413 0.98359 -0.00137726 -10.1976 -0.0223291 0.00549553 0.999736 8.32159
0.982914 -0.182446 0.0243505 -199.948 0.18257 0.983189 -0.00293088 -10.3656 -0.0234064 0.00732647 0.999699 8.37939
0.982319 -0.184716 0.0304818 -200.842 0.184894 0.982754 -0.00309894 -10.5471 -0.0293837 0.00868006 0.999531 8.41586
0.981702 -0.187336 0.0341435 -201.738 0.187505 0.982262 -0.00179195 -10.7079 -0.0332022 0.00816123 0.999415 8.45518
0.981469 -0.189279 0.0298686 -202.643 0.189383 0.981903 -0.000663056 -10.8726 -0.0292026 0.00630737 0.999554 8.48769
0.981328 -0.191156 0.0213195 -203.543 0.191211 0.981549 -0.000546789 -11.0481 -0.0208216 0.00461309 0.999773 8.56623
0.981007 -0.192752 0.0216987 -204.421 0.192851 0.981225 -0.00254713 -11.2376 -0.0208003 0.00668338 0.999761 8.64322
0.980003 -0.194439 0.0422809 -205.267 0.194463 0.980903 0.00358923 -11.4055 -0.0421714 0.00470461 0.999099 8.64371
0.977969 -0.197592 0.0673398 -206.148 0.196946 0.980281 0.0161685 -11.5722 -0.0692067 -0.00255002 0.997599 8.71141
0.976943 -0.200302 0.0739039 -207.009 0.199244 0.979714 0.02149 -11.7193 -0.0767092 -0.00626959 0.997034 8.836
0.97815 -0.202075 0.0488775 -207.911 0.201709 0.979368 0.0123459 -11.9035 -0.0503638 -0.00221708 0.998728 8.87071
0.978944 -0.204067 0.00495275 -208.832 0.204072 0.978956 -0.00059193 -12.1053 -0.00472773 0.00159018 0.999988 8.84182
0.977908 -0.206407 -0.0330361 -209.742 0.206205 0.978463 -0.00941823 -12.2953 0.0342686 0.00239794 0.99941 8.86289
0.977094 -0.208215 -0.0439806 -210.622 0.207833 0.978076 -0.0131446 -12.4889 0.0457532 0.00370291 0.998946 8.92455
0.977638 -0.209641 -0.0165819 -211.472 0.209521 0.977766 -0.0086926 -12.675 0.0180355 0.00502397 0.999825 8.97294
0.976789 -0.21165 0.0329795 -212.308 0.211739 0.977326 0.000813399 -12.8771 -0.0324039 0.00618853 0.999456 8.994
0.974626 -0.213867 0.066062 -213.17 0.214058 0.976812 0.0042588 -13.0589 -0.065441 0.00999035 0.997806 9.00822
0.974606 -0.216073 0.0587817 -214.072 0.216285 0.976326 0.00281009 -13.2444 -0.0579973 0.00997488 0.998267 9.00516
0.975839 -0.217012 0.0253908 -214.982 0.217103 0.976148 -0.000865714 -13.4399 -0.0245973 0.00635721 0.999677 9.06442
0.976024 -0.217662 -0.000718435 -215.886 0.217658 0.976018 -0.00368916 -13.6503 0.00150419 0.00344433 0.999993 9.16534
0.975928 -0.218095 1.20911e-05 -216.784 0.218093 0.975919 -0.00418865 -13.8611 0.000901723 0.00409046 0.999991 9.21284
0.97548 -0.219251 0.0191587 -217.672 0.219339 0.975645 -0.00257723 -14.0677 -0.0181271 0.00671629 0.999813 9.21869
