1 0 0 0 0 1 0 0 0 0 1 0
1 -4.29877e-05 1.14345e-06 -0.000500108 4.29876e-05 1 1.41813e-05 0.000458361 -1.14406e-06 -1.41812e-05 1 -0.000966449
1 -2.55418e-05 -5.43109e-05 0.0015693 2.55414e-05 1 -6.63704e-06 -0.00224708 5.43111e-05 6.63566e-06 1 -0.000744793
1 9.94939e-06 2.91131e-06 -0.00176751 -9.94944e-06 1 1.53657e-05 -0.00304127 -2.91116e-06 -1.53657e-05 1 0.00015759
1 1.2094e-05 1.43998e-05 -0.00399282 -1.20941e-05 1 9.1525e-06 0.000393383 -1.43997e-05 -9.15267e-06 1 0.000464144
1 -3.67228e-05 -1.76745e-05 -0.00224483 3.67226e-05 1 -1.3635e-05 0.000815173 1.7675e-05 1.36343e-05 1 -0.000354673
1 1.45757e-06 1.15305e-05 0.00016512 -1.45768e-06 1 9.57742e-06 -0.0038488 -1.15305e-05 -9.57743e-06 1 -0.00158295
1 6.63287e-05 7.01811e-06 0.00370128 -6.63288e-05 1 1.30706e-05 -0.00130357 -7.01725e-06 -1.3071e-05 1 -0.00141353
1 -1.689e-05 6.26315e-06 -0.00134501 1.689e-05 1 3.48833e-06 -0.00090977 -6.2632e-06 -3.48822e-06 1 -0.000706968
1 -1.99071e-05 2.25549e-06 -0.00108689 1.99071e-05 1 1.83202e-06 -0.00107251 -2.25552e-06 -1.83197e-06 1 -0.000692089
1 1.527e-05 7.71964e-06 0.000384414 -1.527e-05 1 5.8498e-07 -0.00143684 -7.71963e-06 -5.85097e-07 1 -0.000817371
1 -7.32331e-06 2.60235e-06 -0.00142963 7.32328e-06 1 1.23103e-05 -0.00443521 -2.60244e-06 -1.23103e-05 1 -0.00101917
1 -4.89985e-07 -1.15959e-05 -0.00130894 4.90047e-07 1 5.30328e-06 -0.000770031 1.15959e-05 -5.30329e-06 1 -0.000575196
1 -4.63117e-06 -1.20515e-06 -0.00173842 4.63119e-06 1 1.50536e-05 0.00118123 1.20508e-06 -1.50536e-05 1 -0.000938963
1 -6.74297e-06 4.79855e-06 -0.0028956 6.74296e-06 1 2.91669e-06 0.00292941 -4.79857e-06 -2.91666e-06 1 -0.000371293
1 -9.67123e-08 4.68597e-06 0.00130345 9.6759e-08 1 -9.97108e-06 -0.00201491 -4.68597e-06 9.97108e-06 1 -0.00104392
1 -1.96894e-05 -1.1723e-05 0.00200015 1.96894e-05 1 -2.33532e-06 -0.000992228 1.17231e-05 2.33509e-06 1 -0.00125349
1 -8.25529e-06 5.36377e-06 0.00207664 8.25521e-06 1 1.5889e-05 0.000717129 -5.3639e-06 -1.58889e-05 1 -0.000860998
1 1.20244e-05 1.35349e-05 -0.00162606 -1.20246e-05 1 1.47303e-05 0.000380755 -1.35347e-05 -1.47304e-05 1 -0.000351793
1 -1.34723e-05 -1.49673e-05 -0.000942745 1.34724e-05 1 2.84224e-06 -0.00058269 1.49672e-05 -2.84244e-06 1 -0.000286225
1 -2.48508e-05 -1.3717e-05 0.00100037 2.48508e-05 1 -6.0281e-06 0.000405577 1.37172e-05 6.02776e-06 1 -0.000594289
1 -7.00732e-06 -5.98585e-07 -0.00179184 7.00732e-06 1 1.86801e-07 -0.000301777 5.98584e-07 -1.86805e-07 1 -0.000365506
1 1.33213e-05 1.3497e-05 -0.00240162 -1.33213e-05 1 4.95097e-06 0.00163019 -1.3497e-05 -4.95115e-06 1 -0.000716692
1 -1.12822e-06 5.69842e-06 -0.00198372 1.12817e-06 1 9.37678e-06 0.000577548 -5.69843e-06 -9.37677e-06 1 -0.000580748
1 -1.06515e-05 3.4765e-06 -0.00221377 1.06515e-05 1 1.13538e-05 -0.00183796 -3.47662e-06 -1.13538e-05 1 -0.000605871
1 2.85891e-06 -1.14152e-05 -0.00118033 -2.85892e-06 1 -1.63125e-06 -0.00447431 1.14152e-05 1.63129e-06 1 -0.000182005
1 -7.80858e-06 3.23338e-06 -0.00302667 7.80859e-06 1 -3.17427e-06 0.0004431 -3.23336e-06 3.1743e-06 1 -0.000290747
1 -1.30474e-05 1.20344e-05 -0.0024174 1.30475e-05 1 -5.55549e-06 0.00329792 -1.20343e-05 5.55565e-06 1 -0.000162962
1 -4.00574e-06 -2.40851e-06 0.000442729 4.00574e-06 1 -7.56959e-07 0.00247975 2.40851e-06 7.5695e-07 1 -0.000466907
1 -1.82038e-05 2.11482e-06 -0.00281943 1.82038e-05 1 6.26e-06 0.000170782 -2.11493e-06 -6.25997e-06 1 -0.000578674
1 -3.13751e-05 -4.30397e-06 -0.00319309 3.1375e-05 1 -9.957e-06 0.00451188 4.30428e-06 9.95686e-06 1 -0.000596042
1 -2.39185e-05 -7.93311e-06 -0.00249482 2.39185e-05 1 -5.92856e-06 0.0048361 7.93325e-06 5.92837e-06 1 -0.000587791
1 -1.95811e-05 -1.9177e-05 -0.00117226 1.9581e-05 1 -3.46623e-06 0.00180812 1.91771e-05 3.46585e-06 1 -0.000329825
1 -2.06532e-05 -2.67861e-05 -0.0015037 2.06532e-05 1 -1.43043e-06 4.34167e-06 2.67861e-05 1.42987e-06 1 -0.000588547
1 -5.41468e-06 9.95056e-06 -0.00359599 5.41463e-06 1 4.33844e-06 0.00326457 -9.95059e-06 -4.33839e-06 1 -0.000871762
1 -2.4246e-05 -4.50075e-06 -0.00138827 2.42459e-05 1 -4.20582e-06 0.00514041 4.50085e-06 4.20571e-06 1 -0.000763376
1 -4.52795e-05 -1.28938e-05 -0.00364152 4.52794e-05 1 -9.83335e-06 0.00503384 1.28942e-05 9.83276e-06 1 -0.000920044
1 -2.10173e-05 -8.14437e-06 -0.00145755 2.10172e-05 1 -6.78732e-06 0.00089121 8.14451e-06 6.78715e-06 1 -0.00038581
1 -2.89202e-05 -1.10275e-05 -0.00305564 2.89202e-05 1 -4.88673e-06 0.00402221 1.10276e-05 4.88641e-06 1 -0.000424829
1 -1.96693e-05 -1.70583e-08 5.52786e-05 1.96693e-05 1 3.17644e-07 0.00412341 1.70521e-08 -3.17645e-07 1 -0.000586605
1 -2.2375e-05 -3.03851e-06 -0.000808901 2.2375e-05 1 -3.27675e-06 0.00258229 3.03858e-06 3.27668e-06 1 -0.000103437
1 -2.15773e-05 -1.45733e-05 0.00106723 2.15772e-05 1 -5.12997e-06 0.000759821 1.45735e-05 5.12965e-06 1 -0.000143471
1 -1.43755e-05 -1.04277e-05 -0.00109206 1.43755e-05 1 -3.49315e-06 0.00572779 1.04277e-05 3.493e-06 1 -0.000771558
1 -7.44401e-06 -5.1426e-06 -0.00150058 7.44396e-06 1 -9.56409e-06 0.00536918 5.14268e-06 9.56405e-06 1 -0.00044383
1 9.98977e-06 4.96322e-06 0.000853381 -9.98977e-06 1 6.95974e-07 0.00232656 -4.96321e-06 -6.96023e-07 1 -0.00118429
1 -1.68668e-05 2.0786e-06 -0.00131396 1.68668e-05 1 1.69231e-06 0.00334419 -2.07863e-06 -1.69227e-06 1 -0.00131368
1 1.14328e-05 -5.06145e-06 0.00107363 -1.14328e-05 1 2.01755e-06 -2.98593e-05 5.06147e-06 -2.01749e-06 1 -0.000698623
1 -2.09861e-05 -1.47288e-05 0.0012914 2.09862e-05 1 5.80437e-06 0.00211471 1.47286e-05 -5.80467e-06 1 -0.000277538
1 -1.09583e-05 -3.58805e-05 0.0109675 1.09581e-05 1 -5.92757e-06 0.000219134 3.58806e-05 5.92718e-06 1 0.000341539
1 2.3613e-05 -3.57974e-07 0.0214252 -2.3613e-05 1 1.15067e-05 -0.00580288 3.58245e-07 -1.15067e-05 1 -5.07652e-05
1 2.22929e-05 2.21687e-05 0.0208033 -2.2293e-05 1 5.17568e-06 -0.00494938 -2.21686e-05 -5.17618e-06 1 0.000629491
1 1.47037e-05 3.79006e-05 0.0115916 -1.47039e-05 1 5.44204e-06 -7.40822e-05 -3.79005e-05 -5.44259e-06 1 0.000951823
1 1.30408e-06 4.4816e-06 0.00310493 -1.30409e-06 1 1.90824e-06 -0.0045829 -4.48159e-06 -1.90825e-06 1 0.000776975
1 2.70476e-05 1.41612e-05 -0.00382364 -2.70479e-05 1 2.71238e-05 -0.00934192 -1.41605e-05 -2.71242e-05 1 -6.55122e-06
1 -4.37779e-05 6.25425e-05 -0.0164027 4.3777e-05 1 1.49631e-05 -0.0114582 -6.25432e-05 -1.49604e-05 1 0.0006345
1 -0.000183095 0.000124197 -0.0362161 0.000183098 1 -2.48408e-05 -0.0147058 -0.000124192 2.48636e-05 1 0.00266294
1 -0.000238347 0.000225986 -0.0726645 0.000238347 1 -7.5952e-07 -0.0168405 -0.000225986 8.13383e-07 1 0.00338159
1 -0.000280768 0.00029537 -0.119718 0.000280767 1 4.84087e-06 -0.0143028 -0.000295371 -4.75794e-06 1 0.00166463
0.999999 -0.00119993 0.000296782 -0.21634 0.00119993 0.999999 1.56562e-07 -0.00919819 -0.000296782 1.99554e-07 1 0.00226878
0.999999 -0.00152543 0.00041439 -0.301494 0.00152542 0.999999 2.58068e-05 -0.00113468 -0.000414429 -2.51746e-05 1 0.00266537
0.999999 -0.00125072 0.000567449 -0.37926 0.00125071 0.999999 1.12907e-05 0.00159479 -0.000567463 -1.0581e-05 1 0.00468199
1 -0.000343887 0.000496973 -0.467659 0.00034389 1 -4.94747e-06 -0.00502329 -0.000496971 5.11837e-06 1 0.00495584
1 -0.000185058 0.000633288 -0.579718 0.000185041 1 2.68439e-05 -0.0103982 -0.000633293 -2.67267e-05 1 0.00665145
1 -0.000624381 0.000764364 -0.703095 0.000624371 1 1.32601e-05 -0.0159933 -0.000764373 -1.27829e-05 1 0.00728089
1 -0.000378509 0.000759878 -0.84023 0.000378527 1 -2.33305e-05 -0.0283655 -0.000759869 2.36181e-05 1 0.00560379
1 -0.000438117 0.000711435 -0.979123 0.000438228 1 -0.000155069 -0.036175 -0.000711367 0.000155381 1 0.00605809
1 -0.000246042 0.000729719 -1.1433 0.000246277 1 -0.000322026 -0.0411322 -0.00072964 0.000322205 1 0.0119123
1 -0.000554094 0.000751843 -1.32137 0.000554482 1 -0.000516151 -0.0365827 -0.000751557 0.000516568 1 0.0158191
0.999999 -0.000754919 0.000844229 -1.53079 0.000755492 0.999999 -0.000678616 -0.0472399 -0.000843717 0.000679253 0.999999 0.0157922
0.999999 -0.000783513 0.000969076 -1.69777 0.000784253 0.999999 -0.000763592 -0.0505016 -0.000968477 0.000764351 0.999999 0.0154719
0.999999 -0.000311025 0.000964663 -1.92715 0.000312178 0.999999 -0.00119506 -0.0397323 -0.000964291 0.00119536 0.999999 0.0281887
0.999999 0.000407726 0.00105988 -2.14777 -0.000406216 0.999999 -0.00142466 -0.0505663 -0.00106046 0.00142423 0.999998 0.0327772
1 7.90092e-05 0.000924808 -2.40237 -7.74698e-05 0.999999 -0.00166451 -0.0592752 -0.000924938 0.00166444 0.999998 0.0374026
0.999999 -0.000305893 0.000986455 -2.66603 0.000307513 0.999999 -0.00164198 -0.038873 -0.000985951 0.00164228 0.999998 0.0382854
0.999998 -0.000354974 0.00170839 -2.91687 0.000357751 0.999999 -0.00162533 -0.0400681 -0.00170781 0.00162594 0.999997 0.0484798
0.999994 -0.000368751 0.00356877 -3.18646 0.000373093 0.999999 -0.00121603 -0.0318609 -0.00356832 0.00121735 0.999993 0.0527533
0.999937 -0.000585075 0.0111926 -3.494 0.00058979 1 -0.000417973 -0.0230507 -0.0111924 0.000424548 0.999937 0.0643096
0.999843 -0.000654456 0.0177053 -3.7849 0.000619949 0.999998 0.0019544 -0.00290115 -0.0177066 -0.00194311 0.999841 0.0618703
0.999794 0.000884361 0.0202877 -4.05955 -0.000961275 0.999992 0.00378171 0.000481416 -0.0202842 -0.00380044 0.999787 0.0760077
0.999767 0.00135432 0.0215465 -4.40072 -0.00150565 0.999974 0.00700861 0.00611471 -0.0215365 -0.00703942 0.999743 0.0899867
0.999775 0.00110644 0.021195 -4.76554 -0.00136332 0.999926 0.0121093 0.00627873 -0.0211801 -0.0121355 0.999702 0.102219
0.999812 0.00153796 0.0193089 -5.10943 -0.00181164 0.999898 0.0141645 0.0013108 -0.0192851 -0.0141968 0.999713 0.125254
0.999833 0.00187617 0.0181957 -5.47495 -0.00211285 0.999913 0.0129968 0.016349 -0.0181698 -0.0130331 0.99975 0.141057
0.999895 0.00230138 0.0142917 -5.86173 -0.00243967 0.99995 0.00966687 0.00597 -0.0142688 -0.00970073 0.999851 0.1427
0.999984 0.00347962 0.00435001 -6.27039 -0.00350163 0.999981 0.00506301 0.0076483 -0.00433231 -0.00507816 0.999978 0.132701
0.99994 0.00318126 -0.0104768 -6.66835 -0.00315485 0.999992 0.00253614 0.00245445 0.0104847 -0.00250293 0.999942 0.106165
0.999728 0.00265474 -0.0231827 -7.08951 -0.00257788 0.999991 0.00334469 0.00610113 0.0231914 -0.00328402 0.999726 0.0857598
0.999592 0.00245014 -0.0284533 -7.53917 -0.00221696 0.999964 0.00822364 0.0392496 0.0284724 -0.0081572 0.999561 0.106096
0.999626 0.00249824 -0.0272268 -7.96291 -0.00213874 0.99991 0.013225 0.024503 0.0272574 -0.0131618 0.999542 0.142196
0.999687 0.00300588 -0.0248242 -8.39419 -0.00268033 0.99991 0.013137 0.0258757 0.0248615 -0.0130664 0.999606 0.190722
0.999786 0.00323257 -0.0204325 -8.86842 -0.00309436 0.999972 0.00679236 0.023393 0.0204539 -0.00672768 0.999768 0.196962
0.999896 0.00404891 -0.013811 -9.31237 -0.00407461 0.99999 -0.00183314 0.0154395 0.0138034 0.00188923 0.999903 0.153132
0.999978 0.0049258 -0.00444331 -9.80028 -0.00495261 0.999969 -0.00604409 0.0270472 0.0044134 0.00606596 0.999972 0.110447
0.999987 0.00512917 0.000656543 -10.2987 -0.00512613 0.999977 -0.00454863 0.0145005 -0.000679858 0.0045452 0.999989 0.0967676
0.999989 0.00471555 -0.000568059 -10.7889 -0.00471626 0.999988 -0.00125234 0.0325136 0.000562147 0.00125501 0.999999 0.126265
0.999978 0.00530436 -0.00406106 -11.2967 -0.00530513 0.999986 -0.000177948 0.0540111 0.00406006 0.000199489 0.999992 0.164332
0.999961 0.00685221 -0.00559178 -11.8363 -0.00685759 0.999976 -0.000942285 0.0381914 0.00558519 0.000980595 0.999984 0.170372
0.99996 0.00782376 -0.00432901 -12.3722 -0.00783594 0.999965 -0.00280241 0.023904 0.00430693 0.00283622 0.999987 0.162158
0.999965 0.00798688 -0.0023735 -12.9176 -0.00799524 0.999962 -0.00353057 0.0241415 0.00234521 0.00354942 0.999991 0.161902
0.999963 0.00842307 -0.00171562 -13.4589 -0.0084276 0.999961 -0.00264719 0.0409455 0.00169325 0.00266155 0.999995 0.162637
0.99996 0.00864671 -0.00210903 -13.9997 -0.00865073 0.999961 -0.00190452 0.0625647 0.00209248 0.00192269 0.999996 0.181064
0.999949 0.00957492 -0.00314291 -14.5745 -0.00958154 0.999952 -0.00209909 0.0704817 0.00312266 0.0021291 0.999993 0.196683
0.999941 0.0102294 -0.00367957 -15.154 -0.0102374 0.999945 -0.00217191 0.0663308 0.00365715 0.00220945 0.999991 0.188594
0.999928 0.0110988 -0.00466375 -15.7255 -0.0110988 0.999938 1.53182e-05 0.0774391 0.00466364 3.64451e-05 0.999989 0.184921
0.999904 0.0120988 -0.00671572 -16.2832 -0.0120641 0.999914 0.00518216 0.0914324 0.00677784 -0.00510064 0.999964 0.212818
0.99987 0.013296 -0.00909648 -16.8613 -0.0132344 0.999889 0.00680353 0.112224 0.00918593 -0.00668226 0.999935 0.24412
0.99985 0.0139382 -0.0103031 -17.457 -0.0138898 0.999892 0.00474971 0.12819 0.0103682 -0.00460589 0.999936 0.256394
0.99984 0.0150578 -0.00967039 -18.0434 -0.0150526 0.999887 0.00061789 0.117552 0.00967859 -0.000472227 0.999953 0.267304
0.999844 0.0161194 -0.00725449 -18.6186 -0.0161441 0.999864 -0.00335118 0.126153 0.00719949 0.00346777 0.999968 0.249184
0.999846 0.016731 -0.0053108 -19.21 -0.0167472 0.999855 -0.00303663 0.141206 0.00525923 0.0031251 0.999981 0.224724
0.999836 0.0171943 -0.00571821 -19.8132 -0.0171839 0.999851 0.00185444 0.169275 0.00574924 -0.00175587 0.999982 0.249533
0.999787 0.0189423 -0.00820312 -20.4038 -0.0188884 0.9998 0.00659237 0.199489 0.00832636 -0.00643603 0.999945 0.278706
0.99974 0.0207941 -0.00930647 -20.9899 -0.0207364 0.999765 0.0062503 0.211794 0.00943425 -0.00605569 0.999937 0.306258
0.999711 0.0225793 -0.00828788 -21.5827 -0.0225622 0.999743 0.00214369 0.213796 0.00833415 -0.00195608 0.999963 0.318614
0.999697 0.0238129 -0.00621971 -22.1956 -0.023825 0.999714 -0.00189027 0.220401 0.00617292 0.00203788 0.999979 0.3148
0.999685 0.024888 -0.00317086 -22.7848 -0.0249032 0.999678 -0.00484748 0.238879 0.00304919 0.00492492 0.999983 0.30023
0.999681 0.0252652 -3.04003e-05 -23.3713 -0.025265 0.999671 -0.00445039 0.262315 -8.20494e-05 0.00444974 0.99999 0.304694
0.999655 0.0262625 0.000425466 -23.958 -0.0262613 0.999651 -0.00274604 0.276065 -0.000497436 0.00273392 0.999996 0.33026
0.999605 0.0280522 -0.00188068 -24.5626 -0.028057 0.999603 -0.00258882 0.297339 0.00180731 0.00264056 0.999995 0.360418
0.999538 0.0299217 -0.00542948 -25.1645 -0.0299428 0.999544 -0.00385126 0.305856 0.00531177 0.00401205 0.999978 0.360698
0.999454 0.0314042 -0.0103044 -25.7464 -0.0314667 0.999487 -0.00595613 0.328652 0.0101121 0.00627712 0.999929 0.360605
0.999323 0.0338973 -0.0143318 -26.3559 -0.0339986 0.999398 -0.00688879 0.360333 0.0140897 0.00737139 0.999874 0.362782
0.999234 0.035866 -0.0156813 -26.9395 -0.035968 0.999333 -0.00626853 0.381671 0.015446 0.00682775 0.999857 0.374799
0.999197 0.0374399 -0.0142969 -27.5361 -0.0375241 0.99928 -0.00566603 0.400694 0.0140745 0.00619796 0.999882 0.395144
0.999165 0.0394164 -0.0107894 -28.1155 -0.0394853 0.999201 -0.00624877 0.429279 0.0105344 0.00666957 0.999922 0.409131
0.999142 0.0410192 -0.00571987 -28.6881 -0.0410595 0.999131 -0.00713326 0.455388 0.0054223 0.00736199 0.999958 0.415594
0.999105 0.0422838 -0.00133028 -29.2591 -0.0422935 0.99907 -0.00840586 0.485322 0.000973615 0.0084546 0.999964 0.42617
0.999026 0.0441032 0.00169882 -29.8342 -0.0440858 0.998986 -0.00916514 0.515546 -0.0021013 0.00908132 0.999957 0.429567
0.998943 0.0459351 0.00187176 -30.4293 -0.045916 0.998903 -0.00924714 0.538823 -0.00229448 0.00915142 0.999955 0.439134
0.998851 0.0479247 -0.000647451 -31.0119 -0.0479286 0.99881 -0.00905469 0.557395 0.000212738 0.00907532 0.999959 0.447852
0.99875 0.0498369 -0.00374464 -31.5947 -0.0498693 0.998714 -0.00910134 0.593256 0.00328624 0.00927671 0.999952 0.46219
0.998645 0.0517112 -0.00591007 -32.1712 -0.0517662 0.998613 -0.0095613 0.625788 0.00540745 0.00985428 0.999937 0.470704
0.998536 0.0535547 -0.00766323 -32.7525 -0.0536261 0.998516 -0.00943954 0.667927 0.00714633 0.00983667 0.999926 0.478419
0.99842 0.0555148 -0.00868366 -33.3225 -0.0555848 0.998422 -0.00803743 0.702285 0.00822375 0.00850741 0.99993 0.48275
0.99832 0.057132 -0.0096054 -33.8819 -0.0571933 0.998344 -0.00622728 0.742438 0.00923372 0.00676619 0.999934 0.487186
0.998198 0.0591421 -0.0101458 -34.4443 -0.0591922 0.998236 -0.00470704 0.778307 0.00984953 0.00529911 0.999937 0.510306
0.998078 0.0612762 -0.00924032 -35.0172 -0.0613254 0.998105 -0.00514099 0.823652 0.00890779 0.00569778 0.999944 0.537415
0.997988 0.0630312 -0.0068368 -35.5848 -0.0630812 0.997981 -0.00735702 0.845472 0.00635928 0.00777349 0.99995 0.539953
0.997898 0.0647596 -0.00249296 -36.1396 -0.064783 0.99784 -0.0108599 0.877076 0.00178429 0.0109986 0.999938 0.546298
0.997809 0.0660966 0.00274569 -36.6923 -0.0660592 0.997744 -0.0119895 0.920669 -0.00353196 0.0117818 0.999924 0.538963
0.997723 0.0671741 0.00610773 -37.2675 -0.0671139 0.997699 -0.00957047 0.962689 -0.00673656 0.00913876 0.999936 0.549674
0.997612 0.0689361 0.00424704 -37.8191 -0.0689146 0.99761 -0.00503476 1.02233 -0.00458396 0.00473006 0.999978 0.575586
0.997437 0.071542 0.000811052 -38.3767 -0.0715388 0.997432 -0.00339365 1.06564 -0.00105176 0.00332694 0.999994 0.626375
0.997259 0.07399 -0.000349357 -38.9315 -0.0739908 0.99724 -0.00614375 1.10473 -0.000106183 0.00615275 0.999981 0.64218
0.99708 0.0763554 0.000745842 -39.484 -0.0763459 0.997042 -0.00880831 1.14278 -0.0014162 0.00872565 0.999961 0.618969
0.996904 0.0785831 0.00268647 -40.0465 -0.0785572 0.996872 -0.0086728 1.19803 -0.0033596 0.00843491 0.999959 0.621401
0.996724 0.0806378 0.00615134 -40.6041 -0.0805916 0.99672 -0.00742614 1.24142 -0.00672998 0.00690607 0.999954 0.650356
0.996523 0.0827541 0.00971172 -41.1536 -0.0826872 0.99655 -0.00709402 1.29359 -0.0102653 0.00626632 0.999928 0.683304
0.996305 0.0852421 0.0104599 -41.7136 -0.0851546 0.996331 -0.00854337 1.33587 -0.0111498 0.0076211 0.999909 0.711044
0.996137 0.0873574 0.00889678 -42.2749 -0.0872738 0.99614 -0.00938679 1.37882 -0.00968245 0.00857408 0.999916 0.69761
0.995987 0.0893779 0.00471346 -42.8569 -0.089342 0.995974 -0.00734634 1.44797 -0.00535109 0.00689575 0.999962 0.687728
0.995805 0.0914599 -0.00261345 -43.4162 -0.0914695 0.9958 -0.00383493 1.51048 0.00225174 0.00405789 0.999989 0.721418
0.995546 0.0938868 -0.00857614 -43.9783 -0.0939111 0.995578 -0.0024695 1.56061 0.00830636 0.00326389 0.99996 0.753273
0.995277 0.0962731 -0.0124659 -44.5496 -0.0963346 0.995339 -0.00443083 1.62006 0.0119813 0.00561081 0.999912 0.76307
0.995031 0.0986688 -0.0133065 -45.1247 -0.0987596 0.995091 -0.00634644 1.68442 0.012615 0.00762906 0.999891 0.739441
0.994882 0.100481 -0.0106857 -45.7003 -0.100541 0.994919 -0.00522343 1.74356 0.0101066 0.00627105 0.999929 0.733155
0.994767 0.102011 -0.0057425 -46.2628 -0.102026 0.994779 -0.00225686 1.80243 0.0054823 0.00283093 0.999981 0.760089
0.994663 0.103141 -0.00262722 -46.833 -0.103143 0.994666 -0.000782888 1.86462 0.00253246 0.00104969 0.999996 0.797237
0.994524 0.104481 -0.00232437 -47.4203 -0.104484 0.994526 -0.00135595 1.93517 0.00216997 0.00159139 0.999996 0.80672
0.994356 0.106041 -0.00328322 -47.9948 -0.106051 0.994356 -0.00306801 2.0074 0.00293935 0.00339889 0.99999 0.803366
0.994214 0.10732 -0.00453641 -48.5702 -0.10734 0.994212 -0.00453457 2.05931 0.00402351 0.00499527 0.999979 0.807799
0.994093 0.108427 -0.00476732 -49.1513 -0.108453 0.994086 -0.00562232 2.12043 0.00412952 0.00610614 0.999973 0.820107
0.993978 0.109491 -0.00439923 -49.7451 -0.109513 0.993973 -0.00503343 2.1892 0.0038216 0.00548489 0.999978 0.823102
0.993826 0.110822 -0.00535179 -50.3437 -0.110842 0.993832 -0.00351083 2.26742 0.0049297 0.00408236 0.99998 0.837319
0.993637 0.112424 -0.00678751 -50.9345 -0.112443 0.993655 -0.00244961 2.3333 0.00646905 0.00319723 0.999974 0.846127
0.99346 0.113986 -0.0067226 -51.5227 -0.114001 0.993479 -0.00185301 2.40536 0.00646754 0.00260727 0.999976 0.843969
0.993288 0.115474 -0.00663749 -52.1244 -0.115484 0.993308 -0.00127852 2.48523 0.00644544 0.00203646 0.999977 0.851232
0.993127 0.116875 -0.00618443 -52.7392 -0.116882 0.993145 -0.000813795 2.56006 0.00604693 0.00153105 0.999981 0.868874
0.992961 0.11835 -0.00458442 -53.3355 -0.118355 0.992971 -0.000737825 2.63255 0.00446487 0.00127522 0.999989 0.889329
0.992785 0.119873 -0.00287743 -53.938 -0.119876 0.992789 -0.000648081 2.70503 0.002779 0.000988338 0.999996 0.893036
0.992635 0.121107 -0.00282607 -54.5505 -0.121108 0.992639 -1.12296e-07 2.78424 0.00280526 0.000342371 0.999996 0.900705
0.992515 0.122058 -0.00384948 -55.1877 -0.122056 0.992523 0.000777589 2.87374 0.00391561 -0.000301916 0.999992 0.911129
0.992353 0.123298 -0.00574692 -55.7977 -0.12329 0.992369 0.00158267 2.96186 0.00589821 -0.000862028 0.999982 0.92756
0.992139 0.124952 -0.00685518 -56.4054 -0.124946 0.992163 0.00131398 3.03234 0.00696564 -0.000447125 0.999976 0.946021
0.992018 0.125976 -0.00546502 -57.0558 -0.125974 0.992033 0.000682132 3.11244 0.00550741 1.17638e-05 0.999985 0.947178
0.992078 0.125548 -0.00443553 -57.707 -0.125544 0.992087 0.00120397 3.19466 0.00455159 -0.000637576 0.999989 0.95341
0.992204 0.124525 -0.00492439 -58.3299 -0.124522 0.992216 0.000937058 3.27203 0.00500275 -0.000316558 0.999987 0.970819
0.992305 0.123693 -0.00555611 -58.9768 -0.123695 0.99232 7.46063e-05 3.36207 0.00552267 0.00061323 0.999985 0.972913
0.99232 0.123544 -0.00614583 -59.6321 -0.123548 0.992339 -0.000248837 3.43389 0.006068 0.00100623 0.999981 0.971815
0.99233 0.123491 -0.00561854 -60.27 -0.123495 0.992345 -0.000436985 3.51246 0.00552157 0.00112749 0.999984 0.99305
0.992383 0.123151 -0.00327789 -60.9065 -0.123157 0.992386 -0.0016591 3.58727 0.00304861 0.00205016 0.999993 1.02844
0.99247 0.122483 -0.000714835 -61.5767 -0.122485 0.992467 -0.002504 3.67332 0.000402752 0.0025727 0.999997 1.02701
0.992503 0.122218 -4.84711e-05 -62.2518 -0.122218 0.992501 -0.00213881 3.7579 -0.000213294 0.0021287 0.999998 1.01047
0.992513 0.122129 -0.0013725 -62.9203 -0.122131 0.992513 -0.0012748 3.84721 0.00120653 0.00143288 0.999998 1.01771
0.992552 0.121808 -0.0019722 -63.5927 -0.121808 0.992554 -0.000309476 3.92637 0.00191982 0.000547403 0.999998 1.04271
0.992577 0.121607 -0.00178614 -64.2689 -0.121609 0.992577 -0.00127643 4.0178 0.00161766 0.00148417 0.999998 1.08414
0.992596 0.121465 -0.000247968 -64.9646 -0.121466 0.992591 -0.00315093 4.08753 -0.000136598 0.00315772 0.999995 1.08144
0.992626 0.121217 0.000563578 -65.6664 -0.121214 0.992619 -0.00384653 4.16038 -0.00102569 0.00374985 0.999992 1.06521
0.992658 0.120952 -0.00118881 -66.3477 -0.120956 0.992652 -0.00338515 4.25177 0.000770636 0.00350409 0.999994 1.0797
0.992723 0.120362 -0.00374172 -67.0451 -0.120373 0.992724 -0.00300794 4.35002 0.00335245 0.00343645 0.999988 1.1188
0.992721 0.120357 -0.00436138 -67.7411 -0.120371 0.992724 -0.00304378 4.43642 0.00396331 0.00354661 0.999986 1.14011
0.992643 0.121045 -0.00297691 -68.4527 -0.121057 0.992637 -0.00420805 4.52247 0.00244563 0.00453746 0.999987 1.15987
0.99262 0.121265 4.08121e-05 -69.1677 -0.121264 0.992607 -0.00520803 4.59737 -0.000672065 0.00516465 0.999986 1.15847
0.992625 0.121216 0.0013938 -69.8709 -0.121208 0.992615 -0.00499538 4.69289 -0.00198903 0.0047896 0.999987 1.16286
0.992621 0.121254 0.000554181 -70.5822 -0.121251 0.992614 -0.00390346 4.78888 -0.0010234 0.00380747 0.999992 1.17595
0.992598 0.121443 -0.00081228 -71.3132 -0.121445 0.992591 -0.00383869 4.87097 0.00034008 0.00390892 0.999992 1.20766
0.992604 0.121393 -0.000664528 -72.0384 -0.121394 0.992596 -0.00403526 4.97027 0.000169757 0.00408609 0.999992 1.21854
0.992563 0.121726 0.00135938 -72.754 -0.121721 0.992559 -0.00334051 5.06145 -0.00175589 0.0031502 0.999993 1.2219
0.992555 0.121762 0.00295303 -73.4922 -0.121758 0.992559 -0.00139262 5.16298 -0.00310063 0.00102269 0.999995 1.24215
0.992602 0.121403 0.00147439 -74.2325 -0.121404 0.992603 0.000692531 5.25768 -0.00137941 -0.000866405 0.999999 1.28621
0.992647 0.121035 -0.00144475 -74.9671 -0.121033 0.992647 0.00179233 5.34656 0.00165106 -0.00160429 0.999997 1.3184
0.992692 0.120651 -0.00235331 -75.7152 -0.120646 0.992693 0.00217938 5.4243 0.00259906 -0.00187954 0.999995 1.31247
0.992837 0.119465 -0.00153234 -76.4653 -0.119461 0.992836 0.00252999 5.52119 0.00182361 -0.00232882 0.999996 1.32137
0.993051 0.117685 -0.000180442 -77.2135 -0.117685 0.993047 0.00269027 5.61527 0.000495793 -0.00265034 0.999996 1.3459
0.993221 0.116236 0.00102516 -77.9722 -0.116238 0.993218 0.00261356 5.70655 -0.00071442 -0.002715 0.999996 1.36527
0.993333 0.11527 0.00148594 -78.7273 -0.115273 0.993332 0.00201507 5.79687 -0.00124376 -0.00217292 0.999997 1.37519
0.993445 0.114302 0.00174171 -79.4761 -0.114305 0.993444 0.00177119 5.87605 -0.00152784 -0.00195867 0.999997 1.38071
0.993581 0.113121 0.000579468 -80.2368 -0.113122 0.993579 0.00192407 5.96501 -0.000358095 -0.00197727 0.999998 1.40813
0.993757 0.111554 -0.0013257 -81.0145 -0.111552 0.993757 0.00195805 6.04503 0.00153585 -0.00179795 0.999997 1.41823
0.993925 0.110023 -0.00296358 -81.7931 -0.110019 0.993928 0.00152538 6.13282 0.00311342 -0.00119006 0.999994 1.42319
0.994048 0.108891 -0.00337249 -82.5607 -0.108885 0.994053 0.00191545 6.2273 0.003561 -0.00153683 0.999992 1.42967
0.994153 0.107923 -0.00357859 -83.3118 -0.107913 0.994156 0.00289782 6.30924 0.00387042 -0.0024947 0.999989 1.44462
0.994279 0.106734 -0.00411129 -84.0764 -0.106721 0.994283 0.00337506 6.38659 0.00444802 -0.002917 0.999986 1.47489
0.994385 0.10574 -0.00427019 -84.8444 -0.10573 0.994392 0.00241284 6.4682 0.00450138 -0.00194781 0.999988 1.4854
0.994526 0.104432 -0.00333683 -85.613 -0.104428 0.994531 0.00153756 6.54906 0.00347915 -0.00118068 0.999993 1.48033
0.994676 0.103016 -0.00266312 -86.3752 -0.103012 0.994679 0.0016069 6.62937 0.00281449 -0.00132401 0.999995 1.48738
0.994796 0.101849 -0.0027504 -87.146 -0.101843 0.994797 0.00250715 6.71062 0.00299144 -0.002214 0.999993 1.51468
0.994894 0.100848 -0.00392806 -87.9174 -0.100835 0.994898 0.0033577 6.79588 0.00424664 -0.00294447 0.999987 1.54408
0.994964 0.100113 -0.00500175 -88.6818 -0.100096 0.994972 0.00344421 6.86873 0.00532141 -0.0029262 0.999982 1.55318
0.995093 0.0988741 -0.00384477 -89.4388 -0.098864 0.995097 0.00274144 6.94596 0.00409698 -0.00234787 0.999989 1.55712
0.995227 0.0975773 -0.00122266 -90.1955 -0.0975741 0.995225 0.00246732 7.01654 0.00145758 -0.00233624 0.999996 1.57511
0.995308 0.0967511 0.00076553 -90.9464 -0.0967528 0.995305 0.00273078 7.08902 -0.00049773 -0.00279203 0.999996 1.60289
0.995282 0.0970217 0.000837694 -91.6864 -0.0970235 0.995279 0.00246266 7.15533 -0.000594808 -0.00253232 0.999997 1.63073
0.995193 0.0979345 -0.000425665 -92.4266 -0.0979339 0.995192 0.00119108 7.23494 0.000540266 -0.00114367 0.999999 1.64881
0.995136 0.0984854 -0.00241518 -93.1911 -0.0984868 0.995138 -0.000443783 7.30316 0.00235973 0.000679487 0.999997 1.66693
0.995093 0.0988579 -0.0040782 -93.9434 -0.0988629 0.995101 -0.00103 7.37894 0.00395639 0.00142813 0.999991 1.67919
0.995047 0.0992943 -0.00475164 -94.6776 -0.0993012 0.995057 -0.00124659 7.4492 0.00460438 0.00171226 0.999988 1.70066
0.995034 0.0994441 -0.00434484 -95.4133 -0.0994504 0.995042 -0.0012704 7.5204 0.00419697 0.00169619 0.99999 1.71659
0.994969 0.1001 -0.00411065 -96.1268 -0.100109 0.994975 -0.0019339 7.5913 0.0038964 0.00233568 0.99999 1.73614
0.994905 0.100751 -0.00372108 -96.8529 -0.100764 0.994905 -0.00323612 7.66492 0.00337608 0.00359458 0.999988 1.74917
0.994892 0.100897 -0.00302877 -97.5833 -0.100909 0.994887 -0.00408431 7.73562 0.00260118 0.00436908 0.999987 1.76138
0.994866 0.101177 -0.00210465 -98.3248 -0.101185 0.994857 -0.00456254 7.80858 0.00163221 0.00475207 0.999987 1.78016
0.994863 0.101219 -0.00139921 -99.0446 -0.101224 0.994853 -0.00458012 7.89001 0.000928412 0.00469822 0.999989 1.80249
0.994832 0.101525 -0.00128843 -99.7587 -0.10153 0.994819 -0.0051122 7.96848 0.00076274 0.00521659 0.999986 1.83906
0.994788 0.101963 -0.000263752 -100.465 -0.101962 0.994759 -0.00759663 8.03061 -0.000512208 0.00758393 0.999971 1.84329
0.994795 0.101898 -0.000617013 -101.181 -0.101899 0.994751 -0.00933934 8.10267 -0.000337887 0.00935359 0.999956 1.85002
0.994788 0.101947 -0.00179363 -101.887 -0.101961 0.994709 -0.0125683 8.17882 0.00050284 0.0126856 0.999919 1.88533
0.99474 0.102288 0.00550951 -102.58 -0.102199 0.994658 -0.0145388 8.24031 -0.00696722 0.0138992 0.999879 1.90907
0.994577 0.102183 0.0193712 -103.274 -0.101963 0.994715 -0.0120399 8.3082 -0.0204991 0.00999946 0.99974 1.92857
0.99441 0.101507 0.0290568 -103.967 -0.101389 0.994831 -0.00553795 8.39807 -0.0294687 0.00256097 0.999562 1.93855
0.994475 0.101556 0.0265768 -104.658 -0.101583 0.994827 -0.000318252 8.4923 -0.0264716 -0.00238326 0.999647 1.9916
0.994753 0.101779 0.0103813 -105.381 -0.101782 0.994807 -0.000241072 8.56071 -0.0103519 -0.000816828 0.999946 2.02612
0.994699 0.101855 -0.0141111 -106.099 -0.1019 0.994791 -0.00251981 8.61887 0.0137809 0.00394437 0.999897 1.98897
0.994092 0.101623 -0.038141 -106.829 -0.101742 0.99481 -0.00117797 8.68713 0.0378233 0.00505154 0.999272 1.94528
0.993717 0.101454 -0.0472541 -107.523 -0.101443 0.994838 0.00263411 8.77214 0.0472774 0.00217604 0.998879 1.98502
0.994286 0.101616 -0.0327123 -108.204 -0.101559 0.994824 0.00340829 8.8467 0.0328893 -6.66027e-05 0.999459 2.06439
0.994812 0.101671 -0.00355636 -108.872 -0.101675 0.994817 -0.000833458 8.90884 0.00345319 0.00119072 0.999993 2.09668
0.994619 0.101147 0.0224297 -109.55 -0.101015 0.994861 -0.00693417 8.97347 -0.0230158 0.00463112 0.999724 2.05867
0.994465 0.100813 0.0296096 -110.226 -0.100592 0.994888 -0.0088689 9.05717 -0.0303523 0.00584132 0.999522 2.01285
0.994766 0.100903 0.0161137 -110.936 -0.100847 0.994893 -0.00426884 9.11964 -0.0164622 0.00262148 0.999861 2.0329
0.994877 0.101052 -0.0027364 -111.657 -0.101053 0.994881 -3.69116e-05 9.19458 0.00271867 0.000313244 0.999996 2.11147
0.994754 0.101621 -0.0117735 -112.364 -0.101613 0.994823 0.00126798 9.27202 0.0118414 -6.49878e-05 0.99993 2.1468
0.994741 0.101769 -0.0115552 -113.064 -0.101753 0.994808 0.00199817 9.34955 0.0116985 -0.000811882 0.999931 2.1333
0.994786 0.101654 -0.00815866 -113.761 -0.101654 0.99482 0.000495276 9.42536 0.00816674 0.000336663 0.999967 2.15413
0.99479 0.101898 -0.00310199 -114.453 -0.101907 0.994789 -0.00310416 9.48785 0.00276951 0.00340411 0.99999 2.1779
0.994821 0.101597 0.00288767 -115.162 -0.101584 0.994818 -0.00432985 9.55039 -0.00331261 0.00401408 0.999986 2.15447
0.994905 0.100679 0.00531221 -115.882 -0.100675 0.994919 -0.00101056 9.64168 -0.00538696 0.000470605 0.999985 2.1561
0.994893 0.100925 0.00141747 -116.577 -0.10093 0.994887 0.00370033 9.72542 -0.00103677 -0.00382449 0.999992 2.18024
0.994777 0.101943 -0.00514364 -117.3 -0.101913 0.994776 0.00582245 9.80203 0.00571032 -0.00526784 0.99997 2.24604
0.994706 0.10256 -0.00647976 -118.028 -0.102537 0.994722 0.00373337 9.86652 0.00682845 -0.00304919 0.999972 2.25173
0.994756 0.102276 0.000735753 -118.739 -0.102277 0.994755 0.00153078 9.93223 -0.000575331 -0.001598 0.999999 2.22868
0.994785 0.101537 0.0096472 -119.446 -0.101576 0.994821 0.00358307 10.0087 -0.00923343 -0.00454431 0.999947 2.23069
0.994797 0.101024 0.0131607 -120.153 -0.10111 0.994857 0.00604284 10.1009 -0.0124825 -0.00734207 0.999895 2.2889
0.994835 0.101003 0.0100418 -120.876 -0.101069 0.994859 0.00633986 10.1804 -0.00934988 -0.00732204 0.999929 2.32535
0.9949 0.100803 0.00370969 -121.627 -0.100823 0.994887 0.00582377 10.2545 -0.00310367 -0.00616809 0.999976 2.32652
0.994911 0.100754 -0.000880412 -122.365 -0.100747 0.994894 0.00604754 10.3168 0.00148523 -0.00592807 0.999981 2.32184
0.994974 0.100117 -0.00157987 -123.095 -0.100106 0.994959 0.00597591 10.3988 0.0021702 -0.00578772 0.999981 2.34975
0.99503 0.0995705 0.000414478 -123.835 -0.0995714 0.995021 0.00442884 10.4714 2.85672e-05 -0.0044481 0.99999 2.3844
0.99508 0.0990219 0.00324553 -124.578 -0.0990291 0.995082 0.00214421 10.5319 -0.00301724 -0.00245506 0.999992 2.38921
0.995198 0.0977747 0.0045694 -125.319 -0.0977848 0.995205 0.00204022 10.6105 -0.00434801 -0.00247724 0.999987 2.38195
0.995368 0.096106 0.00243915 -126.062 -0.0961139 0.995365 0.00337853 10.6989 -0.00210315 -0.00359732 0.999991 2.40245
0.995545 0.0942789 -0.000950375 -126.816 -0.0942737 0.995536 0.0045023 10.7708 0.0013706 -0.00439265 0.999989 2.43672
0.995735 0.0922282 -0.00232692 -127.572 -0.092219 0.995732 0.0037772 10.8233 0.00266535 -0.0035465 0.99999 2.45088
0.995971 0.0896731 -0.000954581 -128.332 -0.0896702 0.995968 0.0026872 10.8832 0.0011917 -0.00259077 0.999996 2.46176
0.996161 0.0875385 0.000413833 -129.051 -0.0875391 0.99616 0.00168727 10.9512 -0.000264543 -0.00171701 0.999998 2.47597
0.996384 0.0849405 0.00186464 -129.789 -0.0849419 0.996386 0.000720838 11.014 -0.00179667 -0.000876618 0.999998 2.49585
0.996574 0.0826543 0.00287809 -130.537 -0.0826546 0.996578 -1.31636e-05 11.0766 -0.00286933 -0.000224769 0.999996 2.51214
0.996797 0.0799423 0.00234956 -131.29 -0.0799437 0.996799 0.000502329 11.1313 -0.00230189 -0.000688553 0.999997 2.52572
0.996975 0.0777246 0.000618956 -132.018 -0.0777256 0.996973 0.00188005 11.1843 -0.000470956 -0.00192248 0.999998 2.54703
0.997101 0.0760634 -0.00173024 -132.749 -0.076058 0.997099 0.00300687 11.2354 0.00195393 -0.00286656 0.999994 2.57295
0.997245 0.0741166 -0.00306638 -133.481 -0.0741055 0.997244 0.00359113 11.2951 0.00332409 -0.003354 0.999989 2.59278
0.99742 0.0717761 -0.00123028 -134.22 -0.0717724 0.997417 0.00286551 11.3472 0.00143277 -0.00276982 0.999995 2.61422
0.997601 0.0691922 0.00194979 -134.937 -0.0691961 0.997601 0.00201063 11.3983 -0.00180599 -0.00214072 0.999996 2.61805
0.997774 0.0665507 0.00420353 -135.648 -0.0665608 0.99778 0.00231506 11.4424 -0.00404012 -0.00258969 0.999988 2.62512
0.997943 0.0640316 0.00310086 -136.377 -0.0640408 0.997943 0.00296306 11.492 -0.00290475 -0.00315554 0.999991 2.64596
0.998074 0.0620361 -0.00035099 -137.103 -0.0620342 0.998066 0.0039918 11.5456 0.000597947 -0.00396234 0.999992 2.67023
0.998196 0.0599491 -0.00325718 -137.81 -0.0599347 0.998193 0.00434313 11.5725 0.00351166 -0.00414007 0.999985 2.6982
0.998312 0.0579733 -0.00353985 -138.52 -0.057962 0.998314 0.00321894 11.6068 0.00372049 -0.00300833 0.999989 2.71153
0.998429 0.0560201 -0.000833031 -139.232 -0.0560174 0.998425 0.00296854 11.6453 0.000998018 -0.00291721 0.999995 2.71644
0.998518 0.0542718 0.00394118 -139.935 -0.0542773 0.998525 0.00130981 11.6974 -0.00386428 -0.00152179 0.999991 2.76601
0.998429 0.0527761 0.0188282 -140.624 -0.0527805 0.998606 -0.000266095 11.7235 -0.018816 -0.000728082 0.999823 2.78938
0.998108 0.0512796 0.0339348 -141.308 -0.05126 0.998684 -0.00144616 11.7538 -0.0339643 -0.000296077 0.999423 2.81283
0.997987 0.0497018 0.0393834 -142.008 -0.0497435 0.998762 7.77634e-05 11.7988 -0.0393308 -0.00203667 0.999224 2.81784
0.998463 0.0481384 0.0274546 -142.707 -0.0482194 0.998834 0.00229763 11.8409 -0.027312 -0.00361794 0.99962 2.84962
0.998881 0.0472269 -0.00237383 -143.442 -0.0472172 0.998877 0.00398951 11.8814 0.00255958 -0.00387296 0.999989 2.8651
0.998258 0.0467087 -0.0360441 -144.186 -0.046601 0.998906 0.00382432 11.907 0.0361833 -0.00213797 0.999343 2.87696
0.997548 0.0462731 -0.0524986 -144.933 -0.0461367 0.998928 0.00380655 11.9326 0.0526184 -0.00137511 0.998614 2.87172
0.998136 0.0454768 -0.0407044 -145.647 -0.0453131 0.998961 0.00493681 11.9589 0.0408866 -0.00308316 0.999159 2.89646
0.998987 0.044452 -0.00702034 -146.321 -0.0444099 0.998995 0.00604067 11.9952 0.00728181 -0.00572278 0.999957 2.91679
0.998782 0.0427308 0.0246875 -147.03 -0.0429009 0.999059 0.00640045 12.045 -0.0243908 -0.00745176 0.999675 2.90893
0.99851 0.0423967 0.0343676 -147.748 -0.0425877 0.999081 0.00484341 12.0777 -0.0341306 -0.00629982 0.999398 2.90365
0.998901 0.042764 0.0191787 -148.505 -0.0428405 0.999075 0.00359969 12.1127 -0.019007 -0.00441736 0.99981 2.90904
0.999044 0.0436532 -0.00223563 -149.267 -0.0436406 0.999033 0.00542284 12.1427 0.00247019 -0.0053201 0.999983 2.94193
0.998947 0.0440879 -0.0126579 -150.027 -0.0439883 0.999 0.00804051 12.1704 0.0129997 -0.00747525 0.999888 2.99329
0.998984 0.0441398 -0.00911322 -150.767 -0.0440484 0.998979 0.00999916 12.206 0.00954528 -0.00958757 0.999908 3.01753
0.999023 0.0441796 0.000607462 -151.523 -0.0441836 0.998965 0.010804 12.2484 -0.000129516 -0.0108203 0.999941 3.02555
0.998961 0.0447288 0.0087794 -152.282 -0.0448212 0.998939 0.0106262 12.2929 -0.00829478 -0.0110087 0.999905 3.0344
0.998904 0.0454763 0.0111208 -153.04 -0.045582 0.998916 0.00944907 12.3201 -0.010679 -0.00994562 0.999894 3.04929
0.998902 0.0459644 0.00905274 -153.811 -0.0460341 0.998911 0.00765396 12.3491 -0.00869107 -0.00806229 0.99993 3.0749
0.9989 0.0465467 0.00561352 -154.585 -0.0465798 0.998897 0.00591648 12.3825 -0.00533194 -0.00617145 0.999967 3.09525
0.998889 0.0470297 0.00295609 -155.38 -0.0470429 0.998883 0.0045511 12.4237 -0.00273875 -0.00468511 0.999985 3.10785
0.998868 0.0475378 0.00156346 -156.17 -0.0475429 0.998864 0.00336262 12.4665 -0.00140183 -0.00343314 0.999993 3.128
0.998844 0.0480598 0.00114242 -156.955 -0.0480631 0.99884 0.00300308 12.5084 -0.000996763 -0.00305452 0.999995 3.14217
0.998837 0.0482174 -0.000197051 -157.737 -0.0482167 0.998833 0.00278391 12.5392 0.000331054 -0.00277117 0.999996 3.16843
0.99881 0.0487726 -0.000851535 -158.516 -0.0487713 0.998809 0.00145694 12.5731 0.000921579 -0.00141367 0.999999 3.1846
0.998776 0.0494625 -0.000742339 -159.314 -0.0494621 0.998776 0.000624284 12.6188 0.000772309 -0.000586803 1 3.19442
0.998723 0.0505167 0.000113324 -160.106 -0.0505168 0.998723 0.00114858 12.6595 -5.51572e-05 -0.00115284 0.999999 3.20265
0.998637 0.0521827 0.000445301 -160.898 -0.0521833 0.998636 0.00162987 12.6938 -0.000359642 -0.00165089 0.999999 3.23594
0.998601 0.0528662 0.000935284 -161.693 -0.0528679 0.9986 0.00180279 12.7481 -0.000838668 -0.00184971 0.999998 3.25121
0.998536 0.0540736 0.00141657 -162.486 -0.0540767 0.998534 0.00224768 12.7974 -0.00129295 -0.00232099 0.999996 3.27057
0.998507 0.054559 0.00251202 -163.283 -0.0545664 0.998506 0.00297338 12.8387 -0.00234604 -0.00310601 0.999992 3.29537
0.998428 0.0558865 0.00417377 -164.075 -0.0559031 0.998428 0.00396465 12.8914 -0.00394564 -0.00419175 0.999983 3.31248
0.998361 0.0569269 0.00591661 -164.905 -0.0569557 0.998365 0.00481022 12.9538 -0.00563311 -0.00513932 0.999971 3.33009
0.998273 0.0583167 0.00701421 -165.719 -0.0583543 0.998282 0.0052834 12.9947 -0.00669405 -0.00568358 0.999961 3.35422
0.998137 0.0605271 0.00764663 -166.532 -0.0605647 0.998153 0.00478543 13.0469 -0.00734286 -0.00523963 0.999959 3.38319
0.997947 0.0636829 0.00682467 -167.338 -0.0637085 0.997962 0.00360074 13.0974 -0.00658146 -0.00402814 0.99997 3.40087
0.99775 0.0668244 0.00547973 -168.168 -0.0668432 0.997758 0.0033364 13.1555 -0.00524449 -0.00369518 0.999979 3.40198
0.997526 0.070191 0.00389467 -168.983 -0.0702051 0.997526 0.003612 13.2223 -0.0036315 -0.00387649 0.999986 3.4253
0.997277 0.0736251 0.00431598 -169.803 -0.073643 0.997276 0.00413139 13.3026 -0.00400005 -0.00443798 0.999982 3.45187
0.997022 0.0769234 0.00555551 -170.631 -0.0769487 0.997025 0.00449384 13.3749 -0.0051933 -0.00490794 0.999974 3.47848
0.996771 0.079991 0.00698224 -171.452 -0.0800208 0.996785 0.00409516 13.4396 -0.00663222 -0.00464066 0.999967 3.49949
0.996504 0.0832828 0.00663148 -172.26 -0.0833078 0.996517 0.00360033 13.5005 -0.00630854 -0.0041402 0.999972 3.51651
0.996229 0.0865838 0.00548283 -173.104 -0.0866053 0.996235 0.00380866 13.5798 -0.00513242 -0.00426914 0.999978 3.53469
0.995965 0.0896669 0.00374086 -173.931 -0.0896828 0.995961 0.00430147 13.6704 -0.00334005 -0.0046196 0.999984 3.55819
0.995638 0.0932656 0.00267423 -174.761 -0.093279 0.995625 0.00539553 13.767 -0.00215931 -0.00562144 0.999982 3.5883
0.995344 0.0963155 0.00366095 -175.573 -0.0963388 0.995325 0.0068073 13.8367 -0.00298819 -0.00712829 0.99997 3.61653
0.995144 0.0983051 0.00503173 -176.39 -0.0983405 0.995126 0.00737144 13.9283 -0.00428255 -0.00783047 0.99996 3.6351
0.994998 0.0997674 0.00510762 -177.215 -0.0998058 0.994975 0.00792206 14.0264 -0.00429159 -0.0083922 0.999956 3.64856
0.994912 0.100635 0.00485124 -178.025 -0.100677 0.994876 0.00925202 14.1056 -0.00389531 -0.00969335 0.999945 3.66227
0.994907 0.100744 0.00335731 -178.827 -0.100772 0.994861 0.00985849 14.1839 -0.00234687 -0.0101466 0.999946 3.69274
