1 0 0 0 0 1 0 0 0 0 1 0
1 2.46629e-05 -2.48008e-05 -0.00052867 -2.46626e-05 1 1.11994e-05 0.00347253 2.4801e-05 -1.11987e-05 1 0.0010172
1 -1.43272e-05 -5.23465e-05 0.000631498 1.43283e-05 1 1.96602e-05 0.00227077 5.23462e-05 -1.9661e-05 1 0.0013795
1 -5.19755e-05 -4.5786e-05 0.00121881 5.19768e-05 1 2.75951e-05 0.00168908 4.57846e-05 -2.75975e-05 1 0.000354315
1 -5.92545e-08 -5.25621e-05 0.00305341 5.9713e-08 1 8.72251e-06 0.00226876 5.25621e-05 -8.72252e-06 1 0.00227986
1 3.25067e-05 -4.86584e-05 0.00205394 -3.25071e-05 1 -6.9272e-06 0.000868614 4.86582e-05 6.92878e-06 1 0.00254359
1 1.69107e-05 -2.5452e-05 0.0010188 -1.69107e-05 1 1.07055e-06 -0.00022136 2.5452e-05 -1.07012e-06 1 0.000713319
1 -1.79445e-05 -1.34044e-05 0.000298862 1.79444e-05 1 -1.34805e-06 0.00166083 1.34045e-05 1.34781e-06 1 0.000688866
1 -2.36566e-05 -1.00757e-05 -0.00106093 2.36565e-05 1 -2.52602e-06 0.00358818 1.00758e-05 2.52578e-06 1 0.000596947
1 -4.8549e-06 -3.7258e-05 -0.00137295 4.85472e-06 1 -4.86135e-06 0.00248896 3.72581e-05 4.86117e-06 1 0.00207954
1 -1.41881e-05 -3.59199e-05 -0.000454049 1.41885e-05 1 1.17151e-05 0.00148963 3.59197e-05 -1.17156e-05 1 0.00184228
1 -3.4975e-05 -7.4401e-06 -0.00427312 3.4975e-05 1 9.14882e-06 0.000896034 7.43978e-06 -9.14908e-06 1 0.0014084
1 -1.15963e-06 -1.3994e-05 -0.00301314 1.15975e-06 1 9.057e-06 -0.00133085 1.39939e-05 -9.05701e-06 1 0.000542534
1 -6.89479e-07 -1.3594e-05 -0.00116144 6.89634e-07 1 1.14266e-05 -4.93438e-05 1.3594e-05 -1.14266e-05 1 0.000679836
1 5.04159e-06 -3.3521e-05 0.00242018 -5.04126e-06 1 9.99889e-06 0.00359607 3.35211e-05 -9.99872e-06 1 0.000977524
1 -2.88407e-06 -1.07432e-05 -0.000286813 2.8841e-06 1 2.36564e-06 0.00135763 1.07432e-05 -2.36567e-06 1 0.00101739
1 -6.49606e-06 -2.28829e-05 -0.0022961 6.49632e-06 1 1.15589e-05 0.00131364 2.28828e-05 -1.1559e-05 1 0.00113013
1 3.09435e-06 -1.17891e-05 -0.000235498 -3.09427e-06 1 6.2541e-06 0.00112096 1.17891e-05 -6.25406e-06 1 5.77136e-05
1 -2.93986e-05 -8.40251e-06 -0.00106875 2.93986e-05 1 -3.84234e-06 0.00492476 8.40263e-06 3.84209e-06 1 -0.00037878
1 -1.37546e-05 -3.39062e-05 -0.000992647 1.37545e-05 1 -2.68141e-06 0.00446628 3.39062e-05 2.68094e-06 1 0.0016982
1 -6.73616e-06 -2.03984e-05 -0.00138599 6.73649e-06 1 1.59388e-05 0.000203835 2.03983e-05 -1.59389e-05 1 0.000392232
1 3.70687e-06 -1.81228e-05 0.00130489 -3.70666e-06 1 1.17836e-05 0.00212833 1.81229e-05 -1.17835e-05 1 0.00010869
1 -9.73219e-06 -3.85443e-05 0.0014301 9.73248e-06 1 7.51423e-06 0.00311419 3.85442e-05 -7.5146e-06 1 0.000993077
1 -2.12007e-05 -2.53846e-05 -0.000315716 2.12008e-05 1 5.49859e-06 0.00403536 2.53844e-05 -5.49913e-06 1 0.000486747
1 7.45858e-06 -2.31971e-05 9.75104e-05 -7.45813e-06 1 1.93023e-05 -0.00117802 2.31972e-05 -1.93021e-05 1 0.000500075
1 -2.24261e-05 -2.40338e-05 -0.00259926 2.24263e-05 1 6.50398e-06 -3.97295e-05 2.40337e-05 -6.50452e-06 1 0.00129475
1 -6.11451e-05 3.62691e-06 -0.00409216 6.11451e-05 1 5.11206e-06 0.00625548 -3.62722e-06 -5.11183e-06 1 -0.000496862
1 1.14395e-05 -3.92161e-05 9.49443e-06 -1.14388e-05 1 1.6062e-05 0.000830071 3.92163e-05 -1.60616e-05 1 0.000888978
1 -2.27234e-05 -5.47234e-06 -0.00301025 2.27235e-05 1 1.94361e-05 0.00119288 5.4719e-06 -1.94362e-05 1 -0.000295687
1 -2.10634e-05 -1.23334e-05 -0.00065632 2.10634e-05 1 2.99735e-06 0.00359133 1.23333e-05 -2.99761e-06 1 -1.78099e-05
1 -5.16737e-06 -4.68472e-05 0.00129473 5.168e-06 1 1.33341e-05 0.00297775 4.68472e-05 -1.33343e-05 1 0.00120794
1 -6.54548e-06 -3.80285e-05 -0.000687514 6.54584e-06 1 9.26329e-06 0.00102347 3.80284e-05 -9.26354e-06 1 0.00174045
1 -1.7135e-05 -3.41482e-05 -0.000345821 1.71348e-05 1 -3.93465e-06 0.00274308 3.41483e-05 3.93406e-06 1 0.00177742
1 -6.87317e-06 -1.11487e-05 -0.000634304 6.87333e-06 1 1.37432e-05 0.00123498 1.11487e-05 -1.37433e-05 1 -0.000259163
1 -6.67251e-06 1.97292e-06 -0.000197137 6.6725e-06 1 3.26101e-06 0.00236839 -1.97295e-06 -3.261e-06 1 -0.000754496
1 -3.1399e-05 -7.91318e-06 -0.00252246 3.13991e-05 1 8.94451e-06 0.00231202 7.9129e-06 -8.94476e-06 1 -0.000399722
1 5.14875e-06 -4.79836e-05 0.00447369 -5.14798e-06 1 1.59404e-05 0.00181716 4.79837e-05 -1.59402e-05 1 0.00114606
1 -6.08912e-06 -5.60135e-06 9.3321e-06 6.08922e-06 1 1.84739e-05 0.00176737 5.60124e-06 -1.84739e-05 1 -0.000126103
1 9.70332e-07 -1.14283e-06 -0.00177562 -9.70326e-07 1 5.41424e-06 -0.000305661 1.14283e-06 -5.41424e-06 1 -0.000241069
1 8.8121e-06 -1.47892e-05 -0.000124381 -8.8121e-06 1 2.14494e-07 0.00110059 1.47892e-05 -2.14364e-07 1 0.000480362
1 -1.22328e-05 -2.3769e-05 0.000610916 1.22331e-05 1 1.18827e-05 0.00348716 2.37689e-05 -1.1883e-05 1 0.000525661
1 -8.48794e-06 -1.22891e-05 0.00139909 8.48817e-06 1 1.85811e-05 0.000725988 1.2289e-05 -1.85813e-05 1 -0.000636669
1 -3.33965e-05 -1.52636e-05 -0.00358056 3.33966e-05 1 9.86136e-06 0.00186064 1.52632e-05 -9.86187e-06 1 -0.000117676
1 7.86938e-06 -2.28896e-06 -0.00226266 -7.86933e-06 1 1.94163e-05 -0.00139382 2.28911e-06 -1.94163e-05 1 -0.000780467
1 -7.39621e-06 3.46307e-06 -0.000993844 7.39623e-06 1 -6.29996e-06 0.00391777 -3.46302e-06 6.29998e-06 1 -0.000799727
1 -1.17801e-05 -1.13236e-05 0.000261418 1.17802e-05 1 3.38709e-06 0.00135649 1.13236e-05 -3.38722e-06 1 0.000369623
1 3.25971e-05 -2.96748e-05 0.00588559 -3.25965e-05 1 1.98902e-05 -2.04403e-06 2.96754e-05 -1.98892e-05 1 0.000652428
1 -7.01146e-06 -2.07154e-05 0.00193094 7.01194e-06 1 2.33143e-05 -0.00055404 2.07152e-05 -2.33144e-05 1 -0.000337174
1 -1.64295e-05 -2.37991e-05 -0.000525319 1.64299e-05 1 1.7489e-05 -0.00154364 2.37988e-05 -1.74894e-05 1 -0.000550163
1 1.89016e-05 -2.36398e-05 0.000705172 -1.89014e-05 1 8.44558e-06 -0.000987327 2.364e-05 -8.44513e-06 1 -0.000107991
1 -3.13252e-05 -3.70462e-05 -0.00213836 3.13257e-05 1 1.30072e-05 0.0015418 3.70458e-05 -1.30084e-05 1 0.00102323
1 -7.52046e-06 -2.71473e-05 -0.000736821 7.52091e-06 1 1.6254e-05 0.0019698 2.71471e-05 -1.62542e-05 1 0.000813224
1 6.49877e-06 -3.47889e-05 0.00197807 -6.49863e-06 1 3.85856e-06 0.00119719 3.47889e-05 -3.85833e-06 1 0.00162335
1 1.85467e-05 -4.07537e-05 0.00120846 -1.85461e-05 1 1.31265e-05 -0.00187346 4.07539e-05 -1.31257e-05 1 0.0016501
1 1.21267e-06 -2.21054e-05 -0.000141104 -1.21248e-06 1 8.36951e-06 0.0017054 2.21054e-05 -8.36949e-06 1 0.0010609
1 4.61872e-06 -2.5002e-05 0.00285278 -4.61861e-06 1 4.48945e-06 0.00471863 2.5002e-05 -4.48934e-06 1 0.000334212
1 -2.46012e-06 -1.7572e-05 0.00150817 2.46017e-06 1 3.01176e-06 0.0024352 1.7572e-05 -3.0118e-06 1 0.000409395
1 3.50921e-05 -2.2936e-05 0.00193366 -3.50915e-05 1 2.50286e-05 -0.00174051 2.29368e-05 -2.50278e-05 1 -5.93176e-05
1 -1.40478e-05 -3.64314e-05 -3.69188e-05 1.40482e-05 1 1.1723e-05 0.00344358 3.64312e-05 -1.17236e-05 1 0.000577864
1 1.2019e-05 -4.22956e-05 0.0023926 -1.20187e-05 1 5.7554e-06 0.00181825 4.22957e-05 -5.75489e-06 1 0.00116434
1 1.99654e-05 -2.76112e-05 0.00311255 -1.99651e-05 1 1.10302e-05 0.00405481 2.76115e-05 -1.10297e-05 1 0.000809792
1 2.69579e-05 -2.02902e-05 0.00535632 -2.69579e-05 1 2.73974e-07 0.00220206 2.02902e-05 -2.73427e-07 1 0.000675099
1 6.66884e-05 -7.10128e-05 0.0165715 -6.66879e-05 1 6.4555e-06 0.00500119 7.10132e-05 -6.45076e-06 1 0.00148034
1 0.000101596 -4.47404e-05 0.0218419 -0.000101596 1 -2.86953e-06 0.00309553 4.47401e-05 2.87407e-06 1 0.00270674
1 0.000129756 2.04944e-05 0.0158327 -0.000129756 1 -4.39082e-07 -0.00258352 -2.04945e-05 4.36423e-07 1 0.00143668
1 0.000103124 1.00301e-05 0.00952604 -0.000103124 1 -1.13012e-05 0.00170476 -1.00312e-05 1.13002e-05 1 0.00122705
1 -6.78581e-05 -3.61736e-06 -0.0106984 6.78582e-05 1 9.48787e-06 0.00312857 3.61672e-06 -9.48811e-06 1 0.000473912
1 -0.000124139 -9.47132e-06 -0.0181373 0.000124139 1 -1.14519e-05 0.00472536 9.47274e-06 1.14508e-05 1 0.00251818
1 -0.000180152 1.7185e-05 -0.0278038 0.000180152 1 -2.95048e-05 0.00562582 -1.71797e-05 2.95079e-05 1 0.00305972
1 -0.000237859 9.12715e-06 -0.0366781 0.000237859 1 -1.65206e-05 0.00383695 -9.12322e-06 1.65228e-05 1 0.00356466
1 -0.000249631 3.14563e-05 -0.0389062 0.000249633 1 -4.22988e-05 0.000115749 -3.14457e-05 4.23067e-05 1 0.00739515
1 -0.000312026 0.000318266 -0.0589234 0.000312066 1 -0.00012557 -0.00779148 -0.000318227 0.00012567 1 0.00787935
1 -0.000428635 0.000440896 -0.0796092 0.00042871 1 -0.000170863 -0.00855601 -0.000440823 0.000171052 1 0.00928105
1 -0.000659242 0.000429234 -0.118707 0.000659311 1 -0.00016053 -0.00822326 -0.000429128 0.000160813 1 0.00890546
0.999999 -0.00149387 0.00048624 -0.229016 0.00149395 0.999999 -0.000175266 0.0118185 -0.000485978 0.000175993 1 0.0092454
0.999997 -0.00215852 0.000601163 -0.32625 0.00215862 0.999998 -0.000172321 0.0306037 -0.000600789 0.000173618 1 0.00642229
0.999997 -0.00235935 0.000760277 -0.375585 0.0023595 0.999997 -0.000191907 0.025629 -0.000759822 0.000193701 1 0.00535723
0.999996 -0.00262292 0.00098989 -0.426545 0.00262318 0.999997 -0.000262138 0.029401 -0.000989199 0.000264734 0.999999 0.00444555
0.999994 -0.00341534 0.00114277 -0.50161 0.00341569 0.999994 -0.000301875 0.0465944 -0.00114173 0.000305776 0.999999 0.00310234
0.999989 -0.00450199 0.00137676 -0.6119 0.0045025 0.99999 -0.000367725 0.0680498 -0.00137509 0.00037392 0.999999 0.00115788
0.999983 -0.00565804 0.00146655 -0.739258 0.00565861 0.999984 -0.000385725 0.0683257 -0.00146434 0.000394017 0.999999 0.00530836
0.999977 -0.00668859 0.00139681 -0.846443 0.00668921 0.999978 -0.000437397 0.0839032 -0.00139385 0.000446731 0.999999 0.0175238
0.999969 -0.00770427 0.00151268 -0.973281 0.00770496 0.99997 -0.000452262 0.121014 -0.00150915 0.000463903 0.999999 0.0170299
0.999963 -0.00846334 0.00150433 -1.06155 0.00846393 0.999964 -0.000383969 0.135952 -0.00150103 0.000396687 0.999999 0.014921
0.999953 -0.00947851 0.00181105 -1.16284 0.0094794 0.999955 -0.000481373 0.149109 -0.00180641 0.000498518 0.999998 0.0132738
0.999938 -0.0109469 0.00207082 -1.3309 0.0109481 0.99994 -0.000575337 0.199212 -0.0020644 0.000597973 0.999998 0.0165191
0.99992 -0.0124296 0.00224533 -1.49887 0.012431 0.999923 -0.000604509 0.230501 -0.00223764 0.000632372 0.999997 0.0153126
0.999902 -0.0137977 0.00231976 -1.63035 0.0137992 0.999905 -0.000638141 0.265483 -0.00231073 0.000670089 0.999997 0.0191464
0.999883 -0.0151422 0.00228728 -1.76568 0.0151436 0.999885 -0.000622471 0.297083 -0.00227759 0.000657036 0.999997 0.0158411
0.999862 -0.0164236 0.00248322 -1.93674 0.0164252 0.999865 -0.000614273 0.307804 -0.00247279 0.000654976 0.999997 0.0153552
0.999837 -0.0178738 0.00270807 -2.12316 0.0178754 0.99984 -0.000598577 0.325213 -0.00269694 0.000646887 0.999996 0.0114703
0.99981 -0.0192951 0.00282641 -2.30845 0.0192971 0.999814 -0.000667607 0.361433 -0.002813 0.000722022 0.999996 0.0132966
0.999859 -0.0165365 0.00291486 -2.55444 0.016538 0.999863 -0.000517911 0.314744 -0.0029059 0.000566044 0.999996 0.0041812
0.999935 -0.0111282 0.00266848 -2.7891 0.0111288 0.999938 -0.000221539 0.228136 -0.00266585 0.000251221 0.999996 -0.002975
0.999977 -0.00634061 0.00253912 -3.00779 0.00634081 0.99998 -7.12646e-05 0.168075 -0.00253862 8.73631e-05 0.999997 -0.00504539
0.999995 -0.00215597 0.00246156 -3.19617 0.00215562 0.999998 0.000144506 0.0990806 -0.00246186 -0.000139199 0.999997 -0.0107811
0.999997 0.000349444 0.00225334 -3.45795 -0.000349904 1 0.000203765 0.0481508 -0.00225327 -0.000204553 0.999997 0.000116124
0.999993 0.00331368 0.0017511 -3.65305 -0.00331446 0.999994 0.000443693 -0.00868848 -0.00174962 -0.000449494 0.999998 0.00612668
0.999996 0.00220646 0.00168038 -3.82839 -0.0022071 0.999997 0.000384317 0.0200696 -0.00167953 -0.000388025 0.999999 0.0179738
0.999998 -0.000435197 0.00185142 -3.98499 0.000434613 1 0.000316086 0.0561739 -0.00185156 -0.000315281 0.999998 0.0181736
0.999994 -0.00267141 0.00236785 -4.16971 0.00267114 0.999996 0.000113607 0.0842125 -0.00236815 -0.000107281 0.999997 0.0305252
0.999988 -0.00407422 0.00270462 -4.34744 0.00407375 0.999992 0.000180093 0.0946416 -0.00270533 -0.000169073 0.999996 0.0254311
0.999982 -0.00526473 0.00275873 -4.5396 0.0052643 0.999986 0.000163767 0.109929 -0.00275955 -0.000149241 0.999996 0.0321234
0.999972 -0.00693934 0.00288157 -4.73666 0.00693897 0.999976 0.000138949 0.124043 -0.00288246 -0.00011895 0.999996 0.0350124
0.999959 -0.00842784 0.00320334 -4.89959 0.00842762 0.999964 8.16521e-05 0.160889 -0.00320391 -5.46523e-05 0.999995 0.0318817
0.999943 -0.0102149 0.00319855 -5.06195 0.010215 0.999948 -2.0612e-05 0.203411 -0.00319817 5.32841e-05 0.999995 0.0406896
0.99992 -0.0121509 0.00353949 -5.26996 0.0121512 0.999926 -5.78915e-05 0.223121 -0.00353853 0.000100896 0.999994 0.0422403
0.999894 -0.0141087 0.00371919 -5.52554 0.0141091 0.9999 -7.93497e-05 0.233702 -0.0037177 0.000131816 0.999993 0.0443976
0.999861 -0.0162008 0.00402818 -5.74753 0.0162012 0.999869 -6.78991e-05 0.264199 -0.00402655 0.000133151 0.999992 0.0412048
0.999834 -0.0177065 0.00418213 -5.95034 0.0177065 0.999843 2.5895e-05 0.268504 -0.00418193 4.81602e-05 0.999991 0.0329092
0.999881 -0.0147731 0.00438883 -6.18434 0.0147731 0.999891 2.65467e-05 0.230928 -0.00438874 3.8293e-05 0.99999 0.0300997
0.999944 -0.00974534 0.00405104 -6.43744 0.00974519 0.999953 5.63938e-05 0.166609 -0.00405139 -1.69126e-05 0.999992 0.0418048
0.999976 -0.00549353 0.00421691 -6.68582 0.00549247 0.999985 0.000262762 0.0899139 -0.00421829 -0.000239594 0.999991 0.0403972
0.99999 -0.00257925 0.00374035 -6.93989 0.00257819 0.999997 0.000289113 0.0575671 -0.00374108 -0.000279466 0.999993 0.0527495
0.999995 6.94694e-06 0.00306263 -7.21016 -8.10087e-06 1 0.000376765 0.0312349 -0.00306262 -0.000376788 0.999995 0.060873
0.999994 -0.00193273 0.00296332 -7.4339 0.00193172 0.999998 0.000345482 0.0461954 -0.00296399 -0.000339756 0.999996 0.0717272
0.999984 -0.00455312 0.00347367 -7.56499 0.00455195 0.99999 0.000345248 0.0689717 -0.0034752 -0.000329431 0.999994 0.0714325
0.999969 -0.00686117 0.00383383 -7.72719 0.00686042 0.999976 0.000208338 0.104797 -0.00383517 -0.00018203 0.999993 0.0780962
0.999953 -0.00883795 0.00400323 -7.9695 0.0088381 0.999961 -2.12913e-05 0.112594 -0.00400289 5.66713e-05 0.999992 0.0908432
0.999939 -0.0102218 0.00426596 -8.16641 0.0102223 0.999948 -0.000112676 0.122214 -0.00426459 0.000156277 0.999991 0.0888303
0.999917 -0.0119801 0.00477794 -8.37601 0.0119807 0.999928 -9.00315e-05 0.134688 -0.00477652 0.000147267 0.999989 0.0823669
0.999886 -0.0143835 0.00459863 -8.6081 0.0143851 0.999896 -0.000306122 0.117177 -0.00459375 0.000372239 0.999989 0.112202
0.999855 -0.0163552 0.00479161 -8.82528 0.0163575 0.999866 -0.000427733 0.123242 -0.00478397 0.000506049 0.999988 0.121517
0.999826 -0.0178471 0.00539244 -8.99325 0.0178497 0.999841 -0.000439154 0.135036 -0.00538374 0.000535331 0.999985 0.114454
0.999793 -0.0195793 0.00555939 -9.18935 0.0195823 0.999808 -0.000479362 0.133798 -0.00554894 0.000588128 0.999984 0.120703
0.999747 -0.0218012 0.00549021 -9.42041 0.0218048 0.999762 -0.000588133 0.134703 -0.00547608 0.000707697 0.999985 0.141986
0.999708 -0.0234559 0.00581418 -9.59841 0.0234597 0.999725 -0.000584836 0.133958 -0.00579886 0.000721065 0.999983 0.15199
0.999653 -0.0255447 0.00635543 -9.81931 0.0255497 0.999673 -0.000709459 0.141019 -0.00633523 0.000871593 0.99998 0.159261
0.999608 -0.0272425 0.00646807 -10.0161 0.0272483 0.999628 -0.000798479 0.148737 -0.00644391 0.000974409 0.999979 0.158755
0.999569 -0.0286255 0.00658155 -10.1768 0.028632 0.99959 -0.000897222 0.151088 -0.00655317 0.00108528 0.999978 0.163096
0.999523 -0.030064 0.00708331 -10.3762 0.0300706 0.999547 -0.000831121 0.154469 -0.00705512 0.00104372 0.999975 0.159714
0.999466 -0.0318332 0.00736218 -10.5845 0.03184 0.999493 -0.000799936 0.162253 -0.00733298 0.00103392 0.999973 0.162579
0.99947 -0.0317224 0.0073644 -10.8309 0.0317292 0.999496 -0.00080859 0.155581 -0.00733504 0.00104183 0.999973 0.169504
0.999513 -0.0302356 0.00772488 -11.0505 0.0302428 0.999542 -0.000808268 0.108143 -0.00769691 0.0010415 0.99997 0.173513
0.999549 -0.0290036 0.00779309 -11.2667 0.0290111 0.999579 -0.000843956 0.0851081 -0.00776533 0.00106966 0.999969 0.180384
0.999561 -0.0286822 0.00738036 -11.4986 0.0286891 0.999588 -0.000828871 0.0549004 -0.00735355 0.00104024 0.999972 0.180818
0.999575 -0.0282061 0.00732627 -11.7126 0.0282128 0.999602 -0.000815763 0.0434046 -0.00730034 0.00102211 0.999973 0.181099
0.99953 -0.029812 0.00716715 -11.9111 0.0298182 0.999555 -0.000757101 0.0537692 -0.00714139 0.000970456 0.999974 0.175457
0.999444 -0.0326008 0.00704501 -12.1255 0.0326074 0.999468 -0.000815145 0.0723335 -0.00701469 0.00104441 0.999975 0.179524
0.999371 -0.0347707 0.00695112 -12.2988 0.0347778 0.999395 -0.000905804 0.0701371 -0.00691542 0.00114698 0.999975 0.185627
0.999345 -0.03572 0.00583353 -12.4931 0.035727 0.999361 -0.00110813 0.055984 -0.00579022 0.00131582 0.999982 0.196953
0.999363 -0.0354409 0.0042403 -12.6965 0.0354481 0.99937 -0.00161882 0.0114657 -0.00418026 0.0017681 0.99999 0.215433
0.999321 -0.0366301 0.00385194 -12.9072 0.0366374 0.999327 -0.00182796 0.00109807 -0.00378239 0.00196784 0.999991 0.215302
0.999241 -0.0387614 0.00376043 -13.0803 0.0387685 0.999247 -0.00183243 0.00447215 -0.00368657 0.00197682 0.999991 0.221648
0.999156 -0.0408605 0.00429428 -13.2612 0.0408687 0.999163 -0.0018482 0.00799182 -0.00421516 0.00202214 0.999989 0.229066
0.999081 -0.0426552 0.00410666 -13.4552 0.0426631 0.999088 -0.00186902 0.00922094 -0.00402319 0.0020425 0.99999 0.235245
0.999112 -0.0419559 0.00391627 -13.6565 0.0419636 0.999117 -0.001899 0.00371294 -0.00383314 0.00206165 0.999991 0.238036
0.999189 -0.0400889 0.003706 -13.8619 0.0400965 0.999194 -0.00199998 -0.0546352 -0.00362284 0.00214695 0.999991 0.23928
0.999238 -0.038779 0.00434442 -14.0523 0.0387886 0.999245 -0.00213504 -0.0565872 -0.00425835 0.00230193 0.999988 0.249551
0.999253 -0.0383688 0.00460417 -14.275 0.0383793 0.999261 -0.00221337 -0.0803956 -0.00451584 0.00238842 0.999987 0.270319
0.999204 -0.039572 0.0050658 -14.4398 0.0395828 0.999214 -0.00206089 -0.0825553 -0.00498027 0.00225976 0.999985 0.28222
0.999111 -0.041719 0.00612505 -14.5944 0.04173 0.999127 -0.00168842 -0.0649783 -0.00604927 0.00194251 0.99998 0.282741
0.99904 -0.0433109 0.00651012 -14.7435 0.0433219 0.99906 -0.0015484 -0.0539503 -0.00643694 0.00182894 0.999978 0.284887
0.999009 -0.044039 0.00649539 -14.9221 0.04405 0.999028 -0.00155263 -0.0416691 -0.0064207 0.00183721 0.999978 0.285312
0.999057 -0.0429822 0.00607858 -15.1224 0.0429944 0.999074 -0.00188138 -0.0654564 -0.00599208 0.00214095 0.99998 0.295634
0.999113 -0.0416272 0.00637061 -15.3329 0.0416423 0.99913 -0.00225623 -0.113495 -0.00627115 0.00251952 0.999977 0.29736
0.999139 -0.0409838 0.00647179 -15.5455 0.0410005 0.999156 -0.00247466 -0.124824 -0.00636491 0.00273787 0.999976 0.292225
0.999091 -0.0422491 0.00567916 -15.7219 0.0422659 0.999102 -0.00287199 -0.117306 -0.00555272 0.00310942 0.99998 0.305523
0.999073 -0.0427211 0.00527104 -15.8952 0.0427377 0.999082 -0.00308949 -0.125957 -0.00513422 0.0033119 0.999981 0.309229
0.999066 -0.0429758 0.00448338 -16.0401 0.0429912 0.99907 -0.00339023 -0.131331 -0.00433351 0.00357981 0.999984 0.315135
0.999093 -0.042369 0.00428003 -16.2231 0.0423961 0.99908 -0.00645628 -0.150281 -0.00400255 0.00663188 0.99997 0.307404
0.999098 -0.0423507 0.00302728 -16.3824 0.0423791 0.999051 -0.01002 -0.162572 -0.00260005 0.0101393 0.999945 0.307801
0.999064 -0.0431083 0.00360162 -16.5546 0.0431479 0.999 -0.0117415 -0.168779 -0.00309186 0.0118859 0.999925 0.298364
0.99902 -0.043981 0.00500195 -16.692 0.044035 0.998967 -0.0112468 -0.174624 -0.00450213 0.0114561 0.999924 0.305121
0.998941 -0.0456075 0.00608772 -16.8318 0.0456684 0.998904 -0.010272 -0.183334 -0.00561257 0.0105391 0.999929 0.312978
0.998857 -0.0474275 0.00596301 -16.9812 0.0474849 0.998823 -0.00987331 -0.191422 -0.00548772 0.0101452 0.999933 0.317404
0.998791 -0.0490124 0.00378254 -17.1063 0.0490492 0.998743 -0.0103299 -0.201611 -0.00327149 0.010503 0.999939 0.333672
0.998729 -0.0503462 0.0023448 -17.2441 0.0503682 0.998675 -0.0105338 -0.208724 -0.00181135 0.0106385 0.999942 0.331835
0.998656 -0.0518005 0.00140044 -17.3832 0.0518125 0.998601 -0.0105998 -0.221673 -0.000849408 0.0106581 0.999943 0.342367
0.998581 -0.0532282 0.0018922 -17.4958 0.0532452 0.998526 -0.0104992 -0.239485 -0.00133056 0.0105851 0.999943 0.357088
0.998487 -0.0548777 0.00346958 -17.6351 0.0549104 0.99844 -0.0101508 -0.260375 -0.00290712 0.010326 0.999942 0.346796
0.998406 -0.0562731 0.00436566 -17.7601 0.0563147 0.998362 -0.0100672 -0.275673 -0.003792 0.010297 0.99994 0.354526
0.998318 -0.0578529 0.00365633 -17.8903 0.0578874 0.998272 -0.0101449 -0.293039 -0.0030631 0.0103395 0.999942 0.367212
0.998204 -0.0597884 0.00367569 -18.03 0.0598232 0.998157 -0.0102363 -0.30868 -0.0030569 0.0104378 0.999941 0.370926
0.997952 -0.0638592 0.00371577 -18.1516 0.0638945 0.997903 -0.0103007 -0.284944 -0.00305018 0.0105171 0.99994 0.365773
0.997676 -0.0680069 0.00423252 -18.2185 0.0680481 0.997627 -0.0105078 -0.307446 -0.00350787 0.0107714 0.999936 0.363891
0.997381 -0.0721787 0.00467973 -18.3165 0.0722246 0.997333 -0.010535 -0.302831 -0.00390684 0.0108454 0.999934 0.362568
0.997116 -0.0756668 0.00582296 -18.4305 0.0757241 0.997075 -0.010338 -0.326202 -0.00502368 0.0107491 0.99993 0.358386
0.996978 -0.0774976 0.00547325 -18.58 0.0775516 0.996933 -0.0104599 -0.358955 -0.00464585 0.0108527 0.99993 0.376975
0.996747 -0.0804627 0.00459049 -18.6934 0.0805079 0.996697 -0.0106982 -0.364975 -0.00371452 0.011033 0.999932 0.379026
0.996336 -0.0854179 0.00438742 -18.8229 0.0854609 0.996283 -0.0107622 -0.388659 -0.00345183 0.0110977 0.999932 0.378425
0.99591 -0.0902063 0.00517587 -18.9362 0.0902579 0.99586 -0.0108055 -0.381118 -0.00417972 0.0112284 0.999928 0.377823
0.995568 -0.0938938 0.00539642 -19.0231 0.0939482 0.995517 -0.0109098 -0.397541 -0.00434786 0.0113685 0.999926 0.382646
0.995218 -0.0975152 0.00566665 -19.1601 0.0975762 0.995159 -0.0117256 -0.426169 -0.0044958 0.0122224 0.999915 0.396324
0.994767 -0.101989 0.0060168 -19.3216 0.102057 0.994701 -0.0124441 -0.462798 -0.00471575 0.0129931 0.999904 0.407746
0.994291 -0.106521 0.00622933 -19.4457 0.106594 0.994219 -0.0128888 -0.476347 -0.00482039 0.0134792 0.999898 0.404929
0.993755 -0.111421 0.00600019 -19.5945 0.111489 0.993687 -0.0124999 -0.507028 -0.00456955 0.0130908 0.999904 0.390949
0.993027 -0.117787 0.004756 -19.712 0.117837 0.99296 -0.0120691 -0.530353 -0.00330093 0.0125454 0.999916 0.390633
0.992435 -0.122698 0.00428487 -19.8467 0.122742 0.992366 -0.0120091 -0.553741 -0.00277866 0.0124442 0.999919 0.401637
0.991779 -0.127915 0.00353287 -20.0069 0.12795 0.991697 -0.01289 -0.608337 -0.00185472 0.013236 0.999911 0.420171
0.990883 -0.134678 0.00341735 -20.1778 0.134716 0.990763 -0.0154981 -0.640508 -0.00129852 0.0158172 0.999874 0.419255
0.990072 -0.140516 0.00363272 -20.3566 0.140561 0.98988 -0.0195113 -0.657466 -0.000854294 0.0198282 0.999803 0.393031
0.989235 -0.146281 0.00399493 -20.5306 0.146332 0.989013 -0.020957 -0.677165 -0.000885431 0.021316 0.999772 0.375889
0.98827 -0.152666 0.00406138 -20.6956 0.152715 0.988098 -0.0184344 -0.722634 -0.00119874 0.0188384 0.999822 0.396705
0.987334 -0.158623 0.00319991 -20.8855 0.158655 0.9872 -0.016293 -0.758136 -0.000574497 0.0165943 0.999862 0.438734
0.986283 -0.165013 0.00400877 -21.0887 0.16505 0.986207 -0.0123864 -0.823173 -0.00190956 0.0128782 0.999915 0.456399
0.98503 -0.17229 0.00565518 -21.2822 0.172346 0.984969 -0.0115571 -0.874677 -0.00357899 0.0123588 0.999917 0.460987
0.983618 -0.180125 0.00714907 -21.4847 0.180203 0.983552 -0.012306 -0.912335 -0.00481486 0.0133927 0.999899 0.443004
0.982176 -0.187822 0.00728651 -21.6999 0.187904 0.982102 -0.0129426 -0.960225 -0.00472519 0.0140811 0.99989 0.436524
0.980712 -0.195345 0.00663924 -21.9216 0.195417 0.980635 -0.0129321 -1.01288 -0.00398444 0.0139801 0.999894 0.444739
0.979025 -0.203607 0.00731501 -22.1631 0.203685 0.978959 -0.012324 -1.07359 -0.00465185 0.0135554 0.999897 0.451444
0.977246 -0.211978 0.00751275 -22.4098 0.212057 0.977183 -0.0120579 -1.14098 -0.00478533 0.0133767 0.999899 0.459099
0.97541 -0.220232 0.00855486 -22.6392 0.220324 0.975355 -0.0118664 -1.20986 -0.00573066 0.0134594 0.999893 0.461474
0.973333 -0.229215 0.00912965 -22.8977 0.229315 0.973278 -0.0120056 -1.2808 -0.00613383 0.013779 0.999886 0.479064
0.971164 -0.238187 0.0103468 -23.1722 0.238303 0.971116 -0.0120174 -1.35074 -0.00718551 0.0141365 0.999874 0.485986
0.968999 -0.246826 0.0108676 -23.4386 0.246946 0.96896 -0.0115977 -1.42863 -0.00766766 0.0139219 0.999874 0.485316
0.966723 -0.255617 0.0103314 -23.7228 0.255723 0.96669 -0.0107389 -1.51175 -0.00724224 0.0130235 0.999889 0.482313
0.964193 -0.265029 0.00960351 -24.0011 0.265113 0.964176 -0.00893271 -1.58666 -0.00689205 0.0111589 0.999914 0.497114
0.961437 -0.274826 0.0104343 -24.2701 0.274856 0.961484 -0.0014704 -1.68689 -0.00962832 0.00428163 0.999944 0.501848
0.958666 -0.284356 0.0100338 -24.5838 0.284313 0.958716 0.00543793 -1.79429 -0.0111659 -0.00236041 0.999935 0.551337
0.955705 -0.294144 0.0103287 -24.8857 0.294052 0.955741 0.0096168 -1.89094 -0.0127003 -0.00615367 0.9999 0.546011
0.952303 -0.305001 0.0096144 -25.1773 0.304823 0.952267 0.0164554 -1.99519 -0.0141744 -0.0127398 0.999818 0.536716
0.949364 -0.314062 0.0085582 -25.4706 0.313881 0.949297 0.0177014 -2.10754 -0.0136836 -0.0141188 0.999807 0.571563
0.946511 -0.322534 0.00944607 -25.7925 0.32238 0.946494 0.014836 -2.23789 -0.0137257 -0.0109972 0.999845 0.610823
0.943764 -0.330375 0.0127156 -26.0985 0.33032 0.943848 0.00625351 -2.35066 -0.0140676 -0.00170161 0.9999 0.608551
0.941797 -0.335846 0.0150352 -26.4327 0.335855 0.941912 0.00198658 -2.47822 -0.014829 0.00317868 0.999885 0.572503
0.940053 -0.340688 0.0152326 -26.7454 0.340671 0.940175 0.00379958 -2.59367 -0.0156158 0.00161751 0.999877 0.569903
0.938467 -0.34512 0.0131258 -27.092 0.344954 0.938524 0.0134113 -2.71786 -0.0169474 -0.00805826 0.999824 0.596454
0.936929 -0.349354 0.0108119 -27.4126 0.349081 0.936853 0.0211655 -2.84488 -0.0175235 -0.0160563 0.999718 0.642154
0.93553 -0.353116 0.00960029 -27.7541 0.352774 0.93534 0.0262455 -2.99227 -0.0182472 -0.0211668 0.999609 0.683064
0.935385 -0.353497 0.00978155 -28.125 0.353284 0.935333 0.0184883 -3.1172 -0.0156846 -0.013838 0.999781 0.695489
0.935612 -0.35284 0.011558 -28.5011 0.35271 0.935657 0.0119155 -3.26449 -0.0150186 -0.00707171 0.999862 0.669693
0.936226 -0.351177 0.0124529 -28.8496 0.351135 0.936309 0.00553003 -3.39992 -0.0136018 -0.000804713 0.999907 0.643738
0.936924 -0.349367 0.0107485 -29.201 0.349358 0.936985 0.00271517 -3.50271 -0.0110198 0.00121117 0.999939 0.644553
0.938444 -0.345312 0.00911409 -29.5458 0.345258 0.938482 0.00701123 -3.64364 -0.0109745 -0.00343294 0.999934 0.687404
0.94041 -0.339912 0.00942673 -29.9114 0.339811 0.940431 0.0108188 -3.77554 -0.0125426 -0.0069708 0.999897 0.738404
0.942868 -0.332999 0.0106053 -30.3043 0.332856 0.942885 0.0132127 -3.90823 -0.0143994 -0.00892784 0.999856 0.767816
0.945556 -0.325218 0.0125197 -30.7212 0.325102 0.945621 0.0104387 -4.03369 -0.0152338 -0.0058002 0.999867 0.758912
0.948193 -0.317413 0.0133873 -31.1322 0.317344 0.948284 0.00705909 -4.15508 -0.0149356 -0.00244499 0.999885 0.740301
0.950624 -0.310049 0.013578 -31.5176 0.30999 0.950719 0.00630242 -4.28183 -0.0148629 -0.00178217 0.999888 0.755029
0.953466 -0.301215 0.0131478 -31.8853 0.301152 0.953553 0.00655823 -4.39123 -0.0145126 -0.00229356 0.999892 0.787744
0.956379 -0.29185 0.0127384 -32.3163 0.291784 0.95646 0.00680294 -4.50314 -0.0141692 -0.00278932 0.999896 0.802569
0.959576 -0.281198 0.0119192 -32.7488 0.281135 0.959645 0.0067055 -4.60782 -0.0133238 -0.00308353 0.999906 0.8047
0.962467 -0.271172 0.011106 -33.1429 0.271109 0.962524 0.00686823 -4.70959 -0.0125523 -0.00359951 0.999915 0.820361
0.965573 -0.259898 0.0110345 -33.6062 0.259837 0.96563 0.00661733 -4.82032 -0.0123751 -0.00352234 0.999917 0.845852
0.968359 -0.249372 0.00969385 -34.0314 0.249325 0.968402 0.00579427 -4.91804 -0.0108325 -0.00319401 0.999936 0.852756
0.971213 -0.238032 0.00926403 -34.477 0.237988 0.971252 0.00567704 -5.00609 -0.010349 -0.00330889 0.999941 0.858592
0.974033 -0.226229 0.00896294 -34.9292 0.226183 0.974067 0.00584897 -5.08086 -0.0100537 -0.00366982 0.999943 0.870992
0.976487 -0.215382 0.00918212 -35.3714 0.215331 0.976521 0.00623515 -5.17266 -0.0103095 -0.00411134 0.999938 0.893024
0.978994 -0.20367 0.00948879 -35.8201 0.20362 0.979032 0.00596022 -5.25312 -0.0105037 -0.00390291 0.999937 0.912961
0.981329 -0.192083 0.00984906 -36.2789 0.192043 0.981375 0.00479421 -5.32378 -0.0105865 -0.00281326 0.99994 0.918614
0.983646 -0.17985 0.00968908 -36.7599 0.179818 0.983691 0.00409775 -5.40154 -0.010268 -0.00228846 0.999945 0.928587
0.985657 -0.168508 0.00924098 -37.233 0.168476 0.985697 0.00412575 -5.46989 -0.00980403 -0.00250969 0.999949 0.939253
0.987438 -0.157812 0.00786587 -37.7109 0.157779 0.987464 0.00462007 -5.52682 -0.00849636 -0.00332097 0.999958 0.950978
0.989144 -0.146815 0.00631876 -38.215 0.146781 0.989153 0.0055458 -5.57707 -0.00706443 -0.00455812 0.999965 0.964262
0.990749 -0.135582 0.00583105 -38.7125 0.135539 0.990745 0.00726456 -5.63239 -0.00676203 -0.00640702 0.999957 1.00271
0.992213 -0.124448 0.00502095 -39.2065 0.124407 0.992201 0.00769871 -5.68142 -0.00593987 -0.00701412 0.999958 1.01688
0.993397 -0.11463 0.00467385 -39.7197 0.114594 0.993385 0.0073958 -5.73885 -0.00549071 -0.00681137 0.999962 1.02786
0.994382 -0.105733 0.00500234 -40.2392 0.105696 0.994373 0.00714247 -5.78641 -0.00572939 -0.00657362 0.999962 1.02503
0.995068 -0.0990296 0.00577478 -40.7547 0.0989821 0.995057 0.00799621 -5.80668 -0.0065381 -0.00738518 0.999951 1.03172
0.995639 -0.09312 0.00557585 -41.262 0.0930685 0.99562 0.00887822 -5.85193 -0.00637817 -0.00832057 0.999945 1.05343
0.996247 -0.0864432 0.00438125 -41.786 0.0863981 0.996214 0.00961674 -5.8901 -0.00519596 -0.00920212 0.999944 1.0641
0.996717 -0.0808944 0.00339569 -42.3189 0.0808492 0.996656 0.0118208 -5.92747 -0.00434057 -0.0115075 0.999924 1.08161
0.997119 -0.0758222 0.00207432 -42.8638 0.0757906 0.997045 0.0124926 -5.95961 -0.00301541 -0.0122994 0.99992 1.10547
0.99751 -0.0705205 0.000278171 -43.4244 0.0705137 0.997456 0.010426 -5.99677 -0.00101271 -0.0103804 0.999946 1.12574
0.99772 -0.0674798 0.00062314 -43.9564 0.0674722 0.997686 0.00836097 -6.02128 -0.00118589 -0.00829987 0.999965 1.13004
0.997948 -0.0640157 0.00154664 -44.494 0.0640036 0.997926 0.00694521 -6.05097 -0.00198803 -0.00683197 0.999975 1.14418
0.998074 -0.061993 0.00241524 -45.0528 0.0619768 0.998058 0.00627739 -6.0872 -0.00279971 -0.00611561 0.999977 1.1424
0.998187 -0.0601181 0.00285695 -45.6225 0.0600987 0.998172 0.00645316 -6.11294 -0.00323968 -0.00626977 0.999975 1.15238
0.998282 -0.0584982 0.00328272 -46.1855 0.0584756 0.998267 0.00661328 -6.14936 -0.0036639 -0.00640996 0.999973 1.17888
0.998333 -0.0575772 0.00388499 -46.7535 0.0575538 0.998325 0.00589162 -6.17599 -0.0042177 -0.00565821 0.999975 1.19319
0.998316 -0.0579072 0.00347485 -47.3273 0.0578888 0.99831 0.005184 -6.20778 -0.00376917 -0.00497412 0.999981 1.20977
0.998299 -0.0581568 0.00420013 -47.9187 0.0581395 0.9983 0.00413857 -6.24249 -0.00443367 -0.00388734 0.999983 1.22581
0.998258 -0.0587751 0.00504743 -48.4811 0.0587543 0.998264 0.00417439 -6.28102 -0.00528402 -0.00387056 0.999979 1.23089
0.998199 -0.0597587 0.00532801 -49.0428 0.0597302 0.9982 0.00535881 -6.3208 -0.00563865 -0.00503091 0.999971 1.24207
0.998171 -0.0603467 0.00346345 -49.6139 0.0603241 0.998159 0.00631026 -6.34245 -0.00383788 -0.0060898 0.999974 1.27676
0.998146 -0.0607896 0.00288359 -50.1928 0.0607729 0.998136 0.00556801 -6.38046 -0.00321669 -0.00538244 0.99998 1.30258
0.998117 -0.0611876 0.00421959 -50.7746 0.0611664 0.998115 0.00498194 -6.42294 -0.00451647 -0.00471446 0.999979 1.30434
0.998063 -0.0619033 0.00612132 -51.3656 0.0618703 0.998069 0.00544235 -6.45263 -0.0064464 -0.00505309 0.999966 1.30907
0.998003 -0.0627733 0.0070518 -51.9351 0.0627238 0.998006 0.0070266 -6.49146 -0.00747882 -0.00657025 0.99995 1.32018
0.997984 -0.0630938 0.00685266 -52.5269 0.0630311 0.997971 0.00901485 -6.52252 -0.00740754 -0.00856475 0.999936 1.34626
0.997959 -0.0635854 0.00587241 -53.1168 0.063523 0.997928 0.0102627 -6.56701 -0.0065128 -0.00986869 0.99993 1.37203
0.997933 -0.0640713 0.00486237 -53.7003 0.0640239 0.997905 0.00933377 -6.59984 -0.00545021 -0.00900317 0.999945 1.39526
0.99785 -0.0652559 0.00614878 -54.2807 0.0652056 0.997839 0.00805261 -6.64316 -0.00666097 -0.00763436 0.999949 1.40613
0.997772 -0.0663149 0.00727893 -54.8632 0.0662559 0.99777 0.00806994 -6.67503 -0.00779786 -0.00756969 0.999941 1.40806
0.997729 -0.0669499 0.007377 -55.4568 0.0668808 0.997718 0.00925801 -6.71283 -0.00797999 -0.00874361 0.99993 1.42736
0.997704 -0.0673267 0.00739709 -56.0453 0.0672483 0.997682 0.0103865 -6.75379 -0.00807924 -0.00986519 0.999919 1.44294
0.997663 -0.0679833 0.00682314 -56.6455 0.0679132 0.997641 0.0100167 -6.80044 -0.00748801 -0.00952995 0.999927 1.4747
0.997651 -0.0681877 0.00659082 -57.2417 0.0681264 0.997635 0.0091044 -6.8341 -0.00719604 -0.008634 0.999937 1.49002
0.997618 -0.068587 0.0072968 -57.8453 0.0685335 0.997622 0.0073458 -6.87785 -0.00778327 -0.00682823 0.999946 1.50679
0.997563 -0.0692235 0.00877167 -58.4306 0.0691726 0.997587 0.00597779 -6.91714 -0.0091643 -0.00535646 0.999944 1.50386
0.997473 -0.0704144 0.00949466 -59.0243 0.0703726 0.99751 0.00467509 -6.97049 -0.00980021 -0.00399512 0.999944 1.53261
0.997438 -0.0707987 0.0101975 -59.625 0.0707515 0.997482 0.00492497 -7.01877 -0.0105205 -0.00419087 0.999936 1.55275
0.997415 -0.0709518 0.0113818 -60.2478 0.0708939 0.997469 0.0054125 -7.05677 -0.011737 -0.00459161 0.999921 1.57486
0.997352 -0.0717013 0.0121341 -60.8608 0.071642 0.997417 0.00525136 -7.10819 -0.0124793 -0.00436815 0.999913 1.59831
0.997304 -0.0725494 0.0110272 -61.4615 0.0725059 0.997359 0.00429815 -7.15495 -0.0113099 -0.00348702 0.99993 1.62851
0.99724 -0.0734783 0.010675 -62.0617 0.073446 0.997293 0.0033885 -7.19218 -0.0108951 -0.00259511 0.999937 1.64356
0.997126 -0.0749576 0.0110401 -62.6802 0.0749252 0.997184 0.00332105 -7.24178 -0.0112579 -0.00248432 0.999934 1.65794
0.996911 -0.0777005 0.0114063 -63.2922 0.0776584 0.996972 0.00408656 -7.28719 -0.0116893 -0.00318815 0.999927 1.66992
0.996645 -0.0810239 0.011563 -63.9054 0.0809682 0.996703 0.00521154 -7.34882 -0.0119471 -0.00425782 0.99992 1.68973
0.996322 -0.0848353 0.0120837 -64.5129 0.0847552 0.996377 0.00699842 -7.39479 -0.0126336 -0.00594852 0.999902 1.72445
0.995965 -0.0888334 0.0127132 -65.1327 0.0887429 0.996026 0.00751566 -7.45305 -0.0133304 -0.00635713 0.999891 1.75377
0.995623 -0.0925221 0.0132001 -65.7464 0.092435 0.995694 0.00706399 -7.51894 -0.0137968 -0.00581292 0.999888 1.77124
0.995273 -0.0961657 0.0135248 -66.3574 0.096076 0.995348 0.00713601 -7.58347 -0.0141482 -0.00580287 0.999883 1.78013
0.994856 -0.100617 0.0117068 -66.9718 0.100544 0.994911 0.0066108 -7.64789 -0.0123124 -0.00539974 0.99991 1.80801
0.994359 -0.105623 0.00971626 -67.5929 0.105554 0.994386 0.00744891 -7.71057 -0.0104485 -0.0063813 0.999925 1.83695
0.99383 -0.110598 0.00837975 -68.1977 0.110529 0.993838 0.00830873 -7.77661 -0.00924704 -0.00733125 0.99993 1.8635
0.993321 -0.115117 0.00784742 -68.7987 0.115054 0.993327 0.00798867 -7.84999 -0.00871469 -0.00703243 0.999937 1.88535
0.992693 -0.12044 0.00745902 -69.412 0.120381 0.992697 0.00785102 -7.92671 -0.00835012 -0.00689572 0.999941 1.90846
0.99199 -0.125948 0.00966222 -70.0163 0.125878 0.992017 0.00760696 -8.01462 -0.0105432 -0.00632977 0.999924 1.91688
0.991279 -0.131325 0.0109201 -70.6103 0.131261 0.991327 0.00636283 -8.10578 -0.011661 -0.00487395 0.99992 1.93893
0.990522 -0.136942 0.0105977 -71.2112 0.136894 0.990572 0.00517969 -8.19344 -0.0112071 -0.00367984 0.99993 1.96004
0.989664 -0.143056 0.00996481 -71.8133 0.14301 0.989708 0.00513102 -8.27583 -0.0105963 -0.00365292 0.999937 1.9717
0.988664 -0.149842 0.00950094 -72.4144 0.14978 0.988695 0.00690117 -8.38565 -0.0104276 -0.00539989 0.999931 1.99543
0.987607 -0.156725 0.00832262 -72.9981 0.156654 0.987617 0.00853756 -8.4801 -0.00955761 -0.00712798 0.999929 2.0294
0.98661 -0.162923 0.0075309 -73.5861 0.162855 0.98661 0.00882688 -8.57598 -0.00886817 -0.00748225 0.999933 2.05767
0.985572 -0.169073 0.00784478 -74.1828 0.169009 0.98558 0.0082287 -8.68423 -0.00912291 -0.00678414 0.999935 2.06676
0.984475 -0.175352 0.00772907 -74.7737 0.175289 0.984483 0.00821766 -8.80965 -0.00905012 -0.00673527 0.999936 2.0815
0.983257 -0.182093 0.0069413 -75.3622 0.182028 0.983252 0.00905341 -8.91698 -0.00847361 -0.00763832 0.999935 2.10042
0.982008 -0.188737 0.00617926 -75.9271 0.188665 0.981983 0.0106682 -9.02816 -0.00808141 -0.00931042 0.999924 2.12628
0.980728 -0.195282 0.00606809 -76.5091 0.195191 0.980677 0.0131905 -9.13725 -0.00852671 -0.0117519 0.999895 2.15614
0.979457 -0.201569 0.00586624 -77.077 0.201471 0.979392 0.0141754 -9.26674 -0.00860268 -0.0127023 0.999882 2.18072
0.978198 -0.207599 0.00564145 -77.643 0.207512 0.978145 0.0131032 -9.39886 -0.00823837 -0.0116469 0.999898 2.19355
0.976831 -0.213917 0.00631255 -78.2211 0.213822 0.976784 0.0131414 -9.53154 -0.00897715 -0.0114871 0.999894 2.17407
0.975459 -0.220119 0.00513516 -78.775 0.220037 0.975403 0.0131647 -9.67065 -0.00790665 -0.0117117 0.9999 2.21107
0.974059 -0.226242 0.00485619 -79.3329 0.226163 0.974001 0.0131318 -9.8025 -0.0077009 -0.0116929 0.999902 2.24798
0.972732 -0.23188 0.00497397 -79.8908 0.231804 0.972682 0.0125184 -9.93794 -0.00774087 -0.0110241 0.999909 2.25546
0.971225 -0.238124 0.00441644 -80.4445 0.238058 0.971177 0.0119422 -10.0897 -0.00713286 -0.0105471 0.999919 2.26345
0.969691 -0.2443 0.00413635 -80.9988 0.244242 0.96965 0.0111626 -10.2358 -0.00673783 -0.00981402 0.999929 2.27509
0.968141 -0.250366 0.0044281 -81.5416 0.250302 0.968099 0.0115031 -10.3844 -0.00716683 -0.0100283 0.999924 2.29793
0.966461 -0.256731 0.00649945 -82.0796 0.256629 0.966418 0.0133441 -10.534 -0.00970703 -0.0112286 0.99989 2.3163
0.964607 -0.263576 0.00778565 -82.6009 0.263455 0.964573 0.013798 -10.6727 -0.0111466 -0.0112585 0.999874 2.34821
0.962729 -0.270322 0.00883959 -83.1371 0.2702 0.962718 0.0128997 -10.8292 -0.0119971 -0.0100304 0.999878 2.36309
0.961072 -0.276152 0.00895634 -83.6663 0.276052 0.961081 0.0109275 -10.9922 -0.0116254 -0.00802974 0.9999 2.37185
0.95917 -0.282738 0.00725214 -84.1858 0.282675 0.959176 0.00870315 -11.1594 -0.0094168 -0.00629781 0.999936 2.39312
0.957125 -0.289647 0.00398117 -84.6977 0.289615 0.957117 0.00715535 -11.3219 -0.00588297 -0.00569556 0.999966 2.41861
0.955109 -0.296243 0.00240063 -85.2131 0.296226 0.9551 0.00579938 -11.4907 -0.00401087 -0.00482791 0.99998 2.44505
0.953183 -0.302384 0.00251272 -85.7253 0.302367 0.953175 0.00569435 -11.6702 -0.00411694 -0.00466799 0.999981 2.45534
0.950988 -0.309218 0.00237631 -86.2299 0.309202 0.950982 0.00526276 -11.8339 -0.00388717 -0.00427006 0.999983 2.47192
0.948791 -0.315897 0.00231836 -86.7265 0.315881 0.948783 0.0054516 -12.0128 -0.00392177 -0.0044401 0.999982 2.47796
0.946574 -0.322479 0.00242781 -87.2205 0.322458 0.946561 0.00653957 -12.1769 -0.00440695 -0.00540731 0.999976 2.49101
0.944173 -0.329448 -0.000876195 -87.7236 0.329442 0.944132 0.0091566 -12.3522 -0.00218938 -0.00893408 0.999958 2.48057
0.941895 -0.335854 -0.00592546 -88.1996 0.335896 0.941857 0.00885385 -12.5331 0.00260733 -0.0103297 0.999943 2.57978
0.939538 -0.342418 -0.00420434 -88.6826 0.342419 0.939547 -0.000508287 -12.7341 0.00412423 -0.00096209 0.999991 2.59478
0.936964 -0.349427 0.000311275 -89.1711 0.349426 0.936958 -0.00341887 -12.926 0.000902994 0.00331212 0.999994 2.51426
0.933688 -0.35807 0.00344363 -89.6528 0.358071 0.933694 0.000267355 -13.1102 -0.00331103 0.000983438 0.999994 2.51205
0.930309 -0.366763 0.00309101 -90.1078 0.366727 0.93029 0.00846438 -13.2969 -0.00597995 -0.00674094 0.999959 2.54716
0.926913 -0.375273 0.00149049 -90.5712 0.375211 0.926821 0.0148349 -13.4802 -0.00694855 -0.0131914 0.999889 2.6403
0.924264 -0.381747 0.00205977 -91.0297 0.381698 0.92421 0.011933 -13.6959 -0.00645905 -0.010243 0.999927 2.6921
