1.000000000000000000e+00 0.000000000000000000e+00 0.000000000000000000e+00 0.000000000000000000e+00 0.000000000000000000e+00 1.000000000000000000e+00 0.000000000000000000e+00 0.000000000000000000e+00 0.000000000000000000e+00 0.000000000000000000e+00 1.000000000000000000e+00 0.000000000000000000e+00
9.999166978934405092e-01 -1.290583887234889038e-02 1.913031077742859229e-04 1.179451285476964539e-01 1.290579816933846991e-02 9.999166941395671859e-01 2.124961447930842672e-04 4.832798258708136639e-04 -1.940296121099841680e-04 -2.100095241184850910e-04 9.999999591242538788e-01 1.418395234613928574e-03
9.994105703724005529e-01 -3.432830799287176632e-02 2.812441281600583506e-04 2.614409008176737381e-01 3.432808998556485108e-02 9.994103386984278803e-01 7.464185398043368582e-04 5.343077045013187865e-02 -3.067015749073808599e-04 -7.363240048629965135e-04 9.999996818805012566e-01 -1.190494265825868970e-03
9.983849265338745615e-01 -5.681113482031299733e-02 1.828397606073528059e-04 3.601561880442243901e-01 5.681087989316269127e-02 9.983842560828513069e-01 1.183694072032968024e-03 1.313814951205777293e-01 -2.497913418886087535e-04 -1.171395031465658626e-03 9.999992827187256239e-01 -5.284535723136408319e-03
9.968448707234204287e-01 -7.937404568519654258e-02 2.541337669782716118e-04 4.485028825139248387e-01 7.937360430442352843e-02 9.968439105293487312e-01 1.431425960532069306e-03 1.679182449348236295e-01 -3.669497676584233597e-04 -1.406738113516212748e-03 9.999989432173156390e-01 -3.001960462167922554e-03
9.945611154227765871e-01 -1.041545196707319848e-01 1.540167572769885504e-04 5.928920569670343976e-01 1.041540623119834447e-01 9.945594708697145236e-01 1.841251548540255665e-03 1.991206548243453223e-01 -3.449534952536727097e-04 -1.815195722955594178e-03 9.999982930343298548e-01 -3.598550455153778221e-03
9.912307161344544593e-01 -1.321425872949643920e-01 -6.336062958522666131e-05 7.508135401778159856e-01 1.321412712481393747e-01 9.912184640172475580e-01 4.963972624242325889e-03 2.145297871060588557e-01 -5.931479598921207902e-04 -4.928814693340021792e-03 9.999876774046849714e-01 -1.050865169043717698e-02
9.866045447417662873e-01 -1.631285889131167399e-01 -7.319659195924698835e-04 9.203322691185475968e-01 1.631293746141256051e-01 9.865748931956379586e-01 7.667284657547813846e-03 2.740684076682461945e-01 -5.286141280361766632e-04 -7.683983031667463055e-03 9.999703380460205349e-01 -2.176318814954568762e-02
9.805948464954836741e-01 -1.960425506911150639e-01 -1.032155521425168546e-03 1.094406369547362923e+00 1.960443678442616300e-01 9.805608016949215466e-01 8.192680633133839554e-03 3.552999280539628768e-01 -5.940227627547541456e-04 -8.236048684549161433e-03 9.999659067383362965e-01 -2.436789486972714552e-02
9.730406883011829544e-01 -2.306314978372579205e-01 -9.649433678190126682e-04 1.278757061767521463e+00 2.306319441988033681e-01 9.730100897768760859e-01 7.763472642810406894e-03 4.461555691397007251e-01 -8.516016910787604140e-04 -7.776721528929481271e-03 9.999693982201761644e-01 -1.903023324157876450e-02
9.637584961053740074e-01 -2.667753021333629238e-01 -7.066515128874324833e-04 1.459013863527509391e+00 2.667716002858060986e-01 9.637227417294220722e-01 8.449281299362862083e-03 5.384620166348050851e-01 -1.573043438000179626e-03 -8.331581193182580405e-03 9.999640544985421986e-01 -9.725101898047875532e-03
9.524719801929848462e-01 -3.046255079258511356e-01 -6.533514916233682489e-04 1.667233539962987621e+00 3.046109520410728577e-01 9.524006220362671860e-01 1.205085231685409583e-02 6.178844170693871263e-01 -3.048744640930678689e-03 -1.167711718912808894e-02 9.999271723932027234e-01 -1.588038497947222641e-02
9.388484808444137464e-01 -3.443298075371301059e-01 -7.166990857190188007e-04 1.893949530835653539e+00 3.443018344709939949e-01 9.387412603654761156e-01 1.486919188610238279e-02 7.398274268405987675e-01 -4.447110977343634620e-03 -1.420667902362804727e-02 9.998891905981756034e-01 -4.316310799776769402e-02
9.223878034538601778e-01 -3.862651073894491360e-01 8.278272988885030867e-05 2.118910632954627893e+00 3.862161361799200665e-01 9.222742324187389595e-01 1.572693138152906484e-02 8.779102526969734255e-01 -6.151113217658587054e-03 -1.447435766599807980e-02 9.998763207398904118e-01 -4.375651884540461556e-02
9.033275471290339587e-01 -4.289462859196034872e-01 2.103899622309926467e-03 2.320553095848578273e+00 4.288475498567748678e-01 9.032058351062266510e-01 1.757835065940004798e-02 1.018937190036446783e+00 -9.440422643290173263e-03 -1.497675618555767592e-02 9.998432753159238739e-01 -4.564003639262233930e-02
8.817341205934893233e-01 -4.717081120191286558e-01 6.033045381506883277e-03 2.507529663621685945e+00 4.715161998261041543e-01 8.816309667984272291e-01 1.998278468131686747e-02 1.154985555791175900e+00 -1.474496126734544180e-02 -1.477482444632342330e-02 9.997821216044047166e-01 -2.945774341177585798e-02
8.575193572229660166e-01 -5.143839843055775241e-01 8.346776493385475032e-03 2.709741028338595203e+00 5.141171468385652421e-01 8.574339345259636147e-01 2.214965575124616323e-02 1.333075339513489332e+00 -1.855023758565528536e-02 -1.470253764644003855e-02 9.997198227864998454e-01 -9.009065683703913058e-03
8.304845891208399999e-01 -5.569840912564950619e-01 8.004331325334443359e-03 2.920418221533226166e+00 5.566408018587617468e-01 8.303463578673901946e-01 2.599891694656959046e-02 1.521104799282861464e+00 -2.112735049229347295e-02 -1.713616245068132204e-02 9.996299250210748388e-01 -1.519253376091764599e-02
8.007054763545202736e-01 -5.990254870995073144e-01 6.261464771018222797e-03 3.113397930101048594e+00 5.986078846736890835e-01 8.004650609139307704e-01 3.040208319422127090e-02 1.742188594670290636e+00 -2.322370647360167198e-02 -2.059495232466065570e-02 9.995181376025014108e-01 -4.651295454009071045e-02
7.676416227817950411e-01 -6.408529195264084377e-01 5.820181046239290834e-03 3.311359904506351537e+00 6.403457581269359489e-01 7.673413723538292652e-01 3.383087824726927623e-02 1.956655800362172570e+00 -2.614668280627398256e-02 -2.224306203337698962e-02 9.994106249033014588e-01 -8.514242042787963094e-02
7.312583873096250020e-01 -6.820665852420423336e-01 6.807663739244310119e-03 3.498168356813219138e+00 6.814549165961009125e-01 7.309639728692388649e-01 3.620589750606786894e-02 2.178503431577289096e+00 -2.967098981038295696e-02 -2.183675029574373011e-02 9.993211639408992042e-01 -8.822355757151420508e-02
6.915946816926071827e-01 -7.222369646464374959e-01 8.400187664689875988e-03 3.661865655130273733e+00 7.215043652293406939e-01 6.913405612229279740e-01 3.846660061628973115e-02 2.440149946029392947e+00 -3.358939132386049020e-02 -2.054252434020014187e-02 9.992245781025529405e-01 -6.633305490724281106e-02
6.489223203518780236e-01 -7.607983648485224792e-01 9.255819409918226298e-03 3.832258286043421780e+00 7.599927771125666309e-01 6.487181323528260490e-01 3.969588761307574210e-02 2.722613903059941443e+00 -3.620498426823592908e-02 -1.872519160050833617e-02 9.991689378246608744e-01 -7.583338829449817742e-02
6.033803141531512981e-01 -7.973866916485804479e-01 1.032765579288356592e-02 4.006762689006535538e+00 7.964719729033945539e-01 6.032294437299603462e-01 4.179275770534001538e-02 2.996707550205371717e+00 -3.955493486050744301e-02 -1.699123888874945476e-02 9.990729227284694813e-01 -9.938648609427401526e-02
5.555810822254105830e-01 -8.313681933034036131e-01 1.251352215311094321e-02 4.176641943556317571e+00 8.302975181077618672e-01 5.555362656979079272e-01 4.455882537179769315e-02 3.286045838249004536e+00 -4.399650551274060517e-02 -1.436609403624194113e-02 9.989283872454567392e-01 -1.194740170159640374e-01
5.062511876184248027e-01 -8.622663755756102555e-01 1.436776206078132709e-02 4.311973104702665260e+00 8.610131118008456097e-01 5.063147978822051254e-01 4.797652293076838659e-02 3.605728911902215561e+00 -4.864315308405790794e-02 -1.191734018993663782e-02 9.987451229722417168e-01 -1.209501215005913816e-01
4.566279627030743749e-01 -8.895294663043751271e-01 1.510735760791689225e-02 4.406841647835505249e+00 8.880498178063203074e-01 4.567574355119149443e-01 5.234659682099938871e-02 3.937816929775814323e+00 -5.346423825138741509e-02 -1.048683368956666515e-02 9.985146977122401069e-01 -1.201079943095815644e-01
4.073324237466205977e-01 -9.131794224504465873e-01 1.355134597642216124e-02 4.518578436478105864e+00 9.113742524627646002e-01 4.073957676855444188e-01 5.852914162913258611e-02 4.288429459292485646e+00 -5.896836874664859729e-02 -1.149046931047777165e-02 9.981937189756225903e-01 -1.520930461917337495e-01
3.589961837071946604e-01 -9.332276725201906764e-01 1.441704984447690283e-02 4.619074939415947156e+00 9.311488087194979002e-01 3.591686142736305598e-01 6.292696195606466147e-02 4.662352286395643475e+00 -6.390333405957943080e-02 -9.166120406580754998e-03 9.979139973628798899e-01 -2.012980565645465514e-01
3.120542502811420871e-01 -9.498993240387496595e-01 1.770364573190742058e-02 4.715128869207668494e+00 9.476955779911626632e-01 3.125372092697655813e-01 6.475788969587517596e-02 5.032377034444218467e+00 -6.704652367923868983e-02 -3.430307944384449609e-03 9.977439534519545461e-01 -2.167075290972090285e-01
2.669551493278450316e-01 -9.634797493002507096e-01 2.101715812554658114e-02 4.795270170348649330e+00 9.612696807754377293e-01 2.677668115304137064e-01 6.528043707516135996e-02 5.402609718811129724e+00 -6.852407656609538211e-02 2.776208054564355265e-03 9.976456002005931190e-01 -2.144665388546430351e-01
2.246049157692855403e-01 -9.742275826884502221e-01 2.081463286467061594e-02 4.852804073062937817e+00 9.720537119316782215e-01 2.254985450601473262e-01 6.528389767471452776e-02 5.764445587451102249e+00 -6.829504324706162088e-02 5.569856800278268766e-03 9.976496197378649233e-01 -2.045986780617986001e-01
1.853789105151912864e-01 -9.824766937296471880e-01 1.934440007499637834e-02 4.893290213236458186e+00 9.802980190007961614e-01 1.862622711443944201e-01 6.574313873893306015e-02 6.141047095696153590e+00 -6.819423347553106585e-02 6.775885639005330141e-03 9.976490534724582471e-01 -2.563133068288849792e-01
1.499668902333634035e-01 -9.884918949281006340e-01 1.984201338542231421e-02 4.926941986794898476e+00 9.862408136538894921e-01 1.509771320775566972e-01 6.734213445496052552e-02 6.552319881627217235e+00 -6.956284437146241506e-02 9.469912939882807468e-03 9.975326217381879079e-01 -3.197877143726494120e-01
1.188386067421005610e-01 -9.926678920649212312e-01 2.208713677647313606e-02 4.962200997033921368e+00 9.903957908300999868e-01 1.200910776862801344e-01 6.851503897808911003e-02 6.952968647789249168e+00 -7.066514737561654935e-02 1.373277552187085818e-02 9.974055583476805209e-01 -3.223030423386060717e-01
9.126381404107042350e-02 -9.955539661609151825e-01 2.330700984573133572e-02 4.989246123083095341e+00 9.932957162467774825e-01 9.267454436725564015e-02 6.910172872022599111e-02 7.360302283647147448e+00 -7.095446661401288990e-02 1.684426571844716697e-02 9.973373222635997237e-01 -2.975561211383614402e-01
6.680525173469542555e-02 -9.975358697811771425e-01 2.143004527701472192e-02 4.987915253993776332e+00 9.951601326335193232e-01 6.816668388108626520e-02 7.077862407176836734e-02 7.775307792905129745e+00 -7.206503144730203037e-02 1.659794290166642303e-02 9.972618209547241541e-01 -3.330354398858503262e-01
4.705729429234895012e-02 -9.987379205352369116e-01 1.755497476029408560e-02 4.990381149763583046e+00 9.961357645902571001e-01 4.822489306602439907e-02 7.340230373057105018e-02 8.193284576988402179e+00 -7.415625097095832063e-02 1.403302439682232311e-02 9.971478950828760457e-01 -3.895285854365390654e-01
3.137405693457528955e-02 -9.993985996727786647e-01 1.476846381840629316e-02 4.992512346425630909e+00 9.966265838335809368e-01 3.240129144592607258e-02 7.540297546412266794e-02 8.629376980153296017e+00 -7.583614539039386371e-02 1.235294639856031329e-02 9.970437722425236071e-01 -4.511222376752300756e-01
1.760181586221953864e-02 -9.997169620347055030e-01 1.600537092516210805e-02 4.993219814517002142e+00 9.968853065260696589e-01 1.877826598479148679e-02 7.659675162191312281e-02 9.072737888636495995e+00 -7.687562494560382098e-02 1.460727718310056780e-02 9.969336817173541920e-01 -4.925568133140137972e-01
5.193773808982449225e-03 -9.997734411964155354e-01 2.064197160880043916e-02 5.001927805692131912e+00 9.968088303454495369e-01 6.820480762321112778e-03 7.953387195093492013e-02 9.502624817585555661e+00 -7.965664102231549693e-02 2.016301863432660643e-02 9.966184185637920745e-01 -4.969083365598110924e-01
-5.039904143188111973e-03 -9.996408296622277811e-01 2.632130388943250063e-02 5.005362189660153227e+00 9.965632649231480622e-01 -2.844562285390761502e-03 8.278627586212367051e-02 9.942126206127563037e+00 -8.268166889911318651e-02 2.664807943580387375e-02 9.962196652799223395e-01 -4.910272635457075263e-01
-1.240903008999771906e-02 -9.995196656099178956e-01 2.839813429194406463e-02 4.997328779181481551e+00 9.962756153946050741e-01 -9.935241922743198728e-03 8.565155654182486644e-02 1.038510200294875752e+01 -8.532827281930877028e-02 2.935522146014786157e-02 9.959203566705017163e-01 -5.173308400633647164e-01
-1.837492152298625392e-02 -9.994131265678910525e-01 2.890959534163855746e-02 4.979181490584122294e+00 9.960238023278092934e-01 -1.577633944987155701e-02 8.767948625543112162e-02 1.084119090436686506e+01 -8.717194190493869621e-02 3.040574875505642344e-02 9.957291514197856852e-01 -5.768836147783749091e-01
-2.265103160390391501e-02 -9.993128518402424332e-01 2.933862495415628588e-02 4.964823886031886069e+00 9.959175371709253488e-01 -1.998971810070004906e-02 8.802653194152930405e-02 1.127817966691851304e+01 -8.737957382980009180e-02 3.121274286531441552e-02 9.956859820044401399e-01 -6.293262410592406209e-01
-2.609807642769701452e-02 -9.992031686424377446e-01 3.019798307314660452e-02 4.965146442360057755e+00 9.958962347710448304e-01 -2.336929090628991901e-02 8.743320771533598379e-02 1.171909453559960923e+01 -8.665783274251656620e-02 3.235589617749999591e-02 9.957125669624345976e-01 -6.402875549313952197e-01
-2.900048652578379738e-02 -9.992141889043730796e-01 2.701807679025391290e-02 4.944050758077483287e+00 9.959022331573255116e-01 -2.656691651347364846e-02 8.644617365284977539e-02 1.217504291389095705e+01 -8.566045629997756650e-02 2.941434410525499768e-02 9.958900956367310320e-01 -6.254689571705941420e-01
-3.212338752131826958e-02 -9.993304991751584820e-01 1.751117907179543243e-02 4.904325629991139301e+00 9.959064166985952538e-01 -3.052245265266795293e-02 8.508107346895948941e-02 1.263119588166757268e+01 -8.448962748598232153e-02 2.017258789533231400e-02 9.962201411058125844e-01 -6.741785574942773529e-01
-3.622392196137691478e-02 -9.992789198517367799e-01 1.137839257900903622e-02 4.866284643699456680e+00 9.958956033412359465e-01 -3.515158238496196574e-02 8.340451727231922019e-02 1.310022016684559532e+01 -8.294440742648920284e-02 1.435292986742446597e-02 9.964508109690559667e-01 -7.938521193156515832e-01
-4.013422149192114041e-02 -9.990961857305828975e-01 1.400199713748371405e-02 4.854999226626469877e+00 9.958432094728497663e-01 -3.884896907450330339e-02 8.238361335036442634e-02 1.355382892747692125e+01 -8.176519071127683058e-02 1.725019595392975752e-02 9.965023252995948155e-01 -8.753988463796510411e-01
-4.407605418854965151e-02 -9.987355579431320685e-01 2.417822878518876076e-02 4.860879316916692616e+00 9.955176428393364141e-01 -4.188119653038357981e-02 8.479733588265118971e-02 1.401302714043371189e+01 -8.367750141334173719e-02 2.780738529966967146e-02 9.961048263511305123e-01 -8.572217074868830888e-01
-4.729141030224126574e-02 -9.983745210169459039e-01 3.180940577579498274e-02 4.844592259297886727e+00 9.951457698195378399e-01 -4.433922642385046409e-02 8.785744026782374427e-02 1.448036541880555106e+01 -8.630422540006234267e-02 3.580989785406583914e-02 9.956250458349149568e-01 -7.760950128171799633e-01
-4.907795400073555747e-02 -9.984868427405465541e-01 2.480683988575344001e-02 4.799567082043578736e+00 9.951894932110786351e-01 -4.677727379287088816e-02 8.607995851987837455e-02 1.495965579565047676e+01 -8.478930966447874307e-02 2.891213465869512528e-02 9.959793478963800961e-01 -7.510759001298520365e-01
-5.033318848400591961e-02 -9.987163048467800897e-01 5.684414677645958924e-03 4.742812276220882417e+00 9.956835448718522885e-01 -4.973432288216095287e-02 7.836310100344237584e-02 1.544868751020027631e+01 -7.797979615551881016e-02 9.604142889757541490e-03 9.969086777789111231e-01 -8.784992815523107179e-01
-5.303291099229467953e-02 -9.985214504168253846e-01 -1.193412791800587541e-02 4.696536840815212166e+00 9.959723958078943173e-01 -5.375517733034840262e-02 7.175909488606059539e-02 1.592175655446718885e+01 -7.229451666874325833e-02 -8.080468282394129287e-03 9.973505947719538689e-01 -1.060267621640315516e+00
-5.651548040360188097e-02 -9.983274166463916854e-01 -1.218070797993161744e-02 4.677662894375138158e+00 9.959372316363676036e-01 -5.722847234044547982e-02 6.952648843475119078e-02 1.639226986166048405e+01 -7.010728289727692630e-02 -8.201897690238685312e-03 9.975057382085779079e-01 -1.140247161008387300e+00
-5.857348457108169093e-02 -9.982830995587410605e-01 -6.371378501360269730e-06 4.662592560614973181e+00 9.957035611412989873e-01 -5.842259067778665660e-02 7.184162601884716559e-02 1.688203562761965060e+01 -7.171865333187285585e-02 4.201670368913161535e-03 9.974160519714797557e-01 -1.048235832098209697e+00
-5.891268556508277854e-02 -9.982303644630551309e-01 8.089186823557255324e-03 4.620720948404331452e+00 9.955109161991894107e-01 -5.814702902310076027e-02 7.467890427716353252e-02 1.740942207006947839e+01 -7.407638765329185859e-02 1.245240859205131584e-02 9.971748223418478441e-01 -9.431983400033790987e-01
-5.943129722203277510e-02 -9.982139504995544144e-01 6.068767467924389425e-03 4.557106730162714392e+00 9.955387832562483386e-01 -5.882351722981260522e-02 7.377211433450041322e-02 1.792942346650904284e+01 -7.328336743883329119e-02 1.042606583459403102e-02 9.972566596458695143e-01 -9.829761504674977557e-01
-6.122751485295019336e-02 -9.981167742850380886e-01 -3.754506060991279204e-03 4.518400541879424637e+00 9.957609662520128246e-01 -6.134081278623715328e-02 6.853760118053009442e-02 1.842016426204599355e+01 -6.863883386093716510e-02 4.577964111747712117e-04 9.976414691203732144e-01 -1.114781402806515942e+00
-6.269857164581837949e-02 -9.979235731283986333e-01 -1.474555215053040616e-02 4.501513506602527137e+00 9.960200157253118469e-01 -6.350310607661180384e-02 6.254185632975868547e-02 1.891123400788652020e+01 -6.334838110104908104e-02 -1.076558002489584609e-02 9.979334070460833539e-01 -1.226344965054387837e+00
-6.403744743204242695e-02 -9.978101020410393707e-01 -1.655915430326243207e-02 4.474935658986121112e+00 9.960452819167261440e-01 -6.493061806390065804e-02 6.064496029572274960e-02 1.943187937460562509e+01 -6.158735014447620781e-02 -1.261011905933995605e-02 9.980220354278210859e-01 -1.259860077440309256e+00
-6.545765462418451364e-02 -9.978017852132173848e-01 -1.033890112235522074e-02 4.430187521067558976e+00 9.958358843113989112e-01 -6.598052407177479317e-02 6.290836161392739101e-02 1.996276331124996872e+01 -6.345224163759463631e-02 -6.178014934490976690e-03 9.979657535019093029e-01 -1.222262824958584071e+00
-6.570008061480003825e-02 -9.978228584206747520e-01 -5.748271079471772155e-03 4.380216198278109374e+00 9.955990901052844677e-01 -6.593729412330606721e-02 6.659373112558217289e-02 2.049290721825256867e+01 -6.682777258549386923e-02 -1.347759953009557143e-03 9.977636154693007020e-01 -1.185844221118727004e+00
-6.625631051714808706e-02 -9.977760123440753137e-01 -7.289067664062454099e-03 4.344557209332813308e+00 9.953212025426618759e-01 -6.660464855837000542e-02 6.999660391365952750e-02 2.102571796178128594e+01 -7.032641812068193832e-02 -2.617246868760227108e-03 9.975205987512955064e-01 -1.218697274868220326e+00
-6.644570968493557217e-02 -9.976903055277186461e-01 -1.410751290883986708e-02 4.318965912620051029e+00 9.951136562765603433e-01 -6.729573667205679399e-02 7.225022434332800669e-02 2.156272165754391779e+01 -7.303272387335205118e-02 -9.237861320296192336e-03 9.972867607473117069e-01 -1.297958634195290895e+00
-6.537664032320611440e-02 -9.976628066958881380e-01 -1.987005374259748908e-02 4.267946966721751778e+00 9.951244186550827209e-01 -6.665807327023975937e-02 7.269176476247868335e-02 2.211565712635267289e+01 -7.384636955486939547e-02 -1.502083231991192119e-02 9.971565014078695999e-01 -1.389364512774310834e+00
-6.405489868661740083e-02 -9.977317961216846109e-01 -2.069379042236575705e-02 4.215609313574505634e+00 9.952449633132142148e-01 -6.539250734965929013e-02 7.218921652299734038e-02 2.266519156849534866e+01 -7.337869550439417299e-02 -1.597131773907187191e-02 9.971762552606991958e-01 -1.430208924065100806e+00
-6.355389538359568213e-02 -9.978139425430007092e-01 -1.811735213447895204e-02 4.185475644563020126e+00 9.953408552868606707e-01 -6.469447294697183715e-02 7.149270569040250267e-02 2.320188125870033957e+01 -7.250851107554173725e-02 -1.348930083092748228e-02 9.972765687534731471e-01 -1.411914969805063036e+00
-6.284744561341137903e-02 -9.978820099937585342e-01 -1.678370372374488745e-02 4.160797898022975616e+00 9.953774283459443373e-01 -6.389567738841295252e-02 7.170158680594806988e-02 2.372700356112481401e+01 -7.262212968017647818e-02 -1.219985827347935120e-02 9.972849090098689917e-01 -1.404782596925274962e+00
-6.169506284389902895e-02 -9.979575430599846309e-01 -1.656687871525670472e-02 4.131384964685381966e+00 9.953347549934291605e-01 -6.274956672460296758e-02 7.328858968519291750e-02 2.426654114691764264e+01 -7.417846535792786689e-02 -1.196804602068717374e-02 9.971731650779565026e-01 -1.459990020478541206e+00
-5.863374197478643524e-02 -9.981300183907022561e-01 -1.727861943010356935e-02 4.081723305294685744e+00 9.955564771068108332e-01 -5.974259885267407810e-02 7.278820490302247148e-02 2.480242668122992100e+01 -7.368436192782072680e-02 -1.293399666401147743e-02 9.971977369296348703e-01 -1.539283500707716135e+00
-5.566050469400929401e-02 -9.982514498324145391e-01 -1.989852066588901694e-02 4.040303904033721416e+00 9.961245528642060920e-01 -5.687917885114490701e-02 6.708676616371772594e-02 2.535265360919540711e+01 -6.810127310332768358e-02 -1.608732173800635559e-02 9.975487029117946491e-01 -1.567622803772383167e+00
-5.276227886452877769e-02 -9.983609285362147201e-01 -2.217201617645679981e-02 4.015975285675192907e+00 9.967954203007192149e-01 -5.399039100384905865e-02 5.902480619844879123e-02 2.592252325848371797e+01 -6.012513614566401821e-02 -1.898668089895828165e-02 9.980102574382221370e-01 -1.593543438356000097e+00
-4.893859977596926036e-02 -9.985622547115693415e-01 -2.187320089321339450e-02 4.028510526996996965e+00 9.972263018148594949e-01 -5.007923223240196009e-02 5.506154254715703300e-02 2.646735154566768244e+01 -5.607777118098333097e-02 -1.911789644182984929e-02 9.982433519012349210e-01 -1.612926601366038604e+00
-4.389553884596142375e-02 -9.988726094976829728e-01 -1.807461381918547619e-02 4.014946819659451549e+00 9.974618168564386433e-01 -4.483447443833998847e-02 5.531540305639087024e-02 2.702493051988882300e+01 -5.606340680761237594e-02 -1.560063771542143790e-02 9.983053212920365294e-01 -1.639063627686430547e+00
-3.843664116194211999e-02 -9.991043536168414674e-01 -1.769506145965910396e-02 3.978612733581503580e+00 9.972787759448119571e-01 -3.946922160248322875e-02 6.226735578223418360e-02 2.757417678230142855e+01 -6.290999655225984477e-02 -1.525356122245231233e-02 9.979026311238123892e-01 -1.646140358645836743e+00
-3.293610649176881289e-02 -9.993276827452240996e-01 -1.610575636919862885e-02 3.944108584938945228e+00 9.968654369150514727e-01 -3.400623456900042640e-02 7.143442233686772558e-02 2.814168925364785068e+01 -7.193409187114782610e-02 -1.370250011856351258e-02 9.973152600442720672e-01 -1.715661957246073177e+00
-2.655807731229575808e-02 -9.995504297502586510e-01 -1.391427021253341736e-02 3.925372914710134609e+00 9.968390482978191081e-01 -2.752349994472425010e-02 7.452763742056429941e-02 2.872456696206666393e+01 -7.487710142742204367e-02 -1.189097711990241835e-02 9.971218703573608844e-01 -1.769661676362197067e+00
-2.073383564745001628e-02 -9.996936387707281435e-01 -1.351801245323306852e-02 3.929551260754970077e+00 9.972593586955719180e-01 -2.164003285276261401e-02 7.074942029605879590e-02 2.930453376315120195e+01 -7.102027565027863032e-02 -1.201405757737912874e-02 9.974025179771133232e-01 -1.776859910834232448e+00
-1.565227767522192615e-02 -9.997637345775042261e-01 -1.508248080455643417e-02 3.934896189491760676e+00 9.978127272328584096e-01 -1.658707818056370797e-02 6.398929761731564358e-02 2.984651687022639877e+01 -6.422435344714089167e-02 -1.404791305048305045e-02 9.978366041407895626e-01 -1.802453412034173974e+00
-1.136020133538928611e-02 -9.997936629999929492e-01 -1.683975209664624259e-02 3.944632858584315560e+00 9.982056738451418054e-01 -1.232909414025673556e-02 5.859544471243297026e-02 3.039978776860641574e+01 -5.879097319305504055e-02 -1.614388003974799590e-02 9.981397680727261967e-01 -1.816704322221878165e+00
-7.776386782923028207e-03 -9.998072580240559004e-01 -1.802705220000740127e-02 3.939295569849607936e+00 9.982785090838205422e-01 -8.810018504628480684e-03 5.798622142658564627e-02 3.096487155469786501e+01 -5.813386371115630835e-02 -1.754509550750625591e-02 9.981546090228934354e-01 -1.853680325478961555e+00
-4.573277331979097582e-03 -9.998346621182147009e-01 -1.759924888739353502e-02 3.927587676848331544e+00 9.981425470104979825e-01 -5.633297025480876741e-03 6.066071061254178776e-02 3.154852660188895896e+01 -6.074982289554956005e-02 -1.728914085714858620e-02 9.980032788656463261e-01 -1.892143768119780800e+00
-1.747909693751159566e-03 -9.998594250150052432e-01 -1.667558156005138556e-02 3.899510309722495016e+00 9.979517847735439595e-01 -2.810441339982983067e-03 6.390881540736942368e-02 3.209805764738136702e+01 -6.394669717038710399e-02 -1.652971954202340013e-02 9.978164101140354347e-01 -1.934500849149006330e+00
3.687124645936901146e-04 -9.998818402489509927e-01 -1.536781023730091761e-02 3.905098909238147620e+00 9.978941228495675775e-01 -6.289068570510814027e-04 6.486080525600455837e-02 3.263253164810002005e+01 -6.486280624063875400e-02 -1.535936250423148089e-02 9.977759800426411196e-01 -1.968322059118064571e+00
8.239939939179707906e-04 -9.999236534174460456e-01 -1.232916745793197211e-02 3.918346125575829841e+00 9.979891958557747245e-01 4.086517751555884814e-05 6.338425108165024469e-02 3.316014989714640393e+01 -6.337890807707562135e-02 -1.235660415911299034e-02 9.979130364639058337e-01 -1.982381658998795926e+00
5.724741450988668490e-04 -9.999434523715861056e-01 -1.061905516263130997e-02 3.912693297762666500e+00 9.981169196818530098e-01 -7.998233094896889384e-05 6.134010309443865827e-02 3.365459090868682068e+01 -6.133748379386637362e-02 -1.063417425193650956e-02 9.980604327493484140e-01 -1.992101045152503636e+00
-8.157832604029913171e-04 -9.999569025259197330e-01 -9.248112696126829096e-03 3.909841396120457446e+00 9.982056017284924865e-01 -1.368007916779045985e-03 5.986405626248469947e-02 3.417094449653454546e+01 -5.987412776425515837e-02 -9.182681803691434413e-03 9.981636975864037753e-01 -2.010881188929647401e+00
-3.089874954980142974e-03 -9.999834402834625324e-01 -4.855083069671639606e-03 3.919977809046672590e+00 9.980393866683882065e-01 -3.387302438432993057e-03 6.249727066663100794e-02 3.469278208824271559e+01 -6.251268136426509081e-02 -4.652455377691724903e-03 9.980333257600211283e-01 -2.039916709689973739e+00
-6.366758878662004406e-03 -9.999677270291026376e-01 -4.899926696510625845e-03 3.921850383990729938e+00 9.977889226940300782e-01 -6.676910880072828292e-03 6.612627775844079348e-02 3.519628305872371499e+01 -6.615686004087463490e-02 -4.468082513759623342e-03 9.977992313627939147e-01 -2.083785242617693712e+00
-1.222084363313813427e-02 -9.999047786604453592e-01 -6.409726429453782570e-03 3.916440147237510327e+00 9.978522883498595064e-01 -1.260781130808785733e-02 6.427949695640565453e-02 3.567525725520588509e+01 -6.435418879795858083e-02 -5.610410504206016918e-03 9.979113496088372059e-01 -2.142288239127980276e+00
-2.022768573363542544e-02 -9.997723050377214093e-01 -6.795499203390665405e-03 3.882000084915100846e+00 9.980023002868514403e-01 -2.059783164991646487e-02 5.972552179324530641e-02 3.614375351319731067e+01 -5.985189514138208877e-02 -5.573814751470201889e-03 9.981917066561418750e-01 -2.143670489024501968e+00
-3.044683745120924101e-02 -9.995329912997037436e-01 -2.605646308732535721e-03 3.873714545685770005e+00 9.977430443931021298e-01 -3.054819517428497555e-02 5.979653114335529984e-02 3.661577855170164497e+01 -5.984820343505812407e-02 -7.791502168185450439e-04 9.982071856436095514e-01 -2.146773974711449373e+00
-4.223126301846713559e-02 -9.990662233456996111e-01 9.121501719907314926e-03 3.851994500619078554e+00 9.973584178391786681e-01 -4.161552291798131797e-02 5.953431462269456742e-02 3.705775683667787490e+01 -5.909912680569889831e-02 1.161161582313926730e-02 9.981845839266301201e-01 -2.160237767536469455e+00
-5.388195190029887449e-02 -9.983777041797388119e-01 1.840366963973998418e-02 3.813158404625890618e+00 9.970536186211647056e-01 -5.278450506844656331e-02 5.565858082201644713e-02 3.747526324253828989e+01 -5.459685754561033333e-02 2.134843838490197571e-02 9.982802348662775938e-01 -2.163511936231961919e+00
-6.287195693873126601e-02 -9.979886703866758246e-01 8.107454010316695464e-03 3.764059079066156333e+00 9.966976392355464398e-01 -6.236818443382508015e-02 5.200024531400773697e-02 3.791331651585861096e+01 -5.139000849370335688e-02 1.135003745647916729e-02 9.986141615642918357e-01 -2.165293013559137503e+00
-7.179122710110408256e-02 -9.973765445032313215e-01 -9.276216152702847217e-03 3.715993471433043371e+00 9.959847318892699475e-01 -7.218353380227671146e-02 5.295234925170881624e-02 3.838651295982494105e+01 -5.348302118221345131e-02 -5.437455527130253402e-03 9.985539547378565750e-01 -2.242762767697278559e+00
-8.257786643370934598e-02 -9.965125442260358568e-01 -1.198520652344917115e-02 3.690715689953971257e+00 9.949931642305287482e-01 -8.311941460626126599e-02 5.549563991912183358e-02 3.884642388202292551e+01 -5.629830467942027739e-02 -7.342487021828606603e-03 9.983869934922817713e-01 -2.326690744943388900e+00
-9.505128743440716121e-02 -9.954699582781737499e-01 2.194293214959959493e-03 3.661758660715211278e+00 9.938262170131587636e-01 -9.476716234309900955e-02 5.769432657333793679e-02 3.926564868747425407e+01 -5.722502192551756628e-02 7.664666143298179413e-03 9.983318835730610186e-01 -2.309878858627826492e+00
-1.093102749533378937e-01 -9.938612070747182559e-01 1.706355360439016158e-02 3.600073972317773041e+00 9.923444173590126871e-01 -1.081186322605538486e-01 5.969018926514527146e-02 3.966879767711579774e+01 -5.747887547636436334e-02 2.345767316021263316e-02 9.980710978902661568e-01 -2.232242932407432434e+00
-1.270564294080291923e-01 -9.916826980422459581e-01 2.054483267721451609e-02 3.524315714897415130e+00 9.903380783765212136e-01 -1.256694730142582372e-01 5.863168145140029014e-02 4.007862842943691106e+01 -5.556216575676647951e-02 2.779586220952364600e-02 9.980682520651815715e-01 -2.221868448453293343e+00
-1.482201741793696126e-01 -9.888977581814889506e-01 1.058318618671855865e-02 3.453102216166135996e+00 9.875809605187303442e-01 -1.474420633997681751e-01 5.426494597178272566e-02 4.047623251000290168e+01 -5.210207661062184886e-02 1.849491292339979637e-02 9.984704861981733570e-01 -2.290674646411037685e+00
-1.726630217147608892e-01 -9.849807567344515125e-01 6.243357713505044704e-04 3.363256181334282946e+00 9.837696526372867734e-01 -1.724192252888923083e-01 4.968783855925232307e-02 4.086572144396844664e+01 -4.883391733457521922e-02 9.193454933026232873e-03 9.987646013471613848e-01 -2.376684357624789357e+00
-2.001721214763696466e-01 -9.797592212937773493e-01 1.729182888098219212e-03 3.280075643350949477e+00 9.785671556003343596e-01 -1.998408601717900357e-01 4.969861754687189548e-02 4.126788851168526406e+01 -4.834711743134857687e-02 1.164039928911912714e-02 9.987627632928999244e-01 -2.415758457969572337e+00
-2.298404288067119605e-01 -9.731992186777173037e-01 7.527154244979950698e-03 3.166728669504054405e+00 9.718988485979166425e-01 -2.291154649088855688e-01 5.402528883430025852e-02 4.167623137885607321e+01 -5.085278143809952855e-02 1.973282809599697166e-02 9.985111967901725283e-01 -2.372526216350825390e+00
-2.612346996807770605e-01 -9.652256761436717181e-01 9.789065107891185141e-03 3.022457994662867797e+00 9.637098790602263154e-01 -2.602203050686575647e-01 5.957064572169180894e-02 4.206687682329429379e+01 -5.495180328632269517e-02 2.499573849613460907e-02 9.981760928676934874e-01 -2.339557776190447580e+00
-2.939655173252995191e-01 -9.558089728614689307e-01 3.671787190627249370e-03 2.861287197829398998e+00 9.540269785381378931e-01 -2.931781928069403520e-01 6.228219234940648996e-02 4.243790698804893680e+01 -5.845339036412687539e-02 2.181180093345623169e-02 9.980518255556563023e-01 -2.352600149861981293e+00
-3.280876574110456190e-01 -9.446444015911860115e-01 -2.333151723180545284e-03 2.708982524441229334e+00 9.427483030603015512e-01 -3.275836487553744902e-01 6.256668558456798812e-02 4.279865350799433088e+01 -5.986757161815745021e-02 1.832778247760364493e-02 9.980380585218172618e-01 -2.423406336792718552e+00
-3.638600928117363686e-01 -9.314372649947565419e-01 -5.518535867725243849e-03 2.545861890083129797e+00 9.295871837682342376e-01 -3.634994974026175552e-01 6.112105334406810198e-02 4.315189733870600008e+01 -5.893641177471382886e-02 1.710955192672097835e-02 9.981151048851971685e-01 -2.477390711937151213e+00
-4.007161687872116129e-01 -9.161918614763479018e-01 -4.361769939327370810e-03 2.353555521439884668e+00 9.145414325166602021e-01 -4.002717720494399778e-01 5.827929916167681745e-02 4.350400838634928391e+01 -5.514091296736017833e-02 1.936443815105032620e-02 9.982907884240043161e-01 -2.483118848400677425e+00
-4.381287671850713217e-01 -8.989057651811220850e-01 -3.407152628106532161e-03 2.159154824684384355e+00 8.973983716109759090e-01 -4.376076580387009418e-01 5.635335177123437789e-02 4.382866975628350303e+01 -5.214734887660847640e-02 2.163245131798470500e-02 9.984050736324993069e-01 -2.462895825063337707e+00
-4.751574809154892609e-01 -8.798868525112590877e-01 -4.949253264527549850e-03 1.968317146067291468e+00 8.784213022417213246e-01 -4.746770874576533572e-01 5.529627845233200945e-02 4.414004448283255044e+01 -5.100376552770478911e-02 2.192691087566113819e-02 9.984577239329893716e-01 -2.463285378316235619e+00
-5.123264025800258192e-01 -8.587595752958222528e-01 -7.324551668800440701e-03 1.747634115510283248e+00 8.573309105383276618e-01 -5.119339691896964695e-01 5.391957923802253444e-02 4.444795730629151365e+01 -5.005364177491768152e-02 2.134485950814701133e-02 9.985184174153453052e-01 -2.482283401787858779e+00
-5.495019788576906983e-01 -8.354578076207227477e-01 -7.604401163663940255e-03 1.509786325006032159e+00 8.340745466342472936e-01 -5.490767560819980186e-01 5.323876958895103206e-02 4.475623566059697822e+01 -4.865414564410059511e-02 2.291217178806927504e-02 9.985528561351154631e-01 -2.532293020357725855e+00
-5.851226793930395242e-01 -8.109077932600600169e-01 -7.746024142093712456e-03 1.249290978292093568e+00 8.094870298109716478e-01 -5.846166867103241849e-01 5.435143225025182434e-02 4.504643921968918363e+01 -4.860245495570436614e-02 2.553194959148909204e-02 9.984918231624815288e-01 -2.564569140453265117e+00
-6.187699017593297768e-01 -7.854859322660208143e-01 -1.164726959119813735e-02 9.940184982244577583e-01 7.839217301597503074e-01 -6.183625527947227418e-01 5.562799910600724901e-02 4.529480684588386197e+01 -5.089724609537708833e-02 2.529038381232309035e-02 9.983836270825618975e-01 -2.560665206262302540e+00
-6.508942507730304250e-01 -7.589399607689384375e-01 -1.862284238931394970e-02 7.270171486788058468e-01 7.572744622925275948e-01 -6.508067198170963685e-01 5.464432450377867956e-02 4.555121516232323842e+01 -5.359163246420312748e-02 2.146507370015916794e-02 9.983322029970126410e-01 -2.552203712196994712e+00
-6.824483840380735078e-01 -7.305325505886495208e-01 -2.421560765838868395e-02 4.424777575358797566e-01 7.288349826082445304e-01 -6.826240608865630222e-01 5.314094113937578578e-02 4.581039322594479302e+01 -5.535134370783451746e-02 1.861676742027958131e-02 9.982933660605766146e-01 -2.575361423440241104e+00
-7.126951290367611325e-01 -7.009406618028353186e-01 -2.734669410875350745e-02 1.545862804985081718e-01 6.992156830905447151e-01 -7.129863600404640067e-01 5.242021476942738956e-02 4.604803469676087957e+01 -5.624127992406935395e-02 1.823839432771151917e-02 9.982506095188969919e-01 -2.602566299938088523e+00
-7.410154075023991371e-01 -6.709101188433423957e-01 -2.785279658607944450e-02 -1.235449296768822286e-01 6.691848318589810329e-01 -7.412707478257414273e-01 5.205131341026199288e-02 4.626279950948274688e+01 -5.556821622043230102e-02 1.993215621748241351e-02 9.982559203403710280e-01 -2.618297356793065411e+00
-7.683290006639995617e-01 -6.395249659578849943e-01 -2.604543444111412018e-02 -4.237437820865625482e-01 6.378311962321672191e-01 -7.684144447441059178e-01 5.206348261162212221e-02 4.646601520222519355e+01 -5.330958498903427822e-02 2.338929296011281814e-02 9.983040764832741276e-01 -2.620356008699453731e+00
-7.950743843188723403e-01 -6.060933513095125846e-01 -2.252937856156236526e-02 -7.264548544817535092e-01 6.045063222027147187e-01 -7.949166827199292129e-01 5.176460132650213819e-02 4.667512134315305161e+01 -4.928315956707915446e-02 2.753755675341781547e-02 9.984051548099789342e-01 -2.628823073227922080e+00
-8.199837775429781317e-01 -5.720372401332882717e-01 -2.000001167597900004e-02 -1.006316988153464820e+00 5.706198068585806027e-01 -8.196967185211969653e-01 4.990316288832503250e-02 4.686694490247603540e+01 -4.494041151374498361e-02 2.950738121679479659e-02 9.985537911733658456e-01 -2.621204422199326700e+00
-8.417559287368872045e-01 -5.394574512093911478e-01 -2.079939352402658190e-02 -1.318909924478614659e+00 5.383137161627998823e-01 -8.416367540606659592e-01 4.319626378776549036e-02 4.703536217182955426e+01 -4.080808041670866415e-02 2.516411232078289220e-02 9.988500728456750632e-01 -2.619760992613811457e+00
-8.606649424780741242e-01 -5.086585866126485111e-01 -2.285386300904075976e-02 -1.675308316093961247e+00 5.078102135170512454e-01 -8.607786579960416962e-01 3.448026952186424715e-02 4.716399030603309939e+01 -3.721080269196213458e-02 1.807053413035335926e-02 9.991440396455676387e-01 -2.668475261666561682e+00
-8.775026677976052181e-01 -4.789312105864334534e-01 -2.477828755784138373e-02 -2.030289009373845044e+00 4.782163510584677701e-01 -8.777356685227164501e-01 2.981975491690631169e-02 4.730033564933240342e+01 -3.603039811617470695e-02 1.431753223126770724e-02 9.992481266844569499e-01 -2.730778649392972657e+00
-8.920188369013579699e-01 -4.513002278343262730e-01 -2.510973854570542826e-02 -2.368347104804226166e+00 4.505100309960406446e-01 -8.922131912061839198e-01 3.156474947823633553e-02 4.745013981801803027e+01 -3.664841858927825324e-02 1.684416202613089539e-02 9.991862527179516951e-01 -2.733890965986236488e+00
-9.042676242224609862e-01 -4.262299621991216259e-01 -2.506158627863811286e-02 -2.705610683143449879e+00 4.253249343688464967e-01 -9.043802310282316181e-01 3.457018844986383538e-02 4.761478601073624617e+01 -3.740005330481066537e-02 2.060138463934018879e-02 9.990879936040365505e-01 -2.686044298066643687e+00
-9.147319873066315221e-01 -4.032773577590440528e-01 -2.515480305915155507e-02 -3.039178568814675963e+00 4.023629786090465732e-01 -9.148223712926373263e-01 3.469960269760932053e-02 4.775879868661027672e+01 -3.700574067515279703e-02 2.161947504913054596e-02 9.990811645985941958e-01 -2.647773212197914283e+00
