1.000000000000000000e+00 4.398956837314658088e-19 2.733407509747682871e-20 -8.673617379884035472e-19 -5.583667658079949532e-19 1.000000000000000000e+00 -6.100159232558060012e-19 0.000000000000000000e+00 4.145284534913582806e-20 -2.210423569125054137e-19 1.000000000000000222e+00 0.000000000000000000e+00
9.999999259788683315e-01 -2.403793452534427617e-04 -3.004331025450181734e-04 1.198873377882936700e-02 2.405487751858330467e-04 9.999998119998216861e-01 5.640354970840001040e-04 -2.956939805609014316e-02 3.002974693268282568e-04 -5.641077294419220107e-04 9.999997958022016631e-01 1.345546289639288684e+00
9.999992917182223273e-01 -1.121550609472042950e-03 -3.983576121909637832e-04 1.587923053655414946e-05 1.121930510865006480e-03 9.999989149036523362e-01 9.547047570427853519e-04 -5.047436237554255023e-02 3.972864381133300155e-04 -9.551510187608397819e-04 9.999994649252510470e-01 2.674690926071189967e+00
9.999984485167426884e-01 -1.698415069053176366e-03 -4.672823771624099896e-04 -6.078606990516032330e-03 1.698596488229412544e-03 9.999984820751811609e-01 3.880903270412857146e-04 -9.183851096104395095e-02 4.666225380223026323e-04 -3.888834519439651315e-04 9.999998155168882130e-01 3.971696391972908469e+00
9.999980077923471544e-01 -1.986970000915036071e-03 -1.906959064163954757e-04 -1.442497192503339187e-02 1.987032470936195543e-03 9.999979720960537888e-01 3.278750149085518108e-04 -1.022528835070773967e-01 1.900440456894589693e-04 -3.282532824693478552e-04 9.999999280666878043e-01 5.271914133439048911e+00
9.999970689663030265e-01 -2.320779172324099679e-03 -6.899609478662635477e-04 -1.068483269949027301e-02 2.321354150013645035e-03 9.999969581309187117e-01 8.336902234909001523e-04 -1.117310547674961324e-01 6.880240511203406786e-04 -8.352894303106777338e-04 9.999994144576438426e-01 6.624580366573822765e+00
9.999929835018410706e-01 -3.707080618578943894e-03 -5.389864186953965833e-04 -1.930161281954293276e-02 3.708122879069449072e-03 9.999912319642801917e-01 1.945716343873213653e-03 -1.486801305351411195e-01 5.317687768988510867e-04 -1.947701335419345543e-03 9.999979618392601521e-01 7.995064886716733099e+00
9.999937012168806927e-01 -3.517756805512862496e-03 -4.721433710711960235e-04 -1.413589106879759721e-02 3.518750014479327635e-03 9.999915630823422719e-01 2.119470589996212510e-03 -1.627015765501880762e-01 4.646836159258849706e-04 -2.121118611859662290e-03 9.999976424602796676e-01 9.287286086269217478e+00
9.999959036964125580e-01 -2.793685304223568391e-03 -6.228298649755810521e-04 -4.858217107874587132e-02 2.794397744490520995e-03 9.999954390939627125e-01 1.145917607053747751e-03 -1.901694519092026747e-01 6.196257032153130789e-04 -1.147653356557116946e-03 9.999991494780846590e-01 1.060487881492112017e+01
9.999996890043669762e-01 -5.684163510573170871e-04 -5.467122621360916753e-04 -5.739807645831544736e-02 5.680125243877643402e-04 9.999995659706375495e-01 -7.385251587785103804e-04 -2.096402984163503458e-01 5.471318234730340822e-04 7.382143963658925308e-04 9.999995778433585780e-01 1.196608644499202256e+01
9.999977551964744915e-01 2.065193123246146685e-03 -4.738932901077254648e-04 -6.852671594668865995e-02 -2.066075087702293461e-03 9.999961206044717388e-01 -1.868184670503438092e-03 -2.400665521384396095e-01 4.700332957458027566e-04 1.869159591210590261e-03 9.999981426539875651e-01 1.332207734118391862e+01
9.999891397528367643e-01 4.589578326108721164e-03 -8.100230602073285905e-04 -6.791435182106674018e-02 -4.591247907686227953e-03 9.999873147477286173e-01 -2.071423509147114414e-03 -2.571447710706491474e-01 8.005058358822332966e-04 2.075120044763757981e-03 9.999975265309118955e-01 1.464859314284759151e+01
9.999855079826602822e-01 5.382188878158391913e-03 -1.259252512684494723e-04 -9.852911379612597220e-02 -5.382366347164178021e-03 9.999844581608426930e-01 -1.453815587869037316e-03 -2.867939700884405418e-01 1.180985842127976249e-04 1.454472304460801028e-03 9.999989352808927867e-01 1.599104048879563322e+01
9.999932522928103307e-01 3.673346853032629852e-03 -4.341401787808724989e-05 -8.856205332276086140e-02 -3.673308808038828685e-03 9.999928948818385122e-01 8.467555483358619930e-04 -3.154992415181285814e-01 4.652413745199302864e-05 -8.465903719868630084e-04 9.999996405601839777e-01 1.734791423700388435e+01
9.999999205553953274e-01 -3.053524471078590910e-04 2.562225773849091041e-04 -7.718154321294812270e-02 3.046926046942706381e-04 9.999966475615511552e-01 2.571386184878627322e-03 -3.393835068645686404e-01 -2.570068995197158195e-04 -2.571307934651386774e-03 9.999966611560259233e-01 1.870269239223833324e+01
9.999969479392804006e-01 -2.456212536614172087e-03 -2.667137401175549900e-04 -9.605697195255959164e-02 2.456500688233489646e-03 9.999963937463263175e-01 1.085400377274024991e-03 -3.810254770171546679e-01 2.640468101032051522e-04 -1.086052255553940967e-03 9.999993753850011657e-01 2.006740042709308014e+01
9.999947229478109989e-01 -3.248591969997555260e-03 2.706856042090529898e-05 -1.025075433009479536e-01 3.248621318223559630e-03 9.999940450322803986e-01 -1.164626038710104335e-03 -3.971680959959372759e-01 -2.328500556688219573e-05 1.164707841426641972e-03 9.999993214563636101e-01 2.141591691213236359e+01
9.999995854147535335e-01 -9.105546403269686910e-04 7.890323963187941653e-06 -1.000388968765075770e-01 9.105697531911233645e-04 9.999971833886019956e-01 -2.191820321907950522e-03 -4.431848131568434934e-01 -5.894531609949370464e-06 2.191826618691162555e-03 9.999975979275664839e-01 2.277224150620061138e+01
9.999985174021086554e-01 1.204196000296728396e-03 1.230896031152078516e-03 -1.229204991347155745e-01 -1.202837766259387108e-03 9.999986676184965395e-01 -1.103605455004708731e-03 -4.350275020007801641e-01 -1.232223370885832635e-03 1.102123260992875307e-03 9.999986334730461834e-01 2.410255705651917779e+01
9.999977114101333830e-01 1.125698720372558326e-03 1.819334298624088707e-03 -1.292217284662765253e-01 -1.130455215167396965e-03 9.999959406066378786e-01 2.615500475423537981e-03 -4.595577533842393203e-01 -1.816382676841741791e-03 -2.617551188728586224e-03 9.999949245760486605e-01 2.551645243837539212e+01
9.999983405422915306e-01 -5.618054424011858540e-04 1.733000498209392526e-03 -1.196457034679847820e-01 5.550960398086790711e-04 9.999923589589793105e-01 3.869611100495236929e-03 -4.783343772058920584e-01 -1.735161251269228336e-03 -3.868642730881327509e-03 9.999910113683061486e-01 2.687234654097123965e+01
9.999895699949210570e-01 -4.160681421882854447e-03 1.883783857734755169e-03 -1.137473064831857339e-01 4.154414268402331113e-03 9.999858634519294132e-01 3.318694028999768370e-03 -5.287752035223862723e-01 -1.897565285478632850e-03 -3.310833422219622985e-03 9.999927187866025635e-01 2.827001895969430123e+01
9.999890356276889269e-01 -4.342965644166685117e-03 1.751366354981015363e-03 -1.184453965506955253e-01 4.341360287976727371e-03 9.999901535824682330e-01 9.194133377199918385e-04 -5.256581329269846004e-01 -1.755342119922012438e-03 -9.117999482940687336e-04 9.999980436944271300e-01 2.963491071936391563e+01
9.999870004876507679e-01 -4.351485964979526395e-03 2.657712760692256156e-03 -1.222232376766996670e-01 4.353851332334554569e-03 9.999901304553197035e-01 -8.848518518131109076e-04 -5.763113636663905748e-01 -2.653836156179046821e-03 8.964116491634949386e-04 9.999960767903192105e-01 3.100941185669433864e+01
9.999933845732165150e-01 -2.118626469712064139e-03 2.956727848662939109e-03 -1.426870795570310269e-01 2.124706347794230558e-03 9.999956319929911297e-01 -2.054656751429521228e-03 -5.734506260710652281e-01 -2.952361936278312827e-03 2.060925360587818628e-03 9.999935180496306586e-01 3.237859629244655224e+01
9.999942996085727787e-01 -5.308273930008574346e-04 3.334513174303477354e-03 -1.482059650724060207e-01 5.441990534608429422e-04 9.999918100281570688e-01 -4.010451806079392417e-03 -6.284919165523662477e-01 -3.332357068417528354e-03 4.012243624179457659e-03 9.999863985536554534e-01 3.376730079842411669e+01
9.999939387710888861e-01 2.926847020460579844e-04 3.469403532284789406e-03 -1.556943343964856119e-01 -2.786083388579836239e-04 9.999917312184488649e-01 -4.057076945681694150e-03 -6.467528973900157352e-01 -3.470562352782276001e-03 4.056085790339257653e-03 9.999857515783290296e-01 3.515874168731201621e+01
9.999953083896061523e-01 -5.805942297855472842e-04 3.007675889462309814e-03 -1.466701454425186901e-01 5.889969103422413102e-04 9.999959243973933765e-01 -2.793612476531208595e-03 -6.803815498056124955e-01 -3.006041730662863641e-03 2.795370910676997934e-03 9.999915747695174995e-01 3.657015707859365961e+01
9.999952412642385546e-01 9.096525728725808049e-04 2.947877774376516692e-03 -1.645601319590467571e-01 -9.057157752273788977e-04 9.999986966817286937e-01 -1.336531229551141510e-03 -7.123370914540927412e-01 -2.949089763818228509e-03 1.333854944297899409e-03 9.999947618344331435e-01 3.796481373240972346e+01
9.999885741700024200e-01 3.843518034867745604e-03 2.842339736608569863e-03 -1.639675388579960869e-01 -3.840762662392326488e-03 9.999921496740554749e-01 -9.742380925744296679e-04 -7.323214644186208933e-01 -2.846061975564103449e-03 9.633102175491482832e-04 9.999954859701168930e-01 3.930412482302056532e+01
9.999736037020233725e-01 6.603901249542999674e-03 3.029914023930170650e-03 -1.632374715747877680e-01 -6.601348152180708077e-03 9.999778480152701210e-01 -8.518767944127494506e-04 -7.715335212427389955e-01 -3.035472669556150537e-03 8.318527964910554058e-04 9.999950469488988469e-01 4.071973051740777549e+01
9.999640698678761153e-01 7.871797366375159200e-03 3.145436164857721810e-03 -1.836157643673883844e-01 -7.868575991878179465e-03 9.999685064179465455e-01 -1.035229155260680104e-03 -7.838943633259599642e-01 -3.153486274287474727e-03 1.010441862524097444e-03 9.999945172485231737e-01 4.215453049424998966e+01
9.999539580685485873e-01 9.201773386636412019e-03 2.721965385237451549e-03 -1.802087645696374141e-01 -9.199670175672896438e-03 9.999573746319172507e-01 -7.842230438602123535e-04 -8.205132819824803025e-01 -2.729065652089507094e-03 7.591457559798814748e-04 9.999959879392185114e-01 4.355589448940180120e+01
9.999646409479673315e-01 8.016044166715832059e-03 2.541628969341642313e-03 -1.818461859783487566e-01 -8.013890316534088079e-03 9.999675214568063408e-01 -8.565098132472032848e-04 -8.510092418716648233e-01 -2.548412287147589026e-03 8.361111964974035854e-04 9.999964032481567511e-01 4.496105076641842402e+01
9.999656718284501977e-01 8.113238543806095687e-03 1.682412485382710687e-03 -1.852652137013160449e-01 -8.111161707642283725e-03 9.999663380809484803e-01 -1.237649600943506716e-03 -8.875037198669010197e-01 -1.692397229862903016e-03 1.223960802082758566e-03 9.999978188521234657e-01 4.637088043506491175e+01
9.999733171011171429e-01 7.221494044310712394e-03 1.102314517393921398e-03 -1.922831986228963341e-01 -7.220426403242894212e-03 9.999734623871107120e-01 -9.695246664010316161e-04 -9.136492249393640686e-01 -1.109286702040757902e-03 9.615396206167048073e-04 9.999989224608406557e-01 4.778868768769650188e+01
9.999696314121667706e-01 7.793015908155116571e-03 -7.170394961895805430e-05 -2.135035471268256213e-01 -7.793032401936395709e-03 9.999696070057272346e-01 -2.317881760039380921e-04 -9.433091514460556493e-01 6.989544157494945132e-05 2.323399247227559956e-04 9.999999705664177618e-01 4.921400131486984719e+01
9.999641449293704687e-01 8.435392190638475382e-03 -7.436376965205304971e-04 -2.172989978380401588e-01 -8.435483439140405160e-03 9.999644135369126774e-01 -1.195622836604485014e-04 -9.798842609015591121e-01 7.426026902103434989e-04 1.258309347628447177e-04 9.999997163543828949e-01 5.059693843041595329e+01
9.999588448419224340e-01 8.943775216678322149e-03 -1.522329762942987216e-03 -2.305129091833952870e-01 -8.943001643623793920e-03 9.999598783384555656e-01 5.142489903526425857e-04 -1.002212970495552913e+00 1.526868037906444278e-03 -5.006136410796594230e-04 9.999987090303021908e-01 5.203246312125521911e+01
9.999581676696355226e-01 8.652106234377397384e-03 -2.967144681786427780e-03 -2.442286542938681415e-01 -8.649052876442096804e-03 9.999620550438588218e-01 1.040371651693033743e-03 -1.026765796456307500e+00 2.976033551249774017e-03 -1.014665157435137941e-03 9.999950568295231657e-01 5.345914018593651207e+01
9.999657459478155097e-01 7.541720695124714754e-03 -3.410184831307934514e-03 -2.474228517989303933e-01 -7.535570985658253049e-03 9.999699643436769092e-01 1.812620864982386311e-03 -1.061032349466979774e+00 3.423752744619420769e-03 -1.786861110390254928e-03 9.999925424971646271e-01 5.490210625562160374e+01
9.999789863574897186e-01 5.114350105601768795e-03 -3.983748348470323407e-03 -2.727874653777477842e-01 -5.105720566714006675e-03 9.999846039436315337e-01 2.173361989243946264e-03 -1.084360498312017640e+00 3.994802419207396649e-03 -2.152976440191781485e-03 9.999897030732252112e-01 5.633118427373109682e+01
9.999830720373305004e-01 3.308379752603325327e-03 -4.786465174835777096e-03 -2.942282246112147837e-01 -3.299501014093520878e-03 9.999928236940349713e-01 1.861681833831349249e-03 -1.105416613949710802e+00 4.792590060528634406e-03 -1.845857396373858875e-03 9.999868118623104207e-01 5.773506066922085012e+01
9.999876681722608129e-01 2.319752901217400198e-03 -4.391154637155712283e-03 -2.981779836338749878e-01 -2.310886286830875300e-03 9.999952832226751687e-01 2.023200637783630768e-03 -1.137784114826439819e+00 4.395827328339541908e-03 -2.013028253183978163e-03 9.999883121448650547e-01 5.919223628507374002e+01
9.999905873618457619e-01 1.539518055914746927e-03 -4.056484070965631766e-03 -3.098474447835854462e-01 -1.528727560168466424e-03 9.999952888354622926e-01 2.661822898660052943e-03 -1.164110655096695091e+00 4.060562957218714214e-03 -2.655596614131684827e-03 9.999882297515930718e-01 6.062938310961102673e+01
9.999925736956890576e-01 4.289682073598480728e-05 -3.853661581748051620e-03 -3.150202039257828379e-01 -3.009691311955875337e-05 9.999944833892343565e-01 3.321488300385441392e-03 -1.194177296301687230e+00 3.853782873679185463e-03 -3.321347684805345344e-03 9.999870584230639015e-01 6.204540423713289954e+01
9.999924792723809963e-01 -1.948656164715580584e-03 -3.353227773104506919e-03 -3.287768881815267275e-01 1.959271281575610760e-03 9.999930711406099793e-01 3.165268151771610632e-03 -1.223248384699863189e+00 3.347036580856114791e-03 -3.171814260407881253e-03 9.999893684165336305e-01 6.346064174512325451e+01
9.999915665957963551e-01 -2.735206209897604081e-03 -3.063557541277689075e-03 -3.411559474884827137e-01 2.742606970764193720e-03 9.999933249863978135e-01 2.414142515721632264e-03 -1.241063870564102389e+00 3.056933969849938600e-03 -2.422524313722574946e-03 9.999923932389113146e-01 6.486064326985851380e+01
9.999959540266023517e-01 -2.108265614880461443e-03 -1.909750675242874408e-03 -3.444085562416935864e-01 2.112597328713179852e-03 9.999951942067688559e-01 2.269028757494559890e-03 -1.281831967219665858e+00 1.904957817376720219e-03 -2.273054132412889294e-03 9.999956021722781196e-01 6.629456019472495143e+01
9.999969785786362308e-01 -1.903857770797993693e-03 -1.555043553839841487e-03 -3.630024858179974889e-01 1.906866441586383245e-03 9.999963086754266595e-01 1.935585688922633217e-03 -1.303033604727455774e+00 1.551352762670190439e-03 -1.938545118985993436e-03 9.999969176702975249e-01 6.770507770152342175e+01
9.999990072361567561e-01 7.992749162402397033e-04 -1.160466790647568004e-03 -3.704756257242660666e-01 -7.960690148071776712e-04 9.999958731176671334e-01 2.760438838730333490e-03 -1.333157832046873548e+00 1.162668373657779796e-03 -2.759512313610560687e-03 9.999955166381281346e-01 6.914167437347788336e+01
9.999856780920535204e-01 5.287269028362838810e-03 -8.296901896543956018e-04 -3.940290814786007734e-01 -5.283728788405390141e-03 9.999771674528722398e-01 4.212694143179637751e-03 -1.358645381774958638e+00 8.519449110758864872e-04 -4.208249994600383667e-03 9.999907823695753928e-01 7.057744739337368856e+01
9.999634080085975096e-01 8.554425465724036642e-03 6.657666236798460578e-05 -4.055739915609309909e-01 -8.554651297265772683e-03 9.999509483428123957e-01 4.991879864030958174e-03 -1.386654077510494965e+00 -2.387072911906816780e-05 -4.992266793207780252e-03 9.999875382742026142e-01 7.202201792222690813e+01
9.999185641403521840e-01 1.275439639711608251e-02 4.363894232761613258e-04 -3.992518020747778951e-01 -1.275630071450898316e-02 9.999076762015391973e-01 4.681440907838908469e-03 -1.409938331335448991e+00 -3.766401845766996536e-04 -4.686626437075166150e-03 9.999889467766477358e-01 7.336931510834872938e+01
9.998782025068646551e-01 1.553161453758559844e-02 1.532668557235141544e-03 -4.355741045636708497e-01 -1.553749490464525519e-02 9.998716708254944407e-01 3.902327816257623264e-03 -1.430998814665353613e+00 -1.471862443111377232e-03 -3.925666398046718381e-03 9.999912113429835214e-01 7.474504208805413441e+01
9.998544292562914215e-01 1.693080880540956401e-02 2.113759446871558631e-03 -4.407488192896343859e-01 -1.693843204476427888e-02 9.998499008212057282e-01 3.642166990345739510e-03 -1.445237809354293912e+00 -2.051777374173486320e-03 -3.677440611940798951e-03 9.999911332798049335e-01 7.617605893415853302e+01
9.998370378519075841e-01 1.778890167831559746e-02 3.074521956416435397e-03 -4.816487598340564724e-01 -1.780198699480306512e-02 9.998323612580042319e-01 4.282367874837130287e-03 -1.477554208861629137e+00 -2.997827976010820558e-03 -4.336402660440273268e-03 9.999861042216536822e-01 7.753982947007519044e+01
9.998570986970535257e-01 1.668456888904017166e-02 2.721638596454069043e-03 -4.623282796935391237e-01 -1.669631416181695596e-02 9.998511381861522329e-01 4.351389804470485664e-03 -1.504925843880521530e+00 -2.648632428899082205e-03 -4.396209367922163103e-03 9.999868289567284130e-01 7.894947645716395357e+01
9.998626658890598096e-01 1.647068565685386177e-02 1.834623952855458234e-03 -4.621261577036617219e-01 -1.647657704399944564e-02 9.998589904591749233e-01 3.243707556071439083e-03 -1.531466886786920556e+00 -1.780939195305504888e-03 -3.273490447300974465e-03 9.999930562329943928e-01 8.033080619137521694e+01
9.998715305040796197e-01 1.589331493324212807e-02 2.079663252070010956e-03 -4.820421147670413409e-01 -1.590064687521639680e-02 9.998672470750921137e-01 3.557764179384264105e-03 -1.550814133467533606e+00 -2.022842537421411149e-03 -3.590375148503128014e-03 9.999915086201746073e-01 8.175011102962767495e+01
9.998724186581778861e-01 1.586331007356969053e-02 1.871302038863618738e-03 -4.953561665062922170e-01 -1.586995787191861421e-02 9.998676095595849800e-01 3.592745635223551764e-03 -1.577557551891496379e+00 -1.814061487980548172e-03 -3.621984795198659058e-03 9.999917951690611151e-01 8.313871381743875588e+01
9.998802788746008474e-01 1.541550068417544064e-02 1.337993907616452909e-03 -5.020264644255785225e-01 -1.541998155756969281e-02 9.998753047050339404e-01 3.405765603407320471e-03 -1.603745959801100796e+00 -1.285325504710472556e-03 -3.425989743830486298e-03 9.999933052434234471e-01 8.453966802404264058e+01
9.998764500141468226e-01 1.570892598378801144e-02 5.606436058834195994e-04 -5.038594989426931070e-01 -1.571076396717169602e-02 9.998706610713995468e-01 3.439920693270503895e-03 -1.627958895038076115e+00 -5.065336404299916823e-04 -3.448303872745947778e-03 9.999939262936535789e-01 8.586626134474509797e+01
9.998804532702059156e-01 1.545074969392990286e-02 -5.945340166458995806e-04 -4.920017925779896495e-01 -1.544820047850283679e-02 9.998723572616132760e-01 4.077047400198324442e-03 -1.650700352618102329e+00 6.574515811663403982e-04 -4.067375570685646986e-03 9.999915120716421635e-01 8.723974474547348734e+01
9.999075863198824132e-01 1.348417027425956663e-02 -1.730879272817617510e-03 -5.059931444044382109e-01 -1.347484329645113992e-02 9.998952077389373638e-01 5.291707076148867255e-03 -1.690266869324714483e+00 1.802052204033996246e-03 -5.267894782617936998e-03 9.999845008280784375e-01 8.859485746109709225e+01
9.999290104447060568e-01 1.155643256629703547e-02 -2.902225134094048396e-03 -5.241786637280374528e-01 -1.154014862653222374e-02 9.999179172417036465e-01 5.566306637251430475e-03 -1.713054260439382137e+00 2.966313614048670787e-03 -5.532419439935899567e-03 9.999802964681242523e-01 9.000167831765159576e+01
9.999389385006675068e-01 1.033056563003003324e-02 -3.924112405546857814e-03 -5.260808363361012541e-01 -1.030755585919272688e-02 9.999298256326674128e-01 5.839359617463612054e-03 -1.737114651270872390e+00 3.984160994498458022e-03 -5.798555113829892936e-03 9.999752513073528748e-01 9.135582560009888198e+01
9.999586747797651887e-01 8.406338494340644119e-03 -3.461529231880682272e-03 -5.744531251075468692e-01 -8.387694312568522506e-03 9.999504257667161111e-01 5.365874366511185628e-03 -1.751017105948440067e+00 3.506465050250002352e-03 -5.336618429717476450e-03 9.999796123987444441e-01 9.274723481441579054e+01
9.999586051476828663e-01 7.799917384933846912e-03 -4.685003522960274995e-03 -5.703014127489474117e-01 -7.775371094139307999e-03 9.999560687275377280e-01 5.234905231647450988e-03 -1.774173210865331418e+00 4.725629618945984163e-03 -5.198260950176968910e-03 9.999753229536260113e-01 9.407248126192797599e+01
9.999640992258613803e-01 7.358098088685375432e-03 -4.202217470990224531e-03 -5.978978867352852111e-01 -7.338559326412942389e-03 9.999622780684167545e-01 4.646288844670324290e-03 -1.802549269256132680e+00 4.236246881157527955e-03 -4.615283868596295989e-03 9.999803764947774454e-01 9.543247887907718052e+01
9.999656640521557005e-01 6.984341879059940104e-03 -4.459783103148853324e-03 -6.011179758698693698e-01 -6.965286062689058158e-03 9.999666076421629413e-01 4.274155222190541108e-03 -1.823045943860325480e+00 4.489486422730211944e-03 -4.242944847983904678e-03 9.999809207872040195e-01 9.679601414677750881e+01
9.999602829839382423e-01 7.777437808781958832e-03 -4.352458442870021926e-03 -6.065415959503482890e-01 -7.761926868874362805e-03 9.999635054580338078e-01 3.569349703843553625e-03 -1.848695035514813956e+00 4.380060075543732584e-03 -3.535424517799459244e-03 9.999841578018043853e-01 9.815845161840951505e+01
9.999525273448864882e-01 8.856732481052538922e-03 -4.062182089097554974e-03 -6.404284552622088178e-01 -8.842057479777995499e-03 9.999543686192295944e-01 3.616450595866850873e-03 -1.874371141406010910e+00 4.094026734871472444e-03 -3.580360908745891784e-03 9.999852098745236617e-01 9.950598821212697942e+01
9.999502481696150857e-01 9.234032136605707305e-03 -3.772772549389275584e-03 -6.500552365196672344e-01 -9.216380820510339938e-03 9.999466255126694403e-01 4.669525339586960873e-03 -1.901567412176837335e+00 3.815689796046045201e-03 -4.634521766202356723e-03 9.999819807007497285e-01 1.008588193975248544e+02
9.999485658771304353e-01 9.391448195327329121e-03 -3.829657601707142645e-03 -6.628359342462758486e-01 -9.369046183796614011e-03 9.999391363060389226e-01 5.826205761351158433e-03 -1.925754231690083751e+00 3.884141095825956787e-03 -5.790025920035969144e-03 9.999756942321531561e-01 1.022053699757368150e+02
9.999518175808981280e-01 9.014900741799865627e-03 -3.885107234420868191e-03 -6.745137347969546449e-01 -8.996290932816272679e-03 9.999481020848741686e-01 4.781203022013820816e-03 -1.951023959834145227e+00 3.928007747603496323e-03 -4.746021150686937327e-03 9.999810228426315728e-01 1.035320306729875313e+02
9.999391852665178160e-01 1.044716381815646508e-02 -3.533059764876864822e-03 -6.892755644331862719e-01 -1.043717587473033670e-02 9.999415159428147737e-01 2.833738384405976810e-03 -1.973609135319974506e+00 3.562457729535845139e-03 -2.796690921559675039e-03 9.999897436577618315e-01 1.048885025870890644e+02
9.999452005962128354e-01 9.837724042466066202e-03 -3.579799719671061722e-03 -6.975420025378892275e-01 -9.831308014015325766e-03 9.999500415123627750e-01 1.805513971050979119e-03 -1.993504012516438717e+00 3.597383089417743613e-03 -1.770220942799246525e-03 9.999919625469050333e-01 1.062238169456799142e+02
9.999590944961027628e-01 8.121042964871337533e-03 -3.982207211366919387e-03 -7.177506193502236620e-01 -8.110317505249558037e-03 9.999634598976069322e-01 2.702153668163028051e-03 -2.029553772334187656e+00 4.004006078110945721e-03 -2.669746204296098886e-03 9.999884201314925836e-01 1.075179549597139328e+02
9.999846016044451336e-01 4.483513911096572921e-03 -3.270266621260520864e-03 -7.267533752648897005e-01 -4.468980055393903007e-03 9.999801655428176561e-01 4.438101566269658620e-03 -2.043913737213850279e+00 3.290100107998929040e-03 -4.423418517167126973e-03 9.999848041924669362e-01 1.088576781753943976e+02
9.999908655308221705e-01 3.574735101221832457e-03 -2.343099180672491254e-03 -7.331714971988687601e-01 -3.563147668636637826e-03 9.999814943763951636e-01 4.931012964302811455e-03 -2.070340091062241150e+00 2.360682930339725195e-03 -4.922619163670892417e-03 9.999850973896379225e-01 1.101890378451860499e+02
9.999919501907922337e-01 3.497150154482030118e-03 -1.967100662008831272e-03 -7.308263076053290730e-01 -3.489144163571528730e-03 9.999856760280696477e-01 4.058770407432321127e-03 -2.094388855576042374e+00 1.981266652557332145e-03 -4.051874278839687031e-03 9.999898283988436498e-01 1.115274792748650725e+02
9.999910274433776447e-01 4.147856323913970411e-03 -8.604136323480984479e-04 -7.472452660649824274e-01 -4.146169102426921875e-03 9.999894963499501577e-01 1.953581045555739977e-03 -2.111874500567537449e+00 8.685077847693084812e-04 -1.949996118160171382e-03 9.999977216029284355e-01 1.128407199913897330e+02
9.999795449707048478e-01 6.386319009231510198e-03 3.529278093493198269e-04 -7.809992465759901803e-01 -6.386322172219524931e-03 9.999796072131383884e-01 7.688776008620810964e-06 -2.146105128318333666e+00 -3.528715159496869898e-04 -9.942533679681546404e-06 9.999999376911721249e-01 1.141679128829541554e+02
9.999607205214162686e-01 8.622786760847081858e-03 2.050597232551012658e-03 -7.998006818263755369e-01 -8.622375885091456554e-03 9.999628047597650671e-01 -2.091594736434636910e-04 -2.172973205527711116e+00 -2.052324534228628251e-03 1.914702354409050886e-04 9.999978756478968833e-01 1.154947017680716499e+02
9.999511094281438028e-01 9.251407858529533609e-03 3.491445679172455394e-03 -8.221665169724162725e-01 -9.256254766741842110e-03 9.999562151534417964e-01 1.374605832901588508e-03 -2.206392970863793046e+00 -3.478575827428288022e-03 -1.406856354558239488e-03 9.999929601057401252e-01 1.168244708420453861e+02
9.999498032586563445e-01 9.117202561158697233e-03 4.155426381957138052e-03 -8.055519904047767632e-01 -9.130905658969803995e-03 9.999528979366086867e-01 3.290666613959783004e-03 -2.216691535843855032e+00 -4.125229048003247433e-03 -3.328444272664463771e-03 9.999859518709770523e-01 1.181523695404878112e+02
9.999448558384586017e-01 9.360005090339492198e-03 4.761887773428225348e-03 -8.146921793889837504e-01 -9.379297608210960743e-03 9.999478305788250809e-01 4.045357103279919632e-03 -2.248012720538282494e+00 -4.723774864389965016e-03 -4.089797227851342878e-03 9.999804795616749065e-01 1.194693256226341020e+02
9.999293092451705389e-01 1.030237789198121777e-02 5.936119105456412817e-03 -8.236625183137574746e-01 -1.032409300916124761e-02 9.999400830127621598e-01 3.639162952857176014e-03 -2.272397751254390030e+00 -5.898271498891004966e-03 -3.700190779226965408e-03 9.999757591935448664e-01 1.208152981850286807e+02
9.999111629588305350e-01 1.112653475916485814e-02 7.339373429291592456e-03 -8.152367957172862445e-01 -1.115271012420551884e-02 9.999315574358780268e-01 3.535183372584325273e-03 -2.304854602058472590e+00 -7.299536887258800850e-03 -3.616723256006385868e-03 9.999668174822730071e-01 1.221585377649862636e+02
9.998877692785157478e-01 1.254703566959543964e-02 8.186618896609539758e-03 -8.237022310517898571e-01 -1.257086465266924608e-02 9.999168769100120757e-01 2.865773233695963033e-03 -2.308229658710696519e+00 -8.149981580206140663e-03 -2.968364512566010714e-03 9.999623825938300792e-01 1.234970518425332813e+02
9.998653233309179322e-01 1.331614835165496370e-02 9.592464709654788257e-03 -8.166158060270118924e-01 -1.333799790708587243e-02 9.999085862910921385e-01 2.217408115690372786e-03 -2.338178798270680758e+00 -9.562060656192717181e-03 -2.345053778832512960e-03 9.999515326791795777e-01 1.248108136182732437e+02
9.998265563164248082e-01 1.548119224127803006e-02 1.035325809997114828e-02 -8.228735633795943860e-01 -1.549224654871720307e-02 9.998794994857518326e-01 9.883498226932619507e-04 -2.367181152720756909e+00 -1.033670987290190128e-02 -1.148573638595983991e-03 9.999459151349973096e-01 1.261321743849002246e+02
9.998282652944195936e-01 1.457429453257531350e-02 1.144682673526266695e-02 -8.119209673904506097e-01 -1.458803843383533853e-02 9.998929637998645870e-01 1.118081672782455334e-03 -2.390510527907157012e+00 -1.142930645698403413e-02 -1.284876419186755953e-03 9.999338578290920543e-01 1.275096091750074976e+02
9.998246005327470209e-01 1.350791395665613265e-02 1.297321929447038148e-02 -8.127877763901175667e-01 -1.353647534935053034e-02 9.999061382205809423e-01 2.116272650115887544e-03 -2.410387636725937366e+00 -1.294341539951163536e-02 -2.291513138772079995e-03 9.999136047431957941e-01 1.288260985572634638e+02
9.998365838191184407e-01 1.226656045021858911e-02 1.327919964740019443e-02 -7.938586030044025854e-01 -1.230074097978967052e-02 9.999212293557950826e-01 2.495371376719929257e-03 -2.436767563599978370e+00 -1.324754424061520830e-02 -2.658307608727521892e-03 9.999087138120392737e-01 1.302015642843955163e+02
9.998253387254879554e-01 1.289103723220608524e-02 1.353193231335550820e-02 -7.885439685762621886e-01 -1.293493106862548397e-02 9.999113432139711266e-01 3.161217290925669859e-03 -2.459995626539588809e+00 -1.348998147772903673e-02 -3.335699787609834686e-03 9.999034420840781090e-01 1.314889250814903789e+02
9.998495999908880716e-01 1.091935390747169297e-02 1.347386740608974738e-02 -7.750209135958457951e-01 -1.096528934726434534e-02 9.999343010574047730e-01 3.340062691009912030e-03 -2.495297806757054815e+00 -1.343651109119338265e-02 -3.487305227567879043e-03 9.999036447863183241e-01 1.328380260555344421e+02
9.998647134182653273e-01 9.570384070028038412e-03 1.337769064408394354e-02 -7.793352905812486187e-01 -9.623107510030988465e-03 9.999461601755487150e-01 3.882340734266349295e-03 -2.503659072563641175e+00 -1.333981512790307841e-02 -4.010550492195895898e-03 9.999029776945087544e-01 1.341853998124598206e+02
9.998805773951958686e-01 8.318321372587584098e-03 1.302445687031894908e-02 -7.607842664954443945e-01 -8.367318230307705523e-03 9.999581038600868776e-01 3.711943597729215182e-03 -2.527611056318250782e+00 -1.299303427838807527e-02 -3.820480112093569032e-03 9.999082882832200925e-01 1.355438528457190728e+02
9.999052332120881292e-01 7.036633626952154726e-03 1.183259832120393124e-02 -7.486597132930252751e-01 -7.082666295744473664e-03 9.999674948738175306e-01 3.852926998102218937e-03 -2.554789849649719891e+00 -1.180510226692064492e-02 -3.936368244098822737e-03 9.999225692783595409e-01 1.368791689390526756e+02
9.999295796911049639e-01 4.874963319910222831e-03 1.081990736288809644e-02 -7.548922231126561355e-01 -4.923712508461899548e-03 9.999778276252601072e-01 4.483449692862771091e-03 -2.567874679258414172e+00 -1.079781099033067134e-02 -4.536408115293956260e-03 9.999314117813972169e-01 1.381899963131132552e+02
9.999451672414331194e-01 3.688327644750542377e-03 9.800956833077231756e-03 -7.514409218754637410e-01 -3.737394313554798231e-03 9.999805521261644348e-01 4.992720593002875074e-03 -2.595532297557384904e+00 -9.782351601044252457e-03 -5.029076908450665767e-03 9.999395051560483472e-01 1.394987122090441574e+02
9.999586198511047908e-01 2.576601066922727321e-03 8.724661513375900693e-03 -7.332636346868542931e-01 -2.619469668403957320e-03 9.999845364290806948e-01 4.905638083307429023e-03 -2.601431249978715776e+00 -8.711886873201894754e-03 -4.928289112514014358e-03 9.999499062372043667e-01 1.408914964795542915e+02
9.999665344151668078e-01 2.506456038326657174e-03 7.787665442323205879e-03 -7.223259785468418848e-01 -2.542740806876526028e-03 9.999859426006381113e-01 4.652856527518255993e-03 -2.631757610117106516e+00 -7.775893918249792043e-03 -4.672502869170128484e-03 9.999588507443466501e-01 1.422300794245954307e+02
9.999746073478452679e-01 2.483813438205214816e-03 6.679471108140872318e-03 -7.254402755319001583e-01 -2.509573080878014974e-03 9.999894361583504532e-01 3.850924355406692284e-03 -2.642362988752702702e+00 -6.669835681778572660e-03 -3.867589222228326289e-03 9.999702770772207483e-01 1.435461621858254375e+02
9.999822170527227216e-01 1.662926869187907747e-03 5.727150855520891405e-03 -7.398836629416559729e-01 -1.676333671850728166e-03 9.999958643627131494e-01 2.336913662985000591e-03 -2.672072044698575066e+00 -5.723241150684807953e-03 -2.346472739031901268e-03 9.999808691017372242e-01 1.449019079311562166e+02
9.999869677565103032e-01 -9.042108349132969370e-04 5.024612242960451586e-03 -7.374089896691752299e-01 8.980964180343889262e-04 9.999988537074923078e-01 1.219017884000042629e-03 -2.726016714783879191e+00 -5.025708818265508561e-03 -1.214489417080645214e-03 9.999866335406526474e-01 1.462565616903965804e+02
9.999482784481734665e-01 -9.387298629596012994e-03 3.913958975978314159e-03 -7.161492884008443527e-01 9.373076889438671302e-03 9.999494602316150171e-01 3.636261082142832474e-03 -2.735223139006600412e+00 -3.947895898086177351e-03 -3.599387193493678878e-03 9.999857291608642562e-01 1.476198524318261320e+02
9.998397606769946488e-01 -1.778464828073111209e-02 2.039433263224198732e-03 -7.302680500145751763e-01 1.777455387129600953e-02 9.998301822836557218e-01 4.865367187529383297e-03 -2.754813957400563229e+00 -2.125615805876270199e-03 -4.828337577919213607e-03 9.999860843591695803e-01 1.489803038629553669e+02
9.998152760229206404e-01 -1.919447498721155165e-02 9.929728479061285078e-04 -7.048972955623914460e-01 1.919250587474728015e-02 9.998138933367027859e-01 1.956112533042770815e-03 -2.796792074856160326e+00 -1.030334616031268686e-03 -1.936693558327473412e-03 9.999975938109301188e-01 1.503240935306621111e+02
9.998323428449100714e-01 -1.825522637429893499e-02 1.425813564697764844e-03 -7.094236653471104326e-01 1.825671298805854256e-02 9.998327949773844203e-01 -1.036574982693916867e-03 -2.824776987335964940e+00 -1.406652273847019486e-03 1.062431886372867647e-03 9.999984462816509101e-01 1.516233930086029034e+02
9.998688494829172102e-01 -1.606842735627092913e-02 2.022252806136070214e-03 -7.230826132459791111e-01 1.607428901636683699e-02 9.998665469124224936e-01 -2.916431188030269017e-03 -2.852682017423866956e+00 -1.975120502719068978e-03 2.948555012837743728e-03 9.999937024397204111e-01 1.529490528073366704e+02
9.998748285082665888e-01 -1.556958075144020993e-02 2.813450097177179823e-03 -7.188466348362081426e-01 1.557772333802669856e-02 9.998744666621719457e-01 -2.895760048566750709e-03 -2.885055674671754833e+00 -2.768011194408925933e-03 2.939224769695394923e-03 9.999918495005361008e-01 1.543736149041317560e+02
9.998233272400431915e-01 -1.851267322539479343e-02 3.255038028303697088e-03 -7.278801966751343722e-01 1.851373351647659857e-02 9.998285623577797265e-01 -2.958605100448115106e-04 -2.911828758925087968e+00 -3.249002877833502469e-03 3.560711654537301570e-04 9.999946585803215493e-01 1.556696417102922112e+02
9.997119264610193623e-01 -2.371595535367822249e-02 3.690202911303733062e-03 -7.202637814346476430e-01 2.370648779425035130e-02 9.997156103798819915e-01 2.588582513893483619e-03 -2.940617774753678138e+00 -3.750544223166005827e-03 -2.500355064379361763e-03 9.999898407674575607e-01 1.570130085061298075e+02
9.996147377238379095e-01 -2.745822403603623285e-02 4.052420040323566688e-03 -6.958125141883290121e-01 2.744356290502839024e-02 9.996167626022796071e-01 3.630252639302732759e-03 -2.953861851441037523e+00 -4.150547357154417243e-03 -3.517641204862179474e-03 9.999851994666153487e-01 1.583469413992434625e+02
9.995821879928348253e-01 -2.863839522948513974e-02 3.910475379571047398e-03 -6.892966787423835395e-01 2.862333978614460886e-02 9.995828413476512964e-01 3.853265597199074730e-03 -2.988043467495169470e+00 -4.019195496865995108e-03 -3.739724801637009637e-03 9.999849301471944729e-01 1.597113121643180023e+02
9.996126705948291669e-01 -2.742198598240901813e-02 4.748001892471253108e-03 -6.905958386972667062e-01 2.740185967803299150e-02 9.996154495642304294e-01 4.253355522721903419e-03 -3.005718729555808544e+00 -4.862811579041733702e-03 -4.121604005614148969e-03 9.999796825128671740e-01 1.610772463483689876e+02
9.996736068993743451e-01 -2.486758509626552441e-02 5.855162586105725278e-03 -7.125434351340386163e-01 2.484594925771600391e-02 9.996842979614363189e-01 3.739408121830646754e-03 -3.021952842213833090e+00 -5.946304245829750999e-03 -3.592710542397084105e-03 9.999758666537267304e-01 1.624380610544010324e+02
9.997490650809375268e-01 -2.136738930626620736e-02 6.726186775328537801e-03 -7.112058751462015938e-01 2.135273608829608288e-02 9.997694884626217027e-01 2.242891990525874759e-03 -3.051167230685617238e+00 -6.772561170927117805e-03 -2.098706677552587049e-03 9.999748636026846160e-01 1.637741830795365559e+02
9.997653658998378878e-01 -2.041189150534602689e-02 7.250370750190512914e-03 -7.070813018752714063e-01 2.040150013700295362e-02 9.997907359790660919e-01 1.504329731124466737e-03 -3.063891035446961730e+00 -7.279559846212319517e-03 -1.356058315633172640e-03 9.999725841768210000e-01 1.650957215263691751e+02
9.998188666375500411e-01 -1.745502311213774013e-02 7.586575199762410522e-03 -7.262872761991223669e-01 1.743971376874240559e-02 9.998457541884356869e-01 2.079467431929755191e-03 -3.097036001475702349e+00 -7.621702282626536921e-03 -1.946783069630280815e-03 9.999690593616958889e-01 1.664786841578678889e+02
9.998213253306250659e-01 -1.728211920979535673e-02 7.658055173676265627e-03 -7.078295720886765841e-01 1.726587979194127778e-02 9.998485534102463657e-01 2.181652693438738359e-03 -3.112325300026369757e+00 -7.694599098674124310e-03 -2.049039826887167140e-03 9.999682967830325619e-01 1.678207405995592012e+02
9.998461557191652416e-01 -1.611416452686281059e-02 6.928104490591899603e-03 -7.287017975790727187e-01 1.611166928621134489e-02 9.998701121430808580e-01 4.158461417219155506e-04 -3.123785530807194455e+00 -6.933905745084963969e-03 -3.041588229151410429e-04 9.999759139247731410e-01 1.691734948139863661e+02
9.999160911509707983e-01 -1.108684245477600111e-02 6.700194766465080234e-03 -7.174811650305906729e-01 1.110499582896854430e-02 9.999347508483960034e-01 -2.678263300027744574e-03 -3.159415478050467740e+00 -6.670064218010387375e-03 2.752444244220529808e-03 9.999739668036055074e-01 1.705499430282511355e+02
9.999635392713037696e-01 -5.751304177708070099e-03 6.312103200853770579e-03 -7.212066883521932592e-01 5.776899756034642279e-03 9.999751353026240519e-01 -4.044279411311755071e-03 -3.199818561514081505e+00 -6.288686483293677576e-03 4.080596388739221071e-03 9.999719001785114525e-01 1.719384113956918725e+02
9.999765616450350114e-01 -2.348856969695258413e-03 6.431099760461597356e-03 -7.339589675740884056e-01 2.370868650056231000e-03 9.999913507938036350e-01 -3.417208756687748622e-03 -3.226173043676549224e+00 -6.423017716091113972e-03 3.432375994883351145e-03 9.999734814631687785e-01 1.732931430336448386e+02
9.999748961252932222e-01 1.246337054431483765e-03 6.975225429170815901e-03 -7.481138670815137282e-01 -1.238012324665927096e-03 9.999985164642724023e-01 -1.197663259288306607e-03 -3.258779015007428281e+00 -6.976707895304867096e-03 1.188997794761498380e-03 9.999749555973947990e-01 1.746704298448495365e+02
9.999754203074545655e-01 3.632126358468658464e-04 7.001918724229803069e-03 -7.450389765478325765e-01 -3.711231041601744675e-04 9.999992943882679564e-01 1.128490605147820531e-03 -3.281496373734980043e+00 -7.001504021769954303e-03 -1.131061445177405185e-03 9.999748495000723159e-01 1.760334880318659145e+02
9.999798756277807898e-01 -5.948970709675937196e-05 6.343879628790088758e-03 -7.362603927865812858e-01 4.683471703753322305e-05 9.999980089591662402e-01 1.994964578578274812e-03 -3.313572494323306916e+00 -6.343985785721672523e-03 -1.994627329779699327e-03 9.999778874047100530e-01 1.774334912456897939e+02
