1.000000000000000000e+00 0.000000000000000000e+00 0.000000000000000000e+00 0.000000000000000000e+00 0.000000000000000000e+00 1.000000000000000000e+00 0.000000000000000000e+00 0.000000000000000000e+00 0.000000000000000000e+00 0.000000000000000000e+00 1.000000000000000000e+00 0.000000000000000000e+00
9.999999974754417709e-01 -6.620817069898265919e-05 -2.579912033631087052e-05 -8.133110352010971406e-03 6.620415131813738735e-05 9.999999856771392137e-01 -1.557649888329819894e-04 2.196646415365513267e-03 2.580943288176324097e-05 1.557632804308775815e-04 9.999999875358367429e-01 3.988915676083957368e-04
9.999999931928280628e-01 -1.144177585205526147e-04 -2.286744965234228678e-05 -8.408458615814807732e-03 1.144144651498205361e-04 9.999999830910589749e-01 -1.439694822958400959e-04 7.086314414186230259e-03 2.288392193113758316e-05 1.439668649487937512e-04 9.999999893749339508e-01 2.604314705512456550e-03
9.999999974860095397e-01 5.824836459786175073e-05 -4.043648041213497677e-05 2.738326376637218937e-03 -5.824989698129276700e-05 9.999999975854243495e-01 -3.789592023813247672e-05 3.232831768905720590e-03 4.043427293911923545e-05 3.789827556368078975e-05 9.999999984643951345e-01 2.091282845184717215e-03
9.999999826097859534e-01 1.858604128938557830e-04 1.537317833473824259e-05 5.650186846017632436e-03 -1.858613210257301161e-04 9.999999809818423957e-01 5.909216747826411567e-05 1.640815474953644234e-04 -1.536219514772241019e-05 -5.909502372987233807e-05 9.999999981358905776e-01 7.011417338138392977e-04
9.999999912059969187e-01 1.307641640508936482e-04 -2.210745256801940339e-05 2.124580195933213275e-03 -1.307655698825591377e-04 9.999999894276159207e-01 -6.360136688416248498e-05 4.936238197177933613e-03 2.209913555471782390e-05 6.360425721848557499e-05 9.999999977330633616e-01 -1.377362199016811525e-03
9.999999989194182648e-01 4.401217788578802050e-05 1.496969096613998200e-05 -5.648694718097514722e-03 -4.401099119246905161e-05 9.999999958901126806e-01 -7.926416076524312371e-05 2.147925693698639511e-03 -1.497317949295980585e-05 7.926350184865446006e-05 9.999999967465506012e-01 -3.972637445301707183e-04
9.999999957889821323e-01 -7.339505585580160336e-05 5.509266221412058252e-05 -3.825869908580260478e-03 7.339586971684513011e-05 9.999999971974362634e-01 -1.477070872664054027e-05 2.963212427904512395e-03 -5.509157796272786626e-05 1.477475223829904513e-05 9.999999983733123265e-01 1.864836168416159632e-03
9.999999989516761278e-01 9.356103030782405460e-06 4.482310902975877376e-05 -6.482444593080140087e-04 -9.356974334851559294e-06 9.999999997672948115e-01 1.943855426557235215e-05 -2.520450372906434498e-04 -4.482292715021171962e-05 -1.943897365387525330e-05 9.999999988065157996e-01 2.782280760912163396e-03
9.999999868763435051e-01 1.615963810143353327e-04 -1.157248850155758343e-05 9.755565701315988686e-04 -1.615961056153053630e-04 9.999999866602549137e-01 2.379471858627674481e-05 -1.890578381415364967e-04 1.157633348759433470e-05 -2.379284820492890315e-05 9.999999996499444599e-01 2.758958599317925305e-03
9.999999878720083890e-01 1.537590408731072833e-04 -2.478185502145407155e-05 -2.107255875140184864e-04 -1.537604721714130711e-04 9.999999865104987062e-01 -5.776434538930322213e-05 4.602552970143543179e-04 2.477297289681548072e-05 5.776815515846711542e-05 9.999999980245700693e-01 4.028158291732451997e-04
9.999999993689321354e-01 1.796027026609231319e-05 -3.065231451644412916e-05 3.974651011075692499e-03 -1.796301733823782378e-05 9.999999958225722629e-01 -8.962246018607917446e-05 1.680208584132526295e-03 3.065070474478944883e-05 8.962301073757844821e-05 9.999999955141251062e-01 1.315501287638131799e-03
9.999999992828315643e-01 1.195266604926981632e-05 3.593703623398766459e-05 1.446694982288969020e-03 -1.194925729195025605e-05 9.999999954301262983e-01 -9.485232017527093183e-05 -5.317518519174927252e-03 -3.593816980786700041e-05 9.485189068635357370e-05 9.999999948557833918e-01 2.429298810558783595e-03
9.999999803963299794e-01 -1.954811708654821169e-04 3.153492578013571178e-05 -4.016681014369727007e-03 1.954823673333036906e-04 9.999999801735082183e-01 -3.794241863423376831e-05 -8.084410833428654422e-03 -3.152750812648867803e-05 3.794858241236829551e-05 9.999999987829606418e-01 4.834246834829135885e-03
9.999999912056461993e-01 -1.219923420923630297e-04 -5.202476270870547360e-05 -4.632853342600967705e-03 1.219904310023929442e-04 9.999999918844068025e-01 -3.673582842806360886e-05 -1.204234532710723310e-02 5.202924377624230842e-05 3.672948158177010162e-05 9.999999979719514931e-01 1.341236849328215387e-03
9.999999993053803049e-01 -1.595055433256080881e-05 -3.368707919558619653e-05 5.689611380595034455e-03 1.594919733341770252e-05 9.999999990614770740e-01 -4.028236594491789408e-05 -7.518428255942278399e-03 3.368772169003674249e-05 4.028182863506328532e-05 9.999999986212558811e-01 -1.719326430110642602e-03
9.999999866191384701e-01 -1.634015322109579516e-04 -7.852527913349630344e-06 3.945930607375452287e-03 1.634011736982927043e-04 9.999999856087663508e-01 -4.563467561931316426e-05 -8.331087677886506518e-03 7.859984576260212842e-06 4.563339189640434754e-05 9.999999989279071411e-01 9.908636577298391562e-04
9.999999413719061758e-01 -3.368052804377199465e-04 6.179310022671860353e-05 -2.684301971573505724e-03 3.368105498592864622e-04 9.999999396425880427e-01 -8.528466255468962508e-05 -8.492401207862630003e-03 -6.176437217235822600e-05 8.530547012267730266e-05 9.999999944540695074e-01 3.366353689522703571e-03
9.999998491287531710e-01 -5.449567164209873993e-04 6.902643117142935679e-05 -4.193588772490487206e-03 5.449645367890514633e-04 9.999998450852906062e-01 -1.133271742924646375e-04 -1.073842785203183922e-02 -6.896466207343615389e-05 1.133647741517420813e-04 9.999999911961516830e-01 3.782335431734068151e-03
9.999998490889155933e-01 -5.485388752171242504e-04 3.045075423594428420e-05 -1.837995963510932317e-03 5.485406743804657802e-04 9.999998478047052997e-01 -5.910748532785885598e-05 -1.265609842278534423e-02 -3.041832684796411183e-05 5.912417988514812348e-05 9.999999977895284164e-01 3.113206439827429992e-03
9.999998479690147546e-01 -5.502623642103156992e-04 -3.568302094989168687e-05 1.063864365075651436e-03 5.502614009242241810e-04 9.999998482416880830e-01 -2.699984366111959271e-05 -1.047321249638439103e-02 3.569787253250293504e-05 2.698020456720966415e-05 9.999999989988652693e-01 9.066971199881220141e-04
9.999998537741741078e-01 -5.406432673890743633e-04 1.250951377870344820e-05 3.729523431672233762e-03 5.406430608800214498e-04 9.999998537163112822e-01 1.650565668015401238e-05 -1.783693477884570194e-02 -1.251843562092358811e-05 -1.649889108478129045e-05 9.999999997855376632e-01 -5.006319880380183428e-04
9.999998774403958679e-01 -4.928328705036631990e-04 4.727531136486794075e-05 1.000223909281171622e-02 4.928359587738411970e-04 9.999998764219658609e-01 -6.533583018642288593e-05 -1.697840722147434325e-02 -4.724310587794038876e-05 6.535912115229224116e-05 9.999999967481371099e-01 1.435324712134805961e-04
9.999999138075366112e-01 -4.104430748583432929e-04 6.262109644102981315e-05 6.586072009288566551e-03 4.104516863518749021e-04 9.999999063024133106e-01 -1.375666301745945177e-04 -1.413731573383713962e-02 -6.256462730289743136e-05 1.375923212520232131e-04 9.999999885770102237e-01 2.407453500684167240e-03
9.999999922606882530e-01 -5.404736515339605860e-05 1.120602768693808641e-04 -1.415912213489379460e-03 5.406536641864068035e-05 9.999999856354899741e-01 -1.606423228884535346e-04 -1.524940337620938127e-02 -1.120515929654056469e-04 1.606483802251224620e-04 9.999999808182690186e-01 1.503965430338127015e-03
9.999999163570181260e-01 3.435331039029599449e-04 2.219706362023928957e-04 -2.255841204082563445e-02 -3.435064233265011733e-04 9.999999337745663075e-01 -1.202256216774041442e-04 -1.080731407725204693e-02 -2.220119229832747559e-04 1.201493632820492498e-04 9.999999681374177607e-01 -1.639681971608935272e-04
9.999996739202925422e-01 7.762762107729082473e-04 2.226085200717977004e-04 -4.876661190967664788e-02 -7.762575644026962693e-04 9.999996951977100368e-01 -8.383722814698588567e-05 -8.218509812052599353e-03 -2.226735330659986782e-04 8.366439926176083672e-05 9.999999717083826178e-01 9.539593098422266288e-04
9.999989602128592781e-01 1.436261780243744705e-03 1.293263270023534736e-04 -7.626664427171229999e-02 -1.436261515827332328e-03 9.999989685736129230e-01 -2.137417607572253010e-06 -4.515507548842567082e-03 -1.293292635029854307e-04 1.951668958656129228e-06 9.999999916350662543e-01 3.776159184808924093e-03
9.999965953076664915e-01 2.608613585477564945e-03 6.714340357235418233e-05 -1.020168357825834149e-01 -2.608616020269600468e-03 9.999965969001982646e-01 3.620056947610345927e-05 -6.940058001743424666e-03 -6.704874177931341472e-05 -3.637559758251637186e-05 9.999999970906410240e-01 4.607111726335862655e-03
9.999897124823000638e-01 4.534032410162693212e-03 1.322107049654259970e-04 -1.316317518336914960e-01 -4.534030029290594781e-03 9.999897210655308566e-01 -1.830233226529168482e-05 -1.163245154556464926e-02 -1.322923293479259387e-04 1.770269667321763753e-05 9.999999910926770097e-01 4.593690987865587175e-03
9.999729920082002232e-01 7.345027308259877326e-03 2.565696958452585324e-04 -1.659332252598056667e-01 -7.345016705813586615e-03 9.999730241087657623e-01 -4.224169746293228201e-05 -1.046335815815642098e-02 -2.568730410704618832e-04 4.035604789732466768e-05 9.999999661938144824e-01 6.037914102450795371e-03
9.999484269873738507e-01 1.015294172020112830e-02 2.472648434984175666e-04 -1.966610951746556313e-01 -1.015293502147999842e-02 9.999484572255592507e-01 -2.833149302668487742e-05 -6.706573808187695981e-03 -2.475397467799081647e-04 2.581956799710143806e-05 9.999999690287113552e-01 6.514806574092470333e-03
9.999179203439618746e-01 1.281100942285405900e-02 1.749644932138290452e-04 -2.520721509471500754e-01 -1.281100012884263742e-02 9.999179343050370594e-01 -5.413729301405026579e-05 -8.485260829076047076e-03 -1.756436880020304132e-04 5.189137929855558516e-05 9.999999832282896461e-01 4.305651614261591861e-03
9.998706844628204582e-01 1.608112217738534577e-02 1.089099026041073109e-04 -3.240547107788020464e-01 -1.608112339196017537e-02 9.998706903218336217e-01 1.028555011457655280e-05 -1.164015575855819294e-02 -1.087304163115983106e-04 -1.203561361552131189e-05 9.999999940164202572e-01 7.185446732842118434e-03
9.997987382787517641e-01 2.006177520827856844e-02 9.006502357826729453e-05 -3.847994583960542281e-01 -2.006178028548911627e-02 9.997987406748672923e-01 5.582764730679893423e-05 -2.075232103615329282e-02 -8.892689544172780087e-05 -5.762327605284333157e-05 9.999999943857826867e-01 4.924585415483385097e-03
9.996970218985060663e-01 2.461387265704735594e-02 1.472415721144344086e-04 -4.373753616997621552e-01 -2.461387480922511833e-02 9.996970326066130230e-01 1.282217849240187408e-05 -2.657072500769337361e-02 -1.468813592505348027e-04 -1.644247927584341104e-05 9.999999890777555578e-01 5.025531465874188801e-03
9.995679697545621911e-01 2.939077302467268948e-02 2.372799079877386153e-04 -4.979778551722717217e-01 -2.939075850367767195e-02 9.995679962664393292e-01 -6.445520903257176133e-05 -1.927477592827459701e-02 -2.390717906005231336e-04 5.745352595935119974e-05 9.999999697718852110e-01 3.602083660832593355e-03
9.993890633653098599e-01 3.494963416656694105e-02 1.519783927402624450e-04 -5.687970826968187232e-01 -3.494962917619589410e-02 9.993890744697165873e-01 -3.536961476497366852e-05 -2.139932920548758000e-02 -1.531217003567342358e-04 3.003641770249243208e-05 9.999999878257791464e-01 3.668871783907473854e-03
9.991695669969645754e-01 4.074518839223095074e-02 -7.752406077773864811e-05 -6.409399169881935254e-01 -4.074519154116212211e-02 9.991695690959867537e-01 -3.948182167639524229e-05 -2.663721835404425295e-02 7.585098813959101263e-05 4.260776737409285191e-05 9.999999962156028710e-01 -1.516041301404657399e-03
9.989030089702242154e-01 4.682674938514012203e-02 -1.849655466597085096e-04 -7.130783455037800200e-01 -4.682676878419914784e-02 9.989030199803925480e-01 -1.019768729093826625e-04 -2.642512893738731966e-02 1.799873976798990716e-04 1.105263440810336494e-04 9.999999776942317675e-01 -2.728194496575950690e-03
9.985638460612468181e-01 5.357413791629039163e-02 -2.389265513744218779e-04 -7.845885856046419526e-01 -5.357420902365190446e-02 9.985638252046857843e-01 -3.018610207179138233e-04 -4.650820027921703792e-02 2.224114671279128709e-04 3.142278028286873037e-04 9.999999258970108107e-01 -7.169069675807188124e-03
9.981761631836829629e-01 6.036698287188765888e-02 -4.178885579101715604e-04 -8.604438912687502050e-01 -6.036721135020006734e-02 9.981760810947200024e-01 -5.576057631952945851e-04 -7.777759509704540442e-02 3.834653855130228063e-04 5.818155481715819779e-04 9.999997572224534892e-01 -1.758203663830808922e-02
9.977569304285845986e-01 6.693673585829987283e-02 -7.623479290226371644e-04 -9.420187519377587471e-01 -6.693728248475264153e-02 9.977569283786643650e-01 -7.156017952120778897e-04 -8.079409389470451619e-02 7.127378796716264111e-04 7.650261492766417511e-04 9.999994533697035282e-01 -2.468647422845064721e-02
9.972697764141084109e-01 7.383854288319045833e-02 -9.287819128164110510e-04 -1.030876195279431862e+00 -7.383917335709815066e-02 9.972699412747851877e-01 -6.638582128864864602e-04 -6.461651255163690377e-02 8.772279605309279710e-04 7.306262202073641240e-04 9.999993483280034123e-01 -2.552737107227207383e-02
9.966784395105038330e-01 8.142990418681769760e-02 -1.122015611576212711e-03 -1.127966566096445744e+00 -8.143085519179493748e-02 9.966786480754561417e-01 -8.296343856552730080e-04 -7.387490378626009047e-02 1.050731954331337757e-03 9.182453956483489776e-04 9.999990263934027679e-01 -3.986874787144739640e-02
9.959713254278730332e-01 8.965927762708403304e-02 -1.527370562530068867e-03 -1.198438918733124137e+00 -8.966103849980588958e-02 9.959717013681403941e-01 -1.126165613045379587e-03 -9.152564344632854731e-02 1.420246662428575326e-03 1.258574289086578394e-03 9.999981994434673505e-01 -5.047547576262035457e-02
9.952125109500038480e-01 9.762100606403475989e-02 -4.711392961118433115e-03 -1.251955069097612006e+00 -9.764378736511164503e-02 9.952094889004130529e-01 -4.874832466407065697e-03 -7.457835203015440728e-02 4.212936931079401537e-03 5.311532511842507499e-03 9.999770191283349208e-01 -1.360354209870116154e-02
9.943834510646905045e-01 1.056219596717287990e-01 -6.749361731296344390e-03 -1.358237067909920048e+00 -1.056736301112996268e-01 9.943701066823511514e-01 -7.821434371635918592e-03 -5.661752318381294002e-02 5.885248319010921887e-03 8.490734457823684994e-03 9.999466342163416677e-01 1.183343762637759089e-02
9.934120340396481730e-01 1.141907163303957362e-01 -9.644217394897380488e-03 -1.460957370516166254e+00 -1.142923524348213038e-01 9.933890954534850826e-01 -1.074072665239099965e-02 -5.535812219164773507e-02 8.353969123928372056e-03 1.177222740427124985e-02 9.998958075028711034e-01 1.372839883454222629e-02
9.922368905557674701e-01 1.238748198271155954e-01 -1.099918328884144300e-02 -1.543132229773171771e+00 -1.239991236205078562e-01 9.922163205055776203e-01 -1.144511527766269368e-02 -7.437181963869513024e-02 9.495807578499659840e-03 1.272015468351801390e-02 9.998740057143497006e-01 -1.355573918009266368e-02
9.908399983612536932e-01 1.346251975191302408e-01 -1.059027102608189885e-02 -1.630846367100265981e+00 -1.347379948269047667e-01 9.908226909071520261e-01 -1.077348288787425071e-02 -8.856407339384576860e-02 9.042698573749473334e-03 1.210170964969406113e-02 9.998858826016391310e-01 -4.856746969689157423e-02
9.890973615060537627e-01 1.469049685198510480e-01 -1.026351235904906373e-02 -1.737836818710195796e+00 -1.470079341845375309e-01 9.890835343359417609e-01 -1.012074069999871311e-02 -9.790486241114759736e-02 8.664683984857979304e-03 1.151921567223693037e-02 9.998961100643101174e-01 -5.906862700780105002e-02
9.867838810085820533e-01 1.617062749268029787e-01 -1.042366686621586797e-02 -1.837163451657784163e+00 -1.618090987066222175e-01 9.867722767087900859e-01 -9.914105844787250016e-03 -8.858909881716275914e-02 8.682612359839220195e-03 1.146972398308949981e-02 9.998965234834855664e-01 -4.530673929740598044e-02
9.841113559346605921e-01 1.772419721750733423e-01 -1.049392300020958110e-02 -1.906705931281494459e+00 -1.773430157488796455e-01 9.841019380249799164e-01 -9.634850313898253235e-03 -7.230780547636216082e-02 8.619390090744208366e-03 1.134278955853160013e-02 9.998985184704968221e-01 -2.386073419630133780e-02
9.810063357413163487e-01 1.937302619407024196e-01 -9.754734429113667490e-03 -1.975785970817583781e+00 -1.938164140686138848e-01 9.809980988733968399e-01 -8.827663584707795552e-03 -6.183121387129893176e-02 7.859190351385535525e-03 1.055062155363370446e-02 9.999134550109087805e-01 -1.085259249124615258e-02
9.771079680547345436e-01 2.125914278034251315e-01 -8.056276338914725513e-03 -2.068787962033809880e+00 -2.126493716287989610e-01 9.771021897833531700e-01 -7.180213538121445367e-03 -5.847296471797849837e-02 6.345353404250672624e-03 8.729005961571119354e-03 9.999417687771113838e-01 1.102234000048749399e-02
9.727817838234200654e-01 2.316889975303259019e-01 -3.976114273692477746e-03 -2.157605559667885142e+00 -2.317016221876007642e-01 9.727820480839141082e-01 -3.073304622032410182e-03 -6.354748627332695854e-02 3.155841719594246978e-03 3.910926879671271054e-03 9.999873725772654431e-01 -1.811231483627939731e-03
9.682590758598433878e-01 2.499471613155516136e-01 8.823634963747976510e-04 -2.257149168838347819e+00 -2.499485678460690585e-01 9.682563373025572240e-01 2.319203556277153831e-03 -7.002091118722689189e-02 -2.746757017649329976e-04 -2.466135384370309828e-03 9.999969213600233831e-01 -6.113710732855259788e-02
9.633288351219230217e-01 2.683165181293700741e-01 1.949749104454602706e-03 -2.376848496461641869e+00 -2.683219553719361494e-01 9.633229480116674015e-01 3.496583974559790229e-03 -5.084992712727039871e-02 -9.400468177854797878e-04 -3.891520659310606419e-03 9.999919861573584035e-01 -8.603502155967128473e-02
9.576293349258722110e-01 2.880032495609720633e-01 4.302693948293789860e-04 -2.483072238799041820e+00 -2.880035222444221055e-01 9.576289732327308846e-01 8.489994300228227101e-04 -2.610696414010146849e-02 -1.675238440619407181e-04 -9.369458607500374438e-04 9.999995470340052872e-01 -3.648679179369085368e-02
9.510607166435405269e-01 3.090027578807382769e-01 -8.993773251663092754e-04 -2.563023087665965871e+00 -3.090039776342751177e-01 9.510586242695930892e-01 -2.008733089641793514e-03 -1.786316747136867597e-02 2.346564970263260996e-04 2.188338302650781782e-03 9.999975780529678504e-01 1.822479693577258239e-02
9.438307369904187505e-01 3.304286188517596701e-01 -6.839267807559344702e-04 -2.663042197172922787e+00 -3.304293036813910067e-01 9.438278778398532243e-01 -2.326430946774839508e-03 -1.531258407579217350e-02 -1.232102025180856425e-04 2.421746484986053282e-03 9.999970599772823876e-01 2.206796297364067155e-02
9.361009246932849859e-01 3.517311954698680299e-01 4.742591214371850560e-04 -2.771689085117959639e+00 -3.517309529386743461e-01 9.361009882595561216e-01 -5.258558114642072293e-04 -1.270475693341695765e-02 -6.289143254795408373e-04 3.254424986440225087e-04 9.999997492769442387e-01 -1.763761403436297365e-02
9.276207188938200288e-01 3.735213243756150270e-01 1.273623020771769490e-03 -2.874157865827525082e+00 -3.735225182941996902e-01 9.276206995829130442e-01 8.752328068919353055e-04 -2.239399506995666794e-03 -8.545209603659491976e-04 -1.287610963604690194e-03 9.999988059252544748e-01 -5.126209034341716597e-02
9.182583999159551480e-01 3.959777710377290760e-01 1.765170751407477839e-03 -2.967002110665992287e+00 -3.959788992967188670e-01 9.182595511531354004e-01 3.286758301616988847e-04 1.452733041491920118e-02 -1.490736579274668482e-03 -1.000779713108424993e-03 9.999983880709093498e-01 -4.955502680442849112e-02
9.079687899917147087e-01 4.190318427624128428e-01 2.234088654919090706e-03 -3.078013970869071692e+00 -4.190271199256606072e-01 9.079708095182010830e-01 -2.298223154686749800e-03 3.693492548637536399e-02 -2.991515968129950485e-03 1.150571162162529904e-03 9.999948634959148208e-01 -3.924066645509459439e-02
8.969076500789122663e-01 4.422058734577793970e-01 3.260783550924834136e-03 -3.178530168318488336e+00 -4.421725972119202597e-01 8.968969337181980084e-01 -7.699646859384116047e-03 5.217393059628273183e-02 -6.329415833113622054e-03 5.464043039429342628e-03 9.999650407533628993e-01 -3.476438978912572975e-02
8.853116474311171213e-01 4.649857753120686388e-01 3.393476128658808304e-03 -3.295783846283343532e+00 -4.649146539543832501e-01 8.852673910540798108e-01 -1.249043132877751365e-02 7.238083081484431025e-02 -8.812006654415846865e-03 9.480247556747386714e-03 9.999162332140554277e-01 -1.962076891293828770e-02
8.734765419685074361e-01 4.868581297858401991e-01 2.809286772881921471e-03 -3.414117900100392067e+00 -4.867908542615736467e-01 8.734282979156247073e-01 -1.255677536241393659e-02 1.015007078897240955e-01 -8.567078733480898087e-03 9.600513613799746895e-03 9.999172142234203919e-01 -5.565531759675735810e-03
8.615756006277290879e-01 5.076232484159436398e-01 2.474281837848591771e-03 -3.514477611905959975e+00 -5.075966474703798026e-01 8.615652488474349058e-01 -7.139009405270720608e-03 1.522152537034530961e-01 -5.755682392120208511e-03 4.894859150444332875e-03 9.999714558296642908e-01 1.080196214785629667e-02
8.492475948696439625e-01 5.279701880811807913e-01 5.099324038299594963e-03 -3.615418147176383989e+00 -5.279937967163731427e-01 8.492253021146790593e-01 6.239942087981407808e-03 2.062911194718483332e-01 -1.035971599198399345e-03 -7.991667270012945204e-03 9.999675294813782367e-01 -1.162354453276953636e-02
8.352372132726864074e-01 5.498375278865534899e-01 7.582248484493876207e-03 -3.720982524669662617e+00 -5.498697225528803578e-01 8.350094653814131851e-01 2.006192770062341715e-02 2.458464933814550057e-01 4.699551478123284616e-03 -2.092571745604246067e-02 9.997699878296278930e-01 -8.403374995469406472e-02
8.195906901907694664e-01 5.728735103790083549e-01 9.329611923888802075e-03 -3.812948494147000211e+00 -5.729153239645674578e-01 8.192553936748067089e-01 2.426172914926498503e-02 2.577344968645669532e-01 6.255567056065449230e-03 -2.522976497650604444e-02 9.996621063339539148e-01 -1.374089662398479961e-01
8.038505894392805606e-01 5.947546245854734570e-01 9.548109358076159806e-03 -3.893557122036573670e+00 -5.948265181606521290e-01 8.036765083187999981e-01 1.689625015727330704e-02 2.808575303974073512e-01 2.375531729246625062e-03 -1.926152929271926495e-02 9.998116574326931794e-01 -9.241166628265709559e-02
7.878443901977884023e-01 6.158141571695697758e-01 8.610497279909310950e-03 -3.999241918276294605e+00 -6.158723720852520289e-01 7.878003024521154085e-01 8.479667354353164627e-03 3.569464274262825754e-01 -1.561453156476361789e-03 -1.198362574048181944e-02 9.999269746227232858e-01 1.023765483102701684e-02
7.717032768147289445e-01 6.359185359109799096e-01 9.037048093576059010e-03 -4.098593818368488684e+00 -6.359811158865561476e-01 7.716555547938473980e-01 8.702010772824765594e-03 4.190674948297770097e-01 -1.439718410210814089e-03 -1.246276215913891955e-02 9.999213002883097223e-01 5.604205759773130818e-02
7.553354853090035181e-01 6.552304571673176481e-01 1.188918135617675169e-02 -4.187908079405580963e+00 -6.553369076743474908e-01 7.551719792900601913e-01 1.577400186879321722e-02 4.703558109634592976e-01 1.357229838965022181e-03 -1.970608270156643319e-02 9.998048950828972714e-01 1.442308714409377968e-02
7.387196703966201206e-01 6.738338335629143749e-01 1.553104359068082155e-02 -4.288362122740696059e+00 -6.739991433858558700e-01 7.383619086671739939e-01 2.338475025524653847e-02 4.985516594014149372e-01 4.289904922195941772e-03 -2.774268507687025972e-02 9.996058924098457643e-01 -8.971069901322212270e-02
7.211086915788235130e-01 6.925957394395835243e-01 1.770301216217245316e-02 -4.379619692234607342e+00 -6.928079232497382778e-01 7.206960529832844298e-01 2.478670403058454499e-02 5.498992258101510489e-01 4.408674615140033108e-03 -3.013869480338592435e-02 9.995360036855531760e-01 -1.180701497006234058e-01
7.026910765167111439e-01 7.112720868827197007e-01 1.781205786220819640e-02 -4.451909616591840368e+00 -7.114905724917540697e-01 7.023772621644286396e-01 2.115057563655794656e-02 6.164525586863546236e-01 2.533029637013194807e-03 -2.753543200863977844e-02 9.996176187647732858e-01 -4.992390456233446183e-02
6.841263848726033547e-01 7.291503211013284913e-01 1.763232142890436976e-02 -4.535416982940766673e+00 -7.293629123940842396e-01 6.838956849720130293e-01 1.778859467975113171e-02 6.742268220352602981e-01 9.118909814146633486e-04 -2.503000827987647905e-02 9.996862843614227057e-01 1.842190511264375774e-02
6.654451015667617320e-01 7.461771183458572043e-01 2.006302215208161793e-02 -4.615514313130824497e+00 -7.464455643159839671e-01 6.651547990203885430e-01 1.970058002036424380e-02 7.219241431386816954e-01 1.355106562027901668e-03 -2.808560836477004899e-02 9.996046029750894624e-01 1.762432607268286933e-02
6.468223492882414494e-01 7.622343086827727543e-01 2.489391749274481175e-02 -4.692307712121835728e+00 -7.626380490941002677e-01 6.463892315698085422e-01 2.375220799288414730e-02 7.754892523773306845e-01 2.013587640247945648e-03 -3.434850764571666798e-02 9.994078874450247341e-01 -4.124422196394442880e-02
6.275237652562758450e-01 7.780163878231022290e-01 3.007364822030562587e-02 -4.766147190028198644e+00 -7.785951174758497517e-01 6.269599421279463680e-01 2.666222064439036782e-02 8.336757389755675707e-01 1.888671849312097833e-03 -4.014637275787768383e-02 9.991920244242500360e-01 -8.441273661437681541e-02
6.083122971865950745e-01 7.929984099539318931e-01 3.331172319324750275e-02 -4.843715734647717319e+00 -7.936976403913950096e-01 6.077522633693042131e-01 2.610061314643268363e-02 8.962399073647870917e-01 4.524695565158824706e-04 -4.231676003693696231e-02 9.991041422650978054e-01 -8.962448886881801968e-02
5.899233352384263274e-01 8.066978931151369547e-01 3.505663681487949240e-02 -4.907621478882759902e+00 -8.074583707640605734e-01 5.894309138617839228e-01 2.412834986299981777e-02 9.505339298223588473e-01 -1.199176475888227844e-03 -4.254065147199045938e-02 9.990940170715257862e-01 -6.169576196599707574e-02
5.730137367631438217e-01 8.187938818649717065e-01 3.509752842051948318e-02 -4.967173261848768284e+00 -8.195449450053321483e-01 5.725479651528438962e-01 2.312813688010324775e-02 9.993037459515651255e-01 -1.157841502698379182e-03 -4.201674213725517526e-02 9.991162358720960812e-01 -3.953260238334339177e-02
5.585776948829990207e-01 8.287333925369609888e-01 3.452423602883342157e-02 -5.036801484451165933e+00 -8.294521494697036923e-01 5.580784914652106021e-01 2.361205420973007049e-02 1.052717767641369040e+00 3.008642280360011856e-04 -4.182536859483869385e-02 9.991248911035207625e-01 -5.021798920672353173e-02
5.469660415252810548e-01 8.364939680992755644e-01 3.325643925156285263e-02 -5.095276577332026768e+00 -8.371516797276328248e-01 5.464238880159821843e-01 2.445403309682061405e-02 1.088448728280510647e+00 2.283538343784185035e-03 -4.121620966350200005e-02 9.991476414992964683e-01 -7.022133171241251581e-02
5.380556469939481445e-01 8.422945063868674254e-01 3.218827812150305834e-02 -5.133732251037586458e+00 -8.429021783300989501e-01 5.375014483204594296e-01 2.465990307731553977e-02 1.137096631379779677e+00 3.469654780805837488e-03 -4.039996985038306343e-02 9.991775637652149378e-01 -7.268492195001204081e-02
5.317464176756772076e-01 8.462988647185458735e-01 3.199966976681070663e-02 -5.144853568478082728e+00 -8.468958449621026841e-01 5.311998867858369611e-01 2.437433208603775880e-02 1.179632520209712210e+00 3.629748615372557080e-03 -4.006135113565928441e-02 9.991906289943749409e-01 -5.419435497583997147e-02
5.277227516288156561e-01 8.487926100637924742e-01 3.255460819002228834e-02 -5.161831470507680208e+00 -8.494091193465701517e-01 5.271686240799382528e-01 2.444155798120975845e-02 1.203216591032493676e+00 3.584045785901008446e-03 -4.055054730529873697e-02 9.991710602940045982e-01 -4.569671290867451802e-02
5.259708088397609949e-01 8.498651260133985863e-01 3.292378827956603249e-02 -5.163796219373008256e+00 -8.504933115623237727e-01 5.253896923414002051e-01 2.503593755306234014e-02 1.211547035976319853e+00 3.979351228482311958e-03 -4.116963404791088021e-02 9.991442468413465061e-01 -5.881182454278745253e-02
5.266611066772974858e-01 8.494200963684466199e-01 3.337032512372853366e-02 -5.160235412354960971e+00 -8.500652352711615123e-01 5.260575248800473114e-01 2.554557301105914169e-02 1.201817183526766142e+00 4.144212449809940579e-03 -4.182081303008755579e-02 9.991165322927417769e-01 -6.346524938495584633e-02
5.283623195306055287e-01 8.483081267354775079e-01 3.473588079757730651e-02 -5.160437469621026452e+00 -8.490121147056444162e-01 5.277509009478330571e-01 2.564011762454211640e-02 1.214479356171781932e+00 3.418827765214665221e-03 -4.303845563325492396e-02 9.990675667608353017e-01 -4.510578538244257307e-02
5.288958320949876946e-01 8.478794567447563990e-01 3.700845339604684481e-02 -5.157717808328265541e+00 -8.486839219200598139e-01 5.282784074580444411e-01 2.564224810694526457e-02 1.224753774872444412e+00 2.190768572082120447e-03 -4.497055752166173592e-02 9.989859105559270036e-01 -3.534615510034092023e-02
5.293740252958221149e-01 8.475201456690057977e-01 3.837634723739931364e-02 -5.143871708879206750e+00 -8.483870935893216281e-01 5.287472686451385462e-01 2.580049091334318118e-02 1.187077778454206367e+00 1.575047034856180000e-03 -4.621610742471655292e-02 9.989302231093746265e-01 -5.164788094186149175e-02
5.308321919546106216e-01 8.465895744231861642e-01 3.877210933947158877e-02 -5.139257677683894521e+00 -8.474753358002402592e-01 5.301860101638040668e-01 2.623642195225417417e-02 1.169208959482606280e+00 1.655051338616788520e-03 -4.678554375611346239e-02 9.989035857881937153e-01 -6.922955622726337244e-02
5.323203234181173027e-01 8.456764556768232577e-01 3.829367558640790759e-02 -5.137129454401659245e+00 -8.465406328006119807e-01 5.316666475708757833e-01 2.644868386679474770e-02 1.184162133763194236e+00 2.007559107595577319e-03 -4.649632431313481529e-02 9.989164437187914025e-01 -5.914958623191729492e-02
5.337873741358396540e-01 8.447754339686173175e-01 3.775586545557771401e-02 -5.130567334029221271e+00 -8.456156742646920854e-01 5.331330613301249466e-01 2.651924498623105253e-02 1.181698298820316850e+00 2.273906558262945438e-03 -4.608258976993064027e-02 9.989350450700288375e-01 -5.220043853023215163e-02
5.357732461647449762e-01 8.435367337254676690e-01 3.732033694731216877e-02 -5.114270243273158378e+00 -8.443585256794728933e-01 5.351224339619677917e-01 2.650774948965249969e-02 1.149758648510418535e+00 2.389310879387960412e-03 -4.571388767528665464e-02 9.989517163842970282e-01 -5.010433107697663535e-02
5.383781794551500965e-01 8.418778077676022376e-01 3.729199210251764318e-02 -5.088529403965647013e+00 -8.426979474149641769e-01 5.376888592449892146e-01 2.740182596887339936e-02 1.131622490531882574e+00 3.017500482928637401e-03 -4.617843037867558342e-02 9.989286497336019588e-01 -5.041386427797307779e-02
5.408857072318014048e-01 8.402416629588965735e-01 3.790250045079063268e-02 -5.071477172487382390e+00 -8.410859218133927007e-01 5.401079960588133222e-01 2.928864490972988427e-02 1.114374194196107393e+00 4.138096140669261791e-03 -4.772106894654611770e-02 9.988521290656238172e-01 -6.010485511319196145e-02
5.439721631144736058e-01 8.382229809510379770e-01 3.842551186538372548e-02 -5.059523375034569170e+00 -8.390912283957419060e-01 5.431484440461062935e-01 3.026017448097221424e-02 1.080070901457673038e+00 4.494016676180670467e-03 -4.870320252149582668e-02 9.988031847557677922e-01 -7.197278098802445401e-02
5.483404927884996116e-01 8.353930715898444381e-01 3.796208513965375342e-02 -5.024630873243201457e+00 -8.362452674920793916e-01 5.475478437862588699e-01 2.975250177916524685e-02 1.048945652433175280e+00 4.068975984931378492e-03 -4.806011552944502996e-02 9.988361570997169592e-01 -7.276454080446610739e-02
5.526057778783707297e-01 8.325994573633326290e-01 3.748330099824416506e-02 -4.993779282726913848e+00 -8.334354198822713222e-01 5.518528509460794984e-01 2.904878290645238059e-02 1.015188816879877942e+00 3.500734366226426059e-03 -4.729243598048522845e-02 9.988749523128152008e-01 -5.500756276835763042e-02
5.568122232229046897e-01 8.297904114429585087e-01 3.752360786080952831e-02 -4.953737705178788531e+00 -8.306314123512615888e-01 5.560538356748703226e-01 2.925044694723491143e-02 9.746809371152890256e-01 3.406594327873629924e-03 -4.745529378889261352e-02 9.988675538861472303e-01 -4.418878846630647228e-02
5.614851767384492209e-01 8.266147817690209232e-01 3.797892657707183789e-02 -4.917871644775673623e+00 -8.274784531620610339e-01 5.606817360490783386e-01 3.025558483180938729e-02 9.245874097174764383e-01 3.715623166527085020e-03 -4.841480581336451983e-02 9.988204046386610635e-01 -5.371663662544727547e-02
5.663264581632132533e-01 8.232775131585662320e-01 3.858081274101421432e-02 -4.861887575190660726e+00 -8.241731568014641907e-01 5.654958420604450087e-01 3.087167342820441862e-02 8.680676044173722961e-01 3.598665338659334106e-03 -4.928071569889422299e-02 9.987784842836698873e-01 -5.952011927227787019e-02
5.704992533842168090e-01 8.203817344411922230e-01 3.878674623260276733e-02 -4.812347079714049514e+00 -8.212913771317004175e-01 5.696666574528552740e-01 3.098988924804641637e-02 8.143110894406696554e-01 3.328023011653826607e-03 -4.953492890630217110e-02 9.987668472076360882e-01 -6.235795616265428498e-02
5.750439973076637568e-01 8.172150483411214639e-01 3.852227829765959843e-02 -4.759242876639955711e+00 -8.181162500121975656e-01 5.742179614246729624e-01 3.097634974092847854e-02 7.319101924319054708e-01 3.194155037448329765e-03 -4.932846583983125505e-02 9.987775026658767263e-01 -5.132644036602426740e-02
5.796482166345069409e-01 8.139821063145531443e-01 3.796150092079360328e-02 -4.701448429275870033e+00 -8.148600398662741995e-01 5.788239244949844320e-01 3.108021655907113739e-02 6.525794282195845897e-01 3.325715196771449750e-03 -4.894890225478133045e-02 9.987957471808146526e-01 -3.805610636008027736e-02
5.839736149634875417e-01 8.108747781488108153e-01 3.816950600405098759e-02 -4.629405749386634739e+00 -8.117667431905479791e-01 5.831442733272128587e-01 3.126517448356593010e-02 5.764979769115893271e-01 3.093812581154386371e-03 -4.924277254373272961e-02 9.987820471333668237e-01 -3.843658160287879294e-02
5.877810149246920357e-01 8.080821678075760239e-01 3.894468597263950338e-02 -4.562349302610198443e+00 -8.090139175855941556e-01 5.869073465326042349e-01 3.219080208486738842e-02 5.171083640361786582e-01 3.155890826456893977e-03 -5.042793528854905977e-02 9.987227161207585802e-01 -3.897038391293461412e-02
5.914462712458132820e-01 8.053730490951248600e-01 3.956715835949473764e-02 -4.496466143501300472e+00 -8.063336887174811229e-01 5.904728856931855674e-01 3.417241139314843718e-02 4.187734007789000734e-01 4.158204983422834899e-03 -5.211547805003569761e-02 9.986324079855070091e-01 -4.240362636408986224e-02
5.934386607648745038e-01 8.038430053974765510e-01 4.082864904873344247e-02 -4.419107622679598002e+00 -8.048651048183519396e-01 5.923638685644115887e-01 3.601680531568458854e-02 3.065338967474567911e-01 4.766440531009288883e-03 -5.423531960776961647e-02 9.985168056431035222e-01 -4.932274479167209763e-02
5.941481344860117808e-01 8.032760525990599865e-01 4.166026413339780909e-02 -4.321238225357364904e+00 -8.043397484116160401e-01 5.930133980017009421e-01 3.704968172082852285e-02 2.006042284546193655e-01 5.056027287364053824e-03 -5.552200564954941353e-02 9.984446622005251903e-01 -4.882052319646684735e-02
5.941104758386608342e-01 8.032942274932991511e-01 4.184646430349554108e-02 -4.244773448421351958e+00 -8.043674646329076472e-01 5.929661646439778888e-01 3.720362116030231231e-02 9.133438462253838652e-02 5.071916677963521358e-03 -5.576299546612265706e-02 9.984311513558944418e-01 -4.471107019163751695e-02
5.925159509566266802e-01 8.044826203302579692e-01 4.162404892038396031e-02 -4.166255377942888138e+00 -8.055420571631954907e-01 5.913798856903362822e-01 3.703815522095767199e-02 -3.676710153175175716e-02 5.180926871849220183e-03 -5.547561975721246319e-02 9.984466002793047634e-01 -3.563274355111503700e-02
5.902218343951288748e-01 8.062094073174582709e-01 4.079923719975635243e-02 -4.091617454234994788e+00 -8.072177307489710740e-01 5.890659065457080068e-01 3.742850397711714600e-02 -1.714493958444266997e-01 6.141772360722889262e-03 -5.502498794471578220e-02 9.984660882243087121e-01 -2.788682476388508469e-02
5.877913986292662152e-01 8.080415408586687498e-01 3.962499140945734133e-02 -3.988746887400251850e+00 -8.089737428494945259e-01 5.865781727471788276e-01 3.856851872526250585e-02 -3.068979043850065813e-01 7.921810243315379613e-03 -5.472582117546886254e-02 9.984699942507734294e-01 -4.104741025691445444e-02
5.856503187610303529e-01 8.096530206833661980e-01 3.841471376184163455e-02 -3.886874751561477659e+00 -8.105066437702329596e-01 5.843880890616331980e-01 3.961744271410424373e-02 -4.377249650707879525e-01 9.627280998092454384e-03 -5.433734867651645456e-02 9.984762230516009973e-01 -5.333465852235252935e-02
5.837823505553874082e-01 8.111189960638276464e-01 3.583491878650239826e-02 -3.768679195983685837e+00 -8.118311049936415280e-01 5.825405988903553656e-01 3.970777769239865196e-02 -5.796741696238140173e-01 1.133243772670769478e-02 -5.227260151240291364e-02 9.985685509699852025e-01 -5.333736588911462684e-02
5.820464399534115429e-01 8.124870527630713157e-01 3.296560070646029766e-02 -3.693135321616127342e+00 -8.130596048783976793e-01 5.808765870402091691e-01 3.894187390845563895e-02 -7.132095122411001853e-01 1.249082273285330273e-02 -4.946897735850488281e-02 9.986975516273984832e-01 -2.544229170221729702e-02
5.795107042287205301e-01 8.144021446723367363e-01 3.027359307103442629e-02 -3.597053266352050471e+00 -8.148430788594188678e-01 5.783828102290659023e-01 3.878249175119009157e-02 -8.540534574115196120e-01 1.407481862175035889e-02 -4.714309689261558106e-02 9.987889806641532253e-01 -5.253713807936736743e-04
5.769337670783203365e-01 8.162675439433937363e-01 2.923568212712656517e-02 -3.479431852824804938e+00 -8.166346194350584398e-01 5.757535069919528237e-01 4.019698404886674903e-02 -1.037247349151577680e+00 1.597894692950515422e-02 -4.706586758031018614e-02 9.987639748028243059e-01 3.030318935402290942e-03
5.755880839891387435e-01 8.172084260006620138e-01 2.947449818457625881e-02 -3.358186342335463426e+00 -8.175613534361596546e-01 5.743356334976307265e-01 4.161746583479156159e-02 -1.214004092917563282e+00 1.708188916212297764e-02 -4.805172804796491171e-02 9.986987736521244496e-01 -1.247937515316762530e-02
5.750322347925693744e-01 8.175808579131412790e-01 2.999116075571338705e-02 -3.225703533973873771e+00 -8.179355025390825373e-01 5.737077560270485987e-01 4.290599445936103817e-02 -1.380912894421663539e+00 1.787295822189407732e-02 -4.920316502441882123e-02 9.986288629495836400e-01 -3.450104460574126425e-02
5.749876497453618729e-01 8.176199267827602979e-01 2.978016064528047138e-02 -3.106527769672146277e+00 -8.179583205851058691e-01 5.736512074953492579e-01 4.322589414599813801e-02 -1.554944761262234021e+00 1.825892729319971916e-02 -4.921328547131754300e-02 9.986213817594835618e-01 -3.339115516621328494e-02
5.756298075085752863e-01 8.171893300049186681e-01 2.918773087707954295e-02 -2.977509537727347499e+00 -8.175099019585920779e-01 5.743314972184976330e-01 4.267190530562445239e-02 -1.731799309596547820e+00 1.810759253169290373e-02 -4.842447964481581824e-02 9.986626982439240630e-01 -1.019465150527730513e-02
5.769812591971112958e-01 8.162586192412243369e-01 2.853932461930567405e-02 -2.842789131764425825e+00 -8.165618817280161368e-01 5.757264034163148692e-01 4.202144355107784862e-02 -1.930612837538110416e+00 1.786952277252229493e-02 -4.754971002776816474e-02 9.987090193004954930e-01 1.566047372273931398e-02
