1.000000000000000000e+00 0.000000000000000000e+00 0.000000000000000000e+00 0.000000000000000000e+00 0.000000000000000000e+00 1.000000000000000000e+00 0.000000000000000000e+00 0.000000000000000000e+00 0.000000000000000000e+00 0.000000000000000000e+00 1.000000000000000000e+00 0.000000000000000000e+00
9.999999977968332399e-01 -6.607996939298404560e-05 6.306445240054664203e-06 -8.711525603102818899e-03 6.607953134177017222e-05 9.999999954060808660e-01 6.943582563594408185e-05 -9.317682532274007730e-04 -6.311033528316163391e-06 -6.943540875601948530e-05 9.999999975694474630e-01 -5.201484777744755893e-04
9.999999989781573895e-01 -4.331203366499222269e-05 -1.295195220275855176e-05 -6.663641649243183182e-03 4.330960756535422298e-05 9.999999815295440575e-01 -1.872570144353093657e-04 -4.128904762908718051e-03 1.296006244564331628e-05 1.872564532999950447e-04 9.999999823835286072e-01 -1.017491083777627772e-03
9.999999979540223904e-01 -5.922638387331680598e-05 -2.417003805123211149e-05 -7.090787414559740140e-04 5.921982592264572189e-05 9.999999614619662358e-01 -2.712362037347775326e-04 -8.353698986314429115e-03 2.418610145928910916e-05 2.712347718343883661e-04 9.999999629233647935e-01 -7.764111167982024747e-04
9.999999999887290159e-01 -2.872354061847210747e-06 3.780423366390709300e-06 2.361342857455667882e-04 2.872693499294909625e-06 9.999999959646379555e-01 -8.979126764677859533e-05 -7.453853645892087945e-03 -3.780165438822988668e-06 8.979127850576418106e-05 9.999999959616183709e-01 2.536279483124850680e-03
9.999999960396154242e-01 8.897210631664197416e-05 -2.175645350083159945e-06 -4.297776410535638584e-04 -8.897178444006683035e-05 9.999999851638016191e-01 1.475005702486270262e-04 -4.916858186224188493e-03 2.188768754222780317e-06 -1.475003760934189478e-04 9.999999891194241153e-01 -1.136577602074449918e-03
9.999999999615091228e-01 -8.773815282756731529e-06 4.428578225544287610e-08 -1.374215449046026953e-03 8.773810178832107417e-06 9.999999934677052948e-01 1.139631938911770325e-04 -3.988594237427106441e-03 -4.528567397838927913e-08 -1.139631934982354396e-04 9.999999935061941736e-01 -3.088268217852224891e-03
9.999999996581757644e-01 2.376024484547032087e-05 1.091325684318512288e-05 2.284804944525947994e-03 -2.376010798951065734e-05 9.999999996390991353e-01 -1.254029922663308214e-05 -1.506573421684653108e-03 -1.091355479982657884e-05 1.254003992218539347e-05 9.999999998618208652e-01 -2.264766695640986309e-03
9.999999989386623156e-01 4.605626224237894969e-05 -1.223099534833407990e-06 1.816309661208392184e-03 -4.605630350894945982e-05 9.999999983695135874e-01 -3.376077101568611952e-05 2.970440350632275791e-03 1.221544637915757499e-06 3.376082731129794134e-05 9.999999994293571337e-01 -2.493172190068630202e-03
9.999999949202970084e-01 9.134187715709431925e-05 -4.261534236012666234e-05 -1.528422749560717298e-03 -9.134053958578702468e-05 9.999999953358504889e-01 3.138797399852175866e-05 -3.223985355126374880e-04 4.261820919782751549e-05 -3.138408133071436277e-05 9.999999985993638374e-01 -1.691400932888239119e-03
9.999999978741065387e-01 5.985967774262785854e-05 -2.585741542604808418e-05 -8.602999168635886568e-04 -5.986136469934287042e-05 9.999999960798608978e-01 -6.524488571615653302e-05 -1.090636732960310797e-03 2.585350978685009796e-05 6.524643343762786250e-05 9.999999975372494410e-01 1.473658714437298470e-03
9.999999983364208367e-01 5.122708115523964242e-05 -2.651310076813315160e-05 -1.286042608191543179e-03 -5.122809174259802719e-05 9.999999979613788392e-01 -3.811725297050581798e-05 -3.484248528672372926e-03 2.651114807847164856e-05 3.811861112265328591e-05 9.999999989220652585e-01 1.071851722347326452e-04
9.999999999515746252e-01 -4.138514213104016124e-07 -9.832573457278086270e-06 -1.793142790971588530e-03 4.134956533423399570e-07 9.999999993453255742e-01 -3.618256387234015069e-05 -4.296341442110268929e-03 9.832588425046437245e-06 3.618255980486160541e-05 9.999999992970712848e-01 -8.491543811143257214e-04
9.999999995798584118e-01 2.159295902836863700e-05 -1.933978640209461645e-05 -1.399815290202319207e-03 -2.159344396700471177e-05 9.999999994524886304e-01 -2.507480569210673795e-05 -2.951283891696299989e-03 1.933924495225391069e-05 2.507522329416577713e-05 9.999999994986134011e-01 -2.157938297776085344e-03
9.999999993532465714e-01 7.081315472670577856e-06 -3.526133570656739643e-05 -6.788172004330368832e-04 -7.082943072266621356e-06 9.999999989096224340e-01 -4.615828367869038876e-05 -5.184930999896063004e-04 3.526100880675081339e-05 4.615853340287082369e-05 9.999999983130255510e-01 -1.176404390788794371e-03
9.999999948065406707e-01 -1.009269282843717634e-04 -1.416593367560969564e-05 -2.823824691897030940e-03 1.009274829688402048e-04 9.999999941400307124e-01 3.916097216528107485e-05 -1.172286094455206274e-03 1.416198119596848622e-05 -3.916240169392994536e-05 9.999999991328722970e-01 -2.756108245108468413e-03
9.999999624854949420e-01 -2.558537818496634127e-04 -9.781539221331577805e-05 -3.179748102943819044e-02 2.558598773061559356e-04 9.999999653266871125e-01 6.230848945332404898e-05 -3.106303292838581004e-03 9.779944695906409643e-05 -6.233351415010226853e-05 9.999999932749005227e-01 -1.979246136967541952e-03
9.999996702996901687e-01 -1.666949458532787566e-04 -7.947410308375248752e-04 -2.926513556595226190e-02 1.668312239500043903e-04 9.999999713926962519e-01 1.714116370319743198e-04 -5.674806614262620924e-03 7.947124346485731454e-04 -1.715441681364024071e-04 9.999996695023176674e-01 -3.845492521385093787e-04
9.999979839017885119e-01 -4.292391212928197835e-05 -2.007573135934553020e-03 4.495623100701087033e-02 4.408461282620666446e-05 9.999998319166469862e-01 5.781204241261180161e-04 -7.318319993969923942e-03 2.007547983304643589e-03 -5.782077616629829712e-04 9.999978177110583344e-01 -1.160840117597529593e-02
9.999971297735066322e-01 -1.611426536111984183e-04 -2.390497394646497447e-03 8.458902323835373882e-02 1.621988920460708890e-04 9.999998893133024147e-01 4.416615245128115326e-04 -9.286028138904329002e-03 2.390425959540177624e-03 -4.420479928730534046e-04 9.999970452242866736e-01 -1.193599099686482035e-02
9.999976881159238218e-01 -4.056832631877734939e-04 -2.111677981487630491e-03 1.099095897583238224e-01 4.069171720811324048e-04 9.999997467223917802e-01 5.839294197907564767e-04 -1.213654628990176038e-02 2.111440556254390224e-03 -5.847873478462022783e-04 9.999975999183874364e-01 -7.188890994165642902e-03
9.999981800717070435e-01 -7.571131248665621989e-04 -1.751180456129655932e-03 1.753882686947045300e-01 7.583276477574336753e-04 9.999994723551521858e-01 6.929852783142581617e-04 -1.554404587717038606e-02 1.750654863878759685e-03 -6.943119856868390895e-04 9.999982265676344850e-01 -7.676910702897487941e-03
9.999984768159186910e-01 -9.465577751399509212e-04 -1.466422251923198009e-03 2.745540649571238667e-01 9.472339377506909172e-04 9.999994453570465458e-01 4.604709181132722986e-04 -1.246633762772515058e-02 1.465985576254663072e-03 -4.618592616553943023e-04 9.999988187854587096e-01 -1.043914563551663621e-02
9.999977428876087870e-01 -1.422117279078885087e-03 -1.578544308063984563e-03 4.373554898973810445e-01 1.422828883183270554e-03 9.999988866335239868e-01 4.497662522104325412e-04 -1.705511342633937374e-02 1.577902930206856154e-03 -4.520112354723495110e-04 9.999986529531856849e-01 -8.685808033261539080e-03
9.999964288529765710e-01 -1.743181414083886218e-03 -2.025734398011138759e-03 5.860763623917599752e-01 1.744107542568727092e-03 9.999983753007133380e-01 4.555050093870874448e-04 -9.906073444649639639e-03 2.024937078935521838e-03 -4.590364813545411474e-04 9.999978444553443424e-01 -5.608345769278953730e-03
9.999942095666600750e-01 -2.237948437604073658e-03 -2.563673134667471872e-03 7.169785229313657693e-01 2.240241283880616517e-03 9.999970929681170073e-01 8.918376002253778972e-04 6.681954179045160140e-03 2.561669795423911124e-03 -8.975756824938615130e-04 9.999963160960910757e-01 -9.764311991914948960e-03
9.999911709832055573e-01 -3.146165867613964426e-03 -2.785605135464940506e-03 8.515313838994594819e-01 3.148997492589207872e-03 9.999945290927045871e-01 1.012718841366702345e-03 1.048125235750903446e-02 2.782403714225284951e-03 -1.021481763641966583e-03 9.999956073926412614e-01 -9.479144881413319179e-03
9.999856611857205202e-01 -4.614770037623781504e-03 -2.716858564089885426e-03 1.024421904650735238e+00 4.617342342431376631e-03 9.999888970054712223e-01 9.412839496186080389e-04 8.662008865402973795e-03 2.712484589856516744e-03 -9.538151188092396831e-04 9.999958663234908007e-01 -6.999866759351778059e-03
9.999807951828501018e-01 -5.583224275325929936e-03 -2.690143521504047720e-03 1.237692851471020594e+00 5.585204068688056842e-03 9.999841369060099572e-01 7.289937265479545488e-04 1.238678923709786092e-02 2.686030712033896529e-03 -7.440047268983919970e-04 9.999961158404467865e-01 -5.054863008733041785e-03
9.999757740347277046e-01 -6.425049386808048650e-03 -2.677701257465958922e-03 1.457289513745972709e+00 6.426855602224816437e-03 9.999791254467857993e-01 6.664816198191414508e-04 -1.267313105704249987e-03 2.673363184325830855e-03 -6.836746729861946587e-04 9.999961928518659171e-01 -9.443295497973635405e-03
9.999701441612589559e-01 -7.360038377443077831e-03 -2.353852415400153539e-03 1.684137404401707672e+00 7.361325798202087919e-03 9.999727599462733263e-01 5.387466247225953728e-04 -1.085431417241310321e-02 2.349823100500216672e-03 -5.560580145008908390e-04 9.999970845611905190e-01 -8.864868589595089471e-03
9.999667153865949842e-01 -7.931337763572510885e-03 -1.913635342654408005e-03 1.944490538350317710e+00 7.932112140509119808e-03 9.999684613326235150e-01 3.974129538440880605e-04 -1.425725709569315713e-04 1.910422972777299630e-03 -4.125788962415335493e-04 9.999980900295357689e-01 -7.004592240701896372e-03
9.999607290145255956e-01 -8.743348125013100311e-03 -1.447166992205705782e-03 2.226159098194856689e+00 8.743411852585805319e-03 9.999617749327907035e-01 3.771523455987393881e-05 1.101243280797014820e-02 1.446781916724792279e-03 -5.036693047776769647e-05 9.999989521420798999e-01 -6.737568150255007424e-03
9.999536288111837701e-01 -9.588127151577283819e-03 -8.989132720051927743e-04 2.496476247691230554e+00 9.588081206365110798e-03 9.999540317578519133e-01 -5.540755385423857453e-05 7.844629240226603031e-03 8.994032052137474788e-04 4.678613109063179418e-05 9.999995944423839545e-01 -7.867059941875920170e-03
9.999558089987157228e-01 -9.330551128266304992e-03 -1.149289070112821751e-03 2.803742452905283233e+00 9.330566467795771077e-03 9.999564692853468717e-01 7.985818073797335481e-06 4.977947773832800717e-03 1.149164528654418246e-03 -1.870898323189945729e-05 9.999993395352119174e-01 -1.510735559060718235e-02
9.999557074630790465e-01 -9.337655887795609858e-03 -1.179531489233954936e-03 3.119549995737787906e+00 9.337545616694217440e-03 9.999563992739031182e-01 -9.895972229988298972e-05 -1.146893247048568626e-03 1.180404112638158481e-03 8.794141003568001474e-05 9.999992994559742110e-01 -2.318221512324894484e-02
9.999549347019748291e-01 -9.441531907866416995e-03 -9.929956706515457882e-04 3.461246066725726767e+00 9.441210254238635580e-03 9.999553769498413791e-01 -3.281128401027673868e-04 1.098744611071035722e-02 9.960492480051380635e-04 3.187229726916723403e-04 9.999994531506315454e-01 -3.747933982310987927e-03
9.999586768953373506e-01 -9.087398220369727678e-03 -2.523792994694340095e-04 3.807398434780444596e+00 9.087243382136662648e-03 9.999585252935802027e-01 -6.080299353151221754e-04 2.673480004403942789e-02 2.578942422641962743e-04 6.057113775115752653e-04 9.999997833021200266e-01 3.683312913771758998e-03
9.999574075449492172e-01 -9.194553302664281932e-03 8.020508392897538049e-04 4.170817019108516099e+00 9.195274375233328593e-03 9.999573175270050074e-01 -9.000296442792944098e-04 2.874774467412261059e-02 -7.937412352381612414e-04 9.073663873372814432e-04 9.999992733302812686e-01 1.991272429412408070e-03
9.999523246932020548e-01 -9.762056408643733293e-03 2.249340689868213942e-04 4.533257985783882837e+00 9.762455203849476973e-03 9.999506423998389959e-01 -1.845869047917852177e-03 2.636061460401879081e-02 -2.069034890122381813e-04 1.847976954316987502e-03 9.999982710845667366e-01 8.210633197792208127e-04
9.999457389450845390e-01 -1.029317737460775511e-02 -1.603017499467023063e-03 4.904639430509167397e+00 1.028869718541912046e-02 9.999432098338382202e-01 -2.778455943035654328e-03 2.974734064989468380e-02 1.631525603686067053e-03 2.761812219450205611e-03 9.999948552455002471e-01 8.574914082136595589e-03
9.999447790122287794e-01 -1.010379765774530557e-02 -2.890017141192691152e-03 5.271034848326873856e+00 1.008756628070144219e-02 9.999335676469268686e-01 -5.576853899925860933e-03 2.838030393016060041e-02 2.946172553925238517e-03 5.547392701080705590e-03 9.999802730561750952e-01 3.136739158520699539e-04
9.999436874110343432e-01 -1.002205031565283483e-02 -3.490059353958199773e-03 5.682400237517936326e+00 9.998123823851328557e-03 9.999268493215959230e-01 -6.806873422451829338e-03 3.178383321245804860e-02 3.558022881680879441e-03 6.771596064213185502e-03 9.999707425519591686e-01 8.044968335203924945e-03
9.999436443185760748e-01 -1.042769054679201432e-02 -1.992851410761263022e-03 6.115804808143121107e+00 1.041328849039603252e-02 9.999205342932568907e-01 -7.105527531684749550e-03 3.095850650293123854e-02 2.066787289687592108e-03 7.084374958180075267e-03 9.999727696401292665e-01 1.544195039471521654e-02
9.999466776099295018e-01 -1.005825100340784935e-02 2.339556286178578678e-03 6.540333027841737312e+00 1.006923724743082581e-02 9.999381051749977045e-01 -4.732470844087166388e-03 2.250852564284194085e-02 -2.291811100135524373e-03 4.755776044730070963e-03 9.999860650009547713e-01 1.583579288678200591e-03
9.999252387746579984e-01 -9.610680497017074983e-03 7.559873135667870107e-03 6.947657604580189883e+00 9.655216130016569878e-03 9.999361180616040956e-01 -5.876784611703812951e-03 4.065808148005661815e-02 -7.502910297065064175e-03 5.949337465125550777e-03 9.999541548095093324e-01 -7.145860440823917706e-03
9.998850897681714756e-01 -9.011142831412299881e-03 1.219042920358184151e-02 7.378070165674310843e+00 9.073845367876410412e-03 9.999458359232860083e-01 -5.098092772865819335e-03 5.691176852383666301e-02 -1.214382927809519799e-02 5.208121019404752562e-03 9.999126976321041083e-01 -1.483167350837247614e-02
9.998885846844831615e-01 -8.499295601859512342e-03 1.227111209032772862e-02 7.781712696506255966e+00 8.557493073854565910e-03 9.999523481643398659e-01 -4.697947734246742460e-03 5.592201209234599901e-02 -1.223059810279558332e-02 4.802434267639122192e-03 9.999136708212128521e-01 -4.487118529502067202e-03
9.999103673153439953e-01 -6.868040681955180429e-03 1.149292619331381861e-02 8.200796374040894676e+00 6.925425110619156874e-03 9.999637143402977379e-01 -4.960694486935981855e-03 4.479924863610729863e-02 -1.145843891335795832e-02 5.039843246225027794e-03 9.999216490094222642e-01 4.400174016116017994e-03
9.998950206820959030e-01 -5.424219790540198496e-03 1.343597613926321432e-02 8.617832365009391538e+00 5.517974938632489584e-03 9.999606190616305845e-01 -6.950703450521005834e-03 3.819226443666114829e-02 -1.339774487470045058e-02 7.024113150026334469e-03 9.998855745867764044e-01 -1.365345223020952500e-02
9.998934063183557708e-01 -4.405454006756453524e-03 1.392005661158878319e-02 8.996498237410966325e+00 4.517313422053440171e-03 9.999576787594470773e-01 -8.014647182833506758e-03 3.963819007053732274e-02 -1.388415933798006069e-02 8.076674130650484187e-03 9.998709904054946529e-01 -2.181269873033290022e-02
9.999193776806843958e-01 -2.734688516349209793e-03 1.239998457222190979e-02 9.363796239394323706e+00 2.818455813464073971e-03 9.999732937701708568e-01 -6.743000316115767973e-03 3.778097290796052915e-02 -1.238121340985382478e-02 6.777405488395581157e-03 9.999003812027204008e-01 -1.446538418369355469e-02
9.999319078288984031e-01 -8.355108556265576983e-05 1.166930695780946103e-02 9.722890377687312125e+00 1.623383737683761026e-04 9.999771993448631768e-01 -6.750884138853231395e-03 5.108129454624576321e-02 -1.166847684626752188e-02 6.752318832809895907e-03 9.999091222898549569e-01 -9.014236454077891730e-03
9.999258657152382268e-01 3.757481803974254807e-03 1.158207253146615982e-02 1.006259548107665402e+01 -3.687141952625036263e-03 9.999746669618019279e-01 -6.088548172966409475e-03 4.524339825693566436e-02 -1.160465673135284946e-02 6.045392057273253975e-03 9.999143889238825134e-01 -1.242665633820725507e-03
9.998979382817045902e-01 8.359915404059926891e-03 1.158554420100233774e-02 1.042139809902033321e+01 -8.297266366265224069e-03 9.999507520493905455e-01 -5.445075454532591862e-03 3.514232589619791652e-02 -1.163049400686235781e-02 5.348391374541599207e-03 9.999180598023325039e-01 -1.066135027014650759e-02
9.998505498075566100e-01 1.284969491746618987e-02 1.156561239428744066e-02 1.075323440007392861e+01 -1.279064773177276439e-02 9.999048566164366880e-01 -5.164982620005206283e-03 1.922214638609187620e-02 -1.163088045371234690e-02 5.016279038421123278e-03 9.999197765643402791e-01 -1.288043001466528809e-02
9.997702356045164995e-01 1.811591784967343105e-02 1.145816389101951549e-02 1.107567479905440244e+01 -1.805574450241905632e-02 9.998227567510042935e-01 -5.333401661732325820e-03 2.483259995634223491e-02 -1.155275247518720155e-02 5.125290556240555580e-03 9.999201294638293547e-01 -1.365748894594580667e-02
9.996469055181833596e-01 2.368011233398767748e-02 1.205473217329453353e-02 1.137503753200221546e+01 -2.361007234711131123e-02 9.997037168489882886e-01 -5.919713006721808064e-03 1.033879141319621331e-02 -1.219134002824576873e-02 5.633009689988662146e-03 9.999098161485105996e-01 -1.460627242429041878e-02
9.995106273060188062e-01 2.858984283157854633e-02 1.269357275137609868e-02 1.164988275897995074e+01 -2.851851069000690270e-02 9.995766373172808583e-01 -5.765472877501219041e-03 -1.307093626035451183e-03 -1.285303272978027302e-02 5.400649622302580548e-03 9.999028115438541864e-01 -1.555243541166919860e-02
9.993398363209068380e-01 3.353161615192928879e-02 1.398292745968171720e-02 1.192913829404287185e+01 -3.346273431206850391e-02 9.994267927306251798e-01 -5.131411553944479481e-03 -1.138243334310931436e-02 -1.414697686655912688e-02 4.660116995925830258e-03 9.998890670244980905e-01 -3.029093746724382738e-02
9.991350504984883862e-01 3.858758705682856921e-02 1.549674128695482066e-02 1.220335016785362647e+01 -3.850215563658725831e-02 9.992418350971046248e-01 -5.773993687802801526e-03 -3.220176816928312091e-02 -1.570779668569547219e-02 5.172341529950543089e-03 9.998632466524501883e-01 -3.274511772036665241e-02
9.989138331101381496e-01 4.381557483297637140e-02 1.585400338296315617e-02 1.244594343699190908e+01 -4.371794608373603258e-02 9.990230715067192069e-01 -6.453199787720058193e-03 -6.416466421019714761e-02 -1.612126581353676494e-02 5.753086070669220613e-03 9.998534926624164099e-01 -2.521147085917940789e-02
9.986818629830653826e-01 4.927941389683382356e-02 1.435534446324346347e-02 1.265614184827458111e+01 -4.918942316496340006e-02 9.987679504126347751e-01 -6.556056531391707756e-03 -7.530009225270506423e-02 -1.466073659036253030e-02 5.841283637111267454e-03 9.998754633493607269e-01 -3.503324543158669452e-03
9.984060636856744164e-01 5.493486650881897193e-02 1.294188693102104985e-02 1.287426160238781492e+01 -5.486519053532262769e-02 9.984776215513935238e-01 -5.678919667944667612e-03 -7.703966507425448473e-02 -1.323415517514580676e-02 4.959808739302721051e-03 9.999001237294001809e-01 -5.190562814316838913e-04
9.980884132901284289e-01 6.036640589435957743e-02 1.324448169582988222e-02 1.309146872359651148e+01 -6.031986598202395550e-02 9.981715345600233880e-01 -3.886047091662877054e-03 -7.700530390117944768e-02 -1.345485131483857219e-02 3.079713214794691997e-03 9.999047366337506793e-01 -8.258822442170257738e-03
9.978001377917743442e-01 6.509112265475053283e-02 1.257102916472249698e-02 1.329038836260791001e+01 -6.505478736596009837e-02 9.978763082002667373e-01 -3.278440692771494337e-03 -9.850731637358778325e-02 -1.275772955842068360e-02 2.453422945707252334e-03 9.999156069650896317e-01 -2.731083777679581964e-02
9.974496901335183630e-01 7.062941099301692227e-02 1.027628120127389334e-02 1.349400547686796514e+01 -7.058956397568919017e-02 9.974966436210803700e-01 -4.190396449206098411e-03 -1.314800717806017816e-01 -1.054652124021176855e-02 3.454311430507722627e-03 9.999384174149280602e-01 -2.365273976140602752e-02
9.970646075485920523e-01 7.609153048901642902e-02 8.499844811002355005e-03 1.370553875826087165e+01 -7.604354330404852758e-02 9.970874338149531280e-01 -5.833425243949443700e-03 -1.550260315038850811e-01 -8.918962705233061949e-03 5.169943534559353140e-03 9.999468604821518669e-01 -1.708147914839674986e-02
9.966590570810331950e-01 8.134755724789723141e-02 7.300607381983357895e-03 1.390572599281100885e+01 -8.130611490235763184e-02 9.966722727945021010e-01 -5.804853325119549781e-03 -1.632122404554785522e-01 -7.748523590362482207e-03 5.191875618850811183e-03 9.999565014588024381e-01 -5.774637493870219893e-03
9.961631166499688161e-01 8.724564602652401524e-02 6.873301654593312777e-03 1.411431334180698194e+01 -8.721744464653632956e-02 9.961800100939498526e-01 -4.301725066341769051e-03 -1.698193050123020242e-01 -7.222352494093008286e-03 3.685748042459871966e-03 9.999671259025560976e-01 -1.897991692715372825e-03
9.956220666583563972e-01 9.321469834479285954e-02 6.907995037098937745e-03 1.430994698814003385e+01 -9.318960657192580654e-02 9.956408592614314212e-01 -3.869960739866241603e-03 -1.948986997180816305e-01 -7.238619337483713674e-03 3.209264970004263411e-03 9.999686510128401595e-01 -1.773029212586252346e-02
9.950210223399832410e-01 9.941393767037266793e-02 7.073478519507015762e-03 1.450590252040766082e+01 -9.938130614592509404e-02 9.950377255625395545e-01 -4.825007363537721708e-03 -2.336410843530645209e-01 -7.518050959163568962e-03 4.098012225401499384e-03 9.999633419308808779e-01 -2.155393835608653691e-02
9.942949259633644399e-01 1.064803184149905602e-01 6.288242500878929789e-03 1.471125223593813303e+01 -1.064445886458712243e-01 9.943019069387836195e-01 -5.767790383659337876e-03 -2.748695026833792854e-01 -6.866567666520391466e-03 5.065535326181224741e-03 9.999635946374949569e-01 -1.382949882690934912e-02
9.935098061994260821e-01 1.136248710222903802e-01 5.258675759807525905e-03 1.491109890444078268e+01 -1.135939038759670727e-01 9.935100120136957091e-01 -5.855000492214860845e-03 -2.988324339267272589e-01 -5.889820693065864719e-03 5.219646895543476710e-03 9.999690321697414230e-01 2.854576236537731838e-03
9.926179525933463976e-01 1.211998771816565207e-01 4.493323997282134066e-03 1.512477426217538223e+01 -1.211800682090437425e-01 9.926205802986618476e-01 -4.446868156285329818e-03 -3.070014872537475958e-01 -4.999125748036896411e-03 3.869539856268510922e-03 9.999800175018779269e-01 1.690947732392261357e-03
9.915174673039370834e-01 1.298830144366579786e-01 4.849184677128914878e-03 1.533062667154153580e+01 -1.298884126378897774e-01 9.915282837958070417e-01 8.140610239638863604e-04 -3.459290607237548443e-01 -4.702371060994735633e-03 -1.437008625011775009e-03 9.999879112832396055e-01 2.784639407278806378e-05
9.901584661656064323e-01 1.398607094838797971e-01 5.019344901419833978e-03 1.554599774126019085e+01 -1.398776293185592934e-01 9.901636487979470491e-01 3.193339217107170249e-03 -3.820992914888640124e-01 -4.523350173637928455e-03 -3.864005926700118335e-03 9.999823042241322568e-01 -1.825633518292200594e-02
9.885624448373241391e-01 1.507501799241591223e-01 4.321563384485011157e-03 1.575408302573211650e+01 -1.507594071904999611e-01 9.885686700766612711e-01 1.893590882473885750e-03 -4.173438144646395842e-01 -3.986703001416657018e-03 -2.523449166281181624e-03 9.999888691397937901e-01 -9.354733237476577090e-03
9.865833835647557226e-01 1.632138348947123618e-01 3.804125770761048082e-03 1.596465713930177444e+01 -1.632168162470202799e-01 9.865901052891549172e-01 4.848089528010174299e-04 -4.695207665210767711e-01 -3.673985316330386636e-03 -1.099201753943773903e-03 9.999926467666647723e-01 3.237409156853648245e-03
9.840232570194855644e-01 1.780106019103670778e-01 3.233458252766424363e-03 1.619187222999220666e+01 -1.780134378251352067e-01 9.840278679137204332e-01 6.091985344177418618e-04 -5.144435885274851739e-01 -3.073369232663152473e-03 -1.175064545648249643e-03 9.999945867977853009e-01 1.359564663081943257e-02
9.808196458335813883e-01 1.948968581843675274e-01 2.834963271452787571e-03 1.641690130189038754e+01 -1.949030094747957187e-01 9.808203097058465492e-01 2.082538401808389610e-03 -5.602160713480409671e-01 -2.374709362350273939e-03 -2.595137451053198228e-03 9.999938129893877203e-01 5.060399470579721171e-03
9.767723446279117372e-01 2.142719827269942701e-01 1.817742648100654970e-03 1.665630017415121600e+01 -2.142765722970609854e-01 9.767687560931171964e-01 2.889236045551114851e-03 -6.394982039975984911e-01 -1.156431889236148123e-03 -3.211625530349629734e-03 9.999941740463983431e-01 2.263372985780376205e-03
9.716002974060568009e-01 2.366218753299949018e-01 1.717613396058707094e-03 1.690715121259228582e+01 -2.366278592516274371e-01 9.715842255182937093e-01 5.599013306765640574e-03 -7.089114733754863229e-01 -3.439570525050636516e-04 -5.846438174965254767e-03 9.999828502800497398e-01 3.161495770785587023e-02
9.651644603804758749e-01 2.616294818012048218e-01 2.752938593193386685e-03 1.717609258051973953e+01 -2.616428580960734607e-01 9.651375566110032000e-01 7.246490616881675478e-03 -7.909987925732558933e-01 -7.610688423627519784e-04 -7.714341927580884925e-03 9.999699544000517637e-01 3.481400162066083936e-02
9.575672421619724206e-01 2.881756597418522747e-01 4.445882439143605987e-03 1.744297621760247452e+01 -2.882055641418203584e-01 9.575238527167360125e-01 9.253338651190929146e-03 -8.933825703922089190e-01 -1.590451511232738105e-03 -1.014202202949327815e-02 9.999473035381133412e-01 1.596647429634153945e-02
9.487865898530640774e-01 3.158767117148256198e-01 5.090177916579752618e-03 1.770924417273184304e+01 -3.159175968182689753e-01 9.486773796279548421e-01 1.439796523147698383e-02 -9.988471619621336339e-01 -2.809547350376261771e-04 -1.526867310757932909e-02 9.998833875437529439e-01 -1.945885726755344769e-02
9.382841473758499751e-01 3.458180454951251259e-01 5.721729905005305122e-03 1.797278192703937449e+01 -3.458652936925544208e-01 9.381440596400170140e-01 1.621486913642074257e-02 -1.112798642181101805e+00 2.395874314708818995e-04 -1.719310245650165075e-02 9.998521589844084900e-01 -2.437040722410139734e-02
9.260402173927291258e-01 3.773798993985812422e-01 5.824714683463811521e-03 1.825792611445177727e+01 -3.774246115228372944e-01 9.259120830665692470e-01 1.541029033347742459e-02 -1.260794171252052953e+00 4.223601099162285592e-04 -1.646893928713620212e-02 9.998642886165572952e-01 -4.754953443528112805e-03
9.120719904718157522e-01 4.099839674908881682e-01 6.150658274554902070e-03 1.854552750400323546e+01 -4.100300723256609103e-01 9.119636388184454434e-01 1.405920558329160075e-02 -1.403436712629155592e+00 1.548721836160662710e-04 -1.534496247797140916e-02 9.998822471377099008e-01 1.018804048428009236e-02
8.966866288788358785e-01 4.425827555324775564e-01 8.578700087312466152e-03 1.883600405298696145e+01 -4.426643402185699849e-01 8.965663616388442891e-01 1.473231402540951460e-02 -1.574936144084593259e+00 -1.171105788137064268e-03 -1.700775361311200953e-02 9.998546718539993439e-01 1.702439057415204224e-02
8.804858828073403032e-01 4.739790158515912455e-01 9.407587859572016237e-03 1.911912287547237099e+01 -4.740710044336540752e-01 8.803575659595161973e-01 1.507444238114166897e-02 -1.758761553478582762e+00 -1.137071785278068181e-03 -1.773269833367306300e-02 9.998421167752247207e-01 -2.029910263945804844e-02
8.621457449762613967e-01 5.066092078073861638e-01 7.198957153640505452e-03 1.936973967159069687e+01 -5.066593140272427354e-01 8.620281535600552436e-01 1.427592306247012048e-02 -1.930639201550376605e+00 1.026610330686504938e-03 -1.595534501709210476e-02 9.998721783491200110e-01 -4.473451863678961499e-03
8.412169291865971843e-01 5.406586917411406734e-01 6.500545717831924912e-03 1.963956638822138245e+01 -5.406936449515835630e-01 8.411027555172245762e-01 1.401916439388959344e-02 -2.133945887705234412e+00 2.111956164870203330e-03 -1.530796217953883827e-02 9.998805958388569115e-01 3.607108013347180842e-02
8.183986229251093425e-01 5.745914385155015403e-01 8.268783403336980170e-03 1.994102835728318368e+01 -5.746470412789601578e-01 8.182554010782712162e-01 1.545563184002998573e-02 -2.381716285999005756e+00 2.114697052001966553e-03 -1.740049973202217881e-02 9.998463635306447106e-01 3.418271692866532707e-02
7.944984594041969439e-01 6.071850194710053383e-01 9.927242031529021765e-03 2.023340563656930513e+01 -6.072632542150158130e-01 7.943378457825980288e-01 1.608498795929255015e-02 -2.639992284874463024e+00 1.880979677366708368e-03 -1.880794745463938711e-02 9.998213455552931173e-01 -1.142726810979854263e-02
7.690503048741528236e-01 6.391365298839928322e-01 8.131712047329981222e-03 2.049649289737259750e+01 -6.391790140271584875e-01 7.689085292260072757e-01 1.516119094160690503e-02 -2.893805828870237740e+00 3.437528216925360511e-03 -1.685733820466317825e-02 9.998519958215873471e-01 -2.471916080503952506e-02
7.410519217222155675e-01 6.714319403838846512e-01 4.604209393904353312e-03 2.074018356964790755e+01 -6.714199423818885126e-01 7.409414558384108673e-01 1.417815192321538430e-02 -3.170338807071846787e+00 6.108214445557633154e-03 -1.359810473513769873e-02 9.998888844586178992e-01 1.593128330344695948e-02
7.104605104888208622e-01 7.037366019414571516e-01 8.112483314737821069e-04 2.097927659229502950e+01 -7.036752309090891222e-01 7.103823272794136390e-01 1.407545715507441640e-02 -3.467253151370339292e+00 9.329117911370751054e-03 -1.057091183273212338e-02 9.999006067515012752e-01 5.413946966157761470e-02
6.780525755890765005e-01 7.350133968166917553e-01 1.060047565325889993e-04 2.123949234547071541e+01 -7.349318591642995946e-01 6.779751944512449890e-01 1.499326829289970853e-02 -3.784061561012727282e+00 1.094838446192527431e-02 -1.024413045529743924e-02 9.998875890163296809e-01 6.746070129983443298e-02
6.434908680949014137e-01 7.654525526086937148e-01 1.375639235153621083e-03 2.150423733557269301e+01 -7.653481699654867132e-01 6.433711853912373879e-01 1.776785127005843512e-02 -4.087743613613226579e+00 1.271540046364636606e-02 -1.248629300910854972e-02 9.998411929291269873e-01 5.449015747862459569e-02
6.066048630460201263e-01 7.950003646132681734e-01 2.227194129441381273e-03 2.173974459839547180e+01 -7.948287953446591114e-01 6.064104659171131173e-01 2.266126468553673542e-02 -4.444535049298243834e+00 1.666511985787707401e-02 -1.551667138792221269e-02 9.997407197314520655e-01 1.883565822520880118e-02
5.679262350581867347e-01 8.230772134941143348e-01 1.921499257707419764e-03 2.195630106640208368e+01 -8.228634158169058077e-01 5.677221345281018294e-01 2.423585932022383205e-02 -4.839267844431879517e+00 1.885710589584537605e-02 -1.534531177982136063e-02 9.997044217985698866e-01 -2.084727804943756896e-02
5.269195026778571433e-01 8.499151884866930073e-01 -1.003859983933052397e-04 2.214105659925352398e+01 -8.497683349553112331e-01 5.268306465808294536e-01 1.852691907747066810e-02 -5.232197405632241782e+00 1.579919634024740116e-02 -9.676890143746241096e-03 9.998283568653912878e-01 -1.367913606270981103e-02
4.826739799790072949e-01 8.757979084993136043e-01 -1.962783598023403429e-03 2.232017146125986073e+01 -8.757264125892466611e-01 4.826612257560433106e-01 1.189081348109191638e-02 -5.642007219804665574e+00 1.136130911441157743e-02 -4.020524829120619530e-03 9.999273753804849285e-01 7.105914182475954466e-02
4.354778705751582990e-01 9.001968356576142138e-01 -2.163633828590218449e-03 2.250265285334088716e+01 -9.001705984107604142e-01 4.354819007091200733e-01 6.957579434389193213e-03 -6.060536857188895787e+00 7.205414362786662086e-03 -1.082232318221498877e-03 9.999734550362173735e-01 1.491347900891408507e-01
3.861251392676166017e-01 9.224464084698668076e-01 -1.807229104860974545e-05 2.267926679687743174e+01 -9.224257920180570780e-01 3.861166403023077454e-01 6.678195977857374552e-03 -6.515449280197788795e+00 6.167255907134698914e-03 -2.561949004622521980e-03 9.999777004373016087e-01 1.212901888897430225e-01
3.345174784563191839e-01 9.423796794139877031e-01 4.312358382084855585e-03 2.280962264555531860e+01 -9.423622179179381719e-01 3.344694269060208835e-01 9.146185321881066324e-03 -6.981213792280204444e+00 7.176827154825904040e-03 -7.123362460768349960e-03 9.999488741226935096e-01 4.299814856510957711e-02
2.808362678269745727e-01 9.597149112157680184e-01 8.847590809145013807e-03 2.291946943940691384e+01 -9.597287259603594078e-01 2.807473381189140582e-01 1.008487509339856675e-02 -7.454962201461684757e+00 7.194667436450284843e-03 -1.132348573781059506e-02 9.999100036659421820e-01 5.591016052009893655e-03
2.249015569895050914e-01 9.743448983832634358e-01 8.444445405389841564e-03 2.299617078005681847e+01 -9.743514026474102696e-01 2.248180600997103928e-01 9.807344800070111682e-03 -7.941193190153161829e+00 7.657272537976281268e-03 -1.043354434078976566e-02 9.999162501578658935e-01 2.275239177434494608e-02
1.671525880180858570e-01 9.859260813377680455e-01 3.126412770135775752e-03 2.305148903751024747e+01 -9.858999054501144110e-01 1.671212696190755853e-01 8.476890607069948944e-03 -8.463214891896113201e+00 7.835097466659023124e-03 -4.499264257792836771e-03 9.999591831014036369e-01 8.805305303729782374e-02
1.092841966296848044e-01 9.940105437706605596e-01 5.691889554434569759e-05 2.310769691525099390e+01 -9.939791920210945264e-01 1.092802945721402796e-01 7.948776466774927149e-03 -9.004514763234764629e+00 7.894947504378566072e-03 -9.252518481643449456e-04 9.999684063573811565e-01 1.430549021512427799e-01
5.345272662914135609e-02 9.985703037418310890e-01 -3.930659717576012041e-04 2.312678477550815614e+01 -9.985356350555244509e-01 5.345414624220345967e-02 8.321044031744821712e-03 -9.567361757928939170e+00 8.330158472165739500e-03 -5.229211217021301206e-05 9.999653022607152275e-01 1.400667321059616000e-01
1.575269546518542896e-03 9.999978728213301249e-01 1.331494900996789237e-03 2.310876284340827880e+01 -9.999586993159270687e-01 1.563286969042843033e-03 8.952976949179503735e-03 -1.013989443724616457e+01 8.950876395969826343e-03 -1.345543261285266686e-03 9.999590348234651538e-01 9.791947008587592594e-02
-4.485539535828553248e-02 9.989888078665680737e-01 3.058637700917336225e-03 2.303844524161160479e+01 -9.989401098283818836e-01 -4.488443907729533500e-02 1.020020121259469781e-02 -1.071089480091766966e+01 1.032717208691543917e-02 -2.597861822754597445e-03 9.999432987078002988e-01 8.584049488327841204e-02
-8.454451264729634374e-02 9.964180497890513521e-01 1.815333527140104708e-03 2.295668963034500365e+01 -9.963450928408514873e-01 -8.456033638777715744e-02 1.208327281579531579e-02 -1.128815559681103764e+01 1.219349634789480483e-02 -7.871242402397787483e-04 9.999253467545686780e-01 8.914487835038401031e-02
-1.176432266347775535e-01 9.930448130628137804e-01 -4.697922519545695737e-03 2.285700332456729811e+01 -9.929658865851025418e-01 -1.175675399215674322e-01 1.402218367630592155e-02 -1.189048934421962933e+01 1.337233357420453475e-02 6.314491731874944530e-03 9.998906479655403912e-01 1.137491545157428008e-01
-1.447070981502709408e-01 9.894133604342635335e-01 -1.100263328054287837e-02 2.275192680642470577e+01 -9.893617092136052227e-01 -1.445137343583224876e-01 1.670894741586520169e-02 -1.252113410390377268e+01 1.494202418890418563e-02 1.330348736198371483e-02 9.997998565398715787e-01 1.589380288181792833e-01
-1.661703491271102617e-01 9.860164272119525952e-01 -1.261032668689481516e-02 2.263021834846770020e+01 -9.859666198388513658e-01 -1.659267853189017039e-01 1.838821571781861647e-02 -1.317465540554804093e+01 1.603869179590857591e-02 1.548893740419587939e-02 9.997513956897308152e-01 1.762779725060676650e-01
-1.807797274005873422e-01 9.834423651453615411e-01 -1.264138434932510560e-02 2.250821032009094935e+01 -9.834092699012352279e-01 -1.805477964832913340e-01 1.756989064701297912e-02 -1.383179063515851581e+01 1.499660072447479495e-02 1.560793459513583163e-02 9.997657197285695352e-01 1.343627053940240901e-01
-1.891319841243179756e-01 9.818328296035783165e-01 -1.527701848627188892e-02 2.237738908738247545e+01 -9.818879067174088870e-01 -1.889195101756540041e-01 1.433727021075538455e-02 -1.448824838676306292e+01 1.119067573044615384e-02 1.771195606425530339e-02 9.997805036052033190e-01 1.086484129763909401e-01
-1.930162266453783193e-01 9.809969895223162872e-01 -1.973937181708455835e-02 2.223116826414111458e+01 -9.811713010497908893e-01 -1.928309132182559615e-01 1.091406907045075481e-02 -1.514696137270538756e+01 6.900307807707697222e-03 2.147429755699985926e-02 9.997455877855087047e-01 1.452995542809249752e-01
-1.955923727486568175e-01 9.803845940585474983e-01 -2.428315167369137634e-02 2.208819991288787321e+01 -9.806711540695459695e-01 -1.953966699528573159e-01 1.020925791814104866e-02 -1.584698900659153153e+01 5.264152206716271945e-03 2.581063935649696717e-02 9.996529895906646201e-01 2.011015766977072849e-01
-1.985059553349122208e-01 9.797107071088019259e-01 -2.761007194748566623e-02 2.194084788986696566e+01 -9.800606086344344492e-01 -1.981677212713883751e-01 1.451749459126390127e-02 -1.659011868598263817e+01 8.751519849483043942e-03 2.994135305020158636e-02 9.995133447222439571e-01 2.153483005364063563e-01
-2.014079771826839949e-01 9.791468410025950808e-01 -2.657612616274107609e-02 2.178134004651479216e+01 -9.794190247135917682e-01 -2.009511114866953108e-01 1.889510045853555475e-02 -1.734037770761887032e+01 1.316057583298831102e-02 2.983478752899448860e-02 9.994682009433035752e-01 1.950242442726108361e-01
-2.031011532175239775e-01 9.788479956763637135e-01 -2.462768608857097974e-02 2.161833842234672787e+01 -9.790352951172857088e-01 -2.026137155774023757e-01 2.091824979601883752e-02 -1.809071766115341262e+01 1.548587990141127302e-02 2.835989457464363137e-02 9.994778156134302982e-01 1.899205444478309635e-01
-2.020033257283275763e-01 9.790189465315068951e-01 -2.676861458936108384e-02 2.145615989604220530e+01 -9.792805314556709551e-01 -2.015074665375560237e-01 2.010924268873547083e-02 -1.887514408250867604e+01 1.429325388404979920e-02 3.027611702240416702e-02 9.994393726642211151e-01 1.942906993404618921e-01
-1.978154297265877215e-01 9.797111820877467681e-01 -3.217227772967692911e-02 2.130453564949793233e+01 -9.801633468808753635e-01 -1.972850142872373258e-01 1.893242110681176565e-02 -1.964486889465265662e+01 1.220119639078528530e-02 3.527921243330987139e-02 9.993030110915902542e-01 2.280980701765130680e-01
-1.917484274288920876e-01 9.808391681028237885e-01 -3.445383714345338216e-02 2.115681154136199993e+01 -9.813751983416086899e-01 -1.912007836017173279e-01 1.857364880839819377e-02 -2.043535554261191933e+01 1.163016158594905487e-02 3.737360921091291421e-02 9.992336827169281399e-01 2.561534389813451273e-01
-1.861976089219810060e-01 9.819741350092419108e-01 -3.251535951804800095e-02 2.099306419610618946e+01 -9.824270219959496675e-01 -1.856434028074158693e-01 1.933063491593559752e-02 -2.124485741204860645e+01 1.294592151631837433e-02 3.554328582073452980e-02 9.992842828490593465e-01 2.576386404362540627e-01
-1.824286442780871376e-01 9.828047083658666416e-01 -2.854286181768388511e-02 2.081567805388947079e+01 -9.831086370998083357e-01 -1.818961367100480064e-01 2.027814364573565092e-02 -2.207444282637720789e+01 1.473761875666293811e-02 3.176004823427922008e-02 9.993868629962771033e-01 2.628367545337948474e-01
-1.809063402446582369e-01 9.831633715307149801e-01 -2.574258999482642238e-02 2.065804820198329850e+01 -9.833792028847715416e-01 -1.804113069067827535e-01 2.042311616522504703e-02 -2.293756565918523194e+01 1.543500544203399785e-02 2.900939883114427714e-02 9.994599618726405232e-01 2.698144586000249534e-01
