1.000000000000000000e+00 0.000000000000000000e+00 0.000000000000000000e+00 0.000000000000000000e+00 0.000000000000000000e+00 1.000000000000000000e+00 0.000000000000000000e+00 0.000000000000000000e+00 0.000000000000000000e+00 0.000000000000000000e+00 1.000000000000000000e+00 0.000000000000000000e+00
9.999999864125802551e-01 -9.769496189898189693e-05 1.327800196446674702e-04 -2.600877219934192089e-03 9.770507495058133212e-05 9.999999923267165469e-01 -7.615960373993479592e-05 -3.110809545935316021e-03 -1.327725782162231065e-04 7.617257598689362624e-05 9.999999882845904686e-01 -2.040863056472648571e-03
9.999999907439872660e-01 1.162891112598923285e-04 7.063191944917762385e-05 -7.069285112994132952e-04 -1.162762042471225340e-04 9.999999765479226088e-01 -1.827128853815624396e-04 -4.448238734554623916e-03 -7.065316531176914553e-05 1.827046708788773852e-04 9.999999808135665580e-01 6.932244912174131968e-04
9.999999858169327238e-01 1.043182067065082872e-04 -1.322264955289566171e-04 1.798307843407908040e-03 -1.043268410054218012e-04 9.999999924262956696e-01 -6.529409464893380698e-05 -6.785314021460118160e-03 1.322196831646499479e-04 6.530788849543900929e-05 9.999999891264175211e-01 2.433915416610038171e-03
9.999999895227363877e-01 1.357155504413148266e-04 -5.035689015018205686e-05 -2.921983374324622039e-03 -1.357148629778873335e-04 9.999999906975085562e-01 1.365499047041965577e-05 -6.536512858717412680e-03 5.035874287628547849e-05 -1.364815614890599554e-05 9.999999986388624640e-01 -5.095893027403488110e-04
9.999999983186552699e-01 4.006954799887231229e-05 4.191802557341617471e-05 -2.989268241212869777e-03 -4.006844722567191105e-05 9.999999988524489458e-01 -2.626064974107981644e-05 -2.379279415102523304e-03 -4.191907777767838448e-05 2.625897010673111675e-05 9.999999987766287068e-01 -1.764488685766112987e-03
9.999999978036052672e-01 -5.938411179409643358e-05 2.943325938606780473e-05 5.963765753543735434e-04 5.938541961658047743e-05 9.999999972494687528e-01 -4.443460953218653954e-05 -3.631201553989007146e-03 -2.943062059529071714e-05 4.443635734104991780e-05 9.999999985796244051e-01 -1.483406439813832320e-03
9.999999922630160576e-01 -9.405455822450990190e-05 -8.141073574333411748e-05 2.024471236791214150e-03 9.405602840096332555e-05 9.999999954137381852e-01 1.805511384771793759e-05 -5.058463182419389512e-03 8.140903720420651852e-05 -1.806277087849903254e-05 9.999999965231525234e-01 2.104197634809296634e-03
9.999999986823959741e-01 -4.344677692835813212e-05 -2.734201393521799023e-05 -2.530329940510360563e-03 4.344649980041107690e-05 9.999999990048303866e-01 -1.013612077317386039e-05 -5.281514566427012239e-03 2.734245428978619569e-05 1.013493284501548861e-05 9.999999995748366510e-01 1.562727991991039525e-03
9.999999963116046331e-01 8.503641377294040725e-05 -1.206643968015932197e-05 8.697882641850313012e-04 -8.503706903267687896e-05 9.999999949093324458e-01 -5.431419669882013676e-05 -2.219305382902203409e-03 1.206182093422886173e-05 5.431522259315197017e-05 9.999999984521845686e-01 2.446032197718932049e-04
9.999999890218067566e-01 1.331068053311577134e-04 6.510733209923996582e-05 1.213673677857069269e-03 -1.331015564980182655e-04 9.999999878925303065e-01 -8.061584768134974195e-05 -4.113662518462169598e-03 -6.511806182889884852e-05 8.060718090909154961e-05 9.999999946310601517e-01 -1.041471909312328753e-03
9.999999939649689695e-01 -7.859216010901913396e-06 1.095823654376620871e-04 3.587472110031648259e-03 7.860264424139710101e-06 9.999999999233450954e-01 -9.566926203121103810e-06 -2.894310626757534526e-03 -1.095822902407224560e-04 9.567787491752969672e-06 9.999999939500895385e-01 -2.043261188436407746e-03
9.999999843405724675e-01 -1.760700095780983918e-04 1.783834558952973530e-05 -5.489665982164769129e-04 1.760695563001757086e-04 9.999999841769545705e-01 2.540869640135706706e-05 -4.696443966309533057e-04 -1.784281901669153636e-05 -2.540555521387834645e-05 9.999999995180958168e-01 -6.952142197159407420e-04
9.999999968498770597e-01 -7.733743699764338876e-05 1.786524021051940614e-05 -7.175193811830519325e-04 7.733711837531307321e-05 9.999999968504456049e-01 1.783476569703611948e-05 1.201456831548102563e-03 -1.786661944932032065e-05 -1.783338399465744873e-05 9.999999996813772052e-01 -2.300307580552050793e-04
9.999999807906306826e-01 1.562075002772676682e-04 1.183974454604812851e-04 -1.998683666960233800e-03 -1.562043395854612428e-04 9.999999874435400171e-01 -2.670438511338105235e-05 -4.192100614580255430e-03 -1.184016153990734906e-04 2.668589040562989646e-05 9.999999926344603773e-01 1.896688056271281198e-04
9.999999671871319107e-01 2.558743401128674047e-04 -1.241197514041144451e-05 1.476824651364227158e-03 -2.558742598290749868e-04 9.999999672432544617e-01 6.469409517717278465e-06 -9.560530353307818141e-03 1.241363008972679940e-05 -6.466233400485327067e-06 9.999999999020448005e-01 1.680095661281465289e-03
9.999999994745909504e-01 2.993069142104690838e-05 -1.244877124288328829e-05 4.662291586168787819e-03 -2.993011369762745065e-05 9.999999984753512594e-01 4.640566526192227182e-05 -4.990926343065842791e-03 1.245016017755042710e-05 -4.640529264440161156e-05 9.999999988457711764e-01 -4.812080558933163471e-04
9.999999988583557764e-01 -4.749927341072050329e-05 -5.206487362400438786e-06 3.058091688204862650e-03 4.749935119423296309e-05 9.999999987602946616e-01 1.494062403010656254e-05 -4.937616193542327270e-04 5.205777687160195364e-06 -1.494087131782140045e-05 9.999999998748351215e-01 -8.547792744312396242e-04
9.999999986354255466e-01 8.481625646647383360e-06 -5.154814186732253813e-05 3.028271070002645955e-03 -8.483766996493122373e-06 9.999999991011979672e-01 -4.154069991160394678e-05 3.921057859159323908e-03 5.154778948832521880e-05 4.154113717734327017e-05 9.999999978085796215e-01 -2.683159357426796125e-04
9.999999973198984149e-01 6.151291850048864226e-05 3.970345196308246096e-05 5.317722430089391605e-04 -6.151149447246873612e-05 9.999999974649532719e-01 -3.586682941746806839e-05 -4.145550901211113998e-03 -3.970565813578718782e-05 3.586438710267536144e-05 9.999999985686032211e-01 -1.453983454096003909e-03
9.999999969434208991e-01 5.130335691547864438e-05 5.900104907416396237e-05 2.099519708504032998e-03 -5.130125097503293363e-05 9.999999980470517524e-01 -3.569423073473639208e-05 -4.642182386776331354e-03 -5.900288019279717640e-05 3.569120379800780812e-05 9.999999976223989950e-01 -6.066772481053048748e-04
9.999999971243613839e-01 4.102348100700621526e-05 6.378362848976532626e-05 -3.575313850018603350e-03 -4.102236085426453445e-05 9.999999990043539899e-01 -1.756296856773266257e-05 2.242940904809317439e-03 -6.378434892036686751e-05 1.756035196220340867e-05 9.999999978115954313e-01 -4.942482054629392801e-04
9.999999963380615808e-01 8.276481195455611685e-05 -2.176838777129859058e-05 -1.618030720015189300e-03 -8.276506180913208340e-05 9.999999965091090903e-01 -1.147721278022258520e-05 -1.491933923779146035e-03 2.176743778595000538e-05 1.147901440015311418e-05 9.999999996972054328e-01 2.872887872238306288e-04
9.999999915809685280e-01 1.238597227757055050e-04 -3.868891337420688809e-05 -6.237260134096616303e-04 -1.238598287363172634e-04 9.999999923256274181e-01 -2.736400906785630546e-06 -1.123267737649482831e-02 3.868857414743604193e-05 2.741192885932308870e-06 9.999999992478399991e-01 6.904907911202617325e-04
9.999999998258982670e-01 -1.016959685608409474e-05 1.564553414349019431e-05 -4.103385349826636384e-04 1.017007582721408496e-05 9.999999994796718861e-01 -3.061414500113654740e-05 -5.388881322923314704e-03 -1.564522280183662520e-05 3.061430411207516464e-05 9.999999994089956434e-01 -8.512025352331959935e-04
9.999999956528580203e-01 -9.301213657259035082e-05 -6.559448820651914565e-06 5.267074442426745474e-03 9.301172580334125068e-05 9.999999937153392082e-01 -6.259505116685713452e-05 6.246635904360158323e-03 6.565270878875903305e-06 6.259444078909244557e-05 9.999999980194166360e-01 6.043701174400016411e-04
9.999999930410151672e-01 -1.175790933405578513e-04 9.650207671599396865e-06 4.226121660411429753e-03 1.175791771810184128e-04 9.999999930498292278e-01 -8.687836208359725696e-06 4.566690757313637133e-03 -9.649186096624335539e-06 8.688970811378857767e-06 9.999999999156975461e-01 1.381508192530920501e-03
9.999999989945623780e-01 1.042707601806727190e-05 4.361365941342036271e-05 1.080330628069261535e-03 -1.042712173729107191e-05 9.999999999450883692e-01 1.048050385196756951e-06 -4.339728117874478569e-03 -4.361364848292443376e-05 -1.048505149079120225e-06 9.999999990483751100e-01 7.402172586411053228e-04
9.999999904742415957e-01 1.320640358193026442e-04 4.013237029553266854e-05 -2.146776756744970486e-03 -1.320625342388773767e-04 9.999999905797635202e-01 -3.741603936118291474e-05 -1.132034874800042987e-02 -4.013731123063865830e-05 3.741073902224052120e-05 9.999999984947164355e-01 -3.759778333402630560e-04
9.999999964011782039e-01 5.796132510413668887e-05 6.195262963925126558e-05 1.324802200930655718e-03 -5.795734342875514118e-05 9.999999962551864297e-01 -6.426953833147915681e-05 -5.848327500670425644e-03 -6.195635455485574506e-05 6.426594749035221751e-05 9.999999960156490397e-01 -1.165648997174294123e-03
9.999999958025584945e-01 -5.137725921356876775e-05 7.586343129337517479e-05 4.825609580495320017e-04 5.137927993840306931e-05 9.999999983253827773e-01 -2.663464037375083175e-05 2.483212674490138487e-03 -7.586206275151043566e-05 2.663853807042699463e-05 9.999999967676678203e-01 -1.411543571480631393e-03
9.999999996197148633e-01 -2.503082920480497752e-05 -1.157704397929265311e-05 2.441039556287798260e-03 2.503089455292537255e-05 9.999999996707968908e-01 5.644518744501430097e-06 5.223544969260550397e-05 1.157690268849681751e-05 -5.644808526121984127e-06 9.999999999170556819e-01 -2.362384329939542192e-04
9.999999992340746768e-01 -2.271678480306117860e-05 -3.187158963556751770e-05 1.013166200707807819e-03 2.271729535992801603e-05 9.999999996136594849e-01 1.601891368903794036e-05 -1.161288207977832559e-03 3.187122572503917859e-05 -1.601963771308399328e-05 9.999999993637981310e-01 8.174085748079269959e-04
9.999999989178051107e-01 4.176464989601387826e-05 -2.049643278751907746e-05 -2.295180267347257143e-03 -4.176434494130533881e-05 9.999999990171829500e-01 1.487863092310135828e-05 -7.867200492583895088e-03 2.049705416818626720e-05 -1.487777488691077625e-05 9.999999996792613421e-01 1.523864150373376069e-03
9.999999973613096227e-01 5.706923830261514762e-05 4.494978078269981891e-05 -3.543511768422968541e-03 -5.706895391114562662e-05 9.999999983515446278e-01 -6.328128319665374394e-06 -5.852973389482152289e-03 -4.495014185006519710e-05 6.325563065999599892e-06 9.999999989697360148e-01 -6.323992286495407761e-04
9.999999989756358509e-01 1.356237337157208014e-05 4.318321866774476242e-05 -1.038171450232798151e-03 -1.356066017806128177e-05 9.999999991210921646e-01 -3.967271395302810177e-05 -2.489494100337948535e-03 -4.318375668594998568e-05 3.967212831943504962e-05 9.999999982806426768e-01 1.013632454281085393e-04
9.999999994819915861e-01 -8.568860476943990706e-06 -3.102565702204751458e-05 1.211705538035420457e-03 8.569187864845664214e-06 9.999999999076116808e-01 1.055204904097610717e-05 -1.575264151433009626e-03 3.102556660014512709e-05 -1.055231490019370967e-05 9.999999994630314193e-01 2.812269194586731330e-04
9.999999984621819049e-01 -3.440784355436291519e-05 -4.349409656189137061e-05 -2.429931399998614718e-04 3.440857421073993726e-05 9.999999992669328375e-01 1.679834147394158867e-05 -4.133495439590661666e-03 4.349351853530187363e-05 -1.679983801795807284e-05 9.999999989130395894e-01 6.715856826564284981e-04
9.999999995438316747e-01 2.901860183405448620e-06 3.006519318035039633e-05 4.750767007039309164e-04 -2.901992754572054810e-06 9.999999999860677002e-01 4.409413983917111462e-06 -9.698588766371843764e-03 -3.006518038442865091e-05 -4.409501230878450564e-06 9.999999995383206386e-01 7.696823020541419466e-04
9.999999914710970828e-01 1.033628125977763300e-04 7.983692574045380319e-05 -2.113754362272001266e-03 -1.033609786466976291e-04 9.999999943943287395e-01 -2.297499809136047287e-05 -1.029451682197931629e-02 -7.983930005333639052e-05 2.296674587263226628e-05 9.999999965491073173e-01 -2.268524199259483324e-04
9.999999880988192924e-01 9.964317662735287481e-05 1.177862411067445416e-04 -1.328922593670459756e-03 -9.963825536986189123e-05 9.999999941630578482e-01 -4.178638902260314891e-05 -7.516564715929216836e-03 -1.177904041477750694e-04 4.177465250972533931e-05 9.999999921901495670e-01 -2.376487423972929291e-03
9.999999981399494420e-01 -2.254887408743870200e-05 5.667141562454040615e-05 2.098896853824704783e-03 2.255018056400312715e-05 9.999999994800241598e-01 -2.305300353667639169e-05 2.156886909585233741e-04 -5.667089577579855327e-05 2.305428144445179265e-05 9.999999981284548589e-01 -1.000203432941173219e-03
9.999999952871244657e-01 -9.598053150748877735e-05 -1.461125273718346750e-05 1.466811784055421439e-03 9.598048388467165636e-05 9.999999953885595483e-01 -3.259991019122120394e-06 1.333844692851205924e-03 1.461156556547527222e-05 3.258588608650312289e-06 9.999999998879418595e-01 1.585359594297382517e-03
9.999999971430401091e-01 -1.697388939070365745e-05 -7.366007612038683180e-05 8.841866716465293652e-03 1.697445449402268879e-05 9.999999998265106660e-01 7.671153740888712725e-06 -2.781505064438346241e-03 7.365994589829249356e-05 -7.672404058582666040e-06 9.999999972576733009e-01 2.188107583342211674e-03
9.999999656639475543e-01 -5.827101064783248783e-05 -2.554928434266951973e-04 3.995780234147934540e-02 5.826974357918512356e-05 9.999999982899842044e-01 -4.966752645444704673e-06 -1.758279410142739654e-02 2.554931324074946651e-04 4.951864972433234869e-06 9.999999673493685792e-01 3.423277974244156880e-03
9.999999441020966939e-01 -2.238592305051985052e-04 -2.483603195277606286e-04 6.104655224699968158e-02 2.238747586915491384e-04 9.999999729871222875e-01 6.249677618620815413e-05 -2.737951497846603105e-02 2.483463223386075578e-04 -6.255237429937223815e-05 9.999999672056517630e-01 4.203582893076501618e-03
9.999999703023081388e-01 -2.252242087430150308e-04 -9.310982067706904627e-05 3.634057786724544797e-02 2.252279646128092967e-04 9.999999738229454760e-01 4.032954550471753492e-05 -1.156705321482403431e-02 9.310073504975293008e-05 -4.035051524241967791e-05 9.999999948520444937e-01 1.676417427810500491e-03
9.999999922970178590e-01 -3.424412821404245724e-05 1.193034109393211926e-04 9.134468628592459088e-04 3.423844768939147867e-05 9.999999982802313392e-01 4.761581795882810177e-05 -1.307101920716153241e-03 -1.193050412963221260e-04 -4.761173282844969262e-05 9.999999917497149893e-01 -1.634296111230406322e-03
9.999999684916829334e-01 2.179999940472037334e-04 1.244694165382123326e-04 -1.989979302505762507e-02 -2.180016077700845873e-04 9.999999761537798904e-01 1.295139430840384360e-05 -5.994544897589808991e-03 -1.244665901662050738e-04 -1.297852843325074169e-05 9.999999921698128347e-01 -7.810709264825512962e-04
9.999999612273542393e-01 2.672405196385603402e-04 7.828023217348534170e-05 -3.126725199626370633e-02 -2.672408034173302457e-04 9.999999642846427728e-01 3.614727749844169192e-06 -2.139799805681449549e-02 -7.827926337595665098e-05 -3.635647281829348022e-06 9.999999969295695346e-01 2.440051003356377940e-04
9.999999984195684366e-01 1.909329332127314909e-05 5.288014002067523215e-05 -4.254499879919704936e-02 -1.909311309948232975e-05 9.999999998119171174e-01 -3.408621364965279021e-06 -2.485980893997872393e-02 -5.288020509253692241e-05 3.407611713084054704e-06 9.999999985960360549e-01 -6.118263510564213390e-04
9.999999993742937354e-01 -3.537530908491499660e-05 1.156343112207489538e-08 -3.952586577712244309e-02 3.537530875346041982e-05 9.999999989959845736e-01 2.750669509046428266e-05 -2.873906549287950571e-02 -1.253648895119472020e-08 -2.750669466419322401e-05 9.999999996216908382e-01 1.044016591134891078e-03
9.999999291338471652e-01 -3.742186214574990148e-04 4.114272847811911585e-05 -5.539788482879563769e-02 3.742163508195502997e-04 9.999999284584691894e-01 5.518314250809275252e-05 -2.020035235043743382e-02 -4.116337609422241427e-05 -5.516774231576189409e-05 9.999999976310482985e-01 4.058699411238686147e-03
9.999998949636853540e-01 -4.538517209825133989e-04 6.396275180243493077e-05 -8.484484221230281786e-02 4.538467578957962973e-04 9.999998940017177373e-01 7.758655569574893641e-05 -7.405539825480960542e-03 -6.399795781432074003e-05 -7.755751825881143874e-05 9.999999949445463887e-01 6.487084508973711000e-03
9.999999012034351820e-01 -4.334900793938364200e-04 9.838430287913045244e-05 -1.274224670096013312e-01 4.334774657441784504e-04 9.999998978319051268e-01 1.281930807848586176e-04 -4.369146030715910685e-03 -9.843986325616081994e-05 -1.281504207415415668e-04 9.999999869435314270e-01 5.866647133500720035e-03
9.999999321141502806e-01 -2.979866805449658427e-04 2.167386283148040049e-04 -1.900859847766777078e-01 2.979470098280290278e-04 9.999999388612185180e-01 1.830440890422998644e-04 -1.682774284286094827e-03 -2.167931597641554737e-04 -1.829794999899757161e-04 9.999999597596134215e-01 5.442703672192138881e-03
9.999999761451874303e-01 -8.441713794856109095e-05 2.014531492042167279e-04 -2.428569881507788020e-01 8.439156953074866490e-05 9.999999883840476889e-01 1.269250467071766550e-04 -6.252292744005196433e-03 -2.014638615133235492e-04 -1.269080427319551935e-04 9.999999716533302108e-01 4.127480805324279696e-03
9.999998529165299299e-01 4.268093607720807744e-04 3.346650387660068927e-04 -2.907121104065419348e-01 -4.268636706169603285e-04 9.999998957349678363e-01 1.622265707272928334e-04 -1.918888950884740235e-02 -3.345957640531935207e-04 -1.623694032133207136e-04 9.999999308409234233e-01 6.736566717899623684e-03
9.999998788890878121e-01 -6.770554888645857229e-05 4.874810440806429481e-04 -3.794312563757492041e-01 6.758467137571458013e-05 9.999999669701783445e-01 2.479757134166300217e-04 -2.871818821409991354e-02 -4.874978173110183278e-04 -2.479427371378991338e-04 9.999998504351274020e-01 8.276074489710408960e-03
9.999996924689324995e-01 -4.979048605517549320e-04 6.059313411695241465e-04 -4.749831043947979614e-01 4.977675809278407507e-04 9.999998504196592197e-01 2.266894230390855032e-04 -2.501484093543445558e-02 -6.060441202996745460e-04 -2.263877403471429520e-04 9.999997907295357091e-01 1.021461617682086105e-02
9.999994730789436570e-01 -6.851004343239095297e-04 7.645124132645739982e-04 -5.727431140203422810e-01 6.848817931370607256e-04 9.999997245095102461e-01 2.862129156257036105e-04 -6.692427924602050229e-03 -7.647082872414790941e-04 -2.856891641816195751e-04 9.999996668014129453e-01 1.035564282413612217e-02
9.999992095639625989e-01 -6.555943834274897486e-04 1.072878117201855408e-03 -6.751749845656257465e-01 6.552367387351864256e-04 9.999997296651144119e-01 3.336682697338578803e-04 2.517779869216340768e-03 -1.073096578209037670e-03 -3.329650168318573134e-04 9.999993687988164570e-01 1.241606874460930363e-02
9.999991137660056983e-01 -5.749730598573817453e-04 1.200780239538110084e-03 -7.834832463781075118e-01 5.743477977443473687e-04 9.999996993453394989e-01 5.209931265089529214e-04 1.153425335721517363e-02 -1.201079435530048520e-03 -5.203029993009797944e-04 9.999991433461222767e-01 1.618186038241411009e-02
9.999987485894001882e-01 -6.431446869640522739e-04 1.445401171010489427e-03 -8.825476351419030419e-01 6.424103419659205842e-04 9.999996643870897595e-01 5.084630373373688877e-04 4.503784874741543348e-03 -1.445727701216177087e-03 -5.075338603807875645e-04 9.999988261397082523e-01 1.398461800608363781e-02
9.999982536747468176e-01 -1.208083860829402539e-03 1.425896504631266092e-03 -9.920398055036282470e-01 1.207437356262502579e-03 9.999991679092691266e-01 4.541759572036559319e-04 -1.361453268608870532e-02 -1.426444000799875810e-03 -4.524534833588565882e-04 9.999988802710521041e-01 1.499361501958361778e-02
9.999980737692238941e-01 -1.091041999529387919e-03 1.631589775975617659e-03 -1.129828370343418653e+00 1.090193401497720855e-03 9.999992700684284808e-01 5.209039810509145203e-04 -1.920011204198813007e-02 -1.632156913147777069e-03 -5.191242292619150473e-04 9.999985332858470910e-01 2.190054503193067034e-02
9.999977749780432079e-01 -9.070301588338051252e-04 1.904556445414867273e-03 -1.309762048465696438e+00 9.056853489314508308e-04 9.999993400517762643e-01 7.068451462493376180e-04 -1.403472130016247474e-02 -1.905196318371497628e-03 -7.051186446345420562e-04 9.999979365152137367e-01 2.691844130531419882e-02
9.999975191819918674e-01 -7.362582225957141292e-05 2.226254500324130210e-03 -1.484523339801957498e+00 7.177008232549002482e-05 9.999996499476121459e-01 8.336388357346214166e-04 -2.179380926616043129e-02 -2.226315098363175222e-03 -8.334769891596196514e-04 9.999971744146036734e-01 2.936961791021128546e-02
9.999963087660014294e-01 1.023692412339269808e-03 2.516844893287953442e-03 -1.659287117476093254e+00 -1.025639873539947256e-03 9.999991755741954869e-01 7.726019539512088636e-04 -4.763343340379778967e-02 -2.516051911578059182e-03 -7.751804785746805237e-04 9.999965342829963966e-01 3.241196663170151093e-02
9.999950678669095039e-01 1.836521546023319037e-03 2.547828578601424396e-03 -1.847158237463291774e+00 -1.837974519957161343e-03 9.999981495797954922e-01 5.680551461049878443e-04 -3.214264056430778116e-02 -2.546780618532793351e-03 -5.727351883900926944e-04 9.999965929356384731e-01 3.441694975089868574e-02
9.999933230602111589e-01 2.365011018241616747e-03 2.785777787204728618e-03 -2.078506285413142862e+00 -2.366974903783992078e-03 9.999969523906495628e-01 7.018826239963885496e-04 5.320557798858590454e-03 -2.784109337103032444e-03 -7.084718036782018018e-04 9.999958733929368293e-01 3.493302019485795828e-02
9.999942995830350956e-01 1.971912801791363915e-03 2.740868719421086976e-03 -2.311271098517914790e+00 -1.974736960619510959e-03 9.999975217459360355e-01 1.028064162659160855e-03 3.289970531741533144e-02 -2.738834673968633827e-03 -1.033470797029213770e-03 9.999957153521911168e-01 4.787357212084984021e-02
9.999923233884180362e-01 3.109545493607067564e-03 2.384091243388493896e-03 -2.512675284045625013e+00 -3.112403883666629151e-03 9.999944410418615259e-01 1.196171994254688776e-03 3.056131271623728496e-02 -2.380358439090760232e-03 -1.203583066551841552e-03 9.999964426344242208e-01 5.909690012640862050e-02
9.999830711886183998e-01 5.203651520922170960e-03 2.603717923937091082e-03 -2.725384136197577245e+00 -5.206970665928578774e-03 9.999856376569195016e-01 1.269620560721525801e-03 1.400845970654252329e-02 -2.597073865485189682e-03 -1.283156550406819871e-03 9.999958043495004167e-01 5.910460500691389757e-02
9.999678443460061628e-01 7.341781591801176989e-03 3.226223343133782090e-03 -2.981448081675917017e+00 -7.346638510079025845e-03 9.999718937691567389e-01 1.496186595511254719e-03 5.941345531105280200e-03 -3.215147990950923546e-03 -1.519840381307561864e-03 9.999936764343120288e-01 5.795051537286019516e-02
9.999588156759211532e-01 8.436108158266774140e-03 3.346495353517806720e-03 -3.237464351422469910e+00 -8.441932545485123299e-03 9.999628694834036269e-01 1.730153003331824516e-03 1.642342545999201167e-02 -3.331775338550085896e-03 -1.758332636188006176e-03 9.999929037445385305e-01 6.946269803130840359e-02
9.999479153480538285e-01 9.473166772709786659e-03 3.798118267997219969e-03 -3.509383445308271288e+00 -9.481032411167839707e-03 9.999529356029397409e-01 2.058301115346172945e-03 3.449755671252124900e-02 -3.778440882116844510e-03 -2.094203991849310359e-03 9.999906688035348212e-01 7.899768768521665818e-02
9.999278287975530422e-01 1.104196789026682703e-02 4.734146313935273451e-03 -3.756913754476113976e+00 -1.105354102357456424e-02 9.999359661560573986e-01 2.425452203636619102e-03 3.119471255322571468e-02 -4.707061402997073443e-03 -2.477606236327292624e-03 9.999858524200661014e-01 8.360882079317044635e-02
9.999041662842782507e-01 1.281304102492104857e-02 5.242540132038517667e-03 -4.012444489286385974e+00 -1.282625339185242824e-02 9.999146289282175859e-01 2.494409604081639694e-03 3.708239088163463315e-02 -5.210131598178527335e-03 -2.561412703691229743e-03 9.999831467048286848e-01 9.528295709462317187e-02
9.998736875420122239e-01 1.480697030150306646e-02 5.776035978843298627e-03 -4.300605060498797094e+00 -1.482013578644803854e-02 9.998876594513330662e-01 2.243223619329564114e-03 2.629730067883391184e-02 -5.742171750281271914e-03 -2.328541909754257115e-03 9.999808024938102724e-01 1.119814061799449950e-01
9.998316767627947188e-01 1.708387059931058480e-02 6.690254632249090401e-03 -4.643242139469704099e+00 -1.709596997725823173e-02 9.998523120914279971e-01 1.755510171529977995e-03 2.658868017018310020e-02 -6.659275653928447940e-03 -1.869591070708102659e-03 9.999760790523908316e-01 1.108095913970199853e-01
9.997987041479683423e-01 1.852824779907867592e-02 7.697741067293410559e-03 -4.981469576986991221e+00 -1.853896534793655904e-02 9.998272629312486837e-01 1.323277459873804709e-03 1.792739594099359082e-02 -7.671893369381962459e-03 -1.465719244513985758e-03 9.999694963943775994e-01 1.023789037638728888e-01
9.997582390268701102e-01 2.021772988129720561e-02 8.643315124335025287e-03 -5.293822815201918885e+00 -2.023236044387536486e-02 9.997940107518313857e-01 1.608619170590557673e-03 2.950737225940538999e-02 -8.609012066478001143e-03 -1.783104936280025931e-03 9.999613519771778369e-01 1.035375523714127804e-01
9.997115784387725634e-01 2.196411797166891722e-02 9.712747149209622829e-03 -5.591637458500899882e+00 -2.198880893161873906e-02 9.997552328742661532e-01 2.442667044551857358e-03 5.901517829381168478e-02 -9.656718760874887300e-03 -2.655534267974403711e-03 9.999498467025859094e-01 1.132523911305242936e-01
9.996685661043310800e-01 2.344024292992590713e-02 1.064485576683117315e-02 -5.918688348512579189e+00 -2.347522216654036875e-02 9.997193835325439704e-01 3.173032231462352866e-03 9.719532843327628735e-02 -1.056749199867934239e-02 -3.421870935085936233e-03 9.999383075531017573e-01 1.408379540488099435e-01
9.996359158369612086e-01 2.464728758617803703e-02 1.097938902872093100e-02 -6.277682984105047659e+00 -2.468468170965312444e-02 9.996898946992333057e-01 3.283431913255053462e-03 1.228088270981509134e-01 -1.089505657134831260e-02 -3.553259191235454573e-03 9.999343338896944378e-01 1.597798864213006431e-01
9.995795015385614546e-01 2.708165443647413823e-02 1.036359478677698238e-02 -6.616319704726140394e+00 -2.711161367807755213e-02 9.996285988400723799e-01 2.761301288201691972e-03 1.229737117742747965e-01 -1.028496512837008374e-02 -3.041113943433670832e-03 9.999424839050949920e-01 1.589898903826266752e-01
9.995229730671598700e-01 2.937276614422229884e-02 9.542898931796255785e-03 -7.005086471109351010e+00 -2.939337876470690322e-02 9.995658661601577455e-01 2.026941609451574696e-03 1.116214234206068107e-01 -9.479219154557353560e-03 -2.306472746528176031e-03 9.999524111614959132e-01 1.487103675619089460e-01
9.994595013624968383e-01 3.153025094555974434e-02 9.303139875285564714e-03 -7.395511451096725253e+00 -3.154572674713900654e-02 9.995011517439646997e-01 1.521442237748374176e-03 9.866719260664273683e-02 -9.250527564627745308e-03 -1.814094208688002896e-03 9.999555674138617123e-01 1.533683074364103616e-01
9.993968909524065802e-01 3.326657290417595753e-02 9.959391641800579426e-03 -7.781184775149139199e+00 -3.328462538345396821e-02 9.994445474922121209e-01 1.652332039996998398e-03 9.532931238778859229e-02 -9.898892248466635568e-03 -1.982830123438482622e-03 9.999490388599585611e-01 1.814284853220780869e-01
9.993405206540247887e-01 3.492073004926574825e-02 9.953210123825073988e-03 -8.162663998052281045e+00 -3.493689893158517107e-02 9.993884607227834227e-01 1.455220667064373048e-03 1.289801311403628858e-01 -9.896305976823298670e-03 -1.801995275231514908e-03 9.999494066906791101e-01 1.968132700219800968e-01
9.992839916242531872e-01 3.645270537717125447e-02 1.013431567421370014e-02 -8.571860732447756703e+00 -3.646932954553511186e-02 9.993337056575477551e-01 1.460390102997812314e-03 1.727943681367411777e-01 -1.007432806685502891e-02 -1.828936149493589573e-03 9.999475800793571345e-01 1.883770586601895558e-01
9.992143053742874592e-01 3.834673028038549508e-02 1.001499936013871411e-02 -8.982633427737539478e+00 -3.836470630917653696e-02 9.992625083728831070e-01 1.608934474835280702e-03 2.133969363449662870e-01 -9.945916005619708650e-03 -1.991892852803591948e-03 9.999485542355026624e-01 1.858209178159734576e-01
9.991215689446850678e-01 4.071638859523411813e-02 9.912929399159465041e-03 -9.393326046713875499e+00 -4.073680095285586722e-02 9.991681696717433780e-01 1.865948269816226739e-03 2.471285132699047038e-01 -9.828708848990936817e-03 -2.268130194701681139e-03 9.999491247397447324e-01 2.046066200613454733e-01
9.990329040851676501e-01 4.283208291894355368e-02 9.933238544445114476e-03 -9.804966619068627764e+00 -4.285342294916098804e-02 9.990794760004477748e-01 1.945450130684737164e-03 2.439269657909948208e-01 -9.840767078659516665e-03 -2.369241966410856517e-03 9.999487716857340391e-01 2.264570904701760090e-01
9.989624731791393319e-01 4.441306953256249357e-02 1.007255848893881187e-02 -1.022204752725421351e+01 -4.443132092246730724e-02 9.990111673088957200e-01 1.595403774047871818e-03 2.408825044742086974e-01 -9.991741635072590166e-03 -2.041285578574557509e-03 9.999479977740265424e-01 2.366087583056235011e-01
9.989185426697381187e-01 4.559722635110623201e-02 9.090547819170869195e-03 -1.066558975817839894e+01 -4.560859315117711532e-02 9.989588380772498333e-01 1.046927944686592421e-03 2.681855932855158331e-01 -9.033346076457436993e-03 -1.460402833792439573e-03 9.999581320646510063e-01 2.268766471231383752e-01
9.988532110747263548e-01 4.721783830225798756e-02 7.920762070022168214e-03 -1.111603287028426301e+01 -4.722769827912335489e-02 9.988835847902743925e-01 1.062333180736817163e-03 3.027753122454339141e-01 -7.861758134423421987e-03 -1.435194269993928786e-03 9.999680659783307668e-01 2.226033915811428399e-01
9.988121948436997632e-01 4.806373274753764774e-02 8.004812670170127764e-03 -1.159797199270927415e+01 -4.807708009066389426e-02 9.988425272121204124e-01 1.483307945248428690e-03 3.405656456025647483e-01 -7.924254000669612302e-03 -1.866394084277211898e-03 9.999668608367254796e-01 2.399173577631406595e-01
9.987476985856348355e-01 4.918479444051709198e-02 9.159179315959850229e-03 -1.203861785118596828e+01 -4.920754910402357768e-02 9.987859823188590669e-01 2.275661338327260742e-03 3.653489106313669854e-01 -9.036131975183677931e-03 -2.723512290357308924e-03 9.999554644081561916e-01 2.686451806437801237e-01
9.987165477982311579e-01 4.976455993784723725e-02 9.420495113094892042e-03 -1.246493193486548456e+01 -4.979267140457094981e-02 9.987557252667382812e-01 2.773287094411640112e-03 3.872920912667139892e-01 -9.270762017216147011e-03 -3.238799330618880902e-03 9.999517804126937248e-01 2.920363835467255087e-01
9.986791373491742396e-01 5.070129828798082550e-02 8.328203613172168590e-03 -1.296484192344992437e+01 -5.072507592756192452e-02 9.987090884257935341e-01 2.668963818340982976e-03 4.259603312921903528e-01 -8.182132708062041238e-03 -3.087887244335285174e-03 9.999617580971353892e-01 2.961261885248598347e-01
9.986786935405163046e-01 5.093136031297455096e-02 6.845699736147565009e-03 -1.348264368258513990e+01 -5.095242666893671363e-02 9.986967574611295140e-01 2.938852356363053694e-03 4.470055495832429004e-01 -6.687098380774521983e-03 -3.283774245564740572e-03 9.999722493859266592e-01 2.962642877582097878e-01
9.986848121885395502e-01 5.094283993328679178e-02 5.785582379767945441e-03 -1.393315487071412306e+01 -5.096647756721483374e-02 9.986922965930332685e-01 4.014335576847606092e-03 4.654866730555852206e-01 -5.573514899248789914e-03 -4.303926726197540055e-03 9.999752057658246596e-01 3.134561124735904536e-01
9.987387668698733956e-01 4.991105724476395389e-02 5.455448281726224709e-03 -1.439311610462199731e+01 -4.993638866860665437e-02 9.987417605371536888e-01 4.610080897836672971e-03 5.022959075201415269e-01 -5.218490009815721260e-03 -4.876691896833520480e-03 9.999744922937588987e-01 3.557631143683636643e-01
9.987969362245723293e-01 4.865752718814652517e-02 6.093048197928958160e-03 -1.489084579461807856e+01 -4.868659619725632798e-02 9.988029664066784274e-01 4.716953248121903523e-03 5.257221603688522205e-01 -5.856239333634601779e-03 -5.007928229761689741e-03 9.999703121171711340e-01 3.781606627571081347e-01
9.988052546543431109e-01 4.834991565887632181e-02 7.095698038411792086e-03 -1.544118722839221114e+01 -4.838220712911571464e-02 9.988189737509777233e-01 4.451933103608752586e-03 5.353904408194354314e-01 -6.872067242694849393e-03 -4.789919709474140148e-03 9.999649150650180562e-01 3.741464453620904629e-01
9.987965843228840956e-01 4.834004551123985416e-02 8.283908794234766046e-03 -1.599530814176215543e+01 -4.837743555912517313e-02 9.988195485909756588e-01 4.374137771296706355e-03 5.530499316585560932e-01 -8.062684023489466098e-03 -4.769628129199625539e-03 9.999561209242365800e-01 3.822893447558957103e-01
9.988045759139778657e-01 4.792754901929330291e-02 9.610888528230020211e-03 -1.653821059049391806e+01 -4.797205568299822698e-02 9.988387434511168950e-01 4.454935974991664806e-03 5.749636589198049430e-01 -9.386213658666802545e-03 -4.910664516864812583e-03 9.999438906094464397e-01 3.987778786830202260e-01
9.988256089962194162e-01 4.725594117224959922e-02 1.069012802806021574e-02 -1.702580887685549982e+01 -4.730629447833760437e-02 9.988702610154077677e-01 4.507345309603712734e-03 6.200322750310681696e-01 -1.046505212888298487e-02 -5.007762268327727896e-03 9.999327002358726624e-01 4.148578755662975515e-01
9.988709811782577885e-01 4.624412399938754997e-02 1.087400365614016491e-02 -1.756382117320839242e+01 -4.629826458187522725e-02 9.989162195902818731e-01 4.780892821062989427e-03 6.663001463018135562e-01 -1.064113042355741869e-02 -5.278942601419533108e-03 9.999294470653016242e-01 4.259731255453965137e-01
9.988914712465001289e-01 4.602161467084162072e-02 9.891392929761322339e-03 -1.813660641070212876e+01 -4.607575325012468193e-02 9.989237990731083539e-01 5.316823091084077815e-03 6.839489996523189230e-01 -9.636059019951157684e-03 -5.766682619742049751e-03 9.999369438810264965e-01 4.341216275552968185e-01
9.989019302876478434e-01 4.608722575954792011e-02 8.420290339382576275e-03 -1.870882223237115483e+01 -4.613462119987585264e-02 9.989199585926702429e-01 5.523862051316334038e-03 6.932477890622170680e-01 -8.156616599730688935e-03 -5.906263370902961260e-03 9.999492915436455354e-01 4.586948489735222512e-01
9.989167816089622454e-01 4.590245403765259163e-02 7.630736092541936730e-03 -1.927533606124008614e+01 -4.594467391860512090e-02 9.989291037952073848e-01 5.452754296392682727e-03 7.123805683521156062e-01 -7.372269562751882291e-03 -5.797439454187790393e-03 9.999560187014572277e-01 4.908395265682324315e-01
9.989529586926404470e-01 4.505042700448363968e-02 7.965258685910055550e-03 -1.982824996845711496e+01 -4.509153010596370081e-02 9.989700538365461346e-01 5.058206254314473981e-03 7.425778922387137326e-01 -7.729180546651967174e-03 -5.412075805262564661e-03 9.999554836109232347e-01 4.913482347975151598e-01
9.989669195747026276e-01 4.464308345621600949e-02 8.490506165771165986e-03 -2.038421571439742408e+01 -4.468625242088848648e-02 9.989887353581932139e-01 4.964420612163974664e-03 7.823111076084274806e-01 -8.260292973394083027e-03 -5.338700868111365822e-03 9.999516317467732618e-01 4.982574376367774338e-01
9.989703889018070049e-01 4.422281016682048926e-02 1.012448311381188015e-02 -2.097527192044779198e+01 -4.427847062318548965e-02 9.990049503818020371e-01 5.340987916580003901e-03 8.151630615865566032e-01 -9.878215256016828483e-03 -5.783785404275634291e-03 9.999344821985853837e-01 5.089944937518539048e-01
9.989544528662439582e-01 4.406307479696845719e-02 1.218386384280267624e-02 -2.158228975909656455e+01 -4.413295279126083770e-02 9.990103774675438419e-01 5.527041711439014370e-03 8.259531694987903849e-01 -1.192826796427435936e-02 -6.058972816609028804e-03 9.999104986306425191e-01 5.438697952462028251e-01
9.988545985439458708e-01 4.427666079176548197e-02 1.814023915894147701e-02 -2.218739621056908362e+01 -4.438789104137648434e-02 9.989976774081246180e-01 5.775436093618676291e-03 8.429772274111184682e-01 -1.786633976256877740e-02 -6.574027859959303936e-03 9.998187716087275634e-01 5.837313574754364742e-01
9.983848274078174212e-01 4.359683787934250793e-02 3.642872669727677259e-02 -2.278399539744619773e+01 -4.390713230102837733e-02 9.990054682202109682e-01 7.761327155647178462e-03 8.627667818008111222e-01 -3.605412784914580060e-02 -9.348272195401749821e-03 9.993061140971759571e-01 6.244066382033225393e-01
9.973476830370654467e-01 4.304659825656589195e-02 5.869062547916068656e-02 -2.334918256769615397e+01 -4.377323042852012541e-02 9.989792564981937462e-01 1.115120550289343086e-02 9.175918442320046831e-01 -5.815069594122642543e-02 -1.369070724447421332e-02 9.982139355352124266e-01 6.445065331089685490e-01
9.966967293022195307e-01 4.289204766497822785e-02 6.896304840538386438e-02 -2.391377037860970844e+01 -4.422957252322377852e-02 9.988594811639442961e-01 1.798559988737830073e-02 9.611054509973960824e-01 -6.811295554203306013e-02 -2.097639473315683623e-02 9.974570748414830490e-01 6.538357807674906041e-01
9.972751215874965380e-01 4.309868065083624633e-02 5.987349654731409510e-02 -2.455446093141992847e+01 -4.453917145681630940e-02 9.987443177772830083e-01 2.293577802320617351e-02 1.014667499553539409e+00 -5.880981268958709873e-02 -2.553999674523669064e-02 9.979424404732314402e-01 7.261454183574358456e-01
9.986002282101024141e-01 4.394278866058518029e-02 2.943833459050570339e-02 -2.521992601330674688e+01 -4.456346953194657845e-02 9.987906124827393706e-01 2.077040200934323136e-02 1.023492264922418959e+00 -2.849002285023104208e-02 -2.205320251314097160e-02 9.993507766829962113e-01 7.869611583730611315e-01
9.989952842065982219e-01 4.414313996399993334e-02 -7.733390401154173824e-03 -2.595390902722589743e+01 -4.403145607609303125e-02 9.989311832011842363e-01 1.406136921146566507e-02 1.022044514705058083e+00 8.345837812768827982e-03 -1.370672909197435257e-02 9.998712279932862046e-01 7.540980281905207416e-01
9.985033086726038398e-01 4.342863510508252617e-02 -3.324298757290477385e-02 -2.668523027295287875e+01 -4.306284380865831735e-02 9.990045334206394401e-01 1.164189366562001608e-02 1.024380338020018044e+00 3.371548684171423588e-02 -1.019293176275104691e-02 9.993794925297927456e-01 6.791088434681802344e-01
9.982815244079409345e-01 4.066611166845702369e-02 -4.219319124605670768e-02 -2.737454276911081763e+01 -4.010863326463522810e-02 9.990975727019635322e-01 1.397632851244494379e-02 1.090918239515281218e+00 4.272347789448711908e-02 -1.225999929907700334e-02 9.990117100683985063e-01 6.781189845501940372e-01
9.986610617191232775e-01 3.839568232738353043e-02 -3.466778597845558002e-02 -2.795641869684628844e+01 -3.772792187304701422e-02 9.990935523747145330e-01 1.971490589413882333e-02 1.163308254080848814e+00 3.539332871000711728e-02 -1.838056533102659651e-02 9.992044170743727971e-01 7.713541160592513046e-01
9.991516084093602368e-01 3.670384039629988326e-02 -1.867863788265753527e-02 -2.858134944742041128e+01 -3.631625836638327498e-02 9.991262965227023507e-01 2.068267330630188180e-02 1.197181964697163981e+00 1.942145183179158630e-02 -1.998678806091816126e-02 9.996115923256159164e-01 8.607606278439903225e-01
9.993547308505540405e-01 3.588888162959198019e-02 1.452619011953953931e-03 -2.928168230237734448e+01 -3.590554334003271536e-02 9.992597849535570509e-01 1.380848043876830092e-02 1.187315674644439323e+00 -9.559728415530648928e-04 -1.385172732723070205e-02 9.999036032368211480e-01 8.659704927372691152e-01
9.990764293497174098e-01 3.535403629605424897e-02 2.442090160899743068e-02 -2.999890441763391280e+01 -3.547350421442765217e-02 9.993605929365697582e-01 4.476134964094807996e-03 1.177650807640154618e+00 -2.424703727402665460e-02 -5.338295893362159268e-03 9.996917443794296476e-01 7.745030768893063078e-01
