1.000000000000000000e+00 0.000000000000000000e+00 0.000000000000000000e+00 0.000000000000000000e+00 0.000000000000000000e+00 1.000000000000000000e+00 0.000000000000000000e+00 0.000000000000000000e+00 0.000000000000000000e+00 0.000000000000000000e+00 1.000000000000000000e+00 0.000000000000000000e+00
9.999999999975579534e-01 2.209011097631304523e-06 -6.601630194024022149e-08 -4.194508128237996181e-03 -2.209003532512756101e-06 9.999999934566443649e-01 1.143758340945130237e-04 2.355352083122797067e-03 6.626895899508770474e-08 -1.143758339484034724e-04 9.999999934590820816e-01 3.727552569774014724e-03
9.999999954559078974e-01 -6.752678291641967326e-05 6.729277599096617835e-05 5.377008010917772967e-05 6.751964153607549913e-05 9.999999920897529870e-01 1.061206481817157600e-04 3.788162416127910642e-03 -6.729994144463642160e-05 -1.061161041153808795e-04 9.999999921050450880e-01 2.835242774216751877e-03
9.999999922662583529e-01 2.297004777704168363e-05 1.222287208030691105e-04 -9.346553988270880561e-04 -2.298518956872260807e-05 9.999999920626095884e-01 1.238808370255061841e-04 -1.039787310362048477e-03 -1.222258742841468993e-04 -1.238836455177622423e-04 9.999999848568389416e-01 3.478919648702197124e-04
9.999999938316630477e-01 2.491088797160834277e-05 1.082410348844144312e-04 -1.877042184265190227e-04 -2.490485579516751351e-05 9.999999981369520619e-01 -5.573009957485728776e-05 -5.349316993979741190e-03 -1.082424229690233565e-04 5.572740350373032363e-05 9.999999925890171726e-01 -1.521452169360741537e-03
9.999999989484399388e-01 -3.175428445557078018e-05 3.308754468099448431e-05 -3.121078904076507454e-03 3.175200918621907693e-05 9.999999971317031777e-01 6.876338761520927657e-05 -4.922294965210252671e-03 -3.308972811826004916e-05 -6.876233694687779185e-05 9.999999970884054790e-01 -1.797013586068150256e-03
9.999999994972510464e-01 1.880341183244749764e-05 2.553291314084100945e-05 -3.911743373913494429e-03 -1.880704635991078131e-05 9.999999896908193797e-01 1.423539819283725530e-04 -3.656619253497641556e-03 -2.553023613706940256e-05 -1.423544620554853708e-04 9.999999895417069906e-01 7.413759424161452940e-04
9.999999986093300874e-01 5.146014580867585501e-05 1.154093777203163173e-05 4.717765050206310855e-04 -5.146142354604568264e-05 9.999999925441291904e-01 1.107405229471386499e-04 -2.479811175977486223e-03 -1.153523896252610296e-05 -1.107411167062219323e-04 9.999999938016715939e-01 -1.865251119812133150e-03
9.999999871578582056e-01 1.597322219323209311e-04 -1.303459589971582855e-05 -1.377981616128722822e-03 -1.597301191745402623e-04 9.999999742563583371e-01 1.611631833180498423e-04 -1.861893200480312246e-04 1.306033851752294119e-05 -1.611610992308129086e-04 9.999999869282637510e-01 -2.353600138252229506e-03
9.999999836846096279e-01 1.775796723571723267e-04 3.310952172471222425e-05 -5.361331432950799773e-03 -1.775816292637178806e-04 9.999999824853583741e-01 5.911047258643495269e-05 -1.448803441894682331e-03 -3.309902432645604059e-05 -5.911635126483651424e-05 9.999999977048558142e-01 4.580671122486155034e-04
9.999999962031852485e-01 8.427838293083948491e-05 2.215363569606721022e-05 -6.364144745247659121e-03 -8.427738832449688656e-05 9.999999954409722891e-01 -4.489295185640232894e-05 -3.519645457087265672e-03 -2.215741910045562163e-05 4.489108463539375323e-05 9.999999987469196938e-01 1.861895175404115624e-03
9.999999967503299114e-01 7.311345420879496800e-05 -3.396708744247507663e-05 -6.061577452435113096e-03 -7.310918085193436090e-05 9.999999894155889857e-01 1.257929631353969617e-04 -9.793439082014755367e-04 3.397628424100345015e-05 -1.257904794206724864e-04 9.999999915111836835e-01 3.606739910738570361e-04
9.999999957059335642e-01 4.437503540131543201e-05 -8.135716991990419743e-05 -8.178112717207679933e-03 -4.436193962583798373e-05 9.999999860617555525e-01 1.609611970692749266e-04 -2.167377804287046097e-03 8.136431144474626990e-05 -1.609575872162367200e-04 9.999999837362518740e-01 -5.268529500638891548e-03
9.999999880050316481e-01 7.655633857928791444e-05 -1.346442112855336995e-04 -2.102190922264973380e-02 -7.655173990630052795e-05 9.999999964864941804e-01 3.415907893870923008e-05 5.512832559422840362e-04 1.346468259064732961e-04 -3.414877128032994634e-05 9.999999903520467859e-01 -6.992812855720854578e-03
9.999997401789710860e-01 1.137278795473446963e-04 -7.118342221271181875e-04 -1.489195909954942748e-02 -1.137290837094459859e-04 9.999999935314846100e-01 -1.651154872504769330e-06 6.535928185524780311e-03 7.118340297402649943e-04 1.732110697335555335e-06 9.999997466446248762e-01 1.688192358087497839e-03
9.999987623517879731e-01 5.030982742764521497e-05 -1.572502404939631017e-03 2.861832608685016197e-02 -5.016991178686885326e-05 9.999999947795886746e-01 8.901574356915203869e-05 5.064086077565386167e-03 1.572506875097218855e-03 -8.893674109203571058e-05 9.999987596554227309e-01 6.206344998461087170e-03
9.999978782119404164e-01 1.077763960823624982e-04 -2.057171812361661013e-03 6.373411287842928319e-02 -1.072095991923231284e-04 9.999999562669158459e-01 2.756306737654715447e-04 2.001813937860058134e-03 2.057201428875860862e-03 -2.754095403701261463e-04 9.999978460336133024e-01 4.142370168829130075e-04
9.999982475421977934e-01 2.537296003600022815e-04 -1.854867602626711831e-03 1.001657214107570804e-01 -2.532756074210646357e-04 9.999999379160739998e-01 2.449883973275918548e-04 1.380307303260765346e-03 1.854929648277395477e-03 -2.445181752770225975e-04 9.999982497218992128e-01 -2.855757008839925754e-03
9.999986481082669965e-01 2.582226973310733733e-04 -1.623915846654352827e-03 1.659172059323124893e-01 -2.584343480076865644e-04 9.999999581395803139e-01 -1.301250376369487386e-04 2.810338720554566867e-03 1.623882177438345587e-03 1.305445373550355925e-04 9.999986729815183439e-01 -1.541410271112152262e-03
9.999984773537783367e-01 3.705053843792208124e-04 -1.705290557366966530e-03 2.576359928303399438e-01 -3.711908706532355716e-04 9.999998504363335483e-01 -4.016772935395386199e-04 1.260587992265577726e-03 1.705141478717419300e-03 4.023096702138311020e-04 9.999984653185557404e-01 1.378454310168922108e-03
9.999978579570583115e-01 6.466845412496820267e-04 -1.966184223085527642e-03 3.839815401765057090e-01 -6.470477046149874373e-04 9.999997737229618933e-01 -1.840741508095263251e-04 -5.829051736907345065e-03 1.966064740275413891e-03 1.853459715031885056e-04 9.999980501162529789e-01 2.098067300424170684e-03
9.999971365520152755e-01 9.746599215677908363e-04 -2.185617946358412583e-03 5.364992528223073709e-01 -9.741582938026994336e-04 9.999994989273801593e-01 2.305658416347290175e-04 -4.956242413359098278e-03 2.185841574490226657e-03 -2.284360435719053268e-04 9.999975849538763617e-01 1.283769106055430423e-03
9.999969032889819420e-01 1.217846598072886647e-03 -2.170313827566952569e-03 6.963568049896724510e-01 -1.218156488481408287e-03 9.999992480402474238e-01 -1.414698176957930988e-04 1.681752037624541403e-03 2.170139907042093093e-03 1.441131614757415447e-04 9.999976348592933828e-01 6.953897654528510067e-03
9.999966585679812558e-01 1.494394837954244855e-03 -2.109416255868910937e-03 8.400527847366051626e-01 -1.494948600285619239e-03 9.999988485118145309e-01 -2.609669090794222083e-04 -2.350850620024925314e-03 2.109023839299208492e-03 2.641195059553673886e-04 9.999977411271147032e-01 7.413836508981874913e-03
9.999951866968878056e-01 1.879349023685130673e-03 -2.468730504484390603e-03 1.001574819341784828e+00 -1.879596549998646324e-03 9.999982287598985220e-01 -9.794832749380337521e-05 -5.598898628666935072e-03 2.468542052676273718e-03 1.025880733779190577e-04 9.999969478832529957e-01 5.664768602098625011e-03
9.999937698608165615e-01 2.276431823200851870e-03 -2.697794971193484895e-03 1.192042219615505605e+00 -2.275639718617883389e-03 9.999973667293091673e-01 2.966451055370183097e-04 -3.566828311689673389e-03 2.698463159527499620e-03 -2.905040480075871860e-04 9.999963169452049661e-01 4.024113513674972518e-03
9.999929059646815999e-01 2.680444338324758109e-03 -2.646363251827473038e-03 1.432132749131466376e+00 -2.679731786134654636e-03 9.999963723114934089e-01 2.727662139431661042e-04 -3.499755649672542986e-03 2.647084786299769722e-03 -2.656727352064299700e-04 9.999964611738043629e-01 2.130863364024851263e-03
9.999908764485228030e-01 3.318016496902203433e-03 -2.690313409535609150e-03 1.661154953346946295e+00 -3.318687858037976460e-03 9.999944630977748439e-01 -2.451217939333548228e-04 -4.515640843943722650e-03 2.689485195377283935e-03 2.540478679985922481e-04 9.999963510578748771e-01 5.704660882085215053e-03
9.999877114580504323e-01 3.755139806598189068e-03 -3.236643002220310292e-03 1.910738767236221713e+00 -3.756485993540953014e-03 9.999928603548233763e-01 -4.099418971901392771e-04 2.639017342702278785e-04 3.235080504601180271e-03 4.220952637058716364e-04 9.999946780306968597e-01 1.291115318202268498e-02
9.999833753897102717e-01 3.881737121529923399e-03 -4.263925552954297808e-03 2.177186667451991298e+00 -3.880724590109737009e-03 9.999924397724139213e-01 2.457125775437284804e-04 2.303831479347688820e-03 4.264847108340185343e-03 -2.291613719241364507e-04 9.999908792405098890e-01 8.400652556469045962e-03
9.999825981481915704e-01 3.753450350423878472e-03 -4.551374655997259509e-03 2.464478919706037274e+00 -3.749544093294983772e-03 9.999925950313196532e-01 8.664880954307399184e-04 -1.032305245039630002e-05 4.554593273255910964e-03 -8.494074369755427126e-04 9.999892670359623592e-01 -3.184744245769051581e-03
9.999825806237634396e-01 3.956763441858476317e-03 -4.379779914990183758e-03 2.771616247477185269e+00 -3.952479537895898891e-03 9.999917024917194253e-01 9.863332169972494241e-04 -7.291561642646362564e-03 4.383646260944578169e-03 -9.690050451933617448e-04 9.999899222865604731e-01 -5.618774102138633479e-03
9.999836806788415799e-01 3.898832124767027951e-03 -4.175821363454525724e-03 3.111963691990295100e+00 -3.894986233009166670e-03 9.999919832417905052e-01 9.287272986823831480e-04 -1.396770663187753975e-02 4.179408838731579756e-03 -9.124473757611660388e-04 9.999908499489108538e-01 -4.896209292781437440e-03
9.999861943049681567e-01 3.659692161992463260e-03 -3.770656805641519910e-03 3.431620074168842294e+00 -3.659133330151039930e-03 9.999932933221501452e-01 1.550934953891160682e-04 -5.128044231536036876e-03 3.771199111510494667e-03 -1.412940182215335818e-04 9.999928790212767593e-01 4.935963365655232464e-03
9.999866757570539111e-01 3.519138474037841312e-03 -3.776767501087569760e-03 3.759177190133129898e+00 -3.518222237014216516e-03 9.999937799828448881e-01 2.492145914459093815e-04 -5.423482065740874852e-03 3.777621030185970580e-03 -2.359237634437883824e-04 9.999928369340103096e-01 2.279686914184661864e-02
9.999881611190283293e-01 2.964283946104749080e-03 -3.858839523884685391e-03 4.106099454671191751e+00 -2.963372209228226899e-03 9.999955799284332425e-01 2.419684815644400019e-04 -6.843340691737454917e-04 3.859539730823189664e-03 -2.305304391234364557e-04 9.999925253764564426e-01 1.481124151494536863e-02
9.999874443910201638e-01 2.719353883124761128e-03 -4.209058656601163094e-03 4.503692834019651592e+00 -2.718749739640458161e-03 9.999962930553971674e-01 1.492491789731174206e-04 7.224002638959959796e-03 4.209448915188287316e-03 -1.378039279320198329e-04 9.999911307356219581e-01 1.415247120427176770e-02
9.999866461398112527e-01 2.627090832564067929e-03 -4.450386029261422030e-03 4.906884920988973775e+00 -2.626885476714056495e-03 9.999965483790070886e-01 5.198811698808122086e-05 -2.983533861050264527e-03 4.450507245721118180e-03 -4.029676831999750338e-05 9.999900956316648548e-01 2.431597736608341956e-02
9.999859695828445805e-01 3.069216668463634317e-03 -4.317469918870704346e-03 5.326885272578313568e+00 -3.068874815632470065e-03 9.999952873116143559e-01 8.580167789003906569e-05 -1.653149473362171750e-03 4.317712915920326154e-03 -7.255069935543256203e-05 9.999906760023173913e-01 3.124082150906435165e-02
9.999845294275111485e-01 3.478548275469606037e-03 -4.340576866545724569e-03 5.758278463041879291e+00 -3.475838169142910373e-03 9.999937596991300692e-01 6.317529742085330365e-04 -1.922842420938616448e-04 4.342747363259084371e-03 -6.166560578795120956e-04 9.999903800940512788e-01 3.199638645303167633e-02
9.999820986251980459e-01 4.333627864689734363e-03 -4.125784613284884210e-03 6.211018440547331210e+00 -4.332393480803367961e-03 9.999905676828478862e-01 3.080780148637949690e-04 -9.433195710263211431e-04 4.127080793045623079e-03 -2.901979774819882143e-04 9.999914414580064470e-01 2.472839627589704103e-02
9.999776610841201174e-01 5.723414865393986091e-03 -3.452514302858475121e-03 6.663464623541024423e+00 -5.724009694467200281e-03 9.999836045300176668e-01 -1.624320508425349137e-04 -1.251103205121324160e-03 3.451528031249449791e-03 1.821906476264635133e-04 9.999940268625695516e-01 3.794033911891265404e-02
9.999702115222539600e-01 6.980639586078331987e-03 -3.293438796758702079e-03 7.140577075545418317e+00 -6.983099870598460067e-03 9.999753469186187793e-01 -7.361190021899519185e-04 -6.060156509648762131e-03 3.288219021897269365e-03 7.590954863609062969e-04 9.999943056786406714e-01 4.944704131105668449e-02
9.999593264812861593e-01 8.100300737765018730e-03 -3.966170829707885495e-03 7.613414019347219508e+00 -8.104176258643921646e-03 9.999666978393583205e-01 -9.620495925245542467e-04 -1.284082671299740901e-02 3.958245856625688779e-03 9.941530100582938317e-04 9.999916719400873122e-01 4.695020130854520024e-02
9.999467525636710485e-01 9.265394794747968538e-03 -4.543621536391572076e-03 8.081087928282194355e+00 -9.268214453303069006e-03 9.999568692230234035e-01 -5.999121077263804133e-04 -2.319436976598019187e-02 4.537867143944184813e-03 6.419914227385446499e-04 9.999894977492498338e-01 4.234115963826821927e-02
9.999323580734842398e-01 1.070614431042351579e-02 -4.545079933937416598e-03 8.579291031740968521e+00 -1.070721469294548707e-02 9.999426538222440097e-01 -2.112355252673779528e-04 -2.577787389231013873e-02 4.542557772958608596e-03 2.598863835387667980e-04 9.999896487603994188e-01 4.871760659938686316e-02
9.999156592017510725e-01 1.218913816575395437e-02 -4.483234758918894745e-03 9.081810651242191668e+00 -1.218964717835890194e-02 9.999256997728722673e-01 -8.622875815037920244e-05 -1.979152172999900164e-02 4.481850599311083296e-03 1.408705354770610463e-04 9.999899465348127681e-01 6.054989791335989996e-02
9.998928899434249562e-01 1.397335185814455906e-02 -4.353628192020033566e-03 9.598671305999991077e+00 -1.397265209657663591e-02 9.999023594689669947e-01 1.911067257134032942e-04 -3.940673263691309679e-03 4.355873502972294579e-03 -1.302545241762562503e-04 9.999905046548117626e-01 8.146125786048478978e-02
9.998616232021885208e-01 1.612912380740771923e-02 -4.072568316206168389e-03 1.013840351208211921e+01 -1.612792102937207761e-02 9.998698828220093926e-01 3.280072735538490120e-04 4.699236365009138230e-03 4.077328875034570699e-03 -2.622798247671797645e-04 9.999916532644351763e-01 8.400608200487909294e-02
9.998204233502615557e-01 1.848446694531139314e-02 -4.176785061677507419e-03 1.068546080952920008e+01 -1.848310842543832502e-02 9.998291066377661407e-01 3.636246139190324185e-04 -7.588218819780768315e-03 4.182792683991475718e-03 -2.863593442643658487e-04 9.999912110832218648e-01 8.842055581472298142e-02
9.997495133535138079e-01 2.191865072052299676e-02 -4.525847987295029962e-03 1.122801844273755734e+01 -2.191956539372283061e-02 9.997597258187299607e-01 -1.525903278864153669e-04 -3.986017990347093254e-02 4.521415968775056686e-03 2.517567269664590965e-04 9.999897466555283110e-01 8.359965437663996468e-02
9.996616707048631145e-01 2.559506645848167936e-02 -4.629978028868278299e-03 1.178167865614730303e+01 -2.559820102845973902e-02 9.996721207078353988e-01 -6.190182594331016712e-04 -6.582839555085989725e-02 4.612616141460233223e-03 7.373279357620325008e-04 9.999890900004092531e-01 9.161195984229061895e-02
9.995753377312004417e-01 2.880554405707048959e-02 -4.402820815424598501e-03 1.235698185296849694e+01 -2.880973577965994722e-02 9.995845157714702278e-01 -8.916020533783051592e-04 -9.324643952769111344e-02 4.375308430584783602e-03 1.018067528005020669e-03 9.999899100564193510e-01 9.562603184909843068e-02
9.994881269479465313e-01 3.162883792596567906e-02 -4.806318917680062544e-03 1.292723706549289275e+01 -3.163107446584328269e-02 9.994995362766730951e-01 -3.900139121189590105e-04 -1.087370867142048864e-01 4.791577842603739375e-03 5.418433060991489263e-04 9.999883735262175000e-01 1.050684637904722579e-01
9.993967411001108969e-01 3.434234631138661370e-02 -5.172729289904544857e-03 1.351152103513360814e+01 -3.434359503061008151e-02 9.994100730675891109e-01 -1.527462262274391434e-04 -1.181962602097820086e-01 5.164432093783498379e-03 3.303042006424997535e-04 9.999866096804915783e-01 1.108350931185905219e-01
9.993204150594924284e-01 3.646629550805799425e-02 -5.377484285654482790e-03 1.410963170076552053e+01 -3.647156289818181962e-02 9.993342996191258987e-01 -8.847058917341841687e-04 -1.411100220119445581e-01 5.341642545831680813e-03 1.080229915291615545e-03 9.999851498688581142e-01 1.044411399549854680e-01
9.992578145216537422e-01 3.808109394238280709e-02 -5.800896616860228526e-03 1.470124091483448403e+01 -3.809513043981264946e-02 9.992714036530397914e-01 -2.328707378978347141e-03 -1.940632892002994436e-01 5.707990380312898820e-03 2.547964959465510298e-03 9.999804631693479662e-01 9.202393851202435304e-02
9.991916848540718377e-01 3.969079312615297894e-02 -6.373214220309350066e-03 1.528909812130478763e+01 -3.971098595437519418e-02 9.992064801835673915e-01 -3.073687312856920352e-03 -2.331445115165385884e-01 6.246159861262080143e-03 3.324289425235018441e-03 9.999749669800763741e-01 1.086514170970286769e-01
9.991391196812529074e-01 4.102267292002863969e-02 -6.177364249190750792e-03 1.590001426129441953e+01 -4.104306478100206573e-02 9.991522180300471678e-01 -3.211236369277604714e-03 -2.522711161329790341e-01 6.040393691912681468e-03 3.462009840143831507e-03 9.999757637722593850e-01 1.174603739413121184e-01
9.990852192266995724e-01 4.227888784200928979e-02 -6.420308838389584757e-03 1.653143773224105928e+01 -4.229679749877373468e-02 9.991014961591371257e-01 -2.679793634063333714e-03 -2.731563765445593206e-01 6.301241471744470704e-03 2.948900713187431379e-03 9.999757988774020667e-01 1.173961198854096971e-01
9.990166163278464406e-01 4.390945291482433593e-02 -6.144936580724656879e-03 1.715958988181407108e+01 -4.392810347507781349e-02 9.990303874246230231e-01 -2.933722428983466524e-03 -3.051491629017425433e-01 6.010160226080479492e-03 3.200772864214037738e-03 9.999768162448210429e-01 1.210350750379076551e-01
9.989456681456434506e-01 4.551158085378970847e-02 -6.020639604131646991e-03 1.780012159043516462e+01 -4.553492209819273023e-02 9.989555265781102644e-01 -3.798261255087367720e-03 -3.413765540196954107e-01 5.841486331867630499e-03 4.068405982610389521e-03 9.999746622340964786e-01 1.169343158333067678e-01
9.988704514403208279e-01 4.710292887429842063e-02 -6.255823756508732160e-03 1.843228932324283065e+01 -4.713594306407679208e-02 9.988747444182805024e-01 -5.239068120846289076e-03 -3.789961500035465836e-01 6.002008902844639844e-03 5.528024491402018341e-03 9.999667078629931316e-01 1.314721133877894133e-01
9.987932989521214333e-01 4.858240101503408931e-02 -7.190012514076118445e-03 1.906598714018285534e+01 -4.862154531004076602e-02 9.988028195460254555e-01 -5.373360082238708667e-03 -4.180755476766657153e-01 6.920354037316936088e-03 5.716465562229753640e-03 9.999597145492782335e-01 1.606844051603013024e-01
9.986650713464753082e-01 5.086528274103323949e-02 -8.988786581861488156e-03 1.970484078453116439e+01 -5.089673069455242366e-02 9.986984528503013436e-01 -3.305008172566497020e-03 -4.327661638772495323e-01 8.808977077147592954e-03 3.758096072384614628e-03 9.999541382667331835e-01 1.604251750558183254e-01
9.984579317091359929e-01 5.401353507043259172e-02 -1.281782494456878627e-02 2.035583843917170910e+01 -5.401836182446228402e-02 9.985399419460931902e-01 -3.039892002019017818e-05 -4.560591942983708291e-01 1.279746822289228730e-02 7.227499484678852467e-04 9.999178478453097929e-01 1.587049079629514747e-01
9.982206155269980341e-01 5.772145246991951945e-02 -1.496117180116008673e-02 2.101044391082962548e+01 -5.772832787831116280e-02 9.983323291325948423e-01 -2.773197357256794411e-05 -5.019862793916872734e-01 1.493462076101058356e-02 8.913660589105001659e-04 9.998880750210364932e-01 1.432347707101342404e-01
9.979981916757751925e-01 6.141296551464998227e-02 -1.510155881288048098e-02 2.167959652230234013e+01 -6.151383967443731920e-02 9.980862968704338201e-01 -6.308052629116618799e-03 -5.479517936753155460e-01 1.468526269394240802e-02 7.224379984503623980e-03 9.998660667276639824e-01 1.943612395804155957e-01
9.977477135149307452e-01 6.565212685213332733e-02 -1.375857607163386877e-02 2.234748424791580490e+01 -6.578395390436521384e-02 9.977900070973536595e-01 -9.358052434726137417e-03 -5.879273336423597174e-01 1.311379367063148123e-02 1.024206895378689669e-02 9.998615546359955752e-01 2.955800595657213647e-01
9.974907279060474252e-01 6.969682607971745825e-02 -1.243383190641893059e-02 2.303739657843562227e+01 -6.979233267469693580e-02 9.975339489051582298e-01 -7.419641602220240079e-03 -6.192074194231780293e-01 1.188604397130924896e-02 8.268809835434711222e-03 9.998951688765265189e-01 3.017846547469600904e-01
9.971873205765671155e-01 7.399871621511540376e-02 -1.190116296172935052e-02 2.371726964376239266e+01 -7.405484886761527774e-02 9.972446976063498170e-01 -4.346545204481783338e-03 -6.598710778914929076e-01 1.154673289383106004e-02 5.215658590701843095e-03 9.999197317109728145e-01 2.488226337273666267e-01
9.968420189670469389e-01 7.846853733536851561e-02 -1.219335352352134139e-02 2.439385658070160545e+01 -7.852415762539519117e-02 9.969035688893912450e-01 -4.151024550271022878e-03 -7.261391505444868555e-01 1.182987281942548749e-02 5.095388507537104532e-03 9.999170421215118898e-01 2.258547496879199368e-01
9.964445727284573229e-01 8.330793735211590445e-02 -1.256984702126865555e-02 2.508355665804113244e+01 -8.335789247057699691e-02 9.965135171167611716e-01 -3.503136658264559625e-03 -8.091382080518231268e-01 1.223418337552146552e-02 4.538477467024340170e-03 9.999148598652864983e-01 2.712934983313508575e-01
9.959965118286865371e-01 8.838102687911146560e-02 -1.340680845253418123e-02 2.578246700326072016e+01 -8.844859857546090443e-02 9.960704295249679374e-01 -4.532641170763912139e-03 -8.536653374084516299e-01 1.295352597272804267e-02 5.700308214448239832e-03 9.998998513106870378e-01 3.096326752776031310e-01
9.956081289646715460e-01 9.249014990202915343e-02 -1.449226381784615367e-02 2.648448772101155768e+01 -9.256441453309476042e-02 9.956963531923749278e-01 -4.538876683793081034e-03 -9.070892162892026933e-01 1.401009284806037543e-02 5.860410438310683680e-03 9.998846797945667442e-01 3.125858441857158887e-01
9.952663386149693814e-01 9.608005610277077502e-02 -1.461294081427064531e-02 2.718763690912729913e+01 -9.614262375548689177e-02 9.953609141975234831e-01 -3.639558390929702441e-03 -9.779345436017050641e-01 1.419546115361689474e-02 5.027256424583614706e-03 9.998866013581128032e-01 3.026336681658530203e-01
9.948227553111437249e-01 1.004681980143915937e-01 -1.529139309824741055e-02 2.789548352612650817e+01 -1.005354507814510551e-01 9.949266233429506778e-01 -3.692871452497598333e-03 -1.058091456565664057e+00 1.484279796111777350e-02 5.211079651592198138e-03 9.998762603430237927e-01 2.982204388160319963e-01
9.942829928706184983e-01 1.055855178473980166e-01 -1.590686987255330448e-02 2.861955018052433175e+01 -1.056509945419151636e-01 9.943976917006023264e-01 -3.331380017063779748e-03 -1.130160523152725416e+00 1.546600919920070559e-02 4.992911115839631341e-03 9.998679279775102291e-01 3.262689619596370605e-01
9.937452641247350726e-01 1.104761840668233436e-01 -1.628995959767155430e-02 2.935778033391408215e+01 -1.105442355909785762e-01 9.938656087511303916e-01 -3.335224033114545742e-03 -1.216137704874071135e+00 1.582156778788470705e-02 5.115124219235105303e-03 9.998617471915580701e-01 3.592499157463965864e-01
9.932406123726019720e-01 1.149530880982064102e-01 -1.608954537531628523e-02 3.010815701130586675e+01 -1.150306939990135696e-01 9.933539608441261937e-01 -3.980943781468555473e-03 -1.306713052801355524e+00 1.552499184552656557e-02 5.804826609977982096e-03 9.998626298728362505e-01 3.691467733488302261e-01
9.927680702478668406e-01 1.190982388529565617e-01 -1.507210000135038482e-02 3.083872278150014878e+01 -1.191746191511543485e-01 9.928641195146066245e-01 -4.272040573589381239e-03 -1.390490987863176597e+00 1.445575478845398734e-02 6.037357253731965266e-03 9.998772832057376547e-01 3.870456464962602761e-01
9.922250417927132027e-01 1.236525944361811374e-01 -1.412452932490423398e-02 3.157625553554558451e+01 -1.237290381310231641e-01 9.923050539706502748e-01 -4.669581081523713033e-03 -1.477279093440126534e+00 1.343843601839861401e-02 6.380889711193159751e-03 9.998893402191429969e-01 3.968636058249789267e-01
9.916582850459062515e-01 1.281555881687963250e-01 -1.378371941539326823e-02 3.233092163912085937e+01 -1.282312242479893560e-01 9.917329349576852193e-01 -4.747509671175747376e-03 -1.583965262380133465e+00 1.306134861621461446e-02 6.475410514083649802e-03 9.998937294687869626e-01 4.185916417312335325e-01
9.911202330231201341e-01 1.322252025244105011e-01 -1.404206215534889099e-02 3.306394028045135514e+01 -1.323030142555132738e-01 9.911978843473147061e-01 -4.760933134676651086e-03 -1.689512612989740425e+00 1.328894695231751591e-02 6.576464307364143433e-03 9.998900709608593562e-01 4.377508379354119183e-01
9.906092459051735188e-01 1.359055436683794249e-01 -1.493335619965912263e-02 3.379508818636416834e+01 -1.359906567169976155e-01 9.906983196602746622e-01 -4.835360171505304235e-03 -1.801246514075122596e+00 1.413729864094978063e-02 6.820749409755270595e-03 9.998767994931304637e-01 4.395995511528973942e-01
9.902498858905431911e-01 1.384251752263487012e-01 -1.560879102687337018e-02 3.453658698534842131e+01 -1.385211402433142169e-01 9.903456187276701295e-01 -5.239195797071136834e-03 -1.900212719946321904e+00 1.473286121084509126e-02 7.350260571070018484e-03 9.998644490480094182e-01 4.477843257828599266e-01
9.900334913075723442e-01 1.399696914137802672e-01 -1.556186283418869651e-02 3.525808618484774115e+01 -1.400668530948223356e-01 9.901276802655264442e-01 -5.334176236383224128e-03 -1.999683137682517042e+00 1.466160814687228649e-02 7.460714278034455069e-03 9.998646783385285453e-01 4.767222896732721815e-01
9.899123051102941551e-01 1.408086585145388037e-01 -1.570190684470449891e-02 3.597407174952544295e+01 -1.409036878089135747e-01 9.900100995635956469e-01 -5.114051615651331664e-03 -2.100440906895558513e+00 1.482494361109023238e-02 7.274919203353318910e-03 9.998636390015953612e-01 4.960730997226609484e-01
9.897815872325231856e-01 1.416717526915125536e-01 -1.617170568560856794e-02 3.669964005170388788e+01 -1.417614232172106359e-01 9.898904677419014808e-01 -4.534397550969387208e-03 -2.189977892035656737e+00 1.536582125686549762e-02 6.780587218983470492e-03 9.998589476391496200e-01 5.113030459587658560e-01
9.895407027444910186e-01 1.432684161712567683e-01 -1.683325695516556253e-02 3.742730904504907841e+01 -1.433582187640745909e-01 9.896617444591435664e-01 -4.248843004464133467e-03 -2.297900849914169541e+00 1.605050543536825844e-02 6.617588825578957397e-03 9.998492830389011932e-01 5.197856242953468042e-01
9.892971717384371200e-01 1.449942190743381265e-01 -1.636405895100668043e-02 3.814700124169887374e+01 -1.450850806646308833e-01 9.894089368437427590e-01 -4.502783835804147032e-03 -2.408707595604024032e+00 1.553786854323087850e-02 6.828772126618174593e-03 9.998559608825543510e-01 5.362961635192960985e-01
9.891213644210018474e-01 1.463385941718576277e-01 -1.496470185938222376e-02 3.886174934141909176e+01 -1.464258305988530573e-01 9.892094947623952805e-01 -4.904243607601748399e-03 -2.501695384098058916e+00 1.408554505057660854e-02 7.042111028028259605e-03 9.998759953578728599e-01 5.736874745138094145e-01
9.889520727464815586e-01 1.476237712384698419e-01 -1.345436642022930333e-02 3.959054490531575254e+01 -1.477006028611823896e-01 9.890199682382039281e-01 -4.902483099965574895e-03 -2.593652901913257036e+00 1.258291400595055835e-02 6.835538854698668121e-03 9.998974675853943284e-01 5.865065879285554784e-01
9.887874663789891772e-01 1.488866989173713573e-01 -1.149335535459944206e-02 4.032194501769803452e+01 -1.489417762128086575e-01 9.888375085266406517e-01 -4.090113616912988831e-03 -2.700727179439450065e+00 1.075609735883427225e-02 5.756093841628635160e-03 9.999255841077843154e-01 6.142738887864390707e-01
9.885918170222158796e-01 1.503313745993216655e-01 -9.311129243650266216e-03 4.104368819735076812e+01 -1.503776306971829624e-01 9.886184760520845272e-01 -4.480735916741347344e-03 -2.820182277305500751e+00 8.531559213601247124e-03 5.829804416303412812e-03 9.999466115137609634e-01 6.164469859806783747e-01
9.883621825363902991e-01 1.518195538999304040e-01 -9.540397556142634489e-03 4.176595647577070025e+01 -1.518727485347142192e-01 9.883867982118870188e-01 -5.119118377816579864e-03 -2.937631609406332611e+00 8.652420725703283133e-03 6.508469411526193564e-03 9.999413860029520151e-01 6.059771631793231528e-01
9.881992382888910020e-01 1.527670854534503297e-01 -1.115719710829712018e-02 4.249291985713153252e+01 -1.528241283890446611e-01 9.882433927376457206e-01 -4.447751399955239722e-03 -3.049475612003132330e+00 1.034655630555353020e-02 6.100353468874393503e-03 9.999278646283294991e-01 6.324158578255690832e-01
9.879901185308896938e-01 1.539495921660174738e-01 -1.323059927726314214e-02 4.320167523922078345e+01 -1.540029656527579227e-01 9.880654954866173734e-01 -3.108568632172180411e-03 -3.138489208708823863e+00 1.259413575733090394e-02 5.108786617422957956e-03 9.999076397567044916e-01 6.609394987288090828e-01
9.878018608700108727e-01 1.549232429316513837e-01 -1.569307048617607850e-02 4.391056922257736517e+01 -1.549826714012415563e-01 9.879136693389464208e-01 -2.636948727882848249e-03 -3.254615999538892801e+00 1.509487419882482931e-02 5.036936846857032087e-03 9.998733790036228308e-01 6.654866564799014617e-01
9.876468680945339473e-01 1.558011037454040959e-01 -1.672363640993922845e-02 4.465436422695849927e+01 -1.558620196305648131e-01 9.877759332468104558e-01 -2.395106484893833564e-03 -3.368985353895883605e+00 1.614604532817382962e-02 4.972099164978679812e-03 9.998572815407977821e-01 6.841464955536692427e-01
9.874705763610505116e-01 1.570775654447318925e-01 -1.511619181971759172e-02 4.538288280450412771e+01 -1.571297696668800814e-01 9.875752327647974171e-01 -2.322738467673989785e-03 -3.481136033838550414e+00 1.456352655120787126e-02 4.668839632282622241e-03 9.998830459763182743e-01 7.107800519835898445e-01
9.873225460437463630e-01 1.583657519268049929e-01 -1.069947149872346216e-02 4.611749802310229285e+01 -1.584079266248571705e-01 9.873685316920803867e-01 -3.211137904086682014e-03 -3.606769087135147878e+00 1.005578719485449544e-02 4.865309947254980137e-03 9.999376030048119368e-01 7.195507804193080892e-01
9.872029986255415057e-01 1.593230247139372502e-01 -6.812730784442342161e-03 4.687879634830287046e+01 -1.593546712039296820e-01 9.872116683042978513e-01 -4.383004601022459472e-03 -3.734393620092068211e+00 6.027293773047371316e-03 5.412555759274615720e-03 9.999671874466312671e-01 7.338841315105293361e-01
9.870786361593598679e-01 1.601044260458392710e-01 -6.506827053998146849e-03 4.759426086704023362e+01 -1.601421997648732887e-01 9.870771025640819873e-01 -5.767967420529581356e-03 -3.852659268319990726e+00 5.499262882031085743e-03 6.735455012784810104e-03 9.999621951621596727e-01 7.562895567234115823e-01
9.870163347320189962e-01 1.603085716762121526e-01 -9.995840099944948778e-03 4.830652325243514156e+01 -1.603741890604910569e-01 9.870371600755697417e-01 -6.145251267743646710e-03 -3.969296286299863308e+00 8.881129171495747918e-03 7.668538132302637512e-03 9.999311571641082974e-01 7.596932274593115597e-01
9.869373329041478682e-01 1.605220065025844689e-01 -1.368891334005249011e-02 4.902378727185708840e+01 -1.606012289962716610e-01 9.870072517674588486e-01 -4.891850706562169554e-03 -4.077657874772965485e+00 1.272580704451967311e-02 7.026406395335626880e-03 9.998943361416910980e-01 7.740406415649664362e-01
9.868728635509053104e-01 1.608658172218841997e-01 -1.428775826962901813e-02 4.975618492708476026e+01 -1.609259668890898332e-01 9.869614297039626116e-01 -3.157444777251488133e-03 -4.195011449929951119e+00 1.359354139463214185e-02 5.415267883047665889e-03 9.998929395220806926e-01 7.893997451355325712e-01
9.868627335117078347e-01 1.611174249925255153e-01 -1.196330094822838606e-02 5.049022588813419077e+01 -1.611633765074423907e-01 9.869232556484380803e-01 -2.975488700729019605e-03 -4.320952586489523739e+00 1.132745684257178975e-02 4.864444887725815486e-03 9.999240100614715798e-01 7.913412921072100481e-01
9.867850417247644446e-01 1.617556319264952247e-01 -9.507732027924636203e-03 5.124370007399343763e+01 -1.618061196378281497e-01 9.868108925975231926e-01 -4.800197769695136590e-03 -4.446986311909500778e+00 8.605874505445178235e-03 6.275172582450519107e-03 9.999432789578901470e-01 8.101563892254095567e-01
9.866718593154144568e-01 1.624738644047608593e-01 -8.993632216536061319e-03 5.199100777919369420e+01 -1.625266675675904882e-01 9.866889061518053783e-01 -5.484961834645580951e-03 -4.556683323574345579e+00 7.982754188678111221e-03 6.873562565145972282e-03 9.999445133472287806e-01 8.323843585857289007e-01
9.866163992167722441e-01 1.627684621478738825e-01 -9.721549595978288758e-03 5.273232039376527780e+01 -1.628138221942766473e-01 9.866484261174872650e-01 -4.067252435744378447e-03 -4.675705213224231827e+00 8.929731184161763743e-03 5.595620600232215427e-03 9.999444729239103102e-01 8.413792920558745836e-01
9.866009083251413569e-01 1.627829715293800106e-01 -1.097050008299292612e-02 5.346102249087127944e+01 -1.628190423118474339e-01 9.866528480665880396e-01 -2.473229213613895635e-03 -4.792456995480438131e+00 1.042147555093436880e-02 4.226296505842695034e-03 9.999367636331739639e-01 8.326287739388895659e-01
9.865816306609593855e-01 1.628907462816129303e-01 -1.110363986184402171e-02 5.419213263163226202e+01 -1.629157744288703413e-01 9.866390122433777998e-01 -1.382013622704668506e-03 -4.909764191830195301e+00 1.073016703522226487e-02 3.172427340555224445e-03 9.999373976505554484e-01 8.505942016303829067e-01
9.865307946391594918e-01 1.632329366924296921e-01 -1.058298669533647325e-02 5.493384325387945921e+01 -1.632536032740810883e-01 9.865835095380324216e-01 -1.113429678005964721e-03 -5.027511283881441528e+00 1.025925175913794223e-02 2.826143376433386343e-03 9.999433787304951027e-01 8.819027140599180470e-01
9.864821324293081561e-01 1.635431243374858845e-01 -1.032709444415143805e-02 5.568711311651691886e+01 -1.635781338925955952e-01 9.865268602787624630e-01 -2.635917438595734158e-03 -5.138262303982695123e+00 9.756869884387363301e-03 4.289572293440404097e-03 9.999431999166744633e-01 9.056868393709104348e-01
9.864335869689346836e-01 1.638001540373182074e-01 -1.087603038575512757e-02 5.643520725224059476e+01 -1.638520995328734686e-01 9.864765431150228636e-01 -4.064401862951353209e-03 -5.253919928907635928e+00 1.006319920653267128e-02 5.791322921843629866e-03 9.999325940284897740e-01 9.148017203787630613e-01
9.863705798926599710e-01 1.641791238637716754e-01 -1.087632334671701645e-02 5.718857364357027251e+01 -1.642222134689960977e-01 9.864182159261811744e-01 -3.188713275535467843e-03 -5.388064173200012519e+00 1.020508331967468103e-02 4.931386857103727678e-03 9.999357667860991894e-01 9.279302253422453406e-01
9.863041869673109252e-01 1.645508221194073306e-01 -1.127287499172274429e-02 5.793114184081060358e+01 -1.645955152336974481e-01 9.863561114737676716e-01 -3.152415471070981693e-03 -5.524484423601536243e+00 1.060033658453885669e-02 4.964705245605504497e-03 9.999314899362449216e-01 9.262091890166235242e-01
9.862954243718328184e-01 1.645980631232178693e-01 -1.134960260411326145e-02 5.866676031500503541e+01 -1.646564205887265653e-01 9.863411319616768314e-01 -4.408464524800015903e-03 -5.642474469034097773e+00 1.046895515772676595e-02 6.216833329213581477e-03 9.999258732332423349e-01 9.287230400492793025e-01
9.863322663736464602e-01 1.644184257116615422e-01 -1.073506389011464647e-02 5.942503243848226901e+01 -1.644767606395550197e-01 9.863693166714156968e-01 -4.792320803411256012e-03 -5.754370955684320776e+00 9.800791791714251119e-03 6.492489173122915035e-03 9.999308936444519791e-01 9.572058771348491701e-01
9.863418404972438269e-01 1.644182580602015498e-01 -9.818864545280806683e-03 6.017968953633006635e+01 -1.644829431735936320e-01 9.863605374881028176e-01 -6.184778988230292020e-03 -5.884489753655032018e+00 8.668049922673892738e-03 7.715342029350384136e-03 9.999326669370833809e-01 9.828318284737080912e-01
9.863205830573670285e-01 1.644946533675418765e-01 -1.064032193440277337e-02 6.089900655653119799e+01 -1.645780396670526446e-01 9.863355661573638411e-01 -7.497985888394758346e-03 -6.018133955400393198e+00 9.261549369599561890e-03 9.146581138587779256e-03 9.999152782894907832e-01 9.986982873294283358e-01
9.862280285596970453e-01 1.648322478832656701e-01 -1.358696952978614633e-02 6.161308044908578552e+01 -1.649541494442363088e-01 9.862655205212293996e-01 -8.393545860795657496e-03 -6.149858414301824006e+00 1.201683254365438352e-02 1.051917718922853670e-02 9.998724631906208415e-01 1.019703420106619074e+00
9.861681142912011033e-01 1.650181604514608102e-01 -1.553888916725779112e-02 6.234311292790769699e+01 -1.651473399182000479e-01 9.862409592064362851e-01 -7.424722318770345109e-03 -6.272398511695523204e+00 1.409987493841243812e-02 9.888230619493903681e-03 9.998516972141102688e-01 1.034303153239349404e+00
9.861548958080437188e-01 1.652346014782654082e-01 -1.400171232904282373e-02 6.310419967571351663e+01 -1.653412580213886041e-01 9.862127733504388871e-01 -6.828914726406671958e-03 -6.389520217579741868e+00 1.268029454433348968e-02 9.049428421439112760e-03 9.998786516250430800e-01 1.022653207960836585e+00
9.862485916531621433e-01 1.650346712456285392e-01 -8.790491965830317736e-03 6.387243696473419163e+01 -1.651004993983841707e-01 9.862491777725388431e-01 -7.374580760634106419e-03 -6.512059429071500816e+00 7.452553962110671296e-03 8.724484502723962517e-03 9.999341692379571933e-01 1.017881082468628406e+00
9.862917360516070264e-01 1.649416444883169686e-01 -4.781768480051031521e-03 6.459704721161736529e+01 -1.649807407264090864e-01 9.862514963117358091e-01 -9.452048044076757222e-03 -6.645982894058947821e+00 3.156989970294023316e-03 1.011137658045667409e-02 9.999438951651116181e-01 1.066805657207025027e+00
9.861588803641113676e-01 1.656962364640901519e-01 -5.951462058915900181e-03 6.529915481514962039e+01 -1.657510194408783333e-01 9.861133770854507707e-01 -1.034442301132213089e-02 -6.760468913772069932e+00 4.154784388144880727e-03 1.118770551828719879e-02 9.999287839701006542e-01 1.115832657761497648e+00
9.860774529021508750e-01 1.659156694218751893e-01 -1.110168988476363701e-02 6.602139544334448829e+01 -1.660069908470871436e-01 9.860931124584522145e-01 -7.877344216021601314e-03 -6.866995650864947009e+00 9.640325093147331798e-03 9.610629651255225836e-03 9.999073456724901776e-01 1.106343947345628020e+00
9.860835664714054927e-01 1.657472202624224733e-01 -1.292512709079951007e-02 6.675733036640585283e+01 -1.658273995970747372e-01 9.861400466988157199e-01 -5.392758081873082199e-03 -6.980249256164300142e+00 1.185215077129098127e-02 7.461050337419889225e-03 9.999019248156076900e-01 1.051364067452569273e+00
9.860571785338398954e-01 1.660587396605810173e-01 -1.075805020543117545e-02 6.748353811996024376e+01 -1.661304454605424252e-01 9.860846141207779691e-01 -6.148893018950715023e-03 -7.092456784805181158e+00 9.587270360479854467e-03 7.850399774288129365e-03 9.999232247879928925e-01 1.050224841378864848e+00
