1.000000000000000000e+00 0.000000000000000000e+00 0.000000000000000000e+00 0.000000000000000000e+00 0.000000000000000000e+00 1.000000000000000000e+00 0.000000000000000000e+00 0.000000000000000000e+00 0.000000000000000000e+00 0.000000000000000000e+00 1.000000000000000000e+00 0.000000000000000000e+00
9.999999702176141092e-01 -2.048852179428111244e-04 1.326153017739550443e-04 5.016646191105064538e-03 2.048664123061618683e-04 9.999999689606906550e-01 1.418039872665958112e-04 -6.791559491372824121e-04 -1.326443511985039392e-04 -1.417768146222434466e-04 9.999999811524052928e-01 -3.262855335400634185e-03
9.999999645205244203e-01 -2.461393744691765697e-04 1.018545934661115038e-04 5.617080765127206374e-03 2.461176554518031460e-04 9.999999469873901425e-01 2.131931439636477283e-04 2.937099326490031064e-03 -1.019070632936300199e-04 -2.131680681859258889e-04 9.999999720871621811e-01 -3.579978124562603441e-03
9.999999864484545586e-01 -1.598672708739281927e-04 3.931343674650558006e-05 4.462840195477682688e-03 1.598716265326345176e-04 9.999999810805539902e-01 -1.108149569066500280e-04 -6.582320448471698374e-04 -3.929572031798446788e-05 1.108212405080133547e-04 9.999999930872495169e-01 -3.829766185075788101e-03
9.999999916993510540e-01 -9.624446150037781517e-06 1.284860613467912022e-04 2.669318729128971127e-03 9.613772085306623841e-06 9.999999965029749971e-01 8.307602212169138951e-05 2.897635338413425288e-03 -1.284868604581735198e-04 -8.307478619639655697e-05 9.999999882948532592e-01 -3.101085191190175189e-03
9.999999856962620282e-01 -9.401568727633314833e-05 1.406005915101118085e-04 -1.122425711694650507e-03 9.400917950844864712e-05 9.999999945096907927e-01 4.629138698554805236e-05 5.309429750635283156e-03 -1.406049428547335078e-04 -4.627816857716191375e-05 9.999999890442905492e-01 -2.996698992826668864e-03
9.999999690165680688e-01 -2.103026611394500647e-04 1.331902907420321922e-04 -4.493248559758629239e-03 2.102934198493899419e-04 9.999999754805528607e-01 6.939431632388740577e-05 5.968613705883639084e-03 -1.332048812856707898e-04 -6.936630513208244238e-05 9.999999887223876005e-01 -2.190728720309659868e-03
9.999999781733225346e-01 -2.051678960967142425e-04 -3.949036379713819639e-05 -7.854629167777982604e-03 2.051708122076812541e-04 9.999999762252820279e-01 7.385372780356170652e-05 8.027320556346841107e-03 3.947521044431357714e-05 -7.386182846159484799e-05 9.999999964930690322e-01 -2.224339610899687698e-03
9.999999670045353062e-01 -1.867326078632549843e-04 -1.764138927128618508e-04 -9.626598606764914454e-03 1.867509061534207307e-04 9.999999771838710139e-01 1.037128565485276208e-04 1.909985067389102223e-03 1.763945221156074138e-04 -1.037457985807958957e-04 9.999999790608906647e-01 -3.573381725480649120e-03
9.999999798459895395e-01 -1.734393768585032025e-04 -1.011276574391366012e-04 8.541628008180584576e-04 1.734517343915439457e-04 9.999999774906566108e-01 1.222013998161356884e-04 -5.168274765685421795e-03 1.011064606281841051e-04 -1.222189381208651441e-04 9.999999874200072858e-01 -6.726152973013377334e-03
9.999999832446834214e-01 -1.407353737696336385e-04 1.170648856160216552e-04 -3.344480397684653156e-04 1.407294308441028809e-04 9.999999888086764654e-01 5.077276973828493301e-05 -4.414992661001296628e-03 -1.170720298306370991e-04 -5.075629441284653254e-05 9.999999918589691505e-01 -5.581244730710722794e-03
9.999999609397460798e-01 -1.090639422094437085e-04 2.573432782841001830e-04 -8.880379310276524836e-04 1.090749690852960656e-04 9.999999931338960923e-01 -4.283525209677785275e-05 1.929029494724051079e-03 -2.573386047356952442e-04 4.286332013374516891e-05 9.999999659697885734e-01 -5.295553611153981308e-03
9.999999887158054213e-01 3.624242486691619473e-05 1.457905199164324418e-04 3.055054807224525694e-03 -3.624211916588654598e-05 9.999999993410504384e-01 -2.099492552854398807e-06 1.008639064740596974e-02 -1.457905959110649579e-04 2.094208771767248319e-06 9.999999893703581666e-01 -1.874295870180453082e-03
9.999999990494653490e-01 -3.300452144493362341e-05 -2.849159407676156498e-05 2.982766445398576504e-03 3.300710713521222542e-05 9.999999953368450267e-01 9.075704232023082798e-05 1.045703715825311783e-02 2.848859855115130953e-05 -9.075798265906125724e-05 9.999999954756941811e-01 -2.990950517121470785e-04
9.999999845738976045e-01 -1.451609153667492494e-04 -9.889647720799059490e-05 -3.381488837465037624e-03 1.451740755004206427e-04 9.999999806076844688e-01 1.330756117816152718e-04 2.054788485002726015e-03 9.887715791253970214e-05 -1.330899669334262032e-04 9.999999862551840479e-01 -3.925985734609426132e-03
9.999999718850377528e-01 -2.320879406790714642e-04 4.863241261587366974e-05 -5.124892532018402239e-03 2.320838929451890704e-04 9.999999696057223497e-01 8.322031643662099881e-05 2.195664972491321795e-03 -4.865172556959105482e-05 -8.320902729724173315e-05 9.999999953546336862e-01 -7.750980658899442148e-03
9.999999836936454001e-01 1.251621784018821669e-05 1.801556358529236303e-04 2.976376205781347019e-03 -1.251906886403858134e-05 9.999999997964335030e-01 1.582421912238418763e-05 1.312852454230307487e-04 -1.801554377568763063e-04 -1.582647424516034807e-05 9.999999836467703407e-01 -4.377085572291551131e-03
9.999999724365091769e-01 8.022408359584115600e-05 2.206605476165870506e-04 -9.112160289300069748e-05 -8.021700950297866646e-05 9.999999962684573696e-01 -3.206737516131031879e-05 -1.936852531866033829e-03 -2.206631193689684702e-04 3.204967354817641847e-05 9.999999751403028103e-01 -4.682686283794734922e-04
9.999999943245598821e-01 2.905378935976302043e-05 1.025024752174218259e-04 -2.219780764316836141e-03 -2.904707322423169947e-05 9.999999974315301188e-01 -6.552257151070383387e-05 -4.894822141560407555e-03 -1.025043786331382770e-04 6.551959374193111658e-05 9.999999926000175954e-01 -3.957297145269935215e-03
9.999999860882884395e-01 1.586319905887283470e-04 -5.156854130584502842e-05 2.007108418938206244e-03 -1.586300260730095731e-04 9.999999866925630698e-01 3.809709367339963532e-05 -2.969931395159016926e-03 5.157458403740497027e-05 -3.808891282435197313e-05 9.999999979446484444e-01 -5.787500637394991064e-03
9.999999919125166503e-01 -2.061082815742842466e-05 -1.254996434476648591e-04 -1.601890606983318120e-03 2.062150462375415767e-05 9.999999961688403882e-01 8.507098681504043241e-05 -5.529858328601443274e-03 1.254978895833652990e-04 -8.507357411850787854e-05 9.999999885063832750e-01 -4.248952841127698159e-03
9.999999609407842494e-01 -2.711698971540576195e-04 -6.771496849140208889e-05 -1.481541724494242138e-02 2.711767209309187839e-04 9.999999581529633863e-01 1.007832200147427531e-04 -6.826188448761086845e-03 6.768763628232505041e-05 -1.008015788013426556e-04 9.999999926287127527e-01 -1.634473550413874637e-03
9.999999887021758793e-01 -1.473355068330694758e-04 2.979759211696044277e-05 -1.033066910782703615e-02 1.473343590660977870e-04 9.999999884045016607e-01 3.851731026536881419e-05 -7.249696984885762273e-03 -2.980326673887230841e-05 -3.851291962107074768e-05 9.999999988142601604e-01 -2.139999121907179298e-03
9.999999791732885335e-01 -2.003724608199319488e-04 3.878529943375845729e-05 3.633824034702885005e-03 2.003734761615055164e-04 9.999999795826328697e-01 -2.617640048913273364e-05 -2.872143019446002279e-03 -3.878005361208334444e-05 2.618417148923589971e-05 9.999999989052482663e-01 4.377344665184307727e-04
9.999999784392004099e-01 -1.922242283014608335e-04 7.855854334460174893e-05 1.460064949201919822e-02 1.922240243465834868e-04 9.999999815215723231e-01 2.603757284296940116e-06 7.491039538459783390e-03 -7.855904239819804836e-05 -2.588656388809345984e-06 9.999999969108878117e-01 -5.901833464247497642e-04
9.999999621474144895e-01 -2.728865997171186467e-04 3.518626438051597911e-05 2.764096386047329781e-02 2.728862948336592390e-04 9.999999627289555271e-01 8.669352883542336382e-06 5.710587343957796748e-03 -3.518862881931729782e-05 -8.659750706069081668e-06 9.999999993433845713e-01 -7.099411200690991519e-04
9.999999853424277330e-01 -1.495080786600643213e-04 -8.344146945814910209e-05 4.724044960938399845e-02 1.495154740374987829e-04 9.999999848948945003e-01 8.863032115737037484e-05 -4.338512712770630810e-03 8.342821724872964109e-05 -8.864279564912545155e-05 9.999999925910936227e-01 -1.398403958370379686e-03
9.999999600956722690e-01 2.578744917940418015e-04 -1.153663747269256161e-04 8.503625700117915798e-02 -2.578507186553998984e-04 9.999999455315218277e-01 2.060338814200010573e-04 -1.375879085227392669e-02 1.154194993255582913e-04 -2.060041258957255410e-04 9.999999721203192138e-01 -3.556570213607901983e-03
9.999996224906588793e-01 8.678454748675443848e-04 -4.315983606927037289e-05 1.319048324279336326e-01 -8.678424924834700913e-04 9.999996210391823848e-01 6.907170097295222625e-05 -1.317385240198857416e-02 4.321976327651439479e-05 -6.903421895803039411e-05 9.999999966831643050e-01 -5.572887492332076692e-04
9.999986769532277497e-01 1.622874793382435331e-03 1.112169010622092761e-04 1.795041521871626189e-01 -1.622870353954004993e-03 9.999986823452199358e-01 -3.999547768786110833e-05 -2.687680299420895300e-02 -1.112816621693168766e-04 3.981493416038094882e-05 9.999999930155812899e-01 -1.014225271262986358e-03
9.999969708537725932e-01 2.458492303402200121e-03 1.187386764061788168e-04 2.260879482331371870e-01 -2.458480836472148792e-03 9.999969732634607089e-01 -9.662243056598400059e-05 -1.812041040018782037e-02 -1.189758625173708173e-04 9.633022112202029225e-05 9.999999882826162700e-01 -2.407418901117016220e-03
9.999878232736820749e-01 4.934554808427484528e-03 5.893391096249395546e-05 2.898401557562322872e-01 -4.934555461146415516e-03 9.999878249472954339e-01 1.093517188208424526e-05 -7.678416115175575214e-03 -5.887923323403018949e-05 -1.122585137967568780e-05 9.999999982036080759e-01 5.026666222392720505e-03
9.999751789602934204e-01 7.044892720649544027e-03 1.046416921124319036e-04 3.828314603113706083e-01 -7.044902077003617480e-03 9.999751803807352957e-01 8.931540372520660768e-05 1.914018083162677018e-03 -1.040098775079288689e-04 -9.005037729812838876e-05 9.999999905364373998e-01 1.107967942824055786e-02
9.999568092218872328e-01 9.293649726544415957e-03 -8.812231612505116573e-05 4.806240847383194681e-01 -9.293666518669054660e-03 9.999567944968624778e-01 -1.920994515259695729e-04 8.904740908888261058e-03 8.633320374090167418e-05 1.929101340201020852e-04 9.999999776661288031e-01 1.088856258471026205e-02
9.999398700945659746e-01 1.096502370992675710e-02 -1.563659271362633494e-04 5.497416933771349656e-01 -1.096502816698598920e-02 9.999398818885946172e-01 -2.767527111270192794e-05 1.048753664704960009e-02 1.560530667081063696e-04 2.938816379667306389e-05 9.999999873918880011e-01 1.026296101758025596e-02
9.999146422013778235e-01 1.306278328016847491e-02 2.683361062589861346e-04 6.300114751461883822e-01 -1.306292865911018626e-02 9.999145264898219310e-01 5.473659490345058904e-04 -2.128726610919963545e-03 -2.611630478628952537e-04 -5.508244824947801290e-04 9.999998141931086826e-01 8.758419713491852332e-03
9.998734737376880899e-01 1.589289685848360029e-02 6.725661115316420875e-04 7.271930214489974453e-01 -1.589318927617568850e-02 9.998736021006072727e-01 4.316908478691346921e-04 -1.736457827515337999e-03 -6.656202824680063556e-04 -4.423254481509934517e-04 9.999996806488677947e-01 7.916768147306836242e-03
9.998183003014393666e-01 1.904896600763089989e-02 7.094197494616031078e-04 8.318818685603448504e-01 -1.904885325458028841e-02 9.998185404596365844e-01 -1.653567282787547332e-04 -2.161220696212848378e-03 -7.124408931760562846e-04 1.518130503076763375e-04 9.999997346903505280e-01 1.429058648790287531e-02
9.997785598052915113e-01 2.103329376108541149e-02 6.571964828025104012e-04 9.243910836354116700e-01 -2.103301027089931469e-02 9.997786869902103302e-01 -4.353378863432229881e-04 -1.856713135838857377e-03 -6.662076263196652255e-04 4.214186646641230661e-04 9.999996892868056042e-01 1.604398352870154212e-02
9.997360522862011045e-01 2.297187785456099654e-02 3.443646864998944185e-04 1.027299991058762796e+00 -2.297176816149673270e-02 9.997360631647900231e-01 -3.191791056309568908e-04 -1.678901242602500940e-02 -3.516059394026640073e-04 3.111841932944511857e-04 9.999998897688245902e-01 1.992946673399836541e-02
9.997146803702632312e-01 2.388545313170578957e-02 2.073182951132673292e-04 1.144071406613651476e+00 -2.388541415967004519e-02 9.997146850333191725e-01 -1.884652555193729864e-04 -2.787056799480368968e-02 -2.117607221284676918e-04 1.834595993407928626e-04 9.999999607499852061e-01 1.681224484497897270e-02
9.997129572316297841e-01 2.394889074214430480e-02 6.736285402690714600e-04 1.269828479259665910e+00 -2.394896991254157753e-02 9.997131762682887057e-01 1.097073276361404794e-04 -3.369559253862327436e-02 -6.708079588141937751e-04 -1.258085465842386029e-04 9.999997670944188455e-01 1.717136394678623126e-02
9.997139138178585682e-01 2.390158501766374149e-02 8.970800536696592895e-04 1.389614775156894355e+00 -2.390177564679246691e-02 9.997142912664616077e-01 2.023821304970028535e-04 -2.783351462979347449e-02 -8.919864963655128138e-04 -2.237660379459800427e-04 9.999995771443358494e-01 2.049595353327508460e-02
9.997247070772594668e-01 2.344327977232273097e-02 9.605690003332597714e-04 1.500252354005658706e+00 -2.344394821779680060e-02 9.997249143212726397e-01 6.906354214553884823e-04 -3.464626088600354648e-02 -9.441140021519837987e-04 -7.129648243151018132e-04 9.999993001647102808e-01 2.240596554622956149e-02
9.997443302720506741e-01 2.260486535676883846e-02 5.423569775685541236e-04 1.612154856167781869e+00 -2.260498563648890430e-02 9.997444511853446070e-01 2.166759981237307696e-04 -4.085434962849352619e-02 -5.373204471221860491e-04 -2.288805723180240719e-04 9.999998294501958318e-01 1.277718047061292793e-02
9.997806046986381645e-01 2.094141495585028975e-02 4.467751921195828877e-04 1.742602262725473805e+00 -2.094154316454566525e-02 9.997806614333638597e-01 2.842424194544145954e-04 -3.462573523188496039e-02 -4.407247586354850295e-04 -2.935362199737589920e-04 9.999998597990774618e-01 2.058650952114808586e-02
9.998042688717763138e-01 1.978402530105775534e-02 1.276270345763131969e-04 1.873020950232529902e+00 -1.978403497046369794e-02 9.998042740170191012e-01 7.495057574440319487e-05 -1.651785190835396849e-02 -1.261192305626596794e-04 -7.746088329888610826e-05 9.999999890468755925e-01 2.740078201663347438e-02
9.998205287268093766e-01 1.894042609330676488e-02 -4.130325014703002066e-04 2.003736793034553543e+00 -1.894032916824138837e-02 9.998205877084622717e-01 2.373295258775918158e-04 -1.745252890369496102e-02 4.174535207073759558e-04 -2.294639605103872184e-04 9.999998865394179592e-01 3.529328323693435576e-02
9.998350124580386300e-01 1.811745565437329966e-02 -1.306010584014492392e-03 2.142796737314695221e+00 -1.811720437333809788e-02 9.998358491763766898e-01 2.039790393789126671e-04 -3.917720215524790606e-02 1.309491782501834680e-03 -1.802841247142606849e-04 9.999991263640714001e-01 3.097025141853989097e-02
9.998594966902500936e-01 1.663355104891188485e-02 -2.076501341895917088e-03 2.298201053231715196e+00 -1.663359287890314731e-02 9.998616522197824041e-01 -2.875029926402488384e-06 -5.247860831582075447e-02 2.076166240587599271e-03 3.741430390877496104e-05 9.999978440646316580e-01 2.656731432159607428e-02
9.998892675186330514e-01 1.465330797640194971e-02 -2.594853830202781351e-03 2.404134532693072757e+00 -1.465672786454816703e-02 9.998917342591593371e-01 -1.303874424642689506e-03 -3.958877369892788850e-02 2.575466822923637433e-03 1.341762109829820618e-03 9.999957833136521312e-01 2.510403140534722688e-02
9.999070366507829544e-01 1.337811758306109607e-02 -2.635152022859557977e-03 2.540806510405381857e+00 -1.338351413939198493e-02 9.999083536647499493e-01 -2.041034230500881567e-03 -2.718730141367365835e-02 2.607605324907142676e-03 2.076112083480336976e-03 9.999944450611144564e-01 3.195047818032285825e-02
9.999117622680745443e-01 1.310090307221371125e-02 -2.198639726288399276e-03 2.692766868477291187e+00 -1.310600283639377570e-02 9.999114180768424731e-01 -2.321355037565335597e-03 -2.953535095286912923e-02 2.168033119209775497e-03 2.349965584950771281e-03 9.999948886340087606e-01 3.325292799550133571e-02
9.999317846793092102e-01 1.156489606372023034e-02 -1.636816143321334106e-03 2.859660290912013458e+00 -1.156850456827570282e-02 9.999306347296178510e-01 -2.212562152207639236e-03 -4.018457642990753281e-02 1.611114553802184528e-03 2.231346736602318141e-03 9.999962126936459139e-01 3.161928424548738487e-02
9.999522184767953847e-01 9.573171550300225638e-03 -1.978673748720157725e-03 3.019832773074333065e+00 -9.579217897051057681e-03 9.999494079907789157e-01 -3.069208916264223701e-03 -5.553915953114033771e-02 1.949191580160508468e-03 3.088016411773337067e-03 9.999933323811837083e-01 3.012044872452639827e-02
9.999605408454710354e-01 8.528958719884127682e-03 -2.484676072972428346e-03 3.146840604555906751e+00 -8.537142073695491717e-03 9.999581069347365236e-01 -3.301754187019903530e-03 -7.091413996295632682e-02 2.456411457111247650e-03 3.322835935233299336e-03 9.999914623656048773e-01 2.645868383988760411e-02
9.999658678487226560e-01 7.878141508353541517e-03 -2.489583082627131773e-03 3.260791208772834793e+00 -7.884202036700659749e-03 9.999659569467461706e-01 -2.433989692368510732e-03 -7.090226383964291779e-02 2.470323014391317528e-03 2.453534991074707815e-03 9.999939388167571330e-01 2.313960636886658664e-02
9.999795551200413302e-01 5.836391410387070482e-03 -2.612637982777890871e-03 3.350712603288269253e+00 -5.840451416995491064e-03 9.999817445964557239e-01 -1.549064580478610011e-03 -5.814374309751886571e-02 2.603549340805559695e-03 1.564291895247825080e-03 9.999953872502095331e-01 3.716441781017921359e-02
9.999925501228820179e-01 2.757880859529105756e-03 -2.700702112382640657e-03 3.465156121806045153e+00 -2.759965488923298189e-03 9.999958960200961977e-01 -7.684617524305914797e-04 -4.949655731978176015e-02 2.698571702797136328e-03 7.759098721110045888e-04 9.999960578295472580e-01 5.575094235245878910e-02
9.999936455492246523e-01 2.239965905475553489e-03 -2.773339848280349275e-03 3.597584362779783440e+00 -2.241988326834643431e-03 9.999972229534324075e-01 -7.263427327546656933e-04 -4.275858060060767907e-02 2.771705163629382355e-03 7.325559128117140962e-04 9.999958904977162000e-01 5.439027602079980761e-02
9.999898776843872961e-01 2.752769662793677109e-03 -3.559043122478818769e-03 3.742470148916403616e+00 -2.761060734469517400e-03 9.999934813258301025e-01 -2.326768030388231320e-03 -3.387794007200987251e-02 3.552614865789936217e-03 2.336571212325630562e-03 9.999909596404285006e-01 4.461564106844292249e-02
9.999874042570437993e-01 3.082309763365583943e-03 -3.961148038413742946e-03 3.867105399392744669e+00 -3.092629846852567189e-03 9.999918329819720286e-01 -2.601847417928425821e-03 -3.022501181367934567e-02 3.953095987947232923e-03 2.614065010378538358e-03 9.999887697850569079e-01 3.728405741804414336e-02
9.999698912556211905e-01 2.753813119582986663e-03 -7.254867023149175198e-03 3.963316040903773541e+00 -2.771395671990285747e-03 9.999932444767729578e-01 -2.414615258423633351e-03 -4.099202489975737468e-02 7.248168613549099693e-03 2.434648664458865727e-03 9.999707678415555856e-01 9.649772721500839145e-03
9.999528313447183514e-01 2.061764424937121299e-03 -9.491270364777109128e-03 4.060183211034714468e+00 -2.084404539319185436e-03 9.999950047189651858e-01 -2.376088136663281978e-03 -4.830174031701747750e-02 9.486324019223571491e-03 2.395759706813291832e-03 9.999521338504305801e-01 -7.285830676546419665e-03
9.999590042143300384e-01 2.254176321289138619e-03 -8.769753690835390553e-03 4.181840780410563063e+00 -2.276478194543879452e-03 9.999941984976911113e-01 -2.533893839567019808e-03 -3.492545183172361678e-02 8.763990969595293959e-03 2.553754113646969533e-03 9.999583345331003459e-01 1.251371509139088262e-02
9.999632189969579477e-01 4.569784456317881396e-03 -7.257942081937990113e-03 4.334057434458656211e+00 -4.586556471098710702e-03 9.999868461109392426e-01 -2.295888680698104922e-03 -5.574746921511791048e-02 7.247354895366544918e-03 2.329093196832328176e-03 9.999710251661800831e-01 4.016141238860611307e-02
9.999333957771339154e-01 9.460449705417326230e-03 -6.610892600914620304e-03 4.472813782475919986e+00 -9.474975882312374267e-03 9.999527580327005616e-01 -2.169454960343599262e-03 -5.112738711253880103e-02 6.590056269802049144e-03 2.231948513436145688e-03 9.999757944891437544e-01 5.134304095818780639e-02
9.998363022779456211e-01 1.667936639290506021e-02 -7.011945799544685130e-03 4.604015213411200236e+00 -1.669610894179006030e-02 9.998578814342119481e-01 -2.335996595286558234e-03 -4.278695785411842922e-02 6.971986328758908447e-03 2.452686408928308245e-03 9.999726874950191080e-01 5.003402917594942240e-02
9.996494242436620992e-01 2.527209478789493174e-02 -7.896191129053467886e-03 4.723094874505529006e+00 -2.529683659491056835e-02 9.996753330131448179e-01 -3.049364417120973766e-03 -7.240210053851796335e-02 7.816563669879652079e-03 3.248044040597940219e-03 9.999641751294418013e-01 5.272406304955440381e-02
9.993499099567632049e-01 3.521761368541571208e-02 -7.712143392989973326e-03 4.842795738573202335e+00 -3.523662730179295127e-02 9.993762494486750914e-01 -2.343530305745388561e-03 -1.069785483304504098e-01 7.624799394328894003e-03 2.613756722464372247e-03 9.999675148273527991e-01 4.661207976258641833e-02
9.987016251038158821e-01 5.036703294423545280e-02 -7.630596791297955886e-03 4.978450656994374057e+00 -5.038110988529550388e-02 9.987286795917974525e-01 -1.663829183083922721e-03 -1.161655071937878897e-01 7.537093718592445882e-03 2.046106844473833536e-03 9.999695023674762817e-01 5.124083638122126083e-02
9.975585251387232288e-01 6.944024349005428753e-02 -7.418996367243984973e-03 5.090223466231675431e+00 -6.945121828227288074e-02 9.975845884613988579e-01 -1.231723755369959180e-03 -1.298712889345973176e-01 7.315545240328328973e-03 1.743974868922037753e-03 9.999717202748752420e-01 5.568740910668583399e-02
9.958031665800753940e-01 9.120496548965087436e-02 -7.596558373790201699e-03 5.207969903305358805e+00 -9.121646592402773979e-02 9.958303882905630289e-01 -1.180720710957739849e-03 -1.664504454569543102e-01 7.457196083347607599e-03 1.868696630861116804e-03 9.999704486630973665e-01 6.357544492677508208e-02
9.932760692154964932e-01 1.155319482077541565e-01 -7.417497363202229903e-03 5.321454201183089872e+00 -1.155444697678732896e-01 9.933014822837962221e-01 -1.280936717566648125e-03 -1.829646203025943052e-01 7.219822011193604075e-03 2.129374587574200083e-03 9.999716695656895027e-01 6.111929236438590207e-02
9.896920177824309883e-01 1.430199694045365399e-01 -7.416083148526699149e-03 5.429085928050770171e+00 -1.430322820901382408e-01 9.897173501256102401e-01 -1.154617004626889943e-03 -2.511381264717100215e-01 7.174692873395342035e-03 2.203454529979084146e-03 9.999718338884884261e-01 5.885427854300099432e-02
9.847584200875273419e-01 1.737520964227121101e-01 -7.814285343488429347e-03 5.583806410309119173e+00 -1.737642906497492423e-01 9.847868567925879280e-01 -9.044244381898071655e-04 -2.798625619192859348e-01 7.538259859302945051e-03 2.248483330486342191e-03 9.999690590018304182e-01 4.982932060001359076e-02
9.783692557425528458e-01 2.067350595378634193e-01 -7.363054776339612341e-03 5.739963833001826998e+00 -2.067466051768317437e-01 9.783941662255671856e-01 -8.347117062297507032e-04 -3.330139768635223541e-01 7.031405664485615090e-03 2.338942849522868822e-03 9.999725439634470359e-01 5.487400488088473721e-02
9.705875940852289885e-01 2.406379320200955352e-01 -7.287515416019309765e-03 5.833212504958084743e+00 -2.406550267246865826e-01 9.706094692879476682e-01 -1.554426167112111937e-03 -4.199551760414662605e-01 6.699277572038455676e-03 3.262483970919161091e-03 9.999722375537993813e-01 6.179332129211476815e-02
9.617086596995050307e-01 2.739578163771949626e-01 -7.972998483671344533e-03 5.941551038103369820e+00 -2.739858866526940773e-01 9.617300601805344185e-01 -2.650520756857629046e-03 -4.967399317829820360e-01 6.941741432709406037e-03 4.733517823412547801e-03 9.999647023944879809e-01 6.363729984933093331e-02
9.517812326950980673e-01 3.066619690132224019e-01 -8.421511166816362387e-03 6.043311203491164463e+00 -3.066932389267564840e-01 9.518046358692077158e-01 -2.681852811061403562e-03 -5.491421449493119056e-01 7.193211105956379657e-03 5.135357710827593083e-03 9.999609421448254487e-01 6.843790545030353778e-02
9.404012941987627272e-01 3.399728795093635569e-01 -7.990435995863014174e-03 6.206877689084300265e+00 -3.399988699851356766e-01 9.404234646587840141e-01 -2.115544374320870325e-03 -6.014525504136081224e-01 6.795165790696056085e-03 4.706199876828234471e-03 9.999658381187810363e-01 6.507165296287920064e-02
9.275906587667088754e-01 3.735115456321842498e-01 -8.043323206222460775e-03 6.349801110254087000e+00 -3.735385660272223518e-01 9.276122419231801475e-01 -2.113841190310113138e-03 -6.793716115759370622e-01 6.671540981623051182e-03 4.965270758793778605e-03 9.999654177156439561e-01 5.715883935445154745e-02
9.140158824486049882e-01 4.056013954562931456e-01 -7.904089802473745000e-03 6.445265423411320249e+00 -4.056315172951210357e-01 9.140329755651479537e-01 -2.606099840644590139e-03 -7.686970706835720701e-01 6.167560989225352557e-03 5.588164585010251678e-03 9.999653662042575775e-01 6.780914823020796345e-02
8.986359787370075125e-01 4.386095761615055322e-01 -8.661259654643576472e-03 6.539181724497360015e+00 -4.386483907851488340e-01 8.986532412612785459e-01 -3.152971962728723637e-03 -8.633727680602909516e-01 6.400545365829435861e-03 6.632621655338806661e-03 9.999575197722136988e-01 7.598293612048473422e-02
8.818945443224092129e-01 4.713700081669099928e-01 -8.504592588565274697e-03 6.626516578130458690e+00 -4.714072277116548859e-01 8.819106700616018424e-01 -2.965753312118487965e-03 -9.859106820023594286e-01 6.102323785428200552e-03 6.624608080756051731e-03 9.999594372834300637e-01 7.525329532764538087e-02
8.641195304949579326e-01 5.032170881295078280e-01 -8.366554346463495051e-03 6.727243087811033639e+00 -5.032548385314713491e-01 8.641323983146090848e-01 -3.125008432687218819e-03 -1.096980461925904482e+00 5.657253029161997578e-03 6.910889776340727736e-03 9.999601167499948540e-01 6.560769325998742907e-02
8.447774052477534656e-01 5.350499956251182354e-01 -8.522779149664384477e-03 6.844302076028603743e+00 -5.350904657150943322e-01 8.447881819111493495e-01 -3.334846931760270319e-03 -1.183691532289975701e+00 5.415633266426455109e-03 7.377661202291684039e-03 9.999581196387715698e-01 7.140315694866858354e-02
8.238861600188115419e-01 5.666949249478597794e-01 -8.273896772182834369e-03 6.955257600891717296e+00 -5.667331015097961666e-01 8.238953351564475280e-01 -3.173067999910066973e-03 -1.285761222193704034e+00 5.018663422103936469e-03 7.303337989195544076e-03 9.999607363650191427e-01 7.586654738359167871e-02
8.014790986696931352e-01 5.979709250176370450e-01 -7.875736738090133651e-03 7.071658209434815490e+00 -5.980053756729084569e-01 8.014867541900352332e-01 -2.924640871205142368e-03 -1.377088721566348539e+00 4.563448467968148937e-03 7.053771436148559455e-03 9.999647090005761019e-01 7.087297363380727633e-02
7.778454267366539110e-01 6.284145243578626028e-01 -7.188719006482742827e-03 7.165227568262570124e+00 -6.284437886926189654e-01 7.778501185347850289e-01 -2.756365194958345678e-03 -1.511575827222079615e+00 3.859606008359549832e-03 6.661731869595090109e-03 9.999703619457718240e-01 6.950367831016662779e-02
7.534283790337601427e-01 6.574784745032578037e-01 -8.230020135435348050e-03 7.256429399120425394e+00 -6.575170963657561707e-01 7.534329556021370777e-01 -3.170078764459695851e-03 -1.635984486622756418e+00 4.116509845194019773e-03 7.799806247399369494e-03 9.999611079283020620e-01 6.157751637531116984e-02
7.279610528840583239e-01 6.855670656640264760e-01 -8.396663667765966177e-03 7.337634208221152754e+00 -6.856088997012914632e-01 7.279610389863415687e-01 -3.627997837713463260e-03 -1.763597012410229814e+00 3.625208175769127107e-03 8.397868464221814808e-03 9.999581659604265260e-01 7.363487836869757330e-02
7.011088275581847107e-01 7.130090597437704902e-01 -8.030731180410631900e-03 7.397169840519123518e+00 -7.130487227748888435e-01 7.011033737880189021e-01 -3.946924392155997871e-03 -1.912887443374945651e+00 2.816179874839631544e-03 8.493526144185567506e-03 9.999599637708255218e-01 7.607204192235667017e-02
6.730869423360452686e-01 7.395202101372334580e-01 -7.989171126917325380e-03 7.457787654399792743e+00 -7.395588118760790808e-01 6.730814244263439994e-01 -3.762960090936308920e-03 -2.044706659555217243e+00 2.594577644904091322e-03 8.441261208238539510e-03 9.999610058777586019e-01 7.068162469524690017e-02
6.448733927587397829e-01 7.642380437329808762e-01 -8.861141180383327529e-03 7.548662114637473941e+00 -7.642853980772551514e-01 6.448642431526301344e-01 -4.235349935648590955e-03 -2.184314081177104239e+00 2.477417551411816368e-03 9.503705296990244342e-03 9.999517698308773017e-01 6.742904340127782448e-02
6.175645840170093104e-01 7.864449558614947655e-01 -1.087731437027776235e-02 7.633794243488683406e+00 -7.865191656558105926e-01 6.175268798984120400e-01 -6.939355807246065481e-03 -2.307261724315229134e+00 1.259612633214947939e-03 1.284071660553476150e-02 9.999167612221881996e-01 7.197235148494131318e-02
5.910575894274646691e-01 8.065638972419650887e-01 -1.027646077438417946e-02 7.714863234217615329e+00 -8.066279593895719913e-01 5.909848443512640825e-01 -9.394087402565374015e-03 -2.485562394326723989e+00 -1.503699175213471387e-03 1.384172723921969599e-02 9.999030680400102788e-01 9.613777232785560012e-02
5.644079030562925148e-01 8.254424250152265774e-01 -9.408610555268431472e-03 7.770531457866775682e+00 -8.254913341238783175e-01 5.643295206474695513e-01 -9.810678476870674652e-03 -2.619978643426660536e+00 -2.788593548379462734e-03 1.330395094621062042e-02 9.999076100496698816e-01 8.742692608087644646e-02
5.365207631391634147e-01 8.438354655612595456e-01 -9.336904282580641215e-03 7.850094838678089104e+00 -8.438852718373371919e-01 5.364635944134653611e-01 -8.028688872311109601e-03 -2.772804039555639477e+00 -1.765983180285458269e-03 1.218683428940403081e-02 9.999241783122405636e-01 7.008575620546907137e-02
5.087072235444760615e-01 8.608955319894620040e-01 -8.708829671765941013e-03 7.909207752946058712e+00 -8.609373931961730175e-01 5.086571042706518053e-01 -7.399680504828936092e-03 -2.916956249063970219e+00 -1.940543802329964488e-03 1.126202804012736529e-02 9.999346983749362039e-01 5.955557533397596442e-02
4.813474640730909249e-01 8.764890703938545968e-01 -8.457441133165731484e-03 7.942790494651238653e+00 -8.765238218669997305e-01 4.812858804514126287e-01 -8.360082402488340850e-03 -3.064250883302519490e+00 -3.257073851231366297e-03 1.143725308913743320e-02 9.999292878557476394e-01 7.908340719901606197e-02
4.542303708220127856e-01 8.908403396378015149e-01 -8.846439786904372604e-03 7.993915825236528327e+00 -8.908740257052067957e-01 4.541551522269490215e-01 -9.304194189461285208e-03 -3.219009398678815970e+00 -4.270895303707656493e-03 1.210731100299722307e-02 9.999175828404966992e-01 9.163274474854224416e-02
4.265926066021092367e-01 9.043926605813932262e-01 -9.626187143784272274e-03 8.048034417200339519e+00 -9.044323981154993586e-01 4.265093748827976650e-01 -9.580729415469793619e-03 -3.397456213685029702e+00 -4.559082305166889913e-03 1.279330385765615856e-02 9.999077688191748692e-01 8.865564566339874386e-02
3.999636625958599701e-01 9.164666384891858586e-01 -1.086135991657691952e-02 8.088692783206351322e+00 -9.165181117359785246e-01 3.998671162539281787e-01 -1.004192206125611130e-02 -3.612974021910956957e+00 -4.859985887012164066e-03 1.397103700874808424e-02 9.998905893456935257e-01 7.891568764079290310e-02
3.746578586785963561e-01 9.270969679998072310e-01 -1.107704184036317069e-02 8.113735330742564145e+00 -9.271469732756928428e-01 3.745540329194206874e-01 -1.038105820806305320e-02 -3.762889018542793451e+00 -5.475296895199578684e-03 1.415939085419169567e-02 9.998847597471158810e-01 7.024290132167905487e-02
3.486790345231089994e-01 9.371805208668663179e-01 -1.075184596902760588e-02 8.151198898121197800e+00 -9.372233035827529646e-01 3.485762274563389829e-01 -1.034856868061624462e-02 -3.892322891857991518e+00 -5.950639080251184793e-03 1.368520953495831229e-02 9.998886462674335673e-01 8.239365117547495232e-02
3.227166152296301327e-01 9.464366011108075183e-01 -1.057101379023598318e-02 8.209972208857795550e+00 -9.464732723111818347e-01 3.226120899905419170e-01 -1.047779521169319231e-02 -4.084359817411002957e+00 -6.506232035103125082e-03 1.338654061947813431e-02 9.998892286023229881e-01 9.219530883725307602e-02
2.994568567032828699e-01 9.540496221120834397e-01 -1.071958586796139395e-02 8.250702405094799019e+00 -9.540845530062013191e-01 2.993482180057095987e-01 -1.064472130980495188e-02 -4.268535209573219191e+00 -6.946703415774422956e-03 1.341502607516218033e-02 9.998858836822610563e-01 8.155767124457753703e-02
2.777293984240674085e-01 9.605999585515063721e-01 -1.068180143281765616e-02 8.283774726125379573e+00 -9.606302757087841204e-01 2.776173210692953752e-01 -1.086721831811834557e-02 -4.425180432865515101e+00 -7.473596367981650244e-03 1.327940786150812180e-02 9.998838946018563378e-01 7.148351192783564123e-02
2.568684487734310129e-01 9.663907326561044231e-01 -1.037072134083632385e-02 8.298598398389650299e+00 -9.664150380659149997e-01 2.567589135160674441e-01 -1.080900227149007332e-02 -4.575739148733635631e+00 -7.782944480575756246e-03 1.279891270564147837e-02 9.998878005100200195e-01 7.416145153883826890e-02
2.354536335011454262e-01 9.718283807730172530e-01 -1.054442009803189736e-02 8.348895889812553150e+00 -9.718543340014058618e-01 2.353452032415877804e-01 -1.057302198332218252e-02 -4.749998964682869307e+00 -7.793584142893511361e-03 1.273709681486452118e-02 9.998885069901225497e-01 8.022703312705817269e-02
2.151736393188616592e-01 9.765217181567314997e-01 -1.027807912507786720e-02 8.336876139106539796e+00 -9.765440434265700853e-01 2.150698404877023628e-01 -1.032932527705928208e-02 -4.954333441036527397e+00 -7.876305629003210740e-03 1.225959545903491758e-02 9.998938274281021776e-01 8.904779072436275200e-02
1.970856319606993923e-01 9.803313008931023864e-01 -1.038239682776937768e-02 8.335328453373611168e+00 -9.803522560845753242e-01 1.969795162116185772e-01 -1.041749408062943132e-02 -5.141249078454374732e+00 -8.167476019858592104e-03 1.223154455799673954e-02 9.998918349767592639e-01 8.354284860804224444e-02
1.791079941584142188e-01 9.837742475729734926e-01 -1.041903262206005792e-02 8.393759795743656937e+00 -9.837935871129287468e-01 1.790010421700928833e-01 -1.043095669136367108e-02 -5.321925759099523923e+00 -8.396688872759622627e-03 1.211844520764652350e-02 9.998913135444889022e-01 7.600318730324301386e-02
1.622414509596568077e-01 9.867013781234376113e-01 -9.904645365408019930e-03 8.427134566865687404e+00 -9.867169338050926219e-01 1.621441465289672479e-01 -9.948280689119154419e-03 -5.489689265652635264e+00 -8.210001996466478533e-03 1.138710479893884769e-02 9.999014600006922437e-01 6.728339606476932411e-02
1.455794140122666225e-01 9.893064841329879400e-01 -8.905878298723624714e-03 8.438864323077082119e+00 -9.893121201260721698e-01 1.454933268411568170e-01 -9.655092767496471426e-03 -5.661411812310050529e+00 -8.256100017666006402e-03 1.021627608862125426e-02 9.999137285363070005e-01 7.900329185658391817e-02
1.308040654040170392e-01 9.913610692819488923e-01 -9.670924771331006892e-03 8.402887739081563723e+00 -9.913678983640660247e-01 1.307045219985225881e-01 -1.029650534661948925e-02 -5.877991312740135754e+00 -8.943520950771508340e-03 1.093426912458343031e-02 9.999002226180941921e-01 8.292855796514465860e-02
1.163426314124549332e-01 9.931504756897751029e-01 -1.079466318138026966e-02 8.416001650514344234e+00 -9.931657425606448264e-01 1.162290797715775925e-01 -1.061173027434351296e-02 -6.086903371596414480e+00 -9.284391201839884561e-03 1.195548629818392501e-02 9.998854266501663313e-01 8.432698392871942894e-02
1.020626612339736727e-01 9.947108396879924541e-01 -1.155675512628065796e-02 8.472235965098947830e+00 -9.947369234161438367e-01 1.019460252506831921e-01 -1.026942686679134346e-02 -6.258464009654543858e+00 -9.036944971860669945e-03 1.254405607436256086e-02 9.998804829992327114e-01 7.610369400666505690e-02
8.949218434844255499e-02 9.959236928467291028e-01 -1.127594639395044195e-02 8.515103569402432626e+00 -9.959523962782531603e-01 8.938820788430337783e-02 -9.411303779960742896e-03 -6.435503394802709387e+00 -8.365003774686175647e-03 1.207254396419550971e-02 9.998921343795449390e-01 6.547216076859760370e-02
7.851798473031666725e-02 9.968556420518395189e-01 -1.066559812222509299e-02 8.524141323355939548e+00 -9.968798797011733104e-01 7.842409744417998263e-02 -8.953568397033371748e-03 -6.625670058789682848e+00 -8.088975266641918599e-03 1.133533631970492020e-02 9.999030346136843495e-01 5.836696824232291692e-02
7.038018566638379325e-02 9.974634693665543894e-01 -1.064221522062730810e-02 8.476010622043203213e+00 -9.974841967535693632e-01 7.028294440211077521e-02 -9.251213599113060695e-03 -6.836764718864523971e+00 -8.479781391755713410e-03 1.126654363177099355e-02 9.999005742083266757e-01 6.842561090618419495e-02
6.270188158630383979e-02 9.979686902599083087e-01 -1.126797703496631997e-02 8.455849968453369669e+00 -9.979968828094707423e-01 6.260054407596814252e-02 -9.132019709377957317e-03 -7.012931513608764433e+00 -8.408088255771181338e-03 1.181800077492629712e-02 9.998948139227280540e-01 6.887057334645588225e-02
5.628885913966142490e-02 9.983373097426174736e-01 -1.241693652349943472e-02 8.458068199760141681e+00 -9.983794038501939694e-01 5.617821122221212243e-02 -9.087054066307352629e-03 -7.215788925556686273e+00 -8.374383827293043966e-03 1.290831359030992533e-02 9.998816155604459688e-01 6.027776003674438499e-02
4.999641549003169816e-02 9.986725166493186645e-01 -1.239205097893506316e-02 8.490598890455151704e+00 -9.987117350083560829e-01 4.988293051951703250e-02 -9.303956114690396448e-03 -7.392304421111708379e+00 -8.673453449876146124e-03 1.284125118909531724e-02 9.998799295281165511e-01 5.525489346793785450e-02
4.471468048864931516e-02 9.989321520521263764e-01 -1.162552989352166714e-02 8.528075890003133708e+00 -9.989605212572569837e-01 4.460670283548170273e-02 -9.387173780021879077e-03 -7.599986094612948939e+00 -8.858573148499223129e-03 1.203318987858933466e-02 9.998883577795665278e-01 5.981039148940629768e-02
4.145607055023987214e-02 9.990964670081127208e-01 -9.361828156965601097e-03 8.571902275062557308e+00 -9.990994555190318982e-01 4.136780392470879725e-02 -9.433068430830591003e-03 -7.799177918491103867e+00 -9.037267070714439382e-03 9.744455364660826666e-03 9.999116827968052013e-01 6.100006032366888514e-02
4.186026774897413927e-02 9.990855253676628189e-01 -8.708098805443743873e-03 8.563462508416673558e+00 -9.990829483173989667e-01 4.177847895947620072e-02 -9.371290052396917536e-03 -7.994141217132017196e+00 -8.998909122651456080e-03 9.092397739528589734e-03 9.999181706209505638e-01 4.946030597489954606e-02
4.261561112935199902e-02 9.990504345281980836e-01 -9.063054512188695178e-03 8.545058315794374693e+00 -9.990530601393636800e-01 4.253259919885990503e-02 -9.163025240750133360e-03 -8.155492796444436365e+00 -8.768849083279923323e-03 9.444960265040226385e-03 9.999169465567360193e-01 5.209210427320824094e-02
4.226807740614926812e-02 9.990443159813912066e-01 -1.112943563988028420e-02 8.504665366399532189e+00 -9.990657490847484334e-01 4.216337109379533765e-02 -9.480461156375921683e-03 -8.356760983536783982e+00 -9.002146306210941085e-03 1.151975882045118069e-02 9.998931225479051887e-01 6.705805019689373148e-02
4.065559061990500767e-02 9.991019571425290291e-01 -1.193323867670305349e-02 8.506055089459543694e+00 -9.991279912464037238e-01 4.053721557318659685e-02 -9.999563065426661859e-03 -8.599636465114320671e+00 -9.506842760514118418e-03 1.232937093048412126e-02 9.998787959313795159e-01 8.102438402884695745e-02
