1.000000000000000000e+00 0.000000000000000000e+00 0.000000000000000000e+00 0.000000000000000000e+00 0.000000000000000000e+00 1.000000000000000000e+00 0.000000000000000000e+00 0.000000000000000000e+00 0.000000000000000000e+00 0.000000000000000000e+00 1.000000000000000000e+00 0.000000000000000000e+00
9.999999997699078325e-01 2.499832107602572335e-06 3.201900027358512275e-05 3.220839819384448068e-04 -2.499441560551469417e-06 9.999999998454385253e-01 -2.778261772190895952e-05 -1.157096106950950654e-04 -3.201899170861600849e-05 2.778262059404490940e-05 9.999999996047947981e-01 -5.934468384716540560e-04
1.000000000190800264e+00 2.699693091306375748e-05 2.391700307536897446e-05 -2.944398261278785805e-04 -2.699984401429607870e-05 9.999999988014022234e-01 5.714777122391362981e-05 -6.227113524917685973e-04 -2.391534686824602722e-05 -5.714826859454110824e-05 9.999999996945287961e-01 -1.087485206474402260e-03
1.000000001591785370e+00 5.788998895020178745e-06 1.369822191144100850e-05 -1.763192669876975085e-03 -5.790252287390642803e-06 1.000000003193024289e+00 4.461117902114989763e-05 -5.286633293101117488e-05 -1.370060589686796393e-05 -4.461060046657425111e-05 1.000000003250589131e+00 -1.777566102171339703e-03
1.000000001679411277e+00 1.554963884207964252e-05 -1.449723113416134913e-05 -9.219736392881261022e-04 -1.554938887598071267e-05 1.000000007682903869e+00 -3.727903161281159131e-05 2.183766668547961528e-04 1.449483862412971128e-05 3.727977139968465523e-05 1.000000007954317205e+00 -1.403817688660279756e-03
1.000000002285734046e+00 2.472641116739097058e-05 1.960773801161973275e-05 -6.894852330131690790e-04 -2.472349327879648888e-05 1.000000009187271388e+00 -1.260161787450741087e-05 -1.888110730392119317e-04 -1.961000521930581262e-05 1.260180724731308277e-05 1.000000010405100337e+00 -1.171474710994503980e-03
1.000000001956450335e+00 2.226110916462423531e-05 3.692226109125768701e-05 -5.297915102606406490e-04 -2.225700888687368647e-05 1.000000008612027314e+00 -4.832546856439044909e-05 -4.913590709789523395e-04 -3.692537720472810828e-05 4.832527082209227309e-05 1.000000009336476481e+00 -9.824552887107208289e-04
1.000000003828507067e+00 1.780916514747720437e-05 -1.824701880456027501e-05 -8.849300286602014088e-04 -1.780838457498888194e-05 1.000000008920194139e+00 -4.912032182116288941e-05 -5.254099843740546102e-05 1.824423177510965384e-05 4.912173419678898334e-05 1.000000011215794071e+00 -1.586175375464879888e-03
1.000000003219063904e+00 4.021345785290438262e-05 -2.671491778156268127e-05 -3.451021293482464322e-04 -4.021433171972310617e-05 1.000000004787042540e+00 -1.077813334138148305e-04 2.588746740674290189e-04 2.670943669073788294e-05 1.077834029624729544e-04 1.000000007441584682e+00 -1.471885659222214177e-03
1.000000002518558251e+00 4.164398033724144661e-05 4.797422519751051305e-05 -6.808712110529829180e-04 -4.164033583618161917e-05 1.000000010407571471e+00 -2.920710730065041041e-05 2.968168737956720341e-04 -4.797645451322524993e-05 2.920604325653216007e-05 1.000000012445303899e+00 -6.744415208496408855e-04
1.000000003051512376e+00 3.683161400238880892e-05 4.384966240773325880e-05 -6.918414557720084642e-04 -3.682990189418864084e-05 1.000000011644532005e+00 3.247348511796521537e-06 2.104761081483954536e-04 -4.385019561023086206e-05 -3.247879468968733284e-06 1.000000013704934743e+00 -9.798755182869342637e-04
1.000000004594427949e+00 3.654435753977618851e-05 1.078044470656843313e-05 -8.956630085198549534e-04 -3.654070409301733469e-05 1.000000011524967647e+00 -4.237337351881001398e-05 1.765928407901402484e-04 -1.078273979052143924e-05 4.237414250632314601e-05 1.000000015090031225e+00 -1.289910079864366220e-03
1.000000004423138966e+00 3.894031039065668209e-05 -4.742189184112883231e-05 -1.875676414219930440e-03 -3.893937102593178078e-05 1.000000010085160929e+00 -7.258707832525676366e-05 2.542164063826387625e-05 4.741835661135373380e-05 7.259005310708514379e-05 1.000000013650491626e+00 -1.133714394441476302e-03
1.000000005388079538e+00 2.028536339413044369e-05 -4.590316623010474501e-05 -8.308832178420178958e-04 -2.028405115351428331e-05 1.000000011084384077e+00 -7.019334618579798832e-05 -1.459615631236282202e-04 4.590120706108840855e-05 7.019518711246038772e-05 1.000000014061857012e+00 -5.696077119565010202e-05
9.999999995546881015e-01 -9.066767337903436775e-05 -7.931421008590740392e-05 -2.437825047833841723e-03 9.066405249672002239e-05 1.000000004576940382e+00 -1.020800342201594600e-04 6.713353651944800257e-04 7.932301226556712844e-05 1.020738688921650966e-04 1.000000009433338999e+00 -4.678624802189320980e-04
1.000000004765827510e+00 -6.142187017487655220e-05 -6.563327300972019102e-05 -6.047003953008876255e-03 6.142497346611984737e-05 1.000000014536174486e+00 -4.281711064670087430e-05 1.003457317084016946e-03 6.563214934356280980e-05 4.281558290186617525e-05 1.000000016942881098e+00 -5.921562141658478573e-04
9.999999721849522905e-01 8.070716692539612485e-05 -2.617563634058903198e-04 -8.140879005057480647e-03 -8.070464794299934920e-05 1.000000014441508212e+00 -1.048408185293869117e-05 6.753609402157621918e-04 2.617515747135033583e-04 1.050750322663953892e-05 9.999999865291786527e-01 -1.795802805268640386e-03
9.999985955480342747e-01 7.949045009030629287e-05 -1.684141084961144567e-03 -5.138369301948213230e-03 -7.986878437616897137e-05 9.999999887433912438e-01 -2.282134932860021117e-04 3.287217509003004072e-04 1.684118905306382450e-03 2.283490264821073381e-04 9.999985838600704557e-01 -4.070816814205567222e-03
9.999882251698470892e-01 2.303960018383977891e-05 -4.856523583717011969e-03 1.091335363044995330e-02 -2.447658990672409968e-05 9.999999737590785642e-01 -2.969004526028210596e-04 -4.656120962417113914e-04 4.856512501118187206e-03 2.970169231879662758e-04 9.999881926889098160e-01 -5.356850365937110281e-03
9.999719165300624546e-01 -7.956650893999446406e-06 -7.497125387201511622e-03 4.279560317050748464e-02 7.909961554729472136e-06 1.000000018214979525e+00 -6.869720014878505753e-06 -1.288609124714373833e-03 7.497121433379244637e-03 6.811327466743762491e-06 9.999719280121439624e-01 -2.984765678940167442e-03
9.999625592155866327e-01 -5.112038983595006586e-05 -8.655888279182621936e-03 9.123991209729973018e-02 4.870850886254610986e-05 9.999999810882398421e-01 -2.787379184461939198e-04 -1.221367494425147204e-03 8.655897266219418976e-03 2.783060713228251702e-04 9.999625358224639715e-01 -3.047802081731945060e-03
9.999422870294537580e-01 1.713649503411044165e-04 -1.074450870024358518e-02 1.665939144858320231e-01 -1.783061606864108563e-04 9.999997973488355951e-01 -6.449430511115027609e-04 -3.167551230126452620e-04 1.074439086753174386e-02 6.468218830949153423e-04 9.999421079727096595e-01 -6.669431014027717326e-03
9.999087740785176370e-01 3.291322465261986986e-04 -1.350529649373851532e-02 2.729334748650089626e-01 -3.374881646648009376e-04 9.999997744363892105e-01 -6.163627712107140697e-04 -9.352617571390582120e-04 1.350508544241743429e-02 6.208643692937340988e-04 9.999086526417945153e-01 -4.679466041816097641e-03
9.998892412978875877e-01 2.186517191707133692e-04 -1.488346115384700172e-02 4.093833811825373648e-01 -2.259543909101292163e-04 9.999998769483484651e-01 -4.890124190628698407e-04 -1.284405466005909824e-03 1.488334740133872430e-02 4.923210172117807116e-04 9.998891606694759737e-01 1.098389072069879324e-04
9.998954269005102535e-01 6.492227015589745144e-04 -1.444937030209942665e-02 5.737307919308025639e-01 -6.539983452523158132e-04 9.999997552148899294e-01 -3.259190388977850389e-04 -2.235193066872630165e-03 1.444915014232351150e-02 3.353348316652910084e-04 9.998955997061604872e-01 -6.877696305686375284e-04
9.999048067972854392e-01 1.504146759542330332e-03 -1.371833616196107761e-02 7.676200092302529754e-01 -1.518926448572743924e-03 9.999982991978971780e-01 -1.067179739229474423e-03 -2.862456141338837971e-03 1.371670261601048123e-02 1.087915358034909291e-03 9.999053838003051364e-01 -3.351589417319582407e-03
9.999056759047332266e-01 2.219101505158488190e-03 -1.355705019197133050e-02 9.861720055512124272e-01 -2.243032622259460811e-03 9.999959747533858634e-01 -1.750405066383138803e-03 -3.157573987201634132e-03 1.355310623040828499e-02 1.780648832179271366e-03 9.999066214989762447e-01 7.643167669965024620e-04
9.998943947192751036e-01 2.709142369024602863e-03 -1.428079123617524010e-02 1.227818032961333516e+00 -2.725067216622734795e-03 9.999957095255316286e-01 -1.095799415998998001e-03 -3.058491990786552615e-03 1.427775619000063410e-02 1.134599737607646210e-03 9.998974802386395577e-01 6.887284915640717355e-03
9.998736862142243442e-01 2.933022317898512175e-03 -1.562343711585827480e-02 1.496616760054027440e+00 -2.929108604920712625e-03 9.999956964300040774e-01 2.734580523034848632e-04 -1.882796456707854426e-03 1.562416690511475408e-02 -2.276607158533240454e-04 9.998779672672352126e-01 5.269385478124954253e-03
9.998630955069323090e-01 3.385428206532369120e-03 -1.619914680895017181e-02 1.790334383619885505e+00 -3.376475772605496382e-03 9.999941580842223177e-01 5.799791269544374121e-04 -2.686319480330121110e-03 1.620100962107938122e-02 -5.252034461103700187e-04 9.998686779524154078e-01 7.160325897505227626e-03
9.998765838702726727e-01 4.592006031436127178e-03 -1.502735051946040359e-02 2.113591165089822255e+00 -4.586190915796881443e-03 9.999894212489373047e-01 4.214262519956124466e-04 -6.489979131252899928e-03 1.502912071084882596e-02 -3.524554829949933378e-04 9.998870589650415974e-01 1.139123547014424254e-02
9.998940749793737703e-01 5.571551432051293287e-03 -1.344970001499216222e-02 2.461341231134667851e+00 -5.577423883264115249e-03 9.999843951865798886e-01 -3.987471676619517820e-04 -6.806544554837670909e-03 1.344726257686953454e-02 4.737202237738103654e-04 9.999095394217107913e-01 1.338791313426282784e-02
9.998978041304016351e-01 6.202486293808811592e-03 -1.288442934076630686e-02 2.826009086109809942e+00 -6.219817448292787321e-03 9.999798373249046968e-01 -1.304986122229326220e-03 -8.477674004662838839e-03 1.287606885439568534e-02 1.384992071162291808e-03 9.999162144921190931e-01 1.543869307880574825e-02
9.998903599038572176e-01 6.842392560564826420e-03 -1.313587660171194015e-02 3.210874074303997627e+00 -6.857776541858131604e-03 9.999758835027592330e-01 -1.125917906456689373e-03 -1.120197640611113148e-02 1.312784928812062678e-02 1.215877785680241760e-03 9.999131622778252293e-01 2.334943611794156049e-02
9.998896354893116456e-01 7.286937716028005392e-03 -1.295078051623813412e-02 3.621645385725872135e+00 -7.302718162770234500e-03 9.999726831836848184e-01 -1.171190756921274695e-03 -1.548262310624483676e-02 1.294188484050184940e-02 1.265639665376862375e-03 9.999155269739987695e-01 2.720381703591830125e-02
9.998915428680242856e-01 7.659310815374594135e-03 -1.258344385334053336e-02 4.054378599971795616e+00 -7.679411146395919395e-03 9.999693475933822961e-01 -1.549373299656360862e-03 -2.035397934222971106e-02 1.257118298503802530e-02 1.645840910305929137e-03 9.999197034074124302e-01 3.207139800497592341e-02
9.998864045086036656e-01 8.075304355400221568e-03 -1.273096343931720900e-02 4.503653676778349713e+00 -8.107525048115160268e-03 9.999640913786280727e-01 -2.481047693362212810e-03 -2.485671404210870045e-02 1.271046267832927866e-02 2.583985295688157567e-03 9.999159612250798634e-01 3.385316930082197390e-02
9.998824365398846226e-01 7.446022882625733842e-03 -1.340829751395077041e-02 4.969078896027839143e+00 -7.491224799140567409e-03 9.999664520728843708e-01 -3.323873992066247052e-03 -2.812796610481062970e-02 1.338308960108341647e-02 3.423931242481156531e-03 9.999046627457129910e-01 4.085536597280523680e-02
9.998948288899049963e-01 5.276850267944512528e-03 -1.351297361240314139e-02 5.451152687472917258e+00 -5.329192402910249392e-03 9.999784628764875061e-01 -3.840105908525264043e-03 -2.900457265066364032e-02 1.349241093006628076e-02 3.911719565114516947e-03 9.999014049595443820e-01 5.075524073519126211e-02
9.999264790513018308e-01 1.975722133359099006e-03 -1.196878148652242083e-02 5.947281152801302540e+00 -2.023587288172269336e-03 9.999900366349844250e-01 -3.988073587398034692e-03 -2.652454579926395023e-02 1.196077498700363721e-02 4.012004178119939375e-03 9.999205039893727109e-01 5.750313208388521669e-02
9.999495412179458809e-01 -1.964763440127284023e-03 -9.858134951612963076e-03 6.450177363690765553e+00 1.924034911345830212e-03 9.999896201748178504e-01 -4.138953310678115949e-03 -2.299185885523763462e-02 9.866156813445121215e-03 4.119780653618941059e-03 9.999429316711790916e-01 5.603247299621304939e-02
9.999375406205823769e-01 -6.946696117041291189e-03 -8.762966841308023752e-03 6.955182431653954112e+00 6.908699430174507043e-03 9.999666727868340432e-01 -4.358742802988950157e-03 -1.643042013260110831e-02 8.792946744626795388e-03 4.297932084138979605e-03 9.999521968034651431e-01 5.966971201245523104e-02
9.998609790043290202e-01 -1.367252536358636895e-02 -9.551000871459068564e-03 7.462554613080828680e+00 1.362285175513533973e-02 9.998934770974973185e-01 -5.246966616053734545e-03 -4.358252798794983243e-03 9.621715654660507530e-03 5.116127879404467477e-03 9.999407183535462540e-01 7.008336097585560198e-02
9.996975478582607044e-01 -2.196057080594385549e-02 -1.107660026173852043e-02 7.973862483557594416e+00 2.190113593969367570e-02 9.997452758922422689e-01 -5.459118518318074875e-03 1.472384928982618107e-02 1.119365701661406524e-02 5.214880303909135567e-03 9.999238508803514058e-01 8.462533604594402181e-02
9.994348527504537394e-01 -3.119232282168438522e-02 -1.253649403972410988e-02 8.488852931122378820e+00 3.114277569384437186e-02 9.995064614685875704e-01 -4.128178523568895412e-03 3.856932974764269717e-02 1.265906712654020320e-02 3.735427346659991876e-03 9.999129973098805912e-01 9.481141420341128445e-02
9.990394668252965404e-01 -4.194131286524995644e-02 -1.269731858991717845e-02 9.019431739340971532e+00 4.188917433340577645e-02 9.991128580773647183e-01 -4.344753489388473132e-03 6.775430480005542599e-02 1.286827197809489211e-02 3.808702581280093251e-03 9.999100505706063347e-01 9.154241129059136062e-02
9.984165991688959130e-01 -5.535702874715699162e-02 -1.000245683947424864e-02 9.569618507862568180e+00 5.529350095174391522e-02 9.984488982862217421e-01 -6.519913781871847225e-03 1.019135538552264492e-01 1.034785819898477628e-02 5.956522052549680438e-03 9.999288239326368233e-01 8.993188192044952733e-02
9.973826487223090842e-01 -7.187834587841172851e-02 -7.843295263419742744e-03 1.012539048227021077e+01 7.181181668412149610e-02 9.973823806093541355e-01 -8.457727891495061753e-03 1.490171332773324864e-01 8.430685274780804275e-03 7.872351842855469101e-03 9.999335815693385365e-01 1.046512380792996161e-01
9.958135835126163959e-01 -9.104418510988822322e-02 -8.150450974006847454e-03 1.067812925594242834e+01 9.097814495742291563e-02 9.958196910230403542e-01 -8.136669547931152727e-03 2.144606056863668508e-01 8.857169683936299762e-03 7.361095775300968182e-03 9.999337924679042588e-01 1.247633322620348428e-01
9.936320966251394049e-01 -1.122893928034981725e-01 -9.301452687059759764e-03 1.123427919256078056e+01 1.122404296063033574e-01 9.936651754391453428e-01 -5.629494109749033290e-03 2.977053717177968739e-01 9.874655832060307351e-03 4.549649820880177428e-03 9.999410076599032360e-01 1.349992117068210262e-01
9.907430695254130226e-01 -1.352704208143529763e-01 -1.141291601487232944e-02 1.180230030600435853e+01 1.352236038887787428e-01 9.908036139197751169e-01 -4.781404718145979699e-03 3.921308548885529266e-01 1.195473484193500940e-02 3.193850950184989532e-03 9.999235539183172206e-01 1.316522772607610081e-01
9.871488184067299665e-01 -1.591051561437237805e-01 -1.493099848707383701e-02 1.238060850421504355e+01 1.590437334222596089e-01 9.872577734734142574e-01 -5.221670946196623093e-03 4.953105785248005377e-01 1.557153285098205990e-02 2.779887503607830768e-03 9.998750089635016769e-01 1.342282143534982985e-01
9.829366501836719339e-01 -1.832432963630798162e-01 -1.605034821862322270e-02 1.296599379266607954e+01 1.831667932674312660e-01 9.830628153249800771e-01 -6.125344290531814333e-03 6.134525084725397370e-01 1.690091972983649715e-02 3.080938954085673826e-03 9.998525419435897454e-01 1.443796518154902286e-01
9.777945602868506336e-01 -2.091564653898674297e-01 -1.309782212484453950e-02 1.356038682458662592e+01 2.090901611568850016e-01 9.778763999957718056e-01 -6.256493867147674103e-03 7.550114480344338741e-01 1.411662839901780576e-02 3.378944534512320300e-03 9.998947679201564132e-01 1.579455975652723776e-01
9.711917208378465505e-01 -2.381311943425169497e-01 -8.964858826959125337e-03 1.415089045140931390e+01 2.380723250209077491e-01 9.712211022948151751e-01 -7.157618898168284678e-03 9.178091810159690889e-01 1.041130360230579747e-02 4.817139767776823685e-03 9.999343249913359433e-01 1.724473689209740368e-01
9.628612872180244420e-01 -2.698972291327436657e-01 -7.336698247899763221e-03 1.473176745554049560e+01 2.698395669331044022e-01 9.628723325512436038e-01 -7.973251888656933406e-03 1.099249817629211812e+00 9.216253456489431964e-03 5.697408291693920046e-03 9.999414291550183798e-01 1.865762976022626307e-01
9.526637465925044124e-01 -3.039328583860565480e-01 -7.537029323253908661e-03 1.531164375466025795e+01 3.038721462889416025e-01 9.526773815760524178e-01 -8.223078989868381691e-03 1.302465757421750858e+00 9.679612814680436592e-03 5.543541195348927059e-03 9.999379175760512162e-01 1.932307338587980483e-01
9.402298446210768379e-01 -3.404553557072783621e-01 -7.628654783297522668e-03 1.588619031108541257e+01 3.404079395053140056e-01 9.402528155294389567e-01 -6.868295703680408169e-03 1.532848768271082518e+00 9.511204949048191262e-03 3.860928079079453939e-03 9.999474484021321219e-01 1.984719369346567563e-01
9.253375146969047282e-01 -3.790623253307938700e-01 -7.902155476464983036e-03 1.644727010009292556e+01 3.790557847517990187e-01 9.253708557228716991e-01 -2.364276263173356596e-03 1.790587882456629476e+00 8.208625402761677084e-03 -8.075977207172449577e-04 9.999661186437501792e-01 2.121115301557643384e-01
9.078821957877890592e-01 -4.191611985830482889e-01 -7.349540130820381330e-03 1.699981092994081777e+01 4.191774754174928952e-01 9.079040474281540041e-01 7.652730084354175287e-04 2.072221572011954116e+00 6.351898089662524720e-03 -3.775533003656762580e-03 9.999728366855770156e-01 2.055563780095785720e-01
8.871387397029548705e-01 -4.614755997619292560e-01 -5.034206793083224364e-03 1.754529596371372691e+01 4.614849331581286629e-01 8.871477219161444383e-01 8.228944076315885441e-04 2.383698712906769490e+00 4.086333264203867270e-03 -3.053225559582053560e-03 9.999871317533767234e-01 2.080950244743215438e-01
8.627499171568240310e-01 -5.056307698784363591e-01 -5.694275609892223691e-04 1.807352833542336157e+01 5.056305380381972414e-01 8.627468325508919067e-01 2.400664849213125871e-03 2.722610285386217743e+00 -7.225839162903675318e-04 -2.359086537643778278e-03 9.999970999893675883e-01 2.301498643487644435e-01
8.353511825587082162e-01 -5.497009874787930350e-01 4.177489801409267449e-03 1.857757609951911704e+01 5.496529270370840159e-01 8.353457840899404241e-01 8.898440766624542142e-03 3.084667860405363449e+00 -8.381135462140278797e-03 -5.137146482762372166e-03 9.999518287794898486e-01 2.406907868910184989e-01
8.050579742496435376e-01 -5.931724506065738645e-01 5.322337526037547624e-03 1.906004491527096434e+01 5.930573136641700271e-01 8.050311291587979312e-01 1.442244652505021880e-02 3.475495852970803323e+00 -1.283965013798104605e-02 -8.454447038056523561e-03 9.998819735815263066e-01 2.319033960998624355e-01
7.721342733054418206e-01 -6.354553945824180650e-01 2.310151723777113635e-03 1.952886200334112132e+01 6.353722325551929284e-01 7.720832917313198429e-01 1.377030353054947351e-02 3.888254321583589856e+00 -1.053404754173532104e-02 -9.164708989770222955e-03 9.999026675723765578e-01 2.167447471261033376e-01
7.375707862787072022e-01 -6.752641586049074052e-01 -2.808884810031954914e-03 1.997777165152185574e+01 6.752401799066447552e-01 7.374927749743303007e-01 1.245839516985051097e-02 4.325229339193781719e+00 -6.341179403703299695e-03 -1.108561177365454710e-02 9.999186013265568551e-01 2.265006176630247614e-01
7.020864894676250856e-01 -7.120440584946003959e-01 -8.250072003963193276e-03 2.040142370937670080e+01 7.120765357067333490e-01 7.019484105319850897e-01 1.468133399971933983e-02 4.796606874888861505e+00 -4.662635341393608739e-03 -1.618224032777268451e-02 9.998583453025989831e-01 2.381423247873299676e-01
6.653962811244916731e-01 -7.464117130826702917e-01 -1.084381355673398432e-02 2.080899021497046419e+01 7.464816129356360852e-01 6.652475746686670188e-01 1.452505104195438330e-02 5.296485086830196920e+00 -3.627850948789275616e-03 -1.775961305949645685e-02 9.998358652090564291e-01 2.064373708755618819e-01
6.266987730657286315e-01 -7.792460572087734905e-01 -4.947870136805136709e-03 2.120777244573303477e+01 7.792598706608638848e-01 6.266708263436937543e-01 6.151642359328229198e-03 5.805133725436851577e+00 -1.692960720384123312e-03 -7.710894127823413567e-03 9.999690031065179285e-01 1.863456657372332126e-01
5.866135915294492520e-01 -8.098655863635519925e-01 1.577323587357725007e-03 2.156752264872077518e+01 8.098660751708460781e-01 5.866147624564499452e-01 4.172625176778179345e-04 6.315751435746419062e+00 -1.263210632271422789e-03 1.032658475642178521e-03 9.999988397643452265e-01 2.429834337270639910e-01
5.469906430730593350e-01 -8.371367930107871391e-01 -1.869036212346216266e-03 2.188646146154323446e+01 8.371381014795230557e-01 5.469858665696480937e-01 2.524786680328082716e-03 6.848796448428534411e+00 -1.091258020342405826e-03 -2.945666543109547349e-03 9.999952397745288657e-01 2.879664575450993080e-01
5.094629615831379743e-01 -8.604236029884135828e-01 -1.090816514468247178e-02 2.219805825468215588e+01 8.604922258919723843e-01 5.094346563241110015e-01 5.438193566103777590e-03 7.414769535614495588e+00 8.778449223074413776e-04 -1.215693973509968974e-02 9.999258934677988098e-01 2.387304070372138209e-01
4.742335916430803766e-01 -8.802614970334117217e-01 -1.557173477125004153e-02 2.251014320276923542e+01 8.803873329996609876e-01 4.742446194050745079e-01 3.209191879995609061e-03 8.009681583253071224e+00 4.559881520049239786e-03 -1.523105459675655297e-02 9.998737842959685151e-01 1.792508301038276686e-01
4.426219184575019283e-01 -8.966312042911833702e-01 -1.177306159055249886e-02 2.280633534515603600e+01 8.966818640295357579e-01 4.426716638011122806e-01 -1.883492788141121008e-03 8.603294863214525634e+00 6.900397777560620879e-03 -9.723005614592392445e-03 9.999291040301548916e-01 1.922023636835733518e-01
4.152791832156991214e-01 -9.096899718157668291e-01 -2.764860362188205703e-03 2.308127165600700081e+01 9.096865256129463839e-01 4.152861756986434005e-01 -2.816417467489214753e-03 9.216999366358091805e+00 3.710274092069664777e-03 -1.345546701064398356e-03 9.999923969374681088e-01 2.499409432782639107e-01
3.892234391140961258e-01 -9.211010577551728140e-01 8.845930549005594570e-03 2.335281136141237468e+01 9.211328473161228825e-01 3.892470546195186398e-01 1.059845540924382991e-03 9.879269510142105304e+00 -4.419477675252514275e-03 7.735770371281199681e-03 9.999605004082163795e-01 2.679002438251136820e-01
3.622601452720175530e-01 -9.319085492090227740e-01 1.772971598420893316e-02 2.360271026768284131e+01 9.319904859610608217e-01 3.624202285538227208e-01 6.740045043402827403e-03 1.054512520911629814e+01 -1.270671311338387142e-02 1.408228691208583336e-02 9.998202893680273595e-01 2.547496766154439540e-01
3.339799762403062866e-01 -9.423434698883781380e-01 2.112978744498692982e-02 2.383293689441799756e+01 9.424400634384290099e-01 3.342329624862698800e-01 9.755617006268606575e-03 1.119963507180830042e+01 -1.625541346642384033e-02 1.665538755001802831e-02 9.997293393998316624e-01 2.265148293335933760e-01
3.041778305050091280e-01 -9.523419140923624626e-01 2.282621922402249676e-02 2.404653015974129460e+01 9.524517875064564265e-01 3.044822583238107616e-01 1.123679307237912019e-02 1.186395630356410535e+01 -1.765144744886263869e-02 1.832290002550940669e-02 9.996764941319860043e-01 2.152809962470097760e-01
2.737024307805512313e-01 -9.614320810101030235e-01 2.712275147031679295e-02 2.423785439677194731e+01 9.616266632888138544e-01 2.740974086177468960e-01 1.203725244913152193e-02 1.254078662061837512e+01 -1.900727587318425116e-02 2.278734614824920110e-02 9.995598339406577271e-01 2.071787801958031860e-01
2.435143345717970809e-01 -9.692612501721359353e-01 3.512427620116492094e-02 2.440769656720702230e+01 9.696566757597435693e-01 2.441009352254656373e-01 1.344578472626542336e-02 1.323502297965770147e+01 -2.160634568203776210e-02 3.078425782409803871e-02 9.992927014064334479e-01 2.049315899112140182e-01
2.132427138279614498e-01 -9.760814870732629212e-01 4.234143336266414648e-02 2.455945649187074764e+01 9.767164583780000298e-01 2.140234582005727526e-01 1.480017642297770143e-02 1.395411872523295926e+01 -2.350823671725725886e-02 3.819955513371561112e-02 9.989937789384976119e-01 2.042255640128593508e-01
1.820413133986177601e-01 -9.822692203723740745e-01 4.481590091793703073e-02 2.468453423821190285e+01 9.830445102157489012e-01 1.828269038038047301e-01 1.406916787681438546e-02 1.468372696753170636e+01 -2.201326110025049812e-02 4.149486563093998659e-02 9.988963970445271512e-01 1.956240836444072817e-01
1.498288117645664996e-01 -9.878645802739274284e-01 4.092962890598862702e-02 2.478711885489933664e+01 9.885733361293738142e-01 1.503727037833977598e-01 1.053267681300062465e-02 1.540508655632078217e+01 -1.655955459946820835e-02 3.888385167344677457e-02 9.991067299859868189e-01 1.800992049145863083e-01
1.168270683997910120e-01 -9.924699135194319233e-01 3.681372104191259209e-02 2.487205952371536810e+01 9.930738360159098166e-01 1.172035922030105620e-01 8.234335311293550577e-03 1.613486156633363677e+01 -1.248702719336964966e-02 3.559676033831082886e-02 9.992884389356651020e-01 1.708118391472858155e-01
8.376638248112448781e-02 -9.957547763345250269e-01 3.815707069718955735e-02 2.493141112982733887e+01 9.963936375305959547e-01 8.421711601336520636e-02 1.036002724871300761e-02 1.688079227256782033e+01 -1.352952142936695093e-02 3.715165104144161484e-02 9.992182694965103806e-01 1.607709997339752672e-01
5.089115650057039059e-02 -9.976942975390543644e-01 4.490576673647592165e-02 2.495951727717366708e+01 9.985575665637282938e-01 5.160288107772770250e-02 1.483453680725602131e-02 1.764125265846421442e+01 -1.711759544594377083e-02 4.408605686038249982e-02 9.988813028260030702e-01 1.453102394308989076e-01
1.801508005907236087e-02 -9.984526562417757045e-01 5.261283114917964659e-02 2.496125566470139745e+01 9.996649174329245158e-01 1.896547119124658565e-02 1.762098587122680471e-02 1.840570294690844833e+01 -1.859154218416191051e-02 5.227776832222649772e-02 9.984597391578438064e-01 1.326953615191432956e-01
-1.473894866031964790e-02 -9.983782210571975346e-01 5.499139217665066637e-02 2.494976540950482757e+01 9.997753848508079688e-01 -1.387700326864909489e-02 1.602346535123366084e-02 1.915873646873941638e+01 -1.523435765944257218e-02 5.521521943529576759e-02 9.983584850920553810e-01 1.310730401435961923e-01
-4.632555183113489655e-02 -9.975766269183514723e-01 5.191519650232592070e-02 2.491641680698651129e+01 9.988729326269502051e-01 -4.572243260386904540e-02 1.274626000101902919e-02 1.990971808349208771e+01 -1.034167636042371621e-02 5.244717209995354568e-02 9.985703902460399961e-01 1.432621623561950164e-01
-7.579289455125699793e-02 -9.961908184303989167e-01 4.312385457828163404e-02 2.485316525372269680e+01 9.970872445744203283e-01 -7.534964200977201099e-02 1.181531624076518489e-02 2.067467027288475023e+01 -8.520936591061394061e-03 4.389377233037602272e-02 9.990001082461058557e-01 1.462874413881817548e-01
-1.030929901289608375e-01 -9.940008139128915232e-01 3.653219981574183650e-02 2.476279793802073570e+01 9.945938046885896000e-01 -1.025554297834412182e-01 1.630011683054792895e-02 2.145436438944949131e+01 -1.245574768650536436e-02 3.801513735272805256e-02 9.991997799265606162e-01 1.263015666525763858e-01
-1.284920462305288724e-01 -9.909871080423715561e-01 3.787787438585205058e-02 2.465250273492776856e+01 9.915133293734580411e-01 -1.276109282809285428e-01 2.483789586506532365e-02 2.222944786852947985e+01 -1.978039679111903357e-02 4.074789963735796910e-02 9.989738987695018224e-01 1.018051072061473827e-01
-1.508777541537101308e-01 -9.876431209382341425e-01 4.239532130202759014e-02 2.452237834100397507e+01 9.882668298446610766e-01 -1.496644261779795093e-01 3.048584683777256707e-02 2.298933787447756316e+01 -2.376405790556275488e-02 4.649753592667105195e-02 9.986359512348473855e-01 8.715603684134352880e-02
-1.686130119537967986e-01 -9.846933124095126333e-01 4.414893098591572695e-02 2.438690640743179472e+01 9.854663223668359562e-01 -1.674690446697096047e-01 2.846758262373605408e-02 2.374642226931004885e+01 -2.063825129226046912e-02 4.830729955586220148e-02 9.986195398031044723e-01 8.860908792408692114e-02
-1.822836390788731276e-01 -9.824476844231512240e-01 3.961845417226302762e-02 2.424715502287526903e+01 9.831674706837606470e-01 -1.816115633229624382e-01 1.997825191610158591e-02 2.451853437231611110e+01 -1.243240999051557598e-02 4.259329421283846590e-02 9.990154041402355967e-01 1.022926702048837927e-01
-1.932386293947869205e-01 -9.806868270937960652e-01 3.020898633344852591e-02 2.409598085663061795e+01 9.811299609959961421e-01 -1.929369292189347940e-01 1.262966211129078198e-02 2.530234508994339748e+01 -6.557305916647110031e-03 3.207949076789400056e-02 9.994640787199913223e-01 1.041907696471395389e-01
-2.024318869005488908e-01 -9.789642345343241292e-01 2.551010338143617356e-02 2.393312513071615300e+01 9.792719618465702824e-01 -2.021739874302116990e-01 1.233987212463938735e-02 2.608568858856892092e+01 -6.922805911490233742e-03 2.747932334818020336e-02 9.995986708656189323e-01 8.660144872173260178e-02
-2.103123228032198755e-01 -9.772083539044605915e-01 2.886116968684443104e-02 2.375648280013543001e+01 9.775592667396404423e-01 -2.098386708721608207e-01 1.859531689821386155e-02 2.686836521913560105e+01 -1.211530112854735004e-02 3.212433876576421127e-02 9.994107227466714205e-01 6.011854131956905628e-02
-2.160085333767788329e-01 -9.757781661223083880e-01 3.460772796198488543e-02 2.357253074641143797e+01 9.762455819285326131e-01 -2.152276319908397739e-01 2.493605164564842089e-02 2.765209206036460543e+01 -1.688350658501851578e-02 3.917205202290463539e-02 9.990901112604707590e-01 4.866567543987050659e-02
-2.189841252216562506e-01 -9.750845569483804764e-01 3.544681999794514066e-02 2.339218475359944094e+01 9.755652603919805488e-01 -2.181384389957633785e-01 2.623399119206341196e-02 2.843646659547107802e+01 -1.784803455362526589e-02 4.032552454136626580e-02 9.990274564319722161e-01 5.330513357505809596e-02
-2.197416994156058123e-01 -9.751400083906605065e-01 2.856527144881605348e-02 2.321688416852115466e+01 9.754372300206789470e-01 -2.191591863232552340e-01 2.217300948707819422e-02 2.922283363817308555e+01 -1.536143625079574963e-02 3.273597480326449760e-02 9.993462622364773784e-01 6.080622770018685730e-02
-2.189518414828127979e-01 -9.755538855705204737e-01 1.884506928941083459e-02 2.304286765419464444e+01 9.756589403247358794e-01 -2.186514286031045473e-01 1.677399870671214197e-02 3.001425516181953768e+01 -1.224342778713493826e-02 2.205906915377239819e-02 9.996819847467004472e-01 5.941537813953796932e-02
-2.177194166945504994e-01 -9.758968217804825374e-01 1.496953345278042267e-02 2.286474480674745635e+01 9.759450673842849922e-01 -2.175000650550167336e-01 1.500434776849351483e-02 3.081214652990081859e+01 -1.138681026234128306e-02 1.787619118964058409e-02 9.997756583833233845e-01 4.494727076559265622e-02
-2.162504465416721089e-01 -9.761652503081172938e-01 1.837357046388604295e-02 2.268039376977619881e+01 9.762500354241379075e-01 -2.159400436515061805e-01 1.749143910765169757e-02 3.161415765637582709e+01 -1.310693465837833166e-02 2.171974141529419214e-02 9.996784726035272683e-01 2.988990486260700852e-02
-2.143079252249256994e-01 -9.764730147113027670e-01 2.393758565075416664e-02 2.250146173944270345e+01 9.766423160064530151e-01 -2.138260208304881282e-01 2.117558692538534793e-02 3.241840527636634306e+01 -1.555889951301714196e-02 2.791656626120253906e-02 9.994894589772034266e-01 2.115529737487572767e-02
-2.127510668124394100e-01 -9.767726052680731907e-01 2.554813938704669427e-02 2.232599200953615437e+01 9.769687951145341609e-01 -2.122093698953100016e-01 2.234598469915926103e-02 3.322401203879747555e+01 -1.640538002596523409e-02 2.971387810192025955e-02 9.994241065728941553e-01 1.950094016950183751e-02
-2.125167840539053388e-01 -9.768880367939197784e-01 2.295280483007869007e-02 2.215226812658906042e+01 9.770387484188913785e-01 -2.120661376248333951e-01 2.057731839596843929e-02 3.403089121192108024e+01 -1.523421242659947668e-02 2.679881633751600087e-02 9.995250598703129263e-01 1.673379215181969304e-02
-2.132730302641614450e-01 -9.768105266380825435e-01 1.887497142480423079e-02 2.197512989763314195e+01 9.768976517373294532e-01 -2.129429705479130019e-01 1.806816898028007490e-02 3.484309171943012728e+01 -1.362987381351452379e-02 2.229237964880502812e-02 9.996588837614553968e-01 9.513527585030106745e-03
-2.136385305244856148e-01 -9.767714856148957958e-01 1.662826724245699758e-02 2.179387905554099092e+01 9.768324265414318752e-01 -2.133715763512690766e-01 1.646729812248962435e-02 3.566229696261136439e+01 -1.253677620311599919e-02 1.976109136940291944e-02 9.997264319980349034e-01 -9.762862157426229143e-04
-2.134235460211762470e-01 -9.767887259090866081e-01 1.829327187458504658e-02 2.161327489994858553e+01 9.768763736431805844e-01 -2.131231248356740271e-01 1.706683072671377061e-02 3.648415925736925658e+01 -1.277195677195782503e-02 2.151274000875463832e-02 9.996873028911659187e-01 -1.056981975275861178e-02
-2.130733711104465244e-01 -9.767807589438028959e-01 2.235088065471042829e-02 2.143441157936367958e+01 9.769391425757852909e-01 -2.126738586312078849e-01 1.897195461994931331e-02 3.730961789297845854e+01 -1.377798012657552480e-02 2.587787986432523585e-02 9.995704745514252254e-01 -1.419141368651753894e-02
-2.130225332445898068e-01 -9.767203758465472507e-01 2.528221101311918170e-02 2.125112523518479790e+01 9.769361017454603058e-01 -2.125364529996241758e-01 2.059867913844699513e-02 3.813664727195568105e+01 -1.474574622146447925e-02 2.908709873549248509e-02 9.994684314906051581e-01 -1.964807001118661772e-02
-2.132658853379157116e-01 -9.766829155478530256e-01 2.467041696216009869e-02 2.106816968878903040e+01 9.768962221834207593e-01 -2.128187358770909920e-01 1.954883830514952611e-02 3.896739756401931487e+01 -1.384267740123387887e-02 2.826954870706604658e-02 9.995048079717953060e-01 -2.510909121029136770e-02
-2.135455336321442632e-01 -9.766498636293088342e-01 2.353370008582598982e-02 2.089355335417960902e+01 9.768720488676569946e-01 -2.132006863666217056e-01 1.633009510858134117e-02 3.979556600074440098e+01 -1.093137179128314193e-02 2.647664443087707764e-02 9.995899889360296831e-01 -3.047228872402176630e-02
-2.138210515901720898e-01 -9.765880335741863316e-01 2.359783299424963662e-02 2.071522891872240280e+01 9.768391124040779472e-01 -2.135502255782107117e-01 1.348575408573609094e-02 4.062116833510498992e+01 -8.130691106619011149e-03 2.593483546873335405e-02 9.996309029151363434e-01 -2.935572232614799132e-02
-2.136672820425186969e-01 -9.766040858181953555e-01 2.431542949293419992e-02 2.053338873420519661e+01 9.768872687260641285e-01 -2.134403219796932871e-01 1.160670343911787868e-02 4.144923235030800157e+01 -6.145248606272316928e-03 2.623341734296769784e-02 9.996372926767215228e-01 -3.423457873197913170e-02
-2.134281558087344211e-01 -9.765929831517514703e-01 2.674056162440897194e-02 2.035353458950888239e+01 9.769436119901723226e-01 -2.131919258987420018e-01 1.142842685221464108e-02 4.228956430508018371e+01 -5.460037635775524291e-03 2.856317970675762222e-02 9.995774171029938593e-01 -4.010405022190698804e-02
-2.135897771673727630e-01 -9.764454719398416582e-01 3.056369524047929456e-02 2.016923012383911740e+01 9.769064184315431332e-01 -2.132962439145790756e-01 1.260133069091780127e-02 4.313232332655958601e+01 -5.785379078313093205e-03 3.254939596134098084e-02 9.994537270641016269e-01 -3.974469636136733486e-02
-2.137905432528682537e-01 -9.763944295042310539e-01 3.078986183297332049e-02 1.998270559326046936e+01 9.768575592311604661e-01 -2.134676345183099400e-01 1.345789167700406179e-02 4.396958114500733927e+01 -6.567559622279037918e-03 3.295448956448759903e-02 9.994356218694152583e-01 -3.729497440729762775e-02
-2.139237472156456377e-01 -9.764285285349618704e-01 2.871346745788039626e-02 1.980016570823916666e+01 9.768225557296995598e-01 -2.136029984390455105e-01 1.384525527709063071e-02 4.480283404114105394e+01 -7.385607597173048620e-03 3.100980190030450459e-02 9.994921456676768567e-01 -3.742784832999346972e-02
-2.143625223034124061e-01 -9.763543847081224136e-01 2.795238441275174623e-02 1.961891589531979463e+01 9.767152091339637021e-01 -2.140102004051527840e-01 1.507561850088225304e-02 4.564500797739101046e+01 -8.737038850302155865e-03 3.053317686177396337e-02 9.994959245188294039e-01 -4.174852155778798618e-02
-2.145160048884748871e-01 -9.762950637078491312e-01 2.883316254104674806e-02 1.943137163403454437e+01 9.766486364749897842e-01 -2.140484133665553623e-01 1.846517976478038309e-02 4.649882121556903769e+01 -1.185575952718845305e-02 3.212095633066497369e-02 9.994140342992888781e-01 -5.050482374478910269e-02
-2.144534231053939199e-01 -9.762458052226978822e-01 3.089300625235160899e-02 1.923597569439751709e+01 9.766316315692602501e-01 -2.138649366905060190e-01 2.127678761903466220e-02 4.735191887278661937e+01 -1.416443219689304985e-02 3.473397808211364096e-02 9.992965823421424698e-01 -5.511411108539090997e-02
-2.146850413549270253e-01 -9.762056395012840282e-01 3.055170786483516268e-02 1.904498681177422270e+01 9.766002362880474852e-01 -2.141533641313776437e-01 1.976295598058784228e-02 4.819297708555694015e+01 -1.274994661234242661e-02 3.407962740506433053e-02 9.993381630140899530e-01 -5.389559534480054676e-02
-2.149973106511558207e-01 -9.762768312750557120e-01 2.569503798465626668e-02 1.886324011572527937e+01 9.765700190465659292e-01 -2.146611714851969221e-01 1.522651673178502044e-02 4.902696761019820570e+01 -9.349557030285678139e-03 2.836667501387174495e-02 9.995542392725411673e-01 -5.320012199287992710e-02
-2.151373349898034193e-01 -9.763721576129595903e-01 2.034373602976474044e-02 1.868557600225479121e+01 9.765582956518399360e-01 -2.149340508090275548e-01 1.172717963320228651e-02 4.986681072781656354e+01 -7.077518858041113511e-03 2.238980905144070249e-02 9.997246500529256563e-01 -5.600363364844783420e-02
-2.151861097500602782e-01 -9.764281997362298515e-01 1.683569945525979772e-02 1.849403028604275789e+01 9.765315927159246012e-01 -2.149858538538294006e-01 1.293868243994344795e-02 5.072612866230753781e+01 -9.014245877387335251e-03 1.922482786336438335e-02 9.997749356595048154e-01 -6.680087549852857520e-02
-2.152488450085436600e-01 -9.764274726309783992e-01 1.605796148817371580e-02 1.829406845732533782e+01 9.764677995318479242e-01 -2.149743918878564697e-01 1.723186292059862568e-02 5.158549917184350164e+01 -1.337360248815694201e-02 1.938923200949655562e-02 9.997229562388075808e-01 -7.028336882019928233e-02
-2.155525314721870866e-01 -9.763633751263692817e-01 1.588076442603159402e-02 1.809847838328337133e+01 9.763696265465845459e-01 -2.152390729138671799e-01 1.935940112054984619e-02 5.242520000162901539e+01 -1.548363781250852028e-02 1.967847500999670221e-02 9.996868520781554412e-01 -6.033836126722440935e-02
-2.159342840026994836e-01 -9.763066576436891797e-01 1.407945275933155521e-02 1.791139029536364902e+01 9.763176773890249738e-01 -2.156956847512788433e-01 1.671708977760172701e-02 5.325212138256909356e+01 -1.328411736318846348e-02 1.735582226518695564e-02 9.997615227453563458e-01 -5.371236980106407211e-02
