1.000000000000000000e+00 0.000000000000000000e+00 0.000000000000000000e+00 0.000000000000000000e+00 0.000000000000000000e+00 1.000000000000000000e+00 0.000000000000000000e+00 0.000000000000000000e+00 0.000000000000000000e+00 0.000000000000000000e+00 1.000000000000000000e+00 0.000000000000000000e+00
9.999999841866099581e-01 -1.686353223349896331e-04 5.647041571137384616e-05 6.784678719571096868e-04 1.686351533158672589e-04 9.999999857765989875e-01 2.997804175312308586e-06 -1.973345479492063723e-03 -5.647092044384587734e-05 -2.988281230695563693e-06 9.999999984010526921e-01 -1.216540650561872498e-03
9.999999875347637124e-01 -2.558208045694612868e-05 1.558076688429690677e-04 4.755801581862902083e-03 2.556983980084721243e-05 9.999999965869336149e-01 7.856408872921114136e-05 2.013132532500966007e-03 -1.558096781440260399e-04 -7.856010377275913711e-05 9.999999847758270777e-01 1.341864346431337080e-03
9.999999844845081087e-01 1.404603723829316942e-04 1.063102406463343927e-04 4.709905315555749407e-03 -1.404523004029576121e-04 9.999999872537272960e-01 -7.593218456972730375e-05 1.788400455668521030e-03 -1.063209047541955932e-04 7.591725187374695526e-05 9.999999914662179856e-01 1.171752144266157911e-03
9.999999998275428403e-01 6.196246352581527580e-06 1.750773674215052260e-05 2.157699085091971565e-03 -6.196435623751556904e-06 9.999999999223666558e-01 1.081068245617463913e-05 1.532508770091120130e-03 -1.750766975513960011e-05 -1.081079093987390016e-05 9.999999997883041170e-01 -1.357033721764963879e-03
9.999999991334351801e-01 1.970752658018269998e-05 -3.667073883632716066e-05 2.121487752563390537e-03 -1.970674492215259536e-05 9.999999995786400531e-01 2.131581822772439725e-05 -9.343998624053147326e-04 3.667115890292987858e-05 -2.131509554835650411e-05 9.999999991004464572e-01 -2.696104343771673836e-03
9.999999994871539011e-01 -2.145816528646351875e-05 -2.377476377839495738e-05 -1.970471616182638015e-03 2.145949477529750371e-05 9.999999982061477111e-01 5.592132623228141875e-05 1.150280551874552620e-03 2.377356376668521214e-05 -5.592183639802147542e-05 9.999999981537829319e-01 -6.406351904899350996e-04
9.999999980355116502e-01 2.811277259812795822e-05 5.602364516020184838e-05 2.727112632839119068e-03 -2.811288952753573101e-05 9.999999996026562865e-01 2.086357473328198845e-06 -1.847554701464922990e-03 -5.602358648464799860e-05 -2.087932455776892737e-06 9.999999984284991816e-01 -2.528387544685568779e-04
9.999999959794759752e-01 -5.463402162310934863e-05 7.110676354360902891e-05 7.857965054176791267e-04 5.463139925152961585e-05 9.999999978276092882e-01 3.688077490033440963e-05 2.055202721199141103e-06 -7.110877833419074299e-05 -3.687689009006573011e-05 9.999999967918182797e-01 1.413731411206027013e-03
9.999999995147846876e-01 2.756919967252060668e-05 1.450413113937002058e-05 1.027613896173850544e-04 -2.757003356507023681e-05 9.999999979670289862e-01 5.749639268957753739e-05 3.120396939119410816e-03 -1.450254598035303316e-05 -5.749679254106174930e-05 9.999999982418974476e-01 -2.108101783976255687e-03
9.999999992057917453e-01 -3.916015912893266445e-05 7.409341554220758926e-06 -1.151675669823531284e-03 3.915984920055392697e-05 9.999999983585906582e-01 4.182493136410413067e-05 4.409847462217760319e-03 -7.410979413026770933e-06 -4.182464118218848416e-05 9.999999990978883924e-01 -2.440893728105525060e-03
9.999999993233134044e-01 2.778463385955041559e-05 2.411197290245855048e-05 7.687765135219004446e-04 -2.778493511448535395e-05 9.999999995359517557e-01 1.249375270423699483e-05 2.344925729510704323e-03 -2.411162575692501285e-05 -1.249442264538521624e-05 9.999999996312594064e-01 -1.385067430826695308e-03
9.999999969402415534e-01 -6.641540417474273985e-05 4.133413881457523271e-05 -7.446773405745026400e-04 6.641651382663798532e-05 9.999999974340936237e-01 -2.684510006206494823e-05 6.507879613886617155e-04 -4.133235578034497379e-05 2.684784524932751627e-05 9.999999987854147898e-01 -1.382482917999838291e-04
9.999999877350058686e-01 -1.375619334366315306e-04 7.487791774373821782e-05 -2.266368803350726595e-03 1.375623934931029105e-04 9.999999905194504324e-01 -6.138971889462633298e-06 -1.511256066548185249e-03 -7.487707254501197102e-05 6.149272199752788027e-06 9.999999971778051888e-01 9.560831758001647231e-04
9.999999888302711915e-01 -1.353657418620577086e-04 6.336855188786913852e-05 -2.536842185883511798e-03 1.353680806918093767e-04 9.999999901567321325e-01 -3.690553276823054668e-05 1.295299444122767832e-03 -6.336355551929351239e-05 3.691411043525103788e-05 9.999999973112041474e-01 -7.943028391664084392e-04
9.999999980399584265e-01 5.978104939618458704e-05 1.860938522318505758e-05 2.678170984958523279e-03 -5.978203948763491404e-05 9.999999967975152781e-01 5.320786856075513196e-05 2.480914120051298626e-03 -1.860620434137008587e-05 -5.320898096346774646e-05 9.999999984113067120e-01 -1.923737182017431742e-03
9.999999995981138090e-01 -2.502145781098494951e-05 -1.333037599436129793e-05 6.645264354706695124e-03 2.502236473143421830e-05 9.999999973723353586e-01 6.803830150870877555e-05 -3.996244203399854610e-03 1.332867354184281008e-05 -6.803863503889526351e-05 9.999999975965453425e-01 -3.854951570278020677e-03
9.999999609372605125e-01 -2.734629909468492409e-04 -5.782274637709308165e-05 3.589337706150923929e-03 2.734654530456594439e-04 9.999999617019434961e-01 4.257649032241055597e-05 -1.178264535651020462e-02 5.781110106820669338e-05 -4.259230118279056876e-05 9.999999974218862775e-01 -2.763237913438089475e-03
9.999997954679258338e-01 -6.371197704426101102e-04 -5.605804670245872459e-05 6.502638138394516154e-03 6.371177975025407638e-04 9.999997964207247847e-01 -3.520541347771724691e-05 -1.233470163687533545e-02 5.608046535515547049e-05 3.516969069783364577e-05 9.999999978090371444e-01 -4.497785336372661300e-03
9.999989310049751667e-01 -1.461587546735104107e-03 -4.184196574176769171e-05 3.500693351272875925e-02 1.461588794703441285e-03 9.999989314341868329e-01 2.981073309125176335e-05 -2.174109386963238646e-02 4.179835003462832577e-05 -2.987185697200293879e-05 9.999999986802849961e-01 -5.663734618779291824e-03
9.999948313662443411e-01 -3.214346465825462709e-03 -7.223291564293165645e-05 6.802364695165298569e-02 3.214348845570513900e-03 9.999948334277254380e-01 3.285353243080398663e-05 -1.884545761249954710e-02 7.212693981049355415e-05 -3.308554441193632093e-05 9.999999968515256299e-01 -2.648538975216752599e-03
9.999870822532639369e-01 -5.080715746870704576e-03 -1.471533332813455201e-04 9.840621378428580923e-02 5.080709634536130330e-03 9.999870922344794577e-01 -4.188126220824010007e-05 -1.980596593186341459e-02 1.473642206490242057e-04 4.113307783854526853e-05 9.999999882959280662e-01 -5.402274281132467878e-04
9.999723430628710830e-01 -7.435411652446901470e-03 -1.666220582982504822e-04 1.296846571429473571e-01 7.435398328037299762e-03 9.999723538079852148e-01 -8.044514377135267194e-05 -2.429637339148406350e-02 1.672155945922131298e-04 7.920401753138410939e-05 9.999999828828340931e-01 2.582762404758759227e-03
9.999534811797654577e-01 -9.643419860121502096e-03 -1.998245977876626897e-04 1.739198880962871951e-01 9.643385416997947435e-03 9.999534865783887838e-01 -1.726193015077688879e-04 -1.135173415275762127e-02 2.014799436622978122e-04 1.706842858492500260e-04 9.999999651363528086e-01 9.884986223841554787e-04
9.999217608123982526e-01 -1.250831322663677539e-02 -1.198084195499718197e-04 2.289835807491215347e-01 1.250829388530926359e-02 9.999217552950746546e-01 -1.608468079449383538e-04 -3.822144933975338450e-03 1.218109674308165419e-04 1.593356244996909244e-04 9.999999798871233025e-01 3.539811573352634813e-05
9.998766545623412050e-01 -1.570512642264347211e-02 -1.570518049934951053e-04 2.915677747764680028e-01 1.570511248672249241e-02 9.998766631028170870e-01 -8.957764796670272724e-05 -7.009987353655430103e-03 1.584392629971303318e-04 8.710008270884417097e-05 9.999999836552876387e-01 -6.968299517076202015e-04
9.998135728517691945e-01 -1.930663549092512254e-02 -2.708641738402190217e-04 3.634346450205380719e-01 1.930661352237021677e-02 9.998136064808108570e-01 -8.348731654997791651e-05 -5.581618706916909554e-03 2.724255457023806032e-04 7.824228232625085231e-05 9.999999598312327986e-01 -2.361583953361887697e-03
9.997336770024485286e-01 -2.307338337976600276e-02 -4.405071784998498591e-04 4.424530933000476729e-01 2.307333907179403773e-02 9.997337695177994643e-01 -1.054030811770838473e-04 2.272647837836996865e-03 4.428219077627125271e-04 9.521103841946726746e-05 9.999998974218028414e-01 -2.160459212685953041e-03
9.996365052526425821e-01 -2.695375101471697912e-02 -5.938623748100997461e-04 5.250354773877774495e-01 2.695373605307046713e-02 9.996366815056287880e-01 -3.318426621432938201e-05 2.617135078986193922e-03 5.945410540753670939e-04 1.716539420538453099e-05 9.999998231131265181e-01 -1.518742680971442872e-03
9.995238448681365018e-01 -3.084758648391023109e-02 -7.141065292318708345e-04 6.023536484791398582e-01 3.084752059565714147e-02 9.995240966797201976e-01 -1.031003871990835314e-04 1.703545895905134513e-02 7.169470816742242467e-04 8.102287955264821410e-05 9.999997397110536035e-01 -2.565087820216313454e-03
9.993768494516953593e-01 -3.528635763618764160e-02 -8.864224582184879924e-04 6.775524224629896342e-01 3.528629774403987257e-02 9.993772412270741645e-01 -8.311968112341071269e-05 3.595071683916380850e-02 8.888034216508405123e-04 5.178931826084244583e-05 9.999996036730935955e-01 -8.721403253636912656e-04
9.991870262325919239e-01 -4.030369487721072175e-02 -9.480441521372342259e-04 7.652168765780849036e-01 4.030367029455818317e-02 9.991874759689746144e-01 -4.502818284964570615e-05 4.921218750831531791e-02 9.490886456235970688e-04 6.781917185771852211e-06 9.999995495922727740e-01 1.172258731662872673e-03
9.989854651245032580e-01 -4.501854172528141351e-02 -1.171055467927439690e-03 8.666862514272593021e-01 4.501855556716097273e-02 9.989861507763434512e-01 -1.455030095192733591e-05 5.128457363561592097e-02 1.170523227580942509e-03 -3.818368649095649155e-05 9.999993142084547815e-01 4.532042498890601588e-03
9.988132150451662916e-01 -4.869120329125588981e-02 -1.152463963813699479e-03 9.887773465152306374e-01 4.869122902678309911e-02 9.988138786495698307e-01 -5.732684451738842069e-06 7.688882526435845965e-02 1.151376133004663018e-03 -5.038900581908639810e-05 9.999993358967537160e-01 4.095949643206916319e-03
9.986168253819172058e-01 -5.256969195406462764e-02 -9.292749842077766996e-04 1.113040853355081516e+00 5.256961412023889585e-02 9.986172560128547815e-01 -1.080028036971290715e-04 1.078948763100478353e-01 9.336677089314923987e-04 5.900178962897952570e-05 9.999995623916032583e-01 6.000574425759618372e-03
9.983655777202883330e-01 -5.714499837723654996e-02 -7.889129867302125234e-04 1.221214999438808402e+00 5.714496261359774953e-02 9.983658891651769896e-01 -6.781825686429352764e-05 1.326887118399078525e-01 7.914992896493211081e-04 2.262501006222358756e-05 9.999996865084425091e-01 1.203550079612616605e-02
9.981391220137059150e-01 -6.097044073662387376e-02 -9.478724017662854906e-04 1.321696507243919072e+00 6.097053452188933020e-02 9.981395638751415778e-01 7.033674143830951015e-05 1.391523435891844906e-01 9.418204835828116036e-04 -1.279981403387767493e-04 9.999995482952244163e-01 1.187495985966443082e-02
9.978960978173601060e-01 -6.482427459645344336e-02 -1.091505350060966752e-03 1.444298222426874112e+00 6.482421914089560311e-02 9.978966946491792944e-01 -8.614531711078393032e-05 1.383814780909845832e-01 1.094793888709322000e-03 1.520809378427828381e-05 9.999994005973479316e-01 1.039399312937326278e-02
9.976157827918304966e-01 -6.900632308817856997e-02 -9.366421371869973391e-04 1.568607274875041258e+00 6.900598243707169177e-02 9.976161693104371730e-01 -3.913032885670406145e-04 1.305696594107585429e-01 9.614117420715573206e-04 3.257364256642784829e-04 9.999994847914889240e-01 1.395852842523292309e-02
9.974194889928654773e-01 -7.178961500776810667e-02 -7.836799395092573003e-04 1.682761830386561464e+00 7.178908211231226077e-02 9.974195977950243153e-01 -6.882033737980490160e-04 1.358730813609922705e-01 8.310635853173613599e-04 6.301677938896140408e-04 9.999994561107864444e-01 1.845335223651281553e-02
9.973125784585227249e-01 -7.325768755298861512e-02 -9.654339964767934658e-04 1.811141527755164793e+00 7.325687640281164370e-02 9.973127427625136932e-01 -8.504017964238725757e-04 1.392298179736338459e-01 1.025138096079366125e-03 7.773917293622792293e-04 9.999991723766490370e-01 2.533286355004070456e-02
9.971189236701412106e-01 -7.583517331284934937e-02 -1.696628276661076365e-03 1.952098023410201222e+00 7.583404799392580442e-02 9.971201940780749506e-01 -7.181410426961594819e-04 1.474097260001876464e-01 1.746202666938575631e-03 5.874098333763798406e-04 9.999983028615266889e-01 2.244794835844477615e-02
9.970318674153844096e-01 -7.695670458873213327e-02 -2.262957585547580378e-03 2.085016655127729379e+00 7.695608737342504724e-02 9.970344186397489539e-01 -3.586974652851098637e-04 1.843631887494144306e-01 2.283850775585514678e-03 1.834844419746234920e-04 9.999973751761023211e-01 2.064062010696681229e-02
9.970853463420575880e-01 -7.624060662388280896e-02 -2.860421570568815429e-03 2.225660274679250428e+00 7.624110615274772018e-02 9.970894089284567663e-01 6.584304274594156520e-05 2.153812100265929397e-01 2.847076139563755118e-03 -2.837328376838984569e-04 9.999959068181890620e-01 1.173254869446823181e-02
9.970752579648340941e-01 -7.610391285414824791e-02 -7.008880270615167746e-03 2.405562559416442259e+00 7.611883755986126321e-02 9.970969662319195681e-01 1.887458512858664452e-03 2.229896168363624254e-01 6.844890276334723508e-03 -2.415446002401947477e-03 9.999736562018594066e-01 1.318678670948322806e-02
9.971452591018068468e-01 -7.488408883738871535e-02 -9.680159594993487451e-03 2.556854244068476500e+00 7.491880656599010646e-02 9.971842607292485949e-01 3.274534560762199648e-03 2.189651091914906755e-01 9.407692252525507934e-03 -3.990412617254275075e-03 9.999477846035891293e-01 2.507579313136547999e-02
9.973403796258423215e-01 -7.235052238968792127e-02 -8.807330907832335715e-03 2.714843253846893401e+00 7.238356898295156272e-02 9.973707536197693457e-01 3.492673077135684083e-03 2.134235999753702762e-01 8.531477543256258539e-03 -4.120889936982225291e-03 9.999551150711997183e-01 4.759392526610988633e-02
9.974960307867196674e-01 -7.040157956847929721e-02 -6.729499164335124399e-03 2.883857119805808278e+00 7.041330773636007845e-02 9.975167418790423790e-01 1.521763662538771870e-03 2.327584682687064699e-01 6.605653515312667930e-03 -1.991799508747792852e-03 9.999761987549267150e-01 2.299969561669797796e-02
9.976094085604759742e-01 -6.880473588475800872e-02 -6.432438996685121979e-03 3.055679484563575077e+00 6.880985699919940635e-02 9.976296254184356949e-01 5.779854855431866469e-04 2.588064982241212730e-01 6.377423568111894453e-03 -1.019218965907254908e-03 9.999791446131925943e-01 2.190131381007819067e-02
9.977593680405728582e-01 -6.650213098772221609e-02 -7.328714851090517568e-03 3.235118880335489333e+00 6.650980207079924822e-02 9.977854447602755306e-01 8.077456544579816357e-04 2.671438588811657078e-01 7.258768199899059623e-03 -1.293367167908871830e-03 9.999728183733741504e-01 2.392300939085079473e-02
9.979526220945560411e-01 -6.344250215083892253e-02 -8.100183667119995046e-03 3.437571864251772080e+00 6.345625674166262276e-02 9.979835642380443517e-01 1.452236573511262547e-03 2.818318650800091807e-01 7.991716645156691362e-03 -1.963270630872566459e-03 9.999661384434442857e-01 3.492494952548232806e-02
9.980997633083948939e-01 -6.102701119439293831e-02 -8.518590752319289694e-03 3.630451655002997935e+00 6.105612166149737563e-02 9.981292054840011918e-01 3.199869924377736399e-03 2.852878078671529649e-01 8.307375721760212883e-03 -3.713901527497183008e-03 9.999585963649002540e-01 6.936246830050303569e-02
9.982522656105992098e-01 -5.846560187202631126e-02 -8.613222454309218956e-03 3.824693933848543281e+00 5.850197830915294245e-02 9.982791440501562752e-01 4.033495804237986759e-03 3.163344075890432427e-01 8.362579579358327131e-03 -4.530336878105323956e-03 9.999547706324269924e-01 7.120421597843823447e-02
9.984116498678168306e-01 -5.574336063748529246e-02 -8.176500049729208339e-03 4.015861893882610723e+00 5.580101576176518807e-02 9.984173627363226444e-01 7.001173230363589607e-03 3.221464445768892348e-01 7.773290691798382009e-03 -7.446309924088717787e-03 9.999420625317925193e-01 2.616630478989148689e-02
9.985902491727980390e-01 -5.241417214014180981e-02 -8.382649692833614094e-03 4.223145131796552043e+00 5.248315622064257668e-02 9.985878739366642609e-01 8.232638688313134376e-03 3.212935164310380953e-01 7.939305393345716041e-03 -8.660980632484138395e-03 9.999309750399548724e-01 -1.918474377924633476e-02
9.987610179358604734e-01 -4.904776132230993096e-02 -8.411073712285586229e-03 4.419456218801778746e+00 4.910261907954707045e-02 9.987729481854290547e-01 6.444437331146772238e-03 3.038514791289609329e-01 8.084667664949765631e-03 -6.849458537424361199e-03 9.999438599573935438e-01 -1.045994989047128315e-02
9.989078295397766372e-01 -4.596031194926460811e-02 -8.414143429887598405e-03 4.614402763102957827e+00 4.599797330588629302e-02 9.989321120354462957e-01 4.338432453498171013e-03 2.989333552888502887e-01 8.205762358453204744e-03 -4.720727690608654548e-03 9.999551890930851172e-01 3.809129346576597963e-02
9.990438465439078763e-01 -4.271538992426648224e-02 -9.316015584495972862e-03 4.828161183416749047e+00 4.272197223820122652e-02 9.990868702976746230e-01 5.086126972845223058e-04 3.281491670165448404e-01 9.285783264273501231e-03 -9.061249446676881633e-04 9.999564756361917217e-01 9.653477134866801646e-02
9.991613274482563645e-01 -3.953136628672008351e-02 -1.067299448811460244e-02 5.036686374856991222e+00 3.953152604867479075e-02 9.992183044766670408e-01 -1.960791618158183309e-04 3.548938885834905799e-01 1.067240273326961961e-02 -2.260050440194302877e-04 9.999430227476058253e-01 1.090552646018217581e-01
9.992711328450285535e-01 -3.643331378032724222e-02 -1.139371359993817875e-02 5.236809475672038694e+00 3.645665885806546880e-02 9.993335264849775301e-01 1.847936147507217054e-03 3.599000329649129082e-01 1.131879355407792997e-02 -2.261965977384261528e-03 9.999333819922191502e-01 6.860246593370664114e-02
9.993826712049013183e-01 -3.316576917547311293e-02 -1.158914364201480557e-02 5.445169147052412839e+00 3.320342088252608431e-02 9.994438942343344401e-01 3.071663947504241383e-03 3.496466197919336771e-01 1.148082475494880544e-02 -3.454566934914449737e-03 9.999281257321639416e-01 2.521227992296137463e-02
9.994573116463361107e-01 -3.099348886952538185e-02 -1.115732245537059443e-02 5.670449732270822274e+00 3.102063026528179696e-02 9.995161717843935589e-01 2.267782929506899272e-03 3.310316611969793543e-01 1.108163772297189424e-02 -2.612659404760995802e-03 9.999351835575202019e-01 2.939022838504905949e-02
9.994991994616388986e-01 -2.995614806915649145e-02 -1.019703233306908270e-02 5.886994856412131050e+00 2.997131280765465491e-02 9.995498643234758118e-01 1.337587195996461356e-03 3.645529598857000231e-01 1.015237332492262105e-02 -1.642535777372783638e-03 9.999471142975969729e-01 8.804974600354890935e-02
9.995550189287628617e-01 -2.844984087462243752e-02 -8.964970079660393790e-03 6.092615154129584099e+00 2.849613147641437069e-02 9.995810006220563482e-01 5.078748496194878705e-03 3.861438173837356547e-01 8.816724176214761274e-03 -5.331955515320621446e-03 9.999469164036575153e-01 1.192291429137961462e-01
9.996110209162276661e-01 -2.629603538919556005e-02 -9.291145549785094840e-03 6.320817125846342144e+00 2.638771520658639291e-02 9.996028929125091445e-01 9.886605439628808750e-03 3.997997084958033187e-01 9.027477443516873298e-03 -1.012793185961395614e-02 9.999079605880002442e-01 1.103594341514753108e-01
9.996660930378480359e-01 -2.379712403403352189e-02 -1.006972284392240909e-02 6.550960461661971657e+00 2.395357932594840283e-02 9.995895823763211174e-01 1.571282413213797788e-02 4.030508850502054763e-01 9.691670027404257134e-03 -1.594878341569739774e-02 9.998258387537497516e-01 5.889742878496589257e-02
9.997088245037578647e-01 -2.149251435602978974e-02 -1.096986946005043713e-02 6.762743609898476116e+00 2.168132660505157558e-02 9.996136200087946122e-01 1.739341167104102234e-02 4.011493044429686461e-01 1.059180277194475377e-02 -1.762618845834449874e-02 9.997885432402549011e-01 3.681268327375743221e-02
9.997500807726649175e-01 -2.021551787362362018e-02 -9.545094664338104121e-03 6.989662217501316555e+00 2.038340058872728511e-02 9.996332100166831491e-01 1.783150055887670199e-02 3.958595794391857603e-01 9.181120600963913261e-03 -1.802160561223532798e-02 9.997954434561440173e-01 4.258372090666436016e-02
9.997829572219797400e-01 -1.887432949263018883e-02 -8.820325089051655326e-03 7.213552761380876532e+00 1.898053657024728613e-02 9.997464299540755883e-01 1.211672503550586741e-02 3.894565266251709401e-01 8.589393458122016739e-03 -1.228150969075787052e-02 9.998876871127764243e-01 7.454849802412585880e-02
9.998177701939078288e-01 -1.713880906948446123e-02 -8.407593482198962714e-03 7.428207240838084147e+00 1.720196985741790849e-02 9.998239172324890900e-01 7.498450700334310763e-03 3.867294939897494843e-01 8.277598535000537522e-03 -7.641711428771407084e-03 9.999365407909307502e-01 1.293992237050223815e-01
9.998580310489604273e-01 -1.488894009647176095e-02 -7.889056325048403318e-03 7.646699797615166716e+00 1.494987744956672443e-02 9.998584224117992303e-01 7.722454042008311884e-03 3.946764632307138143e-01 7.772960255851505545e-03 -7.839298118560720022e-03 9.999390613901775193e-01 1.495328103487260640e-01
9.998811493164103670e-01 -1.287922271833471036e-02 -8.474247097282986210e-03 7.870239144785796448e+00 1.297446053625061699e-02 9.998521882679397565e-01 1.128117855569772676e-02 4.194737529622558636e-01 8.327701692997497782e-03 -1.138978656445282026e-02 9.999004561187722073e-01 1.194149904213000490e-01
9.998847065580416249e-01 -1.134442788022420497e-02 -1.009344081121264433e-02 8.098106854354069739e+00 1.149505450586899881e-02 9.998215283040168266e-01 1.499250685266311119e-02 4.227374375062674661e-01 9.921558004978958678e-03 -1.510680296722113382e-02 9.998366602554956684e-01 8.376637669496471428e-02
9.998890587926430040e-01 -9.574669138997706636e-03 -1.141033819136115512e-02 8.323365225622753272e+00 9.793462274400616119e-03 9.997662360388854808e-01 1.927592730115558137e-02 4.130954030689171219e-01 1.122311023925194953e-02 -1.938553552312311315e-02 9.997490899265871755e-01 6.991733931579932615e-02
9.999070277075353674e-01 -7.553354796653801925e-03 -1.135265486121518966e-02 8.525492216724646966e+00 7.775953008859458684e-03 9.997758339213677070e-01 1.969305617819857440e-02 4.055316487497424571e-01 1.120136134074851617e-02 -1.977950298034666238e-02 9.997416170020954063e-01 9.230964316449652429e-02
9.999370967235171603e-01 -5.167517709557398024e-03 -9.954865989298650186e-03 8.759465771149269386e+00 5.335414012115542205e-03 9.998427179777432672e-01 1.691368275090757156e-02 4.257531179237128427e-01 9.865898512695408379e-03 -1.696573215633318671e-02 9.998073954412103337e-01 1.216319072621025871e-01
9.999560862638441350e-01 -2.630023571155234649e-03 -8.994916337064081877e-03 9.018569063532753560e+00 2.771144152750613064e-03 9.998727091243724274e-01 1.571261621668726752e-02 4.436384040641210280e-01 8.952446815272937022e-03 -1.573685242681634525e-02 9.998360891524752381e-01 1.448553939468810725e-01
9.999588331638951111e-01 -9.229899046665570347e-05 -9.073227562320736531e-03 9.240009170080673684e+00 2.475525772239037161e-04 9.998535562051064085e-01 1.711154176933169652e-02 4.487810696358700557e-01 9.070319466413940754e-03 -1.711308344216296712e-02 9.998124182464822596e-01 1.409847760841829722e-01
9.999507448844150437e-01 1.878706135971343078e-03 -9.745679471338621058e-03 9.475887618832320669e+00 -1.678849483219850471e-03 9.997889555092205338e-01 2.047500686677515211e-02 4.429435625307639457e-01 9.782089220411960273e-03 -2.045763683900124127e-02 9.997428648534819606e-01 1.204381489802025945e-01
9.999407136540768848e-01 2.253041021877838414e-03 -1.065330855317945385e-02 9.718205486310949937e+00 -1.990817022819203318e-03 9.996963463146816276e-01 2.456118508252175259e-02 4.323224221547686263e-01 1.070541099431330384e-02 -2.453852015158965172e-02 9.996415633636953624e-01 1.003627859719294080e-01
9.999365282529084631e-01 3.267838258683836844e-03 -1.078242545234547010e-02 9.927125502235917054e+00 -3.003807056262699192e-03 9.996974414535803044e-01 2.441316641351620742e-02 4.260412042377468844e-01 1.085894141659543392e-02 -2.437922854153452140e-02 9.996438048660285514e-01 9.339369570299838053e-02
9.999239880523177471e-01 5.199404950501978692e-03 -1.117963799543744696e-02 1.017263952286610973e+01 -4.954699117200107167e-03 9.997499450997515691e-01 2.180592189525192015e-02 4.230224346826101378e-01 1.129022029042611730e-02 -2.174887264215104310e-02 9.996997136463474654e-01 1.113721138918403464e-01
9.999035666174990178e-01 7.501107140263248846e-03 -1.168720913113730636e-02 1.044032412113649322e+01 -7.261288802802180059e-03 9.997649417826448559e-01 2.042877547155051016e-02 4.142294331351154546e-01 1.183770039014956504e-02 -2.034194125483149845e-02 9.997229987728890599e-01 1.436983253368404878e-01
9.998824594372595076e-01 9.773601077831386985e-03 -1.181287567311890482e-02 1.070612938143289128e+01 -9.527970485336836881e-03 9.997408708051142012e-01 2.067387288977183199e-02 4.260603287438781694e-01 1.201187279851486517e-02 -2.055889014035791260e-02 9.997164832831700876e-01 1.476884030890314170e-01
9.998630591778369103e-01 1.141951042061666380e-02 -1.197738173771298667e-02 1.097812135337659178e+01 -1.116165504867656227e-02 9.997091393074983845e-01 2.137882694712324103e-02 4.262883840951391390e-01 1.221803372526963569e-02 -2.124221190964155001e-02 9.996996989521773624e-01 1.347832618687010431e-01
9.998374740516383641e-01 1.328878917802143837e-02 -1.218333140899915956e-02 1.122672158573810108e+01 -1.301745027258044939e-02 9.996713130014353021e-01 2.208646532126231840e-02 4.216708457787327613e-01 1.247282928770775123e-02 -2.192427978676901243e-02 9.996818266255474983e-01 1.522878848451340583e-01
9.998172370542610654e-01 1.451691860987003313e-02 -1.243991813711031909e-02 1.147665947591442048e+01 -1.423016543248818017e-02 9.996379083963445877e-01 2.283756748748655072e-02 4.121764302652363154e-01 1.276694485566596572e-02 -2.265637153332133655e-02 9.996617897809221276e-01 1.645506119095465625e-01
9.997960783228291293e-01 1.561994545009344829e-02 -1.279918256871680031e-02 1.174283761192495312e+01 -1.532559403918873353e-02 9.996229880406525270e-01 2.278174593887523011e-02 4.035277514097266871e-01 1.315020675264164281e-02 -2.258094517095287843e-02 9.996585281872751860e-01 1.478516946018584577e-01
9.997764886691717923e-01 1.627925186994074250e-02 -1.348920542124031063e-02 1.202892492803771951e+01 -1.598760618326916863e-02 9.996420069077320836e-01 2.145354222524824619e-02 3.927172902862808845e-01 1.383362399626654818e-02 -2.123308701147448921e-02 9.996788418602712278e-01 1.272783102516462095e-01
9.996833701542620076e-01 1.894691470159282076e-02 -1.655819616707169054e-02 1.232854729531257121e+01 -1.867717046195038755e-02 9.996927505143259340e-01 1.629625333126917541e-02 3.791433432385824531e-01 1.686187239163877347e-02 -1.598183319873597991e-02 9.997300927085549516e-01 1.654382460979552660e-01
9.996005238601923804e-01 2.177862127851415072e-02 -1.801344924316368099e-02 1.260806481975498450e+01 -2.155059645626973205e-02 9.996863622207801114e-01 1.275731092990258810e-02 3.641910193064427093e-01 1.828563618822156081e-02 -1.236401411315306807e-02 9.997563536503289994e-01 2.154655110973294208e-01
9.996148011074335038e-01 2.360182144011501240e-02 -1.460148730968894790e-02 1.288084123685875326e+01 -2.340586286702481603e-02 9.996355803268948126e-01 1.344887088056710353e-02 3.558222173437216029e-01 1.491358408955100953e-02 -1.310192998077245805e-02 9.998029428044222788e-01 2.128567652512722841e-01
9.996306558432553890e-01 2.463055552588421307e-02 -1.148423410025342303e-02 1.316499528248773743e+01 -2.443613717384173281e-02 9.995606774310621390e-01 1.677281531458854266e-02 3.831548057027711063e-01 1.189231257595758928e-02 -1.648599005344963606e-02 9.997933711690397685e-01 2.011685368833855403e-01
9.996372585954962364e-01 2.555471715609408667e-02 -8.503391014941928672e-03 1.345620754707108624e+01 -2.539416978404619718e-02 9.995066708912937470e-01 1.848109804048326393e-02 3.781707386979832886e-01 8.971475277790141173e-03 -1.825845762584971804e-02 9.997930492639289790e-01 1.742316611343636690e-01
9.996023447867263823e-01 2.704815500851774981e-02 -7.971800769823631297e-03 1.372682167531676534e+01 -2.692469588238436198e-02 9.995217823697851722e-01 1.520747579215367754e-02 3.509331195782852686e-01 8.379322676665393668e-03 -1.498679014876173540e-02 9.998525806700292451e-01 1.706352012319211631e-01
9.995256016824676237e-01 2.870557064940552211e-02 -1.116072555853946970e-02 1.401767878472249329e+01 -2.858961668028649900e-02 9.995369859272227320e-01 1.041381686017207875e-02 3.346935293675351031e-01 1.145449254115309991e-02 -1.008979569738200147e-02 9.998834885242429138e-01 2.097445109339310110e-01
9.994411527432238707e-01 3.049001475797954303e-02 -1.370186860811213082e-02 1.429353508366525283e+01 -3.037845917028622611e-02 9.995041943024911557e-01 8.277366137085148332e-03 3.054710379380072838e-01 1.394745215926663541e-02 -7.856498697657946992e-03 9.998718637937956677e-01 2.496680659025546090e-01
9.994274065320905009e-01 3.166794359380811774e-02 -1.191639295588135979e-02 1.455829912083952316e+01 -3.154222091180976240e-02 9.994462692916817881e-01 1.059448436167357080e-02 2.997920857847693465e-01 1.224530001634026137e-02 -1.021254853004586322e-02 9.998728701590173795e-01 2.466189855007710208e-01
9.994352580216252502e-01 3.258112412514579254e-02 -8.224072834619757660e-03 1.483382522318038177e+01 -3.247888559247270185e-02 9.993970625368016059e-01 1.227327924734920687e-02 3.157216053073507722e-01 8.618991467588151684e-03 -1.199923929064613572e-02 9.998908596654574321e-01 2.212799704386773647e-01
9.993958139147907094e-01 3.415925833307263682e-02 -6.414998030204983361e-03 1.510888485354322341e+01 -3.408452832956601619e-02 9.993537269411667534e-01 1.141811619099276573e-02 3.006859507747230986e-01 6.800886570450754252e-03 -1.119256534197623359e-02 9.999142335335173826e-01 2.077641131530885976e-01
9.993107549201832862e-01 3.636913974911134412e-02 -7.436449069485691864e-03 1.538271600798700511e+01 -3.629543920713027699e-02 9.992928886274655698e-01 9.816508103044728831e-03 2.673036776387396340e-01 7.788208626825303925e-03 -9.539832938015286798e-03 9.999241648214627354e-01 2.227319623721015218e-01
9.992499144635489383e-01 3.764631142506867645e-02 -9.075443828099263519e-03 1.562840077963118190e+01 -3.756440284213083403e-02 9.992533823392825143e-01 9.032913296262238753e-03 2.578061913500708791e-01 9.408723808485086951e-03 -8.685224210716843349e-03 9.999180180378315352e-01 2.446548869861777942e-01
9.991830582056456800e-01 3.879203414013830675e-02 -1.133112007189080589e-02 1.589975581784666225e+01 -3.868780405112037801e-02 9.992082784622551284e-01 9.277395658190785641e-03 2.647256527280457683e-01 1.168203802918722431e-02 -8.831440412913818885e-03 9.998927620738724542e-01 2.589346768284881972e-01
9.990928197928758969e-01 4.038460383592947650e-02 -1.351374157422962317e-02 1.617312599846820120e+01 -4.023801264994596866e-02 9.991301300956086928e-01 1.094922248906007173e-02 2.679379347406360412e-01 1.394416638967061785e-02 -1.039552346672264690e-02 9.998487352172577003e-01 2.667588321264255935e-01
9.990450737221276967e-01 4.192566745143295331e-02 -1.229549024237190646e-02 1.643327433401049475e+01 -4.177487455336047900e-02 9.990516451516771035e-01 1.227477803377418145e-02 2.561696047481502592e-01 1.279845801647221809e-02 -1.174941396322752574e-02 9.998490639811197234e-01 2.417842681904826263e-01
9.990467777901061996e-01 4.260048008160161742e-02 -9.525486025569135026e-03 1.670466772460193638e+01 -4.249573009842808752e-02 9.990367352191017458e-01 1.094141700877836361e-02 2.406976238001869717e-01 9.982420077706726999e-03 -1.052619492387894991e-02 9.998947697182022365e-01 2.346856257019819259e-01
9.990190190458284603e-01 4.382233426564573209e-02 -6.372017280314288060e-03 1.697438945022225099e+01 -4.376314669607166141e-02 9.990000410600600178e-01 9.149041111308041027e-03 2.233123014654601057e-01 6.766577862459261308e-03 -8.861206549240616473e-03 9.999378442895953123e-01 2.644483552876979449e-01
9.989633552517046544e-01 4.505265998120280141e-02 -6.517107707770961912e-03 1.724264960096313004e+01 -4.501039098559150159e-02 9.989654152475623272e-01 6.493369124691776573e-03 2.166239084763947331e-01 6.802908758813687971e-03 -6.193300241667937939e-03 9.999576808368121350e-01 2.791598556415454402e-01
9.988315912881677860e-01 4.689294212690500036e-02 -1.168350219023513506e-02 1.749328119038882079e+01 -4.679227007399346799e-02 9.988663524671528293e-01 8.746048838651062848e-03 2.156970672059502214e-01 1.208038517883210788e-02 -8.189132289098297393e-03 9.998934955315404993e-01 2.910077049742501032e-01
9.986210409777374064e-01 4.926700058331818372e-02 -1.813226875113411671e-02 1.773866205620414149e+01 -4.895712437911992759e-02 9.986535544005995524e-01 1.715454037787451577e-02 1.899801167404649438e-01 1.895300738847030195e-02 -1.624318123312277692e-02 9.996884227469879924e-01 2.960731808248400765e-01
9.984796063947941613e-01 5.061676532881165952e-02 -2.182701723426521898e-02 1.803485143816320857e+01 -5.013208209673190169e-02 9.984956343684537883e-01 2.220906328023518686e-02 1.708025030200951422e-01 2.291833236392721782e-02 -2.108106294253133881e-02 9.995150518260691452e-01 2.761878740144593225e-01
9.984338190601862451e-01 5.207273344821709837e-02 -2.045334662401853895e-02 1.831493948790146575e+01 -5.166491951058302390e-02 9.984644777094030532e-01 1.998556590276927281e-02 1.587889804255538939e-01 2.146264310042673637e-02 -1.889754438332898884e-02 9.995910352576317104e-01 2.729412166347442437e-01
9.984050937197779252e-01 5.365066572223326641e-02 -1.757483718168311587e-02 1.860141126861649497e+01 -5.342937259674394174e-02 9.984892281162098815e-01 1.282822980046722898e-02 1.461615764285413011e-01 1.823652868063969923e-02 -1.186875745208707499e-02 9.997632527844898531e-01 2.945846057784934358e-01
9.983563750842257001e-01 5.536413297918515303e-02 -1.481084427532407960e-02 1.889926551106172781e+01 -5.525430738648282741e-02 9.984424321359283150e-01 7.724715252502441752e-03 1.492673737159886382e-01 1.521544754270694882e-02 -6.893655775804081835e-03 9.998604740993214390e-01 3.290265114284174897e-01
9.983193726093352316e-01 5.615885491942224778e-02 -1.430431008621508085e-02 1.921253606967681193e+01 -5.603105332118218235e-02 9.983867851908833080e-01 9.184128697475247433e-03 1.210600630816669188e-01 1.479700431243261699e-02 -8.367208038063438796e-03 9.998555088076604980e-01 3.455404255595991847e-01
9.982197153297129866e-01 5.758724759800159382e-02 -1.552767983805652605e-02 1.951568539356543752e+01 -5.738079855661509104e-02 9.982620445189183123e-01 1.342886554830008232e-02 1.060635395610332182e-01 1.627402482706372458e-02 -1.251396767598596423e-02 9.997892561579827531e-01 3.051909001848667757e-01
9.980076275781386563e-01 6.057889650288481032e-02 -1.763441505545639346e-02 1.982297124387227427e+01 -6.016849826140203972e-02 9.979245794405828818e-01 2.294091465707812430e-02 6.898188755935089067e-02 1.898755152258965392e-02 -2.183417153977801686e-02 9.995812832583194085e-01 2.902327149108269166e-01
9.978755131317201821e-01 6.287951608001920989e-02 -1.704777843734466697e-02 2.014778918025563925e+01 -6.241790297825761807e-02 9.977014590183328480e-01 2.637809812110520832e-02 6.426701922045036097e-02 1.866723546492640717e-02 -2.525797161753971440e-02 9.995066629041872153e-01 2.911881011920911533e-01
9.978433860081028506e-01 6.413783322321336966e-02 -1.396120873404370355e-02 2.046430970042835540e+01 -6.383971405713331770e-02 9.977424669234334909e-01 2.084371863763252383e-02 4.786722195430247184e-02 1.526656179326980889e-02 -1.990748720890213666e-02 9.996852624921703789e-01 3.214571764030471623e-01
9.977891940583283326e-01 6.541887072909889633e-02 -1.170878187349463223e-02 2.077942169334459166e+01 -6.529681232552177195e-02 9.978104296042684673e-01 1.052011754073419250e-02 2.134693409502924633e-02 1.237135888078656418e-02 -9.732313469814003054e-03 9.998761081023829211e-01 3.559414576402172292e-01
9.976880703310335718e-01 6.693244502609697888e-02 -1.177124130952734819e-02 2.108292352933067448e+01 -6.688411495692565822e-02 9.977508133542075663e-01 4.453045861650079505e-03 -5.078694500814565083e-03 1.204281883810314098e-02 -3.655441675873123252e-03 9.999208009940522279e-01 3.826045311977606667e-01
9.975455308510013941e-01 6.840857499405408881e-02 -1.493923513693446066e-02 2.139020345639253762e+01 -6.834194741396640294e-02 9.976497927310773450e-01 4.926386840792012882e-03 -3.736221528232165634e-02 1.524113194157153232e-02 -3.893318754142002965e-03 9.998762673282221014e-01 3.800500512507576367e-01
9.972451531623689469e-01 7.043766431860774835e-02 -2.325166530600474360e-02 2.173001789066745459e+01 -7.027600565780571518e-02 9.974978739602758937e-01 7.698991720588820031e-03 -8.106166122459232404e-02 2.373578570318221267e-02 -6.043748014996214168e-03 9.996999977928298087e-01 3.744666908910886938e-01
9.967049212344462061e-01 7.380318272505105581e-02 -3.365100602788900080e-02 2.205696460804089654e+01 -7.345637372064937887e-02 9.972329284772313285e-01 1.143011463360757082e-02 -9.789971147730311407e-02 3.440147012626913053e-02 -8.920570630730085410e-03 9.993682816023198301e-01 3.956076161980855432e-01
9.961248401315819789e-01 7.633136320097236305e-02 -4.369011174981628914e-02 2.235145492004710732e+01 -7.577570747087977732e-02 9.970232244366811214e-01 1.423840198797047749e-02 -8.528331123802111724e-02 4.464689272634598388e-02 -1.087257677667216593e-02 9.989436630982337917e-01 4.028105572922711652e-01
9.955471429810460737e-01 7.726957201393920560e-02 -5.399351204597872128e-02 2.261930832010666848e+01 -7.655077182825316406e-02 9.969489091041006112e-01 1.525948782373013485e-02 -1.015174153774635046e-01 5.500786702622913887e-02 -1.105829448543084112e-02 9.984246835331637149e-01 4.127076826858779302e-01
9.949582866728912123e-01 7.789379882558816748e-02 -6.317091012058982658e-02 2.291172748858090102e+01 -7.717409409531697517e-02 9.969227063006187439e-01 1.375779280325685472e-02 -1.312069855300757593e-01 6.404816142179257932e-02 -8.813272194195864717e-03 9.979078911661731777e-01 4.148584016543773734e-01
9.942958402456809619e-01 7.939520434609641242e-02 -7.121926422658995948e-02 2.323177405017282027e+01 -7.879948362271159412e-02 9.968282407851737359e-01 1.114000690887006866e-02 -1.880634907707279813e-01 7.187783699395279557e-02 -5.464421284752911043e-03 9.973984743567103628e-01 4.499073241856098582e-01
9.935345201472566279e-01 8.173567028079048447e-02 -7.879363857260610060e-02 2.351177010125740452e+01 -8.142508818567339990e-02 9.966538035621713698e-01 7.151982872741867794e-03 -2.189555239814224286e-01 7.911455169383119213e-02 -6.899629023264593382e-04 9.968652926356085242e-01 4.923382390469197012e-01
9.928122845264817364e-01 8.252596953008414782e-02 -8.667890196828682836e-02 2.382834974870052136e+01 -8.263637212004459887e-02 9.965770658800898740e-01 2.319863071091765420e-03 -2.406172825400176574e-01 8.657365474638210878e-02 4.859641442608980330e-03 9.962336002107655686e-01 4.943925696727668462e-01
9.920486916947370837e-01 8.194961654771906745e-02 -9.551781851802432222e-02 2.415953459379468882e+01 -8.261073032149898743e-02 9.965774337771646785e-01 -2.980892797374326900e-03 -2.716892599243132533e-01 9.494661943697094153e-02 1.084798754620785489e-02 9.954232570237085964e-01 5.133862146450008934e-01
