1.000000000000000000e+00 0.000000000000000000e+00 0.000000000000000000e+00 0.000000000000000000e+00 0.000000000000000000e+00 1.000000000000000000e+00 0.000000000000000000e+00 0.000000000000000000e+00 0.000000000000000000e+00 0.000000000000000000e+00 1.000000000000000000e+00 0.000000000000000000e+00
9.999999942571827782e-01 9.611483242899943741e-05 4.740857923961303857e-05 -7.124897657115220571e-03 -9.611977012185794647e-05 9.999999899557791005e-01 1.041606042206680657e-04 6.114654759252076757e-03 -4.739856738441042635e-05 -1.041651605242310499e-04 9.999999934514975930e-01 -1.099568487892957141e-03
9.999999569442432623e-01 -2.911269051419332517e-04 3.683254919862209497e-05 -1.159130856388807494e-03 2.911236010287893573e-04 9.999999536022793345e-01 8.967992001335868850e-05 6.229180252567608281e-03 -3.685865572724262413e-05 -8.966919332776408758e-05 9.999999953004375941e-01 8.621518600399173411e-04
9.999998151812728997e-01 -5.432020269651090813e-04 -2.730732100224807766e-04 5.144866079048238117e-03 5.432185343794284456e-04 9.999998506339301541e-01 6.037997397007691802e-05 2.862099618424280428e-03 2.730403707103599802e-04 -6.052830123965367848e-05 9.999999608926395389e-01 4.572930570978600562e-03
9.999999334311999721e-01 -1.163904327732807827e-04 -3.458191184706451088e-04 3.240789905897195362e-03 1.164314897959645802e-04 9.999999861762705056e-01 1.187062216532486643e-04 -5.260886235725006780e-04 3.458052974216241403e-04 -1.187464779862814056e-04 9.999999331589828344e-01 1.178583546037435944e-03
9.999999905093753805e-01 8.753116330611781409e-05 -1.063933487582255149e-04 -6.829044306185416691e-03 -8.752914022242134281e-05 9.999999959884514622e-01 1.901964070870668281e-05 3.431050708419659465e-03 1.063950131427003208e-04 -1.901032800985621413e-05 9.999999941593542552e-01 -1.235629108502482630e-03
9.999999895271519668e-01 6.857414948510906255e-05 1.274491345980191103e-04 -7.373032460724836604e-03 -6.856907794048281693e-05 9.999999968572544917e-01 -3.979663922141005302e-05 -6.640092236724379031e-04 -1.274518632181658893e-04 3.978789973498220747e-05 9.999999910864727504e-01 -3.988209488091963920e-03
9.999999890253578050e-01 -6.758634449830509935e-05 1.318384250827004647e-04 1.677021709258452210e-03 6.758413094929046890e-05 9.999999975751693304e-01 1.679424522452727103e-05 -4.326026568936033878e-03 -1.318395598246579266e-04 -1.678533485483150138e-05 9.999999911682914133e-01 -1.709482183118841720e-03
9.999999714868701428e-01 -2.275077139430980837e-04 -7.257064792119617865e-05 4.308912656499598419e-03 2.275136524687919554e-04 9.999999707704320118e-01 8.183320240144666417e-05 -7.834649379200600778e-04 7.255202811518447585e-05 -8.184971088129653185e-05 9.999999940184139957e-01 2.876402900168063912e-03
9.999999872632648890e-01 -1.193921210984596814e-04 -1.059197405385723311e-04 -1.341061866548179512e-03 1.194014187194920938e-04 9.999999890191716423e-01 8.777788942159455777e-05 9.520995667175371352e-03 1.059092593870822395e-04 -8.779053527088153113e-05 9.999999905380253518e-01 3.673572425906532213e-03
9.999999930972922613e-01 -5.122088740426161284e-05 -1.057442011680289267e-04 -2.097470949928052168e-03 5.122916136841675072e-05 9.999999956267356938e-01 7.824386062121761797e-05 6.622146598107872886e-03 1.057401929856066354e-04 -7.824927726786852511e-05 9.999999913480310809e-01 3.308519254022334200e-03
9.999999975843681943e-01 -6.648210467371575840e-05 2.028283608732963573e-05 -4.520440307359237589e-03 6.648207852643268922e-05 9.999999977892347625e-01 1.289804979324278813e-06 2.059818886819854682e-03 -2.028292179143869126e-05 -1.288456531107088047e-06 9.999999997934714280e-01 -5.907078236261012342e-05
9.999999999255817507e-01 -1.866395844633889807e-06 -1.205624503440820589e-05 -4.973080103768030575e-04 1.866176521122263573e-06 9.999999998327900874e-01 -1.819167890151859957e-05 -1.865464080681453977e-03 1.205627898526619152e-05 1.819165640108339247e-05 9.999999997618549408e-01 -1.412929960797813106e-03
9.999999996895826415e-01 8.730204359733787295e-06 2.333705527330535919e-05 -2.438646427751988820e-03 -8.730624621654937048e-06 9.999999997997384149e-01 1.800831143489727110e-05 1.022562115356956706e-03 -2.333689805239284144e-05 -1.800851517637654556e-05 9.999999995655413088e-01 -3.647367943911615853e-03
9.999999999497463099e-01 -2.002570187657611877e-06 -9.823294450632473170e-06 5.593455393502941818e-03 2.003111861956634851e-06 9.999999984776672957e-01 5.514211649255242243e-05 7.343568881510185130e-03 9.823184009719576661e-06 -5.514213616693895237e-05 9.999999984314249524e-01 -8.477263793729720911e-04
9.999999948732307686e-01 -9.898525033017525107e-05 -2.134147506044372275e-05 6.353714690723516467e-03 9.898637610055067721e-05 9.999999937092639568e-01 5.275575291808739972e-05 1.023658256519895463e-02 2.133625288478118031e-05 -5.275786516289772003e-05 9.999999983806859838e-01 9.736215378151710136e-04
9.999999881422456660e-01 -1.485269700755014887e-04 -4.068473521697157149e-05 -2.969594849735229542e-03 1.485273807399945141e-04 9.999999889188945223e-01 1.009098701712932695e-05 4.445928050724730005e-03 4.068323598241300971e-05 -1.009702969463076044e-05 9.999999991214622019e-01 2.336476478845561384e-03
9.999999958195472383e-01 -9.141424199104696805e-05 -2.083718486079595250e-06 -1.966427995180495929e-03 9.141421708770598200e-05 9.999999957503388215e-01 -1.194835790232230937e-05 1.359843664478368552e-04 2.084810727305176212e-06 1.194816737087872915e-05 9.999999999264473916e-01 -2.825553915016220524e-03
9.999999992429853268e-01 -1.665211241574024244e-05 3.516726611281971134e-05 -5.220223433357719899e-03 1.665223967274805409e-05 9.999999998548052549e-01 -3.618331297520176136e-06 4.404872901397446916e-03 -3.516720585485408156e-05 3.618916908524992837e-06 9.999999993750855465e-01 -4.989570707185781752e-03
9.999999999154399744e-01 3.559977911519816316e-06 1.250785993232754939e-05 -1.419460046802989211e-03 -3.560060853575536647e-06 9.999999999716767674e-01 6.631178791609571462e-06 1.132586348339689741e-02 -1.250783632512326052e-05 -6.631223319791347015e-06 9.999999998997904926e-01 -2.123542830962454626e-03
9.999999983777607682e-01 -5.467246780637745812e-05 1.598123078332427634e-05 1.105682377320981727e-03 5.467210661371139051e-05 9.999999982500864526e-01 2.260061756807744704e-05 5.919343636472594768e-03 -1.598246638689489763e-05 -2.259974380386063755e-05 9.999999996169062211e-01 9.249566546197444776e-04
9.999999942204581549e-01 -1.074981824848743588e-04 -1.795665157517330395e-06 -3.341133113438796588e-03 1.074982679792139533e-04 9.999999930853954444e-01 4.767946626131714196e-05 5.978050202028424749e-03 1.790539689136075553e-06 -4.767965901664597084e-05 9.999999988617220836e-01 8.797576812925989422e-04
9.999999910610889442e-01 -1.229975428272283048e-04 -5.243497333809230107e-05 -3.302705009393390109e-03 1.230002319791201934e-04 9.999999911203791836e-01 5.128532359418181297e-05 6.007708673431102174e-03 5.242866490370444199e-05 -5.129177264963127430e-05 9.999999973101946216e-01 -1.174457996991337070e-04
9.999999979429509134e-01 -3.026387884822815465e-05 -5.655259255259586110e-05 3.576272704968608794e-03 3.026408897278468950e-05 9.999999995351429583e-01 3.714708039380122793e-06 7.605731054430777717e-03 5.655248010483292058e-05 -3.716419544431439053e-06 9.999999983940025539e-01 -9.271946902145963062e-04
9.999999996982291695e-01 2.414343674006815801e-05 -4.542701821779336673e-06 4.210241321547856033e-03 -2.414326644549888280e-05 9.999999990060326471e-01 3.748382876584907959e-05 5.064722688219397938e-03 4.543606805712623235e-06 -3.748371907887709066e-05 9.999999992871632104e-01 -1.144699485054255549e-03
9.999999990457869581e-01 -4.367678116167282934e-05 -8.745663125568639618e-07 -2.949097497049731585e-03 4.367680820747937555e-05 9.999999985672566316e-01 3.094871915108644177e-05 1.997655028179457556e-03 8.732145708702388736e-07 -3.094875731981987444e-05 9.999999995207059511e-01 1.031766675856626457e-03
9.999999946364396264e-01 -1.018911975390483554e-04 -1.858237538659952021e-05 -5.895528636589935853e-03 1.018921431997013707e-04 9.999999935137764417e-01 5.089634762758385911e-05 2.005764006966237641e-03 1.857718937625994191e-05 -5.089824075265210739e-05 9.999999985321285090e-01 1.047210504453376014e-03
9.999999964150997345e-01 -6.067411472693630018e-05 -5.906312139544493217e-05 -5.027622916779286855e-03 6.067563933662610488e-05 9.999999978261094880e-01 2.581177622442318536e-05 9.353510436909170511e-04 5.906155516037623639e-05 -2.581535982454242819e-05 9.999999979226499303e-01 2.060049898956279203e-03
9.999999976019712244e-01 -5.960523630458775045e-05 -3.526008080610598563e-05 2.685727099286353177e-03 5.960555297007531068e-05 9.999999981832700113e-01 8.979867065152800139e-06 8.010236825947480988e-03 3.525954549494954700e-05 -8.981968740233040193e-06 9.999999993380443986e-01 5.316436416746392508e-04
9.999999967945596424e-01 -7.866209137479009930e-05 -1.493841196957230850e-05 8.953151221694098313e-03 7.866219668913538362e-05 9.999999968812820494e-01 7.049445643871295658e-06 9.009636808192887300e-03 1.493785739884623461e-05 -7.050620709575290740e-06 9.999999998635745735e-01 -9.108107706094248661e-04
9.999999973978810353e-01 -6.205199429105937741e-05 -3.679385576270470222e-05 5.070164873761280611e-03 6.205299883865702962e-05 9.999999977020257447e-01 2.730153449351643759e-05 7.119011106076344499e-03 3.679216156349083980e-05 -2.730381759156350833e-05 9.999999989504192444e-01 -1.853851289877540484e-03
9.999999984984881962e-01 -3.693527970373941571e-05 -4.048220195942178442e-05 -3.678765665083341772e-03 3.693644930542938274e-05 9.999999989004932921e-01 2.889138395215931702e-05 9.512624736385944099e-04 4.048113480356402353e-05 -2.889287917757901576e-05 9.999999987632396392e-01 1.284211151191715561e-03
9.999999999823110386e-01 -5.926652876647681300e-06 -5.027586068754529763e-07 -5.273455969908190030e-03 5.926671524748347660e-06 9.999999992942445459e-01 3.709967038313620176e-05 1.313470046098713239e-04 5.025387296524295039e-07 -3.709967336216506346e-05 9.999999993116808206e-01 -5.437744665637457694e-04
9.999999998897309839e-01 -1.317237861498771835e-05 6.857581016298372391e-06 -5.979339665279263067e-04 1.317198568178132806e-05 9.999999982718341673e-01 5.729599021306344101e-05 5.534017319276118146e-03 -6.858335728923542948e-06 -5.729589987878650349e-05 9.999999983350715826e-01 -1.857716159992782836e-03
9.999999968870864064e-01 -7.495070764621067794e-05 -2.466208992459815861e-05 2.912633390032984184e-03 7.495059970864790025e-05 9.999999971816223576e-01 -4.377554313091850554e-06 8.955708202360154399e-03 2.466241795588460520e-05 4.375705861034984438e-06 9.999999996863091489e-01 8.499564541212717471e-04
9.999999919337175802e-01 -1.103382016784959925e-04 -6.291300392451968434e-05 3.974553772281071151e-03 1.103390617941651372e-04 9.999999938192358773e-01 1.366820154599289779e-05 7.637064140999487959e-03 6.291149541089047378e-05 -1.367514319756900840e-05 9.999999979275671080e-01 1.934317385408265916e-03
9.999999970836143115e-01 -6.992947343083953562e-05 3.070244658316728843e-05 -1.026714797546149534e-03 6.992848642395349664e-05 9.999999970382758008e-01 3.214739613589511218e-05 -2.192653329148629767e-04 -3.070469454271906239e-05 -3.214524906652184010e-05 9.999999990119523563e-01 -1.167693602388659817e-03
9.999999986127138252e-01 -1.827533673270647377e-05 4.940227025450480913e-05 -4.879675217101946973e-04 1.827425373381859157e-05 9.999999995927297824e-01 2.192240945441846153e-05 -2.776369481294233086e-03 -4.940267087379950528e-05 -2.192150663438414661e-05 9.999999985394117941e-01 -3.141291310140705267e-03
9.999999935260498463e-01 -1.129436023599312953e-04 1.384351330430022795e-05 -5.973557874794231844e-03 1.129435752814869908e-04 9.999999936199598372e-01 1.956804611302675309e-06 6.787524868075269294e-03 -1.384373422453997140e-05 -1.955241062747375727e-06 9.999999999022640695e-01 -1.242515587367459384e-03
9.999999921665222447e-01 -1.209426865034089516e-04 -3.224627253250353885e-05 -3.493796765540385391e-03 1.209422776606438617e-04 9.999999926060862965e-01 -1.268040898515936380e-05 1.537660730220230011e-02 3.224780589680601285e-05 1.267650894818151360e-05 9.999999993996925296e-01 8.892430804419168100e-05
9.999999982412435262e-01 -2.873902227277694938e-05 -5.188045541045158262e-05 2.015261984846903644e-03 2.874013937594539520e-05 9.999999993551964561e-01 2.153163737143133031e-05 4.240344103918222175e-03 5.187983657879289607e-05 -2.153312838508180356e-05 9.999999984224035021e-01 -1.313978068646288783e-04
9.999999999003202911e-01 -1.354549183174586912e-05 3.984856048818177473e-06 3.088302853857778987e-04 1.354533349054197305e-05 9.999999991189030268e-01 3.973308376983525309e-05 2.550156444916676889e-03 -3.985394249468785080e-06 -3.973302978967057492e-05 9.999999992027014395e-01 -1.771297563743522803e-03
9.999999967414513469e-01 -7.245018916549857211e-05 3.560993503549875281e-05 -5.594951971036956490e-03 7.244972234225528914e-05 9.999999972895766698e-01 1.311046911700048596e-05 8.215813337474028519e-03 -3.561088479494832661e-05 -1.310788914437343216e-05 9.999999992800240323e-01 -1.596574080933339150e-03
9.999999943945510061e-01 -1.023843000162238742e-04 2.698801765177334994e-05 -2.733801151391420780e-03 1.023840541093611848e-04 9.999999947172300008e-01 9.112929365478089253e-06 8.601006158546154953e-03 -2.698895053009603932e-05 -9.110166171736467020e-06 9.999999995943007480e-01 -5.443859933789708646e-04
9.999999982827769696e-01 -5.532191199717170532e-05 -1.933732346999599198e-05 -3.377165044224105287e-04 5.532221326198395587e-05 9.999999983483697230e-01 1.557925963682003015e-05 4.463155995986485894e-03 1.933646156362727012e-05 -1.558032939359988984e-05 9.999999996916772993e-01 -1.082830468680303238e-03
9.999999960026494383e-01 2.429303067316641567e-05 -8.604969354984810174e-05 2.284677349074221066e-03 -2.428908224758235523e-05 9.999999986522504214e-01 4.588615917412037766e-05 -6.651422295284648012e-03 8.605080814774692841e-05 -4.588406892261329308e-05 9.999999952449553087e-01 1.713447411791110863e-03
9.999999956592738881e-01 -4.001505161821722372e-05 -8.414420823449344990e-05 3.016761613176904399e-03 4.001937929739040917e-05 9.999999978766692665e-01 5.143063932760380427e-05 8.767429155260594872e-06 8.414215005614000755e-05 -5.143400650334249734e-05 9.999999951373207407e-01 2.023359577571506428e-03
9.999999946367628123e-01 -9.615583978968489853e-05 3.847764094504328724e-05 -2.217769683468982442e-03 9.615594447260611129e-05 9.999999953733212932e-01 -2.718776247888335162e-06 1.340147063349779281e-02 -3.847737934080628248e-05 2.722476087213042290e-06 9.999999992560396622e-01 -1.466390763383518432e-03
9.999999969653846632e-01 -5.961344471453190979e-05 5.015443956889316065e-05 -5.364405386583379065e-03 5.961439966294919477e-05 9.999999980418222689e-01 -1.903887776308850125e-05 9.830914789272194101e-03 -5.015330449759489607e-05 1.904186763211816201e-05 9.999999985610266151e-01 -1.956234024213491726e-03
9.999999976328658446e-01 -6.838518074672549204e-05 -7.598374133412734633e-06 -3.707472491326222180e-03 6.838525957398106027e-05 9.999999976079134711e-01 1.037445121350034098e-05 3.275800050086945595e-03 7.597664656515384630e-06 -1.037497080573007851e-05 9.999999999173176946e-01 3.228154543187990036e-04
9.999999939612123079e-01 -9.360520719424194312e-05 -5.758159860603744273e-05 -1.861902400241532540e-03 9.360764235408199432e-05 9.999999947246100973e-01 4.228934983208123264e-05 1.759743479128516403e-03 5.757763979891892370e-05 -4.229473965439331485e-05 9.999999974479851783e-01 2.605030170826945404e-03
9.999999969914417086e-01 -4.729164856150757089e-05 -6.148671935028143646e-05 -8.333330003803659982e-04 4.729691405943765316e-05 9.999999952145921522e-01 8.563771168840192990e-05 8.521887409845896929e-04 6.148266910747762738e-05 -8.564061956283679829e-05 9.999999944427828691e-01 1.326664004144970793e-03
9.999999997673683083e-01 -1.555752594544118061e-05 1.494077206143016943e-05 2.991151824966123245e-03 1.555686874386160942e-05 9.999999989115976318e-01 4.398623197223807161e-05 2.522876202649785692e-03 -1.494145636211374795e-05 -4.398599953037559486e-05 9.999999989209923390e-01 -1.382648352292230320e-03
9.999999999118731608e-01 -1.172051147208098943e-06 -1.322422171255807649e-05 3.413604327163265867e-03 1.172040270723514505e-06 9.999999999989749311e-01 -8.224746157244328601e-07 5.311156135751422293e-03 1.322422267652683760e-05 8.224591163315548380e-07 9.999999999122217709e-01 -1.374531472025529791e-03
9.999999968802746331e-01 -7.459628891781560430e-05 -2.597776686109114718e-05 2.880033896661793693e-04 7.459625213309696839e-05 9.999999972166956352e-01 -1.416973771362902991e-06 9.164399357944613342e-03 2.597787248977195403e-05 1.415035922895709258e-06 9.999999996615739351e-01 -1.021391232544810197e-03
9.999999905173130310e-01 -1.363419966222396789e-04 -1.939674984995409370e-05 -6.954236063930533535e-03 1.363421948124129632e-04 9.999999906532119898e-01 1.021674477470691501e-05 1.167411715665356287e-02 1.939535669727522195e-05 -1.021938927327149131e-05 9.999999997596921153e-01 -4.130491639322744074e-04
9.999999968983299681e-01 -7.814974397226858371e-05 -9.795795730517761440e-06 -5.149728518211760080e-03 7.814978293999049592e-05 9.999999969383946974e-01 3.977685100817727088e-06 7.114103371691132827e-03 9.795484845454669964e-06 -3.978450627790323931e-06 9.999999999441101517e-01 5.157219397582625455e-04
9.999999995708143130e-01 2.719215950694585602e-05 -1.090678359270418180e-05 5.111092209136402879e-03 -2.719175686420456404e-05 9.999999989489390950e-01 3.691517554767184591e-05 -3.420340047873729299e-03 1.090778738458220636e-05 -3.691487895722074715e-05 9.999999992591559472e-01 -7.282375082981352044e-04
9.999999993319593772e-01 -2.892255130187866298e-06 -3.643783783622154735e-05 9.581733588517396538e-03 2.893873721383343193e-06 9.999999990092161006e-01 4.442064139827610309e-05 4.346906336893535845e-03 3.643770932429156109e-05 -4.442074681510269074e-05 9.999999983495453382e-01 -1.645180834390330259e-03
9.999999958144255574e-01 -8.461045884948434619e-05 -3.481693643855322660e-05 3.049881501091576599e-03 8.461092639877129825e-05 9.999999963303461969e-01 1.342753500256479087e-05 1.204805838550082955e-02 3.481580020088933326e-05 -1.343048083960927762e-05 9.999999993037411716e-01 9.129261557857109308e-04
9.999999934907657373e-01 -7.837457848815759635e-05 -8.292101047983786450e-05 -1.647669316807812015e-03 7.837719234922941116e-05 9.999999964317677348e-01 3.151952128747304775e-05 5.685376632543481801e-03 8.291853985476139348e-05 -3.152602019829326313e-05 9.999999960653128683e-01 3.771935183641096818e-03
9.999999985933579749e-01 -2.276745394287828266e-05 -4.790539685835947811e-05 9.702434483597868796e-04 2.277003924856062968e-05 9.999999982845416691e-01 5.396704503496319911e-05 8.922000272559679930e-04 4.790416808396750126e-05 -5.396813576681755659e-05 9.999999973963155098e-01 1.424855891777557443e-03
9.999999983519847202e-01 3.186565629385072036e-06 -5.732256406448408350e-05 1.593092291781697187e-02 -3.186892677665558621e-06 9.999999999786465255e-01 -5.705311718349921782e-06 8.676868566876832709e-03 5.732254588290983604e-05 5.705494389807162813e-06 9.999999983407865667e-01 2.438030238899522011e-03
9.999999946155173625e-01 8.261811424995402133e-05 6.279500396720830049e-05 3.107283595059763884e-02 -8.261547899307618119e-05 9.999999957067072787e-01 -4.196746316104556083e-05 1.543084367081503858e-02 -6.279847097027719974e-05 4.196227509574135511e-05 9.999999971477597782e-01 4.116255609074087260e-03
9.999999958293959157e-01 3.875768775188521727e-06 9.124794009781875324e-05 1.107134192700017991e-02 -3.871066314492753447e-06 9.999999986645742300e-01 -5.153509941824951218e-05 9.327979477972167185e-03 -9.124813971409304189e-05 5.153474597648983373e-05 9.999999945089734776e-01 3.778085810656819921e-03
9.999999994933821412e-01 -1.499328162884354904e-05 2.807912590216879372e-05 1.575438566123745182e-04 1.499467996878423980e-05 9.999999986475381908e-01 -4.980043277804606356e-05 5.511877683624882493e-03 -2.807837919227896721e-05 4.980085379032297770e-05 9.999999983657398284e-01 3.230457450086505339e-03
9.999999964416990128e-01 -8.336049501264390020e-05 -1.294719606505810129e-05 -1.828205519967041406e-02 8.336031686090325326e-05 9.999999964308626810e-01 -1.375980064074888613e-05 -4.097836939868769744e-05 1.294834304264046728e-05 1.375872130942093068e-05 9.999999998215189922e-01 3.022161662111200273e-03
9.999999857270178705e-01 -1.684934663459500032e-04 -1.248662459226577974e-05 -2.782274455241849631e-02 1.684938451253084407e-04 9.999999853446551734e-01 3.033996704878350796e-05 -2.142678042184386483e-03 1.248151232305312143e-05 -3.034207053513188212e-05 9.999999994617853050e-01 3.249960659625962447e-03
9.999999565398293155e-01 -2.936373628527197887e-04 2.640906279710427882e-05 -3.556790672718351115e-02 2.936371727953736256e-04 9.999999568626826152e-01 7.200260803066219047e-06 1.107819910077681262e-02 -2.641117592348222144e-05 -7.192505807605740954e-06 9.999999996253587931e-01 1.193038695363701513e-03
9.999999545635990250e-01 -2.986397629766734431e-04 4.107422451809826589e-05 -4.257871658856392932e-02 2.986413860548404824e-04 9.999999546259316086e-01 -3.951527989484001550e-05 6.481576989107980594e-03 -4.106242182057184045e-05 3.952754456274911111e-05 9.999999983757253963e-01 4.091378143492176156e-03
9.999999590617402179e-01 -2.488096446195620028e-04 1.413162365162806276e-04 -3.090202652903933575e-02 2.488330031034193305e-04 9.999999553792267015e-01 -1.652987634104575456e-04 8.309189593270404836e-03 -1.412751022840606481e-04 1.653339207869334465e-04 9.999999763530197372e-01 1.576842049292589629e-02
9.999997846461970985e-01 -3.753990636508457721e-04 5.383150586739526714e-04 -5.272054962189377109e-02 3.755427250209386072e-04 9.999998938937608717e-01 -2.667960433346499129e-04 7.374339811994774091e-03 -5.382148465705128768e-04 2.669981461831615575e-04 9.999998195183681382e-01 1.894038105056090188e-02
9.999994497954504125e-01 -3.909250619353943964e-04 9.734404924634430757e-04 -8.536684880954194254e-02 3.911874649997085858e-04 9.999998872015788409e-01 -2.693867051465731704e-04 -7.855577018903159292e-03 -9.733350726464984944e-04 2.697673546473572923e-04 9.999994899220753242e-01 1.318164049969990266e-02
9.999993314366576458e-01 -7.725154621146339794e-04 8.604336689399193737e-04 -1.463737315276470163e-01 7.727629280858110822e-04 9.999996601449269162e-01 -2.873107857509598880e-04 -2.467564463853906889e-03 -8.602114244927468829e-04 2.879755049069342892e-04 9.999995885531222095e-01 1.251681897915545537e-02
9.999992973361845339e-01 -1.048483791269580684e-03 5.531806907883443994e-04 -2.089408488305296296e-01 1.048593043654028533e-03 9.999994307732591459e-01 -1.972454984195206619e-04 1.151884732219848016e-02 -5.529735671951089204e-04 1.978254212464905406e-04 9.999998275426534855e-01 4.618040154869056287e-03
9.999987316771363766e-01 -1.513210679632732113e-03 4.968274929700507722e-04 -2.799174260196380937e-01 1.513231441783601970e-03 9.999988542069943032e-01 -4.141620852003011157e-05 2.958264879673092387e-02 -4.967642522595419391e-04 4.216797097441072213e-05 9.999998757235621927e-01 -3.136383729563880195e-03
9.999972894422116676e-01 -2.187293068952792571e-03 7.980333703549904577e-04 -3.660333533099288106e-01 2.187335525213434263e-03 9.999976064094556749e-01 -5.233220421313781404e-05 3.991661693652399923e-02 -7.979169943223025224e-04 5.407762910495737520e-05 9.999996802019889275e-01 -5.350527815194267879e-03
9.999958847205755452e-01 -2.610649126655846877e-03 1.189560024183360706e-03 -4.481754265503913315e-01 2.610937143403179329e-03 9.999965625458713259e-01 -2.406318237226869234e-04 4.338363437907907100e-02 -1.188927729864896815e-03 2.437366999069418233e-04 9.999992635213659220e-01 2.570845611076887863e-03
9.999942128002927699e-01 -3.176265425084032808e-03 1.218894528752224394e-03 -5.119296447136585382e-01 3.176628857743729693e-03 9.999949105912036007e-01 -2.963457286703642234e-04 5.708604019019384440e-02 -1.217947052607840650e-03 3.002159891930302740e-04 9.999992132373589637e-01 4.642134467186405031e-03
9.999913813775875848e-01 -3.929596042783187193e-03 1.339942343805897813e-03 -6.361564468765001923e-01 3.929862499446215400e-03 9.999922587971076249e-01 -1.962819247269396614e-04 8.061419854287460440e-02 -1.339160662365673641e-03 2.015460222154869755e-04 9.999990830135402353e-01 -4.603502952580851640e-03
9.999992334415915840e-01 -7.579246961589330067e-04 9.791151026176299083e-04 -7.886806894460128836e-01 7.579721615447079352e-04 9.999997115818851645e-01 -4.810767899232952315e-05 2.020241798984960188e-02 -9.790783582251142651e-04 4.884978410571582806e-05 9.999995195095180422e-01 2.431472286149100135e-03
9.999990932652778053e-01 9.662887707305295708e-04 9.379523621442554821e-04 -9.315178905836386525e-01 -9.662542198451958084e-04 9.999995324810488917e-01 -3.728895483850100368e-05 -8.451154602826280865e-03 -9.379879555320837312e-04 3.638262059937524606e-05 9.999995594273530797e-01 1.082815824349069728e-02
9.999947671968105745e-01 3.066644082104014006e-03 1.030181086231231813e-03 -1.110206958944457867e+00 -3.066640888694440771e-03 9.999952978348261023e-01 -4.679440204861321736e-06 -3.546847110925349655e-02 -1.030190592327217061e-03 1.520220276475343811e-06 9.999994693523753808e-01 1.190612922311908364e-02
9.999954491080740304e-01 2.728190833993576151e-03 1.287919995371116693e-03 -1.265909827218319128e+00 -2.728241925156714431e-03 9.999962776223236816e-01 3.791430043962554664e-05 -3.393261229842856747e-02 -1.287811763799540793e-03 -4.142788522336090346e-05 9.999991699119511468e-01 6.040269284012665836e-03
9.999984151951979428e-01 6.674733941312056698e-04 1.650480645313173516e-03 -1.366198858649585901e+00 -6.673302004679556535e-04 9.999997735238368435e-01 -8.730795174853089380e-05 -4.526717878365200108e-04 -1.650538547253537630e-03 8.620639780256437513e-05 9.999986341445477045e-01 2.706111956281819116e-03
9.999977666208426097e-01 -1.305334186230989622e-03 1.662184102041262953e-03 -1.461857046775308921e+00 1.305569359071785240e-03 9.999991378868838821e-01 -1.404070432612743093e-04 3.247902476116118486e-02 -1.661999390936990404e-03 1.425768263118716269e-04 9.999986087139687285e-01 7.084421100694924221e-03
9.999962230935894869e-01 -2.105741184023265326e-03 1.766253838513590991e-03 -1.590776531994692711e+00 2.105979118575068611e-03 9.999977735972913617e-01 -1.328623828175396339e-04 5.416382634856235778e-02 -1.765970132329954673e-03 1.365815747107669445e-04 9.999984313462522145e-01 5.328558665892055637e-03
9.999961050431852572e-01 -2.066235239409931583e-03 1.876318308384598106e-03 -1.749572552081546384e+00 2.066520430727980702e-03 9.999978534839741862e-01 -1.500691625778485252e-04 6.153360321364562124e-02 -1.876004202645212152e-03 1.539460281837668365e-04 9.999982284528567966e-01 8.880822833265602373e-03
9.999956930815225853e-01 -2.221297097048908955e-03 1.918243366248806054e-03 -1.928782404725742250e+00 2.221551549598300025e-03 9.999975238324879667e-01 -1.305281780638707580e-04 7.828086278292496758e-02 -1.917948674493886140e-03 1.347890924124455208e-04 9.999981516506830648e-01 1.077817046267996910e-02
9.999978242389720995e-01 -9.511809966751620356e-05 2.083859368805164331e-03 -2.177898392913927061e+00 9.514931667519665158e-05 9.999999953625779980e-01 -1.488124730122076843e-05 4.236000621558921181e-02 -2.083857943665464937e-03 1.507949271817185986e-05 9.999978286519823900e-01 4.383635005729765929e-03
9.999975454800161812e-01 6.751118376881067550e-04 2.110274377807841960e-03 -2.370364210125050164e+00 -6.752779183621915836e-04 9.999997689586614946e-01 7.798946497820145147e-05 2.340461999759029660e-02 -2.110221238636203044e-03 -7.941429524052027317e-05 9.999977703273611462e-01 -9.105491785077971661e-04
9.999928168456155841e-01 3.151700630146099698e-03 2.105478641349861277e-03 -2.546289392206783742e+00 -3.152128144912334437e-03 9.999950120793674735e-01 1.997612169847698741e-04 -4.255051756107998406e-03 -2.104838551836055085e-03 -2.063965205530189780e-04 9.999977635250726360e-01 -2.255986775579470194e-03
9.999931666771512129e-01 2.888013235683248130e-03 2.307808170921319367e-03 -2.721621777468095527e+00 -2.888745663136381165e-03 9.999957782362454140e-01 3.140989966687016306e-04 7.692709940544625359e-06 -2.306891305840736567e-03 -3.207635211739505725e-04 9.999972876779549269e-01 -1.369348267399456316e-02
9.999922695279671592e-01 3.361943145483621727e-03 2.039172035884990412e-03 -2.922363500598287978e+00 -3.362848219642954311e-03 9.999942485550182836e-01 4.405777298057479458e-04 -3.684637650120728240e-03 -2.037679110420444629e-03 -4.474317499823509954e-04 9.999978238319682244e-01 -1.706510900238611059e-02
9.999925677335176344e-01 3.355777757238316648e-03 1.898218472690746915e-03 -3.108019939641219143e+00 -3.356608993786844124e-03 9.999942720081222980e-01 4.348873512835901736e-04 7.709226608851984901e-03 -1.896748214410411484e-03 -4.412556962825117256e-04 9.999981038180130177e-01 -1.406887876522085190e-02
9.999960757303820724e-01 1.625664026046534909e-03 2.281609149343054397e-03 -3.280569910382480359e+00 -1.626286985475708857e-03 9.999986408179397657e-01 2.712064045347767891e-04 3.379799667341999714e-02 -2.281165157725343999e-03 -2.749158915132421692e-04 9.999973603499040520e-01 -7.891774773822118200e-03
9.999969083597847197e-01 -2.426092025959042262e-05 2.486500006051362965e-03 -3.424573467330791487e+00 2.367867850948453148e-05 9.999999722971018024e-01 2.341903408588942570e-04 6.348979669582067997e-02 -2.486505618841291978e-03 -2.341307397923613593e-04 9.999968812314387057e-01 -6.358794560839207619e-03
9.999960684375115427e-01 -1.689466419962419585e-03 2.238037697551525235e-03 -3.600110038065469809e+00 1.688604341563994552e-03 9.999984994114334835e-01 3.870274655635307808e-04 8.701924187997110705e-02 -2.238688209084417711e-03 -3.832467837681957537e-04 9.999974206951762756e-01 -1.050851689543244941e-02
9.999969184932437916e-01 6.861395328615192300e-04 2.385836657882891079e-03 -3.867248840571868573e+00 -6.874999441657767560e-04 9.999996015467637056e-01 5.694296625727463283e-04 3.947375904024268134e-02 -2.385444999035877915e-03 -5.710681704404770411e-04 9.999969917621258642e-01 -1.545239528940324340e-02
9.999932971170089058e-01 2.536774404142019650e-03 2.640169819547261154e-03 -4.080284211277456663e+00 -2.538551208707720379e-03 9.999965535198417355e-01 6.698553568554673930e-04 8.010137395874066674e-03 -2.638461448330614752e-03 -6.765530731799949266e-04 9.999962903916818080e-01 -1.819351098141732195e-02
9.999883744847599676e-01 3.867636128099577637e-03 2.879632981537872706e-03 -4.289182792994315818e+00 -3.869233011374691687e-03 9.999923636896351775e-01 5.491796794119868565e-04 -6.151194255081871877e-03 -2.877486964597776933e-03 -5.603152659080639373e-04 9.999957030485537857e-01 1.050763149633259907e-03
9.999912900444010155e-01 2.971746611822717425e-03 2.930624064916352838e-03 -4.469277283391593691e+00 -2.973098152474263223e-03 9.999954759410352167e-01 4.569297957991649167e-04 1.184022209891904751e-02 -2.929252927027772933e-03 -4.656388489539310151e-04 9.999956013192017323e-01 1.512979976708571893e-02
9.999955819882458963e-01 7.990781823223794657e-04 2.863123826832986163e-03 -4.667018655257026083e+00 -8.003612951048560010e-04 9.999995797912898388e-01 4.470336017200350729e-04 3.753379212449927532e-02 -2.862765408925515599e-03 -4.493231602144178577e-04 9.999958013326412098e-01 2.409001544950568549e-02
9.999949782615447091e-01 -1.119992409461900793e-03 2.964636351309674588e-03 -4.838496965773185110e+00 1.118381465817432476e-03 9.999992261048450404e-01 5.449886311586990290e-04 6.547895669651769557e-02 -2.965244440122106855e-03 -5.416703000201388962e-04 9.999954569490285827e-01 1.484657539144236191e-02
9.999939671397661822e-01 7.863086263595132951e-04 3.383401072342132141e-03 -5.045071082810505203e+00 -7.883521511036583164e-04 9.999995076302297115e-01 6.026941047779778250e-04 4.072555116375764506e-02 -3.382925502884080466e-03 -6.053577803221073294e-04 9.999940946610633707e-01 1.838479818997046681e-03
9.999918902383775343e-01 2.504779505802654481e-03 3.153654563196531604e-03 -5.263659547754906853e+00 -2.506190969291358702e-03 9.999967610668170082e-01 4.436921237821838640e-04 2.022877170986349046e-02 -3.152532997781583475e-03 -4.515921861313738862e-04 9.999949287872390569e-01 2.182356440784475465e-02
9.999943639633730452e-01 9.761608801453897349e-04 3.212343603186461165e-03 -5.524108328206753349e+00 -9.775367495200564666e-04 9.999994311466847696e-01 4.267648182888683010e-04 5.189316257166638052e-02 -3.211925184713517074e-03 -4.299025969509217638e-04 9.999947493463977599e-01 3.025258028787008655e-02
9.999927266035897322e-01 7.931079013504326947e-04 3.730646026493408818e-03 -5.775229064955079039e+00 -7.954382416933928213e-04 9.999994894462224115e-01 6.232056627813398414e-04 3.465946315808642736e-02 -3.730149852462668475e-03 -6.261686284752037085e-04 9.999928469218801741e-01 1.194933245808903373e-02
9.999917206411720327e-01 9.870593972311676473e-04 3.947703491195438813e-03 -5.980112067021578603e+00 -9.892399874132807441e-04 9.999993592016638289e-01 5.504548201647640375e-04 4.894581704131954064e-02 -3.947157629910613870e-03 -5.543554889037306246e-04 9.999920562867670171e-01 9.858202036392730780e-03
9.999914367062038290e-01 -2.882074449469391162e-04 4.128371438113971788e-03 -6.179757525890756220e+00 2.864868642775895676e-04 9.999998718699764089e-01 4.173551334561077146e-04 8.621299642353155712e-02 -4.128491194002289685e-03 -4.161688353336041716e-04 9.999913911449246351e-01 1.497039844324121391e-02
9.999908733124446281e-01 6.637731218214826864e-04 4.220509099278336312e-03 -6.413667270962322142e+00 -6.658633613432164613e-04 9.999996563582473907e-01 4.938718164108255558e-04 6.013829586830202883e-02 -4.220179830097835205e-03 -4.966775913724897707e-04 9.999909716560304584e-01 1.012940736067148920e-02
9.999909124433185026e-01 1.253535163703560973e-03 4.074761388434570628e-03 -6.615202192815110571e+00 -1.255638720343865179e-03 9.999990797295047473e-01 5.137232206108045818e-04 2.898350134001985087e-02 -4.074113668430443674e-03 -5.188349802973992722e-04 9.999915661684751766e-01 1.714468247783046753e-02
9.999901819041866480e-01 -1.901166937104989776e-04 4.427183176068712027e-03 -6.811114335923726948e+00 1.874930001135289529e-04 9.999998065748224585e-01 5.930402116737487064e-04 4.835138719846360927e-02 -4.427295066584300935e-03 -5.922043232923960383e-04 9.999900241264574330e-01 1.514153204826213135e-02
9.999889252698664910e-01 -4.986813137425738366e-05 4.706044069807039862e-03 -7.036301070088546439e+00 4.708659945757239011e-05 9.999998241538748944e-01 5.911641662682737058e-04 3.917187425342121693e-02 -4.706072722519732791e-03 -5.909360276725230407e-04 9.999887517738095255e-01 1.653459632347337518e-02
9.999877869764762783e-01 1.886602797981345038e-04 4.938654187974807382e-03 -7.268821584759462162e+00 -1.917945108724879090e-04 9.999997805236991999e-01 6.341667123741294388e-04 3.756550750276296119e-02 -4.938533461987859585e-03 -6.351061740455042192e-04 9.999876036868620144e-01 1.315036152561049540e-02
9.999886610732616754e-01 -8.820465745451571554e-04 4.679713532457111663e-03 -7.464375086882644617e+00 8.787152254723697977e-04 9.999993591182236852e-01 7.138786273148547230e-04 5.506592830482570644e-02 -4.680340207511853902e-03 -7.097583971655804834e-04 9.999887952665067470e-01 1.839190670454978957e-02
9.999888557414696733e-01 -1.920337306646880239e-04 4.717151249686277886e-03 -7.699852987751069300e+00 1.886992403373558285e-04 9.999997320445173088e-01 7.073213487021177579e-04 1.781925638394177627e-02 -4.717285815257107363e-03 -7.064233432727715046e-04 9.999886240255922987e-01 3.694359000161867579e-02
9.999876689798200546e-01 1.397468619298726630e-04 4.964107081884070426e-03 -7.899955124982244392e+00 -1.420143011542850076e-04 9.999998857576182232e-01 4.564172309017424192e-04 9.016152732095251976e-03 -4.964042731896904301e-03 -4.571165770097465478e-04 9.999875745849000630e-01 6.247728737154568945e-02
9.999868128178736049e-01 -1.215013454417027258e-03 4.989782826613763447e-03 -8.077245799346927768e+00 1.213501502514402778e-03 9.999992168808017334e-01 3.060259575711562910e-04 4.097460482866367021e-02 -4.990150744674886479e-03 -2.999668129938019802e-04 9.999875041296548694e-01 6.914111017312089824e-02
9.999795854299327047e-01 -3.841519210159672921e-03 5.106021302117159065e-03 -8.265165896824198555e+00 3.840020426417264324e-03 9.999925810974097384e-01 3.033039151251805420e-04 7.344481080749955260e-02 -5.107148568858964864e-03 -2.836904972083019992e-04 9.999869181910318039e-01 5.424897188616514127e-02
9.999611012438165414e-01 -7.169711645288782097e-03 5.137239937681311111e-03 -8.521534727659464181e+00 7.169402202433244713e-03 9.999742964128969236e-01 7.864853129597166432e-05 8.681074612150782577e-02 -5.137671779477821603e-03 -4.181453264228817551e-05 9.999868012030115327e-01 6.243450531000246245e-02
9.999505947311774223e-01 -8.484616642247247084e-03 5.178742820287372817e-03 -8.774990043258558359e+00 8.485174798983811245e-03 9.999639965739879344e-01 -8.581612904037381106e-05 6.587427220547360796e-02 -5.177828250846778016e-03 1.297544273405700399e-04 9.999865865392362219e-01 8.499668185918145269e-02
9.999704575204120260e-01 -5.804817478459309808e-03 5.038668520519532477e-03 -8.982230465527546670e+00 5.804828260665489785e-03 9.999831517645676460e-01 1.248462415167464895e-05 6.178618903230316366e-03 -5.038656098810521261e-03 1.676435009911687646e-05 9.999873057512652652e-01 9.548924026305889712e-02
9.999718567091662180e-01 -4.703576307524821691e-03 5.844840420574703987e-03 -9.204278005007070718e+00 4.702163316298334401e-03 9.999889121365105327e-01 2.554685597537844082e-04 -1.219946746995876491e-02 -5.845977229646978982e-03 -2.279779758125642457e-04 9.999828861416945047e-01 7.697126832273434860e-02
9.999525084256367657e-01 -7.123411210435810770e-03 6.651158245293736608e-03 -9.410490655474967880e+00 7.121954040325152724e-03 9.999746091004915183e-01 2.427446533112344350e-04 1.081102825900627160e-02 -6.652718536387786791e-03 -1.953638816475687461e-04 9.999778513392331147e-01 7.133612060007923916e-02
9.999185618097260475e-01 -1.073451665467117268e-02 6.902166367152713991e-03 -9.582535904659318149e+00 1.073450748530223667e-02 9.999423827783061602e-01 3.837566237364325696e-05 5.127965353820138766e-02 -6.902180627689853167e-03 3.571881940385317254e-05 9.999761790296550767e-01 9.285923945188238882e-02
9.998858731641275810e-01 -1.375355118580522638e-02 6.251437961739015128e-03 -9.776293220659049155e+00 1.375445093018727236e-02 9.999053979691995275e-01 -1.009537797508668012e-04 8.343485923223162293e-02 -6.249458090035207858e-03 1.869273549032636592e-04 9.999804544748587265e-01 1.228376307962914249e-01
9.999141817289476375e-01 -1.147635987274738846e-02 6.318412886188500867e-03 -1.002971894961174293e+01 1.147780190045103420e-02 9.999341094268182628e-01 -1.920112757705560644e-04 3.835838065193558633e-02 -6.315792971841462967e-03 2.645162891277755540e-04 9.999800201955385548e-01 1.299886609528762282e-01
9.999329921807432742e-01 -9.212531454474082865e-03 7.010022301386858480e-03 -1.027598531925463377e+01 9.215530259523881107e-03 9.999574578436779548e-01 -3.956069321664879945e-04 -2.839593271482168321e-02 -7.006079538616100631e-03 4.601814960470484799e-04 9.999753512374639497e-01 1.373610465082077958e-01
9.999196536359354903e-01 -1.044665890009817931e-02 7.180082897570974100e-03 -1.046870104769684140e+01 1.045088567220247774e-02 9.999452359672836854e-01 -5.514118242843696251e-04 -3.282855760307362009e-02 -7.173929276034486831e-03 6.264057458286366063e-04 9.999740708411314349e-01 1.457285854160286498e-01
9.998657416851278734e-01 -1.454298384206142818e-02 7.549849363962359353e-03 -1.063046621844793016e+01 1.454632732604634743e-02 9.998941212536522904e-01 -3.881284707328542887e-04 1.315648121039671506e-02 -7.543405449298077464e-03 4.978989413689592202e-04 9.999714241571464601e-01 1.332938404252317632e-01
