1.000000000000000000e+00 -1.123966364506625005e-19 0.000000000000000000e+00 0.000000000000000000e+00 0.000000000000000000e+00 1.000000000000000000e+00 0.000000000000000000e+00 0.000000000000000000e+00 0.000000000000000000e+00 0.000000000000000000e+00 1.000000000000000000e+00 0.000000000000000000e+00
9.999999925633045184e-01 -9.512447927402863264e-05 -7.940668153896811592e-05 1.222100160592765050e-03 9.512822532779015988e-05 9.999999945545212654e-01 4.775685003729426435e-05 -7.985025141816100291e-04 7.939957446311104918e-05 -4.776262545363408273e-05 9.999999957588039390e-01 -3.731959047561517195e-04
9.999999994239484602e-01 1.692567205769416146e-05 -6.518429607168769264e-05 6.512222286967350726e-04 -1.692109895311180029e-05 9.999999986206364877e-01 7.416212578693006535e-05 -1.004164687072806733e-03 6.518395352094357483e-05 -7.415732634898505534e-05 9.999999954558733695e-01 -6.281903158247281738e-04
1.000000001077942624e+00 7.948955763071940224e-05 -6.438548774866554898e-06 -9.255022487113517826e-04 -7.949479747314941447e-05 1.000000003472712784e+00 1.087200276484681496e-05 -7.560188498057160422e-04 6.438867249917442963e-06 -1.087030133933681398e-05 1.000000006003807895e+00 -4.171765945115701868e-05
1.000000004355698691e+00 7.535141904383842420e-05 8.936774012668502007e-06 -1.706594612136624889e-03 -7.535679799084132185e-05 1.000000006484250248e+00 -2.375353606905789889e-05 1.755927172071292119e-04 -8.938323692015592614e-06 2.375435033190126876e-05 1.000000006231071659e+00 6.895100857395863869e-04
1.000000005072202436e+00 3.651143169506076470e-05 -6.890771048124353585e-05 -1.516585501100120581e-04 -3.651525799454671817e-05 1.000000009339380380e+00 3.648642214091207960e-05 -1.556891635102610610e-03 6.890760002930538576e-05 -3.647960151543257060e-05 1.000000004299784306e+00 8.725500052508827764e-05
1.000000001672001204e+00 -5.091417709431824008e-06 -1.296238176154338687e-04 -5.992752193901829116e-04 5.094628874008182151e-06 1.000000008605079094e+00 9.127758990779334962e-05 -8.776010607682918629e-04 1.296218747427443690e-04 -9.127033633152924891e-05 9.999999971010539168e-01 -2.873605548492363937e-05
1.000000010759455105e+00 2.389419686534725114e-05 -6.839431488318264822e-05 -7.463523163706575758e-04 -2.390203107903009910e-05 1.000000012011511785e+00 6.025644222049692276e-05 -6.922334546387888532e-04 6.839749490302196794e-05 -6.024589166826791159e-05 1.000000009395933809e+00 5.167836257207181205e-04
1.000000013292867473e+00 1.501813644240189606e-05 -3.193848865555879282e-06 -3.884542279461999925e-04 -1.503023671375891546e-05 1.000000013753508110e+00 -2.609794263875523778e-05 -4.883960862124211988e-05 3.197373878891351811e-06 2.610399267858523050e-05 1.000000013318178338e+00 3.831124064803681506e-04
1.000000013630724327e+00 1.368369909425543407e-05 -6.978631823832395699e-06 2.071463593207312215e-04 -1.369635370705724053e-05 1.000000014834379058e+00 -3.861601622966360160e-06 -3.060592911296480118e-03 6.981910448744433341e-06 3.868182911475705592e-06 1.000000014376346114e+00 -2.382620454259853915e-04
1.000000013695434120e+00 4.366665656671968500e-05 -5.004455424371619977e-05 -3.151149751027926271e-03 -4.367960396443101162e-05 1.000000014632623335e+00 3.388153661638532269e-05 -1.637525689778724508e-03 5.004676669158684006e-05 -3.387336661339101145e-05 1.000000014873256848e+00 4.286212356974239412e-05
1.000000007924611634e+00 8.703789874863232013e-05 -1.238606136881895906e-04 -4.611741550100800779e-03 -8.704706846058857944e-05 1.000000011397026434e+00 6.610322654993517071e-05 -2.665060867513731335e-04 1.238634725037659210e-04 -6.608783289139034348e-05 1.000000010408465423e+00 -6.629402218396585056e-04
1.000000011408290312e+00 -8.787917496343305448e-05 -1.040477252421479138e-04 -2.983144729256093086e-04 8.786262631383517929e-05 1.000000014626371447e+00 8.955304818568526768e-06 -1.999486417829758611e-03 1.040445685762370043e-04 -8.961293261675525802e-06 1.000000015115865226e+00 3.547418903622201469e-04
1.000000012451217390e+00 -1.131683168815528695e-04 -7.379848961273143492e-05 -8.884673448401603224e-04 1.131528256759460616e-04 1.000000012255749970e+00 2.191206739908926269e-05 -1.336050362588089846e-03 7.379459481449758855e-05 -2.191664326701592917e-05 1.000000018284440184e+00 -7.484747046861972564e-04
1.000000021510738524e+00 4.507464246034881223e-05 2.601885528693732310e-05 -1.367155512982165533e-03 -4.509201855189617913e-05 1.000000018943599578e+00 1.030474329299273756e-05 4.253254522671827409e-04 -2.601642997533395253e-05 -1.030178047733044238e-05 1.000000021043141674e+00 -8.363172198924129219e-04
1.000000009435063397e+00 1.676620651669442506e-04 -3.168943034586528276e-06 -1.511798748736081777e-03 -1.676790681454324444e-04 1.000000005007247506e+00 5.340231087892404534e-05 6.972013934446567862e-04 3.178956316290143840e-06 -5.339611178827915604e-05 1.000000020177018056e+00 -8.584807522193926843e-06
1.000000017212334447e+00 -2.248133611879480506e-05 -1.219825709345799259e-04 2.326516483479590391e-04 2.247784282839726533e-05 1.000000014982335372e+00 1.143663966920888413e-04 -8.174161809293908898e-04 1.219774583948899320e-04 -1.143604550616873571e-04 1.000000008131870732e+00 2.388675920661498253e-04
1.000000013632905249e+00 -6.855970263784690456e-05 -1.397040347142994039e-04 -3.954546220066301743e-04 6.855605087078501386e-05 1.000000015236338191e+00 1.030843724738173239e-04 -2.062454674552096495e-03 1.396930481478014796e-04 -1.030859310057352939e-04 1.000000007832065885e+00 -7.421828991356349547e-04
1.000000022477205208e+00 7.664311279743253179e-05 -5.409919489792133378e-05 -1.057172004050643821e-03 -7.666031670027634304e-05 1.000000020814517665e+00 2.251962527577468852e-05 -1.643005831585175186e-03 5.410061423916293072e-05 -2.250950482803633555e-05 1.000000021596164190e+00 -3.076409694138249051e-04
1.000000026939717124e+00 -6.545060123760657293e-06 -1.222347853756083609e-05 -1.610441431007858526e-03 6.527597420219292956e-06 1.000000021432325914e+00 7.373604790864631562e-05 -6.293591051254390778e-04 1.222420520278619885e-05 -7.372844611378734619e-05 1.000000020600056105e+00 -5.934973068550952746e-04
1.000000026181589341e+00 -8.952227481359590553e-06 -6.412882694074899725e-05 -5.218655354104484445e-04 8.938963396605548173e-06 1.000000020443315929e+00 8.983173502031949870e-05 4.657944811460729140e-04 6.412719774341989610e-05 -8.982459615099839807e-05 1.000000018584406680e+00 -5.143366271289639968e-04
1.000000012682335626e+00 -3.838878442652765241e-05 -1.748221676804540903e-04 -9.867537091756695133e-05 3.836021634942045344e-05 1.000000022474281769e+00 -5.899083011927124442e-05 -9.883399086337250894e-04 1.748197833911172970e-04 5.898696398446003986e-05 1.000000008460517398e+00 -8.764715326554650687e-04
1.000000028165905164e+00 -3.369427193617979725e-06 -4.789895774333413132e-05 -1.400024174396108378e-04 3.347979831641069437e-06 1.000000022150129952e+00 -7.991010870274314903e-05 3.963208879626915759e-04 4.789859531242866717e-05 7.991245216332603101e-05 1.000000021942072825e+00 -1.452627177604970399e-04
1.000000023317827891e+00 1.097714427024940785e-04 1.578486274923030289e-05 1.337366650868698770e-04 -1.097892968980824016e-04 1.000000019831324360e+00 1.195700638770305388e-05 1.644072336135733725e-03 -1.578230474530980339e-05 -1.195308780929021984e-05 1.000000026560977195e+00 6.883856187125392267e-04
1.000000021516487037e+00 1.050657505543121261e-04 -7.483035136723077544e-05 1.588946424583737027e-03 -1.050774686989913720e-04 1.000000017324476742e+00 8.187235511887414464e-05 -9.677803445276231264e-05 7.483727190533113831e-05 -8.185615735019778258e-05 1.000000020842135795e+00 -7.027470750342601491e-05
1.000000019982032473e+00 6.511753425172253965e-05 -1.469510661399068207e-04 -1.201860616653060987e-04 -6.512973693879615250e-05 1.000000027048586038e+00 1.809454512632677233e-05 -2.004145035285096604e-03 1.469450879966189400e-04 -1.807594154300252548e-05 1.000000019052795786e+00 -4.998828417919209954e-04
1.000000031451043547e+00 1.522828904159250199e-05 -5.841296788732935490e-05 -4.323641735211491977e-03 -1.524309692798285487e-05 1.000000029455153649e+00 1.762225485880590968e-06 -8.580880855992047140e-04 5.840874281228211639e-05 -1.753111815450799378e-06 1.000000028512523009e+00 -1.029254845058336088e-03
1.000000033527624677e+00 -7.597374133761928888e-05 -1.468928244622342884e-05 -5.289572469233672081e-04 7.596031804838875717e-05 1.000000028804376218e+00 4.407841912766508361e-05 -1.598308290257147851e-03 1.468484955917167440e-05 -4.407254772925652995e-05 1.000000030388169314e+00 1.240966312463509524e-04
1.000000039193054358e+00 -3.437995869590349034e-06 6.235132615401245507e-06 9.434535972907553969e-06 3.423661076770376233e-06 1.000000033521542653e+00 6.497142185738177572e-05 5.971136664137954853e-04 -6.236989063892821420e-06 -6.496341219517773791e-05 1.000000029837698090e+00 4.542419547424181303e-04
1.000000031541106171e+00 1.087536352828302006e-04 -6.637159913071535486e-05 -4.196409130119427289e-05 -1.087647369475046658e-04 1.000000029434307436e+00 3.788393487844170612e-05 2.276434268504507613e-03 6.637203059739958091e-05 -3.786997590124254755e-05 1.000000029394318979e+00 -2.100418590988972767e-05
1.000000028765928750e+00 1.209282698031359331e-04 -8.799156263672256318e-05 -1.458209104156393821e-03 -1.209390473476089356e-04 1.000000028480910963e+00 3.156858666671581075e-05 2.469229277670657169e-03 8.799090566099888942e-05 -3.155131978941022684e-05 1.000000028091365678e+00 -8.386075497988088046e-04
1.000000034506887792e+00 3.857025632050950704e-05 -1.298841610434014386e-04 3.337792976305653525e-04 -3.858412844483672527e-05 1.000000039000647156e+00 -1.040071153335963030e-05 -8.787655545078494612e-04 1.298755742032132966e-04 1.041356946214848921e-05 1.000000025133157999e+00 -4.491006989064683097e-04
1.000000043212484702e+00 2.860403390754298489e-05 -2.174177731171838336e-05 4.409171558578783845e-03 -2.861738718762472239e-05 1.000000038546297931e+00 -4.315275496308988354e-05 -1.969733847907054886e-03 2.173595578782456513e-05 4.316009555280102326e-05 1.000000032641462422e+00 1.469188481286298753e-03
1.000000040720503414e+00 -4.782127034390129257e-05 6.603643542291693616e-05 2.021573923459918376e-03 4.780536701495894519e-05 1.000000037565667244e+00 5.259675004267940255e-05 -2.795776477376200886e-04 -6.604060609019856223e-05 -5.258372672250800499e-05 1.000000030521963401e+00 9.003028276448610256e-04
1.000000044770118723e+00 1.002377937769087449e-05 -2.393117125117579883e-05 -1.599667911296398515e-03 -1.003345918857995872e-05 1.000000035741670956e+00 9.930140619619784253e-05 -1.572480299391991465e-04 2.392793264080929073e-05 -9.929070822633451828e-05 1.000000029503649968e+00 5.179099502485851048e-04
1.000000043747130807e+00 5.902066585341883689e-05 -3.390149454121962056e-05 -3.690195738774715295e-03 -5.902924292766273395e-05 1.000000036696427008e+00 8.654002150291410875e-05 4.624200470688503983e-04 3.390335990082348237e-05 -8.652859276248188979e-05 1.000000031158998715e+00 9.196696198836562530e-04
1.000000043582602416e+00 6.852842481844934104e-06 -7.295247459720379695e-05 -3.401452605949817354e-03 -6.864297387352245872e-06 1.000000042374568299e+00 -1.780173872411095584e-06 1.246798487664239202e-03 7.294773638462683765e-05 1.787294468009207956e-06 1.000000033062468985e+00 -2.344816590953424651e-04
1.000000039150797715e+00 -4.601213441683862763e-05 -1.275479474307677000e-04 1.669733815496732277e-03 4.600313469188023474e-05 1.000000043074837697e+00 2.637707598181426660e-05 -2.866637470415253630e-04 1.275417759059208707e-04 -2.637387056732995203e-05 1.000000028433967625e+00 -2.199676608533485123e-03
1.000000036531843106e+00 -6.366180220841059290e-05 -1.422107631846308167e-04 3.481781646186288270e-03 6.365337412385548010e-05 1.000000042256139476e+00 2.759308323896908076e-05 -2.191864985466345644e-03 1.422035280001741344e-04 -2.759271930760909117e-05 1.000000026610112114e+00 -9.120420968484754809e-04
1.000000043660012938e+00 -1.074579491176356382e-04 -2.456590148104376058e-05 -9.551283474995564404e-05 1.074481467038812532e-04 1.000000034868154586e+00 9.481063243802104288e-05 -2.361948462052232411e-03 2.455433371005271361e-05 -9.480192549656713560e-05 1.000000032980661091e+00 1.038826909023349288e-04
1.000000047394620672e+00 -8.302065168843729220e-05 -1.614023953761480851e-05 -2.220147278980233452e-03 8.301039115302197985e-05 1.000000036568709838e+00 1.145858517926157452e-04 -2.542926457540579249e-03 1.612920453218793672e-05 -1.145752513345979837e-04 1.000000031370595899e+00 -5.209065882678665105e-04
1.000000041198715772e+00 -5.286949615782000032e-05 -1.325821846185516598e-04 -1.375335914956421490e-03 5.286913549454493044e-05 1.000000041683053675e+00 8.731262991161468381e-05 -1.673222293387833376e-03 1.325723745622719226e-04 -8.730894432124865028e-05 1.000000025824318906e+00 -1.376620688076757304e-03
1.000000046389873942e+00 1.308242977202156069e-05 -1.162614847141285390e-04 -1.251252129979230077e-03 -1.309665072655574053e-05 1.000000051116401112e+00 1.533985876510546418e-06 -8.262932376766167486e-04 1.162606512109304373e-04 -1.523161485344246924e-06 1.000000035317933911e+00 -9.715914956445192985e-04
1.000000050248138539e+00 -7.761689361425214520e-05 -8.510334381444975799e-05 -1.587978266082146206e-03 7.760309310549193956e-05 1.000000051624271080e+00 3.672940558842738039e-06 -3.117178171631422579e-04 8.510351566739500311e-05 -3.671624527350124730e-06 1.000000038871966757e+00 8.248419552372432406e-04
9.999999500317298118e-01 -7.631172475408405328e-05 -4.582922034503575902e-04 6.352051326221630489e-04 7.631146312625427391e-05 1.000000051422713643e+00 2.958192286829715610e-05 -8.510968460209260289e-04 4.582777235395691772e-04 -2.960780840902641980e-05 9.999999381564768086e-01 1.246381189203393802e-03
9.999993898310864937e-01 -1.299995790324144911e-04 -1.151456477880078528e-03 7.203654439125406483e-03 1.301723235460948772e-04 1.000000033379073727e+00 1.619520962712399327e-04 -6.408986913169522834e-03 1.151399979211553204e-03 -1.620876292493534103e-04 9.999993708355744415e-01 6.653228828339408096e-04
9.999990834752567892e-01 -3.271960006829150174e-04 -1.360909245036420615e-03 1.342346706116326338e-02 3.275545539976974091e-04 9.999999660519770517e-01 2.735355306980882741e-04 -8.601995754229006808e-03 1.360778800828045141e-03 -2.739628474012506683e-04 9.999990839754510086e-01 3.031525154109093734e-04
9.999992266223012294e-01 -3.294491521610788719e-04 -1.251748871498654719e-03 2.832747595216544845e-02 3.296959630630742419e-04 9.999999811435602570e-01 2.083401894769501897e-04 -7.013575050412935302e-03 1.251643047012135704e-03 -2.087368622551143160e-04 9.999992435969061733e-01 7.250260849216427772e-04
9.999997367168672602e-01 -1.758029785009316431e-04 -7.909131037438334785e-04 4.326108898246827650e-02 1.758537284746106155e-04 1.000000038467397712e+00 8.205475729497847326e-05 -1.422889844320776587e-03 7.908770692561791849e-04 -8.218178209147723799e-05 9.999997331230586761e-01 1.364963824868281606e-03
9.999997375094384910e-01 -4.675061758039285092e-04 -6.685925946117633354e-04 6.289736489237052197e-02 4.675547672097629670e-04 9.999999467289726329e-01 9.371084822499909175e-05 5.019104771522529818e-04 6.685307005360660842e-04 -9.401119750845555914e-05 9.999998236641768345e-01 1.554062265371802809e-03
9.999991273849900830e-01 -8.161282691280660273e-04 -1.108434397151420196e-03 9.108679494519322795e-02 8.164810212299778228e-04 9.999996761397813572e-01 3.310856781009904578e-04 -1.601813531537672058e-03 1.108131567385793343e-03 -3.319679132464924956e-04 9.999993832697430252e-01 -1.272842249784522650e-03
9.999984055787238812e-01 -8.094000246730541229e-04 -1.641258951478850826e-03 1.235141452483492497e-01 8.102710435796732849e-04 9.999995910893862971e-01 5.403740535108262364e-04 -7.989467744568920504e-03 1.640769872168315689e-03 -5.416769542630986032e-04 9.999985642880131476e-01 -6.953269737937084471e-04
9.999980327032824690e-01 -8.883290389521058487e-04 -1.818812077959445486e-03 1.563825615109954992e-01 8.893033457173255690e-04 9.999995239857061291e-01 5.433423274417881373e-04 -1.365523376333795287e-02 1.818272587652954627e-03 -5.449331836898707636e-04 9.999982575924333261e-01 1.264116092718259310e-03
9.999975662645593788e-01 -8.529112268572696569e-04 -2.075869629334486152e-03 1.912949986606213848e-01 8.536332897979377263e-04 9.999996426781959658e-01 3.535786799351195008e-04 -1.337149596862361942e-02 2.075504865059332477e-03 -3.553334482385413847e-04 9.999978443494633717e-01 6.339182971963897018e-04
9.999972809317234645e-01 -7.513868781117942616e-04 -2.246170410578136184e-03 2.352627971701157783e-01 7.517283981659230938e-04 9.999997766630516205e-01 1.575348683941427271e-04 -1.129913272575432635e-02 2.245985206129463580e-03 -1.592126523520654801e-04 9.999975275390801110e-01 1.326943529629698304e-03
9.999971002276959453e-01 -8.777577689515180795e-04 -2.280829587814651831e-03 2.849313257765446750e-01 8.776174589170387258e-04 9.999996859357368484e-01 -5.581366114400623698e-05 -7.728342259546418236e-03 2.280810180770928043e-03 5.381496506040539892e-05 9.999974613925542988e-01 2.924704616230844323e-03
9.999969952531698736e-01 -9.326682024365061385e-04 -2.305350425492637065e-03 3.470002671195009381e-01 9.327579391210233384e-04 9.999996372386484866e-01 4.419835941373710696e-05 -9.805812945396863781e-03 2.305239929568414590e-03 -4.634210449301413338e-05 9.999974072977719786e-01 4.368666863804548939e-03
9.999960126681556316e-01 -1.001497905017695615e-03 -2.673805629131642634e-03 4.175853810879517347e-01 1.002200536246423100e-03 9.999995359089713931e-01 2.672968046129286222e-04 -1.062549520313662080e-02 2.673455582074830972e-03 -2.699615648233802184e-04 9.999964567239879587e-01 5.959423149598519487e-03
9.999948669514662214e-01 -1.177628984005019619e-03 -3.009904691080327824e-03 4.962831402632110755e-01 1.179384680029376894e-03 9.999992083176206803e-01 5.876083453801455875e-04 -1.467413948110277838e-02 3.009119575986107537e-03 -5.911295248159365023e-04 9.999953675169890310e-01 8.269150598087637860e-03
9.999942091552456169e-01 -1.016785088107699823e-03 -3.276429445949997823e-03 5.809612905198859867e-01 1.018362469654894055e-03 9.999994439769028798e-01 4.851324322783962277e-04 -1.834411780410419995e-02 3.275837636350765678e-03 -4.884458926883946707e-04 9.999945882080971682e-01 9.564383453267266688e-03
9.999930611981276973e-01 -1.296978274671724230e-03 -3.519213664631701006e-03 6.698864376747732940e-01 1.297249382224890946e-03 9.999992360761377208e-01 7.957205212437362749e-05 -1.513458082746076301e-02 3.519002891866982851e-03 -8.412957066919398178e-05 9.999938788050115601e-01 8.281958553320256655e-03
9.999915234521585816e-01 -1.534886244091479730e-03 -3.845435487810784734e-03 7.695969121874495222e-01 1.532715400334628761e-03 9.999987484175831831e-01 -5.630744683846488794e-04 -1.345635382028934415e-02 3.846178515556924853e-03 5.571613684090387635e-04 9.999925231617168286e-01 6.486130741834683633e-03
9.999896958271747849e-01 -1.999704638695110406e-03 -4.100056102235335141e-03 8.815851817016051584e-01 1.996084826637004907e-03 9.999977049793398187e-01 -8.826891605274166412e-04 -1.726390494195655795e-02 4.101685180371613358e-03 8.744716342950662694e-04 9.999912811915449007e-01 8.488144913099571198e-03
9.999879660251278501e-01 -1.927290454456755554e-03 -4.534436500666454671e-03 1.008262995363036874e+00 1.923845031416414157e-03 9.999979530440392672e-01 -7.596983169268019167e-04 -2.062104113780153028e-02 4.535745942525969479e-03 7.509427231539842797e-04 9.999895111515333390e-01 1.401845617740615779e-02
9.999822447641156797e-01 -2.356549385871578063e-03 -5.492928797058089889e-03 1.139357279607684514e+00 2.354284679118174781e-03 9.999972368641495413e-01 -4.149601679732670481e-04 -2.191947290216483130e-02 5.493714074605248431e-03 4.020131465971180183e-04 9.999849102982589777e-01 1.926192332087461878e-02
9.999784690252601083e-01 -2.536930969455501294e-03 -6.069982997965117470e-03 1.280772394617636145e+00 2.535373934698225556e-03 9.999968475256225675e-01 -2.606025240014838828e-04 -2.388851156759324440e-02 6.070427006512688593e-03 2.452035389144026768e-04 9.999816284246608733e-01 2.165388919790611766e-02
9.999771203727535474e-01 -2.471184114869091637e-03 -6.314792224647547587e-03 1.429735175550084669e+00 2.469671309437110156e-03 9.999970198624716922e-01 -2.438954677929957410e-04 -2.448597473545012504e-02 6.315167271231252738e-03 2.282916635737871052e-04 9.999801184706964552e-01 1.995724769331319592e-02
9.999766395621196846e-01 -1.933067276536547686e-03 -6.574376309543694327e-03 1.591626152011140993e+00 1.929848883801698126e-03 9.999981231848503738e-01 -4.925554342783718250e-04 -2.214306377828886147e-02 6.575101978669556715e-03 4.798440511226914704e-04 9.999783549968761509e-01 2.114782641324830514e-02
9.999765521637368204e-01 -1.189285675388052337e-03 -6.761751953689030398e-03 1.753809610245749218e+00 1.188481068954717716e-03 9.999993944881985231e-01 -1.198002311627307604e-04 -2.281728082150182024e-02 6.761668734550109298e-03 1.117615322043563392e-04 9.999772204595316349e-01 2.623193893432818058e-02
9.999751542050583364e-01 -4.839005830165010150e-04 -7.050312936917739991e-03 1.933737447578340207e+00 4.864956885101429790e-04 9.999999249518561895e-01 3.695317948686990014e-04 -2.716244394188878364e-02 7.049901994839807666e-03 -3.729394872295111601e-04 9.999751680587315450e-01 3.218606894511988337e-02
9.999786491291842161e-01 3.038049445044771458e-04 -6.547725598297790550e-03 2.120027976610878717e+00 -3.051237325503780226e-04 1.000000051270604207e+00 -1.967893725086104404e-04 -2.934589900595187956e-02 6.547453675560862413e-03 1.987821700026911459e-04 9.999786361493097075e-01 3.743406565047457946e-02
9.999818633183342742e-01 1.026112633203111286e-03 -5.957126985995752147e-03 2.317414939343010793e+00 -1.035490294203409052e-03 9.999983552565436806e-01 -1.567336862164503755e-03 -2.961844877631666581e-02 5.955318207551581200e-03 1.573429767161169330e-03 9.999811205832277450e-01 4.102556065424933784e-02
9.999818168066372248e-01 2.104123033643969833e-03 -5.675982456083197673e-03 2.530250605387449170e+00 -2.116534475062448791e-03 9.999955136534735001e-01 -2.177328336389383005e-03 -2.966712674135735944e-02 5.671194587759585855e-03 2.189237287455645352e-03 9.999816151269165232e-01 4.365176771357326402e-02
9.999757632171301092e-01 3.428803075642645592e-03 -6.082520422888785736e-03 2.752667218568949359e+00 -3.440665875132814175e-03 9.999923298324270293e-01 -1.936883530479356543e-03 -3.935189236289567127e-02 6.075637439326660172e-03 1.957706639467782575e-03 9.999797205544769252e-01 4.705046975945359478e-02
9.999664698815804442e-01 4.367386043209913957e-03 -6.947756481688870459e-03 2.995424051450948255e+00 -4.379493037415561896e-03 9.999890477366443209e-01 -1.724744430947915868e-03 -4.642364616334415661e-02 6.939923370603545000e-03 1.755064633334042735e-03 9.999744743693971261e-01 5.359473927128233228e-02
9.999570685180897422e-01 5.631425400768943004e-03 -7.378187650572474825e-03 3.247976758396372787e+00 -5.648956441889143448e-03 9.999814014240270277e-01 -2.354182834861566834e-03 -4.905276708339434411e-02 7.364555838205786090e-03 2.395689556257283182e-03 9.999701093980301048e-01 5.967977047350259134e-02
9.999459703729010052e-01 7.109489415962039205e-03 -7.603134834356046166e-03 3.496551851904599495e+00 -7.135824143834557792e-03 9.999687580466886105e-01 -3.439496242665251394e-03 -4.684642477575179376e-02 7.578205099990235026e-03 3.493453933941034848e-03 9.999652841300872286e-01 6.263325649340067969e-02
9.999280590592706242e-01 8.676037243641491689e-03 -8.300847018601712271e-03 3.757347732670832663e+00 -8.709086331050176419e-03 9.999544044424373279e-01 -3.951238953429649613e-03 -4.942968302519036572e-02 8.265926243103608254e-03 4.023116843876308434e-03 9.999578455004112243e-01 7.078880737601611628e-02
9.999082165544410650e-01 1.028446376185792287e-02 -8.836961660874257177e-03 4.030848794267502200e+00 -1.031552214723861077e-02 9.999408965347522660e-01 -3.474037235491500997e-03 -5.616460724831763562e-02 8.800429710447489270e-03 3.564761131039260664e-03 9.999550243648840375e-01 8.603085949116251463e-02
9.998820937554794286e-01 1.198297700782136044e-02 -9.618279432237319265e-03 4.315073937347192690e+00 -1.200540878730755462e-02 9.999254814792136736e-01 -2.275747070788693323e-03 -6.635395058685447656e-02 9.589984612526761265e-03 2.390874682312414332e-03 9.999512607458570512e-01 9.984054708751899376e-02
9.998522313131376071e-01 1.334158673538711828e-02 -1.085474650755716836e-02 4.619490287199399248e+00 -1.334746944749670358e-02 9.999109485128928609e-01 -4.676366957843134720e-04 -7.784556956513263848e-02 1.084719093613199618e-02 6.124366169598591259e-04 9.999410851730621275e-01 1.101214960028173984e-01
9.998198943184460896e-01 1.455846531423225960e-02 -1.218776509979177178e-02 4.934521076950278307e+00 -1.455018960966137677e-02 9.998939839919860351e-01 7.693178452656818231e-04 -8.491560203131588713e-02 1.219727769351665672e-02 -5.918177260488203650e-04 9.999255412351191197e-01 1.117280524335686476e-01
9.997852109233850149e-01 1.602567289305047160e-02 -1.315380358346629301e-02 5.253478436382829742e+00 -1.602776002850295201e-02 9.998716863953498457e-01 -5.155951426031065820e-05 -9.017085375417163706e-02 1.315086191124118127e-02 2.623727915154177985e-04 9.999135958184994788e-01 1.101516935401414266e-01
9.997405945103162717e-01 1.778398597058792815e-02 -1.424043463425228237e-02 5.573859555319000236e+00 -1.781787058501494575e-02 9.998388507044035922e-01 -2.254844938435673126e-03 -9.361984495673698892e-02 1.419757832138470767e-02 2.507915849791975821e-03 9.998961744820717978e-01 1.057952585213854935e-01
9.996959159218952173e-01 1.972636368403546045e-02 -1.480763695974412347e-02 5.901830794585714912e+00 -1.978634983719980769e-02 9.997967171388355556e-01 -3.914179434509075690e-03 -1.017547033788139821e-01 1.472693820164303231e-02 4.205843806082274622e-03 9.998828203535448100e-01 1.112741308128863960e-01
9.996578609519097824e-01 2.147693637356233587e-02 -1.494083041956377304e-02 6.240243540458647153e+00 -2.153804618370216278e-02 9.997604140427975850e-01 -3.940075997016058602e-03 -1.131764245010421360e-01 1.485214985443373062e-02 4.260388192407690844e-03 9.998807404430634094e-01 1.272147058442383294e-01
9.996252714247332305e-01 2.322857290381194137e-02 -1.449402757693708105e-02 6.599583112270364538e+00 -2.327206615444014914e-02 9.997252905857157979e-01 -2.838017580209644189e-03 -1.286057055134443849e-01 1.442365828579867705e-02 3.174161114198508719e-03 9.998910534635142566e-01 1.510577003729571821e-01
9.995848068897459360e-01 2.548684577496550946e-02 -1.345232754219068128e-02 6.953420634847125470e+00 -2.551088414445781133e-02 9.996733895881819709e-01 -1.617073472891124384e-03 -1.438259191449302310e-01 1.340628692741568234e-02 1.959527207925144954e-03 9.999083335781703274e-01 1.741549592431854698e-01
9.995381541331449515e-01 2.750943635603884593e-02 -1.292439813343995714e-02 7.312676473008382416e+00 -2.751832727583254298e-02 9.996213245491797350e-01 -5.091343327022094861e-04 -1.553591517507868225e-01 1.290508184847713284e-02 8.645384452284295184e-04 9.999164764956932627e-01 1.870090810761892985e-01
9.994792570500743434e-01 2.937014969319461100e-02 -1.337692949931267722e-02 7.695789397058169889e+00 -2.937080952052846874e-02 9.995687292631162402e-01 1.486626651970769804e-04 -1.691613233977758424e-01 1.337509466242039341e-02 2.443085261949766896e-04 9.999106451984698385e-01 1.890990502277141161e-01
9.994179372551852403e-01 3.135410429524580073e-02 -1.345537006860163774e-02 8.103797430343607999e+00 -3.134977713856752085e-02 9.995084885940169750e-01 5.338999402441919721e-04 -1.864698563147733912e-01 1.346506137784202715e-02 -1.117522811490553544e-04 9.999094644080503969e-01 1.935843827755363566e-01
9.993840232779213073e-01 3.256623421710490296e-02 -1.309041162168571824e-02 8.507541397929708538e+00 -3.256898228316445348e-02 9.994696496409433140e-01 4.718634784308496167e-06 -2.050128249677431735e-01 1.308319737834022500e-02 4.216220706933187352e-04 9.999144525820113927e-01 2.028734578608981654e-01
9.993326344137148931e-01 3.421539930806220819e-02 -1.280378127957181554e-02 8.897056270831596336e+00 -3.423908349442186805e-02 9.994124994415911623e-01 -1.633640067719711354e-03 -2.196956953915099875e-01 1.273994810399188896e-02 2.070880168818411710e-03 9.999168334230696953e-01 2.083722499356093216e-01
9.992630672832676364e-01 3.642227794311787836e-02 -1.212793539323634567e-02 9.301813844705037582e+00 -3.646062807873776124e-02 9.993308899669391954e-01 -2.954467272097604982e-03 -2.353356265093589916e-01 1.201182386082397420e-02 3.394378870268261947e-03 9.999222310850542916e-01 2.224167818550704112e-01
9.991974697218842794e-01 3.825804815386193297e-02 -1.187796087170095785e-02 9.718977053214365114e+00 -3.828927154247550174e-02 9.992639595830697941e-01 -2.410693857505956210e-03 -2.553391152280642951e-01 1.177660725987495459e-02 2.863472193576664833e-03 9.999266935453365868e-01 2.444637830361573450e-01
9.991305964852735810e-01 3.989256078744587292e-02 -1.212367902189359636e-02 1.014875378263801053e+01 -3.990623105185932967e-02 9.992032098828798059e-01 -8.857702857153035465e-04 -2.804481188241994549e-01 1.207829172614153200e-02 1.368776081255976490e-03 9.999262613376052045e-01 2.679647227225776529e-01
9.990694215250397470e-01 4.163840310349516127e-02 -1.126423755935059869e-02 1.058597871516537836e+01 -4.163923632153126997e-02 9.991328727311223901e-01 1.627534139749384407e-04 -3.085752833339979184e-01 1.126088336544538160e-02 3.064339464114016116e-04 9.999366927836842445e-01 2.834258031734242511e-01
9.990297217450025968e-01 4.292853937409769199e-02 -9.854275957292706056e-03 1.102968673006721367e+01 -4.293729838696420942e-02 9.990777174161139529e-01 -6.765143438060909316e-04 -3.300933300642301393e-01 9.815828987680906212e-03 1.098948614360315858e-03 9.999513666050423577e-01 2.884200045820861646e-01
9.990007257290562936e-01 4.356419415261877232e-02 -1.000348007631923254e-02 1.147520366824952376e+01 -4.358921121970013579e-02 9.990470847857588765e-01 -2.294211347376244083e-03 -3.473608881613804433e-01 9.893681315934809220e-03 2.727885037395786760e-03 9.999474834848334215e-01 2.882208625442190808e-01
9.989550688364320363e-01 4.438201024054493765e-02 -1.092591699642091359e-02 1.192693213552161957e+01 -4.442188636231932108e-02 9.990071475123261102e-01 -3.432569268739663667e-03 -3.718893182082100290e-01 1.076237142923718547e-02 3.914218300516372762e-03 9.999345736756043435e-01 2.992966827631766691e-01
9.989043417858742835e-01 4.535627251020365319e-02 -1.154534732675517247e-02 1.239362933696023994e+01 -4.539515137478677270e-02 9.989644017563128475e-01 -3.126100737288097040e-03 -4.017574789607792907e-01 1.139122821353676963e-02 3.646673949525251843e-03 9.999286200154421378e-01 3.196441015958881859e-01
9.988693768852697774e-01 4.628560625172350312e-02 -1.086191512338313681e-02 1.286938000533521631e+01 -4.631554290520842332e-02 9.989238684860102246e-01 -2.518973528769929190e-03 -4.313234698915299759e-01 1.073328220147778955e-02 3.019117673881311845e-03 9.999379918756526875e-01 3.408167568140372250e-01
9.988703053333701787e-01 4.655122272853279980e-02 -9.564355549040058288e-03 1.334944512239030701e+01 -4.658445438611410333e-02 9.989091627539058438e-01 -3.279309971591550486e-03 -4.577277657481588768e-01 9.400956217736452375e-03 3.721045529118316084e-03 9.999490412445559695e-01 3.601278379357437665e-01
9.988710337933038863e-01 4.660202331312293667e-02 -9.235426762668082906e-03 1.383738174103924834e+01 -4.665175828269707559e-02 9.988976497297452628e-01 -5.242873016097144775e-03 -4.788290890049370918e-01 8.980617820415735114e-03 5.667628292045387949e-03 9.999437688998737972e-01 3.607532487061004822e-01
9.988995926311565743e-01 4.604310336833195016e-02 -8.945940899993067366e-03 1.433286336238739445e+01 -4.610150037202979251e-02 9.989162469681480694e-01 -6.432894062606945434e-03 -5.072247050781159006e-01 8.639765329780699915e-03 6.838024260737154796e-03 9.999394535997562228e-01 3.706566201970196150e-01
9.989437643607299577e-01 4.501755025553159234e-02 -9.229115238404955041e-03 1.484737392049118121e+01 -4.507066193727472109e-02 9.989681519782307451e-01 -5.627697264362395771e-03 -5.450451113322891672e-01 8.965947668869683751e-03 6.037533562288708092e-03 9.999417373263044251e-01 3.899969320788048144e-01
9.989662268656208655e-01 4.432846671567605701e-02 -1.009337823007959260e-02 1.535565902589243947e+01 -4.437614005018604424e-02 9.990047540746835875e-01 -4.546851628473621426e-03 -5.742086500614053124e-01 9.881452163506873609e-03 4.989915182696556817e-03 9.999388898610723775e-01 4.176224114154389877e-01
9.989739730793170125e-01 4.384169303820568270e-02 -1.137212045182384688e-02 1.587448234764002208e+01 -4.388837342245765355e-02 9.990290920558437815e-01 -3.885871249560399199e-03 -6.025986658571129695e-01 1.119034676138367518e-02 4.380869420731969138e-03 9.999279549347013241e-01 4.364421553480974936e-01
9.989682761217988372e-01 4.351293873305694254e-02 -1.301677672219399631e-02 1.639913391510186003e+01 -4.356735245595209222e-02 9.990429933923676842e-01 -3.924271962958836811e-03 -6.334406510951346991e-01 1.283313799107114322e-02 4.487209552833826276e-03 9.999077528125013270e-01 4.413789915864898550e-01
9.989670604728819736e-01 4.303140000335992088e-02 -1.461329982518388450e-02 1.693462436025730611e+01 -4.310072386362044650e-02 9.990609827245734431e-01 -4.460854284829766751e-03 -6.614564010346923872e-01 1.440714162314182464e-02 5.085952642963814489e-03 9.998834486008479905e-01 4.449159007999823334e-01
9.989874138833139128e-01 4.255997318472367480e-02 -1.460254043647646847e-02 1.747348882209703547e+01 -4.264812782419792614e-02 9.990736594920296421e-01 -5.777855867759539715e-03 -6.868987633283036853e-01 1.434263032736846945e-02 6.394594103056113962e-03 9.998768652506757615e-01 4.584338734279180816e-01
9.990381938620754854e-01 4.196436567359010383e-02 -1.273257680888154227e-02 1.801632575658307545e+01 -4.205282429539369121e-02 9.990927379355717397e-01 -6.759104000673994868e-03 -7.149593998818396523e-01 1.243697015379199508e-02 7.287830509912666260e-03 9.998962747487617486e-01 4.735553103048220080e-01
9.990814237835975442e-01 4.144030598350002120e-02 -1.092975303446266921e-02 1.856130825010137286e+01 -4.151793091413957804e-02 9.991136505921283106e-01 -6.971431814472209450e-03 -7.439296202971009686e-01 1.063081427685529448e-02 7.418594107549462101e-03 9.999161533390833467e-01 4.981464434618536608e-01
9.991011581776724215e-01 4.115309168703912973e-02 -1.018585542650564738e-02 1.911587936314620251e+01 -4.121993454394841383e-02 9.991295598404534850e-01 -6.439643758933916683e-03 -7.720628612363110710e-01 9.911647808205423585e-03 6.853521842761564099e-03 9.999275755516785491e-01 5.302595269267906808e-01
9.991247798452997930e-01 4.054730780664458911e-02 -1.029784105155593515e-02 1.968953830738985999e+01 -4.060203728001290924e-02 9.991622914709266112e-01 -5.159983440623515903e-03 -8.036944297848923613e-01 1.007965697650005377e-02 5.573431159012522985e-03 9.999338542387502526e-01 5.518366695616800932e-01
9.991504582961826531e-01 3.973360859939979728e-02 -1.095733746925670916e-02 2.027145225473348944e+01 -3.979271063268740444e-02 9.991945013473852999e-01 -5.227430638136095105e-03 -8.354308187042223111e-01 1.074044979605681856e-02 5.658861549981041884e-03 9.999264966975145441e-01 5.672029282897179669e-01
9.991245908922524732e-01 3.960537291142349897e-02 -1.348833950884382148e-02 2.087868170346862584e+01 -3.969032706517765935e-02 9.991936990803081953e-01 -6.088333384676588786e-03 -8.551964677131678183e-01 1.323589191972988216e-02 6.618176634820634348e-03 9.998906905801213663e-01 5.730896521082700090e-01
9.991077754776470643e-01 3.902141724104579018e-02 -1.616967427545187852e-02 2.148499754040620147e+01 -3.912745634654872517e-02 9.992146315181795746e-01 -6.292968751679416974e-03 -8.788903452353096224e-01 1.591088224572083723e-02 6.919839946463792434e-03 9.998496604325862736e-01 5.827114076387194253e-01
9.990096902591266703e-01 3.865194803327157841e-02 -2.204887140193415376e-02 2.208926247274016319e+01 -3.878933599518739200e-02 9.992305830596832639e-01 -5.836813116838900257e-03 -9.096366098095285402e-01 2.180557032378722254e-02 6.686110111201264659e-03 9.997400624499896971e-01 5.938953507380628771e-01
9.984896946567741738e-01 3.822380830963009041e-02 -3.946895161163568866e-02 2.271535406456647976e+01 -3.852508210508275716e-02 9.992340275243929426e-01 -6.900481051484944756e-03 -9.383472481485800598e-01 3.917363561033214425e-02 8.410362806236023475e-03 9.991971976432355573e-01 6.114299463557291148e-01
9.974176182050280559e-01 3.801347618987267751e-02 -6.093998251187771747e-02 2.334470023037096098e+01 -3.870053515043334058e-02 9.991996910991739478e-01 -1.013363286447233232e-02 -9.614324992758452870e-01 6.050395158332427109e-02 1.246549861235985747e-02 9.980902595400706900e-01 6.212325529565476678e-01
9.967449237531352813e-01 3.848268779744083712e-02 -7.084699004006214662e-02 2.395102642139447724e+01 -3.975445967009732379e-02 9.990713234659441833e-01 -1.662919794078923305e-02 -9.907054513785166217e-01 7.013888931087405854e-02 1.939094183132913582e-02 9.973488694970423785e-01 6.185547988520316842e-01
9.972108968416055763e-01 3.963164012612568898e-02 -6.324863533575414420e-02 2.453216117785703432e+01 -4.111564373065021427e-02 9.989049244526742033e-01 -2.233656717342612577e-02 -1.022999426533095502e+00 6.229203390520653832e-02 2.487398286645202752e-02 9.977480942674362696e-01 6.512977431378734750e-01
9.985458006623023630e-01 4.081956215547926509e-02 -3.522204291739169935e-02 2.510667610212354006e+01 -4.155943766421071189e-02 9.989251979488411592e-01 -2.053603475430016562e-02 -1.071039601309412337e+00 3.434475581704071745e-02 2.196928790875716728e-02 9.991687356851784996e-01 7.364410623809860557e-01
9.991713587275832253e-01 4.060188418385800302e-02 -2.932341178667893181e-03 2.571297156163907616e+01 -4.063795565138336729e-02 9.990827936332434822e-01 -1.351253667622390360e-02 -1.117765461285333384e+00 2.380942045124271548e-03 1.362009981262023335e-02 9.999046244442697517e-01 8.554424237029004674e-01
9.989974585593545120e-01 3.909412504104103209e-02 2.182384005406183200e-02 2.634923912216979502e+01 -3.887449739918448499e-02 9.991902086344499612e-01 -1.039997568046461575e-02 -1.150173381010330953e+00 -2.221198633844949713e-02 9.540896511080441955e-03 9.997079775843259464e-01 9.344941694840033231e-01
9.987138737577011538e-01 3.631189611254873051e-02 3.539251365042225816e-02 2.705691641829320915e+01 -3.579693591751710591e-02 9.992455732802908441e-01 -1.507782938876608622e-02 -1.164842428353972892e+00 -3.591210012693202974e-02 1.379108540286329981e-02 9.992599999880515949e-01 9.162251161942885913e-01
9.989045813129757700e-01 3.382768528166478494e-02 3.234057629341480222e-02 2.776773777676815058e+01 -3.309695616744021823e-02 9.991906812511708313e-01 -2.287059668414284652e-02 -1.180952892283154476e+00 -3.308694183472162681e-02 2.177449348412289001e-02 9.992154681034607355e-01 8.499628513704774457e-01
9.993356799405979096e-01 3.211517347594414901e-02 1.724481173989179245e-02 2.847721057296627478e+01 -3.170858367262676530e-02 9.992244658343202302e-01 -2.335646198073510621e-02 -1.210102739095613833e+00 -1.798092707939515783e-02 2.279342892842510862e-02 9.995787123569384036e-01 8.378163489386080132e-01
9.995356977550676758e-01 3.023838347606756446e-02 -3.820888033561429826e-03 2.919209694332641902e+01 -3.028869049986444850e-02 9.994451657180498660e-01 -1.387219566750327870e-02 -1.250526673957779611e+00 3.399178640026195332e-03 1.398107816770547372e-02 9.998967260930803347e-01 9.140962843307420815e-01
9.992232648581842458e-01 2.918305344316768010e-02 -2.649192327990895768e-02 2.990582467828256696e+01 -2.922859273136277011e-02 9.995721044264159749e-01 -1.332500219103036846e-03 -1.286277741300069666e+00 2.644080349987412704e-02 2.105784484984725858e-03 9.996484059728315552e-01 9.911534449261112378e-01
