1.000000000000000000e+00 -1.123966364506625005e-19 0.000000000000000000e+00 0.000000000000000000e+00 0.000000000000000000e+00 1.000000000000000000e+00 0.000000000000000000e+00 0.000000000000000000e+00 0.000000000000000000e+00 0.000000000000000000e+00 1.000000000000000000e+00 0.000000000000000000e+00
9.999999899439485640e-01 1.450475644319434130e-04 1.155798996188294082e-05 1.545715641509071148e-03 -1.450461647460746586e-04 9.999999833771627822e-01 -1.163913465050097072e-04 -6.920444992194151046e-04 -1.157398674336819288e-05 1.163855895871840514e-04 9.999999933674763586e-01 -1.260064718023423680e-03
9.999999900713475443e-01 1.400837667391202949e-04 4.215207855159041565e-05 -9.276570397649397393e-04 -1.400758236475155641e-04 9.999999733051091466e-01 -1.885949132142378628e-04 -1.718230503158928862e-03 -4.217638783493478518e-05 1.885824862325452664e-04 9.999999817004887603e-01 -2.049822602274042893e-03
9.999999936646905008e-01 1.412500328728128883e-04 -3.063402700990085865e-05 -1.541634357429044755e-03 -1.412615142088874398e-04 9.999999592867097054e-01 -2.589028982828760162e-04 6.998387308134144946e-04 3.059803681088528015e-05 2.589003281747116942e-04 9.999999707877370581e-01 -1.916340731023424837e-03
9.999999930943839210e-01 1.299286298203196431e-04 -8.066466588949042422e-05 7.522850216716836513e-04 -1.299465701093370507e-04 9.999999776739311175e-01 -2.004759066586933613e-04 -5.346364704281181268e-05 8.063920610630316522e-05 2.004810579135804733e-04 9.999999850266082513e-01 -3.211498956726455134e-03
9.999999909538471732e-01 1.746867346777593712e-04 -4.940819720125148173e-05 -3.230020309952230662e-05 -1.746921130413693971e-04 9.999999812077190464e-01 -1.555073723013990065e-04 1.107104098595740327e-03 4.938124279904922435e-05 1.555134844557923767e-04 9.999999992416289674e-01 -2.068107237754190919e-03
1.000000011122219368e+00 4.667098210220402369e-05 -3.328918262379459216e-05 1.277113813807240206e-03 -4.667110737003200144e-05 1.000000007995129891e+00 -9.956484786064585205e-05 -7.531536909487733522e-04 3.328861915472085796e-05 9.956299956219547172e-05 1.000000008132639895e+00 -1.595549022497033675e-03
9.999999975335724933e-01 1.694352524588745316e-04 -5.737804662122647693e-05 -5.438648985605976094e-03 -1.694418865022034523e-04 9.999999861203177076e-01 -1.704609124779113904e-04 -8.246782017200561532e-04 5.735308363553347390e-05 1.704646924857609533e-04 9.999999979684252027e-01 -2.636746875807505219e-03
1.000000002646355579e+00 1.558382153467192650e-04 -1.940571693133300685e-05 -4.176068461949400401e-03 -1.558368132489884594e-04 9.999999923821142334e-01 -1.481129824437562247e-04 7.965078317090541760e-04 1.938823458074420803e-05 1.481099452796803514e-04 1.000000004486860439e+00 -2.708843277849704023e-03
1.000000011699586189e+00 -2.100846864763501805e-05 -8.932053752194006320e-05 1.850802993058842105e-03 2.101073737089623888e-05 1.000000015869944914e+00 -2.064656006220488032e-05 2.171290993284447080e-05 8.932454897155112019e-05 2.064362529047397259e-05 1.000000011672608435e+00 -1.809125382713716590e-03
1.000000009919186583e+00 1.080028194882105673e-04 -5.068509141308390323e-05 3.514722478472842582e-03 -1.079971629658537866e-04 1.000000011190141480e+00 3.539857615269044629e-05 -6.457143891578989714e-04 5.069445063265885971e-05 -3.539139658207586129e-05 1.000000014652056235e+00 -1.037295274706195869e-03
1.000000002239421981e+00 1.589663526950933141e-04 -6.710681344429596197e-05 1.023658737253185791e-03 -1.589666234991220922e-04 1.000000004516981233e+00 -5.998328297447452556e-05 -1.195140465268255264e-03 6.710275000000697333e-05 5.999245139357377554e-05 1.000000013738945093e+00 -2.420759317860454729e-03
1.000000010180376320e+00 1.008660400538410960e-04 7.010136349351443427e-05 -9.137747064864587543e-04 -1.008438885739208063e-04 9.999999763540873277e-01 -2.764215817581897462e-04 -3.433545474210465687e-04 -7.011955496568843228e-05 2.764053915899116680e-04 9.999999782506849844e-01 -2.117486186829165007e-03
1.000000019594347478e+00 6.836469703159526881e-05 -1.344425441697370164e-05 -1.707464469433483956e-03 -6.836460371397075353e-05 9.999999598209583507e-01 -3.429257425852103372e-04 -1.215486758094026787e-03 1.342683426632817479e-05 3.429172896764363042e-04 9.999999650333155632e-01 -2.074875384296515080e-03
1.000000007853625084e+00 1.642868358600643286e-04 -4.349160302780407706e-05 1.807333129628663215e-04 -1.642952435848051701e-04 9.999999651665929523e-01 -2.952450115287480318e-04 -6.164171328586799670e-04 4.344776294278167734e-05 2.952441330244062767e-04 9.999999806825343729e-01 -2.861901513159015309e-03
1.000000002412852362e+00 1.756805757888856717e-04 1.001351610575871101e-04 -2.344465972566878165e-03 -1.756514106825172658e-04 9.999999790564959579e-01 -2.399492713982593240e-04 7.685387899250793742e-04 -1.001674212310465898e-04 2.399255327137638253e-04 9.999999928014773332e-01 -1.220095176652336022e-03
1.000000024870568049e+00 6.739195989327791113e-06 -2.235916502596931721e-05 -2.018149220899712049e-03 -6.738779789331253434e-06 1.000000017263758867e+00 -1.199057981303877331e-04 -2.685293161050688465e-03 2.236529283008488754e-05 1.199058166986004693e-04 1.000000021510586867e+00 -9.687538401303985580e-04
1.000000023715230002e+00 5.059130450358731353e-05 -4.979802594917041788e-05 -1.370878567223510203e-03 -5.059234780448347568e-05 1.000000021386962201e+00 -7.619526389916829023e-05 -3.605830582094092518e-03 4.979963725831761649e-05 7.619841627652384900e-05 1.000000025247786972e+00 -8.626379855567467558e-04
1.000000021822330831e+00 7.139652486482773953e-05 6.961442338497703531e-05 -2.214306202324323181e-03 -7.137870862527172233e-05 9.999999984078687953e-01 -2.247405953364205080e-04 1.392818806257748593e-03 -6.962038584420017842e-05 2.247318036426805739e-04 1.000000002383562681e+00 -1.017349772665765428e-03
1.000000010706137088e+00 1.256521527035647681e-04 -1.353961651983891506e-04 -1.295099202087479640e-03 -1.256871093506849515e-04 9.999999805157047117e-01 -2.755683522058926128e-04 -4.097659467572171976e-04 1.353646980253922483e-04 2.755793674066271204e-04 9.999999839020973225e-01 -3.487563918278979713e-03
1.000000011644958109e+00 1.070370813930172297e-04 -1.484064697423130152e-04 -2.055503435524297373e-03 -1.070599504567814816e-04 1.000000007997637219e+00 -1.816125530629857034e-04 -2.629831383395248717e-03 1.483903649734829753e-04 1.816254510795130804e-04 1.000000007821375325e+00 -3.265659719805968919e-03
1.000000008240428784e+00 2.047291464930243196e-04 -3.483217320325919069e-05 6.808933279500717362e-04 -2.047332649186307807e-04 9.999999865483100159e-01 -2.157081114868416791e-04 -9.464865456977021585e-04 3.479553542859906254e-05 2.157118769761136312e-04 1.000000012682007444e+00 -1.903163466974167051e-03
1.000000020593100780e+00 8.300123687362074827e-05 -1.152659708186781621e-04 9.485396121020617244e-04 -8.302014140569493467e-05 1.000000008871472890e+00 -1.950368494104525320e-04 1.271360053934706552e-03 1.152546415338068768e-04 1.950441059043318923e-04 1.000000011562045765e+00 -2.529158226358907413e-03
1.000000009893424746e+00 1.289871177793113996e-04 -1.698924513363026065e-04 -2.170363145476805755e-03 -1.290165023540481432e-04 1.000000005850057327e+00 -1.931065540882966384e-04 -9.089649314428897842e-04 1.698701976549328379e-04 1.931248763204587466e-04 1.000000004758949901e+00 -4.092424108051329057e-03
1.000000018113067490e+00 1.767086015091387790e-04 -8.522821863765324760e-05 -4.233851005505329113e-03 -1.767166871720045676e-04 1.000000005320481389e+00 -1.575527120613277193e-04 -2.516771816952069474e-03 8.520548805490507866e-05 1.575665803383904777e-04 1.000000026466701719e+00 -3.361207778623365172e-03
1.000000025230536549e+00 1.447146440116450891e-04 6.729987835761044835e-05 -4.408316820615931775e-03 -1.446945438705179651e-04 9.999999978401460377e-01 -2.259467460723710731e-04 1.290102163901980098e-03 -6.732269775548104234e-05 2.259331701705587898e-04 1.000000015225432470e+00 -8.843470049222368345e-04
1.000000004850634339e+00 2.400208315958894765e-04 -1.079548876398602180e-04 -2.641833371602952951e-03 -2.400519043727579113e-04 9.999999463571453973e-01 -3.448159142063662061e-04 2.836035163093750949e-03 1.078766931344573096e-04 3.448334572070618797e-04 9.999999796842102828e-01 -2.745361797801271209e-03
1.000000010775404791e+00 1.997038391637542408e-04 -1.349488954532023605e-04 -8.603444921695402314e-04 -1.997232300451762255e-04 9.999999973448679969e-01 -1.903447706362140280e-04 -1.111813946095378813e-04 1.349153096045584263e-04 1.903684252780324393e-04 1.000000018238209831e+00 -4.187432503833132813e-03
9.999999705036317632e-01 3.687269337784772772e-04 -7.322053727377236755e-05 3.635829054835504337e-04 -3.687269609650009258e-04 9.999999648297152044e-01 -9.019107217814576166e-05 2.229823198028568071e-03 7.319264875423726153e-05 9.021869528153546628e-05 1.000000039177968647e+00 -3.655341551675350686e-03
1.000000004542133114e+00 2.253761345527098266e-04 -1.609497730459420316e-04 2.395691575625580327e-03 -2.253731229086711543e-04 1.000000013195380788e+00 -2.170594898214413452e-05 -1.343275288430634956e-03 1.609464785236133127e-04 2.174577040302415370e-05 1.000000033235844965e+00 -2.805190168082116742e-03
1.000000028839516109e+00 1.607864481785559825e-04 -5.472816887274683606e-05 3.048300040724871707e-03 -1.607823953875871931e-04 1.000000026299932010e+00 -3.262963277901264844e-05 -2.817616507787761709e-03 5.472768771208465314e-05 3.264131752720940188e-05 1.000000045339189958e+00 -2.006632421148291101e-03
1.000000028513431616e+00 1.527301182050585984e-04 -8.335274204172771673e-05 -5.033943642551719222e-04 -1.527370860880308129e-04 1.000000016112713830e+00 -1.622510078800746061e-04 -6.375104940811483767e-04 8.333216497940626997e-05 1.622622489811947509e-04 1.000000032034019437e+00 -2.058379018900380331e-03
1.000000027469830854e+00 1.776539971727240604e-04 -4.917568876100804191e-05 -3.561707203432185054e-04 -1.776529862403952720e-04 1.000000018212974240e+00 -1.246608519353295357e-04 -6.789382412028081848e-04 4.915834600977232662e-05 1.246700224156679112e-04 1.000000040297769344e+00 -3.106753204205503494e-03
1.000000014218368261e+00 2.453670527263404622e-04 -6.135586052985449797e-05 -2.820169388796811560e-03 -2.453695308687895218e-04 9.999999971797155496e-01 -1.905546908733590967e-04 9.942704786439562903e-05 6.131681302182960883e-05 1.905666338887320366e-04 1.000000032128910643e+00 -4.383606198538503307e-03
1.000000031367083819e+00 8.048388890135934758e-05 -1.607258150934405680e-04 -2.511159789950090371e-03 -8.049632876525134734e-05 1.000000034258016646e+00 -1.339811914524152584e-04 -2.954003975581820374e-04 1.607197258966294577e-04 1.339940169658076293e-04 1.000000030776681648e+00 -3.606311905627990200e-03
1.000000013016916878e+00 1.549779489149975939e-04 -2.351650479436864175e-04 -3.050023000416679508e-03 -1.549933680095091221e-04 1.000000033235619590e+00 -1.009101123187807625e-04 -3.223923575757341176e-04 2.351503053808531429e-04 1.009437834569659682e-04 1.000000021537776007e+00 -2.452175939522849291e-03
1.000000042493073726e+00 1.474214061415922645e-04 -3.515982617787161938e-05 -2.989285710222056025e-03 -1.474180316057708065e-04 1.000000033466958760e+00 -1.127871053254335041e-04 -1.381256040404867796e-03 3.515092826572236616e-05 1.127895017341270714e-04 1.000000048776795047e+00 -9.021905551291897751e-04
1.000000042394104005e+00 1.512954722210051043e-04 -2.678675455510924557e-05 -3.702783590007641124e-03 -1.512938492908835406e-04 1.000000020856892657e+00 -2.121903793860438340e-04 -1.303673456753237647e-03 2.676377933856900168e-05 2.121881831716853478e-04 1.000000036959652672e+00 -2.941182990661816987e-03
1.000000026785623275e+00 8.582731061780681555e-05 -2.238197370856521366e-04 -1.615217438485805346e-03 -8.585150549483572952e-05 1.000000042595270644e+00 -1.351502381958393873e-04 2.034309843052067163e-03 2.238106792814198095e-04 1.351659943676428296e-04 1.000000027418227466e+00 -5.728490999883373291e-03
1.000000010843756781e+00 3.823036416519198452e-05 -3.034438251909710301e-04 -1.981497647293384290e-03 -3.824906952342409239e-05 1.000000054339494238e+00 -7.235448052916934462e-05 3.419129142731180959e-03 3.034426521886663124e-04 7.236661231970836989e-05 1.000000016141155079e+00 -3.973429183389720620e-03
9.999998134492018576e-01 3.068633830757208495e-05 -7.022252583427282925e-04 -3.126556492408338883e-03 -3.075462333560711331e-05 1.000000052649467230e+00 -1.025732649917419101e-04 8.642952796024706841e-04 7.022106048450536949e-04 1.025952550082652530e-04 9.999998158686773664e-01 -2.180124000319638711e-03
9.999989869290505373e-01 2.310093600899843977e-04 -1.448964929031912449e-03 2.337124602344475832e-03 -2.308697414081968546e-04 1.000000027378899148e+00 9.447349031984503005e-05 2.118848065087233778e-04 1.448950115116143678e-03 -9.413182699381392128e-05 9.999990164074732402e-01 -1.305979469978790775e-03
9.999977314061816447e-01 -4.709825247671777757e-05 -2.159904262845566743e-03 1.406301343891169786e-02 4.756841909904149790e-05 1.000000034424491702e+00 2.163291239157254405e-04 2.165078709772082222e-03 2.159833618224777686e-03 -2.164188378379939301e-04 9.999977159527801973e-01 -4.091961244542252629e-03
9.999972458728405567e-01 1.443902797160885262e-04 -2.370308608870187132e-03 3.022417151592304840e-02 -1.445453772678092705e-04 1.000000046976851298e+00 -6.630351359417888286e-05 6.491257507648510311e-03 2.370231973430859777e-03 6.664915793906246830e-05 9.999972612650097625e-01 -7.169394506193915717e-03
9.999986008703110052e-01 -4.931389316783600380e-05 -1.714186500816972884e-03 4.876148602775809415e-02 4.918294263141654438e-05 1.000000056040431184e+00 -7.868692102964683539e-05 2.599658794991851346e-03 1.714145619061412410e-03 7.860367635772257480e-05 9.999986059984597997e-01 -5.140793455198133799e-03
9.999994271101071419e-01 -1.719152164320516391e-04 -1.124074321593412137e-03 7.018678227574692841e-02 1.716920672878196122e-04 1.000000025433366524e+00 -2.029869888403433998e-04 6.094050766348758919e-04 1.124084229644983605e-03 2.027910465836100064e-04 9.999994282172021132e-01 -2.564450689434227826e-03
9.999993336940437016e-01 -2.769871536143656628e-04 -1.186288590423639419e-03 1.027518459904399606e-01 2.770192134402167661e-04 1.000000026157958244e+00 2.272925918479083609e-05 4.585956598498405756e-04 1.186253656569393649e-03 -2.305174509860208351e-05 9.999993795958563858e-01 -1.714890199115970404e-04
9.999986859733906996e-01 -4.398413147945549580e-04 -1.612843724793598492e-03 1.343549018660752381e-01 4.400867697261189038e-04 9.999999599424459484e-01 1.500699509814927069e-04 -2.355614335195207326e-03 1.612736101241715996e-03 -1.507666620055958084e-04 9.999987767107650916e-01 1.065428291716186138e-03
9.999983676730893611e-01 -7.193744778088342201e-04 -1.707761885942070705e-03 1.655377724328463973e-01 7.194253430722052922e-04 9.999998115749051397e-01 2.711710458944600899e-05 -3.849717431046995736e-03 1.707695246355954693e-03 -2.833625274913341159e-05 9.999986316420493848e-01 1.182197093102965724e-03
9.999982082116093407e-01 -8.129276654815035261e-04 -1.758688009725210876e-03 2.005101479037945111e-01 8.128936703787805612e-04 9.999997407484039202e-01 -2.193303557844307954e-05 -9.265868637252268336e-04 1.758656922857282064e-03 2.051148232619307151e-05 9.999985439367155005e-01 8.413548228105582893e-04
9.999984114795202883e-01 -8.719862434185630257e-04 -1.608769343548993418e-03 2.351578663519449108e-01 8.720812074907054179e-04 9.999996898570017168e-01 5.615185592576078750e-05 -5.145732432157816560e-04 1.608676595821642531e-03 -5.754366281136436820e-05 9.999987955982815313e-01 2.019360624845534247e-03
9.999973301785424207e-01 -1.296904166117137389e-03 -1.957737526424488828e-03 2.788152573250357591e-01 1.297082725441044658e-03 9.999992268888844293e-01 8.832149473425297847e-05 -2.118925216844525644e-03 1.957566493094256826e-03 -9.084731556396800185e-05 9.999981725843516411e-01 2.511386383547309364e-03
9.999950738943159667e-01 -1.777288973090003239e-03 -2.621423526787232221e-03 3.352354469991516428e-01 1.777999942471139051e-03 9.999984559328540801e-01 2.677670151454877010e-04 -2.295431167810679102e-03 2.620866284005974461e-03 -2.724059512406574015e-04 9.999966224924147218e-01 4.934128282062744120e-03
9.999927594650881435e-01 -2.164117958700883994e-03 -3.158952169481373841e-03 3.985633370019077137e-01 2.165282979707851448e-03 9.999976624962966243e-01 3.643157974839636697e-04 -5.389329561422705195e-03 3.158060623140864290e-03 -3.711288076084741025e-04 9.999950395497199107e-01 8.384353884920203726e-03
9.999906890798631043e-01 -2.472252668109112175e-03 -3.563149125557993086e-03 4.563445549799485246e-01 2.474051347657520508e-03 9.999968901310267722e-01 5.008456983659810178e-04 -1.849014983513648513e-03 3.561790441043013750e-03 -5.096274736806388934e-04 9.999936271556918443e-01 1.007358893902310371e-02
9.999874804472130840e-01 -3.074079937062642286e-03 -3.972313185780279067e-03 5.314772296342558100e-01 3.074900242118532891e-03 9.999953317304703937e-01 2.005406733385782818e-04 8.088384439200110854e-04 3.971551686096336242e-03 -2.127327961973195366e-04 9.999921925914412313e-01 8.639335223332711422e-03
9.999849481286531283e-01 -3.864951323572620671e-03 -3.918951690873279103e-03 6.114210217087876487e-01 3.865256282547969470e-03 9.999926081120075194e-01 7.041036588303275915e-05 -3.096645709552328651e-03 3.918525284818934022e-03 -8.554147701152094022e-05 9.999924214325348615e-01 1.056061994025037087e-02
9.999813418319017932e-01 -4.483431463406772552e-03 -4.173915284710563549e-03 7.039911728788783574e-01 4.484322435690277914e-03 9.999900140580042507e-01 2.042997308608053781e-04 -2.624300835611534377e-03 4.172826941928834549e-03 -2.229899641344033521e-04 9.999913803960752690e-01 9.630932206415421248e-03
9.999785597966052153e-01 -5.127892129161169821e-03 -4.098958238511291215e-03 7.989337092683207464e-01 5.128940074403444578e-03 9.999869075620981818e-01 2.449486848121269138e-04 -3.171803835127842697e-03 4.097520161260900795e-03 -2.659415793880519742e-04 9.999916861120397016e-01 1.149193411687909894e-02
9.999745503549525294e-01 -5.929997821995181342e-03 -3.994328836827844981e-03 8.979016152953117613e-01 5.930078280622095091e-03 9.999825087469575990e-01 8.546947928420770043e-06 -6.161815562003720645e-03 3.994082614024517357e-03 -3.221725388082785976e-05 9.999921418683753727e-01 1.195668100945357359e-02
9.999679530531857541e-01 -6.530858410271200322e-03 -4.654868579561695016e-03 1.015592618162798555e+00 6.529783493532450092e-03 9.999787450550976509e-01 -2.467216070576239346e-04 -3.290670118131389099e-03 4.656234758788163793e-03 2.163245143753806928e-04 9.999892600992623670e-01 1.035500833805680365e-02
9.999591603912358906e-01 -7.414818461447609393e-03 -5.189983833238263553e-03 1.141530049216014975e+00 7.414368727625341229e-03 9.999726059919743504e-01 -1.059969028071414159e-04 -2.282192948267140753e-03 5.190466158482124476e-03 6.752800841024876957e-05 9.999866550175761093e-01 1.481007113034671363e-02
9.999510514744834877e-01 -8.636157833830251582e-03 -4.853539178386977529e-03 1.271911181257256551e+00 8.638730048228179109e-03 9.999626566269711470e-01 5.084796365579748916e-04 -5.435617618181278962e-03 4.848818364844516976e-03 -5.503494556770444903e-04 9.999882250710306897e-01 2.504074754422669358e-02
9.999418464632554571e-01 -9.669458607463505412e-03 -4.801417968799413620e-03 1.421887112418546151e+00 9.672061318313541350e-03 9.999531919389790247e-01 5.183523582423819670e-04 -1.057637381221457513e-02 4.796034804407938931e-03 -5.647277985397689253e-04 9.999884721016321087e-01 2.741255967671918370e-02
9.999355463593287974e-01 -1.036560657161490068e-02 -4.659111394953371725e-03 1.572244384415081964e+00 1.036652484413697409e-02 9.999463553535147264e-01 1.722600882155992752e-04 -1.219096759554299039e-02 4.656934739007517234e-03 -2.205256107342828964e-04 9.999892665210442511e-01 2.719676300551077119e-02
9.999288865412294669e-01 -1.098825022467899044e-02 -4.662227758654246754e-03 1.717528696748061856e+00 1.098834586641208449e-02 9.999397339286545394e-01 -5.634697998767885515e-06 -8.334904695754600384e-03 4.661869100273574942e-03 -4.557875591247364378e-05 9.999892680469174566e-01 2.654991693687791532e-02
9.999300238683569431e-01 -1.116715805716546155e-02 -3.938246662320520758e-03 1.866611827692651326e+00 1.117022113617930149e-02 9.999374381489495311e-01 7.552834887016464643e-04 -8.430209079644224515e-03 3.929447565924470455e-03 -7.991737275642255825e-04 9.999920995969651116e-01 4.046908648891145432e-02
9.999270840725456022e-01 -1.158492584688770172e-02 -3.448600514758867926e-03 2.039000525695561450e+00 1.158954062281214795e-02 9.999320844549739462e-01 1.318702427102542291e-03 -8.937753187605134222e-03 3.432985428151931386e-03 -1.358504853426993316e-03 9.999933282750674834e-01 4.972612095065298554e-02
9.999257786559020422e-01 -1.176072435802863990e-02 -3.225574600186055518e-03 2.223815508173626387e+00 1.176657359730589811e-02 9.999292727534937475e-01 1.797659945511095913e-03 -8.809767163510336813e-03 3.204108575638570013e-03 -1.835393839952771016e-03 9.999933273985744941e-01 5.686321014581574573e-02
9.999203415841263487e-01 -1.214715990554190127e-02 -3.471144078744706728e-03 2.420719818004548163e+00 1.215283084281381515e-02 9.999249692196825468e-01 1.613409521695307073e-03 -1.308576450026847048e-02 3.451182519967465907e-03 -1.655387329347470004e-03 9.999928253692926816e-01 5.974952547641043665e-02
9.999119113675718484e-01 -1.277601534557691598e-02 -3.638501066469567412e-03 2.615426272119821149e+00 1.278076288614454076e-02 9.999176259314290771e-01 1.280407732915266571e-03 -1.505251502574908584e-02 3.621732588420510136e-03 -1.326731060956376062e-03 9.999927161308675982e-01 6.715170229859035445e-02
9.999043005514643978e-01 -1.330523917223307498e-02 -3.828755883722252586e-03 2.821774462756802215e+00 1.330802954097906263e-02 9.999113258349371369e-01 6.993566198718297999e-04 -1.008259691214411120e-02 3.818995667575484417e-03 -7.501966207465775782e-04 9.999925849021373825e-01 6.580509763853537031e-02
9.998958294349550302e-01 -1.411129036187691414e-02 -3.083830108947712475e-03 3.049235168541438945e+00 1.411220827135614350e-02 9.999005097598721026e-01 2.701488289144263590e-04 -1.158731645395943977e-02 3.079620675033726759e-03 -3.136105510935443619e-04 9.999953725284699280e-01 7.070872344554168798e-02
9.998898441755382782e-01 -1.457054052722249124e-02 -2.882481706345233277e-03 3.270159195522716722e+00 1.457173757359966210e-02 9.998938835020640958e-01 3.879491283850369852e-04 -1.111645463918561026e-02 2.876439080747654389e-03 -4.298758676922112944e-04 9.999959384062413470e-01 7.784112130528475504e-02
9.998848605986722093e-01 -1.481829742686547463e-02 -3.315953898715725927e-03 3.485799237704384712e+00 1.482279188563521456e-02 9.998893863704826357e-01 1.329684436928665588e-03 -8.568263693337019316e-03 3.295784300672591378e-03 -1.378618212669373939e-03 9.999937889614013420e-01 8.602866795203278905e-02
9.998715251157528350e-01 -1.546878078625027811e-02 -4.239143098046803219e-03 3.725878715518861739e+00 1.547674410409796350e-02 9.998786550817521102e-01 1.849135329605779750e-03 -6.115944365542688027e-03 4.209896118503379282e-03 -1.914421558010347049e-03 9.999894817152283899e-01 9.360821566371413383e-02
9.998524610276908753e-01 -1.642829494959142586e-02 -5.048795448509044159e-03 3.987592943524924216e+00 1.644099803369895169e-02 9.998618946653977657e-01 2.482510190090675677e-03 -7.399185655614041318e-03 5.007159817273218461e-03 -2.565044374453607709e-03 9.999843509841495059e-01 1.024440995891982009e-01
9.998368258573546719e-01 -1.733180409803795202e-02 -5.124073745910386231e-03 4.263665829896853943e+00 1.734238278477781905e-02 9.998477020897051926e-01 2.024543855382004553e-03 -9.762416933475386721e-03 5.088046241103300234e-03 -2.112985948534830058e-03 9.999850031769157432e-01 1.078086893977667771e-01
9.998241440018956760e-01 -1.805192099954709348e-02 -5.112614881339090818e-03 4.541346020705400832e+00 1.805939447189909564e-02 9.998360562887841363e-01 1.417029272795900224e-03 -5.848497985063025317e-03 5.086038761617220003e-03 -1.509040005392632208e-03 9.999861111966865668e-01 1.103364161238773455e-01
9.998139994552752707e-01 -1.857780803811602890e-02 -5.212113023990514425e-03 4.843405984249382179e+00 1.858706297872820407e-02 9.998258987588146685e-01 1.730129589327203529e-03 1.013895998905431362e-03 5.178897571519385651e-03 -1.826602686665195060e-03 9.999851092187228563e-01 1.210794916922148801e-01
9.998053170395853062e-01 -1.906644556887504907e-02 -5.112494567690778480e-03 5.136260142156652719e+00 1.907787497090841777e-02 9.998157466835987384e-01 2.193014562003350616e-03 5.222576710060954086e-03 5.069576680319126671e-03 -2.290023629409877054e-03 9.999847182236663024e-01 1.365526000939736306e-01
9.997917023027526051e-01 -1.971340411823026273e-02 -5.317332365653411330e-03 5.432804060511151611e+00 1.972837489059519125e-02 9.998016830714790970e-01 2.775292657933462869e-03 6.297888725888229483e-03 5.261397784649619706e-03 -2.879497753706888093e-03 9.999822111462847163e-01 1.441326190378455774e-01
9.997731078729925613e-01 -2.057469693598450861e-02 -5.546051902228768885e-03 5.754641226323800041e+00 2.058993317340299112e-02 9.997845174996724538e-01 2.701905515221517898e-03 1.466249003677049315e-02 5.489084186887947803e-03 -2.815368488637727453e-03 9.999811738601086519e-01 1.532551260162351436e-01
9.997523970822128625e-01 -2.127104609873263497e-02 -6.560335223838211459e-03 6.069883797927164260e+00 2.129106969152891327e-02 9.997689949426249445e-01 2.995921451131306271e-03 1.616162409172667083e-02 6.494877931256745791e-03 -3.134727279329178624e-03 9.999742001246864076e-01 1.587718759669178858e-01
9.997319008014253772e-01 -2.203915604795442934e-02 -7.124257490355499420e-03 6.406942917021768658e+00 2.206479224672634049e-02 9.997504456009553842e-01 3.538621204985927578e-03 1.614080944857851016e-02 7.044258025441144273e-03 -3.694719465157831478e-03 9.999685692718460750e-01 1.716392375517648006e-01
9.997112444248867913e-01 -2.283662512490855154e-02 -7.501575971180745976e-03 6.757601423294075538e+00 2.286904171955164364e-02 9.997295491845941129e-01 4.262886867233911005e-03 1.903174256390472233e-02 7.401954397600703749e-03 -4.433037242338872842e-03 9.999629860616708887e-01 1.788170562259108198e-01
9.997027201495204407e-01 -2.337401565817185181e-02 -6.963221662006240965e-03 7.111068369230110875e+00 2.340189712921697876e-02 9.997185099274502607e-01 3.948431120322052311e-03 2.430725737730332972e-02 6.868745949627847597e-03 -4.110048726259494210e-03 9.999681719708692906e-01 1.848681624980690330e-01
9.996908795785429680e-01 -2.418744996214584539e-02 -5.785951798073517109e-03 7.482628298779203213e+00 2.420333412629924186e-02 9.997036096153494311e-01 2.690373947185273167e-03 3.538352887924092749e-02 5.718976844155737246e-03 -2.829463905897355337e-03 9.999798592810472675e-01 1.914167194009259720e-01
9.996684387778730363e-01 -2.526606757611488466e-02 -5.000436896542806604e-03 7.857310188072920809e+00 2.527623078502658216e-02 9.996787210408161206e-01 1.979185291854844604e-03 3.959356740446653977e-02 4.948662774317577444e-03 -2.104828406612299814e-03 9.999857583945431783e-01 2.063295335362502758e-01
9.996450899195142847e-01 -2.614920706098817355e-02 -5.126632191331140925e-03 8.242579455745650208e+00 2.616378512915259330e-02 9.996539359483771481e-01 2.797459853950445049e-03 4.539223888457831479e-02 5.051543569141384547e-03 -2.930477459483151088e-03 9.999831707654270874e-01 2.245655624984741472e-01
9.996329537092071282e-01 -2.658841341050326851e-02 -5.233190618442914478e-03 8.636962537637311144e+00 2.661030335529768892e-02 9.996374179520991499e-01 4.158503936238174686e-03 5.222761122717574367e-02 5.120557726688624613e-03 -4.296066592460708392e-03 9.999778893418842518e-01 2.414213098980853012e-01
9.996187766504920358e-01 -2.711429763104432344e-02 -5.243150192716238174e-03 9.033844244239979560e+00 2.713508678985396966e-02 9.996242169535551891e-01 3.935078940099783450e-03 5.601599150393719861e-02 5.134315069302702005e-03 -4.075692174933294963e-03 9.999787426234294507e-01 2.482293010962473012e-01
9.995703474929440446e-01 -2.877251796271104028e-02 -5.625104359847979234e-03 9.454293869034737341e+00 2.878965744110360825e-02 9.995812106794971230e-01 2.989587443880822003e-03 6.618577067992233165e-02 5.536546657816887596e-03 -3.150117213139843903e-03 9.999799424832039874e-01 2.517050712095882936e-01
9.995217014652222343e-01 -3.028955779960871425e-02 -6.268799105829211092e-03 9.861217818213818376e+00 3.030498465414226128e-02 9.995380589724051079e-01 2.379831299114470826e-03 7.725951269449586600e-02 6.193609843824534646e-03 -2.568554882916802840e-03 9.999777542206043091e-01 2.610706900601358349e-01
9.994904411312180992e-01 -3.133042404345534604e-02 -6.136295703165825857e-03 1.028568651666011746e+01 3.134774308182570329e-02 9.995049655829414403e-01 2.745169114028316731e-03 8.460701582943960797e-02 6.047046597934418490e-03 -2.936003332054869241e-03 9.999776449261328359e-01 2.798798703206062388e-01
9.994332109341601544e-01 -3.316580978977354960e-02 -5.803599694338149907e-03 1.073052891700269917e+01 3.318383889603188086e-02 9.994448528933124187e-01 3.036630056646540555e-03 9.452983259815130046e-02 5.699476404749123301e-03 -3.227358502971959704e-03 9.999787909217133786e-01 2.973497138152796371e-01
9.993622753933519842e-01 -3.526973056423969577e-02 -5.611981243135762652e-03 1.118929061539706282e+01 3.528669398567576415e-02 9.993730803243321414e-01 2.951172336290323883e-03 1.041649571238976862e-01 5.504193572216421054e-03 -3.147186240392260952e-03 9.999801418581970580e-01 3.106378929393127653e-01
9.992849976885974650e-01 -3.727533584824778423e-02 -6.360583286698267072e-03 1.165214269778457457e+01 3.729154080305576574e-02 9.993016468199851232e-01 2.446014593810032223e-03 1.203397466146243905e-01 6.264753677579188579e-03 -2.681341547383821709e-03 9.999770303887550726e-01 3.180280287310166543e-01
9.992109641786810492e-01 -3.909967159787432894e-02 -7.005886055124425221e-03 1.211066617600774542e+01 3.912265415640077404e-02 9.992295981248030534e-01 3.172360027732342835e-03 1.279221671711863739e-01 6.876219489467630744e-03 -3.443799374338747058e-03 9.999706834509684006e-01 3.362178646247475644e-01
9.991317146436299312e-01 -4.099160336768892937e-02 -7.478357817509450473e-03 1.260526229140255516e+01 4.102587206393949054e-02 9.991482328175768091e-01 4.486525400654993445e-03 1.445514581985913038e-01 7.287836170630852123e-03 -4.789243901753829913e-03 9.999622314580850491e-01 3.551631482885455604e-01
9.990400975151541019e-01 -4.316626247507677344e-02 -7.482495116495880248e-03 1.310437936390315983e+01 4.320181616878505937e-02 9.990557445768384337e-01 4.655565542797355204e-03 1.621552717726902626e-01 7.274221440183413143e-03 -4.974158040440207831e-03 9.999614294114620439e-01 3.703247273283780672e-01
9.989536034580345225e-01 -4.513245171938268241e-02 -7.429161617075481089e-03 1.360790582994114928e+01 4.516057576219259517e-02 9.989732621015795511e-01 3.661072427286073735e-03 1.801469776177838378e-01 7.256057806581502762e-03 -3.992584418243740399e-03 9.999659659880660856e-01 3.774147907146900849e-01
9.988504471759080960e-01 -4.744125813770088546e-02 -6.895262475134160407e-03 1.411582767656136994e+01 4.745530418949634593e-02 9.988718141656734995e-01 1.886645210151080727e-03 1.962634248814706661e-01 6.797749730753018492e-03 -2.211591550630552169e-03 9.999747156670660830e-01 3.859112773437713972e-01
9.987413998815199978e-01 -4.971771959458080176e-02 -6.649062025318028778e-03 1.462328493765559934e+01 4.972937829924924114e-02 9.987616865415922529e-01 1.598412944170756345e-03 2.150318650269704979e-01 6.561137274818265239e-03 -1.926968291842240085e-03 9.999768897281854363e-01 4.058196836899816695e-01
9.986196868069540100e-01 -5.203044846872804940e-02 -7.211436591252003842e-03 1.513991274437365497e+01 5.204587086623540387e-02 9.986429981687938717e-01 1.966945142048746355e-03 2.354000432752272054e-01 7.099072451818124255e-03 -2.339452813754419862e-03 9.999723396814224063e-01 4.297737060859243563e-01
9.985066954931183236e-01 -5.413214805316989009e-02 -7.385311363064321101e-03 1.568118277284025197e+01 5.415140927323230241e-02 9.985300173910044430e-01 2.432619698459095262e-03 2.555789339742707278e-01 7.242530723690090121e-03 -2.828792684526564016e-03 9.999700507889557333e-01 4.534785383636699141e-01
9.983881382949830741e-01 -5.629864384549303213e-02 -7.213982446917945220e-03 1.622756131447938444e+01 5.632290225863755689e-02 9.984077102383982494e-01 3.204021450812803359e-03 2.786014060551206817e-01 7.021879760187661919e-03 -3.605023764220264930e-03 9.999691287393680517e-01 4.712213300069876265e-01
9.982316853521746580e-01 -5.894861465013271490e-02 -7.682723847948093494e-03 1.678958128317176701e+01 5.898320750652143868e-02 9.982497207961861241e-01 4.356206914032627851e-03 3.047805447819614266e-01 7.412241573647207829e-03 -4.801466578746871501e-03 9.999612850906922645e-01 4.867537272402489013e-01
9.980736053060775825e-01 -6.142869751840808468e-02 -8.721197109980602727e-03 1.734035674298344532e+01 6.146604115663605039e-02 9.981010895860434884e-01 4.079745210842869278e-03 3.348620729018185194e-01 8.453743444337266308e-03 -4.607759245845249006e-03 9.999539359397378036e-01 4.992702753834230567e-01
9.979101234154812428e-01 -6.396965840519550084e-02 -9.150706760401385725e-03 1.790180749645598723e+01 6.400026816760194526e-02 9.979453477327623334e-01 3.091578611715258950e-03 3.660336296597255235e-01 8.933840914439427142e-03 -3.670612840822587951e-03 9.999536438697813612e-01 5.190704373916483760e-01
9.977464325857403615e-01 -6.645761396271165911e-02 -9.268778558310989540e-03 1.848288164655474475e+01 6.647989931324861657e-02 9.977857801272967952e-01 2.116721715335473375e-03 3.957923322864494442e-01 9.107278776407460794e-03 -2.728018619855094792e-03 9.999551008273467323e-01 5.431611387366133137e-01
9.975552059673631344e-01 -6.923441666465049438e-02 -9.522665208907557521e-03 1.909047281365469573e+01 6.925203093757609230e-02 9.975982857850476115e-01 1.532019295735344115e-03 4.375148471557582242e-01 9.393407654217889383e-03 -2.187636982804153779e-03 9.999537849594758443e-01 5.608608811419864004e-01
9.973877876724990266e-01 -7.157240498488474933e-02 -9.770718528224192970e-03 1.968041882835009204e+01 7.160090016422902826e-02 9.974302512272167354e-01 2.597680049515618816e-03 4.716105604130333417e-01 9.559363938565946725e-03 -3.290348413200322713e-03 9.999491976909153923e-01 5.770051955644452946e-01
9.972391878992092895e-01 -7.363953124898386937e-02 -9.575898133428200135e-03 2.028778528405544179e+01 7.369171503436514059e-02 9.972677147830930622e-01 5.214876378246651248e-03 5.040029052386475472e-01 9.165399733849341826e-03 -5.905916047266797017e-03 9.999408662549825744e-01 5.994284664507290028e-01
9.971270709994507486e-01 -7.522472058065020339e-02 -8.906651269507468230e-03 2.089811193326305627e+01 7.528057013862214653e-02 9.971439605330583156e-01 6.109422375825931777e-03 5.432870772083178146e-01 8.421342389223762659e-03 -6.762108428328713824e-03 9.999419890402937439e-01 6.204123061464845712e-01
9.969729681329136950e-01 -7.735748280705073698e-02 -7.823312453225943555e-03 2.152835255370416334e+01 7.739707072703842783e-02 9.969886450954731361e-01 4.889512047433528831e-03 5.863688704545094721e-01 7.421255724023891054e-03 -5.479996395153961634e-03 9.999577630062305156e-01 6.375893225262210251e-01
9.968293958601955884e-01 -7.921871650519897445e-02 -7.485659716535342754e-03 2.214433907983059058e+01 7.924639750682584138e-02 9.968492937111449459e-01 3.474945090891835842e-03 6.277170710151814825e-01 7.186547033201012846e-03 -4.056971323868356107e-03 9.999662677769100005e-01 6.543504185489663616e-01
9.967055107496228805e-01 -8.071823140050378431e-02 -7.948549081821309342e-03 2.277433167794871238e+01 8.075581840322901273e-02 9.967239342494712551e-01 4.525822242313227300e-03 6.714396033529804741e-01 7.556931812868600794e-03 -5.152599474609087168e-03 9.999584943485803068e-01 6.799989921033069429e-01
9.966200215887353053e-01 -8.175721456202331150e-02 -8.048517106040800964e-03 2.341397823341669948e+01 8.181102448934307603e-02 9.966263108093200707e-01 6.598956539367452183e-03 7.157497961857955948e-01 7.481592495416821732e-03 -7.234834910411430155e-03 9.999461659207912190e-01 7.083509763557001015e-01
9.965295059676643197e-01 -8.283395404149077046e-02 -8.244660899662522441e-03 2.406279201584111149e+01 8.289692925206024188e-02 9.965293478628062251e-01 7.613386705077059002e-03 7.676569974732901924e-01 7.585131406066362124e-03 -8.270113271967154470e-03 9.999373627699136291e-01 7.248955864125425919e-01
9.964739157610026377e-01 -8.348736258029242074e-02 -8.372272640206741834e-03 2.475634617562835160e+01 8.355177460503837583e-02 9.964742825233098289e-01 7.662720957827063792e-03 8.167331539847965116e-01 7.702744529753027120e-03 -8.334909172150404763e-03 9.999359271648382563e-01 7.364360476791294019e-01
9.964085477920116007e-01 -8.434122217271676492e-02 -7.554236703062374575e-03 2.543547406895249807e+01 8.438959892439568122e-02 9.964130308655049229e-01 6.331022036336138477e-03 8.700756975989124564e-01 6.992929756325193605e-03 -6.945518563961548819e-03 9.999517612167422298e-01 7.541707763680851606e-01
9.963329854740090585e-01 -8.528549201572943605e-02 -6.889861520246810637e-03 2.608444520646693121e+01 8.532479871441524255e-02 9.963376092719700150e-01 5.627235425029641219e-03 9.234541606362842714e-01 6.384484562421550470e-03 -6.194236429642408989e-03 9.999607699969441654e-01 7.778511050205487720e-01
9.962643367570492847e-01 -8.611649294060719217e-02 -6.467782897365392109e-03 2.676366455401809574e+01 8.615356215901252834e-02 9.962659402166450517e-01 5.689013300520982808e-03 9.742756399060218397e-01 5.953507309743722234e-03 -6.224738810500737331e-03 9.999632417865240708e-01 8.038995556525581065e-01
9.961693280641685799e-01 -8.722750697559157607e-02 -6.208445181032977607e-03 2.747304154776581342e+01 8.726705729697022129e-02 9.961646306622969904e-01 6.412303567428497691e-03 1.024051407794459134e+00 5.625108461022151202e-03 -6.929264436821510470e-03 9.999605107118519909e-01 8.286980714335629994e-01
9.960637998576868934e-01 -8.830563677581489135e-02 -7.716094410678645335e-03 2.817822498109568130e+01 8.836289906250258119e-02 9.960609958671743369e-01 7.424338433994431483e-03 1.079862043144194095e+00 7.029846189963509517e-03 -8.076622877695798300e-03 9.999430139170326637e-01 8.534161395337185319e-01
9.959722808806098504e-01 -8.915961011751551146e-02 -9.502603795515724566e-03 2.887717478878768063e+01 8.924292628158753127e-02 9.959718899359509825e-01 8.736538968515169395e-03 1.136786677613594421e+00 8.685081033927585445e-03 -9.549031857051219416e-03 9.999170303909719060e-01 8.767067825915765278e-01
9.958921070592623437e-01 -8.993692808972403308e-02 -1.052559331111026404e-02 2.958804015937451126e+01 9.003068380687252736e-02 9.959004374767325141e-01 8.799555787697289910e-03 1.195308635899887895e+00 9.690705989847588422e-03 -9.710671339872540414e-03 9.999062387085381198e-01 8.987163157709041617e-01
9.958842283649496085e-01 -9.007444516549246993e-02 -1.008637404289353980e-02 3.029976406959394097e+01 9.016538026315440435e-02 9.958868723718941052e-01 8.954660856907587993e-03 1.250665760801495718e+00 9.237983026995770161e-03 -9.826875460733242029e-03 9.999093916249630620e-01 9.133447242244768782e-01
9.960084264343344040e-01 -8.883708879705826122e-02 -8.702519740539598966e-03 3.103266854823902676e+01 8.891652006257405594e-02 9.959968420211151585e-01 9.208584677826892398e-03 1.309240021385003505e+00 7.849343313056382845e-03 -9.945244339340870293e-03 9.999200896769367963e-01 9.270174244785432949e-01
9.961686534424734063e-01 -8.713662039961229955e-02 -7.468471806442668684e-03 3.177071075577059034e+01 8.721101087183991130e-02 9.961370489897671821e-01 1.028988892935712648e-02 1.367190538849237358e+00 6.542761744304804658e-03 -1.090138012178593421e-02 9.999195300941470244e-01 9.384215153301413981e-01
