1.000000000000000000e+00 0.000000000000000000e+00 0.000000000000000000e+00 0.000000000000000000e+00 0.000000000000000000e+00 1.000000000000000000e+00 0.000000000000000000e+00 0.000000000000000000e+00 0.000000000000000000e+00 0.000000000000000000e+00 1.000000000000000000e+00 0.000000000000000000e+00
9.999999963832574279e-01 5.550990326974732884e-05 6.443706870783147737e-05 3.919710544771298245e-03 -5.551725145186614172e-05 9.999999919563131723e-01 1.140403804649393920e-04 -1.837832000347821996e-03 -6.443073781903143477e-05 -1.140439574214309736e-04 9.999999914213278940e-01 -4.948101884086356962e-03
9.999999942391386565e-01 1.073364642936856821e-04 -7.785365312454984157e-07 2.517215325922791090e-03 -1.073363747587873066e-04 9.999999877292935491e-01 1.141065968605263568e-04 -4.120925846777113814e-03 7.907843203518989827e-07 -1.141065126378851800e-04 9.999999934895391629e-01 -2.991997697406529808e-03
9.999999922538690411e-01 2.326953607643075748e-05 -1.222734255579825972e-04 1.177980429467871118e-03 -2.325702881718294142e-05 9.999999944979645061e-01 1.022896946979247920e-04 -1.123050401140721771e-03 1.222758051189708998e-04 -1.022868501889936314e-04 9.999999872930137590e-01 -1.073816916875215298e-04
9.999999983091610867e-01 -3.379214071260592574e-05 -4.732619743383616683e-05 -1.810202526135484260e-03 3.379321581519846210e-05 9.999999991709953573e-01 2.271624440135901481e-05 -1.035042080344495069e-03 4.732542976407526402e-05 -2.271784366735309722e-05 9.999999986221016490e-01 5.349733701482807351e-04
9.999999967685300195e-01 5.937948738958742444e-05 5.419424692493209691e-05 1.215273363858603191e-03 -5.937684449197769217e-05 9.999999970480639711e-01 -4.876743104195187641e-05 -9.001722546641121453e-04 -5.419714255001073218e-05 4.876421300098936022e-05 9.999999973423606692e-01 -1.122386879231858283e-03
9.999999946324238387e-01 8.007653730988923248e-05 6.574876697127737650e-05 2.370543884579285384e-03 -8.007656266685125954e-05 9.999999967937986955e-01 3.830320725559811055e-07 -3.454958872651062250e-03 -6.574873608859153646e-05 -3.882970057586710437e-07 9.999999978384764843e-01 -1.745839329303330812e-03
9.999999997590975909e-01 1.517619270492265548e-05 -1.585837387548795521e-05 -1.718117725902044979e-04 -1.517462023202989355e-05 9.999999949692388590e-01 9.915267560904973199e-05 -2.471406500526995495e-03 1.585987855582051637e-05 -9.915243494036255010e-05 9.999999949586294568e-01 3.011666473604146868e-04
9.999999978469034101e-01 -2.820939881465512217e-05 -5.924882273921957269e-05 2.702965809888826024e-03 2.821991029859142433e-05 9.999999838630329041e-01 1.774191942431626548e-04 -1.507177604622327201e-03 5.924381689431549252e-05 -1.774208658576250112e-04 9.999999825060030822e-01 5.981879137456898136e-04
9.999999945792672484e-01 8.923517954325558361e-05 -5.365210321090467397e-05 2.089329899276448892e-03 -8.922745894037686324e-05 9.999999856675831911e-01 1.438863928740841201e-04 -7.883183978604725237e-04 5.366494217004232157e-05 -1.438816048532781135e-04 9.999999882090787606e-01 -9.803932859019758982e-04
9.999999914516071176e-01 1.271893688977766563e-04 -3.032573229065569081e-05 1.186516106779691732e-03 -1.271884511366656791e-04 9.999999914536106260e-01 3.026345247496904401e-05 -2.039220974200284253e-03 3.032958122090113396e-05 -3.025959513334552757e-05 9.999999990822366902e-01 -2.003893897757172502e-03
9.999999910004010450e-01 1.325302545954535043e-04 -2.085496132558433967e-05 -1.913837143535138900e-03 -1.325310354305069666e-04 9.999999905167249459e-01 -3.744428656272604541e-05 -2.480251016641209401e-03 2.084999862697969964e-05 3.744705015536082404e-05 9.999999990814979478e-01 -1.244350239953047853e-03
9.999999980620510875e-01 6.190478029932958094e-05 6.610293554556394941e-06 -3.020800684052969351e-03 -6.190502396540672385e-05 9.999999974042677042e-01 3.686777214992660335e-05 1.174724229129594025e-04 -6.608011246062774898e-06 -3.686818128885966343e-05 9.999999992985356689e-01 1.852749987275566310e-03
9.999999982355987083e-01 -5.675900377218666784e-05 -1.752763658533773719e-05 1.127913487705353018e-03 5.675990778724766535e-05 9.999999970588895337e-01 5.158036246572124655e-05 9.792517494479938914e-04 1.752470888379925969e-05 -5.158135724174910141e-05 9.999999985161240890e-01 1.287412159479614775e-03
9.999999998646306176e-01 1.414682071022828276e-05 -8.402753973400139262e-06 1.246958540914163555e-03 -1.414656751243225033e-05 9.999999994459682906e-01 3.013201077401203888e-05 -1.706540194255061569e-03 8.403180240898804203e-06 -3.013189189980671230e-05 9.999999995107278217e-01 -4.027734463368941352e-04
9.999999958187991700e-01 8.648198763211792112e-05 2.971981521175428353e-05 -2.876520192046797767e-03 -8.648170396960159351e-05 9.999999962148971022e-01 -9.545711117954429445e-06 -3.571180657140746954e-03 -2.972064063133256567e-05 9.543140857780720888e-06 9.999999995128059371e-01 -1.377452775839563531e-03
9.999999959842600372e-01 7.636508420368744393e-05 4.690259928870315470e-05 3.962727487656202835e-04 -7.636641336161924633e-05 9.999999966825772191e-01 2.833754673672781420e-05 -8.550632185708893426e-04 -4.690043513396472330e-05 -2.834112840621661378e-05 9.999999984985648016e-01 -2.693345716226748683e-03
9.999999999734739964e-01 6.311951960153611218e-06 3.634733312841150132e-06 2.172344046507151093e-03 -6.312126341928701996e-06 9.999999988291110586e-01 4.797848514330251170e-05 1.200580992473548794e-03 -3.634430470691935370e-06 -4.797850808492572222e-05 9.999999988424268516e-01 -2.144349250209646660e-03
9.999999999897570824e-01 2.931692266913880711e-06 -3.448321084838505355e-06 -5.075382424318898404e-03 -2.931525380827888271e-06 9.999999988246486282e-01 4.839533968718395975e-05 -2.090525954043190131e-03 3.448462961028632147e-06 -4.839532957784746899e-05 9.999999988230000580e-01 -5.084295066436911054e-04
9.999999978744208429e-01 -6.114813818823225128e-05 -2.262881875826037935e-05 -4.285231152202494120e-03 6.115026175683218809e-05 9.999999937259651528e-01 9.385475611697199840e-05 -4.518353813030662018e-03 2.262307957268971890e-05 -9.385613967566661239e-05 9.999999953396105923e-01 4.998854051559127685e-04
9.999999996800117419e-01 -2.451584370310239930e-05 -6.240993805203610965e-06 3.212296942688434593e-03 2.451615667232923446e-05 9.999999984418573851e-01 5.015220186102967213e-05 -2.763477481847392142e-03 6.239764271937061167e-06 -5.015235485016347121e-05 9.999999987229033493e-01 -2.018279225164320775e-03
9.999999975517190887e-01 6.536160231033984105e-05 2.498845280948059711e-05 3.971672743751132606e-03 -6.536166996430823315e-05 9.999999978602631678e-01 2.706602197054641121e-06 1.761269898221330199e-03 -2.498827584815546671e-05 -2.708235477433570345e-06 9.999999996841257843e-01 -2.612037540630645065e-03
9.999999846420281058e-01 1.750862808666058218e-04 7.793450360818133385e-06 1.261208658315090148e-03 -1.750861119720968748e-04 9.999999844377025493e-01 -2.166674886595942588e-05 -1.342873080372165157e-03 -7.797243790011552995e-06 2.166538400827958157e-05 9.999999997349070524e-01 1.825306135550376976e-04
9.999999935297326781e-01 1.132579750270047356e-04 -1.063794169571470309e-05 -2.919190648860950539e-04 -1.132574060634910357e-04 9.999999921568731853e-01 5.346974433682431273e-05 -2.113167409309936635e-03 1.064399748724877777e-05 -5.346853916517845657e-05 9.999999985139103043e-01 6.200910807107602556e-04
9.999999991562009694e-01 -3.030167693451010473e-05 -2.773817790780452061e-05 3.951446649211991409e-03 3.030366499409040715e-05 9.999999969722122017e-01 7.167470638327667909e-05 -1.119476678816786960e-03 2.773600596002199966e-05 -7.167554689124849495e-05 9.999999970466649790e-01 -1.152879949765403794e-03
9.999999999737914091e-01 -4.031236606278712441e-06 -6.013836564519844442e-06 3.232223183922805151e-03 4.031509227772532987e-06 9.999999989643306719e-01 4.533305158248927802e-05 -3.089007837310916733e-03 6.013653810034484898e-06 -4.533307582613876506e-05 9.999999989543740808e-01 -2.370300130394334751e-03
9.999999998765105591e-01 1.371360763337659035e-05 7.675663945086132260e-06 1.499247852691831416e-03 -1.371395615662770234e-05 9.999999988750178925e-01 4.540805689775337107e-05 -3.975288167430841325e-03 -7.675041228175458901e-06 -4.540816215586477499e-05 9.999999989395962352e-01 -1.056698952261944224e-03
9.999999968632478087e-01 7.397664883746827538e-05 -2.830123475180965480e-05 -1.035593663898554204e-03 -7.397650841534992487e-05 9.999999972514238555e-01 4.962710465089523858e-06 -5.278714649861095815e-04 2.830160179871091662e-05 -4.960616822991949087e-06 9.999999995872057568e-01 1.373505245567922892e-03
9.999999995837689504e-01 2.807944905399692813e-06 -2.871545910531543249e-05 2.859094812236149825e-03 -2.807815076934351970e-06 9.999999999858372179e-01 4.521243898510829275e-06 4.300051262002373836e-03 2.871547180031251107e-05 -4.521163268929929696e-06 9.999999995774904171e-01 4.827101709984874152e-04
9.999999997545728769e-01 2.208110469455027463e-05 -1.810835842000438431e-06 3.164855932752727759e-03 -2.208109599028565707e-05 9.999999997446606947e-01 4.806645386469770358e-06 5.300658461394030380e-04 1.810941977578068871e-06 -4.806605400050038433e-06 9.999999999868085521e-01 -1.863353349768603505e-03
9.999999956725516004e-01 7.442367004573934030e-05 5.582127036613442815e-05 -1.428346686221097350e-03 -7.442532967007896196e-05 9.999999967885120356e-01 2.972955054013286016e-05 -5.118788792552481093e-03 -5.581905760460508192e-05 -2.973370492792936815e-05 9.999999980000697786e-01 -3.083849042475503201e-03
9.999999999284966412e-01 9.895611127699731362e-06 6.714438112815560390e-06 1.168869742582426437e-03 -9.896470956601846684e-06 9.999999917502249147e-01 1.280687701041563421e-04 8.370759264429428192e-04 -6.713170738676402286e-06 -1.280688365442407876e-04 9.999999917766532187e-01 -7.723645779171223538e-04
9.999999986684642295e-01 -1.099782090268551370e-05 -5.041943610446258684e-05 3.136113212183103821e-03 1.100344228304979509e-05 9.999999937240721115e-01 1.114934074765710646e-04 -6.479954103119148212e-04 5.041820960350658641e-05 -1.114939621154687269e-04 9.999999925135502066e-01 2.970289218638239546e-04
9.999999985037794081e-01 3.595875738635232816e-05 -4.122388792702619118e-05 5.684473658285945502e-04 -3.595549030789374300e-05 9.999999962133143683e-01 7.925007212324734480e-05 -1.673678983458123156e-03 4.122673750504062066e-05 -7.924858977956892995e-05 9.999999960100085517e-01 1.861898131465147214e-03
9.999999969680187784e-01 7.599138200076982724e-05 -1.700800812502149280e-05 2.189731917918681919e-03 -7.599051086709814572e-05 9.999999958012936174e-01 5.121381654942175273e-05 -1.971946980663029977e-03 1.701189986230698702e-05 -5.121252394691617110e-05 9.999999985439362860e-01 1.475637779722778443e-03
9.999999993975424717e-01 3.264835158621853638e-05 1.178982974562520855e-05 1.765379998803768506e-03 -3.264886677302322537e-05 9.999999985121802437e-01 4.370001273264584828e-05 1.698749271697436950e-03 -1.178840299470404884e-05 -4.370039763089909174e-05 9.999999989756543917e-01 2.496566987732635459e-04
9.999999993155239686e-01 2.305206753526780936e-05 2.894053134394182443e-05 2.877118616031671110e-03 -2.305124987768703354e-05 9.999999993352027827e-01 -2.825304152633881024e-05 -3.367995816681353116e-03 -2.894118261572358142e-05 2.825237439158067483e-05 9.999999991821056922e-01 -1.798229280668121920e-03
9.999999990615714429e-01 -3.454841644614292580e-05 2.613932094307645491e-05 1.920793101348307417e-03 3.454796106753151968e-05 9.999999992514655434e-01 1.742146142654561503e-05 -3.132982198354766941e-03 -2.613992280741473661e-05 -1.742055834995454781e-05 9.999999995066143343e-01 7.574766254363858239e-05
9.999999948763517166e-01 -9.817328107011703375e-05 -2.468407304958231957e-05 -8.546483970360962273e-04 9.817447214942936150e-05 9.999999940165479329e-01 4.825636812806258615e-05 1.702943615683233727e-03 2.467933541589469338e-05 -4.825879122665606392e-05 9.999999985310097372e-01 -6.142977488149791842e-04
9.999999938440143898e-01 -1.024920811291405630e-04 -4.251287347052638577e-05 -2.370025414053358436e-03 1.024963891875863763e-04 9.999999896117808262e-01 1.013455887122503759e-04 3.129105355659732215e-03 4.250248590859295798e-05 -1.013499455043931173e-04 9.999999939608635868e-01 -3.078738954739954764e-04
9.999999991703714119e-01 2.568720805570696715e-05 -3.161367759659699291e-05 4.743619370731863745e-04 -2.568535427008067406e-05 9.999999979509395232e-01 5.863773030816770787e-05 1.602054126054203859e-03 3.161518377139699992e-05 -5.863691825101131249e-05 9.999999977810959395e-01 -6.719941878148718130e-04
9.999999885642120168e-01 1.510158934397164458e-04 8.110222929875721460e-06 -8.239757948658092516e-04 -1.510153377664956301e-04 9.999999862529680428e-01 -6.847212273853062008e-05 -2.928562449872517282e-03 -8.120563197175299425e-06 6.847089718744281482e-05 9.999999976228963749e-01 -2.291527517574147837e-03
9.999999966778548854e-01 5.444542893939497373e-05 6.066288305788149334e-05 1.115856908664425527e-03 -5.444236032203125016e-05 9.999999972385802405e-01 -5.058526281271670950e-05 3.695236491228530255e-03 -6.066563702669765712e-05 5.058196001412752204e-05 9.999999968805729500e-01 -1.321644554522096934e-03
9.999999989190894167e-01 2.439012291096706423e-05 3.958463087849382699e-05 -2.523943983216914416e-03 -2.438964111349685828e-05 9.999999996284968384e-01 -1.217176367503343718e-05 3.804077841481493319e-03 -3.958492773460009262e-05 1.217079820693611208e-05 9.999999991424526335e-01 -2.448895624189027266e-03
9.999999934348179353e-01 -1.111728768323321230e-04 -2.776608619544727576e-05 -1.642564397291247646e-03 1.111742667051204619e-04 9.999999925671412271e-01 5.005996277445785771e-05 2.277460770746179801e-04 2.776052067899012249e-05 -5.006304932007714110e-05 9.999999983615223131e-01 -2.178711250731524794e-03
9.999999986616504577e-01 -2.850343625853638758e-05 -4.317699927655182634e-05 -3.839760251560793251e-03 2.850433540316863810e-05 9.999999993769288498e-01 2.082414846369380846e-05 1.898257739329189432e-03 4.317640568986110753e-05 -2.082537916749289952e-05 9.999999988510508420e-01 -2.151664661163838269e-03
9.999999989722616611e-01 3.824062329362022119e-05 2.435428967350860012e-05 -2.882005049016709945e-03 -3.824058840329929636e-05 9.999999992678018090e-01 -1.433079059079027373e-06 2.138598035843585279e-03 -2.435434445751288494e-05 1.432147735238937895e-06 9.999999997024073828e-01 -1.137049423595506547e-03
9.999999913188607481e-01 1.280390771958029303e-04 3.111708838128528226e-05 -1.336215554124607716e-03 -1.280371838917955974e-04 9.999999899525545688e-01 -6.083888785302891966e-05 3.915527371609497757e-04 -3.112487782369635728e-05 6.083490318051080255e-05 9.999999976651782196e-01 -7.181848710071939623e-04
9.999999955667971951e-01 7.876942334015509049e-05 5.159247517530735576e-05 -2.403072467643337703e-03 -7.877037906294088695e-05 9.999999967260686518e-01 1.852269082212411794e-05 -1.234241635480388434e-04 -5.159101598472236994e-05 -1.852675469883563019e-05 9.999999984975631584e-01 -1.597043319893452903e-03
9.999999998615590746e-01 1.381906855272456874e-05 9.269040339240832227e-06 -2.331892569229860636e-03 -1.381969538365532386e-05 9.999999976176233707e-01 6.762964846699024151e-05 -1.189906474058022778e-04 -9.268105738410125410e-06 -6.762977655294151067e-05 9.999999976701577920e-01 -2.594556645213600462e-03
9.999999980939415778e-01 5.710774478144785271e-05 -2.346960422796651787e-05 -1.531203561606382137e-03 -5.710682657069367739e-05 9.999999976041314964e-01 3.912220979804191095e-05 -1.995657393885509352e-03 2.347183835290886264e-05 -3.912086944885436851e-05 9.999999989593152394e-01 -3.144804438109513253e-03
9.999999981410813144e-01 5.566847344834903699e-05 -2.487686514112324442e-05 -4.805203308270452429e-04 -5.566712168080498630e-05 9.999999969744001183e-01 5.433572865801522637e-05 -8.155216853310449932e-04 2.487988985292389742e-05 -5.433434373353067138e-05 9.999999982143851218e-01 -4.462647521077081798e-04
9.999999999671692619e-01 -1.804540677268471439e-06 -7.899690081106178818e-06 -2.184492082457682293e-03 1.804573465544254708e-06 9.999999999897580816e-01 4.150572324115706919e-06 2.015706350216864111e-03 7.899682591148678843e-06 -4.150586579550547099e-06 9.999999999601838496e-01 -7.497006909098742969e-04
9.999999994703357986e-01 -3.018845996050465409e-05 1.216492291907189956e-05 -1.574992948434232945e-03 3.018840327076483760e-05 9.999999995334711844e-01 4.660255237502009557e-06 2.324210853644642118e-03 -1.216506359932525514e-05 -4.659887995434800460e-06 9.999999999151483188e-01 2.649417749470335016e-05
9.999999995412319764e-01 2.953384517404277835e-05 -6.729635120051981817e-06 -2.768184015885418988e-04 -2.953372165173891566e-05 9.999999993954388211e-01 1.835433805346223143e-05 -2.731919911483763654e-04 6.730177190161848523e-06 -1.835413929387139391e-05 9.999999998089151854e-01 -5.566466691515538790e-04
9.999999992243755464e-01 1.368515202886855088e-05 -3.693190332951373913e-05 -1.381381915548431224e-03 -1.368376914117593800e-05 9.999999992053413278e-01 3.744425026554535057e-05 -1.001307931220087911e-03 3.693241573042297174e-05 -3.744374486886357044e-05 9.999999986169813004e-01 -1.609804160817998077e-03
9.999999986806052954e-01 4.333158292725924026e-05 -2.758918828241804094e-05 -2.306023821227088863e-03 -4.333084340362914922e-05 9.999999987019685399e-01 2.680486816957681996e-05 1.128714491037268201e-03 2.759034974397435349e-05 -2.680367267141351914e-05 9.999999992601679155e-01 -1.804298459417924896e-03
9.999999992915753477e-01 -3.483286001727383470e-05 -1.426608437039978805e-05 -8.401861668060691020e-04 3.483276980991929556e-05 9.999999993733463821e-01 -6.323403146178545725e-06 -1.003227239924883545e-03 1.426630462367651890e-05 6.322906214465927355e-06 9.999999998782467259e-01 -1.237391476086859617e-03
9.999999994649374502e-01 -3.243536906737067607e-05 -4.251122475379728414e-06 -2.884621565302712166e-03 3.243528246388736668e-05 9.999999992664997395e-01 -2.037039567034901695e-05 -3.142003959331592447e-05 4.251783193563145635e-06 2.037025777309130385e-05 9.999999997834874144e-01 -1.522671821638398124e-03
9.999999994554286120e-01 -3.287263389038821813e-05 -2.921073055257229568e-06 -5.703981477911916100e-03 3.287258361177850555e-05 9.999999993115915586e-01 -1.721075797334406599e-05 2.778703993912612358e-03 2.921638816192171759e-06 1.721066194075333229e-05 9.999999998476285512e-01 -1.435269096338664127e-03
9.999999868321017837e-01 -1.233449551586111707e-04 -1.054600319060352241e-04 -1.577936993216246669e-02 1.233441884820793400e-04 9.999999923666332835e-01 -7.276303301070495287e-06 1.230822768830820008e-02 1.054609285963245189e-04 7.263295323204130345e-06 9.999999944126185536e-01 -2.392048777380579097e-03
9.999999488440077799e-01 -2.140940186906204357e-04 -2.376462351276655146e-04 -1.014787183258570105e-02 2.140988716511236709e-04 9.999999768728441429e-01 2.039569213514844695e-05 1.875197298543227267e-02 2.376418630358907963e-04 -2.044657088257955188e-05 9.999999715541408873e-01 -2.541548798177029490e-03
9.999999647546471415e-01 -1.019885811561476737e-04 -2.451306465140701773e-04 1.040438873856123179e-02 1.020028033303048686e-04 9.999999931153108479e-01 5.800695014794735396e-05 1.470364260151093769e-02 2.451247287798791565e-04 -5.803195211659853523e-05 9.999999682730794648e-01 -2.818257377070493546e-03
9.999999769115203163e-01 -1.133634763528567962e-04 -1.825532282443983285e-04 3.430432194399389567e-02 1.133685271873074020e-04 9.999999931913163831e-01 2.765762538557341185e-05 8.028858165001710040e-03 1.825500916368897730e-04 -2.767832053762024161e-05 9.999999829546871721e-01 -9.978411697779657370e-04
9.999999613119887609e-01 -1.989144159094814561e-04 -1.944455609771659913e-04 5.509840399670958011e-02 1.989130048518105202e-04 9.999999801903369789e-01 -7.276138291992919740e-06 -1.671141579658167505e-04 1.944470044540633560e-04 7.237460259679536097e-06 9.999999810689906843e-01 -6.925483175616509906e-04
9.999998772890986709e-01 -4.025975288281471607e-04 -2.886815153129166831e-04 8.192676284090766314e-02 4.025901755614956588e-04 9.999999186346928415e-01 -2.552955763460075278e-05 -1.147607680933994227e-03 2.886917699610722673e-04 2.541333415991453744e-05 9.999999580056113668e-01 -2.517134009312637331e-03
9.999998210788907382e-01 -5.028050015471144819e-04 -3.240822686484135786e-04 1.107042860970967463e-01 5.028033636223475274e-04 9.999998735811941319e-01 -5.135495075187376634e-06 4.339937744192133573e-03 3.240848098309294031e-04 4.972544501572118027e-06 9.999999474721535941e-01 -4.617608380470062182e-03
9.999998194930663775e-01 -5.020299717701231113e-04 -3.301207991437574520e-04 1.424729856010896745e-01 5.020170538595799918e-04 9.999998732206184515e-01 -3.921255821006380132e-05 7.130463379752218465e-03 3.301404431707379342e-04 3.904682486092124428e-05 9.999999447413151499e-01 -6.517861681197127145e-03
9.999997175320166631e-01 -6.592564854506617568e-04 -3.609941458609425258e-04 1.896564029963165865e-01 6.592235715488686853e-04 9.999997785454476373e-01 -9.128712023163868645e-05 4.804268644787577924e-03 3.610542475431963660e-04 9.104911859580723532e-05 9.999999306749417505e-01 -6.678695030802383331e-03
9.999993980234431756e-01 -1.002463837242751786e-03 -4.461154630819507902e-04 2.472827015673130235e-01 1.002405472329866024e-03 9.999994890066106201e-01 -1.310335326254476434e-04 5.349309908758669019e-03 4.462465914978213950e-04 1.305862651648485200e-04 9.999998919055975710e-01 -4.400837879652288835e-03
9.999990716943780722e-01 -1.240888344374151478e-03 -5.628556642884595439e-04 3.046998575639868201e-01 1.240788190318563040e-03 9.999992143348787055e-01 -1.782534491793665422e-04 -3.106995765718165506e-04 5.630764146998269151e-04 1.775548990445845350e-04 9.999998257095893406e-01 -3.911276152522635136e-03
9.999988071119647604e-01 -1.381123202124037936e-03 -6.915730966344757176e-04 3.830462878428504969e-01 1.380996778575404238e-03 9.999990296332080808e-01 -1.832499379942340630e-04 -2.431072923242250279e-03 6.918255162960601284e-04 1.822946591789739376e-04 9.999997440730233889e-01 -4.614539233669558496e-03
9.999983642788980998e-01 -1.591123575287807686e-03 -8.600960971687874202e-04 4.839021718301514396e-01 1.590943197394045598e-03 9.999987123229947539e-01 -2.103618194258728594e-04 6.575861163175060822e-03 8.604297012930496851e-04 2.089931112977099631e-04 9.999996079912274460e-01 -1.055136484996062329e-02
9.999973371083420437e-01 -2.074078606408311619e-03 -1.011916083192812088e-03 5.760470879663082133e-01 2.073871057871454725e-03 9.999978282862505008e-01 -2.061106935975908373e-04 1.006058132422268242e-02 1.012341375380883647e-03 2.040115612692160359e-04 9.999994667719691588e-01 -1.193200482459527353e-02
9.999961462629696207e-01 -2.483642545233651945e-03 -1.240555890339288796e-03 6.604086678839650171e-01 2.483320183875300201e-03 9.999968824101579390e-01 -2.613251406540448036e-04 6.631279304181645490e-03 1.241201061032314121e-03 2.582434360939683511e-04 9.999991963648039439e-01 -1.013347125180093060e-02
9.999955274096650193e-01 -2.647040612084047752e-03 -1.392241596782170781e-03 7.515092742670853587e-01 2.646617016358170007e-03 9.999964508821670428e-01 -3.060088863233735557e-04 1.132712028129659321e-04 1.393046673502448471e-03 3.023227873700608573e-04 9.999989840104327454e-01 -1.164073715440898729e-02
9.999950002678282823e-01 -2.772218339361160605e-03 -1.521264219346042451e-03 8.474707144400628334e-01 2.771808135749738444e-03 9.999961216249497742e-01 -2.716886402997964922e-04 1.532262167787232406e-03 1.522011499544084464e-03 2.674706293895525865e-04 9.999988059695159581e-01 -1.268374722260590289e-02
9.999934556473157876e-01 -3.239581285155292232e-03 -1.610520300020195370e-03 9.670842012623781514e-01 3.239118237300582428e-03 9.999947119810279617e-01 -2.900396968215940979e-04 1.137907122270919065e-02 1.611451390732069168e-03 2.848211330241874660e-04 9.999986610497723083e-01 -9.945676155380944738e-03
9.999907557285208082e-01 -3.916236672504255431e-03 -1.775259932157610167e-03 1.107843865389959603e+00 3.915722606813982695e-03 9.999922906170923831e-01 -2.929553670426697661e-04 8.140067608928389445e-03 1.776393528550852200e-03 2.860012334344049184e-04 9.999983813133530575e-01 -5.974631841072811436e-03
9.999887784318296502e-01 -4.327776497995572055e-03 -1.927008303193211659e-03 1.252293338355296548e+00 4.327400196049456527e-03 9.999906168786745209e-01 -1.994044913191586740e-04 5.558410633558919477e-03 1.927853199911633677e-03 1.910633175790386385e-04 9.999981234366633887e-01 -8.765867212926213223e-03
9.999881231150141714e-01 -4.382994596103615553e-03 -2.131428460379702124e-03 1.410898432901845467e+00 4.382733865342422486e-03 9.999903877135004615e-01 -1.269821589055244386e-04 5.449415375447522886e-03 2.131964534594972104e-03 1.176391670581670805e-04 9.999977204415265719e-01 -7.119661885637509728e-03
9.999880277193033962e-01 -4.142197398189546680e-03 -2.605113965274478451e-03 1.565201382529155083e+00 4.141416835670934556e-03 9.999913777988319596e-01 -3.049501383798709970e-04 9.960823099775355238e-03 2.606354667127578836e-03 2.941576245965867140e-04 9.999965601874043486e-01 -6.215004840319234003e-03
9.999889279104899886e-01 -3.715985549002063636e-03 -2.887127954983886857e-03 1.716229942025156330e+00 3.714682491935697873e-03 9.999929963167927260e-01 -4.565647239687883083e-04 1.052266675028019384e-02 2.888804322370762921e-03 4.458349051769406051e-04 9.999957280112872215e-01 -3.760503530030459736e-03
9.999895417106113849e-01 -3.241793950040866915e-03 -3.226025633325993631e-03 1.899419278884417084e+00 3.239644933500243976e-03 9.999945271124242030e-01 -6.711526680552704462e-04 1.222154578590888517e-02 3.228183716309241010e-03 6.606944713480974616e-04 9.999945711416183824e-01 -8.531269339031796739e-04
9.999913145903224221e-01 -2.348903028672975294e-03 -3.442876483521614770e-03 2.108983484993704138e+00 2.346761191664940589e-03 9.999970504044045638e-01 -6.260146963411887446e-04 4.794515098943127190e-03 3.444336776244532727e-03 6.179296502278623562e-04 9.999938773348160392e-01 3.359217408225518339e-03
9.999894823213009154e-01 -1.237714994655930755e-03 -4.416255016245935160e-03 2.318342933908566383e+00 1.234426330632315853e-03 9.999989588511798422e-01 -7.473206745287068638e-04 -2.883062092156331215e-03 4.417175388271916102e-03 7.418612729751259197e-04 9.999899690514104655e-01 8.583496210833695475e-03
9.999816562670796882e-01 -3.808688191545246747e-04 -6.045003580708779856e-03 2.545141835862116952e+00 3.724686423361952864e-04 9.999989636493219480e-01 -1.390671561683499849e-03 8.430331530446508875e-03 6.045526979400750456e-03 1.388394477299168548e-03 9.999807617971041562e-01 9.641786074059889577e-03
9.999747142406498757e-01 8.052925004765405141e-04 -7.065577352158499379e-03 2.786042653720637752e+00 -8.202097304690628620e-04 9.999974405053300153e-01 -2.108610629529439340e-03 8.944583733208425272e-03 7.063861219524541178e-03 2.114352567004119769e-03 9.999728153194433755e-01 1.282248866733626778e-02
9.999744877627405604e-01 2.140195471999512076e-03 -6.814938516693580701e-03 3.034156390538265580e+00 -2.155364488719638868e-03 9.999952145842471163e-01 -2.219281984421209077e-03 6.360677991867572795e-04 6.810156207125299919e-03 2.233914042044365857e-03 9.999743153703936072e-01 2.258168179216243909e-02
9.999718586842596402e-01 3.875998927880250789e-03 -6.423275788727939722e-03 3.284184280283836799e+00 -3.886011371504007657e-03 9.999912527710375088e-01 -1.547028452102202451e-03 -1.052588459396382181e-02 6.417223322242177064e-03 1.571945839443375645e-03 9.999781738773653172e-01 1.915068405312817662e-02
9.999616795605468234e-01 5.753179821313784102e-03 -6.598509861612140807e-03 3.540831896860274774e+00 -5.758651987888603434e-03 9.999830902814136335e-01 -8.106037975115676537e-04 -1.160579189660150383e-02 6.593734733256368351e-03 8.485712567494999199e-04 9.999779010503629939e-01 1.403073702787147221e-02
9.999424057443869751e-01 7.748659253480377936e-03 -7.425865195465741059e-03 3.813794188002149088e+00 -7.752966444845917938e-03 9.999697932706809178e-01 -5.514140883560226560e-04 -3.650803598738544195e-03 7.421368164487582644e-03 6.089548137564642152e-04 9.999722758499867137e-01 1.263823439318721709e-02
9.999194824544052063e-01 9.929284915509062684e-03 -7.901766206432106823e-03 4.111485142232024437e+00 -9.936720248109818729e-03 9.999502225131030597e-01 -9.022675359708619844e-04 -2.023766292597512385e-03 7.892414004933635471e-03 9.807125278626794684e-04 9.999683735019385677e-01 1.617334224644158269e-02
9.999024304975070443e-01 1.161705377943753753e-02 -7.757160992518222914e-03 4.411981978245740343e+00 -1.162691088608253445e-02 9.999316525875301398e-01 -1.226823874074177336e-03 -9.270117710019169788e-03 7.742378731713255371e-03 1.316895993068142260e-03 9.999691602027125370e-01 2.201596713526672577e-02
9.998841560907879566e-01 1.329429423489242659e-02 -7.411891756424567393e-03 4.706373155594604896e+00 -1.330525725336916681e-02 9.999104560759859428e-01 -1.431767905545455050e-03 -1.567888590483939096e-02 7.392193722739933900e-03 1.530219170507547514e-03 9.999715065446893592e-01 3.358297214474507963e-02
9.998571689344810665e-01 1.527624136679164683e-02 -7.230365137949257802e-03 5.023549260483156864e+00 -1.528173686621482098e-02 9.998829786039153955e-01 -7.054193886408265416e-04 -2.747248769315017644e-02 7.218742873680922094e-03 8.158111703227029351e-04 9.999736117535592550e-01 3.835928268160327531e-02
9.998178673453002041e-01 1.757979814829584500e-02 -7.428514936434395081e-03 5.357108386943259859e+00 -1.758075287634268749e-02 9.998454446210580659e-01 -6.323622182951808151e-05 -3.804942567955418853e-02 7.426255139477993920e-03 1.938235897842366709e-04 9.999724062028009230e-01 3.259416529468865675e-02
9.997769781811965961e-01 1.975223218518890739e-02 -7.472832299573298892e-03 5.698521858816468999e+00 -1.975163376131140736e-02 9.998049056114406419e-01 1.538800091233443975e-04 -4.583290016637826120e-02 7.474413865593870082e-03 -6.245043782961880586e-06 9.999720661590328907e-01 2.644581960258416548e-02
9.997360763772794590e-01 2.187769708314804551e-02 -7.010275322723752076e-03 6.053136289031550987e+00 -2.187491764145767931e-02 9.997606035066926022e-01 4.729208319274180597e-04 -5.022312540396473013e-02 7.018943506099590765e-03 -3.194468216196705507e-04 9.999753158882405124e-01 4.523596820136777108e-02
9.996764126750549151e-01 2.453637583406404615e-02 -6.710901732465676672e-03 6.418192074198185715e+00 -2.453189461773625651e-02 9.996987670016949101e-01 7.492674790057958240e-04 -4.886612343883767196e-02 6.727264495880604100e-03 -5.843938914557643503e-04 9.999772009381924232e-01 5.472848175195683951e-02
9.996151047697418024e-01 2.688764668331430907e-02 -6.833503640984058686e-03 6.795689055902222719e+00 -2.688131168082364547e-02 9.996381146819839358e-01 1.017230242962460741e-03 -5.766176330869660083e-02 6.858381623714134359e-03 -8.331451746485345460e-04 9.999761339505165436e-01 5.787196347995828688e-02
9.995531066651288654e-01 2.909283246061337980e-02 -6.869792974182870222e-03 7.176264141745241076e+00 -2.908317539630027315e-02 9.995758672753941587e-01 1.501489098047637015e-03 -7.383150987950763688e-02 6.910561840942189109e-03 -1.301022698572906105e-03 9.999752754318380621e-01 6.494440277129140404e-02
9.994730532834327219e-01 3.179709537158550980e-02 -6.523839837298932472e-03 7.560770814350305180e+00 -3.178435767493202613e-02 9.994926535254858857e-01 2.046986999217483266e-03 -9.714291748006703697e-02 6.585618230995698812e-03 -1.838552287336710223e-03 9.999766244057919362e-01 6.528540572710278544e-02
9.993909891231522735e-01 3.444669459849017401e-02 -5.574593320202567669e-03 7.975308623151685872e+00 -3.443445911932378756e-02 9.994043661075816543e-01 2.276187659786280560e-03 -1.127424059884237911e-01 5.649680044650116743e-03 -2.082843330952353651e-03 9.999818712752005512e-01 6.712914039105945252e-02
9.993001802094680919e-01 3.710906748966586594e-02 -4.697546526861226882e-03 8.382267237288264283e+00 -3.709842391298055070e-02 9.993088931720530699e-01 2.333017449351010558e-03 -1.071716066410290519e-01 4.780876122364450045e-03 -2.157113185163851265e-03 9.999862449485037441e-01 5.362604366021440916e-02
9.992093470652398945e-01 3.959058923107088013e-02 -3.642249551238043240e-03 8.777689986991060067e+00 -3.958327040754247572e-02 9.992141516491779285e-01 2.060060158608611330e-03 -1.280554746693934598e-01 3.720946290965688324e-03 -1.914259217120019632e-03 9.999912450468501079e-01 6.207978309297834674e-02
9.991024868461992892e-01 4.228880051389270756e-02 -2.424485272449195677e-03 9.167014695992087070e+00 -4.228287872468661224e-02 9.991026902998192405e-01 2.443849917035682742e-03 -1.563652548722355706e-01 2.525657239923696958e-03 -2.339142312844470165e-03 9.999940747168188926e-01 7.137995636243985031e-02
9.989884642157407235e-01 4.492969501716647523e-02 -1.835992794158883236e-03 9.558465195939001902e+00 -4.492369541893018875e-02 9.989853347359268776e-01 3.187878990054347425e-03 -1.856742136206750993e-01 1.977360306820336120e-03 -3.102174755303875077e-03 9.999932332561078940e-01 7.793562374309842555e-02
9.988836030467775906e-01 4.718774713926809222e-02 -2.205466891189186793e-03 9.971515133249246432e+00 -4.717717883958661568e-02 9.988758499257092138e-01 4.620631118113398446e-03 -1.885433404534709867e-01 2.421024788244979190e-03 -4.511424953660751920e-03 9.999868927560311427e-01 8.675564867879678732e-02
9.987848307496249856e-01 4.916598037409325439e-02 -3.401211298544188841e-03 1.039130345086938156e+01 -4.914392388593795402e-02 9.987719005758722846e-01 6.290100567797734903e-03 -2.095037571846364577e-01 3.706293233974526646e-03 -6.115308161830332843e-03 9.999744328714358366e-01 8.565903083488873859e-02
9.987229248410517402e-01 5.032056384078516242e-02 -4.512233557835013467e-03 1.081094939275529399e+01 -5.028922809827779394e-02 9.987114906071812293e-01 6.808235194349216562e-03 -2.362811015837536499e-01 4.849013736253481033e-03 -6.572623823683567193e-03 9.999666432845937258e-01 9.256633667908559238e-02
9.986914716527092173e-01 5.095666180614748242e-02 -4.331635455543936253e-03 1.122134299410582869e+01 -5.092973712828086086e-02 9.986835227840861196e-01 6.114179880564373989e-03 -2.547269998876148800e-01 4.637491152554937962e-03 -5.885570247783827869e-03 9.999719264752727765e-01 1.055450923196339791e-01
9.986622248619948516e-01 5.156117703157924587e-02 -3.899443140824401018e-03 1.164415910246588126e+01 -5.153918042987121889e-02 9.986555764023368198e-01 5.545502784571909941e-03 -2.618214989710067608e-01 4.180133288252558914e-03 -5.337110045207999615e-03 9.999770206070026646e-01 1.176070785876388164e-01
9.986187937658395075e-01 5.245822678774354764e-02 -2.939248193894076350e-03 1.207405271590294049e+01 -5.243922312438753508e-02 9.986048256548963886e-01 6.207258401641444281e-03 -2.891215465938394846e-01 3.260769199183496253e-03 -6.044553005782488456e-03 9.999764151034713500e-01 1.172641557161649001e-01
9.985674696777002701e-01 5.345366786552466914e-02 -2.390375116432089369e-03 1.252369813499855411e+01 -5.343765227108864674e-02 9.985511527504433715e-01 6.325556142732906631e-03 -3.244472074811580731e-01 2.725036005137612249e-03 -6.188758557483671138e-03 9.999771364617732194e-01 1.016528977704085346e-01
9.985226515197829222e-01 5.427870292443510297e-02 -2.517302274859631490e-03 1.297608038864432167e+01 -5.426391437538765489e-02 9.985108588481909075e-01 5.611805316365062711e-03 -3.634193448684914785e-01 2.818155170087340185e-03 -5.466916049209705371e-03 9.999810852362899238e-01 9.855358536055305874e-02
9.985251982621877742e-01 5.423449245212956515e-02 -2.459321841172884375e-03 1.342874969079780101e+01 -5.422319130423837452e-02 9.985189242973596668e-01 4.450094923445713918e-03 -3.866765477230279524e-01 2.697028038885827469e-03 -4.310179637046577736e-03 9.999870741120876483e-01 1.170000205226802009e-01
9.985454072198397535e-01 5.387132005913167210e-02 -2.224993314837491343e-03 1.387929783611572354e+01 -5.386030703808247777e-02 9.985372108407021274e-01 4.744037545662964026e-03 -3.952122747548917903e-01 2.477306183731983486e-03 -4.617298079805405922e-03 9.999862716620234737e-01 1.462762182179231929e-01
9.985377809539950356e-01 5.398114906973699306e-02 -2.887135705538482547e-03 1.433159979026045505e+01 -5.395965030608485674e-02 9.985181044605498935e-01 7.067616525777898305e-03 -4.016006366820343287e-01 3.264375333260411370e-03 -6.901493289226978169e-03 9.999708561973505994e-01 1.450619528359722299e-01
9.985403549021873992e-01 5.383107490454436955e-02 -4.401704946376628312e-03 1.479908788168881983e+01 -5.379157157739058309e-02 9.985147352949622634e-01 8.648134253464284313e-03 -4.348274813706096142e-01 4.860705612160576457e-03 -8.398736420010417467e-03 9.999529162753110212e-01 1.172868004593571323e-01
9.985670352276087014e-01 5.324705237138434299e-02 -5.350473857766071401e-03 1.527238218506148648e+01 -5.320403866549072713e-02 9.985525428808432746e-01 7.883487545669889268e-03 -4.673779389609438173e-01 5.762501750503227008e-03 -7.587523967726076020e-03 9.999546104967037552e-01 8.916693091815325323e-02
9.985897179273042212e-01 5.269363590880254272e-02 -6.477343944671991663e-03 1.574183593902438005e+01 -5.266734147812262429e-02 9.986034257669379466e-01 4.165235667107915554e-03 -4.899002752956803652e-01 6.687779264737124182e-03 -3.818217024512750388e-03 9.999703469739789075e-01 1.210824802987876675e-01
9.985723746727974692e-01 5.234629914172918980e-02 -1.063379078667984340e-02 1.621412901460809763e+01 -5.232361471153398197e-02 9.986272961854230079e-01 2.400553459197293186e-03 -5.099041028272160991e-01 1.074485383098440841e-02 -1.840727996234343402e-03 9.999405781528193371e-01 1.906113467009989126e-01
9.985279885423169466e-01 5.226121388376387539e-02 -1.451280886079631821e-02 1.668372185688826548e+01 -5.218647326761482325e-02 9.986223105403462252e-01 5.482052439455039478e-03 -5.312833950653447213e-01 1.477931343205919623e-02 -4.716610483800591155e-03 9.998796554986110197e-01 2.279558076345956918e-01
9.985180150044067338e-01 5.219926384694965199e-02 -1.539514746587026389e-02 1.715330648669706193e+01 -5.202596087235793892e-02 9.985800817780525751e-01 1.145074982023799523e-02 -5.539855867421920044e-01 1.597100832656592195e-02 -1.063283264113256202e-02 9.998159179384265016e-01 1.650316244247745923e-01
9.985391882790600748e-01 5.148081505373137967e-02 -1.640777719251822891e-02 1.763674108677148311e+01 -5.125155659563331023e-02 9.985862380024309592e-01 1.409975952550257539e-02 -5.705973613320652893e-01 1.711044761309334777e-02 -1.323823831013439672e-02 9.997659634279032481e-01 1.194276621449660569e-01
9.985798345082448346e-01 5.064010949534424738e-02 -1.654972579186339554e-02 1.812566394582488982e+01 -5.044941382962458282e-02 9.986575656516191168e-01 1.174407131404040829e-02 -6.053269215327237163e-01 1.712222992876825250e-02 -1.089246882398696957e-02 9.997940704791086208e-01 1.377851865014414201e-01
9.986542006088364731e-01 5.002175243148751504e-02 -1.369714897373703645e-02 1.861719919366820619e+01 -4.991836796417595257e-02 9.987229306953219199e-01 7.788725386116595109e-03 -6.309087656052330129e-01 1.406926245824224007e-02 -7.094504001702878898e-03 9.998758542273390448e-01 2.172115884095753846e-01
9.987290394886281231e-01 4.933810429892478838e-02 -1.029840503722335987e-02 1.912691086330189805e+01 -4.928059435391676096e-02 9.987683324900602511e-01 5.765503893775737396e-03 -6.554487447555441548e-01 1.057017985878177732e-02 -5.250664644866851263e-03 9.999303484836031819e-01 2.672626990921608825e-01
9.988142359944175430e-01 4.790993176450411561e-02 -8.646410423320954886e-03 1.963294975932666375e+01 -4.784337906970993759e-02 9.988248100116378092e-01 7.746611156353831393e-03 -6.768396023302096776e-01 9.007388860263254582e-03 -7.323752012204148495e-03 9.999326125306563506e-01 2.385332400989950141e-01
9.989618154371163739e-01 4.459945361953805004e-02 -9.283320279900593441e-03 2.013579566498356499e+01 -4.449632240164264757e-02 9.989486078588849516e-01 1.103431690340884834e-02 -7.088625445645574397e-01 9.765684374871720641e-03 -1.060978763380559901e-02 9.998960265022838190e-01 1.878865124538550979e-01
