1.000000000000000000e+00 0.000000000000000000e+00 0.000000000000000000e+00 0.000000000000000000e+00 0.000000000000000000e+00 1.000000000000000000e+00 0.000000000000000000e+00 0.000000000000000000e+00 0.000000000000000000e+00 0.000000000000000000e+00 1.000000000000000000e+00 0.000000000000000000e+00
9.999999790098781371e-01 -1.899345005104790651e-04 7.684483654981234379e-05 1.387664952413704747e-04 1.899267909512422842e-04 9.999999769317375886e-01 1.003211758982532829e-04 -2.245738785378970597e-05 -7.686388922957033444e-05 -1.003065788992925280e-04 9.999999920152663480e-01 1.990211299013069327e-05
9.999999715631301411e-01 -2.347496038348793673e-04 -4.202811492334111205e-05 4.053209711813146945e-03 2.347519263166582553e-04 9.999999709187228358e-01 5.526379166572248174e-05 -2.388873571857317701e-03 4.201514054790990915e-05 -5.527365627513094342e-05 9.999999975897754245e-01 1.774568249692691242e-03
9.999999958750034335e-01 -7.832114902730676878e-05 -4.599772472089074150e-05 3.881436148120968009e-03 7.832211847685724459e-05 9.999999967107532362e-01 2.107460956962238380e-05 -1.313127235574214086e-03 4.599607398195608454e-05 -2.107821212193494679e-05 9.999999987200350882e-01 -9.005320071202094819e-04
9.999999994888125743e-01 -2.024600061817183685e-05 2.474821762060032320e-05 -2.153486046320138292e-03 2.024652121480608580e-05 9.999999995737898217e-01 -2.103565281013126698e-05 -6.217334458969694857e-04 -2.474779172221258566e-05 2.103615386469118715e-05 9.999999994725135011e-01 -1.947623689873322636e-03
9.999999883853037952e-01 8.690904385133515141e-05 1.252046737295716599e-04 -2.664405536366173596e-03 -8.689934252452969081e-05 9.999999932221267374e-01 -7.748709986146322696e-05 -2.682928767241867917e-03 -1.252114072107099940e-04 7.747621875764600541e-05 9.999999891597695090e-01 -2.817880801992541859e-03
9.999999850251733990e-01 1.136046708030011504e-04 1.305512611063137799e-04 3.560415388287298082e-03 -1.135960029095536622e-04 9.999999913434902687e-01 -6.640005645664327598e-05 -3.142569154106586871e-03 -1.305588033327506007e-04 6.638522536087745646e-05 9.999999892737002627e-01 -1.290905298467007797e-03
9.999999971942583610e-01 3.474309522469287963e-05 6.636565896491863469e-05 9.997855042349724358e-03 -3.474628030242128413e-05 9.999999982447170810e-01 4.799230916939930755e-05 1.709714743697466764e-04 -6.636399144706057324e-05 -4.799461499453413425e-05 9.999999966461687873e-01 -2.860375528668096783e-04
9.999999935150366559e-01 -9.518533938524979332e-05 -6.252741641276214775e-05 3.053165979963583850e-03 9.519333143392260570e-05 9.999999872993496908e-01 1.278261716507747493e-04 1.188095786839398448e-03 6.251524844109239919e-05 -1.278321230149010324e-04 9.999999898753959560e-01 -8.576779952222485465e-05
9.999999974174326178e-01 -3.744869952882330611e-05 -6.134109308942938834e-05 8.151487626083412990e-04 3.745269089784733539e-05 9.999999971816878608e-01 6.506858031104488526e-05 2.124102718590504971e-04 6.133865618283821015e-05 -6.507087753199970108e-05 9.999999960016751066e-01 6.644815682705476666e-04
9.999999991063096560e-01 -3.224736999821650458e-05 2.734022509211913386e-05 2.136393688517742502e-05 3.224824076528363259e-05 9.999999989728314276e-01 -3.184945872772248739e-05 -5.201549847706390083e-03 -2.733919800275627768e-05 3.185034037342027364e-05 9.999999991190620108e-01 -1.058863378328899841e-03
9.999999915718719157e-01 1.797199526631943690e-05 1.285817385246715468e-04 1.085209094290573353e-03 -1.796676805270748704e-05 9.999999990122284688e-01 -4.065388558221636281e-05 -6.825784443012670490e-03 -1.285824690291014426e-04 4.065157504130832011e-05 9.999999909069989812e-01 -2.227366367239169351e-03
9.999999980405442912e-01 -6.652700686807413836e-06 6.224670991546140460e-05 1.782238475332682077e-03 6.653300555312687190e-06 9.999999999314332921e-01 -9.636749081113344918e-06 -3.123518415279029955e-03 -6.224664580078615220e-05 9.637163208300206452e-06 9.999999980162400659e-01 -2.031427292181186496e-05
9.999999960564127655e-01 -8.632476875549096912e-05 -2.086165992653515308e-05 -1.462744128595442651e-03 8.632500039466991723e-05 9.999999962123595765e-01 1.110293796338590376e-05 7.875055766407510751e-04 2.086070138896648871e-05 -1.110473880240189140e-05 9.999999997207579261e-01 1.637739615487364669e-03
9.999999979901952329e-01 -4.717279729911599915e-05 -4.235961255604381060e-05 3.315794235176272933e-03 4.717434871408364308e-05 9.999999982166093426e-01 3.662460986578128930e-05 3.106067562427945045e-03 4.235788479520271596e-05 -3.662660807930709296e-05 9.999999984321505941e-01 1.139423932294838745e-04
9.999999998073834107e-01 -5.285526456185092671e-06 -1.890228764824551709e-05 3.363970443405467706e-03 5.285994486740421557e-06 9.999999996794864954e-01 2.476056020053089843e-05 1.468554237036001620e-04 1.890215676959107255e-05 -2.476066011314989560e-05 9.999999995148091125e-01 -9.205799773980088106e-04
9.999999996515244183e-01 4.583097796176500758e-06 2.599896706110582688e-05 6.195594671366701396e-03 -4.582526831964523391e-06 9.999999997483562941e-01 -2.196105153819039423e-05 -2.164204324022570361e-03 -2.599906770421025261e-05 2.196093238957334533e-05 9.999999994208829124e-01 -1.748971893599724587e-03
9.999999979206130041e-01 -5.193470065081967862e-05 3.823036458097924862e-05 3.988041910361796692e-03 5.193611980737568220e-05 9.999999979623305224e-01 -3.712113138386609990e-05 -1.394756600680375266e-03 -3.822843662823215317e-05 3.712311684347206222e-05 9.999999985802303648e-01 -7.534854900733741617e-04
9.999999960858830805e-01 -7.842218089762104951e-05 4.096578399529752677e-05 -2.126684644246592919e-03 7.842181847223661387e-05 9.999999968858607202e-01 8.848558080946397378e-06 -3.131134781656052645e-03 -4.096647779094686931e-05 -8.845345435036055230e-06 9.999999991217537465e-01 -4.071631521748569622e-04
9.999999963800106917e-01 -8.506417774201829873e-05 -2.016020802693668017e-06 -8.861283099493478957e-04 8.506417240962920031e-05 9.999999963785454193e-01 -2.644945150515011238e-06 4.525493655402741851e-03 2.016245785477141523e-06 2.644773649799195584e-06 9.999999999944699791e-01 6.419996740580860171e-04
9.999999979760485491e-01 -6.357181124865233927e-05 -2.554950377985282683e-06 -1.090822571549157150e-03 6.357183617052707028e-05 9.999999979317264476e-01 9.755450649914920990e-06 6.158521684954195927e-03 2.554330201033584874e-06 -9.755613053057214589e-06 9.999999999491516744e-01 6.478407676014760383e-06
9.999999976452011996e-01 -6.838165177860535218e-05 5.792012128125392784e-06 -1.469176580571656060e-04 6.838151394452442492e-05 9.999999973789039931e-01 2.379412675916122504e-05 2.273349951657099507e-03 -5.793639194634393351e-06 -2.379373063657273519e-05 9.999999997001460805e-01 -5.900529442897073894e-04
9.999999978194431538e-01 -5.768160110544338725e-05 3.215504069671218092e-05 2.237771102241726748e-03 5.768074267019107523e-05 9.999999979800998640e-01 2.669704341120038044e-05 3.937399802113146149e-03 -3.215658055997094883e-05 -2.669518862635797968e-05 9.999999991266605992e-01 -8.495934776295875146e-04
9.999999953400353636e-01 -8.643594669990271049e-05 4.299716646328991118e-05 5.459579559742693813e-04 8.643572238730432098e-05 9.999999962508152596e-01 5.218746720666716331e-06 4.200321334540895769e-03 -4.299761738939898562e-05 -5.215030205203679476e-06 9.999999990620042079e-01 -1.673892239577319963e-03
9.999999921854806351e-01 -1.218889832232897009e-04 2.778694595997486996e-05 -1.410108151714556694e-03 1.218884001564246475e-04 9.999999923514404365e-01 2.098420927685697030e-05 5.572999540369762313e-03 -2.778950349137726056e-05 -2.098082220648716869e-05 9.999999993937742637e-01 -1.518234787588730378e-03
9.999999912079037268e-01 -1.296358062751567619e-04 2.790609753333255931e-05 -1.520706321415894909e-03 1.296350318668171157e-04 9.999999912123334056e-01 2.775052678566922100e-05 7.023730988419701719e-03 -2.790969475001749166e-05 -2.774690893384090419e-05 9.999999992255790282e-01 -7.486260963571645007e-04
9.999999960966949875e-01 -8.281104213674643424e-05 3.080489197209247877e-05 -9.931481995830528965e-04 8.281066654260004639e-05 9.999999964968528943e-01 1.219375425159645201e-05 8.545806696299122068e-03 -3.080590164167554734e-05 -1.219120323036352655e-05 9.999999994511854506e-01 6.705311576408118975e-04
9.999999964793325757e-01 -7.038690812890482527e-05 4.568389138615354557e-05 1.046072570046438326e-03 7.038709384561631164e-05 9.999999975145718034e-01 -4.063660908555350182e-06 8.761631418791321693e-03 -4.568360524408247554e-05 4.066876450598781029e-06 9.999999989482343254e-01 1.640189079157453663e-04
9.999999960427377044e-01 -7.975239049840065575e-05 3.942182998490896079e-05 -2.555711511440839122e-04 7.975215070362940372e-05 9.999999968012877050e-01 6.084326032981245225e-06 6.381267728234655233e-03 -3.942231509835558001e-05 -6.081182033178001273e-06 9.999999992044501518e-01 -1.839843465606916381e-03
9.999999960587138137e-01 -8.556820882979043318e-05 2.367813555441154657e-05 -1.993361063578420658e-03 8.556828193616511976e-05 9.999999963342712794e-01 -3.086509716097376281e-06 8.878468239099346695e-03 -2.367787136050598720e-05 3.088535801311400978e-06 9.999999997149097153e-01 -1.807838678880653062e-03
9.999999910338297493e-01 -1.337193215676997938e-04 7.175195999847801974e-06 -3.753347811260383284e-03 1.337192264937281491e-04 9.999999909718133573e-01 1.324920991313483239e-05 9.918456961941980038e-03 -7.176967610429686357e-06 -1.324825033268112089e-05 9.999999998864874673e-01 -1.558195482542565488e-04
9.999999935577120747e-01 -1.067519268926674992e-04 3.858240279475332556e-05 -8.763934045090626896e-04 1.067508919075076134e-04 9.999999939422962170e-01 2.682638024932319914e-05 4.162771037288850833e-03 -3.858526632881573544e-05 -2.682226137058966293e-05 9.999999988958717667e-01 2.128891000240379491e-04
9.999999991720001091e-01 -4.045152302978122455e-05 -4.435549198866778224e-06 -3.112294305364221038e-04 4.045167092088347539e-05 9.999999986258129026e-01 3.334721126934638220e-05 6.747559192264056867e-04 4.434200247286862515e-06 -3.334739066711143096e-05 9.999999994341447485e-01 2.046324361183707481e-04
9.999999987486833941e-01 -5.002177846436386082e-05 -6.744024787042505551e-07 -1.728311339696998619e-04 5.002177692527813455e-05 9.999999987463071838e-01 -2.281970948389638957e-06 3.708116752194632985e-03 6.745166261039993644e-07 2.281937210723823325e-06 9.999999999971689313e-01 -4.339302915575138776e-04
9.999999948312201514e-01 -9.590926250352249237e-05 3.374867581024536029e-05 -2.465656979444829375e-04 9.590978043372119430e-05 9.999999952829163874e-01 -1.534539835245483257e-05 4.395802031657441294e-03 -3.374720388521123204e-05 1.534863510122473653e-05 9.999999993127728359e-01 -2.059010646304645876e-04
9.999999929066043514e-01 -9.974750092809940777e-05 6.509398876824000891e-05 1.337606247727376237e-03 9.974679515710879404e-05 9.999999949664760690e-01 1.084549381639557644e-05 4.583824603486620283e-03 -6.509507025149238041e-05 -1.083900082270057473e-05 9.999999978225739827e-01 -1.684677223580574937e-03
9.999999954405598412e-01 -9.177685330151376820e-05 2.637971604542665611e-05 -3.687129716267751635e-03 9.177618132508089642e-05 9.999999954641215494e-01 2.547330649947561544e-05 4.552280851231889358e-03 -2.638205378568517741e-05 -2.547088535372851024e-05 9.999999993276106336e-01 -7.437477409693463246e-04
9.999999964346504289e-01 -8.202256601230773771e-05 -2.007480768715538575e-05 -1.778374101039442105e-03 8.202329967741772525e-05 9.999999959681941109e-01 3.654846306684880541e-05 6.916214508477307524e-03 2.007180980749311499e-05 -3.655010953850765286e-05 9.999999991306059988e-01 1.073563708288070400e-04
9.999999956703604642e-01 -9.299135749882204061e-05 -3.447666185662955415e-06 6.691799917742435660e-04 9.299146783493445249e-05 9.999999951637558171e-01 3.201679508239970508e-05 6.774845860551229927e-03 3.444688883751725900e-06 -3.201711554731774854e-05 9.999999994815191862e-01 -4.105635544136795358e-04
9.999999932615425413e-01 -1.151724687140770600e-04 1.456767737358992400e-05 4.086225971052260056e-03 1.151725319433614985e-04 9.999999933582277567e-01 -4.339617559321147232e-06 4.741589346672039212e-03 -1.456717747236714947e-05 4.341295326366469263e-06 9.999999998844752991e-01 -8.641112278983645485e-04
9.999999963421952742e-01 -8.187347814124433759e-05 2.474556691947009634e-05 6.083690945763267936e-04 8.187359143073497342e-05 9.999999966378821936e-01 -4.577194843431167741e-06 3.693739232474946548e-03 -2.474519208541062107e-05 4.579220835124370281e-06 9.999999996833530691e-01 -2.059514038333081637e-03
9.999999996194557372e-01 -2.470204502413067584e-05 1.228403054242358051e-05 5.509124408011966236e-04 2.470203913619109875e-05 9.999999996947896985e-01 4.794680749503197671e-07 4.143095506705113049e-03 -1.228404238251634646e-05 -4.791646341646517025e-07 9.999999999244363336e-01 -1.532554826635918344e-03
9.999999994149525451e-01 -3.169142564378257489e-05 1.287433481767716823e-05 1.115937006184278979e-04 3.169114414221917565e-05 9.999999992587977893e-01 2.186494436097342599e-05 3.733429761129555130e-03 -1.287502773939310493e-05 -2.186453634578095555e-05 9.999999996780878364e-01 -4.582356631893615335e-04
9.999999983855012431e-01 -5.658007646825333691e-05 -5.262358220541308543e-06 4.225328867511865170e-04 5.658026101886366532e-05 9.999999977841597110e-01 3.507640989784858125e-05 -6.766289592351323792e-04 5.260373582926511482e-06 -3.507670758681946048e-05 9.999999993709765000e-01 4.225688585118162269e-04
9.999999969580236625e-01 -7.520368153962427482e-05 2.069683689767488547e-05 2.675510832741213093e-03 7.520306186153927924e-05 9.999999967240520427e-01 2.993986427291088425e-05 -2.475761675599943978e-03 -2.069908841789123999e-05 -2.993830771632897042e-05 9.999999993376227359e-01 -2.459806318672590089e-04
9.999999954099617616e-01 4.218212427655237570e-06 9.571981549716793213e-05 2.058305660857557770e-02 -4.217471630254476294e-06 9.999999999611570711e-01 -7.739427739411554571e-06 1.285146166132026353e-03 -9.571984814000016278e-05 7.739024008280972466e-06 9.999999953889090465e-01 -1.901212592723928096e-03
9.999999696511420177e-01 7.688569354677004600e-06 2.462490627200225688e-04 3.688410773862444564e-02 -7.687210942354124094e-06 9.999999999552326990e-01 -5.517362225664060680e-06 2.091236509949538115e-03 -2.462491051296208087e-04 5.515469089728934491e-06 9.999999696654784387e-01 -1.946725975481085943e-03
9.999999615064818492e-01 9.525083936221831829e-05 2.606037460581101320e-04 3.011156019129859751e-02 -9.525771163010868139e-05 9.999999951156047784e-01 2.635827931309805882e-05 -3.004943862069951385e-03 -2.606012341369896433e-04 -2.638310281496688569e-05 9.999999656954637883e-01 -1.670028166422748246e-03
9.999999895567193153e-01 7.801813624462763778e-05 1.216541477273325617e-04 6.977096324961738413e-03 -7.802151832247783772e-05 9.999999965700052673e-01 2.779626272158019462e-05 -1.124631726908905966e-03 -1.216519786974473624e-04 -2.780575407261193479e-05 9.999999922138180786e-01 -1.883561550727254341e-03
9.999999970445538899e-01 2.460373363958364483e-05 7.283919668098655907e-05 -3.792080500093194043e-03 -2.460874399944619029e-05 9.999999973314140922e-01 6.878649158973682823e-05 -6.093147134402319282e-04 -7.283750408209183058e-05 -6.878828386758629001e-05 9.999999949814349920e-01 -3.199698485913676652e-04
9.999999765917995109e-01 -1.111746548411422385e-04 1.856248814436647584e-04 -1.860199664059422262e-02 1.111652228361728102e-04 9.999999925297227144e-01 5.082172480534601810e-05 -7.461891735981448538e-03 -1.856305301447091344e-04 -5.080108858439127056e-05 9.999999814802776887e-01 1.131841563513556531e-03
9.999999461386757105e-01 -1.530747788460636027e-04 2.903287065489488128e-04 -3.926241634932992747e-02 1.530757083357487736e-04 9.999999882788597194e-01 -3.179289594716925661e-06 -1.661688697037071866e-02 -2.903282164769137763e-04 3.223731695881359841e-06 9.999999578495663011e-01 9.390048030712603265e-04
9.999999637697265520e-01 -4.636620258092475548e-05 2.651616879375494600e-04 -6.617556799762405739e-02 4.636742811804800966e-05 9.999999989143784074e-01 -4.615702835200496013e-06 -1.750015859573868932e-02 -2.651614736370715977e-04 4.627997533477424020e-06 9.999999648339866765e-01 1.024293878200876941e-03
9.999999637476176817e-01 -1.026733025803638520e-04 2.489235954274809904e-04 -1.076465977315479716e-01 1.026614343965041041e-04 9.999999935931312978e-01 4.769032741372625705e-05 -1.127627272466855471e-02 -2.489284903560769094e-04 -4.766477083147656650e-05 9.999999678813376036e-01 1.775553099106776632e-03
9.999999311033629379e-01 -2.788137742113672049e-04 2.450635603747890602e-04 -1.418393173815359620e-01 2.788056877213684307e-04 9.999999605881678688e-01 3.303106426345922152e-05 -1.429124478272089140e-02 -2.450727602320786113e-04 -3.296273687324422646e-05 9.999999694263995709e-01 5.658776531510949746e-03
9.999997614709625893e-01 -5.793166462748063159e-04 3.760987120696237542e-04 -1.814295985641360409e-01 5.793392821411823832e-04 9.999998303781915121e-01 -6.007981720412003266e-05 -2.782157167741870080e-02 -3.760638430368686068e-04 6.029769163120370654e-05 9.999999274700845930e-01 8.794544217461546659e-03
9.999994297253634867e-01 -8.213131438454625071e-04 6.826372884554908742e-04 -2.547013577233930293e-01 8.213407290077169793e-04 9.999996618944243520e-01 -4.013033493064391234e-05 -3.603561021313392287e-02 -6.826040980804719792e-04 4.069098985347962400e-05 9.999997661979169727e-01 9.700294318323117795e-03
9.999979813188333289e-01 -1.846513261404605357e-03 7.923048868429558109e-04 -3.690916656662165951e-01 1.846539782181690634e-03 9.999982946079187807e-01 -3.274273771139937946e-05 -2.082263514207934041e-02 -7.922430757530771889e-04 3.420569410742389685e-05 9.999996855903903192e-01 1.027037056084380978e-02
9.999968668126745230e-01 -2.375958493491861587e-03 7.881535834053104853e-04 -4.759113662507283848e-01 2.376065370216876374e-03 9.999971680812553831e-01 -1.346953065265760641e-04 -1.845414898668463685e-02 -7.878313209608289996e-04 1.365675889368906108e-04 9.999996803355005737e-01 1.036238627358573340e-02
9.999973546401603741e-01 -2.191721383387757946e-03 6.979040469673651690e-04 -5.687374151619150053e-01 2.191820174281027683e-03 9.999975880440707954e-01 -1.408203262594245300e-04 -2.434446883736011633e-02 -6.975937247332827593e-04 1.423496339088442823e-04 9.999997465497563187e-01 1.295851098475544853e-02
9.999960817374037303e-01 -2.646722676621369400e-03 9.117943367386755231e-04 -6.986087529839009047e-01 2.646779284460027293e-03 9.999964954202027467e-01 -6.088293266714764579e-05 -4.320159010284047550e-03 -9.116300010441547507e-04 6.329601247399771751e-05 9.999995824620908635e-01 1.581519590899425204e-02
9.999933713215131137e-01 -3.392374220772275979e-03 1.322539292606547678e-03 -8.462370496269211451e-01 3.392466574621264431e-03 9.999942432842516826e-01 -6.759361584821874981e-05 7.428535136519122395e-03 -1.322302376283881900e-03 7.207983813566248876e-05 9.999991231600768860e-01 2.431372127619369633e-02
9.999928803693021173e-01 -3.428942676971040351e-03 1.575297694039520975e-03 -9.754132215342637968e-01 3.428968412438440725e-03 9.999941209775567996e-01 -1.363634928429170358e-05 -1.072691155450903461e-02 -1.575241674569003965e-03 1.903789823156935894e-05 9.999987591248427066e-01 3.096876066945300141e-02
9.999936846656304335e-01 -3.156274273183798211e-03 1.633573251433239606e-03 -1.110944580291591821e+00 3.156397205280974533e-03 9.999950159246672188e-01 -7.268085594984657980e-05 -3.362628945863028324e-02 -1.633335708865305295e-03 7.783660299138462561e-05 9.999986630770689722e-01 3.482308594785750444e-02
9.999916043219985173e-01 -3.654753631742537791e-03 1.853122070140135686e-03 -1.291482063640574163e+00 3.655116673339274883e-03 9.999933014990860514e-01 -1.925592438737939863e-04 -4.963465749331299331e-02 -1.852405900404381807e-03 1.993310045846883889e-04 9.999982644282592315e-01 3.751017003801249139e-02
9.999865893473678380e-01 -4.562706394852850643e-03 2.450068524209920388e-03 -1.500799339481566630e+00 4.563809555482057322e-03 9.999894868178682561e-01 -4.448551202345193576e-04 -5.326613212040307022e-02 -2.448013022891412475e-03 4.560308005794051875e-04 9.999968996292681878e-01 3.553424611124997301e-02
9.999810411691198997e-01 -5.103951556869748031e-03 3.444848447783335939e-03 -1.681881450804442846e+00 5.107134663979983127e-03 9.999865391009342686e-01 -9.158561348707411429e-04 -5.441211036624124531e-02 -3.440127591680640536e-03 9.334320762290013998e-04 9.999936470931762855e-01 3.654659717506027888e-02
9.999736864537108749e-01 -6.028491275264341240e-03 4.035305827258336801e-03 -1.863295068600109960e+00 6.033363615522862634e-03 9.999810834617584021e-01 -1.196345322548438830e-03 -3.896980894076493285e-02 -4.028017335902152503e-03 1.220660309816104126e-03 9.999911424931471338e-01 3.363921970546668999e-02
9.999685509131026606e-01 -6.979778574927722468e-03 3.765617584718157322e-03 -2.048913281754555449e+00 6.983681123079758454e-03 9.999750892840597594e-01 -1.024211554193067437e-03 -2.841873126485822132e-02 -3.758375010626015256e-03 1.050477216118031638e-03 9.999923855284588159e-01 3.909954854724348450e-02
9.999625947215464716e-01 -7.709829363063802621e-03 3.920164402728499274e-03 -2.276155421582020555e+00 7.712987317865285450e-03 9.999699415516815071e-01 -7.910877075579476675e-04 -3.111070016995860429e-02 -3.913947417432910372e-03 8.212942950241572046e-04 9.999920032136729864e-01 5.588284376830319339e-02
9.999561837085266802e-01 -8.011382717610322779e-03 4.842355834819539462e-03 -2.523026437785559128e+00 8.014086846271264997e-03 9.999677412706222679e-01 -5.392867050465851740e-04 -4.065514396463049129e-02 -4.837879194384465779e-03 5.780701357039214885e-04 9.999881303094645402e-01 6.885092527998948331e-02
9.999419561893589936e-01 -9.033739807407230316e-03 5.871609429305556238e-03 -2.791752877081858930e+00 9.035987277791800512e-03 9.999591111372195806e-01 -3.563531639204099689e-04 -3.192832249266826933e-02 -5.868150144110898490e-03 4.093882679282094083e-04 9.999826984578944478e-01 6.694422428275745296e-02
9.999324530439062109e-01 -9.621943613652280888e-03 6.519781491134557169e-03 -3.041338687497527893e+00 9.622906300162686888e-03 9.999536920019155284e-01 -1.163016626423762695e-04 -2.893500861840127281e-02 -6.518360525065636756e-03 1.790330532057989705e-04 9.999787392356054294e-01 6.295210476337904926e-02
9.999234479601769587e-01 -1.006727005930527739e-02 7.193628638197150163e-03 -3.308881189435375791e+00 1.006951683717907664e-02 9.999492629911813646e-01 -2.761775856912238275e-04 -2.131661414428750664e-02 -7.190483300658016830e-03 3.485928084264255738e-04 9.999740873807464459e-01 8.610427323915842424e-02
9.999169413743410617e-01 -1.052665312199616357e-02 7.436392043980255204e-03 -3.601500661413703064e+00 1.053332308656786467e-02 9.999441546200044106e-01 -8.583391163937690357e-04 -4.589281869117697865e-02 -7.426941317701444417e-03 9.365977439240388575e-04 9.999719812711401756e-01 1.046418603209953169e-01
9.999119496306585475e-01 -1.126377156578831605e-02 7.015727754769816339e-03 -3.897476778581504764e+00 1.127382745842379907e-02 9.999354746992491494e-01 -1.395439867958405723e-03 -7.776970755515764944e-02 -6.999557146919976186e-03 1.474411103165188105e-03 9.999744158285479578e-01 9.964810948670964341e-02
9.999231688746366142e-01 -1.091153054607822519e-02 5.881738590485941463e-03 -4.211525280553362727e+00 1.091979616103259769e-02 9.999394318474943422e-01 -1.375023022249265972e-03 -1.084463063474797040e-01 -5.866378738737160203e-03 1.439144764163652335e-03 9.999817570650183507e-01 8.410661256394243168e-02
9.999344042687092760e-01 -1.057773474080348636e-02 4.393027149314016749e-03 -4.576620028494365222e+00 1.058160194113307029e-02 9.999436451838770168e-01 -8.579957692573912534e-04 -6.555769711942258104e-02 -4.383703929420857195e-03 9.044247530080938395e-04 9.999899825276877818e-01 8.144860131532498382e-02
9.999416410042005765e-01 -1.003610133221144278e-02 3.998906835118273134e-03 -4.924617508563160939e+00 1.003632804897657688e-02 9.999496341203719663e-01 -3.663096350011144813e-05 -4.435188353437206910e-02 -3.998337794596388932e-03 7.676316658840809035e-05 9.999920036691776204e-01 9.756222125172217541e-02
9.999302960456585287e-01 -1.099309265699441318e-02 4.307547315640846905e-03 -5.266335546999690642e+00 1.099221036567687472e-02 9.999395577350860265e-01 2.284465744127991873e-04 -5.524920112417144175e-02 -4.309798292084560632e-03 -1.810811845295759285e-04 9.999906963808643523e-01 1.239685515358041890e-01
9.999165598865144000e-01 -1.193977435521978783e-02 4.931029615111688982e-03 -5.583228314463827502e+00 1.194054149204440592e-02 9.999287012342741310e-01 -1.261618587950230923e-04 -6.548042257603618743e-02 -4.929171694660124982e-03 1.850304955529485657e-04 9.999878344410596531e-01 1.300929803859076916e-01
9.999111543755495601e-01 -1.234174460797226106e-02 5.036337497354972416e-03 -5.938746475808522440e+00 1.234560033750023260e-02 9.999235198833146265e-01 -7.352118531436052868e-04 -1.050074023608803114e-01 -5.026878520751256602e-03 7.973231426945201093e-04 9.999870473001856164e-01 1.267106973092074484e-01
9.999099641271912420e-01 -1.242928676412645948e-02 5.057318429179921519e-03 -6.333067432072767566e+00 1.243456365837516432e-02 9.999221743817036101e-01 -1.013314557090196424e-03 -1.294874828346011808e-01 -5.044330063033910204e-03 1.076108870377930635e-03 9.999866982734891829e-01 1.125575159688812638e-01
9.999043002464300667e-01 -1.285213227028584801e-02 5.119867654920240603e-03 -6.744323787676772319e+00 1.285694521069326302e-02 9.999169335717922324e-01 -9.082489929532366240e-04 -1.194468742489073060e-01 -5.107769429609460704e-03 9.739879316737410286e-04 9.999864809280988309e-01 1.161370725953378841e-01
9.998899521371263921e-01 -1.403787337423637732e-02 4.798096116579665150e-03 -7.165906560931261104e+00 1.403957605096833525e-02 9.999013886519990679e-01 -3.213660107945570470e-04 -9.187851472855745882e-02 -4.793111674487454676e-03 3.886938804804449150e-04 9.999884374319251146e-01 1.257420827850617429e-01
9.998778104680098311e-01 -1.494709551799852133e-02 4.576949778457865305e-03 -7.568290191702987890e+00 1.494631039728378137e-02 9.998882765061998246e-01 2.056963041550160371e-04 -6.567827076726848179e-02 -4.579512987943572429e-03 -1.372626581582687174e-04 9.999895045548007344e-01 1.491758729345669388e-01
9.998720225867093747e-01 -1.530124053267778450e-02 4.670169860318698282e-03 -7.976085498418014730e+00 1.529982205869015281e-02 9.998828933004018094e-01 3.393083993445964786e-04 -7.925552456021207892e-02 -4.674814791572922019e-03 -2.678122076866065499e-04 9.999890371315507398e-01 1.816005592361227827e-01
9.998602327692432956e-01 -1.576097957259717242e-02 5.577315621941657253e-03 -8.422735325869732392e+00 1.576306394553420726e-02 9.998757007455661983e-01 -3.299600158748043654e-04 -1.201431898605054421e-01 -5.571421872698130787e-03 4.178294810702184244e-04 9.999843922166191668e-01 1.911132016878651918e-01
9.998527905443731489e-01 -1.575490278232870300e-02 6.795607327473273708e-03 -8.866725176814533427e+00 1.576440162596254302e-02 9.998748274613130649e-01 -1.346495668347995073e-03 -1.611620043133200619e-01 -6.773542795700524151e-03 1.453426134656275997e-03 9.999760030473060501e-01 1.761783714683055890e-01
9.998408256921136328e-01 -1.604651528780366709e-02 7.799527320982430414e-03 -9.331889971683951401e+00 1.605952007857577857e-02 9.998697452058707968e-01 -1.607618360433642028e-03 -1.665292102762817306e-01 -7.772714722559278915e-03 1.732619134508492365e-03 9.999682909656567587e-01 1.572645975637022020e-01
9.998244383398916524e-01 -1.702846769254734785e-02 7.818170269565114308e-03 -9.815998535926741653e+00 1.703835160144735045e-02 9.998541174167738799e-01 -1.199357923838950939e-03 -1.661962960427843528e-01 -7.796606507032195939e-03 1.332356096503610476e-03 9.999687183878336327e-01 1.695027307916847359e-01
9.998121475781068801e-01 -1.792598709793045975e-02 7.370789768980336859e-03 -1.029361583745299669e+01 1.793026226096079007e-02 9.998391076328650984e-01 -5.143376023026680456e-04 -1.451386156222529422e-01 -7.360383855943894611e-03 6.464011763666289902e-04 9.999727030849453469e-01 2.096646390686913441e-01
9.998082323610398836e-01 -1.803444438576947903e-02 7.632648216008491165e-03 -1.077141113734984934e+01 1.803572078152353500e-02 9.998373383148205784e-01 -9.842472188382003252e-05 -1.354782926295391987e-01 -7.629631641414295375e-03 2.360661592548118925e-04 9.999708660724995202e-01 2.422379426385062040e-01
9.998075425040083841e-01 -1.789530632151358977e-02 8.039649479576102195e-03 -1.128128310155816116e+01 1.789826573887959640e-02 9.998397693083148630e-01 -2.962988965089170855e-04 -1.615442649393026564e-01 -8.033058921463330157e-03 4.401376543981279756e-04 9.999676375979421605e-01 2.406051909832241931e-01
9.998042941989205845e-01 -1.827836259636298269e-02 7.568009130151530719e-03 -1.182027742783829005e+01 1.828622042158216041e-02 9.998323221771627800e-01 -9.703981221145762922e-04 -2.061252147610963814e-01 -7.549002854118533681e-03 1.108598492679219172e-03 9.999708913589887560e-01 2.263054871308005922e-01
9.998016996128717970e-01 -1.880987392504509040e-02 6.538355614117578006e-03 -1.233677438077550015e+01 1.882206141022186446e-02 9.998212155200220108e-01 -1.807484532531927670e-03 -2.282008459913735798e-01 -6.503188101430802150e-03 1.930191438540188043e-03 9.999769911880612705e-01 2.365499766796945458e-01
9.997952980491544572e-01 -1.928584129837935743e-02 6.117051921972854918e-03 -1.284816858401815409e+01 1.929605597501238626e-02 9.998125089954267297e-01 -1.615264708625792096e-03 -2.290092405909029682e-01 -6.084753290937546660e-03 1.732969037077249910e-03 9.999799860975743249e-01 2.446155455483447483e-01
9.997781666261317257e-01 -1.993733365124411225e-02 6.791190217461558210e-03 -1.338272633944992940e+01 1.994349722247384590e-02 9.998007549121549209e-01 -8.410681435768051131e-04 -2.251645721941746836e-01 -6.773068449968184385e-03 9.763216498320983344e-04 9.999765858957938569e-01 2.559831052687406294e-01
9.997667988010611184e-01 -2.020549249715461806e-02 7.621422965945693316e-03 -1.394093458605668445e+01 2.020919541376749867e-02 9.997956896374464719e-01 -4.091492526270069691e-04 -2.140857671688398689e-01 -7.611598768102176282e-03 5.630766645805213933e-04 9.999708728302355576e-01 2.820295341261527811e-01
9.997669177253210027e-01 -2.000605155770712393e-02 8.115917882874213243e-03 -1.449107653756748348e+01 2.001246406588505847e-02 9.997994787232131753e-01 -7.096666842199287261e-04 -2.304839516351041839e-01 -8.100092840384754550e-03 8.719207884876010442e-04 9.999668135743884356e-01 3.080998563862203943e-01
9.997627530387180883e-01 -2.016790755353031414e-02 8.227584174919692905e-03 -1.505816671062734891e+01 2.018090054391869989e-02 9.997952208031384291e-01 -1.499237286103847046e-03 -2.559482239575813223e-01 -8.195662857853291267e-03 1.664921654564252389e-03 9.999650289616155430e-01 3.110353556210149750e-01
9.997591805316088376e-01 -2.063181239529649630e-02 7.477249497712868363e-03 -1.564190883424145895e+01 2.064927828457995343e-02 9.997842124529955354e-01 -2.266238308154523880e-03 -2.725541651322557768e-01 -7.428879396768538375e-03 2.420092359531415480e-03 9.999694769861126042e-01 3.114574120152697190e-01
9.997597365782815437e-01 -2.122974803807377991e-02 5.455906447588143582e-03 -1.623879920921054776e+01 2.124669868789324026e-02 9.997695563795134799e-01 -3.067887151877146754e-03 -2.927714881048563700e-01 -5.389518697509729922e-03 3.183070051173829147e-03 9.999804103847527159e-01 3.449584113315370404e-01
9.997636595457646269e-01 -2.146910278470491942e-02 3.420917607913256508e-03 -1.682239657941552480e+01 2.148152096995765634e-02 9.997626349952525304e-01 -3.635646320353254964e-03 -2.670395763386707033e-01 -3.342051537248515603e-03 3.708273583381349082e-03 9.999875396216461043e-01 3.983247770316347691e-01
9.997788331231083347e-01 -2.086305307444316984e-02 2.649123517062572635e-03 -1.741146038769076654e+01 2.087349306097554397e-02 9.997742172709602748e-01 -3.976401346960350275e-03 -2.697387926209424691e-01 -2.565565518378406292e-03 4.030818360044248136e-03 9.999885851233099032e-01 4.393452180871593171e-01
9.997994302965624858e-01 -1.964091227513571972e-02 3.915832436343869190e-03 -1.802570108505838320e+01 1.965847805065758930e-02 9.997966310530833622e-01 -4.498974953978205661e-03 -2.989309093129884354e-01 -3.826672105225868963e-03 4.575051901905833988e-03 9.999822125821508090e-01 4.508657364492368314e-01
9.998160329687729719e-01 -1.837597615890756986e-02 5.497610280201781045e-03 -1.865514000474063394e+01 1.840193670401193624e-02 9.998195787198466133e-01 -4.709430327571279690e-03 -3.096539996849904663e-01 -5.410078014895756092e-03 4.809730624054741818e-03 9.999737984303372906e-01 4.452956137814598203e-01
9.998279984602200798e-01 -1.730877195435771149e-02 6.661824709625523491e-03 -1.927546403184280877e+01 1.733796991877705265e-02 9.998402217956617877e-01 -4.350365352146340868e-03 -3.159082112198575709e-01 -6.585460813437364787e-03 4.465119599026821234e-03 9.999683467054549801e-01 4.473602147737193446e-01
9.998384130555687532e-01 -1.660884727288526250e-02 6.877061202853768790e-03 -1.990572389903403305e+01 1.663522343916790797e-02 9.998544188560454238e-01 -3.796107897382269575e-03 -3.181031875076791859e-01 -6.813011056117796935e-03 3.909895945620705041e-03 9.999691473210778891e-01 4.732115822526409832e-01
9.998529820747253938e-01 -1.601979518307744543e-02 6.113951142365259619e-03 -2.054149476502745486e+01 1.604331284416136982e-02 9.998640117163070107e-01 -3.817091504933374513e-03 -3.201984727894985339e-01 -6.051970692538728019e-03 3.914618354950620896e-03 9.999740243695691699e-01 5.046898701310014168e-01
9.998772381550565802e-01 -1.465683595412062105e-02 5.539474634870195438e-03 -2.119398268139789820e+01 1.468032272888648848e-02 9.998833192003530046e-01 -4.223281835331503357e-03 -3.365937461035632960e-01 -5.476928335491702826e-03 4.304084652850057556e-03 9.999757387613505966e-01 5.163078143998149905e-01
9.998914290804863381e-01 -1.336990997082452594e-02 6.194800945530641069e-03 -2.186709251996081704e+01 1.339676110257175326e-02 9.999009556470911386e-01 -4.313431116234518921e-03 -3.578717186739226452e-01 -6.136517199790183716e-03 4.395953071397231196e-03 9.999715089707560400e-01 5.128848979134933428e-01
9.998927193304749661e-01 -1.276282593632118746e-02 7.187496367128937309e-03 -2.252551528395752456e+01 1.279113778967840877e-02 9.999105572872377667e-01 -3.906945043317233690e-03 -3.634920958004148051e-01 -7.136989838425260475e-03 3.998462160031946398e-03 9.999665372783236306e-01 5.347677401795380980e-01
9.998982408289946999e-01 -1.198235517939042101e-02 7.741521261131097988e-03 -2.318750670225039912e+01 1.201245979684835950e-02 9.999204205976833792e-01 -3.853995508686156816e-03 -3.640222437692654522e-01 -7.694725252451263368e-03 3.946598042213918939e-03 9.999626070844761516e-01 5.666851402534301974e-01
9.999146695407225005e-01 -1.091263779587057017e-02 7.181084430903011961e-03 -2.385073549850583774e+01 1.094387453311124886e-02 9.999307604222846813e-01 -4.325040059351391471e-03 -3.456800094411129343e-01 -7.133389620029145610e-03 4.403259888720213386e-03 9.999648624101155070e-01 5.783834775225037417e-01
9.999324469709777174e-01 -9.927983074807644054e-03 6.044555128296630331e-03 -2.456015995534790619e+01 9.953550934014537832e-03 9.999415802264735031e-01 -4.214612436128224206e-03 -3.434215172134741922e-01 -6.002359405822213154e-03 4.274492513634968287e-03 9.999728498290911816e-01 5.750390208421146676e-01
9.999491768711957773e-01 -8.760496741665291243e-03 4.989726591452100721e-03 -2.526994410402814850e+01 8.777278048244867639e-03 9.999558632447719253e-01 -3.351261324777172514e-03 -3.670627193063307758e-01 -4.960147647194699562e-03 3.394887220869103467e-03 9.999819356748779198e-01 5.922788325107268825e-01
9.999595181991453030e-01 -7.923080242028163883e-03 4.264594050056751302e-03 -2.599840741403827948e+01 7.933417385930747329e-03 9.999656197473120178e-01 -2.412511545037011179e-03 -3.825787700845704187e-01 -4.245332909679551403e-03 2.446246686805742931e-03 9.999879964407739630e-01 6.389163768654919640e-01
9.999654788780651948e-01 -6.908725744454300398e-03 4.616336290809622440e-03 -2.670068271277450833e+01 6.918084598504832192e-03 9.999740407109746210e-01 -2.014450211407076401e-03 -3.780922729553221617e-01 -4.602299169965139852e-03 2.046316875320665623e-03 9.999873156343513925e-01 6.643853531493072451e-01
9.999683391642464336e-01 -5.535521213114472962e-03 5.716526392617919498e-03 -2.737609649538962842e+01 5.546416948970045099e-03 9.999828288105371277e-01 -1.891915194692327454e-03 -3.665940161756722770e-01 -5.705955496366529878e-03 1.923561533949339668e-03 9.999818708271158707e-01 6.830478092213718710e-01
9.999661174659340013e-01 -4.567501094838125920e-03 6.848492816242441987e-03 -2.808178099698670493e+01 4.582864822836213090e-03 9.999870135649002734e-01 -2.229361246453127453e-03 -3.668035680455583036e-01 -6.838221268800989509e-03 2.260671426861753965e-03 9.999740637109437724e-01 6.898337486111434380e-01
9.999637826625270565e-01 -3.802914668291013361e-03 7.613882273597718034e-03 -2.881048902546351087e+01 3.822864785671603767e-03 9.999892935474183897e-01 -2.607392445630990485e-03 -3.637644104819974800e-01 -7.603885064950712674e-03 2.636404855244848210e-03 9.999676146262729270e-01 6.987121174765847931e-01
9.999648492676482814e-01 -2.339795352715970129e-03 8.051433837326350818e-03 -2.957061767510942474e+01 2.362289106678321180e-03 9.999933305950458040e-01 -2.785382487896130056e-03 -3.836856739857508192e-01 -8.044862914052911332e-03 2.804304394108858480e-03 9.999637073702021262e-01 7.279847220595899726e-01
9.999667434533434651e-01 -1.234562677692755675e-03 8.061503725110705232e-03 -3.032772303763342947e+01 1.257033571885935808e-03 9.999953374880914403e-01 -2.782960416039056625e-03 -3.784121133225327172e-01 -8.058030399190448806e-03 2.793001445208485346e-03 9.999636329832264359e-01 7.531250936677647001e-01
9.999770537636949452e-01 -3.308201285883032613e-04 6.766276976516444851e-03 -3.106351791787203354e+01 3.505396825890276448e-04 9.999956945746132364e-01 -2.913409371820073913e-03 -3.495652165590366622e-01 -6.765284030352760984e-03 2.915714368623832653e-03 9.999728644026842916e-01 7.718604222130159842e-01
9.999909917521517810e-01 7.414647381629444530e-04 4.179311497119477317e-03 -3.182150293346151670e+01 -7.263911784153020143e-04 9.999932306651512226e-01 -3.607073568627633831e-03 -3.579624945700736194e-01 -4.181957723819615391e-03 3.604005260211563637e-03 9.999847610717278457e-01 7.861082490016381152e-01
9.999937981255486719e-01 2.413305484910528102e-03 2.565086173174550063e-03 -3.257843404722269298e+01 -2.400616070915443604e-03 9.999849235540507753e-01 -4.938593633750291631e-03 -3.830215367285424444e-01 -2.576965835895579388e-03 4.932405218122003047e-03 9.999845151930327747e-01 8.167379121111584261e-01
9.999838852581715010e-01 4.158958557515217078e-03 3.864231836861991252e-03 -3.331453921097198645e+01 -4.136168246290718685e-03 9.999741164483517686e-01 -5.887150887870820117e-03 -3.963577521165800865e-01 -3.888616233382154869e-03 5.871072904934222791e-03 9.999752042759532111e-01 8.335320326438553362e-01
9.999604524389567040e-01 5.224590917118046747e-03 7.197027707718734249e-03 -3.407481706035273561e+01 -5.179711804447525124e-03 9.999671136223994283e-01 -6.240373330982083334e-03 -3.759249342699368945e-01 -7.229394421372413622e-03 6.202848010062238758e-03 9.999546292371790379e-01 8.420559146271977546e-01
9.999392944795036930e-01 5.883226911488175816e-03 9.316383254264034436e-03 -3.484890132204949253e+01 -5.831882746287456350e-03 9.999677103511458442e-01 -5.528779134717280892e-03 -3.403645230472001626e-01 -9.348609493713204779e-03 5.474111452543853340e-03 9.999413170803270745e-01 8.469835891951635887e-01
9.999445212204831623e-01 6.593962921593354669e-03 8.214264064866194648e-03 -3.562393474578661312e+01 -6.559481612920091236e-03 9.999695919446739412e-01 -4.217628121581305962e-03 -3.300749290578660622e-01 -8.241825168520825265e-03 4.163512818623506077e-03 9.999573678306994395e-01 8.703889995982455607e-01
