1.000000000000000000e+00 0.000000000000000000e+00 0.000000000000000000e+00 0.000000000000000000e+00 0.000000000000000000e+00 1.000000000000000000e+00 0.000000000000000000e+00 0.000000000000000000e+00 0.000000000000000000e+00 0.000000000000000000e+00 1.000000000000000000e+00 0.000000000000000000e+00
9.999999931212136817e-01 -1.050285725445474015e-04 5.221658384868238902e-05 8.726078939429993391e-04 1.050348292344704753e-04 9.999999873037972442e-01 -1.198335933488977819e-04 1.226353738087890407e-03 -5.220399723447773609e-05 1.198390770845558361e-04 9.999999914566690684e-01 1.652434440126937651e-03
9.999999697298568302e-01 -2.323337229669348127e-04 8.100201598108189023e-05 -1.765496287654030449e-03 2.323408472937624561e-04 9.999999691408986147e-01 -8.795414978967769630e-05 3.182849890607760898e-03 -8.098157876636144514e-05 8.797296720431853898e-05 9.999999928513704228e-01 1.862374243128030486e-03
9.999999858481667392e-01 -1.487531705620175027e-04 7.858855234708532001e-05 -2.338173841378079869e-03 1.487607002101069430e-04 9.999999843449801640e-01 -9.581384771428128435e-05 -5.691160166473698337e-04 -7.857429850314872309e-05 9.582553724641534930e-05 9.999999923217729458e-01 1.771471308490083895e-04
9.999999992858840114e-01 2.851641532081527168e-05 2.480012179800743656e-05 2.717295639893314331e-04 -2.851414308502489239e-05 9.999999953965896804e-01 -9.161748875781846560e-05 -6.423234326519901283e-03 -2.480273428620236866e-05 9.161678153817147147e-05 9.999999954955948178e-01 -6.813756108083395772e-04
9.999999963238280776e-01 8.406935270632947242e-05 1.687269608694527673e-05 1.030193883243788648e-03 -8.406973621715958052e-05 9.999999962078076621e-01 2.273024894599120268e-05 -6.811971527029908428e-03 -1.687078510564502573e-05 -2.273166734554020035e-05 9.999999995993239521e-01 -1.451423935124314651e-03
9.999999988881262958e-01 9.884259864565223872e-06 -4.610909616049479770e-05 -8.789613321979917061e-04 -9.886303319603424129e-06 9.999999989690963043e-01 -4.431781157641824108e-05 -2.815755393952628846e-03 4.610865806419451251e-05 4.431826737565287312e-05 9.999999979549414331e-01 1.988588754035132411e-04
9.999999998086575026e-01 -1.946892797045035353e-05 -1.909379176129658871e-06 -4.022121203404931816e-03 1.946879756538075763e-05 9.999999974798571278e-01 -6.827335919223609633e-05 -1.414563096775421636e-03 1.910708380430164929e-06 6.827332200585584630e-05 9.999999976675513214e-01 8.333844175966351707e-04
9.999999871896212422e-01 -1.592398756789829774e-04 1.623019554181552658e-05 -6.194663986217200345e-03 1.592416212353299043e-04 9.999999815315876450e-01 -1.076054385553366693e-04 -5.464089615768999908e-04 -1.621306016541164961e-05 1.076080216995213069e-04 9.999999940788251163e-01 1.571674618784766166e-03
9.999999962649784857e-01 -8.237331691550160533e-05 2.616638248753588937e-05 -5.976179388587053026e-03 8.237552200639504233e-05 9.999999930554082095e-01 -8.428200838302970718e-05 -3.604033803802295967e-03 -2.615943971723423063e-05 8.428416353765104006e-05 9.999999961059317100e-01 5.723652595343142052e-04
9.999999991726777893e-01 4.001583398183336282e-05 7.305993644213051908e-06 3.032066778403542939e-03 -4.001557571026753999e-05 9.999999985746587106e-01 -3.534736655331576866e-05 -4.946602581479733751e-03 -7.307408088151210017e-06 3.534707417053029179e-05 9.999999993485930716e-01 -1.673140805667137866e-03
9.999999954086093990e-01 9.548544869060280455e-05 -8.081470181257947557e-06 2.173338329708611461e-03 -9.548490816160220380e-05 9.999999932062557662e-01 6.685896170757698004e-05 -4.484141727298337522e-03 8.087854184312141727e-06 -6.685818974216329517e-05 9.999999977322845401e-01 -1.603392179345948174e-03
9.999999883227747022e-01 -6.562172241209235975e-05 -1.380153617661364557e-04 -4.823052859717220572e-03 6.562121908751936735e-05 9.999999978402613898e-01 -3.651398761282096222e-06 -2.375621577745064099e-03 1.380156010791352896e-04 3.642341982351991191e-06 9.999999904692135066e-01 2.500089817426585231e-03
9.999999850494105669e-01 -1.642428986146028311e-04 -5.408741928207673542e-05 -6.489600050617668793e-03 1.642392719526322047e-04 9.999999842649146542e-01 -6.704947502816785768e-05 -7.196062234516376402e-04 5.409843083113579124e-05 6.704059074737398730e-05 9.999999962894594585e-01 2.835922939280444491e-03
9.999999989720947946e-01 -4.437721061143933200e-05 -9.299119665971010738e-06 -2.680715869020092179e-03 4.437631594096149297e-05 9.999999943892706744e-01 -9.618836364120533116e-05 -7.399140802942202107e-04 9.303388185067842643e-06 9.618795088166055319e-05 9.999999953306625278e-01 9.583332029436115833e-04
9.999999894977397163e-01 1.441933961478017705e-04 -1.458715052622278593e-05 2.767079413587692285e-03 -1.441935899963464086e-04 9.999999895158079299e-01 -1.328881448971856693e-05 -2.365459176372574843e-03 1.458523421399624886e-05 1.329091772375817083e-05 9.999999998053111794e-01 -1.265249141684784973e-03
9.999999992686752215e-01 1.763425033005646566e-05 3.393645125799925826e-05 -2.005736666720065592e-04 -1.763194346360784812e-05 9.999999975342457326e-01 -6.797516464018866112e-05 3.506673728364404462e-03 -3.393764986538980378e-05 6.797456622488681213e-05 9.999999971138471277e-01 -1.211465235117668501e-03
9.999999970692721174e-01 -3.081463854988835343e-05 7.008504719748858368e-05 -5.148894170299834344e-03 3.082078800247175929e-05 9.999999956755933894e-01 -8.774333123809975067e-05 -7.127020067531856379e-04 -7.008234311537508531e-05 8.774549105732973515e-05 9.999999936945970225e-01 1.021774202102754703e-03
9.999999996375928957e-01 2.316629071532750773e-05 1.371631225835416869e-05 -2.975302154698612409e-03 -2.316562000049737636e-05 9.999999985362088006e-01 -4.889720372885270636e-05 -4.965797934542414034e-03 -1.371744500511309906e-05 4.889688596425442128e-05 9.999999987104630783e-01 3.810565917832355390e-04
9.999999978947268220e-01 1.182204715628904408e-05 -6.380270728954395983e-05 -9.863588993867017287e-04 -1.182297424459028994e-05 9.999999998245454602e-01 -1.453019039899026487e-05 -1.634273649714470915e-03 6.380253550175339703e-05 1.453094470616526485e-05 9.999999978590440319e-01 -1.330330811915878073e-03
9.999999995695886268e-01 -4.215081935509269136e-06 -2.903542451144921243e-05 -1.438776387888193037e-03 4.214911651538608870e-06 9.999999999739195289e-01 -5.864755819504669094e-06 -1.762226817714691298e-03 2.903544923111826638e-05 5.864633435231331460e-06 9.999999995612743886e-01 -7.322176626798548513e-04
9.999999975067197511e-01 -6.556081319919411553e-05 2.623623967570708752e-05 -3.073162832732685701e-03 6.556205680576020298e-05 9.999999967273200951e-01 -4.740228311796632462e-05 -6.946150950090722136e-04 -2.623313185761556285e-05 4.740400310161513119e-05 9.999999985323416718e-01 -1.455313639332986905e-03
9.999999950457164610e-01 -7.325247528503591973e-05 6.739912341869198345e-05 -2.155455697180196518e-03 7.325531258398663775e-05 9.999999964308154965e-01 -4.209546550201498231e-05 -2.087794421232201485e-03 -6.739603958108578087e-05 4.210040263731603251e-05 9.999999968426649399e-01 -1.471354139217581928e-03
9.999999950642360913e-01 -9.935118549832221960e-05 -9.325860958411380588e-07 -6.978620768390992593e-04 9.935107573580527300e-05 9.999999882239013482e-01 -1.169682043595846158e-04 -3.302489113453668367e-03 9.442070146276469970e-07 1.169681111288253485e-04 9.999999931587847390e-01 -4.103841046658083212e-05
9.999999351218598065e-01 -3.451160040405641281e-04 -1.032047472112286379e-04 -1.449989771345332711e-03 3.451073181089991991e-04 9.999999369083328871e-01 -8.416810056264903970e-05 1.396987530701576143e-03 1.032337884584029567e-04 8.413247838845302410e-05 9.999999911322554613e-01 7.753615853598816790e-05
9.999997050487893224e-01 -7.666253514240616712e-04 -4.677504538997404515e-05 -2.209148655948020047e-03 7.666135640554553113e-04 9.999996745254220443e-01 -2.515008813861912868e-04 -2.299319468576454736e-03 4.696783711746204564e-05 2.514649488214465585e-04 9.999999672797003081e-01 -2.769890451315387084e-03
9.999980968217840882e-01 -1.914905378829970814e-03 -3.734838683736558889e-04 -2.865291257195509526e-03 1.914711658183544706e-03 9.999980325916717483e-01 -5.183551407361485040e-04 6.204885296060558275e-03 3.744757346255225589e-04 5.176390402970179692e-04 9.999997959088532395e-01 -2.181330139100602986e-03
9.999914723366566394e-01 -3.934205771944196579e-03 -1.255897650922267652e-03 -5.979464872129431480e-03 3.933722685323344688e-03 9.999921880392419471e-01 -3.868931693091687599e-04 1.874109982361922555e-02 1.257409957238924542e-03 3.819495169345938431e-04 9.999991365170102231e-01 3.444336412585220861e-03
9.999786897011471165e-01 -6.230620651028844631e-03 -1.949233151757294967e-03 7.081868019916434664e-03 6.230747654755272591e-03 9.999805869575918438e-01 5.908987062525249747e-05 1.645695916910681900e-02 1.948827144643272384e-03 -7.123379129133329351e-05 9.999980984974458087e-01 -2.943147148739945831e-03
9.999579708213903739e-01 -8.964028125269763933e-03 -1.924263634930830844e-03 5.214215068500030470e-02 8.964047492050019814e-03 9.999598221181122959e-01 1.439974415450722984e-06 1.770830045058284161e-02 1.924173414122625891e-03 -1.868910450525359241e-05 9.999981486019809962e-01 -9.515253463868470971e-03
9.999157988461037094e-01 -1.292666590914168419e-02 -1.138651145747879550e-03 1.050440661305937634e-01 1.292578369393287442e-02 9.999161553007076542e-01 -7.787711786516685877e-04 1.853963576245225287e-02 1.148622590731064076e-03 7.639876468070189034e-04 9.999990484940570745e-01 -1.032273684548986117e-02
9.998285216512435847e-01 -1.850045882704247011e-02 -8.125982264817768969e-04 1.521386662792156841e-01 1.849854205159056839e-02 9.998262276159580741e-01 -2.306190193371964337e-03 1.845061274480551058e-02 8.551225960704999683e-04 2.290762849222065505e-03 9.999970105809888876e-01 -2.368323168532712394e-03
9.996381386601528307e-01 -2.687210550066591527e-02 -1.217243618238275475e-03 1.934096067822016485e-01 2.686645552756926000e-02 9.996291632727236642e-01 -4.441790411473594928e-03 2.897601108681677889e-02 1.336152480147554701e-03 4.407480077708363260e-03 9.999893943517172978e-01 4.377609323588738457e-03
9.993163809207589177e-01 -3.694663699436607357e-02 -1.310281741942881644e-03 2.334276504191480917e-01 3.694107293392866892e-02 9.993092672085398531e-01 -4.042969406434646779e-03 4.288315116232653545e-02 1.458750810416538542e-03 3.991802342018513361e-03 9.999909687392858348e-01 6.675316440507472228e-03
9.988586932236053206e-01 -4.775502530618633279e-02 -8.766582213182914874e-04 2.785091244980721914e-01 4.775429596643462893e-02 9.988587639067190160e-01 -8.348553716740361817e-04 6.147247484704364273e-02 9.155262867159506259e-04 7.920383494187932787e-04 9.999992672431672336e-01 -1.343903683284058265e-04
9.982298718780511226e-01 -5.946711826442454413e-02 -8.858530660781153412e-04 3.475721346501118303e-01 5.946777527407545033e-02 9.982299553945456205e-01 7.347495869387083919e-04 8.372507583783796170e-02 8.405916260560572723e-04 -7.861286970916618252e-04 9.999993377034755992e-01 -1.425386708648308451e-02
9.973683981528793652e-01 -7.249208257157402358e-02 -1.084587661517512564e-03 4.260970220098512229e-01 7.249336246831214470e-02 9.973681833368356342e-01 1.191329265235647333e-03 9.616026701720667424e-02 9.953712861718729769e-04 -1.266819567415772545e-03 9.999987022012509774e-01 -1.027540162104109353e-02
9.961323260931022050e-01 -8.786401108002143967e-02 -5.517873462307004489e-04 4.999010037710011067e-01 8.786485780868084905e-02 9.961308402445947507e-01 1.765184369397929283e-03 1.248413103449271810e-01 3.945562138460625024e-04 -1.806839928588734739e-03 9.999982898259709430e-01 3.120823331947816456e-03
9.944120193014943654e-01 -1.055602142975758384e-01 1.333051452193547391e-03 5.798788954119148409e-01 1.055531845721190964e-01 9.944032512609433105e-01 4.549627275873159050e-03 1.508596680065268092e-01 -1.805850328374652026e-03 -4.383496220492669009e-03 9.999887618695904035e-01 1.217442212953588794e-02
9.921561054582240802e-01 -1.249723439458583912e-01 2.859309470390746302e-03 6.558075041624821244e-01 1.249543763298454208e-01 9.921456628526672539e-01 5.778193373451642918e-03 1.878488061052502878e-01 -3.558965859454413759e-03 -5.375586602381603706e-03 9.999792181994041629e-01 2.696328362545262480e-04
9.895090785278376488e-01 -1.444187055602253189e-01 3.875692879810755092e-03 7.428444244628240600e-01 1.444007254052300515e-01 9.895087083449560783e-01 4.576746873048181084e-03 2.149276730497721721e-01 -4.495999714525710823e-03 -3.969079717712510440e-03 9.999820160346691855e-01 -1.811709248569896846e-02
9.865332283092755894e-01 -1.634940110129301516e-01 4.679509010851686836e-03 8.260858860696689288e-01 1.635042125394804424e-01 9.865408352383144841e-01 -1.884910908564418636e-03 2.255672962226474010e-01 -4.308355083227618197e-03 2.624646679592133446e-03 9.999872745721738454e-01 -2.152331287791788006e-02
9.832388753515350910e-01 -1.822610749652708584e-01 4.713231370543575008e-03 9.229414770843821225e-01 1.823021463423437349e-01 9.831847650305627351e-01 -1.066045265322883122e-02 2.514702811086487744e-01 -2.690991717388701611e-03 1.134100367255716328e-02 9.999320677922455269e-01 -1.037175770630923560e-02
9.796872661998972109e-01 -2.005037617764329760e-01 3.331960274552638566e-03 1.032929497105473438e+00 2.005281011373391542e-01 9.794397322235626202e-01 -2.205202022692994909e-02 2.755432473456591591e-01 1.158058731182059348e-03 2.227223507722692411e-02 9.997512722895829373e-01 1.488359461016165730e-02
9.759827962217713093e-01 -2.178394642157698846e-01 1.883961071465834521e-03 1.134555702902525942e+00 2.178018607441872256e-01 9.755641145887357091e-01 -2.893108679372095871e-02 2.996330661272147977e-01 4.464407631719895242e-03 2.864657321360541270e-02 9.995796330996422618e-01 4.450128725427110465e-02
9.722826124022021510e-01 -2.338075930902104027e-01 7.287205992650858805e-04 1.236534834928887827e+00 2.337308475347858738e-01 9.718735876580631983e-01 -2.883783146000342551e-02 3.275456233285633512e-01 6.034279660396456302e-03 2.820884659122882554e-02 9.995838376259255087e-01 4.996058635320115016e-02
9.683152466001195835e-01 -2.497292076404720729e-01 -9.518681692678868447e-04 1.356825748703266665e+00 2.496076763073021287e-01 9.679497344941502268e-01 -2.773660796083658037e-02 3.822060312853940989e-01 7.848001670410411496e-03 2.662018677556646923e-02 9.996148130784253683e-01 1.641443186321154407e-02
9.639764916978027509e-01 -2.659801527359312856e-01 -1.970229572057611775e-03 1.479704592403559449e+00 2.657980909093630717e-01 9.635432522253674081e-01 -3.059045537255031602e-02 4.344758933288640490e-01 1.003485540174360591e-02 2.896479659056317227e-02 9.995300606962921330e-01 -2.294081726301135105e-02
9.600823832870569730e-01 -2.797107081677260298e-01 1.933142041801767883e-03 1.594925486266000281e+00 2.795852315623671425e-01 9.593934415951181904e-01 -3.736739911329173963e-02 4.615036603673230986e-01 8.597417871788477772e-03 3.641625956332788377e-02 9.992997250301604018e-01 -2.294327486729122456e-02
9.567425181935063083e-01 -2.907864848676782188e-01 9.325990512960576073e-03 1.748415982293981097e+00 2.909048295778032811e-01 9.556792236932116769e-01 -4.529460817193835254e-02 5.028730157412517610e-01 4.258404520180347069e-03 4.604825316382547828e-02 9.989301398854190106e-01 1.954556537318466458e-02
9.535804060225997469e-01 -3.007629558545527604e-01 1.503508015961890418e-02 1.919165721285298831e+00 3.011361362142235820e-01 9.521848730848347930e-01 -5.158483240629575112e-02 5.624099509524894680e-01 1.198630778172184684e-03 5.371789137754203608e-02 9.985554323272235466e-01 6.705143295737284181e-02
9.504890356143435026e-01 -3.103541120687836052e-01 1.584040084442669624e-02 2.055888744218889563e+00 3.107577491829800476e-01 9.491763870131718628e-01 -4.993803820084831424e-02 6.323641697713133780e-01 4.631410619279430554e-04 5.238808508256677376e-02 9.986266940362341638e-01 1.071613333403829693e-01
9.478843532809543282e-01 -3.184858973343400179e-01 9.054612321193547531e-03 2.193389457541996101e+00 3.185848919487119235e-01 9.470252474086153782e-01 -4.058136755554702518e-02 7.066571596204186401e-01 4.349646787315652324e-03 4.135110602863132506e-02 9.991352093701004744e-01 8.316654201249790157e-02
9.453372716134317288e-01 -3.260841797264548703e-01 -2.559419972929066582e-03 2.350238442978953568e+00 3.258357311103193821e-01 9.448712635178689867e-01 -3.239400731538823186e-02 7.778274097118635932e-01 1.298149568718550903e-02 2.978931201405696227e-02 9.994718993845963517e-01 -1.050855050659550705e-02
9.425537338005836041e-01 -3.340046114438601221e-01 -5.777407101345076457e-03 2.533068255837619631e+00 3.336094098362966665e-01 9.420494499811591371e-01 -3.532131734340433760e-02 8.312582961007477511e-01 1.724008605710841691e-02 3.136484217131731145e-02 9.993593078109153094e-01 -1.298262364892321108e-01
9.401786539450225355e-01 -3.405842311816302259e-01 8.153535217518914288e-03 2.710051028315457078e+00 3.405124972482764245e-01 9.386877673415079393e-01 -5.400476517084023403e-02 8.492208312087423661e-01 1.073954765658191417e-02 5.355050806325675067e-02 9.985073886568386348e-01 -1.140051996977735349e-01
9.380712901750591914e-01 -3.451767245402696527e-01 2.958518860765911238e-02 2.905435717021767950e+00 3.464422372915588189e-01 9.346011475879321129e-01 -8.061309538616992509e-02 9.012522005869693098e-01 1.754129961268266480e-04 8.587038932583967998e-02 9.963063010276054232e-01 6.894804971524044757e-02
9.358894051639778944e-01 -3.500361252692644753e-01 3.982125447917675420e-02 3.126476201707195202e+00 3.522885148790567134e-01 9.305044537890158063e-01 -1.002709517413394591e-01 9.876621161507741498e-01 -1.955399223739898162e-03 1.078710919815182856e-01 9.941629664841628022e-01 2.362686673714658736e-01
9.338331924749425639e-01 -3.562904892755973663e-01 3.182225453691497896e-02 3.311700267207504655e+00 3.576751305262816372e-01 9.288229993526280204e-01 -9.672815968783514406e-02 1.052600334809612459e+00 4.906081436766743936e-03 1.017099952086487763e-01 9.948019939865382355e-01 2.226459533651018452e-01
9.319803532086260445e-01 -3.620501679152793861e-01 1.822901932750846388e-02 3.489786551401832693e+00 3.623464795184253018e-01 9.288799217197043490e-01 -7.672756875204200799e-02 1.139502525264565413e+00 1.084665910444490913e-02 7.811380760476327456e-02 9.968854412858871861e-01 -1.068054375205138018e-02
9.313765476655242459e-01 -3.637872609548833402e-01 1.401981546216645586e-02 3.700023080095079742e+00 3.638879604666729328e-01 9.290782515120157292e-01 -6.632612452707305206e-02 1.230553067880696849e+00 1.110309353534566848e-02 6.687623893670581465e-02 9.976994988370125883e-01 -1.909803003970140800e-01
9.315805074716546619e-01 -3.631265261012148748e-01 1.723032618722284554e-02 3.936532975933283662e+00 3.633302767946593459e-01 9.284185579144565992e-01 -7.765366240144121190e-02 1.344987876575958197e+00 1.220115007573474228e-02 7.860093740983310762e-02 9.968314925678887217e-01 -1.019673248846512115e-01
9.317954758000640547e-01 -3.624089985771525857e-01 2.041835029667480803e-02 4.177354341982839614e+00 3.625968256549959579e-01 9.267319352732775739e-01 -9.844522420902962478e-02 1.410570148530710721e+00 1.675509783477253586e-02 9.913444353478276239e-02 9.949329770399593098e-01 1.366704016565024604e-01
9.327610895049535111e-01 -3.598472502033988607e-01 2.160338923836961980e-02 4.404808552778161079e+00 3.599926883868827532e-01 9.266240505973465380e-01 -1.085040697971784845e-01 1.442091329978272274e+00 1.902667110970315476e-02 1.089854365299266631e-01 9.938612380060228846e-01 2.354443154053505738e-01
9.348779372313356095e-01 -3.542932181930317781e-01 2.189881322144502512e-02 4.620548235544699622e+00 3.546567765916008308e-01 9.296871358646410233e-01 -9.950075489892515335e-02 1.529254485118703766e+00 1.489339772309631292e-02 1.007876230011670871e-01 9.947964825802493305e-01 1.642112752122941444e-01
9.381662813900721876e-01 -3.455850638189544299e-01 2.037135557524391571e-02 4.883098805837502887e+00 3.460573300028272903e-01 9.345974911088698045e-01 -8.229127514093054208e-02 1.656915005162629795e+00 9.399617760211967030e-03 8.425255650872121027e-02 9.964000973041434728e-01 6.867716864012801681e-03
9.420415447336403236e-01 -3.350824015365381769e-01 1.665869671862091686e-02 5.172151955472144458e+00 3.353277008786353375e-01 9.388331589761720331e-01 -7.840684045585626094e-02 1.783491603162155270e+00 1.063301553207163935e-02 7.944862357100852812e-02 9.967822506412155059e-01 -6.914292838531335694e-02
9.463575910375260358e-01 -3.229665040758589734e-01 9.997356183954260456e-03 5.449583790112953352e+00 3.225311835388023352e-01 9.423084058013936337e-01 -8.960191962840721724e-02 1.850014245121724521e+00 1.951782597294211830e-02 8.801991593414720816e-02 9.959274817315945105e-01 8.991727735358528983e-03
9.510453214923960674e-01 -3.089836457331638919e-01 6.473263231769310275e-03 5.694241936534337967e+00 3.080044345522118809e-01 9.458927509646760656e-01 -1.020792435740467685e-01 1.892392138195332807e+00 2.541780406717583651e-02 9.907578080398862785e-02 9.947552085284513401e-01 1.153906432927760406e-01
9.557447867928758889e-01 -2.940993030218269633e-01 7.583038989466849011e-03 5.974592061457012271e+00 2.932911934205849613e-01 9.504642865955906794e-01 -1.029461789881677414e-01 1.958252745128863159e+00 2.306899174583022447e-02 1.006143124431631841e-01 9.946580225139796116e-01 1.659143251517968820e-01
9.600840259198752946e-01 -2.795254199616392654e-01 1.020797574220795763e-02 6.296006733193209470e+00 2.792408791364704435e-01 9.557126345905958553e-01 -9.294025770888159066e-02 2.046926436907672731e+00 1.622327317699564023e-02 9.208094091163168682e-02 9.956193578513091724e-01 1.252493295984546395e-01
9.644061268032059209e-01 -2.641041115012445761e-01 1.303230112362633794e-02 6.596207770630762468e+00 2.642846878288660495e-01 9.611133633744597393e-01 -8.009186302136092617e-02 2.134467302961366553e+00 8.627071556298649552e-03 8.068532103903297559e-02 9.967022888531914537e-01 4.047603116215815755e-02
9.690925199904469878e-01 -2.463068928113329448e-01 1.387812134950526174e-02 6.910410272963486200e+00 2.466617248138352481e-01 9.664584409369090245e-01 -7.152674642162160090e-02 2.221768458822671377e+00 4.204903141437657012e-03 7.273923628569164967e-02 9.973421290079675927e-01 2.646818777418323207e-02
9.736509332024031460e-01 -2.276946319789802109e-01 1.261010872460169990e-02 7.252091464687866917e+00 2.280131250533925513e-01 9.711282680424344615e-01 -7.014201174964576624e-02 2.287385479458631021e+00 3.724926506051654505e-03 7.116910549429600330e-02 9.974573090341593007e-01 6.858878168224015470e-02
9.775666181317453907e-01 -2.103520275048217092e-01 1.074856451220210403e-02 7.571010002197341215e+00 2.105852103421954336e-01 9.750917229276239162e-01 -6.964194901904428858e-02 2.359292296287084589e+00 4.168488886341525923e-03 7.034313330132928310e-02 9.975141439086244732e-01 1.188475834773848328e-01
9.811015529509373723e-01 -1.931561509548447853e-01 1.142121471509406280e-02 7.903133690156542102e+00 1.934890063344329447e-01 9.789648451156753861e-01 -6.472894603927607793e-02 2.426828668144421108e+00 1.321826377715480325e-03 6.571554896636692955e-02 9.978375215429996503e-01 1.293132302134445411e-01
9.843510793005038062e-01 -1.756275398630256779e-01 1.441942861539629618e-02 8.257706714035169426e+00 1.761720899591939504e-01 9.826692964782172135e-01 -5.765803047638060758e-02 2.480548359223354371e+00 -4.043191727195269078e-03 5.929604540495837101e-02 9.982322533358608529e-01 1.055345286358880114e-01
9.873987829898659419e-01 -1.574090671256080376e-01 1.631039352000649909e-02 8.627763014997924529e+00 1.580596407207363052e-01 9.860256342121690443e-01 -5.263647643717826036e-02 2.534523315846349156e+00 -7.797007462059181611e-03 5.455120771473061930e-02 9.984805318139662322e-01 7.196343087912834835e-02
9.900908764192146716e-01 -1.394093873377695858e-01 1.688428717888359326e-02 9.016579748811269113e+00 1.400748914610380202e-01 9.889584931704752391e-01 -4.837482370160555573e-02 2.582659250462792766e+00 -9.953954671872851726e-03 5.026053628932675849e-02 9.986865360453697216e-01 7.474645667851398390e-02
9.924183030025027774e-01 -1.217863445665518518e-01 1.655288925685680090e-02 9.404182383651484400e+00 1.223987855898106547e-01 9.915417844877743025e-01 -4.316742870428569995e-02 2.624387064733043839e+00 -1.115567800594010131e-02 4.486619988273064102e-02 9.989307157937985515e-01 9.213766532282038901e-02
9.943398699915749761e-01 -1.049539869599874220e-01 1.651918782327008173e-02 9.796048525058521861e+00 1.055133729612999505e-01 9.937021173866725787e-01 -3.772307022994370040e-02 2.684557171018950861e+00 -1.245596529648741735e-02 3.925254797393973316e-02 9.991516833825013766e-01 8.875145480898208317e-02
9.958900339400930113e-01 -8.893642629200053384e-02 1.712753272389316156e-02 1.018311186260322643e+01 8.946116047547504613e-02 9.954502594701126750e-01 -3.279453746078078713e-02 2.719986773180924633e+00 -1.413297793042131434e-02 3.419200197842778288e-02 9.993153485939888503e-01 7.323709882911656754e-02
9.971509487884181455e-01 -7.298946036582637520e-02 1.904006317906661513e-02 1.059221872249539942e+01 7.351980952797557145e-02 9.968771086328196418e-01 -2.882477911172370150e-02 2.746373806775926685e+00 -1.687669805760528066e-02 3.014247765819746266e-02 9.994031259223163932e-01 6.692856826681056748e-02
9.981238213333160081e-01 -5.764059782069966970e-02 2.064942541212500676e-02 1.102491057203528513e+01 5.822053349088834179e-02 9.978916877058731094e-01 -2.868011658903454539e-02 2.757026367194067351e+00 -1.895275090890265191e-02 2.982852812990641547e-02 9.993753309655929451e-01 6.549750557755024127e-02
9.988206564127877218e-01 -4.422390624421343452e-02 2.003852388852130073e-02 1.146126296194981009e+01 4.481285938604105679e-02 9.985459678816035467e-01 -2.996260437676320082e-02 2.770755448207562033e+00 -1.868432382439170342e-02 3.082525172475542030e-02 9.993501387898691135e-01 6.747247623214999712e-02
9.992800438750802927e-01 -3.346668757981139525e-02 1.787105859911356648e-02 1.186467272471710999e+01 3.396687415940934790e-02 9.990176619029104144e-01 -2.845984304034311282e-02 2.780180690774851637e+00 -1.690104650181470380e-02 2.904637720056348418e-02 9.994351717838761973e-01 8.757406781134477458e-02
9.995673617745440831e-01 -2.471136943686450330e-02 1.595109700404941794e-02 1.227982759146491532e+01 2.509301307462112260e-02 9.993924946657436470e-01 -2.418640735244783138e-02 2.786640247380428814e+00 -1.534372738009538197e-02 2.457620447376787295e-02 9.995802019866883992e-01 7.617679593360264512e-02
9.997237700179091302e-01 -1.753585330411146920e-02 1.564856255620629064e-02 1.272739449104144960e+01 1.786778554151320642e-02 9.996128082800902481e-01 -2.133016085813740220e-02 2.803237574960840028e+00 -1.526846099059463863e-02 2.160387398797281033e-02 9.996500121180864618e-01 3.065441433835683696e-02
9.998180879166412849e-01 -1.115442225545132393e-02 1.547158488514946070e-02 1.319394609508316840e+01 1.150529098325863211e-02 9.996743476558501706e-01 -2.277777246003314868e-02 2.816095373191354501e+00 -1.521247363520609672e-02 2.295163399406650526e-02 9.996208296863868803e-01 1.260702013315559249e-02
9.998633128421945404e-01 -4.671435132378322537e-03 1.585980220670451038e-02 1.365985161119190039e+01 5.072459772204065097e-03 9.996660149500458115e-01 -2.534025859682842094e-02 2.804590681876867553e+00 -1.573612989559946759e-02 2.541724311759138363e-02 9.995530691104950183e-01 3.663227963115370939e-02
9.998451743612160048e-01 8.525409979647773778e-04 1.757556486820191152e-02 1.414001892986450670e+01 -3.785771586956973751e-04 9.996366325678528453e-01 -2.695291278764670381e-02 2.802100970678101266e+00 -1.759215694349325690e-02 2.694208607829699439e-02 9.994821859402123199e-01 5.347865450859667913e-02
9.997901210807420558e-01 5.267803129991843400e-03 1.979808171360827179e-02 1.461608895148281384e+01 -4.778533166107252692e-03 9.996839922088244235e-01 -2.467957337976988894e-02 2.803055881084620893e+00 -1.992183249943325907e-02 2.457978786748741748e-02 9.994993519849094676e-01 6.099636892197657367e-02
9.997512400815707911e-01 9.366067284279643718e-03 2.024190551770838065e-02 1.508144645435557507e+01 -8.980514332973935088e-03 9.997781048512310864e-01 -1.905495794789551986e-02 2.807856869951292023e+00 -2.041588395531127031e-02 1.886843511548224120e-02 9.996135122329109501e-01 2.590228065181000849e-02
9.997200612002314912e-01 1.358205159868729889e-02 1.937336078681391183e-02 1.558431695734466338e+01 -1.330198097915662875e-02 9.998061988655255750e-01 -1.451282233403569655e-02 2.807802344213992107e+00 -1.956672010929830230e-02 1.425105555528171503e-02 9.997069825102377072e-01 -1.550982057717659006e-02
9.996417748028724182e-01 1.839969208651186933e-02 1.943639370060281854e-02 1.608609162522367697e+01 -1.812851720403524380e-02 9.997371227004768768e-01 -1.403717772754583398e-02 2.798969236541897221e+00 -1.968956406186482197e-02 1.367979625920148767e-02 9.997125508071610378e-01 -3.554008851165233601e-02
9.995262567476315141e-01 2.267354206242923678e-02 2.081279804377828002e-02 1.661397615367865299e+01 -2.229027953137447879e-02 9.995809936452607625e-01 -1.846565952156704882e-02 2.786149067686662928e+00 -2.122275925701078148e-02 1.799298845374230904e-02 9.996128484848634255e-01 -3.393990780675715940e-02
9.994131905226031343e-01 2.623696143795744076e-02 2.202036475479433875e-02 1.713474268877516593e+01 -2.572090751762337243e-02 9.993952504871864706e-01 -2.340017564301045613e-02 2.760318529020791889e+00 -2.262099745592399680e-02 2.282006043280798355e-02 9.994836343412242252e-01 9.336919200731569335e-03
9.992877856857212970e-01 3.032430958175759070e-02 2.245790791052637916e-02 1.764363613165958355e+01 -2.979357567937654036e-02 9.992773944338830816e-01 -2.360152159643420788e-02 2.746950831204485688e+00 -2.315737954875770124e-02 2.291561087598173452e-02 9.994691643820811100e-01 3.839666752277444417e-02
9.991597856817214796e-01 3.441131977100129330e-02 2.226171035824400096e-02 1.817147850067755854e+01 -3.399864009436544959e-02 9.992477033581607104e-01 -1.865796894560383182e-02 2.741786024399493371e+00 -2.288700828396447728e-02 1.788542437459079634e-02 9.995780592063585601e-01 4.518501560325446920e-03
9.990384301187185123e-01 3.850740483035958173e-02 2.096174895272746169e-02 1.872307658542486664e+01 -3.824680350634260262e-02 9.991876863514799201e-01 -1.269446592511329006e-02 2.728860534044738273e+00 -2.143355237643985306e-02 1.188053941567649568e-02 9.996996827126228835e-01 -7.441367353529569628e-02
9.988846692262081106e-01 4.260817325898301478e-02 2.034603539712873110e-02 1.926762671379133707e+01 -4.238767613259221412e-02 9.990390358191384435e-01 -1.114853450658954276e-02 2.706662004061512583e+00 -2.080150227573007021e-02 1.027367904397591403e-02 9.997308382869731780e-01 -1.060425053612006618e-01
9.986825235042640081e-01 4.666434348193673060e-02 2.134610724593778708e-02 1.980966137125841087e+01 -4.638822770310094962e-02 9.988355709979029884e-01 -1.325271443359359556e-02 2.676881958631784020e+00 -2.193968043797597800e-02 1.224504621032325956e-02 9.996843048010639610e-01 -6.366206736088023121e-02
9.984836983815774669e-01 5.069619961524673979e-02 2.145225887448698118e-02 2.037475476171329802e+01 -5.039264523568019738e-02 9.986247681212555571e-01 -1.446215063257956686e-02 2.656153549137973968e+00 -2.215593311954672587e-02 1.335918557920352280e-02 9.996652673711649006e-01 -3.774803291157665525e-02
9.982698550440981533e-01 5.549874777126539288e-02 1.942126427544474399e-02 2.094369945073611916e+01 -5.525637330620036120e-02 9.983901258308149895e-01 -1.280194721810464994e-02 2.621574517540412597e+00 -2.010049052339343140e-02 1.170664936481717600e-02 9.997294257154624164e-01 -4.078223776397103817e-02
9.980183689347764675e-01 5.989368265932466101e-02 1.928942835525308819e-02 2.152551100568989995e+01 -5.972648203208453382e-02 9.981730171682521302e-01 -9.130998921215603345e-03 2.580055949746612232e+00 -1.980107605256373193e-02 7.960814954027594856e-03 9.997722454701511996e-01 -8.591359564150671813e-02
9.977267618646364911e-01 6.311236850032964085e-02 2.362493600807415856e-02 2.212930686354224363e+01 -6.305933150125939135e-02 9.980053188489230731e-01 -2.984000649056431538e-03 2.566290775446043337e+00 -2.376613914209192713e-02 1.487444633555858910e-03 9.997164388659119938e-01 -1.044345724559824218e-01
9.974390199445301031e-01 6.638757595806700496e-02 2.660998403808700202e-02 2.272130112169844551e+01 -6.648278793894309147e-02 9.977838959580428435e-01 2.708481983517049916e-03 2.539924034357980975e+00 -2.637120399149198852e-02 -4.470651541039462329e-03 9.996422224350258734e-01 -1.189928114431841877e-01
9.972949616448456567e-01 6.944993052103237696e-02 2.407211308609104664e-02 2.334018816433709631e+01 -6.956816791854447679e-02 9.975687390137213395e-01 4.108643940665577914e-03 2.508521151559980122e+00 -2.372824246047266009e-02 -5.772182706545778315e-03 9.997017817412047203e-01 -1.506551971050351379e-01
9.972893519767114245e-01 7.118497193458453443e-02 1.861849093088369794e-02 2.394708568892956890e+01 -7.118129831974495669e-02 9.974630227876987165e-01 -8.607791484415509278e-04 2.455883004723856011e+00 -1.863253078318829331e-02 -4.668424780703586642e-04 9.998262903398340562e-01 -1.570881343419422982e-01
9.973109766073725568e-01 7.221863388100045744e-02 1.246133455175761802e-02 2.453509801132484824e+01 -7.212903216476747315e-02 9.973671365145642120e-01 -7.496513837284436016e-03 2.409103842688345765e+00 -1.296991354723519597e-02 6.577531535513169575e-03 9.998942531195369465e-01 -1.144768951731264112e-01
9.972814602402181317e-01 7.287248370178016355e-02 1.092200440725204190e-02 2.515153159593051058e+01 -7.282660904523920176e-02 9.973342782566170239e-01 -4.541192500293378224e-03 2.368870411155688416e+00 -1.122381735908658217e-02 3.733434542967183252e-03 9.999300412480881528e-01 -7.825968536103503070e-02
9.972122267492032899e-01 7.283959171035550573e-02 1.619162442018590858e-02 2.580112583338352295e+01 -7.292903002279241265e-02 9.973245849318516099e-01 5.002886211433882346e-03 2.336400076008734228e+00 -1.578389691522013444e-02 -6.169778762534383620e-03 9.998563909023090446e-01 -1.435874420369284699e-01
9.970765374566573636e-01 7.236691836923253573e-02 2.452361268622148954e-02 2.644434770740424412e+01 -7.258960653734844448e-02 9.973272395956791492e-01 8.314215730643018110e-03 2.293496259563227113e+00 -2.385639277417922477e-02 -1.007006882814435664e-02 9.996646768980088638e-01 -2.357878947371750966e-01
9.969346575706403701e-01 7.244772119057320270e-02 2.954007834795095017e-02 2.709837527944143076e+01 -7.249420266947560754e-02 9.973687063439821143e-01 5.041676790206834572e-04 2.245179291200958271e+00 -2.942582392775272560e-02 -2.644106659071213637e-03 9.995634695136413894e-01 -2.524537827168623072e-01
9.968846975990605097e-01 7.330678296445070075e-02 2.910352666314852677e-02 2.776991888220128146e+01 -7.305299818462970829e-02 9.972809748731502610e-01 -9.691058368182811286e-03 2.200176095003331334e+00 -2.973481375536368709e-02 7.534767910291456303e-03 9.995294233405397355e-01 -1.630737520182681255e-01
9.969702317863553542e-01 7.339142130551207233e-02 2.576928812788000997e-02 2.843112260003992731e+01 -7.312417065708282093e-02 9.972603384702947160e-01 -1.116570552303306103e-02 2.156775931661863765e+00 -2.651815599876236954e-02 9.247518200581823430e-03 9.996055576123790143e-01 -1.244635760454911172e-01
9.970425280359007658e-01 7.254621337801102354e-02 2.536225960541010210e-02 2.911422539808182464e+01 -7.245946897295389710e-02 9.973619851650520340e-01 -4.323876013960246088e-03 2.130174008870478364e+00 -2.560903442025205118e-02 2.473352408910502523e-03 9.996689751532372714e-01 -1.921134341584842808e-01
9.970616461529523411e-01 7.188925710937782432e-02 2.645767342429380248e-02 2.980781163048301607e+01 -7.198287314549664528e-02 9.974024745904539468e-01 2.601855983375791527e-03 2.077732694626173604e+00 -2.620190345154625039e-02 -4.498710159663493746e-03 9.996465484672145685e-01 -2.801759237176263961e-01
9.970205862641129402e-01 7.195775274396705445e-02 2.778547076446087269e-02 3.049805424395064080e+01 -7.204074771947759082e-02 9.973996919281259421e-01 1.996299000143017532e-03 2.029244500438823984e+00 -2.756957079069590269e-02 -3.992037289090499298e-03 9.996119158977144759e-01 -3.131705213444628266e-01
9.969876349195068155e-01 7.231790474906042709e-02 2.803170473435387042e-02 3.120521978898520388e+01 -7.218245202045552034e-02 9.973744895497361762e-01 -5.815601062466530316e-03 1.964296647270911800e+00 -2.837867928432910233e-02 3.774685166864803071e-03 9.995901171550107822e-01 -2.898865040192694087e-01
9.969750048607251003e-01 7.228078075333221886e-02 2.857146157699838249e-02 3.190623502205384909e+01 -7.198029043133519211e-02 9.973407813068771999e-01 -1.141068497542670895e-02 1.933879217408838391e+00 -2.932025703123715063e-02 9.319585606480166456e-03 9.995266218824517823e-01 -2.456797961030586508e-01
9.969192336153334111e-01 7.264401926346084060e-02 2.957850762067155970e-02 3.262775685826673566e+01 -7.239428065885777919e-02 9.973315132620625967e-01 -9.429781667180366436e-03 1.895781708789531228e+00 -3.018459500643869836e-02 7.259415930644311579e-03 9.995179793803826707e-01 -2.511089459856233885e-01
9.968692030815426985e-01 7.295435252140590465e-02 3.048695451750539978e-02 3.334265607440324430e+01 -7.293507164097996764e-02 9.973351636358910310e-01 -1.745479904112905937e-03 1.843161364465655927e+00 -3.053305212871989735e-02 -4.835530508416741426e-04 9.995336407065806839e-01 -3.272182563587741622e-01
9.968999443300405883e-01 7.288238384045254981e-02 2.964218481311645115e-02 3.408293511960679467e+01 -7.301109402519641300e-02 9.973257291911634681e-01 3.281774300287566837e-03 1.782917040851398349e+00 -2.932373004932930377e-02 -5.435808959763126919e-03 9.995551864889437033e-01 -3.951919678469646979e-01
9.968993327683660644e-01 7.365598291154448751e-02 2.768603451779801453e-02 3.482817981390684992e+01 -7.372850137543074389e-02 9.972770567383777429e-01 1.606296414625692399e-03 1.729430094301950271e+00 -2.749233367540019138e-02 -3.642565657994265363e-03 9.996153776850912331e-01 -3.969894390813338836e-01
9.967557693751140091e-01 7.562350572926795911e-02 2.755034661560508413e-02 3.556554356566950048e+01 -7.558525991081138651e-02 9.971363853587031922e-01 -2.428472358267151718e-03 1.690999373297392916e+00 -2.765510263296262067e-02 3.381937242973196908e-04 9.996174672960477237e-01 -3.561316062796744952e-01
9.965086732414366599e-01 7.799784511138183052e-02 2.977919261116086444e-02 3.631748757534232652e+01 -7.795422400002022245e-02 9.969534841792806468e-01 -2.624755864361121190e-03 1.654334849597920432e+00 -2.989319513110634194e-02 2.941781326270007189e-04 9.995530552922540224e-01 -3.499297053892609366e-01
9.962352675932526491e-01 8.008771467293085422e-02 3.318508041074438863e-02 3.709960825146570329e+01 -8.015266615727070776e-02 9.967824004771680402e-01 6.294496450858460927e-04 1.592148909475470386e+00 -3.302789292827303103e-02 -3.286952607173154305e-03 9.994490253290944093e-01 -4.005075756610426141e-01
9.960910421572650719e-01 8.095713604501023064e-02 3.533522120269228656e-02 3.787458091624085910e+01 -8.116060040540093445e-02 9.966915010784869189e-01 4.359887584258217118e-03 1.514001961695366827e+00 -3.486535064915200627e-02 -7.210672735760447795e-03 9.993660057870736857e-01 -4.567625263122631063e-01
9.961364432792003676e-01 8.142006013204403092e-02 3.290836032315698489e-02 3.863080595915751303e+01 -8.164260776662832231e-02 9.966466361872711177e-01 5.474228133881656883e-03 1.454004230999906389e+00 -3.235229463467589883e-02 -8.139802497090188257e-03 9.994433814114631609e-01 -4.947107736443268067e-01
9.960972422401206394e-01 8.328076164348914567e-02 2.923352085717209267e-02 3.939537977831520266e+01 -8.346664814554914658e-02 9.964970302247145861e-01 5.194939910273262129e-03 1.416937327288332993e+00 -2.869847816476452443e-02 -7.614689317667492144e-03 9.995591097366988143e-01 -4.845077868028504486e-01
