9.999999999999997780e-01 -1.179437378800895267e-19 4.513296021473010816e-20 0.000000000000000000e+00 2.410750703817041256e-18 1.000000000000000000e+00 3.393380551570677611e-19 0.000000000000000000e+00 1.704598014230834765e-20 -9.899396815885539085e-19 1.000000000000000000e+00 5.551115123125782702e-17
9.999998898855023688e-01 -4.576248627647527692e-04 -1.131024683874461541e-04 -5.800859034493955659e-03 4.577366071419803912e-04 9.999994060544992180e-01 9.892693566925375714e-04 -2.312070821077478674e-02 1.126497178430568185e-04 -9.893206153995534949e-04 9.999995051879829733e-01 1.321222456737301210e+00
9.999981230288239598e-01 -1.939506291388961049e-03 1.970451005040492983e-05 -9.886820688085199219e-03 1.939476303691880545e-03 9.999972116347780604e-01 1.349539339166209518e-03 -4.580227639097891879e-02 -2.232428902010237775e-05 -1.349500895767702206e-03 9.999990916748254799e-01 2.628337062162755977e+00
9.999954226057264917e-01 -2.951458634316041652e-03 -6.726765086847229062e-04 -1.162623560721643030e-02 2.951786753449862910e-03 9.999955282076293805e-01 4.883484523190080888e-04 -8.064659455657446907e-02 6.712299375978827629e-04 -4.903343198806830701e-04 9.999996582315486826e-01 3.950320635626797472e+00
9.999949126252990483e-01 -3.190882731074975217e-03 5.840932829099145364e-05 -1.517401114294570155e-02 3.190854909059226245e-03 9.999948045897775195e-01 4.662345538732788879e-04 -1.034350572858697692e-01 -5.989884828919185550e-05 -4.660483083098670510e-04 9.999998942006727010e-01 5.266691179037029436e+00
9.999935375480544231e-01 -3.574529728640186282e-03 -4.022123142674516251e-04 -2.398342611559851206e-02 3.574906441627186734e-03 9.999931685099754386e-01 9.459076807463757822e-04 -1.230279626613489802e-01 3.988244367200704686e-04 -9.473437434282018250e-04 9.999994785036375733e-01 6.587861479430669576e+00
9.999877511096555427e-01 -4.929731097204977271e-03 -4.589400583706790249e-04 -2.993335280463572251e-02 4.930757246294962745e-03 9.999852784409146711e-01 2.268177272856276763e-03 -1.524218221916185945e-01 4.477489544582975906e-04 -2.270416601640148652e-03 9.999973297704916053e-01 7.919798672262675865e+00
9.999880652514396839e-01 -4.886691147402377061e-03 -1.012557593793389027e-04 -3.234541783470430004e-02 4.886899304212633487e-03 9.999856282086665438e-01 2.209443814624062388e-03 -1.760104694735419861e-01 9.045713305511167890e-05 -2.209914605521361673e-03 9.999975625519574862e-01 9.247215954496249779e+00
9.999924151386763160e-01 -3.800081259595283062e-03 -8.693906627667043066e-04 -4.156041229207563248e-02 3.800803000304247680e-03 9.999924444299097548e-01 8.319989302588007892e-04 -2.034416691575205438e-01 8.662254093195998969e-04 -8.353019586217820969e-04 9.999992863918762964e-01 1.057895297273706525e+01
9.999991696362979798e-01 -1.196126664258292298e-03 -5.094096794737140027e-04 -5.233727317723650685e-02 1.195423925028623073e-03 9.999983558323852773e-01 -1.374649957592781468e-03 -2.270715744764248423e-01 5.110572297952694926e-04 1.374034985437840809e-03 9.999989360894381285e-01 1.190513975890714526e+01
9.999982042297113072e-01 1.705920610216745282e-03 -8.444334206608672616e-04 -6.194327123261313128e-02 -1.707931947660804202e-03 9.999957122743297067e-01 -2.385689340863897303e-03 -2.565178554824464330e-01 8.403652432158659940e-04 2.387122046798259914e-03 9.999968087306625453e-01 1.324374919265651229e+01
9.999926379470164273e-01 3.787574287245394720e-03 -6.464248507171453184e-04 -7.759588208325698955e-02 -3.789197141256716184e-03 9.999896436122585053e-01 -2.528961483644981412e-03 -2.818901286849511134e-01 6.368417639267825872e-04 2.531390011150921448e-03 9.999966056868651032e-01 1.458183440388561181e+01
9.999890875879814400e-01 4.675755907880168802e-03 -6.392877084972308475e-05 -8.541801984571634199e-02 -4.675861420396585505e-03 9.999874764714236086e-01 -1.796526466486761007e-03 -3.084615287507644354e-01 5.553182952849265675e-05 1.796802419486481697e-03 9.999983978740425439e-01 1.592012772362696538e+01
9.999958435070563922e-01 2.891034587388034705e-03 -2.445259321585630197e-05 -8.390964694977967597e-02 -2.891022650448092559e-03 9.999957648447703740e-01 4.015725349290806827e-04 -3.400450700279391558e-01 2.561942407409288199e-05 -4.015038829775138536e-04 9.999999333441499383e-01 1.728322502842638642e+01
9.999989955607669900e-01 -1.271214930408783115e-03 6.673698168329756210e-04 -8.038570212092993605e-02 1.269613914705334861e-03 9.999963493295949135e-01 2.397089573229792443e-03 -3.663383913167521655e-01 -6.704057294109229403e-04 -2.396244944228489299e-03 9.999969193431228476e-01 1.862671284629617219e+01
9.999949016851793493e-01 -3.201104702850902668e-03 -5.479945441145201080e-05 -8.758333256043202009e-02 3.201136131434848073e-03 9.999947616203189726e-01 5.356965299044467131e-04 -3.991686704188522339e-01 5.309266875329249526e-05 -5.358740049602996264e-04 9.999998707107228268e-01 1.998382043295591259e+01
9.999930266638009657e-01 -3.732978982295364484e-03 2.557962492419047049e-04 -9.087463699208465917e-02 3.733485131192419704e-03 9.999910655382467928e-01 -1.997472634737003112e-03 -4.220794738764940823e-01 -2.483281099021746258e-04 1.998408719976449248e-03 9.999979890433695617e-01 2.132831556684468666e+01
9.999988403853263819e-01 -1.514548830668886433e-03 2.910514155792853557e-04 -1.016066283892776562e-01 1.515426373051972182e-03 9.999942982316466500e-01 -3.028628859203726185e-03 -4.645789119218908247e-01 -2.864519917767124717e-04 3.029060737329351740e-03 9.999953883213849037e-01 2.268885867349485963e+01
9.999988535378248056e-01 1.087157777210580453e-03 1.083634299046403512e-03 -1.091255427028242631e-01 -1.085038710700567816e-03 9.999975428978425951e-01 -1.951099812572900435e-03 -4.761162910461381181e-01 -1.085743089890230583e-03 1.949916645617452834e-03 9.999975267134599832e-01 2.404640843780710213e+01
9.999973390603950074e-01 5.629200589949024530e-04 2.251459479843960932e-03 -1.132751126035066308e-01 -5.678587469404586729e-04 9.999974651702242534e-01 2.195310159973190307e-03 -4.954000040462420706e-01 -2.250207157313610217e-03 -2.196588049317370252e-03 9.999950740644646396e-01 2.541212668648703499e+01
9.999970527855048807e-01 -1.134552430976455304e-03 2.163358155801954012e-03 -1.068050373667384922e-01 1.128052010176238372e-03 9.999948878402249441e-01 3.005382888383300102e-03 -5.203098208926727475e-01 -2.166745645908646749e-03 -3.002936722133643134e-03 9.999931623439747286e-01 2.679027747720800789e+01
9.999879841317728113e-01 -4.291091479604826689e-03 2.386685151832306211e-03 -1.045619410914975372e-01 4.285563372971232070e-03 9.999881735030969887e-01 2.317934440224780467e-03 -5.608879040601413291e-01 -2.396593379728265572e-03 -2.307681925840711183e-03 9.999944842163925873e-01 2.815000289847184689e+01
9.999878229237852967e-01 -4.525986965075856107e-03 1.987710056470480373e-03 -1.121505395369279678e-01 4.527363566797189438e-03 9.999895626757274725e-01 -6.862554545239063410e-04 -5.731428477787822162e-01 -1.984569810915253613e-03 6.952411613165321606e-04 9.999978102432601768e-01 2.951977488269434602e+01
9.999859873411283129e-01 -4.545355255005803854e-03 2.729311217361336719e-03 -1.120727944643472168e-01 4.552347286822708804e-03 9.999864146382568819e-01 -2.559483760653228756e-03 -6.184605907510573042e-01 -2.717622139310542969e-03 2.571867497748718794e-03 9.999930253273987546e-01 3.090752829525009560e+01
9.999931889601597623e-01 -2.269376018269693082e-03 2.927007829497184181e-03 -1.240662728208741239e-01 2.281196313869799167e-03 9.999892962143679398e-01 -4.039733459803944264e-03 -6.323323978800664547e-01 -2.917788252442905274e-03 4.046377133032390098e-03 9.999875821820910504e-01 3.229100486984017948e+01
9.999940003688968515e-01 -6.490489828725465316e-04 3.417216875403912384e-03 -1.265510663261490421e-01 6.683105058671399284e-04 9.999839485701822461e-01 -5.637029455774471114e-03 -6.730443855448381418e-01 -3.413481479102415620e-03 5.639273014537470388e-03 9.999782989067917960e-01 3.367737537734299735e+01
9.999930422469471836e-01 1.842048221427367428e-04 3.739349838544646365e-03 -1.224884234698013219e-01 -1.632804914216818529e-04 9.999844023005861615e-01 -5.594040498833841198e-03 -7.015995398814590667e-01 -3.740302241838395700e-03 5.593384218740027683e-03 9.999773891758056976e-01 3.506765290507220811e+01
9.999942679504074672e-01 -6.754545357818713715e-04 3.333369305468183389e-03 -1.239420536958024260e-01 6.893232294571321550e-04 9.999911737589212146e-01 -4.159905777547477125e-03 -7.437906571148277246e-01 -3.330509330238829065e-03 4.162173491014139852e-03 9.999858195717054032e-01 3.646198309111567681e+01
9.999940733216973188e-01 7.730594030025543821e-04 3.370911391467674122e-03 -1.264435406137166540e-01 -7.634306445480398872e-04 9.999957000313174360e-01 -2.855399921406653451e-03 -7.736853063773375672e-01 -3.373087818069824863e-03 2.852803773673040673e-03 9.999902719497637538e-01 3.785554990587010593e+01
9.999904710097722305e-01 3.187000585513176734e-03 3.001780098822444919e-03 -1.374316521492261189e-01 -3.179030887988688447e-03 9.999914931381260752e-01 -2.654416922104523534e-03 -8.038736013195777463e-01 -3.010197857515615853e-03 2.644842656744759817e-03 9.999920018992642934e-01 3.925160799865457051e+01
9.999791462844359602e-01 5.603525014384163824e-03 3.228647608186085115e-03 -1.423734580954691686e-01 -5.594228709133175492e-03 9.999802788450715685e-01 -2.879607090204679837e-03 -8.362224177571606631e-01 -3.244702197560266239e-03 2.861478632816500355e-03 9.999906722029145989e-01 4.065003042343780493e+01
9.999634036275037996e-01 7.895363892954894783e-03 3.312808120563262050e-03 -1.503939436765576454e-01 -7.886432089374832699e-03 9.999653338056803120e-01 -2.698977965583457782e-03 -8.680393579337527532e-01 -3.333984209912413312e-03 2.672746126471875223e-03 9.999909009047183162e-01 4.207034424010543461e+01
9.999561003723484998e-01 8.931716531870163497e-03 2.854924102632050865e-03 -1.553950623905085149e-01 -8.924420480589343244e-03 9.999569868370171699e-01 -2.556224462158035102e-03 -8.972507036482493259e-01 -2.877614671473727875e-03 2.530630864399396971e-03 9.999926894752949602e-01 4.346751320503553728e+01
9.999613391382237149e-01 8.342146274063865288e-03 2.804061895419082250e-03 -1.556944573338938931e-01 -8.334553054933595620e-03 9.999616834716793523e-01 -2.706791650749575378e-03 -9.357294757614690317e-01 -2.826516984778364161e-03 2.683314745798418693e-03 9.999924373493334073e-01 4.489835519402060982e+01
9.999698293708779717e-01 7.513992991746419083e-03 2.006417250909745594e-03 -1.591690385447631639e-01 -7.507456009664928605e-03 9.999666454094224832e-01 -3.243053726869996999e-03 -9.694181758144284622e-01 -2.030702210127100730e-03 3.227892726047573626e-03 9.999927607978669197e-01 4.629174168571637438e+01
9.999743464301068530e-01 7.080201214324949657e-03 1.152200453225521492e-03 -1.631360204479620768e-01 -7.076633159207449016e-03 9.999703433996791624e-01 -3.067389900579903846e-03 -1.003719885149514601e+00 -1.173866959581804179e-03 3.059159498870058207e-03 9.999946648492993306e-01 4.771335674968511142e+01
9.999736111364234681e-01 7.275354987247881038e-03 1.208149560035001815e-05 -1.674098091440701097e-01 -7.275303057738831403e-03 9.999709419209988903e-01 -2.315848582371747739e-03 -1.032361846932603244e+00 -2.891201884829856650e-05 2.315703440144240184e-03 9.999973524191089203e-01 4.911817608234139954e+01
9.999670092609671546e-01 8.056539741826618944e-03 -1.112301792184769390e-03 -1.783022927353716536e-01 -8.059044448997665019e-03 9.999650400980468756e-01 -2.270643304640000432e-03 -1.067493965729851224e+00 1.093987777171808069e-03 2.279531623238821667e-03 9.999968392936989803e-01 5.053711593492694476e+01
9.999620869385654753e-01 8.485873118027745243e-03 -1.996277512203036356e-03 -1.886776310676424873e-01 -8.490399931764921332e-03 9.999614667850319494e-01 -2.273403712221145137e-03 -1.101368394032384179e+00 1.976928807460603781e-03 2.290263374393441010e-03 9.999954604301548589e-01 5.197055232629045207e+01
9.999596277064218830e-01 8.387494172058902395e-03 -3.251636702339848195e-03 -1.981792460016736090e-01 -8.391787280281202271e-03 9.999640307475502476e-01 -1.310254457162531852e-03 -1.131227131509538797e+00 3.240554447441627677e-03 1.337488828133660563e-03 9.999938943224115917e-01 5.338373455641536935e+01
9.999688474572232533e-01 6.952081872857739792e-03 -3.762451586757393530e-03 -2.128265154514897284e-01 -6.953922499035257963e-03 9.999758095842117278e-01 -4.774988898689727537e-04 -1.160553262397013619e+00 3.759065892204328015e-03 5.036478857828710675e-04 9.999928473781674043e-01 5.483013998408225120e+01
9.999758368333088177e-01 5.389467569054210219e-03 -4.412741570406960787e-03 -2.211226238345503914e-01 -5.391214073659039881e-03 9.999855003691036082e-01 -3.849558924019756971e-04 -1.191645966759685926e+00 4.410628320167322980e-03 4.087356622795968548e-04 9.999902292385939306e-01 5.623817038313809036e+01
9.999815324517559167e-01 3.584330364820337289e-03 -4.927697202373998615e-03 -2.311352859303935914e-01 -3.589326609079499398e-03 9.999931602815359533e-01 -1.006254201343379515e-03 -1.227036214757444732e+00 4.924081463338192757e-03 1.023921285710278689e-03 9.999873921836260893e-01 5.766200586193392752e+01
9.999855412339736516e-01 2.263717885391747491e-03 -4.898462186942909198e-03 -2.421177251320770218e-01 -2.267675755858692722e-03 9.999972164349064663e-01 -8.034966994431177968e-04 -1.256263534558353268e+00 4.896655067972844125e-03 8.145885196861642067e-04 9.999877208532854667e-01 5.911437820547268274e+01
9.999892726226945472e-01 1.193754745921546531e-03 -4.498310298429934566e-03 -2.513340172399854966e-01 -1.194859995202727674e-03 9.999993669286996179e-01 -2.441702394111865018e-04 -1.287442739618384735e+00 4.498041600698953618e-03 2.495373845137397839e-04 9.999898955816471924e-01 6.051351013995756745e+01
9.999924689727410776e-01 -3.721388833758468577e-04 -3.890068178418053333e-03 -2.647103084238386361e-01 3.734511784579947597e-04 9.999999856413582799e-01 3.352416261669641023e-04 -1.317772855734119952e+00 3.889969555274440643e-03 -3.366984949893578999e-04 9.999924213949765717e-01 6.196128667655567313e+01
9.999912223250968513e-01 -2.233910537338738584e-03 -3.574542087671848077e-03 -2.681288380313012198e-01 2.233643848543471165e-03 9.999976160228094546e-01 -7.952510683351521456e-05 -1.350825227342159041e+00 3.574735576625068766e-03 7.153202303569352976e-05 9.999936543841930758e-01 6.336183807207300589e+01
9.999908361866738371e-01 -2.855505357626607083e-03 -3.224232859114026933e-03 -2.759312350958741389e-01 2.852148605764530213e-03 9.999955050143256585e-01 -1.045961542375439682e-03 -1.384793866974778354e+00 3.227233858097707832e-03 1.036749493311252962e-03 9.999943026207560592e-01 6.477427445822969787e+01
9.999926387410154049e-01 -3.006950094017255774e-03 -2.430078308654168209e-03 -2.869169112056185744e-01 3.003831518481903454e-03 9.999947810044171881e-01 -1.286862939105952886e-03 -1.419437063258902842e+00 2.433964587159537403e-03 1.279548300379338300e-03 9.999962671323370245e-01 6.620264510999722063e+01
9.999980772593068945e-01 -7.938324705160152133e-04 -1.858634819150733206e-03 -2.958747323420001241e-01 7.916684505938790866e-04 9.999991342438672159e-01 -1.166085236103475611e-03 -1.451655863857622242e+00 1.859588117380512554e-03 1.164609181478061788e-03 9.999976410769325641e-01 6.758847181293653250e+01
9.999977894522310562e-01 1.835840219151974387e-03 -1.137786365951483315e-03 -3.090029277377021044e-01 -1.835907789001077484e-03 9.999984427230798056e-01 -6.081585073095541476e-05 -1.482822071667690311e+00 1.137702087054258317e-03 6.290260013864929487e-05 9.999993992503587448e-01 6.903107603769521461e+01
9.999842015875560763e-01 5.631188923785755869e-03 -3.718350192250604474e-04 -3.236643159165639161e-01 -5.630762297953382546e-03 9.999836421771846062e-01 1.130102552231193082e-03 -1.516234687240149981e+00 3.782219699742702117e-04 -1.127990392141471794e-03 9.999993410604184341e-01 7.042950189274253603e+01
9.999609610324501352e-01 8.831424738995978171e-03 5.867542327838690987e-04 -3.384225766728763407e-01 -8.832455092992661655e-03 9.999595408813876096e-01 1.783552797131969687e-03 -1.545093766087786813e+00 -5.709499093221807701e-04 -1.788662727447213685e-03 9.999982863672691735e-01 7.185174700734469866e+01
9.999068561950154033e-01 1.362442508153666361e-02 9.631136949666402585e-04 -3.463645314243883333e-01 -1.362563891316470252e-02 9.999065053203742837e-01 1.269327313088541203e-03 -1.574996170937946305e+00 -9.456985211782788356e-04 -1.282328181654998232e-03 9.999987799257916699e-01 7.323598175029411550e+01
9.998560113718314435e-01 1.689746431307657254e-02 1.646190902816494156e-03 -3.580661991886412987e-01 -1.689848566993237475e-02 9.998571702624375890e-01 6.110083509174909361e-04 -1.607335994743020358e+00 -1.635598397756741649e-03 -6.387341406764054886e-04 9.999985080144709881e-01 7.463138667553774042e+01
9.998206595850872569e-01 1.878600634907846498e-02 2.454062043704662629e-03 -3.688187935347849722e-01 -1.878706267784400682e-02 9.998235752342456983e-01 4.097947353056216753e-04 -1.638046110334504091e+00 -2.445898877129260452e-03 -4.558220386373326325e-04 9.999969546696810818e-01 7.604469531089975476e+01
9.998308079423855466e-01 1.823047875691395994e-02 2.509769924790803200e-03 -3.752238592386316629e-01 -1.823197357169578300e-02 9.998337727144269715e-01 5.756393534508068939e-04 -1.671708357657040844e+00 -2.498826681969356419e-03 -6.212957268148887715e-04 9.999967347894449521e-01 7.743079194530342590e+01
9.998512399443535426e-01 1.705415617579452911e-02 2.637237965751369675e-03 -3.774014742123821264e-01 -1.705534832949714974e-02 9.998546121856023428e-01 4.317230066330188004e-04 -1.704874453898694187e+00 -2.629460364244933825e-03 -4.766337169684960900e-04 9.999964792853553996e-01 7.882892665197520898e+01
9.998614465198902845e-01 1.648341687425832619e-02 2.384921865130249473e-03 -3.790214589448259730e-01 -1.648184142850066952e-02 9.998640952879290777e-01 -6.770859542958027662e-04 -1.735300325987258141e+00 -2.395727272526865497e-03 6.376884147200980769e-04 9.999969769433001421e-01 8.020559773148799820e+01
9.998702344236952699e-01 1.597627675337017286e-02 2.140617213076459295e-03 -3.819738925599474588e-01 -1.597467281321127142e-02 9.998722684387719717e-01 -7.624830385667308611e-04 -1.770047249739023165e+00 -2.152494331876167628e-03 7.281932621323151207e-04 9.999974683418777488e-01 8.159295310572071003e+01
9.998794694934327598e-01 1.543462889975265317e-02 1.770782545464699709e-03 -3.852189740821714836e-01 -1.543366317564089790e-02 9.998809058448476783e-01 -5.556969674844285632e-04 -1.798345417130686519e+00 -1.779115957497592448e-03 5.283061916230934576e-04 9.999983281854331052e-01 8.298196374345636173e+01
9.998744014850939887e-01 1.578184408753986398e-02 1.560018323741627294e-03 -3.943882150232274619e-01 -1.577999820320663896e-02 9.998749525140517846e-01 -1.186111487636761592e-03 -1.839550366809354465e+00 -1.578508204123654128e-03 1.161350934799514501e-03 9.999981308037032557e-01 8.436264375692775275e+01
9.998671341250289224e-01 1.628886534501794436e-02 8.430692724509988292e-04 -4.006736233034906558e-01 -1.628810657356401931e-02 9.998671080522995025e-01 -8.970996403582592003e-04 -1.867966278893703702e+00 -8.575386624263752833e-04 8.832517030412442979e-04 9.999992953963749986e-01 8.574671579902361884e+01
9.998865162451950894e-01 1.507352532860311255e-02 -2.680754031656762426e-04 -4.074925285441897693e-01 -1.507361879610301381e-02 9.998864961660849371e-01 -3.555275650911754177e-04 -1.900330214772727455e+00 2.627178390725372933e-04 3.595320850952868547e-04 9.999999543732708274e-01 8.710371625927422201e+01
9.999074314359229776e-01 1.353928917969965742e-02 -1.465061704088063167e-03 -4.124749509580464824e-01 -1.353820478099550077e-02 9.999082491912126835e-01 7.467524996859416534e-04 -1.931145479747879312e+00 1.475069464526224854e-03 -7.268445418467739741e-04 9.999987015225554332e-01 8.846493424447622544e+01
9.999348402667376234e-01 1.111248766595767691e-02 -2.676128843210640474e-03 -4.186470489667212802e-01 -1.110946413109919866e-02 9.999378117450217207e-01 1.141680887807712931e-03 -1.962355978934247958e+00 2.688680510357645617e-03 -1.111871062927377455e-03 9.999958209928822006e-01 8.983790977399887367e+01
9.999530167318628759e-01 9.092149003699423471e-03 -3.412553912689022910e-03 -4.251765281480969771e-01 -9.088176091349787003e-03 9.999581911512650523e-01 1.177675877353468728e-03 -1.991098201665846501e+00 3.423147326884242846e-03 -1.146601628879556850e-03 9.999935375558101081e-01 9.119221585272649122e+01
9.999576962384275625e-01 8.386192256958703226e-03 -3.825064053766992142e-03 -4.372492427253990566e-01 -8.384832901097935901e-03 9.999649636284264620e-01 3.711658870058249246e-04 -2.027982709617784263e+00 3.828072851988735276e-03 -3.390720761711723381e-04 9.999926697515872931e-01 9.256647487690267440e+01
9.999619965899581020e-01 7.696179452659300708e-03 -4.139001793910358253e-03 -4.474700822709264947e-01 -7.696617509006548064e-03 9.999705642764683544e-01 -8.996296034061428571e-05 -2.061212392198745746e+00 4.138218636510438905e-03 1.218218875667057173e-04 9.999914847060313861e-01 9.391890500819437193e+01
9.999585112368467588e-01 8.048547274544862185e-03 -4.308077555935186341e-03 -4.606776078287788678e-01 -8.051801652388976965e-03 9.999675015191796801e-01 -7.386390173668999377e-04 -2.090359394742251631e+00 4.302024252382319683e-03 7.733024343401552220e-04 9.999905019099122327e-01 9.528193875675060553e+01
9.999560967855524174e-01 8.382284839062925305e-03 -4.232083292487269846e-03 -4.728610640830993028e-01 -8.388113312192402998e-03 9.999640859975547080e-01 -1.361384558142790004e-03 -2.125263228730743581e+00 4.220551904331539678e-03 1.396830421438489305e-03 9.999901725979065681e-01 9.662609455490979826e+01
9.999495862473490870e-01 9.241239434618634535e-03 -3.974955148364576335e-03 -4.863692138814830757e-01 -9.248982375692889335e-03 9.999555539424710426e-01 -1.934042578214979335e-03 -2.160227314261185416e+00 3.956937765059494704e-03 1.970716632664942965e-03 9.999902842513539447e-01 9.796957006158399395e+01
9.999345830712219607e-01 1.086771402178074268e-02 -3.620161490049132128e-03 -5.007805115121209960e-01 -1.087462055256683408e-02 9.999392771150140691e-01 -1.893727687350583132e-03 -2.189631955115680206e+00 3.599393063800995080e-03 1.932979172812987912e-03 9.999917088490004602e-01 9.933002482611622952e+01
9.999296068116614311e-01 1.139771801463330091e-02 -3.355443583309779439e-03 -5.119835982203690961e-01 -1.139917313935757265e-02 9.999351448664652864e-01 -4.151396980410171572e-04 -2.223907555656772228e+00 3.350528445501844803e-03 4.533675402625697462e-04 9.999943410025355917e-01 1.006623751922847561e+02
9.999216297462232284e-01 1.208999255028587842e-02 -3.309520381024336037e-03 -5.259345552814057578e-01 -1.208855202022622415e-02 9.999270343611293965e-01 4.547919554144129115e-04 -2.254590491349443671e+00 3.314809392514989853e-03 -4.147410813008905453e-04 9.999944796832460625e-01 1.020143259526559945e+02
9.999246240938225450e-01 1.183861599934098001e-02 -3.313945651591776193e-03 -5.377276589952121322e-01 -1.184104278421283310e-02 9.999298469006083767e-01 -7.137767867366502780e-04 -2.290446920476108872e+00 3.305292891533154198e-03 7.529710799106540059e-04 9.999943147572956104e-01 1.033567660985737007e+02
9.999262735956083725e-01 1.174809453651088145e-02 -3.133489727751411803e-03 -5.484544210545627685e-01 -1.175809933899604753e-02 9.999259816007372015e-01 -3.193932917843470519e-03 -2.319458426772339710e+00 3.095764823288071812e-03 3.230547947015411248e-03 9.999900526671801071e-01 1.046851012809791825e+02
9.999236687169148485e-01 1.197808042056837385e-02 -3.093983405276833597e-03 -5.586401390994434335e-01 -1.199141020671344940e-02 9.999189537773041092e-01 -4.326480016091225310e-03 -2.354446471888397063e+00 3.041938337883365491e-03 4.363257339509649287e-03 9.999859182541639413e-01 1.060075939238977583e+02
9.999519050969195577e-01 9.341328272873853159e-03 -3.054080386050199436e-03 -5.684819953825926975e-01 -9.351340458279068860e-03 9.999511118281001476e-01 -3.280729848983372776e-03 -2.389948453318711419e+00 3.023315286642244606e-03 3.309138640282062709e-03 9.999900187920878203e-01 1.073504033677947263e+02
9.999740917307322619e-01 6.795892025474360026e-03 -2.456903686093341727e-03 -5.754718133431301341e-01 -6.799620109466541877e-03 9.999759595051685990e-01 -1.512342705027196199e-03 -2.421129766112713799e+00 2.446599144820424138e-03 1.529016465860508819e-03 9.999959026781198856e-01 1.086735599495764149e+02
9.999864929422099813e-01 4.969183410640779473e-03 -1.653947218510285182e-03 -5.835535550103485569e-01 -4.970837451651210874e-03 9.999873735438993272e-01 -9.980257723463520619e-04 -2.455123909905847945e+00 1.649003478891388798e-03 1.006238915899501218e-03 9.999981997409085333e-01 1.100136465496746894e+02
9.999887375713574222e-01 4.703479179856266158e-03 -9.071748176357856408e-04 -5.875036445642431993e-01 -4.705503325193126536e-03 9.999866433634340135e-01 -2.243120421223800988e-03 -2.489137338790719856e+00 8.966518296451959046e-04 2.247368682854845173e-03 9.999971388947025419e-01 1.113374938404022174e+02
9.999804411355078804e-01 6.285352650514284059e-03 -1.928473118183783336e-04 -5.958099709238632302e-01 -6.286183886318015383e-03 9.999695756331926644e-01 -4.668782818807019376e-03 -2.518800839664254720e+00 1.635386771086759776e-04 4.669908154793880363e-03 9.999891493632361295e-01 1.126517587769115210e+02
9.999572148307258601e-01 9.238332718046997002e-03 8.093268670888839524e-04 -6.017408919442156501e-01 -9.232905055584503598e-03 9.999366792029943385e-01 -6.470293894485783411e-03 -2.558505613161441428e+00 -8.690071663503607692e-04 6.462548671925495529e-03 9.999788067816571813e-01 1.139692634611243136e+02
9.999243478989424672e-01 1.208824793687877409e-02 2.368929418566299763e-03 -6.125505465233245239e-01 -1.207199885121774778e-02 9.999045396944793440e-01 -6.757064882058332750e-03 -2.590777100800188748e+00 -2.450341322284164611e-03 6.727959815027875420e-03 9.999744318163988899e-01 1.152948280769614513e+02
9.999100024083309446e-01 1.287441773460231212e-02 3.831035918765656433e-03 -6.159842835621895940e-01 -1.285535384836791230e-02 9.999053105470152580e-01 -4.959399943588202984e-03 -2.623789805393075270e+00 -3.894477108739215904e-03 4.909708796740099718e-03 9.999804332691368813e-01 1.166404189427411069e+02
9.999061601269355615e-01 1.286000967130712137e-02 4.767987979731458728e-03 -6.179575601721671863e-01 -1.284686905017692025e-02 9.999138663855374753e-01 -2.776125868320595061e-03 -2.658369754268438356e+00 -4.803230852789881593e-03 2.714617332284936010e-03 9.999848499068850760e-01 1.179641790579067191e+02
9.999098740894377668e-01 1.222480002900053035e-02 5.589562036731286591e-03 -6.147609200270720553e-01 -1.221225622414524870e-02 9.999230911400354138e-01 -2.272516614287466413e-03 -2.692013557626513176e+00 -5.616865189667377689e-03 2.204056685478947720e-03 9.999818664396359358e-01 1.192915680983859801e+02
9.998942886592462331e-01 1.298084756419374923e-02 6.584523743338848920e-03 -6.139307162394789241e-01 -1.296153864807532592e-02 9.999118469047056923e-01 -2.966371425303331380e-03 -2.723439926517768672e+00 -6.622404162198267108e-03 2.880718337188933019e-03 9.999739970150356427e-01 1.206253844059642830e+02
9.998618353031101247e-01 1.458319144494783955e-02 8.005807635412471104e-03 -6.127658348393818510e-01 -1.455660804219679853e-02 9.998886272161139344e-01 -3.368534942549023491e-03 -2.753565784970855024e+00 -8.053991780133287759e-03 3.251538469955488585e-03 9.999623549801298639e-01 1.219348344660478745e+02
9.998353749203929830e-01 1.570761632474495378e-02 9.107500885045532665e-03 -6.155375048919442538e-01 -1.567160782649919606e-02 9.998694030916732700e-01 -4.011545858537642929e-03 -2.787547458695174729e+00 -9.169274114768831418e-03 3.868162421191687506e-03 9.999505580119576464e-01 1.233043950834018716e+02
9.998035210921221161e-01 1.689413212038341772e-02 1.039047076785536844e-02 -6.119168909102412623e-01 -1.684364726686461006e-02 9.998462560830693180e-01 -4.927167217561378293e-03 -2.820887161689694000e+00 -1.047206281484848629e-02 4.751191730587237504e-03 9.999339596918286333e-01 1.246119488941004647e+02
9.997727031820378141e-01 1.803394188207949056e-02 1.139186616162482513e-02 -6.059819199716663940e-01 -1.796862784471066690e-02 9.998219340624199258e-01 -5.809839816729730523e-03 -2.856416761471155308e+00 -1.149455960906548002e-02 5.603828589879018829e-03 9.999183153196474771e-01 1.259636877884949229e+02
9.997825097350971912e-01 1.684798851260350602e-02 1.231009594250527875e-02 -5.974832289791179862e-01 -1.677508100434197888e-02 9.998415392118137346e-01 -6.001920938987706164e-03 -2.890663689950820903e+00 -1.240921226863101086e-02 5.794118380319139908e-03 9.999062980188699878e-01 1.272998369149542981e+02
9.997707247415303922e-01 1.674194756603045522e-02 1.336662558044612870e-02 -5.865486743383212520e-01 -1.667585566998764507e-02 9.998485086586137438e-01 -5.040693477447314927e-03 -2.926264287389815255e+00 -1.344893661372416858e-02 4.816643948068506306e-03 9.998980411736604346e-01 1.286215963031508807e+02
9.997830081190680618e-01 1.531592775902812335e-02 1.413610970500359630e-02 -5.738002436455427180e-01 -1.525898424514262643e-02 9.998753280274822464e-01 -4.127251584432321298e-03 -2.960611806833248316e+00 -1.419750299311605540e-02 3.910659603962254698e-03 9.998916465621059402e-01 1.299950177590586975e+02
9.997898113270470288e-01 1.452715710652627105e-02 1.448362425512953258e-02 -5.607745322911847907e-01 -1.446993225815506115e-02 9.998873872221958337e-01 -4.047915264619037640e-03 -2.995824115104534169e+00 -1.454074063879808726e-02 3.837495816394763653e-03 9.998869979125006857e-01 1.313087347592401102e+02
9.998191582000810484e-01 1.235346229334914787e-02 1.447511566848108666e-02 -5.442677632304381286e-01 -1.230147659376582513e-02 9.999178598485933822e-01 -3.674856537835041910e-03 -3.027759915230726850e+00 -1.451926696507205121e-02 3.496135317451224637e-03 9.998885618502295625e-01 1.326622180614397735e+02
9.998419376591363150e-01 1.063518267138305502e-02 1.426469644746063137e-02 -5.341853047138095389e-01 -1.058452140382328335e-02 9.999377017947732593e-01 -3.622244964079082783e-03 -3.066846772443371894e+00 -1.430227455792315756e-02 3.470696333222725131e-03 9.998917779024362185e-01 1.339999326217536293e+02
9.998646163691528033e-01 9.210584638636833479e-03 1.365309846847953708e-02 -5.191955077790808559e-01 -9.157216093162083223e-03 9.999504895425218587e-01 -3.966110934100490655e-03 -3.102670714883143166e+00 -1.368889931131681524e-02 3.840559524649954891e-03 9.998990126667132161e-01 1.353312264109398484e+02
9.998866051338504146e-01 8.432375296888635838e-03 1.249697512986501502e-02 -5.064292383630790706e-01 -8.379844433267820067e-03 9.999561463764983227e-01 -4.249631833840193315e-03 -3.138920680346000580e+00 -1.253220532219682069e-02 4.144433856464625233e-03 9.999129670369933942e-01 1.366832793961372374e+02
9.999158337120437334e-01 6.200633691519444671e-03 1.141877542229547543e-02 -4.934732416500458019e-01 -6.163049925188005505e-03 9.999757785443530445e-01 -3.323395918872474458e-03 -3.165898460646798807e+00 -1.143904694565428884e-02 3.252749340380964391e-03 9.999293693970700003e-01 1.379904225788285714e+02
9.999356863436597020e-01 4.851124725859836707e-03 1.027628515517653440e-02 -4.825633926148550912e-01 -4.820441670404658832e-03 9.999841501959431112e-01 -3.008228664680872352e-03 -3.198225822722127631e+00 -1.029065747875165977e-02 2.958505988927262291e-03 9.999427615661146129e-01 1.393323360738118879e+02
9.999484622048870897e-01 4.609326878936097910e-03 9.074464850501291757e-03 -4.727362972598298518e-01 -4.579532547560285181e-03 9.999843620672558275e-01 -3.301073828416485438e-03 -3.234266037847779440e+00 -9.089479972944965180e-03 3.259353529752777659e-03 9.999534664480481672e-01 1.406710593849060729e+02
9.999577999918300986e-01 4.744026434129740115e-03 7.900495254036556114e-03 -4.727537787964445348e-01 -4.712279701426956222e-03 9.999810696228772500e-01 -4.031763796486860681e-03 -3.273246129030695339e+00 -7.919413289953101606e-03 3.994370390653701787e-03 9.999607518768539594e-01 1.420297905600917261e+02
9.999672014295972744e-01 4.371980869876163425e-03 6.856637625217744392e-03 -4.681702204917655430e-01 -4.338759989339686755e-03 9.999791213945488089e-01 -4.852060598004847083e-03 -3.304513082318260686e+00 -6.877644291977535497e-03 4.822157496081141970e-03 9.999648125035537349e-01 1.433742896788974406e+02
9.999781288853366590e-01 3.210815486977720411e-03 5.827882821800321744e-03 -4.639348046902272427e-01 -3.170905424238628940e-03 9.999718589916856137e-01 -6.843971095140993083e-03 -3.341433647123843276e+00 -5.849631199422367610e-03 6.825346039486181182e-03 9.999596894838944650e-01 1.447035759042376526e+02
9.999875598672444132e-01 -1.304314229956222027e-03 4.869675341196773484e-03 -4.570347886813901361e-01 1.341360908504340326e-03 9.999704402279663285e-01 -7.611560161397831585e-03 -3.385737694364796102e+00 -4.859541649527275922e-03 7.618001123826403237e-03 9.999592666996656165e-01 1.460499740959955659e+02
9.999469598931957082e-01 -9.599083675203906249e-03 3.804548396131427184e-03 -4.429500312008075036e-01 9.619018178031299784e-03 9.999402341596222987e-01 -5.255851962654759478e-03 -3.415731213220412066e+00 -3.753807332240094441e-03 5.292173487028216210e-03 9.999790428963896138e-01 1.473759268916296605e+02
9.998408753847657371e-01 -1.773062615318660509e-02 2.097402800691633169e-03 -4.265499976433473339e-01 1.773906361339475102e-02 9.998346656533163568e-01 -4.074210163628221200e-03 -3.447897649894639649e+00 -2.024755196554879622e-03 4.110772535538908742e-03 9.999895932070752558e-01 1.487190500777017235e+02
9.998054041266866143e-01 -1.971928496548389087e-02 9.277488039990254998e-04 -4.199898243860577529e-01 1.972505547414619281e-02 9.997834102788234478e-01 -6.685361972902715763e-03 -3.485556905756583390e+00 -7.956539764652185856e-04 6.702364098559202184e-03 9.999773148879167461e-01 1.500468546549335258e+02
9.998387723765744806e-01 -1.791345417877027862e-02 1.448961112342553358e-03 -4.202939592960637794e-01 1.792747854283075273e-02 9.997862943631866672e-01 -1.032549546175020629e-02 -3.532193404631325251e+00 -1.263621413589242860e-03 1.034980836933351717e-02 9.999457336028557686e-01 1.513869776214973228e+02
9.998831020836680405e-01 -1.514393216160497477e-02 2.239642947721221834e-03 -4.279903528553269942e-01 1.517097791149665115e-02 9.998059000517377504e-01 -1.259600130158701828e-02 -3.567017038941584950e+00 -2.048387961369506176e-03 1.262850679458899991e-02 9.999182520402294383e-01 1.527222810797389059e+02
9.999059093804814058e-01 -1.337845310912930304e-02 3.125583673118469737e-03 -4.315685213010621579e-01 1.341678109037490810e-02 9.998311719137144005e-01 -1.258096482404101601e-02 -3.621285228215793683e+00 -2.956674756062913512e-03 1.262171704365504070e-02 9.999160645989313423e-01 1.540548665165066495e+02
9.998435012716637704e-01 -1.729475563832121032e-02 3.801725119802271558e-03 -4.302996640924589555e-01 1.733122803036100598e-02 9.998023135804363637e-01 -9.779281773456108967e-03 -3.658456128028085175e+00 -3.631774064700853989e-03 9.843642268337983448e-03 9.999450480709672906e-01 1.554285963408364637e+02
9.997207193915401691e-01 -2.326568331609488519e-02 4.217566825309855029e-03 -4.174383266055891051e-01 2.329432134595415746e-02 9.997053652799825496e-01 -6.872948329314077995e-03 -3.703338992927014850e+00 -4.056349307320622835e-03 6.969278327538158679e-03 9.999675803519373352e-01 1.567750478950287345e+02
9.996612095816014287e-01 -2.570750049078492430e-02 4.146161102449987500e-03 -4.061471477976991151e-01 2.573207550881517064e-02 9.996512910157105969e-01 -5.986727097335025304e-03 -3.745241924343816198e+00 -3.990739072336200489e-03 6.091392949753104448e-03 9.999735777398439662e-01 1.581249595519672937e+02
9.996132649902386147e-01 -2.752788563642142444e-02 4.018285264493889376e-03 -3.982536904006370171e-01 2.755060646496462068e-02 9.996044400483723447e-01 -5.711687222747599893e-03 -3.784909422235390952e+00 -3.859387830977238122e-03 5.820185740006258816e-03 9.999757131952617950e-01 1.594599258536801472e+02
9.996375347684417489e-01 -2.645628902673840752e-02 5.048393503609598446e-03 -3.986140031460350674e-01 2.648314414510566719e-02 9.996354154006583670e-01 -5.327954980535758688e-03 -3.810801665866610399e+00 -4.905515675169195774e-03 5.459723063057623019e-03 9.999731616188408667e-01 1.608221723079878416e+02
9.996949942712927140e-01 -2.394530399710808471e-02 6.096804517658991132e-03 -4.021203388094231612e-01 2.398176753220289392e-02 9.996948761281065909e-01 -5.978743206733338686e-03 -3.842844756945460016e+00 -5.951699558694066236e-03 6.123133847425283813e-03 9.999636401102534045e-01 1.621716181313886125e+02
9.997902971239925884e-01 -1.920761215098451200e-02 7.146080199300870045e-03 -4.018863388856322438e-01 1.926562439906657695e-02 9.997816338098296507e-01 -8.139004244757873721e-03 -3.886097272788906487e+00 -6.988105243739551643e-03 8.274972233496363100e-03 9.999414425009945928e-01 1.635153503699458781e+02
9.998401002359375012e-01 -1.607662732758804308e-02 7.871523324097771251e-03 -3.997112663756176021e-01 1.614568813680957587e-02 9.998313837584372754e-01 -8.789291736365324043e-03 -3.925433177231736348e+00 -7.728808915333365732e-03 8.914978901997917815e-03 9.999304905899552010e-01 1.648541871338109672e+02
9.998431722528725585e-01 -1.573398791461006613e-02 8.168687324328774771e-03 -3.962200891133718095e-01 1.579635851579392833e-02 9.998465102339956223e-01 -7.627117356591661679e-03 -3.956301110809716359e+00 -8.047340259152263933e-03 7.754958992462812617e-03 9.999376476966612692e-01 1.662155498702233274e+02
9.998551711649348306e-01 -1.503521794224761850e-02 8.014926039435755351e-03 -3.886052003346756600e-01 1.509803718832757394e-02 9.998556936473665946e-01 -7.835059636272505290e-03 -3.994256029556229493e+00 -7.895879626493509593e-03 7.954937405024911645e-03 9.999372842948476281e-01 1.675690857483847367e+02
9.998929498737708643e-01 -1.256202988601148179e-02 7.546453572347162561e-03 -3.871439982621081577e-01 1.263864336265712804e-02 9.998685728180062293e-01 -1.019099546988249706e-02 -4.035501450015350322e+00 -7.417351040904592192e-03 1.028528239891054671e-02 9.999196955052586100e-01 1.689210175881437124e+02
9.999424463366626270e-01 -8.098222986601733009e-03 7.084690015197720944e-03 -3.850827655178424846e-01 8.190782637477583492e-03 9.998805794371763422e-01 -1.313384856383179380e-02 -4.081467129366497915e+00 -6.977391496891172627e-03 1.319112127787252890e-02 9.998887498531956464e-01 1.702874621512577278e+02
9.999750775502049827e-01 -1.987374107375656195e-03 6.824088021747615716e-03 -3.861082898979204536e-01 2.085503898393479237e-03 9.998944921837118471e-01 -1.440204052943489660e-02 -4.129746540371395547e+00 -6.794653931442561426e-03 1.441591261369272806e-02 9.998730999285743160e-01 1.716427680442272390e+02
9.999740592385565341e-01 1.249529209915761514e-03 7.141141925835415433e-03 -3.891979249043091005e-01 -1.153091131513027867e-03 9.999087026661506172e-01 -1.349172057600790849e-02 -4.165194594767797298e+00 -7.157253095372939286e-03 1.348313590397740187e-02 9.998835853311803801e-01 1.730010220765951203e+02
9.999600823337013722e-01 4.385638732242260612e-03 7.828391392113560887e-03 -3.928693139310241444e-01 -4.297424362700214689e-03 9.999278831448401572e-01 -1.124900764406435404e-02 -4.208003426105567435e+00 -7.877061436792722957e-03 1.121491803257091031e-02 9.999061882598666573e-01 1.743833647088406451e+02
9.999619025142463258e-01 3.888498225122994680e-03 7.858764072093214065e-03 -3.916205801819907517e-01 -3.814284862522898407e-03 9.999486019868722986e-01 -9.435437567096359099e-03 -4.250280236429381908e+00 -7.894950198613409978e-03 9.405105015727366000e-03 9.999247079976402164e-01 1.757804187730299930e+02
9.999743953797294305e-01 1.589012003567469560e-03 7.026844622296673365e-03 -3.844905593206717764e-01 -1.530679385991462818e-03 9.999647945888636702e-01 -8.297912687574732563e-03 -4.291886574669224075e+00 -7.039684061408338529e-03 8.286947588004084028e-03 9.999409869194475498e-01 1.771749425269723304e+02
