1.000000000000000000e+00 0.000000000000000000e+00 0.000000000000000000e+00 0.000000000000000000e+00 0.000000000000000000e+00 1.000000000000000000e+00 0.000000000000000000e+00 0.000000000000000000e+00 0.000000000000000000e+00 0.000000000000000000e+00 1.000000000000000000e+00 0.000000000000000000e+00
9.999999941435567807e-01 -1.079192598534052132e-04 8.143689558718562697e-06 -8.543698214865749069e-03 1.079179089872278852e-04 9.999999804490464772e-01 1.656974100344342450e-04 -1.236380053650302548e-03 -8.161571341352208197e-06 -1.656965302140881639e-04 9.999999862390241967e-01 -2.861282590652793750e-03
9.999999940446143709e-01 -5.013744618562390048e-05 9.693816385433500665e-05 -7.203440498345247203e-03 5.013091422546724454e-05 9.999999964731435265e-01 6.738400665206315454e-05 4.301572464874664839e-03 -9.694154197445531082e-05 -6.737914665198805881e-05 9.999999930311940233e-01 -1.641107930946593407e-03
9.999999887057108294e-01 1.325912852642168892e-04 7.076813738883098147e-05 -2.924627209815302675e-03 -1.325863086862089665e-04 9.999999887378183683e-01 -7.032235681931058458e-05 9.181686600780414667e-03 -7.077746072350084414e-05 7.031297313896058172e-05 9.999999950233183776e-01 -1.167124431363045396e-03
9.999999782654133140e-01 1.722698098509933275e-04 -1.174405619339020392e-04 -3.051725169362407702e-03 -1.722787394217531215e-04 9.999999822698184548e-01 -7.602893396096212794e-05 5.201358021995223027e-03 1.174274623616629256e-04 7.604916482047163230e-05 9.999999902136577079e-01 -1.362438717388423292e-03
9.999999920679253362e-01 -4.522457130128277664e-05 -1.175537637663006291e-04 -3.966966041641512009e-05 4.523211699885931427e-05 9.999999969170123570e-01 6.418746603300096805e-05 -2.965286644434580489e-03 1.175508605532495614e-04 -6.419278272945754102e-05 9.999999910305408246e-01 -3.620011389823752507e-03
9.999999898926673625e-01 -1.420445370135378020e-04 6.165601693118946290e-06 -3.249973250850067032e-03 1.420441158789267314e-04 9.999999875826570683e-01 6.825067583400959740e-05 -4.102555904328953652e-03 -6.175296252208258658e-06 -6.824979935673594438e-05 9.999999976519152733e-01 -3.162319433562038942e-03
9.999999979936510242e-01 6.163486222320526818e-05 1.462332621165407601e-05 -6.557307587456637221e-05 -6.163484512814411593e-05 9.999999980998890425e-01 -1.169474635966608781e-06 6.908894705434739762e-03 -1.462339826427619467e-05 1.168573327173921103e-06 9.999999998923952971e-01 -3.144043267627457967e-03
9.999999860588105749e-01 1.669778186100843249e-04 -8.870413886707660657e-07 1.726486565921761009e-03 -1.669778384601933489e-04 9.999999858077571746e-01 -2.242514201688610803e-05 1.056937075379822330e-02 8.832968747856582810e-07 2.242528982050666055e-05 9.999999997481631153e-01 -1.372132884803482951e-03
9.999999594603083963e-01 2.534295615444513488e-04 -1.298184844765191200e-04 -2.598131009963161424e-04 -2.534310384538214327e-04 9.999999678218244314e-01 -1.136040264831563579e-05 8.626666856502058361e-03 1.298156012373349866e-04 1.139330222109980097e-05 9.999999915090511671e-01 -2.886573119247824639e-03
9.999999832477195483e-01 5.899485822473982143e-05 -1.732748317552550924e-04 3.721341463392788956e-04 -5.899662036048829627e-05 9.999999982080407523e-01 -1.016450640343799680e-05 1.862373941037163624e-03 1.732742317911394861e-04 1.017472886262642835e-05 9.999999849362576354e-01 -4.043462989699200469e-03
9.999999895524250837e-01 1.439828288416959787e-04 -1.280994697475450422e-05 -2.622571287793689677e-03 -1.439836935131384439e-04 9.999999873545550866e-01 -6.752470487902306935e-05 3.555392733094964175e-03 1.280022441474184131e-05 6.752654859703279510e-05 9.999999976381597211e-01 -1.585587573972189503e-03
9.999999960099588137e-01 8.933130001545472906e-05 3.364770063434441839e-08 1.813263399846023333e-03 -8.933129806891894169e-05 9.999999945529209899e-01 -5.398219395630643886e-05 5.961495172152717244e-03 -3.847000001486600365e-08 5.398219073512248561e-05 9.999999985429608440e-01 -6.161040017856339460e-04
9.999999853188651366e-01 1.257957735976867751e-04 1.163515913696590640e-04 2.819142871458025709e-03 -1.258047461669263459e-04 9.999999891134606633e-01 7.711189557570562333e-05 5.143158290656503311e-03 -1.163418897524353470e-04 -7.712653202603385761e-05 9.999999902580313238e-01 -4.086035979153266836e-04
9.999999907180635583e-01 1.197610118966113213e-04 6.497055362647265143e-05 8.039128210165489598e-04 -1.197670695306281969e-04 9.999999884810075734e-01 9.324073037082833274e-05 1.747059204948308783e-03 -6.495938627385815429e-05 -9.324851083818742360e-05 9.999999935424966901e-01 -1.415079579492322043e-03
9.999999703873958534e-01 2.401234168022110631e-04 -3.957211188434871631e-05 -4.719068412095158002e-04 -2.401219259242859340e-04 9.999999704610116336e-01 3.767541045537820324e-05 4.437711074257144270e-03 3.958115746371653073e-05 -3.766590720799263374e-05 9.999999985073056985e-01 -5.308056095327732052e-03
9.999999665573546803e-01 2.585188228480102767e-04 7.301212823846935650e-06 1.643205717761025541e-03 -2.585188018609650587e-04 9.999999665798804394e-01 -2.875257628188745044e-06 9.877827205982143283e-03 -7.301955888056953436e-06 2.873370031241171575e-06 9.999999999692126273e-01 -2.057693205394992876e-03
9.999999781173045665e-01 2.052139442290735799e-04 4.065252053269693229e-05 2.916627389372622014e-03 -2.052129374247037795e-04 9.999999786370801225e-01 -2.476872281908958347e-05 9.201752446443157291e-04 -4.065760255154361367e-05 2.476037985393093305e-05 9.999999988669414641e-01 2.060562442185105963e-03
9.999999851650026583e-01 1.687163039123088545e-04 3.471027667989199446e-05 3.481153873485714600e-03 -1.687163202132353377e-04 9.999999857672926540e-01 4.667006901551171751e-07 -3.443897386939644839e-03 -3.471019744585530432e-05 -4.725568733866283246e-07 9.999999993974894030e-01 1.476997437828414875e-03
9.999999693757390951e-01 2.420105823110162147e-04 -5.176291108045495909e-05 1.073769311043012119e-03 -2.420106223308351079e-04 9.999999707151349115e-01 -7.668747541124478828e-07 4.927875525963806326e-03 5.176272397277929241e-05 7.794019049517119548e-07 9.999999986600064394e-01 -4.182092540739953783e-03
9.999999464769312452e-01 3.245192273506169035e-04 -4.163418806745476549e-05 1.966069450615855370e-03 -3.245163427854705893e-04 9.999999449452909861e-01 6.927162697498906506e-05 9.031214291641706526e-03 4.165666575015990468e-05 -6.925811229291252414e-05 9.999999967340180707e-01 -3.523103111718379858e-03
9.999999224136286724e-01 3.936967792547960729e-04 1.325075842428860382e-05 4.916904200596714306e-03 -3.936970729730629036e-04 9.999999222555312484e-01 2.217084313853298275e-05 7.889076573122506125e-03 -1.324202880457842387e-05 -2.217605820318403173e-05 9.999999996664356017e-01 -1.984379182904008870e-03
9.999999745993101152e-01 2.243932813598139783e-04 -2.119043320332371298e-05 3.786798934272510991e-03 -2.243935999061659806e-04 9.999999747107847226e-01 -1.503137414307919811e-05 2.747530227342856110e-03 2.118705972806697024e-05 1.503612875886199096e-05 9.999999996625116294e-01 -2.168513405159672256e-03
9.999999974736114572e-01 6.500925696181913288e-05 -2.875019175350428750e-05 2.712556591433388890e-03 -6.500823478243210091e-05 9.999999972549449279e-01 3.555333396922504018e-05 -3.644595483969262709e-03 2.875250297040728221e-05 -3.555146488018795970e-05 9.999999989546934920e-01 -2.854929283745921698e-03
9.999999981339360300e-01 -7.793486725776283699e-06 -6.059199173352447499e-05 1.143944536199341475e-03 7.798155139567480038e-06 9.999999970014852302e-01 7.704685841579671799e-05 -4.870613564483052514e-03 6.059139108817016603e-05 -7.704733077777410448e-05 9.999999951961960898e-01 -4.584493717854977099e-03
9.999999668947140430e-01 2.286463530307883516e-04 -1.180314199770888406e-04 1.143792263038612839e-03 -2.286438903119006457e-04 9.999999736430396080e-01 2.087801524961408066e-05 2.712830108463893525e-03 1.180361905481847133e-04 -2.085102739539881306e-05 9.999999928163462171e-01 -2.885638621226561343e-03
9.999999724871374562e-01 2.318571405444457098e-04 -3.560885700210380579e-05 1.059572987292763764e-03 -2.318578432364587396e-04 9.999999729263182591e-01 -1.973076997275701025e-05 5.116722892805080497e-03 3.560428131813432161e-05 1.973902562269167377e-05 9.999999991713529601e-01 1.031465754603897670e-04
9.999999926997243938e-01 1.113644724042401018e-04 4.688822181523434807e-05 1.174007761215469913e-03 -1.113648856356762589e-04 9.999999937601177225e-01 8.810599485508254191e-06 2.235067857910338560e-04 -4.688724033489409640e-05 -8.815821122648563504e-06 9.999999988619340252e-01 1.035280454793203932e-03
9.999999913228129200e-01 1.208213035324537431e-04 5.250320568128092827e-05 6.300221502624020475e-03 -1.208220853684727918e-04 9.999999925901812414e-01 1.488828876300986564e-05 1.678206953086711778e-03 -5.250140646978598201e-05 -1.489463218062034229e-05 9.999999985108761758e-01 -1.554592035587429311e-04
9.999999747841411546e-01 2.245700663010988067e-04 4.811489553037994424e-08 1.557985300647563714e-04 -2.245700674295295974e-04 9.999999744741443486e-01 2.489970680324395059e-05 6.950836168260084852e-03 -4.252316549452364859e-08 -2.489971698054179106e-05 9.999999996900011956e-01 -3.165659859622105624e-03
9.999999997494453119e-01 -1.146594019709757968e-05 1.922606384004997806e-05 4.623584064711534769e-03 1.146409915556515612e-05 9.999999953497804572e-01 9.575496581009142617e-05 3.980587197660751322e-03 -1.922716167135611287e-05 -9.575474537659734982e-05 9.999999952306725115e-01 -3.798661642918003609e-03
9.999999928699238039e-01 9.929628414862817624e-05 -6.633551321698916430e-05 6.489964124535442698e-03 -9.929046143462261459e-05 9.999999912185425499e-01 8.777425101037576412e-05 7.733498066263961440e-03 6.634422829143594015e-05 -8.776766390082185222e-05 9.999999939476402755e-01 -4.978344194849443002e-03
9.999999172206606168e-01 3.815784699312989910e-04 -1.412676296730020680e-04 2.327739208313906599e-04 -3.815583358041774826e-04 9.999999170500364354e-01 1.425242314531779866e-04 1.086512756909940695e-02 1.413220021330233720e-04 -1.424703178134352195e-04 9.999999798651498795e-01 -4.973122728252504267e-03
9.999998259144126100e-01 4.783004310531005737e-04 -3.455428222704427137e-04 5.856954988527337397e-03 -4.782548627223627926e-04 9.999998769313648284e-01 1.319452215377168937e-04 1.264720778363615135e-02 3.456058892012960591e-04 -1.317799410329258450e-04 9.999999315953058687e-01 -6.623361625571579266e-03
9.999998706403894211e-01 3.558459050941540627e-04 -3.634458643569650721e-04 2.692139505520890416e-02 -3.558002967481131446e-04 9.999999288222178873e-01 1.255456407166601659e-04 1.375173855320122214e-02 3.634905133898459393e-04 -1.254163103297349115e-04 9.999999260726951666e-01 -6.991148427688618008e-03
9.999998298231886906e-01 5.317336625634264862e-04 -2.400268853676169574e-04 4.424156261595262735e-02 -5.317071403021176581e-04 9.999998525333909649e-01 1.105473352854157885e-04 1.815348163104328269e-02 2.400856317111440229e-04 -1.104196924640083355e-04 9.999999650831898901e-01 -7.082396662799851812e-03
9.999996275021224568e-01 8.504062981181900217e-04 -1.476642964369451010e-04 6.493140792187640509e-02 -8.503896276926777888e-04 9.999996320431877583e-01 1.129201943555048851e-04 1.080757625787204940e-02 1.477602701473259585e-04 -1.127945801069016340e-04 9.999999827221425219e-01 -5.086103102630030147e-03
9.999993681027277148e-01 1.111807261911826241e-03 -1.663693409323387356e-04 9.591451805296377642e-02 -1.111787467168688648e-03 9.999993748805320326e-01 1.190259342892710769e-04 2.844011284391315206e-03 1.665015708297235204e-04 -1.188408917289381751e-04 9.999999790770344177e-01 -8.374546939246968469e-04
9.999986607146320594e-01 1.623647367944534197e-03 -2.057624039220859501e-04 1.338324307111901090e-01 -1.623647270624373152e-03 9.999986818836967828e-01 6.400154952667988608e-07 4.081713496625506178e-03 2.057631718627810882e-04 -3.059290725782061394e-07 9.999999788307115667e-01 1.233075054508928330e-03
9.999972857226339107e-01 2.321614093804209248e-03 -1.966096750369769868e-04 1.791856623520977077e-01 -2.321594704744147763e-03 9.999973002158453195e-01 9.878789064724551798e-05 1.283622722253052045e-02 1.968384915925155162e-04 -9.833117452904258961e-05 9.999999757927938715e-01 -3.927260222037138801e-03
9.999951810703981980e-01 3.092538300663045820e-03 -2.721081412537423362e-04 2.343951263305131816e-01 -3.092472585798302417e-03 9.999951891114978730e-01 2.415929754039288781e-04 1.550253867710901443e-02 2.728539677014220712e-04 -2.407503242171883586e-04 9.999999337949946332e-01 -7.806203395765552548e-03
9.999923944881073945e-01 3.882670152410224590e-03 -3.685626525811884816e-04 3.001629383299664333e-01 -3.882573756050512401e-03 9.999924284852867995e-01 2.619028969049646866e-04 1.387709318812349601e-02 3.695767445642844542e-04 -2.604699333169955091e-04 9.999998977842166070e-01 -8.347189080604807201e-03
9.999868341160323970e-01 5.103248085271853279e-03 -5.370787418311630907e-04 3.668389938701456798e-01 -5.103169605678414822e-03 9.999869678828428032e-01 1.473921777929920404e-04 1.181031374185043635e-02 5.378239214071830728e-04 -1.446494333335127125e-04 9.999998449109734899e-01 -4.738961260166632897e-03
9.999782490656191625e-01 6.571659131186657551e-03 -5.609740832555943670e-04 4.426889984830135183e-01 -6.571636995937485751e-03 9.999784057078940913e-01 4.129275850187741321e-05 5.236252315166984792e-03 5.612333313508375675e-04 -3.760534230651226066e-05 9.999998418014804935e-01 -2.165217278991224750e-03
9.999650982003528421e-01 8.339129664274837206e-03 -5.111727703616924644e-04 5.381812547523875390e-01 -8.339124535569321373e-03 9.999652288224937235e-01 1.216379636073745721e-05 2.208435648790813086e-03 5.112564317576199710e-04 -7.900638431115793186e-06 9.999998692772118503e-01 1.762182383827874590e-03
9.999380158008036590e-01 1.112418395357740730e-02 -4.659267309702252915e-04 6.292171936002833865e-01 -1.112422956174010172e-02 9.999381192921819039e-01 -9.541001969515426292e-05 -8.098755631311162217e-03 4.648365404842181919e-04 1.005871816957520492e-04 9.999998869045984007e-01 4.777817358774734055e-03
9.998832721741575114e-01 1.527510627515991752e-02 -3.363845749510366604e-04 7.210038542844827703e-01 -1.527508520937528348e-02 9.998833269603182305e-01 6.510462051453351951e-05 -9.456462092540028272e-03 3.373398079375385713e-04 -5.995871794823199067e-05 9.999999413034013074e-01 6.978812955068697775e-03
9.997825873332970570e-01 2.084713015694907023e-02 -4.186040582071053604e-04 8.063083139916753517e-01 -2.084706172295069937e-02 9.997826624155151665e-01 1.671851176709418985e-04 -6.449713518676679011e-03 4.219984097206300167e-04 -1.584221048697548567e-04 9.999998984098842358e-01 2.498505387900658466e-03
9.996359669378619417e-01 2.696830624507645310e-02 -8.025350319512092019e-04 9.034082201793464106e-01 -2.696817643403725748e-02 9.996362777673304389e-01 1.721374425827359718e-04 -1.063826649368998858e-02 8.068853873854079555e-04 -1.504318725262480537e-04 9.999996631530549962e-01 4.879831549373173094e-04
9.994154756616308033e-01 3.417366853317894970e-02 -9.313361480797818911e-04 1.015018482187386883e+00 -3.417343662134229854e-02 9.994158827228629693e-01 2.638006209329004357e-04 -1.111393212416230195e-02 9.398071735234740957e-04 -2.318194662199187341e-04 9.999995315109960758e-01 -2.359815245101545313e-03
9.991057441377031445e-01 4.227057903400346928e-02 -9.540331108494905753e-04 1.129012988977413645e+00 -4.227022622251275230e-02 9.991061396090480384e-01 3.870020710114323087e-04 -2.457706453120767770e-02 9.695391400690574289e-04 -3.463287967213337856e-04 9.999994700249698054e-01 -1.016451389250865728e-03
9.986744038985978511e-01 5.145853167709118353e-02 -1.206032925815152083e-03 1.243148362184990141e+00 -5.145795852620043548e-02 9.986750357036638936e-01 5.015641548612609921e-04 -3.117801849754924318e-02 1.230244730199262729e-03 -4.388392910951455510e-04 9.999991469586263504e-01 4.160446303692442657e-03
9.980720007453727227e-01 6.204549852482551392e-02 -1.624019992044276354e-03 1.355218171406274541e+00 -6.204467039708651960e-02 9.980732189151361178e-01 5.554814989988017277e-04 -4.449939810394078210e-02 1.655355987568862689e-03 -4.536487459581065550e-04 9.999985269986000347e-01 -8.533933368497573224e-05
9.972739013207854164e-01 7.376976605313398383e-02 -1.669539123932477394e-03 1.468149331394539958e+00 -7.376872626928770993e-02 9.972751465302396312e-01 6.761195870548016712e-04 -6.380095991611325901e-02 1.714867058218703423e-03 -5.511166437122991084e-04 9.999983777493929304e-01 -2.201521524419640212e-03
9.962361067976032158e-01 8.666496625163903900e-02 -1.674257255274149000e-03 1.589001076862404327e+00 -8.666374602418409900e-02 9.962373079674938792e-01 7.882504274635069707e-04 -8.758271172676138083e-02 1.736271237533328462e-03 -6.401861314875643798e-04 9.999982877604874920e-01 -4.356078133321890193e-03
9.949026616782808974e-01 1.008257624043240458e-01 -1.690982276341442729e-03 1.714903165381758132e+00 -1.008249717394199413e-01 9.949040286346640949e-01 5.466994243777504887e-04 -1.151910199350812680e-01 1.737486465350807910e-03 -3.734194722274220392e-04 9.999984208480934278e-01 -3.276028152284414952e-03
9.931848963608048697e-01 1.165381032160417718e-01 -1.622387002086637595e-03 1.830693011431766548e+00 -1.165380144906227045e-01 9.931862206285761996e-01 1.494393138406166792e-04 -1.529137412534037344e-01 1.628747789180245726e-03 4.064889052954778255e-05 9.999986727632727002e-01 1.356997334420976132e-03
9.910332301670078392e-01 1.336095674115015119e-01 -1.272871108137564296e-03 1.962000597050935324e+00 -1.336099908685360604e-01 9.910339581407804355e-01 -2.532823079250625287e-04 -2.026527932937472465e-01 1.227617552905757277e-03 4.210794809022127302e-04 9.999991578232526601e-01 1.033241430527961219e-02
9.885158222986624166e-01 1.511142171180659410e-01 -9.810453574093636574e-04 2.105585864863930734e+00 -1.511152133676115228e-01 9.885156140211611708e-01 -1.035917577772746444e-03 -2.407565968187002359e-01 8.132367800981549688e-04 1.172271794733885592e-03 9.999989822118714455e-01 2.007216516181842617e-02
9.857542683872254630e-01 1.681913034809809360e-01 -4.558395928344511640e-04 2.248027364093475811e+00 -1.681916869310328688e-01 9.857537985090053523e-01 -1.002582844769335556e-03 -2.726511699693072721e-01 2.807198946379341220e-04 1.064968748731961101e-03 9.999993935187685423e-01 3.144976655193535559e-02
9.827441659477451630e-01 1.849697274644702960e-01 -3.228271833859632932e-04 2.380156565250419298e+00 -1.849698480156654334e-01 9.827441168559831741e-01 -3.951075996608265930e-04 -3.042778704035762893e-01 2.441735702053389272e-04 4.480029835345216457e-04 9.999998698362887461e-01 2.066320272727186630e-02
9.793209364704428266e-01 2.023108663265595908e-01 -9.037460107357836578e-04 2.509266175860702663e+00 -2.023107095533759336e-01 9.793213506509489408e-01 2.626008582197299148e-04 -3.271947419581199279e-01 9.381847710037061932e-04 -7.433302170169855179e-05 9.999995571418706097e-01 9.178623555890601249e-04
9.752917708481176895e-01 2.209180814566014117e-01 -1.078425462066868318e-03 2.638318971422795478e+00 -2.209177080210112942e-01 9.752923453432243983e-01 4.554093278322911970e-04 -3.698275201889564268e-01 1.152388253159196581e-03 -2.059136884509937284e-04 9.999993148001986576e-01 -1.658960239713163504e-03
9.707014154077928669e-01 2.402882756127187602e-01 -5.538306362268538086e-04 2.789006117779055050e+00 -2.402881289242625451e-01 9.707015573932719077e-01 3.187041785379580213e-04 -4.392936985317257848e-01 6.141851386089676760e-04 -1.762876698832891538e-04 9.999997958496156247e-01 7.230804937787755834e-03
9.657036772674065794e-01 2.596466978638107270e-01 -7.923025948902645630e-07 2.946760083293415100e+00 -2.596466926761768490e-01 9.657036585741060053e-01 1.969743880770665368e-04 -5.049472239589071210e-01 5.190887894253837199e-05 -1.900131721451583423e-04 9.999999806002312086e-01 1.300350400154723536e-02
9.602201677557861137e-01 2.792437534032503610e-01 3.944874073898058152e-04 3.101195849034499297e+00 -2.792438972927410168e-01 9.602201340780303074e-01 3.740801126668124536e-04 -5.526612670445298914e-01 -2.743352164813424093e-04 -4.693574696114686346e-04 9.999998522218664920e-01 1.495944230989443291e-02
9.539459389767132036e-01 2.999771979071856332e-01 9.089805224152292277e-04 3.250042432529012704e+00 -2.999779661350642779e-01 9.539457285566308453e-01 8.756723297085788806e-04 -6.172314408257878471e-01 -6.044363549483460765e-04 -1.108018191170284791e-03 9.999992034758732329e-01 1.339810856602420205e-02
9.467736665270284346e-01 3.218957322275942667e-01 1.661909933834592595e-03 3.394710519512849967e+00 -3.218982790743704081e-01 9.467729123434552863e-01 1.596991437263016672e-03 -6.840037364318810598e-01 -1.059386580050119316e-03 -2.046955386147731454e-03 9.999973438333329412e-01 3.219644082197804791e-03
9.389110898701240604e-01 3.441261013155876292e-01 4.815777427336024458e-03 3.542760212949104481e+00 -3.441458405567582313e-01 9.389071089323907104e-01 4.132943709051991633e-03 -7.611123135462486422e-01 -3.099313856009087206e-03 -5.537796452902698195e-03 9.999798633292913408e-01 6.500077820399156533e-03
9.303166013120227618e-01 3.666917077194275509e-01 6.943544704017478274e-03 3.704362538174176489e+00 -3.667322123886623264e-01 9.303079365126964984e-01 5.884526999326691876e-03 -8.318587125911677260e-01 -4.301827491173978481e-03 -8.020894669466354515e-03 9.999585789066152142e-01 -1.523999724148615911e-03
9.207564755373602861e-01 3.900930024878338509e-01 5.912881365743580427e-03 3.861368142166372586e+00 -3.901209052261700450e-01 9.207519198305488262e-01 4.645582188726829834e-03 -9.161927128508442486e-01 -3.632087764934227060e-03 -6.584188513810089460e-03 9.999717278003825705e-01 -1.309060210584497841e-02
9.100712924856604324e-01 4.144386841612669459e-01 3.289325790649548064e-03 3.982919181455813806e+00 -4.144444735415968584e-01 9.100736684954645606e-01 1.302406248400709166e-03 -1.019669374063856493e+00 -2.453761257342576118e-03 -2.548525433435982687e-03 9.999937420173223845e-01 -8.861398712950482870e-03
8.981133257525972802e-01 4.397556897852508140e-01 2.717978496482067498e-03 4.112703524297975477e+00 -4.397489384612659480e-01 8.981165340986233536e-01 -2.749963793570208478e-03 -1.134574446163342909e+00 -3.650373651940994404e-03 1.274550969754032013e-03 9.999925251180764585e-01 3.383148597159967019e-02
8.853581423287304464e-01 4.648932561138625630e-01 3.901311583316179402e-03 4.280620190361381638e+00 -4.648816657740385550e-01 8.853657562136337811e-01 -3.537591188306858907e-03 -1.237631503561059887e+00 -5.098689966519421787e-03 1.318386935242269863e-03 9.999861325121035538e-01 7.117550905861914912e-02
8.720462312328072230e-01 4.893869132107960263e-01 5.984962043824529863e-03 4.431686388059073778e+00 -4.893914068680695340e-01 8.720638899015058509e-01 -7.891853685075000957e-04 -1.314854315719711009e+00 -5.605486272295495849e-03 -2.240782868328243266e-03 9.999817785418833038e-01 3.763966538611293600e-02
8.572747641440140454e-01 5.148145182223449190e-01 6.781636183100983768e-03 4.553090443180458635e+00 -5.148461109451916151e-01 8.572724916499910863e-01 4.166185884905298543e-03 -1.417936764645818970e+00 -3.668897168988460335e-03 -7.063065036577044660e-03 9.999683256512940099e-01 -1.252627095164789151e-02
8.412779492804944859e-01 5.405637881796678812e-01 6.496380781087884859e-03 4.694561793295951801e+00 -5.405981185678669920e-01 8.412600158395331373e-01 5.938008971954627721e-03 -1.553508252294359737e+00 -2.255272774672984620e-03 -8.507447238491727681e-03 9.999612677930060922e-01 -2.370191907822434552e-02
8.242772244038191198e-01 5.661425678188857225e-01 7.046292115323047126e-03 4.848921795794638001e+00 -5.661774370490849639e-01 8.242704058620400343e-01 4.626856012165902338e-03 -1.685025117043392084e+00 -3.188589918063968950e-03 -7.803263641977009266e-03 9.999644703542562851e-01 7.772613471516413852e-03
8.064352631844048380e-01 5.912194282435487835e-01 1.103421769184537854e-02 4.973642624462139672e+00 -5.912927837460495439e-01 8.064412019777319474e-01 5.042979531835540402e-03 -1.800563489092836589e+00 -5.916940302840015958e-03 -1.059128982146052139e-02 9.999264044905357141e-01 4.859783694331046983e-02
7.879299907192351959e-01 6.155497523349359179e-01 1.627366355756757615e-02 5.103395678861535778e+00 -6.157064567526367993e-01 7.879440057531948982e-01 7.057117734778735156e-03 -1.917195113879747392e+00 -8.478728577988051129e-03 -1.558031443868320223e-02 9.998426701054984322e-01 2.064660474082874453e-02
7.687549339954832250e-01 6.393898302120576416e-01 1.401772017827516634e-02 5.228823368744414779e+00 -6.395013875924305813e-01 7.687711191940737043e-01 5.379736094570642529e-03 -2.056909563626231119e+00 -7.336669881908750544e-03 -1.310005017118415563e-02 9.998872746267732925e-01 -5.196244154270497628e-02
7.487121170679466031e-01 6.628900389333015619e-01 2.638567535489626682e-03 5.335038611763377681e+00 -6.628879903157557374e-01 7.487166209670954586e-01 -1.712828874451128918e-03 -2.214014312706421794e+00 -3.110956568636262434e-03 -4.666589981477022985e-04 9.999950520770627405e-01 -4.391632972704426902e-02
7.274534890259682918e-01 6.860818246030643275e-01 -1.015634054547358105e-02 5.422391039042574690e+00 -6.861551388522827422e-01 7.274062532055346475e-01 -8.442050940991716393e-03 -2.386264931149495006e+00 1.595847909474781140e-03 1.311002466876987592e-02 9.999127864582161296e-01 6.711109514486489347e-02
7.044988394860205450e-01 7.095099065711711894e-01 -1.664564928797731755e-02 5.514562379575381534e+00 -7.096818989691753288e-01 7.044717849023558465e-01 -8.432470100403998553e-03 -2.543406324985670430e+00 5.743469191658179089e-03 1.775378139600182481e-02 9.998258927472259971e-01 1.472413576644937272e-01
6.805023906600814465e-01 7.326144784939048193e-01 -1.387523718780474258e-02 5.650963344986161374e+00 -7.327110572368566999e-01 6.805326168753520477e-01 -3.140696042777478721e-03 -2.695022270383520713e+00 7.141632079695671258e-03 1.230379087473529309e-02 9.998988017901356828e-01 8.990071340558683510e-02
6.558991453574999353e-01 7.548044547929048109e-01 -8.157582000014814566e-03 5.784916720615441044e+00 -7.548233222214336680e-01 6.559272639253177495e-01 1.084744229857415553e-03 -2.831332349560783168e+00 6.169550218523414849e-03 5.446050333249990993e-03 9.999661380196175342e-01 -4.022853702586907249e-02
6.309061329756606717e-01 7.758276034582889391e-01 -6.998648860022444428e-03 5.889134433468512064e+00 -7.758429775095110337e-01 6.309255758616352239e-01 7.693977127339463040e-04 -3.004091680651738372e+00 5.012546545839703833e-03 4.944434834442066815e-03 9.999752131634532804e-01 -8.380421116107943103e-02
6.047549122609980898e-01 7.963249543650078310e-01 -1.175002773446233786e-02 5.961427470290789010e+00 -7.963996177323661163e-01 6.047610205761133617e-01 -3.428828878612771164e-03 -3.212110981009919985e+00 4.375496764204345190e-03 1.143131870371394930e-02 9.999250871844153066e-01 1.693490441742401265e-02
5.766503388975730005e-01 8.168187892101744785e-01 -1.677653845520210574e-02 6.042297643947279084e+00 -8.169777100395198000e-01 5.766367052608789567e-01 -6.126291248418873868e-03 -3.416428796686727054e+00 4.669898060607786602e-03 1.723878589410694079e-02 9.998404954356473473e-01 1.364460729674135397e-01
5.468543629226803038e-01 8.370446686789069224e-01 -1.750795215462362317e-02 6.146560935299213213e+00 -8.372087673622282677e-01 5.468632023428628974e-01 -4.702953872560183129e-03 -3.603566197929825687e+00 5.637872315673781755e-03 1.722964188624296136e-02 9.998356634148554134e-01 1.315442520172903917e-01
5.171010899928091264e-01 8.558055393131437372e-01 -1.425978994193292416e-02 6.271522872267958348e+00 -8.558930092833884062e-01 5.171529299662578349e-01 -6.072182854393367440e-05 -3.824130595705517610e+00 7.322526071948864609e-03 1.223625384887638834e-02 9.998983221826465151e-01 4.205235652628612486e-02
4.867406300810289688e-01 8.734276339595045124e-01 -1.441274658851959302e-02 6.376437110560551957e+00 -8.734936881235316752e-01 4.868264225012122193e-01 2.968360325451080764e-03 -4.042380182460888705e+00 9.609153795903548415e-03 1.114462159847823958e-02 9.998917249246307426e-01 -3.609291171954459587e-02
4.556080132315256659e-01 8.900141021127323526e-01 -1.721151706528605690e-02 6.457764505875406513e+00 -8.901230652362848161e-01 4.557130985058390760e-01 2.549624397405823861e-03 -4.252512538575250467e+00 1.011271544058949499e-02 1.415873902133036114e-02 9.998486200899331378e-01 -1.621965677536209294e-02
4.238872886910992621e-01 9.054907865787898968e-01 -2.014948900179253793e-02 6.525506624030954050e+00 -9.056645196353342309e-01 4.239935417204543366e-01 1.120023680521282927e-03 -4.479694915008344935e+00 9.557424329189450132e-03 1.777391347649989392e-02 9.997963510835202738e-01 6.465251432828106326e-02
3.930802881202241084e-01 9.192898817627024322e-01 -1.984944281429732935e-02 6.592272820048214577e+00 -9.194657651276956223e-01 3.931695357757727383e-01 6.503045476177540807e-04 -4.736583056820348858e+00 8.402014607394297369e-03 1.799526122566285496e-02 9.998027689119275419e-01 9.528785606310967438e-02
3.639131754003437358e-01 9.312467100563458500e-01 -1.862164813518935730e-02 6.673651890327940706e+00 -9.314031010784374898e-01 3.639886628344271013e-01 7.187694177299003284e-04 -5.006744446094269385e+00 7.447420460050862591e-03 1.708269115912012387e-02 9.998263437173744439e-01 3.728191044823310485e-02
3.344868112399173032e-01 9.421447623079496347e-01 -2.195039776972657411e-02 6.725964368937289883e+00 -9.423857201369555403e-01 3.345209913773800059e-01 -2.204724437787788580e-03 -5.256020744743569395e+00 5.265699241662660790e-03 2.142319265637475378e-02 9.997566299994735672e-01 -7.520925056630472366e-03
3.042229818981244671e-01 9.521989497273417591e-01 -2.766834695389142063e-02 6.777309876478280870e+00 -9.525980487614809089e-01 3.041641611770564690e-01 -6.412530801254635177e-03 -5.522411668393635509e+00 2.309714448337262319e-03 2.830765256260388621e-02 9.995965896428228303e-01 2.852044990862820373e-02
2.751879862139509081e-01 9.608102070942738937e-01 -3.339637984825562234e-02 6.838397068102471721e+00 -9.613897752242568373e-01 2.750624690627592184e-01 -8.386787665813666068e-03 -5.810831769160239801e+00 1.127979504772839286e-03 3.441488132417764439e-02 9.994069959759535049e-01 6.948892804658134137e-02
2.492576882459442977e-01 9.678143403578062243e-01 -3.472761794411250574e-02 6.902023235670039725e+00 -9.684344711408109374e-01 2.491817592060115993e-01 -6.567037780863179200e-03 -6.091819740301589903e+00 2.297815594357321967e-03 3.526830697356846123e-02 9.993752381196526757e-01 9.171248079675123344e-02
2.248882731959653825e-01 9.738733060593567359e-01 -3.156023326839151738e-02 6.937004352585391054e+00 -9.743830872289005463e-01 2.248261919987050161e-01 -5.548217158522144449e-03 -6.363660648614327009e+00 1.692306477418093966e-03 3.199948650181586030e-02 9.994864526157453133e-01 6.828904371987909450e-02
2.010492085950807972e-01 9.791516495712605517e-01 -2.900453180403544245e-02 6.952272582717125893e+00 -9.795808786111398492e-01 2.009392509577775376e-01 -6.687277768615067577e-03 -6.653769567122302497e+00 -7.197101631967409846e-04 2.975675665133732661e-02 9.995569105613116845e-01 2.593594583674333626e-02
1.781163603869928558e-01 9.835802434197850053e-01 -2.905971295053843065e-02 6.993925121923689758e+00 -9.840060758750420744e-01 1.779609354999071025e-01 -7.870710069562416103e-03 -6.952433110895438695e+00 -2.569981224070160691e-03 2.999683633776617508e-02 9.995466897580288501e-01 2.380608520507837209e-02
1.559829123772681347e-01 9.872572268106641902e-01 -3.150395461560128590e-02 7.048279574606789666e+00 -9.877547576694051257e-01 1.558013254176451312e-01 -8.153876351735511382e-03 -7.246916052536586328e+00 -3.141615469763445537e-03 3.239004643746902501e-02 9.994703673166197566e-01 4.657359808356507924e-02
1.360120118671942491e-01 9.901479462551650013e-01 -3.328328641401312460e-02 7.064766029140745474e+00 -9.907016356892508480e-01 1.358219956233599479e-01 -7.915462559501160525e-03 -7.557996054243762529e+00 -3.316876615294596375e-03 3.405040427905382805e-02 9.994146128098947424e-01 6.472938495818915394e-02
1.191709117353390024e-01 9.922844085136659498e-01 -3.420447948518374331e-02 7.079450729282719124e+00 -9.928629780903719393e-01 1.189383699953919793e-01 -8.761899357841813549e-03 -7.878380828192095287e+00 -4.626071085243751990e-03 3.500452490069785177e-02 9.993764469421874130e-01 6.778852957061287654e-02
1.056395615861472903e-01 9.937985041072618930e-01 -3.471046329359135652e-02 7.096655238204959915e+00 -9.943894249847045064e-01 1.053814697580479631e-01 -9.187889323606354686e-03 -8.202796709004642750e+00 -5.473071027841636474e-03 3.548632223551480974e-02 9.993551753144231942e-01 5.131018046577726088e-02
9.446849678390456528e-02 9.949038866196876496e-01 -3.524144583340849124e-02 7.115673359058227732e+00 -9.955104433438320966e-01 9.419829084411546205e-02 -9.254144769473737070e-03 -8.506253294959902789e+00 -5.887300634108118269e-03 3.595745251108695140e-02 9.993359801889235561e-01 3.621049212427445568e-02
8.452141525746015294e-02 9.958049391743922785e-01 -3.505215369646937779e-02 7.131874254475129682e+00 -9.964041004052953676e-01 8.425875225711343397e-02 -8.906815569465756019e-03 -8.808339381593501827e+00 -5.916000202000303021e-03 3.567892632856714541e-02 9.993457935858091057e-01 4.604828471874357343e-02
7.600013632837987476e-02 9.965133990792421903e-01 -3.442418820542605951e-02 7.156580050114262015e+00 -9.970907399301965901e-01 7.575153243097687561e-02 -8.471226582473265904e-03 -9.137655228424945264e+00 -5.834005786817484177e-03 3.496785366438118214e-02 9.993714092301149154e-01 6.000295446538572719e-02
6.956706363119902203e-02 9.969909699491918964e-01 -3.419692233962783739e-02 7.178757183170781708e+00 -9.975612260044937063e-01 6.933059750141468136e-02 -8.054105940987373730e-03 -9.470282813514364406e+00 -5.658977835662671804e-03 3.467382427518868326e-02 9.993826603858948499e-01 5.864494151178831216e-02
6.546734451959435042e-02 9.971899428727463155e-01 -3.641764181000434891e-02 7.202710746278586207e+00 -9.978402780449077136e-01 6.522648356544435977e-02 -7.764364297761243774e-03 -9.802050937206432835e+00 -5.367151275515236186e-03 3.684730214189176761e-02 9.993064945311072034e-01 4.454974579668403989e-02
6.296878721415144486e-02 9.973164594458988619e-01 -3.734717599867092702e-02 7.217709743485849039e+00 -9.980041037210499733e-01 6.274515621271159471e-02 -7.131222040157350964e-03 -1.011116408634211439e+01 -4.768730724472050597e-03 3.772167931228942450e-02 9.992769056258321569e-01 5.355498860514985859e-02
6.072746762083425232e-02 9.975380701570054631e-01 -3.507097466278497749e-02 7.239623719121492051e+00 -9.981398841543697165e-01 6.049970301206009093e-02 -7.520478425862071881e-03 -1.040714060282895481e+01 -5.380179984149873265e-03 3.546243819719275409e-02 9.993565275418220262e-01 7.159476753845882280e-02
5.804346996304410311e-02 9.978142507541797324e-01 -3.158601884575443219e-02 7.258400279221071116e+00 -9.982906002193919770e-01 5.779615865762877114e-02 -8.688012317479095262e-03 -1.073155425861009427e+01 -6.843471944536411167e-03 3.203630809405737245e-02 9.994632768918760846e-01 4.758387757564465359e-02
5.456945871311336127e-02 9.981002790166211280e-01 -2.860082521014990775e-02 7.275844726127168371e+00 -9.984664886262482053e-01 5.427736318985187935e-02 -1.089215017925979946e-02 -1.106650933770825951e+01 -9.319080755549357872e-03 2.915134425889560205e-02 9.995315672162490284e-01 1.799909773627680898e-02
5.117898972135237479e-02 9.982753857732128422e-01 -2.875700211157482256e-02 7.286893492258162297e+00 -9.986326106877755349e-01 5.084752070544407143e-02 -1.214242599432082022e-02 -1.138657031858895508e+01 -1.065926273340849460e-02 2.933911718939146568e-02 9.995126794195896558e-01 1.510233686238789640e-02
4.894327880491089466e-02 9.983224190123334285e-01 -3.093385131515176065e-02 7.304992102951156419e+00 -9.987374765589860370e-01 4.856583284671511791e-02 -1.283794362403673298e-02 -1.169334644094224629e+01 -1.131407868161550881e-02 3.152312765681850038e-02 9.994389846540499001e-01 5.001212835044184513e-02
4.655463240808821457e-02 9.983963528738565296e-01 -3.220852013876916720e-02 7.321156082047008518e+00 -9.988503588403129241e-01 4.615846276237922652e-02 -1.293665180764005940e-02 -1.200652050111298585e+01 -1.142921020569010078e-02 3.277375296782113895e-02 9.993974455993362982e-01 7.229102528495363889e-02
4.421730117827071815e-02 9.985307934028274657e-01 -3.132227486678090811e-02 7.329243331103964643e+00 -9.989528610243277873e-01 4.382381714424488095e-02 -1.313980601904018650e-02 -1.232870567031932296e+01 -1.174783928304785029e-02 3.187048285212913667e-02 9.994229638120948334e-01 7.436372784874577258e-02
4.152951194688725423e-02 9.986601018973476629e-01 -3.087556502856207002e-02 7.333739777798210291e+00 -9.990638462918769447e-01 4.113197781589661428e-02 -1.340117283800546302e-02 -1.262127064085584038e+01 -1.211324357613840531e-02 3.140320492134843211e-02 9.994333935039058092e-01 5.083271261858294393e-02
3.832652980964401657e-02 9.987589506598828493e-01 -3.180621935282981760e-02 7.343049046411397107e+00 -9.991956809187214628e-01 3.792880871314496805e-02 -1.301524886333291567e-02 -1.292094666599895092e+01 -1.179272428759779896e-02 3.227946632724146281e-02 9.994093093960577656e-01 4.456784676989039573e-02
3.612721663649454129e-02 9.988011967649115252e-01 -3.303019162948390292e-02 7.352946531087179771e+00 -9.992895152096357148e-01 3.575027638797367846e-02 -1.193241510654095491e-02 -1.320897370592848041e+01 -1.073727200880702365e-02 3.343780912625891888e-02 9.993831216858951594e-01 4.665547565703941080e-02
3.513497972231816036e-02 9.988269086334727875e-01 -3.332176150224931688e-02 7.364200025815402562e+00 -9.993470045164624116e-01 3.483287975221704968e-02 -9.603908170200077532e-03 -1.350339191157884855e+01 -8.431948996900789223e-03 3.363743566129981377e-02 9.993985316970630528e-01 6.234465656534015493e-02
3.261060220195477477e-02 9.989701799826395945e-01 -3.154565151456920763e-02 7.384794695863677205e+00 -9.994352795584191540e-01 3.233737371669920257e-02 -9.133248879298797029e-03 -1.380319799124354141e+01 -8.103739754615974303e-03 3.182567778633020594e-02 9.994605823320048543e-01 6.346961854311342077e-02
2.933017937529036612e-02 9.991219826775391555e-01 -2.991662260878247270e-02 7.383813919972077144e+00 -9.995182784769153228e-01 2.901171883328923506e-02 -1.102411723819482492e-02 -1.410534006804928175e+01 -1.014650522872723171e-02 3.022555046382430916e-02 9.994916030316624012e-01 5.702497419345617380e-02
2.729614074418296177e-02 9.991755481995558963e-01 -3.005236397675102936e-02 7.383731426157581268e+00 -9.995615102667592122e-01 2.693685414568292025e-02 -1.229605961152266218e-02 -1.440805172382254362e+01 -1.147640595786284315e-02 3.037482129744258769e-02 9.994726921419307963e-01 3.732082780554869111e-02
2.575154895549702783e-02 9.992013946682846148e-01 -3.055209680770502867e-02 7.395387614020303424e+00 -9.996016266174984066e-01 2.538463274632540845e-02 -1.233728025074179273e-02 -1.467918230466820617e+01 -1.155187387586091574e-02 3.085762974191189056e-02 9.994570330417748005e-01 4.069903723459061817e-02
2.375645071502141548e-02 9.993003099012439661e-01 -2.888808890707215277e-02 7.409694657918830529e+00 -9.996408304404104106e-01 2.338619354404591899e-02 -1.308801237497633947e-02 -1.496151703172466085e+01 -1.240327238400676553e-02 2.918863790584572820e-02 9.994969646033796673e-01 4.722634267682955522e-02
2.199183877382482333e-02 9.993643697869112330e-01 -2.805735960057632525e-02 7.415998057356294026e+00 -9.996725547928286826e-01 2.161406687134581617e-02 -1.369727371633342426e-02 -1.525485217346912137e+01 -1.308213366868211588e-02 2.834940058785978545e-02 9.995124657876878205e-01 4.606767992563386149e-02
2.034725867013886802e-02 9.993487855288104571e-01 -2.979922694807037725e-02 7.412971207985794564e+00 -9.997089838153724317e-01 1.995018090483902107e-02 -1.356237297452009792e-02 -1.552172260102176260e+01 -1.295904099253705234e-02 3.006651200183255157e-02 9.994638903495199900e-01 4.217008534566955846e-02
