1.000000000000000000e+00 0.000000000000000000e+00 0.000000000000000000e+00 0.000000000000000000e+00 0.000000000000000000e+00 1.000000000000000000e+00 0.000000000000000000e+00 0.000000000000000000e+00 0.000000000000000000e+00 0.000000000000000000e+00 1.000000000000000000e+00 0.000000000000000000e+00
9.999999985910483780e-01 1.483144240541229115e-05 5.096990806334987523e-05 3.248292260863547189e-03 -1.483026542200231944e-05 9.999999996234106847e-01 -2.309203144476008361e-05 -2.884744179541094081e-03 -5.097025053228954321e-05 2.309127551495941495e-05 9.999999984344132287e-01 -3.433885699471421124e-03
9.999999975987999834e-01 4.445257525770670475e-05 5.316360199312859683e-05 2.220207417259485727e-03 -4.445165600924310095e-05 9.999999988625186687e-01 -1.729199306443644646e-05 -3.617556097542886165e-03 -5.316437060627904473e-05 1.728962981276690084e-05 9.999999984373092454e-01 -2.345203801000886844e-03
9.999999988245912297e-01 4.816208290686654995e-05 5.588504576350144386e-06 -1.732573399447899943e-04 -4.816173581718335620e-05 9.999999969125579202e-01 -6.209131450795053850e-05 -3.785899518223908786e-03 -5.591495006133088832e-06 6.209104528288682777e-05 9.999999980567186864e-01 7.432047350905187505e-04
9.999999984543632703e-01 5.532457918838211094e-05 5.519461969077948050e-06 -3.451621757843700757e-03 -5.532433797237713629e-05 9.999999975150524190e-01 -4.369339601746524324e-05 -3.396799107629960759e-03 -5.521879274110351887e-06 4.369309058935172429e-05 9.999999990302113062e-01 5.073999771674289616e-04
9.999999985466436758e-01 -4.154131407730738231e-05 3.436614299721351280e-05 -4.706340560889465778e-03 4.154058607119299221e-05 9.999999989128034450e-01 2.118426045518824206e-05 1.556398570406236637e-03 -3.436702298186781747e-05 -2.118283283467885050e-05 9.999999991850976322e-01 4.445211236166583813e-04
9.999999977274806051e-01 -5.342201036811560454e-05 4.112332204212553019e-05 -6.674770370729193880e-03 5.341982725998540638e-05 9.999999971640923802e-01 5.308613019321296736e-05 7.828166159428284060e-04 -4.112615789330117510e-05 -5.308393327181385401e-05 9.999999977453676303e-01 -1.935999375128496613e-04
9.999999976690980841e-01 -6.729967686308792460e-05 1.151335331126617364e-05 -1.114293024922134376e-02 6.729975612359940878e-05 9.999999977116768024e-01 -6.883975816678126122e-06 1.226213409047486615e-04 -1.151288999557190537e-05 6.884750646502266436e-06 9.999999999100267489e-01 -2.779984045615896578e-03
9.999999956770205811e-01 -8.315099447767937966e-05 -4.161575300117623094e-05 -1.881503253200968173e-02 8.315113835687567006e-05 9.999999965369734678e-01 3.455607056557787897e-06 3.693613041597256126e-03 4.161546551989649616e-05 -3.459067438854896260e-06 9.999999991280938971e-01 -1.871448264688071756e-03
9.999999857324479713e-01 -8.151159149003826311e-05 -1.479559536612217038e-04 -2.687222907992345769e-02 8.150457690534903784e-05 9.999999955543936725e-01 -4.741536259930323655e-05 8.430457706141151336e-03 1.479598179051342971e-04 4.740330283539829863e-05 9.999999879304095618e-01 -1.028790704346395791e-03
9.999997772024975529e-01 -1.131652055829568859e-04 -6.578666973242163884e-04 -1.090640108667408764e-02 1.130133828235633197e-04 9.999999669766612698e-01 -2.308130233946849665e-04 1.665282754710906143e-02 6.578927956025052998e-04 2.307386242292082260e-04 9.999997569683488630e-01 -1.040882990786294723e-03
9.999985979032536276e-01 -1.799086584279281458e-04 -1.664879695802899207e-03 2.525152521181319581e-02 1.787639340621113989e-04 9.999997475594269991e-01 -6.876950909958180801e-04 2.674551848523353675e-02 1.665002997820943338e-03 6.873965063366067061e-04 9.999983776242140632e-01 1.421135634140339001e-03
9.999969986812795586e-01 9.145051007563319852e-07 -2.450026039998008057e-03 4.461608560794838585e-02 -3.929832991918449659e-06 9.999992426457132710e-01 -1.230728465680960967e-03 1.179356852992269333e-02 2.450023058952824784e-03 1.230734400065740123e-03 9.999962413328598032e-01 1.013164074101080905e-02
9.999768605607521899e-01 -2.156800061450840297e-04 -6.799398884975786130e-03 1.007211905857794132e-01 2.028759303058430606e-04 9.999982051577385178e-01 -1.883752281575515114e-03 8.773697014201598671e-03 6.799792968830980534e-03 1.882329258229727608e-03 9.999751095163041947e-01 2.690312736724866788e-02
9.999462350421752799e-01 -7.030806304574838779e-04 -1.034566105213810712e-02 1.877544797853373248e-01 6.864191291475325819e-04 9.999984620043896877e-01 -1.613944743251171515e-03 1.727294258113273515e-02 1.034677987384443297e-02 1.606756509930255122e-03 9.999451797372493900e-01 7.765179774835158366e-03
9.999430575841999902e-01 -1.235137973906415450e-03 -1.059981242035553176e-02 2.767560293115782777e-01 1.234957044843589414e-03 9.999992371614375708e-01 -2.361440745987254523e-05 1.975309597860349167e-02 1.059983350146124700e-02 1.052274977592545538e-05 9.999438201314176933e-01 -2.110029338207782684e-02
9.999292162666808537e-01 -1.871805423321989698e-03 -1.174984258441512212e-02 4.092068303511079974e-01 1.882259032033664625e-03 9.999978425042240771e-01 8.786852869248170566e-04 8.242903055833371989e-03 1.174817250629391942e-02 -9.007393376292851086e-04 9.999305821462848298e-01 -4.588869262486241357e-02
9.999143108457850815e-01 -2.263275638395285342e-03 -1.289374069784713500e-02 5.675264736392823250e-01 2.269531029187330917e-03 9.999973139078048856e-01 4.705380778853990309e-04 4.199952244870393779e-03 1.289264110670226490e-02 -4.997605024715386871e-04 9.999167615580478730e-01 -3.284254681591930458e-02
9.999084170434048291e-01 -2.409944816692615246e-03 -1.331727043101730255e-02 7.170004637534647118e-01 2.402705632584599058e-03 9.999969569409001835e-01 -5.595664237481518585e-04 8.370291377586358203e-03 1.331857842997884005e-02 5.275176963253961314e-04 9.999111646509826201e-01 -5.623295471879317248e-03
9.999061954343967384e-01 -2.799081180964259775e-03 -1.340766483964774339e-02 8.474951484265861312e-01 2.781664791789564568e-03 9.999952633086989229e-01 -1.317460114040701043e-03 1.565738934640512059e-02 1.341128900949021055e-02 1.280040901042441047e-03 9.999092452929894126e-01 1.393049180112566898e-02
9.999041799188767010e-01 -3.420988863840469449e-03 -1.341371745461202893e-02 9.963632217253916012e-01 3.409623280883559114e-03 9.999938086889190725e-01 -8.700878760504447175e-04 2.844280019292511411e-02 1.341661096704904570e-02 8.242687808431379409e-04 9.999096534843214812e-01 1.203362749394824849e-02
9.998995201404564659e-01 -3.699284423183979778e-03 -1.368447725130101690e-02 1.190826065668169731e+00 3.700316170508576377e-03 9.999931525528473752e-01 5.007650036776508426e-05 2.095472064427452916e-02 1.368419830034845082e-02 -1.007083611459875849e-04 9.999063619033048411e-01 -4.934918209418734034e-03
9.998897771495225406e-01 -3.636952985639527614e-03 -1.439465612157756098e-02 1.431374976435925817e+00 3.649213636218979952e-03 9.999930008077326793e-01 8.255757889114790542e-04 1.193145018806951972e-02 1.439155279028138910e-02 -8.780139670022838816e-04 9.998960507471555959e-01 -1.963084034818887713e-03
9.998858951491410574e-01 -3.461430070128568900e-03 -1.470425733148317086e-02 1.651777365363395811e+00 3.488772707714086780e-03 9.999922319463019349e-01 1.834260626881962673e-03 1.434258144424750865e-02 1.469779394313228647e-02 -1.885351140511978959e-03 9.998902041245739669e-01 2.151646665000308753e-02
9.998856747261858358e-01 -3.630031637231640428e-03 -1.467856763014808302e-02 1.883677531724426091e+00 3.666198325757062670e-03 9.999903081266244831e-01 2.437753608291875172e-03 3.017650543332397670e-02 1.466957624460740392e-02 -2.491289451513276250e-03 9.998892923767472851e-01 2.501531702355084402e-02
9.998782641146737316e-01 -4.477580896722422113e-03 -1.494684650152019144e-02 2.137649838276018510e+00 4.508221098219801840e-03 9.999878039941507701e-01 2.016880136588201661e-03 4.127308195125296147e-02 1.493763346572226682e-02 -2.084018298649183056e-03 9.998862555181837752e-01 2.365412508036653441e-02
9.998631241608885167e-01 -4.788323434334816955e-03 -1.583682107987182536e-02 2.385973148679562339e+00 4.806043615460492760e-03 9.999878665605849148e-01 1.081053364115623942e-03 3.223549148563989442e-02 1.583145249160556461e-02 -1.157017846869394474e-03 9.998740052735184403e-01 3.078885052496109498e-02
9.998407245968108370e-01 -4.225691738826450709e-03 -1.733980873749124685e-02 2.664452627264327411e+00 4.251059067121865966e-03 9.999899469537986141e-01 1.426354846078838621e-03 3.621252938003509392e-02 1.733360708370317721e-02 -1.499840213991309812e-03 9.998486368169935412e-01 4.590275136782580312e-02
9.998231834476891677e-01 -3.357611775679378296e-03 -1.850211565449687984e-02 2.992872352363324051e+00 3.406204638955176445e-03 9.999908306540400416e-01 2.595453293870864011e-03 3.265663086938785237e-02 1.849323147765472714e-02 -2.658016366940590351e-03 9.998254524358274331e-01 3.690964323435150934e-02
9.998587024306050397e-01 -2.907149660565555745e-03 -1.655668006086756169e-02 3.309757991414398415e+00 2.961513586912204420e-03 9.999903010899896527e-01 3.259933009492706982e-03 2.244595987932617581e-02 1.654704236597557068e-02 -3.308505221836492965e-03 9.998576144542460353e-01 3.167544223099248712e-02
9.999019643744032626e-01 -1.406148437367886993e-03 -1.393141725674818844e-02 3.638009056982778766e+00 1.444418280385693226e-03 9.999952103115506974e-01 2.737336257911726634e-03 2.204911093064329183e-02 1.392750142849825783e-02 -2.757190695196541468e-03 9.998992062220218857e-01 4.482559367544401707e-02
9.999176329470017555e-01 4.825561464564772957e-04 -1.282553941285344973e-02 3.951380767094888391e+00 -4.568037295685463471e-04 9.999978740952235601e-01 2.010754929392856091e-03 2.332077478378451196e-02 1.282648244912814803e-02 -2.004730555197500527e-03 9.999157276507771863e-01 6.322758191401679773e-02
9.999159645756713344e-01 1.845054861203090663e-03 -1.283197409847596296e-02 4.296316726448374368e+00 -1.813402484826062092e-03 9.999952858344831608e-01 2.477878172626032157e-03 2.773621069937217201e-02 1.283648542759402780e-02 -2.454400409366960713e-03 9.999145966333813362e-01 7.601197454798916398e-02
9.999150225432772432e-01 3.339214088303538597e-03 -1.260148172041152155e-02 4.646322155752858230e+00 -3.291943634619921583e-03 9.999874747904891059e-01 3.770062233899939587e-03 3.506307172832856534e-02 1.261391292913804398e-02 -3.728258496063328355e-03 9.999134909026893281e-01 6.774261179639480546e-02
9.999099041532304444e-01 5.405891017162362151e-03 -1.228657472968431273e-02 5.024180504959899984e+00 -5.347874286469091361e-03 9.999744189167814046e-01 4.749921332147018053e-03 2.692156162077082721e-02 1.231193798285536330e-02 -4.683786326896849546e-03 9.999132354003272827e-01 5.408898922336448367e-02
9.998956200970416930e-01 7.119693107871811165e-03 -1.257214702436017760e-02 5.410205414490238063e+00 -7.063227853247442366e-03 9.999647943241635195e-01 4.530002707119142741e-03 1.629652240183233902e-02 1.260395664247998711e-02 -4.440729926838589414e-03 9.999107061106363714e-01 5.211144749002465104e-02
9.998807150093388385e-01 8.260121672624666511e-03 -1.305090580637375576e-02 5.787661296848563452e+00 -8.225554674565080382e-03 9.999625241782358342e-01 2.700090625691374188e-03 1.679504063616991949e-02 1.307271979004921876e-02 -2.592417606143378184e-03 9.999111877403144000e-01 7.813100025035098206e-02
9.998852743919263153e-01 8.926223969175186776e-03 -1.223767052320171023e-02 6.177460444364046843e+00 -8.922083559482407375e-03 9.999601202370617115e-01 3.928873104962154572e-04 1.583780610374691672e-02 1.224068948793046244e-02 -2.836567172791938543e-04 9.999250397203416352e-01 8.768007780267909890e-02
9.999073035504796314e-01 8.507080009378281335e-03 -1.063079941129093167e-02 6.600769186939838384e+00 -8.541599904411592906e-03 9.999583805007387083e-01 -3.205984624534873300e-03 -8.759398239672165631e-04 1.060308339503293271e-02 3.296491476378263143e-03 9.999383519829930789e-01 8.600023300188859576e-02
9.999370987284244006e-01 5.492970393876981175e-03 -9.778847725225300186e-03 7.038198064859628289e+00 -5.575237785192182355e-03 9.999491308356426300e-01 -8.405502048152544911e-03 -1.475415719777119390e-02 9.732179109516965465e-03 8.459492732718803046e-03 9.999168573798949966e-01 9.076410272259222145e-02
9.999603250499872198e-01 -8.371022564365459846e-04 -8.868347407272384603e-03 7.476191841084991907e+00 7.292285652924998269e-04 9.999257966360521888e-01 -1.216015820028573322e-02 -6.768929622669182626e-03 8.877868641930190124e-03 1.215320869436066833e-02 9.998867350689316646e-01 1.381810829474096058e-01
9.999071318221667282e-01 -1.042665436168775661e-02 -8.775682878842288800e-03 7.888711927269354440e+00 1.032084985858021733e-02 9.998745315945565260e-01 -1.201670199192941650e-02 1.583573123715879827e-02 8.899875806142055687e-03 1.192501351731281752e-02 9.998892870029396640e-01 1.557613375794128785e-01
9.997192476576299836e-01 -2.189044392444940493e-02 -9.068314487970553783e-03 8.286472937800112959e+00 2.180101125342217769e-02 9.997138423161191501e-01 -9.846288126482914335e-03 2.554420720997459260e-02 9.281259138196717995e-03 9.645825331825936752e-03 9.999104041275286292e-01 1.210615866229669824e-01
9.993468138348361451e-01 -3.491261822812326276e-02 -9.330314390125105106e-03 8.723818812352986285e+00 3.481946922144725509e-02 9.993439249984676920e-01 -9.966149296180431411e-03 4.023738688255744378e-02 9.672137369679333074e-03 9.634762950606820531e-03 9.999068062082524522e-01 8.349103131407401013e-02
9.987354065763368594e-01 -4.944770747337434019e-02 -9.083604814532599686e-03 9.197161003330002416e+00 4.932893383201331777e-02 9.986997304344109594e-01 -1.286486366938377826e-02 5.728391575413499526e-02 9.707931695054954069e-03 1.240051030653891578e-02 9.998759840131883347e-01 1.066166901770886910e-01
9.977024981754005761e-01 -6.717957655688529262e-02 -8.753835056836922063e-03 9.666261822480779031e+00 6.703337980476671565e-02 9.976217489791163739e-01 -1.604281633002168153e-02 9.660223780201214472e-02 9.810765847507094822e-03 1.541915878011851197e-02 9.998329852610379209e-01 1.600322868339687787e-01
9.960893272030323375e-01 -8.801538907872583084e-02 -7.703474380491241898e-03 1.011014101640825125e+01 8.787627908873263394e-02 9.959890193260406699e-01 -1.684140598260685726e-02 1.498487930687852909e-01 9.154878793820674099e-03 1.609859208975503511e-02 9.998284970568692698e-01 1.959033850766781493e-01
9.937984862933063601e-01 -1.109978730470851105e-01 -6.636325802439371237e-03 1.055601733617416649e+01 1.108918346282908862e-01 9.937245942663686105e-01 -1.464348875483139495e-02 2.302437630036548721e-01 8.220076271223690847e-03 1.381676261518092683e-02 9.998707553563765948e-01 1.820887234836410240e-01
9.907224286104956423e-01 -1.357502060928587051e-01 -6.399296357236920231e-03 1.102705641130218872e+01 1.356614626037074278e-01 9.906737642700280677e-01 -1.270670497319445653e-02 3.195951212559483001e-01 8.064552829775677861e-03 1.172067970722293594e-02 9.998987892056158122e-01 1.426529906173605033e-01
9.867375632949362263e-01 -1.622707819161992859e-01 -4.144215134029874577e-03 1.151047990069941207e+01 1.622224665308827085e-01 9.867022873074385858e-01 -1.012262687772452242e-02 4.232980906750201111e-01 5.731713130335673069e-03 9.316091378592785896e-03 9.999401771636227121e-01 1.492184139400336007e-01
9.820765039059861090e-01 -1.884827281029719526e-01 -4.102019972199383649e-05 1.199567771355430956e+01 1.884795204580512751e-01 9.820610147446408034e-01 -5.624383222126569902e-03 5.347473342021358267e-01 1.100383432567008388e-03 5.515843143840852732e-03 9.999841821902554218e-01 1.565787385568715717e-01
9.768244911042407441e-01 -2.139989543541930550e-01 4.284987077358841205e-03 1.247535294325035338e+01 2.140186729207947669e-01 9.768175764015591955e-01 -4.840462189290916512e-03 6.494364728240455964e-01 -3.149796844718399675e-03 5.645349262542512930e-03 9.999791041874529496e-01 1.410206310063322199e-01
9.710731159244377908e-01 -2.387178225097860984e-01 5.550202247639656784e-03 1.294859782818831562e+01 2.387434440364848143e-01 9.710721357311362656e-01 -4.524945985045102613e-03 7.823293979623959782e-01 -4.309461497830828318e-03 5.719127796788052269e-03 9.999743597307096943e-01 1.716797710494356033e-01
9.646960142941209959e-01 -2.633305350649135512e-01 4.316168145866178946e-03 1.343781711710015259e+01 2.633448786135083042e-01 9.646965318960100122e-01 -3.174311869869936905e-03 9.445082174271161035e-01 -3.327899198241377789e-03 4.198886785438666128e-03 9.999856471153421023e-01 1.935286877330367195e-01
9.569315043754912375e-01 -2.902998904736903696e-01 2.840690870651236318e-03 1.393700677119999121e+01 2.903068153712602961e-01 9.569305281972800836e-01 -2.432519901568578214e-03 1.109472209968259460e+00 -2.012183554297048652e-03 3.152426848944314425e-03 9.999930066366993220e-01 1.671118131595560885e-01
9.476018477958568775e-01 -3.194497408569903496e-01 1.612798896145943833e-03 1.442297520230718177e+01 3.194537478744545189e-01 9.475927817211385884e-01 -4.150060115113029906e-03 1.275995318207429063e+00 -2.025409640419275270e-04 4.447819285486599196e-03 9.999900878912558744e-01 1.353756929272953158e-01
9.367581998916273411e-01 -3.499771767909883313e-01 2.250804463850013433e-04 1.488853601814310856e+01 3.499687256450909056e-01 9.367307033954820339e-01 -7.581582061589198923e-03 1.463693969893750557e+00 2.442540920661397368e-03 7.180880281333937645e-03 9.999712340623784224e-01 1.692764028863639469e-01
9.241473894436122993e-01 -3.820360340097889162e-01 2.670255189636601845e-04 1.535158239900234811e+01 3.820201180913007644e-01 9.241020385815104099e-01 -9.800595033223188576e-03 1.679741215382693387e+00 3.497421631001018487e-03 9.159203435235132099e-03 9.999519373621749141e-01 2.275729502357137779e-01
9.098753001596249224e-01 -4.148699050108734521e-01 3.146438574226674990e-03 1.580856868045093044e+01 4.148818349983227072e-01 9.098497498145678986e-01 -6.818779274394095626e-03 1.935995895466579242e+00 -3.388003970905550943e-05 7.509639048396225640e-03 9.999718016891805394e-01 2.421562852012275058e-01
8.940923117102738127e-01 -4.478455352909472831e-01 5.771885354321429004e-03 1.627267588554509814e+01 4.478684273325165277e-01 8.940925015488736527e-01 -3.531355656922243076e-03 2.182376029310154841e+00 -3.579097550621497884e-03 5.742403159152284324e-03 9.999771071712996173e-01 1.662205247917697692e-01
8.768164472993196235e-01 -4.807919880819339631e-01 5.655257873963450560e-03 1.673566450112870641e+01 4.808165131879915122e-01 8.768107619656542173e-01 -4.285830952207147354e-03 2.444897676114768714e+00 -2.897997781487396743e-03 6.477028441377772131e-03 9.999748245388121459e-01 1.428327554272897648e-01
8.585727770674602688e-01 -5.126674426429589371e-01 4.987958760606470837e-03 1.716930787078284837e+01 5.126903434180341002e-01 8.585522984110053324e-01 -6.046706465370707030e-03 2.720722174538450666e+00 -1.182473918283749462e-03 7.748815852015418330e-03 9.999692783322515766e-01 1.854516930183590095e-01
8.394379908560165582e-01 -5.434320660202616171e-01 5.044712931783469634e-03 1.760622831638308838e+01 5.434553414733942489e-01 8.394082534358794367e-01 -7.076431852487454106e-03 3.036860926676599348e+00 -3.890136895049120525e-04 8.681801925659222291e-03 9.999622367788060240e-01 2.367324815121337467e-01
8.189529941203154140e-01 -5.738392016856705968e-01 4.956211266985935393e-03 1.804038185226328395e+01 5.738605482917453759e-01 8.189185467348267800e-01 -7.515645548904332195e-03 3.375485082460306874e+00 2.540387138648268935e-04 8.999134540144497485e-03 9.999594746997801931e-01 2.301539247965533608e-01
7.970500478259380239e-01 -6.038768211644226502e-01 6.633710954043712214e-03 1.846461928005275510e+01 6.039120511238117439e-01 7.970223155373541424e-01 -6.757443518439461630e-03 3.712086592912079652e+00 -1.206552154084075852e-03 9.392198668372283774e-03 9.999551644129217598e-01 1.949932356554613666e-01
7.745373230080934146e-01 -6.324168810712915700e-01 1.186692055743177043e-02 1.887403284655379565e+01 6.324940967748442500e-01 7.745540793169495286e-01 -4.146776874483501692e-03 4.058417252944138909e+00 -6.569080029229532568e-03 1.071759065894595936e-02 9.999209870974989922e-01 1.902391127356248268e-01
7.528430069453356799e-01 -6.579878024722165542e-01 1.671701801424640629e-02 1.928085132286708969e+01 6.581210706949232048e-01 7.529033909880569198e-01 -3.624933937770268011e-03 4.423031030201468816e+00 -1.020113723431413481e-02 1.373082796005132764e-02 9.998536898780031601e-01 1.910528321115591843e-01
7.310016773060024065e-01 -6.821573129412535907e-01 1.726117541130562164e-02 1.968249607251331312e+01 6.822881065351112939e-01 7.310792123086997663e-01 -2.474875920900960168e-03 4.843120524295907892e+00 -1.093103181515480207e-02 1.358623313725296905e-02 9.998479518469777227e-01 2.504455736275553179e-01
7.089261001025448650e-01 -7.051579020996907587e-01 1.327093439663438318e-02 2.007764867804321796e+01 7.052197014039036649e-01 7.089888375063260195e-01 3.229887933347934392e-05 5.258126172926244735e+00 -9.431720160483495624e-03 9.336026873981724539e-03 9.999119367509433642e-01 2.478302535625949155e-01
6.872468530218315275e-01 -7.263758179399536496e-01 8.362662473903482302e-03 2.043594094141707274e+01 7.263847624829987693e-01 6.872838187250523978e-01 2.475752658665683094e-03 5.668774096893018033e+00 -7.545849462228380010e-03 4.373057371303444227e-03 9.999619675393263130e-01 2.023749656292081756e-01
6.667269124068750941e-01 -7.452932658207991334e-01 3.629351810281381333e-03 2.078949832767838757e+01 7.452665063800287815e-01 6.667347570515589350e-01 6.526730230764704772e-03 6.096617117207391523e+00 -7.284143086300556846e-03 -1.646712350797924392e-03 9.999721144101629822e-01 1.616838933575724391e-01
6.479560545359932533e-01 -7.616713986667211778e-01 3.103521101865533080e-03 2.116772998325637545e+01 7.615987054874571172e-01 6.479421470534545424e-01 1.176375244508853779e-02 6.568797667150513497e+00 -1.097101590458810297e-02 -5.258756967223917993e-03 9.999259884037322577e-01 1.672154389028596144e-01
6.299749846230942030e-01 -7.766102760116493364e-01 2.828063337767978969e-03 2.152017905971988299e+01 7.764380188469395261e-01 6.299047314804825382e-01 1.907962650423210976e-02 7.059555406076099437e+00 -1.659884448303741017e-02 -9.823871518467775302e-03 9.998139676510908735e-01 2.073082624122584705e-01
6.119935505541493903e-01 -7.908601356512795499e-01 2.034678786847045687e-03 2.186790351288538048e+01 7.905680447343844675e-01 6.118337004844756066e-01 2.572332786257078979e-02 7.535954936492949230e+00 -2.158843961424896513e-02 -1.413395872050297875e-02 9.996670298083802919e-01 1.908151116635518896e-01
5.937044049380153510e-01 -8.046756626917139776e-01 3.486750471175454821e-03 2.222147828027267380e+01 8.042173269330865626e-01 5.935025227635255529e-01 3.145228980427203919e-02 8.013218564505496744e+00 -2.737828734231398387e-02 -1.586925785857193349e-02 9.994991726045698854e-01 1.394674228184477893e-01
5.750616485254866905e-01 -8.180527418732561618e-01 9.685654794459500061e-03 2.256661233150187940e+01 8.174541364761631623e-01 5.750342999526664167e-01 3.323083862855664983e-02 8.519100200155207858e+00 -3.275416237915368400e-02 -1.119220226741110200e-02 9.994007701894397355e-01 1.009456722334613338e-01
5.552855990052271151e-01 -8.315260929601947515e-01 1.490839574735583137e-02 2.290146933902731874e+01 8.308439064951104180e-01 5.554455631764991796e-01 3.433117224165008197e-02 9.047331223221453556e+00 -3.682806779279096387e-02 -6.677055780448084080e-03 9.992993096909226214e-01 1.771533697524573792e-01
5.352189411496683924e-01 -8.446205938664040902e-01 1.251948287235077339e-02 2.321218807872153889e+01 8.438922778514087453e-01 5.352932808579564661e-01 3.615144327805058094e-02 9.578117135735842780e+00 -3.723584855202033417e-02 -8.783842273640747253e-03 9.992678998634564325e-01 1.880077292530918376e-01
5.140207679962655041e-01 -8.577425068793868013e-01 7.774442796420890506e-03 2.351243382728527820e+01 8.570787317410059059e-01 5.139466200411479946e-01 3.570601273607620224e-02 1.011457381108303011e+01 -3.462221347283307715e-02 -1.169032251673291639e-02 9.993320962991714129e-01 9.341186511036386753e-02
4.916808390612040780e-01 -8.707512177179926871e-01 6.501487729987358993e-03 2.381293375622976072e+01 8.701219162556895759e-01 4.915873302841295978e-01 3.506775663838016671e-02 1.064933163995022625e+01 -3.373134079156726861e-02 -1.158505704582341728e-02 9.993637891687131569e-01 2.580074381546459961e-02
4.689404253552282853e-01 -8.831851304462650099e-01 8.882726285963931864e-03 2.411218008964670645e+01 8.826312047324176291e-01 4.689691147384894565e-01 3.209557374465370205e-02 1.120589930713111748e+01 -3.251205776721251273e-02 -7.210740600749344573e-03 9.994453318314764356e-01 1.468959296025203198e-02
4.459684509408847752e-01 -8.948949185429041497e-01 1.658992258802832395e-02 2.439861861768076778e+01 8.944250395532348241e-01 4.462729549147926855e-01 2.905681214128314621e-02 1.179552392790496285e+01 -3.340642730945711514e-02 1.880020667053996716e-03 9.994400813138871742e-01 6.644004096902536571e-02
4.221385792140377458e-01 -9.063149562822510052e-01 1.980454387899020785e-02 2.465446288404811170e+01 9.058355699302542696e-01 4.225696748324693219e-01 2.994645490057711024e-02 1.239294284410212654e+01 -3.550971963117521141e-02 5.298106367606948697e-03 9.993552871129630644e-01 1.414292581672865756e-01
3.968282520028636462e-01 -9.178342722521981578e-01 1.037241975768013816e-02 2.486208028619396160e+01 9.171415259551811694e-01 3.969352368693184197e-01 3.596997498052973558e-02 1.299179602223500218e+01 -3.713165470260705592e-02 -4.760925411703920140e-03 9.992990412325384320e-01 1.225004533874579082e-01
3.708417533363821406e-01 -9.286845384671845727e-01 4.628390043032278717e-03 2.509021244680710439e+01 9.279820591005328856e-01 3.707474265509144162e-01 3.735831491662082449e-02 1.359683847050984618e+01 -3.641005314378184532e-02 -9.558960082918888795e-03 9.992912159686985207e-01 -1.145085969619356325e-01
3.441923008031069209e-01 -9.388388655407352568e-01 1.064164545777625606e-02 2.533046191472365649e+01 9.383356616780836879e-01 3.443562551039366371e-01 3.074013002486190860e-02 1.421200386909598024e+01 -3.252454597709969475e-02 -5.950806482778389639e-04 9.994707598464327436e-01 -1.872938860117307480e-01
3.178508736857781347e-01 -9.479968621185557165e-01 1.651579578948181998e-02 2.553674197293603854e+01 9.477981129863657372e-01 3.181560459069170399e-01 2.134168391575761575e-02 1.481440411182877526e+01 -2.548644966785191396e-02 8.870167205189755794e-03 9.996358141928889385e-01 1.755895157248943406e-03
2.926126863564186831e-01 -9.561626827331127787e-01 1.143415637014649072e-02 2.570300544810656262e+01 9.561272695450534487e-01 2.927361752046037102e-01 1.123281616071766971e-02 1.544041468724001653e+01 -1.408759083736771042e-02 7.645644197603951482e-03 9.998715337028065697e-01 1.483805396426142176e-01
2.659393494540691627e-01 -9.639824805648938844e-01 3.746942206774499934e-03 2.584599568729413832e+01 9.639889396659254706e-01 2.659421923821279066e-01 2.729702405975071786e-04 1.611635353977812457e+01 -1.259608554850320588e-03 3.539417316693230665e-03 9.999929429307723439e-01 1.462245344142809600e-02
2.383257402668267355e-01 -9.711847094663793589e-01 1.049583237863539829e-03 2.601920420724580296e+01 9.711824739890820846e-01 2.383223169926135254e-01 -2.659969871656796530e-03 1.677199914472194564e+01 2.333182957870080614e-03 1.653276134355845858e-03 9.999959114592962273e-01 -1.524943145406866263e-01
2.123555029115116177e-01 -9.771898900545571420e-01 2.249257291105324907e-03 2.617222035089301713e+01 9.771738256047687310e-01 2.123651087324552877e-01 5.689916167552148095e-03 1.742615627655688115e+01 -6.037792323382780782e-03 9.896303426339325346e-04 9.999812826726531823e-01 -1.710005197603284288e-01
1.888330757637112223e-01 -9.819715288650711082e-01 8.601511263217613557e-03 2.629618903609435066e+01 9.817835974565701784e-01 1.889701947449914377e-01 1.977961736928669778e-02 1.811609733899554087e+01 -2.104845036699604446e-02 4.709776686293263258e-03 9.997673633104420254e-01 -1.179820240419736654e-01
1.672658940892037815e-01 -9.857649815884402811e-01 1.701533862377050191e-02 2.639907140812361774e+01 9.854622569786232189e-01 1.676858506362762791e-01 2.730559589144221019e-02 1.884943045736183365e+01 -2.977013176218016102e-02 1.220067909301584055e-02 9.994823073394204505e-01 -5.910840598115014999e-02
1.473136893195032826e-01 -9.887944880425368899e-01 2.416893369129070879e-02 2.649930015887650470e+01 9.886187037813617406e-01 1.479536616860981368e-01 2.725385344012386593e-02 1.956599365758399856e+01 -3.052434229818857397e-02 1.987899419922381852e-02 9.993363248260769272e-01 -2.644069668482776359e-02
1.298933155689681040e-01 -9.912631761696439892e-01 2.291379803895242026e-02 2.659213353162460081e+01 9.910860415753119934e-01 1.304906448369687055e-01 2.684492139327786242e-02 2.026459134235134130e+01 -2.960041832609200743e-02 1.922256954992031253e-02 9.993769599379499491e-01 -4.279395533983471056e-02
1.156833540662557391e-01 -9.931116570699836110e-01 1.861714757133791504e-02 2.667908367361201627e+01 9.928280758212668644e-01 1.161788485986526842e-01 2.819374042819483908e-02 2.099161054614312150e+01 -3.016245104467480537e-02 1.522208034412500868e-02 9.994290944419091938e-01 -1.551393339885757672e-01
1.046143180145598928e-01 -9.943656821783558586e-01 1.710948778666340417e-02 2.675421802981282582e+01 9.940151714145460948e-01 1.050906969050139361e-01 2.982925446150869533e-02 2.173807136945563556e+01 -3.145923495667813513e-02 1.388652332270179715e-02 9.994085656056528322e-01 -2.303903511224286160e-01
9.693712882638327866e-02 -9.951260241032526821e-01 1.809389972753372086e-02 2.681686816022311248e+01 9.948113769723456734e-01 9.743847426963858638e-02 2.925863938037137624e-02 2.246960402946074353e+01 -3.087907546029853775e-02 1.516376880784761627e-02 9.994080962320944783e-01 -1.997193158766812915e-01
9.238182096260771914e-02 -9.955511657946765069e-01 1.853309041938881740e-02 2.688001652819732712e+01 9.953817008472309880e-01 9.282185214254901062e-02 2.448210332672295236e-02 2.320859049652784378e+01 -2.609346228667776268e-02 1.618579777728938046e-02 9.995284644151993803e-01 -1.291409569255970724e-01
8.990394508148746855e-02 -9.958133059656628649e-01 1.652695738852128990e-02 2.694096920696284414e+01 9.957697242154994743e-01 9.019135953971579855e-02 1.755491384671834659e-02 2.398719221749098196e+01 -1.897200554956867194e-02 1.487878779050355073e-02 9.997093000864363255e-01 -1.480633831577682635e-01
8.847831000250694355e-02 -9.959798975132281296e-01 1.398686557597538828e-02 2.702003063864055576e+01 9.959555888351487862e-01 8.867893508637680888e-02 1.443992866944234475e-02 2.477066468658800957e+01 -1.562221902076330916e-02 1.265267645544962925e-02 9.997979076050224068e-01 -2.495501914833549439e-01
8.884196756206486079e-02 -9.959588583865047751e-01 1.315512071975939376e-02 2.709741340188435288e+01 9.958965120941655202e-01 8.904951799984417438e-02 1.613445204125258520e-02 2.552250333421154593e+01 -1.724070759502207076e-02 1.166772237610540913e-02 9.997832876459663565e-01 -3.016506787188910632e-01
9.130147089026197094e-02 -9.956470598810562844e-01 1.873428844346319497e-02 2.718270726065168930e+01 9.956183898954065192e-01 9.164815354785416091e-02 1.856441901453326215e-02 2.630258326149965953e+01 -2.020057215409632248e-02 1.695724333366691039e-02 9.996521338861683592e-01 -2.891476858711624631e-01
9.557466917656287642e-02 -9.951711403950616042e-01 2.235808436747914116e-02 2.725567389795691753e+01 9.951420160980739560e-01 9.605659741128258489e-02 2.157540011280249803e-02 2.708638909189717481e+01 -2.361885704371183628e-02 2.018740742541094008e-02 9.995171925351705733e-01 -2.070389080423668537e-01
1.014368106704280903e-01 -9.946451355103086422e-01 1.978958935127172331e-02 2.730913872618548055e+01 9.945285685372630136e-01 1.018840720000963040e-01 2.307730997976548473e-02 2.788428661982005607e+01 -2.496997805835454720e-02 1.734042324626026629e-02 9.995377981434248049e-01 -1.697315487139522683e-01
1.071847180709295522e-01 -9.941560413662980933e-01 1.285307850076918348e-02 2.738766025771731449e+01 9.940415799778691275e-01 1.074121560144322141e-01 1.854632080583584752e-02 2.870289307079951158e+01 -1.981851374742954128e-02 1.078861229365764805e-02 9.997453837640962737e-01 -2.560958585653069775e-01
1.120901836572483212e-01 -9.936551593289747464e-01 9.231200712476610865e-03 2.748498069078416606e+01 9.936545120675656095e-01 1.121673855867504344e-01 8.317947968175313372e-03 2.950344336487153996e+01 -9.300611563352413624e-03 8.240263924349504332e-03 9.999227953572239480e-01 -3.681576365405304641e-01
1.171195668195597062e-01 -9.930631235298769122e-01 1.042303953189308713e-02 2.759310298780474469e+01 9.931154390502560103e-01 1.171358235371910972e-01 9.610225188137226301e-04 3.028700909978037714e+01 -2.175267343644701930e-03 1.023872693984687055e-02 9.999452168407202413e-01 -3.759145687641316513e-01
1.227295516961666166e-01 -9.923763625034945912e-01 1.125221243983099903e-02 2.768404933334772977e+01 9.924244589783416393e-01 1.227834842676301941e-01 4.231927769577752130e-03 3.111295784295523603e+01 -5.581250935433119259e-03 1.064758824493780565e-02 9.999277366402844480e-01 -2.846137759073698037e-01
1.278210110760548135e-01 -9.917835074724574707e-01 5.221439755968650120e-03 2.777065450035481931e+01 9.917308103413362552e-01 1.278716143454401433e-01 1.090183766197146825e-02 3.195500387998875524e+01 -1.147993672508856866e-02 3.784778767795048821e-03 9.999269405823941748e-01 -2.033446725008730138e-01
1.321367745536776717e-01 -9.912189721915513063e-01 -4.982166002332316310e-03 2.787736037725900218e+01 9.912155630714339916e-01 1.321044864167478794e-01 6.333418788227443766e-03 3.280261522034712840e+01 -5.619638380744376716e-03 -5.775278009891218062e-03 9.999675323871161092e-01 -2.667919602582980998e-01
1.353531756122913210e-01 -9.907288208512647909e-01 -1.165853276921382381e-02 2.799790270523879698e+01 9.907788978626310694e-01 1.354132150686815361e-01 -4.520700705973918106e-03 3.364806213120678535e+01 6.057507885113843499e-03 -1.093913705123074342e-02 9.999218178831763559e-01 -3.874389663179557131e-01
1.391161962975316913e-01 -9.902120030170812326e-01 -1.126379192840260696e-02 2.811265689716362814e+01 9.902529674626031619e-01 1.391816379372783352e-01 -5.247103258430241973e-03 3.450574766082573319e+01 6.763457637547432011e-03 -1.042404633508880324e-02 9.999227944690475267e-01 -4.127401284756391231e-01
1.434653962539129690e-01 -9.895977498840804465e-01 -1.067583730077618399e-02 2.823683578316664722e+01 9.896307246303883698e-01 1.433774069164621690e-01 8.599305404726703336e-03 3.539019172571679661e+01 -6.979179410236224616e-03 -1.179883936140079491e-02 9.999060348075130555e-01 -3.252739639063171317e-01
1.480677746844281106e-01 -9.889447792674437299e-01 -8.009847668229892054e-03 2.835941694402341895e+01 9.888207389604297681e-01 1.478954233745713998e-01 1.898657279778807536e-02 3.627857234855089530e+01 -1.759205223249509994e-02 -1.073160307331193219e-02 9.997876536513771173e-01 -2.849902429280640748e-01
1.514130931043431438e-01 -9.884383144924930864e-01 -7.985842461188370420e-03 2.849247799238102630e+01 9.883399890186594927e-01 1.512568321151113171e-01 1.747675156020904799e-02 3.716538992305931544e+01 -1.606677762252738118e-02 -1.053893646154306467e-02 9.998153776948460747e-01 -2.701104847799594699e-01
1.538081306053701303e-01 -9.880041408096088551e-01 -1.381581350294521296e-02 2.862306481022295301e+01 9.880692334823545364e-01 1.536765471530726623e-01 1.013453011747597957e-02 3.806544589663690914e+01 -7.889791205982540218e-03 -1.520975338972304150e-02 9.998531965226443718e-01 -2.813501833387380691e-01
1.559950446334630314e-01 -9.875717276598563465e-01 -1.917364797660929543e-02 2.876399778491483872e+01 9.877576497191371541e-01 1.559536453634365882e-01 3.644985484507826112e-03 3.896906099608728624e+01 -6.094843153629861399e-04 -1.950751713526180722e-02 9.998095245115875551e-01 -3.698271154485203716e-01
1.590431355554783321e-01 -9.870739233465668505e-01 -1.975729945862332582e-02 2.890657564555164072e+01 9.872701448826717296e-01 1.590458135159961151e-01 1.445761523762518000e-03 3.988497499251915457e+01 1.715242265792117984e-03 -1.973573034501004131e-02 9.998037601908279504e-01 -3.948350853918539127e-01
1.635239212579857604e-01 -9.863320864502981289e-01 -2.022232466888761529e-02 2.905904887764781819e+01 9.865388836096281588e-01 1.635098227060147735e-01 2.359873919616981702e-03 4.081927823635469821e+01 9.789293544178283291e-04 -2.033600543984604922e-02 9.997927228081177065e-01 -3.144115592422015437e-01
1.684881235495363505e-01 -9.853975896757790620e-01 -2.456303083745033783e-02 2.920184538335998781e+01 9.857036717508315116e-01 1.684319067399020486e-01 4.354800671729285727e-03 4.176266614047005987e+01 -1.540119661777236693e-04 -2.494560187941562146e-02 9.996887981903107567e-01 -2.675816206046446322e-01
1.723161988785961718e-01 -9.845354187546739855e-01 -3.157747332499251380e-02 2.935158689576431712e+01 9.850398450232582537e-01 1.722893289388423010e-01 3.590383037856557241e-03 4.271053855380519337e+01 1.905602421081363518e-03 -3.172375058787832436e-02 9.994948585800983443e-01 -2.943515054126061847e-01
1.774430913846655189e-01 -9.833795192749011926e-01 -3.845348346401594730e-02 2.950986594639837080e+01 9.840922568686968352e-01 1.776475837256362711e-01 -1.940610089065868127e-03 4.362779214035968067e+01 8.739524639701758829e-03 -3.749742747319044500e-02 9.992585069149848565e-01 -3.422783978921339898e-01
1.845152671453113014e-01 -9.818806396972660222e-01 -4.318015259331870609e-02 2.969819537324472236e+01 9.827187778454961053e-01 1.849762039661851931e-01 -6.899828701866540792e-03 4.458301908073272557e+01 1.476210893298300457e-02 -4.116082304750638687e-02 9.990434759237971640e-01 -3.358661501775793146e-01
1.926002902614650791e-01 -9.802368396920837501e-01 -4.517594826536948383e-02 2.988466361250709014e+01 9.811514493583888274e-01 1.931086911975432585e-01 -7.132096879934372857e-03 4.558464376251833272e+01 1.571501234909806338e-02 -4.295080318745861381e-02 9.989535859550331409e-01 -2.971760320145924172e-01
2.001094469940914999e-01 -9.787536333274052813e-01 -4.469378560965944075e-02 3.007375982085006072e+01 9.797019662111393634e-01 2.004379414030419415e-01 -2.947719141722607294e-03 4.657714618220691705e+01 1.184342120109879021e-02 -4.319672319185845905e-02 9.989963846179521489e-01 -2.646553558906262760e-01
2.065078894555320010e-01 -9.773835990819524921e-01 -4.556085862043100093e-02 3.025635568379757956e+01 9.783999117204161822e-01 2.067210963437808857e-01 3.273999339499511496e-05 4.756230764708060121e+01 9.386391111801180298e-03 -4.458350111907283947e-02 9.989615643706528658e-01 -2.203208819866682155e-01
2.122979021820020629e-01 -9.757451595542903089e-01 -5.339460961084086660e-02 3.046204714100592881e+01 9.771733505831348143e-01 2.124136059382651931e-01 3.564115939977258868e-03 4.852860041589085682e+01 7.864072688581566495e-03 -5.293244391369442137e-02 9.985671298125491369e-01 -2.010217344392803973e-01
2.181793926449717702e-01 -9.740883052580537882e-01 -5.957957858665803574e-02 3.068959080690200025e+01 9.758752798654524163e-01 2.182700603878546808e-01 5.061510229872813460e-03 4.951723820380782115e+01 8.074080294129665908e-03 -5.924655515534058697e-02 9.982107267153710328e-01 -2.853227710431924802e-01
2.237903187944004779e-01 -9.729388557770678458e-01 -5.751413854967195316e-02 3.091079271789439176e+01 9.745377465559043051e-01 2.242209815041542598e-01 -1.063950682102684370e-03 5.051565701292241783e+01 1.393103555522158532e-02 -5.581159711497207798e-02 9.983441249768715275e-01 -3.080661898970749601e-01
2.284119063468232902e-01 -9.720063474958804406e-01 -5.506052548539545899e-02 3.113784698027960474e+01 9.732938748577786292e-01 2.293165254826613486e-01 -1.062846672342718929e-02 5.151491178579622954e+01 2.295722551488038610e-02 -5.116240385554423481e-02 9.984264490829463101e-01 -2.107830918758659411e-01
