1.000000000000000000e+00 1.340647807916491148e-19 -4.035537943246326386e-21 1.734723475976807094e-18 -6.058368000060349672e-19 1.000000000000000000e+00 -6.966187348603874941e-19 0.000000000000000000e+00 -2.538576587129467840e-20 -1.678459064301256428e-19 9.999999999999998890e-01 0.000000000000000000e+00
9.999986657198700613e-01 -1.427696812425692909e-03 -7.938762683609186651e-04 5.094486581271277098e-02 1.429000454140021961e-03 9.999976269874850665e-01 1.644378981013643742e-03 -2.405798350568578298e-02 7.915266008789677548e-04 -1.645511371595895006e-03 9.999983328854081810e-01 1.590092075396912996e+00
9.999970290720825439e-01 -1.607988726528707720e-03 -1.831998992057805092e-03 3.498534798183871447e-02 1.612775566959819039e-03 9.999952813409458408e-01 2.614623822013843225e-03 -4.579174375561145816e-02 1.827785812930147200e-03 -2.617570871242147924e-03 9.999949037439120891e-01 3.100547274433604450e+00
9.999945496821058821e-01 -6.381679096170052301e-04 -3.239344575360330897e-03 -4.753628284444783025e-03 6.461857787786087336e-04 9.999967290173894519e-01 2.474753303665653062e-03 -6.205183722199723861e-02 3.237754234550120451e-03 -2.476833234209741778e-03 9.999916910823393179e-01 4.608205594098206070e+00
9.999917538916629489e-01 -3.210865637809468356e-04 -4.048340417513705131e-03 -3.851813880846603061e-03 3.309961338314798746e-04 9.999969503424147588e-01 2.447397055199828676e-03 -7.970348473979065040e-02 4.047541700116945307e-03 -2.448717055794900812e-03 9.999888105264019833e-01 6.099684073259906469e+00
9.999834019699463949e-01 1.922057158677772817e-05 -5.761547427808428115e-03 -1.306366843249532131e-02 -2.782256719940036149e-06 9.999959298916766270e-01 2.853103102467809907e-03 -1.075386808260861415e-01 5.761578041147980694e-03 -2.853039944847217749e-03 9.999793319679134429e-01 7.625821348620809736e+00
9.999750543557878180e-01 -2.772952195042599228e-04 -7.057888554482453017e-03 -2.297947731882590133e-02 2.983395021602688294e-04 9.999955129041787627e-01 2.980800350729357912e-03 -1.183209148366694413e-01 7.057029374507707217e-03 -2.982831877787907923e-03 9.999706500829751432e-01 9.131283760032198771e+00
9.999642173647473875e-01 -1.134029092662884467e-03 -8.383196828062159517e-03 -4.797347868240725566e-02 1.157373644291678555e-03 9.999954649577019739e-01 2.780387906747419386e-03 -1.531635507105843230e-01 8.380004642260525938e-03 -2.789991130015767595e-03 9.999609949613644799e-01 1.066011406578990872e+01
9.999479816293255219e-01 -2.179154122600043819e-03 -9.964203378874122649e-03 -7.484287589300041288e-02 2.206691892999632781e-03 9.999937741926878676e-01 2.753560322388173831e-03 -1.657347864640597856e-01 9.958139571903092124e-03 -2.775405233532695672e-03 9.999465648464083145e-01 1.213129977309499985e+01
9.999359750249314782e-01 -2.165524389027168387e-03 -1.110659202157019548e-02 -8.986620500903882980e-02 2.196129141267853541e-03 9.999938233503352647e-01 2.744136594000867908e-03 -1.921944720021153963e-01 1.110057943277397048e-02 -2.768352629578987433e-03 9.999345545189587403e-01 1.362953494320441372e+01
9.999256745948614800e-01 -1.717562377747550422e-03 -1.207043088273070629e-02 -1.054701857734965248e-01 1.751363887489647015e-03 9.999945732501190898e-01 2.790376708993264065e-03 -2.132435246350352365e-01 1.206557111197501669e-02 -2.811309250639478039e-03 9.999232563004530894e-01 1.515137851139023617e+01
9.999169717408962210e-01 -9.745726567094151931e-04 -1.284911956372269091e-02 -1.399158619132834513e-01 1.014503190255150759e-03 9.999946756871566089e-01 3.101513750375420406e-03 -2.383911059182591829e-01 1.284602677485276699e-02 -3.114291954175007170e-03 9.999126365507564618e-01 1.661844898679590443e+01
9.999138395559031833e-01 7.774112230156423990e-04 -1.310378348265613807e-02 -1.900991969863967401e-01 -7.273011847119705128e-04 9.999924071287753513e-01 3.828409951152377845e-03 -2.571136565834571397e-01 1.310665847669914737e-02 -3.818549996724597898e-03 9.999068127227302982e-01 1.809865600488526383e+01
9.999075636930813138e-01 1.583439148844817618e-03 -1.350395641690370699e-02 -2.011901638995834407e-01 -1.522529274403334803e-03 9.999886275625828880e-01 4.519585620341477414e-03 -2.724421967136113620e-01 1.351095751932430457e-02 -4.498608032564428011e-03 9.998986031091001703e-01 1.958096918909047446e+01
9.998961999520746824e-01 1.722954568553212822e-03 -1.430457278726086044e-02 -2.408775575730532359e-01 -1.650874905947990762e-03 9.999858900972401488e-01 5.049180414985920962e-03 -3.018193808337075179e-01 1.431306853825114848e-02 -5.025041646825321659e-03 9.998849358638265405e-01 2.107242520488602366e+01
9.998977692646671134e-01 2.373140620298574803e-03 -1.410032898285284476e-02 -2.641312701136278585e-01 -2.304719378197394187e-03 9.999855016830970778e-01 4.866692372577879726e-03 -3.249202752638055136e-01 1.411167200363898193e-02 -4.833697926857102867e-03 9.998887418212442091e-01 2.253483526661112535e+01
9.998830765258758246e-01 2.965168586746381747e-03 -1.500137038204126146e-02 -2.778228242542905568e-01 -2.880115897283672208e-03 9.999796752956079393e-01 5.688051495948874374e-03 -3.498956119306896317e-01 1.501792950008249729e-02 -5.644181190223614489e-03 9.998712941921941155e-01 2.398777769744079791e+01
9.998840322671532777e-01 3.224705704060503494e-03 -1.488366055050632623e-02 -3.218442796338613632e-01 -3.133761241103723890e-03 9.999763035274753520e-01 6.129594227342004958e-03 -3.549131000938177127e-01 1.490307199782332608e-02 -6.082242035719695288e-03 9.998704439648082865e-01 2.545952050450663506e+01
9.998905946170190129e-01 3.678849907078667915e-03 -1.432706945909698916e-02 -3.389579443210168352e-01 -3.598241699701075578e-03 9.999775763893666847e-01 5.647953125800820977e-03 -3.766210217448139330e-01 1.434752424175801330e-02 -5.595783392959179960e-03 9.998814108170318571e-01 2.689904949245172361e+01
9.998883395157565079e-01 4.209998183710451751e-03 -1.433821736174397884e-02 -3.818565287091383875e-01 -4.161579132844386852e-03 9.999855434250529695e-01 3.405024916621151795e-03 -3.984678994084135950e-01 1.435234330630643512e-02 -3.344975341470479528e-03 9.998914047663007842e-01 2.835920961810146679e+01
9.998921094736836768e-01 3.181665279000025527e-03 -1.434037922387202367e-02 -4.057141449153260915e-01 -3.128257226731616727e-03 9.999880938192661217e-01 3.745160214288554331e-03 -4.246764004221585953e-01 1.435212240700050809e-02 -3.699896039659767051e-03 9.998901576148994108e-01 2.977069922944268399e+01
9.999022980770955193e-01 1.677564716951828946e-03 -1.387732423900833040e-02 -4.272283777601549870e-01 -1.599076025891394554e-03 9.999826750199759529e-01 5.665034947156239939e-03 -4.382390972559325748e-01 1.388658541261583550e-02 -5.642291014045427815e-03 9.998876573101720400e-01 3.120233028260380337e+01
9.999097346826900656e-01 3.145813245851122354e-05 -1.343583055277029932e-02 -4.545051351265047557e-01 6.446689682470772029e-05 9.999745149209570139e-01 7.139002919312757191e-03 -4.578971953247963911e-01 1.343571091195597776e-02 -7.139225253652940577e-03 9.998842498407189971e-01 3.262560109712583767e+01
9.999104089672661289e-01 -3.526424306261062417e-04 -1.338094640763879371e-02 -4.808694749830086934e-01 4.441473688318402745e-04 9.999765349440554729e-01 6.836103044745368493e-03 -4.758431365093015453e-01 1.337821992327278484e-02 -6.841434251736387348e-03 9.998871026041323828e-01 3.398475673438577616e+01
9.999133132065380902e-01 -5.837980204035995557e-04 -1.315390798217140091e-02 -5.069317765022114397e-01 6.570810485148220487e-04 9.999842850467085542e-01 5.567577001559239486e-03 -5.066711992591643732e-01 1.315044916041388338e-02 -5.575737994986731776e-03 9.998979831863512580e-01 3.538734955069266164e+01
9.999227024968204702e-01 5.890689394774520967e-04 -1.241942311989691766e-02 -5.218937408404381584e-01 -5.337859848326976511e-04 9.999899376872235512e-01 4.454166926067711085e-03 -5.069088185610831632e-01 1.242192029471818164e-02 -4.447193668609841430e-03 9.999129553701627815e-01 3.676077732515164342e+01
9.999307317797503369e-01 5.368353331849832306e-04 -1.175769910897225996e-02 -5.617900228179312228e-01 -4.942002875466906461e-04 9.999932940017847161e-01 3.628735689936266225e-03 -5.462006153588422341e-01 1.175956671642359661e-02 -3.622673961259426957e-03 9.999242915244840324e-01 3.812167863313782590e+01
9.999459028722381682e-01 1.057886103752746698e-03 -1.034757163824702279e-02 -5.781744389335644607e-01 -1.010952578171567988e-03 9.999891837504720771e-01 4.539863679738017493e-03 -5.617564255645145499e-01 1.035226098439787079e-02 -4.529157542609669670e-03 9.999361566552090741e-01 3.945209961137076249e+01
9.999587526253640446e-01 1.199734998269057738e-03 -9.002983470189207874e-03 -6.145576954958841265e-01 -1.144026847944778873e-03 9.999801853913905525e-01 6.190317760301733765e-03 -5.852700260785469455e-01 9.010230608384052486e-03 -6.179763267988849437e-03 9.999403113366458484e-01 4.077867093580105973e+01
9.999751515937523871e-01 7.484134438257326405e-04 -7.009714078769040992e-03 -6.395285067057289163e-01 -6.973780133816302393e-04 9.999732553234417232e-01 7.280268571415591389e-03 -6.222790896932842708e-01 7.014974311059035510e-03 -7.275199836482473120e-03 9.999489294833665554e-01 4.209527294142935006e+01
9.999855789598702804e-01 1.565384685179983890e-03 -5.137261724865721871e-03 -6.443229336057750833e-01 -1.524842788739044341e-03 9.999677414575922629e-01 7.886121098817922004e-03 -6.342200454314832481e-01 5.149440121775286823e-03 -7.878174495224316357e-03 9.999557078244973862e-01 4.337229534354408855e+01
9.999978963594839954e-01 1.112831312769719519e-03 -1.723046267455037497e-03 -6.714101582645188859e-01 -1.099908375321330357e-03 9.999713986291628443e-01 7.482789133504432443e-03 -6.524596301037014490e-01 1.731323830407996813e-03 -7.480878809229281508e-03 9.999705190437652158e-01 4.462400458584397001e+01
9.999975576473872918e-01 6.332915011020245856e-04 2.117460651298812453e-03 -6.762431027791449001e-01 -6.463806632472444535e-04 9.999806536431785631e-01 6.186642002887875712e-03 -6.772152304090888197e-01 -2.113501459912577474e-03 -6.187996086379548774e-03 9.999786206762956153e-01 4.590341266917527463e+01
9.999829081712247048e-01 2.724468937282325067e-04 5.840302557662709754e-03 -6.745542253088533391e-01 -2.990622230454234977e-04 9.999895729914770603e-01 4.556805556129940420e-03 -7.008452921658676615e-01 -5.838999394360245947e-03 -4.558474663939320916e-03 9.999725628196952654e-01 4.714408973986091667e+01
9.999519739339028934e-01 4.226906600939184700e-04 9.791381745572222059e-03 -6.806993926665395600e-01 -4.703813581178122819e-04 9.999880362043003235e-01 4.868900949447648764e-03 -7.087255134986636396e-01 -9.789205256254289098e-03 -4.873273206009232257e-03 9.999402095444049898e-01 4.835537582677262947e+01
9.998837774100439724e-01 6.364656265686410592e-04 1.523241911256047708e-02 -6.656633922777160928e-01 -7.129871335789891200e-04 9.999871520587053642e-01 5.018702358267802463e-03 -7.390411093002133835e-01 -1.522902713827181155e-02 -5.028980015284912827e-03 9.998713847678815103e-01 4.954665731329182421e+01
9.997688171930582124e-01 1.666067714651426387e-03 2.143680055783492994e-02 -6.575813393871422496e-01 -1.755468678981970954e-03 9.999898382352108150e-01 4.152319720119487280e-03 -7.570563439479206513e-01 -2.142966180585996472e-02 -4.188991767982836595e-03 9.997615825327742511e-01 5.078435575908476807e+01
9.995740586912620351e-01 2.572506441243049922e-03 2.907031949664432013e-02 -6.312930746772161816e-01 -2.691879483099013804e-03 9.999881025655030786e-01 4.067986313464457514e-03 -7.813073493340720876e-01 -2.905950481934389124e-02 -4.144507750131167650e-03 9.995690912394502581e-01 5.195996941014917070e+01
9.992880230112798357e-01 3.628638867372495445e-03 3.755369736161767724e-02 -6.151255470971779271e-01 -3.818720453067885132e-03 9.999802528208838748e-01 4.991126155454760419e-03 -7.984044215445490478e-01 -3.753483975732295475e-02 -5.130980111873779601e-03 9.992821466984267431e-01 5.312075833073920705e+01
9.988301794377582032e-01 5.461902861539552623e-03 4.804623306556222301e-02 -5.593826528591518965e-01 -5.730666520777552737e-03 9.999686848349795820e-01 5.457911848259301528e-03 -8.174228214584405849e-01 -4.801491146906159552e-02 -5.726864518306408122e-03 9.988302013145020641e-01 5.429130198065006851e+01
9.981389002730970406e-01 7.360521861483771550e-03 6.053560027777914188e-02 -4.962757734116747810e-01 -7.717709020219828964e-03 9.999541498994712896e-01 5.668778383120781812e-03 -8.440752858556388460e-01 -6.049109143686540180e-02 -6.125424920692539542e-03 9.981499419540201812e-01 5.543944139780489166e+01
9.971056790953540805e-01 9.904042128186317517e-03 7.538020528304369139e-02 -4.238594913546232523e-01 -1.038651091912794894e-02 9.999279905743971852e-01 6.011158293027221364e-03 -8.526852746773244673e-01 -7.531523233338974221e-02 -6.776698013812000425e-03 9.971367466361624743e-01 5.659140907230326434e+01
9.956656924378495255e-01 1.215981924626691191e-02 9.220612099256696170e-02 -3.299621424782041013e-01 -1.285309523050737548e-02 9.998933900241001593e-01 6.928670902517364283e-03 -8.680963426598660160e-01 -9.211202716235518395e-02 -8.083774703939887452e-03 9.957158359877932297e-01 5.773249169173354289e+01
9.938767296590746980e-01 1.241822280863953860e-02 1.097945148263302362e-01 -2.253725891377554025e-01 -1.337331799991702680e-02 9.998788346212911238e-01 7.966830634135254122e-03 -8.785900954583499844e-01 -1.096822629479287381e-01 -9.386365399788579658e-03 9.939223792074509678e-01 5.881997266343648079e+01
9.915984694645184616e-01 1.170035914638790399e-02 1.288238294238651938e-01 -8.743612636868491883e-02 -1.276232620768171129e-02 9.998910187662836124e-01 7.421157101676275313e-03 -9.006877164808516634e-01 -1.287229425821575235e-01 -9.002900608482324735e-03 9.916397278272133242e-01 5.992020694312805063e+01
9.887043876082798333e-01 1.138289734142194053e-02 1.494458643923259611e-01 7.812462394614344552e-02 -1.248797340600609797e-02 9.999011664727361914e-01 6.458154555188442766e-03 -9.189616174104613400e-01 -1.493575615953833813e-01 -8.251482535105542429e-03 9.887488200068558220e-01 6.100141223026984250e+01
9.853850808302195841e-01 8.311009074510893394e-03 1.701386882899363906e-01 2.496010588036046696e-01 -9.488012010317955353e-03 9.999363451314285944e-01 6.106004101109749858e-03 -9.221697846372881591e-01 -1.700770882790559047e-01 -7.631044046447326042e-03 9.854012114813208711e-01 6.207179189295922583e+01
9.813449948238631704e-01 3.432956640859016490e-03 1.922244016966357660e-01 4.854846049699372279e-01 -5.057807588953255190e-03 9.999555049207802249e-01 7.962835997245688510e-03 -9.560335671532498303e-01 -1.921884868279800096e-01 -8.786524194160419063e-03 9.813186933216361263e-01 6.312304741568654265e+01
9.766928207820845254e-01 -2.175972120855364320e-03 2.146308570967520868e-01 6.911989568820230412e-01 1.391254854199773332e-04 9.999548201320878071e-01 9.504648881205840158e-03 -9.553097666514013264e-01 -2.146418131919260175e-01 -9.253262677364700733e-03 9.766489969829654783e-01 6.415221994674259065e+01
9.710957226984437973e-01 -7.305200691151472400e-03 2.385785796310010698e-01 9.253800622371015638e-01 5.350285630028447578e-03 9.999466079856208500e-01 8.840567634190008364e-03 -9.674868890678643973e-01 -2.386303915868441261e-01 -7.308574714518786992e-03 9.710829592126973830e-01 6.519187410131415561e+01
9.643247365354109535e-01 -1.326052269472682496e-02 2.643898069500006942e-01 1.235110253503627797e+00 1.171105640473429216e-02 9.999037744551416695e-01 7.435925600707792883e-03 -9.978332760000007129e-01 -2.644629347238653949e-01 -4.074363668318791050e-03 9.643872389975725046e-01 6.617375995965511493e+01
9.569132078739907010e-01 -1.719848492810985632e-02 2.898643399270676713e-01 1.510255782810543623e+00 1.552540340803987805e-02 9.998469017390650970e-01 8.070620661042325616e-03 -1.015263120472742919e+00 -2.899587258010558055e-01 -3.222623273186168980e-03 9.570337199890899260e-01 6.713945038901553630e+01
9.479044515178411956e-01 -1.971938784046402965e-02 3.179438781420939608e-01 1.867035834432598129e+00 1.738834877965874867e-02 9.997971067808991696e-01 1.016811567198845113e-02 -1.011324536538357188e+00 -3.180798358875762122e-01 -4.109883749880465821e-03 9.480550162137540982e-01 6.812668936632670125e+01
9.383433484553591608e-01 -2.475425980181531968e-02 3.448173466221168271e-01 2.189600024920577592e+00 2.161197581655498537e-02 9.996825010691763325e-01 1.295451683651176536e-02 -1.022092759895665059e+00 -3.450285007370844648e-01 -4.703601321836133227e-03 9.385804144368091739e-01 6.901683023607121470e+01
9.272091664089300300e-01 -2.826407541613872032e-02 3.734759992591337174e-01 2.566000800803958537e+00 2.516809284816673084e-02 9.995965516469247358e-01 1.316438214829307625e-02 -1.045113663557016848e+00 -3.736973500098006440e-01 -2.806457828119016552e-03 9.275464388461904797e-01 6.994250642332097812e+01
9.148207792427025531e-01 -2.788963243463358013e-02 4.028959314073964904e-01 2.959770555655031110e+00 2.633286307038678470e-02 9.996089951640608762e-01 9.404095797104720239e-03 -1.039915995488697842e+00 -4.030006199317484050e-01 2.006340848031646328e-03 9.151974943948896213e-01 7.084920729804761663e+01
9.017502598304260042e-01 -2.893587066330979493e-02 4.312878490205102611e-01 3.382315803460080428e+00 2.979070298910506051e-02 9.995447583366886546e-01 4.773883728379507349e-03 -1.060167089645589700e+00 -4.312295875255089950e-01 8.543517516631652861e-03 9.022017661555622459e-01 7.168057535881104059e+01
8.874231950839531757e-01 -3.054185683486890235e-02 4.599427090894203096e-01 3.817070515552393406e+00 3.312070761491180820e-02 9.994483234986675235e-01 2.463170551602322182e-03 -1.075780207937671040e+00 -4.597641377024261344e-01 1.304775383049973890e-02 8.879451932072733866e-01 7.253075033933163240e+01
8.714313598258260907e-01 -3.198525635061987005e-02 4.894735540033990362e-01 4.315956579899102863e+00 3.367603991656067247e-02 9.994184641474910258e-01 5.353286810237753261e-03 -1.094531880043963845e+00 -4.893600682637301857e-01 1.181850931837362742e-02 8.720017287958361507e-01 7.340635336391265753e+01
8.536190353856119017e-01 -3.100142779778255683e-02 5.199745085771738662e-01 4.789691149077185628e+00 2.971756760760197250e-02 9.994999316207378026e-01 1.080521814565456144e-02 -1.094191086326010698e+00 -5.200493932749232773e-01 6.228837600678648403e-03 8.541134553411209307e-01 7.419938980576320375e+01
8.335067361365910976e-01 -3.146632174201969417e-02 5.516125738257112721e-01 5.348904296340024622e+00 2.858758532252505744e-02 9.994957711577551196e-01 1.381858490294788147e-02 -1.079670641004670362e+00 -5.517691809610899556e-01 4.251387586809607551e-03 8.339860050192215990e-01 7.501491105909406087e+01
8.125373386020636746e-01 -2.635215145918280710e-02 5.823132166423973244e-01 5.862235738050199707e+00 2.501872695295517118e-02 9.996336358198140148e-01 1.032750502349387596e-02 -1.112053352270424567e+00 -5.823719518737124901e-01 6.177251703567306768e-03 8.128989522234815190e-01 7.578473675682462840e+01
7.904467962546658510e-01 -1.904812875168495484e-02 6.122344980382293800e-01 6.426242172883592119e+00 2.128439913140701273e-02 9.997668887796260506e-01 3.625244762753430851e-03 -1.131133029333208917e+00 -6.121607513949832713e-01 1.016548037491767434e-02 7.906679631854870438e-01 7.651101128976834786e+01
7.675697756717064779e-01 -1.626738942506903568e-02 6.407589763608197986e-01 7.028733733099410408e+00 1.995273419464328041e-02 9.997998273436435879e-01 1.481078681854399587e-03 -1.124041123063987291e+00 -6.406547213548927644e-01 1.164806244703936108e-02 7.677407091096914993e-01 7.725463595905021918e+01
7.443677849042759087e-01 -1.922191931850598598e-02 6.674932041448158326e-01 7.630860545670980599e+00 2.199829267146563225e-02 9.997489401992761815e-01 4.258125344548818053e-03 -1.148297930352674134e+00 -6.674073833288814983e-01 1.151409961093340616e-02 7.446037545444352812e-01 7.793282159338939152e+01
7.197107200262307103e-01 -1.971574313467404013e-02 6.939941157904968572e-01 8.251471645100233232e+00 2.257653982836957743e-02 9.997326723011524807e-01 4.988358526196826591e-03 -1.125504636047028884e+00 -6.939068481370578301e-01 1.207781076745963536e-02 7.199634357784396865e-01 7.856492338614509663e+01
6.940218307878154302e-01 -1.846726859046602526e-02 7.197171159891931902e-01 8.957184888213932439e+00 2.326774833658510830e-02 9.997240999394557681e-01 3.214936629809146077e-03 -1.181370671872786104e+00 -7.195778206503340435e-01 1.451496075315657566e-02 6.942600430281518076e-01 7.919261103998641715e+01
6.678798535673172720e-01 -1.601049863705863996e-02 7.440969282123767181e-01 9.595423955086140211e+00 2.257316436585435696e-02 9.997444119759889558e-01 1.250162302528441726e-03 -1.196296648946600705e+00 -7.439266619637285860e-01 1.596166435232594660e-02 6.680705602818673983e-01 7.981216091704509097e+01
6.402573232477667409e-01 -1.387662494309008059e-02 7.680352059656569974e-01 1.030902213423452451e+01 2.151456414121162911e-02 9.997685267114686525e-01 1.283184291124798027e-04 -1.185070892958305588e+00 -7.678591040412159341e-01 1.644178618299903596e-02 6.404076715457132085e-01 8.037659610482998573e+01
6.125092557377846969e-01 -1.243001797764943690e-02 7.903657313268537266e-01 1.100789946962385812e+01 2.213915556467316650e-02 9.997538702167035884e-01 -1.434122817035789199e-03 -1.201530876857932917e+00 -7.901532667025439327e-01 1.837644378578992543e-02 6.126336903364338893e-01 8.094738892114665418e+01
5.841904771902034499e-01 -6.709894953350959909e-03 8.115889052973257467e-01 1.170769782829778372e+01 2.082569843870634221e-02 9.997605040024086787e-01 -6.724942234344712284e-03 -1.224376912717058952e+00 -8.113493005964438343e-01 2.083055357689110251e-02 5.841903054664412398e-01 8.148498084807550867e+01
5.534197228342696562e-01 2.431679398559866926e-03 8.328990272409237949e-01 1.250586544272608158e+01 1.950676677350924801e-02 9.996836075581488901e-01 -1.587988446407245791e-02 -1.245715622692618485e+00 -8.326740074578010686e-01 2.503540919681582905e-02 5.531971921692742100e-01 8.198805963920553097e+01
5.224251693122443641e-01 1.032362065904972141e-02 8.526226962226706174e-01 1.325605455411627354e+01 1.880277956571988970e-02 9.995440881185251314e-01 -2.362353177158988543e-02 -1.279181058246741109e+00 -8.524777415133958369e-01 2.837320529417163006e-02 5.219928781043451371e-01 8.245314868732828018e+01
4.907198846157588834e-01 1.546364761139653286e-02 8.711802176310077250e-01 1.406557564503357227e+01 1.614552335902304236e-02 9.995094552515897401e-01 -2.683599819775634929e-02 -1.311261436044570905e+00 -8.711677303906231185e-01 2.723461945451518054e-02 4.902294972986955823e-01 8.289798788584218414e+01
4.583295576851139086e-01 1.542917292545138708e-02 8.886484470661665247e-01 1.490828874723185216e+01 1.431911641745682584e-02 9.995913479844488192e-01 -2.474065121243095022e-02 -1.333770204574465712e+00 -8.886669077493729585e-01 2.406403294930785711e-02 4.579213297156314866e-01 8.330755242311153097e+01
4.245429090284145168e-01 1.404015749055467430e-02 9.052990123139779133e-01 1.569864069753030300e+01 1.078594658793794597e-02 9.997303812435553994e-01 -2.056278419809019070e-02 -1.369796328191126067e+00 -9.053435100912855527e-01 1.849429116343801957e-02 4.242770093765100281e-01 8.374442971023654536e+01
3.915543501816715066e-01 1.481422143973197027e-02 9.200357833651150452e-01 1.656442513650495840e+01 6.366293396223805801e-03 9.998028449211271429e-01 -1.880801777520495904e-02 -1.395671180542105372e+00 -9.201328964385194764e-01 1.322157858272010253e-02 3.913828430571787975e-01 8.411492547592047231e+01
3.557697471093317909e-01 1.724534613743835751e-02 9.344145769914131705e-01 1.744792602274421256e+01 -2.281724901207283010e-04 9.998313086565838725e-01 -1.836578620742727527e-02 -1.437887446576862738e+00 -9.345735484061225007e-01 6.320782475221011464e-03 3.557136682462264110e-01 8.446259663611428437e+01
3.197907020430424407e-01 1.974827171254450731e-02 9.472824460447017980e-01 1.834192943572610801e+01 -5.543368317336636909e-03 9.998046509934860326e-01 -1.897184323769560838e-02 -1.450073838976088991e+00 -9.474719294707397710e-01 8.158821351232437361e-04 3.198377047062446188e-01 8.479025651919252482e+01
2.828289549075026499e-01 1.916556270755338104e-02 9.589789290890655682e-01 1.929657945225737237e+01 -8.173361818364897197e-03 9.998122089284723346e-01 -1.757108263390059696e-02 -1.483442667954516514e+00 -9.591354725274278126e-01 -2.868472608532810896e-03 2.829324907622796093e-01 8.503484856247906976e+01
2.465177919965575726e-01 1.865804866225281508e-02 9.689587096661532728e-01 2.019743242705183661e+01 -8.494660497208567085e-03 9.998178510143841402e-01 -1.709109263237814508e-02 -1.508081136885176310e+00 -9.691009713560260197e-01 -4.017718777973018456e-03 2.466313843626862512e-01 8.529915974069461981e+01
2.102412935775596348e-01 1.787535268994876192e-02 9.774861626121820191e-01 2.112236158237126205e+01 -8.292712978067976262e-03 9.998294706393190401e-01 -1.650031720336816998e-02 -1.544968472206119658e+00 -9.776142904688530644e-01 -4.636966170166848672e-03 2.103536779886235331e-01 8.550767611406520530e+01
1.755007357720332895e-01 1.713413007362199827e-02 9.843302509984340753e-01 2.207726605176538470e+01 -5.865504176308156126e-03 9.998489866610952292e-01 -1.635847368351531217e-02 -1.560036263940756340e+00 -9.844617602570930881e-01 -2.902670946565768465e-03 1.755747346990395030e-01 8.564426135137303220e+01
1.405772810915629500e-01 1.562888282909031396e-02 9.899464113210130201e-01 2.298031160311311893e+01 1.119336829669373206e-03 9.998722512122940609e-01 -1.594453794007707342e-02 -1.609086599664407702e+00 -9.900690094725164148e-01 3.349521824278195014e-03 1.405418301123943781e-01 8.581145430073023306e+01
1.064152429720635201e-01 1.825702165532212470e-02 9.941542182399183414e-01 2.396732560566685777e+01 3.005458882573395357e-03 9.998209441668061137e-01 -1.868279316020245509e-02 -1.652595466592481355e+00 -9.943171680085381992e-01 4.976022251836118016e-03 1.063413195673857115e-01 8.587046027336388931e+01
7.418334613975263725e-02 2.453945080543329729e-02 9.969427164061228641e-01 2.494335733381617359e+01 4.700284473804182406e-03 9.996774877524097214e-01 -2.495651639040651765e-02 -1.640131116068050732e+00 -9.972334757066915190e-01 6.537271015800679222e-03 7.404408030791370665e-02 8.594087002306120837e+01
4.519302936804183574e-02 2.648088289934868306e-02 9.986273012206584587e-01 2.591251789157078633e+01 9.999373827144854981e-03 9.995865311979802437e-01 -2.695884000650581105e-02 -1.725277073707451647e+00 -9.989281599764101571e-01 1.120399845104836506e-02 4.490955282768595985e-02 8.599893195747738162e+01
1.859724615153656585e-02 2.589914388370086196e-02 9.994916262040204336e-01 2.690020898681081007e+01 1.352997055426565128e-02 9.995663906935844389e-01 -2.615282718990840846e-02 -1.751211114507063238e+00 -9.997354391646365857e-01 1.400946214266025544e-02 1.823876917644205037e-02 8.602659741178693764e+01
-3.358684912831618689e-03 2.279956009352043789e-02 9.997344814627109333e-01 2.787788586208589692e+01 1.463036122348464543e-02 9.996341708447898933e-01 -2.274811866810494410e-02 -1.774162870384945245e+00 -9.998872625178542028e-01 1.455007215438455272e-02 -3.691020392356307751e-03 8.599049339012132975e+01
-2.272226911555700821e-02 2.089929629983778778e-02 9.995234124233015605e-01 2.883916323289059136e+01 1.628073418983098583e-02 9.996566289823213269e-01 -2.053196832063942934e-02 -1.806664533296424624e+00 -9.996091747566677732e-01 1.580644149289653008e-02 -2.305472122051869729e-02 8.598104067834690056e+01
-4.014726327540023287e-02 2.331621480906448038e-02 9.989217613775770443e-01 2.985960780654830060e+01 1.750941028459048268e-02 9.995906107128296192e-01 -2.262811095052714300e-02 -1.849528964492725969e+00 -9.990402814972570988e-01 1.658207369144788085e-02 -4.053907897118461112e-02 8.595585417764908698e+01
-5.462386197187536763e-02 2.821777229365235104e-02 9.981082731213940518e-01 3.082052066693001890e+01 2.031462391491131031e-02 9.994251151709906411e-01 -2.714323220644265094e-02 -1.868063445806269929e+00 -9.983002635549251824e-01 1.879352565356172747e-02 -5.516569135266307516e-02 8.586948224709173871e+01
-6.655300636645601620e-02 3.244722519798535348e-02 9.972552374477638981e-01 3.181218596589490133e+01 2.433160023359695612e-02 9.992266665628439792e-01 -3.088756768197983490e-02 -1.920320243738495414e+00 -9.974861087933101222e-01 2.220915517992419833e-02 -6.729102998620498099e-02 8.580865868425854615e+01
-7.570517191829100045e-02 3.631637473287521733e-02 9.964687558752889363e-01 3.279024920172422242e+01 3.045524385838622311e-02 9.989545200932999913e-01 -3.409317526661952147e-02 -1.953814159017838392e+00 -9.966649747547766669e-01 2.776666961227559211e-02 -7.673204609606809612e-02 8.577816508687824637e+01
-8.115297099366225453e-02 4.115328487844180372e-02 9.958517640393231840e-01 3.380032237030152942e+01 3.319775568485147654e-02 9.987044527503580182e-01 -3.856584887316334698e-02 -2.010659586947019850e+00 -9.961485688730407073e-01 2.993031087157218412e-02 -8.241402854195305216e-02 8.564082410741048079e+01
-8.526178957756185006e-02 4.652466142378215014e-02 9.952718304954376594e-01 3.477285961856267704e+01 3.545583573719734982e-02 9.984182124571451267e-01 -4.363434768768493371e-02 -2.048581942185189853e+00 -9.957274617042563003e-01 3.156785262522617680e-02 -8.677649264789182026e-02 8.555744080026479992e+01
-8.788441341869643320e-02 4.970748274043178261e-02 9.948897574463967386e-01 3.574354313144449691e+01 3.673764603905620846e-02 9.982364651327723104e-01 -4.662943865559988910e-02 -2.108307223943021835e+00 -9.954529332638500927e-01 3.245190762542164015e-02 -8.955556044823298478e-02 8.547901929538495835e+01
-9.015913717095747071e-02 5.298547367288577309e-02 9.945169696796570813e-01 3.676970600256812105e+01 3.767428189128847055e-02 9.980504785406553170e-01 -4.975831821275239486e-02 -2.168233753133546493e+00 -9.952144721741420508e-01 3.298154640093947654e-02 -9.197955801692166145e-02 8.539339241267745706e+01
-9.345697305808035871e-02 5.656462677405284245e-02 9.940152768259664651e-01 3.779667031147538125e+01 3.868947788683541056e-02 9.978370521951229755e-01 -5.314452916496425344e-02 -2.235037922915274144e+00 -9.948712407775552879e-01 3.349120605990647814e-02 -9.544328472425815668e-02 8.531057886323414152e+01
-9.517890351901654722e-02 6.008674097168983930e-02 9.936451546008945312e-01 3.877769701196758234e+01 4.024097361455297034e-02 9.975929548449996576e-01 -5.647087602660364608e-02 -2.297471944558084012e+00 -9.946464234318053155e-01 3.461041329879721573e-02 -9.736775089869317834e-02 8.520937586507048422e+01
-9.720152470443788051e-02 6.147218313831779440e-02 9.933645693499688623e-01 3.980255359548679195e+01 4.149825652204405801e-02 9.974730829189640824e-01 -5.766578602193277864e-02 -2.377717122259825011e+00 -9.943991279303673325e-01 3.561769638718399744e-02 -9.950689127466590123e-02 8.510308775229349010e+01
-9.900526944313955968e-02 6.102897616123700159e-02 9.932137504010030149e-01 4.081760646617850341e+01 4.279913801600306739e-02 9.974550504134902518e-01 -5.702328906227157462e-02 -2.438315105753315226e+00 -9.941660111770320718e-01 3.686308737762578058e-02 -1.013652919354772891e-01 8.499015183796612405e+01
-1.014733886157276471e-01 6.060237977528723508e-02 9.929907533280686316e-01 4.184132406888473810e+01 4.306962488672601286e-02 9.974746156184589596e-01 -5.647475468141176930e-02 -2.518340407931090930e+00 -9.939054413051731096e-01 3.703705563770668535e-02 -1.038272494080614422e-01 8.487729498421150254e+01
-1.034947809333184449e-01 6.158606547693901145e-02 9.927215722669643361e-01 4.286681443113779721e+01 4.236979456384193377e-02 9.974481984267690171e-01 -5.746208551494021849e-02 -2.589300499943403722e+00 -9.937270743677369955e-01 3.611438415180463074e-02 -1.058400700699755059e-01 8.476585821075701688e+01
-1.055132844581861545e-01 6.348840458494084404e-02 9.923891889983548209e-01 4.389220003501770861e+01 4.094101170891355918e-02 9.973910382080181103e-01 -5.945544357458461965e-02 -2.652138105561313353e+00 -9.935746816082174915e-01 3.435607916001968271e-02 -1.078372821853415403e-01 8.466045516687152883e+01
-1.083406975511854997e-01 6.579881172669177491e-02 9.919339407116030127e-01 4.489459104828715397e+01 3.967578246508579598e-02 9.972983364702824316e-01 -6.182119101987255949e-02 -2.722449413405939378e+00 -9.933216967331999214e-01 3.265800503715560188e-02 -1.106586151196163048e-01 8.454626395013686135e+01
-1.109332166304504430e-01 6.883178957489051453e-02 9.914414452020300361e-01 4.592218883722789968e+01 3.749784165475460174e-02 9.971782377673918951e-01 -6.503440079512139149e-02 -2.797600761462945673e+00 -9.931201342585476155e-01 2.996243957415708342e-02 -1.132012313550088550e-01 8.448989606938849306e+01
-1.134983474554123323e-01 7.316598270840865559e-02 9.908405508233354420e-01 4.696020819153077497e+01 3.448783916214009926e-02 9.969738739462666866e-01 -6.966837799236506867e-02 -2.877461626742667367e+00 -9.929393646732925793e-01 2.626470400263400395e-02 -1.156782221318957554e-01 8.436270622968999078e+01
-1.160434175352983432e-01 7.563600597479143428e-02 9.903601632048790737e-01 4.801983131780851721e+01 3.154751315677724322e-02 9.968739344435187943e-01 -7.243695543828472527e-02 -2.968935116959901865e+00 -9.927429413474807562e-01 2.283756835565950785e-02 -1.180667844384729187e-01 8.425184585342911703e+01
-1.188979817310324982e-01 7.429154825165089349e-02 9.901233098509517605e-01 4.907295366925099245e+01 2.907450509842800582e-02 9.970297702762349612e-01 -7.131836826259435602e-02 -3.066510722751477402e+00 -9.924806351409676264e-01 2.030773490483445132e-02 -1.207048157541873862e-01 8.412806699127652621e+01
-1.216979133237013760e-01 7.075524039875556725e-02 9.900421438635111926e-01 5.012095874105509807e+01 2.739912767694929752e-02 9.973153546003573622e-01 -6.790707370396258102e-02 -3.128286686086695134e+00 -9.921888801182441320e-01 1.886214154315515867e-02 -1.233098277953238869e-01 8.399315093083676231e+01
-1.243262751506535313e-01 6.877053443300737423e-02 9.898554053845322054e-01 5.120200345785149665e+01 2.736902029109703621e-02 9.974534003207508048e-01 -6.586084057804673930e-02 -3.222463618737955393e+00 -9.918637921919892797e-01 1.890313929481823516e-02 -1.258918464022213690e-01 8.388131301833637110e+01
-1.256596809446088592e-01 6.919008033930888757e-02 9.896577741816576790e-01 5.225839740200173367e+01 2.719620366661130648e-02 9.974303423646857514e-01 -6.628029901505917698e-02 -3.305146572751935796e+00 -9.917004988222066775e-01 1.858617273994576935e-02 -1.272184844544811955e-01 8.373348586652636527e+01
-1.271048740631311458e-01 7.183818962096003014e-02 9.892844677443249912e-01 5.329920443545204733e+01 2.758012246126326575e-02 9.972441499869068027e-01 -6.887264715088024791e-02 -3.391530963518622599e+00 -9.915057015257014994e-01 1.853053720350253050e-02 -1.287358965112062881e-01 8.360344508289205123e+01
-1.278241715425282587e-01 7.428072191721984963e-02 9.890113690698957294e-01 5.435603207321820207e+01 2.755881046985022773e-02 9.970723905265618248e-01 -7.132432506626402990e-02 -3.476935643140627530e+00 -9.914138194942996307e-01 1.813900365627714797e-02 -1.294970389719012349e-01 8.342915432759272676e+01
-1.281684015458944559e-01 7.501955609762922528e-02 9.889110474029612075e-01 5.543228900449730645e+01 2.669705616978080079e-02 9.970345692080808675e-01 -7.217571838073354173e-02 -3.567349308457201218e+00 -9.913929576109880015e-01 1.715036678956094116e-02 -1.297911266726360646e-01 8.333281695847348658e+01
-1.275090417365836448e-01 7.392785785480877891e-02 9.890784846221610804e-01 5.650331571387941665e+01 2.430835459578838120e-02 9.971516925364055650e-01 -7.139751626565833675e-02 -3.648967225665641134e+00 -9.915394175306433411e-01 1.493904093001461111e-02 -1.289429197155471940e-01 8.314540265070566250e+01
-1.283101587428302492e-01 7.330588070239767162e-02 9.890211745038499647e-01 5.758075354452320482e+01 2.099591996954788126e-02 9.972416820122027570e-01 -7.119128030399429763e-02 -3.734931124273884517e+00 -9.915117462171315621e-01 1.163084396346343759e-02 -1.294953612829971568e-01 8.304962522243766898e+01
-1.275806605678605765e-01 7.400586380211957027e-02 9.890634154616940732e-01 5.864797438109528116e+01 1.731107491017199254e-02 9.972266184420309765e-01 -7.238368291630586926e-02 -3.829439892647328758e+00 -9.916770492909380286e-01 7.886991502460468512e-03 -1.285079501256383705e-01 8.291625092545017139e+01
-1.274996061911839729e-01 7.439737708614309331e-02 9.890444951288381858e-01 5.972630178084117603e+01 1.340223057171728224e-02 9.972210038402090637e-01 -7.328471271731165637e-02 -3.924137244078437892e+00 -9.917480017580265761e-01 3.911628740657033428e-03 -1.281423744367233553e-01 8.277559041965463393e+01
-1.285595901808044839e-01 7.355364608239128854e-02 9.889703865712191622e-01 6.081458932509608672e+01 9.548837686827613136e-03 9.972912601781342978e-01 -7.293121067339614072e-02 -4.024643462022689633e+00 -9.916557466492379458e-01 6.750920939628810350e-05 -1.289137058912778466e-01 8.264670593300817814e+01
-1.287150031934566896e-01 6.856830293716331681e-02 9.893083282313455129e-01 6.192071516552139343e+01 9.490803413471830471e-03 9.976462141814440576e-01 -6.791137950982624460e-02 -4.111507162592657139e+00 -9.916361434518828899e-01 6.481155376872115926e-04 -1.290628022961806121e-01 8.250924816665333594e+01
-1.289747954665248775e-01 6.077167476433965182e-02 9.897840360901623002e-01 6.301497331814491076e+01 1.257917864992834887e-02 9.981403542139554164e-01 -5.964559610366009651e-02 -4.174021011737181652e+00 -9.915680182448743940e-01 4.757890095833308165e-03 -1.294994041574390464e-01 8.236158033646511001e+01
-1.289972778394444519e-01 5.548601670936739727e-02 9.900914789138880456e-01 6.411729902688142602e+01 1.908159977803549484e-02 9.983874024593543117e-01 -5.346481813069835221e-02 -4.244184991315299804e+00 -9.914612767351628220e-01 1.199571237189703959e-02 -1.298480174814654609e-01 8.220545985611101969e+01
-1.287953157591737174e-01 5.733715118901254459e-02 9.900122979625678443e-01 6.523826269730599847e+01 2.613470642639722369e-02 9.981766018538633656e-01 -5.441000076255747553e-02 -4.336514543831222923e+00 -9.913266929453236065e-01 1.886592712762936649e-02 -1.300589585961650363e-01 8.206395260672336178e+01
-1.282293533251525341e-01 6.251318318183142486e-02 9.897724320962418831e-01 6.635261210920090491e+01 3.039899284353686157e-02 9.977902116511225827e-01 -5.908125102217252900e-02 -4.420474393186460738e+00 -9.912784687142689455e-01 2.251213436147581071e-02 -1.298463297576879505e-01 8.192627565521635802e+01
-1.266255341826547365e-01 6.812126435995143059e-02 9.896088116121755096e-01 6.744666116023738311e+01 3.317923832891901681e-02 9.973717793274200494e-01 -6.441018012065359566e-02 -4.485007233337179322e+00 -9.913954713068464653e-01 2.467849322528570255e-02 -1.285529443494540236e-01 8.176683501198131410e+01
-1.267777150101195294e-01 7.133425244205263138e-02 9.893629101740440968e-01 6.855578629560798731e+01 3.280199513482256329e-02 9.971667860642038361e-01 -6.769364228964498686e-02 -4.627393057695320167e+00 -9.913885758820647487e-01 2.387103208935159940e-02 -1.287584307684534746e-01 8.159189555020370221e+01
-1.266679414986153773e-01 7.034251767341485884e-02 9.894479750936674423e-01 6.968787402793984143e+01 3.219209695676430311e-02 9.972485397144972286e-01 -6.677588090750817551e-02 -4.675527604123105085e+00 -9.914225989887066604e-01 2.339404174526088856e-02 -1.285838911842452637e-01 8.148083388951090456e+01
-1.258892534412549280e-01 6.571274281773141490e-02 9.898655786915029342e-01 7.078725706416953756e+01 3.269505544131145330e-02 9.975365193850054268e-01 -6.206388028238140481e-02 -4.735157345503052895e+00 -9.915053189388400856e-01 2.455053448551551207e-02 -1.277276078254991343e-01 8.136271153071525930e+01
-1.260628150666336655e-01 6.343882864644791175e-02 9.899918253312927074e-01 7.194326259673856327e+01 2.903866482410218108e-02 9.977615035830179613e-01 -6.023900206179787220e-02 -4.830924358316687872e+00 -9.915970910030316166e-01 2.115414240287972342e-02 -1.276228011437897936e-01 8.119010691640009725e+01
