1.000000000000000000e+00 0.000000000000000000e+00 0.000000000000000000e+00 0.000000000000000000e+00 0.000000000000000000e+00 1.000000000000000000e+00 0.000000000000000000e+00 0.000000000000000000e+00 0.000000000000000000e+00 0.000000000000000000e+00 1.000000000000000000e+00 0.000000000000000000e+00
9.999999986079498582e-01 9.898900433382853368e-06 -5.182771539967010366e-05 1.444238152347692870e-03 -9.880951999085110690e-06 9.999999399898966690e-01 3.462983826333249646e-04 1.018809934980827864e-03 5.183114026269348084e-05 -3.462978700440921863e-04 9.999999386956571756e-01 -2.157854720567039478e-03
9.999999948146280904e-01 9.727190479255093814e-05 -3.014830415191728518e-05 4.212840033810862778e-03 -9.726855970673498411e-05 9.999999891160183951e-01 1.109359739486306419e-04 1.603463390258293847e-03 3.015909477727970025e-05 -1.109330408912639025e-04 9.999999933921447370e-01 -4.051291094421357285e-03
9.999999995790663787e-01 2.818961887809286058e-05 6.871151214883994730e-06 1.833260432395715771e-03 -2.818943576842255762e-05 9.999999992476280575e-01 -2.664769285068816933e-05 -3.662680557136064035e-03 -6.871902398019776342e-06 2.664749914559542859e-05 9.999999996213438935e-01 -4.864330528644762340e-04
9.999999992077729383e-01 2.284126543431403485e-05 3.259955128735231360e-05 3.778609544793523276e-03 -2.283682307306476476e-05 9.999999904552336893e-01 -1.362644929534734056e-04 -1.909734027436915758e-03 -3.260266342965003320e-05 1.362637483753359512e-04 9.999999901846285955e-01 1.177157602813968737e-03
9.999999973112461138e-01 4.429454682263989594e-05 5.844228610721326596e-05 9.018082821824030884e-03 -4.429062926451530287e-05 9.999999967724900740e-01 -6.703252920193999162e-05 -2.422136332626409570e-03 -5.844525509409358112e-05 6.702994057607867737e-05 9.999999960455695502e-01 4.023048303060496392e-04
9.999999973633341144e-01 7.179332940481788442e-05 -1.091098106535109647e-05 5.413806362034253444e-03 -7.179142262140318252e-05 9.999999821702468816e-01 1.746582306343919628e-04 -1.999147480079782515e-03 1.092352016669619691e-05 -1.746574468590236795e-04 9.999999846877263288e-01 -2.023803359729681606e-03
9.999999975481878023e-01 6.997130144469212261e-05 -2.764298648763220853e-06 1.367969591615725506e-03 -6.997082639042739795e-05 9.999999828491095144e-01 1.714813810454265150e-04 -1.006498989922226858e-03 2.776297376758319596e-06 -1.714811872047255375e-04 9.999999852932471844e-01 9.230312873476406016e-05
9.999999997644583027e-01 -9.564518220389127035e-06 -1.948341554535726203e-05 -2.876247549001994353e-05 9.565079679405342315e-06 9.999999995390336238e-01 2.881738937680637368e-05 -2.059358095881471014e-03 1.948313991193031101e-05 -2.881757573044079496e-05 9.999999993949773014e-01 -5.303599590227665774e-05
9.999999997280762942e-01 1.562314655503087686e-05 -1.731371215346501883e-05 3.998068784998711454e-03 -1.562290343766291047e-05 9.999999997793743711e-01 1.404194358671290835e-05 -1.578917994497547675e-03 1.731393152898774414e-05 -1.404167309244144983e-05 9.999999997515296446e-01 1.491858371462225765e-03
9.999999965721899642e-01 8.279658195857496957e-05 -5.883234897092353183e-07 4.382246501298646055e-03 -8.279660734580667446e-05 9.999999956356245834e-01 -4.328362961754540224e-05 6.549200171216345385e-05 5.847397505544772700e-07 4.328367818036630145e-05 9.999999990630906721e-01 -2.525758765099213928e-03
9.999999962031583811e-01 8.377569036549491752e-05 2.398576551137518383e-05 1.479817065855783525e-03 -8.377581597489670363e-05 9.999999964770991401e-01 5.235874238560206482e-06 2.051633812492602033e-03 -2.398532678789670508e-05 -5.237883645757919293e-06 9.999999996986342898e-01 -3.047656141918562989e-03
9.999999975494162641e-01 6.943249460395724607e-05 -8.960807547211420472e-06 -2.127059241017519465e-03 -6.943170525233251938e-05 9.999999937123718041e-01 8.805960880879990091e-05 -6.207759632861883968e-04 8.966921689182637958e-06 -8.805898642885402132e-05 9.999999960826045919e-01 -2.491596401721400938e-03
9.999999973947613086e-01 6.928524832362743325e-05 -2.024923824411437682e-05 -1.977825268670575700e-03 -6.928182516493939158e-05 9.999999833189953113e-01 1.690030703839022464e-04 -1.936596750253120761e-03 2.026094732603574077e-05 -1.690016670394251907e-04 9.999999855139651839e-01 -1.038689914625571002e-03
9.999999999326735223e-01 1.153006631804374835e-05 1.307898347412009999e-06 -2.522506007634618946e-03 -1.153024119935856959e-05 9.999999909835650680e-01 1.337905954016993840e-04 4.234717819951788580e-03 -1.306355721181717044e-06 -1.337906104730751178e-04 9.999999910491829125e-01 -1.825623439559768101e-03
9.999999959205927436e-01 -1.619494863960150487e-05 8.886246796814001867e-05 1.700147984002584652e-03 1.619737731339353267e-05 9.999999994953565619e-01 -2.733005220910002700e-05 4.859436601190826252e-03 -8.886202531450430810e-05 2.733149143653228633e-05 9.999999956782650301e-01 -1.980661520448289813e-03
9.999999997406954222e-01 -2.112045438397381077e-05 -8.516784055678703572e-06 -9.936601423391209012e-03 2.112074857511381983e-05 9.999999991803163457e-01 3.454390453856057391e-05 -1.686300411958645805e-04 8.516054465737581862e-06 -3.454408441045787821e-05 9.999999993670914966e-01 -4.207200969295422704e-04
9.999999578986386028e-01 4.794090492729333697e-06 -2.901374464405229408e-04 -4.344542989568794117e-02 -4.780385314622522512e-06 9.999999988728822675e-01 4.723752184413699623e-05 -4.987246085286607070e-04 2.901376725744582484e-04 -4.723613288658483307e-05 9.999999567944384271e-01 -4.758612860552017404e-03
9.999994638726293905e-01 -9.296821049623703998e-05 -1.031315357050363113e-03 -5.249086567434071114e-03 9.317921657843931569e-05 9.999999747378863768e-01 2.045528299421040712e-04 -1.024788705937540977e-02 1.031296314086605588e-03 -2.046488174327484801e-04 9.999994472732343098e-01 -7.557798457129069093e-03
9.999977823688007694e-01 4.173109415710515830e-05 -2.105591602458045230e-03 3.876037762528928426e-02 -4.024611359551246619e-05 9.999997504708583174e-01 7.052931811525558039e-04 -1.063585803306556742e-02 2.105620509707730771e-03 -7.052068751935745101e-04 9.999975345197268384e-01 -9.193770433533785674e-03
9.999968301901670520e-01 7.760998608828023929e-05 -2.516661738929987843e-03 4.933209670915414402e-02 -7.662755773844948342e-05 9.999999208331479261e-01 3.904637183764929137e-04 2.117080283375836168e-03 2.516691843577551282e-03 -3.902696350380510616e-04 9.999967569706296189e-01 -1.039839696831035276e-02
9.999832844614444660e-01 6.600307824789957225e-05 -5.781560455068172205e-03 1.182417106248080524e-01 -5.754923627874822234e-05 9.999989290924272689e-01 1.462361817045672568e-03 -1.367184053030840590e-03 5.781650783932735724e-03 -1.462004648491648873e-03 9.999822173701992112e-01 -1.492487847438021646e-02
9.999576250395467714e-01 -7.966479989361644975e-07 -9.205874463331351759e-03 2.111499018208543299e-01 3.349512873492880801e-05 9.999936919158423088e-01 3.551761056138448992e-03 -1.800784648268326585e-02 9.205813562397155078e-03 -3.551918902354422349e-03 9.999513172493776914e-01 -2.597297127495944158e-02
9.999064798701757795e-01 1.314082858862602619e-04 -1.367531518818355940e-02 3.526614223579115359e-01 -1.012406766719825660e-04 9.999975602003269293e-01 2.206658949380957760e-03 -8.573344630272299732e-03 1.367557179642411164e-02 -2.205068084186179861e-03 9.999040536025368686e-01 -3.105572127888381329e-03
9.998966072777923930e-01 3.795031802070904085e-04 -1.437465588097036791e-02 5.808927434389337119e-01 -3.811506312278841661e-04 9.999999211048021808e-01 -1.118686091516993449e-04 -2.134193049959497851e-03 1.437461229238611200e-02 1.173359519143850452e-04 9.998966730386285029e-01 3.315284284144309063e-02
9.999186662490041622e-01 9.586356282938812224e-04 -1.271777907281382985e-02 7.906688061791826705e-01 -9.711379312879520921e-04 9.999990512608041282e-01 -9.769179136897134050e-04 -2.494347505006009398e-04 1.271683049864035832e-02 9.891891749507278602e-04 9.999186485543936076e-01 2.713322745542813552e-02
9.999322669640132721e-01 1.588936105913036365e-03 -1.152982073844090356e-02 9.490279785735400431e-01 -1.591291232339241916e-03 9.999987148646736212e-01 -1.950928369876009805e-04 -2.145580300507840630e-03 1.152949593100827119e-02 2.134269254089767292e-04 9.999335103758271170e-01 3.747672381400692782e-03
9.999237279015803503e-01 2.133159967032538171e-03 -1.216503218086182302e-02 1.180314918760937637e+00 -2.120489536020018443e-03 9.999971959327316195e-01 1.054348519952563734e-03 -7.011779703352343483e-03 1.216724716334732781e-02 -1.028472279133616505e-03 9.999254473915728525e-01 4.971716946202349484e-04
9.999062489365563300e-01 2.335245789874782017e-03 -1.349221867323245963e-02 1.490974942718449991e+00 -2.317331753786272715e-03 9.999964128709450950e-01 1.343212114750983116e-03 -2.019890101441823137e-03 1.349530700533872404e-02 -1.311820240426285434e-03 9.999080736830203708e-01 9.390661923358053012e-03
9.998983736746163142e-01 3.130634332064877526e-03 -1.390832310295432930e-02 1.790288842724523821e+00 -3.121959313918876242e-03 9.999949184038012806e-01 6.453964804458575894e-04 6.084617244816203398e-04 1.391027292685199576e-02 -6.019096723208729920e-04 9.999030663078530834e-01 1.859495236230395906e-02
9.999062549915700426e-01 4.086098829536478384e-03 -1.306847447442221512e-02 2.120818338000336478e+00 -4.092643247095673759e-03 9.999915127262199999e-01 -4.740746546261133550e-04 -1.291458320250376450e-03 1.306642644281008105e-02 5.275148163012053195e-04 9.999144914582112076e-01 2.411319867206141929e-02
9.999118746660158319e-01 4.854541997567856856e-03 -1.235622611835028410e-02 2.470491398583634091e+00 -4.869615541079310578e-03 9.999874351493612812e-01 -1.190120953581552503e-03 -7.634440405272835406e-03 1.235029337206330034e-02 1.250186144510045342e-03 9.999229506758148256e-01 2.115296650615449553e-02
9.999122675174744179e-01 5.243552900861759604e-03 -1.216398047674649777e-02 2.849084496049567150e+00 -5.262774728404640001e-03 9.999849521681378750e-01 -1.548754159003165511e-03 -1.460788020821950951e-02 1.215567646085034641e-02 1.612634572005803126e-03 9.999248166434896445e-01 2.328476479370739094e-02
9.999014378080158805e-01 6.318444597041205854e-03 -1.253762048144426572e-02 3.214456640489515848e+00 -6.336345041488304283e-03 9.999789611376449505e-01 -1.388529290911445649e-03 -1.645161989472044423e-02 1.252858335877670218e-02 1.467835123790560935e-03 9.999204368643894725e-01 2.287245790913286850e-02
9.998957299529732667e-01 7.022565463837633810e-03 -1.261795530649914045e-02 3.599837024246559380e+00 -7.045542106249465079e-03 9.999736002100039212e-01 -1.777419329343366732e-03 -9.343572914324868930e-03 1.260514015153186250e-02 1.866134333153023593e-03 9.999188106963539102e-01 2.870877933066602258e-02
9.998976693635039936e-01 7.283603273906602733e-03 -1.231259212275305839e-02 4.039284076071340657e+00 -7.314643610000544013e-03 9.999701776226934680e-01 -2.477872897794893871e-03 -1.520056242367915679e-02 1.229417708883444836e-02 2.567681558777345184e-03 9.999211270000855079e-01 3.577704769833962850e-02
9.998965464282491000e-01 7.408853287775939329e-03 -1.232904431902902796e-02 4.512671982268632753e+00 -7.447990793535165348e-03 9.999673599342082664e-01 -3.131533066876058657e-03 -2.429615231933713801e-02 1.230544082915300055e-02 3.223035707176450174e-03 9.999190908102667530e-01 3.716108047092267497e-02
9.998966548042313995e-01 6.816011285243385627e-03 -1.265787112698178209e-02 4.974268755919641016e+00 -6.860557046834531679e-03 9.999704137578917518e-01 -3.479132920407401134e-03 -3.670539569569157556e-02 1.263378281889368515e-02 3.565613415692774502e-03 9.999138332539733165e-01 4.218373907761835406e-02
9.999095873925352151e-01 4.652157438328257885e-03 -1.261643656739100221e-02 5.453319036514714391e+00 -4.703539037376905027e-03 9.999807531886638623e-01 -4.045982298077901822e-03 -3.567681528479343944e-02 1.259737119457330842e-02 4.104958392175888683e-03 9.999122239254727429e-01 4.924478007019996578e-02
9.999295433148791545e-01 1.531732274507816927e-03 -1.177124472332989960e-02 5.956065216651611927e+00 -1.580878961693174501e-03 9.999900685093181529e-01 -4.166977854239610132e-03 -2.674884032153387881e-02 1.176474512285611597e-02 4.185293175929081719e-03 9.999220340072648705e-01 6.071066088198363853e-02
9.999510208781249299e-01 -1.871770907994584716e-03 -9.718658264583436568e-03 6.476048693097873787e+00 1.823956584226118930e-03 9.999862018713819856e-01 -4.926382976037192891e-03 -2.940799787848458191e-02 9.727745225622893080e-03 4.908415275393476426e-03 9.999406374541989218e-01 6.440202991313952186e-02
9.999451059156452271e-01 -6.568039385813161275e-03 -8.163700997432059986e-03 6.971313888450099583e+00 6.536162922286268932e-03 9.999709351700508675e-01 -3.925224756263858555e-03 -2.565156175997355958e-02 8.189244751648122253e-03 3.871650004876929941e-03 9.999589724566889659e-01 6.207747393776447131e-02
9.998733346875344763e-01 -1.374275690268643435e-02 -8.028151315434356450e-03 7.459902159442923342e+00 1.371290365943741985e-02 9.998988972395327357e-01 -3.761857572177630324e-03 -2.401133740202808162e-02 8.079037941291887168e-03 3.651291809760862182e-03 9.999606978347014286e-01 6.815873607644180876e-02
9.997057526185514353e-01 -2.237584789935769675e-02 -9.366408712013381960e-03 7.958448098485417788e+00 2.234120032344702467e-02 9.997432295628533305e-01 -3.787573278978948691e-03 -8.125707820082596691e-04 9.448753858752004242e-03 3.577201982113193627e-03 9.999489610357600311e-01 8.399144542429523574e-02
9.994458708841080785e-01 -3.142480495856907891e-02 -1.097418817146351804e-02 8.493874341114407756e+00 3.138596209572509094e-02 9.995005131935134068e-01 -3.693982840908752088e-03 1.815912776335320764e-02 1.108478939955583054e-02 3.347500443482091109e-03 9.999329585950992305e-01 9.454619296211731749e-02
9.990654424812347445e-01 -4.180545939950312123e-02 -1.097930800056833717e-02 9.035385421861745314e+00 4.176239360134702955e-02 9.991190638284976888e-01 -4.122957088391253529e-03 5.242294993574014850e-02 1.114199804617720113e-02 3.660581765654597440e-03 9.999312256453820602e-01 9.883314417159395904e-02
9.984402262037104236e-01 -5.507333191343566359e-02 -9.167486582268818962e-03 9.585749487432432048e+00 5.502613242963540208e-02 9.984707218976442977e-01 -5.323745207391563511e-03 9.017246067136254484e-02 9.446663332614154210e-03 4.810990038396123318e-03 9.999438058844760668e-01 8.794115396513128846e-02
9.973927791904776408e-01 -7.171574671242245125e-02 -8.030921004145302050e-03 1.015072526558886601e+01 7.167156509829647471e-02 9.974122231612655431e-01 -5.660728297895166287e-03 1.359335042987973863e-01 8.416102129596762099e-03 5.070380851731966405e-03 9.999517290664398095e-01 1.006903556318830967e-01
9.957925263565171603e-01 -9.124114783895813374e-02 -8.502787397946067957e-03 1.069615631518147403e+01 9.120081759865399096e-02 9.958198846299773921e-01 -5.016796276092278829e-03 2.014242008119638827e-01 8.924983016360747007e-03 4.220227075425683934e-03 9.999512659932930925e-01 1.199879469306760482e-01
9.935916092787000498e-01 -1.126522082713646983e-01 -9.230056475892502860e-03 1.123619752549023332e+01 1.126165377250480798e-01 9.936292239390819292e-01 -4.298926033399925843e-03 2.906560503440085430e-01 9.655537363912725102e-03 3.231919832374258259e-03 9.999481613025803517e-01 1.212929120842141661e-01
9.907137456569230505e-01 -1.355720174488773688e-01 -1.031999279412946016e-02 1.181357552815857126e+01 1.355327304495248519e-01 9.907630157258068282e-01 -4.418783407341455617e-03 3.873186192261357519e-01 1.082373056418320378e-02 2.979052659126126771e-03 9.999369840654600550e-01 1.185252597602220181e-01
9.871881880236283990e-01 -1.590979974971832578e-01 -1.213707621346134247e-02 1.239579131782615029e+01 1.590501784645106664e-01 9.872587609009334519e-01 -4.814535778324134305e-03 4.858864898639378427e-01 1.274841782467195372e-02 2.822448713390338093e-03 9.999147521795185289e-01 1.283919393267221043e-01
9.830340424767786134e-01 -1.829680073874059842e-01 -1.291431780795701013e-02 1.297917183946232100e+01 1.829177847929930878e-01 9.831156077572944518e-01 -4.978532959578048887e-03 5.963069451375812013e-01 1.360717965586702612e-02 2.531808975313690462e-03 9.999042127149607717e-01 1.397712184172150707e-01
9.778508677732881127e-01 -2.089770466250342185e-01 -1.167366176080759758e-02 1.359313476489181483e+01 2.089335357859067044e-01 9.779178471333332956e-01 -4.843746701252863406e-03 7.442308600576627020e-01 1.242811405751925551e-02 2.297442487839849914e-03 9.999201286797803068e-01 1.463825041499474677e-01
9.711371386242992898e-01 -2.383366137582746958e-01 -9.397687313766238740e-03 1.418343895868089888e+01 2.383043007951763381e-01 9.711804046137383351e-01 -4.436430639328725264e-03 9.126648744657721579e-01 1.018421362356795694e-02 2.068873252384108123e-03 9.999459993201308405e-01 1.551342498214322019e-01
9.629084029027189517e-01 -2.697089621768399281e-01 -8.030151980314091317e-03 1.473863885895163861e+01 2.696807106785760744e-01 9.629395853299329566e-01 -4.435007611583224527e-03 1.089433508946398232e+00 8.928712518226484401e-03 2.104929003222926007e-03 9.999579227980837093e-01 1.788364349130096009e-01
9.526964400170475633e-01 -3.038249136708428000e-01 -7.740478780373114508e-03 1.531794608678472258e+01 3.037985481826604439e-01 9.527260906585466316e-01 -4.408888815889578684e-03 1.285692988873506026e+00 8.714086352122306367e-03 1.848786463612935201e-03 9.999603225566801035e-01 1.903588822794493318e-01
9.402103771209958660e-01 -3.405211735853273525e-01 -7.055288375850594408e-03 1.590612202346398085e+01 3.404984031208129758e-01 9.402355021372029720e-01 -4.247115842361828819e-03 1.511885087302538677e+00 8.079865479784540533e-03 1.590867962289609690e-03 9.999660918815973520e-01 1.907233814481278933e-01
9.252205673105745598e-01 -3.793613381006117335e-01 -7.202567598573753928e-03 1.646845443551313082e+01 3.793538170425511669e-01 9.252484781887675425e-01 -2.436207014268422944e-03 1.783391779724904813e+00 7.588367462455055529e-03 -4.782926751985231307e-04 9.999710935398941070e-01 1.889201898533207080e-01
9.078396641240258358e-01 -4.192638159317419455e-01 -6.707972385912083953e-03 1.701675064557479189e+01 4.192673141670336112e-01 9.078623400119222309e-01 -9.438533989985779154e-04 2.079233402937942454e+00 6.485639084753790432e-03 -1.955566013018798874e-03 9.999770558603987558e-01 1.822208566749316805e-01
8.871174582634934191e-01 -4.615187110610267651e-01 -4.805682541272889713e-03 1.756657646830567643e+01 4.615199904190889213e-01 8.871293470300121164e-01 -9.055836065170316460e-04 2.400960756198794677e+00 4.681205793710684765e-03 -1.414559533146969843e-03 9.999880425953322494e-01 1.873814003075257306e-01
8.626267227865217491e-01 -5.058398342167353956e-01 -1.095104639309546664e-03 1.809839088811128960e+01 5.058408070428994652e-01 8.626263235314346467e-01 9.507264743304959329e-04 2.741885043658424781e+00 4.637507667290129316e-04 -1.374070677362864389e-03 9.999989484319470323e-01 2.103582202672717727e-01
8.351934134612850613e-01 -5.499334476809872863e-01 5.016496047029458082e-03 1.859765346540396536e+01 5.498804150881954067e-01 8.351949401333572665e-01 8.996725964030616307e-03 3.071059628002571262e+00 -9.137352642918402171e-03 -4.755533339245650824e-03 9.999469454372758026e-01 2.180530997696524254e-01
8.048701782737911481e-01 -5.934136576064750201e-01 6.650345225679266288e-03 1.907722628084788141e+01 5.932630404082335218e-01 8.048468017231145133e-01 1.614282012698160795e-02 3.456115943245377853e+00 -1.493187902087812595e-02 -9.047470485094574050e-03 9.998475795173618064e-01 2.386992360393372647e-01
7.719406272730515717e-01 -6.356834301703468970e-01 3.774198212819184460e-03 1.953727101516702547e+01 6.355653412576243166e-01 7.718897589262825321e-01 1.558515501383259984e-02 3.872135622521339471e+00 -1.282048974756269319e-02 -9.632064762421342283e-03 9.998714209192325342e-01 2.159278659456078664e-01
7.375687281303462406e-01 -6.752706240420615069e-01 -1.398424123116178818e-03 1.999638543198571838e+01 6.752314812303045199e-01 7.375001050237587341e-01 1.249167104408485142e-02 4.322594540147392195e+00 -7.403920563601388248e-03 -1.015772591624826415e-02 9.999209981616038467e-01 2.238402609788614495e-01
7.020967483857718516e-01 -7.120310847413023891e-01 -8.478812903378893026e-03 2.042355867836243988e+01 7.120694559626906672e-01 7.019655954185572977e-01 1.419129076821311862e-02 4.800703574642659177e+00 -4.152805211407098289e-03 -1.600116279507789868e-02 9.998633491623150071e-01 2.387240850646236701e-01
6.652769915121418132e-01 -7.465161644329502133e-01 -1.096087609956787612e-02 2.083360382166538827e+01 7.465857995672297021e-01 6.651165753560707161e-01 1.515206491448399528e-02 5.302768422271470605e+00 -4.021001008952874642e-03 -1.826355460825781346e-02 9.998251217707810889e-01 1.635676406794798476e-01
6.263724830685566403e-01 -7.795118197456567533e-01 -4.339969048916376103e-03 2.123239996201709801e+01 7.795181012991370118e-01 6.263366384214543725e-01 7.344734025199466977e-03 5.810008623049827570e+00 -3.007025360579639907e-03 -7.983623721550618321e-03 9.999636091132284577e-01 1.026867691120714327e-01
5.864439344343381766e-01 -8.099878515141116786e-01 1.786663014283813898e-03 2.157660839413982501e+01 8.099860806696275173e-01 5.864465032586183568e-01 1.745834240307762766e-03 6.318637091252079507e+00 -2.461886802634902487e-03 4.233382716608610611e-04 9.999968799441719680e-01 2.396060338825830582e-01
5.468561683587312983e-01 -8.372265686501053628e-01 -6.224449957603137690e-05 2.188163552375800691e+01 8.372237846549211993e-01 5.468541550901131476e-01 2.620585577487829186e-03 6.843103745314294883e+00 -2.159985207669433416e-03 -1.485195963270144123e-03 9.999965643225247058e-01 3.352250433994137246e-01
5.094083697510862763e-01 -8.604785251167375026e-01 -8.934239781025863844e-03 2.218854536322114868e+01 8.605249042818436944e-01 5.093814443323880781e-01 5.237678930010286615e-03 7.407347869276390995e+00 4.402572294056915695e-05 -1.035625331741447767e-02 9.999463716014780346e-01 2.358811708628050230e-01
4.741912982871693272e-01 -8.803155179526407359e-01 -1.368215920469859417e-02 2.252393141762194873e+01 8.804161210997829556e-01 4.741869588488830667e-01 3.765868460297640621e-03 8.006326928110734542e+00 3.172749019593848561e-03 -1.383173558963766980e-02 9.998993033072065550e-01 9.923723738886289225e-02
4.428063233697153711e-01 -8.965635552170080347e-01 -9.815876956974519882e-03 2.282303575196484147e+01 8.966067400393989972e-01 4.428276794754869572e-01 -2.505500835116220696e-06 8.595603898817858024e+00 4.348988355610261536e-03 -8.799871987407777846e-03 9.999518231161379500e-01 1.171051421090522349e-01
4.156900042346109991e-01 -9.095053830155658270e-01 -1.333658553705899859e-03 2.308808026085605647e+01 9.095047891236059945e-01 4.156915650440655696e-01 -1.249524885880042404e-03 9.226673465573249189e+00 1.690840221344219957e-03 -6.935538365484513520e-04 9.999983300198164171e-01 2.309629541987693047e-01
3.894947285224952815e-01 -9.209807902787495726e-01 9.393635649610527702e-03 2.335825704996869945e+01 9.210134390414562722e-01 3.895267209918333307e-01 1.782901674233979992e-03 9.891756802301014062e+00 -5.301090285710094961e-03 7.957233871162150418e-03 9.999542893907212848e-01 2.905124312961404054e-01
3.621341385181993666e-01 -9.319420858496457738e-01 1.851524620125422765e-02 2.362075466572851568e+01 9.320258588868707283e-01 3.623149415246113558e-01 7.462004704403871549e-03 1.055243842874662263e+01 -1.366250657356322430e-02 1.455444159797779011e-02 9.998007322181247103e-01 2.623268144504393162e-01
3.338213652540122367e-01 -9.423400011767069095e-01 2.363510698582507730e-02 2.385181873070590086e+01 9.424437436620807240e-01 3.341550708895231758e-01 1.183970569820143315e-02 1.120233082959479987e+01 -1.905481913190484183e-02 1.832241198919547578e-02 9.996505404823970986e-01 1.700271717468276600e-01
3.042920976899545771e-01 -9.522534605291266274e-01 2.489309530271344509e-02 2.406004294541729394e+01 9.523566867171155970e-01 3.046815193287629731e-01 1.363499338884854688e-02 1.186742470911271674e+01 -2.056843573644921014e-02 1.955808502434419269e-02 9.995971292283386544e-01 1.534607635789118629e-01
2.740538385436685487e-01 -9.613371684408599238e-01 2.693217691889788004e-02 2.427018765423539293e+01 9.615125866880146477e-01 2.744624924383541331e-01 1.280179225928487589e-02 1.255123602717170961e+01 -1.969871112546046216e-02 2.238724678553308950e-02 9.995552870958961389e-01 1.803501161348519954e-01
2.439956369582232665e-01 -9.691659260333101988e-01 3.440257201644657953e-02 2.444540851643601442e+01 9.695313397123802579e-01 2.445778016699956814e-01 1.380870181403266381e-02 1.325001532764884260e+01 -2.179702871649103271e-02 2.998510874197603607e-02 9.993126551749779152e-01 1.866683315398219856e-01
2.135365479489131635e-01 -9.759818513259252981e-01 4.314589867509298349e-02 2.458132241823090069e+01 9.766126052061262497e-01 2.143924365726219416e-01 1.623891908217678717e-02 1.396918560887750616e+01 -2.509904465442343996e-02 3.866922578581232645e-02 9.989367992693837239e-01 1.731974941872948814e-01
1.820810143985932550e-01 -9.821698738838460230e-01 4.678507273233078329e-02 2.469719741024809068e+01 9.829611742005996966e-01 1.830334189618736396e-01 1.691441862156713508e-02 1.468064756823906336e+01 -2.517606422294161109e-02 4.290811552745491669e-02 9.987617630907407174e-01 1.581222313049474859e-01
1.499348815555391068e-01 -9.876993413457924031e-01 4.437952678898582359e-02 2.480223984493141742e+01 9.884890476442640406e-01 1.506705117721345022e-01 1.370399830922081064e-02 1.539699969728195050e+01 -2.022211611732288930e-02 4.181396880721736931e-02 9.989207466222366216e-01 1.156016085169277174e-01
1.170116134780895684e-01 -9.923486264592856765e-01 3.940159737400619061e-02 2.489707450869840599e+01 9.930094752325301366e-01 1.175247123466843097e-01 1.096011342297415966e-02 1.614282402922480486e+01 -1.550691489850632848e-02 3.784369897616023798e-02 9.991633450232910718e-01 1.194325111995283017e-01
8.421809289944272303e-02 -9.957070511396615142e-01 3.840287930794238080e-02 2.497000961299074007e+01 9.963341210727862940e-01 8.472693427921419718e-02 1.181802833658593746e-02 1.690956475635480771e+01 -1.502105237656357721e-02 3.726680719360420807e-02 9.991924504654222661e-01 1.384297698639807839e-01
5.151261773965611079e-02 -9.977061923246655084e-01 4.391815126602876401e-02 2.501261827548590233e+01 9.985089374885403046e-01 5.224986378340824855e-02 1.580675457271191187e-02 1.766518095284079592e+01 -1.806521433902001997e-02 4.303841925109468808e-02 9.989100772838626074e-01 1.141870694221692462e-01
1.836481156994767758e-02 -9.984395537596150172e-01 5.273700014507619327e-02 2.499755894812065549e+01 9.996284356379120384e-01 1.939814387990151934e-02 1.914948245034325466e-02 1.841372455656681595e+01 -2.014260062905688653e-02 5.236572831839626796e-02 9.984248124608994246e-01 7.629817405344788139e-02
-1.487654013109112119e-02 -9.983088186084071447e-01 5.619778681064339226e-02 2.495299503341339076e+01 9.997425321937155607e-01 -1.388776446245803056e-02 1.794433952903090601e-02 1.915899582460361117e+01 -1.713353076939733502e-02 5.645026737688475099e-02 9.982583881122423231e-01 7.341503093689850934e-02
-4.605191436062043564e-02 -9.974863878376254434e-01 5.385282965981190439e-02 2.492136881162505091e+01 9.988657714376243391e-01 -4.532860874717053318e-02 1.457696399686439839e-02 1.991213450873301483e+01 -1.209924931729374799e-02 5.446304533986841973e-02 9.984424794940695014e-01 1.043115896904536349e-01
-7.513943077721368935e-02 -9.961030411570527265e-01 4.618221887423497318e-02 2.488067362161524443e+01 9.971194282057925795e-01 -7.457454166338357837e-02 1.383776102734730895e-02 2.069888896589251104e+01 -1.033981803660106655e-02 4.708894916397791258e-02 9.988371834436292618e-01 9.546039229410062388e-02
-1.025399161039943080e-01 -9.938557602296054228e-01 4.166885484170603643e-02 2.480121614567180188e+01 9.946433792447650912e-01 -1.018918517527966222e-01 1.739536348976251229e-02 2.150530870619997259e+01 -1.304276542534833425e-02 4.322936970185281558e-02 9.989800337670617925e-01 4.051389402798682288e-02
-1.281159542110102134e-01 -9.908866738275143859e-01 4.159208948402941253e-02 2.469035461261900366e+01 9.915443318949679341e-01 -1.271025894815027979e-01 2.616810337143748305e-02 2.226552200321442854e+01 -2.064316263473174595e-02 4.459295211288171606e-02 9.987919345180428232e-01 2.812310933072757757e-02
-1.511916224823463550e-01 -9.876373741085305857e-01 4.139457156636014434e-02 2.456360503780572557e+01 9.881574539416376757e-01 -1.498964654570124622e-01 3.280085156021602527e-02 2.299808159904261728e+01 -2.619044693655073544e-02 4.586356841221100183e-02 9.986043228335045319e-01 6.368499554383677541e-02
-1.688095233884277235e-01 -9.847853548777160126e-01 4.124499523267258910e-02 2.443499480391210099e+01 9.853697675027767167e-01 -1.676184909317957328e-01 3.082957653409414481e-02 2.376416227357092481e+01 -2.344709160846792512e-02 4.584589748405919901e-02 9.986733137412781014e-01 8.230651281741145631e-02
-1.818606087578299724e-01 -9.824757399974494154e-01 4.084286104933506495e-02 2.427399371334698586e+01 9.832178134941739200e-01 -1.810726753483004048e-01 2.225797542330433532e-02 2.454015027434464713e+01 -1.447239475577396552e-02 4.420527749797253242e-02 9.989176358596139060e-01 4.540457943412153780e-02
-1.924896150487424851e-01 -9.806719868424812470e-01 3.507424013157058040e-02 2.411937824944797981e+01 9.812666894296643294e-01 -1.920701879733754669e-01 1.499090082746306653e-02 2.533085396319332361e+01 -7.964440603932722990e-03 3.730277622767957241e-02 9.992722704906676912e-01 6.522246826009170557e-03
-2.020307097862571177e-01 -9.789031605919650270e-01 3.053186018444438779e-02 2.396143914787124629e+01 9.793475480537382483e-01 -2.016754068878018058e-01 1.433214491171184990e-02 2.612762008964741156e+01 -7.872256626397480112e-03 3.279683581842781498e-02 9.994310357077706986e-01 -6.858772765651162222e-03
-2.100379092755975952e-01 -9.771992057506897478e-01 3.107714509662604097e-02 2.378796936181383259e+01 9.776023034270369116e-01 -2.094787202062050324e-01 2.030768610457658538e-02 2.691050104434833301e+01 -1.333465414952280347e-02 3.464647256202823405e-02 9.993106668787846703e-01 2.430172655850026606e-03
-2.157534053643503924e-01 -9.758256729011641761e-01 3.485289343335632589e-02 2.358173165081072753e+01 9.762604431127485105e-01 -2.148751904829062642e-01 2.728002434447638139e-02 2.768626114344436218e+01 -1.913152599733592904e-02 3.991125933775298978e-02 9.990200579022865401e-01 -5.890044621222920856e-03
-2.185409601240060340e-01 -9.751613041329811882e-01 3.605939086757289913e-02 2.340660125823373860e+01 9.756214605599180523e-01 -2.175856965367994889e-01 2.862220043126725844e-02 2.845919202361191225e+01 -2.006525462109659541e-02 4.143543874823334833e-02 9.989396828501367898e-01 -1.800167608234131203e-02
-2.196103235214447169e-01 -9.751427167753563552e-01 2.946163136663703871e-02 2.324171264925011116e+01 9.754358547249606382e-01 -2.189432612891476504e-01 2.426399911509695417e-02 2.925097812821114829e+01 -1.721043636262033216e-02 3.406655626929781105e-02 9.992713698611398465e-01 -1.230210534803928731e-02
-2.186405041348424561e-01 -9.755454240225290841e-01 2.252677563181047782e-02 2.307395765773831542e+01 9.757088914089865339e-01 -2.182358008845326214e-01 1.911267740881449767e-02 3.003902608596527202e+01 -1.372913606563342694e-02 2.615838070276258961e-02 9.995635297177967171e-01 -2.036904411142557297e-02
-2.171989097873416874e-01 -9.758985298497729888e-01 2.113511353746754667e-02 2.288841367337694521e+01 9.760474653345337925e-01 -2.168531882694908486e-01 1.749400329794529446e-02 3.084178769651227014e+01 -1.248915534461437701e-02 2.442855244193268063e-02 9.996235625596116003e-01 -3.963121787040522342e-02
-2.156065119551356379e-01 -9.762001222101022169e-01 2.339131034212631188e-02 2.269081032788213292e+01 9.763733966360736982e-01 -2.151665389157926822e-01 1.995872922645943598e-02 3.164783115943352598e+01 -1.445068662300753697e-02 2.714188512208431936e-02 9.995271360639206293e-01 -5.476229645921993489e-02
-2.140615826872458161e-01 -9.764820390391477645e-01 2.569953796043514954e-02 2.251390043239906902e+01 9.766772972438115819e-01 -2.135062282189390259e-01 2.272768268535018885e-02 3.243936131354438146e+01 -1.670616251432353871e-02 2.996527900205210246e-02 9.994113198220111460e-01 -4.733823045976851690e-02
-2.127335024755626081e-01 -9.767786518353404057e-01 2.545431678940608330e-02 2.234751326359504731e+01 9.769523063546604602e-01 -2.121585406337241353e-01 2.351477715137383767e-02 3.324367085927806897e+01 -1.756838162125850741e-02 2.987003439743650401e-02 9.993993861376471166e-01 -2.480207440296749999e-02
-2.123623540432297285e-01 -9.769069129258128870e-01 2.356085870626385692e-02 2.217761430271517042e+01 9.770560187122451223e-01 -2.118705741780068652e-01 2.173467496097237009e-02 3.405918297388087979e+01 -1.624090155734645921e-02 2.763590554406042746e-02 9.994861128806964423e-01 -3.505991853591179652e-02
-2.127414620508825127e-01 -9.768595768740039320e-01 2.205532575128753628e-02 2.198855843843728408e+01 9.769962940849766797e-01 -2.123207257627719446e-01 1.995371533804782618e-02 3.487645500950742417e+01 -1.480917515174199305e-02 2.579295409820828514e-02 9.995576080697964327e-01 -6.766425217729390984e-02
-2.129377642093728817e-01 -9.768284054575079312e-01 2.153543277616171148e-02 2.180111786564974352e+01 9.769619984442677874e-01 -2.125422084795874356e-01 1.926300107466395045e-02 3.568913286796135509e+01 -1.423945818128115326e-02 2.514111982316280178e-02 9.995824938066597554e-01 -8.478941805548620425e-02
-2.125887598894721509e-01 -9.768968930909892601e-01 2.187417284901324241e-02 2.163095414556408613e+01 9.770327132055912633e-01 -2.121773381606785469e-01 1.969402186374890826e-02 3.650092204233735771e+01 -1.459782500159210843e-02 2.555851013305001848e-02 9.995667391750295838e-01 -6.820577544191765151e-02
-2.128464883287786713e-01 -9.767882188487986284e-01 2.410700985809685962e-02 2.145943794702999696e+01 9.769630925409440447e-01 -2.123642367822904942e-01 2.108427728687636143e-02 3.733111894246733442e+01 -1.547540690714425266e-02 2.803937328234319681e-02 9.994870210898146867e-01 -8.212747664279028414e-02
-2.130249930882195109e-01 -9.767128518263036296e-01 2.554128808601859382e-02 2.129266950387133761e+01 9.769124680095148117e-01 -2.124895354982578588e-01 2.214107385139911510e-02 3.815333872904822243e+01 -1.619821494247155116e-02 2.966820488441450007e-02 9.994285444450813349e-01 -9.875376345711447956e-02
-2.128467219855196269e-01 -9.767651477300097751e-01 2.502237238935241248e-02 2.110181630202149350e+01 9.769605474427648373e-01 -2.123399691044253745e-01 2.144355989721298192e-02 3.898406415809987635e+01 -1.563207217078403655e-02 2.901006205964036869e-02 9.994568798197064341e-01 -1.131846837676214884e-01
-2.130747866135413449e-01 -9.767177722990849631e-01 2.493047501966274421e-02 2.090260631229158861e+01 9.769472138162289543e-01 -2.126422977974788409e-01 1.890488307595071180e-02 3.982715679231662165e+01 -1.316346179015352030e-02 2.838391203693676340e-02 9.995104185605964142e-01 -9.319293053103872015e-02
-2.132100826348671541e-01 -9.767033702579706045e-01 2.433078686674289975e-02 2.073521598233685737e+01 9.769404144429130188e-01 -2.128401891035272553e-01 1.692573574424860103e-02 4.065531089084973360e+01 -1.135285386774823047e-02 2.737846652200516193e-02 9.995606696343953823e-01 -8.960099041713658063e-02
-2.132265292434352422e-01 -9.767105453460384057e-01 2.389472403360490618e-02 2.056506682733099112e+01 9.769563460982818581e-01 -2.129141525128604162e-01 1.496200113701416125e-02 4.147495373795793228e+01 -9.526019372857484624e-03 2.653439785587931310e-02 9.996025113440510923e-01 -8.466214864293428177e-02
-2.132864145527822997e-01 -9.766627759654612495e-01 2.527305701053891851e-02 2.038535180379618694e+01 9.769598164313281208e-01 -2.130061350845523505e-01 1.333804688877850142e-02 4.230938600401612604e+01 -7.643457704765450195e-03 2.753558533571904762e-02 9.995916011524580425e-01 -1.022106916366641027e-01
-2.133896461237928255e-01 -9.764960814096563801e-01 3.033581907164243155e-02 2.018692088070910984e+01 9.769373225249533554e-01 -2.130374993072717549e-01 1.443924328622618602e-02 4.314628650236888063e+01 -7.637197453060017537e-03 3.271737887559494906e-02 9.994354638167357585e-01 -1.392768344538183323e-01
-2.130056411907611247e-01 -9.764839763994145327e-01 3.328123579586944603e-02 1.999536551981247712e+01 9.770155365281157911e-01 -2.125842181359750283e-01 1.576678731366010916e-02 4.398157877071053434e+01 -8.320949680822744762e-03 3.587469908868465285e-02 9.993216538040720076e-01 -1.434925788746611308e-01
-2.130068443250714150e-01 -9.765065923119676805e-01 3.260305878200840668e-02 1.981571076770630313e+01 9.770106371637937714e-01 -2.125772853722096289e-01 1.615897931738498328e-02 4.481580710763473263e+01 -8.848680097749247325e-03 3.529550842600891886e-02 9.993377446816853471e-01 -1.245811764319292858e-01
-2.136525203882851387e-01 -9.764917459260323840e-01 2.857395090046810707e-02 1.965132697573062259e+01 9.768532632145549011e-01 -2.132343145318887356e-01 1.699497729303739782e-02 4.566742515475944941e+01 -1.050250821512220371e-02 3.154357691265386593e-02 9.994471972429292972e-01 -1.215968896581382797e-01
-2.141807014323672820e-01 -9.764630018115767474e-01 2.542898399590593286e-02 1.948012173438448968e+01 9.767066938187369818e-01 -2.137407929042384747e-01 1.894485941726242739e-02 4.653287434415195634e+01 -1.306374309344427581e-02 2.889428216433770000e-02 9.994971030846443449e-01 -1.350692563482352171e-01
-2.138356196069533255e-01 -9.765125224018176286e-01 2.641252316137179118e-02 1.925708041133845327e+01 9.767423242925792337e-01 -2.132930375927764299e-01 2.192058507376825824e-02 4.738329292362180212e+01 -1.577211852733052116e-02 3.048563115446605021e-02 9.994107596830612561e-01 -1.283372922842026531e-01
-2.135881090215762945e-01 -9.765402851062058298e-01 2.737135819205789578e-02 1.905594519664550646e+01 9.768025754738968169e-01 -2.130363872774374279e-01 2.173076720551440910e-02 4.820805452774042976e+01 -1.538987433833691708e-02 3.137784665123458799e-02 9.993891046571309333e-01 -1.100361967935035157e-01
-2.140561205439122372e-01 -9.764711190832393584e-01 2.615589520578671945e-02 1.887293041668962701e+01 9.767381962021763897e-01 -2.136117450128618700e-01 1.877547528769371588e-02 4.903428847145021052e+01 -1.274650294821234008e-02 2.956646730480509341e-02 9.994815409369525172e-01 -1.194420320617938930e-01
-2.148262200352750451e-01 -9.763432371360062367e-01 2.456783433963660029e-02 1.866990473459485500e+01 9.766057742572430422e-01 -2.145025037400496160e-01 1.516039500345468631e-02 4.989067434529784606e+01 -9.531887156610656039e-03 2.724993922991833517e-02 9.995832051106098293e-01 -1.696644047955945533e-01
-2.150145110336585397e-01 -9.763724697525024698e-01 2.157684764640803790e-02 1.847503394180333913e+01 9.765577317108236066e-01 -2.147198972952115703e-01 1.517769222727512364e-02 5.076527080467856479e+01 -1.018610233449681289e-02 2.433446146791316128e-02 9.996519780925248178e-01 -2.033307066383322759e-01
-2.147458243488660490e-01 -9.765253554510158196e-01 1.680657865222858968e-02 1.828617789943736938e+01 9.765613384990415868e-01 -2.144334964703032143e-01 1.860719593277895823e-02 5.163053245335156305e+01 -1.456650519810312634e-02 2.040847257361526682e-02 9.996856061650211123e-01 -1.883362923638377540e-01
-2.149393104212452832e-01 -9.764952324071228817e-01 1.606716906611102211e-02 1.811020927793677160e+01 9.764733906548396236e-01 -2.145841642722096376e-01 2.129210620484684943e-02 5.245245000390450940e+01 -1.734388015066733180e-02 2.026567368129567753e-02 9.996441828428566101e-01 -1.437576641703550429e-01
-2.150779998763439338e-01 -9.764586063088275258e-01 1.643301964380405183e-02 1.792288749895639199e+01 9.764683076166927878e-01 -2.147462096989010416e-01 1.984211783423520462e-02 5.325844184852461893e+01 -1.584607804421833341e-02 2.031392589771524940e-02 9.996680680232007399e-01 -1.353806830497844282e-01
