1.000000000000000000e+00 0.000000000000000000e+00 0.000000000000000000e+00 0.000000000000000000e+00 0.000000000000000000e+00 1.000000000000000000e+00 0.000000000000000000e+00 0.000000000000000000e+00 0.000000000000000000e+00 0.000000000000000000e+00 1.000000000000000000e+00 0.000000000000000000e+00
9.999999999075259716e-01 3.025897346855753762e-05 2.592361495564172614e-05 2.381671015675370425e-03 -3.025862928700893652e-05 9.999999995510511219e-01 -4.233762294563423611e-05 1.366401864931090886e-03 -2.592401585785750537e-05 4.233751447712582998e-05 9.999999995938347874e-01 -5.606510423353267686e-04
9.999999971624738970e-01 9.050721017319459576e-05 2.981058827251043423e-05 4.149669073384879697e-03 -9.050980591287137390e-05 1.000000000137308609e+00 4.270219428133981409e-07 -2.383709184760577520e-04 -2.980925431546130406e-05 -4.284328841771661641e-07 1.000000003536532844e+00 -1.049703714776914281e-04
9.999999995923234408e-01 4.399600595675080941e-05 1.032731697747953494e-04 1.673463996713256234e-03 -4.399553838191432823e-05 1.000000006751906811e+00 -4.130186015734073622e-05 -3.693415858700315520e-04 -1.032770078097340274e-04 4.129683478429534502e-05 9.999999993804594700e-01 -4.289283104476831012e-04
9.999999942383358542e-01 -1.333425582276074749e-04 9.594471996916377010e-05 9.633275347164133333e-04 1.333406960489850991e-04 1.000000000250088839e+00 -2.762675335620500073e-05 2.315548962170565616e-03 -9.594260646163997814e-05 2.763982312467584216e-05 1.000000001770897873e+00 -1.074327878606715298e-03
1.000000000802488742e+00 -9.591138198490621375e-05 1.291385557500983349e-04 5.965397483383563315e-04 9.590398968310272926e-05 1.000000011093312491e+00 2.410717052415842099e-05 2.136305349221072434e-03 -1.291456439063652368e-04 -2.409571133928924239e-05 9.999999992233549184e-01 -1.157634438490726418e-03
9.999999980607371386e-01 1.248622016396694508e-04 1.468170179497654674e-04 1.866985440040517955e-03 -1.248611001632117187e-04 1.000000010402678496e+00 -3.302583315298563782e-05 2.205291373696503278e-03 -1.468244874510812241e-04 3.300514767526170818e-05 9.999999971481481342e-01 -1.854036036139810857e-03
9.999999946495394809e-01 1.847465087836391167e-04 1.164201764908253994e-04 2.194001486276495744e-03 -1.847432110562785361e-04 1.000000000961907443e+00 -5.651397642728933017e-05 1.146242809483177111e-03 -1.164335889388073237e-04 5.649033555953768564e-05 1.000000001321208254e+00 -9.170879339847601069e-04
9.999999655216709193e-01 3.090456001710350825e-04 1.257635723954543940e-04 1.171045917309700753e-03 -3.090502783791442844e-04 9.999999761042208668e-01 1.092907432916449004e-05 1.909353509804458332e-03 -1.257658911292707296e-04 -1.096958448550365460e-05 1.000000003458234810e+00 -1.172217185356599130e-03
9.999999961030662243e-01 2.356221044232713823e-04 2.535243970124097712e-05 5.069785242855456928e-04 -2.356271663254513762e-04 9.999999970635282676e-01 5.960753295110866710e-05 6.893459344688209617e-04 -2.534423354497275898e-05 -5.961374599651900696e-05 1.000000009854052907e+00 -1.190764573066086527e-03
1.000000001870917199e+00 1.767301925431714806e-04 1.275371148039811770e-04 6.652576951617363791e-04 -1.767471554107810801e-04 1.000000006815164877e+00 1.042118869758145415e-04 1.665772032930499949e-03 -1.275250989672590261e-04 -1.042357215806306766e-04 9.999999988593232247e-01 -9.852712967590576687e-04
9.999999581247638325e-01 -1.309955740493191901e-04 3.602844944799762743e-04 1.767156601314911904e-03 1.309313400269379319e-04 1.000000010463911515e+00 1.686257032059121938e-04 1.572807141694022469e-03 -3.603131654755594338e-04 -1.685835851853003991e-04 9.999999345754742031e-01 -6.157536401630421758e-04
9.999996118150193958e-01 -4.404125982006979584e-04 8.088746781072251105e-04 -4.015484990375964118e-03 4.401394525931998244e-04 9.999998818116823118e-01 3.383950267884875134e-04 -1.579889670572905700e-03 -8.090276534082180802e-04 -3.380476937432025982e-04 9.999996335780386714e-01 1.179475636707071756e-03
9.999990746966878064e-01 -6.093675373543727854e-04 1.247982082199698348e-03 -1.875150073151550523e-02 6.088057729792600500e-04 9.999997489559890873e-01 4.512111420153796810e-04 2.184422014298886827e-03 -1.248260746944337063e-03 -4.504603353950348992e-04 9.999991406660365678e-01 1.927844589724768106e-03
9.999988104016068746e-01 -8.616785833620677982e-04 1.310096213171433590e-03 -3.576967547211654802e-02 8.608243045433581391e-04 9.999994540371557328e-01 6.523316841687094511e-04 1.960153445679073143e-03 -1.310660552063247497e-03 -6.512118586379924768e-04 9.999989515395142359e-01 5.701624325755814005e-04
9.999984500819903976e-01 -1.505326310353452979e-03 9.581142448220181631e-04 -6.098969557099232636e-02 1.504505143819392324e-03 9.999985395750171646e-01 8.572039344752958217e-04 4.191520509554876386e-03 -9.594066225183589059e-04 -8.557678483266692275e-04 9.999991970150439169e-01 -1.395675912463229407e-03
9.999963915063990738e-01 -2.598346559943013039e-03 7.478319714394192656e-04 -8.896668219561920665e-02 2.597544939624910672e-03 9.999960960323328596e-01 1.071154075344528519e-03 8.378988503570187693e-03 -7.506166939407589792e-04 -1.069212436218896015e-03 9.999991703988645453e-01 -1.526018151575706059e-03
9.999907640367331485e-01 -4.240106906868409790e-03 7.698608955443350102e-04 -1.164406643984894074e-01 4.238985360622944502e-03 9.999900063144101514e-01 1.452868673044374094e-03 1.025488637063861654e-02 -7.760180184484313229e-04 -1.449596153612627870e-03 9.999986720962508180e-01 -3.379364092656707763e-04
9.999791507068929164e-01 -6.412684386961175868e-03 8.293128146859460011e-04 -1.431559269003195023e-01 6.410864374056463380e-03 9.999771289256288442e-01 2.179143914842827066e-03 9.142354525103205815e-03 -8.432689464312962801e-04 -2.173786261052802673e-03 9.999973062445577376e-01 -4.665394287871037237e-04
9.999592197397614290e-01 -9.014026686876378328e-03 6.485646338782796380e-04 -1.715596777617717783e-01 9.012079565270860598e-03 9.999551086200165750e-01 2.944838360215730477e-03 9.428268539986184305e-03 -6.750803182197351706e-04 -2.938877114923351547e-03 9.999954784311836375e-01 -1.887206701370812770e-03
9.999189948735560662e-01 -1.272088936651946493e-02 5.542504833829459219e-04 -2.046058391937296828e-01 1.271896423268648046e-02 9.999135595255783659e-01 3.349622182347584097e-03 1.625254445085930546e-02 -5.968147318057198452e-04 -3.342302145656121833e-03 9.999942620455969378e-01 -3.656648529695249658e-03
9.998501362749457888e-01 -1.730500563289468982e-02 6.092295501904965464e-04 -2.419911920353653711e-01 1.730258345544734983e-02 9.998432150850170563e-01 3.780067445571974518e-03 2.298091705777182900e-02 -6.745496356974668706e-04 -3.768961816053548013e-03 9.999926958713356573e-01 -3.638273706197058758e-03
9.997366030669591064e-01 -2.294946158748055465e-02 4.276588843886296892e-04 -2.767805739438384816e-01 2.294743355587600120e-02 9.997276566018626909e-01 4.261234358569931588e-03 2.728585261685669353e-02 -5.253393657231690810e-04 -4.250302162833437779e-03 9.999908561755609382e-01 -1.914580213477594037e-03
9.995631513991627415e-01 -2.955723033506222480e-02 1.397589419745254259e-04 -3.140441496190977677e-01 2.955625799517241220e-02 9.995523107531762985e-01 4.662920302110525050e-03 3.254952876585518601e-02 -2.775239170981963271e-04 -4.656756301127887993e-03 9.999891455586418232e-01 -1.951083363775792633e-03
9.993191845967266396e-01 -3.689344628671628601e-02 -4.351139609655015560e-04 -3.554331117394445849e-01 3.689530532401250063e-02 9.993035423867100420e-01 5.595453305148014728e-03 3.776060742895883532e-02 2.283705070654148679e-04 -5.607701045104970632e-03 9.999842775296112762e-01 -5.191067256349684265e-03
9.989820322468238034e-01 -4.509789116372295292e-02 -1.109781449827667308e-03 -3.978661680302987280e-01 4.510395089154010245e-02 9.989629445413173991e-01 6.230162064104152568e-03 4.586938066969788175e-02 8.276585040154733420e-04 -6.273879846042821305e-03 9.999800035785402219e-01 -7.190203661947707631e-03
9.985431364634110851e-01 -5.393678822142063123e-02 -1.609608105360521742e-03 -4.390317378297458606e-01 5.394612973823875723e-02 9.985229598870446477e-01 6.470891244931119106e-03 5.170983177848709894e-02 1.258202308076501307e-03 -6.548299428955120169e-03 9.999777961706475260e-01 -6.939186219486918189e-03
9.979701864987658988e-01 -6.366926216009276274e-02 -1.379187972926622114e-03 -4.801086517636699025e-01 6.367656784267412828e-02 9.979518210360126540e-01 6.133843410333250819e-03 6.198005322039421700e-02 9.858144328416397050e-04 -6.209218398310777445e-03 9.999802652680490622e-01 -7.054523541401263274e-03
9.972254163333609256e-01 -7.443722951125658627e-02 -8.649199335085529195e-04 -5.280457518667481809e-01 7.444114371132563857e-02 9.972066861141272165e-01 6.125132826547056639e-03 7.217753442454294399e-02 4.065524559826593116e-04 -6.172529840837798210e-03 9.999808963873092482e-01 -4.891510476032302941e-03
9.963216719190201021e-01 -8.568903011605849551e-02 -8.368935290252031050e-04 -5.799084024856637765e-01 8.569265684793669902e-02 9.963007998211106386e-01 6.454858177119489164e-03 8.113826040572459652e-02 2.806722944539524170e-04 -6.502836348961501742e-03 9.999788464587288095e-01 -5.699314932997075894e-03
9.952691137319256143e-01 -9.715050056030227754e-02 -1.167398102746462427e-03 -6.281729967867538678e-01 9.715612341532972596e-02 9.952473063311833013e-01 6.608661060975883246e-03 8.460454538165944338e-02 5.197990817574258500e-04 -6.690821290876815264e-03 9.999775108360915432e-01 -8.806181656127723065e-03
9.939751155625707879e-01 -1.096001741445597893e-01 -1.213823783255032606e-03 -6.720307292754230666e-01 1.096057544309760878e-01 9.939543397957817383e-01 6.445671325889207152e-03 9.006752623594858898e-02 5.000217573273043996e-04 -6.539885848147965544e-03 9.999785197065426123e-01 -1.072228878604107941e-02
9.925086506142334342e-01 -1.221688443158823190e-01 -1.248410706398283328e-03 -7.262889958427610759e-01 1.221742127791932697e-01 9.924901696004980733e-01 6.076794951315187161e-03 9.635656275303100537e-02 4.966224754039090051e-04 -6.183802211144912714e-03 9.999807869135267646e-01 -8.017779869531510215e-03
9.908835259592524425e-01 -1.347181140542521582e-01 -1.041738679480799920e-03 -7.777494518008857272e-01 1.347219307457288295e-01 9.908660200471756108e-01 5.894503489034434197e-03 1.046271519596948113e-01 2.381081990513976836e-04 -5.981119457397205200e-03 9.999821150018664007e-01 -7.136907503718687915e-03
9.890500540542285224e-01 -1.475790545002367005e-01 -7.982831313235543534e-04 -8.276458573100312632e-01 1.475812129395314698e-01 9.890355019649057500e-01 5.364971922015969279e-03 1.131109249874018424e-01 -2.249009058452019997e-06 -5.424045285453171251e-03 9.999853210849013463e-01 -8.081583328151972431e-03
9.870196122300327612e-01 -1.605993514329103478e-01 -6.039370266203522184e-04 -8.795800129692835645e-01 1.606001914235484773e-01 9.870036019928130067e-01 5.630096580216432424e-03 1.173539539174538043e-01 -3.081211776842484045e-04 -5.654017308019631399e-03 9.999840004926603410e-01 -6.116968336783486053e-03
9.848396125386242872e-01 -1.734667204461266266e-01 -6.828694730706113408e-04 -9.374054705450686198e-01 1.734675122631911814e-01 9.848189057751179920e-01 6.401346926661780762e-03 1.237666805362389044e-01 -4.379365821787075210e-04 -6.422764707146052729e-03 9.999793110642223315e-01 -8.878959936314370291e-03
9.824263957249017576e-01 -1.866508138888147150e-01 -2.919104570466697049e-04 -9.906598896259618536e-01 1.866481088440021252e-01 9.824009733079925866e-01 7.144738685018083360e-03 1.260083974648538996e-01 -1.046815350244309452e-03 -7.073674623763893249e-03 9.999744681619624487e-01 -1.341087034908533017e-02
9.797586667743720668e-01 -2.001819745203698431e-01 6.119784453569210476e-04 -1.042344044082250454e+00 2.001730125713147845e-01 9.797360446599938655e-01 6.949230812371871846e-03 1.266039411480243404e-01 -1.990708501115412074e-03 -6.686079844994565792e-03 9.999757025393309906e-01 -1.532774859502612080e-02
9.768601465650669224e-01 -2.138711744448648366e-01 1.904656788310898127e-03 -1.100829929376708760e+00 2.138555495586407507e-01 9.768450197476398200e-01 6.313887856742721703e-03 1.289805867023569586e-01 -3.210938750097657151e-03 -5.760479912738172142e-03 9.999782925723909033e-01 -1.088831555787144433e-02
9.738153928190034225e-01 -2.273304840505674107e-01 2.165399913252962980e-03 -1.158606723532125793e+00 2.273137152623695700e-01 9.738022375978494516e-01 6.159137914713338352e-03 1.363708858388489598e-01 -3.508857438278483159e-03 -5.505652751132659312e-03 9.999787273737452686e-01 -4.267540665971232376e-03
9.706032316166753882e-01 -2.406794112831102117e-01 1.745860931669050839e-03 -1.212687114127559251e+00 2.406619565416050210e-01 9.705837619510626624e-01 7.017393537157274631e-03 1.389940130701355914e-01 -3.383472094487518286e-03 -6.390955803283135568e-03 9.999738955325799816e-01 -5.148884067814401069e-03
9.669836091788565069e-01 -2.548361036379705458e-01 1.236321863456670174e-03 -1.261421779486428196e+00 2.548181489134964117e-01 9.669549510558681504e-01 8.130207780211784474e-03 1.361731372645977600e-01 -3.267359903816780160e-03 -7.546749818508457358e-03 9.999662299882989824e-01 -1.207068146435502469e-02
9.629736219285168763e-01 -2.695923136127523767e-01 1.435847519615119023e-03 -1.322860290807863271e+00 2.695695721062884576e-01 9.629398589891211557e-01 8.907630953978413341e-03 1.336806595556630506e-01 -3.784084174138765532e-03 -8.190762040303677799e-03 9.999593406144571262e-01 -1.612060004121143933e-02
9.590044567083109150e-01 -2.833789906443197615e-01 2.660488722447869672e-03 -1.393269032357241644e+00 2.833450106016663361e-01 9.589749682691159904e-01 9.104319363041081178e-03 1.391000806305662529e-01 -5.131336213973172744e-03 -7.977256942140565493e-03 9.999550630940596818e-01 -1.052608932719258615e-02
9.551326309060321762e-01 -2.961539422463900784e-01 3.845016594834579308e-03 -1.452656363172457388e+00 2.961062571048593273e-01 9.551054170620573158e-01 9.747071504053912705e-03 1.428636425505502017e-01 -6.559050845749007583e-03 -8.171220591850129542e-03 9.999451517050907956e-01 -2.709465097845925683e-03
9.509469249636218757e-01 -3.093287238173451636e-01 3.997241841520034547e-03 -1.499131080207420474e+00 3.092750535510135901e-01 9.509161115889385174e-01 1.038135899956484087e-02 1.370075514326519195e-01 -7.012317129992659548e-03 -8.635884759873183394e-03 9.999381725581936164e-01 -4.643797850172713335e-03
9.462177801871932692e-01 -3.235133895448067398e-01 3.361643597187760710e-03 -1.551461897739250251e+00 3.234598964354539197e-01 9.461768037231600426e-01 1.111040825520230764e-02 1.278495190851785535e-01 -6.775095274641775543e-03 -9.425514917782280150e-03 9.999326786085225294e-01 -1.135729629979768257e-02
9.413694573616087080e-01 -3.373674385669427345e-01 2.657420880191848842e-03 -1.615724901948246695e+00 3.373171418875308136e-01 9.413202164805440919e-01 1.156230893505276816e-02 1.193299516765543161e-01 -6.402250861125804299e-03 -9.988014871935183697e-03 9.999296766540552994e-01 -1.577465042614811103e-02
9.364931944591038393e-01 -3.506769112284459644e-01 2.550995603447774734e-03 -1.680932646469293967e+00 3.506281511970935627e-01 9.364457894062140353e-01 1.137913255406247486e-02 1.154147068259710196e-01 -6.379286224616577579e-03 -9.762033340386697816e-03 9.999320602602939090e-01 -1.527234490528635649e-02
9.312566816484705301e-01 -3.643511681121651691e-01 3.086611163029754582e-03 -1.737276011304470957e+00 3.643022320888550381e-01 9.312210838380154954e-01 1.055846221396604390e-02 1.132176421593427684e-01 -6.721324872663563682e-03 -8.708183001965049200e-03 9.999395537768551723e-01 -1.040376824902665594e-02
9.259648445823851493e-01 -3.775908124738996396e-01 3.820269808087793130e-03 -1.794287498108601886e+00 3.775401327166508780e-01 9.259406174988943361e-01 9.885722488853165846e-03 1.022820172951624529e-01 -7.270120730833927805e-03 -7.711530245560163643e-03 9.999438988223252611e-01 -5.820108748310070211e-03
9.205001918797989235e-01 -3.907184370686599406e-01 4.337282300655703922e-03 -1.847951481961194187e+00 3.906618523444977398e-01 9.204790223748738898e-01 1.009926368688957021e-02 9.142313941316577985e-02 -7.938365927597309038e-03 -7.601965873532811648e-03 9.999396580748436403e-01 -7.460488024436405519e-03
9.145899221082925967e-01 -4.043606088495480533e-01 4.253984718791985718e-03 -1.905085325034064248e+00 4.043022173821055332e-01 9.145669108870825292e-01 1.036349507179211253e-02 8.111196670028250622e-02 -8.081157658374131525e-03 -7.758452065812300805e-03 9.999373144016716619e-01 -1.466667418475628253e-02
9.084784006666700718e-01 -4.179121494864185271e-01 4.093956232504568707e-03 -1.968340484756964770e+00 4.178514666582890946e-01 9.084518789027188346e-01 1.075460845188602743e-02 7.028859072697611621e-02 -8.213654445648541427e-03 -8.059661706357121314e-03 9.999338555950110230e-01 -1.693149592511397281e-02
9.023515153974750458e-01 -4.309832017970878226e-01 3.943827070865413807e-03 -2.028516455417899156e+00 4.309206030259206122e-01 9.023219344714837886e-01 1.108553281363967510e-02 6.157458834361526773e-02 -8.336291641776636188e-03 -8.303568688128327643e-03 9.999308465184585382e-01 -1.513471240522252723e-02
8.959300364005994277e-01 -4.441796162107676804e-01 3.764512884469778040e-03 -2.083502761600872333e+00 4.441122352048081923e-01 8.958939698136343388e-01 1.177517390781256112e-02 5.216817906142344474e-02 -8.602906238152725413e-03 -8.877863320504593078e-03 9.999236589879819670e-01 -1.143613580653124982e-02
8.891493556385053898e-01 -4.576024606523590443e-01 3.707491126927237209e-03 -2.140564336193029771e+00 4.575267730716370274e-01 8.891052704930610950e-01 1.270472622382362755e-02 4.050568493490760286e-02 -9.110072101936117842e-03 -9.600120132789241589e-03 9.999124946098666422e-01 -9.404279135516530053e-03
8.822050273525410269e-01 -4.708531458496014177e-01 3.455807794675332893e-03 -2.203561495828724404e+00 4.707719928505955664e-01 8.821520138646912201e-01 1.348706343435955059e-02 2.479826224950026914e-02 -9.398979036820976837e-03 -1.027145445595146339e-02 9.999031519570225068e-01 -1.352357311293196987e-02
8.750773661130369918e-01 -4.839756008780223273e-01 2.750672479505594098e-03 -2.264183274514312671e+00 4.838959553066721764e-01 8.750131771131893776e-01 1.403535008656352397e-02 1.107560148754873838e-02 -9.199645417506107162e-03 -1.095097226100704736e-02 9.998977977182307297e-01 -1.706584303309117978e-02
8.675214499969021720e-01 -4.973938716711420183e-01 2.493567975998115145e-03 -2.323177603862257801e+00 4.973142523131725556e-01 8.674539695877376833e-01 1.423008624875835883e-02 -1.483133558798729705e-03 -9.241018201559451570e-03 -1.110481152054430994e-02 9.998957202215099649e-01 -1.653994074352905033e-02
8.598352843553461744e-01 -5.105679335525831197e-01 2.006216748908147638e-03 -2.382623675644425010e+00 5.104860991916307933e-01 8.597562594594960750e-01 1.494918424202104114e-02 -1.985720054509455823e-02 -9.357430713761079669e-03 -1.182968371105420219e-02 9.998863268377987668e-01 -1.146067575590502263e-02
8.519871594247234725e-01 -5.235615171857768146e-01 1.254776148704822526e-03 -2.443828249936331076e+00 5.234758117381912434e-01 8.518865843865895959e-01 1.620758266693718419e-02 -4.069414027766762865e-02 -9.554593460168212676e-03 -1.315180010939815194e-02 9.998679471794137408e-01 -1.161786464772435711e-02
8.439108336808667232e-01 -5.364837347055022576e-01 2.605121941665010355e-04 -2.504455328885682341e+00 5.364013412630153077e-01 8.437895916039511723e-01 1.711993586602961193e-02 -5.711264551353518321e-02 -9.404383362230520418e-03 -1.430795214645097513e-02 9.998534980528590577e-01 -1.661890153876154769e-02
8.354597805126681154e-01 -5.495519185374021509e-01 -1.010595811115199159e-04 -2.566947042326687800e+00 5.494700162066404880e-01 8.353321201833633358e-01 1.741620853615502215e-02 -7.262540797490432687e-02 -9.486695505901582628e-03 -1.460606239833457665e-02 9.998484123648559985e-01 -2.074881979974987217e-02
8.268662739869692135e-01 -5.623987758032692463e-01 3.977925123227764358e-04 -2.627037918629999691e+00 5.623079960489504314e-01 8.267451716169863518e-01 1.739304847428324585e-02 -9.061502334417756432e-02 -1.011070846937806716e-02 -1.415803614762234548e-02 9.998487478450243104e-01 -1.982514070798039457e-02
8.181267576067675629e-01 -5.750378291760712690e-01 6.938340761275843234e-04 -2.684008019356526553e+00 5.749439388045233246e-01 8.180139002375954593e-01 1.712042305706800577e-02 -1.146403576490823695e-01 -1.041246355625953350e-02 -1.360775338226363242e-02 9.998532938915621893e-01 -1.663762301297360899e-02
8.093249492426994873e-01 -5.873611900284732013e-01 5.820916992036343027e-04 -2.741441573313988300e+00 5.872681038365048511e-01 8.092136249598089748e-01 1.702556208424984771e-02 -1.436966150685471122e-01 -1.047119576225801277e-02 -1.343736150999978035e-02 9.998549862417849265e-01 -1.728943535291010969e-02
8.005365784658153849e-01 -5.992839196046606531e-01 5.925096603230972691e-04 -2.798216340999233775e+00 5.992013873134069968e-01 8.004420484173853101e-01 1.583081225797505764e-02 -1.682125619004016526e-01 -9.961424531821623171e-03 -1.231810551855471066e-02 9.998746120297119511e-01 -2.161209096516041733e-02
7.916136934124293756e-01 -6.110210239428386370e-01 1.204532463550838902e-03 -2.852501266460148344e+00 6.109479984907184580e-01 7.915467930443781386e-01 1.402177635686368586e-02 -1.943093381331959246e-01 -9.521046425839653493e-03 -1.036391806051798446e-02 9.999010684181603992e-01 -2.041021198000115416e-02
7.829128127549096483e-01 -6.221298381134162669e-01 1.544215966560376048e-03 -2.904947387393755243e+00 6.220628278734212646e-01 7.828606682050875953e-01 1.293892251185857663e-02 -2.180016437041110700e-01 -9.258593558346793137e-03 -9.169443586770234175e-03 9.999152014999335147e-01 -1.003004090846187218e-02
7.746623804915634404e-01 -6.323739503659383532e-01 1.336581065494482981e-03 -2.956090095417975405e+00 6.323065792999104096e-01 7.746076238584753693e-01 1.310851781437922907e-02 -2.405947903413642175e-01 -9.324812083898249490e-03 -9.309541314668769510e-03 9.999132922308350269e-01 -8.473453915577690634e-03
7.668800031921688687e-01 -6.417906850824302012e-01 4.344289557443921520e-04 -3.003261100321722221e+00 6.417220786895192486e-01 7.668076455944898839e-01 1.411500026516066680e-02 -2.588677019782174016e-01 -9.392003084542877370e-03 -1.054572009215357098e-02 9.999003910829902253e-01 -1.786847817734894817e-02
7.592821492021806229e-01 -6.507618924999417631e-01 -4.195272162822049109e-05 -3.038707918760400695e+00 6.507001616503750308e-01 7.592092985434895080e-01 1.381949450435843683e-02 -2.822424436968495876e-01 -8.961354706231052306e-03 -1.052018600224791794e-02 9.999046125823244369e-01 -2.668962524611406470e-02
7.516401053385221021e-01 -6.595732224345202122e-01 8.659147929006094993e-04 -3.076082014272361054e+00 6.595110647938515758e-01 7.515861430380368358e-01 1.280127194299695431e-02 -3.074845542876356030e-01 -9.094186822573534223e-03 -9.050861707944921758e-03 9.999177938361921703e-01 -2.403998125013175752e-02
7.442648315813360504e-01 -6.678801266666507530e-01 2.536952656581709445e-03 -3.119255641247570043e+00 6.678146360518534275e-01 7.442362827075186260e-01 1.167992931666154803e-02 -3.299132765396007860e-01 -9.688883617638905862e-03 -6.998739776486484834e-03 9.999286778655729346e-01 -1.170346335491956324e-02
7.369503755035421433e-01 -6.759400677737716912e-01 3.100665777644600468e-03 -3.157366989693981996e+00 6.758734312761097707e-01 7.369300297020189294e-01 1.138842047113343067e-02 -3.500070859142818680e-01 -9.982862864396271907e-03 -6.297035031142852492e-03 9.999304516035063539e-01 -9.325136112804726859e-03
7.291700723418237384e-01 -6.843260176043678422e-01 3.059247169874825759e-03 -3.191367152967527154e+00 6.842586114150768228e-01 7.291495812808647115e-01 1.146756265091910046e-02 -3.654288794663945183e-01 -1.007820314032728537e-02 -6.268479955455963024e-03 9.999296773986867670e-01 -1.699125059885230743e-02
7.207197066758405102e-01 -6.932203500916969130e-01 3.017769552475596962e-03 -3.234423850922967247e+00 6.931478393705072794e-01 7.206964713061850825e-01 1.196413004076849786e-02 -3.874875189910197415e-01 -1.046867308465427963e-02 -6.531017530759318512e-03 9.999239876113978909e-01 -2.370069033319896143e-02
7.122370292038033845e-01 -7.019329809015030230e-01 2.994813932074812980e-03 -3.281061665792156301e+00 7.018595817267512249e-01 7.122139728451116758e-01 1.203589446462404074e-02 -4.154784763558080907e-01 -1.058133512618578652e-02 -6.470463341468923532e-03 9.999231963638876008e-01 -2.290692088126201550e-02
7.032701825264919826e-01 -7.109169682211158303e-01 2.930315933463131621e-03 -3.329003570993754657e+00 7.108440393925322676e-01 7.032475821656896109e-01 1.200318362206810770e-02 -4.471566523730278742e-01 -1.059399770871016257e-02 -6.358476901333145331e-03 9.999237810550983818e-01 -1.916993034164713935e-02
6.938031004877747154e-01 -7.201605325061067875e-01 2.557933914219186113e-03 -3.375616577318586664e+00 7.200911238844907025e-01 6.937784374111126695e-01 1.186362460641217365e-02 -4.737588081650720429e-01 -1.031834694160981697e-02 -6.389065272425901477e-03 9.999264690155873492e-01 -1.563166129924482839e-02
6.842435610080104258e-01 -7.292525010858422752e-01 1.421854833884559233e-03 -3.422592583351743656e+00 7.291891930335345773e-01 6.842075903671938075e-01 1.198291951913112163e-02 -4.996703216984115792e-01 -9.711409405635258729e-03 -7.162424230678227956e-03 9.999273081088086990e-01 -1.806308749566342894e-02
6.747114063300296838e-01 -7.380819761516383970e-01 5.942893404492501053e-05 -3.465976321116565284e+00 7.380242085719792566e-01 6.746596702077426455e-01 1.245373097954435501e-02 -5.283636675439777886e-01 -9.231958085372683059e-03 -8.358803112323382953e-03 9.999225675155335447e-01 -2.107579056985434823e-02
6.647822575307497095e-01 -7.470372335585306889e-01 -6.446691977772413653e-04 -3.508322706152225745e+00 7.469810707512175574e-01 6.647212474146266814e-01 1.286264617565433324e-02 -5.572507206397983026e-01 -9.180337165153101484e-03 -9.032404360502295504e-03 9.999171857255063633e-01 -2.505000654242545144e-02
6.544322430703096716e-01 -7.561199352766981852e-01 -1.259427719268873874e-03 -3.554345006412999552e+00 7.560665468296509095e-01 6.543643054264589587e-01 1.308613318214930932e-02 -5.886711356852848409e-01 -9.070548434092539150e-03 -9.516190408281867408e-03 9.999137010271255122e-01 -2.227238882255514266e-02
6.440609133741793668e-01 -7.649728114090686981e-01 -1.628246340400024434e-03 -3.600756135202195729e+00 7.649220970118402185e-01 6.439904491108036089e-01 1.307703619635706971e-02 -6.221742103906415799e-01 -8.954993547843858454e-03 -9.667882670972113845e-03 9.999132893645426012e-01 -2.167375661378468862e-02
6.334559149422065438e-01 -7.737761865281183038e-01 -2.130093036957237621e-03 -3.645592846248867591e+00 7.737274993881482210e-01 6.333795367549969191e-01 1.329089847840753472e-02 -6.560087737596981272e-01 -8.935014830925914683e-03 -1.006730450621192395e-02 9.999095267019353361e-01 -2.027829097935419586e-02
6.223745761682447641e-01 -7.827154423773751146e-01 -2.636012083519835222e-03 -3.696081511584845991e+00 7.826693998397573626e-01 6.222927369746180659e-01 1.344969092166685767e-02 -6.862580409007151827e-01 -8.886901900620698680e-03 -1.043386555531295237e-02 9.999061978141131624e-01 -2.040926807466517459e-02
6.110609761514967930e-01 -7.915777647093368286e-01 -3.108862134402032469e-03 -3.747358367262739964e+00 7.915337828858888258e-01 6.109734979766873186e-01 1.364563540358496030e-02 -7.235800073323089832e-01 -8.902142032872017649e-03 -1.079908056285850196e-02 9.999021849427345288e-01 -2.262766810511940632e-02
5.996355895249007029e-01 -8.002649282434461941e-01 -3.708229390839904230e-03 -3.792318935422331894e+00 8.002252991233108625e-01 5.995422345061771630e-01 1.375264296488264842e-02 -7.615860266857927829e-01 -8.782510970989771543e-03 -1.121398819655156087e-02 9.998986758486143600e-01 -2.220759044894004067e-02
5.880619490169436414e-01 -8.088060286200241533e-01 -4.063684201630317176e-03 -3.837534740556879598e+00 8.087693009902519048e-01 5.879663594237786173e-01 1.372394578183491580e-02 -7.973505990226064100e-01 -8.710700832818846912e-03 -1.135710871496571281e-02 9.998976914002251082e-01 -2.229217328602865408e-02
5.759816281874973187e-01 -8.174498772183738105e-01 -4.629004099047429044e-03 -3.878676953402405481e+00 8.174186029207456405e-01 5.758822037620943135e-01 1.367800416708021827e-02 -8.335182970460731644e-01 -8.515321985492072671e-03 -1.166210779129734157e-02 9.998958637614888678e-01 -2.076109799065687864e-02
5.637303297240382483e-01 -8.259445590431445661e-01 -4.927228092925042303e-03 -3.925764717304488283e+00 8.259145505007575716e-01 5.636278067598740060e-01 1.376353886019690553e-02 -8.759876142869084115e-01 -8.590798075044944401e-03 -1.182838891308226822e-02 9.998932651643203107e-01 -2.191208860956427723e-02
5.514228046571898467e-01 -8.342099312230544239e-01 -5.222024208402825836e-03 -3.972740042007596895e+00 8.341827668253682937e-01 5.513193987562537979e-01 1.366117289506689828e-02 -9.158607161197532820e-01 -8.517288518264949648e-03 -1.188919932024128795e-02 9.998931741962968633e-01 -2.250623243540546964e-02
5.389650293257172153e-01 -8.423104178268722153e-01 -5.518545105385937524e-03 -4.017052684272344187e+00 8.422866820938132992e-01 5.388615197529120771e-01 1.349124170662221144e-02 -9.565269170922269248e-01 -8.390092376740437494e-03 -1.191949681482024938e-02 9.998938910029500082e-01 -2.282905105109647032e-02
5.267658327665678542e-01 -8.499871960021937456e-01 -6.334634761210225506e-03 -4.062541383057378219e+00 8.499716635811366272e-01 5.266555320735037959e-01 1.351777434722098784e-02 -9.987020185009177764e-01 -8.153777848230320258e-03 -1.250495450387175897e-02 9.998886975377370145e-01 -2.313243287473921300e-02
5.145054144211665959e-01 -8.574580293389417740e-01 -7.108064178094081025e-03 -4.105116167558525930e+00 8.574509587999202820e-01 5.143894032429575658e-01 1.349120303063822135e-02 -1.043831759350172694e+00 -7.911847570873369040e-03 -1.303610754645231212e-02 9.998838606253487304e-01 -2.369372947151658984e-02
5.021335990470366939e-01 -8.647603946297591770e-01 -7.206342941692168817e-03 -4.149761692204590346e+00 8.647518813918209091e-01 5.020152158810410326e-01 1.362086566773144936e-02 -1.089129624429132859e+00 -8.161110168882818386e-03 -1.307118419407406716e-02 9.998814004991906090e-01 -2.627881521375323437e-02
4.901093031900104480e-01 -8.716314164841850731e-01 -7.223238373118114411e-03 -4.190647606263012470e+00 8.716213071284965030e-01 4.899906346567629023e-01 1.364191720157292148e-02 -1.127982048058815634e+00 -8.351420221859046783e-03 -1.298194821374373462e-02 9.998809927547407383e-01 -2.459916964503550824e-02
4.785180178072333534e-01 -8.780485917438978216e-01 -7.198495663273048531e-03 -4.227292949244668030e+00 8.780365438980809456e-01 4.783996305555168194e-01 1.364766950325383733e-02 -1.167081716981879902e+00 -8.539573615549812466e-03 -1.285118609609851685e-02 9.998810931471560082e-01 -2.270805752915234718e-02
4.672218555078035407e-01 -8.841088911225027935e-01 -7.473710593640312851e-03 -4.261820060534022403e+00 8.840985484773113967e-01 4.671007729213070836e-01 1.368472670376566155e-02 -1.203387020812735519e+00 -8.607827018075015629e-03 -1.300128522687094175e-02 9.998785679225120626e-01 -2.249619457688815244e-02
4.567327047266473983e-01 -8.895681557295979092e-01 -8.024963806631705415e-03 -4.292966430909182840e+00 8.895655015620044237e-01 4.566099640084421152e-01 1.346192961262187952e-02 -1.240385145309322423e+00 -8.311041336959602496e-03 -1.328722149905455299e-02 9.998773203882237448e-01 -2.329250258780419386e-02
4.465620267818342093e-01 -8.947143191753562652e-01 -8.326161811468620055e-03 -4.321957999630612335e+00 8.947152632190616961e-01 4.464383920824305796e-01 1.334309203637712091e-02 -1.274783993130622406e+00 -8.221153986085395771e-03 -1.340804978383945516e-02 9.998764508181865462e-01 -2.519436355452370213e-02
4.366166745738833121e-01 -8.996091571789726071e-01 -8.362420421049822361e-03 -4.349124437050519987e+00 8.996103243955549944e-01 4.364945170790545670e-01 1.320922543059386070e-02 -1.308236426360236404e+00 -8.233005164676400825e-03 -1.329027480316914006e-02 9.998779260092542920e-01 -2.412765423581559460e-02
4.269925826117714762e-01 -9.042177539377240780e-01 -8.263611405232129670e-03 -4.377828682439645291e+00 9.042176553787877324e-01 4.268733460555411696e-01 1.304892747344426132e-02 -1.343105908996165665e+00 -8.271573436527819914e-03 -1.304388536080166444e-02 9.998808528848730504e-01 -2.100981541540067679e-02
4.177715793747457385e-01 -9.085120559986734623e-01 -8.570895633061860128e-03 -4.405919295947069436e+00 9.085141868678269228e-01 4.176488581038241277e-01 1.311904667425112594e-02 -1.374614963436064485e+00 -8.339206846564953604e-03 -1.326753037695174373e-02 9.998773491016091919e-01 -1.936600784265701466e-02
4.096965940369433623e-01 -9.121786702437196803e-01 -8.915765610687700904e-03 -4.430488304924826259e+00 9.121834172158646004e-01 4.095695115731768920e-01 1.322657603661969890e-02 -1.405739658893487620e+00 -8.413396098868318115e-03 -1.355168040153647072e-02 9.998729171690047268e-01 -2.421834133477483719e-02
4.025527861304811772e-01 -9.153532972450433292e-01 -8.962324020736728986e-03 -4.449341711652144760e+00 9.153598956464896741e-01 4.024288377057086974e-01 1.296213985377617402e-02 -1.429842622324705381e+00 -8.258260621624713416e-03 -1.342167858356146937e-02 9.998759643838898148e-01 -2.587430313749662994e-02
3.963873270582083386e-01 -9.180413072632005456e-01 -8.830424360179223164e-03 -4.464521281576826262e+00 9.180473725793281137e-01 3.962677149265622090e-01 1.271410972574715630e-02 -1.448874857195667554e+00 -8.172886400395403331e-03 -1.314643991236896445e-02 9.998803228360663153e-01 -2.253456779503712482e-02
3.917489338105007990e-01 -9.200315128676206378e-01 -8.690521413798902792e-03 -4.477591691832997434e+00 9.200370920092600935e-01 3.916335172125097741e-01 1.247685705776933364e-02 -1.469919363439166737e+00 -8.075622727661669817e-03 -1.288337797113167302e-02 9.998845373023116379e-01 -2.114205905890919474e-02
3.881915856402884391e-01 -9.215395497766591948e-01 -8.538162227317798447e-03 -4.488062828746579136e+00 9.215436411679660544e-01 3.880788040205876976e-01 1.236551839384996375e-02 -1.488500546523702450e+00 -8.081855260988745140e-03 -1.266845795259694853e-02 9.998872332978083755e-01 -2.166902416193297945e-02
3.858005225404800842e-01 -9.225447627831606656e-01 -8.359182982407118920e-03 -4.492963057670258387e+00 9.225493138152486283e-01 3.856938383281017235e-01 1.199091435049494565e-02 -1.496513666694926581e+00 -7.838092747702224417e-03 -1.233784015858478515e-02 9.998933085894285977e-01 -2.320259422283373757e-02
3.844556575300924761e-01 -9.231082441145366246e-01 -8.110591592607959560e-03 -4.495126493609241436e+00 9.231132019140430023e-01 3.843565161258296059e-01 1.152588259374496757e-02 -1.497003389054659905e+00 -7.522302978299103861e-03 -1.191816673852576745e-02 9.999008248603232785e-01 -2.189569974856011084e-02
3.841754258154578272e-01 -9.232267129300366637e-01 -7.902764941127751741e-03 -4.494986623103627288e+00 9.232268820609267346e-01 3.840743525469217934e-01 1.182318465924681733e-02 -1.494527656256030568e+00 -7.880255291434009809e-03 -1.183820181888665946e-02 9.998990180879766543e-01 -1.889338874847821745e-02
3.847042541695705475e-01 -9.230096476485731838e-01 -7.523812515194299062e-03 -4.490879764412763819e+00 9.230017814538337140e-01 3.846010239548508514e-01 1.226952924664910342e-02 -1.490801905503858382e+00 -8.431252877851406341e-03 -1.166461191279963110e-02 9.998965641334742749e-01 -2.193329524092193020e-02
3.850488803114076597e-01 -9.228719026385066027e-01 -6.752722095906171090e-03 -4.484478809796023313e+00 9.228540703289783709e-01 3.849506586245318718e-01 1.241530273207460018e-02 -1.486992473301376183e+00 -8.858291681098882930e-03 -1.101225499315544934e-02 9.999002700929935372e-01 -2.629295528959809530e-02
3.844843020348729379e-01 -9.231121612584083369e-01 -6.046052405311959019e-03 -4.485391881090309063e+00 9.230905632481484213e-01 3.843968691096524282e-01 1.198542928376405796e-02 -1.488077258776726808e+00 -8.739831175316226802e-03 -1.018924416567593139e-02 9.999100388639519110e-01 -2.378520351899461593e-02
3.838674518822904891e-01 -9.233707521814953356e-01 -5.747173555409398546e-03 -4.488844785772627688e+00 9.233520387841366306e-01 3.837894641815235985e-01 1.128994936711784705e-02 -1.493804195193964901e+00 -8.219123115152975750e-03 -9.640492536143829491e-03 9.999199013820606607e-01 -1.948412604705328580e-02
3.834088905466724873e-01 -9.235613544432645927e-01 -5.731273339959698683e-03 -4.484887669820107448e+00 9.235460230860068620e-01 3.833352873545731176e-01 1.084463786898592907e-02 -1.495532686723903160e+00 -7.818708486237878688e-03 -9.451009968248562723e-03 9.999249240612251288e-01 -2.076514351986845711e-02
3.832240286851110733e-01 -9.236390012962111262e-01 -5.580605187726734966e-03 -4.483959592785554449e+00 9.236211997371465143e-01 3.831503870707603232e-01 1.097593408796205226e-02 -1.492747588993627250e+00 -7.999611360880941671e-03 -9.360589830546196810e-03 9.999243453148505267e-01 -2.465577426317627427e-02
3.830329593659004828e-01 -9.237205594555731869e-01 -5.185057254748788765e-03 -4.483083814572398573e+00 9.236972308255335662e-01 3.829604547007232074e-01 1.120406867045811716e-02 -1.489959404042527469e+00 -8.363778252835523883e-03 -9.080932393739379535e-03 9.999239464957944135e-01 -2.545894411288179490e-02
3.826928054369025944e-01 -9.238628162422898304e-01 -4.951637980549448113e-03 -4.483989045985440569e+00 9.238369618785473580e-01 3.826218489786304966e-01 1.125195359494052076e-02 -1.491266646733893086e+00 -8.500677617972421385e-03 -8.880530446225297359e-03 9.999245932064575459e-01 -2.335399695141691934e-02
3.821384168884685018e-01 -9.240928791412162946e-01 -4.836234439267225911e-03 -4.485564932932716964e+00 9.240656891379128712e-01 3.820681789425368069e-01 1.128403937487267375e-02 -1.489592899717511409e+00 -8.579748780129370714e-03 -8.781046372064633260e-03 9.999247968649398466e-01 -2.324022571381201274e-02
3.818978995916452734e-01 -9.241927506624222355e-01 -4.750351555997538687e-03 -4.486813645090391489e+00 9.241657592952713385e-01 3.818293870912013444e-01 1.117099020742975263e-02 -1.487074681063347947e+00 -8.510345389684249168e-03 -8.656274457380848733e-03 9.999264793574808019e-01 -2.576362109417265969e-02
3.817935555920414781e-01 -9.242373874106710741e-01 -4.444375187438649212e-03 -4.486360101104484244e+00 9.242097436277915135e-01 3.817295857342394849e-01 1.094103245745831933e-02 -1.490102319731257507e+00 -8.415578783624326834e-03 -8.284738841414923671e-03 9.999304308512572126e-01 -2.646506624639684280e-02
3.816340085947563243e-01 -9.243017293705474424e-01 -4.755781181262621823e-03 -4.482780114968543117e+00 9.242839704714002069e-01 3.815751940667407305e-01 1.001741836329083507e-02 -1.482325786579890892e+00 -7.444446767718063997e-03 -8.218669036502233155e-03 9.999386791277913300e-01 -2.354451542992419544e-02
3.819725431249056391e-01 -9.241578229716093107e-01 -5.487855500139516424e-03 -4.472368782715882674e+00 9.241563508357207857e-01 3.819217192092490554e-01 8.466269618752367276e-03 -1.470151115189886948e+00 -5.728257034342737475e-03 -8.305509284827468017e-03 9.999492670104229708e-01 -2.419105154855978254e-02
3.822010242779914080e-01 -9.240633534025024520e-01 -5.488990876156546635e-03 -4.463857604662242906e+00 9.240638411510951888e-01 3.821530624056025949e-01 8.118193503415471746e-03 -1.445746725478300965e+00 -5.404110509937612265e-03 -8.174946220071345471e-03 9.999521483208307915e-01 -2.601501735999321718e-02
3.817489876047857611e-01 -9.242550796810821145e-01 -4.593182489567935144e-03 -4.452577024640655523e+00 9.242453595982591530e-01 3.817020046381118803e-01 8.657433086627816868e-03 -1.413594017846686368e+00 -6.248470778453701566e-03 -7.550184336006144498e-03 9.999521440191768695e-01 -2.675924243081450812e-02
