1.000000000000000000e+00 0.000000000000000000e+00 0.000000000000000000e+00 0.000000000000000000e+00 0.000000000000000000e+00 1.000000000000000000e+00 0.000000000000000000e+00 0.000000000000000000e+00 0.000000000000000000e+00 0.000000000000000000e+00 1.000000000000000000e+00 0.000000000000000000e+00
9.999999991521201226e-01 4.076202111477380917e-05 5.849569310650376170e-06 2.017381755270140214e-03 -4.076246555137381244e-05 9.999999962813880261e-01 7.599766629856075648e-05 -1.643374672115941208e-03 -5.846471470419762324e-06 -7.599790467699138517e-05 9.999999970950685935e-01 5.306985264261912874e-04
9.999999935708882015e-01 2.021320070238022301e-05 -1.115779996394425177e-04 -3.717356127981930394e-04 -2.021080037065085670e-05 9.999999995643427120e-01 2.151367535344384210e-05 -6.878787797068209101e-03 1.115784344510705183e-04 -2.151142013445354800e-05 9.999999935437559051e-01 7.280631407362554795e-04
9.999999853753100965e-01 -1.233067632702439123e-04 -1.185108506642554825e-04 3.522372361633259105e-04 1.233154848153813165e-04 9.999999896890259254e-01 7.358830900819967138e-05 -4.021312138782774312e-03 1.185017755060948567e-04 -7.360292215499901285e-05 9.999999902699694410e-01 2.660771167143058218e-03
9.999999754971430344e-01 -2.128872735835617125e-04 -6.070191167303600074e-05 -7.474637007047228374e-04 2.128925719126038710e-04 9.999999735284916813e-01 8.729128732762230836e-05 2.514737187719212098e-04 6.068332686199806787e-05 -8.730420817483247782e-05 9.999999943477545505e-01 -5.632208185574775691e-04
9.999999885698054314e-01 -1.509716238438606184e-04 -8.243647601327302348e-06 5.007383696749615701e-04 1.509725502820322932e-04 9.999999822758193213e-01 1.124973336150159742e-04 -2.217152080034865032e-03 8.226663550081440168e-06 -1.124985768936515620e-04 9.999999936381960275e-01 -1.551183233196617214e-03
9.999999996414510317e-01 -2.122596081040265540e-05 1.632656041919166003e-05 6.224567231768095461e-03 2.122598207829315317e-05 9.999999997738806545e-01 -1.302483744006872113e-06 -6.202536460826840910e-03 -1.632653276903100231e-05 1.302830290818725973e-06 9.999999998658735123e-01 -1.408408268064279857e-03
9.999999995414088350e-01 -2.947103648151835713e-05 -6.974264282695156663e-06 5.788156780704638120e-03 2.947076135712183243e-05 9.999999987877699059e-01 -3.944533426476619522e-05 -6.202166805729670759e-03 6.975426769125887061e-06 3.944512870979858962e-05 9.999999991977126523e-01 4.820584345208427535e-04
9.999999886224893997e-01 -1.395376240524672971e-04 -5.730857330022796344e-05 6.931451592261433405e-03 1.395388583698991441e-04 9.999999900325826641e-01 2.153466027246181817e-05 -4.369756181016595624e-03 5.730556783368030504e-05 -2.154265680034411434e-05 9.999999981259929394e-01 -7.107136274433789071e-04
9.999999798007012108e-01 -1.844268643415844023e-04 -7.990825343478310963e-05 4.086003184685098322e-03 1.844320932526914562e-04 9.999999808515966926e-01 6.543400666808598895e-05 8.790702940861586621e-04 7.989618411599653267e-05 -6.544874299281407061e-05 9.999999946665308892e-01 -8.621817260271672639e-04
9.999999954795788515e-01 -9.375022666663521099e-05 -1.586622888982319225e-05 5.527968196944552538e-04 9.375132815395594411e-05 9.999999931946036424e-01 6.943688637950622827e-05 2.697197608453120923e-03 1.585971905801011384e-05 -6.943837354565348340e-05 9.999999974633907440e-01 -1.340651957684522392e-03
9.999999987133633139e-01 -3.767331118660213827e-05 3.397050263169016347e-05 1.073675844302462642e-03 3.767164024853603100e-05 9.999999980807329214e-01 4.918720952697677111e-05 -8.979271209071234758e-04 -3.397235561154260614e-05 -4.918592973913649331e-05 9.999999982133116472e-01 -8.877624474479609007e-04
9.999999995209728487e-01 -7.927045403619458204e-06 2.992016476263287690e-05 1.068662397513888297e-03 7.926295140673392440e-06 9.999999996541958369e-01 2.507553042314630273e-05 -3.392609027273751823e-03 -2.992036352715454393e-05 -2.507529325507787458e-05 9.999999992380007585e-01 -6.818294471924724043e-06
9.999999988229408832e-01 -4.516808073496547801e-05 -1.771899412597058188e-05 2.166886725226812443e-04 4.516915311287766975e-05 9.999999971481968730e-01 6.052564543331620956e-05 -3.649329392085651040e-03 1.771626024820003266e-05 -6.052644571403263365e-05 9.999999980113417619e-01 1.123396244860950556e-03
9.999999904169879494e-01 -1.371682000247070421e-04 -1.873256524669723638e-05 1.072512630972730953e-03 1.371687149969626901e-04 9.999999902144603992e-01 2.749223207072368848e-05 -1.647874842131406403e-03 1.872879400340117566e-05 -2.749480132916878297e-05 9.999999994466340913e-01 -3.375778308596206166e-04
9.999999956246341526e-01 -9.351833176818195924e-05 -2.247959989221600264e-06 7.053525073952670969e-04 9.351836875271414952e-05 9.999999954917242473e-01 1.645801603899003557e-05 4.093582811189433023e-04 2.246420852882995890e-06 -1.645822619253140768e-05 9.999999998620402453e-01 -1.286940931630104531e-03
9.999999989931013245e-01 -1.474451082942270018e-05 -4.238392005893280580e-05 2.931471695895579606e-03 1.474468645411944502e-05 9.999999998827133751e-01 4.143353881125478505e-06 -2.629802644693899488e-03 4.238385896223556499e-05 -4.143978814565507213e-06 9.999999990932180172e-01 -4.535792285579633154e-04
9.999999977522047168e-01 -5.868566542693147718e-05 -3.242812254673292898e-05 5.257321721930024137e-03 5.868519419431009881e-05 9.999999981724292386e-01 -1.453236402406962179e-05 -2.546633801826845341e-03 3.242897532892121879e-05 1.453046094073483181e-05 9.999999993686136124e-01 -3.283432619197202708e-04
9.999999871105426097e-01 -1.579887606750049651e-04 2.860884786270923147e-05 5.567089937744100145e-03 1.579887018326210917e-04 9.999999875176651676e-01 2.059037965311461714e-06 7.441470015979913949e-04 -2.860917281046033178e-05 -2.054518064036823349e-06 9.999999995886470483e-01 8.841832946831732366e-04
9.999999859500137145e-01 -1.675309165525429181e-04 5.776183936027272795e-06 3.460116990544090387e-03 1.675305535434256320e-04 9.999999839955180381e-01 6.278914898575211874e-05 2.202853039038883513e-03 -5.786702967261578463e-06 -6.278818041627326615e-05 9.999999980120792831e-01 1.928919480817155481e-03
9.999999899267304482e-01 -1.415419330765139408e-04 -1.060284262788527912e-05 2.407862559292196954e-03 1.415424942872679163e-04 9.999999885811062805e-01 5.294817911329621144e-05 4.030359620084817546e-03 1.059534811918796738e-05 -5.294967933272701828e-05 9.999999985420350290e-01 1.290380993799906560e-03
9.999999969674376876e-01 -7.742388082509441558e-05 -8.406378109702021537e-06 2.105940996353874561e-03 7.742420896707721280e-05 9.999999962406235232e-01 3.904157656102978240e-05 3.507062756742005023e-03 8.403355327728397650e-06 -3.904222729980918620e-05 9.999999992025440099e-01 5.274450158686784171e-04
9.999999943724163787e-01 -1.060855223307257349e-04 1.014456966221638610e-06 5.216282530489156979e-03 1.060855200723335041e-04 9.999999943704536154e-01 2.226002760531487559e-06 3.504552651788155754e-03 -1.014693107176266587e-06 -2.225895128809618498e-06 9.999999999970079489e-01 4.359847807807337326e-04
9.999999862844960452e-01 -1.655218357786614647e-04 -5.790480500250938455e-06 4.932066942878690630e-03 1.655221791052221680e-04 9.999999845405030952e-01 5.934140092877582192e-05 1.550917147212545286e-03 5.780658113113613773e-06 -5.934235856782906962e-05 9.999999982225342698e-01 -3.778240240346592113e-04
9.999999963166323891e-01 -8.581387963977048792e-05 -1.647212657069968674e-06 1.565843429923470011e-03 8.581400312469153403e-05 9.999999934970061899e-01 7.511287818266923846e-05 -2.339539807523242140e-03 1.640766918870390606e-06 -7.511301925991298409e-05 9.999999971776710739e-01 -4.583858115691646917e-04
9.999999922905965510e-01 -1.226947539454906623e-04 1.909984643823360213e-05 3.614995508956826524e-03 1.226940994789161405e-04 9.999999918861043335e-01 3.426294250626620724e-05 -3.133442509978109393e-03 -1.910405016655969697e-05 -3.426059880366043862e-05 9.999999992306233265e-01 1.008035852633447794e-03
9.999999931600971337e-01 -1.169515905804294214e-04 -1.459810390576946519e-06 2.758698051907207665e-03 1.169516454601147445e-04 9.999999924523798045e-01 3.765040581432227114e-05 -5.746086495597500614e-04 1.455407104712868445e-06 -3.765057628402438685e-05 9.999999992901579260e-01 2.391804929239245425e-03
9.999999897652057657e-01 -1.409381762942729741e-04 -2.461744801886276690e-05 2.486118522811670527e-03 1.409403223009436808e-04 9.999999862664946670e-01 8.719424324839957809e-05 2.564385586363481830e-03 2.460515868315212422e-05 -8.719771194704245641e-05 9.999999958955725354e-01 2.736306071363328422e-03
9.999999738644594904e-01 -2.192388056710331610e-04 -6.484925894243126054e-05 4.222371131933629756e-03 2.192428110933956529e-04 9.999999740588700892e-01 6.176446270559681959e-05 1.976947262488376253e-03 6.483571609313171680e-05 -6.177867882517706292e-05 9.999999959898623336e-01 2.667370265156286321e-05
9.999999818442033561e-01 -1.854736388650734646e-04 -4.371638309374536525e-05 3.078452898761342878e-03 1.854757528487652304e-04 9.999999816301392563e-01 4.835769125951654450e-05 -4.422714145951845126e-04 4.370741321371647862e-05 -4.836579871061027971e-05 9.999999978752057705e-01 6.071726208521032418e-04
9.999999927930621757e-01 -1.198514792691200248e-04 -7.035521304305413832e-06 3.599908146504760334e-03 1.198517880511080678e-04 9.999999918539500543e-01 4.390499672122801878e-05 2.900011174581394128e-03 7.030259168189361370e-06 -4.390583962461562311e-05 9.999999990114263326e-01 6.243363561553309966e-04
9.999999906065345501e-01 -1.228569563005160877e-04 -6.077087446159076730e-05 8.970409652444669840e-03 1.228568685098083331e-04 9.999999924520460715e-01 -1.448349092201398558e-06 1.816768807268570422e-03 6.077105194265613406e-05 1.440882959263427415e-06 9.999999981524015924e-01 4.819204025031357955e-04
9.999999966856562006e-01 -6.326782149173429989e-05 -5.124324671348615839e-05 9.263274267928348071e-03 6.326696673002654291e-05 9.999999978595021100e-01 -1.668192447663728362e-05 -2.865253849422036078e-03 5.124430203282003178e-05 1.667868241656268974e-05 9.999999985479215425e-01 2.515480578258897856e-05
9.999999926784809423e-01 -1.205743804665793042e-04 -1.023996683758206419e-05 5.389884590063451393e-03 1.205743582524513875e-04 9.999999927285576629e-01 -2.169945086992434240e-06 -3.441294833245072023e-03 1.024022840290724611e-05 2.168710393675171648e-06 9.999999999452171551e-01 4.116241796040925318e-05
9.999999871027487330e-01 -1.594489302618537366e-04 1.924944361920638702e-05 1.024520401645111819e-03 1.594483252992314761e-04 9.999999867943508702e-01 3.142498311808249655e-05 5.870648177498678962e-03 -1.925445404494666583e-05 -3.142191342123857201e-05 9.999999993209647275e-01 2.476617591745253135e-04
9.999999916187443105e-01 -1.268462867801417463e-04 2.593320037455738075e-05 2.725339847201765139e-03 1.268441465094663771e-04 9.999999885509074371e-01 8.251513437653683997e-05 7.290440093854173159e-03 -2.594366681604459650e-05 -8.251184421028864011e-05 9.999999962593608682e-01 1.227313149586504158e-04
9.999999997915167693e-01 1.840434632666826308e-05 -8.845706882016245292e-06 8.287346610764557975e-03 -1.840359401684542673e-05 9.999999962147042565e-01 8.504057435044616250e-05 3.852263570697546380e-04 8.847271964714793663e-06 -8.504041153991838051e-05 9.999999963449270890e-01 4.562444705203063289e-04
9.999999968589083910e-01 -6.918716378900322081e-05 -3.866936287705803127e-05 7.589108504232192250e-03 6.918746666341307197e-05 9.999999975758839810e-01 7.831129888647301172e-06 -2.336541108592384355e-03 3.866882096965274304e-05 -7.833805299303955359e-06 9.999999992216769273e-01 -8.083980245905331629e-04
9.999999776234019810e-01 -2.110106521797229604e-04 -1.508973924712839186e-05 2.550898454551963138e-04 2.110103942720395779e-04 9.999999775912529199e-01 -1.709114316686639594e-05 1.573667606993730400e-03 1.509334532225237840e-05 1.708795869259675525e-05 9.999999997400963458e-01 -5.254224086815191801e-04
9.999999928349834200e-01 -1.196876172480530113e-04 2.215254250577585042e-06 1.042923781901351245e-03 1.196876168151209466e-04 9.999999928374180280e-01 1.955637566140479639e-07 9.709495226077551056e-03 -2.215277641270693824e-06 -1.952986167109392279e-07 9.999999999975272003e-01 6.500006987255693442e-04
9.999999971104570617e-01 6.911402686446124690e-05 -3.165970800719658811e-05 2.503364569282887434e-03 -6.911362429891689787e-05 9.999999975308012656e-01 1.271630789393472823e-05 1.239845176325425971e-02 3.166058680426787474e-05 -1.271411974002578706e-05 9.999999994179792351e-01 5.306671756636792067e-05
9.999999790407563260e-01 1.991616217996488246e-04 -4.746720153189060674e-05 1.717645909355359525e-03 -1.991588199704773200e-04 9.999999784259625546e-01 5.902405406292225286e-05 8.811688492343108803e-03 4.747895583416378003e-05 -5.901459931397832841e-05 9.999999971315128855e-01 1.559445606345465606e-03
9.999999063085597273e-01 4.317142061175523681e-04 -3.171302605964859944e-05 -1.163791716525406890e-03 -4.317128724630735236e-04 9.999999059279488511e-01 4.204865332663720314e-05 -8.722316403694087630e-04 3.173117607732840896e-05 -4.203495846546361023e-05 9.999999986130974072e-01 -5.762490706395697465e-05
9.999992842630679446e-01 1.196197729038298019e-03 2.417322733304175873e-05 -1.845903617042717396e-02 -1.196199697231029209e-03 9.999992812260037889e-01 8.157058321369769301e-05 2.952726211817847252e-03 -2.407563541155799075e-05 -8.159944083783558517e-05 9.999999963809474979e-01 1.567232148826751704e-03
9.999918351498484625e-01 4.040103916536114982e-03 8.481734420295807160e-05 -3.010668560338438174e-02 -4.040118511549826465e-03 9.999918237897208462e-01 1.726155278630928493e-04 9.227668752407394703e-03 -8.411926604834192513e-05 -1.729567906055889059e-04 9.999999815049486207e-01 7.936272672357254365e-03
9.999650417992291818e-01 8.359075734535693220e-03 2.025643848953617785e-04 -2.698974393528752805e-02 -8.359123976102268011e-03 9.999650334732275159e-01 2.384894947804221588e-04 6.735575404384221143e-03 -2.005637501736134791e-04 -2.401744184232651469e-04 9.999999510452142193e-01 9.518008946092216399e-03
9.999151032084240276e-01 1.302918066964840575e-02 1.637887797529620666e-04 -3.604657771198033211e-02 -1.302922562589310142e-02 9.999150778150648344e-01 2.764736558218471398e-04 5.498310280039613203e-04 -1.601726452398165301e-04 -2.785842250619036445e-04 9.999999483677752821e-01 1.118085160748914612e-02
9.998391075986639009e-01 1.793738813558666545e-02 9.499042402311581043e-05 -6.568361761556859579e-02 -1.793742146257320397e-02 9.998390458153081362e-01 3.624560777074357421e-04 -2.638305703313728080e-03 -8.847361956892298564e-05 -3.641016445493256717e-04 9.999999298012031135e-01 8.104439761016078020e-03
9.997414381055873545e-01 2.273860258662322928e-02 1.135208335199348331e-04 -8.777314203202107867e-02 -2.273864338281122652e-02 9.997413743981841128e-01 3.720397011927168525e-04 6.951650270856117239e-04 -1.050318112141798460e-04 -3.745248156527089967e-04 9.999999243497377233e-01 7.384112851558682911e-03
9.996474517647689906e-01 2.655079007062549970e-02 1.665137517699582115e-04 -1.155232410267582194e-01 -2.655083100164608648e-02 9.996474336299285834e-01 2.486166117239817512e-04 5.227984488376006059e-03 -1.598540771549760570e-04 -2.529500408589635606e-04 9.999999552314744466e-01 6.259986749036572720e-03
9.995533691759155293e-01 2.988304808785079841e-02 2.561367898023379124e-04 -1.534644474599061170e-01 -2.988308688267778124e-02 9.995533897289355929e-01 1.489958281971857099e-04 -3.752257269331846917e-03 -2.515699469823090735e-04 -1.565834400111662983e-04 9.999999560970931345e-01 7.539765460849758016e-03
9.994301281344896148e-01 3.375378230333326429e-02 3.180523493183196959e-04 -1.876086967427599561e-01 -3.375385930565993203e-02 9.994301473418922832e-01 2.399294420412042585e-04 -2.313124452545733262e-02 -3.097725801868241903e-04 -2.505282072532025259e-04 9.999999206382798045e-01 1.098679961574914113e-02
9.993218254019489155e-01 3.682145678693076601e-02 2.638094100602132643e-04 -2.076191498377074618e-01 -3.682154918725381171e-02 9.993217939752916390e-01 3.544029561937732213e-04 -1.491743281985521280e-02 -2.505808597922861173e-04 -3.638764802800009473e-04 9.999999024015651106e-01 9.410957001995255700e-03
9.992310146355730671e-01 3.920897039629134273e-02 1.898178754840736397e-04 -2.464893277256590687e-01 -3.920904305497442677e-02 9.992309515352548743e-01 3.955207481731524001e-04 -1.104943172487615061e-02 -1.741639350321113277e-04 -4.026591757589389055e-04 9.999999037662513635e-01 5.987314556037225469e-03
9.991783733912253940e-01 4.052796097438684381e-02 2.500530413525026661e-04 -2.797431361726471777e-01 -4.052804326011331254e-02 9.991783457586864703e-01 3.332813243511633826e-04 -1.628165721949318898e-02 -2.363403717037260978e-04 -3.431416520241259210e-04 9.999999131985138900e-01 3.239540962479397351e-03
9.991547125949955532e-01 4.110618726849266102e-02 3.763873794203602017e-04 -3.193123213003652427e-01 -4.110628304109038844e-02 9.991547481843153777e-01 2.503503205937770439e-04 -2.044078970007882565e-02 -3.657782901434493937e-04 -2.656105887724879576e-04 9.999998978286235296e-01 7.588584149766270347e-03
9.991228953850949113e-01 4.187137119640188532e-02 4.776938744947413322e-04 -3.554297395954364447e-01 -4.187146958780688100e-02 9.991229858660798380e-01 1.978600680824279666e-04 -2.705155617917812116e-02 -4.689902578594977185e-04 -2.176882686417956376e-04 9.999998663299689561e-01 1.124754661434388195e-02
9.991144677749456138e-01 4.207074499577211774e-02 5.768000415738663454e-04 -3.837198945194124078e-01 -4.207090436742316059e-02 9.991145918829219541e-01 2.670062347072570726e-04 -1.687766126739793579e-02 -5.650561869224756317e-04 -2.910362914703132136e-04 9.999997980046709811e-01 1.195287364255939386e-02
9.991471560077697101e-01 4.128669840359777687e-02 6.075989761892771918e-04 -4.156357740260286926e-01 -4.128700312562849639e-02 9.991472041438129725e-01 4.978197526891902031e-04 -6.356501147745293075e-03 -5.865274843115271790e-04 -5.224811309329509918e-04 9.999996914994413455e-01 1.335079632353407264e-02
9.992171662934705711e-01 3.955471143500921549e-02 6.923783213821701208e-04 -4.649961968964854697e-01 -3.955511721644788814e-02 9.992172203117772877e-01 5.825241609970658934e-04 3.262264586592976412e-03 -6.687947666034666947e-04 -6.094552471093687323e-04 9.999995906388471356e-01 1.272946132826517987e-02
9.992855555964862413e-01 3.778438862030938927e-02 8.475569664036065138e-04 -5.246815620045552908e-01 -3.778483394895626457e-02 9.992857651174307243e-01 5.157103072095971241e-04 -1.402032644744545184e-03 -8.274658129901298542e-04 -5.473666601046181870e-04 9.999995078449127606e-01 1.482079410698776412e-02
9.993909213316913842e-01 3.488027555788308226e-02 1.073655810367474912e-03 -5.768795271825511994e-01 -3.488073255362330455e-02 9.993913980418110965e-01 4.098982274232754273e-04 -9.530573003656209533e-03 -1.058705018215652790e-03 -4.470984683328459684e-04 9.999993396231039444e-01 1.688101620004479192e-02
9.995237490653182677e-01 3.083557777823078827e-02 1.200915273160239752e-03 -6.199029551355679235e-01 -3.083607794973725058e-02 9.995243749495584806e-01 4.002229032200754376e-04 -1.853184122027441011e-03 -1.188002983311995048e-03 -4.370638136625350396e-04 9.999991988117462594e-01 1.667353755266464538e-02
9.996657209036932112e-01 2.582648841520691907e-02 1.199560852383564462e-03 -6.791347434256307380e-01 -2.582694796319384700e-02 9.996663605686668674e-01 3.691968346011072124e-04 3.493163768804996745e-03 -1.189625573811169297e-03 -4.000544155300722127e-04 9.999992123734191551e-01 1.723585041216458419e-02
9.998003691453418718e-01 1.994622960120750674e-02 1.170376663329341857e-03 -7.426932596944152420e-01 -1.994659273133634822e-02 9.998010020933294495e-01 2.994187443752707040e-04 1.818807500296626412e-02 -1.164171485801108845e-03 -3.227039978011211636e-04 9.999992702831744795e-01 1.510747665054754107e-02
9.999134795411208643e-01 1.308333463363784213e-02 1.363740016557436199e-03 -7.993206804724568570e-01 -1.308380599933286342e-02 9.999143464580481089e-01 3.372950433367219491e-04 2.392861785340696240e-02 -1.359210263472474976e-03 -3.551087702249592542e-04 9.999990132221235895e-01 1.498903157907845868e-02
9.999827610838912806e-01 5.629469998042299639e-03 1.669312007493065683e-03 -8.495964266558894140e-01 -5.630401686731588418e-03 9.999839957277800728e-01 5.539541039090241283e-04 1.904617282487715280e-02 -1.666166823361029271e-03 -5.633434514833689233e-04 9.999984532649399682e-01 2.357457773821701463e-02
9.999959270740067518e-01 -2.085415660312097286e-03 1.948557651578281631e-03 -8.884530424451524411e-01 2.083924988438777461e-03 9.999975346875462634e-01 7.667303778078192900e-04 3.989668059210470241e-02 -1.950151799311953876e-03 -7.626666069901961217e-04 9.999978076213998923e-01 2.966676119947183818e-02
9.999427819488644342e-01 -1.045722259054085619e-02 2.253735578450501240e-03 -9.342360684706554341e-01 1.045522299244829208e-02 9.999449401559894479e-01 8.972004307404683743e-04 6.963863999801551963e-02 -2.262993712733693281e-03 -8.735857866416290793e-04 9.999970578493366791e-01 2.824325272654651733e-02
9.997999464849899320e-01 -1.988943015693840632e-02 2.116028507241816958e-03 -1.005057806969666512e+00 1.988798873458069716e-02 9.998019692954713822e-01 7.000692754462259360e-04 6.359651398865917571e-02 -2.129533447584731724e-03 -6.578456730128455412e-04 9.999975161600983542e-01 2.674850243189904817e-02
9.995553765640861066e-01 -2.974467633002714911e-02 2.074466642270538039e-03 -1.074812619866874375e+00 2.974343479846629223e-02 9.995573696470479996e-01 6.267939565449363046e-04 6.470942184627409555e-02 -2.092192203731529140e-03 -5.648135059464002823e-04 9.999976518559862138e-01 3.125743068017259457e-02
9.991911383838651961e-01 -4.015653062355822173e-02 2.126504981153921111e-03 -1.130486595327728994e+00 4.015493502464393544e-02 9.991931547755292797e-01 7.878089183990931877e-04 7.985207375982657230e-02 -2.156424893722269035e-03 -7.017820206563340352e-04 9.999974286635306964e-01 3.889228592438397081e-02
9.986832690563485215e-01 -5.124721359899438167e-02 2.334781630886126075e-03 -1.163968530014502845e+00 5.124494016363576043e-02 9.986855905455956917e-01 1.023398368241472270e-03 9.278840834225321466e-02 -2.384159086610652522e-03 -9.024050829724108470e-04 9.999967507199790662e-01 3.316999576408090344e-02
9.980726667280844788e-01 -6.200053090903580311e-02 2.624137436908415607e-03 -1.224884974117743885e+00 6.199761563276399989e-02 9.980756021433809799e-01 1.178160421852526146e-03 9.543985210875943759e-02 -2.692134124100224995e-03 -1.013199449890841378e-03 9.999958629118085307e-01 3.202835750117099395e-02
9.973383869728326134e-01 -7.286472774054826573e-02 2.621702066263333422e-03 -1.291021903097462120e+00 7.286218198151510339e-02 9.973414619422003025e-01 1.053910758631351665e-03 9.769008712085626434e-02 -2.691525092034468755e-03 -8.600827229733133466e-04 9.999960079672260971e-01 3.387253543198726069e-02
9.964025157742729677e-01 -8.469729684135104963e-02 2.897320566954630916e-03 -1.346203591821662160e+00 8.469468646331632100e-02 9.964064357991891940e-01 1.012315581616041963e-03 1.061415377249287917e-01 -2.972649252800208669e-03 -7.632861352777802529e-04 9.999952903642573832e-01 4.030322691651065659e-02
9.952434598258104170e-01 -9.737454558798602777e-02 2.941690922526044114e-03 -1.401447293158466278e+00 9.737186143782811110e-02 9.952475237426671173e-01 1.042633311198966828e-03 1.213420048397441525e-01 -3.029236551153224443e-03 -7.512360630661780005e-04 9.999951296732872974e-01 3.932697780361532613e-02
9.938768713516262787e-01 -1.104602402788518040e-01 2.701834532547745232e-03 -1.453735509130466896e+00 1.104574311439421447e-01 9.938801694608468962e-01 1.168185584340658079e-03 1.299595835806495736e-01 -2.814337823400280773e-03 -8.625949318813469924e-04 9.999956677069152811e-01 3.286511157299373126e-02
9.922881231137834490e-01 -1.239143654783429332e-01 3.083951268193138844e-03 -1.510023241686264006e+00 1.239091918349176508e-01 9.922918990547743290e-01 1.816383518727099442e-03 1.385989907634578300e-01 -3.285255871696137527e-03 -1.420245883352442076e-03 9.999935949772319477e-01 3.390782719235396758e-02
9.904649068115091159e-01 -1.377274793467069547e-01 3.226423355810534212e-03 -1.564845157548393040e+00 1.377218061787312819e-01 9.904690894801547740e-01 1.920126876310796361e-03 1.533089474868623570e-01 -3.460126838207317358e-03 -1.457469435551977163e-03 9.999929516277141772e-01 3.224144898078298155e-02
9.884942287725396737e-01 -1.512208647606404777e-01 3.377831319963897801e-03 -1.624290227261721009e+00 1.512157699732380733e-01 9.884992874971608723e-01 1.717419286639494235e-03 1.680934509353824435e-01 -3.598693482752133438e-03 -1.186877689337732539e-03 9.999928203375101354e-01 3.237183550614328165e-02
9.862614702764331831e-01 -1.651537592004918564e-01 3.542325523481199175e-03 -1.683942668453911162e+00 1.651485729365069766e-01 9.862672146212647650e-01 1.711788610572152411e-03 1.720229590348919813e-01 -3.776387851318193864e-03 -1.103261146785858987e-03 9.999922608248718037e-01 3.695627351402842875e-02
9.836939779258314642e-01 -1.798179569592203431e-01 3.414695808673246565e-03 -1.747415925821539151e+00 1.798135374569662936e-01 9.836994716301036279e-01 1.562453796774252151e-03 1.669969626366240301e-01 -3.639991712348524758e-03 -9.229678579771701192e-04 9.999929492704772160e-01 3.225106143269535625e-02
9.807934542970628833e-01 -1.950253435236671273e-01 3.052112630776460198e-03 -1.815784739452138252e+00 1.950213323970267365e-01 9.807977542084094225e-01 1.563729461556837268e-03 1.748213280393630942e-01 -3.298472089274873727e-03 -9.384685483065967684e-04 9.999941196620408812e-01 3.327985162831462174e-02
9.778598668052816967e-01 -2.092367294599911665e-01 3.173631428368294937e-03 -1.878334900098541205e+00 2.092304387795809739e-01 9.778638813460606150e-01 2.202963213817026641e-03 1.825062934281856120e-01 -3.564320364485809318e-03 -1.490169018557886520e-03 9.999925374804731204e-01 2.759000674298574263e-02
9.747257380983812558e-01 -2.233796771366039213e-01 3.354896557632897763e-03 -1.926683830901190442e+00 2.233721146350514941e-01 9.747300746904004054e-01 2.485939965481679358e-03 1.945784323230040636e-01 -3.825427039070359095e-03 -1.673719329262079135e-03 9.999912823477891122e-01 1.913444340135951605e-02
9.713117432225523151e-01 -2.377642731096226980e-01 4.652731522390443630e-03 -1.988889393023284269e+00 2.377327214581002324e-01 9.713091618631874979e-01 6.454860862761192981e-03 1.795369043480913307e-01 -6.053976056445661488e-03 -5.163575629835832036e-03 9.999683429292264281e-01 -8.500842327852729113e-03
9.678079752102070055e-01 -2.516411040467491089e-01 4.947511864824696154e-03 -2.065502685468757704e+00 2.515898921448659342e-01 9.677907568163991447e-01 9.142056184251816028e-03 1.553303037523030838e-01 -7.088673363479344042e-03 -7.603010908482010430e-03 9.999459710079696695e-01 -2.765763982977342827e-02
9.640507653651307907e-01 -2.656837711950933989e-01 4.272648178670425227e-03 -2.126608889498427857e+00 2.656407939594011558e-01 9.640335049992426741e-01 8.623794031291306950e-03 1.544893060727717815e-01 -6.410178119555492125e-03 -7.178785581726430942e-03 9.999536862545420624e-01 -1.979568223248351355e-02
9.599606148116401894e-01 -2.801062501373051683e-01 4.013308420133115083e-03 -2.177923837731165158e+00 2.800757070365382795e-01 9.599536781335009650e-01 6.821595557193719725e-03 1.680544486868615350e-01 -5.763361730869766449e-03 -5.424432871755561700e-03 9.999686791042902145e-01 8.882459833081786382e-03
9.556584323157547578e-01 -2.944513380362596688e-01 3.920493903880654940e-03 -2.233117432895282750e+00 2.944246982234890453e-01 9.556545541284766632e-01 6.202438996865667492e-03 1.770480996912431881e-01 -5.572954315391849545e-03 -4.773122893741656506e-03 9.999730793766599124e-01 2.522070800994465067e-02
9.511726425638946658e-01 -3.086374119799567550e-01 3.681299272248117135e-03 -2.304720206739002464e+00 3.086063464815788082e-01 9.511626678763518417e-01 7.190420685367965824e-03 1.758202078356378428e-01 -5.720747268421907950e-03 -5.703259125733752856e-03 9.999673724107379646e-01 1.790592983984790054e-02
9.465569064482066697e-01 -3.225194675680378986e-01 3.349014008688298329e-03 -2.367432142257104744e+00 3.224841304226198635e-01 9.465388930077434093e-01 8.252857035129951627e-03 1.783342613646225483e-01 -5.831679069336495082e-03 -6.731794954166906222e-03 9.999603364413647277e-01 -5.428691829162652846e-03
9.416063683975487431e-01 -3.366986556548314247e-01 3.385597939658686537e-03 -2.429640735600381518e+00 3.366617463373532959e-01 9.415879152431121391e-01 8.430090225695300449e-03 1.710004388489707039e-01 -6.026238151895140296e-03 -6.798025327918984576e-03 9.999587348012805021e-01 -2.159712739611742774e-02
9.364318905518176361e-01 -3.508299478558867812e-01 3.696220364708982693e-03 -2.485571617843206571e+00 3.507931663521382526e-01 9.364184364775667291e-01 8.041533780959017955e-03 1.686155769536194782e-01 -6.282419771852531566e-03 -6.233739836168239110e-03 9.999608350777869914e-01 -7.898236487656608990e-03
9.311295897483807815e-01 -3.646698222203378359e-01 3.688882866038757299e-03 -2.538261761940036720e+00 3.646336717122464766e-01 9.311173848578987444e-01 7.918400661335157562e-03 1.552863190098908164e-01 -6.322384728711615692e-03 -6.027966255292205831e-03 9.999618448091742717e-01 1.098058204642328624e-02
9.256277423664678317e-01 -3.784181694326210765e-01 3.601611419909432968e-03 -2.595128372911170711e+00 3.783813849683559383e-01 9.256145910457622694e-01 8.071948501764130909e-03 1.494092977719387316e-01 -6.388276057337187105e-03 -6.108836751003147124e-03 9.999609352582553568e-01 1.290697308845883962e-02
9.196382038426076377e-01 -3.927499109137833622e-01 3.616837065416788656e-03 -2.661166366508789238e+00 3.927115684894338377e-01 9.196245433570087169e-01 8.265786712822499605e-03 1.475268785357804757e-01 -6.572519129773988188e-03 -6.181159488995626415e-03 9.999592968014550110e-01 1.757239387856076099e-03
9.134325073556870400e-01 -4.069750850164302602e-01 3.512076561259147058e-03 -2.729211939975094925e+00 4.069348482600271821e-01 9.134165509455762777e-01 8.615899852960885730e-03 1.377206877092584936e-01 -6.714445434393934327e-03 -6.440856663281969291e-03 9.999567148571739672e-01 -4.679773179361103146e-03
9.071129130680689601e-01 -4.208751935381755405e-01 3.199126344061940450e-03 -2.797170011632405640e+00 4.208359069214149817e-01 9.070946741531931146e-01 8.740227030385929602e-03 1.153738352107589182e-01 -6.580455211623032277e-03 -6.582065566050161395e-03 9.999566860729979245e-01 -1.032517710640053210e-02
9.006604571345315779e-01 -4.345110421424397407e-01 3.300789376426574526e-03 -2.857993520510352159e+00 4.344738304581814425e-01 9.006463020718051826e-01 8.290308280031966071e-03 1.000131073780328589e-01 -6.575074236235281533e-03 -6.032646241368056633e-03 9.999601869965196732e-01 -4.982441905350019559e-03
8.940079751928309282e-01 -4.480352692915214874e-01 3.760021607433129513e-03 -2.912353613347789860e+00 4.480000440452506227e-01 8.940013500322290252e-01 7.585952544375327775e-03 9.298791119391112969e-02 -6.760238684247472062e-03 -5.097412228364755007e-03 9.999641571383977023e-01 -8.806371210319080198e-03
8.872303824016904983e-01 -4.613092551661844287e-01 4.002454418245138951e-03 -2.962196045222388552e+00 4.612757548030756438e-01 8.872280029874101137e-01 7.151835136871668129e-03 7.119177089282492654e-02 -6.850297380609386005e-03 -4.499090240519565929e-03 9.999664152424344588e-01 -2.788994414932905244e-03
8.802847702420457665e-01 -4.744246833406649544e-01 4.465771715895548027e-03 -3.025794509028354007e+00 4.743912056749960970e-01 8.802873269129302125e-01 6.870666249467639354e-03 4.116815308757715980e-02 -7.190775906132139753e-03 -3.929620032249414065e-03 9.999664248504895880e-01 -1.025130910604098687e-02
8.729848711251813054e-01 -4.877270155937941665e-01 4.446689388902374043e-03 -3.086775870314867110e+00 4.876939947822354071e-01 8.729879772590469766e-01 6.823416629709630477e-03 2.255500902740152289e-02 -7.209871004078494128e-03 -3.788115775490905751e-03 9.999668334194770081e-01 -1.482572783466415585e-02
8.654258930855476262e-01 -5.010184075455610397e-01 4.310322214445741658e-03 -3.147312854185476905e+00 5.009863547558992547e-01 8.654287349147771202e-01 6.765880002254146680e-03 5.524468397536860462e-03 -7.120107125496567650e-03 -3.695955129421895843e-03 9.999678214773727314e-01 -1.327147662284460482e-02
8.577518397586350041e-01 -5.140477581687298292e-01 4.084570036107376678e-03 -3.205345647249884244e+00 5.140169786100737825e-01 8.577537810630013748e-01 6.707963379115717932e-03 5.436887273701243584e-03 -6.951768929400114691e-03 -3.654229580588904368e-03 9.999691592818873431e-01 -1.026941107387479429e-02
8.502357802149224097e-01 -5.263877838900632433e-01 3.875437217956545846e-03 -3.266585987525064905e+00 5.263570971150202116e-01 8.502363449823486796e-01 6.809110639848903190e-03 -1.272502632182650681e-02 -6.879270235376249570e-03 -3.749485613346545312e-03 9.999693080283333924e-01 -1.529490405290214253e-02
8.424563830466974546e-01 -5.387518451195371094e-01 3.700276228952695083e-03 -3.330996745981535945e+00 5.387195043523614890e-01 8.424548878726602075e-01 7.145455185600696479e-03 -3.930280223593404093e-02 -6.966942961021551674e-03 -4.026323354855209508e-03 9.999676246889296349e-01 -1.398963423468157011e-02
8.342699276726169844e-01 -5.513450072453819351e-01 3.517210075624631338e-03 -3.393799467357125454e+00 5.513118697497855214e-01 8.342667533701053628e-01 7.362505979584110100e-03 -5.002986991021105001e-02 -6.993572343369953981e-03 -4.203237667981446490e-03 9.999667108154073336e-01 -1.625958540257889384e-02
8.261504705859177289e-01 -5.634422596330830313e-01 2.867056021807138332e-03 -3.458817148079928572e+00 5.634108822560928154e-01 8.261426893675714034e-01 7.512293919128088492e-03 -6.788107221343273046e-02 -6.601341233244638167e-03 -4.590954593743395117e-03 9.999676721923766998e-01 -2.040658176675857333e-02
8.177991171756529010e-01 -5.755001829528367807e-01 2.035526461212991585e-03 -3.514026143417202874e+00 5.754723235005549942e-01 8.177862798453600091e-01 7.563423930941169313e-03 -8.637225543268366168e-02 -6.017377468248668974e-03 -5.013972271367793040e-03 9.999693251547602246e-01 -2.266485931798386394e-02
8.094883610996017609e-01 -5.871351853020823075e-01 9.313563067672144327e-04 -3.553866836030419751e+00 5.871130851808443740e-01 8.094698458844988842e-01 7.536167006919662625e-03 -1.090230775280485453e-01 -5.178653658177628794e-03 -5.553628004735553653e-03 9.999711689655225166e-01 -1.294414605673444366e-02
8.011163533216012489e-01 -5.985072038042752451e-01 -1.309746191867790840e-03 -3.595393493374432925e+00 5.984998162612483741e-01 8.010907477410714739e-01 7.182187612633409747e-03 -1.317838198919926707e-01 -3.249365469040535730e-03 -6.537650804286196556e-03 9.999733500178941137e-01 4.894235415568753272e-03
7.926883326637095273e-01 -6.096239976815515105e-01 -1.946460786088529456e-03 -3.647977007134445060e+00 6.096214202287649764e-01 7.926631115639689584e-01 6.849493703225090907e-03 -1.476401778757215622e-01 -2.632728070216510969e-03 -6.616117932034962582e-03 9.999746475418352931e-01 8.049137646881664165e-03
7.841935013006910982e-01 -6.205143116095606093e-01 -1.594241348147175732e-03 -3.705440396492504007e+00 6.205086142988323061e-01 7.841682880383894494e-01 7.011106609122934839e-03 -1.736166206940458201e-01 -3.100338482484573353e-03 -6.487304729597236953e-03 9.999741510552356827e-01 2.384745368420196007e-03
7.754940053819285861e-01 -6.313533670177665647e-01 -1.404838788942430099e-03 -3.763087083657788767e+00 6.313449942022552053e-01 7.754673981529671689e-01 7.335713845423758560e-03 -2.002660016137347565e-01 -3.542020955301585124e-03 -6.575740049383302192e-03 9.999721064761531997e-01 -6.423895499585512495e-03
7.663931889271449194e-01 -6.423692040429876959e-01 -1.812639859477075885e-03 -3.816985197061433688e+00 6.423625214028553243e-01 7.663639786632112649e-01 7.526174623236741787e-03 -2.157890480188471571e-01 -3.445440907624741991e-03 -6.932380880453972022e-03 9.999700350671916205e-01 -1.308917919663825195e-02
7.577788263101328248e-01 -6.525077936758106878e-01 -2.197632445035591423e-03 -3.865220261836892046e+00 6.525034161568600277e-01 7.577483880750895961e-01 7.528098912154648249e-03 -2.423846432072363777e-01 -3.246890768936061197e-03 -7.138596635842012379e-03 9.999692485963782573e-01 -1.014937488139645329e-02
7.492974946641169920e-01 -6.622294285901904054e-01 -2.334180624444518164e-03 -3.909389658356308583e+00 6.622254076558313773e-01 7.492661659068562408e-01 7.597505005417976021e-03 -2.768218697532231487e-01 -3.282368831437441816e-03 -7.238545181822892555e-03 9.999684142604230441e-01 -2.287694134926025052e-03
7.407572269756530492e-01 -6.717693925136254407e-01 -2.148014249353631232e-03 -3.956267810019425735e+00 6.717638056221493237e-01 7.407269218452043891e-01 7.550940986098614999e-03 -2.879570906616585324e-01 -3.481399056134350679e-03 -7.036372332595611581e-03 9.999691841876974241e-01 -7.856880738547691867e-04
7.325202822870768848e-01 -6.807416816009934646e-01 -2.190654950668309044e-03 -4.001512724465715820e+00 6.807358501664677597e-01 7.324895498290353579e-01 7.600111143495645594e-03 -3.152076690330543052e-01 -3.569080581531897806e-03 -7.058492920511161631e-03 9.999687191815019860e-01 -5.713833982799907188e-03
7.244706337978656929e-01 -6.893014596682086603e-01 -2.407999957582953546e-03 -4.047389505019053146e+00 6.892968159029176922e-01 7.244392101229920611e-01 7.598053860993753302e-03 -3.389102579205438004e-01 -3.492900029773068297e-03 -7.164393599760755620e-03 9.999682350523588781e-01 -9.547551668326700880e-03
7.163154774001363467e-01 -6.977719175911214489e-01 -2.547127445566708254e-03 -4.079166751292816251e+00 6.977674686239649926e-01 7.162827246761014344e-01 7.721273255393505675e-03 -3.754191933070663012e-01 -3.563224258853166584e-03 -7.308170208029811377e-03 9.999669464942786412e-01 -1.505199678203036559e-02
7.080536176411633686e-01 -7.061546664597563305e-01 -2.379407987624366887e-03 -4.118656361762114138e+00 7.061493252296636713e-01 7.080228837642852380e-01 7.531702582824584963e-03 -3.973939185605280255e-01 -3.633871620199000986e-03 -7.013066605673259901e-03 9.999688054503661494e-01 -1.328834347484319708e-02
7.003194952165259224e-01 -7.138255153935143538e-01 -2.395452536389282121e-03 -4.155081389336217512e+00 7.138197809332310628e-01 7.002884401868508801e-01 7.577657230400469332e-03 -4.265122407853235709e-01 -3.731617357716318813e-03 -7.016702491279265194e-03 9.999684199603727786e-01 -1.554530770634164442e-02
6.927706574379819404e-01 -7.211542224800258083e-01 -2.324562792433560246e-03 -4.197081702489372290e+00 7.211480722906451479e-01 6.927406643364329986e-01 7.471934569040046374e-03 -4.464442292718463490e-01 -3.778097991435521580e-03 -6.852691000409478171e-03 9.999693828321045697e-01 -9.353563337837652453e-03
6.848168993615304512e-01 -7.287110427156123782e-01 -2.455722538126995248e-03 -4.235935002478055544e+00 7.287056421247281035e-01 6.847868047767267097e-01 7.424226509804997612e-03 -4.686427328997108122e-01 -3.728469451014712003e-03 -6.873734647628335775e-03 9.999694246763481953e-01 -6.338269217845624894e-03
6.771024855124165853e-01 -7.358847190619872691e-01 -2.429889702778305349e-03 -4.267230660909090645e+00 7.358780383880778597e-01 6.770711560794242523e-01 7.626416156135903263e-03 -4.899404145477079253e-01 -3.966954880302274618e-03 -6.951967802851559408e-03 9.999679661932404651e-01 -1.093101402267045164e-02
6.695205868597084997e-01 -7.427903006151452825e-01 -2.180156667235750526e-03 -4.305618701179529495e+00 7.427825295678833761e-01 6.694918628071622191e-01 7.399959711543571683e-03 -5.044448635226501665e-01 -4.037021150318294282e-03 -6.573807652954509126e-03 9.999702433138567548e-01 -1.199409014187927461e-02
6.627073459059099614e-01 -7.488745883467651243e-01 -2.413423047813811981e-03 -4.345471350042379832e+00 7.488680189276122334e-01 6.626776178146752683e-01 7.420584539022974727e-03 -5.325171480010738589e-01 -3.957765755848908010e-03 -6.725011221576916026e-03 9.999695546936874235e-01 -9.120052700960766881e-03
