1.000000000000000000e+00 0.000000000000000000e+00 0.000000000000000000e+00 0.000000000000000000e+00 0.000000000000000000e+00 1.000000000000000000e+00 0.000000000000000000e+00 0.000000000000000000e+00 0.000000000000000000e+00 0.000000000000000000e+00 1.000000000000000000e+00 0.000000000000000000e+00
9.999999825870297121e-01 1.386399022024804742e-04 -1.249196450277940637e-04 -2.311132713022205978e-02 -1.386553198431247837e-04 9.999999827710709388e-01 -1.234202583345767740e-04 -8.832903880041499331e-03 1.249025319030170516e-04 1.234375769587994797e-04 9.999999845812609367e-01 1.191670871967381038e-04
9.999999489926617580e-01 1.647322038116504257e-04 -2.736384016421694858e-04 -5.406738478632493877e-02 -1.647436221353883363e-04 9.999999855600838483e-01 -4.170576664303085905e-05 -1.424907882095379809e-02 2.736315274080032122e-04 4.175084469717257868e-05 9.999999616913263223e-01 4.055743632628359963e-03
9.999999122093374826e-01 1.366426561062717402e-04 -3.961187975827437104e-04 -5.586896637878945027e-02 -1.366130275109116003e-04 9.999999878691742117e-01 7.482333911181981349e-05 -6.808725979765424020e-03 3.961290168372905152e-04 -7.476921755483755016e-05 9.999999187456797278e-01 1.883947941579075958e-03
9.999999697103929552e-01 7.468942845086185499e-05 -2.345222854833119326e-04 -3.082787683870652148e-02 -7.466613804413849099e-05 9.999999922805328234e-01 9.931717883757824850e-05 -1.641901499525592249e-04 2.345297016162475802e-04 -9.929966495595760534e-05 9.999999675676972677e-01 -3.125758758430333475e-04
9.999999973334184888e-01 2.689915379240554580e-05 -6.789402444138633089e-05 -1.176758797792531487e-02 -2.689978163944392269e-05 9.999999995954513832e-01 -9.246560284161177711e-06 -3.003571708963089643e-03 6.789377568927277824e-05 9.248386593936566244e-06 9.999999976524512890e-01 -6.691313331958919936e-04
9.999999901397029767e-01 1.203344255727639087e-04 -7.238936314616536125e-05 -2.321322162653606178e-02 -1.203399054063882375e-04 9.999999898939206933e-01 -7.569983915037006253e-05 -1.027202814798541461e-02 7.238025311793260083e-05 7.570854973306060114e-05 9.999999945146572644e-01 3.127044559630039623e-03
9.999999673278792134e-01 1.875553715775862753e-04 -1.736871416127773915e-04 -3.362950542442438850e-02 -1.875755563221931930e-04 9.999999756559925235e-01 -1.162042381354503110e-04 -1.022918723426471596e-02 1.736653426554739667e-04 1.162368138010254316e-04 9.999999781646756736e-01 3.717940117330834158e-03
9.999999371056046416e-01 2.463426967070009906e-04 -2.551549774045998591e-04 -3.291047492481533748e-02 -2.463791165727345590e-04 9.999999594649278123e-01 -1.427146581949820811e-04 -7.161122408722625857e-03 2.551198103481150479e-04 1.427775140769520061e-04 9.999999572642309653e-01 1.018267389811863561e-03
9.999999445469589521e-01 2.619842060800046685e-04 -2.055975552841649392e-04 -3.846845093408637895e-02 -2.619517231917278159e-04 9.999999532080762199e-01 1.580036081001358502e-04 -5.127938099266913553e-03 2.056389401136856417e-04 -1.579497427044646084e-04 9.999999663822519702e-01 3.011482163680285692e-03
9.999999430355994701e-01 2.478991416488128974e-04 -2.290738163296507075e-04 -5.273738203761621501e-02 -2.478348235183042755e-04 9.999999298757364929e-01 2.807604359003027937e-04 -3.156221136014168097e-03 2.291434005370867179e-04 -2.807036474381101624e-04 9.999999343493799486e-01 8.507120737613451181e-03
9.999998651838141184e-01 1.236276033056782158e-04 -5.043298220288496957e-04 -5.299189514144299340e-02 -1.236393636284758408e-04 9.999999920854976132e-01 -2.328760296958527488e-05 -4.679189815323342959e-03 5.043269390467881733e-04 2.334995484829396846e-05 9.999998725545509171e-01 5.664390807380677989e-03
9.999997938059115299e-01 8.748927208406604079e-05 -6.361868920872644755e-04 -2.664415020443414855e-02 -8.746903216488325034e-05 9.999999956676220991e-01 3.184217718962119531e-05 -3.230170684087118639e-03 6.361896751799665187e-04 -3.178652397222564430e-05 9.999997971261365137e-01 3.529808242622190732e-03
9.999998644614115362e-01 1.325287952574234740e-04 -5.035010198695975608e-04 6.515787271014921757e-03 -1.324522564537160903e-04 9.999999796695854259e-01 1.520435087772834676e-04 -4.350938422230509611e-03 5.035211597762581344e-04 -1.519767983233124415e-04 9.999998616847376454e-01 2.857852160932019582e-03
9.999998693656870774e-01 8.943100025600502021e-05 -5.032600769130639740e-04 3.937770139469160685e-02 -8.940482046678095446e-05 9.999999946491701097e-01 5.204265395330750848e-05 2.669837139955919675e-04 5.032647284468039738e-04 -5.199765327792666510e-05 9.999998720104203986e-01 7.853148367543409669e-03
9.999993266140699832e-01 3.793920451180973980e-05 -1.159884487073663002e-03 7.538327811712328130e-02 -3.840528742339288897e-05 9.999999185344662367e-01 -4.018159962776445579e-04 5.606069379211520674e-03 1.159869148003795421e-03 4.018602713975102914e-04 9.999992466056570883e-01 1.089733782419895561e-02
9.999981814779544953e-01 -3.043866667047503286e-07 -1.907102695512012279e-03 1.175623696936116402e-01 -8.713733475800070993e-07 9.999998099539214591e-01 -6.165154999741425876e-04 4.818169794793097406e-03 1.907102520733721697e-03 6.165160406255744147e-04 9.999979914319563346e-01 1.121370210872799263e-02
9.999980819301956814e-01 -8.585145655441580608e-06 -1.958586792811961488e-03 1.820313935326427490e-01 7.646052469319163499e-06 9.999998850193289046e-01 -4.794818734127622795e-04 2.832632179241964879e-03 1.958590684034060368e-03 4.794659782756755190e-04 9.999979670153875677e-01 8.267546002939595365e-03
9.999989593894458295e-01 -2.946548049033908883e-04 -1.412231769685685099e-03 2.792570138144981895e-01 2.939576240907886689e-04 9.999998348479499644e-01 -4.938552298100571270e-04 -2.441690796345149378e-03 1.412377053269103571e-03 4.934395796034105443e-04 9.999988808535941187e-01 7.332934391115247114e-03
9.999989290845967549e-01 -9.069585396443409584e-04 -1.148588641282481627e-03 4.324759190802413000e-01 9.060537719673450625e-04 9.999992790635767737e-01 -7.879967570288222336e-04 -8.448725971996020809e-03 1.149302493611094106e-03 7.869552300800845314e-04 9.999990299021515039e-01 1.219458221513808165e-02
9.999980309022723501e-01 -1.378743745465043627e-03 -1.427325212522083603e-03 5.854319198517936584e-01 1.377280565089142620e-03 9.999985256240551124e-01 -1.025596392803230193e-03 -7.502572652846766985e-03 1.428737142720073842e-03 1.023628546028435308e-03 9.999984554461955888e-01 1.894084345075746842e-02
9.999961845835610985e-01 -1.993813465354419157e-03 -1.911943039343543763e-03 7.132789255952183272e-01 1.992002042622262586e-03 9.999975657916214677e-01 -9.488617886215296865e-04 -2.767941433285795588e-03 1.913830238686691984e-03 9.450495738789132464e-04 9.999977220649657328e-01 1.293497100251251447e-02
9.999937253581721031e-01 -2.797583068274099669e-03 -2.173194252874197530e-03 8.261575495353353782e-01 2.796174877085910639e-03 9.999958789564374895e-01 -6.507504888100079481e-04 2.985199023654630784e-03 2.175005825595176679e-03 6.446697744108572216e-04 9.999974268719598047e-01 8.020971308868991151e-03
9.999880499719785432e-01 -4.394443881841758950e-03 -2.142142901198261073e-03 9.777551089637531723e-01 4.392906843726571489e-03 9.999900907091378022e-01 -7.217014567971958205e-04 -2.262744116539776220e-03 2.145293150632523755e-03 7.122825982336498550e-04 9.999974451821355137e-01 9.742376399987123792e-03
9.999775523343824579e-01 -6.430906990217873098e-03 -1.881027012150606869e-03 1.181855477721545533e+00 6.429347298558896542e-03 9.999789837100547807e-01 -8.340452748531150410e-04 -1.931908840683232856e-03 1.886351147529736127e-03 8.219327765445886592e-04 9.999978830506888183e-01 1.048190102798725321e-02
9.999661646062056874e-01 -8.024157542518327649e-03 -1.811777714706341511e-03 1.428098075233914743e+00 8.023010017242449346e-03 9.999676104892715189e-01 -6.397520142838871663e-04 8.502566623489865236e-03 1.816852503063370351e-03 6.251944572684474226e-04 9.999981540877326269e-01 1.150308126826042956e-02
9.999534179976306003e-01 -9.433518603697697846e-03 -2.042195291721945766e-03 1.648565601562060445e+00 9.432617636190920168e-03 9.999554104564470913e-01 -4.503591987246379847e-04 1.972513310721269245e-02 2.046352703045557948e-03 4.310749727661334729e-04 9.999978133051005136e-01 7.085164262374078759e-03
9.999299252392623849e-01 -1.164276361328293180e-02 -2.142584058622425385e-03 1.863731704918677456e+00 1.164112806980757003e-02 9.999319400243356082e-01 -7.742457173178648403e-04 1.719217663618049369e-02 2.151452594268866200e-03 7.492493668077198406e-04 9.999974049351932903e-01 3.079348055085157337e-03
9.998931512346121986e-01 -1.448491649351115254e-02 -1.968072227563543927e-03 2.123246209115935201e+00 1.448284070090162523e-02 9.998945510713243001e-01 -1.064923991191711996e-03 6.916534013070949061e-03 1.983290031539939029e-03 1.036306928818349999e-03 9.999974963111658566e-01 1.059479911451387604e-02
9.998536503010371224e-01 -1.700521093080041915e-02 -1.871037383468599196e-03 2.387799375141652192e+00 1.700318497904511686e-02 9.998548375220860374e-01 -1.093427753131219395e-03 7.845654647618128044e-03 1.889359748625332475e-03 1.061454135574885606e-03 9.999976518146721505e-01 2.053319011685274947e-02
9.998143805707018217e-01 -1.916660945281024875e-02 -1.960991103277809518e-03 2.669599373213360050e+00 1.916493743777481634e-02 9.998159590195556667e-01 -8.679071449302136736e-04 2.957075949765020431e-02 1.977265037840701244e-03 8.301637726909356224e-04 9.999977006228967236e-01 2.542034679660290508e-02
9.997683314294192325e-01 -2.143147748441632389e-02 -1.993801311581837928e-03 2.966188403566979215e+00 2.143057373607345356e-02 9.997702267335301096e-01 -4.735467544729378832e-04 5.236758282042667384e-02 2.003491995948089230e-03 4.307087425502914070e-04 9.999979002526961924e-01 1.699360382504572220e-02
9.997008017211460595e-01 -2.437883652457620981e-02 -1.994835282915254950e-03 3.274012596444708656e+00 2.437771217768329446e-02 9.997026476558976693e-01 -5.860194281810289507e-04 6.350576791503799445e-02 2.008528585807632313e-03 5.372145718079468545e-04 9.999978386043760770e-01 8.051043019323265992e-03
9.996280635167533735e-01 -2.720541987659310865e-02 -1.897303108090433446e-03 3.579822282267532074e+00 2.720325374507473817e-02 9.996292519296527956e-01 -1.158305764417662514e-03 5.695994151412540202e-02 1.928111881290706358e-03 1.106262130364417395e-03 9.999975292812838257e-01 1.149421392309007799e-02
9.995450226563626916e-01 -3.012262551879072922e-02 -1.541140728900337962e-03 3.894618006086856266e+00 3.011969259021529330e-02 9.995445081735798709e-01 -1.892167621360602448e-03 6.094983751437603459e-02 1.597435808571987057e-03 1.844888042969780552e-03 9.999970222890398608e-01 2.594951612429730742e-02
9.994465430949535101e-01 -3.326420681618615788e-02 -3.162916966404322010e-04 4.226126646275248255e+00 3.326349413734464716e-02 9.994445335871952052e-01 -2.040647066214261538e-03 8.572538232081315657e-02 3.839965132756940837e-04 2.028996689007812968e-03 9.999978678572838398e-01 1.732051151630369101e-02
9.993373075839850905e-01 -3.639484976268955035e-02 6.004844235341476192e-04 4.575305841298725085e+00 3.639512801142873871e-02 9.993373723864893421e-01 -4.591390844481311692e-04 1.175670024745043979e-01 -5.833762279749620753e-04 4.806895239223655256e-04 9.999997143048382497e-01 1.252744008476303593e-02
9.992347636428003943e-01 -3.911228780480108941e-02 3.406910497641857274e-04 4.922096986040442879e+00 3.911217024468540554e-02 9.992347667133771871e-01 3.451521599187062526e-04 1.372678200033979334e-01 -3.539300322476408313e-04 -3.315628705979530304e-04 9.999998823997906516e-01 5.733275150158961136e-03
9.991200394860261236e-01 -4.194179969087422077e-02 1.792655355969210475e-04 5.286307118687725293e+00 4.194181229070759187e-02 9.991200527852941438e-01 -6.711245829772793730e-05 1.516760551667262757e-01 -1.762929741054943314e-04 7.457212342862940848e-05 9.999999816798926799e-01 3.354906669132616450e-03
9.989901635885467535e-01 -4.492892676982499639e-02 2.111696951550744378e-04 5.653484475657563735e+00 4.492904152181890348e-02 9.989900156472154569e-01 -5.743388430166858393e-04 1.610392360688817637e-01 -1.851519892482229054e-04 5.832465067422678770e-04 9.999998127711090534e-01 1.779297191440208994e-02
9.988229389079340548e-01 -4.850459008541187916e-02 2.035975531253850083e-04 6.051644384311631875e+00 4.850475369375995688e-02 9.988225505919022806e-01 -8.951526096560067465e-04 1.766662219365152386e-01 -1.599388169117160741e-04 9.039744095147183483e-04 9.999995786248321306e-01 2.490484964960721845e-02
9.986467042187122667e-01 -5.200710656087041001e-02 -1.449836889278862057e-04 6.451590259751467826e+00 5.200699676990398063e-02 9.986464894837464579e-01 -6.792118702955055693e-04 2.114448243421233053e-01 1.801112960961034708e-04 6.707525294950728327e-04 9.999997588254535552e-01 2.452330528116597116e-02
9.984567739054897029e-01 -5.553367946967167207e-02 -2.847574434240595807e-04 6.871986294134438289e+00 5.553364840033706701e-02 9.984568095146599820e-01 -1.158842256978986744e-04 2.454490592052925024e-01 2.907534858922361000e-04 9.989177039436895444e-05 9.999999527420212475e-01 1.652058403337720860e-02
9.982533216269554588e-01 -5.907879760096650112e-02 -3.917619407880451290e-05 7.309139898234714217e+00 5.907881011252233416e-02 9.982531784008196185e-01 5.347974849995622629e-04 2.735160872481225414e-01 7.512567883018941709e-06 -5.361778487294678770e-04 9.999998562284275749e-01 1.397401339483787808e-02
9.980325896714280498e-01 -6.269570726819731488e-02 4.452458684275879624e-04 7.741286473540048618e+00 6.269511691909254725e-02 9.980319620666261438e-01 1.234912119074940348e-03 3.211652031517942540e-01 -5.217932963883161216e-04 -1.204567798438183112e-03 9.999991383737162343e-01 1.854219568099408147e-02
9.977846866060832154e-01 -6.652501278251375660e-02 3.766280481284224168e-04 8.186191589904629140e+00 6.652448323220370996e-02 9.977839754365485092e-01 1.277298996042817297e-03 3.580730329335147233e-01 -4.607657631613254999e-04 -1.249414392196349956e-03 9.999991133289009015e-01 2.237297472346621088e-02
9.974905152263972008e-01 -7.079766960305217127e-02 -6.016744581757046918e-04 8.630790225522746439e+00 7.079848268485763874e-02 9.974895720201818472e-01 1.458958709544259935e-03 3.962486581574188316e-01 4.968731210983489029e-04 -1.497895113586417137e-03 9.999987547128897925e-01 2.417991327364470144e-02
9.971822907871780162e-01 -7.500815835654503494e-02 -1.120321558831058545e-03 9.075052609288828620e+00 7.501057587532308779e-02 9.971800873540775934e-01 2.299324110767304342e-03 4.280019875167174748e-01 9.446942828863554454e-04 -2.376881249330588686e-03 9.999967289887694566e-01 1.131549442628640781e-02
9.968933566442812477e-01 -7.875717750985067322e-02 -9.708085186342993314e-04 9.533090229090436907e+00 7.875981669919182582e-02 9.968888848207976272e-01 3.072880449376438027e-03 4.645558358219346595e-01 7.257768304977874280e-04 -3.139794806723115398e-03 9.999948074548007382e-01 1.957623796768853328e-02
9.966214231004880686e-01 -8.213138129807606713e-02 -4.185967368154280897e-04 1.002306076895122011e+01 8.213232363801539759e-02 9.966158397124212920e-01 3.339078933729728183e-03 5.179544569266321119e-01 1.429369732716574963e-04 -3.362177921440524190e-03 9.999943376482920421e-01 2.882598966888991546e-02
9.963514625811179526e-01 -8.534469689753540478e-02 -2.138315572027401311e-04 1.052561718865636031e+01 8.534485764842361655e-02 9.963431148337129617e-01 4.080783800337110107e-03 5.775363926121360736e-01 -1.352236567910218947e-04 -4.084144331753420364e-03 9.999916507049646519e-01 3.516900885735487620e-02
9.960561719082907661e-01 -8.872345323564441444e-02 -5.012477869299009287e-04 1.102101694262538523e+01 8.872486912107203916e-02 9.960403838227742668e-01 5.608154208750857489e-03 6.227310589679395658e-01 1.688230405585663630e-06 -5.630509756932329871e-03 9.999841485528793150e-01 3.731501218336230608e-02
9.957660288582124153e-01 -9.191881072076744930e-02 -9.736568313999396061e-04 1.153133350490861098e+01 9.192321234401278074e-02 9.957449206278796705e-01 6.494311059312497629e-03 6.767619440069153613e-01 3.725644952783936886e-04 -6.556315997364554719e-03 9.999784377256539791e-01 2.945504241723201008e-02
9.954557008148711139e-01 -9.521563674394867283e-02 -1.389328837347127404e-03 1.205942904261928739e+01 9.522316735027933077e-02 9.954304348699294369e-01 7.127252938117572059e-03 7.223743610169467422e-01 7.043542819997409676e-04 -7.227160860781950760e-03 9.999736356679298499e-01 4.054533763623921483e-02
9.950743340766204925e-01 -9.911587532887068674e-02 -1.764346837213309500e-03 1.260118889076735904e+01 9.912711599731395540e-02 9.950407959552330928e-01 8.223701042190677962e-03 7.891545207223107372e-01 9.404977540021545405e-04 -8.358088451795035040e-03 9.999646282851242240e-01 5.063010183430062539e-02
9.947074764588823559e-01 -1.027162811531751596e-01 -2.530190282124774800e-03 1.314158909505588646e+01 1.027369937779032683e-01 9.946558664245849224e-01 1.023804164072551065e-02 8.543990749931398287e-01 1.465055043659206939e-03 -1.044380070759859218e-02 9.999443887739453141e-01 7.303937896219170334e-02
9.943582360240981188e-01 -1.060321876500979893e-01 -2.978864410898395508e-03 1.367512723783562834e+01 1.060613588310154592e-01 9.942813310510892899e-01 1.247489022769210192e-02 9.231959715423904145e-01 1.639089369951752867e-03 -1.272045224859540830e-02 9.999177483576479064e-01 7.093712028695146887e-02
9.939712137633612832e-01 -1.095948545860531004e-01 -3.192813500983907211e-03 1.424938595377768635e+01 1.096308014685957039e-01 9.938580519687577608e-01 1.507514199665356026e-02 9.920300597975226786e-01 1.521045411400066306e-03 -1.533428789112138355e-02 9.998812659689793048e-01 5.039373129966421422e-02
9.935318787286497866e-01 -1.135534546637288339e-01 -1.374185286268811651e-04 1.482886189791269693e+01 1.135391762386678410e-01 9.933862490461423667e-01 1.710601254180115979e-02 1.062215865224772848e+00 -1.805937142940496325e-03 -1.701097116475177792e-02 9.998536720195949634e-01 2.114999928478963898e-02
9.931073146664461948e-01 -1.170946859594101386e-01 5.166824563232100265e-03 1.540526575065886661e+01 1.169865487710528285e-01 9.929744432745229998e-01 1.777364369759687132e-02 1.119257558885986992e+00 -7.211723971297081572e-03 -1.704668659060061542e-02 9.998286860825926770e-01 -1.382353419679451141e-02
9.927304236200290566e-01 -1.200994577854054002e-01 7.901028974081765813e-03 1.599130721748372430e+01 1.199417533467180552e-01 9.926162861379604907e-01 1.807994186377836349e-02 1.188988762964345636e+00 -1.001408125155289763e-02 -1.700084507705960576e-02 9.998053257726491339e-01 4.721170484699672987e-02
9.924259344069701338e-01 -1.228414743875272663e-01 8.584210802040743386e-04 1.657520945027171777e+01 1.228027901800247956e-01 9.922469861492815291e-01 1.911526096260308602e-02 1.283230347525961657e+00 -3.199912569628010194e-03 -1.886506421844603293e-02 9.998169181963169061e-01 1.083216643795272688e-01
9.920654486403828187e-01 -1.252470879518623736e-01 -1.092302950351416169e-02 1.716493861588238801e+01 1.254329410091019892e-01 9.919310767832200115e-01 1.842053803472825171e-02 1.368328408586242606e+00 8.527773669799449188e-03 -1.964448704497488360e-02 9.997706593039108469e-01 8.871515801714549565e-02
9.916609157771433258e-01 -1.275098997887892938e-01 -1.870437317555272497e-02 1.775156064550643720e+01 1.278112180606305048e-01 9.916709467469815298e-01 1.590678835602316044e-02 1.453250483575668550e+00 1.652031046607122314e-02 -1.816476902683511127e-02 9.996985148074924998e-01 2.320702533603853993e-02
9.914088636431219737e-01 -1.295895511222381891e-01 -1.774861486962725846e-02 1.836794725882127111e+01 1.298552668370442920e-01 9.914234524242860891e-01 1.473593084230678633e-02 1.515168535235146274e+00 1.568677036657200111e-02 -1.691408357097838253e-02 9.997338840973734042e-01 2.949013243229549244e-03
9.912288827810394887e-01 -1.320056614575685072e-01 -6.309301371969842746e-03 1.900617858282897288e+01 1.320833551669224060e-01 9.911383067460450835e-01 1.410121230360851692e-02 1.595932217551937704e+00 4.391950421073240879e-03 -1.481088261153316182e-02 9.998806671437178162e-01 1.096696398810489623e-02
9.908989611743386217e-01 -1.344277017617374059e-01 6.960010249545746028e-03 1.964359541881885463e+01 1.343211885572057063e-01 9.908388891660696585e-01 1.400407157681600630e-02 1.678283548374527756e+00 -8.778783981622614863e-03 -1.294174312858874937e-02 9.998777146414443706e-01 8.036944304595454447e-02
9.905594344014377883e-01 -1.365516193946280377e-01 1.206905791718361314e-02 2.026758034445309065e+01 1.364139470270997190e-01 9.905842407599328991e-01 1.158002653515844728e-02 1.789996768425716756e+00 -1.353668994958963541e-02 -9.824316707638509893e-03 9.998601106287002827e-01 1.474494176093652520e-01
9.902840470023246411e-01 -1.389499720318462805e-01 5.514664545251690003e-03 2.090143486887356872e+01 1.388986286928544089e-01 9.902674824948467514e-01 8.802503085075954678e-03 1.890003421314223386e+00 -6.684100533511525867e-03 -7.950999035802899101e-03 9.999460507519346564e-01 1.419218369784429612e-01
9.898954806426181197e-01 -1.416775573348846573e-01 -5.865760900383402629e-03 2.153081729122424193e+01 1.417256956684010694e-01 9.898666810957723605e-01 8.819344859356434765e-03 1.968080431502974736e+00 4.556818037596276592e-03 -9.561558662736989803e-03 9.999439044292991463e-01 9.746557041370211560e-02
9.893732061751270290e-01 -1.447633532471657991e-01 -1.357315215364540348e-02 2.218316264725123332e+01 1.448858957123196622e-01 9.894116688324974263e-01 8.522135984092257463e-03 2.055375405640737174e+00 1.219574214177017620e-02 -1.039813130946229576e-02 9.998715631214254440e-01 5.412532086566283936e-03
9.888434413230130504e-01 -1.484235387547124252e-01 -1.261355207661162166e-02 2.284458347979615311e+01 1.485262683876362177e-01 9.888789867347850260e-01 7.635259866495768509e-03 2.155809516405965187e+00 1.134002430794900894e-02 -9.423520462833408218e-03 9.998912946469639129e-01 5.887854608560482046e-03
9.884496857922737689e-01 -1.514574979091190821e-01 -5.276834682295869321e-03 2.348443071819826855e+01 1.515010542418698536e-01 9.884145960488195382e-01 9.166072291385768747e-03 2.263200095786421340e+00 3.827430046010478568e-03 -9.859647293797414377e-03 9.999440675030203396e-01 1.142977384217769288e-01
9.880887733368841630e-01 -1.538803970268494969e-01 1.182969344713791660e-03 2.414677129861584604e+01 1.538567003572130776e-01 9.880255079310906741e-01 1.156336597626229055e-02 2.383061529149382185e+00 -2.948179235071757189e-03 -1.124362434312906923e-02 9.999324422933923984e-01 1.777138790338266827e-01
9.876452550315122370e-01 -1.566546138151085898e-01 4.022708562451508818e-03 2.483837386378199241e+01 1.565911157906098028e-01 9.875782260601901896e-01 1.297959426406538989e-02 2.502275578267578293e+00 -6.006052712976960896e-03 -1.218931426484369356e-02 9.999076697118398638e-01 1.340551344206405981e-01
9.870657635263520024e-01 -1.602481083534011419e-01 4.660712745559496967e-03 2.550303739824764904e+01 1.601932366887355852e-01 9.870307163959187724e-01 1.041594019502400589e-02 2.607777868185857884e+00 -6.269401353139932194e-03 -9.534603301458569047e-03 9.999348908536780378e-01 6.859250202419124587e-02
9.865913840229161291e-01 -1.631881695034740620e-01 2.657499925142945991e-03 2.615483384939823708e+01 1.631525502406427075e-01 9.865457881366233028e-01 1.042368744079454936e-02 2.689568996434134274e+00 -4.322767831062778419e-03 -9.850342328784398790e-03 9.999421405432838972e-01 1.192305521791447581e-01
9.861497544253522429e-01 -1.658572709779504994e-01 1.658630878865419373e-04 2.683379309176229910e+01 1.658448171327140952e-01 9.860870160745356383e-01 1.130899462529425664e-02 2.816903850456986991e+00 -2.039234423466563910e-03 -1.112485473905194810e-02 9.999360375194010775e-01 1.191321260655687914e-01
9.855965282296771379e-01 -1.691072724866651000e-01 1.487929342562050155e-03 2.752407986443610000e+01 1.690805350910189186e-01 9.855389618861738477e-01 1.116813581838369158e-02 2.963631639081814484e+00 -3.355025326636074719e-03 -1.075569599997845162e-02 9.999365273899206707e-01 8.611800058825634652e-02
9.850023644406691314e-01 -1.724202830673437770e-01 6.448878450393730893e-03 2.821907532784608463e+01 1.723815894508458346e-01 9.850110897178446789e-01 6.143350166144288978e-03 3.084395207427597096e+00 -7.411454964508667857e-03 -4.939546521784922949e-03 9.999603348210708287e-01 4.910590393570106460e-02
9.844283005292732147e-01 -1.754932155757505940e-01 1.015147299311968364e-02 2.888293581548269628e+01 1.754658535835755262e-01 9.844791783002758701e-01 3.532947692900578751e-03 3.186680613690008990e+00 -1.061392214189196305e-02 -1.696696819312572789e-03 9.999422312697214821e-01 1.430167144892431352e-01
9.838970561701245732e-01 -1.785972102692263697e-01 7.044099929198219950e-03 2.956410734049770639e+01 1.785767866006119919e-01 9.839199857866616217e-01 3.434072942611261867e-03 3.316764440287452764e+00 -7.544146549627940221e-03 -2.120861529058881700e-03 9.999692934281593226e-01 1.875073881402718468e-01
9.832286544263747485e-01 -1.823771131898003495e-01 4.122444735102771227e-05 3.025933453889201630e+01 1.823759862988585667e-01 9.832233251648080374e-01 3.300374732740431714e-03 3.450603411205336535e+00 -6.424456544043179044e-04 -3.237504658329912275e-03 9.999945528987487231e-01 1.164310032708027742e-01
9.824319492713508017e-01 -1.865149014699227226e-01 -6.297347104864112199e-03 3.094814002286355503e+01 1.865268636365779442e-01 9.824489144142174446e-01 1.363711196383370593e-03 3.576575890236115107e+00 5.932469367436388717e-03 -2.514377853607267701e-03 9.999792416401520612e-01 8.051239343706957652e-02
9.816476878108133519e-01 -1.904085775651549461e-01 -1.060144354785112937e-02 3.164221447520342778e+01 1.904063100551284249e-01 9.817045986354888676e-01 -1.232115710488438038e-03 3.708505416426486789e+00 1.064209128292977098e-02 -8.090782088877296720e-04 9.999430440207970339e-01 9.808527144561181299e-02
9.809431377678661246e-01 -1.940307294370978153e-01 -1.013096738919555366e-02 3.234681781388555777e+01 1.940180128279528349e-01 9.809954258764773671e-01 -2.232735479466038068e-03 3.839124567311414715e+00 1.037165196222547894e-02 2.245963861565418581e-04 9.999461877481397032e-01 1.386524703363233302e-01
9.802121423115821575e-01 -1.978346420386265236e-01 -6.753552723347022377e-03 3.304265788730326392e+01 1.978204740031539732e-01 9.802345160470524732e-01 -2.711754997843650837e-03 3.993021559357718964e+00 7.156544564663177253e-03 1.322104174922665923e-03 9.999735176045636553e-01 1.484140806855875072e-01
9.794868771654354767e-01 -2.014422847635686242e-01 -5.144256013891968134e-03 3.374147414305559778e+01 2.014319525531390598e-01 9.794994249775548223e-01 -2.458649887526854344e-03 4.145390378315023661e+00 5.534071858321609749e-03 1.371997767065340516e-03 9.999837457032959565e-01 1.641875452077990460e-01
9.786699019510065600e-01 -2.053161318294743631e-01 -7.106970225728702871e-03 3.444123872495313066e+01 2.053059508093399710e-01 9.786954994405228092e-01 -2.141480128006899644e-03 4.301067076635108677e+00 7.395240190850540206e-03 6.366988673396410756e-04 9.999724521390936927e-01 1.933392211275578032e-01
9.777337369975256376e-01 -2.096066423382641764e-01 -1.008935203729413067e-02 3.515512475349512300e+01 2.096059978994043449e-01 9.777852738006226341e-01 -1.133129840892081741e-03 4.452161719471984469e+00 1.010273138553919280e-02 -1.006889428096597412e-03 9.999484591678868828e-01 1.903610624096334913e-01
9.768362269346015925e-01 -2.136964960807543334e-01 -1.117109264930659339e-02 3.585522877016075682e+01 2.137013928453053435e-01 9.768987285013527311e-01 -7.674297470464682249e-04 4.609547517055605503e+00 1.107702325301038876e-02 -1.637624880218523787e-03 9.999373069050898621e-01 1.718940198789841445e-01
9.758568301956482838e-01 -2.182154750263945175e-01 -9.244101876682786489e-03 3.657023830723158397e+01 2.182321487079132705e-01 9.758965376605528430e-01 8.228319830106853262e-04 4.774038345337497269e+00 8.841732343196561164e-03 -2.820326426147744432e-03 9.999569338366633975e-01 1.735564932078355049e-01
9.749733062514583937e-01 -2.222539887461287278e-01 -5.496961300169213999e-03 3.727670131197994152e+01 2.222695022177694768e-01 9.749823460407347486e-01 2.386062189034063134e-03 4.943259215798595285e+00 4.829128385624967094e-03 -3.548153793263087667e-03 9.999820449006544543e-01 2.001061875635592735e-01
9.742421564999674821e-01 -2.254778823091991014e-01 -3.456166612290894301e-03 3.797189845539261199e+01 2.254865689593587297e-01 9.742433997914441424e-01 2.367526503473354159e-03 5.113904321476500314e+00 2.833322648289884112e-03 -3.085863277472072983e-03 9.999912248267999182e-01 2.191209445078511342e-01
9.733349170120897398e-01 -2.293471009876294209e-01 -4.364240327787048505e-03 3.868554485869659487e+01 2.293577894527239203e-01 9.733398657040414070e-01 2.123734587653408959e-03 5.286449047931045975e+00 3.760816723602939012e-03 -3.068077542851004383e-03 9.999882215095148297e-01 2.431560265283889966e-01
9.724212464337507189e-01 -2.331588207167936133e-01 -5.820979830323271507e-03 3.939104127936239763e+01 2.331767931053058129e-01 9.724308343092679108e-01 2.618328036503893286e-03 5.452963685422331785e+00 5.050013995657713292e-03 -3.903435222394999789e-03 9.999796300685870332e-01 2.601920070624120229e-01
9.715552333541063179e-01 -2.367278176107529275e-01 -6.353653397721301978e-03 4.010594121352469443e+01 2.367417359319339554e-01 9.715714200403784417e-01 1.525197907526680162e-03 5.634732038127006071e+00 5.811971281995183258e-03 -2.985988943844649756e-03 9.999786522020580604e-01 2.425125930491598691e-01
9.707165098042233042e-01 -2.401485098778703420e-01 -6.176633139958333935e-03 4.082389273584976053e+01 2.401532878363659695e-01 9.707349778706853005e-01 3.286006293879041714e-05 5.816600465261086761e+00 5.987982539283552910e-03 -1.515236561927940694e-03 9.999809238796861788e-01 2.520300081296267813e-01
9.699183852666464212e-01 -2.433605205455080522e-01 -5.829490677637477920e-03 4.155026381143304093e+01 2.433625271040373295e-01 9.699353282221498951e-01 -3.734543174679998113e-04 6.000532359100223090e+00 5.745112990881250450e-03 -1.056459374469863582e-03 9.999829386396110742e-01 2.641896839811937459e-01
9.691400507133280939e-01 -2.464577680137175208e-01 -5.111818567260909864e-03 4.227496928905103601e+01 2.464599152595940701e-01 9.691529620092300679e-01 -2.154042006736069765e-04 6.190742878523214365e+00 5.007222144233486674e-03 -1.051101532944860367e-03 9.999869113703268031e-01 2.764899823561883241e-01
9.682441421561063244e-01 -2.499706703258455787e-01 -4.236172474472884447e-03 4.301455040950677500e+01 2.499773574608210591e-01 9.682510326375617371e-01 1.121852575220621141e-03 6.387588186875420071e+00 3.821248132604508282e-03 -2.145174385237107097e-03 9.999903980986847296e-01 2.806287894675101313e-01
9.673024866526999110e-01 -2.536005977166627678e-01 -3.554736734940013108e-03 4.374602512052416614e+01 2.536057852383898359e-01 9.673070484273427194e-01 1.086165918312780683e-03 6.570160604161712214e+00 3.163069572907484597e-03 -1.952152794681578539e-03 9.999930920213114804e-01 2.818570877771159333e-01
9.663137842065741001e-01 -2.573443261808537330e-01 -3.401210798107260399e-03 4.446660419952203824e+01 2.573467002073928644e-01 9.663190993305503795e-01 2.723258349902485669e-04 6.761165148278966086e+00 3.216573446553146372e-03 -1.138442583749298609e-03 9.999941787849299102e-01 2.938826881517473955e-01
9.654047993834570240e-01 -2.607343407556667048e-01 -3.343183826086370755e-03 4.519535199599840070e+01 2.607331644141377414e-01 9.654105819852848436e-01 -7.906740313337240261e-04 6.963410297160113060e+00 3.433700915538258954e-03 -1.083583935962206742e-04 9.999940989608294695e-01 3.155528850049130751e-01
9.644848151963930638e-01 -2.641065010372788957e-01 -4.098458908555922472e-03 4.594687957544454093e+01 2.641037157077414377e-01 9.644935188378045421e-01 -1.216334342966468498e-03 7.172683017739299949e+00 4.274178861937600292e-03 9.071777756792800626e-05 9.999908615409147661e-01 3.123168677410064764e-01
9.635733950141721627e-01 -2.673936538598228885e-01 -5.190982214898084805e-03 4.670617970193244162e+01 2.673909421905442119e-01 9.635873544838612359e-01 -1.222421059530115874e-03 7.378438811873647474e+00 5.328832453289370809e-03 -2.101292148677007059e-04 9.999857795940889638e-01 3.172065889596714650e-01
9.625682689667509617e-01 -2.709761342166389086e-01 -5.853397591040277251e-03 4.745508766638581477e+01 2.709708210154017083e-01 9.625860649247249823e-01 -1.697577972368412161e-03 7.593251607898143796e+00 6.094402070083039698e-03 4.793473932499034694e-05 9.999814278103713594e-01 3.088734640314854674e-01
9.614991227136676644e-01 -2.747523052609456840e-01 -5.532429361831639469e-03 4.819772949127455064e+01 2.747403816283977007e-01 9.615142942881806931e-01 -2.825700299806270955e-03 7.820601662491251105e+00 6.095877584889076821e-03 1.196926605113700099e-03 9.999807036354111389e-01 3.104394700740467083e-01
9.603697526542420704e-01 -2.786936603689242897e-01 -4.447679957084877886e-03 4.895379396582676179e+01 2.786715085908366696e-01 9.603734022924723668e-01 -5.011832887117596315e-03 8.041710548821876969e+00 5.668199585161795388e-03 3.573771026775452841e-03 9.999775495850449225e-01 3.338147553754971519e-01
9.592316651526536786e-01 -2.825918783072917106e-01 -4.054982518326913886e-03 4.972543022179608840e+01 2.825644835965236412e-01 9.592280740776589765e-01 -6.230129300025631124e-03 8.258682807229858369e+00 5.650237012464837984e-03 4.830343261295950118e-03 9.999723709211575384e-01 3.745428069147857530e-01
9.579719466613486611e-01 -2.868115516701892354e-01 -5.374312830909984927e-03 5.048942264552643167e+01 2.867715090257967336e-01 9.579722847296024968e-01 -7.155648189558632376e-03 8.479778611400801580e+00 7.200765301931748297e-03 5.313710425278479234e-03 9.999599559285275996e-01 3.996012929294837646e-01
9.566054930163414571e-01 -2.913048959797868154e-01 -6.883916702565474020e-03 5.125146484438761263e+01 2.912654215249352863e-01 9.566222304671955223e-01 -6.193738763420931354e-03 8.726127384836495082e+00 8.389574176562875768e-03 3.919917623281432735e-03 9.999571237262938617e-01 3.901575961370628010e-01
9.551690962652944483e-01 -2.959939534821002804e-01 -6.291028673992820480e-03 5.203610593769327153e+01 2.959638442328296759e-01 9.551844682991149638e-01 -5.294754674434123606e-03 8.978677223694324638e+00 7.576308247825907713e-03 3.195469006791808696e-03 9.999661936941470763e-01 3.418547914063716497e-01
9.536931729841926497e-01 -3.007590586638347330e-01 -3.649717110483447283e-03 5.281794254704808367e+01 3.007420534511456300e-01 9.536946086634038311e-01 -4.561873775660000782e-03 9.232648264918800862e+00 4.852740393925375310e-03 3.253004457539991883e-03 9.999829342907149421e-01 3.579249942521932626e-01
9.522100288839790982e-01 -3.054398964797383487e-01 -1.590764350381401130e-03 5.360042326823256076e+01 3.054338393839139965e-01 9.522078797016741980e-01 -3.213034896061521452e-03 9.485201927682219036e+00 2.496127395220504221e-03 2.573610788091925967e-03 9.999935729171154364e-01 4.143033820662174738e-01
9.506415096497768946e-01 -3.102789025642975762e-01 -2.778984398751526124e-03 5.436621257622208248e+01 3.102704634231797653e-01 9.506433106143298284e-01 -3.087962336611692164e-03 9.744536257573809479e+00 3.599952493938483444e-03 2.073308400171768821e-03 9.999913708299282833e-01 4.414659450418185749e-01
9.490813270350559883e-01 -3.149746957489488741e-01 -5.964537805577557576e-03 5.514648065167771307e+01 3.149604290897308756e-01 9.490993372482636747e-01 -3.221202030182400249e-03 1.000265057146568815e+01 6.675536007668468434e-03 1.178589310886900710e-03 9.999770238091706398e-01 4.230794379644328695e-01
9.475293184737536567e-01 -3.195872213912826498e-01 -7.224856819595257100e-03 5.594369056279739993e+01 3.195716562127372540e-01 9.475565523359437137e-01 -3.246023824376340853e-03 1.026103961180020363e+01 7.883348153698850613e-03 7.668432823229356628e-04 9.999686318946549024e-01 4.051664475263358489e-01
9.460071971033802152e-01 -3.240776058258493242e-01 -6.639911956632204085e-03 5.674977758685670892e+01 3.240674932924605400e-01 9.460304562276103946e-01 -2.575981545025782509e-03 1.053036688561830481e+01 7.116376869407457263e-03 2.851174577314405747e-04 9.999746376225188138e-01 4.169720709088124422e-01
9.443756163264647174e-01 -3.288259179532332932e-01 -5.311400024786281510e-03 5.755023522593636898e+01 3.288143894964697389e-01 9.443899911256726787e-01 -2.939714563671016936e-03 1.082200436947381839e+01 5.982687362192424911e-03 1.029729996369066524e-03 9.999815733842603027e-01 4.577231127482898621e-01
9.426412509101870230e-01 -3.337784757977837469e-01 -4.404676672150392366e-03 5.833229809953476774e+01 3.337694072204885343e-01 9.426509542306794609e-01 -2.676058981640785841e-03 1.112125519672949103e+01 5.045283556117213276e-03 1.052417264101761013e-03 9.999867186776735251e-01 4.776100285026328995e-01
9.409384868176338124e-01 -3.385476549577268179e-01 -4.499927551119558763e-03 5.914232934771920469e+01 3.385347833493208003e-01 9.409477713975789026e-01 -3.389980023207259802e-03 1.142406710454950236e+01 5.381866587886871903e-03 1.666380674772746651e-03 9.999841292177975571e-01 4.708181206800414742e-01
9.391986565788396080e-01 -3.433350158241447181e-01 -5.191376458835769876e-03 5.997104802277218027e+01 3.433219129854269136e-01 9.392121304549028160e-01 -3.261605492651814195e-03 1.170670798033136961e+01 5.995627117328301489e-03 1.280982200113741504e-03 9.999812055934216293e-01 4.601757484934782538e-01
9.374684079049669938e-01 -3.480205912395453183e-01 -5.886616464812081950e-03 6.077631498133177956e+01 3.480099010070863974e-01 9.374867208677878372e-01 -2.785138703979542132e-03 1.200083785564149963e+01 6.487910385046109091e-03 5.623787334282665668e-04 9.999787951496750260e-01 4.703601952042297807e-01
9.357193575176303568e-01 -3.526993156834137277e-01 -5.698831743846271593e-03 6.157582816109580648e+01 3.526877208583949486e-01 9.357364036437297861e-01 -2.958792255210982141e-03 1.231797886812649523e+01 6.376168324619734505e-03 7.586912087815460108e-04 9.999793842200677130e-01 4.767283081358020813e-01
9.338828961013860841e-01 -3.575470147442972313e-01 -4.782114253051836066e-03 6.239830160450657814e+01 3.575333762955146821e-01 9.338938645013344919e-01 -3.483486973330005183e-03 1.264035520520442546e+01 5.711497528484284388e-03 1.543403448460350285e-03 9.999824981977321059e-01 4.935607866860346471e-01
9.322590685411280553e-01 -3.617581902249940029e-01 -4.903154899176582864e-03 6.322927109396007950e+01 3.617468877282452588e-01 9.322713436819010102e-01 -3.054663397324929898e-03 1.295329981856714952e+01 5.676120308498648279e-03 1.074036628670190343e-03 9.999833139125691162e-01 5.266558816418593914e-01
9.307971609444223304e-01 -3.654967773477716952e-01 -5.361989014948097612e-03 6.406368238858910047e+01 3.654862657117134428e-01 9.308123404815865642e-01 -2.859437584145287960e-03 1.328036532834690675e+01 6.036120766672595055e-03 7.018230433596037415e-04 9.999815361747965703e-01 5.224525898968281901e-01
9.294414789340039729e-01 -3.689325591034092189e-01 -5.225329691126894341e-03 6.488140752572202530e+01 3.689204775661686919e-01 9.294556311059343212e-01 -3.148180080521808394e-03 1.362648283784429459e+01 6.018178239428211528e-03 9.983180248995485607e-04 9.999813922727760485e-01 5.246052854319580572e-01
9.280524873310433964e-01 -3.724130510877970424e-01 -5.205779302021351293e-03 6.570875243433546586e+01 3.723979207744680386e-01 9.280659425602171275e-01 -3.659899270297383312e-03 1.397373026763335169e+01 6.194300728616364098e-03 1.457957233097045531e-03 9.999797522946102246e-01 5.359902229564463827e-01
9.266315075682032276e-01 -3.759398256967031449e-01 -4.826658990596307403e-03 6.655071320049310657e+01 3.759254755300553974e-01 9.266427786369952901e-01 -3.632856645974375832e-03 1.430543395785750249e+01 5.838324192848112250e-03 1.551855354377068043e-03 9.999817526913069576e-01 5.503465228366302142e-01
