1.000000000000000000e+00 0.000000000000000000e+00 0.000000000000000000e+00 0.000000000000000000e+00 0.000000000000000000e+00 1.000000000000000000e+00 0.000000000000000000e+00 1.387778780781445676e-17 1.355252715606880543e-20 0.000000000000000000e+00 1.000000000000000000e+00 0.000000000000000000e+00
9.999970228959577101e-01 3.151986326557880413e-04 2.419678942345699062e-03 1.459660104339653881e-02 -3.065860023534448808e-04 9.999936199048032881e-01 -3.558956555479720653e-03 -3.009743622195179547e-02 -2.420785544124790314e-03 3.558204543580378333e-03 9.999907394389121462e-01 9.564448254321885612e-01
9.999967408302652405e-01 -3.993274266948683426e-04 2.521678964687819064e-03 1.471858928621163493e-02 4.101564570929902565e-04 9.999906909625069229e-01 -4.295320567229307836e-03 -2.940394013792532735e-02 -2.519940521703273057e-03 4.296341361286384018e-03 9.999875955898457347e-01 1.896120021176840531e+00
9.999949916949606443e-01 -1.161885211931995912e-03 2.943910154810447551e-03 3.018054496936798184e-02 1.166266886889821136e-03 9.999982141580612272e-01 -1.487113755032886883e-03 -2.101110779807392748e-02 -2.942177353071909630e-03 1.490539870661534982e-03 9.999945609247002931e-01 2.921715423129432221e+00
9.999887519286528859e-01 -4.162395706775299901e-03 2.273869829365291698e-03 3.125951394103678588e-02 4.156921628431783228e-03 9.999884635711127068e-01 2.406804212367856174e-03 2.090343349721432431e-02 -2.283861898541016209e-03 -2.397325124644767227e-03 9.999945183959627615e-01 3.862751733790662723e+00
9.999892860636172554e-01 -4.525904907481410194e-03 9.715712084924423442e-04 4.005259562001755452e-02 4.523157895187084054e-03 9.999858191224536563e-01 2.811151525096760792e-03 2.670226109940110337e-03 -9.842805258237436253e-04 -2.806727169226058693e-03 9.999955767353823077e-01 4.822892567494413640e+00
9.999757846025809638e-01 -6.937174172330917710e-03 5.530243768846690314e-04 2.431039440063260254e-02 6.936652291734563339e-03 9.999754993836059702e-01 9.399304427811991380e-04 -2.242776604058485668e-03 -5.595313297155479889e-04 -9.360716568009921912e-04 9.999994053497196500e-01 5.728540095243392472e+00
9.999814814526135631e-01 -6.047732739559137996e-03 -6.794796213581029681e-04 3.240355027338585187e-02 6.046429086760011368e-03 9.999799066807759651e-01 -1.904449420889634675e-03 -1.332232003297750822e-02 6.909836564196686695e-04 1.900305949905832514e-03 9.999979556825520088e-01 6.665568004719850670e+00
9.999785694016428694e-01 -6.331046838176723236e-03 -1.666912219141427004e-03 2.014418502705609890e-02 6.326821906065457739e-03 9.999767906757286440e-01 -2.527733035116969118e-03 -1.604993166295466678e-02 1.682876919972464561e-03 2.517132901478586274e-03 9.999954159666938347e-01 7.594407805550939194e+00
9.999753020732665698e-01 -6.819595916825942766e-03 -1.699520216148865670e-03 2.240933475872230671e-02 6.817181056437075781e-03 9.999757507901188003e-01 -1.422627141435303666e-03 -1.931219382830182130e-03 1.709180943923511650e-03 1.411006231388355764e-03 9.999975438740634770e-01 8.518411578147830454e+00
9.999689771995770027e-01 -7.341119559313597290e-03 -2.855278836965866561e-03 2.860742779850293602e-03 7.343300242721713042e-03 9.999727533073342611e-01 7.540334186865501470e-04 2.917372287377192897e-03 2.849665912683726262e-03 -7.749772930879458843e-04 9.999956393991377146e-01 9.447659990928356066e+00
9.999677864924368942e-01 -7.178573950103322998e-03 -3.590831142442857914e-03 -1.615396929137329074e-02 7.187160102821490634e-03 9.999713302307943197e-01 2.383992340530308521e-03 1.032293098412791210e-02 3.573614928983329195e-03 -2.409723712896197703e-03 9.999907112167415457e-01 1.034536041051675248e+01
9.999431639906899427e-01 -9.745094017507713313e-03 -4.324575213516300767e-03 -1.207726402160924986e-02 9.758506515465193223e-03 9.999476063235906986e-01 3.091297844213192203e-03 1.191753860578027846e-02 4.294224128887122460e-03 -3.133323920545603644e-03 9.999858708683779795e-01 1.126683597864294839e+01
9.999349765100857823e-01 -1.015934456043182145e-02 -5.179815663408587553e-03 -2.327366884879790432e-02 1.017646796557621081e-02 9.999428052377945519e-01 3.290245422243468290e-03 1.124485345025866279e-02 5.146093243821604421e-03 -3.342744110834251423e-03 9.999811717245892240e-01 1.216759739197020274e+01
9.999250824935468351e-01 -1.085332602738128295e-02 -5.659923677437577252e-03 -3.270046331958244290e-02 1.086625847822303946e-02 9.999384082802246221e-01 2.259212066720441697e-03 1.823897769584277573e-02 5.635055736308377042e-03 -2.320545289302028760e-03 9.999814304417480315e-01 1.307466067866735138e+01
9.999205702651149386e-01 -1.039135759557281193e-02 -7.132521825674739691e-03 -2.988012121712990687e-02 1.039523944873230708e-02 9.999458392906487303e-01 5.074041979167120270e-04 4.469116580512508263e-03 7.126863688936850051e-03 -5.815082461664063812e-04 9.999744345060213035e-01 1.399314650971488305e+01
9.999199681604009626e-01 -9.120355350254443633e-03 -8.767919231519743367e-03 -4.830565394087703301e-02 9.113225618441975553e-03 9.999581100743831774e-01 -8.527612135797533327e-04 1.754189826828359000e-02 8.775330384200549436e-03 7.727890195377510457e-04 9.999611974332427433e-01 1.487763789007895809e+01
9.999021195588392308e-01 -9.407442791872874799e-03 -1.035622206614663157e-02 -7.027846276276830673e-02 9.393019660286034897e-03 9.999548471115832227e-01 -1.440454212757312502e-03 1.628237277389013582e-02 1.036930656785044723e-02 1.343037169061629330e-03 9.999453353709953918e-01 1.578278314579446295e+01
9.998903616212531098e-01 -8.788748927757428914e-03 -1.191732515643125628e-02 -7.745201681894264834e-02 8.763117049265405079e-03 9.999591801533772584e-01 -2.201317790836198121e-03 1.176728155279936627e-02 1.193618681109178369e-02 2.096643760684741356e-03 9.999265630666193116e-01 1.667490678356726264e+01
9.998764162816721202e-01 -8.021979366769729433e-03 -1.352035560217890522e-02 -8.978392148687334984e-02 7.995286120900401555e-03 9.999659823612186971e-01 -2.027193734186912705e-03 7.397610068125823335e-03 1.353615923484348393e-02 1.918844306396884705e-03 9.999065408480027894e-01 1.757289132560171652e+01
9.998577769551393324e-01 -7.839718140459176268e-03 -1.493200197344431331e-02 -9.997173484592541959e-02 7.816968320404578396e-03 9.999681967164323337e-01 -1.581314165601166791e-03 1.489973638574133841e-02 1.494392575060592837e-02 1.464366436809113117e-03 9.998872610051811050e-01 1.847016232064057917e+01
9.998442712508498476e-01 -7.551295413743632640e-03 -1.595027217044554801e-02 -1.230978162296799960e-01 7.535545766180630489e-03 9.999710589437000863e-01 -1.047289636700856827e-03 2.134515991262939116e-02 1.595772066017956195e-02 9.269326302273322299e-04 9.998722378178068748e-01 1.938609932146997039e+01
9.998245982860710646e-01 -6.574616890674673912e-03 -1.753701987821398162e-02 -1.345007591732250429e-01 6.567387392465789953e-03 9.999783241155498770e-01 -4.697995216033940685e-04 1.128134806161956716e-02 1.753973037990333092e-02 3.545447385275984908e-04 9.998461042456285863e-01 2.026583214023895962e+01
9.997951445559593031e-01 -7.608315272753218492e-03 -1.875586442923236896e-02 -1.693406444181367876e-01 7.599609492677060832e-03 9.999709792178361756e-01 -5.353929575505934901e-04 2.865855816019821645e-03 1.875939557021450571e-02 3.927460609195153329e-04 9.998239499286785126e-01 2.111049182357310983e+01
9.997671145436561879e-01 -7.119776827191925603e-03 -2.037217312445524509e-02 -1.905682225942648134e-01 7.106439809603648863e-03 9.999744846709666124e-01 -7.269870317825506689e-04 1.259747095389007754e-05 2.037683149006734237e-02 5.820441530164296995e-04 9.997922014050331097e-01 2.198608769479421099e+01
9.997381642959910497e-01 -7.667638876212946007e-03 -2.155945601126815769e-02 -2.036750296016997530e-01 7.654233937990074371e-03 9.999704579486401457e-01 -7.042169172628513080e-04 -1.140612075407179682e-03 2.156422109222182540e-02 5.390114499638758855e-04 9.997673198636422009e-01 2.282250992931555444e+01
9.997140790026510793e-01 -7.787791575685330640e-03 -2.260775357250336889e-02 -2.333967887644003703e-01 7.811144398595557502e-03 9.999690461679225928e-01 9.448328676633956091e-04 2.028624044348575906e-02 2.259969803691880968e-02 -1.121155303360182875e-03 9.997439655752552445e-01 2.370173969356595833e+01
9.996921694531709646e-01 -8.471119792372090729e-03 -2.331965774006667866e-02 -2.285506025390028340e-01 8.546796862876413284e-03 9.999585220272432240e-01 3.147452098274767032e-03 1.515852733498139482e-02 2.329203054413274757e-02 -3.345792013513747623e-03 9.997231051891626308e-01 2.456960717579831055e+01
9.996692917791298871e-01 -8.300786408501964128e-03 -2.433935059960121161e-02 -2.534581971211624096e-01 8.413818763515908475e-03 9.999542729248573902e-01 4.545291112649297791e-03 7.101084632165424737e-03 2.430051074969189970e-02 -4.748575418517983829e-03 9.996934211456219854e-01 2.539735559516798347e+01
9.996592534167569877e-01 -8.321128128859484399e-03 -2.474137934536710728e-02 -2.814288239448579088e-01 8.422315051931372060e-03 9.999565776945337214e-01 3.988395182028819583e-03 2.137502616785566523e-02 2.470711972111287388e-02 -4.195416362839189672e-03 9.996859290737799553e-01 2.621096451543583683e+01
9.996514272936247725e-01 -6.762601174391391114e-03 -2.552040547382989841e-02 -3.200169271557445350e-01 6.821741755314515016e-03 9.999742428180683484e-01 2.231034472337538668e-03 2.870379883584558978e-03 2.550466327363503857e-02 -2.404350719718334820e-03 9.996718118030434308e-01 2.702492959845359621e+01
9.996301423776745576e-01 -6.318775693559254732e-03 -2.645092585773402977e-02 -3.508782232608517737e-01 6.338705528308775233e-03 9.999796859530999393e-01 6.696847985376772061e-04 1.323282681728632504e-02 2.644615977161881779e-02 -8.371018652367466506e-04 9.996498886882497770e-01 2.779630526197800933e+01
9.996141536975650110e-01 -5.805036091181632954e-03 -2.716330675633316441e-02 -3.848790388926782158e-01 5.830411918665579993e-03 9.999826374035498677e-01 8.550863734574920549e-04 -3.636837049789773402e-03 2.715787422531569864e-02 -1.013129855012456434e-03 9.996306435381991928e-01 2.861949667859860824e+01
9.995802046388966300e-01 -5.818335477738735724e-03 -2.838241375237741601e-02 -4.106622060631212046e-01 5.821077759228315655e-03 9.999830572797934192e-01 1.399444188593217120e-05 6.165407554637403198e-03 2.838185448377983366e-02 -1.792048529611605517e-04 9.995971379955203018e-01 2.941050992163078703e+01
9.995362997486404444e-01 -5.549299665266050306e-03 -2.993978445100035912e-02 -4.319938842104017462e-01 5.526333383072710298e-03 9.999843686347441585e-01 -8.497759380926249440e-04 -2.070624173057186712e-03 2.994403530815172715e-02 6.839247189024382639e-04 9.995513428873267214e-01 3.018508027606576860e+01
9.994913669177443172e-01 -5.181177710443271404e-03 -3.146685207877056994e-02 -4.487198086450831513e-01 5.152701844376266806e-03 9.999862386648944446e-01 -9.859713842991276594e-04 -5.869694861957500120e-03 3.147153090262012898e-02 8.233306476367226179e-04 9.995043096199955901e-01 3.095370914698032649e+01
9.994172298113329633e-01 -5.232015089101495729e-03 -3.373168666916578212e-02 -4.821280987079957780e-01 5.227685111570263589e-03 9.999863121070085015e-01 -2.165596927419244366e-04 6.371662790507076624e-03 3.373236159498971265e-02 4.009482521167076485e-05 9.994309011989424008e-01 3.169276482530468186e+01
9.993177246992031026e-01 -5.622555676114453921e-03 -3.650303908860214053e-02 -5.095843832848881982e-01 5.678395458299426331e-03 9.999828606842090517e-01 1.426234381593427178e-03 3.095237782670540172e-03 3.649439826344170329e-02 -1.632540215552412757e-03 9.993325241545683024e-01 3.245617522404443633e+01
9.992666432926582409e-01 -4.192138588267629688e-03 -3.806049731477466336e-02 -5.399387367352862510e-01 4.296682972709464643e-03 9.999872169536019317e-01 2.665412227523042757e-03 9.231786052674578746e-04 3.804884106519912379e-02 -2.826991789460090235e-03 9.992718818991804808e-01 3.322966969710069662e+01
9.992046990675955698e-01 -3.679998401031132210e-03 -3.970424207538917477e-02 -5.799209146180624996e-01 3.803410234316856840e-03 9.999881668368982846e-01 3.033188609826308405e-03 2.535523765840763666e-03 3.969261435013183431e-02 -3.181788245017658570e-03 9.992068718475997091e-01 3.390928557674477162e+01
9.991128413835520528e-01 -1.545794130848852227e-03 -4.208492064897647461e-02 -6.075903506064925796e-01 1.665455689211704782e-03 9.999946694911119316e-01 2.808420992226471832e-03 -8.636236806495445339e-04 4.208035955306177467e-02 -2.876020425188715798e-03 9.991100900409315422e-01 3.466706082690377144e+01
9.990289105364974498e-01 5.400718649383531855e-04 -4.405614664890731419e-02 -6.540600339830606735e-01 -4.466222516652986613e-04 9.999976297595623009e-01 2.130960661189503641e-03 -1.166125210193870443e-02 4.405719777999721892e-02 -2.109215139854367024e-03 9.990267837865212108e-01 3.536426123823667211e+01
9.989920188658377720e-01 8.820991234542701481e-04 -4.487948260215841173e-02 -6.917519232414347519e-01 -7.552194399404309894e-04 9.999956706548509544e-01 2.843993884294414992e-03 -6.891918370102501079e-03 4.488180175825010748e-02 -2.807233705031150772e-03 9.989883600466294977e-01 3.605864159747237352e+01
9.989225722572455668e-01 2.136301509464703235e-03 -4.635871709470550106e-02 -7.266190492205193419e-01 -1.927272714492337530e-03 9.999877770559968404e-01 4.553167749062910982e-03 -1.100397199047062347e-02 4.636788232068136256e-02 -4.458916716032389899e-03 9.989144797093073569e-01 3.674911852982585714e+01
9.988974615584483852e-01 4.702464988570282875e-03 -4.670918440534930355e-02 -7.659937388009739889e-01 -4.457589133362827374e-03 9.999757783214459073e-01 5.345338825497935459e-03 2.254847746854415913e-03 4.673319425906994479e-02 -5.131235676836848336e-03 9.988942282366320979e-01 3.742518343995796215e+01
9.989447589255912030e-01 7.661320148975761524e-03 -4.528435259490440346e-02 -8.080954551655262774e-01 -7.488923149079135949e-03 9.999640554097475320e-01 3.975413159168352667e-03 -1.390432107588486510e-02 4.531318658027434082e-02 -3.632087569772660465e-03 9.989662272916576269e-01 3.810632693593035469e+01
9.989933731458893185e-01 9.653645849205310867e-03 -4.380693259963901881e-02 -8.632505097385447801e-01 -9.617903402320970505e-03 9.999532199233858165e-01 1.026601360629375570e-03 -1.341728894959205720e-02 4.381479838644971453e-02 -6.042372163783255035e-04 9.990394879668226258e-01 3.874234256751045535e+01
9.990743690628738349e-01 1.029610593828741635e-02 -4.176595637207927009e-02 -8.582874819739144678e-01 -1.032865627203984234e-02 9.999464991649418266e-01 -5.636381851215118560e-04 -1.482986453707905994e-02 4.175792299071857949e-02 9.945027560410435452e-04 9.991272626565699255e-01 3.938510982786699799e+01
9.992019911045352254e-01 1.097529293549759886e-02 -3.840473630269983230e-02 -9.120020433627472611e-01 -1.100493341581733862e-02 9.999392868201361084e-01 -5.604782106310192413e-04 -1.124240564015435706e-02 3.839625726818836349e-02 9.826725960971286616e-04 9.992621087121852375e-01 4.003207560092388206e+01
9.992680786592369468e-01 1.539390028268326771e-02 -3.501906163037927372e-02 -9.387250678714254004e-01 -1.532366488024502690e-02 9.998800018475785256e-01 2.273150533403123577e-03 -1.001389846461080146e-02 3.504985574797127301e-02 -1.734866632231076358e-03 9.993840592913634246e-01 4.064684063189847762e+01
9.992975690849579262e-01 2.022048646555132598e-02 -3.155154884491776640e-02 -9.930499446623635151e-01 -2.004914900369178521e-02 9.997825334451903023e-01 5.737372356847033825e-03 -4.069742559992609032e-03 3.166070321700340667e-02 -5.100761169908436810e-03 9.994856588372609263e-01 4.127631292496161564e+01
9.993251969945877722e-01 2.507862402232119425e-02 -2.683678772286577502e-02 -9.914996299323957096e-01 -2.490247344260061030e-02 9.996662241617078060e-01 6.878014615584248509e-03 -9.411111691295825921e-03 2.700032420618865212e-02 -6.205071667227259058e-03 9.996161661726071790e-01 4.186563217916094715e+01
9.993416024395587183e-01 2.916563649538100877e-02 -2.158071375350346585e-02 -1.010065838438498398e+00 -2.901084323005593754e-02 9.995513227959945679e-01 7.451447596814502264e-03 -6.933966493722742985e-03 2.178835943951388729e-02 -6.820467695702802854e-03 9.997393403728597194e-01 4.247731421589940481e+01
9.993588749686058703e-01 3.212428008400215057e-02 -1.580726384989383088e-02 -1.041704508511116511e+00 -3.199069826721635118e-02 9.994508893180417131e-01 8.632210628390200521e-03 2.724846886676887681e-03 1.607588909934722088e-02 -8.120991859157843107e-03 9.998377945179180992e-01 4.302528170821269526e+01
9.992604840036036773e-01 3.738685557474887011e-02 -8.983767923208322431e-03 -1.031907829534249199e+00 -3.729382372933016943e-02 9.992511665955192690e-01 1.030906188515480319e-02 1.251965516160490066e-02 9.362464895217369881e-03 -9.966400287893653620e-03 9.999065032199726533e-01 4.356757469670729677e+01
9.991687178177339757e-01 4.071676261188254820e-02 -2.004625385527131383e-03 -1.034764660849072149e+00 -4.069550167165674609e-02 9.991245183231767246e-01 9.699124940441852805e-03 1.294777772235962410e-02 2.397787501073239940e-03 -9.609484121879695306e-03 9.999509530414528724e-01 4.411086296817584440e+01
9.990356267417568326e-01 4.358979913534404005e-02 5.267432644639761553e-03 -1.051680267414451642e+00 -4.363893312085973669e-02 9.990012062618028876e-01 9.603822267277250385e-03 1.636775413007844626e-02 -4.843543498567553195e-03 -9.824426883749454512e-03 9.999400085952943051e-01 4.462629611584071654e+01
9.987509406106089838e-01 4.822428359475743748e-02 1.307581774956392655e-02 -1.056454338493788558e+00 -4.834667352160240683e-02 9.987881424750787440e-01 9.211167979352560126e-03 1.753661410987293612e-02 -1.261577119871649597e-02 -9.831836112691961713e-03 9.998720805193659356e-01 4.510671528318771095e+01
9.983830901162307203e-01 5.306326563922713485e-02 2.038369647616881941e-02 -1.047326902161554552e+00 -5.320783752176883041e-02 9.985615391191651202e-01 6.616543214671012640e-03 1.824257248883782989e-02 -2.000328218956550982e-02 -7.690418146746327843e-03 9.997703367634570570e-01 4.561284331966857053e+01
9.980997698249447492e-01 5.475826595325399004e-02 2.825564736900030779e-02 -1.037316154667345058e+00 -5.489037356459060268e-02 9.984846897606530769e-01 3.920618215279798174e-03 -5.967600012199772430e-03 -2.799814815185951850e-02 -5.464131782113267055e-03 9.995930407406804497e-01 4.604252023474541033e+01
9.978005947293961952e-01 5.551662046695673980e-02 3.621985325688097807e-02 -1.017167250935035350e+00 -5.566532044871049661e-02 9.984446426546196296e-01 3.109292917679596854e-03 1.280041373776250047e-02 -3.599090496850437804e-02 -5.118644616030083166e-03 9.993390087591235149e-01 4.646376149170706782e+01
9.975339770467396283e-01 5.462938824439515090e-02 4.406352532364408991e-02 -1.003076673467731661e+00 -5.487934714868912545e-02 9.984829327801594268e-01 4.482214136608949837e-03 -1.154211098060575758e-03 -4.375182215991309936e-02 -6.889339153574721916e-03 9.990186761701823626e-01 4.685147206356361238e+01
9.970418395472478990e-01 5.628200201093472299e-02 5.234411174612845635e-02 -9.938610716952572810e-01 -5.662035263748274594e-02 9.983832482472364545e-01 5.002531808713938863e-03 5.673655457158213733e-03 -5.197793746644109592e-02 -7.951476456281412683e-03 9.986165772749303615e-01 4.721698834189329830e+01
9.964447406239645977e-01 5.836683579753945000e-02 6.075517133294822125e-02 -9.662980905940377063e-01 -5.879002724982698713e-02 9.982568274911503003e-01 5.199913559974792682e-03 8.099839742878756077e-03 -6.034576864168225696e-02 -8.753225656026167312e-03 9.981391534891436157e-01 4.757658847417274472e+01
9.955321194962076792e-01 6.367381772959695985e-02 6.972405131779614573e-02 -9.262493709142249898e-01 -6.415067560126794244e-02 9.979295331083183340e-01 4.619287112200982579e-03 1.657988961687534291e-03 -6.928556984986551648e-02 -9.071494673245292240e-03 9.975556217107007795e-01 4.790749916959134680e+01
9.946145771493741794e-01 6.741922459418119018e-02 7.871778877051985313e-02 -9.027614214318960828e-01 -6.798864924989124481e-02 9.976756137075267761e-01 4.573120494333336380e-03 1.400628236279193028e-02 -7.822651046030926203e-02 -9.900409510796777043e-03 9.968864507637378303e-01 4.822742362473584166e+01
9.938540834358441378e-01 6.713478435270144040e-02 8.801693351689349187e-02 -8.778627130447078653e-01 -6.783991540969137868e-02 9.976834829247687164e-01 5.041211955181427312e-03 8.600223023483080653e-03 -8.747460956811922705e-02 -1.098129160255149374e-02 9.961062216732079477e-01 4.851215462965367209e+01
9.929313664793765204e-01 6.617811981632004681e-02 9.852794892152227924e-02 -8.499492773119411426e-01 -6.683075600247317949e-02 9.977587535191269064e-01 3.334648370673690479e-03 -7.175962322340079247e-03 -9.808645332760139446e-02 -9.895775327719782619e-03 9.951286964272052504e-01 4.877127499321578341e+01
9.917910148612610888e-01 6.515558565374579558e-02 1.100242292993612730e-01 -8.066434439069157802e-01 -6.548720373977622022e-02 9.978532283794853130e-01 -6.006923071482095366e-04 -1.167035123644535877e-02 -1.098271826970169951e-01 -6.609418535567781680e-03 9.939287232598034150e-01 4.906263742651748316e+01
9.901420066529073027e-01 6.617847748414706910e-02 1.234472112542552152e-01 -7.705653700566575948e-01 -6.614631367734435941e-02 9.978003932730205028e-01 -4.363537570713584696e-03 -1.460573638956486064e-02 -1.234644614959396897e-01 -3.845056416133781421e-03 9.923415460477451600e-01 4.931426113118201471e+01
9.880352126062161844e-01 6.779274086736289395e-02 1.385299992309068640e-01 -7.204398734931629633e-01 -6.751216022817604911e-02 9.976957611543016968e-01 -6.728781027290331104e-03 -1.872926893267772008e-02 -1.386669704391676472e-01 -2.704187061561941566e-03 9.903353779566165249e-01 4.954688040865396914e+01
9.855087996626495928e-01 6.902691722638062966e-02 1.549441438309843155e-01 -6.734586843987536708e-01 -6.857308548739890486e-02 9.976117485079063485e-01 -8.278362699234783836e-03 -1.075042345496542151e-02 -1.551455447644783381e-01 -2.466598834037202551e-03 9.878885455884537370e-01 4.982423959620531662e+01
9.826687952484237654e-01 6.972820405610193062e-02 1.717556782905830526e-01 -6.266250629525096372e-01 -6.909528683029583784e-02 9.975632180729223641e-01 -9.667853596238978886e-03 -1.838955208484667481e-02 -1.720112876793506440e-01 -2.367209875882571660e-03 9.850921360461850629e-01 5.005402722458208586e+01
9.793622599660538608e-01 6.918481124357257761e-02 1.899026633666129060e-01 -5.700793870300626676e-01 -6.833817548029758049e-02 9.976014482492867597e-01 -1.101110047009725215e-02 -2.180323210338905304e-02 -1.902089932938255401e-01 -2.193745312224397795e-03 9.817411727816472977e-01 5.027911711341215550e+01
9.755094277818626702e-01 6.842716190892428330e-02 2.090432369131365598e-01 -4.836696817904072021e-01 -6.744868147277759129e-02 9.976527928275183976e-01 -1.181441675746455582e-02 -2.455557371875208283e-02 -2.093610185544053093e-01 -2.574615807558371453e-03 9.778350270233188146e-01 5.055797875743648717e+01
9.709356223617309212e-01 6.878089700562520226e-02 2.292448462952159094e-01 -4.287551150297672642e-01 -6.755371077212739273e-02 9.976282332570493017e-01 -1.320622900260255521e-02 -2.752481541382383046e-02 -2.296094918396557882e-01 -2.663941884835634849e-03 9.732791944960386132e-01 5.077895225838485516e+01
9.656364173521909677e-01 7.059902962451633512e-02 2.501241282451507897e-01 -3.442351226066921455e-01 -6.896256878900991483e-02 9.975017336751909047e-01 -1.531194108566974119e-02 -3.280505386239145060e-02 -2.505802865432492643e-01 -2.463434428627597414e-03 9.680926909840937844e-01 5.101591667597721624e+01
9.593946918421799586e-01 7.163155142309446388e-02 2.728199733395367810e-01 -2.683446403635393329e-01 -6.947392022246749732e-02 9.974289636088418121e-01 -1.757376125036990561e-02 -3.625614372350194348e-02 -2.733774082692881913e-01 -2.093699684386704507e-03 9.619045780122955636e-01 5.127354788919455331e+01
9.520874687355009858e-01 7.302915756378504375e-02 2.969784239341937138e-01 -1.654329016335485125e-01 -7.058502299538026159e-02 9.973255590712998275e-01 -1.896005997636183299e-02 -4.290150851204821425e-02 -2.975688416894047283e-01 -2.910593309196055425e-03 9.546959319697985169e-01 5.148582685949762805e+01
9.433949069459997006e-01 7.603197789136159623e-02 3.228392423713478676e-01 -6.487465478246430550e-02 -7.343852529431743603e-02 9.970946380311752621e-01 -2.022537849356607215e-02 -4.448649381375521794e-02 -3.234390875996509540e-01 -4.628318899074401055e-03 9.462376797745440937e-01 5.176359798097116993e+01
9.335621338819691806e-01 7.820862995694388697e-02 3.497786999767782956e-01 4.155333486944071120e-02 -7.548894583076558307e-02 9.969164500117005945e-01 -2.142453912401699745e-02 -5.086478555694129433e-02 -3.503757611437794961e-01 -6.403287127678592219e-03 9.365873356063425526e-01 5.200773425778019998e+01
9.221965257987544407e-01 7.909814277587468023e-02 3.785459495705903454e-01 1.496765507227763581e-01 -7.606429523521937575e-02 9.968379012567047948e-01 -2.298742550428166040e-02 -5.096612754094363706e-02 -3.791672530447321998e-01 -7.594907271253871495e-03 9.252969940278915617e-01 5.221576264428065173e+01
9.095865594604511939e-01 7.759061849738502215e-02 4.082057919604670793e-01 2.739777160839303449e-01 -7.376934440085247680e-02 9.969588539135529892e-01 -2.512225211495176455e-02 -7.119634838177914260e-02 -4.089136732300596155e-01 -7.262211027695277682e-03 9.125441831468918963e-01 5.245649308567899283e+01
8.945667601300046901e-01 7.472250308197642132e-02 4.406436633802522929e-01 4.398342973494290264e-01 -6.958037112670471813e-02 9.971877636580874782e-01 -2.784126580985206434e-02 -9.372170703172813533e-02 -4.414848854152864099e-01 -5.754278673786600989e-03 8.972502467181924235e-01 5.269604896046340059e+01
8.773307281141640157e-01 7.425414243039012152e-02 4.741066245424367387e-01 5.896257110308126270e-01 -6.687154767727060412e-02 9.972340771765445533e-01 -3.244058470834882552e-02 -1.044043875621123441e-01 -4.752041806738960261e-01 -3.243121567145354836e-03 8.798695887056231513e-01 5.290764875307610993e+01
8.576591883107040903e-01 7.620755044836290126e-02 5.085401635396099573e-01 7.608092630908807052e-01 -6.632417622857440798e-02 9.970908296727134523e-01 -3.756302863608756287e-02 -1.032644677404722516e-01 -5.099233743428475130e-01 -1.512230111209642014e-03 8.602185149116211571e-01 5.317019105572961735e+01
8.359221633088111947e-01 7.830318329244644049e-02 5.432335744796377153e-01 9.323916715494422469e-01 -6.590735559264641885e-02 9.969294868883097349e-01 -4.228260541146153240e-02 -1.146286766877377961e-01 -5.448764893400236398e-01 -4.581205009199142836e-04 8.385162093570871500e-01 5.336008675253653877e+01
8.112015056873094210e-01 8.116514682520163670e-02 5.791064667838283775e-01 1.111199267485106112e+00 -6.667419514267668157e-02 9.967001084606870176e-01 -4.629736000670155172e-02 -1.249520112498468255e-01 -5.809532721835833913e-01 -1.054968526402338264e-03 8.139362498219239184e-01 5.357402664416346028e+01
7.836812923948448528e-01 8.495084130053946747e-02 6.153266983038431226e-01 1.355356959191421184e+00 -6.906564994745811870e-02 9.963785296336626907e-01 -4.959598480539041676e-02 -1.395804102366147714e-01 -6.173115973095820719e-01 -3.630492178685811727e-03 7.867103991904418336e-01 5.385202829125111634e+01
7.540937794240715197e-01 8.932516776236712475e-02 6.506639229195995133e-01 1.575712574289385159e+00 -7.217531412215791309e-02 9.959783904398955556e-01 -5.308266958035730981e-02 -1.364311452106415357e-01 -6.527888945823954181e-01 -6.932561682579250345e-03 7.575081810421486761e-01 5.404920632652784462e+01
7.211872704152849645e-01 9.106163899808579487e-02 6.867289480577669636e-01 1.833771043835404235e+00 -7.259095594046398314e-02 9.957989874312654921e-01 -5.581155549328080390e-02 -1.655226534229358171e-01 -6.889263562230278914e-01 -9.599727230528784169e-03 7.247678054050892271e-01 5.427716163928710813e+01
6.844861791198835199e-01 8.934773190317907288e-02 7.235299558987190460e-01 2.152299849166852130e+00 -6.928660257055113680e-02 9.959417836496193832e-01 -5.743979675405037205e-02 -1.948311113643020898e-01 -7.257259076529893882e-01 -1.081418529219028632e-02 6.878989872840591824e-01 5.453328155122097343e+01
6.456497731113405303e-01 8.779920686218022075e-02 7.585694483175222658e-01 2.410084771523270497e+00 -6.581876724241429721e-02 9.960699227908762499e-01 -5.926718096458612889e-02 -2.196372190306230543e-01 -7.607919043060509257e-01 -1.166226378237299882e-02 6.488911556118824864e-01 5.472538341907019088e+01
6.034271675112957700e-01 8.767175367919891049e-02 7.925839070244498075e-01 2.793875125586075203e+00 -6.397964091845800838e-02 9.960563379562371589e-01 -6.146850489215423263e-02 -2.372608045045576097e-01 -7.948473601936758559e-01 -1.361746783316679713e-02 6.066566624347008441e-01 5.496231277046823038e+01
5.575274137311959644e-01 8.751175266514406303e-02 8.255330417260168252e-01 3.133342076809151777e+00 -6.055826942322642403e-02 9.960661448062736456e-01 -6.469104320321900081e-02 -2.622413537792985250e-01 -8.279468289831651839e-01 -1.392582210179903884e-02 5.606337423508315210e-01 5.513170764093540299e+01
5.097926631695023358e-01 8.658872485031686439e-02 8.559285921075292514e-01 3.502736175404797425e+00 -5.728407593717017854e-02 9.961304343538492923e-01 -6.665352407500653442e-02 -2.958960258649260266e-01 -8.583880552425564581e-01 -1.505160065534740313e-02 5.127801425379169276e-01 5.532262610169850348e+01
4.610825276751100987e-01 8.471204999456924400e-02 8.833044139480801249e-01 3.924823017064806407e+00 -5.463856028537004972e-02 9.962542468274346863e-01 -6.702315478015839767e-02 -3.163766353952855437e-01 -8.856735367207198006e-01 -1.735927571387782878e-02 4.639839712631863566e-01 5.550793649323178869e+01
4.115848486447395427e-01 8.215549837362562391e-02 9.076608938848916841e-01 4.322656708858109376e+00 -5.386493438183161120e-02 9.963805190699396297e-01 -6.576039798840098427e-02 -3.507781592744224075e-01 -9.097783076590790774e-01 -2.182511127949429003e-02 4.145204261723933747e-01 5.565422056537708073e+01
3.614163807667329364e-01 8.233272807243650904e-02 9.287623104661765217e-01 4.752766977235751256e+00 -5.642105210102337648e-02 9.961995957507300270e-01 -6.635533273472973836e-02 -3.519167336531305867e-01 -9.306959528251367297e-01 -2.841984338412996414e-02 3.646881520966340218e-01 5.580778664752332219e+01
3.120263117863085189e-01 8.295293038173881528e-02 9.464450836349289631e-01 5.244180819195805476e+00 -5.473348135547634330e-02 9.960960282369656360e-01 -6.926000572331117433e-02 -3.715745898875099651e-01 -9.484956100958882308e-01 -3.019129114481786808e-02 3.153484730923801771e-01 5.592442051744883003e+01
2.646961155315120662e-01 7.968673448566133966e-02 9.610337622035152183e-01 5.725885019594027625e+00 -4.460633039628568441e-02 9.965249799988759039e-01 -7.034372290391806282e-02 -4.275435316434593735e-01 -9.632997146905307728e-01 -2.424847942215563323e-02 2.673308245829459917e-01 5.604237904540433846e+01
2.205124513766680283e-01 7.427878189751402349e-02 9.725517057485053574e-01 6.213746018358142109e+00 -3.095111048563589651e-02 9.971268569368332280e-01 -6.913797626572604216e-02 -4.617623480093211441e-01 -9.748930138899735143e-01 -1.485576954069867811e-02 2.221778988695614632e-01 5.611068686200767530e+01
1.785459497128378537e-01 7.220266098316051318e-02 9.812787661104797055e-01 6.763777364534708347e+00 -2.096606005347966678e-02 9.973566671670579531e-01 -6.957084586125186765e-02 -5.207919329328706270e-01 -9.837082245138730752e-01 -8.151954757021701720e-03 1.795877991835820309e-01 5.615085722271766144e+01
1.397444203567976828e-01 7.459535497670549686e-02 9.873737519152193665e-01 7.266088580855328161e+00 -1.759133218972638857e-02 9.971879702197626871e-01 -7.284707851453145477e-02 -5.149303251480651378e-01 -9.900313864517999995e-01 -7.189244649377575166e-03 1.406636870634813408e-01 5.617269464223893749e+01
1.069753337999984205e-01 7.494305890571686946e-02 9.914331601405438343e-01 7.787679249654249958e+00 -9.813572407519999957e-03 9.971862276377972956e-01 -7.431904832425176299e-02 -5.687676306802671444e-01 -9.942132954119320409e-01 -1.779193119940437884e-03 1.074097891918936176e-01 5.623276441000112413e+01
7.749514468403916057e-02 7.374223383440339785e-02 9.942617764329078067e-01 8.352663687090098321e+00 -1.456253584347998176e-03 9.972681712414240840e-01 -7.385170061700585542e-02 -6.067873585930233515e-01 -9.969917188540053932e-01 4.275254725170793239e-03 7.739082909384356612e-02 5.625750308085916629e+01
5.260056993177821688e-02 7.249316094173818836e-02 9.959808310885065463e-01 8.907305738518115135e+00 4.985084270059714912e-03 9.973301109914401996e-01 -7.285463866382957399e-02 -6.346135089190027001e-01 -9.986032419794237391e-01 8.797248266577946049e-03 5.209874820656883176e-02 5.624112769729064354e+01
3.237357688597474609e-02 7.158025446716341500e-02 9.969092800996461889e-01 9.464139098130296190e+00 1.035187959375985858e-02 9.973546346706091414e-01 -7.194839136832879845e-02 -6.710987294762745803e-01 -9.994222812116656529e-01 1.264911649762144943e-02 3.154694724030394221e-02 5.623364113866300329e+01
1.641949093004770391e-02 7.253286889214612121e-02 9.972308044019566609e-01 1.005099255452659257e+01 1.267301737787506280e-02 9.972700984187017337e-01 -7.274438223405411963e-02 -7.145466077151805262e-01 -9.997849274205387049e-01 1.383235410363401786e-02 1.545545749083521679e-02 5.625378189769080706e+01
2.368334520154287848e-03 7.288965338971253871e-02 9.973371463092713940e-01 1.062301854252979538e+01 1.455379337473473172e-02 9.972318532708622785e-01 -7.291651137014071304e-02 -7.369255694441320115e-01 -9.998913362265506866e-01 1.468773464574678680e-02 1.300958128564006725e-03 5.625709094239715569e+01
-9.204193072367935699e-03 7.386744111136001045e-02 9.972255401821026322e-01 1.125223118707597081e+01 1.492401422944127781e-02 9.971669102734929124e-01 -7.372534539871389292e-02 -7.653084374873520002e-01 -9.998463195892132171e-01 1.420403101289558628e-02 -1.028051505019225362e-02 5.624562321009521071e+01
-1.783201187025283685e-02 7.644841149186266949e-02 9.969140152570278302e-01 1.187339069621947374e+01 1.900968803174005184e-02 9.969182999885946028e-01 -7.610870231966940236e-02 -8.227127995083166612e-01 -9.996603209211745167e-01 1.759385873955291585e-02 -1.923031896722906739e-02 5.623135121772251210e+01
-2.432446094582340138e-02 7.786125149332955020e-02 9.966673669041707928e-01 1.250391407322377013e+01 2.284215672670369957e-02 9.967454143598457605e-01 -7.730986007049608921e-02 -8.834714273764855408e-01 -9.994431762351640991e-01 2.088551753175933723e-02 -2.602381338076140485e-02 5.618701100440674878e+01
-2.923929089532347966e-02 7.798791078111175223e-02 9.965253854317143167e-01 1.313434652959647941e+01 2.352852331874725339e-02 9.967291666809787731e-01 -7.731349501636249066e-02 -9.216042363255664283e-01 -9.992955411056126946e-01 2.118618505043670663e-02 -3.097859399338891845e-02 5.616638548294744027e+01
-3.283292630916057747e-02 7.562378334215699716e-02 9.965956735348299178e-01 1.381127809232381232e+01 2.117464834900894405e-02 9.969621527982905906e-01 -7.495398471717554245e-02 -9.722744024157091713e-01 -9.992365782113487027e-01 1.864161003620892418e-02 -3.433449147010085578e-02 5.615883914449094050e+01
-3.594628979961227849e-02 6.912828971363096930e-02 9.969598978507260290e-01 1.447815110964882379e+01 2.033056030446210929e-02 9.974488056665934410e-01 -6.842914687212232894e-02 -9.893524352729751170e-01 -9.991469554441507750e-01 1.780898504778887989e-02 -3.726000022801152778e-02 5.614756308074709779e+01
-3.683831725200116536e-02 6.348097484408471436e-02 9.973028618596873063e-01 1.513827842763320142e+01 2.074973042067743481e-02 9.978137391607719842e-01 -6.274703529006936398e-02 -1.019788485660125588e+00 -9.991058467774941443e-01 1.838227607514879985e-02 -3.807499171993028453e-02 5.612031136992300873e+01
-3.725141637178301657e-02 6.089259770375884950e-02 9.974489047365565630e-01 1.581676035129645896e+01 2.405233721244171702e-02 9.979072145667395866e-01 -6.002229599552539457e-02 -1.047853822913102695e+00 -9.990164778475867369e-01 2.175506800520390915e-02 -3.863806596902610857e-02 5.607692945738016022e+01
-3.764467081218610123e-02 6.297513752921832242e-02 9.973048204401856465e-01 1.649056805032788375e+01 2.742787690851444110e-02 9.977013913495691444e-01 -6.196486962231863987e-02 -1.122435969906897979e+00 -9.989147592488160088e-01 2.502131326049826868e-02 -3.928541430499023906e-02 5.603968603764754164e+01
-3.609649897985067746e-02 6.979957643330532424e-02 9.969076968364365410e-01 1.720484715907519302e+01 2.902791789312203496e-02 9.972101630617726808e-01 -6.876969095545146238e-02 -1.148821869621783565e+00 -9.989266883279570575e-01 2.645581638298507079e-02 -3.802193156661537454e-02 5.602780395938288649e+01
-3.379987583238446697e-02 7.691910519438621696e-02 9.964642060002808499e-01 1.791826906417064791e+01 2.758249548968112752e-02 9.967259611461780633e-01 -7.600371017878412849e-02 -1.228232919298112513e+00 -9.990479869749078201e-01 2.491606000602749130e-02 -3.581083417152661208e-02 5.601743286216122186e+01
-3.256276976295197773e-02 7.855972440300644510e-02 9.963774033614696268e-01 1.863579046994026100e+01 2.819534139143971621e-02 9.965815686936772000e-01 -7.765435777735808787e-02 -1.261498085095016597e+00 -9.990719667232642598e-01 2.556456664836262438e-02 -3.466647400014230551e-02 5.597262516035989677e+01
-3.044631254107478882e-02 7.486851556048640388e-02 9.967284592947220911e-01 1.938572366054038199e+01 2.876274502932611721e-02 9.968434772683789635e-01 -7.399855396949700514e-02 -1.301984720691728992e+00 -9.991225312744419496e-01 2.641567011033076756e-02 -3.250363165961944051e-02 5.596267809271840576e+01
-2.686369999868374464e-02 6.879031833941565144e-02 9.972693356184503255e-01 2.012553690554355157e+01 2.914978972872311544e-02 9.972590899389049968e-01 -6.800438975699478472e-02 -1.337669012858267781e+00 -9.992140598216687764e-01 2.724334867264070759e-02 -2.879529188715828497e-02 5.595359347513952741e+01
-2.460225719734632568e-02 6.661290200898292713e-02 9.974754855274408083e-01 2.086255079329981754e+01 2.730703386621117709e-02 9.974500227928655427e-01 -6.593768036610039851e-02 -1.363654461806996565e+00 -9.993243521695055476e-01 2.561588765533974812e-02 -2.635852232300565229e-02 5.592073439493290721e+01
-2.130860620239170486e-02 7.132435301176481834e-02 9.972254880443520708e-01 2.159386161653108260e+01 3.323037751738142781e-02 9.969514194394604178e-01 -7.059468096888137090e-02 -1.443659454026353872e+00 -9.992205918864903724e-01 3.163391244867462537e-02 -2.361377995328060170e-02 5.591073094759115492e+01
-1.814933017126022993e-02 7.664006206252403641e-02 9.968935734511681357e-01 2.231471278973544159e+01 3.531717298216253270e-02 9.964847803345669996e-01 -7.596564668323271818e-02 -1.518500755153000092e+00 -9.992113915628008103e-01 3.382874469588800087e-02 -2.079224121415349305e-02 5.588733113013167042e+01
-1.539408811729165057e-02 7.743766844091014290e-02 9.968782892824893382e-01 2.306694687105979114e+01 2.991451263393808332e-02 9.965858508107817704e-01 -7.695299552697330847e-02 -1.550329380515186095e+00 -9.994339647941250515e-01 2.863651388477347209e-02 -1.765804010004951019e-02 5.592596972249428688e+01
-1.248727373054089700e-02 7.518519155614501737e-02 9.970913443663548259e-01 2.379469836937573035e+01 2.488536721926505602e-02 9.968836531810963963e-01 -7.485786652754983228e-02 -1.594945414244302695e+00 -9.996123711505453535e-01 2.387821991401052266e-02 -1.431936972395202526e-02 5.590717056923791262e+01
-8.109992523648865484e-03 7.112394410070912998e-02 9.974344622974099517e-01 2.450541281997642784e+01 2.989531341517774610e-02 9.970387018512323341e-01 -7.085264247396765025e-02 -1.632426629116345840e+00 -9.995201870248119347e-01 2.924400841240352988e-02 -1.021224858922122579e-02 5.589005768322137868e+01
-4.090957601309256828e-03 7.180095538774482200e-02 9.974105377689662655e-01 2.527653045376715468e+01 3.374941509935067141e-02 9.968606379957289931e-01 -7.162293679495712606e-02 -1.701387051616393364e+00 -9.994220064685362948e-01 3.336902329576659637e-02 -6.501354435982035183e-03 5.585505759956617311e+01
