1.000000000000000000e+00 0.000000000000000000e+00 0.000000000000000000e+00 0.000000000000000000e+00 0.000000000000000000e+00 1.000000000000000000e+00 0.000000000000000000e+00 0.000000000000000000e+00 0.000000000000000000e+00 0.000000000000000000e+00 1.000000000000000000e+00 0.000000000000000000e+00
9.999999804095077716e-01 1.595705433680372426e-04 -1.171248302007712056e-04 4.369638985645148306e-03 -1.596052473667359823e-04 9.999999433515007752e-01 -2.963497264045533209e-04 -3.215259049619297645e-03 1.170775348789560179e-04 2.963684143364132481e-04 9.999999492293055736e-01 3.542665933605007610e-04
9.999998748028687823e-01 4.943502668077186680e-04 -7.753747803791722053e-05 2.740066584086004245e-02 -4.943848513170132509e-04 9.999997780423833804e-01 -4.466528885494139701e-04 -1.583306212072519900e-04 7.731665785325853805e-05 4.466911659843049508e-04 9.999998972445630629e-01 -9.772580434010661073e-04
9.999995634614081697e-01 9.226979807563552441e-04 -1.473276262438886629e-04 6.111309575510686515e-02 -9.227362066900272452e-04 9.999995405813925098e-01 -2.596052709478802265e-04 4.573790476617250436e-04 1.470880212995384390e-04 2.597411021551416783e-04 9.999999554498358867e-01 4.398179478790853643e-03
9.999991194128361460e-01 1.288890460638447526e-03 -3.161248690110874120e-04 9.987377597232453830e-02 -1.289073484328758911e-03 9.999990012681678753e-01 -5.794412987882392512e-04 5.209060911305565464e-03 3.153777169246096707e-04 5.798482967260485668e-04 9.999997821564005074e-01 5.730073961715569618e-03
9.999976922921010036e-01 2.048037348599238833e-03 -6.488092873173013269e-04 1.530571098889845494e-01 -2.048589280579944660e-03 9.999975393969122717e-01 -8.511651310481026808e-04 -5.239890053723739498e-06 6.470644728769536693e-04 8.524923105587453283e-04 9.999994272820501573e-01 6.659468032198919731e-03
9.999954046283433540e-01 2.936616048683524192e-03 -7.529995873152983557e-04 2.260770802192393902e-01 -2.937318887728443666e-03 9.999952499037749742e-01 -9.339848170049415725e-04 1.625708948111147332e-03 7.502532556919578287e-04 9.361923249078585091e-04 9.999992803317325762e-01 3.981655852590912543e-03
9.999942258280941632e-01 3.325574121685262539e-03 -6.991904116177667054e-04 3.154753513090839956e-01 -3.325886159274685575e-03 9.999943699468435421e-01 -4.455960849925289457e-04 4.505113406329235709e-03 6.977046123296073207e-04 4.479189397568307334e-04 9.999996562883896045e-01 4.827416421719271655e-03
9.999933429156757647e-01 3.566759532434473755e-03 -7.696432741549918705e-04 4.240182978886544718e-01 -3.567010884105158239e-03 9.999935852350096965e-01 -3.254568850687617788e-04 -1.254029428937865299e-03 7.684775106270463375e-04 3.282000444106232453e-04 9.999996508634623194e-01 3.058772345332332141e-03
9.999900801205583445e-01 4.317703044634888659e-03 -1.094121061650033368e-03 5.592567701331295771e-01 -4.318204498027748348e-03 9.999905723741515651e-01 -4.563690720944874241e-04 -8.087022295293228372e-03 1.092140280553971455e-03 4.610891834581154827e-04 9.999992973129393503e-01 2.472076705866557179e-03
9.999833701814797582e-01 5.587773124825804079e-03 -1.426937978740176012e-03 6.969640029746092535e-01 -5.588686708974648781e-03 9.999841802437396954e-01 -6.370581801909140814e-04 -1.654098433258923860e-03 1.423355668350932170e-03 6.450222953453069999e-04 9.999987790016945377e-01 5.710939524682960219e-03
9.999723053881325319e-01 7.240818866638671844e-03 -1.720174085345353926e-03 8.172209393725844429e-01 -7.242305256420302623e-03 9.999734048344239845e-01 -8.594407611344005672e-04 -8.990814331710382870e-03 1.713905282152754228e-03 8.718749850763523246e-04 9.999981511796380840e-01 2.979014015799885153e-03
9.999651590455166383e-01 8.166761313458982541e-03 -1.727629799337041493e-03 9.199830221546551057e-01 -8.167802330572942332e-03 9.999664651089162914e-01 -5.963746031004816574e-04 -1.133117679901108482e-02 1.722701414422957850e-03 6.104647635414723597e-04 9.999983298149098809e-01 1.342000022308326330e-02
9.999588921550729426e-01 8.888918769781295123e-03 -1.789168271428405411e-03 1.047614328809609585e+00 -8.889282972684943093e-03 9.999604703915100368e-01 -1.957105556554118817e-04 -1.880763764714841330e-02 1.787357891075503150e-03 2.116069334667160945e-04 9.999983802858257720e-01 1.677459103387915831e-02
9.999466986166503091e-01 1.014865228492345568e-02 -1.898626467119398113e-03 1.227230286719991126e+00 -1.014801806530588567e-02 9.999484485818465052e-01 3.433774954491305227e-04 -1.558175400385108066e-02 1.902013409036255745e-03 -3.240918972660162449e-04 9.999981386529847027e-01 1.456411092071668162e-02
9.999272468193064478e-01 1.189054587888842794e-02 -2.028789556302811135e-03 1.428962309295751076e+00 -1.188961675897684707e-02 9.999292058251370019e-01 4.694158449789685673e-04 -8.380275196419271003e-03 2.034227540461201397e-03 -4.452601631741233044e-04 9.999978318284998835e-01 9.894472330122956391e-03
9.999052461913857659e-01 1.361124862691380326e-02 -2.057316154748181723e-03 1.620164011786258351e+00 -1.360972626456589778e-02 9.999071004783781635e-01 7.521728033784666782e-04 -1.302874795199840570e-02 2.067363042098767627e-03 -7.241020224348185567e-04 9.999976008402786665e-01 1.613308042874665033e-02
9.998829796301615946e-01 1.514681739470052739e-02 -2.144986881435941798e-03 1.806542872937722866e+00 -1.514529961095711919e-02 9.998850426417917880e-01 7.220809626602237236e-04 -2.429226946432694670e-02 2.155677527896264836e-03 -6.895099954979999396e-04 9.999974388119010626e-01 1.702243925510578751e-02
9.998574562861098913e-01 1.672632184547932083e-02 -2.301579151647484278e-03 2.008264868692108518e+00 -1.672542324436020883e-02 9.998600366223211466e-01 4.091245623397932424e-04 -3.577152910648310341e-02 2.308100163960010495e-03 -3.705713587635338954e-04 9.999972676715177533e-01 1.407706476572017328e-02
9.998313605957448447e-01 1.821470387360028809e-02 -2.339857273123567907e-03 2.235016088196613016e+00 -1.821327588257250218e-02 9.998339259516035860e-01 6.301569871228565340e-04 -3.751924388968550655e-02 2.350946806467873844e-03 -5.874342517827175732e-04 9.999970639807463924e-01 1.578643412681180955e-02
9.997925980367551313e-01 2.023516105938204593e-02 -2.301992140771010401e-03 2.475585650684127170e+00 -2.023283589706294586e-02 9.997947657864048043e-01 1.028910914688526378e-03 -3.740128510549075441e-02 2.322339871298774536e-03 -9.821216873242672417e-04 9.999968210822040016e-01 1.951926405963672756e-02
9.997529223554622035e-01 2.213458319157856138e-02 -2.038251370185978264e-03 2.735380866203942940e+00 -2.213121681420120515e-02 9.997536971417693152e-01 1.659606485347037835e-03 -2.775710155219634351e-02 2.074484040862906945e-03 -1.614087450690349567e-03 9.999965456128664387e-01 2.407776063613270914e-02
9.997053595155164230e-01 2.419678184800256107e-02 -1.926111147408388763e-03 2.996284135024418482e+00 -2.419220537330563428e-02 9.997045286197664415e-01 2.364879765704813210e-03 -3.599950189907130671e-02 1.982764516476694886e-03 -2.317586099934983417e-03 9.999953487089535686e-01 2.009706539018776827e-02
9.996636915260398437e-01 2.585746735961975962e-02 -1.973632761356141664e-03 3.267042642000988817e+00 -2.585236356712296291e-02 9.996624704921721616e-01 2.569121927863418208e-03 -5.367260421076480020e-02 2.039397588454180434e-03 -2.517234838693877940e-03 9.999947521793517424e-01 1.835946043359023769e-02
9.996172003815321228e-01 2.759556318939241845e-02 -1.984337080227831836e-03 3.549096710832346790e+00 -2.758902601160693330e-02 9.996140684867191872e-01 3.249573381137203787e-03 -7.358556524623356687e-02 2.073245069593340241e-03 -3.193583518364519983e-03 9.999927513133245460e-01 2.135843101882670472e-02
9.995504559585428606e-01 2.991436148319599059e-02 -2.004238040209333459e-03 3.828297425496851147e+00 -2.990773809208767051e-02 9.995473572718982513e-01 3.256957626262913918e-03 -7.917741975415543143e-02 2.100760644202528688e-03 -3.195551253987968712e-03 9.999926876017138921e-01 2.721587553975568508e-02
9.994829218634380119e-01 3.206775744553924667e-02 -2.355384414166333037e-03 4.117315100226935698e+00 -3.206101261999111385e-02 9.994818570856643936e-01 2.847600107477585470e-03 -8.325555621277420937e-02 2.445480137970078814e-03 -2.770611666292820477e-03 9.999931716456315067e-01 3.299888453723241050e-02
9.994236346721484532e-01 3.380752325850218398e-02 -3.074057552743194796e-03 4.418965529523990021e+00 -3.380065572013304931e-02 9.994260411112879661e-01 2.259208159297656192e-03 -9.492674260351893767e-02 3.148671402477639780e-03 -2.154000869042090992e-03 9.999927230478506957e-01 3.757103293251431303e-02
9.993752166280200910e-01 3.514586321460021201e-02 -3.734258774965381212e-03 4.754414034920965371e+00 -3.513741311422895197e-02 9.993798325398713933e-01 2.304888764886748719e-03 -1.066986208582539064e-01 3.812950214441026848e-03 -2.172236515460791804e-03 9.999903713532360960e-01 4.234368284644733638e-02
9.993278643197408551e-01 3.646519295114702963e-02 -3.756234441729165187e-03 5.098001982540055543e+00 -3.645175542995339468e-02 9.993289805646856649e-01 3.585823423012769913e-03 -1.141952232165538011e-01 3.884471678424071279e-03 -3.446491923939574466e-03 9.999865161956923432e-01 4.709516831621582411e-02
9.992805623460712106e-01 3.773613542364699647e-02 -3.787056985021421650e-03 5.458039678604589717e+00 -3.771374579434210589e-02 9.992716410817614747e-01 5.818995439343519448e-03 -1.172491605336647147e-01 4.003885048221154930e-03 -5.671984930474628477e-03 9.999758984552923335e-01 4.334338456862245337e-02
9.992256400102008662e-01 3.915049603075293483e-02 -3.919056870024053424e-03 5.834184763949277652e+00 -3.911782814598909613e-02 9.992018432832912023e-01 8.091470843675358654e-03 -1.213966255136971900e-01 4.232713945608345893e-03 -7.931900139259432519e-03 9.999595837296803014e-01 4.852579838901482229e-02
9.991694436844664740e-01 4.057998719433172224e-02 -3.699654927386549635e-03 6.191975283295783505e+00 -4.054226924523321451e-02 9.991301940499716094e-01 9.756010563394037008e-03 -1.392667028857919875e-01 4.092335729247951852e-03 -9.597915241025640684e-03 9.999455649240638344e-01 5.897249041054847263e-02
9.991310984242043336e-01 4.150472775102960477e-02 -3.795488895512796803e-03 6.574448677178589051e+00 -4.146678443912995421e-02 9.990939361695446719e-01 9.581883819204132721e-03 -1.509369711258272129e-01 4.189743419563741501e-03 -9.416171385383195064e-03 9.999468894728955615e-01 4.548911601199830124e-02
9.991127884554029670e-01 4.199749723013564140e-02 -3.137860939275308268e-03 6.988034149779783988e+00 -4.196470135358335712e-02 9.990703040155933801e-01 9.873777113881120060e-03 -1.733374997348007818e-01 3.549617609551635432e-03 -9.733337587631143289e-03 9.999463297368670345e-01 3.504528721004256803e-02
9.991174497153224587e-01 4.197555019407621379e-02 -1.541058160792796710e-03 7.420586633277202360e+00 -4.195862697355750431e-02 9.990719460533640239e-01 9.732431948808534933e-03 -1.871306474968477129e-01 1.948152161462321248e-03 -9.659181903708246447e-03 9.999514512755640627e-01 2.756900595358321646e-02
9.991614026376983704e-01 4.093378075160550300e-02 9.576389961439999918e-04 7.834210355731971553e+00 -4.094134119040330339e-02 9.991111409623731898e-01 1.003666211426679569e-02 -1.964531993430888024e-01 -5.459492636041513112e-04 -1.006745242076982107e-02 9.999491728788804101e-01 2.063932920968289744e-02
9.992342221822068105e-01 3.908628904207381988e-02 1.797561915404619765e-03 8.234932104117250518e+00 -3.910409616865779397e-02 9.991717247098248489e-01 1.125762866799777384e-02 -2.145782321426963346e-01 -1.356054111241833003e-03 -1.131929985969197007e-02 9.999350151724529789e-01 2.506692777270357747e-02
9.993265163630052905e-01 3.667494288583373480e-02 1.209238645113393977e-03 8.648468818794549762e+00 -3.668727858200873659e-02 9.992474583130049881e-01 1.259208661205100076e-02 -2.233681111427038013e-01 -7.465145853129789540e-04 -1.262796972280757525e-02 9.999199853471545385e-01 3.199396470374962081e-02
9.994215779080515283e-01 3.400549194225394034e-02 3.689573766601470265e-04 9.079870449582344349e+00 -3.400737870168953070e-02 9.993311982828142481e-01 1.344077127528024197e-02 -2.351451029551203387e-01 8.834942196615200609e-05 -1.344554410947466049e-02 9.999096006829716332e-01 2.853938590251897667e-02
9.994786596901605868e-01 3.228581269592659120e-02 -1.874100418860218825e-04 9.500405255538629135e+00 -3.227979817680382002e-02 9.993757896004059615e-01 1.435429518401615256e-02 -2.424447838077319894e-01 6.507331442820748048e-04 -1.434076215298900336e-02 9.998969542344082750e-01 2.856254119256803128e-02
9.995241020235101637e-01 3.083769231032411351e-02 -7.785930063468416221e-04 9.941579850296625054e+00 -3.082178455665841865e-02 9.994028498655781467e-01 1.561925981932937683e-02 -2.445336371215104110e-01 1.259789997851929431e-03 -1.558782901928814149e-02 9.998777087802421804e-01 5.794692243751014410e-02
9.995819778451059401e-01 2.883750803834821477e-02 -2.065840604739909835e-03 1.036638948352465661e+01 -2.879789134586711874e-02 9.994379707447770267e-01 1.715879038842041751e-02 -2.491013393640741647e-01 2.559496297637825057e-03 -1.709212578061369489e-02 9.998506429537373785e-01 8.262166202457588149e-02
9.996459106947547246e-01 2.635868573982590168e-02 -3.643201521114160495e-03 1.080551485101483422e+01 -2.628972350963491161e-02 9.994952967062525895e-01 1.783261898507264992e-02 -2.613960628160021948e-01 4.111407185052251383e-03 -1.773052588472554675e-02 9.998343486712235606e-01 8.214832813805031386e-02
9.997071898577875038e-01 2.378036104422411381e-02 -4.475374314188929926e-03 1.126179435899364378e+01 -2.369615336271850212e-02 9.995569341553002252e-01 1.801187657817661381e-02 -2.735823474509528341e-01 4.901720356801110394e-03 -1.790055336192965599e-02 9.998277568295853568e-01 7.638338847396539122e-02
9.997719898197868771e-01 2.098250009907506528e-02 -3.962708843209821093e-03 1.173841040754941467e+01 -2.091098819632363284e-02 9.996316680272281374e-01 1.729909968046220922e-02 -2.823446187801590401e-01 4.324227611603289646e-03 -1.721229115178071756e-02 9.998425066423558549e-01 6.590118751019150012e-02
9.998323684024158498e-01 1.802225252694325541e-02 -3.230094220101370917e-03 1.223926479194947703e+01 -1.796430921501853545e-02 9.996915363098697327e-01 1.714980538780358152e-02 -2.954638008141924899e-01 3.538175976805698134e-03 -1.708890412716461762e-02 9.998477137376919899e-01 6.436642549239234012e-02
9.998842541134276285e-01 1.513942804794364723e-02 -1.508673064485005749e-03 1.273320816127024280e+01 -1.511016683053032980e-02 9.997270984952895123e-01 1.781604312251106048e-02 -2.935874407702342981e-01 1.777986048287909107e-03 -1.779118468710754603e-02 9.998401434794670362e-01 8.017612243966987240e-02
9.999106981686013418e-01 1.202515384015117109e-02 5.830211239818048306e-03 1.323895169933145333e+01 -1.216744102967493892e-02 9.996129755855354126e-01 2.501704258742509443e-02 -2.762573101256336483e-01 -5.527121019987352342e-03 -2.508574727115689060e-02 9.996700236663486061e-01 6.389525648086570586e-02
9.998875435959483360e-01 8.211616215712225567e-03 1.254868601831535604e-02 1.375083478084489386e+01 -8.594901298236194698e-03 9.994885671756924550e-01 3.080148952169057402e-02 -2.655973695344396868e-01 -1.228933819755925923e-02 -3.090588041468950858e-02 9.994467463164102838e-01 1.695096944726526972e-02
9.999190676665690170e-01 3.488720825445102737e-03 1.223466157363732425e-02 1.425995703811377524e+01 -3.798750928538643153e-03 9.996699138933989870e-01 2.540930435386273487e-02 -2.681464054557511911e-01 -1.214197711257350432e-02 -2.545372435158372443e-02 9.996022610560819643e-01 1.171544877524007162e-02
9.999817624957427764e-01 -1.400401352944795905e-03 5.874823568297830173e-03 1.478302002559502171e+01 1.301036440816298384e-03 9.998566163353165281e-01 1.688354449372019353e-02 -2.928867721549855974e-01 -5.897624953116746734e-03 -1.687559322045989116e-02 9.998402034192113152e-01 6.527719550871412257e-02
9.999834509030078866e-01 -5.740376745722407595e-03 3.820928274427287013e-04 1.530282367354525874e+01 5.734467353317304270e-03 9.998856114842298304e-01 1.399570759131115762e-02 -3.051775241169637498e-01 -4.623897548084043179e-04 -1.399328487614385184e-02 9.999019822833085103e-01 1.393810933715848022e-01
9.999366375778049321e-01 -9.600204359011660013e-03 -5.878512214740580152e-03 1.582411416380015545e+01 9.703982195131445609e-03 9.997929162500627243e-01 1.788735155778389471e-02 -2.629008027041656037e-01 5.705572639990886576e-03 -1.794326314972824465e-02 9.998227271613649991e-01 1.428497184864592762e-01
9.998389908598707132e-01 -1.355029420789864193e-02 -1.176358292336011739e-02 1.637650686605371320e+01 1.384245554307864633e-02 9.995885883143977857e-01 2.512052022087564451e-02 -2.279167781939571702e-01 1.141835280823256735e-02 -2.527931246115920974e-02 9.996152147604786542e-01 4.604037421720538759e-02
9.997595249452434496e-01 -1.868079386655635901e-02 -1.148565286679251868e-02 1.696178317028485694e+01 1.897569965675848652e-02 9.994785184586495452e-01 2.612688198464646269e-02 -2.304792384668694627e-01 1.099159241410110031e-02 -2.633854742043263697e-02 9.995926499409566457e-01 -5.971445635097721860e-02
9.996965794490969559e-01 -2.399863691550113351e-02 -5.551077730805674404e-03 1.752434547797872000e+01 2.410319798430269472e-02 9.995172049760404631e-01 1.960593797331994237e-02 -2.376629235074326774e-01 5.077881911290089631e-03 -1.973378785439096339e-02 9.997923748119971199e-01 -2.135684603608962312e-02
9.995941286179180763e-01 -2.847231611239868510e-02 -9.514451013296193731e-04 1.808477224845925946e+01 2.848403385166314514e-02 9.994618333720598491e-01 1.626970952716869437e-02 -2.220826518390608684e-01 4.876967526133148506e-04 -1.629020711215110190e-02 9.998671868323916190e-01 1.257783138841222503e-01
9.994612763979989767e-01 -3.267433760841442075e-02 -3.089440521188659659e-03 1.867081686767461690e+01 3.272049571464122342e-02 9.993315401468368941e-01 1.630466276679992665e-02 -1.751077159166370689e-01 2.554631298397744797e-03 -1.639696708547897647e-02 9.998622971836306217e-01 1.807579993577319299e-01
9.992334244780951558e-01 -3.768970743301278126e-02 -1.058533699948509266e-02 1.926595189759437332e+01 3.785813993908902081e-02 9.991519677894152851e-01 1.618970360727610761e-02 -1.614914543533449154e-01 9.966175100364208991e-03 -1.657803414621280419e-02 9.998129045665072878e-01 1.202879087894147547e-01
9.989640539338194847e-01 -4.235574953761605393e-02 -1.663759084770067773e-02 1.986785515011055736e+01 4.255704655530623270e-02 9.990227250139992465e-01 1.193703037160724796e-02 -1.331040202129609440e-01 1.611572947769520509e-02 -1.263271098022564383e-02 9.997903269569533569e-01 4.819453038451507187e-02
9.988154693734367928e-01 -4.612649906220077367e-02 -1.549206973215363353e-02 2.048193926333768644e+01 4.627898586388396601e-02 9.988821072273215140e-01 9.632825572816453366e-03 -1.133789180101079375e-01 1.503042273961537056e-02 -1.033837247204175483e-02 9.998335883770347321e-01 5.563817277762763552e-02
9.987515400573938606e-01 -4.948036730730488025e-02 -6.859627112189910225e-03 2.111982909844916279e+01 4.955112845626437335e-02 9.987157522462648540e-01 1.056086567891795745e-02 -7.890084626242377386e-02 6.328262138603650555e-03 -1.088758312535677807e-02 9.999207036720429986e-01 9.610124520781805624e-02
9.985587034860624600e-01 -5.344081479406436602e-02 4.959335276058388434e-03 2.177330994410970177e+01 5.334307053158867523e-02 9.984121629760621675e-01 1.810164765216688842e-02 -1.690285526270040445e-02 -5.918827459539802681e-03 -1.781101163908871757e-02 9.998238521589172256e-01 1.039326347226234432e-01
9.982967619425404671e-01 -5.692159644397371682e-02 1.278698374551394401e-02 2.241129453844983743e+01 5.665273039422998730e-02 9.981837157820092621e-01 2.048750073824572721e-02 2.293355538316758577e-02 -1.392994019790929662e-02 -1.972818810459610328e-02 9.997083351459026268e-01 3.783766608123752262e-02
9.981101658869885318e-01 -5.995761720131037587e-02 1.346034518834531360e-02 2.303981734191335917e+01 5.969938719265198424e-02 9.980387790289416694e-01 1.883026083837055498e-02 6.097440353686191250e-02 -1.456296404823209482e-02 -1.799110040993552595e-02 9.997320843026743509e-01 7.702437186864198593e-02
9.980197591042024863e-01 -6.224211999949091217e-02 9.081791428930310189e-03 2.370266222702178283e+01 6.207475247917104005e-02 9.979149962986769706e-01 1.767442408852980609e-02 1.073816592336358788e-01 -1.016294948522651100e-02 -1.707567451612172077e-02 9.998025484052239786e-01 1.286585518504238246e-01
9.979970335438544948e-01 -6.325406538872981044e-02 -9.188304875714574209e-04 2.437068044080865192e+01 6.325845993642383036e-02 9.977325401716543585e-01 2.298141703833492949e-02 1.591821978933569137e-01 -5.369209797166773351e-04 -2.299350983247886587e-02 9.997354701226945917e-01 1.739443260278887016e-01
9.978766355974639790e-01 -6.369409385606786267e-02 -1.361185279602655437e-02 2.505019300753191658e+01 6.403163521492687138e-02 9.976092129775290251e-01 2.599630500778516914e-02 2.079181429296879102e-01 1.192349866393319253e-02 -2.681269457196861633e-02 9.995693620701874282e-01 8.818241917452852852e-02
9.976642518009941618e-01 -6.531227619729429446e-02 -2.000867952391767110e-02 2.574270731000914481e+01 6.584626373667927524e-02 9.974561220967613773e-01 2.730483553530815496e-02 2.602805000350479903e-01 1.817443892620005524e-02 -2.855855510383697657e-02 9.994268851197164460e-01 6.243303502283207435e-02
9.975717249637334749e-01 -6.669948667994532454e-02 -2.004574841489496079e-02 2.641757720475791871e+01 6.720705506533260210e-02 9.974050696656364678e-01 2.581353820638240121e-02 3.058915544441827006e-01 1.827198134649927336e-02 -2.709807155350378235e-02 9.994657719080500824e-01 7.957603573018841303e-02
9.976102690495932679e-01 -6.755097511900563789e-02 -1.451264439271853467e-02 2.710567303157862185e+01 6.787570689136768198e-02 9.974242855065629243e-01 2.318799464635768609e-02 3.450958887996375957e-01 1.290889231480236640e-02 -2.411763757489223531e-02 9.996257800082043454e-01 1.119339712981589907e-01
9.976531102078129987e-01 -6.821214758354997298e-02 -5.947656237302621079e-03 2.783039138190743245e+01 6.831871318818712180e-02 9.974616272541788620e-01 2.007126263480723052e-02 4.039521900781473662e-01 4.563454939774677123e-03 -2.043049381403150982e-02 9.997808608897889027e-01 1.617813460130073100e-01
9.976225872508170944e-01 -6.891105034967644205e-02 6.637369134654596886e-04 2.855550608531514101e+01 6.888362043551789216e-02 9.974200889123850944e-01 2.020428344944267401e-02 4.539216321539994992e-01 -2.054322925306829774e-03 -2.011052892676566325e-02 9.997956523128135320e-01 1.794967030587023282e-01
9.976016275206387451e-01 -6.921682369959462899e-02 -1.551937877049723515e-04 2.928571129247326965e+01 6.920372819929512809e-02 9.973639705859750348e-01 2.181637413266180117e-02 5.091572354374757081e-01 -1.355275429789140227e-03 -2.177479033004513925e-02 9.997619825411406813e-01 1.652773656804782665e-01
9.974903823992510299e-01 -7.062688307214881611e-02 -4.977992417518240127e-03 3.003031490266459969e+01 7.072066019670923687e-02 9.972486190661569161e-01 2.222116090542275088e-02 5.537062173675466603e-01 3.394884731097169706e-03 -2.251744119912652692e-02 9.997406861779241094e-01 1.358026888613146910e-01
9.973728298180430940e-01 -7.210109705967458760e-02 -6.990718385134258618e-03 3.076047450321354404e+01 7.224225940616371688e-02 9.971300364298048002e-01 2.264390437598398295e-02 6.132787726325896749e-01 5.338004930816615985e-03 -2.308944027661861617e-02 9.997191522878168257e-01 1.278078546875331956e-01
9.973529959664678701e-01 -7.245310873935804918e-02 -6.127680696122060969e-03 3.150025746555337136e+01 7.258009360617831418e-02 9.970748025720909125e-01 2.395763110043368921e-02 6.821133897075503105e-01 4.373951169053568074e-03 -2.433896279279028005e-02 9.996941949623103785e-01 1.482619384876894264e-01
9.973334003383975688e-01 -7.272524008582989530e-02 -6.093276943306982774e-03 3.225741251065074522e+01 7.285622401889042810e-02 9.970265096454715703e-01 2.510198569590653753e-02 7.484291448768046751e-01 4.249610706722718560e-03 -2.547898189933499660e-02 9.996663254757632844e-01 1.358915323466998726e-01
9.972711540779246597e-01 -7.334871046947026574e-02 -8.379255130977515675e-03 3.301316365321741131e+01 7.353416887771471733e-02 9.969911253533151330e-01 2.452390617731838723e-02 8.001749219314415740e-01 6.555246108875234165e-03 -2.507314577782381732e-02 9.996641266491741451e-01 1.415493088175731606e-01
9.971694561221264852e-01 -7.429160722494562719e-02 -1.156861586522593688e-02 3.376575049246552851e+01 7.454948126024639465e-02 9.969348270000418788e-01 2.373448036559779040e-02 8.489011563312881536e-01 9.769883363219787620e-03 -2.452973318915609852e-02 9.996513600094474317e-01 1.831601948723883544e-01
9.971228770910612882e-01 -7.492132776746042444e-02 -1.152226658280562123e-02 3.452194391504055204e+01 7.517500827867366897e-02 9.968949296776088431e-01 2.343538592336164364e-02 9.107839783776860987e-01 9.730678904671566376e-03 -2.423414592339322160e-02 9.996589518727964085e-01 1.990298772630565705e-01
9.971036385711339323e-01 -7.573250028957198565e-02 -6.994451236207872326e-03 3.529773323580096900e+01 7.587298332301130321e-02 9.968598268825732411e-01 2.266662633283534484e-02 9.792484917484851614e-01 5.255887163149707171e-03 -2.313166547260081182e-02 9.997186112614848685e-01 1.753734696117723035e-01
9.970503771718475239e-01 -7.671026710299015672e-02 -2.465826933229274195e-03 3.606935307648907241e+01 7.674611825015068001e-02 9.968051550102844383e-01 2.212501476737746900e-02 1.036122007943553358e+00 7.607332059430139265e-04 -2.224899696414842087e-02 9.997521709999327433e-01 1.800444655850314823e-01
9.969873558508224320e-01 -7.752363747465051969e-02 -2.509562966824519219e-03 3.683947806585472762e+01 7.755985077722514498e-02 9.967533554723494449e-01 2.161522384863932486e-02 1.087943749392744852e+00 8.257245303761490433e-04 -2.174474620020152085e-02 9.997632140620541508e-01 1.933501033462382002e-01
9.969137268380597883e-01 -7.836146340639009444e-02 -4.743658362435530795e-03 3.760304492909977370e+01 7.844213785605365363e-02 9.967123557083360508e-01 2.028080340892404049e-02 1.147958257070392563e+00 3.138829466918072447e-03 -2.059031401286868720e-02 9.997830698298652008e-01 1.993302264267782509e-01
9.968344468781353829e-01 -7.939368808255320431e-02 -4.210440572257784751e-03 3.838393383698605987e+01 7.945476488025163264e-02 9.966905196178829085e-01 1.717406305039166983e-02 1.217938824548057353e+00 2.832993996850928856e-03 -1.745423720719840519e-02 9.998436496515485938e-01 1.946332577588144874e-01
9.967876077337812779e-01 -8.008075713819901020e-02 1.239921182202959049e-03 3.917567398430779235e+01 8.005231895777885354e-02 9.966718838516879231e-01 1.538772787026398796e-02 1.282417761617110186e+00 -2.468055478981141457e-03 -1.523903788629865814e-02 9.998808331128528071e-01 2.225728779915389366e-01
9.967227573831497489e-01 -8.057799661830725158e-02 7.136622135926373907e-03 3.996391894360512964e+01 8.045514705973849656e-02 9.966283335091661311e-01 1.609143120851196790e-02 1.354042719153387031e+00 -8.409175115716130758e-03 -1.546451770093357388e-02 9.998450552291343607e-01 2.328978955231530423e-01
9.966740160874348886e-01 -8.120945736238506518e-02 6.777144756511284743e-03 4.075331918581520796e+01 8.108383062102272887e-02 9.965603591793708027e-01 1.711323827055233684e-02 1.426580516552351519e+00 -8.143590606424231174e-03 -1.650680305784147164e-02 9.998305893424368485e-01 2.051714773008833093e-01
9.965979977917701627e-01 -8.240927668895248193e-02 1.068603312011118765e-03 4.154071176361574658e+01 8.237977564282272791e-02 9.964592181501404911e-01 1.681068495477462330e-02 1.493533814471781795e+00 -2.450176008568083399e-03 -1.666546366634198001e-02 9.998581194141060724e-01 1.737524959276339764e-01
9.965044662748988591e-01 -8.353367231187583397e-02 -9.870583929105327444e-04 4.233582175612946941e+01 8.353878857883914599e-02 9.963774823488272814e-01 1.591174003659482153e-02 1.551146254145064463e+00 -3.456833216691912328e-04 -1.593857767507218109e-02 9.998729130468215764e-01 1.909894103750975070e-01
9.964245188614755389e-01 -8.433359822674839357e-02 5.101217678795140660e-03 4.316098605362151375e+01 8.424606876054278881e-02 9.963251325074448106e-01 1.545413318231512491e-02 1.615391692497663012e+00 -6.385774038514912924e-03 -1.496911968527923735e-02 9.998675649033610391e-01 2.089248381327688253e-01
9.962463445331871670e-01 -8.531123676659332911e-02 1.467016992458750058e-02 4.398815911544064505e+01 8.505025210310000749e-02 9.962215726989532838e-01 1.757932610833293219e-02 1.696740486869114495e+00 -1.611445380585859594e-02 -1.626563772430202059e-02 9.997378423406610981e-01 2.321757424160984795e-01
9.961144987347221313e-01 -8.643872269824987020e-02 1.685979325995489581e-02 4.479611970945287425e+01 8.609808587450024087e-02 9.960862824853267128e-01 1.998092723847382998e-02 1.788976836421646510e+00 -1.852093462059997697e-02 -1.845169539248539547e-02 9.996581965441599937e-01 2.009635037685867376e-01
9.960717932423084342e-01 -8.777642490736481395e-02 1.167398550340623814e-02 4.559681801209195129e+01 8.752227696177730665e-02 9.959465668774196700e-01 2.074335943156986606e-02 1.869145464497875775e+00 -1.344744371536587754e-02 -1.964014143439665044e-02 9.997166754145691003e-01 1.720342108086145294e-01
9.960196310767770456e-01 -8.890716663533464181e-02 6.356904164586834639e-03 4.640303324614925629e+01 8.876510852240697413e-02 9.958531756858798323e-01 1.993007740459968799e-02 1.928998186416283511e+00 -8.102469912700456176e-03 -1.928647705582490005e-02 9.997811669480921593e-01 1.696232213821135537e-01
9.959401559351551692e-01 -8.964277318284995244e-02 8.208471961743296283e-03 4.722611672075242950e+01 8.945307575204111683e-02 9.957669826553492420e-01 2.112494951380340311e-02 2.001519048416427360e+00 -1.006742441532119600e-02 -2.030491244869733064e-02 9.997431457609962102e-01 2.066685454579587355e-01
9.957655709363482099e-01 -9.029631148588482259e-02 1.724830049171543339e-02 4.805416478517442158e+01 8.990730955765456611e-02 9.957041132006529960e-01 2.213582262770650427e-02 2.088621564890705162e+00 -1.917298688030958514e-02 -2.049134176537180038e-02 9.996061731935943495e-01 1.773512083685046259e-01
9.955193960102961537e-01 -9.074433615987929913e-02 2.658190403635158142e-02 4.885576090721861675e+01 9.021844150183579158e-02 9.957138820766441301e-01 2.035922033965351444e-02 2.164981461294843701e+00 -2.831545479547902672e-02 -1.786982078146141101e-02 9.994392950674712006e-01 1.320264325171770781e-01
9.953936495178142829e-01 -9.171736646782746583e-02 2.791786502963950964e-02 4.966083520754036584e+01 9.126582883458808637e-02 9.956807244575307525e-01 1.704240097118345579e-02 2.241664307775844467e+00 -2.936036421338471952e-02 -1.441595060803002593e-02 9.994649315415345958e-01 1.288627363499527945e-01
9.953611185579535059e-01 -9.274634614889221140e-02 2.558044055699514388e-02 5.045227282969696603e+01 9.241743969631757705e-02 9.956253255551702486e-01 1.375601516206868651e-02 2.304129111872611713e+00 -2.674435460125360042e-02 -1.132812381603551764e-02 9.995781175614893987e-01 1.653531726420004455e-01
9.952226503764692866e-01 -9.382580311051175181e-02 2.699249614806783354e-02 5.126653743747171177e+01 9.347085148708665636e-02 9.955217868958120553e-01 1.412698616296220906e-02 2.382849197047775647e+00 -2.819709382037382389e-02 -1.153648501221315320e-02 9.995358089701678050e-01 1.750160908839559493e-01
9.948792574963296609e-01 -9.488386363458381489e-02 3.481832025422206683e-02 5.207206233411612573e+01 9.430642034184918976e-02 9.953827909002839203e-01 1.787172800453755081e-02 2.469795584162680857e+00 -3.635329539200436721e-02 -1.449662034183888878e-02 9.992338494630805812e-01 1.242569081600645442e-01
9.943790450798285496e-01 -9.623564026852363118e-02 4.414766413113357935e-02 5.287837202844666962e+01 9.535164698228638935e-02 9.952067665775210514e-01 2.171532122905547521e-02 2.557912725915159058e+00 -4.602584191401067060e-02 -1.738370790202552543e-02 9.987889810043377725e-01 4.670857713759158508e-02
9.941308302905227379e-01 -9.731370751936807562e-02 4.726451729057527112e-02 5.366862349071364946e+01 9.627378703803701754e-02 9.950701413476498169e-01 2.380696804977465789e-02 2.637855791183628007e+00 -4.934825422677987378e-02 -1.911690684193396300e-02 9.985986649688481931e-01 1.999497182548965954e-02
9.942278968271295314e-01 -9.845007209398198844e-02 4.264355139282089563e-02 5.444619171923174150e+01 9.745120507625931738e-02 9.949286134638128942e-01 2.490615867931954969e-02 2.718712016271012111e+00 -4.487930257799530726e-02 -2.060673228982084701e-02 9.987798610226622520e-01 2.757143410037563025e-02
9.943964603894729359e-01 -9.973063197734165219e-02 3.506395029495876919e-02 5.524806628133450204e+01 9.876811434238205734e-02 9.947110672987318214e-01 2.819134942970764543e-02 2.816414543623350308e+00 -3.769004051652692644e-02 -2.457017783447599732e-02 9.989873708946699349e-01 3.372719996673449738e-02
9.943999654833938218e-01 -1.010891687854634235e-01 3.081701804019093896e-02 5.604348890059625177e+01 1.001294118602835403e-01 9.944837381916029617e-01 3.124412509527533383e-02 2.900658146006461546e+00 -3.380546593583755310e-02 -2.798346702464856589e-02 9.990365939474595836e-01 -1.710637509275682658e-02
9.942291227940243115e-01 -1.024952637494710855e-01 3.167289530736240588e-02 5.682721156220705438e+01 1.015175981512773384e-01 9.943482877086782246e-01 3.107507033644700545e-02 2.972459683935989361e+00 -3.467893674581954550e-02 -2.768038366326801628e-02 9.990150988380674946e-01 -7.542087554020690532e-02
9.939948774166611489e-01 -1.040747176055604045e-01 3.380291148347286390e-02 5.759786737847679206e+01 1.031208970043499956e-01 9.942507697155391622e-01 2.883552533033580806e-02 3.055107409596780954e+00 -3.660961991683180095e-02 -2.517657791243781140e-02 9.990124501997779127e-01 -7.995057795604494644e-02
9.938098063588304276e-01 -1.054975433231430115e-01 3.481863204960959635e-02 5.835999867863775137e+01 1.046048363955732474e-01 9.941596703759900677e-01 2.654012058297243459e-02 3.146809008155632359e+00 -3.741519728238631992e-02 -2.273363478823677009e-02 9.990411827655730770e-01 -6.354483024890278386e-02
9.935963447307585295e-01 -1.070700494049549312e-01 3.608750833870390945e-02 5.912243316371663582e+01 1.061795504700820819e-01 9.940133624560081316e-01 2.575535518822991490e-02 3.237592544532961192e+00 -3.862909265886024096e-02 -2.175867135927869386e-02 9.990166932644479747e-01 -7.932209583214458459e-02
9.933679738850385021e-01 -1.086288399821325606e-01 3.768081187646913494e-02 5.990623541312912437e+01 1.076522814915204379e-01 9.938205633627817948e-01 2.704947553933880963e-02 3.314292795552832516e+00 -4.038631883700299907e-02 -2.281365734421121269e-02 9.989236618928278855e-01 -1.120394239906601086e-01
9.931421170030390044e-01 -1.100387712188011652e-01 3.949942105117638935e-02 6.066533026138930040e+01 1.089332267522577086e-01 9.936220439708586261e-01 2.913392943827310469e-02 3.395890961941837372e+00 -4.245335727669827253e-02 -2.463133296899302008e-02 9.987947786668227579e-01 -1.544577399849025312e-01
9.929170512426919171e-01 -1.113527485658577232e-01 4.142818772703015656e-02 6.139796037715247223e+01 1.101142847659956764e-01 9.934331942458834996e-01 3.106980625774330776e-02 3.477583343693410267e+00 -4.461584518969007734e-02 -2.628790515140689774e-02 9.986582861022883506e-01 -1.818708957378480928e-01
9.926631483521471955e-01 -1.128311043083956022e-01 4.346280943692882454e-02 6.210088356445047708e+01 1.116174905832449382e-01 9.933158763165574889e-01 2.941267844601479914e-02 3.571022352854047011e+00 -4.649096363275410232e-02 -2.434567226464262255e-02 9.986219898152055574e-01 -2.194890648075491502e-01
9.924892681581857223e-01 -1.144868693879050880e-01 4.310231233455458222e-02 6.282024919761505544e+01 1.133134789925794167e-01 9.931430786319753734e-01 2.875553588442084779e-02 3.659754815678599282e+00 -4.609889444907541017e-02 -2.365548780217214403e-02 9.986567527571293956e-01 -2.056212250719789136e-01
9.923582358196549880e-01 -1.160208085689180685e-01 4.200361627189694302e-02 6.354713197802463043e+01 1.148425942822674239e-01 9.929467261786240062e-01 2.946145803709478497e-02 3.740635251916646364e+00 -4.512549544792622547e-02 -2.441251626046466935e-02 9.986829921003019805e-01 -2.123276593084535702e-01
9.921142693242326338e-01 -1.178493021361321641e-01 4.267105095109168661e-02 6.426921021530121436e+01 1.165888287604171514e-01 9.926988212341929518e-01 3.092079120135925174e-02 3.832232091569161447e+00 -4.600349564455014778e-02 -2.570199031729983319e-02 9.986105777940724737e-01 -2.568745140870995480e-01
9.917357891523234104e-01 -1.201584049820961508e-01 4.496756860868478256e-02 6.496743515438807037e+01 1.187775603438629424e-01 9.923978887294494511e-01 3.222299806180587561e-02 3.924939552041784463e+00 -4.849758419940322640e-02 -2.661556231774398623e-02 9.984686255307836378e-01 -3.149693458268386093e-01
9.913936083955473544e-01 -1.221667891850291843e-01 4.705304296936199671e-02 6.564438506956682318e+01 1.207144030013699021e-01 9.921527478962395286e-01 3.257234639942079013e-02 4.017043426465924938e+00 -5.066306485477212879e-02 -2.661203603938715190e-02 9.983611838394756965e-01 -3.463621779822129154e-01
9.911773841200569590e-01 -1.237944453856507643e-01 4.735323115248563780e-02 6.632836832876122912e+01 1.224049503134583411e-01 9.919894803545737938e-01 3.120735497640086259e-02 4.098864938598894447e+00 -5.083720436532088160e-02 -2.513575456441332831e-02 9.983905911489732166e-01 -3.441753949268708257e-01
9.909619576133869012e-01 -1.256626173549459102e-01 4.693937752621437504e-02 6.700609994329943220e+01 1.243115311559227082e-01 9.917687127783596512e-01 3.068327843672783578e-02 4.191044973429422171e+00 -5.040874710518085389e-02 -2.457085577386682040e-02 9.984263774870061336e-01 -3.431476540708343625e-01
9.907331503780786308e-01 -1.275381927141248928e-01 4.671010748373893851e-02 6.767340416665655312e+01 1.261409353411520606e-01 9.915043692203140413e-01 3.174193201880993326e-02 4.288807021575338219e+00 -5.036158429981127393e-02 -2.555572766019778216e-02 9.984040342519510114e-01 -3.780301135858533668e-01
9.904459319903752279e-01 -1.296631733251442653e-01 4.695015747546048279e-02 6.833025259385574657e+01 1.282232336864847777e-01 9.912128471079704184e-01 3.249452370927148614e-02 4.367040556779921090e+00 -5.075094232325202265e-02 -2.616396780621951107e-02 9.983685635284883508e-01 -4.480441377145905069e-01
9.900792716894927237e-01 -1.320988468015284745e-01 4.788455329759088580e-02 6.897419501458210789e+01 1.306560623162447421e-01 9.909074338952622574e-01 3.211620823073988579e-02 4.452496706360304479e+00 -5.169167390225520853e-02 -2.554118487488346231e-02 9.983364256223299371e-01 -4.725291589733202069e-01
9.896719810364321690e-01 -1.345205275299255487e-01 4.953380284709033715e-02 6.963703101291777386e+01 1.330391150683040979e-01 9.905910175653889205e-01 3.209407703315251409e-02 4.546108658010308723e+00 -5.338505233926831711e-02 -2.517267550019116479e-02 9.982566666919363563e-01 -4.736628965169414895e-01
9.891620370032510046e-01 -1.372684002327062003e-01 5.211382589230000723e-02 7.028415870030414681e+01 1.356951809544899579e-01 9.902131706852762560e-01 3.262965625225391908e-02 4.644431993632890610e+00 -5.608281748724485566e-02 -2.520442221050891649e-02 9.981079373914060193e-01 -4.728142902614587695e-01
9.885821123418186973e-01 -1.403476796154958794e-01 5.484465319731706562e-02 7.089358815055626906e+01 1.385944206874375195e-01 9.897453454190162647e-01 3.457944151812965966e-02 4.726313914221022650e+00 -5.913538460263398355e-02 -2.658345440190741302e-02 9.978959496059498502e-01 -5.121487119097087870e-01
9.881001586040696338e-01 -1.432240960116458739e-01 5.607971904582757100e-02 7.149926325360766555e+01 1.414088418175939443e-01 9.893281141658035738e-01 3.512010787200518791e-02 4.832056978076602505e+00 -6.051128838835612145e-02 -2.677201603879381803e-02 9.978084200560745076e-01 -5.737410187385557636e-01
