1 0 0 0 0 1 0 0 0 0 1 0
1 -6.30067e-05 -0.00012294 0.00707948 6.30146e-05 1 6.49268e-05 0.00287926 0.000122936 -6.49345e-05 1 0.000514997
1 -7.85901e-05 -2.69271e-05 0.00642319 7.85906e-05 1 2.08252e-05 0.000652251 2.69255e-05 -2.08273e-05 1 0.000202528
1 2.99392e-05 -2.78635e-05 0.00262874 -2.9939e-05 1 7.64045e-06 -0.00280696 2.78637e-05 -7.63962e-06 1 -0.000164973
1 9.22191e-05 -1.33577e-05 0.00350492 -9.22188e-05 1 1.75743e-05 -0.00160723 1.33593e-05 -1.75731e-05 1 -0.000474011
1 6.5272e-05 -2.25973e-05 0.00293904 -6.52694e-05 1 0.000113662 -0.00230553 2.26047e-05 -0.000113661 1 1.42566e-05
1 3.4436e-05 -7.22131e-05 0.00808559 -3.4429e-05 1 9.766e-05 0.00159773 7.22165e-05 -9.76575e-05 1 0.000451935
1 4.78057e-05 -0.000102353 0.00409034 -4.77967e-05 1 8.72284e-05 0.000602952 0.000102357 -8.72235e-05 1 0.00138868
1 3.32751e-05 -5.27627e-05 0.00512233 -3.32719e-05 1 5.99341e-05 0.00027158 5.27647e-05 -5.99324e-05 1 0.00109156
1 1.97432e-05 -2.42198e-06 0.00574598 -1.97431e-05 1 4.96811e-05 -0.000114674 2.42296e-06 -4.96811e-05 1 -0.00121606
1 -3.21193e-05 -7.72281e-06 0.00217784 3.21195e-05 1 3.11631e-05 0.00341839 7.72181e-06 -3.11634e-05 1 -0.000412609
1 -5.61704e-05 -3.75195e-05 0.00578503 5.61719e-05 1 4.0457e-05 0.00415993 3.75173e-05 -4.04591e-05 1 0.0016009
1 -2.83908e-05 -6.14793e-05 0.00587127 2.83968e-05 1 9.80856e-05 -0.000278775 6.14766e-05 -9.80874e-05 1 0.000956535
1 4.19779e-05 -1.57212e-05 0.00437709 -4.19768e-05 1 6.46918e-05 -0.00156341 1.57239e-05 -6.46911e-05 1 -8.75493e-05
1 3.56522e-05 -3.54552e-05 0.00158555 -3.56497e-05 1 7.03684e-05 -0.000796541 3.54577e-05 -7.03672e-05 1 0.000828399
1 4.69235e-05 -9.79258e-05 0.00372002 -4.69089e-05 1 0.000148841 -0.000864895 9.79328e-05 -0.000148837 1 0.00225372
1 6.3774e-05 -6.3155e-05 0.0074604 -6.3767e-05 1 0.000111667 -0.00148813 6.31621e-05 -0.000111663 1 -0.000421869
1 -3.74408e-05 -7.14519e-05 0.00785479 3.7447e-05 1 8.72327e-05 0.00279758 7.14486e-05 -8.72353e-05 1 0.000302759
1 -3.4087e-05 -2.83061e-05 0.00468933 3.40877e-05 1 2.51644e-05 0.00482199 2.83053e-05 -2.51654e-05 1 -0.000412744
1 7.24926e-05 -2.36893e-05 0.00471302 -7.24921e-05 1 2.22501e-05 -0.00396742 2.36909e-05 -2.22484e-05 1 -4.26264e-06
1 4.11696e-05 -5.23708e-05 0.00171139 -4.11644e-05 1 9.82138e-05 -0.00299198 5.23748e-05 -9.82117e-05 1 0.000260533
1 -3.06929e-05 -5.76236e-05 0.00216292 3.06969e-05 1 7.02108e-05 0.00383247 5.76215e-05 -7.02126e-05 1 0.00125486
1 -5.49273e-05 -3.31872e-05 0.00104007 5.4927e-05 1 -9.38687e-06 0.00426838 3.31877e-05 9.38505e-06 1 0.000325611
1 -2.42526e-05 -3.83135e-05 0.00296283 2.42527e-05 1 2.4865e-06 0.00206278 3.83134e-05 -2.48743e-06 1 0.000320692
1 2.86053e-06 -2.29402e-05 0.00272091 -2.85917e-06 1 5.92376e-05 0.00143831 2.29404e-05 -5.92375e-05 1 -0.000304434
1 3.38368e-05 -6.59206e-05 0.00243013 -3.38332e-05 1 5.54331e-05 0.00103209 6.59225e-05 -5.54309e-05 1 0.00153963
1 -5.27957e-05 -5.60099e-05 0.00182066 5.28028e-05 1 0.000125519 -9.20194e-05 5.60033e-05 -0.000125522 1 0.00199253
1 -8.70841e-05 -4.98414e-05 0.00264693 8.70865e-05 1 4.94067e-05 0.00324897 4.98371e-05 -4.9411e-05 1 0.00195874
1 -1.17183e-05 -3.11844e-05 0.00492992 1.17194e-05 1 3.37603e-05 0.00231072 3.1184e-05 -3.37607e-05 1 0.000434819
1 3.93069e-05 -3.07018e-05 0.00136337 -3.93054e-05 1 4.88715e-05 8.03919e-05 3.07037e-05 -4.88703e-05 1 0.000525284
1 4.47884e-05 -5.07879e-05 0.00335717 -4.47837e-05 1 9.14289e-05 -0.00229089 5.0792e-05 -9.14266e-05 1 0.00124619
1 -3.38225e-05 -7.16605e-05 0.00555624 3.38351e-05 1 0.000175525 0.000914934 7.16545e-05 -0.000175528 1 0.000637865
1 3.5201e-06 -5.59394e-05 0.00253016 -3.51964e-06 1 8.31622e-06 -0.000348932 5.59394e-05 -8.31602e-06 1 0.000764298
1 2.56016e-05 -2.79385e-05 0.000361131 -2.56003e-05 1 4.90077e-05 -0.000727884 2.79397e-05 -4.9007e-05 1 0.000579576
1 2.75555e-05 -5.51488e-05 0.00391415 -2.75505e-05 1 8.9115e-05 -0.00236131 5.51512e-05 -8.91134e-05 1 0.000938455
1 -3.98052e-05 -8.16334e-05 0.00370461 3.98098e-05 1 5.54309e-05 0.00191065 8.16312e-05 -5.54341e-05 1 0.00219537
1 -1.37472e-05 -5.34317e-05 0.00337525 1.37497e-05 1 4.76053e-05 0.00149511 5.3431e-05 -4.7606e-05 1 0.00126012
1 -4.13998e-06 -5.00615e-05 0.00440398 4.1435e-06 1 7.02873e-05 0.00253471 5.00612e-05 -7.02875e-05 1 0.000931753
1 1.8781e-05 -8.22355e-05 0.00573166 -1.87752e-05 1 6.97379e-05 0.00209917 8.22368e-05 -6.97364e-05 1 0.00253237
1 4.73684e-05 -3.83067e-05 -8.28372e-05 -4.73646e-05 1 0.000100005 0.000335696 3.83114e-05 -0.000100003 1 0.000785956
1 3.53462e-05 -3.25623e-05 0.00221633 -3.53437e-05 1 7.58531e-05 -0.00216327 3.2565e-05 -7.5852e-05 1 0.000384932
1 -1.67203e-05 -1.01884e-05 0.00460491 1.67204e-05 1 5.7767e-06 0.00126031 1.01883e-05 -5.77687e-06 1 -0.000649882
1 1.55433e-05 -1.75794e-05 0.0039595 -1.55425e-05 1 4.56677e-05 0.000254607 1.75801e-05 -4.56674e-05 1 0.000692305
1 7.74395e-05 -3.3978e-05 0.00416923 -7.74372e-05 1 6.71154e-05 -0.0016496 3.39832e-05 -6.71128e-05 1 0.00140179
1 -1.93539e-05 -3.62985e-05 0.00494347 1.93561e-05 1 6.05367e-05 0.000204723 3.62974e-05 -6.05374e-05 1 0.000725075
1 3.46324e-05 -3.70366e-05 0.00437471 -3.46311e-05 1 3.5304e-05 0.000725032 3.70378e-05 -3.53027e-05 1 1.3918e-05
1 4.40728e-06 -3.7329e-05 0.00325671 -4.40444e-06 1 7.60573e-05 0.000751655 3.73293e-05 -7.60572e-05 1 0.000335796
1 -1.88003e-05 -4.70003e-05 0.0053978 1.88033e-05 1 6.48071e-05 0.00131574 4.69991e-05 -6.4808e-05 1 0.000810786
1 5.82158e-05 -1.3847e-05 0.00268616 -5.82149e-05 1 6.57649e-05 -2.78947e-05 1.38508e-05 -6.57641e-05 1 0.000274188
1 2.73994e-05 4.90878e-06 0.00447438 -2.73994e-05 1 -1.78473e-05 -0.00207657 -4.90927e-06 1.78472e-05 1 -0.000987375
1 -4.45406e-05 -4.96038e-05 0.00377348 4.45398e-05 1 -1.63752e-05 0.00219562 4.96045e-05 1.6373e-05 1 0.000687811
1 -2.22147e-05 -4.85697e-05 0.0057807 2.22157e-05 1 1.95265e-05 0.002704 4.85692e-05 -1.95275e-05 1 0.000212765
1 1.30249e-07 -6.4009e-05 0.00285934 -1.27116e-07 1 4.89426e-05 -8.344e-05 6.4009e-05 -4.89426e-05 1 0.00151183
1 1.25106e-05 -4.28877e-05 0.00345976 -1.25093e-05 1 3.07264e-05 0.00294807 4.28881e-05 -3.07258e-05 1 0.00150443
1 5.49386e-05 -4.52698e-05 0.00289829 -5.49378e-05 1 1.78542e-05 -0.00128476 4.52708e-05 -1.78517e-05 1 0.00145817
1 2.64076e-05 -5.17361e-05 0.00571988 -2.6405e-05 1 4.95018e-05 -0.0021771 5.17374e-05 -4.95004e-05 1 0.000221386
1 -2.90044e-05 -6.25654e-05 0.00458218 2.90065e-05 1 3.29463e-05 0.00244848 6.25645e-05 -3.29481e-05 1 0.00137387
1 -6.17323e-06 -5.29858e-05 0.00367236 6.17281e-06 1 -7.91221e-06 0.00352978 5.29859e-05 7.91188e-06 1 0.00182917
1 4.47242e-05 -3.29032e-05 0.00616491 -4.47215e-05 1 8.16369e-05 -0.000838792 3.29068e-05 -8.16355e-05 1 0.000612574
1 2.62447e-05 -2.85661e-05 0.00404642 -2.62436e-05 1 3.96933e-05 -0.00168553 2.85672e-05 -3.96926e-05 1 0.000350991
1 4.87506e-05 -5.31525e-05 0.00208131 -4.87459e-05 1 8.95502e-05 0.000518566 5.31568e-05 -8.95476e-05 1 -8.27768e-05
1 -2.06588e-05 -0.000115078 0.0135203 2.06754e-05 1 0.000144203 0.000935039 0.000115075 -0.000144205 1 0.00306515
1 -0.000171338 -2.21601e-05 0.0206293 0.00017134 1 0.000110197 0.00334644 2.21413e-05 -0.000110201 1 0.00415227
1 -0.000183942 2.34171e-06 0.0254007 0.000183942 1 0.000138556 0.0063714 -2.36719e-06 -0.000138556 1 0.00451377
1 -2.66509e-05 -6.95359e-06 0.0133899 2.66521e-05 1 0.000159718 0.00327612 6.94933e-06 -0.000159718 1 0.00437033
1 7.84921e-05 -1.60811e-05 -0.00563101 -7.84918e-05 1 2.17304e-05 -0.000498222 1.60828e-05 -2.17291e-05 1 0.00430028
1 4.08573e-05 4.21677e-05 -0.0173949 -4.08555e-05 1 -4.1635e-05 0.00158346 -4.21694e-05 4.16333e-05 1 0.000572488
1 -0.000106542 -1.23096e-05 -0.0312515 0.000106542 1 -1.99256e-05 0.00226985 1.23118e-05 1.99243e-05 1 0.00270568
1 -0.000121122 -7.60005e-05 -0.0435206 0.000121124 1 2.55354e-05 -0.0025101 7.59974e-05 -2.55446e-05 1 0.00691355
1 -0.000221093 -1.82435e-05 -0.0568894 0.000221094 1 5.24567e-05 0.00370887 1.82319e-05 -5.24607e-05 1 0.00528362
1 -0.000277908 1.02087e-05 -0.0851983 0.000277908 1 -7.07316e-05 0.0050745 -1.0189e-05 7.07344e-05 1 0.00750731
1 -0.00038467 -6.2903e-05 -0.0979358 0.000384678 1 0.000116078 0.0071296 6.28583e-05 -0.000116102 1 0.00645316
1 -0.000359617 -0.000121275 -0.12509 0.000359612 1 -4.50009e-05 0.00806298 0.000121291 4.49573e-05 1 0.00932028
1 -0.000319881 -1.56252e-05 -0.152968 0.000319883 1 8.85993e-05 0.00601852 1.55969e-05 -8.86043e-05 1 0.00511879
1 -0.000253163 0.00013908 -0.19287 0.000253161 1 1.74311e-05 3.3489e-05 -0.000139085 -1.73959e-05 1 0.00182734
1 -0.000384422 0.000178555 -0.236292 0.000384381 1 0.000229458 0.00227471 -0.000178644 -0.00022939 1 0.00359398
1 -0.000451135 0.000204044 -0.280119 0.000451105 1 0.000144763 0.00738331 -0.00020411 -0.000144671 1 0.00959329
1 -0.000423023 0.000270387 -0.316492 0.000422921 1 0.000374887 0.00268531 -0.000270546 -0.000374773 1 0.00799045
1 -0.000576366 0.000597463 -0.362563 0.000576296 1 0.000116612 0.011129 -0.00059753 -0.000116267 1 0.00857792
1 -0.000606876 0.000740104 -0.402244 0.000606768 1 0.000145819 0.0137145 -0.000740192 -0.00014537 1 0.00609357
0.999999 -0.00074804 0.000758685 -0.445656 0.000747931 1 0.000143617 0.0131639 -0.000758792 -0.00014305 1 0.0127779
1 -0.000796341 0.000580198 -0.507294 0.000796042 1 0.000514759 0.00900872 -0.000580607 -0.000514297 1 0.018155
0.999999 -0.000799214 0.000651763 -0.59009 0.00079888 1 0.000513705 0.0132796 -0.000652173 -0.000513184 1 0.018891
0.999999 -0.000752127 0.000719336 -0.682976 0.000751773 1 0.000492982 0.0144882 -0.000719707 -0.000492441 1 0.0214494
0.999999 -0.000622477 0.00078987 -0.760174 0.000621941 1 0.000677662 0.00528832 -0.000790291 -0.000677171 0.999999 0.0225903
0.999999 -0.000690039 0.000882071 -0.849778 0.000689326 0.999999 0.000808433 0.00430328 -0.000882628 -0.000807824 0.999999 0.0243547
0.999999 -0.000682655 0.000935005 -0.941806 0.000682048 1 0.000650113 0.00499678 -0.000935449 -0.000649475 0.999999 0.0303108
0.999999 -0.000510214 0.00117873 -1.0581 0.000508996 0.999999 0.00103337 0.00507031 -0.00117925 -0.00103277 0.999999 0.0259257
0.999999 -0.000708049 0.00126438 -1.17377 0.00070682 0.999999 0.000972597 0.00960781 -0.00126506 -0.000971702 0.999999 0.0296757
0.999999 -0.000629071 0.00124545 -1.27991 0.000627662 0.999999 0.00113117 0.0076525 -0.00124616 -0.00113038 0.999999 0.0317756
0.999999 -0.000579326 0.00120177 -1.40741 0.000577901 0.999999 0.00118649 0.0104895 -0.00120246 -0.0011858 0.999999 0.0361531
0.999999 -0.000458311 0.0013128 -1.55423 0.000455962 0.999998 0.00178946 0.00839267 -0.00131362 -0.00178886 0.999998 0.0436507
0.999998 -0.00068955 0.00159852 -1.69064 0.000686692 0.999998 0.0017875 0.0114357 -0.00159975 -0.0017864 0.999997 0.0513023
0.999998 -0.000532178 0.00191432 -1.86924 0.000528339 0.999998 0.00200552 0.0117118 -0.00191538 -0.0020045 0.999996 0.0505097
0.999998 -0.000663257 0.00202857 -2.00812 0.000658447 0.999997 0.00237048 0.0142833 -0.00203014 -0.00236914 0.999995 0.0489432
0.999997 -0.000518407 0.00240579 -2.16709 0.000512313 0.999997 0.00253297 0.0103498 -0.0024071 -0.00253173 0.999994 0.0499775
0.999996 -0.000612697 0.00272545 -2.32787 0.000603908 0.999995 0.00322439 0.012946 -0.00272741 -0.00322273 0.999991 0.0471791
0.999996 -0.000990828 0.00264337 -2.48909 0.000981775 0.999994 0.00342389 0.0197435 -0.00264675 -0.00342128 0.999991 0.0561089
0.999995 -0.000911033 0.00307107 -2.70111 0.000900008 0.999993 0.00358938 0.0303049 -0.00307432 -0.0035866 0.999989 0.0692936
0.999994 -0.00037715 0.00338697 -2.88481 0.000361429 0.999989 0.00464099 0.00969586 -0.00338868 -0.00463974 0.999983 0.072805
0.999993 -0.000461834 0.00362656 -3.11314 0.000447351 0.999992 0.00399345 0.0130406 -0.00362838 -0.0039918 0.999985 0.0743332
0.999994 -0.000311607 0.0035559 -3.3005 0.000297894 0.999993 0.00385648 0.015819 -0.00355708 -0.0038554 0.999986 0.0769803
0.999991 -0.00038583 0.00429712 -3.54729 0.000370088 0.999993 0.00366358 0.0177931 -0.0042985 -0.00366195 0.999984 0.0738247
0.99999 -0.000236923 0.00449649 -3.77259 0.000218441 0.999992 0.00411031 0.0161088 -0.00449743 -0.00410929 0.999981 0.0801214
0.999991 -0.000620837 0.00419335 -4.02107 0.000598872 0.999986 0.00523733 0.0173105 -0.00419655 -0.00523477 0.999977 0.0964328
0.999989 -0.000706071 0.00467387 -4.28523 0.00067974 0.999984 0.00563294 0.0163657 -0.00467777 -0.0056297 0.999973 0.109888
0.999986 -0.0006157 0.00529248 -4.52103 0.000582806 0.999981 0.0062145 0.0346673 -0.0052962 -0.00621133 0.999967 0.109717
0.999985 -0.000339567 0.00547183 -4.80641 0.000303337 0.999978 0.00662068 0.0218674 -0.00547395 -0.00661892 0.999963 0.111803
0.999985 -0.000296362 0.00543674 -5.0971 0.000255398 0.999972 0.00753392 0.0159592 -0.00543882 -0.00753242 0.999957 0.116995
0.999985 -0.000636976 0.00536562 -5.39905 0.000590844 0.999963 0.00859481 0.0358069 -0.0053709 -0.00859151 0.999949 0.124004
0.999984 -0.0001223 0.00569319 -5.71464 7.30797e-05 0.999963 0.00864483 0.0282314 -0.00569403 -0.00864427 0.999946 0.124751
0.999982 -0.000112249 0.00601875 -6.05258 5.81559e-05 0.99996 0.00898678 0.0323521 -0.00601952 -0.00898627 0.999942 0.133819
0.999979 -0.000233731 0.00642296 -6.38698 0.000170771 0.999952 0.00980117 0.0345085 -0.00642494 -0.00979987 0.999931 0.143511
0.999982 -0.000605824 0.00592734 -6.73888 0.000539376 0.999937 0.0112056 0.0431636 -0.00593376 -0.0112022 0.99992 0.150949
0.999982 0.000155757 0.00594663 -7.10718 -0.000224677 0.999933 0.0115909 0.0364638 -0.00594443 -0.0115921 0.999915 0.162814
0.999984 0.000170608 0.00566372 -7.4972 -0.000239291 0.999926 0.0121284 0.0494879 -0.00566123 -0.0121296 0.99991 0.170187
0.999985 0.000839399 0.00541818 -7.88735 -0.000908805 0.999917 0.0128201 0.0256039 -0.00540697 -0.0128248 0.999903 0.174406
0.999986 0.000490389 0.00533912 -8.30532 -0.000559315 0.999916 0.0129159 0.0448567 -0.00533234 -0.0129187 0.999902 0.178693
0.999984 0.000631665 0.00561243 -8.7057 -0.000700189 0.999925 0.0122159 0.0443357 -0.0056043 -0.0122196 0.99991 0.195296
0.999989 0.000870446 0.00468337 -9.11434 -0.000935733 0.999902 0.0139561 0.0482822 -0.00467077 -0.0139603 0.999892 0.204052
0.99999 0.00100852 0.00437514 -9.53228 -0.00107284 0.999891 0.0147237 0.0478421 -0.00435981 -0.0147283 0.999882 0.207809
0.99999 0.000839674 0.0044706 -9.98337 -0.000902506 0.999901 0.0140712 0.0430356 -0.00445834 -0.014075 0.999891 0.221479
0.99999 0.000476141 0.0045114 -10.4372 -0.000543883 0.999887 0.0150263 0.0526419 -0.00450374 -0.0150286 0.999877 0.230354
0.999991 0.000409643 0.00417077 -10.8801 -0.000472727 0.999885 0.0151357 0.0577688 -0.00416409 -0.0151376 0.999877 0.240883
0.999992 0.000970217 0.00397925 -11.3485 -0.00103197 0.999879 0.0155465 0.0549819 -0.00396368 -0.0155505 0.999871 0.244024
0.999992 0.00107386 0.00393063 -11.8705 -0.00113271 0.999887 0.015 0.0453729 -0.00391408 -0.0150043 0.99988 0.255891
0.999991 0.000963074 0.00410188 -12.3838 -0.00102065 0.999901 0.0140576 0.0578387 -0.00408794 -0.0140617 0.999893 0.275212
0.999991 0.000794685 0.00425607 -12.8859 -0.000856454 0.999894 0.0145312 0.0646412 -0.00424407 -0.0145347 0.999885 0.27464
0.999991 0.00102336 0.00408821 -13.4245 -0.00108144 0.999898 0.0142313 0.0690849 -0.00407323 -0.0142356 0.99989 0.288405
0.999991 0.000983804 0.00418991 -13.968 -0.0010408 0.999907 0.0136231 0.0713466 -0.00417612 -0.0136273 0.999898 0.289417
0.999993 0.000532694 0.00372676 -14.4943 -0.000583064 0.999908 0.0135277 0.0678086 -0.00371921 -0.0135298 0.999902 0.305621
0.999994 0.000599245 0.00340141 -15.0735 -0.000648362 0.999895 0.0144576 0.0744438 -0.00339239 -0.0144598 0.99989 0.323957
0.999994 0.00141242 0.00326911 -15.6517 -0.00145726 0.999904 0.0137559 0.0583341 -0.00324937 -0.0137605 0.9999 0.338229
0.999991 0.00201236 0.0038029 -16.2341 -0.00205818 0.999925 0.0120829 0.0581952 -0.0037783 -0.0120906 0.99992 0.345048
0.99999 0.00127858 0.00420601 -16.8157 -0.00132568 0.999936 0.0112149 0.0751711 -0.0041914 -0.0112204 0.999928 0.35879
0.999992 0.00118281 0.00377828 -17.3986 -0.00122223 0.999945 0.0104487 0.0784013 -0.00376572 -0.0104533 0.999938 0.384956
0.99999 0.00119401 0.0042384 -18.0217 -0.00124468 0.999928 0.0119736 0.0773706 -0.0042238 -0.0119787 0.999919 0.38185
0.999992 0.00113964 0.00373511 -18.645 -0.00118456 0.999927 0.0120458 0.0702779 -0.00372111 -0.0120501 0.99992 0.402022
0.999993 0.00189642 0.00317957 -19.2736 -0.00193182 0.999936 0.0111666 0.0736268 -0.00315819 -0.0111727 0.999933 0.423093
0.999993 0.00220658 0.003019 -19.9243 -0.00223736 0.999945 0.0102296 0.0760004 -0.00299626 -0.0102363 0.999943 0.434159
0.999992 0.00313658 0.00261085 -20.5664 -0.00316256 0.999945 0.0100091 0.0721767 -0.00257931 -0.0100172 0.999946 0.446748
0.999993 0.00341483 0.00157763 -21.2307 -0.00343115 0.999939 0.0104624 0.0727127 -0.0015418 -0.0104678 0.999944 0.462749
0.999992 0.00355483 0.0017945 -21.9209 -0.00357293 0.999942 0.0101902 0.0799638 -0.00175817 -0.0101966 0.999946 0.478565
0.999992 0.00342853 0.00210157 -22.616 -0.00344841 0.999949 0.00953019 0.0887156 -0.00206878 -0.00953736 0.999952 0.487317
0.999992 0.00353165 0.00210511 -23.3061 -0.00354922 0.999958 0.00840072 0.0899653 -0.00207535 -0.00840812 0.999962 0.494964
0.999991 0.00378131 0.00199228 -24.0049 -0.00379587 0.999966 0.00735636 0.0917216 -0.0019644 -0.00736385 0.999971 0.50648
0.999989 0.00438235 0.00149022 -24.7334 -0.00439296 0.999965 0.00718806 0.0845494 -0.00145867 -0.00719453 0.999973 0.520729
0.999986 0.00522889 0.00114006 -25.4656 -0.0052364 0.999964 0.00668219 0.0927636 -0.00110508 -0.00668806 0.999977 0.537613
0.999987 0.00504047 0.00115522 -26.2089 -0.00504801 0.999965 0.00662374 0.0976722 -0.00112179 -0.00662949 0.999977 0.552435
0.999987 0.00477257 0.00156039 -26.9576 -0.00478119 0.999973 0.00556495 0.114955 -0.00153379 -0.00557234 0.999983 0.571696
0.999986 0.00508682 0.00172719 -27.7183 -0.00509426 0.999978 0.00433535 0.124698 -0.0017051 -0.00434408 0.999989 0.58667
0.999982 0.00570767 0.00188652 -28.4806 -0.00571663 0.999972 0.00477774 0.113053 -0.0018592 -0.00478844 0.999987 0.598588
0.999983 0.00558106 0.00155138 -29.278 -0.00558854 0.999973 0.00486347 0.122809 -0.0015242 -0.00487205 0.999987 0.622134
0.99998 0.00616376 0.00168515 -30.0672 -0.00616825 0.999977 0.00267128 0.132814 -0.00166865 -0.00268162 0.999995 0.64711
0.999981 0.0057778 0.00224645 -30.8609 -0.0057811 0.999982 0.00146499 0.1441 -0.00223795 -0.00147794 0.999996 0.655882
0.999977 0.00613477 0.00271935 -31.6756 -0.00613752 0.999981 0.00100507 0.157187 -0.00271313 -0.00102174 0.999996 0.66378
0.999975 0.00671407 0.00236496 -32.4804 -0.00671391 0.999977 -7.64951e-05 0.164962 -0.00236542 6.06151e-05 0.999997 0.690826
0.999973 0.00715242 0.00168502 -33.3254 -0.00715209 0.999974 -0.000202321 0.15413 -0.00168642 0.000190264 0.999999 0.702145
0.999974 0.00715348 0.001222 -34.1683 -0.00715155 0.999973 -0.00157618 0.166584 -0.00123324 0.0015674 0.999998 0.721605
0.999975 0.00701402 0.00132734 -35.021 -0.00701023 0.999971 -0.00283952 0.177377 -0.00134722 0.00283014 0.999995 0.740031
0.99997 0.00750735 0.00186792 -35.8799 -0.00750022 0.999965 -0.00379215 0.176118 -0.00189632 0.00377803 0.999991 0.75959
0.999964 0.00801973 0.00273097 -36.7527 -0.00801109 0.999963 -0.00316041 0.182243 -0.00275621 0.00313842 0.999991 0.764298
0.999963 0.0083583 0.00221804 -37.6381 -0.00834999 0.999958 -0.00373178 0.182986 -0.00224914 0.00371312 0.999991 0.79418
0.999963 0.00853677 0.000934073 -38.5084 -0.00853415 0.99996 -0.002772 0.2009 -0.000957699 0.00276392 0.999996 0.814719
0.99996 0.00898593 -1.68394e-05 -39.425 -0.00898592 0.99996 0.000429928 0.22914 2.0702e-05 -0.000429759 1 0.820022
0.999956 0.0093476 -0.000907294 -40.3536 -0.00934486 0.999952 0.0029815 0.242589 0.000935121 -0.00297289 0.999995 0.858816
0.999952 0.00973423 -0.00121261 -41.264 -0.00973012 0.999947 0.00335037 0.261002 0.00124516 -0.00333841 0.999994 0.884545
0.999949 0.010052 7.71716e-05 -42.1736 -0.0100522 0.999947 0.00221474 0.271121 -5.49049e-05 -0.0022154 0.999998 0.898463
0.99994 0.0105759 0.00279126 -43.0922 -0.0105824 0.999941 0.00232875 0.279234 -0.00276647 -0.00235815 0.999993 0.912132
0.999937 0.0107647 0.0032981 -44.0639 -0.0107728 0.999939 0.00244671 0.281921 -0.00327156 -0.00248209 0.999992 0.924103
0.999941 0.0108544 -0.000604703 -45.0396 -0.0108532 0.999939 0.00204022 0.302167 0.000626812 -0.00203354 0.999998 0.928592
0.999926 0.0113913 -0.00431683 -46.0004 -0.011391 0.999935 7.80182e-05 0.318891 0.00431744 -2.88392e-05 0.999991 0.96318
0.99992 0.0120575 -0.00388228 -46.959 -0.0120618 0.999927 -0.00106438 0.313923 0.00386916 0.00111112 0.999992 0.987691
0.999933 0.0115572 -0.000947165 -47.9569 -0.0115587 0.999932 -0.00159808 0.329309 0.000928632 0.00160892 0.999998 0.988443
0.999933 0.0114969 0.00164502 -48.944 -0.011494 0.999932 -0.00175886 0.349063 -0.00166513 0.00173983 0.999997 1.0033
0.999939 0.0108607 0.00187582 -49.9588 -0.0108584 0.99994 -0.00119682 0.365395 -0.00188871 0.00117637 0.999998 1.0195
0.99994 0.0109096 -0.00136402 -50.9621 -0.0109122 0.999939 -0.0018872 0.376873 0.00134335 0.00190197 0.999997 1.0483
0.999922 0.0110374 -0.00591298 -51.9669 -0.0110621 0.99993 -0.00415879 0.387875 0.00586666 0.00422388 0.999974 1.0767
0.999925 0.00983166 -0.00724941 -53.0084 -0.00987162 0.999936 -0.00549676 0.405441 0.00719491 0.00556791 0.999959 1.08495
0.999939 0.00932789 -0.0059305 -54.031 -0.00935495 0.999946 -0.00455078 0.410842 0.00588773 0.00460598 0.999972 1.07658
0.999944 0.00940789 -0.00486428 -55.0732 -0.00942826 0.999947 -0.00418107 0.424304 0.00482468 0.0042267 0.999979 1.11082
0.999944 0.00984058 -0.00389176 -56.1116 -0.00985346 0.999946 -0.00330533 0.435037 0.00385902 0.00334349 0.999987 1.13672
0.999954 0.00890522 -0.00359287 -57.165 -0.00891746 0.999954 -0.00340656 0.454906 0.00356237 0.00343844 0.999988 1.14959
0.999957 0.00826885 -0.00408353 -58.2167 -0.00828208 0.99996 -0.00323278 0.475358 0.00405663 0.00326646 0.999986 1.16625
0.999955 0.00801146 -0.00513423 -59.3105 -0.00802272 0.999965 -0.00217517 0.480741 0.00511662 0.00221626 0.999984 1.17816
0.999955 0.00802401 -0.00496688 -60.3595 -0.00803053 0.999967 -0.00129506 0.488343 0.00495632 0.00133489 0.999987 1.19256
0.999965 0.00751743 -0.00370319 -61.4399 -0.00752318 0.999971 -0.00154188 0.498485 0.00369149 0.00156968 0.999992 1.21666
0.999969 0.00730203 -0.00277988 -62.5247 -0.00731138 0.999968 -0.00336855 0.502529 0.00275519 0.00338877 0.99999 1.23566
0.999972 0.00709715 -0.00218394 -63.618 -0.00710663 0.999965 -0.0043671 0.520542 0.00215287 0.0043825 0.999988 1.2493
0.999968 0.00762924 -0.00221108 -64.706 -0.0076379 0.999963 -0.00393728 0.518953 0.00218096 0.00395405 0.99999 1.25981
0.999967 0.0077526 -0.00260449 -65.7945 -0.00776504 0.999958 -0.0048008 0.530543 0.00256717 0.00482087 0.999985 1.28798
0.999966 0.00804061 -0.00200939 -66.8851 -0.0080517 0.999952 -0.00557274 0.529424 0.00196448 0.00558873 0.999982 1.30706
0.999966 0.00816877 -0.000730502 -67.989 -0.00817368 0.999942 -0.00698535 0.54414 0.000673398 0.00699109 0.999975 1.33599
0.999967 0.00813613 -0.000147574 -69.0837 -0.00813701 0.999938 -0.00755996 0.557852 8.60557e-05 0.00756091 0.999971 1.34839
0.999968 0.0077838 -0.00162102 -70.1935 -0.00779677 0.999936 -0.00815374 0.585809 0.00155745 0.00816613 0.999965 1.37175
0.999961 0.00766971 -0.00427755 -71.2969 -0.00770341 0.999939 -0.00792015 0.597216 0.00421654 0.0079528 0.999959 1.38567
0.999954 0.0084744 -0.00457641 -72.4114 -0.00850737 0.999938 -0.00723264 0.602209 0.00451483 0.00727124 0.999963 1.41263
0.999959 0.0087938 -0.00217543 -73.5342 -0.00881066 0.99993 -0.00786273 0.607778 0.00210613 0.00788157 0.999967 1.44846
0.999962 0.00858749 0.00130497 -74.6637 -0.00857512 0.999921 -0.00920115 0.622478 -0.00138388 0.00918961 0.999957 1.47215
0.999958 0.00806197 0.00425266 -75.7938 -0.00802212 0.999925 -0.00930614 0.641829 -0.00432737 0.00927164 0.999948 1.48767
0.999952 0.00842525 0.00491956 -76.9295 -0.00837055 0.999904 -0.0110356 0.646138 -0.00501206 0.0109939 0.999927 1.51878
0.999949 0.0088663 0.00481097 -78.0805 -0.00880332 0.999877 -0.0129581 0.640677 -0.00492527 0.0129151 0.999904 1.54236
0.999944 0.00910727 0.00545677 -79.2195 -0.00902952 0.99986 -0.0141071 0.657873 -0.00558448 0.014057 0.999886 1.57793
0.999933 0.00833634 0.00803725 -80.3531 -0.00821292 0.99985 -0.015269 0.675471 -0.00816333 0.015202 0.999851 1.60639
0.999929 0.00799 0.00885058 -81.5145 -0.00785143 0.999848 -0.015582 0.693028 -0.00897373 0.0155114 0.999839 1.63781
0.999931 0.00889665 0.00762275 -82.6864 -0.00876471 0.999814 -0.0171705 0.688067 -0.00777409 0.0171025 0.999824 1.67134
0.999932 0.00897129 0.00751638 -83.865 -0.00882481 0.999775 -0.0192993 0.695859 -0.00768783 0.0192316 0.999785 1.70235
0.999934 0.00862971 0.00755294 -85.0172 -0.00847231 0.999751 -0.0206281 0.713779 -0.00772908 0.0205628 0.999759 1.7303
0.999942 0.00814176 0.00711002 -86.1936 -0.0079981 0.999768 -0.0200046 0.724969 -0.00727125 0.0199466 0.999775 1.74205
0.999952 0.00823835 0.0053533 -87.3789 -0.0081436 0.999814 -0.017487 0.734412 -0.00549637 0.0174426 0.999833 1.78396
0.999955 0.00868571 0.00380418 -88.5682 -0.00861577 0.9998 -0.0180318 0.751691 -0.00396004 0.0179982 0.99983 1.8345
0.99995 0.00833052 0.00546992 -89.7478 -0.00822107 0.999771 -0.0197368 0.764721 -0.00563308 0.0196909 0.99979 1.86817
0.999944 0.00773707 0.00718861 -90.9217 -0.00758909 0.999763 -0.0203897 0.776775 -0.00734466 0.020334 0.999766 1.88265
0.999943 0.00788606 0.00716819 -92.0995 -0.00773367 0.999749 -0.0210444 0.772257 -0.00733234 0.0209878 0.999753 1.91929
0.999944 0.00860499 0.00614552 -93.2975 -0.0084594 0.999692 -0.0233346 0.77746 -0.00634442 0.0232813 0.999709 1.95628
0.999958 0.00820053 0.00415377 -94.501 -0.00809189 0.999641 -0.0255287 0.798545 -0.00436163 0.025494 0.999665 1.98403
0.999967 0.00801318 0.00119027 -95.7199 -0.00797887 0.999618 -0.0264668 0.817387 -0.00140189 0.0264564 0.999649 1.99917
0.999964 0.00774324 -0.0035273 -96.9316 -0.00783248 0.99963 -0.0260314 0.822835 0.00332443 0.0260581 0.999655 2.01453
0.999933 0.00817344 -0.00823716 -98.1385 -0.00837043 0.999673 -0.0241716 0.830444 0.0080369 0.024239 0.999674 2.03357
0.999908 0.0083542 -0.0106876 -99.3639 -0.00858476 0.999727 -0.0217118 0.848673 0.0105033 0.0218015 0.999707 2.0572
0.999903 0.00820604 -0.0112365 -100.587 -0.00842435 0.999774 -0.0195209 0.878483 0.0110737 0.0196136 0.999746 2.06968
0.999908 0.00846968 -0.010637 -101.806 -0.008649 0.999819 -0.0169261 0.886611 0.0104918 0.0170165 0.9998 2.08102
0.999928 0.0085274 -0.00849106 -103.026 -0.0086801 0.999798 -0.018113 0.891793 0.00833489 0.0181854 0.9998 2.11156
0.99995 0.00831652 -0.00551724 -104.263 -0.00842515 0.999765 -0.0199665 0.904348 0.0053499 0.020012 0.999785 2.11279
0.999963 0.00842952 -0.0018135 -105.501 -0.0084644 0.999761 -0.020173 0.918099 0.00164301 0.0201876 0.999795 2.12931
0.999961 0.00869559 0.00165699 -106.749 -0.00866235 0.99978 -0.0191108 0.933532 -0.00182281 0.0190957 0.999816 2.16179
0.999952 0.00876504 0.00433677 -107.99 -0.00868303 0.99979 -0.0185801 0.948552 -0.00449871 0.0185415 0.999818 2.19532
0.999957 0.00863778 0.00342202 -109.24 -0.00857573 0.999806 -0.0177481 0.95815 -0.00357466 0.017718 0.999837 2.21425
0.999962 0.00870975 0.00015354 -110.5 -0.00870625 0.999838 -0.015744 0.976228 -0.000290642 0.0157421 0.999876 2.2422
0.999953 0.00885404 -0.00383267 -111.762 -0.00890535 0.999868 -0.013583 0.992859 0.0037119 0.0136165 0.9999 2.27118
0.999947 0.00894977 -0.00518463 -112.999 -0.0090194 0.999867 -0.0135667 0.999575 0.00506252 0.0136127 0.999895 2.30576
0.999955 0.00897034 -0.00303403 -114.262 -0.00900937 0.999874 -0.0131052 1.00505 0.00291609 0.013132 0.99991 2.32641
0.999957 0.00907163 -0.00168734 -115.508 -0.00909345 0.999869 -0.0134101 1.02703 0.00156547 0.0134249 0.999909 2.3388
0.999957 0.00897831 -0.00244267 -116.777 -0.00901045 0.999869 -0.0134801 1.03882 0.00232132 0.0135015 0.999906 2.35998
0.999954 0.00883159 -0.00380872 -118.047 -0.00888319 0.999866 -0.0137499 1.05087 0.00368678 0.0137831 0.999898 2.38094
0.999947 0.00893804 -0.00510735 -119.317 -0.00900863 0.999862 -0.0139715 1.06921 0.00498177 0.0140167 0.999889 2.39677
0.999936 0.00896432 -0.00696823 -120.596 -0.00906086 0.999862 -0.0139482 1.07926 0.00684222 0.0140105 0.999878 2.41595
0.999918 0.00888921 -0.00923096 -121.853 -0.00901087 0.999872 -0.0132227 1.08759 0.00911223 0.0133048 0.99987 2.44117
0.9999 0.00890361 -0.0109567 -123.113 -0.00903976 0.999882 -0.0124404 1.10633 0.0108447 0.0125382 0.999863 2.45931
0.999907 0.00852256 -0.0106553 -124.359 -0.00863869 0.999903 -0.0109 1.11625 0.0105614 0.0109911 0.999884 2.47013
0.999918 0.00874696 -0.00938367 -125.622 -0.00884097 0.999911 -0.0100243 1.13377 0.00929515 0.0101065 0.999906 2.49727
0.999932 0.00885041 -0.00752922 -126.886 -0.00891845 0.999919 -0.00905204 1.14597 0.0074485 0.00911858 0.999931 2.51551
0.999933 0.00887349 -0.00741068 -128.144 -0.00893565 0.999925 -0.00839705 1.16319 0.00733561 0.00846271 0.999937 2.54053
0.999918 0.00934182 -0.00872482 -129.401 -0.00941659 0.999919 -0.00856813 1.17544 0.00864407 0.00864959 0.999925 2.55576
0.999907 0.00940926 -0.0098736 -130.656 -0.00949783 0.999915 -0.00896285 1.1922 0.00978842 0.00905579 0.999911 2.56825
0.999903 0.00942891 -0.010279 -131.907 -0.00951862 0.999917 -0.00871348 1.2039 0.010196 0.00881047 0.999909 2.58323
0.999895 0.0102107 -0.0102606 -133.168 -0.0102959 0.999913 -0.00827922 1.21198 0.0101751 0.008384 0.999913 2.59936
0.999909 0.0103281 -0.00868193 -134.408 -0.0103983 0.999913 -0.00807679 1.22463 0.00859776 0.00816633 0.99993 2.61807
0.999934 0.00992902 -0.00573082 -135.656 -0.00997843 0.999913 -0.00865829 1.24547 0.00564435 0.00871491 0.999946 2.65413
0.999945 0.00987505 -0.00339549 -136.902 -0.00990728 0.999905 -0.00961012 1.25743 0.00330027 0.00964323 0.999948 2.68024
0.999942 0.010336 -0.00304625 -138.157 -0.0103694 0.999884 -0.0111339 1.27959 0.00293082 0.0111648 0.999933 2.69399
0.999932 0.0105702 -0.00490613 -139.412 -0.0106273 0.999874 -0.0117546 1.29224 0.00478126 0.0118059 0.999919 2.71558
0.999915 0.0109131 -0.0071102 -140.665 -0.0109977 0.999868 -0.0119733 1.30664 0.00697859 0.0120505 0.999903 2.73824
0.999912 0.0110002 -0.00737776 -141.905 -0.0110798 0.99988 -0.0108292 1.31999 0.00725775 0.01091 0.999914 2.75693
0.999912 0.0113104 -0.00697766 -143.17 -0.0113741 0.999893 -0.00916237 1.32888 0.00687328 0.00924092 0.999934 2.78244
0.999917 0.0111543 -0.00642546 -144.41 -0.0112111 0.999898 -0.00886556 1.34812 0.00632592 0.00893686 0.99994 2.80347
0.999922 0.0113707 -0.00511974 -145.636 -0.0114243 0.999879 -0.0105609 1.36245 0.00499904 0.0106186 0.999931 2.82824
0.999924 0.0114634 -0.0046095 -146.881 -0.0115191 0.999858 -0.0122602 1.37695 0.0044683 0.0123124 0.999914 2.83446
0.999913 0.0116913 -0.00602581 -148.131 -0.0117604 0.999864 -0.0115576 1.38654 0.00588986 0.0116274 0.999915 2.85106
0.9999 0.0115821 -0.00809351 -149.372 -0.0116589 0.999887 -0.0095042 1.39897 0.00798252 0.00959761 0.999922 2.87179
0.999891 0.0119534 -0.00863111 -150.622 -0.01203 0.999888 -0.00887546 1.41572 0.00852405 0.00897832 0.999923 2.90425
0.999905 0.0120586 -0.00670453 -151.868 -0.0121131 0.999893 -0.00814935 1.43596 0.00660555 0.00822979 0.999944 2.9156
0.999919 0.0113891 -0.00573512 -153.124 -0.0114371 0.999899 -0.00839582 1.45195 0.00563892 0.00846073 0.999948 2.93504
0.999908 0.0118196 -0.00665118 -154.357 -0.0118744 0.999895 -0.00824998 1.47834 0.00655297 0.0083282 0.999944 2.96024
0.999893 0.0120716 -0.00826437 -155.618 -0.0121325 0.999899 -0.00736443 1.49584 0.00817464 0.00746391 0.999939 2.98006
0.999876 0.0124668 -0.00959593 -156.862 -0.0125355 0.999896 -0.00712365 1.50637 0.00950613 0.00724306 0.999929 3.00064
0.999886 0.0122812 -0.00874131 -158.107 -0.0123403 0.999901 -0.0067425 1.53553 0.00865764 0.0068496 0.999939 3.01796
0.999895 0.0121264 -0.0079464 -159.349 -0.0121781 0.999905 -0.00649019 1.54697 0.00786694 0.00658628 0.999947 3.03082
0.999901 0.0121994 -0.00702106 -160.614 -0.0122554 0.999893 -0.00799324 1.57063 0.00692279 0.0080785 0.999943 3.05515
0.999906 0.0125143 -0.00566527 -161.868 -0.0125652 0.99988 -0.00903953 1.57874 0.00555147 0.00910986 0.999943 3.0674
0.999912 0.0124042 -0.00474781 -163.117 -0.0124432 0.999888 -0.0082659 1.59484 0.00464475 0.00832424 0.999955 3.08765
0.999913 0.0121283 -0.0051339 -164.358 -0.0121656 0.999899 -0.00730997 1.61403 0.00504473 0.00737179 0.99996 3.1235
0.999914 0.0124205 -0.00411843 -165.633 -0.0124502 0.999896 -0.00727516 1.62247 0.00402764 0.00732581 0.999965 3.14496
0.999919 0.0123254 -0.00332119 -166.881 -0.0123506 0.999894 -0.00767996 1.64691 0.00322618 0.00772036 0.999965 3.16311
0.999911 0.0128344 -0.00363299 -168.114 -0.0128619 0.999888 -0.00764785 1.65532 0.00353442 0.00769389 0.999964 3.17722
0.999902 0.0131849 -0.00463736 -169.379 -0.0132175 0.999888 -0.00708543 1.66882 0.00454342 0.00714603 0.999964 3.2025
0.999895 0.0134355 -0.00534792 -170.637 -0.0134668 0.999892 -0.00586003 1.69356 0.00526862 0.00593144 0.999969 3.22982
0.999895 0.0133084 -0.00577588 -171.895 -0.0133399 0.999896 -0.00545452 1.71606 0.00570269 0.005531 0.999968 3.25636
0.999899 0.0129789 -0.00575694 -173.13 -0.0130152 0.999895 -0.00632441 1.73233 0.00567425 0.0063987 0.999963 3.27981
0.9999 0.0128432 -0.00584999 -174.391 -0.0128797 0.999898 -0.00624889 1.76303 0.00576914 0.00632361 0.999963 3.29295
0.999883 0.0137181 -0.00678324 -175.65 -0.0137578 0.999888 -0.00583965 1.77729 0.00670237 0.00593229 0.99996 3.31237
0.999876 0.0137679 -0.00770004 -176.912 -0.0138159 0.999885 -0.00622268 1.7917 0.00761348 0.00632829 0.999951 3.34114
0.999881 0.0136635 -0.00713116 -178.152 -0.0137134 0.999881 -0.00700485 1.81473 0.0070346 0.00710181 0.99995 3.35908
0.999884 0.0140839 -0.00576635 -179.402 -0.0141192 0.999882 -0.00611516 1.82835 0.00567954 0.00619587 0.999965 3.37273
0.999893 0.0139503 -0.0042936 -180.663 -0.013975 0.999886 -0.00578256 1.8535 0.00421244 0.00584195 0.999974 3.39904
0.999901 0.0136516 -0.00353841 -181.931 -0.0136687 0.999895 -0.00485791 1.87301 0.00347172 0.00490579 0.999982 3.41706
0.999887 0.0142982 -0.00473992 -183.216 -0.0143206 0.999886 -0.00473119 1.88453 0.00467173 0.00479854 0.999978 3.45054
0.999879 0.0144271 -0.0058624 -184.477 -0.0144545 0.999885 -0.00465048 1.90883 0.00579463 0.00473465 0.999972 3.46922
0.999879 0.0142624 -0.00622402 -185.751 -0.0142943 0.999885 -0.00510296 1.93339 0.00615053 0.0051913 0.999968 3.49058
0.999883 0.0139708 -0.006236 -187.02 -0.0140076 0.999884 -0.00590587 1.94042 0.00615277 0.00599253 0.999963 3.50371
0.999876 0.0145335 -0.00604399 -188.306 -0.014575 0.99987 -0.00688159 1.95033 0.00594319 0.00696883 0.999958 3.52588
0.999873 0.0147375 -0.00600862 -189.588 -0.0147754 0.999871 -0.00632444 1.98094 0.00591463 0.00641242 0.999962 3.54165
0.999878 0.0140954 -0.00674363 -190.891 -0.0141286 0.999888 -0.00489816 2.00788 0.00667384 0.00499284 0.999965 3.55698
0.999874 0.0141365 -0.00723827 -192.184 -0.0141626 0.999893 -0.00357497 2.02342 0.00718696 0.00367703 0.999967 3.58012
0.99986 0.0144432 -0.00847702 -193.485 -0.0144804 0.999886 -0.00434788 2.05098 0.00841325 0.00447002 0.999955 3.60537
0.999861 0.01433 -0.00851622 -194.781 -0.0143721 0.999885 -0.00490573 2.05803 0.00844494 0.00502745 0.999952 3.61883
0.999866 0.0146919 -0.00722164 -196.082 -0.0147316 0.999877 -0.00546751 2.07345 0.00714042 0.00557317 0.999959 3.6351
0.999875 0.0147476 -0.00576443 -197.399 -0.0147825 0.999872 -0.00607435 2.10021 0.00567411 0.0061588 0.999965 3.65585
0.999884 0.014608 -0.00431874 -198.708 -0.0146357 0.999872 -0.00647048 2.13278 0.00422367 0.00653293 0.99997 3.68621
0.999885 0.0145812 -0.00417882 -200.021 -0.0146054 0.999876 -0.00583397 2.15044 0.00409324 0.00589433 0.999974 3.69945
0.999877 0.0147111 -0.00543702 -201.345 -0.0147521 0.999862 -0.00758033 2.17151 0.00532476 0.0076596 0.999956 3.72079
0.999868 0.0148044 -0.00665203 -202.673 -0.0148613 0.999853 -0.00859381 2.18606 0.00652383 0.00869153 0.999941 3.74037
0.999865 0.0148606 -0.00694142 -203.987 -0.0149259 0.999844 -0.00945228 2.19617 0.00679987 0.00955462 0.999931 3.76704
0.999881 0.014544 -0.00515464 -205.31 -0.0145909 0.999851 -0.00918949 2.22613 0.00502022 0.00926361 0.999944 3.78233
0.999886 0.0144341 -0.00451278 -206.631 -0.0144739 0.999856 -0.00891175 2.25375 0.00438349 0.00897605 0.99995 3.8073
0.999886 0.0143199 -0.0046973 -207.964 -0.0143601 0.99986 -0.00862645 2.27779 0.00457311 0.00869292 0.999952 3.83406
0.999884 0.0143608 -0.00504168 -209.301 -0.0144048 0.999857 -0.0088035 2.29914 0.00491453 0.00887511 0.999949 3.85875
0.999884 0.0145765 -0.004497 -210.653 -0.0146156 0.999855 -0.00878583 2.31179 0.00436828 0.00885054 0.999951 3.87217
0.999886 0.0145693 -0.00405604 -211.994 -0.0146064 0.99985 -0.00928267 2.33501 0.00392019 0.00934085 0.999949 3.8981
0.999881 0.014817 -0.00423021 -213.32 -0.0148615 0.999832 -0.010696 2.36403 0.00407102 0.0107576 0.999934 3.93348
0.999879 0.0149122 -0.00442195 -214.673 -0.0149585 0.999831 -0.0106408 2.37931 0.00426253 0.0107057 0.999934 3.95389
0.999878 0.0149795 -0.00444897 -216.011 -0.0150255 0.999832 -0.01051 2.39821 0.00429078 0.0105756 0.999935 3.97654
0.999884 0.0147337 -0.00377004 -217.367 -0.0147732 0.999834 -0.0106788 2.42861 0.00361208 0.0107332 0.999936 4.00173
0.999884 0.0150071 -0.00245106 -218.721 -0.0150312 0.999836 -0.010146 2.44053 0.00229839 0.0101816 0.999946 4.02073
0.999886 0.0149786 -0.0019009 -220.082 -0.014996 0.999842 -0.00950975 2.46855 0.00175816 0.00953718 0.999953 4.04783
0.999873 0.0157852 -0.0020112 -221.451 -0.0158031 0.999832 -0.00923909 2.4789 0.00186502 0.0092697 0.999955 4.0678
0.999874 0.0156461 -0.00251296 -222.815 -0.0156661 0.999844 -0.00814369 2.49872 0.00238515 0.00818203 0.999964 4.09038
0.999876 0.0151251 -0.00428705 -224.189 -0.0151611 0.999849 -0.00849669 2.53978 0.00415789 0.00856063 0.999955 4.12316
0.999872 0.0148962 -0.00591266 -225.568 -0.0149468 0.999851 -0.00859815 2.56716 0.0057837 0.00868542 0.999946 4.1434
0.999872 0.0149453 -0.00569629 -226.942 -0.014995 0.999849 -0.0087862 2.58719 0.00556411 0.00887049 0.999945 4.17193
0.999871 0.0154857 -0.00430968 -228.316 -0.0155265 0.999834 -0.00958593 2.59988 0.00416052 0.00965161 0.999945 4.19397
0.999879 0.015476 -0.00128817 -229.689 -0.0154885 0.999826 -0.010406 2.62977 0.00112691 0.0104247 0.999945 4.21605
0.999885 0.0151713 3.63231e-05 -231.08 -0.0151698 0.999815 -0.0118076 2.64062 -0.000215452 0.0118056 0.99993 4.2411
0.999883 0.0152865 -0.000358698 -232.47 -0.0152898 0.999811 -0.0120388 2.65763 0.000174599 0.0120429 0.999927 4.26506
0.99988 0.0154658 -0.0012541 -233.848 -0.0154794 0.999812 -0.0116701 2.69474 0.00107338 0.0116881 0.999931 4.30022
0.999882 0.0152988 -0.00158327 -235.227 -0.015316 0.999816 -0.0115237 2.72337 0.00140668 0.0115466 0.999932 4.3278
0.999887 0.0149711 -0.00100813 -236.621 -0.0149808 0.999833 -0.010481 2.73212 0.000851048 0.0104949 0.999945 4.36057
0.999888 0.0149691 -0.000591514 -238.015 -0.0149744 0.999836 -0.0102133 2.76522 0.000438534 0.010221 0.999948 4.39661
0.999891 0.0147316 -0.00102038 -239.416 -0.0147413 0.999839 -0.0102074 2.78469 0.000869841 0.0102213 0.999947 4.4108
0.999883 0.0151002 -0.00228983 -240.829 -0.0151214 0.99984 -0.00956336 2.80155 0.00214505 0.00959687 0.999952 4.4335
0.999882 0.0149825 -0.00340016 -242.228 -0.0150133 0.999845 -0.00924365 2.83027 0.00326114 0.0092936 0.999951 4.46975
0.999884 0.0147662 -0.00371777 -243.643 -0.0148019 0.999843 -0.00975037 2.85864 0.00357321 0.00980427 0.999946 4.499
0.999887 0.0146709 -0.0033442 -245.064 -0.0147036 0.999842 -0.0099509 2.87794 0.00319769 0.00999894 0.999945 4.52132
0.999889 0.0146597 -0.00271136 -246.473 -0.0146867 0.99984 -0.0102345 2.90258 0.0025609 0.0102731 0.999944 4.54131
0.999882 0.0150397 -0.00314409 -247.853 -0.0150716 0.999833 -0.0103715 2.92241 0.00298758 0.0104177 0.999941 4.56884
0.999867 0.0156262 -0.00459022 -249.258 -0.0156741 0.999821 -0.0105892 2.9324 0.00442393 0.0106598 0.999933 4.60245
0.999875 0.0151178 -0.00464971 -250.661 -0.0151609 0.999841 -0.00938251 2.96986 0.00450713 0.00945183 0.999945 4.63445
0.999865 0.0156198 -0.00516687 -252.06 -0.0156647 0.999839 -0.00877391 2.9882 0.00502899 0.00885366 0.999948 4.66511
