1 0 0 0 0 1 0 0 0 0 1 0
1 -8.17919e-06 -3.0944e-05 0.00337863 8.17839e-06 1 -2.5868e-05 -0.00350213 3.09442e-05 2.58678e-05 1 -0.000121157
1 -1.10323e-05 2.73033e-05 0.004059 1.1032e-05 1 9.07748e-06 9.57868e-05 -2.73034e-05 -9.07718e-06 1 -0.00175107
1 2.83726e-05 2.04205e-07 0.00417192 -2.83726e-05 1 4.80231e-06 -0.00410829 -2.04069e-07 -4.80232e-06 1 0.00147822
1 7.72199e-05 -2.19278e-05 0.00242238 -7.72204e-05 1 -2.37905e-05 -0.00443765 2.1926e-05 2.37922e-05 1 0.00316095
1 -2.93881e-05 4.25026e-05 0.00429176 2.93877e-05 1 9.75028e-06 0.0019272 -4.25028e-05 -9.74904e-06 1 -0.00107822
1 5.30542e-06 -8.04237e-06 0.00167859 -5.30551e-06 1 -1.09157e-05 -0.0030824 8.04231e-06 1.09157e-05 1 0.00175483
1 1.5409e-05 -3.50327e-05 0.00121472 -1.54091e-05 1 -1.4953e-06 -0.00281978 3.50327e-05 1.49584e-06 1 0.00117482
1 2.49749e-05 -3.30515e-05 0.000458221 -2.49748e-05 1 5.86105e-06 -0.000398078 3.30516e-05 -5.86023e-06 1 -0.00012701
1 -1.53092e-05 3.87892e-05 0.000723266 1.53089e-05 1 6.57453e-06 0.00335857 -3.87893e-05 -6.57393e-06 1 -0.000706948
1 4.97527e-06 6.218e-05 0.00177601 -4.97641e-06 1 1.83477e-05 -0.00248011 -6.21799e-05 -1.8348e-05 1 -0.000399295
1 7.53456e-05 5.4869e-06 -0.00259631 -7.53456e-05 1 9.11127e-06 -0.00356777 -5.48621e-06 -9.11168e-06 1 0.000188418
1 3.12485e-05 -2.2899e-05 0.000860306 -3.12488e-05 1 -1.11755e-05 -0.00186863 2.28987e-05 1.11762e-05 1 -0.000281215
1 -4.16363e-05 2.79483e-05 0.00365813 4.16356e-05 1 2.63943e-05 -6.63206e-05 -2.79494e-05 -2.63931e-05 1 -0.00282204
1 -1.89497e-05 1.98521e-05 0.00445667 1.89489e-05 1 3.58194e-05 0.000267232 -1.98528e-05 -3.5819e-05 1 -0.00167691
1 -3.34406e-05 9.08622e-06 0.00324421 3.34406e-05 1 6.49247e-06 0.00122247 -9.08644e-06 -6.49217e-06 1 0.000846992
1 3.04304e-05 -3.60486e-05 -9.76357e-06 -3.04302e-05 1 4.83848e-06 0.000160021 3.60487e-05 -4.83738e-06 1 0.00253911
1 6.83012e-05 2.04332e-05 -0.00199705 -6.83011e-05 1 -3.3014e-06 -0.00164031 -2.04335e-05 3.30001e-06 1 -0.000117076
1 5.5603e-05 -9.09912e-06 0.0035764 -5.56031e-05 1 -6.83609e-06 -0.00322642 9.09874e-06 6.8366e-06 1 0.000922927
1 1.91202e-05 -3.44309e-05 0.00461378 -1.91203e-05 1 -1.74322e-06 5.85104e-05 3.44309e-05 1.74388e-06 1 0.00188559
1 4.22827e-05 1.32887e-05 0.00547492 -4.22827e-05 1 -2.91308e-07 -0.00214946 -1.32887e-05 2.90747e-07 1 -7.90968e-05
1 3.50311e-05 3.1039e-05 0.00685592 -3.50303e-05 1 -2.62405e-05 -0.00170298 -3.10399e-05 2.62394e-05 1 0.00026247
1 1.42506e-05 9.62004e-05 0.00299381 -1.4253e-05 1 2.499e-05 -0.00387704 -9.62e-05 -2.49914e-05 1 -0.00365269
1 2.66207e-05 3.46254e-05 0.000441835 -2.66212e-05 1 1.40105e-05 -0.00467455 -3.46251e-05 -1.40115e-05 1 -0.0017597
1 5.56456e-05 1.26819e-05 0.00200543 -5.5646e-05 1 2.97229e-05 -0.00110368 -1.26803e-05 -2.97237e-05 1 -0.00219732
1 -5.55929e-06 -1.39938e-05 0.00142546 5.55929e-06 1 -1.99048e-07 5.10476e-05 1.39938e-05 1.98971e-07 1 -0.000343476
1 -3.57583e-05 -6.4691e-05 -6.82028e-05 3.57572e-05 1 -1.67643e-05 0.00321827 6.46916e-05 1.6762e-05 1 0.00371608
1 -1.84399e-05 -3.12971e-07 0.00339819 1.84399e-05 1 6.28367e-06 0.000615984 3.12855e-07 -6.28368e-06 1 0.000135308
1 3.39808e-05 2.91775e-05 0.00504624 -3.39802e-05 1 -2.18804e-05 -0.00425774 -2.91783e-05 2.18794e-05 1 -0.000762778
1 -2.60562e-05 3.2152e-05 0.00484339 2.60561e-05 1 1.76453e-06 0.00200526 -3.21521e-05 -1.76369e-06 1 -0.000255333
1 1.73671e-06 -3.51068e-05 0.00342826 -1.73624e-06 1 1.3291e-05 -0.000989785 3.51068e-05 -1.3291e-05 1 0.00164692
1 2.08732e-05 -1.22235e-06 0.00671487 -2.08732e-05 1 2.101e-05 -0.00364786 1.22279e-06 -2.10099e-05 1 0.000554842
1 -1.31979e-05 1.43409e-05 0.00506985 1.3198e-05 1 -5.45699e-06 -0.00366003 -1.43408e-05 5.45718e-06 1 0.000690409
1 2.13287e-05 4.82552e-05 0.00287001 -2.13288e-05 1 8.72036e-07 -0.00216545 -4.82552e-05 -8.73065e-07 1 -0.00190587
1 4.15062e-05 4.75324e-05 0.00243139 -4.1507e-05 1 1.54549e-05 -0.0042893 -4.75318e-05 -1.54569e-05 1 -0.00298099
1 -2.0547e-05 1.34455e-05 0.00102814 2.05465e-05 1 3.42321e-05 -0.00168474 -1.34462e-05 -3.42318e-05 1 -0.0013765
1 -5.21907e-05 -1.77103e-05 0.0039511 5.21905e-05 1 -1.61799e-05 0.00456796 1.77111e-05 1.6179e-05 1 0.00213088
1 8.55594e-06 2.49148e-06 0.000971609 -8.55594e-06 1 -1.24099e-06 0.00093527 -2.49149e-06 1.24097e-06 1 0.00194417
1 2.49269e-06 -2.61352e-05 0.00138601 -2.49286e-06 1 -6.22725e-06 0.000718526 2.61352e-05 6.22732e-06 1 0.00237149
1 -1.63926e-05 -5.94098e-05 0.00209373 1.6393e-05 1 6.99764e-06 0.00317866 5.94097e-05 -6.99861e-06 1 0.000777652
1 9.1709e-06 -2.40855e-05 0.00388614 -9.17101e-06 1 -4.36397e-06 0.000395579 2.40855e-05 4.36419e-06 1 0.00110819
1 1.95337e-05 9.183e-05 -0.00332028 -1.95377e-05 1 4.45358e-05 -0.00142107 -9.18291e-05 -4.45376e-05 1 -0.00333496
1 3.28039e-05 5.9143e-05 0.00357062 -3.28038e-05 1 -2.07794e-06 -9.14326e-05 -5.9143e-05 2.076e-06 1 -0.000544363
1 2.24101e-05 -1.11664e-05 0.00266487 -2.24103e-05 1 -2.06129e-05 -0.00312873 1.1166e-05 2.06132e-05 1 0.000735258
1 6.5697e-08 8.54831e-06 0.00282361 -6.58438e-08 1 1.7168e-05 -0.00229935 -8.54831e-06 -1.7168e-05 1 -0.000367416
1 -8.28941e-06 3.16796e-05 0.00519209 8.28819e-06 1 3.84538e-05 -0.0068009 -3.16799e-05 -3.84535e-05 1 -0.00187223
1 -2.10667e-05 3.34028e-05 0.00766039 2.10662e-05 1 1.60234e-05 -0.0011898 -3.34031e-05 -1.60227e-05 1 -0.000627045
1 1.63271e-05 3.4552e-05 0.00816183 -1.63275e-05 1 1.1946e-05 0.00110954 -3.45518e-05 -1.19465e-05 1 -0.000973545
1 1.51522e-05 3.84127e-05 0.00113689 -1.5153e-05 1 1.90379e-05 0.000720821 -3.84124e-05 -1.90385e-05 1 -0.000852457
1 2.58238e-05 8.67037e-05 0.00061195 -2.5828e-05 1 4.78808e-05 -0.00636536 -8.67025e-05 -4.7883e-05 1 -0.00339511
1 -5.45301e-05 3.76675e-05 0.00257752 5.45286e-05 1 4.00745e-05 0.00255017 -3.76697e-05 -4.00725e-05 1 -0.00215627
1 -5.11446e-05 -3.41491e-05 0.00472956 5.1145e-05 1 1.00313e-05 0.00443217 3.41486e-05 -1.00331e-05 1 0.000961501
1 5.24804e-05 -5.21862e-05 0.00805457 -5.24811e-05 1 -1.49699e-05 -0.0034508 5.21854e-05 1.49727e-05 1 0.00287061
1 5.83756e-06 3.04844e-05 0.00513918 -5.8389e-06 1 4.40303e-05 -0.00337935 -3.04841e-05 -4.40304e-05 1 -0.00223006
1 -5.70624e-06 3.5193e-05 0.0117939 5.70542e-06 1 2.31645e-05 -0.00360341 -3.51932e-05 -2.31643e-05 1 -0.00151113
1 -3.19977e-05 2.25514e-05 0.0192919 3.19969e-05 1 3.31888e-05 0.00104983 -2.25524e-05 -3.31881e-05 1 0.000130972
1 -4.73723e-06 8.39677e-05 0.0332468 4.73433e-06 1 3.45325e-05 -0.000371259 -8.39678e-05 -3.45321e-05 1 0.00102893
1 2.54707e-05 0.000191366 0.0378588 -2.54661e-05 1 -2.43859e-05 0.00503345 -0.000191367 2.4381e-05 1 0.00302355
1 4.85426e-06 0.000146592 0.0269182 -4.84678e-06 1 -5.10337e-05 -0.000345335 -0.000146593 5.1033e-05 1 0.00645782
1 1.43019e-05 2.18128e-06 0.00283808 -1.43017e-05 1 -7.31737e-05 0.00153424 -2.18232e-06 7.31737e-05 1 0.00671732
1 4.49361e-05 -2.40679e-05 -0.0133101 -4.49371e-05 1 -4.17338e-05 -0.00172297 2.4066e-05 4.17349e-05 1 0.00428006
1 -1.47786e-06 5.24703e-05 -0.017813 1.47876e-06 1 -1.72012e-05 -0.00552654 -5.24703e-05 1.72012e-05 1 0.00297795
1 -2.5239e-05 0.000198949 -0.0172709 2.52467e-05 1 -3.88205e-05 -0.00733871 -0.000198948 3.88255e-05 1 0.00779872
1 -0.000162713 0.000213713 -0.0313243 0.000162749 1 -0.000170196 -0.00037818 -0.000213685 0.000170231 1 0.0156937
1 -0.000113615 0.000288138 -0.0545433 0.000113658 1 -0.000150619 0.000708707 -0.000288121 0.000150651 1 0.0144999
1 -4.54849e-05 0.00032588 -0.11669 4.55086e-05 1 -7.27515e-05 -0.00350465 -0.000325876 7.27663e-05 1 0.0113347
1 -0.000870644 0.000427163 -0.232967 0.000870635 1 2.0912e-05 0.00110313 -0.000427181 -2.05401e-05 1 0.00791499
0.999999 -0.00167598 0.000348987 -0.348199 0.00167596 0.999999 6.89468e-05 0.0197622 -0.000349103 -6.83618e-05 1 0.0150163
0.999998 -0.00201458 0.000408836 -0.433351 0.00201449 0.999998 0.000233316 -0.00625693 -0.000409305 -0.000232492 1 0.0132071
0.999997 -0.00248353 0.000392456 -0.518829 0.00248344 0.999997 0.000224907 -0.00113649 -0.000393014 -0.000223931 1 0.0137126
0.999991 -0.00433646 0.000320586 -0.638455 0.00433644 0.999991 5.38662e-05 0.00413713 -0.000320817 -5.24755e-05 1 0.0282631
0.999982 -0.00598553 0.000647091 -0.778807 0.00598553 0.999982 1.02728e-05 0.0142113 -0.000647141 -6.39942e-06 1 0.038402
0.999973 -0.00727871 0.00121165 -0.917509 0.00727864 0.999974 6.48803e-05 -0.00726575 -0.00121209 -5.60594e-05 0.999999 0.0374684
0.99996 -0.00875709 0.00185949 -1.07195 0.0087573 0.999962 -0.000106159 -0.0102736 -0.00185848 0.000122439 0.999998 0.0287184
0.999934 -0.0111772 0.00257446 -1.24276 0.0111766 0.999938 0.000230758 -0.0131471 -0.00257688 -0.000201969 0.999997 0.0269804
0.999897 -0.0140253 0.00288267 -1.42636 0.0140234 0.999901 0.0006481 -0.00152327 -0.00289147 -0.000607608 0.999996 0.0491837
0.99984 -0.0176596 0.00275189 -1.5889 0.0176569 0.999844 0.000996717 -0.0115159 -0.00276906 -0.000947968 0.999996 0.0608091
0.999789 -0.0204054 0.00253052 -1.76114 0.020403 0.999791 0.00093787 -0.0419077 -0.00254913 -0.000886041 0.999996 0.0639768
0.999719 -0.0235903 0.00233633 -1.99748 0.0235895 0.999722 0.000353242 -0.0496541 -0.00234401 -0.00029803 0.999997 0.0555594
0.99965 -0.0263853 0.00208099 -2.19702 0.0263854 0.999652 -3.21322e-05 -0.0595652 -0.00207942 8.70288e-05 0.999998 0.0442093
0.999526 -0.0306938 0.00235871 -2.41665 0.0306938 0.999529 5.64214e-05 -0.0661216 -0.00235933 1.6003e-05 0.999997 0.0571664
0.999383 -0.0350253 0.0024845 -2.66447 0.0350244 0.999386 0.000410447 -0.069207 -0.00249735 -0.000323176 0.999997 0.0699736
0.999249 -0.0386488 0.00270443 -2.94356 0.0386466 0.999253 0.000865289 -0.100234 -0.00273586 -0.000760122 0.999996 0.0913398
0.99912 -0.0418683 0.00230489 -3.18916 0.0418669 0.999123 0.000664329 -0.127338 -0.00233068 -0.000567247 0.999997 0.0946909
0.998937 -0.046012 0.00260323 -3.47124 0.0460112 0.998941 0.000345598 -0.138081 -0.00261638 -0.000225453 0.999997 0.09422
0.998694 -0.0509865 0.00325044 -3.76609 0.0509855 0.998699 0.000390449 -0.149474 -0.00326612 -0.000224214 0.999995 0.0896272
0.998406 -0.0563632 0.0028747 -4.07247 0.0563608 0.99841 0.000906078 -0.161281 -0.00292119 -0.000742613 0.999995 0.105988
0.998133 -0.0610272 0.00263932 -4.39703 0.0610236 0.998135 0.00142729 -0.199104 -0.0027215 -0.00126357 0.999995 0.11791
0.997791 -0.0663476 0.00319199 -4.71199 0.0663424 0.997795 0.00170145 -0.212729 -0.00329784 -0.00148593 0.999993 0.135747
0.997436 -0.0714892 0.0033942 -5.04579 0.0714844 0.997441 0.001521 -0.261275 -0.00349424 -0.00127447 0.999993 0.161952
0.99707 -0.0764264 0.00335617 -5.37979 0.0764245 0.997075 0.000706009 -0.305458 -0.00340031 -0.000447446 0.999994 0.155684
0.996623 -0.0820837 0.00219584 -5.74457 0.082085 0.996625 -0.000551172 -0.334775 -0.00214319 0.000729557 0.999997 0.140613
0.996236 -0.0866768 0.00116697 -6.11699 0.0866789 0.996235 -0.00183305 -0.368453 -0.0010037 0.0019273 0.999998 0.143859
0.995938 -0.0900401 0.000751011 -6.50092 0.0900417 0.995935 -0.00233624 -0.435424 -0.000537603 0.00239437 0.999997 0.16086
0.995512 -0.0946228 0.00155645 -6.9219 0.0946274 0.995508 -0.00323606 -0.480849 -0.00124325 0.00336882 0.999994 0.181344
0.995111 -0.0987228 0.00290129 -7.30928 0.0987331 0.995107 -0.00362575 -0.531002 -0.00252915 0.00389448 0.999989 0.20136
0.994581 -0.103887 0.00392239 -7.72172 0.103898 0.994583 -0.00297845 -0.562324 -0.00359172 0.00336984 0.999988 0.209311
0.993972 -0.109527 0.00483563 -8.17485 0.109537 0.993981 -0.00192588 -0.58837 -0.00459558 0.00244395 0.999986 0.229792
0.99361 -0.112713 0.00590022 -8.60894 0.112728 0.993623 -0.00230753 -0.644511 -0.0056025 0.0029579 0.99998 0.245402
0.993298 -0.115323 0.0077283 -9.03726 0.115369 0.993306 -0.00581807 -0.725529 -0.00700561 0.00667068 0.999953 0.26395
0.992742 -0.11989 0.00942546 -9.51846 0.119962 0.99275 -0.0075483 -0.811318 -0.00845216 0.00862421 0.999927 0.270208
0.992151 -0.124674 0.00960648 -9.95815 0.124749 0.992159 -0.00764706 -0.874721 -0.00857776 0.00878544 0.999925 0.266635
0.991631 -0.128788 0.00903216 -10.4368 0.128855 0.991637 -0.00731318 -0.94865 -0.00801477 0.00841582 0.999932 0.273695
0.990754 -0.135421 0.00818992 -10.9423 0.135477 0.990757 -0.0068117 -0.988914 -0.00719178 0.00785827 0.999943 0.288654
0.989844 -0.141965 0.00735534 -11.4421 0.142013 0.989843 -0.00656748 -1.04688 -0.00634828 0.00754534 0.999951 0.304668
0.989143 -0.146809 0.00662118 -11.9414 0.146853 0.989137 -0.00656887 -1.12961 -0.00558487 0.00746989 0.999957 0.320095
0.988426 -0.151569 0.00642415 -12.4517 0.151612 0.988418 -0.00665892 -1.24189 -0.00534046 0.00755582 0.999957 0.336691
0.987797 -0.155597 0.00689501 -12.9606 0.155646 0.987786 -0.00724289 -1.3172 -0.00568382 0.00822769 0.99995 0.352295
0.987313 -0.158613 0.00736178 -13.4658 0.158668 0.987303 -0.00760066 -1.40636 -0.00606275 0.00867231 0.999944 0.35702
0.987108 -0.159877 0.00758102 -14.0317 0.159934 0.987098 -0.00768974 -1.51475 -0.0062538 0.00880307 0.999942 0.370499
0.986855 -0.161428 0.00764767 -14.5855 0.161487 0.986844 -0.00784941 -1.5943 -0.00627994 0.00898123 0.99994 0.393287
0.986703 -0.162334 0.00802875 -15.1217 0.162394 0.986698 -0.0073862 -1.67614 -0.00672292 0.00859181 0.99994 0.391547
0.986867 -0.161358 0.00754143 -15.7086 0.161408 0.986866 -0.00659804 -1.7512 -0.00637774 0.00772864 0.99995 0.404438
0.987213 -0.15927 0.0065481 -16.2917 0.159308 0.987212 -0.00578029 -1.83338 -0.00554373 0.00674954 0.999962 0.418588
0.987718 -0.156193 0.00416785 -16.8738 0.156207 0.987719 -0.00313492 -1.92163 -0.00362701 0.00374747 0.999986 0.444933
0.988208 -0.153104 0.00219877 -17.469 0.153106 0.988209 -0.00107931 -2.01367 -0.0020076 0.00140323 0.999997 0.475072
0.988652 -0.15021 0.0019917 -18.0814 0.150208 0.988654 0.00133186 -2.12028 -0.00216916 -0.00101758 0.999997 0.492619
0.989069 -0.14742 0.00325164 -18.6882 0.147414 0.989073 0.00196989 -2.20172 -0.00350651 -0.00146902 0.999993 0.505135
0.989497 -0.144473 0.00481185 -19.3206 0.144464 0.989508 0.00216447 -2.29268 -0.00507407 -0.0014466 0.999986 0.531389
0.989866 -0.141888 0.00575248 -19.9553 0.141876 0.989881 0.00244831 -2.36386 -0.00604166 -0.00160736 0.99998 0.537409
0.990438 -0.13787 0.00497286 -20.5951 0.13786 0.990449 0.00231674 -2.44407 -0.00524478 -0.00160903 0.999985 0.548796
0.991116 -0.132968 0.00282377 -21.2718 0.132961 0.991118 0.00258609 -2.52605 -0.00314256 -0.00218766 0.999993 0.557607
0.991758 -0.128122 0.000609112 -21.9541 0.12812 0.991754 0.00290775 -2.60664 -0.000976636 -0.00280574 0.999996 0.57368
0.992344 -0.123508 -0.000200054 -22.6046 0.123508 0.99234 0.00269763 -2.67289 -0.000134656 -0.00270169 0.999996 0.605544
0.992952 -0.118508 0.00121355 -23.2381 0.118505 0.992951 0.00199478 -2.74375 -0.0014414 -0.00183691 0.999997 0.627966
0.993551 -0.113314 0.00410898 -23.9319 0.113314 0.993559 1.75683e-05 -2.8147 -0.0040845 0.000448152 0.999992 0.650294
0.99434 -0.106076 0.00589873 -24.608 0.10608 0.994358 -0.000288872 -2.87821 -0.0058348 0.000912973 0.999983 0.658599
0.995126 -0.0984809 0.00504589 -25.2691 0.0984674 0.995136 0.00285933 -2.93111 -0.00530294 -0.00234854 0.999983 0.662846
0.995901 -0.0903706 0.00382341 -25.952 0.0903543 0.995901 0.00423312 -2.97345 -0.00419029 -0.00387031 0.999984 0.68469
0.996631 -0.0819793 0.00240882 -26.6623 0.0819763 0.996633 0.00131912 -3.02778 -0.00250885 -0.00111721 0.999996 0.733135
0.997377 -0.0722923 0.00364056 -27.3647 0.0723013 0.99738 -0.00241455 -3.08647 -0.00345647 0.00267144 0.99999 0.763337
0.997922 -0.0640121 0.00733356 -28.0684 0.0640462 0.997937 -0.00450458 -3.10825 -0.00703008 0.00496491 0.999963 0.766092
0.998388 -0.0559396 0.0096025 -28.767 0.055986 0.998421 -0.00463204 -3.13869 -0.00932822 0.00516218 0.999943 0.774453
0.998824 -0.0475562 0.00938935 -29.4503 0.0475946 0.998859 -0.00391298 -3.17035 -0.00919255 0.00435527 0.999948 0.79016
0.999223 -0.0388527 0.00657503 -30.1759 0.0388817 0.999234 -0.00433806 -3.18453 -0.00640145 0.00459034 0.999969 0.826215
0.999533 -0.0301784 0.00480754 -30.9118 0.0302057 0.999527 -0.00570622 -3.20302 -0.00463307 0.00584877 0.999972 0.849629
0.999754 -0.0216265 0.00495429 -31.6492 0.0216586 0.999744 -0.0065156 -3.22 -0.00481212 0.0066213 0.999967 0.854014
0.999868 -0.0148963 0.00646929 -32.4171 0.0149308 0.999874 -0.005314 -3.22148 -0.00638932 0.0054099 0.999965 0.867754
0.999926 -0.00943811 0.00762129 -33.187 0.00946451 0.999949 -0.0034361 -3.20127 -0.00758847 0.00350798 0.999965 0.905166
0.999961 -0.00486998 0.00736134 -33.9104 0.00489144 0.999984 -0.00289979 -3.18739 -0.0073471 0.00293569 0.999969 0.940907
0.999978 -0.000352512 0.00663406 -34.6641 0.000372638 0.999995 -0.00303263 -3.18903 -0.00663296 0.00303503 0.999973 0.956511
0.999978 0.00424333 0.00502978 -35.443 -0.00422892 0.999987 -0.00287166 -3.19082 -0.0050419 0.00285032 0.999983 0.97248
0.999954 0.00820276 0.00487572 -36.2288 -0.00819297 0.999964 -0.00202524 -3.17936 -0.00489215 0.0019852 0.999986 0.992921
0.999929 0.0105967 0.00542995 -37.0175 -0.0105892 0.999943 -0.00142067 -3.14771 -0.00544469 0.00136307 0.999984 1.03541
0.999902 0.0123099 0.00668941 -37.839 -0.0123014 0.999923 -0.00131745 -3.12745 -0.00670512 0.00123503 0.999977 1.06244
0.999877 0.0139907 0.00707607 -38.6419 -0.0139854 0.999902 -0.000798266 -3.12112 -0.00708654 0.000699206 0.999975 1.07118
0.999855 0.0155258 0.00694137 -39.4567 -0.0155288 0.999879 0.00038172 -3.10635 -0.0069346 -0.000489455 0.999976 1.09049
0.999834 0.0168348 0.00701547 -40.2625 -0.016847 0.999857 0.00168668 -3.08351 -0.00698607 -0.00180459 0.999974 1.11555
0.999818 0.017609 0.00738214 -41.0772 -0.0176332 0.999839 0.00323232 -3.06902 -0.00732404 -0.0033619 0.999968 1.1346
0.99979 0.017929 0.00993256 -41.9059 -0.0179819 0.999824 0.00526181 -3.05321 -0.00983648 -0.00543931 0.999937 1.14851
0.999752 0.0177365 0.0134605 -42.7573 -0.0178436 0.99981 0.00788081 -3.03488 -0.0133182 -0.00811904 0.999878 1.18716
0.999732 0.0177513 0.0148436 -43.6203 -0.0178864 0.999799 0.00901852 -3.01144 -0.0146806 -0.0092816 0.999849 1.24485
0.999783 0.0169832 0.0120235 -44.492 -0.0170709 0.999828 0.00722708 -2.99222 -0.0118987 -0.00743077 0.999902 1.28333
0.999847 0.0161759 0.00658998 -45.3656 -0.0162147 0.999851 0.00587448 -2.98723 -0.00649398 -0.00598044 0.999961 1.25529
0.999884 0.0145953 0.00424487 -46.2222 -0.0146402 0.999835 0.0107559 -2.96647 -0.00408718 -0.0108168 0.999933 1.26325
0.999905 0.0132513 0.00376878 -47.1009 -0.0133061 0.9998 0.0149225 -2.93906 -0.00357028 -0.0149712 0.999882 1.34697
0.999909 0.0124047 0.00521339 -48.0247 -0.012473 0.999834 0.0132716 -2.91649 -0.0050479 -0.0133354 0.999898 1.40715
0.999916 0.0119177 0.00507514 -48.9093 -0.0119674 0.99988 0.00986673 -2.91247 -0.00495694 -0.00992664 0.999938 1.38076
0.999943 0.0103692 0.00252426 -49.8295 -0.0103906 0.999909 0.00863608 -2.90754 -0.00243448 -0.00866182 0.99996 1.37578
0.999963 0.00857649 0.000612169 -50.7393 -0.00858242 0.999909 0.0104555 -2.89093 -0.000522441 -0.0104604 0.999945 1.41202
0.999968 0.0076459 0.00226168 -51.6537 -0.0076718 0.999902 0.0116748 -2.87903 -0.00217219 -0.0116918 0.999929 1.4575
0.999956 0.0071464 0.0060915 -52.6199 -0.00722511 0.999889 0.012999 -2.86392 -0.00599793 -0.0130424 0.999897 1.46736
0.999938 0.00664957 0.00889695 -53.5637 -0.006799 0.999835 0.0168721 -2.85328 -0.00878329 -0.0169316 0.999818 1.49878
0.999927 0.00671548 0.0100018 -54.5007 -0.006895 0.999814 0.0180236 -2.84721 -0.00987893 -0.0180913 0.999788 1.55095
0.999904 0.00714091 0.0118454 -55.453 -0.00734121 0.999829 0.0169527 -2.83949 -0.0117223 -0.017038 0.999786 1.56956
0.999924 0.00670142 0.0103277 -56.4394 -0.00685291 0.999868 0.0147037 -2.83301 -0.0102278 -0.0147734 0.999839 1.59931
0.999978 0.00607674 0.00280224 -57.4277 -0.00610472 0.99993 0.0100866 -2.81768 -0.00274075 -0.0101035 0.999945 1.63181
0.999963 0.00639512 -0.00570143 -58.4032 -0.00636404 0.999965 0.00545142 -2.80645 0.0057361 -0.00541494 0.999969 1.64511
0.999964 0.00707192 -0.00467605 -59.3901 -0.00705645 0.99997 0.00331793 -2.80638 0.00469937 -0.00328482 0.999984 1.66462
0.999955 0.00646604 0.0069629 -60.382 -0.00649255 0.999972 0.00379182 -2.81316 -0.00693818 -0.00383686 0.999969 1.70575
0.999807 0.00521074 0.0189409 -61.3698 -0.00529681 0.999976 0.00449693 -2.8094 -0.018917 -0.00459639 0.99981 1.74077
0.999737 0.00411148 0.0225641 -62.3967 -0.00422882 0.999978 0.00515484 -2.79472 -0.0225424 -0.00524891 0.999732 1.77855
0.999846 0.00378468 0.0171573 -63.4212 -0.0038867 0.999975 0.00591695 -2.77413 -0.0171345 -0.00598272 0.999835 1.81694
0.999948 0.00345832 0.0095721 -64.4314 -0.0035272 0.999968 0.0071881 -2.77115 -0.00954694 -0.00722149 0.999928 1.83818
0.999984 0.00288365 0.00488742 -65.4789 -0.00292566 0.999959 0.00861003 -2.76247 -0.00486239 -0.00862419 0.999951 1.87335
0.999989 0.00308745 0.00357534 -66.5189 -0.00311946 0.999955 0.00898041 -2.75917 -0.00354745 -0.00899147 0.999953 1.92968
0.999966 0.00295707 0.00765557 -67.5826 -0.0030189 0.999963 0.00807788 -2.75328 -0.0076314 -0.00810072 0.999938 1.96884
0.999908 0.00331358 0.0131295 -68.6517 -0.00340152 0.999972 0.00668128 -2.73838 -0.013107 -0.00672533 0.999891 1.98577
0.999871 0.0035442 0.0156377 -69.6751 -0.00363286 0.999977 0.00564463 -2.73598 -0.0156173 -0.00570071 0.999862 2.01548
0.999873 0.00396974 0.0154452 -70.7449 -0.00403387 0.999983 0.0041235 -2.73455 -0.0154286 -0.00418528 0.999872 2.05658
0.999912 0.00421364 0.0125997 -71.8339 -0.00424389 0.999988 0.00237541 -2.72996 -0.0125896 -0.00242867 0.999918 2.08422
0.999939 0.00408367 0.0102234 -72.9222 -0.00410233 0.99999 0.00180491 -2.72236 -0.0102159 -0.00184674 0.999946 2.12635
0.999943 0.00384256 0.00995931 -74.0255 -0.00386434 0.99999 0.00216937 -2.71097 -0.00995088 -0.00220773 0.999948 2.16201
0.999934 0.00422688 0.010693 -75.1025 -0.00425063 0.999989 0.00219957 -2.71322 -0.0106836 -0.00224488 0.99994 2.2052
0.999931 0.00465543 0.0107667 -76.1854 -0.00468397 0.999986 0.00262712 -2.7054 -0.0107543 -0.00267737 0.999939 2.23786
0.999925 0.00517201 0.0110868 -77.301 -0.00520028 0.999983 0.00252224 -2.69129 -0.0110736 -0.00257971 0.999935 2.27345
0.999916 0.00559184 0.0117147 -78.4113 -0.00562348 0.999981 0.0026697 -2.67535 -0.0116995 -0.00273535 0.999928 2.30786
0.999915 0.00675762 0.011112 -79.5088 -0.00678735 0.999973 0.00264057 -2.66692 -0.0110939 -0.00271576 0.999935 2.35094
0.99991 0.00755809 0.0110436 -80.644 -0.00757732 0.99997 0.00170047 -2.66064 -0.0110304 -0.001784 0.999938 2.39383
0.999907 0.0089563 0.0102858 -81.7858 -0.0089632 0.99996 0.000624727 -2.64141 -0.0102797 -0.000716862 0.999947 2.42833
0.999876 0.0119048 0.010348 -82.9268 -0.011907 0.999929 0.000145225 -2.60566 -0.0103456 -0.00026842 0.999946 2.45922
0.999831 0.0145218 0.0112359 -84.0704 -0.0145314 0.999894 0.00077737 -2.59612 -0.0112234 -0.000940512 0.999937 2.49594
0.999773 0.0170323 0.0127935 -85.2092 -0.0170585 0.999853 0.00194161 -2.56992 -0.0127586 -0.0021594 0.999916 2.53684
0.99972 0.0190852 0.0139989 -86.3392 -0.019119 0.999815 0.00228571 -2.53588 -0.0139527 -0.00255271 0.999899 2.59302
0.999642 0.0217851 0.01553 -87.52 -0.021794 0.999762 0.000405068 -2.50618 -0.0155175 -0.000743385 0.999879 2.66036
0.999536 0.0253357 0.0169098 -88.6793 -0.0253133 0.999678 -0.00154144 -2.48699 -0.0169435 0.00111268 0.999856 2.69392
0.999429 0.0288278 0.0176424 -89.8351 -0.0287788 0.999581 -0.003023 -2.45225 -0.0177221 0.00251354 0.99984 2.71806
0.999321 0.0326838 0.0170043 -91.0022 -0.0325984 0.999455 -0.00527218 -2.40326 -0.0171673 0.00471429 0.999842 2.76945
0.999216 0.0368474 0.0144733 -92.2061 -0.0367669 0.999307 -0.00579201 -2.34436 -0.0146767 0.00525533 0.999878 2.82318
0.999083 0.0410834 0.0120905 -93.3725 -0.0410145 0.999141 -0.00588795 -2.3057 -0.012322 0.00538666 0.99991 2.87936
0.99891 0.0450189 0.0123472 -94.5293 -0.0449514 0.998973 -0.00568861 -2.25502 -0.0125906 0.00512738 0.999908 2.92116
0.998725 0.0486657 0.0133821 -95.7229 -0.0486029 0.998806 -0.00497657 -2.18658 -0.0136083 0.00431982 0.999898 2.95854
0.998533 0.0526687 0.0125592 -96.9283 -0.0526031 0.9986 -0.00549578 -2.11992 -0.0128311 0.00482706 0.999906 3.00652
0.998321 0.0568294 0.0111764 -98.1559 -0.0567727 0.998373 -0.00532876 -2.04517 -0.011461 0.0046853 0.999923 3.02544
0.998094 0.0608242 0.0104347 -99.3398 -0.0607852 0.998143 -0.00401497 -1.96058 -0.0106595 0.00337304 0.999937 3.04821
0.997867 0.0644021 0.0106502 -100.539 -0.0643936 0.997924 -0.00113977 -1.87654 -0.0107015 0.000451537 0.999943 3.08813
0.997599 0.0683481 0.0111374 -101.749 -0.0684068 0.997645 0.00496981 -1.76819 -0.0107715 -0.00571976 0.999926 3.13848
0.997291 0.0727611 0.0107939 -102.976 -0.0728544 0.997306 0.00851498 -1.66457 -0.0101453 -0.00927829 0.999905 3.23162
0.996999 0.0765953 0.0112749 -104.201 -0.0766795 0.99703 0.00723359 -1.5779 -0.0106873 -0.00807643 0.99991 3.28
0.996693 0.0799494 0.0145143 -105.409 -0.0799659 0.996797 0.000561838 -1.48364 -0.0144229 -0.00172063 0.999895 3.32352
0.996319 0.0835868 0.0190352 -106.647 -0.0834675 0.996486 -0.0069759 -1.382 -0.0195514 0.00536139 0.999794 3.3631
0.995896 0.0874101 0.0234612 -107.873 -0.0871549 0.996126 -0.0116911 -1.27701 -0.0243923 0.00959831 0.999656 3.38884
0.995536 0.0911738 0.0244017 -109.107 -0.0909343 0.995799 -0.0107519 -1.16528 -0.0252795 0.00848496 0.999644 3.42928
0.995276 0.0948948 0.0205 -110.359 -0.0947533 0.99547 -0.00776963 -1.04734 -0.0211445 0.00579048 0.99976 3.51323
0.994978 0.0988864 0.0154852 -111.603 -0.0987734 0.995079 -0.00790194 -0.912331 -0.0161904 0.00633273 0.999849 3.5871
0.994665 0.102347 0.0129089 -112.828 -0.102218 0.994709 -0.0102806 -0.776953 -0.0138928 0.0089062 0.999864 3.64741
0.994272 0.106004 0.0136477 -114.015 -0.105841 0.994308 -0.0121975 -0.648668 -0.014863 0.0106832 0.999832 3.68832
0.993831 0.10985 0.0152637 -115.221 -0.109645 0.993877 -0.0136551 -0.516745 -0.0166703 0.0118972 0.99979 3.73454
0.993362 0.113608 0.0180194 -116.458 -0.113387 0.993468 -0.0128382 -0.374076 -0.0193602 0.0107098 0.999755 3.79488
0.992842 0.117643 0.0205888 -117.678 -0.11743 0.993017 -0.0112785 -0.221621 -0.0217719 0.00878004 0.999724 3.84387
0.992364 0.12155 0.020964 -118.903 -0.121433 0.992576 -0.006782 -0.0637389 -0.0216327 0.0041845 0.999757 3.91403
0.992014 0.124808 0.0182049 -120.118 -0.124738 0.992177 -0.00494014 0.107644 -0.0186791 0.00262984 0.999822 3.99066
0.991632 0.127992 0.0168758 -121.319 -0.127923 0.991771 -0.00512466 0.266547 -0.0173928 0.00292297 0.999844 4.02609
0.991148 0.131626 0.0173368 -122.534 -0.131581 0.991298 -0.00375036 0.438545 -0.0176796 0.00143597 0.999843 4.06877
0.990579 0.135831 0.0173887 -123.761 -0.135796 0.990732 -0.00317449 0.602048 -0.0176588 0.000783264 0.999844 4.14315
0.989977 0.13981 0.0199487 -124.982 -0.139746 0.990177 -0.00458008 0.768848 -0.020393 0.00174643 0.999791 4.19106
0.989344 0.143693 0.0234599 -126.2 -0.143606 0.98962 -0.00538035 0.953122 -0.0239895 0.00195404 0.99971 4.23516
0.988823 0.147111 0.0242249 -127.405 -0.147022 0.989118 -0.0054348 1.15299 -0.0247608 0.00181247 0.999692 4.29771
0.988303 0.150787 0.022825 -128.632 -0.150696 0.988564 -0.0056799 1.33296 -0.0234205 0.00217381 0.999723 4.363
0.987806 0.154214 0.0213811 -129.86 -0.154132 0.988035 -0.00542249 1.51981 -0.0219615 0.00206086 0.999757 4.41379
0.987189 0.158066 0.0217458 -131.096 -0.157979 0.987426 -0.00565669 1.71593 -0.0223665 0.00214883 0.999748 4.4666
0.986563 0.161715 0.023284 -132.301 -0.161619 0.986835 -0.00594486 1.93165 -0.0239388 0.00210185 0.999711 4.51664
0.985911 0.165453 0.0245755 -133.53 -0.165353 0.986216 -0.00607154 2.13757 -0.0252413 0.00192238 0.99968 4.58519
0.985371 0.168702 0.0241638 -134.77 -0.168591 0.985664 -0.00655945 2.35988 -0.0249239 0.00238969 0.999686 4.6521
0.984721 0.172511 0.0237662 -136.004 -0.172397 0.985004 -0.00678413 2.56887 -0.0245802 0.00258325 0.999695 4.72165
0.984025 0.176298 0.0247656 -137.228 -0.176173 0.984333 -0.00717848 2.79866 -0.0256432 0.00270078 0.999668 4.76796
0.983384 0.179758 0.0253729 -138.445 -0.179666 0.98371 -0.00588671 3.0368 -0.0260177 0.00123025 0.999661 4.81605
0.982712 0.183429 0.025101 -139.697 -0.183352 0.983033 -0.00534742 3.27667 -0.0256559 0.000652658 0.999671 4.89713
0.981979 0.187348 0.024864 -140.913 -0.187266 0.982293 -0.00559215 3.49672 -0.0254714 0.000835192 0.999675 4.97561
0.981212 0.191196 0.0258424 -142.158 -0.191106 0.981551 -0.0059584 3.73246 -0.0265049 0.000907819 0.999648 5.02757
0.980506 0.194864 0.0252196 -143.387 -0.194776 0.98083 -0.00591543 4.00513 -0.0258888 0.000887957 0.999664 5.09478
0.979782 0.198724 0.0231321 -144.639 -0.198663 0.980055 -0.00492199 4.26296 -0.0236489 0.000226972 0.99972 5.16386
0.978983 0.202725 0.0222357 -145.893 -0.202695 0.979235 -0.00362847 4.5263 -0.0225095 -0.000954842 0.999746 5.23213
0.978183 0.206376 0.0238228 -147.131 -0.206355 0.978471 -0.00334943 4.78582 -0.0240012 -0.0016396 0.999711 5.29042
0.977432 0.209666 0.0258094 -148.378 -0.209606 0.977773 -0.00503209 5.06073 -0.0262908 -0.000491284 0.999654 5.36407
0.976555 0.213428 0.0280998 -149.617 -0.213349 0.976959 -0.00580957 5.33189 -0.0286923 -0.000321714 0.999588 5.41513
0.975588 0.217852 0.0277293 -150.851 -0.217778 0.975982 -0.00569759 5.62397 -0.0283045 -0.000480315 0.999599 5.46905
0.974761 0.221857 0.0249256 -152.109 -0.221791 0.975079 -0.00540225 5.91391 -0.025503 -0.000262384 0.999675 5.53514
0.973768 0.226389 0.0228944 -153.367 -0.226317 0.974037 -0.00574522 6.20654 -0.0236006 0.000413128 0.999721 5.60925
0.972598 0.231288 0.0236334 -154.599 -0.231183 0.972884 -0.00712009 6.50758 -0.0246394 0.00146134 0.999695 5.68428
0.971263 0.23659 0.0259344 -155.867 -0.236424 0.971605 -0.00933152 6.81292 -0.0274058 0.00293184 0.99962 5.75671
0.969935 0.241832 0.0272756 -157.095 -0.241604 0.970308 -0.011411 7.09489 -0.0292253 0.00447803 0.999563 5.82295
0.968812 0.246256 0.0276042 -158.338 -0.24598 0.969187 -0.0130262 7.41976 -0.0299614 0.0058299 0.999534 5.86986
0.967648 0.250921 0.0263852 -159.594 -0.250667 0.967991 -0.0126017 7.75948 -0.0287026 0.0055801 0.999572 5.92567
0.966342 0.255965 0.0257743 -160.847 -0.255772 0.966679 -0.010574 8.10692 -0.0276221 0.00362574 0.999612 5.99936
0.965037 0.260903 0.0251726 -162.105 -0.26076 0.965363 -0.0088641 8.44431 -0.0266134 0.00199017 0.999644 6.08604
0.963776 0.26541 0.0263196 -163.356 -0.2653 0.964136 -0.00764074 8.80091 -0.0274036 0.000381365 0.999624 6.16094
0.962355 0.27038 0.0277054 -164.588 -0.270281 0.962754 -0.0073014 9.15883 -0.0286477 -0.000461722 0.999589 6.22685
0.960947 0.275404 0.027088 -165.817 -0.275255 0.961328 -0.00916188 9.51168 -0.0285637 0.00134797 0.999591 6.29776
0.95963 0.279999 0.026661 -167.061 -0.279793 0.959995 -0.0112301 9.85451 -0.0287389 0.0033172 0.999581 6.36466
0.958525 0.283653 0.0277772 -168.295 -0.283431 0.958921 -0.0117102 10.2209 -0.0299578 0.00335161 0.999546 6.44014
0.957495 0.286927 0.0296096 -169.531 -0.286645 0.957942 -0.0134453 10.5951 -0.0322221 0.00438639 0.999471 6.53406
0.956662 0.289509 0.0313561 -170.733 -0.289158 0.957159 -0.0152994 10.9644 -0.0344421 0.0055695 0.999391 6.61277
0.955699 0.292732 0.0307696 -171.93 -0.292351 0.956171 -0.0163477 11.3396 -0.0342066 0.00662795 0.999393 6.65986
0.95485 0.295818 0.0274333 -173.156 -0.295529 0.955229 -0.0141727 11.7242 -0.0303976 0.00542551 0.999523 6.70865
0.953772 0.299553 0.0242208 -174.378 -0.299375 0.954075 -0.0107432 12.1119 -0.0263267 0.00299548 0.999649 6.79447
0.95253 0.303546 0.023383 -175.598 -0.303411 0.952815 -0.0092068 12.5144 -0.0250744 0.0016751 0.999684 6.8793
0.950928 0.308247 0.026817 -176.81 -0.308084 0.951305 -0.0101223 12.9167 -0.0286314 0.00136368 0.999589 6.94849
0.949154 0.313182 0.0320106 -178.004 -0.312972 0.949693 -0.0114911 13.3097 -0.033999 0.00088836 0.999421 7.01738
0.947539 0.317914 0.033182 -179.205 -0.317697 0.948119 -0.0117799 13.7208 -0.0352055 0.000620157 0.99938 7.09229
0.946026 0.322775 0.0291574 -180.396 -0.322522 0.946471 -0.0131373 14.1223 -0.031837 0.0030243 0.999488 7.18506
0.944651 0.326937 0.0273245 -181.624 -0.3266 0.945025 -0.0161077 14.5387 -0.0310885 0.00629198 0.999497 7.22224
0.942742 0.332162 0.0301068 -182.813 -0.331821 0.94321 -0.015811 14.9646 -0.0336488 0.00491559 0.999422 7.29086
0.94009 0.339098 0.0352617 -184 -0.338742 0.940747 -0.0157997 15.3952 -0.0385299 0.0029085 0.999253 7.37986
0.937342 0.346139 0.0397138 -185.213 -0.345875 0.938183 -0.0135627 15.8513 -0.0419534 -0.00102316 0.999119 7.45769
0.934987 0.352362 0.0405126 -186.384 -0.352215 0.935855 -0.0109348 16.3075 -0.0417669 -0.00404528 0.999119 7.55012
0.932854 0.358067 0.0396456 -187.57 -0.357973 0.933682 -0.00968463 16.7791 -0.0404841 -0.00515771 0.999167 7.63597
0.930306 0.364772 0.0383649 -188.745 -0.364697 0.931081 -0.0091846 17.2469 -0.0390711 -0.00544708 0.999222 7.71002
0.92773 0.371609 0.0349773 -189.921 -0.371583 0.928369 -0.0074797 17.7297 -0.0352514 -0.00605785 0.99936 7.79039
0.925246 0.378088 0.0311509 -191.103 -0.378076 0.925752 -0.00650246 18.218 -0.0312965 -0.00576103 0.999494 7.86364
0.922644 0.384361 0.0315249 -192.295 -0.384381 0.923157 -0.00568385 18.7118 -0.0312871 -0.0068734 0.999487 7.93452
0.919888 0.390687 0.0341961 -193.472 -0.390761 0.92048 -0.00475134 19.2018 -0.0333331 -0.00899182 0.999404 7.99655
0.917804 0.395445 0.0354687 -194.642 -0.395567 0.918429 -0.00382852 19.7266 -0.0340895 -0.0105164 0.999363 8.07715
0.916215 0.399034 0.0363601 -195.84 -0.399142 0.916878 -0.00455139 20.2581 -0.0351539 -0.0103428 0.999328 8.16813
0.914465 0.402814 0.0386567 -197.026 -0.402851 0.915237 -0.00718305 20.7798 -0.0382735 -0.00900423 0.999227 8.25774
0.912544 0.406964 0.0405308 -198.168 -0.406897 0.913416 -0.0102645 21.2967 -0.0411988 -0.00712505 0.999126 8.33192
0.910399 0.411845 0.0394712 -199.345 -0.411709 0.911238 -0.01188 21.8236 -0.0408604 -0.00543518 0.99915 8.41304
0.908675 0.415977 0.0356761 -200.533 -0.415779 0.909371 -0.0131573 22.3728 -0.0379159 -0.00287759 0.999277 8.50134
0.906969 0.419812 0.0341323 -201.708 -0.419586 0.90761 -0.0138635 22.9142 -0.0367989 -0.00174765 0.999321 8.57265
0.904934 0.424096 0.0351567 -202.877 -0.4239 0.905612 -0.0132245 23.4732 -0.0374468 -0.00293567 0.999294 8.64594
0.902845 0.4285 0.03548 -204.038 -0.428345 0.903532 -0.0122399 24.0306 -0.0373022 -0.00414696 0.999295 8.73201
0.900792 0.432706 0.0365862 -205.183 -0.432595 0.901517 -0.0113102 24.5893 -0.037877 -0.00563887 0.999266 8.81061
0.899107 0.436063 0.038155 -206.349 -0.435968 0.899892 -0.0112255 25.1617 -0.0392304 -0.00654142 0.999209 8.89694
0.897075 0.440177 0.0387353 -207.513 -0.440069 0.897887 -0.0117152 25.7392 -0.0399367 -0.00653679 0.999181 8.98414
0.895054 0.444344 0.0379129 -208.656 -0.444183 0.895841 -0.013021 26.2912 -0.0397498 -0.00518577 0.999196 9.07197
0.892853 0.448745 0.0379669 -209.82 -0.448542 0.893649 -0.0141772 26.8798 -0.040291 -0.00437163 0.999178 9.14521
0.89052 0.453313 0.0384883 -210.973 -0.453049 0.891345 -0.015833 27.4759 -0.0414836 -0.00333744 0.999134 9.23197
0.888563 0.457113 0.0387767 -212.132 -0.456807 0.889405 -0.0169189 28.0782 -0.042222 -0.00267999 0.999105 9.31066
0.886945 0.46032 0.0378632 -213.268 -0.460022 0.887749 -0.0167595 28.6708 -0.0413277 -0.00255316 0.999142 9.39717
0.885778 0.462733 0.0357056 -214.437 -0.46253 0.886489 -0.0142534 29.275 -0.0382482 -0.0038895 0.999261 9.48458
0.884087 0.466175 0.0327361 -215.589 -0.466071 0.884676 -0.0111979 29.8913 -0.0341811 -0.00535741 0.999401 9.55411
0.882275 0.469671 0.0316168 -216.729 -0.469632 0.882815 -0.00909566 30.5111 -0.0321837 -0.00682337 0.999459 9.64499
0.880223 0.473242 0.0353454 -217.865 -0.47322 0.880893 -0.00950705 31.1451 -0.0356347 -0.00835784 0.99933 9.72626
0.878009 0.47676 0.0424153 -219.006 -0.476663 0.87899 -0.0130277 31.781 -0.0434937 -0.00877932 0.999015 9.82264
0.875706 0.480475 0.0477747 -220.137 -0.480367 0.876948 -0.0144603 32.3973 -0.0488438 -0.0102864 0.998753 9.89773
0.873805 0.483902 0.0480012 -221.294 -0.483823 0.875053 -0.0140267 33.0165 -0.0487911 -0.0109675 0.998749 9.98205
0.871867 0.487713 0.0445443 -222.435 -0.487759 0.872914 -0.0105611 33.6615 -0.0440342 -0.012519 0.998952 10.0587
0.870131 0.491356 0.037974 -223.551 -0.491533 0.870844 -0.00517776 34.3056 -0.0356136 -0.0141601 0.999265 10.1575
0.868604 0.494212 0.0357979 -224.691 -0.494463 0.869196 -0.00208648 34.9634 -0.0321466 -0.0158884 0.999357 10.2402
0.866518 0.497591 0.0393638 -225.816 -0.497864 0.867249 -0.00320883 35.6317 -0.0357349 -0.0168173 0.99922 10.3216
0.86398 0.501471 0.0454471 -226.945 -0.501773 0.864983 -0.00534186 36.2896 -0.0419898 -0.0181889 0.998952 10.4002
0.861492 0.505494 0.0480245 -228.054 -0.505792 0.86263 -0.00662752 36.945 -0.0447775 -0.0185809 0.998824 10.4834
0.859434 0.509151 0.0462496 -229.183 -0.509444 0.860482 -0.0061073 37.6259 -0.0429065 -0.0183128 0.998911 10.5765
0.85782 0.512181 0.0426103 -230.309 -0.512461 0.858696 -0.00489692 38.2901 -0.0390974 -0.0176354 0.99908 10.6651
0.855703 0.515792 0.041599 -231.423 -0.516069 0.856535 -0.00459693 38.9715 -0.0380021 -0.0175344 0.999124 10.729
0.853416 0.519512 0.0422877 -232.53 -0.519791 0.854279 -0.00496567 39.6618 -0.0387052 -0.017743 0.999093 10.8226
0.85122 0.522902 0.0446984 -233.664 -0.523141 0.852217 -0.0071189 40.3469 -0.0418152 -0.0173238 0.998975 10.925
0.848758 0.526607 0.0479021 -234.768 -0.526706 0.849969 -0.0115655 41.0296 -0.0468058 -0.0154141 0.998785 11.0278
0.846407 0.530156 0.0502884 -235.869 -0.530169 0.847773 -0.0141959 41.7275 -0.0501592 -0.0146458 0.998634 11.0931
0.844062 0.533781 0.0513602 -236.961 -0.533824 0.845479 -0.0140141 42.4363 -0.0509044 -0.0155886 0.998582 11.1896
0.842325 0.536842 0.0478397 -238.073 -0.53701 0.843512 -0.0103662 43.157 -0.0459184 -0.0169586 0.998801 11.2788
0.84061 0.540046 0.0415337 -239.176 -0.540253 0.841473 -0.00704054 43.8618 -0.0387517 -0.0165204 0.999112 11.3725
0.838891 0.542988 0.0377656 -240.268 -0.543139 0.839613 -0.00703767 44.5681 -0.0355299 -0.0146082 0.999262 11.4734
0.836606 0.546353 0.0398593 -241.36 -0.546405 0.837455 -0.0105425 45.2766 -0.0391403 -0.0129594 0.99915 11.5493
0.833928 0.550179 0.0432163 -242.443 -0.550119 0.834963 -0.0143534 46.0005 -0.043981 -0.0118044 0.998963 11.6214
0.831976 0.552944 0.0454886 -243.54 -0.553007 0.833085 -0.0123294 46.7584 -0.0447133 -0.0148978 0.998889 11.6675
0.830174 0.555676 0.0451147 -244.643 -0.556007 0.831156 -0.00600202 47.4933 -0.0408325 -0.0201014 0.998964 11.7694
0.828768 0.557809 0.0446319 -245.714 -0.558269 0.829656 -0.00254373 48.2218 -0.038448 -0.0228085 0.999 11.9261
0.827534 0.559753 0.0431708 -246.768 -0.560053 0.828436 -0.00592994 48.9343 -0.0390835 -0.0192707 0.99905 12.0155
0.826309 0.561653 0.041949 -247.834 -0.561802 0.82722 -0.00924749 49.6506 -0.0398949 -0.0159257 0.999077 12.0562
0.824898 0.563753 0.0415317 -248.881 -0.563894 0.825794 -0.0093619 50.3764 -0.0395744 -0.0156968 0.999093 12.1216
0.823022 0.566222 0.0450242 -249.918 -0.566428 0.824059 -0.00927082 51.1009 -0.042352 -0.0178729 0.998943 12.2201
0.82119 0.568393 0.0507604 -250.975 -0.568672 0.822502 -0.0101907 51.8542 -0.0475429 -0.0204975 0.998659 12.327
0.819636 0.570307 0.0542794 -252.032 -0.570761 0.821075 -0.0082612 52.598 -0.0492789 -0.0242094 0.998492 12.4251
0.818304 0.572404 0.0522718 -253.083 -0.572921 0.819589 -0.00597318 53.3342 -0.0462605 -0.0250598 0.998615 12.5039
0.816715 0.574557 0.0534872 -254.09 -0.575311 0.817933 -0.00156536 54.0626 -0.0446483 -0.0294933 0.998567 12.5777
0.815061 0.576613 0.0564975 -255.085 -0.577472 0.81641 -0.00137519 54.7935 -0.046918 -0.0315048 0.998402 12.712
0.813864 0.578783 0.0513413 -256.125 -0.579382 0.815047 -0.00383299 55.5445 -0.0440641 -0.0266267 0.998674 12.8102
0.812415 0.581566 0.041996 -257.153 -0.581919 0.813234 -0.00452343 56.2811 -0.0367832 -0.0207633 0.999108 12.8561
0.81058 0.584319 0.0391187 -258.181 -0.58453 0.811342 -0.00700202 57.0105 -0.0358301 -0.0171904 0.99921 12.9279
0.808017 0.587304 0.0467268 -259.209 -0.587362 0.809205 -0.0139118 57.7286 -0.045982 -0.0162046 0.998811 13.0283
0.805589 0.589889 0.0552856 -260.225 -0.589767 0.80732 -0.0202433 58.4694 -0.0565745 -0.0162979 0.998265 13.133
0.804129 0.591585 0.0583377 -261.22 -0.591407 0.80607 -0.0221307 59.2283 -0.0601165 -0.0167054 0.998052 13.2281
0.8031 0.593196 0.0561082 -262.213 -0.593092 0.804879 -0.0202903 59.993 -0.0571964 -0.0169822 0.998218 13.3333
