1 0 0 0 0 1 0 0 0 0 1 0
1 2.68348e-05 -5.62381e-06 0.000360436 -2.68348e-05 1 -7.66987e-06 -0.000359831 5.6236e-06 7.67002e-06 1 0.000976126
1 1.23898e-05 -7.40769e-07 -0.00239303 -1.23898e-05 1 1.17841e-05 -0.000721353 7.40915e-07 -1.17841e-05 1 0.000518636
1 1.54433e-05 1.72876e-05 -0.00310972 -1.54433e-05 1 -1.69472e-07 -0.000347325 -1.72876e-05 1.69205e-07 1 1.96341e-06
1 8.81908e-06 -6.92624e-06 -0.000473523 -8.81913e-06 1 -7.83657e-06 -0.00108108 6.92617e-06 7.83663e-06 1 -0.00101371
1 -3.09726e-05 5.74204e-06 -0.00217422 3.09725e-05 1 6.45749e-06 -0.000747414 -5.74224e-06 -6.45732e-06 1 1.3272e-06
1 -1.32396e-05 5.57997e-06 -0.00122815 1.32395e-05 1 1.82636e-05 0.00081095 -5.58021e-06 -1.82636e-05 1 0.000341628
1 -3.72985e-05 7.83682e-06 -0.00317327 3.72983e-05 1 1.95439e-05 0.00099871 -7.83755e-06 -1.95436e-05 1 -0.000658434
1 -1.66527e-05 6.99137e-06 -0.00598064 1.66526e-05 1 1.08522e-05 -0.00196268 -6.99155e-06 -1.08521e-05 1 2.12247e-06
1 -7.76547e-06 -8.52691e-06 -0.00182529 7.76531e-06 1 -1.9069e-05 0.000606867 8.52706e-06 1.9069e-05 1 0.000842368
1 -1.90232e-05 1.15478e-05 0.00144968 1.90233e-05 1 -4.21045e-06 0.000605226 -1.15477e-05 4.21067e-06 1 0.000813915
1 -2.95554e-05 1.73288e-05 -0.00282837 2.95551e-05 1 1.49346e-05 0.000537027 -1.73292e-05 -1.49341e-05 1 -0.000339953
1 3.66128e-06 1.14093e-05 -0.00338932 -3.66128e-06 1 3.31477e-07 0.000230423 -1.14093e-05 -3.31518e-07 1 -0.000499529
1 -1.21467e-05 2.30024e-05 -0.00239493 1.21468e-05 1 -1.52628e-06 0.00260067 -2.30024e-05 1.52656e-06 1 -0.00102669
1 1.24951e-05 2.58746e-06 -0.000190565 -1.24951e-05 1 3.74283e-06 -0.00131327 -2.58741e-06 -3.74286e-06 1 0.000182454
1 1.08942e-05 6.9588e-06 -0.00223768 -1.08943e-05 1 4.89927e-06 -0.00140836 -6.95875e-06 -4.89934e-06 1 -0.00053562
1 -7.1778e-07 8.54284e-06 -0.00303801 7.17688e-07 1 1.08019e-05 -0.0005401 -8.54285e-06 -1.08019e-05 1 -0.000686541
1 2.35013e-06 -4.52673e-06 0.0019428 -2.35008e-06 1 9.71629e-06 -0.000855184 4.52675e-06 -9.71628e-06 1 -0.000686963
1 -4.35938e-05 2.68723e-05 -0.00184986 4.35935e-05 1 1.28894e-05 0.00119261 -2.68728e-05 -1.28883e-05 1 -0.00120254
1 -3.63608e-05 2.70709e-07 -0.0031598 3.63608e-05 1 -7.21866e-06 0.0045963 -2.70447e-07 7.21867e-06 1 -0.00016653
1 9.211e-06 -9.58812e-06 -0.00214786 -9.2109e-06 1 1.08561e-05 7.11048e-05 9.58822e-06 -1.0856e-05 1 -0.000234644
1 1.57463e-05 4.94895e-06 -0.000588063 -1.57464e-05 1 8.43751e-06 0.00142063 -4.94882e-06 -8.43759e-06 1 -0.000408518
1 -2.27795e-06 1.30862e-05 -0.00342972 2.27777e-06 1 1.38532e-05 -0.00367966 -1.30862e-05 -1.38532e-05 1 -0.000212008
1 -1.64295e-05 7.10396e-06 -0.00574659 1.64295e-05 1 -1.00475e-05 -0.00110083 -7.1038e-06 1.00476e-05 1 0.00105744
1 -2.03128e-05 2.43145e-06 -0.00291387 2.03128e-05 1 1.56829e-06 -0.0009718 -2.43148e-06 -1.56824e-06 1 0.000367932
1 -2.81112e-05 -2.28237e-06 -0.00131334 2.81111e-05 1 -1.70389e-05 0.00453996 2.28285e-06 1.70389e-05 1 0.000196827
1 -3.96227e-05 2.97119e-06 -0.00308949 3.96227e-05 1 -1.62528e-05 0.0042146 -2.97055e-06 1.6253e-05 1 -0.000209253
1 -1.90792e-05 1.55584e-05 -0.0028781 1.9079e-05 1 1.19204e-05 0.000280262 -1.55586e-05 -1.19201e-05 1 -0.00122287
1 2.49988e-06 1.23987e-06 -0.00243103 -2.49988e-06 1 -6.28692e-06 -0.00130145 -1.23989e-06 6.28692e-06 1 0.000492894
1 1.29446e-05 -3.78055e-06 -0.00141888 -1.29446e-05 1 -7.99323e-06 -0.00206975 3.78045e-06 7.99328e-06 1 0.00118748
1 -2.87869e-05 -1.61889e-05 -0.0014073 2.87869e-05 1 -4.86682e-06 0.00187387 1.6189e-05 4.86636e-06 1 0.00036137
1 -3.17065e-05 -9.44207e-06 -0.00146648 3.17064e-05 1 -5.12501e-06 0.00396443 9.44223e-06 5.12471e-06 1 0.000348187
1 -1.30172e-05 1.26311e-05 -0.00240496 1.30172e-05 1 1.41301e-06 0.00269398 -1.26311e-05 -1.41285e-06 1 -0.000242473
1 -2.13269e-05 6.42172e-06 -0.00308491 2.13269e-05 1 -1.63802e-06 0.000131922 -6.42169e-06 1.63816e-06 1 -0.00012178
1 4.15793e-05 7.05421e-06 -0.000104877 -4.15793e-05 1 4.91803e-06 -0.00438969 -7.05401e-06 -4.91833e-06 1 -0.000415701
1 -2.95276e-05 1.90426e-05 -0.00595062 2.95273e-05 1 1.61207e-05 -0.000684561 -1.90431e-05 -1.61201e-05 1 -0.000776125
1 -2.08483e-05 1.11742e-05 -0.00145016 2.08481e-05 1 1.52309e-05 0.00141995 -1.11745e-05 -1.52307e-05 1 -0.00133428
1 -1.0141e-05 1.78139e-05 -0.00245858 1.0141e-05 1 4.99343e-07 -0.00130789 -1.78139e-05 -4.99162e-07 1 -0.000747243
1 7.16495e-07 1.25956e-05 -0.00305993 -7.16498e-07 1 2.85876e-07 -0.000100882 -1.25956e-05 -2.85885e-07 1 0.00043158
1 -7.1198e-06 1.00593e-05 -0.0003982 7.11964e-06 1 1.61101e-05 0.00150253 -1.00594e-05 -1.61101e-05 1 -0.000715548
1 -4.10896e-05 3.41202e-06 -0.00315906 4.10896e-05 1 -1.12004e-07 0.00201572 -3.41202e-06 1.12144e-07 1 -0.000516392
1 -3.34426e-05 9.50482e-07 -0.00180878 3.34426e-05 1 -1.38314e-05 0.00272028 -9.50019e-07 1.38314e-05 1 0.000544565
1 -2.38315e-05 1.02359e-05 -0.00411608 2.38315e-05 1 -4.6502e-06 0.00218297 -1.02358e-05 4.65045e-06 1 -0.000265188
1 -3.1808e-05 1.65354e-05 -0.00349782 3.1808e-05 1 -3.36675e-07 0.000857859 -1.65353e-05 3.37201e-07 1 -0.000252206
1 2.09063e-06 3.34386e-06 0.00208288 -2.09063e-06 1 5.94647e-08 -2.00908e-05 -3.34386e-06 -5.94717e-08 1 -0.000457925
1 -8.52425e-06 6.46181e-06 -0.00265394 8.5242e-06 1 7.69489e-06 -0.00104358 -6.46187e-06 -7.69483e-06 1 -0.000137373
1 -4.32649e-06 1.20886e-05 -0.00377208 4.32653e-06 1 -3.70553e-06 0.00189666 -1.20886e-05 3.70558e-06 1 -0.000200399
1 -2.02122e-05 1.18639e-05 -0.00516405 2.02123e-05 1 -4.86375e-06 0.0021768 -1.18638e-05 4.86399e-06 1 4.59192e-05
1 1.11386e-05 1.16263e-05 0.00162768 -1.11389e-05 1 2.4455e-05 -0.00251022 -1.1626e-05 -2.44551e-05 1 -0.00201456
1 -1.95694e-06 1.10347e-05 -0.00219665 1.95689e-06 1 5.18037e-06 -0.000744521 -1.10347e-05 -5.18034e-06 1 -0.000178639
1 -4.42493e-06 -3.8337e-06 -0.00163196 4.42486e-06 1 -1.94788e-05 0.00243207 3.83379e-06 1.94788e-05 1 0.00150312
1 -2.0764e-05 -1.33162e-06 -0.00342222 2.0764e-05 1 -1.07442e-05 0.00191256 1.33184e-06 1.07441e-05 1 0.000928915
1 -2.32537e-05 9.36367e-06 -0.00547004 2.32537e-05 1 3.45279e-06 -0.00118068 -9.36375e-06 -3.45257e-06 1 0.000396748
1 -1.33663e-05 4.49094e-06 -0.00202183 1.33663e-05 1 -3.62731e-06 0.000291031 -4.4909e-06 3.62737e-06 1 -0.000482807
1 -1.17323e-05 9.64885e-06 -0.0016438 1.17323e-05 1 2.0373e-06 0.00152581 -9.64887e-06 -2.03719e-06 1 -0.00071254
1 -1.50011e-05 7.26062e-06 -0.00288981 1.50011e-05 1 -6.63903e-06 0.00150818 -7.26052e-06 6.63914e-06 1 0.000319249
1 1.29449e-05 -1.15183e-05 0.000709989 -1.2945e-05 1 -6.717e-06 -0.00215884 1.15182e-05 6.71715e-06 1 0.00107832
1 -2.88835e-05 1.32557e-05 -0.00326759 2.88835e-05 1 2.06355e-06 0.00236563 -1.32557e-05 -2.06317e-06 1 5.69717e-05
1 -9.95597e-06 -7.59638e-06 0.000817398 9.95598e-06 1 3.97453e-07 0.00265345 7.59638e-06 -3.97529e-07 1 0.000647453
1 -1.84315e-05 -1.20785e-05 0.000497629 1.84315e-05 1 1.15692e-06 0.00145386 1.20785e-05 -1.15714e-06 1 2.43297e-05
1 -4.47536e-06 1.3077e-05 -0.000297822 4.47529e-06 1 5.69198e-06 0.00018668 -1.30771e-05 -5.69192e-06 1 -0.0012002
1 -1.91465e-05 1.39557e-05 -0.00529203 1.91464e-05 1 8.61538e-06 -0.000201951 -1.39559e-05 -8.61511e-06 1 -0.000920348
1 -3.32176e-06 2.18715e-05 -0.00451179 3.32152e-06 1 1.07768e-05 -0.00188101 -2.18716e-05 -1.07767e-05 1 -0.000903147
1 -2.70622e-05 1.57197e-05 -0.00583198 2.7062e-05 1 1.50936e-05 -0.00259682 -1.57201e-05 -1.50932e-05 1 -2.55709e-05
1 -1.74873e-05 6.59337e-06 -3.82859e-05 1.74872e-05 1 2.21602e-05 -0.000619521 -6.59376e-06 -2.21601e-05 1 -0.000868891
1 -1.91937e-05 6.94446e-06 -0.000587417 1.91937e-05 1 1.30911e-06 0.00235238 -6.94449e-06 -1.30898e-06 1 -0.000737968
1 -4.13965e-05 1.56116e-05 -0.0044184 4.13966e-05 1 -1.55624e-06 0.00435363 -1.56115e-05 1.55688e-06 1 -0.0006973
1 3.49557e-05 1.04253e-05 0.00071973 -3.49559e-05 1 2.01637e-05 -0.00272769 -1.04246e-05 -2.01641e-05 1 -0.00138971
1 -1.20811e-05 2.86742e-05 -0.00102307 1.20806e-05 1 1.73587e-05 -0.000304396 -2.86744e-05 -1.73584e-05 1 -0.00190838
1 -5.89753e-05 2.7032e-05 -0.00782856 5.89753e-05 1 -1.53521e-06 0.00415781 -2.70319e-05 1.5368e-06 1 -0.000540675
1 -1.42354e-05 -8.66781e-06 -0.000636544 1.42354e-05 1 -4.18277e-06 0.0014488 8.66787e-06 4.18264e-06 1 1.52672e-05
1 -1.21192e-05 2.3047e-06 -0.000754269 1.21192e-05 1 7.08752e-06 0.00151219 -2.30478e-06 -7.08749e-06 1 -0.000665268
1 3.57939e-06 5.62219e-06 0.00173831 -3.57949e-06 1 1.66246e-05 -0.00104714 -5.62213e-06 -1.66246e-05 1 -0.000774632
1 -3.60634e-05 1.19075e-05 -0.00247677 3.60634e-05 1 3.714e-06 0.00182956 -1.19076e-05 -3.71357e-06 1 7.37636e-05
1 -4.86896e-05 1.14097e-05 -0.00536256 4.86897e-05 1 -9.4017e-06 0.0051353 -1.14093e-05 9.40226e-06 1 0.000173239
1 -1.24393e-05 1.51682e-05 -0.00335857 1.24392e-05 1 6.59046e-06 0.00136465 -1.51683e-05 -6.59027e-06 1 -0.000447791
1 9.87505e-06 4.94989e-06 0.00127219 -9.87512e-06 1 1.29577e-05 0.00102498 -4.94976e-06 -1.29577e-05 1 -0.00131771
1 -4.28194e-06 -5.79729e-07 -0.000949655 4.28195e-06 1 4.65122e-06 -0.00134467 5.79709e-07 -4.65122e-06 1 9.62725e-06
1 -2.48801e-05 1.36992e-05 -0.00323209 2.488e-05 1 8.11297e-06 -0.00114786 -1.36994e-05 -8.11262e-06 1 -4.33656e-06
1 -4.08239e-05 7.46843e-06 -0.00148811 4.08239e-05 1 9.60122e-07 0.00462604 -7.46847e-06 -9.59817e-07 1 -0.000715554
1 -3.43167e-05 1.03387e-05 -0.000734551 3.43165e-05 1 1.52452e-05 0.00238488 -1.03392e-05 -1.52448e-05 1 -0.00130132
1 -2.07509e-06 1.07967e-05 -0.000999744 2.0749e-06 1 1.84428e-05 -0.00262331 -1.07967e-05 -1.84428e-05 1 -0.000684441
1 -2.09908e-05 9.28151e-06 -0.0029999 2.09907e-05 1 6.37303e-06 -0.000107001 -9.28164e-06 -6.37283e-06 1 -0.000126023
1 -5.45272e-06 -6.5288e-06 -0.00283427 5.45273e-06 1 5.43798e-07 -0.00163421 6.5288e-06 -5.43834e-07 1 0.000965394
1 1.58946e-05 -1.33482e-05 0.00277576 -1.58946e-05 1 2.11815e-06 -0.000899363 1.33482e-05 -2.11794e-06 1 6.241e-05
1 -1.91708e-06 -1.00205e-05 -0.00214221 1.91695e-06 1 -1.33782e-05 0.000930358 1.00205e-05 1.33782e-05 1 0.000718076
1 -2.02431e-05 1.48224e-05 -0.00620731 2.02429e-05 1 1.14155e-05 -0.00149618 -1.48226e-05 -1.14152e-05 1 0.000423353
1 1.29173e-05 -1.08477e-05 0.00159348 -1.29174e-05 1 -6.05588e-06 -0.00112955 1.08476e-05 6.05602e-06 1 0.000668982
1 2.27322e-05 -3.58551e-05 0.00985418 -2.27333e-05 1 -3.10144e-05 0.00330773 3.58544e-05 3.10152e-05 1 0.00147597
1 5.5349e-05 -4.04876e-05 0.0224249 -5.53506e-05 1 -3.7808e-05 0.00556444 4.04855e-05 3.78103e-05 1 0.000695399
1 8.4185e-05 -7.66352e-05 0.0244475 -8.41896e-05 1 -6.06606e-05 0.00532364 7.66301e-05 6.06671e-05 1 0.00233269
1 3.84825e-05 -7.46963e-05 0.014184 -3.84875e-05 1 -6.68054e-05 0.00499459 7.46937e-05 6.68082e-05 1 0.00472616
1 -6.77617e-05 -1.78832e-05 -0.00315348 6.77612e-05 1 -2.36946e-05 0.00536551 1.78848e-05 2.36934e-05 1 0.0030041
1 -0.000113581 2.17144e-05 -0.0161751 0.000113581 1 -4.88535e-06 0.00505125 -2.17138e-05 4.88781e-06 1 0.000566506
1 -0.000148141 4.27047e-05 -0.0257875 0.000148142 1 -1.80409e-05 0.00447914 -4.2702e-05 1.80472e-05 1 0.000301458
1 -0.000184085 7.92076e-05 -0.0372562 0.000184084 1 9.66514e-06 0.00141555 -7.92094e-05 -9.65056e-06 1 0.000218317
1 -0.000288891 8.47378e-05 -0.048529 0.00028889 1 1.1078e-05 0.00886182 -8.4741e-05 -1.10535e-05 1 0.00137122
1 -0.000371691 5.60703e-05 -0.0600603 0.000371693 1 -3.55581e-05 0.0143988 -5.60571e-05 3.55789e-05 1 0.00645026
1 -0.000495806 0.000112219 -0.0788411 0.00049581 1 -3.58656e-05 0.0176606 -0.000112201 3.59213e-05 1 0.00687059
1 -0.000556975 0.000152872 -0.094921 0.000556977 1 -1.46745e-05 0.0146426 -0.000152864 1.47597e-05 1 0.00594953
1 -0.000764209 0.000184807 -0.130489 0.000764209 1 -5.51735e-07 0.0228555 -0.000184806 6.92966e-07 1 0.0078203
0.999999 -0.000996968 0.000370777 -0.180168 0.000996951 1 4.74367e-05 0.028391 -0.000370824 -4.70671e-05 1 0.00862014
0.999999 -0.00132056 0.00055388 -0.259403 0.00132048 0.999999 0.000156566 0.0323921 -0.000554086 -0.000155834 1 0.0046898
0.999998 -0.00164732 0.000637652 -0.330367 0.00164721 0.999999 0.000183072 0.0285479 -0.000637953 -0.000182021 1 0.00408851
0.999998 -0.00182071 0.000708323 -0.38476 0.00182058 0.999998 0.000187137 0.0291934 -0.000708663 -0.000185847 1 0.00549817
0.999997 -0.0021869 0.000804758 -0.439107 0.00218673 0.999998 0.000215023 0.0471226 -0.000805226 -0.000213262 1 0.0063833
0.999996 -0.00277011 0.000868188 -0.505788 0.00276989 0.999996 0.000254286 0.0587434 -0.000868889 -0.00025188 1 0.00986865
0.999993 -0.00361409 0.000961483 -0.579379 0.00361384 0.999993 0.000261374 0.0704391 -0.000962421 -0.000257898 1 0.00998292
0.999981 -0.00604368 0.00100295 -0.707364 0.00604366 0.999982 1.3733e-05 0.0233338 -0.00100301 -7.67123e-06 0.999999 0.0196197
0.99997 -0.00758536 0.00126508 -0.834621 0.00758527 0.999971 6.90506e-05 0.00736165 -0.00126557 -5.94526e-05 0.999999 0.022044
0.999964 -0.00840078 0.00147948 -0.94912 0.00840048 0.999965 0.000209108 0.0142881 -0.00148119 -0.000196672 0.999999 0.0229645
0.999949 -0.00994908 0.00147975 -1.09329 0.0099489 0.999951 0.000125729 -0.0138347 -0.00148093 -0.000111001 0.999999 0.0277553
0.999923 -0.0123364 0.00165292 -1.26165 0.0123363 0.999924 2.71254e-05 -0.0440876 -0.00165313 -6.73237e-06 0.999999 0.0294195
0.999896 -0.0142393 0.00211093 -1.42875 0.014239 0.999899 0.00019936 -0.0621651 -0.00211355 -0.000169282 0.999998 0.0291308
0.999867 -0.0161073 0.00238013 -1.55823 0.0161061 0.99987 0.000539803 -0.080894 -0.00238852 -0.000501397 0.999997 0.0306898
0.999756 -0.0219495 0.00260876 -1.69523 0.0219472 0.999759 0.000917237 -0.065343 -0.00262826 -0.000859758 0.999996 0.0324704
0.999657 -0.0260318 0.00281629 -1.88215 0.0260297 0.999661 0.000778238 -0.0641974 -0.0028356 -0.000704664 0.999996 0.0433263
0.999513 -0.0310259 0.00339115 -2.06339 0.0310231 0.999518 0.000858376 -0.0480072 -0.00341614 -0.000752754 0.999994 0.037227
0.999389 -0.0347688 0.00358951 -2.24369 0.0347661 0.999395 0.000807301 -0.0763888 -0.00361541 -0.000682014 0.999993 0.0479929
0.999288 -0.037532 0.00392352 -2.49257 0.0375282 0.999295 0.00103009 -0.113243 -0.00395942 -0.000882115 0.999992 0.0482524
0.999064 -0.0430177 0.00450851 -2.6918 0.0430115 0.999074 0.00146079 -0.110449 -0.00456718 -0.00126551 0.999989 0.0498366
0.998835 -0.0479932 0.00502532 -2.91852 0.0479854 0.998847 0.00166132 -0.135076 -0.00509926 -0.00141824 0.999986 0.0614843
0.99851 -0.0543032 0.00543844 -3.14436 0.0542952 0.998524 0.00160047 -0.152544 -0.00551732 -0.0013028 0.999984 0.069652
0.998226 -0.0592132 0.00621509 -3.39859 0.0592043 0.998245 0.00160576 -0.1878 -0.00629927 -0.00123495 0.999979 0.0722007
0.997836 -0.0653333 0.00737884 -3.65794 0.06532 0.997862 0.00203309 -0.212127 -0.0074959 -0.0015467 0.999971 0.0695183
0.997327 -0.0725974 0.00825697 -3.89175 0.0725769 0.997359 0.00276283 -0.21079 -0.00843574 -0.00215618 0.999962 0.0847319
0.996866 -0.0786221 0.00870564 -4.15594 0.0785969 0.996901 0.00320119 -0.26551 -0.00893034 -0.00250692 0.999957 0.101513
0.996219 -0.0863969 0.00914141 -4.45758 0.0863682 0.996257 0.00349336 -0.297577 -0.00940901 -0.00269062 0.999952 0.112431
0.995462 -0.0946707 0.00964985 -4.73785 0.094639 0.995505 0.00368371 -0.331981 -0.00995521 -0.00275374 0.999947 0.114614
0.994593 -0.10335 0.0102017 -5.02378 0.103318 0.994642 0.0036675 -0.367279 -0.0105261 -0.00259365 0.999941 0.117998
0.993602 -0.112437 0.0105989 -5.31616 0.112402 0.993656 0.00380719 -0.415258 -0.0109597 -0.00259149 0.999937 0.122183
0.99245 -0.122217 0.0103145 -5.61855 0.122184 0.9925 0.00377991 -0.465549 -0.0106991 -0.00249111 0.99994 0.140445
0.991119 -0.132571 0.0104186 -5.94474 0.132532 0.991169 0.00436878 -0.526865 -0.0109058 -0.00294918 0.999936 0.154374
0.989669 -0.142979 0.0105909 -6.26747 0.142938 0.989721 0.00457155 -0.587702 -0.0111357 -0.00301047 0.999933 0.165278
0.987994 -0.15409 0.0111403 -6.59288 0.154045 0.988052 0.00479467 -0.653051 -0.0117461 -0.00302099 0.999926 0.174361
0.986079 -0.165936 0.0106884 -6.91511 0.165898 0.986133 0.00433026 -0.724944 -0.0112587 -0.0024968 0.999934 0.193942
0.984091 -0.177357 0.0105009 -7.26236 0.177329 0.984145 0.00351594 -0.80449 -0.010958 -0.00159788 0.999939 0.203899
0.981957 -0.188816 0.0104446 -7.59782 0.188798 0.982012 0.00267812 -0.87756 -0.0107624 -0.000657877 0.999942 0.215727
0.979653 -0.200398 0.0109427 -7.94741 0.20039 0.979714 0.00190731 -0.968782 -0.0111029 0.000324289 0.999938 0.215577
0.977115 -0.212419 0.011143 -8.29122 0.212407 0.977179 0.00233878 -1.06875 -0.0113855 8.15994e-05 0.999935 0.225606
0.974412 -0.224484 0.0112927 -8.65737 0.224462 0.974478 0.00319341 -1.16823 -0.0117213 -0.00057692 0.999931 0.245422
0.971682 -0.236053 0.0106175 -9.0462 0.236032 0.97174 0.00318321 -1.28204 -0.0110689 -0.000586988 0.999939 0.25106
0.968782 -0.24772 0.00979458 -9.39871 0.24771 0.968832 0.00216526 -1.39152 -0.0100257 0.000328551 0.99995 0.258166
0.965936 -0.258611 0.00934124 -9.77367 0.258626 0.965977 -0.000487158 -1.51486 -0.00889744 0.00288645 0.999956 0.296906
0.962962 -0.269458 0.0097771 -10.1426 0.26949 0.963001 -0.00200737 -1.61633 -0.00887446 0.00456785 0.99995 0.304775
0.959926 -0.280061 0.0103539 -10.498 0.280095 0.95997 -0.00195998 -1.74435 -0.00939049 0.0047815 0.999944 0.312829
0.956998 -0.289899 0.0106399 -10.8914 0.28993 0.957047 -0.00144904 -1.88841 -0.00976281 0.00447156 0.999942 0.317896
0.954379 -0.298445 0.00959632 -11.2969 0.298472 0.954417 -0.00148258 -2.02947 -0.00871642 0.00427918 0.999953 0.330454
0.951791 -0.30661 0.00915011 -11.6896 0.306637 0.951825 -0.00156781 -2.15369 -0.0082286 0.00429799 0.999957 0.338108
0.949797 -0.312757 0.00829216 -12.0941 0.312782 0.949823 -0.00185126 -2.28089 -0.00729709 0.00435196 0.999964 0.34863
0.948004 -0.318175 0.00728152 -12.5106 0.318197 0.948022 -0.00205198 -2.43086 -0.00625016 0.00426224 0.999971 0.35937
0.946433 -0.322825 0.00690604 -12.9205 0.322847 0.946448 -0.0023821 -2.5802 -0.00576721 0.0044841 0.999973 0.379238
0.945248 -0.326278 0.00691352 -13.3405 0.326301 0.945262 -0.0025218 -2.71882 -0.00571228 0.00463962 0.999973 0.386569
0.94432 -0.328968 0.00636114 -13.7598 0.328988 0.944331 -0.00247666 -2.86584 -0.00519228 0.0044315 0.999977 0.388917
0.943727 -0.330675 0.00570111 -14.1932 0.330691 0.943737 -0.00205344 -3.00946 -0.00470133 0.00382319 0.999982 0.401871
0.943516 -0.331292 0.00489928 -14.648 0.331301 0.943524 -0.0012187 -3.15707 -0.00421885 0.002773 0.999987 0.417621
0.943484 -0.331408 0.00264921 -15.0988 0.331406 0.943487 0.00149437 -3.31745 -0.00299474 -0.000531952 0.999995 0.433394
0.943467 -0.331465 0.000754878 -15.5408 0.331461 0.943463 0.00327586 -3.48333 -0.00179803 -0.00284046 0.999994 0.469237
0.943384 -0.331701 0.000856277 -15.9748 0.331696 0.943378 0.0040076 -3.64755 -0.00213712 -0.00349669 0.999992 0.494889
0.943509 -0.331337 0.00249443 -16.4387 0.331328 0.943509 0.003576 -3.80368 -0.00353838 -0.00254751 0.99999 0.502975
0.943793 -0.330514 0.00380361 -16.9145 0.330502 0.943799 0.00349332 -3.96874 -0.00474443 -0.00203987 0.999987 0.514094
0.943873 -0.330265 0.00529854 -17.3983 0.330244 0.943885 0.0045396 -4.13604 -0.00650049 -0.002535 0.999976 0.517215
0.943829 -0.33038 0.00595866 -17.868 0.330349 0.943842 0.00565744 -4.28942 -0.00749315 -0.00337122 0.999966 0.529761
0.943919 -0.330123 0.00598794 -18.3512 0.330083 0.943928 0.00674491 -4.44668 -0.00787884 -0.00439014 0.999959 0.536526
0.944197 -0.329354 0.00432724 -18.8489 0.32933 0.944199 0.00543158 -4.62337 -0.00587469 -0.00370339 0.999976 0.567591
0.9445 -0.32849 0.00376433 -19.3559 0.328475 0.944504 0.00407722 -4.81228 -0.00489475 -0.00261445 0.999985 0.57932
0.944552 -0.328335 0.00431816 -19.8386 0.328322 0.94456 0.00334495 -4.9892 -0.00517702 -0.00174173 0.999985 0.602109
0.944615 -0.328127 0.00596573 -20.3479 0.328109 0.944632 0.00372553 -5.15735 -0.00685787 -0.00156179 0.999975 0.610999
0.944759 -0.327693 0.00694059 -20.8691 0.327665 0.944781 0.00487687 -5.34133 -0.00815546 -0.00233328 0.999964 0.617485
0.944662 -0.32795 0.00791287 -21.3855 0.327911 0.94469 0.00588181 -5.50654 -0.00940416 -0.00296161 0.999951 0.641316
0.944243 -0.329147 0.00824695 -21.9078 0.329101 0.944273 0.00642584 -5.67021 -0.00990241 -0.00335347 0.999945 0.659819
0.943721 -0.330635 0.00839458 -22.4253 0.330594 0.943755 0.00586053 -5.86619 -0.00986013 -0.00275551 0.999948 0.676981
0.943036 -0.332594 0.00800858 -22.9533 0.332566 0.943068 0.0046802 -6.07076 -0.00910925 -0.00175022 0.999957 0.693052
0.942145 -0.335131 0.00707299 -23.4825 0.335114 0.942171 0.0034852 -6.25873 -0.00783197 -0.000913306 0.999969 0.699267
0.941302 -0.337509 0.00617341 -24.0336 0.337495 0.941322 0.00318634 -6.45374 -0.00688659 -0.000915816 0.999976 0.721827
0.940571 -0.339548 0.00581224 -24.5579 0.339542 0.940589 0.00206548 -6.65021 -0.00616825 3.07716e-05 0.999981 0.748823
0.939753 -0.341821 0.00481071 -25.0967 0.341816 0.939765 0.00169516 -6.84056 -0.00510037 5.13492e-05 0.999987 0.758881
0.93883 -0.344364 0.00346302 -25.6587 0.344363 0.938836 0.00111514 -7.05309 -0.00363522 0.000145603 0.999993 0.767757
0.93786 -0.347014 0.000147319 -26.216 0.34701 0.937851 0.00434317 -7.25717 -0.0016453 -0.00402216 0.999991 0.759312
0.936597 -0.350379 -0.00449504 -26.7635 0.350402 0.936579 0.00619685 -7.4574 0.00203871 -0.00737903 0.999971 0.835587
0.935361 -0.353667 -0.0044481 -27.331 0.35366 0.935371 -0.0023511 -7.68585 0.00499213 0.000626014 0.999987 0.891709
0.933904 -0.357523 -0.000489292 -27.8797 0.357512 0.933883 -0.00689663 -7.91149 0.00292265 0.00626586 0.999976 0.824001
0.932164 -0.362023 0.00299538 -28.4587 0.362034 0.932151 -0.00505811 -8.13107 -0.000960988 0.00579942 0.999983 0.806859
0.930022 -0.36747 0.00505661 -29.047 0.367453 0.930034 0.00392016 -8.36783 -0.00614336 -0.00178777 0.99998 0.808617
0.928042 -0.37246 0.00333533 -29.6217 0.372426 0.928029 0.00785266 -8.59026 -0.00602008 -0.00604544 0.999964 0.908928
0.926531 -0.376196 0.00422873 -30.1915 0.376181 0.926538 0.00380592 -8.83991 -0.00534985 -0.00193553 0.999984 0.944124
0.924376 -0.381456 0.00456732 -30.8017 0.381471 0.924377 -0.00280619 -9.11149 -0.00315148 0.00433627 0.999986 0.921803
0.921476 -0.388421 0.00331712 -31.3951 0.388433 0.921465 -0.00459646 -9.37007 -0.00127125 0.00552401 0.999984 0.895923
0.918337 -0.39579 0.00266015 -31.985 0.395796 0.918336 -0.00214374 -9.61928 -0.00159444 0.00302155 0.999994 0.924761
0.915098 -0.403219 0.0031779 -32.586 0.40322 0.915103 0.000355809 -9.89096 -0.00305158 0.000955794 0.999995 0.971626
0.911427 -0.411436 0.00465195 -33.1827 0.411438 0.911438 0.000618624 -10.1725 -0.00449449 0.00135016 0.999989 1.01117
0.90749 -0.420027 0.00631747 -33.783 0.420043 0.907503 -0.00147869 -10.4673 -0.00511203 0.00399551 0.999979 1.02045
0.903503 -0.428509 0.00795297 -34.3925 0.428543 0.903516 -0.00319346 -10.7663 -0.00581721 0.00629349 0.999963 1.02194
0.899081 -0.437684 0.0092883 -35.003 0.437731 0.899098 -0.00371852 -11.074 -0.00672356 0.00740902 0.99995 1.02829
0.894067 -0.447845 0.00886772 -35.6098 0.44788 0.89409 -0.00245621 -11.393 -0.00682854 0.00616769 0.999958 1.05435
0.888484 -0.458831 0.00840767 -36.2263 0.458854 0.888511 -0.000975247 -11.7265 -0.00702283 0.00472438 0.999964 1.08249
0.882699 -0.46988 0.00742952 -36.8274 0.4699 0.882719 -0.00111948 -12.0641 -0.00603215 0.00447929 0.999972 1.11265
0.876979 -0.480491 0.00593743 -37.4488 0.480513 0.876983 -0.00279695 -12.4139 -0.00386312 0.00530587 0.999978 1.13239
0.871154 -0.490987 0.00463385 -38.067 0.491006 0.871144 -0.00469189 -12.7794 -0.00173309 0.00636261 0.999978 1.14611
0.865269 -0.501295 0.00358819 -38.6827 0.501308 0.865258 -0.00445765 -13.1482 -0.000870109 0.00565585 0.999984 1.13912
0.858979 -0.512007 0.00223298 -39.3032 0.512012 0.85897 -0.00392503 -13.5152 9.15759e-05 0.00451483 0.99999 1.15724
0.852582 -0.52259 0.00167738 -39.9153 0.522592 0.852573 -0.00416737 -13.9101 0.000747741 0.00442961 0.99999 1.19092
0.846125 -0.532979 0.00236177 -40.532 0.532984 0.846112 -0.00486221 -14.32 0.000593131 0.00537282 0.999985 1.2031
0.839484 -0.543378 0.00268699 -41.1623 0.543384 0.839475 -0.00386317 -14.7369 -0.000156502 0.00470314 0.999989 1.1965
0.832568 -0.553922 0.000949998 -41.7895 0.553922 0.832565 -0.00250733 -15.1481 0.000597929 0.00261375 0.999996 1.22129
0.825827 -0.563924 5.33282e-05 -42.3903 0.563924 0.825826 -0.00148601 -15.5763 0.000793958 0.00125726 0.999999 1.25319
0.818878 -0.573967 0.00104463 -42.9998 0.573968 0.818877 -0.00137657 -16.0271 -6.53206e-05 0.00172683 0.999999 1.27561
0.811931 -0.583751 0.00150309 -43.6175 0.583753 0.811929 -0.00198733 -16.4837 -6.02964e-05 0.00249101 0.999997 1.27731
0.805256 -0.592927 0.000558221 -44.2349 0.592926 0.805252 -0.00266388 -16.9424 0.00112998 0.00247609 0.999996 1.28628
0.799349 -0.600866 -0.00108008 -44.8548 0.600862 0.799348 -0.00271736 -17.4223 0.00249613 0.00152314 0.999996 1.31042
0.794512 -0.607248 0.00059625 -45.4586 0.607248 0.794508 -0.00264692 -17.8974 0.00113361 0.00246508 0.999996 1.3402
0.790619 -0.612294 0.00414421 -46.0797 0.612301 0.790624 -0.000532025 -18.3855 -0.00295076 0.00295813 0.999991 1.35365
0.787071 -0.616813 0.00783793 -46.7029 0.61682 0.787102 0.0017149 -18.8692 -0.00722703 0.00348485 0.999968 1.36552
0.783498 -0.621308 0.0103523 -47.3147 0.621301 0.78356 0.00427147 -19.366 -0.0107655 0.00308519 0.999937 1.39643
0.779757 -0.626001 0.0100686 -47.9221 0.625987 0.779818 0.00489972 -19.8544 -0.0109189 0.0024822 0.999937 1.42196
0.776301 -0.630317 0.00757143 -48.5395 0.630308 0.776336 0.00390273 -20.3632 -0.00833793 0.00174264 0.999964 1.45173
0.772761 -0.634665 0.0062974 -49.1614 0.634674 0.77278 0.000855129 -20.8787 -0.00540923 0.00333598 0.99998 1.4786
0.769463 -0.638665 0.00574305 -49.7753 0.638685 0.769464 -0.00261767 -21.3932 -0.00274726 0.0056822 0.99998 1.49941
0.766483 -0.642233 0.00635531 -50.3828 0.642257 0.766484 -0.00290551 -21.9058 -0.00300523 0.00630877 0.999976 1.50914
0.763828 -0.645371 0.00794838 -50.9998 0.645403 0.763839 -0.00217972 -22.4294 -0.00466455 0.00679484 0.999966 1.54323
0.761319 -0.648311 0.00932429 -51.6078 0.648351 0.761339 -0.00186505 -22.9513 -0.00588982 0.00746531 0.999955 1.57266
0.759094 -0.650901 0.0102156 -52.2204 0.650951 0.759116 -0.00240091 -23.4842 -0.00619208 0.00847239 0.999945 1.58956
0.757048 -0.653277 0.010353 -52.835 0.65334 0.757052 -0.00434182 -24.0296 -0.00500138 0.010051 0.999937 1.6102
0.755118 -0.655523 0.00927784 -53.4551 0.655583 0.755095 -0.00652681 -24.5702 -0.00272717 0.0110109 0.999936 1.62434
0.75396 -0.656873 0.00789825 -54.0793 0.656921 0.753906 -0.00897999 -25.1048 -5.58293e-05 0.0119591 0.999928 1.6538
0.753736 -0.657145 0.00653727 -54.688 0.657175 0.753668 -0.0103247 -25.6515 0.00185792 0.0120783 0.999925 1.67289
0.753725 -0.657165 0.00570247 -55.3048 0.657185 0.753659 -0.0102998 -26.1864 0.00247093 0.0115108 0.999931 1.69054
0.754196 -0.65661 0.00715748 -55.9421 0.656649 0.754137 -0.00951411 -26.7247 0.000849347 0.0118755 0.999929 1.71695
0.755006 -0.655671 0.00787582 -56.5636 0.655718 0.754961 -0.00820225 -27.2699 -0.000567965 0.0113571 0.999935 1.73132
0.755612 -0.654974 0.00774373 -57.1958 0.65502 0.755565 -0.00840288 -27.8104 -0.000347228 0.0114216 0.999935 1.7524
0.756193 -0.654322 0.00590731 -57.8189 0.654346 0.756132 -0.00977886 -28.353 0.00193181 0.0112601 0.999935 1.777
0.757217 -0.653151 0.0040056 -58.4438 0.653143 0.757131 -0.0125021 -28.9059 0.00513302 0.0120831 0.999914 1.7978
0.757662 -0.652641 0.00281319 -59.0644 0.652602 0.757553 -0.0149483 -29.426 0.00762471 0.0131616 0.999884 1.81146
0.75901 -0.651078 0.00125678 -59.6789 0.651021 0.758915 -0.0148207 -29.9581 0.00869564 0.0120672 0.999889 1.82003
0.76009 -0.649818 -2.19963e-05 -60.3027 0.649745 0.760004 -0.0150365 -30.4765 0.00978773 0.0114148 0.999887 1.84586
0.761302 -0.648397 0.000730495 -60.9181 0.64834 0.761219 -0.014166 -31.0017 0.00862914 0.0112582 0.999899 1.85924
0.762799 -0.646631 0.00237285 -61.5542 0.6466 0.762714 -0.0132274 -31.5297 0.00674343 0.0116241 0.99991 1.88043
0.764313 -0.644832 0.00420531 -62.1653 0.644829 0.76423 -0.0121882 -32.0406 0.00464553 0.0120273 0.999917 1.88575
0.766567 -0.642151 0.00411369 -62.7681 0.642148 0.766486 -0.0120422 -32.5472 0.00457983 0.0118728 0.999919 1.90724
0.768804 -0.639476 0.00318917 -63.3908 0.639464 0.76873 -0.0118668 -33.0541 0.0051369 0.0111626 0.999925 1.92267
0.771518 -0.636198 0.00354769 -64.0272 0.636191 0.771444 -0.0116236 -33.5802 0.00465805 0.0112248 0.999926 1.93929
0.774384 -0.632704 0.00385476 -64.6519 0.632705 0.774321 -0.010583 -34.0808 0.00371108 0.0106342 0.999937 1.96079
0.776951 -0.629546 0.00439351 -65.2775 0.629554 0.776888 -0.0103203 -34.5902 0.00308381 0.0107843 0.999937 1.97894
0.780028 -0.625726 0.00483273 -65.9187 0.625735 0.779951 -0.0114769 -35.0903 0.00341209 0.0119763 0.999922 1.99179
0.78319 -0.621765 0.00471668 -66.5567 0.621769 0.783099 -0.012573 -35.5818 0.00412383 0.0127797 0.99991 1.99953
0.786704 -0.617303 0.00577914 -67.1826 0.617317 0.78659 -0.0139942 -36.0809 0.00409282 0.0145768 0.999885 2.01567
0.790162 -0.612867 0.00624855 -67.844 0.612889 0.790051 -0.0136348 -36.5848 0.00341965 0.0146034 0.999888 2.0305
0.793471 -0.608584 0.00539976 -68.4875 0.608593 0.79336 -0.0139364 -37.0649 0.00419753 0.0143444 0.999888 2.05204
0.79697 -0.603999 0.00493409 -69.1417 0.604003 0.796862 -0.013843 -37.5432 0.00442938 0.0140127 0.999892 2.06883
0.800654 -0.599113 0.00405093 -69.7876 0.599098 0.800529 -0.0153223 -38.0287 0.00593694 0.0146948 0.999874 2.09102
0.804538 -0.59389 0.00377982 -70.4293 0.593865 0.804402 -0.0161796 -38.5146 0.00656838 0.0152618 0.999862 2.10545
0.807731 -0.589536 0.00420169 -71.0918 0.589522 0.807601 -0.0156423 -38.9822 0.00582843 0.0151118 0.999869 2.12096
0.811206 -0.584742 0.00459716 -71.7544 0.584733 0.811067 -0.0160653 -39.4315 0.00566547 0.0157204 0.99986 2.1445
0.815081 -0.579333 0.0039659 -72.4196 0.579316 0.814949 -0.0158225 -39.9047 0.00593448 0.0151941 0.999867 2.15926
0.819167 -0.573541 0.00395257 -73.0964 0.573529 0.819045 -0.0151729 -40.369 0.00546493 0.014696 0.999877 2.17397
0.823297 -0.567596 0.00408639 -73.7686 0.567587 0.823175 -0.0151226 -40.83 0.0052197 0.0147697 0.999877 2.19184
0.827169 -0.561928 0.00536789 -74.4402 0.561942 0.827054 -0.0142367 -41.28 0.00356047 0.0147926 0.999884 2.21061
0.831575 -0.555374 0.00658322 -75.1105 0.555411 0.831483 -0.0124538 -41.7192 0.0014427 0.0140127 0.999901 2.22244
0.836124 -0.548495 0.00706407 -75.7958 0.54854 0.836056 -0.0106803 -42.1658 -4.78558e-05 0.012805 0.999918 2.24447
0.840587 -0.541637 0.00653452 -76.5078 0.541677 0.840534 -0.00944005 -42.6007 -0.000379398 0.0114748 0.999934 2.26556
0.844873 -0.534946 0.00466631 -77.1968 0.534966 0.844833 -0.00830836 -43.0234 0.000502278 0.00951582 0.999955 2.27684
0.849141 -0.528149 0.00421316 -77.8826 0.528165 0.849101 -0.00830461 -43.4449 0.000808669 0.00927704 0.999957 2.31208
0.85361 -0.5209 0.00371089 -78.5867 0.52091 0.853562 -0.00917752 -43.8572 0.00161309 0.00976706 0.999951 2.33519
0.858471 -0.51285 0.00347229 -79.2963 0.512858 0.858423 -0.00926439 -44.2737 0.00177055 0.00973401 0.999951 2.34503
0.863485 -0.504366 0.00279997 -80.0115 0.50437 0.863442 -0.00886327 -44.6811 0.00205272 0.00906553 0.999957 2.3634
0.868211 -0.496185 0.00331755 -80.7263 0.496194 0.868172 -0.00833435 -45.0819 0.00125517 0.00888212 0.99996 2.38409
0.872931 -0.48782 0.00481263 -81.4443 0.487842 0.872908 -0.00640368 -45.4697 -0.00107714 0.00793777 0.999968 2.40755
0.877376 -0.479743 0.00758677 -82.1724 0.479771 0.877391 -0.00235256 -45.8442 -0.00552794 0.00570399 0.999968 2.43546
0.881971 -0.471179 0.0108345 -82.9089 0.471205 0.882024 0.000183256 -46.2271 -0.00964267 0.00494367 0.999941 2.46867
0.886447 -0.462672 0.0120659 -83.638 0.462703 0.886513 0.000211148 -46.6064 -0.0107943 0.00539578 0.999927 2.49055
0.890845 -0.454181 0.010691 -84.3832 0.454207 0.890896 3.88721e-05 -46.9696 -0.00954219 0.00482127 0.999943 2.51562
0.895212 -0.445542 0.00939276 -85.1257 0.445566 0.895249 -0.000452458 -47.3214 -0.00820727 0.00459014 0.999956 2.54424
0.899605 -0.436594 0.00985575 -85.8666 0.436616 0.899648 -3.59233e-05 -47.6776 -0.00885102 0.00433549 0.999951 2.57653
0.903701 -0.427986 0.0123411 -86.6162 0.428014 0.903772 0.000416018 -48.0203 -0.0113316 0.0049062 0.999924 2.61393
0.907561 -0.419619 0.0158952 -87.3663 0.419665 0.907679 0.000437925 -48.3495 -0.0146115 0.00627323 0.999874 2.65465
0.911414 -0.411109 0.0177432 -88.1374 0.411154 0.911565 0.00118768 -48.6866 -0.0166623 0.00621272 0.999842 2.68129
0.915278 -0.402466 0.0169225 -88.8973 0.402503 0.915418 0.00128946 -49.0139 -0.0160102 0.00563117 0.999856 2.71494
0.919252 -0.393363 0.0155206 -89.6588 0.393403 0.919366 0.000534275 -49.3361 -0.0144793 0.00561472 0.999879 2.75316
0.923106 -0.384201 0.0162512 -90.4325 0.384259 0.923225 -0.00049089 -49.6502 -0.0148149 0.0066978 0.999868 2.78425
0.926792 -0.375138 0.0181426 -91.2078 0.375212 0.926939 -0.000733622 -49.957 -0.0165419 0.00748724 0.999835 2.81775
0.930251 -0.366418 0.0192525 -91.9772 0.366482 0.930425 0.000223924 -50.2483 -0.017995 0.00684737 0.999815 2.8468
0.933892 -0.357058 0.0188708 -92.7717 0.357122 0.934058 -5.21653e-05 -50.5367 -0.0176078 0.00678789 0.999822 2.88893
0.937412 -0.347762 0.0179159 -93.5582 0.347825 0.937559 -0.0004344 -50.8264 -0.0166462 0.00663881 0.999839 2.91807
0.940598 -0.339047 0.017961 -94.3358 0.33912 0.940742 -0.00110615 -51.093 -0.0165217 0.0071314 0.999838 2.96356
0.943759 -0.330117 0.0185075 -95.1272 0.330199 0.94391 -0.00149787 -51.3631 -0.0169749 0.00752478 0.999828 2.99876
0.946651 -0.32174 0.0183195 -95.926 0.321828 0.946796 -0.00196747 -51.6168 -0.0167119 0.00775825 0.99983 3.01659
0.949351 -0.313756 0.0170168 -96.7388 0.313848 0.949469 -0.00292277 -51.874 -0.0152399 0.00811541 0.999851 3.04858
0.951859 -0.306094 0.0164531 -97.5374 0.306189 0.951965 -0.00348443 -52.1287 -0.0145962 0.00835444 0.999859 3.0859
0.954146 -0.298823 0.0176367 -98.3386 0.298921 0.954273 -0.00315389 -52.3688 -0.0158878 0.00828125 0.999839 3.11813
0.956295 -0.291753 0.0195088 -99.1293 0.291844 0.956464 -0.00187856 -52.6011 -0.0181114 0.00748997 0.999808 3.15584
0.958444 -0.284534 0.0206436 -99.9415 0.284629 0.958636 -0.00174157 -52.844 -0.0192942 0.00754496 0.999785 3.20144
0.960435 -0.277917 0.0180942 -100.775 0.277996 0.96058 -0.00195715 -53.073 -0.016837 0.00690983 0.999834 3.22282
0.962208 -0.271947 0.0141609 -101.587 0.271993 0.962298 -0.00136938 -53.2832 -0.0132547 0.0051693 0.999899 3.24997
0.964129 -0.265215 0.0107538 -102.41 0.265236 0.964183 -0.000534568 -53.4993 -0.0102269 0.0033677 0.999942 3.27925
0.966067 -0.258109 0.00975782 -103.23 0.258123 0.966112 -0.00022408 -53.7168 -0.00936931 0.0027352 0.999952 3.32675
0.967805 -0.251483 0.0105001 -104.042 0.251508 0.967854 -0.00114954 -53.9186 -0.00987352 0.0037534 0.999944 3.35642
0.96957 -0.244442 0.0134527 -104.864 0.244461 0.969659 0.000237934 -54.1133 -0.0131026 0.00305796 0.999909 3.36916
0.971191 -0.237827 0.0150591 -105.695 0.237809 0.971307 0.00297737 -54.3126 -0.0153352 0.000689611 0.999882 3.39398
0.972939 -0.23071 0.0127417 -106.53 0.230671 0.973022 0.00446286 -54.4993 -0.0134276 -0.00140296 0.999909 3.45659
0.974577 -0.224013 0.00429243 -107.38 0.22401 0.974586 0.00114335 -54.697 -0.00443947 -0.000152733 0.99999 3.50896
0.976223 -0.216746 -0.00312969 -108.215 0.216733 0.976223 -0.00398877 -54.8798 0.00391982 0.00321562 0.999987 3.48514
0.977745 -0.209786 -0.00235694 -109.054 0.209774 0.97774 -0.00440786 -55.049 0.00322918 0.00381534 0.999988 3.48016
0.979381 -0.201907 0.00679246 -109.886 0.20192 0.979401 -0.00132218 -55.2046 -0.00638558 0.00266645 0.999976 3.5247
0.980923 -0.193879 0.0141839 -110.736 0.193869 0.981025 0.00205943 -55.3648 -0.014314 0.000729687 0.999897 3.58227
0.982323 -0.186504 0.0160541 -111.584 0.186465 0.982454 0.00390179 -55.5211 -0.0165001 -0.000839302 0.999864 3.63864
0.983804 -0.178768 0.0131273 -112.43 0.178753 0.983891 0.0022831 -55.6612 -0.013324 0.000100431 0.999911 3.65402
0.98521 -0.17105 0.0101225 -113.285 0.171045 0.985262 0.00131738 -55.8033 -0.0101987 0.000433514 0.999948 3.65737
0.986588 -0.16299 0.0088487 -114.153 0.162987 0.986628 0.00104249 -55.9295 -0.00890029 0.000413713 0.99996 3.68632
0.987848 -0.15516 0.00905965 -115.023 0.155153 0.987889 0.00154358 -56.0626 -0.00918943 -0.000119194 0.999958 3.72119
0.988988 -0.147671 0.00984043 -115.867 0.147659 0.989036 0.00192148 -56.1822 -0.0100163 -0.000447295 0.99995 3.74931
0.990097 -0.139974 0.0107223 -116.72 0.139954 0.990155 0.00255066 -56.2909 -0.0109737 -0.00102478 0.999939 3.77205
0.991131 -0.132381 0.0115586 -117.594 0.132348 0.991197 0.00359413 -56.3996 -0.0119326 -0.0020325 0.999927 3.80933
0.992122 -0.124762 0.0113474 -118.469 0.124712 0.99218 0.00499843 -56.4946 -0.0118822 -0.0035439 0.999923 3.82996
0.993102 -0.116743 0.0109343 -119.332 0.116672 0.993146 0.00690569 -56.5896 -0.0116656 -0.00558233 0.999916 3.86902
0.994014 -0.108708 0.010931 -120.198 0.108604 0.994038 0.00968914 -56.6793 -0.0119191 -0.00844399 0.999893 3.91615
0.994819 -0.101094 0.0106993 -121.078 0.100973 0.994825 0.0113092 -56.7547 -0.0117873 -0.0101702 0.999879 3.96102
0.995595 -0.0931631 0.0105582 -121.961 0.093047 0.995601 0.0110006 -56.8308 -0.0115366 -0.00996978 0.999884 3.97915
0.996307 -0.0851803 0.0108323 -122.835 0.0850672 0.99632 0.010504 -56.8978 -0.0116872 -0.00954372 0.999886 3.98507
0.996922 -0.0775901 0.0112375 -123.717 0.0774655 0.996933 0.0111286 -56.9527 -0.0120665 -0.0102238 0.999875 4.01674
0.997507 -0.0696407 0.0114311 -124.589 0.0695104 0.997516 0.0114214 -57.008 -0.0121981 -0.0105984 0.999869 4.0631
0.998017 -0.0619796 0.0109937 -125.46 0.0618607 0.998026 0.0108465 -57.0536 -0.0116442 -0.0101449 0.999881 4.10607
0.99847 -0.0543563 0.0101284 -126.359 0.0542646 0.998485 0.0091229 -57.0945 -0.010609 -0.00855933 0.999907 4.13622
0.998877 -0.0465202 0.00899485 -127.235 0.0464516 0.998891 0.00769565 -57.1253 -0.00934288 -0.00726918 0.99993 4.15756
0.999229 -0.0384032 0.00815938 -128.116 0.0383516 0.999244 0.00638731 -57.1554 -0.00839851 -0.00606946 0.999946 4.17982
0.999509 -0.0303174 0.00796958 -129.003 0.0302754 0.999527 0.00534082 -57.1733 -0.00812773 -0.00509691 0.999954 4.21223
0.99972 -0.0222785 0.00795683 -129.903 0.022238 0.999739 0.00514376 -57.1839 -0.00806935 -0.00496537 0.999955 4.24423
0.999868 -0.0145313 0.00723905 -130.801 0.0144957 0.999883 0.00494511 -57.1977 -0.00731006 -0.00483953 0.999962 4.27579
0.999953 -0.0075205 0.00615286 -131.689 0.00749214 0.999961 0.00461969 -57.2034 -0.00618736 -0.00457337 0.99997 4.30433
0.999987 -0.000673092 0.00502964 -132.59 0.000652551 0.999991 0.0040845 -57.1925 -0.00503235 -0.00408116 0.999979 4.33051
0.999969 0.00612791 0.00499524 -133.508 -0.0061468 0.999974 0.003774 -57.1757 -0.00497198 -0.00380458 0.99998 4.36256
0.999897 0.013378 0.00524208 -134.411 -0.0133937 0.999906 0.0029604 -57.159 -0.00520198 -0.0030303 0.999982 4.3933
0.99977 0.0203664 0.00669213 -135.312 -0.0203875 0.999787 0.00309975 -57.1351 -0.00662758 -0.00323547 0.999973 4.39853
0.999621 0.0263818 0.00790545 -136.197 -0.0264143 0.999643 0.00403419 -57.1054 -0.0077962 -0.00424148 0.999961 4.4322
0.999423 0.0330264 0.00790127 -137.1 -0.0330565 0.999447 0.0037022 -57.0605 -0.00777463 -0.00396126 0.999962 4.47872
0.999186 0.039563 0.00789335 -138.01 -0.0395884 0.999211 0.0030835 -57.0226 -0.00776513 -0.00339348 0.999964 4.50619
0.998898 0.0462956 0.00767085 -138.934 -0.0463221 0.998921 0.00332118 -56.9691 -0.00750882 -0.00367285 0.999965 4.51696
0.998569 0.0529386 0.00758477 -139.85 -0.0529671 0.99859 0.00360836 -56.9141 -0.00738306 -0.00400494 0.999965 4.53477
0.998176 0.0595769 0.00971419 -140.753 -0.0596208 0.998212 0.00428774 -56.8567 -0.00944137 -0.00485909 0.999944 4.57447
0.997747 0.0664236 0.00947664 -141.691 -0.066469 0.997778 0.00455265 -56.7805 -0.00915318 -0.00517229 0.999945 4.61172
0.997263 0.0735888 0.00716141 -142.622 -0.0736229 0.997275 0.00461243 -56.7099 -0.00680248 -0.00512705 0.999964 4.61525
0.996724 0.08088 0.000308447 -143.538 -0.0808803 0.996704 0.00625287 -56.6364 0.000198302 -0.00625733 0.99998 4.6489
0.996084 0.0884088 -0.000742196 -144.444 -0.0884019 0.996062 0.00672229 -56.5416 0.00133358 -0.00663035 0.999977 4.70317
0.995342 0.0962142 0.00613256 -145.374 -0.0962498 0.99534 0.00580716 -56.443 -0.00554526 -0.00637037 0.999964 4.70958
