1 0 0 0 0 1 0 0 0 0 1 0
1 -3.51642e-05 5.42547e-05 0.00431819 3.51687e-05 1 -8.22412e-05 0.00437891 -5.42518e-05 8.22431e-05 1 -0.00154188
1 5.19053e-06 4.69114e-05 0.00766823 -5.18725e-06 1 -6.98381e-05 0.00206445 -4.69118e-05 6.98378e-05 1 -0.00176584
1 3.94005e-05 2.24123e-05 0.00693519 -3.93998e-05 1 -3.26662e-05 0.000743085 -2.24136e-05 3.26653e-05 1 -0.000517489
1 -2.37695e-05 3.62969e-05 -0.00149748 2.37687e-05 1 2.20607e-05 -0.000922624 -3.62975e-05 -2.20598e-05 1 -0.00148891
1 3.68763e-05 4.55365e-06 -0.00301705 -3.68761e-05 1 -6.12479e-05 -0.00283251 -4.55591e-06 6.12477e-05 1 0.00218404
1 7.04562e-05 6.98609e-06 -0.000459468 -7.04557e-05 1 -7.93258e-05 -0.00109742 -6.99167e-06 7.93253e-05 1 0.00198968
1 3.34761e-06 2.37291e-05 0.00112963 -3.34611e-06 1 -6.31387e-05 0.00172561 -2.37293e-05 6.31386e-05 1 -0.000448435
1 1.04699e-05 2.14021e-05 0.0035892 -1.04693e-05 1 -2.83725e-05 -0.00125595 -2.14024e-05 2.83722e-05 1 -0.00137225
1 -3.73686e-05 1.49013e-06 0.00380211 3.73687e-05 1 -3.96526e-05 0.00161464 -1.48865e-06 3.96527e-05 1 -0.000507746
1 3.88289e-05 -1.26066e-05 0.0032208 -3.88282e-05 1 5.57529e-05 -0.00250406 1.26087e-05 -5.57524e-05 1 -0.00140459
1 7.71962e-05 3.73767e-05 0.00313373 -7.71934e-05 1 -7.22906e-05 -0.00221936 -3.73823e-05 7.22877e-05 1 0.000158098
1 -2.27316e-06 3.46938e-05 0.00223287 2.27467e-06 1 -4.33832e-05 0.00157923 -3.46937e-05 4.33833e-05 1 -0.000676542
1 2.65346e-05 8.52882e-06 0.00231131 -2.6534e-05 1 -6.74799e-05 0.00154237 -8.53061e-06 6.74797e-05 1 0.000949186
1 6.99664e-05 -2.65412e-05 0.00191365 -6.99661e-05 1 1.15166e-05 -0.00420583 2.6542e-05 -1.15147e-05 1 0.000944268
1 1.72685e-05 2.23373e-05 0.0033538 -1.72669e-05 1 -7.23139e-05 0.00024118 -2.23386e-05 7.23135e-05 1 0.000535987
1 -2.52553e-06 2.99512e-05 0.00147663 2.52796e-06 1 -8.11007e-05 0.002244 -2.9951e-05 8.11007e-05 1 0.00129415
1 2.11854e-05 1.21071e-05 0.00213027 -2.11849e-05 1 -4.08683e-05 -0.00135112 -1.21079e-05 4.0868e-05 1 0.000539696
1 2.67226e-07 1.08273e-05 0.0022211 -2.66583e-07 1 -5.94314e-05 -0.000178038 -1.08273e-05 5.94314e-05 1 0.00127472
1 -2.57177e-06 1.62816e-05 0.00117067 2.57312e-06 1 -8.28318e-05 0.00252333 -1.62814e-05 8.28318e-05 1 0.00115397
1 3.84551e-05 1.55726e-05 0.00218486 -3.84546e-05 1 -3.28619e-05 -0.000952276 -1.55739e-05 3.28613e-05 1 -9.28034e-05
1 6.26957e-05 1.21195e-05 0.00305749 -6.26953e-05 1 -3.61184e-05 -0.000854007 -1.21218e-05 3.61176e-05 1 -0.000194042
1 2.51044e-05 2.32236e-05 0.00448343 -2.51029e-05 1 -6.36806e-05 0.000439646 -2.32252e-05 6.368e-05 1 0.000383363
1 4.85141e-05 4.24758e-05 0.00395382 -4.85096e-05 1 -0.000105656 0.000499027 -4.24809e-05 0.000105654 1 3.16818e-05
1 6.80927e-05 2.0277e-05 0.00497122 -6.80905e-05 1 -0.000109094 0.000237775 -2.02844e-05 0.000109093 1 0.00131706
1 0.000112257 -2.24521e-05 0.0050712 -0.000112257 1 1.7925e-05 -0.00510049 2.24541e-05 -1.79225e-05 1 7.81131e-05
1 6.54154e-05 -1.05773e-05 0.00137197 -6.54156e-05 1 -2.44933e-05 -0.00165729 1.05756e-05 2.4494e-05 1 0.000856816
1 8.05979e-05 1.51571e-05 0.000544331 -8.0597e-05 1 -5.9409e-05 -0.00300213 -1.51619e-05 5.94078e-05 1 0.000566128
1 3.84772e-05 -3.78093e-06 -0.000187722 -3.84772e-05 1 -1.83872e-05 -0.00408228 3.78022e-06 1.83873e-05 1 -0.000742636
1 3.16363e-05 -4.38624e-06 0.00397102 -3.16366e-05 1 -7.27055e-05 -0.00167476 4.38394e-06 7.27056e-05 1 -0.000338219
1 4.55283e-05 -1.16937e-06 0.00453383 -4.55284e-05 1 -5.10265e-05 -0.00321776 1.16705e-06 5.10265e-05 1 1.4828e-05
1 0.000114563 4.33862e-05 0.00526338 -0.00011456 1 -6.16418e-05 -0.00263738 -4.33933e-05 6.16369e-05 1 -0.000226286
1 5.95103e-05 4.1261e-05 0.00657532 -5.95075e-05 1 -6.83079e-05 0.00290562 -4.12651e-05 6.83054e-05 1 -0.000634613
1 4.42651e-05 2.16495e-05 0.00167723 -4.42636e-05 1 -6.9012e-05 -0.000272008 -2.16525e-05 6.9011e-05 1 0.000870585
1 4.40562e-05 3.00418e-05 -0.00111479 -4.40552e-05 1 -3.3847e-05 -0.00326239 -3.00433e-05 3.38457e-05 1 -2.25694e-05
1 7.68209e-05 7.86211e-07 0.00413266 -7.68208e-05 1 -5.01256e-05 -0.000668177 -7.90062e-07 5.01255e-05 1 0.000458716
1 -5.48468e-06 3.9608e-06 -0.000456011 5.48482e-06 1 -3.67084e-05 -0.000797898 -3.9606e-06 3.67084e-05 1 0.000735579
1 1.94356e-05 -6.17633e-06 5.71719e-05 -1.94357e-05 1 -2.18383e-05 -0.00334352 6.1759e-06 2.18384e-05 1 0.0011959
1 5.36934e-05 -1.14027e-05 0.00571824 -5.36939e-05 1 -4.85974e-05 -0.00245189 1.14001e-05 4.85981e-05 1 0.00124774
1 6.31882e-05 3.24763e-06 0.0119236 -6.31879e-05 1 -9.00571e-05 -0.00168034 -3.25332e-06 9.00569e-05 1 0.00122277
1 0.000160704 -3.33661e-05 0.0227983 -0.000160704 1 -1.13898e-05 -0.00431708 3.33643e-05 1.13952e-05 1 0.00330222
1 0.000257832 3.42142e-05 0.0315769 -0.000257828 1 -0.000115632 0.000905646 -3.4244e-05 0.000115623 1 0.00434422
1 0.000112084 6.21268e-05 0.0217366 -0.000112077 1 -0.000120583 -0.000676429 -6.21403e-05 0.000120576 1 0.00314951
1 0.000178746 9.35081e-05 0.0039046 -0.000178732 1 -0.000147253 -0.00620443 -9.35344e-05 0.000147236 1 0.00293528
1 0.000183767 0.000127814 -0.0144685 -0.000183746 1 -0.000164328 -0.00836066 -0.000127844 0.000164305 1 0.00280189
1 9.25524e-05 9.8169e-05 -0.028866 -9.25373e-05 1 -0.000153981 -0.00581762 -9.81833e-05 0.000153972 1 0.00346403
1 -2.31948e-06 8.57066e-05 -0.0456175 2.33142e-06 1 -0.000139392 -0.00538591 -8.57063e-05 0.000139392 1 0.00464513
1 -6.83067e-05 0.00018961 -0.0646461 6.8341e-05 1 -0.000180833 -0.0049195 -0.000189598 0.000180846 1 0.00237281
1 2.56242e-05 0.000203488 -0.084553 -2.55685e-05 1 -0.000273669 -0.00855862 -0.000203495 0.000273664 1 0.00487732
1 6.26067e-06 0.000197726 -0.121661 -6.2241e-06 1 -0.000184974 -0.0126351 -0.000197727 0.000184973 1 0.00674719
1 -5.73675e-05 0.000257052 -0.155892 5.74218e-05 1 -0.000211123 -0.0179847 -0.00025704 0.000211138 1 0.00770224
1 -0.00025211 0.000364492 -0.196803 0.000252218 1 -0.000295677 -0.0212391 -0.000364418 0.000295769 1 0.00789277
1 -0.000557012 0.000530965 -0.253967 0.000557269 1 -0.000483286 -0.0187038 -0.000530695 0.000483582 1 0.0143049
0.999999 -0.0011368 0.000732073 -0.31983 0.00113728 0.999999 -0.00065944 -0.0116564 -0.000731323 0.000660272 1 0.0197344
0.999998 -0.00155654 0.000898739 -0.390402 0.00155726 0.999998 -0.000793501 -0.00272225 -0.000897503 0.0007949 0.999999 0.0212274
0.999997 -0.00205299 0.00102149 -0.459018 0.00205383 0.999998 -0.000828145 -0.00190826 -0.00101979 0.000830241 0.999999 0.0232301
0.999997 -0.00211964 0.00108453 -0.512534 0.00212056 0.999997 -0.000849747 -0.0102636 -0.00108273 0.000852045 0.999999 0.0265876
0.999995 -0.00274519 0.00128573 -0.614258 0.00274615 0.999996 -0.000744073 -0.00773418 -0.00128368 0.0007476 0.999999 0.026468
0.999993 -0.00346701 0.0014949 -0.718145 0.00346828 0.999994 -0.000843321 -0.0144008 -0.00149197 0.0008485 0.999999 0.0264078
0.999989 -0.00438742 0.00166987 -0.82701 0.004389 0.99999 -0.000940095 -0.00340022 -0.00166573 0.000947414 0.999998 0.0296192
0.999986 -0.0049575 0.00192185 -0.932337 0.00495935 0.999987 -0.000959369 -0.0072536 -0.00191706 0.000968886 0.999998 0.033893
0.999982 -0.00555005 0.00208429 -1.03737 0.00555239 0.999984 -0.00112267 -0.00591427 -0.00207802 0.00113423 0.999997 0.0401686
0.999978 -0.00624843 0.00221526 -1.17971 0.00625091 0.99998 -0.00111377 -0.017451 -0.00220826 0.00112759 0.999997 0.0388885
0.999969 -0.00750712 0.00249994 -1.32371 0.00751084 0.999971 -0.0014808 -0.0240736 -0.00248875 0.00149953 0.999996 0.0393424
0.999956 -0.00904782 0.00245718 -1.49282 0.0090515 0.999958 -0.00149367 -0.0147716 -0.00244356 0.00151585 0.999996 0.0473049
0.99995 -0.00971867 0.00238985 -1.65841 0.00972148 0.999952 -0.00116822 -0.0244829 -0.00237839 0.00119139 0.999996 0.0485441
0.999944 -0.0103865 0.00211149 -1.81605 0.0103889 0.999945 -0.00116452 -0.0286154 -0.00209928 0.00118639 0.999997 0.0544654
0.999942 -0.010639 0.00178827 -1.97667 0.0106414 0.999942 -0.0013375 -0.0429907 -0.00177394 0.00135645 0.999998 0.0580438
0.999935 -0.0112716 0.00177622 -2.17343 0.0112739 0.999936 -0.0012836 -0.0412801 -0.00176164 0.00130354 0.999998 0.0567627
0.999934 -0.0113589 0.00193358 -2.35052 0.0113613 0.999935 -0.00121713 -0.0388093 -0.00191963 0.00123902 0.999997 0.0642299
0.999932 -0.0114733 0.00212862 -2.56659 0.0114765 0.999933 -0.00149681 -0.0430852 -0.00211131 0.00152114 0.999997 0.0778975
0.999926 -0.011976 0.00189431 -2.78257 0.0119785 0.999927 -0.00134788 -0.0408089 -0.00187803 0.00137047 0.999997 0.0856022
0.999918 -0.0126685 0.00188217 -3.00189 0.0126702 0.999919 -0.000880237 -0.0387481 -0.00187087 0.000904012 0.999998 0.077445
0.999905 -0.0136593 0.00195417 -3.22891 0.0136608 0.999906 -0.000738073 -0.0277023 -0.0019439 0.000764698 0.999998 0.0768317
0.999898 -0.0140895 0.00232885 -3.45818 0.0140924 0.9999 -0.00122527 -0.036101 -0.00231136 0.00125796 0.999997 0.0834752
0.999893 -0.0143673 0.00280962 -3.68911 0.0143715 0.999896 -0.00149401 -0.0599714 -0.00278786 0.00153423 0.999995 0.090768
0.999884 -0.0148983 0.00324405 -3.93761 0.0149026 0.999888 -0.00128505 -0.0816776 -0.00322454 0.00133325 0.999994 0.0906377
0.99987 -0.0157729 0.00341769 -4.212 0.0157783 0.999874 -0.00156623 -0.0757442 -0.00339255 0.00161995 0.999993 0.104686
0.999861 -0.016341 0.00321097 -4.48323 0.0163449 0.999866 -0.00118951 -0.08378 -0.00319111 0.00124183 0.999994 0.113879
0.999847 -0.0171261 0.00354236 -4.77628 0.0171324 0.999852 -0.0017621 -0.0891064 -0.00351166 0.00182252 0.999992 0.126776
0.999837 -0.0176465 0.0037975 -5.06176 0.0176547 0.999842 -0.00214946 -0.0854969 -0.00375897 0.00221616 0.99999 0.140838
0.999818 -0.0186711 0.00382567 -5.38349 0.0186807 0.999822 -0.00249364 -0.0725694 -0.00377843 0.00256465 0.99999 0.145469
0.9998 -0.0196351 0.00382204 -5.68797 0.019645 0.999804 -0.00256382 -0.0868086 -0.00377095 0.00263839 0.999989 0.14866
0.99979 -0.0199519 0.00470985 -6.00931 0.0199665 0.999796 -0.00308316 -0.118507 -0.00464738 0.00317655 0.999984 0.159273
0.999781 -0.0201978 0.00538723 -6.35021 0.0202157 0.99979 -0.0032825 -0.121798 -0.0053198 0.00339069 0.99998 0.173497
0.999771 -0.0206257 0.00566771 -6.69682 0.020646 0.999781 -0.00355122 -0.130954 -0.00559322 0.00366742 0.999978 0.178255
0.999744 -0.0220361 0.00520982 -7.05442 0.0220535 0.999751 -0.00331794 -0.129485 -0.00513541 0.00343198 0.999981 0.179321
0.999736 -0.0225771 0.00426327 -7.41716 0.0225876 0.999742 -0.00241545 -0.138381 -0.00420763 0.00251111 0.999988 0.186848
0.999724 -0.0232158 0.00354936 -7.76894 0.0232232 0.999728 -0.00205813 -0.154259 -0.00350061 0.00213999 0.999992 0.210056
0.999698 -0.0242367 0.00393802 -8.15469 0.0242457 0.999703 -0.00225353 -0.167389 -0.00388224 0.00234833 0.99999 0.212552
0.999683 -0.0248531 0.00391807 -8.56898 0.0248621 0.999688 -0.00226993 -0.19077 -0.00386044 0.00236662 0.99999 0.207067
0.999647 -0.0262654 0.00392292 -8.97617 0.0262759 0.999651 -0.00265972 -0.194028 -0.0038517 0.00276186 0.999989 0.223486
0.999614 -0.0274625 0.00409892 -9.36311 0.0274722 0.99962 -0.00232087 -0.193189 -0.00403363 0.00243258 0.999989 0.239422
0.999579 -0.0286756 0.00438287 -9.77559 0.0286855 0.999586 -0.0022134 -0.205497 -0.00431759 0.00233819 0.999988 0.263902
0.999533 -0.0302426 0.00431326 -10.2137 0.0302484 0.999542 -0.00130035 -0.227705 -0.00427196 0.00143021 0.99999 0.261434
0.999494 -0.0315187 0.004205 -10.6476 0.0315251 0.999502 -0.00146319 -0.248356 -0.00415679 0.00159501 0.99999 0.272894
0.999434 -0.0333179 0.00457462 -11.1067 0.0333249 0.999444 -0.00145463 -0.253572 -0.0045236 0.00160625 0.999988 0.275414
0.999369 -0.0352009 0.00469214 -11.5633 0.0352095 0.999378 -0.00174718 -0.259997 -0.00462772 0.00191129 0.999987 0.299636
0.999303 -0.0369493 0.00526158 -12.0274 0.0369591 0.999315 -0.00177914 -0.286659 -0.00519224 0.00197237 0.999985 0.311529
0.999223 -0.0389955 0.00575863 -12.516 0.0390086 0.999237 -0.00217243 -0.312273 -0.00566952 0.00239538 0.999981 0.32282
0.999126 -0.041388 0.00591182 -13.015 0.0414013 0.99914 -0.00215111 -0.329464 -0.0058177 0.00239399 0.99998 0.333199
0.999021 -0.0438713 0.00561861 -13.525 0.0438848 0.999034 -0.00231182 -0.346578 -0.00551176 0.00255612 0.999982 0.343133
0.998946 -0.0456064 0.0051814 -14.0309 0.0456161 0.998957 -0.00175998 -0.376446 -0.00509573 0.00199448 0.999985 0.367324
0.998854 -0.0476322 0.00475243 -14.5362 0.0476365 0.998864 -0.000801027 -0.398926 -0.00470888 0.0010265 0.999988 0.388548
0.99874 -0.049951 0.00488925 -15.0584 0.0499553 0.998751 -0.000759115 -0.423473 -0.00484522 0.0010024 0.999988 0.40533
0.998626 -0.0521322 0.00525507 -15.5984 0.0521373 0.99864 -0.000847752 -0.461042 -0.00520373 0.00112057 0.999986 0.417142
0.998498 -0.0545449 0.0052482 -16.1577 0.0545529 0.99851 -0.001377 -0.498262 -0.00516527 0.00166123 0.999985 0.431255
0.998336 -0.0573762 0.00580003 -16.7179 0.057391 0.998349 -0.00242326 -0.523994 -0.00565141 0.0027521 0.99998 0.44173
0.998197 -0.0596565 0.00669641 -17.2735 0.0596753 0.998214 -0.00264516 -0.563456 -0.00652665 0.00304 0.999974 0.458542
0.99803 -0.0623401 0.00706334 -17.8349 0.062356 0.998052 -0.00204757 -0.599759 -0.00692194 0.00248398 0.999973 0.479435
0.997865 -0.0649333 0.00704885 -18.4063 0.0649393 0.997889 -0.000631693 -0.640694 -0.00699295 0.00108809 0.999975 0.504777
0.997678 -0.0676857 0.00755774 -18.9942 0.0676871 0.997707 7.35319e-05 -0.686552 -0.00754539 0.000438201 0.999971 0.524453
0.99751 -0.0700874 0.00785837 -19.6086 0.0700967 0.99754 -0.000913621 -0.733849 -0.007775 0.00146219 0.999969 0.53378
0.997371 -0.0720652 0.00753123 -20.1961 0.0720864 0.997395 -0.00257981 -0.781736 -0.0073257 0.00311592 0.999968 0.546987
0.997265 -0.0735564 0.00723482 -20.8025 0.0735782 0.997286 -0.00279487 -0.831668 -0.0070096 0.00331955 0.99997 0.553154
0.997145 -0.0752563 0.00613336 -21.4236 0.0752743 0.997159 -0.00275929 -0.868864 -0.00590828 0.0032131 0.999977 0.576944
0.99698 -0.077453 0.00568764 -22.0542 0.0774658 0.996993 -0.00206493 -0.912162 -0.0055106 0.00249929 0.999982 0.60834
0.996854 -0.079015 0.006187 -22.7021 0.0790275 0.996871 -0.00180682 -0.968374 -0.00602487 0.00229008 0.999979 0.620741
0.996774 -0.0799987 0.00644923 -23.3499 0.0800193 0.996789 -0.00300163 -1.02119 -0.00618839 0.00350801 0.999975 0.627343
0.996717 -0.0807031 0.00642831 -23.9941 0.0807335 0.996725 -0.00462266 -1.08254 -0.00603419 0.00512646 0.999969 0.647051
0.996656 -0.0814503 0.00656554 -24.6542 0.0814855 0.99666 -0.00529159 -1.13579 -0.00611261 0.00580889 0.999964 0.665191
0.996569 -0.0825726 0.00559817 -25.3094 0.0825952 0.996575 -0.00393718 -1.18585 -0.0052539 0.00438606 0.999977 0.684115
0.996486 -0.0836157 0.00493396 -25.9975 0.0836333 0.996491 -0.00347573 -1.23547 -0.00462602 0.00387616 0.999982 0.722114
0.996391 -0.0847478 0.00467013 -26.6803 0.0847639 0.996395 -0.00335897 -1.28814 -0.00436863 0.0037427 0.999983 0.739259
0.996339 -0.0853588 0.00477373 -27.3637 0.0853777 0.996341 -0.00391365 -1.35252 -0.0044222 0.00430689 0.999981 0.755513
0.996277 -0.0859864 0.00619346 -28.0648 0.0860184 0.99628 -0.00510308 -1.42161 -0.00573163 0.00561684 0.999968 0.773686
0.996144 -0.0874057 0.00755502 -28.7738 0.0874448 0.996157 -0.00501052 -1.49038 -0.00708803 0.00565185 0.999959 0.781178
0.996061 -0.0882784 0.00830268 -29.4792 0.0883326 0.99607 -0.00639708 -1.54005 -0.00770533 0.00710528 0.999945 0.818911
0.996057 -0.0883354 0.00820251 -30.1954 0.0883833 0.99607 -0.00567444 -1.59959 -0.00766902 0.00637703 0.99995 0.826634
0.996186 -0.0869533 0.00729479 -30.9265 0.0870005 0.996188 -0.00642982 -1.66438 -0.00670789 0.00703994 0.999953 0.849909
0.996373 -0.084897 0.00580802 -31.6669 0.0849445 0.99635 -0.0084878 -1.73059 -0.00506623 0.00895038 0.999947 0.873891
0.996553 -0.0827463 0.00590647 -32.4149 0.0828004 0.99652 -0.0095998 -1.79579 -0.00509157 0.0100558 0.999936 0.905648
0.996702 -0.0808442 0.00696158 -33.161 0.0809042 0.996683 -0.00881906 -1.85724 -0.00622552 0.0093532 0.999937 0.917525
0.996817 -0.0793581 0.00759983 -33.9123 0.0794202 0.996807 -0.00824785 -1.90804 -0.00692104 0.00882518 0.999937 0.936458
0.996964 -0.0775392 0.00716872 -34.677 0.0776045 0.996941 -0.00932558 -1.95638 -0.00642369 0.00985359 0.999931 0.963835
0.99718 -0.0747953 0.00606105 -35.4299 0.0748561 0.997139 -0.0105195 -2.011 -0.0052569 0.0109436 0.999926 0.978626
0.997404 -0.0718335 0.00492109 -36.2277 0.0718818 0.997358 -0.0104694 -2.07626 -0.00415603 0.010796 0.999933 0.991754
0.997597 -0.0691364 0.00442625 -37.0201 0.0691769 0.997557 -0.0097655 -2.11938 -0.00374028 0.0100482 0.999943 1.01436
0.997782 -0.0663448 0.00550329 -37.7985 0.0663953 0.997748 -0.00956341 -2.15609 -0.00485641 0.00990759 0.999939 1.04889
0.997961 -0.063275 0.00831465 -38.6004 0.0633544 0.997944 -0.00966016 -2.20373 -0.00768631 0.0101672 0.999919 1.07469
0.998111 -0.0605344 0.0104689 -39.4038 0.0606351 0.998114 -0.00958109 -2.2545 -0.0098692 0.0101978 0.999899 1.08984
0.998294 -0.0574541 0.0104049 -40.2189 0.057551 0.9983 -0.00927216 -2.29881 -0.00985445 0.00985515 0.999903 1.11118
0.998483 -0.0543589 0.00876026 -41.042 0.0544292 0.998486 -0.00799741 -2.33691 -0.00831227 0.0084621 0.99993 1.13814
0.998665 -0.0511546 0.00723349 -41.877 0.0512055 0.998663 -0.00703006 -2.37373 -0.0068642 0.00739107 0.999949 1.17685
0.998802 -0.0482585 0.00810522 -42.7125 0.0483169 0.998806 -0.00717851 -2.40737 -0.00774912 0.00756153 0.999941 1.20522
0.998932 -0.0449438 0.0106856 -43.5433 0.0450172 0.998964 -0.0067349 -2.43775 -0.0103718 0.00720875 0.99992 1.22426
0.999043 -0.0418871 0.0126196 -44.3815 0.041961 0.999103 -0.00564828 -2.47186 -0.0123717 0.00617241 0.999904 1.24766
0.999167 -0.038752 0.0128249 -45.2262 0.0388132 0.999236 -0.0045614 -2.49273 -0.0126383 0.00505537 0.999907 1.28577
0.999286 -0.0357291 0.0122469 -46.104 0.0357654 0.999356 -0.00276417 -2.51841 -0.0121403 0.00320021 0.999921 1.30967
0.999413 -0.0324759 0.0109482 -46.9765 0.0325082 0.999468 -0.00278438 -2.53793 -0.0108519 0.00313865 0.999936 1.35131
0.999518 -0.0293451 0.0101363 -47.8366 0.0293746 0.999565 -0.00277758 -2.55843 -0.0100504 0.00307399 0.999945 1.38375
0.999597 -0.0264766 0.0102663 -48.7081 0.0265022 0.999646 -0.00235956 -2.58279 -0.0102002 0.00263069 0.999945 1.40761
0.999669 -0.0235449 0.0103896 -49.5998 0.0235663 0.99972 -0.00193445 -2.59763 -0.0103412 0.00217865 0.999944 1.43824
0.999737 -0.0202117 0.0107937 -50.4911 0.0202365 0.999793 -0.00219691 -2.61051 -0.0107471 0.00241477 0.999939 1.46776
0.999801 -0.0166605 0.0110133 -51.4024 0.0166788 0.99986 -0.00157193 -2.62539 -0.0109855 0.0017553 0.999938 1.48448
0.999851 -0.0135933 0.010652 -52.307 0.0136077 0.999907 -0.00128407 -2.63541 -0.0106335 0.00142882 0.999942 1.51291
0.999891 -0.0103507 0.0105568 -53.2017 0.0103676 0.999945 -0.00154664 -2.63221 -0.0105402 0.00165592 0.999943 1.54757
0.999914 -0.00751495 0.0107733 -54.1165 0.00752349 0.999971 -0.000751959 -2.63197 -0.0107674 0.000832947 0.999942 1.57919
0.999927 -0.00601372 0.0105262 -55.0418 0.00600962 0.999982 0.000420378 -2.62737 -0.0105286 -0.000357089 0.999945 1.61684
0.999939 -0.0053142 0.00972399 -55.97 0.00529538 0.999984 0.00195939 -2.62103 -0.00973425 -0.00190778 0.999951 1.6554
0.99995 -0.00493079 0.00874275 -56.9033 0.00491027 0.999985 0.00236738 -2.62482 -0.00875429 -0.00232433 0.999959 1.68486
0.999944 -0.00514247 0.0092251 -57.8347 0.00512805 0.999986 0.00158636 -2.64221 -0.00923313 -0.00153897 0.999956 1.71717
0.999934 -0.00552809 0.0100859 -58.7786 0.00552138 0.999985 0.000692214 -2.64931 -0.0100896 -0.00063648 0.999949 1.75484
0.999925 -0.00669928 0.0102991 -59.7345 0.00669889 0.999978 7.32383e-05 -2.64766 -0.0102993 -4.2404e-06 0.999947 1.77647
0.999922 -0.00740336 0.0100616 -60.6855 0.00741788 0.999971 -0.00140647 -2.64793 -0.010051 0.00148099 0.999948 1.79793
0.999911 -0.00765796 0.0109262 -61.6545 0.00769447 0.999965 -0.00330298 -2.66156 -0.0109005 0.00338675 0.999935 1.82952
0.999891 -0.0084454 0.012143 -62.6302 0.0085108 0.99995 -0.00534408 -2.67398 -0.0120973 0.00544684 0.999912 1.86959
0.999881 -0.00901694 0.0124773 -63.6076 0.00909403 0.99994 -0.00613571 -2.68268 -0.0124212 0.00624845 0.999903 1.90022
0.999884 -0.00911177 0.0122369 -64.5816 0.00920121 0.999931 -0.0072721 -2.68627 -0.0121698 0.00738385 0.999899 1.93354
0.999873 -0.00926318 0.0130002 -65.5616 0.00936722 0.999924 -0.00796511 -2.69899 -0.0129254 0.00808587 0.999884 1.9704
0.999867 -0.00943417 0.0133071 -66.5475 0.00952378 0.999932 -0.0066869 -2.69774 -0.0132431 0.00681275 0.999889 1.99946
0.999872 -0.00959476 0.0127686 -67.5618 0.00967486 0.999934 -0.00622618 -2.70315 -0.012708 0.00634892 0.999899 2.04922
0.99988 -0.00904554 0.0125691 -68.5629 0.00912247 0.99994 -0.00607695 -2.71013 -0.0125134 0.00619088 0.999903 2.08865
0.99988 -0.00850654 0.0129589 -69.5689 0.00859372 0.999941 -0.00668715 -2.72387 -0.0129012 0.00679771 0.999894 2.11331
0.999877 -0.00798535 0.0134789 -70.5748 0.00807308 0.999947 -0.00646635 -2.72821 -0.0134265 0.00657437 0.999888 2.1367
0.999904 -0.00828226 0.0111281 -71.5937 0.00831438 0.999961 -0.002843 -2.72603 -0.0111041 0.00293525 0.999934 2.17745
0.999939 -0.00777145 0.00787909 -72.6292 0.00777892 0.999969 -0.000917327 -2.72756 -0.00787172 0.000978561 0.999969 2.22632
0.999944 -0.00716784 0.00773279 -73.6565 0.00715882 0.999974 0.00119294 -2.7317 -0.00774114 -0.00113752 0.999969 2.26937
0.999905 -0.00705964 0.0118266 -74.6864 0.00704317 0.999974 0.00143385 -2.73892 -0.0118364 -0.00135042 0.999929 2.30722
0.999838 -0.0063924 0.0168401 -75.6849 0.00637421 0.999979 0.00113339 -2.74719 -0.016847 -0.00102587 0.999858 2.33636
0.999792 -0.00671584 0.0192818 -76.743 0.00669139 0.999977 0.00133228 -2.74086 -0.0192903 -0.00120298 0.999813 2.38339
0.999785 -0.00661832 0.0196471 -77.7996 0.00656172 0.999974 0.00294382 -2.73877 -0.0196661 -0.00281427 0.999803 2.41945
0.999788 -0.0062073 0.0196366 -78.8401 0.00615526 0.999977 0.0027096 -2.74808 -0.019653 -0.00258816 0.999804 2.46543
0.999811 -0.0060578 0.018448 -79.8963 0.00601289 0.999979 0.00248902 -2.75557 -0.0184627 -0.00237763 0.999827 2.50495
0.999842 -0.00593702 0.016734 -80.9609 0.00590015 0.99998 0.00225199 -2.75856 -0.016747 -0.0021529 0.999857 2.55944
0.999869 -0.00615459 0.0149979 -82.0303 0.00612872 0.99998 0.0017707 -2.75987 -0.0150085 -0.00167855 0.999886 2.62642
0.999865 -0.00554895 0.0154659 -83.1006 0.00549674 0.999979 0.00341607 -2.75015 -0.0154846 -0.00333059 0.999875 2.66597
0.999835 -0.00503377 0.0174643 -84.1786 0.0049585 0.999978 0.00435064 -2.75495 -0.0174859 -0.00426332 0.999838 2.70247
0.999771 -0.00475363 0.0208658 -85.2422 0.00470258 0.999986 0.00249531 -2.76795 -0.0208773 -0.00239662 0.999779 2.75111
0.999717 -0.00491332 0.0232691 -86.3264 0.00492211 0.999988 -0.000320361 -2.77307 -0.0232673 0.000434804 0.999729 2.79396
0.999724 -0.00472335 0.0230305 -87.401 0.00474527 0.999988 -0.000897109 -2.77054 -0.023026 0.00100615 0.999734 2.8216
0.99981 -0.0044057 0.018964 -88.5075 0.00441109 0.99999 -0.000242247 -2.77646 -0.0189628 0.000325853 0.99982 2.86397
0.99993 -0.0035098 0.0113204 -89.6039 0.00348283 0.999991 0.00240072 -2.76753 -0.0113287 -0.00236112 0.999933 2.91579
0.999977 -0.00284581 0.0061848 -90.709 0.00283103 0.999993 0.00239606 -2.77075 -0.00619158 -0.00237849 0.999978 2.97708
0.999962 -0.00152676 0.00858163 -91.7892 0.00150497 0.999996 0.00254446 -2.76925 -0.00858547 -0.00253145 0.99996 3.02066
0.999911 8.24696e-06 0.0133129 -92.8721 -5.89101e-05 0.999993 0.00380518 -2.76031 -0.0133128 -0.00380563 0.999904 3.03711
0.999893 0.00164482 0.0145607 -93.9514 -0.00168954 0.999994 0.00305961 -2.75481 -0.0145556 -0.00308388 0.999889 3.08126
0.999921 0.00319137 0.0121584 -95.0244 -0.00322354 0.999991 0.00262712 -2.7464 -0.0121499 -0.00266611 0.999923 3.12121
0.999941 0.00411164 0.0100998 -96.1024 -0.00413075 0.99999 0.00187266 -2.73975 -0.010092 -0.00191427 0.999947 3.17062
0.999935 0.00488405 0.0102557 -97.182 -0.00490164 0.999987 0.001691 -2.73685 -0.0102473 -0.00174116 0.999946 3.2139
0.999896 0.00655036 0.0128134 -98.2268 -0.00656799 0.999978 0.00133424 -2.71847 -0.0128044 -0.00141826 0.999917 3.25631
0.99985 0.00804623 0.0153145 -99.2799 -0.00805681 0.999967 0.000629088 -2.708 -0.0153089 -0.000752379 0.999883 3.30634
0.999826 0.00932193 0.0161459 -100.34 -0.00933426 0.999956 0.000689044 -2.7013 -0.0161388 -0.000839634 0.999869 3.34283
0.999826 0.00992702 0.0157872 -101.409 -0.00993021 0.999951 0.000123637 -2.68692 -0.0157851 -0.000280386 0.999875 3.38004
0.999815 0.0106723 0.0160167 -102.433 -0.0106574 0.999943 -0.00101555 -2.67111 -0.0160266 0.000844668 0.999871 3.43538
0.999815 0.0101043 0.0163788 -103.477 -0.0101025 0.999949 -0.000193392 -2.65957 -0.01638 2.78882e-05 0.999866 3.49094
0.999818 0.00937958 0.0165993 -104.528 -0.00938473 0.999956 0.000232348 -2.64803 -0.0165964 -0.000388086 0.999862 3.5238
0.999824 0.00901834 0.0164423 -105.581 -0.00899712 0.999959 -0.00136433 -2.63831 -0.0164539 0.00121615 0.999864 3.57546
0.999823 0.00883031 0.0165893 -106.607 -0.0087889 0.999958 -0.00256728 -2.61889 -0.0166113 0.00242102 0.999859 3.61315
0.999842 0.008496 0.0156161 -107.643 -0.00845092 0.99996 -0.00295071 -2.6078 -0.0156405 0.00281828 0.999874 3.64999
0.999868 0.00796395 0.0141962 -108.675 -0.0079238 0.999964 -0.0028822 -2.60146 -0.0142186 0.00276933 0.999895 3.69955
0.999884 0.00741237 0.0133341 -109.695 -0.00738633 0.999971 -0.00200107 -2.59588 -0.0133485 0.00190234 0.999909 3.751
0.999893 0.00593842 0.0133969 -110.717 -0.00594441 0.999982 0.000407337 -2.58408 -0.0133942 -0.00048693 0.99991 3.79291
0.999906 0.00281039 0.0133976 -111.714 -0.00285746 0.99999 0.00349516 -2.58458 -0.0133877 -0.00353311 0.999904 3.83483
0.999902 -0.00122462 0.0139463 -112.712 0.00115901 0.999988 0.00471189 -2.58238 -0.0139519 -0.00469527 0.999892 3.8801
0.999872 -0.00634717 0.0146835 -113.742 0.00628584 0.999971 0.00421896 -2.58509 -0.0147098 -0.00412613 0.999883 3.92753
0.999816 -0.0112571 0.0155079 -114.762 0.0112149 0.999933 0.00280636 -2.59349 -0.0155385 -0.00263193 0.999876 3.97044
0.999748 -0.0157116 0.0160155 -115.768 0.0156869 0.999876 0.00166757 -2.60854 -0.0160397 -0.00141591 0.99987 4.00061
0.999662 -0.0200256 0.0165969 -116.762 0.0199862 0.999797 0.00253845 -2.62986 -0.0166443 -0.00220588 0.999859 4.02699
0.999557 -0.0250097 0.0161059 -117.766 0.0249896 0.999687 0.00144907 -2.65526 -0.0161371 -0.00104595 0.999869 4.10371
0.999405 -0.0305067 0.0160942 -118.773 0.0304533 0.99953 0.00355086 -2.69496 -0.0161949 -0.00305862 0.999864 4.13453
0.999238 -0.0355254 0.0161588 -119.79 0.0354724 0.999364 0.00355552 -2.71938 -0.0162748 -0.00297962 0.999863 4.1841
0.999027 -0.0404708 0.0174998 -120.797 0.0404223 0.999178 0.00311435 -2.75631 -0.0176114 -0.00240394 0.999842 4.22076
0.998763 -0.045763 0.0194693 -121.802 0.0457218 0.998951 0.0025545 -2.81957 -0.0195658 -0.00166116 0.999807 4.26114
0.99849 -0.0508956 0.0206882 -122.806 0.0508722 0.998704 0.00165739 -2.87692 -0.0207458 -0.00060243 0.999785 4.31485
0.998256 -0.0555165 0.0200709 -123.808 0.0554929 0.998458 0.00173519 -2.9278 -0.0201362 -0.000618376 0.999797 4.35631
0.998055 -0.0597071 0.0179386 -124.825 0.0596893 0.998216 0.00152686 -2.97835 -0.0179977 -0.000453151 0.999838 4.3921
0.997888 -0.0628076 0.0165802 -125.848 0.0628129 0.998025 0.000201648 -3.04124 -0.0165601 0.000840227 0.999863 4.44495
0.997673 -0.0658644 0.0176269 -126.851 0.0658731 0.997828 8.59828e-05 -3.11738 -0.0175943 0.00107536 0.999845 4.49019
0.997436 -0.0690431 0.0188399 -127.848 0.0690573 0.997613 -0.000105097 -3.1805 -0.0187877 0.00140586 0.999823 4.54223
0.997207 -0.0719077 0.0201956 -128.848 0.0719188 0.99741 0.000174823 -3.25536 -0.0201559 0.00127811 0.999796 4.57406
0.997059 -0.0739965 0.0199238 -129.858 0.0740666 0.997249 -0.00280296 -3.33781 -0.0196616 0.00427041 0.999798 4.62339
0.997016 -0.0747908 0.0191377 -130.87 0.074934 0.997165 -0.00687802 -3.41361 -0.018569 0.00829156 0.999793 4.67231
0.997017 -0.07484 0.0188846 -131.882 0.075034 0.997133 -0.00977914 -3.49186 -0.0180986 0.011167 0.999774 4.7043
0.99697 -0.0755912 0.0183286 -132.912 0.0757828 0.997074 -0.00998978 -3.56733 -0.0175199 0.0113485 0.999782 4.748
0.996997 -0.0754178 0.0176017 -133.909 0.0755669 0.997109 -0.00796202 -3.64571 -0.0169503 0.00926821 0.999813 4.80856
0.996968 -0.0756792 0.0181223 -134.927 0.0757845 0.997111 -0.00519329 -3.70969 -0.017677 0.00655094 0.999822 4.85805
0.996891 -0.076376 0.019377 -135.941 0.076481 0.99706 -0.00473601 -3.79048 -0.0189583 0.00620326 0.999801 4.89856
0.996858 -0.0766028 0.0201692 -136.95 0.0767315 0.997036 -0.00568544 -3.85938 -0.0196739 0.00721518 0.99978 4.93954
0.996874 -0.076541 0.0195829 -137.961 0.0766959 0.997028 -0.00728437 -3.94006 -0.0189671 0.00876352 0.999782 4.97654
0.996997 -0.0754463 0.0174851 -138.976 0.075636 0.997081 -0.0104555 -4.01992 -0.0166452 0.0117466 0.999792 5.02642
0.997144 -0.073665 0.0166813 -139.997 0.0738941 0.997174 -0.0135628 -4.08983 -0.015635 0.0147567 0.999769 5.07451
0.997368 -0.0703583 0.0175412 -140.995 0.0706132 0.9974 -0.0143608 -4.16164 -0.0164852 0.0155616 0.999743 5.11466
0.99753 -0.0674712 0.0195256 -142.004 0.0677377 0.997614 -0.0133236 -4.22462 -0.0185801 0.0146133 0.999721 5.15418
0.997671 -0.0650086 0.020666 -143.015 0.0652482 0.997807 -0.0111398 -4.28154 -0.0198965 0.0124623 0.999724 5.19879
0.997801 -0.0628693 0.0210059 -144.022 0.0631117 0.997945 -0.0110794 -4.34404 -0.0202662 0.0123807 0.999718 5.26156
0.997982 -0.0599338 0.020996 -145.012 0.0601816 0.998123 -0.0113786 -4.41619 -0.0202746 0.0126192 0.999715 5.30334
0.998151 -0.0569237 0.0213239 -146.023 0.0572208 0.998269 -0.0135913 -4.46481 -0.0205134 0.0147864 0.99968 5.354
0.998298 -0.0540464 0.0219262 -147.028 0.0543683 0.998418 -0.01436 -4.50707 -0.0211154 0.0155276 0.999656 5.38204
0.998442 -0.0514892 0.0215043 -148.028 0.0518439 0.998523 -0.0162731 -4.561 -0.0206347 0.0173626 0.999636 5.43302
0.998562 -0.0492625 0.0211522 -149.024 0.049599 0.998646 -0.0156902 -4.61322 -0.0203506 0.0167168 0.999653 5.46867
0.998703 -0.0466522 0.0203778 -150.016 0.0469724 0.998775 -0.0155282 -4.64332 -0.0196284 0.0164653 0.999672 5.5218
0.998814 -0.0446389 0.019431 -150.999 0.0449515 0.998862 -0.0159587 -4.68225 -0.0186965 0.0168132 0.999684 5.58446
0.998931 -0.042007 0.0192809 -151.977 0.0422985 0.998993 -0.0149666 -4.73469 -0.0186327 0.0157662 0.999702 5.62421
0.99903 -0.0393151 0.0198141 -152.966 0.0396027 0.999113 -0.014337 -4.77032 -0.0192328 0.0151078 0.999701 5.66758
0.999094 -0.0376108 0.0199401 -153.932 0.0379016 0.999178 -0.0144149 -4.80324 -0.0193815 0.0151576 0.999697 5.71025
0.999168 -0.0360061 0.0191345 -154.9 0.0362501 0.999264 -0.0125622 -4.82986 -0.018668 0.0132454 0.999738 5.74448
0.999212 -0.0347391 0.0191814 -155.884 0.0349805 0.999311 -0.0123984 -4.85631 -0.0187375 0.0130596 0.999739 5.80646
0.999263 -0.0332418 0.0192182 -156.843 0.0334618 0.999377 -0.0112394 -4.8848 -0.0188326 0.0118742 0.999752 5.84088
0.999336 -0.0310021 0.0191245 -157.81 0.031228 0.999445 -0.0116313 -4.91869 -0.0187533 0.0122208 0.999749 5.89428
0.999386 -0.0290694 0.0195357 -158.785 0.0292841 0.999513 -0.0107912 -4.94829 -0.0192125 0.0113566 0.999751 5.93186
0.999425 -0.0277614 0.0194515 -159.73 0.0279626 0.999557 -0.0101488 -4.95333 -0.0191611 0.0106869 0.999759 5.97986
0.999467 -0.0257245 0.0201143 -160.669 0.0259101 0.999624 -0.00902166 -4.98404 -0.0198747 0.00953801 0.999757 6.02134
0.999487 -0.0242918 0.0208656 -161.632 0.0244628 0.999669 -0.00798172 -4.99552 -0.0206648 0.00848806 0.99975 6.06839
0.999517 -0.0226875 0.021243 -162.578 0.0228592 0.999708 -0.0078724 -5.01909 -0.0210582 0.0083542 0.999743 6.11632
0.999548 -0.0211298 0.021364 -163.518 0.0212756 0.999752 -0.00662433 -5.02527 -0.0212187 0.00707587 0.99975 6.16493
0.999576 -0.0194739 0.021631 -164.46 0.0195989 0.999792 -0.00558004 -5.04364 -0.0215178 0.00600162 0.99975 6.20043
0.999624 -0.0171664 0.0214015 -165.368 0.0173402 0.999818 -0.00796385 -5.06643 -0.0212609 0.00833196 0.999739 6.25738
0.999635 -0.0155819 0.0220474 -166.313 0.0157768 0.999838 -0.00869479 -5.07272 -0.0219083 0.00903946 0.999719 6.29529
0.999654 -0.0139241 0.0223222 -167.257 0.0141512 0.999849 -0.0100454 -5.07696 -0.022179 0.0103578 0.9997 6.3537
0.999681 -0.0117066 0.0223747 -168.18 0.0119499 0.999871 -0.0107689 -5.08749 -0.0222458 0.0110329 0.999692 6.3976
0.999699 -0.00963317 0.0225557 -169.119 0.00988908 0.999888 -0.0112617 -5.09952 -0.0224446 0.0114814 0.999682 6.44371
0.999728 -0.00694162 0.0222772 -170.041 0.00721779 0.999898 -0.0123407 -5.12024 -0.0221893 0.0124981 0.999676 6.49722
0.999733 -0.00568521 0.0223785 -170.977 0.00594947 0.999913 -0.0117598 -5.12384 -0.0223097 0.0118898 0.99968 6.53221
0.999735 -0.00450684 0.0225938 -171.885 0.00479167 0.99991 -0.0125684 -5.10716 -0.0225352 0.0126733 0.999666 6.58231
0.999743 -0.00304862 0.0224765 -172.809 0.00335781 0.9999 -0.0137312 -5.0974 -0.0224324 0.0138031 0.999653 6.62829
0.999738 -0.00176378 0.0228285 -173.725 0.0021327 0.999867 -0.0161463 -5.10796 -0.0227969 0.0161908 0.999609 6.67739
0.999736 -0.000794007 0.0229809 -174.64 0.0012067 0.999838 -0.0179498 -5.12282 -0.0229629 0.0179728 0.999575 6.72573
0.999746 -0.000409102 0.0225202 -175.555 0.000803646 0.999846 -0.0175133 -5.12087 -0.0225096 0.0175269 0.999593 6.75436
0.99974 0.000144573 0.0227884 -176.448 0.000264677 0.999839 -0.0179547 -5.12011 -0.0227873 0.017956 0.999579 6.80967
0.999734 0.000922353 0.023059 -177.354 -0.000528716 0.999854 -0.0170711 -5.11522 -0.0230714 0.0170544 0.999588 6.85272
0.999725 0.0017061 0.0233758 -178.26 -0.00129217 0.999842 -0.0177113 -5.11409 -0.0234023 0.0176762 0.99957 6.89886
0.999704 0.0017823 0.0242814 -179.176 -0.00132665 0.999823 -0.0187685 -5.11744 -0.0243105 0.0187307 0.999529 6.94196
0.99971 0.00243698 0.0239771 -180.068 -0.00196775 0.999806 -0.019574 -5.10876 -0.0240202 0.0195211 0.999521 6.98162
0.999735 0.00288421 0.0228354 -180.958 -0.00245146 0.999817 -0.0189561 -5.10701 -0.0228859 0.0188951 0.99956 7.02242
0.999799 0.00371172 0.0196849 -181.853 -0.00338112 0.999853 -0.0168016 -5.09989 -0.0197444 0.0167316 0.999665 7.06999
0.999859 0.00416088 0.016241 -182.745 -0.00391875 0.999881 -0.0149119 -5.08579 -0.0163011 0.0148462 0.999757 7.11545
0.999859 0.00454891 0.0161502 -183.642 -0.00431016 0.999881 -0.0147871 -5.08379 -0.0162156 0.0147154 0.99976 7.17052
0.999795 0.00499151 0.0196148 -184.538 -0.00469554 0.999875 -0.0151061 -5.08751 -0.0196877 0.0150109 0.999693 7.21398
0.999693 0.00579439 0.0240826 -185.413 -0.00541593 0.999861 -0.0157505 -5.07254 -0.0241705 0.0156153 0.999586 7.24694
0.999631 0.00623322 0.026435 -186.271 -0.00578528 0.999839 -0.0169874 -5.06869 -0.0265367 0.0168282 0.999506 7.28659
0.999643 0.00673256 0.0258633 -187.126 -0.00628635 0.999831 -0.0172955 -5.05818 -0.0259753 0.0171267 0.999516 7.31992
0.999692 0.00728499 0.0237356 -188.001 -0.00686439 0.999819 -0.0177537 -5.05792 -0.0238606 0.0175853 0.999561 7.37036
0.99974 0.00682176 0.0217446 -188.885 -0.00641439 0.999804 -0.0187489 -5.04516 -0.0218682 0.0186046 0.999588 7.42575
0.999734 0.00626452 0.0221854 -189.764 -0.0058438 0.999803 -0.0189783 -5.04733 -0.0222999 0.0188436 0.999574 7.46047
0.999706 0.00555201 0.0236021 -190.603 -0.00508866 0.999794 -0.0196468 -5.03797 -0.0237063 0.019521 0.999528 7.50832
0.999683 0.00527473 0.0246388 -191.437 -0.00478155 0.999788 -0.0200326 -5.02949 -0.0247392 0.0199084 0.999496 7.54427
0.99967 0.0045219 0.0252892 -192.288 -0.00400741 0.999785 -0.0203579 -5.03055 -0.0253758 0.0202498 0.999473 7.59011
0.99969 0.00422832 0.0245444 -193.13 -0.00370052 0.999762 -0.0215095 -5.02682 -0.0246295 0.021412 0.999467 7.63856
0.99974 0.00386095 0.0224633 -193.977 -0.0033898 0.999774 -0.0209746 -5.02646 -0.0225393 0.020893 0.999528 7.67277
0.999798 0.00386826 0.0197269 -194.816 -0.00345967 0.99978 -0.0207044 -5.02059 -0.0198027 0.020632 0.999591 7.71308
0.999837 0.00343912 0.0177376 -195.66 -0.00307464 0.999784 -0.020535 -5.01797 -0.0178044 0.0204771 0.999632 7.75893
0.999851 0.00331214 0.0169472 -196.49 -0.0029638 0.999785 -0.0205383 -5.00994 -0.0170116 0.020485 0.999645 7.7962
0.999838 0.00302624 0.0177646 -197.323 -0.0026473 0.999769 -0.0213159 -5.00525 -0.017825 0.0212654 0.999615 7.83746
0.999824 0.00311645 0.0185041 -198.151 -0.00273667 0.999786 -0.0205143 -5.0191 -0.0185641 0.02046 0.999618 7.86826
0.999824 0.00346305 0.0184616 -198.962 -0.00311243 0.999815 -0.0189868 -5.02526 -0.018524 0.018926 0.999649 7.91027
0.999834 0.00344449 0.0179088 -199.77 -0.00313348 0.999844 -0.0173656 -5.00748 -0.0179658 0.0173066 0.999689 7.94555
0.999843 0.0033343 0.0174226 -200.586 -0.00301291 0.999825 -0.0184402 -4.99565 -0.017481 0.0183848 0.999678 7.99952
0.999835 0.00307839 0.0178922 -201.405 -0.00272535 0.999802 -0.0197226 -4.99334 -0.0179493 0.0196706 0.999645 8.03476
0.999811 0.00279671 0.019227 -202.225 -0.00242231 0.999808 -0.0194685 -4.99433 -0.0192777 0.0194183 0.999626 8.05746
0.999818 0.0029956 0.0188348 -203.008 -0.00265632 0.999834 -0.0180131 -4.98915 -0.0188856 0.0179598 0.99966 8.09163
0.99983 0.0033231 0.0181286 -203.809 -0.00298868 0.999825 -0.0184432 -4.98967 -0.0181868 0.0183859 0.999666 8.14941
0.999823 0.00355852 0.0184656 -204.6 -0.00323373 0.99984 -0.0175892 -4.97785 -0.0185252 0.0175264 0.999675 8.1824
0.999815 0.0036326 0.0188991 -205.389 -0.00328744 0.999828 -0.0182625 -4.97218 -0.0189622 0.018197 0.999655 8.22605
0.999807 0.00333206 0.0193698 -206.178 -0.00298381 0.999834 -0.01798 -4.96265 -0.0194265 0.0179187 0.999651 8.25322
0.99981 0.00278524 0.0193127 -206.978 -0.00243365 0.999831 -0.018205 -4.96448 -0.0193601 0.0181546 0.999648 8.28643
0.999808 0.00317502 0.0193463 -207.752 -0.00281766 0.999825 -0.0184715 -4.96693 -0.0194015 0.0184135 0.999642 8.32602
0.999816 0.00286109 0.0189426 -208.53 -0.0025102 0.999825 -0.0185219 -4.96319 -0.0189923 0.018471 0.999649 8.3658
0.999817 0.00251655 0.0189802 -209.285 -0.00214496 0.999806 -0.0195726 -4.96087 -0.0190258 0.0195283 0.999628 8.40236
0.999814 0.00234948 0.0191682 -210.046 -0.00197166 0.999804 -0.0197057 -4.95185 -0.0192107 0.0196643 0.999622 8.43134
0.999801 0.00228384 0.019802 -210.8 -0.00189087 0.999801 -0.0198414 -4.95034 -0.0198434 0.0198 0.999607 8.47032
0.999792 0.00248093 0.0202338 -211.544 -0.00205494 0.999776 -0.0210472 -4.95608 -0.0202814 0.0210013 0.999574 8.51513
0.999783 0.00179108 0.0207332 -212.283 -0.00134683 0.99977 -0.0214216 -4.95638 -0.0207668 0.021389 0.999556 8.54463
0.999776 0.0011583 0.0211521 -213.016 -0.00069175 0.999757 -0.0220509 -4.95057 -0.0211725 0.0220314 0.999533 8.58355
0.999786 0.00176892 0.020626 -213.744 -0.00128686 0.999726 -0.0233615 -4.95546 -0.0206617 0.0233299 0.999514 8.62756
0.999798 0.00270543 0.0199102 -214.484 -0.00222061 0.999701 -0.0243321 -4.95314 -0.0199701 0.024283 0.999506 8.65388
0.999801 0.00365184 0.0196077 -215.194 -0.00317377 0.999698 -0.0243575 -4.95038 -0.0196908 0.0242904 0.999511 8.68525
0.999796 0.00415561 0.0197903 -215.885 -0.00368011 0.999705 -0.0240031 -4.94076 -0.0198842 0.0239254 0.999516 8.70954
0.999818 0.0043103 0.0186014 -216.594 -0.00386486 0.999706 -0.0239163 -4.94107 -0.018699 0.0238401 0.999541 8.75441
0.999821 0.00456534 0.018376 -217.298 -0.00408802 0.999655 -0.0259298 -4.94598 -0.0184881 0.0258501 0.999495 8.79085
0.999797 0.00561337 0.0193261 -218.005 -0.00511038 0.999649 -0.0259785 -4.9466 -0.0194652 0.0258745 0.999476 8.81246
0.999788 0.00670108 0.0194599 -218.67 -0.00622191 0.999679 -0.0245801 -4.94229 -0.0196184 0.0244538 0.999508 8.84125
0.999799 0.00719438 0.0186943 -219.351 -0.00675676 0.999704 -0.0233678 -4.93184 -0.0188569 0.0232368 0.999552 8.8761
0.999816 0.0079698 0.0174318 -220.026 -0.00756384 0.999701 -0.0232318 -4.9294 -0.0176117 0.0230957 0.999578 8.91249
0.999828 0.00862266 0.0164133 -220.687 -0.00822846 0.99968 -0.0239353 -4.91906 -0.0166144 0.0237962 0.999579 8.94149
0.999833 0.00892657 0.0159687 -221.35 -0.00855708 0.999697 -0.0230593 -4.90756 -0.0161697 0.0229188 0.999607 8.97312
0.999835 0.00959919 0.0153947 -221.993 -0.00923447 0.999679 -0.0235899 -4.90557 -0.0156162 0.0234438 0.999603 9.00499
0.999837 0.0103726 0.0147907 -222.638 -0.0100401 0.999699 -0.0223798 -4.89382 -0.0150184 0.0222277 0.99964 9.03856
0.999834 0.01073 0.0146931 -223.26 -0.0103971 0.999692 -0.0225465 -4.88241 -0.0149305 0.02239 0.999638 9.08006
