1 0 0 0 0 1 0 0 0 0 1 0
1 5.23545e-05 2.19236e-06 -0.00144529 -5.23544e-05 1 -3.36796e-05 0.000899006 -2.19412e-06 3.36795e-05 1 -0.00118471
1 6.43443e-05 2.40251e-05 -0.00346435 -6.43431e-05 1 -5.00663e-05 0.000886021 -2.40283e-05 5.00648e-05 1 2.97455e-05
1 1.78882e-05 2.00229e-05 -0.00305226 -1.78881e-05 1 -1.04412e-06 -0.00489167 -2.00229e-05 1.04376e-06 1 -0.000166331
1 -1.84387e-05 1.05296e-05 -0.00133375 1.84388e-05 1 -3.04203e-06 -0.00264203 -1.05296e-05 3.04223e-06 1 -0.000308034
1 -1.92667e-05 2.94363e-05 -0.000345535 1.92665e-05 1 9.03719e-06 -0.000408616 -2.94364e-05 -9.03663e-06 1 -0.00104397
1 4.02341e-05 2.93457e-05 -0.00117146 -4.02345e-05 1 1.2811e-05 -0.00282449 -2.93451e-05 -1.28122e-05 1 -0.000275715
1 1.25351e-05 6.83858e-06 -0.00305391 -1.25351e-05 1 1.18115e-05 -0.00371866 -6.83843e-06 -1.18115e-05 1 -5.1996e-05
1 3.76135e-05 4.87519e-05 -0.00618546 -3.76137e-05 1 4.29636e-06 -0.00109159 -4.87518e-05 -4.29819e-06 1 -0.000263091
1 7.743e-05 -8.13811e-06 -0.00134732 -7.74301e-05 1 -1.17935e-05 0.00372616 8.1372e-06 1.17942e-05 1 0.000314925
1 6.27666e-05 -5.2316e-06 -0.000321147 -6.27667e-05 1 -9.2865e-06 0.000985706 5.23102e-06 9.28683e-06 1 -1.2841e-05
1 5.4687e-05 2.13498e-05 -0.00182621 -5.46872e-05 1 9.29975e-06 -0.00300554 -2.13493e-05 -9.30092e-06 1 -0.000192424
1 -1.0292e-05 2.16554e-05 -0.00421983 1.02919e-05 1 3.62843e-06 -0.00311646 -2.16555e-05 -3.62821e-06 1 -0.000460472
1 1.76164e-05 3.89179e-05 -0.00293258 -1.76166e-05 1 6.21641e-06 -0.000480597 -3.89178e-05 -6.2171e-06 1 -0.000619176
1 2.09225e-05 4.30619e-05 -0.00569244 -2.09219e-05 1 -1.26686e-05 0.000148726 -4.30622e-05 1.26677e-05 1 -0.000460393
1 6.96742e-05 1.77741e-05 -0.00315988 -6.96744e-05 1 1.50108e-05 -0.00223489 -1.77731e-05 -1.50121e-05 1 -0.000381761
1 5.57075e-05 2.50204e-05 -0.00236953 -5.57076e-05 1 4.67617e-06 -0.00117518 -2.50201e-05 -4.67756e-06 1 -0.000257155
1 5.05095e-05 9.30894e-06 -0.00132551 -5.05094e-05 1 -9.94843e-06 0.00118562 -9.30944e-06 9.94796e-06 1 -0.000215619
1 2.73102e-05 -8.936e-06 0.000179492 -2.73103e-05 1 -7.16359e-06 -0.000328626 8.93581e-06 7.16383e-06 1 -0.000464631
1 6.55167e-05 1.43058e-05 -0.00318443 -6.55167e-05 1 -5.24444e-07 -0.00505723 -1.43058e-05 5.23507e-07 1 -0.000472727
1 9.21055e-05 9.01388e-06 -0.00274891 -9.21054e-05 1 -2.79896e-06 -0.00580808 -9.01414e-06 2.79813e-06 1 -4.74884e-05
1 1.22079e-05 3.31914e-05 -0.00380525 -1.22078e-05 1 -3.91945e-06 -0.000401337 -3.31915e-05 3.91904e-06 1 -0.000785166
1 7.2013e-05 1.72077e-06 0.000342709 -7.20129e-05 1 -9.70022e-06 -0.00246438 -1.72147e-06 9.7001e-06 1 -0.000680198
1 5.77577e-05 1.37111e-05 -0.00200259 -5.77577e-05 1 -9.43601e-07 -0.00419293 -1.37112e-05 9.42809e-07 1 -0.000185033
1 5.16413e-05 -6.43197e-06 -0.00228727 -5.16414e-05 1 -5.183e-06 -0.00310275 6.4317e-06 5.18333e-06 1 0.000109234
1 -4.44753e-05 2.60878e-05 -0.00284537 4.44755e-05 1 -6.33179e-06 0.00237458 -2.60876e-05 6.33295e-06 1 -0.000209244
1 2.37146e-05 1.92505e-05 -0.000759039 -2.37143e-05 1 -1.74908e-05 0.00108507 -1.92509e-05 1.74903e-05 1 -0.000672983
1 5.74784e-05 2.55377e-05 -0.00291159 -5.74783e-05 1 -1.67366e-06 -0.00249214 -2.55378e-05 1.67219e-06 1 -0.000513517
1 4.57502e-05 2.43869e-05 -0.00190706 -4.575e-05 1 -7.70955e-06 -0.00183288 -2.43873e-05 7.70843e-06 1 -0.000816807
1 1.64139e-05 3.58874e-05 -0.00195645 -1.64138e-05 1 -1.56167e-06 -0.00169421 -3.58874e-05 1.56108e-06 1 -0.000456835
1 2.54858e-05 2.6861e-05 -0.00404127 -2.54862e-05 1 1.38356e-05 -0.0015805 -2.68607e-05 -1.38362e-05 1 -0.000381184
1 4.85451e-05 -1.00059e-05 -0.00384065 -4.85452e-05 1 -1.22122e-05 -0.000971068 1.00053e-05 1.22126e-05 1 0.000650227
1 3.1869e-05 2.05042e-05 -0.00348207 -3.18689e-05 1 -5.2241e-06 -4.01479e-05 -2.05043e-05 5.22345e-06 1 -7.38912e-06
1 9.70524e-05 2.11436e-05 -0.00552661 -9.70525e-05 1 3.68999e-06 -0.00811557 -2.11432e-05 -3.69204e-06 1 9.739e-05
1 6.264e-05 5.82699e-06 -0.00196768 -6.26399e-05 1 -1.1415e-05 -0.00379952 -5.82771e-06 1.14147e-05 1 -2.71911e-05
1 1.9616e-05 1.62615e-05 -0.00060592 -1.96158e-05 1 -1.34225e-05 -0.000143336 -1.62617e-05 1.34222e-05 1 -0.000440071
1 2.77585e-05 -9.33082e-06 -0.00108585 -2.77585e-05 1 -8.93808e-06 -0.00249917 9.33057e-06 8.93833e-06 1 -0.000434911
1 4.17357e-05 -9.8844e-07 -0.00195888 -4.17357e-05 1 1.14653e-06 -0.00371694 9.88488e-07 -1.14649e-06 1 -0.000323525
1 7.44706e-05 -5.66063e-06 -0.00238227 -7.44706e-05 1 1.36353e-06 -0.0033141 5.66073e-06 -1.36311e-06 1 0.00029431
1 7.69578e-05 6.50899e-06 -0.00315786 -7.69578e-05 1 -8.17443e-06 -0.00264537 -6.50961e-06 8.17393e-06 1 -0.000179024
1 2.99848e-05 2.49984e-05 -0.00302129 -2.99847e-05 1 -2.18407e-06 9.63789e-05 -2.49985e-05 2.18332e-06 1 -0.000936872
1 8.95883e-06 2.39952e-05 -0.000821918 -8.9583e-06 1 -2.19441e-05 0.00338983 -2.39954e-05 2.19439e-05 1 -0.000705477
1 3.03179e-05 1.68105e-05 4.60444e-05 -3.0318e-05 1 4.69203e-06 -0.00171141 -1.68103e-05 -4.69254e-06 1 -0.000172923
1 4.58622e-05 -3.82143e-05 0.00746724 -4.58621e-05 1 2.09176e-06 -0.00311769 3.82144e-05 -2.09e-06 1 0.000446625
1 -1.154e-05 -9.96415e-05 0.0228545 1.15409e-05 1 9.36948e-06 -0.00522676 9.96414e-05 -9.37063e-06 1 0.000975739
1 -0.000105386 -0.000142563 0.0299789 0.000105389 1 2.49671e-05 -0.00855844 0.00014256 -2.49821e-05 1 0.0026062
1 -7.78237e-05 -7.03994e-05 0.018884 7.78258e-05 1 2.94492e-05 -0.0063094 7.03971e-05 -2.94547e-05 1 0.000938876
1 -5.2919e-05 -1.7736e-05 0.00547447 5.29192e-05 1 1.21448e-05 -0.00343522 1.77353e-05 -1.21457e-05 1 0.000479084
1 1.6135e-05 1.92158e-05 -0.0121139 -1.61354e-05 1 2.28914e-05 -0.00662077 -1.92154e-05 -2.28917e-05 1 0.000514453
1 6.8087e-05 2.83154e-05 -0.0249029 -6.80885e-05 1 5.50041e-05 -0.0200738 -2.83116e-05 -5.5006e-05 1 0.0017408
1 5.77512e-05 3.46304e-05 -0.0351197 -5.77528e-05 1 4.75863e-05 -0.0174847 -3.46277e-05 -4.75883e-05 1 0.00129674
1 2.25144e-05 4.93127e-06 -0.042114 -2.25146e-05 1 3.72763e-05 -0.0157681 -4.93043e-06 -3.72764e-05 1 0.00186435
1 -8.77399e-05 4.24264e-07 -0.0568191 8.77399e-05 1 2.96245e-05 -0.00837231 -4.26863e-07 -2.96245e-05 1 0.00317835
1 -0.000107067 5.59996e-05 -0.0880982 0.000107064 1 5.20312e-05 -0.00594645 -5.60052e-05 -5.20252e-05 1 0.00476437
1 9.67655e-05 0.000145553 -0.1248 -9.67816e-05 1 0.00011041 -0.00495031 -0.000145543 -0.000110424 1 0.00295532
1 0.00024603 0.000235211 -0.188466 -0.000246056 1 0.000109434 -0.00302845 -0.000235184 -0.000109491 1 0.00489474
1 0.000721911 0.000400332 -0.252749 -0.000721954 1 0.00010636 -0.00841509 -0.000400255 -0.000106649 1 0.0039478
1 0.000796943 0.000576843 -0.323911 -0.000796999 1 9.6572e-05 -0.00985712 -0.000576766 -9.70317e-05 1 0.00453307
1 -0.000500902 0.000599527 -0.401506 0.000500834 1 0.000114669 -0.003925 -0.000599584 -0.000114368 1 0.00599621
1 -0.000707143 0.000693071 -0.464716 0.00070704 1 0.000148433 0.00226162 -0.000693176 -0.000147943 1 0.00728557
0.999999 -0.00047067 0.000962769 -0.555794 0.000470496 1 0.000181239 0.00532307 -0.000962855 -0.000180786 1 0.00783364
0.999999 -0.000378928 0.00121246 -0.664907 0.000378597 1 0.000273324 0.0140784 -0.00121256 -0.000272865 0.999999 0.0104362
0.999999 -0.000191863 0.00138403 -0.777709 0.000191341 1 0.000377498 0.0152843 -0.0013841 -0.000377233 0.999999 0.0145639
0.999999 -0.000703823 0.00155634 -0.888749 0.000703146 1 0.000435442 0.00446503 -0.00155664 -0.000434347 0.999999 0.0161392
0.999998 -0.00133999 0.00171056 -1.01887 0.00133939 0.999999 0.00035255 -0.000684375 -0.00171104 -0.000350258 0.999998 0.0175267
0.999997 -0.00106152 0.0020415 -1.15924 0.00106064 0.999999 0.000432622 0.00107593 -0.00204196 -0.000430455 0.999998 0.0188283
0.999997 -0.000714704 0.00232624 -1.29891 0.000713255 1 0.000623915 0.00242727 -0.00232668 -0.000622254 0.999997 0.0212195
0.999996 -0.000433706 0.00261663 -1.45416 0.000431963 1 0.000666769 -0.0110428 -0.00261692 -0.000665636 0.999996 0.0268872
0.999996 0.000164899 0.00276278 -1.63471 -0.000166411 1 0.000546949 -0.0183226 -0.00276269 -0.000547406 0.999996 0.0305039
0.999995 0.00109346 0.00281115 -1.83366 -0.00109487 0.999999 0.000500575 -2.6305e-05 -0.0028106 -0.000503651 0.999996 0.0318168
0.999994 0.00171696 0.00299125 -2.04726 -0.00171896 0.999998 0.000664057 0.0101055 -0.0029901 -0.000669195 0.999995 0.0370798
0.999994 0.00210505 0.0027495 -2.26337 -0.00210788 0.999997 0.00102935 0.0205595 -0.00274732 -0.00103514 0.999996 0.0475127
0.999991 0.00322507 0.00267954 -2.45656 -0.00322808 0.999994 0.00111786 0.0290048 -0.00267592 -0.0011265 0.999996 0.0540622
0.999984 0.00469221 0.00311685 -2.69166 -0.00469605 0.999988 0.00122477 0.0297842 -0.00311106 -0.00123939 0.999994 0.0559506
0.999973 0.00643474 0.00350448 -2.9324 -0.00643997 0.999978 0.00148222 0.0357534 -0.00349487 -0.00150475 0.999993 0.0616931
0.999962 0.00794391 0.00361125 -3.1631 -0.00795062 0.999967 0.00184834 0.0396142 -0.00359645 -0.00187698 0.999992 0.0716244
0.999953 0.00885789 0.00397955 -3.42891 -0.0088668 0.999958 0.00222465 0.0391218 -0.00395967 -0.00225983 0.99999 0.0843019
0.999933 0.0103725 0.00523195 -3.69438 -0.0103863 0.999943 0.00260596 0.0399941 -0.00520462 -0.00266013 0.999983 0.0875121
0.999913 0.0120101 0.00553229 -3.96901 -0.0120249 0.999924 0.00265845 0.0411343 -0.00549994 -0.00272474 0.999981 0.0975189
0.999883 0.0140573 0.0060804 -4.26213 -0.0140716 0.999898 0.00231784 0.0381181 -0.0060472 -0.00240313 0.999979 0.107472
0.999847 0.0160877 0.00692221 -4.54834 -0.0161008 0.999869 0.00183427 0.033442 -0.00689179 -0.00194544 0.999974 0.109831
0.999824 0.0169932 0.00799745 -4.88376 -0.0170045 0.999855 0.00134466 0.0441017 -0.00797344 -0.00148041 0.999967 0.103941
0.999781 0.0188109 0.00912328 -5.19256 -0.018827 0.999821 0.00168203 0.0610372 -0.00909001 -0.00185343 0.999957 0.108693
0.999733 0.0207722 0.0100751 -5.51155 -0.0207983 0.999781 0.00249266 0.0786174 -0.0100211 -0.00270154 0.999946 0.124963
0.999694 0.0222224 0.0108838 -5.84485 -0.022256 0.999748 0.00297172 0.109617 -0.010815 -0.00321304 0.999936 0.141851
0.999654 0.0236959 0.0113834 -6.19427 -0.0237323 0.999714 0.00307521 0.117257 -0.0113073 -0.0033443 0.99993 0.148097
0.999598 0.0261278 0.01098 -6.54868 -0.02616 0.999654 0.00280087 0.119798 -0.010903 -0.00308698 0.999936 0.153852
0.999549 0.0281313 0.0104695 -6.92104 -0.0281594 0.9996 0.00254855 0.111077 -0.0103937 -0.00284222 0.999942 0.164989
0.999497 0.029965 0.0103621 -7.2991 -0.0299862 0.999549 0.00189973 0.125994 -0.0103005 -0.0022095 0.999945 0.170914
0.999431 0.0320563 0.010506 -7.64789 -0.0320727 0.999485 0.00139362 0.136579 -0.0104559 -0.00172978 0.999944 0.17875
0.999373 0.0339512 0.0100422 -8.04185 -0.0339627 0.999423 0.000979243 0.150334 -0.0100032 -0.00131969 0.999949 0.189818
0.999321 0.0354733 0.00991625 -8.44434 -0.0354865 0.999369 0.00115264 0.173502 -0.00986911 -0.00150375 0.99995 0.192195
0.999254 0.0372612 0.010191 -8.83789 -0.0372803 0.999303 0.00168759 0.209868 -0.0101211 -0.00206625 0.999947 0.201658
0.999194 0.0388439 0.0101677 -9.26232 -0.0388644 0.999243 0.0018332 0.25456 -0.0100888 -0.00222688 0.999947 0.216285
0.999096 0.0412652 0.0102182 -9.6866 -0.0412846 0.999146 0.00168678 0.264364 -0.0101399 -0.00210711 0.999946 0.227853
0.99903 0.0427608 0.0105343 -10.1076 -0.0427782 0.999084 0.00143089 0.274925 -0.0104634 -0.00188013 0.999943 0.233476
0.998973 0.04421 0.00988782 -10.5505 -0.0442243 0.999021 0.00123556 0.292331 -0.00982351 -0.00167157 0.99995 0.238375
0.998903 0.0459652 0.00896782 -10.999 -0.0459791 0.998941 0.00134683 0.323328 -0.00889643 -0.00175768 0.999959 0.247788
0.998888 0.0463599 0.00862989 -11.4443 -0.0463756 0.998923 0.00163479 0.363097 -0.00854481 -0.00203319 0.999961 0.260367
0.998823 0.0476768 0.0088667 -11.8839 -0.0476978 0.998859 0.00217517 0.389393 -0.00875288 -0.00259553 0.999958 0.275255
0.998778 0.048601 0.00892585 -12.3379 -0.0486239 0.998814 0.0023665 0.403469 -0.00880026 -0.00279762 0.999957 0.292559
0.998747 0.0493571 0.00832485 -12.8286 -0.0493799 0.998777 0.00255827 0.429541 -0.00818839 -0.00296614 0.999962 0.299303
0.998737 0.0496359 0.00785211 -13.3308 -0.0496607 0.998762 0.00299208 0.458555 -0.00769387 -0.00337824 0.999965 0.313342
0.998749 0.0494524 0.00740238 -13.8157 -0.0494796 0.998769 0.00354067 0.490673 -0.00721817 -0.00390251 0.999966 0.33373
0.998776 0.0490077 0.00676266 -14.2944 -0.0490354 0.998789 0.00399626 0.519372 -0.00655863 -0.00432298 0.999969 0.35621
0.998804 0.0484006 0.00698619 -14.783 -0.0484304 0.998818 0.00416841 0.52594 -0.00677618 -0.00450177 0.999967 0.365675
0.998829 0.0477707 0.00759444 -15.2853 -0.0478037 0.998848 0.00423068 0.544702 -0.00738359 -0.00458877 0.999962 0.372895
0.998845 0.0473031 0.00839576 -15.8081 -0.0473403 0.99887 0.00428841 0.566554 -0.00818342 -0.00468091 0.999956 0.388062
0.99886 0.0467598 0.00962312 -16.3339 -0.0468028 0.998895 0.00429446 0.599563 -0.00941168 -0.00473995 0.999944 0.406402
0.998869 0.046208 0.011173 -16.8702 -0.0462606 0.998919 0.00448783 0.618845 -0.0109535 -0.00499962 0.999928 0.418896
0.998879 0.0459804 0.0112633 -17.4018 -0.0460381 0.998928 0.00491794 0.66267 -0.0110251 -0.00543096 0.999924 0.434284
0.998919 0.0453674 0.0101119 -17.9551 -0.0454232 0.998954 0.00534969 0.689624 -0.00985859 -0.00580323 0.999935 0.445166
0.998955 0.0448188 0.00892382 -18.5156 -0.0448718 0.998976 0.00582852 0.710996 -0.00865345 -0.00622285 0.999943 0.468381
0.998971 0.0445718 0.00834951 -19.0703 -0.0446209 0.998987 0.00579472 0.728229 -0.00808277 -0.00616132 0.999948 0.489156
0.99899 0.0442302 0.00792493 -19.638 -0.044274 0.999005 0.00544 0.743011 -0.00767642 -0.00578537 0.999954 0.495298
0.999022 0.043455 0.00821644 -20.204 -0.0435035 0.999036 0.00581196 0.768144 -0.00795596 -0.00616372 0.999949 0.511534
0.999022 0.0431047 0.00981859 -20.7733 -0.043165 0.99905 0.00601535 0.794599 -0.00954997 -0.00643329 0.999934 0.528431
0.999011 0.042874 0.0117662 -21.3824 -0.0429449 0.99906 0.00583989 0.827117 -0.0115048 -0.00633941 0.999914 0.545565
0.998934 0.0425446 0.0179002 -21.9873 -0.0426563 0.999072 0.00590422 0.850086 -0.0176324 -0.00666149 0.999822 0.561083
0.998483 0.0424065 0.0351312 -22.5788 -0.042702 0.999058 0.00770481 0.868762 -0.0347713 -0.00919329 0.999353 0.597156
0.997697 0.0419796 0.0532678 -23.1708 -0.0426173 0.999032 0.0108926 0.905378 -0.052759 -0.0131376 0.998521 0.635141
0.997199 0.0419399 0.0619275 -23.7519 -0.0430887 0.998921 0.0173325 0.95077 -0.0611337 -0.0199524 0.99793 0.65222
0.997467 0.0423613 0.057147 -24.3828 -0.0436074 0.998833 0.0207374 0.984668 -0.0562018 -0.0231769 0.99815 0.724977
0.998527 0.0424692 0.0337661 -25.0422 -0.0431218 0.998892 0.0188391 1.01645 -0.0329286 -0.0202674 0.999252 0.767737
0.99909 0.0425001 0.0035826 -25.7335 -0.0425489 0.998984 0.0148702 1.0334 -0.00294697 -0.0150091 0.999883 0.762196
0.998933 0.0414596 -0.0203336 -26.4027 -0.0411854 0.999057 0.0137246 1.06069 0.0208834 -0.0128725 0.999699 0.742753
0.998656 0.0395247 -0.0335303 -27.0847 -0.039014 0.999115 0.015752 1.08981 0.0341232 -0.0144226 0.999314 0.743206
0.998752 0.0381324 -0.0322674 -27.7444 -0.0375343 0.999116 0.0189415 1.13079 0.0329611 -0.0177068 0.9993 0.780003
0.999086 0.0367771 -0.0217695 -28.4021 -0.036368 0.99916 0.0188978 1.15202 0.0224463 -0.0180889 0.999584 0.811042
0.999369 0.0352069 -0.00470985 -29.0876 -0.0351394 0.999288 0.0137311 1.16955 0.00518993 -0.013557 0.999895 0.832578
0.99926 0.034141 0.0177015 -29.7859 -0.0342616 0.999391 0.00655665 1.17159 -0.0174669 -0.00715828 0.999822 0.815742
0.998957 0.0318978 0.0326858 -30.4942 -0.0320092 0.999483 0.00289088 1.19018 -0.0325767 -0.00393411 0.999461 0.786871
0.998969 0.0306562 0.0334953 -31.1953 -0.0308054 0.999518 0.00394851 1.22763 -0.0333581 -0.00497627 0.999431 0.801664
0.999244 0.0293594 0.0255006 -31.9669 -0.0295346 0.999542 0.00652213 1.26172 -0.0252974 -0.00727035 0.999654 0.871493
0.999468 0.0293452 0.0142145 -32.7177 -0.0294647 0.999532 0.00827262 1.28134 -0.0139651 -0.00868705 0.999865 0.927665
0.999518 0.0300998 0.00765809 -33.4612 -0.0301507 0.999523 0.00662778 1.29106 -0.00745495 -0.00685548 0.999949 0.96699
0.99949 0.0305224 0.00940621 -34.2181 -0.030571 0.99952 0.00506541 1.3065 -0.00924709 -0.00535038 0.999943 0.95634
0.999423 0.0305747 0.0147716 -34.981 -0.0306529 0.999517 0.00509472 1.33656 -0.0146087 -0.00554457 0.999878 0.960061
0.99935 0.0309468 0.0185061 -35.7509 -0.0310791 0.999493 0.00690378 1.37512 -0.0182831 -0.00747445 0.999805 0.980755
0.999331 0.0310365 0.0193492 -36.5551 -0.0311994 0.99948 0.0081757 1.40585 -0.0190853 -0.00877392 0.999779 1.03425
0.99934 0.0311749 0.0186664 -37.3704 -0.0313344 0.999474 0.00831365 1.43179 -0.0183974 -0.00889306 0.999791 1.06954
0.999362 0.0303969 0.0187355 -38.1711 -0.0305469 0.999503 0.00777072 1.44531 -0.0184899 -0.00833807 0.999794 1.10187
0.999368 0.0284979 0.0212391 -38.986 -0.0286431 0.999568 0.00656413 1.471 -0.0210428 -0.00716834 0.999753 1.13151
0.999371 0.0267468 0.0232682 -39.7852 -0.0268806 0.999624 0.0054591 1.48389 -0.0231134 -0.00608113 0.999714 1.14655
0.999421 0.0251496 0.0229159 -40.6027 -0.0252698 0.999668 0.00497283 1.50641 -0.0227832 -0.00554904 0.999725 1.17616
0.999531 0.0233641 0.0197861 -41.4436 -0.0234402 0.999719 0.0036208 1.53448 -0.0196959 -0.00408289 0.999798 1.21284
0.999622 0.0219087 0.0166069 -42.3026 -0.0219513 0.999756 0.00238727 1.55189 -0.0165506 -0.00275091 0.999859 1.243
0.999667 0.0206133 0.0155088 -43.171 -0.0206459 0.999785 0.00194526 1.56109 -0.0154653 -0.0022648 0.999878 1.27446
0.999698 0.0193534 0.0151495 -44.0335 -0.0193833 0.99981 0.00182842 1.58052 -0.0151113 -0.00212151 0.999884 1.30331
0.999726 0.0181554 0.0147665 -44.898 -0.0181896 0.999832 0.00217954 1.60174 -0.0147244 -0.00244754 0.999889 1.32899
0.999748 0.0168931 0.0148084 -45.7709 -0.0169296 0.999854 0.00234455 1.61327 -0.0147666 -0.00259466 0.999888 1.35646
0.999751 0.0155341 0.016004 -46.6462 -0.0155718 0.999876 0.00223547 1.62071 -0.0159673 -0.00248412 0.999869 1.39107
0.999752 0.0142519 0.0171228 -47.5615 -0.0142964 0.999895 0.00247645 1.64268 -0.0170857 -0.00272063 0.99985 1.41816
0.999789 0.0126164 0.016241 -48.4419 -0.0126604 0.999916 0.0026131 1.64822 -0.0162067 -0.00281817 0.999865 1.44557
0.999834 0.0110327 0.0144842 -49.3307 -0.0110636 0.999937 0.00205615 1.66129 -0.0144606 -0.00221606 0.999893 1.48245
0.999874 0.00950742 0.0126872 -50.2229 -0.009528 0.999953 0.00156202 1.6657 -0.0126718 -0.00168271 0.999918 1.5093
0.999906 0.00780103 0.0112833 -51.1316 -0.00781036 0.999969 0.000783815 1.67948 -0.0112768 -0.000871868 0.999936 1.53927
0.999923 0.00579983 0.0109745 -52.0199 -0.00581344 0.999982 0.001208 1.6833 -0.0109673 -0.00127171 0.999939 1.56945
0.999931 0.00366371 0.0111371 -52.8919 -0.00368163 0.999992 0.00158893 1.68694 -0.0111312 -0.00162983 0.999937 1.61715
0.999937 0.00187443 0.0110754 -53.7642 -0.00190117 0.999995 0.00240433 1.68983 -0.0110708 -0.00242523 0.999936 1.63567
0.999962 -0.00021865 0.00866118 -54.6573 0.000196576 0.999997 0.00254929 1.69352 -0.00866171 -0.00254749 0.999959 1.66437
0.999953 -0.00218606 0.00944564 -55.5281 0.00217188 0.999997 0.00151036 1.6828 -0.00944891 -0.00148977 0.999954 1.70955
0.999875 -0.00426496 0.015227 -56.3814 0.00426402 0.999991 9.39702e-05 1.67356 -0.0152272 -2.90304e-05 0.999884 1.74024
0.999729 -0.00676645 0.0222816 -57.2448 0.00676743 0.999977 3.12432e-05 1.66989 -0.0222813 0.000119555 0.999752 1.76972
0.999692 -0.00862468 0.0232551 -58.1134 0.0086212 0.999963 0.000250171 1.6705 -0.0232564 -4.96071e-05 0.99973 1.79676
0.999788 -0.0102242 0.017898 -58.9754 0.0102158 0.999948 0.000565104 1.66063 -0.0179028 -0.000382143 0.99984 1.83728
0.999857 -0.0117437 0.0121648 -59.8516 0.0117467 0.999931 -0.000173481 1.64692 -0.012162 0.000316354 0.999926 1.87792
0.999845 -0.0133229 0.0115465 -60.7195 0.0133372 0.99991 -0.00115774 1.62639 -0.01153 0.00131155 0.999933 1.90886
0.999769 -0.0149313 0.015453 -61.5742 0.0149545 0.999887 -0.00138644 1.61776 -0.0154306 0.00161721 0.99988 1.94118
0.999675 -0.0167689 0.0191823 -62.4322 0.0167986 0.999858 -0.00138903 1.60499 -0.0191563 0.00171082 0.999815 1.9815
0.999633 -0.0178516 0.0203672 -63.2739 0.0178857 0.999839 -0.00149527 1.59256 -0.0203372 0.001859 0.999791 2.02089
0.999658 -0.0179138 0.019075 -64.1252 0.0179488 0.999838 -0.00166449 1.57704 -0.0190421 0.0020063 0.999817 2.05086
0.999674 -0.0185112 0.0175956 -64.9885 0.0185502 0.999826 -0.00205791 1.55588 -0.0175545 0.00238364 0.999843 2.08037
0.999676 -0.0196137 0.0162151 -65.8633 0.0196386 0.999806 -0.00137615 1.5375 -0.016185 0.00169414 0.999868 2.11302
0.999671 -0.0205116 0.0154091 -66.7186 0.0205308 0.999789 -0.0010929 1.51873 -0.0153834 0.0014089 0.999881 2.15616
0.99966 -0.0209248 0.0155689 -67.5504 0.0209414 0.99978 -0.000902879 1.51048 -0.0155466 0.00122861 0.999878 2.18524
0.999644 -0.0219548 0.0151623 -68.38 0.0219473 0.999759 0.000660786 1.49113 -0.0151732 -0.000327778 0.999885 2.21291
0.999644 -0.0227472 0.0139252 -69.2258 0.0227101 0.999738 0.00282058 1.48223 -0.0139857 -0.00250334 0.999899 2.2517
0.999636 -0.0234207 0.0133908 -70.0597 0.0233798 0.999722 0.00319883 1.45325 -0.0134619 -0.00288459 0.999905 2.30344
0.999555 -0.0241236 0.0175442 -70.9133 0.0241111 0.999709 0.000921172 1.43609 -0.0175613 -0.000497752 0.999846 2.34389
0.999368 -0.0254187 0.0248438 -71.7446 0.0254538 0.999675 -0.00109424 1.41886 -0.0248079 0.00172592 0.999691 2.35735
0.999188 -0.0272008 0.0297074 -72.5974 0.0272363 0.999629 -0.000789807 1.39051 -0.0296749 0.00159829 0.999558 2.37607
0.999044 -0.0282691 0.0333599 -73.4125 0.0282955 0.9996 -0.000318114 1.37062 -0.0333376 0.00126174 0.999443 2.43516
0.998599 -0.0291515 0.0441704 -74.2247 0.0290914 0.999575 0.00200485 1.33972 -0.04421 -0.000717067 0.999022 2.50398
0.997885 -0.0306449 0.057331 -75.0373 0.030426 0.999526 0.00468688 1.3226 -0.0574474 -0.00293261 0.998344 2.56544
0.997708 -0.0326746 0.0592464 -75.8584 0.0324033 0.99946 0.0055342 1.30693 -0.0593952 -0.00360174 0.998228 2.61981
0.998682 -0.0340693 0.0383916 -76.7105 0.0340006 0.999419 0.00244072 1.28322 -0.0384524 -0.00113217 0.99926 2.64088
0.99936 -0.0357712 -0.000370306 -77.5772 0.0357717 0.999359 0.00172276 1.25329 0.000308443 -0.00173491 0.999998 2.64256
0.998649 -0.0374187 -0.0360546 -78.4332 0.0374871 0.999296 0.00122493 1.21534 0.0359834 -0.00257486 0.999349 2.68041
0.998185 -0.0383873 -0.0464102 -79.2695 0.038365 0.999263 -0.00137258 1.17233 0.0464287 -0.000410436 0.998922 2.72199
0.999024 -0.0395339 -0.0196964 -80.0664 0.039441 0.999209 -0.00508047 1.13288 0.0198817 0.00429866 0.999793 2.74387
0.99871 -0.0418392 0.028761 -80.8621 0.0419917 0.999107 -0.00471783 1.09426 -0.0285379 0.00591946 0.999575 2.72754
0.997315 -0.0445888 0.058099 -81.7028 0.044898 0.998983 -0.00402684 1.0711 -0.0578604 0.00662456 0.998303 2.73959
0.997643 -0.0460113 0.050901 -82.5517 0.0462981 0.998918 -0.00446855 1.03637 -0.0506403 0.00681463 0.998694 2.78756
0.998548 -0.0466913 0.0268591 -83.4057 0.0469011 0.998873 -0.00723781 0.980737 -0.0264909 0.00848702 0.999613 2.86716
0.998701 -0.047987 0.0171089 -84.2596 0.0481805 0.998777 -0.0110794 0.915078 -0.0165563 0.0118894 0.999792 2.94536
0.998441 -0.0499564 0.0248885 -85.1241 0.0503138 0.998636 -0.0139475 0.869806 -0.0241578 0.015178 0.999593 2.95698
0.998104 -0.0518222 0.033222 -85.9711 0.0522946 0.99854 -0.013512 0.831409 -0.0324733 0.0152237 0.999357 2.96597
0.998017 -0.0530409 0.0338793 -86.8269 0.0534765 0.998496 -0.0120825 0.793344 -0.0331874 0.0138703 0.999353 3.00736
0.998194 -0.0543841 0.0255161 -87.6826 0.0546762 0.998445 -0.0108941 0.751973 -0.0248839 0.0122695 0.999615 3.05094
0.998291 -0.0560098 0.0166939 -88.5361 0.0561915 0.998364 -0.0106211 0.696289 -0.0160717 0.011541 0.999804 3.10209
0.998269 -0.0573078 0.0132397 -89.412 0.0574524 0.99829 -0.0108113 0.630135 -0.0125975 0.0115532 0.999854 3.14125
0.998161 -0.0588866 0.0144008 -90.2727 0.05905 0.998192 -0.0112009 0.574195 -0.0137152 0.0120307 0.999834 3.1708
0.998085 -0.0593531 0.0174353 -91.1386 0.0595447 0.998168 -0.0106847 0.539351 -0.0167692 0.0117024 0.999791 3.18973
0.997985 -0.0598899 0.0209418 -91.9985 0.0600977 0.998148 -0.00943587 0.492333 -0.0203379 0.0106754 0.999736 3.21735
0.997966 -0.0600255 0.021486 -92.8849 0.0601689 0.99817 -0.00609387 0.452358 -0.0210808 0.00737426 0.999751 3.24432
0.99801 -0.0601025 0.0190478 -93.7619 0.0601677 0.998184 -0.00286506 0.40739 -0.018841 0.00400543 0.999814 3.29964
0.998056 -0.0596694 0.01802 -94.6509 0.0597041 0.998215 -0.00139349 0.359778 -0.0179047 0.00246665 0.999837 3.34851
0.997961 -0.0603872 0.0206607 -95.5297 0.0604145 0.998173 -0.000700685 0.304524 -0.0205806 0.00194746 0.999786 3.37542
0.997739 -0.0619139 0.0261368 -96.3957 0.0619517 0.998079 -0.000639472 0.252801 -0.026047 0.00225724 0.999658 3.42337
0.99748 -0.0635753 0.0314864 -97.2666 0.0636631 0.99797 -0.00179153 0.187965 -0.0313086 0.00379154 0.999503 3.46953
0.997332 -0.0648806 0.0334704 -98.1729 0.0650705 0.99787 -0.00461558 0.133971 -0.0330997 0.0067812 0.999429 3.51471
0.99728 -0.0662285 0.0323616 -99.0742 0.0664863 0.997763 -0.00695417 0.0686662 -0.0318286 0.00908685 0.999452 3.55282
0.997324 -0.0672547 0.0286611 -99.9651 0.0675622 0.997666 -0.0099001 -0.00232402 -0.0279283 0.01181 0.99954 3.59665
0.997355 -0.068352 0.0247349 -100.856 0.0686526 0.997574 -0.0115129 -0.0608351 -0.023888 0.0131805 0.999628 3.6311
0.997325 -0.0698118 0.0216816 -101.744 0.0700835 0.997469 -0.0120368 -0.128054 -0.0207864 0.0135241 0.999692 3.68055
0.997243 -0.0709137 0.0218393 -102.652 0.071186 0.997391 -0.0119541 -0.201078 -0.0209346 0.0134758 0.99969 3.72511
0.997097 -0.0721525 0.024324 -103.558 0.0724517 0.997304 -0.0116524 -0.263884 -0.0234176 0.0133809 0.999636 3.76942
0.996939 -0.0732595 0.0273023 -104.474 0.073605 0.997217 -0.0118716 -0.323052 -0.0263566 0.0138449 0.999557 3.79533
0.996819 -0.0743895 0.0285997 -105.382 0.0747594 0.997128 -0.0120907 -0.393953 -0.0276181 0.0141904 0.999518 3.83585
0.996762 -0.0752631 0.0282932 -106.263 0.0756449 0.997054 -0.012673 -0.466397 -0.0272561 0.0147722 0.999519 3.88119
0.996702 -0.0762345 0.0278053 -107.172 0.0766323 0.996968 -0.013531 -0.53795 -0.0266895 0.0156171 0.999522 3.92216
0.996693 -0.0766955 0.026855 -108.079 0.0770917 0.996925 -0.0140422 -0.616867 -0.0256954 0.0160661 0.999541 3.96868
0.996711 -0.0768628 0.0256589 -109.005 0.0772496 0.996907 -0.0144413 -0.687095 -0.0244695 0.0163759 0.999566 4.00848
0.996767 -0.0764953 0.0245641 -109.915 0.0768681 0.996934 -0.0146104 -0.749282 -0.0233712 0.0164514 0.999591 4.04368
0.996842 -0.0761006 0.0226966 -110.838 0.0764297 0.996977 -0.0139994 -0.819833 -0.0215627 0.0156899 0.999644 4.08554
0.996974 -0.0749622 0.0205976 -111.741 0.0752441 0.997077 -0.0132715 -0.888717 -0.0195425 0.0147812 0.9997 4.13144
0.99702 -0.0740535 0.0216151 -112.678 0.0743453 0.997147 -0.0130251 -0.955082 -0.0205889 0.0145933 0.999682 4.17523
0.996971 -0.0730459 0.0267176 -113.606 0.0733997 0.997224 -0.0125084 -1.01475 -0.0257298 0.0144316 0.999565 4.21018
0.99689 -0.0726454 0.0305344 -114.541 0.0730451 0.997254 -0.0121834 -1.07816 -0.0295655 0.0143759 0.999459 4.25013
0.996996 -0.0713513 0.0301313 -115.47 0.0717572 0.997342 -0.0126083 -1.14966 -0.0291516 0.0147325 0.999466 4.2989
0.997099 -0.0708011 0.0279403 -116.403 0.071186 0.997378 -0.0130284 -1.22414 -0.0269446 0.0149795 0.999525 4.34025
0.997234 -0.0699195 0.0252079 -117.34 0.0702689 0.99744 -0.0132497 -1.28348 -0.024217 0.0149844 0.999594 4.37405
0.997362 -0.0690002 0.0225252 -118.283 0.0693081 0.997508 -0.0131865 -1.33681 -0.0215592 0.0147129 0.999659 4.41789
0.997468 -0.0681671 0.0202798 -119.204 0.0684265 0.997579 -0.0123828 -1.39207 -0.0193866 0.0137392 0.999718 4.46197
0.997534 -0.0674423 0.01941 -120.122 0.067676 0.997639 -0.0116439 -1.45542 -0.0185789 0.0129288 0.999744 4.50465
0.997547 -0.066538 0.0217603 -121.047 0.0667832 0.99771 -0.0107409 -1.52168 -0.0209958 0.0121678 0.999706 4.54764
0.997474 -0.066334 0.0253895 -121.948 0.0666183 0.997723 -0.0105216 -1.57548 -0.0246337 0.0121864 0.999622 4.59296
0.997364 -0.0666728 0.0286384 -122.853 0.0670141 0.99769 -0.0111264 -1.64425 -0.0278304 0.0130162 0.999528 4.64326
0.997362 -0.0667125 0.0285953 -123.768 0.0670826 0.997673 -0.0121831 -1.69971 -0.027716 0.0140692 0.999517 4.68533
0.997461 -0.0662845 0.026044 -124.682 0.066636 0.997694 -0.012864 -1.76082 -0.0251313 0.0145668 0.999578 4.72047
0.997571 -0.0660881 0.0219888 -125.601 0.0663926 0.997703 -0.0134146 -1.81643 -0.0210517 0.0148419 0.999668 4.76635
0.997652 -0.065997 0.0183221 -126.488 0.0662312 0.997726 -0.012488 -1.87835 -0.0174563 0.0136721 0.999754 4.80158
0.997682 -0.0657713 0.0174557 -127.358 0.0659612 0.997767 -0.0105401 -1.9245 -0.0167235 0.011667 0.999792 4.84528
0.997639 -0.0655859 0.0203719 -128.247 0.0657798 0.997794 -0.00899782 -1.97299 -0.0197369 0.0103166 0.999752 4.88713
0.997501 -0.0655228 0.0264338 -129.11 0.0657593 0.997802 -0.00817568 -2.03831 -0.02584 0.00989351 0.999617 4.94076
0.997356 -0.0657869 0.0308845 -129.99 0.0660656 0.997782 -0.00809094 -2.10337 -0.0302838 0.01011 0.99949 4.97321
0.997277 -0.0655481 0.0337988 -130.862 0.0658756 0.99779 -0.00866811 -2.15744 -0.0331559 0.010871 0.999391 5.01718
0.996732 -0.065542 0.0472165 -131.724 0.0659645 0.997794 -0.00744534 -2.20765 -0.0466244 0.0105356 0.998857 5.08991
0.995463 -0.0659607 0.0685782 -132.568 0.066264 0.9978 -0.00215473 -2.26337 -0.0682851 0.00668922 0.997643 5.14951
0.994668 -0.066759 0.0786103 -133.396 0.0669209 0.997758 0.000576082 -2.29338 -0.0784725 0.00468767 0.996905 5.24199
0.995801 -0.0679154 0.0613797 -134.277 0.0681557 0.997673 -0.0018279 -2.353 -0.0611127 0.0060036 0.998113 5.29045
0.99755 -0.0681535 0.0157516 -135.2 0.0682423 0.997655 -0.00516911 -2.41344 -0.0153623 0.00623138 0.999863 5.31357
0.997161 -0.0691756 -0.0297564 -136.108 0.0689506 0.997584 -0.00852589 -2.47758 0.0302743 0.00644996 0.999521 5.33989
0.996375 -0.069657 -0.0488361 -136.994 0.0692429 0.997548 -0.0101234 -2.55188 0.0494216 0.00670512 0.998756 5.34809
0.99715 -0.0703533 -0.0272385 -137.878 0.0701443 0.9975 -0.00855264 -2.61573 0.0277722 0.00661764 0.999592 5.35979
0.997191 -0.0719404 0.0208381 -138.701 0.0720485 0.997391 -0.00448743 -2.67364 -0.0204609 0.00597618 0.999773 5.38626
0.995518 -0.0745031 0.0582468 -139.525 0.0748228 0.997191 -0.00332418 -2.73662 -0.0578355 0.00766747 0.998297 5.40968
0.995352 -0.0768841 0.058002 -140.396 0.0772542 0.997003 -0.00416271 -2.78422 -0.0575081 0.00862426 0.998308 5.4338
0.996501 -0.0774891 0.0313383 -141.296 0.0776831 0.996965 -0.00501833 -2.87108 -0.0308544 0.00743522 0.999496 5.48528
0.996944 -0.0774732 0.0100286 -142.221 0.077531 0.996975 -0.00550952 -2.94099 -0.00957141 0.00627021 0.999935 5.56466
0.996884 -0.0785613 0.00707 -143.134 0.078592 0.996898 -0.00418715 -3.02064 -0.00671912 0.00472975 0.999966 5.60292
0.996654 -0.0797505 0.0178845 -144.004 0.0798047 0.996808 -0.00233576 -3.09699 -0.0176411 0.00375521 0.999837 5.62772
0.996166 -0.0816667 0.0313708 -144.879 0.0817475 0.996652 -0.00130033 -3.16191 -0.0311595 0.00385982 0.999507 5.66042
0.995708 -0.0833567 0.0402198 -145.773 0.0834807 0.996508 -0.00140862 -3.22332 -0.0399619 0.00476015 0.99919 5.71159
0.995647 -0.0847072 0.0388844 -146.667 0.0848525 0.996391 -0.00209876 -3.30907 -0.0385663 0.00538907 0.999242 5.75078
0.99588 -0.0856721 0.0297311 -147.576 0.0858273 0.996302 -0.00398042 -3.38878 -0.0292802 0.00651577 0.99955 5.80502
0.995965 -0.0869276 0.0222977 -148.486 0.087062 0.99619 -0.00512477 -3.46525 -0.0217673 0.00704538 0.999738 5.84844
0.995883 -0.0883358 0.020323 -149.4 0.0884527 0.996068 -0.00492379 -3.54601 -0.0198082 0.00670115 0.999781 5.88743
0.995626 -0.0902808 0.0240336 -150.296 0.0903793 0.995903 -0.00304157 -3.62464 -0.0236605 0.0052004 0.999707 5.92371
0.995287 -0.0924329 0.0293406 -151.197 0.0925239 0.995709 -0.0017579 -3.70367 -0.0290522 0.00446432 0.999568 5.97748
0.994947 -0.0944764 0.0339858 -152.099 0.094579 0.995516 -0.00141973 -3.78207 -0.0336992 0.00462689 0.999421 6.02452
0.994749 -0.096035 0.0353686 -152.99 0.0961756 0.995362 -0.00229213 -3.87569 -0.0349845 0.0056817 0.999372 6.07506
0.994644 -0.0979899 0.0328713 -153.915 0.0981659 0.995163 -0.003777 -3.97529 -0.0323421 0.00698361 0.999452 6.10783
0.994586 -0.0999569 0.0284165 -154.833 0.100115 0.994967 -0.0041809 -4.05821 -0.0278556 0.00700317 0.999587 6.15086
0.994473 -0.101869 0.0254363 -155.759 0.101996 0.994778 -0.00373666 -4.14355 -0.0249228 0.00631041 0.999669 6.19813
0.994316 -0.103546 0.0247851 -156.688 0.103604 0.994618 -0.00108733 -4.23546 -0.0245391 0.003649 0.999692 6.23997
0.99411 -0.105391 0.0252579 -157.596 0.105386 0.99443 0.0015615 -4.34553 -0.0252818 0.00110951 0.99968 6.30447
0.993875 -0.106755 0.0285539 -158.488 0.106734 0.994285 0.00223164 -4.43823 -0.028629 0.000829716 0.99959 6.38168
0.993559 -0.107808 0.034897 -159.405 0.107847 0.994167 0.000772094 -4.53925 -0.0347767 0.00299641 0.999391 6.41695
0.993308 -0.10887 0.0385496 -160.329 0.108968 0.994045 -0.000457052 -4.64131 -0.0382703 0.00465468 0.999257 6.43056
0.993287 -0.109737 0.0365811 -161.261 0.109842 0.993949 -0.000859691 -4.74771 -0.0362654 0.00487205 0.99933 6.46821
0.99339 -0.110486 0.0311168 -162.184 0.110548 0.993871 -0.000253469 -4.84352 -0.0308981 0.00369169 0.999516 6.53258
0.993406 -0.111419 0.0270419 -163.109 0.111463 0.993769 -0.000117154 -4.95254 -0.0268604 0.00313056 0.999634 6.60494
0.993292 -0.112361 0.0273102 -164.038 0.112396 0.993663 0.000238763 -5.05741 -0.027164 0.00283241 0.999627 6.64355
0.993068 -0.113758 0.0295773 -164.968 0.113781 0.993505 0.00092465 -5.15648 -0.0294904 0.00244708 0.999562 6.68146
0.992802 -0.115523 0.0315857 -165.903 0.115521 0.993303 0.00189613 -5.26536 -0.0315933 0.00176634 0.999499 6.71686
0.992518 -0.117919 0.0316708 -166.825 0.117889 0.993023 0.00283132 -5.35936 -0.0317837 0.000923496 0.999494 6.77028
0.992284 -0.120044 0.0310268 -167.751 0.120005 0.992768 0.00311962 -5.47897 -0.0311769 0.000627809 0.999514 6.83323
0.992009 -0.122106 0.0317506 -168.698 0.122113 0.992515 0.00173484 -5.60713 -0.0317248 0.00215619 0.999494 6.89525
0.99169 -0.123526 0.0359586 -169.626 0.12353 0.992339 0.00211957 -5.72991 -0.035945 0.00234002 0.999351 6.90855
0.991119 -0.125709 0.0433642 -170.563 0.125408 0.992059 0.00960604 -5.83457 -0.0442274 -0.00408252 0.999013 6.93882
0.990666 -0.12738 0.0485359 -171.489 0.126681 0.991794 0.0172178 -5.93647 -0.0503309 -0.0109085 0.998673 7.05292
0.990577 -0.128769 0.0466544 -172.414 0.128149 0.991625 0.0160485 -6.05305 -0.0483302 -0.00991858 0.998782 7.16839
0.990734 -0.131173 0.0352219 -173.365 0.130913 0.991347 0.00962198 -6.1722 -0.0361793 -0.00492182 0.999333 7.17528
0.99093 -0.133506 0.0153098 -174.322 0.1335 0.991048 0.00136806 -6.30284 -0.0153554 0.000688213 0.999882 7.17559
0.990828 -0.135096 -0.0028583 -175.279 0.135087 0.990828 -0.00333317 -6.44518 0.00328238 0.00291648 0.99999 7.20288
0.99071 -0.135884 -0.00542215 -176.227 0.135862 0.990719 -0.00424993 -6.58558 0.00594933 0.00347378 0.999976 7.27652
0.990534 -0.136635 0.0131339 -177.16 0.136681 0.990612 -0.00265863 -6.71921 -0.0126473 0.00442862 0.99991 7.35471
0.98953 -0.138653 0.0400593 -178.093 0.138756 0.990327 0.000224749 -6.85074 -0.039703 0.00533606 0.999197 7.3598
0.988565 -0.14145 0.0522588 -179.033 0.14157 0.989927 0.00141827 -6.98342 -0.0519331 0.00599621 0.998633 7.34952
0.988737 -0.143228 0.0434222 -179.977 0.143298 0.989678 0.00151421 -7.10366 -0.0431909 0.00472514 0.999056 7.40506
0.989195 -0.144164 0.0266569 -180.949 0.144223 0.989545 -0.00028826 -7.24993 -0.0263367 0.00412969 0.999645 7.50689
0.98931 -0.145071 0.0148111 -181.913 0.145115 0.989413 -0.00192606 -7.3965 -0.0143749 0.00405478 0.999888 7.56367
0.989095 -0.146708 0.0129551 -182.875 0.146747 0.989172 -0.00207298 -7.53826 -0.0125107 0.0039515 0.999914 7.57731
0.988716 -0.148688 0.0182099 -183.827 0.148702 0.988882 0.000616306 -7.67475 -0.0180991 0.0020985 0.999834 7.59666
0.988318 -0.15039 0.0247255 -184.781 0.150314 0.988626 0.00490218 -7.80829 -0.0251815 -0.00112832 0.999682 7.64295
0.988066 -0.15186 0.0257537 -185.749 0.151719 0.988396 0.00737803 -7.96159 -0.0265752 -0.00338267 0.999641 7.69602
0.987958 -0.153185 0.0217371 -186.721 0.153069 0.988191 0.00692413 -8.10051 -0.022541 -0.00351349 0.99974 7.74524
0.987765 -0.15487 0.0182958 -187.692 0.154786 0.98793 0.00594659 -8.24883 -0.0189959 -0.00304191 0.999815 7.77767
0.987475 -0.156388 0.0208537 -188.643 0.156323 0.987695 0.00472149 -8.40858 -0.0213355 -0.00140243 0.999771 7.84881
0.986807 -0.158355 0.0337057 -189.6 0.158265 0.987382 0.0053448 -8.57279 -0.0341268 6.01532e-05 0.999418 7.90045
0.985882 -0.161337 0.0447953 -190.567 0.161217 0.986899 0.00629718 -8.73345 -0.0452244 0.00101348 0.998976 7.94704
0.985517 -0.163974 0.0432382 -191.522 0.163901 0.986463 0.00523482 -8.87806 -0.0435112 0.0019278 0.999051 7.97914
0.985669 -0.166098 0.0294573 -192.466 0.166121 0.986104 0.00170977 -9.03727 -0.029332 0.00320819 0.999565 8.0473
0.98565 -0.167825 0.0181506 -193.412 0.167888 0.985804 -0.00198988 -9.20741 -0.017559 0.00500859 0.999833 8.11377
0.985346 -0.169855 0.0155666 -194.369 0.169935 0.985447 -0.00392723 -9.38212 -0.014673 0.00651498 0.999871 8.15856
0.984856 -0.172315 0.0191283 -195.294 0.172421 0.985015 -0.00404451 -9.53877 -0.0181447 0.00728137 0.999809 8.18651
0.984315 -0.17477 0.0240608 -196.224 0.174902 0.98458 -0.00345627 -9.68797 -0.0230857 0.00761033 0.999705 8.23031
0.983826 -0.177157 0.0264996 -197.147 0.177265 0.984162 -0.00174763 -9.86025 -0.0257703 0.00641682 0.999647 8.26466
0.98347 -0.179262 0.0255296 -198.074 0.179339 0.983787 -0.000747406 -10.0385 -0.0249817 0.00531351 0.999674 8.31654
0.983274 -0.180664 0.0230933 -198.992 0.18074 0.98353 -0.00124287 -10.2072 -0.0224884 0.00539597 0.999733 8.37057
0.982855 -0.182754 0.0244498 -199.9 0.182877 0.983132 -0.00287658 -10.3706 -0.0235117 0.00729858 0.999697 8.42893
0.982249 -0.185048 0.0307191 -200.797 0.185228 0.982691 -0.00307411 -10.553 -0.0296185 0.00870955 0.999523 8.45689
0.981635 -0.187629 0.0344591 -201.694 0.187799 0.982206 -0.00175839 -10.7141 -0.033516 0.0081975 0.999405 8.49454
0.9814 -0.18959 0.0301579 -202.6 0.189693 0.981843 -0.000565072 -10.8806 -0.0295032 0.00627532 0.999545 8.53488
0.981255 -0.191513 0.0214761 -203.497 0.191567 0.981479 -0.000504244 -11.0548 -0.0209818 0.00460891 0.999769 8.61268
0.980932 -0.19312 0.0218389 -204.374 0.193218 0.981153 -0.00246148 -11.245 -0.020952 0.00663422 0.999758 8.68473
0.979931 -0.194775 0.0424033 -205.214 0.194792 0.980837 0.003779 -11.4126 -0.0423268 0.00455666 0.999093 8.68726
0.977887 -0.197951 0.0674763 -206.099 0.197296 0.980208 0.0163054 -11.5751 -0.0693685 -0.002632 0.997588 8.7558
0.976848 -0.20066 0.0741866 -206.961 0.199604 0.979642 0.0214561 -11.7215 -0.0769817 -0.00615136 0.997014 8.88276
0.978073 -0.202376 0.0491717 -207.865 0.202019 0.979306 0.012195 -11.9057 -0.0506221 -0.00199401 0.998716 8.92522
0.978888 -0.204336 0.00505088 -208.782 0.204342 0.978899 -0.000611386 -12.1127 -0.00481937 0.00163058 0.999987 8.89459
0.977849 -0.206674 -0.0331331 -209.694 0.206474 0.978407 -0.00937224 -12.306 0.0343547 0.0023235 0.999407 8.90949
0.977061 -0.208417 -0.043742 -210.575 0.208049 0.978034 -0.0128433 -12.5027 0.0454579 0.00344818 0.99896 8.96074
0.977594 -0.209897 -0.0159159 -211.422 0.209788 0.977712 -0.00829515 -12.6874 0.0173023 0.00477033 0.999839 9.00107
0.976704 -0.211974 0.03342 -212.257 0.212059 0.977256 0.00102621 -12.8868 -0.0328774 0.00608471 0.999441 9.03176
0.974539 -0.214194 0.0662994 -213.116 0.214383 0.97674 0.0043318 -13.066 -0.0656851 0.00999197 0.99779 9.05641
0.974572 -0.216218 0.0588114 -214.017 0.216452 0.97629 0.00244072 -13.2556 -0.0579447 0.0103512 0.998266 9.0681
0.975782 -0.217257 0.0254731 -214.93 0.21735 0.976093 -0.000912273 -13.4525 -0.0246659 0.00642677 0.999675 9.11888
0.975978 -0.217868 -0.000357622 -215.834 0.217866 0.975973 -0.00345856 -13.6616 0.00110254 0.00329757 0.999994 9.2027
0.975883 -0.218295 0.000515067 -216.735 0.218295 0.975875 -0.00400867 -13.8735 0.000372433 0.00402443 0.999992 9.24795
0.975414 -0.219531 0.0193454 -217.621 0.219617 0.975583 -0.00241708 -14.0804 -0.0183424 0.00660624 0.99981 9.25622
