1 0 0 0 0 1 0 0 0 0 1 0
1 2.46629e-05 -2.48008e-05 -0.00052867 -2.46626e-05 1 1.11994e-05 0.00347253 2.4801e-05 -1.11987e-05 1 0.0010172
1 -1.43272e-05 -5.23465e-05 0.000631498 1.43283e-05 1 1.96602e-05 0.00227077 5.23462e-05 -1.9661e-05 1 0.0013795
1 -5.19755e-05 -4.5786e-05 0.00121881 5.19768e-05 1 2.75951e-05 0.00168908 4.57846e-05 -2.75975e-05 1 0.000354315
1 -5.92545e-08 -5.25621e-05 0.00305341 5.9713e-08 1 8.72251e-06 0.00226876 5.25621e-05 -8.72252e-06 1 0.00227986
1 3.25067e-05 -4.86584e-05 0.00205394 -3.25071e-05 1 -6.9272e-06 0.000868614 4.86582e-05 6.92878e-06 1 0.00254359
1 1.69107e-05 -2.5452e-05 0.0010188 -1.69107e-05 1 1.07055e-06 -0.00022136 2.5452e-05 -1.07012e-06 1 0.000713319
1 -1.79445e-05 -1.34044e-05 0.000298862 1.79444e-05 1 -1.34805e-06 0.00166083 1.34045e-05 1.34781e-06 1 0.000688866
1 -2.36566e-05 -1.00757e-05 -0.00106093 2.36565e-05 1 -2.52602e-06 0.00358818 1.00758e-05 2.52578e-06 1 0.000596947
1 -4.8549e-06 -3.7258e-05 -0.00137295 4.85472e-06 1 -4.86135e-06 0.00248896 3.72581e-05 4.86117e-06 1 0.00207954
1 -1.41881e-05 -3.59199e-05 -0.000454049 1.41885e-05 1 1.17151e-05 0.00148963 3.59197e-05 -1.17156e-05 1 0.00184228
1 -3.4975e-05 -7.4401e-06 -0.00427312 3.4975e-05 1 9.14882e-06 0.000896034 7.43978e-06 -9.14908e-06 1 0.0014084
1 -1.15963e-06 -1.3994e-05 -0.00301314 1.15975e-06 1 9.057e-06 -0.00133085 1.39939e-05 -9.05701e-06 1 0.000542534
1 -6.89479e-07 -1.3594e-05 -0.00116144 6.89634e-07 1 1.14266e-05 -4.93438e-05 1.3594e-05 -1.14266e-05 1 0.000679836
1 5.04159e-06 -3.3521e-05 0.00242018 -5.04126e-06 1 9.99889e-06 0.00359607 3.35211e-05 -9.99872e-06 1 0.000977524
1 -2.88407e-06 -1.07432e-05 -0.000286813 2.8841e-06 1 2.36564e-06 0.00135763 1.07432e-05 -2.36567e-06 1 0.00101739
1 -6.49606e-06 -2.28829e-05 -0.0022961 6.49632e-06 1 1.15589e-05 0.00131364 2.28828e-05 -1.1559e-05 1 0.00113013
1 3.09435e-06 -1.17891e-05 -0.000235498 -3.09427e-06 1 6.2541e-06 0.00112096 1.17891e-05 -6.25406e-06 1 5.77136e-05
1 -2.93986e-05 -8.40251e-06 -0.00106875 2.93986e-05 1 -3.84234e-06 0.00492476 8.40263e-06 3.84209e-06 1 -0.00037878
1 -1.37546e-05 -3.39062e-05 -0.000992647 1.37545e-05 1 -2.68141e-06 0.00446628 3.39062e-05 2.68094e-06 1 0.0016982
1 -6.73616e-06 -2.03984e-05 -0.00138599 6.73649e-06 1 1.59388e-05 0.000203835 2.03983e-05 -1.59389e-05 1 0.000392232
1 3.70687e-06 -1.81228e-05 0.00130489 -3.70666e-06 1 1.17836e-05 0.00212833 1.81229e-05 -1.17835e-05 1 0.00010869
1 -9.73219e-06 -3.85443e-05 0.0014301 9.73248e-06 1 7.51423e-06 0.00311419 3.85442e-05 -7.5146e-06 1 0.000993077
1 -2.12007e-05 -2.53846e-05 -0.000315716 2.12008e-05 1 5.49859e-06 0.00403536 2.53844e-05 -5.49913e-06 1 0.000486747
1 7.45858e-06 -2.31971e-05 9.75104e-05 -7.45813e-06 1 1.93023e-05 -0.00117802 2.31972e-05 -1.93021e-05 1 0.000500075
1 -2.24261e-05 -2.40338e-05 -0.00259926 2.24263e-05 1 6.50398e-06 -3.97295e-05 2.40337e-05 -6.50452e-06 1 0.00129475
1 -6.11451e-05 3.62691e-06 -0.00409216 6.11451e-05 1 5.11206e-06 0.00625548 -3.62722e-06 -5.11183e-06 1 -0.000496862
1 1.14395e-05 -3.92161e-05 9.49443e-06 -1.14388e-05 1 1.6062e-05 0.000830071 3.92163e-05 -1.60616e-05 1 0.000888978
1 -2.27234e-05 -5.47234e-06 -0.00301025 2.27235e-05 1 1.94361e-05 0.00119288 5.4719e-06 -1.94362e-05 1 -0.000295687
1 -2.10634e-05 -1.23334e-05 -0.00065632 2.10634e-05 1 2.99735e-06 0.00359133 1.23333e-05 -2.99761e-06 1 -1.78099e-05
1 -5.16737e-06 -4.68472e-05 0.00129473 5.168e-06 1 1.33341e-05 0.00297775 4.68472e-05 -1.33343e-05 1 0.00120794
1 -6.54548e-06 -3.80285e-05 -0.000687514 6.54584e-06 1 9.26329e-06 0.00102347 3.80284e-05 -9.26354e-06 1 0.00174045
1 -1.7135e-05 -3.41482e-05 -0.000345821 1.71348e-05 1 -3.93465e-06 0.00274308 3.41483e-05 3.93406e-06 1 0.00177742
1 -6.87317e-06 -1.11487e-05 -0.000634304 6.87333e-06 1 1.37432e-05 0.00123498 1.11487e-05 -1.37433e-05 1 -0.000259163
1 -6.67251e-06 1.97292e-06 -0.000197137 6.6725e-06 1 3.26101e-06 0.00236839 -1.97295e-06 -3.261e-06 1 -0.000754496
1 -3.1399e-05 -7.91318e-06 -0.00252246 3.13991e-05 1 8.94451e-06 0.00231202 7.9129e-06 -8.94476e-06 1 -0.000399722
1 5.14875e-06 -4.79836e-05 0.00447369 -5.14798e-06 1 1.59404e-05 0.00181716 4.79837e-05 -1.59402e-05 1 0.00114606
1 -6.08912e-06 -5.60135e-06 9.3321e-06 6.08922e-06 1 1.84739e-05 0.00176737 5.60124e-06 -1.84739e-05 1 -0.000126103
1 9.70332e-07 -1.14283e-06 -0.00177562 -9.70326e-07 1 5.41424e-06 -0.000305661 1.14283e-06 -5.41424e-06 1 -0.000241069
1 8.8121e-06 -1.47892e-05 -0.000124381 -8.8121e-06 1 2.14494e-07 0.00110059 1.47892e-05 -2.14364e-07 1 0.000480362
1 -1.22328e-05 -2.3769e-05 0.000610916 1.22331e-05 1 1.18827e-05 0.00348716 2.37689e-05 -1.1883e-05 1 0.000525661
1 -8.48794e-06 -1.22891e-05 0.00139909 8.48817e-06 1 1.85811e-05 0.000725988 1.2289e-05 -1.85813e-05 1 -0.000636669
1 -3.33965e-05 -1.52636e-05 -0.00358056 3.33966e-05 1 9.86136e-06 0.00186064 1.52632e-05 -9.86187e-06 1 -0.000117676
1 7.86938e-06 -2.28896e-06 -0.00226266 -7.86933e-06 1 1.94163e-05 -0.00139382 2.28911e-06 -1.94163e-05 1 -0.000780467
1 -7.39621e-06 3.46307e-06 -0.000993844 7.39623e-06 1 -6.29996e-06 0.00391777 -3.46302e-06 6.29998e-06 1 -0.000799727
1 -1.17801e-05 -1.13236e-05 0.000261418 1.17802e-05 1 3.38709e-06 0.00135649 1.13236e-05 -3.38722e-06 1 0.000369623
1 3.25971e-05 -2.96748e-05 0.00588559 -3.25965e-05 1 1.98902e-05 -2.04403e-06 2.96754e-05 -1.98892e-05 1 0.000652428
1 -7.01146e-06 -2.07154e-05 0.00193094 7.01194e-06 1 2.33143e-05 -0.00055404 2.07152e-05 -2.33144e-05 1 -0.000337174
1 -1.64295e-05 -2.37991e-05 -0.000525319 1.64299e-05 1 1.7489e-05 -0.00154364 2.37988e-05 -1.74894e-05 1 -0.000550163
1 1.89016e-05 -2.36398e-05 0.000705172 -1.89014e-05 1 8.44558e-06 -0.000987327 2.364e-05 -8.44513e-06 1 -0.000107991
1 -3.13252e-05 -3.70462e-05 -0.00213836 3.13257e-05 1 1.30072e-05 0.0015418 3.70458e-05 -1.30084e-05 1 0.00102323
1 -7.52046e-06 -2.71473e-05 -0.000736821 7.52091e-06 1 1.6254e-05 0.0019698 2.71471e-05 -1.62542e-05 1 0.000813224
1 6.49877e-06 -3.47889e-05 0.00197807 -6.49863e-06 1 3.85856e-06 0.00119719 3.47889e-05 -3.85833e-06 1 0.00162335
1 1.85467e-05 -4.07537e-05 0.00120846 -1.85461e-05 1 1.31265e-05 -0.00187346 4.07539e-05 -1.31257e-05 1 0.0016501
1 1.21267e-06 -2.21054e-05 -0.000141104 -1.21248e-06 1 8.36951e-06 0.0017054 2.21054e-05 -8.36949e-06 1 0.0010609
1 4.61872e-06 -2.5002e-05 0.00285278 -4.61861e-06 1 4.48945e-06 0.00471863 2.5002e-05 -4.48934e-06 1 0.000334212
1 -2.46012e-06 -1.7572e-05 0.00150817 2.46017e-06 1 3.01176e-06 0.0024352 1.7572e-05 -3.0118e-06 1 0.000409395
1 3.50921e-05 -2.2936e-05 0.00193366 -3.50915e-05 1 2.50286e-05 -0.00174051 2.29368e-05 -2.50278e-05 1 -5.93176e-05
1 -1.40478e-05 -3.64314e-05 -3.69188e-05 1.40482e-05 1 1.1723e-05 0.00344358 3.64312e-05 -1.17236e-05 1 0.000577864
1 1.2019e-05 -4.22956e-05 0.0023926 -1.20187e-05 1 5.7554e-06 0.00181825 4.22957e-05 -5.75489e-06 1 0.00116434
1 1.99654e-05 -2.76112e-05 0.00311255 -1.99651e-05 1 1.10302e-05 0.00405481 2.76115e-05 -1.10297e-05 1 0.000809792
1 2.69579e-05 -2.02902e-05 0.00535632 -2.69579e-05 1 2.73974e-07 0.00220206 2.02902e-05 -2.73427e-07 1 0.000675099
1 6.66884e-05 -7.10128e-05 0.0165715 -6.66879e-05 1 6.4555e-06 0.00500119 7.10132e-05 -6.45076e-06 1 0.00148034
1 0.000101596 -4.47404e-05 0.0218419 -0.000101596 1 -2.86953e-06 0.00309553 4.47401e-05 2.87407e-06 1 0.00270674
1 0.000129756 2.04944e-05 0.0158327 -0.000129756 1 -4.39082e-07 -0.00258352 -2.04945e-05 4.36423e-07 1 0.00143668
1 0.000103124 1.00301e-05 0.00952604 -0.000103124 1 -1.13012e-05 0.00170476 -1.00312e-05 1.13002e-05 1 0.00122705
1 -6.78581e-05 -3.61736e-06 -0.0106984 6.78582e-05 1 9.48787e-06 0.00312857 3.61672e-06 -9.48811e-06 1 0.000473912
1 -0.000124139 -9.47132e-06 -0.0181373 0.000124139 1 -1.14519e-05 0.00472536 9.47274e-06 1.14508e-05 1 0.00251818
1 -0.000180152 1.7185e-05 -0.0278038 0.000180152 1 -2.95048e-05 0.00562582 -1.71797e-05 2.95079e-05 1 0.00305972
1 -0.000237859 9.12715e-06 -0.0366781 0.000237859 1 -1.65206e-05 0.00383695 -9.12322e-06 1.65228e-05 1 0.00356466
1 -0.000249631 3.14563e-05 -0.0389062 0.000249633 1 -4.22988e-05 0.000115749 -3.14457e-05 4.23067e-05 1 0.00739515
1 -0.000312026 0.000318266 -0.0589234 0.000312066 1 -0.00012557 -0.00779148 -0.000318227 0.00012567 1 0.00787935
1 -0.000428635 0.000440896 -0.0796092 0.00042871 1 -0.000170863 -0.00855601 -0.000440823 0.000171052 1 0.00928105
1 -0.000659242 0.000429234 -0.118707 0.000659311 1 -0.00016053 -0.00822326 -0.000429128 0.000160813 1 0.00890546
0.999999 -0.00149387 0.00048624 -0.229016 0.00149395 0.999999 -0.000175266 0.0118185 -0.000485978 0.000175993 1 0.0092454
0.999997 -0.00215852 0.000601163 -0.32625 0.00215862 0.999998 -0.000172321 0.0306037 -0.000600789 0.000173618 1 0.00642229
0.999997 -0.00235935 0.000760277 -0.375585 0.0023595 0.999997 -0.000191907 0.025629 -0.000759822 0.000193701 1 0.00535723
0.999996 -0.00262292 0.00098989 -0.426545 0.00262318 0.999997 -0.000262138 0.029401 -0.000989199 0.000264734 0.999999 0.00444555
0.999994 -0.00341534 0.00114277 -0.50161 0.00341569 0.999994 -0.000301875 0.0465944 -0.00114173 0.000305776 0.999999 0.00310234
0.999989 -0.00450199 0.00137676 -0.6119 0.0045025 0.99999 -0.000367725 0.0680498 -0.00137509 0.00037392 0.999999 0.00115788
0.999983 -0.00565804 0.00146655 -0.739258 0.00565861 0.999984 -0.000385725 0.0683257 -0.00146434 0.000394017 0.999999 0.00530836
0.999977 -0.00668859 0.00139681 -0.846443 0.00668921 0.999978 -0.000437397 0.0839032 -0.00139385 0.000446731 0.999999 0.0175238
0.999969 -0.00770427 0.00151268 -0.973281 0.00770496 0.99997 -0.000452262 0.121014 -0.00150915 0.000463903 0.999999 0.0170299
0.999963 -0.00846334 0.00150433 -1.06155 0.00846393 0.999964 -0.000383969 0.135952 -0.00150103 0.000396687 0.999999 0.014921
0.999953 -0.00947851 0.00181105 -1.16284 0.0094794 0.999955 -0.000481373 0.149109 -0.00180641 0.000498518 0.999998 0.0132738
0.999938 -0.0109469 0.00207082 -1.3309 0.0109481 0.99994 -0.000575337 0.199212 -0.0020644 0.000597973 0.999998 0.0165191
0.99992 -0.0124296 0.00224533 -1.49887 0.012431 0.999923 -0.000604509 0.230501 -0.00223764 0.000632372 0.999997 0.0153126
0.999902 -0.0137977 0.00231976 -1.63035 0.0137992 0.999905 -0.000638141 0.265483 -0.00231073 0.000670089 0.999997 0.0191464
0.999883 -0.0151422 0.00228728 -1.76568 0.0151436 0.999885 -0.000622471 0.297083 -0.00227759 0.000657036 0.999997 0.0158411
0.999862 -0.0164236 0.00248322 -1.93674 0.0164252 0.999865 -0.000614273 0.307804 -0.00247279 0.000654976 0.999997 0.0153552
0.999837 -0.0178738 0.00270807 -2.12316 0.0178754 0.99984 -0.000598577 0.325213 -0.00269694 0.000646887 0.999996 0.0114703
0.99981 -0.0192951 0.00282641 -2.30845 0.0192971 0.999814 -0.000667607 0.361433 -0.002813 0.000722022 0.999996 0.0132966
0.999859 -0.0165365 0.00291486 -2.55444 0.016538 0.999863 -0.000517911 0.314744 -0.0029059 0.000566044 0.999996 0.0041812
0.999935 -0.0111282 0.00266848 -2.7891 0.0111288 0.999938 -0.000221539 0.228136 -0.00266585 0.000251221 0.999996 -0.002975
0.999977 -0.00634061 0.00253912 -3.00779 0.00634081 0.99998 -7.12646e-05 0.168075 -0.00253862 8.73631e-05 0.999997 -0.00504539
0.999995 -0.00215597 0.00246156 -3.19617 0.00215562 0.999998 0.000144506 0.0990806 -0.00246186 -0.000139199 0.999997 -0.0107811
0.999997 0.000349444 0.00225334 -3.45795 -0.000349904 1 0.000203765 0.0481508 -0.00225327 -0.000204553 0.999997 0.000116124
0.999993 0.00331368 0.0017511 -3.65305 -0.00331446 0.999994 0.000443693 -0.00868848 -0.00174962 -0.000449494 0.999998 0.00612668
0.999996 0.00220646 0.00168038 -3.82839 -0.0022071 0.999997 0.000384317 0.0200696 -0.00167953 -0.000388025 0.999999 0.0179738
0.999998 -0.000435197 0.00185142 -3.98499 0.000434613 1 0.000316086 0.0561739 -0.00185156 -0.000315281 0.999998 0.0181736
0.999994 -0.00267141 0.00236785 -4.16971 0.00267114 0.999996 0.000113607 0.0842125 -0.00236815 -0.000107281 0.999997 0.0305252
0.999988 -0.00407422 0.00270462 -4.34744 0.00407375 0.999992 0.000180093 0.0946416 -0.00270533 -0.000169073 0.999996 0.0254311
0.999982 -0.00526473 0.00275873 -4.5396 0.0052643 0.999986 0.000163767 0.109929 -0.00275955 -0.000149241 0.999996 0.0321234
0.999972 -0.00693934 0.00288157 -4.73666 0.00693897 0.999976 0.000138949 0.124043 -0.00288246 -0.00011895 0.999996 0.0350124
0.999959 -0.00842784 0.00320334 -4.89959 0.00842762 0.999964 8.16521e-05 0.160889 -0.00320391 -5.46523e-05 0.999995 0.0318817
0.999943 -0.0102149 0.00319855 -5.06195 0.010215 0.999948 -2.0612e-05 0.203411 -0.00319817 5.32841e-05 0.999995 0.0406896
0.99992 -0.0121509 0.00353949 -5.26996 0.0121512 0.999926 -5.78915e-05 0.223121 -0.00353853 0.000100896 0.999994 0.0422403
0.999894 -0.0141087 0.00371919 -5.52554 0.0141091 0.9999 -7.93497e-05 0.233702 -0.0037177 0.000131816 0.999993 0.0443976
0.999861 -0.0162008 0.00402818 -5.74753 0.0162012 0.999869 -6.78991e-05 0.264199 -0.00402655 0.000133151 0.999992 0.0412048
0.999834 -0.0177065 0.00418213 -5.95034 0.0177065 0.999843 2.5895e-05 0.268504 -0.00418193 4.81602e-05 0.999991 0.0329092
0.999881 -0.0147731 0.00438883 -6.18434 0.0147731 0.999891 2.65467e-05 0.230928 -0.00438874 3.8293e-05 0.99999 0.0300997
0.999944 -0.00974534 0.00405104 -6.43744 0.00974519 0.999953 5.63938e-05 0.166609 -0.00405139 -1.69126e-05 0.999992 0.0418048
0.999976 -0.00549353 0.00421691 -6.68582 0.00549247 0.999985 0.000262762 0.0899139 -0.00421829 -0.000239594 0.999991 0.0403972
0.99999 -0.00257925 0.00374035 -6.93989 0.00257819 0.999997 0.000289113 0.0575671 -0.00374108 -0.000279466 0.999993 0.0527495
0.999995 6.94694e-06 0.00306263 -7.21016 -8.10087e-06 1 0.000376765 0.0312349 -0.00306262 -0.000376788 0.999995 0.060873
0.999994 -0.00193273 0.00296332 -7.4339 0.00193172 0.999998 0.000345482 0.0461954 -0.00296399 -0.000339756 0.999996 0.0717272
0.999984 -0.00455312 0.00347367 -7.56499 0.00455195 0.99999 0.000345248 0.0689717 -0.0034752 -0.000329431 0.999994 0.0714325
0.999969 -0.00686117 0.00383383 -7.72719 0.00686042 0.999976 0.000208338 0.104797 -0.00383517 -0.00018203 0.999993 0.0780962
0.999953 -0.00883795 0.00400323 -7.9695 0.0088381 0.999961 -2.12913e-05 0.112594 -0.00400289 5.66713e-05 0.999992 0.0908432
0.999939 -0.0102218 0.00426596 -8.16641 0.0102223 0.999948 -0.000112676 0.122214 -0.00426459 0.000156277 0.999991 0.0888303
0.999917 -0.0119801 0.00477794 -8.37601 0.0119807 0.999928 -9.00315e-05 0.134688 -0.00477652 0.000147267 0.999989 0.0823669
0.999886 -0.0143835 0.00459863 -8.6081 0.0143851 0.999896 -0.000306122 0.117177 -0.00459375 0.000372239 0.999989 0.112202
0.999855 -0.0163552 0.00479161 -8.82528 0.0163575 0.999866 -0.000427733 0.123242 -0.00478397 0.000506049 0.999988 0.121517
0.999826 -0.0178471 0.00539244 -8.99325 0.0178497 0.999841 -0.000439154 0.135036 -0.00538374 0.000535331 0.999985 0.114454
0.999793 -0.0195793 0.00555939 -9.18935 0.0195823 0.999808 -0.000479362 0.133798 -0.00554894 0.000588128 0.999984 0.120703
0.999747 -0.0218012 0.00549021 -9.42041 0.0218048 0.999762 -0.000588133 0.134703 -0.00547608 0.000707697 0.999985 0.141986
0.999708 -0.0234559 0.00581418 -9.59841 0.0234597 0.999725 -0.000584836 0.133958 -0.00579886 0.000721065 0.999983 0.15199
0.999653 -0.0255447 0.00635543 -9.81931 0.0255497 0.999673 -0.000709459 0.141019 -0.00633523 0.000871593 0.99998 0.159261
0.999608 -0.0272425 0.00646807 -10.0161 0.0272483 0.999628 -0.000798479 0.148737 -0.00644391 0.000974409 0.999979 0.158755
0.99957 -0.0285864 0.0065695 -10.1756 0.0285928 0.999591 -0.000890178 0.15351 -0.00654136 0.00107764 0.999978 0.163325
0.999524 -0.0300241 0.00703449 -10.3763 0.0300306 0.999549 -0.000823715 0.155344 -0.00700659 0.00103457 0.999975 0.160283
0.999467 -0.031815 0.00731192 -10.5849 0.0318217 0.999493 -0.000803152 0.161438 -0.00728266 0.0010354 0.999973 0.163215
0.999469 -0.0317477 0.00732311 -10.8332 0.0317545 0.999495 -0.000821565 0.144724 -0.00729333 0.00105367 0.999973 0.170625
0.999512 -0.0302927 0.00766814 -11.0541 0.0303 0.99954 -0.000840207 0.106119 -0.00763917 0.00107214 0.99997 0.175113
0.99955 -0.0289972 0.00773945 -11.2702 0.0290047 0.999579 -0.000854928 0.077233 -0.0077114 0.00107902 0.99997 0.181227
0.99956 -0.028721 0.00741597 -11.5021 0.0287278 0.999587 -0.000815749 0.0525226 -0.00738948 0.00102843 0.999972 0.180171
0.999575 -0.028228 0.00732413 -11.7153 0.0282349 0.999601 -0.000830513 0.0358368 -0.00729776 0.00103696 0.999973 0.184209
0.99953 -0.0298085 0.00718285 -11.9141 0.0298148 0.999555 -0.000772724 0.0399066 -0.00715662 0.000986516 0.999974 0.180406
0.999446 -0.032528 0.00709004 -12.128 0.0325346 0.99947 -0.000816695 0.0556868 -0.00705972 0.00104691 0.999975 0.183409
0.999377 -0.0345951 0.00692813 -12.301 0.0346023 0.999401 -0.000926477 0.0543159 -0.00689192 0.00116563 0.999976 0.191483
0.999348 -0.0356046 0.00597464 -12.4962 0.0356118 0.999365 -0.0011139 0.0434572 -0.00593119 0.00132594 0.999982 0.201188
0.99936 -0.0354752 0.00458519 -12.6971 0.0354828 0.999369 -0.00160442 0.00926341 -0.00452538 0.00176609 0.999988 0.218195
0.999318 -0.0366901 0.0042564 -12.9095 0.0366981 0.999325 -0.00182941 0.000951847 -0.0041864 0.00198436 0.999989 0.216627
0.999239 -0.038767 0.00422389 -13.0842 0.0387752 0.999246 -0.00187605 0.0051184 -0.00414797 0.00203841 0.999989 0.220131
0.999154 -0.040867 0.0045814 -13.2695 0.0408761 0.999162 -0.00190616 0.00725365 -0.00449966 0.00209182 0.999988 0.229789
0.999081 -0.0426578 0.00427303 -13.4608 0.0426664 0.999087 -0.00194336 0.00860091 -0.00418623 0.00212389 0.999989 0.238791
0.99912 -0.0417383 0.00407782 -13.6603 0.0417466 0.999126 -0.0019504 -0.0095552 -0.00399285 0.00211892 0.99999 0.242536
0.99919 -0.0400494 0.00401282 -13.8687 0.0400579 0.999195 -0.00205697 -0.0571979 -0.00392721 0.00221605 0.99999 0.241593
0.999243 -0.0386426 0.00448925 -14.0621 0.0386528 0.99925 -0.0022089 -0.0653367 -0.00440053 0.00238075 0.999987 0.253239
0.999176 -0.0402803 0.00493227 -14.2532 0.0402921 0.999185 -0.00231201 -0.0589304 -0.00483512 0.00250883 0.999985 0.27246
0.999151 -0.04084 0.00537134 -14.4264 0.0408516 0.999163 -0.00206821 -0.0701337 -0.00528238 0.00228588 0.999983 0.2847
0.999118 -0.0415361 0.00622546 -14.6005 0.0415474 0.999135 -0.00169636 -0.0679462 -0.00614961 0.00195351 0.999979 0.288184
0.999062 -0.0428279 0.00639376 -14.7651 0.0428391 0.999081 -0.00162581 -0.0565035 -0.00631825 0.00189819 0.999978 0.293995
0.99901 -0.0440141 0.00651956 -14.932 0.0440253 0.999029 -0.00157542 -0.0409928 -0.00644389 0.00186089 0.999978 0.288933
0.998976 -0.0448069 0.00633963 -15.0981 0.0448199 0.998993 -0.00192352 -0.0463312 -0.00624706 0.00220569 0.999978 0.29818
0.999076 -0.0424979 0.00635335 -15.3249 0.0425134 0.999093 -0.00232365 -0.102471 -0.00624884 0.00259161 0.999977 0.303606
0.999168 -0.0402651 0.00642596 -15.5518 0.0402823 0.999185 -0.00257387 -0.141662 -0.00631708 0.00283058 0.999976 0.30071
0.999127 -0.0413721 0.00572001 -15.7398 0.0413894 0.999139 -0.00295582 -0.140108 -0.00559279 0.00318998 0.999979 0.313704
0.999069 -0.0427948 0.00544519 -15.8963 0.0428125 0.999078 -0.0031617 -0.130434 -0.00530487 0.00339188 0.99998 0.312941
0.999124 -0.0414451 0.00575266 -16.0621 0.0414827 0.999118 -0.00658069 -0.155918 -0.00547485 0.00681356 0.999962 0.304336
0.999154 -0.0408409 0.00479124 -16.2432 0.0408873 0.999114 -0.0100204 -0.178682 -0.00437776 0.0102078 0.999938 0.287869
0.999095 -0.0424442 0.00262106 -16.3872 0.0424704 0.999038 -0.0109255 -0.167618 -0.00215481 0.0110269 0.999937 0.313469
0.999028 -0.043978 0.00293426 -16.5482 0.0440076 0.998971 -0.0109269 -0.169707 -0.0024507 0.0110454 0.999936 0.329676
0.998972 -0.0450644 0.00489959 -16.6801 0.0451145 0.998925 -0.0106261 -0.171121 -0.00441547 0.0108362 0.999932 0.324582
0.998932 -0.045781 0.00623663 -16.8298 0.0458446 0.998894 -0.0104682 -0.184194 -0.00575048 0.010743 0.999926 0.314214
0.998865 -0.047272 0.00583589 -16.9765 0.0473304 0.998826 -0.0103193 -0.191262 -0.00534123 0.0105838 0.99993 0.317071
0.99879 -0.0490366 0.0036985 -17.1052 0.049073 0.99874 -0.0105068 -0.206202 -0.00317862 0.0106756 0.999938 0.339341
0.998715 -0.0506256 0.00215667 -17.2446 0.0506457 0.998661 -0.0105494 -0.213676 -0.00161971 0.0106451 0.999942 0.341215
0.998652 -0.0518861 0.00145223 -17.3717 0.0518986 0.998596 -0.0105711 -0.227652 -0.000901698 0.0106322 0.999943 0.348324
0.998577 -0.0532912 0.00206722 -17.497 0.0533102 0.998522 -0.010545 -0.245441 -0.00150221 0.0106402 0.999942 0.358723
0.998483 -0.054939 0.00359598 -17.6381 0.0549731 0.998436 -0.0102023 -0.261947 -0.00302985 0.0103845 0.999941 0.349525
0.998397 -0.0563393 0.0054583 -17.7662 0.056392 0.998358 -0.0100521 -0.282397 -0.00488301 0.0103438 0.999935 0.350281
0.998305 -0.057891 0.00597721 -17.9034 0.057949 0.998269 -0.0100333 -0.295131 -0.00538603 0.0103626 0.999932 0.351979
0.998105 -0.0613829 0.00436433 -17.9906 0.0614247 0.99806 -0.0101808 -0.279357 -0.00373093 0.0104296 0.999939 0.364206
0.997792 -0.0663165 0.003774 -18.0858 0.0663526 0.997742 -0.0104271 -0.291864 -0.00307399 0.0106545 0.999939 0.367989
0.997641 -0.0685257 0.00402637 -18.2007 0.0685651 0.99759 -0.0106401 -0.316929 -0.00328754 0.0108911 0.999935 0.371737
0.997444 -0.0712891 0.00482299 -18.3345 0.0713369 0.997396 -0.0105921 -0.319441 -0.00405533 0.010909 0.999932 0.367769
0.997152 -0.0751508 0.0063819 -18.4404 0.0752142 0.997114 -0.0103575 -0.324785 -0.00558511 0.010808 0.999926 0.355155
0.996947 -0.0778471 0.00597458 -18.572 0.077907 0.996905 -0.010541 -0.356951 -0.00513551 0.0109743 0.999927 0.373812
0.996713 -0.0808822 0.00470131 -18.697 0.0809289 0.996662 -0.0107826 -0.374982 -0.00381349 0.0111276 0.999931 0.382389
0.996343 -0.0853327 0.00423828 -18.8112 0.0853745 0.996289 -0.0109084 -0.390428 -0.00329171 0.0112304 0.999932 0.388537
0.995941 -0.089854 0.00521758 -18.9382 0.0899065 0.995891 -0.0108854 -0.390194 -0.00421805 0.0113103 0.999927 0.381407
0.99558 -0.0937532 0.00557006 -19.0232 0.0938099 0.995529 -0.0109876 -0.40684 -0.00451504 0.0114616 0.999924 0.38502
0.995241 -0.0972763 0.00573438 -19.1589 0.0973385 0.995181 -0.0118206 -0.438797 -0.00455688 0.0123225 0.999914 0.400818
0.994783 -0.101826 0.00615905 -19.3184 0.101897 0.994715 -0.0125702 -0.470994 -0.00484652 0.0131322 0.999902 0.413274
0.994316 -0.106283 0.00629909 -19.4409 0.106357 0.994243 -0.0130162 -0.487458 -0.00487943 0.0136122 0.999895 0.409062
0.993774 -0.111252 0.00607386 -19.59 0.111322 0.993705 -0.0126033 -0.512426 -0.00463348 0.0132009 0.999902 0.394939
0.993053 -0.117544 0.00548324 -19.6994 0.117603 0.992988 -0.0120531 -0.53556 -0.00402802 0.0126142 0.999912 0.396123
0.992456 -0.122523 0.00434973 -19.8472 0.122567 0.992388 -0.0119867 -0.563482 -0.00284797 0.0124294 0.999919 0.407026
0.991752 -0.128128 0.00343935 -20.0131 0.128162 0.991668 -0.0129721 -0.611833 -0.0017486 0.0133059 0.99991 0.424703
0.990873 -0.134739 0.00390678 -20.176 0.134784 0.99075 -0.0157315 -0.642839 -0.001751 0.0161145 0.999869 0.425344
0.990062 -0.140575 0.00390449 -20.3509 0.140624 0.989873 -0.0193807 -0.661821 -0.00114051 0.0197372 0.999805 0.406337
0.989223 -0.146362 0.00392472 -20.5298 0.146412 0.989006 -0.0207644 -0.680166 -0.00084245 0.0211153 0.999777 0.394842
0.988325 -0.152303 0.00424711 -20.7016 0.152356 0.98815 -0.0186142 -0.724213 -0.00136178 0.0190439 0.999818 0.409192
0.987364 -0.158425 0.00373939 -20.884 0.158466 0.987222 -0.0167509 -0.767134 -0.00103784 0.0171318 0.999853 0.447449
0.986287 -0.164986 0.00424456 -21.0934 0.165027 0.98621 -0.0125261 -0.82638 -0.0021194 0.0130548 0.999913 0.45874
0.985029 -0.172288 0.00588499 -21.2876 0.172346 0.984969 -0.011485 -0.875014 -0.00381781 0.0123273 0.999917 0.460638
0.983567 -0.180404 0.00708515 -21.4886 0.180481 0.9835 -0.0124097 -0.912896 -0.00472947 0.0134845 0.999898 0.44931
0.982157 -0.187934 0.00699976 -21.7026 0.188013 0.982078 -0.0131999 -0.96116 -0.00439359 0.0142805 0.999888 0.445895
0.980716 -0.195332 0.00639276 -21.9216 0.195401 0.980635 -0.0131451 -1.01488 -0.00370131 0.0141407 0.999893 0.453565
0.979017 -0.203648 0.00723737 -22.1623 0.203726 0.978948 -0.0125001 -1.07427 -0.00453938 0.0137123 0.999896 0.461088
0.977242 -0.211994 0.0075696 -22.4144 0.212074 0.977178 -0.0121793 -1.14292 -0.00481492 0.0135074 0.999897 0.467545
0.975397 -0.220292 0.00848698 -22.6387 0.220384 0.975339 -0.0120037 -1.21332 -0.00563337 0.0135788 0.999892 0.466634
0.973314 -0.229284 0.00937878 -22.9028 0.229388 0.97326 -0.0121195 -1.28388 -0.00634918 0.0139474 0.999883 0.481861
0.971126 -0.238345 0.0103208 -23.1751 0.238462 0.971076 -0.0121227 -1.35576 -0.00713289 0.0142338 0.999873 0.489401
0.968985 -0.246884 0.0107563 -23.4374 0.247004 0.968944 -0.0116987 -1.42922 -0.00753401 0.0139927 0.999874 0.489446
0.966698 -0.255714 0.0103022 -23.7246 0.25582 0.966664 -0.010834 -1.51021 -0.00718838 0.0131087 0.999888 0.487648
0.964231 -0.264875 0.0100191 -24.0026 0.264952 0.964234 -0.00735723 -1.59994 -0.00771199 0.00974864 0.999923 0.496653
0.961556 -0.274414 0.0103304 -24.2749 0.27444 0.961604 -0.00109233 -1.69367 -0.00963398 0.00388541 0.999946 0.512754
0.958679 -0.284321 0.00981089 -24.5731 0.28428 0.958726 0.00535063 -1.79548 -0.0109273 -0.0023405 0.999938 0.547221
0.955718 -0.294108 0.0102044 -24.8755 0.294019 0.955754 0.00936796 -1.89046 -0.0125081 -0.00595284 0.999904 0.543041
0.952317 -0.304957 0.00962837 -25.1694 0.304784 0.952285 0.0161415 -1.99868 -0.0140914 -0.0124372 0.999823 0.542844
0.949749 -0.312883 0.00904332 -25.4913 0.312693 0.949687 0.017814 -2.10227 -0.014162 -0.014091 0.9998 0.573824
0.947042 -0.320964 0.00964498 -25.8229 0.32081 0.947029 0.0147162 -2.2349 -0.0138574 -0.0108426 0.999845 0.619994
0.944162 -0.329242 0.012607 -26.1219 0.329186 0.944244 0.00634956 -2.34884 -0.0139946 -0.00184497 0.9999 0.61492
0.941723 -0.336044 0.0152032 -26.4356 0.336059 0.941839 0.00162143 -2.47638 -0.0148639 0.00358225 0.999883 0.583969
0.940001 -0.340816 0.0155453 -26.7395 0.34081 0.940127 0.00315954 -2.59624 -0.0156914 0.00232803 0.999874 0.57828
0.938919 -0.343872 0.0135483 -27.1085 0.343734 0.938996 0.0115328 -2.71495 -0.0166876 -0.00617139 0.999842 0.59562
0.937135 -0.348794 0.0110002 -27.4231 0.348526 0.937069 0.0207733 -2.84889 -0.0175536 -0.0156336 0.999724 0.643757
0.935512 -0.353173 0.00930166 -27.7464 0.352834 0.935311 0.0264896 -2.99828 -0.0180553 -0.0214994 0.999606 0.689683
0.935333 -0.353642 0.00943479 -28.1188 0.353427 0.93527 0.0189534 -3.1278 -0.0155268 -0.0143933 0.999776 0.711964
0.93552 -0.353094 0.0112907 -28.4981 0.352969 0.935562 0.0116914 -3.26365 -0.0146913 -0.00695232 0.999868 0.677896
0.936217 -0.3512 0.0125286 -28.8452 0.351156 0.9363 0.00561008 -3.4017 -0.0137008 -0.000852739 0.999906 0.648054
0.936927 -0.349349 0.0111078 -29.2023 0.349339 0.936992 0.00287161 -3.50994 -0.0114111 0.0011899 0.999934 0.654422
0.938411 -0.3454 0.00916669 -29.5475 0.345345 0.938449 0.00713638 -3.64724 -0.0110674 -0.00353119 0.999933 0.69203
0.940502 -0.339663 0.00918794 -29.9158 0.339577 0.940528 0.00975227 -3.77765 -0.011954 -0.00605202 0.99991 0.740126
0.943007 -0.332607 0.0104852 -30.3153 0.332484 0.943034 0.011895 -3.90874 -0.0138443 -0.00773096 0.999874 0.757719
0.945568 -0.325187 0.012416 -30.7282 0.325067 0.94563 0.0107173 -4.03524 -0.015226 -0.00609787 0.999865 0.753354
0.948066 -0.317791 0.0134022 -31.1228 0.317718 0.948157 0.00732246 -4.15923 -0.0150344 -0.00268406 0.999883 0.75121
0.950519 -0.310366 0.0136768 -31.5088 0.310309 0.950616 0.00621941 -4.28559 -0.0149317 -0.00166762 0.999887 0.761584
0.953514 -0.30106 0.0131725 -31.8836 0.301001 0.953603 0.00628551 -4.39532 -0.0144536 -0.00202839 0.999893 0.790201
0.956368 -0.291883 0.0128059 -32.3176 0.291817 0.95645 0.00681368 -4.50708 -0.014237 -0.0027794 0.999895 0.804921
0.959556 -0.281261 0.0120001 -32.7538 0.281195 0.959626 0.00687849 -4.60746 -0.0134502 -0.00322594 0.999904 0.81689
0.962423 -0.271313 0.011497 -33.1492 0.271248 0.962485 0.00691561 -4.71621 -0.012942 -0.0035372 0.99991 0.829919
0.965476 -0.26025 0.0112681 -33.6096 0.260187 0.965535 0.00670658 -4.82127 -0.0126252 -0.00354321 0.999914 0.853237
0.968274 -0.249685 0.0101592 -34.0255 0.249636 0.968322 0.0059197 -4.9224 -0.0113154 -0.00319579 0.999931 0.85779
0.971178 -0.23816 0.00966176 -34.4784 0.238114 0.971221 0.00567713 -5.00867 -0.0107358 -0.0032129 0.999937 0.864026
0.974026 -0.226251 0.00918964 -34.9326 0.226202 0.974062 0.00607066 -5.08066 -0.0103248 -0.00383426 0.999939 0.880531
0.976491 -0.215361 0.00926062 -35.376 0.215307 0.976525 0.00649329 -5.17429 -0.0104416 -0.00434676 0.999936 0.904176
0.97899 -0.203677 0.00966649 -35.8223 0.203626 0.97903 0.00602062 -5.25618 -0.01069 -0.00392578 0.999935 0.922041
0.98134 -0.192025 0.00988389 -36.2797 0.191985 0.981386 0.00491825 -5.32767 -0.0106443 -0.00292892 0.999939 0.924315
0.983683 -0.179658 0.00954408 -36.763 0.179626 0.983726 0.00411259 -5.3975 -0.0101276 -0.00233112 0.999946 0.937996
0.985671 -0.16842 0.00933892 -37.2317 0.168385 0.985711 0.00439954 -5.46974 -0.00994646 -0.00276397 0.999947 0.951336
0.987477 -0.157563 0.00791346 -37.7198 0.157526 0.987501 0.00514339 -5.52297 -0.00862496 -0.0038324 0.999955 0.965298
0.989145 -0.146787 0.00676562 -38.2207 0.14675 0.989157 0.00573006 -5.57885 -0.00753336 -0.00467501 0.999961 0.971513
0.990735 -0.13567 0.00618885 -38.7086 0.135626 0.990735 0.00707683 -5.63164 -0.00709162 -0.0061719 0.999956 0.999535
0.992229 -0.124318 0.0050936 -39.2071 0.124279 0.992219 0.00746786 -5.68186 -0.00598236 -0.00677681 0.999959 1.0226
0.993365 -0.114904 0.00487391 -39.7224 0.114868 0.993356 0.00707499 -5.73686 -0.00565447 -0.00646819 0.999963 1.03777
0.994367 -0.105858 0.00531113 -40.2405 0.105821 0.994361 0.00697196 -5.77531 -0.00601922 -0.00637066 0.999962 1.02939
0.995089 -0.0988212 0.00575345 -40.7618 0.0987749 0.995079 0.00785183 -5.80515 -0.00650106 -0.00724497 0.999953 1.03747
0.995659 -0.0928953 0.00574899 -41.2665 0.0928432 0.995642 0.00873662 -5.84699 -0.00653553 -0.00816494 0.999945 1.06319
0.996231 -0.0866174 0.00458232 -41.7861 0.0865703 0.996199 0.00963468 -5.88699 -0.00539944 -0.00920168 0.999943 1.07032
0.996729 -0.0807516 0.00312478 -42.3136 0.0807092 0.996667 0.0119026 -5.922 -0.00407552 -0.0116114 0.999924 1.09094
0.997127 -0.0757209 0.00196148 -42.8637 0.0756922 0.99706 0.0119515 -5.95249 -0.00286069 -0.0117687 0.999927 1.11045
0.997504 -0.0706082 0.000774423 -43.4288 0.0705967 0.997453 0.0101893 -5.98742 -0.0014919 -0.0101092 0.999948 1.11639
0.997732 -0.0673027 0.000966794 -43.9588 0.0672923 0.997698 0.00840133 -6.01221 -0.00153 -0.00831722 0.999964 1.12645
0.997954 -0.063909 0.00172503 -44.4981 0.0638957 0.997933 0.00690338 -6.04538 -0.00216265 -0.00677904 0.999975 1.14613
0.99808 -0.0618727 0.00267667 -45.0491 0.0618551 0.998066 0.00620979 -6.08608 -0.00305571 -0.0060323 0.999977 1.14373
0.998188 -0.0601089 0.00292521 -45.6242 0.0600894 0.998173 0.00636283 -6.10856 -0.00330233 -0.00617553 0.999975 1.15692
0.998284 -0.058466 0.00338669 -46.1802 0.0584429 0.998269 0.0065688 -6.14564 -0.00376488 -0.00635959 0.999973 1.1842
0.998329 -0.0576346 0.00414124 -46.7496 0.0576099 0.998322 0.00586153 -6.17187 -0.00447211 -0.00561316 0.999974 1.19392
0.998305 -0.0580724 0.00392377 -47.3235 0.0580521 0.9983 0.00511648 -6.20003 -0.00421422 -0.00488002 0.999979 1.20728
0.998286 -0.0583525 0.00448442 -47.9123 0.0583354 0.99829 0.00385395 -6.24627 -0.00470163 -0.00358574 0.999983 1.2274
0.998256 -0.0588087 0.00519326 -48.4782 0.0587901 0.998264 0.00366946 -6.28563 -0.00540004 -0.00335775 0.99998 1.23852
0.998192 -0.0599118 0.00487534 -49.0375 0.0598879 0.998193 0.00492164 -6.32538 -0.00516139 -0.00462077 0.999976 1.25329
0.998169 -0.0603813 0.00342959 -49.6103 0.0603591 0.998157 0.00625604 -6.34056 -0.00380102 -0.00603758 0.999975 1.28283
0.998152 -0.0606909 0.00312804 -50.1916 0.0606715 0.99814 0.00595558 -6.37443 -0.00348368 -0.00575479 0.999977 1.30169
0.998118 -0.0611557 0.00456717 -50.7716 0.0611315 0.998116 0.00526208 -6.42091 -0.00488037 -0.00497297 0.999976 1.30382
0.998059 -0.0619667 0.00619809 -51.3581 0.0619343 0.998066 0.00529044 -6.44882 -0.00651393 -0.00489629 0.999967 1.31065
0.997998 -0.0628586 0.00699493 -51.9311 0.0628131 0.998004 0.00654106 -6.47929 -0.00739212 -0.00608859 0.999954 1.32037
0.997966 -0.0633926 0.00676138 -52.5238 0.0633329 0.997955 0.00869994 -6.50958 -0.00729906 -0.00825402 0.999939 1.34529
0.997955 -0.0636516 0.00583929 -53.1074 0.0635908 0.997925 0.0100707 -6.55485 -0.00646819 -0.00967882 0.999932 1.37723
0.997932 -0.0640721 0.00512564 -53.7031 0.0640221 0.997904 0.00938028 -6.59146 -0.00571591 -0.00903273 0.999943 1.40579
0.997859 -0.0650858 0.00639249 -54.2889 0.0650317 0.997848 0.00832963 -6.64172 -0.00692088 -0.00789608 0.999945 1.40957
0.997784 -0.0661176 0.007393 -54.8668 0.0660568 0.997782 0.00819425 -6.67541 -0.00791839 -0.00768774 0.999939 1.41661
0.997728 -0.0669496 0.00747359 -55.4563 0.0668812 0.99772 0.00906197 -6.71525 -0.00806324 -0.00854154 0.999931 1.43318
0.997698 -0.0674008 0.00741346 -56.0404 0.0673251 0.997681 0.0100309 -6.7493 -0.00807236 -0.00950871 0.999922 1.4497
0.997652 -0.0681357 0.00694481 -56.6327 0.0680641 0.99763 0.0100723 -6.79557 -0.00761463 -0.00957593 0.999925 1.4844
0.997629 -0.0684925 0.00674387 -57.2307 0.0684282 0.997612 0.0093446 -6.82395 -0.0073678 -0.00886097 0.999934 1.49336
0.997606 -0.0687271 0.00769898 -57.8399 0.0686704 0.997612 0.00740248 -6.86408 -0.00818935 -0.00685606 0.999943 1.50025
0.997568 -0.0691053 0.00912158 -58.4258 0.0690546 0.997596 0.00575611 -6.90968 -0.00949744 -0.00511222 0.999942 1.49986
0.997471 -0.0704391 0.00952998 -59.0195 0.0703988 0.997509 0.00449853 -6.96935 -0.00982311 -0.00381625 0.999944 1.53235
0.997431 -0.070941 0.00998593 -59.6169 0.0708986 0.997473 0.00454287 -7.0184 -0.010283 -0.00382321 0.99994 1.55893
0.997403 -0.071172 0.011002 -60.2375 0.0711205 0.997455 0.00500218 -7.04804 -0.01133 -0.00420672 0.999927 1.58144
0.997343 -0.0719716 0.0113006 -60.8541 0.0719218 0.997399 0.00475113 -7.10281 -0.0116132 -0.00392575 0.999925 1.61195
0.997289 -0.0727537 0.0110323 -61.4566 0.0727109 0.997344 0.00423794 -7.1556 -0.0113114 -0.00342428 0.99993 1.63676
0.99724 -0.0733559 0.0114804 -62.0576 0.0733201 0.997302 0.00350196 -7.19179 -0.0117064 -0.00265055 0.999928 1.64805
0.997122 -0.0748913 0.0117808 -62.6775 0.0748558 0.997188 0.00342799 -7.24118 -0.0120044 -0.00253626 0.999925 1.66031
0.996895 -0.0778677 0.0116913 -63.2921 0.0778253 0.996959 0.00403616 -7.28136 -0.01197 -0.00311375 0.999924 1.6792
0.996656 -0.0809086 0.011422 -63.9036 0.0808543 0.996713 0.0051377 -7.34559 -0.0118001 -0.00419701 0.999922 1.70695
0.996327 -0.0848052 0.0118327 -64.5076 0.0847318 0.996382 0.00656802 -7.3936 -0.0123469 -0.0055413 0.999908 1.74655
0.99597 -0.0887671 0.0127763 -65.1273 0.0886807 0.996034 0.00718381 -7.45641 -0.0133633 -0.00602185 0.999893 1.76348
0.995625 -0.0924643 0.0134374 -65.7485 0.0923792 0.995701 0.00681828 -7.52336 -0.0140101 -0.00554712 0.999886 1.77903
0.995285 -0.0959934 0.0139099 -66.3587 0.0959044 0.995366 0.00692906 -7.58541 -0.0145106 -0.00556237 0.999879 1.79477
0.994843 -0.100688 0.0122427 -66.9726 0.100611 0.994903 0.00673584 -7.6491 -0.0128585 -0.00546935 0.999902 1.80656
0.994369 -0.105461 0.0104322 -67.5914 0.105386 0.994403 0.00747641 -7.71457 -0.0111623 -0.00633489 0.999918 1.83702
0.99385 -0.110344 0.00924941 -68.1934 0.110273 0.99387 0.00786384 -7.77604 -0.0100604 -0.00679552 0.999926 1.86897
0.993338 -0.114953 0.00806021 -68.792 0.114895 0.993351 0.00732085 -7.85006 -0.00884817 -0.006346 0.999941 1.89597
0.992707 -0.120305 0.00768075 -69.411 0.120247 0.992715 0.00752657 -7.92991 -0.00853028 -0.00654809 0.999942 1.90909
0.992048 -0.125537 0.00901755 -70.0122 0.125475 0.992071 0.00715088 -8.01667 -0.00984375 -0.00596255 0.999934 1.93781
0.991329 -0.130981 0.0105356 -70.6035 0.130922 0.991373 0.00619294 -8.10913 -0.0112559 -0.0047599 0.999925 1.95961
0.990526 -0.136899 0.0108559 -71.2083 0.136847 0.990578 0.00535604 -8.1926 -0.0114869 -0.00381968 0.999927 1.96706
0.989664 -0.143009 0.0106452 -71.8122 0.142959 0.989714 0.0052939 -8.27651 -0.0112928 -0.00371735 0.999929 1.9749
0.988676 -0.149738 0.0098986 -72.4122 0.149676 0.988712 0.00674341 -8.38145 -0.0107966 -0.00518547 0.999928 2.00648
0.987629 -0.156565 0.00876376 -72.9947 0.156493 0.987644 0.00834454 -8.47586 -0.00996193 -0.00686984 0.999927 2.03292
0.986626 -0.162804 0.00799734 -73.5825 0.162735 0.986633 0.00857861 -8.57297 -0.00928706 -0.00716243 0.999931 2.05469
0.985567 -0.169085 0.00828842 -74.1768 0.169018 0.985579 0.00815397 -8.68171 -0.0095476 -0.00663539 0.999932 2.06443
0.984473 -0.175342 0.00822673 -74.7698 0.175276 0.984485 0.00821715 -8.80577 -0.0095399 -0.00664762 0.999932 2.08073
0.983258 -0.182064 0.00753783 -75.3592 0.181991 0.983255 0.00937857 -8.91275 -0.00911911 -0.00784973 0.999928 2.09987
0.982014 -0.188693 0.00653551 -75.9247 0.188616 0.981991 0.0108111 -9.02577 -0.00845779 -0.00938394 0.99992 2.12194
0.980721 -0.195308 0.00646587 -76.5036 0.195211 0.980671 0.0133099 -9.13545 -0.00894043 -0.0117911 0.999891 2.14997
0.979466 -0.201515 0.006184 -77.0698 0.201413 0.979405 0.0141194 -9.26236 -0.0089019 -0.0125839 0.999881 2.1842
0.978185 -0.207646 0.00604045 -77.6388 0.207557 0.978139 0.0128504 -9.39259 -0.00857673 -0.0113163 0.999899 2.19736
0.976857 -0.213799 0.00634322 -78.2203 0.213707 0.976815 0.0127605 -9.52876 -0.00892433 -0.0111096 0.999898 2.1846
0.975467 -0.220082 0.00537249 -78.7773 0.219998 0.975413 0.0130613 -9.66461 -0.00811497 -0.011559 0.9999 2.2135
0.974066 -0.226198 0.00539038 -79.3303 0.226112 0.974012 0.0131771 -9.79461 -0.00823093 -0.0116165 0.999899 2.24525
0.972703 -0.231988 0.0055512 -79.8863 0.231905 0.972657 0.0126173 -9.93098 -0.00832649 -0.0109856 0.999905 2.25166
0.971241 -0.238051 0.00465515 -80.4371 0.237984 0.971198 0.01179 -10.0831 -0.0073277 -0.0103431 0.99992 2.2685
0.969691 -0.244295 0.004479 -80.9915 0.244234 0.969654 0.011016 -10.2322 -0.00703422 -0.00958815 0.999929 2.28206
0.968147 -0.250334 0.00483784 -81.5389 0.250267 0.96811 0.011417 -10.3775 -0.00754162 -0.00984257 0.999923 2.30202
0.96645 -0.256767 0.00665901 -82.0756 0.256667 0.966412 0.0130084 -10.5211 -0.00977548 -0.0108629 0.999893 2.32463
0.964617 -0.263532 0.00800852 -82.5939 0.263412 0.964589 0.0135242 -10.6643 -0.011289 -0.0109361 0.999876 2.35747
0.962736 -0.270298 0.00885283 -83.1293 0.270181 0.962728 0.012575 -10.8218 -0.0119219 -0.0097145 0.999882 2.37997
0.961078 -0.276127 0.0090937 -83.6593 0.276031 0.961091 0.0105387 -10.9853 -0.0116499 -0.00761833 0.999903 2.38969
0.959172 -0.282719 0.00769887 -84.1829 0.282654 0.959184 0.00852035 -11.1547 -0.0097935 -0.00599637 0.999934 2.40196
0.957095 -0.28974 0.00455853 -84.6954 0.289704 0.95709 0.00708738 -11.316 -0.00641642 -0.00546267 0.999964 2.42003
0.955139 -0.296148 0.00265599 -85.207 0.29613 0.955131 0.00559249 -11.4866 -0.00419302 -0.00455509 0.999981 2.45339
0.95316 -0.302455 0.00275778 -85.7179 0.302437 0.953153 0.00550729 -11.6662 -0.0042943 -0.00441527 0.999981 2.46
0.950983 -0.309229 0.00286228 -86.2242 0.309212 0.950979 0.00513262 -11.8271 -0.00430912 -0.00399598 0.999983 2.47334
0.948821 -0.315802 0.0027995 -86.7204 0.315783 0.948815 0.00552061 -12.0075 -0.00439963 -0.00435403 0.999981 2.4837
0.946591 -0.322425 0.0027331 -87.2144 0.322403 0.94658 0.00654601 -12.1709 -0.0046977 -0.00531523 0.999975 2.49581
0.944232 -0.32928 -0.000622 -87.7164 0.329272 0.944192 0.00898003 -12.3514 -0.00236966 -0.00868404 0.999959 2.48968
0.941932 -0.335762 -0.00537948 -88.195 0.335798 0.941892 0.00888464 -12.5326 0.00208377 -0.0101751 0.999946 2.5806
0.939586 -0.342291 -0.00385804 -88.676 0.342292 0.939594 -0.000464974 -12.7322 0.00378414 -0.000883692 0.999992 2.59572
0.936982 -0.349377 0.000510959 -89.1646 0.349376 0.936977 -0.00326829 -12.9236 0.000663107 0.00324085 0.999995 2.52657
0.933698 -0.358043 0.00357977 -89.6461 0.358044 0.933705 0.00034709 -13.1093 -0.00346672 0.000957637 0.999994 2.5206
0.930372 -0.366603 0.00330536 -90.1023 0.366567 0.930355 0.00826563 -13.2948 -0.00610536 -0.00647847 0.99996 2.55263
0.926973 -0.375124 0.00190717 -90.5672 0.375061 0.926889 0.0143647 -13.4779 -0.00715626 -0.0126003 0.999895 2.63787
0.924301 -0.381657 0.00252506 -91.0246 0.381604 0.924251 0.0118079 -13.6902 -0.00684034 -0.00995044 0.999927 2.69385
