1 0 0 0 0 1 0 0 0 0 1 0
1 -3.96185e-05 -1.3103e-05 0.00325723 3.96186e-05 1 4.19209e-06 0.00041165 1.31029e-05 -4.19261e-06 1 0.000300198
1 -2.53037e-05 -7.99096e-06 0.00166485 2.53036e-05 1 -3.2394e-06 -0.00209561 7.99104e-06 3.23919e-06 1 0.000156022
1 -1.68667e-05 -9.70313e-06 0.000332019 1.68666e-05 1 -1.10698e-05 -0.00263765 9.70331e-06 1.10696e-05 1 4.7657e-05
1 -1.6722e-05 -1.55185e-05 -0.000313157 1.6722e-05 1 -3.46391e-06 -0.000898545 1.55186e-05 3.46365e-06 1 -2.17717e-05
1 2.06938e-05 -3.24932e-06 0.0032204 -2.06938e-05 1 -7.07536e-06 0.00124772 3.24917e-06 7.07542e-06 1 0.000196245
1 6.8432e-07 -1.18672e-06 0.000868184 -6.84329e-07 1 -7.00083e-06 -0.000100543 1.18672e-06 7.00083e-06 1 0.000603604
1 -3.15407e-06 -1.66131e-05 0.00386194 3.15411e-06 1 1.98302e-06 -0.000415027 1.66131e-05 -1.98308e-06 1 0.000748671
1 -2.07099e-05 -9.28796e-06 -0.000596687 2.071e-05 1 7.28794e-06 -0.000846305 9.2878e-06 -7.28813e-06 1 0.000659588
1 1.82554e-06 -3.61268e-06 9.29873e-05 -1.82556e-06 1 -6.48451e-06 -0.000856863 3.61267e-06 6.48452e-06 1 0.000794832
1 -1.42961e-05 -2.72979e-05 0.00353093 1.42959e-05 1 -8.01737e-06 -0.00226668 2.7298e-05 8.01698e-06 1 0.000901576
1 7.0566e-06 -1.23746e-05 0.00198517 -7.05653e-06 1 5.28123e-06 -0.00485403 1.23746e-05 -5.28115e-06 1 5.29238e-05
1 -7.1928e-06 -3.32604e-06 0.000551544 7.19279e-06 1 -4.93983e-06 -0.00274833 3.32607e-06 4.9398e-06 1 0.000462112
1 -2.96166e-05 -1.44706e-05 -0.000519619 2.96164e-05 1 -9.06083e-06 0.00139085 1.44709e-05 9.0604e-06 1 0.000550108
1 -2.99415e-06 -2.20891e-05 0.00330138 2.99406e-06 1 -3.77275e-06 -0.000503134 2.20891e-05 3.77268e-06 1 -0.000136949
1 -1.66413e-05 -8.92828e-06 0.000205042 1.66413e-05 1 -6.4553e-06 -0.00152042 8.92839e-06 6.45516e-06 1 0.000533595
1 1.53752e-05 -1.92863e-05 0.00251546 -1.53752e-05 1 -1.87567e-06 -0.00210805 1.92863e-05 1.87597e-06 1 0.000672708
1 -1.24269e-05 -1.56068e-05 0.000750325 1.24269e-05 1 6.75411e-07 -0.00218232 1.56068e-05 -6.75605e-07 1 4.69279e-05
1 -7.57563e-06 -5.7538e-06 0.000528494 7.57565e-06 1 4.34792e-06 -0.00287956 5.75377e-06 -4.34796e-06 1 -0.000799977
1 -3.31403e-05 -8.39999e-06 -0.000770541 3.31402e-05 1 -1.09854e-05 0.00135666 8.40035e-06 1.09852e-05 1 0.000613249
1 1.31213e-06 -9.86311e-06 0.000123682 -1.3121e-06 1 2.88192e-06 0.00129719 9.86311e-06 -2.88191e-06 1 0.00050209
1 -2.91462e-05 2.57763e-06 -0.0020023 2.91462e-05 1 -3.72208e-07 0.00048032 -2.57762e-06 3.72283e-07 1 -4.11883e-05
1 -1.98891e-05 2.96926e-06 -0.000601946 1.98891e-05 1 -4.37794e-06 0.00108401 -2.96918e-06 4.37799e-06 1 -0.000196643
1 -3.2353e-05 -7.63554e-06 0.000977405 3.2353e-05 1 -6.63441e-06 0.0033393 7.63575e-06 6.63416e-06 1 -6.79259e-05
1 -4.89511e-05 -7.26516e-06 -0.000801277 4.89511e-05 1 -7.37881e-07 0.00384444 7.2652e-06 7.37525e-07 1 -2.69544e-05
1 -4.83866e-05 -8.63856e-06 -0.00123481 4.83866e-05 1 -1.36388e-06 0.00388777 8.63862e-06 1.36346e-06 1 0.000501526
1 -4.12741e-05 -5.64016e-06 -0.00170408 4.1274e-05 1 -1.21188e-05 0.00428993 5.64066e-06 1.21186e-05 1 0.000619977
1 -3.21443e-05 -1.14623e-05 0.000456634 3.21442e-05 1 -1.25304e-05 0.0035739 1.14627e-05 1.25301e-05 1 0.000580908
1 -5.58331e-05 -1.25887e-05 1.83852e-05 5.5833e-05 1 -6.15249e-06 0.00350967 1.2589e-05 6.15179e-06 1 -0.000144757
1 -4.83853e-05 -1.05302e-05 -0.000149007 4.83852e-05 1 -1.16509e-05 0.00358524 1.05307e-05 1.16503e-05 1 6.34072e-05
1 -6.05321e-05 -3.58554e-07 -0.00096189 6.05321e-05 1 -3.0167e-06 0.00243494 3.58736e-07 3.01668e-06 1 -7.09428e-05
1 -3.97987e-05 -2.35323e-06 -0.000433261 3.97987e-05 1 -3.73234e-06 0.00134587 2.35337e-06 3.73225e-06 1 -1.33494e-05
1 -1.91223e-05 -9.40951e-06 -0.00219228 1.91223e-05 1 9.32671e-08 0.000439092 9.40951e-06 -9.34471e-08 1 0.000508804
1 -3.70781e-05 -8.88332e-06 -0.00303977 3.70781e-05 1 -4.39948e-06 0.00283996 8.88348e-06 4.39915e-06 1 0.000842069
1 -5.11983e-05 -5.33774e-06 0.00067567 5.11983e-05 1 -4.24743e-06 0.00406023 5.33796e-06 4.24716e-06 1 3.4706e-05
1 -1.35999e-05 -1.39816e-05 0.00243809 1.35999e-05 1 -5.06219e-06 -0.00119307 1.39817e-05 5.062e-06 1 -0.000347486
1 -5.57442e-05 -2.17335e-06 -0.00289389 5.57442e-05 1 -7.42656e-06 0.00107397 2.17376e-06 7.42644e-06 1 -0.000184159
1 -3.52499e-05 -3.06553e-06 -0.00152617 3.52499e-05 1 -7.87769e-07 0.00119782 3.06556e-06 7.87661e-07 1 0.000488397
1 -1.63818e-05 -7.88312e-06 0.000181 1.63818e-05 1 5.89619e-06 0.0017254 7.88302e-06 -5.89632e-06 1 2.37408e-05
1 -3.93584e-05 -2.00657e-05 0.0014598 3.93583e-05 1 -9.3376e-06 0.00359754 2.0066e-05 9.33682e-06 1 0.000433377
1 -3.50287e-05 -5.62439e-06 -0.000398894 3.50286e-05 1 -1.07105e-05 0.00342221 5.62477e-06 1.07103e-05 1 -0.000139855
1 -2.24692e-05 -2.27633e-06 0.000260558 2.24691e-05 1 -1.05742e-05 0.0035553 2.27656e-06 1.05741e-05 1 -0.000236134
1 -4.25895e-05 -7.59597e-06 -3.85619e-05 4.25895e-05 1 -5.504e-06 0.00407123 7.5962e-06 5.50368e-06 1 0.000441359
1 -9.94467e-06 -1.84909e-05 0.00212293 9.94471e-06 1 2.01748e-06 -0.00182724 1.84909e-05 -2.01766e-06 1 0.000416556
1 -1.05458e-05 -2.09869e-05 0.00565854 1.05458e-05 1 -1.70998e-06 0.00113966 2.09869e-05 1.70976e-06 1 0.000811255
1 1.45203e-05 -2.82552e-05 0.0136536 -1.45205e-05 1 -5.4331e-06 0.00322595 2.82551e-05 5.43351e-06 1 0.00101707
1 1.12806e-05 3.23178e-06 0.0195356 -1.12805e-05 1 -1.03816e-05 0.00537345 -3.2319e-06 1.03816e-05 1 0.00156776
1 4.55913e-05 2.2746e-05 0.0168935 -4.55911e-05 1 -9.19786e-06 0.00109366 -2.27465e-05 9.19682e-06 1 0.000832503
1 3.01938e-05 -8.26278e-06 0.0105701 -3.01938e-05 1 -5.84896e-06 -0.000220143 8.2626e-06 5.84921e-06 1 0.00151364
1 4.38138e-05 2.3063e-05 -0.0033028 -4.38136e-05 1 -6.74842e-06 0.000489707 -2.30633e-05 6.7474e-06 1 0.00143315
1 1.83095e-05 8.07241e-05 -0.0176699 -1.83082e-05 1 -1.64717e-05 -0.00218576 -8.07245e-05 1.64702e-05 1 0.0011691
1 -2.32922e-05 0.000100945 -0.0403546 2.32946e-05 1 -2.38971e-05 -0.00231536 -0.000100945 2.38995e-05 1 0.00215392
1 -3.68859e-05 0.000103429 -0.0683491 3.68884e-05 1 -2.43763e-05 -0.00194521 -0.000103428 2.43801e-05 1 0.00300896
1 6.10644e-06 0.000131553 -0.0994795 -6.10283e-06 1 -2.75006e-05 -0.00505846 -0.000131553 2.74998e-05 1 0.0038663
1 -0.000169739 0.000163478 -0.135935 0.000169748 1 -5.15918e-05 -0.0101587 -0.000163469 5.16195e-05 1 0.00603321
1 -0.000395177 0.000313295 -0.198841 0.000395206 1 -9.18005e-05 -0.0145008 -0.000313258 9.19243e-05 1 0.00647382
0.999998 -0.00178858 0.00045171 -0.327484 0.00178862 0.999998 -9.22584e-05 -0.00623587 -0.000451544 9.30662e-05 1 0.00982229
0.999998 -0.00211285 0.000544494 -0.404241 0.0021129 0.999998 -9.8346e-05 -0.00601711 -0.000544285 9.94962e-05 1 0.0125459
0.999998 -0.0021199 0.000633164 -0.474021 0.00211998 0.999998 -0.000137616 -0.00875292 -0.000632871 0.000138958 1 0.0138019
0.999998 -0.00182866 0.000689305 -0.574318 0.00182875 0.999998 -0.000132225 -0.0126717 -0.000689062 0.000133485 1 0.0159075
0.999994 -0.00324995 0.000866545 -0.74217 0.00325011 0.999995 -0.000178403 0.00973396 -0.00086596 0.000181218 1 0.0203894
0.999994 -0.00341738 0.00110588 -0.870598 0.00341759 0.999994 -0.000187177 -0.00228932 -0.00110524 0.000190955 0.999999 0.0247463
0.999994 -0.00326381 0.00129918 -0.985429 0.00326403 0.999995 -0.000160158 -0.0126392 -0.00129865 0.000164398 0.999999 0.0266927
0.999994 -0.00329697 0.00144173 -1.12206 0.00329726 0.999995 -0.000195958 -0.0156073 -0.00144108 0.00020071 0.999999 0.0305539
0.999989 -0.00446319 0.00173507 -1.30206 0.00446378 0.99999 -0.000337871 -0.0267646 -0.00173354 0.000345612 0.999998 0.0384517
0.999986 -0.00487944 0.00216656 -1.4729 0.00488043 0.999988 -0.000450292 -0.0398021 -0.00216433 0.000460859 0.999998 0.0393171
0.999984 -0.00498967 0.00282044 -1.63722 0.00499194 0.999987 -0.000798418 -0.0407221 -0.00281642 0.000812484 0.999996 0.0434265
0.999976 -0.0061035 0.00316888 -1.8433 0.00610666 0.999981 -0.000988244 -0.0373956 -0.00316279 0.00100757 0.999994 0.0450209
0.99997 -0.00688891 0.00346651 -2.04154 0.00689245 0.999976 -0.00101113 -0.0350726 -0.00345946 0.00103499 0.999993 0.0496768
0.999962 -0.0079137 0.00378797 -2.25837 0.00791712 0.999968 -0.000889543 -0.0342498 -0.00378081 0.000919498 0.999992 0.0568288
0.999954 -0.00852798 0.00449348 -2.49148 0.00853167 0.999963 -0.0008024 -0.0296405 -0.00448647 0.0008407 0.99999 0.0656003
0.999943 -0.00947541 0.00496436 -2.74588 0.00947871 0.999955 -0.000641175 -0.0263553 -0.00495806 0.000688194 0.999987 0.0699163
0.999936 -0.00982189 0.00566763 -2.99546 0.00982377 0.999952 -0.000305592 -0.0282872 -0.00566436 0.00036125 0.999984 0.0767072
0.999916 -0.0105767 0.00742984 -3.28331 0.0105802 0.999944 -0.00044267 -0.0391125 -0.00742474 0.000521242 0.999972 0.100883
0.999899 -0.01091 0.009138 -3.54447 0.0109243 0.999939 -0.00151884 -0.0474108 -0.00912088 0.00161852 0.999957 0.113242
0.999888 -0.0116175 0.00939771 -3.85477 0.0116427 0.999929 -0.0026324 -0.0614206 -0.00936645 0.00274152 0.999952 0.104786
0.999899 -0.0112664 0.00862809 -4.18059 0.0112921 0.999932 -0.00293387 -0.0740441 -0.00859445 0.00303101 0.999958 0.103094
0.999913 -0.0110712 0.00721878 -4.51649 0.0110844 0.999937 -0.00178594 -0.0649332 -0.00719855 0.0018658 0.999972 0.101795
0.999928 -0.0109014 0.00499965 -4.83722 0.0109024 0.999941 -0.000166421 -0.0552797 -0.00499753 0.000220917 0.999987 0.120318
0.999921 -0.0116371 0.00474981 -5.16643 0.0116368 0.999932 7.34727e-05 -0.0538568 -0.00475034 -1.81941e-05 0.999989 0.141374
0.999912 -0.0121785 0.00525066 -5.5209 0.012181 0.999926 -0.000439616 -0.0651433 -0.00524491 0.000503535 0.999986 0.140785
0.99991 -0.0121755 0.00564481 -5.8875 0.0121821 0.999925 -0.00112905 -0.096828 -0.00563064 0.00119771 0.999983 0.141384
0.999898 -0.0130081 0.00587501 -6.28147 0.0130166 0.999914 -0.00140158 -0.106422 -0.00585628 0.00147791 0.999982 0.13969
0.999891 -0.0135764 0.00587754 -6.66558 0.0135845 0.999907 -0.0013406 -0.109303 -0.00585879 0.0014203 0.999982 0.14842
0.999878 -0.0145526 0.00559731 -7.06269 0.0145569 0.999894 -0.000736735 -0.0982001 -0.005586 0.000818125 0.999984 0.154587
0.999869 -0.0153916 0.00509562 -7.47568 0.0153924 0.999882 -0.000110964 -0.073701 -0.00509331 0.000189383 0.999987 0.174172
0.999861 -0.0158122 0.00534042 -7.90328 0.0158127 0.999875 -4.57689e-05 -0.0908633 -0.00533903 0.000130209 0.999986 0.189581
0.99985 -0.0161215 0.00631203 -8.32802 0.0161277 0.99987 -0.000921641 -0.120754 -0.00629634 0.0010233 0.99998 0.199216
0.999836 -0.016409 0.0076356 -8.77024 0.0164247 0.999863 -0.00199905 -0.133327 -0.00760175 0.00212414 0.999969 0.195238
0.999822 -0.0169006 0.00839699 -9.23336 0.0169198 0.999854 -0.0022198 -0.143673 -0.00835825 0.00236148 0.999962 0.194238
0.999811 -0.017572 0.00829803 -9.7067 0.0175879 0.999844 -0.00184706 -0.136908 -0.00826428 0.00199265 0.999964 0.207476
0.999799 -0.0182375 0.0082801 -10.1901 0.0182491 0.999833 -0.00132709 -0.141654 -0.00825451 0.00147793 0.999965 0.224367
0.999797 -0.0181239 0.00881774 -10.6703 0.0181349 0.999835 -0.00116272 -0.144278 -0.00879521 0.0013224 0.99996 0.245099
0.999794 -0.0181943 0.00899201 -11.1616 0.0182062 0.999833 -0.00123961 -0.174376 -0.00896795 0.00140307 0.999959 0.253266
0.999788 -0.0188114 0.00842164 -11.6851 0.0188253 0.999822 -0.00156694 -0.196995 -0.00839066 0.00172515 0.999963 0.252938
0.999794 -0.0192171 0.00650086 -12.201 0.0192402 0.999809 -0.00351654 -0.208247 -0.00643204 0.0036409 0.999973 0.291811
0.999789 -0.0196461 0.00605705 -12.7318 0.0196713 0.999798 -0.00414133 -0.210818 -0.00597446 0.0042596 0.999973 0.3129
0.999779 -0.0200138 0.00639529 -13.2717 0.0200374 0.999793 -0.00364903 -0.207404 -0.00632093 0.00377637 0.999973 0.324833
0.99977 -0.0202715 0.00695182 -13.7981 0.020295 0.999789 -0.00332074 -0.214717 -0.00688303 0.00346106 0.99997 0.351105
0.999765 -0.0203938 0.00735204 -14.3464 0.0204222 0.999784 -0.00380976 -0.221563 -0.00727276 0.00395901 0.999966 0.377063
0.999758 -0.0206296 0.00765609 -14.9207 0.0206634 0.999777 -0.00435908 -0.23638 -0.00756446 0.00451623 0.999961 0.384021
0.999752 -0.0211237 0.00711726 -15.5092 0.0211565 0.999766 -0.00455522 -0.248898 -0.00701937 0.00470467 0.999964 0.385469
0.999741 -0.021897 0.00616317 -16.0996 0.0219243 0.99975 -0.00440979 -0.26896 -0.00606506 0.00454377 0.999971 0.394825
0.999748 -0.0219206 0.00479657 -16.6787 0.0219397 0.999751 -0.0039749 -0.265511 -0.00470824 0.00407914 0.999981 0.411916
0.999763 -0.0213637 0.00413756 -17.2832 0.0213819 0.999762 -0.00439961 -0.277441 -0.00404258 0.00448704 0.999982 0.438638
0.99978 -0.0203748 0.00503833 -17.8819 0.0203991 0.99978 -0.00480229 -0.293509 -0.00493938 0.004904 0.999976 0.44896
0.999798 -0.019112 0.00628765 -18.4968 0.0191431 0.999805 -0.00491967 -0.311784 -0.0061924 0.00503904 0.999968 0.453769
0.999806 -0.0182908 0.00730353 -19.1211 0.0183249 0.999821 -0.0046287 -0.301891 -0.00721756 0.00476164 0.999963 0.469357
0.999816 -0.0176655 0.00750271 -19.7565 0.0176996 0.999833 -0.00450352 -0.307531 -0.0074219 0.00463549 0.999962 0.49034
0.999837 -0.0166631 0.00692944 -20.3837 0.016695 0.99985 -0.00456929 -0.323264 -0.00685227 0.00468423 0.999966 0.509248
0.999863 -0.0151568 0.00663386 -21.0317 0.0151883 0.999874 -0.0047143 -0.334329 -0.00656156 0.00481441 0.999967 0.523225
0.999869 -0.0145485 0.00715824 -21.6971 0.0145811 0.999883 -0.00452326 -0.336499 -0.0070916 0.00462704 0.999964 0.535822
0.999876 -0.0136738 0.00782956 -22.3485 0.0137086 0.999896 -0.00440247 -0.345622 -0.00776855 0.00450926 0.99996 0.558578
0.999885 -0.0125968 0.00842424 -23.0218 0.0126355 0.99991 -0.00456761 -0.35822 -0.00836594 0.00467353 0.999954 0.582889
0.999903 -0.0113631 0.00808169 -23.6979 0.0114041 0.999922 -0.00504382 -0.370343 -0.00802375 0.00513549 0.999955 0.589115
0.999916 -0.0108719 0.00711107 -24.3892 0.0109051 0.99993 -0.00464661 -0.366712 -0.00706005 0.00472376 0.999964 0.593068
0.999933 -0.0100588 0.00566903 -25.0859 0.0100823 0.999941 -0.00413564 -0.356292 -0.0056271 0.00419252 0.999975 0.623851
0.999949 -0.00883247 0.00497698 -25.8007 0.00884891 0.999955 -0.00328997 -0.354933 -0.0049477 0.00333384 0.999982 0.651227
0.999956 -0.00772938 0.00535582 -26.497 0.00774415 0.999966 -0.00274295 -0.359417 -0.00533444 0.00278431 0.999982 0.671114
0.999958 -0.006727 0.00615729 -27.2018 0.00674217 0.999974 -0.00244682 -0.365292 -0.00614067 0.00248823 0.999978 0.699102
0.99996 -0.00567142 0.00696636 -27.9183 0.00568746 0.999981 -0.00228555 -0.367265 -0.00695327 0.00232508 0.999973 0.721299
0.999959 -0.00443479 0.0078777 -28.64 0.00445546 0.999987 -0.00260784 -0.373164 -0.00786603 0.00264283 0.999966 0.743177
0.99996 -0.00326265 0.00837559 -29.37 0.00328741 0.99999 -0.00294357 -0.374048 -0.00836591 0.00297098 0.999961 0.760093
0.999958 -0.00262045 0.00879172 -30.1129 0.0026485 0.999991 -0.00318025 -0.369489 -0.00878331 0.0032034 0.999956 0.773492
0.999974 -0.0013291 0.00705143 -30.8488 0.00135628 0.999992 -0.00385079 -0.369103 -0.00704625 0.00386026 0.999968 0.793706
0.999988 0.000179275 0.0049803 -31.6102 -0.000157426 0.99999 -0.00438707 -0.370426 -0.00498103 0.00438623 0.999978 0.814604
0.999992 0.00127478 0.00368579 -32.3662 -0.00125428 0.999984 -0.00556111 -0.371088 -0.00369282 0.00555644 0.999978 0.840513
0.999984 0.00269859 0.00502712 -33.1157 -0.00266522 0.999974 -0.00663321 -0.363502 -0.00504489 0.00661971 0.999965 0.862234
0.999967 0.00385763 0.00716191 -33.8798 -0.00380322 0.999964 -0.00759527 -0.35969 -0.00719096 0.00756779 0.999946 0.882783
0.99995 0.0046804 0.00886664 -34.64 -0.00462074 0.999967 -0.00673776 -0.351429 -0.00889788 0.00669645 0.999938 0.891063
0.999951 0.00562875 0.00808737 -35.4012 -0.00558622 0.999971 -0.00527173 -0.342733 -0.0081168 0.0052263 0.999953 0.914481
0.999963 0.00629667 0.00580236 -36.1966 -0.00627193 0.999971 -0.00427205 -0.331912 -0.0058291 0.0042355 0.999974 0.940131
0.999969 0.0068835 0.00393382 -36.9706 -0.00686895 0.99997 -0.00369959 -0.321601 -0.00395917 0.00367245 0.999985 0.958735
0.999978 0.00642357 0.00142979 -37.7732 -0.00641981 0.999976 -0.00261515 -0.320548 -0.00144656 0.00260591 0.999996 0.994037
0.999983 0.00573366 0.000668562 -38.5614 -0.00573204 0.999981 -0.00240162 -0.31844 -0.000682319 0.00239774 0.999997 1.02332
0.999983 0.00535016 0.00216159 -39.3536 -0.00534535 0.999983 -0.00222441 -0.303268 -0.00217345 0.00221282 0.999995 1.04095
0.999975 0.00482968 0.00514047 -40.1691 -0.00481557 0.999985 -0.00275415 -0.29889 -0.00515369 0.00272933 0.999983 1.05184
0.999967 0.0046971 0.00667917 -40.9707 -0.00467884 0.999985 -0.0027461 -0.297904 -0.00669197 0.00271476 0.999974 1.0555
0.999972 0.00444689 0.00597464 -41.7769 -0.00443446 0.999988 -0.00209332 -0.282322 -0.00598388 0.00206677 0.99998 1.07699
0.999979 0.0040937 0.0050888 -42.5797 -0.0040866 0.999991 -0.001405 -0.278864 -0.0050945 0.00138417 0.999986 1.11406
0.999981 0.00405692 0.00466106 -43.3978 -0.00405149 0.999991 -0.00117463 -0.274861 -0.00466579 0.00115572 0.999988 1.15163
0.999987 0.00367447 0.00358146 -44.2096 -0.00367049 0.999993 -0.00111883 -0.275749 -0.00358555 0.00110567 0.999993 1.16573
0.999993 0.00313817 0.00180762 -45.0289 -0.00313623 0.999995 -0.00107827 -0.268964 -0.00181099 0.0010726 0.999998 1.17377
0.999996 0.00253122 -0.001232 -45.8455 -0.00253198 0.999997 -0.000616767 -0.259914 0.00123043 0.000619884 0.999999 1.18807
0.999988 0.00249691 -0.00425198 -46.6509 -0.00249821 0.999997 -0.00030126 -0.261568 0.00425121 0.000311879 0.999991 1.21492
0.999991 0.00254315 -0.0034265 -47.4701 -0.00254419 0.999997 -0.000297851 -0.257658 0.00342573 0.000306566 0.999994 1.2413
0.999997 0.00212387 0.000850143 -48.2778 -0.0021228 0.999997 -0.0012593 -0.25973 -0.000852815 0.00125749 0.999999 1.26531
0.999975 0.00206069 0.00673946 -49.0845 -0.00204592 0.999995 -0.00219742 -0.256741 -0.00674396 0.00218358 0.999975 1.27306
0.999951 0.00155977 0.00974836 -49.8855 -0.00153836 0.999996 -0.00220412 -0.248448 -0.00975176 0.00218901 0.99995 1.28246
0.999977 0.00133153 0.00669617 -50.676 -0.00132306 0.999998 -0.00126838 -0.234203 -0.00669784 0.00125949 0.999977 1.30125
0.999999 0.00144241 0.000945947 -51.4706 -0.0014419 0.999999 -0.000537863 -0.238411 -0.000946721 0.000536499 0.999999 1.34873
0.999996 0.00151171 -0.00220784 -52.2691 -0.00151285 0.999999 -0.000514184 -0.238675 0.00220706 0.000517522 0.999997 1.37813
0.999997 0.001446 -0.002105 -53.072 -0.00144662 0.999999 -0.000292135 -0.235171 0.00210458 0.000295179 0.999998 1.39119
0.999999 0.00105034 -0.000487779 -53.8571 -0.00105018 0.999999 0.00033514 -0.228344 0.000488131 -0.000334627 1 1.40494
0.999999 0.000848962 0.00144425 -54.6293 -0.0008492 1 0.000164007 -0.225458 -0.00144411 -0.000165233 0.999999 1.43143
0.999994 0.00101255 0.00335662 -55.416 -0.0010135 0.999999 0.000281197 -0.222442 -0.00335633 -0.000284598 0.999994 1.46165
0.999985 0.00096442 0.00533442 -56.1878 -0.000962378 0.999999 -0.000385504 -0.224873 -0.00533478 0.000380365 0.999986 1.48666
0.999973 0.00108138 0.00727561 -56.9415 -0.00107229 0.999999 -0.0012526 -0.227095 -0.00727696 0.00124476 0.999973 1.49689
0.999976 0.000872873 0.00690865 -57.7174 -0.000863516 0.999999 -0.00135729 -0.225897 -0.00690983 0.00135129 0.999975 1.51693
0.999992 0.000965759 0.00382677 -58.4816 -0.000961723 0.999999 -0.00105639 -0.216321 -0.00382778 0.0010527 0.999992 1.53419
0.999999 0.00132362 -0.000726641 -59.2541 -0.00132411 0.999999 -0.000679478 -0.212261 0.000725741 0.00068044 1 1.57222
0.999996 0.00134189 -0.00240538 -60.0084 -0.00134305 0.999999 -0.000481232 -0.20768 0.00240474 0.000484461 0.999997 1.60312
0.999998 0.00134175 -0.00155772 -60.7589 -0.0013415 0.999999 0.000162044 -0.202137 0.00155793 -0.000159954 0.999999 1.6191
0.999999 0.0014252 0.00056279 -61.5048 -0.00142529 0.999999 0.000155897 -0.201393 -0.000562567 -0.000156699 1 1.64622
0.99999 0.00171082 0.00418535 -62.2511 -0.0017063 0.999998 -0.00108234 -0.205049 -0.00418719 0.00107518 0.999991 1.68027
0.999967 0.00245968 0.00775874 -62.9915 -0.00243519 0.999992 -0.00316466 -0.206692 -0.00776646 0.00314567 0.999965 1.69884
0.999945 0.00334441 0.00992581 -63.7344 -0.00329933 0.999984 -0.00455455 -0.201589 -0.00994089 0.00452155 0.99994 1.70857
0.999947 0.00425679 0.0093778 -64.4655 -0.00421262 0.99998 -0.00472452 -0.198644 -0.00939772 0.00468476 0.999945 1.72365
0.999967 0.0054756 0.00593866 -65.1959 -0.0054489 0.999975 -0.0045039 -0.199287 -0.00596318 0.0044714 0.999972 1.76025
0.999974 0.00649955 0.00326953 -65.9189 -0.00648384 0.999967 -0.00479457 -0.187287 -0.00330058 0.00477324 0.999983 1.79295
0.999964 0.00740369 0.00405836 -66.6427 -0.0073839 0.999961 -0.00487014 -0.183862 -0.00409426 0.00484 0.99998 1.80824
0.999946 0.00844733 0.00605248 -67.3555 -0.00841831 0.999953 -0.00480402 -0.174214 -0.00609278 0.00475281 0.99997 1.82973
0.999936 0.00895711 0.00697208 -68.0771 -0.00892076 0.999947 -0.0052275 -0.168134 -0.00701854 0.00516496 0.999962 1.85494
0.999927 0.0100159 0.00669251 -68.804 -0.00997566 0.999932 -0.00601824 -0.161286 -0.00675233 0.00595104 0.999959 1.87392
0.999931 0.0108052 0.00465562 -69.5305 -0.0107701 0.999914 -0.00751048 -0.155839 -0.00473637 0.00745981 0.999961 1.89845
0.999927 0.0117085 0.00292195 -70.2525 -0.0116827 0.999894 -0.00868683 -0.140672 -0.00302335 0.00865206 0.999958 1.90962
0.99992 0.0124057 0.00246822 -70.9787 -0.0123839 0.999886 -0.00865075 -0.13159 -0.00257526 0.0086195 0.99996 1.92392
0.999914 0.0128305 0.0028557 -71.6996 -0.0128067 0.999884 -0.00820389 -0.11855 -0.00296063 0.00816661 0.999962 1.95662
0.999905 0.0132703 0.00364729 -72.4198 -0.0132379 0.999874 -0.00878708 -0.11317 -0.00376344 0.00873796 0.999955 1.99236
0.99989 0.0138317 0.00526716 -73.1332 -0.0137758 0.99985 -0.0105085 -0.103178 -0.00541172 0.0104348 0.999931 2.01093
0.999881 0.0143287 0.00574824 -73.8491 -0.0142623 0.999833 -0.011439 -0.0956272 -0.00591118 0.0113556 0.999918 2.01452
0.999887 0.014544 0.00372454 -74.5886 -0.0145015 0.999832 -0.0112056 -0.0826757 -0.00388689 0.0111503 0.99993 2.01775
0.999889 0.0149294 7.09789e-05 -75.3122 -0.014928 0.999837 -0.0101259 -0.0637249 -0.000222141 0.0101237 0.999949 2.03519
0.999869 0.0154149 -0.00497348 -76.0291 -0.0154597 0.999839 -0.00910687 -0.0512465 0.00483229 0.00918257 0.999946 2.04864
0.999835 0.015999 -0.00860576 -76.7612 -0.0160581 0.999848 -0.00684148 -0.0397308 0.00849499 0.00697855 0.99994 2.07733
0.99982 0.0169163 -0.00853812 -77.4766 -0.0169647 0.99984 -0.00562823 -0.0154173 0.00844155 0.00577207 0.999948 2.11119
0.999841 0.0174557 -0.00357725 -78.1956 -0.0174794 0.999825 -0.0066956 0.000997893 0.00345974 0.00675706 0.999971 2.14609
0.999825 0.0176815 0.00609712 -78.9151 -0.0176301 0.999809 -0.0083866 0.00988443 -0.00624425 0.00827764 0.999946 2.15968
0.999731 0.0177351 0.0149555 -79.6277 -0.0175842 0.999794 -0.0101629 0.0168664 -0.0151326 0.00989715 0.999837 2.1684
0.999682 0.0179498 0.0177397 -80.35 -0.0177653 0.999787 -0.0104987 0.0336756 -0.0179243 0.0101802 0.999788 2.17574
0.999732 0.0186295 0.0137416 -81.0719 -0.0184785 0.999768 -0.011037 0.0542473 -0.013944 0.0107801 0.999845 2.21571
0.999799 0.0190089 0.00632895 -81.81 -0.0189279 0.999741 -0.0126315 0.0556966 -0.00656743 0.0125092 0.9999 2.24718
0.999793 0.0199976 0.003627 -82.5476 -0.0199455 0.999705 -0.0138759 0.0652961 -0.00390341 0.0138007 0.999897 2.2663
0.999768 0.0204461 0.00678398 -83.2776 -0.0203477 0.999691 -0.0142693 0.0770661 -0.00707364 0.014128 0.999875 2.28871
0.999563 0.0204912 0.0213207 -83.9847 -0.0202837 0.999745 -0.00990515 0.109257 -0.0215182 0.00946835 0.999724 2.31707
0.999031 0.0206303 0.0388841 -84.6795 -0.0205233 0.999784 -0.00314841 0.139062 -0.0389406 0.00234733 0.999239 2.35161
0.998788 0.0212326 0.0444036 -85.4011 -0.0213354 0.999771 0.00184382 0.176369 -0.0443543 -0.00278895 0.999012 2.42238
0.999267 0.0226702 0.0308395 -86.1599 -0.0227334 0.99974 0.00169876 0.186744 -0.0307929 -0.0023986 0.999523 2.44347
0.999705 0.0242371 -0.00156709 -86.9329 -0.0242411 0.999703 -0.00260074 0.205362 0.00150359 0.00263796 0.999995 2.43412
0.999155 0.0252561 -0.0324332 -87.6838 -0.0254232 0.999665 -0.00475191 0.220635 0.0323023 0.00557245 0.999463 2.41978
0.998679 0.026325 -0.0441174 -88.4015 -0.0266764 0.999617 -0.00739548 0.239533 0.0439058 0.00856261 0.998999 2.47894
0.99922 0.0276867 -0.0281631 -89.1295 -0.0279775 0.999559 -0.00998425 0.26293 0.0278743 0.0107644 0.999553 2.53341
0.999556 0.0294423 0.00454994 -89.8496 -0.0293891 0.999504 -0.0113415 0.283972 -0.00488161 0.0112028 0.999925 2.51059
0.99919 0.0310739 0.0255782 -90.5919 -0.0307477 0.999442 -0.0130492 0.318938 -0.0259694 0.0122522 0.999588 2.49481
0.999155 0.0330745 0.024411 -91.3284 -0.0327382 0.999365 -0.0140512 0.340116 -0.0248603 0.0132402 0.999603 2.49691
0.999303 0.03529 0.0121681 -92.0791 -0.0351177 0.999284 -0.0140921 0.374587 -0.0126567 0.0136549 0.999827 2.53483
0.999315 0.0368927 0.00294473 -92.8504 -0.0368547 0.999248 -0.012049 0.404268 -0.00338703 0.0119322 0.999923 2.58028
0.999264 0.0382933 0.00217756 -93.6147 -0.0382687 0.999213 -0.0103983 0.437971 -0.00257403 0.0103073 0.999944 2.62462
0.999188 0.0397329 0.00662654 -94.3624 -0.0396667 0.999165 -0.00983105 0.468953 -0.00701162 0.00956022 0.99993 2.6413
0.999095 0.0413547 0.00990211 -95.116 -0.0412651 0.999107 -0.00909186 0.501175 -0.0102693 0.00867503 0.99991 2.64462
0.99903 0.0429368 0.00974761 -95.885 -0.0428696 0.999056 -0.00700742 0.550356 -0.0100393 0.00658275 0.999928 2.65681
0.998955 0.0452173 0.00668598 -96.6504 -0.0451817 0.998964 -0.00537995 0.599688 -0.00692232 0.00507224 0.999963 2.69789
0.998876 0.0472619 0.00349929 -97.4311 -0.0472387 0.998863 -0.0064348 0.629299 -0.00379944 0.00626227 0.999973 2.74202
0.998791 0.0490251 0.00371308 -98.1989 -0.048992 0.998763 -0.00854901 0.658135 -0.0041276 0.00835676 0.999957 2.75399
0.99873 0.0500625 0.00567989 -98.9871 -0.0500094 0.998707 -0.00914645 0.702768 -0.00613044 0.00885078 0.999942 2.75278
0.998657 0.051294 0.00723817 -99.7541 -0.0512413 0.99866 -0.00729504 0.75177 -0.00760266 0.00691436 0.999947 2.77184
0.998534 0.0536033 0.00752068 -100.54 -0.0535683 0.998553 -0.00477644 0.798468 -0.00776583 0.00436657 0.99996 2.81044
0.998402 0.0559307 0.00806779 -101.347 -0.0558935 0.998425 -0.00477016 0.851069 -0.00832188 0.0043116 0.999956 2.86573
0.99827 0.0579879 0.00966633 -102.15 -0.0579292 0.998301 -0.00624663 0.901445 -0.0100121 0.00567587 0.999934 2.88876
0.998131 0.0599599 0.0117619 -102.947 -0.0598577 0.998168 -0.00885924 0.946778 -0.0122715 0.00813865 0.999892 2.90558
0.998007 0.0615459 0.0139493 -103.746 -0.0613963 0.998054 -0.0109106 0.996244 -0.0145937 0.0100324 0.999843 2.92081
0.997903 0.0632512 0.0137769 -104.529 -0.0630997 0.997945 -0.0111655 1.06065 -0.0144548 0.0102728 0.999843 2.94302
0.997831 0.065067 0.00992947 -105.363 -0.0649621 0.997832 -0.010536 1.11089 -0.0105935 0.0098681 0.999895 2.97491
0.997703 0.0676561 0.00333618 -106.176 -0.0676184 0.997657 -0.0103633 1.16107 -0.00402951 0.0101139 0.999941 3.00022
0.997538 0.0701101 -0.00123961 -107.004 -0.0701193 0.997482 -0.0105943 1.22514 0.00049372 0.0106552 0.999943 3.03205
0.997384 0.0722817 -0.000160767 -107.827 -0.0722784 0.997311 -0.0120686 1.28965 -0.000712007 0.0120487 0.999927 3.05531
0.997195 0.0745493 0.00671804 -108.641 -0.0744523 0.997131 -0.0136809 1.35185 -0.00771867 0.0131424 0.999884 3.08028
0.996958 0.0764944 0.014954 -109.458 -0.0762651 0.996969 -0.0153494 1.41544 -0.0160828 0.0141622 0.99977 3.10567
0.996696 0.0786942 0.0200839 -110.282 -0.0783787 0.996795 -0.0160428 1.48284 -0.021282 0.0144157 0.99967 3.1327
0.996505 0.0815012 0.0183162 -111.112 -0.0812123 0.996568 -0.0159999 1.54866 -0.0195574 0.0144565 0.999704 3.16473
0.996411 0.0838137 0.01188 -111.96 -0.0836148 0.996364 -0.0163525 1.62754 -0.0132074 0.0153004 0.999796 3.19055
0.996218 0.0867038 0.00566285 -112.813 -0.0866113 0.99613 -0.0149332 1.71972 -0.0069357 0.0143862 0.999872 3.20437
0.996032 0.0889497 0.00296754 -113.65 -0.088904 0.995955 -0.0130236 1.79901 -0.00411398 0.0127081 0.999911 3.23179
0.995805 0.0914548 0.00300184 -114.483 -0.0914199 0.99576 -0.0102282 1.87492 -0.00392453 0.00991084 0.999943 3.26442
0.995596 0.0935759 0.0057324 -115.347 -0.0935128 0.995563 -0.0104378 1.95569 -0.00668369 0.00985579 0.999929 3.32428
0.995288 0.0960863 0.0129781 -116.196 -0.0958959 0.995285 -0.0145758 2.03609 -0.0143174 0.0132626 0.99981 3.35676
0.994995 0.0975681 0.0215531 -117.05 -0.0972374 0.995134 -0.015893 2.12306 -0.0229989 0.0137177 0.999641 3.35636
0.994834 0.098839 0.0231355 -117.889 -0.0985451 0.995041 -0.0135192 2.21623 -0.024357 0.0111694 0.999641 3.39044
0.994746 0.100592 0.019028 -118.737 -0.100393 0.994885 -0.0111658 2.31365 -0.0200539 0.00919687 0.999757 3.45518
0.994664 0.102153 0.0144364 -119.605 -0.102017 0.994733 -0.00989435 2.39658 -0.0153711 0.0083688 0.999847 3.49479
0.994493 0.103743 0.0148365 -120.471 -0.103578 0.994554 -0.0115335 2.47955 -0.0159522 0.00993325 0.999823 3.52798
0.9943 0.105016 0.0184336 -121.315 -0.104769 0.994399 -0.0139203 2.56952 -0.0197922 0.0119097 0.999733 3.55773
0.994151 0.105971 0.0208271 -122.167 -0.105673 0.994288 -0.0149616 2.66183 -0.0222937 0.0126732 0.999671 3.57356
0.994086 0.107188 0.017418 -123.029 -0.106981 0.994184 -0.0123929 2.76148 -0.0186451 0.0104562 0.999771 3.61121
0.994052 0.10866 0.00726267 -123.892 -0.108593 0.994046 -0.00899064 2.85947 -0.00819635 0.00814849 0.999933 3.65602
0.993836 0.110839 -0.002156 -124.77 -0.110852 0.993805 -0.00792801 2.96425 0.00126391 0.00811814 0.999966 3.6929
0.993637 0.112597 -0.00270403 -125.624 -0.112616 0.993603 -0.00838929 3.06754 0.00174213 0.00864043 0.999961 3.697
0.993494 0.113814 0.00405268 -126.482 -0.113774 0.993467 -0.00891939 3.16445 -0.00504135 0.00840027 0.999952 3.70788
0.993331 0.114813 0.0105819 -127.335 -0.114725 0.99336 -0.00859728 3.26494 -0.0114987 0.00732593 0.999907 3.7527
0.993128 0.116334 0.01276 -128.196 -0.116223 0.993181 -0.0091296 3.3655 -0.0137351 0.00758385 0.999877 3.80132
0.992944 0.118057 0.011181 -129.069 -0.117941 0.992965 -0.0105519 3.47492 -0.0123481 0.00915874 0.999882 3.83196
0.992814 0.119394 0.00804075 -129.945 -0.119301 0.992795 -0.011236 3.59029 -0.00932432 0.010196 0.999905 3.83345
0.992659 0.120872 0.00437355 -130.825 -0.12082 0.992618 -0.010536 3.69685 -0.00561478 0.00993028 0.999935 3.85309
0.992474 0.122425 0.00252756 -131.707 -0.122403 0.99245 -0.00777881 3.81376 -0.0034608 0.00741089 0.999967 3.88172
0.992287 0.123894 0.00409347 -132.571 -0.123872 0.992284 -0.00538399 3.9251 -0.00472893 0.0048354 0.999977 3.92239
0.992102 0.125174 0.00804369 -133.441 -0.125133 0.992125 -0.00538117 4.04286 -0.00865393 0.00433213 0.999953 3.96087
0.99192 0.126371 0.0111592 -134.323 -0.126317 0.991975 -0.00541354 4.1581 -0.0117538 0.0039602 0.999923 3.97962
0.991771 0.127633 0.0100277 -135.206 -0.127589 0.991815 -0.00489174 4.27662 -0.01057 0.00357205 0.999938 4.00776
0.991665 0.128665 0.00676621 -136.081 -0.128636 0.991681 -0.00455738 4.39537 -0.0072963 0.00364901 0.999967 4.02789
0.991547 0.129665 0.00467312 -136.974 -0.129643 0.99155 -0.00470582 4.51704 -0.00524381 0.00406021 0.999978 4.06268
0.991503 0.130027 0.00394373 -137.865 -0.130004 0.991498 -0.00546429 4.63832 -0.0046207 0.00490516 0.999977 4.10573
0.99146 0.130334 0.00439826 -138.749 -0.130309 0.991457 -0.00564903 4.74917 -0.00509695 0.00502766 0.999974 4.12263
0.991477 0.130189 0.00489784 -139.632 -0.130158 0.991475 -0.00607995 4.86589 -0.00564762 0.00539064 0.99997 4.14112
0.991493 0.130004 0.00642558 -140.509 -0.12996 0.991496 -0.00678239 4.98684 -0.00725268 0.00588962 0.999956 4.18036
0.991513 0.129731 0.00842272 -141.388 -0.129662 0.991524 -0.0082869 5.09339 -0.0094264 0.00712447 0.99993 4.21351
0.991528 0.12951 0.00998074 -142.28 -0.129431 0.991555 -0.00816736 5.20885 -0.0109542 0.00680634 0.999917 4.22459
0.991577 0.129119 0.0102074 -143.174 -0.129053 0.991614 -0.00686952 5.33754 -0.0110088 0.00549435 0.999924 4.25428
0.99157 0.129201 0.00977033 -144.06 -0.129136 0.991602 -0.00697492 5.45173 -0.0105894 0.00565442 0.999928 4.318
0.991539 0.129418 0.0100706 -144.952 -0.129344 0.99157 -0.00768052 5.56205 -0.0109797 0.00631297 0.99992 4.34894
0.991598 0.128975 0.00997608 -145.845 -0.128892 0.991622 -0.00850034 5.67493 -0.0109888 0.00714308 0.999914 4.3568
0.99168 0.128452 0.00839934 -146.738 -0.128379 0.991687 -0.00875237 5.79631 -0.00945377 0.00760126 0.999926 4.37771
0.991723 0.128213 0.00688395 -147.622 -0.128148 0.991714 -0.00906862 5.91908 -0.00798962 0.00811139 0.999935 4.41965
0.991682 0.128469 0.00792079 -148.492 -0.128391 0.991676 -0.00968829 6.0296 -0.00909951 0.00859074 0.999922 4.46859
0.991711 0.128078 0.0102223 -149.379 -0.127975 0.991726 -0.0101185 6.13754 -0.0114337 0.00872642 0.999897 4.49099
0.991745 0.127829 0.0100707 -150.273 -0.127734 0.991763 -0.00951826 6.2603 -0.0112045 0.00815331 0.999904 4.51143
0.991828 0.127311 0.00827329 -151.16 -0.127231 0.991827 -0.00953431 6.38236 -0.0094195 0.00840378 0.99992 4.56023
0.991842 0.12716 0.00888346 -152.027 -0.127078 0.991849 -0.00930971 6.48699 -0.00999488 0.00810487 0.999917 4.58485
0.991833 0.127012 0.0116715 -152.893 -0.12693 0.991883 -0.00751334 6.60063 -0.012531 0.00597052 0.999904 4.60377
0.991895 0.126494 0.0119416 -153.761 -0.126435 0.991959 -0.00560121 6.71346 -0.0125541 0.00404598 0.999913 4.64767
0.991932 0.126419 0.00948497 -154.636 -0.126383 0.991972 -0.00423065 6.83533 -0.00994366 0.00299777 0.999946 4.70479
0.991952 0.126385 0.00766435 -155.5 -0.126358 0.991977 -0.00385356 6.94113 -0.0080899 0.0028541 0.999963 4.72922
0.992004 0.125938 0.00821733 -156.356 -0.125912 0.992035 -0.00358591 7.05246 -0.00860348 0.00252258 0.99996 4.74436
0.992041 0.125548 0.00961007 -157.214 -0.125517 0.992084 -0.00385444 7.16671 -0.0100179 0.00261754 0.999946 4.78527
0.992018 0.125614 0.011053 -158.061 -0.125578 0.992076 -0.00391227 7.27449 -0.0114569 0.00249303 0.999931 4.81614
0.992052 0.125275 0.0118208 -158.909 -0.125235 0.992119 -0.00405285 7.3931 -0.0122354 0.00254026 0.999922 4.84331
0.992084 0.125006 0.0119419 -159.76 -0.124965 0.992153 -0.00409613 7.49083 -0.0123602 0.00257138 0.99992 4.87987
0.992125 0.124783 0.0107788 -160.604 -0.124744 0.99218 -0.00425477 7.59383 -0.0112254 0.00287667 0.999933 4.91179
0.992154 0.124668 0.00944718 -161.453 -0.124627 0.992192 -0.00477195 7.69627 -0.00996833 0.00355713 0.999944 4.92741
0.992152 0.124777 0.00806278 -162.301 -0.124746 0.99218 -0.00420314 7.80193 -0.00852418 0.00316435 0.999959 4.95262
0.992217 0.12434 0.00665556 -163.134 -0.124322 0.992237 -0.00315774 7.91983 -0.00699653 0.00230573 0.999973 4.98513
0.992251 0.124124 0.00552734 -163.957 -0.124112 0.992265 -0.0025636 8.03333 -0.00580279 0.00185772 0.999981 5.03153
0.99228 0.123879 0.00586534 -164.788 -0.123862 0.992294 -0.00316664 8.12499 -0.00621242 0.0024157 0.999978 5.05705
0.9923 0.123623 0.00759824 -165.62 -0.123596 0.992325 -0.00397851 8.22745 -0.00803176 0.00300876 0.999963 5.07455
0.992278 0.123711 0.00899093 -166.435 -0.12368 0.992314 -0.00389992 8.33851 -0.00940429 0.00275781 0.999952 5.09933
0.992349 0.123139 0.00898265 -167.254 -0.123113 0.992387 -0.00339822 8.45324 -0.00933272 0.00226634 0.999954 5.13501
0.992352 0.123153 0.00846279 -168.069 -0.123135 0.992386 -0.00263566 8.55363 -0.00872295 0.00157344 0.999961 5.16509
0.99233 0.123284 0.00904016 -168.88 -0.123265 0.99237 -0.00270427 8.64405 -0.00930457 0.0015692 0.999955 5.19739
0.992303 0.123298 0.0114683 -169.686 -0.123272 0.992369 -0.00290997 8.74375 -0.0117396 0.00147385 0.99993 5.22575
0.992311 0.123058 0.0132627 -170.488 -0.123036 0.992399 -0.00252246 8.84246 -0.0134723 0.000871279 0.999909 5.26938
0.99232 0.122945 0.0136194 -171.286 -0.12292 0.992413 -0.00265862 8.94942 -0.0138429 0.000964106 0.999904 5.31523
0.992346 0.122847 0.0125465 -172.074 -0.122815 0.992424 -0.00325856 9.03537 -0.0128517 0.00169273 0.999916 5.34318
0.992381 0.122733 0.010792 -172.878 -0.122684 0.992433 -0.00506089 9.14197 -0.0113315 0.00369833 0.999929 5.35934
0.992411 0.122556 0.010043 -173.678 -0.1225 0.99245 -0.00604727 9.246 -0.0107083 0.00477111 0.999931 5.37344
0.992437 0.122451 0.00857914 -174.462 -0.122398 0.99246 -0.00649672 9.34267 -0.00930999 0.00539752 0.999942 5.42592
0.992461 0.122268 0.00847253 -175.248 -0.122214 0.992482 -0.00660716 9.43125 -0.00921667 0.00552188 0.999942 5.46173
0.992447 0.122334 0.00917472 -176.037 -0.122272 0.992471 -0.00708782 9.5311 -0.00997273 0.00591247 0.999933 5.48833
0.992435 0.122365 0.0100176 -176.807 -0.122284 0.99246 -0.0083226 9.6287 -0.0109604 0.00703465 0.999915 5.51817
0.992437 0.122165 0.0120604 -177.586 -0.122058 0.99248 -0.00919521 9.72754 -0.013093 0.00765359 0.999885 5.54441
0.992462 0.12178 0.0137389 -178.362 -0.121658 0.992528 -0.00934072 9.82107 -0.0147738 0.00759885 0.999862 5.57545
0.992486 0.121471 0.0146989 -179.125 -0.121337 0.992564 -0.00967605 9.9189 -0.015765 0.00781981 0.999845 5.61873
0.992488 0.121338 0.0156627 -179.905 -0.121164 0.992564 -0.0116612 10.0091 -0.0169612 0.00967584 0.999809 5.64846
0.992492 0.12129 0.0157718 -180.683 -0.121082 0.99255 -0.0135289 10.0909 -0.0172953 0.0115177 0.999784 5.66846
0.992562 0.120827 0.0149006 -181.465 -0.120577 0.992565 -0.0166254 10.1729 -0.0167986 0.0147051 0.999751 5.70804
0.992474 0.120534 0.0216274 -182.241 -0.120164 0.992597 -0.0176768 10.2778 -0.023598 0.0149449 0.99961 5.7388
0.99217 0.120089 0.0343017 -183.008 -0.119612 0.992698 -0.0156286 10.3704 -0.0359281 0.0114034 0.999289 5.76857
0.991902 0.119619 0.0426763 -183.769 -0.119361 0.992814 -0.00854548 10.4789 -0.0433918 0.0033824 0.999052 5.82083
0.992197 0.11939 0.0359349 -184.548 -0.119359 0.992847 -0.00299465 10.5904 -0.0360354 -0.00131789 0.99935 5.90616
0.992669 0.119957 0.0147952 -185.342 -0.119912 0.992777 -0.00390792 10.6872 -0.0151571 0.00210516 0.999883 5.96103
0.992566 0.120995 -0.0131304 -186.169 -0.121069 0.992631 -0.00499183 10.7739 0.0124297 0.00654442 0.999901 5.89524
0.992088 0.121722 -0.0307404 -186.984 -0.121877 0.99254 -0.00318707 10.8659 0.0301231 0.00690838 0.999522 5.88071
0.992172 0.122336 -0.025061 -187.76 -0.122409 0.992479 -0.00141735 10.9759 0.0246991 0.00447395 0.999685 5.9517
0.992354 0.123359 0.00414346 -188.525 -0.123337 0.992352 -0.00504971 11.0759 -0.0047347 0.00450006 0.999979 6.03459
0.991695 0.12361 0.0355136 -189.279 -0.12325 0.992301 -0.012156 11.1643 -0.0367428 0.00767804 0.999295 6.04103
0.991179 0.123887 0.0470706 -190.065 -0.123372 0.992266 -0.0136994 11.2611 -0.0484037 0.00777139 0.998798 6.00687
0.991719 0.124048 0.0332452 -190.887 -0.123815 0.992265 -0.00899806 11.3745 -0.0341043 0.0048073 0.999407 6.05011
0.992103 0.124714 0.0133149 -191.707 -0.124684 0.992192 -0.00307931 11.4927 -0.0135949 0.00139485 0.999907 6.11158
0.992051 0.125831 0.000985426 -192.516 -0.125832 0.992051 0.00113617 11.5884 -0.000834628 -0.00125113 0.999999 6.15915
0.991997 0.126255 -0.00109501 -193.325 -0.126254 0.991998 0.000546182 11.6917 0.00115521 -0.000403561 0.999999 6.20111
0.992007 0.126056 0.00572516 -194.131 -0.126037 0.992019 -0.00352951 11.784 -0.00612438 0.00277971 0.999977 6.22163
0.99198 0.125342 0.0162567 -194.937 -0.125257 0.992105 -0.00614112 11.8868 -0.0168981 0.0040556 0.999849 6.19888
0.991999 0.124564 0.0205272 -195.74 -0.124512 0.992211 -0.00381652 11.9979 -0.0208427 0.00123011 0.999782 6.22631
0.992057 0.124777 0.0159458 -196.551 -0.124801 0.992182 0.000536082 12.1157 -0.0157543 -0.00252188 0.999873 6.28732
0.992033 0.125655 0.00900368 -197.389 -0.125679 0.992069 0.00220292 12.2269 -0.00865546 -0.00331694 0.999957 6.34025
0.991942 0.126169 0.0115314 -198.23 -0.126189 0.992006 0.00103187 12.3216 -0.011309 -0.00247869 0.999933 6.35121
0.991838 0.12585 0.02049 -199.04 -0.125884 0.992045 0.000403824 12.4224 -0.0202762 -0.00297989 0.99979 6.37297
0.991781 0.125226 0.0262547 -199.837 -0.125288 0.99212 0.000733632 12.5279 -0.0259559 -0.00401701 0.999655 6.41951
0.991833 0.125164 0.0245232 -200.656 -0.125224 0.992128 0.000915759 12.6361 -0.0242155 -0.00397916 0.999699 6.45781
0.991978 0.125144 0.0178422 -201.506 -0.125197 0.99213 0.00187129 12.7505 -0.0174676 -0.00409008 0.999839 6.48572
0.992015 0.125599 0.0114465 -202.354 -0.125634 0.992074 0.00233995 12.8643 -0.0110619 -0.00375933 0.999932 6.52567
0.991983 0.126017 0.0094824 -203.18 -0.126029 0.992026 0.000605854 12.9618 -0.00933044 -0.00179605 0.999955 6.57632
