1 0 0 0 0 1 0 0 0 0 1 0
1 8.54666e-05 -2.32184e-05 0.00347316 -8.54666e-05 1 1.7186e-06 -0.00122018 2.32186e-05 -1.71661e-06 1 0.000880634
1 -1.60111e-05 2.38847e-06 0.000359651 1.6011e-05 1 1.63418e-05 0.000556204 -2.38873e-06 -1.63418e-05 1 7.95537e-05
1 -0.000106202 1.79615e-05 -0.00198623 0.000106201 1 5.63701e-05 0.00378864 -1.79675e-05 -5.63682e-05 1 -0.00214785
1 -0.000116772 2.49874e-06 -0.000749708 0.000116772 1 9.41856e-06 0.0100745 -2.49984e-06 -9.41827e-06 1 -0.00141617
1 -6.28365e-05 -1.47938e-05 -0.000249128 6.28357e-05 1 -5.04758e-05 0.00356529 1.47969e-05 5.04749e-05 1 0.00103084
1 3.13909e-05 -8.41549e-06 0.00039482 -3.13906e-05 1 3.85476e-05 -0.00225656 8.4167e-06 -3.85474e-05 1 -0.000788528
1 -0.000108264 4.80766e-05 -0.00454213 0.00010826 1 7.53744e-05 -0.000237401 -4.80848e-05 -7.53692e-05 1 -0.00178927
1 -0.000135451 1.02781e-05 -0.00373457 0.000135451 1 7.03233e-06 0.00207764 -1.0279e-05 -7.03093e-06 1 0.000352017
1 -6.42709e-05 1.05358e-05 0.00126882 6.42704e-05 1 4.63566e-05 0.001185 -1.05388e-05 -4.6356e-05 1 -0.000493408
1 -1.7754e-05 5.70548e-06 0.00273111 1.7754e-05 1 3.53069e-06 0.0013174 -5.70554e-06 -3.53059e-06 1 -0.00070393
1 3.56767e-05 -6.31666e-06 0.0042832 -3.56768e-05 1 -1.99515e-05 0.00215569 6.31594e-06 1.99517e-05 1 0.000444917
1 -5.74238e-05 -8.86261e-06 -0.00269406 5.7424e-05 1 1.55345e-05 0.00470321 8.86172e-06 -1.5535e-05 1 -0.000343795
1 7.87348e-06 -2.34009e-05 1.84965e-05 -7.87206e-06 1 6.03538e-05 0.00146356 2.34013e-05 -6.03536e-05 1 0.000138825
1 -8.56859e-05 -4.42375e-06 -0.00382818 8.56859e-05 1 -2.22403e-06 0.00209638 4.42394e-06 2.22365e-06 1 0.00137992
1 -8.77849e-06 1.80258e-05 -0.00171711 8.77813e-06 1 1.98564e-05 -0.000170287 -1.80259e-05 -1.98562e-05 1 -0.000460446
1 5.31539e-05 1.82506e-05 0.00279541 -5.31545e-05 1 3.41744e-05 -0.00118662 -1.82488e-05 -3.41754e-05 1 -0.000990146
1 2.20028e-05 3.21242e-05 0.00496636 -2.20038e-05 1 3.25304e-05 -0.000710533 -3.21235e-05 -3.25311e-05 1 -0.00094409
1 2.1885e-05 -1.38452e-05 0.00182141 -2.18859e-05 1 -7.05425e-05 0.000125711 1.38436e-05 7.05428e-05 1 0.00257382
1 -4.84735e-05 9.19648e-06 -0.00260258 4.84734e-05 1 2.05089e-05 0.00138124 -9.19748e-06 -2.05084e-05 1 -0.000263141
1 -4.88416e-05 2.79896e-05 -0.00150067 4.88388e-05 1 9.92084e-05 0.00298019 -2.79945e-05 -9.9207e-05 1 -0.00313539
1 0.000107642 -2.55369e-05 0.00597218 -0.00010764 1 9.0322e-05 0.000891362 2.55466e-05 -9.03192e-05 1 -0.00154574
1 -1.67084e-05 -1.7721e-05 -0.00174201 1.67088e-05 1 1.90016e-05 -0.000371271 1.77207e-05 -1.90019e-05 1 -1.88542e-05
1 -4.18661e-05 -1.35017e-06 -0.00215068 4.18661e-05 1 2.38735e-06 -0.000998766 1.35007e-06 -2.38741e-06 1 0.000572701
1 -7.66618e-05 6.09023e-05 -0.00381566 7.66547e-05 1 0.000116989 0.000972411 -6.09112e-05 -0.000116985 1 -0.00354153
1 -5.13237e-05 4.59975e-05 0.000589017 5.13227e-05 1 2.21611e-05 0.00305518 -4.59986e-05 -2.21587e-05 1 -0.00140108
1 2.96499e-05 -5.22601e-06 0.00192154 -2.96497e-05 1 2.71362e-05 -0.000730092 5.22682e-06 -2.7136e-05 1 8.02217e-05
1 2.89096e-05 2.44995e-05 -0.00029559 -2.89118e-05 1 8.85961e-05 -0.0028657 -2.4497e-05 -8.85968e-05 1 -0.00155837
1 5.33587e-05 1.20834e-05 0.00158194 -5.33586e-05 1 -3.66627e-06 -0.00150965 -1.20836e-05 3.66562e-06 1 -0.000709243
1 2.0375e-05 -3.51752e-06 0.00163361 -2.0375e-05 1 -1.08808e-05 -0.000397168 3.5173e-06 1.08809e-05 1 0.000777483
1 -2.50163e-06 -6.01138e-06 0.00167146 2.50212e-06 1 8.13493e-05 0.0013507 6.01117e-06 -8.13493e-05 1 -0.00162802
1 -5.67531e-05 -5.11087e-06 -0.000369863 5.67535e-05 1 7.96299e-05 0.00209044 5.10635e-06 -7.96302e-05 1 -0.00184932
1 -2.80962e-05 2.19838e-05 -0.00211321 2.80957e-05 1 2.33286e-05 0.00219981 -2.19844e-05 -2.3328e-05 1 -0.000536969
1 4.29608e-05 6.11698e-07 -0.00132287 -4.29608e-05 1 -3.09831e-05 -0.00088965 -6.13029e-07 3.09831e-05 1 0.0015303
1 2.2527e-05 1.21039e-05 0.00128033 -2.25273e-05 1 3.0854e-05 0.00213682 -1.21032e-05 -3.08543e-05 1 -0.000707044
1 -1.45175e-06 2.05757e-05 0.00350346 1.45018e-06 1 7.63581e-05 0.00374861 -2.05758e-05 -7.63581e-05 1 -0.00304798
1 -4.02798e-05 7.2738e-06 0.000677161 4.02794e-05 1 5.15069e-05 0.00219203 -7.27587e-06 -5.15066e-05 1 -0.00190745
1 6.31322e-05 -4.01581e-06 0.00325839 -6.3132e-05 1 5.55796e-05 -0.00223105 4.01932e-06 -5.55793e-05 1 -0.000741098
1 3.39406e-05 -2.83626e-06 0.000689466 -3.39407e-05 1 -1.57602e-05 0.000216935 2.83573e-06 1.57603e-05 1 0.000249075
1 5.89115e-05 3.65734e-06 0.00321836 -5.89115e-05 1 2.84835e-06 -3.41703e-05 -3.65717e-06 -2.84856e-06 1 -0.000313704
1 9.37966e-06 -2.89156e-05 0.00316165 -9.37954e-06 1 4.23263e-06 -0.000330034 2.89156e-05 -4.23235e-06 1 0.000501513
1 5.70267e-06 1.13465e-05 -0.000444285 -5.70327e-06 1 5.3181e-05 -0.00216805 -1.13462e-05 -5.31811e-05 1 -0.00135879
1 -2.82646e-06 -5.57516e-06 -0.0020968 2.82626e-06 1 -3.50012e-05 0.000678824 5.57526e-06 3.50012e-05 1 0.000938486
1 2.6491e-05 9.21049e-07 0.000820903 -2.6491e-05 1 -1.69972e-05 0.000991957 -9.21499e-07 1.69972e-05 1 0.000343841
1 8.84432e-05 1.36096e-05 0.00473897 -8.84445e-05 1 9.57835e-05 0.00209497 -1.36011e-05 -9.57847e-05 1 -0.00243443
1 2.82107e-05 -2.31883e-06 0.00118695 -2.82107e-05 1 2.10721e-05 0.00193868 2.31942e-06 -2.1072e-05 1 2.11995e-05
1 0.000104151 -3.63424e-05 0.00453516 -0.000104149 1 2.86105e-05 -0.00429719 3.63454e-05 -2.86067e-05 1 0.00010393
1 -7.24736e-06 -2.01985e-06 0.00205191 7.24741e-06 1 2.10667e-05 0.00100889 2.0197e-06 -2.10667e-05 1 -0.00065894
1 -5.68031e-05 1.28276e-05 -0.000748537 5.68026e-05 1 3.78819e-05 0.00356274 -1.28298e-05 -3.78812e-05 1 -0.001041
1 2.37084e-05 2.76464e-05 0.000455289 -2.37077e-05 1 -2.76344e-05 0.00267444 -2.76471e-05 2.76337e-05 1 -0.000127009
1 1.18819e-05 1.84623e-05 -0.00057304 -1.18818e-05 1 -5.57626e-06 0.00231969 -1.84623e-05 5.57604e-06 1 -0.000803953
1 1.57937e-05 6.16732e-07 0.000473347 -1.57937e-05 1 3.64711e-05 -0.00215452 -6.16156e-07 -3.64711e-05 1 -0.000592661
1 8.25866e-05 -2.63017e-05 0.00558637 -8.25864e-05 1 7.44668e-06 -0.00345958 2.63024e-05 -7.44451e-06 1 0.000810478
1 5.19044e-05 -2.42302e-06 0.0037768 -5.19045e-05 1 -2.38146e-05 0.00410657 2.42179e-06 2.38147e-05 1 0.000772316
1 -1.01397e-05 1.55048e-05 -0.000314069 1.01387e-05 1 6.54002e-05 0.00293516 -1.55055e-05 -6.54e-05 1 -0.00124233
1 6.862e-05 9.06802e-06 0.00523028 -6.8621e-05 1 0.000109829 -0.00151752 -9.06048e-06 -0.000109829 1 -0.00259323
1 -4.02447e-05 7.2095e-06 -0.0022736 4.02449e-05 1 -2.10707e-05 -0.000892429 -7.20865e-06 2.1071e-05 1 -0.000266655
1 1.707e-05 -8.20834e-06 -0.00156725 -1.707e-05 1 -2.39469e-06 -0.00398976 8.2083e-06 2.39483e-06 1 0.000764081
1 0.000198308 -5.46719e-05 0.0131391 -0.000198308 1 -4.18831e-06 -0.00446117 5.46711e-05 4.19915e-06 1 0.00260193
1 0.000451156 -3.7874e-05 0.0316254 -0.000451162 1 -0.000166232 -0.00328501 3.7799e-05 0.000166249 1 0.00772936
1 0.000384223 1.1278e-05 0.0260415 -0.00038422 1 -0.000217121 -0.00184069 -1.13614e-05 0.000217116 1 0.00897806
1 0.000157677 5.19562e-05 0.00648151 -0.000157667 1 -0.000197642 -0.00174887 -5.19874e-05 0.000197634 1 0.00779267
1 -0.00013436 9.57916e-05 -0.0171543 0.000134377 1 -0.000179157 0.00453396 -9.57675e-05 0.00017917 1 0.00567276
1 -0.000272836 6.40417e-05 -0.0310543 0.00027285 1 -0.0002268 0.00830478 -6.39798e-05 0.000226817 1 0.00814495
1 -0.000429944 4.79613e-05 -0.0384554 0.000429953 1 -0.000188118 0.00717795 -4.78804e-05 0.000188138 1 0.00751146
1 -0.000413534 9.91223e-05 -0.0407062 0.000413571 1 -0.000376177 0.00427739 -9.89667e-05 0.000376217 1 0.0133194
1 -0.000486235 0.000317138 -0.0585824 0.000486397 1 -0.00051346 -0.00836639 -0.000316888 0.000513614 1 0.0188544
0.999999 -0.00142234 0.000547396 -0.118778 0.0014227 0.999999 -0.000642524 -0.00541554 -0.000546481 0.000643302 1 0.0227799
0.999996 -0.00290871 0.000587539 -0.186499 0.00290917 0.999995 -0.00079062 -0.00218599 -0.000585237 0.000792326 1 0.0236263
0.999989 -0.00459994 0.000658298 -0.259273 0.00460037 0.999989 -0.000647102 -0.00908768 -0.000655314 0.000650124 1 0.0189753
0.999977 -0.00679591 0.000736251 -0.347993 0.00679623 0.999977 -0.000424912 -0.0201521 -0.000733347 0.000429906 1 0.0146288
0.999964 -0.00837857 0.000901939 -0.425301 0.00837899 0.999965 -0.000467382 -0.0245595 -0.000897992 0.000474923 0.999999 0.0169076
0.999951 -0.00988239 0.00109826 -0.502217 0.00988303 0.999951 -0.000584435 -0.0358793 -0.00109243 0.00059526 0.999999 0.017156
0.999913 -0.0131467 0.00127804 -0.62489 0.0131479 0.999913 -0.00099768 -0.0432547 -0.00126481 0.0010144 0.999999 0.0228489
0.999866 -0.0162735 0.00158826 -0.749134 0.0162747 0.999867 -0.000751616 -0.0387904 -0.00157581 0.000777364 0.999998 0.0147405
0.999824 -0.0186672 0.00183838 -0.883152 0.0186684 0.999826 -0.000645548 -0.0423873 -0.00182601 0.000679754 0.999998 0.00349982
0.999769 -0.0213973 0.00185586 -1.0352 0.0213991 0.999771 -0.000982926 -0.0623921 -0.0018344 0.00102241 0.999998 0.00303501
0.999721 -0.0235465 0.00176178 -1.18713 0.0235484 0.999722 -0.00106159 -0.0878381 -0.00173629 0.00110278 0.999998 0.00188818
0.999674 -0.0254657 0.00195057 -1.33782 0.025468 0.999675 -0.00118652 -0.0957868 -0.00191972 0.00123581 0.999997 0.00723375
0.999621 -0.0274268 0.0022197 -1.49582 0.0274297 0.999623 -0.00130288 -0.0657955 -0.00218313 0.00136327 0.999997 0.028661
0.999576 -0.0290178 0.00230773 -1.66932 0.0290202 0.999578 -0.0010281 -0.0540982 -0.00227692 0.00109464 0.999997 0.0507879
0.99953 -0.0305643 0.00254131 -1.86922 0.0305657 0.999533 -0.000532957 -0.0781087 -0.00252383 0.000610383 0.999997 0.0574427
0.99946 -0.0327634 0.00243181 -2.08606 0.0327652 0.999463 -0.000687315 -0.0879495 -0.00240798 0.000766623 0.999997 0.063633
0.999428 -0.0337351 0.00228441 -2.30199 0.0337379 0.99943 -0.0011945 -0.104158 -0.00224281 0.00127088 0.999997 0.0613009
0.999373 -0.0352918 0.00274889 -2.54106 0.0352979 0.999374 -0.00220681 -0.125262 -0.00266929 0.00230246 0.999994 0.0481926
0.999338 -0.0362183 0.00332333 -2.76291 0.0362276 0.99934 -0.00278987 -0.140417 -0.00322009 0.00290842 0.999991 0.0576027
0.999317 -0.0367049 0.00427377 -3.00609 0.0367145 0.999323 -0.00219982 -0.138992 -0.00419013 0.00235522 0.999988 0.0629545
0.999291 -0.0373181 0.00497416 -3.27697 0.0373265 0.999302 -0.00160716 -0.156177 -0.00491071 0.00179169 0.999986 0.081959
0.999267 -0.0379302 0.0052664 -3.55906 0.0379379 0.999279 -0.00136305 -0.157818 -0.0052109 0.00156185 0.999985 0.0940217
0.999255 -0.0382285 0.00534836 -3.84954 0.0382374 0.999267 -0.00157926 -0.157397 -0.00528407 0.00178259 0.999984 0.0955338
0.999259 -0.0381862 0.00483212 -4.15279 0.0381959 0.999268 -0.00194426 -0.174811 -0.00475434 0.00212739 0.999986 0.10318
0.999255 -0.038321 0.00460819 -4.47703 0.0383284 0.999264 -0.00151489 -0.194155 -0.00454674 0.00169039 0.999988 0.0939534
0.999228 -0.0390203 0.00451333 -4.78186 0.0390285 0.999237 -0.00174391 -0.198698 -0.00444184 0.00191871 0.999988 0.108052
0.999182 -0.0402772 0.00348062 -5.13568 0.0402829 0.999187 -0.00157358 -0.218728 -0.00341442 0.00171251 0.999993 0.120182
0.999155 -0.0410285 0.00231565 -5.47329 0.0410325 0.999156 -0.00168954 -0.230155 -0.00224438 0.00178313 0.999996 0.134712
0.999071 -0.0430674 0.00139569 -5.84123 0.0430698 0.999071 -0.00168723 -0.246865 -0.00132173 0.00174577 0.999998 0.134556
0.999015 -0.044347 0.00140693 -6.22716 0.0443496 0.999014 -0.00182354 -0.271907 -0.00132468 0.00188414 0.999997 0.135884
0.999015 -0.0443387 0.00185663 -6.5786 0.0443434 0.999013 -0.00255222 -0.299727 -0.00174163 0.00263204 0.999995 0.145924
0.998979 -0.0451085 0.00240718 -6.95302 0.0451151 0.998978 -0.00274639 -0.320464 -0.00228083 0.00285218 0.999993 0.174077
0.998897 -0.046866 0.00275989 -7.37169 0.046872 0.998899 -0.00216527 -0.330883 -0.00265538 0.00229224 0.999994 0.17044
0.9988 -0.0488417 0.00349196 -7.79995 0.0488483 0.998805 -0.00182067 -0.338489 -0.00339887 0.00198907 0.999992 0.175856
0.998747 -0.0498365 0.00462592 -8.21226 0.0498492 0.998753 -0.00266986 -0.361758 -0.0044871 0.00289711 0.999986 0.193178
0.99871 -0.0504799 0.00549001 -8.63189 0.0504995 0.998718 -0.00350184 -0.397569 -0.0053062 0.00377457 0.999979 0.202089
0.998653 -0.0515263 0.00613372 -9.08361 0.0515523 0.998662 -0.00416764 -0.423308 -0.00591077 0.00447823 0.999973 0.210575
0.99859 -0.0527616 0.00585746 -9.53435 0.0527869 0.998597 -0.0042537 -0.436345 -0.00562481 0.0045569 0.999974 0.225704
0.998511 -0.0542708 0.00554525 -10.0039 0.0542936 0.998517 -0.00404169 -0.465371 -0.00531768 0.00433674 0.999976 0.232711
0.998456 -0.0552512 0.00578664 -10.4559 0.0552773 0.998461 -0.00444753 -0.495489 -0.005532 0.00476053 0.999973 0.238256
0.998419 -0.0558732 0.00611374 -10.9289 0.0559048 0.998423 -0.00512715 -0.538084 -0.00581763 0.00546084 0.999968 0.240869
0.998335 -0.0573787 0.00585465 -11.4409 0.0574134 0.998333 -0.00595235 -0.580067 -0.00550335 0.00627857 0.999965 0.249582
0.99826 -0.0587282 0.00529487 -11.9659 0.0587581 0.998256 -0.00568956 -0.604231 -0.0049515 0.00599078 0.99997 0.261228
0.998181 -0.0600754 0.00498683 -12.4901 0.0601027 0.998177 -0.00552593 -0.625205 -0.00464577 0.0058156 0.999972 0.278465
0.998128 -0.0609609 0.00500307 -13.0184 0.0609925 0.998118 -0.00642324 -0.663659 -0.00460209 0.00671636 0.999967 0.301695
0.998078 -0.061745 0.00537082 -13.5566 0.0617848 0.998061 -0.00758892 -0.694083 -0.00489183 0.00790616 0.999957 0.30536
0.998026 -0.0625398 0.00573482 -14.1163 0.0625891 0.998 -0.00885689 -0.732476 -0.00516944 0.00919834 0.999944 0.324271
0.99799 -0.0631149 0.00572948 -14.6923 0.0631646 0.997963 -0.00895153 -0.772418 -0.00515284 0.00929544 0.999944 0.330139
0.997975 -0.0634529 0.00451141 -15.2756 0.0634926 0.997939 -0.00926345 -0.807532 -0.00391432 0.00953113 0.999947 0.34674
0.997948 -0.0639238 0.00373944 -15.8642 0.0639594 0.997899 -0.0103327 -0.848768 -0.00307108 0.0105506 0.99994 0.380228
0.997898 -0.0646775 0.00403584 -16.4603 0.0647177 0.997845 -0.0107876 -0.889458 -0.00332943 0.0110261 0.999934 0.394654
0.997867 -0.065117 0.00466002 -17.0579 0.0651662 0.99781 -0.0113167 -0.930753 -0.00391291 0.0115962 0.999925 0.405239
0.997794 -0.0661512 0.00559787 -17.6831 0.066211 0.997742 -0.0112575 -0.977881 -0.00484053 0.0116033 0.999921 0.422104
0.997747 -0.0667877 0.00633104 -18.3176 0.0668588 0.997693 -0.0117779 -1.01193 -0.00552981 0.0121747 0.999911 0.445757
0.997688 -0.0675639 0.00738288 -18.9776 0.0676562 0.997623 -0.0130707 -1.03828 -0.00648223 0.0135399 0.999887 0.460676
0.997668 -0.0678483 0.00747145 -19.6239 0.0679494 0.997587 -0.0142375 -1.09272 -0.00648744 0.014712 0.999871 0.470095
0.9977 -0.0674606 0.00666007 -20.2816 0.0675531 0.997606 -0.0148002 -1.14993 -0.0056457 0.0152161 0.999868 0.48506
0.997802 -0.0659253 0.00667341 -20.9583 0.0660189 0.997706 -0.0149413 -1.19706 -0.0056731 0.015349 0.999866 0.49764
0.997873 -0.0648346 0.00674729 -21.6611 0.0649267 0.997785 -0.0144713 -1.23821 -0.00579411 0.0148786 0.999873 0.508496
0.997923 -0.0641173 0.00619539 -22.3618 0.064198 0.997841 -0.0138488 -1.26739 -0.00529407 0.0142177 0.999885 0.532599
0.998006 -0.0628239 0.00616036 -23.0763 0.0629051 0.997921 -0.0140186 -1.3051 -0.00526685 0.0143782 0.999883 0.554749
0.998105 -0.0612184 0.0062588 -23.786 0.0613059 0.998008 -0.0148939 -1.34799 -0.00533455 0.0152494 0.999869 0.580638
0.998203 -0.0595663 0.00657115 -24.5118 0.0596615 0.9981 -0.0153873 -1.38783 -0.0056421 0.0157517 0.99986 0.58777
0.998301 -0.0578776 0.00667639 -25.255 0.0579819 0.998178 -0.0166679 -1.43798 -0.00569953 0.0170267 0.999839 0.614161
0.998444 -0.0553914 0.00649453 -25.9937 0.0554951 0.998313 -0.0170561 -1.48497 -0.00553882 0.01739 0.999833 0.626266
0.998547 -0.0535117 0.00637819 -26.7511 0.0536139 0.998415 -0.0171086 -1.51306 -0.00545257 0.0174257 0.999833 0.645644
0.998634 -0.0518735 0.00633385 -27.5343 0.0519746 0.998504 -0.0170101 -1.54929 -0.005442 0.0173161 0.999835 0.667325
0.998734 -0.0499703 0.00573674 -28.3098 0.0500581 0.998613 -0.0163312 -1.57579 -0.0049127 0.0165977 0.99985 0.689396
0.998839 -0.0479281 0.00487663 -29.0875 0.0480015 0.998715 -0.0162543 -1.61369 -0.00409132 0.0164695 0.999856 0.719284
0.99893 -0.0460593 0.00411463 -29.8696 0.0461203 0.998804 -0.0162141 -1.6436 -0.0033629 0.0163865 0.99986 0.730786
0.99899 -0.0447852 0.00350833 -30.6929 0.0448396 0.998843 -0.0173545 -1.67967 -0.00272705 0.0174942 0.999843 0.764474
0.999015 -0.0442242 0.00353024 -31.5164 0.0442785 0.998872 -0.0171667 -1.71871 -0.00276707 0.0173061 0.999846 0.794854
0.999007 -0.0444365 0.00336181 -32.3294 0.0444825 0.998896 -0.0151215 -1.75112 -0.00268615 0.015256 0.99988 0.807609
0.998973 -0.0451644 0.00355694 -33.1654 0.0452087 0.998886 -0.0135361 -1.78637 -0.00294162 0.013683 0.999902 0.819053
0.998964 -0.0453231 0.00411026 -34.0051 0.0453736 0.998883 -0.0131637 -1.81797 -0.00350905 0.0133366 0.999905 0.839164
0.998961 -0.045354 0.00435401 -34.8602 0.0454086 0.998879 -0.0133994 -1.85812 -0.00374142 0.0135832 0.999901 0.862585
0.998972 -0.0451864 0.00359698 -35.7235 0.04523 0.99889 -0.0131413 -1.90288 -0.00299918 0.0132905 0.999907 0.884771
0.998969 -0.0453336 0.00246202 -36.5875 0.0453599 0.998899 -0.0119596 -1.93561 -0.00191714 0.0120589 0.999925 0.901087
0.99896 -0.0455592 0.00190379 -37.4761 0.0455772 0.998902 -0.0108096 -1.97964 -0.00140922 0.0108851 0.99994 0.916511
0.998934 -0.0461004 0.00227948 -38.359 0.0461227 0.998876 -0.0109672 -2.01988 -0.00177133 0.0110606 0.999937 0.940991
0.998864 -0.0475635 0.00291924 -39.2498 0.047595 0.998796 -0.0119079 -2.05414 -0.00234934 0.0120333 0.999925 0.969074
0.99877 -0.049433 0.00372798 -40.1687 0.0494728 0.998709 -0.0114892 -2.09594 -0.00315522 0.0116595 0.999927 0.978581
0.99871 -0.0506798 0.00321059 -41.0908 0.0507138 0.998646 -0.0115959 -2.15562 -0.00261856 0.0117438 0.999928 1.00147
0.998624 -0.0523798 0.00241143 -42.0036 0.0524032 0.998566 -0.0109399 -2.19969 -0.00183494 0.0110513 0.999937 1.02133
0.998474 -0.0551782 0.00240446 -42.9428 0.0551998 0.998425 -0.0100625 -2.2465 -0.00184544 0.0101798 0.999946 1.05129
0.998284 -0.0584817 0.00311824 -43.906 0.0585093 0.99824 -0.00962452 -2.29823 -0.00254989 0.00979045 0.999949 1.08374
0.998098 -0.061471 0.00464097 -44.8445 0.061509 0.99807 -0.00853745 -2.34534 -0.00410721 0.00880668 0.999953 1.08956
0.997882 -0.0648484 0.0050447 -45.7892 0.0648877 0.99786 -0.00808207 -2.41001 -0.0045098 0.00839229 0.999955 1.11507
0.99768 -0.0679288 0.00444748 -46.7669 0.0679612 0.997659 -0.00758459 -2.4796 -0.00392186 0.00786925 0.999961 1.13442
0.997495 -0.0706638 0.00330907 -47.7466 0.0706838 0.997479 -0.00635358 -2.57183 -0.00285176 0.00657156 0.999974 1.15971
0.997257 -0.07398 0.00245717 -48.7394 0.0739933 0.997241 -0.00589061 -2.63338 -0.00201461 0.00605626 0.99998 1.20232
0.996961 -0.077826 0.00350585 -49.7279 0.0778444 0.996951 -0.00545618 -2.70678 -0.00307053 0.00571251 0.999979 1.21727
0.996572 -0.0825527 0.00536752 -50.7137 0.0825856 0.996565 -0.00621254 -2.79823 -0.00483622 0.00663452 0.999966 1.23437
0.996153 -0.0874193 0.00611222 -51.7303 0.0874594 0.996146 -0.00662182 -2.89026 -0.00550979 0.00713092 0.999959 1.24502
0.995741 -0.0920699 0.0046924 -52.7377 0.0921023 0.995723 -0.00721657 -2.98091 -0.00400791 0.00761802 0.999963 1.27593
0.995326 -0.0965284 0.00304606 -53.754 0.0965492 0.995299 -0.0076281 -3.07066 -0.00229541 0.00788653 0.999966 1.30703
0.994757 -0.102243 0.00210983 -54.8034 0.102256 0.99473 -0.00752894 -3.18531 -0.00132893 0.00770521 0.999969 1.3352
0.994207 -0.107479 0.000756023 -55.8376 0.107482 0.994184 -0.00674573 -3.29873 -2.65993e-05 0.00678792 0.999977 1.35935
0.993607 -0.112895 -0.000353309 -56.8745 0.11289 0.993586 -0.00651656 -3.42728 0.00108673 0.00643501 0.999979 1.38157
0.992941 -0.118607 -0.000837617 -57.9057 0.118595 0.992904 -0.00875397 -3.55013 0.00186995 0.00859284 0.999961 1.4126
0.992264 -0.124144 -0.000268051 -58.9606 0.124136 0.992221 -0.00932538 -3.68083 0.00142366 0.00921996 0.999956 1.41679
0.991603 -0.129321 0.000617193 -60.0437 0.129321 0.99156 -0.00919175 -3.80803 0.000576704 0.00919438 0.999958 1.45168
0.990809 -0.135248 0.00252594 -61.1241 0.135267 0.990762 -0.00967108 -3.97242 -0.00119461 0.00992387 0.99995 1.48462
0.990155 -0.139905 0.00453183 -62.1604 0.139948 0.990095 -0.0112565 -4.13332 -0.0029121 0.0117799 0.999926 1.50092
0.989531 -0.144184 0.00627099 -63.2438 0.144257 0.98945 -0.0133901 -4.29198 -0.00427418 0.0141546 0.999891 1.52765
0.988859 -0.148704 0.00675164 -64.3641 0.148792 0.988752 -0.0152025 -4.4505 -0.00441502 0.0160377 0.999862 1.54759
0.988476 -0.151245 0.00639751 -65.4532 0.151334 0.988337 -0.0169678 -4.61515 -0.0037566 0.0177404 0.999836 1.57993
0.98806 -0.153952 0.00602136 -66.5554 0.154031 0.987931 -0.0163428 -4.78689 -0.00343268 0.0170752 0.999848 1.61461
0.987765 -0.155873 0.00482478 -67.6614 0.155929 0.987651 -0.0152446 -4.96303 -0.00238897 0.0158105 0.999872 1.63869
0.987504 -0.157533 0.00432112 -68.7854 0.15758 0.987399 -0.0145446 -5.13977 -0.00197542 0.0150438 0.999885 1.67511
0.987268 -0.15899 0.00489344 -69.9037 0.159045 0.987165 -0.0145151 -5.31809 -0.00252288 0.0151086 0.999883 1.72032
0.987052 -0.160305 0.005556 -71.0471 0.160368 0.986958 -0.0139826 -5.51064 -0.00324207 0.0146925 0.999887 1.73902
0.986878 -0.161369 0.00556863 -72.1922 0.161433 0.986783 -0.014091 -5.69885 -0.00322117 0.0148051 0.999885 1.76415
0.986883 -0.161354 0.00520557 -73.3448 0.161415 0.986768 -0.0152906 -5.87898 -0.00266949 0.0159303 0.99987 1.79464
0.987053 -0.160333 0.00453985 -74.502 0.160388 0.986908 -0.0170005 -6.07128 -0.00175467 0.0175085 0.999845 1.82776
0.987334 -0.158603 0.00416448 -75.6658 0.158654 0.987152 -0.0189862 -6.26248 -0.00109971 0.0194064 0.999811 1.85224
0.9877 -0.1563 0.0043734 -76.8442 0.156356 0.987514 -0.0192048 -6.44284 -0.00131707 0.0196524 0.999806 1.86371
0.98813 -0.15355 0.00463933 -78.0242 0.153612 0.987938 -0.0195217 -6.62028 -0.00158581 0.0200027 0.999799 1.90164
0.98835 -0.152113 0.00507477 -79.2097 0.152185 0.988148 -0.0200627 -6.80153 -0.00196282 0.0206013 0.999786 1.93354
0.988624 -0.150265 0.00663164 -80.4053 0.150372 0.98841 -0.0208139 -6.97359 -0.00342719 0.0215743 0.999761 1.97722
0.989034 -0.147456 0.00832724 -81.5909 0.147592 0.988862 -0.0191817 -7.14478 -0.00540603 0.0202004 0.999781 2.0011
0.989492 -0.144247 0.00989013 -82.7934 0.144407 0.989356 -0.0179405 -7.32216 -0.00719698 0.0191802 0.99979 2.03815
0.989884 -0.141453 0.0110022 -83.991 0.141613 0.989802 -0.0154451 -7.49527 -0.00870526 0.0168469 0.99982 2.07266
0.990203 -0.139134 0.0118574 -85.2219 0.139282 0.99017 -0.0128067 -7.65799 -0.00995902 0.0143328 0.999848 2.10715
0.990571 -0.136615 0.0102736 -86.4534 0.136724 0.99055 -0.0107814 -7.81475 -0.00870361 0.0120844 0.999889 2.13929
0.990916 -0.134295 0.00712456 -87.6984 0.13437 0.990866 -0.0114068 -7.97988 -0.00552761 0.0122605 0.99991 2.18241
0.991261 -0.131814 0.00519609 -88.9344 0.131873 0.991179 -0.0131596 -8.14343 -0.00341564 0.0137298 0.9999 2.22571
0.991583 -0.129351 0.00553711 -90.1684 0.129424 0.991462 -0.0159049 -8.3121 -0.00343252 0.0164877 0.999858 2.26219
0.991864 -0.127093 0.00733228 -91.4384 0.127197 0.991748 -0.0160252 -8.47655 -0.00523508 0.0168275 0.999845 2.27534
0.992148 -0.124676 0.00986149 -92.7011 0.124806 0.992085 -0.0138177 -8.60798 -0.0080607 0.01494 0.999856 2.316
0.992367 -0.123032 0.00839923 -93.9781 0.123134 0.992307 -0.0128574 -8.76762 -0.00675274 0.0137935 0.999882 2.37041
0.992544 -0.121838 0.003455 -95.237 0.121871 0.992475 -0.0118494 -8.92443 -0.00198529 0.0121821 0.999924 2.38881
0.992639 -0.12111 0.000551817 -96.516 0.121107 0.992552 -0.0131949 -9.07337 0.00105033 0.0131646 0.999913 2.43181
0.992774 -0.119994 0.00128386 -97.7974 0.12 0.992657 -0.0152474 -9.23458 0.000555168 0.0152913 0.999883 2.47875
0.992882 -0.119057 0.00323284 -99.0808 0.119094 0.99276 -0.0156289 -9.39255 -0.00134871 0.0159027 0.999873 2.4933
0.99297 -0.118276 0.00469908 -100.355 0.118339 0.992835 -0.0165817 -9.5348 -0.0027042 0.0170212 0.999851 2.53733
0.993055 -0.117481 0.0063851 -101.604 0.117568 0.992943 -0.0155515 -9.68404 -0.00451304 0.0161942 0.999859 2.56823
0.992988 -0.11792 0.00833528 -102.893 0.118027 0.992913 -0.0138743 -9.83529 -0.00664017 0.0147608 0.999869 2.62131
0.992999 -0.117818 0.00850583 -104.158 0.117925 0.992931 -0.0134516 -9.98169 -0.00686087 0.0143604 0.999873 2.66558
0.993017 -0.11775 0.00729289 -105.415 0.117847 0.992921 -0.0148033 -10.1332 -0.00549818 0.0155594 0.999864 2.70365
0.9931 -0.117114 0.00598065 -106.67 0.117195 0.992984 -0.0157251 -10.2717 -0.00409706 0.0163175 0.999858 2.73947
0.993166 -0.116582 0.00543621 -107.93 0.116655 0.993043 -0.0160435 -10.4183 -0.00352801 0.016568 0.999857 2.78582
0.993201 -0.116278 0.00565162 -109.179 0.116359 0.993056 -0.0173262 -10.5692 -0.00359772 0.017866 0.999834 2.82804
0.993277 -0.115617 0.00574701 -110.439 0.115706 0.993106 -0.0187767 -10.714 -0.00353649 0.0193154 0.999807 2.85715
0.993425 -0.114359 0.00538855 -111.681 0.114445 0.993225 -0.0201572 -10.8587 -0.00304689 0.0206414 0.999782 2.88806
0.993566 -0.113104 0.00586384 -112.929 0.113203 0.993348 -0.0211061 -11.0017 -0.00343765 0.0216341 0.99976 2.92253
0.99376 -0.111226 0.0083226 -114.177 0.111379 0.993557 -0.0209492 -11.1351 -0.00593889 0.0217454 0.999746 2.96254
0.99386 -0.109978 0.0120949 -115.44 0.110205 0.993706 -0.0200579 -11.2678 -0.00981285 0.0212677 0.999726 3.00603
0.993922 -0.109107 0.0146747 -116.688 0.109379 0.993814 -0.0192306 -11.3977 -0.0124857 0.0207188 0.999707 3.05698
0.994057 -0.107802 0.0151338 -117.919 0.108079 0.993964 -0.0188495 -11.5374 -0.0130104 0.0203731 0.999708 3.11297
0.994253 -0.106274 0.0129002 -119.172 0.106497 0.994148 -0.018109 -11.6736 -0.0109002 0.0193787 0.999753 3.15965
0.994342 -0.105672 0.0107989 -120.452 0.10585 0.994229 -0.017468 -11.8063 -0.00889075 0.0185122 0.999789 3.19299
0.994354 -0.105642 0.0100289 -121.706 0.105799 0.994247 -0.0166937 -11.9423 -0.00820767 0.0176605 0.99981 3.23433
0.994335 -0.105702 0.0112117 -122.942 0.105884 0.99423 -0.0171814 -12.0736 -0.00933087 0.0182712 0.99979 3.29064
0.994214 -0.106721 0.0121895 -124.18 0.106911 0.994137 -0.0161778 -12.2057 -0.0103915 0.0173874 0.999795 3.31955
0.994172 -0.107173 0.0116285 -125.419 0.107357 0.994083 -0.0165386 -12.3412 -0.00978721 0.0176906 0.999796 3.37179
0.994131 -0.10765 0.0107327 -126.681 0.107822 0.994025 -0.0170186 -12.4711 -0.0088365 0.0180759 0.999798 3.42401
0.99408 -0.108081 0.0111072 -127.921 0.108259 0.993978 -0.0169608 -12.593 -0.0092072 0.0180628 0.999794 3.46491
0.993997 -0.108674 0.0126728 -129.165 0.108876 0.993919 -0.0164844 -12.7222 -0.0108043 0.0177652 0.999784 3.52202
0.993903 -0.10936 0.0140647 -130.406 0.109578 0.993853 -0.0157773 -12.8653 -0.0122528 0.0172223 0.999777 3.55961
0.993872 -0.109699 0.0136115 -131.664 0.109913 0.99381 -0.0161386 -13.0061 -0.0117569 0.0175358 0.999777 3.59919
0.993878 -0.109798 0.0122595 -132.901 0.110005 0.993773 -0.0177471 -13.137 -0.0102346 0.0189871 0.999767 3.65101
0.993826 -0.110353 0.0115023 -134.126 0.11055 0.993705 -0.0181458 -13.2865 -0.00942748 0.0193054 0.999769 3.69914
0.993807 -0.110431 0.0123776 -135.376 0.110641 0.993701 -0.0178034 -13.4146 -0.0103336 0.0190626 0.999765 3.74262
0.993865 -0.109747 0.0137381 -136.632 0.109985 0.993772 -0.0179196 -13.5497 -0.0116859 0.0193206 0.999745 3.79199
0.994015 -0.108216 0.0149791 -137.871 0.108486 0.993925 -0.0185624 -13.6814 -0.0128793 0.0200763 0.999715 3.84741
0.9941 -0.10747 0.0146984 -139.114 0.10774 0.993997 -0.0190218 -13.821 -0.012566 0.0204931 0.999711 3.88976
0.994139 -0.107248 0.0136378 -140.356 0.107496 0.994024 -0.0189708 -13.947 -0.0115218 0.0203256 0.999727 3.92585
0.994238 -0.106468 0.0124513 -141.601 0.106685 0.994124 -0.0183422 -14.0718 -0.0104253 0.0195648 0.999754 3.97791
0.994378 -0.105 0.0136904 -142.837 0.105223 0.994308 -0.0167094 -14.2071 -0.011858 0.018056 0.999767 4.03071
0.994443 -0.103963 0.0165832 -144.071 0.10423 0.994422 -0.0161475 -14.3383 -0.014812 0.0177862 0.999732 4.08639
0.994429 -0.103484 0.0200494 -145.302 0.103809 0.99447 -0.0159304 -14.4642 -0.01829 0.0179229 0.999672 4.13682
0.994429 -0.103193 0.0214886 -146.538 0.103539 0.994502 -0.0156684 -14.582 -0.0197536 0.017806 0.999646 4.18441
0.994423 -0.10356 0.0199503 -147.769 0.103867 0.994478 -0.0150383 -14.7097 -0.0182828 0.0170266 0.999688 4.22858
0.994359 -0.104705 0.0169168 -149.013 0.10496 0.994363 -0.0150019 -14.842 -0.0152507 0.0166929 0.999744 4.29385
0.99432 -0.105449 0.0144034 -150.263 0.105653 0.994302 -0.0142015 -14.9728 -0.0128238 0.0156426 0.999795 4.32641
0.99436 -0.105223 0.0132825 -151.503 0.105421 0.994311 -0.0152593 -15.0969 -0.0116013 0.0165735 0.999795 4.38364
0.994397 -0.104889 0.0131498 -152.733 0.105089 0.994341 -0.015593 -15.2208 -0.0114399 0.0168875 0.999792 4.43203
0.994366 -0.105235 0.012722 -153.965 0.105429 0.994303 -0.0157193 -15.3489 -0.0109953 0.016972 0.999796 4.4615
0.994467 -0.104236 0.0130113 -155.178 0.104443 0.994395 -0.0164291 -15.4719 -0.0112258 0.0176971 0.99978 4.51501
0.994619 -0.102542 0.014781 -156.405 0.102781 0.994569 -0.0163825 -15.6035 -0.0130208 0.0178136 0.999757 4.57015
0.994668 -0.101724 0.0169482 -157.646 0.102004 0.994647 -0.0165358 -15.7287 -0.0151754 0.0181764 0.99972 4.61879
0.994717 -0.101204 0.0172287 -158.889 0.101505 0.99468 -0.0175757 -15.8528 -0.0153583 0.0192316 0.999697 4.68103
0.994841 -0.100245 0.0155509 -160.126 0.100514 0.994781 -0.0175672 -15.9629 -0.0137087 0.0190397 0.999725 4.72595
0.994978 -0.0990659 0.0142941 -161.356 0.0993148 0.994895 -0.0179015 -16.0785 -0.0124477 0.0192312 0.999738 4.771
0.994988 -0.0989146 0.0146663 -162.595 0.0991646 0.994918 -0.0174291 -16.2012 -0.0128678 0.0187961 0.999741 4.81911
0.994995 -0.098676 0.0157223 -163.819 0.0989288 0.994962 -0.0162094 -16.3322 -0.0140436 0.0176837 0.999745 4.86666
0.994905 -0.0993983 0.0168636 -165.049 0.0996414 0.994922 -0.0142395 -16.4483 -0.0153626 0.0158473 0.999756 4.90429
0.994755 -0.100713 0.017884 -166.28 0.100978 0.994781 -0.0146316 -16.5629 -0.0163171 0.0163607 0.999733 4.96881
0.994626 -0.101599 0.0199248 -167.502 0.101905 0.994681 -0.0150072 -16.6796 -0.0182941 0.016957 0.999689 5.01469
0.994608 -0.101634 0.0206189 -168.73 0.101963 0.994666 -0.0156124 -16.8108 -0.0189221 0.0176306 0.999666 5.05547
0.994627 -0.101838 0.0185806 -169.981 0.102149 0.99463 -0.0166269 -16.9436 -0.0167876 0.0184356 0.999689 5.09744
0.994621 -0.10241 0.0155218 -171.208 0.102679 0.994558 -0.0176732 -17.0687 -0.0136274 0.0191719 0.999723 5.15091
0.99456 -0.10321 0.0140709 -172.453 0.103447 0.994484 -0.0173065 -17.1844 -0.0122071 0.0186679 0.999751 5.21474
0.99451 -0.103608 0.0146508 -173.687 0.103847 0.994454 -0.0166166 -17.3147 -0.012848 0.0180469 0.999755 5.27753
0.994462 -0.10365 0.0173789 -174.912 0.103939 0.994445 -0.0166091 -17.4508 -0.0155608 0.0183235 0.999711 5.32134
0.99435 -0.103901 0.0217336 -176.145 0.104254 0.994426 -0.0157702 -17.5723 -0.0199739 0.0179469 0.999639 5.35653
0.994254 -0.104459 0.0233793 -177.373 0.104832 0.994372 -0.0153432 -17.6798 -0.0216449 0.0177059 0.999609 5.40483
0.994303 -0.104505 0.0210005 -178.605 0.104842 0.994366 -0.0156501 -17.8084 -0.0192466 0.0177627 0.999657 5.45847
0.994401 -0.104313 0.0168988 -179.852 0.104583 0.994388 -0.015985 -17.9515 -0.0151365 0.0176629 0.999729 5.51751
0.994418 -0.104504 0.0145465 -181.085 0.10473 0.994376 -0.0157648 -18.0775 -0.0128172 0.0172003 0.99977 5.5818
0.99439 -0.104649 0.0153969 -182.325 0.104886 0.994364 -0.0154905 -18.2017 -0.0136891 0.0170185 0.999761 5.63696
0.994312 -0.104856 0.0186741 -183.555 0.105153 0.994332 -0.0157372 -18.3284 -0.0169181 0.0176113 0.999702 5.68038
0.994224 -0.105245 0.0210128 -184.787 0.105592 0.994279 -0.0161233 -18.4549 -0.0191957 0.018249 0.999649 5.72325
0.994239 -0.105275 0.0201476 -186.035 0.105632 0.994251 -0.0175375 -18.5905 -0.0181855 0.0195647 0.999643 5.78021
0.994258 -0.105501 0.0178857 -187.291 0.105859 0.994171 -0.0204276 -18.7257 -0.0156263 0.0222037 0.999631 5.83975
0.994384 -0.10485 0.0143942 -188.521 0.105169 0.994176 -0.0235206 -18.8682 -0.0118442 0.0249023 0.99962 5.87782
0.994486 -0.103965 0.0137142 -189.758 0.104304 0.994182 -0.0268736 -19.0008 -0.0108405 0.0281559 0.999545 5.94215
0.994519 -0.103298 0.0161841 -191.003 0.103756 0.994132 -0.0305877 -19.1195 -0.0129295 0.0320992 0.999401 5.99352
0.994491 -0.103035 0.0192885 -192.259 0.103595 0.994146 -0.0307054 -19.2481 -0.0160119 0.0325344 0.999342 6.0138
0.994517 -0.102412 0.0211611 -193.495 0.103009 0.994248 -0.0293365 -19.3792 -0.0180349 0.0313554 0.999346 6.06986
0.994517 -0.102124 0.0225293 -194.738 0.102717 0.994345 -0.0269788 -19.5079 -0.0196467 0.029145 0.999382 6.14366
0.994518 -0.101981 0.023108 -195.974 0.102581 0.994372 -0.0264774 -19.6391 -0.0202778 0.0287027 0.999382 6.19685
0.99465 -0.101311 0.0201746 -197.22 0.101851 0.994411 -0.0278011 -19.7534 -0.0172452 0.0297071 0.99941 6.23291
0.994739 -0.100941 0.0174938 -198.477 0.101415 0.99443 -0.0287178 -19.8759 -0.0144976 0.0303408 0.999434 6.29266
0.994764 -0.100516 0.0184677 -199.736 0.10101 0.994488 -0.0281184 -20.0031 -0.0155395 0.0298365 0.999434 6.34093
0.994785 -0.100004 0.0200281 -200.988 0.10054 0.994542 -0.0278729 -20.1358 -0.0171314 0.0297412 0.999411 6.38695
0.994695 -0.100736 0.0208385 -202.253 0.10132 0.994426 -0.0291659 -20.2531 -0.0177842 0.0311225 0.999357 6.43318
0.994602 -0.101885 0.0196674 -203.508 0.102445 0.994288 -0.0299407 -20.3821 -0.0165046 0.0317939 0.999358 6.47366
0.994568 -0.102784 0.0164589 -204.747 0.103269 0.994139 -0.0319966 -20.5166 -0.0130737 0.0335225 0.999352 6.54882
0.994535 -0.10327 0.0153542 -206.011 0.103768 0.993941 -0.0362438 -20.6601 -0.0115183 0.037639 0.999225 6.60941
0.994429 -0.103972 0.017347 -207.268 0.104608 0.993669 -0.0409805 -20.7893 -0.0129763 0.0425668 0.999009 6.65329
0.994264 -0.105194 0.0193126 -208.512 0.105938 0.993455 -0.0427053 -20.9208 -0.0146939 0.0445062 0.998901 6.68897
0.994243 -0.105441 0.0190681 -209.766 0.106197 0.993357 -0.0443218 -21.0526 -0.0142681 0.0460916 0.998835 6.73832
0.994234 -0.105531 0.0190329 -211.035 0.106303 0.993289 -0.0455719 -21.1927 -0.0140959 0.0473324 0.99878 6.78933
0.99417 -0.105873 0.0204319 -212.283 0.106707 0.993257 -0.0453273 -21.3311 -0.0154952 0.0472433 0.998763 6.8466
0.99416 -0.105796 0.0212906 -213.524 0.106646 0.993334 -0.043761 -21.4597 -0.0165189 0.045776 0.998815 6.87868
0.994121 -0.106199 0.0210943 -214.79 0.10705 0.993259 -0.0444515 -21.5953 -0.0162314 0.0464483 0.998789 6.93949
0.994125 -0.106194 0.0209269 -216.047 0.107047 0.993233 -0.0450469 -21.7326 -0.0160016 0.0470225 0.998766 6.98847
0.994153 -0.105944 0.0208876 -217.306 0.106782 0.9933 -0.0441993 -21.8644 -0.0160649 0.0461713 0.998804 7.05542
0.994166 -0.105702 0.0214911 -218.571 0.106541 0.993396 -0.0425844 -22.0022 -0.0168479 0.0446257 0.998862 7.11112
0.994225 -0.105085 0.0217489 -219.826 0.105923 0.993492 -0.0418685 -22.1362 -0.0172076 0.0439304 0.998886 7.16789
0.994235 -0.105024 0.0216186 -221.074 0.10587 0.993466 -0.0426235 -22.2691 -0.0170008 0.0446665 0.998857 7.22186
0.994277 -0.104705 0.0211985 -222.318 0.105555 0.993439 -0.0440032 -22.3964 -0.0164521 0.045989 0.998806 7.27874
0.994369 -0.103645 0.0221121 -223.558 0.104579 0.993434 -0.0464008 -22.5361 -0.0171577 0.048452 0.998678 7.33188
0.994426 -0.102637 0.0241551 -224.789 0.103675 0.993519 -0.0466095 -22.655 -0.0192147 0.048854 0.998621 7.37007
0.994538 -0.1012 0.025558 -226.003 0.102286 0.993713 -0.0455285 -22.7808 -0.0207898 0.0478941 0.998636 7.43645
0.994776 -0.0993844 0.0233005 -227.241 0.100387 0.99385 -0.0467505 -22.9088 -0.0185109 0.0488454 0.998635 7.50666
0.995024 -0.0984117 0.015577 -228.465 0.0990988 0.993707 -0.0522093 -23.0422 -0.0103409 0.0534931 0.998515 7.5606
0.995221 -0.0973389 0.00781121 -229.676 0.0976246 0.993645 -0.0560221 -23.1696 -0.00230844 0.0565169 0.998399 7.57699
0.995408 -0.0954727 0.0068855 -230.916 0.095711 0.993749 -0.0574612 -23.2898 -0.00135648 0.0578564 0.998324 7.61079
0.99554 -0.0938991 0.00906939 -232.133 0.0942581 0.994018 -0.0551751 -23.3938 -0.00383424 0.0557839 0.998436 7.64345
0.995653 -0.0925979 0.0100847 -233.348 0.0929957 0.994345 -0.0512839 -23.5022 -0.00527894 0.0519988 0.998633 7.68462
0.995646 -0.0927601 0.00922141 -234.552 0.0930881 0.994596 -0.0459773 -23.6179 -0.00490671 0.0466355 0.9989 7.72776
0.995672 -0.0926125 0.00778832 -235.746 0.0928642 0.994737 -0.0432926 -23.7229 -0.0037379 0.0438285 0.999032 7.7853
0.995701 -0.0923325 0.00730857 -236.957 0.0925643 0.994754 -0.0435427 -23.8252 -0.00324983 0.044032 0.999025 7.8209
0.995756 -0.0915942 0.00897433 -238.193 0.0919036 0.994784 -0.0442493 -23.9307 -0.00487454 0.0448863 0.99898 7.84883
0.995753 -0.0913343 0.0115469 -239.414 0.0917544 0.99483 -0.0435218 -24.0447 -0.00751221 0.0443965 0.998986 7.86746
0.99567 -0.0921603 0.0121632 -240.617 0.0925873 0.994855 -0.0411232 -24.1772 -0.00831074 0.0420713 0.99908 7.89252
0.995632 -0.0928365 0.00991951 -241.819 0.0931521 0.99491 -0.0384402 -24.2863 -0.00630037 0.0391963 0.999212 7.95074
0.995557 -0.0938845 0.00722104 -243.051 0.0940891 0.994872 -0.0371195 -24.3779 -0.00369906 0.037634 0.999285 8.01111
0.995427 -0.095253 0.00723244 -244.267 0.0954601 0.99471 -0.0379505 -24.49 -0.00357928 0.0384673 0.999253 8.04957
0.995329 -0.0961703 0.00842444 -245.464 0.0964355 0.994506 -0.0407247 -24.6077 -0.00446165 0.0413469 0.999135 8.07699
0.995272 -0.0965555 0.0104889 -246.68 0.0969315 0.994283 -0.0447933 -24.7216 -0.00610393 0.0455982 0.998941 8.12188
0.995239 -0.096734 0.0119329 -247.898 0.0972074 0.994052 -0.0491046 -24.855 -0.00711184 0.0500308 0.998722 8.15485
0.995235 -0.0966322 0.0130297 -249.108 0.0971814 0.993925 -0.0516706 -24.9888 -0.00795748 0.0526906 0.998579 8.16922
0.99532 -0.0956579 0.0137007 -250.3 0.0962373 0.994055 -0.0509294 -25.0974 -0.00874747 0.0520096 0.998608 8.20485
0.995345 -0.0954887 0.0130627 -251.52 0.0960183 0.994179 -0.0488826 -25.2205 -0.00831893 0.0499093 0.998719 8.25977
0.995224 -0.0967281 0.0131219 -252.752 0.0972333 0.994206 -0.0458294 -25.3356 -0.00861288 0.0468864 0.998863 8.30402
0.99499 -0.0991173 0.0130258 -253.952 0.0995995 0.994057 -0.0439334 -25.4489 -0.00859385 0.0450107 0.99895 8.34425
0.994775 -0.101348 0.0123243 -255.156 0.101786 0.993895 -0.0425621 -25.5565 -0.00793547 0.0435941 0.999018 8.39766
0.994567 -0.103504 0.0110938 -256.371 0.103873 0.993766 -0.0405027 -25.6813 -0.00683246 0.041435 0.999118 8.44803
0.994372 -0.105445 0.0102839 -257.583 0.105752 0.993733 -0.0362188 -25.8165 -0.00640031 0.0371025 0.999291 8.46465
0.994166 -0.107346 0.0104902 -258.786 0.107627 0.993693 -0.0314778 -25.9409 -0.00704505 0.0324232 0.999449 8.50113
0.99396 -0.109313 0.00970577 -259.994 0.109529 0.993656 -0.0255339 -26.0548 -0.00685301 0.0264427 0.999627 8.54895
0.993793 -0.11088 0.00899477 -261.211 0.111062 0.993542 -0.0232132 -26.1901 -0.00636281 0.0240681 0.99969 8.62128
0.99368 -0.111821 0.00980769 -262.392 0.112022 0.993436 -0.0231643 -26.3208 -0.00715306 0.0241165 0.999684 8.65659
0.993593 -0.112441 0.0113663 -263.586 0.112688 0.993336 -0.0241669 -26.4543 -0.00857321 0.0252929 0.999643 8.68
0.993572 -0.112396 0.0134822 -264.792 0.112719 0.993282 -0.0261761 -26.6029 -0.0104495 0.0275275 0.999566 8.71819
0.993573 -0.112233 0.0147151 -265.99 0.112613 0.99324 -0.0281704 -26.7337 -0.011454 0.0296465 0.999495 8.76672
0.993589 -0.112298 0.0130031 -267.171 0.112641 0.993194 -0.0296209 -26.8657 -0.00958822 0.0308957 0.999477 8.81981
0.993685 -0.111625 0.011372 -268.358 0.111925 0.99325 -0.0304499 -26.9983 -0.00789629 0.0315304 0.999472 8.87212
0.99383 -0.110398 0.0106768 -269.562 0.110667 0.993427 -0.029239 -27.1322 -0.00737867 0.0302402 0.999515 8.89608
0.993999 -0.108906 0.0102798 -270.747 0.109158 0.993622 -0.0282856 -27.25 -0.00713371 0.0292379 0.999547 8.95067
0.994155 -0.107504 0.00992649 -271.923 0.107737 0.993811 -0.0270746 -27.3633 -0.00695442 0.0279858 0.999584 8.99544
0.994277 -0.106445 0.00905123 -273.107 0.106639 0.993991 -0.0246857 -27.4921 -0.00636917 0.0255096 0.999654 9.01227
0.994413 -0.105299 0.00735143 -274.3 0.105438 0.994175 -0.0223163 -27.6259 -0.00495873 0.0229668 0.999724 9.06144
0.994592 -0.103635 0.00676358 -275.485 0.103764 0.994341 -0.0227649 -27.7502 -0.00436607 0.0233436 0.999718 9.12567
