1 0 0 0 0 1 0 0 0 0 1 0
1 -4.29877e-05 1.14345e-06 -0.000500108 4.29876e-05 1 1.41813e-05 0.000458361 -1.14406e-06 -1.41812e-05 1 -0.000966449
1 -2.55418e-05 -5.43109e-05 0.0015693 2.55414e-05 1 -6.63704e-06 -0.00224708 5.43111e-05 6.63566e-06 1 -0.000744793
1 9.94939e-06 2.91131e-06 -0.00176751 -9.94944e-06 1 1.53657e-05 -0.00304127 -2.91116e-06 -1.53657e-05 1 0.00015759
1 1.2094e-05 1.43998e-05 -0.00399282 -1.20941e-05 1 9.1525e-06 0.000393383 -1.43997e-05 -9.15267e-06 1 0.000464144
1 -3.67228e-05 -1.76745e-05 -0.00224483 3.67226e-05 1 -1.3635e-05 0.000815173 1.7675e-05 1.36343e-05 1 -0.000354673
1 1.45757e-06 1.15305e-05 0.00016512 -1.45768e-06 1 9.57742e-06 -0.0038488 -1.15305e-05 -9.57743e-06 1 -0.00158295
1 6.63287e-05 7.01811e-06 0.00370128 -6.63288e-05 1 1.30706e-05 -0.00130357 -7.01725e-06 -1.3071e-05 1 -0.00141353
1 -1.689e-05 6.26315e-06 -0.00134501 1.689e-05 1 3.48833e-06 -0.00090977 -6.2632e-06 -3.48822e-06 1 -0.000706968
1 -1.99071e-05 2.25549e-06 -0.00108689 1.99071e-05 1 1.83202e-06 -0.00107251 -2.25552e-06 -1.83197e-06 1 -0.000692089
1 1.527e-05 7.71964e-06 0.000384414 -1.527e-05 1 5.8498e-07 -0.00143684 -7.71963e-06 -5.85097e-07 1 -0.000817371
1 -7.32331e-06 2.60235e-06 -0.00142963 7.32328e-06 1 1.23103e-05 -0.00443521 -2.60244e-06 -1.23103e-05 1 -0.00101917
1 -4.89985e-07 -1.15959e-05 -0.00130894 4.90047e-07 1 5.30328e-06 -0.000770031 1.15959e-05 -5.30329e-06 1 -0.000575196
1 -4.63117e-06 -1.20515e-06 -0.00173842 4.63119e-06 1 1.50536e-05 0.00118123 1.20508e-06 -1.50536e-05 1 -0.000938963
1 -6.74297e-06 4.79855e-06 -0.0028956 6.74296e-06 1 2.91669e-06 0.00292941 -4.79857e-06 -2.91666e-06 1 -0.000371293
1 -9.67123e-08 4.68597e-06 0.00130345 9.6759e-08 1 -9.97108e-06 -0.00201491 -4.68597e-06 9.97108e-06 1 -0.00104392
1 -1.96894e-05 -1.1723e-05 0.00200015 1.96894e-05 1 -2.33532e-06 -0.000992228 1.17231e-05 2.33509e-06 1 -0.00125349
1 -8.25529e-06 5.36377e-06 0.00207664 8.25521e-06 1 1.5889e-05 0.000717129 -5.3639e-06 -1.58889e-05 1 -0.000860998
1 1.20244e-05 1.35349e-05 -0.00162606 -1.20246e-05 1 1.47303e-05 0.000380755 -1.35347e-05 -1.47304e-05 1 -0.000351793
1 -1.34723e-05 -1.49673e-05 -0.000942745 1.34724e-05 1 2.84224e-06 -0.00058269 1.49672e-05 -2.84244e-06 1 -0.000286225
1 -2.48508e-05 -1.3717e-05 0.00100037 2.48508e-05 1 -6.0281e-06 0.000405577 1.37172e-05 6.02776e-06 1 -0.000594289
1 -7.00732e-06 -5.98585e-07 -0.00179184 7.00732e-06 1 1.86801e-07 -0.000301777 5.98584e-07 -1.86805e-07 1 -0.000365506
1 1.33213e-05 1.3497e-05 -0.00240162 -1.33213e-05 1 4.95097e-06 0.00163019 -1.3497e-05 -4.95115e-06 1 -0.000716692
1 -1.12822e-06 5.69842e-06 -0.00198372 1.12817e-06 1 9.37678e-06 0.000577548 -5.69843e-06 -9.37677e-06 1 -0.000580748
1 -1.06515e-05 3.4765e-06 -0.00221377 1.06515e-05 1 1.13538e-05 -0.00183796 -3.47662e-06 -1.13538e-05 1 -0.000605871
1 2.85891e-06 -1.14152e-05 -0.00118033 -2.85892e-06 1 -1.63125e-06 -0.00447431 1.14152e-05 1.63129e-06 1 -0.000182005
1 -7.80858e-06 3.23338e-06 -0.00302667 7.80859e-06 1 -3.17427e-06 0.0004431 -3.23336e-06 3.1743e-06 1 -0.000290747
1 -1.30474e-05 1.20344e-05 -0.0024174 1.30475e-05 1 -5.55549e-06 0.00329792 -1.20343e-05 5.55565e-06 1 -0.000162962
1 -4.00574e-06 -2.40851e-06 0.000442729 4.00574e-06 1 -7.56959e-07 0.00247975 2.40851e-06 7.5695e-07 1 -0.000466907
1 -1.82038e-05 2.11482e-06 -0.00281943 1.82038e-05 1 6.26e-06 0.000170782 -2.11493e-06 -6.25997e-06 1 -0.000578674
1 -3.13751e-05 -4.30397e-06 -0.00319309 3.1375e-05 1 -9.957e-06 0.00451188 4.30428e-06 9.95686e-06 1 -0.000596042
1 -2.39185e-05 -7.93311e-06 -0.00249482 2.39185e-05 1 -5.92856e-06 0.0048361 7.93325e-06 5.92837e-06 1 -0.000587791
1 -1.95811e-05 -1.9177e-05 -0.00117226 1.9581e-05 1 -3.46623e-06 0.00180812 1.91771e-05 3.46585e-06 1 -0.000329825
1 -2.06532e-05 -2.67861e-05 -0.0015037 2.06532e-05 1 -1.43043e-06 4.34167e-06 2.67861e-05 1.42987e-06 1 -0.000588547
1 -5.41468e-06 9.95056e-06 -0.00359599 5.41463e-06 1 4.33844e-06 0.00326457 -9.95059e-06 -4.33839e-06 1 -0.000871762
1 -2.4246e-05 -4.50075e-06 -0.00138827 2.42459e-05 1 -4.20582e-06 0.00514041 4.50085e-06 4.20571e-06 1 -0.000763376
1 -4.52795e-05 -1.28938e-05 -0.00364152 4.52794e-05 1 -9.83335e-06 0.00503384 1.28942e-05 9.83276e-06 1 -0.000920044
1 -2.10173e-05 -8.14437e-06 -0.00145755 2.10172e-05 1 -6.78732e-06 0.00089121 8.14451e-06 6.78715e-06 1 -0.00038581
1 -2.89202e-05 -1.10275e-05 -0.00305564 2.89202e-05 1 -4.88673e-06 0.00402221 1.10276e-05 4.88641e-06 1 -0.000424829
1 -1.96693e-05 -1.70583e-08 5.52786e-05 1.96693e-05 1 3.17644e-07 0.00412341 1.70521e-08 -3.17645e-07 1 -0.000586605
1 -2.2375e-05 -3.03851e-06 -0.000808901 2.2375e-05 1 -3.27675e-06 0.00258229 3.03858e-06 3.27668e-06 1 -0.000103437
1 -2.15773e-05 -1.45733e-05 0.00106723 2.15772e-05 1 -5.12997e-06 0.000759821 1.45735e-05 5.12965e-06 1 -0.000143471
1 -1.43755e-05 -1.04277e-05 -0.00109206 1.43755e-05 1 -3.49315e-06 0.00572779 1.04277e-05 3.493e-06 1 -0.000771558
1 -7.44401e-06 -5.1426e-06 -0.00150058 7.44396e-06 1 -9.56409e-06 0.00536918 5.14268e-06 9.56405e-06 1 -0.00044383
1 9.98977e-06 4.96322e-06 0.000853381 -9.98977e-06 1 6.95974e-07 0.00232656 -4.96321e-06 -6.96023e-07 1 -0.00118429
1 -1.68668e-05 2.0786e-06 -0.00131396 1.68668e-05 1 1.69231e-06 0.00334419 -2.07863e-06 -1.69227e-06 1 -0.00131368
1 1.14328e-05 -5.06145e-06 0.00107363 -1.14328e-05 1 2.01755e-06 -2.98593e-05 5.06147e-06 -2.01749e-06 1 -0.000698623
1 -2.09861e-05 -1.47288e-05 0.0012914 2.09862e-05 1 5.80437e-06 0.00211471 1.47286e-05 -5.80467e-06 1 -0.000277538
1 -1.09583e-05 -3.58805e-05 0.0109675 1.09581e-05 1 -5.92757e-06 0.000219134 3.58806e-05 5.92718e-06 1 0.000341539
1 2.3613e-05 -3.57974e-07 0.0214252 -2.3613e-05 1 1.15067e-05 -0.00580288 3.58245e-07 -1.15067e-05 1 -5.07652e-05
1 2.22929e-05 2.21687e-05 0.0208033 -2.2293e-05 1 5.17568e-06 -0.00494938 -2.21686e-05 -5.17618e-06 1 0.000629491
1 1.47037e-05 3.79006e-05 0.0115916 -1.47039e-05 1 5.44204e-06 -7.40822e-05 -3.79005e-05 -5.44259e-06 1 0.000951823
1 1.30408e-06 4.4816e-06 0.00310493 -1.30409e-06 1 1.90824e-06 -0.0045829 -4.48159e-06 -1.90825e-06 1 0.000776975
1 2.70476e-05 1.41612e-05 -0.00382364 -2.70479e-05 1 2.71238e-05 -0.00934192 -1.41605e-05 -2.71242e-05 1 -6.55122e-06
1 -4.37779e-05 6.25425e-05 -0.0164027 4.3777e-05 1 1.49631e-05 -0.0114582 -6.25432e-05 -1.49604e-05 1 0.0006345
1 -0.000183095 0.000124197 -0.0362161 0.000183098 1 -2.48408e-05 -0.0147058 -0.000124192 2.48636e-05 1 0.00266294
1 -0.000238347 0.000225986 -0.0726645 0.000238347 1 -7.5952e-07 -0.0168405 -0.000225986 8.13383e-07 1 0.00338159
1 -0.000280768 0.00029537 -0.119718 0.000280767 1 4.84087e-06 -0.0143028 -0.000295371 -4.75794e-06 1 0.00166463
0.999999 -0.00119993 0.000296782 -0.21634 0.00119993 0.999999 1.56562e-07 -0.00919819 -0.000296782 1.99554e-07 1 0.00226878
0.999999 -0.00152543 0.00041439 -0.301494 0.00152542 0.999999 2.58068e-05 -0.00113468 -0.000414429 -2.51746e-05 1 0.00266537
0.999999 -0.00125072 0.000567449 -0.37926 0.00125071 0.999999 1.12907e-05 0.00159479 -0.000567463 -1.0581e-05 1 0.00468199
1 -0.000343887 0.000496973 -0.467659 0.00034389 1 -4.94747e-06 -0.00502329 -0.000496971 5.11837e-06 1 0.00495584
1 -0.000185058 0.000633288 -0.579718 0.000185041 1 2.68439e-05 -0.0103982 -0.000633293 -2.67267e-05 1 0.00665145
1 -0.000624381 0.000764364 -0.703095 0.000624371 1 1.32601e-05 -0.0159933 -0.000764373 -1.27829e-05 1 0.00728089
1 -0.000378509 0.000759878 -0.84023 0.000378527 1 -2.33305e-05 -0.0283655 -0.000759869 2.36181e-05 1 0.00560379
1 -0.000438117 0.000711435 -0.979123 0.000438228 1 -0.000155069 -0.036175 -0.000711367 0.000155381 1 0.00605809
1 -0.000246042 0.000729719 -1.1433 0.000246277 1 -0.000322026 -0.0411322 -0.00072964 0.000322205 1 0.0119123
1 -0.000554094 0.000751843 -1.32137 0.000554482 1 -0.000516151 -0.0365827 -0.000751557 0.000516568 1 0.0158191
0.999999 -0.000754919 0.000844229 -1.53079 0.000755492 0.999999 -0.000678616 -0.0472399 -0.000843717 0.000679253 0.999999 0.0157922
0.999999 -0.000783513 0.000969076 -1.69777 0.000784253 0.999999 -0.000763592 -0.0505016 -0.000968477 0.000764351 0.999999 0.0154719
0.999999 -0.000311025 0.000964663 -1.92715 0.000312178 0.999999 -0.00119506 -0.0397323 -0.000964291 0.00119536 0.999999 0.0281887
0.999999 0.000407726 0.00105988 -2.14777 -0.000406216 0.999999 -0.00142466 -0.0505663 -0.00106046 0.00142423 0.999998 0.0327772
1 7.90092e-05 0.000924808 -2.40237 -7.74698e-05 0.999999 -0.00166451 -0.0592752 -0.000924938 0.00166444 0.999998 0.0374026
0.999999 -0.000305893 0.000986455 -2.66603 0.000307513 0.999999 -0.00164198 -0.038873 -0.000985951 0.00164228 0.999998 0.0382854
0.999998 -0.000354974 0.00170839 -2.91687 0.000357751 0.999999 -0.00162533 -0.0400681 -0.00170781 0.00162594 0.999997 0.0484798
0.999994 -0.000368751 0.00356877 -3.18646 0.000373093 0.999999 -0.00121603 -0.0318609 -0.00356832 0.00121735 0.999993 0.0527533
0.999937 -0.000585075 0.0111926 -3.494 0.00058979 1 -0.000417973 -0.0230507 -0.0111924 0.000424548 0.999937 0.0643096
0.999843 -0.000654456 0.0177053 -3.7849 0.000619949 0.999998 0.0019544 -0.00290115 -0.0177066 -0.00194311 0.999841 0.0618703
0.999794 0.000884361 0.0202877 -4.05955 -0.000961275 0.999992 0.00378171 0.000481416 -0.0202842 -0.00380044 0.999787 0.0760077
0.999767 0.00135432 0.0215465 -4.40072 -0.00150565 0.999974 0.00700861 0.00611471 -0.0215365 -0.00703942 0.999743 0.0899867
0.999775 0.00110644 0.021195 -4.76554 -0.00136332 0.999926 0.0121093 0.00627873 -0.0211801 -0.0121355 0.999702 0.102219
0.999812 0.00153796 0.0193089 -5.10943 -0.00181164 0.999898 0.0141645 0.0013108 -0.0192851 -0.0141968 0.999713 0.125254
0.999833 0.00187617 0.0181957 -5.47495 -0.00211285 0.999913 0.0129968 0.016349 -0.0181698 -0.0130331 0.99975 0.141057
0.999895 0.00230138 0.0142917 -5.86173 -0.00243967 0.99995 0.00966687 0.00597 -0.0142688 -0.00970073 0.999851 0.1427
0.999984 0.00347962 0.00435001 -6.27039 -0.00350163 0.999981 0.00506301 0.0076483 -0.00433231 -0.00507816 0.999978 0.132701
0.99994 0.00318126 -0.0104768 -6.66835 -0.00315485 0.999992 0.00253614 0.00245445 0.0104847 -0.00250293 0.999942 0.106165
0.999728 0.00265474 -0.0231827 -7.08951 -0.00257788 0.999991 0.00334469 0.00610113 0.0231914 -0.00328402 0.999726 0.0857598
0.999592 0.00245014 -0.0284533 -7.53917 -0.00221696 0.999964 0.00822364 0.0392496 0.0284724 -0.0081572 0.999561 0.106096
0.999626 0.00249824 -0.0272268 -7.96291 -0.00213874 0.99991 0.013225 0.024503 0.0272574 -0.0131618 0.999542 0.142196
0.999687 0.00300588 -0.0248242 -8.39419 -0.00268033 0.99991 0.013137 0.0258757 0.0248615 -0.0130664 0.999606 0.190722
0.999786 0.00323257 -0.0204325 -8.86842 -0.00309436 0.999972 0.00679236 0.023393 0.0204539 -0.00672768 0.999768 0.196962
0.999896 0.00404891 -0.013811 -9.31237 -0.00407461 0.99999 -0.00183314 0.0154395 0.0138034 0.00188923 0.999903 0.153132
0.999978 0.0049258 -0.00444331 -9.80028 -0.00495261 0.999969 -0.00604409 0.0270472 0.0044134 0.00606596 0.999972 0.110447
0.999987 0.00512917 0.000656543 -10.2987 -0.00512613 0.999977 -0.00454863 0.0145005 -0.000679858 0.0045452 0.999989 0.0967676
0.999988 0.00475887 -0.000617663 -10.7882 -0.00475976 0.999988 -0.00143921 0.0341495 0.000610807 0.00144213 0.999999 0.126797
0.999978 0.00530856 -0.00391821 -11.2986 -0.00531007 0.999986 -0.00037669 0.0529278 0.00391615 0.000397488 0.999992 0.166253
0.999963 0.00678449 -0.00537911 -11.8383 -0.00678994 0.999976 -0.000994631 0.0366611 0.00537224 0.00103112 0.999985 0.174589
0.999961 0.00773893 -0.00428041 -12.3712 -0.00775083 0.999966 -0.00276924 0.0230697 0.00425884 0.00280231 0.999987 0.166542
0.999965 0.00797497 -0.00247132 -12.9183 -0.00798364 0.999962 -0.00351927 0.0244405 0.00244316 0.00353888 0.999991 0.164104
0.999963 0.00837422 -0.00177647 -13.4627 -0.00837899 0.999961 -0.00269592 0.0418371 0.00175382 0.0027107 0.999995 0.164318
0.999961 0.00858348 -0.00213442 -14.0016 -0.00858766 0.999961 -0.00195657 0.0647524 0.00211754 0.00197482 0.999996 0.182807
0.99995 0.00949992 -0.00313636 -14.5746 -0.0095066 0.999953 -0.00212353 0.0712032 0.00311604 0.00215324 0.999993 0.200524
0.999941 0.0102008 -0.00366634 -15.1538 -0.0102088 0.999946 -0.00217817 0.0666811 0.00364392 0.00221547 0.999991 0.192858
0.999928 0.0110705 -0.00460052 -15.7262 -0.0110706 0.999939 5.41472e-06 0.0759785 0.0046003 4.5516e-05 0.999989 0.190461
0.999906 0.0120122 -0.00655324 -16.2839 -0.0119783 0.999915 0.00519319 0.091328 0.00661506 -0.00511421 0.999965 0.21488
0.999872 0.0132523 -0.0090189 -16.8625 -0.0131915 0.99989 0.00676349 0.113874 0.00910754 -0.00664365 0.999936 0.244868
0.99985 0.0139591 -0.0102248 -17.457 -0.0139113 0.999892 0.00473087 0.129305 0.0102897 -0.00458792 0.999937 0.257888
0.999842 0.0149806 -0.00953452 -18.0431 -0.0149754 0.999888 0.000615253 0.121106 0.00954267 -0.000472373 0.999954 0.269126
0.999845 0.0160665 -0.00723499 -18.6162 -0.0160906 0.999865 -0.00328706 0.126166 0.0071812 0.00340296 0.999968 0.253077
0.999846 0.0166897 -0.00537221 -19.2096 -0.0167055 0.999856 -0.00291487 0.143051 0.00532279 0.00300417 0.999981 0.230001
0.999836 0.0171492 -0.00577721 -19.8114 -0.0171385 0.999851 0.001899 0.171805 0.00580892 -0.00179968 0.999982 0.252811
0.999788 0.0189082 -0.00817848 -20.3975 -0.018855 0.999801 0.00652837 0.196066 0.00830029 -0.00637277 0.999945 0.279292
0.999742 0.0207566 -0.00926987 -20.9846 -0.0206996 0.999766 0.00621064 0.209956 0.00939661 -0.00601715 0.999938 0.309136
0.999712 0.0225104 -0.00830472 -21.5781 -0.0224921 0.999744 0.00228592 0.213876 0.00835406 -0.00209847 0.999963 0.320751
0.999697 0.0237966 -0.00621601 -22.1936 -0.0238082 0.999715 -0.00180774 0.221422 0.00617122 0.00195519 0.999979 0.316353
0.999685 0.0248919 -0.00322461 -22.7824 -0.0249074 0.999678 -0.00485068 0.238527 0.00310283 0.00492946 0.999983 0.303046
0.999682 0.0252011 -0.000234787 -23.3667 -0.0252019 0.999672 -0.00445809 0.262304 0.000122362 0.00446259 0.99999 0.307428
0.999656 0.0262137 0.000222217 -23.9547 -0.026213 0.999653 -0.00275913 0.273905 -0.000294467 0.00275236 0.999996 0.333111
0.999604 0.0280667 -0.00193933 -24.5578 -0.0280717 0.999603 -0.00258978 0.298821 0.00186587 0.00264319 0.999995 0.364793
0.999541 0.0298045 -0.00539214 -25.1612 -0.0298255 0.999548 -0.00385186 0.308832 0.00527489 0.00401092 0.999978 0.365703
0.999455 0.0313221 -0.010402 -25.7428 -0.0313853 0.99949 -0.00596748 0.328991 0.0102098 0.0062907 0.999928 0.363611
0.999325 0.0338441 -0.0143192 -26.3525 -0.0339452 0.9994 -0.00687925 0.360068 0.0140778 0.00736067 0.999874 0.365002
0.999234 0.0358457 -0.0157118 -26.9331 -0.0359481 0.999334 -0.00628297 0.380576 0.0154761 0.00684296 0.999857 0.380787
0.999197 0.0373961 -0.0143493 -27.5306 -0.0374803 0.999281 -0.00564627 0.403962 0.0141278 0.00617956 0.999881 0.39816
0.999169 0.0392985 -0.0108086 -28.1111 -0.0393676 0.999205 -0.00626265 0.430632 0.0105539 0.00668296 0.999922 0.411522
0.999146 0.0409146 -0.00577613 -28.6873 -0.0409556 0.999135 -0.00717117 0.456959 0.00547772 0.00740161 0.999958 0.418374
0.999108 0.0422168 -0.00130581 -29.2558 -0.0422263 0.999073 -0.0084158 0.488105 0.000949311 0.00846343 0.999964 0.427966
0.999028 0.0440366 0.00171793 -29.8281 -0.0440191 0.998989 -0.00915966 0.517098 -0.00211956 0.00907514 0.999957 0.432093
0.998942 0.0459612 0.00184484 -30.4222 -0.0459423 0.998901 -0.00924967 0.538512 -0.00226793 0.00915512 0.999956 0.440976
0.998853 0.0478832 -0.00050833 -31.0067 -0.0478858 0.998812 -0.00904744 0.558623 7.45057e-05 0.00906141 0.999959 0.453789
0.998758 0.0497169 -0.00334427 -31.5907 -0.0497456 0.99872 -0.00914546 0.593531 0.0028853 0.00930046 0.999953 0.469114
0.998655 0.0515568 -0.00548499 -32.1662 -0.0516078 0.998621 -0.00960373 0.626614 0.00498229 0.00987388 0.999939 0.477869
0.99854 0.0534889 -0.00748632 -32.744 -0.0535592 0.998519 -0.00952377 0.668287 0.00696582 0.00991083 0.999927 0.484482
0.998421 0.0554993 -0.00866928 -33.3172 -0.0555695 0.998422 -0.00808596 0.702107 0.00820684 0.00855494 0.99993 0.487305
0.998322 0.0571232 -0.00950147 -33.877 -0.0571844 0.998344 -0.00629789 0.741335 0.00912598 0.00683066 0.999935 0.490834
0.998199 0.0591501 -0.0099957 -34.4404 -0.0591997 0.998235 -0.0047466 0.772181 0.0096973 0.0053298 0.999939 0.515083
0.998082 0.061224 -0.00920018 -35.0118 -0.0612726 0.998108 -0.00509152 0.823752 0.00887105 0.00564547 0.999945 0.542868
0.997996 0.0629189 -0.00676435 -35.5754 -0.0629687 0.997988 -0.00742483 0.848989 0.00628357 0.00783589 0.99995 0.544821
0.997905 0.0646429 -0.002481 -36.1326 -0.0646663 0.997847 -0.0109675 0.879692 0.00176668 0.011105 0.999937 0.552005
0.997815 0.0660145 0.00270649 -36.6827 -0.0659775 0.997749 -0.0120121 0.920546 -0.00349337 0.0118073 0.999924 0.545037
0.997731 0.0670624 0.00600189 -37.2612 -0.0670032 0.997707 -0.00956126 0.966176 -0.00662933 0.00913742 0.999936 0.557502
0.997614 0.0688953 0.0043892 -37.8121 -0.068873 0.997613 -0.00504005 1.02447 -0.00472596 0.00472572 0.999978 0.579055
0.997443 0.0714647 0.00101055 -38.3682 -0.0714608 0.997437 -0.00347442 1.06697 -0.00125626 0.00339332 0.999993 0.629732
0.997267 0.0738801 -0.00028462 -38.9246 -0.0738804 0.997247 -0.00626223 1.10658 -0.000178817 0.00626614 0.99998 0.647102
0.997089 0.0762405 0.00078191 -39.4768 -0.0762304 0.99705 -0.00900643 1.14717 -0.00146626 0.00892061 0.999959 0.62363
0.996909 0.0785166 0.00263669 -40.0389 -0.0784907 0.996876 -0.00878759 1.20086 -0.00331842 0.00855347 0.999958 0.627564
0.996734 0.0805197 0.0061233 -40.597 -0.0804732 0.996729 -0.0074917 1.24606 -0.0067065 0.00697447 0.999953 0.655327
0.99654 0.0825809 0.00944858 -41.1458 -0.0825156 0.996564 -0.00710818 1.30149 -0.0100031 0.00630393 0.99993 0.684118
0.996323 0.0850595 0.0102231 -41.7082 -0.0849735 0.996346 -0.00856947 1.33793 -0.0109147 0.00766927 0.999911 0.713844
0.996147 0.087253 0.00885223 -42.2696 -0.0871693 0.996149 -0.00943285 1.37902 -0.00964119 0.00862486 0.999916 0.701677
0.995991 0.0893194 0.00493113 -42.8498 -0.089281 0.995978 -0.00752772 1.4505 -0.00558366 0.00705728 0.99996 0.698009
0.995812 0.0913861 -0.00250797 -43.4083 -0.0913958 0.995806 -0.00406969 1.51324 0.00212554 0.00428187 0.999989 0.724253
0.995562 0.0937115 -0.00858283 -43.9723 -0.0937369 0.995594 -0.00261108 1.56527 0.00830032 0.00340402 0.99996 0.755225
0.995294 0.0960873 -0.0125233 -44.5414 -0.0961499 0.995357 -0.0044918 1.62039 0.0120335 0.00567477 0.999911 0.768845
0.995048 0.0985251 -0.0131341 -45.1179 -0.0986163 0.995104 -0.0064866 1.68395 0.0124307 0.00774971 0.999893 0.743864
0.9949 0.100329 -0.01041 -45.6913 -0.10039 0.994933 -0.00555121 1.74515 0.00980034 0.00656796 0.99993 0.733378
0.994787 0.101821 -0.00557317 -46.2528 -0.101836 0.994798 -0.002514 1.80988 0.0052882 0.00306844 0.999981 0.76058
0.994673 0.103047 -0.0025297 -46.8262 -0.103049 0.994676 -0.000927471 1.86819 0.00242066 0.00118321 0.999996 0.799639
0.994536 0.104367 -0.00225708 -47.4124 -0.104371 0.994537 -0.00148014 1.93958 0.00209027 0.00170762 0.999996 0.807503
0.994375 0.105866 -0.00327744 -47.9849 -0.105877 0.994374 -0.00319611 2.01363 0.00292064 0.00352514 0.99999 0.807627
0.994234 0.107136 -0.00444277 -48.5639 -0.107157 0.994231 -0.00468374 2.0641 0.00391534 0.00513281 0.999979 0.811061
0.994119 0.108194 -0.00458303 -49.1442 -0.10822 0.994109 -0.00590024 2.12731 0.00391767 0.00636151 0.999972 0.820995
0.993998 0.109317 -0.00422877 -49.7388 -0.109339 0.99399 -0.00533736 2.1939 0.0036199 0.0057677 0.999977 0.82572
0.993844 0.110658 -0.00533603 -50.3362 -0.110678 0.99385 -0.00361034 2.27305 0.0049037 0.0041787 0.999979 0.8429
0.993666 0.112166 -0.00676293 -50.9267 -0.112186 0.993684 -0.00252452 2.34156 0.00643705 0.00326723 0.999974 0.850899
0.993481 0.113803 -0.00661971 -51.5144 -0.113818 0.9935 -0.00195932 2.41142 0.0063537 0.00269999 0.999976 0.848811
0.993306 0.115329 -0.00652551 -52.1167 -0.11534 0.993325 -0.00139876 2.48865 0.00632064 0.00214205 0.999978 0.859772
0.993144 0.116736 -0.00612707 -52.7289 -0.116743 0.993162 -0.000801078 2.56255 0.00599166 0.00151088 0.999981 0.877635
0.992978 0.118211 -0.0045116 -53.327 -0.118216 0.992988 -0.000702336 2.6372 0.00439694 0.00123075 0.99999 0.89487
0.992809 0.119673 -0.00287375 -53.9339 -0.119675 0.992813 -0.000666972 2.71155 0.00277327 0.00100609 0.999996 0.89921
0.992652 0.12097 -0.00269618 -54.5452 -0.120971 0.992656 -8.70264e-05 2.79302 0.00266585 0.000412546 0.999996 0.902576
0.992532 0.121931 -0.00375391 -55.18 -0.121929 0.992539 0.000757469 2.87911 0.00381825 -0.000294103 0.999993 0.914421
0.992373 0.123148 -0.00556381 -55.7862 -0.123141 0.992388 0.00157849 2.96562 0.00571585 -0.000881315 0.999983 0.930217
0.99216 0.124794 -0.0066574 -56.396 -0.124789 0.992183 0.00123898 3.03895 0.00675998 -0.000398497 0.999977 0.948318
0.992047 0.125755 -0.00531301 -57.0461 -0.125753 0.992061 0.000632972 3.12053 0.00535043 4.019e-05 0.999986 0.948056
0.992104 0.125345 -0.00419984 -57.6977 -0.125341 0.992113 0.00114284 3.20271 0.00430996 -0.000607401 0.999991 0.950077
0.992234 0.124291 -0.00477023 -58.3219 -0.124289 0.992246 0.000748355 3.28461 0.00482625 -0.000149658 0.999988 0.973289
0.992328 0.123515 -0.00536739 -58.965 -0.123518 0.992342 -0.000109856 3.36867 0.00531272 0.000771981 0.999986 0.973622
0.992343 0.123368 -0.00594609 -59.6202 -0.123373 0.99236 -0.000494756 3.44188 0.00583962 0.00122455 0.999982 0.973994
0.992359 0.123267 -0.00546145 -60.2614 -0.123272 0.992373 -0.000680855 3.52712 0.00533587 0.0013489 0.999985 0.992525
0.992404 0.122982 -0.00301629 -60.9033 -0.122988 0.992406 -0.00194466 3.60244 0.00275423 0.00230086 0.999994 1.02692
0.992484 0.122374 -0.000696816 -61.5705 -0.122376 0.99248 -0.0027874 3.67923 0.000350469 0.00285172 0.999996 1.03244
0.992516 0.122118 -0.000103362 -62.2422 -0.122118 0.992513 -0.00232971 3.76013 -0.000181912 0.00232489 0.999997 1.01998
0.992531 0.121985 -0.00124585 -62.9129 -0.121987 0.992531 -0.00140221 3.85295 0.0010655 0.00154371 0.999998 1.02709
0.992566 0.121698 -0.00180627 -63.5865 -0.121699 0.992567 -0.000333729 3.9315 0.00175223 0.00055107 0.999998 1.0512
0.992589 0.121504 -0.00171429 -64.2631 -0.121507 0.99259 -0.0014272 4.02226 0.00152817 0.00162492 0.999998 1.09701
0.992609 0.121356 -0.000284099 -64.9571 -0.121356 0.992603 -0.00353682 4.0943 -0.000147216 0.00354516 0.999994 1.09642
0.992656 0.120973 0.000577055 -65.6592 -0.12097 0.992647 -0.00431729 4.17073 -0.00109509 0.00421578 0.999991 1.07832
0.992683 0.120741 -0.00111304 -66.3394 -0.120744 0.992677 -0.00372492 4.26223 0.000655139 0.00383206 0.999992 1.09074
0.992735 0.120268 -0.00361442 -67.0344 -0.12028 0.992735 -0.00325369 4.35738 0.00319685 0.0036648 0.999988 1.13087
0.99273 0.120284 -0.00431133 -67.7342 -0.120298 0.992733 -0.00324513 4.44364 0.00388966 0.00374018 0.999985 1.15482
0.992665 0.120858 -0.00297125 -68.4469 -0.120871 0.992658 -0.00451538 4.53008 0.00240371 0.00484139 0.999985 1.17536
0.992646 0.121052 1.09091e-05 -69.1577 -0.12105 0.992631 -0.0056013 4.60302 -0.000688879 0.00555879 0.999984 1.17024
0.992641 0.121084 0.00140281 -69.8605 -0.121075 0.992629 -0.00532861 4.69879 -0.00203768 0.00511955 0.999985 1.17029
0.992641 0.121097 0.000590435 -70.5728 -0.121093 0.992633 -0.00408817 4.79709 -0.00108115 0.00398659 0.999991 1.18185
0.992625 0.121219 -0.000695093 -71.3067 -0.121221 0.992617 -0.00400151 4.88312 0.000204901 0.00405626 0.999992 1.21653
0.992628 0.1212 -0.000450614 -72.0309 -0.121201 0.992619 -0.00426015 4.97976 -6.9044e-05 0.00428336 0.999991 1.2314
0.992586 0.121536 0.0014934 -72.7464 -0.121531 0.992582 -0.00345278 5.06738 -0.00190196 0.00324569 0.999993 1.23457
0.992574 0.121611 0.00291446 -73.4839 -0.121608 0.992577 -0.00130514 5.16696 -0.00305155 0.000941023 0.999995 1.25087
0.992613 0.121312 0.00165548 -74.2231 -0.121313 0.992614 0.00069676 5.2653 -0.00155873 -0.000892445 0.999998 1.28876
0.992655 0.120979 -0.000854524 -74.9582 -0.120977 0.992654 0.00158978 5.35056 0.00104058 -0.00147473 0.999998 1.31185
0.992723 0.120409 -0.00189924 -75.7095 -0.120405 0.992723 0.00192893 5.43446 0.00211768 -0.00168622 0.999996 1.31023
0.992868 0.119208 -0.00135938 -76.4604 -0.119204 0.992867 0.00243114 5.52978 0.0016395 -0.00225176 0.999996 1.3247
0.993056 0.117644 -6.32089e-05 -77.2013 -0.117643 0.993052 0.00272919 5.6133 0.000383843 -0.0027028 0.999996 1.34868
0.993229 0.116167 0.00105733 -77.9616 -0.11617 0.993226 0.00260406 5.70734 -0.000747664 -0.00270925 0.999996 1.37077
0.993351 0.115112 0.00165238 -78.7196 -0.115115 0.99335 0.00199582 5.79919 -0.00141165 -0.00217277 0.999997 1.37776
0.993462 0.114142 0.00199349 -79.468 -0.114146 0.993463 0.00169308 5.88041 -0.00178721 -0.00190956 0.999997 1.38281
0.993593 0.113017 0.000862603 -80.2313 -0.113018 0.993591 0.00176945 5.96825 -0.000657097 -0.00185561 0.999998 1.41113
0.993762 0.111518 -0.00111502 -81.0073 -0.111515 0.993761 0.00188781 6.04852 0.00131858 -0.00175169 0.999998 1.42027
0.993934 0.109944 -0.00267699 -81.7808 -0.10994 0.993937 0.00135811 6.13655 0.00281008 -0.00105556 0.999995 1.42474
0.994063 0.108764 -0.0031036 -82.5505 -0.108759 0.994067 0.00169198 6.22846 0.00326921 -0.00134439 0.999994 1.44041
0.994174 0.107743 -0.00323152 -83.3035 -0.107735 0.994176 0.00268337 6.30912 0.00350182 -0.00231959 0.999991 1.46043
0.994297 0.106577 -0.00374577 -84.0663 -0.106566 0.9943 0.00326058 6.38621 0.00407192 -0.00284282 0.999988 1.48587
0.994404 0.105565 -0.0041108 -84.8353 -0.105557 0.994411 0.00221877 6.46998 0.00432205 -0.00177243 0.999989 1.50094
0.994531 0.104384 -0.00338056 -85.6009 -0.10438 0.994537 0.00132715 6.55008 0.00350062 -0.000967036 0.999993 1.50233
0.994672 0.103057 -0.00268956 -86.3615 -0.103054 0.994675 0.00142815 6.63173 0.00282242 -0.00114337 0.999995 1.50669
0.994791 0.101904 -0.00268658 -87.1328 -0.101898 0.994792 0.00233752 6.70759 0.00291079 -0.00205159 0.999994 1.53207
0.994903 0.10077 -0.00371639 -87.9072 -0.100759 0.994906 0.00313533 6.79288 0.0040134 -0.0027449 0.999988 1.55842
0.994977 0.0999887 -0.00471724 -88.6739 -0.0999741 0.994985 0.00323491 6.866 0.00501704 -0.00274706 0.999984 1.56467
0.995096 0.0988447 -0.00379677 -89.4286 -0.0988356 0.995101 0.00250184 6.94102 0.00402546 -0.00211432 0.99999 1.57656
0.995229 0.0975559 -0.00112876 -90.1819 -0.0975532 0.995228 0.00222803 7.01405 0.00134074 -0.00210729 0.999997 1.5912
0.995306 0.0967742 0.000927961 -90.9307 -0.0967762 0.995303 0.00250943 7.0818 -0.000680754 -0.00258746 0.999996 1.61602
0.995297 0.0968674 0.000848745 -91.678 -0.0968691 0.995295 0.00225759 7.15486 -0.000626065 -0.00232919 0.999997 1.64771
0.995206 0.0978027 -0.000539814 -92.4166 -0.0978021 0.995205 0.00101109 7.23888 0.000636113 -0.000953445 0.999999 1.66782
0.995141 0.0984419 -0.00193485 -93.1808 -0.0984431 0.995143 -0.000537405 7.30456 0.00187254 0.000725266 0.999998 1.6739
0.995104 0.0987741 -0.00330415 -93.9345 -0.0987785 0.995109 -0.00118744 7.37459 0.0031707 0.00150801 0.999994 1.68339
0.995066 0.0991298 -0.00415543 -94.6664 -0.0991364 0.995073 -0.00142233 7.44805 0.00399396 0.00182727 0.99999 1.70726
0.99505 0.0992904 -0.00402336 -95.401 -0.0992971 0.995057 -0.00150016 7.52299 0.00385452 0.00189225 0.999991 1.7263
0.994971 0.100097 -0.00374462 -96.1165 -0.100106 0.994974 -0.00217365 7.5917 0.00350822 0.00253758 0.999991 1.74562
0.994914 0.10067 -0.00336594 -96.8458 -0.100682 0.994913 -0.0034543 7.6655 0.00300107 0.00377562 0.999988 1.75839
0.994903 0.100802 -0.00256089 -97.5731 -0.100813 0.994896 -0.00433921 7.7367 0.00211042 0.00457526 0.999987 1.76446
0.994871 0.10114 -0.0016766 -98.3107 -0.101147 0.99486 -0.00485079 7.80675 0.00117738 0.00499549 0.999987 1.7836
0.994874 0.101116 -0.000850884 -99.0322 -0.101119 0.994862 -0.00490241 7.88771 0.000350799 0.00496332 0.999988 1.80361
0.994847 0.101384 -0.000760535 -99.7467 -0.101387 0.994832 -0.00544769 7.96662 0.000204297 0.00549672 0.999985 1.84316
0.994795 0.101898 8.86622e-05 -100.456 -0.101895 0.994764 -0.00782118 8.02965 -0.000885164 0.00777144 0.999969 1.85172
0.994798 0.101867 -0.000102352 -101.173 -0.101864 0.994753 -0.00954112 8.09991 -0.000870114 0.00950191 0.999954 1.85447
0.994789 0.101944 -0.00119256 -101.874 -0.101951 0.994708 -0.0127246 8.17444 -0.000110946 0.0127799 0.999918 1.88412
0.99474 0.10223 0.00638967 -102.568 -0.102128 0.994662 -0.0147344 8.23497 -0.00786187 0.0140043 0.999871 1.89987
0.994568 0.102155 0.0199945 -103.264 -0.101924 0.994717 -0.0122594 8.30206 -0.0211412 0.0101549 0.999725 1.92496
0.994409 0.101374 0.0295553 -103.959 -0.101247 0.994845 -0.00576188 8.39881 -0.0299871 0.00273728 0.999547 1.93879
0.994476 0.101432 0.0269861 -104.646 -0.101454 0.99484 -0.000564831 8.4911 -0.0269041 -0.00217614 0.999636 1.9988
0.994763 0.101679 0.0103663 -105.366 -0.10168 0.994817 -0.000481441 8.55684 -0.0103616 -0.000575127 0.999946 2.04152
0.994714 0.101696 -0.0142278 -106.085 -0.101745 0.994807 -0.00276393 8.61799 0.0138728 0.00419694 0.999895 2.00673
0.994107 0.101576 -0.0378608 -106.815 -0.101702 0.994814 -0.00141256 8.68278 0.0375209 0.00525476 0.999282 1.95475
0.993758 0.101403 -0.0465053 -107.512 -0.101399 0.994843 0.00244955 8.76539 0.0465139 0.00228134 0.998915 1.98296
0.994326 0.101515 -0.0317988 -108.195 -0.101462 0.994834 0.00329071 8.84349 0.0319686 -4.56814e-05 0.999489 2.05501
0.994817 0.101639 -0.00282068 -108.856 -0.101642 0.994821 -0.000921079 8.90277 0.00271245 0.00120301 0.999996 2.09177
0.994614 0.101145 0.0226288 -109.537 -0.101008 0.99486 -0.00708782 8.96446 -0.0232294 0.00476394 0.999719 2.06996
0.994458 0.100859 0.0296875 -110.212 -0.100628 0.994882 -0.0091771 9.04742 -0.0304611 0.00613883 0.999517 2.03104
0.994778 0.100804 0.0160024 -110.922 -0.100742 0.994902 -0.00465103 9.11522 -0.0163896 0.00301464 0.999861 2.05876
0.994876 0.101079 -0.00224315 -111.643 -0.101079 0.994878 -0.00013121 9.1872 0.0022184 0.000357273 0.999997 2.11636
0.994756 0.101699 -0.0108215 -112.35 -0.101692 0.994815 0.00117582 9.26435 0.010885 -6.91952e-05 0.999941 2.13752
0.994745 0.101798 -0.0109248 -113.049 -0.101784 0.994805 0.00181356 9.34183 0.0110527 -0.000692058 0.999939 2.13232
0.994792 0.101629 -0.0077692 -113.744 -0.10163 0.994822 0.000319724 9.42003 0.00776146 0.000471521 0.99997 2.15969
0.994796 0.101853 -0.00251285 -114.44 -0.10186 0.994794 -0.00318015 9.48373 0.00217586 0.00341956 0.999992 2.17647
0.994813 0.101665 0.00347223 -115.149 -0.101649 0.99481 -0.00458088 9.54503 -0.00391992 0.00420417 0.999983 2.15203
0.994908 0.10063 0.00562788 -115.867 -0.100624 0.994924 -0.00122142 9.63444 -0.00572222 0.000648899 0.999983 2.16252
0.994892 0.100933 0.00168274 -116.561 -0.100938 0.994886 0.00358128 9.71698 -0.00131267 -0.00373284 0.999992 2.19307
0.994777 0.101964 -0.00476044 -117.285 -0.101936 0.994775 0.00566254 9.79455 0.00531294 -0.0051477 0.999973 2.25612
0.994709 0.102554 -0.00598619 -118.011 -0.102534 0.994723 0.00348125 9.85713 0.00631162 -0.00284905 0.999976 2.25851
0.994756 0.102268 0.00133548 -118.723 -0.10227 0.994756 0.00131005 9.92581 -0.0011945 -0.00143976 0.999998 2.2314
0.994787 0.10149 0.0099557 -119.429 -0.101528 0.994827 0.00338267 10.0029 -0.00956089 -0.00437581 0.999945 2.24102
0.994796 0.100991 0.0134617 -120.137 -0.101078 0.994861 0.00591025 10.095 -0.0127956 -0.00724018 0.999892 2.30084
0.994835 0.10096 0.0105105 -120.859 -0.101028 0.994864 0.00616142 10.177 -0.00983443 -0.00719145 0.999926 2.33598
0.994892 0.100854 0.00425333 -121.607 -0.100877 0.994883 0.00563223 10.2472 -0.00366354 -0.00603253 0.999975 2.33013
0.994908 0.100784 -0.000502976 -122.348 -0.10078 0.994892 0.00582432 10.3076 0.00108741 -0.00574398 0.999983 2.32964
0.994984 0.100025 -0.00123327 -123.082 -0.100016 0.994969 0.00577782 10.3916 0.00180499 -0.00562549 0.999983 2.36393
0.99504 0.09947 0.000852285 -123.819 -0.0994727 0.995031 0.00427275 10.4668 -0.000423039 -0.00433634 0.999991 2.39536
0.995082 0.0989865 0.00374092 -124.562 -0.0989943 0.995086 0.00197105 10.5259 -0.00352743 -0.00233168 0.999991 2.39516
0.995193 0.097807 0.00498045 -125.302 -0.0978169 0.995203 0.00178046 10.6007 -0.00478242 -0.00225907 0.999986 2.39126
0.995363 0.0961401 0.00294601 -126.046 -0.0961494 0.995362 0.00321614 10.6895 -0.00262315 -0.00348449 0.99999 2.41416
0.995547 0.0942656 -0.000635009 -126.799 -0.094262 0.995538 0.0043332 10.7639 0.00104065 -0.00425405 0.99999 2.45747
0.995741 0.0921745 -0.00210817 -127.557 -0.0921664 0.995737 0.00366378 10.8181 0.00243689 -0.00345387 0.999991 2.47046
0.995975 0.0896244 -0.000761097 -128.313 -0.0896222 0.995973 0.00249396 10.8763 0.000981551 -0.00241571 0.999997 2.48194
0.996169 0.0874473 0.000826127 -129.036 -0.0874485 0.996168 0.0014831 10.9454 -0.000693268 -0.00154966 0.999999 2.49201
0.996381 0.0849606 0.00237363 -129.774 -0.084962 0.996384 0.000518382 11.0047 -0.002321 -0.000718174 0.999997 2.50802
0.99658 0.0825739 0.00321967 -130.521 -0.0825733 0.996585 -0.000318476 11.0681 -0.00323497 5.15283e-05 0.999995 2.53001
0.996797 0.0799286 0.00262368 -131.272 -0.0799297 0.9968 0.000300313 11.1227 -0.00259128 -0.000509061 0.999997 2.54429
0.996968 0.0778106 0.000834599 -131.998 -0.077812 0.996967 0.00174741 11.1706 -0.0006961 -0.00180706 0.999998 2.56885
0.997101 0.0760817 -0.00135143 -132.732 -0.0760776 0.997098 0.00285956 11.2256 0.00156507 -0.00274845 0.999995 2.58889
0.997249 0.0740815 -0.00249745 -133.463 -0.074073 0.997247 0.00336677 11.2908 0.00273999 -0.00317252 0.999991 2.60578
0.997428 0.0716706 -0.000843383 -134.202 -0.0716682 0.997425 0.00259973 11.3404 0.00102754 -0.0025326 0.999996 2.63002
0.997603 0.0691585 0.00227633 -134.92 -0.0691627 0.997604 0.0018067 11.3903 -0.00214593 -0.00195981 0.999996 2.63586
0.99777 0.0666069 0.00441591 -135.628 -0.0666166 0.997776 0.00207751 11.4336 -0.00426771 -0.00236705 0.999988 2.64688
0.997937 0.0640984 0.00360287 -136.358 -0.0641086 0.997939 0.00277967 11.4835 -0.00341727 -0.00300491 0.99999 2.66596
0.998076 0.0619983 0.000144566 -137.087 -0.0619984 0.998069 0.00379343 11.536 9.08992e-05 -0.0037951 0.999993 2.68955
0.998193 0.0600119 -0.0029011 -137.792 -0.0599998 0.99819 0.00410237 11.5618 0.00314204 -0.0039209 0.999987 2.72158
0.998306 0.0581023 -0.00312102 -138.502 -0.0580927 0.998306 0.00309343 11.597 0.00329547 -0.00290688 0.99999 2.73285
0.998423 0.0561345 -0.00057267 -139.212 -0.0561327 0.998419 0.00278932 11.636 0.000728342 -0.00275278 0.999996 2.74238
0.998515 0.0543005 0.00436926 -139.916 -0.0543061 0.998524 0.0011755 11.6851 -0.00429898 -0.00141104 0.99999 2.78459
0.998418 0.0527866 0.0193656 -140.606 -0.0527884 0.998606 -0.00041946 11.7145 -0.0193608 -0.000603485 0.999812 2.80452
0.998085 0.0513276 0.0345329 -141.29 -0.0513016 0.998682 -0.00164032 11.7451 -0.0345715 -0.00013441 0.999402 2.83004
0.997976 0.0496177 0.0397659 -141.989 -0.0496476 0.998767 -0.000236127 11.7909 -0.0397286 -0.00173863 0.999209 2.8426
0.998452 0.0481904 0.0277766 -142.685 -0.0482652 0.998833 0.00202539 11.8284 -0.0276465 -0.0033629 0.999612 2.87866
0.998874 0.0474082 -0.00194445 -143.424 -0.0474007 0.998869 0.00373068 11.8695 0.00211912 -0.00363431 0.999991 2.89224
0.998266 0.0468188 -0.035686 -144.17 -0.0467196 0.998902 0.00360976 11.896 0.0358158 -0.00193626 0.999357 2.90113
0.997567 0.0463019 -0.0521193 -144.914 -0.0461737 0.998927 0.00366134 11.9214 0.0522329 -0.00124589 0.998634 2.89069
0.99817 0.0455039 -0.0398189 -145.626 -0.0453459 0.99896 0.00486118 11.9529 0.0399987 -0.00304665 0.999195 2.90877
0.998995 0.0443663 -0.00631627 -146.299 -0.044329 0.998999 0.00592677 11.9861 0.00657289 -0.00564082 0.999962 2.93464
0.998768 0.0428283 0.0250721 -147.005 -0.0429949 0.999056 0.00614608 12.0328 -0.0247852 -0.00721648 0.999667 2.93383
0.998492 0.0425691 0.0346559 -147.726 -0.042748 0.999076 0.00443759 12.0658 -0.034435 -0.00591237 0.999389 2.93372
0.998893 0.0428139 0.0194814 -148.484 -0.0428827 0.999075 0.0031321 12.1021 -0.0193293 -0.00396405 0.999805 2.93944
0.999047 0.0436147 -0.00172353 -149.243 -0.0436053 0.999036 0.00514753 12.1365 0.00194637 -0.00506747 0.999985 2.96702
0.998961 0.0439872 -0.0119325 -150.003 -0.0438936 0.999004 0.00799351 12.161 0.0122722 -0.00746145 0.999897 3.00703
0.99899 0.0441526 -0.00835331 -150.747 -0.0440687 0.998979 0.00997119 12.195 0.00878504 -0.009593 0.999915 3.03176
0.999019 0.0442639 0.00121709 -151.5 -0.0442743 0.998963 0.0106258 12.2372 -0.00074549 -0.0106692 0.999943 3.04515
0.998955 0.0447309 0.00933865 -152.259 -0.0448268 0.998941 0.01033 12.2792 -0.0088667 -0.0107378 0.999903 3.05973
0.998903 0.0453866 0.0115193 -153.018 -0.0454936 0.998922 0.0091978 12.3104 -0.0110894 -0.00971177 0.999891 3.07952
0.998895 0.0460347 0.00941935 -153.784 -0.0461043 0.99891 0.00731093 12.3381 -0.00907253 -0.00773713 0.999929 3.10483
0.998898 0.0465153 0.00624737 -154.563 -0.04655 0.998901 0.00552757 12.3723 -0.00598338 -0.00581229 0.999965 3.11578
0.998893 0.0468841 0.00380592 -155.356 -0.0468999 0.998891 0.00417837 12.419 -0.0036058 -0.00435224 0.999984 3.13162
0.99887 0.0474639 0.00237415 -156.146 -0.047471 0.998868 0.0030266 12.4588 -0.00222781 -0.00313588 0.999993 3.15445
0.998843 0.0480669 0.00167838 -156.933 -0.0480714 0.99884 0.00272775 12.4993 -0.00154532 -0.00280527 0.999995 3.17095
0.998833 0.0482994 0.000426511 -157.72 -0.0483003 0.99883 0.00250503 12.5306 -0.00030502 -0.0025227 0.999997 3.1944
0.998812 0.0487352 -0.000261833 -158.493 -0.0487348 0.998811 0.00114535 12.5642 0.000317341 -0.00113123 0.999999 3.21201
0.998777 0.0494477 -0.000136791 -159.292 -0.0494476 0.998777 0.000252448 12.6133 0.000149106 -0.000245375 1 3.21987
0.998719 0.0506046 0.000556882 -160.083 -0.050605 0.998718 0.000781739 12.6506 -0.000516609 -0.000808918 1 3.23284
0.99864 0.0521193 0.00104852 -160.872 -0.0521208 0.99864 0.00147535 12.6878 -0.000970197 -0.00152799 0.999998 3.26269
0.998606 0.0527559 0.00160321 -161.667 -0.0527584 0.998606 0.00151858 12.74 -0.00152086 -0.00160105 0.999998 3.27621
0.998541 0.0539432 0.00228365 -162.462 -0.0539478 0.998542 0.0019753 12.7895 -0.00217377 -0.00209562 0.999995 3.28978
0.9985 0.0546417 0.00335193 -163.265 -0.0546509 0.998502 0.0027006 12.8307 -0.00319934 -0.00287974 0.999991 3.31499
0.998415 0.0560694 0.00496103 -164.053 -0.0560881 0.998419 0.00371758 12.8768 -0.00474474 -0.00398994 0.999981 3.33359
0.998343 0.0571823 0.00642662 -164.883 -0.0572127 0.998351 0.004642 12.9402 -0.00615058 -0.005002 0.999969 3.36089
0.998259 0.0585137 0.00745725 -165.696 -0.0585527 0.998271 0.00512002 12.9852 -0.00714476 -0.00554775 0.999959 3.38994
0.998138 0.0604412 0.00816231 -166.507 -0.060481 0.998158 0.00472473 13.0394 -0.00786171 -0.0052096 0.999956 3.41254
0.997946 0.0636363 0.00737998 -167.312 -0.0636616 0.997966 0.00323551 13.0881 -0.00715908 -0.00369869 0.999968 3.43339
0.997742 0.0668797 0.00616648 -168.149 -0.0668996 0.997755 0.00306513 13.1476 -0.00594765 -0.00347074 0.999976 3.43627
0.9975 0.07053 0.00447902 -168.959 -0.0705458 0.997502 0.00348577 13.2164 -0.00422198 -0.00379303 0.999984 3.4643
0.997264 0.0737709 0.00475612 -169.775 -0.0737905 0.997265 0.00408346 13.2914 -0.00444187 -0.00442325 0.99998 3.49266
0.997003 0.0771105 0.00617049 -170.605 -0.0771387 0.99701 0.00445919 13.3556 -0.00580819 -0.00492181 0.999971 3.51419
0.996756 0.0801341 0.00750684 -171.427 -0.080163 0.996775 0.00363178 13.4252 -0.0071916 -0.00422177 0.999965 3.53679
0.996488 0.0834238 0.00721858 -172.233 -0.0834487 0.996507 0.00323004 13.4884 -0.0069239 -0.00382107 0.999969 3.5518
0.996209 0.0867744 0.00610176 -173.075 -0.0867971 0.99622 0.00355298 13.573 -0.00577039 -0.00406913 0.999975 3.57045
0.995949 0.0898201 0.00430715 -173.901 -0.0898376 0.995948 0.00404942 13.6606 -0.00392598 -0.00441996 0.999983 3.59815
0.995624 0.0933925 0.00340976 -174.734 -0.0934099 0.995613 0.00536141 13.7532 -0.00289408 -0.00565645 0.99998 3.6228
0.995323 0.0965116 0.00429354 -175.546 -0.0965392 0.995306 0.00674596 13.82 -0.00362232 -0.0071289 0.999968 3.65237
0.995126 0.0984621 0.00535342 -176.361 -0.0984999 0.99511 0.00733704 13.9108 -0.00460482 -0.00782859 0.999959 3.67678
0.994983 0.0998856 0.00564051 -177.188 -0.0999292 0.994962 0.00807024 14.0082 -0.00480599 -0.0085934 0.999952 3.69094
0.994897 0.100754 0.00528918 -177.999 -0.1008 0.994862 0.00941536 14.0901 -0.00431337 -0.00990047 0.999942 3.70933
0.994878 0.100992 0.00421341 -178.804 -0.10103 0.994833 0.010058 14.1663 -0.00317586 -0.0104322 0.999941 3.73385
