1.000000000000000000e+00 0.000000000000000000e+00 0.000000000000000000e+00 0.000000000000000000e+00 0.000000000000000000e+00 1.000000000000000000e+00 0.000000000000000000e+00 0.000000000000000000e+00 0.000000000000000000e+00 0.000000000000000000e+00 1.000000000000000000e+00 0.000000000000000000e+00
9.999999911030439392e-01 -1.332448817609479489e-04 6.301858500338601827e-06 3.105971227769206179e-03 1.332449575027722739e-04 9.999999910506495171e-01 -1.202007391145601991e-05 -5.784424610535800551e-03 -6.300256830613970930e-06 1.202091349538201599e-05 9.999999999079022261e-01 -1.425794425966236869e-03
9.999999645456824071e-01 -2.482693512696821422e-04 9.628584109603466204e-05 8.572974317495292776e-03 2.482696916432281138e-04 9.999999691748735486e-01 -3.523095854636857587e-06 -6.395182191420114258e-03 -9.628496345128912813e-05 3.547000585806419401e-06 9.999999953583122991e-01 -1.669667417394075145e-03
9.999999984994376589e-01 -4.227161900886460189e-05 3.484587348286306868e-05 7.860119336038723370e-03 4.227738675956490769e-05 9.999999854049533843e-01 -1.655376559734916418e-04 -3.869843531786405257e-03 -3.483887542956098314e-05 1.655391289175622827e-04 9.999999856915247065e-01 1.786850205943375835e-03
9.999999970673351113e-01 7.655550546380237990e-05 -2.141130418535590093e-06 7.632447734624790356e-03 -7.655589766896235776e-05 9.999999801819775547e-01 -1.837804098735358333e-04 -1.529889860761714281e-03 2.127060973930406108e-06 1.837805732507306899e-04 9.999999831100880865e-01 3.093182891042756816e-03
9.999999978315301519e-01 -4.837226471726594715e-05 4.468851957012213159e-05 2.350162003975772226e-03 4.837440835000107883e-05 9.999999976794710088e-01 -4.796847392900270340e-05 -1.565467115776284467e-04 -4.468619912270215813e-05 4.797063560567875603e-05 9.999999978509808152e-01 -6.728308511724703095e-05
9.999999938072129391e-01 -9.210714795791213470e-05 6.246476834789742208e-05 5.537596616286529286e-05 9.210896466836974127e-05 9.999999953351021986e-01 -2.908150890325447913e-05 2.525490208936040371e-05 -6.246208944166225998e-05 2.908726228829966221e-05 9.999999976262092805e-01 -3.850321061115290211e-03
9.999999889092199279e-01 -1.475118427483667152e-04 2.053816358500147010e-05 2.597532546163517676e-03 1.475113457238993423e-04 9.999999888273944926e-01 2.419945627451940793e-05 -1.880886258977946743e-03 -2.054173306192523754e-05 -2.419642639397943736e-05 9.999999994962850414e-01 -4.918880988772390828e-03
9.999999840959222785e-01 -1.755954630651283582e-04 -3.121519645004871814e-05 4.046512527392487693e-03 1.755985063494033328e-04 9.999999798277325880e-01 9.751768521509967549e-05 -4.413547346118852632e-03 3.119807215727504350e-05 -9.752316500604286779e-05 9.999999947579563120e-01 -7.903911046682598335e-04
9.999999653550011303e-01 -2.582515600239073251e-04 -5.095221477326113596e-05 5.392919037850596280e-03 2.582541929400920962e-04 9.999999653172627623e-01 5.167441398418714111e-05 -4.611011779069643796e-03 5.093886800807412161e-05 -5.168757081703190850e-05 9.999999973668133313e-01 -5.054552961054480271e-04
9.999999994453943053e-01 -3.303601994011191260e-05 -4.222875848265024220e-06 5.660796656867098098e-03 3.303607938190888330e-05 9.999999993552298738e-01 1.407684662132243080e-05 -7.084987659054145515e-03 4.222410802556564617e-06 -1.407698612077707534e-05 9.999999998920048316e-01 -7.051773326905756917e-04
9.999999934019472292e-01 5.748351149319434869e-05 9.945728395885040441e-05 2.014384497622607323e-03 -5.748474636484824209e-05 9.999999982707070689e-01 1.241328662104139606e-05 -7.639678598061899056e-03 -9.945657022755547284e-05 -1.241900381588038909e-05 9.999999949770794760e-01 -1.978261744649060551e-03
9.999999866653130898e-01 1.199457963558833544e-04 1.108258979173564726e-04 8.649035590524885297e-03 -1.199364531163407655e-04 9.999999892536736157e-01 -8.430836164258796652e-05 8.593714641251769260e-04 -1.108360091599618725e-04 8.429506845325272855e-05 9.999999903048601979e-01 -2.760385123357338849e-05
9.999999939440362695e-01 6.351366396943905425e-05 8.987737149069333032e-05 1.872825840778719053e-03 -6.351047931508776274e-05 9.999999973553637123e-01 -3.543573810729181437e-05 1.305909414244924016e-03 -8.987962190656304277e-05 3.543002973775131504e-05 9.999999953331832891e-01 -1.481211872860832080e-03
9.999999996344723918e-01 2.296053129670090943e-05 1.427828143288798840e-05 -1.352693695986246364e-03 -2.296093294712307984e-05 9.999999993407313603e-01 2.813063801532018186e-05 -6.471727796003559977e-03 -1.427763552908021733e-05 -2.813096584770023958e-05 9.999999995023989285e-01 -2.705909892645334217e-03
9.999999865942136301e-01 -1.249305446905346314e-04 -1.058486258107958782e-04 -3.723339631600825449e-03 1.249251287177063213e-04 9.999999908875580878e-01 -5.117221961165746309e-05 -7.657874480519483856e-03 1.058550178195255136e-04 5.115899577244961824e-05 9.999999930887361055e-01 -2.066286102083752553e-03
9.999999655242618468e-01 -2.622086818331923852e-04 1.407417360637661545e-05 5.426151340492131603e-03 2.622092453474941212e-04 9.999999648210742276e-01 -4.005199025735623082e-05 -4.112843324901715482e-03 -1.406367113169213022e-05 4.005567925497451433e-05 9.999999990988778231e-01 -1.874201153725429340e-03
9.999999849462700707e-01 -8.982104979418988218e-05 1.484575313062947821e-04 5.749140266695002693e-03 8.982928706821839552e-05 9.999999944263349150e-01 -5.547999028856325090e-05 -6.207524531082232733e-03 -1.484525472078719588e-04 5.549332528757961299e-05 9.999999874411659162e-01 -5.693294810312549050e-04
9.999999845395994846e-01 1.010151912871902648e-04 1.439330814568477019e-04 -1.467689684729207682e-03 -1.009974413946357487e-04 9.999999872955531721e-01 -1.233223835246096225e-04 -3.596539196715963990e-03 -1.439455370624192815e-04 1.233078447450370132e-04 9.999999820374286807e-01 -2.550411051867804146e-04
9.999999996721488094e-01 1.510349414886405561e-05 2.067817204066202473e-05 -3.587045759276049663e-03 -1.510344966535127235e-05 9.999999998836286430e-01 -2.151384888626166653e-06 4.938800253446746363e-06 -2.067820453168475508e-05 2.151072576190244955e-06 9.999999997838924237e-01 -2.530629840665825532e-03
9.999999957593994626e-01 -5.618537896631270180e-05 -7.296851533708920135e-05 -4.111753621516439118e-03 5.618988963738117168e-05 9.999999965107332356e-01 6.181609718285251012e-05 -2.222597718946411286e-03 7.296504192163615575e-05 -6.182019701353893388e-05 9.999999954271829861e-01 -2.629835201898908688e-03
9.999999856418894106e-01 -5.429311189956441316e-05 -1.605256330914181420e-04 3.161716120661083734e-05 5.428875924600790108e-05 9.999999981586387143e-01 -2.711923936037617745e-05 -1.029082557390232841e-02 1.605271051837296899e-04 2.711052423354742724e-05 9.999999867480339200e-01 4.591546241545562367e-03
9.999999995032459177e-01 2.422159293435897118e-05 -2.016984272181955251e-05 3.176559576898666665e-04 -2.422291690842047279e-05 9.999999975520832418e-01 -6.564361157257007386e-05 -1.266234999396011890e-02 2.016825267960720199e-05 6.564410011238563643e-05 9.999999976420468339e-01 9.833158203940272485e-04
9.999999303035567166e-01 -3.715023763474094624e-04 3.713308742389272876e-05 7.231099028032227961e-03 3.715069406290679257e-04 9.999999234285634753e-01 -1.229856102317372006e-04 -2.887304939904524262e-03 -3.708739513410125977e-05 1.229993968597825507e-04 9.999999917478367140e-01 1.098001381565408534e-03
9.999999697844897950e-01 -2.248652161409731573e-04 9.933103314554437549e-05 1.762421032468875978e-02 2.248705016401484269e-04 9.999999733013491543e-01 -5.320299234620361266e-05 5.305929871472268508e-03 -9.931906699116653623e-05 5.322532735789992862e-05 9.999999936513936927e-01 -1.152265962209581733e-03
9.999999936116712451e-01 -9.853998810407041403e-06 1.126035356178232256e-04 3.327880722986640422e-02 9.841992040083018430e-06 9.999999942667200381e-01 1.066287717902614300e-04 -7.379219146633558823e-03 -1.126045856920260008e-04 -1.066276628659805508e-04 9.999999879753743715e-01 -2.520139490793557070e-03
9.999999941685435711e-01 1.072553960138478558e-04 1.261716389124036643e-05 5.703177420442830103e-02 -1.072584081441771420e-04 9.999999656933348247e-01 2.389748169647760816e-04 -1.263623808856172322e-02 -1.259153211975665601e-05 -2.389761688681190971e-04 9.999999713659215583e-01 1.831182769507912027e-03
9.999999569976484315e-01 2.913797201092106813e-04 -3.320481818905305808e-05 8.950087583393342983e-02 -2.913747513271353323e-04 9.999999463682064382e-01 1.495471117946090619e-04 -1.778044610664232181e-02 3.324839140379695748e-05 -1.495374303180889029e-04 9.999999882665506767e-01 -1.785210259127095397e-04
9.999997169376062534e-01 7.381325032592881514e-04 -1.458941913685735310e-04 1.371421853147007375e-01 -7.381471075370986705e-04 9.999997225620465002e-01 -1.000733610948037456e-04 -1.480110281493885079e-02 1.458202834914531956e-04 1.001810241431637816e-04 9.999999843501035102e-01 4.592087953526030608e-03
9.999988514712867538e-01 1.514645208324871036e-03 5.390733116207082622e-05 1.840323989066933452e-01 -1.514642673018905868e-03 9.999988518217177713e-01 -4.704061167919503737e-05 -2.230349459907662868e-02 -5.397851910392049730e-05 4.695890730753520095e-05 9.999999974405902048e-01 2.736479375369011043e-03
9.999968579611407948e-01 2.506695172833995136e-03 2.339137621306091119e-05 2.326884602520515044e-01 -2.506693002604816478e-03 9.999968539757331243e-01 -9.235164866444538320e-05 -2.330987908034004921e-02 -2.362280005513413709e-05 9.229272349290198497e-05 9.999999954620082399e-01 1.943234419435583985e-03
9.999894753679300363e-01 4.583133453571887166e-03 -2.098597597678389045e-04 2.838118940823101677e-01 -4.583146582104479817e-03 9.999894953990531299e-01 -6.212048047420733101e-05 -2.239147679225047399e-02 2.095728488225944255e-04 6.308164471970756750e-05 9.999999760499632684e-01 9.478981499494831819e-03
9.999793959242145869e-01 6.414684352333212443e-03 -2.440321758445265863e-04 3.712102352308394582e-01 -6.414701904140775353e-03 9.999794230526338756e-01 -7.120956741338776183e-05 -1.102763793782112443e-02 2.435703675094655417e-04 7.277349386912562441e-05 9.999999676887467714e-01 2.023176661650201782e-02
9.999607114971372779e-01 8.864029501233517197e-03 6.665688514635052309e-05 4.650215840493069352e-01 -8.864035651199130353e-03 9.999607093822260317e-01 9.254063720333345145e-05 -6.502139314528594671e-03 -6.583398321792094398e-05 -9.312785042657890748e-05 9.999999934965450032e-01 1.711372046861749791e-02
9.999349320757953130e-01 1.140471116525085607e-02 2.533334004861162296e-04 5.553167242945066251e-01 -1.140475666927756246e-02 9.999349476426042660e-01 1.789086271587360789e-04 7.798323158406835626e-03 -2.512765193334905839e-04 -1.817861917344893395e-04 9.999999519069444620e-01 8.201314466565752526e-03
9.999099365263184325e-01 1.342040164085934149e-02 1.079617148513103536e-04 6.245067489709693609e-01 -1.342040740653721760e-02 9.999099408801717104e-01 5.285881340939916359e-05 5.339672801023178511e-03 -1.072426054080823093e-04 -5.430294295866180628e-05 9.999999927751069828e-01 1.007521666532916645e-02
9.998745156285505642e-01 1.583888597554686598e-02 2.875545599480721541e-04 7.277628059010257111e-01 -1.583886970265230634e-02 9.998745555075595481e-01 -5.878012035123809980e-05 -1.719438649614470765e-02 -2.884494994361227506e-04 5.421820515736106510e-05 9.999999569286353029e-01 1.592889292121814349e-02
9.998336853547981073e-01 1.823385876522061119e-02 3.578049364477149771e-04 8.310863548504856535e-01 -1.823379860464758792e-02 9.998337359054888518e-01 -1.706860229538297805e-04 -2.358695661442197430e-02 -3.608577111696822438e-04 1.641334922175449436e-04 9.999999214209513987e-01 2.796496754527544315e-02
9.997888950521232054e-01 2.054151400299340791e-02 4.599270804590023108e-04 9.226641330521710982e-01 -2.054137392740125467e-02 9.997889565103865728e-01 -3.072410242452931458e-04 -8.870521901456700220e-03 -4.661412116448032943e-04 2.977286300058378963e-04 9.999998470350051072e-01 2.826369401441240423e-02
9.997451998674020679e-01 2.257050119589715242e-02 3.283562917996980910e-04 1.010140603312028595e+00 -2.257046952029222869e-02 9.997452495183526411e-01 -9.985549731460602568e-05 -1.788248437766155885e-03 -3.305264314977664317e-04 9.241889844478836942e-05 9.999999411055109366e-01 2.454835227386722302e-02
9.997244707305513733e-01 2.346910457863274346e-02 4.286639663674271321e-04 1.121088791213401326e+00 -2.346924622542193029e-02 9.997245053520348312e-01 3.284512746106648859e-04 -2.072449219588369529e-02 -4.208374144260944847e-04 -3.384211968455650668e-04 9.999998541834714816e-01 1.650837841207693224e-02
9.997154706052809869e-01 2.383911817941770928e-02 8.211436472435112641e-04 1.278117732965369013e+00 -2.383940991461502845e-02 9.997157405427453680e-01 3.473413207531032571e-04 -4.101721401925809141e-02 -8.126299186019894389e-04 -3.668180719427685662e-04 9.999996025384797482e-01 1.676596016095634883e-02
9.997071654224013448e-01 2.416588358660949273e-02 1.262328636270810839e-03 1.413852450230163260e+00 -2.416652832302952983e-02 9.997078227596321032e-01 4.980180801258183351e-04 -4.787823829661203012e-02 -1.249924765625080609e-03 -5.283783439530979117e-04 9.999990792517791105e-01 1.937504571162502673e-02
9.997255493893751899e-01 2.339545866818791564e-02 1.215899591655865246e-03 1.511791773764895819e+00 -2.339598566424840043e-02 9.997261878129023449e-01 4.210176714953197817e-04 -4.879285007784960049e-02 -1.205716761997337530e-03 -4.493492923538402301e-04 9.999991721658090249e-01 2.048203033233586198e-02
9.997646674736727634e-01 2.168040694304824295e-02 7.547357420496479414e-04 1.585908547605892505e+00 -2.168057004713976055e-02 9.997649270545873046e-01 2.086000161223620464e-04 -5.007575105534867177e-02 -7.500357908578969904e-04 -2.249140268761634534e-04 9.999996934299494322e-01 2.681416348568512603e-02
9.997991980603601059e-01 2.003875392031727320e-02 1.090833703830770449e-04 1.698131885969346833e+00 -2.003878475397891101e-02 9.997991615332341153e-01 2.893147521939767441e-04 -4.588882631058805589e-02 -1.032639551214869773e-04 -2.914425554099148294e-04 9.999999521988950368e-01 3.461972438574820177e-02
9.998176655827808457e-01 1.908492955731978802e-02 -6.332869733718380408e-04 1.862283894923542071e+00 -1.908509015528303543e-02 9.998178321914711342e-01 -2.485270852124708287e-04 -4.092884147396959327e-02 6.284284869573629907e-04 2.605681091521932819e-04 9.999997685909218781e-01 3.742953214768612868e-02
9.998244169110201973e-01 1.871532046227292884e-02 -9.338782216572143581e-04 2.032563350222974297e+00 -1.871532897737770984e-02 9.998248528923077139e-01 -3.791502488571393771e-07 -4.980279230912396105e-02 9.337075596693435132e-04 1.785692181960848277e-05 9.999995639355665489e-01 3.756348264106498108e-02
9.998321944420219820e-01 1.827929898064507494e-02 -1.204236698873292592e-03 2.181895386750990262e+00 -1.827917126748162743e-02 9.998329151486228250e-01 1.169751295850188466e-04 -7.304484255335277898e-02 1.206173712530422739e-03 -9.494305164283767284e-05 9.999992680651281773e-01 2.925610320202274434e-02
9.998669251209535425e-01 1.624423183557670985e-02 -1.502325278175366523e-03 2.288650752263277965e+00 -1.624490143771149114e-02 9.998679484371891801e-01 -4.345863381736745452e-04 -9.021694144269062909e-02 1.495067372544665787e-03 4.589336317206281924e-04 9.999987770759888317e-01 2.257623642482125062e-02
9.999071706677078453e-01 1.348983484776323724e-02 -1.916873255946217273e-03 2.383010238037272632e+00 -1.349183761420206032e-02 9.999084445818243738e-01 -1.035746952048064665e-03 -3.963656297435773357e-02 1.902725700486477059e-03 1.061512947046315634e-03 9.999976264097689693e-01 2.156137254421940791e-02
9.999237938046922070e-01 1.222625143878130344e-02 -1.710368085283588439e-03 2.508256439876490607e+00 -1.222795930935360528e-02 9.999247439675268412e-01 -9.916716213613952381e-04 -1.737096524202351791e-02 1.698114943179952893e-03 1.012510361191001256e-03 9.999980456122943284e-01 1.981106844352790650e-02
9.999218562017915257e-01 1.238360844820315422e-02 -1.711061590177239159e-03 2.697915962183741634e+00 -1.238563218208817672e-02 9.999226021096059291e-01 -1.177245006270386495e-03 -1.397426101697742812e-02 1.696350616414570326e-03 1.198345591371008552e-03 9.999978431788889566e-01 2.264972402849318653e-02
9.999266142486878950e-01 1.199142902759648896e-02 -1.723875584762373002e-03 2.875676869902960231e+00 -1.199413854837110688e-02 9.999268350207343170e-01 -1.570110155280274311e-03 -2.103912640723237110e-02 1.704921592948405304e-03 1.590671334170680375e-03 9.999972814998391302e-01 2.067330956595191116e-02
9.999406557729509926e-01 1.070468780270521572e-02 -2.023509675642418473e-03 3.015472580970235406e+00 -1.071017271625072584e-02 9.999389464619873324e-01 -2.719475846356890665e-03 -3.319132724494802678e-02 1.994274993295269693e-03 2.740986599283944461e-03 9.999942549133538083e-01 2.486510867571323224e-02
9.999676828509225235e-01 7.718848766403422872e-03 -2.247805035616968865e-03 3.094234907949890534e+00 -7.726963392062702503e-03 9.999635796837625934e-01 -3.623995415708954754e-03 -7.266469508124345777e-02 2.219750097302734815e-03 3.641247005731556088e-03 9.999909069735327671e-01 3.393176401028544231e-02
9.999839961038756719e-01 5.278847302169754202e-03 -2.035020217178373607e-03 3.183226289521485342e+00 -5.284797728944912176e-03 9.999817433955535684e-01 -2.929810327222496201e-03 -7.492755255981362050e-02 2.019517043277500694e-03 2.940518109064456723e-03 9.999936374318399990e-01 4.342320887625754355e-02
9.999911487392787457e-01 3.747688052878449336e-03 -1.912400940171450538e-03 3.346009357742447232e+00 -3.749777423670461272e-03 9.999923753697699258e-01 -1.090124579118077319e-03 -3.466552838576127810e-02 1.908300911960120194e-03 1.097286008011670155e-03 9.999975771725879703e-01 4.438637275805449450e-02
9.999936562596926093e-01 2.758894228200994142e-03 -2.252985354873956493e-03 3.525589757792097156e+00 -2.758092367090012216e-03 9.999961320368259132e-01 3.589399414769447040e-04 -1.403662209193863933e-02 2.253966917742383433e-03 -3.527237227447266332e-04 9.999973976061683478e-01 4.493005600160014656e-02
9.999905765510795908e-01 3.194070763129604022e-03 -2.940190640009716309e-03 3.652646476957029709e+00 -3.193826971274989560e-03 9.999948958839846025e-01 8.760854098949328000e-05 -3.600982642158496311e-02 2.940455460814956744e-03 -7.821725524812897534e-05 9.999956737925139727e-01 3.370946108345255349e-02
9.999904916671965571e-01 2.684921203504624012e-03 -3.436244073048366592e-03 3.752310012952404072e+00 -2.689025050117329393e-03 9.999956762506311270e-01 -1.190220283259166420e-03 -5.839421314350357051e-02 3.433033567914861237e-03 1.199449112639348154e-03 9.999933877793131254e-01 3.245934009342765769e-02
9.999920764333123380e-01 1.809623156359262347e-03 -3.545748810118601151e-03 3.829755418683278734e+00 -1.818713677711127031e-03 9.999950636025745077e-01 -2.562235555411429902e-03 -5.280860189849701652e-02 3.541094626100183690e-03 2.568663955225827800e-03 9.999904312613866475e-01 4.302218745699966373e-02
9.999934325547140679e-01 1.298436296699458222e-03 -3.383623889266380684e-03 3.914400647922984255e+00 -1.306006446850901731e-03 9.999966472252133087e-01 -2.236042372806001065e-03 -4.142218760398083677e-02 3.380709186159708279e-03 2.240446722333161271e-03 9.999917755681209108e-01 4.884948973263576050e-02
9.999920050502760782e-01 7.908062161268466887e-04 -3.919752678061818804e-03 4.050191186321244530e+00 -7.998166454293853533e-04 9.999970404533780055e-01 -2.297689669795462478e-03 -3.962383556849912586e-02 3.917924050097417246e-03 2.300806383319951159e-03 9.999896780272905517e-01 4.325229884598498498e-02
9.999914140154719799e-01 1.371779532140511614e-03 -3.910257824253936254e-03 4.195146637103928988e+00 -1.379736427666035511e-03 9.999969818042632186e-01 -2.032906725416705994e-03 -3.726704397708972133e-02 3.907457322493763929e-03 2.038284396072703730e-03 9.999902885398406216e-01 4.310294687257169854e-02
9.999614910261259704e-01 4.422149688489194694e-03 -7.580307179760274912e-03 4.353383676436163086e+00 -4.444442899301567079e-03 9.999858408129095322e-01 -2.926619383036763427e-03 -4.909959687386296345e-02 7.567257899779691703e-03 2.960196924347013436e-03 9.999669863760739519e-01 2.457427719274352801e-02
9.998950338363312706e-01 9.868707377931511607e-03 -1.060801226105683413e-02 4.483905359861732443e+00 -9.912526778140072839e-03 9.999425208527371600e-01 -4.086172236451367928e-03 -4.062276158541966442e-02 1.056707728346054954e-02 4.190895532228181702e-03 9.999353845485833281e-01 1.717369013109548703e-02
9.998103236403763638e-01 1.660795579688780638e-02 -1.017312864238159587e-02 4.597916390304201073e+00 -1.665009554486420601e-02 9.998530871520655561e-01 -4.071661924925526650e-03 -5.322505393157467291e-02 1.010401209781130669e-02 4.240273190799836132e-03 9.999399627091591913e-01 2.202025768810399187e-02
9.996578701022124092e-01 2.506604047273741642e-02 -7.472372964946977919e-03 4.724154488753807613e+00 -2.509334889305819827e-02 9.996786895802235451e-01 -3.583495569733355889e-03 -7.029304281489670569e-02 7.380147968668072933e-03 3.769776410628831141e-03 9.999656605112869912e-01 5.072644635638140498e-02
9.993403223780519262e-01 3.583280651355599117e-02 -5.910164692567074739e-03 4.820383429457859137e+00 -3.585164262770939442e-02 9.993522762809617932e-01 -3.112493044990120167e-03 -5.008236279000585767e-02 5.794807177656358284e-03 3.322328915408691817e-03 9.999776909213282661e-01 6.722968048135877228e-02
9.987253216141521728e-01 5.003954619645402391e-02 -6.616327014384379077e-03 4.930039241258053373e+00 -5.005350536093748637e-02 9.987446121060399307e-01 -1.961221618887974694e-03 -6.893181936494163775e-02 6.509882317748211245e-03 2.289892051764724420e-03 9.999761886298095259e-01 5.942129750466666749e-02
9.976399454397332223e-01 6.817068970251660698e-02 -8.203433944955403415e-03 5.070283097155789065e+00 -6.818551824544433204e-02 9.976714685987392306e-01 -1.541377836545294215e-03 -1.231875926921719294e-01 8.079255201206942197e-03 2.097095495682115354e-03 9.999651633061402700e-01 4.552685113169624431e-02
9.958307600677182014e-01 9.084291934205583618e-02 -8.286211942948103204e-03 5.233762024097941890e+00 -9.085409736312892448e-02 9.958637300564995298e-01 -9.819115472430139501e-04 -1.675378973781050385e-01 8.162738222055782727e-03 1.730654029046408164e-03 9.999651866646908083e-01 4.957240276214099767e-02
9.931664713147699830e-01 1.164418550145517178e-01 -7.852047945492914016e-03 5.366300503741995520e+00 -1.164572719559345132e-01 9.931945178857806145e-01 -1.534095894467517925e-03 -2.170213270710706910e-01 7.619978001917862044e-03 2.438040689166085569e-03 9.999679954342780563e-01 5.732466730288558049e-02
9.894882792384669390e-01 1.444127255103846152e-01 -7.609859417887209279e-03 5.506635516181114021e+00 -1.444326945476990531e-01 9.895123118091464498e-01 -2.140449441050067125e-03 -2.485772209089916751e-01 7.220941447536958699e-03 3.217062135076203394e-03 9.999687537697516948e-01 6.244123371471238526e-02
9.846855920516831562e-01 1.741650586585537508e-01 -7.798535009143456494e-03 5.621130684619425999e+00 -1.741854352454435539e-01 9.847108185453812279e-01 -2.009474568304879961e-03 -2.549749103157961660e-01 7.329321536246773301e-03 3.337091869848573308e-03 9.999675719060445722e-01 6.506780356813092470e-02
9.785461959273638044e-01 2.058853899610783855e-01 -7.651708087738755618e-03 5.713031227046658778e+00 -2.059028612241667056e-01 9.785711892458246464e-01 -1.561831525503092066e-03 -3.267409456147629121e-01 7.166182790498697858e-03 3.103832886477989050e-03 9.999695055578574632e-01 6.366701125262022587e-02
9.708859950294125296e-01 2.394187269102270310e-01 -7.684911218338406382e-03 5.796094058336803911e+00 -2.394398950873081189e-01 9.709092297276261663e-01 -1.950453866809920278e-03 -4.233706007858968889e-01 6.994376049833374472e-03 3.733742679110940189e-03 9.999685684406683928e-01 5.066177541109153498e-02
9.619730734168746578e-01 2.730296093706212623e-01 -7.914444252010693209e-03 5.921662599288539219e+00 -2.730604719516568357e-01 9.619918661023008077e-01 -3.102935795552685602e-03 -5.177293819943702413e-01 6.766437646992528275e-03 5.146062566552169620e-03 9.999638660279832614e-01 5.268662396555484628e-02
9.519579427095730129e-01 3.061102131826403117e-01 -8.521308434491904268e-03 6.059109493999427443e+00 -3.061476335431749796e-01 9.519777239245981182e-01 -3.469816602576228197e-03 -5.602169411804927002e-01 7.049949508407809574e-03 5.911897886479180152e-03 9.999576729418644394e-01 6.016590206387417705e-02
9.407882728546449469e-01 3.388881426306153410e-01 -8.500143736781370224e-03 6.206895348111467925e+00 -3.389238759789927058e-01 9.408085364970628639e-01 -3.147053484002472132e-03 -6.150740089843187430e-01 6.930508679063151350e-03 5.841612673444379622e-03 9.999589209616677188e-01 6.154338764503008291e-02
9.282450497515707388e-01 3.718757387454849073e-01 -8.340416308789464286e-03 6.315074103944417594e+00 -3.719104073032017399e-01 9.282636938672824689e-01 -3.027141792971502817e-03 -6.740684434658074098e-01 6.616385060639223478e-03 5.911817010702046654e-03 9.999606361594246540e-01 6.777342477263192944e-02
9.143897476535439717e-01 4.047508621382675531e-01 -8.254028375127323361e-03 6.413938157589210043e+00 -4.047858153545448867e-01 9.144064279766142000e-01 -3.054204119780833289e-03 -7.597767361943308373e-01 6.311344852290252244e-03 6.133846540154272962e-03 9.999612706764083869e-01 6.396092327975017033e-02
8.990412174720874283e-01 4.377844297861595013e-01 -8.347593851763725897e-03 6.516785733983967432e+00 -4.378227285866422847e-01 8.990548554895207989e-01 -3.409567958593569606e-03 -8.538807762751686736e-01 6.012289019512602993e-03 6.720108445860056151e-03 9.999593454352140309e-01 7.374063679583647835e-02
8.820271444725950039e-01 4.711195804705281542e-01 -8.628864977132374992e-03 6.638891427276122137e+00 -4.711629291779837470e-01 8.820377975954721839e-01 -3.849387139687990896e-03 -9.591015476297659603e-01 5.797463405860091290e-03 7.460865244895533224e-03 9.999553614576278671e-01 8.034448507288542707e-02
8.637386419683135141e-01 5.038584097805706152e-01 -9.069799563840850662e-03 6.767235633844056686e+00 -5.039080850108711429e-01 8.637466485986183828e-01 -4.285894927723811129e-03 -1.075262411756536363e+00 5.674524773959212925e-03 8.272238394138525103e-03 9.999496836544028433e-01 6.252647063613286926e-02
8.445806994220989017e-01 5.353568706667054533e-01 -8.744323509033534100e-03 6.866605365454989673e+00 -5.354015385022189433e-01 8.445891039679677137e-01 -3.799740523043605624e-03 -1.166545591030694329e+00 5.351143161538571627e-03 7.890911768472334831e-03 9.999545483562375381e-01 5.416542036153972062e-02
8.242360725305644120e-01 5.661879607738026232e-01 -8.129564206828317208e-03 6.954933104468032923e+00 -5.662264069087298290e-01 8.242425450797774555e-01 -3.447172702436389086e-03 -1.268947139599727603e+00 4.748985009398055956e-03 7.444458020156958719e-03 9.999610128330836956e-01 6.176298062192693561e-02
8.019734430459877217e-01 5.973095896600749688e-01 -7.736326588027519005e-03 7.049774982156066905e+00 -5.973453807752308053e-01 8.019766118029012514e-01 -3.465571761362383485e-03 -1.363253880540151730e+00 4.134333738150100523e-03 7.400555469109578940e-03 9.999640688861226590e-01 7.029627773883548314e-02
7.786633621826916096e-01 6.273941447748180300e-01 -7.743093478783591270e-03 7.153031768918834743e+00 -6.274316221138774852e-01 7.786620013859657519e-01 -3.879068077634762173e-03 -1.484572948805654935e+00 3.595548066017291954e-03 7.878749893039207683e-03 9.999624979639125666e-01 6.623995672797612644e-02
7.541635266939165083e-01 6.566287824056317168e-01 -8.718779793750314894e-03 7.249390737630135639e+00 -6.566769221899159126e-01 7.541581856574911535e-01 -4.566275175719105781e-03 -1.618656864091844616e+00 3.576991441640435445e-03 9.169139670586788984e-03 9.999515648319811101e-01 6.605643212009017218e-02
7.279368788999223128e-01 6.855843086330167813e-01 -9.058481861125747270e-03 7.349769443136174196e+00 -6.856354680792776657e-01 7.279306153494753406e-01 -4.585209771010439334e-03 -1.754356365523531247e+00 3.450398404505781655e-03 9.548559740751362893e-03 9.999484585506032142e-01 5.770146065517884476e-02
7.006191209553791488e-01 7.134826739303236076e-01 -8.678787527487198325e-03 7.421451131022084979e+00 -7.135301623601851828e-01 7.006089494588907396e-01 -4.669833011712412260e-03 -1.884383127072177588e+00 2.748591268205062207e-03 9.464350973251850485e-03 9.999514344740425553e-01 6.609029286941980885e-02
6.726774209879560207e-01 7.398866852824974583e-01 -8.531133258304915423e-03 7.501798909920590397e+00 -7.399321257664730478e-01 6.726659726765426006e-01 -4.575856403929615991e-03 -2.011034674795247223e+00 2.352987824198706640e-03 9.390534851621210044e-03 9.999531395537991640e-01 7.001093247107381679e-02
6.449464094890925425e-01 7.641769489007138594e-01 -8.815875221634900463e-03 7.578705434030276855e+00 -7.642249863176323599e-01 6.449324201603303663e-01 -4.726913787423442544e-03 -2.163959028846811794e+00 2.073445186730520518e-03 9.785918195795124258e-03 9.999499670634139914e-01 6.649718090603215503e-02
6.179681938294616650e-01 7.861337640584875608e-01 -1.044109296898795142e-02 7.641935451452702033e+00 -7.862012179067701112e-01 6.179412624769207163e-01 -6.020057336993088482e-03 -2.318007275781624354e+00 1.719411836717023474e-03 1.192900396778755895e-02 9.999273686059764188e-01 6.195875388000048750e-02
5.908469934146415303e-01 8.067230979182433703e-01 -9.882998435234824353e-03 7.721233943476761397e+00 -8.067824827796723497e-01 5.907811338557392711e-01 -8.926217563719198236e-03 -2.469740272632730882e+00 -1.362296864233258561e-03 1.324745882497482298e-02 9.999113205589454934e-01 7.151562515560574984e-02
5.637474046374701953e-01 8.258926568197569873e-01 -9.496482281331538461e-03 7.797250370312157841e+00 -8.259420695901621423e-01 5.636658717056525214e-01 -1.002410870983885295e-02 -2.625544521359370886e+00 -2.925994811374850457e-03 1.349460949824478860e-02 9.999046624898064728e-01 7.510879937743503154e-02
5.361127922398871704e-01 8.440951227785560285e-01 -9.300413872842739488e-03 7.852944860348212153e+00 -8.441412885467198812e-01 5.360388497841160893e-01 -9.372112504947903086e-03 -2.785483865798428216e+00 -2.925571300643580851e-03 1.287537275485324366e-02 9.999128291051118111e-01 7.464870617278152043e-02
5.084058567105443904e-01 8.610707546087573716e-01 -8.980001109284763139e-03 7.910516610687837513e+00 -8.611126511032310971e-01 5.083400222527119094e-01 -8.684692630000972330e-03 -2.927971888336909689e+00 -2.913240872736855107e-03 1.214814115894955263e-02 9.999219648022538154e-01 7.212516787966294363e-02
4.817525134488268579e-01 8.762602553781969617e-01 -9.081884731426499366e-03 7.947417337554218975e+00 -8.762997684485843708e-01 4.816794704469440358e-01 -9.143498614256130239e-03 -3.070258403600111485e+00 -3.637527002684565886e-03 1.236335692635953144e-02 9.999169544531266718e-01 7.243793059754528862e-02
4.545459656680889138e-01 8.906789868815067068e-01 -8.882985004901386081e-03 8.018886388494459894e+00 -8.907110284262355071e-01 4.544647979688040129e-01 -9.778100380543866890e-03 -3.198113425607133298e+00 -4.672144554956063345e-03 1.235676878908436270e-02 9.999127368577473973e-01 7.852132441115904082e-02
4.271995052651063052e-01 9.041109321515067299e-01 -9.165427724982024363e-03 8.091370831224541149e+00 -9.041432664571887878e-01 4.271142277232732321e-01 -9.919183256538659926e-03 -3.368130434606482648e+00 -5.053357435741612572e-03 1.252432994156976731e-02 9.999087982101874106e-01 7.289855168719537593e-02
4.000174035409036488e-01 9.164575961408404359e-01 -9.568246450940051662e-03 8.116600393233973421e+00 -9.164878832318789081e-01 3.999186427500468488e-01 -1.072562679334509647e-02 -3.573742583725366018e+00 -6.003062013974940977e-03 1.305961931728564021e-02 9.998966994593710966e-01 7.247557204000402986e-02
3.744423809252493962e-01 9.271880646518861901e-01 -1.073294619945419984e-02 8.109330202540737886e+00 -9.272274131914479689e-01 3.743269822102931466e-01 -1.134172013545161131e-02 -3.755948158403621839e+00 -6.498276181145577583e-03 1.419870263174924374e-02 9.998780771925388500e-01 7.132941421987444575e-02
3.496350279246410730e-01 9.368216048679830488e-01 -1.098307337278789549e-02 8.136371253043771290e+00 -9.368637766746311657e-01 3.495220000966817731e-01 -1.098341492259894726e-02 -3.895434870686168782e+00 -6.450674622254666188e-03 1.412983018269545026e-02 9.998793610710874358e-01 7.086176059429627472e-02
3.247975882684253079e-01 9.457347797440929238e-01 -9.604844475929847150e-03 8.209464267790798075e+00 -9.457558791196194470e-01 3.246936510727682634e-01 -1.094760538710318545e-02 -4.041098073973952154e+00 -7.234899148621501755e-03 1.263959395818578871e-02 9.998939428253785788e-01 8.683081602677264477e-02
3.008156756937307996e-01 9.536342472410336280e-01 -9.573491836907810359e-03 8.276869165201908629e+00 -9.536529142556321448e-01 3.007124467947457358e-01 -1.086938243218282286e-02 -4.229336083637044830e+00 -7.486547179043507964e-03 1.239946901058028121e-02 9.998950968874642520e-01 7.270614573305583805e-02
2.779886488329459393e-01 9.605349251915333841e-01 -9.745183801671835830e-03 8.292317165825030756e+00 -9.605527746211446338e-01 2.778829340103292633e-01 -1.092895939381097539e-02 -4.428047672219904918e+00 -7.789626926477026189e-03 1.239888999492455915e-02 9.998927888725070989e-01 6.380928417248671325e-02
2.553623403722703467e-01 9.667892707948568809e-01 -1.042022051329557879e-02 8.302835488019001176e+00 -9.668121791758537142e-01 2.552493532783132180e-01 -1.104435820860504881e-02 -4.583389962416061891e+00 -8.017812471858355369e-03 1.289470926201131094e-02 9.998847139326685340e-01 6.515547332245097412e-02
2.355894185367771732e-01 9.717989651957896768e-01 -1.021749078274270667e-02 8.329278837073221808e+00 -9.718163605214042988e-01 2.354767069818036740e-01 -1.112123607956114896e-02 -4.754463750170311087e+00 -8.401624630678422578e-03 1.254957024754005043e-02 9.998859539918376615e-01 7.359952772366079587e-02
2.163872611616385333e-01 9.762518042515057060e-01 -1.043876921119230028e-02 8.376061897758754426e+00 -9.762698076619696907e-01 2.162724220345281223e-01 -1.111315054246981432e-02 -4.922604379121136020e+00 -8.591615367640734191e-03 1.259579941880041923e-02 9.998837582351139952e-01 7.765186853225707064e-02
1.972664188017515530e-01 9.802944956331396398e-01 -1.042409921770887093e-02 8.400189155154201615e+00 -9.803095956907574848e-01 1.971507164491100861e-01 -1.116653931290162959e-02 -5.109093813310646048e+00 -8.891378394600610996e-03 1.242162771021759933e-02 9.998833164701133036e-01 7.424961640963431697e-02
1.789606525653791858e-01 9.838130749084368354e-01 -9.215121951446508114e-03 8.405197810245688572e+00 -9.838110630497509668e-01 1.788548371232531187e-01 -1.125786207650722286e-02 -5.286711145090449371e+00 -9.427462770686768911e-03 1.108065326688845338e-02 9.998941654339654761e-01 7.901924638792390265e-02
1.615384671532537064e-01 9.868306234264291321e-01 -8.405016215494297283e-03 8.424817714721257289e+00 -9.868263330356511487e-01 1.614492859078232589e-01 -1.038828702261558774e-02 -5.469000825380844866e+00 -8.894495892825191041e-03 9.972399293022784703e-03 9.999107156117255091e-01 6.465322469054615717e-02
1.458889041010726917e-01 9.892629032340271023e-01 -8.679628170159761277e-03 8.431596787269985072e+00 -9.892632157504291923e-01 1.458010628018260313e-01 -1.001698801925699628e-02 -5.667427755588305693e+00 -8.643935637656677620e-03 1.004780427965323852e-02 9.999121581448291440e-01 6.664904422865215727e-02
1.307895667147329632e-01 9.913628979108005668e-01 -9.679560138355150500e-03 8.410580090089673888e+00 -9.913659180511932290e-01 1.306852696333973274e-01 -1.072272481046311274e-02 -5.866333989464667553e+00 -9.365135614987123852e-03 1.099840655485397750e-02 9.998956592005823207e-01 8.291179502896479925e-02
1.154058759271715529e-01 9.932693686056909277e-01 -9.871433084141343836e-03 8.446949245069227175e+00 -9.932699855705368064e-01 1.152964125726896327e-01 -1.102147960004700410e-02 -6.065091199539299538e+00 -9.809157261886329235e-03 1.107694170430246518e-02 9.998905349068422099e-01 8.647429150382357488e-02
1.016851181087502498e-01 9.947707072949927287e-01 -9.559114134142209993e-03 8.496102106623725447e+00 -9.947708566666528807e-01 1.015835635598221209e-01 -1.056987895774674953e-02 -6.226829076860644463e+00 -9.543557088598964358e-03 1.058392754640862833e-02 9.998984453412201878e-01 7.848667083172448933e-02
9.008190813759686666e-02 9.958881317856488335e-01 -9.595769629372046319e-03 8.514511703570899925e+00 -9.958937251299154747e-01 8.998701636107309110e-02 -9.900764278212367472e-03 -6.420421910046353986e+00 -8.996558961643608479e-03 1.044824649988576430e-02 9.999049435180962231e-01 6.705875814937835300e-02
7.954122836750421310e-02 9.967794975134250945e-01 -1.018952043387832095e-02 8.496405846219445834e+00 -9.967916721491528742e-01 7.944242586054328648e-02 -9.760292387430879318e-03 -6.614548208318598022e+00 -8.919379119904589578e-03 1.093317475740578776e-02 9.999004502278411310e-01 6.187581915347055428e-02
7.051667586971066548e-02 9.974574480980548108e-01 -1.029745881284673675e-02 8.490602073350416390e+00 -9.974689951397760490e-01 7.041569295267546824e-02 -9.860726182183142050e-03 -6.812755775657633350e+00 -9.110552076115836784e-03 1.096674152657244224e-02 9.998983590451370196e-01 7.359225348329946625e-02
6.189147782770754169e-02 9.980249798530970162e-01 -1.075102606861304093e-02 8.504816920643076372e+00 -9.980444053818199324e-01 6.179091550025228585e-02 -9.447097315597053485e-03 -7.004674756825373549e+00 -8.764123364722315249e-03 1.131469623393781959e-02 9.998975786503243590e-01 6.718191254171465565e-02
5.510917292033368220e-02 9.984207562220335230e-01 -1.090745639731331533e-02 8.516410365262771620e+00 -9.984430581514831538e-01 5.500943342921116308e-02 -9.242394868809520117e-03 -7.184775392640582403e+00 -8.627785877649415611e-03 1.139981485901069187e-02 9.998977975433437360e-01 6.071033836588728139e-02
4.980153354944105715e-02 9.986937587050984666e-01 -1.142731725325367431e-02 8.518057213912353376e+00 -9.987173277559545648e-01 4.969150465216276569e-02 -9.718724474405799132e-03 -7.371068454387937230e+00 -9.138188886711764991e-03 1.189666713355891879e-02 9.998874750765628372e-01 5.446695687318979517e-02
4.521568458233604648e-02 9.989135114164873208e-01 -1.128443961101105279e-02 8.540757218071224344e+00 -9.989328686254375089e-01 4.510431633769418358e-02 -9.936026744331097338e-03 -7.572821676794215584e+00 -9.416254430799251077e-03 1.172166188273111864e-02 9.998869620088070009e-01 5.628533733362878211e-02
4.173881505813947790e-02 9.990787464884497426e-01 -9.976453909629120001e-03 8.561226892794216781e+00 -9.990824419246463473e-01 4.163887434892754591e-02 -1.002389050422229470e-02 -7.761890766260443719e+00 -9.599247649104964211e-03 1.038568524569972139e-02 9.998999909923733664e-01 5.199054938570218248e-02
4.064586908073797300e-02 9.991391475224603580e-01 -8.299229769266962611e-03 8.564815230879029073e+00 -9.991292507918275723e-01 4.056439074765105790e-02 -9.760656506269964686e-03 -7.972622323770158559e+00 -9.415600821669043233e-03 8.688733588012835171e-03 9.999179228165697708e-01 5.620568189884840582e-02
4.161843841998491556e-02 9.990984635843762618e-01 -8.376493706863238561e-03 8.558603512827081872e+00 -9.990919820828811915e-01 4.153874346775976445e-02 -9.473337786639461980e-03 -8.139206430923394464e+00 -9.116848204398600788e-03 8.763153225799744442e-03 9.999200419155319652e-01 5.171335016438772386e-02
4.178432200722359546e-02 9.990723498666860269e-01 -1.041682131242167506e-02 8.517793902836396924e+00 -9.990845735373752312e-01 4.168460392937822778e-02 -9.612945172629427590e-03 -8.365593681676823934e+00 -9.169806652147092368e-03 1.080895587506678322e-02 9.998995355128699192e-01 4.343262586700806505e-02
4.038943235398673171e-02 9.991209092540493941e-01 -1.122953451770902604e-02 8.520231991473073307e+00 -9.991369827327645226e-01 4.027593781664140504e-02 -1.015571605832890460e-02 -8.596252867691125843e+00 -9.694508228378447348e-03 1.163002684226139942e-02 9.998853729232457521e-01 5.726721498888568546e-02
