1.000000000000000000e+00 0.000000000000000000e+00 0.000000000000000000e+00 0.000000000000000000e+00 0.000000000000000000e+00 1.000000000000000000e+00 0.000000000000000000e+00 0.000000000000000000e+00 0.000000000000000000e+00 0.000000000000000000e+00 1.000000000000000000e+00 0.000000000000000000e+00
9.999999997200792468e-01 1.285079603168139519e-05 3.016177146104420106e-05 -2.025609070437611303e-04 -1.285234276876802160e-05 9.999999975001552244e-01 1.143460252753704257e-04 6.680564082719883624e-04 -3.016101258016529090e-05 -1.143462452199993417e-04 9.999999973183480995e-01 -6.557020682208932133e-04
1.000000000240281572e+00 6.514307592875460270e-06 8.324043092528210047e-06 1.568523850248255752e-04 -6.512967383597841886e-06 1.000000000352251561e+00 8.979148460544283212e-05 1.113997318008238049e-03 -8.324168929571515270e-06 -8.979136966140740899e-05 1.000000000564027935e+00 -1.000631611482831257e-03
9.999999993325715542e-01 -3.784030452086612796e-05 6.455619478272362475e-05 5.782700880408970330e-04 3.783746531489430587e-05 1.000000005583931317e+00 3.722462683038900780e-05 1.708332590656670832e-03 -6.456047062116450786e-05 -3.722375552575019720e-05 1.000000004582806579e+00 -2.911220029486358512e-04
1.000000001063327426e+00 1.632110526092082722e-07 7.744882769967448657e-05 1.056291995035350990e-04 -1.649144800065936331e-07 1.000000008689561959e+00 1.177054384550494675e-05 1.482872531686617789e-03 -7.745162351642433801e-05 -1.177320253962869177e-05 1.000000004860119196e+00 3.814025852658998496e-04
1.000000005812292203e+00 -1.222147049392587500e-05 1.706174806465260619e-05 4.084278258933737621e-04 1.221950280676706698e-05 1.000000009035115101e+00 6.593010142907129054e-06 1.466545396153981235e-03 -1.706450674905461888e-05 -6.594825935713450456e-06 1.000000009993289085e+00 2.845519811757478749e-04
1.000000005776607859e+00 -1.940053791781351015e-05 1.852299976860142933e-05 5.104575383881167173e-04 1.939798821694195660e-05 1.000000008177869715e+00 7.485162486106674402e-05 7.351357613154997249e-04 -1.852686945399582155e-05 -7.485332477875752727e-05 1.000000009283027014e+00 -5.307364284035198752e-04
1.000000004572385803e+00 -4.147240503801957517e-05 4.684257674840717399e-05 1.329337413285289551e-03 4.146694533919495100e-05 1.000000005836318318e+00 9.733393235670067243e-05 6.790886451304215237e-04 -4.684877286179824383e-05 -9.733436904306437770e-05 1.000000006800830565e+00 -7.406327790143339088e-04
1.000000004323444713e+00 -3.021211968467026035e-05 6.208997471006364615e-05 9.310318844868984605e-04 3.020610142649254228e-05 1.000000008221289427e+00 8.079696587649040521e-05 4.119620884836153294e-04 -6.209411124142133985e-05 -8.079740480170682264e-05 1.000000007826173487e+00 -1.042988431162380006e-03
1.000000008889792902e+00 1.011519537539969198e-05 -6.721530961466128916e-06 5.679676427139817045e-04 -1.011398289887237582e-05 1.000000012331378141e+00 4.188166654541376045e-05 6.980613736378903046e-04 6.721555692027217650e-06 -4.188599396205771008e-05 1.000000014278627614e+00 -4.502178830879441764e-04
1.000000007982670525e+00 -1.082280710906922399e-05 -5.468772313114120297e-05 2.711652507971968359e-04 1.082707512677990881e-05 1.000000011101452646e+00 7.220567684156889345e-05 1.594330691364603076e-03 5.468703149187521546e-05 -7.221021148903129946e-05 1.000000011760602048e+00 3.670551171423967773e-04
1.000000006156143595e+00 -6.783563438296658511e-05 -7.010807791076612287e-05 5.972111213132746911e-04 6.784388475971180467e-05 1.000000006809748099e+00 1.110609842819677769e-04 2.639045260078129191e-03 7.010189078036876389e-05 -1.110700997993021964e-04 1.000000007810333269e+00 4.421695752341731349e-04
1.000000011733084726e+00 -6.824239814814803801e-05 7.159625569924189101e-06 6.955622731003367710e-04 6.824088822775948844e-05 1.000000007970046401e+00 1.025253438291027607e-04 1.756898660563129596e-03 -7.165014488697541845e-06 -1.025281729174312467e-04 1.000000014361676071e+00 -5.546949876672859544e-04
1.000000017085912907e+00 1.379734332243708620e-05 1.294558366903115232e-05 1.129867085946176719e-03 -1.379945956815428160e-05 1.000000014505953549e+00 9.224654295175085809e-05 1.415494029104549713e-03 -1.294138186197761794e-05 -9.224938644819662148e-05 1.000000015505388529e+00 -7.075924362280798605e-04
1.000000016255182311e+00 5.315913625123431824e-05 -6.842712849066110986e-07 2.143999840902080772e-03 -5.315967390068727835e-05 1.000000017095646454e+00 5.174983758661938797e-05 1.276045070557976519e-04 6.908152529399017155e-07 -5.175270892714751747e-05 1.000000019196656043e+00 -5.128505016665428585e-04
1.000000017085223458e+00 4.478888219620986777e-05 -8.956475935693291576e-06 1.121582654330703210e-03 -4.478903331232844871e-05 1.000000019026679565e+00 2.760434580272336534e-05 1.810558983499518677e-03 8.961189382660435490e-06 -2.760661563052278645e-05 1.000000020328031924e+00 1.461871305124102204e-04
1.000000021318234733e+00 -4.978417649657439128e-05 1.740976941090886503e-05 3.912468817772020782e-04 4.978333402925391715e-05 1.000000022984801840e+00 4.147053034188844808e-05 1.616770930524713068e-03 -1.740655190575592169e-05 -4.147346309956047018e-05 1.000000020107090881e+00 -2.396131002748797534e-05
1.000000020908824672e+00 -5.472768290686463595e-05 2.825763691510453028e-05 -5.250392537698459969e-04 5.472553727442788470e-05 1.000000020909163290e+00 8.378976436019916518e-05 9.685021826424198427e-04 -2.825702057680401123e-05 -8.379204989872202232e-05 1.000000018091886878e+00 -1.977200384191155969e-04
1.000000024128152365e+00 2.227287494077417198e-05 4.908575781597965476e-05 -5.792719158767140053e-04 -2.227720878862782933e-05 1.000000023568460961e+00 9.744024301552851972e-05 1.333188584002459797e-03 -4.907923841913618834e-05 -9.744398684746113850e-05 1.000000016335368169e+00 -9.599568927833105865e-04
1.000000025736249576e+00 3.637616450258500091e-05 8.889565254658784893e-06 1.762617276898416265e-03 -3.637797234994065047e-05 1.000000018398941704e+00 1.413934579961823403e-04 8.283799187920826363e-04 -8.880334443364244524e-06 -1.413966729191889712e-04 1.000000013440697888e+00 -8.895477152611961638e-04
1.000000027137123437e+00 8.528143896552858110e-06 -1.991659820865796025e-05 2.169827750792638604e-03 -8.525554392398462824e-06 1.000000025891643052e+00 9.844104073859347625e-05 3.936750257667769645e-04 1.991991020174715052e-05 -9.844288572184150946e-05 1.000000019885798119e+00 -5.011290296198015175e-04
1.000000027165203198e+00 -2.596107547670636101e-05 -3.353285218087920428e-05 -4.238294538194860295e-04 2.596384189093066267e-05 1.000000030531020823e+00 5.180569711082750809e-05 9.082001991604720346e-04 3.353257860520137952e-05 -5.180821500766458171e-05 1.000000023953317552e+00 -4.956456031207028912e-05
1.000000029478969932e+00 5.316776286618053069e-06 5.229978974459319783e-06 -1.756801525562681808e-03 -5.315250734101804011e-06 1.000000030258004990e+00 7.458639919328303731e-05 2.204585531819102870e-03 -5.229238461612953190e-06 -7.458667132504321088e-05 1.000000024138633758e+00 -8.488022447380816436e-04
1.000000029478296248e+00 1.221129505730116134e-05 -1.607103925111845770e-05 -7.953735769536143764e-04 -1.220815073348059735e-05 1.000000031805972966e+00 5.327730983338366548e-05 1.436927510691919044e-03 1.607216594596925436e-05 -5.327746710201074177e-05 1.000000025767775913e+00 -1.684583030377457625e-03
1.000000027160534710e+00 -7.191390426911015361e-05 -9.886026463478184666e-05 -1.650408226225322239e-03 7.192105097457950199e-05 1.000000032593969967e+00 5.007271835542920240e-05 1.055036425214136606e-04 9.885730658155364751e-05 -5.007545990842876137e-05 1.000000023025302553e+00 -1.045386987403651392e-03
1.000000015129060671e+00 -1.640951742563468265e-04 -1.319873323214755360e-04 -4.387023612463692053e-03 1.641099569084054162e-04 1.000000021485840884e+00 9.648308204192673700e-05 1.320245885354844181e-03 1.319746224526086422e-04 -9.649958740164346518e-05 1.000000016802538472e+00 -1.922894664728590122e-04
9.999999859508098554e-01 -1.183161479515597325e-04 -3.031793074151731163e-04 -4.809543481120206500e-03 1.183486426043943917e-04 1.000000028077407510e+00 1.010313004901423060e-04 1.275412803833231171e-03 3.031705239688809914e-04 -1.010616023492836787e-04 9.999999801513401732e-01 -1.784916577726555938e-03
9.999993159013771393e-01 2.015564443144357814e-05 -1.208424016543764232e-03 -2.209520317983306055e-04 -2.029301207257323049e-05 1.000000033619175221e+00 -1.164787431915292106e-04 6.157592112248230169e-04 1.208425019233277898e-03 1.165094007068824349e-04 9.999993015189180268e-01 -4.297232445539153102e-03
9.999918385030333035e-01 1.752189232457907874e-04 -4.048959985473592031e-03 1.874521759562100542e-02 -1.766647626587424349e-04 9.999999613027931167e-01 -3.572763460053572453e-04 2.783760275310851948e-03 4.048900337109863704e-03 3.579944544813214885e-04 9.999917822816691837e-01 -5.508336742530422526e-03
9.999751538186885114e-01 1.465366024344696137e-04 -7.055351996205902129e-03 4.762234346189138379e-02 -1.469056459171174983e-04 1.000000029207675167e+00 -5.173869458218671388e-05 6.359894891090009557e-03 7.055347401718960187e-03 5.277920428798011141e-05 9.999751559864917816e-01 -9.887295212298067518e-04
9.999685571732371825e-01 -3.686171758959450105e-05 -7.936812743694853650e-03 9.004436224239030506e-02 4.188493940282299397e-05 9.999998429272536349e-01 6.324649136120318472e-04 7.209959372039612818e-03 7.936792426114780419e-03 -6.327729679310931110e-04 9.999683525380859139e-01 -6.398948748248378248e-05
9.999766569304843200e-01 -9.422330287056896565e-05 -6.840289914655989234e-03 1.520261752670927224e-01 9.999300254236340396e-05 9.999996836165736536e-01 8.429245551458904072e-04 6.173216771336579277e-03 6.840212647340524095e-03 -8.435842659238542048e-04 9.999763008609496850e-01 -4.221129663719545150e-03
9.999823998351877741e-01 1.759783437638644623e-04 -5.940722903312999764e-03 2.292178613569271772e-01 -1.721993228667035561e-04 9.999998269077239321e-01 6.369871973464240247e-04 2.907517572680700258e-03 5.940838641538487633e-03 -6.359475981309784367e-04 9.999822078385433022e-01 -4.876275302052023378e-03
9.999813148341342162e-01 3.837704612013012910e-04 -6.112182054393605797e-03 3.135291247403227954e-01 -3.795016477934383815e-04 9.999997277778738258e-01 7.002749588817477368e-04 3.133229366455477904e-03 6.112453779303894316e-03 -6.979374227291136861e-04 9.999811390008634948e-01 2.442558614376759375e-04
9.999789330563443324e-01 4.784257868487478207e-04 -6.483884558862621633e-03 3.998183384182712463e-01 -4.708412725105203889e-04 9.999992513072990530e-01 1.171975032717433810e-03 5.465209363369858027e-03 6.484445645116779580e-03 -1.168892543437621877e-03 9.999783603298353363e-01 3.697086369430379986e-03
9.999769701190387439e-01 5.245493068543939132e-04 -6.776470085171670647e-03 4.980289040981872306e-01 -5.104893522092253649e-04 9.999977641653446936e-01 2.077256917876960617e-03 8.522124292150618646e-03 6.777550221971549889e-03 -2.073744718380358867e-03 9.999749527596120124e-01 3.514551714584080583e-03
9.999763856195537093e-01 6.575786595034511161e-04 -6.850713362989221608e-03 6.122254581104400462e-01 -6.365609825924273355e-04 9.999951379586318190e-01 3.070535716006147706e-03 8.455174922597936613e-03 6.852704775829224042e-03 -3.066097217179237101e-03 9.999718929264158618e-01 1.465287221824520571e-03
9.999755420982670007e-01 8.287394217739943057e-04 -6.954523304703147044e-03 7.425548954453851103e-01 -8.055680924062759863e-04 9.999941721710733367e-01 3.334819447483745522e-03 7.635269235722620326e-03 6.957250734064574643e-03 -3.329130400861221410e-03 9.999703322374656755e-01 -1.078792965062256096e-03
9.999738309013913584e-01 1.004428422628544492e-03 -7.173986787454145544e-03 8.839740144558976276e-01 -9.829623080229257272e-04 9.999950905534354950e-01 2.995701832944131990e-03 6.888011492700202125e-03 7.176964220796422031e-03 -2.988566429270827010e-03 9.999698590597387859e-01 3.444440901104077208e-03
9.999666458793358137e-01 1.385721326982079565e-03 -8.057679353628314015e-03 1.031574660321600723e+00 -1.366699622017896690e-03 9.999963289189520710e-01 2.366000722606890171e-03 5.255634878953119836e-03 8.060931946348185925e-03 -2.354904076049071666e-03 9.999648189231751250e-01 6.066494224033085886e-03
9.999513497622724012e-01 1.621597637989071958e-03 -9.737270479218979730e-03 1.192747786408932420e+00 -1.604399720243653840e-03 9.999972014383750052e-01 1.773923032372745710e-03 5.375527855554968620e-03 9.740123263943478021e-03 -1.758208953853381299e-03 9.999511031325856170e-01 5.256171979783649632e-03
9.999346305962791837e-01 1.869208611708998800e-03 -1.128688597672731532e-02 1.360993941578126920e+00 -1.845069634271493796e-03 9.999960510409826586e-01 2.149111115965423018e-03 7.493624346066264132e-03 1.129086163272884774e-02 -2.128140971068079399e-03 9.999340807223479066e-01 9.234279689381081485e-03
9.999274418542366538e-01 2.665305544956433903e-03 -1.175417233563632625e-02 1.546243345662172475e+00 -2.618654813998255726e-03 9.999887078129445772e-01 3.982938100189256300e-03 1.350521661677681756e-02 1.176465778978357662e-02 -3.951864384610041976e-03 9.999230799571060535e-01 9.231674480765714175e-03
9.999283270855421346e-01 2.857749961438584702e-03 -1.163319023131531918e-02 1.755239211713908176e+00 -2.804040518448919911e-03 9.999854140335868724e-01 4.631015535677492426e-03 1.094069670861312973e-02 1.164625743383911755e-02 -4.598059799521878217e-03 9.999217051984404803e-01 -4.782351016077406557e-03
9.999543472111310782e-01 2.179110044682462319e-03 -9.312531836429509616e-03 1.961369115308249977e+00 -2.143734386142952687e-03 9.999905213364933543e-01 3.808011290473560604e-03 4.145373428602844995e-03 9.320744143336215023e-03 -3.787870541368328244e-03 9.999494901595309404e-01 -1.100385873285446726e-03
9.999744942572060813e-01 2.984710063617042417e-03 -6.501913747057969095e-03 2.175579162579708292e+00 -2.970564229192886214e-03 9.999932687919022012e-01 2.185952068237702068e-03 1.958300126112286579e-04 6.508397028453919743e-03 -2.166578785952863722e-03 9.999765792400931996e-01 1.610577444326035182e-02
9.999748107938479791e-01 4.238594435179679661e-03 -5.708382260619337435e-03 2.421278051090550942e+00 -4.226924109375155593e-03 9.999890214675379863e-01 2.056870094612767846e-03 3.148379226976426998e-03 5.717040332491622398e-03 -2.032685762415558858e-03 9.999816982133845622e-01 3.053229464978541099e-02
9.999656428841225964e-01 4.638463008821649795e-03 -6.883160735012019277e-03 2.673038495175310114e+00 -4.617759220430056079e-03 9.999848404979204686e-01 3.022821421934684862e-03 4.721456453576151208e-03 6.897080181271175031e-03 -2.990928881023022234e-03 9.999718526421271791e-01 2.499521440431535374e-02
9.999617861480055714e-01 4.995903913909716457e-03 -7.187211795307527074e-03 2.915055227205488819e+00 -4.966894524242107534e-03 9.999795316561791436e-01 4.051258647208257763e-03 3.408752612926458855e-03 7.207306757183343932e-03 -4.015401998949322607e-03 9.999660821022002821e-01 1.825387761814356927e-02
9.999655320665905567e-01 5.687738137369633372e-03 -6.064817019847851785e-03 3.168299853698318458e+00 -5.663443343270090947e-03 9.999759584698940662e-01 4.019435953745102881e-03 1.824497133543615630e-03 6.087535008483650235e-03 -3.984946223305991381e-03 9.999736529030286425e-01 1.659125073309474299e-02
9.999675412593548307e-01 6.319410680021306757e-03 -5.018135227725133846e-03 3.444264318893100807e+00 -6.303728666957502010e-03 9.999752780931007168e-01 3.140275938382483360e-03 -1.601601491852890037e-03 5.037857886297110108e-03 -3.108537863853165408e-03 9.999826052486346928e-01 2.728084924493474894e-02
9.999664414844255944e-01 6.766977355507569104e-03 -4.639636678919854297e-03 3.732314760038772050e+00 -6.751365233085481962e-03 9.999715799892763268e-01 3.378885491135802475e-03 -1.433482421363167043e-03 4.662372342051458902e-03 -3.347444522636406142e-03 9.999836578780483265e-01 3.982656428426600143e-02
9.999630390893836651e-01 7.262181933995768245e-03 -4.624665127713668659e-03 4.024137326807297299e+00 -7.241348609314912643e-03 9.999636780469208786e-01 4.513194291555829712e-03 -1.000488609147039782e-03 4.657275667123184602e-03 -4.479534719467370522e-03 9.999792555433958396e-01 3.677759551996470644e-02
9.999572196414228120e-01 7.580325237336972728e-03 -5.320789513516085804e-03 4.319672235090388668e+00 -7.556989568788776562e-03 9.999618533032397227e-01 4.398581220106942587e-03 -4.523337002849621251e-03 5.353931955892339382e-03 -4.358179189315446352e-03 9.999763079752176376e-01 2.580884273580843005e-02
9.999601550346499668e-01 7.243312340392839797e-03 -5.238024039285056957e-03 4.622156942113289979e+00 -7.230976425489089345e-03 9.999711154822324977e-01 2.376981413834234908e-03 -1.114376833752162704e-02 5.255093274515282645e-03 -2.339005829438500425e-03 9.999835967502551659e-01 3.091142993337685912e-02
9.999730979280011534e-01 6.019341474680228385e-03 -4.218003137838604796e-03 4.940995797808221290e+00 -6.021398222160475634e-03 9.999818502072467252e-01 -4.653518333810422597e-04 -1.489813706173920456e-02 4.215127868128228095e-03 4.907415835537219965e-04 9.999911420913960569e-01 4.241350727964342954e-02
9.999851923197132786e-01 3.576087722163827799e-03 -4.129003934185465977e-03 5.275860675523641241e+00 -3.588007669385040281e-03 9.999895262026818887e-01 -2.873233046645442060e-03 -1.871604785318100456e-02 4.118685600718598530e-03 2.888009519105604397e-03 9.999874971317863626e-01 5.135892470540281973e-02
9.999891332858200643e-01 -6.091938419188895918e-05 -4.685691788318221106e-03 5.615929324870703176e+00 3.739271721659471884e-05 9.999875295698682498e-01 -5.012564732924623505e-03 -1.914444178188502016e-02 4.685936209898300051e-03 5.012340944613435760e-03 9.999766100826972259e-01 5.258850724395341264e-02
9.999761769369112097e-01 -4.600233307198284619e-03 -5.168577651811588798e-03 5.959603323249419660e+00 4.567369778024796441e-03 9.999695379467543610e-01 -6.344556715226633455e-03 -1.418420520394244808e-02 5.197605834107556569e-03 6.320806377814324091e-03 9.999666676418735856e-01 5.386185312909095441e-02
9.999412759915979887e-01 -9.570277940663765928e-03 -5.107661982098984053e-03 6.315373541193411988e+00 9.537880622350154367e-03 9.999346299843615560e-01 -6.321810592226352783e-03 -5.414064325068689530e-03 5.167832800574587333e-03 6.272731935926583770e-03 9.999671286758392563e-01 5.741664150774784814e-02
9.998734222706867625e-01 -1.520500657725364253e-02 -4.709704129519684361e-03 6.689230637688109660e+00 1.517679259730538889e-02 9.998671597825204982e-01 -5.960731516441178379e-03 3.815746509327151269e-03 4.799715317615495941e-03 5.888507584557552826e-03 9.999713005984027792e-01 5.359045559766597439e-02
9.997476222162124948e-01 -2.207309073746844055e-02 -4.208411450040185249e-03 7.072659420154439935e+00 2.204476219458249842e-02 9.997349486471004409e-01 -6.653437821540999185e-03 1.118105295586684263e-02 4.354162984288468402e-03 6.558991217166136763e-03 9.999691678771684966e-01 4.487890607110121138e-02
9.995147115603804089e-01 -3.093900960990081384e-02 -3.655294192494045347e-03 7.461559639506260666e+00 3.090284280361755079e-02 9.994768072049949881e-01 -9.556987289450277409e-03 2.319807068292590799e-02 3.949069623507782227e-03 9.439395372849643251e-03 9.999478096118005199e-01 4.907281104812705186e-02
9.991288274394859448e-01 -4.162113003064900341e-02 -3.084165701554034307e-03 7.851055141397899284e+00 4.157944734913710666e-02 9.990568853675292349e-01 -1.251803579392052161e-02 4.798442541625815017e-02 3.602275010819431123e-03 1.237889625764053078e-02 9.999170509096367843e-01 7.179366994455815831e-02
9.985592542459013066e-01 -5.362264348996680779e-02 -2.067349776536694331e-03 8.243300049248150074e+00 5.359181750568812325e-02 9.984806233404458498e-01 -1.282869000640768364e-02 8.218022228602150925e-02 2.752120965343168944e-03 1.269941691229346976e-02 9.999157334471572289e-01 8.679258812250983945e-02
9.977991080146971781e-01 -6.630298750828342302e-02 -1.049440930596917893e-03 8.644959442815432382e+00 6.628767283102621199e-02 9.977414238606689967e-01 -1.087274942777337501e-02 1.185678356438160247e-01 1.767972435895462553e-03 1.077925803332767905e-02 9.999405047575418148e-01 7.675567692129697805e-02
9.968210640808932155e-01 -7.967439824371717882e-02 6.727953870842086652e-05 9.056156047181550761e+00 7.967159289116225451e-02 9.967787739106068745e-01 -9.205421501571345311e-03 1.552676591610811230e-01 6.663814128513315333e-04 9.181521662215053406e-03 9.999577949502671537e-01 6.087217425716402730e-02
9.954786170943784596e-01 -9.498410344952816498e-02 7.696439246926393843e-04 9.473895193808861137e+00 9.498715352184122773e-02 9.954403442120783874e-01 -8.728692167713452202e-03 2.028771001456792233e-01 6.296100261128990993e-05 8.762335979849898704e-03 9.999617762649117836e-01 5.820830841732603511e-02
9.935962939296029139e-01 -1.129848280299288882e-01 1.041767077050129815e-03 9.888423118674142032e+00 1.129895783622325012e-01 9.935512173097174049e-01 -9.463833581638353420e-03 2.659661728662182645e-01 3.422904073331582963e-05 9.520942804669689508e-03 9.999548428094764407e-01 7.704093697602108770e-02
9.911603089655437460e-01 -1.326399281327758362e-01 2.854491624559524991e-03 1.029504443343669173e+01 1.326600553165032670e-01 9.911233354471687962e-01 -8.722282722402791705e-03 3.409514501140953335e-01 -1.672219998581196210e-03 9.023858821145383513e-03 9.999580565687340439e-01 1.013538089390591534e-01
9.881889273352774117e-01 -1.531282800286549728e-01 5.884815019031690124e-03 1.071528594804900614e+01 1.531499084705417457e-01 9.881971517746188649e-01 -3.425193673468136281e-03 4.309010399198833219e-01 -5.290852747629450070e-03 4.285998812557785011e-03 9.999769905017289462e-01 1.001880692972821479e-01
9.844779753630099606e-01 -1.753169208041548688e-01 8.207040063349654163e-03 1.116128870501929526e+01 1.753317919149455506e-01 9.845088759759240693e-01 -1.129038938108614621e-03 5.192643834651181622e-01 -7.881953744008679888e-03 2.550468276923587539e-03 9.999658582427397580e-01 4.294098158237937696e-02
9.795724733044065546e-01 -2.008828793906145826e-01 9.170716087140986031e-03 1.161086970087716352e+01 2.009308340095601608e-01 9.795945506925488599e-01 -4.643691449765401276e-03 6.175268638108017960e-01 -8.050737215873893932e-03 6.391510398266708227e-03 9.999473441722588340e-01 3.686975160887345088e-02
9.733987339207889056e-01 -2.289328771368910609e-01 9.214523203162705914e-03 1.204282463498434552e+01 2.290071944229491174e-01 9.733917436305651316e-01 -8.029226177920626567e-03 7.424758965117376208e-01 -7.131179730622757250e-03 9.925829440415886648e-03 9.999254890422676345e-01 9.615432903178806889e-02
9.658794610225709398e-01 -2.588230667932269746e-01 9.367764076303122453e-03 1.247531203703692881e+01 2.588920594512752471e-01 9.658803357166106940e-01 -7.094375125613516971e-03 8.893298901665497302e-01 -7.211943009861860633e-03 9.277550519801263523e-03 9.999311365357886894e-01 1.240387991911684334e-01
9.567287939560099597e-01 -2.908605878511717480e-01 8.390821778845715048e-03 1.291532113620287170e+01 2.909046164064431617e-01 9.567411449780566235e-01 -4.598004061081936537e-03 1.044530842631720136e+00 -6.690456303069439344e-03 6.839972154886912910e-03 9.999544105489012180e-01 8.775648586272286056e-02
9.459879282726229022e-01 -3.241443987618241040e-01 6.125937917190652990e-03 1.335574017088165810e+01 3.241690980167266645e-01 9.459925139814689965e-01 -3.579948038080234176e-03 1.208632278034297070e+00 -4.634661082938158067e-03 5.372428280770797510e-03 9.999750167680623303e-01 5.057695325289976451e-02
9.337764817851906818e-01 -3.578350268917467325e-01 3.982002606792425445e-03 1.379007204616125648e+01 3.578531270598857561e-01 9.337608652452615843e-01 -5.660664539240709524e-03 1.398872562910382422e+00 -1.692644123747528376e-03 6.710768553350531830e-03 9.999762396199429748e-01 5.093678472187209566e-02
9.204994742527576879e-01 -3.907200651330781649e-01 4.339578483776068002e-03 1.421873064986420232e+01 3.907433865107378113e-01 9.204623807156050441e-01 -8.299219663926566543e-03 1.608381477777594659e+00 -7.517398895640276576e-04 9.335089318588191826e-03 9.999563387037549989e-01 8.575548331236843014e-02
9.065406071683453915e-01 -4.220478422205513058e-01 7.748155871546434474e-03 1.465325931081742716e+01 4.220948475153864510e-01 9.065322022666779667e-01 -5.964267840142795270e-03 1.843866372741725268e+00 -4.506738914447676152e-03 8.677307811510031471e-03 9.999523924427301536e-01 1.162500397302081018e-01
8.915820316494049713e-01 -4.527350227332818111e-01 1.061937859113726637e-02 1.509442357910388210e+01 4.527809698029602314e-01 8.916189954215184565e-01 -2.286514256723688656e-03 2.088205225145279176e+00 -8.433246722696283171e-03 6.846867603981079096e-03 9.999411978477983354e-01 7.086274609179270267e-02
8.751448297680016752e-01 -4.837256621198500750e-01 1.145876218237119708e-02 1.553128986189121363e+01 4.837801324945527059e-01 8.751864084948616229e-01 -2.409437774609846268e-03 2.339196898911528155e+00 -8.863039359046883878e-03 7.652128244524943057e-03 9.999316448260284762e-01 3.575874984198743056e-02
8.574618625559792262e-01 -5.144204267794315610e-01 1.144866780807464630e-02 1.594772737149910036e+01 5.144876204742181436e-01 8.574895840731632246e-01 -3.791431579114757939e-03 2.609654666994238426e+00 -7.866717081926342947e-03 9.141205541020517786e-03 9.999274765654719843e-01 5.859718166153145974e-02
8.393902863385104274e-01 -5.433918203415906145e-01 1.222988887096776271e-02 1.635145391939181181e+01 5.434804019404944064e-01 8.394042368229279738e-01 -5.464081872837548738e-03 2.899988866907150076e+00 -7.296676193244042499e-03 1.123320111374211464e-02 9.999104868673663882e-01 8.975683240275821040e-02
8.205576021231831829e-01 -5.714443410367288090e-01 1.169972344418732449e-02 1.675484792719788629e+01 5.715290943481874386e-01 8.205619080540546006e-01 -5.738124494000114081e-03 3.209496728684779310e+00 -6.321321880071653979e-03 1.139519233495889759e-02 9.999152975186336167e-01 9.200218170127294481e-02
8.003531719713747883e-01 -5.994321539353452133e-01 1.077934009660114212e-02 1.716297291499444810e+01 5.995021251039341914e-01 8.003582191015021774e-01 -4.919369397093471645e-03 3.529228958616275058e+00 -5.678498403122676438e-03 1.039946851648966206e-02 9.999300086415540134e-01 6.802008445576590567e-02
7.794176713963074654e-01 -6.263518104337418846e-01 1.384965308441216993e-02 1.756228409905999399e+01 6.264406792824858128e-01 7.794638156569037024e-01 -2.917858005156156922e-03 3.863543280414677206e+00 -8.967690641577662908e-03 1.095021448445970130e-02 9.999000448784735040e-01 4.999827825565079931e-02
7.590158539306385288e-01 -6.507906397658181907e-01 1.915190362652462522e-02 1.794210160660284004e+01 6.509277661906727186e-01 7.591388128873863828e-01 -1.258801875309242336e-03 4.213152224408720947e+00 -1.371972887890783588e-02 1.342195492264809317e-02 9.998160108246355593e-01 5.181107830627433575e-02
7.389785348846880098e-01 -6.733544159682599561e-01 2.246957037083931533e-02 1.831674381415933084e+01 6.735508939306423803e-01 7.391391991494490332e-01 -1.649399135693590222e-03 4.582425223247761359e+00 -1.549749874691454775e-02 1.635326849756555193e-02 9.997463892789669737e-01 6.393639636838235885e-02
7.183653199532106237e-01 -6.953411643740422532e-01 2.126648749291372084e-02 1.868918016718724573e+01 6.955152534604107650e-01 7.185106363787193695e-01 -1.131696475501977163e-03 4.967441484007514063e+00 -1.449327168215189601e-02 1.560413577832199701e-02 9.997734272139473521e-01 8.023502762325021576e-02
6.975995307347677699e-01 -7.162613835124935768e-01 1.802408337169435215e-02 1.905101703189620821e+01 7.163616864999826639e-01 6.977282460273793729e-01 1.229896558000205357e-03 5.363911586630644379e+00 -1.345682922167576456e-02 1.205378523613274966e-02 9.998370274757120146e-01 6.520965836050748865e-02
6.775669633682512849e-01 -7.353106321634496068e-01 1.488745682576223667e-02 1.940113400361058282e+01 7.353479805322368223e-01 6.776790788208713057e-01 3.833857196947244948e-03 5.768413225492839302e+00 -1.290798496668258896e-02 8.349763573381298667e-03 9.998820615537046264e-01 4.947795520288744003e-02
6.580694651021080643e-01 -7.528660965705643582e-01 1.172924416236592604e-02 1.974374261135367092e+01 7.528461320831297821e-01 6.581601941461022731e-01 6.938732980898385493e-03 6.190306714246098352e+00 -1.294365042357792372e-02 4.264144891063386365e-03 9.999073729530049137e-01 2.926332790948305701e-02
6.383064973983627599e-01 -7.696975167755168989e-01 1.144138678463952480e-02 2.008433286143970875e+01 7.696180895336381944e-01 6.384068693343296630e-01 1.117853767547323865e-02 6.633675667174083301e+00 -1.590834576966783029e-02 1.670165014736449188e-03 9.998723009241953230e-01 3.523562707148965994e-02
6.186222711764665094e-01 -7.856310882879242730e-01 9.520379893293760831e-03 2.040421902381248387e+01 7.854203415704262836e-01 6.186822743733555452e-01 1.863939636706295894e-02 7.086932501538365514e+00 -2.053377272875358747e-02 -4.053245218423007570e-03 9.997811872475226291e-01 6.375142927245361357e-02
5.991548407556392952e-01 -8.006328387351637765e-01 9.471361185345842813e-04 2.070632213562116775e+01 8.003147469432148053e-01 5.989494047160265344e-01 2.749937038800843656e-02 7.548874746717424422e+00 -2.258417818533867832e-02 -1.571837255253138305e-02 9.996216187409004972e-01 4.154303229303475675e-02
5.804205151675113639e-01 -8.143131855150242959e-01 -2.535079976796593675e-03 2.102753210609679257e+01 8.139016567527594948e-01 5.800222134412567065e-01 3.374356049018485681e-02 8.014443642871732720e+00 -2.600741589043341698e-02 -2.164875668551019885e-02 9.994275573669101354e-01 -4.099512075163082997e-02
5.632261180021567171e-01 -8.262683655797254945e-01 7.569598302471394584e-03 2.136472241058055133e+01 8.256223681319746488e-01 5.631103584973172760e-01 3.542221339834931981e-02 8.485262333835171589e+00 -3.353076510621753881e-02 -1.370108296511520982e-02 9.993440205721557668e-01 -8.996992800084384345e-02
5.461822156016625796e-01 -8.373177308745547442e-01 2.417408911863843171e-02 2.168828132564200928e+01 8.366178868450853123e-01 5.467148688453427052e-01 3.425884831068090608e-02 8.985052678944693838e+00 -4.190186638675855169e-02 1.512903236780711261e-03 9.991208436162186679e-01 -1.808962621238027410e-02
5.283537002694821405e-01 -8.485816282729198301e-01 2.742221187738804258e-02 2.196531783914870317e+01 8.477249848771923890e-01 5.290561327118787904e-01 3.823967755928940615e-02 9.492337853902110822e+00 -4.695736763117441120e-02 3.042423988628648827e-03 9.988925203205671899e-01 7.009787756398470904e-02
5.100655579789277194e-01 -8.599782831575126796e-01 1.645842971579854555e-02 2.222098143513304791e+01 8.590111627615893974e-01 5.102836079199023489e-01 4.136153655880400043e-02 9.985810089475648965e+00 -4.396847933378287415e-02 -6.959114034706314830e-03 9.990089450120410719e-01 1.476334669401684237e-02
4.912762621298918941e-01 -8.709903782353849433e-01 4.878665639506117244e-03 2.248937449065688554e+01 8.701343583825300598e-01 4.910283388869628451e-01 4.192474039503390343e-02 1.047342512854587859e+01 -3.891159765646284158e-02 -1.635152775143044676e-02 9.991091276614840755e-01 -1.288600567009664799e-01
4.734266743055100535e-01 -8.808268315411246219e-01 3.418108204359849352e-03 2.276688751665838950e+01 8.800285564198480071e-01 4.731564220636561013e-01 4.090308320820740945e-02 1.097340491395819129e+01 -3.764582151580952996e-02 -1.635657124366326695e-02 9.991575430322221507e-01 -1.981034918639547615e-01
4.565482045011324819e-01 -8.896118756500785985e-01 1.244423061839237434e-02 2.303020124765608756e+01 8.888416304582150707e-01 4.566775964438027913e-01 3.750269568352389282e-02 1.148957663167465881e+01 -3.904583260323059996e-02 -6.060832671767438055e-03 9.992193133313277409e-01 -1.662954113197134265e-01
4.398031534271119591e-01 -8.977839018292803619e-01 2.361518399217805292e-02 2.327105999561965177e+01 8.970475492475307178e-01 4.404078764972301774e-01 3.670041998992323168e-02 1.201699895816272701e+01 -4.334934583236676325e-02 5.042986940311909236e-03 9.990475283621086389e-01 -6.594009224370331324e-02
4.224928811171296816e-01 -9.060573266440981044e-01 2.367109292032763823e-02 2.348470748727226720e+01 9.051697716617442824e-01 4.231327917642258019e-01 4.033184432057849989e-02 1.254191629603654512e+01 -4.655896501496994272e-02 4.386445078024552198e-03 9.989062023855729278e-01 -1.896580590827662977e-02
4.039289748494238053e-01 -9.147425102065033231e-01 9.379067595116240622e-03 2.368367598087354509e+01 9.137229817721725933e-01 4.039316276998433652e-01 4.415753431888252284e-02 1.305607034660343757e+01 -4.418126199196926313e-02 -9.266632467301324713e-03 9.989808489278789727e-01 -1.139857796930241612e-01
3.847170121216494931e-01 -9.230344932797538426e-01 -7.725064299497189004e-04 2.389737550893755369e+01 9.221983129368420684e-01 3.843326993617055543e-01 4.288336756790211285e-02 1.357357576800890442e+01 -3.928591392747484562e-02 -1.721035884346798495e-02 9.990800868535368862e-01 -3.092012294992778076e-01
3.650715828051678824e-01 -9.309353972474194716e-01 9.082195242891492881e-03 2.412331376072429734e+01 9.303106951546809000e-01 3.651617257773604464e-01 3.434040457739832158e-02 1.409859479232641277e+01 -3.528515411500972310e-02 -4.087437684950874853e-03 9.993692322197577083e-01 -3.915675669359038324e-01
3.450449030989409249e-01 -9.382584313141888455e-01 2.481138523569302590e-02 2.431526686912080848e+01 9.380585021709764160e-01 3.456168425766446006e-01 2.440464716685680421e-02 1.461822616068624647e+01 -3.147308420331746542e-02 1.485383449745322250e-02 9.993945350049329157e-01 -2.144797030249764314e-01
3.265495982072879610e-01 -9.448086958446452188e-01 2.650227877327151690e-02 2.445893591826603242e+01 9.448409383289622099e-01 3.270553268425838711e-01 1.762829308402561954e-02 1.512313580080733288e+01 -2.532306252119073675e-02 1.928392785644440083e-02 9.994936264824447747e-01 -1.947327159397415491e-02
3.072525892906248779e-01 -9.515834103626477081e-01 9.238398394827179727e-03 2.459057250886507617e+01 9.515328580678782400e-01 3.073448016793792203e-01 1.116854149034476537e-02 1.566613824503887109e+01 -1.346715994684424648e-02 5.359079345102126662e-03 9.998952743398410448e-01 -7.224606691988670615e-02
2.837270487315136647e-01 -9.588876102736406670e-01 -5.831633418416847306e-03 2.475512177002060099e+01 9.589034218249721242e-01 2.837094860439730581e-01 3.674087790293989030e-03 1.623117437102335003e+01 -1.868535999177747212e-03 -6.634407484701520391e-03 9.999765717764226292e-01 -3.470465773552930955e-01
2.602892840211891157e-01 -9.655291437264741372e-01 -1.861451039549305965e-03 2.492340169426050522e+01 9.655307937567574328e-01 2.602894284598409325e-01 2.103208564570507118e-04 1.677001837737776668e+01 2.814566906956379147e-04 -1.852029456989452184e-03 9.999985754185783948e-01 -4.965348558130478485e-01
2.407510308005011146e-01 -9.704985433742472356e-01 1.311582313560909208e-02 2.505091085655683258e+01 9.705131797861643594e-01 2.408775378080010576e-01 9.084787041577691361e-03 1.731104836163260430e+01 -1.197606684720847574e-02 1.054190965615152409e-02 9.998730488263501970e-01 -3.248320642730716523e-01
2.220080750286650972e-01 -9.747544707665291019e-01 2.380428971338961405e-02 2.515493847216487211e+01 9.746026570515496923e-01 2.225765929851400982e-01 2.469174695180160334e-02 1.790155189655836665e+01 -2.936665382358659773e-02 1.771795808567181579e-02 9.994120043096976769e-01 -1.231734088797762083e-01
2.004155342868384759e-01 -9.793900448497847577e-01 2.508517171815673880e-02 2.525910104479864060e+01 9.789561345888827537e-01 2.012005516025633378e-01 3.411154002206386038e-02 1.850748935496921987e+01 -3.845563720614245812e-02 1.772080086284770137e-02 9.991035149142141192e-01 -1.308351463475212750e-01
1.766252589240724091e-01 -9.840792385688157395e-01 1.980107759599604791e-02 2.536092200975275546e+01 9.836833081096504339e-01 1.771822666875444152e-01 3.120865203018067038e-02 1.908746878245156253e+01 -3.422017090868241518e-02 1.396575468074430504e-02 9.993170907569702832e-01 -3.021051863692255646e-01
1.536647751884004098e-01 -9.879747685154979253e-01 1.713205680167466383e-02 2.545782400856344552e+01 9.877476720336779703e-01 1.540613529833049500e-01 2.490045558561859371e-02 1.966200047775406290e+01 -2.724039484867464556e-02 1.309582745325251277e-02 9.995434868753373392e-01 -4.287438038528274542e-01
1.333231415455573832e-01 -9.908881507608789940e-01 1.913455147862136788e-02 2.553291152030030631e+01 9.906527729602767618e-01 1.338039431272328716e-01 2.653281934874499731e-02 2.026097372821703146e+01 -2.885131789614167608e-02 1.541826086755116246e-02 9.994651588752151428e-01 -3.802430591786822300e-01
1.148666479931077233e-01 -9.930837341589922040e-01 2.430779140396067961e-02 2.558111756783775803e+01 9.927422956534244225e-01 1.156359252553027794e-01 3.303748837276731382e-02 2.087451679569023000e+01 -3.561982871473973189e-02 2.033647017025379256e-02 9.991588397472800365e-01 -2.967022488733621066e-01
9.669707570252722428e-02 -9.949541956302894175e-01 2.676476862863779241e-02 2.562171498361692912e+01 9.945713051438619390e-01 9.762875028928268140e-02 3.601339014679694195e-02 2.148603073714694744e+01 -3.844466401875924061e-02 2.313708552650612510e-02 9.989932008345132619e-01 -2.829320964984504139e-01
7.859663651477619140e-02 -9.965970767800726993e-01 2.484681534564314731e-02 2.566594880756967001e+01 9.963390539255209122e-01 7.936855950111980362e-02 3.177336274583263120e-02 2.209305325653176055e+01 -3.363727627065108555e-02 2.225857710903792266e-02 9.991865836239840482e-01 -3.519689068545910904e-01
6.222869147588577093e-02 -9.978183464755405740e-01 2.206051752175110237e-02 2.571040134576067260e+01 9.976839945001404475e-01 6.279840323025999427e-02 2.614263651325275314e-02 2.270054222658457022e+01 -2.747094808639389055e-02 2.038260737662438496e-02 9.994151492108366286e-01 -4.171394125342526848e-01
4.902593440719089923e-02 -9.985666007829646640e-01 2.148794167861450138e-02 2.573850636421752469e+01 9.985470393152092727e-01 4.948436949694054454e-02 2.134354549652452832e-02 2.332476564253260776e+01 -2.237625011292735180e-02 2.041033461826772394e-02 9.995416324053020274e-01 -4.275250686694553881e-01
3.793659289348438185e-02 -9.990499424869120348e-01 2.146082330147221565e-02 2.574987765087189828e+01 9.990920008336825475e-01 3.833777609263425146e-02 1.859664716327846107e-02 2.397397523623669002e+01 -1.940172493872377793e-02 2.073584273482157597e-02 9.995970960399511718e-01 -3.987449622939132077e-01
2.915472815842439294e-02 -9.993860049376475096e-01 1.944628085261061734e-02 2.575283556527389095e+01 9.993896372499820879e-01 2.951868879833426801e-02 1.869358707549002852e-02 2.461783101310908606e+01 -1.925612397985448920e-02 1.888940503937011628e-02 9.996365116293614017e-01 -4.000350338633760217e-01
2.438541687584664178e-02 -9.995410692163516631e-01 1.798752561147877460e-02 2.576374449930261079e+01 9.995120615204854397e-01 2.472844680306768989e-02 1.909458648021690116e-02 2.525974961241468009e+01 -1.953061518513683065e-02 1.751312311646150560e-02 9.996562508784726520e-01 -4.363206753748750666e-01
2.279794041798372667e-02 -9.995256797576356211e-01 2.071771705416749348e-02 2.578990365687703701e+01 9.995754646488355100e-01 2.316572566485458617e-02 1.768335371059792313e-02 2.593254182087708060e+01 -1.815489409162528503e-02 2.030578060153927222e-02 9.996293589086590048e-01 -4.825409159861998587e-01
2.368227705193447219e-02 -9.993882947521871563e-01 2.574381967663492629e-02 2.582574941180279993e+01 9.995368634782298978e-01 2.416276567308388301e-02 1.851169685820210076e-02 2.661893965267852735e+01 -1.912240100247145427e-02 2.529350075970101044e-02 9.994975528559900679e-01 -4.676438040890745218e-01
2.692555828158631551e-02 -9.992703685337880337e-01 2.709806871178924853e-02 2.584713035278097948e+01 9.993904168460605586e-01 2.751200990565888863e-02 2.150239693528751064e-02 2.730590140718797088e+01 -2.223221587295313995e-02 2.650258888921251665e-02 9.994018884179579620e-01 -4.331645240891676130e-01
