1.000000000000000000e+00 0.000000000000000000e+00 0.000000000000000000e+00 0.000000000000000000e+00 0.000000000000000000e+00 1.000000000000000000e+00 0.000000000000000000e+00 0.000000000000000000e+00 0.000000000000000000e+00 0.000000000000000000e+00 1.000000000000000000e+00 0.000000000000000000e+00
9.999999643490381507e-01 9.493706167934162267e-05 -2.508563843853366961e-04 9.946732625522314297e-03 -9.487877410593416121e-05 9.999999683928154637e-01 2.350670447067013309e-04 2.997724159446803530e-04 2.508783579922073360e-04 -2.350434781596815739e-04 9.999999416208559255e-01 -9.919387097594049645e-05
9.999997158809987852e-01 2.384275254939374940e-04 -7.160504424363051254e-04 3.086630124117817342e-02 -2.380899695081967096e-04 9.999998607841268372e-01 4.721564670604163272e-04 -1.196084569086024434e-03 7.161625638026241671e-04 -4.719860176618180568e-04 9.999996332954368405e-01 -7.919402086123250161e-06
9.999994279079948978e-01 4.538266418872634496e-04 -9.693806426725925986e-04 5.589157166374691260e-02 -4.534632342778511659e-04 9.999998286203942710e-01 3.752453458057746567e-04 -2.066720136083209994e-03 9.695507986068803994e-04 -3.748057679526882306e-04 9.999994621221317548e-01 -2.448713158274989400e-04
9.999992513052632370e-01 7.564520870498897716e-04 -9.643232620319574415e-04 8.080626196718412868e-02 -7.562867861167095994e-04 9.999997014863017952e-01 1.742094428146704146e-04 -2.707359746769814283e-03 9.644551006078584373e-04 -1.734797370093074350e-04 9.999995245961902368e-01 8.250534542608317125e-04
9.999991308374196475e-01 8.391215481182257930e-04 -1.019830592746111307e-03 1.073379543838000327e-01 -8.387237936438268586e-04 9.999995770753935531e-01 3.909628998649078099e-04 -1.242644838346524143e-03 1.020159847421169127e-03 -3.901074361136879116e-04 9.999994110522902879e-01 1.719976517810397221e-03
9.999988135913573384e-01 7.545909661235973261e-04 -1.346048124030491903e-03 1.382651613690129289e-01 -7.537683738500142432e-04 9.999995342991091496e-01 6.134931535047150183e-04 9.066159183469378212e-04 1.346513125764621510e-03 -6.124770114317718136e-04 9.999989154763200272e-01 1.566509624454122092e-03
9.999972784170402251e-01 9.506084654391919924e-04 -2.133125373206113621e-03 1.799234234281190670e-01 -9.484610509989800479e-04 9.999990482136296155e-01 1.008683098082986847e-03 2.256141786018262332e-03 2.134084954335119678e-03 -1.006656608026949840e-03 9.999972270032129185e-01 1.110637119024329223e-04
9.999938418241305360e-01 1.294832800008450212e-03 -3.264092414988354566e-03 2.326965386271574454e-01 -1.291351997614453547e-03 9.999986035819634633e-01 1.068167339556522297e-03 -2.802606575076985727e-04 3.265473718466999076e-03 -1.063945085784151435e-03 9.999941162326400068e-01 -2.734831711312700540e-04
9.999918401194001216e-01 1.536808616157211592e-03 -3.738916131522113627e-03 2.931528969533622186e-01 -1.531822094625502270e-03 9.999979480226183215e-01 1.336187326661097225e-03 -3.068675182264984230e-03 3.740963987336235266e-03 -1.330445274023209050e-03 9.999921364576965788e-01 2.940911403621112273e-03
9.999903466027704191e-01 2.001159319793616685e-03 -3.915046014222349144e-03 3.610215692825675671e-01 -1.997828747256372769e-03 9.999976576393396765e-01 8.549442347697102425e-04 -2.502246252013288780e-03 3.916754260679502012e-03 -8.471092197455924603e-04 9.999919931745403501e-01 4.941093700325182095e-03
9.999907261311933304e-01 2.391313116307374701e-03 -3.585404116440459206e-03 4.369109812961063377e-01 -2.387079888572741278e-03 9.999964702075647693e-01 1.184773297183977806e-03 -2.358708017274790264e-03 3.588231541682378525e-03 -1.176198575664516967e-03 9.999928955034691480e-01 8.048526552750703139e-03
9.999916110142557102e-01 2.703614361946454596e-03 -3.081331745531732356e-03 5.210711705937265403e-01 -2.699915333835007161e-03 9.999956519330923665e-01 1.204160360585683834e-03 -1.497353525760917320e-03 3.084580986882200053e-03 -1.195825828608057572e-03 9.999945533069022341e-01 4.974457967243306120e-03
9.999918749491969461e-01 3.152525670909900324e-03 -2.518475416466489387e-03 6.084047394150245980e-01 -3.149767631835715190e-03 9.999944628858373763e-01 1.096698296778423351e-03 -3.353280597559773948e-03 2.521925759316466422e-03 -1.088751200264521110e-03 9.999962582663287636e-01 3.020392299336877549e-03
9.999913298645550785e-01 3.774402874545917507e-03 -1.770506219592506104e-03 6.966578088711737893e-01 -3.772803763810187762e-03 9.999925014532334844e-01 9.027887451842072719e-04 -5.898875679402323068e-03 1.773907301473784870e-03 -8.960925403296452017e-04 9.999980608379321900e-01 5.395150498285465439e-03
9.999903152184109745e-01 4.238148291092794576e-03 -1.203774026832087887e-03 7.846948990149177350e-01 -4.237790440279777006e-03 9.999910060270758017e-01 2.970675012498117653e-04 -7.348666034308284738e-03 1.205030117038439000e-03 -2.919543987963591934e-04 9.999992709374029287e-01 8.774462028019543516e-03
9.999880277436059561e-01 4.742256405148418535e-03 -1.223726719491961953e-03 8.691173675231540496e-01 -4.742424941937134486e-03 9.999887784194295692e-01 -1.391769952273250275e-04 -8.229899331439277654e-03 1.223060946164931115e-03 1.449876154021919467e-04 9.999992852997861004e-01 1.115340017071476952e-02
9.999848770212995674e-01 5.207821509272569926e-03 -1.779712948965469707e-03 9.558105020492305703e-01 -5.207201123867062284e-03 9.999864148373048822e-01 3.498457078874523188e-04 -8.683264845903749390e-03 1.781518602221619308e-03 -3.405641058858631886e-04 9.999983993854056896e-01 1.235473052626081050e-02
9.999815525374070591e-01 5.642955434387720952e-03 -2.257186752524413011e-03 1.048943180480572446e+00 -5.639704646859125016e-03 9.999830922473683659e-01 1.441757062017066287e-03 -9.539362331817085108e-03 2.265292145804884572e-03 -1.428991629401981820e-03 9.999964588416287992e-01 1.155466083600258792e-02
9.999789313778562061e-01 6.173475236115435680e-03 -2.017519035935173843e-03 1.148735115824934594e+00 -6.169243927013305130e-03 9.999788186046929539e-01 2.092976498516951975e-03 -7.339294266047601163e-03 2.030403010399372404e-03 -2.080476045578454579e-03 9.999958247090942054e-01 9.669231361101331482e-03
9.999759942294984549e-01 6.696834093497221717e-03 -1.791464494463779807e-03 1.246641372509324386e+00 -6.693780593853958065e-03 9.999761896072987266e-01 1.701571480541653374e-03 -6.848521788095508767e-03 1.802822978831793762e-03 -1.689529095999895911e-03 9.999970001064084624e-01 8.348534776946083327e-03
9.999708144667431853e-01 7.455891685071200370e-03 -1.681574332011255210e-03 1.344070519710013789e+00 -7.453205492772536390e-03 9.999709944398695871e-01 1.595428677174605533e-03 -9.686470922819035573e-03 1.693428202359826456e-03 -1.582838277496344736e-03 9.999973680050809888e-01 1.171635620412525905e-02
9.999634725752298836e-01 8.324210317367172762e-03 -1.951626364814591872e-03 1.445209720501863915e+00 -8.320312593441799021e-03 9.999634390478193691e-01 1.994584339429089203e-03 -1.296045373501603266e-02 1.968165633413970599e-03 -1.978262616864061296e-03 9.999961609455122469e-01 1.578330230090686792e-02
9.999557081688765781e-01 9.126116264323819866e-03 -2.312787886380116616e-03 1.553090746042659731e+00 -9.121149521739702060e-03 9.999561401732850463e-01 2.146696151297942511e-03 -1.272160198168898609e-02 2.332284793042737388e-03 -2.125495355123429176e-03 9.999950788664074830e-01 1.666119828880290379e-02
9.999469349652059247e-01 9.972548331049506734e-03 -2.594094015897209244e-03 1.662458375341236971e+00 -9.968295380734983752e-03 9.999490073706993609e-01 1.644859355067115284e-03 -1.266364030823702649e-02 2.610372414570474430e-03 -1.618902872984915664e-03 9.999953421512736140e-01 1.681884362215294026e-02
9.999362142867656011e-01 1.085540885742384241e-02 -3.128013025690692429e-03 1.775216838103593764e+00 -1.085093129147375081e-02 9.999401322819937432e-01 1.442310948992524787e-03 -1.611261544637626608e-02 3.143490343301532687e-03 -1.408267397904239228e-03 9.999941292501989265e-01 1.753668022466457060e-02
9.999211189872289074e-01 1.212725175085469127e-02 -3.277597900073053131e-03 1.900674144102301399e+00 -1.211797576391726236e-02 9.999226080562573227e-01 2.832842596096666731e-03 -2.059202920193821743e-02 3.311706313199949681e-03 -2.792891532197160510e-03 9.999906784221067602e-01 2.036378725629408443e-02
9.999124618692489808e-01 1.293142773815441487e-02 -2.811434843934184497e-03 2.040393123470641612e+00 -1.292085437609591554e-02 9.999095635200953014e-01 3.743725170066753479e-03 -2.518239777561857157e-02 2.859600042339246161e-03 -3.707061581185164007e-03 9.999891059002332661e-01 1.909935743725542021e-02
9.999182759870978154e-01 1.254995677350953867e-02 -2.449098101419019263e-03 2.188822244916260207e+00 -1.254447701910759577e-02 9.999188640305715081e-01 2.236822510591019841e-03 -2.747323670587197356e-02 2.476978544386639405e-03 -2.205907660635219713e-03 9.999945666205104500e-01 1.552003146224511555e-02
9.999342481203372657e-01 1.113650757131074039e-02 -2.745438603718653846e-03 2.336743327910484336e+00 -1.113686899571942994e-02 9.999380296234784415e-01 -1.194801495021488211e-04 -2.751830483121763676e-02 2.743942591804094094e-03 1.500573540562068686e-04 9.999962933387764874e-01 1.844839593754285870e-02
9.999535950759950165e-01 8.853421474865133534e-03 -3.806345393183696579e-03 2.487445176714334405e+00 -8.857267863271435504e-03 9.999603321140002610e-01 -9.976634496304853834e-04 -2.387426059775502388e-02 3.797363986127374851e-03 1.031342266656765441e-03 9.999923296423852692e-01 2.497533170528107652e-02
9.999715917442751900e-01 5.783667653930239967e-03 -4.840591615810619502e-03 2.648874331794183856e+00 -5.778080651508357354e-03 9.999826859554381553e-01 1.165260936472587404e-03 -1.763058819968807769e-02 4.847251432236431012e-03 -1.137246524376019996e-03 9.999876775667567719e-01 2.699814473114086830e-02
9.999802746123915842e-01 2.206899907362273438e-03 -5.886123892429390853e-03 2.820912255232760568e+00 -2.185415685597786890e-03 9.999910010802520732e-01 3.652165610693348073e-03 -1.185905537996437970e-02 5.894135096795771918e-03 -3.639217924800361870e-03 9.999760797569843263e-01 2.309331340989091014e-02
9.999755034308033252e-01 -1.611889717947428535e-03 -6.816451578907899329e-03 2.999702479220282214e+00 1.644766994966699288e-03 9.999870964992136901e-01 4.818841949391325027e-03 -8.377737435789773743e-03 6.808600364823860079e-03 -4.829922961485621537e-03 9.999652292713283597e-01 2.278150494524740916e-02
9.999605162182668705e-01 -5.668439605695587379e-03 -6.848769873572402127e-03 3.179981547870216918e+00 5.695891954216366314e-03 9.999758637415308016e-01 3.993992612345580520e-03 -5.003009252453693469e-03 6.825967461775717116e-03 -4.032832449292367283e-03 9.999686444860673706e-01 2.800249057258338489e-02
9.999340193783611275e-01 -9.678900353123092229e-03 -6.192588973078551502e-03 3.362156519858675363e+00 9.695593888218388343e-03 9.999494948770115688e-01 2.669680461320382732e-03 1.595911667431791680e-03 6.166439292607181662e-03 -2.729533583851521516e-03 9.999773364560615718e-01 3.324249512629387504e-02
9.998940191619968276e-01 -1.325738636904993939e-02 -6.022037641857930571e-03 3.549252114554512616e+00 1.327479275025686412e-02 9.999078640132668117e-01 2.857897893266641513e-03 1.013692291063007268e-02 5.983597303169703105e-03 -2.937524888953965078e-03 9.999778581332294802e-01 3.391926394089492258e-02
9.998417764988811740e-01 -1.649877947307940712e-02 -6.654715218258407290e-03 3.747037226812163890e+00 1.652756212699621821e-02 9.998542626577888726e-01 4.291951188418329996e-03 1.752207650916506876e-02 6.582935458335821381e-03 -4.401246913902049675e-03 9.999687228031240993e-01 3.377962317512950979e-02
9.997742437818466499e-01 -1.965167493467046694e-02 -8.083763525694547675e-03 3.953075620399028267e+00 1.969731488770486497e-02 9.997903464882701430e-01 5.604163569300049490e-03 2.295406023117073369e-02 7.971939592580513240e-03 -5.762115579606513771e-03 9.999516987773634513e-01 3.475754863029629355e-02
9.997104538936478768e-01 -2.231588110807717837e-02 -9.004703062806247368e-03 4.158395199474431259e+00 2.237813231357390492e-02 9.997260282070348225e-01 6.871498539204249148e-03 2.956462894461907298e-02 8.848893749718107077e-03 -7.071006436542100551e-03 9.999359246833207093e-01 3.781480832862180175e-02
9.996557628963284037e-01 -2.455517855426562687e-02 -9.245314407720452154e-03 4.364662218159294227e+00 2.462157794614828338e-02 9.996714338726265803e-01 7.136822964751077768e-03 3.734996100091293736e-02 9.067032862989182762e-03 -7.361988918552603636e-03 9.999318707473763279e-01 4.167289761474126525e-02
9.996180538764771750e-01 -2.605107847376495270e-02 -9.228580640313692809e-03 4.570871926622627868e+00 2.610577983954148404e-02 9.996421027393275205e-01 5.856336531328885583e-03 4.565188847882145629e-02 9.072719901246297999e-03 -6.095007025289346514e-03 9.999403487257443324e-01 4.305530751704676057e-02
9.995698854873695804e-01 -2.764808578149001092e-02 -9.783119500503308780e-03 4.785072258234983167e+00 2.769405841704126320e-02 9.996059618422086235e-01 4.594239081227793550e-03 5.156615693217900254e-02 9.652250982228584297e-03 -4.863186418687554489e-03 9.999416737940767241e-01 4.600950013722922283e-02
9.995039898490917230e-01 -2.982977867077056186e-02 -1.010154488252029692e-02 5.007816175400472858e+00 2.987968899011209795e-02 9.995419308552812021e-01 4.825354063187719394e-03 5.969266036194897235e-02 9.952985896744308281e-03 -5.124780530926676542e-03 9.999374213056781979e-01 4.794746812927842133e-02
9.994530377785114661e-01 -3.161658002998230660e-02 -9.700724942350257701e-03 5.230779534818917220e+00 3.167368150081793787e-02 9.994815763879978388e-01 5.788748454857641813e-03 6.957929000132422048e-02 9.512682764805486038e-03 -6.092828648175451466e-03 9.999362800421037756e-01 4.839422020017298404e-02
9.994408719510476935e-01 -3.212260895531802302e-02 -9.282987465207906408e-03 5.458055537895455167e+00 3.218448713498076041e-02 9.994602771154345033e-01 6.593249668805641756e-03 8.212526286723230429e-02 9.066190081099110079e-03 -6.888317303699931227e-03 9.999352668244977371e-01 4.925304990337090599e-02
9.994497164731415140e-01 -3.183313521253069989e-02 -9.328166977696237053e-03 5.690863613437652901e+00 3.190136482267259127e-02 9.994647556180196180e-01 7.257389788751420455e-03 9.176642037914088668e-02 9.092154047293170976e-03 -7.550962329248561179e-03 9.999302469680635408e-01 5.490201845349376719e-02
9.994644009419291208e-01 -3.118804794799391947e-02 -9.915592263821769101e-03 5.929491338284269553e+00 3.126699300501126211e-02 9.994798731412314341e-01 7.907291154625319812e-03 9.961784880921782659e-02 9.663826524886931155e-03 -8.213073019961271773e-03 9.999196668850639513e-01 6.084006080249457216e-02
9.994919234673350639e-01 -2.974766232068050756e-02 -1.144880909843671787e-02 6.165883021204594527e+00 2.984202229089766983e-02 9.995214056370840261e-01 8.159747153087777011e-03 1.070469813682360799e-01 1.120060142567358766e-02 -8.497244004438532158e-03 9.999012598823058262e-01 6.738710661033388283e-02
9.995471200485332997e-01 -2.761162702607903793e-02 -1.196912080058419071e-02 6.405762316639233234e+00 2.772191466643627103e-02 9.995739083589944007e-01 9.147068625494560179e-03 1.105504961624655946e-01 1.171145926681647041e-02 -9.474719896491573187e-03 9.998866226136351454e-01 6.962084429316878209e-02
9.996278254237396244e-01 -2.496410306462363074e-02 -1.100514298715401379e-02 6.652013790256148695e+00 2.506486215187429117e-02 9.996443734499153022e-01 9.113250696187439118e-03 1.150873164848688762e-01 1.077372897257630746e-02 -9.385687597545397040e-03 9.998980068893419393e-01 6.834147041565780123e-02
9.996965649925316777e-01 -2.230456679419901694e-02 -1.045919785542819870e-02 6.903239130077483132e+00 2.239384866253873313e-02 9.997132065658038691e-01 8.496660849902500437e-03 1.220661404060823241e-01 1.026668807211024610e-02 -8.728289863407586932e-03 9.999092970128650171e-01 7.109246328562886241e-02
9.997490463312403985e-01 -1.985197705388299164e-02 -1.038531024441406193e-02 7.158054838570672374e+00 1.994503444805986389e-02 9.997612532218189685e-01 8.933411347243118417e-03 1.269834577192955893e-01 1.020548887802392307e-02 -9.138289986629227063e-03 9.999062606773065909e-01 8.022010453808513242e-02
9.997996781393071464e-01 -1.741248181742190843e-02 -9.875344962167001764e-03 7.414203977729165729e+00 1.750237150760305949e-02 9.998056003554707249e-01 9.088585362051712982e-03 1.301327037585464086e-01 9.715174291445669713e-03 -9.259591235603957526e-03 9.999100298269580911e-01 8.485155302759508911e-02
9.998538464850265095e-01 -1.424118043202273441e-02 -9.465176594679415578e-03 7.670210601395884176e+00 1.432735632289387426e-02 9.998560513613508061e-01 9.098250506126530010e-03 1.312503737806910986e-01 9.334248427626387276e-03 -9.232515426965098859e-03 9.999139092642259641e-01 8.448861629093649961e-02
9.998897288490310453e-01 -1.140010094965681307e-02 -9.522786261343474737e-03 7.938536847399896956e+00 1.149250118576313449e-02 9.998869614026103525e-01 9.703806564752587294e-03 1.323881800348732651e-01 9.411089300765309446e-03 -9.812160923103985938e-03 9.999076702841802611e-01 8.437326856435914402e-02
9.999196940721092330e-01 -9.015515411459737796e-03 -8.913081318949458640e-03 8.216304019991486740e+00 9.111948482040580985e-03 9.998998590921761576e-01 1.083648222267041654e-02 1.356262800279418312e-01 8.814496743327940656e-03 -1.091681151252188453e-02 9.999016619727858490e-01 8.628659670394850378e-02
9.999429609917200867e-01 -6.836550950743418287e-03 -8.213121105734603675e-03 8.491311349665034314e+00 6.930106212466722281e-03 9.999109325626606148e-01 1.141448102853519914e-02 1.385744199119548770e-01 8.134359361351890111e-03 -1.147073233524814433e-02 9.999012282600100443e-01 9.108006202197919954e-02
9.999560491136524343e-01 -5.091267437301829311e-03 -7.880234351669491988e-03 8.765796692968399029e+00 5.184309145759302857e-03 9.999166868749732595e-01 1.182930885764857908e-02 1.393615918603719750e-01 7.819357326749170126e-03 -1.186962699878649219e-02 9.998990857522219722e-01 1.001137798794185380e-01
9.999600256228892148e-01 -3.774239008011861119e-03 -8.113212853556598519e-03 9.045120213222491046e+00 3.879115287941690277e-03 9.999087474615730997e-01 1.294782095089869710e-02 1.420047022301303974e-01 8.063612262262927904e-03 -1.297875859564658584e-02 9.998833678929893720e-01 1.073907983929429377e-01
9.999617598988673750e-01 -3.084368243003789058e-03 -8.190846042470344840e-03 9.337703037743608547e+00 3.203781801887903031e-03 9.998883234285257382e-01 1.460420272983589327e-02 1.432434106523042816e-01 8.144898113920906804e-03 -1.462986785333940214e-02 9.998599179698022255e-01 1.104737470824090489e-01
9.999735212952866048e-01 -2.796227544281413430e-03 -6.727815132258070652e-03 9.636876804419351572e+00 2.896862091886505831e-03 9.998835127656504618e-01 1.499259886427065959e-02 1.423857723644937345e-01 6.685120999673861177e-03 -1.501167374200397357e-02 9.998650859254835099e-01 1.111106213700083362e-01
9.999845761781173126e-01 -3.328338386597246967e-03 -4.460766003981935998e-03 9.940239950313157991e+00 3.390694828356707533e-03 9.998957785225254247e-01 1.404085273837917154e-02 1.454509126984553369e-01 4.413580838824312375e-03 -1.405574373917749947e-02 9.998915901717245758e-01 1.126468696380433093e-01
9.999808773705203269e-01 -5.489474336189402101e-03 -2.870549536527692951e-03 1.024435550334963629e+01 5.528552530031000806e-03 9.998898613908732136e-01 1.378083118898208725e-02 1.552336694858852395e-01 2.794596689046933546e-03 -1.379642027466731515e-02 9.999010381081819832e-01 1.166074100099649263e-01
9.999554349011238186e-01 -9.112171445123795968e-03 -2.495632073384191751e-03 1.055058321837294599e+01 9.152302188117864348e-03 9.998210277156719394e-01 1.656389379609114754e-02 1.688885189051076430e-01 2.344266559378093123e-03 -1.658597802078039599e-02 9.998598158723708273e-01 1.202395580236163136e-01
9.998987551010654062e-01 -1.405461989263457473e-02 -2.253718995562629338e-03 1.086356122351258513e+01 1.409876797269085311e-02 9.996815384784103475e-01 2.093480613861359654e-02 1.788445227966130036e-01 1.958785781581725335e-03 -2.096444254095411464e-02 9.997784264633773343e-01 1.188133143326313562e-01
9.998080485139836382e-01 -1.956228908187255741e-02 -1.147044706693345177e-03 1.118188710217711801e+01 1.958270275329862878e-02 9.995696446844034577e-01 2.184643074284941741e-02 1.862425336211983584e-01 7.192015238534448223e-04 -2.186468059660804167e-02 9.997608056295016477e-01 1.131523665454514938e-01
9.996843060158120409e-01 -2.512133598910942095e-02 5.831600790656899696e-04 1.149910181961749700e+01 2.510725358956597889e-02 9.995307504516695030e-01 1.755377510532380239e-02 1.944539407766110173e-01 -1.023844607192936655e-03 -1.753357318452765726e-02 9.998458795358878826e-01 1.161456626260387315e-01
9.994876678149260396e-01 -3.200827034280332578e-02 8.730128470566943678e-05 1.181582315758836010e+01 3.200509087970169336e-02 9.994196815946692070e-01 1.167069387379736541e-02 2.110926564538469774e-01 -4.607932850719690461e-04 -1.166190193924307797e-02 9.999320213316801320e-01 1.300958161188645046e-01
9.991321580885740294e-01 -4.146409697381463200e-02 -3.974365359754275517e-03 1.213279688856879091e+01 4.149764192249164735e-02 9.991003135273631708e-01 8.760380013234507143e-03 2.335593638816290396e-01 3.607564636056522292e-03 -8.917686012314171573e-03 9.999538615262311136e-01 1.450307879515024545e-01
9.985219127131556016e-01 -5.353572834815555070e-02 -9.383715126155503516e-03 1.244951009719203050e+01 5.364735973273282443e-02 9.984870429067582709e-01 1.207564472187951272e-02 2.589134209089723471e-01 8.723055721505935250e-03 -1.256118907072735665e-02 9.998831891965082042e-01 1.533556852395787096e-01
9.976151077693360403e-01 -6.747341058514762235e-02 -1.454565100781443805e-02 1.277480566235454695e+01 6.771150996903786690e-02 9.975678138122856531e-01 1.654825699037406131e-02 2.905275904539644238e-01 1.339372250648170233e-02 -1.749368036614893859e-02 9.997573952866768421e-01 1.490490641597868315e-01
9.963648824102462331e-01 -8.333809882449516593e-02 -1.766136057989229138e-02 1.311021360229661425e+01 8.366353820822489129e-02 9.963212357009609832e-01 1.856469855016810999e-02 3.327149327553309277e-01 1.604925962138722961e-02 -1.997480659533833192e-02 9.996717974650902727e-01 1.453740105375855018e-01
9.947423678377436129e-01 -1.004911805748170683e-01 -1.973040510189737196e-02 1.343632802566026463e+01 1.008022979310746886e-01 9.947864731380257064e-01 1.546006797135691252e-02 3.809607703231446818e-01 1.807395866999083819e-02 -1.736763652529295723e-02 9.996859367259227636e-01 1.480091941778921838e-01
9.925577495759929647e-01 -1.195809797818335740e-01 -2.301417036018806733e-02 1.375719980596475267e+01 1.198485488489826889e-01 9.927355596217064537e-01 1.061505597999205450e-02 4.341792410470167174e-01 2.157764553185821318e-02 -1.329425301016745782e-02 9.996789227204835315e-01 1.559764942671756915e-01
9.896225738312145470e-01 -1.414122387242733592e-01 -2.549293640542319231e-02 1.408395100022607416e+01 1.416884573146121873e-01 9.898671252857005332e-01 9.365398051367612026e-03 4.939360745269296138e-01 2.391025949026058528e-02 -1.288024692738829607e-02 9.996312762638703830e-01 1.686268346006861429e-01
9.861606361079945371e-01 -1.641308073038617865e-01 -2.341858740794100155e-02 1.441362565835136422e+01 1.644233328189152188e-01 9.863269585689196095e-01 1.115168136454454569e-02 5.610160630728614484e-01 2.126807285085947907e-02 -1.484789545539462810e-02 9.996636970965843139e-01 1.730606195598099195e-01
9.820791225615286280e-01 -1.874340164542756815e-01 -1.972919368028525425e-02 1.474825136748726351e+01 1.877086773512459394e-01 9.821372783540742724e-01 1.311824940644088638e-02 6.435287787897963074e-01 1.691799484384857999e-02 -1.658648477442440858e-02 9.997194497616299635e-01 1.786492205299386460e-01
9.774080594298545366e-01 -2.106181908060029140e-01 -1.770929425853170688e-02 1.508756268793092303e+01 2.108743959962872117e-01 9.774116709471126763e-01 1.409582653999760099e-02 7.373317773082451732e-01 1.434045809086639464e-02 -1.751179663720939944e-02 9.997439702689047136e-01 1.891024047244520279e-01
9.719122773592187015e-01 -2.346779176833782843e-01 -1.769057811425927759e-02 1.542533940241878909e+01 2.349407844640607756e-01 9.719001624566929731e-01 1.460088978194833999e-02 8.396357253490085437e-01 1.376699573328275979e-02 -1.834700848871362311e-02 9.997370559449225702e-01 2.010915567705447438e-01
9.655081352167244058e-01 -2.596714663009389579e-01 -1.910323233773262783e-02 1.575755558343349705e+01 2.599323868207569221e-01 9.655433584324926155e-01 1.270686131148367551e-02 9.432311518219211877e-01 1.514541610677059939e-02 -1.723411283316996293e-02 9.997369329176104547e-01 2.092509692941890986e-01
9.583685219326844029e-01 -2.848435557204050950e-01 -1.985169707771665751e-02 1.608446587627349444e+01 2.850503051429339463e-01 9.584755127471095149e-01 8.444218797973013918e-03 1.052448642309647520e+00 1.662211081907879681e-02 -1.375139290033633964e-02 9.997674442311128562e-01 2.141204557872271874e-01
9.507759327443205954e-01 -3.092880385715150449e-01 -1.913635536188194874e-02 1.640425200386012605e+01 3.094379958476399239e-01 9.509046191707990481e-01 5.368809264815295121e-03 1.171295401916191858e+00 1.653636708302688024e-02 -1.102603803298548429e-02 9.998026382875070395e-01 2.255242060376340674e-01
9.424687467849004463e-01 -3.337296205137876282e-01 -1.942596637220343064e-02 1.671656941276869901e+01 3.338870644354787198e-01 9.425976457488882687e-01 5.422393372335176757e-03 1.305304211932797331e+00 1.650128517977766593e-02 -1.159650363844703241e-02 9.997967661378704962e-01 2.403637307782994226e-01
9.330954596946461344e-01 -3.589361974013160483e-01 -2.231229688001028222e-02 1.702027339480950374e+01 3.591741759197808470e-01 9.332394825907226465e-01 7.633851438631882209e-03 1.448263683391607382e+00 1.808267957866066186e-02 -1.513710151613912279e-02 9.997220776896901251e-01 2.493246894219604826e-01
9.224713189782436373e-01 -3.851488291763641714e-01 -2.659355711394910393e-02 1.732154948630875069e+01 3.854783668388454543e-01 9.226785376008046491e-01 8.428638365967270826e-03 1.593397838791007715e+00 2.129105308950985515e-02 -1.802640729175244982e-02 9.996109698830226709e-01 2.485112072679954986e-01
9.110013740948094130e-01 -4.113658676722319885e-01 -2.923688935567031119e-02 1.762330206113845321e+01 4.116810112935720412e-01 9.113118810047037277e-01 5.449644947522617675e-03 1.747980191180243503e+00 2.440215571523380450e-02 -1.700089652772620447e-02 9.995578327067977664e-01 2.515850734405581379e-01
8.988602766299341740e-01 -4.371791356218020508e-01 -3.041025128810952161e-02 1.791888187136750332e+01 4.374405705371053332e-01 8.992448046804053519e-01 2.198314816795800958e-03 1.915974046556683019e+00 2.638523152395401070e-02 -1.527864639896676403e-02 9.995352646741378910e-01 2.654111110558246001e-01
8.860791992736862799e-01 -4.625465139199326781e-01 -3.024164691657206180e-02 1.820482046805300058e+01 4.628040070071084977e-01 8.864591123552384433e-01 1.732478247887589981e-03 2.089652547168257879e+00 2.600666050026091691e-02 -1.553106037675410986e-02 9.995413007610014500e-01 2.785317315431250496e-01
8.722473821188935217e-01 -4.881655167497306880e-01 -2.965002968197873526e-02 1.848925711003892758e+01 4.884291084195125920e-01 8.726016426277700688e-01 1.920404380925036644e-03 2.267402550343540657e+00 2.493521828570507970e-02 -1.615699845347335489e-02 9.995586867066944547e-01 2.831947143956600743e-01
8.576873563360654096e-01 -5.134068008474204081e-01 -2.803674159480908437e-02 1.877578006613312667e+01 5.136365146738762766e-01 8.580072710617983045e-01 1.167766343721098662e-03 2.457742730032947076e+00 2.345621855180650070e-02 -1.540226636365603884e-02 9.996064079571982397e-01 2.916627114152374189e-01
8.423990498509430491e-01 -5.382005733938504122e-01 -2.653684550906464448e-02 1.905400270975177790e+01 5.383877940889645330e-01 8.426973847742110779e-01 -1.087311996274575355e-04 2.659874466413534311e+00 2.242108096060976136e-02 -1.419551071386223468e-02 9.996480352544174774e-01 3.081675140305489835e-01
8.258820088402006876e-01 -5.632124203710746624e-01 -2.666277457839352424e-02 1.932020234392473768e+01 5.633960903371163509e-01 8.261867838012479925e-01 -7.499086756314051827e-04 2.871210104582867295e+00 2.245082585558199131e-02 -1.440235946043572773e-02 9.996444136023219240e-01 3.238823103985804530e-01
8.079544560996009261e-01 -5.885554418982488212e-01 -2.850122193398162834e-02 1.957930104961544870e+01 5.887860850836776905e-01 8.082890122198819194e-01 -3.714153977778100876e-04 3.089462052757097954e+00 2.325585933152654605e-02 -1.648102963700273649e-02 9.995939009110729190e-01 3.308751363066312345e-01
7.894791346022139722e-01 -6.131122432352759111e-01 -2.857104179535051650e-02 1.983788164628452932e+01 6.133565619859236984e-01 7.898062899936315606e-01 -2.705128371834988909e-04 3.312662610406545305e+00 2.273147991159617937e-02 -1.731066658046254148e-02 9.995919409918687659e-01 3.295644045183371285e-01
7.707285510802781570e-01 -6.365832889839316833e-01 -2.719284892501032044e-02 2.008884584226095882e+01 6.367710388706397939e-01 7.710500025233019139e-01 -2.204777312922009264e-03 3.543410674711671593e+00 2.237060743370680727e-02 -1.561632993126885541e-02 9.996279905200109450e-01 3.400945597445964586e-01
7.516676792751935121e-01 -6.589840451476418615e-01 -2.712866044015812758e-02 2.032979581333515995e+01 6.591004065807428702e-01 7.520337941423181904e-01 -5.670322233186940453e-03 3.781202072567638517e+00 2.413835825216309114e-02 -1.361831070373789414e-02 9.996160857088334240e-01 3.627276559848601756e-01
7.315559123455348534e-01 -6.812018907673660362e-01 -2.811018110169882095e-02 2.056281624892809390e+01 6.812666765707936500e-01 7.319839824213206780e-01 -8.688708229053414972e-03 4.031286913359322099e+00 2.649500365261889950e-02 -1.279425233206321968e-02 9.995672949716767341e-01 3.771251422219074612e-01
7.100099306882713401e-01 -7.036410760529735464e-01 -2.784575946800480623e-02 2.078944713371633668e+01 7.037023461642731847e-01 7.104356283676015460e-01 -9.196009069847996958e-03 4.288182195062285373e+00 2.625334773807366795e-02 -1.306586992783862269e-02 9.995701634660391077e-01 3.797934337572608787e-01
6.880729726620529174e-01 -7.250924910080658314e-01 -2.822616551721435565e-02 2.101243524326038425e+01 7.251692648423065934e-01 6.885080235826965822e-01 -9.305456856603541715e-03 4.547867529564867617e+00 2.618129559311069623e-02 -1.406591621878858570e-02 9.995584871473802702e-01 3.878360134738107479e-01
6.663061161323681203e-01 -7.451128413751507695e-01 -2.903906507786687546e-02 2.122586995245804076e+01 7.451462000287069065e-01 6.667966277080160653e-01 -1.182174611506540442e-02 4.817214405372869379e+00 2.817172254104868823e-02 -1.376145074519154188e-02 9.995086094195098081e-01 3.939601258367242953e-01
6.441245368624444190e-01 -7.643066879647910650e-01 -3.064518593415343009e-02 2.143123836391027126e+01 7.642717476210766359e-01 6.447113803624591188e-01 -1.537182981850481606e-02 5.096815510098939406e+00 3.150612915451689311e-02 -1.351988190078639608e-02 9.994123630811037051e-01 4.027555432012255854e-01
6.215582947301194761e-01 -7.827402240393422916e-01 -3.135752592813944445e-02 2.163534692846257812e+01 7.826623665769295579e-01 6.221993884773567851e-01 -1.754737259817426218e-02 5.384379159801932602e+00 3.324570361197373008e-02 -1.363565044778653618e-02 9.993544378349502599e-01 4.105253112794846615e-01
5.991511245319475210e-01 -8.000773260297486811e-01 -2.990780072213471141e-02 2.183287143961395671e+01 7.999835462513245066e-01 5.997528674999101916e-01 -1.797762065125070238e-02 5.677032505517979999e+00 3.232081248627774461e-02 -1.315444629147985260e-02 9.993912318571339659e-01 4.199362740775417491e-01
5.760051220897373092e-01 -8.169886190926451963e-01 -2.734909792795975000e-02 2.202058450792342015e+01 8.168996384153198731e-01 5.765210345606605058e-01 -1.728733853509071758e-02 5.975895365475877519e+00 2.989092545034028117e-02 -1.238388342005213201e-02 9.994767067971930263e-01 4.371895018514480591e-01
5.514791874969182661e-01 -8.337986732184506922e-01 -2.551006479423919074e-02 2.220278175498410533e+01 8.336902797767558049e-01 5.519489419543155417e-01 -1.769922055393024010e-02 6.285127962367064391e+00 2.883787575152411617e-02 -1.150675385505066026e-02 9.995181334915974602e-01 4.587262236096210644e-01
5.268487719496592891e-01 -8.496425343253749540e-01 -2.319968684092178074e-02 2.237308157506421580e+01 8.494608494223333528e-01 5.272782494179535373e-01 -1.985681798060537004e-02 6.594893470621096654e+00 2.910392273492595425e-02 -9.245699363049034863e-03 9.995338973742124988e-01 4.614337803253820702e-01
5.022871677694168424e-01 -8.644348893839921555e-01 -2.145262670175407740e-02 2.253380867238808705e+01 8.641995209108633835e-01 5.026861804264466382e-01 -2.159126046799360668e-02 6.905737665776012335e+00 2.944821481338067218e-02 -7.694353660278313925e-03 9.995369644034206580e-01 4.735775181308555792e-01
4.773947283997664326e-01 -8.784376814083311169e-01 -2.101929719323212750e-02 2.268815129717860657e+01 8.781525596704021774e-01 4.778025236774052775e-01 -2.352074379817259420e-02 7.225660450146591529e+00 3.070461727463708393e-02 -7.229488733073413664e-03 9.995026337130955563e-01 4.885083405353768393e-01
4.513973145859269676e-01 -8.920966009827739907e-01 -2.011021067247082891e-02 2.283328498807480855e+01 8.917675003467356865e-01 4.517968666908859232e-01 -2.511402022130747660e-02 7.555703120470872669e+00 3.148989782800849790e-02 -6.597250676871234225e-03 9.994825775006025426e-01 5.019859292772844706e-01
4.246436423971945984e-01 -9.051651776188388565e-01 -1.881707893517529928e-02 2.296880941707947699e+01 9.047806735441329407e-01 4.250237671831119668e-01 -2.696550955909952918e-02 7.882221742424800226e+00 3.240598093596541024e-02 -5.574617232132526336e-03 9.994595287828524910e-01 5.145477891111792657e-01
3.977611994597067824e-01 -9.173224479330591707e-01 -1.748886880577454547e-02 2.309582353792060161e+01 9.168528376933863244e-01 3.981228906766555165e-01 -2.965554133886014188e-02 8.212912579620788023e+00 3.416644692618700518e-02 -4.238916869585753790e-03 9.994074570397916135e-01 5.312271430107203818e-01
3.706405451561165521e-01 -9.286259850037767993e-01 -1.672345398837288624e-02 2.321041146117392984e+01 9.280667990301241232e-01 3.710010279878291350e-01 -3.241406013137446834e-02 8.552397082980666809e+00 3.630499037150766023e-02 -3.506540752953348373e-03 9.993348975741760398e-01 5.472235152321902607e-01
3.425488083885629975e-01 -9.393568492499725364e-01 -1.641153033539300907e-02 2.331068662089823817e+01 9.387017133126110968e-01 3.429254567294743872e-01 -3.523702685410047553e-02 8.893189358712376702e+00 3.872810636959768404e-02 -3.335154381945487287e-03 9.992445191969425711e-01 5.606722946959681320e-01
3.128243816534037602e-01 -9.496797132008640840e-01 -1.580081992157120890e-02 2.340156975276459050e+01 9.489653875420467344e-01 3.132044188250697192e-01 -3.698800899221595107e-02 9.236526554286667690e+00 4.007568127292032711e-02 -3.423706794079252758e-03 9.991910828157410940e-01 5.674751398048926143e-01
2.818473161733524579e-01 -9.593802707851977196e-01 -1.232499447605758629e-02 2.348690738402368794e+01 9.586687351278272429e-01 2.821131657274921767e-01 -3.697094255997800810e-02 9.587851677602181155e+00 3.894626789209333639e-02 -1.395454784464499618e-03 9.992406363299078942e-01 5.762475593696824161e-01
2.510918249449847761e-01 -9.679226345283046262e-01 -8.888045481275219997e-03 2.355634722807594628e+01 9.672418455219334854e-01 2.512484894951432235e-01 -3.630211334309686733e-02 9.935975643461834039e+00 3.737077540268517878e-02 5.182437491087430728e-04 9.993016441705446784e-01 5.987512606334839393e-01
2.205763472947408210e-01 -9.753392790095543052e-01 -7.726645961944529975e-03 2.361339213643601909e+01 9.746565861760009275e-01 2.207109686980563978e-01 -3.649170635005973690e-02 1.029391126538098611e+01 3.729717915677003420e-02 5.183493396296433992e-04 9.993043984183352935e-01 6.234514998230998861e-01
1.889896908804830633e-01 -9.819594383873421206e-01 -6.237186106163520281e-03 2.366348867805952239e+01 9.812584319963277846e-01 1.890904159655464045e-01 -3.710999091911432873e-02 1.066441744141158665e+01 3.761992573459411321e-02 8.930784242347668397e-04 9.992920366304255397e-01 6.301453501467849661e-01
1.566224190801438210e-01 -9.876547399446263809e-01 -2.807598810673773027e-03 2.370575315241140757e+01 9.869947131299187104e-01 1.566206393465426061e-01 -3.621960126328092888e-02 1.102979531184526429e+01 3.621221487867758854e-02 2.901679077894004938e-03 9.993402288034202163e-01 6.380556959322314370e-01
1.244809829591386890e-01 -9.922214523439313316e-01 1.197152804258998530e-03 2.373595322141150987e+01 9.915881936647131800e-01 1.243581553536511064e-01 -3.589361241241546818e-02 1.138768938813959153e+01 3.546556115072576482e-02 5.655116248715190766e-03 9.993552218906172069e-01 6.576074089902278486e-01
9.227992520963888834e-02 -9.957238292029254589e-01 4.339385382691541941e-03 2.375052252467834890e+01 9.950939768961818421e-01 9.206358136062016417e-02 -3.623162266802244097e-02 1.174848232850514052e+01 3.567721406792902922e-02 7.661507953812218136e-03 9.993343244253409807e-01 6.857008479630352094e-01
5.979330408104394784e-02 -9.981918780801450897e-01 6.173313619162810149e-03 2.375090438029317141e+01 9.974905215153987426e-01 5.951399740029418572e-02 -3.835627252165711015e-02 1.211245168134703043e+01 3.791954257672549428e-02 8.451229083175141460e-03 9.992453944860716364e-01 7.112575273951874388e-01
2.734852189329095226e-02 -9.996045286951878994e-01 6.574614541458922296e-03 2.373395048830838405e+01 9.987640892992799557e-01 2.705116602592612732e-02 -4.170122457140253841e-02 1.247381530189313814e+01 4.150690052581296197e-02 7.706913091614743701e-03 9.991088347784409240e-01 7.222819981328857386e-01
-5.234220590944393611e-03 -9.999628981937678240e-01 6.869714912675363959e-03 2.370973088324680234e+01 9.990469864646560616e-01 -5.526992763546849548e-03 -4.330167861749352476e-02 1.283809339273075878e+01 4.333805727898953214e-02 6.636474047352847183e-03 9.990387680704083673e-01 7.244304366358698122e-01
-3.808094526870180185e-02 -9.992294640425906094e-01 9.524449784754501769e-03 2.367776469733457034e+01 9.982798610469856282e-01 -3.846662735745667860e-02 -4.425045137312832999e-02 1.320041619048523884e+01 4.458274121531990292e-02 7.822923243952459652e-03 9.989754142208312482e-01 7.357785843540690651e-01
-7.030802113476122828e-02 -9.974398013249934358e-01 1.307759920730256799e-02 2.363283532326602199e+01 9.964365525451541750e-01 -7.083774064484314736e-02 -4.578949447690845026e-02 1.354953567753976351e+01 4.659866333684287848e-02 9.811584206653043566e-03 9.988658566596888555e-01 7.613080688713250721e-01
-1.022920713423479677e-01 -9.946356472172415142e-01 1.538385920543140772e-02 2.357538935872812758e+01 9.935659641676876097e-01 -1.029135138639940134e-01 -4.728595672763195173e-02 1.390358134366593212e+01 4.861551414898290790e-02 1.044785352434701199e-02 9.987632804981473322e-01 7.908843764133915988e-01
-1.348853262991982493e-01 -9.907196275295230281e-01 1.676228476909212214e-02 2.350441978994925663e+01 9.895826130556759637e-01 -1.355512569843090043e-01 -4.850347945693201518e-02 1.426536560195049219e+01 5.032550653707704852e-02 1.004521024556188913e-02 9.986827109163749494e-01 8.113233357327797046e-01
-1.674001132911440703e-01 -9.857181045037376466e-01 1.836919617891430434e-02 2.342338701654577449e+01 9.845610355671353675e-01 -1.681124989306624073e-01 -4.876727522783654706e-02 1.462512082842090422e+01 5.115888381056010736e-02 9.921896446808178491e-03 9.986416060864310440e-01 8.227514305660776905e-01
-1.990627112685668110e-01 -9.798174067001665932e-01 1.822902863396522188e-02 2.333148061400373763e+01 9.787395913421563787e-01 -1.997132596747978606e-01 -4.673250448536435397e-02 1.497803456386690080e+01 4.942990478121679632e-02 8.538721978688258024e-03 9.987414681562233332e-01 8.413052434145837921e-01
