1.000000000000000000e+00 0.000000000000000000e+00 8.809142651444723526e-20 0.000000000000000000e+00 0.000000000000000000e+00 1.000000000000000000e+00 -8.673617379884035472e-19 1.387778780781445676e-17 -2.032879073410320814e-20 0.000000000000000000e+00 1.000000000000000222e+00 0.000000000000000000e+00
9.999959921240365590e-01 -5.025530150001497609e-05 2.830762123201061020e-03 -1.452669754188998588e-02 5.104765371987361744e-05 9.999999595428987753e-01 -2.798362046585846710e-04 -2.924784532674076787e-02 -2.830747994691650872e-03 2.799795921024509152e-04 9.999959542284785341e-01 1.167437070962260570e+00
9.999937342633876680e-01 1.808856708338212049e-04 3.535352705500026307e-03 -2.798522270489424597e-03 -1.809255042080418208e-04 9.999999835732306108e-01 1.094682430672049706e-05 -4.835869238601449294e-02 -3.535350728524535441e-03 -1.158638814940070316e-05 9.999937505585902997e-01 2.383301345707451890e+00
9.999890977591994190e-01 -4.258993004040804997e-04 4.650051555720188280e-03 -9.005701765391456448e-03 4.251836660197350071e-04 9.999998976141268869e-01 1.548863067908608573e-04 -6.262493218382929328e-02 -4.650117125920407400e-03 -1.529074890181071275e-04 9.999891764533705985e-01 3.582528955579185048e+00
9.999859266470951802e-01 -2.547911367524312992e-04 5.299207172154825340e-03 -1.586067056227375913e-02 2.549973686382673438e-04 9.999999667567287531e-01 -3.824160449621746144e-05 -8.793880713778476355e-02 -5.299197344134880597e-03 3.959235564065990282e-05 9.999859583679113761e-01 4.781707504003969156e+00
9.999797962470037271e-01 -6.586487574909358211e-05 6.356317170143743929e-03 -1.157160809218303610e-02 6.596232494649779954e-05 9.999999977100972881e-01 -1.512145834766265989e-05 -1.134137102333224872e-01 -6.356316269681915564e-03 1.554043636839159276e-05 9.999797982928181339e-01 5.956530203816598146e+00
9.999744571580642116e-01 -7.013448080580610144e-05 7.147035880091524331e-03 -7.141593795919323404e-03 7.552027691880638938e-05 9.999997134151584754e-01 -7.533035924117267509e-04 -1.342729872805572267e-01 -7.146981123742102669e-03 7.538241106187218085e-04 9.999741758669232761e-01 7.193908991282746967e+00
9.999674634383864946e-01 1.228754434747028612e-04 8.065790488016762183e-03 1.023968092758907426e-03 -1.166531223761538977e-04 9.999996952720077159e-01 -7.719121153743607050e-04 -1.545551736912897378e-01 -8.065883019573963364e-03 7.709461148289525542e-04 9.999671730426242799e-01 8.382957211231991224e+00
9.999677397827689829e-01 -2.521628437673079787e-04 8.028438096232173860e-03 5.385091783165822828e-03 2.523728211558332740e-04 9.999999678377144985e-01 -2.514096429194132010e-05 -1.844687042756835149e-01 -8.028431637412354605e-03 2.716632066911226634e-05 9.999677712492894832e-01 9.580398719534947816e+00
9.999733760443725306e-01 -4.455916550875288831e-04 7.283451148299306677e-03 -1.872983323197281377e-03 4.400036087442481605e-04 9.999996076635002673e-01 7.688099182683672331e-04 -2.066233734293913826e-01 -7.283790991383203017e-03 -7.655847046992526536e-04 9.999731797701878477e-01 1.077938014593276961e+01
9.999864683453728587e-01 -1.255734070541314647e-03 5.048392521676355396e-03 -7.223886439145807067e-03 1.252914106398841931e-03 9.999990573410793004e-01 5.617123545069080057e-04 -2.341865059594332998e-01 -5.049093210883988381e-03 -5.553795509540505534e-04 9.999870990191663811e-01 1.200399310547980392e+01
9.999945169759787422e-01 -1.112687401067016628e-03 3.118966333244795400e-03 -1.112451639798831340e-02 1.111530696287155000e-03 9.999993128430102463e-01 3.725733389250019539e-04 -2.494649945337499841e-01 -3.119378801238401056e-03 -3.691044690008081150e-04 9.999950666046559800e-01 1.317135455976238134e+01
9.999973162363658963e-01 -1.399160959351802846e-03 1.846584355892806617e-03 -1.847580297687553483e-02 1.398433799159271018e-03 9.999989441671005563e-01 3.950252369613743708e-04 -2.696271838912649987e-01 -1.847135141569922635e-03 -3.924418517460264572e-04 9.999982170377653690e-01 1.436257828018441884e+01
9.999996461292920413e-01 -2.378837328386763927e-05 8.409379388457253806e-04 -3.926166555212668580e-02 2.372785189281093055e-05 9.999999971279766031e-01 7.197900243469286530e-05 -2.951535639958218771e-01 -8.409396631856325697e-04 -7.195902317911739149e-05 9.999996438205507321e-01 1.554614906829582210e+01
9.999997627026201430e-01 1.208223387189066855e-04 6.782310715833536705e-04 -3.621948697461154637e-02 -1.208672896634392646e-04 9.999999905021389468e-01 6.623465872549090527e-05 -3.186823266109036212e-01 -6.782230742099648211e-04 -6.631661902636084432e-05 9.999997678072916063e-01 1.676575932713670980e+01
9.999997865071673653e-01 -4.816347819118198953e-04 4.416050981848643978e-04 -3.573531922105308012e-02 4.814570915931924711e-04 9.999998031356512884e-01 4.024012334506625946e-04 -3.510646934729938495e-01 -4.417988289057864855e-04 -4.021885365841403395e-04 9.999998215288063985e-01 1.797317742529291706e+01
9.999991968487429439e-01 -1.237175523296575423e-03 -2.751372074332305369e-04 -4.620364305318768600e-02 1.237295300814822939e-03 9.999991396939724719e-01 4.355562920738765068e-04 -3.634969747384139138e-01 2.745981164360598793e-04 -4.358963716218034953e-04 9.999998672953454015e-01 1.915978843784775876e+01
9.999996489894906748e-01 -4.382758106163432699e-04 -7.140973372469857803e-04 -5.099836719653595696e-02 4.383282555920518450e-04 9.999999012486034955e-01 7.328232021206870089e-05 -3.972853100618403133e-01 7.140651613388335163e-04 -7.359530455868738136e-05 9.999997423478187430e-01 2.036926571273196984e+01
9.999989978794421308e-01 -3.623435478164981072e-04 -1.368556166099115304e-03 -6.517978393552482930e-02 3.613506541413702769e-04 9.999996714039168788e-01 -7.256839828415602781e-04 -4.204272422566284750e-01 1.368818686373739907e-03 7.251887326059150429e-04 9.999988002185358216e-01 2.155127058993466704e+01
9.999976192302927336e-01 -5.965336048605988928e-04 -2.098971053023533304e-03 -6.668650482588094064e-02 5.962039555325697460e-04 9.999998098387908874e-01 -1.576773852510222201e-04 -4.317257086656786091e-01 2.099064750002923360e-03 1.564255949277181673e-04 9.999977847281460441e-01 2.275352487103263499e+01
9.999948964390278361e-01 -5.829512251244901855e-04 -3.141219549916396490e-03 -8.188621376582792821e-02 5.814854619154213519e-04 9.999997216507632292e-01 -4.675169261495210754e-04 -4.640460845630177689e-01 3.141491269150191879e-03 4.656879684306284434e-04 9.999949570731871962e-01 2.396920659869669379e+01
9.999939143620725224e-01 -4.754717321326772800e-04 -3.456177262438012675e-03 -9.718739794413287780e-02 4.724490669125629497e-04 9.999995052908533522e-01 -8.753337831668116242e-04 -4.904014777240100487e-01 3.456591808197311336e-03 8.736955936458189881e-04 9.999936442967822803e-01 2.511453160866061296e+01
9.999907185862514369e-01 -1.638631403515482948e-04 -4.305332061495276141e-03 -1.119689964366020613e-01 1.617434458161537414e-04 9.999998655498693045e-01 -4.926856027185726183e-04 -5.185309255520057503e-01 4.305412289762460334e-03 4.919846713108367783e-04 9.999906106471001532e-01 2.635688787669224453e+01
9.999855933862008550e-01 -9.892223875873360286e-04 -5.275836715284139104e-03 -1.348735234932270932e-01 9.951567411310719563e-04 9.999988750408955740e-01 1.122309192876617609e-03 -5.346669564642136940e-01 5.274720659283377126e-03 -1.127543323221154650e-03 9.999854528822756938e-01 2.757345997796464232e+01
9.999783251834498676e-01 -2.360925422628188351e-03 -6.146152413271682713e-03 -1.305226302962375906e-01 2.371620593339245422e-03 9.999956853045304239e-01 1.733431093059616124e-03 -5.618456640900100219e-01 6.142033501176213245e-03 -1.747969882980334073e-03 9.999796098098463482e-01 2.875251161739336681e+01
9.999750693782392119e-01 -2.352893736012193031e-03 -6.657665299617638970e-03 -1.560995616049540846e-01 2.358527938511792606e-03 9.999968670867298570e-01 8.385452814102288890e-04 -5.844403440798081606e-01 6.655671550072256130e-03 -8.542266779243230454e-04 9.999774859182134490e-01 2.996128444059729290e+01
9.999639248315690399e-01 -2.931010572909698367e-03 -7.972340027809794033e-03 -1.683176381844730118e-01 2.931899835839717715e-03 9.999956969841752308e-01 9.985544622373790369e-05 -6.063123038034102796e-01 7.972013183796056515e-03 -1.232259527881376937e-04 9.999682154116125155e-01 3.115052010279757866e+01
9.999592867940956253e-01 -3.213006871528642679e-03 -8.432160688192273310e-03 -1.823616983082665399e-01 3.213443678207284458e-03 9.999948361420126774e-01 3.825135123940604648e-05 -6.287161502787809164e-01 8.431994390258993471e-03 -6.534607350433974809e-05 9.999644479748167614e-01 3.235719236786993491e+01
9.999537792824028104e-01 -3.091036146399324218e-03 -9.104108182467958790e-03 -2.100631324334957528e-01 3.096612527570952525e-03 9.999950263927341876e-01 5.984771257186664167e-04 -6.449765546005332695e-01 9.102213146293806553e-03 -6.266413711334189660e-04 9.999583776591871587e-01 3.353593392052768252e+01
9.999478571769638835e-01 -3.378408473479839816e-03 -9.636870570682368187e-03 -2.220508849559365838e-01 3.387198941602858303e-03 9.999938620189613436e-01 8.959918337372542105e-04 -6.734661929811204262e-01 9.633784561377662509e-03 -9.285871270625113694e-04 9.999531628713054232e-01 3.474062913802534780e+01
9.999413213151414626e-01 -4.047880393517098475e-03 -1.004831241249078827e-02 -2.355199818787322152e-01 4.059175676716698239e-03 9.999911521460786989e-01 1.103954151604328790e-03 -7.015570122564152022e-01 1.004375500752301663e-02 -1.144677255330022944e-03 9.999489050523805433e-01 3.595295853147318610e+01
9.999382698626996246e-01 -3.062393645918881808e-03 -1.068073956984775218e-02 -2.481981976186687922e-01 3.072199440235622546e-03 9.999948741638426952e-01 9.017931237600071426e-04 -7.258876209402763680e-01 1.067792336267277091e-02 -9.345508343875080087e-04 9.999425526421957811e-01 3.712131490306213522e+01
9.999359103594249731e-01 -3.968420650328678342e-03 -1.060315054975108535e-02 -2.793615054701958922e-01 3.983462466276098575e-03 9.999910889470909892e-01 1.397871826859729306e-03 -7.619497643387503905e-01 1.059750890634255857e-02 -1.440019510244528768e-03 9.999428079475176645e-01 3.832775891999349938e+01
9.999365382147399339e-01 -3.713818963202046575e-03 -1.063612155291676110e-02 -3.019072801566686226e-01 3.742009839085859088e-03 9.999895354157098959e-01 2.631808127989737102e-03 -7.879413748109359572e-01 1.062623637825319683e-02 -2.671441612019622575e-03 9.999399714571390874e-01 3.953755684386985081e+01
9.999385794384718640e-01 -3.496844446387292402e-03 -1.051710127215631403e-02 -3.349776195288879377e-01 3.533956314017371557e-03 9.999875877152473169e-01 3.512201722353874584e-03 -8.117714324119434943e-01 1.050468929335650163e-02 -3.549153017275955176e-03 9.999385256271023925e-01 4.073119152106946217e+01
9.999432856756749199e-01 -3.109622590222368629e-03 -1.018605267270295336e-02 -3.531649345045077548e-01 3.140346070874239226e-03 9.999905641949806689e-01 3.001623082166417471e-03 -8.223059187426802197e-01 1.017662282349698737e-02 -3.033440612736841395e-03 9.999436157118164470e-01 4.192839655817398636e+01
9.999414853753233468e-01 -2.613585904754480403e-03 -1.049737977957339308e-02 -3.570242388762434049e-01 2.643469591488582793e-03 9.999924904864622155e-01 2.833907850854650717e-03 -8.453199282367191980e-01 1.048989447230031999e-02 -2.861491564202283278e-03 9.999408852514014567e-01 4.314075428378535548e+01
9.999531952942508628e-01 -3.462727864286928997e-04 -9.668883152590082575e-03 -3.902974129853070129e-01 3.904953104868491565e-04 9.999894712802501751e-01 4.572181119033615244e-03 -8.690334076061030366e-01 9.667198301387047374e-03 -4.575742823721254231e-03 9.999428022997332022e-01 4.435030461782069722e+01
9.999627298901737626e-01 -5.248761284660369286e-04 -8.617617026908117386e-03 -4.063530948063001635e-01 5.892357943787437935e-04 9.999719439116575570e-01 7.467542270021844918e-03 -8.887063507381226524e-01 8.613455871705090819e-03 -7.472341838589137766e-03 9.999349841369575831e-01 4.554787289367007475e+01
9.999754384815354724e-01 4.393769212166064725e-04 -6.994953187687469667e-03 -4.326015647058799041e-01 -3.681873846546022955e-04 9.999481624353268039e-01 1.017530726059603582e-02 -8.980643404521480022e-01 6.999061512050877391e-03 -1.017248198635317333e-02 9.999237639750777618e-01 4.676354426025614686e+01
9.999863529613519653e-01 1.007535724303123062e-03 -5.126280649095895509e-03 -4.325516955119761975e-01 -9.379551121726122098e-04 9.999076507979410833e-01 1.355765883672275379e-02 -9.120900134491582989e-01 5.139467168150315714e-03 -1.355266572370758885e-02 9.998949500529300538e-01 4.796012182573101512e+01
9.999913614989683897e-01 7.937345952954422135e-04 -4.080061928523870049e-03 -4.507437321871895497e-01 -7.319750713271552800e-04 9.998854761372314437e-01 1.511617737325118144e-02 -9.235732770585819429e-01 4.091592981672967540e-03 -1.511306043175840788e-02 9.998774196283697346e-01 4.916130591759323210e+01
9.999971116212752476e-01 2.728253246826895656e-04 -2.387951316861591788e-03 -4.458020267319843244e-01 -2.400679678373120879e-04 9.999060215157831166e-01 1.370731555332800264e-02 -9.366491362324533831e-01 2.391466657631595525e-03 -1.370670281916798114e-02 9.999031989113651431e-01 5.038337008855894084e+01
9.999992332594255240e-01 4.279748721781589244e-04 -1.162030817793706546e-03 -4.689046929534173569e-01 -4.139124744342182610e-04 9.999270093861669650e-01 1.207495645455868363e-02 -9.322720409847128353e-01 1.167113809681757843e-03 -1.207446632950191605e-02 9.999264198498719614e-01 5.158437882585737810e+01
9.999994990200409273e-01 2.833042944411206382e-04 -9.600502355753796771e-04 -4.843097015158019936e-01 -2.721616874899485811e-04 9.999328361628065931e-01 1.158659088126390985e-02 -9.290379583786212425e-01 9.632683131955140999e-04 -1.158632389529878903e-02 9.999324123248586327e-01 5.277992624459728432e+01
9.999999944835518129e-01 1.024138678444013600e-04 2.332678805011766099e-05 -4.861783735382563809e-01 -1.026749438033120604e-04 9.999340763659472220e-01 1.148182810344247975e-02 -9.528952007615019149e-01 -2.214934165466612742e-05 -1.148183054075803400e-02 9.999340813675851036e-01 5.399411813482035427e+01
9.999991967743335763e-01 2.868634974294292928e-05 -1.267132953014031213e-03 -4.928663657687639699e-01 -1.522820233187949235e-05 9.999436095923600609e-01 1.061967044030993901e-02 -9.695915088074644750e-01 1.267366170179503974e-03 -1.061964271295601399e-02 9.999428068528435354e-01 5.520660186382169599e+01
9.999957588327581526e-01 -3.951610612969690128e-05 -2.912172867497850228e-03 -5.094766267067243337e-01 6.949797097293569648e-05 9.999469926375532669e-01 1.029597406158116665e-02 -9.631420823765965977e-01 2.911611704002186989e-03 -1.029613288203337466e-02 9.999427544476695573e-01 5.638976877324707004e+01
9.999919297783340655e-01 -6.807719222809852436e-04 -3.959409453067571846e-03 -5.133969204924354601e-01 7.272552968655872363e-04 9.999306971215667916e-01 1.175040631807280911e-02 -9.797264709490167700e-01 3.951135787215096645e-03 -1.175319110238369491e-02 9.999231225622042807e-01 5.761442043859622686e+01
9.999863765833237883e-01 -7.911627317099146489e-04 -5.159525466418219894e-03 -5.288044479281369670e-01 8.523803607178312772e-04 9.999291432112913380e-01 1.187358408832917683e-02 -9.970841599954507473e-01 5.149766041987843823e-03 -1.187782032109760758e-02 9.999161951412387506e-01 5.881290083027576543e+01
9.999844299963525085e-01 -4.026620823033765992e-04 -5.565754262327983135e-03 -5.376575890553035864e-01 4.691604454920865128e-04 9.999284666255480181e-01 1.195163234336711969e-02 -1.003765691599419752e+00 5.560543763317850156e-03 -1.195405760288413034e-02 9.999130866591247058e-01 6.003383559098547551e+01
9.999783443580566589e-01 -1.022725008653808942e-04 -6.580299799713230056e-03 -5.662342912440793130e-01 1.809618117743806709e-04 9.999284742422293037e-01 1.195883139222679928e-02 -1.021737022219677771e+00 6.578606204132218804e-03 -1.195976331496151346e-02 9.999068386683954701e-01 6.122533288061177359e+01
9.999762353975201190e-01 -1.967671988623541368e-04 -6.891292530185874621e-03 -5.696497775559949961e-01 2.759718798170159720e-04 9.999338993770323647e-01 1.149437740923863957e-02 -1.019988875026727637e+00 6.888575424905362711e-03 -1.149600616477227180e-02 9.999101906597159806e-01 6.242659385560746443e+01
9.999770333343317441e-01 -1.343805988384973692e-03 -6.642814291551373679e-03 -5.793192669222526625e-01 1.416359435171379681e-03 9.999392683447898555e-01 1.092948041109563853e-02 -1.042793564403550644e+00 6.627723886204827698e-03 -1.093863811579154875e-02 9.999182063978346857e-01 6.363579488952876773e+01
9.999744887682013861e-01 -1.554266668693771690e-03 -6.971804652961662019e-03 -5.974917949971370046e-01 1.633628337310885636e-03 9.999337744318832488e-01 1.139201484806267456e-02 -1.058407992526210650e+00 6.953636843349462332e-03 -1.140311367151745740e-02 9.999108039958303218e-01 6.484666530134053630e+01
9.999734756867562080e-01 -2.184260255728567163e-03 -6.948159719698565259e-03 -6.129675287685101281e-01 2.275333611923396546e-03 9.999112515725415706e-01 1.312675996262140446e-02 -1.053563558290893543e+00 6.918870953516748773e-03 -1.314222129133178069e-02 9.998896995465665904e-01 6.603661211872062609e+01
9.999712488471635963e-01 -1.165808286872908189e-03 -7.492820612604532936e-03 -6.437355649382622280e-01 1.256558273322968058e-03 9.999257809888735249e-01 1.211831543190271254e-02 -1.076570632295638541e+00 7.478137011099772295e-03 -1.212738229965199845e-02 9.998984968890299863e-01 6.722852945205274011e+01
9.999736091682867034e-01 3.493436021488032645e-04 -7.256646212249497768e-03 -6.432134298532899974e-01 -2.731051938364547488e-04 9.999447905397927938e-01 1.050434591779812570e-02 -1.095678891518387266e+00 7.259915338124625986e-03 -1.050208697508385296e-02 9.999184965850578255e-01 6.841536358771138282e+01
9.999720165845549236e-01 1.648985980285273475e-03 -7.297045896512034148e-03 -6.602260573916191033e-01 -1.569742070793144623e-03 9.999398814658229107e-01 1.085215939258904819e-02 -1.095118141984259275e+00 7.314502403977467433e-03 -1.084040133972202086e-02 9.999144882279088486e-01 6.964622037795213316e+01
9.999697504277003102e-01 2.004229822171171155e-03 -7.515402658070395071e-03 -6.850592659689139774e-01 -1.920301686006290962e-03 9.999359023463582075e-01 1.115811992542588803e-02 -1.116571723788181814e+00 7.537284515681054280e-03 -1.114335066746894275e-02 9.999095034518075131e-01 7.082811228096743150e+01
9.999641211025706022e-01 4.411654807473075479e-03 -7.231444534013939905e-03 -7.079906478680395576e-01 -4.330560190856138844e-03 9.999279931640817631e-01 1.119172640286060158e-02 -1.121963071726990835e+00 7.280297990053630035e-03 -1.116000876263603149e-02 9.999112217994042817e-01 7.202652932845045086e+01
9.999702708284483599e-01 4.146254527754375183e-03 -6.501231806591138175e-03 -7.224533253976752611e-01 -4.067852224190971616e-03 9.999194009696028562e-01 1.202680949402934463e-02 -1.130884091682909487e+00 6.550574150982924060e-03 -1.200000601594181787e-02 9.999065405565886744e-01 7.322040555590368172e+01
9.999750579405886075e-01 5.213539311979192153e-03 -4.764712752334533154e-03 -7.357107554355166723e-01 -5.153011708851540709e-03 9.999069793527619598e-01 1.262850416716056190e-02 -1.130480712745660199e+00 4.830108833303039043e-03 -1.260363668962372410e-02 9.999089050519877064e-01 7.438936128694240324e+01
9.999867085923588306e-01 4.648020932355520149e-03 -2.231261535371077340e-03 -7.501238106644378956e-01 -4.622121882829875045e-03 9.999234716934556344e-01 1.147548477556101232e-02 -1.143115180393748043e+00 2.284429123787643477e-03 -1.146501919819600465e-02 9.999316650278312624e-01 7.557434983860881061e+01
9.999972824454674836e-01 2.257679389157754915e-03 5.813622337153075050e-04 -7.707227573226943518e-01 -2.261364028481179303e-03 9.999768523767962325e-01 6.417238175641891244e-03 -1.183979234659532143e+00 -5.668607143239843800e-04 -6.418535468142055889e-03 9.999792403206714253e-01 7.672793761278236957e+01
9.999912288355407020e-01 3.058855296739560956e-03 2.861058265186655278e-03 -7.767155909166481020e-01 -3.074846373847353251e-03 9.999795834276812290e-01 5.601611540768720865e-03 -1.184121974974529090e+00 -2.843865377433529851e-03 -5.610359773824613421e-03 9.999802179495903554e-01 7.794035339422033815e+01
9.999774238057024256e-01 3.357427386812422004e-03 5.820615219347912567e-03 -7.583064947340172335e-01 -3.408514215468045824e-03 9.999555642668547240e-01 8.789284749013900888e-03 -1.210745330167493083e+00 -5.790847283215902995e-03 -8.808926048090370137e-03 9.999444329084209437e-01 7.911006686453085024e+01
9.999520652028052181e-01 2.596312120151182332e-03 9.440681483299809273e-03 -7.693607989872087716e-01 -2.693351527944949989e-03 9.999435248308113922e-01 1.028071049824017154e-02 -1.218366492823711678e+00 -9.413456539721561447e-03 -1.030564485619070783e-02 9.999025855108858440e-01 8.026913160899042055e+01
9.999087904440243646e-01 3.004943797835503763e-03 1.316742630075312150e-02 -7.303489389551889310e-01 -3.122307444955361999e-03 9.999555044314607510e-01 8.901705266883275236e-03 -1.218752864265462144e+00 -1.314009150420099997e-02 -8.942006171595358321e-03 9.998736812757034187e-01 8.146857555584006150e+01
9.998532352466596995e-01 2.717143363194398156e-03 1.691523314740182166e-02 -7.370424143637632763e-01 -2.823123306046221651e-03 9.999765170038042994e-01 6.244631240585820850e-03 -1.252737844812570112e+00 -1.689786865578735489e-02 -6.291468581829579888e-03 9.998374265052716314e-01 8.262224442384557221e+01
9.997838279760471458e-01 2.177988166418166199e-03 2.067737175413788403e-02 -7.083658578407936446e-01 -2.239323967540739896e-03 9.999931602039010548e-01 2.943633309268669888e-03 -1.276895199958097971e+00 -2.067081948200195571e-02 -2.989300322108706751e-03 9.997818668512148399e-01 8.379536978275673675e+01
9.997217870227543823e-01 1.539941454458340284e-03 2.353671924722703507e-02 -6.919254281795702566e-01 -1.585536333183083790e-03 9.999969024418178254e-01 1.918641138499074632e-03 -1.298433889672467645e+00 -2.353369215168620368e-02 -1.955425668415874951e-03 9.997211319268373142e-01 8.493402122244668817e+01
9.996343165080286974e-01 1.511880159867499615e-03 2.699902776700926002e-02 -6.776833805042036252e-01 -1.605296390146889601e-03 9.999927993471093846e-01 3.438645021376011794e-03 -1.320891675304016077e+00 -2.699363500154144252e-02 -3.480729015507077074e-03 9.996295454668781000e-01 8.609831793770632657e+01
9.995083760912616411e-01 1.692799951526217234e-03 3.130719686493225323e-02 -6.582732590767111924e-01 -1.807843214237372584e-03 9.999917165456052581e-01 3.646717093471419247e-03 -1.329788420132324456e+00 -3.130076490941480910e-02 -3.701522789765190804e-03 9.995031569829296858e-01 8.726671095143547063e+01
9.993964754748213553e-01 2.560015272732018080e-03 3.464290913508180636e-02 -6.123291184545047727e-01 -2.624189940783212480e-03 9.999949239625289810e-01 1.807119482918615946e-03 -1.370541794148740333e+00 -3.463810763117661923e-02 -1.896938402783006523e-03 9.993981204189347212e-01 8.843684454221977376e+01
9.992523712440294359e-01 2.093964754871136327e-03 3.860458391476671164e-02 -5.942891443184969980e-01 -2.094668844515512260e-03 9.999978059341463332e-01 -2.220905052166544102e-05 -1.390284989879844169e+00 -3.860454638733526456e-02 -5.867133899785294954e-05 9.992545649270475616e-01 8.958471191457070404e+01
9.991540173222723809e-01 1.732911980780923664e-03 4.108827947246188744e-02 -5.315768878335705994e-01 -1.717525942906368563e-03 9.999984411009392726e-01 -4.097604356295215036e-04 -1.405907967971591122e+00 -4.108892621069411971e-02 3.388436394587603789e-04 9.991554360055179274e-01 9.073363399797591455e+01
9.990331527524630717e-01 1.049046935267649444e-03 4.395064536792255699e-02 -4.986124119110058039e-01 -1.074615480892491745e-03 9.999992668451311850e-01 5.581331786264770445e-04 -1.434031579002992052e+00 -4.395002839793646365e-02 -6.048235585361166552e-04 9.990335475669231968e-01 9.188757352989132698e+01
9.989081990113496401e-01 -2.079902979552333137e-04 4.671580798902738585e-02 -4.537689537252359573e-01 1.315406735568382113e-04 9.999986472833110041e-01 1.639551153992519633e-03 -1.454579927431507436e+00 -4.671608661386969508e-02 -1.631616033084414344e-03 9.989068750654834794e-01 9.306019009956355603e+01
9.987807144925667791e-01 -1.188614940387668073e-03 4.935252355742655861e-02 -3.900274751416885066e-01 1.014874473569644248e-03 9.999932003921238044e-01 3.545306276552270038e-03 -1.469063863977777551e+00 -4.935640283489623609e-02 -3.490896905079971749e-03 9.987751294017481740e-01 9.420035912202084205e+01
9.986458128362321052e-01 -2.807164691108396219e-03 5.194863195828915148e-02 -3.485655414658493378e-01 2.589447450400035773e-03 9.999875826973986248e-01 4.257840665250732688e-03 -1.495487448808499709e+00 -5.195994025198550498e-02 -4.117556487155667015e-03 9.986406812823569457e-01 9.536697969486637305e+01
9.985225043831038594e-01 -3.754471225699444054e-03 5.420989041038312001e-02 -2.969226354821076219e-01 3.611526452832035210e-03 9.999897393673762291e-01 2.734598588483591261e-03 -1.521373473256791842e+00 -5.421960209040740941e-02 -2.534777748173190279e-03 9.985258182070888555e-01 9.651623363754312379e+01
9.984148221624324915e-01 -4.490462830654915263e-03 5.610417687009241344e-02 -2.135216079701191538e-01 4.534918354369553428e-03 9.999894960299868796e-01 -6.650842946308152190e-04 -1.547753339093736580e+00 -5.610060198893938865e-02 9.184579428570607829e-04 9.984246986464396789e-01 9.769533913688673010e+01
9.983078198296404526e-01 -4.210526097008288580e-03 5.799800313568870269e-02 -1.635382426181268001e-01 4.418396045660527224e-03 9.999842656994173407e-01 -3.456316328075465308e-03 -1.559360033953529623e+00 -5.798253867450053889e-02 3.706725856681109856e-03 9.983107158439974427e-01 9.887040341005744892e+01
9.981980653231272704e-01 -4.262553036750248332e-03 5.985359685453287004e-02 -9.976360153240064477e-02 4.537122483165101014e-03 9.999797960278921094e-01 -4.452195872398716572e-03 -1.584274974326119079e+00 -5.983341089299200333e-02 4.715736508136619473e-03 9.981972373974737911e-01 1.000227450042496713e+02
9.981492254283664822e-01 -4.136941318711512793e-03 6.067132372165941201e-02 -3.896391953912296813e-02 4.381338632312190701e-03 9.999828134016692793e-01 -3.895736872096769270e-03 -1.614103116284987705e+00 -6.065416560675906260e-02 4.154348453249856465e-03 9.981501958933388652e-01 1.011871309449788754e+02
9.982035704168140677e-01 -4.291731113719093188e-03 5.975962751672203588e-02 1.043002002702978284e-02 4.439817077891107175e-03 9.999873933217683364e-01 -2.345466738805992990e-03 -1.628829003578691870e+00 -5.974880907023295135e-02 2.606575170225728343e-03 9.982100408022509530e-01 1.023850079365407879e+02
9.982897579466329940e-01 -4.795854162029956728e-03 5.826284402037006788e-02 1.006227096763492590e-01 4.861901081297257191e-03 9.999876889463243934e-01 -9.918997195784056212e-04 -1.667720878528957895e+00 -5.825737074635179563e-02 1.273471584458230055e-03 9.983007848343222745e-01 1.035465505403941933e+02
9.983659349002901306e-01 -4.721317061565621573e-03 5.694882991035585956e-02 1.533506057214311658e-01 4.738228931939294543e-03 9.999887614135006819e-01 -1.619405112093623422e-04 -1.683001802140195791e+00 -5.694742629943889967e-02 4.315125435335031429e-04 9.983770852794359163e-01 1.047506327767846273e+02
9.985202721977303186e-01 -4.503456212165722790e-03 5.419395654186476979e-02 2.161244422540408161e-01 4.497807545451256578e-03 9.999898592253674279e-01 2.261979422789328620e-04 -1.710996395619929222e+00 -5.419442658360131698e-02 1.789080937968090534e-05 9.985304020319325513e-01 1.059422594992343818e+02
9.986810083520060166e-01 -3.965569722992162184e-03 5.119099381194806841e-02 2.664709681529742746e-01 3.967769226840289938e-03 9.999921266486985205e-01 5.865790602931769682e-05 -1.723243306309926615e+00 -5.119082426536183256e-02 1.445335648107802518e-04 9.986888797792061734e-01 1.071483451083756364e+02
9.988784968242881979e-01 -3.367354221373518829e-03 4.722721187399357701e-02 3.255696865325354850e-01 3.380606425657335309e-03 9.999942655834299643e-01 -2.007344770187666563e-04 -1.739257800323438019e+00 -4.722626592709089355e-02 3.601660180792649532e-04 9.988841524718231613e-01 1.083483662606778637e+02
9.990593262235054617e-01 -3.065843995826485896e-03 4.325578944300054879e-02 3.641689693924883842e-01 3.072525217189548893e-03 9.999952759106178757e-01 -8.797526288312554343e-05 -1.765474901212773062e+00 -4.325531612919314428e-02 2.207970550147696567e-04 9.990640264001627857e-01 1.095441999018340198e+02
9.992279790438722831e-01 -2.341880196244190346e-03 3.921685257322179985e-02 3.950986821284552253e-01 2.311496228322793521e-03 9.999969922096633157e-01 8.200929232953521955e-04 -1.782175224312787742e+00 -3.921865585467613352e-02 -7.288101562496511129e-04 9.992303867679430684e-01 1.107971987237095846e+02
9.993889291697775068e-01 -2.566302862492399889e-03 3.485946607590277579e-02 4.337922891470438747e-01 2.514664996034011134e-03 9.999956752858508713e-01 1.525078560054646780e-03 -1.799659730423651016e+00 -3.486322973420938331e-02 -1.436486728991369713e-03 9.993910604416683663e-01 1.120123435694787162e+02
9.995286786563150061e-01 -2.100731680981666669e-03 3.062690811322930223e-02 4.711070429144698646e-01 2.029413611431178134e-03 9.999951570887342100e-01 2.359507408130156678e-03 -1.823942911894982588e+00 -3.063171700984255313e-02 -2.296240648965443623e-03 9.995281012385607289e-01 1.132026886543422819e+02
9.996673750298470384e-01 -1.792515788293891701e-03 2.572792677305496198e-02 4.818052749493307307e-01 1.726832048966053627e-03 9.999951936883115788e-01 2.575004385088191898e-03 -1.846943787306779106e+00 -2.573241929566850647e-02 -2.529720063974400055e-03 9.996656656549737230e-01 1.144017686021688576e+02
9.997842439004965831e-01 -1.339519316201975146e-03 2.072851563536544026e-02 4.869897215740615071e-01 1.289852370418448704e-03 9.999962658809810057e-01 2.409253417166339756e-03 -1.860724668553833228e+00 -2.073166583073965744e-02 -2.381996882766328726e-03 9.997822383406946845e-01 1.156530144458581759e+02
9.998683603526080654e-01 -5.464474339624608365e-04 1.621614566459173359e-02 5.076806617093103657e-01 5.073210952290943890e-04 9.999969508045369881e-01 2.416817212379977244e-03 -1.892684468035996659e+00 -1.621741716048151830e-02 -2.408272277366684672e-03 9.998655887605848447e-01 1.168861139067322910e+02
9.999371810494819268e-01 2.183317190494696997e-04 1.120652931253105118e-02 5.074246847312509079e-01 -2.383783766011799560e-04 9.999983739502644742e-01 1.787532548656133209e-03 -1.908207846311514411e+00 -1.120612100750575761e-02 -1.790091658232881994e-03 9.999356071320928407e-01 1.181052313331398977e+02
9.999695685736312845e-01 1.322055433132471661e-03 7.688569659434068247e-03 5.206261229571439442e-01 -1.334624092068543294e-03 9.999977812349444273e-01 1.629817730603754129e-03 -1.927813309191815483e+00 -7.686398022631255045e-03 -1.640029492113098848e-03 9.999691143126763215e-01 1.193414594908794442e+02
9.999774059613210087e-01 3.885900629551434712e-03 5.485193071229028938e-03 5.183157731226439857e-01 -3.895494703001158368e-03 9.999908996250299609e-01 1.739481264893491877e-03 -1.940610932942437028e+00 -5.478383796207145218e-03 -1.760809517382424562e-03 9.999834432899539216e-01 1.205716609333501310e+02
9.999791466448088029e-01 4.691237531900597363e-03 4.438306317374446537e-03 5.016872649516294080e-01 -4.699227334295560249e-03 9.999873538716269605e-01 1.791470831170888060e-03 -1.979955580405280635e+00 -4.429846050295935256e-03 -1.812290099209576573e-03 9.999885459659437759e-01 1.218167739874491531e+02
9.999690673779697558e-01 7.068925401194674912e-03 3.448850830521477812e-03 4.975175555866722110e-01 -7.075276122731108397e-03 9.999732905388033499e-01 1.832672870340558771e-03 -1.999042224785742228e+00 -3.435803744269334825e-03 -1.857017771749238169e-03 9.999923733376252510e-01 1.230531672809490260e+02
9.999659207334856692e-01 7.945959531504280526e-03 2.240331804636842318e-03 4.868175555605180338e-01 -7.951882872503795302e-03 9.999648784475819729e-01 2.647535584609302280e-03 -2.014689232316051459e+00 -2.219215946868892397e-03 -2.665260242669188588e-03 9.999939857149161559e-01 1.242970672566996484e+02
9.999590465194442279e-01 8.856402997012629771e-03 1.862631312138733489e-03 4.857633127242315663e-01 -8.862201058744965596e-03 9.999558377695767497e-01 3.127925700504310524e-03 -2.046458416338152730e+00 -1.834846913406458328e-03 -3.144304647669659766e-03 9.999933733196986196e-01 1.255428406166252984e+02
9.999277701019957387e-01 1.199486406171636904e-02 7.601267548741586985e-04 4.775122622318615506e-01 -1.199831796308504020e-02 9.999169015839869390e-01 4.714903480562379276e-03 -2.058084866115877709e+00 -7.035089722617698330e-04 -4.723683217254964241e-03 9.999885958810739162e-01 1.267995886247918946e+02
9.999011841582425841e-01 1.405756750556597448e-02 8.177572454090079588e-05 4.658110564905425521e-01 -1.405777269963068288e-02 9.998693763885089236e-01 7.975538375272263683e-03 -2.059084123082916218e+00 3.035163287630867945e-05 -7.975899933495454383e-03 9.999681915447783398e-01 1.280414861944823315e+02
9.999275427813345551e-01 1.203611873504618207e-02 -2.025076448668213912e-04 4.437045765269529984e-01 -1.203404340654247451e-02 9.998936772486919367e-01 8.235048167821367934e-03 -2.087802334655033398e+00 3.016041428332964813e-04 -8.232014577743057560e-03 9.999660709112669910e-01 1.292869875815715091e+02
9.999196128718518262e-01 1.266364545205582968e-02 -6.323388669067776758e-04 4.537452973569457981e-01 -1.265909448256735507e-02 9.998971138687091642e-01 6.746037850092781625e-03 -2.102737176646026551e+00 7.177032569159789250e-04 -6.737490789509085337e-03 9.999770452979190871e-01 1.305346356278703865e+02
9.999466287489978678e-01 1.023987390939593359e-02 -1.372812469653416582e-03 4.470149036321497404e-01 -1.022943267717781046e-02 9.999202333237224849e-01 7.408489356426193120e-03 -2.125640304241772416e+00 1.448564992698740108e-03 -7.394050939836760601e-03 9.999716144342845059e-01 1.318272755839093406e+02
9.999711170861109721e-01 7.127778886444856299e-03 -2.638132725638560588e-03 4.449178852678741247e-01 -7.103256780761200984e-03 9.999325345813178112e-01 9.190758382200212712e-03 -2.146977473002880554e+00 2.703464490993855857e-03 -9.171753683948812019e-03 9.999542840654155329e-01 1.330762796879466805e+02
9.999863712068792765e-01 4.522027832352041102e-03 -2.609339469452096136e-03 4.261246124483873965e-01 -4.493455562873019393e-03 9.999309984711870491e-01 1.085390061514650284e-02 -2.153167467929652190e+00 2.658241117262459281e-03 -1.084202784390748964e-02 9.999376901555737662e-01 1.343329012582158839e+02
9.999930784579915688e-01 2.479833758487030859e-03 -2.773707261740436438e-03 4.319845918023501041e-01 -2.446523339372211683e-03 9.999256157338233253e-01 1.194895491632852642e-02 -2.166217942641404548e+00 2.803132422621178784e-03 -1.194208638567382207e-02 9.999247616842656949e-01 1.356122065382160145e+02
9.999960690536813246e-01 -8.912108365419077124e-04 -2.658499241488489293e-03 4.216001106749436289e-01 9.196257229284769338e-04 9.999422629595768885e-01 1.070630799218963425e-02 -2.186251323790047163e+00 2.648804225737003571e-03 -1.070871083080003269e-02 9.999391518266077528e-01 1.368692326983150735e+02
9.999925953848104454e-01 -2.900001635422049320e-03 -2.529657624924811811e-03 4.253276432378888527e-01 2.923898408524068168e-03 9.999506500241006623e-01 9.494647247113038521e-03 -2.187596268896331519e+00 2.501998346229970110e-03 -9.501973492416318154e-03 9.999517250900261667e-01 1.381312014026254928e+02
9.999867117531605620e-01 -4.555202595069671873e-03 -2.413804297538428220e-03 4.052988656470054019e-01 4.578145060913869913e-03 9.999435734259557451e-01 9.585955394800447713e-03 -2.219760837612619220e+00 2.370002176313333684e-03 -9.596878847679251104e-03 9.999511403125657116e-01 1.393976347161711260e+02
9.999868766285325838e-01 -4.663422801249194130e-03 -2.121099687150239041e-03 3.980974579538272273e-01 4.683506942540391696e-03 9.999432917068482585e-01 9.564419580641771862e-03 -2.213891757073579214e+00 2.076376516133270241e-03 -9.574228334963111667e-03 9.999520102576107128e-01 1.406669894619894023e+02
9.999876414671285962e-01 -4.813903366628464152e-03 -1.242277880910678568e-03 3.888181715344689593e-01 4.827458180600228965e-03 9.999261927390514781e-01 1.114920220214237444e-02 -2.224449869895555487e+00 1.188515041139332623e-03 -1.115506155912312364e-02 9.999370740395706614e-01 1.419712757348069943e+02
9.999949120205317010e-01 -2.974240861157937885e-03 -1.153181745134819816e-03 3.706667907732692502e-01 2.988700666689249330e-03 9.999142884265560527e-01 1.274689998234535514e-02 -2.229070568612916414e+00 1.115170584698982120e-03 -1.275028175755867424e-02 9.999180900031062746e-01 1.432470731954238374e+02
9.999954116195310938e-01 -3.021291623058764905e-03 -2.203225340204696995e-04 3.691906931578798345e-01 3.023680309361203265e-03 9.999258611480087433e-01 1.179531922286507217e-02 -2.252094126584839984e+00 1.846691147854105230e-04 -1.179593139282369280e-02 9.999304085304725476e-01 1.445352937149654906e+02
9.999981791265271092e-01 -1.836373810910371489e-03 5.191136215171634474e-04 3.775576375373119187e-01 1.831263334523075548e-03 9.999514763556969221e-01 9.679431926908038664e-03 -2.255613595927136394e+00 -5.368634877074391579e-04 -9.678463755311835642e-03 9.999530184559027868e-01 1.458030010947798871e+02
9.999980553574238096e-01 -1.961169984501706307e-03 2.075994985690993513e-04 3.439434190578074535e-01 1.959527244664782328e-03 9.999689116905097208e-01 7.637794168368038095e-03 -2.280779862132929825e+00 -2.225720539228482383e-04 -7.637372587325129414e-03 9.999708100757094265e-01 1.470809413369645142e+02
9.999950732300175726e-01 -2.888838778335299333e-03 1.228060740220093339e-03 3.409090810877225541e-01 2.883902572036032078e-03 9.999878315544169505e-01 4.002479582518135050e-03 -2.306547382326324946e+00 -1.239608332320336730e-03 -3.998918289272542295e-03 9.999912359730772637e-01 1.483356664288906188e+02
9.999939104832864523e-01 -3.226336255432416325e-03 1.330322680936853663e-03 3.373403240212486942e-01 3.225808988259638334e-03 9.999947177316442781e-01 3.983204896556040084e-04 -2.324724833989520789e+00 -1.331600792001504368e-03 -3.940266973393100058e-04 9.999990357898035365e-01 1.496274172589748161e+02
9.999956334607696951e-01 -2.680428311901883985e-03 1.244335196455036976e-03 3.291879026463611635e-01 2.681534076674075250e-03 9.999960105775737018e-01 -8.878058379153648885e-04 -2.350141134693972234e+00 -1.241950554417301043e-03 8.911386997295196385e-04 9.999988317136887517e-01 1.508880615355172097e+02
9.999920888111318851e-01 -3.568593356511577316e-03 1.757118527732907508e-03 3.157513098893989789e-01 3.569454675837233949e-03 9.999935107512361032e-01 -4.872805466468637173e-04 -2.381054052643493346e+00 -1.755368249702928462e-03 4.935486552886244813e-04 9.999983375433783017e-01 1.521581109717340610e+02
9.999930216694224994e-01 -3.376119533998646859e-03 1.599511709121228175e-03 3.066469836211497824e-01 3.376262614250844299e-03 9.999942966438128966e-01 -8.674369789473876380e-05 -2.396549308417808888e+00 -1.599209756859534121e-03 9.214346884969196877e-05 9.999987170169339912e-01 1.534087140069173643e+02
9.999942988847256853e-01 -2.894489475442684444e-03 1.739004428163012581e-03 2.971975196256650409e-01 2.892874072754699107e-03 9.999953824916881784e-01 9.307359544427429646e-04 -2.425196468527245575e+00 -1.741690432713888974e-03 -9.256999322514386855e-04 9.999980547940471309e-01 1.546943122815115714e+02
9.999961527599925404e-01 -2.630210124367745282e-03 8.811730538164052858e-04 2.900880211314101342e-01 2.629132974844988757e-03 9.999957979518010465e-01 1.221365410808562812e-03 -2.448942248647465902e+00 -8.843818126604088576e-04 -1.219043999329517090e-03 9.999988658991452173e-01 1.559626461150300258e+02
9.999983264489398227e-01 -1.806594399909811771e-03 2.886515447724906391e-04 3.070764438499588578e-01 1.806277939459230257e-03 9.999977714401382389e-01 1.092918665174229947e-03 -2.479161393460607155e+00 -2.906253660659818112e-04 -1.092395459704204735e-03 9.999993611042405917e-01 1.572220275518189680e+02
