1.000000000000000000e+00 0.000000000000000000e+00 8.809142651444723526e-20 0.000000000000000000e+00 0.000000000000000000e+00 1.000000000000000000e+00 -8.673617379884035472e-19 1.387778780781445676e-17 -2.032879073410320814e-20 0.000000000000000000e+00 1.000000000000000222e+00 0.000000000000000000e+00
9.999831799193866777e-01 2.390830616303268874e-04 -5.795058967703312948e-03 -7.279765371064551155e-03 -2.386847290243767489e-04 9.999999691048679917e-01 6.942831442899310979e-05 -9.284534812214667587e-03 5.795075488177260994e-03 -6.804396071306059030e-05 9.999832060984026327e-01 8.776759429800065626e-02
9.999183370404751692e-01 7.577998627432292605e-04 -1.275715357917268575e-02 -7.116311452359218824e-03 -7.535752384890629513e-04 9.999996596277874739e-01 3.359613019337714598e-04 -9.392079064476047123e-03 1.275740404953671497e-02 -3.263204066149974839e-04 9.999185677732552735e-01 1.657525394931262941e-01
9.997828004627449250e-01 7.359633927829789535e-04 -2.082811125952716350e-02 -1.485104722895681795e-02 -7.367650171024656136e-04 9.999997281145560635e-01 -3.081392164986686277e-05 -6.164881562803176118e-03 2.082808327926496950e-02 4.615263328798784731e-05 9.997830708976768177e-01 2.013814179437847518e-01
9.995513847360925075e-01 1.149551010732734538e-03 -2.992837691865727831e-02 -2.827291012037255399e-02 -1.182370098852981652e-03 9.999987189738910320e-01 -1.078913316108048512e-03 -9.969892786160949871e-03 2.992709883076222557e-02 1.113815698888860617e-03 9.995514635212103816e-01 3.258841910756816729e-01
9.991669080244627299e-01 7.765617737923074040e-04 -4.080302406848492630e-02 -6.349407538164034137e-02 -8.621538054485490543e-04 9.999974648652252274e-01 -2.080133635175838644e-03 -1.220433746688785737e-02 4.080130597947768251e-02 2.113579156227565585e-03 9.991650445742338293e-01 4.811058592484140362e-01
9.985002172534628295e-01 9.767006957901464698e-04 -5.473903607208717437e-02 -7.202097134184412552e-02 -1.125157917887521092e-03 9.999957722156374018e-01 -2.681337932053344877e-03 -9.755637573213737923e-03 5.473618672772008475e-02 2.738906541539761971e-03 9.984970948286768788e-01 6.250425218192146026e-01
9.974738885569225388e-01 1.229861870957464631e-03 -7.102343907343983131e-02 -8.796095572350216829e-02 -1.367601053560563509e-03 9.999972773570674489e-01 -1.890753480823391744e-03 -9.225315816373078071e-03 7.102092156410350077e-02 1.983108908840880077e-03 9.974728548514082416e-01 7.377342205940725650e-01
9.959990287718242241e-01 8.037675279923888957e-04 -8.936044079245426819e-02 -1.173352347700687692e-01 -9.601828959190823742e-04 9.999980813927006329e-01 -1.707413787893604165e-03 -2.023039613293697858e-02 8.935889852658755739e-02 1.786384774870900319e-03 9.959978897297696587e-01 9.191852951873309419e-01
9.940195064106285283e-01 1.649021300375906954e-04 -1.092025335019253390e-01 -1.521225402593173459e-01 -3.988802189485891880e-04 9.999976716216657513e-01 -2.120765655083151936e-03 -2.587876274957261191e-02 1.092019314071259461e-01 2.151641079402296514e-03 9.940172578862460639e-01 1.079920392961580600e+00
9.913454090061150081e-01 5.182841391086568175e-04 -1.312783719504009572e-01 -1.908463663245937025e-01 -8.415695456298818988e-04 9.999967487468253147e-01 -2.407126606096415995e-03 -1.938119288209824709e-02 1.312766998262804852e-01 2.496773691715237047e-03 9.913426222471903859e-01 1.229966116418512057e+00
9.878948173933290722e-01 2.866139490874478404e-03 -1.550987246076474535e-01 -2.665241589941749756e-01 -3.473959452617499458e-03 9.999873116972919362e-01 -3.648021016189375784e-03 -2.739417002127965406e-02 1.550863036120873895e-01 4.142667629917776845e-03 9.878922397541946010e-01 1.414231735145094593e+00
9.835086283775783533e-01 7.684229378922345643e-03 -1.806978962152139545e-01 -3.290604404481807799e-01 -8.680083754210209807e-03 9.999511827555148669e-01 -4.721045370089993476e-03 -2.960961095361792916e-02 1.806528005676443782e-01 6.211661616078795883e-03 9.835273162035800265e-01 1.619099250788432087e+00
9.781181666706429967e-01 1.026458072946316753e-02 -2.077967501171550935e-01 -4.026118939676697206e-01 -1.176269492985726299e-02 9.999129644782747128e-01 -5.975156916109950617e-03 -3.560909924325655895e-02 2.077173355257850573e-01 8.288659186471959706e-03 9.781537750676525533e-01 1.772544030503190537e+00
9.714626676803327365e-01 1.047197742611055346e-02 -2.369612239956036814e-01 -4.910982702507113440e-01 -1.240155190943410465e-02 9.999009590053593577e-01 -6.653849690611519235e-03 -4.784664475103493630e-02 2.368680802479001535e-01 9.402653353583789383e-03 9.714963221541217386e-01 1.957116384633269757e+00
9.632745138591303213e-01 1.214755050753137805e-02 -2.682436324224869439e-01 -5.500796944208211636e-01 -1.425649201532686733e-02 9.998808721970990909e-01 -5.915562429369839240e-03 -5.721015750789608389e-02 2.681398221870709975e-01 9.522523561890082824e-03 9.633329429145157663e-01 2.159115228761645522e+00
9.540086175426265580e-01 1.310521237633104075e-02 -2.994925860267084183e-01 -6.980648760383049156e-01 -1.552779209439887273e-02 9.998631300317245563e-01 -5.710420960919844469e-03 -5.864394586211385541e-02 2.993767633792655536e-01 1.009824922758108083e-02 9.540815378453723072e-01 2.361260853687941808e+00
9.427611535614579541e-01 1.601652802029727984e-02 -3.330838869936017521e-01 -8.166044933327925026e-01 -1.839882922294792944e-02 9.998227297254390633e-01 -3.999030530649821599e-03 -6.535258262816431851e-02 3.329607962911366181e-01 9.898483967564826458e-03 9.428887158629092324e-01 2.558384737059872904e+00
9.302162577203297866e-01 1.763949442594982264e-02 -3.665877238423128071e-01 -8.654297954653709102e-01 -2.063231410971074625e-02 9.997781102953139376e-01 -4.247096807151607388e-03 -6.025487909779456142e-02 3.664314714920868243e-01 1.151427132690840266e-02 9.303737964123711679e-01 2.715678587286360468e+00
9.166247624635338598e-01 1.982253573310523154e-02 -3.992569455959411040e-01 -1.027474957645538867e+00 -2.329243460753945005e-02 9.997213170970543628e-01 -3.840661411812151642e-03 -6.574428601455048482e-02 3.990695547589335757e-01 1.282011139459968661e-02 9.168310304899267571e-01 2.928168558751183870e+00
9.006103919529715451e-01 2.150282012486049582e-02 -4.340950895639794083e-01 -1.155212434037464320e+00 -2.530371583351860576e-02 9.996753726038245524e-01 -2.978494096397481077e-03 -5.647335557279167806e-02 4.338901318802029783e-01 1.366668124609281103e-02 9.008621310042231878e-01 3.143676435784286127e+00
8.821563676394791331e-01 1.749618686566957113e-02 -4.706315140646617490e-01 -1.279437327678364156e+00 -2.201388980103352253e-02 9.997492726892821535e-01 -4.096395803186153074e-03 -5.768765496446963403e-02 4.704418507148819817e-01 1.397409162289743080e-02 8.823203467342574102e-01 3.311743220353078776e+00
8.612979425256104271e-01 1.489549805203722876e-02 -5.078818496800346916e-01 -1.469193331439822892e+00 -1.937078606255357091e-02 9.998061469365261411e-01 -3.527213470519861317e-03 -7.367683918631511009e-02 5.077308644036612195e-01 1.287605201288354560e-02 8.614195154983321778e-01 3.527329878877087044e+00
8.364824025836703481e-01 1.632153514683007400e-02 -5.477506657178276006e-01 -1.593181395646336984e+00 -1.989650832473506201e-02 9.998018690873845538e-01 -5.929300302580774867e-04 -7.632853685365405261e-02 5.476324713198986727e-01 1.139430082034685945e-02 8.366414118896392527e-01 3.689818619303887992e+00
8.079514080082962346e-01 2.078844448879496598e-02 -5.888822939845285154e-01 -1.810680024862682425e+00 -2.352623401055326663e-02 9.997186782973235264e-01 3.013407362990354419e-03 -6.655927591150320732e-02 5.887792828484008645e-01 1.141949549686631545e-02 8.082131883782804893e-01 3.872199889033707709e+00
7.758798328353468943e-01 2.275720697581895199e-02 -6.304701316689841351e-01 -2.027264772713252228e+00 -2.597820875047172906e-02 9.996540465561754019e-01 4.113383807517869382e-03 -7.894304755306527643e-02 6.303456383820549291e-01 1.318699269597979964e-02 7.762026068929015477e-01 4.023505206936233591e+00
7.404144145910461772e-01 2.314434924135849378e-02 -6.717520563566392600e-01 -2.210521454444770217e+00 -2.624100605575319795e-02 9.996404153595753739e-01 5.518118647556957516e-03 -8.172551164123306733e-02 6.716382295144400771e-01 1.354175470476583730e-02 7.407555048910217099e-01 4.187704434326260383e+00
7.010384197641907900e-01 2.004439274462519599e-02 -7.128417403656590601e-01 -2.482236316687862043e+00 -2.219912778692288008e-02 9.997338450297983403e-01 6.279957852373654371e-03 -8.536698757962631057e-02 7.127779042640706164e-01 1.142197262002916242e-02 7.012968039408697951e-01 4.355754242066642412e+00
6.589221542396178632e-01 1.732959419976320276e-02 -7.520114821653082204e-01 -2.721534162160207160e+00 -1.787514022948637898e-02 9.998130078461227033e-01 7.377583404804894524e-03 -8.203101653197066023e-02 7.519987254562002787e-01 8.581056954480015958e-03 6.591087109491083895e-01 4.495303354478129343e+00
6.146476068704889162e-01 1.726710768795728518e-02 -7.886128041645467102e-01 -2.942362025976560602e+00 -1.589927975153782036e-02 9.998284683263982675e-01 9.499834519638710936e-03 -8.891764803047801091e-02 7.886415804036002175e-01 6.699324396170748541e-03 6.148167110211957276e-01 4.640549956436670342e+00
5.670790985613204382e-01 1.782234292263899789e-02 -8.234704898491275182e-01 -3.245693640830200177e+00 -1.336403024942910654e-02 9.998333569344178828e-01 1.243628074026930513e-02 -6.677209330589968517e-02 8.235549221171366563e-01 3.952528971553992063e-03 5.672227782491877646e-01 4.783733767149215055e+00
5.166840349203353222e-01 1.876663216940899215e-02 -8.559704482343891696e-01 -3.540952207205184887e+00 -1.261777406537736672e-02 9.998180769124757061e-01 1.430401608530503660e-02 -8.686456499407917142e-02 8.560831804746578122e-01 3.409784252839102858e-03 5.168268324933679159e-01 4.921764669800962722e+00
4.643425217062013277e-01 1.985673676937700291e-02 -8.854330682619199200e-01 -3.843154338905361733e+00 -1.125733613774931863e-02 9.998001954692473658e-01 1.651791567811322636e-02 -7.401168528747907593e-02 8.855841619573954215e-01 2.297646301720437240e-03 4.644732791719641818e-01 4.985415419321491015e+00
4.101588818535311098e-01 2.186656942420982935e-02 -9.117519014749012607e-01 -4.206059390595002334e+00 -9.537108990259860961e-03 9.997607053222874463e-01 1.968694125570655262e-02 -7.839834628468446420e-02 9.119642257542824870e-01 6.207026524762664782e-04 4.102692781544503009e-01 5.099899882590036349e+00
3.550572643902739078e-01 2.394795112151869299e-02 -9.345377568814232649e-01 -4.515877750992843609e+00 -1.013088693170434949e-02 9.997116951996570799e-01 2.176905191632774045e-02 -6.341490655601514370e-02 9.347896655344913874e-01 1.738435528664830643e-03 3.551975149762602868e-01 5.151092004292022963e+00
3.000273340276666811e-01 2.610923438808854247e-02 -9.535732224401418655e-01 -4.934847658278440186e+00 -8.504774202802630259e-03 9.996588502827161715e-01 2.469517913324204700e-02 -6.518735413984988458e-02 9.538926999402518314e-01 7.006953631382012437e-04 3.001470342724088525e-01 5.259013560066117421e+00
2.465262109641042920e-01 2.794448089692123244e-02 -9.687331504068822374e-01 -5.319339707158776243e+00 -3.984493808858895203e-03 9.996049788824615812e-01 2.782103515074138209e-02 -5.516419786349396892e-02 9.691279415232446626e-01 -2.998704005201201922e-03 2.465401738797767806e-01 5.303713090650703954e+00
1.958704756163826555e-01 2.867121046886773189e-02 -9.802105394020723672e-01 -5.668199262004580241e+00 -2.484159402730248128e-03 9.995837914893009879e-01 2.874148108296683060e-02 -5.659649415097642300e-02 9.806266374687643284e-01 -3.194609213771254334e-03 1.958601778946647831e-01 5.309038180447664068e+00
1.482239108526168525e-01 2.933229734179009299e-02 -9.885187258974480473e-01 -6.131626868409080444e+00 -4.001636220688404438e-03 9.995696537366288714e-01 2.906018289494702311e-02 -4.744755518561198648e-02 9.889457396064176287e-01 -3.517224696719233740e-04 1.482775018214816942e-01 5.361144213426456417e+00
1.057694281702884487e-01 2.996106218956455167e-02 -9.939392061674688916e-01 -6.500493347849380044e+00 -4.892695601277126036e-03 9.995495673274803483e-01 2.960952515585927106e-02 -3.804078256104938272e-02 9.943786535146428296e-01 1.731258606688658788e-03 1.058683779202942848e-01 5.330126414985556060e+00
6.730614930640589633e-02 2.889335474155490385e-02 -9.973139119638924077e-01 -6.991122178921756358e+00 -6.226401189676570788e-03 9.995732988870468239e-01 2.853860680527836244e-02 -3.593848113369166319e-02 9.977129503687431900e-01 4.288851991379962272e-03 6.745733271927678576e-02 5.358136761961680428e+00
3.273640381679186057e-02 2.759592440679261433e-02 -9.990829672705475728e-01 -7.446258394315623974e+00 -5.827825566247002431e-03 9.996070281322562145e-01 2.741944120368722260e-02 -2.376536855470788578e-02 9.994470378978732583e-01 4.924866562659424227e-03 3.288436497044981699e-02 5.351606982046740235e+00
8.747728054040611583e-04 2.490858843043218529e-02 -9.996893415905351299e-01 -7.907427020609251400e+00 -5.322368111595272150e-03 9.996756892198227495e-01 2.490358969120909371e-02 -3.243955436069888287e-02 9.999854621355782625e-01 5.298928901224965807e-03 1.007063190046786566e-03 5.331369037505268693e+00
-2.597965646655411159e-02 2.343860410465670174e-02 -9.993876485287609412e-01 -8.416890567556222891e+00 -5.173466794859605047e-03 9.997085524189309735e-01 2.358061621997239315e-02 -1.537634847616932421e-02 9.996490934472023193e-01 5.782914343202326043e-03 -2.585082451297806075e-02 5.288466161198572379e+00
-4.686768948958454362e-02 2.181257222992295797e-02 -9.986629131865871756e-01 -8.914929249710597858e+00 -5.987183507866322002e-03 9.997374610204594614e-01 2.211702213322542382e-02 6.106476350175027434e-04 9.988831716757992085e-01 7.015751084584454650e-03 -4.672478761733520058e-02 5.255387006816912177e+00
-6.292754517162661709e-02 2.061915244057883900e-02 -9.978050698727537471e-01 -9.464171447923812153e+00 -6.425035431582846665e-03 9.997574693081007213e-01 2.106469762154327546e-02 5.638177235538222032e-05 9.979974250026575344e-01 7.736481883886281788e-03 -6.277980312280907749e-02 5.183811225492654273e+00
-7.649059599492176453e-02 2.074256417417989079e-02 -9.968545117822031898e-01 -1.000982011592354048e+01 -4.043088778546885184e-03 9.997689113438871233e-01 2.111343985099333256e-02 1.903238913560202639e-02 9.970621141522477693e-01 5.645350116163174933e-03 -7.638905445578868247e-02 5.135872819931501354e+00
-8.585019241384793387e-02 2.126213645993928550e-02 -9.960811457709873862e-01 -1.055410284295169099e+01 -5.537710743898794502e-03 9.997466296008581388e-01 2.181766171708413374e-02 2.342486031269297442e-02 9.962926756375698467e-01 7.389058964541698679e-03 -8.571069555436133802e-02 5.064530923650112371e+00
-9.338218466010578256e-02 2.231250792615342357e-02 -9.953802803742217709e-01 -1.109917560090908140e+01 -8.656363479919713597e-03 9.996928726089360229e-01 2.322127973855830224e-02 3.957624975775606013e-02 9.955927140416825916e-01 1.078482661753028295e-02 -9.316035785533952063e-02 5.029193764119520793e+00
-9.765638884616711923e-02 2.318113126553269024e-02 -9.949501735621841814e-01 -1.172003307634028424e+01 -7.901367992408285176e-03 9.996791262205286799e-01 2.406684414873676292e-02 3.603391469658576846e-02 9.951888340344448025e-01 1.021174781813683624e-02 -9.744188942415300814e-02 4.936690482938861813e+00
-9.938818427937327893e-02 2.408873874532609441e-02 -9.947571082938179154e-01 -1.231607744235156154e+01 -7.209580586380085268e-03 9.996632550036071985e-01 2.492786685445633199e-02 3.854104899198036727e-02 9.950226269062971696e-01 9.649316227492139506e-03 -9.918104470368432901e-02 4.878892482150958720e+00
-9.823779533060360281e-02 2.616313665410803513e-02 -9.948189829586855382e-01 -1.294957429186282916e+01 -5.854083360626370289e-03 9.996218611300083934e-01 2.686753538353585380e-02 5.894086030964192785e-02 9.951457594549705243e-01 8.463159951174571011e-03 -9.804748521955548857e-02 4.837256791592198901e+00
-9.695288302124115132e-02 2.753443796975353977e-02 -9.949080239904264378e-01 -1.355877263760409868e+01 -4.925835464912379363e-03 9.995917401606229102e-01 2.814407830333937044e-02 7.740428191884657361e-02 9.952767916042918328e-01 7.629402005653886619e-03 -9.677766954217478790e-02 4.757357362649706545e+00
-9.495395551017341007e-02 2.721443198327311297e-02 -9.951095939724338146e-01 -1.424446430863754998e+01 -5.984534887445446677e-03 9.995925792102060559e-01 2.790807997994341344e-02 8.560134384699656651e-02 9.954636854080397557e-01 8.605249920828781859e-03 -9.475240217727526337e-02 4.682550232174716776e+00
-9.324830455695065634e-02 2.601134320183648083e-02 -9.953030426479280157e-01 -1.489950629587674591e+01 -9.898005575346396911e-03 9.995850618182062775e-01 2.705057636791963899e-02 8.514007434257750417e-02 9.955936924651261899e-01 1.237393473813563904e-02 -9.295215045552367161e-02 4.613479995569287340e+00
-9.204647091262860292e-02 2.524485882604407538e-02 -9.954346423905932051e-01 -1.560168783136084691e+01 -9.587335038967418482e-03 9.996097682242793825e-01 2.623726898392906084e-02 8.977759058807906201e-02 9.957085655426877180e-01 1.195861272809261092e-02 -9.176851913568286057e-02 4.549605078764689559e+00
-9.040773062624773981e-02 2.741864220909496011e-02 -9.955273191995612780e-01 -1.631379671879350823e+01 -8.198102944432166667e-03 9.995665810280646157e-01 2.827439127670162630e-02 1.055835765652472918e-01 9.958711014232629610e-01 1.071765826944353836e-02 -9.014376394905805612e-02 4.468063860962130818e+00
-8.905695927642645615e-02 3.067252088449507960e-02 -9.955541358630757287e-01 -1.700509306301869827e+01 -1.101259357332673959e-02 9.994343063790138704e-01 3.177719340006791848e-02 1.266971450472652028e-01 9.959656610986953318e-01 1.379361259526828629e-02 -8.866879491605901553e-02 4.427545877195495194e+00
-8.678335982806416327e-02 3.262108949635877247e-02 -9.956929727258869711e-01 -1.775578473634943677e+01 -9.376470391864890827e-03 9.993927350902958029e-01 3.355954189098081519e-02 1.367876944494196279e-01 9.961830893789489494e-01 1.224849475994635971e-02 -8.642478725825079866e-02 4.341576015543794576e+00
-8.533006262478315396e-02 3.244139288097908080e-02 -9.958244420541583208e-01 -1.848260148941522729e+01 -1.038534919007144675e-02 9.993865220372705194e-01 3.344733314820539510e-02 1.635521111825071205e-01 9.962986210174868962e-01 1.319604688568421294e-02 -8.494079791763091414e-02 4.260188645243647265e+00
-8.369092362879090863e-02 3.131944487859282533e-02 -9.959994501095409403e-01 -1.923219182453431841e+01 -1.332423952455153750e-02 9.993814398812915778e-01 3.254538785732667000e-02 1.415816059408442906e-01 9.964026852892512442e-01 1.599468812622503386e-02 -8.322184657509913708e-02 4.204980096708611725e+00
-8.197183256378770544e-02 3.040212355071231567e-02 -9.961708249518888003e-01 -1.999463337763532778e+01 -1.297336072647266303e-02 9.994173835113114857e-01 3.156874175274626548e-02 1.638981978598801903e-01 9.965502134306020166e-01 1.551143038339311206e-02 -8.152965530598292598e-02 4.139097465675892984e+00
-8.083919352963897520e-02 3.115747275906583999e-02 -9.962400411608622885e-01 -2.079430376956873161e+01 -1.328182387703085235e-02 9.993888759112976583e-01 3.233369555489783859e-02 2.027085041762760054e-01 9.966386683530081836e-01 1.584571395366991126e-02 -8.037596128449542299e-02 4.071383019659307045e+00
-7.955933864353026408e-02 3.263018388066899617e-02 -9.962959227367866877e-01 -2.155347507366103699e+01 -1.110928053137716885e-02 9.993730072426367794e-01 3.361809459873874723e-02 1.976862304485948463e-01 9.967682342628743086e-01 1.374276356530353127e-02 -7.914695624638577731e-02 4.001456559545654379e+00
-7.832683777937730907e-02 3.453842253337015972e-02 -9.963292562082614046e-01 -2.239197178061530025e+01 -8.021161473240483869e-03 9.993455039900847048e-01 3.527356828462181043e-02 2.308399260321855606e-01 9.968954733417783043e-01 1.075458417106655608e-02 -7.799853351029527315e-02 3.924754340899553995e+00
-7.743439318962425100e-02 3.153809676257533778e-02 -9.964984927843558715e-01 -2.319209904074001471e+01 -8.896564369882948090e-03 9.994378973648097020e-01 3.232244504541432334e-02 2.341656576483723273e-01 9.969577640060531820e-01 1.136828117722676022e-02 -7.711028500330384394e-02 3.864960449222605288e+00
-7.714447888161563016e-02 2.512793260861566347e-02 -9.967032152509951448e-01 -2.398239618357821712e+01 -8.821499060327121777e-03 9.996260195894446365e-01 2.588439914540311554e-02 2.433684633651896356e-01 9.969809064625957395e-01 1.078925423233511108e-02 -7.689396092239077218e-02 3.794765387162574832e+00
-7.756192020969332468e-02 2.050946802730113303e-02 -9.967765512709226838e-01 -2.478431846880290479e+01 -8.165761808374799938e-03 9.997417821792793369e-01 2.120587904092719606e-02 2.346287056181808328e-01 9.969541043526811697e-01 9.784207858431290955e-03 -7.737441550786633426e-02 3.737307750600494582e+00
-7.788376338342954674e-02 2.048844133562065933e-02 -9.967518879255327091e-01 -2.561001907260138566e+01 -1.052447803056341495e-02 9.997162020121683756e-01 2.137172917453465659e-02 2.445617480254193565e-01 9.969069024139740609e-01 1.215480333282173593e-02 -7.764602857656976997e-02 3.673403223640517634e+00
-7.787541541137564527e-02 2.744377753563032041e-02 -9.965852907126389049e-01 -2.646015544891711357e+01 -1.191081249597564055e-02 9.995240969426643085e-01 2.845544211424407000e-02 2.881762327586063210e-01 9.968919547960202188e-01 1.408611921043538551e-02 -7.751147517345768900e-02 3.615867882166660774e+00
-7.762881463718797337e-02 3.252182621287886405e-02 -9.964517453831243099e-01 -2.731957921234139874e+01 -1.240831429201572078e-02 9.993588896599331362e-01 3.358337982217181328e-02 3.210793409480108274e-01 9.969051199544843866e-01 1.497132370630097076e-02 -7.717550355885108293e-02 3.526568045655497752e+00
-7.812275459174666814e-02 3.760106040174143738e-02 -9.962343993247935181e-01 -2.814386072111311066e+01 -1.162818162166053861e-02 9.991861422195490450e-01 3.862432638538653568e-02 3.385047162970760137e-01 9.968759390835809642e-01 1.460183260331910510e-02 -7.762194041859107885e-02 3.471856929996937069e+00
-7.845946623102688366e-02 3.903430643038836856e-02 -9.961528085637900709e-01 -2.901696527684647720e+01 -1.330709258566319456e-02 9.991031183367304891e-01 4.019801262158349819e-02 3.377281430203764589e-01 9.968284961623673501e-01 1.640981158128325401e-02 -7.786966284290097740e-02 3.388951828543512512e+00
-7.905330084548074787e-02 3.697625088562463830e-02 -9.961843782279915516e-01 -2.981778648677169841e+01 -1.298141061932948925e-02 9.991889244341981557e-01 3.811792583117154520e-02 3.254518916069661927e-01 9.967858726520731905e-01 1.594522563638619064e-02 -7.850917734717012542e-02 3.323585195374984647e+00
-7.957143868115440499e-02 3.464772521856249871e-02 -9.962268337145049335e-01 -3.068299674940577049e+01 -1.408857980850631089e-02 9.992568500683669530e-01 3.587839904459946827e-02 3.327298389305820003e-01 9.967296099640781115e-01 1.689031640586198535e-02 -7.902416652866917079e-02 3.258905984627717523e+00
-7.980567743739001851e-02 3.582954710214123623e-02 -9.961662915070063073e-01 -3.151816610054920531e+01 -1.390892482239159886e-02 9.992164816867669108e-01 3.705353616000037209e-02 3.677288503235228712e-01 9.967134056351104610e-01 1.681268393450617571e-02 -7.924479634913138282e-02 3.170200757710596839e+00
-7.960671441933948878e-02 3.643100256023516087e-02 -9.961603967249418323e-01 -3.237031779154794719e+01 -1.527350717215854130e-02 9.991700452911348451e-01 3.776162840574862761e-02 4.141644898397597307e-01 9.967093399339292947e-01 1.822094146563135730e-02 -7.898421387161522200e-02 3.091223518708064333e+00
-7.954017598016915880e-02 3.548694773772829297e-02 -9.961997891364194890e-01 -3.318725683651271652e+01 -1.443429265376979659e-02 9.992203495116981360e-01 3.674703151011469299e-02 4.137069282372422552e-01 9.967271587122078502e-01 1.730230397641598777e-02 -7.896593205271928984e-02 3.024467470000060665e+00
-7.899625303391311082e-02 3.119548835270738799e-02 -9.963866801783113347e-01 -3.399938705340282752e+01 -1.682982527985644322e-02 9.993260595283116610e-01 3.262182926628504759e-02 4.152316859046437103e-01 9.967328460030855375e-01 1.934601536480419146e-02 -7.841799824252800033e-02 2.955034547814304080e+00
-7.890837912013137778e-02 2.824381614254826631e-02 -9.964816794477648898e-01 -3.485314856793132776e+01 -1.720336682705619208e-02 9.994111265366945052e-01 2.968912837431912644e-02 4.158222835002275408e-01 9.967334293521914468e-01 1.948556021592540849e-02 -7.837602193933693173e-02 2.868814226560509884e+00
-7.833397977557447767e-02 2.873439297150297625e-02 -9.965129729169682760e-01 -3.566837349024772408e+01 -1.744339319766088914e-02 9.993920034105917560e-01 3.018860003349825571e-02 4.183952123095890929e-01 9.967745647640987583e-01 1.974736015003453540e-02 -7.778512626746039715e-02 2.801876377981708632e+00
-7.780666961829903194e-02 2.993593719119749114e-02 -9.965189133905140162e-01 -3.651445372847067716e+01 -1.727683486771354124e-02 9.993585054122993139e-01 3.137018736032486793e-02 4.422267718987664686e-01 9.968187650997490934e-01 1.965750186363573668e-02 -7.723955741654237039e-02 2.741959711602474314e+00
-7.779420597193260900e-02 3.421145290028573815e-02 -9.963822664666560636e-01 -3.733095988061599968e+01 -1.663074988153977196e-02 9.992274594974276392e-01 3.560761656893932092e-02 4.615833435569721144e-01 9.968307263477390601e-01 1.934064986222107374e-02 -7.716514327944666574e-02 2.672016315122739183e+00
-7.682419484361148465e-02 3.906027844905032853e-02 -9.962792382944852809e-01 -3.815396476185702568e+01 -1.510443633995338028e-02 9.990720618215631621e-01 4.033449263290358328e-02 4.836238965612394969e-01 9.969302465100744470e-01 1.814690058267354189e-02 -7.616292184907504093e-02 2.614792224702842116e+00
-7.635294204440667976e-02 4.353963292313652034e-02 -9.961297664117966244e-01 -3.899940586541646326e+01 -1.198235437911316682e-02 9.989339265811854052e-01 4.458064045701214118e-02 4.726180097964342575e-01 9.970088609152020220e-01 1.533984222686017584e-02 -7.574983548867209038e-02 2.525431980682642408e+00
-7.635557448438989869e-02 4.401166642235681409e-02 -9.961088205562570463e-01 -3.978932528844676852e+01 -1.184260454105428954e-02 9.989148324581887950e-01 4.504342578977139910e-02 4.829632971021499688e-01 9.970103290746845648e-01 1.523583879435029542e-02 -7.575150173009301269e-02 2.461459856890188647e+00
-7.623552415915285652e-02 4.027373340781569000e-02 -9.962761435340029559e-01 -4.063226735131432577e+01 -1.238203302774634577e-02 9.990686551726071229e-01 4.133409620064561196e-02 5.069584009541050484e-01 9.970129625200653267e-01 1.548704990815652667e-02 -7.566585049855753531e-02 2.411359780292594568e+00
-7.650336259273821105e-02 3.592471117723368412e-02 -9.964219154338151974e-01 -4.149504646148499631e+01 -1.895385071805941526e-02 9.991177184191306626e-01 3.747714370231453040e-02 5.345809706717532528e-01 9.968891635337594481e-01 2.175315911636818353e-02 -7.575495207105506501e-02 2.326963593083051229e+00
-7.601138906486411273e-02 3.313074953312791088e-02 -9.965563732579322265e-01 -4.233364621932634719e+01 -2.115268006233927273e-02 9.991693371939907031e-01 3.483101722227706365e-02 5.386178283465967720e-01 9.968825658894419073e-01 2.372739151471672109e-02 -7.524744368518127002e-02 2.244200224470608962e+00
-7.659079251841260927e-02 3.177021168173047722e-02 -9.965563140462191383e-01 -4.311963691284022104e+01 -2.327603136308559889e-02 9.991628640850113152e-01 3.364219710845511857e-02 5.527173008455422698e-01 9.967908979216129062e-01 2.577255796480984462e-02 -7.578718977127296696e-02 2.176351428860092696e+00
-7.678774865185143683e-02 2.913031131507858029e-02 -9.966218187117746874e-01 -4.397113398312900756e+01 -2.501807750782170103e-02 9.992020877050211691e-01 3.113332231765452221e-02 5.577483993013609975e-01 9.967335425115610992e-01 2.732421905692821590e-02 -7.599769297676317592e-02 2.108712004879559121e+00
-7.773926516112744656e-02 2.579746540807860422e-02 -9.966398950195078932e-01 -4.477015904027103943e+01 -2.052314950392900711e-02 9.994119254415838594e-01 2.747005000829521801e-02 5.867378980301143354e-01 9.967624713543898896e-01 2.258969044917984864e-02 -7.716410203753050479e-02 2.047191732099111761e+00
-7.900139733265476583e-02 2.462136439099454552e-02 -9.965703941784859188e-01 -4.562070090574124492e+01 -1.803526521019412771e-02 9.994960226927961378e-01 2.612335839150392927e-02 5.750455875537888728e-01 9.967113552787351116e-01 2.003719253368235059e-02 -7.851752818431782799e-02 1.974059207028657559e+00
-8.012180215307110331e-02 2.746056024220137198e-02 -9.964067429398700826e-01 -4.641341373446002905e+01 -1.592135587725168611e-02 9.994576710442323320e-01 2.882488915904666757e-02 5.938921981672196093e-01 9.966579275555702555e-01 1.817364775826209311e-02 -7.964113902702711634e-02 1.900718579404615083e+00
-8.159005648352410378e-02 3.360621326539883075e-02 -9.960992260061017900e-01 -4.724906992951414963e+01 -1.061106228296157701e-02 9.993454315138269317e-01 3.458487923104661826e-02 5.930537937017746897e-01 9.966094949138404324e-01 1.339145246816329272e-02 -8.118005118030867384e-02 1.838231348387623587e+00
-8.388618035838010800e-02 3.633484694735587828e-02 -9.958126684230423908e-01 -4.808951495743486504e+01 -1.122906388465853313e-02 9.992370691636780489e-01 3.740571793095619907e-02 6.258520356003713925e-01 9.964120805057679053e-01 1.431986616975448531e-02 -8.341417328577026280e-02 1.750696044075090274e+00
-8.554206349085478889e-02 3.601540213616963304e-02 -9.956833980434049991e-01 -4.888964037546006125e+01 -1.139932010083453094e-02 9.992456623229414303e-01 3.712360207593477096e-02 6.324283639895713627e-01 9.962693552353578674e-01 1.452574259968452894e-02 -8.506698339086020411e-02 1.697085076339192256e+00
-8.689006253295009086e-02 3.270412454658833123e-02 -9.956809429882184093e-01 -4.968478687372896729e+01 -1.082388299145506556e-02 9.993710210725814669e-01 3.376989487999372541e-02 6.202364224592562536e-01 9.961591127395963419e-01 1.371140159719681957e-02 -8.648142349651137539e-02 1.618195980737283879e+00
-8.754858359918678279e-02 2.944842891878880070e-02 -9.957248708870962695e-01 -5.047538898333787216e+01 -1.354838908518321561e-02 9.994352984038442633e-01 3.074939785461379763e-02 6.440278900709641707e-01 9.960681221509400940e-01 1.618253352204191906e-02 -8.710016460128544580e-02 1.505110823766431460e+00
-8.888130288397211309e-02 2.788005074566389865e-02 -9.956519470838112174e-01 -5.126905233213131652e+01 -1.607387107486223099e-02 9.994378606812539534e-01 2.942096739685741077e-02 6.308748058201502085e-01 9.959125272661495387e-01 1.861895429174365013e-02 -8.838319746816732103e-02 1.436115303310790514e+00
-9.030610734704555553e-02 2.968599744197528839e-02 -9.954715121506565456e-01 -5.205272988923460531e+01 -1.664078385723389425e-02 9.993711272835648085e-01 3.131188722019215970e-02 6.253142675920373428e-01 9.957750291030482703e-01 1.939308026893277540e-02 -8.975531663358905787e-02 1.351455883712834538e+00
-9.115900195165139996e-02 2.992655058766113124e-02 -9.953865685797896878e-01 -5.282797437768243753e+01 -1.718908584615552737e-02 9.993521463223882240e-01 3.161997764381867249e-02 6.509926647171030423e-01 9.956879978115749097e-01 1.999223013733049045e-02 -9.058553281061020035e-02 1.266449375494024254e+00
-9.228541444834503782e-02 2.945115729000408189e-02 -9.952969479482415283e-01 -5.362665243958531391e+01 -2.046658027811698588e-02 9.992952201908082976e-01 3.146715780223883346e-02 6.733951663755117778e-01 9.955222441832418667e-01 2.327428397195107149e-02 -9.161760767789145499e-02 1.194114605558053377e+00
-9.323462228983631084e-02 2.978461552471551102e-02 -9.951985555003319828e-01 -5.442699722792008288e+01 -2.004907210269533252e-02 9.992936101920527614e-01 3.178545832028274731e-02 6.768517410467800310e-01 9.954422922523379347e-01 2.291631218008779655e-02 -9.257160700004278542e-02 1.117184561640512941e+00
-9.355049761957043297e-02 3.139121140642641555e-02 -9.951195301218774825e-01 -5.518589657969488371e+01 -1.984140098164458368e-02 9.992455408778311288e-01 3.338664200766295470e-02 6.804010862766538548e-01 9.954168174649377088e-01 2.286790197751529044e-02 -9.285707058168907180e-02 1.051253321451479650e+00
-9.339525717362770485e-02 3.414624348485298388e-02 -9.950433874880718621e-01 -5.597724913682866088e+01 -1.942580719731101802e-02 9.991589707933009601e-01 3.611078947385620852e-02 6.903735906560070079e-01 9.954395919604873688e-01 2.270209684648419324e-02 -9.265338929310736049e-02 9.597233367652892033e-01
-9.335780794198787758e-02 3.802992055353381778e-02 -9.949060397008434586e-01 -5.673323994064337938e+01 -1.837304925370122216e-02 9.990342745654412493e-01 3.991176915737641717e-02 7.308860669228063323e-01 9.954630922581306773e-01 2.200553231920327965e-02 -9.256892292948533385e-02 8.920853950640782459e-01
-9.412336184396108418e-02 4.014076393970526097e-02 -9.947509712615001387e-01 -5.752227477166905345e+01 -1.828217175069597744e-02 9.989486472538056105e-01 4.204000899405931774e-02 7.324662964426601475e-01 9.953926723864487958e-01 2.214315445351595218e-02 -9.329054324899027639e-02 8.209103013787157899e-01
-9.431356650933102326e-02 3.991615037784389253e-02 -9.947419942437945029e-01 -5.828668680253329626e+01 -1.838856531752236512e-02 9.989555654429081999e-01 4.182868569520897806e-02 7.486400868626603700e-01 9.953727086507996313e-01 2.223689003587627638e-02 -9.348106002340632326e-02 7.385041321000681558e-01
-9.466003854789172001e-02 3.861394909815026727e-02 -9.947604852617438764e-01 -5.904126015042800191e+01 -1.692467650718076227e-02 9.990406163757052926e-01 4.039061977674026499e-02 7.389560001264064981e-01 9.953657868924881136e-01 2.065937639702635636e-02 -9.391569326044729715e-02 6.379787317040170880e-01
-9.560533218669253763e-02 3.635567174119105904e-02 -9.947551802291934031e-01 -5.975589971885895579e+01 -1.757380473650043545e-02 9.991154153750404499e-01 3.820403329041159590e-02 7.513397359060229874e-01 9.952641855966763984e-01 2.113414195452974209e-02 -9.488185230445145280e-02 5.845443524485182119e-01
-9.512231092538470101e-02 3.304044032462037650e-02 -9.949171112533919947e-01 -6.045725479503155242e+01 -1.589866921191768895e-02 9.992711293586015175e-01 3.470507686182729840e-02 7.510867937381856541e-01 9.953386336166447634e-01 1.911908450371099799e-02 -9.452767863518145297e-02 4.988403349533995779e-01
-9.370591186011727192e-02 3.153592016787051810e-02 -9.951003320323607015e-01 -6.116127068681583268e+01 -1.637788984573709111e-02 9.993141379620369413e-01 3.321172094264630836e-02 7.615096959002356503e-01 9.954652098880585331e-01 1.940977756900125195e-02 -9.312514930662624257e-02 4.213180373670802892e-01
-9.127539592312257366e-02 3.061111465347435973e-02 -9.953550847490895137e-01 -6.187842717354909894e+01 -1.790307612353831887e-02 9.993154467792833007e-01 3.237464613075908410e-02 7.594027672977550214e-01 9.956647524438130281e-01 2.077492585856705043e-02 -9.066487854179629269e-02 3.514819908845036034e-01
-8.737864393169177124e-02 3.073126475783235709e-02 -9.957010318919008451e-01 -6.256825795320418848e+01 -1.891398935949312188e-02 9.992926926324765535e-01 3.250193037834249454e-02 7.770365014851779994e-01 9.959956078677759672e-01 2.167265269440317096e-02 -8.673558815883974926e-02 2.800958367107540536e-01
-8.177446102459955124e-02 3.261921205673114915e-02 -9.961169145565947902e-01 -6.321853578189890044e+01 -1.854661112320689365e-02 9.992413954602350490e-01 3.424407733820949984e-02 7.666758204607689864e-01 9.964782877962240493e-01 2.127488337946273345e-02 -8.110744930561025745e-02 2.131296955601657550e-01
-7.468400331083739629e-02 3.354493619566124157e-02 -9.966428747617173123e-01 -6.384555459603669192e+01 -1.947587175727126529e-02 9.991943579385930141e-01 3.509024796742032937e-02 7.973714369911748534e-01 9.970170547120952298e-01 2.203116838139685535e-02 -7.397051645978856838e-02 1.778037411658499600e-01
-6.591043204283729418e-02 3.513834539202528168e-02 -9.972066458395923982e-01 -6.448424209332118551e+01 -2.059358576151412018e-02 9.991189962947504277e-01 3.656686326360372719e-02 7.935108678061025822e-01 9.976130194117008854e-01 2.294619771436889541e-02 -6.512873877655649124e-02 1.062704776701647591e-01
-5.375258573592687356e-02 3.616464471424907928e-02 -9.978991736809126323e-01 -6.514148161831359118e+01 -2.228942604540815053e-02 9.990514975685579335e-01 3.740704099412144046e-02 8.284143438555946481e-01 9.983054934970944094e-01 2.425332439522032840e-02 -5.289551070083185758e-02 7.356054994097030453e-02
-3.910941337073763763e-02 3.739712944583981069e-02 -9.985348723428936202e-01 -6.571437786245206780e+01 -2.426951733909460049e-02 9.989690675844491441e-01 3.836394875835685836e-02 8.261896717818245639e-01 9.989401692035700941e-01 2.573435032366294326e-02 -3.816148252337424329e-02 4.560589238048423644e-02
-2.087631498970958857e-02 3.971689628371794650e-02 -9.989928580166833605e-01 -6.630621670347572660e+01 -2.736360426308110522e-02 9.988136093635481272e-01 4.028159559434869863e-02 8.219088863895627206e-01 9.994075394748982433e-01 2.817697591988704842e-02 -1.976474868817381519e-02 4.468941394970227243e-02
8.836814692584080491e-04 4.074844420555261831e-02 -9.991690378056712341e-01 -6.686170678810876211e+01 -2.852995886312873625e-02 9.987637396149542379e-01 4.070668141160704856e-02 8.350483139316496883e-01 9.995925559218911127e-01 2.847027921892798102e-02 2.045141850496194624e-03 5.823825059138540428e-02
2.655776343089683023e-02 4.125337690263239376e-02 -9.987956882055571972e-01 -6.739771090987028401e+01 -2.935731249987728192e-02 9.987493469271112589e-01 4.047085681678701252e-02 8.388805111685266880e-01 9.992161180916925289e-01 2.824714110929180122e-02 2.773563856404123729e-02 7.797003349970398067e-02
5.523922967694368247e-02 4.120132302790634887e-02 -9.976227048168172518e-01 -6.793386533650954107e+01 -2.894202427053094509e-02 9.987945039173116157e-01 3.964717154604333743e-02 8.391828209787705051e-01 9.980536077304384968e-01 2.668314071259558773e-02 5.636509009562959416e-02 1.509932495331819391e-01
8.926366852483869074e-02 4.071236316351101170e-02 -9.951756044449995287e-01 -6.842423918813526029e+01 -2.656578043377020443e-02 9.989060945634251620e-01 3.848212033782633101e-02 8.370286207555452940e-01 9.956536917157150501e-01 2.300256072397281748e-02 9.024757961277438123e-02 1.993222639205480262e-01
1.269467240504857375e-01 4.064960353432028189e-02 -9.910762441845301085e-01 -6.890635914460141009e+01 -2.757926637768472536e-02 9.989182816158741485e-01 3.743862650545917714e-02 8.632758339997141928e-01 9.915260612605248935e-01 2.258044410437393817e-02 1.279304910829359987e-01 2.847542389036570309e-01
1.670061974266761895e-01 4.066762489910697581e-02 -9.851167734102360685e-01 -6.936044038073130480e+01 -2.737479726786057332e-02 9.989550551274177792e-01 3.659806477400413816e-02 8.530312275839947445e-01 9.855757541028693502e-01 2.085526766485474442e-02 1.679449545293348334e-01 4.185310060429473511e-01
2.122546919776647500e-01 4.102163061900575974e-02 -9.763529867505644777e-01 -6.980356535071817348e+01 -2.725166612992221959e-02 9.989784277070657970e-01 3.604785298145232741e-02 8.725649398100354670e-01 9.768343301948169133e-01 1.895591901313528616e-02 2.131557676202505136e-01 5.347426696268146040e-01
2.591890922822394638e-01 3.968869065901635407e-02 -9.650107801347230785e-01 -7.023589852596771266e+01 -2.453796608361025200e-02 9.991034078932476969e-01 3.450026938234986018e-02 8.851656353762775709e-01 9.655148463076003162e-01 1.473730758057981149e-02 2.599305864908272867e-01 7.050616009370188619e-01
3.098874866041946285e-01 3.601653249834702725e-02 -9.500908056421710768e-01 -7.066532799926234532e+01 -1.662469675200606289e-02 9.993347340206217844e-01 3.246088189740599372e-02 8.692670529930642820e-01 9.506278874128981649e-01 5.735749646895627399e-03 3.102800942701598452e-01 8.903782835618575531e-01
3.597463578726723954e-01 3.093897063981539824e-02 -9.325370354802003936e-01 -7.101699920394857202e+01 -1.091458560308835972e-02 9.995212474610601916e-01 2.895078067891111370e-02 8.499298459448467735e-01 9.329863045139960009e-01 -2.366834248472195895e-04 3.599118157469272106e-01 1.095596105525060926e+00
