1.000000000000000000e+00 0.000000000000000000e+00 8.809142651444723526e-20 0.000000000000000000e+00 0.000000000000000000e+00 1.000000000000000000e+00 -8.673617379884035472e-19 1.387778780781445676e-17 -2.032879073410320814e-20 0.000000000000000000e+00 1.000000000000000222e+00 0.000000000000000000e+00
9.998997286699091713e-01 3.827452187615421747e-04 1.415578071448265855e-02 -8.616298980360551085e-02 -3.779867470789771006e-04 9.999998711622953840e-01 -3.388247081231787403e-04 -1.333861546289366595e-02 -1.415590881967797830e-02 3.334400521183130892e-04 9.998997444977936189e-01 3.198885213419877527e-03
9.996103502839864818e-01 1.717094021724725056e-03 2.786035203842907385e-02 -7.308059579877958234e-02 -1.699983055823353281e-03 9.999983516068033929e-01 -6.378437011594524642e-04 -2.544646919821759445e-02 -2.786140183436216361e-02 5.902330691859355299e-04 9.996116215245739456e-01 -5.543278065308687719e-02
9.987267212262285199e-01 2.106597855468184122e-03 5.040335878622827920e-02 -1.518335320510183772e-01 -2.133447873746632459e-03 9.999976095228553241e-01 4.789077424698943639e-04 -4.290411111738462457e-02 -5.040223030451896485e-02 -5.858308581348451588e-04 9.987288280388750827e-01 -6.467216112451878995e-02
9.964850187270160031e-01 2.118253009153516983e-03 8.374437562358937048e-02 -2.670209931818024601e-02 -2.340147583234020862e-03 9.999940065218767549e-01 2.551594282613150674e-03 -2.970103001437375545e-02 -8.373847022887616343e-02 -2.738599623528343522e-03 9.964840032234753009e-01 9.411718087564263646e-02
9.924603578610857735e-01 -5.431289936433797427e-04 1.225648522083834652e-01 9.582507656338329349e-02 -2.812883571873259214e-06 9.999900804732120285e-01 4.454093190783917425e-03 -3.518855667688065847e-02 -1.225660576883384062e-01 -4.420855608784949112e-03 9.924505114250374849e-01 4.078440983966479805e-01
9.864349736214180764e-01 -3.366865936027148287e-03 1.641179661018942193e-01 1.709381096813172296e-01 2.532282248499508580e-03 9.999827792530049386e-01 5.294217417468934789e-03 -3.827282474568145798e-02 -1.641329676254434378e-01 -4.806808094853243403e-03 9.864265120997356417e-01 6.532172933016464622e-01
9.780862202443164621e-01 -3.501210122545448875e-03 2.081708116855928437e-01 2.578072896367735733e-01 2.247528630715297203e-03 9.999778890806017007e-01 6.258590830429116604e-03 -3.769599807711664086e-02 -2.081881250784243520e-01 -5.653571444621593479e-03 9.780724626376371411e-01 9.312489014615044081e-01
9.671423294025933703e-01 -3.735428884591837986e-03 2.542081046738642880e-01 3.163040358325467927e-01 1.388488291693773524e-03 9.999547500237753184e-01 9.411163574355809608e-03 -3.132196622536910502e-02 -2.542317608892116776e-01 -8.748969523803672849e-03 9.671037524793641982e-01 1.055579949546293417e+00
9.532123170985109528e-01 -7.413939166753640876e-03 3.022107060875967588e-01 4.783606382147213010e-01 2.605246311742918236e-03 9.998635610186124012e-01 1.631171444857943201e-02 2.068712673967118554e-03 -3.022904120455989219e-01 -1.476119364382604687e-02 9.531015764974107851e-01 1.354885459531919967e+00
9.367480827052625525e-01 -1.695607316383654015e-02 3.495933630704523010e-01 5.841322315040271551e-01 8.929178067109629774e-03 9.996584882573251729e-01 2.455965406624424641e-02 -2.666714246061387128e-02 -3.498904141621307917e-01 -1.988462730900344630e-02 9.365795755452256399e-01 1.546031248786095436e+00
9.161329214361908502e-01 -2.264826277194298756e-02 4.002343366474381270e-01 7.720459347704765607e-01 1.166307753190465313e-02 9.994859925506960341e-01 2.986173610126825403e-02 -4.091001968411084322e-02 -4.007049365790777973e-01 -2.268935524745280610e-02 9.159261701778448339e-01 1.748774138719756621e+00
8.919390958521736801e-01 -2.485666977828370275e-02 4.514718067970059923e-01 9.430256674708121789e-01 1.076088363390266360e-02 9.993719371388616324e-01 3.376291762734099505e-02 -3.609336295221260427e-02 -4.520274956190415971e-01 -2.525623043003521334e-02 8.916463811345030077e-01 1.980086102706319684e+00
8.642064955744304111e-01 -2.660160654259540597e-02 5.024335615926794896e-01 1.141240724386168193e+00 8.503610634196539023e-03 9.992309367113875185e-01 3.827824040980659648e-02 6.186970050559376100e-03 -5.030654297593090130e-01 -2.880780439035725282e-02 8.637680750902368976e-01 2.218149474690439771e+00
8.326389903968067774e-01 -3.200075946903063739e-02 5.528908196584688683e-01 1.366683391672512737e+00 9.808603272266711720e-03 9.990247240600964584e-01 4.305103919364749315e-02 5.845634365006346922e-03 -5.537292740537330671e-01 -3.042288683407408378e-02 8.321408196076114372e-01 2.485918362225699951e+00
7.970792452525082838e-01 -3.750428067404751320e-02 6.027089680370706359e-01 1.586191645171290743e+00 1.169717779382790576e-02 9.988411894266709945e-01 4.668462580751910063e-02 2.518414889014275460e-03 -6.037614262469965798e-01 -3.016135201745909905e-02 7.965942747953689285e-01 2.698641012305638576e+00
7.606673631034533978e-01 -4.236291551915432468e-02 6.477580872328355666e-01 1.801861403908640691e+00 1.318999945431996619e-02 9.986709507873186009e-01 4.982324670898276298e-02 8.002268809172569108e-03 -6.490078540574966137e-01 -2.935498849271662644e-02 7.602151646738006807e-01 2.851621394927725817e+00
7.209534230780332287e-01 -4.555034784149598892e-02 6.914848660925683177e-01 2.142296414006654270e+00 1.410113795424169751e-02 9.985950795490369236e-01 5.107861539534942763e-02 1.488345336650469253e-02 -6.928400455313743489e-01 -2.707457867188252376e-02 7.205828516447598808e-01 3.109594739870532809e+00
6.797015072369572142e-01 -4.744668816792876886e-02 7.319526380255101383e-01 2.414928591699923022e+00 1.306742551672440342e-02 9.985305703510380937e-01 5.259222762472710172e-02 2.854003267730988863e-02 -7.333724248146719082e-01 -2.618227930149982091e-02 6.793227387328444333e-01 3.314012826021063507e+00
6.377494452607322950e-01 -4.777698852434107690e-02 7.687606876904155007e-01 2.801913575487212871e+00 8.865227856629400924e-03 9.984635796422555165e-01 5.469815178754805496e-02 6.022672503533826882e-02 -7.701928743991803827e-01 -2.806847676950388962e-02 6.371931468476031979e-01 3.549063490605781190e+00
5.959486782985594644e-01 -4.848761400733783700e-02 8.015573053192818209e-01 3.130566062833865182e+00 5.822745274865225029e-03 9.984100610158777034e-01 5.606643959662396121e-02 8.024166520195417929e-02 -8.030014198706305617e-01 -2.874545600719843885e-02 5.952834861700356806e-01 3.764234351190401728e+00
5.548296610600751411e-01 -4.955953117835242699e-02 8.304865374115163457e-01 3.513217093550804027e+00 3.596877634721534073e-03 9.983577323818507709e-01 5.717430031354936437e-02 1.082056330016746837e-01 -8.319562021616044856e-01 -2.873483862475855952e-02 5.540967406851710075e-01 3.988664942019110260e+00
5.183762011986213780e-01 -5.253509000801973722e-02 8.535374428770596822e-01 3.924910271718410115e+00 3.137056088320453427e-03 9.982212811577210188e-01 5.953513813205677657e-02 1.149656640329980717e-01 -8.551469383661499668e-01 -2.818400329130931609e-02 5.176189600156033688e-01 4.150617276433875347e+00
4.809860351592227246e-01 -5.227187756398653240e-02 8.751685964207062129e-01 4.315296209601259037e+00 -3.744923923782467884e-04 9.982087139446491619e-01 5.982660875912179654e-02 1.345717070991668818e-01 -8.767281834401838836e-01 -2.910350669056772227e-02 4.801048749404093208e-01 4.330368781689860391e+00
4.454323904416429558e-01 -5.157948999150651498e-02 8.938285789310903562e-01 4.768270791738679293e+00 -1.281711012953223178e-03 9.983013821386201858e-01 5.824695353285824773e-02 1.648793398841160163e-01 -8.953146693766320663e-01 -2.709070900752636596e-02 4.446096597795756167e-01 4.552472240116505198e+00
4.120690253434773354e-01 -5.045755403459566829e-02 9.097544392947334302e-01 5.247923625145999971e+00 -4.410631299421128443e-04 9.984543134884579230e-01 5.557687738911373798e-02 1.756363338136499586e-01 -9.111525331785100823e-01 -2.330276811178472532e-02 4.114098395722241563e-01 4.722254800983169964e+00
3.817693424553720294e-01 -4.849535724053008479e-02 9.229844826735306151e-01 5.828577994402914797e+00 1.438018199530072261e-03 9.986524830047176504e-01 5.187629761267771589e-02 2.022813832095496922e-01 -9.242565209682740424e-01 -1.847751076030701434e-02 3.813246376948090099e-01 4.986125600990717111e+00
3.565612371839682604e-01 -4.678507419435438963e-02 9.330997944401727695e-01 6.336284534927872691e+00 2.384101513556644708e-03 9.987876966768841624e-01 4.916760102049137771e-02 2.292096357924130468e-01 -9.342689204828725780e-01 -1.530665519281536324e-02 3.562405158730521659e-01 5.155453736115678254e+00
3.360225185264476555e-01 -4.634997803426457730e-02 9.407127785467457315e-01 6.906739494389882772e+00 3.579163971760550289e-03 9.988440113146115351e-01 4.793569242990923518e-02 2.504389332682233071e-01 -9.418471598057214234e-01 -1.274050595621596497e-02 3.357999731530191823e-01 5.304680999021894827e+00
3.214342046886414228e-01 -4.680103064814969405e-02 9.457746563239620707e-01 7.507306302684318311e+00 4.397771563114350260e-03 9.988409035596977903e-01 4.793233712703087041e-02 2.759686518404145805e-01 -9.469217114505222854e-01 -1.124779089769751238e-02 3.212674503651812286e-01 5.471936953169866058e+00
3.086088180416275417e-01 -4.795423088632345260e-02 9.499794597626869397e-01 8.140144539431252824e+00 5.052299628275334215e-03 9.987969049940667032e-01 4.877721601154344500e-02 2.882209933311681294e-01 -9.511756345571114046e-01 -1.025349721712895054e-02 3.084798101280578075e-01 5.735632895131072218e+00
2.989967263902570394e-01 -5.021747476886884165e-02 9.529318693012210906e-01 8.754300059179037419e+00 4.293328654482112504e-03 9.986750381855715730e-01 5.128094569809571457e-02 3.310732697248960354e-01 -9.542444870712961658e-01 -1.124158430120940876e-02 2.988161659359932498e-01 5.917717400838991004e+00
2.876549415391488895e-01 -5.178618056236046485e-02 9.563330019808135019e-01 9.428605076464521062e+00 2.620392480309928149e-03 9.985758815535735744e-01 5.328547908079733775e-02 3.630599571227112743e-01 -9.577305385238700230e-01 -1.282186268333628323e-02 2.873809856118297867e-01 6.068856353410524207e+00
2.778770639747304982e-01 -5.354854957107901825e-02 9.591229715821913970e-01 1.012039131191036212e+01 2.088177566809342606e-03 9.984764109632590090e-01 5.514069478332606078e-02 3.967765979166575363e-01 -9.606143831864197846e-01 -1.331951441902051725e-02 2.775655110657130331e-01 6.306534544842189227e+00
2.678554384365073315e-01 -5.550780858134139739e-02 9.618587898661230540e-01 1.083144788336391784e+01 1.313297118243365348e-03 9.983590971934267477e-01 5.724847820990445341e-02 4.248321834363826266e-01 -9.634582273176477418e-01 -1.407110897587407657e-02 2.674888105965205765e-01 6.509068948834892510e+00
2.575117048590059854e-01 -5.700609745075751328e-02 9.645921474720507982e-01 1.155106148224809814e+01 6.019839547120328996e-04 9.982675065948712900e-01 5.883555767513060780e-02 4.478360739585209860e-01 -9.662750001900261010e-01 -1.457017488950454985e-02 2.570998829365526706e-01 6.693620043262408892e+00
2.472217068397908613e-01 -5.839534067123126893e-02 9.671977026462509341e-01 1.230029736087299064e+01 2.686821778173868053e-04 9.981864418143175932e-01 6.019763401943160203e-02 4.813114410653034358e-01 -9.689589114457948238e-01 -1.462229216268864061e-02 2.467890443253860921e-01 6.862898236505122540e+00
2.370552588374436609e-01 -6.139676072600555590e-02 9.695541377792334936e-01 1.304702233466980665e+01 -1.095824103456372392e-03 9.979834652328744005e-01 6.346496862764809677e-02 5.255455474212413769e-01 -9.714955584520613696e-01 -1.610716448486887095e-02 2.365099472614615728e-01 7.063253280194256689e+00
2.251829125435675649e-01 -6.477885597728619271e-02 9.721606552756508757e-01 1.383265769636185460e+01 -3.091245880019254794e-03 9.977348043342000317e-01 6.719899083310099108e-02 5.712076121236139281e-01 -9.743116117760178829e-01 -1.813725123450843357e-02 2.244725804566798100e-01 7.231986728022025801e+00
2.124962903590380814e-01 -6.888871488088718631e-02 9.747305552758387392e-01 1.460554029050967983e+01 -2.827836075101449603e-03 9.974643357497868790e-01 7.111189910253003232e-02 6.173127043144764903e-01 -9.771577900988303034e-01 -1.786739211646300174e-02 2.117626637580148907e-01 7.453489945400486150e+00
2.004733754381622934e-01 -7.116107920796124753e-02 9.771113090584948591e-01 1.540777390176495665e+01 -3.803812001446985058e-03 9.972944883104545299e-01 7.341140607327183154e-02 6.480274082025125892e-01 -9.796917748193901820e-01 -1.843377922440314967e-02 1.996603076460459758e-01 7.600354617199331031e+00
1.863396067406418166e-01 -7.185907649695037758e-02 9.798539726482254908e-01 1.621931567033295352e+01 -4.827361476924387634e-03 9.972426733168552326e-01 7.405232636237346622e-02 6.884725540482310446e-01 -9.824735439241196744e-01 -1.852898981857873523e-02 1.854789164651003130e-01 7.734319167212201585e+00
1.720494298843705527e-01 -7.100811972579527953e-02 9.825257371326776568e-01 1.697465722602215621e+01 -6.631149158805839383e-03 9.972925556786591539e-01 7.323650862794237049e-02 7.291610854607960546e-01 -9.850660072180590365e-01 -1.911557339893597829e-02 1.711127488272316810e-01 7.874842197437090796e+00
1.548881477846461574e-01 -7.010882424410083691e-02 9.854412198774612497e-01 1.780161961210218280e+01 -7.752580316052247109e-03 9.973618221121377525e-01 7.217543378869087367e-02 7.784593854452804829e-01 -9.879016025331271988e-01 -1.881883057988257071e-02 1.539359996312509304e-01 7.953075671344508102e+00
1.348974686048446670e-01 -6.854972020385578790e-02 9.884855042366391675e-01 1.862901489775132546e+01 -9.899183904233176817e-03 9.974610269661680073e-01 7.052308699428144756e-02 8.046586111970774891e-01 -9.908101212181115169e-01 -1.929858482847725959e-02 1.338763799025385615e-01 8.096231967674503593e+00
1.100797054306213024e-01 -6.699996114700931815e-02 9.916619619485714798e-01 1.947171067622639740e+01 -1.423748856553972049e-02 9.975167217733246217e-01 6.897596443899658980e-02 8.530264720373006426e-01 -9.938207935179235175e-01 -2.171162883084503531e-02 1.088524343296467245e-01 8.188194445351783202e+00
8.006048217716771331e-02 -6.656631478368946198e-02 9.945648434878865407e-01 2.031453145275365557e+01 -1.901284508048987215e-02 9.974841787256187864e-01 6.829220228571279694e-02 9.065416048414399741e-01 -9.966086735671777497e-01 -2.437701309419715301e-02 7.859344789396273401e-02 8.258259191007146782e+00
4.720585484140327887e-02 -6.664700429784412017e-02 9.966593033415080960e-01 2.110572486824339578e+01 -2.173434940148880057e-02 9.974668947334334179e-01 6.773043593869154666e-02 9.449014731774318943e-01 -9.986487083382438179e-01 -2.485901381788131748e-02 4.563774677266345392e-02 8.291197880339169046e+00
1.199187880717298912e-02 -6.563839025682202677e-02 9.977714063483597018e-01 2.196970805804927451e+01 -2.386864049622987316e-02 9.975400516418608809e-01 6.591003993272601114e-02 9.686729677245098369e-01 -9.996431864280612700e-01 -2.460583135788713127e-02 1.039567887184529929e-02 8.296296675709248447e+00
-2.189877705991503595e-02 -6.475466448789256313e-02 9.976608941431752697e-01 2.281786835394022361e+01 -2.507434298146039159e-02 9.976218787384167896e-01 6.420174751714506634e-02 1.010384851188085742e+00 -9.994457154661842146e-01 -2.360975082256951477e-02 -2.347038117262685575e-02 8.244919315674728466e+00
-5.408712628258733474e-02 -6.296296225483048736e-02 9.965491612850687630e-01 2.363411746199201247e+01 -2.740784832983744063e-02 9.977276295805985740e-01 6.154987431347308524e-02 1.038936077308249439e+00 -9.981600121275446824e-01 -2.398421158291382665e-02 -5.568990100820835759e-02 8.191219305394080052e+00
-8.607079094033624755e-02 -5.983526753399354831e-02 9.944905944427502309e-01 2.445692887590578124e+01 -2.919427638935743335e-02 9.979177047056725369e-01 5.751477094678808522e-02 1.079914723725218018e+00 -9.958612002895853577e-01 -2.408309059834232851e-02 -8.763841486453342877e-02 8.132321677479968258e+00
-1.191004794804149947e-01 -5.570524955346706913e-02 9.913183059706318634e-01 2.529998411481128784e+01 -2.608655804011784929e-02 9.982557930987225880e-01 5.296095778338463095e-02 1.121509585388969166e+00 -9.925394622811709588e-01 -1.955240616375384863e-02 -1.203459032131043299e-01 8.027064265984272140e+00
-1.502716992137374807e-01 -5.004953884709903433e-02 9.873770520747566781e-01 2.614551488853085459e+01 -2.184375892207540693e-02 9.986420429406828170e-01 4.729609159019497466e-02 1.125605902414803738e+00 -9.884034011137041720e-01 -1.446076130356538716e-02 -1.511609081405008159e-01 7.895152985011483437e+00
-1.817188320126153778e-01 -4.409775952132326260e-02 9.823612557076450980e-01 2.703488177271595561e+01 -1.563524940077689468e-02 9.989972686520358636e-01 4.195230871980232951e-02 1.140736743003490483e+00 -9.832262311221310336e-01 -7.735937699993590891e-03 -1.822260976862741799e-01 7.745054685640756276e+00
-2.117916193371294498e-01 -3.827274924426452701e-02 9.765651487850072199e-01 2.779810455159264393e+01 -1.033656191652038842e-02 9.992647405335658428e-01 3.692064210283298176e-02 1.164999439571352102e+00 -9.772601914122377442e-01 -2.274842510400436335e-03 -2.120315075541261696e-01 7.511624745177821971e+00
-2.398944777588125632e-01 -3.205984861049771678e-02 9.702694414462115224e-01 2.858171332488409533e+01 -1.291518381716082534e-03 9.994642078080882008e-01 3.270518730193305856e-02 1.193335423071568702e+00 -9.707981188245704551e-01 6.592674120663322840e-03 -2.398073514147079921e-01 7.258253849948606451e+00
-2.660522763813922831e-01 -2.170251887382462427e-02 9.637142576798899407e-01 2.946287852880171698e+01 4.823380850234619197e-03 9.997040415369974342e-01 2.384458665930236018e-02 1.194768848215362445e+00 -9.639465425816091670e-01 1.099226859697016549e-02 -2.658688577968058020e-01 7.071415772617871909e+00
-2.917728387095532283e-01 -6.799297238774956557e-03 9.564634671087991480e-01 3.020079253770471439e+01 8.976192210224573018e-03 9.999112344276439579e-01 9.846381060953693018e-03 1.200159856535824687e+00 -9.564455311236295110e-01 1.145830760691183767e-02 -2.916859088709290448e-01 6.794124432324497143e+00
-3.161915908932848018e-01 9.501595168639931713e-03 9.486477647351920783e-01 3.096975131004249349e+01 1.027489873075380401e-02 9.999254931930722234e-01 -6.590485672697370990e-03 1.166124319815464716e+00 -9.486397205778441810e-01 7.663404644157321630e-03 -3.162656617292811112e-01 6.495493178620908914e+00
-3.409265705296724014e-01 2.408105415814649000e-02 9.397814429966975247e-01 3.176607677853252909e+01 8.513318148625383455e-03 9.997099581177734118e-01 -2.252827199109950010e-02 1.132179796485602852e+00 -9.400513878323782935e-01 3.201729013870852764e-04 -3.410326985431786917e-01 6.238572556450560747e+00
-3.650972559559114150e-01 3.503603316569423726e-02 9.303098702140558673e-01 3.254457562971970930e+01 1.272012883481676154e-02 9.993860461248066374e-01 -3.264550670045253400e-02 1.105972952076114124e+00 -9.308824880364620080e-01 -8.512253071315915853e-05 -3.653187672467784197e-01 5.924206758467516210e+00
-3.904758593910364617e-01 4.000231164718267424e-02 9.197436616538136045e-01 3.331178172866549403e+01 1.684934179199527871e-02 9.991987140426908942e-01 -3.630467604073134985e-02 1.057364306871921844e+00 -9.204589708760066991e-01 1.320976721253485503e-03 -3.908369904857013077e-01 5.633988210263607854e+00
-4.123794245697960381e-01 3.941987384276931378e-02 9.101589250658643770e-01 3.407143992096695939e+01 1.882296086197456086e-02 9.992188054488465587e-01 -3.474874019491035193e-02 1.023282884171699658e+00 -9.108177205992337155e-01 2.802221327949043495e-03 -4.127992760353832447e-01 5.232803336712901654e+00
-4.326718984363480680e-01 3.596119612597979687e-02 9.008339503425244477e-01 3.481204662621667012e+01 2.261788090675867849e-02 9.993226318091641414e-01 -2.902945016808547093e-02 9.749718697706096782e-01 -9.012677034408483889e-01 7.814728722000757744e-03 -4.331921875757360763e-01 4.880284007236201482e+00
-4.513958996162159565e-01 3.490844017236702235e-02 8.916406946164745495e-01 3.555330386306172841e+01 2.930365805724573919e-02 9.992754474760467964e-01 -2.428735571211080441e-02 9.571755540829006703e-01 -8.918425032581632772e-01 1.516512233673405693e-02 -4.520917858283868274e-01 4.489347490296090371e+00
-4.657317166406661491e-01 3.552135305256703957e-02 8.842127501288108427e-01 3.626104486053065301e+01 3.294077750902539570e-02 9.991974366503617588e-01 -2.279007931797426972e-02 9.109247115327678834e-01 -8.843126631618420941e-01 1.851259382711377410e-02 -4.665280396679592489e-01 4.114727664977094967e+00
-4.765605530082525076e-01 3.862769228907884933e-02 8.782926202440872743e-01 3.695964905253833166e+01 3.548710988352851703e-02 9.990652442218722618e-01 -2.468405888399866424e-02 8.537133126880722678e-01 -8.784251345981678449e-01 1.940461909157058934e-02 -4.774858716766212097e-01 3.701513366594759713e+00
-4.860382824115050404e-01 4.125491682299845669e-02 8.729632329561101134e-01 3.766158090588947971e+01 3.704207875713139836e-02 9.989600076351973224e-01 -2.658547511743865333e-02 8.174723503044152295e-01 -8.731521545570888332e-01 1.941481527775634069e-02 -4.870609754177397388e-01 3.277870813430759256e+00
-4.968074650134233772e-01 4.052816735779167512e-02 8.669139500298846945e-01 3.837277042972120711e+01 3.137001608005526160e-02 9.990948387645446349e-01 -2.873021392840391375e-02 7.645053937322137116e-01 -8.672936510725031134e-01 1.292172085162736177e-02 -4.976291446383669936e-01 2.929937746418613376e+00
-5.079329558888655560e-01 3.956138527846013442e-02 8.604876499402791534e-01 3.906906683651107670e+01 2.951883343008175620e-02 9.991574892497401272e-01 -2.851227979178558997e-02 7.438698377286037111e-01 -8.608906800445108587e-01 1.091826608119679694e-02 -5.086728240682240054e-01 2.503928066437288269e+00
-5.165838933660648058e-01 4.074460461204994915e-02 8.552665929649811982e-01 3.977658733346257947e+01 3.199577850946759561e-02 9.990881043828613306e-01 -2.827065235761817841e-02 7.096949165562439488e-01 -8.556385704841387163e-01 1.276075785205306803e-02 -5.174164793280653374e-01 2.096272075930895706e+00
-5.240490712239502802e-01 4.383373005231283592e-02 8.505593229902501662e-01 4.042451885620146612e+01 3.559076061305841560e-02 9.989294235228098895e-01 -2.955172618614602259e-02 6.712373812143864749e-01 -8.509441113194846640e-01 1.478549964361477662e-02 -5.250481136078428701e-01 1.648578597923778144e+00
-5.280590161461489185e-01 4.653048585971010509e-02 8.479319408384077272e-01 4.110317545439729514e+01 3.590342407326731211e-02 9.988282290393765139e-01 -3.245170185823128411e-02 6.289385018097499724e-01 -8.484483669680685791e-01 1.330724733707018201e-02 -5.291108568876111695e-01 1.198577515083915968e+00
-5.277892870353736443e-01 4.790248360817866285e-02 8.480234710749535720e-01 4.185110592376416605e+01 3.515520152282588379e-02 9.987848523429952996e-01 -3.453882562749321927e-02 5.793578091810192010e-01 -8.486475075714661198e-01 1.158321488750043565e-02 -5.288319677806935237e-01 8.043957269318492420e-01
-5.247970856696484443e-01 4.884176532823653744e-02 8.498249747568108470e-01 4.256316706928949145e+01 3.744766232929641614e-02 9.987106730930610521e-01 -3.427337119202617660e-02 5.379375144037507050e-01 -8.504032592377666067e-01 1.383739441616579913e-02 -5.259494618008605515e-01 3.404805384505640298e-01
-5.188890376400396853e-01 4.773789656365377138e-02 8.535076136930526136e-01 4.331437584828280052e+01 3.607124908246606837e-02 9.987729447130959670e-01 -3.393331456688648828e-02 4.961252233397045464e-01 -8.540802325215985924e-01 1.317946182538231974e-02 -5.199742988646409714e-01 -1.202318359995092900e-01
-5.116289706397733061e-01 4.660246949948637640e-02 8.579417188220914703e-01 4.406833705555589376e+01 3.416939168058674009e-02 9.988416530980501751e-01 -3.387926578023620072e-02 4.690381070059219115e-01 -8.585267970137379079e-01 1.198173378313954242e-02 -5.126287060503323945e-01 -5.464014531438126099e-01
-5.040959300709635382e-01 4.588436660653488763e-02 8.624279127645098075e-01 4.484600615073289731e+01 3.226378193504143843e-02 9.988911348901535758e-01 -3.428627942454892663e-02 4.161427854446460572e-01 -8.630448157075285565e-01 1.054161321835446648e-02 -5.050173600967635679e-01 -1.029321620173803575e+00
-4.987266904306213444e-01 4.478768388138670842e-02 8.656013736483089138e-01 4.566067661540240863e+01 2.958712427353262647e-02 9.989617627472336947e-01 -3.464099584876897259e-02 3.757293613817008771e-01 -8.662541790318325496e-01 8.334267204896791612e-03 -4.995340337911270967e-01 -1.438098471954256441e+00
-4.935172494071933258e-01 4.253560070168207335e-02 8.686952478046925386e-01 4.649748974233782661e+01 2.538157309853682903e-02 9.990823284728350684e-01 -3.450038599399345846e-02 3.239321509858784642e-01 -8.693655806080980986e-01 5.022317311031834070e-03 -4.941439843622786321e-01 -1.904961371229935585e+00
-4.916108915568045412e-01 3.967654139909150557e-02 8.699106216605541064e-01 4.731087137181585689e+01 2.100246384652758314e-02 9.992111288830776150e-01 -3.370484221862657392e-02 2.935190335209866275e-01 -8.705616809378348142e-01 1.700599798402343057e-03 -4.920563802757716987e-01 -2.385417007703326764e+00
-4.919896902180620479e-01 3.721520235562410933e-02 8.698052424237554536e-01 4.817220107458984302e+01 1.804654038643144914e-02 9.993072243411627031e-01 -3.254832906923342539e-02 2.466993760899867105e-01 -8.704139702457062144e-01 -3.164659669198030545e-04 -4.923204586138597016e-01 -2.841641039907062183e+00
-4.932287037713302125e-01 3.598392617034177482e-02 8.691551007541401530e-01 4.904138184373838527e+01 1.677156061745359306e-02 9.993517237082499838e-01 -3.185666403904103411e-02 2.031032668276336051e-01 -8.697379910121026958e-01 -1.135532726108756316e-03 -4.935124631194738876e-01 -3.318700769422185282e+00
-4.940752006580327316e-01 3.542192921928221522e-02 8.686972829309771438e-01 4.992741940465512585e+01 1.662503413416882223e-02 9.993719262214192378e-01 -3.129474858307837448e-02 1.554970292393993425e-01 -8.692602123639560086e-01 -1.019836277554243137e-03 -4.943537769857066499e-01 -3.802807393720029960e+00
-4.939626548421389152e-01 3.507317108406974443e-02 8.687754339503600542e-01 5.078480574529910996e+01 1.631077039926029371e-02 9.993840527697688270e-01 -3.107207439810473135e-02 1.088930117854695623e-01 -8.693301253591836364e-01 -1.178046803428731831e-03 -4.942304715773268575e-01 -4.328478471057853660e+00
-4.941801644086090128e-01 3.437640069449189595e-02 8.686795810465320899e-01 5.167963448647680735e+01 1.723829598298449312e-02 9.994089187637936744e-01 -2.974313727444050093e-02 7.054118135007901580e-02 -8.691885978993342254e-01 2.760882039255299625e-04 -4.944806555795189240e-01 -4.804193748934613595e+00
-4.942954693829679780e-01 3.379777990693408340e-02 8.686366820303665914e-01 5.258727777101969991e+01 1.618891038890737238e-02 9.994285083329096375e-01 -2.967449884222668130e-02 1.202866905063765257e-02 -8.691432106326357765e-01 -6.056879959635292493e-04 -4.945601340946263469e-01 -5.325224148919908806e+00
-4.946680084714286108e-01 3.249642883681955891e-02 8.684742539994889654e-01 5.348595959352471141e+01 1.483763215993878781e-02 9.994708244083709836e-01 -2.894677530343953142e-02 -2.838795827369511304e-02 -8.689553604891714356e-01 -1.432941244573044184e-03 -4.948884135158025943e-01 -5.810759709827672204e+00
-4.954988886899053258e-01 3.145625628980663890e-02 8.680387903842299302e-01 5.442583133853148780e+01 1.423017019806202890e-02 9.995038966743450271e-01 -2.809737999089074664e-02 -8.069462816377752368e-02 -8.684920068746428967e-01 -1.569879910537188769e-03 -4.957006991462552525e-01 -6.303806796491357112e+00
-4.946389924491554901e-01 3.073425171536257536e-02 8.685549258796196881e-01 5.532441041091931311e+01 1.307824866041603848e-02 9.995245850502679774e-01 -2.792066022609475048e-02 -1.399450399156517699e-01 -8.690001375257746519e-01 -2.451469029725482016e-03 -4.948057850864474583e-01 -6.827198180572576547e+00
-4.930121660259724203e-01 2.962272752153007407e-02 8.695179609909768903e-01 5.622394146941083193e+01 1.311346992542112254e-02 9.995596700956126401e-01 -2.661771591635227197e-02 -1.703512834707660850e-01 -8.699235906359852333e-01 -1.720459222187433954e-03 -4.931835359964686916e-01 -7.278036205827465466e+00
-4.914383552872489402e-01 2.717975433447254729e-02 8.704881332904590430e-01 5.709692577416599590e+01 1.369825334140929024e-02 9.996304877810349154e-01 -2.347862282270726797e-02 -2.170561857681825302e-01 -8.708046355661323012e-01 3.858721431641148891e-04 -4.916290791958862205e-01 -7.811872267463974673e+00
-4.882401710882142698e-01 2.585084020587746778e-02 8.723263469801016967e-01 5.800321521686687731e+01 1.375269641418535617e-02 9.996649773782347870e-01 -2.192706821667984168e-02 -2.686129590833411518e-01 -8.726009461658452704e-01 1.291164844182478288e-03 -4.884321195710852326e-01 -8.291766630427600759e+00
-4.857646363850809945e-01 2.553000978298155393e-02 8.737167291732635954e-01 5.889753706856016180e+01 1.333715305306460916e-02 9.996734883838822583e-01 -2.179534233323822401e-02 -3.213221916122123711e-01 -8.739879009477170557e-01 1.065488155431301362e-03 -4.859465274660732526e-01 -8.807199530311361713e+00
-4.838555160785171783e-01 2.562571876041560420e-02 8.747726266105209092e-01 5.981058072737053521e+01 1.415236812719471160e-02 9.996696101809889878e-01 -2.145648928144920295e-02 -3.717816136291608453e-01 -8.750334637522813042e-01 1.998264510968699240e-03 -4.840583209786412100e-01 -9.317553330439846349e+00
-4.825035423034247373e-01 2.564612509431671294e-02 8.755184715809540830e-01 6.065708192907148799e+01 1.340485667663066267e-02 9.996703974909915136e-01 -2.189534594685122945e-02 -4.215646425500624295e-01 -8.757914444412290278e-01 1.171618609008545989e-03 -4.826882917885787494e-01 -9.807920589623090990e+00
-4.834686093102034121e-01 2.746131117547719047e-02 8.749308351892256530e-01 6.154211627065434698e+01 1.329506259031776674e-02 9.996228669853083337e-01 -2.402842248118948476e-02 -4.545326259300781491e-01 -8.752607370263221220e-01 1.527316188195022850e-05 -4.836513784183756881e-01 -1.028511245490528658e+01
-4.863220146528122734e-01 2.876902960251257260e-02 8.733059184568592315e-01 6.244724929931986424e+01 1.204938564802896482e-02 9.995836026862118251e-01 -2.621895352609561122e-02 -5.024882488873616548e-01 -8.736965851931890459e-01 -2.228053576656745596e-03 -4.864661618338502191e-01 -1.075194550308261299e+01
-4.904081540638196013e-01 2.912243733896321268e-02 8.710061494326700737e-01 6.335981902258170351e+01 1.046838534505634653e-02 9.995662496871557945e-01 -2.752681192166167232e-02 -5.627615018331340035e-01 -8.714300131818377704e-01 -4.381344109252385474e-03 -4.905003054957047248e-01 -1.125737111735289275e+01
-4.957690089947321965e-01 2.796113483096382413e-02 8.680041768468825802e-01 6.425369593775040755e+01 1.065054244595431063e-02 9.996021509118485637e-01 -2.611715562743381625e-02 -6.002938104440913580e-01 -8.683891225181171736e-01 -3.703360127262241702e-03 -4.958695702214844792e-01 -1.173934699859935193e+01
-5.015893515453864193e-01 2.602844119912404303e-02 8.647141892688969822e-01 6.510039327439514523e+01 1.400949420853058597e-02 9.996606005216708279e-01 -2.196401174893412162e-02 -6.603660712512325892e-01 -8.649924096894044956e-01 1.097294966216350379e-03 -5.017837588943057092e-01 -1.224496089689541201e+01
-5.067738358731467274e-01 2.378263270937828328e-02 8.617509223654146178e-01 6.600677395488627042e+01 1.152062159514351258e-02 9.997169605138443993e-01 -2.081523766012835508e-02 -6.923244533948006429e-01 -8.620020689029787020e-01 -6.207106141288883799e-04 -5.069043907914763114e-01 -1.275213908650126271e+01
-5.108216135291787641e-01 2.541239003239685948e-02 8.593110474074261429e-01 6.681421950954123190e+01 1.165147200089240026e-02 9.996758494489684788e-01 -2.263712013323988109e-02 -7.426145081075862242e-01 -8.596077794654013449e-01 -1.551290701013370923e-03 -5.109521233817636565e-01 -1.326817196588138259e+01
-5.158204614311824310e-01 2.784249732442026226e-02 8.562441436951233609e-01 6.766874372359417578e+01 1.225864589661414608e-02 9.996092938047188570e-01 -2.511942112410307099e-02 -7.770582361922110382e-01 -8.566090060475887169e-01 -2.460716726653213240e-03 -5.159602397018835385e-01 -1.378193436912943959e+01
-5.216255831599097004e-01 2.853776555995353459e-02 8.526970937745629309e-01 6.847923476973281254e+01 1.095602765966474136e-02 9.995820750535412413e-01 -2.675146106150391029e-02 -8.304872152108788708e-01 -8.531041720775310866e-01 -4.612072644919387038e-03 -5.217202445648672082e-01 -1.426626813064488530e+01
-5.259477786144222122e-01 2.903344212249758804e-02 8.500211646111117680e-01 6.937720038584480164e+01 1.051394005392329578e-02 9.995627659088834882e-01 -2.763573869034999242e-02 -8.787804419326251670e-01 -8.504518817188185809e-01 -5.597882929725258791e-03 -5.260230733817992110e-01 -1.476438444446291243e+01
-5.286595947112635585e-01 2.759017193791380232e-02 8.483854090303893924e-01 7.015854267486621154e+01 9.531948845452367994e-03 9.996015585938645698e-01 -2.656813862084293071e-02 -9.417918795196719151e-01 -8.487804113577686049e-01 -5.958734203438594348e-03 -5.287119441403567155e-01 -1.530825972286217329e+01
-5.309469804494254541e-01 2.194929512726976825e-02 8.471207230092765439e-01 7.099372887325823456e+01 1.210376939087503753e-02 9.997589460705583742e-01 -1.831798290410042648e-02 -9.776292403945193721e-01 -8.473186027137405985e-01 5.274771011497588619e-04 -5.310846639917027323e-01 -1.580510299679528963e+01
-5.345109017033842225e-01 1.428582658592510157e-02 8.450408263096834682e-01 7.181494240538937390e+01 1.298672930689844310e-02 9.998779158846734516e-01 -8.688968083065629067e-03 -1.005942676886603548e+00 -8.450618039759795197e-01 6.329969291088349131e-03 -5.346311737638934636e-01 -1.634345759648119412e+01
-5.350245382173397513e-01 1.176266298107278910e-02 8.447546213443025698e-01 7.265657394021997106e+01 1.444803284218180821e-02 9.998842340233213832e-01 -4.772093277401419364e-03 -1.002375885565790270e+00 -8.447129746590621435e-01 9.651856534206488397e-03 -5.351325491079588215e-01 -1.685305837549537955e+01
-5.362484679922855380e-01 1.572733582240913239e-02 8.439136321494278281e-01 7.347066855655526751e+01 1.268617467230764156e-02 9.998636326608156821e-01 -1.057246581196469651e-02 -1.071437528908966819e+00 -8.439648412297969804e-01 5.036568128967940441e-03 -5.363748621317168119e-01 -1.735793490114086879e+01
-5.373125828709861551e-01 2.053958573958540243e-02 8.431330267369536724e-01 7.424394035198652375e+01 1.256700055494096302e-02 9.997873982145605298e-01 -1.634713574725809443e-02 -1.129033628959893454e+00 -8.432895531483239893e-01 1.812132428203244716e-03 -5.374564714279422839e-01 -1.789324881559119618e+01
-5.383517848856453902e-01 2.582390797922250875e-02 8.423244437750453395e-01 7.506306463514987115e+01 1.960873564161701166e-02 9.996436172500077211e-01 -1.811452304104351277e-02 -1.128422849158024821e+00 -8.424920562415791903e-01 6.764932516355562017e-03 -5.386663009664877100e-01 -1.837668492029582623e+01
-5.372383706282652938e-01 2.686386138383336369e-02 8.430025226245898562e-01 7.582326055169124857e+01 2.271143662072625663e-02 9.995909787738346264e-01 -1.738003921445786110e-02 -1.172919526411908109e+00 -8.431246262690166304e-01 9.808575427780224371e-03 -5.376287468031429873e-01 -1.890006190357773619e+01
-5.375295433549979185e-01 2.368551547123311576e-02 8.429121979504725637e-01 7.663311580671904721e+01 2.197658009225402637e-02 9.996593975070696692e-01 -1.407547040874854508e-02 -1.214126201500116409e+00 -8.429584993304765073e-01 1.095834727346271624e-02 -5.378669872666488327e-01 -1.942183906695185769e+01
-5.363778342098389773e-01 1.896946673098438493e-02 8.437647571154717197e-01 7.742273451316722799e+01 2.021559324900614601e-02 9.997493099713721243e-01 -9.625329510050855894e-03 -1.234317559824084309e+00 -8.437358356905358958e-01 1.189439276983588270e-02 -5.366268498459458858e-01 -1.990892506505486637e+01
-5.355720824697099980e-01 1.342912958550718239e-02 8.443827271959133407e-01 7.826307455083306763e+01 1.900407761000679971e-02 9.998120041692143412e-01 -3.847248585261384655e-03 -1.262513731989565180e+00 -8.442756665930208904e-01 1.398623700542046648e-02 -5.357266065595597260e-01 -2.042277304950622252e+01
-5.351654390371231029e-01 6.562236670696781037e-03 8.447217748614571642e-01 7.907937356789949490e+01 9.837374798280255558e-03 9.999504325172517971e-01 -1.535756654859186075e-03 -1.296280150329182979e+00 -8.446899967597450987e-01 7.487961822396534128e-03 -5.352034686022644205e-01 -2.093834232276421403e+01
-5.344394576889763826e-01 8.116921814679150561e-04 8.452063619128254990e-01 7.983343277740183908e+01 8.726751849719577292e-04 9.999995357667313955e-01 -4.085374137843423431e-04 -1.318143067640366262e+00 -8.452063157815999928e-01 5.192530520137204897e-04 -5.344399191150390749e-01 -2.140318067837271698e+01
-5.325143393210012288e-01 2.350616839139221034e-03 8.464177101065933906e-01 8.062720764050807531e+01 5.331914097795195651e-03 9.999856185304871747e-01 5.774205545493798705e-04 -1.325263927141071996e+00 -8.464041947409384203e-01 4.820512233273561813e-03 -5.325192154583832105e-01 -2.189794153609664207e+01
-5.296766664742217356e-01 4.724418398888662746e-03 8.481864746502132402e-01 8.142628996905071403e+01 9.099081106267663255e-03 9.999585961776381593e-01 1.124156687830335510e-04 -1.347749972317619394e+00 -8.481508400813435600e-01 7.777262496622755136e-03 -5.296977248936883820e-01 -2.240072127513334266e+01
-5.242766336531508031e-01 7.067029163258442201e-03 8.515186758536907874e-01 8.226727494081710290e+01 9.675353181205196065e-03 9.999504504392732196e-01 -2.341834832232996162e-03 -1.385351361331946585e+00 -8.514930480414323322e-01 7.010975654540571936e-03 -5.243190331760974043e-01 -2.289207859021690084e+01
-5.163540821749424969e-01 9.174084778624396613e-03 8.563260387716339350e-01 8.304212425006717524e+01 1.486312017770697810e-02 9.998880065962927333e-01 -1.749828012310311771e-03 -1.388331009198826793e+00 -8.562462038096607664e-01 1.182414704229936553e-02 -5.164326106522511006e-01 -2.338016791879002554e+01
-5.085570078093121227e-01 1.195320748011441045e-02 8.609453392624678569e-01 8.382239191129953326e+01 2.314578781020539683e-02 9.997320787173573642e-01 -2.079703974304384154e-04 -1.408312586423966284e+00 -8.607171745154426068e-01 1.982149446457810715e-02 -5.086974221784351657e-01 -2.389546901822643221e+01
-4.981109592649967110e-01 1.243282142225276415e-02 8.670241539870100489e-01 8.465213108615786552e+01 2.277095625943544727e-02 9.997399218583492564e-01 -1.253856446467656489e-03 -1.415381596879472070e+00 -8.668142639537769201e-01 1.911841057558128984e-02 -4.982645199447140461e-01 -2.432807503331019916e+01
-4.870467351478342533e-01 9.845894426638142349e-03 8.733204007395307666e-01 8.547159780175910271e+01 1.903655296496808980e-02 9.998185735458453571e-01 -6.554477884651082817e-04 -1.458452881156414582e+00 -8.731684259175989116e-01 1.630577746591689928e-02 -4.871458051044840198e-01 -2.478001803816546200e+01
-4.754526069404548805e-01 6.239552402335060872e-03 8.797192009703348470e-01 8.625688274115000809e+01 1.914537220782488308e-02 9.998114088790847065e-01 3.255973756866513587e-03 -1.491628761305680451e+00 -8.795329931653151911e-01 1.839061388541689962e-02 -4.754824005903673934e-01 -2.519720174437436810e+01
-4.640858849594060032e-01 5.144655350295616013e-03 8.857752591619973970e-01 8.713964657665518132e+01 1.922716983821713688e-02 9.998060364670801059e-01 4.266772841514482502e-03 -1.509854626180480830e+00 -8.855815153369687165e-01 1.901110154098032551e-02 -4.640947876290631990e-01 -2.560931056936570371e+01
-4.508900483696427486e-01 4.127519040708390284e-03 8.925699488055250930e-01 8.798068400961280133e+01 1.848638117900326672e-02 9.998179941811388138e-01 4.715102332829284627e-03 -1.523885576044519352e+00 -8.923880496733493928e-01 1.862638216805370672e-02 -4.508842879022482153e-01 -2.603060139248191973e+01
-4.396363052436843555e-01 5.801609881397832430e-03 8.981571387656014371e-01 8.878725949725034639e+01 2.251764065529386627e-02 9.997360264669754581e-01 4.564340565373234404e-03 -1.527749746406216413e+00 -8.978935840943027547e-01 2.223103070719670282e-02 -4.396508927244236475e-01 -2.643629391810590690e+01
